"export-world data (NetLogo 6.2.2)"
"cog-cascades-trust.nlogo"
"02/24/2023 16:55:13:028 -0500"

"RANDOM STATE"
"0 0 -1727483681 424 0.0 false -883860440 -1617351309 2132405385 1766264936 -1304848346 -99627101 1319926793 1049256147 2011675368 104315290 1077758164 283334028 -1324081762 1498059519 1315150907 -609400135 2098123075 110998864 -1305686360 -342992839 -1836571132 -1764730469 -618675933 -2113498788 1202424904 2090415308 273219682 -448732628 887140997 -181074328 216866601 296520424 738305645 800283205 2115626731 1595102855 344669829 -1929263292 207752862 -1004743484 -1570520813 -1743531632 -381153411 1994087923 -1468066649 1419203572 1620591045 -401919477 1545134542 1983024538 -221388690 -1022155430 487912447 735564149 -1149914168 18371007 -911953989 -830726000 -2073886116 -698874659 -114009850 778046463 345119234 -1746993752 -1576969231 476180385 546473186 1804196549 727772342 -2096738656 -1246061711 -1624774101 393965235 1472451894 -337394752 1609038571 -14637241 523612088 -1456095474 -1700289058 -1170978804 -868437924 -2133838579 2042013976 1344163254 -937262282 -1291991645 -1788590297 -1285838011 566501410 1193360306 -1603861024 -59560518 122577315 -31493181 1283134915 817818050 -2012664701 2032440732 277629389 -2044011954 -1161054713 -1763592790 398621529 1843773671 -1989070947 1445644195 64552986 613876544 -2068987049 -58044516 557238078 -327725928 -1885082008 -838181946 -121741966 608198714 -548143410 49954103 1459899473 1738590666 1664840300 -484493345 909343822 1185627773 279324464 -728162197 -54145206 1010276975 1588560887 2120583482 -1548945240 255055605 66810224 -1018306373 -681354180 764074417 -519728807 -1108283408 -380433677 502170571 -1382021146 877199358 -679376039 1894127485 -1364174680 2105325963 1138692919 1153261237 923765925 -908316503 -305984110 -2091473341 634654787 937050826 889683745 477899495 -912407270 969392062 -1381812184 668541654 -2060618486 1954782594 -1075992731 1684833432 -2058253774 -1586784836 1727550956 -517020123 1136987844 -829753734 -886849435 1076217623 1921433458 1900832780 -1984950015 -287436052 -953086493 -779465248 -1563566227 818036649 1380029727 726547555 1779225206 1479727533 -386130661 1041051792 -3202868 -971614278 -51806371 1881230839 -2076622581 -668895413 165767511 189121598 276938003 -1442437443 1362047800 2058472732 840989783 2071612410 941808343 -582230275 -1623403073 -1805598371 1585376787 -1026038133 97720709 1073643850 -20569030 -1436319153 -250063061 -885848508 247499740 -1898209605 -1702873312 -658525951 1273451738 -155730560 1881133925 1115464979 -1191280914 1155124032 971638720 93727545 -1872177315 241890761 -735710079 510426955 848866070 785350203 1211300474 -1748328386 58255602 -893462171 -1410052582 -687162831 -1092659618 2027219798 -1535717571 -1586155370 1514005368 97886330 -23736282 2080793372 1653688339 1414339493 -327571578 903177199 481541822 1384786366 -1033277014 897951897 661532119 550513926 -1444103570 -1328416935 -2131773285 633530408 565280904 -523034948 427794661 1921544233 373059575 -16713203 -2145304857 2065534976 1761293540 694510027 800627247 1466489672 -1697139044 -1369545342 289055508 615429162 335561192 -964588467 639193955 1560463485 538477278 -1461448382 2143224941 1972415983 1693450971 -1927503468 1618657487 1639792851 2145473954 -1370000965 2033294173 599140260 -1683067542 33033522 1182111128 45742719 1180468813 713434685 685546085 1350101496 570008369 756142569 1686936308 -1236326257 -1373896165 2068090233 348909264 376716006 640024979 -1045293534 798173148 -487474346 -43744243 368345759 1828207249 1618057625 1010373668 -1764130069 -750937750 1201749117 -553354039 -1686084627 1334484742 825042013 -16832427 -1076389890 1684557819 -939551412 -62877369 -655499932 1951809090 152364758 -1503481150 -1630981707 -2058904693 -1925225448 -2017720242 -243299874 -868599608 -414256202 585367160 24306852 1520514478 -2089138133 -1247213318 1413340777 -530650838 1208704132 -1869983472 -333533439 426528409 2110034281 264767797 406640602 -1338787728 -2019570810 -619219775 -301453678 603888305 1582020949 1174822014 1353576897 -352637734 1286622193 698262284 260317619 606678605 -98816477 -1754523302 1612421665 63814041 1674031299 1319972546 -1516999977 -856731517 392877010 -151099231 -951429039 454790628 -1765401932 1060785685 -1289941021 683724569 -638368137 2017295449 122491216 -1062947191 409440482 -1123251179 242364002 -1954958292 313880726 -244284649 -2085775803 -2115778588 -1108284936 -800920286 -1134015451 1600677139 1833151651 1117412498 1581403674 401321696 203028748 -1740257917 -2041224898 1758749065 1247478308 1411150429 -329280098 -1757578976 -366947953 -2061540297 -1157310393 1934000677 2025166435 310845864 -358844915 911936520 -103106346 -86992340 891477229 -835280102 -1240096363 -2052047353 1983849035 190935930 127910343 152070404 -1268154244 676629124 1783610869 -373820793 -184193568 97785079 1599542944 -72754983 -663015015 168971637 -115558704 -1204940843 2133006333 -1883005398 1338334376 590285937 738042321 859288860 34427159 -1951799065 -2111777108 -1070905276 -334386500 191546386 907587846 608210222 -636352935 -2135321455 -209611448 -749418831 -493575491 324063442 -938129116 1769575422 490379145 -189973491 960130548 556220347 697681431 -857127347 -639617438 246881780 247738229 670409034 -45020666 -401460688 576217310 1583846800 -436635908 2069341321 1712817794 -750490453 -821520858 2090093509 248773475 1784235496 -588537618 -965873581 253665390 -1534328627 -1851264956 574014590 -1375663519 204127592 27303527 -415086493 1466464202 -825782857 -1800640203 -1540227080 -1702864974 62112245 -1424354196 884367690 -2129351544 1608201503 2050624143 -1935982424 1145381368 -1088515392 -58362542 -2014179460 -1167768677 1821990742 -423636399 -1409052308 -217098272 -1702075105 -1111740387 -738961097 -1580372504 -1917756901 489054898 60498931 -1331506443 1329837727 1217097544 -336353101 -1335628781 -1043885689 -551383951 1109500086 -1605360363 -2140855991 1703779690 1946849301 1022470237 273163830 1125706423 248267251 2064307959 1942571760 -658606931 1379613843 -1966668246 1385056983 -1085693843 1354812878 796731851 1000190935 1168893783 434812319 603906751 -1250669349 -1403379179 742328164 -1457266708 -510468520 596826177 10185597 -780683526 -1971006115 -124613504 -155025812 -1700743068 1904316200 1342005716 761889791 57657875 -1269529928 -2122648712 1922666645 214620805 -380014164 80219442 1772298871 -346723370 -1884039208 -267402306 1269553837 -1427150715 -1595954308 -184665083 -2069002562 1357259710 -1196341929 -1706498680 -1799001219 961337268 1312320480 -230609932 -375881567 -759182876 -737067028 -1553152992 -653705183 1559545819 -1535514597 1189225518 1333752810 -536409875 -1916980131 1226972669 779965626 283989395 -57105508 1299771308 1336720556 1592554218 -444036823 -558446776 141765415 1805080780 -1893203093 -1793987678 -568503880 112038786 56092964 1508753006 -693775877 -863188651 778730593 -1479631641 1695213707 1605875151 -1715412431"

"GLOBALS"
"min-pxcor","max-pxcor","min-pycor","max-pycor","perspective","subject","nextIndex","directed-links","ticks","ba-m","behavior-rand","belief-resolution","beliefs-over-time","brain-type","cit-init-normal-mean","cit-init-normal-std","cit-memory-len","citizen-citizen-influence","citizen-citizen-trust?","citizen-init-dist","citizen-malleables","citizen-media-influence","citizen-media-trust?","citizen-priors","citizen-trust-fn","cits-hear-from-path?","cognitive-exponent","cognitive-exponent?","cognitive-fn","cognitive-scalar","cognitive-scalar?","cognitive-translate","cognitive-translate?","complex-spread-ratio","contagion-dir","contagion-on?","cur-message-id","epsilon","erdos-renyi-p","graph-homophily?","graph-type","institution-tactic","kronecker-k","kronecker-seed","load-graph-path","load-graph?","mag-g","mag-style","matrix-spread?","matrix-trust-conn?","media-agents?","media-citizen-influence","media-dist-normal-mean","media-dist-normal-std","media-ecosystem","media-ecosystem-dist","media-ecosystem-file","media-ecosystem-n","media-ecosystem-path","message-file","message-repeats","messages-data-path","messages-over-time","n","repetition","save-graph-path","selected-turtle","show-citizen-political?","show-media-connections?","show-social-friends?","sim-output-dir","simple-spread-chance","spread-type","threshold","tick-end","topics","watts-strogatz-k","watts-strogatz-p","zeta-cit","zeta-media"
"-16","16","-16","16","0","nobody","65","""NEITHER""","100","3","1924","7","[[0 [[[""A"" 3]] [[""A"" 3]] [[""A"" 2]] [[""A"" 0]] [[""A"" 4]] [[""A"" 2]] [[""A"" 3]] [[""A"" 2]] [[""A"" 1]] [[""A"" 2]] [[""A"" 2]] [[""A"" 3]] [[""A"" 6]] [[""A"" 3]] [[""A"" 2]] [[""A"" 6]] [[""A"" 2]] [[""A"" 6]] [[""A"" 5]] [[""A"" 5]] [[""A"" 3]] [[""A"" 5]] [[""A"" 3]] [[""A"" 0]] [[""A"" 1]] [[""A"" 5]] [[""A"" 2]] [[""A"" 6]] [[""A"" 4]] [[""A"" 1]] [[""A"" 2]] [[""A"" 0]] [[""A"" 1]] [[""A"" 4]] [[""A"" 4]] [[""A"" 0]] [[""A"" 4]] [[""A"" 0]] [[""A"" 3]] [[""A"" 4]] [[""A"" 1]] [[""A"" 0]] [[""A"" 2]] [[""A"" 6]] [[""A"" 6]] [[""A"" 2]] [[""A"" 2]] [[""A"" 4]] [[""A"" 2]] [[""A"" 6]]]] [1 [[[""A"" 1]] [[""A"" 1]] [[""A"" 1]] [[""A"" 5]] [[""A"" 1]] [[""A"" 3]] [[""A"" 1]] [[""A"" 4]] [[""A"" 1]] [[""A"" 1]] [[""A"" 5]] [[""A"" 4]] [[""A"" 1]] [[""A"" 4]] [[""A"" 4]] [[""A"" 4]] [[""A"" 4]] [[""A"" 4]] [[""A"" 4]] [[""A"" 1]] [[""A"" 4]] [[""A"" 0]] [[""A"" 1]] [[""A"" 1]] [[""A"" 1]] [[""A"" 4]] [[""A"" 4]] [[""A"" 1]] [[""A"" 5]] [[""A"" 1]] [[""A"" 4]] [[""A"" 1]] [[""A"" 4]] [[""A"" 4]] [[""A"" 1]] [[""A"" 1]] [[""A"" 1]] [[""A"" 4]] [[""A"" 1]] [[""A"" 4]] [[""A"" 1]] [[""A"" 1]] [[""A"" 1]] [[""A"" 4]] [[""A"" 5]] [[""A"" 4]] [[""A"" 4]] [[""A"" 1]] [[""A"" 1]] [[""A"" 4]]]] [2 [[[""A"" 5]] [[""A"" 1]] [[""A"" 3]] [[""A"" 3]] [[""A"" 3]] [[""A"" 3]] [[""A"" 3]] [[""A"" 5]] [[""A"" 3]] [[""A"" 3]] [[""A"" 3]] [[""A"" 1]] [[""A"" 5]] [[""A"" 5]] [[""A"" 3]] [[""A"" 5]] [[""A"" 5]] [[""A"" 5]] [[""A"" 3]] [[""A"" 1]] [[""A"" 3]] [[""A"" 3]] [[""A"" 1]] [[""A"" 5]] [[""A"" 5]] [[""A"" 3]] [[""A"" 3]] [[""A"" 3]] [[""A"" 5]] [[""A"" 5]] [[""A"" 3]] [[""A"" 3]] [[""A"" 1]] [[""A"" 3]] [[""A"" 5]] [[""A"" 3]] [[""A"" 3]] [[""A"" 3]] [[""A"" 5]] [[""A"" 5]] [[""A"" 3]] [[""A"" 5]] [[""A"" 5]] [[""A"" 3]] [[""A"" 5]] [[""A"" 3]] [[""A"" 5]] [[""A"" 5]] [[""A"" 3]] [[""A"" 1]]]] [3 [[[""A"" 4]] [[""A"" 1]] [[""A"" 4]] [[""A"" 1]] [[""A"" 4]] [[""A"" 4]] [[""A"" 1]] [[""A"" 1]] [[""A"" 4]] [[""A"" 4]] [[""A"" 1]] [[""A"" 1]] [[""A"" 1]] [[""A"" 4]] [[""A"" 4]] [[""A"" 1]] [[""A"" 1]] [[""A"" 4]] [[""A"" 4]] [[""A"" 1]] [[""A"" 4]] [[""A"" 1]] [[""A"" 4]] [[""A"" 4]] [[""A"" 1]] [[""A"" 4]] [[""A"" 1]] [[""A"" 1]] [[""A"" 4]] [[""A"" 4]] [[""A"" 1]] [[""A"" 4]] [[""A"" 1]] [[""A"" 4]] [[""A"" 1]] [[""A"" 1]] [[""A"" 4]] [[""A"" 4]] [[""A"" 4]] [[""A"" 1]] [[""A"" 1]] [[""A"" 4]] [[""A"" 4]] [[""A"" 4]] [[""A"" 4]] [[""A"" 4]] [[""A"" 4]] [[""A"" 4]] [[""A"" 4]] [[""A"" 1]]]] [4 [[[""A"" 2]] [[""A"" 0]] [[""A"" 5]] [[""A"" 5]] [[""A"" 0]] [[""A"" 5]] [[""A"" 5]] [[""A"" 0]] [[""A"" 2]] [[""A"" 5]] [[""A"" 2]] [[""A"" 2]] [[""A"" 0]] [[""A"" 5]] [[""A"" 2]] [[""A"" 2]] [[""A"" 0]] [[""A"" 2]] [[""A"" 5]] [[""A"" 5]] [[""A"" 2]] [[""A"" 5]] [[""A"" 2]] [[""A"" 2]] [[""A"" 0]] [[""A"" 2]] [[""A"" 5]] [[""A"" 2]] [[""A"" 2]] [[""A"" 2]] [[""A"" 5]] [[""A"" 5]] [[""A"" 2]] [[""A"" 5]] [[""A"" 5]] [[""A"" 0]] [[""A"" 5]] [[""A"" 5]] [[""A"" 5]] [[""A"" 5]] [[""A"" 5]] [[""A"" 5]] [[""A"" 2]] [[""A"" 2]] [[""A"" 2]] [[""A"" 5]] [[""A"" 5]] [[""A"" 2]] [[""A"" 2]] [[""A"" 2]]]] [5 [[[""A"" 4]] [[""A"" 0]] [[""A"" 4]] [[""A"" 4]] [[""A"" 0]] [[""A"" 0]] [[""A"" 4]] [[""A"" 0]] [[""A"" 0]] [[""A"" 0]] [[""A"" 4]] [[""A"" 0]] [[""A"" 0]] [[""A"" 4]] [[""A"" 5]] [[""A"" 4]] [[""A"" 0]] [[""A"" 0]] [[""A"" 0]] [[""A"" 4]] [[""A"" 0]] [[""A"" 4]] [[""A"" 0]] [[""A"" 4]] [[""A"" 4]] [[""A"" 4]] [[""A"" 0]] [[""A"" 4]] [[""A"" 4]] [[""A"" 0]] [[""A"" 4]] [[""A"" 4]] [[""A"" 4]] [[""A"" 4]] [[""A"" 4]] [[""A"" 4]] [[""A"" 0]] [[""A"" 0]] [[""A"" 0]] [[""A"" 4]] [[""A"" 0]] [[""A"" 0]] [[""A"" 0]] [[""A"" 0]] [[""A"" 0]] [[""A"" 0]] [[""A"" 0]] [[""A"" 0]] [[""A"" 4]] [[""A"" 4]]]] [6 [[[""A"" 5]] [[""A"" 5]] [[""A"" 1]] [[""A"" 5]] [[""A"" 5]] [[""A"" 5]] [[""A"" 5]] [[""A"" 5]] [[""A"" 5]] [[""A"" 1]] [[""A"" 1]] [[""A"" 3]] [[""A"" 3]] [[""A"" 5]] [[""A"" 5]] [[""A"" 5]] [[""A"" 5]] [[""A"" 3]] [[""A"" 1]] [[""A"" 5]] [[""A"" 5]] [[""A"" 3]] [[""A"" 5]] [[""A"" 5]] [[""A"" 1]] [[""A"" 3]] [[""A"" 5]] [[""A"" 5]] [[""A"" 5]] [[""A"" 5]] [[""A"" 5]] [[""A"" 5]] [[""A"" 5]] [[""A"" 5]] [[""A"" 5]] [[""A"" 3]] [[""A"" 5]] [[""A"" 5]] [[""A"" 5]] [[""A"" 5]] [[""A"" 5]] [[""A"" 3]] [[""A"" 1]] [[""A"" 1]] [[""A"" 5]] [[""A"" 1]] [[""A"" 5]] [[""A"" 1]] [[""A"" 1]] [[""A"" 1]]]] [7 [[[""A"" 5]] [[""A"" 6]] [[""A"" 1]] [[""A"" 6]] [[""A"" 6]] [[""A"" 6]] [[""A"" 6]] [[""A"" 6]] [[""A"" 6]] [[""A"" 6]] [[""A"" 6]] [[""A"" 1]] [[""A"" 6]] [[""A"" 6]] [[""A"" 6]] [[""A"" 6]] [[""A"" 6]] [[""A"" 6]] [[""A"" 6]] [[""A"" 6]] [[""A"" 6]] [[""A"" 6]] [[""A"" 6]] [[""A"" 6]] [[""A"" 6]] [[""A"" 6]] [[""A"" 6]] [[""A"" 6]] [[""A"" 6]] [[""A"" 6]] [[""A"" 6]] [[""A"" 6]] [[""A"" 6]] [[""A"" 6]] [[""A"" 6]] [[""A"" 6]] [[""A"" 6]] [[""A"" 6]] [[""A"" 6]] [[""A"" 5]] [[""A"" 6]] [[""A"" 6]] [[""A"" 6]] [[""A"" 6]] [[""A"" 6]] [[""A"" 6]] [[""A"" 6]] [[""A"" 6]] [[""A"" 6]] [[""A"" 6]]]] [8 [[[""A"" 5]] [[""A"" 5]] [[""A"" 2]] [[""A"" 5]] [[""A"" 5]] [[""A"" 5]] [[""A"" 5]] [[""A"" 5]] [[""A"" 5]] [[""A"" 5]] [[""A"" 5]] [[""A"" 5]] [[""A"" 5]] [[""A"" 5]] [[""A"" 5]] [[""A"" 5]] [[""A"" 5]] [[""A"" 5]] [[""A"" 5]] [[""A"" 5]] [[""A"" 5]] [[""A"" 5]] [[""A"" 5]] [[""A"" 5]] [[""A"" 5]] [[""A"" 5]] [[""A"" 5]] [[""A"" 5]] [[""A"" 5]] [[""A"" 5]] [[""A"" 5]] [[""A"" 5]] [[""A"" 5]] [[""A"" 5]] [[""A"" 5]] [[""A"" 5]] [[""A"" 5]] [[""A"" 5]] [[""A"" 5]] [[""A"" 5]] [[""A"" 5]] [[""A"" 5]] [[""A"" 5]] [[""A"" 5]] [[""A"" 5]] [[""A"" 5]] [[""A"" 5]] [[""A"" 5]] [[""A"" 5]] [[""A"" 5]]]] [9 [[[""A"" 5]] [[""A"" 5]] [[""A"" 3]] [[""A"" 5]] [[""A"" 5]] [[""A"" 5]] [[""A"" 3]] [[""A"" 5]] [[""A"" 5]] [[""A"" 3]] [[""A"" 5]] [[""A"" 3]] [[""A"" 3]] [[""A"" 5]] [[""A"" 3]] [[""A"" 3]] [[""A"" 5]] [[""A"" 3]] [[""A"" 3]] [[""A"" 5]] [[""A"" 5]] [[""A"" 5]] [[""A"" 3]] [[""A"" 3]] [[""A"" 3]] [[""A"" 3]] [[""A"" 3]] [[""A"" 5]] [[""A"" 3]] [[""A"" 5]] [[""A"" 3]] [[""A"" 3]] [[""A"" 5]] [[""A"" 5]] [[""A"" 5]] [[""A"" 3]] [[""A"" 3]] [[""A"" 5]] [[""A"" 5]] [[""A"" 5]] [[""A"" 3]] [[""A"" 3]] [[""A"" 5]] [[""A"" 3]] [[""A"" 3]] [[""A"" 3]] [[""A"" 5]] [[""A"" 5]] [[""A"" 5]] [[""A"" 3]]]] [10 [[[""A"" 5]] [[""A"" 2]] [[""A"" 5]] [[""A"" 5]] [[""A"" 5]] [[""A"" 5]] [[""A"" 2]] [[""A"" 5]] [[""A"" 5]] [[""A"" 5]] [[""A"" 5]] [[""A"" 2]] [[""A"" 5]] [[""A"" 5]] [[""A"" 2]] [[""A"" 5]] [[""A"" 5]] [[""A"" 5]] [[""A"" 5]] [[""A"" 5]] [[""A"" 5]] [[""A"" 2]] [[""A"" 5]] [[""A"" 5]] [[""A"" 2]] [[""A"" 5]] [[""A"" 1]] [[""A"" 2]] [[""A"" 5]] [[""A"" 5]] [[""A"" 5]] [[""A"" 2]] [[""A"" 5]] [[""A"" 5]] [[""A"" 5]] [[""A"" 5]] [[""A"" 5]] [[""A"" 5]] [[""A"" 5]] [[""A"" 2]] [[""A"" 2]] [[""A"" 5]] [[""A"" 5]] [[""A"" 2]] [[""A"" 5]] [[""A"" 5]] [[""A"" 5]] [[""A"" 2]] [[""A"" 5]] [[""A"" 5]]]] [11 [[[""A"" 5]] [[""A"" 5]] [[""A"" 1]] [[""A"" 1]] [[""A"" 5]] [[""A"" 3]] [[""A"" 3]] [[""A"" 5]] [[""A"" 5]] [[""A"" 5]] [[""A"" 5]] [[""A"" 5]] [[""A"" 5]] [[""A"" 5]] [[""A"" 1]] [[""A"" 1]] [[""A"" 5]] [[""A"" 3]] [[""A"" 3]] [[""A"" 5]] [[""A"" 5]] [[""A"" 3]] [[""A"" 3]] [[""A"" 3]] [[""A"" 5]] [[""A"" 5]] [[""A"" 3]] [[""A"" 1]] [[""A"" 5]] [[""A"" 5]] [[""A"" 1]] [[""A"" 3]] [[""A"" 3]] [[""A"" 5]] [[""A"" 3]] [[""A"" 5]] [[""A"" 5]] [[""A"" 5]] [[""A"" 5]] [[""A"" 1]] [[""A"" 5]] [[""A"" 1]] [[""A"" 5]] [[""A"" 1]] [[""A"" 5]] [[""A"" 5]] [[""A"" 5]] [[""A"" 1]] [[""A"" 5]] [[""A"" 1]]]] [12 [[[""A"" 2]] [[""A"" 2]] [[""A"" 2]] [[""A"" 5]] [[""A"" 5]] [[""A"" 2]] [[""A"" 5]] [[""A"" 2]] [[""A"" 2]] [[""A"" 5]] [[""A"" 2]] [[""A"" 2]] [[""A"" 2]] [[""A"" 5]] [[""A"" 2]] [[""A"" 5]] [[""A"" 2]] [[""A"" 2]] [[""A"" 2]] [[""A"" 2]] [[""A"" 5]] [[""A"" 2]] [[""A"" 2]] [[""A"" 2]] [[""A"" 5]] [[""A"" 5]] [[""A"" 2]] [[""A"" 5]] [[""A"" 2]] [[""A"" 5]] [[""A"" 2]] [[""A"" 5]] [[""A"" 2]] [[""A"" 5]] [[""A"" 2]] [[""A"" 2]] [[""A"" 5]] [[""A"" 2]] [[""A"" 2]] [[""A"" 5]] [[""A"" 2]] [[""A"" 2]] [[""A"" 2]] [[""A"" 2]] [[""A"" 2]] [[""A"" 5]] [[""A"" 5]] [[""A"" 5]] [[""A"" 5]] [[""A"" 2]]]] [13 [[[""A"" 6]] [[""A"" 6]] [[""A"" 6]] [[""A"" 6]] [[""A"" 1]] [[""A"" 6]] [[""A"" 6]] [[""A"" 6]] [[""A"" 1]] [[""A"" 6]] [[""A"" 1]] [[""A"" 6]] [[""A"" 6]] [[""A"" 1]] [[""A"" 6]] [[""A"" 6]] [[""A"" 6]] [[""A"" 6]] [[""A"" 6]] [[""A"" 1]] [[""A"" 6]] [[""A"" 6]] [[""A"" 1]] [[""A"" 6]] [[""A"" 6]] [[""A"" 6]] [[""A"" 6]] [[""A"" 1]] [[""A"" 1]] [[""A"" 3]] [[""A"" 6]] [[""A"" 6]] [[""A"" 6]] [[""A"" 6]] [[""A"" 6]] [[""A"" 6]] [[""A"" 6]] [[""A"" 6]] [[""A"" 3]] [[""A"" 6]] [[""A"" 6]] [[""A"" 3]] [[""A"" 1]] [[""A"" 6]] [[""A"" 6]] [[""A"" 6]] [[""A"" 1]] [[""A"" 1]] [[""A"" 1]] [[""A"" 6]]]] [14 [[[""A"" 5]] [[""A"" 5]] [[""A"" 3]] [[""A"" 3]] [[""A"" 1]] [[""A"" 5]] [[""A"" 1]] [[""A"" 5]] [[""A"" 5]] [[""A"" 3]] [[""A"" 5]] [[""A"" 5]] [[""A"" 5]] [[""A"" 5]] [[""A"" 5]] [[""A"" 5]] [[""A"" 5]] [[""A"" 5]] [[""A"" 5]] [[""A"" 5]] [[""A"" 5]] [[""A"" 5]] [[""A"" 5]] [[""A"" 5]] [[""A"" 5]] [[""A"" 3]] [[""A"" 5]] [[""A"" 1]] [[""A"" 5]] [[""A"" 5]] [[""A"" 5]] [[""A"" 5]] [[""A"" 5]] [[""A"" 5]] [[""A"" 5]] [[""A"" 5]] [[""A"" 5]] [[""A"" 5]] [[""A"" 5]] [[""A"" 5]] [[""A"" 5]] [[""A"" 5]] [[""A"" 5]] [[""A"" 5]] [[""A"" 5]] [[""A"" 5]] [[""A"" 5]] [[""A"" 5]] [[""A"" 5]] [[""A"" 5]]]] [15 [[[""A"" 1]] [[""A"" 1]] [[""A"" 1]] [[""A"" 3]] [[""A"" 1]] [[""A"" 1]] [[""A"" 1]] [[""A"" 1]] [[""A"" 1]] [[""A"" 5]] [[""A"" 1]] [[""A"" 1]] [[""A"" 1]] [[""A"" 5]] [[""A"" 1]] [[""A"" 1]] [[""A"" 3]] [[""A"" 1]] [[""A"" 3]] [[""A"" 1]] [[""A"" 1]] [[""A"" 3]] [[""A"" 1]] [[""A"" 1]] [[""A"" 1]] [[""A"" 1]] [[""A"" 1]] [[""A"" 1]] [[""A"" 1]] [[""A"" 1]] [[""A"" 1]] [[""A"" 1]] [[""A"" 1]] [[""A"" 1]] [[""A"" 1]] [[""A"" 1]] [[""A"" 1]] [[""A"" 1]] [[""A"" 5]] [[""A"" 1]] [[""A"" 5]] [[""A"" 1]] [[""A"" 1]] [[""A"" 1]] [[""A"" 1]] [[""A"" 5]] [[""A"" 3]] [[""A"" 1]] [[""A"" 1]] [[""A"" 1]]]] [16 [[[""A"" 5]] [[""A"" 5]] [[""A"" 5]] [[""A"" 5]] [[""A"" 0]] [[""A"" 5]] [[""A"" 5]] [[""A"" 5]] [[""A"" 0]] [[""A"" 0]] [[""A"" 5]] [[""A"" 5]] [[""A"" 5]] [[""A"" 0]] [[""A"" 5]] [[""A"" 5]] [[""A"" 5]] [[""A"" 5]] [[""A"" 5]] [[""A"" 5]] [[""A"" 0]] [[""A"" 0]] [[""A"" 5]] [[""A"" 0]] [[""A"" 5]] [[""A"" 5]] [[""A"" 5]] [[""A"" 0]] [[""A"" 0]] [[""A"" 5]] [[""A"" 5]] [[""A"" 5]] [[""A"" 0]] [[""A"" 5]] [[""A"" 5]] [[""A"" 5]] [[""A"" 0]] [[""A"" 5]] [[""A"" 5]] [[""A"" 0]] [[""A"" 5]] [[""A"" 5]] [[""A"" 5]] [[""A"" 5]] [[""A"" 5]] [[""A"" 5]] [[""A"" 5]] [[""A"" 5]] [[""A"" 5]] [[""A"" 5]]]] [17 [[[""A"" 5]] [[""A"" 2]] [[""A"" 2]] [[""A"" 5]] [[""A"" 5]] [[""A"" 5]] [[""A"" 2]] [[""A"" 5]] [[""A"" 5]] [[""A"" 2]] [[""A"" 2]] [[""A"" 5]] [[""A"" 2]] [[""A"" 0]] [[""A"" 2]] [[""A"" 5]] [[""A"" 5]] [[""A"" 5]] [[""A"" 2]] [[""A"" 5]] [[""A"" 5]] [[""A"" 2]] [[""A"" 2]] [[""A"" 2]] [[""A"" 2]] [[""A"" 5]] [[""A"" 5]] [[""A"" 5]] [[""A"" 2]] [[""A"" 5]] [[""A"" 2]] [[""A"" 2]] [[""A"" 5]] [[""A"" 5]] [[""A"" 5]] [[""A"" 5]] [[""A"" 2]] [[""A"" 2]] [[""A"" 3]] [[""A"" 5]] [[""A"" 2]] [[""A"" 5]] [[""A"" 3]] [[""A"" 2]] [[""A"" 5]] [[""A"" 2]] [[""A"" 5]] [[""A"" 2]] [[""A"" 2]] [[""A"" 2]]]] [18 [[[""A"" 3]] [[""A"" 0]] [[""A"" 3]] [[""A"" 3]] [[""A"" 3]] [[""A"" 3]] [[""A"" 3]] [[""A"" 6]] [[""A"" 3]] [[""A"" 3]] [[""A"" 0]] [[""A"" 3]] [[""A"" 3]] [[""A"" 3]] [[""A"" 3]] [[""A"" 3]] [[""A"" 3]] [[""A"" 0]] [[""A"" 3]] [[""A"" 3]] [[""A"" 3]] [[""A"" 0]] [[""A"" 3]] [[""A"" 3]] [[""A"" 3]] [[""A"" 3]] [[""A"" 3]] [[""A"" 0]] [[""A"" 3]] [[""A"" 3]] [[""A"" 3]] [[""A"" 3]] [[""A"" 3]] [[""A"" 3]] [[""A"" 3]] [[""A"" 3]] [[""A"" 0]] [[""A"" 3]] [[""A"" 3]] [[""A"" 3]] [[""A"" 3]] [[""A"" 3]] [[""A"" 3]] [[""A"" 3]] [[""A"" 3]] [[""A"" 3]] [[""A"" 3]] [[""A"" 0]] [[""A"" 3]] [[""A"" 0]]]] [19 [[[""A"" 5]] [[""A"" 5]] [[""A"" 5]] [[""A"" 3]] [[""A"" 5]] [[""A"" 5]] [[""A"" 5]] [[""A"" 5]] [[""A"" 5]] [[""A"" 5]] [[""A"" 1]] [[""A"" 5]] [[""A"" 5]] [[""A"" 5]] [[""A"" 5]] [[""A"" 1]] [[""A"" 5]] [[""A"" 1]] [[""A"" 5]] [[""A"" 5]] [[""A"" 1]] [[""A"" 5]] [[""A"" 5]] [[""A"" 5]] [[""A"" 5]] [[""A"" 1]] [[""A"" 5]] [[""A"" 1]] [[""A"" 5]] [[""A"" 5]] [[""A"" 5]] [[""A"" 5]] [[""A"" 5]] [[""A"" 5]] [[""A"" 5]] [[""A"" 1]] [[""A"" 5]] [[""A"" 5]] [[""A"" 5]] [[""A"" 5]] [[""A"" 5]] [[""A"" 5]] [[""A"" 5]] [[""A"" 5]] [[""A"" 5]] [[""A"" 5]] [[""A"" 1]] [[""A"" 1]] [[""A"" 5]] [[""A"" 1]]]] [20 [[[""A"" 0]] [[""A"" 2]] [[""A"" 6]] [[""A"" 0]] [[""A"" 6]] [[""A"" 2]] [[""A"" 6]] [[""A"" 6]] [[""A"" 0]] [[""A"" 0]] [[""A"" 0]] [[""A"" 6]] [[""A"" 2]] [[""A"" 0]] [[""A"" 2]] [[""A"" 6]] [[""A"" 2]] [[""A"" 2]] [[""A"" 6]] [[""A"" 6]] [[""A"" 6]] [[""A"" 6]] [[""A"" 2]] [[""A"" 2]] [[""A"" 6]] [[""A"" 6]] [[""A"" 6]] [[""A"" 2]] [[""A"" 6]] [[""A"" 0]] [[""A"" 0]] [[""A"" 2]] [[""A"" 6]] [[""A"" 6]] [[""A"" 2]] [[""A"" 2]] [[""A"" 0]] [[""A"" 0]] [[""A"" 0]] [[""A"" 2]] [[""A"" 0]] [[""A"" 6]] [[""A"" 6]] [[""A"" 0]] [[""A"" 6]] [[""A"" 2]] [[""A"" 2]] [[""A"" 2]] [[""A"" 6]] [[""A"" 0]]]] [21 [[[""A"" 3]] [[""A"" 5]] [[""A"" 5]] [[""A"" 0]] [[""A"" 3]] [[""A"" 3]] [[""A"" 5]] [[""A"" 5]] [[""A"" 3]] [[""A"" 3]] [[""A"" 0]] [[""A"" 3]] [[""A"" 3]] [[""A"" 0]] [[""A"" 3]] [[""A"" 3]] [[""A"" 5]] [[""A"" 0]] [[""A"" 5]] [[""A"" 5]] [[""A"" 3]] [[""A"" 3]] [[""A"" 5]] [[""A"" 3]] [[""A"" 3]] [[""A"" 5]] [[""A"" 5]] [[""A"" 0]] [[""A"" 5]] [[""A"" 3]] [[""A"" 3]] [[""A"" 3]] [[""A"" 5]] [[""A"" 5]] [[""A"" 0]] [[""A"" 0]] [[""A"" 5]] [[""A"" 0]] [[""A"" 5]] [[""A"" 3]] [[""A"" 3]] [[""A"" 5]] [[""A"" 3]] [[""A"" 3]] [[""A"" 3]] [[""A"" 5]] [[""A"" 0]] [[""A"" 3]] [[""A"" 3]] [[""A"" 0]]]] [22 [[[""A"" 5]] [[""A"" 5]] [[""A"" 5]] [[""A"" 5]] [[""A"" 5]] [[""A"" 0]] [[""A"" 5]] [[""A"" 3]] [[""A"" 5]] [[""A"" 5]] [[""A"" 5]] [[""A"" 0]] [[""A"" 0]] [[""A"" 0]] [[""A"" 3]] [[""A"" 5]] [[""A"" 0]] [[""A"" 5]] [[""A"" 5]] [[""A"" 5]] [[""A"" 5]] [[""A"" 5]] [[""A"" 5]] [[""A"" 0]] [[""A"" 5]] [[""A"" 5]] [[""A"" 5]] [[""A"" 5]] [[""A"" 5]] [[""A"" 5]] [[""A"" 5]] [[""A"" 5]] [[""A"" 5]] [[""A"" 5]] [[""A"" 0]] [[""A"" 5]] [[""A"" 5]] [[""A"" 3]] [[""A"" 3]] [[""A"" 3]] [[""A"" 5]] [[""A"" 5]] [[""A"" 3]] [[""A"" 3]] [[""A"" 3]] [[""A"" 3]] [[""A"" 0]] [[""A"" 5]] [[""A"" 3]] [[""A"" 5]]]] [23 [[[""A"" 5]] [[""A"" 5]] [[""A"" 5]] [[""A"" 2]] [[""A"" 5]] [[""A"" 2]] [[""A"" 5]] [[""A"" 2]] [[""A"" 5]] [[""A"" 2]] [[""A"" 5]] [[""A"" 2]] [[""A"" 2]] [[""A"" 2]] [[""A"" 2]] [[""A"" 5]] [[""A"" 2]] [[""A"" 5]] [[""A"" 2]] [[""A"" 2]] [[""A"" 2]] [[""A"" 5]] [[""A"" 2]] [[""A"" 2]] [[""A"" 2]] [[""A"" 5]] [[""A"" 5]] [[""A"" 2]] [[""A"" 5]] [[""A"" 2]] [[""A"" 5]] [[""A"" 5]] [[""A"" 5]] [[""A"" 2]] [[""A"" 2]] [[""A"" 5]] [[""A"" 5]] [[""A"" 5]] [[""A"" 2]] [[""A"" 2]] [[""A"" 2]] [[""A"" 5]] [[""A"" 5]] [[""A"" 2]] [[""A"" 2]] [[""A"" 2]] [[""A"" 2]] [[""A"" 5]] [[""A"" 5]] [[""A"" 5]]]] [24 [[[""A"" 4]] [[""A"" 2]] [[""A"" 2]] [[""A"" 4]] [[""A"" 4]] [[""A"" 0]] [[""A"" 4]] [[""A"" 2]] [[""A"" 4]] [[""A"" 4]] [[""A"" 4]] [[""A"" 4]] [[""A"" 4]] [[""A"" 4]] [[""A"" 4]] [[""A"" 4]] [[""A"" 4]] [[""A"" 4]] [[""A"" 2]] [[""A"" 0]] [[""A"" 4]] [[""A"" 4]] [[""A"" 4]] [[""A"" 4]] [[""A"" 4]] [[""A"" 2]] [[""A"" 4]] [[""A"" 4]] [[""A"" 4]] [[""A"" 4]] [[""A"" 2]] [[""A"" 2]] [[""A"" 2]] [[""A"" 4]] [[""A"" 0]] [[""A"" 4]] [[""A"" 4]] [[""A"" 4]] [[""A"" 4]] [[""A"" 4]] [[""A"" 2]] [[""A"" 4]] [[""A"" 4]] [[""A"" 4]] [[""A"" 4]] [[""A"" 2]] [[""A"" 2]] [[""A"" 4]] [[""A"" 4]] [[""A"" 4]]]] [25 [[[""A"" 2]] [[""A"" 2]] [[""A"" 2]] [[""A"" 5]] [[""A"" 5]] [[""A"" 5]] [[""A"" 5]] [[""A"" 0]] [[""A"" 2]] [[""A"" 5]] [[""A"" 2]] [[""A"" 2]] [[""A"" 0]] [[""A"" 2]] [[""A"" 2]] [[""A"" 5]] [[""A"" 5]] [[""A"" 5]] [[""A"" 0]] [[""A"" 2]] [[""A"" 5]] [[""A"" 5]] [[""A"" 2]] [[""A"" 5]] [[""A"" 2]] [[""A"" 5]] [[""A"" 5]] [[""A"" 2]] [[""A"" 2]] [[""A"" 2]] [[""A"" 2]] [[""A"" 2]] [[""A"" 5]] [[""A"" 5]] [[""A"" 0]] [[""A"" 2]] [[""A"" 5]] [[""A"" 5]] [[""A"" 2]] [[""A"" 2]] [[""A"" 2]] [[""A"" 2]] [[""A"" 2]] [[""A"" 2]] [[""A"" 2]] [[""A"" 5]] [[""A"" 2]] [[""A"" 2]] [[""A"" 2]] [[""A"" 5]]]] [26 [[[""A"" 1]] [[""A"" 5]] [[""A"" 5]] [[""A"" 1]] [[""A"" 5]] [[""A"" 1]] [[""A"" 3]] [[""A"" 1]] [[""A"" 1]] [[""A"" 1]] [[""A"" 5]] [[""A"" 1]] [[""A"" 1]] [[""A"" 3]] [[""A"" 1]] [[""A"" 1]] [[""A"" 1]] [[""A"" 5]] [[""A"" 1]] [[""A"" 1]] [[""A"" 5]] [[""A"" 1]] [[""A"" 1]] [[""A"" 3]] [[""A"" 1]] [[""A"" 1]] [[""A"" 5]] [[""A"" 1]] [[""A"" 1]] [[""A"" 3]] [[""A"" 1]] [[""A"" 1]] [[""A"" 1]] [[""A"" 1]] [[""A"" 3]] [[""A"" 1]] [[""A"" 3]] [[""A"" 3]] [[""A"" 5]] [[""A"" 5]] [[""A"" 1]] [[""A"" 1]] [[""A"" 5]] [[""A"" 3]] [[""A"" 1]] [[""A"" 3]] [[""A"" 5]] [[""A"" 1]] [[""A"" 1]] [[""A"" 1]]]] [27 [[[""A"" 3]] [[""A"" 3]] [[""A"" 3]] [[""A"" 0]] [[""A"" 3]] [[""A"" 0]] [[""A"" 0]] [[""A"" 3]] [[""A"" 0]] [[""A"" 3]] [[""A"" 6]] [[""A"" 3]] [[""A"" 0]] [[""A"" 5]] [[""A"" 0]] [[""A"" 0]] [[""A"" 3]] [[""A"" 0]] [[""A"" 0]] [[""A"" 3]] [[""A"" 3]] [[""A"" 3]] [[""A"" 3]] [[""A"" 6]] [[""A"" 0]] [[""A"" 0]] [[""A"" 6]] [[""A"" 0]] [[""A"" 3]] [[""A"" 3]] [[""A"" 3]] [[""A"" 0]] [[""A"" 3]] [[""A"" 3]] [[""A"" 3]] [[""A"" 3]] [[""A"" 3]] [[""A"" 3]] [[""A"" 0]] [[""A"" 6]] [[""A"" 3]] [[""A"" 3]] [[""A"" 6]] [[""A"" 6]] [[""A"" 3]] [[""A"" 0]] [[""A"" 6]] [[""A"" 0]] [[""A"" 0]] [[""A"" 0]]]] [28 [[[""A"" 0]] [[""A"" 0]] [[""A"" 0]] [[""A"" 0]] [[""A"" 0]] [[""A"" 0]] [[""A"" 0]] [[""A"" 0]] [[""A"" 0]] [[""A"" 0]] [[""A"" 0]] [[""A"" 0]] [[""A"" 0]] [[""A"" 0]] [[""A"" 0]] [[""A"" 0]] [[""A"" 0]] [[""A"" 0]] [[""A"" 0]] [[""A"" 6]] [[""A"" 0]] [[""A"" 0]] [[""A"" 0]] [[""A"" 3]] [[""A"" 0]] [[""A"" 0]] [[""A"" 6]] [[""A"" 0]] [[""A"" 0]] [[""A"" 0]] [[""A"" 0]] [[""A"" 0]] [[""A"" 3]] [[""A"" 3]] [[""A"" 3]] [[""A"" 0]] [[""A"" 6]] [[""A"" 6]] [[""A"" 0]] [[""A"" 3]] [[""A"" 0]] [[""A"" 0]] [[""A"" 3]] [[""A"" 0]] [[""A"" 6]] [[""A"" 0]] [[""A"" 0]] [[""A"" 0]] [[""A"" 0]] [[""A"" 0]]]] [29 [[[""A"" 1]] [[""A"" 4]] [[""A"" 1]] [[""A"" 4]] [[""A"" 1]] [[""A"" 4]] [[""A"" 3]] [[""A"" 4]] [[""A"" 4]] [[""A"" 4]] [[""A"" 4]] [[""A"" 4]] [[""A"" 1]] [[""A"" 4]] [[""A"" 1]] [[""A"" 1]] [[""A"" 4]] [[""A"" 1]] [[""A"" 1]] [[""A"" 4]] [[""A"" 1]] [[""A"" 4]] [[""A"" 1]] [[""A"" 4]] [[""A"" 1]] [[""A"" 1]] [[""A"" 1]] [[""A"" 1]] [[""A"" 1]] [[""A"" 1]] [[""A"" 1]] [[""A"" 1]] [[""A"" 4]] [[""A"" 1]] [[""A"" 1]] [[""A"" 4]] [[""A"" 0]] [[""A"" 4]] [[""A"" 4]] [[""A"" 4]] [[""A"" 1]] [[""A"" 4]] [[""A"" 4]] [[""A"" 1]] [[""A"" 4]] [[""A"" 1]] [[""A"" 1]] [[""A"" 1]] [[""A"" 1]] [[""A"" 1]]]] [30 [[[""A"" 1]] [[""A"" 1]] [[""A"" 1]] [[""A"" 1]] [[""A"" 1]] [[""A"" 1]] [[""A"" 3]] [[""A"" 1]] [[""A"" 1]] [[""A"" 1]] [[""A"" 3]] [[""A"" 1]] [[""A"" 1]] [[""A"" 5]] [[""A"" 1]] [[""A"" 1]] [[""A"" 3]] [[""A"" 1]] [[""A"" 1]] [[""A"" 1]] [[""A"" 1]] [[""A"" 5]] [[""A"" 1]] [[""A"" 1]] [[""A"" 1]] [[""A"" 3]] [[""A"" 1]] [[""A"" 1]] [[""A"" 1]] [[""A"" 1]] [[""A"" 1]] [[""A"" 1]] [[""A"" 1]] [[""A"" 5]] [[""A"" 1]] [[""A"" 3]] [[""A"" 1]] [[""A"" 1]] [[""A"" 1]] [[""A"" 1]] [[""A"" 1]] [[""A"" 1]] [[""A"" 3]] [[""A"" 5]] [[""A"" 1]] [[""A"" 5]] [[""A"" 1]] [[""A"" 5]] [[""A"" 1]] [[""A"" 5]]]] [31 [[[""A"" 4]] [[""A"" 4]] [[""A"" 6]] [[""A"" 0]] [[""A"" 0]] [[""A"" 6]] [[""A"" 0]] [[""A"" 0]] [[""A"" 0]] [[""A"" 6]] [[""A"" 0]] [[""A"" 0]] [[""A"" 4]] [[""A"" 4]] [[""A"" 0]] [[""A"" 4]] [[""A"" 0]] [[""A"" 0]] [[""A"" 4]] [[""A"" 4]] [[""A"" 0]] [[""A"" 4]] [[""A"" 0]] [[""A"" 4]] [[""A"" 0]] [[""A"" 4]] [[""A"" 4]] [[""A"" 6]] [[""A"" 0]] [[""A"" 0]] [[""A"" 0]] [[""A"" 4]] [[""A"" 0]] [[""A"" 0]] [[""A"" 4]] [[""A"" 0]] [[""A"" 0]] [[""A"" 4]] [[""A"" 6]] [[""A"" 6]] [[""A"" 4]] [[""A"" 4]] [[""A"" 4]] [[""A"" 4]] [[""A"" 0]] [[""A"" 0]] [[""A"" 4]] [[""A"" 6]] [[""A"" 4]] [[""A"" 4]]]] [32 [[[""A"" 6]] [[""A"" 6]] [[""A"" 6]] [[""A"" 0]] [[""A"" 6]] [[""A"" 6]] [[""A"" 0]] [[""A"" 2]] [[""A"" 0]] [[""A"" 6]] [[""A"" 2]] [[""A"" 0]] [[""A"" 6]] [[""A"" 6]] [[""A"" 6]] [[""A"" 6]] [[""A"" 0]] [[""A"" 6]] [[""A"" 6]] [[""A"" 6]] [[""A"" 0]] [[""A"" 6]] [[""A"" 6]] [[""A"" 6]] [[""A"" 0]] [[""A"" 6]] [[""A"" 6]] [[""A"" 5]] [[""A"" 0]] [[""A"" 6]] [[""A"" 6]] [[""A"" 6]] [[""A"" 0]] [[""A"" 6]] [[""A"" 6]] [[""A"" 0]] [[""A"" 6]] [[""A"" 6]] [[""A"" 6]] [[""A"" 6]] [[""A"" 6]] [[""A"" 6]] [[""A"" 6]] [[""A"" 6]] [[""A"" 0]] [[""A"" 6]] [[""A"" 6]] [[""A"" 6]] [[""A"" 6]] [[""A"" 6]]]] [33 [[[""A"" 5]] [[""A"" 5]] [[""A"" 3]] [[""A"" 0]] [[""A"" 5]] [[""A"" 3]] [[""A"" 0]] [[""A"" 3]] [[""A"" 0]] [[""A"" 5]] [[""A"" 0]] [[""A"" 0]] [[""A"" 3]] [[""A"" 5]] [[""A"" 3]] [[""A"" 3]] [[""A"" 3]] [[""A"" 3]] [[""A"" 5]] [[""A"" 5]] [[""A"" 0]] [[""A"" 5]] [[""A"" 3]] [[""A"" 5]] [[""A"" 3]] [[""A"" 5]] [[""A"" 3]] [[""A"" 3]] [[""A"" 0]] [[""A"" 5]] [[""A"" 5]] [[""A"" 5]] [[""A"" 0]] [[""A"" 3]] [[""A"" 3]] [[""A"" 3]] [[""A"" 5]] [[""A"" 3]] [[""A"" 5]] [[""A"" 3]] [[""A"" 5]] [[""A"" 3]] [[""A"" 3]] [[""A"" 3]] [[""A"" 0]] [[""A"" 3]] [[""A"" 3]] [[""A"" 3]] [[""A"" 5]] [[""A"" 5]]]] [34 [[[""A"" 2]] [[""A"" 2]] [[""A"" 5]] [[""A"" 2]] [[""A"" 2]] [[""A"" 5]] [[""A"" 2]] [[""A"" 5]] [[""A"" 2]] [[""A"" 5]] [[""A"" 2]] [[""A"" 2]] [[""A"" 2]] [[""A"" 5]] [[""A"" 2]] [[""A"" 2]] [[""A"" 5]] [[""A"" 2]] [[""A"" 2]] [[""A"" 5]] [[""A"" 2]] [[""A"" 5]] [[""A"" 5]] [[""A"" 2]] [[""A"" 2]] [[""A"" 5]] [[""A"" 5]] [[""A"" 5]] [[""A"" 2]] [[""A"" 2]] [[""A"" 2]] [[""A"" 2]] [[""A"" 2]] [[""A"" 5]] [[""A"" 5]] [[""A"" 2]] [[""A"" 5]] [[""A"" 5]] [[""A"" 2]] [[""A"" 5]] [[""A"" 1]] [[""A"" 2]] [[""A"" 2]] [[""A"" 5]] [[""A"" 2]] [[""A"" 2]] [[""A"" 5]] [[""A"" 5]] [[""A"" 6]] [[""A"" 2]]]] [35 [[[""A"" 3]] [[""A"" 3]] [[""A"" 3]] [[""A"" 5]] [[""A"" 5]] [[""A"" 5]] [[""A"" 5]] [[""A"" 3]] [[""A"" 5]] [[""A"" 5]] [[""A"" 3]] [[""A"" 3]] [[""A"" 3]] [[""A"" 5]] [[""A"" 5]] [[""A"" 5]] [[""A"" 3]] [[""A"" 3]] [[""A"" 3]] [[""A"" 3]] [[""A"" 5]] [[""A"" 5]] [[""A"" 5]] [[""A"" 3]] [[""A"" 5]] [[""A"" 5]] [[""A"" 5]] [[""A"" 5]] [[""A"" 3]] [[""A"" 3]] [[""A"" 5]] [[""A"" 3]] [[""A"" 3]] [[""A"" 3]] [[""A"" 3]] [[""A"" 1]] [[""A"" 5]] [[""A"" 5]] [[""A"" 5]] [[""A"" 3]] [[""A"" 1]] [[""A"" 5]] [[""A"" 5]] [[""A"" 5]] [[""A"" 1]] [[""A"" 3]] [[""A"" 5]] [[""A"" 3]] [[""A"" 5]] [[""A"" 1]]]] [36 [[[""A"" 5]] [[""A"" 3]] [[""A"" 5]] [[""A"" 1]] [[""A"" 3]] [[""A"" 3]] [[""A"" 5]] [[""A"" 1]] [[""A"" 5]] [[""A"" 3]] [[""A"" 5]] [[""A"" 5]] [[""A"" 3]] [[""A"" 3]] [[""A"" 3]] [[""A"" 3]] [[""A"" 5]] [[""A"" 3]] [[""A"" 3]] [[""A"" 5]] [[""A"" 5]] [[""A"" 5]] [[""A"" 3]] [[""A"" 1]] [[""A"" 3]] [[""A"" 3]] [[""A"" 5]] [[""A"" 5]] [[""A"" 3]] [[""A"" 5]] [[""A"" 1]] [[""A"" 3]] [[""A"" 3]] [[""A"" 3]] [[""A"" 3]] [[""A"" 3]] [[""A"" 1]] [[""A"" 5]] [[""A"" 5]] [[""A"" 5]] [[""A"" 3]] [[""A"" 3]] [[""A"" 3]] [[""A"" 1]] [[""A"" 1]] [[""A"" 3]] [[""A"" 5]] [[""A"" 3]] [[""A"" 3]] [[""A"" 1]]]] [37 [[[""A"" 0]] [[""A"" 0]] [[""A"" 4]] [[""A"" 0]] [[""A"" 0]] [[""A"" 0]] [[""A"" 0]] [[""A"" 0]] [[""A"" 4]] [[""A"" 0]] [[""A"" 0]] [[""A"" 0]] [[""A"" 0]] [[""A"" 0]] [[""A"" 0]] [[""A"" 0]] [[""A"" 0]] [[""A"" 0]] [[""A"" 0]] [[""A"" 0]] [[""A"" 4]] [[""A"" 0]] [[""A"" 0]] [[""A"" 0]] [[""A"" 0]] [[""A"" 0]] [[""A"" 0]] [[""A"" 4]] [[""A"" 0]] [[""A"" 4]] [[""A"" 0]] [[""A"" 0]] [[""A"" 0]] [[""A"" 0]] [[""A"" 0]] [[""A"" 0]] [[""A"" 0]] [[""A"" 4]] [[""A"" 4]] [[""A"" 0]] [[""A"" 0]] [[""A"" 0]] [[""A"" 0]] [[""A"" 0]] [[""A"" 0]] [[""A"" 0]] [[""A"" 0]] [[""A"" 0]] [[""A"" 0]] [[""A"" 0]]]] [38 [[[""A"" 0]] [[""A"" 0]] [[""A"" 0]] [[""A"" 0]] [[""A"" 0]] [[""A"" 0]] [[""A"" 0]] [[""A"" 0]] [[""A"" 0]] [[""A"" 0]] [[""A"" 0]] [[""A"" 0]] [[""A"" 0]] [[""A"" 3]] [[""A"" 3]] [[""A"" 0]] [[""A"" 0]] [[""A"" 0]] [[""A"" 0]] [[""A"" 0]] [[""A"" 0]] [[""A"" 0]] [[""A"" 0]] [[""A"" 0]] [[""A"" 0]] [[""A"" 0]] [[""A"" 0]] [[""A"" 5]] [[""A"" 0]] [[""A"" 0]] [[""A"" 0]] [[""A"" 0]] [[""A"" 0]] [[""A"" 0]] [[""A"" 0]] [[""A"" 0]] [[""A"" 0]] [[""A"" 0]] [[""A"" 0]] [[""A"" 0]] [[""A"" 0]] [[""A"" 0]] [[""A"" 0]] [[""A"" 0]] [[""A"" 0]] [[""A"" 0]] [[""A"" 0]] [[""A"" 0]] [[""A"" 3]] [[""A"" 0]]]] [39 [[[""A"" 1]] [[""A"" 1]] [[""A"" 1]] [[""A"" 1]] [[""A"" 1]] [[""A"" 1]] [[""A"" 1]] [[""A"" 1]] [[""A"" 1]] [[""A"" 1]] [[""A"" 1]] [[""A"" 1]] [[""A"" 1]] [[""A"" 1]] [[""A"" 1]] [[""A"" 1]] [[""A"" 1]] [[""A"" 1]] [[""A"" 1]] [[""A"" 1]] [[""A"" 1]] [[""A"" 1]] [[""A"" 1]] [[""A"" 1]] [[""A"" 1]] [[""A"" 1]] [[""A"" 1]] [[""A"" 1]] [[""A"" 1]] [[""A"" 1]] [[""A"" 1]] [[""A"" 1]] [[""A"" 1]] [[""A"" 1]] [[""A"" 1]] [[""A"" 1]] [[""A"" 1]] [[""A"" 1]] [[""A"" 1]] [[""A"" 1]] [[""A"" 1]] [[""A"" 1]] [[""A"" 1]] [[""A"" 1]] [[""A"" 1]] [[""A"" 1]] [[""A"" 1]] [[""A"" 1]] [[""A"" 1]] [[""A"" 1]]]] [40 [[[""A"" 2]] [[""A"" 2]] [[""A"" 0]] [[""A"" 0]] [[""A"" 2]] [[""A"" 2]] [[""A"" 0]] [[""A"" 0]] [[""A"" 0]] [[""A"" 0]] [[""A"" 0]] [[""A"" 0]] [[""A"" 0]] [[""A"" 2]] [[""A"" 0]] [[""A"" 0]] [[""A"" 2]] [[""A"" 0]] [[""A"" 0]] [[""A"" 0]] [[""A"" 3]] [[""A"" 2]] [[""A"" 2]] [[""A"" 2]] [[""A"" 2]] [[""A"" 0]] [[""A"" 0]] [[""A"" 0]] [[""A"" 0]] [[""A"" 2]] [[""A"" 0]] [[""A"" 0]] [[""A"" 2]] [[""A"" 0]] [[""A"" 0]] [[""A"" 0]] [[""A"" 0]] [[""A"" 2]] [[""A"" 2]] [[""A"" 0]] [[""A"" 2]] [[""A"" 0]] [[""A"" 0]] [[""A"" 0]] [[""A"" 0]] [[""A"" 0]] [[""A"" 0]] [[""A"" 0]] [[""A"" 0]] [[""A"" 0]]]] [41 [[[""A"" 4]] [[""A"" 4]] [[""A"" 4]] [[""A"" 4]] [[""A"" 4]] [[""A"" 4]] [[""A"" 4]] [[""A"" 4]] [[""A"" 4]] [[""A"" 4]] [[""A"" 4]] [[""A"" 4]] [[""A"" 4]] [[""A"" 4]] [[""A"" 4]] [[""A"" 4]] [[""A"" 4]] [[""A"" 4]] [[""A"" 4]] [[""A"" 4]] [[""A"" 4]] [[""A"" 4]] [[""A"" 1]] [[""A"" 4]] [[""A"" 4]] [[""A"" 4]] [[""A"" 4]] [[""A"" 4]] [[""A"" 4]] [[""A"" 4]] [[""A"" 4]] [[""A"" 4]] [[""A"" 4]] [[""A"" 4]] [[""A"" 4]] [[""A"" 4]] [[""A"" 4]] [[""A"" 4]] [[""A"" 4]] [[""A"" 4]] [[""A"" 4]] [[""A"" 4]] [[""A"" 4]] [[""A"" 4]] [[""A"" 1]] [[""A"" 4]] [[""A"" 4]] [[""A"" 4]] [[""A"" 4]] [[""A"" 4]]]] [42 [[[""A"" 3]] [[""A"" 5]] [[""A"" 3]] [[""A"" 3]] [[""A"" 5]] [[""A"" 5]] [[""A"" 0]] [[""A"" 3]] [[""A"" 5]] [[""A"" 0]] [[""A"" 5]] [[""A"" 3]] [[""A"" 5]] [[""A"" 5]] [[""A"" 5]] [[""A"" 0]] [[""A"" 5]] [[""A"" 5]] [[""A"" 5]] [[""A"" 0]] [[""A"" 5]] [[""A"" 5]] [[""A"" 0]] [[""A"" 3]] [[""A"" 5]] [[""A"" 5]] [[""A"" 5]] [[""A"" 3]] [[""A"" 5]] [[""A"" 5]] [[""A"" 3]] [[""A"" 5]] [[""A"" 0]] [[""A"" 5]] [[""A"" 3]] [[""A"" 3]] [[""A"" 5]] [[""A"" 3]] [[""A"" 3]] [[""A"" 5]] [[""A"" 3]] [[""A"" 3]] [[""A"" 3]] [[""A"" 3]] [[""A"" 5]] [[""A"" 3]] [[""A"" 3]] [[""A"" 5]] [[""A"" 3]] [[""A"" 3]]]] [43 [[[""A"" 5]] [[""A"" 5]] [[""A"" 5]] [[""A"" 5]] [[""A"" 2]] [[""A"" 5]] [[""A"" 0]] [[""A"" 2]] [[""A"" 5]] [[""A"" 0]] [[""A"" 5]] [[""A"" 5]] [[""A"" 5]] [[""A"" 5]] [[""A"" 5]] [[""A"" 5]] [[""A"" 0]] [[""A"" 5]] [[""A"" 5]] [[""A"" 5]] [[""A"" 5]] [[""A"" 5]] [[""A"" 2]] [[""A"" 5]] [[""A"" 2]] [[""A"" 5]] [[""A"" 5]] [[""A"" 2]] [[""A"" 5]] [[""A"" 5]] [[""A"" 2]] [[""A"" 0]] [[""A"" 0]] [[""A"" 5]] [[""A"" 0]] [[""A"" 0]] [[""A"" 5]] [[""A"" 5]] [[""A"" 6]] [[""A"" 5]] [[""A"" 5]] [[""A"" 5]] [[""A"" 5]] [[""A"" 0]] [[""A"" 2]] [[""A"" 2]] [[""A"" 0]] [[""A"" 5]] [[""A"" 0]] [[""A"" 5]]]] [44 [[[""A"" 5]] [[""A"" 5]] [[""A"" 5]] [[""A"" 5]] [[""A"" 3]] [[""A"" 5]] [[""A"" 1]] [[""A"" 5]] [[""A"" 1]] [[""A"" 1]] [[""A"" 5]] [[""A"" 3]] [[""A"" 5]] [[""A"" 5]] [[""A"" 5]] [[""A"" 5]] [[""A"" 1]] [[""A"" 1]] [[""A"" 5]] [[""A"" 5]] [[""A"" 5]] [[""A"" 5]] [[""A"" 1]] [[""A"" 5]] [[""A"" 5]] [[""A"" 5]] [[""A"" 5]] [[""A"" 3]] [[""A"" 1]] [[""A"" 1]] [[""A"" 5]] [[""A"" 5]] [[""A"" 5]] [[""A"" 1]] [[""A"" 1]] [[""A"" 1]] [[""A"" 5]] [[""A"" 1]] [[""A"" 1]] [[""A"" 5]] [[""A"" 3]] [[""A"" 1]] [[""A"" 1]] [[""A"" 5]] [[""A"" 5]] [[""A"" 1]] [[""A"" 5]] [[""A"" 5]] [[""A"" 3]] [[""A"" 1]]]] [45 [[[""A"" 5]] [[""A"" 5]] [[""A"" 5]] [[""A"" 5]] [[""A"" 5]] [[""A"" 5]] [[""A"" 5]] [[""A"" 5]] [[""A"" 2]] [[""A"" 5]] [[""A"" 5]] [[""A"" 5]] [[""A"" 5]] [[""A"" 5]] [[""A"" 5]] [[""A"" 5]] [[""A"" 5]] [[""A"" 5]] [[""A"" 5]] [[""A"" 5]] [[""A"" 5]] [[""A"" 5]] [[""A"" 5]] [[""A"" 5]] [[""A"" 5]] [[""A"" 5]] [[""A"" 5]] [[""A"" 5]] [[""A"" 5]] [[""A"" 5]] [[""A"" 5]] [[""A"" 5]] [[""A"" 5]] [[""A"" 5]] [[""A"" 5]] [[""A"" 5]] [[""A"" 5]] [[""A"" 2]] [[""A"" 5]] [[""A"" 5]] [[""A"" 5]] [[""A"" 5]] [[""A"" 5]] [[""A"" 5]] [[""A"" 5]] [[""A"" 5]] [[""A"" 5]] [[""A"" 5]] [[""A"" 5]] [[""A"" 5]]]] [46 [[[""A"" 5]] [[""A"" 1]] [[""A"" 5]] [[""A"" 5]] [[""A"" 3]] [[""A"" 5]] [[""A"" 5]] [[""A"" 1]] [[""A"" 5]] [[""A"" 5]] [[""A"" 5]] [[""A"" 1]] [[""A"" 5]] [[""A"" 3]] [[""A"" 5]] [[""A"" 3]] [[""A"" 5]] [[""A"" 5]] [[""A"" 5]] [[""A"" 1]] [[""A"" 1]] [[""A"" 1]] [[""A"" 3]] [[""A"" 3]] [[""A"" 5]] [[""A"" 5]] [[""A"" 3]] [[""A"" 3]] [[""A"" 5]] [[""A"" 1]] [[""A"" 1]] [[""A"" 5]] [[""A"" 3]] [[""A"" 5]] [[""A"" 5]] [[""A"" 1]] [[""A"" 5]] [[""A"" 0]] [[""A"" 3]] [[""A"" 3]] [[""A"" 5]] [[""A"" 5]] [[""A"" 3]] [[""A"" 5]] [[""A"" 1]] [[""A"" 5]] [[""A"" 5]] [[""A"" 1]] [[""A"" 3]] [[""A"" 5]]]] [47 [[[""A"" 0]] [[""A"" 0]] [[""A"" 3]] [[""A"" 3]] [[""A"" 5]] [[""A"" 5]] [[""A"" 3]] [[""A"" 0]] [[""A"" 5]] [[""A"" 3]] [[""A"" 5]] [[""A"" 3]] [[""A"" 3]] [[""A"" 3]] [[""A"" 3]] [[""A"" 3]] [[""A"" 0]] [[""A"" 5]] [[""A"" 5]] [[""A"" 0]] [[""A"" 3]] [[""A"" 5]] [[""A"" 3]] [[""A"" 3]] [[""A"" 3]] [[""A"" 5]] [[""A"" 3]] [[""A"" 3]] [[""A"" 5]] [[""A"" 0]] [[""A"" 0]] [[""A"" 3]] [[""A"" 3]] [[""A"" 3]] [[""A"" 5]] [[""A"" 0]] [[""A"" 3]] [[""A"" 3]] [[""A"" 3]] [[""A"" 3]] [[""A"" 3]] [[""A"" 3]] [[""A"" 0]] [[""A"" 3]] [[""A"" 0]] [[""A"" 3]] [[""A"" 3]] [[""A"" 3]] [[""A"" 3]] [[""A"" 5]]]] [48 [[[""A"" 1]] [[""A"" 1]] [[""A"" 1]] [[""A"" 4]] [[""A"" 4]] [[""A"" 4]] [[""A"" 4]] [[""A"" 1]] [[""A"" 1]] [[""A"" 1]] [[""A"" 4]] [[""A"" 4]] [[""A"" 1]] [[""A"" 1]] [[""A"" 4]] [[""A"" 1]] [[""A"" 4]] [[""A"" 4]] [[""A"" 4]] [[""A"" 4]] [[""A"" 4]] [[""A"" 4]] [[""A"" 1]] [[""A"" 1]] [[""A"" 4]] [[""A"" 1]] [[""A"" 4]] [[""A"" 4]] [[""A"" 4]] [[""A"" 1]] [[""A"" 1]] [[""A"" 1]] [[""A"" 4]] [[""A"" 4]] [[""A"" 1]] [[""A"" 1]] [[""A"" 4]] [[""A"" 1]] [[""A"" 4]] [[""A"" 1]] [[""A"" 4]] [[""A"" 4]] [[""A"" 1]] [[""A"" 4]] [[""A"" 1]] [[""A"" 4]] [[""A"" 1]] [[""A"" 4]] [[""A"" 1]] [[""A"" 4]]]] [49 [[[""A"" 3]] [[""A"" 3]] [[""A"" 3]] [[""A"" 3]] [[""A"" 3]] [[""A"" 3]] [[""A"" 3]] [[""A"" 3]] [[""A"" 3]] [[""A"" 3]] [[""A"" 3]] [[""A"" 3]] [[""A"" 3]] [[""A"" 3]] [[""A"" 3]] [[""A"" 0]] [[""A"" 3]] [[""A"" 3]] [[""A"" 3]] [[""A"" 3]] [[""A"" 3]] [[""A"" 3]] [[""A"" 0]] [[""A"" 3]] [[""A"" 3]] [[""A"" 3]] [[""A"" 0]] [[""A"" 0]] [[""A"" 0]] [[""A"" 3]] [[""A"" 3]] [[""A"" 3]] [[""A"" 3]] [[""A"" 3]] [[""A"" 3]] [[""A"" 3]] [[""A"" 3]] [[""A"" 3]] [[""A"" 0]] [[""A"" 3]] [[""A"" 0]] [[""A"" 3]] [[""A"" 3]] [[""A"" 3]] [[""A"" 3]] [[""A"" 3]] [[""A"" 3]] [[""A"" 0]] [[""A"" 3]] [[""A"" 3]]]] [50 [[[""A"" 5]] [[""A"" 5]] [[""A"" 1]] [[""A"" 5]] [[""A"" 5]] [[""A"" 5]] [[""A"" 5]] [[""A"" 5]] [[""A"" 5]] [[""A"" 5]] [[""A"" 5]] [[""A"" 5]] [[""A"" 5]] [[""A"" 5]] [[""A"" 1]] [[""A"" 4]] [[""A"" 5]] [[""A"" 5]] [[""A"" 5]] [[""A"" 1]] [[""A"" 5]] [[""A"" 3]] [[""A"" 5]] [[""A"" 5]] [[""A"" 1]] [[""A"" 5]] [[""A"" 5]] [[""A"" 5]] [[""A"" 1]] [[""A"" 1]] [[""A"" 5]] [[""A"" 5]] [[""A"" 5]] [[""A"" 5]] [[""A"" 1]] [[""A"" 5]] [[""A"" 5]] [[""A"" 5]] [[""A"" 5]] [[""A"" 1]] [[""A"" 5]] [[""A"" 5]] [[""A"" 5]] [[""A"" 5]] [[""A"" 5]] [[""A"" 5]] [[""A"" 5]] [[""A"" 1]] [[""A"" 5]] [[""A"" 5]]]] [51 [[[""A"" 4]] [[""A"" 4]] [[""A"" 4]] [[""A"" 4]] [[""A"" 4]] [[""A"" 4]] [[""A"" 1]] [[""A"" 1]] [[""A"" 1]] [[""A"" 1]] [[""A"" 4]] [[""A"" 1]] [[""A"" 4]] [[""A"" 4]] [[""A"" 1]] [[""A"" 4]] [[""A"" 4]] [[""A"" 1]] [[""A"" 4]] [[""A"" 1]] [[""A"" 4]] [[""A"" 1]] [[""A"" 4]] [[""A"" 1]] [[""A"" 4]] [[""A"" 1]] [[""A"" 4]] [[""A"" 1]] [[""A"" 1]] [[""A"" 1]] [[""A"" 1]] [[""A"" 4]] [[""A"" 3]] [[""A"" 1]] [[""A"" 1]] [[""A"" 4]] [[""A"" 4]] [[""A"" 1]] [[""A"" 1]] [[""A"" 1]] [[""A"" 1]] [[""A"" 4]] [[""A"" 4]] [[""A"" 4]] [[""A"" 4]] [[""A"" 4]] [[""A"" 0]] [[""A"" 4]] [[""A"" 1]] [[""A"" 4]]]] [52 [[[""A"" 3]] [[""A"" 3]] [[""A"" 0]] [[""A"" 5]] [[""A"" 5]] [[""A"" 5]] [[""A"" 5]] [[""A"" 5]] [[""A"" 5]] [[""A"" 5]] [[""A"" 5]] [[""A"" 3]] [[""A"" 3]] [[""A"" 5]] [[""A"" 5]] [[""A"" 5]] [[""A"" 3]] [[""A"" 5]] [[""A"" 5]] [[""A"" 0]] [[""A"" 5]] [[""A"" 5]] [[""A"" 5]] [[""A"" 3]] [[""A"" 3]] [[""A"" 5]] [[""A"" 0]] [[""A"" 3]] [[""A"" 3]] [[""A"" 5]] [[""A"" 5]] [[""A"" 5]] [[""A"" 3]] [[""A"" 0]] [[""A"" 3]] [[""A"" 5]] [[""A"" 5]] [[""A"" 3]] [[""A"" 5]] [[""A"" 3]] [[""A"" 3]] [[""A"" 5]] [[""A"" 3]] [[""A"" 5]] [[""A"" 5]] [[""A"" 3]] [[""A"" 0]] [[""A"" 5]] [[""A"" 5]] [[""A"" 5]]]] [53 [[[""A"" 4]] [[""A"" 4]] [[""A"" 4]] [[""A"" 4]] [[""A"" 0]] [[""A"" 4]] [[""A"" 4]] [[""A"" 0]] [[""A"" 4]] [[""A"" 4]] [[""A"" 4]] [[""A"" 0]] [[""A"" 4]] [[""A"" 6]] [[""A"" 0]] [[""A"" 4]] [[""A"" 4]] [[""A"" 4]] [[""A"" 4]] [[""A"" 0]] [[""A"" 0]] [[""A"" 4]] [[""A"" 4]] [[""A"" 4]] [[""A"" 6]] [[""A"" 6]] [[""A"" 4]] [[""A"" 4]] [[""A"" 6]] [[""A"" 4]] [[""A"" 4]] [[""A"" 6]] [[""A"" 0]] [[""A"" 0]] [[""A"" 6]] [[""A"" 4]] [[""A"" 6]] [[""A"" 0]] [[""A"" 4]] [[""A"" 0]] [[""A"" 6]] [[""A"" 4]] [[""A"" 4]] [[""A"" 4]] [[""A"" 4]] [[""A"" 6]] [[""A"" 4]] [[""A"" 0]] [[""A"" 4]] [[""A"" 4]]]] [54 [[[""A"" 3]] [[""A"" 3]] [[""A"" 1]] [[""A"" 5]] [[""A"" 1]] [[""A"" 5]] [[""A"" 1]] [[""A"" 1]] [[""A"" 3]] [[""A"" 1]] [[""A"" 5]] [[""A"" 5]] [[""A"" 1]] [[""A"" 3]] [[""A"" 1]] [[""A"" 1]] [[""A"" 3]] [[""A"" 1]] [[""A"" 5]] [[""A"" 0]] [[""A"" 1]] [[""A"" 5]] [[""A"" 1]] [[""A"" 5]] [[""A"" 3]] [[""A"" 3]] [[""A"" 1]] [[""A"" 1]] [[""A"" 1]] [[""A"" 1]] [[""A"" 1]] [[""A"" 3]] [[""A"" 5]] [[""A"" 1]] [[""A"" 5]] [[""A"" 5]] [[""A"" 3]] [[""A"" 1]] [[""A"" 1]] [[""A"" 1]] [[""A"" 3]] [[""A"" 1]] [[""A"" 1]] [[""A"" 3]] [[""A"" 5]] [[""A"" 5]] [[""A"" 5]] [[""A"" 1]] [[""A"" 5]] [[""A"" 5]]]] [55 [[[""A"" 3]] [[""A"" 3]] [[""A"" 0]] [[""A"" 3]] [[""A"" 0]] [[""A"" 3]] [[""A"" 0]] [[""A"" 0]] [[""A"" 3]] [[""A"" 0]] [[""A"" 3]] [[""A"" 3]] [[""A"" 0]] [[""A"" 0]] [[""A"" 3]] [[""A"" 3]] [[""A"" 3]] [[""A"" 3]] [[""A"" 3]] [[""A"" 3]] [[""A"" 3]] [[""A"" 3]] [[""A"" 0]] [[""A"" 3]] [[""A"" 3]] [[""A"" 3]] [[""A"" 0]] [[""A"" 0]] [[""A"" 0]] [[""A"" 3]] [[""A"" 0]] [[""A"" 3]] [[""A"" 3]] [[""A"" 0]] [[""A"" 3]] [[""A"" 5]] [[""A"" 3]] [[""A"" 0]] [[""A"" 3]] [[""A"" 0]] [[""A"" 3]] [[""A"" 0]] [[""A"" 0]] [[""A"" 3]] [[""A"" 3]] [[""A"" 3]] [[""A"" 3]] [[""A"" 3]] [[""A"" 3]] [[""A"" 3]]]] [56 [[[""A"" 0]] [[""A"" 5]] [[""A"" 3]] [[""A"" 0]] [[""A"" 3]] [[""A"" 5]] [[""A"" 3]] [[""A"" 0]] [[""A"" 5]] [[""A"" 0]] [[""A"" 0]] [[""A"" 0]] [[""A"" 3]] [[""A"" 5]] [[""A"" 0]] [[""A"" 0]] [[""A"" 3]] [[""A"" 0]] [[""A"" 0]] [[""A"" 3]] [[""A"" 0]] [[""A"" 0]] [[""A"" 5]] [[""A"" 3]] [[""A"" 5]] [[""A"" 0]] [[""A"" 3]] [[""A"" 3]] [[""A"" 0]] [[""A"" 0]] [[""A"" 0]] [[""A"" 3]] [[""A"" 0]] [[""A"" 5]] [[""A"" 0]] [[""A"" 5]] [[""A"" 0]] [[""A"" 0]] [[""A"" 0]] [[""A"" 5]] [[""A"" 3]] [[""A"" 5]] [[""A"" 0]] [[""A"" 5]] [[""A"" 5]] [[""A"" 0]] [[""A"" 0]] [[""A"" 5]] [[""A"" 3]] [[""A"" 3]]]] [57 [[[""A"" 4]] [[""A"" 4]] [[""A"" 4]] [[""A"" 1]] [[""A"" 4]] [[""A"" 4]] [[""A"" 1]] [[""A"" 1]] [[""A"" 4]] [[""A"" 4]] [[""A"" 1]] [[""A"" 1]] [[""A"" 4]] [[""A"" 4]] [[""A"" 1]] [[""A"" 4]] [[""A"" 4]] [[""A"" 1]] [[""A"" 1]] [[""A"" 1]] [[""A"" 1]] [[""A"" 4]] [[""A"" 4]] [[""A"" 1]] [[""A"" 4]] [[""A"" 1]] [[""A"" 4]] [[""A"" 1]] [[""A"" 1]] [[""A"" 4]] [[""A"" 4]] [[""A"" 4]] [[""A"" 1]] [[""A"" 4]] [[""A"" 1]] [[""A"" 1]] [[""A"" 1]] [[""A"" 1]] [[""A"" 1]] [[""A"" 1]] [[""A"" 4]] [[""A"" 4]] [[""A"" 1]] [[""A"" 1]] [[""A"" 4]] [[""A"" 1]] [[""A"" 1]] [[""A"" 1]] [[""A"" 4]] [[""A"" 1]]]] [58 [[[""A"" 3]] [[""A"" 0]] [[""A"" 5]] [[""A"" 3]] [[""A"" 5]] [[""A"" 3]] [[""A"" 0]] [[""A"" 0]] [[""A"" 3]] [[""A"" 5]] [[""A"" 5]] [[""A"" 0]] [[""A"" 5]] [[""A"" 5]] [[""A"" 3]] [[""A"" 0]] [[""A"" 5]] [[""A"" 3]] [[""A"" 3]] [[""A"" 0]] [[""A"" 5]] [[""A"" 5]] [[""A"" 5]] [[""A"" 5]] [[""A"" 5]] [[""A"" 3]] [[""A"" 3]] [[""A"" 5]] [[""A"" 0]] [[""A"" 5]] [[""A"" 0]] [[""A"" 5]] [[""A"" 3]] [[""A"" 5]] [[""A"" 5]] [[""A"" 0]] [[""A"" 3]] [[""A"" 5]] [[""A"" 0]] [[""A"" 5]] [[""A"" 5]] [[""A"" 0]] [[""A"" 5]] [[""A"" 0]] [[""A"" 0]] [[""A"" 3]] [[""A"" 5]] [[""A"" 3]] [[""A"" 5]] [[""A"" 3]]]] [59 [[[""A"" 0]] [[""A"" 2]] [[""A"" 0]] [[""A"" 2]] [[""A"" 2]] [[""A"" 0]] [[""A"" 0]] [[""A"" 0]] [[""A"" 0]] [[""A"" 0]] [[""A"" 0]] [[""A"" 0]] [[""A"" 6]] [[""A"" 0]] [[""A"" 6]] [[""A"" 6]] [[""A"" 6]] [[""A"" 6]] [[""A"" 2]] [[""A"" 2]] [[""A"" 2]] [[""A"" 6]] [[""A"" 6]] [[""A"" 0]] [[""A"" 2]] [[""A"" 0]] [[""A"" 6]] [[""A"" 2]] [[""A"" 0]] [[""A"" 6]] [[""A"" 2]] [[""A"" 0]] [[""A"" 2]] [[""A"" 2]] [[""A"" 2]] [[""A"" 0]] [[""A"" 0]] [[""A"" 2]] [[""A"" 0]] [[""A"" 2]] [[""A"" 2]] [[""A"" 2]] [[""A"" 5]] [[""A"" 2]] [[""A"" 0]] [[""A"" 0]] [[""A"" 0]] [[""A"" 2]] [[""A"" 2]] [[""A"" 0]]]] [60 [[[""A"" 0]] [[""A"" 0]] [[""A"" 3]] [[""A"" 5]] [[""A"" 5]] [[""A"" 3]] [[""A"" 0]] [[""A"" 3]] [[""A"" 0]] [[""A"" 0]] [[""A"" 3]] [[""A"" 5]] [[""A"" 0]] [[""A"" 3]] [[""A"" 3]] [[""A"" 5]] [[""A"" 3]] [[""A"" 0]] [[""A"" 0]] [[""A"" 0]] [[""A"" 3]] [[""A"" 0]] [[""A"" 0]] [[""A"" 5]] [[""A"" 0]] [[""A"" 0]] [[""A"" 5]] [[""A"" 0]] [[""A"" 0]] [[""A"" 5]] [[""A"" 5]] [[""A"" 0]] [[""A"" 5]] [[""A"" 5]] [[""A"" 0]] [[""A"" 5]] [[""A"" 0]] [[""A"" 3]] [[""A"" 0]] [[""A"" 0]] [[""A"" 5]] [[""A"" 3]] [[""A"" 0]] [[""A"" 0]] [[""A"" 0]] [[""A"" 0]] [[""A"" 5]] [[""A"" 0]] [[""A"" 5]] [[""A"" 5]]]] [61 [[[""A"" 1]] [[""A"" 1]] [[""A"" 3]] [[""A"" 3]] [[""A"" 1]] [[""A"" 3]] [[""A"" 1]] [[""A"" 1]] [[""A"" 1]] [[""A"" 1]] [[""A"" 1]] [[""A"" 3]] [[""A"" 3]] [[""A"" 1]] [[""A"" 1]] [[""A"" 3]] [[""A"" 1]] [[""A"" 1]] [[""A"" 1]] [[""A"" 3]] [[""A"" 1]] [[""A"" 1]] [[""A"" 3]] [[""A"" 1]] [[""A"" 1]] [[""A"" 3]] [[""A"" 1]] [[""A"" 1]] [[""A"" 1]] [[""A"" 1]] [[""A"" 1]] [[""A"" 1]] [[""A"" 3]] [[""A"" 3]] [[""A"" 1]] [[""A"" 1]] [[""A"" 1]] [[""A"" 1]] [[""A"" 1]] [[""A"" 1]] [[""A"" 1]] [[""A"" 3]] [[""A"" 3]] [[""A"" 1]] [[""A"" 1]] [[""A"" 1]] [[""A"" 3]] [[""A"" 1]] [[""A"" 1]] [[""A"" 4]]]] [62 [[[""A"" 0]] [[""A"" 0]] [[""A"" 3]] [[""A"" 3]] [[""A"" 0]] [[""A"" 5]] [[""A"" 5]] [[""A"" 5]] [[""A"" 3]] [[""A"" 0]] [[""A"" 0]] [[""A"" 0]] [[""A"" 0]] [[""A"" 3]] [[""A"" 3]] [[""A"" 3]] [[""A"" 3]] [[""A"" 5]] [[""A"" 0]] [[""A"" 3]] [[""A"" 0]] [[""A"" 0]] [[""A"" 3]] [[""A"" 0]] [[""A"" 3]] [[""A"" 3]] [[""A"" 5]] [[""A"" 3]] [[""A"" 0]] [[""A"" 5]] [[""A"" 5]] [[""A"" 5]] [[""A"" 0]] [[""A"" 3]] [[""A"" 5]] [[""A"" 0]] [[""A"" 3]] [[""A"" 5]] [[""A"" 3]] [[""A"" 3]] [[""A"" 5]] [[""A"" 5]] [[""A"" 3]] [[""A"" 0]] [[""A"" 5]] [[""A"" 3]] [[""A"" 5]] [[""A"" 0]] [[""A"" 5]] [[""A"" 5]]]] [63 [[[""A"" 1]] [[""A"" 5]] [[""A"" 5]] [[""A"" 5]] [[""A"" 5]] [[""A"" 5]] [[""A"" 5]] [[""A"" 5]] [[""A"" 5]] [[""A"" 5]] [[""A"" 3]] [[""A"" 1]] [[""A"" 5]] [[""A"" 1]] [[""A"" 1]] [[""A"" 1]] [[""A"" 5]] [[""A"" 5]] [[""A"" 1]] [[""A"" 5]] [[""A"" 3]] [[""A"" 5]] [[""A"" 5]] [[""A"" 5]] [[""A"" 5]] [[""A"" 5]] [[""A"" 5]] [[""A"" 5]] [[""A"" 5]] [[""A"" 1]] [[""A"" 5]] [[""A"" 5]] [[""A"" 5]] [[""A"" 5]] [[""A"" 1]] [[""A"" 5]] [[""A"" 5]] [[""A"" 5]] [[""A"" 5]] [[""A"" 5]] [[""A"" 5]] [[""A"" 1]] [[""A"" 1]] [[""A"" 5]] [[""A"" 5]] [[""A"" 5]] [[""A"" 1]] [[""A"" 5]] [[""A"" 5]] [[""A"" 5]]]] [64 [[[""A"" 0]] [[""A"" 6]] [[""A"" 3]] [[""A"" 3]] [[""A"" 6]] [[""A"" 0]] [[""A"" 3]] [[""A"" 0]] [[""A"" 6]] [[""A"" 0]] [[""A"" 6]] [[""A"" 6]] [[""A"" 6]] [[""A"" 0]] [[""A"" 0]] [[""A"" 3]] [[""A"" 0]] [[""A"" 3]] [[""A"" 0]] [[""A"" 6]] [[""A"" 3]] [[""A"" 0]] [[""A"" 0]] [[""A"" 6]] [[""A"" 3]] [[""A"" 0]] [[""A"" 0]] [[""A"" 0]] [[""A"" 6]] [[""A"" 0]] [[""A"" 6]] [[""A"" 3]] [[""A"" 0]] [[""A"" 6]] [[""A"" 6]] [[""A"" 0]] [[""A"" 6]] [[""A"" 3]] [[""A"" 0]] [[""A"" 0]] [[""A"" 3]] [[""A"" 3]] [[""A"" 6]] [[""A"" 3]] [[""A"" 3]] [[""A"" 3]] [[""A"" 0]] [[""A"" 0]] [[""A"" 6]] [[""A"" 3]]]] [65 [[[""A"" 4]] [[""A"" 4]] [[""A"" 4]] [[""A"" 4]] [[""A"" 4]] [[""A"" 1]] [[""A"" 4]] [[""A"" 4]] [[""A"" 4]] [[""A"" 1]] [[""A"" 4]] [[""A"" 4]] [[""A"" 4]] [[""A"" 1]] [[""A"" 4]] [[""A"" 1]] [[""A"" 4]] [[""A"" 4]] [[""A"" 1]] [[""A"" 4]] [[""A"" 1]] [[""A"" 1]] [[""A"" 1]] [[""A"" 4]] [[""A"" 4]] [[""A"" 4]] [[""A"" 1]] [[""A"" 1]] [[""A"" 4]] [[""A"" 1]] [[""A"" 4]] [[""A"" 1]] [[""A"" 1]] [[""A"" 4]] [[""A"" 4]] [[""A"" 1]] [[""A"" 4]] [[""A"" 4]] [[""A"" 1]] [[""A"" 4]] [[""A"" 1]] [[""A"" 4]] [[""A"" 4]] [[""A"" 4]] [[""A"" 1]] [[""A"" 1]] [[""A"" 4]] [[""A"" 1]] [[""A"" 4]] [[""A"" 1]]]] [66 [[[""A"" 5]] [[""A"" 5]] [[""A"" 2]] [[""A"" 2]] [[""A"" 5]] [[""A"" 2]] [[""A"" 2]] [[""A"" 0]] [[""A"" 2]] [[""A"" 2]] [[""A"" 0]] [[""A"" 5]] [[""A"" 5]] [[""A"" 2]] [[""A"" 0]] [[""A"" 2]] [[""A"" 5]] [[""A"" 5]] [[""A"" 2]] [[""A"" 5]] [[""A"" 2]] [[""A"" 0]] [[""A"" 0]] [[""A"" 2]] [[""A"" 5]] [[""A"" 5]] [[""A"" 2]] [[""A"" 0]] [[""A"" 5]] [[""A"" 0]] [[""A"" 5]] [[""A"" 0]] [[""A"" 0]] [[""A"" 5]] [[""A"" 0]] [[""A"" 0]] [[""A"" 2]] [[""A"" 2]] [[""A"" 2]] [[""A"" 0]] [[""A"" 2]] [[""A"" 0]] [[""A"" 0]] [[""A"" 0]] [[""A"" 0]] [[""A"" 2]] [[""A"" 5]] [[""A"" 2]] [[""A"" 2]] [[""A"" 0]]]] [67 [[[""A"" 6]] [[""A"" 3]] [[""A"" 6]] [[""A"" 3]] [[""A"" 6]] [[""A"" 6]] [[""A"" 3]] [[""A"" 2]] [[""A"" 3]] [[""A"" 6]] [[""A"" 3]] [[""A"" 3]] [[""A"" 6]] [[""A"" 6]] [[""A"" 1]] [[""A"" 6]] [[""A"" 6]] [[""A"" 3]] [[""A"" 6]] [[""A"" 3]] [[""A"" 3]] [[""A"" 3]] [[""A"" 3]] [[""A"" 3]] [[""A"" 6]] [[""A"" 6]] [[""A"" 6]] [[""A"" 3]] [[""A"" 6]] [[""A"" 3]] [[""A"" 6]] [[""A"" 3]] [[""A"" 3]] [[""A"" 6]] [[""A"" 3]] [[""A"" 3]] [[""A"" 6]] [[""A"" 6]] [[""A"" 3]] [[""A"" 3]] [[""A"" 6]] [[""A"" 3]] [[""A"" 3]] [[""A"" 3]] [[""A"" 3]] [[""A"" 3]] [[""A"" 3]] [[""A"" 6]] [[""A"" 3]] [[""A"" 3]]]] [68 [[[""A"" 4]] [[""A"" 0]] [[""A"" 0]] [[""A"" 0]] [[""A"" 6]] [[""A"" 4]] [[""A"" 0]] [[""A"" 4]] [[""A"" 0]] [[""A"" 0]] [[""A"" 4]] [[""A"" 6]] [[""A"" 6]] [[""A"" 6]] [[""A"" 0]] [[""A"" 4]] [[""A"" 0]] [[""A"" 0]] [[""A"" 0]] [[""A"" 0]] [[""A"" 0]] [[""A"" 4]] [[""A"" 4]] [[""A"" 4]] [[""A"" 0]] [[""A"" 4]] [[""A"" 4]] [[""A"" 0]] [[""A"" 6]] [[""A"" 6]] [[""A"" 4]] [[""A"" 4]] [[""A"" 0]] [[""A"" 6]] [[""A"" 0]] [[""A"" 6]] [[""A"" 0]] [[""A"" 6]] [[""A"" 4]] [[""A"" 4]] [[""A"" 0]] [[""A"" 4]] [[""A"" 0]] [[""A"" 6]] [[""A"" 6]] [[""A"" 0]] [[""A"" 4]] [[""A"" 0]] [[""A"" 4]] [[""A"" 0]]]] [69 [[[""A"" 3]] [[""A"" 3]] [[""A"" 3]] [[""A"" 3]] [[""A"" 3]] [[""A"" 3]] [[""A"" 3]] [[""A"" 3]] [[""A"" 6]] [[""A"" 3]] [[""A"" 6]] [[""A"" 6]] [[""A"" 3]] [[""A"" 3]] [[""A"" 3]] [[""A"" 3]] [[""A"" 3]] [[""A"" 3]] [[""A"" 3]] [[""A"" 3]] [[""A"" 3]] [[""A"" 3]] [[""A"" 3]] [[""A"" 3]] [[""A"" 3]] [[""A"" 3]] [[""A"" 3]] [[""A"" 3]] [[""A"" 6]] [[""A"" 3]] [[""A"" 3]] [[""A"" 3]] [[""A"" 3]] [[""A"" 3]] [[""A"" 3]] [[""A"" 3]] [[""A"" 3]] [[""A"" 3]] [[""A"" 6]] [[""A"" 3]] [[""A"" 3]] [[""A"" 3]] [[""A"" 3]] [[""A"" 3]] [[""A"" 6]] [[""A"" 6]] [[""A"" 3]] [[""A"" 3]] [[""A"" 3]] [[""A"" 3]]]] [70 [[[""A"" 1]] [[""A"" 4]] [[""A"" 4]] [[""A"" 4]] [[""A"" 4]] [[""A"" 4]] [[""A"" 4]] [[""A"" 4]] [[""A"" 4]] [[""A"" 4]] [[""A"" 4]] [[""A"" 4]] [[""A"" 4]] [[""A"" 4]] [[""A"" 4]] [[""A"" 4]] [[""A"" 4]] [[""A"" 4]] [[""A"" 4]] [[""A"" 4]] [[""A"" 4]] [[""A"" 4]] [[""A"" 4]] [[""A"" 4]] [[""A"" 4]] [[""A"" 4]] [[""A"" 4]] [[""A"" 4]] [[""A"" 4]] [[""A"" 4]] [[""A"" 4]] [[""A"" 4]] [[""A"" 5]] [[""A"" 4]] [[""A"" 1]] [[""A"" 4]] [[""A"" 4]] [[""A"" 4]] [[""A"" 4]] [[""A"" 4]] [[""A"" 4]] [[""A"" 4]] [[""A"" 4]] [[""A"" 4]] [[""A"" 4]] [[""A"" 4]] [[""A"" 4]] [[""A"" 4]] [[""A"" 4]] [[""A"" 4]]]] [71 [[[""A"" 5]] [[""A"" 5]] [[""A"" 4]] [[""A"" 4]] [[""A"" 5]] [[""A"" 5]] [[""A"" 5]] [[""A"" 1]] [[""A"" 5]] [[""A"" 5]] [[""A"" 5]] [[""A"" 5]] [[""A"" 5]] [[""A"" 5]] [[""A"" 5]] [[""A"" 5]] [[""A"" 5]] [[""A"" 5]] [[""A"" 5]] [[""A"" 5]] [[""A"" 5]] [[""A"" 5]] [[""A"" 5]] [[""A"" 5]] [[""A"" 5]] [[""A"" 5]] [[""A"" 5]] [[""A"" 5]] [[""A"" 5]] [[""A"" 5]] [[""A"" 5]] [[""A"" 5]] [[""A"" 5]] [[""A"" 5]] [[""A"" 1]] [[""A"" 5]] [[""A"" 5]] [[""A"" 5]] [[""A"" 5]] [[""A"" 5]] [[""A"" 5]] [[""A"" 5]] [[""A"" 5]] [[""A"" 5]] [[""A"" 5]] [[""A"" 5]] [[""A"" 5]] [[""A"" 5]] [[""A"" 5]] [[""A"" 5]]]] [72 [[[""A"" 5]] [[""A"" 5]] [[""A"" 1]] [[""A"" 5]] [[""A"" 1]] [[""A"" 0]] [[""A"" 5]] [[""A"" 1]] [[""A"" 5]] [[""A"" 1]] [[""A"" 5]] [[""A"" 5]] [[""A"" 1]] [[""A"" 5]] [[""A"" 1]] [[""A"" 1]] [[""A"" 1]] [[""A"" 5]] [[""A"" 1]] [[""A"" 5]] [[""A"" 1]] [[""A"" 1]] [[""A"" 1]] [[""A"" 5]] [[""A"" 1]] [[""A"" 1]] [[""A"" 1]] [[""A"" 1]] [[""A"" 4]] [[""A"" 1]] [[""A"" 5]] [[""A"" 5]] [[""A"" 5]] [[""A"" 1]] [[""A"" 1]] [[""A"" 5]] [[""A"" 1]] [[""A"" 1]] [[""A"" 5]] [[""A"" 1]] [[""A"" 5]] [[""A"" 5]] [[""A"" 1]] [[""A"" 1]] [[""A"" 5]] [[""A"" 5]] [[""A"" 1]] [[""A"" 5]] [[""A"" 5]] [[""A"" 5]]]] [73 [[[""A"" 5]] [[""A"" 0]] [[""A"" 5]] [[""A"" 5]] [[""A"" 5]] [[""A"" 5]] [[""A"" 3]] [[""A"" 5]] [[""A"" 5]] [[""A"" 5]] [[""A"" 5]] [[""A"" 5]] [[""A"" 5]] [[""A"" 5]] [[""A"" 5]] [[""A"" 5]] [[""A"" 5]] [[""A"" 5]] [[""A"" 5]] [[""A"" 5]] [[""A"" 5]] [[""A"" 5]] [[""A"" 5]] [[""A"" 5]] [[""A"" 5]] [[""A"" 5]] [[""A"" 0]] [[""A"" 5]] [[""A"" 5]] [[""A"" 0]] [[""A"" 5]] [[""A"" 5]] [[""A"" 5]] [[""A"" 5]] [[""A"" 5]] [[""A"" 5]] [[""A"" 5]] [[""A"" 5]] [[""A"" 5]] [[""A"" 5]] [[""A"" 5]] [[""A"" 5]] [[""A"" 5]] [[""A"" 5]] [[""A"" 5]] [[""A"" 5]] [[""A"" 5]] [[""A"" 5]] [[""A"" 5]] [[""A"" 5]]]] [74 [[[""A"" 1]] [[""A"" 1]] [[""A"" 2]] [[""A"" 4]] [[""A"" 4]] [[""A"" 1]] [[""A"" 4]] [[""A"" 1]] [[""A"" 1]] [[""A"" 1]] [[""A"" 4]] [[""A"" 4]] [[""A"" 1]] [[""A"" 1]] [[""A"" 1]] [[""A"" 4]] [[""A"" 1]] [[""A"" 1]] [[""A"" 1]] [[""A"" 1]] [[""A"" 4]] [[""A"" 1]] [[""A"" 1]] [[""A"" 4]] [[""A"" 1]] [[""A"" 1]] [[""A"" 1]] [[""A"" 1]] [[""A"" 1]] [[""A"" 1]] [[""A"" 1]] [[""A"" 4]] [[""A"" 1]] [[""A"" 1]] [[""A"" 1]] [[""A"" 4]] [[""A"" 1]] [[""A"" 4]] [[""A"" 1]] [[""A"" 4]] [[""A"" 1]] [[""A"" 2]] [[""A"" 1]] [[""A"" 1]] [[""A"" 4]] [[""A"" 1]] [[""A"" 1]] [[""A"" 1]] [[""A"" 1]] [[""A"" 1]]]] [75 [[[""A"" 3]] [[""A"" 3]] [[""A"" 3]] [[""A"" 3]] [[""A"" 3]] [[""A"" 5]] [[""A"" 0]] [[""A"" 5]] [[""A"" 3]] [[""A"" 5]] [[""A"" 3]] [[""A"" 3]] [[""A"" 3]] [[""A"" 3]] [[""A"" 3]] [[""A"" 3]] [[""A"" 3]] [[""A"" 0]] [[""A"" 0]] [[""A"" 3]] [[""A"" 0]] [[""A"" 3]] [[""A"" 3]] [[""A"" 0]] [[""A"" 3]] [[""A"" 0]] [[""A"" 5]] [[""A"" 3]] [[""A"" 5]] [[""A"" 0]] [[""A"" 0]] [[""A"" 3]] [[""A"" 3]] [[""A"" 0]] [[""A"" 3]] [[""A"" 0]] [[""A"" 3]] [[""A"" 5]] [[""A"" 0]] [[""A"" 3]] [[""A"" 0]] [[""A"" 0]] [[""A"" 3]] [[""A"" 3]] [[""A"" 0]] [[""A"" 0]] [[""A"" 3]] [[""A"" 3]] [[""A"" 0]] [[""A"" 0]]]] [76 [[[""A"" 2]] [[""A"" 2]] [[""A"" 5]] [[""A"" 2]] [[""A"" 2]] [[""A"" 2]] [[""A"" 2]] [[""A"" 0]] [[""A"" 2]] [[""A"" 0]] [[""A"" 2]] [[""A"" 0]] [[""A"" 2]] [[""A"" 2]] [[""A"" 2]] [[""A"" 0]] [[""A"" 2]] [[""A"" 2]] [[""A"" 2]] [[""A"" 2]] [[""A"" 2]] [[""A"" 2]] [[""A"" 2]] [[""A"" 2]] [[""A"" 0]] [[""A"" 2]] [[""A"" 2]] [[""A"" 2]] [[""A"" 2]] [[""A"" 2]] [[""A"" 2]] [[""A"" 5]] [[""A"" 0]] [[""A"" 2]] [[""A"" 2]] [[""A"" 2]] [[""A"" 0]] [[""A"" 2]] [[""A"" 2]] [[""A"" 2]] [[""A"" 2]] [[""A"" 2]] [[""A"" 2]] [[""A"" 2]] [[""A"" 2]] [[""A"" 0]] [[""A"" 5]] [[""A"" 2]] [[""A"" 0]] [[""A"" 0]]]] [77 [[[""A"" 6]] [[""A"" 6]] [[""A"" 6]] [[""A"" 0]] [[""A"" 0]] [[""A"" 6]] [[""A"" 0]] [[""A"" 6]] [[""A"" 6]] [[""A"" 6]] [[""A"" 6]] [[""A"" 6]] [[""A"" 6]] [[""A"" 6]] [[""A"" 0]] [[""A"" 0]] [[""A"" 6]] [[""A"" 6]] [[""A"" 6]] [[""A"" 0]] [[""A"" 6]] [[""A"" 0]] [[""A"" 0]] [[""A"" 6]] [[""A"" 0]] [[""A"" 6]] [[""A"" 0]] [[""A"" 6]] [[""A"" 6]] [[""A"" 4]] [[""A"" 0]] [[""A"" 0]] [[""A"" 6]] [[""A"" 6]] [[""A"" 6]] [[""A"" 0]] [[""A"" 0]] [[""A"" 6]] [[""A"" 6]] [[""A"" 6]] [[""A"" 0]] [[""A"" 0]] [[""A"" 6]] [[""A"" 0]] [[""A"" 6]] [[""A"" 6]] [[""A"" 6]] [[""A"" 6]] [[""A"" 6]] [[""A"" 0]]]] [78 [[[""A"" 5]] [[""A"" 5]] [[""A"" 5]] [[""A"" 5]] [[""A"" 1]] [[""A"" 3]] [[""A"" 5]] [[""A"" 5]] [[""A"" 5]] [[""A"" 5]] [[""A"" 5]] [[""A"" 5]] [[""A"" 5]] [[""A"" 5]] [[""A"" 1]] [[""A"" 3]] [[""A"" 5]] [[""A"" 5]] [[""A"" 5]] [[""A"" 1]] [[""A"" 3]] [[""A"" 3]] [[""A"" 5]] [[""A"" 5]] [[""A"" 1]] [[""A"" 5]] [[""A"" 5]] [[""A"" 5]] [[""A"" 5]] [[""A"" 5]] [[""A"" 1]] [[""A"" 5]] [[""A"" 5]] [[""A"" 5]] [[""A"" 5]] [[""A"" 5]] [[""A"" 1]] [[""A"" 5]] [[""A"" 5]] [[""A"" 5]] [[""A"" 5]] [[""A"" 5]] [[""A"" 3]] [[""A"" 5]] [[""A"" 5]] [[""A"" 5]] [[""A"" 5]] [[""A"" 5]] [[""A"" 5]] [[""A"" 1]]]] [79 [[[""A"" 5]] [[""A"" 0]] [[""A"" 5]] [[""A"" 0]] [[""A"" 0]] [[""A"" 0]] [[""A"" 0]] [[""A"" 2]] [[""A"" 5]] [[""A"" 0]] [[""A"" 5]] [[""A"" 0]] [[""A"" 0]] [[""A"" 2]] [[""A"" 0]] [[""A"" 0]] [[""A"" 5]] [[""A"" 5]] [[""A"" 2]] [[""A"" 5]] [[""A"" 2]] [[""A"" 0]] [[""A"" 0]] [[""A"" 5]] [[""A"" 0]] [[""A"" 0]] [[""A"" 5]] [[""A"" 5]] [[""A"" 0]] [[""A"" 2]] [[""A"" 0]] [[""A"" 0]] [[""A"" 5]] [[""A"" 0]] [[""A"" 0]] [[""A"" 5]] [[""A"" 0]] [[""A"" 0]] [[""A"" 2]] [[""A"" 5]] [[""A"" 0]] [[""A"" 5]] [[""A"" 0]] [[""A"" 2]] [[""A"" 2]] [[""A"" 2]] [[""A"" 5]] [[""A"" 5]] [[""A"" 5]] [[""A"" 5]]]] [80 [[[""A"" 5]] [[""A"" 5]] [[""A"" 5]] [[""A"" 0]] [[""A"" 0]] [[""A"" 5]] [[""A"" 5]] [[""A"" 5]] [[""A"" 5]] [[""A"" 5]] [[""A"" 5]] [[""A"" 5]] [[""A"" 0]] [[""A"" 5]] [[""A"" 5]] [[""A"" 5]] [[""A"" 5]] [[""A"" 5]] [[""A"" 5]] [[""A"" 5]] [[""A"" 5]] [[""A"" 0]] [[""A"" 0]] [[""A"" 5]] [[""A"" 5]] [[""A"" 5]] [[""A"" 5]] [[""A"" 0]] [[""A"" 5]] [[""A"" 5]] [[""A"" 0]] [[""A"" 0]] [[""A"" 5]] [[""A"" 0]] [[""A"" 5]] [[""A"" 5]] [[""A"" 0]] [[""A"" 0]] [[""A"" 5]] [[""A"" 0]] [[""A"" 5]] [[""A"" 5]] [[""A"" 5]] [[""A"" 0]] [[""A"" 5]] [[""A"" 0]] [[""A"" 5]] [[""A"" 5]] [[""A"" 5]] [[""A"" 5]]]] [81 [[[""A"" 1]] [[""A"" 1]] [[""A"" 1]] [[""A"" 1]] [[""A"" 1]] [[""A"" 3]] [[""A"" 3]] [[""A"" 1]] [[""A"" 1]] [[""A"" 3]] [[""A"" 1]] [[""A"" 1]] [[""A"" 1]] [[""A"" 1]] [[""A"" 3]] [[""A"" 3]] [[""A"" 1]] [[""A"" 1]] [[""A"" 1]] [[""A"" 3]] [[""A"" 1]] [[""A"" 1]] [[""A"" 3]] [[""A"" 3]] [[""A"" 3]] [[""A"" 1]] [[""A"" 1]] [[""A"" 1]] [[""A"" 1]] [[""A"" 1]] [[""A"" 3]] [[""A"" 1]] [[""A"" 3]] [[""A"" 3]] [[""A"" 1]] [[""A"" 1]] [[""A"" 1]] [[""A"" 1]] [[""A"" 1]] [[""A"" 3]] [[""A"" 3]] [[""A"" 1]] [[""A"" 1]] [[""A"" 3]] [[""A"" 1]] [[""A"" 3]] [[""A"" 1]] [[""A"" 1]] [[""A"" 3]] [[""A"" 3]]]] [82 [[[""A"" 0]] [[""A"" 0]] [[""A"" 5]] [[""A"" 5]] [[""A"" 0]] [[""A"" 3]] [[""A"" 0]] [[""A"" 0]] [[""A"" 0]] [[""A"" 0]] [[""A"" 0]] [[""A"" 5]] [[""A"" 3]] [[""A"" 0]] [[""A"" 5]] [[""A"" 3]] [[""A"" 0]] [[""A"" 5]] [[""A"" 0]] [[""A"" 0]] [[""A"" 0]] [[""A"" 0]] [[""A"" 0]] [[""A"" 0]] [[""A"" 5]] [[""A"" 5]] [[""A"" 0]] [[""A"" 0]] [[""A"" 3]] [[""A"" 5]] [[""A"" 0]] [[""A"" 0]] [[""A"" 0]] [[""A"" 3]] [[""A"" 5]] [[""A"" 5]] [[""A"" 5]] [[""A"" 0]] [[""A"" 3]] [[""A"" 3]] [[""A"" 3]] [[""A"" 3]] [[""A"" 5]] [[""A"" 0]] [[""A"" 0]] [[""A"" 5]] [[""A"" 3]] [[""A"" 0]] [[""A"" 3]] [[""A"" 3]]]] [83 [[[""A"" 1]] [[""A"" 4]] [[""A"" 1]] [[""A"" 4]] [[""A"" 4]] [[""A"" 4]] [[""A"" 1]] [[""A"" 1]] [[""A"" 4]] [[""A"" 1]] [[""A"" 1]] [[""A"" 4]] [[""A"" 4]] [[""A"" 4]] [[""A"" 4]] [[""A"" 4]] [[""A"" 1]] [[""A"" 4]] [[""A"" 1]] [[""A"" 1]] [[""A"" 1]] [[""A"" 1]] [[""A"" 4]] [[""A"" 1]] [[""A"" 4]] [[""A"" 4]] [[""A"" 4]] [[""A"" 1]] [[""A"" 4]] [[""A"" 4]] [[""A"" 1]] [[""A"" 4]] [[""A"" 4]] [[""A"" 1]] [[""A"" 4]] [[""A"" 4]] [[""A"" 4]] [[""A"" 1]] [[""A"" 1]] [[""A"" 4]] [[""A"" 4]] [[""A"" 4]] [[""A"" 4]] [[""A"" 4]] [[""A"" 1]] [[""A"" 4]] [[""A"" 1]] [[""A"" 1]] [[""A"" 1]] [[""A"" 1]]]] [84 [[[""A"" 0]] [[""A"" 0]] [[""A"" 0]] [[""A"" 0]] [[""A"" 5]] [[""A"" 0]] [[""A"" 0]] [[""A"" 0]] [[""A"" 5]] [[""A"" 5]] [[""A"" 0]] [[""A"" 5]] [[""A"" 5]] [[""A"" 5]] [[""A"" 0]] [[""A"" 0]] [[""A"" 0]] [[""A"" 3]] [[""A"" 0]] [[""A"" 5]] [[""A"" 3]] [[""A"" 0]] [[""A"" 0]] [[""A"" 0]] [[""A"" 5]] [[""A"" 3]] [[""A"" 0]] [[""A"" 0]] [[""A"" 3]] [[""A"" 0]] [[""A"" 0]] [[""A"" 5]] [[""A"" 5]] [[""A"" 0]] [[""A"" 0]] [[""A"" 5]] [[""A"" 5]] [[""A"" 0]] [[""A"" 0]] [[""A"" 5]] [[""A"" 0]] [[""A"" 3]] [[""A"" 3]] [[""A"" 5]] [[""A"" 0]] [[""A"" 5]] [[""A"" 0]] [[""A"" 0]] [[""A"" 0]] [[""A"" 0]]]] [85 [[[""A"" 0]] [[""A"" 5]] [[""A"" 5]] [[""A"" 0]] [[""A"" 3]] [[""A"" 0]] [[""A"" 5]] [[""A"" 0]] [[""A"" 3]] [[""A"" 3]] [[""A"" 5]] [[""A"" 5]] [[""A"" 3]] [[""A"" 5]] [[""A"" 5]] [[""A"" 0]] [[""A"" 0]] [[""A"" 5]] [[""A"" 0]] [[""A"" 5]] [[""A"" 5]] [[""A"" 0]] [[""A"" 0]] [[""A"" 5]] [[""A"" 5]] [[""A"" 5]] [[""A"" 3]] [[""A"" 5]] [[""A"" 3]] [[""A"" 0]] [[""A"" 0]] [[""A"" 5]] [[""A"" 5]] [[""A"" 0]] [[""A"" 0]] [[""A"" 3]] [[""A"" 3]] [[""A"" 3]] [[""A"" 5]] [[""A"" 3]] [[""A"" 0]] [[""A"" 5]] [[""A"" 5]] [[""A"" 5]] [[""A"" 5]] [[""A"" 5]] [[""A"" 3]] [[""A"" 0]] [[""A"" 5]] [[""A"" 3]]]] [86 [[[""A"" 5]] [[""A"" 3]] [[""A"" 5]] [[""A"" 1]] [[""A"" 5]] [[""A"" 1]] [[""A"" 1]] [[""A"" 5]] [[""A"" 5]] [[""A"" 5]] [[""A"" 5]] [[""A"" 5]] [[""A"" 5]] [[""A"" 5]] [[""A"" 5]] [[""A"" 1]] [[""A"" 5]] [[""A"" 1]] [[""A"" 1]] [[""A"" 5]] [[""A"" 5]] [[""A"" 1]] [[""A"" 1]] [[""A"" 5]] [[""A"" 5]] [[""A"" 1]] [[""A"" 5]] [[""A"" 5]] [[""A"" 1]] [[""A"" 3]] [[""A"" 1]] [[""A"" 5]] [[""A"" 5]] [[""A"" 1]] [[""A"" 5]] [[""A"" 5]] [[""A"" 5]] [[""A"" 1]] [[""A"" 5]] [[""A"" 1]] [[""A"" 1]] [[""A"" 5]] [[""A"" 1]] [[""A"" 3]] [[""A"" 5]] [[""A"" 5]] [[""A"" 5]] [[""A"" 1]] [[""A"" 5]] [[""A"" 5]]]] [87 [[[""A"" 4]] [[""A"" 4]] [[""A"" 4]] [[""A"" 4]] [[""A"" 4]] [[""A"" 4]] [[""A"" 4]] [[""A"" 4]] [[""A"" 0]] [[""A"" 4]] [[""A"" 4]] [[""A"" 4]] [[""A"" 4]] [[""A"" 4]] [[""A"" 4]] [[""A"" 4]] [[""A"" 4]] [[""A"" 0]] [[""A"" 4]] [[""A"" 4]] [[""A"" 4]] [[""A"" 4]] [[""A"" 4]] [[""A"" 4]] [[""A"" 4]] [[""A"" 4]] [[""A"" 4]] [[""A"" 4]] [[""A"" 4]] [[""A"" 0]] [[""A"" 4]] [[""A"" 4]] [[""A"" 0]] [[""A"" 4]] [[""A"" 4]] [[""A"" 4]] [[""A"" 4]] [[""A"" 0]] [[""A"" 4]] [[""A"" 4]] [[""A"" 4]] [[""A"" 4]] [[""A"" 4]] [[""A"" 4]] [[""A"" 4]] [[""A"" 4]] [[""A"" 0]] [[""A"" 4]] [[""A"" 4]] [[""A"" 4]]]] [88 [[[""A"" 3]] [[""A"" 3]] [[""A"" 1]] [[""A"" 3]] [[""A"" 3]] [[""A"" 1]] [[""A"" 3]] [[""A"" 3]] [[""A"" 1]] [[""A"" 3]] [[""A"" 3]] [[""A"" 3]] [[""A"" 3]] [[""A"" 3]] [[""A"" 3]] [[""A"" 1]] [[""A"" 3]] [[""A"" 3]] [[""A"" 3]] [[""A"" 3]] [[""A"" 4]] [[""A"" 5]] [[""A"" 1]] [[""A"" 3]] [[""A"" 3]] [[""A"" 3]] [[""A"" 3]] [[""A"" 3]] [[""A"" 3]] [[""A"" 1]] [[""A"" 3]] [[""A"" 1]] [[""A"" 3]] [[""A"" 1]] [[""A"" 3]] [[""A"" 3]] [[""A"" 1]] [[""A"" 3]] [[""A"" 1]] [[""A"" 3]] [[""A"" 1]] [[""A"" 1]] [[""A"" 3]] [[""A"" 1]] [[""A"" 3]] [[""A"" 3]] [[""A"" 1]] [[""A"" 3]] [[""A"" 3]] [[""A"" 3]]]] [89 [[[""A"" 5]] [[""A"" 5]] [[""A"" 1]] [[""A"" 5]] [[""A"" 5]] [[""A"" 1]] [[""A"" 5]] [[""A"" 1]] [[""A"" 1]] [[""A"" 1]] [[""A"" 5]] [[""A"" 5]] [[""A"" 5]] [[""A"" 5]] [[""A"" 5]] [[""A"" 1]] [[""A"" 5]] [[""A"" 5]] [[""A"" 5]] [[""A"" 5]] [[""A"" 5]] [[""A"" 5]] [[""A"" 1]] [[""A"" 5]] [[""A"" 1]] [[""A"" 5]] [[""A"" 5]] [[""A"" 1]] [[""A"" 5]] [[""A"" 1]] [[""A"" 5]] [[""A"" 5]] [[""A"" 5]] [[""A"" 1]] [[""A"" 1]] [[""A"" 1]] [[""A"" 1]] [[""A"" 5]] [[""A"" 5]] [[""A"" 5]] [[""A"" 5]] [[""A"" 5]] [[""A"" 5]] [[""A"" 1]] [[""A"" 5]] [[""A"" 5]] [[""A"" 0]] [[""A"" 5]] [[""A"" 5]] [[""A"" 5]]]] [90 [[[""A"" 5]] [[""A"" 5]] [[""A"" 3]] [[""A"" 5]] [[""A"" 5]] [[""A"" 5]] [[""A"" 1]] [[""A"" 5]] [[""A"" 5]] [[""A"" 5]] [[""A"" 5]] [[""A"" 5]] [[""A"" 5]] [[""A"" 5]] [[""A"" 1]] [[""A"" 3]] [[""A"" 5]] [[""A"" 5]] [[""A"" 3]] [[""A"" 3]] [[""A"" 3]] [[""A"" 3]] [[""A"" 5]] [[""A"" 5]] [[""A"" 5]] [[""A"" 5]] [[""A"" 5]] [[""A"" 5]] [[""A"" 5]] [[""A"" 3]] [[""A"" 3]] [[""A"" 1]] [[""A"" 5]] [[""A"" 5]] [[""A"" 5]] [[""A"" 1]] [[""A"" 5]] [[""A"" 5]] [[""A"" 3]] [[""A"" 3]] [[""A"" 3]] [[""A"" 1]] [[""A"" 5]] [[""A"" 5]] [[""A"" 3]] [[""A"" 5]] [[""A"" 3]] [[""A"" 5]] [[""A"" 5]] [[""A"" 5]]]] [91 [[[""A"" 0]] [[""A"" 5]] [[""A"" 6]] [[""A"" 0]] [[""A"" 0]] [[""A"" 6]] [[""A"" 0]] [[""A"" 6]] [[""A"" 0]] [[""A"" 0]] [[""A"" 0]] [[""A"" 6]] [[""A"" 6]] [[""A"" 0]] [[""A"" 0]] [[""A"" 0]] [[""A"" 0]] [[""A"" 0]] [[""A"" 6]] [[""A"" 0]] [[""A"" 0]] [[""A"" 0]] [[""A"" 3]] [[""A"" 0]] [[""A"" 6]] [[""A"" 0]] [[""A"" 0]] [[""A"" 0]] [[""A"" 0]] [[""A"" 0]] [[""A"" 0]] [[""A"" 0]] [[""A"" 0]] [[""A"" 0]] [[""A"" 6]] [[""A"" 0]] [[""A"" 3]] [[""A"" 6]] [[""A"" 0]] [[""A"" 0]] [[""A"" 6]] [[""A"" 0]] [[""A"" 3]] [[""A"" 0]] [[""A"" 6]] [[""A"" 0]] [[""A"" 6]] [[""A"" 6]] [[""A"" 0]] [[""A"" 6]]]] [92 [[[""A"" 5]] [[""A"" 0]] [[""A"" 5]] [[""A"" 0]] [[""A"" 2]] [[""A"" 5]] [[""A"" 5]] [[""A"" 2]] [[""A"" 0]] [[""A"" 0]] [[""A"" 2]] [[""A"" 5]] [[""A"" 0]] [[""A"" 0]] [[""A"" 2]] [[""A"" 5]] [[""A"" 5]] [[""A"" 0]] [[""A"" 5]] [[""A"" 0]] [[""A"" 0]] [[""A"" 2]] [[""A"" 0]] [[""A"" 0]] [[""A"" 2]] [[""A"" 2]] [[""A"" 2]] [[""A"" 2]] [[""A"" 0]] [[""A"" 5]] [[""A"" 2]] [[""A"" 0]] [[""A"" 0]] [[""A"" 2]] [[""A"" 0]] [[""A"" 0]] [[""A"" 2]] [[""A"" 5]] [[""A"" 5]] [[""A"" 5]] [[""A"" 2]] [[""A"" 2]] [[""A"" 5]] [[""A"" 0]] [[""A"" 2]] [[""A"" 2]] [[""A"" 5]] [[""A"" 5]] [[""A"" 2]] [[""A"" 2]]]] [93 [[[""A"" 1]] [[""A"" 1]] [[""A"" 1]] [[""A"" 1]] [[""A"" 1]] [[""A"" 1]] [[""A"" 1]] [[""A"" 5]] [[""A"" 1]] [[""A"" 1]] [[""A"" 3]] [[""A"" 5]] [[""A"" 1]] [[""A"" 1]] [[""A"" 1]] [[""A"" 1]] [[""A"" 1]] [[""A"" 1]] [[""A"" 1]] [[""A"" 1]] [[""A"" 1]] [[""A"" 3]] [[""A"" 1]] [[""A"" 1]] [[""A"" 1]] [[""A"" 3]] [[""A"" 1]] [[""A"" 1]] [[""A"" 1]] [[""A"" 1]] [[""A"" 3]] [[""A"" 5]] [[""A"" 1]] [[""A"" 1]] [[""A"" 1]] [[""A"" 1]] [[""A"" 1]] [[""A"" 5]] [[""A"" 1]] [[""A"" 1]] [[""A"" 5]] [[""A"" 5]] [[""A"" 1]] [[""A"" 1]] [[""A"" 1]] [[""A"" 1]] [[""A"" 1]] [[""A"" 1]] [[""A"" 1]] [[""A"" 5]]]] [94 [[[""A"" 1]] [[""A"" 1]] [[""A"" 3]] [[""A"" 3]] [[""A"" 1]] [[""A"" 5]] [[""A"" 5]] [[""A"" 3]] [[""A"" 1]] [[""A"" 5]] [[""A"" 5]] [[""A"" 3]] [[""A"" 1]] [[""A"" 1]] [[""A"" 1]] [[""A"" 1]] [[""A"" 1]] [[""A"" 1]] [[""A"" 5]] [[""A"" 1]] [[""A"" 3]] [[""A"" 5]] [[""A"" 5]] [[""A"" 1]] [[""A"" 5]] [[""A"" 3]] [[""A"" 5]] [[""A"" 1]] [[""A"" 3]] [[""A"" 3]] [[""A"" 5]] [[""A"" 1]] [[""A"" 1]] [[""A"" 5]] [[""A"" 1]] [[""A"" 5]] [[""A"" 1]] [[""A"" 1]] [[""A"" 5]] [[""A"" 1]] [[""A"" 1]] [[""A"" 1]] [[""A"" 5]] [[""A"" 1]] [[""A"" 3]] [[""A"" 5]] [[""A"" 5]] [[""A"" 1]] [[""A"" 1]] [[""A"" 5]]]] [95 [[[""A"" 0]] [[""A"" 0]] [[""A"" 0]] [[""A"" 5]] [[""A"" 0]] [[""A"" 0]] [[""A"" 5]] [[""A"" 0]] [[""A"" 5]] [[""A"" 5]] [[""A"" 5]] [[""A"" 0]] [[""A"" 0]] [[""A"" 0]] [[""A"" 0]] [[""A"" 5]] [[""A"" 5]] [[""A"" 0]] [[""A"" 5]] [[""A"" 0]] [[""A"" 0]] [[""A"" 5]] [[""A"" 5]] [[""A"" 0]] [[""A"" 0]] [[""A"" 5]] [[""A"" 0]] [[""A"" 5]] [[""A"" 0]] [[""A"" 0]] [[""A"" 5]] [[""A"" 0]] [[""A"" 5]] [[""A"" 5]] [[""A"" 0]] [[""A"" 5]] [[""A"" 5]] [[""A"" 0]] [[""A"" 0]] [[""A"" 5]] [[""A"" 5]] [[""A"" 0]] [[""A"" 5]] [[""A"" 0]] [[""A"" 5]] [[""A"" 0]] [[""A"" 5]] [[""A"" 5]] [[""A"" 0]] [[""A"" 5]]]] [96 [[[""A"" 3]] [[""A"" 3]] [[""A"" 1]] [[""A"" 3]] [[""A"" 3]] [[""A"" 3]] [[""A"" 3]] [[""A"" 3]] [[""A"" 3]] [[""A"" 3]] [[""A"" 3]] [[""A"" 0]] [[""A"" 3]] [[""A"" 3]] [[""A"" 3]] [[""A"" 3]] [[""A"" 3]] [[""A"" 3]] [[""A"" 3]] [[""A"" 3]] [[""A"" 3]] [[""A"" 3]] [[""A"" 3]] [[""A"" 1]] [[""A"" 3]] [[""A"" 3]] [[""A"" 3]] [[""A"" 3]] [[""A"" 3]] [[""A"" 3]] [[""A"" 3]] [[""A"" 3]] [[""A"" 3]] [[""A"" 3]] [[""A"" 1]] [[""A"" 3]] [[""A"" 3]] [[""A"" 3]] [[""A"" 3]] [[""A"" 3]] [[""A"" 3]] [[""A"" 1]] [[""A"" 4]] [[""A"" 3]] [[""A"" 3]] [[""A"" 3]] [[""A"" 3]] [[""A"" 3]] [[""A"" 1]] [[""A"" 3]]]] [97 [[[""A"" 1]] [[""A"" 4]] [[""A"" 4]] [[""A"" 4]] [[""A"" 4]] [[""A"" 1]] [[""A"" 4]] [[""A"" 4]] [[""A"" 4]] [[""A"" 4]] [[""A"" 4]] [[""A"" 4]] [[""A"" 4]] [[""A"" 4]] [[""A"" 4]] [[""A"" 4]] [[""A"" 4]] [[""A"" 4]] [[""A"" 1]] [[""A"" 4]] [[""A"" 4]] [[""A"" 1]] [[""A"" 4]] [[""A"" 1]] [[""A"" 4]] [[""A"" 4]] [[""A"" 4]] [[""A"" 4]] [[""A"" 1]] [[""A"" 4]] [[""A"" 4]] [[""A"" 4]] [[""A"" 4]] [[""A"" 4]] [[""A"" 4]] [[""A"" 4]] [[""A"" 4]] [[""A"" 1]] [[""A"" 4]] [[""A"" 4]] [[""A"" 4]] [[""A"" 4]] [[""A"" 4]] [[""A"" 4]] [[""A"" 1]] [[""A"" 4]] [[""A"" 4]] [[""A"" 4]] [[""A"" 4]] [[""A"" 4]]]] [98 [[[""A"" 5]] [[""A"" 3]] [[""A"" 5]] [[""A"" 3]] [[""A"" 3]] [[""A"" 0]] [[""A"" 3]] [[""A"" 3]] [[""A"" 5]] [[""A"" 3]] [[""A"" 3]] [[""A"" 3]] [[""A"" 3]] [[""A"" 3]] [[""A"" 3]] [[""A"" 5]] [[""A"" 3]] [[""A"" 3]] [[""A"" 3]] [[""A"" 3]] [[""A"" 5]] [[""A"" 3]] [[""A"" 5]] [[""A"" 0]] [[""A"" 3]] [[""A"" 3]] [[""A"" 5]] [[""A"" 3]] [[""A"" 3]] [[""A"" 5]] [[""A"" 3]] [[""A"" 3]] [[""A"" 3]] [[""A"" 3]] [[""A"" 3]] [[""A"" 5]] [[""A"" 3]] [[""A"" 3]] [[""A"" 3]] [[""A"" 3]] [[""A"" 5]] [[""A"" 3]] [[""A"" 3]] [[""A"" 5]] [[""A"" 3]] [[""A"" 3]] [[""A"" 3]] [[""A"" 3]] [[""A"" 3]] [[""A"" 3]]]] [99 [[[""A"" 4]] [[""A"" 4]] [[""A"" 4]] [[""A"" 4]] [[""A"" 4]] [[""A"" 4]] [[""A"" 4]] [[""A"" 1]] [[""A"" 4]] [[""A"" 4]] [[""A"" 4]] [[""A"" 4]] [[""A"" 4]] [[""A"" 1]] [[""A"" 4]] [[""A"" 1]] [[""A"" 4]] [[""A"" 4]] [[""A"" 4]] [[""A"" 4]] [[""A"" 4]] [[""A"" 4]] [[""A"" 4]] [[""A"" 4]] [[""A"" 1]] [[""A"" 4]] [[""A"" 4]] [[""A"" 4]] [[""A"" 4]] [[""A"" 1]] [[""A"" 4]] [[""A"" 4]] [[""A"" 1]] [[""A"" 4]] [[""A"" 4]] [[""A"" 4]] [[""A"" 4]] [[""A"" 4]] [[""A"" 4]] [[""A"" 1]] [[""A"" 1]] [[""A"" 4]] [[""A"" 1]] [[""A"" 1]] [[""A"" 1]] [[""A"" 4]] [[""A"" 4]] [[""A"" 4]] [[""A"" 3]] [[""A"" 4]]]]]","""discrete""","3","1","2","1","true","""uniform""","[""A""]","0.1","true","[]","""average-bel""","true","4","true","""sigmoid-stubborn""","20","false","2","true","0.35","""C:/Users/cknox02/Documents/nicks outputs24-Feb-2023-parameter-sweep-low-res/2/broadcast-brain/uniform/15/uniform/0.25/0.5/2/4""","false","1500","0","0.05","false","""barabasi-albert""","""broadcast-brain""","5","""[[0.6,0.16,0.24],\n  [0.40,0.2,0.4],\n  [0.21,0.14,0.65]]""","""C:/Users/cknox02/Documents/nicks outputs24-Feb-2023-parameter-sweep-low-res/graphs/2-broadcast-brain-uniform-15-uniform-0.25-0.5-2-4.csv""","true","0","""default""","false","true","true","1","3","1","""distribution""","""uniform""","""three-polarized""","15","""D:/school/grad-school/Tufts/research/cog-contagion-media-ecosystem/ecosystems/""","""gradual""","1","""D:/school/grad-school/Tufts/research/cog-contagion-media-ecosystem/messaging-data/""","0","50","4","""C:/Users/cknox02/Documents/nicks outputs24-Feb-2023-parameter-sweep-low-res/graphs/2-broadcast-brain-uniform-15-uniform-0.75-0.25-10-2.csv""","0","true","true","true","""C:/Users/cknox02/Documents/nicks outputs""","0.15","""cognitive""","20","100","[[""Q1"" [""A""]]]","5","0.5","0.25","0.5"

"TURTLES"
"who","color","heading","xcor","ycor","shape","label","label-color","breed","hidden?","size","pen-size","pen-mode","idee","brain","messages-heard","messages-believed","messages-sent","agent-messages-memory"
"0","[255 0 0]","180","0.649985271887667","-0.45157795144911167","""circle""","""""","9.9","{breed citizens}","false","0.5","1","""up""",,"[[""ID"" 12] [""alpha"" 1] [""beta"" 1] [""malleable"" [""A""]] [""prior"" []] [""cont_tokens"" []] [""A"" 0]]","[[0 [0 1 2 3 4 6 7 9 10 12 13]] [1 [15 16 17 18 19 20 21 22 23 24 25 26 27 28 29]] [2 [30 31 32 33 34 35 36 37 38 39 40 41 42 43 44]] [3 [45 46 47 48 49 50 51 52 53 54 55 56 57 58 59]] [4 [60 61 62 63 64 65 66 67 68 69 70 71 72 73 74]] [5 [75 76 77 78 79 80 81 82 83 84 85 86 87 88 89]] [6 [90 91 92 93 94 95 96 97 98 99 100 101 102 103 104]] [7 [105 106 107 108 109 110 111 112 113 114 115 116 119]] [8 [120 121 122 123 124 125 127 128 129 132 134]] [9 [135 137 138 139 140 142 144 145 146 147 148 149]] [10 [150 151 152 153 154 155 156 158 159 160 161 162 163 164]] [11 [165 166 167 168 169 170 171 172 173 174 175 176 177 178 179]] [12 [180 181 182 183 184 185 186 187 188 189 190 191 192 193 194]] [13 [195 196 197 198 199 200 203 205 207 208 209]] [14 [210 211 212 213 214 216 218 219 221 222 223 224]] [15 [225 226 227 228 229 231 232 233 234 235 236 237 238 239]] [16 [240 241 242 243 244 245 246 247 248 249 250 251 252 253 254]] [17 [255 256 257 258 259 260 261 262 263 264 265 266 267 268 269]] [18 [270 271 272 273 274 275 276 277 278 279 280 281 282 283 284]] [19 [285 286 287 288 289 290 291 292 293 294 295 296 297 298 299]] [20 [300 301 302 303 304 305 306 307 309 310 311 312 313 314]] [21 [315 316 317 318 319 320 321 322 323 324 325 326 327 328 329]] [22 [330 331 332 333 334 335 336 337 338 339 340 341 342 343 344]] [23 [345 346 347 348 349 350 351 352 353 354 355 356 357 358 359]] [24 [360 361 362 363 364 365 366 367 368 369 370 371 372 373 374]] [25 [375 376 377 378 379 380 381 382 383 384 385 386 387 388 389]] [26 [390 391 392 393 394 395 396 397 398 399 400 401 402 403 404]] [27 [405 406 407 408 409 410 411 412 413 414 415 416 417 418 419]] [28 [420 421 422 423 424 425 427 428 429 430 431 432 433 434]] [29 [435 436 437 438 439 440 441 442 443 444 445 446 447 448 449]] [30 [450 451 452 453 454 455 456 457 458 459 460 461 462 463 464]] [31 [465 466 467 468 469 470 471 472 473 474 475 476 477 478 479]] [32 [480 481 482 485 486 487 488 489 490 491 492]] [33 [495 496 497 498 499 501 502 503 504 505 506 507 508 509]] [34 [510 511 512 513 514 515 516 517 518 519 520 521 522 523 524]] [35 [525 526 527 528 529 530 531 532 533 534 535 536 537 538 539]] [36 [540 541 542 543 544 545 546 547 548 549 550 551 552 553 554]] [37 [555 556 557 558 559 561 562 563 564 565 566]] [38 [570 571 572 573 574 575 576 577 578 579 581 582]] [39 [586 587 589 590 591 594 596 597 598]] [40 [600 601 602 603 604 605 606 607 608 609 612 613 614]] [41 [615 616 617 618 619 620 621 622 623 624 625 626 627 628 629]] [42 [630 631 632 633 634 635 636 637 638 639 640 641 642 643 644]] [43 [645 646 647 648 649 650 651 652 653 654 655 656 657 658 659]] [44 [660 661 662 663 664 665 666 667 668 669 670 671 672 673 674]] [45 [676 677 678 679 680 681 682 683 684 685 686 687 688 689]] [46 [690 691 692 693 694 695 696 697 698 699 700 701 702 703 704]] [47 [705 706 707 708 709 710 711 712 713 714 715 716 717 718 719]] [48 [720 721 722 723 724 725 727 728 729 730 731 732 733 734]] [49 [735 736 737 738 739 740 742 743 744 745 746 747 748 749]] [50 [750 751 752 753 754 755 756 757 758 759 760 761 762 763 764]] [51 [765 766 767 768 769 770 771 772 773 774 775 776 777 778 779]] [52 [780 781 782 783 784 785 786 787 788 789 790 791 792 793 794]] [53 [795 796 797 798 799 800 801 802 803 804 805 806 807 808 809]] [54 [810 811 812 813 814 815 816 817 818 819 820 821 822 823 824]] [55 [825 826 827 828 829 830 831 832 833 834 835 836 837 838 839]] [56 [840 841 842 843 844 845 846 847 848 849 850 851 852 853 854]] [57 [855 856 857 858 859 860 861 862 863 864 865 866 867 868 869]] [58 [870 871 872 873 874 875 876 877 878 879 880 881 882 883 884]] [59 [885 886 887 888 889 890 891 892 893 894 895 896 898 899]] [60 [900 901 902 903 904 905 906 907 908 909 910 911 912 913 914]] [61 [915 916 917 918 919 920 921 922 923 924 925 926 927 928 929]] [62 [930 931 932 933 934 935 936 937 938 939 940 941 942 943 944]] [63 [945 946 947 948 949 950 951 952 953 954 955 956 957 958 959]] [64 [960 962 963 966 967 968 969 970 971 972 973 974]] [65 [975 976 977 978 979 980 981 982 983 984 985 986 987 988 989]] [66 [990 991 992 993 994 995 996 997 998 999 1000 1001 1002 1003 1004]] [67 [1005 1006 1007 1008 1009 1010 1011 1012 1013 1014 1015 1016 1017 1018 1019]] [68 [1020 1021 1022 1023 1024 1025 1026 1027 1028 1029 1030 1031 1032 1033]] [69 [1035 1036 1037 1038 1039 1040 1041 1043 1045 1046 1047 1048]] [70 [1050 1051 1052 1053 1054 1055 1056 1057 1058 1059 1060 1061 1062 1063 1064]] [71 [1065 1067 1068 1069 1070 1071 1072 1073 1074 1075 1076 1077 1078 1079]] [72 [1080 1081 1082 1083 1084 1085 1086 1087 1088 1089 1090 1091 1092 1093 1094]] [73 [1095 1096 1098 1099 1100 1101 1104 1105 1106 1107 1108 1109]] [74 [1110 1111 1112 1113 1114 1115 1116 1118 1119 1120 1121 1122 1123 1124]] [75 [1125 1126 1127 1128 1129 1130 1131 1132 1134 1135 1136 1137 1138 1139]] [76 [1140 1141 1142 1143 1144 1145 1146 1147 1148 1149 1150 1151 1152 1153 1154]] [77 [1155 1156 1157 1158 1159 1160 1161 1162 1163 1164 1165 1166 1167 1168 1169]] [78 [1170 1171 1172 1173 1174 1175 1176 1177 1178 1179 1180 1181 1182 1183 1184]] [79 [1185 1186 1187 1188 1189 1190 1191 1192 1193 1194 1195 1196 1197 1198 1199]] [80 [1200 1201 1204 1206 1208 1209 1210 1211 1212 1213 1214]] [81 [1215 1217 1218 1219 1220 1221 1222 1223 1224 1225 1226 1227 1228 1229]] [82 [1230 1231 1232 1233 1234 1235 1236 1237 1238 1239 1240 1241 1242 1243 1244]] [83 [1245 1246 1247 1248 1249 1250 1251 1252 1253 1254 1255 1257 1258 1259]] [84 [1260 1261 1262 1263 1264 1265 1266 1267 1268 1269 1270 1271 1272 1273 1274]] [85 [1275 1276 1277 1278 1279 1280 1281 1282 1283 1284 1285 1286 1287 1288 1289]] [86 [1290 1291 1292 1293 1294 1295 1296 1297 1298 1299 1300 1301 1302 1303 1304]] [87 [1305 1306 1307 1308 1309 1310 1311 1312 1313 1314 1315 1316 1317 1318 1319]] [88 [1320 1321 1322 1323 1324 1325 1326 1327 1328 1330 1331 1332 1333 1334]] [89 [1335 1336 1337 1338 1339 1340 1341 1342 1343 1344 1345 1346 1347 1348 1349]] [90 [1350 1351 1352 1353 1354 1355 1356 1357 1358 1359 1360 1361 1362 1363 1364]] [91 [1365 1366 1367 1368 1369 1370 1371 1372 1373 1374 1375 1376 1377 1378 1379]] [92 [1380 1381 1382 1383 1384 1385 1386 1387 1388 1389 1390 1391 1392 1393 1394]] [93 [1395 1396 1397 1398 1399 1400 1401 1402 1403 1404 1405 1406 1407 1408 1409]] [94 [1410 1411 1412 1413 1414 1415 1416 1417 1418 1419 1420 1421 1422 1423 1424]] [95 [1425 1426 1428 1429 1430 1431 1432 1433 1434 1435 1436 1437 1438 1439]] [96 [1440 1441 1442 1444 1445 1446 1447 1448 1449 1450 1451 1452 1453 1454]] [97 [1455 1456 1457 1458 1459 1460 1461 1462 1463 1464 1465 1466 1467 1468 1469]] [98 [1470 1471 1472 1473 1474 1475 1476 1477 1478 1479 1480 1482 1483]] [99 [1485 1486 1487 1488 1489 1490 1491 1492 1493 1494 1495 1496 1497 1498 1499]]]","[[0 [0 4 6 9 12]] [1 [16 19 20 23 27]] [2 [31 32 33 35 36 40 43 44]] [3 [47 48 49 50 51 53 54 55 59]] [4 [60 62 63 64 67 68 71 72]] [5 [77 79 81 82 83 84 85 88]] [6 [91 92 93 96 98 99 100 101]] [7 [105 107 109 110 114 116 119]] [8 [122 124 128 129 132]] [9 [135 139 140 142 145 146 147 148]] [10 [154 155 156 158 160 161 162 163]] [11 [166 167 168 171 173 175 177 178 179]] [12 [180 183 184 186 187 188 190 192]] [13 [198 205 207 208]] [14 [210 211 212 218 219 221 223]] [15 [225 227 229 231 232 233 235 236 237 239]] [16 [241 243 244 245 248 249 251 252]] [17 [257 260 262 263 264 266 267]] [18 [270 271 272 273 277 278 279 280 281 282 284]] [19 [285 286 287 288 290 293 295 297]] [20 [301 302 303 304 305 306 309 310 311 312 313 314]] [21 [317 323 326 329]] [22 [330 331 332 333 335 336 338]] [23 [346 348 349 352 356 357 358 359]] [24 [360 364 368 369 372 373]] [25 [377 378 379 382 383 384 387 388]] [26 [393 397 399 400 401 402 404]] [27 [405 406 409 410 412 414 419]] [28 [422 424 430 432 434]] [29 [435 437 441 442 443 445 446 447 448]] [30 [450 451 452 453 456 457 459 461 464]] [31 [465 469 470 471 474 475]] [32 [480 485 486 487 488 489]] [33 [495 496 497 498 499 501 502 507 509]] [34 [510 512 513 516 523 524]] [35 [526 527 528 529 532 534 536]] [36 [540 541 542 545 546 551]] [37 [556 558 559 561 562 563 564 565 566]] [38 [575 576 577 578 581 582]] [39 [587 589 596 597]] [40 [602 605 606 607 608 612 613]] [41 [615 618 620 621 624 625 627]] [42 [630 632 633 635 636 640 643]] [43 [645 647 649 650 651 655 656 658]] [44 [661 664 665 668 669 671 673]] [45 [676 677 683 686 689]] [46 [690 691 692 698 701 702 704]] [47 [711 713 714 718 719]] [48 [720 721 722 723 724 725 727 728 730 731 732 733 734]] [49 [735 738 739 748 749]] [50 [750 752 754 756 757 761 764]] [51 [766 771 772 773 774 775 776]] [52 [783 785 786 788 794]] [53 [795 797 802 803 804 805 806]] [54 [811 814 815 819 821 822 823 824]] [55 [826 827 828 830 831 833 836 837]] [56 [842 844 847 848 851 853 854]] [57 [855 856 857 859 863 865 868 869]] [58 [870 871 872 873 880 881 882 884]] [59 [885 886 887 889 893 894]] [60 [900 902 903 908 914]] [61 [918 921 922 925 927]] [62 [931 932 936 939 941]] [63 [945 947 950 951 953 955 957 958]] [64 [960 962 963 967 968 969 970 971 972]] [65 [976 977 979 980 981 987 989]] [66 [990 991 994 995 996 997 1001]] [67 [1006 1009 1013 1016 1019]] [68 [1021 1023 1025 1027 1028 1029 1030 1031 1033]] [69 [1035 1037 1038 1041 1043 1045 1048]] [70 [1051 1052 1053 1054 1058 1059 1063 1064]] [71 [1065 1069 1071 1072 1078 1079]] [72 [1080 1081 1082 1083 1084 1086 1090 1094]] [73 [1095 1099 1100 1101 1104 1105 1108 1109]] [74 [1111 1115 1118 1119 1121 1122 1123]] [75 [1126 1127 1128 1129 1130 1131 1137 1138]] [76 [1140 1142 1143 1147 1149 1150 1151 1152 1154]] [77 [1158 1164 1165 1166 1168 1169]] [78 [1171 1172 1174 1178 1179 1180 1182 1184]] [79 [1185 1187 1190 1192 1193 1194 1198 1199]] [80 [1200 1201 1204 1206 1208 1211 1212 1213 1214]] [81 [1215 1218 1226 1227 1228]] [82 [1232 1233 1234 1235 1236 1238 1239 1242]] [83 [1247 1248 1249 1250 1255 1259]] [84 [1265 1266 1271 1273]] [85 [1278 1279 1281 1283 1286 1287]] [86 [1291 1293 1294 1296 1302 1303 1304]] [87 [1306 1308 1310 1313 1317 1318 1319]] [88 [1321 1322 1323 1324 1325 1327 1330 1331 1334]] [89 [1337 1338 1342 1345 1347 1349]] [90 [1350 1351 1353 1354 1357 1358 1359 1361]] [91 [1368 1369 1372 1374 1375 1378]] [92 [1380 1381 1382 1389 1391 1392 1394]] [93 [1397 1398 1399 1400 1402 1406 1409]] [94 [1410 1412 1413 1414 1415 1416 1419 1422 1423 1424]] [95 [1426 1428 1429 1431 1433 1434 1436 1437 1439]] [96 [1440 1441 1446 1447 1448 1449]] [97 [1456 1458 1460 1461 1463 1464 1467]] [98 [1470 1471 1476 1477 1478 1480 1483]] [99 [1485 1486 1487 1492 1493 1497 1498]]]",,"[[{citizen 1} [[""A"" [1 5]]]] [{citizen 2} [[""A"" [1 0]]]] [{citizen 3} [[""A"" [0 1]]]] [{citizen 4} [[""A"" [3 5]]]] [{citizen 5} [[""A"" [2 5]]]] [{citizen 6} [[""A"" [0 1]]]] [{citizen 7} [[""A"" [4 5]]]] [{citizen 8} [[""A"" [0 0]]]] [{citizen 9} [[""A"" [1 5]]]] [{citizen 11} [[""A"" [3 2]]]] [{citizen 22} [[""A"" [1 5]]]] [{citizen 24} [[""A"" [1 2]]]] [{citizen 26} [[""A"" [1 5]]]] [{citizen 27} [[""A"" [2 1]]]] [{citizen 29} [[""A"" [0 0]]]] [{citizen 38} [[""A"" [5 3]]]] [{citizen 41} [[""A"" [4 5]]]] [{citizen 43} [[""A"" [0 0]]]] [{citizen 44} [[""A"" [4 5]]]] [{citizen 48} [[""A"" [0 1]]]] [{media 51} [[""A"" [3 3]]]] [{media 52} [[""A"" [3 3]]]] [{media 53} [[""A"" [1 1]]]] [{media 55} [[""A"" [2 2]]]] [{media 56} [[""A"" [5 5]]]] [{media 57} [[""A"" [1 1]]]] [{media 59} [[""A"" [6 6]]]] [{media 61} [[""A"" [0 0]]]] [{media 62} [[""A"" [4 4]]]] [{media 63} [[""A"" [5 5]]]] [{media 64} [[""A"" [5 5]]]] [{citizen 39} [[""A"" [2 1]]]] [{citizen 17} [[""A"" [2 0]]]] [{citizen 45} [[""A"" [0 3]]]] [{citizen 14} [[""A"" [5 3]]]] [{citizen 36} [[""A"" [2 3]]]] [{citizen 12} [[""A"" [1 0]]]] [{citizen 47} [[""A"" [1 0]]]] [{media 58} [[""A"" [4 4]]]] [{citizen 13} [[""A"" [4 3]]]] [{citizen 25} [[""A"" [1 0]]]] [{citizen 40} [[""A"" [5 3]]]] [{citizen 37} [[""A"" [0 0]]]] [{citizen 31} [[""A"" [2 0]]]] [{media 60} [[""A"" [3 3]]]] [{citizen 42} [[""A"" [2 3]]]] [{media 54} [[""A"" [0 0]]]] [{citizen 19} [[""A"" [0 1]]]] [{citizen 49} [[""A"" [1 0]]]] [{media 50} [[""A"" [0 0]]]] [{citizen 28} [[""A"" [5 3]]]] [{citizen 21} [[""A"" [5 3]]]] [{citizen 20} [[""A"" [2 1]]]] [{citizen 32} [[""A"" [4 5]]]] [{citizen 15} [[""A"" [0 1]]]] [{citizen 18} [[""A"" [3 4]]]] [{citizen 16} [[""A"" [5 3]]]] [{citizen 46} [[""A"" [0 1]]]] [{citizen 30} [[""A"" [1 0]]]] [{citizen 23} [[""A"" [1 0]]]] [{citizen 33} [[""A"" [3 4]]]] [{citizen 34} [[""A"" [2 0]]]] [{citizen 10} [[""A"" [0 1]]]] [{citizen 35} [[""A"" [4 3]]]]]"
"1","[128 0 127]","14.693877551020408","2.2828787313797694","6.679028951739908","""circle""","""""","9.9","{breed citizens}","false","0.5","1","""up""",,"[[""ID"" 30] [""alpha"" 1] [""beta"" 1] [""malleable"" [""A""]] [""prior"" []] [""cont_tokens"" []] [""A"" 3]]","[[0 [0 3 4 5 6 7 8 9 12 13 14]] [1 [15 16 17 18 19 20 21 22 23 24 25 26 27 28 29]] [2 [30 31 32 33 34 35 36 37 38 39 40 41 42 43 44]] [3 [45 46 47 48 49 50 51 52 53 54 55 56 57 58 59]] [4 [60 62 63 64 65 66 67 68 69 70 71 72 73 74]] [5 [75 76 77 78 79 80 81 82 83 84 85 86 87 88 89]] [6 [90 91 92 93 94 95 96 97 98 99 100 101 102 103 104]] [7 [105 107 109 110 111 112 113 114 115 116 119]] [8 [120 121 122 123 124 125 127 128 129 132 134]] [9 [135 137 138 139 140 142 144 145 146 147 148 149]] [10 [150 151 152 153 154 155 156 157 158 159 160 161 162 163 164]] [11 [165 166 167 168 169 170 171 172 173 174 175 176 177 178 179]] [12 [180 181 182 183 184 185 186 187 188 189 190 191 192 193 194]] [13 [195 196 197 198 199 200 203 205 207 208 209]] [14 [210 211 212 213 214 216 218 219 221 222 223 224]] [15 [225 226 227 228 229 231 232 233 234 235 236 237 238 239]] [16 [240 241 242 243 244 245 246 247 248 249 250 251 252 253 254]] [17 [255 256 257 258 259 260 261 262 263 264 265 266 267 268 269]] [18 [270 271 272 273 274 275 276 277 278 279 280 281 282 283 284]] [19 [285 286 287 288 289 290 291 292 293 294 295 296 297 298 299]] [20 [300 301 302 303 304 305 306 307 308 309 310 311 312 313 314]] [21 [315 316 317 318 319 320 321 322 323 324 325 326 327 328 329]] [22 [330 331 332 333 334 335 336 337 338 339 340 341 342 343 344]] [23 [345 346 347 348 349 350 351 352 353 354 355 356 357 358 359]] [24 [360 361 362 363 364 365 366 367 368 369 370 371 372 373 374]] [25 [375 376 377 378 379 380 381 382 383 384 385 386 387 388 389]] [26 [390 391 392 393 394 395 396 397 398 399 400 401 402 403 404]] [27 [405 406 407 408 409 410 411 412 413 414 415 416 417 418 419]] [28 [420 421 422 423 424 425 427 428 429 430 431 432 433 434]] [29 [435 436 437 438 439 440 441 442 443 444 445 446 447 448 449]] [30 [450 451 452 453 454 455 456 457 458 459 460 461 462 463 464]] [31 [465 466 467 468 469 470 471 472 473 474 475 476 477 478 479]] [32 [480 481 482 485 486 487 488 489 490 491 492 493 494]] [33 [495 496 497 498 499 501 502 503 504 505 506 507 508 509]] [34 [510 511 512 513 514 515 516 517 518 519 520 521 522 523 524]] [35 [525 526 527 528 529 530 531 532 533 534 535 536 537 538 539]] [36 [540 541 542 543 544 545 546 547 548 549 550 551 552 553 554]] [37 [555 556 557 558 559 561 562 563 564 565 566]] [38 [570 571 572 573 574 575 576 577 578 579 581 582]] [39 [586 587 589 590 591 594 596 597 598]] [40 [600 601 602 603 604 605 606 607 608 609 612 613 614]] [41 [615 616 617 618 619 620 621 622 623 624 625 626 627 628 629]] [42 [630 631 632 633 634 635 636 637 638 639 640 641 642 643 644]] [43 [645 646 647 648 649 650 651 652 653 654 655 656 657 658 659]] [44 [660 661 662 663 664 665 666 667 668 669 670 671 672 673 674]] [45 [676 677 678 679 680 681 682 683 684 685 686 687 688 689]] [46 [690 691 692 693 694 695 696 697 698 699 700 701 702 703 704]] [47 [705 706 707 708 709 710 711 712 713 714 715 716 717 718 719]] [48 [720 721 722 723 724 725 727 728 729 730 731 732 733 734]] [49 [735 736 737 738 739 740 742 743 744 745 746 747 748 749]] [50 [750 751 752 753 754 755 756 757 758 759 760 761 762 763 764]] [51 [765 766 767 768 769 770 771 772 773 774 775 776 777 778 779]] [52 [780 781 782 783 784 785 786 787 788 789 790 791 792 793 794]] [53 [795 796 797 798 799 800 801 802 803 804 805 806 807 808 809]] [54 [810 811 812 813 814 815 816 817 818 819 820 821 822 823 824]] [55 [825 826 827 828 829 830 831 832 833 834 835 836 837 838 839]] [56 [840 841 842 843 844 845 846 847 848 849 850 851 852 853 854]] [57 [855 856 857 858 859 860 861 862 863 864 865 866 867 868 869]] [58 [870 871 872 873 874 875 876 877 878 879 880 881 882 883 884]] [59 [885 886 887 888 889 890 891 892 893 894 895 896 897 898 899]] [60 [900 901 902 903 904 905 906 907 908 909 910 911 912 913 914]] [61 [915 916 917 918 919 920 921 922 923 924 925 926 927 928 929]] [62 [930 931 932 933 934 935 936 937 938 939 940 941 942 943 944]] [63 [945 946 947 948 949 950 951 953 955 956 957 958 959]] [64 [960 961 962 963 964 965 966 967 968 969 970 971 972 973 974]] [65 [975 976 977 978 979 980 981 982 983 984 985 986 987 988 989]] [66 [990 991 992 993 994 995 996 997 998 999 1000 1001 1002 1003 1004]] [67 [1005 1006 1007 1008 1009 1010 1011 1012 1013 1014 1015 1016 1017 1018 1019]] [68 [1020 1021 1022 1023 1024 1025 1026 1027 1028 1029 1030 1031 1032 1033 1034]] [69 [1035 1036 1037 1038 1039 1040 1041 1043 1045 1046 1047 1048]] [70 [1050 1051 1052 1053 1054 1055 1056 1057 1058 1059 1060 1062 1063 1064]] [71 [1065 1066 1067 1068 1069 1070 1071 1072 1073 1074 1075 1076 1077 1078 1079]] [72 [1080 1081 1082 1083 1084 1085 1086 1087 1088 1089 1090 1091 1092 1093 1094]] [73 [1095 1096 1097 1098 1099 1100 1101 1102 1103 1104 1105 1107 1108 1109]] [74 [1110 1111 1112 1113 1114 1115 1116 1118 1119 1120 1121 1122 1123 1124]] [75 [1125 1126 1127 1128 1129 1130 1131 1132 1134 1135 1136 1137 1138 1139]] [76 [1140 1142 1143 1144 1145 1146 1147 1148 1149 1150 1151 1152 1153 1154]] [77 [1155 1156 1157 1158 1159 1160 1161 1162 1163 1164 1165 1166 1167 1168 1169]] [78 [1170 1171 1172 1173 1174 1175 1176 1177 1178 1179 1180 1181 1182 1183 1184]] [79 [1185 1186 1187 1188 1189 1190 1191 1192 1193 1194 1195 1196 1197 1198 1199]] [80 [1200 1201 1202 1203 1204 1205 1206 1207 1208 1209 1210 1211 1212 1213 1214]] [81 [1215 1217 1218 1219 1220 1221 1222 1223 1224 1225 1226 1227 1228 1229]] [82 [1230 1231 1232 1233 1234 1235 1236 1237 1238 1239 1240 1241 1242 1243 1244]] [83 [1245 1246 1247 1248 1249 1250 1251 1252 1253 1254 1255 1256 1257 1258 1259]] [84 [1260 1261 1262 1263 1264 1265 1266 1267 1268 1269 1270 1271 1272 1273 1274]] [85 [1275 1276 1277 1278 1279 1280 1281 1282 1283 1284 1285 1286 1287 1288 1289]] [86 [1290 1291 1292 1293 1294 1295 1296 1297 1298 1299 1300 1301 1302 1303 1304]] [87 [1305 1306 1307 1308 1309 1310 1311 1312 1313 1314 1315 1316 1317 1318 1319]] [88 [1320 1321 1322 1323 1324 1325 1326 1327 1328 1330 1331 1332 1333 1334]] [89 [1335 1336 1337 1338 1339 1340 1341 1342 1343 1344 1345 1346 1347 1348 1349]] [90 [1350 1351 1352 1353 1354 1355 1356 1357 1358 1359 1360 1361 1362 1363 1364]] [91 [1365 1366 1367 1368 1369 1370 1371 1372 1373 1374 1375 1376 1377 1378 1379]] [92 [1380 1381 1382 1383 1384 1385 1386 1387 1388 1389 1390 1391 1392 1393 1394]] [93 [1395 1396 1397 1398 1399 1400 1401 1402 1403 1404 1405 1406 1407 1408 1409]] [94 [1410 1411 1412 1413 1414 1415 1416 1417 1418 1419 1420 1421 1422 1423 1424]] [95 [1425 1426 1427 1428 1429 1430 1431 1432 1433 1434 1435 1436 1437 1438 1439]] [96 [1440 1441 1442 1444 1445 1446 1447 1448 1449 1450 1451 1452 1453 1454]] [97 [1455 1456 1457 1458 1459 1460 1461 1462 1463 1464 1465 1466 1467 1468 1469]] [98 [1470 1471 1472 1473 1474 1475 1476 1477 1478 1479 1480 1483]] [99 [1485 1486 1487 1488 1489 1490 1491 1492 1493 1494 1495 1496 1497 1498 1499]]]","[[0 [0 3 5 6 8 12]] [1 [16 18 19 21 22 25 26 28]] [2 [30 34 39 41 42]] [3 [45 46 53 54 55]] [4 [65 66 69 70 73 74]] [5 [75 76 78 80 82 83 84 85 88]] [6 [92 93 96 98 99 100 101 102]] [7 [111 112 113 114 116 119]] [8 [122 124 125 127 128 129 132]] [9 [135 139 140 142 144 149]] [10 [150 154 155 156 158 160 163]] [11 [166 168 169 171 173 177 178 179]] [12 [180 183 184 186 187 190 192]] [13 [198 205 207 208]] [14 [210 211 213 214 216 219 221 222 223]] [15 [225 227 229 231 232 233 235 237 239]] [16 [241 243 244 248 249 251 254]] [17 [255 258 259 261 269]] [18 [272 273 277 278 279 280 281 282]] [19 [285 286 287 288 290 293 295 297 299]] [20 [301 302 305 306 309 310 311 312 313]] [21 [316 318 319 320 322 323 326 329]] [22 [330 331 332 333 335 336 338]] [23 [345 346 348 349 352 355 358]] [24 [361 362 363 365 370 373]] [25 [377 378 379 382 383 384 387 389]] [26 [390 391 392 394 395 396 402 404]] [27 [405 406 409 410 412 414 419]] [28 [421 424 430 431 433]] [29 [435 438 442 443 447 448]] [30 [450 451 454 455 458 461 464]] [31 [465 467 470 471 474 475]] [32 [480 485 486 487 488 489]] [33 [495 496 497 498 499 501 502 504 505 507 509]] [34 [510 514 515 518 519 520 521 522 524]] [35 [526 528 529 532 534 536 539]] [36 [540 543 545 546 551]] [37 [556 563 564 565 566]] [38 [575 576 577 578 582]] [39 [587 589 596 597]] [40 [600 601 602 605 606 607 608 612 613]] [41 [616 618 620 621 623 624 625 627 629]] [42 [631 633 635 636 639 640 642 643]] [43 [645 647 650 651 658]] [44 [661 664 665 667 668 669 671 673]] [45 [676 677 678 679 680 682 687]] [46 [693 695 696 697 704]] [47 [711 713 714 718 719]] [48 [720 721 722 723 725 733 734]] [49 [735 738 739 748 749]] [50 [752 754 756 757 761 764]] [51 [766 767 770 773 774 775 776]] [52 [782 783 785 786 787 791 792 793 794]] [53 [795 796 797 802 803 805 806]] [54 [812 813 816 817 818 823 824]] [55 [826 827 828 829 830 831 833 834 835 838 839]] [56 [840 841 843 845 849 851 853 854]] [57 [855 856 857 859 866 867]] [58 [874 875 878 880 881 882]] [59 [885 886 887 889 893 894]] [60 [900 902 903 908 914]] [61 [918 920 922 925 927]] [62 [931 934 936 939 940 942 943 944]] [63 [946 947 949 950 951 953 956]] [64 [961 964 965 967 968 969 970 971 972]] [65 [976 979 980 981 987 989]] [66 [990 991 994 995 996 997 1002 1003 1004]] [67 [1005 1006 1009 1010 1011 1012 1014 1015]] [68 [1020 1024 1026 1030 1031 1033]] [69 [1035 1037 1038 1039 1040 1046 1047]] [70 [1051 1052 1053 1054 1056 1058 1059 1063 1064]] [71 [1065 1067 1069 1070 1071 1072 1077 1079]] [72 [1080 1082 1085 1087 1088 1093]] [73 [1097 1102 1103 1105 1108 1109]] [74 [1111 1113 1115 1116 1118 1119 1122 1123]] [75 [1126 1127 1128 1131 1132 1134 1135 1136 1138]] [76 [1140 1142 1144 1146 1148 1150 1151 1152 1154]] [77 [1158 1164 1165 1166 1168 1169]] [78 [1171 1172 1174 1176 1177 1181]] [79 [1186 1188 1189 1190 1192 1193 1194 1198 1199]] [80 [1200 1201 1204 1206 1208 1210 1211 1212 1213 1214]] [81 [1215 1218 1219 1226 1227 1228]] [82 [1232 1233 1234 1235 1236 1238 1239 1240 1243 1244]] [83 [1245 1248 1249 1250 1255 1259]] [84 [1260 1263 1267 1269 1270 1272 1274]] [85 [1275 1276 1277 1280 1282 1283 1286]] [86 [1290 1292 1294 1296 1300 1304]] [87 [1306 1307 1308 1311 1313 1317 1318 1319]] [88 [1321 1323 1324 1325 1327 1330 1331 1334]] [89 [1337 1338 1339 1342 1345 1348 1349]] [90 [1352 1355 1356 1358 1360 1362]] [91 [1365 1366 1367 1375 1377 1379]] [92 [1382 1389 1391 1392 1394]] [93 [1397 1398 1403 1405 1407 1409]] [94 [1410 1412 1413 1414 1415 1417 1422 1423 1424]] [95 [1426 1429 1431 1433 1434 1436 1437 1439]] [96 [1440 1441 1442 1444 1445 1450 1452 1453 1454]] [97 [1455 1457 1459 1463 1464 1467 1469]] [98 [1470 1471 1476 1477 1478 1483]] [99 [1485 1486 1487 1490 1491 1494 1495 1496 1499]]]",,"[[{citizen 4} [[""A"" [5 5]]]] [{citizen 11} [[""A"" [4 5]]]] [{citizen 14} [[""A"" [5 3]]]] [{citizen 15} [[""A"" [0 1]]]] [{citizen 16} [[""A"" [5 3]]]] [{citizen 29} [[""A"" [0 0]]]] [{citizen 43} [[""A"" [0 0]]]] [{media 50} [[""A"" [0 0]]]] [{media 51} [[""A"" [3 3]]]] [{media 52} [[""A"" [3 3]]]] [{media 53} [[""A"" [1 1]]]] [{media 55} [[""A"" [2 2]]]] [{media 56} [[""A"" [5 5]]]] [{media 57} [[""A"" [1 1]]]] [{media 58} [[""A"" [4 4]]]] [{media 60} [[""A"" [3 3]]]] [{media 62} [[""A"" [4 4]]]] [{media 64} [[""A"" [5 5]]]] [{citizen 0} [[""A"" [5 0]]]] [{citizen 26} [[""A"" [5 3]]]] [{citizen 36} [[""A"" [5 3]]]] [{citizen 5} [[""A"" [4 5]]]] [{citizen 27} [[""A"" [2 0]]]] [{citizen 39} [[""A"" [2 0]]]] [{citizen 3} [[""A"" [2 0]]]] [{citizen 7} [[""A"" [4 5]]]] [{citizen 13} [[""A"" [4 3]]]] [{citizen 25} [[""A"" [2 0]]]] [{citizen 17} [[""A"" [0 0]]]] [{citizen 40} [[""A"" [4 3]]]] [{citizen 47} [[""A"" [0 0]]]] [{media 63} [[""A"" [5 5]]]] [{citizen 37} [[""A"" [2 0]]]] [{citizen 8} [[""A"" [0 0]]]] [{citizen 2} [[""A"" [2 0]]]] [{citizen 31} [[""A"" [2 0]]]] [{citizen 45} [[""A"" [0 3]]]] [{citizen 6} [[""A"" [2 0]]]] [{citizen 19} [[""A"" [0 0]]]] [{media 61} [[""A"" [0 0]]]] [{citizen 22} [[""A"" [4 5]]]] [{citizen 49} [[""A"" [2 0]]]] [{media 59} [[""A"" [6 6]]]] [{citizen 42} [[""A"" [5 3]]]] [{media 54} [[""A"" [0 0]]]] [{citizen 48} [[""A"" [0 0]]]] [{citizen 28} [[""A"" [5 3]]]] [{citizen 44} [[""A"" [5 5]]]] [{citizen 21} [[""A"" [5 3]]]] [{citizen 20} [[""A"" [4 2]]]] [{citizen 9} [[""A"" [5 5]]]] [{citizen 32} [[""A"" [5 5]]]] [{citizen 18} [[""A"" [4 5]]]] [{citizen 46} [[""A"" [0 0]]]] [{citizen 41} [[""A"" [4 5]]]] [{citizen 30} [[""A"" [0 0]]]] [{citizen 23} [[""A"" [0 1]]]] [{citizen 33} [[""A"" [5 0]]]] [{citizen 34} [[""A"" [2 0]]]] [{citizen 38} [[""A"" [5 3]]]] [{citizen 24} [[""A"" [4 5]]]] [{citizen 10} [[""A"" [0 0]]]] [{citizen 12} [[""A"" [0 0]]]] [{citizen 35} [[""A"" [4 3]]]]]"
"2","[255 0 0]","73.46938775510205","6.326886233317493","1.9363395628594329","""circle""","""""","9.9","{breed citizens}","false","0.5","1","""up""",,"[[""ID"" 48] [""alpha"" 1] [""beta"" 1] [""malleable"" [""A""]] [""prior"" []] [""cont_tokens"" []] [""A"" 0]]","[[0 [0 3 4 5 6 7 8 9 12 13 14]] [1 [15 16 17 18 19 20 21 22 23 24 25 26 27 28 29]] [2 [30 31 32 33 34 35 36 37 38 39 40 41 42 43 44]] [3 [45 46 47 48 49 50 51 52 53 54 55 56 57 58 59]] [4 [60 61 62 63 64 65 66 67 68 69 70 71 72 73 74]] [5 [75 76 77 78 79 80 81 82 83 84 85 87 88 89]] [6 [90 91 92 93 94 95 96 97 98 99 100 101 102 103 104]] [7 [105 106 107 108 109 110 111 112 113 114 115 116 117 118 119]] [8 [120 121 122 123 124 125 126 127 128 129 130 131 132 133 134]] [9 [135 137 138 139 140 142 144 145 146 147 148 149]] [10 [150 151 152 153 154 155 156 158 159 160 161 162 163 164]] [11 [165 166 167 168 169 170 171 172 173 174 175 176 177 178 179]] [12 [180 181 182 183 184 185 186 187 188 189 190 191 192 193 194]] [13 [195 196 197 198 199 200 203 205 207 208 209]] [14 [210 211 212 213 214 216 218 219 221 222 223 224]] [15 [225 226 227 228 229 231 232 233 234 235 236 237 238 239]] [16 [240 241 242 243 244 245 246 247 248 249 250 251 252 253 254]] [17 [255 256 257 258 259 260 261 262 263 264 265 266 267 268 269]] [18 [270 271 272 273 274 275 276 277 278 279 280 281 282 283 284]] [19 [285 286 287 288 289 290 291 292 293 294 295 296 297 298 299]] [20 [300 301 302 303 304 305 306 307 308 309 310 311 312 313 314]] [21 [315 316 317 318 319 320 321 322 323 324 325 326 327 328 329]] [22 [330 331 332 333 334 335 336 337 338 339 340 343 344]] [23 [345 346 347 348 349 350 351 352 353 354 355 356 357 358 359]] [24 [360 361 362 363 364 365 366 367 368 369 370 371 372 373 374]] [25 [375 376 377 378 379 380 381 382 383 384 385 386 387 388 389]] [26 [390 391 392 393 394 395 396 397 398 399 400 401 402 403 404]] [27 [405 406 407 408 409 410 411 412 413 414 415 416 417 418 419]] [28 [420 421 422 423 424 425 427 428 429 430 431 432 433 434]] [29 [435 436 437 438 439 440 441 442 443 444 445 446 447 448 449]] [30 [450 451 452 453 454 455 456 457 458 459 460 461 462 463 464]] [31 [465 466 467 468 469 470 471 472 473 474 475 478 479]] [32 [480 481 482 485 486 487 488 489 490 491 492]] [33 [495 496 497 498 499 500 501 502 503 504 505 506 507 508 509]] [34 [510 511 512 513 514 515 516 517 518 519 520 521 522 523 524]] [35 [525 526 527 528 529 530 531 532 533 534 535 536 537 538 539]] [36 [540 541 542 543 544 545 546 547 548 549 550 551 552 553 554]] [37 [555 556 557 558 559 560 561 562 563 564 565 566 567 568 569]] [38 [570 571 572 573 574 575 576 577 578 579 581 582]] [39 [586 587 589 590 591 594 596 597 598]] [40 [600 601 602 603 604 605 606 607 608 609 612 613 614]] [41 [615 616 617 618 619 620 621 622 623 624 625 626 627 628 629]] [42 [630 631 632 633 634 635 636 637 638 639 640 641 642 643 644]] [43 [645 646 647 648 649 650 651 652 653 654 655 656 657 658 659]] [44 [660 661 662 663 664 665 666 667 668 669 670 671 672 673 674]] [45 [676 677 678 679 680 681 682 683 684 685 686 687 688 689]] [46 [690 691 692 693 694 695 696 697 698 699 700 701 702 703 704]] [47 [705 706 707 708 709 710 711 712 713 714 715 716 717 718 719]] [48 [720 721 722 723 724 725 726 727 728 729 730 731 732 733 734]] [49 [735 736 737 738 739 740 742 743 744 745 746 747 748 749]] [50 [750 751 752 753 754 755 756 757 758 759 760 761 762 763 764]] [51 [765 766 767 768 769 770 771 772 773 774 775 776 777 778 779]] [52 [780 781 782 783 784 785 786 787 788 789 790 791 792 793 794]] [53 [795 796 797 798 799 800 801 802 803 804 805 806 807 808 809]] [54 [810 811 812 813 814 815 816 817 818 819 820 821 822 823 824]] [55 [825 826 827 828 829 830 831 833 834 835 836 837 838 839]] [56 [840 841 842 843 844 845 846 847 848 849 850 851 852 853 854]] [57 [855 856 857 858 859 860 861 862 863 864 865 866 867 868 869]] [58 [870 871 872 873 875 876 877 878 879 880 881 882 883 884]] [59 [885 886 887 888 889 890 891 892 893 894 895 896 898 899]] [60 [900 901 902 903 904 905 906 907 908 909 910 911 912 913 914]] [61 [915 916 917 918 919 920 921 922 923 924 925 926 927 928 929]] [62 [930 931 932 933 934 935 936 937 938 939 940 941 942 943 944]] [63 [945 946 947 948 949 950 951 953 955 956 957 958 959]] [64 [960 961 962 963 964 965 966 967 968 969 970 971 972 973 974]] [65 [975 976 977 978 979 980 981 982 983 984 985 986 987 988 989]] [66 [990 991 992 993 994 995 996 997 998 999 1000 1001 1002 1003 1004]] [67 [1005 1006 1007 1008 1009 1010 1011 1012 1013 1014 1015 1016 1017 1018 1019]] [68 [1020 1021 1022 1023 1024 1025 1026 1027 1028 1029 1030 1031 1032 1033 1034]] [69 [1035 1036 1037 1038 1039 1040 1041 1043 1045 1046 1047 1048]] [70 [1050 1051 1052 1053 1054 1055 1056 1057 1058 1059 1060 1062 1063 1064]] [71 [1065 1066 1067 1068 1069 1070 1071 1072 1073 1074 1075 1076 1077 1078 1079]] [72 [1080 1081 1082 1083 1084 1085 1086 1087 1088 1089 1090 1091 1092 1093 1094]] [73 [1095 1096 1098 1099 1100 1101 1104 1105 1106 1107 1108 1109]] [74 [1110 1111 1112 1113 1114 1115 1116 1118 1119 1120 1121 1122 1123 1124]] [75 [1125 1126 1127 1128 1129 1130 1131 1132 1134 1135 1136 1137 1138 1139]] [76 [1140 1141 1142 1143 1144 1145 1146 1147 1148 1149 1150 1151 1152 1153 1154]] [77 [1158 1159 1160 1162 1163 1164 1165 1166 1167 1168 1169]] [78 [1170 1171 1172 1173 1174 1175 1176 1177 1178 1179 1180 1181 1182 1183 1184]] [79 [1185 1186 1187 1188 1189 1190 1191 1192 1193 1194 1195 1196 1197 1198 1199]] [80 [1200 1201 1204 1206 1208 1209 1210 1211 1212 1213 1214]] [81 [1215 1217 1218 1219 1220 1221 1222 1223 1224 1225 1226 1227 1228 1229]] [82 [1230 1231 1232 1233 1234 1235 1236 1237 1238 1239 1240 1241 1242 1243 1244]] [83 [1245 1246 1247 1248 1249 1250 1251 1252 1253 1254 1255 1257 1258 1259]] [84 [1260 1261 1262 1263 1264 1265 1266 1267 1268 1269 1270 1271 1272 1273 1274]] [85 [1275 1276 1277 1279 1280 1281 1282 1283 1284 1285 1286 1287 1288 1289]] [86 [1290 1291 1292 1293 1294 1296 1297 1298 1299 1300 1301 1302 1303 1304]] [87 [1305 1306 1307 1308 1309 1310 1311 1312 1313 1314 1315 1316 1317 1318 1319]] [88 [1320 1321 1322 1323 1324 1325 1326 1327 1328 1330 1331 1332 1333 1334]] [89 [1335 1336 1337 1338 1339 1340 1341 1342 1343 1344 1345 1346 1347 1348 1349]] [90 [1350 1351 1352 1353 1354 1355 1356 1357 1358 1359 1360 1361 1362 1363 1364]] [91 [1365 1366 1367 1368 1369 1370 1371 1372 1373 1374 1375 1376 1377 1378 1379]] [92 [1380 1381 1382 1383 1384 1385 1386 1387 1388 1389 1390 1391 1392 1393 1394]] [93 [1395 1396 1397 1398 1399 1400 1401 1402 1403 1404 1405 1406 1407 1408 1409]] [94 [1410 1411 1412 1413 1414 1415 1416 1417 1418 1419 1420 1421 1422 1423 1424]] [95 [1425 1426 1428 1429 1430 1431 1432 1433 1434 1435 1436 1437 1438 1439]] [96 [1440 1441 1442 1444 1445 1446 1447 1448 1449 1450 1451 1452 1453 1454]] [97 [1455 1456 1457 1458 1459 1460 1461 1462 1463 1464 1465 1466 1467 1468 1469]] [98 [1470 1471 1472 1473 1474 1475 1476 1477 1478 1479 1480 1482 1483]] [99 [1485 1486 1487 1488 1489 1490 1491 1492 1493 1494 1495 1496 1497 1498 1499]]]","[[0 [0 4 5 6 8 12]] [1 [16 19 20 23 27 29]] [2 [31 32 33 35 36 38 44]] [3 [47 48 49 50 51 52 56 58]] [4 [60 62 63 64 67 68 71 72]] [5 [77 79 81 82 83 84 87 89]] [6 [90 92 93 94 95 97 103 104]] [7 [106 108 109 110]] [8 [120 121 123 125 127 128 129 132 134]] [9 [137 139 140 142 144 145 146 147 148]] [10 [150 154 155 156 158 160 161 162 164]] [11 [165 170 172 174 176 179]] [12 [180 182 183 184 186 187 190 192]] [13 [198 200 203]] [14 [211 214 216 219 221 222 223]] [15 [227 229 231 233 235 236 237 239]] [16 [241 243 244 245 248 249 251 254]] [17 [255 256 257 260 262 263 264 265 266 267]] [18 [270 271 274 276 279 280 282 284]] [19 [285 286 287 289 291 292 294 296 298]] [20 [300 308 310 311 312 313]] [21 [316 318 319 320 321 322 326 329]] [22 [330 331 332 333 335 336 338]] [23 [345 346 347 350 351 353 354 355 358]] [24 [360 364 366 367 368 369 372 373]] [25 [377 379 382 383 384 387 389]] [26 [390 391 392 394 395 396 402 404]] [27 [405 406 409 410 412 414 419]] [28 [422 424 430 432 434]] [29 [439 440 444 445 446 448]] [30 [450 451 454 455 458 459 461 462 463]] [31 [469 470 471 474 475]] [32 [480 485 486 487 488 489 492]] [33 [496 497 498 499 501 506 508]] [34 [511 515 518 519 521 522 524]] [35 [526 527 528 529 532 535 536]] [36 [544 549 550 552 553 554]] [37 [555 557 558 559 561 562 563 564 565 566]] [38 [575 576 577 578 581 582]] [39 [586 587 589 591 594 598]] [40 [600 601 602 605 606 607 608 612 613]] [41 [616 618 620 621 623 624 625 627]] [42 [630 632 633 635 636 640 642 643]] [43 [645 647 649 650 651 655 656 658]] [44 [661 664 665 667 669 671 673]] [45 [676 677 683 686 689]] [46 [690 691 692 698 699 700 701 702 703]] [47 [708 709 712 715 717 718 719]] [48 [720 721 722 723 724 725 732 733 734]] [49 [735 738 739 740 743 744 745]] [50 [750 751 753 758 761 764]] [51 [766 767 769 770 778]] [52 [780 781 784 787 791 792 793 794]] [53 [796 797 802 803 804 805 806 808]] [54 [811 814 815 819 821]] [55 [829 830 831 833 834 835 838]] [56 [840 841 843 845 849 853 854]] [57 [858 860 863 865 868]] [58 [870 871 872 873 875 878 881 882 884]] [59 [885 886 887 889 893 895 896 898]] [60 [904 906 909 911 912 913]] [61 [916 917 919 923 924 926 928]] [62 [930 932 938 940 942 943 944]] [63 [946 947 949 950 951 953 955 959]] [64 [963 966 967 968 969 970 971 972]] [65 [976 979 980 984 985 986]] [66 [991 994 995 997 999 1001]] [67 [1005 1006 1009 1010 1011 1012 1014 1015]] [68 [1022 1024 1026 1029 1030 1033]] [69 [1035 1037 1038 1039 1040 1046 1047]] [70 [1050 1056 1058 1059 1062 1063]] [71 [1065 1069 1070 1071 1072 1074 1076]] [72 [1081 1082 1085 1087 1088 1089 1091 1092 1094]] [73 [1095 1099 1100 1101 1104 1105 1108]] [74 [1113 1114 1116 1119 1121 1122 1123]] [75 [1126 1127 1128 1139]] [76 [1141 1144 1145 1146 1148 1150 1151 1152 1154]] [77 [1158 1164 1165 1166 1168 1169]] [78 [1174 1176 1178 1180 1182 1184]] [79 [1185 1193 1194 1198 1199]] [80 [1200 1201 1204 1206 1208 1211 1212 1213 1214]] [81 [1215 1218 1219 1220 1221 1222 1223 1224 1225]] [82 [1230 1231 1238 1239 1242]] [83 [1245 1247 1248 1249 1250 1255 1259]] [84 [1260 1262 1263 1267 1269 1270 1274]] [85 [1275 1276 1277 1284 1285 1287]] [86 [1291 1293 1294 1296 1302 1303 1304]] [87 [1306 1307 1310 1313 1314 1315 1316]] [88 [1320 1326 1328 1332 1333]] [89 [1335 1338 1340 1341 1343 1346 1348]] [90 [1350 1351 1353 1354 1357 1358 1360 1362 1363]] [91 [1365 1366 1367 1371 1372 1374 1375 1378]] [92 [1380 1381 1382 1389 1391 1392 1394]] [93 [1399 1400 1402 1404 1405 1407]] [94 [1410 1412 1413 1414 1415 1416 1419 1422 1423 1424]] [95 [1426 1428 1429 1431 1435 1438]] [96 [1440 1441 1442 1444 1445 1450 1453 1454]] [97 [1455 1457 1459 1463 1464 1467]] [98 [1470 1471 1472 1473 1474 1475 1479 1480 1483]] [99 [1486 1487 1492 1493 1497 1498]]]",,"[[{citizen 7} [[""A"" [1 0]]]] [{citizen 8} [[""A"" [1 0]]]] [{citizen 10} [[""A"" [1 0]]]] [{citizen 12} [[""A"" [1 0]]]] [{citizen 13} [[""A"" [3 4]]]] [{citizen 16} [[""A"" [5 3]]]] [{citizen 18} [[""A"" [4 5]]]] [{citizen 28} [[""A"" [5 5]]]] [{citizen 30} [[""A"" [1 0]]]] [{citizen 31} [[""A"" [3 0]]]] [{citizen 33} [[""A"" [3 0]]]] [{citizen 35} [[""A"" [3 4]]]] [{citizen 42} [[""A"" [2 5]]]] [{citizen 46} [[""A"" [1 0]]]] [{media 50} [[""A"" [0 0]]]] [{media 51} [[""A"" [3 3]]]] [{media 52} [[""A"" [3 3]]]] [{media 53} [[""A"" [1 1]]]] [{media 55} [[""A"" [2 2]]]] [{media 56} [[""A"" [5 5]]]] [{media 57} [[""A"" [1 1]]]] [{media 58} [[""A"" [4 4]]]] [{media 60} [[""A"" [3 3]]]] [{media 62} [[""A"" [4 4]]]] [{media 64} [[""A"" [5 5]]]] [{citizen 0} [[""A"" [1 0]]]] [{citizen 26} [[""A"" [3 5]]]] [{citizen 3} [[""A"" [1 0]]]] [{citizen 39} [[""A"" [1 0]]]] [{citizen 17} [[""A"" [1 0]]]] [{citizen 45} [[""A"" [0 1]]]] [{citizen 14} [[""A"" [3 5]]]] [{citizen 36} [[""A"" [2 3]]]] [{citizen 5} [[""A"" [3 2]]]] [{citizen 4} [[""A"" [5 5]]]] [{citizen 27} [[""A"" [1 0]]]] [{citizen 1} [[""A"" [1 5]]]] [{citizen 6} [[""A"" [1 0]]]] [{citizen 22} [[""A"" [1 5]]]] [{citizen 48} [[""A"" [1 0]]]] [{citizen 47} [[""A"" [1 0]]]] [{citizen 38} [[""A"" [5 3]]]] [{citizen 25} [[""A"" [1 0]]]] [{citizen 40} [[""A"" [2 4]]]] [{citizen 24} [[""A"" [3 5]]]] [{citizen 20} [[""A"" [1 0]]]] [{citizen 9} [[""A"" [3 5]]]] [{media 63} [[""A"" [5 5]]]] [{citizen 37} [[""A"" [1 0]]]] [{media 61} [[""A"" [0 0]]]] [{citizen 49} [[""A"" [1 0]]]] [{citizen 19} [[""A"" [1 0]]]] [{citizen 11} [[""A"" [3 2]]]] [{media 59} [[""A"" [6 6]]]] [{media 54} [[""A"" [0 0]]]] [{citizen 44} [[""A"" [5 5]]]] [{citizen 21} [[""A"" [5 5]]]] [{citizen 32} [[""A"" [3 5]]]] [{citizen 15} [[""A"" [1 0]]]] [{citizen 41} [[""A"" [4 5]]]] [{citizen 43} [[""A"" [1 0]]]] [{citizen 34} [[""A"" [1 0]]]] [{citizen 23} [[""A"" [1 0]]]] [{citizen 29} [[""A"" [0 0]]]]]"
"3","[255 0 0]","143.26530612244898","4.049106252975611","-4.82289813897497","""circle""","""""","9.9","{breed citizens}","false","0.5","1","""up""",,"[[""ID"" 15] [""alpha"" 1] [""beta"" 1] [""malleable"" [""A""]] [""prior"" []] [""cont_tokens"" []] [""A"" 0]]","[[0 [0 1 2 3 4 6 9 10 11 12]] [1 [15 16 17 18 19 20 21 22 23 24 25 26 27 28 29]] [2 [30 31 32 33 34 35 36 37 38 39 40 41 42 43 44]] [3 [45 46 47 48 49 50 51 52 53 54 55 56 57 58 59]] [4 [60 61 62 63 64 65 66 67 68 69 70 71 72 73 74]] [5 [75 76 77 78 79 80 81 82 83 84 85 87 88 89]] [6 [90 91 92 93 94 95 96 97 98 99 100 101 102 103 104]] [7 [105 106 107 108 109 110 111 112 113 114 115 116 119]] [8 [120 121 122 123 124 125 127 128 129 132 134]] [9 [135 137 138 139 140 142 144 145 146 147 148 149]] [10 [150 151 152 153 154 155 156 158 159 160 161 162 163 164]] [11 [165 166 167 168 169 170 171 172 173 174 175 176 177 178 179]] [12 [180 181 182 183 184 185 186 187 188 189 190 191 192 193 194]] [13 [195 196 197 198 199 200 203 205 207 208 209]] [14 [210 211 212 213 214 216 218 219 221 222 223 224]] [15 [225 226 227 228 229 231 232 233 234 235 236 237 238 239]] [16 [240 241 242 243 244 245 246 247 248 249 250 251 252 253 254]] [17 [255 256 257 258 259 260 261 262 263 264 265 266 267 268 269]] [18 [270 271 272 273 274 275 276 277 278 279 280 281 282 283 284]] [19 [285 286 287 288 289 290 291 292 293 294 295 296 297 298 299]] [20 [300 301 302 303 304 305 306 307 309 310 311 312 313 314]] [21 [315 316 317 318 319 320 321 322 323 324 325 326 327 328 329]] [22 [330 331 332 333 334 335 336 337 338 339 340 341 342 343 344]] [23 [345 346 347 348 349 350 351 352 353 354 355 356 357 358 359]] [24 [360 361 362 363 364 365 366 367 368 369 370 371 372 373 374]] [25 [375 376 377 378 379 380 381 382 383 384 385 386 387 388 389]] [26 [390 391 392 393 394 395 396 397 398 399 400 401 402 403 404]] [27 [405 406 407 408 409 410 411 412 413 414 415 416 417 418 419]] [28 [420 421 422 423 424 425 427 428 429 430 431 432 433 434]] [29 [435 436 437 438 439 440 441 442 443 444 445 446 447 448 449]] [30 [450 451 452 453 454 455 456 457 458 459 460 461 462 463 464]] [31 [465 466 467 468 469 470 471 472 473 474 475 478 479]] [32 [480 481 482 485 486 487 488 489 490 491 492 493 494]] [33 [495 496 497 498 499 500 501 502 503 504 505 506 507 508 509]] [34 [510 511 512 513 514 515 516 517 518 519 520 521 522 523 524]] [35 [525 526 527 528 529 530 531 532 533 534 535 536 537 538 539]] [36 [540 541 542 543 544 545 546 547 548 549 550 551 552 553 554]] [37 [555 556 557 558 559 561 562 563 564 565 566]] [38 [570 571 572 573 574 575 576 577 578 579 581 582]] [39 [586 587 589 590 591 594 596 597 598]] [40 [600 601 602 603 604 605 606 607 608 609 612 613 614]] [41 [615 616 617 618 619 620 621 622 623 624 625 626 627 628 629]] [42 [630 631 632 633 634 635 636 637 638 639 640 641 642 643 644]] [43 [645 646 647 648 649 650 651 652 653 654 655 656 657 658 659]] [44 [660 661 662 663 664 665 666 667 668 669 670 671 672 673 674]] [45 [676 677 678 679 680 681 682 683 684 685 686 687 688 689]] [46 [690 691 692 693 694 695 696 697 698 699 700 701 702 703 704]] [47 [705 706 707 708 709 710 711 712 713 714 715 716 717 718 719]] [48 [720 721 722 723 724 725 726 727 728 729 730 731 732 733 734]] [49 [735 736 737 738 739 740 742 743 744 745 746 747 748 749]] [50 [750 751 752 753 754 755 756 757 758 759 760 761 762 763 764]] [51 [765 766 767 768 769 770 771 772 773 774 775 776 777 778 779]] [52 [780 781 782 783 784 785 786 787 788 789 790 791 792 793 794]] [53 [795 796 797 798 799 800 801 802 803 804 805 806 807 808 809]] [54 [810 811 812 813 814 815 816 817 818 819 820 821 822 823 824]] [55 [825 826 827 828 829 830 831 832 833 834 835 836 837 838 839]] [56 [840 841 842 843 844 845 846 847 848 849 850 851 852 853 854]] [57 [855 856 857 858 859 860 862 863 864 865 866 867 868 869]] [58 [870 871 872 873 874 875 876 877 878 879 880 881 882 883 884]] [59 [885 886 887 888 889 890 891 892 893 894 895 896 897 898 899]] [60 [900 901 902 903 904 905 906 907 908 909 910 911 912 913 914]] [61 [915 916 917 918 919 920 921 922 923 924 925 926 927 928 929]] [62 [930 931 932 933 934 935 936 937 938 939 940 941 942 943 944]] [63 [945 946 947 948 949 950 951 953 955 956 957 958 959]] [64 [960 961 962 963 964 965 966 967 968 969 970 971 972 973 974]] [65 [975 976 977 978 979 980 981 982 983 984 985 986 987 988 989]] [66 [990 991 992 993 994 995 996 997 998 999 1000 1001 1002 1003 1004]] [67 [1005 1006 1007 1008 1009 1010 1011 1012 1013 1014 1015 1016 1017 1018 1019]] [68 [1020 1021 1022 1023 1024 1025 1026 1027 1028 1029 1030 1031 1032 1033 1034]] [69 [1035 1036 1037 1038 1039 1040 1041 1043 1045 1046 1047 1048]] [70 [1050 1051 1052 1053 1054 1055 1056 1057 1058 1059 1060 1062 1063 1064]] [71 [1065 1066 1067 1068 1069 1070 1071 1072 1073 1074 1075 1076 1077 1078 1079]] [72 [1080 1081 1082 1083 1084 1085 1086 1087 1088 1089 1090 1091 1092 1093 1094]] [73 [1095 1096 1098 1099 1100 1101 1104 1105 1106 1107 1108 1109]] [74 [1110 1111 1112 1113 1114 1115 1116 1117 1118 1119 1120 1121 1122 1123 1124]] [75 [1125 1126 1127 1128 1129 1130 1131 1132 1134 1135 1136 1137 1138 1139]] [76 [1140 1141 1142 1143 1144 1145 1146 1147 1148 1149 1150 1151 1152 1153 1154]] [77 [1155 1156 1157 1158 1160 1161 1162 1163 1164 1165 1166 1167 1168 1169]] [78 [1170 1171 1172 1173 1174 1175 1176 1177 1178 1179 1180 1181 1182 1183 1184]] [79 [1185 1186 1187 1188 1189 1190 1191 1192 1193 1194 1195 1196 1197 1198 1199]] [80 [1200 1201 1202 1203 1204 1205 1206 1207 1208 1209 1210 1211 1212 1213 1214]] [81 [1215 1217 1218 1219 1220 1221 1222 1223 1224 1225 1226 1227 1228 1229]] [82 [1230 1231 1232 1233 1234 1235 1236 1237 1238 1239 1240 1241 1242 1243 1244]] [83 [1245 1246 1247 1248 1249 1250 1251 1252 1253 1254 1255 1256 1257 1258 1259]] [84 [1260 1261 1262 1263 1264 1265 1266 1267 1268 1269 1270 1271 1272 1273 1274]] [85 [1275 1276 1277 1278 1279 1280 1281 1282 1283 1284 1285 1286 1287 1288 1289]] [86 [1290 1291 1292 1293 1294 1295 1296 1297 1298 1299 1300 1301 1302 1303 1304]] [87 [1305 1306 1307 1308 1309 1310 1311 1312 1313 1314 1315 1316 1317 1318 1319]] [88 [1320 1321 1322 1323 1324 1325 1326 1327 1328 1330 1331 1332 1333 1334]] [89 [1335 1336 1337 1338 1339 1340 1341 1342 1343 1344 1345 1346 1347 1348 1349]] [90 [1350 1351 1352 1353 1354 1355 1356 1357 1358 1359 1360 1361 1362 1363 1364]] [91 [1365 1366 1367 1368 1369 1370 1371 1372 1373 1374 1375 1376 1377 1378 1379]] [92 [1380 1381 1382 1383 1384 1385 1386 1387 1388 1389 1390 1391 1392 1393 1394]] [93 [1395 1396 1397 1398 1399 1400 1401 1402 1403 1404 1405 1406 1407 1408 1409]] [94 [1410 1411 1412 1413 1414 1415 1416 1417 1418 1419 1420 1421 1422 1423 1424]] [95 [1425 1426 1427 1428 1429 1430 1431 1432 1433 1434 1435 1436 1437 1438 1439]] [96 [1440 1441 1442 1444 1445 1446 1447 1448 1449 1450 1451 1452 1453 1454]] [97 [1455 1456 1457 1458 1459 1460 1461 1462 1463 1464 1465 1466 1467 1468 1469]] [98 [1470 1471 1472 1473 1474 1475 1476 1477 1478 1479 1480 1483]] [99 [1485 1486 1487 1488 1489 1490 1491 1492 1493 1494 1495 1496 1497 1498 1499]]]","[[0 [1 6 9 10]] [1 [15 17 18 19 21 22 25 26 28 29]] [2 [31 32 33 37 38 41 42]] [3 [45 46 50 51 52 56 57 58]] [4 [61 62 63 64 67 68 71 72]] [5 [77 79 81 82 83 84 87 88]] [6 [91 92 93 96 98 99 100 101 102]] [7 [111 112 114 116 119]] [8 [122 124 129 132]] [9 [135 139 140 142 144 145 147 148]] [10 [154 155 156 158 160 161 162 164]] [11 [165 166 168 169 171 173 177]] [12 [180 182 183 184 185 186 187 190 192]] [13 [195 196 197 199 200 203]] [14 [211 214 216 218 219 221]] [15 [226 232 233 235 236 237 239]] [16 [241 243 244 245 248 249 251 252]] [17 [256 262 263 264 265 266 267]] [18 [270 271 274 276 279 280]] [19 [285 286 287 288 290 293 295 297]] [20 [301 302 305 307]] [21 [315 317 319 320 321 322 323 326 329]] [22 [330 331 332 333 335 336 338 340 343 344]] [23 [345 346 347 350 351 353 354 359]] [24 [360 364 366 367 369 371 374]] [25 [375 376 380 381 382 383 384 387 388]] [26 [393 397 399 400 401]] [27 [409 410 412 414 419]] [28 [421 422 424 430 431 433]] [29 [435 437 441 442 443 447 448]] [30 [450 451 454 455 460]] [31 [468 472 473 478]] [32 [482 491 493 494]] [33 [500 503 504 505 507 509]] [34 [510 513 516 517 519 520 522]] [35 [526 527 529 532 535 537 538]] [36 [540 541 542 545 546 551]] [37 [556 563 564 565 566]] [38 [575 576 577 578 582]] [39 [587 590 591 594 597 598]] [40 [600 601 602 605 606 607 608 612 613]] [41 [616 620 621 624 625 627]] [42 [632 633 635 636 639 640 643]] [43 [645 647 649 650 651 655 656 658]] [44 [661 664 665 667 668 669 671 673]] [45 [676 677 683 684 685 686 688 689]] [46 [690 691 692 694 699 700 701 702 703]] [47 [705 706 707 709 710 712 715 717]] [48 [726 727 728 730 731 732 733 734]] [49 [735 738 739 740 746 747 748 749]] [50 [752 754 756 757 761 764]] [51 [766 771 772 773 774 775 776 779]] [52 [782 783 785 786 787 789 790 792 793 794]] [53 [795 797 802 803 804 805 806 809]] [54 [810 812 816 817 818 822 823 824]] [55 [826 827 828 829 830 831 833 836 837]] [56 [842 844 847 848 851 852]] [57 [855 856 857 859 866 867 869]] [58 [870 871 872 873 875 878 881 882]] [59 [885 886 887 889 893 894 896 898 899]] [60 [901 904 906 907 910 911 912 913]] [61 [916 920 921 922 925 926 928]] [62 [930 935 937 940 942 943 944]] [63 [946 947 950 953 955 959]] [64 [963 967 968 969 970 971 972]] [65 [976 977 979 980 984 985 986]] [66 [992 993 998 1000 1002 1003 1004]] [67 [1005 1006 1009 1010 1011 1012 1014 1015]] [68 [1020 1022 1024 1026 1027 1028 1031 1033]] [69 [1035 1037 1038 1039 1040 1046 1047]] [70 [1050 1056 1058 1059 1062 1063]] [71 [1065 1067 1069 1072 1077 1078 1079]] [72 [1080 1081 1082 1085 1087 1088 1089 1091 1092 1094]] [73 [1095 1099 1100 1101 1104 1107]] [74 [1110 1112 1114 1116 1119 1122 1123]] [75 [1126 1127 1128 1131 1137 1138]] [76 [1140 1142 1143 1147 1149 1153]] [77 [1155 1156 1157 1161 1163 1167 1168 1169]] [78 [1171 1172 1174 1176 1177 1181]] [79 [1186 1188 1189 1191 1195 1196 1197]] [80 [1202 1203 1205 1207 1214]] [81 [1215 1218 1219 1220 1221 1222 1223 1224 1225]] [82 [1230 1231 1240 1243 1244]] [83 [1245 1247 1248 1249 1250 1255 1259]] [84 [1264 1265 1266 1271 1273]] [85 [1278 1279 1281 1283 1288 1289]] [86 [1292 1293 1294 1300 1302 1303 1304]] [87 [1306 1308 1310 1313 1317 1319]] [88 [1321 1323 1324 1325 1327 1330 1331 1334]] [89 [1337 1338 1339 1342 1344 1345 1347 1349]] [90 [1352 1355 1356 1358 1359 1361]] [91 [1368 1369 1370 1372 1374 1375 1377 1379]] [92 [1381 1383 1385 1386 1393 1394]] [93 [1399 1400 1402 1404 1405 1407]] [94 [1410 1412 1413 1414 1415 1416 1417 1420 1421]] [95 [1425 1430 1432 1433 1434 1436 1437 1439]] [96 [1440 1441 1442 1444 1445 1450 1452 1453 1454]] [97 [1455 1457 1459 1463 1464 1467 1468 1469]] [98 [1470 1471 1476 1477 1478 1480 1483]] [99 [1485 1486 1487 1492 1493 1497 1498]]]",,"[[{citizen 4} [[""A"" [5 5]]]] [{citizen 5} [[""A"" [4 5]]]] [{citizen 6} [[""A"" [0 0]]]] [{citizen 8} [[""A"" [0 0]]]] [{citizen 9} [[""A"" [4 5]]]] [{citizen 12} [[""A"" [0 0]]]] [{citizen 14} [[""A"" [5 3]]]] [{citizen 19} [[""A"" [0 1]]]] [{citizen 23} [[""A"" [1 0]]]] [{citizen 29} [[""A"" [0 0]]]] [{citizen 31} [[""A"" [0 0]]]] [{citizen 32} [[""A"" [4 5]]]] [{citizen 35} [[""A"" [4 3]]]] [{citizen 36} [[""A"" [4 5]]]] [{citizen 40} [[""A"" [5 3]]]] [{citizen 44} [[""A"" [5 5]]]] [{citizen 47} [[""A"" [0 0]]]] [{media 51} [[""A"" [3 3]]]] [{media 52} [[""A"" [3 3]]]] [{media 54} [[""A"" [0 0]]]] [{media 55} [[""A"" [2 2]]]] [{media 57} [[""A"" [1 1]]]] [{media 59} [[""A"" [6 6]]]] [{media 61} [[""A"" [0 0]]]] [{media 63} [[""A"" [5 5]]]] [{media 64} [[""A"" [5 5]]]] [{media 53} [[""A"" [1 1]]]] [{citizen 0} [[""A"" [0 0]]]] [{citizen 26} [[""A"" [1 5]]]] [{media 58} [[""A"" [4 4]]]] [{citizen 39} [[""A"" [1 0]]]] [{media 62} [[""A"" [4 4]]]] [{citizen 13} [[""A"" [4 5]]]] [{citizen 1} [[""A"" [1 5]]]] [{citizen 17} [[""A"" [0 0]]]] [{citizen 25} [[""A"" [0 0]]]] [{citizen 37} [[""A"" [0 0]]]] [{citizen 22} [[""A"" [4 5]]]] [{citizen 45} [[""A"" [0 3]]]] [{citizen 49} [[""A"" [5 0]]]] [{media 60} [[""A"" [3 3]]]] [{citizen 42} [[""A"" [5 3]]]] [{citizen 11} [[""A"" [4 5]]]] [{citizen 48} [[""A"" [0 0]]]] [{media 50} [[""A"" [0 0]]]] [{citizen 27} [[""A"" [3 0]]]] [{media 56} [[""A"" [5 5]]]] [{citizen 28} [[""A"" [5 3]]]] [{citizen 21} [[""A"" [5 3]]]] [{citizen 20} [[""A"" [2 0]]]] [{citizen 15} [[""A"" [1 0]]]] [{citizen 18} [[""A"" [5 5]]]] [{citizen 16} [[""A"" [5 3]]]] [{citizen 46} [[""A"" [1 0]]]] [{citizen 10} [[""A"" [0 0]]]] [{citizen 2} [[""A"" [0 0]]]] [{citizen 34} [[""A"" [0 0]]]] [{citizen 30} [[""A"" [0 0]]]] [{citizen 38} [[""A"" [5 3]]]] [{citizen 24} [[""A"" [4 5]]]] [{citizen 33} [[""A"" [5 0]]]] [{citizen 7} [[""A"" [4 5]]]] [{citizen 43} [[""A"" [0 0]]]] [{citizen 41} [[""A"" [5 5]]]]]"
"4","[43 0 212]","191.0204081632653","-0.951963638905323","-6.0986841394398645","""circle""","""""","9.9","{breed citizens}","false","0.5","1","""up""",,"[[""ID"" 34] [""alpha"" 1] [""beta"" 1] [""malleable"" [""A""]] [""prior"" []] [""cont_tokens"" []] [""A"" 5]]","[[0 [0 1 2 3 4 5 6 7 8 9 10 12 13]] [1 [15 16 17 18 19 20 21 22 23 24 25 26 27 28 29]] [2 [30 31 32 33 34 35 36 37 38 39 40 41 42 43 44]] [3 [45 46 47 48 49 50 51 52 53 54 55 56 57 58 59]] [4 [60 61 62 63 64 65 66 67 68 69 70 71 72 73 74]] [5 [75 76 77 78 79 80 81 82 83 84 85 86 87 88 89]] [6 [90 91 92 93 94 95 96 97 98 99 100 101 102 103 104]] [7 [105 107 109 110 111 112 113 114 115 116 119]] [8 [120 121 122 123 124 125 127 128 129 132 134]] [9 [135 137 138 139 140 142 144 145 146 147 148 149]] [10 [150 151 152 153 154 155 156 158 159 160 161 162 163 164]] [11 [165 166 167 168 169 170 171 172 173 174 175 176 177 178 179]] [12 [180 181 182 183 184 185 186 187 188 189 190 191 192 193 194]] [13 [195 196 197 198 199 200 201 202 203 204 205 206 207 208 209]] [14 [210 211 212 213 214 215 216 217 218 219 220 221 222 223 224]] [15 [225 226 227 228 229 231 232 233 234 235 236 237 238 239]] [16 [240 241 242 243 244 245 246 247 248 249 251 252 253 254]] [17 [255 256 257 258 259 260 261 262 263 264 265 266 267 268 269]] [18 [270 271 272 273 274 275 276 277 278 279 280 281 282 283 284]] [19 [285 286 287 288 289 290 291 292 293 294 295 296 297 298 299]] [20 [300 301 302 303 304 305 306 307 308 309 310 311 312 313 314]] [21 [315 316 317 318 319 320 321 322 323 324 325 326 327 328 329]] [22 [330 331 332 333 334 335 336 337 338 339 340 341 342 343 344]] [23 [345 346 347 348 349 350 351 352 353 354 355 356 357 358 359]] [24 [360 361 362 363 364 365 366 367 368 369 370 371 372 373 374]] [25 [375 376 377 378 379 380 381 382 383 384 385 386 387 388 389]] [26 [390 391 392 393 394 395 396 397 398 399 400 401 402 403 404]] [27 [405 406 407 408 409 410 411 412 413 414 415 416 417 418 419]] [28 [420 421 422 423 424 425 427 428 429 430 431 432 433 434]] [29 [435 436 437 438 439 440 441 442 443 444 445 446 447 448 449]] [30 [450 451 452 453 454 455 456 457 458 459 460 461 462 463 464]] [31 [465 466 467 468 469 470 471 472 473 474 475 478 479]] [32 [480 481 482 485 486 487 488 489 490 491 492 493 494]] [33 [495 496 497 498 499 501 502 503 504 505 506 507 508 509]] [34 [510 511 512 513 514 515 516 517 518 519 520 521 522 523 524]] [35 [525 526 527 528 529 530 531 532 533 534 535 536 537 538 539]] [36 [540 541 542 543 544 545 546 547 548 549 550 551 552 553 554]] [37 [555 556 557 558 559 561 562 563 564 565 566]] [38 [570 571 572 573 574 575 576 577 578 579 581 582]] [39 [586 587 589 590 591 594 596 597 598]] [40 [600 601 602 603 604 605 606 607 608 609 612 613 614]] [41 [615 616 617 618 619 620 621 622 623 624 625 626 627 628 629]] [42 [630 631 632 633 634 635 636 637 638 639 640 641 642 643 644]] [43 [645 646 647 648 649 650 651 652 653 654 655 656 657 658 659]] [44 [660 661 662 663 664 665 666 667 668 669 670 671 672 673 674]] [45 [676 677 678 679 680 681 682 683 684 685 686 687 688 689]] [46 [690 691 692 693 694 695 696 697 698 699 700 701 702 703 704]] [47 [705 706 707 708 709 710 711 712 713 714 715 716 717 718 719]] [48 [720 721 722 723 724 725 726 727 728 729 730 731 732 733 734]] [49 [735 736 737 738 739 740 742 743 744 745 746 747 748 749]] [50 [750 751 752 753 754 755 756 757 758 759 760 761 762 763 764]] [51 [765 766 767 768 769 770 771 772 773 774 775 776 777 778 779]] [52 [780 781 782 783 784 785 786 787 788 789 790 791 792 793 794]] [53 [795 796 797 798 799 800 801 802 803 804 805 806 807 808 809]] [54 [810 811 812 813 814 815 816 817 818 819 820 821 822 823 824]] [55 [825 826 827 828 829 830 831 833 834 835 836 837 838 839]] [56 [840 841 842 843 844 845 846 847 848 849 850 851 852 853 854]] [57 [855 856 857 858 859 860 861 862 863 864 865 866 867 868 869]] [58 [870 871 872 873 875 876 877 878 879 880 881 882 883 884]] [59 [885 886 887 888 889 890 891 892 893 894 895 896 897 898 899]] [60 [900 901 902 903 904 905 906 907 908 909 910 911 912 913 914]] [61 [915 916 917 918 919 920 921 922 923 924 925 926 927 928 929]] [62 [930 931 932 933 934 935 936 937 938 939 940 941 942 943 944]] [63 [945 946 947 948 949 950 951 953 955 956 957 958 959]] [64 [960 961 962 963 964 965 966 967 968 969 970 971 972 973 974]] [65 [975 976 977 978 979 980 981 982 983 984 985 986 987 988 989]] [66 [990 991 992 993 994 995 996 997 998 999 1000 1001 1002 1003 1004]] [67 [1005 1006 1007 1008 1009 1010 1011 1012 1013 1014 1015 1016 1017 1018 1019]] [68 [1020 1021 1022 1023 1024 1025 1026 1027 1028 1029 1030 1031 1032 1033]] [69 [1035 1036 1037 1038 1039 1040 1041 1043 1045 1046 1047 1048]] [70 [1050 1051 1052 1053 1054 1055 1056 1057 1058 1059 1060 1062 1063 1064]] [71 [1065 1067 1068 1069 1070 1071 1072 1073 1074 1075 1076 1077 1078 1079]] [72 [1080 1081 1082 1083 1084 1085 1086 1087 1088 1089 1090 1091 1092 1093 1094]] [73 [1095 1096 1097 1098 1099 1100 1101 1102 1103 1104 1105 1106 1107 1108 1109]] [74 [1110 1111 1112 1113 1114 1115 1116 1117 1118 1119 1120 1121 1122 1123 1124]] [75 [1125 1126 1127 1128 1129 1130 1131 1132 1134 1135 1136 1137 1138 1139]] [76 [1140 1141 1142 1143 1144 1145 1146 1147 1148 1149 1150 1151 1152 1153 1154]] [77 [1155 1156 1157 1158 1159 1160 1161 1162 1163 1164 1165 1166 1167 1168 1169]] [78 [1170 1171 1172 1173 1174 1175 1176 1177 1178 1179 1180 1181 1182 1183 1184]] [79 [1186 1188 1189 1190 1191 1192 1193 1194 1195 1196 1197 1198 1199]] [80 [1202 1203 1205 1207 1209 1210 1211 1212 1213 1214]] [81 [1215 1217 1218 1219 1220 1221 1222 1223 1224 1225 1226 1227 1228 1229]] [82 [1230 1231 1232 1233 1234 1235 1236 1237 1238 1239 1240 1241 1242 1243 1244]] [83 [1245 1246 1247 1248 1249 1250 1251 1252 1253 1254 1255 1256 1257 1258 1259]] [84 [1260 1261 1262 1263 1264 1265 1266 1267 1268 1269 1270 1271 1272 1273 1274]] [85 [1275 1276 1277 1278 1279 1280 1281 1282 1283 1284 1285 1286 1287 1288 1289]] [86 [1290 1291 1292 1293 1294 1296 1297 1298 1299 1300 1301 1302 1303 1304]] [87 [1305 1306 1307 1308 1309 1310 1311 1312 1313 1314 1315 1316 1317 1318 1319]] [88 [1320 1321 1322 1323 1324 1325 1326 1327 1328 1330 1331 1332 1333 1334]] [89 [1335 1336 1337 1338 1339 1340 1341 1342 1343 1344 1345 1346 1347 1348 1349]] [90 [1350 1351 1352 1353 1354 1355 1356 1357 1358 1359 1360 1361 1362 1363 1364]] [91 [1365 1366 1368 1369 1370 1371 1372 1373 1374 1375 1376 1377 1378 1379]] [92 [1380 1381 1382 1383 1384 1385 1386 1387 1388 1389 1390 1391 1392 1393 1394]] [93 [1395 1396 1397 1398 1399 1400 1401 1402 1403 1404 1405 1406 1407 1408 1409]] [94 [1410 1411 1412 1413 1414 1415 1416 1417 1418 1419 1420 1421 1422 1423 1424]] [95 [1425 1426 1428 1429 1430 1431 1432 1433 1434 1435 1436 1437 1438 1439]] [96 [1440 1441 1442 1444 1445 1446 1447 1448 1449 1450 1451 1452 1453 1454]] [97 [1455 1456 1457 1458 1459 1460 1461 1462 1463 1464 1465 1466 1467 1468 1469]] [98 [1470 1471 1472 1473 1474 1475 1476 1477 1478 1479 1480 1483]] [99 [1485 1486 1487 1488 1489 1490 1491 1492 1493 1494 1495 1496 1497 1498 1499]]]","[[0 [0 3 5 6 8 12]] [1 [16 17 18 19 21 22 25 26 28 29]] [2 [31 32 33 35 36 43 44]] [3 [47 48 49 50 51 53 54 55]] [4 [65 66 67 69 70 73 74]] [5 [75 76 78 80 81 82 83 84 85 88]] [6 [91 92 93 96 98 99 100 101 102]] [7 [111 112 113 115 116 119]] [8 [122 123 125 127 128 129 132]] [9 [135 139 140 142 144 145 146 147 148]] [10 [154 155 156 158 160 161 162 163]] [11 [166 167 168 169 171 173 175 177]] [12 [180 183 184 186 187 188 194]] [13 [196 197 199 200 203 209]] [14 [213 214 216 219 221 222 223]] [15 [225 229 231 234 238]] [16 [240 242 246 247 249 251 252]] [17 [256 257 260 262 263 264 265 266 267]] [18 [270 271 274 276 279 280 281 282 284]] [19 [285 286 287 289 291 292 296 298]] [20 [300 308 310 312 313 314]] [21 [318 319 320 321 322 326 329]] [22 [330 331 332 333 335 336 338]] [23 [345 346 351 353 354 359]] [24 [360 364 366 367 368 369 371 374]] [25 [375 376 380 381 382 383 384 387 389]] [26 [390 391 392 394 395 396 400 401 402 404]] [27 [405 406 409 410 412 414 419]] [28 [421 424 430 432 434]] [29 [439 440 444 446 448]] [30 [450 451 454 455 460]] [31 [466 467 470 471 474 475]] [32 [480 485 486 488 489]] [33 [495 497 498 499 501 502 504 505 507 509]] [34 [510 512 513 516 517 519 520 521 522]] [35 [526 528 529 532 534 536 539]] [36 [540 541 542 545 546 551]] [37 [556 558 559 561 562 563 564 565 566]] [38 [574 575 576 577 578 581 582]] [39 [587 589 591 594 597]] [40 [602 605 606 607 608 612 613]] [41 [616 618 620 621 624 625 627 629]] [42 [631 632 633 634 637 638 641 644]] [43 [645 647 652 654 655 656]] [44 [660 662 663 664 665 667 668 669 671 673]] [45 [676 677 678 680 684 685 688]] [46 [690 691 692 694 699 700]] [47 [705 706 707 709 710 712 715 717]] [48 [724 725 727 728 730 731 732 733 734]] [49 [736 738 739 747 748 749]] [50 [752 754 756 757 761 762 764]] [51 [766 767 769 770 774 775 776 779]] [52 [782 783 785 786 787 789 790]] [53 [798 799 800 807 808]] [54 [811 814 815 819 821]] [55 [829 830 833 834 835 838]] [56 [840 846 847 848 851 853 854]] [57 [858 860 862 864 865 868]] [58 [870 871 872 873 875 878 881 882]] [59 [885 886 887 889 893 895 896 898 899]] [60 [901 904 906 907 910 911 912 913 914]] [61 [916 920 922 925 927]] [62 [931 934 936 939 941 942 943 944]] [63 [946 948 949 950 951 953 956]] [64 [961 964 965 968 969 970 971 972]] [65 [976 977 979 980 981 987 989]] [66 [990 991 994 995 996 999 1001]] [67 [1005 1006 1009 1013 1016]] [68 [1021 1023 1025 1027 1028 1031 1033]] [69 [1035 1037 1038 1039 1040 1046 1047]] [70 [1051 1052 1054 1058 1059 1063 1064]] [71 [1065 1067 1070 1071 1072 1074 1075 1076]] [72 [1081 1082 1085 1087 1088 1091 1092 1094]] [73 [1095 1098 1101 1104 1107]] [74 [1110 1113 1114 1116 1118 1119 1122 1123]] [75 [1126 1127 1128 1129 1131 1137 1138]] [76 [1140 1142 1143 1147 1149 1153]] [77 [1155 1156 1157 1161 1163]] [78 [1170 1173 1175 1177 1181]] [79 [1189 1191 1195 1196 1197]] [80 [1202 1203 1205 1207 1214]] [81 [1215 1218 1219 1226 1227 1228]] [82 [1232 1233 1234 1235 1236 1238 1239 1240 1243 1244]] [83 [1245 1246 1251 1253 1254 1258]] [84 [1261 1262 1263 1268 1269 1270 1272]] [85 [1275 1276 1277 1284 1285 1287]] [86 [1291 1293 1294 1296 1302 1303 1304]] [87 [1306 1307 1308 1310 1313 1317 1318 1319]] [88 [1321 1323 1324 1325 1330 1331 1334]] [89 [1337 1338 1339 1342 1345 1348 1349]] [90 [1350 1351 1353 1354 1357 1358 1359 1361]] [91 [1368 1369 1372 1373 1374 1375 1376 1377]] [92 [1381 1382 1389 1391 1392 1394]] [93 [1399 1400 1402 1406 1409]] [94 [1411 1416 1419 1422 1423 1424]] [95 [1426 1429 1431 1433 1436 1437 1439]] [96 [1440 1441 1444 1445 1450 1451 1452 1453 1454]] [97 [1455 1457 1459 1463 1464 1467 1468 1469]] [98 [1470 1471 1477 1478 1483]] [99 [1485 1486 1487 1490 1491 1494 1495 1496]]]",,"[[{citizen 5} [[""A"" [4 4]]]] [{citizen 6} [[""A"" [0 1]]]] [{citizen 7} [[""A"" [4 4]]]] [{citizen 15} [[""A"" [0 1]]]] [{citizen 17} [[""A"" [4 1]]]] [{citizen 18} [[""A"" [4 4]]]] [{citizen 25} [[""A"" [4 1]]]] [{citizen 27} [[""A"" [0 1]]]] [{citizen 34} [[""A"" [0 1]]]] [{citizen 38} [[""A"" [3 4]]]] [{citizen 39} [[""A"" [0 1]]]] [{citizen 45} [[""A"" [2 1]]]] [{citizen 47} [[""A"" [0 1]]]] [{media 51} [[""A"" [3 3]]]] [{media 52} [[""A"" [3 3]]]] [{media 53} [[""A"" [1 1]]]] [{media 55} [[""A"" [2 2]]]] [{media 56} [[""A"" [5 5]]]] [{media 57} [[""A"" [1 1]]]] [{media 59} [[""A"" [6 6]]]] [{media 61} [[""A"" [0 0]]]] [{media 62} [[""A"" [4 4]]]] [{media 63} [[""A"" [5 5]]]] [{media 64} [[""A"" [5 5]]]] [{citizen 0} [[""A"" [0 1]]]] [{citizen 3} [[""A"" [1 1]]]] [{citizen 1} [[""A"" [1 4]]]] [{media 60} [[""A"" [3 3]]]] [{media 50} [[""A"" [0 0]]]] [{citizen 26} [[""A"" [4 4]]]] [{citizen 14} [[""A"" [1 4]]]] [{citizen 36} [[""A"" [4 4]]]] [{media 58} [[""A"" [4 4]]]] [{citizen 13} [[""A"" [4 4]]]] [{citizen 37} [[""A"" [0 1]]]] [{citizen 8} [[""A"" [0 1]]]] [{citizen 2} [[""A"" [0 1]]]] [{citizen 24} [[""A"" [4 4]]]] [{citizen 31} [[""A"" [4 0]]]] [{citizen 19} [[""A"" [1 1]]]] [{citizen 22} [[""A"" [4 4]]]] [{citizen 42} [[""A"" [4 4]]]] [{media 54} [[""A"" [0 0]]]] [{citizen 11} [[""A"" [4 4]]]] [{citizen 49} [[""A"" [5 1]]]] [{citizen 28} [[""A"" [4 4]]]] [{citizen 44} [[""A"" [1 4]]]] [{citizen 40} [[""A"" [4 4]]]] [{citizen 48} [[""A"" [3 1]]]] [{citizen 21} [[""A"" [4 5]]]] [{citizen 20} [[""A"" [2 1]]]] [{citizen 9} [[""A"" [4 4]]]] [{citizen 16} [[""A"" [4 4]]]] [{citizen 46} [[""A"" [2 1]]]] [{citizen 41} [[""A"" [4 4]]]] [{citizen 43} [[""A"" [0 1]]]] [{citizen 30} [[""A"" [0 1]]]] [{citizen 23} [[""A"" [3 1]]]] [{citizen 33} [[""A"" [5 5]]]] [{citizen 29} [[""A"" [0 0]]]] [{citizen 10} [[""A"" [0 1]]]] [{citizen 12} [[""A"" [3 1]]]] [{citizen 35} [[""A"" [4 4]]]] [{citizen 32} [[""A"" [4 4]]]]]"
"5","[43 0 212]","227.75510204081633","-4.063839978729567","-4.262349307216918","""circle""","""""","9.9","{breed citizens}","false","0.5","1","""up""",,"[[""ID"" 17] [""alpha"" 1] [""beta"" 1] [""malleable"" [""A""]] [""prior"" []] [""cont_tokens"" []] [""A"" 5]]","[[0 [0 1 2 3 4 5 6 8 9 10 11 12]] [1 [15 16 17 18 19 20 21 22 23 24 25 26 27 28 29]] [2 [30 31 32 33 34 35 36 37 38 39 40 41 42 43 44]] [3 [45 46 47 48 49 50 51 52 53 54 55 56 57 58 59]] [4 [60 61 62 63 64 65 66 67 68 69 70 71 72 73 74]] [5 [75 76 77 78 79 80 81 82 83 84 85 86 87 88 89]] [6 [90 91 92 93 94 95 96 97 98 99 100 101 102 103 104]] [7 [105 107 109 110 111 112 113 114 115 116 119]] [8 [120 121 122 123 124 125 127 128 129 132 134]] [9 [135 137 138 139 140 142 144 145 146 147 148 149]] [10 [150 151 152 153 154 155 156 158 159 160 161 162 163 164]] [11 [165 166 167 168 169 170 171 172 173 174 175 176 177 178 179]] [12 [180 181 182 183 184 185 186 187 188 189 190 191 192 193 194]] [13 [195 196 197 198 199 200 203 205 207 208 209]] [14 [210 211 212 213 214 216 218 219 221 222 223 224]] [15 [225 226 227 228 229 231 232 233 234 235 236 237 238 239]] [16 [240 241 242 243 244 245 246 247 248 249 250 251 252 253 254]] [17 [255 256 257 258 259 260 261 262 263 264 265 266 267 268 269]] [18 [270 271 272 273 274 275 276 277 278 279 280 281 282 283 284]] [19 [285 286 287 288 289 290 291 292 293 294 295 296 297 298 299]] [20 [300 301 302 303 304 305 306 307 308 309 310 311 312 313 314]] [21 [315 316 317 318 319 320 321 322 323 324 325 326 327 328 329]] [22 [330 331 332 333 334 335 336 337 338 339 340 341 342 343 344]] [23 [345 346 347 348 349 350 351 352 353 354 355 356 357 358 359]] [24 [360 361 362 363 364 365 366 367 368 369 370 371 372 373 374]] [25 [375 376 377 378 379 380 381 382 383 384 385 386 387 388 389]] [26 [390 391 392 393 394 395 396 397 398 399 400 401 402 403 404]] [27 [405 406 407 408 409 410 411 412 413 414 415 416 417 418 419]] [28 [420 421 422 423 424 425 427 428 429 430 431 432 433 434]] [29 [435 436 437 438 439 440 441 442 443 444 445 446 447 448 449]] [30 [450 451 452 453 454 455 456 457 458 459 460 461 462 463 464]] [31 [465 466 467 468 469 470 471 472 473 474 475 478]] [32 [480 481 482 485 486 487 488 489 490 491 492]] [33 [495 496 497 498 499 500 501 502 503 504 505 506 507 508 509]] [34 [510 511 512 513 514 515 516 517 518 519 520 521 522 523 524]] [35 [525 526 527 528 529 530 531 532 533 534 535 536 537 538 539]] [36 [540 541 542 543 544 545 546 547 548 549 550 551 552 553 554]] [37 [555 556 557 558 559 561 562 563 564 565 566]] [38 [570 571 572 573 574 575 576 577 578 579 581 582]] [39 [586 587 589 590 591 594 596 597 598]] [40 [600 601 602 603 604 605 606 607 608 609 612 613 614]] [41 [615 616 617 618 619 620 621 622 623 624 625 626 627 628 629]] [42 [630 631 632 633 634 635 636 637 638 639 640 641 642 643 644]] [43 [645 646 647 648 649 650 651 652 653 654 655 656 657 658 659]] [44 [660 661 662 663 664 665 666 667 668 669 670 671 672 673 674]] [45 [675 676 677 678 679 680 681 682 683 684 685 686 687 688 689]] [46 [690 691 692 693 694 695 696 697 698 699 700 701 702 703 704]] [47 [705 706 707 708 709 710 711 712 713 714 715 716 717 718 719]] [48 [720 721 722 723 724 725 726 727 728 729 730 731 732 733 734]] [49 [735 736 737 738 739 740 742 743 744 745 746 747 748 749]] [50 [750 751 752 753 754 755 756 757 758 759 760 761 762 763 764]] [51 [765 766 767 768 769 770 771 772 773 774 775 776 777 778 779]] [52 [780 781 782 783 784 785 786 787 788 789 790 791 792 793 794]] [53 [795 796 797 798 799 800 801 802 803 804 805 806 807 808 809]] [54 [810 811 812 813 814 815 816 817 818 819 820 821 822 823 824]] [55 [825 826 827 828 829 830 831 832 833 834 835 836 837 838 839]] [56 [840 841 842 843 844 845 846 847 848 849 850 851 852 853 854]] [57 [855 856 857 858 859 860 861 862 863 864 865 866 867 868 869]] [58 [870 871 872 873 874 875 876 877 878 879 880 881 882 883 884]] [59 [885 886 887 888 889 890 891 892 893 894 895 896 898 899]] [60 [900 901 902 903 904 905 906 907 908 909 910 911 912 913 914]] [61 [915 916 917 918 919 920 921 922 923 924 925 926 927 928 929]] [62 [930 931 932 933 934 935 936 937 938 939 940 941 942 943 944]] [63 [945 946 947 948 949 950 951 953 955 956 957 958 959]] [64 [960 961 962 963 964 965 966 967 968 969 970 971 972 973 974]] [65 [975 976 978 979 980 981 982 983 984 985 986 987 988 989]] [66 [990 991 992 993 994 995 996 997 998 999 1000 1001 1002 1003 1004]] [67 [1005 1006 1007 1008 1009 1010 1011 1012 1013 1014 1015 1016 1017 1018 1019]] [68 [1020 1021 1022 1023 1024 1025 1026 1027 1028 1029 1030 1031 1032 1033]] [69 [1035 1036 1037 1038 1039 1040 1041 1043 1045 1046 1047 1048]] [70 [1050 1051 1052 1053 1054 1055 1056 1057 1058 1059 1060 1062 1063 1064]] [71 [1065 1066 1067 1068 1069 1070 1071 1072 1073 1074 1075 1076 1077 1078 1079]] [72 [1080 1081 1082 1083 1084 1085 1086 1087 1088 1089 1090 1091 1092 1093 1094]] [73 [1095 1096 1098 1099 1100 1101 1104 1105 1106 1107 1108 1109]] [74 [1110 1111 1112 1113 1114 1115 1116 1118 1119 1120 1121 1122 1123 1124]] [75 [1125 1126 1127 1128 1129 1130 1131 1132 1133 1134 1135 1136 1137 1138 1139]] [76 [1140 1141 1142 1143 1144 1145 1146 1147 1148 1149 1150 1151 1152 1153 1154]] [77 [1155 1156 1157 1158 1159 1160 1161 1162 1163 1164 1165 1166 1167 1168 1169]] [78 [1170 1171 1172 1173 1174 1175 1176 1177 1178 1179 1180 1181 1182 1183 1184]] [79 [1185 1186 1187 1188 1189 1190 1191 1192 1193 1194 1195 1196 1197 1198 1199]] [80 [1200 1201 1202 1203 1204 1205 1206 1207 1208 1209 1210 1211 1212 1213 1214]] [81 [1215 1217 1218 1219 1220 1221 1222 1223 1224 1225 1226 1227 1228 1229]] [82 [1230 1231 1232 1233 1234 1235 1236 1237 1238 1239 1240 1241 1242 1243 1244]] [83 [1245 1246 1247 1248 1249 1250 1251 1252 1253 1254 1255 1256 1257 1258 1259]] [84 [1260 1261 1262 1263 1264 1265 1266 1267 1268 1269 1270 1271 1272 1273 1274]] [85 [1275 1276 1277 1278 1279 1280 1281 1282 1283 1284 1285 1286 1287 1288 1289]] [86 [1290 1291 1292 1293 1294 1295 1296 1297 1298 1299 1300 1301 1302 1303 1304]] [87 [1305 1306 1307 1308 1309 1310 1311 1312 1313 1314 1315 1316 1317 1318 1319]] [88 [1320 1321 1322 1323 1324 1325 1326 1327 1328 1330 1331 1332 1333 1334]] [89 [1335 1336 1337 1338 1339 1340 1341 1342 1343 1344 1345 1346 1347 1348 1349]] [90 [1350 1351 1352 1353 1354 1355 1356 1357 1358 1359 1360 1361 1362 1363 1364]] [91 [1365 1366 1367 1368 1369 1370 1371 1372 1373 1374 1375 1376 1377 1378 1379]] [92 [1380 1381 1382 1383 1384 1385 1386 1387 1388 1389 1390 1391 1392 1393 1394]] [93 [1395 1396 1397 1398 1399 1400 1401 1402 1403 1404 1405 1406 1407 1408 1409]] [94 [1410 1411 1412 1413 1414 1415 1416 1417 1418 1419 1420 1421 1422 1423 1424]] [95 [1425 1426 1428 1429 1430 1431 1432 1433 1434 1435 1436 1437 1438 1439]] [96 [1440 1441 1442 1444 1445 1446 1447 1448 1449 1450 1451 1452 1453 1454]] [97 [1455 1456 1457 1458 1459 1460 1461 1462 1463 1464 1465 1466 1467 1468 1469]] [98 [1470 1471 1472 1473 1474 1475 1476 1477 1478 1479 1480 1481 1483 1484]] [99 [1485 1486 1487 1488 1489 1490 1491 1492 1493 1494 1495 1496 1497 1498 1499]]]","[[0 [0 4 5 9]] [1 [16 18 19 24 27 29]] [2 [31 32 33 35 36 40 43 44]] [3 [47 48 52 56 58]] [4 [61 62 63 64 66 67 69 70 73 74]] [5 [75 76 78 80 82 83 84 87 88]] [6 [93 96 98 99 100 101 102]] [7 [111 113 115 116 119]] [8 [122 124 129 132]] [9 [135 139 140 142 145 146 147 148]] [10 [154 155 156 158 160 162]] [11 [165 170 172 174 176 179]] [12 [182 183 184 185 186 187 188 192]] [13 [198 200 203 208]] [14 [210 211 213 214 216 218 219 221 223]] [15 [225 227 229 231 232 233 235 236 237 239]] [16 [241 243 244 245 248 249 251 252]] [17 [256 257 260 262 263 264 265 266 267]] [18 [270 271 274 279 280 281 282 284]] [19 [286 287 288 290 293 295 297 299]] [20 [301 302 303 304 305 306 309 310 312 313 314]] [21 [316 318 319 320 322 323 325 327 328]] [22 [337 339 340 344]] [23 [345 346 348 349 352 356 357]] [24 [361 362 363 364 366 367 369 371 374]] [25 [375 376 380 381 382 383 384 387 388]] [26 [393 397 399 400 401]] [27 [409 410 412 414 419]] [28 [421 422 424 430 431 433]] [29 [435 438 441 442 443 445 446 448]] [30 [450 451 452 453 456 457 459 462 463]] [31 [465 469 470 471 474 475]] [32 [480 485 486 487 488 489 492]] [33 [496 497 498 499 501 506 508]] [34 [511 515 518 519 520 521 522]] [35 [526 527 529 532 534 536 539]] [36 [540 541 542 545 546 551]] [37 [556 558 559 561 562 565 566]] [38 [575 576 577 578 581 582]] [39 [587 590 591 594 597]] [40 [601 602 605 606 607 608 612 613]] [41 [615 618 620 621 623 624 625 627 629]] [42 [631 632 633 635 636 639 640 643]] [43 [645 647 650 651 658]] [44 [661 664 665 668 669 671 673]] [45 [676 677 683 684 685 688 689]] [46 [690 691 692 694 699 700]] [47 [705 706 707 709 710 712 715 717]] [48 [724 725 727 728 730 731 732 733 734]] [49 [735 738 739 746 747 748 749]] [50 [752 754 756 757 761 764]] [51 [766 771 772 773 774 775 776 777 779]] [52 [782 783 785 786 788 794]] [53 [795 797 802 803 804 809]] [54 [810 812 813 816 817 818 823 824]] [55 [826 827 828 829 830 831 833 834 835 839]] [56 [841 843 845 849 853 854]] [57 [858 860 862 863 864 865 868 869]] [58 [870 871 872 873 875 878 879 881 882 884]] [59 [885 886 887 889 893 895 896 898]] [60 [904 906 907 910 912 913]] [61 [916 917 919 924 926 928 929]] [62 [930 932 934 936 939 940 942 943 944]] [63 [946 947 949 950 953 955 957 958]] [64 [960 962 966 973 974]] [65 [975 978 982 983 984 985 986]] [66 [994 996 997 999 1001]] [67 [1006 1009 1013 1016 1017 1018 1019]] [68 [1021 1023 1025 1027 1028 1031 1033]] [69 [1035 1037 1038 1039 1040 1046 1047]] [70 [1050 1056 1058 1059 1063 1064]] [71 [1065 1069 1070 1071 1072 1074 1075]] [72 [1082 1083 1089 1091 1092 1094]] [73 [1095 1098 1101 1104 1105 1108 1109]] [74 [1111 1113 1114 1116 1119 1121 1122]] [75 [1125 1126 1127 1128 1131 1132 1134 1135 1136 1138]] [76 [1140 1142 1143 1147 1149 1150 1151 1152 1154]] [77 [1158 1164 1165 1166 1167]] [78 [1170 1171 1172 1174 1176 1177 1181]] [79 [1186 1188 1190 1192 1193 1194 1198 1199]] [80 [1200 1201 1204 1206 1208 1210 1211 1212 1213]] [81 [1217 1220 1221 1222 1223 1224 1225 1229]] [82 [1230 1231 1240 1243 1244]] [83 [1245 1248 1249 1250 1255 1259]] [84 [1264 1265 1266 1271 1273]] [85 [1279 1281 1283 1288 1289]] [86 [1292 1294 1299 1300 1304]] [87 [1306 1307 1308 1310 1313 1314 1315 1316]] [88 [1320 1326 1328 1332 1333]] [89 [1335 1338 1339 1342 1345 1347 1349]] [90 [1350 1351 1354 1357 1358 1362 1363]] [91 [1365 1366 1370 1371 1374 1375 1378]] [92 [1380 1381 1382 1389 1391 1392 1394]] [93 [1397 1398 1399 1400 1402 1406 1407 1408]] [94 [1410 1412 1413 1414 1415 1416 1417 1422 1423 1424]] [95 [1426 1428 1429 1431 1433 1434 1436 1437 1439]] [96 [1440 1441 1446 1447 1448 1449]] [97 [1456 1458 1460 1462 1466]] [98 [1473 1474 1475 1476 1477 1478 1480 1483]] [99 [1485 1486 1487 1490 1491 1494 1495 1496]]]",,"[[{citizen 10} [[""A"" [0 1]]]] [{citizen 16} [[""A"" [5 3]]]] [{citizen 20} [[""A"" [1 0]]]] [{citizen 21} [[""A"" [5 3]]]] [{citizen 22} [[""A"" [4 5]]]] [{citizen 23} [[""A"" [1 0]]]] [{citizen 27} [[""A"" [0 1]]]] [{citizen 28} [[""A"" [5 3]]]] [{citizen 32} [[""A"" [5 5]]]] [{citizen 33} [[""A"" [0 0]]]] [{citizen 36} [[""A"" [3 5]]]] [{citizen 37} [[""A"" [0 0]]]] [{citizen 40} [[""A"" [4 3]]]] [{citizen 45} [[""A"" [0 0]]]] [{media 54} [[""A"" [0 0]]]] [{media 57} [[""A"" [1 1]]]] [{media 59} [[""A"" [6 6]]]] [{media 61} [[""A"" [0 0]]]] [{media 63} [[""A"" [5 5]]]] [{media 64} [[""A"" [5 5]]]] [{media 51} [[""A"" [3 3]]]] [{citizen 0} [[""A"" [0 0]]]] [{citizen 1} [[""A"" [4 5]]]] [{citizen 4} [[""A"" [5 5]]]] [{media 55} [[""A"" [2 2]]]] [{media 60} [[""A"" [3 3]]]] [{media 53} [[""A"" [1 1]]]] [{media 50} [[""A"" [0 0]]]] [{media 52} [[""A"" [3 3]]]] [{citizen 3} [[""A"" [0 1]]]] [{citizen 26} [[""A"" [4 5]]]] [{citizen 39} [[""A"" [0 1]]]] [{citizen 17} [[""A"" [1 0]]]] [{media 58} [[""A"" [4 4]]]] [{citizen 7} [[""A"" [5 5]]]] [{media 62} [[""A"" [4 4]]]] [{citizen 13} [[""A"" [4 4]]]] [{citizen 47} [[""A"" [1 0]]]] [{citizen 35} [[""A"" [4 4]]]] [{citizen 11} [[""A"" [1 5]]]] [{citizen 34} [[""A"" [0 0]]]] [{citizen 14} [[""A"" [5 3]]]] [{citizen 49} [[""A"" [1 0]]]] [{citizen 25} [[""A"" [1 0]]]] [{citizen 24} [[""A"" [4 5]]]] [{citizen 6} [[""A"" [0 1]]]] [{citizen 8} [[""A"" [0 0]]]] [{citizen 2} [[""A"" [0 0]]]] [{citizen 44} [[""A"" [5 5]]]] [{citizen 41} [[""A"" [5 5]]]] [{citizen 42} [[""A"" [1 5]]]] [{citizen 31} [[""A"" [0 0]]]] [{citizen 19} [[""A"" [0 1]]]] [{citizen 48} [[""A"" [0 0]]]] [{media 56} [[""A"" [5 5]]]] [{citizen 15} [[""A"" [0 1]]]] [{citizen 18} [[""A"" [4 5]]]] [{citizen 46} [[""A"" [0 1]]]] [{citizen 9} [[""A"" [5 5]]]] [{citizen 43} [[""A"" [0 0]]]] [{citizen 30} [[""A"" [0 0]]]] [{citizen 29} [[""A"" [0 0]]]] [{citizen 38} [[""A"" [5 3]]]] [{citizen 12} [[""A"" [1 0]]]]]"
"6","[255 0 0]","246.12244897959187","-5.505791842462228","-3.4772306273633014","""circle""","""""","9.9","{breed citizens}","false","0.5","1","""up""",,"[[""ID"" 45] [""alpha"" 1] [""beta"" 1] [""malleable"" [""A""]] [""prior"" []] [""cont_tokens"" []] [""A"" 0]]","[[0 [0 1 3 4 5 6 7 8 9 10 12 13 14]] [1 [15 16 17 18 19 20 21 22 23 24 25 26 27 28 29]] [2 [30 31 32 33 34 35 36 37 38 39 40 41 42 43 44]] [3 [45 46 47 48 49 50 51 52 53 54 55 56 57 58 59]] [4 [60 61 62 63 64 65 66 67 68 69 70 71 72 73 74]] [5 [75 76 77 78 79 80 81 82 83 84 85 86 87 88 89]] [6 [90 91 92 93 94 95 96 97 98 99 100 101 102 103 104]] [7 [105 106 107 108 109 110 111 112 113 114 115 116 119]] [8 [120 121 122 123 124 125 127 128 129 132 134]] [9 [135 137 138 139 140 142 144 145 146 147 148 149]] [10 [150 151 152 153 154 155 156 157 158 159 160 161 162 163 164]] [11 [165 166 167 168 169 170 171 172 173 174 175 176 177 178 179]] [12 [180 181 182 183 184 185 186 187 188 189 190 191 192 193 194]] [13 [195 196 197 198 199 200 203 205 207 208 209]] [14 [210 211 212 213 214 215 216 217 218 219 220 221 222 223 224]] [15 [225 226 227 228 229 231 232 233 234 235 236 237 238 239]] [16 [240 241 242 243 244 245 246 247 248 249 250 251 252 253 254]] [17 [255 256 257 258 259 260 261 262 263 264 265 266 267 268 269]] [18 [270 271 272 273 274 275 276 277 278 279 280 281 282 283 284]] [19 [285 286 287 288 289 290 291 292 293 294 295 296 297 298 299]] [20 [300 301 302 303 304 305 306 307 308 309 310 311 312 313 314]] [21 [315 316 317 318 319 320 321 322 323 324 325 326 327 328 329]] [22 [330 331 332 333 334 335 336 337 338 339 340 343 344]] [23 [345 346 347 348 349 350 351 352 353 354 355 356 357 358 359]] [24 [360 361 362 363 364 365 366 367 368 369 370 371 372 373 374]] [25 [375 376 377 378 379 380 381 382 383 384 385 386 387 388 389]] [26 [390 391 392 393 394 395 396 397 398 399 400 401 402 403 404]] [27 [405 406 407 408 409 410 411 412 413 414 415 416 417 418 419]] [28 [420 421 422 423 424 425 427 428 429 430 431 432 433 434]] [29 [435 436 437 438 439 440 441 442 443 444 445 446 447 448 449]] [30 [450 451 452 453 454 455 456 457 458 459 460 461 462 463 464]] [31 [465 466 467 468 469 470 471 472 473 474 475 478 479]] [32 [480 481 482 485 486 487 488 489 490 491 492 493 494]] [33 [495 496 497 498 499 500 501 502 503 504 505 506 507 508 509]] [34 [510 511 512 513 514 515 516 517 518 519 520 521 522 523 524]] [35 [525 526 527 528 529 530 531 532 533 534 535 536 537 538 539]] [36 [540 541 542 543 544 545 546 547 548 549 550 551 552 553 554]] [37 [555 556 557 558 559 561 562 563 564 565 566]] [38 [570 571 572 573 574 575 576 577 578 579 581 582]] [39 [586 587 589 590 591 594 596 597 598]] [40 [600 601 602 603 604 605 606 607 608 609 612 613 614]] [41 [615 616 617 618 619 620 621 622 623 624 625 626 627 628 629]] [42 [630 631 632 633 634 635 636 637 638 639 640 641 642 643 644]] [43 [645 646 647 648 649 650 651 652 653 654 655 656 657 658 659]] [44 [660 661 662 663 664 665 667 668 669 670 671 672 673 674]] [45 [676 677 678 679 680 681 682 683 684 685 686 687 688 689]] [46 [690 691 692 693 694 695 696 697 698 699 700 701 702 703 704]] [47 [705 706 707 708 709 710 711 712 713 714 715 716 717 718 719]] [48 [720 721 722 723 724 725 726 727 728 729 730 731 732 733 734]] [49 [735 736 737 738 739 740 742 743 744 745 746 747 748 749]] [50 [750 751 752 753 754 755 756 757 758 759 760 761 762 763 764]] [51 [765 766 767 768 769 770 771 772 773 774 775 776 777 778 779]] [52 [780 781 782 783 784 785 786 787 788 789 790 791 792 793 794]] [53 [795 796 797 798 799 800 801 802 803 804 805 806 807 808 809]] [54 [810 811 812 813 814 815 816 817 818 819 820 821 822 823 824]] [55 [825 826 827 828 829 830 831 833 834 835 836 837 838 839]] [56 [840 841 842 843 844 845 846 847 848 849 850 851 852 853 854]] [57 [855 856 857 858 859 860 862 863 864 865 866 867 868 869]] [58 [870 871 872 873 874 875 876 877 878 879 880 881 882 883 884]] [59 [885 886 887 888 889 890 891 892 893 894 895 896 898 899]] [60 [900 901 902 903 904 905 906 907 908 909 910 911 912 913 914]] [61 [915 916 917 918 919 920 921 922 923 924 925 926 927 928 929]] [62 [930 931 932 933 934 935 936 937 938 939 940 941 942 943 944]] [63 [945 946 947 948 949 950 951 953 955 956 957 958 959]] [64 [960 961 962 963 964 965 966 967 968 969 970 971 972 973 974]] [65 [975 976 977 978 979 980 981 982 983 984 985 986 987 988 989]] [66 [990 991 992 993 994 995 996 997 998 999 1000 1001 1002 1003 1004]] [67 [1005 1006 1007 1008 1009 1010 1011 1012 1013 1014 1015 1016 1017 1018 1019]] [68 [1020 1021 1022 1023 1024 1025 1026 1027 1028 1029 1030 1031 1032 1033 1034]] [69 [1035 1036 1037 1038 1039 1040 1041 1043 1045 1046 1047 1048]] [70 [1050 1051 1052 1053 1054 1055 1056 1057 1058 1059 1060 1062 1063 1064]] [71 [1065 1067 1068 1069 1070 1071 1072 1073 1074 1075 1076 1077 1078 1079]] [72 [1080 1081 1082 1083 1084 1085 1086 1087 1088 1089 1090 1091 1092 1093 1094]] [73 [1095 1096 1097 1098 1099 1100 1101 1102 1103 1104 1105 1106 1107 1108 1109]] [74 [1110 1111 1112 1113 1114 1115 1116 1117 1118 1119 1120 1121 1122 1123 1124]] [75 [1125 1126 1127 1128 1129 1130 1131 1132 1134 1135 1136 1137 1138 1139]] [76 [1140 1142 1143 1144 1145 1146 1147 1148 1149 1150 1151 1152 1153 1154]] [77 [1155 1156 1157 1158 1160 1161 1162 1163 1164 1165 1166 1167 1168 1169]] [78 [1170 1171 1172 1173 1174 1175 1176 1177 1178 1179 1180 1181 1182 1183 1184]] [79 [1185 1186 1187 1188 1189 1190 1191 1192 1193 1194 1195 1196 1197 1198 1199]] [80 [1200 1201 1202 1203 1204 1205 1206 1207 1208 1209 1210 1211 1212 1213 1214]] [81 [1215 1217 1218 1219 1220 1221 1222 1223 1224 1225 1226 1227 1228 1229]] [82 [1230 1231 1232 1233 1234 1235 1236 1237 1238 1239 1240 1241 1242 1243 1244]] [83 [1245 1246 1247 1248 1249 1250 1251 1252 1253 1254 1255 1257 1258 1259]] [84 [1260 1261 1262 1263 1264 1265 1266 1267 1268 1269 1270 1271 1272 1273 1274]] [85 [1275 1276 1277 1278 1279 1280 1281 1282 1283 1284 1285 1286 1287 1288 1289]] [86 [1290 1291 1292 1293 1294 1295 1296 1297 1298 1299 1300 1301 1302 1303 1304]] [87 [1305 1306 1307 1308 1309 1310 1311 1312 1313 1314 1315 1316 1317 1318 1319]] [88 [1320 1321 1322 1323 1324 1325 1326 1327 1328 1330 1331 1332 1333 1334]] [89 [1335 1336 1337 1338 1339 1340 1341 1342 1343 1344 1345 1346 1347 1348 1349]] [90 [1350 1351 1352 1353 1354 1355 1356 1357 1358 1359 1360 1361 1362 1363 1364]] [91 [1365 1366 1368 1369 1370 1371 1372 1373 1374 1375 1376 1377 1378 1379]] [92 [1380 1381 1382 1383 1384 1385 1386 1387 1388 1389 1390 1391 1392 1393 1394]] [93 [1395 1396 1397 1398 1399 1400 1401 1402 1403 1404 1405 1406 1407 1408 1409]] [94 [1410 1411 1412 1413 1414 1415 1416 1417 1418 1419 1420 1421 1422 1423 1424]] [95 [1425 1426 1427 1428 1429 1430 1431 1432 1433 1434 1435 1436 1437 1438 1439]] [96 [1440 1441 1442 1444 1445 1446 1447 1448 1449 1450 1451 1452 1453 1454]] [97 [1455 1456 1457 1458 1459 1460 1461 1463 1464 1465 1467 1468 1469]] [98 [1470 1471 1472 1473 1474 1475 1476 1477 1478 1479 1480 1483]] [99 [1485 1486 1487 1488 1489 1490 1491 1492 1493 1494 1495 1496 1497 1498 1499]]]","[[0 [0 3 5 6 8 12]] [1 [16 19 21 22 25 26 28 29]] [2 [31 32 33 36 38 41 42]] [3 [45 46 51 53 54 55 57 58]] [4 [61 62 63 64 66 67 68 71 72]] [5 [77 79 81 82 83 84 85 88]] [6 [91 92 93 96 98 99 100 101 102]] [7 [111 112 113 114 116 119]] [8 [122 124 129 132 134]] [9 [137 138 142 145 147 148 149]] [10 [150 151 152 153 162]] [11 [165 166 168 171 173 175 177]] [12 [180 183 184 186 187 188 190 192]] [13 [198 199 200 203 209]] [14 [213 214 216 218 219 221 223]] [15 [225 227 229 231 232 233 235 236 237 239]] [16 [241 243 244 245 248 251 254]] [17 [255 258 259 261 266 267]] [18 [270 271 274 276 280 281 282 284]] [19 [286 287 289 291 292 294 296 298]] [20 [300 308 309 310 312 313]] [21 [316 318 319 320 321 322 323 326 329]] [22 [330 331 332 333 335 336 338]] [23 [347 350 353 354 359]] [24 [360 364 366 367 369 371 374]] [25 [375 376 380 381 382 383 384 387]] [26 [390 391 392 394 395 396 400 401]] [27 [406 409 410 412 414 419]] [28 [421 429 430 431]] [29 [435 437 438 441 442 443 445 446 447]] [30 [452 453 455 460]] [31 [466 468 472 473 478]] [32 [481 482 491 493 494]] [33 [500 503 504 505 507 509]] [34 [510 512 513 516 517 519 520 521 522]] [35 [526 528 529 532 535 536]] [36 [540 543 545 546 551]] [37 [556 558 559 561 562 563 564 565 566]] [38 [575 576 577 578 581 582]] [39 [587 590 591 594 598]] [40 [600 601 602 605 606 607 608 612 613]] [41 [616 621 624 625 626 628]] [42 [630 633 634 637 638 641]] [43 [646 648 653 657 659]] [44 [660 662 663 664 665 667 669 671 673]] [45 [676 677 678 679 680 681 682 687 688 689]] [46 [690 691 692 698 699 700 701 702 703]] [47 [706 707 709 715 717]] [48 [724 725 727 728 730 731 732 733 734]] [49 [735 738 739 746 747 748 749]] [50 [752 754 756 757 761 762 763]] [51 [765 767 768 769 770 774 775 776 777 779]] [52 [782 783 785 786 787 791 792 793 794]] [53 [796 797 802 803 805 806 808]] [54 [811 814 815 819 821]] [55 [829 830 831 833 834 838]] [56 [840 846 848 852]] [57 [856 857 866 867]] [58 [874 875 878 879 881 882 884]] [59 [886 887 889 893 894]] [60 [900 902 903 908 914]] [61 [916 917 919 923 924 926 928 929]] [62 [930 933 935 937 940 942 943 944]] [63 [946 948 949 950 955 959]] [64 [963 967 968 969 970 971 972]] [65 [976 979 980 984 985 986]] [66 [992 993 998 1000 1002 1003 1004]] [67 [1005 1006 1009 1010 1011 1012 1014 1015]] [68 [1020 1022 1024 1026 1033]] [69 [1035 1037 1038 1039 1040 1046 1047]] [70 [1052 1054 1058 1059 1062 1063 1064]] [71 [1065 1067 1069 1070 1071 1072 1077 1079]] [72 [1080 1083 1086 1089 1091]] [73 [1096 1098 1101 1104 1107]] [74 [1110 1112 1114 1116 1118 1120 1124]] [75 [1130 1132 1134 1135 1136 1138]] [76 [1140 1142 1143 1147 1149 1153]] [77 [1155 1156 1157 1160 1162 1164 1165 1166 1168 1169]] [78 [1171 1172 1174 1176 1177 1181]] [79 [1189 1190 1192 1193 1194 1198 1199]] [80 [1200 1201 1204 1206 1208 1211 1212 1213]] [81 [1217 1219 1226 1227 1228]] [82 [1232 1233 1237 1241 1242]] [83 [1247 1248 1249 1250 1255 1259]] [84 [1260 1261 1262 1263 1268 1269 1270 1274]] [85 [1275 1276 1277 1280 1282 1283 1288 1289]] [86 [1292 1294 1297 1298 1299 1300 1302 1303 1304]] [87 [1306 1307 1310 1313 1317 1318 1319]] [88 [1321 1322 1323 1324 1325 1327 1330 1331 1334]] [89 [1337 1338 1340 1341 1343 1346]] [90 [1350 1351 1353 1354 1357 1358 1359 1361]] [91 [1368 1369 1370 1371 1372 1374 1375 1378]] [92 [1380 1383 1385 1386 1389 1391 1392 1394]] [93 [1397 1398 1399 1400 1402 1404 1405 1407 1408]] [94 [1410 1412 1413 1414 1415 1417 1418 1420 1421]] [95 [1425 1430 1432 1433 1434 1436 1437 1439]] [96 [1440 1441 1442 1444 1445 1450 1452 1453 1454]] [97 [1455 1457 1459 1464 1467 1469]] [98 [1470 1471 1472 1473 1474 1475 1479 1480 1483]] [99 [1485 1486 1487 1492 1493 1497 1498]]]",,"[[{citizen 9} [[""A"" [4 5]]]] [{citizen 11} [[""A"" [4 5]]]] [{citizen 12} [[""A"" [1 0]]]] [{citizen 13} [[""A"" [5 3]]]] [{citizen 17} [[""A"" [0 0]]]] [{citizen 19} [[""A"" [0 1]]]] [{citizen 22} [[""A"" [4 5]]]] [{media 50} [[""A"" [0 0]]]] [{media 51} [[""A"" [3 3]]]] [{media 52} [[""A"" [3 3]]]] [{media 53} [[""A"" [1 1]]]] [{media 55} [[""A"" [2 2]]]] [{media 56} [[""A"" [5 5]]]] [{media 57} [[""A"" [1 1]]]] [{media 58} [[""A"" [4 4]]]] [{media 60} [[""A"" [3 3]]]] [{media 62} [[""A"" [4 4]]]] [{media 64} [[""A"" [5 5]]]] [{media 61} [[""A"" [0 0]]]] [{citizen 3} [[""A"" [2 1]]]] [{citizen 1} [[""A"" [4 5]]]] [{citizen 4} [[""A"" [4 5]]]] [{citizen 0} [[""A"" [0 0]]]] [{media 63} [[""A"" [5 5]]]] [{citizen 26} [[""A"" [4 5]]]] [{citizen 39} [[""A"" [0 1]]]] [{citizen 45} [[""A"" [0 3]]]] [{citizen 14} [[""A"" [5 3]]]] [{citizen 25} [[""A"" [1 0]]]] [{citizen 36} [[""A"" [5 3]]]] [{citizen 5} [[""A"" [4 5]]]] [{citizen 27} [[""A"" [2 1]]]] [{citizen 7} [[""A"" [4 5]]]] [{citizen 32} [[""A"" [4 5]]]] [{citizen 47} [[""A"" [1 0]]]] [{citizen 35} [[""A"" [4 3]]]] [{citizen 40} [[""A"" [5 3]]]] [{citizen 24} [[""A"" [3 4]]]] [{citizen 37} [[""A"" [2 0]]]] [{citizen 8} [[""A"" [0 0]]]] [{citizen 2} [[""A"" [0 0]]]] [{citizen 31} [[""A"" [0 0]]]] [{citizen 49} [[""A"" [2 0]]]] [{media 59} [[""A"" [6 6]]]] [{citizen 42} [[""A"" [5 3]]]] [{media 54} [[""A"" [0 0]]]] [{citizen 48} [[""A"" [0 0]]]] [{citizen 28} [[""A"" [5 3]]]] [{citizen 44} [[""A"" [4 5]]]] [{citizen 38} [[""A"" [5 3]]]] [{citizen 21} [[""A"" [5 3]]]] [{citizen 20} [[""A"" [4 2]]]] [{citizen 15} [[""A"" [1 0]]]] [{citizen 18} [[""A"" [4 5]]]] [{citizen 16} [[""A"" [5 3]]]] [{citizen 46} [[""A"" [0 1]]]] [{citizen 41} [[""A"" [4 5]]]] [{citizen 43} [[""A"" [0 0]]]] [{citizen 30} [[""A"" [0 0]]]] [{citizen 23} [[""A"" [1 0]]]] [{citizen 33} [[""A"" [5 4]]]] [{citizen 34} [[""A"" [2 0]]]] [{citizen 29} [[""A"" [0 0]]]] [{citizen 10} [[""A"" [1 0]]]]]"
"7","[43 0 212]","253.46938775510205","-5.856070586244973","-2.369284535349323","""circle""","""""","9.9","{breed citizens}","false","0.5","1","""up""",,"[[""ID"" 2] [""alpha"" 1] [""beta"" 1] [""malleable"" [""A""]] [""prior"" []] [""cont_tokens"" []] [""A"" 5]]","[[0 [0 3 4 5 6 7 8 9 12 13 14]] [1 [15 16 17 18 19 20 21 22 23 24 25 26 27 28 29]] [2 [31 32 33 35 36 37 38 40 41 42 43 44]] [3 [45 46 47 48 49 50 51 52 53 54 55 56 57 58 59]] [4 [60 62 63 64 65 66 67 68 69 70 71 72 73 74]] [5 [75 76 77 78 79 80 81 82 83 84 85 86 87 88 89]] [6 [90 91 92 93 94 95 96 97 98 99 100 101 102 103 104]] [7 [105 107 109 110 111 112 113 114 115 116 119]] [8 [120 121 122 123 124 125 127 128 129 132 134]] [9 [135 137 138 139 140 142 144 145 146 147 148 149]] [10 [150 151 152 153 154 155 156 158 159 160 161 162 163 164]] [11 [165 166 167 168 169 170 171 172 173 174 175 176 177 178 179]] [12 [180 181 182 183 184 185 186 187 188 189 190 191 192 193 194]] [13 [195 196 197 198 199 200 203 205 207 208 209]] [14 [210 211 212 213 214 216 218 219 221 222 223 224]] [15 [225 226 227 228 229 231 232 233 234 235 236 237 238 239]] [16 [240 241 242 243 244 245 246 247 248 249 250 251 252 253 254]] [17 [255 256 257 258 259 260 261 262 263 264 265 266 267 268 269]] [18 [270 271 272 273 274 275 276 277 278 279 280 281 282 283 284]] [19 [285 286 287 288 289 290 291 292 293 294 295 296 297 298 299]] [20 [300 301 302 303 304 305 306 307 308 309 310 311 312 313 314]] [21 [315 316 317 318 319 320 321 322 323 324 325 326 327 328 329]] [22 [330 331 332 333 334 335 336 337 338 339 340 341 342 343 344]] [23 [345 346 347 348 349 350 351 352 353 354 355 356 357 358 359]] [24 [360 361 362 363 364 365 366 367 368 369 370 371 372 373 374]] [25 [375 376 377 378 379 380 381 382 383 384 385 386 387 388 389]] [26 [390 391 392 393 394 395 396 397 398 399 400 401 402 403 404]] [27 [405 406 407 408 409 410 411 412 413 414 415 416 417 418 419]] [28 [420 421 422 423 424 425 427 428 429 430 431 432 433 434]] [29 [435 436 437 438 439 440 441 442 443 444 445 446 447 448 449]] [30 [450 451 452 453 454 455 456 457 458 459 460 461 462 463 464]] [31 [465 466 467 468 469 470 471 472 473 474 475 478 479]] [32 [480 481 482 483 484 485 486 487 488 489 490 491 492 493 494]] [33 [495 496 497 498 499 500 501 502 503 504 505 506 507 508 509]] [34 [510 511 512 513 514 515 516 517 518 519 520 521 522 523 524]] [35 [525 526 527 528 529 530 531 532 533 534 535 536 537 538 539]] [36 [540 541 542 543 544 545 546 547 548 549 550 551 552 553 554]] [37 [555 556 557 558 559 561 562 563 564 565 566]] [38 [570 571 572 573 574 575 576 577 578 579 581 582]] [39 [586 587 589 590 591 594 596 597 598]] [40 [600 601 602 603 604 605 606 607 608 609 612 613 614]] [41 [615 616 617 618 619 620 621 622 623 624 625 626 627 628 629]] [42 [630 631 632 633 634 635 636 637 638 639 640 641 642 643 644]] [43 [645 646 647 648 649 650 651 652 653 654 655 656 657 658 659]] [44 [660 661 662 663 664 665 666 667 668 669 670 671 672 673 674]] [45 [675 676 677 678 679 680 681 682 683 684 685 686 687 688 689]] [46 [690 691 692 693 694 695 696 697 698 699 700 701 702 703 704]] [47 [705 706 707 708 709 710 711 712 713 714 715 716 717 718 719]] [48 [720 721 722 723 724 725 727 728 729 730 731 732 733 734]] [49 [735 736 737 738 739 740 742 743 744 745 746 747 748 749]] [50 [750 751 752 753 754 755 756 757 758 759 760 761 762 763 764]] [51 [765 766 767 768 769 770 771 772 773 774 775 776 777 778 779]] [52 [780 781 782 783 784 785 786 787 788 789 790 791 792 793 794]] [53 [795 796 797 798 799 800 801 802 803 804 805 806 807 808 809]] [54 [810 811 812 813 814 815 816 817 818 819 820 821 822 823 824]] [55 [825 826 827 828 829 830 831 833 834 835 836 837 838 839]] [56 [840 841 842 843 844 845 846 847 848 849 850 851 852 853 854]] [57 [855 856 857 858 859 860 862 863 864 865 866 867 868 869]] [58 [870 871 872 873 874 875 876 877 878 879 880 881 882 883 884]] [59 [885 886 887 888 889 890 891 892 893 894 895 896 898 899]] [60 [900 901 902 903 904 905 906 907 908 909 910 911 912 913 914]] [61 [915 916 917 918 919 920 921 922 923 924 925 926 927 928 929]] [62 [930 931 932 933 934 935 936 937 938 939 940 941 942 943 944]] [63 [945 946 947 948 949 950 951 953 955 956 957 958 959]] [64 [960 962 963 966 967 968 969 970 971 972 973 974]] [65 [975 976 977 978 979 980 981 982 983 984 985 986 987 988 989]] [66 [990 991 992 993 994 995 996 997 998 999 1000 1001 1002 1003 1004]] [67 [1005 1006 1007 1008 1009 1010 1011 1012 1013 1014 1015 1016 1017 1018 1019]] [68 [1020 1021 1022 1023 1024 1025 1026 1027 1028 1029 1030 1031 1032 1033]] [69 [1035 1036 1037 1038 1039 1040 1041 1043 1045 1046 1047 1048]] [70 [1050 1051 1052 1053 1054 1055 1056 1057 1058 1059 1060 1062 1063 1064]] [71 [1065 1066 1067 1068 1069 1070 1071 1072 1073 1074 1075 1076 1077 1078 1079]] [72 [1080 1081 1082 1083 1084 1085 1086 1087 1088 1089 1090 1091 1092 1093 1094]] [73 [1095 1096 1098 1099 1100 1101 1104 1105 1106 1107 1108 1109]] [74 [1110 1111 1112 1113 1114 1115 1116 1118 1119 1120 1121 1122 1123 1124]] [75 [1125 1126 1127 1128 1129 1130 1131 1132 1133 1134 1135 1136 1137 1138 1139]] [76 [1140 1141 1142 1143 1144 1145 1146 1147 1148 1149 1150 1151 1152 1153 1154]] [77 [1155 1156 1157 1158 1159 1160 1162 1163 1164 1165 1166 1167 1168 1169]] [78 [1170 1171 1172 1173 1174 1175 1176 1177 1178 1179 1180 1181 1182 1183 1184]] [79 [1185 1186 1187 1188 1189 1190 1191 1192 1193 1194 1195 1196 1197 1198 1199]] [80 [1200 1201 1202 1203 1204 1205 1206 1207 1208 1209 1210 1211 1212 1213 1214]] [81 [1215 1217 1218 1219 1220 1221 1222 1223 1224 1225 1226 1227 1228 1229]] [82 [1230 1231 1232 1233 1234 1235 1236 1237 1238 1239 1240 1241 1242 1243 1244]] [83 [1245 1246 1247 1248 1249 1250 1251 1252 1253 1254 1255 1257 1258 1259]] [84 [1260 1261 1262 1263 1264 1265 1266 1267 1268 1269 1270 1271 1272 1273 1274]] [85 [1275 1276 1277 1278 1279 1280 1281 1282 1283 1284 1285 1286 1287 1288 1289]] [86 [1290 1291 1292 1293 1294 1295 1296 1297 1298 1299 1300 1301 1302 1303 1304]] [87 [1305 1306 1307 1308 1309 1310 1311 1312 1313 1314 1315 1316 1317 1318 1319]] [88 [1320 1321 1322 1323 1324 1325 1326 1327 1328 1330 1331 1332 1333 1334]] [89 [1335 1336 1337 1338 1339 1340 1341 1342 1343 1344 1345 1346 1347 1348 1349]] [90 [1350 1351 1352 1353 1354 1355 1356 1357 1358 1359 1360 1361 1362 1363 1364]] [91 [1365 1366 1367 1368 1369 1370 1371 1372 1373 1374 1375 1376 1377 1378 1379]] [92 [1380 1381 1382 1383 1384 1385 1386 1387 1388 1389 1390 1391 1392 1393 1394]] [93 [1395 1396 1397 1398 1399 1400 1401 1402 1403 1404 1405 1406 1407 1408 1409]] [94 [1410 1411 1412 1413 1414 1415 1416 1417 1418 1419 1420 1421 1422 1423 1424]] [95 [1425 1426 1428 1429 1430 1431 1432 1433 1434 1435 1436 1437 1438 1439]] [96 [1440 1441 1442 1444 1445 1446 1447 1448 1449 1450 1451 1452 1453 1454]] [97 [1455 1456 1457 1458 1459 1460 1461 1462 1463 1464 1465 1466 1467 1468 1469]] [98 [1470 1471 1472 1473 1474 1475 1476 1477 1478 1479 1480 1483]] [99 [1485 1486 1487 1490 1491 1492 1493 1494 1495 1496 1497 1498 1499]]]","[[0 [0 4 5 7 13 14]] [1 [15 17 18 19 20 23 27]] [2 [31 32 33 35 36 38 42]] [3 [45 46 51 53 54 55]] [4 [65 66 69 70 73 74]] [5 [75 76 78 80 81 82 83 84 85 88]] [6 [92 93 96 98 99 100 101 102]] [7 [111 112 113 114 115 116 119]] [8 [122 123 124 125 127 128 129 132]] [9 [135 139 140 142 144 145 146 147 148]] [10 [154 155 156 158 163]] [11 [166 167 168 171 173 175 177 178 179]] [12 [180 183 184 186 187 190 192]] [13 [195 196 197 199 200 203 207 208]] [14 [210 211 212 218 219 221 222 223]] [15 [225 227 229 231 232 233 235 236 237 239]] [16 [241 243 244 248 249 251 252]] [17 [257 260 262 263 264 265 266 267 268]] [18 [275 281 282 284]] [19 [285 286 287 289 291 292 296 298]] [20 [300 306 309 310 312 313]] [21 [316 318 319 320 322 326]] [22 [330 332 333 335 336 340 343 344]] [23 [345 346 347 350 353 354 355 358]] [24 [361 362 363 365 370]] [25 [377 378 379 382 383 384 387 388]] [26 [393 397 399 400 401 402 404]] [27 [405 406 409 410 414 419]] [28 [421 422 424 430 431 433]] [29 [435 438 441 443 445 446 448]] [30 [450 451 452 453 455 460]] [31 [466 468 472 473 478 479]] [32 [481 482 490 491 492]] [33 [496 497 498 499 501 506 508]] [34 [511 515 518 520 521 522 524]] [35 [525 530 531 533 537 538]] [36 [541 542 545 546 551]] [37 [556 563 564 565 566]] [38 [575 576 577 578 582]] [39 [587 589 591 594 597 598]] [40 [600 601 605 606 607 608 612 613]] [41 [616 620 625 627]] [42 [630 634 637 638 641 644]] [43 [645 647 650 651 655 656 658]] [44 [661 664 665 668 669 671 673]] [45 [676 677 678 680 681 682 687]] [46 [693 695 696 697 704]] [47 [711 713 714 718 719]] [48 [721 722 723 725 727 728 730 731 732 733 734]] [49 [735 738 739 747 748 749]] [50 [750 751 753 755 759 760 763]] [51 [765 767 768 769 770 774 775 776 777 779]] [52 [782 783 785 786 787 789 790]] [53 [798 799 800 807 808]] [54 [811 814 815 819 821]] [55 [829 830 831 833 836 837]] [56 [842 844 846 848 850 851 852]] [57 [855 856 857 859 866 867]] [58 [874 876 877 879 881 882 884]] [59 [885 887 889 893 895 896 898]] [60 [901 904 906 909 911 912 913 914]] [61 [918 921 922 925 926 928 929]] [62 [930 933 935 937 943 944]] [63 [946 947 949 950 955 957 958]] [64 [960 962 963 967 968 969 970 971 972]] [65 [976 979 980 984 985 986 988]] [66 [992 993 998 1000 1002 1003]] [67 [1005 1006 1009 1013 1016 1019]] [68 [1021 1023 1025 1027 1029 1030 1033]] [69 [1035 1037 1038 1039 1040 1046 1047]] [70 [1052 1053 1055 1057 1060]] [71 [1066 1068 1073 1074 1076]] [72 [1081 1082 1083 1084 1086 1090 1092 1094]] [73 [1095 1099 1100 1101 1104 1105 1108 1109]] [74 [1111 1113 1114 1116 1119 1122]] [75 [1125 1126 1127 1128 1131 1132 1134 1135 1136]] [76 [1140 1142 1144 1146 1148 1150 1151 1152 1154]] [77 [1158 1165 1167 1168 1169]] [78 [1171 1172 1174 1176 1177 1181 1183]] [79 [1186 1188 1189 1190 1192 1193 1194 1198 1199]] [80 [1200 1201 1204 1206 1208 1211 1212 1213 1214]] [81 [1215 1218 1219 1226 1227 1228]] [82 [1232 1233 1237 1241 1242]] [83 [1245 1247 1248 1249 1250 1255 1259]] [84 [1264 1265 1266 1271 1273]] [85 [1278 1279 1281 1283 1286 1287]] [86 [1290 1292 1294 1296 1300 1302 1303 1304]] [87 [1306 1307 1308 1311 1313 1317 1318 1319]] [88 [1321 1323 1324 1325 1328 1332 1333]] [89 [1335 1338 1342 1345 1348 1349]] [90 [1352 1355 1356 1358 1362 1363]] [91 [1365 1366 1367 1371 1374 1375 1377]] [92 [1381 1383 1385 1386 1387 1388 1390]] [93 [1395 1396 1401 1403 1405 1407]] [94 [1410 1412 1413 1414 1415 1416 1419 1423 1424]] [95 [1426 1428 1429 1431 1433 1436 1437 1439]] [96 [1440 1441 1442 1444 1445 1450 1452 1453 1454]] [97 [1455 1457 1459 1463 1464 1467 1469]] [98 [1470 1471 1472 1473 1474 1475 1479]] [99 [1486 1487 1490 1491 1494 1495 1496]]]",,"[[{citizen 14} [[""A"" [5 3]]]] [{citizen 23} [[""A"" [1 0]]]] [{citizen 26} [[""A"" [3 5]]]] [{citizen 38} [[""A"" [5 3]]]] [{citizen 46} [[""A"" [1 0]]]] [{media 50} [[""A"" [0 0]]]] [{media 53} [[""A"" [1 1]]]] [{media 56} [[""A"" [5 5]]]] [{media 58} [[""A"" [4 4]]]] [{media 60} [[""A"" [3 3]]]] [{media 62} [[""A"" [4 4]]]] [{media 51} [[""A"" [3 3]]]] [{citizen 0} [[""A"" [0 0]]]] [{citizen 2} [[""A"" [0 0]]]] [{media 64} [[""A"" [5 5]]]] [{citizen 1} [[""A"" [3 5]]]] [{citizen 4} [[""A"" [5 5]]]] [{media 55} [[""A"" [2 2]]]] [{media 52} [[""A"" [3 3]]]] [{media 57} [[""A"" [1 1]]]] [{citizen 3} [[""A"" [1 0]]]] [{citizen 39} [[""A"" [1 0]]]] [{citizen 17} [[""A"" [2 0]]]] [{citizen 45} [[""A"" [0 3]]]] [{citizen 36} [[""A"" [3 5]]]] [{citizen 5} [[""A"" [2 3]]]] [{citizen 27} [[""A"" [1 0]]]] [{citizen 13} [[""A"" [4 4]]]] [{citizen 47} [[""A"" [1 0]]]] [{citizen 35} [[""A"" [4 3]]]] [{citizen 11} [[""A"" [3 5]]]] [{citizen 34} [[""A"" [0 0]]]] [{citizen 25} [[""A"" [0 0]]]] [{citizen 40} [[""A"" [4 3]]]] [{citizen 24} [[""A"" [3 5]]]] [{citizen 6} [[""A"" [0 0]]]] [{citizen 20} [[""A"" [2 0]]]] [{citizen 9} [[""A"" [5 5]]]] [{citizen 10} [[""A"" [0 0]]]] [{media 63} [[""A"" [5 5]]]] [{citizen 37} [[""A"" [0 0]]]] [{citizen 8} [[""A"" [0 0]]]] [{citizen 31} [[""A"" [0 0]]]] [{citizen 19} [[""A"" [1 0]]]] [{media 61} [[""A"" [0 0]]]] [{citizen 22} [[""A"" [3 5]]]] [{citizen 49} [[""A"" [1 0]]]] [{media 59} [[""A"" [6 6]]]] [{media 54} [[""A"" [0 0]]]] [{citizen 48} [[""A"" [0 0]]]] [{citizen 28} [[""A"" [5 3]]]] [{citizen 44} [[""A"" [5 5]]]] [{citizen 21} [[""A"" [5 3]]]] [{citizen 15} [[""A"" [1 0]]]] [{citizen 18} [[""A"" [4 5]]]] [{citizen 42} [[""A"" [5 3]]]] [{citizen 16} [[""A"" [5 3]]]] [{citizen 41} [[""A"" [5 5]]]] [{citizen 43} [[""A"" [0 0]]]] [{citizen 30} [[""A"" [1 0]]]] [{citizen 33} [[""A"" [0 0]]]] [{citizen 12} [[""A"" [1 0]]]] [{citizen 32} [[""A"" [4 5]]]] [{citizen 29} [[""A"" [0 0]]]]]"
"8","[255 0 0]","260.8163265306123","-7.022563632927711","-1.1320407378128952","""circle""","""""","9.9","{breed citizens}","false","0.5","1","""up""",,"[[""ID"" 8] [""alpha"" 1] [""beta"" 1] [""malleable"" [""A""]] [""prior"" []] [""cont_tokens"" []] [""A"" 0]]","[[0 [0 1 4 5 6 7 8 9 10 12 13 14]] [1 [15 16 17 18 19 20 21 22 23 24 25 26 27 28 29]] [2 [30 31 32 33 34 35 36 37 38 39 40 41 42 43 44]] [3 [45 46 47 48 49 50 51 52 53 54 55 56 57 58 59]] [4 [60 61 62 63 64 65 66 67 68 69 70 71 72 73 74]] [5 [75 76 77 78 79 80 81 82 83 84 85 86 87 88 89]] [6 [90 91 92 93 94 95 96 97 98 99 100 101 102 103 104]] [7 [105 107 109 110 111 112 113 114 115 116 119]] [8 [122 123 124 125 127 128 129 132 134]] [9 [135 137 138 139 140 142 144 145 146 147 148 149]] [10 [150 151 152 153 154 155 156 158 159 160 161 162 163 164]] [11 [165 166 167 168 169 170 171 172 173 174 175 176 177 178 179]] [12 [180 181 182 183 184 185 186 187 188 189 190 191 192 193 194]] [13 [195 196 197 198 199 200 201 202 203 204 205 206 207 208 209]] [14 [210 211 212 213 214 216 218 219 221 222 223 224]] [15 [225 226 227 228 229 231 232 233 234 235 236 237 238 239]] [16 [240 241 242 243 244 245 246 247 248 249 251 252 253 254]] [17 [255 256 257 258 259 260 261 262 263 264 265 266 267 268 269]] [18 [270 271 272 273 274 275 276 277 278 279 280 281 282 283 284]] [19 [285 286 287 288 289 290 291 292 293 294 295 296 297 298 299]] [20 [300 301 302 303 304 305 306 307 308 309 310 311 312 313 314]] [21 [315 316 317 318 319 320 321 322 323 324 325 326 327 328 329]] [22 [330 331 332 333 334 335 336 338 340 343 344]] [23 [345 346 347 348 349 350 351 352 353 354 355 356 357 358 359]] [24 [360 361 362 363 364 365 366 367 368 369 370 371 372 373 374]] [25 [375 376 377 378 379 380 381 382 383 384 385 386 387 388 389]] [26 [390 391 392 393 394 395 396 397 398 399 400 401 402 403 404]] [27 [405 406 407 408 409 410 411 412 413 414 415 416 417 418 419]] [28 [420 421 422 423 424 425 427 428 429 430 431 432 433 434]] [29 [435 436 437 438 439 440 441 442 443 444 445 446 447 448 449]] [30 [450 451 452 453 454 455 456 457 458 459 460 461 462 463 464]] [31 [465 466 467 468 469 470 471 472 473 474 475 478 479]] [32 [481 482 490 491 492 493 494]] [33 [495 496 497 498 499 500 501 502 503 504 505 506 507 508 509]] [34 [510 511 512 513 514 515 516 517 518 519 520 521 522 523 524]] [35 [525 526 527 528 529 530 531 532 533 534 535 536 537 538 539]] [36 [540 541 542 543 544 545 546 547 548 549 550 551 552 553 554]] [37 [555 556 557 558 559 560 561 562 563 564 565 566 567 568 569]] [38 [570 571 572 573 574 575 576 577 578 579 581 582]] [39 [586 587 589 590 591 594 596 597 598]] [40 [600 601 602 603 604 605 606 607 608 609 612 613 614]] [41 [615 616 617 618 619 620 621 622 623 624 625 626 627 628 629]] [42 [630 631 632 633 634 635 636 637 638 639 640 641 642 643 644]] [43 [645 646 647 648 649 650 651 652 653 654 655 656 657 658 659]] [44 [660 661 662 663 664 665 666 667 668 669 670 671 672 673 674]] [45 [675 676 677 678 679 680 681 682 683 684 685 686 687 688 689]] [46 [690 691 692 693 694 695 696 697 698 699 700 701 702 703 704]] [47 [705 706 707 708 709 710 711 712 713 714 715 716 717 718 719]] [48 [720 721 722 723 724 725 726 727 728 729 730 731 732 733 734]] [49 [735 736 737 738 739 740 742 743 744 745 746 747 748 749]] [50 [750 751 752 753 754 755 756 757 758 759 760 761 762 763 764]] [51 [765 766 767 768 769 770 771 772 773 774 775 776 777 778 779]] [52 [780 781 782 783 784 785 786 787 788 789 790 791 792 793 794]] [53 [795 796 797 798 799 800 801 802 803 804 805 806 807 808 809]] [54 [810 811 812 813 814 815 816 817 818 819 820 821 822 823 824]] [55 [825 826 827 828 829 830 831 832 833 834 835 836 837 838 839]] [56 [840 841 842 843 844 845 846 847 848 849 850 851 852 853 854]] [57 [855 856 857 858 859 860 861 862 863 864 865 866 867 868 869]] [58 [870 871 872 873 874 875 876 877 878 879 880 881 882 883 884]] [59 [885 886 887 888 889 890 891 892 893 894 895 896 898 899]] [60 [900 901 902 903 904 905 906 907 908 909 910 911 912 913 914]] [61 [915 916 917 918 919 920 921 922 923 924 925 926 927 928 929]] [62 [930 931 932 933 934 935 936 937 938 939 940 941 942 943 944]] [63 [945 946 947 948 949 950 951 953 955 956 957 958 959]] [64 [960 961 962 963 964 965 966 967 968 969 970 971 972 973 974]] [65 [975 976 977 978 979 980 981 982 983 984 985 986 987 988 989]] [66 [990 991 992 993 994 995 996 997 998 999 1000 1001 1002 1003 1004]] [67 [1005 1006 1007 1008 1009 1010 1011 1012 1013 1014 1015 1016 1017 1018 1019]] [68 [1020 1021 1022 1023 1024 1025 1026 1027 1028 1029 1030 1031 1032 1033 1034]] [69 [1035 1036 1037 1038 1039 1040 1041 1043 1045 1046 1047 1048]] [70 [1050 1051 1052 1053 1054 1055 1056 1057 1058 1059 1060 1062 1063 1064]] [71 [1065 1067 1068 1069 1070 1071 1072 1073 1074 1075 1076 1077 1078 1079]] [72 [1080 1081 1082 1083 1084 1085 1086 1087 1088 1089 1090 1091 1092 1093 1094]] [73 [1095 1096 1098 1099 1100 1101 1104 1105 1106 1107 1108 1109]] [74 [1110 1111 1112 1113 1114 1115 1116 1118 1119 1120 1121 1122 1123 1124]] [75 [1125 1126 1127 1128 1129 1130 1131 1132 1134 1135 1136 1137 1138 1139]] [76 [1140 1141 1142 1143 1144 1145 1146 1147 1148 1149 1150 1151 1152 1153 1154]] [77 [1155 1156 1157 1158 1159 1160 1161 1162 1163 1164 1165 1166 1167 1168 1169]] [78 [1170 1171 1172 1173 1174 1175 1176 1177 1178 1179 1180 1181 1182 1183 1184]] [79 [1185 1186 1187 1188 1189 1190 1191 1192 1193 1194 1195 1196 1197 1198 1199]] [80 [1200 1201 1202 1203 1204 1205 1206 1207 1208 1209 1210 1211 1212 1213 1214]] [81 [1215 1217 1218 1219 1220 1221 1222 1223 1224 1225 1226 1227 1228 1229]] [82 [1230 1231 1232 1233 1234 1235 1236 1237 1238 1239 1240 1241 1242 1243 1244]] [83 [1245 1246 1247 1248 1249 1250 1251 1252 1253 1254 1255 1256 1257 1258 1259]] [84 [1260 1261 1262 1263 1264 1265 1266 1267 1268 1269 1270 1271 1272 1273 1274]] [85 [1275 1276 1277 1278 1279 1280 1281 1282 1283 1284 1285 1286 1287 1288 1289]] [86 [1290 1291 1292 1293 1294 1296 1297 1298 1299 1300 1301 1302 1303 1304]] [87 [1305 1306 1307 1308 1309 1310 1311 1312 1313 1314 1315 1316 1317 1318 1319]] [88 [1320 1321 1322 1323 1324 1325 1326 1327 1328 1330 1331 1332 1333 1334]] [89 [1335 1336 1337 1338 1339 1340 1341 1342 1343 1344 1345 1346 1347 1348 1349]] [90 [1350 1351 1352 1353 1354 1355 1356 1357 1358 1359 1360 1361 1362 1363 1364]] [91 [1365 1366 1368 1369 1370 1371 1372 1373 1374 1375 1376 1377 1378 1379]] [92 [1380 1381 1382 1383 1384 1385 1386 1387 1388 1389 1390 1391 1392 1393 1394]] [93 [1395 1396 1397 1398 1399 1400 1401 1402 1403 1404 1405 1406 1407 1408 1409]] [94 [1410 1411 1412 1413 1414 1415 1416 1417 1418 1419 1420 1421 1422 1423 1424]] [95 [1425 1426 1427 1428 1429 1430 1431 1432 1433 1434 1435 1436 1437 1438 1439]] [96 [1440 1441 1442 1444 1445 1446 1447 1448 1449 1450 1451 1452 1453 1454]] [97 [1455 1456 1457 1458 1459 1460 1461 1462 1463 1464 1465 1466 1467 1468 1469]] [98 [1470 1471 1472 1473 1474 1475 1476 1477 1478 1479 1480 1482 1483]] [99 [1485 1486 1487 1488 1489 1490 1491 1492 1493 1494 1495 1496 1497 1498 1499]]]","[[0 [0 4 5 6 8 12]] [1 [16 17 18 19 20 23 27 29]] [2 [31 32 33 35 36 40 43 44]] [3 [47 49 50 51 52 56 57 59]] [4 [60 63 64 67 69 70 73 74]] [5 [75 76 78 80 82 83 84 85 88]] [6 [92 93 96 98 99 100 101 102]] [7 [111 113 115 116 119]] [8 [122 123 125 127 128 129 132]] [9 [135 139 140 142 144 145 146 147 148]] [10 [154 155 156 160 162 163]] [11 [167 168 171 173 177 178 179]] [12 [180 182 183 184 186 187 188 193 194]] [13 [196 197 199 200 203 208]] [14 [210 211 213 214 216 219 221 222 223]] [15 [225 227 229 231 234 238]] [16 [240 242 246 247 251 252]] [17 [256 260 262 263 264 265 266 267]] [18 [270 271 274 276 280 281 282 284]] [19 [285 286 287 288 290 293 295 297]] [20 [301 302 303 304 305 306 309 310 312 313 314]] [21 [316 318 319 320 322 324 329]] [22 [331 332 333 335 336 338]] [23 [345 346 348 349 352 355 359]] [24 [360 364 366 367 369 372 373]] [25 [377 378 385 386 388]] [26 [393 397 399 400 401]] [27 [409 410 412 414 419]] [28 [421 429 431 433]] [29 [435 438 443 445 446 447 448]] [30 [450 451 454 455 460]] [31 [466 468 472 473 478]] [32 [481 482 491 493 494]] [33 [500 503 504 505 507 509]] [34 [510 512 513 516 517 519 520 521 522]] [35 [526 527 529 532 535 536]] [36 [544 547 548 549 550 553 554]] [37 [555 557 559 561 562 563 564 565 566]] [38 [575 576 577 578 581 582]] [39 [587 589 596 597 598]] [40 [600 601 602 605 606 607 608 612 613]] [41 [615 617 619 622 626 627 629]] [42 [631 632 633 635 636 640 642 643]] [43 [645 647 649 650 651 655 656 659]] [44 [660 662 663 670 672 674]] [45 [675 679 680 681 682 687 688 689]] [46 [690 691 692 694 699 700]] [47 [705 706 707 709 715 716 718 719]] [48 [720 721 722 723 724 725 727 728 730 731 732 733 734]] [49 [735 738 739 740 743 744 745 747 748 749]] [50 [752 753 755 759 760 763]] [51 [765 767 768 769 770 776 777 779]] [52 [782 783 785 786 787 791 792 793 794]] [53 [795 796 797 802 803 804 806]] [54 [810 812 816 817 818 820 822 823 824]] [55 [826 827 828 830 834 835 839]] [56 [841 843 845 849 850 851 853 854]] [57 [858 860 863 864 865 868 869]] [58 [870 871 872 873 878 879 881 882 884]] [59 [885 886 887 889 893 894]] [60 [900 902 903 908 914]] [61 [916 917 919 923 924 926 928]] [62 [930 932 936 939 941 942 943 944]] [63 [946 947 949 950 951 953 956]] [64 [961 964 965 967 968 969 970 971 972]] [65 [976 977 979 980 984 985 986]] [66 [992 993 998 1000 1002 1003 1004]] [67 [1005 1006 1009 1010 1011 1012 1014 1015]] [68 [1020 1022 1024 1026 1029 1030 1031 1032]] [69 [1036 1038 1039 1040 1046 1047]] [70 [1050 1056 1058 1059 1062 1063 1064]] [71 [1065 1069 1072 1078 1079]] [72 [1080 1083 1084 1086 1088 1089 1091 1092 1094]] [73 [1095 1099 1100 1101 1104 1105 1108 1109]] [74 [1111 1115 1116 1118 1119 1123]] [75 [1126 1127 1128 1137 1138]] [76 [1140 1142 1144 1146 1148 1150 1151 1152 1154]] [77 [1158 1164 1165 1166 1168 1169]] [78 [1174 1176 1178 1180 1182 1184]] [79 [1185 1187 1190 1192 1193 1194 1198 1199]] [80 [1200 1201 1204 1206 1208 1210 1211 1212 1213 1214]] [81 [1215 1218 1219 1226 1227 1228]] [82 [1232 1233 1234 1235 1236 1238 1239 1240 1243 1244]] [83 [1245 1246 1252 1253 1254 1257 1258]] [84 [1261 1262 1263 1267 1269 1270 1272]] [85 [1275 1276 1277 1280 1282 1284 1285 1287]] [86 [1290 1292 1294 1297 1298 1299 1301]] [87 [1305 1309 1312 1315 1316]] [88 [1320 1322 1323 1324 1325 1326 1328 1332 1333]] [89 [1335 1336 1340 1341 1343 1346 1348 1349]] [90 [1350 1351 1353 1354 1357 1359 1361]] [91 [1368 1369 1373 1376 1377 1379]] [92 [1381 1382 1389 1391 1392 1394]] [93 [1399 1400 1402 1404 1406 1409]] [94 [1410 1412 1413 1414 1415 1417 1421]] [95 [1425 1430 1432 1433 1434 1436 1437 1439]] [96 [1440 1441 1444 1445 1450 1451 1452 1453 1454]] [97 [1455 1457 1459 1463 1464 1467]] [98 [1470 1471 1472 1473 1474 1475 1479 1480 1483]] [99 [1485 1486 1487 1492 1493 1497 1498]]]",,"[[{citizen 37} [[""A"" [3 3]]]] [{media 50} [[""A"" [0 0]]]] [{media 51} [[""A"" [3 3]]]] [{media 52} [[""A"" [3 3]]]] [{media 53} [[""A"" [1 1]]]] [{media 55} [[""A"" [2 2]]]] [{media 56} [[""A"" [5 5]]]] [{media 58} [[""A"" [4 4]]]] [{media 60} [[""A"" [3 3]]]] [{media 62} [[""A"" [4 4]]]] [{media 61} [[""A"" [0 0]]]] [{citizen 3} [[""A"" [1 1]]]] [{citizen 2} [[""A"" [0 0]]]] [{citizen 0} [[""A"" [0 1]]]] [{media 63} [[""A"" [5 5]]]] [{media 57} [[""A"" [1 1]]]] [{media 64} [[""A"" [5 5]]]] [{citizen 26} [[""A"" [1 5]]]] [{citizen 36} [[""A"" [2 5]]]] [{citizen 5} [[""A"" [3 5]]]] [{citizen 4} [[""A"" [5 5]]]] [{citizen 27} [[""A"" [3 1]]]] [{citizen 1} [[""A"" [1 5]]]] [{citizen 6} [[""A"" [0 1]]]] [{citizen 22} [[""A"" [1 5]]]] [{citizen 48} [[""A"" [0 1]]]] [{citizen 12} [[""A"" [1 0]]]] [{citizen 47} [[""A"" [0 1]]]] [{citizen 38} [[""A"" [5 3]]]] [{citizen 39} [[""A"" [0 1]]]] [{citizen 7} [[""A"" [0 5]]]] [{citizen 13} [[""A"" [3 5]]]] [{citizen 11} [[""A"" [3 5]]]] [{citizen 17} [[""A"" [0 1]]]] [{citizen 35} [[""A"" [3 1]]]] [{citizen 34} [[""A"" [3 1]]]] [{citizen 14} [[""A"" [1 5]]]] [{citizen 49} [[""A"" [0 1]]]] [{citizen 25} [[""A"" [3 1]]]] [{citizen 40} [[""A"" [5 3]]]] [{citizen 24} [[""A"" [0 5]]]] [{citizen 20} [[""A"" [4 1]]]] [{citizen 9} [[""A"" [1 5]]]] [{citizen 10} [[""A"" [0 1]]]] [{citizen 19} [[""A"" [0 1]]]] [{citizen 31} [[""A"" [3 0]]]] [{citizen 45} [[""A"" [0 1]]]] [{media 59} [[""A"" [6 6]]]] [{media 54} [[""A"" [0 0]]]] [{citizen 28} [[""A"" [5 5]]]] [{citizen 44} [[""A"" [0 5]]]] [{citizen 21} [[""A"" [5 5]]]] [{citizen 32} [[""A"" [1 5]]]] [{citizen 15} [[""A"" [0 1]]]] [{citizen 18} [[""A"" [0 3]]]] [{citizen 42} [[""A"" [1 0]]]] [{citizen 16} [[""A"" [5 3]]]] [{citizen 46} [[""A"" [0 1]]]] [{citizen 41} [[""A"" [4 5]]]] [{citizen 43} [[""A"" [1 0]]]] [{citizen 30} [[""A"" [0 1]]]] [{citizen 23} [[""A"" [3 1]]]] [{citizen 33} [[""A"" [5 5]]]] [{citizen 29} [[""A"" [0 0]]]]]"
"9","[128 0 127]","268.1632653061224","-6.614770459299702","0.8620939934676706","""circle""","""""","9.9","{breed citizens}","false","0.5","1","""up""",,"[[""ID"" 25] [""alpha"" 1] [""beta"" 1] [""malleable"" [""A""]] [""prior"" []] [""cont_tokens"" []] [""A"" 3]]","[[0 [0 1 2 3 4 5 6 7 8 9 10 12 13]] [1 [15 16 17 18 19 20 21 22 23 24 25 26 27 28 29]] [2 [30 31 32 33 34 35 36 37 38 39 40 41 42 43 44]] [3 [45 46 47 48 49 50 51 52 53 54 55 56 57 58 59]] [4 [60 61 62 63 64 65 66 67 68 69 70 71 72 73 74]] [5 [75 76 77 78 79 80 81 82 83 84 85 86 87 88 89]] [6 [90 91 92 93 94 95 96 97 98 99 100 101 102 103 104]] [7 [105 107 109 110 111 112 113 114 115 116 119]] [8 [120 121 122 123 124 125 127 128 129 132 134]] [9 [135 137 138 139 140 142 144 145 146 147 148 149]] [10 [150 151 152 153 154 155 156 158 159 160 161 162 163 164]] [11 [165 166 167 168 169 170 171 172 173 174 175 176 177 178 179]] [12 [180 181 182 183 184 185 186 187 188 189 190 191 192 193 194]] [13 [195 196 197 198 199 200 203 205 207 208 209]] [14 [210 211 212 213 214 216 218 219 221 222 223 224]] [15 [225 226 227 228 229 230 231 232 233 234 235 236 237 238 239]] [16 [240 241 242 243 244 245 246 247 248 249 250 251 252 253 254]] [17 [255 256 257 258 259 260 261 262 263 264 265 266 267 269]] [18 [270 271 272 273 274 275 276 277 278 279 280 281 282 283 284]] [19 [285 286 287 288 289 290 291 292 293 294 295 296 297 298 299]] [20 [300 301 302 303 304 305 306 307 309 310 311 312 313 314]] [21 [315 316 317 318 319 320 321 322 323 324 325 326 327 328 329]] [22 [330 331 332 333 334 335 336 337 338 339 340 341 342 343 344]] [23 [345 346 347 348 349 350 351 352 353 354 355 356 357 358 359]] [24 [360 361 362 363 364 365 366 367 368 369 370 371 372 373 374]] [25 [375 376 377 378 379 380 381 382 383 384 385 386 387 388 389]] [26 [390 391 392 393 394 395 396 397 398 399 400 401 402 403 404]] [27 [405 406 407 408 409 410 411 412 413 414 415 416 417 418 419]] [28 [420 421 422 423 424 425 427 428 429 430 431 432 433 434]] [29 [435 436 437 438 439 440 441 442 443 444 445 446 447 448 449]] [30 [450 451 452 453 454 455 456 457 458 459 460 461 462 463 464]] [31 [465 466 467 468 469 470 471 472 473 474 475 478]] [32 [480 485 486 487 488 489 490 491 492]] [33 [495 496 497 498 499 501 502 503 504 505 506 507 508 509]] [34 [510 511 512 513 514 515 516 517 518 519 520 521 522 523 524]] [35 [525 526 527 528 529 530 531 532 533 534 535 536 537 538 539]] [36 [540 541 542 543 544 545 546 547 548 549 550 551 552 553 554]] [37 [555 556 557 558 559 561 562 563 564 565 566]] [38 [570 571 572 573 574 575 576 577 578 579 581 582]] [39 [586 587 589 590 591 594 596 597 598]] [40 [600 601 602 603 604 605 606 607 608 609 612 613 614]] [41 [615 616 617 618 619 620 621 622 623 624 625 626 627 628 629]] [42 [630 631 632 633 634 635 636 637 638 639 640 641 642 643 644]] [43 [645 646 647 648 649 650 651 652 653 654 655 656 657 658 659]] [44 [660 661 662 663 664 665 667 668 669 670 671 672 673 674]] [45 [675 676 677 678 679 680 681 682 683 684 685 686 687 688 689]] [46 [690 691 692 693 694 695 696 697 698 699 700 701 702 703 704]] [47 [705 706 707 708 709 710 711 712 713 714 715 716 717 718 719]] [48 [720 721 722 723 724 725 726 727 728 729 730 731 732 733 734]] [49 [735 736 737 738 739 740 742 743 744 745 746 747 748 749]] [50 [750 751 752 753 754 755 756 757 758 759 760 761 762 763 764]] [51 [765 766 767 768 769 770 771 772 773 774 775 776 777 778 779]] [52 [780 781 782 783 784 785 786 787 788 789 790 791 792 793 794]] [53 [795 796 797 798 799 800 801 802 803 804 805 806 807 808 809]] [54 [810 811 812 813 814 815 816 817 818 819 820 821 822 823 824]] [55 [825 826 827 828 829 830 831 833 834 835 836 837 838 839]] [56 [840 841 842 843 844 845 846 847 848 849 850 851 852 853 854]] [57 [855 856 857 858 859 860 861 862 863 864 865 866 867 868 869]] [58 [870 871 872 873 874 875 876 877 878 879 880 881 882 883 884]] [59 [885 886 887 888 889 890 891 892 893 894 895 896 897 898 899]] [60 [900 901 902 903 904 905 906 907 908 909 910 911 912 913 914]] [61 [915 916 917 918 919 920 921 922 923 924 925 926 927 928 929]] [62 [930 931 932 933 934 935 936 937 938 939 940 941 942 943 944]] [63 [945 946 947 948 949 950 951 953 955 956 957 958 959]] [64 [960 961 962 963 964 965 966 967 968 969 970 971 972 973 974]] [65 [975 976 977 978 979 980 981 982 983 984 985 986 987 988 989]] [66 [990 991 992 993 994 995 996 997 998 999 1000 1001 1002 1003 1004]] [67 [1005 1006 1007 1008 1009 1010 1011 1012 1013 1014 1015 1016 1017 1018 1019]] [68 [1020 1021 1022 1023 1024 1025 1026 1027 1028 1029 1030 1031 1032 1033 1034]] [69 [1035 1036 1037 1038 1039 1040 1041 1043 1045 1046 1047 1048]] [70 [1050 1051 1052 1053 1054 1055 1056 1057 1058 1059 1060 1062 1063 1064]] [71 [1065 1067 1068 1069 1070 1071 1072 1073 1074 1075 1076 1077 1078 1079]] [72 [1080 1081 1082 1083 1084 1085 1086 1087 1088 1089 1090 1091 1092 1093 1094]] [73 [1095 1096 1097 1098 1099 1100 1101 1102 1103 1104 1105 1106 1107 1108 1109]] [74 [1110 1111 1112 1113 1114 1115 1116 1118 1119 1120 1121 1122 1123 1124]] [75 [1125 1126 1127 1128 1129 1130 1131 1132 1133 1134 1135 1136 1137 1138 1139]] [76 [1140 1141 1142 1143 1144 1145 1146 1147 1148 1149 1150 1151 1152 1153 1154]] [77 [1155 1156 1157 1158 1159 1160 1162 1163 1164 1165 1166 1167 1168 1169]] [78 [1170 1171 1172 1173 1174 1175 1176 1177 1178 1179 1180 1181 1182 1183 1184]] [79 [1185 1186 1187 1188 1189 1190 1191 1192 1193 1194 1195 1196 1197 1198 1199]] [80 [1200 1201 1202 1203 1204 1205 1206 1207 1208 1209 1210 1211 1212 1213 1214]] [81 [1215 1217 1218 1219 1220 1221 1222 1223 1224 1225 1226 1227 1228 1229]] [82 [1230 1231 1232 1233 1234 1235 1236 1237 1238 1239 1240 1241 1242 1243 1244]] [83 [1245 1246 1247 1248 1249 1250 1251 1252 1253 1254 1255 1257 1258 1259]] [84 [1260 1261 1262 1263 1264 1265 1266 1267 1268 1269 1270 1271 1272 1273 1274]] [85 [1275 1276 1277 1278 1279 1280 1281 1282 1283 1284 1285 1286 1287 1288 1289]] [86 [1290 1291 1292 1293 1294 1295 1296 1297 1298 1299 1300 1301 1302 1303 1304]] [87 [1305 1306 1307 1308 1309 1310 1311 1312 1313 1314 1315 1316 1317 1318 1319]] [88 [1320 1321 1322 1323 1324 1325 1326 1327 1328 1330 1331 1332 1333 1334]] [89 [1335 1336 1337 1338 1339 1340 1341 1342 1343 1344 1345 1346 1347 1348 1349]] [90 [1350 1351 1352 1353 1354 1355 1356 1357 1358 1359 1360 1361 1362 1363 1364]] [91 [1365 1366 1367 1368 1369 1370 1371 1372 1373 1374 1375 1376 1377 1378 1379]] [92 [1380 1381 1382 1383 1384 1385 1386 1387 1388 1389 1390 1391 1392 1393 1394]] [93 [1395 1396 1397 1398 1399 1400 1401 1402 1403 1404 1405 1406 1407 1408 1409]] [94 [1410 1411 1412 1413 1414 1415 1416 1417 1418 1419 1420 1421 1422 1423 1424]] [95 [1425 1426 1427 1428 1429 1430 1431 1432 1433 1434 1435 1436 1437 1438 1439]] [96 [1440 1441 1442 1444 1445 1446 1447 1448 1449 1450 1451 1452 1453 1454]] [97 [1455 1456 1457 1458 1459 1460 1461 1462 1463 1464 1465 1466 1467 1468 1469]] [98 [1470 1471 1472 1473 1474 1475 1476 1477 1478 1479 1480 1483]] [99 [1485 1486 1487 1488 1489 1490 1491 1492 1493 1494 1495 1496 1497 1498 1499]]]","[[0 [0 4 5 6 8 12]] [1 [16 18 19 20 23 27 29]] [2 [31 32 33 35 36 40 43 44]] [3 [47 48 49 50 51 52 56 58]] [4 [61 62 63 64 66 69 70 73 74]] [5 [75 76 78 80 82 83 84 87 89]] [6 [90 91 92 93 96 98 99 100 101 102]] [7 [111 112 113 114 116 119]] [8 [122 124 128 129 132 134]] [9 [137 140 142 145 147 148]] [10 [154 155 156 160 162 163]] [11 [167 168 171 173 177]] [12 [180 183 184 185 186 187 190 192]] [13 [198 200 203]] [14 [210 211 212 218 219 221 224]] [15 [226 228 229 231 234 238]] [16 [240 242 246 247 253 254]] [17 [255 256 257 260 262 263 264 265 266 267]] [18 [270 271 274 276 279 280 281 282 284]] [19 [286 287 288 290 293 295 297]] [20 [301 302 303 304 305 306 311 312 314]] [21 [315 317 319 320 322 323 326 329]] [22 [330 331 332 333 335 336 338 340 344]] [23 [345 346 347 350 351 353 354 359]] [24 [360 364 367 369 371 374]] [25 [375 376 380 381 382 383 384 387 388]] [26 [393 397 399 400 401 402 404]] [27 [406 409 410 412 414 419]] [28 [421 429 431 433]] [29 [435 437 441 442 443 447 448]] [30 [450 451 452 453 454 455 458 461 462 463]] [31 [465 469 470 471 474 475]] [32 [480 485 486 487 488 489]] [33 [495 497 498 499 501 506 508]] [34 [511 515 518 520 521 522]] [35 [526 528 529 532 534 536 539]] [36 [540 541 543 545 546 551]] [37 [556 563 564 565 566]] [38 [575 576 577 578 582]] [39 [587 589 591 594 598]] [40 [600 601 602 605 606 607 608 612 613]] [41 [615 617 619 622 626 628]] [42 [630 632 633 634 637 638 641]] [43 [646 648 653 657 659]] [44 [660 662 663 664 665 667 669 671 673]] [45 [676 677 683 684 685 686 689]] [46 [690 691 692 694 699 700 701 702 703]] [47 [705 706 707 709 710 712 715 716 718 719]] [48 [720 721 722 723 725 732 733 734]] [49 [736 738 739 746 747 748 749]] [50 [752 753 755 759 760 763]] [51 [765 767 769 770 776 779]] [52 [782 783 785 786 788 794]] [53 [795 796 797 802 803 805 806 808]] [54 [811 814 815 819 821]] [55 [829 830 831 833 836 837]] [56 [840 841 843 845 849 853 854]] [57 [855 856 857 859 860 862 864 865 868]] [58 [870 871 872 873 875 878 881 882 884]] [59 [885 886 887 889 893 894]] [60 [900 902 903 908 914]] [61 [916 920 922 925 927]] [62 [931 932 936 939 940 942 943 944]] [63 [946 948 949 950 955 957 958]] [64 [960 962 966 973 974]] [65 [975 978 982 983 986]] [66 [991 994 995 996 997 999 1001]] [67 [1006 1009 1010 1011 1012 1014 1015]] [68 [1020 1022 1024 1026 1027 1028 1031 1033]] [69 [1035 1037 1038 1039 1040 1046 1047]] [70 [1050 1056 1058 1059 1063 1064]] [71 [1065 1067 1070 1071 1072 1074 1075 1076]] [72 [1081 1082 1085 1087 1088 1089 1091 1092 1094]] [73 [1095 1096 1098 1100 1101 1104 1105 1108 1109]] [74 [1111 1113 1114 1116 1119 1121 1122]] [75 [1125 1126 1127 1128 1129 1131 1132 1134 1135 1136]] [76 [1140 1142 1143 1147 1149 1150 1151 1152 1154]] [77 [1158 1164 1165 1166 1167 1169]] [78 [1171 1172 1174 1176 1177 1181]] [79 [1189 1190 1192 1193 1194 1198 1199]] [80 [1200 1201 1204 1206 1208 1210 1211 1212 1213]] [81 [1217 1219 1226 1227 1228]] [82 [1232 1233 1237 1241 1242]] [83 [1247 1248 1249 1250 1254 1257 1258]] [84 [1261 1262 1263 1267 1269 1270 1272]] [85 [1275 1276 1277 1280 1282 1286 1287]] [86 [1291 1293 1294 1299 1300 1302 1303 1304]] [87 [1306 1308 1311 1313 1317 1318 1319]] [88 [1321 1322 1323 1324 1325 1328 1332 1333]] [89 [1335 1338 1342 1344 1345 1348 1349]] [90 [1350 1351 1354 1357 1359 1361]] [91 [1368 1369 1372 1374 1375 1377 1379]] [92 [1382 1389 1391 1392 1394]] [93 [1398 1399 1400 1402 1404 1407 1408]] [94 [1410 1412 1413 1414 1415 1417 1421]] [95 [1425 1430 1432 1433 1434 1436 1437 1439]] [96 [1440 1441 1442 1444 1445 1450 1451 1452 1453 1454]] [97 [1455 1456 1458 1460 1461 1463 1464 1467 1468 1469]] [98 [1470 1471 1476 1479 1480 1483]] [99 [1485 1486 1487 1490 1491 1494 1495 1496 1499]]]",,"[[{citizen 10} [[""A"" [0 1]]]] [{citizen 15} [[""A"" [0 1]]]] [{citizen 20} [[""A"" [2 1]]]] [{media 51} [[""A"" [3 3]]]] [{media 52} [[""A"" [3 3]]]] [{media 53} [[""A"" [1 1]]]] [{media 55} [[""A"" [2 2]]]] [{media 56} [[""A"" [5 5]]]] [{media 57} [[""A"" [1 1]]]] [{media 59} [[""A"" [6 6]]]] [{media 61} [[""A"" [0 0]]]] [{media 62} [[""A"" [4 4]]]] [{media 63} [[""A"" [5 5]]]] [{media 64} [[""A"" [5 5]]]] [{citizen 6} [[""A"" [0 1]]]] [{citizen 3} [[""A"" [0 1]]]] [{citizen 1} [[""A"" [4 3]]]] [{citizen 4} [[""A"" [5 5]]]] [{media 60} [[""A"" [3 3]]]] [{media 50} [[""A"" [0 0]]]] [{citizen 26} [[""A"" [5 3]]]] [{citizen 37} [[""A"" [0 0]]]] [{citizen 11} [[""A"" [4 5]]]] [{citizen 36} [[""A"" [5 3]]]] [{citizen 5} [[""A"" [4 4]]]] [{citizen 27} [[""A"" [3 1]]]] [{citizen 22} [[""A"" [4 4]]]] [{citizen 48} [[""A"" [0 1]]]] [{citizen 12} [[""A"" [1 0]]]] [{citizen 47} [[""A"" [1 0]]]] [{citizen 0} [[""A"" [0 0]]]] [{media 58} [[""A"" [4 4]]]] [{citizen 39} [[""A"" [0 1]]]] [{citizen 7} [[""A"" [4 4]]]] [{citizen 13} [[""A"" [4 3]]]] [{citizen 17} [[""A"" [5 0]]]] [{citizen 35} [[""A"" [4 3]]]] [{citizen 34} [[""A"" [2 0]]]] [{citizen 14} [[""A"" [5 3]]]] [{citizen 49} [[""A"" [5 0]]]] [{citizen 25} [[""A"" [1 0]]]] [{citizen 40} [[""A"" [4 3]]]] [{citizen 24} [[""A"" [4 5]]]] [{citizen 8} [[""A"" [0 0]]]] [{citizen 2} [[""A"" [0 0]]]] [{citizen 45} [[""A"" [0 3]]]] [{citizen 42} [[""A"" [5 3]]]] [{citizen 21} [[""A"" [5 3]]]] [{media 54} [[""A"" [0 0]]]] [{citizen 31} [[""A"" [5 0]]]] [{citizen 19} [[""A"" [0 1]]]] [{citizen 28} [[""A"" [5 3]]]] [{citizen 44} [[""A"" [4 5]]]] [{citizen 38} [[""A"" [5 3]]]] [{citizen 32} [[""A"" [3 4]]]] [{citizen 18} [[""A"" [4 5]]]] [{citizen 16} [[""A"" [5 3]]]] [{citizen 46} [[""A"" [0 1]]]] [{citizen 41} [[""A"" [4 5]]]] [{citizen 30} [[""A"" [0 0]]]] [{citizen 33} [[""A"" [5 3]]]] [{citizen 23} [[""A"" [1 0]]]] [{citizen 29} [[""A"" [0 0]]]] [{citizen 43} [[""A"" [0 0]]]]]"
"10","[255 0 0]","33.39517625231911","7.323080393289187","11.495511305419162","""circle""","""""","9.9","{breed citizens}","false","0.5","1","""up""",,"[[""ID"" 11] [""alpha"" 1] [""beta"" 1] [""malleable"" [""A""]] [""prior"" []] [""cont_tokens"" []] [""A"" 0]]","[[0 [0 1 2 3 4 5 6 8 9 10 11 12]] [1 [15 16 17 18 19 20 21 22 23 24 25 26 27 28 29]] [2 [30 31 32 33 34 35 36 37 38 39 40 41 42 43 44]] [3 [45 46 47 48 49 50 51 52 53 54 55 56 57 58 59]] [4 [60 61 62 63 64 65 66 67 68 69 70 71 72 73 74]] [5 [75 76 77 78 79 80 81 82 83 84 85 87 88 89]] [6 [90 91 92 93 94 95 96 97 98 99 100 101 102 103 104]] [7 [105 107 109 110 111 112 113 114 115 116 119]] [8 [120 121 122 123 124 125 127 128 129 132 134]] [9 [135 137 138 139 140 142 144 145 146 147 148 149]] [10 [150 151 152 153 154 155 156 158 159 160 161 162 163 164]] [11 [165 166 167 168 169 170 171 172 173 174 175 176 177 178 179]] [12 [180 181 182 183 184 185 186 187 188 189 190 191 192 193 194]] [13 [195 196 197 198 199 200 201 202 203 204 205 206 207 208 209]] [14 [210 211 212 213 214 216 218 219 221 222 223 224]] [15 [225 226 227 228 229 231 232 233 234 235 236 237 238 239]] [16 [240 241 242 243 244 245 246 247 248 249 250 251 252 253 254]] [17 [255 256 257 258 259 260 261 262 263 264 265 266 267 268 269]] [18 [270 271 272 273 274 275 276 277 278 279 280 281 282 283 284]] [19 [285 286 287 288 289 290 291 292 293 294 295 296 297 298 299]] [20 [301 302 303 304 305 306 307 309 310 311 312 313 314]] [21 [315 316 317 318 319 320 321 322 323 324 325 326 327 328 329]] [22 [330 331 332 333 334 335 336 337 338 339 340 341 342 343 344]] [23 [345 346 347 348 349 350 351 352 353 354 355 356 357 358 359]] [24 [360 361 362 363 364 365 366 367 368 369 370 371 372 373 374]] [25 [375 376 377 378 379 380 381 382 383 384 385 386 387 388 389]] [26 [390 391 392 393 394 395 396 397 398 399 400 401 402 403 404]] [27 [405 406 407 408 409 410 411 412 413 414 415 416 417 418 419]] [28 [420 421 422 423 424 425 427 428 429 430 431 432 433 434]] [29 [435 436 437 438 439 440 441 442 443 444 445 446 447 448 449]] [30 [450 451 452 453 454 455 456 457 458 459 460 461 462 463 464]] [31 [465 466 467 468 469 470 471 472 473 474 475 478 479]] [32 [480 481 482 483 484 485 486 487 488 489 490 491 492 493 494]] [33 [495 496 497 498 499 500 501 502 503 504 505 506 507 508 509]] [34 [510 511 512 513 514 515 516 517 518 519 520 521 522 523 524]] [35 [525 526 527 528 529 530 531 532 533 534 535 536 537 538 539]] [36 [540 541 542 543 544 545 546 547 548 549 550 551 552 553 554]] [37 [555 556 557 558 559 561 562 563 564 565 566]] [38 [570 571 572 573 574 575 576 577 578 579 581 582]] [39 [586 587 589 590 591 594 596 597 598]] [40 [600 601 602 603 604 605 606 607 608 609 612 613 614]] [41 [615 616 617 618 619 620 621 622 623 624 625 626 627 628 629]] [42 [630 631 632 633 634 635 636 637 638 639 640 641 642 643 644]] [43 [645 646 647 648 649 650 651 652 653 654 655 656 657 658 659]] [44 [660 661 662 663 664 665 666 667 668 669 670 671 672 673 674]] [45 [676 677 678 679 680 681 682 683 684 685 686 687 688 689]] [46 [690 691 692 693 694 695 696 697 698 699 700 701 702 703 704]] [47 [705 706 707 708 709 710 711 712 713 714 715 716 717 718 719]] [48 [720 721 722 723 724 725 726 727 728 729 730 731 732 733 734]] [49 [735 736 737 738 739 740 742 743 744 745 746 747 748 749]] [50 [750 751 752 753 754 755 756 757 758 759 760 761 762 763 764]] [51 [765 766 767 768 769 770 771 772 773 774 775 776 777 778 779]] [52 [780 781 782 783 784 785 786 787 788 789 790 791 792 793 794]] [53 [795 796 797 798 799 800 801 802 803 804 805 806 807 808 809]] [54 [810 811 812 813 814 815 816 817 818 819 820 821 822 823 824]] [55 [825 826 827 828 829 830 831 832 833 834 835 836 837 838 839]] [56 [840 841 842 843 844 845 846 847 848 849 850 851 852 853 854]] [57 [855 856 857 858 859 860 862 863 864 865 866 867 868 869]] [58 [870 871 872 873 874 875 876 877 878 879 880 881 882 883 884]] [59 [885 886 887 888 889 890 891 892 893 894 895 896 897 898 899]] [60 [900 901 902 903 904 905 906 907 908 909 910 911 912 913 914]] [61 [915 916 917 918 919 920 921 922 923 924 925 926 927 928 929]] [62 [930 931 932 933 934 935 936 937 938 939 940 941 942 943 944]] [63 [945 946 947 948 949 950 951 953 955 956 957 958 959]] [64 [960 961 962 963 964 965 966 967 968 969 970 971 972 973 974]] [65 [975 976 977 978 979 980 981 982 983 984 985 986 987 988 989]] [66 [990 991 992 993 994 995 996 997 998 999 1000 1001 1002 1003 1004]] [67 [1005 1006 1007 1008 1009 1010 1011 1012 1013 1014 1015 1016 1017 1018 1019]] [68 [1020 1021 1022 1023 1024 1025 1026 1027 1028 1029 1030 1031 1032 1033]] [69 [1035 1036 1037 1038 1039 1040 1041 1043 1045 1046 1047 1048]] [70 [1050 1051 1052 1053 1054 1055 1056 1057 1058 1059 1060 1062 1063 1064]] [71 [1065 1066 1067 1068 1069 1070 1071 1072 1073 1074 1075 1076 1077 1078 1079]] [72 [1080 1081 1082 1083 1084 1085 1086 1087 1088 1089 1090 1091 1092 1093 1094]] [73 [1095 1096 1098 1099 1100 1101 1104 1105 1106 1107 1108 1109]] [74 [1110 1111 1112 1113 1114 1115 1116 1117 1118 1119 1120 1121 1122 1123 1124]] [75 [1125 1126 1127 1128 1129 1130 1131 1132 1134 1135 1136 1137 1138 1139]] [76 [1140 1142 1143 1144 1145 1146 1147 1148 1149 1150 1151 1152 1153 1154]] [77 [1155 1156 1157 1158 1159 1160 1162 1163 1164 1165 1166 1167 1168 1169]] [78 [1170 1171 1172 1173 1174 1175 1176 1177 1178 1179 1180 1181 1182 1183 1184]] [79 [1185 1186 1187 1188 1189 1190 1191 1192 1193 1194 1195 1196 1197 1198 1199]] [80 [1200 1201 1204 1206 1208 1209 1210 1211 1212 1213 1214]] [81 [1215 1217 1218 1219 1220 1221 1222 1223 1224 1225 1226 1227 1228 1229]] [82 [1230 1231 1232 1233 1234 1235 1236 1237 1238 1239 1240 1241 1242 1243 1244]] [83 [1245 1246 1247 1248 1249 1250 1251 1252 1253 1254 1255 1257 1258 1259]] [84 [1260 1261 1262 1263 1264 1265 1266 1267 1268 1269 1270 1271 1272 1273 1274]] [85 [1275 1276 1277 1278 1279 1280 1281 1282 1283 1284 1285 1286 1287 1288 1289]] [86 [1290 1291 1292 1293 1294 1296 1297 1298 1299 1300 1301 1302 1303 1304]] [87 [1305 1306 1307 1308 1309 1310 1311 1312 1313 1314 1315 1316 1317 1318 1319]] [88 [1320 1321 1322 1323 1324 1325 1326 1327 1328 1330 1331 1332 1333 1334]] [89 [1335 1336 1337 1338 1339 1340 1341 1342 1343 1344 1345 1346 1347 1348 1349]] [90 [1350 1351 1352 1353 1354 1355 1356 1357 1358 1359 1360 1361 1362 1363 1364]] [91 [1365 1366 1368 1369 1370 1371 1372 1373 1374 1375 1376 1377 1378 1379]] [92 [1380 1381 1382 1383 1384 1385 1386 1387 1388 1389 1390 1391 1392 1393 1394]] [93 [1395 1396 1397 1398 1399 1400 1401 1402 1403 1404 1405 1406 1407 1408 1409]] [94 [1410 1411 1412 1413 1414 1415 1416 1417 1418 1419 1420 1421 1422 1423 1424]] [95 [1425 1426 1427 1428 1429 1430 1431 1432 1433 1434 1435 1436 1437 1438 1439]] [96 [1440 1441 1442 1444 1445 1446 1447 1448 1449 1450 1451 1452 1453 1454]] [97 [1455 1456 1457 1458 1459 1460 1461 1463 1464 1465 1467 1468 1469]] [98 [1470 1471 1472 1473 1474 1475 1476 1477 1478 1479 1480 1483]] [99 [1485 1486 1487 1488 1489 1490 1491 1492 1493 1494 1495 1496 1497 1498 1499]]]","[[0 [0 4 5 9 10]] [1 [15 17 18 19 20 23 27 29]] [2 [31 32 33 37 38 41 42]] [3 [45 46 50 51 52 56 57 59]] [4 [60 63 64 67 68 71 72]] [5 [77 79 81 82 83 84 87 89]] [6 [90 91 92 93 96 98 99 100 101 102]] [7 [111 113 114 116 119]] [8 [122 124 128 129 132]] [9 [135 139 140 142 145 147 148]] [10 [150 154 155 156 158 160 161 162 163]] [11 [166 167 168 171 173 177 178 179]] [12 [181 182 183 184 185 186 187 188 193 194]] [13 [196 197 199 200 203 207 208]] [14 [210 211 213 214 216 221 222 223]] [15 [225 227 229 231 232 233 235 236 237 239]] [16 [241 243 244 247 249 251 254]] [17 [255 258 259 261 269]] [18 [272 273 277 278 283]] [19 [287 288 290 293 295 297]] [20 [301 302 303 304 305 307]] [21 [315 317 319 320 321 322 323 326 329]] [22 [331 332 333 335 336 338]] [23 [347 350 351 353 354 359]] [24 [360 364 366 367 368 369 372 373]] [25 [377 378 379 382 383 384 387 389]] [26 [390 391 392 394 395 396 398 403]] [27 [405 406 409 410 412 414 419]] [28 [422 424 430 431 433]] [29 [436 437 441 442 443 445 446 447]] [30 [452 453 454 455 460]] [31 [466 468 472 473 478 479]] [32 [481 482 490 491 493 494]] [33 [500 503 504 505 507 509]] [34 [510 513 516 517 519 521 522 524]] [35 [526 527 528 529 532 535 536]] [36 [540 541 542 543 545 546 551]] [37 [556 558 559 561 562 565 566]] [38 [575 576 577 578 581 582]] [39 [586 589 591 594 597 598]] [40 [600 601 602 605 606 607 608 612 613]] [41 [616 618 620 621 624 625 627 629]] [42 [631 632 633 635 636 639 640 643]] [43 [645 647 652 654 655 656 658]] [44 [661 664 665 668 669 671 673]] [45 [676 677 683 684 685 686 689]] [46 [690 691 692 698 700]] [47 [705 706 707 709 710 712 713 714 716 717]] [48 [724 725 727 728 730 731 732 733 734]] [49 [736 737 742 743 744 745 746 747 748 749]] [50 [750 751 753 758 762 764]] [51 [766 767 768 769 770 773 774 775 776 777 779]] [52 [782 783 785 786 788 794]] [53 [796 797 802 803 805 806 809]] [54 [810 812 813 816 817 818 820 822 823 824]] [55 [826 827 828 829 830 831 833 836 837]] [56 [842 844 847 848 851 852]] [57 [855 856 857 859 860 862 863 865 868]] [58 [870 871 872 873 875 878 881 882 884]] [59 [885 886 887 889 893 895 896 898]] [60 [901 904 905 907 910 911 912 913 914]] [61 [918 920 921 922 925 927]] [62 [931 932 938 940 942]] [63 [945 947 950 951 953 956]] [64 [961 964 965 968 969 970 971 972]] [65 [976 980 984 985 986 988]] [66 [992 993 998 1000 1002 1004]] [67 [1005 1006 1009 1013 1016 1019]] [68 [1020 1022 1024 1026 1030 1031 1032]] [69 [1036 1038 1039 1040 1046 1047]] [70 [1050 1056 1058 1059 1062 1063 1064]] [71 [1065 1067 1070 1071 1072 1077 1079]] [72 [1080 1083 1086 1089 1091 1092 1094]] [73 [1095 1096 1098 1100 1101 1104 1105 1107]] [74 [1110 1112 1114 1116 1118 1119 1121 1122 1123]] [75 [1125 1126 1127 1128 1129 1130 1132 1134 1135 1136 1138]] [76 [1140 1142 1144 1145 1146 1148 1150 1151 1152 1154]] [77 [1158 1164 1165 1166 1168 1169]] [78 [1171 1172 1174 1176 1182 1184]] [79 [1185 1187 1193 1194 1198 1199]] [80 [1200 1201 1204 1206 1208 1211 1212 1213 1214]] [81 [1215 1218 1219 1226 1227 1228]] [82 [1232 1233 1237 1241 1242]] [83 [1245 1248 1249 1250 1255 1259]] [84 [1264 1265 1266 1271 1272 1274]] [85 [1275 1276 1277 1284 1285 1287]] [86 [1290 1292 1294 1296 1300 1303 1304]] [87 [1306 1308 1311 1317 1318 1319]] [88 [1321 1323 1324 1325 1330 1331 1334]] [89 [1337 1338 1340 1341 1343 1346 1348 1349]] [90 [1350 1351 1354 1357 1359 1361]] [91 [1368 1369 1373 1376 1377]] [92 [1381 1383 1384 1385 1386 1390 1393]] [93 [1395 1397 1398 1399 1400 1402 1404 1407 1408]] [94 [1410 1412 1413 1414 1415 1416 1417 1420 1421]] [95 [1425 1430 1432 1433 1434 1436 1437 1439]] [96 [1440 1441 1442 1444 1445 1450 1452 1453 1454]] [97 [1455 1457 1459 1463 1467 1468 1469]] [98 [1470 1471 1472 1473 1474 1475 1479 1480 1483]] [99 [1485 1486 1487 1492 1493 1497 1498]]]",,"[[{media 51} [[""A"" [3 3]]]] [{media 52} [[""A"" [3 3]]]] [{media 53} [[""A"" [1 1]]]] [{media 54} [[""A"" [0 0]]]] [{media 55} [[""A"" [2 2]]]] [{media 57} [[""A"" [1 1]]]] [{media 59} [[""A"" [6 6]]]] [{media 61} [[""A"" [0 0]]]] [{media 63} [[""A"" [5 5]]]] [{media 64} [[""A"" [5 5]]]] [{citizen 6} [[""A"" [1 1]]]] [{citizen 9} [[""A"" [4 5]]]] [{media 60} [[""A"" [3 3]]]] [{citizen 2} [[""A"" [1 1]]]] [{media 50} [[""A"" [0 0]]]] [{citizen 0} [[""A"" [0 0]]]] [{citizen 3} [[""A"" [1 1]]]] [{citizen 5} [[""A"" [2 4]]]] [{citizen 1} [[""A"" [1 4]]]] [{citizen 4} [[""A"" [5 5]]]] [{citizen 26} [[""A"" [4 5]]]] [{citizen 36} [[""A"" [4 3]]]] [{citizen 27} [[""A"" [3 1]]]] [{citizen 22} [[""A"" [1 4]]]] [{citizen 48} [[""A"" [5 0]]]] [{citizen 12} [[""A"" [1 0]]]] [{citizen 47} [[""A"" [1 0]]]] [{citizen 38} [[""A"" [3 3]]]] [{media 58} [[""A"" [4 4]]]] [{citizen 39} [[""A"" [1 1]]]] [{media 62} [[""A"" [4 4]]]] [{citizen 13} [[""A"" [4 3]]]] [{citizen 17} [[""A"" [5 4]]]] [{citizen 35} [[""A"" [4 3]]]] [{citizen 11} [[""A"" [3 4]]]] [{citizen 34} [[""A"" [2 0]]]] [{citizen 14} [[""A"" [5 3]]]] [{citizen 49} [[""A"" [5 0]]]] [{citizen 25} [[""A"" [5 0]]]] [{citizen 40} [[""A"" [4 3]]]] [{citizen 24} [[""A"" [1 4]]]] [{citizen 20} [[""A"" [3 2]]]] [{citizen 37} [[""A"" [3 0]]]] [{citizen 8} [[""A"" [1 0]]]] [{citizen 7} [[""A"" [3 4]]]] [{citizen 31} [[""A"" [5 4]]]] [{citizen 45} [[""A"" [0 3]]]] [{citizen 42} [[""A"" [4 3]]]] [{citizen 19} [[""A"" [0 1]]]] [{media 56} [[""A"" [5 5]]]] [{citizen 28} [[""A"" [5 3]]]] [{citizen 44} [[""A"" [4 5]]]] [{citizen 21} [[""A"" [5 3]]]] [{citizen 15} [[""A"" [1 0]]]] [{citizen 18} [[""A"" [4 4]]]] [{citizen 16} [[""A"" [4 3]]]] [{citizen 46} [[""A"" [0 1]]]] [{citizen 41} [[""A"" [4 4]]]] [{citizen 43} [[""A"" [0 0]]]] [{citizen 30} [[""A"" [0 0]]]] [{citizen 23} [[""A"" [1 0]]]] [{citizen 33} [[""A"" [5 5]]]] [{citizen 29} [[""A"" [0 0]]]] [{citizen 32} [[""A"" [3 4]]]]]"
"11","[128 0 127]","279.1836734693877","-5.85950387937782","0.9449543381499218","""circle""","""""","9.9","{breed citizens}","false","0.5","1","""up""",,"[[""ID"" 40] [""alpha"" 1] [""beta"" 1] [""malleable"" [""A""]] [""prior"" []] [""cont_tokens"" []] [""A"" 3]]","[[0 [0 3 4 5 6 7 8 9 12 13 14]] [1 [15 16 17 18 19 20 21 22 23 24 25 26 27 28 29]] [2 [30 31 32 33 34 35 36 37 38 39 40 41 42 43 44]] [3 [45 46 47 48 49 50 51 52 53 54 55 56 57 58 59]] [4 [60 61 62 63 64 65 66 67 68 69 70 71 72 73 74]] [5 [75 76 77 78 79 80 81 82 83 84 85 86 87 88 89]] [6 [90 91 92 93 94 95 96 97 98 99 100 101 102 103 104]] [7 [105 106 107 108 109 110 111 112 113 114 115 116 117 118 119]] [8 [120 121 122 123 124 125 127 128 129 132 134]] [9 [135 137 138 139 140 142 144 145 146 147 148 149]] [10 [150 151 152 153 154 155 156 157 158 159 160 161 162 163 164]] [11 [165 166 167 168 169 170 171 172 173 174 175 176 177 178 179]] [12 [180 181 182 183 184 185 186 187 188 189 190 191 192 193 194]] [13 [195 196 197 198 199 200 203 205 207 208 209]] [14 [210 211 212 213 214 216 218 219 221 222 223 224]] [15 [225 226 227 228 229 231 232 233 234 235 236 237 238 239]] [16 [240 241 242 243 244 245 246 247 248 249 250 251 252 253 254]] [17 [255 256 257 258 259 260 261 262 263 264 265 266 267 268 269]] [18 [270 271 272 273 274 275 276 277 278 279 280 281 282 283 284]] [19 [285 286 287 288 289 290 291 292 293 294 295 296 297 298 299]] [20 [300 301 302 303 304 305 306 307 308 309 310 311 312 313 314]] [21 [315 316 317 318 319 320 321 322 323 324 325 326 327 328 329]] [22 [330 331 332 333 334 335 336 337 338 339 340 341 342 343 344]] [23 [345 346 347 348 349 350 351 352 353 354 355 356 357 358 359]] [24 [360 361 362 363 364 365 366 367 368 369 370 371 372 373 374]] [25 [375 376 377 378 379 380 381 382 383 384 385 386 387 388 389]] [26 [390 391 392 393 394 395 396 397 398 399 400 401 402 403 404]] [27 [405 406 407 408 409 410 411 412 413 414 415 416 417 418 419]] [28 [420 421 422 423 424 425 427 428 429 430 431 432 433 434]] [29 [435 436 437 438 439 440 441 442 443 444 445 446 447 448 449]] [30 [450 451 452 453 454 455 456 457 458 459 460 461 462 463 464]] [31 [465 466 467 468 469 470 471 472 473 474 475 478 479]] [32 [480 481 482 485 486 487 488 489 490 491 492 493 494]] [33 [495 496 497 498 499 500 501 502 503 504 505 506 507 508 509]] [34 [510 511 512 513 514 515 516 517 518 519 520 521 522 523 524]] [35 [525 526 527 528 529 530 531 532 533 534 535 536 537 538 539]] [36 [540 541 542 543 544 545 546 547 548 549 550 551 552 553 554]] [37 [555 556 557 558 559 561 562 563 564 565 566]] [38 [570 571 572 573 574 575 576 577 578 579 581 582]] [39 [586 587 589 590 591 594 596 597 598]] [40 [600 601 602 603 604 605 606 607 608 609 612 613 614]] [41 [615 616 617 618 619 620 621 622 623 624 625 626 627 628 629]] [42 [630 631 632 633 634 635 636 637 638 639 640 641 642 643 644]] [43 [645 646 647 648 649 650 651 652 653 654 655 656 657 658 659]] [44 [660 661 662 663 664 665 666 667 668 669 670 671 672 673 674]] [45 [676 677 678 679 680 681 682 683 684 685 686 687 688 689]] [46 [690 691 692 693 694 695 696 697 698 699 700 701 702 703 704]] [47 [705 706 707 708 709 710 711 712 713 714 715 716 717 718 719]] [48 [720 721 722 723 724 725 726 727 728 729 730 731 732 733 734]] [49 [735 736 737 738 739 740 742 743 744 745 746 747 748 749]] [50 [750 751 752 753 754 755 756 757 758 759 760 761 762 763 764]] [51 [765 766 767 768 769 770 771 772 773 774 775 776 777 778 779]] [52 [780 781 782 783 784 785 786 787 788 789 790 791 792 793 794]] [53 [795 796 797 798 799 800 801 802 803 804 805 806 807 808 809]] [54 [810 811 812 813 814 815 816 817 818 819 820 821 822 823 824]] [55 [825 826 827 828 829 830 831 832 833 834 835 836 837 838 839]] [56 [840 841 842 843 844 845 846 847 848 849 850 851 852 853 854]] [57 [855 856 857 858 859 860 862 863 864 865 866 867 868 869]] [58 [870 871 872 873 874 875 876 877 878 879 880 881 882 883 884]] [59 [885 886 887 888 889 890 891 892 893 894 895 896 898 899]] [60 [900 901 902 903 904 905 906 907 908 909 910 911 912 913 914]] [61 [915 916 917 918 919 920 921 922 923 924 925 926 927 928 929]] [62 [930 931 932 933 934 935 936 937 938 939 940 941 942 943 944]] [63 [945 946 947 948 949 950 951 952 953 954 955 956 957 958 959]] [64 [960 961 962 963 964 965 966 967 968 969 970 971 972 973 974]] [65 [975 976 977 978 979 980 981 982 983 984 985 986 987 988 989]] [66 [990 991 992 993 994 995 996 997 998 999 1000 1001 1002 1003 1004]] [67 [1005 1006 1007 1008 1009 1010 1011 1012 1013 1014 1015 1016 1017 1018 1019]] [68 [1020 1021 1022 1023 1024 1025 1026 1027 1028 1029 1030 1031 1032 1033]] [69 [1035 1036 1037 1038 1039 1040 1041 1043 1045 1046 1047 1048]] [70 [1050 1051 1052 1053 1054 1055 1056 1057 1058 1059 1060 1062 1063 1064]] [71 [1065 1066 1067 1068 1069 1070 1071 1072 1073 1074 1075 1076 1077 1078 1079]] [72 [1080 1081 1082 1083 1084 1085 1086 1087 1088 1089 1090 1091 1092 1093 1094]] [73 [1095 1096 1098 1099 1100 1101 1104 1105 1106 1107 1108 1109]] [74 [1110 1111 1112 1113 1114 1115 1116 1117 1118 1119 1120 1121 1122 1123 1124]] [75 [1125 1126 1127 1128 1129 1130 1131 1132 1134 1135 1136 1137 1138 1139]] [76 [1140 1141 1142 1143 1144 1145 1146 1147 1148 1149 1150 1151 1152 1153 1154]] [77 [1155 1156 1157 1158 1159 1160 1161 1162 1163 1164 1165 1166 1167 1168 1169]] [78 [1170 1171 1172 1173 1174 1175 1176 1177 1178 1179 1180 1181 1182 1183 1184]] [79 [1185 1186 1187 1188 1189 1190 1191 1192 1193 1194 1195 1196 1197 1198 1199]] [80 [1200 1201 1202 1203 1204 1205 1206 1207 1208 1209 1210 1211 1212 1213 1214]] [81 [1215 1217 1218 1219 1220 1221 1222 1223 1224 1225 1226 1227 1228 1229]] [82 [1230 1231 1232 1233 1234 1235 1236 1237 1238 1239 1240 1241 1242 1243 1244]] [83 [1245 1246 1247 1248 1249 1250 1251 1252 1253 1254 1255 1256 1257 1258 1259]] [84 [1260 1261 1262 1263 1264 1265 1266 1267 1268 1269 1270 1271 1272 1273 1274]] [85 [1275 1276 1277 1279 1280 1281 1282 1283 1284 1285 1286 1287 1288 1289]] [86 [1290 1291 1292 1293 1294 1295 1296 1297 1298 1299 1300 1301 1302 1303 1304]] [87 [1305 1306 1307 1308 1309 1310 1311 1312 1313 1314 1315 1316 1317 1318 1319]] [88 [1320 1321 1322 1323 1324 1325 1326 1327 1328 1330 1331 1332 1333 1334]] [89 [1335 1336 1337 1338 1339 1340 1341 1342 1343 1344 1345 1346 1347 1348 1349]] [90 [1350 1351 1352 1353 1354 1355 1356 1357 1358 1359 1360 1361 1362 1363 1364]] [91 [1365 1366 1367 1368 1369 1370 1371 1372 1373 1374 1375 1376 1377 1378 1379]] [92 [1380 1381 1382 1383 1384 1385 1386 1387 1388 1389 1390 1391 1392 1393 1394]] [93 [1395 1396 1397 1398 1399 1400 1401 1402 1403 1404 1405 1406 1407 1408 1409]] [94 [1410 1411 1412 1413 1414 1415 1416 1417 1418 1419 1420 1421 1422 1423 1424]] [95 [1425 1426 1427 1428 1429 1430 1431 1432 1433 1434 1435 1436 1437 1438 1439]] [96 [1440 1441 1442 1444 1445 1446 1447 1448 1449 1450 1451 1452 1453 1454]] [97 [1455 1456 1457 1458 1459 1460 1461 1463 1464 1465 1467 1468 1469]] [98 [1470 1471 1472 1473 1474 1475 1476 1477 1478 1479 1480 1483]] [99 [1485 1486 1487 1488 1489 1490 1491 1492 1493 1494 1495 1496 1497 1498 1499]]]","[[0 [0 3 7 9 13 14]] [1 [15 17 18 19 21 22 25 26 28]] [2 [30 34 39 41 42]] [3 [45 46 53 54 55 59]] [4 [60 63 64 66 67 69 70 73 74]] [5 [75 76 78 80 82 83 84 87]] [6 [90 91 92 93 94 95 97 103 104]] [7 [106 108 109 110 114 116 119]] [8 [122 124 129 132 134]] [9 [137 138 144 149]] [10 [150 155 156 158 160 163]] [11 [167 168 169 170 172 174 176 179]] [12 [180 183 184 186 187 190 192]] [13 [198 205 207 208]] [14 [210 211 213 214 216 218 219 221 223]] [15 [225 227 228 229 231 232 233 235 236 237 239]] [16 [241 243 244 248 249 251 252]] [17 [257 260 262 263 264 265 266 267]] [18 [270 271 274 276 279 280 281 282 284]] [19 [285 286 287 289 291 292 294 296 298]] [20 [300 308 310 311 312 313 314]] [21 [316 318 319 320 321 322 323 325 327 328]] [22 [337 339 341 342 343 344]] [23 [345 346 348 349 352 355 358 359]] [24 [360 364 366 367 369 372 373]] [25 [377 379 382 383 384 387 388]] [26 [393 397 399 400 401 402 404]] [27 [405 407 408 411 412 414 419]] [28 [421 422 424 430 431 433]] [29 [435 437 438 441 442 443 445 446 448]] [30 [450 451 452 453 454 455 460]] [31 [468 472 473 478]] [32 [481 482 490 491 493 494]] [33 [500 503 504 505 507 509]] [34 [510 512 513 516 517 523 524]] [35 [526 527 529 532 534 536]] [36 [540 543 545 546 551]] [37 [556 563 564 565 566]] [38 [575 576 577 578 582]] [39 [586 589 596 597 598]] [40 [600 601 602 605 606 607 608 612 613]] [41 [616 621 624 625 627]] [42 [630 633 635 636 640 642 643]] [43 [645 647 650 651 655 656]] [44 [661 664 665 667 668 669 671 673]] [45 [676 677 683 684 685 687]] [46 [693 695 696 697 702 703]] [47 [708 709 712 715 716 717]] [48 [724 725 733 734]] [49 [735 738 739 740 746 747 748 749]] [50 [752 753 755 759 760 763]] [51 [765 767 768 769 770 774 776]] [52 [782 783 785 786 787 789 790]] [53 [798 799 800 801 803 804 809]] [54 [810 812 816 817 818 820 822 823 824]] [55 [826 827 828 830 833 836 837]] [56 [842 844 846 847 848 851 852]] [57 [855 856 857 859 866 867]] [58 [874 875 877 879 882 884]] [59 [885 886 887 889 893 895 896 898 899]] [60 [901 904 905 907 910 911 912 913]] [61 [915 916 920 922 925 927]] [62 [931 932 936 939 941]] [63 [945 946 948 949 950 951 953 956]] [64 [961 964 965 967 968 969 970 971 972]] [65 [976 977 979 980 981 987 989]] [66 [990 991 994 995 997 1002 1003 1004]] [67 [1005 1006 1009 1013 1016]] [68 [1021 1023 1025 1027 1028 1029 1030 1031 1032]] [69 [1036 1037 1038 1039 1040 1046 1047]] [70 [1051 1052 1054 1058 1059 1062 1063 1064]] [71 [1065 1067 1070 1071 1072 1078 1079]] [72 [1080 1081 1082 1085 1087 1088 1089 1091 1092 1094]] [73 [1095 1099 1100 1101 1104 1107]] [74 [1110 1112 1114 1116 1119 1122 1123]] [75 [1126 1127 1128 1129 1131 1132 1134 1135 1136]] [76 [1140 1142 1144 1145 1146 1148 1150 1151 1152 1154]] [77 [1158 1166 1167 1168 1169]] [78 [1174 1176 1177 1181]] [79 [1186 1188 1189 1190 1192 1193 1194 1198 1199]] [80 [1200 1201 1204 1206 1208 1210 1211 1212 1213 1214]] [81 [1215 1218 1219 1220 1222 1223 1224 1225]] [82 [1230 1231 1238 1239 1243 1244]] [83 [1245 1246 1251 1252 1253 1257 1258]] [84 [1261 1262 1263 1268 1269 1270 1272 1274]] [85 [1275 1276 1277 1280 1282 1283 1286 1287]] [86 [1291 1296 1302 1303 1304]] [87 [1306 1308 1311 1313 1317 1318 1319]] [88 [1321 1322 1323 1324 1325 1328 1330 1331 1334]] [89 [1337 1338 1342 1345 1348 1349]] [90 [1352 1355 1356 1358 1360 1362 1363]] [91 [1365 1366 1367 1371 1372 1374 1375 1378]] [92 [1380 1381 1382 1383 1385 1386 1387 1388 1390]] [93 [1395 1397 1398 1399 1400 1402 1404 1405 1407]] [94 [1410 1412 1413 1414 1415 1417 1422 1423 1424]] [95 [1426 1428 1429 1431 1435]] [96 [1440 1441 1444 1445 1450 1451 1452 1453 1454]] [97 [1455 1457 1461 1463 1464 1467 1468 1469]] [98 [1470 1471 1472 1473 1474 1475 1479 1480 1483]] [99 [1485 1486 1487 1490 1491 1494 1495 1496 1499]]]",,"[[{citizen 13} [[""A"" [4 3]]]] [{citizen 19} [[""A"" [0 1]]]] [{citizen 20} [[""A"" [1 0]]]] [{citizen 30} [[""A"" [1 0]]]] [{citizen 34} [[""A"" [1 0]]]] [{citizen 37} [[""A"" [1 0]]]] [{citizen 49} [[""A"" [0 1]]]] [{media 50} [[""A"" [0 0]]]] [{media 51} [[""A"" [3 3]]]] [{media 52} [[""A"" [3 3]]]] [{media 53} [[""A"" [1 1]]]] [{media 55} [[""A"" [2 2]]]] [{media 56} [[""A"" [5 5]]]] [{media 57} [[""A"" [1 1]]]] [{media 58} [[""A"" [4 4]]]] [{media 60} [[""A"" [3 3]]]] [{media 62} [[""A"" [4 4]]]] [{media 64} [[""A"" [5 5]]]] [{citizen 6} [[""A"" [1 0]]]] [{citizen 1} [[""A"" [5 3]]]] [{citizen 4} [[""A"" [5 5]]]] [{citizen 0} [[""A"" [1 0]]]] [{citizen 26} [[""A"" [5 3]]]] [{citizen 3} [[""A"" [0 1]]]] [{citizen 36} [[""A"" [5 3]]]] [{citizen 5} [[""A"" [4 5]]]] [{citizen 27} [[""A"" [0 1]]]] [{citizen 22} [[""A"" [4 5]]]] [{citizen 48} [[""A"" [1 0]]]] [{citizen 12} [[""A"" [1 0]]]] [{citizen 47} [[""A"" [1 0]]]] [{citizen 38} [[""A"" [5 3]]]] [{citizen 2} [[""A"" [0 1]]]] [{citizen 35} [[""A"" [4 3]]]] [{citizen 39} [[""A"" [1 0]]]] [{citizen 7} [[""A"" [4 5]]]] [{citizen 17} [[""A"" [1 0]]]] [{citizen 25} [[""A"" [1 0]]]] [{citizen 14} [[""A"" [5 3]]]] [{citizen 40} [[""A"" [5 3]]]] [{citizen 24} [[""A"" [4 5]]]] [{citizen 9} [[""A"" [5 3]]]] [{citizen 10} [[""A"" [1 0]]]] [{media 63} [[""A"" [5 5]]]] [{citizen 8} [[""A"" [1 0]]]] [{citizen 31} [[""A"" [0 0]]]] [{citizen 45} [[""A"" [1 3]]]] [{media 61} [[""A"" [0 0]]]] [{media 59} [[""A"" [6 6]]]] [{citizen 42} [[""A"" [5 3]]]] [{citizen 21} [[""A"" [5 3]]]] [{media 54} [[""A"" [0 0]]]] [{citizen 28} [[""A"" [5 3]]]] [{citizen 44} [[""A"" [5 5]]]] [{citizen 32} [[""A"" [4 5]]]] [{citizen 15} [[""A"" [1 0]]]] [{citizen 18} [[""A"" [4 5]]]] [{citizen 16} [[""A"" [5 3]]]] [{citizen 46} [[""A"" [0 1]]]] [{citizen 41} [[""A"" [5 5]]]] [{citizen 43} [[""A"" [1 0]]]] [{citizen 23} [[""A"" [1 0]]]] [{citizen 33} [[""A"" [0 1]]]] [{citizen 29} [[""A"" [0 0]]]]]"
"12","[255 0 0]","41.4100185528757","8.300989340872237","9.589024339358085","""circle""","""""","9.9","{breed citizens}","false","0.5","1","""up""",,"[[""ID"" 22] [""alpha"" 1] [""beta"" 1] [""malleable"" [""A""]] [""prior"" []] [""cont_tokens"" []] [""A"" 0]]","[[0 [0 1 2 3 4 5 6 7 8 9 10 12 13]] [1 [15 16 17 18 19 20 21 22 23 24 25 26 27 28 29]] [2 [30 31 32 33 34 35 36 37 38 39 40 41 42 43 44]] [3 [45 46 47 48 49 50 51 52 53 54 55 56 57 58 59]] [4 [60 62 63 64 65 66 67 68 69 70 71 72 73 74]] [5 [75 76 77 78 79 80 81 82 83 84 85 86 87 88 89]] [6 [90 91 92 93 94 95 96 97 98 99 100 101 102 103 104]] [7 [105 107 109 110 111 112 113 114 115 116 119]] [8 [122 123 124 125 127 128 129 132 134]] [9 [135 137 138 139 140 142 144 145 146 147 148 149]] [10 [150 151 152 153 154 155 156 158 159 160 161 162 163 164]] [11 [165 166 167 168 169 170 171 172 173 174 175 176 177 178 179]] [12 [180 181 182 183 184 185 186 187 188 189 190 191 192 193 194]] [13 [195 196 197 198 199 200 203 205 207 208 209]] [14 [210 211 212 213 214 216 218 219 221 222 223 224]] [15 [225 226 227 228 229 231 232 233 234 235 236 237 238 239]] [16 [240 241 242 243 244 245 246 247 248 249 250 251 252 253 254]] [17 [255 256 257 258 259 260 261 262 263 264 265 266 267 268 269]] [18 [270 271 272 273 274 275 276 277 278 279 280 281 282 283 284]] [19 [285 286 287 288 289 290 291 292 293 294 295 296 297 298 299]] [20 [300 301 302 303 304 305 306 307 308 309 310 311 312 313 314]] [21 [315 316 317 318 319 320 321 322 323 324 325 326 327 328 329]] [22 [330 331 332 333 334 335 336 337 338 339 340 341 342 343 344]] [23 [345 346 347 348 349 350 351 352 353 354 355 356 357 358 359]] [24 [360 361 362 363 364 365 366 367 368 369 370 371 372 373 374]] [25 [377 378 379 382 383 384 385 386 387 388 389]] [26 [390 391 392 393 394 395 396 397 398 399 400 401 402 403 404]] [27 [405 406 407 408 409 410 411 412 413 414 415 416 417 418 419]] [28 [420 421 422 423 424 425 427 428 429 430 431 432 433 434]] [29 [435 436 437 438 439 440 441 442 443 444 445 446 447 448 449]] [30 [450 451 452 453 454 455 456 457 458 459 460 461 462 463 464]] [31 [465 466 467 468 469 470 471 472 473 474 475 476 477 478 479]] [32 [480 481 482 485 486 487 488 489 490 491 492]] [33 [495 496 497 498 499 500 501 502 503 504 505 506 507 508 509]] [34 [510 511 512 513 514 515 516 517 518 519 520 521 522 523 524]] [35 [525 526 527 528 529 530 531 532 533 534 535 536 537 538 539]] [36 [540 541 542 543 544 545 546 547 548 549 550 551 552 553 554]] [37 [555 556 557 558 559 561 562 563 564 565 566]] [38 [570 571 572 573 574 575 576 577 578 579 581 582]] [39 [586 587 589 590 591 594 596 597 598]] [40 [600 601 602 603 604 605 606 607 608 609 612 613 614]] [41 [615 616 617 618 619 620 621 622 623 624 625 626 627 628 629]] [42 [630 631 632 633 634 635 636 637 638 639 640 641 642 643 644]] [43 [645 646 647 648 649 650 651 652 653 654 655 656 657 658 659]] [44 [660 661 662 663 664 665 666 667 668 669 670 671 672 673 674]] [45 [676 677 678 679 680 681 682 683 684 685 686 687 688 689]] [46 [690 691 692 693 694 695 696 697 698 699 700 701 702 703 704]] [47 [705 706 707 708 709 710 711 712 713 714 715 716 717 718 719]] [48 [720 721 722 723 724 725 726 727 728 729 730 731 732 733 734]] [49 [735 736 737 738 739 740 742 743 744 745 746 747 748 749]] [50 [750 751 752 753 754 755 756 757 758 759 760 761 762 763 764]] [51 [765 766 767 768 769 770 771 772 773 774 775 776 777 778 779]] [52 [780 781 782 783 784 785 786 787 788 789 790 791 792 793 794]] [53 [795 796 797 798 799 800 801 802 803 804 805 806 807 808 809]] [54 [810 811 812 813 814 815 816 817 818 819 820 821 822 823 824]] [55 [825 826 827 828 829 830 831 833 834 835 836 837 838 839]] [56 [840 841 842 843 844 845 846 847 848 849 850 851 852 853 854]] [57 [855 856 857 858 859 860 861 862 863 864 865 866 867 868 869]] [58 [870 871 872 873 874 875 876 877 878 879 880 881 882 883 884]] [59 [885 886 887 888 889 890 891 892 893 894 895 896 897 898 899]] [60 [900 901 902 903 904 905 906 907 908 909 910 911 912 913 914]] [61 [915 916 917 918 919 920 921 922 923 924 925 926 927 928 929]] [62 [930 931 932 933 934 935 936 937 938 939 940 941 942 943 944]] [63 [945 946 947 948 949 950 951 953 955 956 957 958 959]] [64 [960 961 962 963 964 965 966 967 968 969 970 971 972 973 974]] [65 [975 976 977 978 979 980 981 982 983 984 985 986 987 988 989]] [66 [990 991 992 993 994 995 996 997 998 999 1000 1001 1002 1003 1004]] [67 [1005 1006 1009 1010 1011 1012 1013 1014 1015 1016 1017 1018 1019]] [68 [1020 1021 1022 1023 1024 1025 1026 1027 1028 1029 1030 1031 1032 1033]] [69 [1035 1036 1037 1038 1039 1040 1041 1043 1045 1046 1047 1048]] [70 [1050 1051 1052 1053 1054 1055 1056 1057 1058 1059 1060 1062 1063 1064]] [71 [1065 1066 1067 1068 1069 1070 1071 1072 1073 1074 1075 1076 1077 1078 1079]] [72 [1080 1081 1082 1083 1084 1085 1086 1087 1088 1089 1090 1091 1092 1093 1094]] [73 [1095 1096 1097 1098 1099 1100 1101 1102 1103 1104 1105 1106 1107 1108 1109]] [74 [1110 1111 1112 1113 1114 1115 1116 1118 1119 1120 1121 1122 1123 1124]] [75 [1125 1126 1127 1128 1129 1130 1131 1132 1134 1135 1136 1137 1138 1139]] [76 [1140 1141 1142 1143 1144 1145 1146 1147 1148 1149 1150 1151 1152 1153 1154]] [77 [1155 1156 1157 1158 1159 1160 1161 1162 1163 1164 1165 1166 1167 1168 1169]] [78 [1170 1171 1172 1173 1174 1175 1176 1177 1178 1179 1180 1181 1182 1183 1184]] [79 [1185 1186 1187 1188 1189 1190 1191 1192 1193 1194 1195 1196 1197 1198 1199]] [80 [1200 1201 1202 1203 1204 1205 1206 1207 1208 1209 1210 1211 1212 1213 1214]] [81 [1215 1217 1218 1219 1220 1221 1222 1223 1224 1225 1226 1227 1228 1229]] [82 [1230 1231 1232 1233 1234 1235 1236 1237 1238 1239 1240 1241 1242 1243 1244]] [83 [1245 1246 1247 1248 1249 1250 1251 1252 1253 1254 1255 1256 1257 1258 1259]] [84 [1260 1261 1262 1263 1264 1265 1266 1267 1268 1269 1270 1271 1272 1273 1274]] [85 [1275 1276 1277 1278 1279 1280 1281 1282 1283 1284 1285 1286 1287 1288 1289]] [86 [1290 1291 1292 1293 1294 1296 1297 1298 1299 1300 1301 1302 1303 1304]] [87 [1305 1306 1307 1308 1309 1310 1311 1312 1313 1314 1315 1316 1317 1318 1319]] [88 [1320 1321 1322 1323 1324 1325 1326 1327 1328 1330 1331 1332 1333 1334]] [89 [1335 1336 1337 1338 1339 1340 1341 1342 1343 1344 1345 1346 1347 1348 1349]] [90 [1350 1351 1352 1353 1354 1355 1356 1357 1358 1359 1360 1361 1362 1363 1364]] [91 [1365 1366 1367 1368 1369 1370 1371 1372 1373 1374 1375 1376 1377 1378 1379]] [92 [1380 1381 1382 1383 1384 1385 1386 1387 1388 1389 1390 1391 1392 1393 1394]] [93 [1395 1396 1397 1398 1399 1400 1401 1402 1403 1404 1405 1406 1407 1408 1409]] [94 [1410 1411 1412 1413 1414 1415 1416 1417 1418 1419 1420 1421 1422 1423 1424]] [95 [1425 1426 1427 1428 1429 1430 1431 1432 1433 1434 1435 1436 1437 1438 1439]] [96 [1440 1441 1442 1444 1445 1446 1447 1448 1449 1450 1451 1452 1453 1454]] [97 [1455 1456 1457 1458 1459 1460 1461 1462 1463 1464 1465 1466 1467 1468 1469]] [98 [1470 1471 1472 1473 1474 1475 1476 1477 1478 1479 1480 1483]] [99 [1485 1486 1487 1488 1489 1490 1491 1492 1493 1494 1495 1496 1497 1498 1499]]]","[[0 [2 3 7 9 12]] [1 [16 19 24 27]] [2 [31 32 33 35 36 38 41 42]] [3 [45 46 53 54 55]] [4 [65 66 69 70 73 74]] [5 [75 76 78 87]] [6 [90 91 92 93 96 98 99 100 101 102]] [7 [111 112 113 115 116 119]] [8 [122 123 125 127 128 129 132 134]] [9 [137 138 142 145 147 148]] [10 [154 155 156 158 160 161 162 163]] [11 [167 168 171 173 177 178 179]] [12 [182 183 184 186 187 188 190 192]] [13 [198 205 207 208]] [14 [210 211 212 218 219 221 222 223]] [15 [225 227 229 231 232 233 235 236 237 239]] [16 [241 243 244 248 249 251 254]] [17 [255 256 262 263 264 265 266 267]] [18 [270 271 274 276 279 280 281 282 284]] [19 [286 287 289 291 292 294 299]] [20 [301 302 303 304 305 306 309 310 312 313 314]] [21 [315 317 323 325 327 328]] [22 [337 339 340 344]] [23 [345 346 347 350 351 353 354 355 358 359]] [24 [360 361 362 363 365 370]] [25 [378 379 383 384 387 388]] [26 [393 397 399 400 401]] [27 [409 410 412 414 419]] [28 [421 422 424 430 432 434]] [29 [439 440 444 445 446 448]] [30 [450 451 454 455 458 461 464]] [31 [465 469 470 471 474 475]] [32 [480 485 486 487 488 489 492]] [33 [496 497 498 499 501 502 507 509]] [34 [510 513 516 517 523 524]] [35 [526 528 529 532 534 536 539]] [36 [540 541 542 546 551]] [37 [556 563 564 565 566]] [38 [575 576 577 578 582]] [39 [587 589 596 597 598]] [40 [600 601 602 605 606 607 608 612 613]] [41 [616 618 620 621 623 624 625 627 629]] [42 [631 632 633 635 636 639 640 643]] [43 [645 647 650 651 658]] [44 [661 663 665 667 668 669 671 673]] [45 [676 677 683 684 685 686 689]] [46 [690 691 692 694 699 700 703]] [47 [705 706 707 709 712 715 716 718 719]] [48 [720 721 722 723 724 725 727 728 730 731 732 733 734]] [49 [735 738 739 740 743 744 745 746 747 748 749]] [50 [752 754 756 757 761 762 764]] [51 [766 770 773 774 775 776]] [52 [785 786 787 791 792 793 794]] [53 [795 797 802 803 804 806 808]] [54 [811 814 815 819 821]] [55 [829 830 831 833 834 838]] [56 [840 843 845 849 851 853 854]] [57 [855 856 857 859 863 864 865 868]] [58 [870 871 872 873 880 883]] [59 [888 890 891 892 893 894]] [60 [900 902 903 908 909 911 912 913]] [61 [915 916 920 921 922 925 927]] [62 [931 934 936 939 940 942 943 944]] [63 [946 948 949 950 951 953 956]] [64 [961 964 965 969 970 971 972]] [65 [976 979 980 981 987 989]] [66 [990 991 994 995 996 999 1001]] [67 [1006 1009 1013 1016]] [68 [1021 1023 1025 1027 1029 1030 1031 1033]] [69 [1035 1037 1038 1039 1040 1046 1047]] [70 [1051 1052 1053 1055 1057 1060 1062 1063 1064]] [71 [1065 1069 1072 1074 1076]] [72 [1081 1082 1085 1087 1088 1089 1091 1092 1094]] [73 [1095 1098 1100 1101 1104 1107 1108 1109]] [74 [1111 1115 1116 1119 1123]] [75 [1125 1126 1127 1128 1129 1130 1132 1134 1135 1136 1138]] [76 [1140 1142 1144 1146 1148 1150 1151 1152 1154]] [77 [1158 1164 1165 1166 1168 1169]] [78 [1172 1174 1176 1177 1181]] [79 [1186 1188 1189 1191 1195 1196 1197]] [80 [1202 1203 1205 1207 1214]] [81 [1215 1218 1219 1220 1222 1224 1225 1229]] [82 [1232 1233 1234 1235 1236 1238 1239 1240 1243 1244]] [83 [1245 1246 1251 1252 1253 1254 1258]] [84 [1261 1262 1263 1267 1269 1270 1272]] [85 [1275 1276 1277 1282 1284 1285 1287]] [86 [1290 1292 1294 1299 1300 1302 1303 1304]] [87 [1306 1307 1310 1313 1317 1318 1319]] [88 [1321 1322 1323 1324 1325 1327 1330 1331 1334]] [89 [1337 1338 1339 1342 1345 1347 1349]] [90 [1352 1355 1356 1358 1360 1362 1363]] [91 [1365 1366 1369 1370 1371 1372 1374 1377 1379]] [92 [1381 1382 1389 1391 1392 1394]] [93 [1397 1398 1401 1403 1404 1407 1409]] [94 [1410 1412 1413 1414 1415 1416 1419 1422 1423 1424]] [95 [1426 1429 1431 1433 1434 1436 1437 1439]] [96 [1440 1441 1442 1444 1445 1450 1451 1452 1453 1454]] [97 [1455 1457 1459 1463 1464 1467 1468 1469]] [98 [1470 1471 1477 1478 1480 1483]] [99 [1485 1486 1487 1492 1493 1497 1498]]]",,"[[{citizen 24} [[""A"" [4 4]]]] [{citizen 28} [[""A"" [5 3]]]] [{citizen 32} [[""A"" [4 5]]]] [{citizen 36} [[""A"" [4 5]]]] [{citizen 39} [[""A"" [0 1]]]] [{citizen 47} [[""A"" [0 1]]]] [{citizen 48} [[""A"" [1 0]]]] [{media 51} [[""A"" [3 3]]]] [{media 52} [[""A"" [3 3]]]] [{media 53} [[""A"" [1 1]]]] [{media 55} [[""A"" [2 2]]]] [{media 56} [[""A"" [5 5]]]] [{media 57} [[""A"" [1 1]]]] [{media 59} [[""A"" [6 6]]]] [{media 61} [[""A"" [0 0]]]] [{media 62} [[""A"" [4 4]]]] [{media 63} [[""A"" [5 5]]]] [{media 64} [[""A"" [5 5]]]] [{citizen 6} [[""A"" [1 0]]]] [{citizen 3} [[""A"" [0 1]]]] [{citizen 1} [[""A"" [4 5]]]] [{citizen 4} [[""A"" [4 5]]]] [{media 60} [[""A"" [3 3]]]] [{citizen 2} [[""A"" [1 0]]]] [{media 50} [[""A"" [0 0]]]] [{citizen 0} [[""A"" [1 0]]]] [{citizen 26} [[""A"" [4 5]]]] [{citizen 5} [[""A"" [4 5]]]] [{citizen 27} [[""A"" [0 1]]]] [{citizen 22} [[""A"" [4 5]]]] [{media 58} [[""A"" [4 4]]]] [{citizen 7} [[""A"" [4 5]]]] [{citizen 13} [[""A"" [4 5]]]] [{citizen 17} [[""A"" [2 0]]]] [{citizen 35} [[""A"" [4 4]]]] [{citizen 11} [[""A"" [4 5]]]] [{citizen 34} [[""A"" [2 0]]]] [{citizen 14} [[""A"" [4 5]]]] [{citizen 49} [[""A"" [5 1]]]] [{citizen 25} [[""A"" [1 0]]]] [{citizen 40} [[""A"" [5 3]]]] [{citizen 20} [[""A"" [4 2]]]] [{citizen 9} [[""A"" [4 5]]]] [{citizen 10} [[""A"" [1 0]]]] [{citizen 19} [[""A"" [0 1]]]] [{citizen 37} [[""A"" [2 0]]]] [{citizen 8} [[""A"" [1 0]]]] [{citizen 44} [[""A"" [4 5]]]] [{citizen 31} [[""A"" [4 0]]]] [{citizen 45} [[""A"" [1 0]]]] [{citizen 42} [[""A"" [4 4]]]] [{media 54} [[""A"" [0 0]]]] [{citizen 38} [[""A"" [5 3]]]] [{citizen 21} [[""A"" [5 5]]]] [{citizen 15} [[""A"" [0 1]]]] [{citizen 18} [[""A"" [4 4]]]] [{citizen 16} [[""A"" [5 3]]]] [{citizen 46} [[""A"" [0 1]]]] [{citizen 41} [[""A"" [4 5]]]] [{citizen 43} [[""A"" [0 0]]]] [{citizen 30} [[""A"" [0 0]]]] [{citizen 23} [[""A"" [0 1]]]] [{citizen 33} [[""A"" [1 0]]]] [{citizen 29} [[""A"" [0 0]]]]]"
"13","[128 0 127]","49.42486085343229","9.728052497782793","8.620713951815267","""circle""","""""","9.9","{breed citizens}","false","0.5","1","""up""",,"[[""ID"" 9] [""alpha"" 1] [""beta"" 1] [""malleable"" [""A""]] [""prior"" []] [""cont_tokens"" []] [""A"" 3]]","[[0 [0 1 2 3 4 5 6 7 8 9 10 11 12 13 14]] [1 [15 16 17 18 19 20 21 22 23 24 25 26 27 28 29]] [2 [31 32 33 35 36 37 38 40 41 42 43 44]] [3 [45 46 47 48 49 50 51 52 53 54 55 56 57 58 59]] [4 [60 61 62 63 64 65 66 67 68 69 70 71 72 73 74]] [5 [75 76 77 78 79 80 81 82 83 84 85 87 88 89]] [6 [90 91 92 93 94 95 96 97 98 99 100 101 102 103 104]] [7 [105 107 109 110 111 112 113 114 115 116 119]] [8 [120 121 122 123 124 125 127 128 129 132 134]] [9 [135 137 138 139 140 142 144 145 146 147 148 149]] [10 [150 151 152 153 154 155 156 158 159 160 161 162 163 164]] [11 [165 166 167 168 169 170 171 172 173 174 175 176 177 178 179]] [12 [180 181 182 183 184 185 186 187 188 189 190 191 192 193 194]] [13 [195 196 197 198 199 200 201 202 203 204 205 206 207 208 209]] [14 [210 211 212 213 214 216 218 219 221 222 223 224]] [15 [225 226 227 228 229 230 231 232 233 234 235 236 237 238 239]] [16 [240 241 242 243 244 245 246 247 248 249 250 251 252 253 254]] [17 [255 256 257 258 259 260 261 262 263 264 265 266 267 268 269]] [18 [270 271 272 273 274 275 276 277 278 279 280 281 282 283 284]] [19 [285 286 287 288 289 290 291 292 293 294 295 296 297 298 299]] [20 [300 301 302 303 304 305 306 307 309 310 311 312 313 314]] [21 [315 316 317 318 319 320 321 322 323 324 325 326 327 328 329]] [22 [330 331 332 333 334 335 336 337 338 339 340 341 342 343 344]] [23 [345 346 347 348 349 350 351 352 353 354 355 356 357 358 359]] [24 [360 361 362 363 364 365 366 367 368 369 370 371 372 373 374]] [25 [375 376 377 378 379 380 381 382 383 384 385 386 387 388 389]] [26 [390 391 392 393 394 395 396 397 398 399 400 401 402 403 404]] [27 [405 406 407 408 409 410 411 412 413 414 415 416 417 418 419]] [28 [420 421 422 423 424 425 427 428 429 430 431 432 433 434]] [29 [435 436 437 438 439 440 441 442 443 444 445 446 447 448 449]] [30 [450 451 452 453 454 455 456 457 458 459 460 461 462 463 464]] [31 [465 466 467 468 469 470 471 472 473 474 475 476 477 478 479]] [32 [480 481 482 485 486 487 488 489 490 491 492]] [33 [495 496 497 498 499 501 502 503 504 505 506 507 508 509]] [34 [510 511 512 513 514 515 516 517 518 519 520 521 522 523 524]] [35 [525 526 527 528 529 530 531 532 533 534 535 536 537 538 539]] [36 [540 541 542 543 544 545 546 547 548 549 550 551 552 553 554]] [37 [555 556 557 558 559 561 562 563 564 565 566]] [38 [570 571 572 573 574 575 576 577 578 579 581 582 583 584]] [39 [586 587 589 590 591 594 596 597 598]] [40 [600 601 602 603 604 605 606 607 608 609 612 613 614]] [41 [615 616 617 618 619 620 621 622 623 624 625 626 627 628 629]] [42 [630 631 632 633 634 635 636 637 638 639 640 641 642 643 644]] [43 [645 646 647 648 649 650 651 652 653 654 655 656 657 658 659]] [44 [660 661 662 663 664 665 666 667 668 669 670 671 672 673 674]] [45 [676 677 678 679 680 681 682 683 684 685 686 687 688 689]] [46 [690 691 692 693 694 695 696 697 698 699 700 701 702 703 704]] [47 [705 706 707 708 709 710 711 712 713 714 715 716 717 718 719]] [48 [720 721 722 723 724 725 726 727 728 729 730 731 732 733 734]] [49 [735 736 737 738 739 740 742 743 744 745 746 747 748 749]] [50 [750 751 752 753 754 755 756 757 758 759 760 761 762 763 764]] [51 [765 766 767 768 769 770 771 772 773 774 775 776 777 778 779]] [52 [780 781 782 783 784 785 786 787 788 789 790 791 792 793 794]] [53 [795 796 797 798 799 800 801 802 803 804 805 806 807 808 809]] [54 [810 811 812 813 814 815 816 817 818 819 820 821 822 823 824]] [55 [825 826 827 828 829 830 831 833 834 835 836 837 838 839]] [56 [840 841 842 843 844 845 846 847 848 849 850 851 852 853 854]] [57 [855 856 857 858 859 860 861 862 863 864 865 866 867 868 869]] [58 [870 871 872 873 874 875 876 877 878 879 880 881 882 883 884]] [59 [885 886 887 888 889 890 891 892 893 894 895 896 898 899]] [60 [900 901 902 903 904 905 906 907 908 909 910 911 912 913 914]] [61 [915 916 917 918 919 920 921 922 923 924 925 926 927 928 929]] [62 [930 931 932 933 934 935 936 937 938 939 940 941 942 943 944]] [63 [945 946 947 948 949 950 951 952 953 954 955 956 957 958 959]] [64 [960 962 963 966 967 968 969 970 971 972 973 974]] [65 [975 976 977 978 979 980 981 982 983 984 985 986 987 988 989]] [66 [990 991 992 993 994 995 996 997 998 999 1000 1001 1002 1003 1004]] [67 [1005 1006 1007 1008 1009 1010 1011 1012 1013 1014 1015 1016 1017 1018 1019]] [68 [1020 1021 1022 1023 1024 1025 1026 1027 1028 1029 1030 1031 1032 1033]] [69 [1035 1036 1037 1038 1039 1040 1041 1043 1045 1046 1047 1048]] [70 [1050 1051 1052 1053 1054 1055 1056 1057 1058 1059 1060 1062 1063 1064]] [71 [1065 1066 1067 1068 1069 1070 1071 1072 1073 1074 1075 1076 1077 1078 1079]] [72 [1080 1081 1082 1083 1084 1085 1086 1087 1088 1089 1090 1091 1092 1093 1094]] [73 [1095 1096 1098 1099 1100 1101 1104 1105 1106 1107 1108 1109]] [74 [1110 1111 1112 1113 1114 1115 1116 1118 1119 1120 1121 1122 1123 1124]] [75 [1125 1126 1127 1128 1129 1130 1131 1132 1134 1135 1136 1137 1138 1139]] [76 [1140 1141 1142 1143 1144 1145 1146 1147 1148 1149 1150 1151 1152 1153 1154]] [77 [1158 1159 1160 1162 1163 1164 1165 1166 1167 1168 1169]] [78 [1170 1171 1172 1173 1174 1175 1176 1177 1178 1179 1180 1181 1182 1183 1184]] [79 [1185 1186 1187 1188 1189 1190 1191 1192 1193 1194 1195 1196 1197 1198 1199]] [80 [1200 1201 1202 1203 1204 1205 1206 1207 1208 1209 1210 1211 1212 1213 1214]] [81 [1215 1217 1218 1219 1220 1221 1222 1223 1224 1225 1226 1227 1228 1229]] [82 [1230 1231 1232 1233 1234 1235 1236 1237 1238 1239 1240 1241 1242 1243 1244]] [83 [1245 1246 1247 1248 1249 1250 1251 1252 1253 1254 1255 1256 1257 1258 1259]] [84 [1260 1261 1262 1263 1264 1265 1266 1267 1268 1269 1270 1271 1272 1273 1274]] [85 [1275 1276 1277 1280 1281 1282 1283 1284 1285 1286 1287 1288 1289]] [86 [1290 1291 1292 1293 1294 1296 1297 1298 1299 1300 1301 1302 1303 1304]] [87 [1305 1306 1307 1308 1309 1310 1311 1312 1313 1314 1315 1316 1317 1318 1319]] [88 [1320 1321 1322 1323 1324 1325 1326 1327 1328 1330 1331 1332 1333 1334]] [89 [1335 1336 1337 1338 1339 1340 1341 1342 1343 1344 1345 1346 1347 1348 1349]] [90 [1350 1351 1352 1353 1354 1355 1356 1357 1358 1359 1360 1361 1362 1363 1364]] [91 [1365 1366 1367 1368 1369 1370 1371 1372 1373 1374 1375 1376 1377 1378 1379]] [92 [1380 1381 1382 1383 1384 1385 1386 1387 1388 1389 1390 1391 1392 1393 1394]] [93 [1395 1396 1397 1398 1399 1400 1401 1402 1403 1404 1405 1406 1407 1408 1409]] [94 [1410 1411 1412 1413 1414 1415 1416 1417 1418 1419 1420 1421 1422 1423 1424]] [95 [1425 1426 1428 1429 1430 1431 1432 1433 1434 1435 1436 1437 1438 1439]] [96 [1440 1441 1442 1444 1445 1446 1447 1448 1449 1450 1451 1452 1453 1454]] [97 [1455 1456 1457 1458 1459 1460 1461 1462 1463 1464 1465 1466 1467 1468 1469]] [98 [1470 1471 1472 1473 1474 1475 1476 1477 1478 1479 1480 1483]] [99 [1485 1486 1487 1490 1491 1492 1493 1494 1495 1496 1497 1498 1499]]]","[[0 [0 4 5 9 10 13 14]] [1 [15 17 18 19 20 27]] [2 [31 32 33 36 40 43 44]] [3 [47 49 50 51 52 56 58]] [4 [60 62 63 64 66 67 68 71 72]] [5 [77 79 81 82 83 84 85 88]] [6 [91 92 93 96 98 99 100 101 102]] [7 [111 112 113 114 116 119]] [8 [122 123 125 127 128 129 132]] [9 [135 139 140 142 145 146 147 148]] [10 [150 154 155 156 158 160 161 162 163]] [11 [166 167 168 169 171 173 177]] [12 [183 184 186 187 188 194]] [13 [196 197 199 200 203 205 207 208]] [14 [210 211 214 216 218 219 221 224]] [15 [226 228 229 231 234 238]] [16 [240 242 244 247 253]] [17 [255 256 262 263 264 265 266 267]] [18 [270 271 274 276 279 280 282 284]] [19 [285 286 287 288 290 293 295 297]] [20 [301 302 303 304 305 307]] [21 [315 317 320 321 322 323 325 327 328]] [22 [337 339 341 342 343 344]] [23 [345 346 347 350 351 353 354 355 358 359]] [24 [360 364 368 369 372 373]] [25 [377 379 382 383 384 387]] [26 [390 391 392 394 395 396 398]] [27 [405 406 409 410 412 414 419]] [28 [421 423 425 427 428 429 431 433]] [29 [435 437 441 442 443 447 449]] [30 [453 454 455 458 461 464]] [31 [465 469 470 471 474 475]] [32 [480 485 486 487 488 489]] [33 [495 498 499 501 506 508]] [34 [511 515 518 520 521 522]] [35 [526 528 529 532 535 537 538 539]] [36 [540 543 545 546 551]] [37 [556 558 559 561 562]] [38 [570 572 573 574 579 581 582]] [39 [587 590 591 594 597]] [40 [602 605 606 607 608 612 613]] [41 [616 621 624 625 627 629]] [42 [631 632 633 635 636 640 642 643]] [43 [645 647 652 654 655 656 658]] [44 [661 664 665 668 669 671 673]] [45 [676 677 683 686 688]] [46 [691 692 698 700 701 702 703]] [47 [706 707 709 712 715 716 718 719]] [48 [720 721 722 723 725 732 733 734]] [49 [735 738 739 746 747 748 749]] [50 [752 754 756 757 761 764]] [51 [766 771 772 773 774 775 776 777 779]] [52 [782 783 785 786 788]] [53 [795 797 802 803 804 805 806]] [54 [811 814 815 819 821]] [55 [829 830 831 833 834 838 839]] [56 [841 843 845 849 851 853 854]] [57 [855 856 857 859 863 865 868]] [58 [870 871 872 873 880 881 882 884]] [59 [885 886 887 889 893 895 896 898]] [60 [904 906 907 910 911 912 913 914]] [61 [916 923 924 925 926 928]] [62 [930 932 938 939 940 941]] [63 [945 947 949 950 953 955 957 958]] [64 [960 962 966 973 974]] [65 [975 978 982 983 986]] [66 [994 995 996 999 1001]] [67 [1006 1009 1013 1016]] [68 [1021 1023 1025 1027 1028 1029 1030 1033]] [69 [1035 1037 1041 1043 1046 1047]] [70 [1050 1056 1058 1059 1062 1063 1064]] [71 [1065 1067 1069 1071 1072 1078 1079]] [72 [1080 1081 1082 1083 1088 1091 1092 1094]] [73 [1095 1096 1098 1101 1104 1107 1108 1109]] [74 [1111 1115 1116 1119 1121 1122 1123]] [75 [1125 1126 1127 1128 1129 1130 1132 1134 1135 1136 1138]] [76 [1140 1142 1144 1145 1146 1148 1150 1151 1152 1154]] [77 [1158 1166 1167 1168 1169]] [78 [1171 1172 1174 1176 1177 1181 1183]] [79 [1186 1188 1190 1192 1193 1194 1198 1199]] [80 [1200 1201 1204 1206 1208 1211 1212 1213 1214]] [81 [1215 1218 1219 1226 1227 1228]] [82 [1232 1233 1234 1235 1236 1238 1239 1243 1244]] [83 [1245 1246 1251 1252 1253 1254 1257 1258]] [84 [1261 1262 1263 1268 1272 1274]] [85 [1275 1276 1277 1284 1285 1287]] [86 [1290 1292 1293 1294 1299 1300 1303 1304]] [87 [1306 1307 1310 1313 1317 1318 1319]] [88 [1321 1323 1324 1325 1330 1331 1334]] [89 [1337 1338 1342 1345 1347 1349]] [90 [1352 1355 1356 1358 1359 1361]] [91 [1368 1369 1372 1374 1376 1377 1379]] [92 [1382 1389 1391 1392 1394]] [93 [1398 1399 1400 1402 1406 1409]] [94 [1411 1416 1419 1422 1423 1424]] [95 [1426 1429 1435 1438 1439]] [96 [1440 1441 1442 1444 1445 1450 1451 1452 1453 1454]] [97 [1455 1457 1459 1463 1464 1467 1469]] [98 [1470 1471 1472 1473 1474 1475 1479]] [99 [1485 1486 1487 1490 1491 1494 1495 1496 1499]]]",,"[[{citizen 21} [[""A"" [5 3]]]] [{citizen 30} [[""A"" [1 0]]]] [{citizen 31} [[""A"" [0 0]]]] [{media 51} [[""A"" [3 3]]]] [{media 52} [[""A"" [3 3]]]] [{media 54} [[""A"" [0 0]]]] [{media 55} [[""A"" [2 2]]]] [{media 57} [[""A"" [1 1]]]] [{media 59} [[""A"" [6 6]]]] [{media 61} [[""A"" [0 0]]]] [{media 63} [[""A"" [5 5]]]] [{media 64} [[""A"" [5 5]]]] [{citizen 6} [[""A"" [0 1]]]] [{citizen 11} [[""A"" [5 5]]]] [{citizen 1} [[""A"" [5 5]]]] [{citizen 4} [[""A"" [5 5]]]] [{media 60} [[""A"" [3 3]]]] [{citizen 2} [[""A"" [0 1]]]] [{media 53} [[""A"" [1 1]]]] [{media 56} [[""A"" [5 5]]]] [{media 50} [[""A"" [0 0]]]] [{citizen 0} [[""A"" [0 1]]]] [{media 62} [[""A"" [4 4]]]] [{media 58} [[""A"" [4 4]]]] [{citizen 26} [[""A"" [3 5]]]] [{citizen 3} [[""A"" [0 1]]]] [{citizen 37} [[""A"" [0 1]]]] [{citizen 36} [[""A"" [5 5]]]] [{citizen 5} [[""A"" [5 5]]]] [{citizen 27} [[""A"" [0 1]]]] [{citizen 22} [[""A"" [1 5]]]] [{citizen 48} [[""A"" [0 1]]]] [{citizen 12} [[""A"" [1 0]]]] [{citizen 47} [[""A"" [0 1]]]] [{citizen 38} [[""A"" [5 3]]]] [{citizen 39} [[""A"" [0 1]]]] [{citizen 7} [[""A"" [5 5]]]] [{citizen 25} [[""A"" [1 0]]]] [{citizen 14} [[""A"" [5 3]]]] [{citizen 17} [[""A"" [0 1]]]] [{citizen 40} [[""A"" [5 3]]]] [{citizen 24} [[""A"" [3 5]]]] [{citizen 20} [[""A"" [0 1]]]] [{citizen 9} [[""A"" [5 5]]]] [{citizen 10} [[""A"" [0 1]]]] [{citizen 35} [[""A"" [4 3]]]] [{citizen 19} [[""A"" [0 1]]]] [{citizen 8} [[""A"" [1 0]]]] [{citizen 45} [[""A"" [1 3]]]] [{citizen 49} [[""A"" [0 1]]]] [{citizen 42} [[""A"" [5 3]]]] [{citizen 28} [[""A"" [5 3]]]] [{citizen 44} [[""A"" [5 5]]]] [{citizen 15} [[""A"" [0 1]]]] [{citizen 18} [[""A"" [4 5]]]] [{citizen 16} [[""A"" [5 3]]]] [{citizen 33} [[""A"" [5 0]]]] [{citizen 34} [[""A"" [0 1]]]] [{citizen 46} [[""A"" [0 1]]]] [{citizen 43} [[""A"" [1 0]]]] [{citizen 41} [[""A"" [5 5]]]] [{citizen 29} [[""A"" [0 0]]]] [{citizen 32} [[""A"" [5 5]]]] [{citizen 23} [[""A"" [2 1]]]]]"
"14","[128 0 127]","4.8979591836734695","0.8085958820129431","13.172339462126645","""circle""","""""","9.9","{breed citizens}","false","0.5","1","""up""",,"[[""ID"" 1] [""alpha"" 1] [""beta"" 1] [""malleable"" [""A""]] [""prior"" []] [""cont_tokens"" []] [""A"" 3]]","[[0 [0 1 3 4 5 6 7 8 9 10 12 13 14]] [1 [15 16 17 18 19 20 21 22 23 24 25 26 27 28 29]] [2 [30 31 32 33 34 35 36 37 38 39 40 41 42 43 44]] [3 [45 46 47 48 49 50 51 52 53 54 55 56 57 58 59]] [4 [60 61 62 63 64 65 66 67 68 69 70 71 72 73 74]] [5 [75 76 77 78 79 80 81 82 83 84 85 87 88 89]] [6 [90 91 92 93 94 95 96 97 98 99 100 101 102 103 104]] [7 [105 106 107 108 109 110 111 112 113 114 115 116 119]] [8 [122 123 124 125 127 128 129 132 134]] [9 [135 137 138 139 140 142 144 145 146 147 148 149]] [10 [150 151 152 153 154 155 156 157 158 159 160 161 162 163 164]] [11 [165 166 167 168 169 170 171 172 173 174 175 176 177 178 179]] [12 [180 181 182 183 184 185 186 187 188 189 190 191 192 193 194]] [13 [195 196 197 198 199 200 203 205 207 208 209]] [14 [210 211 212 213 214 216 218 219 221 222 223 224]] [15 [225 226 227 228 229 231 232 233 234 235 236 237 238 239]] [16 [240 241 242 243 244 245 246 247 248 249 250 251 252 253 254]] [17 [255 256 257 258 259 260 261 262 263 264 265 266 267 268 269]] [18 [270 271 272 273 274 275 276 277 278 279 280 281 282 283 284]] [19 [285 286 287 288 289 290 291 292 293 294 295 296 297 298 299]] [20 [300 301 302 303 304 305 306 307 308 309 310 311 312 313 314]] [21 [315 316 317 318 319 320 321 322 323 324 325 326 327 328 329]] [22 [330 331 332 333 334 335 336 337 338 339 340 341 342 343 344]] [23 [345 346 347 348 349 350 351 352 353 354 355 356 357 358 359]] [24 [360 361 362 363 364 365 366 367 368 369 370 371 372 373 374]] [25 [375 376 377 378 379 380 381 382 383 384 385 386 387 388 389]] [26 [390 391 392 393 394 395 396 397 398 399 400 401 402 403 404]] [27 [405 406 407 408 409 410 411 412 413 414 415 416 417 418 419]] [28 [420 421 422 423 424 425 427 428 429 430 431 432 433 434]] [29 [435 436 437 438 439 440 441 442 443 444 445 446 447 448 449]] [30 [450 451 452 453 454 455 456 457 458 459 460 461 462 463 464]] [31 [465 466 467 468 469 470 471 472 473 474 475 478 479]] [32 [480 481 482 485 486 487 488 489 490 491 492 493 494]] [33 [495 496 497 498 499 500 501 502 503 504 505 506 507 508 509]] [34 [510 511 512 513 514 515 516 517 518 519 520 521 522 523 524]] [35 [525 526 527 528 529 530 531 532 533 534 535 536 537 538 539]] [36 [540 541 542 543 544 545 546 547 548 549 550 551 552 553 554]] [37 [555 556 557 558 559 561 562 563 564 565 566]] [38 [570 571 572 573 574 575 576 577 578 579 581 582 583 584]] [39 [586 587 589 590 591 594 596 597 598]] [40 [600 601 602 603 604 605 606 607 608 609 612 613 614]] [41 [615 616 617 618 619 620 621 622 623 624 625 626 627 628 629]] [42 [630 631 632 633 634 635 636 637 638 639 640 641 642 643 644]] [43 [645 646 647 648 649 650 651 652 653 654 655 656 657 658 659]] [44 [660 661 662 663 664 665 666 667 668 669 670 671 672 673 674]] [45 [676 677 678 679 680 681 682 683 684 685 686 687 688 689]] [46 [690 691 692 693 694 695 696 697 698 699 700 701 702 703 704]] [47 [705 706 707 708 709 710 711 712 713 714 715 716 717 718 719]] [48 [720 721 722 723 724 725 726 727 728 729 730 731 732 733 734]] [49 [735 736 737 738 739 740 742 743 744 745 746 747 748 749]] [50 [750 751 752 753 754 755 756 757 758 759 760 761 762 763 764]] [51 [765 766 767 768 769 770 771 772 773 774 775 776 777 778 779]] [52 [780 781 782 783 784 785 786 787 788 789 790 791 792 793 794]] [53 [795 796 797 798 799 800 801 802 803 804 805 806 807 808 809]] [54 [810 811 812 813 814 815 816 817 818 819 820 821 822 823 824]] [55 [825 826 827 828 829 830 831 832 833 834 835 836 837 838 839]] [56 [840 841 842 843 844 845 846 847 848 849 850 851 852 853 854]] [57 [855 856 857 858 859 860 862 863 864 865 866 867 868 869]] [58 [870 871 872 873 874 875 876 877 878 879 880 881 882 883 884]] [59 [885 886 887 888 889 890 891 892 893 894 895 896 897 898 899]] [60 [900 901 902 903 904 905 906 907 908 909 910 911 912 913 914]] [61 [915 916 917 918 919 920 921 922 923 924 925 926 927 928 929]] [62 [930 931 932 933 934 935 936 937 938 939 940 941 942 943 944]] [63 [945 946 947 948 949 950 951 952 953 954 955 956 957 958 959]] [64 [960 961 962 963 964 965 966 967 968 969 970 971 972 973 974]] [65 [975 976 977 978 979 980 981 982 983 984 985 986 987 988 989]] [66 [990 991 992 993 994 995 996 997 998 999 1000 1001 1002 1003 1004]] [67 [1005 1006 1007 1008 1009 1010 1011 1012 1013 1014 1015 1016 1017 1018 1019]] [68 [1020 1021 1022 1023 1024 1025 1026 1027 1028 1029 1030 1031 1032 1033 1034]] [69 [1035 1036 1037 1038 1039 1040 1041 1043 1045 1046 1047 1048]] [70 [1050 1051 1052 1053 1054 1055 1056 1057 1058 1059 1060 1062 1063 1064]] [71 [1065 1066 1067 1068 1069 1070 1071 1072 1073 1074 1075 1076 1077 1078 1079]] [72 [1080 1081 1082 1083 1084 1085 1086 1087 1088 1089 1090 1091 1092 1093 1094]] [73 [1095 1096 1097 1098 1099 1100 1101 1102 1103 1104 1105 1106 1107 1108 1109]] [74 [1110 1111 1112 1113 1114 1115 1116 1118 1119 1120 1121 1122 1123 1124]] [75 [1125 1126 1127 1128 1129 1130 1131 1132 1134 1135 1136 1137 1138 1139]] [76 [1140 1141 1142 1143 1144 1145 1146 1147 1148 1149 1150 1151 1152 1153 1154]] [77 [1155 1156 1157 1158 1159 1160 1161 1162 1163 1164 1165 1166 1167 1168 1169]] [78 [1170 1171 1172 1173 1174 1175 1176 1177 1178 1179 1180 1181 1182 1183 1184]] [79 [1186 1188 1189 1190 1191 1192 1193 1194 1195 1196 1197 1198 1199]] [80 [1200 1201 1202 1203 1204 1205 1206 1207 1208 1209 1210 1211 1212 1213 1214]] [81 [1215 1217 1218 1219 1220 1221 1222 1223 1224 1225 1226 1227 1228 1229]] [82 [1230 1231 1232 1233 1234 1235 1236 1237 1238 1239 1240 1241 1242 1243 1244]] [83 [1245 1246 1247 1248 1249 1250 1251 1252 1253 1254 1255 1256 1257 1258 1259]] [84 [1260 1261 1262 1263 1264 1265 1266 1267 1268 1269 1270 1271 1272 1273 1274]] [85 [1275 1276 1277 1278 1279 1280 1281 1282 1283 1284 1285 1286 1287 1288 1289]] [86 [1290 1291 1292 1293 1294 1295 1296 1297 1298 1299 1300 1301 1302 1303 1304]] [87 [1305 1306 1307 1308 1309 1310 1311 1312 1313 1314 1315 1316 1317 1318 1319]] [88 [1320 1321 1322 1323 1324 1325 1326 1327 1328 1330 1331 1332 1333 1334]] [89 [1335 1336 1337 1338 1339 1340 1341 1342 1343 1344 1345 1346 1347 1348 1349]] [90 [1350 1351 1352 1353 1354 1355 1356 1357 1358 1359 1360 1361 1362 1363 1364]] [91 [1365 1366 1368 1369 1370 1371 1372 1373 1374 1375 1376 1377 1378 1379]] [92 [1380 1381 1382 1383 1384 1385 1386 1387 1388 1389 1390 1391 1392 1393 1394]] [93 [1395 1396 1397 1398 1399 1400 1401 1402 1403 1404 1405 1406 1407 1408 1409]] [94 [1410 1411 1412 1413 1414 1415 1416 1417 1418 1419 1420 1421 1422 1423 1424]] [95 [1425 1426 1428 1429 1430 1431 1432 1433 1434 1435 1436 1437 1438 1439]] [96 [1440 1441 1442 1444 1445 1446 1447 1448 1449 1450 1451 1452 1453 1454]] [97 [1455 1456 1457 1458 1459 1460 1461 1462 1463 1464 1465 1466 1467 1468 1469]] [98 [1470 1471 1472 1473 1474 1475 1476 1477 1478 1479 1480 1483]] [99 [1485 1486 1487 1488 1489 1490 1491 1492 1493 1494 1495 1496 1497 1498 1499]]]","[[0 [0 3 7 9 10 13 14]] [1 [15 18 19 24 27 29]] [2 [31 32 33 36 38 41 42 44]] [3 [47 48 49 51 52 56 57 59]] [4 [60 62 63 64 67 68 71]] [5 [77 79 81 82 83 84 87 88]] [6 [91 92 93 96 98 99 100 101 102]] [7 [111 113 114 115 116 119]] [8 [122 124 125 128 129 132 134]] [9 [137 138 144 149]] [10 [150 154 155 156 158 160 161 162 164]] [11 [165 166 167 168 171 173 177 178 179]] [12 [181 182 183 184 186 187 190 192]] [13 [198 200 203 208]] [14 [210 211 214 216 219 221 222 223]] [15 [225 227 228 229 231 232 233 235 236 237 239]] [16 [241 243 244 248 249 251 254]] [17 [255 258 259 261 266 267]] [18 [270 271 274 276 280 281 282 284]] [19 [285 286 287 289 291 292 294 295 297 299]] [20 [301 302 303 304 305 306 309 310 311 312 313 314]] [21 [315 317 319 320 322 323 326]] [22 [330 331 332 333 335 336 338 340 343 344]] [23 [345 346 347 350 353 354 359]] [24 [360 364 366 367 368 369 372 373]] [25 [377 379 382 383 384 387 388]] [26 [393 397 399 400 401]] [27 [406 409 410 412 414 419]] [28 [421 424 430 432 434]] [29 [439 440 444 445 446 448]] [30 [450 451 454 455 460]] [31 [466 467 470 471 474 475]] [32 [480 485 486 488 489 492]] [33 [496 497 498 499 501 502 504 505 507 509]] [34 [510 512 513 516 517 519 520 521 522]] [35 [526 528 529 532 534 536 539]] [36 [540 543 545 546 551]] [37 [556 558 559 561 562]] [38 [570 571 572 573 574 579 581 582]] [39 [586 589 591 594 597 598]] [40 [600 601 602 605 606 607 608 612 613]] [41 [615 617 619 622 626 627 629]] [42 [631 632 633 635 636 640 642 643]] [43 [645 647 649 650 651 658]] [44 [661 664 665 668 669 671 673]] [45 [677 683 686 689]] [46 [690 691 692 698 700 701 702 703]] [47 [705 706 707 709 715 717]] [48 [724 725 732 733 734]] [49 [735 738 739 740 743 744 745]] [50 [751 753 755 759 760 763]] [51 [765 767 770 773 774 775 776 779]] [52 [782 783 785 786 787 789 790]] [53 [798 799 800 801 802 803 805 806 808]] [54 [811 814 815 819 821 822 823 824]] [55 [826 827 828 830 833 836 837]] [56 [842 844 847 848 852]] [57 [855 856 857 859 860 863 865 868 869]] [58 [870 871 872 873 878 880 883]] [59 [888 890 891 892 895 896 898]] [60 [902 903 908 909 911 912 913 914]] [61 [918 920 922 925 926 928]] [62 [930 932 934 936 939 941]] [63 [945 947 950 951 953 955 957 958]] [64 [960 962 963 967 968 969 970 971 972]] [65 [976 979 980 984 985 986 988]] [66 [992 993 998 1000 1002]] [67 [1007 1008 1012 1014 1015]] [68 [1020 1022 1024 1026 1027 1028 1029 1030 1033]] [69 [1035 1037 1038 1039 1040 1046 1047]] [70 [1050 1056 1058 1059 1063 1064]] [71 [1065 1067 1069 1070 1071 1072 1074 1075 1076]] [72 [1081 1082 1083 1084 1086 1090 1094]] [73 [1095 1096 1098 1099 1100 1101 1104 1107 1108 1109]] [74 [1111 1115 1116 1119 1121 1122 1123]] [75 [1126 1127 1128 1129 1130 1131 1137 1138]] [76 [1140 1142 1143 1147 1149 1153]] [77 [1155 1156 1157 1161 1163]] [78 [1170 1173 1175 1177 1181]] [79 [1189 1190 1192 1193 1194 1198 1199]] [80 [1200 1201 1204 1206 1208 1210 1211 1212 1213]] [81 [1217 1220 1221 1222 1223 1224 1225]] [82 [1230 1231 1240 1243 1244]] [83 [1245 1248 1249 1250 1255 1259]] [84 [1264 1265 1266 1271 1272 1274]] [85 [1275 1276 1277 1284 1285 1287]] [86 [1290 1292 1293 1294 1296 1300 1302 1303 1304]] [87 [1306 1308 1311 1317 1318 1319]] [88 [1321 1322 1323 1324 1325 1327 1330 1331 1334]] [89 [1337 1338 1340 1341 1343 1346]] [90 [1350 1351 1355 1356 1358 1359 1361]] [91 [1368 1369 1370 1372 1374 1375 1377]] [92 [1380 1383 1384 1385 1386 1389 1391 1392 1394]] [93 [1397 1398 1399 1400 1402 1404 1406 1409]] [94 [1410 1412 1413 1414 1415 1416 1419 1422 1423 1424]] [95 [1426 1428 1429 1431 1433 1436 1437 1439]] [96 [1440 1441 1442 1444 1445 1450 1452 1453 1454]] [97 [1455 1457 1459 1464 1467 1468 1469]] [98 [1470 1471 1476 1478 1483]] [99 [1485 1486 1487 1490 1491 1494 1495 1496 1499]]]",,"[[{citizen 17} [[""A"" [4 0]]]] [{citizen 26} [[""A"" [4 5]]]] [{citizen 34} [[""A"" [0 0]]]] [{media 50} [[""A"" [0 0]]]] [{media 51} [[""A"" [3 3]]]] [{media 52} [[""A"" [3 3]]]] [{media 53} [[""A"" [1 1]]]] [{media 55} [[""A"" [2 2]]]] [{media 56} [[""A"" [5 5]]]] [{media 57} [[""A"" [1 1]]]] [{media 58} [[""A"" [4 4]]]] [{media 60} [[""A"" [3 3]]]] [{media 62} [[""A"" [4 4]]]] [{media 64} [[""A"" [5 5]]]] [{citizen 0} [[""A"" [0 0]]]] [{citizen 2} [[""A"" [0 0]]]] [{citizen 7} [[""A"" [4 5]]]] [{media 61} [[""A"" [0 0]]]] [{citizen 3} [[""A"" [0 1]]]] [{citizen 1} [[""A"" [4 5]]]] [{media 63} [[""A"" [5 5]]]] [{citizen 39} [[""A"" [0 1]]]] [{citizen 45} [[""A"" [2 0]]]] [{citizen 36} [[""A"" [4 5]]]] [{citizen 5} [[""A"" [4 5]]]] [{citizen 4} [[""A"" [5 5]]]] [{citizen 27} [[""A"" [0 1]]]] [{citizen 6} [[""A"" [0 0]]]] [{citizen 22} [[""A"" [4 5]]]] [{citizen 48} [[""A"" [5 0]]]] [{citizen 12} [[""A"" [1 0]]]] [{citizen 47} [[""A"" [1 0]]]] [{citizen 38} [[""A"" [5 3]]]] [{citizen 13} [[""A"" [4 5]]]] [{citizen 11} [[""A"" [4 5]]]] [{citizen 49} [[""A"" [5 0]]]] [{citizen 35} [[""A"" [4 5]]]] [{citizen 25} [[""A"" [1 0]]]] [{citizen 37} [[""A"" [0 0]]]] [{citizen 8} [[""A"" [0 0]]]] [{citizen 31} [[""A"" [0 0]]]] [{media 59} [[""A"" [6 6]]]] [{media 54} [[""A"" [0 0]]]] [{citizen 19} [[""A"" [0 1]]]] [{citizen 28} [[""A"" [5 3]]]] [{citizen 44} [[""A"" [4 5]]]] [{citizen 40} [[""A"" [5 3]]]] [{citizen 21} [[""A"" [5 3]]]] [{citizen 20} [[""A"" [2 0]]]] [{citizen 9} [[""A"" [4 5]]]] [{citizen 15} [[""A"" [0 1]]]] [{citizen 18} [[""A"" [4 5]]]] [{citizen 42} [[""A"" [4 5]]]] [{citizen 16} [[""A"" [5 3]]]] [{citizen 46} [[""A"" [0 1]]]] [{citizen 41} [[""A"" [4 5]]]] [{citizen 43} [[""A"" [0 0]]]] [{citizen 30} [[""A"" [0 0]]]] [{citizen 23} [[""A"" [1 0]]]] [{citizen 33} [[""A"" [4 0]]]] [{citizen 24} [[""A"" [4 5]]]] [{citizen 10} [[""A"" [0 1]]]] [{citizen 32} [[""A"" [4 5]]]] [{citizen 29} [[""A"" [0 0]]]]]"
"15","[255 0 0]","14.693877551020408","3.37979342550705","13.49727545826643","""circle""","""""","9.9","{breed citizens}","false","0.5","1","""up""",,"[[""ID"" 46] [""alpha"" 1] [""beta"" 1] [""malleable"" [""A""]] [""prior"" []] [""cont_tokens"" []] [""A"" 0]]","[[0 [0 3 4 5 6 7 8 12 13 14]] [1 [15 16 17 18 19 20 21 22 23 24 25 26 27 28 29]] [2 [31 32 33 35 36 37 38 40 41 42 43 44]] [3 [45 46 47 48 49 50 51 52 53 54 55 56 57 58 59]] [4 [60 61 62 63 64 65 66 67 68 69 70 71 72 73 74]] [5 [75 76 77 78 79 80 81 82 83 84 85 87 88 89]] [6 [90 91 92 93 94 95 96 97 98 99 100 101 102 103 104]] [7 [105 107 109 110 111 112 113 114 115 116 119]] [8 [120 121 122 123 124 125 127 128 129 132 134]] [9 [135 137 138 139 140 142 144 145 146 147 148 149]] [10 [150 151 152 153 154 155 156 158 159 160 161 162 163 164]] [11 [165 166 167 168 169 170 171 172 173 174 175 176 177 178 179]] [12 [180 181 182 183 184 185 186 187 188 189 190 191 192 193 194]] [13 [195 196 197 198 199 200 203 205 207 208 209]] [14 [210 211 212 213 214 216 218 219 221 222 223 224]] [15 [225 226 227 228 229 231 232 233 234 235 236 237 238 239]] [16 [240 241 242 243 244 245 246 247 248 249 250 251 252 253 254]] [17 [255 256 257 258 259 260 261 262 263 264 265 266 267 268 269]] [18 [270 271 272 273 274 275 276 277 278 279 280 281 282 283 284]] [19 [285 286 287 288 289 290 291 292 293 294 295 296 297 298 299]] [20 [300 301 302 303 304 305 306 307 308 309 310 311 312 313 314]] [21 [315 316 317 318 319 320 321 322 323 324 325 326 327 328 329]] [22 [330 331 332 333 334 335 336 337 338 339 340 341 342 343 344]] [23 [345 346 347 348 349 350 351 352 353 354 355 356 357 358 359]] [24 [360 361 362 363 364 365 366 367 368 369 370 371 372 373 374]] [25 [375 376 377 378 379 380 381 382 383 384 385 386 387 388 389]] [26 [390 391 392 393 394 395 396 397 398 399 400 401 402 403 404]] [27 [405 406 407 408 409 410 411 412 413 414 415 416 417 418 419]] [28 [420 421 422 423 424 425 427 428 429 430 431 432 433 434]] [29 [435 436 437 438 439 440 441 442 443 444 445 446 447 448 449]] [30 [450 451 452 453 454 455 456 457 458 459 460 461 462 463 464]] [31 [465 466 467 468 469 470 471 472 473 474 475 476 477 478 479]] [32 [480 481 482 485 486 487 488 489 490 491 492 493 494]] [33 [495 496 497 498 499 500 501 502 503 504 505 506 507 508 509]] [34 [510 511 512 513 514 515 516 517 518 519 520 521 522 523 524]] [35 [525 526 527 528 529 530 531 532 533 534 535 536 537 538 539]] [36 [540 541 542 543 544 545 546 547 548 549 550 551 552 553 554]] [37 [555 556 557 558 559 561 562 563 564 565 566 567 568 569]] [38 [570 571 572 573 574 575 576 577 578 579 581 582]] [39 [586 587 589 590 591 594 596 597 598]] [40 [600 601 602 603 604 605 606 607 608 609 612 613 614]] [41 [615 616 617 618 619 620 621 622 623 624 625 626 627 628 629]] [42 [630 631 632 633 634 635 636 637 638 639 640 641 642 643 644]] [43 [645 646 647 648 649 650 651 652 653 654 655 656 657 658 659]] [44 [660 661 662 663 664 665 666 667 668 669 670 671 672 673 674]] [45 [676 677 678 679 680 681 682 683 684 685 686 687 688 689]] [46 [690 691 692 693 694 695 696 697 698 699 700 701 702 703 704]] [47 [705 706 707 708 709 710 711 712 713 714 715 716 717 718 719]] [48 [720 721 722 723 724 725 726 727 728 729 730 731 732 733 734]] [49 [735 736 737 738 739 740 742 743 744 745 746 747 748 749]] [50 [750 751 752 753 754 755 756 757 758 759 760 761 762 763 764]] [51 [765 766 767 768 769 770 771 772 773 774 775 776 777 778 779]] [52 [780 781 782 783 784 785 786 787 788 789 790 791 792 793 794]] [53 [795 796 797 798 799 800 801 802 803 804 805 806 807 808 809]] [54 [810 811 812 813 814 815 816 817 818 819 820 821 822 823 824]] [55 [825 826 827 828 829 830 831 832 833 834 835 836 837 838 839]] [56 [840 841 842 843 844 845 846 847 848 849 850 851 852 853 854]] [57 [855 856 857 858 859 860 861 862 863 864 865 866 867 868 869]] [58 [870 871 872 873 874 875 876 877 878 879 880 881 882 883 884]] [59 [885 886 887 888 889 890 891 892 893 894 895 896 897 898 899]] [60 [900 901 902 903 904 905 906 907 908 909 910 911 912 913 914]] [61 [915 916 917 918 919 920 921 922 923 924 925 926 927 928 929]] [62 [930 931 932 933 934 935 936 937 938 939 940 941 942 943 944]] [63 [945 946 947 948 949 950 951 952 953 954 955 956 957 958 959]] [64 [960 961 962 963 964 965 966 967 968 969 970 971 972 973 974]] [65 [975 976 977 978 979 980 981 982 983 984 985 986 987 988 989]] [66 [990 991 992 993 994 995 996 997 998 999 1000 1001 1002 1003 1004]] [67 [1005 1006 1007 1008 1009 1010 1011 1012 1013 1014 1015 1016 1017 1018 1019]] [68 [1020 1021 1022 1023 1024 1025 1026 1027 1028 1029 1030 1031 1032 1033]] [69 [1035 1036 1037 1038 1039 1040 1041 1043 1045 1046 1047 1048]] [70 [1050 1051 1052 1053 1054 1055 1056 1057 1058 1059 1060 1062 1063 1064]] [71 [1065 1067 1068 1069 1070 1071 1072 1073 1074 1075 1076 1077 1078 1079]] [72 [1080 1081 1082 1083 1084 1085 1086 1087 1088 1089 1090 1091 1092 1093 1094]] [73 [1095 1096 1098 1099 1100 1101 1104 1105 1106 1107 1108 1109]] [74 [1110 1111 1112 1113 1114 1115 1116 1117 1118 1119 1120 1121 1122 1123 1124]] [75 [1125 1126 1127 1128 1129 1130 1131 1132 1134 1135 1136 1137 1138 1139]] [76 [1140 1141 1142 1143 1144 1145 1146 1147 1148 1149 1150 1151 1152 1153 1154]] [77 [1155 1156 1157 1158 1159 1160 1161 1162 1163 1164 1165 1166 1167 1168 1169]] [78 [1170 1171 1172 1173 1174 1175 1176 1177 1178 1179 1180 1181 1182 1183 1184]] [79 [1185 1186 1187 1188 1189 1190 1191 1192 1193 1194 1195 1196 1197 1198 1199]] [80 [1200 1201 1202 1203 1204 1205 1206 1207 1208 1209 1210 1211 1212 1213 1214]] [81 [1215 1217 1218 1219 1220 1221 1222 1223 1224 1225 1226 1227 1228 1229]] [82 [1230 1231 1232 1233 1234 1235 1236 1237 1238 1239 1240 1241 1242 1243 1244]] [83 [1245 1246 1247 1248 1249 1250 1251 1252 1253 1254 1255 1256 1257 1258 1259]] [84 [1260 1261 1262 1263 1264 1265 1266 1267 1268 1269 1270 1271 1272 1273 1274]] [85 [1275 1276 1277 1278 1279 1280 1281 1282 1283 1284 1285 1286 1287 1288 1289]] [86 [1290 1291 1292 1293 1294 1295 1296 1297 1298 1299 1300 1301 1302 1303 1304]] [87 [1305 1306 1307 1308 1309 1310 1311 1312 1313 1314 1315 1316 1317 1318 1319]] [88 [1320 1321 1322 1323 1324 1325 1326 1327 1328 1330 1331 1332 1333 1334]] [89 [1335 1336 1337 1338 1339 1340 1341 1342 1343 1344 1345 1346 1347 1348 1349]] [90 [1350 1351 1352 1353 1354 1355 1356 1357 1358 1359 1360 1361 1362 1363 1364]] [91 [1365 1366 1367 1368 1369 1370 1371 1372 1373 1374 1375 1376 1377 1378 1379]] [92 [1380 1381 1382 1383 1384 1385 1386 1387 1388 1389 1390 1391 1392 1393 1394]] [93 [1395 1396 1397 1398 1399 1400 1401 1402 1403 1404 1405 1406 1407 1408 1409]] [94 [1410 1411 1412 1413 1414 1415 1416 1417 1418 1419 1420 1421 1422 1423 1424]] [95 [1425 1426 1427 1428 1429 1430 1431 1432 1433 1434 1435 1436 1437 1438 1439]] [96 [1440 1441 1442 1444 1445 1446 1447 1448 1449 1450 1451 1452 1453 1454]] [97 [1455 1456 1457 1458 1459 1460 1461 1462 1463 1464 1465 1466 1467 1468 1469]] [98 [1470 1471 1472 1473 1474 1475 1476 1477 1478 1479 1480 1482 1483]] [99 [1485 1486 1487 1490 1491 1492 1493 1494 1495 1496 1497 1498 1499]]]","[[0 [3 7 13 14]] [1 [15 17 18 19 24 27]] [2 [31 32 33 35 36 38 41 42]] [3 [45 46 50 51 52 56 57 59]] [4 [60 62 63 64 67 68 71 72]] [5 [77 79 81 82 83 84 85 88]] [6 [92 93 96 98 99 100 101 102]] [7 [111 112 113 114 116 119]] [8 [122 123 125 127 128 129 132 134]] [9 [137 138 142 145 147 148]] [10 [150 154 155 156 159 161 162 164]] [11 [165 169 171 173 175 177]] [12 [180 182 183 184 186 187 188 190 192]] [13 [198 205 207 208]] [14 [210 212 218 219 221 222 223]] [15 [225 227 228 229 231 233 235 236 237 239]] [16 [241 243 244 247 249 251 252]] [17 [257 260 262 263 264 265 266 267]] [18 [270 271 274 276 280 283]] [19 [285 286 287 288 289 291 292 296 298]] [20 [300 306 309 310 311 312 313 314]] [21 [315 317 320 322 323 326 329]] [22 [331 332 333 335 336 338]] [23 [347 350 351 353 354 359]] [24 [360 364 366 367 368 369 371 374]] [25 [375 376 380 381 382 383 384 387 388]] [26 [393 397 399 400 401]] [27 [406 409 410 411 412 414 419]] [28 [422 424 430 432 434]] [29 [435 437 438 442 443 445 446 448]] [30 [450 451 455 458 459 461 462 463 464]] [31 [465 469 470 471 474 475]] [32 [480 485 486 487 488 489 492]] [33 [495 496 497 498 499 501 502 509]] [34 [510 512 513 516 517 519 521 522]] [35 [526 528 529 532 534 536 539]] [36 [540 543 545 546 551]] [37 [556 563 564 565 566]] [38 [575 576 577 578 581 582]] [39 [586 589 591 594 598]] [40 [600 601 602 605 606 607 608 612 613]] [41 [615 617 619 622 626 628]] [42 [630 632 633 635 636 640 643]] [43 [645 647 649 650 651 658]] [44 [661 664 665 668 669 671 673]] [45 [676 677 678 679 680 681 682 687 688]] [46 [691 692 694 699 700 701 702 703]] [47 [708 710 712 715 716 718 719]] [48 [720 721 722 723 725 729]] [49 [736 740 745 746 747 748]] [50 [750 752 754 756 757 761 764]] [51 [766 767 769 770 773 774 775 776 777 779]] [52 [782 783 785 786 787 791 792 793 794]] [53 [796 797 802 803 805 806 808]] [54 [811 814 815 819 821 822 823 824]] [55 [826 827 828 830 831 833 836 837]] [56 [842 844 846 848 850 851 853 854]] [57 [855 856 857 859 866 867]] [58 [874 875 878 880 883]] [59 [888 890 891 892 893 895 896 898 899]] [60 [901 904 905 907 910 912 913]] [61 [915 917 919 923 924 926 928]] [62 [930 932 934 936 939 941]] [63 [945 947 950 955 959]] [64 [960 962 966 973 974]] [65 [975 978 982 983 984 985 986]] [66 [990 991 994 995 996 999 1001]] [67 [1005 1006 1009 1013 1016 1019]] [68 [1021 1023 1025 1027 1028 1031 1033]] [69 [1035 1037 1038 1039 1040 1046 1047]] [70 [1050 1056 1058 1059 1062 1063 1064]] [71 [1065 1067 1069 1070 1071 1072 1074 1076]] [72 [1081 1082 1083 1084 1086 1090 1092 1094]] [73 [1095 1099 1100 1101 1104 1107]] [74 [1110 1112 1114 1116 1119 1122 1123]] [75 [1125 1126 1127 1128 1129 1130 1132 1134 1135 1136]] [76 [1140 1142 1143 1147 1149 1153]] [77 [1155 1156 1157 1161 1163 1167]] [78 [1171 1172 1174 1176 1177 1181]] [79 [1189 1190 1192 1193 1194 1198 1199]] [80 [1200 1201 1204 1206 1208 1211 1212 1213]] [81 [1217 1220 1222 1223 1224 1225 1229]] [82 [1230 1231 1238 1239 1240 1243 1244]] [83 [1245 1248 1249 1250 1255 1259]] [84 [1264 1265 1266 1271 1272 1273]] [85 [1279 1281 1283 1288 1289]] [86 [1292 1294 1296 1302 1303 1304]] [87 [1306 1307 1310 1313 1314 1315 1316]] [88 [1320 1326 1328 1332 1333]] [89 [1335 1336 1340 1341 1343 1346 1348]] [90 [1350 1351 1353 1354 1357 1359 1361]] [91 [1368 1369 1370 1371 1375 1378]] [92 [1380 1381 1382 1389 1391 1392 1394]] [93 [1398 1399 1400 1402 1404 1405 1407 1409]] [94 [1411 1416 1417 1420 1421]] [95 [1425 1430 1432 1433 1437 1439]] [96 [1440 1441 1444 1445 1450 1451 1452 1453 1454]] [97 [1455 1457 1459 1463 1464 1467]] [98 [1470 1471 1472 1473 1474 1475 1479]] [99 [1486 1487 1492 1493 1497 1498]]]",,"[[{citizen 18} [[""A"" [4 5]]]] [{media 50} [[""A"" [0 0]]]] [{media 53} [[""A"" [1 1]]]] [{media 56} [[""A"" [5 5]]]] [{media 58} [[""A"" [4 4]]]] [{media 60} [[""A"" [3 3]]]] [{media 62} [[""A"" [4 4]]]] [{media 51} [[""A"" [3 3]]]] [{citizen 6} [[""A"" [0 0]]]] [{citizen 9} [[""A"" [3 5]]]] [{media 64} [[""A"" [5 5]]]] [{citizen 1} [[""A"" [3 5]]]] [{citizen 4} [[""A"" [5 5]]]] [{media 55} [[""A"" [2 2]]]] [{media 57} [[""A"" [1 1]]]] [{citizen 36} [[""A"" [3 5]]]] [{citizen 5} [[""A"" [3 5]]]] [{citizen 27} [[""A"" [3 0]]]] [{citizen 39} [[""A"" [1 0]]]] [{citizen 3} [[""A"" [3 1]]]] [{citizen 26} [[""A"" [1 3]]]] [{citizen 7} [[""A"" [4 5]]]] [{citizen 13} [[""A"" [4 5]]]] [{citizen 47} [[""A"" [0 0]]]] [{media 52} [[""A"" [3 3]]]] [{citizen 25} [[""A"" [0 0]]]] [{citizen 14} [[""A"" [3 3]]]] [{citizen 17} [[""A"" [3 0]]]] [{citizen 40} [[""A"" [5 3]]]] [{citizen 0} [[""A"" [0 0]]]] [{citizen 24} [[""A"" [3 5]]]] [{citizen 20} [[""A"" [1 3]]]] [{citizen 10} [[""A"" [0 0]]]] [{citizen 2} [[""A"" [0 0]]]] [{media 63} [[""A"" [5 5]]]] [{citizen 37} [[""A"" [1 0]]]] [{citizen 8} [[""A"" [0 0]]]] [{citizen 31} [[""A"" [3 0]]]] [{citizen 45} [[""A"" [0 3]]]] [{citizen 19} [[""A"" [1 0]]]] [{citizen 11} [[""A"" [3 5]]]] [{media 61} [[""A"" [0 0]]]] [{citizen 22} [[""A"" [1 3]]]] [{citizen 49} [[""A"" [1 0]]]] [{media 59} [[""A"" [6 6]]]] [{media 54} [[""A"" [0 0]]]] [{citizen 48} [[""A"" [1 0]]]] [{citizen 28} [[""A"" [5 3]]]] [{citizen 44} [[""A"" [4 5]]]] [{citizen 38} [[""A"" [5 3]]]] [{citizen 21} [[""A"" [5 3]]]] [{citizen 33} [[""A"" [5 1]]]] [{citizen 16} [[""A"" [5 3]]]] [{citizen 42} [[""A"" [1 5]]]] [{citizen 41} [[""A"" [4 5]]]] [{citizen 46} [[""A"" [3 0]]]] [{citizen 34} [[""A"" [0 0]]]] [{citizen 35} [[""A"" [5 3]]]] [{citizen 30} [[""A"" [0 0]]]] [{citizen 12} [[""A"" [0 0]]]] [{citizen 43} [[""A"" [0 0]]]] [{citizen 23} [[""A"" [1 0]]]] [{citizen 29} [[""A"" [0 0]]]] [{citizen 32} [[""A"" [4 5]]]]]"
"16","[128 0 127]","24.48979591836735","6.190391328161426","12.673698345940732","""circle""","""""","9.9","{breed citizens}","false","0.5","1","""up""",,"[[""ID"" 38] [""alpha"" 1] [""beta"" 1] [""malleable"" [""A""]] [""prior"" []] [""cont_tokens"" []] [""A"" 3]]","[[0 [0 3 4 5 6 7 8 9 12 13 14]] [1 [15 16 17 18 19 20 21 22 23 24 25 26 27 28 29]] [2 [30 31 32 33 34 35 36 37 38 39 40 41 42 43 44]] [3 [45 46 47 48 49 50 51 52 53 54 55 56 57 58 59]] [4 [60 61 62 63 64 65 66 67 68 69 70 71 72 73 74]] [5 [75 76 77 78 79 80 81 82 83 84 85 86 87 88 89]] [6 [90 91 92 93 94 95 96 97 98 99 100 101 102 103 104]] [7 [105 106 107 108 109 110 111 112 113 114 115 116 119]] [8 [120 121 122 123 124 125 127 128 129 132 134]] [9 [135 137 138 139 140 142 144 145 146 147 148 149]] [10 [150 151 152 153 154 155 156 158 159 160 161 162 163 164]] [11 [165 166 167 168 169 170 171 172 173 174 175 176 177 178 179]] [12 [180 181 182 183 184 185 186 187 188 189 190 191 192 193 194]] [13 [195 196 197 198 199 200 203 205 207 208 209]] [14 [210 211 212 213 214 216 218 219 221 222 223 224]] [15 [225 226 227 228 229 231 232 233 234 235 236 237 238 239]] [16 [240 241 242 243 244 245 246 247 248 249 250 251 252 253 254]] [17 [255 256 257 258 259 260 261 262 263 264 265 266 267 268 269]] [18 [270 271 272 273 274 275 276 277 278 279 280 281 282 283 284]] [19 [285 286 287 288 289 290 291 292 293 294 295 296 297 298 299]] [20 [300 301 302 303 304 305 306 307 308 309 310 311 312 313 314]] [21 [315 316 317 318 319 320 321 322 323 324 325 326 327 328 329]] [22 [330 331 332 333 334 335 336 337 338 339 340 341 342 343 344]] [23 [345 346 347 348 349 350 351 352 353 354 355 356 357 358 359]] [24 [360 361 362 363 364 365 366 367 368 369 370 371 372 373 374]] [25 [375 376 377 378 379 380 381 382 383 384 385 386 387 388 389]] [26 [390 391 392 393 394 395 396 397 398 399 400 401 402 403 404]] [27 [405 406 407 408 409 410 411 412 413 414 415 416 417 418 419]] [28 [420 421 422 423 424 425 427 428 429 430 431 432 433 434]] [29 [435 436 437 438 439 440 441 442 443 444 445 446 447 448 449]] [30 [450 451 452 453 454 455 456 457 458 459 460 461 462 463 464]] [31 [465 466 467 468 469 470 471 472 473 474 475 478 479]] [32 [480 481 482 485 486 488 489 490 491 492 493 494]] [33 [495 496 497 498 499 500 501 502 503 504 505 506 507 508 509]] [34 [510 511 512 513 514 515 516 517 518 519 520 521 522 523 524]] [35 [525 526 527 528 529 530 531 532 533 534 535 536 537 538 539]] [36 [540 541 542 543 544 545 546 547 548 549 550 551 552 553 554]] [37 [556 558 559 561 562 563 564 565 566]] [38 [570 571 572 573 574 575 576 577 578 579 581 582]] [39 [586 587 589 590 591 594 596 597 598]] [40 [600 601 602 603 604 605 606 607 608 609 612 613 614]] [41 [615 616 617 618 619 620 621 622 623 624 625 626 627 628 629]] [42 [630 631 632 633 634 635 636 637 638 639 640 641 642 643 644]] [43 [645 646 647 648 649 650 651 652 653 654 655 656 657 658 659]] [44 [660 661 662 663 664 665 666 667 668 669 670 671 672 673 674]] [45 [675 676 677 678 679 680 681 682 683 684 685 686 687 688 689]] [46 [690 691 692 693 694 695 696 697 698 699 700 701 702 703 704]] [47 [705 706 707 708 709 710 711 712 713 714 715 716 717 718 719]] [48 [720 721 722 723 724 725 726 727 728 729 730 731 732 733 734]] [49 [735 736 737 738 739 740 742 743 744 745 746 747 748 749]] [50 [750 751 752 753 754 755 756 757 758 759 760 761 762 763 764]] [51 [765 766 767 768 769 770 771 772 773 774 775 776 777 778 779]] [52 [780 781 782 783 784 785 786 787 788 789 790 791 792 793 794]] [53 [795 796 797 798 799 800 801 802 803 804 805 806 807 808 809]] [54 [810 811 812 813 814 815 816 817 818 819 820 821 822 823 824]] [55 [825 826 827 828 829 830 831 832 833 834 835 836 837 838 839]] [56 [840 841 842 843 844 845 846 847 848 849 850 851 852 853 854]] [57 [855 856 857 858 859 860 861 862 863 864 865 866 867 868 869]] [58 [870 871 872 873 874 875 876 877 878 879 880 881 882 883 884]] [59 [885 886 887 888 889 890 891 892 893 894 895 896 897 898 899]] [60 [900 901 902 903 904 905 906 907 908 909 910 911 912 913 914]] [61 [915 916 917 918 919 920 921 922 923 924 925 926 927 928 929]] [62 [930 931 932 933 934 935 936 937 938 939 940 941 942 943 944]] [63 [945 946 947 948 949 950 951 953 955 956 957 958 959]] [64 [960 961 962 963 964 965 966 967 968 969 970 971 972 973 974]] [65 [975 976 977 978 979 980 981 982 983 984 985 986 987 988 989]] [66 [990 991 992 993 994 995 996 997 998 999 1000 1001 1002 1003 1004]] [67 [1005 1006 1009 1010 1011 1012 1013 1014 1015 1016 1017 1018 1019]] [68 [1020 1021 1022 1023 1024 1025 1026 1027 1028 1029 1030 1031 1032 1033 1034]] [69 [1035 1036 1037 1038 1039 1040 1041 1043 1045 1046 1047 1048]] [70 [1050 1051 1052 1053 1054 1055 1056 1057 1058 1059 1060 1062 1063 1064]] [71 [1065 1067 1068 1069 1070 1071 1072 1073 1074 1075 1076 1077 1078 1079]] [72 [1080 1081 1082 1083 1084 1085 1086 1087 1088 1089 1090 1091 1092 1093 1094]] [73 [1095 1096 1097 1098 1099 1100 1101 1102 1103 1104 1105 1106 1107 1108 1109]] [74 [1110 1111 1112 1113 1114 1115 1116 1118 1119 1120 1121 1122 1123 1124]] [75 [1125 1126 1127 1128 1129 1130 1131 1132 1134 1135 1136 1137 1138 1139]] [76 [1140 1141 1142 1143 1144 1145 1146 1147 1148 1149 1150 1151 1152 1153 1154]] [77 [1155 1156 1157 1158 1159 1160 1162 1163 1164 1165 1166 1167 1168 1169]] [78 [1170 1171 1172 1173 1174 1175 1176 1177 1178 1179 1180 1181 1182 1183 1184]] [79 [1185 1186 1187 1188 1189 1190 1191 1192 1193 1194 1195 1196 1197 1198 1199]] [80 [1200 1201 1204 1206 1208 1209 1210 1211 1212 1213 1214]] [81 [1215 1217 1218 1219 1220 1221 1222 1223 1224 1225 1226 1227 1228 1229]] [82 [1230 1231 1232 1233 1234 1235 1236 1237 1238 1239 1240 1241 1242 1243 1244]] [83 [1245 1246 1247 1248 1249 1250 1251 1252 1253 1254 1255 1257 1258 1259]] [84 [1260 1261 1262 1263 1264 1265 1266 1267 1268 1269 1270 1271 1272 1273 1274]] [85 [1275 1276 1277 1278 1279 1280 1281 1282 1283 1284 1285 1286 1287 1288 1289]] [86 [1290 1291 1292 1293 1294 1295 1296 1297 1298 1299 1300 1301 1302 1303 1304]] [87 [1305 1306 1307 1308 1309 1310 1311 1312 1313 1314 1315 1316 1317 1318 1319]] [88 [1320 1321 1322 1323 1324 1325 1326 1327 1328 1330 1331 1332 1333 1334]] [89 [1335 1336 1337 1338 1339 1340 1341 1342 1343 1344 1345 1346 1347 1348 1349]] [90 [1350 1351 1352 1353 1354 1355 1356 1357 1358 1359 1360 1361 1362 1363 1364]] [91 [1365 1366 1367 1368 1369 1370 1371 1372 1373 1374 1375 1376 1377 1378 1379]] [92 [1380 1381 1382 1383 1384 1385 1386 1387 1388 1389 1390 1391 1392 1393 1394]] [93 [1395 1396 1397 1398 1399 1400 1401 1402 1403 1404 1405 1406 1407 1408 1409]] [94 [1410 1411 1412 1413 1414 1415 1416 1417 1418 1419 1420 1421 1422 1423 1424]] [95 [1425 1426 1427 1428 1429 1430 1431 1432 1433 1434 1435 1436 1437 1438 1439]] [96 [1440 1441 1442 1444 1445 1446 1447 1448 1449 1450 1451 1452 1453 1454]] [97 [1455 1456 1457 1458 1459 1460 1461 1463 1464 1465 1467 1468 1469]] [98 [1470 1471 1472 1473 1474 1475 1476 1477 1478 1479 1480 1483]] [99 [1485 1486 1487 1488 1489 1490 1491 1492 1493 1494 1495 1496 1497 1498 1499]]]","[[0 [0 4 5 9 13 14]] [1 [15 17 18 19 20 23 27]] [2 [31 32 33 37 38 42]] [3 [45 46 50 51 53 54 55]] [4 [65 66 67 69 70 73 74]] [5 [75 76 78 80 81 82 83 84 87 88]] [6 [96 98 99 100 101 102]] [7 [111 112 113 114 116 119]] [8 [122 124 125 127 128 129 132]] [9 [135 139 140 142 145 146 147 148]] [10 [154 155 156 158 160 163]] [11 [167 168 169 170 172 174 176 179]] [12 [180 182 183 184 186 187 190 192]] [13 [195 197 199 200 203 205 207 208]] [14 [210 211 214 216 218 219 221]] [15 [227 229 231 233 235 236 237 239]] [16 [241 243 244 248 249 251 252]] [17 [257 260 262 263 264 265 266 267]] [18 [270 271 274 276 280 281 282 284]] [19 [285 286 287 289 292 294 299]] [20 [301 302 303 304 305 306 309 310 311 312 313]] [21 [316 318 319 320 322 323 325 327 328]] [22 [337 339 341 342 343 344]] [23 [345 346 347 350 351 353 354 359]] [24 [360 364 366 367 368 369 371 374]] [25 [375 376 380 382 383 384 387 388]] [26 [393 397 399 400 401 402 404]] [27 [405 406 409 410 412 414 419]] [28 [422 424 430 431 433]] [29 [435 438 440 444 446 447]] [30 [452 453 454 455 460]] [31 [466 468 472 473 478]] [32 [481 482 491 492]] [33 [495 498 499 501 506 508]] [34 [511 518 519 520 521 522 524]] [35 [526 527 529 532 535 536]] [36 [540 541 542 543 545 546 551]] [37 [556 563 564 565 566]] [38 [575 576 577 578 581 582]] [39 [587 590 591 594 597]] [40 [602 605 606 607 608 612 613]] [41 [616 620 621 623 624 625 626 627 629]] [42 [631 632 633 634 637 638 641]] [43 [646 648 652 654 655 656 659]] [44 [660 662 663 664 665 667 669 671 673]] [45 [676 678 680 682 687 688 689]] [46 [690 691 692 694 699 700 701 702 703 704]] [47 [711 713 714 716 717]] [48 [724 725 727 728 730 731 732 733 734]] [49 [736 738 739 748 749]] [50 [752 754 756 757 761 762 764]] [51 [766 767 768 769 770 774 775 776]] [52 [783 785 786 787 791 792 793 794]] [53 [796 797 802 803 805 806]] [54 [810 812 816 817 818 820 822 823 824]] [55 [826 827 828 829 830 831 833 836 837 838]] [56 [840 841 843 845 849 853 854]] [57 [855 856 857 859 860 863 865 868]] [58 [870 871 872 873 880 883]] [59 [888 890 891 892 895 896 898]] [60 [901 904 907 910 911 912 913 914]] [61 [916 917 919 928]] [62 [930 933 935 937 940 942 943 944]] [63 [946 948 949 950 955 957 958]] [64 [960 962 963 967 968 969 970 971 972]] [65 [976 977 979 980 981 987 989]] [66 [990 991 994 995 996 999 1001]] [67 [1005 1006 1009 1010 1011 1012 1014 1015]] [68 [1022 1024 1026 1027 1029 1030 1033]] [69 [1035 1037 1038 1039 1040 1046 1047]] [70 [1050 1056 1058 1059 1062 1063 1064]] [71 [1065 1069 1072 1074 1076]] [72 [1081 1082 1083 1084 1086 1089 1091 1092 1094]] [73 [1095 1098 1099 1100 1101 1104 1105 1108 1109]] [74 [1113 1115 1118 1119 1123]] [75 [1126 1127 1128 1129 1131 1137 1138]] [76 [1140 1142 1143 1147 1149 1150 1151 1152 1154]] [77 [1158 1165 1166 1168 1169]] [78 [1174 1176 1178 1180 1182 1184]] [79 [1185 1187 1190 1192 1193 1194 1198 1199]] [80 [1200 1201 1204 1206 1208 1210 1211 1212 1213 1214]] [81 [1215 1218 1219 1226 1227 1228]] [82 [1232 1233 1237 1241 1242]] [83 [1247 1248 1249 1250 1255 1259]] [84 [1264 1265 1266 1271 1273]] [85 [1278 1279 1281 1283 1286 1287]] [86 [1291 1293 1294 1296 1302 1303 1304]] [87 [1306 1308 1311 1317 1318 1319]] [88 [1321 1322 1323 1324 1325 1330 1331 1334]] [89 [1337 1338 1339 1342 1345 1348 1349]] [90 [1351 1354 1357 1358 1359 1361]] [91 [1368 1369 1372 1374 1375 1378]] [92 [1380 1383 1384 1385 1386 1390 1393 1394]] [93 [1399 1400 1402 1406 1409]] [94 [1410 1412 1413 1414 1415 1416 1417 1421]] [95 [1425 1430 1432 1433 1437 1439]] [96 [1440 1442 1444 1445 1450 1451 1452 1453 1454]] [97 [1455 1457 1459 1464 1467 1468 1469]] [98 [1470 1471 1476 1477 1478 1480 1483]] [99 [1485 1486 1487 1490 1491 1494 1495 1496 1499]]]",,"[[{citizen 33} [[""A"" [4 0]]]] [{media 50} [[""A"" [0 0]]]] [{media 51} [[""A"" [3 3]]]] [{media 52} [[""A"" [3 3]]]] [{media 53} [[""A"" [1 1]]]] [{media 55} [[""A"" [2 2]]]] [{media 56} [[""A"" [5 5]]]] [{media 57} [[""A"" [1 1]]]] [{media 58} [[""A"" [4 4]]]] [{media 60} [[""A"" [3 3]]]] [{media 62} [[""A"" [4 4]]]] [{media 64} [[""A"" [5 5]]]] [{citizen 1} [[""A"" [3 1]]]] [{citizen 2} [[""A"" [0 0]]]] [{citizen 0} [[""A"" [1 0]]]] [{citizen 3} [[""A"" [0 1]]]] [{citizen 5} [[""A"" [3 4]]]] [{citizen 26} [[""A"" [4 5]]]] [{citizen 36} [[""A"" [4 5]]]] [{citizen 4} [[""A"" [5 5]]]] [{citizen 27} [[""A"" [0 1]]]] [{citizen 6} [[""A"" [0 1]]]] [{citizen 22} [[""A"" [4 5]]]] [{citizen 48} [[""A"" [1 0]]]] [{citizen 12} [[""A"" [1 0]]]] [{citizen 47} [[""A"" [1 0]]]] [{citizen 38} [[""A"" [4 5]]]] [{citizen 39} [[""A"" [0 1]]]] [{citizen 13} [[""A"" [4 4]]]] [{citizen 17} [[""A"" [0 1]]]] [{citizen 35} [[""A"" [4 4]]]] [{citizen 11} [[""A"" [4 5]]]] [{citizen 34} [[""A"" [1 0]]]] [{citizen 14} [[""A"" [3 5]]]] [{citizen 49} [[""A"" [0 1]]]] [{citizen 25} [[""A"" [1 0]]]] [{citizen 40} [[""A"" [1 4]]]] [{citizen 24} [[""A"" [4 5]]]] [{citizen 20} [[""A"" [0 1]]]] [{citizen 9} [[""A"" [4 5]]]] [{citizen 10} [[""A"" [1 0]]]] [{media 63} [[""A"" [5 5]]]] [{citizen 37} [[""A"" [0 0]]]] [{citizen 8} [[""A"" [1 0]]]] [{citizen 7} [[""A"" [4 4]]]] [{citizen 31} [[""A"" [0 0]]]] [{citizen 45} [[""A"" [0 1]]]] [{citizen 19} [[""A"" [0 1]]]] [{media 61} [[""A"" [0 0]]]] [{media 59} [[""A"" [6 6]]]] [{citizen 42} [[""A"" [1 5]]]] [{media 54} [[""A"" [0 0]]]] [{citizen 28} [[""A"" [5 5]]]] [{citizen 44} [[""A"" [5 5]]]] [{citizen 21} [[""A"" [5 5]]]] [{citizen 32} [[""A"" [4 5]]]] [{citizen 15} [[""A"" [1 0]]]] [{citizen 18} [[""A"" [4 5]]]] [{citizen 30} [[""A"" [1 0]]]] [{citizen 46} [[""A"" [0 1]]]] [{citizen 43} [[""A"" [1 0]]]] [{citizen 41} [[""A"" [4 5]]]] [{citizen 23} [[""A"" [1 0]]]] [{citizen 29} [[""A"" [0 0]]]]]"
"17","[255 0 0]","173.38775510204084","1.623745566621819","-13.128700789259025","""circle""","""""","9.9","{breed citizens}","false","0.5","1","""up""",,"[[""ID"" 47] [""alpha"" 1] [""beta"" 1] [""malleable"" [""A""]] [""prior"" []] [""cont_tokens"" []] [""A"" 0]]","[[0 [0 3 4 5 6 7 8 9 10 12 13 14]] [1 [15 16 17 18 19 20 21 22 23 24 25 26 27 28 29]] [2 [30 31 32 33 34 35 36 37 38 39 40 41 42 43 44]] [3 [45 46 47 48 49 50 51 52 53 54 55 56 57 58 59]] [4 [60 61 62 63 64 65 66 67 68 69 70 71 72 73 74]] [5 [75 76 77 78 79 80 81 82 83 84 85 86 87 88 89]] [6 [90 91 92 93 94 95 96 97 98 99 100 101 102 103 104]] [7 [105 107 109 110 111 112 113 114 115 116 119]] [8 [120 121 122 123 124 125 127 128 129 132 134]] [9 [135 137 138 139 140 142 144 145 146 147 148 149]] [10 [150 151 152 153 154 155 156 158 159 160 161 162 163 164]] [11 [165 166 167 168 169 170 171 172 173 174 175 176 177 178 179]] [12 [180 181 182 183 184 185 186 187 188 189 190 191 192 193 194]] [13 [195 196 197 198 199 200 203 205 207 208 209]] [14 [210 211 212 213 214 216 218 219 221 222 223 224]] [15 [225 226 227 228 229 231 232 233 234 235 236 237 238 239]] [16 [240 241 242 243 244 245 246 247 248 249 250 251 252 253 254]] [17 [255 256 257 258 259 260 261 262 263 264 265 266 267 268 269]] [18 [270 271 272 273 274 275 276 277 278 279 280 281 282 283 284]] [19 [285 286 287 288 289 290 291 292 293 294 295 296 297 298 299]] [20 [300 301 302 303 304 305 306 307 308 309 310 311 312 313 314]] [21 [315 316 317 318 319 320 321 322 323 324 325 326 327 328 329]] [22 [330 331 332 333 334 335 336 337 338 339 340 341 342 343 344]] [23 [345 346 347 348 349 350 351 352 353 354 355 356 357 358 359]] [24 [360 361 362 363 364 365 366 367 368 369 370 371 372 373 374]] [25 [375 376 377 378 379 380 381 382 383 384 385 386 387 388 389]] [26 [390 391 392 393 394 395 396 397 398 399 400 401 402 403 404]] [27 [405 406 407 408 409 410 411 412 413 414 415 416 417 418 419]] [28 [420 421 422 423 424 425 427 428 429 430 431 432 433 434]] [29 [435 436 437 438 439 440 441 442 443 444 445 446 447 448 449]] [30 [450 451 452 453 454 455 456 457 458 459 460 461 462 463 464]] [31 [465 466 467 468 469 470 471 472 473 474 475 478 479]] [32 [480 481 482 485 486 487 488 489 490 491 492 493 494]] [33 [495 496 497 498 499 500 501 502 503 504 505 506 507 508 509]] [34 [510 511 512 513 514 515 516 517 518 519 520 521 522 523 524]] [35 [525 526 527 528 529 530 531 532 533 534 535 536 537 538 539]] [36 [540 541 542 543 544 545 546 547 548 549 550 551 552 553 554]] [37 [555 556 557 558 559 561 562 563 564 565 566]] [38 [570 571 572 573 574 575 576 577 578 579 581 582]] [39 [586 587 589 590 591 594 596 597 598]] [40 [600 601 602 603 604 605 606 607 608 609 612 613 614]] [41 [615 616 617 618 619 620 621 622 623 624 625 626 627 628 629]] [42 [630 631 632 633 634 635 636 637 638 639 640 641 642 643 644]] [43 [645 646 647 648 649 650 651 652 653 654 655 656 657 658 659]] [44 [660 661 662 663 664 665 666 667 668 669 670 671 672 673 674]] [45 [675 676 677 678 679 680 681 682 683 684 685 686 687 688 689]] [46 [690 691 692 693 694 695 696 697 698 699 700 701 702 703 704]] [47 [705 706 707 708 709 710 711 712 713 714 715 716 717 718 719]] [48 [720 721 722 723 724 725 726 727 728 729 730 731 732 733 734]] [49 [735 736 737 738 739 740 742 743 744 745 746 747 748 749]] [50 [750 751 752 753 754 755 756 757 758 759 760 761 762 763 764]] [51 [765 766 767 768 769 770 771 772 773 774 775 776 777 778 779]] [52 [780 781 782 783 784 785 786 787 788 789 790 791 792 793 794]] [53 [795 796 797 798 799 800 801 802 803 804 805 806 807 808 809]] [54 [810 811 812 813 814 815 816 817 818 819 820 821 822 823 824]] [55 [825 826 827 828 829 830 831 832 833 834 835 836 837 838 839]] [56 [840 841 842 843 844 845 846 847 848 849 850 851 852 853 854]] [57 [855 856 857 858 859 860 862 863 864 865 866 867 868 869]] [58 [870 871 872 873 874 875 876 877 878 879 880 881 882 883 884]] [59 [885 886 887 888 889 890 891 892 893 894 895 896 897 898 899]] [60 [900 901 902 903 904 905 906 907 908 909 910 911 912 913 914]] [61 [915 916 917 918 919 920 921 922 923 924 925 926 927 928 929]] [62 [930 931 932 933 934 935 936 937 938 939 940 941 942 943 944]] [63 [945 946 947 948 949 950 951 953 955 956 957 958 959]] [64 [960 961 962 963 964 965 966 967 968 969 970 971 972 973 974]] [65 [975 976 977 978 979 980 981 982 983 984 985 986 987 988 989]] [66 [990 991 992 993 994 995 996 997 998 999 1000 1001 1002 1003 1004]] [67 [1005 1006 1007 1008 1009 1010 1011 1012 1013 1014 1015 1016 1017 1018 1019]] [68 [1020 1021 1022 1023 1024 1025 1026 1027 1028 1029 1030 1031 1032 1033 1034]] [69 [1035 1036 1037 1038 1039 1040 1041 1043 1045 1046 1047 1048]] [70 [1050 1051 1052 1053 1054 1055 1056 1057 1058 1059 1060 1062 1063 1064]] [71 [1065 1066 1067 1068 1069 1070 1071 1072 1073 1074 1075 1076 1077 1078 1079]] [72 [1080 1081 1082 1083 1084 1085 1086 1087 1088 1089 1090 1091 1092 1093 1094]] [73 [1095 1096 1097 1098 1099 1100 1101 1102 1103 1104 1105 1106 1107 1108 1109]] [74 [1110 1111 1112 1113 1114 1115 1116 1118 1119 1120 1121 1122 1123 1124]] [75 [1125 1126 1127 1128 1129 1130 1131 1132 1134 1135 1136 1137 1138 1139]] [76 [1140 1141 1142 1143 1144 1145 1146 1147 1148 1149 1150 1151 1152 1153 1154]] [77 [1155 1156 1157 1158 1159 1160 1162 1163 1164 1165 1166 1167 1168 1169]] [78 [1170 1171 1172 1173 1174 1175 1176 1177 1178 1179 1180 1181 1182 1183 1184]] [79 [1185 1186 1187 1188 1189 1190 1191 1192 1193 1194 1195 1196 1197 1198 1199]] [80 [1200 1201 1202 1203 1204 1205 1206 1207 1208 1209 1210 1211 1212 1213 1214]] [81 [1215 1217 1218 1219 1220 1221 1222 1223 1224 1225 1226 1227 1228 1229]] [82 [1230 1231 1232 1233 1234 1235 1236 1237 1238 1239 1240 1241 1242 1243 1244]] [83 [1245 1246 1247 1248 1249 1250 1251 1252 1253 1254 1255 1256 1257 1258 1259]] [84 [1260 1261 1262 1263 1264 1265 1266 1267 1268 1269 1270 1271 1272 1273 1274]] [85 [1275 1276 1277 1278 1279 1280 1281 1282 1283 1284 1285 1286 1287 1288 1289]] [86 [1290 1291 1292 1293 1294 1295 1296 1297 1298 1299 1300 1301 1302 1303 1304]] [87 [1305 1306 1307 1308 1309 1310 1311 1312 1313 1314 1315 1316 1317 1318 1319]] [88 [1320 1321 1322 1323 1324 1325 1326 1327 1328 1330 1331 1332 1333 1334]] [89 [1335 1336 1337 1338 1339 1340 1341 1342 1343 1344 1345 1346 1347 1348 1349]] [90 [1350 1351 1352 1353 1354 1355 1356 1357 1358 1359 1360 1361 1362 1363 1364]] [91 [1365 1366 1367 1368 1369 1370 1371 1372 1373 1374 1375 1376 1377 1378 1379]] [92 [1380 1381 1382 1383 1384 1385 1386 1387 1388 1389 1390 1391 1392 1393 1394]] [93 [1395 1396 1397 1398 1399 1400 1401 1402 1403 1404 1405 1406 1407 1408 1409]] [94 [1410 1411 1412 1413 1414 1415 1416 1417 1418 1419 1420 1421 1422 1423 1424]] [95 [1425 1426 1428 1429 1430 1431 1432 1433 1434 1435 1436 1437 1438 1439]] [96 [1440 1441 1442 1444 1445 1446 1447 1448 1449 1450 1451 1452 1453 1454]] [97 [1455 1456 1457 1458 1459 1460 1461 1463 1464 1465 1467 1468 1469]] [98 [1470 1471 1472 1473 1474 1475 1476 1477 1478 1479 1480 1483]] [99 [1485 1486 1487 1488 1489 1490 1491 1492 1493 1494 1495 1496 1497 1498 1499]]]","[[0 [3 7 10 13 14]] [1 [15 17 18 19 20 23 27]] [2 [31 32 33 35 36 40 43 44]] [3 [47 48 49 50 51 52 56 57 59]] [4 [60 62 63 64 67 69 70 73 74]] [5 [75 76 78 80 82 83 84 87]] [6 [90 91 92 93 96 98 99 100 101 102]] [7 [111 112 113 114 115 116 119]] [8 [122 123 125 127 128 132 134]] [9 [137 139 140 142 145 147 148]] [10 [150 154 155 156 158 160 162]] [11 [166 167 168 171 173 177 178 179]] [12 [180 183 184 185 186 187 188 190 192]] [13 [198 205 207 208]] [14 [210 211 212 218 219 221 222 223]] [15 [225 227 229 231 233 235 236 237 239]] [16 [241 243 244 247 249 251 252]] [17 [256 258 259 261 269]] [18 [272 273 277 278 283]] [19 [287 288 290 293 295 297 299]] [20 [301 302 304 305 307]] [21 [315 317 319 320 322 323 326 329]] [22 [331 332 333 335 336 338]] [23 [345 346 348 349 352 355 358 359]] [24 [360 364 366 367 369 371 374]] [25 [375 376 380 381 383 387 389]] [26 [390 391 392 394 395 396 400 401]] [27 [406 409 410 412 414 419]] [28 [421 422 424 430 432 434]] [29 [435 437 438 441 442 443 447 448]] [30 [450 451 452 453 455 460]] [31 [466 467 469 470 471 474 475]] [32 [480 485 486 487 488 489 492]] [33 [495 496 497 498 499 501 502 504 505 507 509]] [34 [510 513 514 515 518 519 521 522 524]] [35 [527 529 532 534 536 539]] [36 [540 541 542 543 545 546 551]] [37 [556 558 559 561 562 563 564 565 566]] [38 [575 576 577 578 581 582]] [39 [587 589 591 594 598]] [40 [600 601 602 605 606 607 608 612 613]] [41 [616 618 620 621 623 624 625 627 629]] [42 [631 633 635 636 640 642 643]] [43 [645 647 650 651 655 656 659]] [44 [660 662 663 664 665 668 669 671 673]] [45 [676 677 683 686 688 689]] [46 [690 691 692 694 699 700]] [47 [705 706 707 709 710 712 715 717]] [48 [724 725 727 728 730 731 732 733 734]] [49 [735 738 739 740 743 744 745 746 747 748 749]] [50 [750 751 753 758 762 763]] [51 [765 767 769 770 773 774 775 776 777 779]] [52 [782 783 785 786 788 794]] [53 [795 797 802 803 804 805 806 808]] [54 [811 814 815 819 821 824]] [55 [826 827 828 829 830 831 833 836 837]] [56 [842 844 846 847 848 851 852]] [57 [855 856 857 859 860 863 864 865 868 869]] [58 [870 871 872 873 880 883]] [59 [888 890 891 892 893 894]] [60 [900 902 903 908 909 911 913 914]] [61 [918 921 922 925 926 928 929]] [62 [930 935 937 940 941 942 943 944]] [63 [946 948 949 950 951 953 955 959]] [64 [960 962 963 967 968 969 970 971 972]] [65 [976 977 979 980 981 987 989]] [66 [990 991 994 995 997 1000 1002 1003 1004]] [67 [1005 1006 1009 1010 1011 1012 1014 1015]] [68 [1020 1022 1024 1026 1030 1033]] [69 [1035 1037 1038 1039 1040 1046 1047]] [70 [1050 1056 1058 1059 1063 1064]] [71 [1065 1067 1070 1071 1072 1077 1078 1079]] [72 [1080 1081 1082 1083 1084 1086 1089 1091 1092 1094]] [73 [1095 1096 1098 1099 1100 1101 1104 1105 1108 1109]] [74 [1111 1115 1118 1120 1124]] [75 [1130 1131 1132 1134 1135 1136 1138]] [76 [1140 1142 1144 1146 1148 1150 1151 1152 1154]] [77 [1158 1164 1165 1166 1168 1169]] [78 [1171 1172 1174 1176 1178 1180 1182 1184]] [79 [1185 1187 1190 1192 1193 1194 1198 1199]] [80 [1200 1201 1204 1206 1208 1211 1212 1213 1214]] [81 [1215 1218 1219 1220 1221 1222 1223 1224 1225]] [82 [1230 1231 1240 1243 1244]] [83 [1245 1246 1251 1252 1253 1254]] [84 [1260 1262 1263 1268 1270 1274]] [85 [1275 1276 1277 1280 1281 1283 1288 1289]] [86 [1292 1294 1299 1301]] [87 [1305 1309 1312 1315 1316 1319]] [88 [1321 1322 1323 1324 1325 1327 1330 1331 1334]] [89 [1337 1338 1339 1342 1344 1345 1347 1349]] [90 [1352 1355 1356 1358 1359 1361]] [91 [1368 1369 1373 1376 1377 1379]] [92 [1382 1389 1391 1392 1394]] [93 [1398 1404 1407 1409]] [94 [1410 1412 1413 1414 1415 1416 1417 1422 1423 1424]] [95 [1426 1429 1431 1433 1435 1438 1439]] [96 [1440 1441 1442 1444 1445 1450 1451 1452 1453 1454]] [97 [1455 1457 1459 1464 1467 1468 1469]] [98 [1470 1471 1476 1478 1483]] [99 [1485 1486 1487 1492 1493 1497 1498]]]",,"[[{citizen 24} [[""A"" [4 5]]]] [{citizen 25} [[""A"" [1 0]]]] [{citizen 39} [[""A"" [0 1]]]] [{citizen 40} [[""A"" [5 3]]]] [{citizen 41} [[""A"" [5 5]]]] [{citizen 45} [[""A"" [1 3]]]] [{media 50} [[""A"" [0 0]]]] [{media 51} [[""A"" [3 3]]]] [{media 52} [[""A"" [3 3]]]] [{media 53} [[""A"" [1 1]]]] [{media 55} [[""A"" [2 2]]]] [{media 56} [[""A"" [5 5]]]] [{media 57} [[""A"" [1 1]]]] [{media 58} [[""A"" [4 4]]]] [{media 60} [[""A"" [3 3]]]] [{media 62} [[""A"" [4 4]]]] [{media 64} [[""A"" [5 5]]]] [{citizen 6} [[""A"" [0 1]]]] [{citizen 1} [[""A"" [5 5]]]] [{citizen 4} [[""A"" [5 5]]]] [{citizen 14} [[""A"" [5 3]]]] [{citizen 0} [[""A"" [1 0]]]] [{citizen 3} [[""A"" [0 1]]]] [{media 63} [[""A"" [5 5]]]] [{citizen 26} [[""A"" [5 5]]]] [{citizen 36} [[""A"" [5 3]]]] [{citizen 5} [[""A"" [5 5]]]] [{citizen 27} [[""A"" [0 1]]]] [{citizen 22} [[""A"" [4 5]]]] [{citizen 48} [[""A"" [1 0]]]] [{citizen 12} [[""A"" [1 0]]]] [{citizen 47} [[""A"" [1 0]]]] [{citizen 7} [[""A"" [5 5]]]] [{citizen 13} [[""A"" [5 3]]]] [{citizen 11} [[""A"" [4 5]]]] [{citizen 49} [[""A"" [0 1]]]] [{citizen 37} [[""A"" [0 0]]]] [{citizen 8} [[""A"" [0 0]]]] [{citizen 2} [[""A"" [1 0]]]] [{citizen 31} [[""A"" [0 0]]]] [{citizen 19} [[""A"" [0 1]]]] [{media 61} [[""A"" [0 0]]]] [{media 59} [[""A"" [6 6]]]] [{citizen 23} [[""A"" [1 0]]]] [{media 54} [[""A"" [0 0]]]] [{citizen 28} [[""A"" [5 3]]]] [{citizen 44} [[""A"" [5 5]]]] [{citizen 38} [[""A"" [5 3]]]] [{citizen 21} [[""A"" [5 3]]]] [{citizen 20} [[""A"" [1 1]]]] [{citizen 9} [[""A"" [5 5]]]] [{citizen 35} [[""A"" [5 3]]]] [{citizen 15} [[""A"" [1 0]]]] [{citizen 18} [[""A"" [4 5]]]] [{citizen 42} [[""A"" [5 3]]]] [{citizen 16} [[""A"" [5 3]]]] [{citizen 46} [[""A"" [0 1]]]] [{citizen 43} [[""A"" [0 0]]]] [{citizen 10} [[""A"" [1 0]]]] [{citizen 34} [[""A"" [0 0]]]] [{citizen 30} [[""A"" [1 0]]]] [{citizen 33} [[""A"" [1 0]]]] [{citizen 32} [[""A"" [5 5]]]] [{citizen 29} [[""A"" [0 0]]]]]"
"18","[43 0 212]","57.43970315398887","12.08146037291609","7.707659417801312","""circle""","""""","9.9","{breed citizens}","false","0.5","1","""up""",,"[[""ID"" 13] [""alpha"" 1] [""beta"" 1] [""malleable"" [""A""]] [""prior"" []] [""cont_tokens"" []] [""A"" 5]]","[[0 [0 3 4 5 6 7 8 12 13 14]] [1 [15 16 17 18 19 20 21 22 23 24 25 26 27 28 29]] [2 [30 31 32 33 34 35 36 37 38 39 40 41 42 43 44]] [3 [45 46 47 48 49 50 51 52 53 54 55 56 57 58 59]] [4 [60 61 62 63 64 65 66 67 68 69 70 71 72 73 74]] [5 [75 76 77 78 79 80 81 82 83 84 85 86 87 88 89]] [6 [90 91 92 93 94 95 96 97 98 99 100 101 102 103 104]] [7 [105 107 109 110 111 112 113 114 115 116 119]] [8 [120 121 122 123 124 125 127 128 129 132 134]] [9 [135 137 138 139 140 142 144 145 146 147 148 149]] [10 [150 151 152 153 154 155 156 158 159 160 161 162 163 164]] [11 [165 166 167 168 169 170 171 172 173 174 175 176 177 178 179]] [12 [180 181 182 183 184 185 186 187 188 189 190 191 192 193 194]] [13 [195 196 197 198 199 200 203 205 207 208 209]] [14 [210 211 212 213 214 216 218 219 221 222 223 224]] [15 [225 226 227 228 229 231 232 233 234 235 236 237 238 239]] [16 [241 243 244 245 247 248 249 250 251 252 253 254]] [17 [255 256 257 258 259 260 261 262 263 264 265 266 267 268 269]] [18 [270 271 272 273 274 275 276 277 278 279 280 281 282 283 284]] [19 [285 286 287 288 289 290 291 292 293 294 295 296 297 298 299]] [20 [300 301 302 303 304 305 306 307 308 309 310 311 312 313 314]] [21 [315 316 317 318 319 320 321 322 323 324 325 326 327 328 329]] [22 [330 331 332 333 334 335 336 337 338 339 340 341 342 343 344]] [23 [345 346 347 348 349 350 351 352 353 354 355 356 357 358 359]] [24 [360 361 362 363 364 365 366 367 368 369 370 371 372 373 374]] [25 [377 378 379 382 383 384 385 386 387 388 389]] [26 [390 391 392 393 394 395 396 397 398 399 400 401 402 403 404]] [27 [405 406 407 408 409 410 411 412 413 414 415 416 417 418 419]] [28 [420 421 422 423 424 425 427 428 429 430 431 432 433 434]] [29 [435 436 437 438 439 440 441 442 443 444 445 446 447 448 449]] [30 [450 451 452 453 454 455 456 457 458 459 460 461 462 463 464]] [31 [465 466 467 468 469 470 471 472 473 474 475 476 477 478 479]] [32 [480 481 482 485 486 487 488 489 490 491 492]] [33 [495 496 497 498 499 501 502 503 504 505 506 507 508 509]] [34 [510 511 512 513 514 515 516 517 518 519 520 521 522 523 524]] [35 [525 526 527 528 529 530 531 532 533 534 535 536 537 538 539]] [36 [540 541 542 543 544 545 546 547 548 549 550 551 552 553 554]] [37 [555 556 557 558 559 561 562 563 564 565 566]] [38 [570 571 572 573 574 575 576 577 578 579 581 582]] [39 [586 587 589 590 591 594 596 597 598]] [40 [600 601 602 603 604 605 606 607 608 609 612 613 614]] [41 [615 616 617 618 619 620 621 622 623 624 625 626 627 628 629]] [42 [630 631 632 633 634 635 636 637 638 639 640 641 642 643 644]] [43 [645 647 649 650 651 652 653 654 655 656 657 658 659]] [44 [660 661 662 663 664 665 666 667 668 669 670 671 672 673 674]] [45 [676 677 678 679 680 681 682 683 684 685 686 687 688 689]] [46 [690 691 692 693 694 695 696 697 698 699 700 701 702 703 704]] [47 [705 706 707 708 709 710 711 712 713 714 715 716 717 718 719]] [48 [720 721 722 723 724 725 726 727 728 729 730 731 732 733 734]] [49 [735 736 737 738 739 740 742 743 744 745 746 747 748 749]] [50 [750 751 752 753 754 755 756 757 758 759 760 761 762 763 764]] [51 [765 766 767 768 769 770 771 772 773 774 775 776 777 778 779]] [52 [780 781 782 783 784 785 786 787 788 789 790 791 792 793 794]] [53 [795 796 797 798 799 800 801 802 803 804 805 806 807 808 809]] [54 [810 811 812 813 814 815 816 817 818 819 820 821 822 823 824]] [55 [825 826 827 828 829 830 831 832 833 834 835 836 837 838 839]] [56 [840 841 842 843 844 845 846 847 848 849 850 851 852 853 854]] [57 [855 856 857 858 859 860 862 863 864 865 866 867 868 869]] [58 [870 871 872 873 874 875 876 877 878 879 880 881 882 883 884]] [59 [885 886 887 888 889 890 891 892 893 894 895 896 897 898 899]] [60 [900 901 902 903 904 905 906 907 908 909 910 911 912 913 914]] [61 [915 916 917 918 919 920 921 922 923 924 925 926 927 928 929]] [62 [930 931 932 933 934 935 936 937 938 939 940 941 942 943 944]] [63 [945 946 947 948 949 950 951 952 953 954 955 956 957 958 959]] [64 [960 962 963 966 967 968 969 970 971 972 973 974]] [65 [975 976 977 978 979 980 981 982 983 984 985 986 987 988 989]] [66 [990 991 992 993 994 995 996 997 998 999 1000 1001 1002 1003 1004]] [67 [1005 1006 1009 1010 1011 1012 1013 1014 1015 1016 1017 1018 1019]] [68 [1020 1021 1022 1023 1024 1025 1026 1027 1028 1029 1030 1031 1032 1033 1034]] [69 [1035 1036 1037 1038 1039 1040 1041 1043 1045 1046 1047 1048]] [70 [1050 1051 1052 1053 1054 1055 1056 1057 1058 1059 1060 1062 1063 1064]] [71 [1065 1066 1067 1068 1069 1070 1071 1072 1073 1074 1075 1076 1077 1078 1079]] [72 [1080 1081 1082 1083 1084 1085 1086 1087 1088 1089 1090 1091 1092 1093 1094]] [73 [1095 1096 1098 1099 1100 1101 1104 1105 1106 1107 1108 1109]] [74 [1110 1111 1112 1113 1114 1115 1116 1118 1119 1120 1121 1122 1123 1124]] [75 [1125 1126 1127 1128 1129 1130 1131 1132 1134 1135 1136 1137 1138 1139]] [76 [1140 1141 1142 1143 1144 1145 1146 1147 1148 1149 1150 1151 1152 1153 1154]] [77 [1155 1156 1157 1158 1159 1160 1161 1162 1163 1164 1165 1166 1167 1168 1169]] [78 [1170 1171 1172 1173 1174 1175 1176 1177 1178 1179 1180 1181 1182 1183 1184]] [79 [1185 1186 1187 1188 1189 1190 1191 1192 1193 1194 1195 1196 1197 1198 1199]] [80 [1200 1201 1204 1206 1208 1209 1210 1211 1212 1213 1214]] [81 [1215 1217 1218 1219 1220 1221 1222 1223 1224 1225 1226 1227 1228 1229]] [82 [1230 1231 1232 1233 1234 1235 1236 1237 1238 1239 1240 1241 1242 1243 1244]] [83 [1245 1246 1247 1248 1249 1250 1251 1252 1253 1254 1255 1257 1258 1259]] [84 [1260 1261 1262 1263 1264 1265 1266 1267 1268 1269 1270 1271 1272 1273 1274]] [85 [1275 1276 1277 1278 1279 1280 1281 1282 1283 1284 1285 1286 1287 1288 1289]] [86 [1290 1291 1292 1293 1294 1295 1296 1297 1298 1299 1300 1301 1302 1303 1304]] [87 [1305 1306 1307 1308 1309 1310 1311 1312 1313 1314 1315 1316 1317 1318 1319]] [88 [1320 1321 1322 1323 1324 1325 1326 1327 1328 1330 1331 1332 1333 1334]] [89 [1335 1336 1337 1338 1339 1340 1341 1342 1343 1344 1345 1346 1347 1348 1349]] [90 [1350 1351 1352 1353 1354 1355 1356 1357 1358 1359 1360 1361 1362 1363 1364]] [91 [1365 1366 1367 1368 1369 1370 1371 1372 1373 1374 1375 1376 1377 1378 1379]] [92 [1380 1381 1382 1383 1384 1385 1386 1387 1388 1389 1390 1391 1392 1393 1394]] [93 [1395 1396 1397 1398 1399 1400 1401 1402 1403 1404 1405 1406 1407 1408 1409]] [94 [1410 1411 1412 1413 1414 1415 1416 1417 1418 1419 1420 1421 1422 1423 1424]] [95 [1425 1426 1427 1428 1429 1430 1431 1432 1433 1434 1435 1436 1437 1438 1439]] [96 [1440 1441 1442 1444 1445 1446 1447 1448 1449 1450 1451 1452 1453 1454]] [97 [1455 1456 1457 1458 1459 1460 1461 1462 1463 1464 1465 1466 1467 1468 1469]] [98 [1470 1471 1472 1473 1474 1475 1476 1477 1478 1479 1480 1483]] [99 [1485 1486 1487 1488 1489 1490 1491 1492 1493 1494 1495 1496 1497 1498 1499]]]","[[0 [3 7 13 14]] [1 [15 17 18 19 20 23 27 29]] [2 [31 32 33 35 36 40 43 44]] [3 [47 48 56 58]] [4 [60 62 63 64 66 67 69 70 73 74]] [5 [75 76 78 80 82 83 84 87 89]] [6 [90 91 92 93 96 98 99 100 101 102]] [7 [111 112 113 115 116 119]] [8 [122 124 125 127 134]] [9 [137 138 142 145 147 148]] [10 [154 155 156 158 160 161 162]] [11 [166 169 171 173 175 177 178 179]] [12 [182 183 184 186 187 188 190 192]] [13 [195 196 197 199 200 203 205 207 208]] [14 [210 211 212 218 219 221]] [15 [226 232 233 235 236 237 239]] [16 [241 243 244 248 249 251 254]] [17 [255 258 259 261 266 267]] [18 [270 271 274 276 279 280 282 284]] [19 [285 286 287 289 291 292 296 298]] [20 [300 306 310 311 312 313]] [21 [316 318 319 320 322 323 326 329]] [22 [331 332 333 335 336 338 340 344]] [23 [345 346 348 349 352 356 357 358]] [24 [361 362 363 365 370]] [25 [377 379 385 386 388]] [26 [393 397 399 400 401]] [27 [406 409 410 412 414 419]] [28 [422 424 430 432 434]] [29 [435 437 441 442 443 445 446 448]] [30 [450 451 452 453 456 457 459 461 464]] [31 [465 467 470 471 474 475]] [32 [480 485 486 487 488 489]] [33 [495 496 497 498 499 501 502 507 509]] [34 [510 514 517 519 520 521 522 524]] [35 [527 529 532 534 536 539]] [36 [540 541 542 543 545 546 551]] [37 [556 563 564 566]] [38 [575 576 577 578 582]] [39 [586 589 596 597 598]] [40 [600 601 602 605 606 607 608 612 613]] [41 [615 618 620 621 624 625 627 629]] [42 [631 632 633 635 636 640 643]] [43 [645 647 649 650 651 658]] [44 [661 664 665 668 669 671 673]] [45 [676 677 683 686 688 689]] [46 [690 691 692 694 699 700]] [47 [705 706 707 709 710 712 715 716 717]] [48 [724 725 733 734]] [49 [735 738 739 740 743 744 745 746 747 748 749]] [50 [752 754 756 757 761 764]] [51 [766 767 769 770 774 775 776 779]] [52 [782 783 785 786 788 794]] [53 [795 797 802 803 804 809]] [54 [810 812 816 817 818 820 822 823 824]] [55 [826 827 828 829 830 831 833 836 837]] [56 [842 844 847 848 850 851 852]] [57 [855 856 857 859 863 865 868 869]] [58 [870 871 872 873 880 881 882]] [59 [885 886 887 889 893 894]] [60 [900 902 903 908 909 911 912 913 914]] [61 [916 918 920 921 922 925 927]] [62 [931 932 938 939 941]] [63 [945 947 950 955 957 958]] [64 [960 962 963 966 973 974]] [65 [975 978 982 983 985 986]] [66 [991 994 995 996 999 1001]] [67 [1006 1009 1010 1011 1012 1014 1015]] [68 [1020 1022 1024 1026 1027 1028 1029 1030 1033]] [69 [1035 1037 1038 1039 1040 1046 1047]] [70 [1051 1052 1054 1058 1059 1063 1064]] [71 [1065 1069 1070 1071 1072 1074 1075 1076]] [72 [1081 1082 1083 1088 1089 1091 1092 1094]] [73 [1095 1099 1100 1101 1104 1105 1108 1109]] [74 [1113 1115 1116 1118 1120 1124]] [75 [1130 1131 1137 1138]] [76 [1140 1143 1147 1149 1150 1151 1152 1154]] [77 [1158 1164 1165 1166 1167 1169]] [78 [1174 1176 1177 1181 1183]] [79 [1186 1188 1190 1192 1193 1194 1198 1199]] [80 [1200 1201 1204 1206 1208 1210 1211 1212 1213 1214]] [81 [1215 1218 1219 1226 1227 1228]] [82 [1232 1233 1237 1241 1242]] [83 [1247 1248 1249 1250 1255 1259]] [84 [1264 1265 1266 1271 1273]] [85 [1279 1281 1283 1288 1289]] [86 [1290 1292 1294 1296 1300 1302 1303 1304]] [87 [1306 1308 1310 1313 1314 1315 1316 1319]] [88 [1321 1323 1324 1325 1330 1331 1334]] [89 [1337 1339 1342 1344 1348]] [90 [1350 1351 1353 1354 1357 1358 1360 1362 1363]] [91 [1365 1366 1367 1371 1372 1374 1375 1378]] [92 [1380 1381 1382 1389 1391 1392 1394]] [93 [1397 1398 1401 1403 1405 1407 1408]] [94 [1412 1413 1414 1415 1417 1420 1421]] [95 [1425 1430 1432 1433 1434 1436 1437 1439]] [96 [1440 1441 1446 1447 1448 1449]] [97 [1456 1458 1460 1461 1463 1464 1467 1468 1469]] [98 [1470 1472 1473 1474 1475 1479 1480 1483]] [99 [1485 1486 1487 1490 1491 1494 1495 1496]]]",,"[[{media 50} [[""A"" [0 0]]]] [{media 53} [[""A"" [1 1]]]] [{media 56} [[""A"" [5 5]]]] [{media 58} [[""A"" [4 4]]]] [{media 60} [[""A"" [3 3]]]] [{media 62} [[""A"" [4 4]]]] [{media 51} [[""A"" [3 3]]]] [{citizen 0} [[""A"" [0 0]]]] [{citizen 2} [[""A"" [1 0]]]] [{media 64} [[""A"" [5 5]]]] [{citizen 1} [[""A"" [4 5]]]] [{citizen 4} [[""A"" [5 5]]]] [{citizen 15} [[""A"" [1 0]]]] [{media 55} [[""A"" [2 2]]]] [{media 57} [[""A"" [1 1]]]] [{citizen 36} [[""A"" [5 3]]]] [{citizen 5} [[""A"" [4 5]]]] [{citizen 27} [[""A"" [0 1]]]] [{citizen 6} [[""A"" [1 0]]]] [{citizen 22} [[""A"" [1 5]]]] [{citizen 48} [[""A"" [1 0]]]] [{citizen 12} [[""A"" [1 0]]]] [{citizen 47} [[""A"" [1 0]]]] [{citizen 38} [[""A"" [5 3]]]] [{citizen 39} [[""A"" [1 0]]]] [{citizen 3} [[""A"" [1 0]]]] [{citizen 26} [[""A"" [4 5]]]] [{citizen 7} [[""A"" [4 5]]]] [{citizen 13} [[""A"" [5 3]]]] [{media 52} [[""A"" [3 3]]]] [{citizen 25} [[""A"" [1 0]]]] [{citizen 14} [[""A"" [5 3]]]] [{citizen 17} [[""A"" [2 0]]]] [{citizen 40} [[""A"" [5 3]]]] [{citizen 24} [[""A"" [4 5]]]] [{citizen 20} [[""A"" [2 0]]]] [{citizen 9} [[""A"" [1 5]]]] [{citizen 10} [[""A"" [1 0]]]] [{media 63} [[""A"" [5 5]]]] [{citizen 37} [[""A"" [1 0]]]] [{citizen 8} [[""A"" [0 0]]]] [{citizen 31} [[""A"" [2 0]]]] [{citizen 45} [[""A"" [0 3]]]] [{citizen 19} [[""A"" [0 1]]]] [{citizen 11} [[""A"" [2 5]]]] [{media 61} [[""A"" [0 0]]]] [{citizen 49} [[""A"" [2 1]]]] [{media 59} [[""A"" [6 6]]]] [{media 54} [[""A"" [0 0]]]] [{citizen 28} [[""A"" [5 3]]]] [{citizen 44} [[""A"" [4 5]]]] [{citizen 21} [[""A"" [5 3]]]] [{citizen 35} [[""A"" [4 3]]]] [{citizen 32} [[""A"" [4 5]]]] [{citizen 33} [[""A"" [1 0]]]] [{citizen 16} [[""A"" [5 3]]]] [{citizen 42} [[""A"" [1 3]]]] [{citizen 41} [[""A"" [4 5]]]] [{citizen 46} [[""A"" [1 0]]]] [{citizen 34} [[""A"" [0 0]]]] [{citizen 43} [[""A"" [0 0]]]] [{citizen 23} [[""A"" [1 0]]]] [{citizen 29} [[""A"" [0 0]]]] [{citizen 30} [[""A"" [0 0]]]]]"
"19","[255 0 0]","121.83673469387756","11.473736929495852","-7.729233993436653","""circle""","""""","9.9","{breed citizens}","false","0.5","1","""up""",,"[[""ID"" 3] [""alpha"" 1] [""beta"" 1] [""malleable"" [""A""]] [""prior"" []] [""cont_tokens"" []] [""A"" 0]]","[[0 [0 1 3 4 5 6 7 8 9 10 12 13 14]] [1 [15 16 17 18 19 20 21 22 23 24 25 26 27 28 29]] [2 [30 31 32 33 34 35 36 37 38 39 40 41 42 43 44]] [3 [45 46 47 48 49 50 51 52 53 54 55 56 57 58 59]] [4 [60 61 62 63 64 65 66 67 68 69 70 71 72 73 74]] [5 [75 76 77 78 79 80 81 82 83 84 85 87 88 89]] [6 [90 91 92 93 94 95 96 97 98 99 100 101 102 103 104]] [7 [105 107 109 110 111 112 113 114 115 116 119]] [8 [120 121 122 123 124 125 127 128 129 132 134]] [9 [135 137 138 139 140 142 144 145 146 147 148 149]] [10 [150 151 152 153 154 155 156 158 159 160 161 162 163 164]] [11 [165 166 167 168 169 170 171 172 173 174 175 176 177 178 179]] [12 [180 181 182 183 184 185 186 187 188 189 190 191 192 193 194]] [13 [195 196 197 198 199 200 201 202 203 204 205 206 207 208 209]] [14 [210 211 212 213 214 216 218 219 221 222 223 224]] [15 [225 226 227 228 229 231 232 233 234 235 236 237 238 239]] [16 [240 241 242 243 244 245 246 247 248 249 250 251 252 253 254]] [17 [255 256 257 258 259 260 261 262 263 264 265 266 267 268 269]] [18 [270 271 272 273 274 275 276 277 278 279 280 281 282 283 284]] [19 [285 286 287 288 289 290 291 292 293 294 295 296 297 298 299]] [20 [300 301 302 303 304 305 306 307 308 309 310 311 312 313 314]] [21 [315 316 317 318 319 320 321 322 323 324 325 326 327 328 329]] [22 [330 331 332 333 334 335 336 338 340 343 344]] [23 [345 346 347 348 349 350 351 352 353 354 355 356 357 358 359]] [24 [360 361 362 363 364 365 366 367 368 369 370 371 372 373 374]] [25 [375 376 377 378 379 380 381 382 383 384 385 386 387 388 389]] [26 [390 391 392 393 394 395 396 397 398 399 400 401 402 403 404]] [27 [405 406 407 408 409 410 411 412 413 414 415 416 417 418 419]] [28 [420 421 422 423 424 425 427 428 429 430 431 432 433 434]] [29 [435 436 437 438 439 440 441 442 443 444 445 446 447 448 449]] [30 [450 451 452 453 454 455 456 457 458 459 460 461 462 463 464]] [31 [465 466 467 468 469 470 471 472 473 474 475 476 477 478 479]] [32 [480 481 482 485 486 487 488 489 490 491 492 493 494]] [33 [495 496 497 498 499 501 502 503 504 505 506 507 508 509]] [34 [510 511 512 513 514 515 516 517 518 519 520 521 522 523 524]] [35 [525 526 527 528 529 530 531 532 533 534 535 536 537 538 539]] [36 [540 541 542 543 544 545 546 547 548 549 550 551 552 553 554]] [37 [555 556 557 558 559 561 562 563 564 565 566]] [38 [570 571 572 573 574 575 576 577 578 579 581 582]] [39 [586 587 589 590 591 594 596 597 598]] [40 [600 601 602 603 604 605 606 607 608 609 612 613 614]] [41 [615 616 617 618 619 620 621 622 623 624 625 626 627 628 629]] [42 [630 631 632 633 634 635 636 637 638 639 640 641 642 643 644]] [43 [645 646 647 648 649 650 651 652 653 654 655 656 657 658 659]] [44 [660 661 662 663 664 665 666 667 668 669 670 671 672 673 674]] [45 [675 676 677 678 679 680 681 682 683 684 685 686 687 688 689]] [46 [690 691 692 693 694 695 696 697 698 699 700 701 702 703 704]] [47 [705 706 707 708 709 710 711 712 713 714 715 716 717 718 719]] [48 [720 721 722 723 724 725 726 727 728 729 730 731 732 733 734]] [49 [735 736 737 738 739 740 742 743 744 745 746 747 748 749]] [50 [750 751 752 753 754 755 756 757 758 759 760 761 762 763 764]] [51 [765 766 767 768 769 770 771 772 773 774 775 776 777 778 779]] [52 [780 781 782 783 784 785 786 787 788 789 790 791 792 793 794]] [53 [795 796 797 798 799 800 801 802 803 804 805 806 807 808 809]] [54 [810 811 812 813 814 815 816 817 818 819 820 821 822 823 824]] [55 [825 826 827 828 829 830 831 832 833 834 835 836 837 838 839]] [56 [840 841 842 843 844 845 846 847 848 849 850 851 852 853 854]] [57 [855 856 857 858 859 860 862 863 864 865 866 867 868 869]] [58 [870 871 872 873 874 875 876 877 878 879 880 881 882 883 884]] [59 [885 886 887 888 889 890 891 892 893 894 895 896 897 898 899]] [60 [900 901 902 903 904 905 906 907 908 909 910 911 912 913 914]] [61 [915 916 917 918 919 920 921 922 923 924 925 926 927 928 929]] [62 [930 931 932 933 934 935 936 937 938 939 940 941 942 943 944]] [63 [945 946 947 948 949 950 951 953 955 956 957 958 959]] [64 [960 961 962 963 964 965 966 967 968 969 970 971 972 973 974]] [65 [976 977 979 980 981 984 985 986 987 988 989]] [66 [990 991 992 993 994 995 996 997 998 999 1000 1001 1002 1003 1004]] [67 [1005 1006 1007 1008 1009 1010 1011 1012 1013 1014 1015 1016 1017 1018 1019]] [68 [1020 1021 1022 1023 1024 1025 1026 1027 1028 1029 1030 1031 1032 1033 1034]] [69 [1035 1036 1037 1038 1039 1040 1041 1043 1045 1046 1047 1048]] [70 [1050 1051 1052 1053 1054 1055 1056 1057 1058 1059 1060 1062 1063 1064]] [71 [1065 1066 1067 1068 1069 1070 1071 1072 1073 1074 1075 1076 1077 1078 1079]] [72 [1080 1081 1082 1083 1084 1085 1086 1087 1088 1089 1090 1091 1092 1093 1094]] [73 [1095 1096 1098 1099 1100 1101 1104 1105 1106 1107 1108 1109]] [74 [1110 1111 1112 1113 1114 1115 1116 1118 1119 1120 1121 1122 1123 1124]] [75 [1125 1126 1127 1128 1129 1130 1131 1132 1134 1135 1136 1137 1138 1139]] [76 [1140 1141 1142 1143 1144 1145 1146 1147 1148 1149 1150 1151 1152 1153 1154]] [77 [1155 1156 1157 1158 1159 1160 1161 1162 1163 1164 1165 1166 1167 1168 1169]] [78 [1170 1171 1172 1173 1174 1175 1176 1177 1178 1179 1180 1181 1182 1183 1184]] [79 [1185 1186 1187 1188 1189 1190 1191 1192 1193 1194 1195 1196 1197 1198 1199]] [80 [1200 1201 1204 1206 1208 1209 1210 1211 1212 1213 1214]] [81 [1215 1217 1218 1219 1220 1221 1222 1223 1224 1225 1226 1227 1228 1229]] [82 [1230 1231 1232 1233 1234 1235 1236 1237 1238 1239 1240 1241 1242 1243 1244]] [83 [1245 1246 1247 1248 1249 1250 1251 1252 1253 1254 1255 1257 1258 1259]] [84 [1260 1261 1262 1263 1264 1265 1266 1267 1268 1269 1270 1271 1272 1273 1274]] [85 [1275 1276 1277 1280 1281 1282 1283 1284 1285 1286 1287 1288 1289]] [86 [1290 1291 1292 1293 1294 1295 1296 1297 1298 1299 1300 1301 1302 1303 1304]] [87 [1305 1306 1307 1308 1309 1310 1311 1312 1313 1314 1315 1316 1317 1318 1319]] [88 [1320 1321 1322 1323 1324 1325 1326 1327 1328 1330 1331 1332 1333 1334]] [89 [1335 1336 1337 1338 1339 1340 1341 1342 1343 1344 1345 1346 1347 1348 1349]] [90 [1350 1351 1352 1353 1354 1355 1356 1357 1358 1359 1360 1361 1362 1363 1364]] [91 [1365 1366 1368 1369 1370 1371 1372 1373 1374 1375 1376 1377 1378 1379]] [92 [1380 1381 1382 1383 1384 1385 1386 1387 1388 1389 1390 1391 1392 1393 1394]] [93 [1395 1396 1397 1398 1399 1400 1401 1402 1403 1404 1405 1406 1407 1408 1409]] [94 [1410 1411 1412 1413 1414 1415 1416 1417 1418 1419 1420 1421 1422 1423 1424]] [95 [1425 1426 1428 1429 1430 1431 1432 1433 1434 1435 1436 1437 1438 1439]] [96 [1440 1441 1442 1444 1445 1446 1447 1448 1449 1450 1451 1452 1453 1454]] [97 [1455 1456 1457 1458 1459 1460 1461 1462 1463 1464 1465 1466 1467 1468 1469]] [98 [1470 1471 1472 1473 1474 1475 1476 1477 1478 1479 1480 1483]] [99 [1485 1486 1487 1488 1489 1490 1491 1492 1493 1494 1495 1496 1497 1498 1499]]]","[[0 [0 3 5 6 8 12]] [1 [16 18 19 21 22 25 26 28]] [2 [30 34 39 41 42]] [3 [45 46 51 52 56 58]] [4 [60 63 64 66 67 68 71 72]] [5 [77 79 81 82 83 84 85 88]] [6 [91 92 93 96 98 99 100 101 102]] [7 [111 112 114 115 116 119]] [8 [122 123 125 127 128 129 132]] [9 [135 139 140 142 145 147 148]] [10 [150 154 156 158 160 162 163]] [11 [166 168 171 173 177 178 179]] [12 [181 189 191 193 194]] [13 [196 197 199 200 203 205 207 208]] [14 [210 211 212 218 219 221 222 223]] [15 [225 227 228 229 231 232 233 235 236 237 239]] [16 [241 243 244 247 251 252]] [17 [257 260 262 263 264 265 266 267]] [18 [270 271 274 276 280 282 284]] [19 [285 286 287 289 291 292 296 298]] [20 [300 306 309 310 311 312 313]] [21 [316 318 319 320 322 326 329]] [22 [330 331 332 333 335 336 338 340 344]] [23 [345 346 348 349 352 356 357]] [24 [361 362 363 364 368 369 372 373]] [25 [377 379 383 384 387 388]] [26 [393 397 399 400 401 402 404]] [27 [405 407 408 413 415 416 417]] [28 [420 423 425 427 428 429 431 433]] [29 [435 437 438 442 443 445 446 447 448]] [30 [450 451 454 455 458 459 461 464]] [31 [465 467 470 471 474 475]] [32 [480 485 486 487 488 489]] [33 [495 496 497 498 499 501 506 508]] [34 [511 515 518 520 521 522 524]] [35 [526 527 528 529 532 534 536]] [36 [540 541 542 545 546 551]] [37 [556 558 559 561 562 563 564 565 566]] [38 [575 576 577 578 579 581 582]] [39 [586 587 590 591 594 597 598]] [40 [600 601 602 605 606 607 608 612 613]] [41 [615 617 619 622 626 628]] [42 [630 633 635 636 640 643]] [43 [645 647 649 650 651 658]] [44 [661 664 665 667 668 669 671 673]] [45 [676 678 679 680 681 682 687]] [46 [693 695 696 697 704]] [47 [711 713 714 716 717]] [48 [724 725 727 728 730 731 732 733 734]] [49 [736 737 742 743 744 745]] [50 [751 753 755 759 760 763]] [51 [765 767 768 769 770 778]] [52 [780 781 784 789 790]] [53 [798 799 800 807]] [54 [811 814 815 819 821 822 823 824]] [55 [826 827 828 830 833 834 838]] [56 [840 846 847 848 851 852]] [57 [855 856 857 859 866 867]] [58 [874 875 878 881 882]] [59 [885 886 887 889 893 894]] [60 [900 902 903 908 909 911 912 913]] [61 [915 916 920 921 922 925 926 928]] [62 [930 935 937 940 941 942 943 944]] [63 [946 948 949 950 951 953 956]] [64 [961 964 965 967 968 969 970 971 972]] [65 [976 979 980 981 987 989]] [66 [990 991 994 995 997 1002 1003 1004]] [67 [1005 1006 1009 1010 1011 1012 1014 1015]] [68 [1020 1022 1024 1026 1029 1030 1033]] [69 [1035 1037 1038 1039 1040 1046 1047]] [70 [1052 1053 1054 1058 1059 1062 1063 1064]] [71 [1065 1069 1072 1078 1079]] [72 [1080 1083 1084 1086 1089 1091 1092 1094]] [73 [1095 1096 1098 1101 1104 1105 1108 1109]] [74 [1111 1115 1116 1119 1122 1123]] [75 [1126 1127 1128 1129 1131 1137 1138]] [76 [1140 1142 1143 1147 1149 1153]] [77 [1155 1156 1157 1160 1161 1163]] [78 [1170 1172 1174 1176 1178 1179 1180 1182 1184]] [79 [1185 1187 1188 1190 1192 1193 1194 1198 1199]] [80 [1200 1201 1204 1206 1208 1210 1211 1212 1213]] [81 [1217 1219 1226 1227 1228]] [82 [1232 1233 1237 1241 1242]] [83 [1245 1246 1252 1253 1254 1257 1258]] [84 [1260 1261 1262 1263 1268 1272 1274]] [85 [1275 1276 1277 1282 1284 1285 1287]] [86 [1290 1292 1293 1294 1297 1298 1299 1300 1304]] [87 [1306 1308 1311 1313 1314 1316 1319]] [88 [1321 1323 1324 1325 1327 1330 1331 1334]] [89 [1337 1338 1339 1342 1344 1345 1347 1348]] [90 [1350 1351 1353 1354 1357 1359 1361]] [91 [1368 1369 1370 1372 1374 1375 1377 1379]] [92 [1382 1389 1391 1392 1394]] [93 [1398 1399 1400 1402 1406 1409]] [94 [1410 1412 1413 1414 1415 1416 1419 1422 1423 1424]] [95 [1426 1429 1431 1435 1438 1439]] [96 [1440 1441 1442 1444 1445 1450 1452 1453 1454]] [97 [1455 1457 1459 1464 1467 1469]] [98 [1470 1471 1476 1477 1478 1483]] [99 [1485 1486 1487 1492 1493 1497 1498]]]",,"[[{citizen 35} [[""A"" [4 3]]]] [{media 50} [[""A"" [0 0]]]] [{media 51} [[""A"" [3 3]]]] [{media 52} [[""A"" [3 3]]]] [{media 53} [[""A"" [1 1]]]] [{media 55} [[""A"" [2 2]]]] [{media 56} [[""A"" [5 5]]]] [{media 58} [[""A"" [4 4]]]] [{media 60} [[""A"" [3 3]]]] [{media 62} [[""A"" [4 4]]]] [{citizen 6} [[""A"" [0 0]]]] [{citizen 11} [[""A"" [5 5]]]] [{media 61} [[""A"" [0 0]]]] [{citizen 3} [[""A"" [0 0]]]] [{media 64} [[""A"" [5 5]]]] [{citizen 1} [[""A"" [3 5]]]] [{citizen 4} [[""A"" [5 5]]]] [{citizen 0} [[""A"" [0 0]]]] [{media 63} [[""A"" [5 5]]]] [{media 57} [[""A"" [1 1]]]] [{citizen 26} [[""A"" [4 5]]]] [{citizen 37} [[""A"" [0 0]]]] [{citizen 36} [[""A"" [5 3]]]] [{citizen 5} [[""A"" [4 5]]]] [{citizen 27} [[""A"" [0 0]]]] [{citizen 22} [[""A"" [4 5]]]] [{citizen 48} [[""A"" [0 0]]]] [{citizen 12} [[""A"" [2 0]]]] [{citizen 47} [[""A"" [0 0]]]] [{citizen 38} [[""A"" [5 3]]]] [{citizen 2} [[""A"" [2 0]]]] [{citizen 39} [[""A"" [0 0]]]] [{citizen 7} [[""A"" [4 5]]]] [{citizen 13} [[""A"" [5 3]]]] [{citizen 17} [[""A"" [0 0]]]] [{citizen 25} [[""A"" [0 0]]]] [{citizen 14} [[""A"" [5 3]]]] [{citizen 40} [[""A"" [5 3]]]] [{citizen 24} [[""A"" [4 5]]]] [{citizen 20} [[""A"" [2 0]]]] [{citizen 9} [[""A"" [4 5]]]] [{citizen 10} [[""A"" [0 0]]]] [{citizen 8} [[""A"" [0 0]]]] [{citizen 31} [[""A"" [0 0]]]] [{citizen 45} [[""A"" [0 3]]]] [{citizen 49} [[""A"" [4 2]]]] [{media 59} [[""A"" [6 6]]]] [{media 54} [[""A"" [0 0]]]] [{citizen 28} [[""A"" [5 3]]]] [{citizen 44} [[""A"" [5 5]]]] [{citizen 21} [[""A"" [5 3]]]] [{citizen 15} [[""A"" [1 0]]]] [{citizen 18} [[""A"" [4 5]]]] [{citizen 42} [[""A"" [5 3]]]] [{citizen 16} [[""A"" [5 3]]]] [{citizen 46} [[""A"" [2 0]]]] [{citizen 41} [[""A"" [5 5]]]] [{citizen 43} [[""A"" [0 0]]]] [{citizen 30} [[""A"" [0 0]]]] [{citizen 23} [[""A"" [1 0]]]] [{citizen 33} [[""A"" [0 0]]]] [{citizen 34} [[""A"" [0 0]]]] [{citizen 29} [[""A"" [0 0]]]] [{citizen 32} [[""A"" [4 5]]]]]"
"20","[255 0 0]","217.9591836734694","-8.514296839209294","-11.800831200210338","""circle""","""""","9.9","{breed citizens}","false","0.5","1","""up""",,"[[""ID"" 4] [""alpha"" 1] [""beta"" 1] [""malleable"" [""A""]] [""prior"" []] [""cont_tokens"" []] [""A"" 0]]","[[0 [0 1 2 3 4 5 6 7 8 9 10 12 13 14]] [1 [15 16 17 18 19 20 21 22 23 24 25 26 27 28 29]] [2 [30 31 32 33 34 35 36 37 38 39 40 41 42 43 44]] [3 [45 46 47 48 49 50 51 52 53 54 55 56 57 58 59]] [4 [60 61 62 63 64 65 66 67 68 69 70 71 72 73 74]] [5 [75 76 77 78 79 80 81 82 83 84 85 86 87 88 89]] [6 [90 91 92 93 94 95 96 97 98 99 100 101 102 103 104]] [7 [105 106 107 108 109 110 111 112 113 114 115 116 119]] [8 [120 121 122 123 124 125 127 128 129 132 134]] [9 [135 137 138 139 140 142 144 145 146 147 148 149]] [10 [150 151 152 153 154 155 156 158 159 160 161 162 163 164]] [11 [165 166 167 168 169 170 171 172 173 174 175 176 177 178 179]] [12 [180 181 182 183 184 185 186 187 188 189 190 191 192 193 194]] [13 [195 196 197 198 199 200 203 205 207 208 209]] [14 [210 211 212 213 214 216 218 219 221 222 223 224]] [15 [225 226 227 228 229 231 232 233 234 235 236 237 238 239]] [16 [240 242 244 245 246 247 248 249 251 252 253 254]] [17 [255 256 257 258 259 260 261 262 263 264 265 266 267 268 269]] [18 [270 271 272 273 274 275 276 277 278 279 280 281 282 283 284]] [19 [285 286 287 288 289 290 291 292 293 294 295 296 297 298 299]] [20 [300 301 302 303 304 305 306 307 308 309 310 311 312 313 314]] [21 [315 316 317 318 319 320 321 322 323 324 325 326 327 328 329]] [22 [330 331 332 333 334 335 336 337 338 339 340 341 342 343 344]] [23 [345 346 347 348 349 350 351 352 353 354 355 356 357 358 359]] [24 [360 361 362 363 364 365 366 367 368 369 370 371 372 373 374]] [25 [375 376 377 378 379 380 381 382 383 384 385 386 387 388 389]] [26 [390 391 392 393 394 395 396 397 398 399 400 401 402 403 404]] [27 [405 406 407 408 409 410 411 412 413 414 415 416 417 418 419]] [28 [420 421 422 423 424 425 427 428 429 430 431 432 433 434]] [29 [435 436 437 438 439 440 441 442 443 444 445 446 447 448 449]] [30 [450 451 452 453 454 455 456 457 458 459 460 461 462 463 464]] [31 [465 466 467 468 469 470 471 472 473 474 475 478 479]] [32 [481 482 490 491 492 493 494]] [33 [495 496 497 498 499 500 501 502 503 504 505 506 507 508 509]] [34 [510 511 512 513 514 515 516 517 518 519 520 521 522 523 524]] [35 [525 526 527 528 529 530 531 532 533 534 535 536 537 538 539]] [36 [540 541 542 543 544 545 546 547 548 549 550 551 552 553 554]] [37 [555 556 557 558 559 560 561 562 563 564 565 566 567 568 569]] [38 [570 571 572 573 574 575 576 577 578 579 581 582]] [39 [586 587 589 590 591 594 596 597 598]] [40 [600 601 602 603 604 605 606 607 608 609 610 612 613 614]] [41 [615 616 617 618 619 620 621 622 623 624 625 626 627 628 629]] [42 [630 631 632 633 634 635 636 637 638 639 640 641 642 643 644]] [43 [645 646 647 648 649 650 651 652 653 654 655 656 657 658 659]] [44 [660 661 662 663 664 665 666 667 668 669 670 671 672 673 674]] [45 [675 676 677 678 679 680 681 682 683 684 685 686 687 688 689]] [46 [690 691 692 693 694 695 696 697 698 699 700 701 702 703 704]] [47 [705 706 707 708 709 710 711 712 713 714 715 716 717 718 719]] [48 [720 721 722 723 724 725 726 727 728 729 730 731 732 733 734]] [49 [735 736 737 738 739 740 742 743 744 745 746 747 748 749]] [50 [750 751 752 753 754 755 756 757 758 759 760 761 762 763 764]] [51 [765 766 767 768 769 770 771 772 773 774 775 776 777 778 779]] [52 [780 781 782 783 784 785 786 787 788 789 790 791 792 793 794]] [53 [795 796 797 798 799 800 801 802 803 804 805 806 807 808 809]] [54 [810 811 812 813 814 815 816 817 818 819 820 821 822 823 824]] [55 [825 826 827 828 829 830 831 832 833 834 835 836 837 838 839]] [56 [840 841 842 843 844 845 846 847 848 849 850 851 852 853 854]] [57 [855 856 857 858 859 860 862 863 864 865 866 867 868 869]] [58 [870 871 872 873 875 876 877 878 879 880 881 882 883 884]] [59 [885 886 887 888 889 890 891 892 893 894 895 896 897 898 899]] [60 [900 901 902 903 904 905 906 907 908 909 910 911 912 913 914]] [61 [915 916 917 918 919 920 921 922 923 924 925 926 927 928 929]] [62 [930 931 932 933 934 935 936 937 938 939 940 941 942 943 944]] [63 [945 946 947 948 949 950 951 953 955 956 957 958 959]] [64 [960 961 962 963 964 965 966 967 968 969 970 971 972 973 974]] [65 [975 976 977 978 979 980 981 982 983 984 985 986 987 988 989]] [66 [990 991 992 993 994 995 996 997 998 999 1000 1001 1002 1003 1004]] [67 [1005 1006 1007 1008 1009 1010 1011 1012 1013 1014 1015 1016 1017 1018 1019]] [68 [1020 1021 1022 1023 1024 1025 1026 1027 1028 1029 1030 1031 1032 1033 1034]] [69 [1035 1036 1037 1038 1039 1040 1041 1043 1045 1046 1047 1048]] [70 [1050 1051 1052 1053 1054 1055 1056 1057 1058 1059 1060 1062 1063 1064]] [71 [1065 1066 1067 1068 1069 1070 1071 1072 1073 1074 1075 1076 1077 1078 1079]] [72 [1080 1081 1082 1083 1084 1085 1086 1087 1088 1089 1090 1091 1092 1093 1094]] [73 [1095 1096 1097 1098 1099 1100 1101 1102 1103 1104 1105 1106 1107 1108 1109]] [74 [1110 1111 1112 1113 1114 1115 1116 1117 1118 1119 1120 1121 1122 1123 1124]] [75 [1125 1126 1127 1128 1129 1130 1131 1132 1134 1135 1136 1137 1138 1139]] [76 [1140 1141 1142 1143 1144 1145 1146 1147 1148 1149 1150 1151 1152 1153 1154]] [77 [1155 1156 1157 1158 1159 1160 1161 1162 1163 1164 1165 1166 1167 1168 1169]] [78 [1170 1171 1172 1173 1174 1175 1176 1177 1178 1179 1180 1181 1182 1183 1184]] [79 [1185 1186 1187 1188 1189 1190 1191 1192 1193 1194 1195 1196 1197 1198 1199]] [80 [1200 1201 1202 1203 1204 1205 1206 1207 1208 1209 1210 1211 1212 1213 1214]] [81 [1215 1217 1218 1219 1220 1221 1222 1223 1224 1225 1226 1227 1228 1229]] [82 [1230 1231 1232 1233 1234 1235 1236 1237 1238 1239 1240 1241 1242 1243 1244]] [83 [1245 1246 1247 1248 1249 1250 1251 1252 1253 1254 1255 1257 1258 1259]] [84 [1260 1261 1262 1263 1264 1265 1266 1267 1268 1269 1270 1271 1272 1273 1274]] [85 [1275 1276 1277 1280 1281 1282 1283 1284 1285 1286 1287 1288 1289]] [86 [1290 1291 1292 1293 1294 1296 1297 1298 1299 1300 1301 1302 1303 1304]] [87 [1305 1306 1307 1308 1309 1310 1311 1312 1313 1314 1315 1316 1317 1318 1319]] [88 [1320 1321 1322 1323 1324 1325 1326 1327 1328 1329 1330 1331 1332 1333 1334]] [89 [1335 1336 1337 1338 1339 1340 1341 1342 1343 1344 1345 1346 1347 1348 1349]] [90 [1350 1351 1352 1353 1354 1355 1356 1357 1358 1359 1360 1361 1362 1363 1364]] [91 [1365 1366 1368 1369 1370 1371 1372 1373 1374 1375 1376 1377 1378 1379]] [92 [1380 1381 1382 1383 1384 1385 1386 1387 1388 1389 1390 1391 1392 1393 1394]] [93 [1395 1396 1397 1398 1399 1400 1401 1402 1403 1404 1405 1406 1407 1408 1409]] [94 [1410 1411 1412 1413 1414 1415 1416 1417 1418 1419 1420 1421 1422 1423 1424]] [95 [1425 1426 1428 1429 1430 1431 1432 1433 1434 1435 1436 1437 1438 1439]] [96 [1440 1441 1442 1444 1445 1446 1447 1448 1449 1450 1451 1452 1453 1454]] [97 [1455 1456 1457 1458 1459 1460 1461 1463 1464 1465 1467 1468 1469]] [98 [1470 1471 1472 1473 1474 1475 1476 1477 1478 1479 1480 1482 1483]] [99 [1485 1486 1487 1488 1489 1490 1491 1492 1493 1494 1495 1496 1497 1498 1499]]]","[[0 [0 3 7 9 10 13 14]] [1 [15 17 18 19 24 29]] [2 [31 33 36 40 43 44]] [3 [47 49 50 51 52 56 57 59]] [4 [60 63 64 67 69 70 73 74]] [5 [75 76 78 80 81 82 83 84 85 88]] [6 [91 92 93 96 98 99 100 101 102]] [7 [111 112 113 114 116 119]] [8 [122 123 125 127 128 129 132]] [9 [135 139 140 142 145 147 148]] [10 [154 155 156 159 161 162 163]] [11 [166 169 171 173 177]] [12 [180 183 184 186 187 190 192]] [13 [198 200 203 207 208]] [14 [210 211 212 218 219 221 222 223]] [15 [225 227 229 231 234 238]] [16 [240 242 244 245 248 249 251 252]] [17 [256 257 260 262 263 264 265 266 267]] [18 [270 271 274 276 279 280 283]] [19 [285 286 287 289 291 292 296 298]] [20 [300 302 303 304 305 306 309 310 312 313 314]] [21 [315 317 323 326 329]] [22 [331 332 333 335 336 338 340 343 344]] [23 [345 346 348 349 352 356 357 358 359]] [24 [360 364 366 367 369 371 374]] [25 [375 376 380 381 382 383 384 387 389]] [26 [390 391 392 394 395 396 400 401 402 404]] [27 [405 406 409 410 412 414 419]] [28 [422 424 430 432 434]] [29 [439 440 444 446 447 448]] [30 [450 451 453 455 460]] [31 [466 468 472 473 478]] [32 [481 482 490 491 493 494]] [33 [500 503 504 505 507 509]] [34 [510 514 515 518 520 521 522]] [35 [526 528 529 532 534 536]] [36 [544 547 548 550 552 553 554]] [37 [555 557 559 561 562 565 566]] [38 [575 576 577 578 582]] [39 [586 589 596]] [40 [603 604 606 607 608 612 613]] [41 [615 618 620 621 624 625 627 629]] [42 [631 632 633 635 636 642 643]] [43 [649 650 651 658]] [44 [661 664 665 668 669 671 673]] [45 [676 677 678 680 681 682 687]] [46 [693 695 696 697 702 703]] [47 [705 706 707 709 710 712 715 717]] [48 [724 725 732 733 734]] [49 [736 737 742 743 744 745 746 747 748 749]] [50 [752 754 756 757 761 764]] [51 [766 767 768 769 770 776 777 779]] [52 [782 783 785 787 789 790]] [53 [798 799 800 801 803 804 805 806 808]] [54 [811 814 815 819 821 822 823 824]] [55 [826 827 828 830 833 836 837]] [56 [842 844 846 848 850 851 852]] [57 [855 856 857 859 860 863 865 868]] [58 [870 871 872 873 878 879 881 882]] [59 [885 886 887 889 893 895 896 898]] [60 [901 904 906 907 910 912 913 914]] [61 [918 921 925 927]] [62 [931 932 936 939 940 941 942]] [63 [946 948 949 950 951 953 955 959]] [64 [960 962 966 973 974]] [65 [975 978 982 983 984 985 986]] [66 [995 997 998 1000 1002 1003 1004]] [67 [1005 1006 1009 1010 1011 1012 1014 1015]] [68 [1020 1022 1024 1026 1029 1030 1031 1033]] [69 [1035 1037 1038 1039 1040 1046 1047]] [70 [1050 1052 1053 1055 1057 1060 1062 1063 1064]] [71 [1065 1069 1070 1071 1072 1074 1075 1076]] [72 [1081 1082 1085 1087 1088 1091 1092 1094]] [73 [1095 1096 1098 1099 1100 1101 1104 1107]] [74 [1110 1112 1114 1116 1118 1120 1124]] [75 [1130 1131 1137 1138]] [76 [1140 1142 1144 1145 1146 1150 1151 1152 1154]] [77 [1158 1166 1167]] [78 [1170 1172 1174 1176 1183]] [79 [1186 1188 1190 1192 1193 1194 1198 1199]] [80 [1200 1201 1204 1206 1208 1211 1212 1213 1214]] [81 [1215 1218 1219 1226 1227 1228]] [82 [1232 1233 1237 1241 1242]] [83 [1245 1246 1252 1253 1254]] [84 [1260 1262 1263 1267 1269 1270 1274]] [85 [1275 1276 1277 1284 1285 1287]] [86 [1291 1293 1294 1296 1302 1303 1304]] [87 [1306 1308 1310 1313 1317 1318]] [88 [1321 1322 1323 1324 1325 1330 1331 1334]] [89 [1337 1338 1339 1342 1344 1345 1348]] [90 [1350 1351 1354 1357 1359 1361]] [91 [1368 1369 1372 1374 1375 1377 1379]] [92 [1382 1389 1391 1392 1394]] [93 [1397 1398 1400 1402 1404 1405 1407]] [94 [1410 1411 1416 1419 1422 1423 1424]] [95 [1426 1429 1431 1433 1434 1436 1437 1439]] [96 [1440 1441 1442 1444 1445 1450 1451 1452 1453 1454]] [97 [1455 1457 1459 1464 1467]] [98 [1470 1472 1473 1474 1475 1479 1480 1483]] [99 [1485 1486 1487 1492 1493 1497 1498]]]",,"[[{citizen 21} [[""A"" [4 3]]]] [{media 51} [[""A"" [3 3]]]] [{media 52} [[""A"" [3 3]]]] [{media 53} [[""A"" [1 1]]]] [{media 55} [[""A"" [2 2]]]] [{media 56} [[""A"" [5 5]]]] [{media 57} [[""A"" [1 1]]]] [{media 59} [[""A"" [6 6]]]] [{media 61} [[""A"" [0 0]]]] [{media 62} [[""A"" [4 4]]]] [{media 63} [[""A"" [5 5]]]] [{media 64} [[""A"" [5 5]]]] [{citizen 6} [[""A"" [1 0]]]] [{citizen 11} [[""A"" [3 4]]]] [{citizen 1} [[""A"" [1 4]]]] [{citizen 4} [[""A"" [4 5]]]] [{media 60} [[""A"" [3 3]]]] [{citizen 9} [[""A"" [3 4]]]] [{media 50} [[""A"" [0 0]]]] [{citizen 0} [[""A"" [0 0]]]] [{citizen 3} [[""A"" [0 1]]]] [{citizen 5} [[""A"" [4 4]]]] [{media 58} [[""A"" [4 4]]]] [{citizen 26} [[""A"" [1 4]]]] [{citizen 37} [[""A"" [0 0]]]] [{citizen 36} [[""A"" [3 4]]]] [{citizen 27} [[""A"" [0 1]]]] [{citizen 22} [[""A"" [4 4]]]] [{citizen 48} [[""A"" [1 0]]]] [{citizen 12} [[""A"" [1 0]]]] [{citizen 47} [[""A"" [1 0]]]] [{citizen 39} [[""A"" [0 1]]]] [{citizen 7} [[""A"" [4 4]]]] [{citizen 13} [[""A"" [4 4]]]] [{citizen 17} [[""A"" [0 0]]]] [{citizen 35} [[""A"" [4 4]]]] [{citizen 34} [[""A"" [0 0]]]] [{citizen 14} [[""A"" [1 3]]]] [{citizen 49} [[""A"" [1 0]]]] [{citizen 10} [[""A"" [1 0]]]] [{citizen 25} [[""A"" [1 0]]]] [{citizen 40} [[""A"" [4 3]]]] [{citizen 24} [[""A"" [3 4]]]] [{citizen 8} [[""A"" [0 0]]]] [{citizen 2} [[""A"" [0 0]]]] [{citizen 31} [[""A"" [0 0]]]] [{citizen 45} [[""A"" [0 0]]]] [{citizen 19} [[""A"" [0 1]]]] [{citizen 42} [[""A"" [1 4]]]] [{media 54} [[""A"" [0 0]]]] [{citizen 28} [[""A"" [4 3]]]] [{citizen 44} [[""A"" [1 4]]]] [{citizen 38} [[""A"" [4 3]]]] [{citizen 15} [[""A"" [1 0]]]] [{citizen 18} [[""A"" [4 4]]]] [{citizen 16} [[""A"" [4 3]]]] [{citizen 46} [[""A"" [0 1]]]] [{citizen 41} [[""A"" [4 4]]]] [{citizen 43} [[""A"" [0 0]]]] [{citizen 30} [[""A"" [0 0]]]] [{citizen 33} [[""A"" [1 0]]]] [{citizen 32} [[""A"" [3 4]]]] [{citizen 23} [[""A"" [1 0]]]] [{citizen 29} [[""A"" [0 0]]]]]"
"21","[128 0 127]","227.75510204081633","-10.391135820456844","-8.578791144659924","""circle""","""""","9.9","{breed citizens}","false","0.5","1","""up""",,"[[""ID"" 28] [""alpha"" 1] [""beta"" 1] [""malleable"" [""A""]] [""prior"" []] [""cont_tokens"" []] [""A"" 3]]","[[0 [0 3 4 5 6 7 8 9 10 13 14]] [1 [15 16 17 18 19 20 21 24 26 27 29]] [2 [30 31 32 33 34 35 36 37 38 39 40 41 42 43 44]] [3 [45 46 47 48 49 50 51 52 53 54 55 56 57 58 59]] [4 [60 61 62 63 64 65 66 67 68 69 70 71 72 73 74]] [5 [75 76 77 78 79 80 81 82 83 84 85 86 87 88 89]] [6 [90 91 92 93 94 95 96 97 98 99 100 101 102 103 104]] [7 [105 106 107 108 109 110 111 112 113 114 115 116 119]] [8 [122 123 124 125 127 128 129 132 134]] [9 [135 137 138 139 140 142 144 145 146 147 148 149]] [10 [150 151 152 153 154 155 156 157 158 159 160 161 162 163 164]] [11 [165 166 167 168 169 170 171 172 173 174 175 176 177 178 179]] [12 [180 181 182 183 184 185 186 187 188 189 190 191 192 193 194]] [13 [195 196 197 198 199 200 203 205 207 208 209]] [14 [210 211 212 213 214 216 218 219 221 222 223 224]] [15 [225 226 227 228 229 231 232 233 234 235 236 237 238 239]] [16 [240 241 242 243 244 245 246 247 248 249 251 252 253 254]] [17 [255 256 257 258 259 260 261 262 263 264 265 266 267 268 269]] [18 [270 271 272 273 274 276 277 278 279 280 281 282 283 284]] [19 [285 286 287 288 289 290 291 292 293 294 295 296 297 298 299]] [20 [300 301 302 303 304 305 306 307 308 309 310 311 312 313 314]] [21 [315 316 317 318 319 320 321 322 323 324 325 326 327 328 329]] [22 [330 331 332 333 334 335 336 337 338 339 340 341 342 343 344]] [23 [345 346 347 348 349 350 351 352 353 354 355 356 357 358 359]] [24 [360 361 362 363 364 365 366 367 368 369 370 371 372 373 374]] [25 [375 376 377 378 379 380 381 382 383 384 385 386 387 388 389]] [26 [390 391 392 393 394 395 396 397 398 399 400 401 402 403 404]] [27 [405 406 407 408 409 410 411 412 413 414 415 416 417 418 419]] [28 [420 421 422 423 424 425 427 428 429 430 431 432 433 434]] [29 [435 436 437 438 439 440 441 442 443 444 445 446 447 448 449]] [30 [450 451 452 453 454 455 456 457 458 459 460 461 462 463 464]] [31 [465 466 467 468 469 470 471 472 473 474 475 476 477 478 479]] [32 [480 481 482 485 486 487 488 489 490 491 492]] [33 [495 496 497 498 499 501 502 503 504 505 506 507 508 509]] [34 [510 511 512 513 514 515 516 517 518 519 520 521 522 523 524]] [35 [525 526 527 528 529 530 531 532 533 534 535 536 537 538 539]] [36 [540 541 542 543 544 545 546 547 548 549 550 551 552 553 554]] [37 [555 556 557 558 559 561 562 563 564 565 566]] [38 [570 571 572 573 574 575 576 577 578 579 581 582]] [39 [586 587 589 590 591 594 596 597 598]] [40 [600 601 602 603 604 605 606 607 608 609 612 613 614]] [41 [615 616 617 618 619 620 621 622 623 624 625 626 627 628 629]] [42 [630 631 632 633 634 635 636 637 638 639 640 641 642 643 644]] [43 [645 646 647 648 649 650 651 652 653 654 655 656 657 658 659]] [44 [660 661 662 663 664 665 666 667 668 669 670 671 672 673 674]] [45 [675 676 677 678 679 680 681 682 683 684 685 686 687 688 689]] [46 [690 691 692 693 694 695 696 697 698 699 700 701 702 703 704]] [47 [705 706 707 708 709 710 711 712 713 714 715 716 717 718 719]] [48 [720 721 722 723 724 725 726 727 728 729 730 731 732 733 734]] [49 [735 736 737 738 739 740 742 743 744 745 746 747 748 749]] [50 [750 751 752 753 754 755 756 757 758 759 760 761 762 763 764]] [51 [765 766 767 768 769 770 772 773 774 775 776 777 778 779]] [52 [780 781 782 783 784 785 786 787 788 789 790 791 792 793 794]] [53 [795 796 797 798 799 800 801 802 803 804 805 806 807 808 809]] [54 [810 811 812 813 814 815 816 817 818 819 820 821 822 823 824]] [55 [825 826 827 828 829 830 831 832 833 834 835 836 837 838 839]] [56 [840 841 842 843 844 845 846 847 848 849 850 851 852 853 854]] [57 [855 856 857 858 859 860 861 862 863 864 865 866 867 868 869]] [58 [870 871 872 873 874 875 876 877 878 879 880 881 882 883 884]] [59 [885 886 887 888 889 890 891 892 893 894 895 896 897 898 899]] [60 [900 901 902 903 904 905 906 907 908 909 910 911 912 913 914]] [61 [915 916 917 918 919 920 921 922 923 924 925 926 927 928 929]] [62 [930 931 932 933 934 935 936 937 938 939 940 941 942 943 944]] [63 [945 946 947 948 949 950 951 953 955 956 957 958 959]] [64 [960 961 962 963 964 965 966 967 968 969 970 971 972 973 974]] [65 [975 976 977 978 979 980 981 982 983 984 985 986 987 988 989]] [66 [990 991 992 993 994 995 996 997 998 999 1000 1001 1002 1003 1004]] [67 [1005 1006 1007 1008 1009 1010 1011 1012 1013 1014 1015 1016 1017 1018 1019]] [68 [1020 1021 1022 1023 1024 1025 1026 1027 1028 1029 1030 1031 1032 1033]] [69 [1035 1036 1037 1038 1039 1040 1041 1043 1045 1046 1047 1048]] [70 [1050 1051 1052 1053 1054 1055 1056 1057 1058 1059 1060 1062 1063 1064]] [71 [1065 1066 1067 1068 1069 1070 1071 1072 1073 1074 1075 1076 1077 1078 1079]] [72 [1080 1081 1082 1083 1084 1085 1086 1087 1088 1089 1090 1091 1092 1093 1094]] [73 [1095 1096 1097 1098 1099 1100 1101 1102 1103 1104 1105 1106 1107 1108 1109]] [74 [1110 1111 1112 1113 1114 1115 1116 1118 1119 1120 1121 1122 1123 1124]] [75 [1125 1126 1127 1128 1129 1130 1131 1132 1134 1135 1136 1137 1138 1139]] [76 [1140 1141 1142 1143 1144 1145 1146 1147 1148 1149 1150 1151 1152 1153 1154]] [77 [1155 1156 1157 1158 1160 1161 1162 1163 1164 1165 1166 1167 1168 1169]] [78 [1170 1171 1172 1173 1174 1175 1176 1177 1178 1179 1180 1181 1182 1183 1184]] [79 [1185 1186 1187 1188 1189 1190 1191 1192 1193 1194 1195 1196 1197 1198 1199]] [80 [1200 1201 1202 1203 1204 1205 1206 1207 1208 1209 1210 1211 1212 1213 1214]] [81 [1215 1217 1218 1219 1220 1221 1222 1223 1224 1225 1226 1227 1228 1229]] [82 [1230 1231 1232 1233 1234 1235 1236 1237 1238 1239 1240 1241 1242 1243 1244]] [83 [1245 1246 1247 1248 1249 1250 1251 1252 1253 1254 1255 1257 1258 1259]] [84 [1260 1261 1262 1263 1264 1265 1266 1267 1268 1269 1270 1271 1272 1273 1274]] [85 [1275 1276 1277 1278 1279 1280 1281 1282 1283 1284 1285 1286 1287 1288 1289]] [86 [1290 1291 1292 1293 1294 1295 1296 1297 1298 1299 1300 1301 1302 1303 1304]] [87 [1305 1306 1307 1308 1309 1310 1311 1312 1313 1314 1315 1316 1317 1318 1319]] [88 [1320 1321 1322 1323 1324 1325 1326 1327 1328 1329 1330 1331 1332 1333 1334]] [89 [1335 1336 1337 1338 1339 1340 1341 1342 1343 1344 1345 1346 1347 1348 1349]] [90 [1350 1351 1352 1353 1354 1355 1356 1357 1358 1359 1360 1361 1362 1363 1364]] [91 [1365 1366 1367 1368 1369 1370 1371 1372 1373 1374 1375 1376 1377 1378 1379]] [92 [1380 1381 1382 1383 1384 1385 1386 1387 1388 1389 1390 1391 1392 1393 1394]] [93 [1395 1396 1397 1398 1399 1400 1401 1402 1403 1404 1405 1406 1407 1408 1409]] [94 [1410 1411 1412 1413 1414 1415 1416 1417 1418 1419 1420 1421 1422 1423 1424]] [95 [1425 1426 1427 1428 1429 1430 1431 1432 1433 1434 1435 1436 1437 1438 1439]] [96 [1440 1441 1442 1444 1445 1446 1447 1448 1449 1450 1451 1452 1453 1454]] [97 [1455 1456 1457 1458 1459 1460 1461 1462 1463 1464 1465 1466 1467 1468 1469]] [98 [1470 1471 1472 1473 1474 1475 1476 1477 1478 1479 1480 1483]] [99 [1485 1486 1487 1488 1489 1490 1491 1492 1493 1494 1495 1496 1497 1498 1499]]]","[[0 [0 4 5 6 8]] [1 [21 24 27 29]] [2 [31 32 33 35 36 38 41 42]] [3 [45 46 50 51 56 58]] [4 [60 62 63 64 67 68 71 72]] [5 [77 79 81 82 83 84 87]] [6 [91 92 93 96 98 99 100 101 102]] [7 [111 112 113 114 115 116 119]] [8 [122 124 125 127 128 129 132]] [9 [135 139 140 142 144 149]] [10 [150 154 155 156 158 160 161 162]] [11 [165 166 168 169 171 173 175 177 178 179]] [12 [180 182 183 184 185 186 187 190 192]] [13 [198 200 203 207 208]] [14 [210 211 213 214 216 218 219 221]] [15 [227 228 229 231 234 238]] [16 [240 242 244 247 248 249 251 254]] [17 [255 258 259 261 269]] [18 [272 273 277 278 279 280 284]] [19 [286 287 291 292 296 298]] [20 [300 308 310 311 312 313 314]] [21 [315 317 323 326 329]] [22 [330 331 332 333 335 336 338]] [23 [345 346 351 353 354 359]] [24 [360 364 366 367 369 371 374]] [25 [375 376 380 381 382 383 384 387 388]] [26 [393 397 399 400 401 402 404]] [27 [405 406 409 410 412 414 419]] [28 [422 424 430 431 433]] [29 [435 437 438 439 440 444 445 447 449]] [30 [456 457 458 459 461 464]] [31 [465 469 470 471 474 475]] [32 [480 485 486 487 488 489]] [33 [495 496 497 498 499 501 506 508]] [34 [511 518 519 521 522]] [35 [526 528 529 532 535 536]] [36 [540 543 545 546 551]] [37 [556 563 564 565 566]] [38 [575 576 577 578 582]] [39 [587 589 596 597]] [40 [600 601 602 605 606 607 608 612 613]] [41 [616 620 621 623 624 625 627 629]] [42 [631 635 636 639 640 643]] [43 [645 647 649 650 651 655 656 658]] [44 [661 664 665 667 669 671 673]] [45 [676 677 678 680 681 682 687]] [46 [691 692 698 699 700]] [47 [705 706 707 709 710 712 715 717]] [48 [724 725 732 733 734]] [49 [735 738 739 746 747]] [50 [750 751 753 755 759 760 763]] [51 [765 767 773 774 775 776 777 779]] [52 [782 783 785 786 788 794]] [53 [795 796 797 802 803 805 806 809]] [54 [810 812 816 817 818 820 822 823 824]] [55 [826 827 828 829 830 831 833 836 837]] [56 [842 844 847 848 850 851 853 854]] [57 [855 856 857 859 863 864 865 868]] [58 [870 871 872 873 875 878 880 883]] [59 [888 890 891 892 893 894]] [60 [900 902 906 909 911 912 913 914]] [61 [918 920 922 925 927]] [62 [931 934 936 939 941 942 943 944]] [63 [946 947 949 950 955 957 958]] [64 [960 962 966 973 974]] [65 [975 978 982 983 985 986 988]] [66 [992 993 998 1000 1002 1003 1004]] [67 [1005 1006 1009 1013 1016 1019]] [68 [1020 1022 1024 1026 1030 1031 1033]] [69 [1035 1037 1041 1043 1047]] [70 [1052 1054 1056 1058 1059 1063 1064]] [71 [1065 1067 1070 1071 1072 1074 1075 1076]] [72 [1082 1083 1085 1087 1088 1089 1091 1092 1094]] [73 [1095 1096 1098 1101 1104 1105 1108 1109]] [74 [1113 1115 1118 1119 1121 1122 1123]] [75 [1125 1126 1127 1128 1129 1130 1131 1132 1134 1135 1136 1138]] [76 [1140 1142 1143 1147 1149 1153]] [77 [1155 1156 1157 1161 1163 1167]] [78 [1170 1171 1172 1174 1176 1177 1181]] [79 [1186 1188 1189 1191 1195 1196 1197]] [80 [1202 1203 1205 1207 1209 1210 1211 1212 1213 1214]] [81 [1215 1218 1219 1226 1227 1228]] [82 [1232 1233 1234 1235 1236 1238 1239 1242]] [83 [1247 1248 1249 1250 1255 1259]] [84 [1264 1265 1266 1271 1273]] [85 [1278 1279 1281 1283 1286 1289]] [86 [1290 1292 1294 1300 1302 1303 1304]] [87 [1306 1308 1310 1313 1317]] [88 [1321 1323 1324 1325 1330 1331 1334]] [89 [1337 1338 1339 1342 1344 1345 1348]] [90 [1350 1351 1353 1354 1357 1359 1361]] [91 [1368 1369 1370 1371 1374 1375 1377]] [92 [1380 1383 1384 1385 1386 1393]] [93 [1395 1396 1401 1403 1405 1407 1408]] [94 [1410 1412 1413 1414 1415 1416 1417 1420 1421]] [95 [1425 1430 1432 1433 1437 1439]] [96 [1440 1441 1446 1447 1448 1449]] [97 [1456 1458 1460 1461 1463 1464 1467 1468 1469]] [98 [1470 1471 1477 1478 1483]] [99 [1485 1486 1487 1490 1491 1494 1495 1496 1499]]]",,"[[{media 50} [[""A"" [0 0]]]] [{media 53} [[""A"" [1 1]]]] [{media 56} [[""A"" [5 5]]]] [{media 58} [[""A"" [4 4]]]] [{media 60} [[""A"" [3 3]]]] [{media 62} [[""A"" [4 4]]]] [{media 51} [[""A"" [3 3]]]] [{citizen 6} [[""A"" [1 0]]]] [{citizen 11} [[""A"" [0 3]]]] [{citizen 20} [[""A"" [3 2]]]] [{media 64} [[""A"" [5 5]]]] [{citizen 1} [[""A"" [3 1]]]] [{citizen 4} [[""A"" [3 5]]]] [{media 55} [[""A"" [2 2]]]] [{citizen 13} [[""A"" [1 3]]]] [{media 52} [[""A"" [3 3]]]] [{citizen 0} [[""A"" [0 0]]]] [{citizen 3} [[""A"" [3 0]]]] [{citizen 5} [[""A"" [3 2]]]] [{media 63} [[""A"" [5 5]]]] [{citizen 26} [[""A"" [1 5]]]] [{citizen 37} [[""A"" [0 0]]]] [{citizen 36} [[""A"" [4 2]]]] [{citizen 39} [[""A"" [1 0]]]] [{citizen 7} [[""A"" [1 0]]]] [{citizen 47} [[""A"" [0 0]]]] [{citizen 17} [[""A"" [0 0]]]] [{citizen 35} [[""A"" [3 3]]]] [{citizen 34} [[""A"" [0 0]]]] [{citizen 14} [[""A"" [1 5]]]] [{citizen 49} [[""A"" [3 0]]]] [{citizen 22} [[""A"" [3 1]]]] [{citizen 10} [[""A"" [0 0]]]] [{citizen 9} [[""A"" [1 5]]]] [{citizen 25} [[""A"" [0 0]]]] [{citizen 40} [[""A"" [1 3]]]] [{citizen 24} [[""A"" [0 1]]]] [{citizen 2} [[""A"" [1 0]]]] [{citizen 19} [[""A"" [0 0]]]] [{citizen 8} [[""A"" [0 0]]]] [{citizen 42} [[""A"" [0 1]]]] [{citizen 28} [[""A"" [5 3]]]] [{citizen 44} [[""A"" [4 5]]]] [{citizen 38} [[""A"" [3 3]]]] [{media 61} [[""A"" [0 0]]]] [{citizen 45} [[""A"" [0 0]]]] [{citizen 15} [[""A"" [1 0]]]] [{citizen 18} [[""A"" [3 3]]]] [{citizen 16} [[""A"" [3 3]]]] [{citizen 46} [[""A"" [0 0]]]] [{citizen 41} [[""A"" [3 4]]]] [{citizen 43} [[""A"" [0 0]]]] [{citizen 30} [[""A"" [0 0]]]] [{citizen 23} [[""A"" [1 0]]]] [{citizen 31} [[""A"" [0 0]]]] [{citizen 33} [[""A"" [3 0]]]] [{citizen 48} [[""A"" [0 0]]]] [{citizen 27} [[""A"" [3 0]]]] [{citizen 32} [[""A"" [1 3]]]] [{media 54} [[""A"" [0 0]]]] [{media 59} [[""A"" [6 6]]]] [{media 57} [[""A"" [1 1]]]] [{citizen 29} [[""A"" [0 0]]]] [{citizen 12} [[""A"" [0 0]]]]]"
"22","[43 0 212]","290.204081632653","-7.247391216493517","2.394215682660126","""circle""","""""","9.9","{breed citizens}","false","0.5","1","""up""",,"[[""ID"" 20] [""alpha"" 1] [""beta"" 1] [""malleable"" [""A""]] [""prior"" []] [""cont_tokens"" []] [""A"" 5]]","[[0 [0 1 2 3 4 5 6 8 9 10 11 12]] [1 [16 17 18 19 20 21 22 23 24 25 26 27 28 29]] [2 [30 31 32 33 34 35 36 37 38 39 40 41 42 43 44]] [3 [45 46 47 48 49 50 51 52 53 54 55 56 57 58 59]] [4 [60 61 62 63 64 65 66 67 68 69 70 71 72 73 74]] [5 [75 76 77 78 79 80 81 82 83 84 85 86 87 88 89]] [6 [90 91 92 93 94 95 96 97 98 99 100 101 102 103 104]] [7 [105 107 109 110 111 112 113 114 115 116 119]] [8 [120 121 122 123 124 125 127 128 129 132 134]] [9 [135 137 138 139 140 142 144 145 146 147 148 149]] [10 [150 151 152 153 154 155 156 158 159 160 161 162 163 164]] [11 [165 166 167 168 169 170 171 172 173 174 175 176 177 178 179]] [12 [180 181 182 183 184 185 186 187 188 189 190 191 192 193 194]] [13 [195 196 197 198 199 200 201 202 203 204 205 206 207 208 209]] [14 [210 211 212 213 214 216 218 219 221 222 223 224]] [15 [225 226 227 228 229 231 232 233 234 235 236 237 238 239]] [16 [240 241 242 243 244 245 246 247 248 249 250 251 252 253 254]] [17 [255 256 257 258 259 260 261 262 263 264 265 266 267 268 269]] [18 [270 271 272 273 274 275 276 277 278 279 280 281 282 283 284]] [19 [285 286 287 288 289 290 291 292 293 294 295 296 297 298 299]] [20 [300 301 302 303 304 305 306 307 308 309 310 311 312 313 314]] [21 [315 316 317 318 319 320 321 322 323 324 325 326 327 328 329]] [22 [330 331 332 333 334 335 336 337 338 339 340 341 342 343 344]] [23 [345 346 347 348 349 350 351 352 353 354 355 356 357 358 359]] [24 [360 361 362 363 364 365 366 367 368 369 370 371 372 373 374]] [25 [375 376 377 378 379 380 381 382 383 384 385 386 387 388 389]] [26 [390 391 392 393 394 395 396 397 398 399 400 401 402 403 404]] [27 [405 406 407 408 409 410 411 412 413 414 415 416 417 418 419]] [28 [420 421 422 423 424 425 427 428 429 430 431 432 433 434]] [29 [435 436 437 438 439 440 441 442 443 444 445 446 447 448 449]] [30 [450 451 452 453 454 455 456 457 458 459 460 461 462 463 464]] [31 [465 466 467 468 469 470 471 472 473 474 475 478 479]] [32 [480 481 482 485 486 487 488 489 490 491 492 493 494]] [33 [495 496 497 498 499 500 501 502 503 504 505 506 507 508 509]] [34 [510 511 512 513 514 515 516 517 518 519 520 521 522 523 524]] [35 [525 526 527 528 529 530 531 532 533 534 535 536 537 538 539]] [36 [540 541 542 543 544 545 546 547 548 549 550 551 552 553 554]] [37 [555 556 557 558 559 561 562 563 564 565 566]] [38 [570 571 572 573 574 575 576 577 578 579 581 582]] [39 [586 587 589 590 591 594 596 597 598]] [40 [600 601 602 603 604 605 606 607 608 609 612 613 614]] [41 [615 616 617 618 619 620 621 622 623 624 625 626 627 628 629]] [42 [630 631 632 633 634 635 636 637 638 639 640 641 642 643 644]] [43 [645 646 647 648 649 650 651 652 653 654 655 656 657 658 659]] [44 [660 661 662 663 664 665 667 668 669 670 671 672 673 674]] [45 [675 676 677 678 679 680 681 682 683 684 685 686 687 688 689]] [46 [690 691 692 693 694 695 696 697 698 699 700 701 702 703 704]] [47 [705 706 707 708 709 710 711 712 713 714 715 716 717 718 719]] [48 [720 721 722 723 724 725 726 727 728 729 730 731 732 733 734]] [49 [735 736 737 738 739 740 742 743 744 745 746 747 748 749]] [50 [750 751 752 753 754 755 756 757 758 759 760 761 762 763 764]] [51 [765 766 767 768 769 770 771 772 773 774 775 776 777 778 779]] [52 [780 781 782 783 784 785 786 787 788 789 790 791 792 793 794]] [53 [795 796 797 798 799 800 801 802 803 804 805 806 807 808 809]] [54 [810 811 812 813 814 815 816 817 818 819 820 821 822 823 824]] [55 [825 826 827 828 829 830 831 833 834 835 836 837 838 839]] [56 [840 841 842 843 844 845 846 847 848 849 850 851 852 853 854]] [57 [855 856 857 858 859 860 861 862 863 864 865 866 867 868 869]] [58 [870 871 872 873 875 876 877 878 879 880 881 882 883 884]] [59 [885 886 887 888 889 890 891 892 893 894 895 896 897 898 899]] [60 [900 901 902 903 904 905 906 907 908 909 910 911 912 913 914]] [61 [915 916 917 918 919 920 921 922 923 924 925 926 927 928 929]] [62 [930 931 932 933 934 935 936 937 938 939 940 941 942 943 944]] [63 [945 946 947 948 949 950 951 953 955 956 957 958 959]] [64 [960 961 962 963 964 965 966 967 968 969 970 971 972 973 974]] [65 [975 976 977 978 979 980 981 982 983 984 985 986 987 988 989]] [66 [990 991 992 993 994 995 996 997 998 999 1000 1001 1002 1003 1004]] [67 [1005 1006 1007 1008 1009 1010 1011 1012 1013 1014 1015 1016 1017 1018 1019]] [68 [1020 1021 1022 1023 1024 1025 1026 1027 1028 1029 1030 1031 1032 1033]] [69 [1035 1036 1037 1038 1039 1040 1041 1043 1045 1046 1047 1048]] [70 [1050 1051 1052 1053 1054 1055 1056 1057 1058 1059 1060 1062 1063 1064]] [71 [1065 1067 1068 1069 1070 1071 1072 1073 1074 1075 1076 1077 1078 1079]] [72 [1080 1081 1082 1083 1084 1085 1086 1087 1088 1089 1090 1091 1092 1093 1094]] [73 [1095 1096 1098 1099 1100 1101 1104 1105 1106 1107 1108 1109]] [74 [1110 1111 1112 1113 1114 1115 1116 1118 1119 1120 1121 1122 1123 1124]] [75 [1125 1126 1127 1128 1129 1130 1131 1132 1134 1135 1136 1137 1138 1139]] [76 [1140 1141 1142 1143 1144 1145 1146 1147 1148 1149 1150 1151 1152 1153 1154]] [77 [1155 1156 1157 1158 1159 1160 1161 1162 1163 1164 1165 1166 1167 1168 1169]] [78 [1170 1171 1172 1173 1174 1175 1176 1177 1178 1179 1180 1181 1182 1183 1184]] [79 [1185 1186 1187 1188 1189 1190 1191 1192 1193 1194 1195 1196 1197 1198 1199]] [80 [1202 1203 1205 1207 1209 1210 1211 1212 1213 1214]] [81 [1215 1217 1218 1219 1220 1221 1222 1223 1224 1225 1226 1227 1228 1229]] [82 [1230 1231 1232 1233 1234 1235 1236 1237 1238 1239 1240 1241 1242 1243 1244]] [83 [1245 1246 1247 1248 1249 1250 1251 1252 1253 1254 1255 1256 1257 1258 1259]] [84 [1260 1261 1262 1263 1264 1265 1266 1267 1268 1269 1270 1271 1272 1273 1274]] [85 [1275 1276 1277 1278 1279 1280 1281 1282 1283 1284 1285 1286 1287 1288 1289]] [86 [1290 1291 1292 1293 1294 1295 1296 1297 1298 1299 1300 1301 1302 1303 1304]] [87 [1305 1306 1307 1308 1309 1310 1311 1312 1313 1314 1315 1316 1317 1318 1319]] [88 [1320 1321 1322 1323 1324 1325 1326 1327 1328 1330 1331 1332 1333 1334]] [89 [1335 1336 1337 1338 1339 1340 1341 1342 1343 1344 1345 1346 1347 1348 1349]] [90 [1350 1351 1352 1353 1354 1355 1356 1357 1358 1359 1360 1361 1362 1363 1364]] [91 [1365 1366 1367 1368 1369 1370 1371 1372 1373 1374 1375 1376 1377 1378 1379]] [92 [1380 1381 1382 1383 1384 1385 1386 1387 1388 1389 1390 1391 1392 1393 1394]] [93 [1395 1396 1397 1398 1399 1400 1401 1402 1403 1404 1405 1406 1407 1408 1409]] [94 [1410 1411 1412 1413 1414 1415 1416 1417 1418 1419 1420 1421 1422 1423 1424]] [95 [1425 1426 1427 1428 1429 1430 1431 1432 1433 1434 1435 1436 1437 1438 1439]] [96 [1440 1441 1442 1444 1445 1446 1447 1448 1449 1450 1451 1452 1453 1454]] [97 [1455 1456 1457 1458 1459 1460 1461 1463 1464 1465 1467 1468 1469]] [98 [1470 1471 1472 1473 1474 1475 1476 1477 1478 1479 1480 1482 1483]] [99 [1485 1486 1487 1488 1489 1490 1491 1492 1493 1494 1495 1496 1497 1498 1499]]]","[[0 [0 4 5 6 8 11 12]] [1 [16 18 19 21 22 25 26 28]] [2 [30 33 35 36 40 43 44]] [3 [47 49 50 51 52 56 57 59]] [4 [60 62 63 64 66 67 69 70 73 74]] [5 [75 76 78 80 82 83 87 88]] [6 [92 93 96 98 99 100 101 102]] [7 [111 113 115 116 119]] [8 [122 124 128 129 132 134]] [9 [137 138 144 145 146 147 148]] [10 [150 154 155 156 159 161 162]] [11 [165 166 169 170 172 174 176 178 179]] [12 [180 183 184 186 187 188 193 194]] [13 [196 199 200 203 207 208]] [14 [210 211 214 216 219 221 222 223]] [15 [225 227 229 231 233 235 236 237 239]] [16 [241 243 244 247 251 254]] [17 [255 256 257 260 262 263 264 265 266 267]] [18 [270 271 274 275 276 277 278 279 280 281 282 284]] [19 [286 287 288 290 293 295 297 299]] [20 [301 302 305 306 309 310 312 313]] [21 [316 318 319 320 323 326 329]] [22 [331 332 333 335 336 338 340 343 344]] [23 [345 346 347 350 351 353 354 359]] [24 [360 364 366 367 369 372 373]] [25 [377 379 385 386 388]] [26 [393 397 399 400 401 402 404]] [27 [405 406 409 410 412 414 419]] [28 [421 422 424 430 432 434]] [29 [438 442 443 445 446 447 448]] [30 [450 451 454 455 460]] [31 [466 467 469 470 471 474 475]] [32 [480 485 486 487 488 489 492]] [33 [496 497 498 499 501 506 508]] [34 [511 515 518 519 520 521 522]] [35 [526 527 528 529 532 535 537 538 539]] [36 [540 541 542 545 546 551]] [37 [556 563 564 566]] [38 [575 576 577 578 581 582]] [39 [587 590 591 594 597]] [40 [602 605 606 607 608 609 614]] [41 [615 617 619 622 626 628]] [42 [630 632 633 634 637 638 641 644]] [43 [646 648 653 657 659]] [44 [660 662 663 665 667 668 669 671 673]] [45 [676 677 683 684 685 686 688]] [46 [690 691 692 694 699 700 701 702 703]] [47 [705 706 707 709 710 712 715 716 718 719]] [48 [720 721 722 723 725 729]] [49 [737 742 743 744 745 746 747 748 749]] [50 [750 752 753 758 762 764]] [51 [766 767 769 770 773 774 775 776 777 779]] [52 [782 783 785 786 787 791 792 793 794]] [53 [795 797 802 803 805 806 808]] [54 [811 814 815 819 821]] [55 [829 831 833 834 835 838 839]] [56 [841 843 845 849 851 853 854]] [57 [858 860 862 863 864 865 868]] [58 [870 871 872 873 880 883]] [59 [888 890 891 892 893 894]] [60 [900 902 903 908 909 911 912 913]] [61 [915 917 919 924 926 928]] [62 [930 933 935 937 940 941 942 943 944]] [63 [946 947 950 951 953 955 957 958]] [64 [960 962 966 973 974]] [65 [975 978 982 983 984 985 986 988]] [66 [992 993 998 1000 1002 1003 1004]] [67 [1005 1006 1009 1013 1016 1019]] [68 [1021 1023 1025 1027 1028 1029 1030 1033]] [69 [1035 1037 1038 1039 1040 1046 1047]] [70 [1050 1056 1058 1059 1062 1063 1064]] [71 [1065 1067 1070 1071 1072 1073 1074 1076]] [72 [1081 1082 1083 1084 1086 1090 1092 1094]] [73 [1095 1096 1098 1101 1104 1105 1108 1109]] [74 [1111 1115 1118 1119 1123]] [75 [1126 1127 1128 1137 1138]] [76 [1140 1142 1143 1147 1149 1153]] [77 [1155 1156 1157 1160 1162 1164 1165 1166 1168 1169]] [78 [1171 1172 1174 1176 1177 1181]] [79 [1189 1191 1195 1196 1197]] [80 [1202 1203 1205 1207 1209 1210 1211 1212 1213]] [81 [1217 1219 1226 1227 1228]] [82 [1232 1233 1234 1235 1236 1238 1239 1240 1243 1244]] [83 [1245 1247 1248 1249 1250 1255 1259]] [84 [1264 1265 1266 1271 1273]] [85 [1279 1281 1283 1286 1289]] [86 [1292 1293 1294 1296 1302 1303 1304]] [87 [1306 1307 1310 1313 1314 1315 1316]] [88 [1320 1326 1328 1332 1333]] [89 [1335 1337 1338 1344 1347 1349]] [90 [1350 1351 1354 1357 1358 1364]] [91 [1370 1372 1374 1375 1377 1379]] [92 [1382 1389 1391 1392 1394]] [93 [1398 1399 1402 1404 1405 1407 1408]] [94 [1412 1413 1414 1415 1417 1421]] [95 [1425 1430 1432 1433 1437 1439]] [96 [1440 1441 1444 1445 1450 1452 1453 1454]] [97 [1455 1457 1459 1464 1467]] [98 [1470 1471 1472 1473 1474 1475 1479 1480 1483]] [99 [1485 1486 1487 1490 1491 1494 1495 1496]]]",,"[[{citizen 48} [[""A"" [1 0]]]] [{media 54} [[""A"" [0 0]]]] [{media 57} [[""A"" [1 1]]]] [{media 59} [[""A"" [6 6]]]] [{media 61} [[""A"" [0 0]]]] [{media 63} [[""A"" [5 5]]]] [{media 64} [[""A"" [5 5]]]] [{media 51} [[""A"" [3 3]]]] [{citizen 6} [[""A"" [1 0]]]] [{media 55} [[""A"" [2 2]]]] [{citizen 0} [[""A"" [0 0]]]] [{media 60} [[""A"" [3 3]]]] [{media 53} [[""A"" [1 1]]]] [{media 50} [[""A"" [0 0]]]] [{citizen 1} [[""A"" [4 5]]]] [{citizen 4} [[""A"" [5 5]]]] [{media 52} [[""A"" [3 3]]]] [{citizen 36} [[""A"" [4 5]]]] [{citizen 5} [[""A"" [4 5]]]] [{citizen 27} [[""A"" [2 1]]]] [{media 58} [[""A"" [4 4]]]] [{citizen 39} [[""A"" [1 0]]]] [{citizen 3} [[""A"" [2 1]]]] [{citizen 26} [[""A"" [5 5]]]] [{citizen 7} [[""A"" [4 5]]]] [{citizen 13} [[""A"" [4 5]]]] [{citizen 11} [[""A"" [4 5]]]] [{citizen 49} [[""A"" [2 0]]]] [{media 62} [[""A"" [4 4]]]] [{citizen 47} [[""A"" [1 0]]]] [{citizen 17} [[""A"" [0 0]]]] [{citizen 35} [[""A"" [5 3]]]] [{citizen 34} [[""A"" [2 0]]]] [{citizen 14} [[""A"" [5 3]]]] [{citizen 25} [[""A"" [1 0]]]] [{citizen 40} [[""A"" [5 3]]]] [{citizen 24} [[""A"" [4 5]]]] [{citizen 20} [[""A"" [2 0]]]] [{citizen 9} [[""A"" [5 5]]]] [{citizen 10} [[""A"" [1 0]]]] [{citizen 2} [[""A"" [0 0]]]] [{citizen 19} [[""A"" [0 1]]]] [{citizen 12} [[""A"" [1 0]]]] [{citizen 37} [[""A"" [2 0]]]] [{citizen 8} [[""A"" [0 0]]]] [{citizen 31} [[""A"" [0 0]]]] [{citizen 45} [[""A"" [0 3]]]] [{citizen 42} [[""A"" [5 3]]]] [{media 56} [[""A"" [5 5]]]] [{citizen 28} [[""A"" [5 3]]]] [{citizen 44} [[""A"" [5 5]]]] [{citizen 21} [[""A"" [5 3]]]] [{citizen 32} [[""A"" [5 5]]]] [{citizen 15} [[""A"" [1 0]]]] [{citizen 18} [[""A"" [4 5]]]] [{citizen 16} [[""A"" [5 3]]]] [{citizen 46} [[""A"" [1 0]]]] [{citizen 41} [[""A"" [4 5]]]] [{citizen 43} [[""A"" [0 0]]]] [{citizen 30} [[""A"" [0 0]]]] [{citizen 38} [[""A"" [5 3]]]] [{citizen 33} [[""A"" [4 5]]]] [{citizen 23} [[""A"" [1 0]]]] [{citizen 29} [[""A"" [0 0]]]]]"
"23","[255 0 0]","130.40816326530614","10.319899053039377","-9.342053353200864","""circle""","""""","9.9","{breed citizens}","false","0.5","1","""up""",,"[[""ID"" 36] [""alpha"" 1] [""beta"" 1] [""malleable"" [""A""]] [""prior"" []] [""cont_tokens"" []] [""A"" 0]]","[[0 [0 1 3 4 5 6 7 8 9 10 12 13 14]] [1 [15 16 17 18 19 20 21 22 23 24 25 26 27 28 29]] [2 [30 31 32 33 34 35 36 37 38 39 40 41 42 43 44]] [3 [45 46 47 48 49 50 51 52 53 54 55 56 57 58 59]] [4 [60 61 62 63 64 65 66 67 68 69 70 71 72 73 74]] [5 [75 76 77 78 79 80 81 82 83 84 85 86 87 88 89]] [6 [90 91 92 93 94 95 96 97 98 99 100 101 102 103 104]] [7 [105 106 107 108 109 110 111 112 113 114 115 116 119]] [8 [120 121 122 123 124 125 127 128 129 132 134]] [9 [135 137 138 139 140 142 144 145 146 147 148 149]] [10 [150 151 152 153 154 155 156 158 159 160 161 162 163 164]] [11 [165 166 167 168 169 170 171 172 173 174 175 176 177 178 179]] [12 [180 181 182 183 184 185 186 187 188 189 190 191 192 193 194]] [13 [195 196 197 198 199 200 203 205 207 208 209]] [14 [210 211 212 213 214 216 218 219 221 222 223 224]] [15 [225 226 227 228 229 231 232 233 234 235 236 237 238 239]] [16 [240 241 242 243 244 245 246 247 248 249 250 251 252 253 254]] [17 [255 256 257 258 259 260 261 262 263 264 265 266 267 268 269]] [18 [270 271 272 273 274 275 276 277 278 279 280 281 282 283 284]] [19 [285 286 287 288 289 290 291 292 293 294 295 296 297 298 299]] [20 [300 301 302 303 304 305 306 307 308 309 310 311 312 313 314]] [21 [315 316 317 318 319 320 321 322 323 324 325 326 327 328 329]] [22 [330 331 332 333 334 335 336 337 338 339 340 341 342 343 344]] [23 [345 346 347 348 349 350 351 352 353 354 355 356 357 358 359]] [24 [360 361 362 363 364 365 366 367 368 369 370 371 372 373 374]] [25 [375 376 377 378 379 380 381 382 383 384 385 386 387 388 389]] [26 [390 391 392 393 394 395 396 397 398 399 400 401 402 403 404]] [27 [405 406 407 408 409 410 411 412 413 414 415 416 417 418 419]] [28 [420 421 422 423 424 425 426 427 428 429 430 431 432 433 434]] [29 [435 436 437 438 439 440 441 442 443 444 445 446 447 448 449]] [30 [450 451 452 453 454 455 456 457 458 459 460 461 462 463 464]] [31 [465 466 467 468 469 470 471 472 473 474 475 476 477 478 479]] [32 [480 481 482 485 486 487 488 489 490 491 492 493 494]] [33 [495 496 497 498 499 501 502 503 504 505 506 507 508 509]] [34 [510 511 512 513 514 515 516 517 518 519 520 521 522 523 524]] [35 [525 526 527 528 529 530 531 532 533 534 535 536 537 538 539]] [36 [540 541 542 543 544 545 546 547 548 549 550 551 552 553 554]] [37 [555 556 557 558 559 561 562 563 564 565 566]] [38 [570 571 572 573 574 575 576 577 578 579 581 582]] [39 [586 587 589 590 591 594 596 597 598]] [40 [600 601 602 603 604 605 606 607 608 609 612 613 614]] [41 [615 616 617 618 619 620 621 622 623 624 625 626 627 628 629]] [42 [630 631 632 633 634 635 636 637 638 639 640 641 642 643 644]] [43 [645 647 649 650 651 652 653 654 655 656 657 658 659]] [44 [660 661 662 663 664 665 666 667 668 669 670 671 672 673 674]] [45 [676 677 678 679 680 681 682 683 684 685 686 687 688 689]] [46 [690 691 692 693 694 695 696 697 698 699 700 701 702 703 704]] [47 [705 706 707 708 709 710 711 712 713 714 715 716 717 718 719]] [48 [720 721 722 723 724 725 726 727 728 729 730 731 732 733 734]] [49 [735 736 737 738 739 740 742 743 744 745 746 747 748 749]] [50 [750 751 752 753 754 755 756 757 758 759 760 761 762 763 764]] [51 [765 766 767 768 769 770 771 772 773 774 775 776 777 778 779]] [52 [780 781 782 783 784 785 786 787 788 789 790 791 792 793 794]] [53 [795 796 797 798 799 800 801 802 803 804 805 806 807 808 809]] [54 [810 811 812 813 814 815 816 817 818 819 820 821 822 823 824]] [55 [825 826 827 828 829 830 831 832 833 834 835 836 837 838 839]] [56 [840 841 842 843 844 845 846 847 848 849 850 851 852 853 854]] [57 [855 856 857 858 859 860 862 863 864 865 866 867 868 869]] [58 [870 871 872 873 874 875 876 877 878 879 880 881 882 883 884]] [59 [885 886 887 888 889 890 891 892 893 894 895 896 897 898 899]] [60 [900 901 902 903 904 905 906 907 908 909 910 911 912 913 914]] [61 [915 916 917 918 919 920 921 922 923 924 925 926 927 928 929]] [62 [930 931 932 933 934 935 936 937 938 939 940 941 942 943 944]] [63 [945 946 947 948 949 950 951 953 955 956 957 958 959]] [64 [960 961 962 963 964 965 966 967 968 969 970 971 972 973 974]] [65 [975 976 977 978 979 980 981 982 983 984 985 986 987 988 989]] [66 [990 991 992 993 994 995 996 997 998 999 1000 1001 1002 1003 1004]] [67 [1005 1006 1007 1008 1009 1010 1011 1012 1013 1014 1015 1016 1017 1018 1019]] [68 [1020 1021 1022 1023 1024 1025 1026 1027 1028 1029 1030 1031 1032 1033]] [69 [1035 1036 1037 1038 1039 1040 1041 1043 1045 1046 1047 1048]] [70 [1050 1051 1052 1053 1054 1055 1056 1057 1058 1059 1060 1062 1063 1064]] [71 [1065 1066 1067 1068 1069 1070 1071 1072 1073 1074 1075 1076 1077 1078 1079]] [72 [1080 1081 1082 1083 1084 1085 1086 1087 1088 1089 1090 1091 1092 1093 1094]] [73 [1095 1096 1098 1099 1100 1101 1104 1105 1106 1107 1108 1109]] [74 [1110 1111 1112 1113 1114 1115 1116 1117 1118 1119 1120 1121 1122 1123 1124]] [75 [1125 1126 1127 1128 1129 1130 1131 1132 1134 1135 1136 1137 1138 1139]] [76 [1140 1141 1142 1143 1144 1145 1146 1147 1148 1149 1150 1151 1152 1153 1154]] [77 [1155 1156 1157 1158 1159 1160 1161 1162 1163 1164 1165 1166 1167 1168 1169]] [78 [1170 1171 1172 1173 1174 1175 1176 1177 1178 1179 1180 1181 1182 1183 1184]] [79 [1185 1186 1187 1188 1189 1190 1191 1192 1193 1194 1195 1196 1197 1198 1199]] [80 [1200 1201 1202 1203 1204 1205 1206 1207 1208 1209 1210 1211 1212 1213 1214]] [81 [1215 1217 1218 1219 1220 1221 1222 1223 1224 1225 1226 1227 1228 1229]] [82 [1230 1231 1232 1233 1234 1235 1236 1237 1238 1239 1240 1241 1242 1243 1244]] [83 [1245 1246 1247 1248 1249 1250 1251 1252 1253 1254 1255 1257 1258 1259]] [84 [1260 1261 1262 1263 1264 1265 1266 1267 1268 1269 1270 1271 1272 1273 1274]] [85 [1275 1276 1277 1278 1279 1280 1281 1282 1283 1284 1285 1286 1287 1288 1289]] [86 [1290 1291 1292 1293 1294 1296 1297 1298 1299 1300 1301 1302 1303 1304]] [87 [1305 1306 1307 1308 1309 1310 1311 1312 1313 1314 1315 1316 1317 1318 1319]] [88 [1320 1321 1322 1323 1324 1325 1326 1327 1328 1330 1331 1332 1333 1334]] [89 [1335 1336 1337 1338 1339 1340 1341 1342 1343 1344 1345 1346 1347 1348 1349]] [90 [1350 1351 1352 1353 1354 1355 1356 1357 1358 1359 1360 1361 1362 1363 1364]] [91 [1365 1366 1367 1368 1369 1370 1371 1372 1373 1374 1375 1376 1377 1378 1379]] [92 [1380 1381 1382 1383 1384 1385 1386 1387 1388 1389 1390 1391 1392 1393 1394]] [93 [1395 1396 1397 1398 1399 1400 1401 1402 1403 1404 1405 1406 1407 1408 1409]] [94 [1410 1411 1412 1413 1414 1415 1416 1417 1418 1419 1420 1421 1422 1423 1424]] [95 [1425 1426 1428 1429 1430 1431 1432 1433 1434 1435 1436 1437 1438 1439]] [96 [1440 1441 1442 1444 1445 1446 1447 1448 1449 1450 1451 1452 1453 1454]] [97 [1455 1456 1457 1458 1459 1460 1461 1462 1463 1464 1465 1466 1467 1468 1469]] [98 [1470 1471 1472 1473 1474 1475 1476 1477 1478 1479 1480 1481 1483 1484]] [99 [1485 1486 1487 1488 1489 1490 1491 1492 1493 1494 1495 1496 1497 1498 1499]]]","[[0 [1 6 8 9 12]] [1 [16 19 20 23 27]] [2 [31 32 33 35 36 40 43 44]] [3 [47 49 50 51 53 54 55 59]] [4 [60 62 63 64 67 68 71 72]] [5 [77 79 81 82 83 84 87 88]] [6 [90 91 92 93 96 98 99 100 101 102]] [7 [111 113 114 116 119]] [8 [122 123 125 127 128 129 132 134]] [9 [137 138 142 144 145 146 147 148]] [10 [150 154 155 156 158 160 162]] [11 [166 168 169 171 173 177 178 179]] [12 [180 183 184 186 187 190 192]] [13 [198 200 203 207 208]] [14 [210 211 213 214 216 219 221 223]] [15 [225 227 228 229 231 234 238]] [16 [240 242 244 248 249 251 254]] [17 [255 258 259 261 266 267]] [18 [270 271 274 276 279 280 281 282 284]] [19 [286 287 288 290 293 295 297 299]] [20 [301 302 303 304 305 306 309 310 312 313 314]] [21 [316 318 319 320 321 322 323 325 327 328]] [22 [337 339 340 343 344]] [23 [345 346 347 350 353 354 355 359]] [24 [360 364 366 367 371 374]] [25 [375 376 380 381 382 383 384 387]] [26 [390 391 392 394 395 396 398 403]] [27 [405 407 408 411 413 415 418]] [28 [420 423 425 427 428 433]] [29 [437 438 440 444 446 448]] [30 [450 451 454 455 458 459 462 463 464]] [31 [465 467 470 471 474 475]] [32 [480 485 486 487 488 489]] [33 [495 496 497 498 499 501 502 504 505 507 509]] [34 [510 514 515 518 520 521 522 524]] [35 [526 527 528 529 532 535 537 538]] [36 [541 542 545 546 551]] [37 [556 563 564 565 566]] [38 [575 576 577 578 581 582]] [39 [587 589 591 594 597]] [40 [600 601 605 606 607 608 612 613]] [41 [616 620 621 624 625 627]] [42 [631 635 636 640 642 643]] [43 [645 647 649 650 651 658]] [44 [661 664 665 667 669 671 673]] [45 [676 677 683 684 685 686 688]] [46 [690 691 692 698 701 702 703]] [47 [706 707 709 710 712 715 716 718 719]] [48 [721 722 723 724 725 727 728 730 731 732 733 734]] [49 [736 738 739 748 749]] [50 [750 752 753 755 759 760 763]] [51 [765 767 768 769 770 774 775 776]] [52 [784 787 791 792 793 794]] [53 [796 797 802 803 804 809]] [54 [810 812 816 817 818 823 824]] [55 [826 827 828 832 835 838]] [56 [840 846 847 848 850 851 852]] [57 [855 856 857 859 860 862 864 865 868]] [58 [870 871 872 873 875 878 881 882 884]] [59 [885 886 887 889 893 895 896 898 899]] [60 [901 904 906 907 910 912 913 914]] [61 [916 920 921 922 925 927]] [62 [931 932 936 938 940 942 943 944]] [63 [946 947 950 951 953 956]] [64 [961 964 965 967 968 969 970 971 972]] [65 [976 977 979 980 984 985 986]] [66 [992 993 998 1000 1002 1003 1004]] [67 [1005 1006 1009 1010 1011 1012 1014 1015 1017 1018 1019]] [68 [1021 1023 1025 1027 1028 1029 1030 1031 1033]] [69 [1035 1037 1038 1039 1040 1046 1047]] [70 [1051 1052 1054 1056 1058 1059 1062 1063 1064]] [71 [1065 1069 1070 1071 1072 1078 1079]] [72 [1080 1081 1082 1083 1086 1090 1094]] [73 [1095 1096 1098 1100 1101 1104 1107]] [74 [1110 1112 1114 1116 1118 1120 1124]] [75 [1130 1132 1134 1135 1136 1138]] [76 [1140 1142 1144 1146 1148 1150 1151 1152 1154]] [77 [1158 1164 1165 1166 1167 1169]] [78 [1171 1172 1174 1176 1178 1179 1180 1182 1184]] [79 [1185 1187 1190 1192 1193 1194 1198 1199]] [80 [1200 1201 1204 1206 1208 1210 1211 1212 1213]] [81 [1217 1219 1226 1227 1228]] [82 [1232 1233 1234 1235 1236 1238 1239 1242]] [83 [1247 1248 1249 1250 1255 1259]] [84 [1262 1263 1267 1269 1270 1274]] [85 [1275 1276 1277 1282 1284 1285 1287]] [86 [1290 1292 1293 1294 1296 1300 1303 1304]] [87 [1306 1307 1308 1311 1317 1318 1319]] [88 [1321 1323 1324 1325 1327 1330 1331 1334]] [89 [1338 1339 1342 1344 1345 1347 1349]] [90 [1352 1355 1356 1358 1359 1361]] [91 [1368 1369 1370 1372 1374 1375 1377 1379]] [92 [1381 1382 1389 1391 1392 1394]] [93 [1399 1400 1402 1406 1409]] [94 [1411 1416 1419 1422 1423 1424]] [95 [1426 1428 1429 1431 1435 1438]] [96 [1440 1441 1446 1447 1448 1449]] [97 [1456 1458 1460 1462 1466]] [98 [1474 1475 1479 1480 1483]] [99 [1485 1486 1487 1492 1493 1497 1498]]]",,"[[{citizen 25} [[""A"" [0 0]]]] [{media 50} [[""A"" [0 0]]]] [{media 51} [[""A"" [3 3]]]] [{media 52} [[""A"" [3 3]]]] [{media 53} [[""A"" [1 1]]]] [{media 55} [[""A"" [2 2]]]] [{media 56} [[""A"" [5 5]]]] [{media 57} [[""A"" [1 1]]]] [{media 58} [[""A"" [4 4]]]] [{media 60} [[""A"" [3 3]]]] [{media 62} [[""A"" [4 4]]]] [{media 64} [[""A"" [5 5]]]] [{citizen 0} [[""A"" [0 0]]]] [{citizen 5} [[""A"" [2 5]]]] [{media 61} [[""A"" [0 0]]]] [{citizen 3} [[""A"" [0 0]]]] [{citizen 7} [[""A"" [1 5]]]] [{media 63} [[""A"" [5 5]]]] [{citizen 26} [[""A"" [2 1]]]] [{citizen 39} [[""A"" [1 0]]]] [{citizen 17} [[""A"" [0 0]]]] [{citizen 45} [[""A"" [0 3]]]] [{citizen 14} [[""A"" [1 3]]]] [{citizen 36} [[""A"" [2 5]]]] [{citizen 4} [[""A"" [5 5]]]] [{citizen 27} [[""A"" [3 0]]]] [{citizen 1} [[""A"" [1 5]]]] [{citizen 6} [[""A"" [0 0]]]] [{citizen 22} [[""A"" [4 1]]]] [{citizen 48} [[""A"" [0 0]]]] [{citizen 12} [[""A"" [0 0]]]] [{citizen 47} [[""A"" [0 0]]]] [{citizen 13} [[""A"" [4 5]]]] [{citizen 11} [[""A"" [2 5]]]] [{citizen 49} [[""A"" [1 0]]]] [{citizen 35} [[""A"" [4 3]]]] [{citizen 34} [[""A"" [0 0]]]] [{citizen 40} [[""A"" [5 3]]]] [{citizen 24} [[""A"" [1 5]]]] [{citizen 37} [[""A"" [0 0]]]] [{citizen 8} [[""A"" [0 0]]]] [{citizen 2} [[""A"" [0 0]]]] [{citizen 31} [[""A"" [0 0]]]] [{media 59} [[""A"" [6 6]]]] [{citizen 42} [[""A"" [1 5]]]] [{media 54} [[""A"" [0 0]]]] [{citizen 19} [[""A"" [0 0]]]] [{citizen 28} [[""A"" [5 3]]]] [{citizen 44} [[""A"" [4 5]]]] [{citizen 38} [[""A"" [5 3]]]] [{citizen 21} [[""A"" [5 3]]]] [{citizen 20} [[""A"" [2 0]]]] [{citizen 9} [[""A"" [1 5]]]] [{citizen 32} [[""A"" [4 5]]]] [{citizen 15} [[""A"" [0 1]]]] [{citizen 18} [[""A"" [4 5]]]] [{citizen 16} [[""A"" [5 3]]]] [{citizen 46} [[""A"" [0 0]]]] [{citizen 41} [[""A"" [4 5]]]] [{citizen 43} [[""A"" [0 0]]]] [{citizen 30} [[""A"" [0 0]]]] [{citizen 33} [[""A"" [1 0]]]] [{citizen 10} [[""A"" [0 0]]]] [{citizen 29} [[""A"" [0 0]]]]]"
"24","[128 0 127]","297.55102040816325","-6.178760590341381","3.008747222792598","""circle""","""""","9.9","{breed citizens}","false","0.5","1","""up""",,"[[""ID"" 27] [""alpha"" 1] [""beta"" 1] [""malleable"" [""A""]] [""prior"" []] [""cont_tokens"" []] [""A"" 3]]","[[0 [0 2 3 4 5 6 7 8 9 10 12 13 14]] [1 [16 17 18 19 20 21 22 23 24 25 26 27 28 29]] [2 [30 31 32 33 34 35 36 37 38 39 40 41 42 43 44]] [3 [45 46 47 48 49 50 51 52 53 54 55 56 57 58 59]] [4 [60 61 62 63 64 65 66 67 68 69 70 71 72 73 74]] [5 [75 76 77 78 79 80 81 82 83 84 85 87 88 89]] [6 [90 91 92 93 94 95 96 97 98 99 100 101 102 103 104]] [7 [105 107 109 110 111 112 113 114 115 116 119]] [8 [120 121 122 123 124 125 127 128 129 132 134]] [9 [135 137 138 139 140 142 144 145 146 147 148 149]] [10 [150 151 152 153 154 155 156 157 158 159 160 161 162 163 164]] [11 [165 166 167 168 169 170 171 172 173 174 175 176 177 178 179]] [12 [180 181 182 183 184 185 186 187 188 189 190 191 192 193 194]] [13 [195 196 197 198 199 200 203 205 207 208 209]] [14 [210 211 212 213 214 216 218 219 221 222 223 224]] [15 [225 226 227 228 229 231 232 233 234 235 236 237 238 239]] [16 [240 241 242 243 244 245 246 247 248 249 250 251 252 253 254]] [17 [255 256 257 258 259 260 261 262 263 264 265 266 267 268 269]] [18 [270 271 272 273 274 275 276 277 278 279 280 281 282 283 284]] [19 [285 286 287 288 289 290 291 292 293 294 295 296 297 298 299]] [20 [300 301 302 303 304 305 306 307 308 309 310 311 312 313 314]] [21 [315 316 317 318 319 320 321 322 323 324 325 326 327 328 329]] [22 [330 331 332 333 334 335 336 337 338 339 340 341 342 343 344]] [23 [345 346 347 348 349 350 351 352 353 354 355 356 357 358 359]] [24 [360 361 362 363 364 365 366 367 368 369 370 371 372 373 374]] [25 [375 376 377 378 379 380 381 382 383 384 385 386 387 388 389]] [26 [390 391 392 393 394 395 396 397 398 399 400 401 402 403 404]] [27 [405 406 407 408 409 410 411 412 413 414 415 416 417 418 419]] [28 [420 421 422 423 424 425 427 428 429 430 431 432 433 434]] [29 [435 436 437 438 439 440 441 442 443 444 445 446 447 448 449]] [30 [450 451 452 453 454 455 456 457 458 459 460 461 462 463 464]] [31 [465 466 467 468 469 470 471 472 473 474 475 478 479]] [32 [481 482 490 491 492 493 494]] [33 [495 496 497 498 499 500 501 502 503 504 505 506 507 508 509]] [34 [510 511 512 513 514 515 516 517 518 519 520 521 522 523 524]] [35 [525 526 527 528 529 530 531 532 533 534 535 536 537 538 539]] [36 [540 541 542 543 544 545 546 547 548 549 550 551 552 553 554]] [37 [556 558 559 561 562 563 564 565 566]] [38 [570 571 572 573 574 575 576 577 578 579 581 582]] [39 [586 587 589 590 591 594 596 597 598]] [40 [600 601 602 603 604 605 606 607 608 609 612 613 614]] [41 [615 616 617 618 619 620 621 622 623 624 625 626 627 628 629]] [42 [630 631 632 633 634 635 636 637 638 639 640 641 642 643 644]] [43 [645 646 647 648 649 650 651 652 653 654 655 656 657 658 659]] [44 [660 661 662 663 664 665 666 667 668 669 670 671 672 673 674]] [45 [675 676 677 678 679 680 681 682 683 684 685 686 687 688 689]] [46 [690 691 692 693 694 695 696 697 698 699 700 701 702 703 704]] [47 [705 706 707 708 709 710 711 712 713 714 715 716 717 718 719]] [48 [720 721 722 723 724 725 726 727 728 729 730 731 732 733 734]] [49 [735 736 737 738 739 740 742 743 744 745 746 747 748 749]] [50 [750 751 752 753 754 755 756 757 758 759 760 761 762 763 764]] [51 [765 766 767 768 769 770 771 772 773 774 775 776 777 778 779]] [52 [780 781 782 783 784 785 786 787 788 789 790 791 792 793 794]] [53 [795 796 797 798 799 800 801 802 803 804 805 806 807 808 809]] [54 [810 811 812 813 814 815 816 817 818 819 820 821 822 823 824]] [55 [825 826 827 828 829 830 831 832 833 834 835 836 837 838 839]] [56 [840 841 842 843 844 845 846 847 848 849 850 851 852 853 854]] [57 [855 856 857 858 859 860 861 862 863 864 865 866 867 868 869]] [58 [870 871 872 873 875 876 877 878 879 880 881 882 883 884]] [59 [885 886 887 888 889 890 891 892 893 894 895 896 897 898 899]] [60 [900 901 902 903 904 905 906 907 908 909 910 911 912 913 914]] [61 [915 916 917 918 919 920 921 922 923 924 925 926 927 928 929]] [62 [930 931 932 933 934 935 936 937 938 939 940 941 942 943 944]] [63 [945 946 947 948 949 950 951 953 955 956 957 958 959]] [64 [960 961 962 963 964 965 966 967 968 969 970 971 972 973 974]] [65 [975 976 977 978 979 980 981 982 983 984 985 986 987 988 989]] [66 [990 991 992 993 994 995 996 997 998 999 1000 1001 1002 1003 1004]] [67 [1005 1006 1009 1010 1011 1012 1013 1014 1015 1016 1017 1018 1019]] [68 [1020 1021 1022 1023 1024 1025 1026 1027 1028 1029 1030 1031 1032 1033 1034]] [69 [1035 1036 1037 1038 1039 1040 1041 1043 1045 1046 1047 1048]] [70 [1050 1051 1052 1053 1054 1055 1056 1057 1058 1059 1060 1062 1063 1064]] [71 [1065 1066 1067 1068 1069 1070 1071 1072 1073 1074 1075 1076 1077 1078 1079]] [72 [1080 1081 1082 1083 1084 1085 1086 1087 1088 1089 1090 1091 1092 1093 1094]] [73 [1095 1096 1098 1099 1100 1101 1104 1105 1106 1107 1108 1109]] [74 [1110 1111 1112 1113 1114 1115 1116 1118 1119 1120 1121 1122 1123 1124]] [75 [1125 1126 1127 1128 1129 1130 1131 1132 1134 1135 1136 1137 1138 1139]] [76 [1140 1141 1142 1143 1144 1145 1146 1147 1148 1149 1150 1151 1152 1153 1154]] [77 [1155 1156 1157 1160 1161 1162 1163 1164 1165 1166 1167 1168 1169]] [78 [1170 1171 1172 1173 1174 1175 1176 1177 1178 1179 1180 1181 1182 1183 1184]] [79 [1185 1186 1187 1188 1189 1190 1191 1192 1193 1194 1195 1196 1197 1198 1199]] [80 [1200 1201 1204 1206 1208 1209 1210 1211 1212 1213 1214]] [81 [1215 1217 1218 1219 1220 1221 1222 1223 1224 1225 1226 1227 1228 1229]] [82 [1230 1231 1232 1233 1234 1235 1236 1237 1238 1239 1240 1241 1242 1243 1244]] [83 [1245 1246 1247 1248 1249 1250 1251 1252 1253 1254 1255 1256 1257 1258 1259]] [84 [1260 1261 1262 1263 1267 1268 1269 1270 1272 1274]] [85 [1275 1276 1277 1280 1281 1282 1283 1284 1285 1286 1287 1288 1289]] [86 [1290 1291 1292 1293 1294 1295 1296 1297 1298 1299 1300 1301 1302 1303 1304]] [87 [1305 1306 1307 1308 1309 1310 1311 1312 1313 1314 1315 1316 1317 1318 1319]] [88 [1320 1321 1322 1323 1324 1325 1326 1327 1328 1330 1331 1332 1333 1334]] [89 [1335 1336 1337 1338 1339 1340 1341 1342 1343 1344 1345 1346 1347 1348 1349]] [90 [1350 1351 1352 1353 1354 1355 1356 1357 1358 1359 1360 1361 1362 1363 1364]] [91 [1365 1366 1367 1368 1369 1370 1371 1372 1374 1375 1377 1378 1379]] [92 [1380 1381 1382 1383 1384 1385 1386 1387 1388 1389 1390 1391 1392 1393 1394]] [93 [1395 1396 1397 1398 1399 1400 1401 1402 1403 1404 1405 1406 1407 1408 1409]] [94 [1410 1411 1412 1413 1414 1415 1416 1417 1418 1419 1420 1421 1422 1423 1424]] [95 [1425 1426 1427 1428 1429 1430 1431 1432 1433 1434 1435 1436 1437 1438 1439]] [96 [1440 1441 1442 1444 1445 1446 1447 1448 1449 1450 1451 1452 1453 1454]] [97 [1455 1456 1457 1458 1459 1460 1461 1462 1463 1464 1465 1466 1467 1468 1469]] [98 [1470 1471 1472 1473 1474 1475 1476 1477 1478 1479 1480 1483]] [99 [1485 1486 1487 1490 1491 1492 1493 1494 1495 1496 1497 1498 1499]]]","[[0 [4 5 6 8 12]] [1 [16 17 18 19 20 23 27]] [2 [31 32 33 37 38 41 42]] [3 [45 46 50 51 53 54 55]] [4 [65 66 67 68 71 72]] [5 [77 79 81 82 83 84 87 89]] [6 [90 91 92 93 96 98 99 100 101 102]] [7 [111 113 114 115 116 119]] [8 [122 124 128 129 132 134]] [9 [137 138 144 149]] [10 [150 154 155 156 158 160 161 162 163]] [11 [167 168 171 173 177]] [12 [180 182 183 184 185 186 187 188 190 192]] [13 [195 197 199 200 203 207 208]] [14 [210 211 214 216 219 221 223]] [15 [225 227 229 231 232 233 235 236 237 239]] [16 [241 243 244 248 249 251 254]] [17 [255 258 259 261 267]] [18 [270 271 274 276 279 280 281 282 284]] [19 [285 286 287 289 291 292 296 298]] [20 [300 306 309 310 311 312 314]] [21 [317 318 319 320 321 322 326 329]] [22 [330 331 332 333 335 336 340 343 344]] [23 [345 346 351 353 354 355 358 359]] [24 [360 364 366 367 369 372 373]] [25 [377 379 382 383 384 387 388]] [26 [393 397 399 400 401]] [27 [409 410 412 414 419]] [28 [421 422 424 430 432 434]] [29 [435 437 438 441 442 443 445 446 448]] [30 [450 451 453 454 455 460]] [31 [466 468 472 473 478]] [32 [481 482 490 491 492]] [33 [495 497 498 499 501 502 503 504 505 507 509]] [34 [510 512 513 516 517 519 520 521 522]] [35 [526 528 529 532 535 536 539]] [36 [540 541 542 543 545 546 551]] [37 [556 563 564 565 566]] [38 [575 576 577 578 581 582]] [39 [587 589 591 594 597]] [40 [600 601 602 605 606 607 608 612 613]] [41 [616 621 623 624 625 629]] [42 [631 633 635 636 640 643 644]] [43 [645 647 650 651 655 656 658]] [44 [661 664 665 667 669 671 673]] [45 [676 677 683 686 689]] [46 [690 691 692 698 699 700 701 702 703]] [47 [706 707 709 715 717]] [48 [724 725 727 728 730 731 732 733 734]] [49 [735 736 737 742 743 744 745]] [50 [751 753 758 761 764]] [51 [766 767 769 770 776]] [52 [783 785 786 788]] [53 [795 796 797 802 803 805 806]] [54 [810 812 816 817 818 822 823 824]] [55 [826 827 828 830 831 833 834 838 839]] [56 [841 843 845 849 850 851 853 854]] [57 [855 856 857 859 860 863 864 865 868]] [58 [870 871 872 873 875 878 881 882]] [59 [885 886 887 889 893 894]] [60 [900 902 903 908 914]] [61 [916 920 921 922 925 926 928]] [62 [930 932 934 936 939 941 942 943 944]] [63 [946 948 949 950 951 953 955 959]] [64 [960 962 963 967 968 969 970 971 972]] [65 [976 977 979 980 981 987 989]] [66 [990 991 994 995 997 999 1001]] [67 [1005 1006 1009 1010 1011 1012 1014 1015]] [68 [1020 1022 1024 1026 1030 1031 1033]] [69 [1035 1037 1038 1039 1040 1046 1047]] [70 [1051 1052 1053 1054 1058 1059 1063 1064]] [71 [1065 1067 1068 1073 1074 1075 1076]] [72 [1081 1083 1084 1086 1090 1094]] [73 [1095 1096 1098 1099 1100 1101 1104 1105 1108 1109]] [74 [1111 1113 1114 1116 1118 1119 1121 1122 1123]] [75 [1126 1127 1128 1129 1130 1131 1134 1135 1136]] [76 [1140 1142 1144 1146 1148 1149 1153]] [77 [1155 1156 1157 1160 1162 1163]] [78 [1170 1171 1172 1174 1176 1177 1181]] [79 [1186 1188 1189 1190 1192 1193 1194 1198 1199]] [80 [1200 1201 1204 1206 1208 1210 1211 1212 1213]] [81 [1217 1220 1222 1223 1224 1225]] [82 [1230 1231 1240 1243 1244]] [83 [1245 1246 1251 1252 1253 1254 1258]] [84 [1261 1262 1263 1268 1269 1270 1274]] [85 [1275 1276 1277 1280 1282 1284 1285 1287]] [86 [1290 1292 1293 1294 1296 1300 1303 1304]] [87 [1306 1308 1310 1313 1314 1315 1316 1319]] [88 [1321 1322 1323 1324 1325 1328 1332 1333]] [89 [1335 1336 1340 1341 1343 1346 1348 1349]] [90 [1350 1351 1355 1356 1358 1360 1362 1363]] [91 [1365 1366 1367 1371 1372 1374 1375 1377]] [92 [1381 1383 1385 1386 1389 1391 1392 1394]] [93 [1399 1400 1402 1404 1405 1407 1408]] [94 [1410 1412 1413 1414 1415 1417 1422 1423 1424]] [95 [1426 1428 1429 1431 1435 1438 1439]] [96 [1440 1441 1442 1444 1445 1450 1453 1454]] [97 [1455 1457 1459 1464 1467 1468 1469]] [98 [1470 1471 1472 1473 1474 1475 1479]] [99 [1486 1487 1490 1491 1494 1496 1499]]]",,"[[{media 50} [[""A"" [0 0]]]] [{media 51} [[""A"" [3 3]]]] [{media 52} [[""A"" [3 3]]]] [{media 53} [[""A"" [1 1]]]] [{media 55} [[""A"" [2 2]]]] [{media 56} [[""A"" [5 5]]]] [{media 58} [[""A"" [4 4]]]] [{media 60} [[""A"" [3 3]]]] [{media 62} [[""A"" [4 4]]]] [{citizen 0} [[""A"" [0 0]]]] [{media 59} [[""A"" [6 6]]]] [{citizen 12} [[""A"" [0 0]]]] [{media 64} [[""A"" [5 5]]]] [{citizen 1} [[""A"" [5 3]]]] [{citizen 4} [[""A"" [5 5]]]] [{citizen 6} [[""A"" [0 0]]]] [{citizen 14} [[""A"" [5 3]]]] [{citizen 17} [[""A"" [0 0]]]] [{media 63} [[""A"" [5 5]]]] [{citizen 3} [[""A"" [0 0]]]] [{media 57} [[""A"" [1 1]]]] [{citizen 36} [[""A"" [1 3]]]] [{citizen 5} [[""A"" [4 5]]]] [{citizen 27} [[""A"" [3 0]]]] [{citizen 22} [[""A"" [4 5]]]] [{citizen 48} [[""A"" [0 0]]]] [{citizen 47} [[""A"" [0 0]]]] [{citizen 39} [[""A"" [1 0]]]] [{citizen 26} [[""A"" [5 3]]]] [{citizen 7} [[""A"" [4 5]]]] [{citizen 13} [[""A"" [4 3]]]] [{citizen 25} [[""A"" [0 0]]]] [{citizen 40} [[""A"" [5 3]]]] [{citizen 37} [[""A"" [0 0]]]] [{citizen 8} [[""A"" [0 0]]]] [{citizen 2} [[""A"" [0 0]]]] [{citizen 31} [[""A"" [0 0]]]] [{citizen 45} [[""A"" [0 3]]]] [{citizen 19} [[""A"" [0 0]]]] [{media 61} [[""A"" [0 0]]]] [{citizen 42} [[""A"" [1 3]]]] [{media 54} [[""A"" [0 0]]]] [{citizen 11} [[""A"" [4 3]]]] [{citizen 49} [[""A"" [1 0]]]] [{citizen 28} [[""A"" [5 3]]]] [{citizen 44} [[""A"" [4 5]]]] [{citizen 38} [[""A"" [4 3]]]] [{citizen 21} [[""A"" [5 3]]]] [{citizen 20} [[""A"" [1 0]]]] [{citizen 9} [[""A"" [5 3]]]] [{citizen 32} [[""A"" [4 5]]]] [{citizen 15} [[""A"" [0 0]]]] [{citizen 18} [[""A"" [3 4]]]] [{citizen 16} [[""A"" [5 3]]]] [{citizen 46} [[""A"" [0 0]]]] [{citizen 41} [[""A"" [4 5]]]] [{citizen 43} [[""A"" [0 0]]]] [{citizen 30} [[""A"" [0 0]]]] [{citizen 23} [[""A"" [1 0]]]] [{citizen 33} [[""A"" [1 0]]]] [{citizen 34} [[""A"" [0 0]]]] [{citizen 29} [[""A"" [0 0]]]] [{citizen 10} [[""A"" [0 0]]]] [{citizen 35} [[""A"" [4 3]]]]]"
"25","[255 0 0]","182.20408163265307","-0.698162005724031","-14.58313322714575","""circle""","""""","9.9","{breed citizens}","false","0.5","1","""up""",,"[[""ID"" 33] [""alpha"" 1] [""beta"" 1] [""malleable"" [""A""]] [""prior"" []] [""cont_tokens"" []] [""A"" 0]]","[[0 [0 1 3 4 5 6 7 8 9 10 12 13 14]] [1 [15 16 17 18 19 20 21 22 23 24 25 26 27 28 29]] [2 [30 31 32 33 34 35 36 37 38 39 40 41 42 43 44]] [3 [45 46 47 48 49 50 51 52 53 54 55 56 57 58 59]] [4 [60 61 62 63 64 65 66 67 68 69 70 71 72 73 74]] [5 [75 76 77 78 79 80 81 82 83 84 85 86 87 88 89]] [6 [90 91 92 93 94 95 96 97 98 99 100 101 102 103 104]] [7 [105 106 107 108 109 110 111 112 113 114 115 116 119]] [8 [120 121 122 123 124 125 127 128 129 132 134]] [9 [135 137 138 139 140 142 144 145 146 147 148 149]] [10 [150 151 152 153 154 155 156 158 159 160 161 162 163 164]] [11 [165 166 167 168 169 170 171 172 173 174 175 176 177 178 179]] [12 [180 181 182 183 184 185 186 187 188 189 190 191 192 193 194]] [13 [195 196 197 198 199 200 203 205 207 208 209]] [14 [210 211 212 213 214 216 218 219 221 222 223 224]] [15 [225 226 227 228 229 231 232 233 234 235 236 237 238 239]] [16 [240 241 242 243 244 245 246 247 248 249 250 251 252 253 254]] [17 [255 256 257 258 259 260 261 262 263 264 265 266 267 268 269]] [18 [270 271 272 273 274 275 276 277 278 279 280 281 282 283 284]] [19 [285 286 287 288 289 290 291 292 293 294 295 296 297 298 299]] [20 [300 301 302 303 304 305 306 307 308 309 310 311 312 313 314]] [21 [315 316 317 318 319 320 321 322 323 324 325 326 327 328 329]] [22 [330 331 332 333 334 335 336 338 340 343 344]] [23 [345 346 347 348 349 350 351 352 353 354 355 356 357 358 359]] [24 [360 361 362 363 364 365 366 367 368 369 370 371 372 373 374]] [25 [375 376 377 378 379 380 381 382 383 384 385 386 387 388 389]] [26 [390 391 392 393 394 395 396 397 398 399 400 401 402 403 404]] [27 [405 406 407 408 409 410 411 412 413 414 415 416 417 418 419]] [28 [420 421 422 423 424 425 427 428 429 430 431 432 433 434]] [29 [435 436 437 438 439 440 441 442 443 444 445 446 447 448 449]] [30 [450 451 452 453 454 455 456 457 458 459 460 461 462 463 464]] [31 [465 466 467 468 469 470 471 472 473 474 475 476 477 478 479]] [32 [480 485 486 487 488 489 490 491 492]] [33 [495 496 497 498 499 501 502 503 504 505 506 507 508 509]] [34 [510 511 512 513 514 515 516 517 518 519 520 521 522 523 524]] [35 [525 526 527 528 529 530 531 532 533 534 535 536 537 538 539]] [36 [540 541 542 543 544 545 546 547 548 549 550 551 552 553 554]] [37 [555 556 557 558 559 561 562 563 564 565 566]] [38 [570 571 572 573 574 575 576 577 578 579 581 582]] [39 [586 587 589 590 591 594 596 597 598]] [40 [600 601 602 603 604 605 606 607 608 609 612 613 614]] [41 [615 616 617 618 619 620 621 622 623 624 625 626 627 628 629]] [42 [630 631 632 633 634 635 636 637 638 639 640 641 642 643 644]] [43 [645 646 647 648 649 650 651 652 653 654 655 656 657 658 659]] [44 [660 661 662 663 664 665 666 667 668 669 670 671 672 673 674]] [45 [675 676 677 678 679 680 681 682 683 684 685 686 687 688 689]] [46 [690 691 692 693 694 695 696 697 698 699 700 701 702 703 704]] [47 [705 706 707 708 709 710 711 712 713 714 715 716 717 718 719]] [48 [720 721 722 723 724 725 726 727 728 729 730 731 732 733 734]] [49 [735 736 737 738 739 740 742 743 744 745 746 747 748 749]] [50 [750 751 752 753 754 755 756 757 758 759 760 761 762 763 764]] [51 [765 766 767 768 769 770 771 772 773 774 775 776 777 778 779]] [52 [780 781 782 783 784 785 786 787 788 789 790 791 792 793 794]] [53 [795 796 797 798 799 800 801 802 803 804 805 806 807 808 809]] [54 [810 811 812 813 814 815 816 817 818 819 820 821 822 823 824]] [55 [825 826 827 828 829 830 831 832 833 834 835 836 837 838 839]] [56 [840 841 842 843 844 845 846 847 848 849 850 851 852 853 854]] [57 [855 856 857 858 859 860 862 863 864 865 866 867 868 869]] [58 [870 871 872 873 874 875 876 877 878 879 880 881 882 883 884]] [59 [885 886 887 888 889 890 891 892 893 894 895 896 897 898 899]] [60 [900 901 902 903 904 905 906 907 908 909 910 911 912 913 914]] [61 [915 916 917 918 919 920 921 922 923 924 925 926 927 928 929]] [62 [930 931 932 933 934 935 936 937 938 939 940 941 942 943 944]] [63 [945 946 947 948 949 950 951 953 955 956 957 958 959]] [64 [960 961 962 963 964 965 966 967 968 969 970 971 972 973 974]] [65 [975 976 977 978 979 980 981 982 983 984 985 986 987 988 989]] [66 [990 991 992 993 994 995 996 997 998 999 1000 1001 1002 1003 1004]] [67 [1005 1006 1009 1010 1011 1012 1013 1014 1015 1016 1017 1018 1019]] [68 [1020 1021 1022 1023 1024 1025 1026 1027 1028 1029 1030 1031 1032 1033]] [69 [1035 1036 1037 1038 1039 1040 1041 1043 1045 1046 1047 1048]] [70 [1050 1051 1052 1053 1054 1055 1056 1057 1058 1059 1060 1062 1063 1064]] [71 [1065 1067 1068 1069 1070 1071 1072 1073 1074 1075 1076 1077 1078 1079]] [72 [1080 1081 1082 1083 1084 1085 1086 1087 1088 1089 1090 1091 1092 1093 1094]] [73 [1095 1096 1098 1099 1100 1101 1104 1105 1106 1107 1108 1109]] [74 [1110 1111 1112 1113 1114 1115 1116 1118 1119 1120 1121 1122 1123 1124]] [75 [1125 1126 1127 1128 1129 1130 1131 1132 1134 1135 1136 1137 1138 1139]] [76 [1140 1142 1143 1144 1145 1146 1147 1148 1149 1150 1151 1152 1153 1154]] [77 [1155 1156 1157 1158 1159 1160 1161 1162 1163 1164 1165 1166 1167 1168 1169]] [78 [1170 1171 1172 1173 1174 1175 1176 1177 1178 1179 1180 1181 1182 1183 1184]] [79 [1185 1186 1187 1188 1189 1190 1191 1192 1193 1194 1195 1196 1197 1198 1199]] [80 [1200 1201 1202 1203 1204 1205 1206 1207 1208 1209 1210 1211 1212 1213 1214]] [81 [1215 1217 1218 1219 1220 1221 1222 1223 1224 1225 1226 1227 1228 1229]] [82 [1230 1231 1232 1233 1234 1235 1236 1237 1238 1239 1240 1241 1242 1243 1244]] [83 [1245 1246 1247 1248 1249 1250 1251 1252 1253 1254 1255 1256 1257 1258 1259]] [84 [1260 1261 1262 1263 1264 1265 1266 1267 1268 1269 1270 1271 1272 1273 1274]] [85 [1275 1276 1277 1280 1281 1282 1283 1284 1285 1286 1287 1288 1289]] [86 [1290 1291 1292 1293 1294 1295 1296 1297 1298 1299 1300 1301 1302 1303 1304]] [87 [1305 1306 1307 1308 1309 1310 1311 1312 1313 1314 1315 1316 1317 1318 1319]] [88 [1320 1321 1322 1323 1324 1325 1326 1327 1328 1330 1331 1332 1333 1334]] [89 [1335 1336 1337 1338 1339 1340 1341 1342 1343 1344 1345 1346 1347 1348 1349]] [90 [1350 1351 1352 1353 1354 1355 1356 1357 1358 1359 1360 1361 1362 1363 1364]] [91 [1365 1366 1367 1368 1369 1370 1371 1372 1373 1374 1375 1376 1377 1378 1379]] [92 [1380 1381 1382 1383 1384 1385 1386 1387 1388 1389 1390 1391 1392 1393 1394]] [93 [1395 1396 1397 1398 1399 1400 1401 1402 1403 1404 1405 1406 1407 1408 1409]] [94 [1410 1411 1412 1413 1414 1415 1416 1417 1418 1419 1420 1421 1422 1423 1424]] [95 [1425 1426 1427 1428 1429 1430 1431 1432 1433 1434 1435 1436 1437 1438 1439]] [96 [1440 1441 1442 1444 1445 1446 1447 1448 1449 1450 1451 1452 1453 1454]] [97 [1455 1456 1457 1458 1459 1460 1461 1463 1464 1465 1467 1468 1469]] [98 [1470 1471 1472 1473 1474 1475 1476 1477 1478 1479 1480 1483]] [99 [1485 1486 1487 1488 1489 1490 1491 1492 1493 1494 1495 1496 1497 1498 1499]]]","[[0 [3 7 9 13 14]] [1 [15 17 18 19 20 23 27 29]] [2 [31 32 33 36 40 43 44]] [3 [47 49 50 51 53 54 55 59]] [4 [60 63 64 66 67 68 71 72]] [5 [77 79 81 82 83 87]] [6 [90 91 92 93 96 98 99 100 101 102]] [7 [111 113 114 115 116 119]] [8 [122 124 125 127 128 129 132 134]] [9 [137 138 142 144 145 146 147 148]] [10 [154 155 156 160 163]] [11 [166 167 168 171 173 177]] [12 [180 182 183 184 186 187 190 192]] [13 [195 196 197 199 200 203]] [14 [210 211 212 218 219 221 223]] [15 [225 227 228 229 231 233 235 236 237 239]] [16 [241 243 244 245 248 250 252]] [17 [257 260 262 263 264 265 266 267]] [18 [270 271 274 276 280 283]] [19 [285 286 287 289 291 292 296 298]] [20 [300 306 309 310 312 313]] [21 [316 318 319 320 321 322 324 329]] [22 [330 331 332 333 335 336 338]] [23 [346 351 353 354 355 358]] [24 [360 364 366 367 369 371 374]] [25 [375 376 380 381 382 383 384 387 388]] [26 [393 397 399 400 401]] [27 [409 410 412 414 419]] [28 [421 422 424 430 431 432 434]] [29 [435 438 439 440 444 446 447]] [30 [452 453 456 457 458 461 462 463 464]] [31 [465 467 470 471 474 475]] [32 [480 485 486 487 488 489]] [33 [495 496 497 498 499 501 506 508]] [34 [511 518 519 521 522]] [35 [526 527 529 532 535 537 538 539]] [36 [540 541 542 545 546 551]] [37 [556 563 564 565 566]] [38 [575 576 577 578 581 582]] [39 [587 589 596 597 598]] [40 [600 601 602 605 606 607 608 613]] [41 [615 618 620 621 623 624 625 627 629]] [42 [631 632 633 635 636 639 640 643]] [43 [645 647 649 650 651 655 656 658]] [44 [661 664 665 667 668 669 671 673]] [45 [676 677 683 686 689]] [46 [690 691 692 698 699 700]] [47 [705 706 707 708 710 712 715 716 718 719]] [48 [720 721 722 723 725 732 733 734]] [49 [735 738 740 746 747 748 749]] [50 [750 752 753 755 759 760 763]] [51 [765 767 768 769 770 776 779]] [52 [782 783 785 786 788]] [53 [795 797 802 803 804 805 806]] [54 [810 812 816 817 818 820 822 823 824]] [55 [826 827 828 829 830 831 833 836 837]] [56 [840 846 847 848 852]] [57 [855 856 857 859 860 862 863 864 865 868 869]] [58 [870 871 872 873 880 881 882 884]] [59 [885 886 887 889 893 894]] [60 [900 902 903 908 909 911 912 913]] [61 [916 920 921 922 925 926 928]] [62 [930 935 937 942 943 944]] [63 [946 948 949 950 951 953 955 957 958]] [64 [960 962 963 967 968 969 970 971 972]] [65 [976 977 979 980 981 987 989]] [66 [990 991 994 995 996 999 1001]] [67 [1006 1009 1013 1019]] [68 [1021 1023 1025 1027 1028 1031 1033]] [69 [1035 1037 1038 1039 1040 1046 1047]] [70 [1050 1056 1058 1059 1062 1063 1064]] [71 [1065 1067 1070 1071 1072 1074 1076]] [72 [1081 1082 1085 1087 1088 1089 1091 1092 1094]] [73 [1095 1096 1098 1099 1100 1101 1104 1105 1108 1109]] [74 [1111 1113 1115 1116 1118 1120 1124]] [75 [1130 1131 1132 1134 1135 1136 1138]] [76 [1140 1142 1144 1145 1146 1148 1150 1151 1152 1154]] [77 [1158 1166 1168 1169]] [78 [1174 1176 1177 1181]] [79 [1186 1188 1189 1190 1192 1193 1194 1198 1199]] [80 [1200 1201 1204 1206 1208 1210 1212 1213 1214]] [81 [1215 1218 1219 1220 1221 1223 1224 1225]] [82 [1230 1231 1238 1239 1240 1243 1244]] [83 [1245 1246 1251 1252 1253 1254]] [84 [1260 1262 1263 1268 1269 1270 1274]] [85 [1275 1276 1277 1282 1283 1288 1289]] [86 [1290 1292 1294 1300 1302 1303 1304]] [87 [1306 1307 1308 1311 1313 1317 1318 1319]] [88 [1321 1322 1323 1324 1325 1330 1331 1334]] [89 [1337 1338 1342 1344 1345 1348 1349]] [90 [1352 1356 1358 1359 1361]] [91 [1368 1369 1370 1372 1374 1375 1377]] [92 [1381 1383 1385 1386 1387 1388 1390 1393]] [93 [1395 1396 1401 1403 1405 1407]] [94 [1410 1412 1413 1414 1415 1417 1421]] [95 [1425 1427 1428 1431 1433 1436 1437 1439]] [96 [1440 1441 1442 1444 1445 1450 1451 1452 1453 1454]] [97 [1455 1457 1459 1464 1467 1468 1469]] [98 [1470 1471 1477 1478 1483]] [99 [1485 1486 1487 1492 1493 1497 1498]]]",,"[[{media 50} [[""A"" [0 0]]]] [{media 51} [[""A"" [3 3]]]] [{media 52} [[""A"" [3 3]]]] [{media 53} [[""A"" [1 1]]]] [{media 55} [[""A"" [2 2]]]] [{media 56} [[""A"" [5 5]]]] [{media 57} [[""A"" [1 1]]]] [{media 58} [[""A"" [4 4]]]] [{media 60} [[""A"" [3 3]]]] [{media 62} [[""A"" [4 4]]]] [{media 64} [[""A"" [5 5]]]] [{citizen 0} [[""A"" [3 0]]]] [{citizen 4} [[""A"" [4 5]]]] [{media 61} [[""A"" [0 0]]]] [{citizen 3} [[""A"" [1 1]]]] [{citizen 23} [[""A"" [2 1]]]] [{citizen 1} [[""A"" [4 5]]]] [{citizen 6} [[""A"" [0 0]]]] [{citizen 17} [[""A"" [2 0]]]] [{citizen 14} [[""A"" [5 3]]]] [{media 63} [[""A"" [5 5]]]] [{citizen 26} [[""A"" [4 5]]]] [{citizen 39} [[""A"" [0 1]]]] [{citizen 45} [[""A"" [2 0]]]] [{citizen 36} [[""A"" [3 4]]]] [{citizen 5} [[""A"" [4 5]]]] [{citizen 27} [[""A"" [0 1]]]] [{citizen 22} [[""A"" [4 5]]]] [{citizen 48} [[""A"" [1 0]]]] [{citizen 12} [[""A"" [1 0]]]] [{citizen 47} [[""A"" [0 1]]]] [{citizen 7} [[""A"" [4 5]]]] [{citizen 13} [[""A"" [4 4]]]] [{citizen 11} [[""A"" [2 4]]]] [{citizen 49} [[""A"" [2 0]]]] [{citizen 35} [[""A"" [4 4]]]] [{citizen 34} [[""A"" [2 0]]]] [{citizen 37} [[""A"" [2 0]]]] [{citizen 8} [[""A"" [0 0]]]] [{citizen 2} [[""A"" [0 0]]]] [{citizen 31} [[""A"" [0 0]]]] [{citizen 19} [[""A"" [0 1]]]] [{media 59} [[""A"" [6 6]]]] [{media 54} [[""A"" [0 0]]]] [{citizen 28} [[""A"" [5 3]]]] [{citizen 44} [[""A"" [4 5]]]] [{citizen 38} [[""A"" [4 3]]]] [{citizen 40} [[""A"" [4 3]]]] [{citizen 21} [[""A"" [5 3]]]] [{citizen 20} [[""A"" [1 2]]]] [{citizen 9} [[""A"" [4 5]]]] [{citizen 15} [[""A"" [0 1]]]] [{citizen 18} [[""A"" [3 4]]]] [{citizen 42} [[""A"" [2 4]]]] [{citizen 16} [[""A"" [5 3]]]] [{citizen 24} [[""A"" [4 4]]]] [{citizen 33} [[""A"" [5 0]]]] [{citizen 10} [[""A"" [0 1]]]] [{citizen 41} [[""A"" [4 5]]]] [{citizen 46} [[""A"" [0 1]]]] [{citizen 32} [[""A"" [4 5]]]] [{citizen 43} [[""A"" [0 0]]]] [{citizen 30} [[""A"" [0 0]]]] [{citizen 29} [[""A"" [0 0]]]]]"
"26","[128 0 127]","304.8979591836734","-6.035931697524776","4.561549982179731","""circle""","""""","9.9","{breed citizens}","false","0.5","1","""up""",,"[[""ID"" 6] [""alpha"" 1] [""beta"" 1] [""malleable"" [""A""]] [""prior"" []] [""cont_tokens"" []] [""A"" 3]]","[[0 [0 1 2 3 4 5 6 7 9 10 11 12 13 14]] [1 [15 16 17 18 19 20 21 22 23 24 25 26 27 28 29]] [2 [30 31 32 33 34 35 36 37 38 39 40 41 42 43 44]] [3 [45 46 47 48 49 50 51 52 53 54 55 56 57 58 59]] [4 [60 61 62 63 64 65 66 67 68 69 70 71 72 73 74]] [5 [75 76 77 78 79 80 81 82 83 84 85 86 87 88 89]] [6 [90 91 92 93 94 95 96 97 98 99 100 101 102 103 104]] [7 [105 107 109 110 111 112 113 114 115 116 119]] [8 [120 121 122 123 124 125 127 128 129 132 134]] [9 [135 137 138 139 140 142 144 145 146 147 148 149]] [10 [150 151 152 153 154 155 156 157 158 159 160 161 162 163 164]] [11 [165 166 167 168 169 170 171 172 173 174 175 176 177 178 179]] [12 [180 181 182 183 184 185 186 187 188 189 190 191 192 193 194]] [13 [195 196 197 198 199 200 203 205 207 208 209]] [14 [210 211 212 213 214 216 218 219 221 222 223 224]] [15 [225 226 227 228 229 231 232 233 234 235 236 237 238 239]] [16 [240 241 242 243 244 245 246 247 248 249 250 251 252 253 254]] [17 [255 256 257 258 259 260 261 262 263 264 265 266 267 268 269]] [18 [270 271 272 273 274 275 276 277 278 279 280 281 282 283 284]] [19 [285 286 287 288 289 290 291 292 293 294 295 296 297 298 299]] [20 [300 301 302 303 304 305 306 307 308 309 310 311 312 313 314]] [21 [315 316 317 318 319 320 321 322 323 324 325 326 327 328 329]] [22 [330 331 332 333 334 335 336 338 340 343 344]] [23 [345 346 347 348 349 350 351 352 353 354 355 356 357 358 359]] [24 [360 361 362 363 364 365 366 367 368 369 370 371 372 373 374]] [25 [375 376 377 378 379 380 381 382 383 384 385 386 387 388 389]] [26 [390 391 392 393 394 395 396 397 398 399 400 401 402 403 404]] [27 [405 406 407 408 409 410 411 412 413 414 415 416 417 418 419]] [28 [420 421 422 423 424 425 427 428 429 430 431 432 433 434]] [29 [435 436 437 438 439 440 441 442 443 444 445 446 447 448 449]] [30 [450 451 452 453 454 455 456 457 458 459 460 461 462 463 464]] [31 [465 466 467 468 469 470 471 472 473 474 475 476 477 478 479]] [32 [480 481 482 485 486 487 488 489 490 491 492 493 494]] [33 [495 496 497 498 499 500 501 502 503 504 505 506 507 508 509]] [34 [510 511 512 513 514 515 516 517 518 519 520 521 522 523 524]] [35 [525 526 527 528 529 530 531 532 533 534 535 536 537 538 539]] [36 [540 541 542 543 544 545 546 547 548 549 550 551 552 553 554]] [37 [555 556 557 558 559 561 562 563 564 565 566]] [38 [570 571 572 573 574 575 576 577 578 579 581 582]] [39 [586 587 589 590 591 594 596 597 598]] [40 [600 601 602 603 604 605 606 607 608 609 612 613 614]] [41 [615 616 617 618 619 620 621 622 623 624 625 626 627 628 629]] [42 [630 631 632 633 634 635 636 637 638 639 640 641 642 643 644]] [43 [645 646 647 648 649 650 651 652 653 654 655 656 657 658 659]] [44 [660 661 662 663 664 665 666 667 668 669 670 671 672 673 674]] [45 [676 677 678 679 680 681 682 683 684 685 686 687 688 689]] [46 [690 691 692 693 694 695 696 697 698 699 700 701 702 703 704]] [47 [705 706 707 708 709 710 711 712 713 714 715 716 717 718 719]] [48 [720 721 722 723 724 725 726 727 728 729 730 731 732 733 734]] [49 [735 736 737 738 739 740 742 743 744 745 746 747 748 749]] [50 [750 751 752 753 754 755 756 757 758 759 760 761 762 763 764]] [51 [765 766 767 768 769 770 771 772 773 774 775 776 777 778 779]] [52 [780 781 782 783 784 785 786 787 788 789 790 791 792 793 794]] [53 [795 796 797 798 799 800 801 802 803 804 805 806 807 808 809]] [54 [810 811 812 813 814 815 816 817 818 819 820 821 822 823 824]] [55 [825 826 827 828 829 830 831 833 834 835 836 837 838 839]] [56 [840 841 842 843 844 845 846 847 848 849 850 851 852 853 854]] [57 [855 856 857 858 859 860 861 862 863 864 865 866 867 868 869]] [58 [870 871 872 873 874 875 876 877 878 879 880 881 882 883 884]] [59 [885 886 887 888 889 890 891 892 893 894 895 896 897 898 899]] [60 [900 901 902 903 904 905 906 907 908 909 910 911 912 913 914]] [61 [915 916 917 918 919 920 921 922 923 924 925 926 927 928 929]] [62 [930 931 932 933 934 935 936 937 938 939 940 941 942 943 944]] [63 [945 946 947 948 949 950 951 953 955 956 957 958 959]] [64 [960 961 962 963 964 965 966 967 968 969 970 971 972 973 974]] [65 [975 976 977 978 979 980 981 982 983 984 985 986 987 988 989]] [66 [990 991 992 993 994 995 996 997 998 999 1000 1001 1002 1003 1004]] [67 [1005 1006 1007 1008 1009 1010 1011 1012 1013 1014 1015 1016 1017 1018 1019]] [68 [1020 1021 1022 1023 1024 1025 1026 1027 1028 1029 1030 1031 1032 1033]] [69 [1035 1036 1037 1038 1039 1040 1041 1043 1045 1046 1047 1048]] [70 [1050 1051 1052 1053 1054 1055 1056 1057 1058 1059 1060 1062 1063 1064]] [71 [1065 1066 1067 1068 1069 1070 1071 1072 1073 1074 1075 1076 1077 1078 1079]] [72 [1080 1081 1082 1083 1084 1085 1086 1087 1088 1089 1090 1091 1092 1093 1094]] [73 [1095 1096 1097 1098 1099 1100 1101 1102 1103 1104 1105 1107 1108 1109]] [74 [1110 1111 1112 1113 1114 1115 1116 1118 1119 1120 1121 1122 1123 1124]] [75 [1125 1126 1127 1128 1129 1130 1131 1132 1133 1134 1135 1136 1137 1138 1139]] [76 [1140 1141 1142 1143 1144 1145 1146 1147 1148 1149 1150 1151 1152 1153 1154]] [77 [1155 1156 1157 1158 1159 1160 1161 1162 1163 1164 1165 1166 1167 1168 1169]] [78 [1170 1171 1172 1173 1174 1175 1176 1177 1178 1179 1180 1181 1182 1183 1184]] [79 [1185 1186 1187 1188 1189 1190 1191 1192 1193 1194 1195 1196 1197 1198 1199]] [80 [1200 1201 1202 1203 1204 1205 1206 1207 1208 1209 1210 1211 1212 1213 1214]] [81 [1215 1217 1218 1219 1220 1221 1222 1223 1224 1225 1226 1227 1228 1229]] [82 [1230 1231 1232 1233 1234 1235 1236 1237 1238 1239 1240 1241 1242 1243 1244]] [83 [1245 1246 1247 1248 1249 1250 1251 1252 1253 1254 1255 1256 1257 1258 1259]] [84 [1260 1261 1262 1263 1264 1265 1266 1267 1268 1269 1270 1271 1272 1273 1274]] [85 [1275 1276 1277 1278 1279 1280 1281 1282 1283 1284 1285 1286 1287 1288 1289]] [86 [1290 1291 1292 1293 1294 1296 1297 1298 1299 1300 1301 1302 1303 1304]] [87 [1305 1306 1307 1308 1309 1310 1311 1312 1313 1314 1315 1316 1317 1318 1319]] [88 [1320 1321 1322 1323 1324 1325 1326 1327 1328 1330 1331 1332 1333 1334]] [89 [1335 1336 1337 1338 1339 1340 1341 1342 1343 1344 1345 1346 1347 1348 1349]] [90 [1350 1351 1352 1353 1354 1355 1356 1357 1358 1359 1360 1361 1362 1363 1364]] [91 [1365 1366 1368 1369 1370 1371 1372 1373 1374 1375 1376 1377 1378 1379]] [92 [1380 1381 1382 1383 1384 1385 1386 1387 1388 1389 1390 1391 1392 1393 1394]] [93 [1395 1396 1397 1398 1399 1400 1401 1402 1403 1404 1405 1406 1407 1408 1409]] [94 [1410 1411 1412 1413 1414 1415 1416 1417 1418 1419 1420 1421 1422 1423 1424]] [95 [1425 1426 1427 1428 1429 1430 1431 1432 1433 1434 1435 1436 1437 1438 1439]] [96 [1440 1441 1442 1444 1445 1446 1447 1448 1449 1450 1451 1452 1453 1454]] [97 [1455 1456 1457 1458 1459 1460 1461 1463 1464 1465 1467 1468 1469]] [98 [1470 1471 1472 1473 1474 1475 1476 1477 1478 1479 1480 1482 1483]] [99 [1485 1486 1487 1488 1489 1490 1491 1492 1493 1494 1495 1496 1497 1498 1499]]]","[[0 [0 4 5 7 9 10 13 14]] [1 [15 17 18 19 20 23 27 29]] [2 [31 32 33 37 38 41 42]] [3 [45 46 50 51 56 58]] [4 [60 63 64 66 69 70 73 74]] [5 [75 76 78 80 81 82 83 84 87 88]] [6 [92 93 98 99 100 101 102]] [7 [111 112 113 114 116 119]] [8 [122 124 129 132 134]] [9 [137 140 142 144]] [10 [150 154 155 156 160 161 162]] [11 [166 169 171 173 177 178 179]] [12 [180 183 184 185 186 187 190 192]] [13 [198 200 203 205 207 208]] [14 [210 211 214 216 219 221 223]] [15 [225 227 229 231 232 233 235 236 237 239]] [16 [241 243 244 245 248 249 251 252]] [17 [257 260 262 263 264 265 266 267]] [18 [270 271 274 276 280 284]] [19 [285 286 287 289 291 292 294 296 298]] [20 [300 306 309 310 312 313]] [21 [316 318 319 320 322 326 329]] [22 [330 331 332 333 335 336 338]] [23 [347 350 353 354 359]] [24 [360 364 367 369 371 374]] [25 [375 376 380 381 382 383 384 387 389]] [26 [390 391 392 394 395 396 398 403]] [27 [405 407 408 411 413 415 416 417]] [28 [420 421 422 424 430 432 434]] [29 [439 440 444 446 448]] [30 [450 451 454 455 458 461 462 463 464]] [31 [465 467 469 470 471 474 475]] [32 [480 485 486 487 488 489 492]] [33 [496 497 498 499 501 502 508]] [34 [511 518 520 521 522]] [35 [526 528 529 532 535 536]] [36 [540 541 542 543 545 546 551]] [37 [556 558 559 561 562 565 566]] [38 [575 576 577 578 581 582]] [39 [587 589 591 594 597 598]] [40 [600 601 602 605 606 607 608 612 613]] [41 [616 621 623 624 625 627 629]] [42 [631 633 635 636 640 643]] [43 [645 647 649 650 651 658]] [44 [661 665 667 669 671 673]] [45 [676 677 683 686 688]] [46 [691 692 698 699 700 701 702 703]] [47 [706 707 709 715 717]] [48 [724 725 729]] [49 [737 742 743 744 745 746 747 748 749]] [50 [750 752 754 756 757 761 764]] [51 [766 767 768 769 770 778]] [52 [780 781 784 787 789 790 792 793 794]] [53 [795 796 797 802 803 805 806 808]] [54 [811 814 815 819 821]] [55 [829 830 831 833 834 835 838]] [56 [840 841 843 845 849 853 854]] [57 [858 860 863 865 868 869]] [58 [870 871 872 873 875 878 880 883]] [59 [888 890 891 892 895 896 897 899]] [60 [901 904 905 907 910 911 912 913 914]] [61 [916 917 919 929]] [62 [930 935 937 938 940 942 943 944]] [63 [946 947 949 950 953 955 957 958]] [64 [960 962 966 973 974]] [65 [975 978 982 983 984 985 986]] [66 [991 994 995 996 999 1001]] [67 [1005 1006 1009 1013 1018 1019]] [68 [1021 1023 1028 1029 1030 1031 1033]] [69 [1035 1037 1038 1039 1040 1046 1047]] [70 [1051 1052 1054 1056 1058 1059 1063 1064]] [71 [1065 1069 1071 1072 1074 1076]] [72 [1081 1082 1085 1087 1088 1093]] [73 [1097 1102 1103 1109]] [74 [1111 1113 1115 1116 1118 1119 1122]] [75 [1125 1126 1127 1128 1129 1131 1132 1134 1135 1136 1138]] [76 [1140 1142 1143 1147 1149 1153]] [77 [1155 1156 1157 1161 1163 1167 1169]] [78 [1171 1172 1174 1176 1178 1179 1180 1182 1184]] [79 [1185 1187 1188 1190 1192 1193 1194 1198 1199]] [80 [1200 1204 1206 1208 1209 1210 1211 1212 1213 1214]] [81 [1215 1218 1219 1226 1227 1228]] [82 [1232 1233 1234 1235 1236 1238 1239 1240 1243 1244]] [83 [1245 1247 1248 1249 1250 1255 1259]] [84 [1260 1262 1263 1267 1269 1270 1272]] [85 [1275 1276 1277 1284 1285 1287]] [86 [1291 1293 1294 1296 1300 1302 1303 1304]] [87 [1306 1307 1310 1313 1314 1315 1316 1319]] [88 [1321 1323 1324 1325 1327 1330 1331 1334]] [89 [1337 1338 1344 1345 1348 1349]] [90 [1350 1351 1353 1354 1357 1358 1359 1361]] [91 [1368 1369 1373 1376 1377]] [92 [1381 1382 1389 1391 1392 1394]] [93 [1395 1397 1398 1399 1400 1402 1404 1407 1408]] [94 [1410 1412 1413 1414 1415 1417 1422 1423 1424]] [95 [1426 1429 1431 1435 1438 1439]] [96 [1440 1441 1444 1445 1450 1452 1453 1454]] [97 [1455 1457 1459 1463 1464 1467]] [98 [1470 1471 1477 1478 1480 1483]] [99 [1485 1486 1487 1490 1491 1494 1495 1496 1499]]]",,"[[{media 54} [[""A"" [0 0]]]] [{media 57} [[""A"" [1 1]]]] [{media 59} [[""A"" [6 6]]]] [{media 61} [[""A"" [0 0]]]] [{media 63} [[""A"" [5 5]]]] [{media 64} [[""A"" [5 5]]]] [{media 51} [[""A"" [3 3]]]] [{citizen 0} [[""A"" [0 0]]]] [{citizen 2} [[""A"" [0 0]]]] [{citizen 7} [[""A"" [4 5]]]] [{citizen 14} [[""A"" [5 3]]]] [{citizen 1} [[""A"" [3 5]]]] [{media 55} [[""A"" [2 2]]]] [{media 60} [[""A"" [3 3]]]] [{media 53} [[""A"" [1 1]]]] [{media 56} [[""A"" [5 5]]]] [{media 52} [[""A"" [3 3]]]] [{citizen 3} [[""A"" [1 0]]]] [{media 62} [[""A"" [4 4]]]] [{media 58} [[""A"" [4 4]]]] [{citizen 36} [[""A"" [5 3]]]] [{citizen 5} [[""A"" [4 5]]]] [{citizen 4} [[""A"" [5 5]]]] [{citizen 27} [[""A"" [1 0]]]] [{citizen 6} [[""A"" [0 0]]]] [{citizen 22} [[""A"" [4 4]]]] [{citizen 48} [[""A"" [0 0]]]] [{citizen 12} [[""A"" [0 0]]]] [{citizen 47} [[""A"" [0 0]]]] [{citizen 38} [[""A"" [5 3]]]] [{citizen 39} [[""A"" [1 0]]]] [{citizen 13} [[""A"" [5 3]]]] [{citizen 17} [[""A"" [0 0]]]] [{citizen 35} [[""A"" [5 3]]]] [{citizen 11} [[""A"" [4 5]]]] [{citizen 34} [[""A"" [0 0]]]] [{citizen 25} [[""A"" [0 0]]]] [{citizen 40} [[""A"" [5 3]]]] [{citizen 24} [[""A"" [4 5]]]] [{citizen 20} [[""A"" [0 0]]]] [{citizen 9} [[""A"" [4 5]]]] [{citizen 10} [[""A"" [0 0]]]] [{citizen 37} [[""A"" [0 0]]]] [{citizen 8} [[""A"" [0 0]]]] [{citizen 31} [[""A"" [0 0]]]] [{citizen 45} [[""A"" [0 3]]]] [{citizen 19} [[""A"" [1 0]]]] [{citizen 49} [[""A"" [0 0]]]] [{media 50} [[""A"" [0 0]]]] [{citizen 28} [[""A"" [5 3]]]] [{citizen 44} [[""A"" [4 5]]]] [{citizen 21} [[""A"" [5 3]]]] [{citizen 32} [[""A"" [4 5]]]] [{citizen 15} [[""A"" [1 0]]]] [{citizen 18} [[""A"" [4 5]]]] [{citizen 42} [[""A"" [5 3]]]] [{citizen 16} [[""A"" [5 3]]]] [{citizen 46} [[""A"" [1 0]]]] [{citizen 41} [[""A"" [4 5]]]] [{citizen 43} [[""A"" [0 0]]]] [{citizen 30} [[""A"" [0 0]]]] [{citizen 23} [[""A"" [1 0]]]] [{citizen 33} [[""A"" [0 0]]]] [{citizen 29} [[""A"" [0 0]]]]]"
"27","[255 0 0]","312.2448979591836","-5.52340696665494","4.93609499612784","""circle""","""""","9.9","{breed citizens}","false","0.5","1","""up""",,"[[""ID"" 5] [""alpha"" 1] [""beta"" 1] [""malleable"" [""A""]] [""prior"" []] [""cont_tokens"" []] [""A"" 0]]","[[0 [0 3 4 5 6 7 8 9 12 13 14]] [1 [15 16 17 18 19 20 21 22 23 24 25 26 27 28 29]] [2 [30 31 32 33 34 35 36 37 38 39 40 41 42 43 44]] [3 [45 46 47 48 49 50 51 52 53 54 55 56 57 58 59]] [4 [60 61 62 63 64 65 66 67 68 69 70 71 72 73 74]] [5 [75 76 77 78 79 80 81 82 83 84 85 86 87 88 89]] [6 [90 91 92 93 94 95 96 97 98 99 100 101 102 103 104]] [7 [105 107 109 110 111 112 113 114 115 116 119]] [8 [120 121 122 123 124 125 127 128 129 132 134]] [9 [135 137 138 139 140 142 144 145 146 147 148 149]] [10 [150 151 152 153 154 155 156 157 158 159 160 161 162 163 164]] [11 [165 166 167 168 169 170 171 172 173 174 175 176 177 178 179]] [12 [180 181 182 183 184 185 186 187 188 189 190 191 192 193 194]] [13 [195 196 197 198 199 200 201 202 203 204 205 206 207 208 209]] [14 [210 211 212 213 214 215 216 217 218 219 220 221 222 223 224]] [15 [225 226 227 228 229 231 232 233 234 235 236 237 238 239]] [16 [240 241 242 243 244 245 246 247 248 249 251 252 253 254]] [17 [255 256 257 258 259 260 261 262 263 264 265 266 267 268 269]] [18 [270 271 272 273 274 276 277 278 279 280 281 282 283 284]] [19 [285 286 287 288 289 290 291 292 293 294 295 296 297 298 299]] [20 [300 301 302 303 304 305 306 307 308 309 310 311 312 313 314]] [21 [315 316 317 318 319 320 321 322 323 324 325 326 327 328 329]] [22 [330 331 332 333 334 335 336 337 338 339 340 341 342 343 344]] [23 [345 346 347 348 349 350 351 352 353 354 355 356 357 358 359]] [24 [360 361 362 363 364 365 366 367 368 369 370 371 372 373 374]] [25 [375 376 377 378 379 380 381 382 383 384 385 386 387 388 389]] [26 [390 391 392 393 394 395 396 397 398 399 400 401 402 403 404]] [27 [405 406 407 408 409 410 411 412 413 414 415 416 417 418 419]] [28 [420 421 422 423 424 425 427 428 429 430 431 432 433 434]] [29 [435 436 437 438 439 440 441 442 443 444 445 446 447 448 449]] [30 [450 451 452 453 454 455 456 457 458 459 460 461 462 463 464]] [31 [465 466 467 468 469 470 471 472 473 474 475 478 479]] [32 [480 482 483 484 485 486 487 488 489 490 491 492 493 494]] [33 [495 496 497 498 499 500 501 502 503 504 505 506 507 508 509]] [34 [510 511 512 513 514 515 516 517 518 519 520 521 522 523 524]] [35 [525 526 527 528 529 530 531 532 533 534 535 536 537 538 539]] [36 [540 541 542 543 544 545 546 547 548 549 550 551 552 553 554]] [37 [555 556 557 558 559 560 561 562 563 564 565 566 567 568 569]] [38 [570 571 572 573 574 575 576 577 578 579 580 581 582 583 584]] [39 [586 587 589 590 591 594 596 597 598]] [40 [600 601 602 603 604 605 606 607 608 609 612 613 614]] [41 [615 616 617 618 619 620 621 622 623 624 625 626 627 628 629]] [42 [630 631 632 633 634 635 636 637 638 639 640 641 642 643 644]] [43 [645 646 647 648 649 650 651 652 653 654 655 656 657 658 659]] [44 [660 661 662 663 664 665 666 667 668 669 670 671 672 673 674]] [45 [676 677 678 679 680 681 682 683 684 685 686 687 688 689]] [46 [690 691 692 693 694 695 696 697 698 699 700 701 702 703 704]] [47 [705 706 707 708 709 710 711 712 713 714 715 716 717 718 719]] [48 [720 721 722 723 724 725 726 727 728 729 730 731 732 733 734]] [49 [735 736 737 738 739 740 742 743 744 745 746 747 748 749]] [50 [750 751 752 753 754 755 756 757 758 759 760 761 762 763 764]] [51 [765 766 767 768 769 770 771 772 773 774 775 776 777 778 779]] [52 [780 781 782 783 784 785 786 787 788 789 790 791 792 793 794]] [53 [795 796 797 798 799 800 801 802 803 804 805 806 807 808 809]] [54 [810 811 812 813 814 815 816 817 818 819 820 821 822 823 824]] [55 [826 827 828 829 830 831 833 834 835 836 837 838 839]] [56 [840 841 842 843 844 845 846 847 848 849 850 851 852 853 854]] [57 [855 856 857 858 859 860 862 863 864 865 866 867 868 869]] [58 [870 871 872 873 874 875 876 877 878 879 880 881 882 883 884]] [59 [885 886 887 888 889 890 891 892 893 894 895 896 897 898 899]] [60 [900 901 902 903 904 905 906 907 908 909 910 911 912 913 914]] [61 [915 916 917 918 919 920 921 922 923 924 925 926 927 928 929]] [62 [930 931 932 933 934 935 936 937 938 939 940 941 942 943 944]] [63 [945 946 947 948 949 950 951 953 955 956 957 958 959]] [64 [960 961 962 963 964 965 966 967 968 969 970 971 972 973 974]] [65 [975 976 977 978 979 980 981 982 983 984 985 986 987 988 989]] [66 [990 991 992 993 994 995 996 997 998 999 1000 1001 1002 1003 1004]] [67 [1005 1006 1007 1008 1009 1010 1011 1012 1013 1014 1015 1016 1017 1018 1019]] [68 [1020 1021 1022 1023 1024 1025 1026 1027 1028 1029 1030 1031 1032 1033 1034]] [69 [1035 1036 1037 1038 1039 1040 1041 1043 1045 1046 1047 1048]] [70 [1050 1051 1052 1053 1054 1055 1056 1057 1058 1059 1060 1062 1063 1064]] [71 [1065 1066 1067 1068 1069 1070 1071 1072 1073 1074 1075 1076 1077 1078 1079]] [72 [1080 1081 1082 1083 1084 1085 1086 1087 1088 1089 1090 1091 1092 1093 1094]] [73 [1095 1096 1098 1099 1100 1101 1104 1105 1106 1107 1108 1109]] [74 [1110 1111 1112 1113 1114 1115 1116 1118 1119 1120 1121 1122 1123 1124]] [75 [1125 1126 1127 1128 1129 1130 1131 1132 1134 1135 1136 1137 1138 1139]] [76 [1140 1141 1142 1143 1144 1145 1146 1147 1148 1149 1150 1151 1152 1153 1154]] [77 [1155 1156 1157 1158 1159 1160 1161 1162 1163 1164 1165 1166 1167 1168 1169]] [78 [1170 1171 1172 1173 1174 1175 1176 1177 1178 1179 1180 1181 1182 1183 1184]] [79 [1185 1186 1187 1188 1189 1190 1191 1192 1193 1194 1195 1196 1197 1198 1199]] [80 [1200 1201 1202 1203 1204 1205 1206 1207 1208 1209 1210 1211 1212 1213 1214]] [81 [1215 1217 1218 1219 1220 1221 1222 1223 1224 1225 1226 1227 1228 1229]] [82 [1230 1231 1232 1233 1234 1235 1236 1237 1238 1239 1240 1241 1242 1243 1244]] [83 [1245 1246 1247 1248 1249 1250 1251 1252 1253 1254 1255 1257 1258 1259]] [84 [1260 1261 1262 1263 1264 1265 1266 1267 1268 1269 1270 1271 1272 1273 1274]] [85 [1275 1276 1277 1278 1279 1280 1281 1282 1283 1284 1285 1286 1287 1288 1289]] [86 [1290 1291 1292 1293 1294 1296 1297 1298 1299 1300 1301 1302 1303 1304]] [87 [1305 1306 1307 1308 1309 1310 1311 1312 1313 1314 1315 1316 1317 1318 1319]] [88 [1320 1321 1322 1323 1324 1325 1326 1327 1328 1330 1331 1332 1333 1334]] [89 [1335 1336 1337 1338 1339 1340 1341 1342 1343 1344 1345 1346 1347 1348 1349]] [90 [1350 1351 1352 1353 1354 1355 1356 1357 1358 1359 1360 1361 1362 1363 1364]] [91 [1365 1366 1368 1369 1370 1371 1372 1373 1374 1375 1376 1377 1378 1379]] [92 [1380 1381 1382 1383 1384 1385 1386 1387 1388 1389 1390 1391 1392 1393 1394]] [93 [1395 1396 1397 1398 1399 1400 1401 1402 1403 1404 1405 1406 1407 1408 1409]] [94 [1410 1411 1412 1413 1414 1415 1416 1417 1418 1419 1420 1421 1422 1423 1424]] [95 [1425 1426 1427 1428 1429 1430 1431 1432 1433 1434 1435 1436 1437 1438 1439]] [96 [1440 1441 1442 1444 1445 1446 1447 1448 1449 1450 1451 1452 1453 1454]] [97 [1455 1456 1457 1458 1459 1460 1461 1463 1464 1465 1467 1468 1469]] [98 [1470 1471 1472 1473 1474 1475 1476 1477 1478 1479 1480 1483]] [99 [1485 1486 1487 1488 1489 1490 1491 1492 1493 1494 1495 1496 1497 1498 1499]]]","[[0 [3 5 6 8 12]] [1 [16 19 24 26 28 29]] [2 [31 32 33 36 38 42]] [3 [45 46 50 51 52 56 57 58 59]] [4 [60 63 64 67 68 71 72]] [5 [77 79 81 82 83 84 85 88]] [6 [91 92 93 96 98 99 100 101 102]] [7 [111 113 114 116 119]] [8 [122 123 125 127 128 129 132]] [9 [135 139 140 142 144 149]] [10 [150 154 155 156 158 160 161 162 164]] [11 [165 166 169 171 173 175 177]] [12 [180 183 184 185 186 187 188 194]] [13 [196 197 199 200 203 209]] [14 [213 214 216 218 219 221 222 223]] [15 [225 227 229 231 234 238]] [16 [240 242 244 245 248 249 251 252]] [17 [256 258 259 261 269]] [18 [272 273 277 278 283]] [19 [287 288 290 293 295 297 299]] [20 [301 302 303 304 305 307]] [21 [315 317 323 326 329]] [22 [331 332 333 335 336 338 340 343 344]] [23 [345 346 351 353 354 359]] [24 [360 364 366 367 369 372 373]] [25 [377 378 379 385 386 388]] [26 [393 397 399 400 401]] [27 [409 410 412 414 419]] [28 [421 422 424 430 432 434]] [29 [438 441 442 443 445 446 448]] [30 [450 451 454 455 458 461 462 463]] [31 [465 467 469 470 471 474]] [32 [480 485 486 488 489 492]] [33 [495 498 499 501 506 508]] [34 [511 515 518 519 520 521 522]] [35 [526 527 528 529 532 534 536]] [36 [544 549 552 553 554]] [37 [555 557 558 559 561 562 567 568 569]] [38 [570 571 572 573 574 575 576 577 578 582]] [39 [586 587 589 596 597 598]] [40 [600 601 602 605 606 607 608 612 613]] [41 [615 618 620 621 624 625 627]] [42 [630 632 633 634 637 638 641 644]] [43 [646 647 652 654 655 656]] [44 [664 665 668 669 671 673]] [45 [676 677 678 679 680 681 682 687 688]] [46 [690 691 692 698 699 700 701 702 703]] [47 [705 706 707 709 710 712 715 716 717]] [48 [724 725 729]] [49 [736 740 743 744 745 746 747 748 749]] [50 [750 751 753 755 759 760 763]] [51 [765 767 769 770 773 774 775 776]] [52 [782 783 785 787 791 792 793 794]] [53 [795 797 802 803 805 806 808]] [54 [811 814 815 819 821]] [55 [829 830 831 833 834 838]] [56 [840 841 843 845 849 850 851 852]] [57 [855 856 857 859 860 863 864 865 868]] [58 [870 871 872 873 875 878 879 882]] [59 [885 886 887 889 893 894]] [60 [900 902 903 906 907 910 912 913 914]] [61 [916 920 921 922 925 926 928]] [62 [930 933 935 937 938 940 942 943 944]] [63 [946 947 950 955 957 958]] [64 [960 962 966 973 974]] [65 [975 978 982 983 984 985 986 988]] [66 [992 993 998 1000 1002 1003 1004]] [67 [1005 1006 1009 1010 1011 1012 1014 1015]] [68 [1020 1022 1024 1026 1027 1029 1030 1033]] [69 [1035 1037 1038 1039 1040 1046 1047]] [70 [1052 1053 1054 1058 1059 1062 1063 1064]] [71 [1065 1069 1071 1072 1074 1075 1076]] [72 [1081 1082 1083 1084 1086 1090 1092 1094]] [73 [1095 1099 1100 1101 1104 1105 1108 1109]] [74 [1111 1115 1118 1119 1121 1122 1123]] [75 [1125 1126 1127 1128 1129 1130 1132 1134 1135 1136 1138]] [76 [1140 1142 1144 1146 1150 1151 1152 1154]] [77 [1158 1164 1165 1166 1168 1169]] [78 [1171 1172 1174 1178 1179 1180 1182 1184]] [79 [1185 1187 1188 1189 1191 1195 1196 1197]] [80 [1202 1203 1205 1207 1209 1210 1211 1212 1213 1214]] [81 [1215 1218 1219 1226 1227 1228]] [82 [1232 1233 1237 1241 1242]] [83 [1247 1248 1249 1250 1255 1259]] [84 [1260 1261 1262 1263 1267 1269 1270 1274]] [85 [1275 1276 1277 1282 1284 1285 1287]] [86 [1291 1293 1294 1296 1300 1302 1303 1304]] [87 [1306 1307 1308 1310 1313 1317 1318 1319]] [88 [1321 1323 1324 1325 1328 1332 1333]] [89 [1335 1336 1340 1341 1343 1346 1348 1349]] [90 [1350 1351 1353 1354 1357 1359 1361]] [91 [1368 1369 1373 1376 1377]] [92 [1381 1383 1385 1386 1389 1391 1392 1394]] [93 [1399 1400 1402 1404 1406 1409]] [94 [1411 1416 1417 1420 1421]] [95 [1425 1430 1432 1433 1434 1436 1439]] [96 [1440 1441 1442 1444 1445 1450 1451 1452 1453 1454]] [97 [1455 1457 1459 1463 1464 1467 1469]] [98 [1470 1471 1477 1478 1483]] [99 [1485 1486 1487 1492 1493 1497 1498]]]",,"[[{media 50} [[""A"" [0 0]]]] [{media 51} [[""A"" [3 3]]]] [{media 52} [[""A"" [3 3]]]] [{media 53} [[""A"" [1 1]]]] [{media 55} [[""A"" [2 2]]]] [{media 56} [[""A"" [5 5]]]] [{media 58} [[""A"" [4 4]]]] [{media 60} [[""A"" [3 3]]]] [{media 62} [[""A"" [4 4]]]] [{media 64} [[""A"" [5 5]]]] [{citizen 1} [[""A"" [1 5]]]] [{citizen 4} [[""A"" [5 5]]]] [{citizen 0} [[""A"" [0 0]]]] [{citizen 3} [[""A"" [1 0]]]] [{citizen 5} [[""A"" [2 4]]]] [{media 57} [[""A"" [1 1]]]] [{citizen 26} [[""A"" [4 5]]]] [{citizen 36} [[""A"" [3 4]]]] [{citizen 39} [[""A"" [1 0]]]] [{citizen 7} [[""A"" [4 4]]]] [{citizen 13} [[""A"" [4 4]]]] [{citizen 47} [[""A"" [0 0]]]] [{citizen 17} [[""A"" [0 0]]]] [{citizen 35} [[""A"" [4 4]]]] [{citizen 11} [[""A"" [1 4]]]] [{citizen 34} [[""A"" [0 0]]]] [{citizen 14} [[""A"" [4 5]]]] [{citizen 49} [[""A"" [1 0]]]] [{citizen 22} [[""A"" [4 5]]]] [{citizen 25} [[""A"" [0 0]]]] [{citizen 40} [[""A"" [1 4]]]] [{citizen 24} [[""A"" [4 5]]]] [{citizen 6} [[""A"" [0 0]]]] [{media 63} [[""A"" [5 5]]]] [{citizen 37} [[""A"" [0 0]]]] [{citizen 8} [[""A"" [0 0]]]] [{citizen 2} [[""A"" [0 0]]]] [{citizen 31} [[""A"" [0 0]]]] [{citizen 45} [[""A"" [1 0]]]] [{citizen 19} [[""A"" [0 1]]]] [{media 61} [[""A"" [0 0]]]] [{media 59} [[""A"" [6 6]]]] [{citizen 42} [[""A"" [1 4]]]] [{media 54} [[""A"" [0 0]]]] [{citizen 48} [[""A"" [0 0]]]] [{citizen 28} [[""A"" [5 5]]]] [{citizen 44} [[""A"" [5 5]]]] [{citizen 21} [[""A"" [5 5]]]] [{citizen 20} [[""A"" [0 0]]]] [{citizen 9} [[""A"" [4 5]]]] [{citizen 15} [[""A"" [1 0]]]] [{citizen 18} [[""A"" [4 5]]]] [{citizen 16} [[""A"" [5 3]]]] [{citizen 46} [[""A"" [1 0]]]] [{citizen 41} [[""A"" [5 5]]]] [{citizen 43} [[""A"" [0 0]]]] [{citizen 30} [[""A"" [0 0]]]] [{citizen 23} [[""A"" [1 0]]]] [{citizen 33} [[""A"" [0 0]]]] [{citizen 29} [[""A"" [0 0]]]] [{citizen 38} [[""A"" [5 3]]]] [{citizen 10} [[""A"" [0 0]]]] [{citizen 32} [[""A"" [4 5]]]] [{citizen 12} [[""A"" [0 0]]]]]"
"28","[128 0 127]","65.45454545454547","12.471036413644196","5.874232880848651","""circle""","""""","9.9","{breed citizens}","false","0.5","1","""up""",,"[[""ID"" 49] [""alpha"" 1] [""beta"" 1] [""malleable"" [""A""]] [""prior"" []] [""cont_tokens"" []] [""A"" 3]]","[[0 [0 1 2 3 4 5 6 7 8 9 10 11 12]] [1 [15 16 17 18 19 20 21 22 23 24 25 26 27 28 29]] [2 [30 31 32 33 34 35 36 37 38 39 40 41 42 43 44]] [3 [45 46 47 48 49 50 51 52 53 54 55 56 57 58 59]] [4 [60 61 62 63 64 65 66 67 68 69 70 71 72 73 74]] [5 [75 76 77 78 79 80 81 82 83 84 85 87 88 89]] [6 [90 91 92 93 94 95 96 97 98 99 100 101 102 103 104]] [7 [105 106 107 108 109 110 111 112 113 114 115 116 119]] [8 [122 123 124 125 127 128 129 132 134]] [9 [135 137 138 139 140 142 144 145 146 147 148 149]] [10 [150 151 152 153 154 155 156 158 159 160 161 162 163 164]] [11 [165 166 167 168 169 170 171 172 173 174 175 176 177 178 179]] [12 [180 181 182 183 184 185 186 187 188 189 190 191 192 193 194]] [13 [195 196 197 198 199 200 201 202 203 204 205 206 207 208 209]] [14 [210 211 212 213 214 216 218 219 221 222 223 224]] [15 [225 226 227 228 229 231 232 233 234 235 236 237 238 239]] [16 [240 241 242 243 244 245 246 247 248 249 250 251 252 253 254]] [17 [255 256 257 258 259 260 261 262 263 264 265 266 267 268 269]] [18 [270 271 272 273 274 275 276 277 278 279 280 281 282 283 284]] [19 [285 286 287 288 289 290 291 292 293 294 295 296 297 298 299]] [20 [300 301 302 303 304 305 306 307 308 309 310 311 312 313 314]] [21 [315 316 317 318 319 320 321 322 323 324 325 326 327 328 329]] [22 [330 331 332 333 334 335 336 337 338 339 340 341 342 343 344]] [23 [345 346 347 348 349 350 351 352 353 354 355 356 357 358 359]] [24 [360 361 362 363 364 365 366 367 368 369 370 371 372 373 374]] [25 [375 376 377 378 379 380 381 382 383 384 385 386 387 388 389]] [26 [390 391 392 393 394 395 396 397 398 399 400 401 402 403 404]] [27 [405 406 407 408 409 410 411 412 413 414 415 416 417 418 419]] [28 [420 421 422 423 424 425 427 428 429 430 431 432 433 434]] [29 [435 436 437 438 439 440 441 442 443 444 445 446 447 448 449]] [30 [450 451 452 453 454 455 456 457 458 459 460 461 462 463 464]] [31 [465 466 467 468 469 470 471 472 473 474 475 478 479]] [32 [481 482 490 491 492 493 494]] [33 [495 496 497 498 499 500 501 502 503 504 505 506 507 508 509]] [34 [510 511 512 513 514 515 516 517 518 519 520 521 522 523 524]] [35 [525 526 527 528 529 530 531 532 533 534 535 536 537 538 539]] [36 [540 541 542 543 544 545 546 547 548 549 550 551 552 553 554]] [37 [555 556 557 558 559 561 562 563 564 565 566]] [38 [570 571 572 573 574 575 576 577 578 579 581 582]] [39 [586 587 589 590 591 594 596 597 598]] [40 [600 601 602 603 604 605 606 607 608 609 612 613 614]] [41 [615 616 617 618 619 620 621 622 623 624 625 626 627 628 629]] [42 [630 631 632 633 634 635 636 637 638 639 640 641 642 643 644]] [43 [645 646 647 648 649 650 651 652 653 654 655 656 657 658 659]] [44 [660 661 662 663 664 665 666 667 668 669 670 671 672 673 674]] [45 [676 677 678 679 680 681 682 683 684 685 686 687 688 689]] [46 [690 691 692 693 694 695 696 697 698 699 700 701 702 703 704]] [47 [705 706 707 708 709 710 711 712 713 714 715 716 717 718 719]] [48 [720 721 722 723 724 725 726 727 728 729 730 731 732 733 734]] [49 [735 736 737 738 739 740 742 743 744 745 746 747 748 749]] [50 [750 751 752 753 754 755 756 757 758 759 760 761 762 763 764]] [51 [765 766 767 768 769 770 771 772 773 774 775 776 777 778 779]] [52 [780 781 782 783 784 785 786 787 788 789 790 791 792 793 794]] [53 [795 796 797 798 799 800 801 802 803 804 805 806 807 808 809]] [54 [810 811 812 813 814 815 816 817 818 819 820 821 822 823 824]] [55 [826 827 828 829 830 831 833 834 835 836 837 838 839]] [56 [840 841 842 843 844 845 846 847 848 849 850 851 852 853 854]] [57 [855 856 857 858 859 860 862 863 864 865 866 867 868 869]] [58 [870 871 872 873 874 875 876 877 878 879 880 881 882 883 884]] [59 [885 886 887 888 889 890 891 892 893 894 895 896 898 899]] [60 [900 901 902 903 904 905 906 907 908 909 910 911 912 913 914]] [61 [915 916 917 918 919 920 921 922 923 924 925 926 927 928 929]] [62 [930 931 932 933 934 935 936 937 938 939 940 941 942 943 944]] [63 [945 946 947 948 949 950 951 953 955 956 957 958 959]] [64 [960 961 962 963 964 965 966 967 968 969 970 971 972 973 974]] [65 [975 976 977 978 979 980 981 982 983 984 985 986 987 988 989]] [66 [990 991 992 993 994 995 996 997 998 999 1000 1001 1002 1003 1004]] [67 [1005 1006 1009 1010 1011 1012 1013 1014 1015 1016 1017 1018 1019]] [68 [1020 1021 1022 1023 1024 1025 1026 1027 1028 1029 1030 1031 1032 1033]] [69 [1035 1036 1037 1038 1039 1040 1041 1043 1045 1046 1047 1048]] [70 [1050 1051 1052 1053 1054 1055 1056 1057 1058 1059 1060 1062 1063 1064]] [71 [1065 1067 1068 1069 1070 1071 1072 1073 1074 1075 1076 1077 1078 1079]] [72 [1080 1081 1082 1083 1084 1085 1086 1087 1088 1089 1090 1091 1092 1093 1094]] [73 [1095 1096 1098 1099 1100 1101 1104 1105 1106 1107 1108 1109]] [74 [1110 1111 1112 1113 1114 1115 1116 1118 1119 1120 1121 1122 1123 1124]] [75 [1125 1126 1127 1128 1129 1130 1131 1132 1133 1134 1135 1136 1137 1138 1139]] [76 [1140 1141 1142 1143 1144 1145 1146 1147 1148 1149 1150 1151 1152 1153 1154]] [77 [1155 1156 1157 1158 1159 1160 1162 1163 1164 1165 1166 1167 1168 1169]] [78 [1170 1171 1172 1173 1174 1175 1176 1177 1178 1179 1180 1181 1182 1183 1184]] [79 [1185 1186 1187 1188 1189 1190 1191 1192 1193 1194 1195 1196 1197 1198 1199]] [80 [1200 1201 1202 1203 1204 1205 1206 1207 1208 1209 1210 1211 1212 1213 1214]] [81 [1215 1217 1218 1219 1220 1221 1222 1223 1224 1225 1226 1227 1228 1229]] [82 [1230 1231 1232 1233 1234 1235 1236 1237 1238 1239 1240 1241 1242 1243 1244]] [83 [1245 1246 1247 1248 1249 1250 1251 1252 1253 1254 1255 1256 1257 1258 1259]] [84 [1260 1261 1262 1263 1264 1265 1266 1267 1268 1269 1270 1271 1272 1273 1274]] [85 [1275 1276 1277 1278 1279 1280 1281 1282 1283 1284 1285 1286 1287 1288 1289]] [86 [1290 1291 1292 1293 1294 1295 1296 1297 1298 1299 1300 1301 1302 1303 1304]] [87 [1305 1306 1307 1308 1309 1310 1311 1312 1313 1314 1315 1316 1317 1318 1319]] [88 [1320 1321 1322 1323 1324 1325 1326 1327 1328 1330 1331 1332 1333 1334]] [89 [1337 1338 1339 1340 1341 1342 1343 1344 1345 1346 1347 1348 1349]] [90 [1350 1351 1352 1353 1354 1355 1356 1357 1358 1359 1360 1361 1362 1363 1364]] [91 [1365 1366 1368 1369 1370 1371 1372 1373 1374 1375 1376 1377 1378 1379]] [92 [1380 1381 1382 1383 1384 1385 1386 1387 1388 1389 1390 1391 1392 1393 1394]] [93 [1395 1396 1397 1398 1399 1400 1401 1402 1403 1404 1405 1406 1407 1408 1409]] [94 [1410 1411 1412 1413 1414 1415 1416 1417 1418 1419 1420 1421 1422 1423 1424]] [95 [1425 1426 1427 1428 1429 1430 1431 1432 1433 1434 1435 1436 1437 1438 1439]] [96 [1440 1441 1442 1444 1445 1446 1447 1448 1449 1450 1451 1452 1453 1454]] [97 [1455 1456 1457 1458 1459 1460 1461 1462 1463 1464 1465 1466 1467 1468 1469]] [98 [1470 1471 1472 1473 1474 1475 1476 1477 1478 1479 1480 1483]] [99 [1485 1486 1487 1488 1489 1490 1491 1492 1493 1494 1495 1496 1497 1498 1499]]]","[[0 [0 3 7 10]] [1 [15 17 18 19 20 23 27]] [2 [31 32 33 35 36 40 43 44]] [3 [47 49 50 51 53 54 55 59]] [4 [60 62 63 64 67 68 71 72]] [5 [77 79 81 82 83 84 85 88]] [6 [91 92 93 96 98 99 100 101 102]] [7 [111 115 116 119]] [8 [122 123 125 127 128 129 132 134]] [9 [137 138 142 145 146 147 148]] [10 [150 154 155 156 160 161 162 163]] [11 [167 168 171 173 177 178 179]] [12 [181 189 191 193 194]] [13 [196 197 199 200 203 207 208]] [14 [210 211 212 218 219 221 222 223]] [15 [225 227 228 229 231 234 238]] [16 [240 242 244 248 249 251 254]] [17 [255 256 262 263 264 265 266 267]] [18 [270 271 274 276 279 280 282 284]] [19 [285 286 287 289 291 292 296 298]] [20 [300 308 309 310 312 313]] [21 [316 318 319 320 321 322 324 329]] [22 [330 332 333 335 336 338]] [23 [346 347 350 353 354 359]] [24 [360 364 366 367 369 372 373]] [25 [377 379 382 383 384 387 388]] [26 [393 397 399 400 401 402 404]] [27 [405 407 408 411 412 414 419]] [28 [422 424 430 432 434]] [29 [439 440 444 445 446 448]] [30 [450 451 452 453 454 455 460]] [31 [466 468 473 478]] [32 [481 482 490 491 493 494]] [33 [500 503 504 505 507 509]] [34 [510 512 513 516 517 523 524]] [35 [526 528 529 532 535 537 538 539]] [36 [540 541 542 545 546 551]] [37 [556 563 564 565 566]] [38 [575 576 577 578 581 582]] [39 [587 589 596 597 598]] [40 [600 601 602 605 606 607 608 612 613]] [41 [616 618 620 621 623 624 625 627 629]] [42 [631 632 633 635 636 639 640 642 643]] [43 [645 647 649 650 651 655 656 659]] [44 [660 662 663 668 669 671 673]] [45 [676 677 683 684 685 686 689]] [46 [690 691 692 698 700]] [47 [705 706 707 709 712 715 717]] [48 [724 725 729]] [49 [736 738 739 740 745]] [50 [751 753 758 761 762 763]] [51 [765 767 769 770 776]] [52 [783 785 786 788]] [53 [795 797 802 803 805 806 808]] [54 [811 814 815 819 821]] [55 [829 830 833 836 837]] [56 [842 844 846 847 848 850 851 852]] [57 [855 856 857 859 866 867]] [58 [874 876 877 879 881 882 884]] [59 [885 886 887 889 893 894]] [60 [900 902 903 908 914]] [61 [918 920 922 925 927]] [62 [931 932 934 936 939 940 942 943 944]] [63 [946 947 950 951 953 956]] [64 [961 964 965 967 968 969 970 971 972]] [65 [976 977 979 980 981 987 989]] [66 [990 991 994 995 997 999 1001]] [67 [1006 1009 1013 1016]] [68 [1021 1023 1025 1027 1028 1029 1030 1031 1032]] [69 [1036 1037 1038 1039 1040 1046 1047]] [70 [1050 1056 1058 1059 1063 1064]] [71 [1065 1067 1070 1071 1072 1078]] [72 [1080 1083 1084 1086 1090 1092 1094]] [73 [1095 1096 1098 1099 1100 1101 1104 1105 1108 1109]] [74 [1111 1115 1118 1119 1122]] [75 [1125 1126 1127 1128 1129 1130 1131 1137 1138]] [76 [1140 1142 1144 1145 1146 1148 1150 1151 1152 1154]] [77 [1158 1159 1160 1162 1163 1167 1169]] [78 [1171 1172 1174 1176 1177 1181]] [79 [1186 1188 1189 1190 1192 1193 1194 1198 1199]] [80 [1200 1201 1204 1206 1208 1211 1212 1213 1214]] [81 [1218 1219 1220 1222 1223 1224 1225 1229]] [82 [1232 1233 1234 1235 1236 1238 1239 1240 1243 1244]] [83 [1245 1246 1251 1252 1253 1254]] [84 [1260 1261 1262 1263 1268 1269 1270 1272]] [85 [1275 1276 1277 1280 1282 1283 1288 1289]] [86 [1290 1292 1293 1294 1296 1300 1303 1304]] [87 [1306 1308 1310 1313 1314 1315 1316 1319]] [88 [1321 1323 1324 1325 1327 1330 1331 1334]] [89 [1337 1338 1339 1342 1344 1345 1349]] [90 [1350 1351 1354 1357 1359 1361]] [91 [1368 1369 1373 1376 1377 1379]] [92 [1382 1389 1391 1392 1394]] [93 [1397 1398 1399 1400 1402 1404 1405 1407]] [94 [1410 1412 1413 1414 1415 1417 1422 1423 1424]] [95 [1426 1429 1431 1435 1438 1439]] [96 [1440 1441 1446 1447 1448 1449]] [97 [1456 1458 1460 1461 1464 1467 1468 1469]] [98 [1470 1471 1472 1473 1474 1475 1479 1483]] [99 [1485 1486 1487 1490 1491 1494 1495 1496 1499]]]",,"[[{citizen 42} [[""A"" [1 2]]]] [{citizen 43} [[""A"" [0 0]]]] [{citizen 44} [[""A"" [2 4]]]] [{media 51} [[""A"" [3 3]]]] [{media 52} [[""A"" [3 3]]]] [{media 54} [[""A"" [0 0]]]] [{media 55} [[""A"" [2 2]]]] [{media 57} [[""A"" [1 1]]]] [{media 59} [[""A"" [6 6]]]] [{media 61} [[""A"" [0 0]]]] [{media 63} [[""A"" [5 5]]]] [{media 64} [[""A"" [5 5]]]] [{citizen 0} [[""A"" [1 0]]]] [{citizen 5} [[""A"" [3 2]]]] [{media 60} [[""A"" [3 3]]]] [{citizen 2} [[""A"" [0 0]]]] [{media 53} [[""A"" [1 1]]]] [{media 56} [[""A"" [5 5]]]] [{citizen 12} [[""A"" [1 0]]]] [{media 50} [[""A"" [0 0]]]] [{citizen 3} [[""A"" [0 1]]]] [{citizen 1} [[""A"" [3 1]]]] [{citizen 4} [[""A"" [5 5]]]] [{citizen 6} [[""A"" [0 1]]]] [{citizen 26} [[""A"" [1 5]]]] [{citizen 36} [[""A"" [4 2]]]] [{citizen 27} [[""A"" [2 1]]]] [{citizen 22} [[""A"" [3 1]]]] [{citizen 48} [[""A"" [0 1]]]] [{citizen 47} [[""A"" [1 0]]]] [{media 58} [[""A"" [4 4]]]] [{citizen 39} [[""A"" [0 1]]]] [{media 62} [[""A"" [4 4]]]] [{citizen 13} [[""A"" [2 4]]]] [{citizen 17} [[""A"" [0 1]]]] [{citizen 35} [[""A"" [3 4]]]] [{citizen 11} [[""A"" [3 2]]]] [{citizen 34} [[""A"" [1 0]]]] [{citizen 14} [[""A"" [1 5]]]] [{citizen 49} [[""A"" [0 1]]]] [{citizen 25} [[""A"" [1 0]]]] [{citizen 40} [[""A"" [2 3]]]] [{citizen 24} [[""A"" [1 2]]]] [{citizen 20} [[""A"" [2 1]]]] [{citizen 9} [[""A"" [1 5]]]] [{citizen 10} [[""A"" [0 1]]]] [{citizen 19} [[""A"" [0 1]]]] [{citizen 37} [[""A"" [0 0]]]] [{citizen 8} [[""A"" [0 0]]]] [{citizen 7} [[""A"" [2 4]]]] [{citizen 31} [[""A"" [2 0]]]] [{citizen 45} [[""A"" [0 1]]]] [{citizen 21} [[""A"" [4 5]]]] [{citizen 32} [[""A"" [3 4]]]] [{citizen 15} [[""A"" [1 0]]]] [{citizen 18} [[""A"" [3 3]]]] [{citizen 16} [[""A"" [1 3]]]] [{citizen 46} [[""A"" [0 1]]]] [{citizen 41} [[""A"" [2 4]]]] [{citizen 30} [[""A"" [1 0]]]] [{citizen 23} [[""A"" [1 0]]]] [{citizen 38} [[""A"" [2 3]]]] [{citizen 33} [[""A"" [5 4]]]] [{citizen 29} [[""A"" [0 0]]]]]"
"29","[255 0 0]","319.59183673469374","-4.932111683056913","5.558794472479185","""circle""","""""","9.9","{breed citizens}","false","0.5","1","""up""",,"[[""ID"" 24] [""alpha"" 1] [""beta"" 1] [""malleable"" [""A""]] [""prior"" []] [""cont_tokens"" []] [""A"" 0]]","[[0 [0 1 2 3 4 5 6 8 9 10 11 12]] [1 [15 16 17 18 19 20 21 22 23 24 25 26 27 28 29]] [2 [30 31 32 33 34 35 36 37 38 39 40 41 42 43 44]] [3 [45 46 47 48 49 50 51 52 53 54 55 56 57 58 59]] [4 [60 61 62 63 64 65 66 67 68 69 70 71 72 73 74]] [5 [75 76 77 78 79 80 81 82 83 84 85 86 87 88 89]] [6 [90 91 92 93 94 95 96 97 98 99 100 101 102 103 104]] [7 [105 106 107 108 109 110 111 112 113 114 115 116 119]] [8 [120 121 122 123 124 125 127 128 129 132 134]] [9 [135 137 138 139 140 142 144 145 146 147 148 149]] [10 [150 151 152 153 154 155 156 158 159 160 161 162 163 164]] [11 [165 166 167 168 169 170 171 172 173 174 175 176 177 178 179]] [12 [180 181 182 183 184 185 186 187 188 189 190 191 192 193 194]] [13 [195 196 197 198 199 200 201 203 205 207 208 209]] [14 [210 211 212 213 214 216 218 219 221 222 223 224]] [15 [225 226 227 228 229 231 232 233 234 235 236 237 238 239]] [16 [240 241 242 243 244 245 247 248 249 250 251 252 253 254]] [17 [255 256 257 258 259 260 261 262 263 264 265 266 267 268 269]] [18 [270 271 272 273 274 275 276 277 278 279 280 281 282 283 284]] [19 [285 286 287 288 289 290 291 292 293 294 295 296 297 298 299]] [20 [300 301 302 303 304 305 306 307 309 310 311 312 313 314]] [21 [315 316 317 318 319 320 321 322 323 324 325 326 327 328 329]] [22 [330 331 332 333 334 335 336 338 340 343 344]] [23 [345 346 347 348 349 350 351 352 353 354 355 356 357 358 359]] [24 [360 361 362 363 364 365 366 367 368 369 370 371 372 373 374]] [25 [375 376 377 378 379 380 381 382 383 384 385 386 387 388 389]] [26 [390 391 392 393 394 395 396 397 398 399 400 401 402 403 404]] [27 [405 406 407 408 409 410 411 412 413 414 415 416 417 418 419]] [28 [420 421 422 423 424 425 427 428 429 430 431 432 433 434]] [29 [435 436 437 438 439 440 441 442 443 444 445 446 447 448 449]] [30 [450 451 452 453 454 455 456 457 458 459 460 461 462 463 464]] [31 [465 466 467 468 469 470 471 472 473 474 475 478 479]] [32 [480 481 482 485 486 487 488 489 490 491 492 493 494]] [33 [495 496 497 498 499 501 502 503 504 505 506 507 508 509]] [34 [510 511 512 513 514 515 516 517 518 519 520 521 522 523 524]] [35 [525 526 527 528 529 530 531 532 533 534 535 536 537 538 539]] [36 [540 541 542 543 544 545 546 547 548 549 550 551 552 553 554]] [37 [555 556 557 558 559 560 561 562 563 564 565 566 567 568 569]] [38 [570 571 572 573 574 575 576 577 578 579 581 582]] [39 [586 587 589 590 591 594 596 597 598]] [40 [600 601 602 603 604 605 606 607 608 609 612 613 614]] [41 [615 616 617 618 619 620 621 622 623 624 625 626 627 628 629]] [42 [630 631 632 633 634 635 636 637 638 639 640 641 642 643 644]] [43 [645 646 647 648 649 650 651 652 653 654 655 656 657 658 659]] [44 [660 661 662 663 664 665 666 667 668 669 670 671 672 673 674]] [45 [675 676 677 678 679 680 681 682 683 684 685 686 687 688 689]] [46 [690 691 692 693 694 695 696 697 698 699 700 701 702 703 704]] [47 [705 706 707 708 709 710 711 712 713 714 715 716 717 718 719]] [48 [720 721 722 723 724 725 727 728 729 730 731 732 733 734]] [49 [735 736 737 738 739 740 742 743 744 745 746 747 748 749]] [50 [750 751 752 753 754 755 756 757 758 759 760 761 762 763 764]] [51 [765 766 767 768 769 770 771 772 773 774 775 776 777 778 779]] [52 [780 781 782 783 784 785 786 787 788 789 790 791 792 793 794]] [53 [795 796 797 798 799 800 801 802 803 804 805 806 807 808 809]] [54 [810 811 812 813 814 815 816 817 818 819 820 821 822 823 824]] [55 [825 826 827 828 829 830 831 832 833 834 835 836 837 838 839]] [56 [840 841 842 843 844 845 846 847 848 849 850 851 852 853 854]] [57 [855 856 857 858 859 860 861 862 863 864 865 866 867 868 869]] [58 [870 871 872 873 874 875 876 877 878 879 880 881 882 883 884]] [59 [885 886 887 888 889 890 891 892 893 894 895 896 897 898 899]] [60 [900 901 902 903 904 905 906 907 908 909 910 911 912 913 914]] [61 [915 916 917 918 919 920 921 922 923 924 925 926 927 928 929]] [62 [930 931 932 933 934 935 936 937 938 939 940 941 942 943 944]] [63 [945 946 947 948 949 950 951 952 953 954 955 956 957 958 959]] [64 [960 961 962 963 964 965 966 967 968 969 970 971 972 973 974]] [65 [975 976 977 978 979 980 981 982 983 984 985 986 987 988 989]] [66 [990 991 992 993 994 995 996 997 998 999 1000 1001 1002 1003 1004]] [67 [1005 1006 1007 1008 1009 1010 1011 1012 1013 1014 1015 1016 1017 1018 1019]] [68 [1020 1021 1022 1023 1024 1025 1026 1027 1028 1029 1030 1031 1032 1033]] [69 [1035 1036 1037 1038 1039 1040 1041 1043 1045 1046 1047 1048]] [70 [1050 1051 1052 1053 1054 1055 1056 1057 1058 1059 1060 1062 1063 1064]] [71 [1065 1066 1067 1068 1069 1070 1071 1072 1073 1074 1075 1076 1077 1078 1079]] [72 [1080 1081 1082 1083 1084 1085 1086 1087 1088 1089 1090 1091 1092 1093 1094]] [73 [1095 1096 1097 1098 1099 1100 1101 1102 1103 1104 1105 1107 1108 1109]] [74 [1110 1111 1112 1113 1114 1115 1116 1118 1119 1120 1121 1122 1123 1124]] [75 [1125 1126 1127 1128 1129 1130 1131 1132 1134 1135 1136 1137 1138 1139]] [76 [1140 1141 1142 1143 1144 1145 1146 1147 1148 1149 1150 1151 1152 1153 1154]] [77 [1155 1156 1157 1158 1159 1160 1161 1162 1163 1164 1165 1166 1167 1168 1169]] [78 [1170 1171 1172 1173 1174 1175 1176 1177 1178 1179 1180 1181 1182 1183 1184]] [79 [1185 1186 1187 1188 1189 1190 1191 1192 1193 1194 1195 1196 1197 1198 1199]] [80 [1200 1201 1202 1203 1204 1205 1206 1207 1208 1209 1210 1211 1212 1213 1214]] [81 [1215 1217 1218 1219 1220 1221 1222 1223 1224 1225 1226 1227 1228 1229]] [82 [1230 1231 1232 1233 1234 1235 1236 1237 1238 1239 1240 1241 1242 1243 1244]] [83 [1245 1246 1247 1248 1249 1250 1251 1252 1253 1254 1255 1256 1257 1258 1259]] [84 [1260 1261 1262 1263 1264 1265 1266 1267 1268 1269 1270 1271 1272 1273 1274]] [85 [1275 1276 1277 1278 1279 1280 1281 1282 1283 1284 1285 1286 1287 1288 1289]] [86 [1290 1291 1292 1293 1294 1295 1296 1297 1298 1299 1300 1301 1302 1303 1304]] [87 [1305 1306 1307 1308 1309 1310 1311 1312 1313 1314 1315 1316 1317 1318 1319]] [88 [1320 1321 1322 1323 1324 1325 1326 1327 1328 1330 1331 1332 1333 1334]] [89 [1335 1336 1337 1338 1339 1340 1341 1342 1343 1344 1345 1346 1347 1348 1349]] [90 [1350 1351 1352 1353 1354 1355 1356 1357 1358 1359 1360 1361 1362 1363 1364]] [91 [1365 1366 1368 1369 1370 1371 1372 1373 1374 1375 1376 1377 1378 1379]] [92 [1380 1381 1382 1383 1384 1385 1386 1387 1388 1389 1390 1391 1392 1393 1394]] [93 [1395 1396 1397 1398 1399 1400 1401 1402 1403 1404 1405 1406 1407 1408 1409]] [94 [1410 1411 1412 1413 1414 1415 1416 1417 1418 1419 1420 1421 1422 1423 1424]] [95 [1425 1426 1427 1428 1429 1430 1431 1432 1433 1434 1435 1436 1437 1438 1439]] [96 [1440 1441 1442 1444 1445 1446 1447 1448 1449 1450 1451 1452 1453 1454]] [97 [1455 1456 1457 1458 1459 1460 1461 1462 1463 1464 1465 1466 1467 1468 1469]] [98 [1470 1471 1472 1473 1474 1475 1476 1477 1478 1479 1480 1482 1483]] [99 [1485 1486 1487 1490 1491 1492 1493 1494 1495 1496 1497 1498 1499]]]","[[0 [1 6 8 11 12]] [1 [16 18 19 20 23 27]] [2 [31 32 33 35 36 40 43 44]] [3 [47 49 50 51 53 54 55 59]] [4 [60 62 63 64 66 67 69 70 73 74]] [5 [75 76 78 80 81 82 83 84 85 88]] [6 [90 91 92 93 96 98 99 100 101 102]] [7 [111 113 115 116 119]] [8 [122 123 125 127 128 129 132]] [9 [135 139 140 142 145 146 147 148]] [10 [154 155 156 160 163]] [11 [166 167 168 171 173 177]] [12 [180 182 183 184 185 186 187 188]] [13 [196 197 199 200 203 205 207 208]] [14 [210 211 213 214 216 219 221 222 223]] [15 [225 227 228 229 231 232 233 235 236 237 239]] [16 [241 243 244 248 249 251 252]] [17 [256 260 262 263 264 265 266 267]] [18 [270 271 274 276 280 281 282 284]] [19 [285 286 287 288 290 293 297]] [20 [301 302 303 304 305 306 309 310 312 313 314]] [21 [316 318 319 320 322 323 326 329]] [22 [330 331 332 333 335 336 338 340 344]] [23 [345 346 348 352 355 358 359]] [24 [360 364 367 369 372 373]] [25 [377 378 379 383 384 387]] [26 [390 391 392 394 395 396 402 404]] [27 [405 407 408 411 412 414 419]] [28 [422 424 430 432 434]] [29 [435 437 438 442 443 445 446 448]] [30 [450 451 452 453 454 455 460]] [31 [466 467 469 470 471 474 475]] [32 [480 485 486 487 488 489]] [33 [495 498 499 501 502 504 505 507 509]] [34 [510 512 513 516 517 519 521 524]] [35 [526 527 529 532 534 536]] [36 [544 549 552 553 554]] [37 [555 557 558 559 561 562 565 566]] [38 [575 576 577 578 582]] [39 [586 587 589 596 597]] [40 [600 601 602 606 607 608 612 613]] [41 [616 618 620 621 624 625 627 629]] [42 [631 635 636 639 640 643]] [43 [645 647 652 653 657 659]] [44 [660 662 663 664 665 668 669 671 673]] [45 [676 677 678 680 682 687]] [46 [693 695 696 697 704]] [47 [711 712 715 716 718 719]] [48 [720 722 723 724 725 731 732 733 734]] [49 [735 738 739 740 745]] [50 [751 753 755 759 760 763]] [51 [765 767 769 770 773 774 775 776 777 779]] [52 [782 783 785 786 788 794]] [53 [795 796 797 802 803 805 806 808]] [54 [811 814 815 819 821 822 823 824]] [55 [826 827 828 829 830 831 833 836 837]] [56 [842 844 847 848 850 851 853 854]] [57 [858 860 862 864 865 868]] [58 [870 871 872 873 880 883]] [59 [888 890 891 892 895 896 898 899]] [60 [901 904 905 907 910 912 913 914]] [61 [918 920 922 925 926 928 929]] [62 [930 932 933 935 937 940 941]] [63 [945 947 949 950 953 955 957 958]] [64 [960 962 963 966 973 974]] [65 [975 978 982 983 985 986 988]] [66 [992 993 998 1000 1002 1003 1004]] [67 [1005 1006 1009 1013 1016]] [68 [1021 1023 1025 1027 1028 1029 1030 1033]] [69 [1035 1037 1038 1039 1040 1046 1047]] [70 [1050 1056 1058 1059 1062 1063 1064]] [71 [1065 1067 1070 1071 1072 1074 1076]] [72 [1081 1082 1085 1087 1088 1093]] [73 [1097 1102 1103 1105 1108 1109]] [74 [1111 1113 1115 1118 1120 1124]] [75 [1130 1131 1137 1138]] [76 [1140 1142 1144 1146 1148 1150 1151]] [77 [1159 1160 1162 1163 1167 1169]] [78 [1171 1172 1174 1176 1177 1181 1183]] [79 [1186 1188 1190 1192 1193 1194 1198 1199]] [80 [1200 1201 1204 1206 1208 1211 1212 1213 1214]] [81 [1215 1218 1219 1220 1221 1222 1223 1224 1225]] [82 [1230 1231 1238 1239 1240 1243 1244]] [83 [1245 1247 1248 1249 1250 1255 1259]] [84 [1264 1265 1266 1271 1273]] [85 [1279 1281 1283 1286]] [86 [1290 1292 1294 1299 1301]] [87 [1305 1309 1312 1314 1315 1316]] [88 [1320 1326 1328 1333]] [89 [1335 1336 1340 1341 1343 1346 1348]] [90 [1350 1351 1353 1354 1357 1358 1359 1361]] [91 [1368 1369 1372 1374 1375 1378]] [92 [1380 1381 1382 1389 1391 1392 1394]] [93 [1397 1398 1403 1405 1407]] [94 [1410 1412 1413 1414 1415 1416 1417 1422 1423 1424]] [95 [1426 1429 1431 1433 1437 1439]] [96 [1440 1441 1442 1444 1445 1450 1453 1454]] [97 [1455 1457 1459 1464 1467]] [98 [1470 1471 1472 1473 1474 1475 1479]] [99 [1485 1486 1487 1492 1493 1497 1498]]]",,"[[{media 51} [[""A"" [3 3]]]] [{media 52} [[""A"" [3 3]]]] [{media 53} [[""A"" [1 1]]]] [{media 54} [[""A"" [0 0]]]] [{media 55} [[""A"" [2 2]]]] [{media 57} [[""A"" [1 1]]]] [{media 59} [[""A"" [6 6]]]] [{media 61} [[""A"" [0 0]]]] [{media 63} [[""A"" [5 5]]]] [{media 64} [[""A"" [5 5]]]] [{citizen 0} [[""A"" [0 1]]]] [{citizen 3} [[""A"" [1 1]]]] [{citizen 1} [[""A"" [3 5]]]] [{media 60} [[""A"" [3 3]]]] [{media 50} [[""A"" [0 0]]]] [{citizen 26} [[""A"" [3 5]]]] [{citizen 36} [[""A"" [2 3]]]] [{citizen 5} [[""A"" [3 5]]]] [{citizen 4} [[""A"" [5 5]]]] [{citizen 27} [[""A"" [0 1]]]] [{citizen 6} [[""A"" [0 1]]]] [{citizen 22} [[""A"" [3 5]]]] [{citizen 48} [[""A"" [1 1]]]] [{citizen 12} [[""A"" [4 1]]]] [{citizen 47} [[""A"" [0 1]]]] [{media 58} [[""A"" [4 4]]]] [{citizen 39} [[""A"" [0 1]]]] [{media 62} [[""A"" [4 4]]]] [{citizen 13} [[""A"" [1 3]]]] [{citizen 17} [[""A"" [4 1]]]] [{citizen 25} [[""A"" [1 1]]]] [{citizen 14} [[""A"" [3 5]]]] [{citizen 40} [[""A"" [3 1]]]] [{citizen 37} [[""A"" [0 1]]]] [{citizen 8} [[""A"" [0 1]]]] [{citizen 2} [[""A"" [0 1]]]] [{citizen 7} [[""A"" [1 5]]]] [{citizen 31} [[""A"" [4 0]]]] [{citizen 45} [[""A"" [4 1]]]] [{citizen 19} [[""A"" [1 1]]]] [{citizen 11} [[""A"" [4 3]]]] [{citizen 49} [[""A"" [5 1]]]] [{media 56} [[""A"" [5 5]]]] [{citizen 28} [[""A"" [5 5]]]] [{citizen 44} [[""A"" [5 5]]]] [{citizen 21} [[""A"" [5 5]]]] [{citizen 20} [[""A"" [4 1]]]] [{citizen 9} [[""A"" [3 5]]]] [{citizen 32} [[""A"" [4 5]]]] [{citizen 15} [[""A"" [0 1]]]] [{citizen 18} [[""A"" [3 5]]]] [{citizen 42} [[""A"" [1 5]]]] [{citizen 16} [[""A"" [5 3]]]] [{citizen 46} [[""A"" [4 1]]]] [{citizen 41} [[""A"" [5 5]]]] [{citizen 43} [[""A"" [0 1]]]] [{citizen 30} [[""A"" [1 1]]]] [{citizen 23} [[""A"" [4 1]]]] [{citizen 33} [[""A"" [4 1]]]] [{citizen 34} [[""A"" [0 1]]]] [{citizen 24} [[""A"" [3 5]]]] [{citizen 38} [[""A"" [5 3]]]] [{citizen 10} [[""A"" [0 1]]]] [{citizen 35} [[""A"" [1 3]]]]]"
"30","[255 0 0]","73.46938775510205","13.680215616247642","3.8856967902805852","""circle""","""""","9.9","{breed citizens}","false","0.5","1","""up""",,"[[""ID"" 39] [""alpha"" 1] [""beta"" 1] [""malleable"" [""A""]] [""prior"" []] [""cont_tokens"" []] [""A"" 0]]","[[0 [0 1 2 3 4 5 6 7 8 9 10 12 13 14]] [1 [15 16 17 18 19 20 21 22 23 24 25 26 27 28 29]] [2 [30 31 32 33 34 35 36 37 38 39 40 41 42 43 44]] [3 [45 46 47 48 49 50 51 52 53 54 55 56 57 58 59]] [4 [60 61 62 63 64 65 66 67 68 69 70 71 72 73 74]] [5 [75 76 77 78 79 80 81 82 83 84 85 87 88 89]] [6 [90 91 92 93 94 95 96 97 98 99 100 101 102 103 104]] [7 [105 106 107 108 109 110 111 112 113 114 115 116 119]] [8 [120 121 122 123 124 125 127 128 129 132 134]] [9 [135 137 138 139 140 142 144 145 146 147 148 149]] [10 [150 151 152 153 154 155 156 158 159 160 161 162 163 164]] [11 [165 166 167 168 169 170 171 172 173 174 175 176 177 178 179]] [12 [180 181 182 183 184 185 186 187 188 189 190 191 192 193 194]] [13 [195 196 197 198 199 200 203 205 207 208 209]] [14 [210 211 212 213 214 216 218 219 221 222 223 224]] [15 [225 226 227 228 229 231 232 233 234 235 236 237 238 239]] [16 [240 241 242 243 244 245 246 247 248 249 250 251 252 253 254]] [17 [255 256 257 258 259 260 261 262 263 264 265 266 267 268 269]] [18 [270 271 272 273 274 275 276 277 278 279 280 281 282 283 284]] [19 [285 286 287 288 289 290 291 292 293 294 295 296 297 298 299]] [20 [300 301 302 303 304 305 306 307 309 310 311 312 313 314]] [21 [315 316 317 318 319 320 321 322 323 324 325 326 327 328 329]] [22 [330 331 332 333 334 335 336 337 338 339 340 341 342 343 344]] [23 [345 346 347 348 349 350 351 352 353 354 355 356 357 358 359]] [24 [360 361 362 363 364 365 366 367 368 369 370 371 372 373 374]] [25 [375 376 377 378 379 380 381 382 383 384 385 386 387 388 389]] [26 [390 391 392 393 394 395 396 397 398 399 400 401 402 403 404]] [27 [405 406 407 408 409 410 411 412 413 414 415 416 417 418 419]] [28 [420 421 422 423 424 425 427 428 429 430 431 432 433 434]] [29 [435 436 437 438 439 440 441 442 443 444 445 446 447 448 449]] [30 [450 451 452 453 454 455 456 457 458 459 460 461 462 463 464]] [31 [465 466 467 468 469 470 471 472 473 474 475 478 479]] [32 [480 481 482 485 486 487 488 489 490 491 492 493 494]] [33 [495 496 497 498 499 501 502 503 504 505 506 507 508 509]] [34 [510 511 512 513 514 515 516 517 518 519 520 521 522 523 524]] [35 [525 526 527 528 529 530 531 532 533 534 535 536 537 538 539]] [36 [540 541 542 543 544 545 546 547 548 549 550 551 552 553 554]] [37 [555 556 557 558 559 561 562 563 564 565 566]] [38 [570 571 572 573 574 575 576 577 578 579 581 582]] [39 [586 587 589 590 591 594 596 597 598]] [40 [600 601 602 603 604 605 606 607 608 609 612 613 614]] [41 [615 616 617 618 619 620 621 622 623 624 625 626 627 628 629]] [42 [630 631 632 633 634 635 636 637 638 639 640 641 642 643 644]] [43 [645 646 647 648 649 650 651 652 653 654 655 656 657 658 659]] [44 [660 661 662 663 664 665 666 667 668 669 670 671 672 673 674]] [45 [675 676 677 678 679 680 681 682 683 684 685 686 687 688 689]] [46 [690 691 692 693 694 695 696 697 698 699 700 701 702 703 704]] [47 [705 706 707 708 709 710 711 712 713 714 715 716 717 718 719]] [48 [720 721 722 723 724 725 727 728 729 730 731 732 733 734]] [49 [735 736 737 738 739 740 742 743 744 745 746 747 748 749]] [50 [750 751 752 753 754 755 756 757 758 759 760 761 762 763 764]] [51 [765 766 767 768 769 770 771 772 773 774 775 776 777 778 779]] [52 [780 781 782 783 784 785 786 787 788 789 790 791 792 793 794]] [53 [795 796 797 798 799 800 801 802 803 804 805 806 807 808 809]] [54 [810 811 812 813 814 815 816 817 818 819 820 821 822 823 824]] [55 [825 826 827 828 829 830 831 833 834 835 836 837 838 839]] [56 [840 841 842 843 844 845 846 847 848 849 850 851 852 853 854]] [57 [855 856 857 858 859 860 861 862 863 864 865 866 867 868 869]] [58 [870 871 872 873 874 875 876 877 878 879 880 881 882 883 884]] [59 [885 886 887 888 889 890 891 892 893 894 895 896 897 898 899]] [60 [900 901 902 903 904 905 906 907 908 909 910 911 912 913 914]] [61 [915 916 917 918 919 920 921 922 923 924 925 926 927 928 929]] [62 [930 931 932 933 934 935 936 937 938 939 940 941 942 943 944]] [63 [945 946 947 948 949 950 951 953 955 956 957 958 959]] [64 [960 961 962 963 964 965 966 967 968 969 970 971 972 973 974]] [65 [975 976 977 978 979 980 981 982 983 984 985 986 987 988 989]] [66 [990 991 992 993 994 995 996 997 998 999 1000 1001 1002 1003 1004]] [67 [1005 1006 1009 1010 1011 1012 1013 1014 1015 1016 1017 1018 1019]] [68 [1020 1021 1022 1023 1024 1025 1026 1027 1028 1029 1030 1031 1032 1033]] [69 [1035 1036 1037 1038 1039 1040 1041 1043 1045 1046 1047 1048]] [70 [1050 1051 1052 1053 1054 1055 1056 1057 1058 1059 1060 1062 1063 1064]] [71 [1065 1067 1068 1069 1070 1071 1072 1073 1074 1075 1076 1077 1078 1079]] [72 [1080 1081 1082 1083 1084 1085 1086 1087 1088 1089 1090 1091 1092 1093 1094]] [73 [1095 1096 1097 1098 1099 1100 1101 1102 1103 1104 1105 1106 1107 1108 1109]] [74 [1110 1111 1112 1113 1114 1115 1116 1118 1119 1120 1121 1122 1123 1124]] [75 [1125 1126 1127 1128 1129 1130 1131 1132 1134 1135 1136 1137 1138 1139]] [76 [1140 1141 1142 1143 1144 1145 1146 1147 1148 1149 1150 1151 1152 1153 1154]] [77 [1155 1156 1157 1160 1161 1162 1163 1164 1165 1166 1167 1168 1169]] [78 [1170 1171 1172 1173 1174 1175 1176 1177 1178 1179 1180 1181 1182 1183 1184]] [79 [1185 1186 1187 1188 1189 1190 1191 1192 1193 1194 1195 1196 1197 1198 1199]] [80 [1202 1203 1205 1207 1209 1210 1211 1212 1213 1214]] [81 [1215 1217 1218 1219 1220 1221 1222 1223 1224 1225 1226 1227 1228 1229]] [82 [1230 1231 1232 1233 1234 1235 1236 1237 1238 1239 1240 1241 1242 1243 1244]] [83 [1245 1246 1247 1248 1249 1250 1251 1252 1253 1254 1255 1257 1258 1259]] [84 [1260 1261 1262 1263 1264 1265 1266 1267 1268 1269 1270 1271 1272 1273 1274]] [85 [1275 1276 1277 1278 1279 1280 1281 1282 1283 1284 1285 1286 1287 1288 1289]] [86 [1290 1291 1292 1293 1294 1295 1296 1297 1298 1299 1300 1301 1302 1303 1304]] [87 [1305 1306 1307 1308 1309 1310 1311 1312 1313 1314 1315 1316 1317 1318 1319]] [88 [1320 1321 1322 1323 1324 1325 1326 1327 1328 1330 1331 1332 1333 1334]] [89 [1335 1336 1337 1338 1339 1340 1341 1342 1343 1344 1345 1346 1347 1348 1349]] [90 [1350 1351 1352 1353 1354 1355 1356 1357 1358 1359 1360 1361 1362 1363 1364]] [91 [1365 1366 1367 1368 1369 1370 1371 1372 1373 1374 1375 1376 1377 1378 1379]] [92 [1380 1381 1382 1383 1384 1385 1386 1387 1388 1389 1390 1391 1392 1393 1394]] [93 [1395 1396 1397 1398 1399 1400 1401 1402 1403 1404 1405 1406 1407 1408 1409]] [94 [1410 1411 1412 1413 1414 1415 1416 1417 1418 1419 1420 1421 1422 1423 1424]] [95 [1425 1426 1427 1428 1429 1430 1431 1432 1433 1434 1435 1436 1437 1438 1439]] [96 [1440 1441 1442 1444 1445 1446 1447 1448 1449 1450 1451 1452 1453 1454]] [97 [1455 1456 1457 1458 1459 1460 1461 1462 1463 1464 1465 1466 1467 1468 1469]] [98 [1470 1471 1472 1473 1474 1475 1476 1477 1478 1479 1480 1483]] [99 [1485 1486 1487 1488 1489 1490 1491 1492 1493 1494 1495 1496 1497 1498 1499]]]","[[0 [0 4 5 7 10 13 14]] [1 [15 17 18 19 24 29]] [2 [31 32 33 35 36 38 42]] [3 [45 46 51 56 58]] [4 [61 62 63 64 67 68 71 72]] [5 [77 79 81 82 83 84 87 88]] [6 [91 92 93 96 98 99 100 101 102]] [7 [111 113 115 116 119]] [8 [122 124 125 127 129 132 134]] [9 [137 139 140 142 145 147 148]] [10 [154 155 156 158 160 161 162 164]] [11 [165 166 169 171 173 175 177 178 179]] [12 [180 182 183 184 186 187 188 190 192]] [13 [198 200 203 207 208]] [14 [210 211 212 218 219 221 223]] [15 [225 227 229 231 232 233 235 236 237 239]] [16 [241 243 244 247 253 254]] [17 [255 256 260 262 263 264 265 266 267]] [18 [270 271 274 276 279 280 281 282 284]] [19 [285 286 287 288 290 293 295 297]] [20 [301 302 304 305 307 314]] [21 [315 317 320 322 324 329]] [22 [331 332 333 335 336 338]] [23 [345 346 348 349 352 356 357 358]] [24 [361 362 363 365 370 373]] [25 [377 378 379 385 386 388]] [26 [393 397 399 400 401 402 404]] [27 [405 407 408 411 412 414 419]] [28 [421 422 424 430 432 434]] [29 [435 437 441 442 443 447 448]] [30 [450 451 454 455 460]] [31 [466 467 470 471 474 475]] [32 [480 485 486 487 488 489]] [33 [495 497 498 499 501 502 504 505 507 509]] [34 [510 513 516 517 519 520 521 522]] [35 [526 527 529 532 535 537 538]] [36 [540 541 542 543 545 546 551]] [37 [556 563 564 565 566]] [38 [575 576 577 578 582]] [39 [587 589 591 594 598]] [40 [600 601 602 605 606 607 608 612 613]] [41 [615 618 620 621 623 624 625 627]] [42 [630 634 637 638 641 644]] [43 [645 647 650 651 658]] [44 [661 664 665 668 669 671 673]] [45 [676 677 678 679 680 681 682 687]] [46 [693 695 696 697 704]] [47 [711 713 714 718 719]] [48 [720 721 722 723 725 733 734]] [49 [736 738 739 740 746 747 748 749]] [50 [750 751 753 758 762 763]] [51 [765 767 769 770 773 774 775 776 779]] [52 [782 783 785 786 787 791 792 793 794]] [53 [795 797 802 803 804 806 808]] [54 [811 814 815 819 821]] [55 [829 830 833 836 837]] [56 [842 844 847 848 850 851 853 854]] [57 [855 856 857 859 866 867]] [58 [874 875 878 879 881 882]] [59 [885 886 887 889 893 895 896 898 899]] [60 [901 904 905 907 910 912 913 914]] [61 [918 920 922 925 926 928 929]] [62 [930 935 937 942 943 944]] [63 [946 948 949 950 951 953 956]] [64 [961 964 965 967 968 969 970 971 972]] [65 [976 979 980 981 987 989]] [66 [990 991 994 995 996 997 999 1001]] [67 [1006 1009 1010 1011 1012 1014 1015 1018 1019]] [68 [1021 1023 1025 1027 1028 1031 1033]] [69 [1035 1037 1038 1039 1040 1046 1047]] [70 [1050 1056 1058 1059 1062 1063 1064]] [71 [1065 1067 1070 1071 1072 1077 1078 1079]] [72 [1080 1081 1082 1083 1089 1091 1092 1094]] [73 [1095 1096 1098 1099 1100 1101 1104 1105 1108 1109]] [74 [1111 1115 1118 1120 1124]] [75 [1130 1131 1132 1134 1135 1136 1138]] [76 [1140 1142 1143 1147 1153]] [77 [1155 1156 1157 1160 1161 1163]] [78 [1170 1171 1172 1174 1176 1177 1181]] [79 [1189 1191 1195 1196 1197]] [80 [1202 1203 1205 1207 1209 1210 1212 1213]] [81 [1217 1219 1226 1227 1228]] [82 [1232 1233 1237 1241 1242]] [83 [1245 1246 1251 1252 1253 1254 1255 1259]] [84 [1264 1265 1266 1271 1273]] [85 [1278 1279 1281 1283 1288 1289]] [86 [1290 1292 1293 1294 1295 1297 1298 1299 1300 1303 1304]] [87 [1306 1307 1310 1313 1317 1318 1319]] [88 [1321 1322 1323 1324 1325 1327 1330 1331 1334]] [89 [1337 1339 1342 1344 1345 1348]] [90 [1350 1351 1354 1357 1359 1361]] [91 [1368 1369 1373 1376 1377]] [92 [1380 1383 1385 1386 1387 1388 1390 1393]] [93 [1395 1397 1398 1401 1403 1405 1407 1408]] [94 [1410 1412 1413 1414 1415 1416 1417 1421]] [95 [1425 1430 1432 1433 1434 1436 1437 1439]] [96 [1440 1441 1442 1444 1445 1450 1454]] [97 [1455 1457 1459 1463 1464 1467 1468 1469]] [98 [1470 1471 1476 1480 1483]] [99 [1485 1486 1487 1492 1493 1497 1498]]]",,"[[{media 51} [[""A"" [3 3]]]] [{media 52} [[""A"" [3 3]]]] [{media 53} [[""A"" [1 1]]]] [{media 55} [[""A"" [2 2]]]] [{media 56} [[""A"" [5 5]]]] [{media 57} [[""A"" [1 1]]]] [{media 59} [[""A"" [6 6]]]] [{media 61} [[""A"" [0 0]]]] [{media 62} [[""A"" [4 4]]]] [{media 63} [[""A"" [5 5]]]] [{media 64} [[""A"" [5 5]]]] [{citizen 6} [[""A"" [0 1]]]] [{citizen 11} [[""A"" [0 4]]]] [{citizen 1} [[""A"" [1 4]]]] [{citizen 4} [[""A"" [4 5]]]] [{media 60} [[""A"" [3 3]]]] [{citizen 2} [[""A"" [1 0]]]] [{media 50} [[""A"" [0 0]]]] [{citizen 13} [[""A"" [1 4]]]] [{media 58} [[""A"" [4 4]]]] [{citizen 26} [[""A"" [1 4]]]] [{citizen 3} [[""A"" [0 1]]]] [{citizen 37} [[""A"" [3 0]]]] [{citizen 36} [[""A"" [2 4]]]] [{citizen 5} [[""A"" [2 4]]]] [{citizen 27} [[""A"" [0 1]]]] [{citizen 22} [[""A"" [4 4]]]] [{citizen 48} [[""A"" [0 1]]]] [{citizen 12} [[""A"" [1 0]]]] [{citizen 47} [[""A"" [0 1]]]] [{citizen 0} [[""A"" [5 0]]]] [{citizen 38} [[""A"" [3 3]]]] [{citizen 39} [[""A"" [0 1]]]] [{citizen 7} [[""A"" [1 4]]]] [{citizen 17} [[""A"" [4 4]]]] [{citizen 35} [[""A"" [4 4]]]] [{citizen 25} [[""A"" [0 1]]]] [{citizen 14} [[""A"" [1 3]]]] [{citizen 40} [[""A"" [4 3]]]] [{citizen 24} [[""A"" [1 4]]]] [{citizen 20} [[""A"" [2 1]]]] [{citizen 9} [[""A"" [1 4]]]] [{citizen 10} [[""A"" [0 1]]]] [{citizen 19} [[""A"" [4 1]]]] [{citizen 8} [[""A"" [0 0]]]] [{citizen 31} [[""A"" [4 0]]]] [{citizen 45} [[""A"" [2 0]]]] [{citizen 49} [[""A"" [5 5]]]] [{media 54} [[""A"" [0 0]]]] [{citizen 28} [[""A"" [4 3]]]] [{citizen 44} [[""A"" [1 4]]]] [{citizen 21} [[""A"" [5 3]]]] [{citizen 32} [[""A"" [3 4]]]] [{citizen 15} [[""A"" [0 1]]]] [{citizen 18} [[""A"" [4 4]]]] [{citizen 42} [[""A"" [1 4]]]] [{citizen 16} [[""A"" [4 3]]]] [{citizen 46} [[""A"" [3 1]]]] [{citizen 41} [[""A"" [4 4]]]] [{citizen 43} [[""A"" [0 0]]]] [{citizen 33} [[""A"" [4 0]]]] [{citizen 34} [[""A"" [2 0]]]] [{citizen 23} [[""A"" [4 1]]]] [{citizen 29} [[""A"" [0 0]]]]]"
"31","[255 0 0]","81.48423005565864","13.982746037509132","2.299561069685655","""circle""","""""","9.9","{breed citizens}","false","0.5","1","""up""",,"[[""ID"" 21] [""alpha"" 1] [""beta"" 1] [""malleable"" [""A""]] [""prior"" []] [""cont_tokens"" []] [""A"" 0]]","[[0 [0 1 2 3 4 5 6 8 9 10 11 12 13 14]] [1 [15 16 17 18 19 20 21 22 23 24 25 26 27 28 29]] [2 [30 31 32 33 34 35 36 37 38 39 40 41 42 43 44]] [3 [45 46 47 48 49 50 51 52 53 54 55 56 57 58 59]] [4 [60 61 62 63 64 65 66 67 68 69 70 71 72 73 74]] [5 [75 76 77 78 79 80 81 82 83 84 85 86 87 88 89]] [6 [90 91 92 93 94 95 96 97 98 99 100 101 102 103 104]] [7 [105 107 109 110 111 112 113 114 115 116 119]] [8 [122 123 124 125 127 128 129 132 134]] [9 [135 137 138 139 140 142 144 145 146 147 148 149]] [10 [150 151 152 153 154 155 156 157 158 159 160 161 162 163 164]] [11 [165 166 167 168 169 170 171 172 173 174 175 176 177 178 179]] [12 [180 181 182 183 184 185 186 187 188 189 190 191 192 193 194]] [13 [195 196 197 198 199 200 203 205 207 208 209]] [14 [210 211 212 213 214 216 218 219 221 222 223 224]] [15 [225 226 227 228 229 231 232 233 234 235 236 237 238 239]] [16 [240 241 242 243 244 245 246 247 248 249 250 251 252 253 254]] [17 [255 256 257 258 259 260 261 262 263 264 265 266 267 268 269]] [18 [270 271 272 273 274 275 276 277 278 279 280 281 282 283 284]] [19 [285 286 287 288 289 290 291 292 293 294 295 296 297 298 299]] [20 [300 301 302 303 304 305 306 307 309 310 311 312 313 314]] [21 [315 316 317 318 319 320 321 322 323 324 325 326 327 328 329]] [22 [330 331 332 333 334 335 336 337 338 339 340 341 342 343 344]] [23 [345 346 347 348 349 350 351 352 353 354 355 356 357 358 359]] [24 [360 361 362 363 364 365 366 367 368 369 370 371 372 373 374]] [25 [375 376 377 378 379 380 381 382 383 384 385 386 387 388 389]] [26 [390 391 392 393 394 395 396 397 398 399 400 401 402 403 404]] [27 [405 406 407 408 409 410 411 412 413 414 415 416 417 418 419]] [28 [420 421 422 423 424 425 427 428 429 430 431 432 433 434]] [29 [435 436 437 438 439 440 441 442 443 444 445 446 447 448 449]] [30 [450 451 452 453 454 455 456 457 458 459 460 461 462 463 464]] [31 [465 466 467 468 469 470 471 472 473 474 475 476 477 478 479]] [32 [480 481 482 485 486 487 488 489 490 491 492 493 494]] [33 [495 496 497 498 499 501 502 503 504 505 506 507 508 509]] [34 [510 511 512 513 514 515 516 517 518 519 520 521 522 523 524]] [35 [525 526 527 528 529 530 531 532 533 534 535 536 537 538 539]] [36 [540 541 542 543 544 545 546 547 548 549 550 551 552 553 554]] [37 [555 556 557 558 559 561 562 563 564 565 566]] [38 [570 571 572 573 574 575 576 577 578 579 581 582]] [39 [586 587 589 590 591 594 596 597 598]] [40 [600 601 602 603 604 605 606 607 608 609 612 613 614]] [41 [615 616 617 618 619 620 621 622 623 624 625 626 627 628 629]] [42 [630 631 632 633 634 635 636 637 638 639 640 641 642 643 644]] [43 [645 646 647 648 649 650 651 652 653 654 655 656 657 658 659]] [44 [660 661 662 663 664 665 666 667 668 669 670 671 672 673 674]] [45 [676 677 678 679 680 681 682 683 684 685 686 687 688 689]] [46 [690 691 692 693 694 695 696 697 698 699 700 701 702 703 704]] [47 [705 706 707 708 709 710 711 712 713 714 715 716 717 718 719]] [48 [720 721 722 723 724 725 726 727 728 729 730 731 732 733 734]] [49 [735 736 737 738 739 740 742 743 744 745 746 747 748 749]] [50 [750 751 752 753 754 755 756 757 758 759 760 761 762 763 764]] [51 [765 766 767 768 769 770 771 772 773 774 775 776 777 778 779]] [52 [780 781 782 783 784 785 786 787 788 789 790 791 792 793 794]] [53 [795 796 797 798 799 800 801 802 803 804 805 806 807 808 809]] [54 [810 811 812 813 814 815 816 817 818 819 820 821 822 823 824]] [55 [825 826 827 828 829 830 831 832 833 834 835 836 837 838 839]] [56 [840 841 842 843 844 845 846 847 848 849 850 851 852 853 854]] [57 [855 856 857 858 859 860 861 862 863 864 865 866 867 868 869]] [58 [870 871 872 873 874 875 876 877 878 879 880 881 882 883 884]] [59 [885 886 887 888 889 890 891 892 893 894 895 896 897 898 899]] [60 [900 901 902 903 904 905 906 907 908 909 910 911 912 913 914]] [61 [915 916 917 918 919 920 921 922 923 924 925 926 927 928 929]] [62 [930 931 932 933 934 935 936 937 938 939 940 941 942 943 944]] [63 [945 946 947 948 949 950 951 953 955 956 957 958 959]] [64 [960 961 962 963 964 965 966 967 968 969 970 971 972 973 974]] [65 [975 976 977 978 979 980 981 982 983 984 985 986 987 988 989]] [66 [990 991 992 993 994 995 996 997 998 999 1000 1001 1002 1003 1004]] [67 [1005 1006 1007 1008 1009 1010 1011 1012 1013 1014 1015 1016 1017 1018 1019]] [68 [1020 1021 1022 1023 1024 1025 1026 1027 1028 1029 1030 1031 1032 1033]] [69 [1035 1036 1037 1038 1039 1040 1041 1043 1045 1046 1047 1048]] [70 [1050 1051 1052 1053 1054 1055 1056 1057 1058 1059 1060 1062 1063 1064]] [71 [1065 1066 1067 1068 1069 1070 1071 1072 1073 1074 1075 1076 1077 1078 1079]] [72 [1080 1081 1082 1083 1084 1085 1086 1087 1088 1089 1090 1091 1092 1093 1094]] [73 [1095 1096 1098 1099 1100 1101 1104 1105 1106 1107 1108 1109]] [74 [1110 1111 1112 1113 1114 1115 1116 1117 1118 1119 1120 1121 1122 1123 1124]] [75 [1125 1126 1127 1128 1129 1130 1131 1132 1134 1135 1136 1137 1138 1139]] [76 [1140 1141 1142 1143 1144 1145 1146 1147 1148 1149 1150 1151 1152 1153 1154]] [77 [1155 1156 1157 1158 1159 1160 1161 1162 1163 1164 1165 1166 1167 1168 1169]] [78 [1170 1171 1172 1173 1174 1175 1176 1177 1178 1179 1180 1181 1182 1183 1184]] [79 [1185 1186 1187 1188 1189 1190 1191 1192 1193 1194 1195 1196 1197 1198 1199]] [80 [1200 1201 1202 1203 1204 1205 1206 1207 1208 1209 1210 1211 1212 1213 1214]] [81 [1215 1217 1218 1219 1220 1221 1222 1223 1224 1225 1226 1227 1228 1229]] [82 [1230 1231 1232 1233 1234 1235 1236 1237 1238 1239 1240 1241 1242 1243 1244]] [83 [1245 1246 1247 1248 1249 1250 1251 1252 1253 1254 1255 1256 1257 1258 1259]] [84 [1260 1261 1262 1263 1264 1265 1266 1267 1268 1269 1270 1271 1272 1273 1274]] [85 [1275 1276 1277 1279 1280 1281 1282 1283 1284 1285 1286 1287 1288 1289]] [86 [1290 1291 1292 1293 1294 1295 1296 1297 1298 1299 1300 1301 1302 1303 1304]] [87 [1305 1306 1307 1308 1309 1310 1311 1312 1313 1314 1315 1316 1317 1318 1319]] [88 [1320 1321 1322 1323 1324 1325 1326 1327 1328 1330 1331 1332 1333 1334]] [89 [1335 1336 1337 1338 1339 1340 1341 1342 1343 1344 1345 1346 1347 1348 1349]] [90 [1350 1351 1352 1353 1354 1355 1356 1357 1358 1359 1360 1361 1362 1363 1364]] [91 [1365 1366 1368 1369 1370 1371 1372 1373 1374 1375 1376 1377 1378 1379]] [92 [1380 1381 1382 1383 1384 1385 1386 1387 1388 1389 1390 1391 1392 1393 1394]] [93 [1395 1396 1397 1398 1399 1400 1401 1402 1403 1404 1405 1406 1407 1408 1409]] [94 [1410 1411 1412 1413 1414 1415 1416 1417 1418 1419 1420 1421 1422 1423 1424]] [95 [1425 1426 1428 1429 1430 1431 1432 1433 1434 1435 1436 1437 1438 1439]] [96 [1440 1441 1442 1444 1445 1446 1447 1448 1449 1450 1451 1452 1453 1454]] [97 [1455 1456 1457 1458 1459 1460 1461 1463 1464 1465 1467 1468 1469]] [98 [1470 1471 1472 1473 1474 1475 1476 1477 1478 1479 1480 1483]] [99 [1485 1486 1487 1488 1489 1490 1491 1492 1493 1494 1495 1496 1497 1498 1499]]]","[[0 [1 6 8 11 12]] [1 [16 19 21 22 25 26 28 29]] [2 [31 32 33 35 36 40 43 44]] [3 [47 49 50 51 52 56 58]] [4 [60 63 64 67 68 71 72]] [5 [77 79 80 82 83 84 85 88]] [6 [91 92 93 96 98 99 100 101 102]] [7 [111 113 115 116 119]] [8 [122 123 125 127 128 129 132 134]] [9 [137 140 142 144 149]] [10 [150 154 155 156 160 161 162]] [11 [165 166 167 168 171 173 177]] [12 [180 182 183 184 185 186 187 190 192]] [13 [195 197 199 200 203 207 208]] [14 [210 212 218 219 221 223]] [15 [225 227 229 231 232 233 235 236 237 239]] [16 [241 243 244 245 248 249 251 254]] [17 [255 256 262 264 265 266 267]] [18 [270 271 274 279 280 281 282 284]] [19 [285 286 287 288 290 293 295 297 299]] [20 [301 302 305 306 309 310 312 313 314]] [21 [315 317 323 326 329]] [22 [330 331 332 333 335 336 338]] [23 [346 347 350 353 354 355 358]] [24 [360 364 366 367 369 372 373]] [25 [377 379 382 383 384 387 388]] [26 [393 397 399 400 401]] [27 [409 410 412 414 419]] [28 [422 424 430 432 434]] [29 [438 441 442 443 446 447 448]] [30 [450 451 452 453 456 457 458 461 464]] [31 [465 467 469 470 471 474 475]] [32 [480 485 486 487 488 489]] [33 [495 498 499 501 502 509]] [34 [510 512 513 516 517 519 520 521 522 524]] [35 [526 527 529 532 535 536 539]] [36 [540 543 545 546 551]] [37 [556 563 564 565 566]] [38 [575 576 577 578 581 582]] [39 [587 590 591 594 597 598]] [40 [600 601 602 605 606 607 608 612 613]] [41 [615 617 619 622 626 627 629]] [42 [631 632 633 634 637 638 641]] [43 [646 647 650 651 655 656 658]] [44 [661 664 665 667 668 669 671 673]] [45 [676 677 683 686 689]] [46 [690 691 692 694 699 700 701 702 703]] [47 [705 706 707 709 712 715 716 718 719]] [48 [720 721 722 723 725 733 734]] [49 [736 737 742 743 744 745 746 747 748 749]] [50 [750 751 753 758 761 764]] [51 [766 767 768 769 770 773 774 775 776 779]] [52 [782 783 785 786 788]] [53 [795 797 802 803 804 805 806]] [54 [810 812 813 816 817 818 820 822 823 824]] [55 [826 827 828 829 830 833 834 835 838]] [56 [840 841 843 845 849 853 854]] [57 [855 856 857 859 863 865 868]] [58 [870 871 872 873 875 876 877 879 882 884]] [59 [885 886 887 889 893 894]] [60 [900 902 903 908 909 911 912 913 914]] [61 [916 920 922 925 926 928 929]] [62 [930 933 935 937 940 942 943 944]] [63 [946 947 949 950 955 959]] [64 [960 962 963 966 973 974]] [65 [975 978 982 983 986 988]] [66 [992 993 998 1000 1002 1003 1004]] [67 [1005 1006 1009 1013 1016 1019]] [68 [1021 1023 1025 1027 1028 1031 1033]] [69 [1035 1037 1038 1039 1040 1046 1047]] [70 [1051 1052 1053 1055 1057 1060 1062 1063 1064]] [71 [1065 1069 1070 1071 1072 1078 1079]] [72 [1080 1083 1084 1086 1089 1091 1092 1094]] [73 [1095 1098 1100 1101 1104 1105 1107]] [74 [1110 1112 1114 1116 1118 1119 1121 1122 1123]] [75 [1126 1127 1128 1139]] [76 [1141 1144 1145 1146 1148 1149 1153]] [77 [1155 1156 1157 1161 1163 1167 1168 1169]] [78 [1172 1174 1176 1177 1181]] [79 [1186 1188 1189 1191 1195 1196 1197]] [80 [1202 1203 1205 1207 1214]] [81 [1215 1218 1219 1226 1227 1228]] [82 [1232 1233 1234 1235 1236 1238 1239 1243 1244]] [83 [1245 1246 1251 1252 1253 1254 1258]] [84 [1261 1262 1263 1267 1269 1270 1274]] [85 [1275 1276 1277 1280 1282 1284 1285 1287]] [86 [1290 1292 1294 1299 1300 1304]] [87 [1306 1307 1310 1314 1315 1316]] [88 [1320 1322 1323 1324 1325 1327 1330 1331 1334]] [89 [1337 1338 1340 1341 1343 1346]] [90 [1350 1351 1353 1354 1357 1359 1361]] [91 [1368 1369 1373 1376 1377 1379]] [92 [1381 1383 1384 1385 1386 1387 1388 1390]] [93 [1395 1397 1398 1399 1400 1402 1404 1406 1409]] [94 [1411 1416 1419 1423 1424]] [95 [1426 1428 1429 1431 1433 1435 1438 1439]] [96 [1440 1441 1444 1445 1450 1452 1453 1454]] [97 [1455 1457 1459 1464 1467 1468 1469]] [98 [1471 1477 1478 1483]] [99 [1485 1486 1487 1492 1493 1498]]]",,"[[{citizen 41} [[""A"" [4 5]]]] [{citizen 46} [[""A"" [2 0]]]] [{media 51} [[""A"" [3 3]]]] [{media 52} [[""A"" [3 3]]]] [{media 53} [[""A"" [1 1]]]] [{media 54} [[""A"" [0 0]]]] [{media 55} [[""A"" [2 2]]]] [{media 57} [[""A"" [1 1]]]] [{media 59} [[""A"" [6 6]]]] [{media 61} [[""A"" [0 0]]]] [{media 63} [[""A"" [5 5]]]] [{media 64} [[""A"" [5 5]]]] [{citizen 6} [[""A"" [1 0]]]] [{citizen 11} [[""A"" [4 5]]]] [{citizen 13} [[""A"" [4 5]]]] [{media 60} [[""A"" [3 3]]]] [{citizen 2} [[""A"" [0 0]]]] [{media 50} [[""A"" [0 0]]]] [{citizen 0} [[""A"" [0 0]]]] [{citizen 3} [[""A"" [2 1]]]] [{media 62} [[""A"" [4 4]]]] [{media 58} [[""A"" [4 4]]]] [{citizen 26} [[""A"" [5 5]]]] [{citizen 39} [[""A"" [1 0]]]] [{citizen 17} [[""A"" [2 0]]]] [{citizen 45} [[""A"" [1 0]]]] [{citizen 14} [[""A"" [5 3]]]] [{citizen 7} [[""A"" [4 5]]]] [{citizen 36} [[""A"" [4 5]]]] [{citizen 5} [[""A"" [4 5]]]] [{citizen 4} [[""A"" [5 5]]]] [{citizen 27} [[""A"" [2 0]]]] [{citizen 1} [[""A"" [4 5]]]] [{citizen 22} [[""A"" [4 4]]]] [{citizen 48} [[""A"" [1 0]]]] [{citizen 12} [[""A"" [0 0]]]] [{citizen 47} [[""A"" [0 0]]]] [{citizen 38} [[""A"" [5 3]]]] [{citizen 42} [[""A"" [4 5]]]] [{citizen 35} [[""A"" [4 5]]]] [{citizen 34} [[""A"" [0 0]]]] [{citizen 25} [[""A"" [1 0]]]] [{citizen 40} [[""A"" [5 3]]]] [{citizen 24} [[""A"" [4 5]]]] [{citizen 20} [[""A"" [1 2]]]] [{citizen 9} [[""A"" [5 5]]]] [{citizen 10} [[""A"" [0 0]]]] [{citizen 37} [[""A"" [0 0]]]] [{citizen 8} [[""A"" [0 0]]]] [{citizen 49} [[""A"" [1 0]]]] [{citizen 19} [[""A"" [1 0]]]] [{media 56} [[""A"" [5 5]]]] [{citizen 28} [[""A"" [5 3]]]] [{citizen 44} [[""A"" [4 5]]]] [{citizen 21} [[""A"" [5 3]]]] [{citizen 15} [[""A"" [1 0]]]] [{citizen 18} [[""A"" [4 5]]]] [{citizen 16} [[""A"" [5 3]]]] [{citizen 43} [[""A"" [0 0]]]] [{citizen 30} [[""A"" [0 0]]]] [{citizen 23} [[""A"" [1 0]]]] [{citizen 33} [[""A"" [5 1]]]] [{citizen 29} [[""A"" [0 0]]]] [{citizen 32} [[""A"" [4 5]]]]]"
"32","[43 0 212]","138.9795918367347","9.470056667078982","-10.438893924908534","""circle""","""""","9.9","{breed citizens}","false","0.5","1","""up""",,"[[""ID"" 19] [""alpha"" 1] [""beta"" 1] [""malleable"" [""A""]] [""prior"" []] [""cont_tokens"" []] [""A"" 5]]","[[0 [0 1 2 3 4 5 6 7 8 9 10 12 13 14]] [1 [15 16 17 18 19 20 21 22 23 24 25 26 27 28 29]] [2 [30 31 32 33 34 35 36 37 38 39 40 41 42 43 44]] [3 [45 46 47 48 49 50 51 52 53 54 55 56 57 58 59]] [4 [60 61 62 63 64 65 66 67 68 69 70 71 72 73 74]] [5 [75 76 77 78 79 80 81 82 83 84 85 87 88 89]] [6 [90 91 92 93 94 95 96 97 98 99 100 101 102 103 104]] [7 [105 106 107 108 109 110 111 112 113 114 115 116 119]] [8 [122 123 124 125 127 128 129 132 134]] [9 [135 137 138 139 140 142 144 145 146 147 148 149]] [10 [150 151 152 153 154 155 156 158 159 160 161 162 163 164]] [11 [165 166 167 168 169 170 171 172 173 174 175 176 177 178 179]] [12 [180 181 182 183 184 185 186 187 188 189 190 191 192 193 194]] [13 [195 196 197 198 199 200 203 205 207 208 209]] [14 [210 211 212 213 214 216 218 219 221 222 223 224]] [15 [225 226 227 228 229 231 232 233 234 235 236 237 238 239]] [16 [240 241 242 243 244 245 246 247 248 249 251 252 253 254]] [17 [255 256 257 258 259 260 261 262 263 264 265 266 267 268 269]] [18 [270 271 272 273 274 275 276 277 278 279 280 281 282 283 284]] [19 [285 286 287 288 289 290 291 292 293 294 295 296 297 298 299]] [20 [300 301 302 303 304 305 306 307 308 309 310 311 312 313 314]] [21 [315 316 317 318 319 320 321 322 323 324 325 326 327 328 329]] [22 [330 331 332 333 334 335 336 338 340 343 344]] [23 [345 346 347 348 349 350 351 352 353 354 355 356 357 358 359]] [24 [360 361 362 363 364 365 366 367 368 369 370 371 372 373 374]] [25 [375 376 377 378 379 380 381 382 383 384 385 386 387 388 389]] [26 [390 391 392 393 394 395 396 397 398 399 400 401 402 403 404]] [27 [405 406 407 408 409 410 411 412 413 414 415 416 417 418 419]] [28 [420 421 422 423 424 425 426 427 428 429 430 431 432 433 434]] [29 [435 436 437 438 439 440 441 442 443 444 445 446 447 448 449]] [30 [450 451 452 453 454 455 456 457 458 459 460 461 462 463 464]] [31 [465 466 467 468 469 470 471 472 473 474 475 478 479]] [32 [480 481 482 485 486 488 489 490 491 492 493 494]] [33 [495 496 497 498 499 500 501 502 503 504 505 506 507 508 509]] [34 [510 511 512 513 514 515 516 517 518 519 520 521 522 523 524]] [35 [525 526 527 528 529 530 531 532 533 534 535 536 537 538 539]] [36 [540 541 542 543 544 545 546 547 548 549 550 551 552 553 554]] [37 [555 556 557 558 559 561 562 563 564 565 566]] [38 [570 571 572 573 574 575 576 577 578 579 581 582]] [39 [586 587 589 590 591 594 596 597 598]] [40 [600 601 602 603 604 605 606 607 608 609 612 613 614]] [41 [615 616 617 618 619 620 621 622 623 624 625 626 627 628 629]] [42 [630 631 632 633 634 635 636 637 638 639 640 641 642 643 644]] [43 [645 646 647 648 649 650 651 652 653 654 655 656 657 658 659]] [44 [660 661 662 663 664 665 666 667 668 669 670 671 672 673 674]] [45 [676 677 678 679 680 681 682 683 684 685 686 687 688 689]] [46 [690 691 692 693 694 695 696 697 698 699 700 701 702 703 704]] [47 [705 706 707 708 709 710 711 712 713 714 715 716 717 718 719]] [48 [720 721 722 723 724 725 726 727 728 729 730 731 732 733 734]] [49 [735 736 737 738 739 740 742 743 744 745 746 747 748 749]] [50 [750 751 752 753 754 755 756 757 758 759 760 761 762 763 764]] [51 [765 766 767 768 769 770 771 772 773 774 775 776 777 778 779]] [52 [780 781 782 783 784 785 786 787 788 789 790 791 792 793 794]] [53 [795 796 797 798 799 800 801 802 803 804 805 806 807 808 809]] [54 [810 811 812 813 814 815 816 817 818 819 820 821 822 823 824]] [55 [825 826 827 828 829 830 831 832 833 834 835 836 837 838 839]] [56 [840 841 842 843 844 845 846 847 848 849 850 851 852 853 854]] [57 [855 856 857 858 859 860 862 863 864 865 866 867 868 869]] [58 [870 871 872 873 874 875 876 877 878 879 880 881 882 883 884]] [59 [885 886 887 888 889 890 891 892 893 894 895 896 897 898 899]] [60 [900 901 902 903 904 905 906 907 908 909 910 911 912 913 914]] [61 [915 916 917 918 919 920 921 922 923 924 925 926 927 928 929]] [62 [930 931 932 933 934 935 936 937 938 939 940 941 942 943 944]] [63 [945 946 947 948 949 950 951 953 955 956 957 958 959]] [64 [960 961 962 963 964 965 966 967 968 969 970 971 972 973 974]] [65 [975 976 977 978 979 980 981 982 983 984 985 986 987 988 989]] [66 [990 991 992 993 994 995 996 997 998 999 1000 1001 1002 1003 1004]] [67 [1005 1006 1007 1008 1009 1010 1011 1012 1013 1014 1015 1016 1017 1018 1019]] [68 [1020 1021 1022 1023 1024 1025 1026 1027 1028 1029 1030 1031 1032 1033 1034]] [69 [1035 1036 1037 1038 1039 1040 1041 1043 1045 1046 1047 1048]] [70 [1050 1051 1052 1053 1054 1055 1056 1057 1058 1059 1060 1062 1063 1064]] [71 [1065 1067 1068 1069 1070 1071 1072 1073 1074 1075 1076 1077 1078 1079]] [72 [1080 1081 1082 1083 1084 1085 1086 1087 1088 1089 1090 1091 1092 1093 1094]] [73 [1095 1096 1098 1099 1100 1101 1104 1105 1106 1107 1108 1109]] [74 [1110 1111 1112 1113 1114 1115 1116 1118 1119 1120 1121 1122 1123 1124]] [75 [1125 1126 1127 1128 1129 1130 1131 1132 1134 1135 1136 1137 1138 1139]] [76 [1140 1141 1142 1143 1144 1145 1146 1147 1148 1149 1150 1151 1152 1153 1154]] [77 [1155 1156 1157 1158 1159 1160 1161 1162 1163 1164 1165 1166 1167 1168 1169]] [78 [1170 1171 1172 1173 1174 1175 1176 1177 1178 1179 1180 1181 1182 1183 1184]] [79 [1185 1186 1187 1188 1189 1190 1191 1192 1193 1194 1195 1196 1197 1198 1199]] [80 [1200 1201 1202 1203 1204 1205 1206 1207 1208 1209 1210 1211 1212 1213 1214]] [81 [1215 1217 1218 1219 1220 1221 1222 1223 1224 1225 1226 1227 1228 1229]] [82 [1230 1231 1232 1233 1234 1235 1236 1237 1238 1239 1240 1241 1242 1243 1244]] [83 [1245 1246 1247 1248 1249 1250 1251 1252 1253 1254 1255 1256 1257 1258 1259]] [84 [1260 1261 1262 1263 1264 1265 1266 1267 1268 1269 1270 1271 1272 1273 1274]] [85 [1275 1276 1277 1280 1281 1282 1283 1284 1285 1286 1287 1288 1289]] [86 [1290 1291 1292 1293 1294 1295 1296 1297 1298 1299 1300 1301 1302 1303 1304]] [87 [1305 1306 1307 1308 1309 1310 1311 1312 1313 1314 1315 1316 1317 1318 1319]] [88 [1320 1321 1322 1323 1324 1325 1326 1327 1328 1330 1331 1332 1333 1334]] [89 [1335 1336 1337 1338 1339 1340 1341 1342 1343 1344 1345 1346 1347 1348 1349]] [90 [1350 1351 1352 1353 1354 1355 1356 1357 1358 1359 1360 1361 1362 1363 1364]] [91 [1365 1366 1367 1368 1369 1370 1371 1372 1373 1374 1375 1376 1377 1378 1379]] [92 [1380 1381 1382 1383 1384 1385 1386 1387 1388 1389 1390 1391 1392 1393 1394]] [93 [1395 1396 1397 1398 1399 1400 1401 1402 1403 1404 1405 1406 1407 1408 1409]] [94 [1410 1411 1412 1413 1414 1415 1416 1417 1418 1419 1420 1421 1422 1423 1424]] [95 [1425 1426 1427 1428 1429 1430 1431 1432 1433 1434 1435 1436 1437 1438 1439]] [96 [1440 1441 1442 1444 1445 1446 1447 1448 1449 1450 1451 1452 1453 1454]] [97 [1455 1456 1457 1458 1459 1460 1461 1462 1463 1464 1465 1466 1467 1468 1469]] [98 [1470 1471 1472 1473 1474 1475 1476 1477 1478 1479 1480 1483]] [99 [1485 1486 1487 1490 1491 1492 1493 1494 1495 1496 1497 1498 1499]]]","[[0 [0 4 5 7 9 10 13 14]] [1 [15 17 18 19 24 28]] [2 [30 34 37 38 42]] [3 [45 46 50 51 52 56 57 59]] [4 [60 62 63 64 67 68 71 72]] [5 [77 79 81 82 83 84 85 88]] [6 [90 91 92 93 96 98 99 100 101 102]] [7 [111 113 114 115 116 119]] [8 [122 123 125 127 128 129 132]] [9 [135 139 140 142 145 146 147 148]] [10 [154 155 156 160 161 162]] [11 [165 166 167 168 169 171 173 175 177 178 179]] [12 [180 183 184 186 187 188 190 192]] [13 [198 200 203 208]] [14 [210 211 213 214 216 218 219 221 223]] [15 [225 227 229 231 234 238]] [16 [240 242 244 248 249 251 252]] [17 [256 257 260 262 263 264 265 266 267]] [18 [270 271 274 276 280 282 284]] [19 [285 286 287 289 291 292 294 296 298]] [20 [300 306 309 310 312 313]] [21 [316 318 319 320 322 326 329]] [22 [330 331 332 333 335 336 338]] [23 [345 346 347 350 351 353 354 355 358]] [24 [361 362 363 364 366 367 368 369 371 374]] [25 [375 376 380 381 382 383 384 387 388]] [26 [393 397 399 400 401 402 404]] [27 [405 407 408 411 413 415 418]] [28 [420 423 425 427 428 431 433]] [29 [435 437 438 442 443 445 446 447 448]] [30 [450 451 452 453 454 455 460]] [31 [466 468 472 473 478]] [32 [481 482 491 493 494]] [33 [498 499 501 502 509]] [34 [510 513 516 517 523 524]] [35 [527 529 532 534 536 539]] [36 [540 543 545 546 551]] [37 [556 558 559 561 562 563 564 565 566]] [38 [575 576 577 578 582]] [39 [586 589 596 597]] [40 [601 602 605 606 607 608 612 613]] [41 [615 617 619 622 626 628]] [42 [630 634 637 638 641]] [43 [646 647 649 650 651 655 656 658]] [44 [661 664 665 667 668 669 671 673]] [45 [676 677 683 684 685 686 688]] [46 [690 691 692 694 699 700 701 702 703]] [47 [706 707 709 712 715 716 717]] [48 [724 725 727 728 730 731 732 733 734]] [49 [735 738 739 740 743 744 745 746 747 748 749]] [50 [750 752 753 758 762]] [51 [765 767 770 776]] [52 [780 781 784 787 789 790]] [53 [798 799 800 801 802 803 804 809]] [54 [810 812 813 816 817 818 823 824]] [55 [826 827 828 829 830 831 833 836 837]] [56 [842 844 846 847 848 850 851 852]] [57 [855 856 857 859 860 862 863 865 868 869]] [58 [870 871 872 873 875 878 881 882]] [59 [886 887 889 893 895 896 898 899]] [60 [901 904 905 907 910 912 913]] [61 [916 920 922 925 927]] [62 [931 934 936 939 941 942 943 944]] [63 [946 947 950 953 955 957 958]] [64 [960 962 966 973 974]] [65 [975 978 982 983 984 985 986 988]] [66 [992 993 995 997 1002 1003 1004]] [67 [1005 1006 1009 1010 1011 1012 1014 1015]] [68 [1020 1022 1024 1026 1030 1031 1033]] [69 [1035 1037 1038 1041 1043 1046]] [70 [1050 1056 1058 1059 1063 1064]] [71 [1065 1069 1071 1072 1078 1079]] [72 [1080 1083 1084 1086 1090 1094]] [73 [1095 1098 1100 1101 1104 1107 1108 1109]] [74 [1111 1113 1114 1116 1119 1123]] [75 [1125 1126 1127 1128 1129 1130 1131 1132 1134 1135 1136]] [76 [1140 1142 1144 1146 1148 1149 1150 1151 1152 1154]] [77 [1158 1165 1166 1167 1168 1169]] [78 [1171 1172 1174 1176 1178 1179 1180 1182 1184]] [79 [1185 1187 1193 1194 1198 1199]] [80 [1200 1201 1204 1206 1208 1210 1211 1212 1213]] [81 [1217 1219 1226 1227 1228]] [82 [1232 1233 1234 1235 1236 1238 1239 1240 1243 1244]] [83 [1245 1246 1252 1253 1254 1258]] [84 [1261 1262 1263 1268 1269 1270 1274]] [85 [1275 1276 1277 1282 1283 1286 1287]] [86 [1291 1293 1294 1300 1301]] [87 [1305 1309 1312 1315 1316 1319]] [88 [1321 1322 1323 1324 1325 1327 1330 1331 1334]] [89 [1337 1338 1339 1342 1344 1345 1347 1349]] [90 [1350 1351 1354 1357 1359 1361]] [91 [1368 1369 1372 1374 1375 1377 1379]] [92 [1382 1389 1391 1392 1394]] [93 [1399 1400 1402 1406 1409]] [94 [1410 1412 1413 1414 1415 1417 1420 1421]] [95 [1425 1434 1436 1437 1439]] [96 [1440 1441 1442 1444 1445 1450 1451 1452 1453 1454]] [97 [1455 1457 1459 1463 1464 1467 1468 1469]] [98 [1470 1471 1472 1473 1474 1475 1479]] [99 [1486 1487 1490 1491 1494 1495 1496]]]",,"[[{media 50} [[""A"" [0 0]]]] [{media 53} [[""A"" [1 1]]]] [{media 56} [[""A"" [5 5]]]] [{media 58} [[""A"" [4 4]]]] [{media 60} [[""A"" [3 3]]]] [{media 62} [[""A"" [4 4]]]] [{media 51} [[""A"" [3 3]]]] [{citizen 0} [[""A"" [0 0]]]] [{citizen 5} [[""A"" [2 4]]]] [{media 61} [[""A"" [0 0]]]] [{citizen 3} [[""A"" [0 1]]]] [{media 59} [[""A"" [6 6]]]] [{citizen 12} [[""A"" [1 0]]]] [{media 64} [[""A"" [5 5]]]] [{citizen 1} [[""A"" [4 3]]]] [{citizen 4} [[""A"" [5 5]]]] [{citizen 6} [[""A"" [0 0]]]] [{media 55} [[""A"" [2 2]]]] [{media 52} [[""A"" [3 3]]]] [{media 63} [[""A"" [5 5]]]] [{media 57} [[""A"" [1 1]]]] [{citizen 26} [[""A"" [2 5]]]] [{citizen 36} [[""A"" [4 5]]]] [{citizen 39} [[""A"" [0 1]]]] [{citizen 7} [[""A"" [4 5]]]] [{citizen 13} [[""A"" [1 4]]]] [{citizen 47} [[""A"" [1 0]]]] [{citizen 17} [[""A"" [0 0]]]] [{citizen 35} [[""A"" [4 4]]]] [{citizen 11} [[""A"" [4 5]]]] [{citizen 34} [[""A"" [0 0]]]] [{citizen 14} [[""A"" [2 5]]]] [{citizen 49} [[""A"" [5 0]]]] [{citizen 22} [[""A"" [4 4]]]] [{citizen 25} [[""A"" [1 0]]]] [{citizen 40} [[""A"" [2 4]]]] [{citizen 24} [[""A"" [4 5]]]] [{citizen 20} [[""A"" [4 2]]]] [{citizen 9} [[""A"" [5 5]]]] [{citizen 10} [[""A"" [1 0]]]] [{citizen 2} [[""A"" [0 0]]]] [{citizen 19} [[""A"" [0 1]]]] [{citizen 37} [[""A"" [0 0]]]] [{citizen 8} [[""A"" [0 0]]]] [{citizen 31} [[""A"" [0 0]]]] [{citizen 45} [[""A"" [2 0]]]] [{citizen 42} [[""A"" [2 5]]]] [{media 54} [[""A"" [0 0]]]] [{citizen 48} [[""A"" [0 0]]]] [{citizen 28} [[""A"" [5 5]]]] [{citizen 44} [[""A"" [5 5]]]] [{citizen 38} [[""A"" [5 3]]]] [{citizen 21} [[""A"" [5 5]]]] [{citizen 15} [[""A"" [1 0]]]] [{citizen 18} [[""A"" [4 5]]]] [{citizen 16} [[""A"" [5 3]]]] [{citizen 46} [[""A"" [0 1]]]] [{citizen 41} [[""A"" [4 5]]]] [{citizen 43} [[""A"" [0 0]]]] [{citizen 30} [[""A"" [0 0]]]] [{citizen 23} [[""A"" [1 0]]]] [{citizen 33} [[""A"" [5 4]]]] [{citizen 29} [[""A"" [0 0]]]] [{citizen 27} [[""A"" [0 1]]]]]"
"33","[255 0 0]","89.49907235621522","14.092361593283448","0.45999194008776667","""circle""","""""","9.9","{breed citizens}","false","0.5","1","""up""",,"[[""ID"" 31] [""alpha"" 1] [""beta"" 1] [""malleable"" [""A""]] [""prior"" []] [""cont_tokens"" []] [""A"" 0]]","[[0 [0 1 2 3 4 5 6 8 9 10 11 12 13 14]] [1 [15 16 17 18 19 20 21 22 23 24 25 26 27 28 29]] [2 [30 31 32 33 34 35 36 37 38 39 40 41 42 43 44]] [3 [45 46 47 48 49 50 51 52 53 54 55 56 57 58 59]] [4 [60 61 62 63 64 65 66 67 68 69 70 71 72 73 74]] [5 [75 76 77 78 79 80 81 82 83 84 85 87 88 89]] [6 [90 91 92 93 94 95 96 97 98 99 100 101 102 103 104]] [7 [105 106 107 108 109 110 111 112 113 114 115 116 119]] [8 [120 121 122 123 124 125 127 128 129 132 134]] [9 [135 137 138 139 140 142 144 145 146 147 148 149]] [10 [150 151 152 153 154 155 156 158 159 160 161 162 163 164]] [11 [165 166 167 168 169 170 171 172 173 174 175 176 177 178 179]] [12 [180 181 182 183 184 185 186 187 188 189 190 191 192 193 194]] [13 [195 196 197 198 199 200 203 205 207 208 209]] [14 [210 211 212 213 214 216 218 219 221 222 223 224]] [15 [225 226 227 228 229 231 232 233 234 235 236 237 238 239]] [16 [240 241 242 243 244 245 246 247 248 249 250 251 252 253 254]] [17 [255 256 257 258 259 260 261 262 263 264 265 266 267 268 269]] [18 [270 271 272 273 274 275 276 277 278 279 280 281 282 283 284]] [19 [285 286 287 288 289 290 291 292 293 294 295 296 297 298 299]] [20 [300 301 302 303 304 305 306 307 308 309 310 311 312 313 314]] [21 [315 316 317 318 319 320 321 322 323 324 325 326 327 328 329]] [22 [330 331 332 333 334 335 336 338 340 343 344]] [23 [345 346 347 348 349 350 351 352 353 354 355 356 357 358 359]] [24 [360 361 362 363 364 365 366 367 368 369 370 371 372 373 374]] [25 [375 376 377 378 379 380 381 382 383 384 385 386 387 388 389]] [26 [390 391 392 393 394 395 396 397 398 399 400 401 402 403 404]] [27 [405 406 407 408 409 410 411 412 413 414 415 416 417 418 419]] [28 [420 421 422 423 424 425 426 427 428 429 430 431 432 433 434]] [29 [435 436 437 438 439 440 441 442 443 444 445 446 447 448 449]] [30 [450 451 452 453 454 455 456 457 458 459 460 461 462 463 464]] [31 [465 466 467 468 469 470 471 472 473 474 475 478 479]] [32 [480 481 482 485 486 487 488 489 490 491 492]] [33 [495 496 497 498 499 500 501 502 503 504 505 506 507 508 509]] [34 [510 511 512 513 514 515 516 517 518 519 520 521 522 523 524]] [35 [525 526 527 528 529 530 531 532 533 534 535 536 537 538 539]] [36 [540 541 542 543 544 545 546 547 548 549 550 551 552 553 554]] [37 [555 556 557 558 559 561 562 563 564 565 566]] [38 [570 571 572 573 574 575 576 577 578 579 581 582]] [39 [586 587 589 590 591 594 596 597 598]] [40 [600 601 602 603 604 605 606 607 608 609 612 613 614]] [41 [615 616 617 618 619 620 621 622 623 624 625 626 627 628 629]] [42 [630 631 632 633 634 635 636 637 638 639 640 641 642 643 644]] [43 [645 646 647 648 649 650 651 652 653 654 655 656 657 658 659]] [44 [660 661 662 663 664 665 666 667 668 669 670 671 672 673 674]] [45 [675 676 677 678 679 680 681 682 683 684 685 686 687 688 689]] [46 [690 691 692 693 694 695 696 697 698 699 700 701 702 703 704]] [47 [705 706 707 708 709 710 711 712 713 714 715 716 717 718 719]] [48 [720 721 722 723 724 725 726 727 728 729 730 731 732 733 734]] [49 [735 736 737 738 739 740 742 743 744 745 746 747 748 749]] [50 [750 751 752 753 754 755 756 757 758 759 760 761 762 763 764]] [51 [765 766 767 768 769 770 771 772 773 774 775 776 777 778 779]] [52 [780 781 782 783 784 785 786 787 788 789 790 791 792 793 794]] [53 [795 796 797 798 799 800 801 802 803 804 805 806 807 808 809]] [54 [810 811 812 813 814 815 816 817 818 819 820 821 822 823 824]] [55 [825 826 827 828 829 830 831 833 834 835 836 837 838 839]] [56 [840 841 842 843 844 845 846 847 848 849 850 851 852 853 854]] [57 [855 856 857 858 859 860 861 862 863 864 865 866 867 868 869]] [58 [870 871 872 873 875 876 877 878 879 880 881 882 883 884]] [59 [885 886 887 888 889 890 891 892 893 894 895 896 897 898 899]] [60 [900 901 902 903 904 905 906 907 908 909 910 911 912 913 914]] [61 [915 916 917 918 919 920 921 922 923 924 925 926 927 928 929]] [62 [930 931 932 933 934 935 936 937 938 939 940 941 942 943 944]] [63 [945 946 947 948 949 950 951 953 955 956 957 958 959]] [64 [960 961 962 963 964 965 966 967 968 969 970 971 972 973 974]] [65 [976 977 979 980 981 984 985 986 987 988 989]] [66 [990 991 992 993 994 995 996 997 998 999 1000 1001 1002 1003 1004]] [67 [1005 1006 1009 1010 1011 1012 1013 1014 1015 1016 1017 1018 1019]] [68 [1020 1021 1022 1023 1024 1025 1026 1027 1028 1029 1030 1031 1032 1033]] [69 [1035 1036 1037 1038 1039 1040 1041 1043 1045 1046 1047 1048]] [70 [1050 1051 1052 1053 1054 1055 1056 1057 1058 1059 1060 1062 1063 1064]] [71 [1065 1067 1068 1069 1070 1071 1072 1073 1074 1075 1076 1077 1078 1079]] [72 [1080 1081 1082 1083 1084 1085 1086 1087 1088 1089 1090 1091 1092 1093 1094]] [73 [1095 1096 1098 1099 1100 1101 1104 1105 1106 1107 1108 1109]] [74 [1110 1111 1112 1113 1114 1115 1116 1118 1119 1120 1121 1122 1123 1124]] [75 [1125 1126 1127 1128 1129 1130 1131 1132 1134 1135 1136 1137 1138 1139]] [76 [1140 1141 1142 1143 1144 1145 1146 1147 1148 1149 1150 1151 1152 1153 1154]] [77 [1155 1156 1157 1158 1159 1160 1161 1162 1163 1164 1165 1166 1167 1168 1169]] [78 [1170 1171 1172 1173 1174 1175 1176 1177 1178 1179 1180 1181 1182 1183 1184]] [79 [1185 1186 1187 1188 1189 1190 1191 1192 1193 1194 1195 1196 1197 1198 1199]] [80 [1200 1201 1202 1203 1204 1205 1206 1207 1208 1209 1210 1211 1212 1213 1214]] [81 [1215 1217 1218 1219 1220 1221 1222 1223 1224 1225 1226 1227 1228 1229]] [82 [1230 1231 1232 1233 1234 1235 1236 1237 1238 1239 1240 1241 1242 1243 1244]] [83 [1245 1246 1247 1248 1249 1250 1251 1252 1253 1254 1255 1257 1258 1259]] [84 [1260 1261 1262 1263 1264 1265 1266 1267 1268 1269 1270 1271 1272 1273 1274]] [85 [1275 1276 1277 1278 1279 1280 1281 1282 1283 1284 1285 1286 1287 1288 1289]] [86 [1290 1291 1292 1293 1294 1295 1296 1297 1298 1299 1300 1301 1302 1303 1304]] [87 [1305 1306 1307 1308 1309 1310 1311 1312 1313 1314 1315 1316 1317 1318 1319]] [88 [1320 1321 1322 1323 1324 1325 1326 1327 1328 1330 1331 1332 1333 1334]] [89 [1335 1336 1337 1338 1339 1340 1341 1342 1343 1344 1345 1346 1347 1348 1349]] [90 [1350 1351 1352 1353 1354 1355 1356 1357 1358 1359 1360 1361 1362 1363 1364]] [91 [1365 1366 1368 1369 1370 1371 1372 1373 1374 1375 1376 1377 1378 1379]] [92 [1380 1381 1382 1383 1384 1385 1386 1387 1388 1389 1390 1391 1392 1393 1394]] [93 [1395 1396 1397 1398 1399 1400 1401 1402 1403 1404 1405 1406 1407 1408 1409]] [94 [1410 1411 1412 1413 1414 1415 1416 1417 1418 1419 1420 1421 1422 1423 1424]] [95 [1425 1426 1427 1428 1429 1430 1431 1432 1433 1434 1435 1436 1437 1438 1439]] [96 [1440 1441 1442 1444 1445 1446 1447 1448 1449 1450 1451 1452 1453 1454]] [97 [1455 1456 1457 1458 1459 1460 1461 1462 1463 1464 1465 1466 1467 1468 1469]] [98 [1470 1471 1472 1473 1474 1475 1476 1477 1478 1479 1480 1483]] [99 [1485 1486 1487 1488 1489 1490 1491 1492 1493 1494 1495 1496 1497 1498 1499]]]","[[0 [0 3 10 13 14]] [1 [15 16 18 19 20 23 27 29]] [2 [31 32 33 36 40 43 44]] [3 [47 49 50 51 52 56 58]] [4 [61 62 68 71 72]] [5 [77 79 81 82 83 84 87 88]] [6 [91 92 93 96 98 100 101 102]] [7 [111 112 113 115 116 119]] [8 [122 124 125 127 128 129 132]] [9 [135 139 140 142 145 146 147 148]] [10 [150 154 155 156 158 160 162 163]] [11 [166 167 168 169 171 173 175 177]] [12 [180 183 184 185 186 187 190 192]] [13 [198 200 203 208]] [14 [210 212 218 219 221 222 223]] [15 [225 227 228 229 231 232 233 235 236 237 239]] [16 [241 243 244 247 251 252]] [17 [256 257 260 262 263 264 265 266 267]] [18 [270 271 274 279 280 281 282 284]] [19 [285 286 287 289 291 292 296 298]] [20 [300 308 309 310 312 313]] [21 [316 318 319 320 321 322 326 329]] [22 [330 331 332 333 335 336 338 340 343 344]] [23 [345 346 347 350 353 354 359]] [24 [360 364 367 368 369 371 374]] [25 [375 376 380 381 382 383 384 387 388]] [26 [393 397 399 400 401 402 404]] [27 [405 407 408 413 415 418]] [28 [420 421 422 424 430 432 434]] [29 [439 440 444 446 447 449]] [30 [453 455 460]] [31 [466 467 469 470 471 474 475]] [32 [480 485 486 487 488 489 490 491 492]] [33 [495 496 497 498 499 501 506 508]] [34 [511 515 518 520 521 522 524]] [35 [527 529 532 534 536 539]] [36 [540 543 545 546 551]] [37 [556 563 564 565 566]] [38 [575 576 577 578 582]] [39 [586 587 590 591 594 598]] [40 [600 601 602 605 606 607 608 612 613]] [41 [615 617 619 622 626 627 629]] [42 [631 632 633 635 636 640 643]] [43 [645 647 650 651 655 656 659]] [44 [660 662 663 668 669 671 673]] [45 [676 677 683 686 689]] [46 [690 691 692 694 699 700 702 703]] [47 [706 707 709 710 712 715 716 717]] [48 [724 725 727 728 730 731 732 733 734]] [49 [736 738 739 746 747 748 749]] [50 [752 753 758 761 762 763]] [51 [765 767 770 778]] [52 [780 781 784 789 790]] [53 [798 799 800 807 808]] [54 [811 814 815 819 821]] [55 [829 830 831 833 834 835 839]] [56 [840 841 843 845 849 853 854]] [57 [858 860 862 864 865 868]] [58 [870 871 872 873 875 878 879 881 882]] [59 [885 886 887 889 892 895 896 898 899]] [60 [901 904 905 907 910 911 912 913]] [61 [915 916 917 919 924 926 928]] [62 [930 935 937 938 939 941 942 943 944]] [63 [946 948 949 950 953 956]] [64 [961 964 965 970 971 972]] [65 [976 977 979 980 981 987 989]] [66 [990 991 994 995 997 999 1001]] [67 [1006 1009 1013 1016]] [68 [1021 1023 1025 1027 1029 1030 1033]] [69 [1035 1037 1038 1039 1040 1046 1047]] [70 [1051 1052 1053 1054 1056 1058 1059 1063 1064]] [71 [1065 1067 1070 1071 1072 1074 1075 1076]] [72 [1081 1082 1083 1088 1089 1091 1092 1094]] [73 [1095 1099 1100 1101 1104 1105 1108 1109]] [74 [1111 1113 1114 1116 1118 1120 1124]] [75 [1130 1131 1132 1134 1135 1136 1138]] [76 [1140 1142 1143 1147 1149 1150 1151 1152 1154]] [77 [1158 1165 1166 1168 1169]] [78 [1171 1172 1174 1176 1177 1181]] [79 [1186 1188 1189 1191 1195 1196 1197]] [80 [1202 1203 1205 1207 1209 1210 1211 1212 1213]] [81 [1217 1220 1221 1222 1223 1224 1225 1229]] [82 [1232 1233 1237 1241 1242]] [83 [1245 1247 1248 1249 1250 1255 1259]] [84 [1264 1265 1266 1271 1273]] [85 [1278 1279 1281 1283 1288 1289]] [86 [1290 1292 1294 1300 1304]] [87 [1306 1307 1308 1310 1313 1314 1315 1316]] [88 [1320 1326 1328 1332 1333]] [89 [1335 1336 1340 1341 1343 1346 1348 1349]] [90 [1350 1351 1353 1354 1357 1358 1359 1361]] [91 [1368 1369 1370 1372 1374 1375 1377]] [92 [1381 1385 1386 1389 1391 1392 1394]] [93 [1397 1398 1399 1400 1402 1406 1407 1408]] [94 [1412 1413 1414 1415 1417 1420 1421]] [95 [1425 1430 1432 1433 1436 1437 1439]] [96 [1440 1441 1442 1444 1445 1450 1453 1454]] [97 [1455 1457 1459 1463 1464 1467 1469]] [98 [1470 1471 1476 1477 1478 1480 1483]] [99 [1485 1486 1487 1492 1493 1497 1498]]]",,"[[{media 51} [[""A"" [3 3]]]] [{media 52} [[""A"" [3 3]]]] [{media 54} [[""A"" [0 0]]]] [{media 55} [[""A"" [2 2]]]] [{media 57} [[""A"" [1 1]]]] [{media 59} [[""A"" [6 6]]]] [{media 61} [[""A"" [0 0]]]] [{media 63} [[""A"" [5 5]]]] [{media 64} [[""A"" [5 5]]]] [{citizen 16} [[""A"" [5 3]]]] [{media 60} [[""A"" [3 3]]]] [{citizen 2} [[""A"" [0 1]]]] [{media 53} [[""A"" [1 1]]]] [{media 50} [[""A"" [0 0]]]] [{citizen 0} [[""A"" [1 0]]]] [{citizen 3} [[""A"" [1 0]]]] [{citizen 5} [[""A"" [2 5]]]] [{media 62} [[""A"" [4 4]]]] [{media 58} [[""A"" [4 4]]]] [{citizen 26} [[""A"" [3 5]]]] [{citizen 36} [[""A"" [5 3]]]] [{citizen 4} [[""A"" [5 5]]]] [{citizen 27} [[""A"" [0 1]]]] [{citizen 1} [[""A"" [1 5]]]] [{citizen 6} [[""A"" [1 0]]]] [{citizen 22} [[""A"" [1 5]]]] [{citizen 48} [[""A"" [1 0]]]] [{citizen 12} [[""A"" [1 0]]]] [{citizen 47} [[""A"" [1 0]]]] [{citizen 39} [[""A"" [1 0]]]] [{citizen 13} [[""A"" [5 3]]]] [{citizen 17} [[""A"" [1 0]]]] [{citizen 35} [[""A"" [4 3]]]] [{citizen 11} [[""A"" [2 5]]]] [{citizen 34} [[""A"" [1 0]]]] [{citizen 14} [[""A"" [5 3]]]] [{citizen 49} [[""A"" [0 1]]]] [{citizen 25} [[""A"" [1 0]]]] [{citizen 40} [[""A"" [5 3]]]] [{citizen 24} [[""A"" [3 5]]]] [{citizen 20} [[""A"" [1 0]]]] [{citizen 9} [[""A"" [3 5]]]] [{citizen 10} [[""A"" [1 0]]]] [{citizen 37} [[""A"" [1 0]]]] [{citizen 8} [[""A"" [1 0]]]] [{citizen 7} [[""A"" [4 5]]]] [{citizen 31} [[""A"" [0 0]]]] [{citizen 45} [[""A"" [1 3]]]] [{citizen 42} [[""A"" [5 3]]]] [{citizen 19} [[""A"" [0 1]]]] [{media 56} [[""A"" [5 5]]]] [{citizen 28} [[""A"" [5 3]]]] [{citizen 44} [[""A"" [5 5]]]] [{citizen 38} [[""A"" [5 3]]]] [{citizen 21} [[""A"" [5 3]]]] [{citizen 32} [[""A"" [4 5]]]] [{citizen 15} [[""A"" [1 0]]]] [{citizen 18} [[""A"" [5 5]]]] [{citizen 46} [[""A"" [1 0]]]] [{citizen 41} [[""A"" [5 5]]]] [{citizen 43} [[""A"" [1 0]]]] [{citizen 30} [[""A"" [1 0]]]] [{citizen 23} [[""A"" [1 0]]]] [{citizen 29} [[""A"" [0 0]]]]]"
"34","[255 0 0]","191.02040816326536","-2.704777521247118","-12.95722410168822","""circle""","""""","9.9","{breed citizens}","false","0.5","1","""up""",,"[[""ID"" 37] [""alpha"" 1] [""beta"" 1] [""malleable"" [""A""]] [""prior"" []] [""cont_tokens"" []] [""A"" 0]]","[[0 [0 1 2 3 4 5 6 7 8 9 10 11 12 13 14]] [1 [15 16 17 18 19 20 21 22 23 24 25 26 27 28 29]] [2 [31 32 33 35 36 37 38 40 41 42 43 44]] [3 [45 46 47 48 49 50 51 52 53 54 55 56 57 58 59]] [4 [60 61 62 63 64 65 66 67 68 69 70 71 72 73 74]] [5 [75 76 77 78 79 80 81 82 83 84 85 87 88 89]] [6 [90 91 92 93 94 95 96 97 98 99 100 101 102 103 104]] [7 [105 107 109 110 111 112 113 114 115 116 119]] [8 [120 121 122 123 124 125 127 128 129 132 134]] [9 [135 137 138 139 140 142 144 145 146 147 148 149]] [10 [150 151 152 153 154 155 156 158 159 160 161 162 163 164]] [11 [165 166 167 168 169 170 171 172 173 174 175 176 177 178 179]] [12 [180 181 182 183 184 185 186 187 188 189 190 191 192 193 194]] [13 [195 196 197 198 199 200 203 205 207 208 209]] [14 [210 211 212 213 214 216 218 219 221 222 223 224]] [15 [225 226 227 228 229 231 232 233 234 235 236 237 238 239]] [16 [240 241 242 243 244 245 246 247 248 249 250 251 252 253 254]] [17 [255 256 257 258 259 260 261 262 263 264 265 266 267 268 269]] [18 [270 271 272 273 274 275 276 277 278 279 280 281 282 283 284]] [19 [285 286 287 288 289 290 291 292 293 294 295 296 297 298 299]] [20 [300 301 302 303 304 305 306 307 308 309 310 311 312 313 314]] [21 [315 316 317 318 319 320 321 322 323 324 325 326 327 328 329]] [22 [330 331 332 333 334 335 336 337 338 339 340 341 342 343 344]] [23 [345 346 347 348 349 350 351 352 353 354 355 356 357 358 359]] [24 [360 361 362 363 364 365 366 367 368 369 370 371 372 373 374]] [25 [377 378 379 382 383 384 385 386 387 388 389]] [26 [390 391 392 393 394 395 396 397 398 399 400 401 402 403 404]] [27 [405 406 407 408 409 410 411 412 413 414 415 416 417 418 419]] [28 [420 421 422 423 424 425 426 427 428 429 430 431 432 433 434]] [29 [435 436 437 438 439 440 441 442 443 444 445 446 447 448 449]] [30 [450 451 452 453 454 455 456 457 458 459 460 461 462 463 464]] [31 [465 466 467 468 469 470 471 472 473 474 475 476 477 478 479]] [32 [480 481 482 485 486 487 488 489 490 491 492 493 494]] [33 [495 496 497 498 499 500 501 502 503 504 505 506 507 508 509]] [34 [510 511 512 513 514 515 516 517 518 519 520 521 522 523 524]] [35 [525 526 527 528 529 530 531 532 533 534 535 536 537 538 539]] [36 [540 541 542 543 544 545 546 547 548 549 550 551 552 553 554]] [37 [555 556 557 558 559 561 562 563 564 565 566]] [38 [570 571 572 573 574 575 576 577 578 579 581 582]] [39 [586 587 589 590 591 594 596 597 598]] [40 [600 601 602 603 604 605 606 607 608 609 612 613 614]] [41 [615 616 617 618 619 620 621 622 623 624 625 626 627 628 629]] [42 [630 631 632 633 634 635 636 637 638 639 640 641 642 643 644]] [43 [645 646 647 648 649 650 651 652 653 654 655 656 657 658 659]] [44 [660 661 662 663 664 665 667 668 669 670 671 672 673 674]] [45 [675 676 677 678 679 680 681 682 683 684 685 686 687 688 689]] [46 [690 691 692 693 694 695 696 697 698 699 700 701 702 703 704]] [47 [705 706 707 708 709 710 711 712 713 714 715 716 717 718 719]] [48 [720 721 722 723 724 725 726 727 728 729 730 731 732 733 734]] [49 [735 736 737 738 739 740 742 743 744 745 746 747 748 749]] [50 [750 751 752 753 754 755 756 757 758 759 760 761 762 763 764]] [51 [765 766 767 768 769 770 771 772 773 774 775 776 777 778 779]] [52 [780 781 782 783 784 785 786 787 788 789 790 791 792 793 794]] [53 [795 796 797 798 799 800 801 802 803 804 805 806 807 808 809]] [54 [810 811 812 813 814 815 816 817 818 819 820 821 822 823 824]] [55 [825 826 827 828 829 830 831 832 833 834 835 836 837 838 839]] [56 [840 841 842 843 844 845 846 847 848 849 850 851 852 853 854]] [57 [855 856 857 858 859 860 862 863 864 865 866 867 868 869]] [58 [870 871 872 873 874 875 876 877 878 879 880 881 882 883 884]] [59 [885 886 887 888 889 890 891 892 893 894 895 896 897 898 899]] [60 [900 901 902 903 904 905 906 907 908 909 910 911 912 913 914]] [61 [915 916 917 918 919 920 921 922 923 924 925 926 927 928 929]] [62 [930 931 932 933 934 935 936 937 938 939 940 941 942 943 944]] [63 [945 946 947 948 949 950 951 952 953 954 955 956 957 958 959]] [64 [960 961 962 963 964 965 966 967 968 969 970 971 972 973 974]] [65 [975 976 977 978 979 980 981 982 983 984 985 986 987 988 989]] [66 [990 991 992 993 994 995 996 997 998 999 1000 1001 1002 1003 1004]] [67 [1005 1006 1007 1008 1009 1010 1011 1012 1013 1014 1015 1016 1017 1018 1019]] [68 [1020 1021 1022 1023 1024 1025 1026 1027 1028 1029 1030 1031 1032 1033 1034]] [69 [1035 1036 1037 1038 1039 1040 1041 1043 1045 1046 1047 1048]] [70 [1050 1051 1052 1053 1054 1055 1056 1057 1058 1059 1060 1061 1062 1063 1064]] [71 [1065 1066 1067 1068 1069 1070 1071 1072 1073 1074 1075 1076 1077 1078 1079]] [72 [1080 1081 1082 1083 1084 1085 1086 1087 1088 1089 1090 1091 1092 1093 1094]] [73 [1095 1096 1098 1099 1100 1101 1104 1105 1106 1107 1108 1109]] [74 [1110 1111 1112 1113 1114 1115 1116 1118 1119 1120 1121 1122 1123 1124]] [75 [1125 1126 1127 1128 1129 1130 1131 1132 1134 1135 1136 1137 1138 1139]] [76 [1140 1141 1142 1143 1144 1145 1146 1147 1148 1149 1150 1151 1152 1153 1154]] [77 [1158 1159 1160 1162 1163 1164 1165 1166 1167 1168 1169]] [78 [1170 1171 1172 1173 1174 1175 1176 1177 1178 1179 1180 1181 1182 1183 1184]] [79 [1185 1186 1187 1188 1189 1190 1191 1192 1193 1194 1195 1196 1197 1198 1199]] [80 [1200 1201 1202 1203 1204 1205 1206 1207 1208 1209 1210 1211 1212 1213 1214]] [81 [1215 1217 1218 1219 1220 1221 1222 1223 1224 1225 1226 1227 1228 1229]] [82 [1230 1231 1232 1233 1234 1235 1236 1237 1238 1239 1240 1241 1242 1243 1244]] [83 [1245 1246 1247 1248 1249 1250 1251 1252 1253 1254 1255 1256 1257 1258 1259]] [84 [1260 1261 1262 1263 1264 1265 1266 1267 1268 1269 1270 1271 1272 1273 1274]] [85 [1275 1276 1277 1278 1279 1280 1281 1282 1283 1284 1285 1286 1287 1288 1289]] [86 [1290 1291 1292 1293 1294 1296 1297 1298 1299 1300 1301 1302 1303 1304]] [87 [1305 1306 1307 1308 1309 1310 1311 1312 1313 1314 1315 1316 1317 1318 1319]] [88 [1320 1321 1322 1323 1324 1325 1326 1327 1328 1330 1331 1332 1333 1334]] [89 [1335 1336 1337 1338 1339 1340 1341 1342 1343 1344 1345 1346 1347 1348 1349]] [90 [1350 1351 1352 1353 1354 1355 1356 1357 1358 1359 1360 1361 1362 1363 1364]] [91 [1365 1366 1367 1368 1369 1370 1371 1372 1373 1374 1375 1376 1377 1378 1379]] [92 [1380 1381 1382 1383 1384 1385 1386 1387 1388 1389 1390 1391 1392 1393 1394]] [93 [1395 1396 1397 1398 1399 1400 1401 1402 1403 1404 1405 1406 1407 1408 1409]] [94 [1410 1411 1412 1413 1414 1415 1416 1417 1418 1419 1420 1421 1422 1423 1424]] [95 [1425 1426 1428 1429 1430 1431 1432 1433 1434 1435 1436 1437 1438 1439]] [96 [1440 1441 1442 1444 1445 1446 1447 1448 1449 1450 1451 1452 1453 1454]] [97 [1455 1456 1457 1458 1459 1460 1461 1462 1463 1464 1465 1466 1467 1468 1469]] [98 [1470 1471 1472 1473 1474 1475 1476 1477 1478 1479 1480 1483]] [99 [1485 1486 1487 1488 1489 1490 1491 1492 1493 1494 1495 1496 1497 1498 1499]]]","[[0 [0 4 5 6 9 12]] [1 [16 17 18 19 20 23 27]] [2 [31 32 33 36 38 42]] [3 [45 46 50 51 57 58]] [4 [60 62 63 64 67 68 71 72]] [5 [77 79 81 82 83 84 85 88]] [6 [91 92 93 96 98 99 100 101 102]] [7 [111 112 113 114 116 119]] [8 [122 123 127 128 129 132]] [9 [135 139 140 142 145 147 148]] [10 [154 155 156 159 161 162]] [11 [166 168 171 173 175 177 178 179]] [12 [180 182 183 184 185 186 187 188 190 192]] [13 [198 205 207 208]] [14 [210 211 212 218 219 221 223]] [15 [225 227 229 231 232 233 235 236 237 239]] [16 [241 243 244 248 249 251 252]] [17 [257 260 262 263 264 265 266 267]] [18 [270 271 274 276 280 281 282 284]] [19 [286 287 288 289 291 292 294 299]] [20 [301 302 305 307]] [21 [315 317 320 321 322 323 326 327 328]] [22 [337 339 341 342 343 344]] [23 [345 346 348 349 352 356 357]] [24 [361 362 363 365 370]] [25 [377 379 382 383 384 387]] [26 [390 391 392 394 395 396 400 401 402 404]] [27 [405 407 408 413 415 418]] [28 [420 423 425 427 428 429 430 432 434]] [29 [438 442 443 445 446 447 448]] [30 [450 451 452 453 454 455 458 459 462 463 464]] [31 [465 469 470 471 474 475]] [32 [480 485 486 487 488 489 492]] [33 [495 496 497 498 499 501 506 508]] [34 [511 518 520 521 522 524]] [35 [527 528 529 532 534 536 539]] [36 [540 543 545 546 551]] [37 [556 563 564 565 566]] [38 [575 576 577 578 582]] [39 [586 589 591 594 597 598]] [40 [600 601 602 605 606 607 608 612 613]] [41 [615 616 618 620 621 623 624 625 627]] [42 [630 634 637 638 641]] [43 [646 648 652 653 657 659]] [44 [660 662 663 664 665 667 668 669 671 673]] [45 [676 677 678 684 685 686 688 689]] [46 [690 691 692 698 700]] [47 [705 706 707 709 715 716 718 719]] [48 [720 721 722 723 724 725 732 733 734]] [49 [735 738 739 740 745]] [50 [750 751 753 755 759 760 763]] [51 [765 767 768 769 770 774 775 776]] [52 [785 786 788]] [53 [795 796 797 802 803 804 805 806 809]] [54 [810 812 813 816 817 818 823 824]] [55 [826 827 828 830 831 833 836 837]] [56 [842 844 846 848 851 852]] [57 [855 856 857 859 860 863 864 865 868]] [58 [870 871 872 873 880 881 882]] [59 [887 889 893 894]] [60 [900 902 903 908 914]] [61 [918 920 922 925 926 928 929]] [62 [930 932 938 939 940 941]] [63 [945 947 950 951 953 956]] [64 [961 964 965 967 968 969 970 971 972]] [65 [976 977 979 980 984 985 986 988]] [66 [992 993 998 1000 1002 1003 1004]] [67 [1005 1006 1009 1010 1011 1012 1014 1015]] [68 [1020 1022 1024 1026 1030 1033]] [69 [1035 1037 1038 1039 1043 1046 1047 1048]] [70 [1051 1052 1053 1055 1057 1060]] [71 [1066 1068 1073 1074 1075 1076]] [72 [1081 1082 1085 1087 1088 1089 1091 1092 1094]] [73 [1095 1096 1098 1099 1100 1101 1104 1105 1108 1109]] [74 [1111 1115 1116 1119 1121 1122 1123]] [75 [1126 1127 1128 1131 1137 1138]] [76 [1140 1142 1144 1146 1148 1150 1151 1152 1154]] [77 [1158 1165 1166 1168 1169]] [78 [1174 1176 1177 1181]] [79 [1186 1188 1189 1190 1192 1193 1194 1198 1199]] [80 [1200 1201 1204 1206 1208 1210 1211 1212 1213 1214]] [81 [1215 1218 1219 1220 1221 1222 1224 1225]] [82 [1230 1231 1238 1239 1244]] [83 [1245 1248 1249 1250 1255 1259]] [84 [1264 1265 1266 1271 1273]] [85 [1278 1280 1282 1284 1285 1287]] [86 [1290 1292 1293 1294 1297 1298 1299 1300 1302 1303 1304]] [87 [1306 1307 1308 1311 1313 1317 1318 1319]] [88 [1321 1323 1324 1325 1328 1332 1333]] [89 [1335 1336 1340 1341 1343 1346 1348 1349]] [90 [1352 1355 1356 1358 1360 1362 1363]] [91 [1365 1366 1367 1371 1375 1377 1379]] [92 [1382 1389 1391 1392 1394]] [93 [1398 1399 1400 1402 1406 1409]] [94 [1410 1412 1413 1414 1415 1416 1419 1422 1423 1424]] [95 [1426 1429 1431 1435 1438]] [96 [1440 1441 1442 1444 1445 1450 1451 1452 1453 1454]] [97 [1455 1457 1459 1464 1467 1468 1469]] [98 [1470 1471 1477 1478 1480 1483]] [99 [1485 1486 1487 1492 1493 1497 1498]]]",,"[[{media 51} [[""A"" [3 3]]]] [{media 52} [[""A"" [3 3]]]] [{media 53} [[""A"" [1 1]]]] [{media 54} [[""A"" [0 0]]]] [{media 55} [[""A"" [2 2]]]] [{media 57} [[""A"" [1 1]]]] [{media 59} [[""A"" [6 6]]]] [{media 61} [[""A"" [0 0]]]] [{media 63} [[""A"" [5 5]]]] [{media 64} [[""A"" [5 5]]]] [{citizen 6} [[""A"" [0 1]]]] [{citizen 11} [[""A"" [4 5]]]] [{citizen 1} [[""A"" [1 5]]]] [{citizen 4} [[""A"" [3 5]]]] [{media 60} [[""A"" [3 3]]]] [{media 56} [[""A"" [5 5]]]] [{citizen 14} [[""A"" [5 3]]]] [{media 50} [[""A"" [0 0]]]] [{citizen 0} [[""A"" [1 0]]]] [{citizen 3} [[""A"" [1 1]]]] [{media 62} [[""A"" [4 4]]]] [{citizen 7} [[""A"" [4 5]]]] [{media 58} [[""A"" [4 4]]]] [{citizen 26} [[""A"" [4 5]]]] [{citizen 39} [[""A"" [0 1]]]] [{citizen 17} [[""A"" [0 1]]]] [{citizen 45} [[""A"" [0 1]]]] [{citizen 36} [[""A"" [4 5]]]] [{citizen 5} [[""A"" [4 5]]]] [{citizen 27} [[""A"" [0 1]]]] [{citizen 22} [[""A"" [4 5]]]] [{citizen 48} [[""A"" [0 1]]]] [{citizen 12} [[""A"" [1 0]]]] [{citizen 47} [[""A"" [1 0]]]] [{citizen 13} [[""A"" [4 5]]]] [{citizen 35} [[""A"" [4 5]]]] [{citizen 25} [[""A"" [1 0]]]] [{citizen 40} [[""A"" [5 3]]]] [{citizen 24} [[""A"" [4 5]]]] [{citizen 20} [[""A"" [2 1]]]] [{citizen 9} [[""A"" [4 5]]]] [{citizen 10} [[""A"" [0 1]]]] [{citizen 2} [[""A"" [0 0]]]] [{citizen 19} [[""A"" [0 1]]]] [{citizen 37} [[""A"" [3 0]]]] [{citizen 8} [[""A"" [0 0]]]] [{citizen 31} [[""A"" [3 0]]]] [{citizen 49} [[""A"" [0 1]]]] [{citizen 28} [[""A"" [5 3]]]] [{citizen 44} [[""A"" [4 5]]]] [{citizen 38} [[""A"" [5 3]]]] [{citizen 21} [[""A"" [5 3]]]] [{citizen 15} [[""A"" [0 1]]]] [{citizen 18} [[""A"" [4 5]]]] [{citizen 42} [[""A"" [4 5]]]] [{citizen 16} [[""A"" [5 3]]]] [{citizen 46} [[""A"" [0 1]]]] [{citizen 41} [[""A"" [4 5]]]] [{citizen 43} [[""A"" [0 0]]]] [{citizen 30} [[""A"" [1 0]]]] [{citizen 23} [[""A"" [1 0]]]] [{citizen 33} [[""A"" [4 1]]]] [{citizen 32} [[""A"" [4 5]]]] [{citizen 29} [[""A"" [0 0]]]]]"
"35","[128 0 127]","97.5139146567718","14.604220704838202","-1.6245312984082292","""circle""","""""","9.9","{breed citizens}","false","0.5","1","""up""",,"[[""ID"" 7] [""alpha"" 1] [""beta"" 1] [""malleable"" [""A""]] [""prior"" []] [""cont_tokens"" []] [""A"" 3]]","[[0 [0 1 3 4 5 6 7 8 9 10 12 13 14]] [1 [15 16 17 18 19 20 21 22 23 24 25 26 27 28 29]] [2 [30 31 32 33 34 35 36 37 38 39 40 41 42 43 44]] [3 [45 46 47 48 49 50 51 52 53 54 55 56 57 58 59]] [4 [60 61 62 63 64 65 66 67 68 69 70 71 72 73 74]] [5 [75 76 77 78 79 80 81 82 83 84 85 86 87 88 89]] [6 [90 91 92 93 94 95 96 97 98 99 100 101 102 103 104]] [7 [105 107 109 110 111 112 113 114 115 116 119]] [8 [120 121 122 123 124 125 127 128 129 132 134]] [9 [135 137 138 139 140 142 144 145 146 147 148 149]] [10 [150 151 152 153 154 155 156 158 159 160 161 162 163 164]] [11 [165 166 167 168 169 170 171 172 173 174 175 176 177 178 179]] [12 [180 181 182 183 184 185 186 187 188 189 190 191 192 193 194]] [13 [195 196 197 198 199 200 203 205 207 208 209]] [14 [210 211 212 213 214 216 218 219 221 222 223 224]] [15 [225 226 227 228 229 231 232 233 234 235 236 237 238 239]] [16 [240 241 242 243 244 245 246 247 248 249 250 251 252 253 254]] [17 [255 256 257 258 259 260 261 262 263 264 265 266 267 268 269]] [18 [270 271 272 273 274 275 276 277 278 279 280 281 282 283 284]] [19 [285 286 287 288 289 290 291 292 293 294 295 296 297 298 299]] [20 [300 301 302 303 304 305 306 307 308 309 310 311 312 313 314]] [21 [315 316 317 318 319 320 321 322 323 324 325 326 327 328 329]] [22 [330 331 332 333 334 335 336 337 338 339 340 341 342 343 344]] [23 [345 346 347 348 349 350 351 352 353 354 355 356 357 358 359]] [24 [360 361 362 363 364 365 366 367 368 369 370 371 372 373 374]] [25 [375 376 377 378 379 380 381 382 383 384 385 386 387 388 389]] [26 [390 391 392 393 394 395 396 397 398 399 400 401 402 403 404]] [27 [405 406 407 408 409 410 411 412 413 414 415 416 417 418 419]] [28 [420 421 422 423 424 425 427 428 429 430 431 432 433 434]] [29 [435 436 437 438 439 440 441 442 443 444 445 446 447 448 449]] [30 [450 451 452 453 454 455 456 457 458 459 460 461 462 463 464]] [31 [465 466 467 468 469 470 471 472 473 474 475 478 479]] [32 [481 482 490 491 492 493 494]] [33 [495 496 497 498 499 500 501 502 503 504 505 506 507 508 509]] [34 [510 511 512 513 514 515 516 517 518 519 520 521 522 523 524]] [35 [525 526 527 528 529 530 531 532 533 534 535 536 537 538 539]] [36 [540 541 542 543 544 545 546 547 548 549 550 551 552 553 554]] [37 [555 556 557 558 559 561 562 563 564 565 566]] [38 [570 571 572 573 574 575 576 577 578 579 581 582]] [39 [586 587 589 590 591 594 596 597 598]] [40 [600 601 602 603 604 605 606 607 608 609 612 613 614]] [41 [615 616 617 618 619 620 621 622 623 624 625 626 627 628 629]] [42 [630 631 632 633 634 635 636 637 638 639 640 641 642 643 644]] [43 [645 646 647 648 649 650 651 652 653 654 655 656 657 658 659]] [44 [660 661 662 663 664 665 667 668 669 670 671 672 673 674]] [45 [675 676 677 678 679 680 681 682 683 684 685 686 687 688 689]] [46 [690 691 692 693 694 695 696 697 698 699 700 701 702 703 704]] [47 [705 706 707 708 709 710 711 712 713 714 715 716 717 718 719]] [48 [720 721 722 723 724 725 727 728 729 730 731 732 733 734]] [49 [735 736 737 738 739 740 742 743 744 745 746 747 748 749]] [50 [750 751 752 753 754 755 756 757 758 759 760 761 762 763 764]] [51 [765 766 767 768 769 770 771 772 773 774 775 776 777 778 779]] [52 [780 781 782 783 784 785 786 787 788 789 790 791 792 793 794]] [53 [795 796 797 798 799 800 801 802 803 804 805 806 807 808 809]] [54 [810 811 812 813 814 815 816 817 818 819 820 821 822 823 824]] [55 [825 826 827 828 829 830 831 832 833 834 835 836 837 838 839]] [56 [840 841 842 843 844 845 846 847 848 849 850 851 852 853 854]] [57 [855 856 857 858 859 860 862 863 864 865 866 867 868 869]] [58 [870 871 872 873 874 875 876 877 878 879 880 881 882 883 884]] [59 [885 886 887 888 889 890 891 892 893 894 895 896 898 899]] [60 [900 901 902 903 904 905 906 907 908 909 910 911 912 913 914]] [61 [915 916 917 918 919 920 921 922 923 924 925 926 927 928 929]] [62 [930 931 932 933 934 935 936 937 938 939 940 941 942 943 944]] [63 [945 946 947 948 949 950 951 953 955 956 957 958 959]] [64 [960 961 962 963 964 965 966 967 968 969 970 971 972 973 974]] [65 [975 976 977 978 979 980 981 982 983 984 985 986 987 988 989]] [66 [990 991 992 993 994 995 996 997 998 999 1000 1001 1002 1003 1004]] [67 [1005 1006 1007 1008 1009 1010 1011 1012 1013 1014 1015 1016 1017 1018 1019]] [68 [1020 1021 1022 1023 1024 1025 1026 1027 1028 1029 1030 1031 1032 1033]] [69 [1035 1036 1037 1038 1039 1040 1041 1043 1045 1046 1047 1048]] [70 [1050 1051 1052 1053 1054 1055 1056 1057 1058 1059 1060 1062 1063 1064]] [71 [1065 1066 1067 1068 1069 1070 1071 1072 1073 1074 1075 1076 1077 1078 1079]] [72 [1080 1081 1082 1083 1084 1085 1086 1087 1088 1089 1090 1091 1092 1093 1094]] [73 [1095 1096 1098 1099 1100 1101 1104 1105 1106 1107 1108 1109]] [74 [1110 1111 1112 1113 1114 1115 1116 1117 1118 1119 1120 1121 1122 1123 1124]] [75 [1125 1126 1127 1128 1129 1130 1131 1132 1134 1135 1136 1137 1138 1139]] [76 [1140 1141 1142 1143 1144 1145 1146 1147 1148 1149 1150 1151 1152 1153 1154]] [77 [1155 1156 1157 1158 1160 1161 1162 1163 1164 1165 1166 1167 1168 1169]] [78 [1170 1171 1172 1173 1174 1175 1176 1177 1178 1179 1180 1181 1182 1183 1184]] [79 [1185 1186 1187 1188 1189 1190 1191 1192 1193 1194 1195 1196 1197 1198 1199]] [80 [1200 1201 1204 1206 1208 1209 1210 1211 1212 1213 1214]] [81 [1215 1217 1218 1219 1220 1221 1222 1223 1224 1225 1226 1227 1228 1229]] [82 [1230 1231 1232 1233 1234 1235 1236 1237 1238 1239 1240 1241 1242 1243 1244]] [83 [1245 1246 1247 1248 1249 1250 1251 1252 1253 1254 1255 1256 1257 1258 1259]] [84 [1260 1261 1262 1263 1267 1268 1269 1270 1272 1274]] [85 [1275 1276 1277 1278 1279 1280 1281 1282 1283 1284 1285 1286 1287 1288 1289]] [86 [1290 1291 1292 1293 1294 1295 1296 1297 1298 1299 1300 1301 1302 1303 1304]] [87 [1305 1306 1307 1308 1309 1310 1311 1312 1313 1314 1315 1316 1317 1318 1319]] [88 [1320 1321 1322 1323 1324 1325 1326 1327 1328 1330 1331 1332 1333 1334]] [89 [1335 1336 1337 1338 1339 1340 1341 1342 1343 1344 1345 1346 1347 1348 1349]] [90 [1350 1351 1352 1353 1354 1355 1356 1357 1358 1359 1360 1361 1362 1363 1364]] [91 [1365 1366 1368 1369 1370 1371 1372 1373 1374 1375 1376 1377 1378 1379]] [92 [1380 1381 1382 1383 1384 1385 1386 1387 1388 1389 1390 1391 1392 1393 1394]] [93 [1395 1396 1397 1398 1399 1400 1401 1402 1403 1404 1405 1406 1407 1408 1409]] [94 [1410 1411 1412 1413 1414 1415 1416 1417 1418 1419 1420 1421 1422 1423 1424]] [95 [1425 1426 1427 1428 1429 1430 1431 1432 1433 1434 1435 1436 1437 1438 1439]] [96 [1440 1441 1442 1444 1445 1446 1447 1448 1449 1450 1451 1452 1453 1454]] [97 [1455 1456 1457 1458 1459 1460 1461 1463 1464 1465 1467 1468 1469]] [98 [1470 1471 1472 1473 1474 1475 1476 1477 1478 1479 1480 1482 1483]] [99 [1485 1486 1487 1488 1489 1490 1491 1492 1493 1494 1495 1496 1497 1498 1499]]]","[[0 [1 6 8 12]] [1 [16 17 18 19 20 23 27 29]] [2 [31 32 33 37 38 41 42]] [3 [45 46 50 51 53 54 55]] [4 [65 66 67 69 70 72]] [5 [77 79 81 82 83 84 87]] [6 [90 91 92 93 96 98 99 100 101 102]] [7 [111 113 114 116 119]] [8 [122 123 125 127 128 129 132 134]] [9 [137 140 142 144 145 147 148]] [10 [154 155 156 158 160 161 162 163]] [11 [167 168 169 171 173 175 177 178 179]] [12 [182 184 185 186 187 190 192]] [13 [198 205 207 208]] [14 [210 211 212 218 219 221 223]] [15 [225 227 228 229 231 232 233 235 236 239]] [16 [241 243 244 245 249 251 252]] [17 [256 262 263 267]] [18 [270 271 274 276 279 280 283]] [19 [287 289 291 292 294 295 297 299]] [20 [301 302 305 307]] [21 [315 317 319 320 322 323 326 329]] [22 [330 331 332 333 335 336 338]] [23 [346 351 354 355 358 359]] [24 [360 364 367 369 372 373]] [25 [377 378 379 384 387 388]] [26 [393 395 396 400 401 402 404]] [27 [405 406 409 411 412 414 419]] [28 [421 429 431 433]] [29 [435 437 441 442 443 447]] [30 [452 453 455 460]] [31 [466 468 472 473 478]] [32 [481 482 491 492]] [33 [496 497 498 499 501 502 504 505 507 509]] [34 [510 512 513 516 517 523]] [35 [525 530 531 533 537 538 539]] [36 [540 543 545 546 551]] [37 [556 558 559 561 562 563 564 565 566]] [38 [575 576 577 578 581 582]] [39 [587 589 596 597 598]] [40 [600 601 602 605 606 607 608 612 613]] [41 [616 620 621 624 625 627]] [42 [632 633 634 637 638 641]] [43 [646 647 648 653 657 659]] [44 [660 662 663 665 667 668 669 673]] [45 [676 677 678 680 681 682 687]] [46 [693 695 696 697 704]] [47 [711 713 714 718 719]] [48 [720 721 722 723 724 725 727 728 730 731 732 733 734]] [49 [736 737 742 743 744 745 747 748 749]] [50 [750 751 753 754 756 757 761 764]] [51 [766 771 772 774 775 776 777 779]] [52 [782 783 785 786 787 791 792 793 794]] [53 [795 796 797 802 803 805 806 809]] [54 [810 812 816 817 818]] [55 [825 832 835 838 839]] [56 [841 843 845 849 851 852]] [57 [855 856 857 859 866 867]] [58 [874 875 878 880 881 882 884]] [59 [885 886 887 889 893 895 896 898 899]] [60 [901 904 907 909 911 912 913 914]] [61 [916 920 922 925 927]] [62 [931 934 936 939 940 942 943 944]] [63 [946 948 949 950 953 955 957 958]] [64 [960 962 963 966 973 974]] [65 [975 978 982 983 984 985 986 988]] [66 [992 993 998 1000 1002 1003 1004]] [67 [1005 1006 1009 1013 1016]] [68 [1021 1023 1025 1027 1029 1030 1033]] [69 [1035 1037 1038 1039 1040 1046 1047]] [70 [1051 1052 1053 1055 1057 1060 1062 1063 1064]] [71 [1065 1067 1070 1071 1072 1077 1078 1079]] [72 [1080 1083 1086 1090 1094]] [73 [1095 1098 1100 1101 1104 1107]] [74 [1110 1112 1114 1116 1118 1120 1124]] [75 [1130 1131 1137 1138]] [76 [1140 1142 1144 1146 1148 1149 1153]] [77 [1155 1156 1157 1160 1161 1163 1167 1169]] [78 [1171 1172 1174 1176 1178 1180 1182 1184]] [79 [1185 1187 1190 1192 1193 1194 1198 1199]] [80 [1200 1201 1204 1206 1208 1210 1211 1212 1213 1214]] [81 [1215 1218 1219 1220 1222 1223 1224 1225]] [82 [1230 1231 1240 1243 1244]] [83 [1245 1246 1251 1252 1253 1254 1257 1258]] [84 [1261 1262 1263 1268 1269 1270 1272]] [85 [1275 1276 1277 1280 1282 1283 1286 1287]] [86 [1290 1293 1294 1296 1300 1302 1303 1304]] [87 [1306 1308 1310 1313 1317 1318 1319]] [88 [1321 1322 1323 1324 1325 1328 1332 1333]] [89 [1335 1336 1340 1341 1343 1346]] [90 [1351 1354 1357 1358 1359 1361]] [91 [1368 1369 1372 1374 1375 1377 1379]] [92 [1382 1389 1391 1392 1394]] [93 [1398 1401 1403 1405 1407 1408]] [94 [1410 1412 1413 1414 1415 1417 1420 1421]] [95 [1425 1430 1434 1436 1437 1439]] [96 [1440 1441 1446 1447 1448 1449 1450 1451 1452 1453 1454]] [97 [1455 1457 1459 1464 1467]] [98 [1470 1471 1477 1478 1480 1483]] [99 [1485 1486 1487 1490 1491 1494 1495 1496 1499]]]",,"[[{media 50} [[""A"" [0 0]]]] [{media 51} [[""A"" [3 3]]]] [{media 52} [[""A"" [3 3]]]] [{media 53} [[""A"" [1 1]]]] [{media 55} [[""A"" [2 2]]]] [{media 56} [[""A"" [5 5]]]] [{media 57} [[""A"" [1 1]]]] [{media 58} [[""A"" [4 4]]]] [{media 60} [[""A"" [3 3]]]] [{media 62} [[""A"" [4 4]]]] [{media 64} [[""A"" [5 5]]]] [{citizen 6} [[""A"" [0 0]]]] [{citizen 11} [[""A"" [5 5]]]] [{citizen 19} [[""A"" [0 1]]]] [{media 61} [[""A"" [0 0]]]] [{citizen 3} [[""A"" [1 0]]]] [{citizen 1} [[""A"" [5 5]]]] [{citizen 4} [[""A"" [5 5]]]] [{citizen 2} [[""A"" [0 0]]]] [{citizen 0} [[""A"" [0 0]]]] [{media 63} [[""A"" [5 5]]]] [{citizen 26} [[""A"" [1 5]]]] [{citizen 37} [[""A"" [0 0]]]] [{citizen 36} [[""A"" [5 5]]]] [{citizen 5} [[""A"" [5 5]]]] [{citizen 27} [[""A"" [0 1]]]] [{citizen 22} [[""A"" [1 5]]]] [{citizen 48} [[""A"" [0 0]]]] [{citizen 12} [[""A"" [0 0]]]] [{citizen 47} [[""A"" [1 0]]]] [{citizen 38} [[""A"" [5 3]]]] [{citizen 39} [[""A"" [1 0]]]] [{citizen 7} [[""A"" [5 5]]]] [{citizen 13} [[""A"" [5 5]]]] [{citizen 17} [[""A"" [0 0]]]] [{citizen 25} [[""A"" [0 0]]]] [{citizen 14} [[""A"" [5 3]]]] [{citizen 40} [[""A"" [5 3]]]] [{citizen 24} [[""A"" [0 5]]]] [{citizen 20} [[""A"" [2 0]]]] [{citizen 9} [[""A"" [5 5]]]] [{citizen 10} [[""A"" [0 0]]]] [{citizen 8} [[""A"" [0 0]]]] [{citizen 31} [[""A"" [0 0]]]] [{citizen 45} [[""A"" [0 3]]]] [{citizen 49} [[""A"" [5 0]]]] [{media 59} [[""A"" [6 6]]]] [{media 54} [[""A"" [0 0]]]] [{citizen 28} [[""A"" [5 3]]]] [{citizen 44} [[""A"" [5 5]]]] [{citizen 21} [[""A"" [5 3]]]] [{citizen 32} [[""A"" [5 5]]]] [{citizen 15} [[""A"" [1 0]]]] [{citizen 18} [[""A"" [5 5]]]] [{citizen 42} [[""A"" [5 5]]]] [{citizen 16} [[""A"" [5 3]]]] [{citizen 46} [[""A"" [1 0]]]] [{citizen 41} [[""A"" [5 5]]]] [{citizen 43} [[""A"" [0 0]]]] [{citizen 30} [[""A"" [0 0]]]] [{citizen 23} [[""A"" [1 0]]]] [{citizen 33} [[""A"" [0 0]]]] [{citizen 34} [[""A"" [0 0]]]] [{citizen 29} [[""A"" [0 0]]]]]"
"36","[128 0 127]","147.5510204081633","7.77808283547649","-11.697082572549228","""circle""","""""","9.9","{breed citizens}","false","0.5","1","""up""",,"[[""ID"" 10] [""alpha"" 1] [""beta"" 1] [""malleable"" [""A""]] [""prior"" []] [""cont_tokens"" []] [""A"" 3]]","[[0 [0 1 2 3 4 5 6 7 8 9 10 12 13 14]] [1 [15 16 17 18 19 20 21 22 23 24 25 26 27 28 29]] [2 [30 31 32 33 34 35 36 37 38 39 40 41 42 43 44]] [3 [45 46 47 48 49 50 51 52 53 54 55 56 57 58 59]] [4 [60 61 62 63 64 65 66 67 68 69 70 71 72 73 74]] [5 [75 76 77 78 79 80 81 82 83 84 85 86 87 88 89]] [6 [90 91 92 93 94 95 96 97 98 99 100 101 102 103 104]] [7 [105 107 109 110 111 112 113 114 115 116 119]] [8 [122 123 124 125 127 128 129 132 134]] [9 [135 137 138 139 140 142 144 145 146 147 148 149]] [10 [150 151 152 153 154 155 156 158 159 160 161 162 163 164]] [11 [165 166 167 168 169 170 171 172 173 174 175 176 177 178 179]] [12 [180 181 182 183 184 185 186 187 188 189 190 191 192 193 194]] [13 [195 196 197 198 199 200 203 205 207 208 209]] [14 [210 211 212 213 214 216 218 219 221 222 223 224]] [15 [225 226 227 228 229 231 232 233 234 235 236 237 238 239]] [16 [240 242 244 245 246 247 248 249 251 252 253 254]] [17 [255 256 257 258 259 260 261 262 263 264 265 266 267 268 269]] [18 [270 271 272 273 274 275 276 277 278 279 280 281 282 283 284]] [19 [285 286 287 288 289 290 291 292 293 294 295 296 297 298 299]] [20 [300 301 302 303 304 305 306 307 309 310 311 312 313 314]] [21 [315 316 317 318 319 320 321 322 323 324 325 326 327 328 329]] [22 [330 331 332 333 334 335 336 338 340 343 344]] [23 [345 346 347 348 349 350 351 352 353 354 355 356 357 358 359]] [24 [360 361 362 363 364 365 366 367 368 369 370 371 372 373 374]] [25 [375 376 377 378 379 380 381 382 383 384 385 386 387 388 389]] [26 [390 391 392 393 394 395 396 397 398 399 400 401 402 403 404]] [27 [405 406 407 408 409 410 411 412 413 414 415 416 417 418 419]] [28 [420 421 422 423 424 425 427 428 429 430 431 432 433 434]] [29 [435 436 437 438 439 440 441 442 443 444 445 446 447 448 449]] [30 [450 451 452 453 454 455 456 457 458 459 460 461 462 463 464]] [31 [465 466 467 468 469 470 471 472 473 474 475 478 479]] [32 [480 481 482 485 486 487 488 489 490 491 492 493 494]] [33 [495 496 497 498 499 501 502 503 504 505 506 507 508 509]] [34 [510 511 512 513 514 515 516 517 518 519 520 521 522 523 524]] [35 [525 526 527 528 529 530 531 532 533 534 535 536 537 538 539]] [36 [540 541 542 543 544 545 546 547 548 549 550 551 552 553 554]] [37 [556 558 559 561 562 563 564 565 566]] [38 [570 571 572 573 574 575 576 577 578 579 581 582]] [39 [586 587 589 590 591 594 596 597 598]] [40 [600 601 602 603 604 605 606 607 608 609 612 613 614]] [41 [615 616 617 618 619 620 621 622 623 624 625 626 627 628 629]] [42 [630 631 632 633 634 635 636 637 638 639 640 641 642 643 644]] [43 [645 646 647 648 649 650 651 652 653 654 655 656 657 658 659]] [44 [660 661 662 663 664 665 666 667 668 669 670 671 672 673 674]] [45 [676 677 678 679 680 681 682 683 684 685 686 687 688 689]] [46 [690 691 692 693 694 695 696 697 698 699 700 701 702 703 704]] [47 [705 706 707 708 709 710 711 712 713 714 715 716 717 718 719]] [48 [720 721 722 723 724 725 726 727 728 729 730 731 732 733 734]] [49 [735 736 737 738 739 740 742 743 744 745 746 747 748 749]] [50 [750 751 752 753 754 755 756 757 758 759 760 761 762 763 764]] [51 [765 766 767 768 769 770 771 772 773 774 775 776 777 778 779]] [52 [780 781 782 783 784 785 786 787 788 789 790 791 792 793 794]] [53 [795 796 797 798 799 800 801 802 803 804 805 806 807 808 809]] [54 [810 811 812 813 814 815 816 817 818 819 820 821 822 823 824]] [55 [825 826 827 828 829 830 831 832 833 834 835 836 837 838 839]] [56 [840 841 842 843 844 845 846 847 848 849 850 851 852 853 854]] [57 [855 856 857 858 859 860 862 863 864 865 866 867 868 869]] [58 [870 871 872 873 874 875 876 877 878 879 880 881 882 883 884]] [59 [885 886 887 888 889 890 891 892 893 894 895 896 898 899]] [60 [900 901 902 903 904 905 906 907 908 909 910 911 912 913 914]] [61 [915 916 917 918 919 920 921 922 923 924 925 926 927 928 929]] [62 [930 931 932 933 934 935 936 937 938 939 940 941 942 943 944]] [63 [945 946 947 948 949 950 951 953 955 956 957 958 959]] [64 [960 961 962 963 964 965 966 967 968 969 970 971 972 973 974]] [65 [975 976 977 978 979 980 981 982 983 984 985 986 987 988 989]] [66 [990 991 992 993 994 995 996 997 998 999 1000 1001 1002 1003 1004]] [67 [1005 1006 1009 1010 1011 1012 1013 1014 1015 1016 1017 1018 1019]] [68 [1020 1021 1022 1023 1024 1025 1026 1027 1028 1029 1030 1031 1032 1033 1034]] [69 [1035 1036 1037 1038 1039 1040 1041 1043 1045 1046 1047 1048]] [70 [1050 1051 1052 1053 1054 1055 1056 1057 1058 1059 1060 1062 1063 1064]] [71 [1065 1066 1067 1068 1069 1070 1071 1072 1073 1074 1075 1076 1077 1078 1079]] [72 [1080 1081 1082 1083 1084 1085 1086 1087 1088 1089 1090 1091 1092 1093 1094]] [73 [1095 1096 1097 1098 1099 1100 1101 1102 1103 1104 1105 1106 1107 1108 1109]] [74 [1110 1111 1112 1113 1114 1115 1116 1118 1119 1120 1121 1122 1123 1124]] [75 [1125 1126 1127 1128 1129 1130 1131 1132 1134 1135 1136 1137 1138 1139]] [76 [1140 1141 1142 1143 1144 1145 1146 1147 1148 1149 1150 1151 1152 1153 1154]] [77 [1155 1156 1157 1158 1159 1160 1161 1162 1163 1164 1165 1166 1167 1168 1169]] [78 [1170 1171 1172 1173 1174 1175 1176 1177 1178 1179 1180 1181 1182 1183 1184]] [79 [1185 1186 1187 1188 1189 1190 1191 1192 1193 1194 1195 1196 1197 1198 1199]] [80 [1200 1201 1202 1203 1204 1205 1206 1207 1208 1209 1210 1211 1212 1213 1214]] [81 [1215 1217 1218 1219 1220 1221 1222 1223 1224 1225 1226 1227 1228 1229]] [82 [1230 1231 1232 1233 1234 1235 1236 1237 1238 1239 1240 1241 1242 1243 1244]] [83 [1245 1246 1247 1248 1249 1250 1251 1252 1253 1254 1255 1256 1257 1258 1259]] [84 [1260 1261 1262 1263 1264 1265 1266 1267 1268 1269 1270 1271 1272 1273 1274]] [85 [1275 1276 1277 1278 1279 1280 1281 1282 1283 1284 1285 1286 1287 1288 1289]] [86 [1290 1291 1292 1293 1294 1296 1297 1298 1299 1300 1301 1302 1303 1304]] [87 [1305 1306 1307 1308 1309 1310 1311 1312 1313 1314 1315 1316 1317 1318 1319]] [88 [1320 1321 1322 1323 1324 1325 1326 1327 1328 1330 1331 1332 1333 1334]] [89 [1335 1336 1337 1338 1339 1340 1341 1342 1343 1344 1345 1346 1347 1348 1349]] [90 [1350 1351 1352 1353 1354 1355 1356 1357 1358 1359 1360 1361 1362 1363 1364]] [91 [1365 1366 1367 1368 1369 1370 1371 1372 1373 1374 1375 1376 1377 1378 1379]] [92 [1380 1381 1382 1383 1384 1385 1386 1387 1388 1389 1390 1391 1392 1393 1394]] [93 [1395 1396 1397 1398 1399 1400 1401 1402 1403 1404 1405 1406 1407 1408 1409]] [94 [1410 1411 1412 1413 1414 1415 1416 1417 1418 1419 1420 1421 1422 1423 1424]] [95 [1425 1426 1427 1428 1429 1430 1431 1432 1433 1434 1435 1436 1437 1438 1439]] [96 [1440 1441 1442 1444 1445 1446 1447 1448 1449 1450 1451 1452 1453 1454]] [97 [1455 1456 1457 1458 1459 1460 1461 1463 1464 1465 1467 1468 1469]] [98 [1470 1471 1472 1473 1474 1475 1476 1477 1478 1479 1480 1483]] [99 [1485 1486 1487 1488 1489 1490 1491 1492 1493 1494 1495 1496 1497 1498 1499]]]","[[0 [0 4 5 6 8 12]] [1 [16 18 19 20 23 24 25 26 28 29]] [2 [31 32 33 35 36 40 43 44]] [3 [47 48 49 50 51 52 56 58]] [4 [61 62 63 64 66 69 70 73 74]] [5 [75 76 78 80 82 83 87 88]] [6 [91 92 93 96 98 99 100 101 102]] [7 [111 112 113 115 116 119]] [8 [122 123 125 127 128 129 132 134]] [9 [137 140 142 144 145 146 147 148]] [10 [150 154 155 156 158 160 163]] [11 [166 167 168 169 171 173 175 177]] [12 [180 183 184 186 187 188 190 192]] [13 [198 200 203 207 208]] [14 [210 211 212 218 219 221 222 223]] [15 [225 227 228 229 231 234 238]] [16 [240 242 244 245 248 249 251 254]] [17 [255 256 257 260 262 263 264 265 266 267 269]] [18 [272 273 277 278 279 280 282 284]] [19 [285 286 287 289 291 292 294 295 297]] [20 [301 302 303 304 305 306 309 310 312 313]] [21 [316 318 319 320 321 322 326 329]] [22 [330 331 332 333 335 336 338]] [23 [345 346 347 350 351 353 354 355 358 359]] [24 [360 364 366 367 368 369 371 374]] [25 [375 376 380 381 382 383 384 387]] [26 [390 391 392 394 395 396 399 400 402 404]] [27 [405 407 408 411 413 415 416 417]] [28 [420 423 425 427 428 429 430 432]] [29 [439 440 444 446 448]] [30 [450 451 454 455 460]] [31 [466 467 469 470 471 474 475]] [32 [480 485 486 488 489]] [33 [495 497 498 499 501 506 508]] [34 [511 518 520 521 522]] [35 [526 528 529 532 535 537 538]] [36 [541 542 545 546 551]] [37 [556 563 564 565 566]] [38 [575 576 577 578 581 582]] [39 [586 589 591 594 598]] [40 [600 601 602 605 606 607 608 612 613]] [41 [616 618 620 621 624 625 627 629]] [42 [631 635 636 639 640 642 643]] [43 [645 647 649 650 651 658]] [44 [661 664 665 667 669 671 673]] [45 [676 677 683 684 685 686 689]] [46 [690 691 692 694 699 700 701 702 703]] [47 [706 707 709 715 717]] [48 [724 725 727 728 730 731 732 733 734]] [49 [735 738 739 746 747 748 749]] [50 [750 751 753 756 761 764]] [51 [765 767 770 773 774 775 776 777 779]] [52 [782 783 785 786 788]] [53 [795 797 802 803 805 806]] [54 [813 816 817 818 823 824]] [55 [826 827 828 830 833 836 837]] [56 [842 844 847 848 850 851 852]] [57 [855 856 857 859 860 862 864 865 868 869]] [58 [870 871 872 873 875 878 879 882 884]] [59 [885 886 887 889 893 894]] [60 [900 902 903 908 914]] [61 [916 920 921 922 923 924 926 928]] [62 [930 932 934 936 939 941 942 943 944]] [63 [946 948 949 950 953 956]] [64 [961 964 965 969 970 971 972]] [65 [976 977 979 980 984 985 986]] [66 [991 994 995 997 999 1001]] [67 [1005 1006 1009 1010 1011 1012 1014 1015]] [68 [1020 1022 1024 1026 1030 1033]] [69 [1035 1037 1038 1041 1043 1047]] [70 [1052 1053 1055 1057 1060 1062 1063 1064]] [71 [1065 1067 1069 1072 1074 1076]] [72 [1081 1082 1085 1087 1088 1091 1092 1094]] [73 [1095 1096 1098 1099 1100 1101 1104 1105 1108 1109]] [74 [1111 1113 1114 1116 1119 1123]] [75 [1125 1126 1127 1128 1131 1132 1134 1135 1136]] [76 [1140 1142 1144 1146 1148 1149 1153]] [77 [1155 1156 1157 1160 1162 1163]] [78 [1170 1172 1174 1176 1177 1181]] [79 [1189 1191 1195 1196 1197]] [80 [1202 1203 1205 1207 1214]] [81 [1217 1220 1222 1223 1224 1225]] [82 [1230 1231 1238 1239 1240 1243 1244]] [83 [1245 1246 1252 1253 1254 1257 1258]] [84 [1261 1262 1263 1267 1269 1270 1272]] [85 [1275 1276 1277 1284 1285 1287]] [86 [1291 1293 1294 1296 1300 1303 1304]] [87 [1306 1307 1310 1313 1315 1316]] [88 [1320 1326 1328 1332 1333]] [89 [1335 1337 1338 1339 1342 1344 1345 1347 1349]] [90 [1350 1351 1354 1357 1358 1364]] [91 [1365 1366 1370 1371 1372 1374 1375 1377]] [92 [1381 1382 1389 1391 1392 1394]] [93 [1397 1398 1401 1403 1405 1407 1409]] [94 [1410 1412 1413 1414 1415 1416 1417 1421]] [95 [1425 1430 1432 1433 1436 1437 1439]] [96 [1440 1441 1442 1444 1445 1449 1450 1451 1452 1453 1454]] [97 [1455 1457 1459 1463 1464 1467 1468 1469]] [98 [1470 1471 1477 1478 1483]] [99 [1485 1486 1487 1490 1491 1494 1495 1496 1499]]]",,"[[{media 50} [[""A"" [0 0]]]] [{media 53} [[""A"" [1 1]]]] [{media 56} [[""A"" [5 5]]]] [{media 58} [[""A"" [4 4]]]] [{media 60} [[""A"" [3 3]]]] [{media 62} [[""A"" [4 4]]]] [{media 51} [[""A"" [3 3]]]] [{citizen 0} [[""A"" [1 0]]]] [{citizen 5} [[""A"" [4 5]]]] [{media 61} [[""A"" [0 0]]]] [{citizen 3} [[""A"" [1 0]]]] [{media 59} [[""A"" [6 6]]]] [{citizen 12} [[""A"" [1 0]]]] [{media 64} [[""A"" [5 5]]]] [{citizen 1} [[""A"" [4 5]]]] [{citizen 4} [[""A"" [5 5]]]] [{citizen 6} [[""A"" [1 0]]]] [{media 55} [[""A"" [2 2]]]] [{media 52} [[""A"" [3 3]]]] [{media 63} [[""A"" [5 5]]]] [{media 57} [[""A"" [1 1]]]] [{citizen 26} [[""A"" [4 5]]]] [{citizen 39} [[""A"" [1 0]]]] [{citizen 7} [[""A"" [4 5]]]] [{citizen 13} [[""A"" [4 3]]]] [{citizen 47} [[""A"" [1 0]]]] [{citizen 17} [[""A"" [1 0]]]] [{citizen 35} [[""A"" [4 3]]]] [{citizen 11} [[""A"" [4 5]]]] [{citizen 34} [[""A"" [1 0]]]] [{citizen 14} [[""A"" [5 3]]]] [{citizen 49} [[""A"" [1 0]]]] [{citizen 22} [[""A"" [4 5]]]] [{citizen 25} [[""A"" [1 0]]]] [{citizen 40} [[""A"" [5 3]]]] [{citizen 24} [[""A"" [4 5]]]] [{citizen 37} [[""A"" [1 0]]]] [{citizen 8} [[""A"" [1 0]]]] [{citizen 2} [[""A"" [0 0]]]] [{citizen 31} [[""A"" [3 0]]]] [{citizen 45} [[""A"" [0 3]]]] [{citizen 19} [[""A"" [1 0]]]] [{citizen 42} [[""A"" [5 3]]]] [{media 54} [[""A"" [0 0]]]] [{citizen 48} [[""A"" [1 0]]]] [{citizen 27} [[""A"" [1 0]]]] [{citizen 28} [[""A"" [5 3]]]] [{citizen 44} [[""A"" [5 5]]]] [{citizen 38} [[""A"" [5 3]]]] [{citizen 21} [[""A"" [5 3]]]] [{citizen 20} [[""A"" [1 0]]]] [{citizen 9} [[""A"" [4 5]]]] [{citizen 15} [[""A"" [1 0]]]] [{citizen 18} [[""A"" [4 5]]]] [{citizen 16} [[""A"" [5 3]]]] [{citizen 46} [[""A"" [1 0]]]] [{citizen 41} [[""A"" [5 5]]]] [{citizen 43} [[""A"" [0 0]]]] [{citizen 30} [[""A"" [1 0]]]] [{citizen 23} [[""A"" [1 0]]]] [{citizen 33} [[""A"" [1 0]]]] [{citizen 29} [[""A"" [0 0]]]] [{citizen 10} [[""A"" [1 0]]]] [{citizen 32} [[""A"" [4 5]]]]]"
"37","[255 0 0]","237.55102040816325","-12.501341483918809","-7.9004984762833965","""circle""","""""","9.9","{breed citizens}","false","0.5","1","""up""",,"[[""ID"" 32] [""alpha"" 1] [""beta"" 1] [""malleable"" [""A""]] [""prior"" []] [""cont_tokens"" []] [""A"" 0]]","[[0 [0 1 2 3 4 5 6 7 8 9 10 11 12 13 14]] [1 [15 16 17 18 19 20 21 22 23 24 25 26 27 28 29]] [2 [30 31 32 33 34 35 36 37 38 39 40 41 42 43 44]] [3 [45 46 47 48 49 50 51 52 53 54 55 56 57 58 59]] [4 [60 61 62 63 64 65 66 67 68 69 70 71 72 73 74]] [5 [75 76 77 78 79 80 81 82 83 84 85 86 87 88 89]] [6 [90 91 92 93 94 95 96 97 98 99 100 101 102 103 104]] [7 [105 106 107 108 109 110 111 112 113 114 115 116 119]] [8 [120 121 122 123 124 125 127 128 129 132 134]] [9 [135 137 138 139 140 142 144 145 146 147 148 149]] [10 [150 151 152 153 154 155 156 158 159 160 161 162 163 164]] [11 [165 166 167 168 169 170 171 172 173 174 175 176 177 178 179]] [12 [180 181 182 183 184 185 186 187 188 189 190 191 192 193 194]] [13 [195 196 197 198 199 200 203 205 207 208 209]] [14 [210 211 212 213 214 216 218 219 221 222 223 224]] [15 [225 226 227 228 229 231 232 233 234 235 236 237 238 239]] [16 [241 243 244 245 247 248 249 250 251 252 253 254]] [17 [255 256 257 258 259 260 261 262 263 264 265 266 267 268 269]] [18 [270 271 272 273 274 275 276 277 278 279 280 281 282 283 284]] [19 [285 286 287 288 289 290 291 292 293 294 295 296 297 298 299]] [20 [301 302 303 304 305 306 307 309 310 311 312 313 314]] [21 [315 316 317 318 319 320 321 322 323 324 325 326 327 328 329]] [22 [330 331 332 333 334 335 336 337 338 339 340 341 342 343 344]] [23 [345 346 347 348 349 350 351 352 353 354 355 356 357 358 359]] [24 [360 361 362 363 364 365 366 367 368 369 370 371 372 373 374]] [25 [375 376 377 378 379 380 381 382 383 384 385 386 387 388 389]] [26 [390 391 392 393 394 395 396 397 398 399 400 401 402 403 404]] [27 [405 406 407 408 409 410 411 412 413 414 415 416 417 418 419]] [28 [420 421 422 423 424 425 427 428 429 430 431 432 433 434]] [29 [435 436 437 438 439 440 441 442 443 444 445 446 447 448 449]] [30 [450 451 452 453 454 455 456 457 458 459 460 461 462 463 464]] [31 [465 466 467 468 469 470 471 472 473 474 475 476 477 478 479]] [32 [480 481 482 485 486 487 488 489 490 491 492]] [33 [495 496 497 498 499 500 501 502 503 504 505 506 507 508 509]] [34 [510 511 512 513 514 515 516 517 518 519 520 521 522 523 524]] [35 [525 526 527 528 529 530 531 532 533 534 535 536 537 538 539]] [36 [540 541 542 543 544 545 546 547 548 549 550 551 552 553 554]] [37 [555 556 557 558 559 560 561 562 563 564 565 566 567 568 569]] [38 [570 571 572 573 574 575 576 577 578 579 581 582]] [39 [586 587 589 590 591 594 596 597 598]] [40 [600 601 602 603 604 605 606 607 608 609 612 613 614]] [41 [615 616 617 618 619 620 621 622 623 624 625 626 627 628 629]] [42 [630 631 632 633 634 635 636 637 638 639 640 641 642 643 644]] [43 [645 646 647 648 649 650 651 652 653 654 655 656 657 658 659]] [44 [660 661 662 663 664 665 666 667 668 669 670 671 672 673 674]] [45 [675 676 677 678 679 680 681 682 683 684 685 686 687 688 689]] [46 [690 691 692 693 694 695 696 697 698 699 700 701 702 703 704]] [47 [705 706 707 708 709 710 711 712 713 714 715 716 717 718 719]] [48 [720 721 722 723 724 725 727 728 729 730 731 732 733 734]] [49 [735 736 737 738 739 740 742 743 744 745 746 747 748 749]] [50 [750 751 752 753 754 755 756 757 758 759 760 761 762 763 764]] [51 [765 766 767 768 769 770 771 772 773 774 775 776 777 778 779]] [52 [780 781 782 783 784 785 786 787 788 789 790 791 792 793 794]] [53 [795 796 797 798 799 800 801 802 803 804 805 806 807 808 809]] [54 [810 811 812 813 814 815 816 817 818 819 820 821 822 823 824]] [55 [825 826 827 828 829 830 831 833 834 835 836 837 838 839]] [56 [840 841 842 843 844 845 846 847 848 849 850 851 852 853 854]] [57 [855 856 857 858 859 860 862 863 864 865 866 867 868 869]] [58 [870 871 872 873 874 875 876 877 878 879 880 881 882 883 884]] [59 [885 886 887 888 889 890 891 892 893 894 895 896 897 898 899]] [60 [900 901 902 903 904 905 906 907 908 909 910 911 912 913 914]] [61 [915 916 917 918 919 920 921 922 923 924 925 926 927 928 929]] [62 [930 931 932 933 934 935 936 937 938 939 940 941 942 943 944]] [63 [945 946 947 948 949 950 951 953 955 956 957 958 959]] [64 [960 961 962 963 964 965 966 967 968 969 970 971 972 973 974]] [65 [975 976 977 978 979 980 981 982 983 984 985 986 987 988 989]] [66 [990 991 992 993 994 995 996 997 998 999 1000 1001 1002 1003 1004]] [67 [1005 1006 1009 1010 1011 1012 1013 1014 1015 1016 1017 1018 1019]] [68 [1020 1021 1022 1023 1024 1025 1026 1027 1028 1029 1030 1031 1032 1033]] [69 [1035 1036 1037 1038 1039 1040 1041 1043 1045 1046 1047 1048]] [70 [1050 1051 1052 1053 1054 1055 1056 1057 1058 1059 1060 1062 1063 1064]] [71 [1065 1066 1067 1068 1069 1070 1071 1072 1073 1074 1075 1076 1077 1078 1079]] [72 [1080 1081 1082 1083 1084 1085 1086 1087 1088 1089 1090 1091 1092 1093 1094]] [73 [1095 1096 1098 1099 1100 1101 1104 1105 1106 1107 1108 1109]] [74 [1110 1111 1112 1113 1114 1115 1116 1117 1118 1119 1120 1121 1122 1123 1124]] [75 [1125 1126 1127 1128 1129 1130 1131 1132 1133 1134 1135 1136 1137 1138 1139]] [76 [1140 1141 1142 1143 1144 1145 1146 1147 1148 1149 1150 1151 1152 1153 1154]] [77 [1155 1156 1157 1158 1159 1160 1161 1162 1163 1164 1165 1166 1167 1168 1169]] [78 [1170 1171 1172 1173 1174 1175 1176 1177 1178 1179 1180 1181 1182 1183 1184]] [79 [1185 1186 1187 1188 1189 1190 1191 1192 1193 1194 1195 1196 1197 1198 1199]] [80 [1200 1201 1202 1203 1204 1205 1206 1207 1208 1209 1210 1211 1212 1213 1214]] [81 [1215 1217 1218 1219 1220 1221 1222 1223 1224 1225 1226 1227 1228 1229]] [82 [1230 1231 1232 1233 1234 1235 1236 1237 1238 1239 1240 1241 1242 1243 1244]] [83 [1245 1246 1247 1248 1249 1250 1251 1252 1253 1254 1255 1257 1258 1259]] [84 [1260 1261 1262 1263 1264 1265 1266 1267 1268 1269 1270 1271 1272 1273 1274]] [85 [1275 1276 1277 1278 1279 1280 1281 1282 1283 1284 1285 1286 1287 1288 1289]] [86 [1290 1291 1292 1293 1294 1295 1296 1297 1298 1299 1300 1301 1302 1303 1304]] [87 [1305 1306 1307 1308 1309 1310 1311 1312 1313 1314 1315 1316 1317 1318 1319]] [88 [1320 1321 1322 1323 1324 1325 1326 1327 1328 1330 1331 1332 1333 1334]] [89 [1335 1336 1337 1338 1339 1340 1341 1342 1343 1344 1345 1346 1347 1348 1349]] [90 [1350 1351 1352 1353 1354 1355 1356 1357 1358 1359 1360 1361 1362 1363 1364]] [91 [1365 1366 1367 1368 1369 1370 1371 1372 1373 1374 1375 1376 1377 1378 1379]] [92 [1380 1381 1382 1383 1384 1385 1386 1387 1388 1389 1390 1391 1392 1393 1394]] [93 [1395 1396 1397 1398 1399 1400 1401 1402 1403 1404 1405 1406 1407 1408 1409]] [94 [1410 1411 1412 1413 1414 1415 1416 1417 1418 1419 1420 1421 1422 1423 1424]] [95 [1425 1426 1428 1429 1430 1431 1432 1433 1434 1435 1436 1437 1438 1439]] [96 [1440 1441 1442 1444 1445 1446 1447 1448 1449 1450 1451 1452 1453 1454]] [97 [1455 1456 1457 1458 1459 1460 1461 1462 1463 1464 1465 1466 1467 1468 1469]] [98 [1470 1471 1472 1473 1474 1475 1476 1477 1478 1479 1480 1483]] [99 [1485 1486 1487 1488 1489 1490 1491 1492 1493 1494 1495 1496 1497 1498 1499]]]","[[0 [1 4 5 7 9 10 13 14]] [1 [15 17 18 19 20 23 27 29]] [2 [31 32 33 35 36 40 43 44]] [3 [47 49 51 52 56 58]] [4 [61 62 63 64 67 69 70 73 74]] [5 [75 76 78 80 82 83 84 87 88]] [6 [92 93 96 98 99 100 101 102]] [7 [111 112 113 115 116 119]] [8 [122 124 125 127 128 129 132]] [9 [135 139 140 142 145 147 148]] [10 [154 155 156 158 160 163]] [11 [167 168 169 171 173 177 178 179]] [12 [180 183 184 185 186 187 190 192]] [13 [198 205 207 208]] [14 [210 211 214 216 218 219 221 223]] [15 [225 227 228 229 231 232 233 235 236 237 239]] [16 [241 243 244 245 248 249 251 254]] [17 [255 258 259 261 266 267]] [18 [270 271 274 276 279 280 284]] [19 [285 286 287 288 290 293 295 297]] [20 [301 302 304 305 307]] [21 [315 317 323 326]] [22 [330 334 335 336 338]] [23 [347 350 351 353 354 359]] [24 [360 364 368 369 371 374]] [25 [375 376 380 381 382 383 384 387]] [26 [390 391 392 394 395 396 399 400 401 402 404]] [27 [405 407 408 413 415 416 417]] [28 [423 425 427 428 429 431 433]] [29 [435 437 441 442 443 445 446 448]] [30 [450 451 454 455 458 461 462 463 464]] [31 [465 467 470 471 474 475]] [32 [480 485 486 487 488 489 492]] [33 [496 497 498 499 501 506 508]] [34 [511 518 520 521 522]] [35 [526 528 529 532 534 536]] [36 [544 552 553 554]] [37 [555 557 558 559 561 562 564 565 566]] [38 [572 573 574 575 576 577 578 582]] [39 [587 590 591 594 596 597]] [40 [600 601 602 607 608 612 613]] [41 [616 618 620 621 624 625 627]] [42 [630 632 633 635 636 640 643]] [43 [645 647 649 650 651 655 656 657 659]] [44 [660 662 663 670 672 674]] [45 [675 679 680 681 682]] [46 [693 695 696 697 702 703]] [47 [705 706 707 709 712 715 716 718 719]] [48 [720 721 722 723 725 727 728 730 731 732 733 734]] [49 [735 738 739 740 746 747 748 749]] [50 [752 753 759 760 763]] [51 [765 767 768 769 770 774 775 776]] [52 [782 783 785 786 787 789 790]] [53 [798 799 800 801 802 803 805 806 808]] [54 [811 814 815 819 821]] [55 [829 830 833 836 837]] [56 [840 846 847 848 850 851 852]] [57 [855 856 857 859 860 863 865 868]] [58 [870 871 872 873 875 878 879 882]] [59 [885 886 887 889 890 891 892 893 896 898]] [60 [901 904 905 907 910 912 913 914]] [61 [916 917 919 923 924 928 929]] [62 [930 932 934 936 939 940 942 943 944]] [63 [946 947 949 950 953 955 959]] [64 [960 962 963 967 968 969 970 971 972]] [65 [976 979 980 985 986]] [66 [991 994 995 996 999 1001]] [67 [1005 1006 1009 1013 1016]] [68 [1021 1023 1025 1027 1028 1031 1033]] [69 [1035 1037 1038 1039 1046 1047]] [70 [1051 1052 1054 1056 1058 1059 1062 1063 1064]] [71 [1065 1067 1069 1072 1074 1076]] [72 [1081 1082 1083 1084 1086 1090 1092 1094]] [73 [1095 1096 1098 1100 1101 1104 1107]] [74 [1110 1112 1114 1116 1119 1122]] [75 [1125 1126 1127 1128 1129 1131 1137 1138]] [76 [1140 1142 1144 1145 1146 1148 1150 1151 1152 1154]] [77 [1158 1164 1165 1166 1167 1168 1169]] [78 [1171 1172 1174 1176 1177 1181]] [79 [1188 1189 1191 1195 1196 1197]] [80 [1202 1203 1205 1207 1214]] [81 [1215 1218 1219 1226 1227 1228]] [82 [1232 1233 1237 1241 1242]] [83 [1247 1248 1249 1250 1255 1259]] [84 [1264 1265 1266 1271 1272]] [85 [1275 1276 1277 1282 1283 1288 1289]] [86 [1290 1292 1293 1294 1299 1301]] [87 [1305 1307 1308 1311 1317 1318 1319]] [88 [1321 1323 1324 1325 1327 1330 1331 1334]] [89 [1337 1338 1342 1344 1345 1347 1349]] [90 [1352 1355 1356 1358 1360 1362 1363]] [91 [1365 1366 1367 1371 1375 1378]] [92 [1380 1383 1385 1386 1387 1388 1390]] [93 [1395 1398 1399 1400 1402 1406 1409]] [94 [1411 1416 1419 1422 1423 1424]] [95 [1426 1429 1431 1433 1437 1439]] [96 [1440 1441 1446 1447 1448 1449]] [97 [1456 1458 1460 1461 1463 1464 1467 1469]] [98 [1470 1471 1477 1478 1480 1483]] [99 [1485 1486 1487 1492 1493 1497 1498]]]",,"[[{media 51} [[""A"" [3 3]]]] [{media 52} [[""A"" [3 3]]]] [{media 53} [[""A"" [1 1]]]] [{media 54} [[""A"" [0 0]]]] [{media 55} [[""A"" [2 2]]]] [{media 57} [[""A"" [1 1]]]] [{media 59} [[""A"" [6 6]]]] [{media 61} [[""A"" [0 0]]]] [{media 63} [[""A"" [5 5]]]] [{media 64} [[""A"" [5 5]]]] [{citizen 6} [[""A"" [0 1]]]] [{citizen 11} [[""A"" [3 4]]]] [{citizen 1} [[""A"" [1 5]]]] [{citizen 4} [[""A"" [3 5]]]] [{media 60} [[""A"" [3 3]]]] [{citizen 8} [[""A"" [1 0]]]] [{media 56} [[""A"" [5 5]]]] [{media 50} [[""A"" [0 0]]]] [{citizen 2} [[""A"" [0 0]]]] [{citizen 0} [[""A"" [0 1]]]] [{citizen 3} [[""A"" [0 1]]]] [{citizen 5} [[""A"" [4 5]]]] [{media 62} [[""A"" [4 4]]]] [{media 58} [[""A"" [4 4]]]] [{citizen 26} [[""A"" [5 3]]]] [{citizen 36} [[""A"" [4 3]]]] [{citizen 27} [[""A"" [0 1]]]] [{citizen 39} [[""A"" [0 1]]]] [{citizen 7} [[""A"" [4 5]]]] [{citizen 13} [[""A"" [4 3]]]] [{citizen 47} [[""A"" [1 0]]]] [{citizen 17} [[""A"" [0 1]]]] [{citizen 35} [[""A"" [4 3]]]] [{citizen 34} [[""A"" [0 1]]]] [{citizen 14} [[""A"" [5 3]]]] [{citizen 49} [[""A"" [0 1]]]] [{citizen 22} [[""A"" [4 5]]]] [{citizen 25} [[""A"" [1 0]]]] [{citizen 40} [[""A"" [5 3]]]] [{citizen 24} [[""A"" [4 4]]]] [{citizen 20} [[""A"" [2 1]]]] [{citizen 9} [[""A"" [4 5]]]] [{citizen 10} [[""A"" [0 1]]]] [{citizen 19} [[""A"" [0 1]]]] [{citizen 31} [[""A"" [4 0]]]] [{citizen 45} [[""A"" [1 3]]]] [{citizen 42} [[""A"" [4 3]]]] [{citizen 48} [[""A"" [0 1]]]] [{citizen 28} [[""A"" [5 3]]]] [{citizen 44} [[""A"" [4 5]]]] [{citizen 21} [[""A"" [5 3]]]] [{citizen 32} [[""A"" [4 5]]]] [{citizen 15} [[""A"" [0 1]]]] [{citizen 18} [[""A"" [3 4]]]] [{citizen 38} [[""A"" [5 3]]]] [{citizen 33} [[""A"" [4 1]]]] [{citizen 16} [[""A"" [5 3]]]] [{citizen 41} [[""A"" [4 5]]]] [{citizen 29} [[""A"" [0 0]]]] [{citizen 12} [[""A"" [1 0]]]] [{citizen 46} [[""A"" [0 1]]]] [{citizen 30} [[""A"" [1 0]]]] [{citizen 23} [[""A"" [1 0]]]] [{citizen 43} [[""A"" [1 0]]]]]"
"38","[128 0 127]","326.938775510204","-3.9695571169533155","6.262597556600698","""circle""","""""","9.9","{breed citizens}","false","0.5","1","""up""",,"[[""ID"" 0] [""alpha"" 1] [""beta"" 1] [""malleable"" [""A""]] [""prior"" []] [""cont_tokens"" []] [""A"" 3]]","[[0 [0 3 4 5 6 7 8 9 12 13 14]] [1 [15 16 17 18 19 20 21 22 23 24 25 26 27 28 29]] [2 [30 31 32 33 34 35 36 37 38 39 40 41 42 43 44]] [3 [45 46 47 48 49 50 51 52 53 54 55 56 57 58 59]] [4 [60 61 62 63 64 65 66 67 68 69 70 71 72 73 74]] [5 [75 76 77 78 79 80 81 82 83 84 85 86 87 88 89]] [6 [90 91 92 93 94 95 96 97 98 99 100 101 102 103 104]] [7 [105 107 109 110 111 112 113 114 115 116 119]] [8 [120 121 122 123 124 125 127 128 129 132 134]] [9 [135 137 138 139 140 142 144 145 146 147 148 149]] [10 [150 151 152 153 154 155 156 158 159 160 161 162 163 164]] [11 [165 166 167 168 169 170 171 172 173 174 175 176 177 178 179]] [12 [180 181 182 183 184 185 186 187 188 189 190 191 192 193 194]] [13 [195 196 197 198 199 200 201 203 205 207 208 209]] [14 [210 211 212 213 214 216 218 219 221 222 223 224]] [15 [225 226 227 228 229 230 231 232 233 234 235 236 237 238 239]] [16 [240 241 242 243 244 245 246 247 248 249 250 251 252 253 254]] [17 [255 256 257 258 259 260 261 262 263 264 265 266 267 268 269]] [18 [270 271 272 273 274 275 276 277 278 279 280 281 282 283 284]] [19 [285 286 287 288 289 290 291 292 293 294 295 296 297 298 299]] [20 [300 301 302 303 304 305 306 307 309 310 311 312 313 314]] [21 [315 316 317 318 319 320 321 322 323 324 325 326 327 328 329]] [22 [330 331 332 333 334 335 336 337 338 339 340 343 344]] [23 [345 346 347 348 349 350 351 352 353 354 355 356 357 358 359]] [24 [360 361 362 363 364 365 366 367 368 369 370 371 372 373 374]] [25 [375 376 377 378 379 380 381 382 383 384 385 386 387 388 389]] [26 [390 391 392 393 394 395 396 397 398 399 400 401 402 403 404]] [27 [405 406 407 408 409 410 411 412 413 414 415 416 417 418 419]] [28 [420 421 422 423 424 425 427 428 429 430 431 432 433 434]] [29 [435 436 437 438 439 440 441 442 443 444 445 446 447 448 449]] [30 [450 451 452 453 454 455 456 457 458 459 460 461 462 463 464]] [31 [465 466 467 468 469 470 471 473 474 475 478]] [32 [480 481 482 485 486 487 488 489 490 491 492]] [33 [495 496 497 498 499 501 502 503 504 505 506 507 508 509]] [34 [510 511 512 513 514 515 516 517 518 519 520 521 522 523 524]] [35 [525 526 527 528 529 530 531 532 533 534 535 536 537 538 539]] [36 [540 541 542 543 544 545 546 547 548 549 550 551 552 553 554]] [37 [555 556 557 558 559 560 561 562 563 564 565 566 567 568 569]] [38 [570 571 572 573 574 575 576 577 578 579 581 582]] [39 [586 587 589 590 591 594 596 597 598]] [40 [600 601 602 603 604 605 606 607 608 609 612 613 614]] [41 [615 616 617 618 619 620 621 622 623 624 625 626 627 628 629]] [42 [630 631 632 633 634 635 636 637 638 639 640 641 642 643 644]] [43 [645 646 647 648 649 650 651 652 653 654 655 656 657 658 659]] [44 [660 661 662 663 664 665 666 667 668 669 670 671 672 673 674]] [45 [676 677 678 679 680 681 682 683 684 685 686 687 688 689]] [46 [690 691 692 693 694 695 696 697 698 699 700 701 702 703 704]] [47 [705 706 707 708 709 710 711 712 713 714 715 716 717 718 719]] [48 [720 721 722 723 724 725 726 727 728 729 730 731 732 733 734]] [49 [735 736 737 738 739 740 742 743 744 745 746 747 748 749]] [50 [750 751 752 753 754 755 756 757 758 759 760 761 762 763 764]] [51 [765 766 767 768 769 770 771 772 773 774 775 776 777 778 779]] [52 [780 781 782 783 784 785 786 787 788 789 790 791 792 793 794]] [53 [795 796 797 798 799 800 801 802 803 804 805 806 807 808 809]] [54 [810 811 812 813 814 815 816 817 818 819 820 821 822 823 824]] [55 [825 826 827 828 829 830 831 832 833 834 835 836 837 838 839]] [56 [840 841 842 843 844 845 846 847 848 849 850 851 852 853 854]] [57 [855 856 857 858 859 860 862 863 864 865 866 867 868 869]] [58 [870 871 872 873 874 875 876 877 878 879 880 881 882 883 884]] [59 [885 886 887 888 889 890 891 892 893 894 895 896 898 899]] [60 [900 901 902 903 904 905 906 907 908 909 910 911 912 913 914]] [61 [915 916 917 918 919 920 921 922 923 924 925 926 927 928 929]] [62 [930 931 932 933 934 935 936 937 938 939 940 941 942 943 944]] [63 [945 946 947 948 949 950 951 953 955 956 957 958 959]] [64 [960 961 962 963 964 965 966 967 968 969 970 971 972 973 974]] [65 [975 976 977 978 979 980 981 982 983 984 985 986 987 988 989]] [66 [990 991 992 993 994 995 996 997 998 999 1000 1001 1002 1003 1004]] [67 [1005 1006 1007 1008 1009 1010 1011 1012 1013 1014 1015 1016 1017 1018 1019]] [68 [1020 1021 1022 1023 1024 1025 1026 1027 1028 1029 1030 1031 1032 1033]] [69 [1035 1036 1037 1038 1039 1040 1041 1043 1045 1046 1047 1048]] [70 [1050 1051 1052 1053 1054 1055 1056 1057 1058 1059 1060 1062 1063 1064]] [71 [1065 1066 1067 1068 1069 1070 1071 1072 1073 1074 1075 1076 1077 1078 1079]] [72 [1080 1081 1082 1083 1084 1085 1086 1087 1088 1089 1090 1091 1092 1093 1094]] [73 [1095 1096 1098 1099 1100 1101 1104 1105 1106 1107 1108 1109]] [74 [1110 1111 1112 1113 1114 1115 1116 1118 1119 1120 1121 1122 1123 1124]] [75 [1125 1126 1127 1128 1129 1130 1131 1132 1134 1135 1136 1137 1138 1139]] [76 [1140 1142 1143 1144 1145 1146 1147 1148 1149 1150 1151 1152 1153 1154]] [77 [1155 1156 1157 1158 1159 1160 1161 1162 1163 1164 1165 1166 1167 1168 1169]] [78 [1170 1171 1172 1173 1174 1175 1176 1177 1178 1179 1180 1181 1182 1183 1184]] [79 [1185 1186 1187 1188 1189 1190 1191 1192 1193 1194 1195 1196 1197 1198 1199]] [80 [1200 1201 1204 1206 1208 1209 1210 1211 1212 1213 1214]] [81 [1215 1217 1218 1219 1220 1221 1222 1223 1224 1225 1226 1227 1228 1229]] [82 [1230 1231 1232 1233 1234 1235 1236 1237 1238 1239 1240 1241 1242 1243 1244]] [83 [1245 1246 1247 1248 1249 1250 1251 1252 1253 1254 1255 1257 1258 1259]] [84 [1260 1261 1262 1263 1264 1265 1266 1267 1268 1269 1270 1271 1272 1273 1274]] [85 [1275 1276 1277 1278 1279 1280 1281 1282 1283 1284 1285 1286 1287 1288 1289]] [86 [1290 1291 1292 1293 1294 1296 1297 1298 1299 1300 1301 1302 1303 1304]] [87 [1305 1306 1307 1308 1309 1310 1311 1312 1313 1314 1315 1316 1317 1318 1319]] [88 [1320 1321 1322 1323 1324 1325 1326 1327 1328 1330 1331 1332 1333 1334]] [89 [1335 1336 1337 1338 1339 1340 1341 1342 1343 1344 1345 1346 1347 1348 1349]] [90 [1350 1351 1352 1353 1354 1355 1356 1357 1358 1359 1360 1361 1362 1363 1364]] [91 [1365 1366 1368 1369 1370 1371 1372 1373 1374 1375 1376 1377 1378 1379]] [92 [1380 1381 1382 1383 1384 1385 1386 1387 1388 1389 1390 1391 1392 1393 1394]] [93 [1395 1396 1397 1398 1399 1400 1401 1402 1403 1404 1405 1406 1407 1408 1409]] [94 [1410 1411 1412 1413 1414 1415 1416 1417 1418 1419 1420 1421 1422 1423 1424]] [95 [1425 1426 1428 1429 1430 1431 1432 1433 1434 1435 1436 1437 1438 1439]] [96 [1440 1441 1442 1444 1445 1446 1447 1448 1449 1450 1451 1452 1453 1454]] [97 [1455 1456 1457 1458 1459 1460 1461 1462 1463 1464 1465 1466 1467 1468 1469]] [98 [1470 1471 1472 1473 1474 1475 1476 1477 1478 1479 1480 1483]] [99 [1485 1486 1487 1488 1489 1490 1491 1492 1493 1494 1495 1496 1497 1498 1499]]]","[[0 [0 4 5 7 9 12]] [1 [16 18 19 20 23 27]] [2 [31 32 33 37 38 44]] [3 [47 49 50 51 52 56 57 58]] [4 [61 62 63 64 67 69 70 73 74]] [5 [75 76 78 80 82 83 84 87 88]] [6 [91 92 93 96 98 99 100 101 102]] [7 [111 113 114 116 119]] [8 [122 124 129 132]] [9 [135 139 140 142 144 145 146 147 148]] [10 [150 154 155 156 160 163]] [11 [166 168 171 173 175 177 178 179]] [12 [180 182 183 184 185 186 187 188]] [13 [195 197 199 200 203 205 207 208]] [14 [210 211 214 216 219 221 224]] [15 [226 228 229 231 232 233 235 236 237 239]] [16 [241 243 244 247 251]] [17 [256 257 260 262 263 264 265 266 267]] [18 [270 271 274 276 280 281 282 284]] [19 [285 286 287 288 290 293 297]] [20 [301 302 304 305 306 309 311 312 313]] [21 [316 318 319 320 322 326]] [22 [330 331 332 333 335 336 338 340 343 344]] [23 [345 346 347 350 353 354 355 358 359]] [24 [360 364 366 367 368 369 372 373]] [25 [377 378 379 382 383 384 387 389]] [26 [390 391 392 394 395 396 397 399 400 401]] [27 [406 409 410 412 414 419]] [28 [421 429 431 433]] [29 [435 437 438 442 443 445 446 448]] [30 [450 451 452 453 456 457 459 462 463]] [31 [465 469 470 471 474 475]] [32 [480 485 486 487 488 489]] [33 [495 496 497 498 499 501 502 504 505 507 509]] [34 [510 514 515 518 520 521 522]] [35 [526 527 528 529 532 534 536]] [36 [544 547 548 549 550 552 553 554]] [37 [555 557 558 559 561 562 563 564 565 566]] [38 [575 576 577 578 582]] [39 [587 589 591 594 597]] [40 [600 601 602 605 606 607 608 612 613]] [41 [615 617 619 622 626 627]] [42 [631 632 633 635 636 639 640 642]] [43 [649 650 651 655 656 659]] [44 [660 662 663 664 665 667 668 669 671 673]] [45 [677 683 684 685 686 688]] [46 [691 692 696 697 702 703]] [47 [706 707 709 710 712 715 717]] [48 [724 725 729]] [49 [736 737 742 743 744 745 746 747 748 749]] [50 [752 753 755 759 760 763]] [51 [765 767 769 770 773 774 775 776 779]] [52 [782 783 785 786 787 789 790 792 793 794]] [53 [796 797 802 803 804 805 806 808]] [54 [811 814 815 819 821 822 823 824]] [55 [826 827 828 829 830 831 833 836 837]] [56 [842 844 847 848 850 851 852]] [57 [855 856 857 859 866 867]] [58 [874 876 877 879 882 884]] [59 [885 886 887 889 893 894]] [60 [900 902 903 908 914]] [61 [916 920 922 925 926 928]] [62 [930 933 935 937 938 940 942 943 944]] [63 [946 947 950 955 957 958]] [64 [960 962 966 973 974]] [65 [975 978 982 983 986]] [66 [991 994 995 997 1002 1003 1004]] [67 [1005 1006 1009 1010 1011 1012 1014 1015 1018 1019]] [68 [1021 1023 1025 1027 1028 1029 1030 1031 1032]] [69 [1036 1037 1038 1039 1040 1046 1047]] [70 [1051 1052 1053 1054 1058 1059 1062 1063 1064]] [71 [1065 1069 1071 1072 1078 1079]] [72 [1080 1081 1082 1083 1084 1086 1091 1092 1094]] [73 [1095 1096 1098 1101 1106 1107 1108 1109]] [74 [1111 1113 1114 1116 1118 1120 1124]] [75 [1130 1132 1134 1135 1136 1138]] [76 [1140 1142 1144 1145 1146 1148 1150 1151 1152 1154]] [77 [1158 1164 1165 1166 1168 1169]] [78 [1171 1172 1174 1176 1177 1181 1183]] [79 [1186 1188 1190 1192 1193 1194 1198 1199]] [80 [1200 1201 1204 1206 1208 1211 1212 1213 1214]] [81 [1215 1218 1219 1220 1221 1222 1223 1224 1225 1229]] [82 [1234 1235 1236 1238 1239 1242]] [83 [1247 1248 1249 1250 1255 1259]] [84 [1260 1262 1263 1267 1269 1270 1274]] [85 [1275 1276 1277 1280 1282 1284 1285 1287]] [86 [1290 1292 1294 1296 1302 1303 1304]] [87 [1306 1308 1310 1313 1314 1315 1316]] [88 [1320 1322 1323 1324 1325 1327 1330 1334]] [89 [1337 1338 1339 1342 1345 1348]] [90 [1350 1351 1353 1354 1359 1361]] [91 [1368 1369 1370 1372 1374 1375 1378]] [92 [1380 1381 1383 1384 1385 1386 1389 1391 1392 1394]] [93 [1398 1401 1403 1405 1407 1408]] [94 [1410 1412 1413 1414 1415 1417 1422 1423 1424]] [95 [1426 1429 1431 1435 1438 1439]] [96 [1440 1441 1446 1447 1448 1449 1450 1452 1453 1454]] [97 [1455 1457 1459 1463 1464 1467 1469]] [98 [1470 1471 1477 1478 1480 1483]] [99 [1485 1486 1487 1490 1491 1494 1495 1496 1499]]]",,"[[{media 50} [[""A"" [0 0]]]] [{media 51} [[""A"" [3 3]]]] [{media 52} [[""A"" [3 3]]]] [{media 53} [[""A"" [1 1]]]] [{media 55} [[""A"" [2 2]]]] [{media 56} [[""A"" [5 5]]]] [{media 57} [[""A"" [1 1]]]] [{media 58} [[""A"" [4 4]]]] [{media 60} [[""A"" [3 3]]]] [{media 62} [[""A"" [4 4]]]] [{media 64} [[""A"" [5 5]]]] [{citizen 0} [[""A"" [0 0]]]] [{citizen 2} [[""A"" [4 1]]]] [{citizen 7} [[""A"" [4 5]]]] [{citizen 1} [[""A"" [4 5]]]] [{citizen 4} [[""A"" [5 5]]]] [{citizen 26} [[""A"" [4 5]]]] [{citizen 3} [[""A"" [2 1]]]] [{citizen 39} [[""A"" [1 1]]]] [{citizen 17} [[""A"" [2 0]]]] [{citizen 45} [[""A"" [1 0]]]] [{citizen 14} [[""A"" [1 5]]]] [{citizen 36} [[""A"" [3 4]]]] [{citizen 5} [[""A"" [4 5]]]] [{citizen 27} [[""A"" [5 4]]]] [{citizen 6} [[""A"" [4 1]]]] [{citizen 22} [[""A"" [4 5]]]] [{citizen 48} [[""A"" [0 0]]]] [{citizen 12} [[""A"" [0 0]]]] [{citizen 47} [[""A"" [0 0]]]] [{citizen 13} [[""A"" [4 4]]]] [{citizen 35} [[""A"" [4 4]]]] [{citizen 11} [[""A"" [2 4]]]] [{citizen 34} [[""A"" [2 0]]]] [{citizen 25} [[""A"" [1 0]]]] [{citizen 40} [[""A"" [4 5]]]] [{citizen 24} [[""A"" [4 5]]]] [{citizen 20} [[""A"" [4 2]]]] [{citizen 9} [[""A"" [4 5]]]] [{citizen 10} [[""A"" [0 0]]]] [{media 63} [[""A"" [5 5]]]] [{citizen 37} [[""A"" [2 0]]]] [{citizen 8} [[""A"" [1 0]]]] [{citizen 31} [[""A"" [4 0]]]] [{citizen 19} [[""A"" [0 1]]]] [{media 61} [[""A"" [0 0]]]] [{citizen 49} [[""A"" [1 0]]]] [{media 59} [[""A"" [6 6]]]] [{media 54} [[""A"" [0 0]]]] [{citizen 28} [[""A"" [5 5]]]] [{citizen 44} [[""A"" [4 5]]]] [{citizen 21} [[""A"" [5 5]]]] [{citizen 15} [[""A"" [1 0]]]] [{citizen 18} [[""A"" [4 5]]]] [{citizen 42} [[""A"" [2 4]]]] [{citizen 16} [[""A"" [5 3]]]] [{citizen 46} [[""A"" [0 1]]]] [{citizen 41} [[""A"" [4 5]]]] [{citizen 43} [[""A"" [0 0]]]] [{citizen 30} [[""A"" [0 0]]]] [{citizen 23} [[""A"" [1 0]]]] [{citizen 33} [[""A"" [4 1]]]] [{citizen 29} [[""A"" [0 0]]]] [{citizen 32} [[""A"" [4 5]]]]]"
"39","[255 0 0]","199.8367346938776","-4.732809032549091","-13.036345964649541","""circle""","""""","9.9","{breed citizens}","false","0.5","1","""up""",,"[[""ID"" 29] [""alpha"" 1] [""beta"" 1] [""malleable"" [""A""]] [""prior"" []] [""cont_tokens"" []] [""A"" 0]]","[[0 [0 2 3 4 5 6 7 8 9 10 12 13 14]] [1 [15 16 17 18 19 20 21 22 23 24 25 26 27 28 29]] [2 [30 31 32 33 34 35 36 37 38 39 40 41 42 43 44]] [3 [45 46 47 48 49 50 51 52 53 54 55 56 57 58 59]] [4 [60 61 62 63 64 65 66 67 68 69 70 71 72 73 74]] [5 [75 76 77 78 79 80 81 82 83 84 85 87 88 89]] [6 [90 91 92 93 94 95 96 97 98 99 100 101 102 103 104]] [7 [105 106 107 108 109 110 111 112 113 114 115 116 119]] [8 [120 121 122 123 124 125 127 128 129 132 134]] [9 [135 137 138 139 140 142 144 145 146 147 148 149]] [10 [150 151 152 153 154 155 156 157 158 159 160 161 162 163 164]] [11 [165 166 167 168 169 170 171 172 173 174 175 176 177 178 179]] [12 [180 181 182 183 184 185 186 187 188 189 190 191 192 193 194]] [13 [195 196 197 198 199 200 203 205 207 208 209]] [14 [210 211 212 213 214 216 218 219 221 222 223 224]] [15 [225 226 227 228 229 231 232 233 234 235 236 237 238 239]] [16 [240 241 242 243 244 245 246 247 248 249 251 252 253 254]] [17 [255 256 257 258 259 260 261 262 263 264 265 266 267 268 269]] [18 [270 271 272 273 274 275 276 277 278 279 280 281 282 283 284]] [19 [285 286 287 288 289 290 291 292 293 294 295 296 297 298 299]] [20 [300 301 302 303 304 305 306 307 308 309 310 311 312 313 314]] [21 [315 316 317 318 319 320 321 322 323 324 325 326 327 328 329]] [22 [330 331 332 333 334 335 336 337 338 339 340 341 342 343 344]] [23 [345 346 347 348 349 350 351 352 353 354 355 356 357 358 359]] [24 [360 361 362 363 364 365 366 367 368 369 370 371 372 373 374]] [25 [375 376 377 378 379 380 381 382 383 384 385 386 387 388 389]] [26 [390 391 392 393 394 395 396 397 398 399 400 401 402 403 404]] [27 [405 406 407 408 409 410 411 412 413 414 415 416 417 418 419]] [28 [420 421 422 423 424 425 426 427 428 429 430 431 432 433 434]] [29 [435 436 437 438 439 440 441 442 443 444 445 446 447 448 449]] [30 [450 451 452 453 454 455 456 457 458 459 460 461 462 463 464]] [31 [465 466 467 468 469 470 471 472 473 474 475 478 479]] [32 [480 481 482 485 486 487 488 489 490 491 492]] [33 [495 496 497 498 499 500 501 502 503 504 505 506 507 508 509]] [34 [510 511 512 513 514 515 516 517 518 519 520 521 522 523 524]] [35 [525 526 527 528 529 530 531 532 533 534 535 536 537 538 539]] [36 [540 541 542 543 544 545 546 547 548 549 550 551 552 553 554]] [37 [555 556 557 558 559 561 562 563 564 565 566]] [38 [570 571 572 573 574 575 576 577 578 579 581 582]] [39 [586 587 589 590 591 594 596 597 598]] [40 [600 601 602 603 604 605 606 607 608 609 612 613 614]] [41 [615 616 617 618 619 620 621 622 623 624 625 626 627 628 629]] [42 [630 631 632 633 634 635 636 637 638 639 640 641 642 643 644]] [43 [645 646 647 648 649 650 651 652 653 654 655 656 657 658 659]] [44 [660 661 662 663 664 665 666 667 668 669 670 671 672 673 674]] [45 [676 677 678 679 680 681 682 683 684 685 686 687 688 689]] [46 [690 691 692 693 694 695 696 697 698 699 700 701 702 703 704]] [47 [705 706 707 708 709 710 711 712 713 714 715 716 717 718 719]] [48 [720 721 722 723 724 725 726 727 728 729 730 731 732 733 734]] [49 [735 736 737 738 739 740 742 743 744 745 746 747 748 749]] [50 [750 751 752 753 754 755 756 757 758 759 760 761 762 763 764]] [51 [765 766 767 768 769 770 771 772 773 774 775 776 777 778 779]] [52 [780 781 782 783 784 785 786 787 788 789 790 791 792 793 794]] [53 [795 796 797 798 799 800 801 802 803 804 805 806 807 808 809]] [54 [810 811 812 813 814 815 816 817 818 819 820 821 822 823 824]] [55 [825 826 827 828 829 830 831 833 834 835 836 837 838 839]] [56 [840 841 842 843 844 845 846 847 848 849 850 851 852 853 854]] [57 [855 856 857 858 859 860 862 863 864 865 866 867 868 869]] [58 [870 871 872 873 874 875 876 877 878 879 880 881 882 883 884]] [59 [885 886 887 888 889 890 891 892 893 894 895 896 897 898 899]] [60 [900 901 902 903 904 905 906 907 908 909 910 911 912 913 914]] [61 [915 916 917 918 919 920 921 922 923 924 925 926 927 928 929]] [62 [930 931 932 933 934 935 936 937 938 939 940 941 942 943 944]] [63 [945 946 947 948 949 950 951 953 955 956 957 958 959]] [64 [960 961 962 963 964 965 966 967 968 969 970 971 972 973 974]] [65 [975 976 977 978 979 980 981 982 983 984 985 986 987 988 989]] [66 [990 991 992 993 994 995 996 997 998 999 1000 1001 1002 1003 1004]] [67 [1005 1006 1007 1008 1009 1010 1011 1012 1013 1014 1015 1016 1017 1018 1019]] [68 [1020 1021 1022 1023 1024 1025 1026 1027 1028 1029 1030 1031 1032 1033]] [69 [1035 1036 1037 1038 1039 1040 1041 1043 1045 1046 1047 1048]] [70 [1050 1051 1052 1053 1054 1055 1056 1057 1058 1059 1060 1062 1063 1064]] [71 [1065 1067 1068 1069 1070 1071 1072 1073 1074 1075 1076 1077 1078 1079]] [72 [1080 1081 1082 1083 1084 1085 1086 1087 1088 1089 1090 1091 1092 1093 1094]] [73 [1095 1096 1097 1098 1099 1100 1101 1102 1103 1104 1105 1106 1107 1108 1109]] [74 [1110 1111 1112 1113 1114 1115 1116 1117 1118 1119 1120 1121 1122 1123 1124]] [75 [1125 1126 1127 1128 1129 1130 1131 1132 1134 1135 1136 1137 1138 1139]] [76 [1140 1141 1142 1143 1144 1145 1146 1147 1148 1149 1150 1151 1152 1153 1154]] [77 [1155 1156 1157 1158 1159 1160 1161 1162 1163 1164 1165 1166 1167 1168 1169]] [78 [1170 1171 1172 1173 1174 1175 1176 1177 1178 1179 1180 1181 1182 1183 1184]] [79 [1185 1186 1187 1188 1189 1190 1191 1192 1193 1194 1195 1196 1197 1198 1199]] [80 [1200 1201 1202 1203 1204 1205 1206 1207 1208 1209 1210 1211 1212 1213 1214]] [81 [1215 1217 1218 1219 1220 1221 1222 1223 1224 1225 1226 1227 1228 1229]] [82 [1230 1231 1232 1233 1234 1235 1236 1237 1238 1239 1240 1241 1242 1243 1244]] [83 [1245 1246 1247 1248 1249 1250 1251 1252 1253 1254 1255 1256 1257 1258 1259]] [84 [1260 1261 1262 1263 1264 1265 1266 1267 1268 1269 1270 1271 1272 1273 1274]] [85 [1275 1276 1277 1278 1279 1280 1281 1282 1283 1284 1285 1286 1287 1288 1289]] [86 [1290 1291 1292 1293 1294 1295 1296 1297 1298 1299 1300 1301 1302 1303 1304]] [87 [1305 1306 1307 1308 1309 1310 1311 1312 1313 1314 1315 1316 1317 1318 1319]] [88 [1320 1321 1322 1323 1324 1325 1326 1327 1328 1330 1331 1332 1333 1334]] [89 [1335 1336 1337 1338 1339 1340 1341 1342 1343 1344 1345 1346 1347 1348 1349]] [90 [1350 1351 1352 1353 1354 1355 1356 1357 1358 1359 1360 1361 1362 1363 1364]] [91 [1365 1366 1367 1368 1369 1370 1371 1372 1373 1374 1375 1376 1377 1378 1379]] [92 [1380 1381 1382 1383 1384 1385 1386 1387 1388 1389 1390 1391 1392 1393 1394]] [93 [1395 1396 1397 1398 1399 1400 1401 1402 1403 1404 1405 1406 1407 1408 1409]] [94 [1410 1411 1412 1413 1414 1415 1416 1417 1418 1419 1420 1421 1422 1423 1424]] [95 [1425 1426 1427 1428 1429 1430 1431 1432 1433 1434 1435 1436 1437 1438 1439]] [96 [1440 1441 1442 1444 1445 1446 1447 1448 1449 1450 1451 1452 1453 1454]] [97 [1455 1456 1457 1458 1459 1460 1461 1462 1463 1464 1465 1466 1467 1468 1469]] [98 [1470 1471 1472 1473 1474 1475 1476 1477 1478 1479 1480 1483]] [99 [1485 1486 1487 1490 1491 1492 1493 1494 1495 1496 1497 1498 1499]]]","[[0 [0 4 5 9 10 13 14]] [1 [15 17 18 19 20 23 27]] [2 [31 32 33 37 38 42]] [3 [45 46 50 51 57 58]] [4 [60 63 64 67 68 71 72]] [5 [77 79 81 82 83 84 87 88]] [6 [93 96 98 99 100 101]] [7 [107 109 110 112 113 114 116 119]] [8 [122 124 125 127 128 129 132]] [9 [135 139 140 142 145 147 148 149]] [10 [150 154 155 156 158 160 162 164]] [11 [165 166 168 171 173 175 177]] [12 [180 183 184 185 186 187 190 192]] [13 [195 197 199 200 203 205 207 208]] [14 [210 211 212 218 219 221 222 223]] [15 [225 227 228 229 231 234 238]] [16 [240 242 246 247 249 251 252]] [17 [257 260 262 263 264 265 266 267]] [18 [270 271 274 276 280 281 282 284]] [19 [286 287 289 291 292 294 295 299]] [20 [301 302 304 305 306 309 310 312 313 314]] [21 [318 319 320 321 322 323 326]] [22 [330 331 332 333 335 336 338 340 344]] [23 [345 346 348 349 352 355 358 359]] [24 [360 364 366 367 368 369 372 373]] [25 [377 379 382 383 384 387 389]] [26 [390 391 392 394 395 396 398 403]] [27 [405 407 408 411 413 415 418]] [28 [420 423 425 427 428 429 431 433]] [29 [435 438 441 442 443 445 446 448]] [30 [450 451 454 455 458 459 462 463]] [31 [465 469 470 471 474 475]] [32 [480 485 486 487 488 489 492]] [33 [495 496 497 498 499 501 506 508]] [34 [511 518 519 520 521 522 524]] [35 [527 529 532 535 536]] [36 [540 541 542 543 545 546 551]] [37 [556 563 564 565 566]] [38 [575 576 577 578 582]] [39 [586 587 590 591 594 598]] [40 [600 601 602 605 606 607 608 612 613]] [41 [616 618 620 621 624 625 627 629]] [42 [631 633 635 636 640 642 643]] [43 [645 647 649 650 651 658]] [44 [661 665 666 667 668 669 671 673]] [45 [676 677 678 679 680 685 687 688]] [46 [690 691 692 698 699 700 701 702 703]] [47 [705 706 707 715 716 718 719]] [48 [720 721 722 723 725 727 728 730 731 732 733 734]] [49 [736 737 742 743 744 745]] [50 [750 752 753 758 761 762 763]] [51 [765 767 769 770 773 774 775 776]] [52 [782 783 785 786 787 789 790]] [53 [798 799 800 807 808]] [54 [811 814 815 819 821]] [55 [829 830 833 834 838 839]] [56 [841 843 845 849 851 852]] [57 [855 856 857 859 863 864 865 868]] [58 [870 871 872 873 875 878 879 881 882]] [59 [885 886 887 889 893 894]] [60 [900 902 903 908 914]] [61 [918 920 922 924 926 928]] [62 [930 935 937 942 943 944]] [63 [946 947 950 953 955 957 958]] [64 [960 962 963 967 968 969 970 971 972]] [65 [976 977 979 980 984 985 986 988]] [66 [992 993 998 1000 1002 1003 1004]] [67 [1005 1006 1009 1013 1016 1019]] [68 [1021 1023 1025 1027 1029 1030 1033]] [69 [1035 1037 1038 1039 1040 1046 1047]] [70 [1050 1056 1058 1059 1063 1064]] [71 [1065 1069 1072 1074 1075 1076]] [72 [1081 1082 1083 1084 1086 1089 1091 1092 1094]] [73 [1095 1099 1100 1101 1104 1107]] [74 [1110 1112 1114 1116 1119 1123]] [75 [1125 1126 1127 1128 1137 1138]] [76 [1140 1142 1143 1147 1149 1150 1151 1152 1154]] [77 [1158 1165 1166 1167 1168 1169]] [78 [1172 1174 1176 1178 1180 1182 1184]] [79 [1185 1187 1188 1190 1191 1195 1196 1197]] [80 [1202 1203 1205 1207 1209 1210 1211 1212 1213]] [81 [1217 1220 1222 1223 1224 1225 1229]] [82 [1230 1231 1240 1243 1244]] [83 [1245 1246 1251 1252 1253 1254 1257 1258]] [84 [1261 1262 1263 1267 1269 1270 1272]] [85 [1275 1276 1277 1280 1282 1283 1288 1289]] [86 [1292 1293 1294 1300 1303 1304]] [87 [1306 1307 1310 1313 1314 1315 1316 1319]] [88 [1321 1322 1323 1324 1325 1327 1330 1331 1334]] [89 [1337 1338 1339 1342 1344 1345 1348]] [90 [1350 1351 1354 1357 1359 1361]] [91 [1368 1369 1370 1371 1372 1374 1375 1378]] [92 [1380 1381 1382 1389 1391 1392 1394]] [93 [1399 1400 1402 1404 1406 1409]] [94 [1410 1412 1413 1414 1415 1417 1420 1421]] [95 [1425 1430 1432 1433 1434 1436 1437 1439]] [96 [1440 1441 1442 1444 1445 1450 1454]] [97 [1455 1457 1459 1463 1464 1467 1469]] [98 [1470 1471 1472 1473 1474 1475 1479]] [99 [1486 1487 1492 1493 1497 1498]]]",,"[[{media 50} [[""A"" [0 0]]]] [{media 51} [[""A"" [3 3]]]] [{media 52} [[""A"" [3 3]]]] [{media 53} [[""A"" [1 1]]]] [{media 55} [[""A"" [2 2]]]] [{media 56} [[""A"" [5 5]]]] [{media 57} [[""A"" [1 1]]]] [{media 58} [[""A"" [4 4]]]] [{media 60} [[""A"" [3 3]]]] [{media 62} [[""A"" [4 4]]]] [{media 64} [[""A"" [5 5]]]] [{citizen 0} [[""A"" [0 0]]]] [{citizen 4} [[""A"" [5 5]]]] [{media 59} [[""A"" [6 6]]]] [{citizen 12} [[""A"" [0 0]]]] [{citizen 14} [[""A"" [1 5]]]] [{citizen 17} [[""A"" [0 0]]]] [{citizen 3} [[""A"" [1 0]]]] [{media 63} [[""A"" [5 5]]]] [{citizen 1} [[""A"" [4 5]]]] [{citizen 6} [[""A"" [0 0]]]] [{citizen 26} [[""A"" [4 5]]]] [{citizen 36} [[""A"" [2 5]]]] [{citizen 5} [[""A"" [4 5]]]] [{citizen 27} [[""A"" [3 2]]]] [{citizen 22} [[""A"" [1 5]]]] [{citizen 48} [[""A"" [0 0]]]] [{citizen 47} [[""A"" [0 0]]]] [{citizen 13} [[""A"" [4 5]]]] [{citizen 35} [[""A"" [4 4]]]] [{citizen 11} [[""A"" [2 5]]]] [{citizen 34} [[""A"" [0 0]]]] [{citizen 25} [[""A"" [0 0]]]] [{citizen 40} [[""A"" [5 3]]]] [{citizen 24} [[""A"" [4 5]]]] [{citizen 20} [[""A"" [0 0]]]] [{citizen 9} [[""A"" [1 5]]]] [{citizen 10} [[""A"" [0 0]]]] [{citizen 2} [[""A"" [0 0]]]] [{citizen 19} [[""A"" [0 1]]]] [{citizen 49} [[""A"" [1 0]]]] [{citizen 37} [[""A"" [0 0]]]] [{citizen 8} [[""A"" [0 0]]]] [{citizen 7} [[""A"" [4 5]]]] [{citizen 31} [[""A"" [0 0]]]] [{citizen 45} [[""A"" [1 0]]]] [{media 61} [[""A"" [0 0]]]] [{citizen 42} [[""A"" [2 5]]]] [{media 54} [[""A"" [0 0]]]] [{citizen 28} [[""A"" [5 5]]]] [{citizen 44} [[""A"" [5 5]]]] [{citizen 38} [[""A"" [5 3]]]] [{citizen 21} [[""A"" [5 5]]]] [{citizen 32} [[""A"" [4 5]]]] [{citizen 15} [[""A"" [1 0]]]] [{citizen 18} [[""A"" [4 5]]]] [{citizen 16} [[""A"" [5 3]]]] [{citizen 46} [[""A"" [2 0]]]] [{citizen 33} [[""A"" [5 1]]]] [{citizen 41} [[""A"" [5 5]]]] [{citizen 30} [[""A"" [0 0]]]] [{citizen 43} [[""A"" [0 0]]]] [{citizen 23} [[""A"" [1 0]]]] [{citizen 29} [[""A"" [0 0]]]]]"
"40","[128 0 127]","156.12244897959187","6.085991517009009","-13.265625717532549","""circle""","""""","9.9","{breed citizens}","false","0.5","1","""up""",,"[[""ID"" 43] [""alpha"" 1] [""beta"" 1] [""malleable"" [""A""]] [""prior"" []] [""cont_tokens"" []] [""A"" 3]]","[[0 [0 1 2 3 4 5 6 7 9 10 12 13 14]] [1 [15 16 17 18 19 20 21 22 23 24 25 26 27 28 29]] [2 [30 31 32 33 34 35 36 37 38 39 40 41 42 43 44]] [3 [45 46 47 48 49 50 51 52 53 54 55 56 57 58 59]] [4 [60 61 62 63 64 65 66 67 68 69 70 71 72 73 74]] [5 [75 76 77 78 79 80 81 82 83 84 85 86 87 88 89]] [6 [90 91 92 93 94 95 96 97 98 99 100 101 102 103 104]] [7 [105 107 109 110 111 112 113 114 115 116 119]] [8 [122 123 124 125 127 128 129 132 134]] [9 [135 137 138 139 140 142 144 145 146 147 148 149]] [10 [150 151 152 153 154 155 156 157 158 159 160 161 162 163 164]] [11 [165 166 167 168 169 170 171 172 173 174 175 176 177 178 179]] [12 [180 181 182 183 184 185 186 187 188 189 190 191 192 193 194]] [13 [195 196 197 198 199 200 203 205 207 208 209]] [14 [210 211 212 213 214 216 218 219 221 222 223 224]] [15 [225 226 227 228 229 230 231 232 233 234 235 236 237 238 239]] [16 [240 241 242 243 244 245 246 247 248 249 250 251 252 253 254]] [17 [255 256 257 258 259 260 261 262 263 264 265 266 267 268 269]] [18 [270 271 272 273 274 275 276 277 278 279 280 281 282 283 284]] [19 [285 286 287 288 289 290 291 292 293 294 295 296 297 298 299]] [20 [301 302 303 304 305 306 307 309 310 311 312 313 314]] [21 [315 316 317 318 319 320 321 322 323 324 325 326 327 328 329]] [22 [330 331 332 333 334 335 336 337 338 339 340 341 342 343 344]] [23 [345 346 347 348 349 350 351 352 353 354 355 356 357 358 359]] [24 [360 361 362 363 364 365 366 367 368 369 370 371 372 373 374]] [25 [375 376 377 378 379 380 381 382 383 384 385 386 387 388 389]] [26 [390 391 392 393 394 395 396 397 398 399 400 401 402 403 404]] [27 [405 406 407 408 409 410 411 412 413 414 415 416 417 418 419]] [28 [420 421 422 423 424 425 427 428 429 430 431 432 433 434]] [29 [435 436 437 438 439 440 441 442 443 444 445 446 447 448 449]] [30 [450 451 452 453 454 455 456 457 458 459 460 461 462 463 464]] [31 [465 466 467 468 469 470 471 472 473 474 475 476 477 478 479]] [32 [480 481 482 485 486 487 488 489 490 491 492 493 494]] [33 [495 496 497 498 499 501 502 503 504 505 506 507 508 509]] [34 [510 511 512 513 514 515 516 517 518 519 520 521 522 523 524]] [35 [525 526 527 528 529 530 531 532 533 534 535 536 537 538 539]] [36 [540 541 542 543 544 545 546 547 548 549 550 551 552 553 554]] [37 [555 556 557 558 559 561 562 563 564 565 566]] [38 [570 571 572 573 574 575 576 577 578 579 581 582]] [39 [586 587 589 590 591 594 596 597 598]] [40 [600 601 602 603 604 605 606 607 608 609 612 613 614]] [41 [615 616 617 618 619 620 621 622 623 624 625 626 627 628 629]] [42 [630 631 632 633 634 635 636 637 638 639 640 641 642 643 644]] [43 [645 646 647 648 649 650 651 652 653 654 655 656 657 658 659]] [44 [660 661 662 663 664 665 666 667 668 669 670 671 672 673 674]] [45 [676 677 678 679 680 681 682 683 684 685 686 687 688 689]] [46 [690 691 692 693 694 695 696 697 698 699 700 701 702 703 704]] [47 [705 706 707 708 709 710 711 712 713 714 715 716 717 718 719]] [48 [720 721 722 723 724 725 726 727 728 729 730 731 732 733 734]] [49 [735 736 737 738 739 740 742 743 744 745 746 747 748 749]] [50 [750 751 752 753 754 755 756 757 758 759 760 761 762 763 764]] [51 [765 766 767 768 769 770 771 772 773 774 775 776 777 778 779]] [52 [780 781 782 783 784 785 786 787 788 789 790 791 792 793 794]] [53 [795 796 797 798 799 800 801 802 803 804 805 806 807 808 809]] [54 [810 811 812 813 814 815 816 817 818 819 820 821 822 823 824]] [55 [825 826 827 828 829 830 831 832 833 834 835 836 837 838 839]] [56 [840 841 842 843 844 845 846 847 848 849 850 851 852 853 854]] [57 [855 856 857 858 859 860 861 862 863 864 865 866 867 868 869]] [58 [870 871 872 873 875 876 877 878 879 880 881 882 883 884]] [59 [885 886 887 888 889 890 891 892 893 894 895 896 897 898 899]] [60 [900 901 902 903 904 905 906 907 908 909 910 911 912 913 914]] [61 [915 916 917 918 919 920 921 922 923 924 925 926 927 928 929]] [62 [930 931 932 933 934 935 936 937 938 939 940 941 942 943 944]] [63 [945 946 947 948 949 950 951 953 955 956 957 958 959]] [64 [960 961 962 963 964 965 966 967 968 969 970 971 972 973 974]] [65 [975 976 977 978 979 980 981 982 983 984 985 986 987 988 989]] [66 [990 991 992 993 994 995 996 997 998 999 1000 1001 1002 1003 1004]] [67 [1005 1006 1007 1008 1009 1010 1011 1012 1013 1014 1015 1016 1017 1018 1019]] [68 [1020 1021 1022 1023 1024 1025 1026 1027 1028 1029 1030 1031 1032 1033 1034]] [69 [1035 1036 1037 1038 1039 1040 1041 1043 1045 1046 1047 1048]] [70 [1050 1051 1052 1053 1054 1055 1056 1057 1058 1059 1060 1062 1063 1064]] [71 [1065 1067 1068 1069 1070 1071 1072 1073 1074 1075 1076 1077 1078 1079]] [72 [1080 1081 1082 1083 1084 1085 1086 1087 1088 1089 1090 1091 1092 1093 1094]] [73 [1095 1096 1098 1099 1100 1101 1104 1105 1106 1107 1108 1109]] [74 [1110 1111 1112 1113 1114 1115 1116 1118 1119 1120 1121 1122 1123 1124]] [75 [1125 1126 1127 1128 1129 1130 1131 1132 1134 1135 1136 1137 1138 1139]] [76 [1140 1141 1142 1143 1144 1145 1146 1147 1148 1149 1150 1151 1152 1153 1154]] [77 [1155 1156 1157 1158 1160 1161 1162 1163 1164 1165 1166 1167 1168 1169]] [78 [1170 1171 1172 1173 1174 1175 1176 1177 1178 1179 1180 1181 1182 1183 1184]] [79 [1185 1186 1187 1188 1189 1190 1191 1192 1193 1194 1195 1196 1197 1198 1199]] [80 [1200 1201 1202 1203 1204 1205 1206 1207 1208 1209 1210 1211 1212 1213 1214]] [81 [1215 1217 1218 1219 1220 1221 1222 1223 1224 1225 1226 1227 1228 1229]] [82 [1230 1231 1232 1233 1234 1235 1236 1237 1238 1239 1240 1241 1242 1243 1244]] [83 [1245 1246 1247 1248 1249 1250 1251 1252 1253 1254 1255 1256 1257 1258 1259]] [84 [1260 1261 1262 1263 1264 1265 1266 1267 1268 1269 1270 1271 1272 1273 1274]] [85 [1275 1276 1277 1278 1279 1280 1281 1282 1283 1284 1285 1286 1287 1288 1289]] [86 [1290 1291 1292 1293 1294 1295 1296 1297 1298 1299 1300 1301 1302 1303 1304]] [87 [1305 1306 1307 1308 1309 1310 1311 1312 1313 1314 1315 1316 1317 1318 1319]] [88 [1320 1321 1322 1323 1324 1325 1326 1327 1328 1330 1331 1332 1333 1334]] [89 [1335 1336 1337 1338 1339 1340 1341 1342 1343 1344 1345 1346 1347 1348 1349]] [90 [1350 1351 1352 1353 1354 1355 1356 1357 1358 1359 1360 1361 1362 1363 1364]] [91 [1365 1366 1367 1368 1369 1370 1371 1372 1373 1374 1375 1376 1377 1378 1379]] [92 [1380 1381 1382 1383 1384 1385 1386 1387 1388 1389 1390 1391 1392 1393 1394]] [93 [1395 1396 1397 1398 1399 1400 1401 1402 1403 1404 1405 1406 1407 1408 1409]] [94 [1410 1411 1412 1413 1414 1415 1416 1417 1418 1419 1420 1421 1422 1423 1424]] [95 [1425 1426 1427 1428 1429 1430 1431 1432 1433 1434 1435 1436 1437 1438 1439]] [96 [1440 1441 1442 1444 1445 1446 1447 1448 1449 1450 1451 1452 1453 1454]] [97 [1455 1456 1457 1458 1459 1460 1461 1462 1463 1464 1465 1466 1467 1468 1469]] [98 [1470 1471 1472 1473 1474 1475 1476 1477 1478 1479 1480 1482 1483]] [99 [1485 1486 1487 1490 1491 1492 1493 1494 1495 1496 1497 1498 1499]]]","[[0 [0 5 9 12]] [1 [16 17 18 19 24 28 29]] [2 [31 32 33 37 38 41 42]] [3 [45 46 51 52 56 58]] [4 [60 63 64 67 69 70 74]] [5 [75 76 78 80 82 83 84 85 88]] [6 [91 92 93 96 98 99 100 101 102]] [7 [111 112 113 115 119]] [8 [122 124 125 127 128 129 132 134]] [9 [137 138 144 149]] [10 [150 154 155 156 159 161 162 163]] [11 [167 168 171 173 175 177 178 179]] [12 [181 182 183 184 186 187 188 190 192]] [13 [195 197 199 200 205 207 208]] [14 [210 211 213 214 216 218 219 221 224]] [15 [226 228 229 231 232 233 235 236 237 239]] [16 [241 243 244 247 251 254]] [17 [255 258 259 261 266 267]] [18 [270 271 274 276 280 281 282 284]] [19 [285 286 287 288 290 293 295 297]] [20 [301 302 303 304 305 306 309 310 312 313 314]] [21 [316 318 319 320 321 322 326 329]] [22 [330 331 332 333 335 336 338 340 343 344]] [23 [345 346 348 349 352 355 358]] [24 [360 364 366 367 369 372 373]] [25 [377 379 385 386 388]] [26 [393 397 399 400 401 402 404]] [27 [405 406 409 410 412 414 419]] [28 [421 422 424 430 432 434]] [29 [435 437 441 442 443 445 446 448]] [30 [450 451 452 453 455 458 459 461 464]] [31 [465 467 469 470 471 474 475]] [32 [480 485 486 487 488 489]] [33 [495 496 497 498 499 501 502 507]] [34 [510 512 513 516 517 523]] [35 [525 530 531 533 537 538 539]] [36 [540 541 542 543 545 546 551]] [37 [556 558 559 561 562 565 566]] [38 [575 576 577 578 582]] [39 [587 589 591 594 597]] [40 [601 602 605 606 607 608 612 613]] [41 [616 618 620 621 624 625 627]] [42 [631 632 633 635 636 639 640 642 643]] [43 [645 647 650 651 655 656]] [44 [661 664 665 667 669 671 673]] [45 [676 677 683 684 685 686 689]] [46 [690 691 692 698 700 701 702 703]] [47 [708 710 712 715 716 717]] [48 [724 725 729]] [49 [737 742 743 744 745 747 748 749]] [50 [752 753 755 759 760 763]] [51 [765 767 768 769 770 776]] [52 [783 785 786 788]] [53 [795 796 797 802 803 804 805 806]] [54 [813 816 817 818 824]] [55 [826 827 828 830 833 834 838]] [56 [840 841 843 845 849 850 851 853 854]] [57 [855 856 857 859 860 862 863 865 868]] [58 [870 871 872 873 878 879 881 882]] [59 [885 886 887 889 893 895 896 898 899]] [60 [901 904 905 907 910 911 912 913 914]] [61 [918 921 922 925 926 928 929]] [62 [930 932 936 939 941 942 943 944]] [63 [946 948 949 950 955 959]] [64 [960 962 966 973 974]] [65 [975 978 982 983 984 985 986]] [66 [991 994 995 996 997 999 1001]] [67 [1006 1009 1010 1011 1012 1014 1015]] [68 [1020 1022 1024 1026 1029 1030 1033]] [69 [1035 1037 1038 1039 1040 1046 1047]] [70 [1050 1056 1058 1059 1063 1064]] [71 [1065 1069 1071 1072 1078 1079]] [72 [1080 1081 1082 1083 1084 1086 1089 1091 1092 1094]] [73 [1095 1096 1098 1099 1100 1101 1104 1107 1108 1109]] [74 [1111 1113 1115 1118 1120 1124]] [75 [1130 1131 1132 1134 1135 1136 1138]] [76 [1140 1142 1143 1147 1149 1153]] [77 [1155 1156 1157 1160 1162 1164 1165 1166 1168 1169]] [78 [1174 1176 1177 1181]] [79 [1189 1190 1192 1193 1194 1199]] [80 [1200 1201 1204 1206 1208 1210 1212 1213]] [81 [1215 1218 1219 1220 1221 1222 1223 1224 1225 1229]] [82 [1234 1235 1236 1238 1239 1240 1243 1244]] [83 [1245 1248 1249 1250 1255 1259]] [84 [1264 1265 1266 1271 1273]] [85 [1279 1281 1288 1289]] [86 [1292 1293 1294 1296 1302 1303 1304]] [87 [1306 1307 1310 1313 1314 1315 1316]] [88 [1320 1326 1328 1330 1331 1334]] [89 [1337 1338 1342 1344 1345 1348]] [90 [1350 1351 1353 1354 1357 1358 1363]] [91 [1365 1366 1370 1371 1372 1374 1375 1377]] [92 [1381 1383 1384 1385 1386 1390]] [93 [1395 1397 1398 1404 1406 1409]] [94 [1410 1412 1413 1414 1415 1417 1420 1421]] [95 [1425 1430 1432 1433 1437 1439]] [96 [1440 1441 1446 1447 1448 1449 1450 1454]] [97 [1455 1456 1458 1460 1461 1463 1464 1467]] [98 [1470 1471 1472 1473 1474 1475 1479]] [99 [1486 1487 1490 1491 1494 1495 1496 1499]]]",,"[[{media 51} [[""A"" [3 3]]]] [{media 52} [[""A"" [3 3]]]] [{media 53} [[""A"" [1 1]]]] [{media 55} [[""A"" [2 2]]]] [{media 56} [[""A"" [5 5]]]] [{media 57} [[""A"" [1 1]]]] [{media 59} [[""A"" [6 6]]]] [{media 61} [[""A"" [0 0]]]] [{media 62} [[""A"" [4 4]]]] [{media 63} [[""A"" [5 5]]]] [{media 64} [[""A"" [5 5]]]] [{citizen 1} [[""A"" [5 5]]]] [{citizen 4} [[""A"" [5 5]]]] [{citizen 6} [[""A"" [0 1]]]] [{citizen 17} [[""A"" [2 0]]]] [{media 60} [[""A"" [3 3]]]] [{citizen 5} [[""A"" [5 5]]]] [{citizen 14} [[""A"" [3 5]]]] [{citizen 0} [[""A"" [0 0]]]] [{citizen 3} [[""A"" [0 1]]]] [{media 58} [[""A"" [4 4]]]] [{citizen 26} [[""A"" [4 5]]]] [{citizen 36} [[""A"" [4 5]]]] [{citizen 27} [[""A"" [0 1]]]] [{citizen 22} [[""A"" [4 5]]]] [{citizen 48} [[""A"" [0 1]]]] [{citizen 12} [[""A"" [1 0]]]] [{citizen 47} [[""A"" [1 0]]]] [{citizen 39} [[""A"" [0 1]]]] [{citizen 7} [[""A"" [5 5]]]] [{citizen 13} [[""A"" [4 5]]]] [{citizen 35} [[""A"" [4 4]]]] [{citizen 11} [[""A"" [4 5]]]] [{citizen 34} [[""A"" [0 0]]]] [{citizen 49} [[""A"" [3 0]]]] [{citizen 25} [[""A"" [1 0]]]] [{citizen 37} [[""A"" [0 0]]]] [{citizen 8} [[""A"" [0 0]]]] [{citizen 2} [[""A"" [0 0]]]] [{citizen 31} [[""A"" [3 0]]]] [{citizen 45} [[""A"" [2 0]]]] [{citizen 19} [[""A"" [0 1]]]] [{citizen 42} [[""A"" [4 5]]]] [{media 54} [[""A"" [0 0]]]] [{media 50} [[""A"" [0 0]]]] [{citizen 28} [[""A"" [5 5]]]] [{citizen 44} [[""A"" [5 5]]]] [{citizen 15} [[""A"" [0 1]]]] [{citizen 18} [[""A"" [4 5]]]] [{citizen 16} [[""A"" [5 3]]]] [{citizen 46} [[""A"" [0 1]]]] [{citizen 41} [[""A"" [5 5]]]] [{citizen 9} [[""A"" [5 5]]]] [{citizen 43} [[""A"" [0 0]]]] [{citizen 30} [[""A"" [0 0]]]] [{citizen 20} [[""A"" [0 1]]]] [{citizen 23} [[""A"" [1 0]]]] [{citizen 21} [[""A"" [5 5]]]] [{citizen 33} [[""A"" [3 5]]]] [{citizen 29} [[""A"" [0 0]]]] [{citizen 38} [[""A"" [5 3]]]] [{citizen 24} [[""A"" [4 5]]]] [{citizen 10} [[""A"" [0 1]]]] [{citizen 32} [[""A"" [5 5]]]]]"
"41","[43 0 212]","334.2857142857141","-1.8355181026731746","5.631684510457708","""circle""","""""","9.9","{breed citizens}","false","0.5","1","""up""",,"[[""ID"" 18] [""alpha"" 1] [""beta"" 1] [""malleable"" [""A""]] [""prior"" []] [""cont_tokens"" []] [""A"" 5]]","[[0 [0 1 2 3 4 6 7 8 9 10 11 12 13 14]] [1 [16 19 20 21 22 23 24 25 26 27 28 29]] [2 [30 31 32 33 34 35 36 37 38 39 40 41 42 43 44]] [3 [45 46 47 48 49 50 51 52 53 54 55 56 57 58 59]] [4 [60 61 62 63 64 65 66 67 68 69 70 71 72 73 74]] [5 [75 76 77 78 79 80 81 82 83 84 85 86 87 88 89]] [6 [90 91 92 93 94 95 96 97 98 99 100 101 102 103 104]] [7 [105 106 107 108 109 110 111 112 113 114 115 116 119]] [8 [120 121 122 123 124 125 127 128 129 132 134]] [9 [135 137 138 139 140 142 144 145 146 147 148 149]] [10 [150 151 152 153 154 155 156 158 159 160 161 162 163 164]] [11 [165 166 167 168 169 170 171 172 173 174 175 176 177 178 179]] [12 [180 181 182 183 184 185 186 187 188 189 190 191 192 193 194]] [13 [195 196 197 198 199 200 201 203 205 207 208 209]] [14 [210 211 212 213 214 216 218 219 221 222 223 224]] [15 [225 226 227 228 229 231 232 233 234 235 236 237 238 239]] [16 [240 241 242 243 244 245 246 247 248 249 250 251 252 253 254]] [17 [255 256 257 258 259 260 261 262 263 264 265 266 267 268 269]] [18 [270 271 272 273 274 275 276 277 278 279 280 281 282 283 284]] [19 [285 286 287 288 289 290 291 292 293 294 295 296 297 298 299]] [20 [300 301 302 303 304 305 306 307 308 309 310 311 312 313 314]] [21 [315 316 317 318 319 320 321 322 323 324 325 326 327 328 329]] [22 [330 331 332 333 334 335 336 337 338 339 340 341 342 343 344]] [23 [345 346 347 348 349 350 351 352 353 354 355 356 357 358 359]] [24 [360 361 362 363 364 365 366 367 368 369 370 371 372 373 374]] [25 [375 376 377 378 379 380 381 382 383 384 385 386 387 388 389]] [26 [390 391 392 393 394 395 396 397 398 399 400 401 402 403 404]] [27 [405 406 407 408 409 410 411 412 413 414 415 416 417 418 419]] [28 [420 421 422 423 424 425 427 428 429 430 431 432 433 434]] [29 [435 436 437 438 439 440 441 442 443 444 445 446 447 448 449]] [30 [450 451 452 453 454 455 456 457 458 459 460 461 462 463 464]] [31 [465 466 467 468 469 470 471 472 473 474 475 476 477 478 479]] [32 [480 481 482 485 486 487 488 489 490 491 492]] [33 [495 496 497 498 499 500 501 502 503 504 505 506 507 508 509]] [34 [510 511 512 513 514 515 516 517 518 519 520 521 522 523 524]] [35 [525 526 527 528 529 530 531 532 533 534 535 536 537 538 539]] [36 [540 541 542 543 544 545 546 547 548 549 550 551 552 553 554]] [37 [555 556 557 558 559 561 562 563 564 565 566]] [38 [570 571 572 573 574 575 576 577 578 579 581 582]] [39 [586 587 589 590 591 594 596 597 598]] [40 [600 601 602 603 604 605 606 607 608 609 612 613 614]] [41 [615 616 617 618 619 620 621 622 623 624 625 626 627 628 629]] [42 [630 631 632 633 634 635 636 637 638 639 640 641 642 643 644]] [43 [645 647 649 650 651 652 653 654 655 656 657 658 659]] [44 [660 661 662 663 664 665 666 667 668 669 670 671 672 673 674]] [45 [676 677 678 679 680 681 682 683 684 685 686 687 688 689]] [46 [690 691 692 693 694 695 696 697 698 699 700 701 702 703 704]] [47 [705 706 707 708 709 710 711 712 713 714 715 716 717 718 719]] [48 [720 721 722 723 724 725 726 727 728 729 730 731 732 733 734]] [49 [735 736 737 738 739 740 742 743 744 745 746 747 748 749]] [50 [750 751 752 753 754 755 756 757 758 759 760 761 762 763 764]] [51 [765 766 767 768 769 770 771 772 773 774 775 776 777 778 779]] [52 [780 781 782 783 784 785 786 787 788 789 790 791 792 793 794]] [53 [795 796 797 798 799 800 801 802 803 804 805 806 807 808 809]] [54 [810 811 812 813 814 815 816 817 818 819 820 821 822 823 824]] [55 [825 826 827 828 829 830 831 833 834 835 836 837 838 839]] [56 [840 841 842 843 844 845 846 847 848 849 850 851 852 853 854]] [57 [855 856 857 858 859 860 861 862 863 864 865 866 867 868 869]] [58 [870 871 872 873 874 875 876 877 878 879 880 881 882 883 884]] [59 [885 886 887 888 889 890 891 892 893 894 895 896 898 899]] [60 [900 901 902 903 904 905 906 907 908 909 910 911 912 913 914]] [61 [915 916 917 918 919 920 921 922 923 924 925 926 927 928 929]] [62 [930 931 932 933 934 935 936 937 938 939 940 941 942 943 944]] [63 [945 946 947 948 949 950 951 952 953 954 955 956 957 958 959]] [64 [960 961 962 963 964 965 966 967 968 969 970 971 972 973 974]] [65 [975 976 977 978 979 980 981 982 983 984 985 986 987 988 989]] [66 [990 991 992 993 994 995 996 997 998 999 1000 1001 1002 1003 1004]] [67 [1005 1006 1007 1008 1009 1010 1011 1012 1013 1014 1015 1016 1017 1018 1019]] [68 [1020 1021 1022 1023 1024 1025 1026 1027 1028 1029 1030 1031 1032 1033]] [69 [1035 1036 1037 1038 1039 1040 1041 1043 1045 1046 1047 1048]] [70 [1050 1051 1052 1053 1054 1055 1056 1057 1058 1059 1060 1062 1063 1064]] [71 [1065 1066 1067 1068 1069 1070 1071 1072 1073 1074 1075 1076 1077 1078 1079]] [72 [1080 1081 1082 1083 1084 1085 1086 1087 1088 1089 1090 1091 1092 1093 1094]] [73 [1095 1096 1097 1098 1099 1100 1101 1102 1103 1104 1105 1106 1107 1108 1109]] [74 [1110 1111 1112 1113 1114 1115 1116 1118 1119 1120 1121 1122 1123 1124]] [75 [1125 1126 1127 1128 1129 1130 1131 1132 1134 1135 1136 1137 1138 1139]] [76 [1140 1141 1142 1143 1144 1145 1146 1147 1148 1149 1150 1151 1152 1153 1154]] [77 [1155 1156 1157 1158 1159 1160 1161 1162 1163 1164 1165 1166 1167 1168 1169]] [78 [1170 1171 1172 1173 1174 1175 1176 1177 1178 1179 1180 1181 1182 1183 1184]] [79 [1185 1186 1187 1188 1189 1190 1191 1192 1193 1194 1195 1196 1197 1198 1199]] [80 [1200 1201 1202 1203 1204 1205 1206 1207 1208 1209 1210 1211 1212 1213 1214]] [81 [1215 1217 1218 1219 1220 1221 1222 1223 1224 1225 1226 1227 1228 1229]] [82 [1230 1231 1232 1233 1234 1235 1236 1237 1238 1239 1240 1241 1242 1243 1244]] [83 [1245 1246 1247 1248 1249 1250 1251 1252 1253 1254 1255 1256 1257 1258 1259]] [84 [1260 1261 1262 1263 1264 1265 1266 1267 1268 1269 1270 1271 1272 1273 1274]] [85 [1275 1276 1277 1280 1281 1282 1283 1284 1285 1286 1287 1288 1289]] [86 [1290 1291 1292 1293 1294 1296 1297 1298 1299 1300 1301 1302 1303 1304]] [87 [1305 1306 1307 1308 1309 1310 1311 1312 1313 1314 1315 1316 1317 1318 1319]] [88 [1320 1321 1322 1323 1324 1325 1326 1327 1328 1330 1331 1332 1333 1334]] [89 [1335 1336 1337 1338 1339 1340 1341 1342 1343 1344 1345 1346 1347 1348 1349]] [90 [1350 1351 1352 1353 1354 1355 1356 1357 1358 1359 1360 1361 1362 1363 1364]] [91 [1365 1366 1368 1369 1370 1371 1372 1373 1374 1375 1376 1377 1378 1379]] [92 [1380 1381 1382 1383 1384 1385 1386 1387 1388 1389 1390 1391 1392 1393 1394]] [93 [1395 1396 1397 1398 1399 1400 1401 1402 1403 1404 1405 1406 1407 1408 1409]] [94 [1410 1411 1412 1413 1414 1415 1416 1417 1418 1419 1420 1421 1422 1423 1424]] [95 [1425 1426 1428 1429 1430 1431 1432 1433 1434 1435 1436 1437 1438 1439]] [96 [1440 1441 1442 1444 1445 1446 1447 1448 1449 1450 1451 1452 1453 1454]] [97 [1455 1456 1457 1458 1459 1460 1461 1462 1463 1464 1465 1466 1467 1468 1469]] [98 [1470 1471 1472 1473 1474 1475 1476 1477 1478 1479 1480 1483]] [99 [1485 1486 1487 1488 1489 1490 1491 1492 1493 1494 1495 1496 1497 1498 1499]]]","[[0 [1 4 6 8 11 12]] [1 [16 19 20 23 27]] [2 [31 32 33 35 36 40 43 44]] [3 [47 48 49 50 51 52 56 58]] [4 [61 62 63 64 66 69 70 73 74]] [5 [75 76 78 80 81 82 83 84 87]] [6 [90 91 92 93 96 98 99 100 101 102]] [7 [111 112 113 115 116 119]] [8 [122 124 125 127 128 129 132 134]] [9 [137 139 140 142 144 145 147 148]] [10 [150 154 155 156 159 161 162 164]] [11 [165 166 167 168 171 173 177 178 179]] [12 [180 182 183 184 186 187 188]] [13 [195 196 197 199 200 203 205 207 208]] [14 [210 211 212 218 219 221 222 223]] [15 [225 227 228 229 231 232 233 235 236 237 239]] [16 [241 243 244 248 249 251 252]] [17 [257 260 262 263 264 265 266 267]] [18 [270 271 274 275 281 282 284]] [19 [286 289 291 292 296 298]] [20 [300 308 310 311 312 313]] [21 [316 318 319 320 321 322 323 324 329]] [22 [330 331 332 333 335 336 338]] [23 [345 346 348 349 352 355 358 359]] [24 [360 364 366 367 368 372 373]] [25 [377 379 382 383 384 387 388]] [26 [393 397 399 400 401 402 404]] [27 [405 406 409 410 412 414 419]] [28 [421 422 424 430 431 433]] [29 [435 437 441 442 443 445 446 448]] [30 [450 451 453 456 457 459 461 464]] [31 [465 467 470 471 474 475]] [32 [480 485 486 487 488 489 492]] [33 [496 497 498 499 501 502 507 509]] [34 [510 512 513 516 517 519 521 522]] [35 [526 528 529 532 534 536 539]] [36 [540 541 542 543 545 546 551]] [37 [556 561 562 563 564 565 566]] [38 [575 576 577 578 582]] [39 [587 589 591 594 598]] [40 [600 601 602 605 606 607 608 612 613]] [41 [616 621 624 625 627]] [42 [632 633 635 636 640 642 643]] [43 [645 647 649 650 651 655 656 659]] [44 [660 662 663 664 665 667 668 669 671 673]] [45 [676 677 683 686 688 689]] [46 [690 691 692 694 699 700 703]] [47 [706 707 709 710 712 715 717]] [48 [724 725 732 733 734]] [49 [735 738 739 746 747 748 749]] [50 [750 752 753 756 757 761 764]] [51 [766 767 768 769 770 776 777 779]] [52 [782 783 785 786 787 789 790 792 793 794]] [53 [796 797 802 803 805 806 808]] [54 [811 814 815 819 821]] [55 [829 830 831 833 834 838 839]] [56 [841 843 845 849 850 851 853 854]] [57 [855 856 857 859 866 867]] [58 [874 876 877 879 882]] [59 [885 886 887 889 893 895 896 898]] [60 [902 903 908 909 911 912 913]] [61 [915 917 919 924 926 928 929]] [62 [930 932 934 936 939 941]] [63 [945 947 950 955 959]] [64 [963 967 968 969 970 971 972]] [65 [976 979 980 984 985 986 988]] [66 [992 993 998 1000 1002 1003 1004]] [67 [1005 1006 1009 1013 1016 1019]] [68 [1021 1023 1025 1027 1029 1030 1031 1033]] [69 [1035 1037 1038 1039 1040 1046 1047]] [70 [1050 1056 1058 1059 1063 1064]] [71 [1065 1069 1070 1071 1072 1078 1079]] [72 [1080 1081 1082 1085 1087 1088 1089 1091 1092 1094]] [73 [1095 1099 1100 1101 1104 1105 1108]] [74 [1110 1112 1114 1116 1118 1120 1124]] [75 [1130 1131 1137 1138]] [76 [1140 1142 1143 1147 1149 1153]] [77 [1155 1156 1157 1160 1162 1164 1165 1166 1168 1169]] [78 [1171 1172 1176 1178 1180 1182 1184]] [79 [1185 1187 1188 1190 1192 1193 1194 1198 1199]] [80 [1200 1201 1204 1206 1208 1210 1211 1212 1213 1214]] [81 [1215 1218 1219 1220 1221 1222 1223 1224 1225 1229]] [82 [1232 1233 1234 1235 1236 1238 1239 1240 1243 1244]] [83 [1245 1246 1252 1253 1254]] [84 [1260 1262 1263 1267 1269 1270 1274]] [85 [1275 1276 1277 1284 1285 1287]] [86 [1291 1296 1302 1303 1304]] [87 [1306 1308 1310 1313 1314 1315 1316]] [88 [1320 1322 1323 1324 1325 1327 1330 1331 1334]] [89 [1337 1338 1340 1343 1346]] [90 [1350 1351 1353 1354 1357 1358 1359 1361]] [91 [1368 1369 1370 1371 1374 1375 1376 1377]] [92 [1380 1381 1383 1384 1385 1386 1387 1388 1390]] [93 [1395 1396 1401 1403 1405 1407 1409]] [94 [1411 1416 1419 1423 1424]] [95 [1426 1428 1429 1435 1438]] [96 [1440 1441 1442 1444 1445 1450 1453 1454]] [97 [1455 1457 1459 1463 1464 1467 1469]] [98 [1470 1471 1472 1473 1474 1475 1479 1480 1483]] [99 [1485 1486 1487 1490 1491 1494 1495 1496]]]",,"[[{citizen 42} [[""A"" [2 1]]]] [{media 51} [[""A"" [3 3]]]] [{media 52} [[""A"" [3 3]]]] [{media 53} [[""A"" [1 1]]]] [{media 54} [[""A"" [0 0]]]] [{media 55} [[""A"" [2 2]]]] [{media 57} [[""A"" [1 1]]]] [{media 59} [[""A"" [6 6]]]] [{media 61} [[""A"" [0 0]]]] [{media 63} [[""A"" [5 5]]]] [{media 64} [[""A"" [5 5]]]] [{citizen 0} [[""A"" [1 0]]]] [{citizen 31} [[""A"" [0 0]]]] [{citizen 1} [[""A"" [4 5]]]] [{citizen 4} [[""A"" [5 5]]]] [{citizen 6} [[""A"" [0 1]]]] [{citizen 17} [[""A"" [1 0]]]] [{media 56} [[""A"" [5 5]]]] [{citizen 14} [[""A"" [5 3]]]] [{media 50} [[""A"" [0 0]]]] [{citizen 2} [[""A"" [1 0]]]] [{citizen 3} [[""A"" [0 1]]]] [{media 62} [[""A"" [4 4]]]] [{media 58} [[""A"" [4 4]]]] [{citizen 36} [[""A"" [2 3]]]] [{citizen 5} [[""A"" [2 4]]]] [{citizen 27} [[""A"" [0 1]]]] [{citizen 22} [[""A"" [1 5]]]] [{citizen 48} [[""A"" [1 0]]]] [{citizen 12} [[""A"" [1 0]]]] [{citizen 47} [[""A"" [1 0]]]] [{citizen 38} [[""A"" [5 3]]]] [{citizen 25} [[""A"" [1 0]]]] [{citizen 40} [[""A"" [1 3]]]] [{citizen 24} [[""A"" [4 5]]]] [{citizen 20} [[""A"" [2 1]]]] [{citizen 9} [[""A"" [4 5]]]] [{citizen 10} [[""A"" [1 0]]]] [{citizen 7} [[""A"" [1 4]]]] [{citizen 46} [[""A"" [0 1]]]] [{citizen 37} [[""A"" [0 0]]]] [{citizen 8} [[""A"" [0 0]]]] [{citizen 45} [[""A"" [1 3]]]] [{citizen 49} [[""A"" [1 1]]]] [{citizen 19} [[""A"" [0 1]]]] [{citizen 11} [[""A"" [3 2]]]] [{citizen 39} [[""A"" [0 1]]]] [{citizen 26} [[""A"" [4 5]]]] [{media 60} [[""A"" [3 3]]]] [{citizen 28} [[""A"" [5 3]]]] [{citizen 44} [[""A"" [5 5]]]] [{citizen 21} [[""A"" [5 3]]]] [{citizen 35} [[""A"" [4 3]]]] [{citizen 32} [[""A"" [4 5]]]] [{citizen 15} [[""A"" [1 0]]]] [{citizen 18} [[""A"" [4 5]]]] [{citizen 16} [[""A"" [5 3]]]] [{citizen 13} [[""A"" [1 4]]]] [{citizen 33} [[""A"" [1 0]]]] [{citizen 34} [[""A"" [1 0]]]] [{citizen 30} [[""A"" [1 0]]]] [{citizen 43} [[""A"" [0 0]]]] [{citizen 23} [[""A"" [1 0]]]] [{citizen 29} [[""A"" [0 0]]]]]"
"42","[128 0 127]","105.52875695732838","13.339467809943452","-3.478880239264927","""circle""","""""","9.9","{breed citizens}","false","0.5","1","""up""",,"[[""ID"" 14] [""alpha"" 1] [""beta"" 1] [""malleable"" [""A""]] [""prior"" []] [""cont_tokens"" []] [""A"" 3]]","[[0 [0 1 2 3 4 5 6 7 8 10 11 12]] [1 [16 18 19 20 21 22 23 24 25 26 27 28 29]] [2 [30 31 32 33 34 35 36 37 38 39 40 41 42 43 44]] [3 [45 46 47 48 49 50 51 52 53 54 55 56 57 58 59]] [4 [60 61 62 63 64 65 66 67 68 69 70 71 72 73 74]] [5 [75 76 77 78 79 80 81 82 83 84 85 86 87 88 89]] [6 [90 91 92 93 94 95 96 97 98 99 100 101 102 103 104]] [7 [105 107 109 110 111 112 113 114 115 116 119]] [8 [120 121 122 123 124 125 127 128 129 132 134]] [9 [135 137 138 139 140 142 144 145 146 147 148 149]] [10 [150 151 152 153 154 155 156 158 159 160 161 162 163 164]] [11 [165 166 167 168 169 170 171 172 173 174 175 176 177 178 179]] [12 [180 181 182 183 184 185 186 187 188 189 190 191 192 193 194]] [13 [195 196 197 198 199 200 201 202 203 204 205 206 207 208 209]] [14 [210 211 212 213 214 216 218 219 221 222 223 224]] [15 [225 226 227 228 229 231 232 233 234 235 236 237 238 239]] [16 [240 241 242 243 244 245 246 247 248 249 250 251 252 253 254]] [17 [255 256 257 258 259 260 261 262 263 264 265 266 267 268 269]] [18 [270 271 272 273 274 275 276 277 278 279 280 281 282 283 284]] [19 [285 286 287 288 289 290 291 292 293 294 295 296 297 298 299]] [20 [300 301 302 303 304 305 306 307 308 309 310 311 312 313 314]] [21 [315 316 317 318 319 320 321 322 323 324 325 326 327 328 329]] [22 [330 331 332 333 334 335 336 337 338 339 340 341 342 343 344]] [23 [345 346 347 348 349 350 351 352 353 354 355 356 357 358 359]] [24 [360 361 362 363 364 365 366 367 368 369 370 371 372 373 374]] [25 [375 376 377 378 379 380 381 382 383 384 385 386 387 388 389]] [26 [390 391 392 393 394 395 396 397 398 399 400 401 402 403 404]] [27 [405 406 407 408 409 410 411 412 413 414 415 416 417 418 419]] [28 [420 421 422 423 424 425 426 427 428 429 430 431 432 433 434]] [29 [435 436 437 438 439 440 441 442 443 444 445 446 447 448 449]] [30 [450 451 452 453 454 455 456 457 458 459 460 461 462 463 464]] [31 [465 466 467 468 469 470 471 472 473 474 475 476 477 478 479]] [32 [480 481 482 485 486 487 488 489 490 491 492]] [33 [495 496 497 498 499 500 501 502 503 504 505 506 507 508 509]] [34 [510 511 512 513 514 515 516 517 518 519 520 521 522 523 524]] [35 [525 526 527 528 529 530 531 532 533 534 535 536 537 538 539]] [36 [540 541 542 543 544 545 546 547 548 549 550 551 552 553 554]] [37 [555 556 557 558 559 561 562 563 564 565 566]] [38 [570 571 572 573 574 575 576 577 578 579 581 582]] [39 [586 587 589 590 591 594 596 597 598]] [40 [600 601 602 603 604 605 606 607 608 609 612 613 614]] [41 [615 616 617 618 619 620 621 622 623 624 625 626 627 628 629]] [42 [630 631 632 633 634 635 636 637 638 639 640 641 642 643 644]] [43 [645 646 647 648 649 650 651 652 653 654 655 656 657 658 659]] [44 [660 661 662 663 664 665 667 668 669 670 671 672 673 674]] [45 [675 676 677 678 679 680 681 682 683 684 685 686 687 688 689]] [46 [690 691 692 693 694 695 696 697 698 699 700 701 702 703 704]] [47 [705 706 707 708 709 710 711 712 713 714 715 716 717 718 719]] [48 [720 721 722 723 724 725 727 728 729 730 731 732 733 734]] [49 [735 736 737 738 739 740 742 743 744 745 746 747 748 749]] [50 [750 751 752 753 754 755 756 757 758 759 760 761 762 763 764]] [51 [765 766 767 768 769 770 771 772 773 774 775 776 777 778 779]] [52 [780 781 782 783 784 785 786 787 788 789 790 791 792 793 794]] [53 [795 796 797 798 799 800 801 802 803 804 805 806 807 808 809]] [54 [810 811 812 813 814 815 816 817 818 819 820 821 822 823 824]] [55 [825 826 827 828 829 830 831 833 834 835 836 837 838 839]] [56 [840 841 842 843 844 845 846 847 848 849 850 851 852 853 854]] [57 [855 856 857 858 859 860 862 863 864 865 866 867 868 869]] [58 [870 871 872 873 874 875 876 877 878 879 880 881 882 883 884]] [59 [885 886 887 888 889 890 891 892 893 894 895 896 897 898 899]] [60 [900 901 902 903 904 905 906 907 908 909 910 911 912 913 914]] [61 [915 916 917 918 919 920 921 922 923 924 925 926 927 928 929]] [62 [930 931 932 933 934 935 936 937 938 939 940 941 942 943 944]] [63 [945 946 947 948 949 950 951 952 953 954 955 956 957 958 959]] [64 [960 961 962 963 964 965 966 967 968 969 970 971 972 973 974]] [65 [975 976 977 978 979 980 981 982 983 984 985 986 987 988 989]] [66 [990 991 992 993 994 995 996 997 998 999 1000 1001 1002 1003 1004]] [67 [1005 1006 1007 1008 1009 1010 1011 1012 1013 1014 1015 1016 1017 1018 1019]] [68 [1020 1021 1022 1023 1024 1025 1026 1027 1028 1029 1030 1031 1032 1033 1034]] [69 [1035 1036 1037 1038 1039 1040 1041 1043 1045 1046 1047 1048]] [70 [1050 1051 1052 1053 1054 1055 1056 1057 1058 1059 1060 1062 1063 1064]] [71 [1065 1066 1067 1068 1069 1070 1071 1072 1073 1074 1075 1076 1077 1078 1079]] [72 [1080 1081 1082 1083 1084 1085 1086 1087 1088 1089 1090 1091 1092 1093 1094]] [73 [1095 1096 1098 1099 1100 1101 1104 1105 1106 1107 1108 1109]] [74 [1110 1111 1112 1113 1114 1115 1116 1118 1119 1120 1121 1122 1123 1124]] [75 [1125 1126 1127 1128 1129 1130 1131 1132 1134 1135 1136 1137 1138 1139]] [76 [1140 1141 1142 1143 1144 1145 1146 1147 1148 1149 1150 1151 1152 1153 1154]] [77 [1158 1159 1160 1162 1163 1164 1165 1166 1167 1168 1169]] [78 [1170 1171 1172 1173 1174 1175 1176 1177 1178 1179 1180 1181 1182 1183 1184]] [79 [1185 1186 1187 1188 1189 1190 1191 1192 1193 1194 1195 1196 1197 1198 1199]] [80 [1200 1201 1202 1203 1204 1205 1206 1207 1208 1209 1210 1211 1212 1213 1214]] [81 [1215 1217 1218 1219 1220 1221 1222 1223 1224 1225 1226 1227 1228 1229]] [82 [1230 1231 1232 1233 1234 1235 1236 1237 1238 1239 1240 1241 1242 1243 1244]] [83 [1245 1246 1247 1248 1249 1250 1251 1252 1253 1254 1255 1256 1257 1258 1259]] [84 [1260 1261 1262 1263 1264 1265 1266 1267 1268 1269 1270 1271 1272 1273 1274]] [85 [1275 1276 1277 1280 1281 1282 1283 1284 1285 1286 1287 1288 1289]] [86 [1290 1291 1292 1293 1294 1295 1296 1297 1298 1299 1300 1301 1302 1303 1304]] [87 [1305 1306 1307 1308 1309 1310 1311 1312 1313 1314 1315 1316 1317 1318 1319]] [88 [1320 1321 1322 1323 1324 1325 1326 1327 1328 1330 1331 1332 1333 1334]] [89 [1335 1336 1337 1338 1339 1340 1341 1342 1343 1344 1345 1346 1347 1348 1349]] [90 [1350 1351 1352 1353 1354 1355 1356 1357 1358 1359 1360 1361 1362 1363 1364]] [91 [1365 1366 1367 1368 1369 1370 1371 1372 1373 1374 1375 1376 1377 1378 1379]] [92 [1380 1381 1382 1383 1384 1385 1386 1387 1388 1389 1390 1391 1392 1393 1394]] [93 [1395 1396 1397 1398 1399 1400 1401 1402 1403 1404 1405 1406 1407 1408 1409]] [94 [1410 1411 1412 1413 1414 1415 1416 1417 1418 1419 1420 1421 1422 1423 1424]] [95 [1425 1426 1427 1428 1429 1430 1431 1432 1433 1434 1435 1436 1437 1438 1439]] [96 [1440 1441 1442 1443 1444 1445 1446 1447 1448 1449 1450 1451 1452 1453 1454]] [97 [1455 1456 1457 1458 1459 1460 1461 1462 1463 1464 1465 1466 1467 1468 1469]] [98 [1470 1471 1472 1473 1474 1475 1476 1477 1478 1479 1480 1483]] [99 [1485 1486 1487 1490 1491 1492 1493 1494 1495 1496 1497 1498 1499]]]","[[0 [0 3 5 6 8 11 12]] [1 [16 19 20 23 24 27]] [2 [31 32 33 35 36 40 43 44]] [3 [47 49 51 52 56 57 59]] [4 [60 63 64 67 69 70 73 74]] [5 [75 76 78 80 82 83 84 87 89]] [6 [90 91 92 93 96 98 99 100 101 102]] [7 [111 112 113 114 115 116 119]] [8 [122 124 128 129 132]] [9 [135 139 140 142 144 145 146 147 148]] [10 [154 155 156 158 160 161 162 163]] [11 [166 167 168 171 173 177 178 179]] [12 [182 183 184 186 187 188 194]] [13 [196 197 199 200 203 205 207 208]] [14 [210 211 214 216 219 221 222 223]] [15 [225 227 229 231 233 235 236 237 239]] [16 [241 243 244 245 248 249 251]] [17 [255 256 257 260 262 263 264 265 266 267]] [18 [270 271 274 276 279 280 282 284]] [19 [286 287 289 291 292 294 296 298]] [20 [300 308 309 310 312 313 314]] [21 [316 318 319 320 322 323 326]] [22 [330 331 332 333 335 336 338]] [23 [347 350 353 354 359]] [24 [360 364 366 367 368 369 372 373]] [25 [377 379 383 384 389]] [26 [390 391 392 394 395 396 398 403]] [27 [407 408 413 415 418]] [28 [420 423 425 427 428 429 430 431 433]] [29 [435 437 438 442 443 445 447]] [30 [452 453 456 457 458 459 461 462 463 464]] [31 [465 467 469 470 471 474 475]] [32 [480 485 486 487 488 489 492]] [33 [496 497 498 499 501 502 504 507 509]] [34 [510 512 513 516 517 519 521 522]] [35 [526 528 529 532 535 536 539]] [36 [540 543 545 546 551]] [37 [556 558 559 561 562 563 564 565 566]] [38 [575 576 577 578 581 582]] [39 [586 587 590 591 594 597 598]] [40 [600 601 602 605 606 607 608 612 613]] [41 [615 617 619 622 626 627]] [42 [630 634 635 636 640 643]] [43 [645 647 652 653 657 659]] [44 [660 662 663 664 665 668 669 671 673]] [45 [676 677 678 679 680 682 687 688]] [46 [690 691 692 694 699 700 703 704]] [47 [711 713 714 718 719]] [48 [720 721 722 723 724 725 727 728 730 731 732 733 734]] [49 [735 738 739 740 743 744 745 747 748 749]] [50 [750 752 754 756 757 761 764]] [51 [766 767 769 770 773 774 775 776]] [52 [782 783 785 786 787 791 792 793 794]] [53 [796 797 802 803 805 806 808]] [54 [811 814 815 819 821]] [55 [829 830 833 836 837]] [56 [842 844 846 850 851 852]] [57 [855 856 857 859 863 865 868]] [58 [870 871 872 873 880]] [59 [888 891 892 893 894]] [60 [900 902 903 908 909 911 912 913]] [61 [915 917 919 924 926 928]] [62 [930 932 936 939 940 941]] [63 [945 947 949 950 951 953 956]] [64 [961 964 965 968 969 970 971 972]] [65 [976 977 979 980 984 985 986 988]] [66 [992 993 998 1000 1002 1003 1004]] [67 [1005 1006 1009 1010 1011 1012 1014 1015]] [68 [1020 1022 1024 1026 1027 1029 1030 1031 1033]] [69 [1035 1037 1038 1039 1040 1043 1046 1047]] [70 [1051 1052 1053 1054 1056 1058 1059 1062 1063 1064]] [71 [1065 1069 1070 1071 1072 1074 1075 1076]] [72 [1081 1082 1083 1086 1090 1092 1094]] [73 [1095 1099 1100 1101 1104 1105 1108 1109]] [74 [1111 1115 1118 1119 1123]] [75 [1125 1126 1127 1128 1129 1130 1132 1134 1135 1136 1138]] [76 [1140 1142 1144 1145 1146 1148 1150 1151 1152 1154]] [77 [1158 1165 1166 1167]] [78 [1170 1171 1172 1174 1176 1177 1181]] [79 [1186 1188 1189 1190 1192 1193 1194 1198 1199]] [80 [1200 1204 1206 1208 1210 1211 1212 1213 1214]] [81 [1215 1218 1219 1220 1222 1223 1224 1225]] [82 [1230 1231 1240 1243 1244]] [83 [1245 1246 1251 1252 1253 1254]] [84 [1260 1262 1263 1267 1269 1270 1274]] [85 [1275 1276 1277 1280 1282 1286 1289]] [86 [1292 1293 1294 1296 1300 1302 1303 1304]] [87 [1306 1307 1310 1313 1314 1315 1316 1319]] [88 [1321 1323 1324 1325 1330 1331 1334]] [89 [1337 1338 1339 1342 1347 1349]] [90 [1352 1355 1356 1358 1364]] [91 [1366 1370 1371 1372 1374 1375 1378]] [92 [1380 1381 1382 1389 1391 1392 1394]] [93 [1397 1398 1403 1405 1407 1408]] [94 [1410 1412 1413 1414 1415 1417 1420 1421]] [95 [1425 1430 1432 1433 1436 1437]] [96 [1442 1444 1445 1450 1452 1453 1454]] [97 [1455 1457 1459 1464 1467 1469]] [98 [1470 1471 1472 1473 1474 1475 1479]] [99 [1486 1487 1490 1491 1494 1495 1496 1499]]]",,"[[{media 54} [[""A"" [0 0]]]] [{media 57} [[""A"" [1 1]]]] [{media 59} [[""A"" [6 6]]]] [{media 61} [[""A"" [0 0]]]] [{media 63} [[""A"" [5 5]]]] [{media 64} [[""A"" [5 5]]]] [{media 51} [[""A"" [3 3]]]] [{citizen 0} [[""A"" [1 0]]]] [{citizen 5} [[""A"" [4 5]]]] [{citizen 28} [[""A"" [5 3]]]] [{citizen 31} [[""A"" [5 4]]]] [{citizen 41} [[""A"" [5 5]]]] [{media 55} [[""A"" [2 2]]]] [{media 60} [[""A"" [3 3]]]] [{citizen 2} [[""A"" [0 0]]]] [{media 53} [[""A"" [1 1]]]] [{media 56} [[""A"" [5 5]]]] [{citizen 12} [[""A"" [1 0]]]] [{media 50} [[""A"" [0 0]]]] [{citizen 36} [[""A"" [4 5]]]] [{citizen 4} [[""A"" [5 5]]]] [{citizen 27} [[""A"" [3 1]]]] [{citizen 1} [[""A"" [4 5]]]] [{citizen 6} [[""A"" [1 0]]]] [{citizen 22} [[""A"" [4 5]]]] [{citizen 48} [[""A"" [1 0]]]] [{citizen 47} [[""A"" [0 1]]]] [{citizen 38} [[""A"" [5 3]]]] [{media 62} [[""A"" [4 4]]]] [{citizen 13} [[""A"" [4 5]]]] [{citizen 17} [[""A"" [2 0]]]] [{citizen 3} [[""A"" [1 1]]]] [{citizen 35} [[""A"" [4 3]]]] [{citizen 11} [[""A"" [4 5]]]] [{citizen 34} [[""A"" [2 1]]]] [{citizen 14} [[""A"" [5 3]]]] [{citizen 49} [[""A"" [1 0]]]] [{media 52} [[""A"" [3 3]]]] [{citizen 25} [[""A"" [4 1]]]] [{citizen 40} [[""A"" [5 3]]]] [{citizen 24} [[""A"" [4 5]]]] [{citizen 20} [[""A"" [4 2]]]] [{citizen 9} [[""A"" [4 5]]]] [{citizen 10} [[""A"" [0 0]]]] [{citizen 7} [[""A"" [4 5]]]] [{citizen 46} [[""A"" [0 1]]]] [{citizen 37} [[""A"" [4 2]]]] [{citizen 8} [[""A"" [2 1]]]] [{citizen 45} [[""A"" [0 3]]]] [{citizen 19} [[""A"" [0 1]]]] [{citizen 39} [[""A"" [0 1]]]] [{citizen 26} [[""A"" [4 5]]]] [{citizen 44} [[""A"" [5 5]]]] [{citizen 21} [[""A"" [5 3]]]] [{citizen 32} [[""A"" [4 5]]]] [{citizen 15} [[""A"" [2 1]]]] [{citizen 18} [[""A"" [5 5]]]] [{citizen 33} [[""A"" [4 1]]]] [{citizen 16} [[""A"" [5 3]]]] [{citizen 30} [[""A"" [1 0]]]] [{citizen 43} [[""A"" [0 0]]]] [{citizen 29} [[""A"" [1 0]]]] [{citizen 23} [[""A"" [1 1]]]] [{media 58} [[""A"" [4 4]]]]]"
"43","[255 0 0]","341.63265306122435","-2.2624473795908004","7.06416963430849","""circle""","""""","9.9","{breed citizens}","false","0.5","1","""up""",,"[[""ID"" 42] [""alpha"" 1] [""beta"" 1] [""malleable"" [""A""]] [""prior"" []] [""cont_tokens"" []] [""A"" 0]]","[[0 [0 3 4 5 6 7 8 9 10 12 13 14]] [1 [15 16 17 18 19 20 23 24 27 29]] [2 [30 31 32 33 34 35 36 37 38 39 40 41 42 43 44]] [3 [45 46 47 48 49 50 51 52 53 54 55 56 57 58 59]] [4 [60 61 62 63 64 65 66 67 68 69 70 71 72 73 74]] [5 [75 76 77 78 79 80 81 82 83 84 85 86 87 88 89]] [6 [90 91 92 93 94 95 96 97 98 99 100 101 102 103 104]] [7 [105 107 109 110 111 112 113 114 115 116 119]] [8 [120 121 122 123 124 125 127 128 129 132 134]] [9 [135 137 138 139 140 142 144 145 146 147 148 149]] [10 [150 151 152 153 154 155 156 157 158 159 160 161 162 163 164]] [11 [165 166 167 168 169 170 171 172 173 174 175 176 177 178 179]] [12 [180 181 182 183 184 185 186 187 188 189 190 191 192 193 194]] [13 [195 196 197 198 199 200 203 205 207 208 209]] [14 [210 211 212 213 214 216 218 219 221 222 223 224]] [15 [225 226 227 228 229 231 232 233 234 235 236 237 238 239]] [16 [240 241 242 243 244 245 246 247 248 249 250 251 252 253 254]] [17 [255 256 257 258 259 260 261 262 263 264 265 266 267 268 269]] [18 [270 271 272 273 274 275 276 277 278 279 280 281 282 283 284]] [19 [285 286 287 288 289 290 291 292 293 294 295 296 297 298 299]] [20 [301 302 303 304 305 306 307 309 310 311 312 313 314]] [21 [315 316 317 318 319 320 321 322 323 324 325 326 327 328 329]] [22 [330 331 332 333 334 335 336 337 338 339 340 341 342 343 344]] [23 [345 346 347 348 349 350 351 352 353 354 355 356 357 358 359]] [24 [360 361 362 363 364 365 366 367 368 369 370 371 372 373 374]] [25 [375 376 377 378 379 380 381 382 383 384 385 386 387 388 389]] [26 [390 391 392 393 394 395 396 397 398 399 400 401 402 403 404]] [27 [405 406 407 408 409 410 411 412 413 414 415 416 417 418 419]] [28 [420 421 422 423 424 425 427 428 429 430 431 432 433 434]] [29 [435 436 437 438 439 440 441 442 443 444 445 446 447 448 449]] [30 [450 451 452 453 454 455 456 457 458 459 460 461 462 463 464]] [31 [465 466 467 468 469 470 471 472 473 474 475 476 477 478 479]] [32 [480 481 482 485 486 487 488 489 490 491 492]] [33 [495 496 497 498 499 500 501 502 503 504 505 506 507 508 509]] [34 [510 511 512 513 514 515 516 517 518 519 520 521 522 523 524]] [35 [525 526 527 528 529 530 531 532 533 534 535 536 537 538 539]] [36 [540 541 542 543 544 545 546 547 548 549 550 551 552 553 554]] [37 [556 558 559 561 562 563 564 565 566]] [38 [570 571 572 573 574 575 576 577 578 579 581 582]] [39 [586 587 589 590 591 594 596 597 598]] [40 [600 601 602 603 604 605 606 607 608 609 612 613 614]] [41 [615 616 617 618 619 620 621 622 623 624 625 626 627 628 629]] [42 [630 631 632 633 634 635 636 637 638 639 640 641 642 643 644]] [43 [645 646 647 648 649 650 651 652 653 654 655 656 657 658 659]] [44 [660 661 662 663 664 665 666 667 668 669 670 671 672 673 674]] [45 [675 676 677 678 679 680 681 682 683 684 685 686 687 688 689]] [46 [690 691 692 693 694 695 696 697 698 699 700 701 702 703 704]] [47 [705 706 707 708 709 710 711 712 713 714 715 716 717 718 719]] [48 [720 721 722 723 724 725 726 727 728 729 730 731 732 733 734]] [49 [735 736 737 738 739 740 742 743 744 745 746 747 748 749]] [50 [750 751 752 753 754 755 756 757 758 759 760 761 762 763 764]] [51 [765 766 767 768 769 770 771 772 773 774 775 776 777 778 779]] [52 [780 781 782 783 784 785 786 787 788 789 790 791 792 793 794]] [53 [795 796 797 798 799 800 801 802 803 804 805 806 807 808 809]] [54 [810 811 812 813 814 815 816 817 818 819 820 821 822 823 824]] [55 [825 826 827 828 829 830 831 832 833 834 835 836 837 838 839]] [56 [840 841 842 843 844 845 846 847 848 849 850 851 852 853 854]] [57 [855 856 857 858 859 860 862 863 864 865 866 867 868 869]] [58 [870 871 872 873 874 875 876 877 878 879 880 881 882 883 884]] [59 [885 886 887 888 889 890 891 892 893 894 895 896 897 898 899]] [60 [900 901 902 903 904 905 906 907 908 909 910 911 912 913 914]] [61 [915 916 917 918 919 920 921 922 923 924 925 926 927 928 929]] [62 [930 931 932 933 934 935 936 937 938 939 940 941 942 943 944]] [63 [945 946 947 948 949 950 951 953 955 956 957 958 959]] [64 [960 961 962 963 964 965 966 967 968 969 970 971 972 973 974]] [65 [975 976 977 978 979 980 981 982 983 984 985 986 987 988 989]] [66 [990 991 992 993 994 995 996 997 998 999 1000 1001 1002 1003 1004]] [67 [1005 1006 1007 1008 1009 1010 1011 1012 1013 1014 1015 1016 1017 1018 1019]] [68 [1020 1021 1022 1023 1024 1025 1026 1027 1028 1029 1030 1031 1032 1033]] [69 [1035 1036 1037 1038 1039 1040 1041 1043 1045 1046 1047 1048]] [70 [1050 1051 1052 1053 1054 1055 1056 1057 1058 1059 1060 1062 1063 1064]] [71 [1065 1066 1067 1068 1069 1070 1071 1072 1073 1074 1075 1076 1077 1078 1079]] [72 [1080 1081 1082 1083 1084 1085 1086 1087 1088 1089 1090 1091 1092 1093 1094]] [73 [1095 1096 1098 1099 1100 1101 1104 1105 1106 1107 1108 1109]] [74 [1110 1111 1112 1113 1114 1115 1116 1118 1119 1120 1121 1122 1123 1124]] [75 [1125 1126 1127 1128 1129 1130 1131 1132 1134 1135 1136 1137 1138 1139]] [76 [1140 1141 1142 1143 1144 1145 1146 1147 1148 1149 1150 1151 1152 1153 1154]] [77 [1155 1156 1157 1158 1160 1161 1162 1163 1164 1165 1166 1167 1168 1169]] [78 [1170 1171 1172 1173 1174 1175 1176 1177 1178 1179 1180 1181 1182 1183 1184]] [79 [1185 1186 1187 1188 1189 1190 1191 1192 1193 1194 1195 1196 1197 1198 1199]] [80 [1200 1201 1202 1203 1204 1205 1206 1207 1208 1209 1210 1211 1212 1213 1214]] [81 [1215 1217 1218 1219 1220 1221 1222 1223 1224 1225 1226 1227 1228 1229]] [82 [1230 1231 1232 1233 1234 1235 1236 1237 1238 1239 1240 1241 1242 1243 1244]] [83 [1245 1246 1247 1248 1249 1250 1251 1252 1253 1254 1255 1256 1257 1258 1259]] [84 [1260 1261 1262 1263 1264 1265 1266 1267 1268 1269 1270 1271 1272 1273 1274]] [85 [1275 1276 1277 1280 1281 1282 1283 1284 1285 1286 1287 1288 1289]] [86 [1290 1291 1292 1293 1294 1295 1296 1297 1298 1299 1300 1301 1302 1303 1304]] [87 [1305 1306 1307 1308 1309 1310 1311 1312 1313 1314 1315 1316 1317 1318 1319]] [88 [1320 1321 1322 1323 1324 1325 1326 1327 1328 1330 1331 1332 1333 1334]] [89 [1335 1336 1337 1338 1339 1340 1341 1342 1343 1344 1345 1346 1347 1348 1349]] [90 [1350 1351 1352 1353 1354 1355 1356 1357 1358 1359 1360 1361 1362 1363 1364]] [91 [1365 1366 1368 1369 1370 1371 1372 1373 1374 1375 1376 1377 1378 1379]] [92 [1380 1381 1382 1383 1384 1385 1386 1387 1388 1389 1390 1391 1392 1393 1394]] [93 [1395 1396 1397 1398 1399 1400 1401 1402 1403 1404 1405 1406 1407 1408 1409]] [94 [1410 1411 1412 1413 1414 1415 1416 1417 1418 1419 1420 1421 1422 1423 1424]] [95 [1425 1426 1428 1429 1430 1431 1432 1433 1434 1435 1436 1437 1438 1439]] [96 [1440 1441 1442 1444 1445 1446 1447 1448 1449 1450 1451 1452 1453 1454]] [97 [1455 1456 1457 1458 1459 1460 1461 1463 1464 1465 1467 1468 1469]] [98 [1470 1471 1472 1473 1474 1475 1476 1477 1478 1479 1480 1482 1483]] [99 [1485 1486 1487 1490 1491 1492 1493 1494 1495 1496 1497 1498 1499]]]","[[0 [3 5 7 10 13 14]] [1 [15 17 18 19 20 23 27 29]] [2 [31 32 33 35 36 38 44]] [3 [47 48 49 50 51 53 54 55 59]] [4 [60 63 64 66 69 70 73 74]] [5 [75 76 78 80 81 82 83 84 87 89]] [6 [90 91 92 93 96 98 99 100 101 102]] [7 [111 112 113 114 115 116 119]] [8 [122 123 125 127 128 129 132 134]] [9 [137 140 142 144 149]] [10 [150 154 155 156 160 162 164]] [11 [165 166 169 171 173 177 178 179]] [12 [180 182 183 184 186 187 190 192]] [13 [198 200 203 205 207 208]] [14 [210 211 212 218 219 221 223]] [15 [227 228 229 231 232 233 235 236 237 239]] [16 [241 243 244 245 248 249 251 254]] [17 [255 256 260 262 263 264 265 266 267]] [18 [270 271 274 276 280 281 282 284]] [19 [285 286 287 288 290 293 295 297]] [20 [301 302 303 304 305 306 309 310 311 312 313 314]] [21 [317 323 326]] [22 [330 331 332 335 336 338 340 344]] [23 [345 346 348 349 352 356 357 358 359]] [24 [360 364 367 369 372 373]] [25 [377 379 383 384 387]] [26 [390 391 392 394 395 396 398 403]] [27 [407 408 411 412 414 419]] [28 [421 422 424 430 432 434]] [29 [435 438 441 442 443 447 449]] [30 [456 457 459 462 463 464]] [31 [465 467 469 470 471 474 475]] [32 [480 485 486 487 488 489 492]] [33 [495 497 498 499 501 506 508]] [34 [511 518 520 521 522]] [35 [526 527 528 529 532 535 537 538]] [36 [541 542 545 546 551]] [37 [556 563 564 565 566]] [38 [575 576 577 578 582]] [39 [587 590 591 594 597 598]] [40 [600 601 602 605 606 607 608 612 613]] [41 [616 620 621 624 625 627]] [42 [630 633 634 637 638 641]] [43 [646 647 652 654 655 656 658]] [44 [661 664 665 668 669 671 673]] [45 [676 677 678 679 680 684 685 686 689]] [46 [690 691 692 694 699 700 703]] [47 [706 707 709 715 716 717]] [48 [724 725 727 728 730 731 732 733 734]] [49 [735 738 739 740 743 744 745 746 747 748 749]] [50 [752 754 756 757 761 764]] [51 [765 767 770 773 774 775 776 777 779]] [52 [782 783 785 786 787 789 790 792 793 794]] [53 [795 796 797 802 803 805 806]] [54 [811 814 815 819 821 822 823 824]] [55 [826 827 828 830 831 833 834 835 838 839]] [56 [841 843 845 849 851 852]] [57 [855 856 857 859 866 867]] [58 [874 876 877 879 882]] [59 [885 886 887 889 893 894]] [60 [900 902 903 908 914]] [61 [916 917 919 923 924 925 927]] [62 [931 934 936 939 940 942 943 944]] [63 [946 947 950 955 959]] [64 [963 967 968 969 970 971 972]] [65 [976 979 980 984 985 986 988]] [66 [992 993 998 1000 1002 1003 1004]] [67 [1005 1006 1009 1013 1016]] [68 [1021 1023 1025 1027 1028 1029 1030 1033]] [69 [1035 1037 1038 1039 1040 1046 1047]] [70 [1050 1056 1058 1059 1062 1063 1064]] [71 [1065 1069 1070 1071 1072 1074 1076]] [72 [1081 1082 1083 1086 1090 1094]] [73 [1095 1096 1098 1099 1100 1106 1107 1108 1109]] [74 [1111 1113 1115 1116 1119 1123]] [75 [1125 1126 1127 1128 1129 1130 1132 1134 1135 1136 1138]] [76 [1140 1142 1143 1147 1149 1153]] [77 [1155 1156 1157 1161 1163 1167 1168 1169]] [78 [1171 1172 1174 1176 1177 1181 1183]] [79 [1186 1188 1189 1191 1195 1196 1197]] [80 [1202 1203 1205 1207 1209 1210 1211 1212 1213]] [81 [1217 1219 1226 1227 1228]] [82 [1232 1233 1234 1235 1236 1238 1239 1240 1243 1244]] [83 [1245 1246 1251 1252 1253 1254 1258]] [84 [1261 1263 1267 1269 1270 1272 1274]] [85 [1275 1276 1277 1282 1283 1286]] [86 [1290 1292 1294 1296 1300 1304]] [87 [1306 1307 1308 1310 1313 1314 1315 1316]] [88 [1320 1326 1328 1332 1333]] [89 [1335 1338 1339 1342 1345 1347 1349]] [90 [1350 1351 1354 1357 1359 1361]] [91 [1368 1369 1370 1371 1372 1374 1375 1377 1379]] [92 [1381 1383 1385 1386 1387 1388 1390 1393 1394]] [93 [1397 1398 1399 1400 1402 1404 1406 1409]] [94 [1410 1412 1413 1414 1415 1416 1419 1422 1423 1424]] [95 [1426 1429 1431 1433 1436 1437 1439]] [96 [1440 1441 1442 1444 1445 1451 1452 1453 1454]] [97 [1455 1457 1459 1463 1464 1467]] [98 [1470 1471 1472 1473 1474 1475 1479]] [99 [1486 1487 1492 1493 1497 1498]]]",,"[[{media 50} [[""A"" [0 0]]]] [{media 51} [[""A"" [3 3]]]] [{media 52} [[""A"" [3 3]]]] [{media 53} [[""A"" [1 1]]]] [{media 55} [[""A"" [2 2]]]] [{media 56} [[""A"" [5 5]]]] [{media 58} [[""A"" [4 4]]]] [{media 60} [[""A"" [3 3]]]] [{media 62} [[""A"" [4 4]]]] [{citizen 0} [[""A"" [1 1]]]] [{media 64} [[""A"" [5 5]]]] [{citizen 28} [[""A"" [5 3]]]] [{media 63} [[""A"" [5 5]]]] [{media 57} [[""A"" [1 1]]]] [{citizen 1} [[""A"" [1 5]]]] [{citizen 26} [[""A"" [4 5]]]] [{citizen 3} [[""A"" [1 1]]]] [{citizen 44} [[""A"" [4 5]]]] [{citizen 36} [[""A"" [4 2]]]] [{citizen 5} [[""A"" [2 5]]]] [{citizen 4} [[""A"" [3 5]]]] [{citizen 27} [[""A"" [2 1]]]] [{citizen 6} [[""A"" [1 1]]]] [{citizen 22} [[""A"" [1 5]]]] [{citizen 48} [[""A"" [0 1]]]] [{citizen 12} [[""A"" [0 1]]]] [{citizen 47} [[""A"" [0 1]]]] [{citizen 39} [[""A"" [1 1]]]] [{citizen 13} [[""A"" [1 4]]]] [{citizen 17} [[""A"" [2 1]]]] [{citizen 35} [[""A"" [4 4]]]] [{citizen 11} [[""A"" [3 2]]]] [{citizen 34} [[""A"" [1 1]]]] [{citizen 14} [[""A"" [5 3]]]] [{citizen 49} [[""A"" [1 1]]]] [{citizen 25} [[""A"" [1 1]]]] [{citizen 40} [[""A"" [1 3]]]] [{citizen 24} [[""A"" [2 4]]]] [{citizen 20} [[""A"" [2 1]]]] [{citizen 9} [[""A"" [1 5]]]] [{citizen 10} [[""A"" [1 1]]]] [{citizen 2} [[""A"" [2 1]]]] [{citizen 19} [[""A"" [0 1]]]] [{citizen 37} [[""A"" [3 2]]]] [{citizen 8} [[""A"" [2 1]]]] [{citizen 7} [[""A"" [4 5]]]] [{media 59} [[""A"" [6 6]]]] [{media 61} [[""A"" [0 0]]]] [{citizen 32} [[""A"" [4 5]]]] [{citizen 45} [[""A"" [0 1]]]] [{citizen 15} [[""A"" [2 1]]]] [{citizen 18} [[""A"" [3 3]]]] [{citizen 42} [[""A"" [2 1]]]] [{citizen 16} [[""A"" [5 3]]]] [{citizen 46} [[""A"" [0 1]]]] [{citizen 41} [[""A"" [4 5]]]] [{citizen 31} [[""A"" [4 3]]]] [{citizen 38} [[""A"" [1 3]]]] [{citizen 33} [[""A"" [5 1]]]] [{citizen 21} [[""A"" [5 3]]]] [{citizen 30} [[""A"" [0 1]]]] [{citizen 23} [[""A"" [1 1]]]] [{citizen 29} [[""A"" [0 0]]]] [{media 54} [[""A"" [0 0]]]]]"
"44","[43 0 212]","348.97959183673447","-0.8566146240613344","7.2208986022083055","""circle""","""""","9.9","{breed citizens}","false","0.5","1","""up""",,"[[""ID"" 44] [""alpha"" 1] [""beta"" 1] [""malleable"" [""A""]] [""prior"" []] [""cont_tokens"" []] [""A"" 5]]","[[0 [0 1 2 3 4 6 7 9 10 11 12]] [1 [15 16 17 18 19 20 21 22 23 24 25 26 27 28 29]] [2 [30 31 32 33 34 35 36 37 38 39 40 41 42 43 44]] [3 [45 46 47 48 49 50 51 52 53 54 55 56 57 58 59]] [4 [60 61 62 63 64 65 66 67 68 69 70 71 72 73 74]] [5 [75 76 77 78 79 80 81 82 83 84 85 86 87 88 89]] [6 [90 91 92 93 94 95 96 97 98 99 100 101 102 103 104]] [7 [105 107 109 110 111 112 113 114 115 116 119]] [8 [122 123 124 125 127 128 129 132 134]] [9 [135 137 138 139 140 142 144 145 146 147 148 149]] [10 [150 151 152 153 154 155 156 158 159 160 161 162 163 164]] [11 [165 166 167 168 169 170 171 172 173 174 175 176 177 178 179]] [12 [180 181 182 183 184 185 186 187 188 189 190 191 192 193 194]] [13 [195 196 197 198 199 200 203 205 207 208 209]] [14 [210 211 212 213 214 216 218 219 221 222 223 224]] [15 [225 226 227 228 229 231 232 233 234 235 236 237 238 239]] [16 [240 241 242 243 244 245 246 247 248 249 250 251 252 253 254]] [17 [255 256 257 258 259 260 261 262 263 264 265 266 267 268 269]] [18 [270 271 272 273 274 275 276 277 278 279 280 281 282 283 284]] [19 [285 286 287 288 289 290 291 292 293 294 295 296 297 298 299]] [20 [300 301 302 303 304 305 306 307 308 309 310 311 312 313 314]] [21 [315 316 317 318 319 320 321 322 323 324 325 326 327 328 329]] [22 [330 331 332 333 334 335 336 337 338 339 340 341 342 343 344]] [23 [345 346 347 348 349 350 351 352 353 354 355 356 357 358 359]] [24 [360 361 362 363 364 365 366 367 368 369 370 371 372 373 374]] [25 [375 376 377 378 379 380 381 382 383 384 385 386 387 388 389]] [26 [390 391 392 393 394 395 396 397 398 399 400 401 402 403 404]] [27 [405 406 407 408 409 410 411 412 413 414 415 416 417 418 419]] [28 [420 421 422 423 424 425 427 428 429 430 431 432 433 434]] [29 [435 436 437 438 439 440 441 442 443 444 445 446 447 448 449]] [30 [450 451 452 453 454 455 456 457 458 459 460 461 462 463 464]] [31 [465 466 467 468 469 470 471 472 473 474 475 478 479]] [32 [480 481 482 485 486 488 489 490 491 492 493 494]] [33 [495 496 497 498 499 500 501 502 503 504 505 506 507 508 509]] [34 [510 511 512 513 514 515 516 517 518 519 520 521 522 523 524]] [35 [525 526 527 528 529 530 531 532 533 534 535 536 537 538 539]] [36 [540 541 542 543 544 545 546 547 548 549 550 551 552 553 554]] [37 [555 556 557 558 559 561 562 563 564 565 566]] [38 [570 571 572 573 574 575 576 577 578 579 581 582]] [39 [586 587 589 590 591 594 596 597 598]] [40 [600 601 602 603 604 605 606 607 608 609 612 613 614]] [41 [615 616 617 618 619 620 621 622 623 624 625 626 627 628 629]] [42 [630 631 632 633 634 635 636 637 638 639 640 641 642 643 644]] [43 [645 646 647 648 649 650 651 652 653 654 655 656 657 658 659]] [44 [660 661 662 663 664 665 666 667 668 669 670 671 672 673 674]] [45 [676 677 678 679 680 681 682 683 684 685 686 687 688 689]] [46 [690 691 692 693 694 695 696 697 698 699 700 701 702 703 704]] [47 [705 706 707 708 709 710 711 712 713 714 715 716 717 718 719]] [48 [720 721 722 723 724 725 727 728 729 730 731 732 733 734]] [49 [735 736 737 738 739 740 742 743 744 745 746 747 748 749]] [50 [750 751 752 753 754 755 756 757 758 759 760 761 762 763 764]] [51 [765 766 767 768 769 770 771 772 773 774 775 776 777 778 779]] [52 [780 781 782 783 784 785 786 787 788 789 790 791 792 793 794]] [53 [795 796 797 798 799 800 801 802 803 804 805 806 807 808 809]] [54 [810 811 812 813 814 815 816 817 818 819 820 821 822 823 824]] [55 [825 826 827 828 829 830 831 832 833 834 835 836 837 838 839]] [56 [840 841 842 843 844 845 846 847 848 849 850 851 852 853 854]] [57 [855 856 857 858 859 860 861 862 863 864 865 866 867 868 869]] [58 [870 871 872 873 874 875 876 877 878 879 880 881 882 883 884]] [59 [885 886 887 888 889 890 891 892 893 894 895 896 898 899]] [60 [900 901 902 903 904 905 906 907 908 909 910 911 912 913 914]] [61 [915 916 917 918 919 920 921 922 923 924 925 926 927 928 929]] [62 [930 931 932 933 934 935 936 937 938 939 940 941 942 943 944]] [63 [945 946 947 948 949 950 951 953 955 956 957 958 959]] [64 [960 961 962 963 964 965 966 967 968 969 970 971 972 973 974]] [65 [975 976 977 978 979 980 981 982 983 984 985 986 987 988 989]] [66 [990 991 992 993 994 995 996 997 998 999 1000 1001 1002 1003 1004]] [67 [1005 1006 1007 1008 1009 1010 1011 1012 1013 1014 1015 1016 1017 1018 1019]] [68 [1020 1021 1022 1023 1024 1025 1026 1027 1028 1029 1030 1031 1032 1033]] [69 [1035 1036 1037 1038 1039 1040 1041 1043 1045 1046 1047 1048]] [70 [1050 1051 1052 1053 1054 1055 1056 1057 1058 1059 1060 1062 1063 1064]] [71 [1065 1067 1068 1069 1070 1071 1072 1073 1074 1075 1076 1077 1078 1079]] [72 [1080 1081 1082 1083 1084 1085 1086 1087 1088 1089 1090 1091 1092 1093 1094]] [73 [1095 1096 1098 1099 1100 1101 1104 1105 1106 1107 1108 1109]] [74 [1110 1111 1112 1113 1114 1115 1116 1117 1118 1119 1120 1121 1122 1123 1124]] [75 [1125 1126 1127 1128 1129 1130 1131 1132 1134 1135 1136 1137 1138 1139]] [76 [1140 1141 1142 1143 1144 1145 1146 1147 1148 1149 1150 1151 1152 1153 1154]] [77 [1155 1156 1157 1158 1159 1160 1161 1162 1163 1164 1165 1166 1167 1168 1169]] [78 [1170 1171 1172 1173 1174 1175 1176 1177 1178 1179 1180 1181 1182 1183 1184]] [79 [1185 1186 1187 1188 1189 1190 1191 1192 1193 1194 1195 1196 1197 1198 1199]] [80 [1200 1201 1202 1203 1204 1205 1206 1207 1208 1209 1210 1211 1212 1213 1214]] [81 [1215 1217 1218 1219 1220 1221 1222 1223 1224 1225 1226 1227 1228 1229]] [82 [1230 1231 1232 1233 1234 1235 1236 1237 1238 1239 1240 1241 1242 1243 1244]] [83 [1245 1246 1247 1248 1249 1250 1251 1252 1253 1254 1255 1257 1258 1259]] [84 [1260 1261 1262 1263 1264 1265 1266 1267 1268 1269 1270 1271 1272 1273 1274]] [85 [1275 1276 1277 1279 1280 1281 1282 1283 1284 1285 1286 1287 1288 1289]] [86 [1290 1291 1292 1293 1294 1295 1296 1297 1298 1299 1300 1301 1302 1303 1304]] [87 [1305 1306 1307 1308 1309 1310 1311 1312 1313 1314 1315 1316 1317 1318 1319]] [88 [1320 1321 1322 1323 1324 1325 1326 1327 1328 1330 1331 1332 1333 1334]] [89 [1335 1336 1337 1338 1339 1340 1341 1342 1343 1344 1345 1346 1347 1348 1349]] [90 [1350 1351 1352 1353 1354 1355 1356 1357 1358 1359 1360 1361 1362 1363 1364]] [91 [1365 1366 1367 1368 1369 1370 1371 1372 1373 1374 1375 1376 1377 1378 1379]] [92 [1380 1381 1382 1383 1384 1385 1386 1387 1388 1389 1390 1391 1392 1393 1394]] [93 [1395 1396 1397 1398 1399 1400 1401 1402 1403 1404 1405 1406 1407 1408 1409]] [94 [1410 1411 1412 1413 1414 1415 1416 1417 1418 1419 1420 1421 1422 1423 1424]] [95 [1425 1426 1427 1428 1429 1430 1431 1432 1433 1434 1435 1436 1437 1438 1439]] [96 [1440 1441 1442 1444 1445 1446 1447 1448 1449 1450 1451 1452 1453 1454]] [97 [1455 1456 1457 1458 1459 1460 1461 1462 1463 1464 1465 1466 1467 1468 1469]] [98 [1470 1471 1472 1473 1474 1475 1476 1477 1478 1479 1480 1483]] [99 [1485 1486 1487 1490 1491 1492 1493 1494 1495 1496 1497 1498 1499]]]","[[0 [2 3 7 10]] [1 [15 17 18 19 20 23 27]] [2 [31 32 33 36 38 44]] [3 [47 49 50 51 52 56 57 59]] [4 [60 62 63 64 67 69 70 73 74]] [5 [75 76 78 80 82 83 84 85 88]] [6 [92 93 96 98 99 100 101 102]] [7 [111 112 113 114 116 119]] [8 [122 124 128 129 132 134]] [9 [137 138 144 145 146 147 148]] [10 [154 155 156 159 161 162 163]] [11 [166 167 168 171 173 175 177 178 179]] [12 [182 183 184 186 187 188 190 192]] [13 [198 200 203 205 207 208]] [14 [210 211 214 216 218 219 221 222 223]] [15 [225 227 229 231 233 235 236 237 239]] [16 [241 243 244 245 248 249 251 252]] [17 [256 257 260 262 263 264 265 266 267]] [18 [270 271 274 276 279 280 281 282 284]] [19 [286 287 289 291 292 296 298]] [20 [300 308 310 311 313 314]] [21 [315 317 318 319 320 322 323 326]] [22 [330 331 332 333 335 336 338 340 344]] [23 [345 346 347 350 351 353 354 359]] [24 [360 364 366 367 369 372 373]] [25 [377 378 379 382 383 384 387 388]] [26 [393 397 399 400 401 402 404]] [27 [405 407 408 411 412 413 416 417]] [28 [423 425 427 428 431 433]] [29 [435 438 441 442 443 445 446 448]] [30 [450 451 452 453 454 455 460]] [31 [466 468 472 473 478]] [32 [481 482 491 493 494]] [33 [500 503 504 505 507 509]] [34 [510 513 516 517 523]] [35 [525 530 531 533 537 538]] [36 [541 542 543 545 546 551]] [37 [556 558 561 562 563 564 565 566]] [38 [575 576 577 578 581 582]] [39 [586 589 596 597 598]] [40 [600 601 609 614]] [41 [615 618 620 621 623 624 625 627 629]] [42 [631 633 634 637 638 641 644]] [43 [645 647 650 651 658]] [44 [661 664 665 667 669 671 673]] [45 [676 677 678 680 682 687]] [46 [693 695 696 697 704]] [47 [711 713 714 718 719]] [48 [720 721 722 723 724 725 727 728 730 731 732 733 734]] [49 [736 738 739 746 747 748 749]] [50 [750 752 753 758 762 764]] [51 [766 771 772 773 774 775 776 779]] [52 [782 783 785 786 788 794]] [53 [795 797 802 803 804 809]] [54 [810 812 816 817 818 823 824]] [55 [825 827 828 829 830 831 833 834 838 839]] [56 [841 843 845 849 851 854]] [57 [855 856 857 859 866 867]] [58 [874 876 877 879 881 882 884]] [59 [885 886 887 889 893 894]] [60 [900 902 903 908 914]] [61 [916 917 919 923 924 926 928 929]] [62 [930 935 937 942 943 944]] [63 [946 948 949 950 953 955 959]] [64 [963 966 973 974]] [65 [976 979 980 984 985 986 988]] [66 [992 993 998 1000 1002 1003 1004]] [67 [1005 1006 1009 1013 1016]] [68 [1021 1023 1025 1027 1028 1031 1032]] [69 [1036 1037 1038 1039 1040 1046 1047]] [70 [1051 1052 1054 1058 1059 1063 1064]] [71 [1065 1069 1070 1071 1072 1077 1078 1079]] [72 [1080 1083 1084 1086 1090 1094]] [73 [1095 1096 1098 1101 1104 1107]] [74 [1110 1112 1114 1115 1118 1120 1124]] [75 [1130 1131 1137 1138]] [76 [1140 1142 1143 1147 1149 1150 1151 1152 1154]] [77 [1158 1166 1168 1169]] [78 [1172 1173 1175 1177 1181 1183]] [79 [1186 1188 1190 1192 1193 1194 1198 1199]] [80 [1200 1201 1204 1206 1208 1211 1212 1213 1214]] [81 [1215 1218 1219 1226 1227 1228]] [82 [1232 1233 1237 1241 1242]] [83 [1247 1248 1249 1250 1255 1259]] [84 [1260 1261 1262 1263 1267 1269 1270 1272 1274]] [85 [1275 1276 1277 1280 1282 1283 1286 1287]] [86 [1291 1293 1294 1296 1300 1302 1303 1304]] [87 [1306 1307 1308 1311 1313 1314 1315 1316 1319]] [88 [1321 1322 1323 1324 1325 1327 1330 1331 1334]] [89 [1337 1338 1344 1345 1348]] [90 [1350 1351 1355 1356 1360 1362 1363]] [91 [1365 1366 1367 1371 1374 1375 1377]] [92 [1380 1381 1382 1389 1391 1392 1394]] [93 [1397 1398 1403 1405 1407]] [94 [1410 1412 1413 1414 1415 1417 1420 1421]] [95 [1425 1430 1432 1433 1437 1439]] [96 [1440 1441 1446 1447 1448 1449]] [97 [1456 1458 1460 1461 1463 1464 1467 1468 1469]] [98 [1470 1471 1472 1473 1474 1475 1479]] [99 [1486 1487 1490 1491 1494 1495 1496]]]",,"[[{media 54} [[""A"" [0 0]]]] [{media 57} [[""A"" [1 1]]]] [{media 59} [[""A"" [6 6]]]] [{media 61} [[""A"" [0 0]]]] [{media 63} [[""A"" [5 5]]]] [{media 64} [[""A"" [5 5]]]] [{media 51} [[""A"" [3 3]]]] [{citizen 0} [[""A"" [1 0]]]] [{citizen 5} [[""A"" [2 4]]]] [{citizen 28} [[""A"" [5 3]]]] [{media 55} [[""A"" [2 2]]]] [{media 53} [[""A"" [1 1]]]] [{citizen 3} [[""A"" [1 1]]]] [{media 56} [[""A"" [5 5]]]] [{citizen 12} [[""A"" [1 0]]]] [{media 52} [[""A"" [3 3]]]] [{citizen 26} [[""A"" [4 5]]]] [{citizen 36} [[""A"" [3 4]]]] [{citizen 4} [[""A"" [5 5]]]] [{citizen 27} [[""A"" [3 1]]]] [{citizen 1} [[""A"" [1 4]]]] [{citizen 6} [[""A"" [1 0]]]] [{citizen 22} [[""A"" [1 4]]]] [{citizen 48} [[""A"" [1 0]]]] [{citizen 47} [[""A"" [1 0]]]] [{media 58} [[""A"" [4 4]]]] [{citizen 39} [[""A"" [1 0]]]] [{media 62} [[""A"" [4 4]]]] [{citizen 13} [[""A"" [1 4]]]] [{citizen 17} [[""A"" [2 0]]]] [{citizen 35} [[""A"" [3 4]]]] [{citizen 11} [[""A"" [2 4]]]] [{citizen 34} [[""A"" [1 0]]]] [{citizen 14} [[""A"" [5 3]]]] [{citizen 49} [[""A"" [3 1]]]] [{citizen 25} [[""A"" [1 0]]]] [{citizen 40} [[""A"" [4 3]]]] [{citizen 24} [[""A"" [4 5]]]] [{citizen 20} [[""A"" [1 0]]]] [{citizen 9} [[""A"" [4 5]]]] [{citizen 10} [[""A"" [1 0]]]] [{citizen 2} [[""A"" [1 1]]]] [{citizen 19} [[""A"" [0 1]]]] [{citizen 37} [[""A"" [1 0]]]] [{citizen 8} [[""A"" [1 0]]]] [{citizen 7} [[""A"" [1 4]]]] [{citizen 31} [[""A"" [1 0]]]] [{citizen 45} [[""A"" [2 1]]]] [{media 60} [[""A"" [3 3]]]] [{citizen 42} [[""A"" [1 4]]]] [{media 50} [[""A"" [0 0]]]] [{citizen 21} [[""A"" [5 3]]]] [{citizen 32} [[""A"" [3 4]]]] [{citizen 15} [[""A"" [1 0]]]] [{citizen 18} [[""A"" [4 5]]]] [{citizen 16} [[""A"" [4 3]]]] [{citizen 46} [[""A"" [2 1]]]] [{citizen 38} [[""A"" [5 3]]]] [{citizen 33} [[""A"" [3 1]]]] [{citizen 41} [[""A"" [4 4]]]] [{citizen 30} [[""A"" [0 0]]]] [{citizen 43} [[""A"" [1 0]]]] [{citizen 29} [[""A"" [0 0]]]] [{citizen 23} [[""A"" [1 0]]]]]"
"45","[128 0 127]","208.65306122448987","-7.376569282949562","-12.358058582286679","""circle""","""""","9.9","{breed citizens}","false","0.5","1","""up""",,"[[""ID"" 16] [""alpha"" 1] [""beta"" 1] [""malleable"" [""A""]] [""prior"" []] [""cont_tokens"" []] [""A"" 3]]","[[0 [0 1 2 3 4 5 6 7 8 9 10 12 13 14]] [1 [15 16 17 18 19 20 21 22 23 24 25 26 27 28 29]] [2 [30 31 32 33 34 35 36 37 38 39 40 41 42 43 44]] [3 [45 46 47 48 49 50 51 52 53 54 55 56 57 58 59]] [4 [60 61 62 63 64 65 66 67 68 69 70 71 72 73 74]] [5 [75 76 77 78 79 80 81 82 83 84 85 86 87 88 89]] [6 [90 91 92 93 94 95 96 97 98 99 100 101 102 103 104]] [7 [105 107 109 110 111 112 113 114 115 116 119]] [8 [120 121 122 123 124 125 127 128 129 132 134]] [9 [135 137 138 139 140 142 144 145 146 147 148 149]] [10 [150 151 152 153 154 155 156 158 159 160 161 162 163 164]] [11 [165 166 167 168 169 170 171 172 173 174 175 176 177 178 179]] [12 [180 181 182 183 184 185 186 187 188 189 190 191 192 193 194]] [13 [195 196 197 198 199 200 203 205 207 208 209]] [14 [210 211 212 213 214 216 218 219 221 222 223 224]] [15 [225 226 227 228 229 230 231 232 233 234 235 236 237 238 239]] [16 [240 241 242 243 244 245 246 247 248 249 250 251 252 253 254]] [17 [255 256 257 258 259 260 261 262 263 264 265 266 267 268 269]] [18 [270 271 272 273 274 275 276 277 278 279 280 281 282 283 284]] [19 [285 286 287 288 289 290 291 292 293 294 295 296 297 298 299]] [20 [300 301 302 303 304 305 306 307 308 309 310 311 312 313 314]] [21 [315 316 317 318 319 320 321 322 323 324 325 326 327 328 329]] [22 [330 331 332 333 334 335 336 337 338 339 340 343 344]] [23 [345 346 347 348 349 350 351 352 353 354 355 356 357 358 359]] [24 [360 361 362 363 364 365 366 367 368 369 370 371 372 373 374]] [25 [375 376 377 378 379 380 381 382 383 384 385 386 387 388 389]] [26 [390 391 392 393 394 395 396 397 398 399 400 401 402 403 404]] [27 [405 406 407 408 409 410 411 412 413 414 415 416 417 418 419]] [28 [420 421 422 423 424 425 427 428 429 430 431 432 433 434]] [29 [435 436 437 438 439 440 441 442 443 444 445 446 447 448 449]] [30 [450 451 452 453 454 455 456 457 458 459 460 461 462 463 464]] [31 [465 466 467 468 469 470 471 472 473 474 475 478 479]] [32 [480 481 482 485 486 487 488 489 490 491 492 493 494]] [33 [495 496 497 498 499 500 501 502 503 504 505 506 507 508 509]] [34 [510 511 512 513 514 515 516 517 518 519 520 521 522 523 524]] [35 [525 526 527 528 529 530 531 532 533 534 535 536 537 538 539]] [36 [540 541 542 543 544 545 546 547 548 549 550 551 552 553 554]] [37 [555 556 557 558 559 561 562 563 564 565 566]] [38 [570 571 572 573 574 575 576 577 578 579 581 582]] [39 [586 587 589 590 591 594 596 597 598]] [40 [600 601 602 605 606 607 608 609 612 613 614]] [41 [615 616 617 618 619 620 621 622 623 624 625 626 627 628 629]] [42 [630 631 632 633 634 635 636 637 638 639 640 641 642 643 644]] [43 [645 646 647 648 649 650 651 652 653 654 655 656 657 658 659]] [44 [660 661 662 663 664 665 667 668 669 670 671 672 673 674]] [45 [675 676 677 678 679 680 681 682 683 684 685 686 687 688 689]] [46 [690 691 692 693 694 695 696 697 698 699 700 701 702 703 704]] [47 [705 706 707 708 709 710 711 712 713 714 715 716 717 718 719]] [48 [720 721 722 723 724 725 726 727 728 729 730 731 732 733 734]] [49 [735 736 737 738 739 740 742 743 744 745 746 747 748 749]] [50 [750 751 752 753 754 755 756 757 758 759 760 761 762 763 764]] [51 [765 766 767 768 769 770 771 772 773 774 775 776 777 778 779]] [52 [780 781 782 783 784 785 786 787 788 789 790 791 792 793 794]] [53 [795 796 797 798 799 800 801 802 803 804 805 806 807 808 809]] [54 [810 811 812 813 814 815 816 817 818 819 820 821 822 823 824]] [55 [825 826 827 828 829 830 831 832 833 834 835 836 837 838 839]] [56 [840 841 842 843 844 845 846 847 848 849 850 851 852 853 854]] [57 [855 856 857 858 859 860 862 863 864 865 866 867 868 869]] [58 [870 871 872 873 874 875 876 877 878 879 880 881 882 883 884]] [59 [885 886 887 888 889 890 891 892 893 894 895 896 898 899]] [60 [900 901 902 903 904 905 906 907 908 909 910 911 912 913 914]] [61 [915 916 917 918 919 920 921 922 923 924 925 926 927 928 929]] [62 [930 931 932 933 934 935 936 937 938 939 940 941 942 943 944]] [63 [945 946 947 948 949 950 951 953 955 956 957 958 959]] [64 [960 961 962 963 964 965 966 967 968 969 970 971 972 973 974]] [65 [975 976 977 978 979 980 981 982 983 984 985 986 987 988 989]] [66 [990 991 992 993 994 995 996 997 998 999 1000 1001 1002 1003 1004]] [67 [1005 1006 1007 1008 1009 1010 1011 1012 1013 1014 1015 1016 1017 1018 1019]] [68 [1020 1021 1022 1023 1024 1025 1026 1027 1028 1029 1030 1031 1032 1033 1034]] [69 [1035 1036 1037 1038 1039 1040 1041 1043 1045 1046 1047 1048]] [70 [1050 1051 1052 1053 1054 1055 1056 1057 1058 1059 1060 1062 1063 1064]] [71 [1065 1066 1067 1068 1069 1070 1071 1072 1073 1074 1075 1076 1077 1078 1079]] [72 [1080 1081 1082 1083 1084 1085 1086 1087 1088 1089 1090 1091 1092 1093 1094]] [73 [1095 1096 1097 1098 1099 1100 1101 1102 1103 1104 1105 1106 1107 1108 1109]] [74 [1110 1111 1112 1113 1114 1115 1116 1118 1119 1120 1121 1122 1123 1124]] [75 [1125 1126 1127 1128 1129 1130 1131 1132 1134 1135 1136 1137 1138 1139]] [76 [1140 1141 1142 1143 1144 1145 1146 1147 1148 1149 1150 1151 1152 1153 1154]] [77 [1158 1159 1160 1162 1163 1164 1165 1166 1167 1168 1169]] [78 [1170 1171 1172 1173 1174 1175 1176 1177 1178 1179 1180 1181 1182 1183 1184]] [79 [1185 1186 1187 1188 1189 1190 1191 1192 1193 1194 1195 1196 1197 1198 1199]] [80 [1200 1201 1202 1203 1204 1205 1206 1207 1208 1209 1210 1211 1212 1213 1214]] [81 [1215 1217 1218 1219 1220 1221 1222 1223 1224 1225 1226 1227 1228 1229]] [82 [1230 1231 1232 1233 1234 1235 1236 1237 1238 1239 1240 1241 1242 1243 1244]] [83 [1245 1246 1247 1248 1249 1250 1251 1252 1253 1254 1255 1256 1257 1258 1259]] [84 [1260 1261 1262 1263 1267 1268 1269 1270 1272 1274]] [85 [1275 1276 1277 1280 1281 1282 1283 1284 1285 1286 1287 1288 1289]] [86 [1290 1291 1292 1293 1294 1296 1297 1298 1299 1300 1301 1302 1303 1304]] [87 [1305 1306 1307 1308 1309 1310 1311 1312 1313 1314 1315 1316 1317 1318 1319]] [88 [1320 1321 1322 1323 1324 1325 1326 1327 1328 1330 1331 1332 1333 1334]] [89 [1335 1336 1337 1338 1339 1340 1341 1342 1343 1344 1345 1346 1347 1348 1349]] [90 [1350 1351 1352 1353 1354 1355 1356 1357 1358 1359 1360 1361 1362 1363 1364]] [91 [1365 1366 1367 1368 1369 1370 1371 1372 1373 1374 1375 1376 1377 1378 1379]] [92 [1380 1381 1382 1383 1384 1385 1386 1387 1388 1389 1390 1391 1392 1393 1394]] [93 [1395 1396 1397 1398 1399 1400 1401 1402 1403 1404 1405 1406 1407 1408 1409]] [94 [1410 1411 1412 1413 1414 1415 1416 1417 1418 1419 1420 1421 1422 1423 1424]] [95 [1425 1426 1428 1429 1430 1431 1432 1433 1434 1435 1436 1437 1438 1439]] [96 [1440 1441 1442 1444 1445 1446 1447 1448 1449 1450 1451 1452 1453 1454]] [97 [1455 1456 1457 1458 1459 1460 1461 1462 1463 1464 1465 1466 1467 1468 1469]] [98 [1470 1471 1472 1473 1474 1475 1476 1477 1478 1479 1480 1483]] [99 [1485 1486 1487 1488 1489 1490 1491 1492 1493 1494 1495 1496 1497 1498 1499]]]","[[0 [0 5 7 9 13 14]] [1 [15 17 18 19 21 22 25 26 28 29]] [2 [31 32 33 36 40 43 44]] [3 [47 49 50 51 52 56 58]] [4 [60 63 64 67 69 70 73 74]] [5 [75 76 78 80 82 83 84 87 89]] [6 [90 91 92 93 96 98 99 100 101 102]] [7 [111 113 114 115 116 119]] [8 [122 123 125 127 128 129 132 134]] [9 [137 140 142 145 147 148]] [10 [150 154 155 156 159 161 162 163]] [11 [166 167 168 169 171 173 175 177]] [12 [180 182 183 184 186 187 190 192]] [13 [198 205 207 208]] [14 [210 211 214 216 218 219 221 224]] [15 [226 228 229 231 232 233 235 236 237 239]] [16 [241 243 244 247 251 254]] [17 [255 256 262 263 264 265 266 267]] [18 [270 271 274 276 279 280 284]] [19 [286 287 288 290 293 295 297 299]] [20 [301 302 304 305 306 309 310 312 313]] [21 [316 318 319 320 321 322 326]] [22 [330 331 332 333 335 336 338 340 343 344]] [23 [345 346 348 349 352 355 358]] [24 [360 364 368 369 371 374]] [25 [375 376 380 381 382 383 384 387]] [26 [390 391 392 394 395 396 399 400 401]] [27 [406 409 410 412 414 419]] [28 [421 424 430 432 434]] [29 [439 440 444 445 446 447 449]] [30 [453 454 455 460]] [31 [466 467 470 471 474 475]] [32 [480 485 486 487 488 489 492]] [33 [495 496 497 498 499 501 502 504 505 507 509]] [34 [510 512 513 516 517 523 524]] [35 [526 527 528 529 532 534 536 539]] [36 [540 541 542 543 545 546 551]] [37 [556 563 564 565 566]] [38 [575 576 577 578 582]] [39 [587 590 591 594 598]] [40 [600 601 602 605 606 607 608 612 613]] [41 [616 621 623 624 625 627]] [42 [631 632 633 634 637 638 641 644]] [43 [646 648 653 657 659]] [44 [660 662 663 664 665 668 669 671 673]] [45 [676 677 683 684 685 686 688 689]] [46 [690 691 692 694 699 700 701 702 703]] [47 [706 707 709 710 712 715 717]] [48 [724 725 727 728 730 731 732 733 734]] [49 [735 738 739 740 746 747 748 749]] [50 [750 751 753 758 762 764]] [51 [766 772 774 775 776]] [52 [783 785 786 788]] [53 [795 796 797 801 803 804 805 806 809]] [54 [810 812 816 817 818 820 822 823 824]] [55 [826 827 828 830 833 836 837]] [56 [842 844 847 848 852]] [57 [855 856 857 859 860 862 864 865 868 869]] [58 [870 871 872 873 875 878 879 882 884]] [59 [885 886 887 889 893 894]] [60 [900 902 903 908 909 911 912 913 914]] [61 [916 920 922 925 926 928]] [62 [930 933 935 937 938 939 941 942 943 944]] [63 [946 948 949 950 955 959]] [64 [960 962 963 966 973 974]] [65 [975 978 982 983 986]] [66 [991 994 995 997 1000 1002 1003 1004]] [67 [1005 1006 1009 1010 1011 1012 1014 1015]] [68 [1020 1022 1024 1026 1027 1028 1029 1030 1031 1032]] [69 [1039 1040 1046 1047]] [70 [1052 1054 1056 1058 1059 1063 1064]] [71 [1065 1069 1070 1071 1072 1077 1079]] [72 [1080 1081 1082 1085 1087 1088 1091 1092 1094]] [73 [1095 1098 1101 1104 1107 1108 1109]] [74 [1111 1113 1115 1118 1120 1124]] [75 [1130 1131 1132 1134 1135 1136]] [76 [1140 1142 1144 1146 1148 1150 1151 1152 1154]] [77 [1158 1164 1165 1166 1168 1169]] [78 [1171 1172 1174 1176 1177 1181 1183]] [79 [1186 1188 1190 1191 1195 1196 1197]] [80 [1202 1203 1205 1207 1209 1210 1211 1212 1213]] [81 [1217 1220 1222 1223 1224 1225]] [82 [1230 1231 1238 1239 1240 1243 1244]] [83 [1245 1246 1251 1252 1253 1254 1257 1258]] [84 [1261 1262 1263 1267 1269 1270 1274]] [85 [1276 1277 1284 1285 1287]] [86 [1290 1292 1293 1294 1299 1300 1302 1303 1304]] [87 [1306 1308 1311 1317 1318 1319]] [88 [1321 1322 1323 1324 1325 1327 1330 1331 1334]] [89 [1337 1338 1339 1342 1345 1348 1349]] [90 [1350 1351 1354 1357 1359 1361]] [91 [1368 1369 1370 1371 1372 1374 1375 1377]] [92 [1380 1383 1384 1385 1386 1389 1391 1392 1394]] [93 [1397 1398 1401 1403 1405 1407 1408]] [94 [1412 1413 1414 1415 1416 1419 1423 1424]] [95 [1426 1428 1431 1433 1434 1436 1437 1439]] [96 [1440 1441 1446 1447 1448 1449 1450 1453 1454]] [97 [1455 1457 1459 1464 1467 1468 1469]] [98 [1470 1471 1472 1473 1474 1475 1479 1480 1483]] [99 [1485 1486 1487 1492 1493 1497 1498 1499]]]",,"[[{citizen 49} [[""A"" [5 0]]]] [{media 51} [[""A"" [3 3]]]] [{media 52} [[""A"" [3 3]]]] [{media 53} [[""A"" [1 1]]]] [{media 55} [[""A"" [2 2]]]] [{media 56} [[""A"" [5 5]]]] [{media 57} [[""A"" [1 1]]]] [{media 59} [[""A"" [6 6]]]] [{media 61} [[""A"" [0 0]]]] [{media 62} [[""A"" [4 4]]]] [{media 63} [[""A"" [5 5]]]] [{media 64} [[""A"" [5 5]]]] [{citizen 1} [[""A"" [1 4]]]] [{citizen 4} [[""A"" [4 5]]]] [{citizen 6} [[""A"" [1 0]]]] [{citizen 17} [[""A"" [4 0]]]] [{media 60} [[""A"" [3 3]]]] [{citizen 14} [[""A"" [5 3]]]] [{media 50} [[""A"" [0 0]]]] [{citizen 0} [[""A"" [1 0]]]] [{citizen 3} [[""A"" [1 0]]]] [{citizen 5} [[""A"" [3 4]]]] [{media 58} [[""A"" [4 4]]]] [{citizen 26} [[""A"" [4 5]]]] [{citizen 39} [[""A"" [1 0]]]] [{citizen 36} [[""A"" [3 4]]]] [{citizen 7} [[""A"" [0 4]]]] [{citizen 13} [[""A"" [3 4]]]] [{citizen 11} [[""A"" [3 4]]]] [{citizen 47} [[""A"" [1 0]]]] [{citizen 35} [[""A"" [4 4]]]] [{citizen 34} [[""A"" [0 0]]]] [{citizen 22} [[""A"" [3 4]]]] [{citizen 25} [[""A"" [1 0]]]] [{citizen 40} [[""A"" [4 3]]]] [{citizen 24} [[""A"" [3 4]]]] [{citizen 20} [[""A"" [1 0]]]] [{citizen 9} [[""A"" [4 5]]]] [{citizen 10} [[""A"" [1 0]]]] [{citizen 2} [[""A"" [0 0]]]] [{citizen 19} [[""A"" [1 0]]]] [{citizen 37} [[""A"" [0 0]]]] [{citizen 8} [[""A"" [0 0]]]] [{citizen 31} [[""A"" [0 0]]]] [{citizen 23} [[""A"" [1 0]]]] [{citizen 42} [[""A"" [1 4]]]] [{media 54} [[""A"" [0 0]]]] [{citizen 48} [[""A"" [1 0]]]] [{citizen 27} [[""A"" [1 0]]]] [{citizen 28} [[""A"" [5 3]]]] [{citizen 44} [[""A"" [4 5]]]] [{citizen 38} [[""A"" [3 3]]]] [{citizen 21} [[""A"" [5 3]]]] [{citizen 33} [[""A"" [0 0]]]] [{citizen 16} [[""A"" [4 3]]]] [{citizen 41} [[""A"" [4 4]]]] [{citizen 46} [[""A"" [1 0]]]] [{citizen 18} [[""A"" [4 4]]]] [{citizen 30} [[""A"" [1 0]]]] [{citizen 43} [[""A"" [0 0]]]] [{citizen 29} [[""A"" [0 0]]]] [{citizen 15} [[""A"" [1 0]]]] [{citizen 12} [[""A"" [1 0]]]] [{citizen 32} [[""A"" [4 5]]]]]"
"46","[255 0 0]","113.54359925788496","12.775348363038475","-5.886346426264672","""circle""","""""","9.9","{breed citizens}","false","0.5","1","""up""",,"[[""ID"" 35] [""alpha"" 1] [""beta"" 1] [""malleable"" [""A""]] [""prior"" []] [""cont_tokens"" []] [""A"" 0]]","[[0 [0 1 2 3 4 5 6 7 8 10 11 12 13 14]] [1 [15 16 17 18 19 20 21 22 23 24 25 26 27 28 29]] [2 [30 31 32 33 34 35 36 37 38 39 40 41 42 43 44]] [3 [45 46 47 48 49 50 51 52 53 54 55 56 57 58 59]] [4 [60 61 62 63 64 65 66 67 68 69 70 71 72 73 74]] [5 [75 76 77 78 79 80 81 82 83 84 85 86 87 88 89]] [6 [90 91 92 93 94 95 96 97 98 99 100 101 102 103 104]] [7 [105 107 109 110 111 112 113 114 115 116 119]] [8 [120 121 122 123 124 125 127 128 129 132 134]] [9 [135 137 138 139 140 142 144 145 146 147 148 149]] [10 [150 151 152 153 154 155 156 158 159 160 161 162 163 164]] [11 [165 166 167 168 169 170 171 172 173 174 175 176 177 178 179]] [12 [180 181 182 183 184 185 186 187 188 189 190 191 192 193 194]] [13 [195 196 197 198 199 200 201 202 203 204 205 206 207 208 209]] [14 [210 211 212 213 214 216 218 219 221 222 223 224]] [15 [225 226 227 228 229 231 232 233 234 235 236 237 238 239]] [16 [240 241 242 243 244 245 246 247 248 249 250 251 252 253 254]] [17 [255 256 257 258 259 260 261 262 263 264 265 266 267 268 269]] [18 [270 271 272 273 274 275 276 277 278 279 280 281 282 283 284]] [19 [285 286 287 288 289 290 291 292 293 294 295 296 297 298 299]] [20 [300 301 302 303 304 305 306 307 308 309 310 311 312 313 314]] [21 [315 317 318 319 320 321 322 323 324 325 326 327 328 329]] [22 [330 331 332 333 334 335 336 337 338 339 340 341 342 343 344]] [23 [345 346 347 348 349 350 351 352 353 354 355 356 357 358 359]] [24 [360 361 362 363 364 365 366 367 368 369 370 371 372 373 374]] [25 [375 376 377 378 379 380 381 382 383 384 385 386 387 388 389]] [26 [390 391 392 393 394 395 396 397 398 399 400 401 402 403 404]] [27 [405 406 407 408 409 410 411 412 413 414 415 416 417 418 419]] [28 [420 421 422 423 424 425 427 428 429 430 431 432 433 434]] [29 [435 436 437 438 439 440 441 442 443 444 445 446 447 448 449]] [30 [450 451 452 453 454 455 456 457 458 459 460 461 462 463 464]] [31 [465 466 467 468 469 470 471 472 473 474 475 476 477 478 479]] [32 [480 481 482 485 486 487 488 489 490 491 492]] [33 [495 496 497 498 499 500 501 502 503 504 505 506 507 508 509]] [34 [510 511 512 513 514 515 516 517 518 519 520 521 522 523 524]] [35 [525 526 527 528 529 530 531 532 533 534 535 536 537 538 539]] [36 [540 541 542 543 544 545 546 547 548 549 550 551 552 553 554]] [37 [555 556 557 558 559 561 562 563 564 565 566]] [38 [570 571 572 573 574 575 576 577 578 579 581 582]] [39 [586 587 589 590 591 594 596 597 598]] [40 [600 601 602 603 604 605 606 607 608 609 612 613 614]] [41 [615 616 617 618 619 620 621 622 623 624 625 626 627 628 629]] [42 [630 631 632 633 634 635 636 637 638 639 640 641 642 643 644]] [43 [645 646 647 648 649 650 651 652 653 654 655 656 657 658 659]] [44 [660 661 662 663 664 665 666 667 668 669 670 671 672 673 674]] [45 [675 676 677 678 679 680 681 682 683 684 685 686 687 688 689]] [46 [690 691 692 693 694 695 696 697 698 699 700 701 702 703 704]] [47 [705 706 707 708 709 710 711 712 713 714 715 716 717 718 719]] [48 [720 721 722 723 724 725 726 727 728 729 730 731 732 733 734]] [49 [735 736 737 738 739 740 742 743 744 745 746 747 748 749]] [50 [750 751 752 753 754 755 756 757 758 759 760 761 762 763 764]] [51 [765 766 767 768 769 770 771 772 773 774 775 776 777 778 779]] [52 [780 781 782 783 784 785 786 787 788 789 790 791 792 793 794]] [53 [795 796 797 798 799 800 801 802 803 804 805 806 807 808 809]] [54 [810 811 812 813 814 815 816 817 818 819 820 821 822 823 824]] [55 [825 826 827 828 829 830 831 832 833 834 835 836 837 838 839]] [56 [840 841 842 843 844 845 846 847 848 849 850 851 852 853 854]] [57 [855 856 857 858 859 860 862 863 864 865 866 867 868 869]] [58 [870 871 872 873 874 875 876 877 878 879 880 881 882 883 884]] [59 [885 886 887 888 889 890 891 892 893 894 895 896 898 899]] [60 [900 901 902 903 904 905 906 907 908 909 910 911 912 913 914]] [61 [915 916 917 918 919 920 921 922 923 924 925 926 927 928 929]] [62 [930 931 932 933 934 935 936 937 938 939 940 941 942 943 944]] [63 [945 946 947 948 949 950 951 952 953 954 955 956 957 958 959]] [64 [960 961 962 963 964 965 966 967 968 969 970 971 972 973 974]] [65 [975 976 977 978 979 980 981 982 983 984 985 986 987 988 989]] [66 [990 991 992 993 994 995 996 997 998 999 1000 1001 1002 1003 1004]] [67 [1005 1006 1007 1008 1009 1010 1011 1012 1013 1014 1015 1016 1017 1018 1019]] [68 [1020 1021 1022 1023 1024 1025 1026 1027 1028 1029 1030 1031 1032 1033]] [69 [1035 1036 1037 1038 1039 1040 1041 1043 1045 1046 1047 1048]] [70 [1050 1051 1052 1053 1054 1055 1056 1057 1058 1059 1060 1062 1063 1064]] [71 [1065 1066 1067 1068 1069 1070 1071 1072 1073 1074 1075 1076 1077 1078 1079]] [72 [1080 1081 1082 1083 1084 1085 1086 1087 1088 1089 1090 1091 1092 1093 1094]] [73 [1095 1096 1098 1099 1100 1101 1104 1105 1106 1107 1108 1109]] [74 [1110 1111 1112 1113 1114 1115 1116 1118 1119 1120 1121 1122 1123 1124]] [75 [1125 1126 1127 1128 1129 1130 1131 1132 1134 1135 1136 1137 1138 1139]] [76 [1140 1141 1142 1143 1144 1145 1146 1147 1148 1149 1150 1151 1152 1153 1154]] [77 [1155 1156 1157 1158 1159 1160 1161 1162 1163 1164 1165 1166 1167 1168 1169]] [78 [1170 1171 1172 1173 1174 1175 1176 1177 1178 1179 1180 1181 1182 1183 1184]] [79 [1185 1186 1187 1188 1189 1190 1191 1192 1193 1194 1195 1196 1197 1198 1199]] [80 [1200 1201 1204 1206 1208 1209 1210 1211 1212 1213 1214]] [81 [1215 1217 1218 1219 1220 1221 1222 1223 1224 1225 1226 1227 1228 1229]] [82 [1230 1231 1232 1233 1234 1235 1236 1237 1238 1239 1240 1241 1242 1243 1244]] [83 [1245 1246 1247 1248 1249 1250 1251 1252 1253 1254 1255 1257 1258 1259]] [84 [1260 1261 1262 1263 1264 1265 1266 1267 1268 1269 1270 1271 1272 1273 1274]] [85 [1275 1276 1277 1278 1279 1280 1281 1282 1283 1284 1285 1286 1287 1288 1289]] [86 [1290 1291 1292 1293 1294 1295 1296 1297 1298 1299 1300 1301 1302 1303 1304]] [87 [1305 1306 1307 1308 1309 1310 1311 1312 1313 1314 1315 1316 1317 1318 1319]] [88 [1320 1321 1322 1323 1324 1325 1326 1327 1328 1330 1331 1332 1333 1334]] [89 [1335 1336 1337 1338 1339 1340 1341 1342 1343 1344 1345 1346 1347 1348 1349]] [90 [1350 1351 1352 1353 1354 1355 1356 1357 1358 1359 1360 1361 1362 1363 1364]] [91 [1365 1366 1367 1368 1369 1370 1371 1372 1373 1374 1375 1376 1377 1378 1379]] [92 [1380 1381 1382 1383 1384 1385 1386 1387 1388 1389 1390 1391 1392 1393 1394]] [93 [1395 1396 1397 1398 1399 1400 1401 1402 1403 1404 1405 1406 1407 1408 1409]] [94 [1410 1411 1412 1413 1414 1415 1416 1417 1418 1419 1420 1421 1422 1423 1424]] [95 [1425 1426 1427 1428 1429 1430 1431 1432 1433 1434 1435 1436 1437 1438 1439]] [96 [1440 1441 1442 1444 1445 1446 1447 1448 1449 1450 1451 1452 1453 1454]] [97 [1455 1456 1457 1458 1459 1460 1461 1463 1464 1465 1467 1468 1469]] [98 [1470 1471 1472 1473 1474 1475 1476 1477 1478 1479 1480 1483]] [99 [1485 1486 1487 1488 1489 1490 1491 1492 1493 1494 1495 1496 1497 1498 1499]]]","[[0 [0 3 7 10 13 14]] [1 [15 17 18 19 20 23 27]] [2 [31 32 33 36 40 43 44]] [3 [47 49 50 51 52 56 57 58]] [4 [61 62 63 64 66 67 69 70 73 74]] [5 [75 76 78 80 82 83 84 85 88]] [6 [93 96 98 99 100 101 102]] [7 [111 112 113 115 116 119]] [8 [122 123 125 127 128 129 132]] [9 [135 139 140 142 145 146 147 148]] [10 [150 154 155 156 158 160 163]] [11 [166 167 168 171 173 175 177]] [12 [180 183 184 185 186 187 188 193 194]] [13 [196 197 199 200 203 207 208]] [14 [210 211 212 214 216 218 219 221]] [15 [228 229 231 232 233 235 236 237 239]] [16 [241 243 244 245 250 252]] [17 [256 258 259 261 266 267]] [18 [270 271 273 277 278 283]] [19 [285 286 287 288 290 293 295 297 299]] [20 [301 302 303 304 305 307]] [21 [315 317 323 325 327 328]] [22 [337 339 340 344]] [23 [345 346 351 353 354 355 358]] [24 [360 364 367 368 369 372 373]] [25 [377 378 379 383 384 387 389]] [26 [390 391 392 394 395 396 398 403]] [27 [405 406 409 410 412 414 419]] [28 [421 424 430 432 434]] [29 [439 440 444 446 448]] [30 [450 451 454 455 458 461 462 463 464]] [31 [465 467 469 470 471 474 475]] [32 [480 485 486 487 488 492]] [33 [496 497 498 499 501 508]] [34 [511 518 519 520 521 522]] [35 [526 527 528 529 532 534 536]] [36 [540 541 542 545 546 551]] [37 [556 563 564 565 566]] [38 [575 576 577 578 581 582]] [39 [586 589 596 597 598]] [40 [600 601 602 605 607 608 612 613]] [41 [616 621 623 624 625 627]] [42 [632 633 634 637 638 641]] [43 [646 647 649 650 651 658]] [44 [661 664 665 667 668 669 671 673]] [45 [676 677 683 686 689]] [46 [690 691 692 694 699 700 701 702 703]] [47 [708 710 712 715 716 718 719]] [48 [720 721 722 723 724 725 727 728 730 731 732 733 734]] [49 [735 738 739 748 749]] [50 [750 751 753 755 759 760]] [51 [765 767 768 769 770 778]] [52 [780 781 784 789 790 792 793 794]] [53 [795 796 797 802 803 804 805 806 809]] [54 [810 812 816 817 818 823 824]] [55 [826 827 828 830 833 836 837]] [56 [842 844 846 847 848 850 851 852]] [57 [855 856 857 859 860 863 865 868]] [58 [870 871 872 873 875 878 879 882 884]] [59 [885 886 887 889 893 895 896 898 899]] [60 [901 904 905 907 910 911 912 913]] [61 [915 917 919 929]] [62 [930 933 935 937 938 939 940 941]] [63 [945 947 949 950 953 955 958]] [64 [960 962 963 967 968 969 970 971 972]] [65 [976 979 980 981 987 989]] [66 [990 991 994 995 997 1002 1003 1004]] [67 [1005 1006 1009 1013 1016 1019]] [68 [1021 1023 1025 1027 1029 1030 1033]] [69 [1035 1037 1038 1039 1040 1046 1047]] [70 [1050 1056 1058 1059 1062 1063 1064]] [71 [1065 1067 1070 1071 1072 1073 1074 1075 1076]] [72 [1081 1082 1083 1084 1086 1090 1094]] [73 [1095 1099 1100 1101 1104 1105 1108 1109]] [74 [1111 1115 1116 1119 1123]] [75 [1126 1127 1128 1139]] [76 [1141 1145 1146 1148 1150 1151 1152 1154]] [77 [1158 1166 1167 1169]] [78 [1171 1172 1174 1178 1180 1182 1184]] [79 [1185 1187 1188 1189 1190 1192 1193 1194 1198 1199]] [80 [1200 1201 1204 1206 1208 1210 1211 1212 1213 1214]] [81 [1215 1218 1219 1220 1222 1223 1224 1225 1229]] [82 [1232 1233 1237 1241 1242]] [83 [1245 1247 1248 1249 1250 1255 1259]] [84 [1264 1265 1266 1271 1272]] [85 [1275 1276 1277 1284 1285 1287]] [86 [1290 1292 1293 1294 1299 1301]] [87 [1305 1309 1312 1315 1316]] [88 [1320 1322 1323 1324 1325 1328 1332]] [89 [1335 1336 1340 1341 1343 1346 1348]] [90 [1350 1351 1355 1356 1358 1360 1362 1363]] [91 [1365 1366 1370 1372 1374 1375 1378]] [92 [1380 1383 1385 1386 1387 1388 1390 1393 1394]] [93 [1397 1398 1399 1400 1402 1404 1405 1407 1408]] [94 [1410 1412 1413 1414 1415 1417 1420 1421]] [95 [1425 1430 1432 1433 1434 1436 1437 1439]] [96 [1440 1441 1442 1444 1445 1451 1452 1453 1454]] [97 [1455 1457 1459 1463 1464 1467 1468 1469]] [98 [1470 1471 1476 1479 1480 1483]] [99 [1485 1486 1487 1492 1493 1497 1498]]]",,"[[{media 54} [[""A"" [0 0]]]] [{media 57} [[""A"" [1 1]]]] [{media 59} [[""A"" [6 6]]]] [{media 61} [[""A"" [0 0]]]] [{media 63} [[""A"" [5 5]]]] [{media 64} [[""A"" [5 5]]]] [{media 51} [[""A"" [3 3]]]] [{citizen 0} [[""A"" [0 0]]]] [{citizen 2} [[""A"" [1 0]]]] [{citizen 7} [[""A"" [4 5]]]] [{citizen 31} [[""A"" [0 0]]]] [{media 55} [[""A"" [2 2]]]] [{media 60} [[""A"" [3 3]]]] [{media 53} [[""A"" [1 1]]]] [{media 56} [[""A"" [5 5]]]] [{media 50} [[""A"" [0 0]]]] [{media 62} [[""A"" [4 4]]]] [{media 58} [[""A"" [4 4]]]] [{citizen 26} [[""A"" [4 5]]]] [{citizen 3} [[""A"" [1 0]]]] [{citizen 39} [[""A"" [1 0]]]] [{citizen 17} [[""A"" [0 0]]]] [{citizen 45} [[""A"" [0 0]]]] [{citizen 14} [[""A"" [1 5]]]] [{citizen 36} [[""A"" [4 5]]]] [{citizen 5} [[""A"" [4 5]]]] [{citizen 4} [[""A"" [5 5]]]] [{citizen 27} [[""A"" [3 0]]]] [{citizen 1} [[""A"" [4 5]]]] [{citizen 6} [[""A"" [0 0]]]] [{citizen 22} [[""A"" [4 5]]]] [{citizen 48} [[""A"" [0 0]]]] [{citizen 12} [[""A"" [0 0]]]] [{citizen 47} [[""A"" [0 0]]]] [{citizen 38} [[""A"" [5 3]]]] [{citizen 41} [[""A"" [5 5]]]] [{citizen 42} [[""A"" [4 5]]]] [{citizen 13} [[""A"" [1 4]]]] [{citizen 35} [[""A"" [4 4]]]] [{citizen 11} [[""A"" [4 5]]]] [{citizen 34} [[""A"" [0 0]]]] [{media 52} [[""A"" [3 3]]]] [{citizen 25} [[""A"" [0 0]]]] [{citizen 40} [[""A"" [4 5]]]] [{citizen 24} [[""A"" [4 5]]]] [{citizen 20} [[""A"" [1 0]]]] [{citizen 9} [[""A"" [4 5]]]] [{citizen 10} [[""A"" [0 0]]]] [{citizen 37} [[""A"" [0 0]]]] [{citizen 8} [[""A"" [0 0]]]] [{citizen 49} [[""A"" [5 1]]]] [{citizen 19} [[""A"" [0 1]]]] [{citizen 28} [[""A"" [5 5]]]] [{citizen 44} [[""A"" [5 5]]]] [{citizen 21} [[""A"" [5 5]]]] [{citizen 32} [[""A"" [4 5]]]] [{citizen 15} [[""A"" [1 0]]]] [{citizen 18} [[""A"" [4 5]]]] [{citizen 16} [[""A"" [5 3]]]] [{citizen 33} [[""A"" [1 0]]]] [{citizen 30} [[""A"" [0 0]]]] [{citizen 43} [[""A"" [0 0]]]] [{citizen 29} [[""A"" [0 0]]]] [{citizen 23} [[""A"" [1 0]]]]]"
"47","[255 0 0]","164.69387755102048","3.9998523940080015","-13.466269041788227","""circle""","""""","9.9","{breed citizens}","false","0.5","1","""up""",,"[[""ID"" 41] [""alpha"" 1] [""beta"" 1] [""malleable"" [""A""]] [""prior"" []] [""cont_tokens"" []] [""A"" 0]]","[[0 [0 1 2 3 5 6 7 8 9 10 11 12]] [1 [15 16 17 18 19 20 21 22 23 24 25 26 27 28 29]] [2 [30 31 32 33 34 35 36 37 38 39 40 41 42 43 44]] [3 [45 46 47 48 49 50 51 52 53 54 55 56 57 58 59]] [4 [60 61 62 63 64 65 66 67 68 69 70 71 72 73 74]] [5 [75 76 77 78 79 80 81 82 83 84 85 86 87 88 89]] [6 [90 91 92 93 94 95 96 97 98 99 100 101 102 103 104]] [7 [105 106 107 108 109 110 111 112 113 114 115 116 119]] [8 [122 123 124 125 127 128 129 132 134]] [9 [135 137 138 139 140 142 144 145 146 147 148 149]] [10 [150 151 152 153 154 155 156 157 158 159 160 161 162 163 164]] [11 [165 166 167 168 169 170 171 172 173 174 175 176 177 178 179]] [12 [180 181 182 183 184 185 186 187 188 189 190 191 192 193 194]] [13 [195 196 197 198 199 200 201 202 203 204 205 206 207 208 209]] [14 [210 211 212 213 214 216 218 219 221 222 223 224]] [15 [225 226 227 228 229 231 232 233 234 235 236 237 238 239]] [16 [240 241 242 243 244 245 246 247 248 249 250 251 252 253 254]] [17 [255 256 257 258 259 260 261 262 263 264 265 266 267 268 269]] [18 [270 271 272 273 274 275 276 277 278 279 280 281 282 283 284]] [19 [285 286 287 288 289 290 291 292 293 294 295 296 297 298 299]] [20 [300 301 302 303 304 305 306 307 308 309 310 311 312 313 314]] [21 [315 316 317 318 319 320 321 322 323 324 325 326 327 328 329]] [22 [330 331 332 333 334 335 336 338 340 343 344]] [23 [345 346 347 348 349 350 351 352 353 354 355 356 357 358 359]] [24 [360 361 362 363 364 365 366 367 368 369 370 371 372 373 374]] [25 [375 376 377 378 379 380 381 382 383 384 385 386 387 388 389]] [26 [390 391 392 393 394 395 396 397 398 399 400 401 402 403 404]] [27 [405 406 407 408 409 410 411 412 413 414 415 416 417 418 419]] [28 [420 421 422 423 424 425 427 428 429 430 431 432 433 434]] [29 [435 436 437 438 439 440 441 442 443 444 445 446 447 448 449]] [30 [450 451 452 453 454 455 456 457 458 459 460 461 462 463 464]] [31 [465 467 469 470 471 474 475]] [32 [480 481 482 485 486 487 488 489 490 491 492]] [33 [495 496 497 498 499 500 501 502 503 504 505 506 507 508 509]] [34 [510 511 512 513 514 515 516 517 518 519 520 521 522 523 524]] [35 [525 526 527 528 529 530 531 532 533 534 535 536 537 538 539]] [36 [540 541 542 543 544 545 546 547 548 549 550 551 552 553 554]] [37 [555 556 557 558 559 561 562 563 564 565 566]] [38 [570 571 572 573 574 575 576 577 578 579 581 582]] [39 [586 587 589 590 591 594 596 597 598]] [40 [600 601 602 603 604 605 606 607 608 609 612 613 614]] [41 [615 616 617 618 619 620 621 622 623 624 625 626 627 628 629]] [42 [630 631 632 633 634 635 636 637 638 639 640 641 642 643 644]] [43 [645 646 647 648 649 650 651 652 653 654 655 656 657 658 659]] [44 [660 661 662 663 664 665 666 667 668 669 670 671 672 673 674]] [45 [675 676 677 678 679 680 681 682 683 684 685 686 687 688 689]] [46 [690 691 692 693 694 695 696 697 698 699 700 701 702 703 704]] [47 [705 706 707 708 709 710 711 712 713 714 715 716 717 718 719]] [48 [720 721 722 723 724 725 726 727 728 729 730 731 732 733 734]] [49 [735 736 737 738 739 740 742 743 744 745 746 747 748 749]] [50 [750 751 752 753 754 755 756 757 758 759 760 761 762 763 764]] [51 [765 766 767 768 769 770 771 772 773 774 775 776 777 778 779]] [52 [780 781 782 783 784 785 786 787 788 789 790 791 792 793 794]] [53 [795 796 797 798 799 800 801 802 803 804 805 806 807 808 809]] [54 [810 811 812 813 814 815 816 817 818 819 820 821 822 823 824]] [55 [825 826 827 828 829 830 831 832 833 834 835 836 837 838 839]] [56 [840 841 842 843 844 845 846 847 848 849 850 851 852 853 854]] [57 [855 856 857 858 859 860 862 863 864 865 866 867 868 869]] [58 [870 871 872 873 874 875 876 877 878 879 880 881 882 883 884]] [59 [885 886 887 888 889 890 891 892 893 894 895 896 897 898 899]] [60 [900 901 902 903 904 905 906 907 908 909 910 911 912 913 914]] [61 [915 916 917 918 919 920 921 922 923 924 925 926 927 928 929]] [62 [930 931 932 933 934 935 936 937 938 939 940 941 942 943 944]] [63 [945 946 947 948 949 950 951 953 955 956 957 958 959]] [64 [960 961 962 963 964 965 966 967 968 969 970 971 972 973 974]] [65 [975 976 977 978 979 980 981 982 983 984 985 986 987 988 989]] [66 [990 991 992 993 994 995 996 997 998 999 1000 1001 1002 1003 1004]] [67 [1005 1006 1007 1008 1009 1010 1011 1012 1013 1014 1015 1016 1017 1018 1019]] [68 [1020 1021 1022 1023 1024 1025 1026 1027 1028 1029 1030 1031 1032 1033 1034]] [69 [1035 1036 1037 1038 1039 1040 1041 1043 1045 1046 1047 1048]] [70 [1050 1051 1052 1053 1054 1055 1056 1057 1058 1059 1060 1062 1063 1064]] [71 [1065 1066 1067 1068 1069 1070 1071 1072 1073 1074 1075 1076 1077 1078 1079]] [72 [1080 1081 1082 1083 1084 1085 1086 1087 1088 1089 1090 1091 1092 1093 1094]] [73 [1095 1096 1098 1099 1100 1101 1104 1105 1106 1107 1108 1109]] [74 [1110 1111 1112 1113 1114 1115 1116 1118 1119 1120 1121 1122 1123 1124]] [75 [1125 1126 1127 1128 1129 1130 1131 1132 1134 1135 1136 1137 1138 1139]] [76 [1140 1141 1142 1143 1144 1145 1146 1147 1148 1149 1150 1151 1152 1153 1154]] [77 [1155 1156 1157 1158 1159 1160 1161 1162 1163 1164 1165 1166 1167 1168 1169]] [78 [1170 1171 1172 1173 1174 1175 1176 1177 1178 1179 1180 1181 1182 1183 1184]] [79 [1185 1186 1187 1188 1189 1190 1191 1192 1193 1194 1195 1196 1197 1198 1199]] [80 [1200 1201 1202 1203 1204 1205 1206 1207 1208 1209 1210 1211 1212 1213 1214]] [81 [1215 1217 1218 1219 1220 1221 1222 1223 1224 1225 1226 1227 1228 1229]] [82 [1230 1231 1232 1233 1234 1235 1236 1237 1238 1239 1240 1241 1242 1243 1244]] [83 [1245 1246 1247 1248 1249 1250 1251 1252 1253 1254 1255 1257 1258 1259]] [84 [1260 1261 1262 1263 1264 1265 1266 1267 1268 1269 1270 1271 1272 1273 1274]] [85 [1275 1276 1277 1278 1279 1280 1281 1282 1283 1284 1285 1286 1287 1288 1289]] [86 [1290 1291 1292 1293 1294 1295 1296 1297 1298 1299 1300 1301 1302 1303 1304]] [87 [1305 1306 1307 1308 1309 1310 1311 1312 1313 1314 1315 1316 1317 1318 1319]] [88 [1320 1321 1322 1323 1324 1325 1326 1327 1328 1330 1331 1332 1333 1334]] [89 [1335 1336 1337 1338 1339 1340 1341 1342 1343 1344 1345 1346 1347 1348 1349]] [90 [1350 1351 1352 1353 1354 1355 1356 1357 1358 1359 1360 1361 1362 1363 1364]] [91 [1365 1366 1367 1368 1369 1370 1371 1372 1374 1375 1377 1378 1379]] [92 [1380 1381 1382 1383 1384 1385 1386 1387 1388 1389 1390 1391 1392 1393 1394]] [93 [1395 1396 1397 1398 1399 1400 1401 1402 1403 1404 1405 1406 1407 1408 1409]] [94 [1410 1411 1412 1413 1414 1415 1416 1417 1418 1419 1420 1421 1422 1423 1424]] [95 [1425 1426 1427 1428 1429 1430 1431 1432 1433 1434 1435 1436 1437 1438 1439]] [96 [1440 1441 1442 1444 1445 1446 1447 1448 1449 1450 1451 1452 1453 1454]] [97 [1455 1456 1457 1458 1459 1460 1461 1463 1464 1465 1467 1468 1469]] [98 [1470 1471 1472 1473 1474 1475 1476 1477 1478 1479 1480 1483]] [99 [1485 1486 1487 1488 1489 1490 1491 1492 1493 1494 1495 1496 1497 1498 1499]]]","[[0 [0 5 6 8 11 12]] [1 [16 17 18 19 23 27]] [2 [31 32 33 35 36 40 43 44]] [3 [47 48 52 56 57 59]] [4 [60 63 64 66 69 70 73 74]] [5 [75 76 78 86 89]] [6 [90 92 93 96 98 99 100 101 102]] [7 [111 113 115 116 119]] [8 [122 124 129 132]] [9 [135 139 140 142 144 149]] [10 [150 154 155 156 158 160 162 164]] [11 [165 169 171 173 175 177]] [12 [180 182 183 184 186 187 188 193 194]] [13 [196 197 199 200 203 207 208]] [14 [210 211 212 218 219 221 223]] [15 [225 227 228 229 231 232 233 235 236 237 239]] [16 [241 243 244 248 249 251 254]] [17 [255 256 258 259 261 269]] [18 [272 273 277 278 283]] [19 [285 286 287 289 291 292 294 299]] [20 [301 302 305 306 309 310 311 312 313 314]] [21 [315 317 319 320 321 322 324 329]] [22 [330 331 332 333 335 336 338]] [23 [345 346 351 353 354 355 358 359]] [24 [360 364 368 369 372 373]] [25 [377 379 383 384 387 388]] [26 [393 397 399 400 401]] [27 [406 409 411 412 414 419]] [28 [421 422 424 430 432 434]] [29 [438 442 443 447 449]] [30 [456 457 458 459 462 463]] [31 [465 467 470 471 474 475]] [32 [480 485 486 487 488 489 492]] [33 [496 497 498 499 501 502 508]] [34 [511 518 520 521 522 524]] [35 [526 528 529 532 534 536 539]] [36 [540 543 545 546 551]] [37 [556 563 564 565 566]] [38 [575 576 577 578 582]] [39 [587 589 591 594 597 598]] [40 [600 601 602 605 606 607 608 612 613]] [41 [616 618 620 621 622 626 627 629]] [42 [631 632 633 635 636 639 640 643]] [43 [645 647 649 650 651 658]] [44 [661 664 665 667 669 671 673]] [45 [676 677 678 680 681 682 687]] [46 [693 695 696 697 702 703]] [47 [705 706 707 709 710 712 715 716 717]] [48 [724 725 729]] [49 [737 742 743 744 745]] [50 [751 753 758 762 764]] [51 [766 772 773 774 775 776 777 779]] [52 [782 783 785 786 787 789 790]] [53 [798 799 800 801 802 803 805 806 808]] [54 [811 814 815 819 821 822 823 824]] [55 [826 827 828 830 831 833 834 838 839]] [56 [840 841 843 845 849 850 851 852]] [57 [855 856 857 859 860 863 865 868 869]] [58 [870 871 872 873 875 878 879 881 882]] [59 [885 886 887 889 893 894]] [60 [900 902 903 908 914]] [61 [918 921 922 925 927]] [62 [931 932 934 936 939 940 942 943 944]] [63 [946 948 949 950 951 953 955 957 958]] [64 [960 962 966 973 974]] [65 [975 978 982 983 985 986]] [66 [994 995 997 999 1001]] [67 [1005 1006 1009 1010 1011 1012 1014 1015]] [68 [1020 1022 1024 1026 1027 1029 1030 1031 1032 1033]] [69 [1035 1037 1038 1039 1040 1046 1047]] [70 [1050 1056 1058 1059 1062 1063 1064]] [71 [1065 1069 1070 1071 1072 1077 1078 1079]] [72 [1080 1081 1083 1089 1091 1092 1094]] [73 [1095 1098 1099 1100 1101 1104 1107 1108 1109]] [74 [1111 1115 1118 1119 1122 1123]] [75 [1125 1126 1127 1128 1131 1132 1134 1135 1136 1138]] [76 [1140 1142 1144 1145 1146 1148 1150 1151 1152 1154]] [77 [1158 1159 1160 1162 1164 1165 1166 1167 1168 1169]] [78 [1172 1174 1176 1178 1179 1180 1182 1184]] [79 [1185 1187 1190 1192 1193 1194 1198 1199]] [80 [1200 1201 1204 1206 1208 1211 1212 1213 1214]] [81 [1215 1218 1226 1227 1228]] [82 [1232 1233 1237 1241 1242]] [83 [1247 1248 1249 1250 1255 1259]] [84 [1264 1265 1266 1271 1273]] [85 [1278 1279 1281 1283 1288 1289]] [86 [1292 1294 1297 1298 1299 1300 1302 1303 1304]] [87 [1306 1308 1311 1317 1318 1319]] [88 [1321 1322 1323 1324 1325 1330 1331 1334]] [89 [1337 1338 1344 1345 1347 1349]] [90 [1350 1351 1354 1357 1358 1360 1362 1363]] [91 [1365 1366 1367 1371 1375 1378]] [92 [1380 1383 1385 1386 1389 1391 1392 1394]] [93 [1397 1398 1399 1400 1402 1406 1409]] [94 [1411 1416 1417 1421]] [95 [1425 1430 1432 1433 1436 1437 1439]] [96 [1440 1441 1442 1444 1445 1450 1451 1452 1453 1454]] [97 [1455 1457 1459 1464 1467 1468 1469]] [98 [1470 1471 1477 1478 1483]] [99 [1485 1486 1487 1492 1493 1497 1498]]]",,"[[{media 54} [[""A"" [0 0]]]] [{media 57} [[""A"" [1 1]]]] [{media 59} [[""A"" [6 6]]]] [{media 61} [[""A"" [0 0]]]] [{media 63} [[""A"" [5 5]]]] [{media 64} [[""A"" [5 5]]]] [{media 51} [[""A"" [3 3]]]] [{citizen 0} [[""A"" [1 0]]]] [{citizen 4} [[""A"" [5 5]]]] [{citizen 3} [[""A"" [1 1]]]] [{citizen 1} [[""A"" [5 5]]]] [{citizen 6} [[""A"" [1 0]]]] [{citizen 12} [[""A"" [1 0]]]] [{media 60} [[""A"" [3 3]]]] [{media 53} [[""A"" [1 1]]]] [{media 56} [[""A"" [5 5]]]] [{media 50} [[""A"" [0 0]]]] [{media 52} [[""A"" [3 3]]]] [{citizen 26} [[""A"" [4 5]]]] [{media 55} [[""A"" [2 2]]]] [{citizen 36} [[""A"" [4 5]]]] [{citizen 5} [[""A"" [5 5]]]] [{citizen 27} [[""A"" [0 1]]]] [{citizen 22} [[""A"" [4 5]]]] [{citizen 48} [[""A"" [3 1]]]] [{media 58} [[""A"" [4 4]]]] [{citizen 39} [[""A"" [0 1]]]] [{citizen 7} [[""A"" [5 5]]]] [{media 62} [[""A"" [4 4]]]] [{citizen 13} [[""A"" [4 5]]]] [{citizen 25} [[""A"" [1 0]]]] [{citizen 14} [[""A"" [4 5]]]] [{citizen 17} [[""A"" [4 2]]]] [{citizen 40} [[""A"" [5 3]]]] [{citizen 37} [[""A"" [2 1]]]] [{citizen 8} [[""A"" [0 0]]]] [{citizen 2} [[""A"" [1 0]]]] [{citizen 31} [[""A"" [5 4]]]] [{citizen 45} [[""A"" [2 1]]]] [{citizen 19} [[""A"" [1 1]]]] [{citizen 11} [[""A"" [4 5]]]] [{citizen 49} [[""A"" [2 1]]]] [{citizen 42} [[""A"" [4 5]]]] [{citizen 28} [[""A"" [5 5]]]] [{citizen 44} [[""A"" [5 5]]]] [{citizen 38} [[""A"" [5 3]]]] [{citizen 21} [[""A"" [5 5]]]] [{citizen 20} [[""A"" [3 2]]]] [{citizen 9} [[""A"" [5 5]]]] [{citizen 15} [[""A"" [0 1]]]] [{citizen 18} [[""A"" [4 5]]]] [{citizen 16} [[""A"" [5 3]]]] [{citizen 46} [[""A"" [2 1]]]] [{citizen 41} [[""A"" [5 5]]]] [{citizen 43} [[""A"" [0 0]]]] [{citizen 30} [[""A"" [0 0]]]] [{citizen 23} [[""A"" [1 1]]]] [{citizen 33} [[""A"" [5 1]]]] [{citizen 34} [[""A"" [1 0]]]] [{citizen 24} [[""A"" [4 5]]]] [{citizen 10} [[""A"" [1 0]]]] [{citizen 35} [[""A"" [4 4]]]] [{citizen 32} [[""A"" [5 5]]]] [{citizen 29} [[""A"" [0 0]]]]]"
"48","[255 0 0]","356.3265306122447","-0.25011138096681107","7.396310150488864","""circle""","""""","9.9","{breed citizens}","false","0.5","1","""up""",,"[[""ID"" 23] [""alpha"" 1] [""beta"" 1] [""malleable"" [""A""]] [""prior"" []] [""cont_tokens"" []] [""A"" 0]]","[[0 [0 2 3 4 5 6 7 8 9 11 12 13 14]] [1 [15 16 17 18 19 20 21 22 23 24 25 26 27 28 29]] [2 [30 31 32 33 34 35 36 37 38 39 40 41 42 43 44]] [3 [45 46 47 48 49 50 51 52 53 54 55 56 57 58 59]] [4 [60 61 62 63 64 65 66 67 68 69 70 71 72 73 74]] [5 [75 76 77 78 79 80 81 82 83 84 85 87 88 89]] [6 [90 91 92 93 94 95 96 97 98 99 100 101 102 103 104]] [7 [105 106 107 108 109 110 111 112 113 114 115 116 119]] [8 [122 123 124 125 127 128 129 132 134]] [9 [135 137 138 139 140 142 144 145 146 147 148 149]] [10 [150 151 152 153 154 155 156 158 159 160 161 162 163 164]] [11 [165 166 167 168 169 170 171 172 173 174 175 176 177 178 179]] [12 [180 181 182 183 184 185 186 187 188 189 190 191 192 193 194]] [13 [195 196 197 198 199 200 201 202 203 204 205 206 207 208 209]] [14 [210 211 212 213 214 216 218 219 221 222 223 224]] [15 [225 226 227 228 229 231 232 233 234 235 236 237 238 239]] [16 [240 241 242 243 244 245 246 247 248 249 250 251 252 253 254]] [17 [255 256 257 258 259 260 261 262 263 264 265 266 267 268 269]] [18 [270 271 272 273 274 275 276 277 278 279 280 281 282 283 284]] [19 [285 286 287 288 289 290 291 292 293 294 295 296 297 298 299]] [20 [300 301 302 303 304 305 306 307 308 309 310 311 312 313 314]] [21 [315 316 317 318 319 320 321 322 323 324 325 326 327 328 329]] [22 [330 331 332 333 334 335 336 337 338 339 340 341 342 343 344]] [23 [345 346 347 348 349 350 351 352 353 354 355 356 357 358 359]] [24 [360 361 362 363 364 365 366 367 368 369 370 371 372 373 374]] [25 [375 376 377 378 379 380 381 382 383 384 385 386 387 388 389]] [26 [390 391 392 393 394 395 396 397 398 399 400 401 402 403 404]] [27 [405 406 407 408 409 410 411 412 413 414 415 416 417 418 419]] [28 [420 421 422 423 424 425 427 428 429 430 431 432 433 434]] [29 [435 436 437 438 439 440 441 442 443 444 445 446 447 448 449]] [30 [450 451 452 453 454 455 456 457 458 459 460 461 462 463 464]] [31 [465 466 467 468 469 470 471 472 473 474 475 476 477 478 479]] [32 [480 481 482 485 486 487 488 489 490 491 492]] [33 [495 496 497 498 499 501 502 503 504 505 506 507 508 509]] [34 [510 511 512 513 514 515 516 517 518 519 520 521 522 523 524]] [35 [525 526 527 528 529 530 531 532 533 534 535 536 537 538 539]] [36 [540 541 542 543 544 545 546 547 548 549 550 551 552 553 554]] [37 [556 558 559 561 562 563 564 565 566]] [38 [570 571 572 573 574 575 576 577 578 579 581 582 583 584]] [39 [586 587 589 590 591 594 596 597 598]] [40 [600 601 602 603 604 605 606 607 608 609 612 613 614]] [41 [615 616 617 618 619 620 621 622 623 624 625 626 627 628 629]] [42 [630 631 632 633 634 635 636 637 638 639 640 641 642 643 644]] [43 [645 646 647 648 649 650 651 652 653 654 655 656 657 658 659]] [44 [660 661 662 663 664 665 666 667 668 669 670 671 672 673 674]] [45 [676 677 678 679 680 681 682 683 684 685 686 687 688 689]] [46 [690 691 692 693 694 695 696 697 698 699 700 701 702 703 704]] [47 [705 706 707 708 709 710 711 712 713 714 715 716 717 718 719]] [48 [720 721 722 723 724 725 726 727 728 729 730 731 732 733 734]] [49 [735 736 737 738 739 740 742 743 744 745 746 747 748 749]] [50 [750 751 752 753 754 755 756 757 758 759 760 761 762 763 764]] [51 [765 766 767 768 769 770 771 772 773 774 775 776 777 778 779]] [52 [780 781 782 783 784 785 786 787 788 789 790 791 792 793 794]] [53 [795 796 797 798 799 800 801 802 803 804 805 806 807 808 809]] [54 [810 811 812 813 814 815 816 817 818 819 820 821 822 823 824]] [55 [825 826 827 828 829 830 831 832 833 834 835 836 837 838 839]] [56 [840 841 842 843 844 845 846 847 848 849 850 851 852 853 854]] [57 [855 856 857 858 859 860 861 862 863 864 865 866 867 868 869]] [58 [870 871 872 873 875 876 877 878 879 880 881 882 883 884]] [59 [885 886 887 888 889 890 891 892 893 894 895 896 897 898 899]] [60 [900 901 902 903 904 905 906 907 908 909 910 911 912 913 914]] [61 [915 916 917 918 919 920 921 922 923 924 925 926 927 928 929]] [62 [930 931 932 933 934 935 936 937 938 939 940 941 942 943 944]] [63 [945 946 947 948 949 950 951 953 955 956 957 958 959]] [64 [960 961 962 963 964 965 966 967 968 969 970 971 972 973 974]] [65 [975 976 977 978 979 980 981 982 983 984 985 986 987 988 989]] [66 [990 991 992 993 994 995 996 997 998 999 1000 1001 1002 1003 1004]] [67 [1005 1006 1007 1008 1009 1010 1011 1012 1013 1014 1015 1016 1017 1018 1019]] [68 [1020 1021 1022 1023 1024 1025 1026 1027 1028 1029 1030 1031 1032 1033]] [69 [1035 1036 1037 1038 1039 1040 1041 1043 1045 1046 1047 1048]] [70 [1050 1051 1052 1053 1054 1055 1056 1057 1058 1059 1060 1062 1063 1064]] [71 [1065 1067 1068 1069 1070 1071 1072 1073 1074 1075 1076 1077 1078 1079]] [72 [1080 1081 1082 1083 1084 1085 1086 1087 1088 1089 1090 1091 1092 1093 1094]] [73 [1095 1096 1097 1098 1099 1100 1101 1102 1103 1104 1105 1106 1107 1108 1109]] [74 [1110 1111 1112 1113 1114 1115 1116 1118 1119 1120 1121 1122 1123 1124]] [75 [1125 1126 1127 1128 1129 1130 1131 1132 1134 1135 1136 1137 1138 1139]] [76 [1140 1142 1143 1144 1145 1146 1147 1148 1149 1150 1151 1152 1153 1154]] [77 [1158 1159 1160 1162 1163 1164 1165 1166 1167 1168 1169]] [78 [1170 1171 1172 1173 1174 1175 1176 1177 1178 1179 1180 1181 1182 1183 1184]] [79 [1185 1186 1187 1188 1189 1190 1191 1192 1193 1194 1195 1196 1197 1198 1199]] [80 [1200 1201 1204 1206 1208 1209 1210 1211 1212 1213 1214]] [81 [1215 1217 1218 1219 1220 1221 1222 1223 1224 1225 1226 1227 1228 1229]] [82 [1230 1231 1232 1233 1234 1235 1236 1237 1238 1239 1240 1241 1242 1243 1244]] [83 [1245 1246 1247 1248 1249 1250 1251 1252 1253 1254 1255 1257 1258 1259]] [84 [1260 1261 1262 1263 1264 1265 1266 1267 1268 1269 1270 1271 1272 1273 1274]] [85 [1275 1276 1277 1278 1279 1280 1281 1282 1283 1284 1285 1286 1287 1288 1289]] [86 [1290 1291 1292 1293 1294 1295 1296 1297 1298 1299 1300 1301 1302 1303 1304]] [87 [1305 1306 1307 1308 1309 1310 1311 1312 1313 1314 1315 1316 1317 1318 1319]] [88 [1320 1321 1322 1323 1324 1325 1326 1327 1328 1330 1331 1332 1333 1334]] [89 [1337 1338 1339 1340 1341 1342 1343 1344 1345 1346 1347 1348 1349]] [90 [1350 1351 1352 1353 1354 1355 1356 1357 1358 1359 1360 1361 1362 1363 1364]] [91 [1365 1366 1367 1368 1369 1370 1371 1372 1373 1374 1375 1376 1377 1378 1379]] [92 [1380 1381 1382 1383 1384 1385 1386 1387 1388 1389 1390 1391 1392 1393 1394]] [93 [1395 1396 1397 1398 1399 1400 1401 1402 1403 1404 1405 1406 1407 1408 1409]] [94 [1410 1411 1412 1413 1414 1415 1416 1417 1418 1419 1420 1421 1422 1423 1424]] [95 [1425 1426 1428 1429 1430 1431 1432 1433 1434 1435 1436 1437 1438 1439]] [96 [1440 1441 1442 1444 1445 1446 1447 1448 1449 1450 1451 1452 1453 1454]] [97 [1455 1456 1457 1458 1459 1460 1461 1462 1463 1464 1465 1466 1467 1468 1469]] [98 [1470 1471 1472 1473 1474 1475 1476 1477 1478 1479 1480 1483]] [99 [1485 1486 1487 1489 1490 1491 1492 1493 1494 1495 1496 1497 1498 1499]]]","[[0 [0 3 5 6 8 11 12]] [1 [16 18 19 21 22 25 26 28 29]] [2 [31 32 33 35 36 40 43 44]] [3 [47 49 50 51 53 54 55 59]] [4 [60 63 64 67 68 71 72]] [5 [77 79 81 82 83 84 87 89]] [6 [90 91 92 93 96 98 99 100 101 102]] [7 [111 113 115 116 119]] [8 [122 124 125 127 128 129 132]] [9 [135 139 140 142 145 147 148]] [10 [150 154 155 156 160 163]] [11 [167 168 171 173 175 177]] [12 [180 183 184 186 187 188 193 194]] [13 [196 197 199 200 203 205 207 208]] [14 [210 211 212 218 219 221 223]] [15 [225 227 229 231 233 235 236 237 239]] [16 [241 243 244 248 249 251 254]] [17 [255 256 260 262 263 264 265 266 267]] [18 [270 271 274 276 279 280 284]] [19 [285 286 287 289 291 292 294 296 298]] [20 [300 306 309 310 311 312 313 314]] [21 [317 320 321 322 326]] [22 [330 331 332 333 335 336 338]] [23 [345 346 347 350 351 353 354 359]] [24 [360 364 366 367 368 369 372 373]] [25 [377 379 382 383 384 387 388]] [26 [393 397 399 400 401]] [27 [406 409 410 412 414 419]] [28 [421 422 424 430 432 434]] [29 [439 440 444 445 446 448]] [30 [450 451 454 455 458 459 461 462 463 464]] [31 [465 467 470 471 474 475]] [32 [480 485 486 487 488 489]] [33 [495 497 498 499 501 506]] [34 [511 518 519 521 522]] [35 [526 528 529 532 535 537 538 539]] [36 [540 541 542 545 546 551]] [37 [556 558 559 561 562]] [38 [570 571 572 573 574 579 581 582]] [39 [587 589 591 594 597 598]] [40 [600 601 602 605 606 607 608 612 613]] [41 [616 620 621 623 624 625 626 627]] [42 [630 632 633 634 637 638 641]] [43 [646 648 652 654 655 656]] [44 [661 664 665 667 668 669 671 673]] [45 [676 677 678 679 680 682 687 688]] [46 [690 691 692 694 699 700 701 702 703]] [47 [705 706 707 709 710 712 715 716 718 719]] [48 [720 721 722 723 725 727 728 730 731 732 733 734]] [49 [736 737 742 743 744 745 746 747 748 749]] [50 [752 753 755 759 760 763]] [51 [765 767 770 773 774 775 776 777 779]] [52 [782 783 785 786 788 794]] [53 [795 796 797 802 803 804 805 806 809]] [54 [810 812 816 817 818 823 824]] [55 [826 827 828 829 830 831 833 834 838]] [56 [840 841 843 845 849 850 851 853 854]] [57 [858 860 863 864 865 868]] [58 [870 871 872 873 875 878 880 881 882]] [59 [885 886 887 889 893 895 896 898 899]] [60 [901 904 905 907 910 911 912 913 914]] [61 [918 921 922 925 926 928 929]] [62 [930 933 935 937 943 944]] [63 [946 948 949 950 953 956]] [64 [961 964 965 970 971 972]] [65 [976 979 980 984 985 986]] [66 [992 993 998 1000 1002 1003 1004]] [67 [1005 1006 1009 1013 1016 1019]] [68 [1021 1023 1025 1027 1028 1029 1030 1033]] [69 [1035 1037 1038 1039 1040 1046 1047]] [70 [1051 1052 1054 1056 1058 1059 1062 1063 1064]] [71 [1065 1069 1070 1071 1072 1077 1078 1079]] [72 [1080 1081 1082 1083 1088 1089 1091 1092 1094]] [73 [1095 1099 1100 1101 1104 1107 1108 1109]] [74 [1111 1115 1118 1120 1124]] [75 [1130 1132 1134 1135 1136]] [76 [1140 1142 1144 1146 1150 1151 1152 1154]] [77 [1158 1164 1165 1166 1168 1169]] [78 [1172 1174 1176 1178 1179 1180 1182 1184]] [79 [1185 1187 1193 1194 1198 1199]] [80 [1200 1201 1204 1206 1208 1210 1211 1212 1213]] [81 [1217 1220 1222 1224 1225 1229]] [82 [1232 1233 1237 1241 1242]] [83 [1247 1248 1249 1250 1255 1259]] [84 [1260 1262 1263 1267 1269 1270 1274]] [85 [1275 1276 1277 1282 1286 1287]] [86 [1291 1293 1294 1299 1300 1303 1304]] [87 [1306 1307 1310 1313 1317 1318 1319]] [88 [1321 1322 1323 1324 1325 1327 1330 1331 1334]] [89 [1337 1338 1339 1342 1344 1345 1347 1349]] [90 [1352 1355 1356 1358 1359 1361]] [91 [1368 1369 1370 1371 1374 1375 1377]] [92 [1380 1383 1384 1385 1386 1387 1388 1390 1393 1394]] [93 [1399 1400 1402 1406 1409]] [94 [1411 1416 1419 1423 1424]] [95 [1426 1429 1431 1438]] [96 [1440 1441 1446 1447 1448 1449 1450 1452 1453 1454]] [97 [1455 1457 1459 1464 1467 1469]] [98 [1470 1471 1477 1478 1480]] [99 [1485 1486 1487 1492 1493 1497 1498]]]",,"[[{citizen 49} [[""A"" [5 2]]]] [{media 50} [[""A"" [0 0]]]] [{media 51} [[""A"" [3 3]]]] [{media 52} [[""A"" [3 3]]]] [{media 53} [[""A"" [1 1]]]] [{media 55} [[""A"" [2 2]]]] [{media 56} [[""A"" [5 5]]]] [{media 57} [[""A"" [1 1]]]] [{media 58} [[""A"" [4 4]]]] [{media 60} [[""A"" [3 3]]]] [{media 62} [[""A"" [4 4]]]] [{media 64} [[""A"" [5 5]]]] [{citizen 6} [[""A"" [0 1]]]] [{citizen 22} [[""A"" [4 5]]]] [{media 59} [[""A"" [6 6]]]] [{citizen 12} [[""A"" [1 0]]]] [{citizen 1} [[""A"" [4 5]]]] [{citizen 4} [[""A"" [5 5]]]] [{citizen 0} [[""A"" [0 0]]]] [{citizen 3} [[""A"" [0 1]]]] [{media 54} [[""A"" [0 0]]]] [{citizen 26} [[""A"" [5 5]]]] [{citizen 36} [[""A"" [4 5]]]] [{citizen 5} [[""A"" [4 5]]]] [{citizen 27} [[""A"" [0 1]]]] [{citizen 39} [[""A"" [0 1]]]] [{citizen 7} [[""A"" [4 5]]]] [{citizen 13} [[""A"" [4 5]]]] [{citizen 47} [[""A"" [1 0]]]] [{citizen 17} [[""A"" [4 2]]]] [{citizen 35} [[""A"" [4 5]]]] [{citizen 11} [[""A"" [4 5]]]] [{citizen 34} [[""A"" [0 0]]]] [{citizen 14} [[""A"" [1 5]]]] [{citizen 25} [[""A"" [1 0]]]] [{citizen 40} [[""A"" [4 5]]]] [{citizen 24} [[""A"" [4 5]]]] [{citizen 20} [[""A"" [3 2]]]] [{citizen 9} [[""A"" [5 5]]]] [{citizen 10} [[""A"" [1 0]]]] [{citizen 2} [[""A"" [1 0]]]] [{citizen 19} [[""A"" [0 1]]]] [{media 63} [[""A"" [5 5]]]] [{citizen 37} [[""A"" [0 0]]]] [{citizen 8} [[""A"" [0 0]]]] [{citizen 31} [[""A"" [0 0]]]] [{citizen 45} [[""A"" [0 0]]]] [{media 61} [[""A"" [0 0]]]] [{citizen 42} [[""A"" [4 5]]]] [{citizen 28} [[""A"" [5 5]]]] [{citizen 44} [[""A"" [5 5]]]] [{citizen 38} [[""A"" [5 3]]]] [{citizen 21} [[""A"" [5 5]]]] [{citizen 15} [[""A"" [1 0]]]] [{citizen 18} [[""A"" [4 5]]]] [{citizen 16} [[""A"" [5 3]]]] [{citizen 46} [[""A"" [0 1]]]] [{citizen 41} [[""A"" [4 5]]]] [{citizen 43} [[""A"" [0 0]]]] [{citizen 30} [[""A"" [0 0]]]] [{citizen 23} [[""A"" [1 0]]]] [{citizen 33} [[""A"" [5 0]]]] [{citizen 29} [[""A"" [0 0]]]] [{citizen 32} [[""A"" [5 5]]]]]"
"49","[255 0 0]","279.1836734693877","-13.902592238590492","1.9636280199916811","""circle""","""""","9.9","{breed citizens}","false","0.5","1","""up""",,"[[""ID"" 26] [""alpha"" 1] [""beta"" 1] [""malleable"" [""A""]] [""prior"" []] [""cont_tokens"" []] [""A"" 0]]","[[0 [0 1 2 3 4 5 6 7 8 9 10 11 12 13 14]] [1 [15 16 17 18 19 20 21 22 23 24 25 26 27 28 29]] [2 [30 31 32 33 34 35 36 37 38 39 40 41 42 43 44]] [3 [45 46 47 48 49 50 51 52 53 54 55 56 57 58 59]] [4 [60 61 62 63 64 65 66 67 68 69 70 71 72 73 74]] [5 [75 76 77 78 79 80 81 82 83 84 85 87 88 89]] [6 [90 91 92 93 94 95 96 97 98 99 100 101 102 103 104]] [7 [105 107 109 110 111 112 113 114 115 116 119]] [8 [120 121 122 123 124 125 127 128 129 132 134]] [9 [135 137 138 139 140 142 144 145 146 147 148 149]] [10 [150 151 152 153 154 155 156 158 159 160 161 162 163 164]] [11 [165 166 167 168 169 170 171 172 173 174 175 176 177 178 179]] [12 [180 181 182 183 184 185 186 187 188 189 190 191 192 193 194]] [13 [195 196 197 198 199 200 203 205 207 208 209]] [14 [210 211 212 213 214 216 218 219 221 222 223 224]] [15 [225 226 227 228 229 231 232 233 234 235 236 237 238 239]] [16 [240 241 242 243 244 245 246 247 248 249 250 251 252 253 254]] [17 [255 256 257 258 259 260 261 262 263 264 265 266 267 268 269]] [18 [270 271 272 273 274 275 276 277 278 279 280 281 282 283 284]] [19 [285 286 287 288 289 290 291 292 293 294 295 296 297 298 299]] [20 [301 302 303 304 305 306 307 309 310 311 312 313 314]] [21 [315 317 318 319 320 321 322 323 324 325 326 327 328 329]] [22 [330 331 332 333 334 335 336 337 338 339 340 341 342 343 344]] [23 [345 346 347 348 349 350 351 352 353 354 355 356 357 358 359]] [24 [360 361 362 363 364 365 366 367 368 369 370 371 372 373 374]] [25 [375 376 377 378 379 380 381 382 383 384 385 386 387 388 389]] [26 [390 391 392 393 394 395 396 397 398 399 400 401 402 403 404]] [27 [405 406 407 408 409 410 411 412 413 414 415 416 417 418 419]] [28 [420 421 422 423 424 425 427 428 429 430 431 432 433 434]] [29 [435 436 437 438 439 440 441 442 443 444 445 446 447 448 449]] [30 [450 451 452 453 454 455 456 457 458 459 460 461 462 463 464]] [31 [465 466 467 468 469 470 471 472 473 474 475 476 477 478 479]] [32 [480 481 482 485 486 487 488 489 490 491 492]] [33 [495 496 497 498 499 501 502 503 504 505 506 507 508 509]] [34 [510 511 512 513 514 515 516 517 518 519 520 521 522 523 524]] [35 [525 526 527 528 529 530 531 532 533 534 535 536 537 538 539]] [36 [540 541 542 543 544 545 546 547 548 549 550 551 552 553 554]] [37 [555 556 557 558 559 561 562 563 564 565 566]] [38 [570 571 572 573 574 575 576 577 578 579 581 582]] [39 [586 587 589 590 591 594 596 597 598]] [40 [600 601 602 603 604 605 606 607 608 609 612 613 614]] [41 [615 616 617 618 619 620 621 622 623 624 625 626 627 628 629]] [42 [630 631 632 633 634 635 636 637 638 639 640 641 642 643 644]] [43 [645 646 647 648 649 650 651 652 653 654 655 656 657 658 659]] [44 [660 661 662 663 664 665 666 667 668 669 670 671 672 673 674]] [45 [675 676 677 678 679 680 681 682 683 684 685 686 687 688 689]] [46 [690 691 692 693 694 695 696 697 698 699 700 701 702 703 704]] [47 [705 706 707 708 709 710 711 712 713 714 715 716 717 718 719]] [48 [720 721 722 723 724 725 726 727 728 729 730 731 732 733 734]] [49 [735 736 737 738 739 740 742 743 744 745 746 747 748 749]] [50 [750 751 752 753 754 755 756 757 758 759 760 761 762 763 764]] [51 [765 766 767 768 769 770 771 772 773 774 775 776 777 778 779]] [52 [780 781 782 783 784 785 786 787 788 789 790 791 792 793 794]] [53 [795 796 797 798 799 800 801 802 803 804 805 806 807 808 809]] [54 [810 811 812 813 814 815 816 817 818 819 820 821 822 823 824]] [55 [825 826 827 828 829 830 831 832 833 834 835 836 837 838 839]] [56 [840 841 842 843 844 845 846 847 848 849 850 851 852 853 854]] [57 [855 856 857 858 859 860 862 863 864 865 866 867 868 869]] [58 [870 871 872 873 874 875 876 877 878 879 880 881 882 883 884]] [59 [885 886 887 888 889 890 891 892 893 894 895 896 898 899]] [60 [900 901 902 903 904 905 906 907 908 909 910 911 912 913 914]] [61 [915 916 917 918 919 920 921 922 923 924 925 926 927 928 929]] [62 [930 931 932 933 934 935 936 937 938 939 940 941 942 943 944]] [63 [945 946 947 948 949 950 951 953 955 956 957 958 959]] [64 [960 961 962 963 964 965 966 967 968 969 970 971 972 973 974]] [65 [975 976 977 978 979 980 981 982 983 984 985 986 987 988 989]] [66 [990 991 992 993 994 995 996 997 998 999 1000 1001 1002 1003 1004]] [67 [1005 1006 1007 1008 1009 1010 1011 1012 1013 1014 1015 1016 1017 1018 1019]] [68 [1020 1021 1022 1023 1024 1025 1026 1027 1028 1029 1030 1031 1032 1033 1034]] [69 [1035 1036 1037 1038 1039 1040 1041 1043 1045 1046 1047 1048]] [70 [1050 1051 1052 1053 1054 1055 1056 1057 1058 1059 1060 1062 1063 1064]] [71 [1065 1067 1068 1069 1070 1071 1072 1073 1074 1075 1076 1077 1078 1079]] [72 [1080 1081 1082 1083 1084 1085 1086 1087 1088 1089 1090 1091 1092 1093 1094]] [73 [1095 1096 1097 1098 1099 1100 1101 1102 1103 1104 1105 1106 1107 1108 1109]] [74 [1110 1111 1112 1113 1114 1115 1116 1118 1119 1120 1121 1122 1123 1124]] [75 [1125 1126 1127 1128 1129 1130 1131 1132 1134 1135 1136 1137 1138 1139]] [76 [1140 1142 1143 1144 1145 1146 1147 1148 1149 1150 1151 1152 1153 1154]] [77 [1155 1156 1157 1159 1160 1161 1162 1163 1164 1165 1166 1167 1168 1169]] [78 [1170 1171 1172 1173 1174 1175 1176 1177 1178 1179 1180 1181 1182 1183 1184]] [79 [1185 1186 1187 1188 1189 1190 1191 1192 1193 1194 1195 1196 1197 1198 1199]] [80 [1200 1201 1204 1206 1208 1209 1210 1211 1212 1213 1214]] [81 [1215 1217 1218 1219 1220 1221 1222 1223 1224 1225 1226 1227 1228 1229]] [82 [1230 1231 1232 1233 1234 1235 1236 1237 1238 1239 1240 1241 1242 1243 1244]] [83 [1245 1246 1247 1248 1249 1250 1251 1252 1253 1254 1255 1257 1258 1259]] [84 [1260 1261 1262 1263 1264 1265 1266 1267 1268 1269 1270 1271 1272 1273 1274]] [85 [1275 1276 1277 1278 1279 1280 1281 1282 1283 1284 1285 1286 1287 1288 1289]] [86 [1290 1291 1292 1293 1294 1296 1297 1298 1299 1300 1301 1302 1303 1304]] [87 [1305 1306 1307 1308 1309 1310 1311 1312 1313 1314 1315 1316 1317 1318 1319]] [88 [1320 1321 1322 1323 1324 1325 1326 1327 1328 1330 1331 1332 1333 1334]] [89 [1335 1336 1337 1338 1339 1340 1341 1342 1343 1344 1345 1346 1347 1348 1349]] [90 [1350 1351 1352 1353 1354 1355 1356 1357 1358 1359 1360 1361 1362 1363 1364]] [91 [1365 1366 1367 1368 1369 1370 1371 1372 1373 1374 1375 1376 1377 1378 1379]] [92 [1380 1381 1382 1383 1384 1385 1386 1387 1388 1389 1390 1391 1392 1393 1394]] [93 [1395 1396 1397 1398 1399 1400 1401 1402 1403 1404 1405 1406 1407 1408 1409]] [94 [1410 1411 1412 1413 1414 1415 1416 1417 1418 1419 1420 1421 1422 1423 1424]] [95 [1425 1426 1427 1428 1429 1430 1431 1432 1433 1434 1435 1436 1437 1438 1439]] [96 [1440 1441 1442 1444 1445 1446 1447 1448 1449 1450 1451 1452 1453 1454]] [97 [1455 1456 1457 1458 1459 1460 1461 1463 1464 1465 1467 1468 1469]] [98 [1470 1471 1472 1473 1474 1475 1476 1477 1478 1479 1480 1483]] [99 [1485 1486 1487 1488 1489 1490 1491 1492 1493 1494 1495 1496 1497 1498 1499]]]","[[0 [2 3 7 9 13 14]] [1 [16 17 18 19 21 22 25 26 28]] [2 [30 34 37 38 41 42]] [3 [45 46 53 54 55 59]] [4 [60 62 63 64 66 67 68 71 72]] [5 [77 79 81 82 83 84 87 89]] [6 [90 91 92 93 96 98 99 100 101 102]] [7 [111 112 113 114 116 119]] [8 [122 124 125 127 128 129 132 134]] [9 [137 138 144 145 146 147 148]] [10 [150 152 153 164]] [11 [165 170 172 174 176 179]] [12 [182 183 184 185 186 187 188 190 192]] [13 [198 199 200 203 208]] [14 [210 211 212 218 219 221 222 223]] [15 [225 227 228 229 231 232 233 235 236 237 239]] [16 [241 243 244 245 248 249 251 253 254]] [17 [255 258 259 261 269]] [18 [272 273 277 278 283]] [19 [288 290 293 295 297]] [20 [301 302 303 304 305 307]] [21 [315 317 323 326 329]] [22 [331 332 333 335 336 338]] [23 [345 346 347 350 353 354 355 358 359]] [24 [360 364 367 368 369 371 374]] [25 [375 376 380 381 382 383 384 387 388]] [26 [393 397 399 400 401]] [27 [406 409 410 412 414 419]] [28 [422 424 430 432 434]] [29 [435 437 441 442 443 447 449]] [30 [456 457 459 461 462 463 464]] [31 [465 467 470 471 474 475]] [32 [480 485 486 487 488 489]] [33 [495 497 498 499 501 502 504 505 507 509]] [34 [510 512 513 516 517 523]] [35 [525 530 531 533 537 538]] [36 [540 543 545 546 551]] [37 [556 558 559 561 562 563 564 565 566]] [38 [575 576 577 578 582]] [39 [586 589 596 597 598]] [40 [600 601 602 605 606 607 608 612 613]] [41 [616 618 620 621 624 625 627]] [42 [631 633 635 636 639 640 642 643]] [43 [645 647 652 653 657 659]] [44 [660 662 663 664 665 668 669 671 673]] [45 [676 677 678 679 680 681 682 687 688 689]] [46 [690 691 692 694 699 700]] [47 [705 706 707 709 712 715 717]] [48 [724 725 727 728 730 731 732 733 734]] [49 [736 742 743 744 745 747 748 749]] [50 [750 752 753 758 762 764]] [51 [766 767 768 769 770 773 774 775 777 779]] [52 [782 783 785 786 787 791 792 793 794]] [53 [795 796 797 802 803 804 805 806 809]] [54 [810 812 816 817 818 823 824]] [55 [826 827 828 830 831 833 834 835 838]] [56 [840 841 843 845 849 850 851 852]] [57 [855 856 857 859 860 862 863 865 868 869]] [58 [870 871 872 873 880 881 882 884]] [59 [885 886 887 889 893 895 896 898 899]] [60 [901 904 906 907 910 911 912]] [61 [915 917 919 923 924 926 928 929]] [62 [930 932 938 939 940 942 943 944]] [63 [946 947 950 951 953 959]] [64 [960 962 963 966 973 974]] [65 [975 978 982 983 986 988]] [66 [992 993 998 1000 1002 1003 1004]] [67 [1005 1006 1009 1010 1011 1012 1014 1015]] [68 [1020 1022 1024 1026 1030 1033]] [69 [1035 1037 1038 1039 1040 1046 1047]] [70 [1052 1054 1058 1059 1063 1064]] [71 [1065 1069 1070 1071 1072 1078 1079]] [72 [1080 1083 1084 1086 1090 1094]] [73 [1095 1096 1098 1101 1104 1105 1108 1109]] [74 [1111 1115 1118 1120 1124]] [75 [1130 1131 1132 1134 1135 1136]] [76 [1140 1142 1143 1147 1149 1153]] [77 [1155 1156 1157 1160 1162 1163]] [78 [1170 1172 1174 1176 1178 1180 1182 1184]] [79 [1185 1187 1188 1189 1190 1192 1193 1194 1198 1199]] [80 [1200 1201 1204 1206 1208 1210 1211 1212 1213]] [81 [1217 1220 1222 1223 1224 1225 1229]] [82 [1230 1231 1238 1239 1242]] [83 [1247 1248 1249 1250 1255 1259]] [84 [1264 1265 1266 1271 1272]] [85 [1275 1276 1277 1280 1282 1284 1285 1287]] [86 [1291 1296 1302 1303 1304]] [87 [1306 1308 1310 1313 1314 1315 1316 1319]] [88 [1321 1322 1323 1324 1325 1330 1331 1334]] [89 [1337 1338 1339 1342 1345 1347 1349]] [90 [1352 1355 1356 1360 1362 1363]] [91 [1365 1366 1367 1371 1372 1374 1375 1377]] [92 [1380 1383 1385 1386 1387 1388 1390]] [93 [1395 1396 1401 1403 1405 1407 1408]] [94 [1412 1413 1414 1417 1420 1421]] [95 [1425 1432 1433 1434 1436 1437 1439]] [96 [1440 1441 1446 1447 1448 1449 1450 1451 1452 1453 1454]] [97 [1455 1457 1459 1463 1464 1467 1469]] [98 [1470 1471 1476 1477 1478 1483]] [99 [1485 1486 1487 1492 1493 1497 1498]]]",,"[[{media 51} [[""A"" [3 3]]]] [{media 52} [[""A"" [3 3]]]] [{media 53} [[""A"" [1 1]]]] [{media 54} [[""A"" [0 0]]]] [{media 55} [[""A"" [2 2]]]] [{media 57} [[""A"" [1 1]]]] [{media 59} [[""A"" [6 6]]]] [{media 61} [[""A"" [0 0]]]] [{media 63} [[""A"" [5 5]]]] [{media 64} [[""A"" [5 5]]]] [{citizen 1} [[""A"" [3 5]]]] [{citizen 4} [[""A"" [5 5]]]] [{citizen 6} [[""A"" [1 0]]]] [{citizen 12} [[""A"" [1 0]]]] [{citizen 48} [[""A"" [1 0]]]] [{media 60} [[""A"" [3 3]]]] [{citizen 22} [[""A"" [4 5]]]] [{media 56} [[""A"" [5 5]]]] [{citizen 14} [[""A"" [4 5]]]] [{citizen 17} [[""A"" [0 0]]]] [{citizen 45} [[""A"" [0 1]]]] [{media 50} [[""A"" [0 0]]]] [{citizen 0} [[""A"" [1 0]]]] [{citizen 3} [[""A"" [1 0]]]] [{citizen 5} [[""A"" [4 5]]]] [{media 62} [[""A"" [4 4]]]] [{media 58} [[""A"" [4 4]]]] [{citizen 11} [[""A"" [4 5]]]] [{citizen 26} [[""A"" [5 5]]]] [{citizen 39} [[""A"" [1 0]]]] [{citizen 36} [[""A"" [4 5]]]] [{citizen 27} [[""A"" [1 0]]]] [{citizen 47} [[""A"" [1 0]]]] [{citizen 7} [[""A"" [4 5]]]] [{citizen 13} [[""A"" [4 5]]]] [{citizen 35} [[""A"" [4 5]]]] [{citizen 34} [[""A"" [0 0]]]] [{citizen 25} [[""A"" [1 0]]]] [{citizen 40} [[""A"" [4 5]]]] [{citizen 24} [[""A"" [4 5]]]] [{citizen 20} [[""A"" [1 0]]]] [{citizen 9} [[""A"" [5 5]]]] [{citizen 10} [[""A"" [1 0]]]] [{citizen 2} [[""A"" [1 0]]]] [{citizen 19} [[""A"" [1 0]]]] [{citizen 37} [[""A"" [0 0]]]] [{citizen 8} [[""A"" [0 0]]]] [{citizen 31} [[""A"" [0 0]]]] [{citizen 42} [[""A"" [4 5]]]] [{citizen 28} [[""A"" [5 5]]]] [{citizen 44} [[""A"" [5 5]]]] [{citizen 38} [[""A"" [5 3]]]] [{citizen 21} [[""A"" [5 5]]]] [{citizen 15} [[""A"" [1 0]]]] [{citizen 18} [[""A"" [4 5]]]] [{citizen 16} [[""A"" [5 3]]]] [{citizen 46} [[""A"" [1 0]]]] [{citizen 41} [[""A"" [4 5]]]] [{citizen 33} [[""A"" [0 0]]]] [{citizen 30} [[""A"" [1 0]]]] [{citizen 43} [[""A"" [0 0]]]] [{citizen 23} [[""A"" [1 0]]]] [{citizen 29} [[""A"" [0 0]]]] [{citizen 32} [[""A"" [5 5]]]]]"
"50","[255 0 0]","2","10.05618399518928","-8.742235906122374","""box""","""""","9.9","{breed medias}","false","1","1","""up""","0","[[""ID"" 60] [""alpha"" 1] [""beta"" 1] [""malleable"" [""A""]] [""prior"" []] [""cont_tokens"" []] [""A"" 0]]","[]","[]","[[8 [[""A"" 0]]] [26 [[""A"" 0]]] [34 [[""A"" 0]]] [55 [[""A"" 0]]] [65 [[""A"" 0]]] [76 [[""A"" 0]]] [97 [[""A"" 0]]] [117 [[""A"" 0]]] [130 [[""A"" 0]]] [141 [[""A"" 0]]] [151 [[""A"" 0]]] [170 [[""A"" 0]]] [189 [[""A"" 0]]] [204 [[""A"" 0]]] [220 [[""A"" 0]]] [234 [[""A"" 0]]] [253 [[""A"" 0]]] [259 [[""A"" 0]]] [278 [[""A"" 0]]] [297 [[""A"" 0]]] [304 [[""A"" 0]]] [328 [[""A"" 0]]] [337 [[""A"" 0]]] [356 [[""A"" 0]]] [365 [[""A"" 0]]] [386 [[""A"" 0]]] [397 [[""A"" 0]]] [414 [[""A"" 0]]] [422 [[""A"" 0]]] [439 [[""A"" 0]]] [460 [[""A"" 0]]] [468 [[""A"" 0]]] [494 [[""A"" 0]]] [503 [[""A"" 0]]] [513 [[""A"" 0]]] [525 [[""A"" 0]]] [542 [[""A"" 0]]] [566 [[""A"" 0]]] [576 [[""A"" 0]]] [590 [[""A"" 0]]] [601 [[""A"" 0]]] [619 [[""A"" 0]]] [637 [[""A"" 0]]] [653 [[""A"" 0]]] [660 [[""A"" 0]]] [681 [[""A"" 0]]] [693 [[""A"" 0]]] [713 [[""A"" 0]]] [720 [[""A"" 0]]] [742 [[""A"" 0]]] [759 [[""A"" 0]]] [769 [[""A"" 0]]] [780 [[""A"" 0]]] [799 [[""A"" 0]]] [821 [[""A"" 0]]] [837 [[""A"" 0]]] [842 [[""A"" 0]]] [857 [[""A"" 0]]] [876 [[""A"" 0]]] [886 [[""A"" 0]]] [903 [[""A"" 0]]] [921 [[""A"" 0]]] [936 [[""A"" 0]]] [952 [[""A"" 0]]] [962 [[""A"" 0]]] [975 [[""A"" 0]]] [998 [[""A"" 0]]] [1008 [[""A"" 0]]] [1022 [[""A"" 0]]] [1049 [[""A"" 0]]] [1055 [[""A"" 0]]] [1066 [[""A"" 0]]] [1093 [[""A"" 0]]] [1097 [[""A"" 0]]] [1124 [[""A"" 0]]] [1134 [[""A"" 0]]] [1147 [[""A"" 0]]] [1161 [[""A"" 0]]] [1173 [[""A"" 0]]] [1196 [[""A"" 0]]] [1207 [[""A"" 0]]] [1218 [[""A"" 0]]] [1237 [[""A"" 0]]] [1255 [[""A"" 0]]] [1273 [[""A"" 0]]] [1281 [[""A"" 0]]] [1301 [[""A"" 0]]] [1312 [[""A"" 0]]] [1326 [[""A"" 0]]] [1343 [[""A"" 0]]] [1361 [[""A"" 0]]] [1368 [[""A"" 0]]] [1392 [[""A"" 0]]] [1402 [[""A"" 0]]] [1411 [[""A"" 0]]] [1435 [[""A"" 0]]] [1446 [[""A"" 0]]] [1458 [[""A"" 0]]] [1481 [[""A"" 0]]] [1498 [[""A"" 0]]]]",
"51","[128 0 127]","151","-0.7071126236391514","-16.15808471967285","""box""","""""","9.9","{breed medias}","false","1","1","""up""","0","[[""ID"" 55] [""alpha"" 1] [""beta"" 1] [""malleable"" [""A""]] [""prior"" []] [""cont_tokens"" []] [""A"" 3]]","[]","[]","[[0 [[""A"" 3]]] [29 [[""A"" 3]]] [32 [[""A"" 3]]] [50 [[""A"" 3]]] [67 [[""A"" 3]]] [83 [[""A"" 3]]] [93 [[""A"" 3]]] [107 [[""A"" 3]]] [134 [[""A"" 3]]] [142 [[""A"" 3]]] [162 [[""A"" 3]]] [178 [[""A"" 3]]] [188 [[""A"" 3]]] [203 [[""A"" 3]]] [216 [[""A"" 3]]] [228 [[""A"" 3]]] [249 [[""A"" 3]]] [265 [[""A"" 3]]] [280 [[""A"" 3]]] [294 [[""A"" 3]]] [311 [[""A"" 3]]] [326 [[""A"" 3]]] [340 [[""A"" 3]]] [346 [[""A"" 3]]] [372 [[""A"" 3]]] [387 [[""A"" 3]]] [395 [[""A"" 3]]] [411 [[""A"" 3]]] [426 [[""A"" 3]]] [447 [[""A"" 3]]] [461 [[""A"" 3]]] [467 [[""A"" 3]]] [492 [[""A"" 3]]] [496 [[""A"" 3]]] [524 [[""A"" 3]]] [539 [[""A"" 3]]] [548 [[""A"" 3]]] [561 [[""A"" 3]]] [574 [[""A"" 3]]] [589 [[""A"" 3]]] [607 [[""A"" 3]]] [618 [[""A"" 3]]] [633 [[""A"" 3]]] [656 [[""A"" 3]]] [668 [[""A"" 3]]] [685 [[""A"" 3]]] [698 [[""A"" 3]]] [708 [[""A"" 3]]] [734 [[""A"" 3]]] [740 [[""A"" 3]]] [762 [[""A"" 3]]] [774 [[""A"" 3]]] [791 [[""A"" 3]]] [805 [[""A"" 3]]] [823 [[""A"" 3]]] [838 [[""A"" 3]]] [850 [[""A"" 3]]] [860 [[""A"" 3]]] [881 [[""A"" 3]]] [896 [[""A"" 3]]] [911 [[""A"" 3]]] [926 [[""A"" 3]]] [942 [[""A"" 3]]] [959 [[""A"" 3]]] [968 [[""A"" 3]]] [985 [[""A"" 3]]] [995 [[""A"" 3]]] [1010 [[""A"" 3]]] [1027 [[""A"" 3]]] [1043 [[""A"" 3]]] [1054 [[""A"" 3]]] [1071 [[""A"" 3]]] [1083 [[""A"" 3]]] [1096 [[""A"" 3]]] [1116 [[""A"" 3]]] [1131 [[""A"" 3]]] [1144 [[""A"" 3]]] [1162 [[""A"" 3]]] [1172 [[""A"" 3]]] [1188 [[""A"" 3]]] [1210 [[""A"" 3]]] [1220 [[""A"" 3]]] [1235 [[""A"" 3]]] [1245 [[""A"" 3]]] [1262 [[""A"" 3]]] [1286 [[""A"" 3]]] [1300 [[""A"" 3]]] [1310 [[""A"" 3]]] [1325 [[""A"" 3]]] [1344 [[""A"" 3]]] [1350 [[""A"" 3]]] [1374 [[""A"" 3]]] [1383 [[""A"" 3]]] [1407 [[""A"" 3]]] [1415 [[""A"" 3]]] [1433 [[""A"" 3]]] [1444 [[""A"" 3]]] [1469 [[""A"" 3]]] [1480 [[""A"" 3]]] [1499 [[""A"" 3]]]]",
"52","[128 0 127]","323","9.655303984514969","-1.1738115408035217","""box""","""""","9.9","{breed medias}","false","1","1","""up""","0","[[""ID"" 52] [""alpha"" 1] [""beta"" 1] [""malleable"" [""A""]] [""prior"" []] [""cont_tokens"" []] [""A"" 3]]","[]","[]","[[9 [[""A"" 3]]] [19 [[""A"" 3]]] [33 [[""A"" 3]]] [57 [[""A"" 3]]] [64 [[""A"" 3]]] [82 [[""A"" 3]]] [92 [[""A"" 3]]] [114 [[""A"" 3]]] [127 [[""A"" 3]]] [145 [[""A"" 3]]] [150 [[""A"" 3]]] [169 [[""A"" 3]]] [183 [[""A"" 3]]] [199 [[""A"" 3]]] [221 [[""A"" 3]]] [232 [[""A"" 3]]] [244 [[""A"" 3]]] [256 [[""A"" 3]]] [271 [[""A"" 3]]] [287 [[""A"" 3]]] [314 [[""A"" 3]]] [320 [[""A"" 3]]] [330 [[""A"" 3]]] [345 [[""A"" 3]]] [368 [[""A"" 3]]] [382 [[""A"" 3]]] [396 [[""A"" 3]]] [418 [[""A"" 3]]] [431 [[""A"" 3]]] [435 [[""A"" 3]]] [453 [[""A"" 3]]] [477 [[""A"" 3]]] [484 [[""A"" 3]]] [497 [[""A"" 3]]] [519 [[""A"" 3]]] [527 [[""A"" 3]]] [550 [[""A"" 3]]] [559 [[""A"" 3]]] [572 [[""A"" 3]]] [596 [[""A"" 3]]] [606 [[""A"" 3]]] [627 [[""A"" 3]]] [632 [[""A"" 3]]] [647 [[""A"" 3]]] [665 [[""A"" 3]]] [688 [[""A"" 3]]] [701 [[""A"" 3]]] [710 [[""A"" 3]]] [733 [[""A"" 3]]] [746 [[""A"" 3]]] [758 [[""A"" 3]]] [776 [[""A"" 3]]] [787 [[""A"" 3]]] [806 [[""A"" 3]]] [820 [[""A"" 3]]] [828 [[""A"" 3]]] [851 [[""A"" 3]]] [863 [[""A"" 3]]] [875 [[""A"" 3]]] [895 [[""A"" 3]]] [906 [[""A"" 3]]] [928 [[""A"" 3]]] [940 [[""A"" 3]]] [950 [[""A"" 3]]] [969 [[""A"" 3]]] [976 [[""A"" 3]]] [1004 [[""A"" 3]]] [1017 [[""A"" 3]]] [1033 [[""A"" 3]]] [1037 [[""A"" 3]]] [1062 [[""A"" 3]]] [1067 [[""A"" 3]]] [1091 [[""A"" 3]]] [1104 [[""A"" 3]]] [1123 [[""A"" 3]]] [1137 [[""A"" 3]]] [1148 [[""A"" 3]]] [1159 [[""A"" 3]]] [1176 [[""A"" 3]]] [1192 [[""A"" 3]]] [1212 [[""A"" 3]]] [1217 [[""A"" 3]]] [1236 [[""A"" 3]]] [1254 [[""A"" 3]]] [1268 [[""A"" 3]]] [1282 [[""A"" 3]]] [1290 [[""A"" 3]]] [1307 [[""A"" 3]]] [1323 [[""A"" 3]]] [1338 [[""A"" 3]]] [1358 [[""A"" 3]]] [1370 [[""A"" 3]]] [1393 [[""A"" 3]]] [1398 [[""A"" 3]]] [1417 [[""A"" 3]]] [1427 [[""A"" 3]]] [1450 [[""A"" 3]]] [1468 [[""A"" 3]]] [1476 [[""A"" 3]]] [1485 [[""A"" 3]]]]",
"53","[213 0 42]","320","-12.98396412580918","-0.5591098077815566","""box""","""""","9.9","{breed medias}","false","1","1","""up""","0","[[""ID"" 62] [""alpha"" 1] [""beta"" 1] [""malleable"" [""A""]] [""prior"" []] [""cont_tokens"" []] [""A"" 1]]","[]","[]","[[6 [[""A"" 1]]] [21 [[""A"" 1]]] [41 [[""A"" 1]]] [46 [[""A"" 1]]] [70 [[""A"" 1]]] [89 [[""A"" 1]]] [104 [[""A"" 1]]] [109 [[""A"" 1]]] [121 [[""A"" 1]]] [144 [[""A"" 1]]] [157 [[""A"" 1]]] [176 [[""A"" 1]]] [193 [[""A"" 1]]] [201 [[""A"" 1]]] [222 [[""A"" 1]]] [227 [[""A"" 1]]] [247 [[""A"" 1]]] [258 [[""A"" 1]]] [277 [[""A"" 1]]] [288 [[""A"" 1]]] [305 [[""A"" 1]]] [317 [[""A"" 1]]] [339 [[""A"" 1]]] [352 [[""A"" 1]]] [363 [[""A"" 1]]] [388 [[""A"" 1]]] [399 [[""A"" 1]]] [412 [[""A"" 1]]] [434 [[""A"" 1]]] [448 [[""A"" 1]]] [455 [[""A"" 1]]] [466 [[""A"" 1]]] [491 [[""A"" 1]]] [504 [[""A"" 1]]] [517 [[""A"" 1]]] [533 [[""A"" 1]]] [545 [[""A"" 1]]] [563 [[""A"" 1]]] [582 [[""A"" 1]]] [591 [[""A"" 1]]] [614 [[""A"" 1]]] [626 [[""A"" 1]]] [630 [[""A"" 1]]] [646 [[""A"" 1]]] [672 [[""A"" 1]]] [679 [[""A"" 1]]] [695 [[""A"" 1]]] [719 [[""A"" 1]]] [721 [[""A"" 1]]] [743 [[""A"" 1]]] [751 [[""A"" 1]]] [770 [[""A"" 1]]] [789 [[""A"" 1]]] [808 [[""A"" 1]]] [811 [[""A"" 1]]] [829 [[""A"" 1]]] [852 [[""A"" 1]]] [856 [[""A"" 1]]] [879 [[""A"" 1]]] [885 [[""A"" 1]]] [902 [[""A"" 1]]] [922 [[""A"" 1]]] [941 [[""A"" 1]]] [945 [[""A"" 1]]] [974 [[""A"" 1]]] [983 [[""A"" 1]]] [1000 [[""A"" 1]]] [1012 [[""A"" 1]]] [1020 [[""A"" 1]]] [1048 [[""A"" 1]]] [1053 [[""A"" 1]]] [1073 [[""A"" 1]]] [1088 [[""A"" 1]]] [1109 [[""A"" 1]]] [1118 [[""A"" 1]]] [1130 [[""A"" 1]]] [1140 [[""A"" 1]]] [1163 [[""A"" 1]]] [1170 [[""A"" 1]]] [1189 [[""A"" 1]]] [1205 [[""A"" 1]]] [1219 [[""A"" 1]]] [1232 [[""A"" 1]]] [1247 [[""A"" 1]]] [1264 [[""A"" 1]]] [1289 [[""A"" 1]]] [1299 [[""A"" 1]]] [1316 [[""A"" 1]]] [1333 [[""A"" 1]]] [1340 [[""A"" 1]]] [1357 [[""A"" 1]]] [1376 [[""A"" 1]]] [1389 [[""A"" 1]]] [1409 [[""A"" 1]]] [1416 [[""A"" 1]]] [1431 [[""A"" 1]]] [1441 [[""A"" 1]]] [1460 [[""A"" 1]]] [1479 [[""A"" 1]]] [1487 [[""A"" 1]]]]",
"54","[255 0 0]","42","-7.763939960632724","-2.718396442082472","""box""","""""","9.9","{breed medias}","false","1","1","""up""","0","[[""ID"" 50] [""alpha"" 1] [""beta"" 1] [""malleable"" [""A""]] [""prior"" []] [""cont_tokens"" []] [""A"" 0]]","[]","[]","[[11 [[""A"" 0]]] [25 [[""A"" 0]]] [39 [[""A"" 0]]] [45 [[""A"" 0]]] [74 [[""A"" 0]]] [75 [[""A"" 0]]] [95 [[""A"" 0]]] [118 [[""A"" 0]]] [133 [[""A"" 0]]] [136 [[""A"" 0]]] [152 [[""A"" 0]]] [174 [[""A"" 0]]] [191 [[""A"" 0]]] [206 [[""A"" 0]]] [217 [[""A"" 0]]] [238 [[""A"" 0]]] [246 [[""A"" 0]]] [261 [[""A"" 0]]] [272 [[""A"" 0]]] [290 [[""A"" 0]]] [307 [[""A"" 0]]] [325 [[""A"" 0]]] [341 [[""A"" 0]]] [349 [[""A"" 0]]] [370 [[""A"" 0]]] [385 [[""A"" 0]]] [393 [[""A"" 0]]] [419 [[""A"" 0]]] [432 [[""A"" 0]]] [444 [[""A"" 0]]] [450 [[""A"" 0]]] [473 [[""A"" 0]]] [493 [[""A"" 0]]] [505 [[""A"" 0]]] [512 [[""A"" 0]]] [531 [[""A"" 0]]] [551 [[""A"" 0]]] [564 [[""A"" 0]]] [577 [[""A"" 0]]] [594 [[""A"" 0]]] [600 [[""A"" 0]]] [617 [[""A"" 0]]] [638 [[""A"" 0]]] [657 [[""A"" 0]]] [662 [[""A"" 0]]] [675 [[""A"" 0]]] [697 [[""A"" 0]]] [714 [[""A"" 0]]] [722 [[""A"" 0]]] [737 [[""A"" 0]]] [760 [[""A"" 0]]] [768 [[""A"" 0]]] [790 [[""A"" 0]]] [800 [[""A"" 0]]] [819 [[""A"" 0]]] [831 [[""A"" 0]]] [844 [[""A"" 0]]] [867 [[""A"" 0]]] [884 [[""A"" 0]]] [887 [[""A"" 0]]] [900 [[""A"" 0]]] [918 [[""A"" 0]]] [934 [[""A"" 0]]] [954 [[""A"" 0]]] [973 [[""A"" 0]]] [978 [[""A"" 0]]] [992 [[""A"" 0]]] [1007 [[""A"" 0]]] [1034 [[""A"" 0]]] [1044 [[""A"" 0]]] [1057 [[""A"" 0]]] [1068 [[""A"" 0]]] [1087 [[""A"" 0]]] [1103 [[""A"" 0]]] [1120 [[""A"" 0]]] [1136 [[""A"" 0]]] [1153 [[""A"" 0]]] [1157 [[""A"" 0]]] [1181 [[""A"" 0]]] [1197 [[""A"" 0]]] [1202 [[""A"" 0]]] [1215 [[""A"" 0]]] [1233 [[""A"" 0]]] [1259 [[""A"" 0]]] [1266 [[""A"" 0]]] [1288 [[""A"" 0]]] [1298 [[""A"" 0]]] [1309 [[""A"" 0]]] [1332 [[""A"" 0]]] [1336 [[""A"" 0]]] [1353 [[""A"" 0]]] [1379 [[""A"" 0]]] [1391 [[""A"" 0]]] [1406 [[""A"" 0]]] [1424 [[""A"" 0]]] [1426 [[""A"" 0]]] [1448 [[""A"" 0]]] [1466 [[""A"" 0]]] [1475 [[""A"" 0]]] [1492 [[""A"" 0]]]]",
"55","[170 0 85]","52","-5.515184233130258","11.947971105607952","""box""","""""","9.9","{breed medias}","false","1","1","""up""","0","[[""ID"" 53] [""alpha"" 1] [""beta"" 1] [""malleable"" [""A""]] [""prior"" []] [""cont_tokens"" []] [""A"" 2]]","[]","[]","[[4 [[""A"" 2]]] [16 [[""A"" 2]]] [37 [[""A"" 2]]] [59 [[""A"" 2]]] [69 [[""A"" 2]]] [80 [[""A"" 2]]] [90 [[""A"" 2]]] [110 [[""A"" 2]]] [131 [[""A"" 2]]] [149 [[""A"" 2]]] [159 [[""A"" 2]]] [179 [[""A"" 2]]] [182 [[""A"" 2]]] [196 [[""A"" 2]]] [213 [[""A"" 2]]] [229 [[""A"" 2]]] [254 [[""A"" 2]]] [266 [[""A"" 2]]] [279 [[""A"" 2]]] [299 [[""A"" 2]]] [302 [[""A"" 2]]] [323 [[""A"" 2]]] [344 [[""A"" 2]]] [358 [[""A"" 2]]] [373 [[""A"" 2]]] [377 [[""A"" 2]]] [402 [[""A"" 2]]] [406 [[""A"" 2]]] [421 [[""A"" 2]]] [445 [[""A"" 2]]] [452 [[""A"" 2]]] [479 [[""A"" 2]]] [490 [[""A"" 2]]] [509 [[""A"" 2]]] [510 [[""A"" 2]]] [537 [[""A"" 2]]] [543 [[""A"" 2]]] [558 [[""A"" 2]]] [581 [[""A"" 2]]] [597 [[""A"" 2]]] [605 [[""A"" 2]]] [615 [[""A"" 2]]] [644 [[""A"" 2]]] [652 [[""A"" 2]]] [674 [[""A"" 2]]] [680 [[""A"" 2]]] [702 [[""A"" 2]]] [716 [[""A"" 2]]] [725 [[""A"" 2]]] [736 [[""A"" 2]]] [753 [[""A"" 2]]] [767 [[""A"" 2]]] [792 [[""A"" 2]]] [801 [[""A"" 2]]] [822 [[""A"" 2]]] [830 [[""A"" 2]]] [846 [[""A"" 2]]] [855 [[""A"" 2]]] [882 [[""A"" 2]]] [893 [[""A"" 2]]] [909 [[""A"" 2]]] [920 [[""A"" 2]]] [932 [[""A"" 2]]] [947 [[""A"" 2]]] [963 [[""A"" 2]]] [986 [[""A"" 2]]] [1003 [[""A"" 2]]] [1011 [[""A"" 2]]] [1030 [[""A"" 2]]] [1035 [[""A"" 2]]] [1051 [[""A"" 2]]] [1074 [[""A"" 2]]] [1081 [[""A"" 2]]] [1108 [[""A"" 2]]] [1113 [[""A"" 2]]] [1138 [[""A"" 2]]] [1142 [[""A"" 2]]] [1160 [[""A"" 2]]] [1183 [[""A"" 2]]] [1186 [[""A"" 2]]] [1209 [[""A"" 2]]] [1226 [[""A"" 2]]] [1234 [[""A"" 2]]] [1248 [[""A"" 2]]] [1260 [[""A"" 2]]] [1278 [[""A"" 2]]] [1292 [[""A"" 2]]] [1314 [[""A"" 2]]] [1322 [[""A"" 2]]] [1335 [[""A"" 2]]] [1351 [[""A"" 2]]] [1377 [[""A"" 2]]] [1381 [[""A"" 2]]] [1404 [[""A"" 2]]] [1422 [[""A"" 2]]] [1428 [[""A"" 2]]] [1440 [[""A"" 2]]] [1465 [[""A"" 2]]] [1473 [[""A"" 2]]] [1486 [[""A"" 2]]]]",
"56","[43 0 212]","195","-5.750348914652875","15.694560009306478","""box""","""""","9.9","{breed medias}","false","1","1","""up""","0","[[""ID"" 61] [""alpha"" 1] [""beta"" 1] [""malleable"" [""A""]] [""prior"" []] [""cont_tokens"" []] [""A"" 5]]","[]","[]","[[7 [[""A"" 5]]] [27 [[""A"" 5]]] [36 [[""A"" 5]]] [58 [[""A"" 5]]] [62 [[""A"" 5]]] [79 [[""A"" 5]]] [101 [[""A"" 5]]] [119 [[""A"" 5]]] [122 [[""A"" 5]]] [146 [[""A"" 5]]] [155 [[""A"" 5]]] [167 [[""A"" 5]]] [187 [[""A"" 5]]] [207 [[""A"" 5]]] [210 [[""A"" 5]]] [226 [[""A"" 5]]] [241 [[""A"" 5]]] [263 [[""A"" 5]]] [281 [[""A"" 5]]] [291 [[""A"" 5]]] [300 [[""A"" 5]]] [321 [[""A"" 5]]] [338 [[""A"" 5]]] [354 [[""A"" 5]]] [366 [[""A"" 5]]] [380 [[""A"" 5]]] [391 [[""A"" 5]]] [408 [[""A"" 5]]] [428 [[""A"" 5]]] [441 [[""A"" 5]]] [457 [[""A"" 5]]] [474 [[""A"" 5]]] [489 [[""A"" 5]]] [508 [[""A"" 5]]] [520 [[""A"" 5]]] [528 [[""A"" 5]]] [552 [[""A"" 5]]] [555 [[""A"" 5]]] [583 [[""A"" 5]]] [585 [[""A"" 5]]] [603 [[""A"" 5]]] [616 [[""A"" 5]]] [631 [[""A"" 5]]] [658 [[""A"" 5]]] [671 [[""A"" 5]]] [686 [[""A"" 5]]] [699 [[""A"" 5]]] [705 [[""A"" 5]]] [731 [[""A"" 5]]] [735 [[""A"" 5]]] [754 [[""A"" 5]]] [772 [[""A"" 5]]] [783 [[""A"" 5]]] [804 [[""A"" 5]]] [818 [[""A"" 5]]] [835 [[""A"" 5]]] [843 [[""A"" 5]]] [862 [[""A"" 5]]] [880 [[""A"" 5]]] [891 [[""A"" 5]]] [910 [[""A"" 5]]] [915 [[""A"" 5]]] [935 [[""A"" 5]]] [951 [[""A"" 5]]] [965 [[""A"" 5]]] [987 [[""A"" 5]]] [996 [[""A"" 5]]] [1006 [[""A"" 5]]] [1028 [[""A"" 5]]] [1039 [[""A"" 5]]] [1059 [[""A"" 5]]] [1079 [[""A"" 5]]] [1086 [[""A"" 5]]] [1100 [[""A"" 5]]] [1112 [[""A"" 5]]] [1125 [[""A"" 5]]] [1145 [[""A"" 5]]] [1166 [[""A"" 5]]] [1180 [[""A"" 5]]] [1199 [[""A"" 5]]] [1201 [[""A"" 5]]] [1223 [[""A"" 5]]] [1240 [[""A"" 5]]] [1246 [[""A"" 5]]] [1269 [[""A"" 5]]] [1284 [[""A"" 5]]] [1302 [[""A"" 5]]] [1317 [[""A"" 5]]] [1327 [[""A"" 5]]] [1349 [[""A"" 5]]] [1352 [[""A"" 5]]] [1365 [[""A"" 5]]] [1384 [[""A"" 5]]] [1408 [[""A"" 5]]] [1420 [[""A"" 5]]] [1430 [[""A"" 5]]] [1452 [[""A"" 5]]] [1464 [[""A"" 5]]] [1471 [[""A"" 5]]] [1496 [[""A"" 5]]]]",
"57","[213 0 42]","193","-0.8422181785608167","15.289276523747912","""box""","""""","9.9","{breed medias}","false","1","1","""up""","0","[[""ID"" 56] [""alpha"" 1] [""beta"" 1] [""malleable"" [""A""]] [""prior"" []] [""cont_tokens"" []] [""A"" 1]]","[]","[]","[[12 [[""A"" 1]]] [28 [[""A"" 1]]] [42 [[""A"" 1]]] [53 [[""A"" 1]]] [66 [[""A"" 1]]] [78 [[""A"" 1]]] [103 [[""A"" 1]]] [108 [[""A"" 1]]] [126 [[""A"" 1]]] [138 [[""A"" 1]]] [164 [[""A"" 1]]] [165 [[""A"" 1]]] [194 [[""A"" 1]]] [209 [[""A"" 1]]] [223 [[""A"" 1]]] [231 [[""A"" 1]]] [242 [[""A"" 1]]] [255 [[""A"" 1]]] [283 [[""A"" 1]]] [295 [[""A"" 1]]] [301 [[""A"" 1]]] [315 [[""A"" 1]]] [343 [[""A"" 1]]] [348 [[""A"" 1]]] [361 [[""A"" 1]]] [379 [[""A"" 1]]] [400 [[""A"" 1]]] [409 [[""A"" 1]]] [430 [[""A"" 1]]] [446 [[""A"" 1]]] [454 [[""A"" 1]]] [472 [[""A"" 1]]] [481 [[""A"" 1]]] [507 [[""A"" 1]]] [523 [[""A"" 1]]] [538 [[""A"" 1]]] [541 [[""A"" 1]]] [565 [[""A"" 1]]] [575 [[""A"" 1]]] [587 [[""A"" 1]]] [602 [[""A"" 1]]] [622 [[""A"" 1]]] [634 [[""A"" 1]]] [659 [[""A"" 1]]] [663 [[""A"" 1]]] [687 [[""A"" 1]]] [696 [[""A"" 1]]] [718 [[""A"" 1]]] [723 [[""A"" 1]]] [745 [[""A"" 1]]] [763 [[""A"" 1]]] [765 [[""A"" 1]]] [784 [[""A"" 1]]] [798 [[""A"" 1]]] [814 [[""A"" 1]]] [833 [[""A"" 1]]] [848 [[""A"" 1]]] [859 [[""A"" 1]]] [874 [[""A"" 1]]] [889 [[""A"" 1]]] [914 [[""A"" 1]]] [925 [[""A"" 1]]] [939 [[""A"" 1]]] [957 [[""A"" 1]]] [960 [[""A"" 1]]] [982 [[""A"" 1]]] [1002 [[""A"" 1]]] [1014 [[""A"" 1]]] [1026 [[""A"" 1]]] [1045 [[""A"" 1]]] [1060 [[""A"" 1]]] [1076 [[""A"" 1]]] [1082 [[""A"" 1]]] [1105 [[""A"" 1]]] [1115 [[""A"" 1]]] [1132 [[""A"" 1]]] [1149 [[""A"" 1]]] [1155 [[""A"" 1]]] [1177 [[""A"" 1]]] [1195 [[""A"" 1]]] [1214 [[""A"" 1]]] [1227 [[""A"" 1]]] [1242 [[""A"" 1]]] [1249 [[""A"" 1]]] [1271 [[""A"" 1]]] [1283 [[""A"" 1]]] [1297 [[""A"" 1]]] [1315 [[""A"" 1]]] [1328 [[""A"" 1]]] [1346 [[""A"" 1]]] [1359 [[""A"" 1]]] [1369 [[""A"" 1]]] [1394 [[""A"" 1]]] [1399 [[""A"" 1]]] [1423 [[""A"" 1]]] [1438 [[""A"" 1]]] [1449 [[""A"" 1]]] [1456 [[""A"" 1]]] [1474 [[""A"" 1]]] [1497 [[""A"" 1]]]]",
"58","[85 0 170]","69","-9.7844457744945","-16.449731986329002","""box""","""""","9.9","{breed medias}","false","1","1","""up""","0","[[""ID"" 64] [""alpha"" 1] [""beta"" 1] [""malleable"" [""A""]] [""prior"" []] [""cont_tokens"" []] [""A"" 4]]","[]","[]","[[14 [[""A"" 4]]] [17 [[""A"" 4]]] [44 [[""A"" 4]]] [49 [[""A"" 4]]] [63 [[""A"" 4]]] [81 [[""A"" 4]]] [98 [[""A"" 4]]] [112 [[""A"" 4]]] [128 [[""A"" 4]]] [147 [[""A"" 4]]] [154 [[""A"" 4]]] [173 [[""A"" 4]]] [180 [[""A"" 4]]] [200 [[""A"" 4]]] [211 [[""A"" 4]]] [237 [[""A"" 4]]] [243 [[""A"" 4]]] [262 [[""A"" 4]]] [270 [[""A"" 4]]] [289 [[""A"" 4]]] [312 [[""A"" 4]]] [318 [[""A"" 4]]] [331 [[""A"" 4]]] [351 [[""A"" 4]]] [369 [[""A"" 4]]] [384 [[""A"" 4]]] [390 [[""A"" 4]]] [405 [[""A"" 4]]] [433 [[""A"" 4]]] [442 [[""A"" 4]]] [464 [[""A"" 4]]] [471 [[""A"" 4]]] [487 [[""A"" 4]]] [499 [[""A"" 4]]] [515 [[""A"" 4]]] [532 [[""A"" 4]]] [547 [[""A"" 4]]] [557 [[""A"" 4]]] [573 [[""A"" 4]]] [599 [[""A"" 4]]] [612 [[""A"" 4]]] [625 [[""A"" 4]]] [640 [[""A"" 4]]] [655 [[""A"" 4]]] [669 [[""A"" 4]]] [684 [[""A"" 4]]] [691 [[""A"" 4]]] [717 [[""A"" 4]]] [732 [[""A"" 4]]] [738 [[""A"" 4]]] [752 [[""A"" 4]]] [766 [[""A"" 4]]] [794 [[""A"" 4]]] [802 [[""A"" 4]]] [817 [[""A"" 4]]] [826 [[""A"" 4]]] [853 [[""A"" 4]]] [858 [[""A"" 4]]] [870 [[""A"" 4]]] [890 [[""A"" 4]]] [912 [[""A"" 4]]] [923 [[""A"" 4]]] [930 [[""A"" 4]]] [946 [[""A"" 4]]] [972 [[""A"" 4]]] [980 [[""A"" 4]]] [994 [[""A"" 4]]] [1019 [[""A"" 4]]] [1031 [[""A"" 4]]] [1047 [[""A"" 4]]] [1063 [[""A"" 4]]] [1072 [[""A"" 4]]] [1092 [[""A"" 4]]] [1107 [[""A"" 4]]] [1110 [[""A"" 4]]] [1127 [[""A"" 4]]] [1151 [[""A"" 4]]] [1165 [[""A"" 4]]] [1174 [[""A"" 4]]] [1193 [[""A"" 4]]] [1206 [[""A"" 4]]] [1222 [[""A"" 4]]] [1244 [[""A"" 4]]] [1252 [[""A"" 4]]] [1263 [[""A"" 4]]] [1275 [[""A"" 4]]] [1304 [[""A"" 4]]] [1313 [[""A"" 4]]] [1321 [[""A"" 4]]] [1337 [[""A"" 4]]] [1356 [[""A"" 4]]] [1366 [[""A"" 4]]] [1380 [[""A"" 4]]] [1405 [[""A"" 4]]] [1414 [[""A"" 4]]] [1437 [[""A"" 4]]] [1445 [[""A"" 4]]] [1455 [[""A"" 4]]] [1470 [[""A"" 4]]] [1491 [[""A"" 4]]]]",
"59","[0 0 255]","127","0.7919236585647944","-4.544045705700894","""box""","""""","9.9","{breed medias}","false","1","1","""up""","0","[[""ID"" 54] [""alpha"" 1] [""beta"" 1] [""malleable"" [""A""]] [""prior"" []] [""cont_tokens"" []] [""A"" 6]]","[]","[]","[[2 [[""A"" 6]]] [23 [[""A"" 6]]] [40 [[""A"" 6]]] [48 [[""A"" 6]]] [61 [[""A"" 6]]] [85 [[""A"" 6]]] [102 [[""A"" 6]]] [111 [[""A"" 6]]] [124 [[""A"" 6]]] [135 [[""A"" 6]]] [158 [[""A"" 6]]] [175 [[""A"" 6]]] [192 [[""A"" 6]]] [198 [[""A"" 6]]] [212 [[""A"" 6]]] [230 [[""A"" 6]]] [250 [[""A"" 6]]] [268 [[""A"" 6]]] [275 [[""A"" 6]]] [298 [[""A"" 6]]] [308 [[""A"" 6]]] [324 [[""A"" 6]]] [333 [[""A"" 6]]] [350 [[""A"" 6]]] [371 [[""A"" 6]]] [376 [[""A"" 6]]] [403 [[""A"" 6]]] [417 [[""A"" 6]]] [425 [[""A"" 6]]] [436 [[""A"" 6]]] [463 [[""A"" 6]]] [475 [[""A"" 6]]] [480 [[""A"" 6]]] [506 [[""A"" 6]]] [511 [[""A"" 6]]] [534 [[""A"" 6]]] [544 [[""A"" 6]]] [560 [[""A"" 6]]] [580 [[""A"" 6]]] [595 [[""A"" 6]]] [611 [[""A"" 6]]] [623 [[""A"" 6]]] [642 [[""A"" 6]]] [651 [[""A"" 6]]] [666 [[""A"" 6]]] [683 [[""A"" 6]]] [694 [[""A"" 6]]] [707 [[""A"" 6]]] [726 [[""A"" 6]]] [741 [[""A"" 6]]] [757 [[""A"" 6]]] [771 [[""A"" 6]]] [788 [[""A"" 6]]] [795 [[""A"" 6]]] [812 [[""A"" 6]]] [825 [[""A"" 6]]] [845 [[""A"" 6]]] [861 [[""A"" 6]]] [883 [[""A"" 6]]] [897 [[""A"" 6]]] [905 [[""A"" 6]]] [919 [[""A"" 6]]] [933 [[""A"" 6]]] [956 [[""A"" 6]]] [961 [[""A"" 6]]] [981 [[""A"" 6]]] [1001 [[""A"" 6]]] [1016 [[""A"" 6]]] [1032 [[""A"" 6]]] [1040 [[""A"" 6]]] [1050 [[""A"" 6]]] [1077 [[""A"" 6]]] [1090 [[""A"" 6]]] [1106 [[""A"" 6]]] [1117 [[""A"" 6]]] [1133 [[""A"" 6]]] [1154 [[""A"" 6]]] [1158 [[""A"" 6]]] [1179 [[""A"" 6]]] [1185 [[""A"" 6]]] [1200 [[""A"" 6]]] [1216 [[""A"" 6]]] [1231 [[""A"" 6]]] [1256 [[""A"" 6]]] [1267 [[""A"" 6]]] [1285 [[""A"" 6]]] [1291 [[""A"" 6]]] [1311 [[""A"" 6]]] [1329 [[""A"" 6]]] [1347 [[""A"" 6]]] [1363 [[""A"" 6]]] [1367 [[""A"" 6]]] [1388 [[""A"" 6]]] [1396 [[""A"" 6]]] [1418 [[""A"" 6]]] [1425 [[""A"" 6]]] [1443 [[""A"" 6]]] [1459 [[""A"" 6]]] [1482 [[""A"" 6]]] [1488 [[""A"" 6]]]]",
"60","[128 0 127]","183","-12.789941403282501","16.35504904521673","""box""","""""","9.9","{breed medias}","false","1","1","""up""","0","[[""ID"" 51] [""alpha"" 1] [""beta"" 1] [""malleable"" [""A""]] [""prior"" []] [""cont_tokens"" []] [""A"" 3]]","[]","[]","[[5 [[""A"" 3]]] [24 [[""A"" 3]]] [38 [[""A"" 3]]] [51 [[""A"" 3]]] [60 [[""A"" 3]]] [87 [[""A"" 3]]] [91 [[""A"" 3]]] [105 [[""A"" 3]]] [123 [[""A"" 3]]] [137 [[""A"" 3]]] [161 [[""A"" 3]]] [166 [[""A"" 3]]] [184 [[""A"" 3]]] [197 [[""A"" 3]]] [214 [[""A"" 3]]] [233 [[""A"" 3]]] [251 [[""A"" 3]]] [267 [[""A"" 3]]] [274 [[""A"" 3]]] [285 [[""A"" 3]]] [306 [[""A"" 3]]] [319 [[""A"" 3]]] [334 [[""A"" 3]]] [355 [[""A"" 3]]] [364 [[""A"" 3]]] [383 [[""A"" 3]]] [404 [[""A"" 3]]] [415 [[""A"" 3]]] [429 [[""A"" 3]]] [438 [[""A"" 3]]] [458 [[""A"" 3]]] [476 [[""A"" 3]]] [483 [[""A"" 3]]] [502 [[""A"" 3]]] [514 [[""A"" 3]]] [535 [[""A"" 3]]] [540 [[""A"" 3]]] [562 [[""A"" 3]]] [579 [[""A"" 3]]] [586 [[""A"" 3]]] [608 [[""A"" 3]]] [620 [[""A"" 3]]] [639 [[""A"" 3]]] [654 [[""A"" 3]]] [664 [[""A"" 3]]] [678 [[""A"" 3]]] [703 [[""A"" 3]]] [712 [[""A"" 3]]] [724 [[""A"" 3]]] [747 [[""A"" 3]]] [750 [[""A"" 3]]] [773 [[""A"" 3]]] [793 [[""A"" 3]]] [803 [[""A"" 3]]] [824 [[""A"" 3]]] [834 [[""A"" 3]]] [840 [[""A"" 3]]] [869 [[""A"" 3]]] [878 [[""A"" 3]]] [898 [[""A"" 3]]] [913 [[""A"" 3]]] [916 [[""A"" 3]]] [938 [[""A"" 3]]] [955 [[""A"" 3]]] [967 [[""A"" 3]]] [984 [[""A"" 3]]] [997 [[""A"" 3]]] [1018 [[""A"" 3]]] [1029 [[""A"" 3]]] [1041 [[""A"" 3]]] [1052 [[""A"" 3]]] [1070 [[""A"" 3]]] [1089 [[""A"" 3]]] [1098 [[""A"" 3]]] [1119 [[""A"" 3]]] [1129 [[""A"" 3]]] [1150 [[""A"" 3]]] [1167 [[""A"" 3]]] [1171 [[""A"" 3]]] [1190 [[""A"" 3]]] [1213 [[""A"" 3]]] [1229 [[""A"" 3]]] [1239 [[""A"" 3]]] [1251 [[""A"" 3]]] [1272 [[""A"" 3]]] [1280 [[""A"" 3]]] [1294 [[""A"" 3]]] [1319 [[""A"" 3]]] [1324 [[""A"" 3]]] [1348 [[""A"" 3]]] [1364 [[""A"" 3]]] [1372 [[""A"" 3]]] [1386 [[""A"" 3]]] [1397 [[""A"" 3]]] [1410 [[""A"" 3]]] [1439 [[""A"" 3]]] [1442 [[""A"" 3]]] [1461 [[""A"" 3]]] [1472 [[""A"" 3]]] [1490 [[""A"" 3]]]]",
"61","[255 0 0]","22","3.6518188748210747","-2.6854323042711634","""box""","""""","9.9","{breed medias}","false","1","1","""up""","0","[[""ID"" 58] [""alpha"" 1] [""beta"" 1] [""malleable"" [""A""]] [""prior"" []] [""cont_tokens"" []] [""A"" 0]]","[]","[]","[[1 [[""A"" 0]]] [22 [[""A"" 0]]] [30 [[""A"" 0]]] [54 [[""A"" 0]]] [73 [[""A"" 0]]] [86 [[""A"" 0]]] [94 [[""A"" 0]]] [106 [[""A"" 0]]] [120 [[""A"" 0]]] [143 [[""A"" 0]]] [153 [[""A"" 0]]] [172 [[""A"" 0]]] [181 [[""A"" 0]]] [202 [[""A"" 0]]] [215 [[""A"" 0]]] [225 [[""A"" 0]]] [240 [[""A"" 0]]] [269 [[""A"" 0]]] [273 [[""A"" 0]]] [293 [[""A"" 0]]] [303 [[""A"" 0]]] [327 [[""A"" 0]]] [342 [[""A"" 0]]] [357 [[""A"" 0]]] [362 [[""A"" 0]]] [378 [[""A"" 0]]] [401 [[""A"" 0]]] [410 [[""A"" 0]]] [424 [[""A"" 0]]] [440 [[""A"" 0]]] [451 [[""A"" 0]]] [478 [[""A"" 0]]] [482 [[""A"" 0]]] [500 [[""A"" 0]]] [516 [[""A"" 0]]] [530 [[""A"" 0]]] [546 [[""A"" 0]]] [556 [[""A"" 0]]] [578 [[""A"" 0]]] [598 [[""A"" 0]]] [609 [[""A"" 0]]] [628 [[""A"" 0]]] [641 [[""A"" 0]]] [648 [[""A"" 0]]] [670 [[""A"" 0]]] [682 [[""A"" 0]]] [704 [[""A"" 0]]] [711 [[""A"" 0]]] [729 [[""A"" 0]]] [744 [[""A"" 0]]] [755 [[""A"" 0]]] [778 [[""A"" 0]]] [781 [[""A"" 0]]] [807 [[""A"" 0]]] [815 [[""A"" 0]]] [836 [[""A"" 0]]] [847 [[""A"" 0]]] [866 [[""A"" 0]]] [877 [[""A"" 0]]] [894 [[""A"" 0]]] [908 [[""A"" 0]]] [927 [[""A"" 0]]] [931 [[""A"" 0]]] [958 [[""A"" 0]]] [966 [[""A"" 0]]] [988 [[""A"" 0]]] [993 [[""A"" 0]]] [1015 [[""A"" 0]]] [1024 [[""A"" 0]]] [1042 [[""A"" 0]]] [1061 [[""A"" 0]]] [1075 [[""A"" 0]]] [1085 [[""A"" 0]]] [1102 [[""A"" 0]]] [1111 [[""A"" 0]]] [1135 [[""A"" 0]]] [1143 [[""A"" 0]]] [1156 [[""A"" 0]]] [1175 [[""A"" 0]]] [1191 [[""A"" 0]]] [1203 [[""A"" 0]]] [1228 [[""A"" 0]]] [1241 [[""A"" 0]]] [1250 [[""A"" 0]]] [1265 [[""A"" 0]]] [1279 [[""A"" 0]]] [1295 [[""A"" 0]]] [1305 [[""A"" 0]]] [1320 [[""A"" 0]]] [1341 [[""A"" 0]]] [1354 [[""A"" 0]]] [1373 [[""A"" 0]]] [1382 [[""A"" 0]]] [1400 [[""A"" 0]]] [1419 [[""A"" 0]]] [1429 [[""A"" 0]]] [1447 [[""A"" 0]]] [1462 [[""A"" 0]]] [1484 [[""A"" 0]]] [1493 [[""A"" 0]]]]",
"62","[85 0 170]","51","-13.727265634614145","11.18189955733251","""box""","""""","9.9","{breed medias}","false","1","1","""up""","0","[[""ID"" 57] [""alpha"" 1] [""beta"" 1] [""malleable"" [""A""]] [""prior"" []] [""cont_tokens"" []] [""A"" 4]]","[]","[]","[[13 [[""A"" 4]]] [18 [[""A"" 4]]] [31 [[""A"" 4]]] [47 [[""A"" 4]]] [72 [[""A"" 4]]] [84 [[""A"" 4]]] [96 [[""A"" 4]]] [116 [[""A"" 4]]] [125 [[""A"" 4]]] [140 [[""A"" 4]]] [156 [[""A"" 4]]] [171 [[""A"" 4]]] [186 [[""A"" 4]]] [195 [[""A"" 4]]] [219 [[""A"" 4]]] [235 [[""A"" 4]]] [248 [[""A"" 4]]] [264 [[""A"" 4]]] [276 [[""A"" 4]]] [286 [[""A"" 4]]] [309 [[""A"" 4]]] [322 [[""A"" 4]]] [336 [[""A"" 4]]] [359 [[""A"" 4]]] [360 [[""A"" 4]]] [381 [[""A"" 4]]] [394 [[""A"" 4]]] [413 [[""A"" 4]]] [420 [[""A"" 4]]] [443 [[""A"" 4]]] [456 [[""A"" 4]]] [470 [[""A"" 4]]] [488 [[""A"" 4]]] [498 [[""A"" 4]]] [521 [[""A"" 4]]] [529 [[""A"" 4]]] [554 [[""A"" 4]]] [567 [[""A"" 4]]] [570 [[""A"" 4]]] [593 [[""A"" 4]]] [613 [[""A"" 4]]] [621 [[""A"" 4]]] [635 [[""A"" 4]]] [645 [[""A"" 4]]] [661 [[""A"" 4]]] [676 [[""A"" 4]]] [692 [[""A"" 4]]] [715 [[""A"" 4]]] [727 [[""A"" 4]]] [748 [[""A"" 4]]] [764 [[""A"" 4]]] [775 [[""A"" 4]]] [785 [[""A"" 4]]] [796 [[""A"" 4]]] [813 [[""A"" 4]]] [827 [[""A"" 4]]] [854 [[""A"" 4]]] [865 [[""A"" 4]]] [871 [[""A"" 4]]] [892 [[""A"" 4]]] [904 [[""A"" 4]]] [924 [[""A"" 4]]] [943 [[""A"" 4]]] [949 [[""A"" 4]]] [970 [[""A"" 4]]] [979 [[""A"" 4]]] [991 [[""A"" 4]]] [1005 [[""A"" 4]]] [1025 [[""A"" 4]]] [1038 [[""A"" 4]]] [1058 [[""A"" 4]]] [1078 [[""A"" 4]]] [1080 [[""A"" 4]]] [1101 [[""A"" 4]]] [1114 [[""A"" 4]]] [1126 [[""A"" 4]]] [1146 [[""A"" 4]]] [1164 [[""A"" 4]]] [1178 [[""A"" 4]]] [1194 [[""A"" 4]]] [1211 [[""A"" 4]]] [1224 [[""A"" 4]]] [1238 [[""A"" 4]]] [1253 [[""A"" 4]]] [1261 [[""A"" 4]]] [1276 [[""A"" 4]]] [1293 [[""A"" 4]]] [1318 [[""A"" 4]]] [1330 [[""A"" 4]]] [1345 [[""A"" 4]]] [1355 [[""A"" 4]]] [1375 [[""A"" 4]]] [1385 [[""A"" 4]]] [1395 [[""A"" 4]]] [1412 [[""A"" 4]]] [1432 [[""A"" 4]]] [1454 [[""A"" 4]]] [1463 [[""A"" 4]]] [1483 [[""A"" 4]]] [1494 [[""A"" 4]]]]",
"63","[43 0 212]","30","10.680039283611258","-5.367988308516715","""box""","""""","9.9","{breed medias}","false","1","1","""up""","0","[[""ID"" 63] [""alpha"" 1] [""beta"" 1] [""malleable"" [""A""]] [""prior"" []] [""cont_tokens"" []] [""A"" 5]]","[]","[]","[[10 [[""A"" 5]]] [20 [[""A"" 5]]] [35 [[""A"" 5]]] [52 [[""A"" 5]]] [71 [[""A"" 5]]] [88 [[""A"" 5]]] [100 [[""A"" 5]]] [113 [[""A"" 5]]] [132 [[""A"" 5]]] [139 [[""A"" 5]]] [160 [[""A"" 5]]] [177 [[""A"" 5]]] [190 [[""A"" 5]]] [208 [[""A"" 5]]] [224 [[""A"" 5]]] [236 [[""A"" 5]]] [245 [[""A"" 5]]] [257 [[""A"" 5]]] [282 [[""A"" 5]]] [292 [[""A"" 5]]] [310 [[""A"" 5]]] [329 [[""A"" 5]]] [335 [[""A"" 5]]] [353 [[""A"" 5]]] [367 [[""A"" 5]]] [375 [[""A"" 5]]] [392 [[""A"" 5]]] [416 [[""A"" 5]]] [423 [[""A"" 5]]] [449 [[""A"" 5]]] [462 [[""A"" 5]]] [465 [[""A"" 5]]] [485 [[""A"" 5]]] [501 [[""A"" 5]]] [522 [[""A"" 5]]] [526 [[""A"" 5]]] [553 [[""A"" 5]]] [569 [[""A"" 5]]] [584 [[""A"" 5]]] [592 [[""A"" 5]]] [610 [[""A"" 5]]] [624 [[""A"" 5]]] [636 [[""A"" 5]]] [650 [[""A"" 5]]] [673 [[""A"" 5]]] [677 [[""A"" 5]]] [690 [[""A"" 5]]] [706 [[""A"" 5]]] [730 [[""A"" 5]]] [749 [[""A"" 5]]] [761 [[""A"" 5]]] [779 [[""A"" 5]]] [786 [[""A"" 5]]] [809 [[""A"" 5]]] [816 [[""A"" 5]]] [832 [[""A"" 5]]] [841 [[""A"" 5]]] [868 [[""A"" 5]]] [873 [[""A"" 5]]] [899 [[""A"" 5]]] [907 [[""A"" 5]]] [917 [[""A"" 5]]] [944 [[""A"" 5]]] [953 [[""A"" 5]]] [964 [[""A"" 5]]] [977 [[""A"" 5]]] [999 [[""A"" 5]]] [1013 [[""A"" 5]]] [1023 [[""A"" 5]]] [1046 [[""A"" 5]]] [1064 [[""A"" 5]]] [1069 [[""A"" 5]]] [1094 [[""A"" 5]]] [1099 [[""A"" 5]]] [1121 [[""A"" 5]]] [1139 [[""A"" 5]]] [1141 [[""A"" 5]]] [1169 [[""A"" 5]]] [1182 [[""A"" 5]]] [1187 [[""A"" 5]]] [1204 [[""A"" 5]]] [1221 [[""A"" 5]]] [1243 [[""A"" 5]]] [1258 [[""A"" 5]]] [1274 [[""A"" 5]]] [1277 [[""A"" 5]]] [1303 [[""A"" 5]]] [1308 [[""A"" 5]]] [1331 [[""A"" 5]]] [1342 [[""A"" 5]]] [1360 [[""A"" 5]]] [1378 [[""A"" 5]]] [1390 [[""A"" 5]]] [1401 [[""A"" 5]]] [1421 [[""A"" 5]]] [1436 [[""A"" 5]]] [1453 [[""A"" 5]]] [1467 [[""A"" 5]]] [1478 [[""A"" 5]]] [1495 [[""A"" 5]]]]",
"64","[43 0 212]","112","7.967970765027886","-0.59037184316524","""box""","""""","9.9","{breed medias}","false","1","1","""up""","0","[[""ID"" 59] [""alpha"" 1] [""beta"" 1] [""malleable"" [""A""]] [""prior"" []] [""cont_tokens"" []] [""A"" 5]]","[]","[]","[[3 [[""A"" 5]]] [15 [[""A"" 5]]] [43 [[""A"" 5]]] [56 [[""A"" 5]]] [68 [[""A"" 5]]] [77 [[""A"" 5]]] [99 [[""A"" 5]]] [115 [[""A"" 5]]] [129 [[""A"" 5]]] [148 [[""A"" 5]]] [163 [[""A"" 5]]] [168 [[""A"" 5]]] [185 [[""A"" 5]]] [205 [[""A"" 5]]] [218 [[""A"" 5]]] [239 [[""A"" 5]]] [252 [[""A"" 5]]] [260 [[""A"" 5]]] [284 [[""A"" 5]]] [296 [[""A"" 5]]] [313 [[""A"" 5]]] [316 [[""A"" 5]]] [332 [[""A"" 5]]] [347 [[""A"" 5]]] [374 [[""A"" 5]]] [389 [[""A"" 5]]] [398 [[""A"" 5]]] [407 [[""A"" 5]]] [427 [[""A"" 5]]] [437 [[""A"" 5]]] [459 [[""A"" 5]]] [469 [[""A"" 5]]] [486 [[""A"" 5]]] [495 [[""A"" 5]]] [518 [[""A"" 5]]] [536 [[""A"" 5]]] [549 [[""A"" 5]]] [568 [[""A"" 5]]] [571 [[""A"" 5]]] [588 [[""A"" 5]]] [604 [[""A"" 5]]] [629 [[""A"" 5]]] [643 [[""A"" 5]]] [649 [[""A"" 5]]] [667 [[""A"" 5]]] [689 [[""A"" 5]]] [700 [[""A"" 5]]] [709 [[""A"" 5]]] [728 [[""A"" 5]]] [739 [[""A"" 5]]] [756 [[""A"" 5]]] [777 [[""A"" 5]]] [782 [[""A"" 5]]] [797 [[""A"" 5]]] [810 [[""A"" 5]]] [839 [[""A"" 5]]] [849 [[""A"" 5]]] [864 [[""A"" 5]]] [872 [[""A"" 5]]] [888 [[""A"" 5]]] [901 [[""A"" 5]]] [929 [[""A"" 5]]] [937 [[""A"" 5]]] [948 [[""A"" 5]]] [971 [[""A"" 5]]] [989 [[""A"" 5]]] [990 [[""A"" 5]]] [1009 [[""A"" 5]]] [1021 [[""A"" 5]]] [1036 [[""A"" 5]]] [1056 [[""A"" 5]]] [1065 [[""A"" 5]]] [1084 [[""A"" 5]]] [1095 [[""A"" 5]]] [1122 [[""A"" 5]]] [1128 [[""A"" 5]]] [1152 [[""A"" 5]]] [1168 [[""A"" 5]]] [1184 [[""A"" 5]]] [1198 [[""A"" 5]]] [1208 [[""A"" 5]]] [1225 [[""A"" 5]]] [1230 [[""A"" 5]]] [1257 [[""A"" 5]]] [1270 [[""A"" 5]]] [1287 [[""A"" 5]]] [1296 [[""A"" 5]]] [1306 [[""A"" 5]]] [1334 [[""A"" 5]]] [1339 [[""A"" 5]]] [1362 [[""A"" 5]]] [1371 [[""A"" 5]]] [1387 [[""A"" 5]]] [1403 [[""A"" 5]]] [1413 [[""A"" 5]]] [1434 [[""A"" 5]]] [1451 [[""A"" 5]]] [1457 [[""A"" 5]]] [1477 [[""A"" 5]]] [1489 [[""A"" 5]]]]",

"PATCHES"
"pxcor","pycor","pcolor","plabel","plabel-color"
"-16","16","9.9","""""","9.9"
"-15","16","9.9","""""","9.9"
"-14","16","9.9","""""","9.9"
"-13","16","9.9","""""","9.9"
"-12","16","9.9","""""","9.9"
"-11","16","9.9","""""","9.9"
"-10","16","9.9","""""","9.9"
"-9","16","9.9","""""","9.9"
"-8","16","9.9","""""","9.9"
"-7","16","9.9","""""","9.9"
"-6","16","9.9","""""","9.9"
"-5","16","9.9","""""","9.9"
"-4","16","9.9","""""","9.9"
"-3","16","9.9","""""","9.9"
"-2","16","9.9","""""","9.9"
"-1","16","9.9","""""","9.9"
"0","16","9.9","""""","9.9"
"1","16","9.9","""""","9.9"
"2","16","9.9","""""","9.9"
"3","16","9.9","""""","9.9"
"4","16","9.9","""""","9.9"
"5","16","9.9","""""","9.9"
"6","16","9.9","""""","9.9"
"7","16","9.9","""""","9.9"
"8","16","9.9","""""","9.9"
"9","16","9.9","""""","9.9"
"10","16","9.9","""""","9.9"
"11","16","9.9","""""","9.9"
"12","16","9.9","""""","9.9"
"13","16","9.9","""""","9.9"
"14","16","9.9","""""","9.9"
"15","16","9.9","""""","9.9"
"16","16","9.9","""""","9.9"
"-16","15","9.9","""""","9.9"
"-15","15","9.9","""""","9.9"
"-14","15","9.9","""""","9.9"
"-13","15","9.9","""""","9.9"
"-12","15","9.9","""""","9.9"
"-11","15","9.9","""""","9.9"
"-10","15","9.9","""""","9.9"
"-9","15","9.9","""""","9.9"
"-8","15","9.9","""""","9.9"
"-7","15","9.9","""""","9.9"
"-6","15","9.9","""""","9.9"
"-5","15","9.9","""""","9.9"
"-4","15","9.9","""""","9.9"
"-3","15","9.9","""""","9.9"
"-2","15","9.9","""""","9.9"
"-1","15","9.9","""""","9.9"
"0","15","9.9","""""","9.9"
"1","15","9.9","""""","9.9"
"2","15","9.9","""""","9.9"
"3","15","9.9","""""","9.9"
"4","15","9.9","""""","9.9"
"5","15","9.9","""""","9.9"
"6","15","9.9","""""","9.9"
"7","15","9.9","""""","9.9"
"8","15","9.9","""""","9.9"
"9","15","9.9","""""","9.9"
"10","15","9.9","""""","9.9"
"11","15","9.9","""""","9.9"
"12","15","9.9","""""","9.9"
"13","15","9.9","""""","9.9"
"14","15","9.9","""""","9.9"
"15","15","9.9","""""","9.9"
"16","15","9.9","""""","9.9"
"-16","14","9.9","""""","9.9"
"-15","14","9.9","""""","9.9"
"-14","14","9.9","""""","9.9"
"-13","14","9.9","""""","9.9"
"-12","14","9.9","""""","9.9"
"-11","14","9.9","""""","9.9"
"-10","14","9.9","""""","9.9"
"-9","14","9.9","""""","9.9"
"-8","14","9.9","""""","9.9"
"-7","14","9.9","""""","9.9"
"-6","14","9.9","""""","9.9"
"-5","14","9.9","""""","9.9"
"-4","14","9.9","""""","9.9"
"-3","14","9.9","""""","9.9"
"-2","14","9.9","""""","9.9"
"-1","14","9.9","""""","9.9"
"0","14","9.9","""""","9.9"
"1","14","9.9","""""","9.9"
"2","14","9.9","""""","9.9"
"3","14","9.9","""""","9.9"
"4","14","9.9","""""","9.9"
"5","14","9.9","""""","9.9"
"6","14","9.9","""""","9.9"
"7","14","9.9","""""","9.9"
"8","14","9.9","""""","9.9"
"9","14","9.9","""""","9.9"
"10","14","9.9","""""","9.9"
"11","14","9.9","""""","9.9"
"12","14","9.9","""""","9.9"
"13","14","9.9","""""","9.9"
"14","14","9.9","""""","9.9"
"15","14","9.9","""""","9.9"
"16","14","9.9","""""","9.9"
"-16","13","9.9","""""","9.9"
"-15","13","9.9","""""","9.9"
"-14","13","9.9","""""","9.9"
"-13","13","9.9","""""","9.9"
"-12","13","9.9","""""","9.9"
"-11","13","9.9","""""","9.9"
"-10","13","9.9","""""","9.9"
"-9","13","9.9","""""","9.9"
"-8","13","9.9","""""","9.9"
"-7","13","9.9","""""","9.9"
"-6","13","9.9","""""","9.9"
"-5","13","9.9","""""","9.9"
"-4","13","9.9","""""","9.9"
"-3","13","9.9","""""","9.9"
"-2","13","9.9","""""","9.9"
"-1","13","9.9","""""","9.9"
"0","13","9.9","""""","9.9"
"1","13","9.9","""""","9.9"
"2","13","9.9","""""","9.9"
"3","13","9.9","""""","9.9"
"4","13","9.9","""""","9.9"
"5","13","9.9","""""","9.9"
"6","13","9.9","""""","9.9"
"7","13","9.9","""""","9.9"
"8","13","9.9","""""","9.9"
"9","13","9.9","""""","9.9"
"10","13","9.9","""""","9.9"
"11","13","9.9","""""","9.9"
"12","13","9.9","""""","9.9"
"13","13","9.9","""""","9.9"
"14","13","9.9","""""","9.9"
"15","13","9.9","""""","9.9"
"16","13","9.9","""""","9.9"
"-16","12","9.9","""""","9.9"
"-15","12","9.9","""""","9.9"
"-14","12","9.9","""""","9.9"
"-13","12","9.9","""""","9.9"
"-12","12","9.9","""""","9.9"
"-11","12","9.9","""""","9.9"
"-10","12","9.9","""""","9.9"
"-9","12","9.9","""""","9.9"
"-8","12","9.9","""""","9.9"
"-7","12","9.9","""""","9.9"
"-6","12","9.9","""""","9.9"
"-5","12","9.9","""""","9.9"
"-4","12","9.9","""""","9.9"
"-3","12","9.9","""""","9.9"
"-2","12","9.9","""""","9.9"
"-1","12","9.9","""""","9.9"
"0","12","9.9","""""","9.9"
"1","12","9.9","""""","9.9"
"2","12","9.9","""""","9.9"
"3","12","9.9","""""","9.9"
"4","12","9.9","""""","9.9"
"5","12","9.9","""""","9.9"
"6","12","9.9","""""","9.9"
"7","12","9.9","""""","9.9"
"8","12","9.9","""""","9.9"
"9","12","9.9","""""","9.9"
"10","12","9.9","""""","9.9"
"11","12","9.9","""""","9.9"
"12","12","9.9","""""","9.9"
"13","12","9.9","""""","9.9"
"14","12","9.9","""""","9.9"
"15","12","9.9","""""","9.9"
"16","12","9.9","""""","9.9"
"-16","11","9.9","""""","9.9"
"-15","11","9.9","""""","9.9"
"-14","11","9.9","""""","9.9"
"-13","11","9.9","""""","9.9"
"-12","11","9.9","""""","9.9"
"-11","11","9.9","""""","9.9"
"-10","11","9.9","""""","9.9"
"-9","11","9.9","""""","9.9"
"-8","11","9.9","""""","9.9"
"-7","11","9.9","""""","9.9"
"-6","11","9.9","""""","9.9"
"-5","11","9.9","""""","9.9"
"-4","11","9.9","""""","9.9"
"-3","11","9.9","""""","9.9"
"-2","11","9.9","""""","9.9"
"-1","11","9.9","""""","9.9"
"0","11","9.9","""""","9.9"
"1","11","9.9","""""","9.9"
"2","11","9.9","""""","9.9"
"3","11","9.9","""""","9.9"
"4","11","9.9","""""","9.9"
"5","11","9.9","""""","9.9"
"6","11","9.9","""""","9.9"
"7","11","9.9","""""","9.9"
"8","11","9.9","""""","9.9"
"9","11","9.9","""""","9.9"
"10","11","9.9","""""","9.9"
"11","11","9.9","""""","9.9"
"12","11","9.9","""""","9.9"
"13","11","9.9","""""","9.9"
"14","11","9.9","""""","9.9"
"15","11","9.9","""""","9.9"
"16","11","9.9","""""","9.9"
"-16","10","9.9","""""","9.9"
"-15","10","9.9","""""","9.9"
"-14","10","9.9","""""","9.9"
"-13","10","9.9","""""","9.9"
"-12","10","9.9","""""","9.9"
"-11","10","9.9","""""","9.9"
"-10","10","9.9","""""","9.9"
"-9","10","9.9","""""","9.9"
"-8","10","9.9","""""","9.9"
"-7","10","9.9","""""","9.9"
"-6","10","9.9","""""","9.9"
"-5","10","9.9","""""","9.9"
"-4","10","9.9","""""","9.9"
"-3","10","9.9","""""","9.9"
"-2","10","9.9","""""","9.9"
"-1","10","9.9","""""","9.9"
"0","10","9.9","""""","9.9"
"1","10","9.9","""""","9.9"
"2","10","9.9","""""","9.9"
"3","10","9.9","""""","9.9"
"4","10","9.9","""""","9.9"
"5","10","9.9","""""","9.9"
"6","10","9.9","""""","9.9"
"7","10","9.9","""""","9.9"
"8","10","9.9","""""","9.9"
"9","10","9.9","""""","9.9"
"10","10","9.9","""""","9.9"
"11","10","9.9","""""","9.9"
"12","10","9.9","""""","9.9"
"13","10","9.9","""""","9.9"
"14","10","9.9","""""","9.9"
"15","10","9.9","""""","9.9"
"16","10","9.9","""""","9.9"
"-16","9","9.9","""""","9.9"
"-15","9","9.9","""""","9.9"
"-14","9","9.9","""""","9.9"
"-13","9","9.9","""""","9.9"
"-12","9","9.9","""""","9.9"
"-11","9","9.9","""""","9.9"
"-10","9","9.9","""""","9.9"
"-9","9","9.9","""""","9.9"
"-8","9","9.9","""""","9.9"
"-7","9","9.9","""""","9.9"
"-6","9","9.9","""""","9.9"
"-5","9","9.9","""""","9.9"
"-4","9","9.9","""""","9.9"
"-3","9","9.9","""""","9.9"
"-2","9","9.9","""""","9.9"
"-1","9","9.9","""""","9.9"
"0","9","9.9","""""","9.9"
"1","9","9.9","""""","9.9"
"2","9","9.9","""""","9.9"
"3","9","9.9","""""","9.9"
"4","9","9.9","""""","9.9"
"5","9","9.9","""""","9.9"
"6","9","9.9","""""","9.9"
"7","9","9.9","""""","9.9"
"8","9","9.9","""""","9.9"
"9","9","9.9","""""","9.9"
"10","9","9.9","""""","9.9"
"11","9","9.9","""""","9.9"
"12","9","9.9","""""","9.9"
"13","9","9.9","""""","9.9"
"14","9","9.9","""""","9.9"
"15","9","9.9","""""","9.9"
"16","9","9.9","""""","9.9"
"-16","8","9.9","""""","9.9"
"-15","8","9.9","""""","9.9"
"-14","8","9.9","""""","9.9"
"-13","8","9.9","""""","9.9"
"-12","8","9.9","""""","9.9"
"-11","8","9.9","""""","9.9"
"-10","8","9.9","""""","9.9"
"-9","8","9.9","""""","9.9"
"-8","8","9.9","""""","9.9"
"-7","8","9.9","""""","9.9"
"-6","8","9.9","""""","9.9"
"-5","8","9.9","""""","9.9"
"-4","8","9.9","""""","9.9"
"-3","8","9.9","""""","9.9"
"-2","8","9.9","""""","9.9"
"-1","8","9.9","""""","9.9"
"0","8","9.9","""""","9.9"
"1","8","9.9","""""","9.9"
"2","8","9.9","""""","9.9"
"3","8","9.9","""""","9.9"
"4","8","9.9","""""","9.9"
"5","8","9.9","""""","9.9"
"6","8","9.9","""""","9.9"
"7","8","9.9","""""","9.9"
"8","8","9.9","""""","9.9"
"9","8","9.9","""""","9.9"
"10","8","9.9","""""","9.9"
"11","8","9.9","""""","9.9"
"12","8","9.9","""""","9.9"
"13","8","9.9","""""","9.9"
"14","8","9.9","""""","9.9"
"15","8","9.9","""""","9.9"
"16","8","9.9","""""","9.9"
"-16","7","9.9","""""","9.9"
"-15","7","9.9","""""","9.9"
"-14","7","9.9","""""","9.9"
"-13","7","9.9","""""","9.9"
"-12","7","9.9","""""","9.9"
"-11","7","9.9","""""","9.9"
"-10","7","9.9","""""","9.9"
"-9","7","9.9","""""","9.9"
"-8","7","9.9","""""","9.9"
"-7","7","9.9","""""","9.9"
"-6","7","9.9","""""","9.9"
"-5","7","9.9","""""","9.9"
"-4","7","9.9","""""","9.9"
"-3","7","9.9","""""","9.9"
"-2","7","9.9","""""","9.9"
"-1","7","9.9","""""","9.9"
"0","7","9.9","""""","9.9"
"1","7","9.9","""""","9.9"
"2","7","9.9","""""","9.9"
"3","7","9.9","""""","9.9"
"4","7","9.9","""""","9.9"
"5","7","9.9","""""","9.9"
"6","7","9.9","""""","9.9"
"7","7","9.9","""""","9.9"
"8","7","9.9","""""","9.9"
"9","7","9.9","""""","9.9"
"10","7","9.9","""""","9.9"
"11","7","9.9","""""","9.9"
"12","7","9.9","""""","9.9"
"13","7","9.9","""""","9.9"
"14","7","9.9","""""","9.9"
"15","7","9.9","""""","9.9"
"16","7","9.9","""""","9.9"
"-16","6","9.9","""""","9.9"
"-15","6","9.9","""""","9.9"
"-14","6","9.9","""""","9.9"
"-13","6","9.9","""""","9.9"
"-12","6","9.9","""""","9.9"
"-11","6","9.9","""""","9.9"
"-10","6","9.9","""""","9.9"
"-9","6","9.9","""""","9.9"
"-8","6","9.9","""""","9.9"
"-7","6","9.9","""""","9.9"
"-6","6","9.9","""""","9.9"
"-5","6","9.9","""""","9.9"
"-4","6","9.9","""""","9.9"
"-3","6","9.9","""""","9.9"
"-2","6","9.9","""""","9.9"
"-1","6","9.9","""""","9.9"
"0","6","9.9","""""","9.9"
"1","6","9.9","""""","9.9"
"2","6","9.9","""""","9.9"
"3","6","9.9","""""","9.9"
"4","6","9.9","""""","9.9"
"5","6","9.9","""""","9.9"
"6","6","9.9","""""","9.9"
"7","6","9.9","""""","9.9"
"8","6","9.9","""""","9.9"
"9","6","9.9","""""","9.9"
"10","6","9.9","""""","9.9"
"11","6","9.9","""""","9.9"
"12","6","9.9","""""","9.9"
"13","6","9.9","""""","9.9"
"14","6","9.9","""""","9.9"
"15","6","9.9","""""","9.9"
"16","6","9.9","""""","9.9"
"-16","5","9.9","""""","9.9"
"-15","5","9.9","""""","9.9"
"-14","5","9.9","""""","9.9"
"-13","5","9.9","""""","9.9"
"-12","5","9.9","""""","9.9"
"-11","5","9.9","""""","9.9"
"-10","5","9.9","""""","9.9"
"-9","5","9.9","""""","9.9"
"-8","5","9.9","""""","9.9"
"-7","5","9.9","""""","9.9"
"-6","5","9.9","""""","9.9"
"-5","5","9.9","""""","9.9"
"-4","5","9.9","""""","9.9"
"-3","5","9.9","""""","9.9"
"-2","5","9.9","""""","9.9"
"-1","5","9.9","""""","9.9"
"0","5","9.9","""""","9.9"
"1","5","9.9","""""","9.9"
"2","5","9.9","""""","9.9"
"3","5","9.9","""""","9.9"
"4","5","9.9","""""","9.9"
"5","5","9.9","""""","9.9"
"6","5","9.9","""""","9.9"
"7","5","9.9","""""","9.9"
"8","5","9.9","""""","9.9"
"9","5","9.9","""""","9.9"
"10","5","9.9","""""","9.9"
"11","5","9.9","""""","9.9"
"12","5","9.9","""""","9.9"
"13","5","9.9","""""","9.9"
"14","5","9.9","""""","9.9"
"15","5","9.9","""""","9.9"
"16","5","9.9","""""","9.9"
"-16","4","9.9","""""","9.9"
"-15","4","9.9","""""","9.9"
"-14","4","9.9","""""","9.9"
"-13","4","9.9","""""","9.9"
"-12","4","9.9","""""","9.9"
"-11","4","9.9","""""","9.9"
"-10","4","9.9","""""","9.9"
"-9","4","9.9","""""","9.9"
"-8","4","9.9","""""","9.9"
"-7","4","9.9","""""","9.9"
"-6","4","9.9","""""","9.9"
"-5","4","9.9","""""","9.9"
"-4","4","9.9","""""","9.9"
"-3","4","9.9","""""","9.9"
"-2","4","9.9","""""","9.9"
"-1","4","9.9","""""","9.9"
"0","4","9.9","""""","9.9"
"1","4","9.9","""""","9.9"
"2","4","9.9","""""","9.9"
"3","4","9.9","""""","9.9"
"4","4","9.9","""""","9.9"
"5","4","9.9","""""","9.9"
"6","4","9.9","""""","9.9"
"7","4","9.9","""""","9.9"
"8","4","9.9","""""","9.9"
"9","4","9.9","""""","9.9"
"10","4","9.9","""""","9.9"
"11","4","9.9","""""","9.9"
"12","4","9.9","""""","9.9"
"13","4","9.9","""""","9.9"
"14","4","9.9","""""","9.9"
"15","4","9.9","""""","9.9"
"16","4","9.9","""""","9.9"
"-16","3","9.9","""""","9.9"
"-15","3","9.9","""""","9.9"
"-14","3","9.9","""""","9.9"
"-13","3","9.9","""""","9.9"
"-12","3","9.9","""""","9.9"
"-11","3","9.9","""""","9.9"
"-10","3","9.9","""""","9.9"
"-9","3","9.9","""""","9.9"
"-8","3","9.9","""""","9.9"
"-7","3","9.9","""""","9.9"
"-6","3","9.9","""""","9.9"
"-5","3","9.9","""""","9.9"
"-4","3","9.9","""""","9.9"
"-3","3","9.9","""""","9.9"
"-2","3","9.9","""""","9.9"
"-1","3","9.9","""""","9.9"
"0","3","9.9","""""","9.9"
"1","3","9.9","""""","9.9"
"2","3","9.9","""""","9.9"
"3","3","9.9","""""","9.9"
"4","3","9.9","""""","9.9"
"5","3","9.9","""""","9.9"
"6","3","9.9","""""","9.9"
"7","3","9.9","""""","9.9"
"8","3","9.9","""""","9.9"
"9","3","9.9","""""","9.9"
"10","3","9.9","""""","9.9"
"11","3","9.9","""""","9.9"
"12","3","9.9","""""","9.9"
"13","3","9.9","""""","9.9"
"14","3","9.9","""""","9.9"
"15","3","9.9","""""","9.9"
"16","3","9.9","""""","9.9"
"-16","2","9.9","""""","9.9"
"-15","2","9.9","""""","9.9"
"-14","2","9.9","""""","9.9"
"-13","2","9.9","""""","9.9"
"-12","2","9.9","""""","9.9"
"-11","2","9.9","""""","9.9"
"-10","2","9.9","""""","9.9"
"-9","2","9.9","""""","9.9"
"-8","2","9.9","""""","9.9"
"-7","2","9.9","""""","9.9"
"-6","2","9.9","""""","9.9"
"-5","2","9.9","""""","9.9"
"-4","2","9.9","""""","9.9"
"-3","2","9.9","""""","9.9"
"-2","2","9.9","""""","9.9"
"-1","2","9.9","""""","9.9"
"0","2","9.9","""""","9.9"
"1","2","9.9","""""","9.9"
"2","2","9.9","""""","9.9"
"3","2","9.9","""""","9.9"
"4","2","9.9","""""","9.9"
"5","2","9.9","""""","9.9"
"6","2","9.9","""""","9.9"
"7","2","9.9","""""","9.9"
"8","2","9.9","""""","9.9"
"9","2","9.9","""""","9.9"
"10","2","9.9","""""","9.9"
"11","2","9.9","""""","9.9"
"12","2","9.9","""""","9.9"
"13","2","9.9","""""","9.9"
"14","2","9.9","""""","9.9"
"15","2","9.9","""""","9.9"
"16","2","9.9","""""","9.9"
"-16","1","9.9","""""","9.9"
"-15","1","9.9","""""","9.9"
"-14","1","9.9","""""","9.9"
"-13","1","9.9","""""","9.9"
"-12","1","9.9","""""","9.9"
"-11","1","9.9","""""","9.9"
"-10","1","9.9","""""","9.9"
"-9","1","9.9","""""","9.9"
"-8","1","9.9","""""","9.9"
"-7","1","9.9","""""","9.9"
"-6","1","9.9","""""","9.9"
"-5","1","9.9","""""","9.9"
"-4","1","9.9","""""","9.9"
"-3","1","9.9","""""","9.9"
"-2","1","9.9","""""","9.9"
"-1","1","9.9","""""","9.9"
"0","1","9.9","""""","9.9"
"1","1","9.9","""""","9.9"
"2","1","9.9","""""","9.9"
"3","1","9.9","""""","9.9"
"4","1","9.9","""""","9.9"
"5","1","9.9","""""","9.9"
"6","1","9.9","""""","9.9"
"7","1","9.9","""""","9.9"
"8","1","9.9","""""","9.9"
"9","1","9.9","""""","9.9"
"10","1","9.9","""""","9.9"
"11","1","9.9","""""","9.9"
"12","1","9.9","""""","9.9"
"13","1","9.9","""""","9.9"
"14","1","9.9","""""","9.9"
"15","1","9.9","""""","9.9"
"16","1","9.9","""""","9.9"
"-16","0","9.9","""""","9.9"
"-15","0","9.9","""""","9.9"
"-14","0","9.9","""""","9.9"
"-13","0","9.9","""""","9.9"
"-12","0","9.9","""""","9.9"
"-11","0","9.9","""""","9.9"
"-10","0","9.9","""""","9.9"
"-9","0","9.9","""""","9.9"
"-8","0","9.9","""""","9.9"
"-7","0","9.9","""""","9.9"
"-6","0","9.9","""""","9.9"
"-5","0","9.9","""""","9.9"
"-4","0","9.9","""""","9.9"
"-3","0","9.9","""""","9.9"
"-2","0","9.9","""""","9.9"
"-1","0","9.9","""""","9.9"
"0","0","9.9","""""","9.9"
"1","0","9.9","""""","9.9"
"2","0","9.9","""""","9.9"
"3","0","9.9","""""","9.9"
"4","0","9.9","""""","9.9"
"5","0","9.9","""""","9.9"
"6","0","9.9","""""","9.9"
"7","0","9.9","""""","9.9"
"8","0","9.9","""""","9.9"
"9","0","9.9","""""","9.9"
"10","0","9.9","""""","9.9"
"11","0","9.9","""""","9.9"
"12","0","9.9","""""","9.9"
"13","0","9.9","""""","9.9"
"14","0","9.9","""""","9.9"
"15","0","9.9","""""","9.9"
"16","0","9.9","""""","9.9"
"-16","-1","9.9","""""","9.9"
"-15","-1","9.9","""""","9.9"
"-14","-1","9.9","""""","9.9"
"-13","-1","9.9","""""","9.9"
"-12","-1","9.9","""""","9.9"
"-11","-1","9.9","""""","9.9"
"-10","-1","9.9","""""","9.9"
"-9","-1","9.9","""""","9.9"
"-8","-1","9.9","""""","9.9"
"-7","-1","9.9","""""","9.9"
"-6","-1","9.9","""""","9.9"
"-5","-1","9.9","""""","9.9"
"-4","-1","9.9","""""","9.9"
"-3","-1","9.9","""""","9.9"
"-2","-1","9.9","""""","9.9"
"-1","-1","9.9","""""","9.9"
"0","-1","9.9","""""","9.9"
"1","-1","9.9","""""","9.9"
"2","-1","9.9","""""","9.9"
"3","-1","9.9","""""","9.9"
"4","-1","9.9","""""","9.9"
"5","-1","9.9","""""","9.9"
"6","-1","9.9","""""","9.9"
"7","-1","9.9","""""","9.9"
"8","-1","9.9","""""","9.9"
"9","-1","9.9","""""","9.9"
"10","-1","9.9","""""","9.9"
"11","-1","9.9","""""","9.9"
"12","-1","9.9","""""","9.9"
"13","-1","9.9","""""","9.9"
"14","-1","9.9","""""","9.9"
"15","-1","9.9","""""","9.9"
"16","-1","9.9","""""","9.9"
"-16","-2","9.9","""""","9.9"
"-15","-2","9.9","""""","9.9"
"-14","-2","9.9","""""","9.9"
"-13","-2","9.9","""""","9.9"
"-12","-2","9.9","""""","9.9"
"-11","-2","9.9","""""","9.9"
"-10","-2","9.9","""""","9.9"
"-9","-2","9.9","""""","9.9"
"-8","-2","9.9","""""","9.9"
"-7","-2","9.9","""""","9.9"
"-6","-2","9.9","""""","9.9"
"-5","-2","9.9","""""","9.9"
"-4","-2","9.9","""""","9.9"
"-3","-2","9.9","""""","9.9"
"-2","-2","9.9","""""","9.9"
"-1","-2","9.9","""""","9.9"
"0","-2","9.9","""""","9.9"
"1","-2","9.9","""""","9.9"
"2","-2","9.9","""""","9.9"
"3","-2","9.9","""""","9.9"
"4","-2","9.9","""""","9.9"
"5","-2","9.9","""""","9.9"
"6","-2","9.9","""""","9.9"
"7","-2","9.9","""""","9.9"
"8","-2","9.9","""""","9.9"
"9","-2","9.9","""""","9.9"
"10","-2","9.9","""""","9.9"
"11","-2","9.9","""""","9.9"
"12","-2","9.9","""""","9.9"
"13","-2","9.9","""""","9.9"
"14","-2","9.9","""""","9.9"
"15","-2","9.9","""""","9.9"
"16","-2","9.9","""""","9.9"
"-16","-3","9.9","""""","9.9"
"-15","-3","9.9","""""","9.9"
"-14","-3","9.9","""""","9.9"
"-13","-3","9.9","""""","9.9"
"-12","-3","9.9","""""","9.9"
"-11","-3","9.9","""""","9.9"
"-10","-3","9.9","""""","9.9"
"-9","-3","9.9","""""","9.9"
"-8","-3","9.9","""""","9.9"
"-7","-3","9.9","""""","9.9"
"-6","-3","9.9","""""","9.9"
"-5","-3","9.9","""""","9.9"
"-4","-3","9.9","""""","9.9"
"-3","-3","9.9","""""","9.9"
"-2","-3","9.9","""""","9.9"
"-1","-3","9.9","""""","9.9"
"0","-3","9.9","""""","9.9"
"1","-3","9.9","""""","9.9"
"2","-3","9.9","""""","9.9"
"3","-3","9.9","""""","9.9"
"4","-3","9.9","""""","9.9"
"5","-3","9.9","""""","9.9"
"6","-3","9.9","""""","9.9"
"7","-3","9.9","""""","9.9"
"8","-3","9.9","""""","9.9"
"9","-3","9.9","""""","9.9"
"10","-3","9.9","""""","9.9"
"11","-3","9.9","""""","9.9"
"12","-3","9.9","""""","9.9"
"13","-3","9.9","""""","9.9"
"14","-3","9.9","""""","9.9"
"15","-3","9.9","""""","9.9"
"16","-3","9.9","""""","9.9"
"-16","-4","9.9","""""","9.9"
"-15","-4","9.9","""""","9.9"
"-14","-4","9.9","""""","9.9"
"-13","-4","9.9","""""","9.9"
"-12","-4","9.9","""""","9.9"
"-11","-4","9.9","""""","9.9"
"-10","-4","9.9","""""","9.9"
"-9","-4","9.9","""""","9.9"
"-8","-4","9.9","""""","9.9"
"-7","-4","9.9","""""","9.9"
"-6","-4","9.9","""""","9.9"
"-5","-4","9.9","""""","9.9"
"-4","-4","9.9","""""","9.9"
"-3","-4","9.9","""""","9.9"
"-2","-4","9.9","""""","9.9"
"-1","-4","9.9","""""","9.9"
"0","-4","9.9","""""","9.9"
"1","-4","9.9","""""","9.9"
"2","-4","9.9","""""","9.9"
"3","-4","9.9","""""","9.9"
"4","-4","9.9","""""","9.9"
"5","-4","9.9","""""","9.9"
"6","-4","9.9","""""","9.9"
"7","-4","9.9","""""","9.9"
"8","-4","9.9","""""","9.9"
"9","-4","9.9","""""","9.9"
"10","-4","9.9","""""","9.9"
"11","-4","9.9","""""","9.9"
"12","-4","9.9","""""","9.9"
"13","-4","9.9","""""","9.9"
"14","-4","9.9","""""","9.9"
"15","-4","9.9","""""","9.9"
"16","-4","9.9","""""","9.9"
"-16","-5","9.9","""""","9.9"
"-15","-5","9.9","""""","9.9"
"-14","-5","9.9","""""","9.9"
"-13","-5","9.9","""""","9.9"
"-12","-5","9.9","""""","9.9"
"-11","-5","9.9","""""","9.9"
"-10","-5","9.9","""""","9.9"
"-9","-5","9.9","""""","9.9"
"-8","-5","9.9","""""","9.9"
"-7","-5","9.9","""""","9.9"
"-6","-5","9.9","""""","9.9"
"-5","-5","9.9","""""","9.9"
"-4","-5","9.9","""""","9.9"
"-3","-5","9.9","""""","9.9"
"-2","-5","9.9","""""","9.9"
"-1","-5","9.9","""""","9.9"
"0","-5","9.9","""""","9.9"
"1","-5","9.9","""""","9.9"
"2","-5","9.9","""""","9.9"
"3","-5","9.9","""""","9.9"
"4","-5","9.9","""""","9.9"
"5","-5","9.9","""""","9.9"
"6","-5","9.9","""""","9.9"
"7","-5","9.9","""""","9.9"
"8","-5","9.9","""""","9.9"
"9","-5","9.9","""""","9.9"
"10","-5","9.9","""""","9.9"
"11","-5","9.9","""""","9.9"
"12","-5","9.9","""""","9.9"
"13","-5","9.9","""""","9.9"
"14","-5","9.9","""""","9.9"
"15","-5","9.9","""""","9.9"
"16","-5","9.9","""""","9.9"
"-16","-6","9.9","""""","9.9"
"-15","-6","9.9","""""","9.9"
"-14","-6","9.9","""""","9.9"
"-13","-6","9.9","""""","9.9"
"-12","-6","9.9","""""","9.9"
"-11","-6","9.9","""""","9.9"
"-10","-6","9.9","""""","9.9"
"-9","-6","9.9","""""","9.9"
"-8","-6","9.9","""""","9.9"
"-7","-6","9.9","""""","9.9"
"-6","-6","9.9","""""","9.9"
"-5","-6","9.9","""""","9.9"
"-4","-6","9.9","""""","9.9"
"-3","-6","9.9","""""","9.9"
"-2","-6","9.9","""""","9.9"
"-1","-6","9.9","""""","9.9"
"0","-6","9.9","""""","9.9"
"1","-6","9.9","""""","9.9"
"2","-6","9.9","""""","9.9"
"3","-6","9.9","""""","9.9"
"4","-6","9.9","""""","9.9"
"5","-6","9.9","""""","9.9"
"6","-6","9.9","""""","9.9"
"7","-6","9.9","""""","9.9"
"8","-6","9.9","""""","9.9"
"9","-6","9.9","""""","9.9"
"10","-6","9.9","""""","9.9"
"11","-6","9.9","""""","9.9"
"12","-6","9.9","""""","9.9"
"13","-6","9.9","""""","9.9"
"14","-6","9.9","""""","9.9"
"15","-6","9.9","""""","9.9"
"16","-6","9.9","""""","9.9"
"-16","-7","9.9","""""","9.9"
"-15","-7","9.9","""""","9.9"
"-14","-7","9.9","""""","9.9"
"-13","-7","9.9","""""","9.9"
"-12","-7","9.9","""""","9.9"
"-11","-7","9.9","""""","9.9"
"-10","-7","9.9","""""","9.9"
"-9","-7","9.9","""""","9.9"
"-8","-7","9.9","""""","9.9"
"-7","-7","9.9","""""","9.9"
"-6","-7","9.9","""""","9.9"
"-5","-7","9.9","""""","9.9"
"-4","-7","9.9","""""","9.9"
"-3","-7","9.9","""""","9.9"
"-2","-7","9.9","""""","9.9"
"-1","-7","9.9","""""","9.9"
"0","-7","9.9","""""","9.9"
"1","-7","9.9","""""","9.9"
"2","-7","9.9","""""","9.9"
"3","-7","9.9","""""","9.9"
"4","-7","9.9","""""","9.9"
"5","-7","9.9","""""","9.9"
"6","-7","9.9","""""","9.9"
"7","-7","9.9","""""","9.9"
"8","-7","9.9","""""","9.9"
"9","-7","9.9","""""","9.9"
"10","-7","9.9","""""","9.9"
"11","-7","9.9","""""","9.9"
"12","-7","9.9","""""","9.9"
"13","-7","9.9","""""","9.9"
"14","-7","9.9","""""","9.9"
"15","-7","9.9","""""","9.9"
"16","-7","9.9","""""","9.9"
"-16","-8","9.9","""""","9.9"
"-15","-8","9.9","""""","9.9"
"-14","-8","9.9","""""","9.9"
"-13","-8","9.9","""""","9.9"
"-12","-8","9.9","""""","9.9"
"-11","-8","9.9","""""","9.9"
"-10","-8","9.9","""""","9.9"
"-9","-8","9.9","""""","9.9"
"-8","-8","9.9","""""","9.9"
"-7","-8","9.9","""""","9.9"
"-6","-8","9.9","""""","9.9"
"-5","-8","9.9","""""","9.9"
"-4","-8","9.9","""""","9.9"
"-3","-8","9.9","""""","9.9"
"-2","-8","9.9","""""","9.9"
"-1","-8","9.9","""""","9.9"
"0","-8","9.9","""""","9.9"
"1","-8","9.9","""""","9.9"
"2","-8","9.9","""""","9.9"
"3","-8","9.9","""""","9.9"
"4","-8","9.9","""""","9.9"
"5","-8","9.9","""""","9.9"
"6","-8","9.9","""""","9.9"
"7","-8","9.9","""""","9.9"
"8","-8","9.9","""""","9.9"
"9","-8","9.9","""""","9.9"
"10","-8","9.9","""""","9.9"
"11","-8","9.9","""""","9.9"
"12","-8","9.9","""""","9.9"
"13","-8","9.9","""""","9.9"
"14","-8","9.9","""""","9.9"
"15","-8","9.9","""""","9.9"
"16","-8","9.9","""""","9.9"
"-16","-9","9.9","""""","9.9"
"-15","-9","9.9","""""","9.9"
"-14","-9","9.9","""""","9.9"
"-13","-9","9.9","""""","9.9"
"-12","-9","9.9","""""","9.9"
"-11","-9","9.9","""""","9.9"
"-10","-9","9.9","""""","9.9"
"-9","-9","9.9","""""","9.9"
"-8","-9","9.9","""""","9.9"
"-7","-9","9.9","""""","9.9"
"-6","-9","9.9","""""","9.9"
"-5","-9","9.9","""""","9.9"
"-4","-9","9.9","""""","9.9"
"-3","-9","9.9","""""","9.9"
"-2","-9","9.9","""""","9.9"
"-1","-9","9.9","""""","9.9"
"0","-9","9.9","""""","9.9"
"1","-9","9.9","""""","9.9"
"2","-9","9.9","""""","9.9"
"3","-9","9.9","""""","9.9"
"4","-9","9.9","""""","9.9"
"5","-9","9.9","""""","9.9"
"6","-9","9.9","""""","9.9"
"7","-9","9.9","""""","9.9"
"8","-9","9.9","""""","9.9"
"9","-9","9.9","""""","9.9"
"10","-9","9.9","""""","9.9"
"11","-9","9.9","""""","9.9"
"12","-9","9.9","""""","9.9"
"13","-9","9.9","""""","9.9"
"14","-9","9.9","""""","9.9"
"15","-9","9.9","""""","9.9"
"16","-9","9.9","""""","9.9"
"-16","-10","9.9","""""","9.9"
"-15","-10","9.9","""""","9.9"
"-14","-10","9.9","""""","9.9"
"-13","-10","9.9","""""","9.9"
"-12","-10","9.9","""""","9.9"
"-11","-10","9.9","""""","9.9"
"-10","-10","9.9","""""","9.9"
"-9","-10","9.9","""""","9.9"
"-8","-10","9.9","""""","9.9"
"-7","-10","9.9","""""","9.9"
"-6","-10","9.9","""""","9.9"
"-5","-10","9.9","""""","9.9"
"-4","-10","9.9","""""","9.9"
"-3","-10","9.9","""""","9.9"
"-2","-10","9.9","""""","9.9"
"-1","-10","9.9","""""","9.9"
"0","-10","9.9","""""","9.9"
"1","-10","9.9","""""","9.9"
"2","-10","9.9","""""","9.9"
"3","-10","9.9","""""","9.9"
"4","-10","9.9","""""","9.9"
"5","-10","9.9","""""","9.9"
"6","-10","9.9","""""","9.9"
"7","-10","9.9","""""","9.9"
"8","-10","9.9","""""","9.9"
"9","-10","9.9","""""","9.9"
"10","-10","9.9","""""","9.9"
"11","-10","9.9","""""","9.9"
"12","-10","9.9","""""","9.9"
"13","-10","9.9","""""","9.9"
"14","-10","9.9","""""","9.9"
"15","-10","9.9","""""","9.9"
"16","-10","9.9","""""","9.9"
"-16","-11","9.9","""""","9.9"
"-15","-11","9.9","""""","9.9"
"-14","-11","9.9","""""","9.9"
"-13","-11","9.9","""""","9.9"
"-12","-11","9.9","""""","9.9"
"-11","-11","9.9","""""","9.9"
"-10","-11","9.9","""""","9.9"
"-9","-11","9.9","""""","9.9"
"-8","-11","9.9","""""","9.9"
"-7","-11","9.9","""""","9.9"
"-6","-11","9.9","""""","9.9"
"-5","-11","9.9","""""","9.9"
"-4","-11","9.9","""""","9.9"
"-3","-11","9.9","""""","9.9"
"-2","-11","9.9","""""","9.9"
"-1","-11","9.9","""""","9.9"
"0","-11","9.9","""""","9.9"
"1","-11","9.9","""""","9.9"
"2","-11","9.9","""""","9.9"
"3","-11","9.9","""""","9.9"
"4","-11","9.9","""""","9.9"
"5","-11","9.9","""""","9.9"
"6","-11","9.9","""""","9.9"
"7","-11","9.9","""""","9.9"
"8","-11","9.9","""""","9.9"
"9","-11","9.9","""""","9.9"
"10","-11","9.9","""""","9.9"
"11","-11","9.9","""""","9.9"
"12","-11","9.9","""""","9.9"
"13","-11","9.9","""""","9.9"
"14","-11","9.9","""""","9.9"
"15","-11","9.9","""""","9.9"
"16","-11","9.9","""""","9.9"
"-16","-12","9.9","""""","9.9"
"-15","-12","9.9","""""","9.9"
"-14","-12","9.9","""""","9.9"
"-13","-12","9.9","""""","9.9"
"-12","-12","9.9","""""","9.9"
"-11","-12","9.9","""""","9.9"
"-10","-12","9.9","""""","9.9"
"-9","-12","9.9","""""","9.9"
"-8","-12","9.9","""""","9.9"
"-7","-12","9.9","""""","9.9"
"-6","-12","9.9","""""","9.9"
"-5","-12","9.9","""""","9.9"
"-4","-12","9.9","""""","9.9"
"-3","-12","9.9","""""","9.9"
"-2","-12","9.9","""""","9.9"
"-1","-12","9.9","""""","9.9"
"0","-12","9.9","""""","9.9"
"1","-12","9.9","""""","9.9"
"2","-12","9.9","""""","9.9"
"3","-12","9.9","""""","9.9"
"4","-12","9.9","""""","9.9"
"5","-12","9.9","""""","9.9"
"6","-12","9.9","""""","9.9"
"7","-12","9.9","""""","9.9"
"8","-12","9.9","""""","9.9"
"9","-12","9.9","""""","9.9"
"10","-12","9.9","""""","9.9"
"11","-12","9.9","""""","9.9"
"12","-12","9.9","""""","9.9"
"13","-12","9.9","""""","9.9"
"14","-12","9.9","""""","9.9"
"15","-12","9.9","""""","9.9"
"16","-12","9.9","""""","9.9"
"-16","-13","9.9","""""","9.9"
"-15","-13","9.9","""""","9.9"
"-14","-13","9.9","""""","9.9"
"-13","-13","9.9","""""","9.9"
"-12","-13","9.9","""""","9.9"
"-11","-13","9.9","""""","9.9"
"-10","-13","9.9","""""","9.9"
"-9","-13","9.9","""""","9.9"
"-8","-13","9.9","""""","9.9"
"-7","-13","9.9","""""","9.9"
"-6","-13","9.9","""""","9.9"
"-5","-13","9.9","""""","9.9"
"-4","-13","9.9","""""","9.9"
"-3","-13","9.9","""""","9.9"
"-2","-13","9.9","""""","9.9"
"-1","-13","9.9","""""","9.9"
"0","-13","9.9","""""","9.9"
"1","-13","9.9","""""","9.9"
"2","-13","9.9","""""","9.9"
"3","-13","9.9","""""","9.9"
"4","-13","9.9","""""","9.9"
"5","-13","9.9","""""","9.9"
"6","-13","9.9","""""","9.9"
"7","-13","9.9","""""","9.9"
"8","-13","9.9","""""","9.9"
"9","-13","9.9","""""","9.9"
"10","-13","9.9","""""","9.9"
"11","-13","9.9","""""","9.9"
"12","-13","9.9","""""","9.9"
"13","-13","9.9","""""","9.9"
"14","-13","9.9","""""","9.9"
"15","-13","9.9","""""","9.9"
"16","-13","9.9","""""","9.9"
"-16","-14","9.9","""""","9.9"
"-15","-14","9.9","""""","9.9"
"-14","-14","9.9","""""","9.9"
"-13","-14","9.9","""""","9.9"
"-12","-14","9.9","""""","9.9"
"-11","-14","9.9","""""","9.9"
"-10","-14","9.9","""""","9.9"
"-9","-14","9.9","""""","9.9"
"-8","-14","9.9","""""","9.9"
"-7","-14","9.9","""""","9.9"
"-6","-14","9.9","""""","9.9"
"-5","-14","9.9","""""","9.9"
"-4","-14","9.9","""""","9.9"
"-3","-14","9.9","""""","9.9"
"-2","-14","9.9","""""","9.9"
"-1","-14","9.9","""""","9.9"
"0","-14","9.9","""""","9.9"
"1","-14","9.9","""""","9.9"
"2","-14","9.9","""""","9.9"
"3","-14","9.9","""""","9.9"
"4","-14","9.9","""""","9.9"
"5","-14","9.9","""""","9.9"
"6","-14","9.9","""""","9.9"
"7","-14","9.9","""""","9.9"
"8","-14","9.9","""""","9.9"
"9","-14","9.9","""""","9.9"
"10","-14","9.9","""""","9.9"
"11","-14","9.9","""""","9.9"
"12","-14","9.9","""""","9.9"
"13","-14","9.9","""""","9.9"
"14","-14","9.9","""""","9.9"
"15","-14","9.9","""""","9.9"
"16","-14","9.9","""""","9.9"
"-16","-15","9.9","""""","9.9"
"-15","-15","9.9","""""","9.9"
"-14","-15","9.9","""""","9.9"
"-13","-15","9.9","""""","9.9"
"-12","-15","9.9","""""","9.9"
"-11","-15","9.9","""""","9.9"
"-10","-15","9.9","""""","9.9"
"-9","-15","9.9","""""","9.9"
"-8","-15","9.9","""""","9.9"
"-7","-15","9.9","""""","9.9"
"-6","-15","9.9","""""","9.9"
"-5","-15","9.9","""""","9.9"
"-4","-15","9.9","""""","9.9"
"-3","-15","9.9","""""","9.9"
"-2","-15","9.9","""""","9.9"
"-1","-15","9.9","""""","9.9"
"0","-15","9.9","""""","9.9"
"1","-15","9.9","""""","9.9"
"2","-15","9.9","""""","9.9"
"3","-15","9.9","""""","9.9"
"4","-15","9.9","""""","9.9"
"5","-15","9.9","""""","9.9"
"6","-15","9.9","""""","9.9"
"7","-15","9.9","""""","9.9"
"8","-15","9.9","""""","9.9"
"9","-15","9.9","""""","9.9"
"10","-15","9.9","""""","9.9"
"11","-15","9.9","""""","9.9"
"12","-15","9.9","""""","9.9"
"13","-15","9.9","""""","9.9"
"14","-15","9.9","""""","9.9"
"15","-15","9.9","""""","9.9"
"16","-15","9.9","""""","9.9"
"-16","-16","9.9","""""","9.9"
"-15","-16","9.9","""""","9.9"
"-14","-16","9.9","""""","9.9"
"-13","-16","9.9","""""","9.9"
"-12","-16","9.9","""""","9.9"
"-11","-16","9.9","""""","9.9"
"-10","-16","9.9","""""","9.9"
"-9","-16","9.9","""""","9.9"
"-8","-16","9.9","""""","9.9"
"-7","-16","9.9","""""","9.9"
"-6","-16","9.9","""""","9.9"
"-5","-16","9.9","""""","9.9"
"-4","-16","9.9","""""","9.9"
"-3","-16","9.9","""""","9.9"
"-2","-16","9.9","""""","9.9"
"-1","-16","9.9","""""","9.9"
"0","-16","9.9","""""","9.9"
"1","-16","9.9","""""","9.9"
"2","-16","9.9","""""","9.9"
"3","-16","9.9","""""","9.9"
"4","-16","9.9","""""","9.9"
"5","-16","9.9","""""","9.9"
"6","-16","9.9","""""","9.9"
"7","-16","9.9","""""","9.9"
"8","-16","9.9","""""","9.9"
"9","-16","9.9","""""","9.9"
"10","-16","9.9","""""","9.9"
"11","-16","9.9","""""","9.9"
"12","-16","9.9","""""","9.9"
"13","-16","9.9","""""","9.9"
"14","-16","9.9","""""","9.9"
"15","-16","9.9","""""","9.9"
"16","-16","9.9","""""","9.9"

"LINKS"
"end1","end2","color","label","label-color","hidden?","breed","thickness","shape","tie-mode","weight"
"{citizen 0}","{citizen 1}","[141 141 141 100]","""""","9.9","false","{breed social-friends}","0","""default""","""none""","0"
"{citizen 0}","{citizen 2}","[255 0 0 100]","""""","9.9","false","{breed social-friends}","0","""default""","""none""","0"
"{citizen 0}","{citizen 3}","[255 0 0 100]","""""","9.9","false","{breed social-friends}","0","""default""","""none""","0"
"{citizen 0}","{citizen 5}","[141 141 141 100]","""""","9.9","false","{breed social-friends}","0","""default""","""none""","0"
"{citizen 0}","{citizen 6}","[255 0 0 100]","""""","9.9","false","{breed social-friends}","0","""default""","""none""","0"
"{citizen 0}","{citizen 8}","[255 0 0 100]","""""","9.9","false","{breed social-friends}","0","""default""","""none""","0"
"{citizen 0}","{citizen 9}","[141 141 141 100]","""""","9.9","false","{breed social-friends}","0","""default""","""none""","0"
"{citizen 0}","{citizen 10}","[255 0 0 100]","""""","9.9","false","{breed social-friends}","0","""default""","""none""","0"
"{citizen 0}","{citizen 11}","[141 141 141 100]","""""","9.9","false","{breed social-friends}","0","""default""","""none""","0"
"{citizen 0}","{citizen 12}","[255 0 0 100]","""""","9.9","false","{breed social-friends}","0","""default""","""none""","0"
"{citizen 0}","{citizen 13}","[141 141 141 100]","""""","9.9","false","{breed social-friends}","0","""default""","""none""","0"
"{citizen 0}","{citizen 15}","[255 0 0 100]","""""","9.9","false","{breed social-friends}","0","""default""","""none""","0"
"{citizen 0}","{citizen 16}","[141 141 141 100]","""""","9.9","false","{breed social-friends}","0","""default""","""none""","0"
"{citizen 0}","{citizen 17}","[255 0 0 100]","""""","9.9","false","{breed social-friends}","0","""default""","""none""","0"
"{citizen 0}","{citizen 19}","[255 0 0 100]","""""","9.9","false","{breed social-friends}","0","""default""","""none""","0"
"{citizen 0}","{citizen 20}","[255 0 0 100]","""""","9.9","false","{breed social-friends}","0","""default""","""none""","0"
"{citizen 0}","{citizen 22}","[141 141 141 100]","""""","9.9","false","{breed social-friends}","0","""default""","""none""","0"
"{citizen 0}","{citizen 23}","[255 0 0 100]","""""","9.9","false","{breed social-friends}","0","""default""","""none""","0"
"{citizen 0}","{citizen 24}","[141 141 141 100]","""""","9.9","false","{breed social-friends}","0","""default""","""none""","0"
"{citizen 0}","{citizen 25}","[255 0 0 100]","""""","9.9","false","{breed social-friends}","0","""default""","""none""","0"
"{citizen 0}","{citizen 26}","[141 141 141 100]","""""","9.9","false","{breed social-friends}","0","""default""","""none""","0"
"{citizen 0}","{citizen 27}","[255 0 0 100]","""""","9.9","false","{breed social-friends}","0","""default""","""none""","0"
"{citizen 0}","{citizen 28}","[141 141 141 100]","""""","9.9","false","{breed social-friends}","0","""default""","""none""","0"
"{citizen 0}","{citizen 29}","[255 0 0 100]","""""","9.9","false","{breed social-friends}","0","""default""","""none""","0"
"{citizen 0}","{citizen 30}","[255 0 0 100]","""""","9.9","false","{breed social-friends}","0","""default""","""none""","0"
"{citizen 0}","{citizen 31}","[255 0 0 100]","""""","9.9","false","{breed social-friends}","0","""default""","""none""","0"
"{citizen 0}","{citizen 33}","[255 0 0 100]","""""","9.9","false","{breed social-friends}","0","""default""","""none""","0"
"{citizen 0}","{citizen 34}","[255 0 0 100]","""""","9.9","false","{breed social-friends}","0","""default""","""none""","0"
"{citizen 0}","{citizen 36}","[141 141 141 100]","""""","9.9","false","{breed social-friends}","0","""default""","""none""","0"
"{citizen 0}","{citizen 37}","[255 0 0 100]","""""","9.9","false","{breed social-friends}","0","""default""","""none""","0"
"{citizen 0}","{citizen 39}","[255 0 0 100]","""""","9.9","false","{breed social-friends}","0","""default""","""none""","0"
"{citizen 0}","{citizen 42}","[141 141 141 100]","""""","9.9","false","{breed social-friends}","0","""default""","""none""","0"
"{citizen 0}","{citizen 43}","[255 0 0 100]","""""","9.9","false","{breed social-friends}","0","""default""","""none""","0"
"{citizen 0}","{citizen 45}","[141 141 141 100]","""""","9.9","false","{breed social-friends}","0","""default""","""none""","0"
"{citizen 0}","{citizen 46}","[255 0 0 100]","""""","9.9","false","{breed social-friends}","0","""default""","""none""","0"
"{citizen 0}","{citizen 47}","[255 0 0 100]","""""","9.9","false","{breed social-friends}","0","""default""","""none""","0"
"{citizen 0}","{citizen 48}","[255 0 0 100]","""""","9.9","false","{breed social-friends}","0","""default""","""none""","0"
"{citizen 0}","{citizen 49}","[255 0 0 100]","""""","9.9","false","{breed social-friends}","0","""default""","""none""","0"
"{citizen 1}","{citizen 0}","[141 141 141 100]","""""","9.9","false","{breed social-friends}","0","""default""","""none""","0"
"{citizen 1}","{citizen 2}","[141 141 141 100]","""""","9.9","false","{breed social-friends}","0","""default""","""none""","0"
"{citizen 1}","{citizen 3}","[141 141 141 100]","""""","9.9","false","{breed social-friends}","0","""default""","""none""","0"
"{citizen 1}","{citizen 4}","[141 141 141 100]","""""","9.9","false","{breed social-friends}","0","""default""","""none""","0"
"{citizen 1}","{citizen 5}","[141 141 141 100]","""""","9.9","false","{breed social-friends}","0","""default""","""none""","0"
"{citizen 1}","{citizen 6}","[141 141 141 100]","""""","9.9","false","{breed social-friends}","0","""default""","""none""","0"
"{citizen 1}","{citizen 7}","[141 141 141 100]","""""","9.9","false","{breed social-friends}","0","""default""","""none""","0"
"{citizen 1}","{citizen 8}","[141 141 141 100]","""""","9.9","false","{breed social-friends}","0","""default""","""none""","0"
"{citizen 1}","{citizen 9}","[128 0 127 100]","""""","9.9","false","{breed social-friends}","0","""default""","""none""","0"
"{citizen 1}","{citizen 10}","[141 141 141 100]","""""","9.9","false","{breed social-friends}","0","""default""","""none""","0"
"{citizen 1}","{citizen 11}","[128 0 127 100]","""""","9.9","false","{breed social-friends}","0","""default""","""none""","0"
"{citizen 1}","{citizen 13}","[128 0 127 100]","""""","9.9","false","{breed social-friends}","0","""default""","""none""","0"
"{citizen 1}","{citizen 14}","[128 0 127 100]","""""","9.9","false","{breed social-friends}","0","""default""","""none""","0"
"{citizen 1}","{citizen 15}","[141 141 141 100]","""""","9.9","false","{breed social-friends}","0","""default""","""none""","0"
"{citizen 1}","{citizen 16}","[128 0 127 100]","""""","9.9","false","{breed social-friends}","0","""default""","""none""","0"
"{citizen 1}","{citizen 18}","[141 141 141 100]","""""","9.9","false","{breed social-friends}","0","""default""","""none""","0"
"{citizen 1}","{citizen 20}","[141 141 141 100]","""""","9.9","false","{breed social-friends}","0","""default""","""none""","0"
"{citizen 1}","{citizen 21}","[128 0 127 100]","""""","9.9","false","{breed social-friends}","0","""default""","""none""","0"
"{citizen 1}","{citizen 22}","[141 141 141 100]","""""","9.9","false","{breed social-friends}","0","""default""","""none""","0"
"{citizen 1}","{citizen 23}","[141 141 141 100]","""""","9.9","false","{breed social-friends}","0","""default""","""none""","0"
"{citizen 1}","{citizen 24}","[128 0 127 100]","""""","9.9","false","{breed social-friends}","0","""default""","""none""","0"
"{citizen 1}","{citizen 25}","[141 141 141 100]","""""","9.9","false","{breed social-friends}","0","""default""","""none""","0"
"{citizen 1}","{citizen 26}","[128 0 127 100]","""""","9.9","false","{breed social-friends}","0","""default""","""none""","0"
"{citizen 1}","{citizen 27}","[141 141 141 100]","""""","9.9","false","{breed social-friends}","0","""default""","""none""","0"
"{citizen 1}","{citizen 28}","[128 0 127 100]","""""","9.9","false","{breed social-friends}","0","""default""","""none""","0"
"{citizen 1}","{citizen 30}","[141 141 141 100]","""""","9.9","false","{breed social-friends}","0","""default""","""none""","0"
"{citizen 1}","{citizen 31}","[141 141 141 100]","""""","9.9","false","{breed social-friends}","0","""default""","""none""","0"
"{citizen 1}","{citizen 32}","[141 141 141 100]","""""","9.9","false","{breed social-friends}","0","""default""","""none""","0"
"{citizen 1}","{citizen 33}","[141 141 141 100]","""""","9.9","false","{breed social-friends}","0","""default""","""none""","0"
"{citizen 1}","{citizen 34}","[141 141 141 100]","""""","9.9","false","{breed social-friends}","0","""default""","""none""","0"
"{citizen 1}","{citizen 35}","[128 0 127 100]","""""","9.9","false","{breed social-friends}","0","""default""","""none""","0"
"{citizen 1}","{citizen 36}","[128 0 127 100]","""""","9.9","false","{breed social-friends}","0","""default""","""none""","0"
"{citizen 1}","{citizen 37}","[141 141 141 100]","""""","9.9","false","{breed social-friends}","0","""default""","""none""","0"
"{citizen 1}","{citizen 38}","[128 0 127 100]","""""","9.9","false","{breed social-friends}","0","""default""","""none""","0"
"{citizen 1}","{citizen 39}","[141 141 141 100]","""""","9.9","false","{breed social-friends}","0","""default""","""none""","0"
"{citizen 1}","{citizen 40}","[128 0 127 100]","""""","9.9","false","{breed social-friends}","0","""default""","""none""","0"
"{citizen 1}","{citizen 41}","[141 141 141 100]","""""","9.9","false","{breed social-friends}","0","""default""","""none""","0"
"{citizen 1}","{citizen 42}","[128 0 127 100]","""""","9.9","false","{breed social-friends}","0","""default""","""none""","0"
"{citizen 1}","{citizen 43}","[141 141 141 100]","""""","9.9","false","{breed social-friends}","0","""default""","""none""","0"
"{citizen 1}","{citizen 44}","[141 141 141 100]","""""","9.9","false","{breed social-friends}","0","""default""","""none""","0"
"{citizen 1}","{citizen 45}","[128 0 127 100]","""""","9.9","false","{breed social-friends}","0","""default""","""none""","0"
"{citizen 1}","{citizen 49}","[141 141 141 100]","""""","9.9","false","{breed social-friends}","0","""default""","""none""","0"
"{citizen 2}","{citizen 0}","[255 0 0 100]","""""","9.9","false","{breed social-friends}","0","""default""","""none""","0"
"{citizen 2}","{citizen 1}","[141 141 141 100]","""""","9.9","false","{breed social-friends}","0","""default""","""none""","0"
"{citizen 2}","{citizen 3}","[255 0 0 100]","""""","9.9","false","{breed social-friends}","0","""default""","""none""","0"
"{citizen 2}","{citizen 5}","[141 141 141 100]","""""","9.9","false","{breed social-friends}","0","""default""","""none""","0"
"{citizen 2}","{citizen 6}","[255 0 0 100]","""""","9.9","false","{breed social-friends}","0","""default""","""none""","0"
"{citizen 2}","{citizen 7}","[141 141 141 100]","""""","9.9","false","{breed social-friends}","0","""default""","""none""","0"
"{citizen 2}","{citizen 8}","[255 0 0 100]","""""","9.9","false","{breed social-friends}","0","""default""","""none""","0"
"{citizen 2}","{citizen 10}","[255 0 0 100]","""""","9.9","false","{breed social-friends}","0","""default""","""none""","0"
"{citizen 2}","{citizen 11}","[141 141 141 100]","""""","9.9","false","{breed social-friends}","0","""default""","""none""","0"
"{citizen 2}","{citizen 12}","[255 0 0 100]","""""","9.9","false","{breed social-friends}","0","""default""","""none""","0"
"{citizen 2}","{citizen 13}","[141 141 141 100]","""""","9.9","false","{breed social-friends}","0","""default""","""none""","0"
"{citizen 2}","{citizen 15}","[255 0 0 100]","""""","9.9","false","{breed social-friends}","0","""default""","""none""","0"
"{citizen 2}","{citizen 17}","[255 0 0 100]","""""","9.9","false","{breed social-friends}","0","""default""","""none""","0"
"{citizen 2}","{citizen 19}","[255 0 0 100]","""""","9.9","false","{breed social-friends}","0","""default""","""none""","0"
"{citizen 2}","{citizen 20}","[255 0 0 100]","""""","9.9","false","{breed social-friends}","0","""default""","""none""","0"
"{citizen 2}","{citizen 21}","[141 141 141 100]","""""","9.9","false","{breed social-friends}","0","""default""","""none""","0"
"{citizen 2}","{citizen 22}","[141 141 141 100]","""""","9.9","false","{breed social-friends}","0","""default""","""none""","0"
"{citizen 2}","{citizen 23}","[255 0 0 100]","""""","9.9","false","{breed social-friends}","0","""default""","""none""","0"
"{citizen 2}","{citizen 25}","[255 0 0 100]","""""","9.9","false","{breed social-friends}","0","""default""","""none""","0"
"{citizen 2}","{citizen 27}","[255 0 0 100]","""""","9.9","false","{breed social-friends}","0","""default""","""none""","0"
"{citizen 2}","{citizen 29}","[255 0 0 100]","""""","9.9","false","{breed social-friends}","0","""default""","""none""","0"
"{citizen 2}","{citizen 30}","[255 0 0 100]","""""","9.9","false","{breed social-friends}","0","""default""","""none""","0"
"{citizen 2}","{citizen 31}","[255 0 0 100]","""""","9.9","false","{breed social-friends}","0","""default""","""none""","0"
"{citizen 2}","{citizen 33}","[255 0 0 100]","""""","9.9","false","{breed social-friends}","0","""default""","""none""","0"
"{citizen 2}","{citizen 34}","[255 0 0 100]","""""","9.9","false","{breed social-friends}","0","""default""","""none""","0"
"{citizen 2}","{citizen 36}","[141 141 141 100]","""""","9.9","false","{breed social-friends}","0","""default""","""none""","0"
"{citizen 2}","{citizen 37}","[255 0 0 100]","""""","9.9","false","{breed social-friends}","0","""default""","""none""","0"
"{citizen 2}","{citizen 38}","[141 141 141 100]","""""","9.9","false","{breed social-friends}","0","""default""","""none""","0"
"{citizen 2}","{citizen 39}","[255 0 0 100]","""""","9.9","false","{breed social-friends}","0","""default""","""none""","0"
"{citizen 2}","{citizen 40}","[141 141 141 100]","""""","9.9","false","{breed social-friends}","0","""default""","""none""","0"
"{citizen 2}","{citizen 42}","[141 141 141 100]","""""","9.9","false","{breed social-friends}","0","""default""","""none""","0"
"{citizen 2}","{citizen 43}","[255 0 0 100]","""""","9.9","false","{breed social-friends}","0","""default""","""none""","0"
"{citizen 2}","{citizen 45}","[141 141 141 100]","""""","9.9","false","{breed social-friends}","0","""default""","""none""","0"
"{citizen 2}","{citizen 46}","[255 0 0 100]","""""","9.9","false","{breed social-friends}","0","""default""","""none""","0"
"{citizen 2}","{citizen 47}","[255 0 0 100]","""""","9.9","false","{breed social-friends}","0","""default""","""none""","0"
"{citizen 2}","{citizen 48}","[255 0 0 100]","""""","9.9","false","{breed social-friends}","0","""default""","""none""","0"
"{citizen 2}","{citizen 49}","[255 0 0 100]","""""","9.9","false","{breed social-friends}","0","""default""","""none""","0"
"{citizen 3}","{citizen 0}","[255 0 0 100]","""""","9.9","false","{breed social-friends}","0","""default""","""none""","0"
"{citizen 3}","{citizen 1}","[141 141 141 100]","""""","9.9","false","{breed social-friends}","0","""default""","""none""","0"
"{citizen 3}","{citizen 2}","[255 0 0 100]","""""","9.9","false","{breed social-friends}","0","""default""","""none""","0"
"{citizen 3}","{citizen 6}","[255 0 0 100]","""""","9.9","false","{breed social-friends}","0","""default""","""none""","0"
"{citizen 3}","{citizen 8}","[255 0 0 100]","""""","9.9","false","{breed social-friends}","0","""default""","""none""","0"
"{citizen 3}","{citizen 9}","[141 141 141 100]","""""","9.9","false","{breed social-friends}","0","""default""","""none""","0"
"{citizen 3}","{citizen 10}","[255 0 0 100]","""""","9.9","false","{breed social-friends}","0","""default""","""none""","0"
"{citizen 3}","{citizen 11}","[141 141 141 100]","""""","9.9","false","{breed social-friends}","0","""default""","""none""","0"
"{citizen 3}","{citizen 12}","[255 0 0 100]","""""","9.9","false","{breed social-friends}","0","""default""","""none""","0"
"{citizen 3}","{citizen 13}","[141 141 141 100]","""""","9.9","false","{breed social-friends}","0","""default""","""none""","0"
"{citizen 3}","{citizen 14}","[141 141 141 100]","""""","9.9","false","{breed social-friends}","0","""default""","""none""","0"
"{citizen 3}","{citizen 15}","[255 0 0 100]","""""","9.9","false","{breed social-friends}","0","""default""","""none""","0"
"{citizen 3}","{citizen 16}","[141 141 141 100]","""""","9.9","false","{breed social-friends}","0","""default""","""none""","0"
"{citizen 3}","{citizen 17}","[255 0 0 100]","""""","9.9","false","{breed social-friends}","0","""default""","""none""","0"
"{citizen 3}","{citizen 19}","[255 0 0 100]","""""","9.9","false","{breed social-friends}","0","""default""","""none""","0"
"{citizen 3}","{citizen 20}","[255 0 0 100]","""""","9.9","false","{breed social-friends}","0","""default""","""none""","0"
"{citizen 3}","{citizen 21}","[141 141 141 100]","""""","9.9","false","{breed social-friends}","0","""default""","""none""","0"
"{citizen 3}","{citizen 23}","[255 0 0 100]","""""","9.9","false","{breed social-friends}","0","""default""","""none""","0"
"{citizen 3}","{citizen 25}","[255 0 0 100]","""""","9.9","false","{breed social-friends}","0","""default""","""none""","0"
"{citizen 3}","{citizen 26}","[141 141 141 100]","""""","9.9","false","{breed social-friends}","0","""default""","""none""","0"
"{citizen 3}","{citizen 27}","[255 0 0 100]","""""","9.9","false","{breed social-friends}","0","""default""","""none""","0"
"{citizen 3}","{citizen 28}","[141 141 141 100]","""""","9.9","false","{breed social-friends}","0","""default""","""none""","0"
"{citizen 3}","{citizen 29}","[255 0 0 100]","""""","9.9","false","{breed social-friends}","0","""default""","""none""","0"
"{citizen 3}","{citizen 30}","[255 0 0 100]","""""","9.9","false","{breed social-friends}","0","""default""","""none""","0"
"{citizen 3}","{citizen 31}","[255 0 0 100]","""""","9.9","false","{breed social-friends}","0","""default""","""none""","0"
"{citizen 3}","{citizen 33}","[255 0 0 100]","""""","9.9","false","{breed social-friends}","0","""default""","""none""","0"
"{citizen 3}","{citizen 34}","[255 0 0 100]","""""","9.9","false","{breed social-friends}","0","""default""","""none""","0"
"{citizen 3}","{citizen 35}","[141 141 141 100]","""""","9.9","false","{breed social-friends}","0","""default""","""none""","0"
"{citizen 3}","{citizen 36}","[141 141 141 100]","""""","9.9","false","{breed social-friends}","0","""default""","""none""","0"
"{citizen 3}","{citizen 37}","[255 0 0 100]","""""","9.9","false","{breed social-friends}","0","""default""","""none""","0"
"{citizen 3}","{citizen 38}","[141 141 141 100]","""""","9.9","false","{breed social-friends}","0","""default""","""none""","0"
"{citizen 3}","{citizen 39}","[255 0 0 100]","""""","9.9","false","{breed social-friends}","0","""default""","""none""","0"
"{citizen 3}","{citizen 40}","[141 141 141 100]","""""","9.9","false","{breed social-friends}","0","""default""","""none""","0"
"{citizen 3}","{citizen 42}","[141 141 141 100]","""""","9.9","false","{breed social-friends}","0","""default""","""none""","0"
"{citizen 3}","{citizen 43}","[255 0 0 100]","""""","9.9","false","{breed social-friends}","0","""default""","""none""","0"
"{citizen 3}","{citizen 45}","[141 141 141 100]","""""","9.9","false","{breed social-friends}","0","""default""","""none""","0"
"{citizen 3}","{citizen 46}","[255 0 0 100]","""""","9.9","false","{breed social-friends}","0","""default""","""none""","0"
"{citizen 3}","{citizen 47}","[255 0 0 100]","""""","9.9","false","{breed social-friends}","0","""default""","""none""","0"
"{citizen 3}","{citizen 48}","[255 0 0 100]","""""","9.9","false","{breed social-friends}","0","""default""","""none""","0"
"{citizen 3}","{citizen 49}","[255 0 0 100]","""""","9.9","false","{breed social-friends}","0","""default""","""none""","0"
"{citizen 4}","{citizen 1}","[141 141 141 100]","""""","9.9","false","{breed social-friends}","0","""default""","""none""","0"
"{citizen 4}","{citizen 5}","[43 0 212 100]","""""","9.9","false","{breed social-friends}","0","""default""","""none""","0"
"{citizen 4}","{citizen 7}","[43 0 212 100]","""""","9.9","false","{breed social-friends}","0","""default""","""none""","0"
"{citizen 4}","{citizen 9}","[141 141 141 100]","""""","9.9","false","{breed social-friends}","0","""default""","""none""","0"
"{citizen 4}","{citizen 11}","[141 141 141 100]","""""","9.9","false","{breed social-friends}","0","""default""","""none""","0"
"{citizen 4}","{citizen 12}","[141 141 141 100]","""""","9.9","false","{breed social-friends}","0","""default""","""none""","0"
"{citizen 4}","{citizen 13}","[141 141 141 100]","""""","9.9","false","{breed social-friends}","0","""default""","""none""","0"
"{citizen 4}","{citizen 14}","[141 141 141 100]","""""","9.9","false","{breed social-friends}","0","""default""","""none""","0"
"{citizen 4}","{citizen 16}","[141 141 141 100]","""""","9.9","false","{breed social-friends}","0","""default""","""none""","0"
"{citizen 4}","{citizen 17}","[141 141 141 100]","""""","9.9","false","{breed social-friends}","0","""default""","""none""","0"
"{citizen 4}","{citizen 18}","[43 0 212 100]","""""","9.9","false","{breed social-friends}","0","""default""","""none""","0"
"{citizen 4}","{citizen 21}","[141 141 141 100]","""""","9.9","false","{breed social-friends}","0","""default""","""none""","0"
"{citizen 4}","{citizen 22}","[43 0 212 100]","""""","9.9","false","{breed social-friends}","0","""default""","""none""","0"
"{citizen 4}","{citizen 23}","[141 141 141 100]","""""","9.9","false","{breed social-friends}","0","""default""","""none""","0"
"{citizen 4}","{citizen 24}","[141 141 141 100]","""""","9.9","false","{breed social-friends}","0","""default""","""none""","0"
"{citizen 4}","{citizen 25}","[141 141 141 100]","""""","9.9","false","{breed social-friends}","0","""default""","""none""","0"
"{citizen 4}","{citizen 26}","[141 141 141 100]","""""","9.9","false","{breed social-friends}","0","""default""","""none""","0"
"{citizen 4}","{citizen 28}","[141 141 141 100]","""""","9.9","false","{breed social-friends}","0","""default""","""none""","0"
"{citizen 4}","{citizen 31}","[141 141 141 100]","""""","9.9","false","{breed social-friends}","0","""default""","""none""","0"
"{citizen 4}","{citizen 32}","[43 0 212 100]","""""","9.9","false","{breed social-friends}","0","""default""","""none""","0"
"{citizen 4}","{citizen 33}","[141 141 141 100]","""""","9.9","false","{breed social-friends}","0","""default""","""none""","0"
"{citizen 4}","{citizen 35}","[141 141 141 100]","""""","9.9","false","{breed social-friends}","0","""default""","""none""","0"
"{citizen 4}","{citizen 36}","[141 141 141 100]","""""","9.9","false","{breed social-friends}","0","""default""","""none""","0"
"{citizen 4}","{citizen 38}","[141 141 141 100]","""""","9.9","false","{breed social-friends}","0","""default""","""none""","0"
"{citizen 4}","{citizen 40}","[141 141 141 100]","""""","9.9","false","{breed social-friends}","0","""default""","""none""","0"
"{citizen 4}","{citizen 41}","[43 0 212 100]","""""","9.9","false","{breed social-friends}","0","""default""","""none""","0"
"{citizen 4}","{citizen 42}","[141 141 141 100]","""""","9.9","false","{breed social-friends}","0","""default""","""none""","0"
"{citizen 4}","{citizen 44}","[43 0 212 100]","""""","9.9","false","{breed social-friends}","0","""default""","""none""","0"
"{citizen 4}","{citizen 45}","[141 141 141 100]","""""","9.9","false","{breed social-friends}","0","""default""","""none""","0"
"{citizen 4}","{citizen 48}","[141 141 141 100]","""""","9.9","false","{breed social-friends}","0","""default""","""none""","0"
"{citizen 4}","{citizen 49}","[141 141 141 100]","""""","9.9","false","{breed social-friends}","0","""default""","""none""","0"
"{citizen 5}","{citizen 0}","[141 141 141 100]","""""","9.9","false","{breed social-friends}","0","""default""","""none""","0"
"{citizen 5}","{citizen 1}","[141 141 141 100]","""""","9.9","false","{breed social-friends}","0","""default""","""none""","0"
"{citizen 5}","{citizen 2}","[141 141 141 100]","""""","9.9","false","{breed social-friends}","0","""default""","""none""","0"
"{citizen 5}","{citizen 4}","[43 0 212 100]","""""","9.9","false","{breed social-friends}","0","""default""","""none""","0"
"{citizen 5}","{citizen 7}","[43 0 212 100]","""""","9.9","false","{breed social-friends}","0","""default""","""none""","0"
"{citizen 5}","{citizen 9}","[141 141 141 100]","""""","9.9","false","{breed social-friends}","0","""default""","""none""","0"
"{citizen 5}","{citizen 10}","[141 141 141 100]","""""","9.9","false","{breed social-friends}","0","""default""","""none""","0"
"{citizen 5}","{citizen 11}","[141 141 141 100]","""""","9.9","false","{breed social-friends}","0","""default""","""none""","0"
"{citizen 5}","{citizen 13}","[141 141 141 100]","""""","9.9","false","{breed social-friends}","0","""default""","""none""","0"
"{citizen 5}","{citizen 14}","[141 141 141 100]","""""","9.9","false","{breed social-friends}","0","""default""","""none""","0"
"{citizen 5}","{citizen 16}","[141 141 141 100]","""""","9.9","false","{breed social-friends}","0","""default""","""none""","0"
"{citizen 5}","{citizen 18}","[43 0 212 100]","""""","9.9","false","{breed social-friends}","0","""default""","""none""","0"
"{citizen 5}","{citizen 21}","[141 141 141 100]","""""","9.9","false","{breed social-friends}","0","""default""","""none""","0"
"{citizen 5}","{citizen 22}","[43 0 212 100]","""""","9.9","false","{breed social-friends}","0","""default""","""none""","0"
"{citizen 5}","{citizen 23}","[141 141 141 100]","""""","9.9","false","{breed social-friends}","0","""default""","""none""","0"
"{citizen 5}","{citizen 24}","[141 141 141 100]","""""","9.9","false","{breed social-friends}","0","""default""","""none""","0"
"{citizen 5}","{citizen 26}","[141 141 141 100]","""""","9.9","false","{breed social-friends}","0","""default""","""none""","0"
"{citizen 5}","{citizen 27}","[141 141 141 100]","""""","9.9","false","{breed social-friends}","0","""default""","""none""","0"
"{citizen 5}","{citizen 28}","[141 141 141 100]","""""","9.9","false","{breed social-friends}","0","""default""","""none""","0"
"{citizen 5}","{citizen 30}","[141 141 141 100]","""""","9.9","false","{breed social-friends}","0","""default""","""none""","0"
"{citizen 5}","{citizen 32}","[43 0 212 100]","""""","9.9","false","{breed social-friends}","0","""default""","""none""","0"
"{citizen 5}","{citizen 33}","[141 141 141 100]","""""","9.9","false","{breed social-friends}","0","""default""","""none""","0"
"{citizen 5}","{citizen 35}","[141 141 141 100]","""""","9.9","false","{breed social-friends}","0","""default""","""none""","0"
"{citizen 5}","{citizen 36}","[141 141 141 100]","""""","9.9","false","{breed social-friends}","0","""default""","""none""","0"
"{citizen 5}","{citizen 38}","[141 141 141 100]","""""","9.9","false","{breed social-friends}","0","""default""","""none""","0"
"{citizen 5}","{citizen 40}","[141 141 141 100]","""""","9.9","false","{breed social-friends}","0","""default""","""none""","0"
"{citizen 5}","{citizen 41}","[43 0 212 100]","""""","9.9","false","{breed social-friends}","0","""default""","""none""","0"
"{citizen 5}","{citizen 42}","[141 141 141 100]","""""","9.9","false","{breed social-friends}","0","""default""","""none""","0"
"{citizen 5}","{citizen 43}","[141 141 141 100]","""""","9.9","false","{breed social-friends}","0","""default""","""none""","0"
"{citizen 5}","{citizen 44}","[43 0 212 100]","""""","9.9","false","{breed social-friends}","0","""default""","""none""","0"
"{citizen 5}","{citizen 45}","[141 141 141 100]","""""","9.9","false","{breed social-friends}","0","""default""","""none""","0"
"{citizen 6}","{citizen 0}","[255 0 0 100]","""""","9.9","false","{breed social-friends}","0","""default""","""none""","0"
"{citizen 6}","{citizen 1}","[141 141 141 100]","""""","9.9","false","{breed social-friends}","0","""default""","""none""","0"
"{citizen 6}","{citizen 2}","[255 0 0 100]","""""","9.9","false","{breed social-friends}","0","""default""","""none""","0"
"{citizen 6}","{citizen 3}","[255 0 0 100]","""""","9.9","false","{breed social-friends}","0","""default""","""none""","0"
"{citizen 6}","{citizen 8}","[255 0 0 100]","""""","9.9","false","{breed social-friends}","0","""default""","""none""","0"
"{citizen 6}","{citizen 9}","[141 141 141 100]","""""","9.9","false","{breed social-friends}","0","""default""","""none""","0"
"{citizen 6}","{citizen 10}","[255 0 0 100]","""""","9.9","false","{breed social-friends}","0","""default""","""none""","0"
"{citizen 6}","{citizen 11}","[141 141 141 100]","""""","9.9","false","{breed social-friends}","0","""default""","""none""","0"
"{citizen 6}","{citizen 12}","[255 0 0 100]","""""","9.9","false","{breed social-friends}","0","""default""","""none""","0"
"{citizen 6}","{citizen 13}","[141 141 141 100]","""""","9.9","false","{breed social-friends}","0","""default""","""none""","0"
"{citizen 6}","{citizen 15}","[255 0 0 100]","""""","9.9","false","{breed social-friends}","0","""default""","""none""","0"
"{citizen 6}","{citizen 16}","[141 141 141 100]","""""","9.9","false","{breed social-friends}","0","""default""","""none""","0"
"{citizen 6}","{citizen 17}","[255 0 0 100]","""""","9.9","false","{breed social-friends}","0","""default""","""none""","0"
"{citizen 6}","{citizen 19}","[255 0 0 100]","""""","9.9","false","{breed social-friends}","0","""default""","""none""","0"
"{citizen 6}","{citizen 20}","[255 0 0 100]","""""","9.9","false","{breed social-friends}","0","""default""","""none""","0"
"{citizen 6}","{citizen 21}","[141 141 141 100]","""""","9.9","false","{breed social-friends}","0","""default""","""none""","0"
"{citizen 6}","{citizen 23}","[255 0 0 100]","""""","9.9","false","{breed social-friends}","0","""default""","""none""","0"
"{citizen 6}","{citizen 25}","[255 0 0 100]","""""","9.9","false","{breed social-friends}","0","""default""","""none""","0"
"{citizen 6}","{citizen 27}","[255 0 0 100]","""""","9.9","false","{breed social-friends}","0","""default""","""none""","0"
"{citizen 6}","{citizen 28}","[141 141 141 100]","""""","9.9","false","{breed social-friends}","0","""default""","""none""","0"
"{citizen 6}","{citizen 29}","[255 0 0 100]","""""","9.9","false","{breed social-friends}","0","""default""","""none""","0"
"{citizen 6}","{citizen 30}","[255 0 0 100]","""""","9.9","false","{breed social-friends}","0","""default""","""none""","0"
"{citizen 6}","{citizen 31}","[255 0 0 100]","""""","9.9","false","{breed social-friends}","0","""default""","""none""","0"
"{citizen 6}","{citizen 33}","[255 0 0 100]","""""","9.9","false","{breed social-friends}","0","""default""","""none""","0"
"{citizen 6}","{citizen 34}","[255 0 0 100]","""""","9.9","false","{breed social-friends}","0","""default""","""none""","0"
"{citizen 6}","{citizen 36}","[141 141 141 100]","""""","9.9","false","{breed social-friends}","0","""default""","""none""","0"
"{citizen 6}","{citizen 37}","[255 0 0 100]","""""","9.9","false","{breed social-friends}","0","""default""","""none""","0"
"{citizen 6}","{citizen 38}","[141 141 141 100]","""""","9.9","false","{breed social-friends}","0","""default""","""none""","0"
"{citizen 6}","{citizen 39}","[255 0 0 100]","""""","9.9","false","{breed social-friends}","0","""default""","""none""","0"
"{citizen 6}","{citizen 40}","[141 141 141 100]","""""","9.9","false","{breed social-friends}","0","""default""","""none""","0"
"{citizen 6}","{citizen 42}","[141 141 141 100]","""""","9.9","false","{breed social-friends}","0","""default""","""none""","0"
"{citizen 6}","{citizen 43}","[255 0 0 100]","""""","9.9","false","{breed social-friends}","0","""default""","""none""","0"
"{citizen 6}","{citizen 45}","[141 141 141 100]","""""","9.9","false","{breed social-friends}","0","""default""","""none""","0"
"{citizen 6}","{citizen 46}","[255 0 0 100]","""""","9.9","false","{breed social-friends}","0","""default""","""none""","0"
"{citizen 6}","{citizen 47}","[255 0 0 100]","""""","9.9","false","{breed social-friends}","0","""default""","""none""","0"
"{citizen 6}","{citizen 48}","[255 0 0 100]","""""","9.9","false","{breed social-friends}","0","""default""","""none""","0"
"{citizen 6}","{citizen 49}","[255 0 0 100]","""""","9.9","false","{breed social-friends}","0","""default""","""none""","0"
"{citizen 7}","{citizen 1}","[141 141 141 100]","""""","9.9","false","{breed social-friends}","0","""default""","""none""","0"
"{citizen 7}","{citizen 2}","[141 141 141 100]","""""","9.9","false","{breed social-friends}","0","""default""","""none""","0"
"{citizen 7}","{citizen 4}","[43 0 212 100]","""""","9.9","false","{breed social-friends}","0","""default""","""none""","0"
"{citizen 7}","{citizen 5}","[43 0 212 100]","""""","9.9","false","{breed social-friends}","0","""default""","""none""","0"
"{citizen 7}","{citizen 8}","[141 141 141 100]","""""","9.9","false","{breed social-friends}","0","""default""","""none""","0"
"{citizen 7}","{citizen 9}","[141 141 141 100]","""""","9.9","false","{breed social-friends}","0","""default""","""none""","0"
"{citizen 7}","{citizen 11}","[141 141 141 100]","""""","9.9","false","{breed social-friends}","0","""default""","""none""","0"
"{citizen 7}","{citizen 13}","[141 141 141 100]","""""","9.9","false","{breed social-friends}","0","""default""","""none""","0"
"{citizen 7}","{citizen 14}","[141 141 141 100]","""""","9.9","false","{breed social-friends}","0","""default""","""none""","0"
"{citizen 7}","{citizen 16}","[141 141 141 100]","""""","9.9","false","{breed social-friends}","0","""default""","""none""","0"
"{citizen 7}","{citizen 18}","[43 0 212 100]","""""","9.9","false","{breed social-friends}","0","""default""","""none""","0"
"{citizen 7}","{citizen 21}","[141 141 141 100]","""""","9.9","false","{breed social-friends}","0","""default""","""none""","0"
"{citizen 7}","{citizen 22}","[43 0 212 100]","""""","9.9","false","{breed social-friends}","0","""default""","""none""","0"
"{citizen 7}","{citizen 23}","[141 141 141 100]","""""","9.9","false","{breed social-friends}","0","""default""","""none""","0"
"{citizen 7}","{citizen 24}","[141 141 141 100]","""""","9.9","false","{breed social-friends}","0","""default""","""none""","0"
"{citizen 7}","{citizen 26}","[141 141 141 100]","""""","9.9","false","{breed social-friends}","0","""default""","""none""","0"
"{citizen 7}","{citizen 28}","[141 141 141 100]","""""","9.9","false","{breed social-friends}","0","""default""","""none""","0"
"{citizen 7}","{citizen 29}","[141 141 141 100]","""""","9.9","false","{breed social-friends}","0","""default""","""none""","0"
"{citizen 7}","{citizen 30}","[141 141 141 100]","""""","9.9","false","{breed social-friends}","0","""default""","""none""","0"
"{citizen 7}","{citizen 32}","[43 0 212 100]","""""","9.9","false","{breed social-friends}","0","""default""","""none""","0"
"{citizen 7}","{citizen 35}","[141 141 141 100]","""""","9.9","false","{breed social-friends}","0","""default""","""none""","0"
"{citizen 7}","{citizen 36}","[141 141 141 100]","""""","9.9","false","{breed social-friends}","0","""default""","""none""","0"
"{citizen 7}","{citizen 38}","[141 141 141 100]","""""","9.9","false","{breed social-friends}","0","""default""","""none""","0"
"{citizen 7}","{citizen 40}","[141 141 141 100]","""""","9.9","false","{breed social-friends}","0","""default""","""none""","0"
"{citizen 7}","{citizen 41}","[43 0 212 100]","""""","9.9","false","{breed social-friends}","0","""default""","""none""","0"
"{citizen 7}","{citizen 42}","[141 141 141 100]","""""","9.9","false","{breed social-friends}","0","""default""","""none""","0"
"{citizen 7}","{citizen 44}","[43 0 212 100]","""""","9.9","false","{breed social-friends}","0","""default""","""none""","0"
"{citizen 7}","{citizen 45}","[141 141 141 100]","""""","9.9","false","{breed social-friends}","0","""default""","""none""","0"
"{citizen 8}","{citizen 0}","[255 0 0 100]","""""","9.9","false","{breed social-friends}","0","""default""","""none""","0"
"{citizen 8}","{citizen 1}","[141 141 141 100]","""""","9.9","false","{breed social-friends}","0","""default""","""none""","0"
"{citizen 8}","{citizen 2}","[255 0 0 100]","""""","9.9","false","{breed social-friends}","0","""default""","""none""","0"
"{citizen 8}","{citizen 3}","[255 0 0 100]","""""","9.9","false","{breed social-friends}","0","""default""","""none""","0"
"{citizen 8}","{citizen 6}","[255 0 0 100]","""""","9.9","false","{breed social-friends}","0","""default""","""none""","0"
"{citizen 8}","{citizen 7}","[141 141 141 100]","""""","9.9","false","{breed social-friends}","0","""default""","""none""","0"
"{citizen 8}","{citizen 9}","[141 141 141 100]","""""","9.9","false","{breed social-friends}","0","""default""","""none""","0"
"{citizen 8}","{citizen 10}","[255 0 0 100]","""""","9.9","false","{breed social-friends}","0","""default""","""none""","0"
"{citizen 8}","{citizen 11}","[141 141 141 100]","""""","9.9","false","{breed social-friends}","0","""default""","""none""","0"
"{citizen 8}","{citizen 12}","[255 0 0 100]","""""","9.9","false","{breed social-friends}","0","""default""","""none""","0"
"{citizen 8}","{citizen 13}","[141 141 141 100]","""""","9.9","false","{breed social-friends}","0","""default""","""none""","0"
"{citizen 8}","{citizen 14}","[141 141 141 100]","""""","9.9","false","{breed social-friends}","0","""default""","""none""","0"
"{citizen 8}","{citizen 15}","[255 0 0 100]","""""","9.9","false","{breed social-friends}","0","""default""","""none""","0"
"{citizen 8}","{citizen 16}","[141 141 141 100]","""""","9.9","false","{breed social-friends}","0","""default""","""none""","0"
"{citizen 8}","{citizen 17}","[255 0 0 100]","""""","9.9","false","{breed social-friends}","0","""default""","""none""","0"
"{citizen 8}","{citizen 18}","[141 141 141 100]","""""","9.9","false","{breed social-friends}","0","""default""","""none""","0"
"{citizen 8}","{citizen 19}","[255 0 0 100]","""""","9.9","false","{breed social-friends}","0","""default""","""none""","0"
"{citizen 8}","{citizen 20}","[255 0 0 100]","""""","9.9","false","{breed social-friends}","0","""default""","""none""","0"
"{citizen 8}","{citizen 22}","[141 141 141 100]","""""","9.9","false","{breed social-friends}","0","""default""","""none""","0"
"{citizen 8}","{citizen 23}","[255 0 0 100]","""""","9.9","false","{breed social-friends}","0","""default""","""none""","0"
"{citizen 8}","{citizen 24}","[141 141 141 100]","""""","9.9","false","{breed social-friends}","0","""default""","""none""","0"
"{citizen 8}","{citizen 25}","[255 0 0 100]","""""","9.9","false","{breed social-friends}","0","""default""","""none""","0"
"{citizen 8}","{citizen 26}","[141 141 141 100]","""""","9.9","false","{breed social-friends}","0","""default""","""none""","0"
"{citizen 8}","{citizen 27}","[255 0 0 100]","""""","9.9","false","{breed social-friends}","0","""default""","""none""","0"
"{citizen 8}","{citizen 29}","[255 0 0 100]","""""","9.9","false","{breed social-friends}","0","""default""","""none""","0"
"{citizen 8}","{citizen 30}","[255 0 0 100]","""""","9.9","false","{breed social-friends}","0","""default""","""none""","0"
"{citizen 8}","{citizen 31}","[255 0 0 100]","""""","9.9","false","{breed social-friends}","0","""default""","""none""","0"
"{citizen 8}","{citizen 32}","[141 141 141 100]","""""","9.9","false","{breed social-friends}","0","""default""","""none""","0"
"{citizen 8}","{citizen 33}","[255 0 0 100]","""""","9.9","false","{breed social-friends}","0","""default""","""none""","0"
"{citizen 8}","{citizen 34}","[255 0 0 100]","""""","9.9","false","{breed social-friends}","0","""default""","""none""","0"
"{citizen 8}","{citizen 35}","[141 141 141 100]","""""","9.9","false","{breed social-friends}","0","""default""","""none""","0"
"{citizen 8}","{citizen 36}","[141 141 141 100]","""""","9.9","false","{breed social-friends}","0","""default""","""none""","0"
"{citizen 8}","{citizen 37}","[255 0 0 100]","""""","9.9","false","{breed social-friends}","0","""default""","""none""","0"
"{citizen 8}","{citizen 38}","[141 141 141 100]","""""","9.9","false","{breed social-friends}","0","""default""","""none""","0"
"{citizen 8}","{citizen 39}","[255 0 0 100]","""""","9.9","false","{breed social-friends}","0","""default""","""none""","0"
"{citizen 8}","{citizen 42}","[141 141 141 100]","""""","9.9","false","{breed social-friends}","0","""default""","""none""","0"
"{citizen 8}","{citizen 43}","[255 0 0 100]","""""","9.9","false","{breed social-friends}","0","""default""","""none""","0"
"{citizen 8}","{citizen 44}","[141 141 141 100]","""""","9.9","false","{breed social-friends}","0","""default""","""none""","0"
"{citizen 8}","{citizen 45}","[141 141 141 100]","""""","9.9","false","{breed social-friends}","0","""default""","""none""","0"
"{citizen 8}","{citizen 46}","[255 0 0 100]","""""","9.9","false","{breed social-friends}","0","""default""","""none""","0"
"{citizen 8}","{citizen 47}","[255 0 0 100]","""""","9.9","false","{breed social-friends}","0","""default""","""none""","0"
"{citizen 8}","{citizen 48}","[255 0 0 100]","""""","9.9","false","{breed social-friends}","0","""default""","""none""","0"
"{citizen 8}","{citizen 49}","[255 0 0 100]","""""","9.9","false","{breed social-friends}","0","""default""","""none""","0"
"{citizen 9}","{citizen 0}","[141 141 141 100]","""""","9.9","false","{breed social-friends}","0","""default""","""none""","0"
"{citizen 9}","{citizen 1}","[128 0 127 100]","""""","9.9","false","{breed social-friends}","0","""default""","""none""","0"
"{citizen 9}","{citizen 3}","[141 141 141 100]","""""","9.9","false","{breed social-friends}","0","""default""","""none""","0"
"{citizen 9}","{citizen 4}","[141 141 141 100]","""""","9.9","false","{breed social-friends}","0","""default""","""none""","0"
"{citizen 9}","{citizen 5}","[141 141 141 100]","""""","9.9","false","{breed social-friends}","0","""default""","""none""","0"
"{citizen 9}","{citizen 6}","[141 141 141 100]","""""","9.9","false","{breed social-friends}","0","""default""","""none""","0"
"{citizen 9}","{citizen 7}","[141 141 141 100]","""""","9.9","false","{breed social-friends}","0","""default""","""none""","0"
"{citizen 9}","{citizen 8}","[141 141 141 100]","""""","9.9","false","{breed social-friends}","0","""default""","""none""","0"
"{citizen 9}","{citizen 10}","[141 141 141 100]","""""","9.9","false","{breed social-friends}","0","""default""","""none""","0"
"{citizen 9}","{citizen 11}","[128 0 127 100]","""""","9.9","false","{breed social-friends}","0","""default""","""none""","0"
"{citizen 9}","{citizen 12}","[141 141 141 100]","""""","9.9","false","{breed social-friends}","0","""default""","""none""","0"
"{citizen 9}","{citizen 13}","[128 0 127 100]","""""","9.9","false","{breed social-friends}","0","""default""","""none""","0"
"{citizen 9}","{citizen 14}","[128 0 127 100]","""""","9.9","false","{breed social-friends}","0","""default""","""none""","0"
"{citizen 9}","{citizen 15}","[141 141 141 100]","""""","9.9","false","{breed social-friends}","0","""default""","""none""","0"
"{citizen 9}","{citizen 16}","[128 0 127 100]","""""","9.9","false","{breed social-friends}","0","""default""","""none""","0"
"{citizen 9}","{citizen 17}","[141 141 141 100]","""""","9.9","false","{breed social-friends}","0","""default""","""none""","0"
"{citizen 9}","{citizen 18}","[141 141 141 100]","""""","9.9","false","{breed social-friends}","0","""default""","""none""","0"
"{citizen 9}","{citizen 19}","[141 141 141 100]","""""","9.9","false","{breed social-friends}","0","""default""","""none""","0"
"{citizen 9}","{citizen 20}","[141 141 141 100]","""""","9.9","false","{breed social-friends}","0","""default""","""none""","0"
"{citizen 9}","{citizen 21}","[128 0 127 100]","""""","9.9","false","{breed social-friends}","0","""default""","""none""","0"
"{citizen 9}","{citizen 22}","[141 141 141 100]","""""","9.9","false","{breed social-friends}","0","""default""","""none""","0"
"{citizen 9}","{citizen 23}","[141 141 141 100]","""""","9.9","false","{breed social-friends}","0","""default""","""none""","0"
"{citizen 9}","{citizen 24}","[128 0 127 100]","""""","9.9","false","{breed social-friends}","0","""default""","""none""","0"
"{citizen 9}","{citizen 25}","[141 141 141 100]","""""","9.9","false","{breed social-friends}","0","""default""","""none""","0"
"{citizen 9}","{citizen 26}","[128 0 127 100]","""""","9.9","false","{breed social-friends}","0","""default""","""none""","0"
"{citizen 9}","{citizen 27}","[141 141 141 100]","""""","9.9","false","{breed social-friends}","0","""default""","""none""","0"
"{citizen 9}","{citizen 28}","[128 0 127 100]","""""","9.9","false","{breed social-friends}","0","""default""","""none""","0"
"{citizen 9}","{citizen 30}","[141 141 141 100]","""""","9.9","false","{breed social-friends}","0","""default""","""none""","0"
"{citizen 9}","{citizen 31}","[141 141 141 100]","""""","9.9","false","{breed social-friends}","0","""default""","""none""","0"
"{citizen 9}","{citizen 32}","[141 141 141 100]","""""","9.9","false","{breed social-friends}","0","""default""","""none""","0"
"{citizen 9}","{citizen 33}","[141 141 141 100]","""""","9.9","false","{breed social-friends}","0","""default""","""none""","0"
"{citizen 9}","{citizen 34}","[141 141 141 100]","""""","9.9","false","{breed social-friends}","0","""default""","""none""","0"
"{citizen 9}","{citizen 35}","[128 0 127 100]","""""","9.9","false","{breed social-friends}","0","""default""","""none""","0"
"{citizen 9}","{citizen 36}","[128 0 127 100]","""""","9.9","false","{breed social-friends}","0","""default""","""none""","0"
"{citizen 9}","{citizen 38}","[128 0 127 100]","""""","9.9","false","{breed social-friends}","0","""default""","""none""","0"
"{citizen 9}","{citizen 39}","[141 141 141 100]","""""","9.9","false","{breed social-friends}","0","""default""","""none""","0"
"{citizen 9}","{citizen 40}","[128 0 127 100]","""""","9.9","false","{breed social-friends}","0","""default""","""none""","0"
"{citizen 9}","{citizen 41}","[141 141 141 100]","""""","9.9","false","{breed social-friends}","0","""default""","""none""","0"
"{citizen 9}","{citizen 42}","[128 0 127 100]","""""","9.9","false","{breed social-friends}","0","""default""","""none""","0"
"{citizen 9}","{citizen 43}","[141 141 141 100]","""""","9.9","false","{breed social-friends}","0","""default""","""none""","0"
"{citizen 9}","{citizen 44}","[141 141 141 100]","""""","9.9","false","{breed social-friends}","0","""default""","""none""","0"
"{citizen 9}","{citizen 45}","[128 0 127 100]","""""","9.9","false","{breed social-friends}","0","""default""","""none""","0"
"{citizen 9}","{citizen 46}","[141 141 141 100]","""""","9.9","false","{breed social-friends}","0","""default""","""none""","0"
"{citizen 9}","{citizen 47}","[141 141 141 100]","""""","9.9","false","{breed social-friends}","0","""default""","""none""","0"
"{citizen 9}","{citizen 48}","[141 141 141 100]","""""","9.9","false","{breed social-friends}","0","""default""","""none""","0"
"{citizen 9}","{citizen 49}","[141 141 141 100]","""""","9.9","false","{breed social-friends}","0","""default""","""none""","0"
"{citizen 10}","{citizen 0}","[255 0 0 100]","""""","9.9","false","{breed social-friends}","0","""default""","""none""","0"
"{citizen 10}","{citizen 1}","[141 141 141 100]","""""","9.9","false","{breed social-friends}","0","""default""","""none""","0"
"{citizen 10}","{citizen 2}","[255 0 0 100]","""""","9.9","false","{breed social-friends}","0","""default""","""none""","0"
"{citizen 10}","{citizen 3}","[255 0 0 100]","""""","9.9","false","{breed social-friends}","0","""default""","""none""","0"
"{citizen 10}","{citizen 5}","[141 141 141 100]","""""","9.9","false","{breed social-friends}","0","""default""","""none""","0"
"{citizen 10}","{citizen 6}","[255 0 0 100]","""""","9.9","false","{breed social-friends}","0","""default""","""none""","0"
"{citizen 10}","{citizen 8}","[255 0 0 100]","""""","9.9","false","{breed social-friends}","0","""default""","""none""","0"
"{citizen 10}","{citizen 9}","[141 141 141 100]","""""","9.9","false","{breed social-friends}","0","""default""","""none""","0"
"{citizen 10}","{citizen 11}","[141 141 141 100]","""""","9.9","false","{breed social-friends}","0","""default""","""none""","0"
"{citizen 10}","{citizen 12}","[255 0 0 100]","""""","9.9","false","{breed social-friends}","0","""default""","""none""","0"
"{citizen 10}","{citizen 13}","[141 141 141 100]","""""","9.9","false","{breed social-friends}","0","""default""","""none""","0"
"{citizen 10}","{citizen 14}","[141 141 141 100]","""""","9.9","false","{breed social-friends}","0","""default""","""none""","0"
"{citizen 10}","{citizen 15}","[255 0 0 100]","""""","9.9","false","{breed social-friends}","0","""default""","""none""","0"
"{citizen 10}","{citizen 16}","[141 141 141 100]","""""","9.9","false","{breed social-friends}","0","""default""","""none""","0"
"{citizen 10}","{citizen 17}","[255 0 0 100]","""""","9.9","false","{breed social-friends}","0","""default""","""none""","0"
"{citizen 10}","{citizen 19}","[255 0 0 100]","""""","9.9","false","{breed social-friends}","0","""default""","""none""","0"
"{citizen 10}","{citizen 20}","[255 0 0 100]","""""","9.9","false","{breed social-friends}","0","""default""","""none""","0"
"{citizen 10}","{citizen 22}","[141 141 141 100]","""""","9.9","false","{breed social-friends}","0","""default""","""none""","0"
"{citizen 10}","{citizen 23}","[255 0 0 100]","""""","9.9","false","{breed social-friends}","0","""default""","""none""","0"
"{citizen 10}","{citizen 24}","[141 141 141 100]","""""","9.9","false","{breed social-friends}","0","""default""","""none""","0"
"{citizen 10}","{citizen 25}","[255 0 0 100]","""""","9.9","false","{breed social-friends}","0","""default""","""none""","0"
"{citizen 10}","{citizen 27}","[255 0 0 100]","""""","9.9","false","{breed social-friends}","0","""default""","""none""","0"
"{citizen 10}","{citizen 28}","[141 141 141 100]","""""","9.9","false","{breed social-friends}","0","""default""","""none""","0"
"{citizen 10}","{citizen 29}","[255 0 0 100]","""""","9.9","false","{breed social-friends}","0","""default""","""none""","0"
"{citizen 10}","{citizen 30}","[255 0 0 100]","""""","9.9","false","{breed social-friends}","0","""default""","""none""","0"
"{citizen 10}","{citizen 31}","[255 0 0 100]","""""","9.9","false","{breed social-friends}","0","""default""","""none""","0"
"{citizen 10}","{citizen 33}","[255 0 0 100]","""""","9.9","false","{breed social-friends}","0","""default""","""none""","0"
"{citizen 10}","{citizen 34}","[255 0 0 100]","""""","9.9","false","{breed social-friends}","0","""default""","""none""","0"
"{citizen 10}","{citizen 36}","[141 141 141 100]","""""","9.9","false","{breed social-friends}","0","""default""","""none""","0"
"{citizen 10}","{citizen 37}","[255 0 0 100]","""""","9.9","false","{breed social-friends}","0","""default""","""none""","0"
"{citizen 10}","{citizen 39}","[255 0 0 100]","""""","9.9","false","{breed social-friends}","0","""default""","""none""","0"
"{citizen 10}","{citizen 40}","[141 141 141 100]","""""","9.9","false","{breed social-friends}","0","""default""","""none""","0"
"{citizen 10}","{citizen 43}","[255 0 0 100]","""""","9.9","false","{breed social-friends}","0","""default""","""none""","0"
"{citizen 10}","{citizen 45}","[141 141 141 100]","""""","9.9","false","{breed social-friends}","0","""default""","""none""","0"
"{citizen 10}","{citizen 46}","[255 0 0 100]","""""","9.9","false","{breed social-friends}","0","""default""","""none""","0"
"{citizen 10}","{citizen 47}","[255 0 0 100]","""""","9.9","false","{breed social-friends}","0","""default""","""none""","0"
"{citizen 10}","{citizen 48}","[255 0 0 100]","""""","9.9","false","{breed social-friends}","0","""default""","""none""","0"
"{citizen 10}","{citizen 49}","[255 0 0 100]","""""","9.9","false","{breed social-friends}","0","""default""","""none""","0"
"{citizen 11}","{citizen 0}","[141 141 141 100]","""""","9.9","false","{breed social-friends}","0","""default""","""none""","0"
"{citizen 11}","{citizen 1}","[128 0 127 100]","""""","9.9","false","{breed social-friends}","0","""default""","""none""","0"
"{citizen 11}","{citizen 2}","[141 141 141 100]","""""","9.9","false","{breed social-friends}","0","""default""","""none""","0"
"{citizen 11}","{citizen 3}","[141 141 141 100]","""""","9.9","false","{breed social-friends}","0","""default""","""none""","0"
"{citizen 11}","{citizen 4}","[141 141 141 100]","""""","9.9","false","{breed social-friends}","0","""default""","""none""","0"
"{citizen 11}","{citizen 5}","[141 141 141 100]","""""","9.9","false","{breed social-friends}","0","""default""","""none""","0"
"{citizen 11}","{citizen 6}","[141 141 141 100]","""""","9.9","false","{breed social-friends}","0","""default""","""none""","0"
"{citizen 11}","{citizen 7}","[141 141 141 100]","""""","9.9","false","{breed social-friends}","0","""default""","""none""","0"
"{citizen 11}","{citizen 8}","[141 141 141 100]","""""","9.9","false","{breed social-friends}","0","""default""","""none""","0"
"{citizen 11}","{citizen 9}","[128 0 127 100]","""""","9.9","false","{breed social-friends}","0","""default""","""none""","0"
"{citizen 11}","{citizen 10}","[141 141 141 100]","""""","9.9","false","{breed social-friends}","0","""default""","""none""","0"
"{citizen 11}","{citizen 12}","[141 141 141 100]","""""","9.9","false","{breed social-friends}","0","""default""","""none""","0"
"{citizen 11}","{citizen 13}","[128 0 127 100]","""""","9.9","false","{breed social-friends}","0","""default""","""none""","0"
"{citizen 11}","{citizen 14}","[128 0 127 100]","""""","9.9","false","{breed social-friends}","0","""default""","""none""","0"
"{citizen 11}","{citizen 15}","[141 141 141 100]","""""","9.9","false","{breed social-friends}","0","""default""","""none""","0"
"{citizen 11}","{citizen 16}","[128 0 127 100]","""""","9.9","false","{breed social-friends}","0","""default""","""none""","0"
"{citizen 11}","{citizen 17}","[141 141 141 100]","""""","9.9","false","{breed social-friends}","0","""default""","""none""","0"
"{citizen 11}","{citizen 18}","[141 141 141 100]","""""","9.9","false","{breed social-friends}","0","""default""","""none""","0"
"{citizen 11}","{citizen 19}","[141 141 141 100]","""""","9.9","false","{breed social-friends}","0","""default""","""none""","0"
"{citizen 11}","{citizen 20}","[141 141 141 100]","""""","9.9","false","{breed social-friends}","0","""default""","""none""","0"
"{citizen 11}","{citizen 21}","[128 0 127 100]","""""","9.9","false","{breed social-friends}","0","""default""","""none""","0"
"{citizen 11}","{citizen 22}","[141 141 141 100]","""""","9.9","false","{breed social-friends}","0","""default""","""none""","0"
"{citizen 11}","{citizen 23}","[141 141 141 100]","""""","9.9","false","{breed social-friends}","0","""default""","""none""","0"
"{citizen 11}","{citizen 24}","[128 0 127 100]","""""","9.9","false","{breed social-friends}","0","""default""","""none""","0"
"{citizen 11}","{citizen 25}","[141 141 141 100]","""""","9.9","false","{breed social-friends}","0","""default""","""none""","0"
"{citizen 11}","{citizen 26}","[128 0 127 100]","""""","9.9","false","{breed social-friends}","0","""default""","""none""","0"
"{citizen 11}","{citizen 27}","[141 141 141 100]","""""","9.9","false","{breed social-friends}","0","""default""","""none""","0"
"{citizen 11}","{citizen 28}","[128 0 127 100]","""""","9.9","false","{breed social-friends}","0","""default""","""none""","0"
"{citizen 11}","{citizen 30}","[141 141 141 100]","""""","9.9","false","{breed social-friends}","0","""default""","""none""","0"
"{citizen 11}","{citizen 32}","[141 141 141 100]","""""","9.9","false","{breed social-friends}","0","""default""","""none""","0"
"{citizen 11}","{citizen 33}","[141 141 141 100]","""""","9.9","false","{breed social-friends}","0","""default""","""none""","0"
"{citizen 11}","{citizen 34}","[141 141 141 100]","""""","9.9","false","{breed social-friends}","0","""default""","""none""","0"
"{citizen 11}","{citizen 35}","[128 0 127 100]","""""","9.9","false","{breed social-friends}","0","""default""","""none""","0"
"{citizen 11}","{citizen 36}","[128 0 127 100]","""""","9.9","false","{breed social-friends}","0","""default""","""none""","0"
"{citizen 11}","{citizen 37}","[141 141 141 100]","""""","9.9","false","{breed social-friends}","0","""default""","""none""","0"
"{citizen 11}","{citizen 38}","[128 0 127 100]","""""","9.9","false","{breed social-friends}","0","""default""","""none""","0"
"{citizen 11}","{citizen 39}","[141 141 141 100]","""""","9.9","false","{breed social-friends}","0","""default""","""none""","0"
"{citizen 11}","{citizen 40}","[128 0 127 100]","""""","9.9","false","{breed social-friends}","0","""default""","""none""","0"
"{citizen 11}","{citizen 41}","[141 141 141 100]","""""","9.9","false","{breed social-friends}","0","""default""","""none""","0"
"{citizen 11}","{citizen 42}","[128 0 127 100]","""""","9.9","false","{breed social-friends}","0","""default""","""none""","0"
"{citizen 11}","{citizen 43}","[141 141 141 100]","""""","9.9","false","{breed social-friends}","0","""default""","""none""","0"
"{citizen 11}","{citizen 44}","[141 141 141 100]","""""","9.9","false","{breed social-friends}","0","""default""","""none""","0"
"{citizen 11}","{citizen 45}","[128 0 127 100]","""""","9.9","false","{breed social-friends}","0","""default""","""none""","0"
"{citizen 11}","{citizen 46}","[141 141 141 100]","""""","9.9","false","{breed social-friends}","0","""default""","""none""","0"
"{citizen 11}","{citizen 47}","[141 141 141 100]","""""","9.9","false","{breed social-friends}","0","""default""","""none""","0"
"{citizen 11}","{citizen 48}","[141 141 141 100]","""""","9.9","false","{breed social-friends}","0","""default""","""none""","0"
"{citizen 11}","{citizen 49}","[141 141 141 100]","""""","9.9","false","{breed social-friends}","0","""default""","""none""","0"
"{citizen 12}","{citizen 0}","[255 0 0 100]","""""","9.9","false","{breed social-friends}","0","""default""","""none""","0"
"{citizen 12}","{citizen 2}","[255 0 0 100]","""""","9.9","false","{breed social-friends}","0","""default""","""none""","0"
"{citizen 12}","{citizen 3}","[255 0 0 100]","""""","9.9","false","{breed social-friends}","0","""default""","""none""","0"
"{citizen 12}","{citizen 4}","[141 141 141 100]","""""","9.9","false","{breed social-friends}","0","""default""","""none""","0"
"{citizen 12}","{citizen 6}","[255 0 0 100]","""""","9.9","false","{breed social-friends}","0","""default""","""none""","0"
"{citizen 12}","{citizen 8}","[255 0 0 100]","""""","9.9","false","{breed social-friends}","0","""default""","""none""","0"
"{citizen 12}","{citizen 9}","[141 141 141 100]","""""","9.9","false","{breed social-friends}","0","""default""","""none""","0"
"{citizen 12}","{citizen 10}","[255 0 0 100]","""""","9.9","false","{breed social-friends}","0","""default""","""none""","0"
"{citizen 12}","{citizen 11}","[141 141 141 100]","""""","9.9","false","{breed social-friends}","0","""default""","""none""","0"
"{citizen 12}","{citizen 13}","[141 141 141 100]","""""","9.9","false","{breed social-friends}","0","""default""","""none""","0"
"{citizen 12}","{citizen 14}","[141 141 141 100]","""""","9.9","false","{breed social-friends}","0","""default""","""none""","0"
"{citizen 12}","{citizen 15}","[255 0 0 100]","""""","9.9","false","{breed social-friends}","0","""default""","""none""","0"
"{citizen 12}","{citizen 16}","[141 141 141 100]","""""","9.9","false","{breed social-friends}","0","""default""","""none""","0"
"{citizen 12}","{citizen 17}","[255 0 0 100]","""""","9.9","false","{breed social-friends}","0","""default""","""none""","0"
"{citizen 12}","{citizen 19}","[255 0 0 100]","""""","9.9","false","{breed social-friends}","0","""default""","""none""","0"
"{citizen 12}","{citizen 20}","[255 0 0 100]","""""","9.9","false","{breed social-friends}","0","""default""","""none""","0"
"{citizen 12}","{citizen 23}","[255 0 0 100]","""""","9.9","false","{breed social-friends}","0","""default""","""none""","0"
"{citizen 12}","{citizen 25}","[255 0 0 100]","""""","9.9","false","{breed social-friends}","0","""default""","""none""","0"
"{citizen 12}","{citizen 27}","[255 0 0 100]","""""","9.9","false","{breed social-friends}","0","""default""","""none""","0"
"{citizen 12}","{citizen 28}","[141 141 141 100]","""""","9.9","false","{breed social-friends}","0","""default""","""none""","0"
"{citizen 12}","{citizen 29}","[255 0 0 100]","""""","9.9","false","{breed social-friends}","0","""default""","""none""","0"
"{citizen 12}","{citizen 30}","[255 0 0 100]","""""","9.9","false","{breed social-friends}","0","""default""","""none""","0"
"{citizen 12}","{citizen 31}","[255 0 0 100]","""""","9.9","false","{breed social-friends}","0","""default""","""none""","0"
"{citizen 12}","{citizen 33}","[255 0 0 100]","""""","9.9","false","{breed social-friends}","0","""default""","""none""","0"
"{citizen 12}","{citizen 34}","[255 0 0 100]","""""","9.9","false","{breed social-friends}","0","""default""","""none""","0"
"{citizen 12}","{citizen 36}","[141 141 141 100]","""""","9.9","false","{breed social-friends}","0","""default""","""none""","0"
"{citizen 12}","{citizen 37}","[255 0 0 100]","""""","9.9","false","{breed social-friends}","0","""default""","""none""","0"
"{citizen 12}","{citizen 39}","[255 0 0 100]","""""","9.9","false","{breed social-friends}","0","""default""","""none""","0"
"{citizen 12}","{citizen 40}","[141 141 141 100]","""""","9.9","false","{breed social-friends}","0","""default""","""none""","0"
"{citizen 12}","{citizen 42}","[141 141 141 100]","""""","9.9","false","{breed social-friends}","0","""default""","""none""","0"
"{citizen 12}","{citizen 43}","[255 0 0 100]","""""","9.9","false","{breed social-friends}","0","""default""","""none""","0"
"{citizen 12}","{citizen 45}","[141 141 141 100]","""""","9.9","false","{breed social-friends}","0","""default""","""none""","0"
"{citizen 12}","{citizen 46}","[255 0 0 100]","""""","9.9","false","{breed social-friends}","0","""default""","""none""","0"
"{citizen 12}","{citizen 47}","[255 0 0 100]","""""","9.9","false","{breed social-friends}","0","""default""","""none""","0"
"{citizen 12}","{citizen 48}","[255 0 0 100]","""""","9.9","false","{breed social-friends}","0","""default""","""none""","0"
"{citizen 12}","{citizen 49}","[255 0 0 100]","""""","9.9","false","{breed social-friends}","0","""default""","""none""","0"
"{citizen 13}","{citizen 0}","[141 141 141 100]","""""","9.9","false","{breed social-friends}","0","""default""","""none""","0"
"{citizen 13}","{citizen 1}","[128 0 127 100]","""""","9.9","false","{breed social-friends}","0","""default""","""none""","0"
"{citizen 13}","{citizen 2}","[141 141 141 100]","""""","9.9","false","{breed social-friends}","0","""default""","""none""","0"
"{citizen 13}","{citizen 3}","[141 141 141 100]","""""","9.9","false","{breed social-friends}","0","""default""","""none""","0"
"{citizen 13}","{citizen 4}","[141 141 141 100]","""""","9.9","false","{breed social-friends}","0","""default""","""none""","0"
"{citizen 13}","{citizen 5}","[141 141 141 100]","""""","9.9","false","{breed social-friends}","0","""default""","""none""","0"
"{citizen 13}","{citizen 6}","[141 141 141 100]","""""","9.9","false","{breed social-friends}","0","""default""","""none""","0"
"{citizen 13}","{citizen 7}","[141 141 141 100]","""""","9.9","false","{breed social-friends}","0","""default""","""none""","0"
"{citizen 13}","{citizen 8}","[141 141 141 100]","""""","9.9","false","{breed social-friends}","0","""default""","""none""","0"
"{citizen 13}","{citizen 9}","[128 0 127 100]","""""","9.9","false","{breed social-friends}","0","""default""","""none""","0"
"{citizen 13}","{citizen 10}","[141 141 141 100]","""""","9.9","false","{breed social-friends}","0","""default""","""none""","0"
"{citizen 13}","{citizen 11}","[128 0 127 100]","""""","9.9","false","{breed social-friends}","0","""default""","""none""","0"
"{citizen 13}","{citizen 12}","[141 141 141 100]","""""","9.9","false","{breed social-friends}","0","""default""","""none""","0"
"{citizen 13}","{citizen 14}","[128 0 127 100]","""""","9.9","false","{breed social-friends}","0","""default""","""none""","0"
"{citizen 13}","{citizen 15}","[141 141 141 100]","""""","9.9","false","{breed social-friends}","0","""default""","""none""","0"
"{citizen 13}","{citizen 16}","[128 0 127 100]","""""","9.9","false","{breed social-friends}","0","""default""","""none""","0"
"{citizen 13}","{citizen 17}","[141 141 141 100]","""""","9.9","false","{breed social-friends}","0","""default""","""none""","0"
"{citizen 13}","{citizen 18}","[141 141 141 100]","""""","9.9","false","{breed social-friends}","0","""default""","""none""","0"
"{citizen 13}","{citizen 19}","[141 141 141 100]","""""","9.9","false","{breed social-friends}","0","""default""","""none""","0"
"{citizen 13}","{citizen 20}","[141 141 141 100]","""""","9.9","false","{breed social-friends}","0","""default""","""none""","0"
"{citizen 13}","{citizen 21}","[128 0 127 100]","""""","9.9","false","{breed social-friends}","0","""default""","""none""","0"
"{citizen 13}","{citizen 22}","[141 141 141 100]","""""","9.9","false","{breed social-friends}","0","""default""","""none""","0"
"{citizen 13}","{citizen 23}","[141 141 141 100]","""""","9.9","false","{breed social-friends}","0","""default""","""none""","0"
"{citizen 13}","{citizen 24}","[128 0 127 100]","""""","9.9","false","{breed social-friends}","0","""default""","""none""","0"
"{citizen 13}","{citizen 25}","[141 141 141 100]","""""","9.9","false","{breed social-friends}","0","""default""","""none""","0"
"{citizen 13}","{citizen 26}","[128 0 127 100]","""""","9.9","false","{breed social-friends}","0","""default""","""none""","0"
"{citizen 13}","{citizen 27}","[141 141 141 100]","""""","9.9","false","{breed social-friends}","0","""default""","""none""","0"
"{citizen 13}","{citizen 28}","[128 0 127 100]","""""","9.9","false","{breed social-friends}","0","""default""","""none""","0"
"{citizen 13}","{citizen 29}","[141 141 141 100]","""""","9.9","false","{breed social-friends}","0","""default""","""none""","0"
"{citizen 13}","{citizen 30}","[141 141 141 100]","""""","9.9","false","{breed social-friends}","0","""default""","""none""","0"
"{citizen 13}","{citizen 32}","[141 141 141 100]","""""","9.9","false","{breed social-friends}","0","""default""","""none""","0"
"{citizen 13}","{citizen 33}","[141 141 141 100]","""""","9.9","false","{breed social-friends}","0","""default""","""none""","0"
"{citizen 13}","{citizen 34}","[141 141 141 100]","""""","9.9","false","{breed social-friends}","0","""default""","""none""","0"
"{citizen 13}","{citizen 35}","[128 0 127 100]","""""","9.9","false","{breed social-friends}","0","""default""","""none""","0"
"{citizen 13}","{citizen 36}","[128 0 127 100]","""""","9.9","false","{breed social-friends}","0","""default""","""none""","0"
"{citizen 13}","{citizen 37}","[141 141 141 100]","""""","9.9","false","{breed social-friends}","0","""default""","""none""","0"
"{citizen 13}","{citizen 38}","[128 0 127 100]","""""","9.9","false","{breed social-friends}","0","""default""","""none""","0"
"{citizen 13}","{citizen 39}","[141 141 141 100]","""""","9.9","false","{breed social-friends}","0","""default""","""none""","0"
"{citizen 13}","{citizen 40}","[128 0 127 100]","""""","9.9","false","{breed social-friends}","0","""default""","""none""","0"
"{citizen 13}","{citizen 41}","[141 141 141 100]","""""","9.9","false","{breed social-friends}","0","""default""","""none""","0"
"{citizen 13}","{citizen 42}","[128 0 127 100]","""""","9.9","false","{breed social-friends}","0","""default""","""none""","0"
"{citizen 13}","{citizen 43}","[141 141 141 100]","""""","9.9","false","{breed social-friends}","0","""default""","""none""","0"
"{citizen 13}","{citizen 44}","[141 141 141 100]","""""","9.9","false","{breed social-friends}","0","""default""","""none""","0"
"{citizen 13}","{citizen 45}","[128 0 127 100]","""""","9.9","false","{breed social-friends}","0","""default""","""none""","0"
"{citizen 13}","{citizen 46}","[141 141 141 100]","""""","9.9","false","{breed social-friends}","0","""default""","""none""","0"
"{citizen 13}","{citizen 47}","[141 141 141 100]","""""","9.9","false","{breed social-friends}","0","""default""","""none""","0"
"{citizen 13}","{citizen 48}","[141 141 141 100]","""""","9.9","false","{breed social-friends}","0","""default""","""none""","0"
"{citizen 13}","{citizen 49}","[141 141 141 100]","""""","9.9","false","{breed social-friends}","0","""default""","""none""","0"
"{citizen 14}","{citizen 1}","[128 0 127 100]","""""","9.9","false","{breed social-friends}","0","""default""","""none""","0"
"{citizen 14}","{citizen 3}","[141 141 141 100]","""""","9.9","false","{breed social-friends}","0","""default""","""none""","0"
"{citizen 14}","{citizen 4}","[141 141 141 100]","""""","9.9","false","{breed social-friends}","0","""default""","""none""","0"
"{citizen 14}","{citizen 5}","[141 141 141 100]","""""","9.9","false","{breed social-friends}","0","""default""","""none""","0"
"{citizen 14}","{citizen 7}","[141 141 141 100]","""""","9.9","false","{breed social-friends}","0","""default""","""none""","0"
"{citizen 14}","{citizen 8}","[141 141 141 100]","""""","9.9","false","{breed social-friends}","0","""default""","""none""","0"
"{citizen 14}","{citizen 9}","[128 0 127 100]","""""","9.9","false","{breed social-friends}","0","""default""","""none""","0"
"{citizen 14}","{citizen 10}","[141 141 141 100]","""""","9.9","false","{breed social-friends}","0","""default""","""none""","0"
"{citizen 14}","{citizen 11}","[128 0 127 100]","""""","9.9","false","{breed social-friends}","0","""default""","""none""","0"
"{citizen 14}","{citizen 12}","[141 141 141 100]","""""","9.9","false","{breed social-friends}","0","""default""","""none""","0"
"{citizen 14}","{citizen 13}","[128 0 127 100]","""""","9.9","false","{breed social-friends}","0","""default""","""none""","0"
"{citizen 14}","{citizen 15}","[141 141 141 100]","""""","9.9","false","{breed social-friends}","0","""default""","""none""","0"
"{citizen 14}","{citizen 16}","[128 0 127 100]","""""","9.9","false","{breed social-friends}","0","""default""","""none""","0"
"{citizen 14}","{citizen 17}","[141 141 141 100]","""""","9.9","false","{breed social-friends}","0","""default""","""none""","0"
"{citizen 14}","{citizen 18}","[141 141 141 100]","""""","9.9","false","{breed social-friends}","0","""default""","""none""","0"
"{citizen 14}","{citizen 19}","[141 141 141 100]","""""","9.9","false","{breed social-friends}","0","""default""","""none""","0"
"{citizen 14}","{citizen 20}","[141 141 141 100]","""""","9.9","false","{breed social-friends}","0","""default""","""none""","0"
"{citizen 14}","{citizen 21}","[128 0 127 100]","""""","9.9","false","{breed social-friends}","0","""default""","""none""","0"
"{citizen 14}","{citizen 22}","[141 141 141 100]","""""","9.9","false","{breed social-friends}","0","""default""","""none""","0"
"{citizen 14}","{citizen 23}","[141 141 141 100]","""""","9.9","false","{breed social-friends}","0","""default""","""none""","0"
"{citizen 14}","{citizen 24}","[128 0 127 100]","""""","9.9","false","{breed social-friends}","0","""default""","""none""","0"
"{citizen 14}","{citizen 25}","[141 141 141 100]","""""","9.9","false","{breed social-friends}","0","""default""","""none""","0"
"{citizen 14}","{citizen 26}","[128 0 127 100]","""""","9.9","false","{breed social-friends}","0","""default""","""none""","0"
"{citizen 14}","{citizen 27}","[141 141 141 100]","""""","9.9","false","{breed social-friends}","0","""default""","""none""","0"
"{citizen 14}","{citizen 28}","[128 0 127 100]","""""","9.9","false","{breed social-friends}","0","""default""","""none""","0"
"{citizen 14}","{citizen 30}","[141 141 141 100]","""""","9.9","false","{breed social-friends}","0","""default""","""none""","0"
"{citizen 14}","{citizen 32}","[141 141 141 100]","""""","9.9","false","{breed social-friends}","0","""default""","""none""","0"
"{citizen 14}","{citizen 33}","[141 141 141 100]","""""","9.9","false","{breed social-friends}","0","""default""","""none""","0"
"{citizen 14}","{citizen 35}","[128 0 127 100]","""""","9.9","false","{breed social-friends}","0","""default""","""none""","0"
"{citizen 14}","{citizen 36}","[128 0 127 100]","""""","9.9","false","{breed social-friends}","0","""default""","""none""","0"
"{citizen 14}","{citizen 38}","[128 0 127 100]","""""","9.9","false","{breed social-friends}","0","""default""","""none""","0"
"{citizen 14}","{citizen 39}","[141 141 141 100]","""""","9.9","false","{breed social-friends}","0","""default""","""none""","0"
"{citizen 14}","{citizen 40}","[128 0 127 100]","""""","9.9","false","{breed social-friends}","0","""default""","""none""","0"
"{citizen 14}","{citizen 41}","[141 141 141 100]","""""","9.9","false","{breed social-friends}","0","""default""","""none""","0"
"{citizen 14}","{citizen 42}","[128 0 127 100]","""""","9.9","false","{breed social-friends}","0","""default""","""none""","0"
"{citizen 14}","{citizen 44}","[141 141 141 100]","""""","9.9","false","{breed social-friends}","0","""default""","""none""","0"
"{citizen 14}","{citizen 45}","[128 0 127 100]","""""","9.9","false","{breed social-friends}","0","""default""","""none""","0"
"{citizen 14}","{citizen 46}","[141 141 141 100]","""""","9.9","false","{breed social-friends}","0","""default""","""none""","0"
"{citizen 14}","{citizen 47}","[141 141 141 100]","""""","9.9","false","{breed social-friends}","0","""default""","""none""","0"
"{citizen 14}","{citizen 48}","[141 141 141 100]","""""","9.9","false","{breed social-friends}","0","""default""","""none""","0"
"{citizen 14}","{citizen 49}","[141 141 141 100]","""""","9.9","false","{breed social-friends}","0","""default""","""none""","0"
"{citizen 15}","{citizen 0}","[255 0 0 100]","""""","9.9","false","{breed social-friends}","0","""default""","""none""","0"
"{citizen 15}","{citizen 1}","[141 141 141 100]","""""","9.9","false","{breed social-friends}","0","""default""","""none""","0"
"{citizen 15}","{citizen 2}","[255 0 0 100]","""""","9.9","false","{breed social-friends}","0","""default""","""none""","0"
"{citizen 15}","{citizen 3}","[255 0 0 100]","""""","9.9","false","{breed social-friends}","0","""default""","""none""","0"
"{citizen 15}","{citizen 6}","[255 0 0 100]","""""","9.9","false","{breed social-friends}","0","""default""","""none""","0"
"{citizen 15}","{citizen 8}","[255 0 0 100]","""""","9.9","false","{breed social-friends}","0","""default""","""none""","0"
"{citizen 15}","{citizen 9}","[141 141 141 100]","""""","9.9","false","{breed social-friends}","0","""default""","""none""","0"
"{citizen 15}","{citizen 10}","[255 0 0 100]","""""","9.9","false","{breed social-friends}","0","""default""","""none""","0"
"{citizen 15}","{citizen 11}","[141 141 141 100]","""""","9.9","false","{breed social-friends}","0","""default""","""none""","0"
"{citizen 15}","{citizen 12}","[255 0 0 100]","""""","9.9","false","{breed social-friends}","0","""default""","""none""","0"
"{citizen 15}","{citizen 13}","[141 141 141 100]","""""","9.9","false","{breed social-friends}","0","""default""","""none""","0"
"{citizen 15}","{citizen 14}","[141 141 141 100]","""""","9.9","false","{breed social-friends}","0","""default""","""none""","0"
"{citizen 15}","{citizen 16}","[141 141 141 100]","""""","9.9","false","{breed social-friends}","0","""default""","""none""","0"
"{citizen 15}","{citizen 17}","[255 0 0 100]","""""","9.9","false","{breed social-friends}","0","""default""","""none""","0"
"{citizen 15}","{citizen 19}","[255 0 0 100]","""""","9.9","false","{breed social-friends}","0","""default""","""none""","0"
"{citizen 15}","{citizen 20}","[255 0 0 100]","""""","9.9","false","{breed social-friends}","0","""default""","""none""","0"
"{citizen 15}","{citizen 21}","[141 141 141 100]","""""","9.9","false","{breed social-friends}","0","""default""","""none""","0"
"{citizen 15}","{citizen 22}","[141 141 141 100]","""""","9.9","false","{breed social-friends}","0","""default""","""none""","0"
"{citizen 15}","{citizen 23}","[255 0 0 100]","""""","9.9","false","{breed social-friends}","0","""default""","""none""","0"
"{citizen 15}","{citizen 25}","[255 0 0 100]","""""","9.9","false","{breed social-friends}","0","""default""","""none""","0"
"{citizen 15}","{citizen 26}","[141 141 141 100]","""""","9.9","false","{breed social-friends}","0","""default""","""none""","0"
"{citizen 15}","{citizen 27}","[255 0 0 100]","""""","9.9","false","{breed social-friends}","0","""default""","""none""","0"
"{citizen 15}","{citizen 28}","[141 141 141 100]","""""","9.9","false","{breed social-friends}","0","""default""","""none""","0"
"{citizen 15}","{citizen 29}","[255 0 0 100]","""""","9.9","false","{breed social-friends}","0","""default""","""none""","0"
"{citizen 15}","{citizen 30}","[255 0 0 100]","""""","9.9","false","{breed social-friends}","0","""default""","""none""","0"
"{citizen 15}","{citizen 31}","[255 0 0 100]","""""","9.9","false","{breed social-friends}","0","""default""","""none""","0"
"{citizen 15}","{citizen 33}","[255 0 0 100]","""""","9.9","false","{breed social-friends}","0","""default""","""none""","0"
"{citizen 15}","{citizen 34}","[255 0 0 100]","""""","9.9","false","{breed social-friends}","0","""default""","""none""","0"
"{citizen 15}","{citizen 35}","[141 141 141 100]","""""","9.9","false","{breed social-friends}","0","""default""","""none""","0"
"{citizen 15}","{citizen 36}","[141 141 141 100]","""""","9.9","false","{breed social-friends}","0","""default""","""none""","0"
"{citizen 15}","{citizen 37}","[255 0 0 100]","""""","9.9","false","{breed social-friends}","0","""default""","""none""","0"
"{citizen 15}","{citizen 38}","[141 141 141 100]","""""","9.9","false","{breed social-friends}","0","""default""","""none""","0"
"{citizen 15}","{citizen 39}","[255 0 0 100]","""""","9.9","false","{breed social-friends}","0","""default""","""none""","0"
"{citizen 15}","{citizen 40}","[141 141 141 100]","""""","9.9","false","{breed social-friends}","0","""default""","""none""","0"
"{citizen 15}","{citizen 42}","[141 141 141 100]","""""","9.9","false","{breed social-friends}","0","""default""","""none""","0"
"{citizen 15}","{citizen 43}","[255 0 0 100]","""""","9.9","false","{breed social-friends}","0","""default""","""none""","0"
"{citizen 15}","{citizen 45}","[141 141 141 100]","""""","9.9","false","{breed social-friends}","0","""default""","""none""","0"
"{citizen 15}","{citizen 46}","[255 0 0 100]","""""","9.9","false","{breed social-friends}","0","""default""","""none""","0"
"{citizen 15}","{citizen 47}","[255 0 0 100]","""""","9.9","false","{breed social-friends}","0","""default""","""none""","0"
"{citizen 15}","{citizen 48}","[255 0 0 100]","""""","9.9","false","{breed social-friends}","0","""default""","""none""","0"
"{citizen 15}","{citizen 49}","[255 0 0 100]","""""","9.9","false","{breed social-friends}","0","""default""","""none""","0"
"{citizen 16}","{citizen 0}","[141 141 141 100]","""""","9.9","false","{breed social-friends}","0","""default""","""none""","0"
"{citizen 16}","{citizen 1}","[128 0 127 100]","""""","9.9","false","{breed social-friends}","0","""default""","""none""","0"
"{citizen 16}","{citizen 3}","[141 141 141 100]","""""","9.9","false","{breed social-friends}","0","""default""","""none""","0"
"{citizen 16}","{citizen 4}","[141 141 141 100]","""""","9.9","false","{breed social-friends}","0","""default""","""none""","0"
"{citizen 16}","{citizen 5}","[141 141 141 100]","""""","9.9","false","{breed social-friends}","0","""default""","""none""","0"
"{citizen 16}","{citizen 6}","[141 141 141 100]","""""","9.9","false","{breed social-friends}","0","""default""","""none""","0"
"{citizen 16}","{citizen 7}","[141 141 141 100]","""""","9.9","false","{breed social-friends}","0","""default""","""none""","0"
"{citizen 16}","{citizen 8}","[141 141 141 100]","""""","9.9","false","{breed social-friends}","0","""default""","""none""","0"
"{citizen 16}","{citizen 9}","[128 0 127 100]","""""","9.9","false","{breed social-friends}","0","""default""","""none""","0"
"{citizen 16}","{citizen 10}","[141 141 141 100]","""""","9.9","false","{breed social-friends}","0","""default""","""none""","0"
"{citizen 16}","{citizen 11}","[128 0 127 100]","""""","9.9","false","{breed social-friends}","0","""default""","""none""","0"
"{citizen 16}","{citizen 12}","[141 141 141 100]","""""","9.9","false","{breed social-friends}","0","""default""","""none""","0"
"{citizen 16}","{citizen 13}","[128 0 127 100]","""""","9.9","false","{breed social-friends}","0","""default""","""none""","0"
"{citizen 16}","{citizen 14}","[128 0 127 100]","""""","9.9","false","{breed social-friends}","0","""default""","""none""","0"
"{citizen 16}","{citizen 15}","[141 141 141 100]","""""","9.9","false","{breed social-friends}","0","""default""","""none""","0"
"{citizen 16}","{citizen 17}","[141 141 141 100]","""""","9.9","false","{breed social-friends}","0","""default""","""none""","0"
"{citizen 16}","{citizen 18}","[141 141 141 100]","""""","9.9","false","{breed social-friends}","0","""default""","""none""","0"
"{citizen 16}","{citizen 19}","[141 141 141 100]","""""","9.9","false","{breed social-friends}","0","""default""","""none""","0"
"{citizen 16}","{citizen 20}","[141 141 141 100]","""""","9.9","false","{breed social-friends}","0","""default""","""none""","0"
"{citizen 16}","{citizen 21}","[128 0 127 100]","""""","9.9","false","{breed social-friends}","0","""default""","""none""","0"
"{citizen 16}","{citizen 22}","[141 141 141 100]","""""","9.9","false","{breed social-friends}","0","""default""","""none""","0"
"{citizen 16}","{citizen 23}","[141 141 141 100]","""""","9.9","false","{breed social-friends}","0","""default""","""none""","0"
"{citizen 16}","{citizen 24}","[128 0 127 100]","""""","9.9","false","{breed social-friends}","0","""default""","""none""","0"
"{citizen 16}","{citizen 25}","[141 141 141 100]","""""","9.9","false","{breed social-friends}","0","""default""","""none""","0"
"{citizen 16}","{citizen 26}","[128 0 127 100]","""""","9.9","false","{breed social-friends}","0","""default""","""none""","0"
"{citizen 16}","{citizen 27}","[141 141 141 100]","""""","9.9","false","{breed social-friends}","0","""default""","""none""","0"
"{citizen 16}","{citizen 28}","[128 0 127 100]","""""","9.9","false","{breed social-friends}","0","""default""","""none""","0"
"{citizen 16}","{citizen 30}","[141 141 141 100]","""""","9.9","false","{breed social-friends}","0","""default""","""none""","0"
"{citizen 16}","{citizen 32}","[141 141 141 100]","""""","9.9","false","{breed social-friends}","0","""default""","""none""","0"
"{citizen 16}","{citizen 33}","[141 141 141 100]","""""","9.9","false","{breed social-friends}","0","""default""","""none""","0"
"{citizen 16}","{citizen 34}","[141 141 141 100]","""""","9.9","false","{breed social-friends}","0","""default""","""none""","0"
"{citizen 16}","{citizen 35}","[128 0 127 100]","""""","9.9","false","{breed social-friends}","0","""default""","""none""","0"
"{citizen 16}","{citizen 36}","[128 0 127 100]","""""","9.9","false","{breed social-friends}","0","""default""","""none""","0"
"{citizen 16}","{citizen 38}","[128 0 127 100]","""""","9.9","false","{breed social-friends}","0","""default""","""none""","0"
"{citizen 16}","{citizen 39}","[141 141 141 100]","""""","9.9","false","{breed social-friends}","0","""default""","""none""","0"
"{citizen 16}","{citizen 40}","[128 0 127 100]","""""","9.9","false","{breed social-friends}","0","""default""","""none""","0"
"{citizen 16}","{citizen 41}","[141 141 141 100]","""""","9.9","false","{breed social-friends}","0","""default""","""none""","0"
"{citizen 16}","{citizen 42}","[128 0 127 100]","""""","9.9","false","{breed social-friends}","0","""default""","""none""","0"
"{citizen 16}","{citizen 43}","[141 141 141 100]","""""","9.9","false","{breed social-friends}","0","""default""","""none""","0"
"{citizen 16}","{citizen 44}","[141 141 141 100]","""""","9.9","false","{breed social-friends}","0","""default""","""none""","0"
"{citizen 16}","{citizen 45}","[128 0 127 100]","""""","9.9","false","{breed social-friends}","0","""default""","""none""","0"
"{citizen 16}","{citizen 46}","[141 141 141 100]","""""","9.9","false","{breed social-friends}","0","""default""","""none""","0"
"{citizen 16}","{citizen 47}","[141 141 141 100]","""""","9.9","false","{breed social-friends}","0","""default""","""none""","0"
"{citizen 16}","{citizen 48}","[141 141 141 100]","""""","9.9","false","{breed social-friends}","0","""default""","""none""","0"
"{citizen 16}","{citizen 49}","[141 141 141 100]","""""","9.9","false","{breed social-friends}","0","""default""","""none""","0"
"{citizen 17}","{citizen 0}","[255 0 0 100]","""""","9.9","false","{breed social-friends}","0","""default""","""none""","0"
"{citizen 17}","{citizen 2}","[255 0 0 100]","""""","9.9","false","{breed social-friends}","0","""default""","""none""","0"
"{citizen 17}","{citizen 3}","[255 0 0 100]","""""","9.9","false","{breed social-friends}","0","""default""","""none""","0"
"{citizen 17}","{citizen 4}","[141 141 141 100]","""""","9.9","false","{breed social-friends}","0","""default""","""none""","0"
"{citizen 17}","{citizen 6}","[255 0 0 100]","""""","9.9","false","{breed social-friends}","0","""default""","""none""","0"
"{citizen 17}","{citizen 8}","[255 0 0 100]","""""","9.9","false","{breed social-friends}","0","""default""","""none""","0"
"{citizen 17}","{citizen 9}","[141 141 141 100]","""""","9.9","false","{breed social-friends}","0","""default""","""none""","0"
"{citizen 17}","{citizen 10}","[255 0 0 100]","""""","9.9","false","{breed social-friends}","0","""default""","""none""","0"
"{citizen 17}","{citizen 11}","[141 141 141 100]","""""","9.9","false","{breed social-friends}","0","""default""","""none""","0"
"{citizen 17}","{citizen 12}","[255 0 0 100]","""""","9.9","false","{breed social-friends}","0","""default""","""none""","0"
"{citizen 17}","{citizen 13}","[141 141 141 100]","""""","9.9","false","{breed social-friends}","0","""default""","""none""","0"
"{citizen 17}","{citizen 14}","[141 141 141 100]","""""","9.9","false","{breed social-friends}","0","""default""","""none""","0"
"{citizen 17}","{citizen 15}","[255 0 0 100]","""""","9.9","false","{breed social-friends}","0","""default""","""none""","0"
"{citizen 17}","{citizen 16}","[141 141 141 100]","""""","9.9","false","{breed social-friends}","0","""default""","""none""","0"
"{citizen 17}","{citizen 19}","[255 0 0 100]","""""","9.9","false","{breed social-friends}","0","""default""","""none""","0"
"{citizen 17}","{citizen 20}","[255 0 0 100]","""""","9.9","false","{breed social-friends}","0","""default""","""none""","0"
"{citizen 17}","{citizen 23}","[255 0 0 100]","""""","9.9","false","{breed social-friends}","0","""default""","""none""","0"
"{citizen 17}","{citizen 25}","[255 0 0 100]","""""","9.9","false","{breed social-friends}","0","""default""","""none""","0"
"{citizen 17}","{citizen 27}","[255 0 0 100]","""""","9.9","false","{breed social-friends}","0","""default""","""none""","0"
"{citizen 17}","{citizen 28}","[141 141 141 100]","""""","9.9","false","{breed social-friends}","0","""default""","""none""","0"
"{citizen 17}","{citizen 29}","[255 0 0 100]","""""","9.9","false","{breed social-friends}","0","""default""","""none""","0"
"{citizen 17}","{citizen 30}","[255 0 0 100]","""""","9.9","false","{breed social-friends}","0","""default""","""none""","0"
"{citizen 17}","{citizen 31}","[255 0 0 100]","""""","9.9","false","{breed social-friends}","0","""default""","""none""","0"
"{citizen 17}","{citizen 33}","[255 0 0 100]","""""","9.9","false","{breed social-friends}","0","""default""","""none""","0"
"{citizen 17}","{citizen 34}","[255 0 0 100]","""""","9.9","false","{breed social-friends}","0","""default""","""none""","0"
"{citizen 17}","{citizen 36}","[141 141 141 100]","""""","9.9","false","{breed social-friends}","0","""default""","""none""","0"
"{citizen 17}","{citizen 37}","[255 0 0 100]","""""","9.9","false","{breed social-friends}","0","""default""","""none""","0"
"{citizen 17}","{citizen 38}","[141 141 141 100]","""""","9.9","false","{breed social-friends}","0","""default""","""none""","0"
"{citizen 17}","{citizen 39}","[255 0 0 100]","""""","9.9","false","{breed social-friends}","0","""default""","""none""","0"
"{citizen 17}","{citizen 40}","[141 141 141 100]","""""","9.9","false","{breed social-friends}","0","""default""","""none""","0"
"{citizen 17}","{citizen 42}","[141 141 141 100]","""""","9.9","false","{breed social-friends}","0","""default""","""none""","0"
"{citizen 17}","{citizen 43}","[255 0 0 100]","""""","9.9","false","{breed social-friends}","0","""default""","""none""","0"
"{citizen 17}","{citizen 45}","[141 141 141 100]","""""","9.9","false","{breed social-friends}","0","""default""","""none""","0"
"{citizen 17}","{citizen 46}","[255 0 0 100]","""""","9.9","false","{breed social-friends}","0","""default""","""none""","0"
"{citizen 17}","{citizen 47}","[255 0 0 100]","""""","9.9","false","{breed social-friends}","0","""default""","""none""","0"
"{citizen 17}","{citizen 48}","[255 0 0 100]","""""","9.9","false","{breed social-friends}","0","""default""","""none""","0"
"{citizen 17}","{citizen 49}","[255 0 0 100]","""""","9.9","false","{breed social-friends}","0","""default""","""none""","0"
"{citizen 18}","{citizen 1}","[141 141 141 100]","""""","9.9","false","{breed social-friends}","0","""default""","""none""","0"
"{citizen 18}","{citizen 4}","[43 0 212 100]","""""","9.9","false","{breed social-friends}","0","""default""","""none""","0"
"{citizen 18}","{citizen 5}","[43 0 212 100]","""""","9.9","false","{breed social-friends}","0","""default""","""none""","0"
"{citizen 18}","{citizen 7}","[43 0 212 100]","""""","9.9","false","{breed social-friends}","0","""default""","""none""","0"
"{citizen 18}","{citizen 8}","[141 141 141 100]","""""","9.9","false","{breed social-friends}","0","""default""","""none""","0"
"{citizen 18}","{citizen 9}","[141 141 141 100]","""""","9.9","false","{breed social-friends}","0","""default""","""none""","0"
"{citizen 18}","{citizen 11}","[141 141 141 100]","""""","9.9","false","{breed social-friends}","0","""default""","""none""","0"
"{citizen 18}","{citizen 13}","[141 141 141 100]","""""","9.9","false","{breed social-friends}","0","""default""","""none""","0"
"{citizen 18}","{citizen 14}","[141 141 141 100]","""""","9.9","false","{breed social-friends}","0","""default""","""none""","0"
"{citizen 18}","{citizen 16}","[141 141 141 100]","""""","9.9","false","{breed social-friends}","0","""default""","""none""","0"
"{citizen 18}","{citizen 21}","[141 141 141 100]","""""","9.9","false","{breed social-friends}","0","""default""","""none""","0"
"{citizen 18}","{citizen 22}","[43 0 212 100]","""""","9.9","false","{breed social-friends}","0","""default""","""none""","0"
"{citizen 18}","{citizen 24}","[141 141 141 100]","""""","9.9","false","{breed social-friends}","0","""default""","""none""","0"
"{citizen 18}","{citizen 26}","[141 141 141 100]","""""","9.9","false","{breed social-friends}","0","""default""","""none""","0"
"{citizen 18}","{citizen 28}","[141 141 141 100]","""""","9.9","false","{breed social-friends}","0","""default""","""none""","0"
"{citizen 18}","{citizen 32}","[43 0 212 100]","""""","9.9","false","{breed social-friends}","0","""default""","""none""","0"
"{citizen 18}","{citizen 35}","[141 141 141 100]","""""","9.9","false","{breed social-friends}","0","""default""","""none""","0"
"{citizen 18}","{citizen 36}","[141 141 141 100]","""""","9.9","false","{breed social-friends}","0","""default""","""none""","0"
"{citizen 18}","{citizen 38}","[141 141 141 100]","""""","9.9","false","{breed social-friends}","0","""default""","""none""","0"
"{citizen 18}","{citizen 40}","[141 141 141 100]","""""","9.9","false","{breed social-friends}","0","""default""","""none""","0"
"{citizen 18}","{citizen 41}","[43 0 212 100]","""""","9.9","false","{breed social-friends}","0","""default""","""none""","0"
"{citizen 18}","{citizen 42}","[141 141 141 100]","""""","9.9","false","{breed social-friends}","0","""default""","""none""","0"
"{citizen 18}","{citizen 44}","[43 0 212 100]","""""","9.9","false","{breed social-friends}","0","""default""","""none""","0"
"{citizen 18}","{citizen 45}","[141 141 141 100]","""""","9.9","false","{breed social-friends}","0","""default""","""none""","0"
"{citizen 19}","{citizen 0}","[255 0 0 100]","""""","9.9","false","{breed social-friends}","0","""default""","""none""","0"
"{citizen 19}","{citizen 2}","[255 0 0 100]","""""","9.9","false","{breed social-friends}","0","""default""","""none""","0"
"{citizen 19}","{citizen 3}","[255 0 0 100]","""""","9.9","false","{breed social-friends}","0","""default""","""none""","0"
"{citizen 19}","{citizen 6}","[255 0 0 100]","""""","9.9","false","{breed social-friends}","0","""default""","""none""","0"
"{citizen 19}","{citizen 8}","[255 0 0 100]","""""","9.9","false","{breed social-friends}","0","""default""","""none""","0"
"{citizen 19}","{citizen 9}","[141 141 141 100]","""""","9.9","false","{breed social-friends}","0","""default""","""none""","0"
"{citizen 19}","{citizen 10}","[255 0 0 100]","""""","9.9","false","{breed social-friends}","0","""default""","""none""","0"
"{citizen 19}","{citizen 11}","[141 141 141 100]","""""","9.9","false","{breed social-friends}","0","""default""","""none""","0"
"{citizen 19}","{citizen 12}","[255 0 0 100]","""""","9.9","false","{breed social-friends}","0","""default""","""none""","0"
"{citizen 19}","{citizen 13}","[141 141 141 100]","""""","9.9","false","{breed social-friends}","0","""default""","""none""","0"
"{citizen 19}","{citizen 14}","[141 141 141 100]","""""","9.9","false","{breed social-friends}","0","""default""","""none""","0"
"{citizen 19}","{citizen 15}","[255 0 0 100]","""""","9.9","false","{breed social-friends}","0","""default""","""none""","0"
"{citizen 19}","{citizen 16}","[141 141 141 100]","""""","9.9","false","{breed social-friends}","0","""default""","""none""","0"
"{citizen 19}","{citizen 17}","[255 0 0 100]","""""","9.9","false","{breed social-friends}","0","""default""","""none""","0"
"{citizen 19}","{citizen 20}","[255 0 0 100]","""""","9.9","false","{breed social-friends}","0","""default""","""none""","0"
"{citizen 19}","{citizen 23}","[255 0 0 100]","""""","9.9","false","{breed social-friends}","0","""default""","""none""","0"
"{citizen 19}","{citizen 25}","[255 0 0 100]","""""","9.9","false","{breed social-friends}","0","""default""","""none""","0"
"{citizen 19}","{citizen 26}","[141 141 141 100]","""""","9.9","false","{breed social-friends}","0","""default""","""none""","0"
"{citizen 19}","{citizen 27}","[255 0 0 100]","""""","9.9","false","{breed social-friends}","0","""default""","""none""","0"
"{citizen 19}","{citizen 28}","[141 141 141 100]","""""","9.9","false","{breed social-friends}","0","""default""","""none""","0"
"{citizen 19}","{citizen 29}","[255 0 0 100]","""""","9.9","false","{breed social-friends}","0","""default""","""none""","0"
"{citizen 19}","{citizen 30}","[255 0 0 100]","""""","9.9","false","{breed social-friends}","0","""default""","""none""","0"
"{citizen 19}","{citizen 31}","[255 0 0 100]","""""","9.9","false","{breed social-friends}","0","""default""","""none""","0"
"{citizen 19}","{citizen 33}","[255 0 0 100]","""""","9.9","false","{breed social-friends}","0","""default""","""none""","0"
"{citizen 19}","{citizen 34}","[255 0 0 100]","""""","9.9","false","{breed social-friends}","0","""default""","""none""","0"
"{citizen 19}","{citizen 35}","[141 141 141 100]","""""","9.9","false","{breed social-friends}","0","""default""","""none""","0"
"{citizen 19}","{citizen 36}","[141 141 141 100]","""""","9.9","false","{breed social-friends}","0","""default""","""none""","0"
"{citizen 19}","{citizen 37}","[255 0 0 100]","""""","9.9","false","{breed social-friends}","0","""default""","""none""","0"
"{citizen 19}","{citizen 38}","[141 141 141 100]","""""","9.9","false","{breed social-friends}","0","""default""","""none""","0"
"{citizen 19}","{citizen 39}","[255 0 0 100]","""""","9.9","false","{breed social-friends}","0","""default""","""none""","0"
"{citizen 19}","{citizen 40}","[141 141 141 100]","""""","9.9","false","{breed social-friends}","0","""default""","""none""","0"
"{citizen 19}","{citizen 42}","[141 141 141 100]","""""","9.9","false","{breed social-friends}","0","""default""","""none""","0"
"{citizen 19}","{citizen 43}","[255 0 0 100]","""""","9.9","false","{breed social-friends}","0","""default""","""none""","0"
"{citizen 19}","{citizen 45}","[141 141 141 100]","""""","9.9","false","{breed social-friends}","0","""default""","""none""","0"
"{citizen 19}","{citizen 46}","[255 0 0 100]","""""","9.9","false","{breed social-friends}","0","""default""","""none""","0"
"{citizen 19}","{citizen 47}","[255 0 0 100]","""""","9.9","false","{breed social-friends}","0","""default""","""none""","0"
"{citizen 19}","{citizen 48}","[255 0 0 100]","""""","9.9","false","{breed social-friends}","0","""default""","""none""","0"
"{citizen 19}","{citizen 49}","[255 0 0 100]","""""","9.9","false","{breed social-friends}","0","""default""","""none""","0"
"{citizen 20}","{citizen 0}","[255 0 0 100]","""""","9.9","false","{breed social-friends}","0","""default""","""none""","0"
"{citizen 20}","{citizen 1}","[141 141 141 100]","""""","9.9","false","{breed social-friends}","0","""default""","""none""","0"
"{citizen 20}","{citizen 2}","[255 0 0 100]","""""","9.9","false","{breed social-friends}","0","""default""","""none""","0"
"{citizen 20}","{citizen 3}","[255 0 0 100]","""""","9.9","false","{breed social-friends}","0","""default""","""none""","0"
"{citizen 20}","{citizen 6}","[255 0 0 100]","""""","9.9","false","{breed social-friends}","0","""default""","""none""","0"
"{citizen 20}","{citizen 8}","[255 0 0 100]","""""","9.9","false","{breed social-friends}","0","""default""","""none""","0"
"{citizen 20}","{citizen 9}","[141 141 141 100]","""""","9.9","false","{breed social-friends}","0","""default""","""none""","0"
"{citizen 20}","{citizen 10}","[255 0 0 100]","""""","9.9","false","{breed social-friends}","0","""default""","""none""","0"
"{citizen 20}","{citizen 11}","[141 141 141 100]","""""","9.9","false","{breed social-friends}","0","""default""","""none""","0"
"{citizen 20}","{citizen 12}","[255 0 0 100]","""""","9.9","false","{breed social-friends}","0","""default""","""none""","0"
"{citizen 20}","{citizen 13}","[141 141 141 100]","""""","9.9","false","{breed social-friends}","0","""default""","""none""","0"
"{citizen 20}","{citizen 14}","[141 141 141 100]","""""","9.9","false","{breed social-friends}","0","""default""","""none""","0"
"{citizen 20}","{citizen 15}","[255 0 0 100]","""""","9.9","false","{breed social-friends}","0","""default""","""none""","0"
"{citizen 20}","{citizen 16}","[141 141 141 100]","""""","9.9","false","{breed social-friends}","0","""default""","""none""","0"
"{citizen 20}","{citizen 17}","[255 0 0 100]","""""","9.9","false","{breed social-friends}","0","""default""","""none""","0"
"{citizen 20}","{citizen 19}","[255 0 0 100]","""""","9.9","false","{breed social-friends}","0","""default""","""none""","0"
"{citizen 20}","{citizen 21}","[141 141 141 100]","""""","9.9","false","{breed social-friends}","0","""default""","""none""","0"
"{citizen 20}","{citizen 23}","[255 0 0 100]","""""","9.9","false","{breed social-friends}","0","""default""","""none""","0"
"{citizen 20}","{citizen 24}","[141 141 141 100]","""""","9.9","false","{breed social-friends}","0","""default""","""none""","0"
"{citizen 20}","{citizen 25}","[255 0 0 100]","""""","9.9","false","{breed social-friends}","0","""default""","""none""","0"
"{citizen 20}","{citizen 26}","[141 141 141 100]","""""","9.9","false","{breed social-friends}","0","""default""","""none""","0"
"{citizen 20}","{citizen 27}","[255 0 0 100]","""""","9.9","false","{breed social-friends}","0","""default""","""none""","0"
"{citizen 20}","{citizen 28}","[141 141 141 100]","""""","9.9","false","{breed social-friends}","0","""default""","""none""","0"
"{citizen 20}","{citizen 29}","[255 0 0 100]","""""","9.9","false","{breed social-friends}","0","""default""","""none""","0"
"{citizen 20}","{citizen 30}","[255 0 0 100]","""""","9.9","false","{breed social-friends}","0","""default""","""none""","0"
"{citizen 20}","{citizen 31}","[255 0 0 100]","""""","9.9","false","{breed social-friends}","0","""default""","""none""","0"
"{citizen 20}","{citizen 32}","[141 141 141 100]","""""","9.9","false","{breed social-friends}","0","""default""","""none""","0"
"{citizen 20}","{citizen 33}","[255 0 0 100]","""""","9.9","false","{breed social-friends}","0","""default""","""none""","0"
"{citizen 20}","{citizen 34}","[255 0 0 100]","""""","9.9","false","{breed social-friends}","0","""default""","""none""","0"
"{citizen 20}","{citizen 35}","[141 141 141 100]","""""","9.9","false","{breed social-friends}","0","""default""","""none""","0"
"{citizen 20}","{citizen 36}","[141 141 141 100]","""""","9.9","false","{breed social-friends}","0","""default""","""none""","0"
"{citizen 20}","{citizen 37}","[255 0 0 100]","""""","9.9","false","{breed social-friends}","0","""default""","""none""","0"
"{citizen 20}","{citizen 38}","[141 141 141 100]","""""","9.9","false","{breed social-friends}","0","""default""","""none""","0"
"{citizen 20}","{citizen 39}","[255 0 0 100]","""""","9.9","false","{breed social-friends}","0","""default""","""none""","0"
"{citizen 20}","{citizen 40}","[141 141 141 100]","""""","9.9","false","{breed social-friends}","0","""default""","""none""","0"
"{citizen 20}","{citizen 42}","[141 141 141 100]","""""","9.9","false","{breed social-friends}","0","""default""","""none""","0"
"{citizen 20}","{citizen 43}","[255 0 0 100]","""""","9.9","false","{breed social-friends}","0","""default""","""none""","0"
"{citizen 20}","{citizen 44}","[141 141 141 100]","""""","9.9","false","{breed social-friends}","0","""default""","""none""","0"
"{citizen 20}","{citizen 45}","[141 141 141 100]","""""","9.9","false","{breed social-friends}","0","""default""","""none""","0"
"{citizen 20}","{citizen 46}","[255 0 0 100]","""""","9.9","false","{breed social-friends}","0","""default""","""none""","0"
"{citizen 20}","{citizen 47}","[255 0 0 100]","""""","9.9","false","{breed social-friends}","0","""default""","""none""","0"
"{citizen 20}","{citizen 48}","[255 0 0 100]","""""","9.9","false","{breed social-friends}","0","""default""","""none""","0"
"{citizen 20}","{citizen 49}","[255 0 0 100]","""""","9.9","false","{breed social-friends}","0","""default""","""none""","0"
"{citizen 21}","{citizen 1}","[128 0 127 100]","""""","9.9","false","{breed social-friends}","0","""default""","""none""","0"
"{citizen 21}","{citizen 2}","[141 141 141 100]","""""","9.9","false","{breed social-friends}","0","""default""","""none""","0"
"{citizen 21}","{citizen 3}","[141 141 141 100]","""""","9.9","false","{breed social-friends}","0","""default""","""none""","0"
"{citizen 21}","{citizen 4}","[141 141 141 100]","""""","9.9","false","{breed social-friends}","0","""default""","""none""","0"
"{citizen 21}","{citizen 5}","[141 141 141 100]","""""","9.9","false","{breed social-friends}","0","""default""","""none""","0"
"{citizen 21}","{citizen 6}","[141 141 141 100]","""""","9.9","false","{breed social-friends}","0","""default""","""none""","0"
"{citizen 21}","{citizen 7}","[141 141 141 100]","""""","9.9","false","{breed social-friends}","0","""default""","""none""","0"
"{citizen 21}","{citizen 9}","[128 0 127 100]","""""","9.9","false","{breed social-friends}","0","""default""","""none""","0"
"{citizen 21}","{citizen 11}","[128 0 127 100]","""""","9.9","false","{breed social-friends}","0","""default""","""none""","0"
"{citizen 21}","{citizen 13}","[128 0 127 100]","""""","9.9","false","{breed social-friends}","0","""default""","""none""","0"
"{citizen 21}","{citizen 14}","[128 0 127 100]","""""","9.9","false","{breed social-friends}","0","""default""","""none""","0"
"{citizen 21}","{citizen 15}","[141 141 141 100]","""""","9.9","false","{breed social-friends}","0","""default""","""none""","0"
"{citizen 21}","{citizen 16}","[128 0 127 100]","""""","9.9","false","{breed social-friends}","0","""default""","""none""","0"
"{citizen 21}","{citizen 18}","[141 141 141 100]","""""","9.9","false","{breed social-friends}","0","""default""","""none""","0"
"{citizen 21}","{citizen 20}","[141 141 141 100]","""""","9.9","false","{breed social-friends}","0","""default""","""none""","0"
"{citizen 21}","{citizen 22}","[141 141 141 100]","""""","9.9","false","{breed social-friends}","0","""default""","""none""","0"
"{citizen 21}","{citizen 23}","[141 141 141 100]","""""","9.9","false","{breed social-friends}","0","""default""","""none""","0"
"{citizen 21}","{citizen 24}","[128 0 127 100]","""""","9.9","false","{breed social-friends}","0","""default""","""none""","0"
"{citizen 21}","{citizen 26}","[128 0 127 100]","""""","9.9","false","{breed social-friends}","0","""default""","""none""","0"
"{citizen 21}","{citizen 27}","[141 141 141 100]","""""","9.9","false","{breed social-friends}","0","""default""","""none""","0"
"{citizen 21}","{citizen 28}","[128 0 127 100]","""""","9.9","false","{breed social-friends}","0","""default""","""none""","0"
"{citizen 21}","{citizen 32}","[141 141 141 100]","""""","9.9","false","{breed social-friends}","0","""default""","""none""","0"
"{citizen 21}","{citizen 33}","[141 141 141 100]","""""","9.9","false","{breed social-friends}","0","""default""","""none""","0"
"{citizen 21}","{citizen 35}","[128 0 127 100]","""""","9.9","false","{breed social-friends}","0","""default""","""none""","0"
"{citizen 21}","{citizen 36}","[128 0 127 100]","""""","9.9","false","{breed social-friends}","0","""default""","""none""","0"
"{citizen 21}","{citizen 38}","[128 0 127 100]","""""","9.9","false","{breed social-friends}","0","""default""","""none""","0"
"{citizen 21}","{citizen 39}","[141 141 141 100]","""""","9.9","false","{breed social-friends}","0","""default""","""none""","0"
"{citizen 21}","{citizen 40}","[128 0 127 100]","""""","9.9","false","{breed social-friends}","0","""default""","""none""","0"
"{citizen 21}","{citizen 41}","[141 141 141 100]","""""","9.9","false","{breed social-friends}","0","""default""","""none""","0"
"{citizen 21}","{citizen 42}","[128 0 127 100]","""""","9.9","false","{breed social-friends}","0","""default""","""none""","0"
"{citizen 21}","{citizen 44}","[141 141 141 100]","""""","9.9","false","{breed social-friends}","0","""default""","""none""","0"
"{citizen 21}","{citizen 45}","[128 0 127 100]","""""","9.9","false","{breed social-friends}","0","""default""","""none""","0"
"{citizen 21}","{citizen 49}","[141 141 141 100]","""""","9.9","false","{breed social-friends}","0","""default""","""none""","0"
"{citizen 22}","{citizen 0}","[141 141 141 100]","""""","9.9","false","{breed social-friends}","0","""default""","""none""","0"
"{citizen 22}","{citizen 1}","[141 141 141 100]","""""","9.9","false","{breed social-friends}","0","""default""","""none""","0"
"{citizen 22}","{citizen 2}","[141 141 141 100]","""""","9.9","false","{breed social-friends}","0","""default""","""none""","0"
"{citizen 22}","{citizen 4}","[43 0 212 100]","""""","9.9","false","{breed social-friends}","0","""default""","""none""","0"
"{citizen 22}","{citizen 5}","[43 0 212 100]","""""","9.9","false","{breed social-friends}","0","""default""","""none""","0"
"{citizen 22}","{citizen 7}","[43 0 212 100]","""""","9.9","false","{breed social-friends}","0","""default""","""none""","0"
"{citizen 22}","{citizen 8}","[141 141 141 100]","""""","9.9","false","{breed social-friends}","0","""default""","""none""","0"
"{citizen 22}","{citizen 9}","[141 141 141 100]","""""","9.9","false","{breed social-friends}","0","""default""","""none""","0"
"{citizen 22}","{citizen 10}","[141 141 141 100]","""""","9.9","false","{breed social-friends}","0","""default""","""none""","0"
"{citizen 22}","{citizen 11}","[141 141 141 100]","""""","9.9","false","{breed social-friends}","0","""default""","""none""","0"
"{citizen 22}","{citizen 13}","[141 141 141 100]","""""","9.9","false","{breed social-friends}","0","""default""","""none""","0"
"{citizen 22}","{citizen 14}","[141 141 141 100]","""""","9.9","false","{breed social-friends}","0","""default""","""none""","0"
"{citizen 22}","{citizen 15}","[141 141 141 100]","""""","9.9","false","{breed social-friends}","0","""default""","""none""","0"
"{citizen 22}","{citizen 16}","[141 141 141 100]","""""","9.9","false","{breed social-friends}","0","""default""","""none""","0"
"{citizen 22}","{citizen 18}","[43 0 212 100]","""""","9.9","false","{breed social-friends}","0","""default""","""none""","0"
"{citizen 22}","{citizen 21}","[141 141 141 100]","""""","9.9","false","{breed social-friends}","0","""default""","""none""","0"
"{citizen 22}","{citizen 23}","[141 141 141 100]","""""","9.9","false","{breed social-friends}","0","""default""","""none""","0"
"{citizen 22}","{citizen 24}","[141 141 141 100]","""""","9.9","false","{breed social-friends}","0","""default""","""none""","0"
"{citizen 22}","{citizen 26}","[141 141 141 100]","""""","9.9","false","{breed social-friends}","0","""default""","""none""","0"
"{citizen 22}","{citizen 28}","[141 141 141 100]","""""","9.9","false","{breed social-friends}","0","""default""","""none""","0"
"{citizen 22}","{citizen 32}","[43 0 212 100]","""""","9.9","false","{breed social-friends}","0","""default""","""none""","0"
"{citizen 22}","{citizen 33}","[141 141 141 100]","""""","9.9","false","{breed social-friends}","0","""default""","""none""","0"
"{citizen 22}","{citizen 35}","[141 141 141 100]","""""","9.9","false","{breed social-friends}","0","""default""","""none""","0"
"{citizen 22}","{citizen 36}","[141 141 141 100]","""""","9.9","false","{breed social-friends}","0","""default""","""none""","0"
"{citizen 22}","{citizen 38}","[141 141 141 100]","""""","9.9","false","{breed social-friends}","0","""default""","""none""","0"
"{citizen 22}","{citizen 39}","[141 141 141 100]","""""","9.9","false","{breed social-friends}","0","""default""","""none""","0"
"{citizen 22}","{citizen 40}","[141 141 141 100]","""""","9.9","false","{breed social-friends}","0","""default""","""none""","0"
"{citizen 22}","{citizen 41}","[43 0 212 100]","""""","9.9","false","{breed social-friends}","0","""default""","""none""","0"
"{citizen 22}","{citizen 42}","[141 141 141 100]","""""","9.9","false","{breed social-friends}","0","""default""","""none""","0"
"{citizen 22}","{citizen 43}","[141 141 141 100]","""""","9.9","false","{breed social-friends}","0","""default""","""none""","0"
"{citizen 22}","{citizen 44}","[43 0 212 100]","""""","9.9","false","{breed social-friends}","0","""default""","""none""","0"
"{citizen 22}","{citizen 45}","[141 141 141 100]","""""","9.9","false","{breed social-friends}","0","""default""","""none""","0"
"{citizen 23}","{citizen 0}","[255 0 0 100]","""""","9.9","false","{breed social-friends}","0","""default""","""none""","0"
"{citizen 23}","{citizen 1}","[141 141 141 100]","""""","9.9","false","{breed social-friends}","0","""default""","""none""","0"
"{citizen 23}","{citizen 2}","[255 0 0 100]","""""","9.9","false","{breed social-friends}","0","""default""","""none""","0"
"{citizen 23}","{citizen 3}","[255 0 0 100]","""""","9.9","false","{breed social-friends}","0","""default""","""none""","0"
"{citizen 23}","{citizen 4}","[141 141 141 100]","""""","9.9","false","{breed social-friends}","0","""default""","""none""","0"
"{citizen 23}","{citizen 5}","[141 141 141 100]","""""","9.9","false","{breed social-friends}","0","""default""","""none""","0"
"{citizen 23}","{citizen 6}","[255 0 0 100]","""""","9.9","false","{breed social-friends}","0","""default""","""none""","0"
"{citizen 23}","{citizen 7}","[141 141 141 100]","""""","9.9","false","{breed social-friends}","0","""default""","""none""","0"
"{citizen 23}","{citizen 8}","[255 0 0 100]","""""","9.9","false","{breed social-friends}","0","""default""","""none""","0"
"{citizen 23}","{citizen 9}","[141 141 141 100]","""""","9.9","false","{breed social-friends}","0","""default""","""none""","0"
"{citizen 23}","{citizen 10}","[255 0 0 100]","""""","9.9","false","{breed social-friends}","0","""default""","""none""","0"
"{citizen 23}","{citizen 11}","[141 141 141 100]","""""","9.9","false","{breed social-friends}","0","""default""","""none""","0"
"{citizen 23}","{citizen 12}","[255 0 0 100]","""""","9.9","false","{breed social-friends}","0","""default""","""none""","0"
"{citizen 23}","{citizen 13}","[141 141 141 100]","""""","9.9","false","{breed social-friends}","0","""default""","""none""","0"
"{citizen 23}","{citizen 14}","[141 141 141 100]","""""","9.9","false","{breed social-friends}","0","""default""","""none""","0"
"{citizen 23}","{citizen 15}","[255 0 0 100]","""""","9.9","false","{breed social-friends}","0","""default""","""none""","0"
"{citizen 23}","{citizen 16}","[141 141 141 100]","""""","9.9","false","{breed social-friends}","0","""default""","""none""","0"
"{citizen 23}","{citizen 17}","[255 0 0 100]","""""","9.9","false","{breed social-friends}","0","""default""","""none""","0"
"{citizen 23}","{citizen 19}","[255 0 0 100]","""""","9.9","false","{breed social-friends}","0","""default""","""none""","0"
"{citizen 23}","{citizen 20}","[255 0 0 100]","""""","9.9","false","{breed social-friends}","0","""default""","""none""","0"
"{citizen 23}","{citizen 21}","[141 141 141 100]","""""","9.9","false","{breed social-friends}","0","""default""","""none""","0"
"{citizen 23}","{citizen 22}","[141 141 141 100]","""""","9.9","false","{breed social-friends}","0","""default""","""none""","0"
"{citizen 23}","{citizen 24}","[141 141 141 100]","""""","9.9","false","{breed social-friends}","0","""default""","""none""","0"
"{citizen 23}","{citizen 25}","[255 0 0 100]","""""","9.9","false","{breed social-friends}","0","""default""","""none""","0"
"{citizen 23}","{citizen 26}","[141 141 141 100]","""""","9.9","false","{breed social-friends}","0","""default""","""none""","0"
"{citizen 23}","{citizen 27}","[255 0 0 100]","""""","9.9","false","{breed social-friends}","0","""default""","""none""","0"
"{citizen 23}","{citizen 28}","[141 141 141 100]","""""","9.9","false","{breed social-friends}","0","""default""","""none""","0"
"{citizen 23}","{citizen 29}","[255 0 0 100]","""""","9.9","false","{breed social-friends}","0","""default""","""none""","0"
"{citizen 23}","{citizen 30}","[255 0 0 100]","""""","9.9","false","{breed social-friends}","0","""default""","""none""","0"
"{citizen 23}","{citizen 31}","[255 0 0 100]","""""","9.9","false","{breed social-friends}","0","""default""","""none""","0"
"{citizen 23}","{citizen 33}","[255 0 0 100]","""""","9.9","false","{breed social-friends}","0","""default""","""none""","0"
"{citizen 23}","{citizen 34}","[255 0 0 100]","""""","9.9","false","{breed social-friends}","0","""default""","""none""","0"
"{citizen 23}","{citizen 35}","[141 141 141 100]","""""","9.9","false","{breed social-friends}","0","""default""","""none""","0"
"{citizen 23}","{citizen 36}","[141 141 141 100]","""""","9.9","false","{breed social-friends}","0","""default""","""none""","0"
"{citizen 23}","{citizen 37}","[255 0 0 100]","""""","9.9","false","{breed social-friends}","0","""default""","""none""","0"
"{citizen 23}","{citizen 38}","[141 141 141 100]","""""","9.9","false","{breed social-friends}","0","""default""","""none""","0"
"{citizen 23}","{citizen 39}","[255 0 0 100]","""""","9.9","false","{breed social-friends}","0","""default""","""none""","0"
"{citizen 23}","{citizen 40}","[141 141 141 100]","""""","9.9","false","{breed social-friends}","0","""default""","""none""","0"
"{citizen 23}","{citizen 42}","[141 141 141 100]","""""","9.9","false","{breed social-friends}","0","""default""","""none""","0"
"{citizen 23}","{citizen 43}","[255 0 0 100]","""""","9.9","false","{breed social-friends}","0","""default""","""none""","0"
"{citizen 23}","{citizen 45}","[141 141 141 100]","""""","9.9","false","{breed social-friends}","0","""default""","""none""","0"
"{citizen 23}","{citizen 46}","[255 0 0 100]","""""","9.9","false","{breed social-friends}","0","""default""","""none""","0"
"{citizen 23}","{citizen 47}","[255 0 0 100]","""""","9.9","false","{breed social-friends}","0","""default""","""none""","0"
"{citizen 23}","{citizen 48}","[255 0 0 100]","""""","9.9","false","{breed social-friends}","0","""default""","""none""","0"
"{citizen 23}","{citizen 49}","[255 0 0 100]","""""","9.9","false","{breed social-friends}","0","""default""","""none""","0"
"{citizen 24}","{citizen 0}","[141 141 141 100]","""""","9.9","false","{breed social-friends}","0","""default""","""none""","0"
"{citizen 24}","{citizen 1}","[128 0 127 100]","""""","9.9","false","{breed social-friends}","0","""default""","""none""","0"
"{citizen 24}","{citizen 4}","[141 141 141 100]","""""","9.9","false","{breed social-friends}","0","""default""","""none""","0"
"{citizen 24}","{citizen 5}","[141 141 141 100]","""""","9.9","false","{breed social-friends}","0","""default""","""none""","0"
"{citizen 24}","{citizen 7}","[141 141 141 100]","""""","9.9","false","{breed social-friends}","0","""default""","""none""","0"
"{citizen 24}","{citizen 8}","[141 141 141 100]","""""","9.9","false","{breed social-friends}","0","""default""","""none""","0"
"{citizen 24}","{citizen 9}","[128 0 127 100]","""""","9.9","false","{breed social-friends}","0","""default""","""none""","0"
"{citizen 24}","{citizen 10}","[141 141 141 100]","""""","9.9","false","{breed social-friends}","0","""default""","""none""","0"
"{citizen 24}","{citizen 11}","[128 0 127 100]","""""","9.9","false","{breed social-friends}","0","""default""","""none""","0"
"{citizen 24}","{citizen 13}","[128 0 127 100]","""""","9.9","false","{breed social-friends}","0","""default""","""none""","0"
"{citizen 24}","{citizen 14}","[128 0 127 100]","""""","9.9","false","{breed social-friends}","0","""default""","""none""","0"
"{citizen 24}","{citizen 16}","[128 0 127 100]","""""","9.9","false","{breed social-friends}","0","""default""","""none""","0"
"{citizen 24}","{citizen 18}","[141 141 141 100]","""""","9.9","false","{breed social-friends}","0","""default""","""none""","0"
"{citizen 24}","{citizen 20}","[141 141 141 100]","""""","9.9","false","{breed social-friends}","0","""default""","""none""","0"
"{citizen 24}","{citizen 21}","[128 0 127 100]","""""","9.9","false","{breed social-friends}","0","""default""","""none""","0"
"{citizen 24}","{citizen 22}","[141 141 141 100]","""""","9.9","false","{breed social-friends}","0","""default""","""none""","0"
"{citizen 24}","{citizen 23}","[141 141 141 100]","""""","9.9","false","{breed social-friends}","0","""default""","""none""","0"
"{citizen 24}","{citizen 26}","[128 0 127 100]","""""","9.9","false","{breed social-friends}","0","""default""","""none""","0"
"{citizen 24}","{citizen 27}","[141 141 141 100]","""""","9.9","false","{breed social-friends}","0","""default""","""none""","0"
"{citizen 24}","{citizen 28}","[128 0 127 100]","""""","9.9","false","{breed social-friends}","0","""default""","""none""","0"
"{citizen 24}","{citizen 30}","[141 141 141 100]","""""","9.9","false","{breed social-friends}","0","""default""","""none""","0"
"{citizen 24}","{citizen 32}","[141 141 141 100]","""""","9.9","false","{breed social-friends}","0","""default""","""none""","0"
"{citizen 24}","{citizen 33}","[141 141 141 100]","""""","9.9","false","{breed social-friends}","0","""default""","""none""","0"
"{citizen 24}","{citizen 35}","[128 0 127 100]","""""","9.9","false","{breed social-friends}","0","""default""","""none""","0"
"{citizen 24}","{citizen 36}","[128 0 127 100]","""""","9.9","false","{breed social-friends}","0","""default""","""none""","0"
"{citizen 24}","{citizen 38}","[128 0 127 100]","""""","9.9","false","{breed social-friends}","0","""default""","""none""","0"
"{citizen 24}","{citizen 39}","[141 141 141 100]","""""","9.9","false","{breed social-friends}","0","""default""","""none""","0"
"{citizen 24}","{citizen 40}","[128 0 127 100]","""""","9.9","false","{breed social-friends}","0","""default""","""none""","0"
"{citizen 24}","{citizen 41}","[141 141 141 100]","""""","9.9","false","{breed social-friends}","0","""default""","""none""","0"
"{citizen 24}","{citizen 42}","[128 0 127 100]","""""","9.9","false","{breed social-friends}","0","""default""","""none""","0"
"{citizen 24}","{citizen 43}","[141 141 141 100]","""""","9.9","false","{breed social-friends}","0","""default""","""none""","0"
"{citizen 24}","{citizen 44}","[141 141 141 100]","""""","9.9","false","{breed social-friends}","0","""default""","""none""","0"
"{citizen 24}","{citizen 45}","[128 0 127 100]","""""","9.9","false","{breed social-friends}","0","""default""","""none""","0"
"{citizen 24}","{citizen 49}","[141 141 141 100]","""""","9.9","false","{breed social-friends}","0","""default""","""none""","0"
"{citizen 25}","{citizen 0}","[255 0 0 100]","""""","9.9","false","{breed social-friends}","0","""default""","""none""","0"
"{citizen 25}","{citizen 1}","[141 141 141 100]","""""","9.9","false","{breed social-friends}","0","""default""","""none""","0"
"{citizen 25}","{citizen 2}","[255 0 0 100]","""""","9.9","false","{breed social-friends}","0","""default""","""none""","0"
"{citizen 25}","{citizen 3}","[255 0 0 100]","""""","9.9","false","{breed social-friends}","0","""default""","""none""","0"
"{citizen 25}","{citizen 4}","[141 141 141 100]","""""","9.9","false","{breed social-friends}","0","""default""","""none""","0"
"{citizen 25}","{citizen 6}","[255 0 0 100]","""""","9.9","false","{breed social-friends}","0","""default""","""none""","0"
"{citizen 25}","{citizen 8}","[255 0 0 100]","""""","9.9","false","{breed social-friends}","0","""default""","""none""","0"
"{citizen 25}","{citizen 9}","[141 141 141 100]","""""","9.9","false","{breed social-friends}","0","""default""","""none""","0"
"{citizen 25}","{citizen 10}","[255 0 0 100]","""""","9.9","false","{breed social-friends}","0","""default""","""none""","0"
"{citizen 25}","{citizen 11}","[141 141 141 100]","""""","9.9","false","{breed social-friends}","0","""default""","""none""","0"
"{citizen 25}","{citizen 12}","[255 0 0 100]","""""","9.9","false","{breed social-friends}","0","""default""","""none""","0"
"{citizen 25}","{citizen 13}","[141 141 141 100]","""""","9.9","false","{breed social-friends}","0","""default""","""none""","0"
"{citizen 25}","{citizen 14}","[141 141 141 100]","""""","9.9","false","{breed social-friends}","0","""default""","""none""","0"
"{citizen 25}","{citizen 15}","[255 0 0 100]","""""","9.9","false","{breed social-friends}","0","""default""","""none""","0"
"{citizen 25}","{citizen 16}","[141 141 141 100]","""""","9.9","false","{breed social-friends}","0","""default""","""none""","0"
"{citizen 25}","{citizen 17}","[255 0 0 100]","""""","9.9","false","{breed social-friends}","0","""default""","""none""","0"
"{citizen 25}","{citizen 19}","[255 0 0 100]","""""","9.9","false","{breed social-friends}","0","""default""","""none""","0"
"{citizen 25}","{citizen 20}","[255 0 0 100]","""""","9.9","false","{breed social-friends}","0","""default""","""none""","0"
"{citizen 25}","{citizen 23}","[255 0 0 100]","""""","9.9","false","{breed social-friends}","0","""default""","""none""","0"
"{citizen 25}","{citizen 27}","[255 0 0 100]","""""","9.9","false","{breed social-friends}","0","""default""","""none""","0"
"{citizen 25}","{citizen 28}","[141 141 141 100]","""""","9.9","false","{breed social-friends}","0","""default""","""none""","0"
"{citizen 25}","{citizen 29}","[255 0 0 100]","""""","9.9","false","{breed social-friends}","0","""default""","""none""","0"
"{citizen 25}","{citizen 30}","[255 0 0 100]","""""","9.9","false","{breed social-friends}","0","""default""","""none""","0"
"{citizen 25}","{citizen 31}","[255 0 0 100]","""""","9.9","false","{breed social-friends}","0","""default""","""none""","0"
"{citizen 25}","{citizen 33}","[255 0 0 100]","""""","9.9","false","{breed social-friends}","0","""default""","""none""","0"
"{citizen 25}","{citizen 34}","[255 0 0 100]","""""","9.9","false","{breed social-friends}","0","""default""","""none""","0"
"{citizen 25}","{citizen 36}","[141 141 141 100]","""""","9.9","false","{breed social-friends}","0","""default""","""none""","0"
"{citizen 25}","{citizen 37}","[255 0 0 100]","""""","9.9","false","{breed social-friends}","0","""default""","""none""","0"
"{citizen 25}","{citizen 38}","[141 141 141 100]","""""","9.9","false","{breed social-friends}","0","""default""","""none""","0"
"{citizen 25}","{citizen 39}","[255 0 0 100]","""""","9.9","false","{breed social-friends}","0","""default""","""none""","0"
"{citizen 25}","{citizen 40}","[141 141 141 100]","""""","9.9","false","{breed social-friends}","0","""default""","""none""","0"
"{citizen 25}","{citizen 42}","[141 141 141 100]","""""","9.9","false","{breed social-friends}","0","""default""","""none""","0"
"{citizen 25}","{citizen 43}","[255 0 0 100]","""""","9.9","false","{breed social-friends}","0","""default""","""none""","0"
"{citizen 25}","{citizen 45}","[141 141 141 100]","""""","9.9","false","{breed social-friends}","0","""default""","""none""","0"
"{citizen 25}","{citizen 46}","[255 0 0 100]","""""","9.9","false","{breed social-friends}","0","""default""","""none""","0"
"{citizen 25}","{citizen 47}","[255 0 0 100]","""""","9.9","false","{breed social-friends}","0","""default""","""none""","0"
"{citizen 25}","{citizen 48}","[255 0 0 100]","""""","9.9","false","{breed social-friends}","0","""default""","""none""","0"
"{citizen 25}","{citizen 49}","[255 0 0 100]","""""","9.9","false","{breed social-friends}","0","""default""","""none""","0"
"{citizen 26}","{citizen 0}","[141 141 141 100]","""""","9.9","false","{breed social-friends}","0","""default""","""none""","0"
"{citizen 26}","{citizen 1}","[128 0 127 100]","""""","9.9","false","{breed social-friends}","0","""default""","""none""","0"
"{citizen 26}","{citizen 3}","[141 141 141 100]","""""","9.9","false","{breed social-friends}","0","""default""","""none""","0"
"{citizen 26}","{citizen 4}","[141 141 141 100]","""""","9.9","false","{breed social-friends}","0","""default""","""none""","0"
"{citizen 26}","{citizen 5}","[141 141 141 100]","""""","9.9","false","{breed social-friends}","0","""default""","""none""","0"
"{citizen 26}","{citizen 7}","[141 141 141 100]","""""","9.9","false","{breed social-friends}","0","""default""","""none""","0"
"{citizen 26}","{citizen 8}","[141 141 141 100]","""""","9.9","false","{breed social-friends}","0","""default""","""none""","0"
"{citizen 26}","{citizen 9}","[128 0 127 100]","""""","9.9","false","{breed social-friends}","0","""default""","""none""","0"
"{citizen 26}","{citizen 11}","[128 0 127 100]","""""","9.9","false","{breed social-friends}","0","""default""","""none""","0"
"{citizen 26}","{citizen 13}","[128 0 127 100]","""""","9.9","false","{breed social-friends}","0","""default""","""none""","0"
"{citizen 26}","{citizen 14}","[128 0 127 100]","""""","9.9","false","{breed social-friends}","0","""default""","""none""","0"
"{citizen 26}","{citizen 15}","[141 141 141 100]","""""","9.9","false","{breed social-friends}","0","""default""","""none""","0"
"{citizen 26}","{citizen 16}","[128 0 127 100]","""""","9.9","false","{breed social-friends}","0","""default""","""none""","0"
"{citizen 26}","{citizen 18}","[141 141 141 100]","""""","9.9","false","{breed social-friends}","0","""default""","""none""","0"
"{citizen 26}","{citizen 19}","[141 141 141 100]","""""","9.9","false","{breed social-friends}","0","""default""","""none""","0"
"{citizen 26}","{citizen 20}","[141 141 141 100]","""""","9.9","false","{breed social-friends}","0","""default""","""none""","0"
"{citizen 26}","{citizen 21}","[128 0 127 100]","""""","9.9","false","{breed social-friends}","0","""default""","""none""","0"
"{citizen 26}","{citizen 22}","[141 141 141 100]","""""","9.9","false","{breed social-friends}","0","""default""","""none""","0"
"{citizen 26}","{citizen 23}","[141 141 141 100]","""""","9.9","false","{breed social-friends}","0","""default""","""none""","0"
"{citizen 26}","{citizen 24}","[128 0 127 100]","""""","9.9","false","{breed social-friends}","0","""default""","""none""","0"
"{citizen 26}","{citizen 27}","[141 141 141 100]","""""","9.9","false","{breed social-friends}","0","""default""","""none""","0"
"{citizen 26}","{citizen 28}","[128 0 127 100]","""""","9.9","false","{breed social-friends}","0","""default""","""none""","0"
"{citizen 26}","{citizen 30}","[141 141 141 100]","""""","9.9","false","{breed social-friends}","0","""default""","""none""","0"
"{citizen 26}","{citizen 32}","[141 141 141 100]","""""","9.9","false","{breed social-friends}","0","""default""","""none""","0"
"{citizen 26}","{citizen 35}","[128 0 127 100]","""""","9.9","false","{breed social-friends}","0","""default""","""none""","0"
"{citizen 26}","{citizen 36}","[128 0 127 100]","""""","9.9","false","{breed social-friends}","0","""default""","""none""","0"
"{citizen 26}","{citizen 38}","[128 0 127 100]","""""","9.9","false","{breed social-friends}","0","""default""","""none""","0"
"{citizen 26}","{citizen 39}","[141 141 141 100]","""""","9.9","false","{breed social-friends}","0","""default""","""none""","0"
"{citizen 26}","{citizen 40}","[128 0 127 100]","""""","9.9","false","{breed social-friends}","0","""default""","""none""","0"
"{citizen 26}","{citizen 41}","[141 141 141 100]","""""","9.9","false","{breed social-friends}","0","""default""","""none""","0"
"{citizen 26}","{citizen 42}","[128 0 127 100]","""""","9.9","false","{breed social-friends}","0","""default""","""none""","0"
"{citizen 26}","{citizen 44}","[141 141 141 100]","""""","9.9","false","{breed social-friends}","0","""default""","""none""","0"
"{citizen 26}","{citizen 45}","[128 0 127 100]","""""","9.9","false","{breed social-friends}","0","""default""","""none""","0"
"{citizen 26}","{citizen 46}","[141 141 141 100]","""""","9.9","false","{breed social-friends}","0","""default""","""none""","0"
"{citizen 27}","{citizen 0}","[255 0 0 100]","""""","9.9","false","{breed social-friends}","0","""default""","""none""","0"
"{citizen 27}","{citizen 1}","[141 141 141 100]","""""","9.9","false","{breed social-friends}","0","""default""","""none""","0"
"{citizen 27}","{citizen 2}","[255 0 0 100]","""""","9.9","false","{breed social-friends}","0","""default""","""none""","0"
"{citizen 27}","{citizen 3}","[255 0 0 100]","""""","9.9","false","{breed social-friends}","0","""default""","""none""","0"
"{citizen 27}","{citizen 5}","[141 141 141 100]","""""","9.9","false","{breed social-friends}","0","""default""","""none""","0"
"{citizen 27}","{citizen 6}","[255 0 0 100]","""""","9.9","false","{breed social-friends}","0","""default""","""none""","0"
"{citizen 27}","{citizen 8}","[255 0 0 100]","""""","9.9","false","{breed social-friends}","0","""default""","""none""","0"
"{citizen 27}","{citizen 9}","[141 141 141 100]","""""","9.9","false","{breed social-friends}","0","""default""","""none""","0"
"{citizen 27}","{citizen 10}","[255 0 0 100]","""""","9.9","false","{breed social-friends}","0","""default""","""none""","0"
"{citizen 27}","{citizen 11}","[141 141 141 100]","""""","9.9","false","{breed social-friends}","0","""default""","""none""","0"
"{citizen 27}","{citizen 12}","[255 0 0 100]","""""","9.9","false","{breed social-friends}","0","""default""","""none""","0"
"{citizen 27}","{citizen 13}","[141 141 141 100]","""""","9.9","false","{breed social-friends}","0","""default""","""none""","0"
"{citizen 27}","{citizen 14}","[141 141 141 100]","""""","9.9","false","{breed social-friends}","0","""default""","""none""","0"
"{citizen 27}","{citizen 15}","[255 0 0 100]","""""","9.9","false","{breed social-friends}","0","""default""","""none""","0"
"{citizen 27}","{citizen 16}","[141 141 141 100]","""""","9.9","false","{breed social-friends}","0","""default""","""none""","0"
"{citizen 27}","{citizen 17}","[255 0 0 100]","""""","9.9","false","{breed social-friends}","0","""default""","""none""","0"
"{citizen 27}","{citizen 19}","[255 0 0 100]","""""","9.9","false","{breed social-friends}","0","""default""","""none""","0"
"{citizen 27}","{citizen 20}","[255 0 0 100]","""""","9.9","false","{breed social-friends}","0","""default""","""none""","0"
"{citizen 27}","{citizen 21}","[141 141 141 100]","""""","9.9","false","{breed social-friends}","0","""default""","""none""","0"
"{citizen 27}","{citizen 23}","[255 0 0 100]","""""","9.9","false","{breed social-friends}","0","""default""","""none""","0"
"{citizen 27}","{citizen 24}","[141 141 141 100]","""""","9.9","false","{breed social-friends}","0","""default""","""none""","0"
"{citizen 27}","{citizen 25}","[255 0 0 100]","""""","9.9","false","{breed social-friends}","0","""default""","""none""","0"
"{citizen 27}","{citizen 26}","[141 141 141 100]","""""","9.9","false","{breed social-friends}","0","""default""","""none""","0"
"{citizen 27}","{citizen 28}","[141 141 141 100]","""""","9.9","false","{breed social-friends}","0","""default""","""none""","0"
"{citizen 27}","{citizen 29}","[255 0 0 100]","""""","9.9","false","{breed social-friends}","0","""default""","""none""","0"
"{citizen 27}","{citizen 30}","[255 0 0 100]","""""","9.9","false","{breed social-friends}","0","""default""","""none""","0"
"{citizen 27}","{citizen 31}","[255 0 0 100]","""""","9.9","false","{breed social-friends}","0","""default""","""none""","0"
"{citizen 27}","{citizen 33}","[255 0 0 100]","""""","9.9","false","{breed social-friends}","0","""default""","""none""","0"
"{citizen 27}","{citizen 34}","[255 0 0 100]","""""","9.9","false","{breed social-friends}","0","""default""","""none""","0"
"{citizen 27}","{citizen 35}","[141 141 141 100]","""""","9.9","false","{breed social-friends}","0","""default""","""none""","0"
"{citizen 27}","{citizen 36}","[141 141 141 100]","""""","9.9","false","{breed social-friends}","0","""default""","""none""","0"
"{citizen 27}","{citizen 37}","[255 0 0 100]","""""","9.9","false","{breed social-friends}","0","""default""","""none""","0"
"{citizen 27}","{citizen 38}","[141 141 141 100]","""""","9.9","false","{breed social-friends}","0","""default""","""none""","0"
"{citizen 27}","{citizen 39}","[255 0 0 100]","""""","9.9","false","{breed social-friends}","0","""default""","""none""","0"
"{citizen 27}","{citizen 40}","[141 141 141 100]","""""","9.9","false","{breed social-friends}","0","""default""","""none""","0"
"{citizen 27}","{citizen 42}","[141 141 141 100]","""""","9.9","false","{breed social-friends}","0","""default""","""none""","0"
"{citizen 27}","{citizen 43}","[255 0 0 100]","""""","9.9","false","{breed social-friends}","0","""default""","""none""","0"
"{citizen 27}","{citizen 44}","[141 141 141 100]","""""","9.9","false","{breed social-friends}","0","""default""","""none""","0"
"{citizen 27}","{citizen 45}","[141 141 141 100]","""""","9.9","false","{breed social-friends}","0","""default""","""none""","0"
"{citizen 27}","{citizen 46}","[255 0 0 100]","""""","9.9","false","{breed social-friends}","0","""default""","""none""","0"
"{citizen 27}","{citizen 47}","[255 0 0 100]","""""","9.9","false","{breed social-friends}","0","""default""","""none""","0"
"{citizen 27}","{citizen 48}","[255 0 0 100]","""""","9.9","false","{breed social-friends}","0","""default""","""none""","0"
"{citizen 27}","{citizen 49}","[255 0 0 100]","""""","9.9","false","{breed social-friends}","0","""default""","""none""","0"
"{citizen 28}","{citizen 0}","[141 141 141 100]","""""","9.9","false","{breed social-friends}","0","""default""","""none""","0"
"{citizen 28}","{citizen 1}","[128 0 127 100]","""""","9.9","false","{breed social-friends}","0","""default""","""none""","0"
"{citizen 28}","{citizen 3}","[141 141 141 100]","""""","9.9","false","{breed social-friends}","0","""default""","""none""","0"
"{citizen 28}","{citizen 4}","[141 141 141 100]","""""","9.9","false","{breed social-friends}","0","""default""","""none""","0"
"{citizen 28}","{citizen 5}","[141 141 141 100]","""""","9.9","false","{breed social-friends}","0","""default""","""none""","0"
"{citizen 28}","{citizen 6}","[141 141 141 100]","""""","9.9","false","{breed social-friends}","0","""default""","""none""","0"
"{citizen 28}","{citizen 7}","[141 141 141 100]","""""","9.9","false","{breed social-friends}","0","""default""","""none""","0"
"{citizen 28}","{citizen 9}","[128 0 127 100]","""""","9.9","false","{breed social-friends}","0","""default""","""none""","0"
"{citizen 28}","{citizen 10}","[141 141 141 100]","""""","9.9","false","{breed social-friends}","0","""default""","""none""","0"
"{citizen 28}","{citizen 11}","[128 0 127 100]","""""","9.9","false","{breed social-friends}","0","""default""","""none""","0"
"{citizen 28}","{citizen 12}","[141 141 141 100]","""""","9.9","false","{breed social-friends}","0","""default""","""none""","0"
"{citizen 28}","{citizen 13}","[128 0 127 100]","""""","9.9","false","{breed social-friends}","0","""default""","""none""","0"
"{citizen 28}","{citizen 14}","[128 0 127 100]","""""","9.9","false","{breed social-friends}","0","""default""","""none""","0"
"{citizen 28}","{citizen 15}","[141 141 141 100]","""""","9.9","false","{breed social-friends}","0","""default""","""none""","0"
"{citizen 28}","{citizen 16}","[128 0 127 100]","""""","9.9","false","{breed social-friends}","0","""default""","""none""","0"
"{citizen 28}","{citizen 17}","[141 141 141 100]","""""","9.9","false","{breed social-friends}","0","""default""","""none""","0"
"{citizen 28}","{citizen 18}","[141 141 141 100]","""""","9.9","false","{breed social-friends}","0","""default""","""none""","0"
"{citizen 28}","{citizen 19}","[141 141 141 100]","""""","9.9","false","{breed social-friends}","0","""default""","""none""","0"
"{citizen 28}","{citizen 20}","[141 141 141 100]","""""","9.9","false","{breed social-friends}","0","""default""","""none""","0"
"{citizen 28}","{citizen 21}","[128 0 127 100]","""""","9.9","false","{breed social-friends}","0","""default""","""none""","0"
"{citizen 28}","{citizen 22}","[141 141 141 100]","""""","9.9","false","{breed social-friends}","0","""default""","""none""","0"
"{citizen 28}","{citizen 23}","[141 141 141 100]","""""","9.9","false","{breed social-friends}","0","""default""","""none""","0"
"{citizen 28}","{citizen 24}","[128 0 127 100]","""""","9.9","false","{breed social-friends}","0","""default""","""none""","0"
"{citizen 28}","{citizen 25}","[141 141 141 100]","""""","9.9","false","{breed social-friends}","0","""default""","""none""","0"
"{citizen 28}","{citizen 26}","[128 0 127 100]","""""","9.9","false","{breed social-friends}","0","""default""","""none""","0"
"{citizen 28}","{citizen 27}","[141 141 141 100]","""""","9.9","false","{breed social-friends}","0","""default""","""none""","0"
"{citizen 28}","{citizen 30}","[141 141 141 100]","""""","9.9","false","{breed social-friends}","0","""default""","""none""","0"
"{citizen 28}","{citizen 31}","[141 141 141 100]","""""","9.9","false","{breed social-friends}","0","""default""","""none""","0"
"{citizen 28}","{citizen 32}","[141 141 141 100]","""""","9.9","false","{breed social-friends}","0","""default""","""none""","0"
"{citizen 28}","{citizen 33}","[141 141 141 100]","""""","9.9","false","{breed social-friends}","0","""default""","""none""","0"
"{citizen 28}","{citizen 34}","[141 141 141 100]","""""","9.9","false","{breed social-friends}","0","""default""","""none""","0"
"{citizen 28}","{citizen 35}","[128 0 127 100]","""""","9.9","false","{breed social-friends}","0","""default""","""none""","0"
"{citizen 28}","{citizen 36}","[128 0 127 100]","""""","9.9","false","{breed social-friends}","0","""default""","""none""","0"
"{citizen 28}","{citizen 38}","[128 0 127 100]","""""","9.9","false","{breed social-friends}","0","""default""","""none""","0"
"{citizen 28}","{citizen 39}","[141 141 141 100]","""""","9.9","false","{breed social-friends}","0","""default""","""none""","0"
"{citizen 28}","{citizen 40}","[128 0 127 100]","""""","9.9","false","{breed social-friends}","0","""default""","""none""","0"
"{citizen 28}","{citizen 41}","[141 141 141 100]","""""","9.9","false","{breed social-friends}","0","""default""","""none""","0"
"{citizen 28}","{citizen 42}","[128 0 127 100]","""""","9.9","false","{breed social-friends}","0","""default""","""none""","0"
"{citizen 28}","{citizen 44}","[141 141 141 100]","""""","9.9","false","{breed social-friends}","0","""default""","""none""","0"
"{citizen 28}","{citizen 45}","[128 0 127 100]","""""","9.9","false","{breed social-friends}","0","""default""","""none""","0"
"{citizen 28}","{citizen 46}","[141 141 141 100]","""""","9.9","false","{breed social-friends}","0","""default""","""none""","0"
"{citizen 28}","{citizen 47}","[141 141 141 100]","""""","9.9","false","{breed social-friends}","0","""default""","""none""","0"
"{citizen 28}","{citizen 48}","[141 141 141 100]","""""","9.9","false","{breed social-friends}","0","""default""","""none""","0"
"{citizen 28}","{citizen 49}","[141 141 141 100]","""""","9.9","false","{breed social-friends}","0","""default""","""none""","0"
"{citizen 29}","{citizen 0}","[255 0 0 100]","""""","9.9","false","{breed social-friends}","0","""default""","""none""","0"
"{citizen 29}","{citizen 2}","[255 0 0 100]","""""","9.9","false","{breed social-friends}","0","""default""","""none""","0"
"{citizen 29}","{citizen 3}","[255 0 0 100]","""""","9.9","false","{breed social-friends}","0","""default""","""none""","0"
"{citizen 29}","{citizen 6}","[255 0 0 100]","""""","9.9","false","{breed social-friends}","0","""default""","""none""","0"
"{citizen 29}","{citizen 7}","[141 141 141 100]","""""","9.9","false","{breed social-friends}","0","""default""","""none""","0"
"{citizen 29}","{citizen 8}","[255 0 0 100]","""""","9.9","false","{breed social-friends}","0","""default""","""none""","0"
"{citizen 29}","{citizen 10}","[255 0 0 100]","""""","9.9","false","{breed social-friends}","0","""default""","""none""","0"
"{citizen 29}","{citizen 12}","[255 0 0 100]","""""","9.9","false","{breed social-friends}","0","""default""","""none""","0"
"{citizen 29}","{citizen 13}","[141 141 141 100]","""""","9.9","false","{breed social-friends}","0","""default""","""none""","0"
"{citizen 29}","{citizen 15}","[255 0 0 100]","""""","9.9","false","{breed social-friends}","0","""default""","""none""","0"
"{citizen 29}","{citizen 17}","[255 0 0 100]","""""","9.9","false","{breed social-friends}","0","""default""","""none""","0"
"{citizen 29}","{citizen 19}","[255 0 0 100]","""""","9.9","false","{breed social-friends}","0","""default""","""none""","0"
"{citizen 29}","{citizen 20}","[255 0 0 100]","""""","9.9","false","{breed social-friends}","0","""default""","""none""","0"
"{citizen 29}","{citizen 23}","[255 0 0 100]","""""","9.9","false","{breed social-friends}","0","""default""","""none""","0"
"{citizen 29}","{citizen 25}","[255 0 0 100]","""""","9.9","false","{breed social-friends}","0","""default""","""none""","0"
"{citizen 29}","{citizen 27}","[255 0 0 100]","""""","9.9","false","{breed social-friends}","0","""default""","""none""","0"
"{citizen 29}","{citizen 30}","[255 0 0 100]","""""","9.9","false","{breed social-friends}","0","""default""","""none""","0"
"{citizen 29}","{citizen 31}","[255 0 0 100]","""""","9.9","false","{breed social-friends}","0","""default""","""none""","0"
"{citizen 29}","{citizen 33}","[255 0 0 100]","""""","9.9","false","{breed social-friends}","0","""default""","""none""","0"
"{citizen 29}","{citizen 34}","[255 0 0 100]","""""","9.9","false","{breed social-friends}","0","""default""","""none""","0"
"{citizen 29}","{citizen 35}","[141 141 141 100]","""""","9.9","false","{breed social-friends}","0","""default""","""none""","0"
"{citizen 29}","{citizen 36}","[141 141 141 100]","""""","9.9","false","{breed social-friends}","0","""default""","""none""","0"
"{citizen 29}","{citizen 37}","[255 0 0 100]","""""","9.9","false","{breed social-friends}","0","""default""","""none""","0"
"{citizen 29}","{citizen 39}","[255 0 0 100]","""""","9.9","false","{breed social-friends}","0","""default""","""none""","0"
"{citizen 29}","{citizen 40}","[141 141 141 100]","""""","9.9","false","{breed social-friends}","0","""default""","""none""","0"
"{citizen 29}","{citizen 42}","[141 141 141 100]","""""","9.9","false","{breed social-friends}","0","""default""","""none""","0"
"{citizen 29}","{citizen 43}","[255 0 0 100]","""""","9.9","false","{breed social-friends}","0","""default""","""none""","0"
"{citizen 29}","{citizen 45}","[141 141 141 100]","""""","9.9","false","{breed social-friends}","0","""default""","""none""","0"
"{citizen 29}","{citizen 46}","[255 0 0 100]","""""","9.9","false","{breed social-friends}","0","""default""","""none""","0"
"{citizen 29}","{citizen 47}","[255 0 0 100]","""""","9.9","false","{breed social-friends}","0","""default""","""none""","0"
"{citizen 29}","{citizen 48}","[255 0 0 100]","""""","9.9","false","{breed social-friends}","0","""default""","""none""","0"
"{citizen 29}","{citizen 49}","[255 0 0 100]","""""","9.9","false","{breed social-friends}","0","""default""","""none""","0"
"{citizen 30}","{citizen 0}","[255 0 0 100]","""""","9.9","false","{breed social-friends}","0","""default""","""none""","0"
"{citizen 30}","{citizen 1}","[141 141 141 100]","""""","9.9","false","{breed social-friends}","0","""default""","""none""","0"
"{citizen 30}","{citizen 2}","[255 0 0 100]","""""","9.9","false","{breed social-friends}","0","""default""","""none""","0"
"{citizen 30}","{citizen 3}","[255 0 0 100]","""""","9.9","false","{breed social-friends}","0","""default""","""none""","0"
"{citizen 30}","{citizen 5}","[141 141 141 100]","""""","9.9","false","{breed social-friends}","0","""default""","""none""","0"
"{citizen 30}","{citizen 6}","[255 0 0 100]","""""","9.9","false","{breed social-friends}","0","""default""","""none""","0"
"{citizen 30}","{citizen 7}","[141 141 141 100]","""""","9.9","false","{breed social-friends}","0","""default""","""none""","0"
"{citizen 30}","{citizen 8}","[255 0 0 100]","""""","9.9","false","{breed social-friends}","0","""default""","""none""","0"
"{citizen 30}","{citizen 9}","[141 141 141 100]","""""","9.9","false","{breed social-friends}","0","""default""","""none""","0"
"{citizen 30}","{citizen 10}","[255 0 0 100]","""""","9.9","false","{breed social-friends}","0","""default""","""none""","0"
"{citizen 30}","{citizen 11}","[141 141 141 100]","""""","9.9","false","{breed social-friends}","0","""default""","""none""","0"
"{citizen 30}","{citizen 12}","[255 0 0 100]","""""","9.9","false","{breed social-friends}","0","""default""","""none""","0"
"{citizen 30}","{citizen 13}","[141 141 141 100]","""""","9.9","false","{breed social-friends}","0","""default""","""none""","0"
"{citizen 30}","{citizen 14}","[141 141 141 100]","""""","9.9","false","{breed social-friends}","0","""default""","""none""","0"
"{citizen 30}","{citizen 15}","[255 0 0 100]","""""","9.9","false","{breed social-friends}","0","""default""","""none""","0"
"{citizen 30}","{citizen 16}","[141 141 141 100]","""""","9.9","false","{breed social-friends}","0","""default""","""none""","0"
"{citizen 30}","{citizen 17}","[255 0 0 100]","""""","9.9","false","{breed social-friends}","0","""default""","""none""","0"
"{citizen 30}","{citizen 19}","[255 0 0 100]","""""","9.9","false","{breed social-friends}","0","""default""","""none""","0"
"{citizen 30}","{citizen 20}","[255 0 0 100]","""""","9.9","false","{breed social-friends}","0","""default""","""none""","0"
"{citizen 30}","{citizen 23}","[255 0 0 100]","""""","9.9","false","{breed social-friends}","0","""default""","""none""","0"
"{citizen 30}","{citizen 24}","[141 141 141 100]","""""","9.9","false","{breed social-friends}","0","""default""","""none""","0"
"{citizen 30}","{citizen 25}","[255 0 0 100]","""""","9.9","false","{breed social-friends}","0","""default""","""none""","0"
"{citizen 30}","{citizen 26}","[141 141 141 100]","""""","9.9","false","{breed social-friends}","0","""default""","""none""","0"
"{citizen 30}","{citizen 27}","[255 0 0 100]","""""","9.9","false","{breed social-friends}","0","""default""","""none""","0"
"{citizen 30}","{citizen 28}","[141 141 141 100]","""""","9.9","false","{breed social-friends}","0","""default""","""none""","0"
"{citizen 30}","{citizen 29}","[255 0 0 100]","""""","9.9","false","{breed social-friends}","0","""default""","""none""","0"
"{citizen 30}","{citizen 31}","[255 0 0 100]","""""","9.9","false","{breed social-friends}","0","""default""","""none""","0"
"{citizen 30}","{citizen 33}","[255 0 0 100]","""""","9.9","false","{breed social-friends}","0","""default""","""none""","0"
"{citizen 30}","{citizen 34}","[255 0 0 100]","""""","9.9","false","{breed social-friends}","0","""default""","""none""","0"
"{citizen 30}","{citizen 36}","[141 141 141 100]","""""","9.9","false","{breed social-friends}","0","""default""","""none""","0"
"{citizen 30}","{citizen 37}","[255 0 0 100]","""""","9.9","false","{breed social-friends}","0","""default""","""none""","0"
"{citizen 30}","{citizen 39}","[255 0 0 100]","""""","9.9","false","{breed social-friends}","0","""default""","""none""","0"
"{citizen 30}","{citizen 42}","[141 141 141 100]","""""","9.9","false","{breed social-friends}","0","""default""","""none""","0"
"{citizen 30}","{citizen 43}","[255 0 0 100]","""""","9.9","false","{breed social-friends}","0","""default""","""none""","0"
"{citizen 30}","{citizen 44}","[141 141 141 100]","""""","9.9","false","{breed social-friends}","0","""default""","""none""","0"
"{citizen 30}","{citizen 45}","[141 141 141 100]","""""","9.9","false","{breed social-friends}","0","""default""","""none""","0"
"{citizen 30}","{citizen 46}","[255 0 0 100]","""""","9.9","false","{breed social-friends}","0","""default""","""none""","0"
"{citizen 30}","{citizen 47}","[255 0 0 100]","""""","9.9","false","{breed social-friends}","0","""default""","""none""","0"
"{citizen 30}","{citizen 48}","[255 0 0 100]","""""","9.9","false","{breed social-friends}","0","""default""","""none""","0"
"{citizen 30}","{citizen 49}","[255 0 0 100]","""""","9.9","false","{breed social-friends}","0","""default""","""none""","0"
"{citizen 31}","{citizen 0}","[255 0 0 100]","""""","9.9","false","{breed social-friends}","0","""default""","""none""","0"
"{citizen 31}","{citizen 1}","[141 141 141 100]","""""","9.9","false","{breed social-friends}","0","""default""","""none""","0"
"{citizen 31}","{citizen 2}","[255 0 0 100]","""""","9.9","false","{breed social-friends}","0","""default""","""none""","0"
"{citizen 31}","{citizen 3}","[255 0 0 100]","""""","9.9","false","{breed social-friends}","0","""default""","""none""","0"
"{citizen 31}","{citizen 4}","[141 141 141 100]","""""","9.9","false","{breed social-friends}","0","""default""","""none""","0"
"{citizen 31}","{citizen 6}","[255 0 0 100]","""""","9.9","false","{breed social-friends}","0","""default""","""none""","0"
"{citizen 31}","{citizen 8}","[255 0 0 100]","""""","9.9","false","{breed social-friends}","0","""default""","""none""","0"
"{citizen 31}","{citizen 9}","[141 141 141 100]","""""","9.9","false","{breed social-friends}","0","""default""","""none""","0"
"{citizen 31}","{citizen 10}","[255 0 0 100]","""""","9.9","false","{breed social-friends}","0","""default""","""none""","0"
"{citizen 31}","{citizen 12}","[255 0 0 100]","""""","9.9","false","{breed social-friends}","0","""default""","""none""","0"
"{citizen 31}","{citizen 15}","[255 0 0 100]","""""","9.9","false","{breed social-friends}","0","""default""","""none""","0"
"{citizen 31}","{citizen 17}","[255 0 0 100]","""""","9.9","false","{breed social-friends}","0","""default""","""none""","0"
"{citizen 31}","{citizen 19}","[255 0 0 100]","""""","9.9","false","{breed social-friends}","0","""default""","""none""","0"
"{citizen 31}","{citizen 20}","[255 0 0 100]","""""","9.9","false","{breed social-friends}","0","""default""","""none""","0"
"{citizen 31}","{citizen 23}","[255 0 0 100]","""""","9.9","false","{breed social-friends}","0","""default""","""none""","0"
"{citizen 31}","{citizen 25}","[255 0 0 100]","""""","9.9","false","{breed social-friends}","0","""default""","""none""","0"
"{citizen 31}","{citizen 27}","[255 0 0 100]","""""","9.9","false","{breed social-friends}","0","""default""","""none""","0"
"{citizen 31}","{citizen 28}","[141 141 141 100]","""""","9.9","false","{breed social-friends}","0","""default""","""none""","0"
"{citizen 31}","{citizen 29}","[255 0 0 100]","""""","9.9","false","{breed social-friends}","0","""default""","""none""","0"
"{citizen 31}","{citizen 30}","[255 0 0 100]","""""","9.9","false","{breed social-friends}","0","""default""","""none""","0"
"{citizen 31}","{citizen 33}","[255 0 0 100]","""""","9.9","false","{breed social-friends}","0","""default""","""none""","0"
"{citizen 31}","{citizen 34}","[255 0 0 100]","""""","9.9","false","{breed social-friends}","0","""default""","""none""","0"
"{citizen 31}","{citizen 36}","[141 141 141 100]","""""","9.9","false","{breed social-friends}","0","""default""","""none""","0"
"{citizen 31}","{citizen 37}","[255 0 0 100]","""""","9.9","false","{breed social-friends}","0","""default""","""none""","0"
"{citizen 31}","{citizen 38}","[141 141 141 100]","""""","9.9","false","{breed social-friends}","0","""default""","""none""","0"
"{citizen 31}","{citizen 39}","[255 0 0 100]","""""","9.9","false","{breed social-friends}","0","""default""","""none""","0"
"{citizen 31}","{citizen 40}","[141 141 141 100]","""""","9.9","false","{breed social-friends}","0","""default""","""none""","0"
"{citizen 31}","{citizen 42}","[141 141 141 100]","""""","9.9","false","{breed social-friends}","0","""default""","""none""","0"
"{citizen 31}","{citizen 43}","[255 0 0 100]","""""","9.9","false","{breed social-friends}","0","""default""","""none""","0"
"{citizen 31}","{citizen 45}","[141 141 141 100]","""""","9.9","false","{breed social-friends}","0","""default""","""none""","0"
"{citizen 31}","{citizen 46}","[255 0 0 100]","""""","9.9","false","{breed social-friends}","0","""default""","""none""","0"
"{citizen 31}","{citizen 47}","[255 0 0 100]","""""","9.9","false","{breed social-friends}","0","""default""","""none""","0"
"{citizen 31}","{citizen 48}","[255 0 0 100]","""""","9.9","false","{breed social-friends}","0","""default""","""none""","0"
"{citizen 31}","{citizen 49}","[255 0 0 100]","""""","9.9","false","{breed social-friends}","0","""default""","""none""","0"
"{citizen 32}","{citizen 1}","[141 141 141 100]","""""","9.9","false","{breed social-friends}","0","""default""","""none""","0"
"{citizen 32}","{citizen 4}","[43 0 212 100]","""""","9.9","false","{breed social-friends}","0","""default""","""none""","0"
"{citizen 32}","{citizen 5}","[43 0 212 100]","""""","9.9","false","{breed social-friends}","0","""default""","""none""","0"
"{citizen 32}","{citizen 7}","[43 0 212 100]","""""","9.9","false","{breed social-friends}","0","""default""","""none""","0"
"{citizen 32}","{citizen 8}","[141 141 141 100]","""""","9.9","false","{breed social-friends}","0","""default""","""none""","0"
"{citizen 32}","{citizen 9}","[141 141 141 100]","""""","9.9","false","{breed social-friends}","0","""default""","""none""","0"
"{citizen 32}","{citizen 11}","[141 141 141 100]","""""","9.9","false","{breed social-friends}","0","""default""","""none""","0"
"{citizen 32}","{citizen 13}","[141 141 141 100]","""""","9.9","false","{breed social-friends}","0","""default""","""none""","0"
"{citizen 32}","{citizen 14}","[141 141 141 100]","""""","9.9","false","{breed social-friends}","0","""default""","""none""","0"
"{citizen 32}","{citizen 16}","[141 141 141 100]","""""","9.9","false","{breed social-friends}","0","""default""","""none""","0"
"{citizen 32}","{citizen 18}","[43 0 212 100]","""""","9.9","false","{breed social-friends}","0","""default""","""none""","0"
"{citizen 32}","{citizen 20}","[141 141 141 100]","""""","9.9","false","{breed social-friends}","0","""default""","""none""","0"
"{citizen 32}","{citizen 21}","[141 141 141 100]","""""","9.9","false","{breed social-friends}","0","""default""","""none""","0"
"{citizen 32}","{citizen 22}","[43 0 212 100]","""""","9.9","false","{breed social-friends}","0","""default""","""none""","0"
"{citizen 32}","{citizen 24}","[141 141 141 100]","""""","9.9","false","{breed social-friends}","0","""default""","""none""","0"
"{citizen 32}","{citizen 26}","[141 141 141 100]","""""","9.9","false","{breed social-friends}","0","""default""","""none""","0"
"{citizen 32}","{citizen 28}","[141 141 141 100]","""""","9.9","false","{breed social-friends}","0","""default""","""none""","0"
"{citizen 32}","{citizen 33}","[141 141 141 100]","""""","9.9","false","{breed social-friends}","0","""default""","""none""","0"
"{citizen 32}","{citizen 35}","[141 141 141 100]","""""","9.9","false","{breed social-friends}","0","""default""","""none""","0"
"{citizen 32}","{citizen 36}","[141 141 141 100]","""""","9.9","false","{breed social-friends}","0","""default""","""none""","0"
"{citizen 32}","{citizen 38}","[141 141 141 100]","""""","9.9","false","{breed social-friends}","0","""default""","""none""","0"
"{citizen 32}","{citizen 40}","[141 141 141 100]","""""","9.9","false","{breed social-friends}","0","""default""","""none""","0"
"{citizen 32}","{citizen 41}","[43 0 212 100]","""""","9.9","false","{breed social-friends}","0","""default""","""none""","0"
"{citizen 32}","{citizen 42}","[141 141 141 100]","""""","9.9","false","{breed social-friends}","0","""default""","""none""","0"
"{citizen 32}","{citizen 44}","[43 0 212 100]","""""","9.9","false","{breed social-friends}","0","""default""","""none""","0"
"{citizen 32}","{citizen 45}","[141 141 141 100]","""""","9.9","false","{breed social-friends}","0","""default""","""none""","0"
"{citizen 32}","{citizen 49}","[141 141 141 100]","""""","9.9","false","{breed social-friends}","0","""default""","""none""","0"
"{citizen 33}","{citizen 0}","[255 0 0 100]","""""","9.9","false","{breed social-friends}","0","""default""","""none""","0"
"{citizen 33}","{citizen 1}","[141 141 141 100]","""""","9.9","false","{breed social-friends}","0","""default""","""none""","0"
"{citizen 33}","{citizen 2}","[255 0 0 100]","""""","9.9","false","{breed social-friends}","0","""default""","""none""","0"
"{citizen 33}","{citizen 3}","[255 0 0 100]","""""","9.9","false","{breed social-friends}","0","""default""","""none""","0"
"{citizen 33}","{citizen 4}","[141 141 141 100]","""""","9.9","false","{breed social-friends}","0","""default""","""none""","0"
"{citizen 33}","{citizen 5}","[141 141 141 100]","""""","9.9","false","{breed social-friends}","0","""default""","""none""","0"
"{citizen 33}","{citizen 6}","[255 0 0 100]","""""","9.9","false","{breed social-friends}","0","""default""","""none""","0"
"{citizen 33}","{citizen 8}","[255 0 0 100]","""""","9.9","false","{breed social-friends}","0","""default""","""none""","0"
"{citizen 33}","{citizen 9}","[141 141 141 100]","""""","9.9","false","{breed social-friends}","0","""default""","""none""","0"
"{citizen 33}","{citizen 10}","[255 0 0 100]","""""","9.9","false","{breed social-friends}","0","""default""","""none""","0"
"{citizen 33}","{citizen 11}","[141 141 141 100]","""""","9.9","false","{breed social-friends}","0","""default""","""none""","0"
"{citizen 33}","{citizen 12}","[255 0 0 100]","""""","9.9","false","{breed social-friends}","0","""default""","""none""","0"
"{citizen 33}","{citizen 13}","[141 141 141 100]","""""","9.9","false","{breed social-friends}","0","""default""","""none""","0"
"{citizen 33}","{citizen 14}","[141 141 141 100]","""""","9.9","false","{breed social-friends}","0","""default""","""none""","0"
"{citizen 33}","{citizen 15}","[255 0 0 100]","""""","9.9","false","{breed social-friends}","0","""default""","""none""","0"
"{citizen 33}","{citizen 16}","[141 141 141 100]","""""","9.9","false","{breed social-friends}","0","""default""","""none""","0"
"{citizen 33}","{citizen 17}","[255 0 0 100]","""""","9.9","false","{breed social-friends}","0","""default""","""none""","0"
"{citizen 33}","{citizen 19}","[255 0 0 100]","""""","9.9","false","{breed social-friends}","0","""default""","""none""","0"
"{citizen 33}","{citizen 20}","[255 0 0 100]","""""","9.9","false","{breed social-friends}","0","""default""","""none""","0"
"{citizen 33}","{citizen 21}","[141 141 141 100]","""""","9.9","false","{breed social-friends}","0","""default""","""none""","0"
"{citizen 33}","{citizen 22}","[141 141 141 100]","""""","9.9","false","{breed social-friends}","0","""default""","""none""","0"
"{citizen 33}","{citizen 23}","[255 0 0 100]","""""","9.9","false","{breed social-friends}","0","""default""","""none""","0"
"{citizen 33}","{citizen 24}","[141 141 141 100]","""""","9.9","false","{breed social-friends}","0","""default""","""none""","0"
"{citizen 33}","{citizen 25}","[255 0 0 100]","""""","9.9","false","{breed social-friends}","0","""default""","""none""","0"
"{citizen 33}","{citizen 27}","[255 0 0 100]","""""","9.9","false","{breed social-friends}","0","""default""","""none""","0"
"{citizen 33}","{citizen 28}","[141 141 141 100]","""""","9.9","false","{breed social-friends}","0","""default""","""none""","0"
"{citizen 33}","{citizen 29}","[255 0 0 100]","""""","9.9","false","{breed social-friends}","0","""default""","""none""","0"
"{citizen 33}","{citizen 30}","[255 0 0 100]","""""","9.9","false","{breed social-friends}","0","""default""","""none""","0"
"{citizen 33}","{citizen 31}","[255 0 0 100]","""""","9.9","false","{breed social-friends}","0","""default""","""none""","0"
"{citizen 33}","{citizen 32}","[141 141 141 100]","""""","9.9","false","{breed social-friends}","0","""default""","""none""","0"
"{citizen 33}","{citizen 34}","[255 0 0 100]","""""","9.9","false","{breed social-friends}","0","""default""","""none""","0"
"{citizen 33}","{citizen 36}","[141 141 141 100]","""""","9.9","false","{breed social-friends}","0","""default""","""none""","0"
"{citizen 33}","{citizen 37}","[255 0 0 100]","""""","9.9","false","{breed social-friends}","0","""default""","""none""","0"
"{citizen 33}","{citizen 38}","[141 141 141 100]","""""","9.9","false","{breed social-friends}","0","""default""","""none""","0"
"{citizen 33}","{citizen 39}","[255 0 0 100]","""""","9.9","false","{breed social-friends}","0","""default""","""none""","0"
"{citizen 33}","{citizen 40}","[141 141 141 100]","""""","9.9","false","{breed social-friends}","0","""default""","""none""","0"
"{citizen 33}","{citizen 42}","[141 141 141 100]","""""","9.9","false","{breed social-friends}","0","""default""","""none""","0"
"{citizen 33}","{citizen 43}","[255 0 0 100]","""""","9.9","false","{breed social-friends}","0","""default""","""none""","0"
"{citizen 33}","{citizen 44}","[141 141 141 100]","""""","9.9","false","{breed social-friends}","0","""default""","""none""","0"
"{citizen 33}","{citizen 45}","[141 141 141 100]","""""","9.9","false","{breed social-friends}","0","""default""","""none""","0"
"{citizen 33}","{citizen 46}","[255 0 0 100]","""""","9.9","false","{breed social-friends}","0","""default""","""none""","0"
"{citizen 33}","{citizen 47}","[255 0 0 100]","""""","9.9","false","{breed social-friends}","0","""default""","""none""","0"
"{citizen 33}","{citizen 48}","[255 0 0 100]","""""","9.9","false","{breed social-friends}","0","""default""","""none""","0"
"{citizen 33}","{citizen 49}","[255 0 0 100]","""""","9.9","false","{breed social-friends}","0","""default""","""none""","0"
"{citizen 34}","{citizen 0}","[255 0 0 100]","""""","9.9","false","{breed social-friends}","0","""default""","""none""","0"
"{citizen 34}","{citizen 1}","[141 141 141 100]","""""","9.9","false","{breed social-friends}","0","""default""","""none""","0"
"{citizen 34}","{citizen 2}","[255 0 0 100]","""""","9.9","false","{breed social-friends}","0","""default""","""none""","0"
"{citizen 34}","{citizen 3}","[255 0 0 100]","""""","9.9","false","{breed social-friends}","0","""default""","""none""","0"
"{citizen 34}","{citizen 6}","[255 0 0 100]","""""","9.9","false","{breed social-friends}","0","""default""","""none""","0"
"{citizen 34}","{citizen 8}","[255 0 0 100]","""""","9.9","false","{breed social-friends}","0","""default""","""none""","0"
"{citizen 34}","{citizen 9}","[141 141 141 100]","""""","9.9","false","{breed social-friends}","0","""default""","""none""","0"
"{citizen 34}","{citizen 10}","[255 0 0 100]","""""","9.9","false","{breed social-friends}","0","""default""","""none""","0"
"{citizen 34}","{citizen 11}","[141 141 141 100]","""""","9.9","false","{breed social-friends}","0","""default""","""none""","0"
"{citizen 34}","{citizen 12}","[255 0 0 100]","""""","9.9","false","{breed social-friends}","0","""default""","""none""","0"
"{citizen 34}","{citizen 13}","[141 141 141 100]","""""","9.9","false","{breed social-friends}","0","""default""","""none""","0"
"{citizen 34}","{citizen 15}","[255 0 0 100]","""""","9.9","false","{breed social-friends}","0","""default""","""none""","0"
"{citizen 34}","{citizen 16}","[141 141 141 100]","""""","9.9","false","{breed social-friends}","0","""default""","""none""","0"
"{citizen 34}","{citizen 17}","[255 0 0 100]","""""","9.9","false","{breed social-friends}","0","""default""","""none""","0"
"{citizen 34}","{citizen 19}","[255 0 0 100]","""""","9.9","false","{breed social-friends}","0","""default""","""none""","0"
"{citizen 34}","{citizen 20}","[255 0 0 100]","""""","9.9","false","{breed social-friends}","0","""default""","""none""","0"
"{citizen 34}","{citizen 23}","[255 0 0 100]","""""","9.9","false","{breed social-friends}","0","""default""","""none""","0"
"{citizen 34}","{citizen 25}","[255 0 0 100]","""""","9.9","false","{breed social-friends}","0","""default""","""none""","0"
"{citizen 34}","{citizen 27}","[255 0 0 100]","""""","9.9","false","{breed social-friends}","0","""default""","""none""","0"
"{citizen 34}","{citizen 28}","[141 141 141 100]","""""","9.9","false","{breed social-friends}","0","""default""","""none""","0"
"{citizen 34}","{citizen 29}","[255 0 0 100]","""""","9.9","false","{breed social-friends}","0","""default""","""none""","0"
"{citizen 34}","{citizen 30}","[255 0 0 100]","""""","9.9","false","{breed social-friends}","0","""default""","""none""","0"
"{citizen 34}","{citizen 31}","[255 0 0 100]","""""","9.9","false","{breed social-friends}","0","""default""","""none""","0"
"{citizen 34}","{citizen 33}","[255 0 0 100]","""""","9.9","false","{breed social-friends}","0","""default""","""none""","0"
"{citizen 34}","{citizen 36}","[141 141 141 100]","""""","9.9","false","{breed social-friends}","0","""default""","""none""","0"
"{citizen 34}","{citizen 37}","[255 0 0 100]","""""","9.9","false","{breed social-friends}","0","""default""","""none""","0"
"{citizen 34}","{citizen 38}","[141 141 141 100]","""""","9.9","false","{breed social-friends}","0","""default""","""none""","0"
"{citizen 34}","{citizen 39}","[255 0 0 100]","""""","9.9","false","{breed social-friends}","0","""default""","""none""","0"
"{citizen 34}","{citizen 42}","[141 141 141 100]","""""","9.9","false","{breed social-friends}","0","""default""","""none""","0"
"{citizen 34}","{citizen 43}","[255 0 0 100]","""""","9.9","false","{breed social-friends}","0","""default""","""none""","0"
"{citizen 34}","{citizen 45}","[141 141 141 100]","""""","9.9","false","{breed social-friends}","0","""default""","""none""","0"
"{citizen 34}","{citizen 46}","[255 0 0 100]","""""","9.9","false","{breed social-friends}","0","""default""","""none""","0"
"{citizen 34}","{citizen 47}","[255 0 0 100]","""""","9.9","false","{breed social-friends}","0","""default""","""none""","0"
"{citizen 34}","{citizen 48}","[255 0 0 100]","""""","9.9","false","{breed social-friends}","0","""default""","""none""","0"
"{citizen 34}","{citizen 49}","[255 0 0 100]","""""","9.9","false","{breed social-friends}","0","""default""","""none""","0"
"{citizen 35}","{citizen 1}","[128 0 127 100]","""""","9.9","false","{breed social-friends}","0","""default""","""none""","0"
"{citizen 35}","{citizen 3}","[141 141 141 100]","""""","9.9","false","{breed social-friends}","0","""default""","""none""","0"
"{citizen 35}","{citizen 4}","[141 141 141 100]","""""","9.9","false","{breed social-friends}","0","""default""","""none""","0"
"{citizen 35}","{citizen 5}","[141 141 141 100]","""""","9.9","false","{breed social-friends}","0","""default""","""none""","0"
"{citizen 35}","{citizen 7}","[141 141 141 100]","""""","9.9","false","{breed social-friends}","0","""default""","""none""","0"
"{citizen 35}","{citizen 8}","[141 141 141 100]","""""","9.9","false","{breed social-friends}","0","""default""","""none""","0"
"{citizen 35}","{citizen 9}","[128 0 127 100]","""""","9.9","false","{breed social-friends}","0","""default""","""none""","0"
"{citizen 35}","{citizen 11}","[128 0 127 100]","""""","9.9","false","{breed social-friends}","0","""default""","""none""","0"
"{citizen 35}","{citizen 13}","[128 0 127 100]","""""","9.9","false","{breed social-friends}","0","""default""","""none""","0"
"{citizen 35}","{citizen 14}","[128 0 127 100]","""""","9.9","false","{breed social-friends}","0","""default""","""none""","0"
"{citizen 35}","{citizen 15}","[141 141 141 100]","""""","9.9","false","{breed social-friends}","0","""default""","""none""","0"
"{citizen 35}","{citizen 16}","[128 0 127 100]","""""","9.9","false","{breed social-friends}","0","""default""","""none""","0"
"{citizen 35}","{citizen 18}","[141 141 141 100]","""""","9.9","false","{breed social-friends}","0","""default""","""none""","0"
"{citizen 35}","{citizen 19}","[141 141 141 100]","""""","9.9","false","{breed social-friends}","0","""default""","""none""","0"
"{citizen 35}","{citizen 20}","[141 141 141 100]","""""","9.9","false","{breed social-friends}","0","""default""","""none""","0"
"{citizen 35}","{citizen 21}","[128 0 127 100]","""""","9.9","false","{breed social-friends}","0","""default""","""none""","0"
"{citizen 35}","{citizen 22}","[141 141 141 100]","""""","9.9","false","{breed social-friends}","0","""default""","""none""","0"
"{citizen 35}","{citizen 23}","[141 141 141 100]","""""","9.9","false","{breed social-friends}","0","""default""","""none""","0"
"{citizen 35}","{citizen 24}","[128 0 127 100]","""""","9.9","false","{breed social-friends}","0","""default""","""none""","0"
"{citizen 35}","{citizen 26}","[128 0 127 100]","""""","9.9","false","{breed social-friends}","0","""default""","""none""","0"
"{citizen 35}","{citizen 27}","[141 141 141 100]","""""","9.9","false","{breed social-friends}","0","""default""","""none""","0"
"{citizen 35}","{citizen 28}","[128 0 127 100]","""""","9.9","false","{breed social-friends}","0","""default""","""none""","0"
"{citizen 35}","{citizen 29}","[141 141 141 100]","""""","9.9","false","{breed social-friends}","0","""default""","""none""","0"
"{citizen 35}","{citizen 32}","[141 141 141 100]","""""","9.9","false","{breed social-friends}","0","""default""","""none""","0"
"{citizen 35}","{citizen 36}","[128 0 127 100]","""""","9.9","false","{breed social-friends}","0","""default""","""none""","0"
"{citizen 35}","{citizen 38}","[128 0 127 100]","""""","9.9","false","{breed social-friends}","0","""default""","""none""","0"
"{citizen 35}","{citizen 39}","[141 141 141 100]","""""","9.9","false","{breed social-friends}","0","""default""","""none""","0"
"{citizen 35}","{citizen 40}","[128 0 127 100]","""""","9.9","false","{breed social-friends}","0","""default""","""none""","0"
"{citizen 35}","{citizen 41}","[141 141 141 100]","""""","9.9","false","{breed social-friends}","0","""default""","""none""","0"
"{citizen 35}","{citizen 42}","[128 0 127 100]","""""","9.9","false","{breed social-friends}","0","""default""","""none""","0"
"{citizen 35}","{citizen 44}","[141 141 141 100]","""""","9.9","false","{breed social-friends}","0","""default""","""none""","0"
"{citizen 35}","{citizen 45}","[128 0 127 100]","""""","9.9","false","{breed social-friends}","0","""default""","""none""","0"
"{citizen 35}","{citizen 46}","[141 141 141 100]","""""","9.9","false","{breed social-friends}","0","""default""","""none""","0"
"{citizen 35}","{citizen 47}","[141 141 141 100]","""""","9.9","false","{breed social-friends}","0","""default""","""none""","0"
"{citizen 35}","{citizen 49}","[141 141 141 100]","""""","9.9","false","{breed social-friends}","0","""default""","""none""","0"
"{citizen 36}","{citizen 0}","[141 141 141 100]","""""","9.9","false","{breed social-friends}","0","""default""","""none""","0"
"{citizen 36}","{citizen 1}","[128 0 127 100]","""""","9.9","false","{breed social-friends}","0","""default""","""none""","0"
"{citizen 36}","{citizen 2}","[141 141 141 100]","""""","9.9","false","{breed social-friends}","0","""default""","""none""","0"
"{citizen 36}","{citizen 3}","[141 141 141 100]","""""","9.9","false","{breed social-friends}","0","""default""","""none""","0"
"{citizen 36}","{citizen 4}","[141 141 141 100]","""""","9.9","false","{breed social-friends}","0","""default""","""none""","0"
"{citizen 36}","{citizen 5}","[141 141 141 100]","""""","9.9","false","{breed social-friends}","0","""default""","""none""","0"
"{citizen 36}","{citizen 6}","[141 141 141 100]","""""","9.9","false","{breed social-friends}","0","""default""","""none""","0"
"{citizen 36}","{citizen 7}","[141 141 141 100]","""""","9.9","false","{breed social-friends}","0","""default""","""none""","0"
"{citizen 36}","{citizen 8}","[141 141 141 100]","""""","9.9","false","{breed social-friends}","0","""default""","""none""","0"
"{citizen 36}","{citizen 9}","[128 0 127 100]","""""","9.9","false","{breed social-friends}","0","""default""","""none""","0"
"{citizen 36}","{citizen 10}","[141 141 141 100]","""""","9.9","false","{breed social-friends}","0","""default""","""none""","0"
"{citizen 36}","{citizen 11}","[128 0 127 100]","""""","9.9","false","{breed social-friends}","0","""default""","""none""","0"
"{citizen 36}","{citizen 12}","[141 141 141 100]","""""","9.9","false","{breed social-friends}","0","""default""","""none""","0"
"{citizen 36}","{citizen 13}","[128 0 127 100]","""""","9.9","false","{breed social-friends}","0","""default""","""none""","0"
"{citizen 36}","{citizen 14}","[128 0 127 100]","""""","9.9","false","{breed social-friends}","0","""default""","""none""","0"
"{citizen 36}","{citizen 15}","[141 141 141 100]","""""","9.9","false","{breed social-friends}","0","""default""","""none""","0"
"{citizen 36}","{citizen 16}","[128 0 127 100]","""""","9.9","false","{breed social-friends}","0","""default""","""none""","0"
"{citizen 36}","{citizen 17}","[141 141 141 100]","""""","9.9","false","{breed social-friends}","0","""default""","""none""","0"
"{citizen 36}","{citizen 18}","[141 141 141 100]","""""","9.9","false","{breed social-friends}","0","""default""","""none""","0"
"{citizen 36}","{citizen 19}","[141 141 141 100]","""""","9.9","false","{breed social-friends}","0","""default""","""none""","0"
"{citizen 36}","{citizen 20}","[141 141 141 100]","""""","9.9","false","{breed social-friends}","0","""default""","""none""","0"
"{citizen 36}","{citizen 21}","[128 0 127 100]","""""","9.9","false","{breed social-friends}","0","""default""","""none""","0"
"{citizen 36}","{citizen 22}","[141 141 141 100]","""""","9.9","false","{breed social-friends}","0","""default""","""none""","0"
"{citizen 36}","{citizen 23}","[141 141 141 100]","""""","9.9","false","{breed social-friends}","0","""default""","""none""","0"
"{citizen 36}","{citizen 24}","[128 0 127 100]","""""","9.9","false","{breed social-friends}","0","""default""","""none""","0"
"{citizen 36}","{citizen 25}","[141 141 141 100]","""""","9.9","false","{breed social-friends}","0","""default""","""none""","0"
"{citizen 36}","{citizen 26}","[128 0 127 100]","""""","9.9","false","{breed social-friends}","0","""default""","""none""","0"
"{citizen 36}","{citizen 27}","[141 141 141 100]","""""","9.9","false","{breed social-friends}","0","""default""","""none""","0"
"{citizen 36}","{citizen 28}","[128 0 127 100]","""""","9.9","false","{breed social-friends}","0","""default""","""none""","0"
"{citizen 36}","{citizen 29}","[141 141 141 100]","""""","9.9","false","{breed social-friends}","0","""default""","""none""","0"
"{citizen 36}","{citizen 30}","[141 141 141 100]","""""","9.9","false","{breed social-friends}","0","""default""","""none""","0"
"{citizen 36}","{citizen 31}","[141 141 141 100]","""""","9.9","false","{breed social-friends}","0","""default""","""none""","0"
"{citizen 36}","{citizen 32}","[141 141 141 100]","""""","9.9","false","{breed social-friends}","0","""default""","""none""","0"
"{citizen 36}","{citizen 33}","[141 141 141 100]","""""","9.9","false","{breed social-friends}","0","""default""","""none""","0"
"{citizen 36}","{citizen 34}","[141 141 141 100]","""""","9.9","false","{breed social-friends}","0","""default""","""none""","0"
"{citizen 36}","{citizen 35}","[128 0 127 100]","""""","9.9","false","{breed social-friends}","0","""default""","""none""","0"
"{citizen 36}","{citizen 37}","[141 141 141 100]","""""","9.9","false","{breed social-friends}","0","""default""","""none""","0"
"{citizen 36}","{citizen 38}","[128 0 127 100]","""""","9.9","false","{breed social-friends}","0","""default""","""none""","0"
"{citizen 36}","{citizen 39}","[141 141 141 100]","""""","9.9","false","{breed social-friends}","0","""default""","""none""","0"
"{citizen 36}","{citizen 40}","[128 0 127 100]","""""","9.9","false","{breed social-friends}","0","""default""","""none""","0"
"{citizen 36}","{citizen 41}","[141 141 141 100]","""""","9.9","false","{breed social-friends}","0","""default""","""none""","0"
"{citizen 36}","{citizen 42}","[128 0 127 100]","""""","9.9","false","{breed social-friends}","0","""default""","""none""","0"
"{citizen 36}","{citizen 43}","[141 141 141 100]","""""","9.9","false","{breed social-friends}","0","""default""","""none""","0"
"{citizen 36}","{citizen 44}","[141 141 141 100]","""""","9.9","false","{breed social-friends}","0","""default""","""none""","0"
"{citizen 36}","{citizen 45}","[128 0 127 100]","""""","9.9","false","{breed social-friends}","0","""default""","""none""","0"
"{citizen 36}","{citizen 46}","[141 141 141 100]","""""","9.9","false","{breed social-friends}","0","""default""","""none""","0"
"{citizen 36}","{citizen 47}","[141 141 141 100]","""""","9.9","false","{breed social-friends}","0","""default""","""none""","0"
"{citizen 36}","{citizen 48}","[141 141 141 100]","""""","9.9","false","{breed social-friends}","0","""default""","""none""","0"
"{citizen 36}","{citizen 49}","[141 141 141 100]","""""","9.9","false","{breed social-friends}","0","""default""","""none""","0"
"{citizen 37}","{citizen 0}","[255 0 0 100]","""""","9.9","false","{breed social-friends}","0","""default""","""none""","0"
"{citizen 37}","{citizen 1}","[141 141 141 100]","""""","9.9","false","{breed social-friends}","0","""default""","""none""","0"
"{citizen 37}","{citizen 2}","[255 0 0 100]","""""","9.9","false","{breed social-friends}","0","""default""","""none""","0"
"{citizen 37}","{citizen 3}","[255 0 0 100]","""""","9.9","false","{breed social-friends}","0","""default""","""none""","0"
"{citizen 37}","{citizen 6}","[255 0 0 100]","""""","9.9","false","{breed social-friends}","0","""default""","""none""","0"
"{citizen 37}","{citizen 8}","[255 0 0 100]","""""","9.9","false","{breed social-friends}","0","""default""","""none""","0"
"{citizen 37}","{citizen 10}","[255 0 0 100]","""""","9.9","false","{breed social-friends}","0","""default""","""none""","0"
"{citizen 37}","{citizen 11}","[141 141 141 100]","""""","9.9","false","{breed social-friends}","0","""default""","""none""","0"
"{citizen 37}","{citizen 12}","[255 0 0 100]","""""","9.9","false","{breed social-friends}","0","""default""","""none""","0"
"{citizen 37}","{citizen 13}","[141 141 141 100]","""""","9.9","false","{breed social-friends}","0","""default""","""none""","0"
"{citizen 37}","{citizen 15}","[255 0 0 100]","""""","9.9","false","{breed social-friends}","0","""default""","""none""","0"
"{citizen 37}","{citizen 17}","[255 0 0 100]","""""","9.9","false","{breed social-friends}","0","""default""","""none""","0"
"{citizen 37}","{citizen 19}","[255 0 0 100]","""""","9.9","false","{breed social-friends}","0","""default""","""none""","0"
"{citizen 37}","{citizen 20}","[255 0 0 100]","""""","9.9","false","{breed social-friends}","0","""default""","""none""","0"
"{citizen 37}","{citizen 23}","[255 0 0 100]","""""","9.9","false","{breed social-friends}","0","""default""","""none""","0"
"{citizen 37}","{citizen 25}","[255 0 0 100]","""""","9.9","false","{breed social-friends}","0","""default""","""none""","0"
"{citizen 37}","{citizen 27}","[255 0 0 100]","""""","9.9","false","{breed social-friends}","0","""default""","""none""","0"
"{citizen 37}","{citizen 29}","[255 0 0 100]","""""","9.9","false","{breed social-friends}","0","""default""","""none""","0"
"{citizen 37}","{citizen 30}","[255 0 0 100]","""""","9.9","false","{breed social-friends}","0","""default""","""none""","0"
"{citizen 37}","{citizen 31}","[255 0 0 100]","""""","9.9","false","{breed social-friends}","0","""default""","""none""","0"
"{citizen 37}","{citizen 33}","[255 0 0 100]","""""","9.9","false","{breed social-friends}","0","""default""","""none""","0"
"{citizen 37}","{citizen 34}","[255 0 0 100]","""""","9.9","false","{breed social-friends}","0","""default""","""none""","0"
"{citizen 37}","{citizen 36}","[141 141 141 100]","""""","9.9","false","{breed social-friends}","0","""default""","""none""","0"
"{citizen 37}","{citizen 38}","[141 141 141 100]","""""","9.9","false","{breed social-friends}","0","""default""","""none""","0"
"{citizen 37}","{citizen 39}","[255 0 0 100]","""""","9.9","false","{breed social-friends}","0","""default""","""none""","0"
"{citizen 37}","{citizen 42}","[141 141 141 100]","""""","9.9","false","{breed social-friends}","0","""default""","""none""","0"
"{citizen 37}","{citizen 43}","[255 0 0 100]","""""","9.9","false","{breed social-friends}","0","""default""","""none""","0"
"{citizen 37}","{citizen 45}","[141 141 141 100]","""""","9.9","false","{breed social-friends}","0","""default""","""none""","0"
"{citizen 37}","{citizen 46}","[255 0 0 100]","""""","9.9","false","{breed social-friends}","0","""default""","""none""","0"
"{citizen 37}","{citizen 47}","[255 0 0 100]","""""","9.9","false","{breed social-friends}","0","""default""","""none""","0"
"{citizen 37}","{citizen 48}","[255 0 0 100]","""""","9.9","false","{breed social-friends}","0","""default""","""none""","0"
"{citizen 37}","{citizen 49}","[255 0 0 100]","""""","9.9","false","{breed social-friends}","0","""default""","""none""","0"
"{citizen 38}","{citizen 1}","[128 0 127 100]","""""","9.9","false","{breed social-friends}","0","""default""","""none""","0"
"{citizen 38}","{citizen 2}","[141 141 141 100]","""""","9.9","false","{breed social-friends}","0","""default""","""none""","0"
"{citizen 38}","{citizen 3}","[141 141 141 100]","""""","9.9","false","{breed social-friends}","0","""default""","""none""","0"
"{citizen 38}","{citizen 4}","[141 141 141 100]","""""","9.9","false","{breed social-friends}","0","""default""","""none""","0"
"{citizen 38}","{citizen 5}","[141 141 141 100]","""""","9.9","false","{breed social-friends}","0","""default""","""none""","0"
"{citizen 38}","{citizen 6}","[141 141 141 100]","""""","9.9","false","{breed social-friends}","0","""default""","""none""","0"
"{citizen 38}","{citizen 7}","[141 141 141 100]","""""","9.9","false","{breed social-friends}","0","""default""","""none""","0"
"{citizen 38}","{citizen 8}","[141 141 141 100]","""""","9.9","false","{breed social-friends}","0","""default""","""none""","0"
"{citizen 38}","{citizen 9}","[128 0 127 100]","""""","9.9","false","{breed social-friends}","0","""default""","""none""","0"
"{citizen 38}","{citizen 11}","[128 0 127 100]","""""","9.9","false","{breed social-friends}","0","""default""","""none""","0"
"{citizen 38}","{citizen 13}","[128 0 127 100]","""""","9.9","false","{breed social-friends}","0","""default""","""none""","0"
"{citizen 38}","{citizen 14}","[128 0 127 100]","""""","9.9","false","{breed social-friends}","0","""default""","""none""","0"
"{citizen 38}","{citizen 15}","[141 141 141 100]","""""","9.9","false","{breed social-friends}","0","""default""","""none""","0"
"{citizen 38}","{citizen 16}","[128 0 127 100]","""""","9.9","false","{breed social-friends}","0","""default""","""none""","0"
"{citizen 38}","{citizen 17}","[141 141 141 100]","""""","9.9","false","{breed social-friends}","0","""default""","""none""","0"
"{citizen 38}","{citizen 18}","[141 141 141 100]","""""","9.9","false","{breed social-friends}","0","""default""","""none""","0"
"{citizen 38}","{citizen 19}","[141 141 141 100]","""""","9.9","false","{breed social-friends}","0","""default""","""none""","0"
"{citizen 38}","{citizen 20}","[141 141 141 100]","""""","9.9","false","{breed social-friends}","0","""default""","""none""","0"
"{citizen 38}","{citizen 21}","[128 0 127 100]","""""","9.9","false","{breed social-friends}","0","""default""","""none""","0"
"{citizen 38}","{citizen 22}","[141 141 141 100]","""""","9.9","false","{breed social-friends}","0","""default""","""none""","0"
"{citizen 38}","{citizen 23}","[141 141 141 100]","""""","9.9","false","{breed social-friends}","0","""default""","""none""","0"
"{citizen 38}","{citizen 24}","[128 0 127 100]","""""","9.9","false","{breed social-friends}","0","""default""","""none""","0"
"{citizen 38}","{citizen 25}","[141 141 141 100]","""""","9.9","false","{breed social-friends}","0","""default""","""none""","0"
"{citizen 38}","{citizen 26}","[128 0 127 100]","""""","9.9","false","{breed social-friends}","0","""default""","""none""","0"
"{citizen 38}","{citizen 27}","[141 141 141 100]","""""","9.9","false","{breed social-friends}","0","""default""","""none""","0"
"{citizen 38}","{citizen 28}","[128 0 127 100]","""""","9.9","false","{breed social-friends}","0","""default""","""none""","0"
"{citizen 38}","{citizen 31}","[141 141 141 100]","""""","9.9","false","{breed social-friends}","0","""default""","""none""","0"
"{citizen 38}","{citizen 32}","[141 141 141 100]","""""","9.9","false","{breed social-friends}","0","""default""","""none""","0"
"{citizen 38}","{citizen 33}","[141 141 141 100]","""""","9.9","false","{breed social-friends}","0","""default""","""none""","0"
"{citizen 38}","{citizen 34}","[141 141 141 100]","""""","9.9","false","{breed social-friends}","0","""default""","""none""","0"
"{citizen 38}","{citizen 35}","[128 0 127 100]","""""","9.9","false","{breed social-friends}","0","""default""","""none""","0"
"{citizen 38}","{citizen 36}","[128 0 127 100]","""""","9.9","false","{breed social-friends}","0","""default""","""none""","0"
"{citizen 38}","{citizen 37}","[141 141 141 100]","""""","9.9","false","{breed social-friends}","0","""default""","""none""","0"
"{citizen 38}","{citizen 39}","[141 141 141 100]","""""","9.9","false","{breed social-friends}","0","""default""","""none""","0"
"{citizen 38}","{citizen 40}","[128 0 127 100]","""""","9.9","false","{breed social-friends}","0","""default""","""none""","0"
"{citizen 38}","{citizen 41}","[141 141 141 100]","""""","9.9","false","{breed social-friends}","0","""default""","""none""","0"
"{citizen 38}","{citizen 42}","[128 0 127 100]","""""","9.9","false","{breed social-friends}","0","""default""","""none""","0"
"{citizen 38}","{citizen 43}","[141 141 141 100]","""""","9.9","false","{breed social-friends}","0","""default""","""none""","0"
"{citizen 38}","{citizen 44}","[141 141 141 100]","""""","9.9","false","{breed social-friends}","0","""default""","""none""","0"
"{citizen 38}","{citizen 45}","[128 0 127 100]","""""","9.9","false","{breed social-friends}","0","""default""","""none""","0"
"{citizen 38}","{citizen 46}","[141 141 141 100]","""""","9.9","false","{breed social-friends}","0","""default""","""none""","0"
"{citizen 38}","{citizen 49}","[141 141 141 100]","""""","9.9","false","{breed social-friends}","0","""default""","""none""","0"
"{citizen 39}","{citizen 0}","[255 0 0 100]","""""","9.9","false","{breed social-friends}","0","""default""","""none""","0"
"{citizen 39}","{citizen 1}","[141 141 141 100]","""""","9.9","false","{breed social-friends}","0","""default""","""none""","0"
"{citizen 39}","{citizen 2}","[255 0 0 100]","""""","9.9","false","{breed social-friends}","0","""default""","""none""","0"
"{citizen 39}","{citizen 3}","[255 0 0 100]","""""","9.9","false","{breed social-friends}","0","""default""","""none""","0"
"{citizen 39}","{citizen 6}","[255 0 0 100]","""""","9.9","false","{breed social-friends}","0","""default""","""none""","0"
"{citizen 39}","{citizen 8}","[255 0 0 100]","""""","9.9","false","{breed social-friends}","0","""default""","""none""","0"
"{citizen 39}","{citizen 9}","[141 141 141 100]","""""","9.9","false","{breed social-friends}","0","""default""","""none""","0"
"{citizen 39}","{citizen 10}","[255 0 0 100]","""""","9.9","false","{breed social-friends}","0","""default""","""none""","0"
"{citizen 39}","{citizen 11}","[141 141 141 100]","""""","9.9","false","{breed social-friends}","0","""default""","""none""","0"
"{citizen 39}","{citizen 12}","[255 0 0 100]","""""","9.9","false","{breed social-friends}","0","""default""","""none""","0"
"{citizen 39}","{citizen 13}","[141 141 141 100]","""""","9.9","false","{breed social-friends}","0","""default""","""none""","0"
"{citizen 39}","{citizen 14}","[141 141 141 100]","""""","9.9","false","{breed social-friends}","0","""default""","""none""","0"
"{citizen 39}","{citizen 15}","[255 0 0 100]","""""","9.9","false","{breed social-friends}","0","""default""","""none""","0"
"{citizen 39}","{citizen 16}","[141 141 141 100]","""""","9.9","false","{breed social-friends}","0","""default""","""none""","0"
"{citizen 39}","{citizen 17}","[255 0 0 100]","""""","9.9","false","{breed social-friends}","0","""default""","""none""","0"
"{citizen 39}","{citizen 19}","[255 0 0 100]","""""","9.9","false","{breed social-friends}","0","""default""","""none""","0"
"{citizen 39}","{citizen 20}","[255 0 0 100]","""""","9.9","false","{breed social-friends}","0","""default""","""none""","0"
"{citizen 39}","{citizen 21}","[141 141 141 100]","""""","9.9","false","{breed social-friends}","0","""default""","""none""","0"
"{citizen 39}","{citizen 22}","[141 141 141 100]","""""","9.9","false","{breed social-friends}","0","""default""","""none""","0"
"{citizen 39}","{citizen 23}","[255 0 0 100]","""""","9.9","false","{breed social-friends}","0","""default""","""none""","0"
"{citizen 39}","{citizen 24}","[141 141 141 100]","""""","9.9","false","{breed social-friends}","0","""default""","""none""","0"
"{citizen 39}","{citizen 25}","[255 0 0 100]","""""","9.9","false","{breed social-friends}","0","""default""","""none""","0"
"{citizen 39}","{citizen 26}","[141 141 141 100]","""""","9.9","false","{breed social-friends}","0","""default""","""none""","0"
"{citizen 39}","{citizen 27}","[255 0 0 100]","""""","9.9","false","{breed social-friends}","0","""default""","""none""","0"
"{citizen 39}","{citizen 28}","[141 141 141 100]","""""","9.9","false","{breed social-friends}","0","""default""","""none""","0"
"{citizen 39}","{citizen 29}","[255 0 0 100]","""""","9.9","false","{breed social-friends}","0","""default""","""none""","0"
"{citizen 39}","{citizen 30}","[255 0 0 100]","""""","9.9","false","{breed social-friends}","0","""default""","""none""","0"
"{citizen 39}","{citizen 31}","[255 0 0 100]","""""","9.9","false","{breed social-friends}","0","""default""","""none""","0"
"{citizen 39}","{citizen 33}","[255 0 0 100]","""""","9.9","false","{breed social-friends}","0","""default""","""none""","0"
"{citizen 39}","{citizen 34}","[255 0 0 100]","""""","9.9","false","{breed social-friends}","0","""default""","""none""","0"
"{citizen 39}","{citizen 35}","[141 141 141 100]","""""","9.9","false","{breed social-friends}","0","""default""","""none""","0"
"{citizen 39}","{citizen 36}","[141 141 141 100]","""""","9.9","false","{breed social-friends}","0","""default""","""none""","0"
"{citizen 39}","{citizen 37}","[255 0 0 100]","""""","9.9","false","{breed social-friends}","0","""default""","""none""","0"
"{citizen 39}","{citizen 38}","[141 141 141 100]","""""","9.9","false","{breed social-friends}","0","""default""","""none""","0"
"{citizen 39}","{citizen 40}","[141 141 141 100]","""""","9.9","false","{breed social-friends}","0","""default""","""none""","0"
"{citizen 39}","{citizen 42}","[141 141 141 100]","""""","9.9","false","{breed social-friends}","0","""default""","""none""","0"
"{citizen 39}","{citizen 43}","[255 0 0 100]","""""","9.9","false","{breed social-friends}","0","""default""","""none""","0"
"{citizen 39}","{citizen 45}","[141 141 141 100]","""""","9.9","false","{breed social-friends}","0","""default""","""none""","0"
"{citizen 39}","{citizen 46}","[255 0 0 100]","""""","9.9","false","{breed social-friends}","0","""default""","""none""","0"
"{citizen 39}","{citizen 47}","[255 0 0 100]","""""","9.9","false","{breed social-friends}","0","""default""","""none""","0"
"{citizen 39}","{citizen 48}","[255 0 0 100]","""""","9.9","false","{breed social-friends}","0","""default""","""none""","0"
"{citizen 39}","{citizen 49}","[255 0 0 100]","""""","9.9","false","{breed social-friends}","0","""default""","""none""","0"
"{citizen 40}","{citizen 1}","[128 0 127 100]","""""","9.9","false","{breed social-friends}","0","""default""","""none""","0"
"{citizen 40}","{citizen 2}","[141 141 141 100]","""""","9.9","false","{breed social-friends}","0","""default""","""none""","0"
"{citizen 40}","{citizen 3}","[141 141 141 100]","""""","9.9","false","{breed social-friends}","0","""default""","""none""","0"
"{citizen 40}","{citizen 4}","[141 141 141 100]","""""","9.9","false","{breed social-friends}","0","""default""","""none""","0"
"{citizen 40}","{citizen 5}","[141 141 141 100]","""""","9.9","false","{breed social-friends}","0","""default""","""none""","0"
"{citizen 40}","{citizen 6}","[141 141 141 100]","""""","9.9","false","{breed social-friends}","0","""default""","""none""","0"
"{citizen 40}","{citizen 7}","[141 141 141 100]","""""","9.9","false","{breed social-friends}","0","""default""","""none""","0"
"{citizen 40}","{citizen 9}","[128 0 127 100]","""""","9.9","false","{breed social-friends}","0","""default""","""none""","0"
"{citizen 40}","{citizen 10}","[141 141 141 100]","""""","9.9","false","{breed social-friends}","0","""default""","""none""","0"
"{citizen 40}","{citizen 11}","[128 0 127 100]","""""","9.9","false","{breed social-friends}","0","""default""","""none""","0"
"{citizen 40}","{citizen 12}","[141 141 141 100]","""""","9.9","false","{breed social-friends}","0","""default""","""none""","0"
"{citizen 40}","{citizen 13}","[128 0 127 100]","""""","9.9","false","{breed social-friends}","0","""default""","""none""","0"
"{citizen 40}","{citizen 14}","[128 0 127 100]","""""","9.9","false","{breed social-friends}","0","""default""","""none""","0"
"{citizen 40}","{citizen 15}","[141 141 141 100]","""""","9.9","false","{breed social-friends}","0","""default""","""none""","0"
"{citizen 40}","{citizen 16}","[128 0 127 100]","""""","9.9","false","{breed social-friends}","0","""default""","""none""","0"
"{citizen 40}","{citizen 17}","[141 141 141 100]","""""","9.9","false","{breed social-friends}","0","""default""","""none""","0"
"{citizen 40}","{citizen 18}","[141 141 141 100]","""""","9.9","false","{breed social-friends}","0","""default""","""none""","0"
"{citizen 40}","{citizen 19}","[141 141 141 100]","""""","9.9","false","{breed social-friends}","0","""default""","""none""","0"
"{citizen 40}","{citizen 20}","[141 141 141 100]","""""","9.9","false","{breed social-friends}","0","""default""","""none""","0"
"{citizen 40}","{citizen 21}","[128 0 127 100]","""""","9.9","false","{breed social-friends}","0","""default""","""none""","0"
"{citizen 40}","{citizen 22}","[141 141 141 100]","""""","9.9","false","{breed social-friends}","0","""default""","""none""","0"
"{citizen 40}","{citizen 23}","[141 141 141 100]","""""","9.9","false","{breed social-friends}","0","""default""","""none""","0"
"{citizen 40}","{citizen 24}","[128 0 127 100]","""""","9.9","false","{breed social-friends}","0","""default""","""none""","0"
"{citizen 40}","{citizen 25}","[141 141 141 100]","""""","9.9","false","{breed social-friends}","0","""default""","""none""","0"
"{citizen 40}","{citizen 26}","[128 0 127 100]","""""","9.9","false","{breed social-friends}","0","""default""","""none""","0"
"{citizen 40}","{citizen 27}","[141 141 141 100]","""""","9.9","false","{breed social-friends}","0","""default""","""none""","0"
"{citizen 40}","{citizen 28}","[128 0 127 100]","""""","9.9","false","{breed social-friends}","0","""default""","""none""","0"
"{citizen 40}","{citizen 29}","[141 141 141 100]","""""","9.9","false","{breed social-friends}","0","""default""","""none""","0"
"{citizen 40}","{citizen 31}","[141 141 141 100]","""""","9.9","false","{breed social-friends}","0","""default""","""none""","0"
"{citizen 40}","{citizen 32}","[141 141 141 100]","""""","9.9","false","{breed social-friends}","0","""default""","""none""","0"
"{citizen 40}","{citizen 33}","[141 141 141 100]","""""","9.9","false","{breed social-friends}","0","""default""","""none""","0"
"{citizen 40}","{citizen 35}","[128 0 127 100]","""""","9.9","false","{breed social-friends}","0","""default""","""none""","0"
"{citizen 40}","{citizen 36}","[128 0 127 100]","""""","9.9","false","{breed social-friends}","0","""default""","""none""","0"
"{citizen 40}","{citizen 38}","[128 0 127 100]","""""","9.9","false","{breed social-friends}","0","""default""","""none""","0"
"{citizen 40}","{citizen 39}","[141 141 141 100]","""""","9.9","false","{breed social-friends}","0","""default""","""none""","0"
"{citizen 40}","{citizen 41}","[141 141 141 100]","""""","9.9","false","{breed social-friends}","0","""default""","""none""","0"
"{citizen 40}","{citizen 42}","[128 0 127 100]","""""","9.9","false","{breed social-friends}","0","""default""","""none""","0"
"{citizen 40}","{citizen 43}","[141 141 141 100]","""""","9.9","false","{breed social-friends}","0","""default""","""none""","0"
"{citizen 40}","{citizen 44}","[141 141 141 100]","""""","9.9","false","{breed social-friends}","0","""default""","""none""","0"
"{citizen 40}","{citizen 45}","[128 0 127 100]","""""","9.9","false","{breed social-friends}","0","""default""","""none""","0"
"{citizen 40}","{citizen 46}","[141 141 141 100]","""""","9.9","false","{breed social-friends}","0","""default""","""none""","0"
"{citizen 40}","{citizen 47}","[141 141 141 100]","""""","9.9","false","{breed social-friends}","0","""default""","""none""","0"
"{citizen 40}","{citizen 48}","[141 141 141 100]","""""","9.9","false","{breed social-friends}","0","""default""","""none""","0"
"{citizen 40}","{citizen 49}","[141 141 141 100]","""""","9.9","false","{breed social-friends}","0","""default""","""none""","0"
"{citizen 41}","{citizen 1}","[141 141 141 100]","""""","9.9","false","{breed social-friends}","0","""default""","""none""","0"
"{citizen 41}","{citizen 4}","[43 0 212 100]","""""","9.9","false","{breed social-friends}","0","""default""","""none""","0"
"{citizen 41}","{citizen 5}","[43 0 212 100]","""""","9.9","false","{breed social-friends}","0","""default""","""none""","0"
"{citizen 41}","{citizen 7}","[43 0 212 100]","""""","9.9","false","{breed social-friends}","0","""default""","""none""","0"
"{citizen 41}","{citizen 9}","[141 141 141 100]","""""","9.9","false","{breed social-friends}","0","""default""","""none""","0"
"{citizen 41}","{citizen 11}","[141 141 141 100]","""""","9.9","false","{breed social-friends}","0","""default""","""none""","0"
"{citizen 41}","{citizen 13}","[141 141 141 100]","""""","9.9","false","{breed social-friends}","0","""default""","""none""","0"
"{citizen 41}","{citizen 14}","[141 141 141 100]","""""","9.9","false","{breed social-friends}","0","""default""","""none""","0"
"{citizen 41}","{citizen 16}","[141 141 141 100]","""""","9.9","false","{breed social-friends}","0","""default""","""none""","0"
"{citizen 41}","{citizen 18}","[43 0 212 100]","""""","9.9","false","{breed social-friends}","0","""default""","""none""","0"
"{citizen 41}","{citizen 21}","[141 141 141 100]","""""","9.9","false","{breed social-friends}","0","""default""","""none""","0"
"{citizen 41}","{citizen 22}","[43 0 212 100]","""""","9.9","false","{breed social-friends}","0","""default""","""none""","0"
"{citizen 41}","{citizen 24}","[141 141 141 100]","""""","9.9","false","{breed social-friends}","0","""default""","""none""","0"
"{citizen 41}","{citizen 26}","[141 141 141 100]","""""","9.9","false","{breed social-friends}","0","""default""","""none""","0"
"{citizen 41}","{citizen 28}","[141 141 141 100]","""""","9.9","false","{breed social-friends}","0","""default""","""none""","0"
"{citizen 41}","{citizen 32}","[43 0 212 100]","""""","9.9","false","{breed social-friends}","0","""default""","""none""","0"
"{citizen 41}","{citizen 35}","[141 141 141 100]","""""","9.9","false","{breed social-friends}","0","""default""","""none""","0"
"{citizen 41}","{citizen 36}","[141 141 141 100]","""""","9.9","false","{breed social-friends}","0","""default""","""none""","0"
"{citizen 41}","{citizen 38}","[141 141 141 100]","""""","9.9","false","{breed social-friends}","0","""default""","""none""","0"
"{citizen 41}","{citizen 40}","[141 141 141 100]","""""","9.9","false","{breed social-friends}","0","""default""","""none""","0"
"{citizen 41}","{citizen 42}","[141 141 141 100]","""""","9.9","false","{breed social-friends}","0","""default""","""none""","0"
"{citizen 41}","{citizen 44}","[43 0 212 100]","""""","9.9","false","{breed social-friends}","0","""default""","""none""","0"
"{citizen 41}","{citizen 45}","[141 141 141 100]","""""","9.9","false","{breed social-friends}","0","""default""","""none""","0"
"{citizen 42}","{citizen 0}","[141 141 141 100]","""""","9.9","false","{breed social-friends}","0","""default""","""none""","0"
"{citizen 42}","{citizen 1}","[128 0 127 100]","""""","9.9","false","{breed social-friends}","0","""default""","""none""","0"
"{citizen 42}","{citizen 2}","[141 141 141 100]","""""","9.9","false","{breed social-friends}","0","""default""","""none""","0"
"{citizen 42}","{citizen 3}","[141 141 141 100]","""""","9.9","false","{breed social-friends}","0","""default""","""none""","0"
"{citizen 42}","{citizen 4}","[141 141 141 100]","""""","9.9","false","{breed social-friends}","0","""default""","""none""","0"
"{citizen 42}","{citizen 5}","[141 141 141 100]","""""","9.9","false","{breed social-friends}","0","""default""","""none""","0"
"{citizen 42}","{citizen 6}","[141 141 141 100]","""""","9.9","false","{breed social-friends}","0","""default""","""none""","0"
"{citizen 42}","{citizen 7}","[141 141 141 100]","""""","9.9","false","{breed social-friends}","0","""default""","""none""","0"
"{citizen 42}","{citizen 8}","[141 141 141 100]","""""","9.9","false","{breed social-friends}","0","""default""","""none""","0"
"{citizen 42}","{citizen 9}","[128 0 127 100]","""""","9.9","false","{breed social-friends}","0","""default""","""none""","0"
"{citizen 42}","{citizen 11}","[128 0 127 100]","""""","9.9","false","{breed social-friends}","0","""default""","""none""","0"
"{citizen 42}","{citizen 12}","[141 141 141 100]","""""","9.9","false","{breed social-friends}","0","""default""","""none""","0"
"{citizen 42}","{citizen 13}","[128 0 127 100]","""""","9.9","false","{breed social-friends}","0","""default""","""none""","0"
"{citizen 42}","{citizen 14}","[128 0 127 100]","""""","9.9","false","{breed social-friends}","0","""default""","""none""","0"
"{citizen 42}","{citizen 15}","[141 141 141 100]","""""","9.9","false","{breed social-friends}","0","""default""","""none""","0"
"{citizen 42}","{citizen 16}","[128 0 127 100]","""""","9.9","false","{breed social-friends}","0","""default""","""none""","0"
"{citizen 42}","{citizen 17}","[141 141 141 100]","""""","9.9","false","{breed social-friends}","0","""default""","""none""","0"
"{citizen 42}","{citizen 18}","[141 141 141 100]","""""","9.9","false","{breed social-friends}","0","""default""","""none""","0"
"{citizen 42}","{citizen 19}","[141 141 141 100]","""""","9.9","false","{breed social-friends}","0","""default""","""none""","0"
"{citizen 42}","{citizen 20}","[141 141 141 100]","""""","9.9","false","{breed social-friends}","0","""default""","""none""","0"
"{citizen 42}","{citizen 21}","[128 0 127 100]","""""","9.9","false","{breed social-friends}","0","""default""","""none""","0"
"{citizen 42}","{citizen 22}","[141 141 141 100]","""""","9.9","false","{breed social-friends}","0","""default""","""none""","0"
"{citizen 42}","{citizen 23}","[141 141 141 100]","""""","9.9","false","{breed social-friends}","0","""default""","""none""","0"
"{citizen 42}","{citizen 24}","[128 0 127 100]","""""","9.9","false","{breed social-friends}","0","""default""","""none""","0"
"{citizen 42}","{citizen 25}","[141 141 141 100]","""""","9.9","false","{breed social-friends}","0","""default""","""none""","0"
"{citizen 42}","{citizen 26}","[128 0 127 100]","""""","9.9","false","{breed social-friends}","0","""default""","""none""","0"
"{citizen 42}","{citizen 27}","[141 141 141 100]","""""","9.9","false","{breed social-friends}","0","""default""","""none""","0"
"{citizen 42}","{citizen 28}","[128 0 127 100]","""""","9.9","false","{breed social-friends}","0","""default""","""none""","0"
"{citizen 42}","{citizen 29}","[141 141 141 100]","""""","9.9","false","{breed social-friends}","0","""default""","""none""","0"
"{citizen 42}","{citizen 30}","[141 141 141 100]","""""","9.9","false","{breed social-friends}","0","""default""","""none""","0"
"{citizen 42}","{citizen 31}","[141 141 141 100]","""""","9.9","false","{breed social-friends}","0","""default""","""none""","0"
"{citizen 42}","{citizen 32}","[141 141 141 100]","""""","9.9","false","{breed social-friends}","0","""default""","""none""","0"
"{citizen 42}","{citizen 33}","[141 141 141 100]","""""","9.9","false","{breed social-friends}","0","""default""","""none""","0"
"{citizen 42}","{citizen 34}","[141 141 141 100]","""""","9.9","false","{breed social-friends}","0","""default""","""none""","0"
"{citizen 42}","{citizen 35}","[128 0 127 100]","""""","9.9","false","{breed social-friends}","0","""default""","""none""","0"
"{citizen 42}","{citizen 36}","[128 0 127 100]","""""","9.9","false","{breed social-friends}","0","""default""","""none""","0"
"{citizen 42}","{citizen 37}","[141 141 141 100]","""""","9.9","false","{breed social-friends}","0","""default""","""none""","0"
"{citizen 42}","{citizen 38}","[128 0 127 100]","""""","9.9","false","{breed social-friends}","0","""default""","""none""","0"
"{citizen 42}","{citizen 39}","[141 141 141 100]","""""","9.9","false","{breed social-friends}","0","""default""","""none""","0"
"{citizen 42}","{citizen 40}","[128 0 127 100]","""""","9.9","false","{breed social-friends}","0","""default""","""none""","0"
"{citizen 42}","{citizen 41}","[141 141 141 100]","""""","9.9","false","{breed social-friends}","0","""default""","""none""","0"
"{citizen 42}","{citizen 43}","[141 141 141 100]","""""","9.9","false","{breed social-friends}","0","""default""","""none""","0"
"{citizen 42}","{citizen 44}","[141 141 141 100]","""""","9.9","false","{breed social-friends}","0","""default""","""none""","0"
"{citizen 42}","{citizen 45}","[128 0 127 100]","""""","9.9","false","{breed social-friends}","0","""default""","""none""","0"
"{citizen 42}","{citizen 46}","[141 141 141 100]","""""","9.9","false","{breed social-friends}","0","""default""","""none""","0"
"{citizen 42}","{citizen 47}","[141 141 141 100]","""""","9.9","false","{breed social-friends}","0","""default""","""none""","0"
"{citizen 42}","{citizen 48}","[141 141 141 100]","""""","9.9","false","{breed social-friends}","0","""default""","""none""","0"
"{citizen 42}","{citizen 49}","[141 141 141 100]","""""","9.9","false","{breed social-friends}","0","""default""","""none""","0"
"{citizen 43}","{citizen 0}","[255 0 0 100]","""""","9.9","false","{breed social-friends}","0","""default""","""none""","0"
"{citizen 43}","{citizen 1}","[141 141 141 100]","""""","9.9","false","{breed social-friends}","0","""default""","""none""","0"
"{citizen 43}","{citizen 2}","[255 0 0 100]","""""","9.9","false","{breed social-friends}","0","""default""","""none""","0"
"{citizen 43}","{citizen 3}","[255 0 0 100]","""""","9.9","false","{breed social-friends}","0","""default""","""none""","0"
"{citizen 43}","{citizen 5}","[141 141 141 100]","""""","9.9","false","{breed social-friends}","0","""default""","""none""","0"
"{citizen 43}","{citizen 6}","[255 0 0 100]","""""","9.9","false","{breed social-friends}","0","""default""","""none""","0"
"{citizen 43}","{citizen 8}","[255 0 0 100]","""""","9.9","false","{breed social-friends}","0","""default""","""none""","0"
"{citizen 43}","{citizen 9}","[141 141 141 100]","""""","9.9","false","{breed social-friends}","0","""default""","""none""","0"
"{citizen 43}","{citizen 10}","[255 0 0 100]","""""","9.9","false","{breed social-friends}","0","""default""","""none""","0"
"{citizen 43}","{citizen 11}","[141 141 141 100]","""""","9.9","false","{breed social-friends}","0","""default""","""none""","0"
"{citizen 43}","{citizen 12}","[255 0 0 100]","""""","9.9","false","{breed social-friends}","0","""default""","""none""","0"
"{citizen 43}","{citizen 13}","[141 141 141 100]","""""","9.9","false","{breed social-friends}","0","""default""","""none""","0"
"{citizen 43}","{citizen 15}","[255 0 0 100]","""""","9.9","false","{breed social-friends}","0","""default""","""none""","0"
"{citizen 43}","{citizen 16}","[141 141 141 100]","""""","9.9","false","{breed social-friends}","0","""default""","""none""","0"
"{citizen 43}","{citizen 17}","[255 0 0 100]","""""","9.9","false","{breed social-friends}","0","""default""","""none""","0"
"{citizen 43}","{citizen 19}","[255 0 0 100]","""""","9.9","false","{breed social-friends}","0","""default""","""none""","0"
"{citizen 43}","{citizen 20}","[255 0 0 100]","""""","9.9","false","{breed social-friends}","0","""default""","""none""","0"
"{citizen 43}","{citizen 22}","[141 141 141 100]","""""","9.9","false","{breed social-friends}","0","""default""","""none""","0"
"{citizen 43}","{citizen 23}","[255 0 0 100]","""""","9.9","false","{breed social-friends}","0","""default""","""none""","0"
"{citizen 43}","{citizen 24}","[141 141 141 100]","""""","9.9","false","{breed social-friends}","0","""default""","""none""","0"
"{citizen 43}","{citizen 25}","[255 0 0 100]","""""","9.9","false","{breed social-friends}","0","""default""","""none""","0"
"{citizen 43}","{citizen 27}","[255 0 0 100]","""""","9.9","false","{breed social-friends}","0","""default""","""none""","0"
"{citizen 43}","{citizen 29}","[255 0 0 100]","""""","9.9","false","{breed social-friends}","0","""default""","""none""","0"
"{citizen 43}","{citizen 30}","[255 0 0 100]","""""","9.9","false","{breed social-friends}","0","""default""","""none""","0"
"{citizen 43}","{citizen 31}","[255 0 0 100]","""""","9.9","false","{breed social-friends}","0","""default""","""none""","0"
"{citizen 43}","{citizen 33}","[255 0 0 100]","""""","9.9","false","{breed social-friends}","0","""default""","""none""","0"
"{citizen 43}","{citizen 34}","[255 0 0 100]","""""","9.9","false","{breed social-friends}","0","""default""","""none""","0"
"{citizen 43}","{citizen 36}","[141 141 141 100]","""""","9.9","false","{breed social-friends}","0","""default""","""none""","0"
"{citizen 43}","{citizen 37}","[255 0 0 100]","""""","9.9","false","{breed social-friends}","0","""default""","""none""","0"
"{citizen 43}","{citizen 38}","[141 141 141 100]","""""","9.9","false","{breed social-friends}","0","""default""","""none""","0"
"{citizen 43}","{citizen 39}","[255 0 0 100]","""""","9.9","false","{breed social-friends}","0","""default""","""none""","0"
"{citizen 43}","{citizen 40}","[141 141 141 100]","""""","9.9","false","{breed social-friends}","0","""default""","""none""","0"
"{citizen 43}","{citizen 42}","[141 141 141 100]","""""","9.9","false","{breed social-friends}","0","""default""","""none""","0"
"{citizen 43}","{citizen 45}","[141 141 141 100]","""""","9.9","false","{breed social-friends}","0","""default""","""none""","0"
"{citizen 43}","{citizen 46}","[255 0 0 100]","""""","9.9","false","{breed social-friends}","0","""default""","""none""","0"
"{citizen 43}","{citizen 47}","[255 0 0 100]","""""","9.9","false","{breed social-friends}","0","""default""","""none""","0"
"{citizen 43}","{citizen 48}","[255 0 0 100]","""""","9.9","false","{breed social-friends}","0","""default""","""none""","0"
"{citizen 43}","{citizen 49}","[255 0 0 100]","""""","9.9","false","{breed social-friends}","0","""default""","""none""","0"
"{citizen 44}","{citizen 1}","[141 141 141 100]","""""","9.9","false","{breed social-friends}","0","""default""","""none""","0"
"{citizen 44}","{citizen 4}","[43 0 212 100]","""""","9.9","false","{breed social-friends}","0","""default""","""none""","0"
"{citizen 44}","{citizen 5}","[43 0 212 100]","""""","9.9","false","{breed social-friends}","0","""default""","""none""","0"
"{citizen 44}","{citizen 7}","[43 0 212 100]","""""","9.9","false","{breed social-friends}","0","""default""","""none""","0"
"{citizen 44}","{citizen 8}","[141 141 141 100]","""""","9.9","false","{breed social-friends}","0","""default""","""none""","0"
"{citizen 44}","{citizen 9}","[141 141 141 100]","""""","9.9","false","{breed social-friends}","0","""default""","""none""","0"
"{citizen 44}","{citizen 11}","[141 141 141 100]","""""","9.9","false","{breed social-friends}","0","""default""","""none""","0"
"{citizen 44}","{citizen 13}","[141 141 141 100]","""""","9.9","false","{breed social-friends}","0","""default""","""none""","0"
"{citizen 44}","{citizen 14}","[141 141 141 100]","""""","9.9","false","{breed social-friends}","0","""default""","""none""","0"
"{citizen 44}","{citizen 16}","[141 141 141 100]","""""","9.9","false","{breed social-friends}","0","""default""","""none""","0"
"{citizen 44}","{citizen 18}","[43 0 212 100]","""""","9.9","false","{breed social-friends}","0","""default""","""none""","0"
"{citizen 44}","{citizen 20}","[141 141 141 100]","""""","9.9","false","{breed social-friends}","0","""default""","""none""","0"
"{citizen 44}","{citizen 21}","[141 141 141 100]","""""","9.9","false","{breed social-friends}","0","""default""","""none""","0"
"{citizen 44}","{citizen 22}","[43 0 212 100]","""""","9.9","false","{breed social-friends}","0","""default""","""none""","0"
"{citizen 44}","{citizen 24}","[141 141 141 100]","""""","9.9","false","{breed social-friends}","0","""default""","""none""","0"
"{citizen 44}","{citizen 26}","[141 141 141 100]","""""","9.9","false","{breed social-friends}","0","""default""","""none""","0"
"{citizen 44}","{citizen 27}","[141 141 141 100]","""""","9.9","false","{breed social-friends}","0","""default""","""none""","0"
"{citizen 44}","{citizen 28}","[141 141 141 100]","""""","9.9","false","{breed social-friends}","0","""default""","""none""","0"
"{citizen 44}","{citizen 30}","[141 141 141 100]","""""","9.9","false","{breed social-friends}","0","""default""","""none""","0"
"{citizen 44}","{citizen 32}","[43 0 212 100]","""""","9.9","false","{breed social-friends}","0","""default""","""none""","0"
"{citizen 44}","{citizen 33}","[141 141 141 100]","""""","9.9","false","{breed social-friends}","0","""default""","""none""","0"
"{citizen 44}","{citizen 35}","[141 141 141 100]","""""","9.9","false","{breed social-friends}","0","""default""","""none""","0"
"{citizen 44}","{citizen 36}","[141 141 141 100]","""""","9.9","false","{breed social-friends}","0","""default""","""none""","0"
"{citizen 44}","{citizen 38}","[141 141 141 100]","""""","9.9","false","{breed social-friends}","0","""default""","""none""","0"
"{citizen 44}","{citizen 40}","[141 141 141 100]","""""","9.9","false","{breed social-friends}","0","""default""","""none""","0"
"{citizen 44}","{citizen 41}","[43 0 212 100]","""""","9.9","false","{breed social-friends}","0","""default""","""none""","0"
"{citizen 44}","{citizen 42}","[141 141 141 100]","""""","9.9","false","{breed social-friends}","0","""default""","""none""","0"
"{citizen 44}","{citizen 45}","[141 141 141 100]","""""","9.9","false","{breed social-friends}","0","""default""","""none""","0"
"{citizen 44}","{citizen 49}","[141 141 141 100]","""""","9.9","false","{breed social-friends}","0","""default""","""none""","0"
"{citizen 45}","{citizen 0}","[141 141 141 100]","""""","9.9","false","{breed social-friends}","0","""default""","""none""","0"
"{citizen 45}","{citizen 1}","[128 0 127 100]","""""","9.9","false","{breed social-friends}","0","""default""","""none""","0"
"{citizen 45}","{citizen 2}","[141 141 141 100]","""""","9.9","false","{breed social-friends}","0","""default""","""none""","0"
"{citizen 45}","{citizen 3}","[141 141 141 100]","""""","9.9","false","{breed social-friends}","0","""default""","""none""","0"
"{citizen 45}","{citizen 4}","[141 141 141 100]","""""","9.9","false","{breed social-friends}","0","""default""","""none""","0"
"{citizen 45}","{citizen 5}","[141 141 141 100]","""""","9.9","false","{breed social-friends}","0","""default""","""none""","0"
"{citizen 45}","{citizen 6}","[141 141 141 100]","""""","9.9","false","{breed social-friends}","0","""default""","""none""","0"
"{citizen 45}","{citizen 7}","[141 141 141 100]","""""","9.9","false","{breed social-friends}","0","""default""","""none""","0"
"{citizen 45}","{citizen 8}","[141 141 141 100]","""""","9.9","false","{breed social-friends}","0","""default""","""none""","0"
"{citizen 45}","{citizen 9}","[128 0 127 100]","""""","9.9","false","{breed social-friends}","0","""default""","""none""","0"
"{citizen 45}","{citizen 10}","[141 141 141 100]","""""","9.9","false","{breed social-friends}","0","""default""","""none""","0"
"{citizen 45}","{citizen 11}","[128 0 127 100]","""""","9.9","false","{breed social-friends}","0","""default""","""none""","0"
"{citizen 45}","{citizen 12}","[141 141 141 100]","""""","9.9","false","{breed social-friends}","0","""default""","""none""","0"
"{citizen 45}","{citizen 13}","[128 0 127 100]","""""","9.9","false","{breed social-friends}","0","""default""","""none""","0"
"{citizen 45}","{citizen 14}","[128 0 127 100]","""""","9.9","false","{breed social-friends}","0","""default""","""none""","0"
"{citizen 45}","{citizen 15}","[141 141 141 100]","""""","9.9","false","{breed social-friends}","0","""default""","""none""","0"
"{citizen 45}","{citizen 16}","[128 0 127 100]","""""","9.9","false","{breed social-friends}","0","""default""","""none""","0"
"{citizen 45}","{citizen 17}","[141 141 141 100]","""""","9.9","false","{breed social-friends}","0","""default""","""none""","0"
"{citizen 45}","{citizen 18}","[141 141 141 100]","""""","9.9","false","{breed social-friends}","0","""default""","""none""","0"
"{citizen 45}","{citizen 19}","[141 141 141 100]","""""","9.9","false","{breed social-friends}","0","""default""","""none""","0"
"{citizen 45}","{citizen 20}","[141 141 141 100]","""""","9.9","false","{breed social-friends}","0","""default""","""none""","0"
"{citizen 45}","{citizen 21}","[128 0 127 100]","""""","9.9","false","{breed social-friends}","0","""default""","""none""","0"
"{citizen 45}","{citizen 22}","[141 141 141 100]","""""","9.9","false","{breed social-friends}","0","""default""","""none""","0"
"{citizen 45}","{citizen 23}","[141 141 141 100]","""""","9.9","false","{breed social-friends}","0","""default""","""none""","0"
"{citizen 45}","{citizen 24}","[128 0 127 100]","""""","9.9","false","{breed social-friends}","0","""default""","""none""","0"
"{citizen 45}","{citizen 25}","[141 141 141 100]","""""","9.9","false","{breed social-friends}","0","""default""","""none""","0"
"{citizen 45}","{citizen 26}","[128 0 127 100]","""""","9.9","false","{breed social-friends}","0","""default""","""none""","0"
"{citizen 45}","{citizen 27}","[141 141 141 100]","""""","9.9","false","{breed social-friends}","0","""default""","""none""","0"
"{citizen 45}","{citizen 28}","[128 0 127 100]","""""","9.9","false","{breed social-friends}","0","""default""","""none""","0"
"{citizen 45}","{citizen 29}","[141 141 141 100]","""""","9.9","false","{breed social-friends}","0","""default""","""none""","0"
"{citizen 45}","{citizen 30}","[141 141 141 100]","""""","9.9","false","{breed social-friends}","0","""default""","""none""","0"
"{citizen 45}","{citizen 31}","[141 141 141 100]","""""","9.9","false","{breed social-friends}","0","""default""","""none""","0"
"{citizen 45}","{citizen 32}","[141 141 141 100]","""""","9.9","false","{breed social-friends}","0","""default""","""none""","0"
"{citizen 45}","{citizen 33}","[141 141 141 100]","""""","9.9","false","{breed social-friends}","0","""default""","""none""","0"
"{citizen 45}","{citizen 34}","[141 141 141 100]","""""","9.9","false","{breed social-friends}","0","""default""","""none""","0"
"{citizen 45}","{citizen 35}","[128 0 127 100]","""""","9.9","false","{breed social-friends}","0","""default""","""none""","0"
"{citizen 45}","{citizen 36}","[128 0 127 100]","""""","9.9","false","{breed social-friends}","0","""default""","""none""","0"
"{citizen 45}","{citizen 37}","[141 141 141 100]","""""","9.9","false","{breed social-friends}","0","""default""","""none""","0"
"{citizen 45}","{citizen 38}","[128 0 127 100]","""""","9.9","false","{breed social-friends}","0","""default""","""none""","0"
"{citizen 45}","{citizen 39}","[141 141 141 100]","""""","9.9","false","{breed social-friends}","0","""default""","""none""","0"
"{citizen 45}","{citizen 40}","[128 0 127 100]","""""","9.9","false","{breed social-friends}","0","""default""","""none""","0"
"{citizen 45}","{citizen 41}","[141 141 141 100]","""""","9.9","false","{breed social-friends}","0","""default""","""none""","0"
"{citizen 45}","{citizen 42}","[128 0 127 100]","""""","9.9","false","{breed social-friends}","0","""default""","""none""","0"
"{citizen 45}","{citizen 43}","[141 141 141 100]","""""","9.9","false","{breed social-friends}","0","""default""","""none""","0"
"{citizen 45}","{citizen 44}","[141 141 141 100]","""""","9.9","false","{breed social-friends}","0","""default""","""none""","0"
"{citizen 45}","{citizen 46}","[141 141 141 100]","""""","9.9","false","{breed social-friends}","0","""default""","""none""","0"
"{citizen 45}","{citizen 47}","[141 141 141 100]","""""","9.9","false","{breed social-friends}","0","""default""","""none""","0"
"{citizen 45}","{citizen 48}","[141 141 141 100]","""""","9.9","false","{breed social-friends}","0","""default""","""none""","0"
"{citizen 45}","{citizen 49}","[141 141 141 100]","""""","9.9","false","{breed social-friends}","0","""default""","""none""","0"
"{citizen 46}","{citizen 0}","[255 0 0 100]","""""","9.9","false","{breed social-friends}","0","""default""","""none""","0"
"{citizen 46}","{citizen 2}","[255 0 0 100]","""""","9.9","false","{breed social-friends}","0","""default""","""none""","0"
"{citizen 46}","{citizen 3}","[255 0 0 100]","""""","9.9","false","{breed social-friends}","0","""default""","""none""","0"
"{citizen 46}","{citizen 6}","[255 0 0 100]","""""","9.9","false","{breed social-friends}","0","""default""","""none""","0"
"{citizen 46}","{citizen 8}","[255 0 0 100]","""""","9.9","false","{breed social-friends}","0","""default""","""none""","0"
"{citizen 46}","{citizen 9}","[141 141 141 100]","""""","9.9","false","{breed social-friends}","0","""default""","""none""","0"
"{citizen 46}","{citizen 10}","[255 0 0 100]","""""","9.9","false","{breed social-friends}","0","""default""","""none""","0"
"{citizen 46}","{citizen 11}","[141 141 141 100]","""""","9.9","false","{breed social-friends}","0","""default""","""none""","0"
"{citizen 46}","{citizen 12}","[255 0 0 100]","""""","9.9","false","{breed social-friends}","0","""default""","""none""","0"
"{citizen 46}","{citizen 13}","[141 141 141 100]","""""","9.9","false","{breed social-friends}","0","""default""","""none""","0"
"{citizen 46}","{citizen 14}","[141 141 141 100]","""""","9.9","false","{breed social-friends}","0","""default""","""none""","0"
"{citizen 46}","{citizen 15}","[255 0 0 100]","""""","9.9","false","{breed social-friends}","0","""default""","""none""","0"
"{citizen 46}","{citizen 16}","[141 141 141 100]","""""","9.9","false","{breed social-friends}","0","""default""","""none""","0"
"{citizen 46}","{citizen 17}","[255 0 0 100]","""""","9.9","false","{breed social-friends}","0","""default""","""none""","0"
"{citizen 46}","{citizen 19}","[255 0 0 100]","""""","9.9","false","{breed social-friends}","0","""default""","""none""","0"
"{citizen 46}","{citizen 20}","[255 0 0 100]","""""","9.9","false","{breed social-friends}","0","""default""","""none""","0"
"{citizen 46}","{citizen 23}","[255 0 0 100]","""""","9.9","false","{breed social-friends}","0","""default""","""none""","0"
"{citizen 46}","{citizen 25}","[255 0 0 100]","""""","9.9","false","{breed social-friends}","0","""default""","""none""","0"
"{citizen 46}","{citizen 26}","[141 141 141 100]","""""","9.9","false","{breed social-friends}","0","""default""","""none""","0"
"{citizen 46}","{citizen 27}","[255 0 0 100]","""""","9.9","false","{breed social-friends}","0","""default""","""none""","0"
"{citizen 46}","{citizen 28}","[141 141 141 100]","""""","9.9","false","{breed social-friends}","0","""default""","""none""","0"
"{citizen 46}","{citizen 29}","[255 0 0 100]","""""","9.9","false","{breed social-friends}","0","""default""","""none""","0"
"{citizen 46}","{citizen 30}","[255 0 0 100]","""""","9.9","false","{breed social-friends}","0","""default""","""none""","0"
"{citizen 46}","{citizen 31}","[255 0 0 100]","""""","9.9","false","{breed social-friends}","0","""default""","""none""","0"
"{citizen 46}","{citizen 33}","[255 0 0 100]","""""","9.9","false","{breed social-friends}","0","""default""","""none""","0"
"{citizen 46}","{citizen 34}","[255 0 0 100]","""""","9.9","false","{breed social-friends}","0","""default""","""none""","0"
"{citizen 46}","{citizen 35}","[141 141 141 100]","""""","9.9","false","{breed social-friends}","0","""default""","""none""","0"
"{citizen 46}","{citizen 36}","[141 141 141 100]","""""","9.9","false","{breed social-friends}","0","""default""","""none""","0"
"{citizen 46}","{citizen 37}","[255 0 0 100]","""""","9.9","false","{breed social-friends}","0","""default""","""none""","0"
"{citizen 46}","{citizen 38}","[141 141 141 100]","""""","9.9","false","{breed social-friends}","0","""default""","""none""","0"
"{citizen 46}","{citizen 39}","[255 0 0 100]","""""","9.9","false","{breed social-friends}","0","""default""","""none""","0"
"{citizen 46}","{citizen 40}","[141 141 141 100]","""""","9.9","false","{breed social-friends}","0","""default""","""none""","0"
"{citizen 46}","{citizen 42}","[141 141 141 100]","""""","9.9","false","{breed social-friends}","0","""default""","""none""","0"
"{citizen 46}","{citizen 43}","[255 0 0 100]","""""","9.9","false","{breed social-friends}","0","""default""","""none""","0"
"{citizen 46}","{citizen 45}","[141 141 141 100]","""""","9.9","false","{breed social-friends}","0","""default""","""none""","0"
"{citizen 46}","{citizen 47}","[255 0 0 100]","""""","9.9","false","{breed social-friends}","0","""default""","""none""","0"
"{citizen 46}","{citizen 48}","[255 0 0 100]","""""","9.9","false","{breed social-friends}","0","""default""","""none""","0"
"{citizen 46}","{citizen 49}","[255 0 0 100]","""""","9.9","false","{breed social-friends}","0","""default""","""none""","0"
"{citizen 47}","{citizen 0}","[255 0 0 100]","""""","9.9","false","{breed social-friends}","0","""default""","""none""","0"
"{citizen 47}","{citizen 2}","[255 0 0 100]","""""","9.9","false","{breed social-friends}","0","""default""","""none""","0"
"{citizen 47}","{citizen 3}","[255 0 0 100]","""""","9.9","false","{breed social-friends}","0","""default""","""none""","0"
"{citizen 47}","{citizen 6}","[255 0 0 100]","""""","9.9","false","{breed social-friends}","0","""default""","""none""","0"
"{citizen 47}","{citizen 8}","[255 0 0 100]","""""","9.9","false","{breed social-friends}","0","""default""","""none""","0"
"{citizen 47}","{citizen 9}","[141 141 141 100]","""""","9.9","false","{breed social-friends}","0","""default""","""none""","0"
"{citizen 47}","{citizen 10}","[255 0 0 100]","""""","9.9","false","{breed social-friends}","0","""default""","""none""","0"
"{citizen 47}","{citizen 11}","[141 141 141 100]","""""","9.9","false","{breed social-friends}","0","""default""","""none""","0"
"{citizen 47}","{citizen 12}","[255 0 0 100]","""""","9.9","false","{breed social-friends}","0","""default""","""none""","0"
"{citizen 47}","{citizen 13}","[141 141 141 100]","""""","9.9","false","{breed social-friends}","0","""default""","""none""","0"
"{citizen 47}","{citizen 14}","[141 141 141 100]","""""","9.9","false","{breed social-friends}","0","""default""","""none""","0"
"{citizen 47}","{citizen 15}","[255 0 0 100]","""""","9.9","false","{breed social-friends}","0","""default""","""none""","0"
"{citizen 47}","{citizen 16}","[141 141 141 100]","""""","9.9","false","{breed social-friends}","0","""default""","""none""","0"
"{citizen 47}","{citizen 17}","[255 0 0 100]","""""","9.9","false","{breed social-friends}","0","""default""","""none""","0"
"{citizen 47}","{citizen 19}","[255 0 0 100]","""""","9.9","false","{breed social-friends}","0","""default""","""none""","0"
"{citizen 47}","{citizen 20}","[255 0 0 100]","""""","9.9","false","{breed social-friends}","0","""default""","""none""","0"
"{citizen 47}","{citizen 23}","[255 0 0 100]","""""","9.9","false","{breed social-friends}","0","""default""","""none""","0"
"{citizen 47}","{citizen 25}","[255 0 0 100]","""""","9.9","false","{breed social-friends}","0","""default""","""none""","0"
"{citizen 47}","{citizen 27}","[255 0 0 100]","""""","9.9","false","{breed social-friends}","0","""default""","""none""","0"
"{citizen 47}","{citizen 28}","[141 141 141 100]","""""","9.9","false","{breed social-friends}","0","""default""","""none""","0"
"{citizen 47}","{citizen 29}","[255 0 0 100]","""""","9.9","false","{breed social-friends}","0","""default""","""none""","0"
"{citizen 47}","{citizen 30}","[255 0 0 100]","""""","9.9","false","{breed social-friends}","0","""default""","""none""","0"
"{citizen 47}","{citizen 31}","[255 0 0 100]","""""","9.9","false","{breed social-friends}","0","""default""","""none""","0"
"{citizen 47}","{citizen 33}","[255 0 0 100]","""""","9.9","false","{breed social-friends}","0","""default""","""none""","0"
"{citizen 47}","{citizen 34}","[255 0 0 100]","""""","9.9","false","{breed social-friends}","0","""default""","""none""","0"
"{citizen 47}","{citizen 35}","[141 141 141 100]","""""","9.9","false","{breed social-friends}","0","""default""","""none""","0"
"{citizen 47}","{citizen 36}","[141 141 141 100]","""""","9.9","false","{breed social-friends}","0","""default""","""none""","0"
"{citizen 47}","{citizen 37}","[255 0 0 100]","""""","9.9","false","{breed social-friends}","0","""default""","""none""","0"
"{citizen 47}","{citizen 39}","[255 0 0 100]","""""","9.9","false","{breed social-friends}","0","""default""","""none""","0"
"{citizen 47}","{citizen 40}","[141 141 141 100]","""""","9.9","false","{breed social-friends}","0","""default""","""none""","0"
"{citizen 47}","{citizen 42}","[141 141 141 100]","""""","9.9","false","{breed social-friends}","0","""default""","""none""","0"
"{citizen 47}","{citizen 43}","[255 0 0 100]","""""","9.9","false","{breed social-friends}","0","""default""","""none""","0"
"{citizen 47}","{citizen 45}","[141 141 141 100]","""""","9.9","false","{breed social-friends}","0","""default""","""none""","0"
"{citizen 47}","{citizen 46}","[255 0 0 100]","""""","9.9","false","{breed social-friends}","0","""default""","""none""","0"
"{citizen 47}","{citizen 48}","[255 0 0 100]","""""","9.9","false","{breed social-friends}","0","""default""","""none""","0"
"{citizen 47}","{citizen 49}","[255 0 0 100]","""""","9.9","false","{breed social-friends}","0","""default""","""none""","0"
"{citizen 48}","{citizen 0}","[255 0 0 100]","""""","9.9","false","{breed social-friends}","0","""default""","""none""","0"
"{citizen 48}","{citizen 2}","[255 0 0 100]","""""","9.9","false","{breed social-friends}","0","""default""","""none""","0"
"{citizen 48}","{citizen 3}","[255 0 0 100]","""""","9.9","false","{breed social-friends}","0","""default""","""none""","0"
"{citizen 48}","{citizen 4}","[141 141 141 100]","""""","9.9","false","{breed social-friends}","0","""default""","""none""","0"
"{citizen 48}","{citizen 6}","[255 0 0 100]","""""","9.9","false","{breed social-friends}","0","""default""","""none""","0"
"{citizen 48}","{citizen 8}","[255 0 0 100]","""""","9.9","false","{breed social-friends}","0","""default""","""none""","0"
"{citizen 48}","{citizen 9}","[141 141 141 100]","""""","9.9","false","{breed social-friends}","0","""default""","""none""","0"
"{citizen 48}","{citizen 10}","[255 0 0 100]","""""","9.9","false","{breed social-friends}","0","""default""","""none""","0"
"{citizen 48}","{citizen 11}","[141 141 141 100]","""""","9.9","false","{breed social-friends}","0","""default""","""none""","0"
"{citizen 48}","{citizen 12}","[255 0 0 100]","""""","9.9","false","{breed social-friends}","0","""default""","""none""","0"
"{citizen 48}","{citizen 13}","[141 141 141 100]","""""","9.9","false","{breed social-friends}","0","""default""","""none""","0"
"{citizen 48}","{citizen 14}","[141 141 141 100]","""""","9.9","false","{breed social-friends}","0","""default""","""none""","0"
"{citizen 48}","{citizen 15}","[255 0 0 100]","""""","9.9","false","{breed social-friends}","0","""default""","""none""","0"
"{citizen 48}","{citizen 16}","[141 141 141 100]","""""","9.9","false","{breed social-friends}","0","""default""","""none""","0"
"{citizen 48}","{citizen 17}","[255 0 0 100]","""""","9.9","false","{breed social-friends}","0","""default""","""none""","0"
"{citizen 48}","{citizen 19}","[255 0 0 100]","""""","9.9","false","{breed social-friends}","0","""default""","""none""","0"
"{citizen 48}","{citizen 20}","[255 0 0 100]","""""","9.9","false","{breed social-friends}","0","""default""","""none""","0"
"{citizen 48}","{citizen 23}","[255 0 0 100]","""""","9.9","false","{breed social-friends}","0","""default""","""none""","0"
"{citizen 48}","{citizen 25}","[255 0 0 100]","""""","9.9","false","{breed social-friends}","0","""default""","""none""","0"
"{citizen 48}","{citizen 27}","[255 0 0 100]","""""","9.9","false","{breed social-friends}","0","""default""","""none""","0"
"{citizen 48}","{citizen 28}","[141 141 141 100]","""""","9.9","false","{breed social-friends}","0","""default""","""none""","0"
"{citizen 48}","{citizen 29}","[255 0 0 100]","""""","9.9","false","{breed social-friends}","0","""default""","""none""","0"
"{citizen 48}","{citizen 30}","[255 0 0 100]","""""","9.9","false","{breed social-friends}","0","""default""","""none""","0"
"{citizen 48}","{citizen 31}","[255 0 0 100]","""""","9.9","false","{breed social-friends}","0","""default""","""none""","0"
"{citizen 48}","{citizen 33}","[255 0 0 100]","""""","9.9","false","{breed social-friends}","0","""default""","""none""","0"
"{citizen 48}","{citizen 34}","[255 0 0 100]","""""","9.9","false","{breed social-friends}","0","""default""","""none""","0"
"{citizen 48}","{citizen 36}","[141 141 141 100]","""""","9.9","false","{breed social-friends}","0","""default""","""none""","0"
"{citizen 48}","{citizen 37}","[255 0 0 100]","""""","9.9","false","{breed social-friends}","0","""default""","""none""","0"
"{citizen 48}","{citizen 39}","[255 0 0 100]","""""","9.9","false","{breed social-friends}","0","""default""","""none""","0"
"{citizen 48}","{citizen 40}","[141 141 141 100]","""""","9.9","false","{breed social-friends}","0","""default""","""none""","0"
"{citizen 48}","{citizen 42}","[141 141 141 100]","""""","9.9","false","{breed social-friends}","0","""default""","""none""","0"
"{citizen 48}","{citizen 43}","[255 0 0 100]","""""","9.9","false","{breed social-friends}","0","""default""","""none""","0"
"{citizen 48}","{citizen 45}","[141 141 141 100]","""""","9.9","false","{breed social-friends}","0","""default""","""none""","0"
"{citizen 48}","{citizen 46}","[255 0 0 100]","""""","9.9","false","{breed social-friends}","0","""default""","""none""","0"
"{citizen 48}","{citizen 47}","[255 0 0 100]","""""","9.9","false","{breed social-friends}","0","""default""","""none""","0"
"{citizen 48}","{citizen 49}","[255 0 0 100]","""""","9.9","false","{breed social-friends}","0","""default""","""none""","0"
"{citizen 49}","{citizen 0}","[255 0 0 100]","""""","9.9","false","{breed social-friends}","0","""default""","""none""","0"
"{citizen 49}","{citizen 1}","[141 141 141 100]","""""","9.9","false","{breed social-friends}","0","""default""","""none""","0"
"{citizen 49}","{citizen 2}","[255 0 0 100]","""""","9.9","false","{breed social-friends}","0","""default""","""none""","0"
"{citizen 49}","{citizen 3}","[255 0 0 100]","""""","9.9","false","{breed social-friends}","0","""default""","""none""","0"
"{citizen 49}","{citizen 4}","[141 141 141 100]","""""","9.9","false","{breed social-friends}","0","""default""","""none""","0"
"{citizen 49}","{citizen 6}","[255 0 0 100]","""""","9.9","false","{breed social-friends}","0","""default""","""none""","0"
"{citizen 49}","{citizen 8}","[255 0 0 100]","""""","9.9","false","{breed social-friends}","0","""default""","""none""","0"
"{citizen 49}","{citizen 9}","[141 141 141 100]","""""","9.9","false","{breed social-friends}","0","""default""","""none""","0"
"{citizen 49}","{citizen 10}","[255 0 0 100]","""""","9.9","false","{breed social-friends}","0","""default""","""none""","0"
"{citizen 49}","{citizen 11}","[141 141 141 100]","""""","9.9","false","{breed social-friends}","0","""default""","""none""","0"
"{citizen 49}","{citizen 12}","[255 0 0 100]","""""","9.9","false","{breed social-friends}","0","""default""","""none""","0"
"{citizen 49}","{citizen 13}","[141 141 141 100]","""""","9.9","false","{breed social-friends}","0","""default""","""none""","0"
"{citizen 49}","{citizen 14}","[141 141 141 100]","""""","9.9","false","{breed social-friends}","0","""default""","""none""","0"
"{citizen 49}","{citizen 15}","[255 0 0 100]","""""","9.9","false","{breed social-friends}","0","""default""","""none""","0"
"{citizen 49}","{citizen 16}","[141 141 141 100]","""""","9.9","false","{breed social-friends}","0","""default""","""none""","0"
"{citizen 49}","{citizen 17}","[255 0 0 100]","""""","9.9","false","{breed social-friends}","0","""default""","""none""","0"
"{citizen 49}","{citizen 19}","[255 0 0 100]","""""","9.9","false","{breed social-friends}","0","""default""","""none""","0"
"{citizen 49}","{citizen 20}","[255 0 0 100]","""""","9.9","false","{breed social-friends}","0","""default""","""none""","0"
"{citizen 49}","{citizen 21}","[141 141 141 100]","""""","9.9","false","{breed social-friends}","0","""default""","""none""","0"
"{citizen 49}","{citizen 23}","[255 0 0 100]","""""","9.9","false","{breed social-friends}","0","""default""","""none""","0"
"{citizen 49}","{citizen 24}","[141 141 141 100]","""""","9.9","false","{breed social-friends}","0","""default""","""none""","0"
"{citizen 49}","{citizen 25}","[255 0 0 100]","""""","9.9","false","{breed social-friends}","0","""default""","""none""","0"
"{citizen 49}","{citizen 27}","[255 0 0 100]","""""","9.9","false","{breed social-friends}","0","""default""","""none""","0"
"{citizen 49}","{citizen 28}","[141 141 141 100]","""""","9.9","false","{breed social-friends}","0","""default""","""none""","0"
"{citizen 49}","{citizen 29}","[255 0 0 100]","""""","9.9","false","{breed social-friends}","0","""default""","""none""","0"
"{citizen 49}","{citizen 30}","[255 0 0 100]","""""","9.9","false","{breed social-friends}","0","""default""","""none""","0"
"{citizen 49}","{citizen 31}","[255 0 0 100]","""""","9.9","false","{breed social-friends}","0","""default""","""none""","0"
"{citizen 49}","{citizen 32}","[141 141 141 100]","""""","9.9","false","{breed social-friends}","0","""default""","""none""","0"
"{citizen 49}","{citizen 33}","[255 0 0 100]","""""","9.9","false","{breed social-friends}","0","""default""","""none""","0"
"{citizen 49}","{citizen 34}","[255 0 0 100]","""""","9.9","false","{breed social-friends}","0","""default""","""none""","0"
"{citizen 49}","{citizen 35}","[141 141 141 100]","""""","9.9","false","{breed social-friends}","0","""default""","""none""","0"
"{citizen 49}","{citizen 36}","[141 141 141 100]","""""","9.9","false","{breed social-friends}","0","""default""","""none""","0"
"{citizen 49}","{citizen 37}","[255 0 0 100]","""""","9.9","false","{breed social-friends}","0","""default""","""none""","0"
"{citizen 49}","{citizen 38}","[141 141 141 100]","""""","9.9","false","{breed social-friends}","0","""default""","""none""","0"
"{citizen 49}","{citizen 39}","[255 0 0 100]","""""","9.9","false","{breed social-friends}","0","""default""","""none""","0"
"{citizen 49}","{citizen 40}","[141 141 141 100]","""""","9.9","false","{breed social-friends}","0","""default""","""none""","0"
"{citizen 49}","{citizen 42}","[141 141 141 100]","""""","9.9","false","{breed social-friends}","0","""default""","""none""","0"
"{citizen 49}","{citizen 43}","[255 0 0 100]","""""","9.9","false","{breed social-friends}","0","""default""","""none""","0"
"{citizen 49}","{citizen 44}","[141 141 141 100]","""""","9.9","false","{breed social-friends}","0","""default""","""none""","0"
"{citizen 49}","{citizen 45}","[141 141 141 100]","""""","9.9","false","{breed social-friends}","0","""default""","""none""","0"
"{citizen 49}","{citizen 46}","[255 0 0 100]","""""","9.9","false","{breed social-friends}","0","""default""","""none""","0"
"{citizen 49}","{citizen 47}","[255 0 0 100]","""""","9.9","false","{breed social-friends}","0","""default""","""none""","0"
"{citizen 49}","{citizen 48}","[255 0 0 100]","""""","9.9","false","{breed social-friends}","0","""default""","""none""","0"
"{media 50}","{citizen 0}","[141 141 141 255]","""""","9.9","false","{breed subscribers}","0","""default""","""none""","0"
"{media 50}","{citizen 2}","[141 141 141 255]","""""","9.9","false","{breed subscribers}","0","""default""","""none""","0"
"{media 50}","{citizen 3}","[141 141 141 255]","""""","9.9","false","{breed subscribers}","0","""default""","""none""","0"
"{media 50}","{citizen 6}","[141 141 141 255]","""""","9.9","false","{breed subscribers}","0","""default""","""none""","0"
"{media 50}","{citizen 8}","[141 141 141 255]","""""","9.9","false","{breed subscribers}","0","""default""","""none""","0"
"{media 50}","{citizen 10}","[141 141 141 255]","""""","9.9","false","{breed subscribers}","0","""default""","""none""","0"
"{media 50}","{citizen 12}","[141 141 141 255]","""""","9.9","false","{breed subscribers}","0","""default""","""none""","0"
"{media 50}","{citizen 15}","[141 141 141 255]","""""","9.9","false","{breed subscribers}","0","""default""","""none""","0"
"{media 50}","{citizen 17}","[141 141 141 255]","""""","9.9","false","{breed subscribers}","0","""default""","""none""","0"
"{media 50}","{citizen 19}","[141 141 141 255]","""""","9.9","false","{breed subscribers}","0","""default""","""none""","0"
"{media 50}","{citizen 20}","[141 141 141 255]","""""","9.9","false","{breed subscribers}","0","""default""","""none""","0"
"{media 50}","{citizen 23}","[141 141 141 255]","""""","9.9","false","{breed subscribers}","0","""default""","""none""","0"
"{media 50}","{citizen 25}","[141 141 141 255]","""""","9.9","false","{breed subscribers}","0","""default""","""none""","0"
"{media 50}","{citizen 27}","[141 141 141 255]","""""","9.9","false","{breed subscribers}","0","""default""","""none""","0"
"{media 50}","{citizen 29}","[141 141 141 255]","""""","9.9","false","{breed subscribers}","0","""default""","""none""","0"
"{media 50}","{citizen 30}","[141 141 141 255]","""""","9.9","false","{breed subscribers}","0","""default""","""none""","0"
"{media 50}","{citizen 31}","[141 141 141 255]","""""","9.9","false","{breed subscribers}","0","""default""","""none""","0"
"{media 50}","{citizen 33}","[141 141 141 255]","""""","9.9","false","{breed subscribers}","0","""default""","""none""","0"
"{media 50}","{citizen 34}","[141 141 141 255]","""""","9.9","false","{breed subscribers}","0","""default""","""none""","0"
"{media 50}","{citizen 37}","[141 141 141 255]","""""","9.9","false","{breed subscribers}","0","""default""","""none""","0"
"{media 50}","{citizen 39}","[141 141 141 255]","""""","9.9","false","{breed subscribers}","0","""default""","""none""","0"
"{media 50}","{citizen 43}","[141 141 141 255]","""""","9.9","false","{breed subscribers}","0","""default""","""none""","0"
"{media 50}","{citizen 46}","[141 141 141 255]","""""","9.9","false","{breed subscribers}","0","""default""","""none""","0"
"{media 50}","{citizen 47}","[141 141 141 255]","""""","9.9","false","{breed subscribers}","0","""default""","""none""","0"
"{media 50}","{citizen 48}","[141 141 141 255]","""""","9.9","false","{breed subscribers}","0","""default""","""none""","0"
"{media 50}","{citizen 49}","[141 141 141 255]","""""","9.9","false","{breed subscribers}","0","""default""","""none""","0"
"{media 51}","{citizen 1}","[141 141 141 255]","""""","9.9","false","{breed subscribers}","0","""default""","""none""","0"
"{media 51}","{citizen 4}","[141 141 141 255]","""""","9.9","false","{breed subscribers}","0","""default""","""none""","0"
"{media 51}","{citizen 5}","[141 141 141 255]","""""","9.9","false","{breed subscribers}","0","""default""","""none""","0"
"{media 51}","{citizen 7}","[141 141 141 255]","""""","9.9","false","{breed subscribers}","0","""default""","""none""","0"
"{media 51}","{citizen 9}","[141 141 141 255]","""""","9.9","false","{breed subscribers}","0","""default""","""none""","0"
"{media 51}","{citizen 11}","[141 141 141 255]","""""","9.9","false","{breed subscribers}","0","""default""","""none""","0"
"{media 51}","{citizen 13}","[141 141 141 255]","""""","9.9","false","{breed subscribers}","0","""default""","""none""","0"
"{media 51}","{citizen 14}","[141 141 141 255]","""""","9.9","false","{breed subscribers}","0","""default""","""none""","0"
"{media 51}","{citizen 16}","[141 141 141 255]","""""","9.9","false","{breed subscribers}","0","""default""","""none""","0"
"{media 51}","{citizen 18}","[141 141 141 255]","""""","9.9","false","{breed subscribers}","0","""default""","""none""","0"
"{media 51}","{citizen 21}","[141 141 141 255]","""""","9.9","false","{breed subscribers}","0","""default""","""none""","0"
"{media 51}","{citizen 22}","[141 141 141 255]","""""","9.9","false","{breed subscribers}","0","""default""","""none""","0"
"{media 51}","{citizen 24}","[141 141 141 255]","""""","9.9","false","{breed subscribers}","0","""default""","""none""","0"
"{media 51}","{citizen 26}","[141 141 141 255]","""""","9.9","false","{breed subscribers}","0","""default""","""none""","0"
"{media 51}","{citizen 28}","[141 141 141 255]","""""","9.9","false","{breed subscribers}","0","""default""","""none""","0"
"{media 51}","{citizen 32}","[141 141 141 255]","""""","9.9","false","{breed subscribers}","0","""default""","""none""","0"
"{media 51}","{citizen 35}","[141 141 141 255]","""""","9.9","false","{breed subscribers}","0","""default""","""none""","0"
"{media 51}","{citizen 36}","[141 141 141 255]","""""","9.9","false","{breed subscribers}","0","""default""","""none""","0"
"{media 51}","{citizen 38}","[141 141 141 255]","""""","9.9","false","{breed subscribers}","0","""default""","""none""","0"
"{media 51}","{citizen 40}","[141 141 141 255]","""""","9.9","false","{breed subscribers}","0","""default""","""none""","0"
"{media 51}","{citizen 41}","[141 141 141 255]","""""","9.9","false","{breed subscribers}","0","""default""","""none""","0"
"{media 51}","{citizen 42}","[141 141 141 255]","""""","9.9","false","{breed subscribers}","0","""default""","""none""","0"
"{media 51}","{citizen 44}","[141 141 141 255]","""""","9.9","false","{breed subscribers}","0","""default""","""none""","0"
"{media 51}","{citizen 45}","[141 141 141 255]","""""","9.9","false","{breed subscribers}","0","""default""","""none""","0"
"{media 52}","{citizen 1}","[141 141 141 255]","""""","9.9","false","{breed subscribers}","0","""default""","""none""","0"
"{media 52}","{citizen 4}","[141 141 141 255]","""""","9.9","false","{breed subscribers}","0","""default""","""none""","0"
"{media 52}","{citizen 5}","[141 141 141 255]","""""","9.9","false","{breed subscribers}","0","""default""","""none""","0"
"{media 52}","{citizen 7}","[141 141 141 255]","""""","9.9","false","{breed subscribers}","0","""default""","""none""","0"
"{media 52}","{citizen 9}","[141 141 141 255]","""""","9.9","false","{breed subscribers}","0","""default""","""none""","0"
"{media 52}","{citizen 11}","[141 141 141 255]","""""","9.9","false","{breed subscribers}","0","""default""","""none""","0"
"{media 52}","{citizen 13}","[141 141 141 255]","""""","9.9","false","{breed subscribers}","0","""default""","""none""","0"
"{media 52}","{citizen 14}","[141 141 141 255]","""""","9.9","false","{breed subscribers}","0","""default""","""none""","0"
"{media 52}","{citizen 16}","[141 141 141 255]","""""","9.9","false","{breed subscribers}","0","""default""","""none""","0"
"{media 52}","{citizen 18}","[141 141 141 255]","""""","9.9","false","{breed subscribers}","0","""default""","""none""","0"
"{media 52}","{citizen 21}","[141 141 141 255]","""""","9.9","false","{breed subscribers}","0","""default""","""none""","0"
"{media 52}","{citizen 22}","[141 141 141 255]","""""","9.9","false","{breed subscribers}","0","""default""","""none""","0"
"{media 52}","{citizen 24}","[141 141 141 255]","""""","9.9","false","{breed subscribers}","0","""default""","""none""","0"
"{media 52}","{citizen 26}","[141 141 141 255]","""""","9.9","false","{breed subscribers}","0","""default""","""none""","0"
"{media 52}","{citizen 28}","[141 141 141 255]","""""","9.9","false","{breed subscribers}","0","""default""","""none""","0"
"{media 52}","{citizen 32}","[141 141 141 255]","""""","9.9","false","{breed subscribers}","0","""default""","""none""","0"
"{media 52}","{citizen 35}","[141 141 141 255]","""""","9.9","false","{breed subscribers}","0","""default""","""none""","0"
"{media 52}","{citizen 36}","[141 141 141 255]","""""","9.9","false","{breed subscribers}","0","""default""","""none""","0"
"{media 52}","{citizen 38}","[141 141 141 255]","""""","9.9","false","{breed subscribers}","0","""default""","""none""","0"
"{media 52}","{citizen 40}","[141 141 141 255]","""""","9.9","false","{breed subscribers}","0","""default""","""none""","0"
"{media 52}","{citizen 41}","[141 141 141 255]","""""","9.9","false","{breed subscribers}","0","""default""","""none""","0"
"{media 52}","{citizen 42}","[141 141 141 255]","""""","9.9","false","{breed subscribers}","0","""default""","""none""","0"
"{media 52}","{citizen 44}","[141 141 141 255]","""""","9.9","false","{breed subscribers}","0","""default""","""none""","0"
"{media 52}","{citizen 45}","[141 141 141 255]","""""","9.9","false","{breed subscribers}","0","""default""","""none""","0"
"{media 53}","{citizen 0}","[141 141 141 255]","""""","9.9","false","{breed subscribers}","0","""default""","""none""","0"
"{media 53}","{citizen 1}","[141 141 141 255]","""""","9.9","false","{breed subscribers}","0","""default""","""none""","0"
"{media 53}","{citizen 2}","[141 141 141 255]","""""","9.9","false","{breed subscribers}","0","""default""","""none""","0"
"{media 53}","{citizen 3}","[141 141 141 255]","""""","9.9","false","{breed subscribers}","0","""default""","""none""","0"
"{media 53}","{citizen 6}","[141 141 141 255]","""""","9.9","false","{breed subscribers}","0","""default""","""none""","0"
"{media 53}","{citizen 8}","[141 141 141 255]","""""","9.9","false","{breed subscribers}","0","""default""","""none""","0"
"{media 53}","{citizen 9}","[141 141 141 255]","""""","9.9","false","{breed subscribers}","0","""default""","""none""","0"
"{media 53}","{citizen 10}","[141 141 141 255]","""""","9.9","false","{breed subscribers}","0","""default""","""none""","0"
"{media 53}","{citizen 11}","[141 141 141 255]","""""","9.9","false","{breed subscribers}","0","""default""","""none""","0"
"{media 53}","{citizen 12}","[141 141 141 255]","""""","9.9","false","{breed subscribers}","0","""default""","""none""","0"
"{media 53}","{citizen 13}","[141 141 141 255]","""""","9.9","false","{breed subscribers}","0","""default""","""none""","0"
"{media 53}","{citizen 14}","[141 141 141 255]","""""","9.9","false","{breed subscribers}","0","""default""","""none""","0"
"{media 53}","{citizen 15}","[141 141 141 255]","""""","9.9","false","{breed subscribers}","0","""default""","""none""","0"
"{media 53}","{citizen 16}","[141 141 141 255]","""""","9.9","false","{breed subscribers}","0","""default""","""none""","0"
"{media 53}","{citizen 17}","[141 141 141 255]","""""","9.9","false","{breed subscribers}","0","""default""","""none""","0"
"{media 53}","{citizen 19}","[141 141 141 255]","""""","9.9","false","{breed subscribers}","0","""default""","""none""","0"
"{media 53}","{citizen 20}","[141 141 141 255]","""""","9.9","false","{breed subscribers}","0","""default""","""none""","0"
"{media 53}","{citizen 21}","[141 141 141 255]","""""","9.9","false","{breed subscribers}","0","""default""","""none""","0"
"{media 53}","{citizen 23}","[141 141 141 255]","""""","9.9","false","{breed subscribers}","0","""default""","""none""","0"
"{media 53}","{citizen 24}","[141 141 141 255]","""""","9.9","false","{breed subscribers}","0","""default""","""none""","0"
"{media 53}","{citizen 25}","[141 141 141 255]","""""","9.9","false","{breed subscribers}","0","""default""","""none""","0"
"{media 53}","{citizen 26}","[141 141 141 255]","""""","9.9","false","{breed subscribers}","0","""default""","""none""","0"
"{media 53}","{citizen 27}","[141 141 141 255]","""""","9.9","false","{breed subscribers}","0","""default""","""none""","0"
"{media 53}","{citizen 28}","[141 141 141 255]","""""","9.9","false","{breed subscribers}","0","""default""","""none""","0"
"{media 53}","{citizen 29}","[141 141 141 255]","""""","9.9","false","{breed subscribers}","0","""default""","""none""","0"
"{media 53}","{citizen 30}","[141 141 141 255]","""""","9.9","false","{breed subscribers}","0","""default""","""none""","0"
"{media 53}","{citizen 31}","[141 141 141 255]","""""","9.9","false","{breed subscribers}","0","""default""","""none""","0"
"{media 53}","{citizen 33}","[141 141 141 255]","""""","9.9","false","{breed subscribers}","0","""default""","""none""","0"
"{media 53}","{citizen 34}","[141 141 141 255]","""""","9.9","false","{breed subscribers}","0","""default""","""none""","0"
"{media 53}","{citizen 35}","[141 141 141 255]","""""","9.9","false","{breed subscribers}","0","""default""","""none""","0"
"{media 53}","{citizen 36}","[141 141 141 255]","""""","9.9","false","{breed subscribers}","0","""default""","""none""","0"
"{media 53}","{citizen 37}","[141 141 141 255]","""""","9.9","false","{breed subscribers}","0","""default""","""none""","0"
"{media 53}","{citizen 38}","[141 141 141 255]","""""","9.9","false","{breed subscribers}","0","""default""","""none""","0"
"{media 53}","{citizen 39}","[141 141 141 255]","""""","9.9","false","{breed subscribers}","0","""default""","""none""","0"
"{media 53}","{citizen 40}","[141 141 141 255]","""""","9.9","false","{breed subscribers}","0","""default""","""none""","0"
"{media 53}","{citizen 42}","[141 141 141 255]","""""","9.9","false","{breed subscribers}","0","""default""","""none""","0"
"{media 53}","{citizen 43}","[141 141 141 255]","""""","9.9","false","{breed subscribers}","0","""default""","""none""","0"
"{media 53}","{citizen 45}","[141 141 141 255]","""""","9.9","false","{breed subscribers}","0","""default""","""none""","0"
"{media 53}","{citizen 46}","[141 141 141 255]","""""","9.9","false","{breed subscribers}","0","""default""","""none""","0"
"{media 53}","{citizen 47}","[141 141 141 255]","""""","9.9","false","{breed subscribers}","0","""default""","""none""","0"
"{media 53}","{citizen 48}","[141 141 141 255]","""""","9.9","false","{breed subscribers}","0","""default""","""none""","0"
"{media 53}","{citizen 49}","[141 141 141 255]","""""","9.9","false","{breed subscribers}","0","""default""","""none""","0"
"{media 54}","{citizen 0}","[141 141 141 255]","""""","9.9","false","{breed subscribers}","0","""default""","""none""","0"
"{media 54}","{citizen 2}","[141 141 141 255]","""""","9.9","false","{breed subscribers}","0","""default""","""none""","0"
"{media 54}","{citizen 3}","[141 141 141 255]","""""","9.9","false","{breed subscribers}","0","""default""","""none""","0"
"{media 54}","{citizen 6}","[141 141 141 255]","""""","9.9","false","{breed subscribers}","0","""default""","""none""","0"
"{media 54}","{citizen 8}","[141 141 141 255]","""""","9.9","false","{breed subscribers}","0","""default""","""none""","0"
"{media 54}","{citizen 10}","[141 141 141 255]","""""","9.9","false","{breed subscribers}","0","""default""","""none""","0"
"{media 54}","{citizen 12}","[141 141 141 255]","""""","9.9","false","{breed subscribers}","0","""default""","""none""","0"
"{media 54}","{citizen 15}","[141 141 141 255]","""""","9.9","false","{breed subscribers}","0","""default""","""none""","0"
"{media 54}","{citizen 17}","[141 141 141 255]","""""","9.9","false","{breed subscribers}","0","""default""","""none""","0"
"{media 54}","{citizen 19}","[141 141 141 255]","""""","9.9","false","{breed subscribers}","0","""default""","""none""","0"
"{media 54}","{citizen 20}","[141 141 141 255]","""""","9.9","false","{breed subscribers}","0","""default""","""none""","0"
"{media 54}","{citizen 23}","[141 141 141 255]","""""","9.9","false","{breed subscribers}","0","""default""","""none""","0"
"{media 54}","{citizen 25}","[141 141 141 255]","""""","9.9","false","{breed subscribers}","0","""default""","""none""","0"
"{media 54}","{citizen 27}","[141 141 141 255]","""""","9.9","false","{breed subscribers}","0","""default""","""none""","0"
"{media 54}","{citizen 29}","[141 141 141 255]","""""","9.9","false","{breed subscribers}","0","""default""","""none""","0"
"{media 54}","{citizen 30}","[141 141 141 255]","""""","9.9","false","{breed subscribers}","0","""default""","""none""","0"
"{media 54}","{citizen 31}","[141 141 141 255]","""""","9.9","false","{breed subscribers}","0","""default""","""none""","0"
"{media 54}","{citizen 33}","[141 141 141 255]","""""","9.9","false","{breed subscribers}","0","""default""","""none""","0"
"{media 54}","{citizen 34}","[141 141 141 255]","""""","9.9","false","{breed subscribers}","0","""default""","""none""","0"
"{media 54}","{citizen 37}","[141 141 141 255]","""""","9.9","false","{breed subscribers}","0","""default""","""none""","0"
"{media 54}","{citizen 39}","[141 141 141 255]","""""","9.9","false","{breed subscribers}","0","""default""","""none""","0"
"{media 54}","{citizen 43}","[141 141 141 255]","""""","9.9","false","{breed subscribers}","0","""default""","""none""","0"
"{media 54}","{citizen 46}","[141 141 141 255]","""""","9.9","false","{breed subscribers}","0","""default""","""none""","0"
"{media 54}","{citizen 47}","[141 141 141 255]","""""","9.9","false","{breed subscribers}","0","""default""","""none""","0"
"{media 54}","{citizen 48}","[141 141 141 255]","""""","9.9","false","{breed subscribers}","0","""default""","""none""","0"
"{media 54}","{citizen 49}","[141 141 141 255]","""""","9.9","false","{breed subscribers}","0","""default""","""none""","0"
"{media 55}","{citizen 0}","[141 141 141 255]","""""","9.9","false","{breed subscribers}","0","""default""","""none""","0"
"{media 55}","{citizen 1}","[141 141 141 255]","""""","9.9","false","{breed subscribers}","0","""default""","""none""","0"
"{media 55}","{citizen 2}","[141 141 141 255]","""""","9.9","false","{breed subscribers}","0","""default""","""none""","0"
"{media 55}","{citizen 3}","[141 141 141 255]","""""","9.9","false","{breed subscribers}","0","""default""","""none""","0"
"{media 55}","{citizen 6}","[141 141 141 255]","""""","9.9","false","{breed subscribers}","0","""default""","""none""","0"
"{media 55}","{citizen 8}","[141 141 141 255]","""""","9.9","false","{breed subscribers}","0","""default""","""none""","0"
"{media 55}","{citizen 9}","[141 141 141 255]","""""","9.9","false","{breed subscribers}","0","""default""","""none""","0"
"{media 55}","{citizen 10}","[141 141 141 255]","""""","9.9","false","{breed subscribers}","0","""default""","""none""","0"
"{media 55}","{citizen 11}","[141 141 141 255]","""""","9.9","false","{breed subscribers}","0","""default""","""none""","0"
"{media 55}","{citizen 12}","[141 141 141 255]","""""","9.9","false","{breed subscribers}","0","""default""","""none""","0"
"{media 55}","{citizen 13}","[141 141 141 255]","""""","9.9","false","{breed subscribers}","0","""default""","""none""","0"
"{media 55}","{citizen 14}","[141 141 141 255]","""""","9.9","false","{breed subscribers}","0","""default""","""none""","0"
"{media 55}","{citizen 15}","[141 141 141 255]","""""","9.9","false","{breed subscribers}","0","""default""","""none""","0"
"{media 55}","{citizen 16}","[141 141 141 255]","""""","9.9","false","{breed subscribers}","0","""default""","""none""","0"
"{media 55}","{citizen 17}","[141 141 141 255]","""""","9.9","false","{breed subscribers}","0","""default""","""none""","0"
"{media 55}","{citizen 19}","[141 141 141 255]","""""","9.9","false","{breed subscribers}","0","""default""","""none""","0"
"{media 55}","{citizen 20}","[141 141 141 255]","""""","9.9","false","{breed subscribers}","0","""default""","""none""","0"
"{media 55}","{citizen 21}","[141 141 141 255]","""""","9.9","false","{breed subscribers}","0","""default""","""none""","0"
"{media 55}","{citizen 23}","[141 141 141 255]","""""","9.9","false","{breed subscribers}","0","""default""","""none""","0"
"{media 55}","{citizen 24}","[141 141 141 255]","""""","9.9","false","{breed subscribers}","0","""default""","""none""","0"
"{media 55}","{citizen 25}","[141 141 141 255]","""""","9.9","false","{breed subscribers}","0","""default""","""none""","0"
"{media 55}","{citizen 26}","[141 141 141 255]","""""","9.9","false","{breed subscribers}","0","""default""","""none""","0"
"{media 55}","{citizen 27}","[141 141 141 255]","""""","9.9","false","{breed subscribers}","0","""default""","""none""","0"
"{media 55}","{citizen 28}","[141 141 141 255]","""""","9.9","false","{breed subscribers}","0","""default""","""none""","0"
"{media 55}","{citizen 29}","[141 141 141 255]","""""","9.9","false","{breed subscribers}","0","""default""","""none""","0"
"{media 55}","{citizen 30}","[141 141 141 255]","""""","9.9","false","{breed subscribers}","0","""default""","""none""","0"
"{media 55}","{citizen 31}","[141 141 141 255]","""""","9.9","false","{breed subscribers}","0","""default""","""none""","0"
"{media 55}","{citizen 33}","[141 141 141 255]","""""","9.9","false","{breed subscribers}","0","""default""","""none""","0"
"{media 55}","{citizen 34}","[141 141 141 255]","""""","9.9","false","{breed subscribers}","0","""default""","""none""","0"
"{media 55}","{citizen 35}","[141 141 141 255]","""""","9.9","false","{breed subscribers}","0","""default""","""none""","0"
"{media 55}","{citizen 36}","[141 141 141 255]","""""","9.9","false","{breed subscribers}","0","""default""","""none""","0"
"{media 55}","{citizen 37}","[141 141 141 255]","""""","9.9","false","{breed subscribers}","0","""default""","""none""","0"
"{media 55}","{citizen 38}","[141 141 141 255]","""""","9.9","false","{breed subscribers}","0","""default""","""none""","0"
"{media 55}","{citizen 39}","[141 141 141 255]","""""","9.9","false","{breed subscribers}","0","""default""","""none""","0"
"{media 55}","{citizen 40}","[141 141 141 255]","""""","9.9","false","{breed subscribers}","0","""default""","""none""","0"
"{media 55}","{citizen 42}","[141 141 141 255]","""""","9.9","false","{breed subscribers}","0","""default""","""none""","0"
"{media 55}","{citizen 43}","[141 141 141 255]","""""","9.9","false","{breed subscribers}","0","""default""","""none""","0"
"{media 55}","{citizen 45}","[141 141 141 255]","""""","9.9","false","{breed subscribers}","0","""default""","""none""","0"
"{media 55}","{citizen 46}","[141 141 141 255]","""""","9.9","false","{breed subscribers}","0","""default""","""none""","0"
"{media 55}","{citizen 47}","[141 141 141 255]","""""","9.9","false","{breed subscribers}","0","""default""","""none""","0"
"{media 55}","{citizen 48}","[141 141 141 255]","""""","9.9","false","{breed subscribers}","0","""default""","""none""","0"
"{media 55}","{citizen 49}","[141 141 141 255]","""""","9.9","false","{breed subscribers}","0","""default""","""none""","0"
"{media 56}","{citizen 1}","[141 141 141 255]","""""","9.9","false","{breed subscribers}","0","""default""","""none""","0"
"{media 56}","{citizen 4}","[141 141 141 255]","""""","9.9","false","{breed subscribers}","0","""default""","""none""","0"
"{media 56}","{citizen 5}","[141 141 141 255]","""""","9.9","false","{breed subscribers}","0","""default""","""none""","0"
"{media 56}","{citizen 7}","[141 141 141 255]","""""","9.9","false","{breed subscribers}","0","""default""","""none""","0"
"{media 56}","{citizen 9}","[141 141 141 255]","""""","9.9","false","{breed subscribers}","0","""default""","""none""","0"
"{media 56}","{citizen 11}","[141 141 141 255]","""""","9.9","false","{breed subscribers}","0","""default""","""none""","0"
"{media 56}","{citizen 13}","[141 141 141 255]","""""","9.9","false","{breed subscribers}","0","""default""","""none""","0"
"{media 56}","{citizen 14}","[141 141 141 255]","""""","9.9","false","{breed subscribers}","0","""default""","""none""","0"
"{media 56}","{citizen 16}","[141 141 141 255]","""""","9.9","false","{breed subscribers}","0","""default""","""none""","0"
"{media 56}","{citizen 18}","[141 141 141 255]","""""","9.9","false","{breed subscribers}","0","""default""","""none""","0"
"{media 56}","{citizen 21}","[141 141 141 255]","""""","9.9","false","{breed subscribers}","0","""default""","""none""","0"
"{media 56}","{citizen 22}","[141 141 141 255]","""""","9.9","false","{breed subscribers}","0","""default""","""none""","0"
"{media 56}","{citizen 24}","[141 141 141 255]","""""","9.9","false","{breed subscribers}","0","""default""","""none""","0"
"{media 56}","{citizen 26}","[141 141 141 255]","""""","9.9","false","{breed subscribers}","0","""default""","""none""","0"
"{media 56}","{citizen 28}","[141 141 141 255]","""""","9.9","false","{breed subscribers}","0","""default""","""none""","0"
"{media 56}","{citizen 32}","[141 141 141 255]","""""","9.9","false","{breed subscribers}","0","""default""","""none""","0"
"{media 56}","{citizen 35}","[141 141 141 255]","""""","9.9","false","{breed subscribers}","0","""default""","""none""","0"
"{media 56}","{citizen 36}","[141 141 141 255]","""""","9.9","false","{breed subscribers}","0","""default""","""none""","0"
"{media 56}","{citizen 38}","[141 141 141 255]","""""","9.9","false","{breed subscribers}","0","""default""","""none""","0"
"{media 56}","{citizen 40}","[141 141 141 255]","""""","9.9","false","{breed subscribers}","0","""default""","""none""","0"
"{media 56}","{citizen 41}","[141 141 141 255]","""""","9.9","false","{breed subscribers}","0","""default""","""none""","0"
"{media 56}","{citizen 42}","[141 141 141 255]","""""","9.9","false","{breed subscribers}","0","""default""","""none""","0"
"{media 56}","{citizen 44}","[141 141 141 255]","""""","9.9","false","{breed subscribers}","0","""default""","""none""","0"
"{media 56}","{citizen 45}","[141 141 141 255]","""""","9.9","false","{breed subscribers}","0","""default""","""none""","0"
"{media 57}","{citizen 0}","[141 141 141 255]","""""","9.9","false","{breed subscribers}","0","""default""","""none""","0"
"{media 57}","{citizen 1}","[141 141 141 255]","""""","9.9","false","{breed subscribers}","0","""default""","""none""","0"
"{media 57}","{citizen 2}","[141 141 141 255]","""""","9.9","false","{breed subscribers}","0","""default""","""none""","0"
"{media 57}","{citizen 3}","[141 141 141 255]","""""","9.9","false","{breed subscribers}","0","""default""","""none""","0"
"{media 57}","{citizen 6}","[141 141 141 255]","""""","9.9","false","{breed subscribers}","0","""default""","""none""","0"
"{media 57}","{citizen 8}","[141 141 141 255]","""""","9.9","false","{breed subscribers}","0","""default""","""none""","0"
"{media 57}","{citizen 9}","[141 141 141 255]","""""","9.9","false","{breed subscribers}","0","""default""","""none""","0"
"{media 57}","{citizen 10}","[141 141 141 255]","""""","9.9","false","{breed subscribers}","0","""default""","""none""","0"
"{media 57}","{citizen 11}","[141 141 141 255]","""""","9.9","false","{breed subscribers}","0","""default""","""none""","0"
"{media 57}","{citizen 12}","[141 141 141 255]","""""","9.9","false","{breed subscribers}","0","""default""","""none""","0"
"{media 57}","{citizen 13}","[141 141 141 255]","""""","9.9","false","{breed subscribers}","0","""default""","""none""","0"
"{media 57}","{citizen 14}","[141 141 141 255]","""""","9.9","false","{breed subscribers}","0","""default""","""none""","0"
"{media 57}","{citizen 15}","[141 141 141 255]","""""","9.9","false","{breed subscribers}","0","""default""","""none""","0"
"{media 57}","{citizen 16}","[141 141 141 255]","""""","9.9","false","{breed subscribers}","0","""default""","""none""","0"
"{media 57}","{citizen 17}","[141 141 141 255]","""""","9.9","false","{breed subscribers}","0","""default""","""none""","0"
"{media 57}","{citizen 19}","[141 141 141 255]","""""","9.9","false","{breed subscribers}","0","""default""","""none""","0"
"{media 57}","{citizen 20}","[141 141 141 255]","""""","9.9","false","{breed subscribers}","0","""default""","""none""","0"
"{media 57}","{citizen 21}","[141 141 141 255]","""""","9.9","false","{breed subscribers}","0","""default""","""none""","0"
"{media 57}","{citizen 23}","[141 141 141 255]","""""","9.9","false","{breed subscribers}","0","""default""","""none""","0"
"{media 57}","{citizen 24}","[141 141 141 255]","""""","9.9","false","{breed subscribers}","0","""default""","""none""","0"
"{media 57}","{citizen 25}","[141 141 141 255]","""""","9.9","false","{breed subscribers}","0","""default""","""none""","0"
"{media 57}","{citizen 26}","[141 141 141 255]","""""","9.9","false","{breed subscribers}","0","""default""","""none""","0"
"{media 57}","{citizen 27}","[141 141 141 255]","""""","9.9","false","{breed subscribers}","0","""default""","""none""","0"
"{media 57}","{citizen 28}","[141 141 141 255]","""""","9.9","false","{breed subscribers}","0","""default""","""none""","0"
"{media 57}","{citizen 29}","[141 141 141 255]","""""","9.9","false","{breed subscribers}","0","""default""","""none""","0"
"{media 57}","{citizen 30}","[141 141 141 255]","""""","9.9","false","{breed subscribers}","0","""default""","""none""","0"
"{media 57}","{citizen 31}","[141 141 141 255]","""""","9.9","false","{breed subscribers}","0","""default""","""none""","0"
"{media 57}","{citizen 33}","[141 141 141 255]","""""","9.9","false","{breed subscribers}","0","""default""","""none""","0"
"{media 57}","{citizen 34}","[141 141 141 255]","""""","9.9","false","{breed subscribers}","0","""default""","""none""","0"
"{media 57}","{citizen 35}","[141 141 141 255]","""""","9.9","false","{breed subscribers}","0","""default""","""none""","0"
"{media 57}","{citizen 36}","[141 141 141 255]","""""","9.9","false","{breed subscribers}","0","""default""","""none""","0"
"{media 57}","{citizen 37}","[141 141 141 255]","""""","9.9","false","{breed subscribers}","0","""default""","""none""","0"
"{media 57}","{citizen 38}","[141 141 141 255]","""""","9.9","false","{breed subscribers}","0","""default""","""none""","0"
"{media 57}","{citizen 39}","[141 141 141 255]","""""","9.9","false","{breed subscribers}","0","""default""","""none""","0"
"{media 57}","{citizen 40}","[141 141 141 255]","""""","9.9","false","{breed subscribers}","0","""default""","""none""","0"
"{media 57}","{citizen 42}","[141 141 141 255]","""""","9.9","false","{breed subscribers}","0","""default""","""none""","0"
"{media 57}","{citizen 43}","[141 141 141 255]","""""","9.9","false","{breed subscribers}","0","""default""","""none""","0"
"{media 57}","{citizen 45}","[141 141 141 255]","""""","9.9","false","{breed subscribers}","0","""default""","""none""","0"
"{media 57}","{citizen 46}","[141 141 141 255]","""""","9.9","false","{breed subscribers}","0","""default""","""none""","0"
"{media 57}","{citizen 47}","[141 141 141 255]","""""","9.9","false","{breed subscribers}","0","""default""","""none""","0"
"{media 57}","{citizen 48}","[141 141 141 255]","""""","9.9","false","{breed subscribers}","0","""default""","""none""","0"
"{media 57}","{citizen 49}","[141 141 141 255]","""""","9.9","false","{breed subscribers}","0","""default""","""none""","0"
"{media 58}","{citizen 1}","[141 141 141 255]","""""","9.9","false","{breed subscribers}","0","""default""","""none""","0"
"{media 58}","{citizen 4}","[141 141 141 255]","""""","9.9","false","{breed subscribers}","0","""default""","""none""","0"
"{media 58}","{citizen 5}","[141 141 141 255]","""""","9.9","false","{breed subscribers}","0","""default""","""none""","0"
"{media 58}","{citizen 7}","[141 141 141 255]","""""","9.9","false","{breed subscribers}","0","""default""","""none""","0"
"{media 58}","{citizen 9}","[141 141 141 255]","""""","9.9","false","{breed subscribers}","0","""default""","""none""","0"
"{media 58}","{citizen 11}","[141 141 141 255]","""""","9.9","false","{breed subscribers}","0","""default""","""none""","0"
"{media 58}","{citizen 13}","[141 141 141 255]","""""","9.9","false","{breed subscribers}","0","""default""","""none""","0"
"{media 58}","{citizen 14}","[141 141 141 255]","""""","9.9","false","{breed subscribers}","0","""default""","""none""","0"
"{media 58}","{citizen 16}","[141 141 141 255]","""""","9.9","false","{breed subscribers}","0","""default""","""none""","0"
"{media 58}","{citizen 18}","[141 141 141 255]","""""","9.9","false","{breed subscribers}","0","""default""","""none""","0"
"{media 58}","{citizen 21}","[141 141 141 255]","""""","9.9","false","{breed subscribers}","0","""default""","""none""","0"
"{media 58}","{citizen 22}","[141 141 141 255]","""""","9.9","false","{breed subscribers}","0","""default""","""none""","0"
"{media 58}","{citizen 24}","[141 141 141 255]","""""","9.9","false","{breed subscribers}","0","""default""","""none""","0"
"{media 58}","{citizen 26}","[141 141 141 255]","""""","9.9","false","{breed subscribers}","0","""default""","""none""","0"
"{media 58}","{citizen 28}","[141 141 141 255]","""""","9.9","false","{breed subscribers}","0","""default""","""none""","0"
"{media 58}","{citizen 32}","[141 141 141 255]","""""","9.9","false","{breed subscribers}","0","""default""","""none""","0"
"{media 58}","{citizen 35}","[141 141 141 255]","""""","9.9","false","{breed subscribers}","0","""default""","""none""","0"
"{media 58}","{citizen 36}","[141 141 141 255]","""""","9.9","false","{breed subscribers}","0","""default""","""none""","0"
"{media 58}","{citizen 38}","[141 141 141 255]","""""","9.9","false","{breed subscribers}","0","""default""","""none""","0"
"{media 58}","{citizen 40}","[141 141 141 255]","""""","9.9","false","{breed subscribers}","0","""default""","""none""","0"
"{media 58}","{citizen 41}","[141 141 141 255]","""""","9.9","false","{breed subscribers}","0","""default""","""none""","0"
"{media 58}","{citizen 42}","[141 141 141 255]","""""","9.9","false","{breed subscribers}","0","""default""","""none""","0"
"{media 58}","{citizen 44}","[141 141 141 255]","""""","9.9","false","{breed subscribers}","0","""default""","""none""","0"
"{media 58}","{citizen 45}","[141 141 141 255]","""""","9.9","false","{breed subscribers}","0","""default""","""none""","0"
"{media 59}","{citizen 4}","[141 141 141 255]","""""","9.9","false","{breed subscribers}","0","""default""","""none""","0"
"{media 59}","{citizen 5}","[141 141 141 255]","""""","9.9","false","{breed subscribers}","0","""default""","""none""","0"
"{media 59}","{citizen 7}","[141 141 141 255]","""""","9.9","false","{breed subscribers}","0","""default""","""none""","0"
"{media 59}","{citizen 18}","[141 141 141 255]","""""","9.9","false","{breed subscribers}","0","""default""","""none""","0"
"{media 59}","{citizen 22}","[141 141 141 255]","""""","9.9","false","{breed subscribers}","0","""default""","""none""","0"
"{media 59}","{citizen 32}","[141 141 141 255]","""""","9.9","false","{breed subscribers}","0","""default""","""none""","0"
"{media 59}","{citizen 41}","[141 141 141 255]","""""","9.9","false","{breed subscribers}","0","""default""","""none""","0"
"{media 59}","{citizen 44}","[141 141 141 255]","""""","9.9","false","{breed subscribers}","0","""default""","""none""","0"
"{media 60}","{citizen 1}","[141 141 141 255]","""""","9.9","false","{breed subscribers}","0","""default""","""none""","0"
"{media 60}","{citizen 4}","[141 141 141 255]","""""","9.9","false","{breed subscribers}","0","""default""","""none""","0"
"{media 60}","{citizen 5}","[141 141 141 255]","""""","9.9","false","{breed subscribers}","0","""default""","""none""","0"
"{media 60}","{citizen 7}","[141 141 141 255]","""""","9.9","false","{breed subscribers}","0","""default""","""none""","0"
"{media 60}","{citizen 9}","[141 141 141 255]","""""","9.9","false","{breed subscribers}","0","""default""","""none""","0"
"{media 60}","{citizen 11}","[141 141 141 255]","""""","9.9","false","{breed subscribers}","0","""default""","""none""","0"
"{media 60}","{citizen 13}","[141 141 141 255]","""""","9.9","false","{breed subscribers}","0","""default""","""none""","0"
"{media 60}","{citizen 14}","[141 141 141 255]","""""","9.9","false","{breed subscribers}","0","""default""","""none""","0"
"{media 60}","{citizen 16}","[141 141 141 255]","""""","9.9","false","{breed subscribers}","0","""default""","""none""","0"
"{media 60}","{citizen 18}","[141 141 141 255]","""""","9.9","false","{breed subscribers}","0","""default""","""none""","0"
"{media 60}","{citizen 21}","[141 141 141 255]","""""","9.9","false","{breed subscribers}","0","""default""","""none""","0"
"{media 60}","{citizen 22}","[141 141 141 255]","""""","9.9","false","{breed subscribers}","0","""default""","""none""","0"
"{media 60}","{citizen 24}","[141 141 141 255]","""""","9.9","false","{breed subscribers}","0","""default""","""none""","0"
"{media 60}","{citizen 26}","[141 141 141 255]","""""","9.9","false","{breed subscribers}","0","""default""","""none""","0"
"{media 60}","{citizen 28}","[141 141 141 255]","""""","9.9","false","{breed subscribers}","0","""default""","""none""","0"
"{media 60}","{citizen 32}","[141 141 141 255]","""""","9.9","false","{breed subscribers}","0","""default""","""none""","0"
"{media 60}","{citizen 35}","[141 141 141 255]","""""","9.9","false","{breed subscribers}","0","""default""","""none""","0"
"{media 60}","{citizen 36}","[141 141 141 255]","""""","9.9","false","{breed subscribers}","0","""default""","""none""","0"
"{media 60}","{citizen 38}","[141 141 141 255]","""""","9.9","false","{breed subscribers}","0","""default""","""none""","0"
"{media 60}","{citizen 40}","[141 141 141 255]","""""","9.9","false","{breed subscribers}","0","""default""","""none""","0"
"{media 60}","{citizen 41}","[141 141 141 255]","""""","9.9","false","{breed subscribers}","0","""default""","""none""","0"
"{media 60}","{citizen 42}","[141 141 141 255]","""""","9.9","false","{breed subscribers}","0","""default""","""none""","0"
"{media 60}","{citizen 44}","[141 141 141 255]","""""","9.9","false","{breed subscribers}","0","""default""","""none""","0"
"{media 60}","{citizen 45}","[141 141 141 255]","""""","9.9","false","{breed subscribers}","0","""default""","""none""","0"
"{media 61}","{citizen 0}","[141 141 141 255]","""""","9.9","false","{breed subscribers}","0","""default""","""none""","0"
"{media 61}","{citizen 2}","[141 141 141 255]","""""","9.9","false","{breed subscribers}","0","""default""","""none""","0"
"{media 61}","{citizen 3}","[141 141 141 255]","""""","9.9","false","{breed subscribers}","0","""default""","""none""","0"
"{media 61}","{citizen 6}","[141 141 141 255]","""""","9.9","false","{breed subscribers}","0","""default""","""none""","0"
"{media 61}","{citizen 8}","[141 141 141 255]","""""","9.9","false","{breed subscribers}","0","""default""","""none""","0"
"{media 61}","{citizen 10}","[141 141 141 255]","""""","9.9","false","{breed subscribers}","0","""default""","""none""","0"
"{media 61}","{citizen 12}","[141 141 141 255]","""""","9.9","false","{breed subscribers}","0","""default""","""none""","0"
"{media 61}","{citizen 15}","[141 141 141 255]","""""","9.9","false","{breed subscribers}","0","""default""","""none""","0"
"{media 61}","{citizen 17}","[141 141 141 255]","""""","9.9","false","{breed subscribers}","0","""default""","""none""","0"
"{media 61}","{citizen 19}","[141 141 141 255]","""""","9.9","false","{breed subscribers}","0","""default""","""none""","0"
"{media 61}","{citizen 20}","[141 141 141 255]","""""","9.9","false","{breed subscribers}","0","""default""","""none""","0"
"{media 61}","{citizen 23}","[141 141 141 255]","""""","9.9","false","{breed subscribers}","0","""default""","""none""","0"
"{media 61}","{citizen 25}","[141 141 141 255]","""""","9.9","false","{breed subscribers}","0","""default""","""none""","0"
"{media 61}","{citizen 27}","[141 141 141 255]","""""","9.9","false","{breed subscribers}","0","""default""","""none""","0"
"{media 61}","{citizen 29}","[141 141 141 255]","""""","9.9","false","{breed subscribers}","0","""default""","""none""","0"
"{media 61}","{citizen 30}","[141 141 141 255]","""""","9.9","false","{breed subscribers}","0","""default""","""none""","0"
"{media 61}","{citizen 31}","[141 141 141 255]","""""","9.9","false","{breed subscribers}","0","""default""","""none""","0"
"{media 61}","{citizen 33}","[141 141 141 255]","""""","9.9","false","{breed subscribers}","0","""default""","""none""","0"
"{media 61}","{citizen 34}","[141 141 141 255]","""""","9.9","false","{breed subscribers}","0","""default""","""none""","0"
"{media 61}","{citizen 37}","[141 141 141 255]","""""","9.9","false","{breed subscribers}","0","""default""","""none""","0"
"{media 61}","{citizen 39}","[141 141 141 255]","""""","9.9","false","{breed subscribers}","0","""default""","""none""","0"
"{media 61}","{citizen 43}","[141 141 141 255]","""""","9.9","false","{breed subscribers}","0","""default""","""none""","0"
"{media 61}","{citizen 46}","[141 141 141 255]","""""","9.9","false","{breed subscribers}","0","""default""","""none""","0"
"{media 61}","{citizen 47}","[141 141 141 255]","""""","9.9","false","{breed subscribers}","0","""default""","""none""","0"
"{media 61}","{citizen 48}","[141 141 141 255]","""""","9.9","false","{breed subscribers}","0","""default""","""none""","0"
"{media 61}","{citizen 49}","[141 141 141 255]","""""","9.9","false","{breed subscribers}","0","""default""","""none""","0"
"{media 62}","{citizen 1}","[141 141 141 255]","""""","9.9","false","{breed subscribers}","0","""default""","""none""","0"
"{media 62}","{citizen 4}","[141 141 141 255]","""""","9.9","false","{breed subscribers}","0","""default""","""none""","0"
"{media 62}","{citizen 5}","[141 141 141 255]","""""","9.9","false","{breed subscribers}","0","""default""","""none""","0"
"{media 62}","{citizen 7}","[141 141 141 255]","""""","9.9","false","{breed subscribers}","0","""default""","""none""","0"
"{media 62}","{citizen 9}","[141 141 141 255]","""""","9.9","false","{breed subscribers}","0","""default""","""none""","0"
"{media 62}","{citizen 11}","[141 141 141 255]","""""","9.9","false","{breed subscribers}","0","""default""","""none""","0"
"{media 62}","{citizen 13}","[141 141 141 255]","""""","9.9","false","{breed subscribers}","0","""default""","""none""","0"
"{media 62}","{citizen 14}","[141 141 141 255]","""""","9.9","false","{breed subscribers}","0","""default""","""none""","0"
"{media 62}","{citizen 16}","[141 141 141 255]","""""","9.9","false","{breed subscribers}","0","""default""","""none""","0"
"{media 62}","{citizen 18}","[141 141 141 255]","""""","9.9","false","{breed subscribers}","0","""default""","""none""","0"
"{media 62}","{citizen 21}","[141 141 141 255]","""""","9.9","false","{breed subscribers}","0","""default""","""none""","0"
"{media 62}","{citizen 22}","[141 141 141 255]","""""","9.9","false","{breed subscribers}","0","""default""","""none""","0"
"{media 62}","{citizen 24}","[141 141 141 255]","""""","9.9","false","{breed subscribers}","0","""default""","""none""","0"
"{media 62}","{citizen 26}","[141 141 141 255]","""""","9.9","false","{breed subscribers}","0","""default""","""none""","0"
"{media 62}","{citizen 28}","[141 141 141 255]","""""","9.9","false","{breed subscribers}","0","""default""","""none""","0"
"{media 62}","{citizen 32}","[141 141 141 255]","""""","9.9","false","{breed subscribers}","0","""default""","""none""","0"
"{media 62}","{citizen 35}","[141 141 141 255]","""""","9.9","false","{breed subscribers}","0","""default""","""none""","0"
"{media 62}","{citizen 36}","[141 141 141 255]","""""","9.9","false","{breed subscribers}","0","""default""","""none""","0"
"{media 62}","{citizen 38}","[141 141 141 255]","""""","9.9","false","{breed subscribers}","0","""default""","""none""","0"
"{media 62}","{citizen 40}","[141 141 141 255]","""""","9.9","false","{breed subscribers}","0","""default""","""none""","0"
"{media 62}","{citizen 41}","[141 141 141 255]","""""","9.9","false","{breed subscribers}","0","""default""","""none""","0"
"{media 62}","{citizen 42}","[141 141 141 255]","""""","9.9","false","{breed subscribers}","0","""default""","""none""","0"
"{media 62}","{citizen 44}","[141 141 141 255]","""""","9.9","false","{breed subscribers}","0","""default""","""none""","0"
"{media 62}","{citizen 45}","[141 141 141 255]","""""","9.9","false","{breed subscribers}","0","""default""","""none""","0"
"{media 63}","{citizen 1}","[141 141 141 255]","""""","9.9","false","{breed subscribers}","0","""default""","""none""","0"
"{media 63}","{citizen 4}","[141 141 141 255]","""""","9.9","false","{breed subscribers}","0","""default""","""none""","0"
"{media 63}","{citizen 5}","[141 141 141 255]","""""","9.9","false","{breed subscribers}","0","""default""","""none""","0"
"{media 63}","{citizen 7}","[141 141 141 255]","""""","9.9","false","{breed subscribers}","0","""default""","""none""","0"
"{media 63}","{citizen 9}","[141 141 141 255]","""""","9.9","false","{breed subscribers}","0","""default""","""none""","0"
"{media 63}","{citizen 11}","[141 141 141 255]","""""","9.9","false","{breed subscribers}","0","""default""","""none""","0"
"{media 63}","{citizen 13}","[141 141 141 255]","""""","9.9","false","{breed subscribers}","0","""default""","""none""","0"
"{media 63}","{citizen 14}","[141 141 141 255]","""""","9.9","false","{breed subscribers}","0","""default""","""none""","0"
"{media 63}","{citizen 16}","[141 141 141 255]","""""","9.9","false","{breed subscribers}","0","""default""","""none""","0"
"{media 63}","{citizen 18}","[141 141 141 255]","""""","9.9","false","{breed subscribers}","0","""default""","""none""","0"
"{media 63}","{citizen 21}","[141 141 141 255]","""""","9.9","false","{breed subscribers}","0","""default""","""none""","0"
"{media 63}","{citizen 22}","[141 141 141 255]","""""","9.9","false","{breed subscribers}","0","""default""","""none""","0"
"{media 63}","{citizen 24}","[141 141 141 255]","""""","9.9","false","{breed subscribers}","0","""default""","""none""","0"
"{media 63}","{citizen 26}","[141 141 141 255]","""""","9.9","false","{breed subscribers}","0","""default""","""none""","0"
"{media 63}","{citizen 28}","[141 141 141 255]","""""","9.9","false","{breed subscribers}","0","""default""","""none""","0"
"{media 63}","{citizen 32}","[141 141 141 255]","""""","9.9","false","{breed subscribers}","0","""default""","""none""","0"
"{media 63}","{citizen 35}","[141 141 141 255]","""""","9.9","false","{breed subscribers}","0","""default""","""none""","0"
"{media 63}","{citizen 36}","[141 141 141 255]","""""","9.9","false","{breed subscribers}","0","""default""","""none""","0"
"{media 63}","{citizen 38}","[141 141 141 255]","""""","9.9","false","{breed subscribers}","0","""default""","""none""","0"
"{media 63}","{citizen 40}","[141 141 141 255]","""""","9.9","false","{breed subscribers}","0","""default""","""none""","0"
"{media 63}","{citizen 41}","[141 141 141 255]","""""","9.9","false","{breed subscribers}","0","""default""","""none""","0"
"{media 63}","{citizen 42}","[141 141 141 255]","""""","9.9","false","{breed subscribers}","0","""default""","""none""","0"
"{media 63}","{citizen 44}","[141 141 141 255]","""""","9.9","false","{breed subscribers}","0","""default""","""none""","0"
"{media 63}","{citizen 45}","[141 141 141 255]","""""","9.9","false","{breed subscribers}","0","""default""","""none""","0"
"{media 64}","{citizen 1}","[141 141 141 255]","""""","9.9","false","{breed subscribers}","0","""default""","""none""","0"
"{media 64}","{citizen 4}","[141 141 141 255]","""""","9.9","false","{breed subscribers}","0","""default""","""none""","0"
"{media 64}","{citizen 5}","[141 141 141 255]","""""","9.9","false","{breed subscribers}","0","""default""","""none""","0"
"{media 64}","{citizen 7}","[141 141 141 255]","""""","9.9","false","{breed subscribers}","0","""default""","""none""","0"
"{media 64}","{citizen 9}","[141 141 141 255]","""""","9.9","false","{breed subscribers}","0","""default""","""none""","0"
"{media 64}","{citizen 11}","[141 141 141 255]","""""","9.9","false","{breed subscribers}","0","""default""","""none""","0"
"{media 64}","{citizen 13}","[141 141 141 255]","""""","9.9","false","{breed subscribers}","0","""default""","""none""","0"
"{media 64}","{citizen 14}","[141 141 141 255]","""""","9.9","false","{breed subscribers}","0","""default""","""none""","0"
"{media 64}","{citizen 16}","[141 141 141 255]","""""","9.9","false","{breed subscribers}","0","""default""","""none""","0"
"{media 64}","{citizen 18}","[141 141 141 255]","""""","9.9","false","{breed subscribers}","0","""default""","""none""","0"
"{media 64}","{citizen 21}","[141 141 141 255]","""""","9.9","false","{breed subscribers}","0","""default""","""none""","0"
"{media 64}","{citizen 22}","[141 141 141 255]","""""","9.9","false","{breed subscribers}","0","""default""","""none""","0"
"{media 64}","{citizen 24}","[141 141 141 255]","""""","9.9","false","{breed subscribers}","0","""default""","""none""","0"
"{media 64}","{citizen 26}","[141 141 141 255]","""""","9.9","false","{breed subscribers}","0","""default""","""none""","0"
"{media 64}","{citizen 28}","[141 141 141 255]","""""","9.9","false","{breed subscribers}","0","""default""","""none""","0"
"{media 64}","{citizen 32}","[141 141 141 255]","""""","9.9","false","{breed subscribers}","0","""default""","""none""","0"
"{media 64}","{citizen 35}","[141 141 141 255]","""""","9.9","false","{breed subscribers}","0","""default""","""none""","0"
"{media 64}","{citizen 36}","[141 141 141 255]","""""","9.9","false","{breed subscribers}","0","""default""","""none""","0"
"{media 64}","{citizen 38}","[141 141 141 255]","""""","9.9","false","{breed subscribers}","0","""default""","""none""","0"
"{media 64}","{citizen 40}","[141 141 141 255]","""""","9.9","false","{breed subscribers}","0","""default""","""none""","0"
"{media 64}","{citizen 41}","[141 141 141 255]","""""","9.9","false","{breed subscribers}","0","""default""","""none""","0"
"{media 64}","{citizen 42}","[141 141 141 255]","""""","9.9","false","{breed subscribers}","0","""default""","""none""","0"
"{media 64}","{citizen 44}","[141 141 141 255]","""""","9.9","false","{breed subscribers}","0","""default""","""none""","0"
"{media 64}","{citizen 45}","[141 141 141 255]","""""","9.9","false","{breed subscribers}","0","""default""","""none""","0"


"PLOTS"
"fragmentation"
"""cit-a-histogram"""
"x min","x max","y min","y max","autoplot?","current pen","legend open?","number of pens"
"-1","8","0","50","true","""default""","false","1"

"pen name","pen down?","mode","interval","color","x"
"""default""","true","1","1","0","5"

"""default"""
"x","y","color","pen down?"
"0","26","0","true"
"3","16","0","true"
"5","8","0","true"

"""Social Friend Degree of Nodes"""
"x min","x max","y min","y max","autoplot?","current pen","legend open?","number of pens"
"0","99","0","50","true","""default""","false","1"

"pen name","pen down?","mode","interval","color","x"
"""default""","true","1","1","0","98"

"""default"""
"x","y","color","pen down?"
"46","1","0","true"
"48","1","0","true"
"54","1","0","true"
"56","1","0","true"
"58","1","0","true"
"62","2","0","true"
"64","3","0","true"
"66","1","0","true"
"68","3","0","true"
"70","2","0","true"
"72","3","0","true"
"74","3","0","true"
"76","6","0","true"
"80","2","0","true"
"82","2","0","true"
"84","3","0","true"
"86","4","0","true"
"88","3","0","true"
"90","2","0","true"
"92","1","0","true"
"94","1","0","true"
"96","2","0","true"
"98","2","0","true"

"""percent-agent-beliefs"""
"x min","x max","y min","y max","autoplot?","current pen","legend open?","number of pens"
"0","116","0","1","true","""6""","false","7"

"pen name","pen down?","mode","interval","color","x"
"""0""","true","0","1","14.9","100"
"""1""","true","0","1","14.6","100"
"""2""","true","0","1","124.7","100"
"""3""","true","0","1","124.3","100"
"""4""","true","0","1","113.5","100"
"""5""","true","0","1","104.5","100"
"""6""","true","0","1","104.7","100"

"""0""",,,,"""1""",,,,"""2""",,,,"""3""",,,,"""4""",,,,"""5""",,,,"""6"""
"x","y","color","pen down?","x","y","color","pen down?","x","y","color","pen down?","x","y","color","pen down?","x","y","color","pen down?","x","y","color","pen down?","x","y","color","pen down?"
"0","0.12","14.9","true","0","0.1","14.6","true","0","0.26","124.7","true","0","0.16","124.3","true","0","0.14","113.5","true","0","0.08","104.5","true","0","0.14","104.7","true"
"1","0.02","14.9","true","1","0.48","14.6","true","1","0","124.7","true","1","0.02","124.3","true","1","0.4","113.5","true","1","0.08","104.5","true","1","0","104.7","true"
"2","0","14.9","true","2","0.12","14.6","true","2","0","124.7","true","2","0.5","124.3","true","2","0","113.5","true","2","0.38","104.5","true","2","0","104.7","true"
"3","0","14.9","true","3","0.42","14.6","true","3","0","124.7","true","3","0","124.3","true","3","0.58","113.5","true","3","0","104.5","true","3","0","104.7","true"
"4","0.14","14.9","true","4","0","14.6","true","4","0.42","124.7","true","4","0","124.3","true","4","0","113.5","true","4","0.44","104.5","true","4","0","104.7","true"
"5","0.52","14.9","true","5","0","14.6","true","5","0","124.7","true","5","0","124.3","true","5","0.46","113.5","true","5","0.02","104.5","true","5","0","104.7","true"
"6","0","14.9","true","6","0.22","14.6","true","6","0","124.7","true","6","0.14","124.3","true","6","0","113.5","true","6","0.64","104.5","true","6","0","104.7","true"
"7","0","14.9","true","7","0.04","14.6","true","7","0","124.7","true","7","0","124.3","true","7","0","113.5","true","7","0.04","104.5","true","7","0.92","104.7","true"
"8","0","14.9","true","8","0","14.6","true","8","0.02","124.7","true","8","0","124.3","true","8","0","113.5","true","8","0.98","104.5","true","8","0","104.7","true"
"9","0","14.9","true","9","0","14.6","true","9","0","124.7","true","9","0.5","124.3","true","9","0","113.5","true","9","0.5","104.5","true","9","0","104.7","true"
"10","0","14.9","true","10","0.02","14.6","true","10","0.24","124.7","true","10","0","124.3","true","10","0","113.5","true","10","0.74","104.5","true","10","0","104.7","true"
"11","0","14.9","true","11","0.22","14.6","true","11","0","124.7","true","11","0.22","124.3","true","11","0","113.5","true","11","0.56","104.5","true","11","0","104.7","true"
"12","0","14.9","true","12","0","14.6","true","12","0.62","124.7","true","12","0","124.3","true","12","0","113.5","true","12","0.38","104.5","true","12","0","104.7","true"
"13","0","14.9","true","13","0.24","14.6","true","13","0","124.7","true","13","0.06","124.3","true","13","0","113.5","true","13","0","104.5","true","13","0.7","104.7","true"
"14","0","14.9","true","14","0.06","14.6","true","14","0","124.7","true","14","0.08","124.3","true","14","0","113.5","true","14","0.86","104.5","true","14","0","104.7","true"
"15","0","14.9","true","15","0.8","14.6","true","15","0","124.7","true","15","0.1","124.3","true","15","0","113.5","true","15","0.1","104.5","true","15","0","104.7","true"
"16","0.24","14.9","true","16","0","14.6","true","16","0","124.7","true","16","0","124.3","true","16","0","113.5","true","16","0.76","104.5","true","16","0","104.7","true"
"17","0.02","14.9","true","17","0","14.6","true","17","0.46","124.7","true","17","0.04","124.3","true","17","0","113.5","true","17","0.48","104.5","true","17","0","104.7","true"
"18","0.16","14.9","true","18","0","14.6","true","18","0","124.7","true","18","0.82","124.3","true","18","0","113.5","true","18","0","104.5","true","18","0.02","104.7","true"
"19","0","14.9","true","19","0.2","14.6","true","19","0","124.7","true","19","0.02","124.3","true","19","0","113.5","true","19","0.78","104.5","true","19","0","104.7","true"
"20","0.28","14.9","true","20","0","14.6","true","20","0.32","124.7","true","20","0","124.3","true","20","0","113.5","true","20","0","104.5","true","20","0.4","104.7","true"
"21","0.2","14.9","true","21","0","14.6","true","21","0","124.7","true","21","0.46","124.3","true","21","0","113.5","true","21","0.34","104.5","true","21","0","104.7","true"
"22","0.16","14.9","true","22","0","14.6","true","22","0","124.7","true","22","0.2","124.3","true","22","0","113.5","true","22","0.64","104.5","true","22","0","104.7","true"
"23","0","14.9","true","23","0","14.6","true","23","0.52","124.7","true","23","0","124.3","true","23","0","113.5","true","23","0.48","104.5","true","23","0","104.7","true"
"24","0.06","14.9","true","24","0","14.6","true","24","0.22","124.7","true","24","0","124.3","true","24","0.72","113.5","true","24","0","104.5","true","24","0","104.7","true"
"25","0.08","14.9","true","25","0","14.6","true","25","0.54","124.7","true","25","0","124.3","true","25","0","113.5","true","25","0.38","104.5","true","25","0","104.7","true"
"26","0","14.9","true","26","0.6","14.6","true","26","0","124.7","true","26","0.18","124.3","true","26","0","113.5","true","26","0.22","104.5","true","26","0","104.7","true"
"27","0.36","14.9","true","27","0","14.6","true","27","0","124.7","true","27","0.48","124.3","true","27","0","113.5","true","27","0.02","104.5","true","27","0.14","104.7","true"
"28","0.78","14.9","true","28","0","14.6","true","28","0","124.7","true","28","0.12","124.3","true","28","0","113.5","true","28","0","104.5","true","28","0.1","104.7","true"
"29","0.02","14.9","true","29","0.54","14.6","true","29","0","124.7","true","29","0.02","124.3","true","29","0.42","113.5","true","29","0","104.5","true","29","0","104.7","true"
"30","0","14.9","true","30","0.74","14.6","true","30","0","124.7","true","30","0.12","124.3","true","30","0","113.5","true","30","0.14","104.5","true","30","0","104.7","true"
"31","0.44","14.9","true","31","0","14.6","true","31","0","124.7","true","31","0","124.3","true","31","0.42","113.5","true","31","0","104.5","true","31","0.14","104.7","true"
"32","0.22","14.9","true","32","0","14.6","true","32","0.04","124.7","true","32","0","124.3","true","32","0","113.5","true","32","0.02","104.5","true","32","0.72","104.7","true"
"33","0.18","14.9","true","33","0","14.6","true","33","0","124.7","true","33","0.46","124.3","true","33","0","113.5","true","33","0.36","104.5","true","33","0","104.7","true"
"34","0","14.9","true","34","0.02","14.6","true","34","0.56","124.7","true","34","0","124.3","true","34","0","113.5","true","34","0.4","104.5","true","34","0.02","104.7","true"
"35","0","14.9","true","35","0.08","14.6","true","35","0","124.7","true","35","0.42","124.3","true","35","0","113.5","true","35","0.5","104.5","true","35","0","104.7","true"
"36","0","14.9","true","36","0.16","14.6","true","36","0","124.7","true","36","0.5","124.3","true","36","0","113.5","true","36","0.34","104.5","true","36","0","104.7","true"
"37","0.86","14.9","true","37","0","14.6","true","37","0","124.7","true","37","0","124.3","true","37","0.14","113.5","true","37","0","104.5","true","37","0","104.7","true"
"38","0.92","14.9","true","38","0","14.6","true","38","0","124.7","true","38","0.06","124.3","true","38","0","113.5","true","38","0.02","104.5","true","38","0","104.7","true"
"39","0","14.9","true","39","1","14.6","true","39","0","124.7","true","39","0","124.3","true","39","0","113.5","true","39","0","104.5","true","39","0","104.7","true"
"40","0.68","14.9","true","40","0","14.6","true","40","0.3","124.7","true","40","0.02","124.3","true","40","0","113.5","true","40","0","104.5","true","40","0","104.7","true"
"41","0","14.9","true","41","0.04","14.6","true","41","0","124.7","true","41","0","124.3","true","41","0.96","113.5","true","41","0","104.5","true","41","0","104.7","true"
"42","0.12","14.9","true","42","0","14.6","true","42","0","124.7","true","42","0.4","124.3","true","42","0","113.5","true","42","0.48","104.5","true","42","0","104.7","true"
"43","0.2","14.9","true","43","0","14.6","true","43","0.16","124.7","true","43","0","124.3","true","43","0","113.5","true","43","0.62","104.5","true","43","0.02","104.7","true"
"44","0","14.9","true","44","0.34","14.6","true","44","0","124.7","true","44","0.1","124.3","true","44","0","113.5","true","44","0.56","104.5","true","44","0","104.7","true"
"45","0","14.9","true","45","0","14.6","true","45","0.04","124.7","true","45","0","124.3","true","45","0","113.5","true","45","0.96","104.5","true","45","0","104.7","true"
"46","0.02","14.9","true","46","0.22","14.6","true","46","0","124.7","true","46","0.24","124.3","true","46","0","113.5","true","46","0.52","104.5","true","46","0","104.7","true"
"47","0.2","14.9","true","47","0","14.6","true","47","0","124.7","true","47","0.58","124.3","true","47","0","113.5","true","47","0.22","104.5","true","47","0","104.7","true"
"48","0","14.9","true","48","0.46","14.6","true","48","0","124.7","true","48","0","124.3","true","48","0.54","113.5","true","48","0","104.5","true","48","0","104.7","true"
"49","0.16","14.9","true","49","0","14.6","true","49","0","124.7","true","49","0.84","124.3","true","49","0","113.5","true","49","0","104.5","true","49","0","104.7","true"
"50","0","14.9","true","50","0.18","14.6","true","50","0","124.7","true","50","0.02","124.3","true","50","0.02","113.5","true","50","0.78","104.5","true","50","0","104.7","true"
"51","0.02","14.9","true","51","0.44","14.6","true","51","0","124.7","true","51","0.02","124.3","true","51","0.52","113.5","true","51","0","104.5","true","51","0","104.7","true"
"52","0.1","14.9","true","52","0","14.6","true","52","0","124.7","true","52","0.32","124.3","true","52","0","113.5","true","52","0.58","104.5","true","52","0","104.7","true"
"53","0.22","14.9","true","53","0","14.6","true","53","0","124.7","true","53","0","124.3","true","53","0.6","113.5","true","53","0","104.5","true","53","0.18","104.7","true"
"54","0.02","14.9","true","54","0.46","14.6","true","54","0","124.7","true","54","0.22","124.3","true","54","0","113.5","true","54","0.3","104.5","true","54","0","104.7","true"
"55","0.34","14.9","true","55","0","14.6","true","55","0","124.7","true","55","0.64","124.3","true","55","0","113.5","true","55","0.02","104.5","true","55","0","104.7","true"
"56","0.48","14.9","true","56","0","14.6","true","56","0","124.7","true","56","0.26","124.3","true","56","0","113.5","true","56","0.26","104.5","true","56","0","104.7","true"
"57","0","14.9","true","57","0.54","14.6","true","57","0","124.7","true","57","0","124.3","true","57","0.46","113.5","true","57","0","104.5","true","57","0","104.7","true"
"58","0.26","14.9","true","58","0","14.6","true","58","0","124.7","true","58","0.28","124.3","true","58","0","113.5","true","58","0.46","104.5","true","58","0","104.7","true"
"59","0.42","14.9","true","59","0","14.6","true","59","0.38","124.7","true","59","0","124.3","true","59","0","113.5","true","59","0.02","104.5","true","59","0.18","104.7","true"
"60","0.5","14.9","true","60","0","14.6","true","60","0","124.7","true","60","0.2","124.3","true","60","0","113.5","true","60","0.3","104.5","true","60","0","104.7","true"
"61","0","14.9","true","61","0.7","14.6","true","61","0","124.7","true","61","0.28","124.3","true","61","0.02","113.5","true","61","0","104.5","true","61","0","104.7","true"
"62","0.32","14.9","true","62","0","14.6","true","62","0","124.7","true","62","0.36","124.3","true","62","0","113.5","true","62","0.32","104.5","true","62","0","104.7","true"
"63","0","14.9","true","63","0.22","14.6","true","63","0","124.7","true","63","0.04","124.3","true","63","0","113.5","true","63","0.74","104.5","true","63","0","104.7","true"
"64","0.4","14.9","true","64","0","14.6","true","64","0","124.7","true","64","0.3","124.3","true","64","0","113.5","true","64","0","104.5","true","64","0.3","104.7","true"
"65","0","14.9","true","65","0.4","14.6","true","65","0","124.7","true","65","0","124.3","true","65","0.6","113.5","true","65","0","104.5","true","65","0","104.7","true"
"66","0.34","14.9","true","66","0","14.6","true","66","0.38","124.7","true","66","0","124.3","true","66","0","113.5","true","66","0.28","104.5","true","66","0","104.7","true"
"67","0","14.9","true","67","0.02","14.6","true","67","0.02","124.7","true","67","0.56","124.3","true","67","0","113.5","true","67","0","104.5","true","67","0.4","104.7","true"
"68","0.44","14.9","true","68","0","14.6","true","68","0","124.7","true","68","0","124.3","true","68","0.34","113.5","true","68","0","104.5","true","68","0.22","104.7","true"
"69","0","14.9","true","69","0","14.6","true","69","0","124.7","true","69","0.86","124.3","true","69","0","113.5","true","69","0","104.5","true","69","0.14","104.7","true"
"70","0","14.9","true","70","0.04","14.6","true","70","0","124.7","true","70","0","124.3","true","70","0.94","113.5","true","70","0.02","104.5","true","70","0","104.7","true"
"71","0","14.9","true","71","0.04","14.6","true","71","0","124.7","true","71","0","124.3","true","71","0.04","113.5","true","71","0.92","104.5","true","71","0","104.7","true"
"72","0.02","14.9","true","72","0.5","14.6","true","72","0","124.7","true","72","0","124.3","true","72","0.02","113.5","true","72","0.46","104.5","true","72","0","104.7","true"
"73","0.06","14.9","true","73","0","14.6","true","73","0","124.7","true","73","0.02","124.3","true","73","0","113.5","true","73","0.92","104.5","true","73","0","104.7","true"
"74","0","14.9","true","74","0.7","14.6","true","74","0.04","124.7","true","74","0","124.3","true","74","0.26","113.5","true","74","0","104.5","true","74","0","104.7","true"
"75","0.34","14.9","true","75","0","14.6","true","75","0","124.7","true","75","0.54","124.3","true","75","0","113.5","true","75","0.12","104.5","true","75","0","104.7","true"
"76","0.2","14.9","true","76","0","14.6","true","76","0.74","124.7","true","76","0","124.3","true","76","0","113.5","true","76","0.06","104.5","true","76","0","104.7","true"
"77","0.36","14.9","true","77","0","14.6","true","77","0","124.7","true","77","0","124.3","true","77","0.02","113.5","true","77","0","104.5","true","77","0.62","104.7","true"
"78","0","14.9","true","78","0.14","14.6","true","78","0","124.7","true","78","0.1","124.3","true","78","0","113.5","true","78","0.76","104.5","true","78","0","104.7","true"
"79","0.46","14.9","true","79","0","14.6","true","79","0.18","124.7","true","79","0","124.3","true","79","0","113.5","true","79","0.36","104.5","true","79","0","104.7","true"
"80","0.28","14.9","true","80","0","14.6","true","80","0","124.7","true","80","0","124.3","true","80","0","113.5","true","80","0.72","104.5","true","80","0","104.7","true"
"81","0","14.9","true","81","0.64","14.6","true","81","0","124.7","true","81","0.36","124.3","true","81","0","113.5","true","81","0","104.5","true","81","0","104.7","true"
"82","0.5","14.9","true","82","0","14.6","true","82","0","124.7","true","82","0.24","124.3","true","82","0","113.5","true","82","0.26","104.5","true","82","0","104.7","true"
"83","0","14.9","true","83","0.44","14.6","true","83","0","124.7","true","83","0","124.3","true","83","0.56","113.5","true","83","0","104.5","true","83","0","104.7","true"
"84","0.58","14.9","true","84","0","14.6","true","84","0","124.7","true","84","0.12","124.3","true","84","0","113.5","true","84","0.3","104.5","true","84","0","104.7","true"
"85","0.3","14.9","true","85","0","14.6","true","85","0","124.7","true","85","0.24","124.3","true","85","0","113.5","true","85","0.46","104.5","true","85","0","104.7","true"
"86","0","14.9","true","86","0.34","14.6","true","86","0","124.7","true","86","0.06","124.3","true","86","0","113.5","true","86","0.6","104.5","true","86","0","104.7","true"
"87","0.12","14.9","true","87","0","14.6","true","87","0","124.7","true","87","0","124.3","true","87","0.88","113.5","true","87","0","104.5","true","87","0","104.7","true"
"88","0","14.9","true","88","0.28","14.6","true","88","0","124.7","true","88","0.68","124.3","true","88","0.02","113.5","true","88","0.02","104.5","true","88","0","104.7","true"
"89","0.02","14.9","true","89","0.3","14.6","true","89","0","124.7","true","89","0","124.3","true","89","0","113.5","true","89","0.68","104.5","true","89","0","104.7","true"
"90","0","14.9","true","90","0.1","14.6","true","90","0","124.7","true","90","0.26","124.3","true","90","0","113.5","true","90","0.64","104.5","true","90","0","104.7","true"
"91","0.64","14.9","true","91","0","14.6","true","91","0","124.7","true","91","0.06","124.3","true","91","0","113.5","true","91","0.02","104.5","true","91","0.28","104.7","true"
"92","0.34","14.9","true","92","0","14.6","true","92","0.36","124.7","true","92","0","124.3","true","92","0","113.5","true","92","0.3","104.5","true","92","0","104.7","true"
"93","0","14.9","true","93","0.78","14.6","true","93","0","124.7","true","93","0.08","124.3","true","93","0","113.5","true","93","0.14","104.5","true","93","0","104.7","true"
"94","0","14.9","true","94","0.48","14.6","true","94","0","124.7","true","94","0.18","124.3","true","94","0","113.5","true","94","0.34","104.5","true","94","0","104.7","true"
"95","0.52","14.9","true","95","0","14.6","true","95","0","124.7","true","95","0","124.3","true","95","0","113.5","true","95","0.48","104.5","true","95","0","104.7","true"
"96","0.02","14.9","true","96","0.1","14.6","true","96","0","124.7","true","96","0.86","124.3","true","96","0.02","113.5","true","96","0","104.5","true","96","0","104.7","true"
"97","0","14.9","true","97","0.16","14.6","true","97","0","124.7","true","97","0","124.3","true","97","0.84","113.5","true","97","0","104.5","true","97","0","104.7","true"
"98","0.04","14.9","true","98","0","14.6","true","98","0","124.7","true","98","0.74","124.3","true","98","0","113.5","true","98","0.22","104.5","true","98","0","104.7","true"
"99","0","14.9","true","99","0.22","14.6","true","99","0","124.7","true","99","0.02","124.3","true","99","0.76","113.5","true","99","0","104.5","true","99","0","104.7","true"
"100","0.52","14.9","true","100","0","14.6","true","100","0","124.7","true","100","0.32","124.3","true","100","0","113.5","true","100","0.16","104.5","true","100","0","104.7","true"

"""polarization"""
"x min","x max","y min","y max","autoplot?","current pen","legend open?","number of pens"
"0","116","0","12.5","true","""0""","false","1"

"pen name","pen down?","mode","interval","color","x"
"""0""","true","0","1","0","100"

"""0"""
"x","y","color","pen down?"
"0","4.791666666666667","0","true"
"1","3.6227777777777783","0","true"
"2","2.4022222222222225","0","true"
"3","3.044999999999999","0","true"
"4","4.775555555555556","0","true"
"5","5.689444444444445","0","true"
"6","3.7977777777777786","0","true"
"7","1.364444444444445","0","true"
"8","0.24500000000000002","0","true"
"9","1.388888888888889","0","true"
"10","2.5555555555555562","0","true"
"11","3.691111111111112","0","true"
"12","2.9450000000000007","0","true"
"13","6.4383333333333335","0","true"
"14","1.555555555555556","0","true"
"15","2.2777777777777772","0","true"
"16","6.333333333333334","0","true"
"17","3.286666666666667","0","true"
"18","2.005","0","true"
"19","3.575555555555556","0","true"
"20","8.942222222222222","0","true"
"21","4.38","0","true"
"22","4.666666666666668","0","true"
"23","3.1200000000000006","0","true"
"24","1.913333333333333","0","true"
"25","3.860555555555556","0","true"
"26","3.7533333333333343","0","true"
"27","5.827222222222222","0","true"
"28","5.219999999999999","0","true"
"29","3.1133333333333337","0","true"
"30","2.8888888888888893","0","true"
"31","7.513333333333333","0","true"
"32","8.791666666666666","0","true"
"33","4.205","0","true"
"34","3.2672222222222227","0","true"
"35","2.242222222222223","0","true"
"36","2.5977777777777784","0","true"
"37","2.6755555555555546","0","true"
"38","1.3355555555555556","0","true"
"39","3.8518598887744717E-32","0","true"
"40","1.3116666666666668","0","true"
"41","0.48000000000000004","0","true"
"42","3.6666666666666665","0","true"
"43","6.011666666666667","0","true"
"44","4.731111111111112","0","true"
"45","0.4800000000000001","0","true"
"46","3.956111111111112","0","true"
"47","3.686666666666667","0","true"
"48","3.105","0","true"
"49","1.68","0","true"
"50","3.2938888888888904","0","true"
"51","3.1716666666666664","0","true"
"52","3.445","0","true"
"53","5.513333333333334","0","true"
"54","4.2716666666666665","0","true"
"55","3.027222222222222","0","true"
"56","6.26888888888889","0","true"
"57","3.1049999999999995","0","true"
"58","5.778333333333333","0","true"
"59","6.578333333333333","0","true"
"60","6.791666666666668","0","true"
"61","1.2716666666666667","0","true"
"62","5.635555555555555","0","true"
"63","3.8311111111111122","0","true"
"64","8.625","0","true"
"65","2.999999999999999","0","true"
"66","5.3533333333333335","0","true"
"67","3.3338888888888887","0","true"
"68","8.58","0","true"
"69","1.505","0","true"
"70","0.513888888888889","0","true"
"71","0.8888888888888891","0","true"
"72","5.591111111111111","0","true"
"73","2.0338888888888893","0","true"
"74","2.371666666666666","0","true"
"75","4.071666666666667","0","true"
"76","1.7938888888888889","0","true"
"77","11.38888888888889","0","true"
"78","2.864444444444445","0","true"
"79","7.020000000000001","0","true"
"80","7","0","true"
"81","1.2799999999999998","0","true"
"82","6.360555555555556","0","true"
"83","3.0799999999999987","0","true"
"84","7.111666666666666","0","true"
"85","6.305000000000001","0","true"
"86","4.846666666666668","0","true"
"87","2.3466666666666667","0","true"
"88","1.3472222222222223","0","true"
"89","5.01388888888889","0","true"
"90","2.4911111111111115","0","true"
"91","10.108888888888888","0","true"
"92","5.571666666666667","0","true"
"93","2.8355555555555565","0","true"
"94","4.446666666666668","0","true"
"95","8.666666666666666","0","true"
"96","0.7533333333333334","0","true"
"97","1.6800000000000002","0","true"
"98","1.58","0","true"
"99","2.1355555555555554","0","true"
"100","5.253333333333333","0","true"

"""media-a-histogram"""
"x min","x max","y min","y max","autoplot?","current pen","legend open?","number of pens"
"-1","8","0","10","true","""default""","false","1"

"pen name","pen down?","mode","interval","color","x"
"""default""","true","1","1","0","6"

"""default"""
"x","y","color","pen down?"
"0","3","0","true"
"1","2","0","true"
"2","1","0","true"
"3","3","0","true"
"4","2","0","true"
"5","3","0","true"
"6","1","0","true"

"""homophily"""
"x min","x max","y min","y max","autoplot?","current pen","legend open?","number of pens"
"0","116","0","1","true","""default""","false","1"

"pen name","pen down?","mode","interval","color","x"
"""default""","true","0","1","0","100"

"""default"""
"x","y","color","pen down?"
"0","0.32481386891531266","0","true"
"1","0.37471537045266917","0","true"
"2","0.4161430975288338","0","true"
"3","0.40315730698916963","0","true"
"4","0.3330124736311564","0","true"
"5","0.3211452739888268","0","true"
"6","0.3787408771784189","0","true"
"7","0.6812264541170684","0","true"
"8","0.8936102309252969","0","true"
"9","0.494949494949495","0","true"
"10","0.45205842163884724","0","true"
"11","0.3693267654308683","0","true"
"12","0.41069929039521497","0","true"
"13","0.3310962036432752","0","true"
"14","0.5808440018966335","0","true"
"15","0.4950178484778954","0","true"
"16","0.3564170462412402","0","true"
"17","0.38497958713577","0","true"
"18","0.5138593742949077","0","true"
"19","0.424256798336119","0","true"
"20","0.26581364832874155","0","true"
"21","0.34372463095202727","0","true"
"22","0.35606031532635457","0","true"
"23","0.39261332183617964","0","true"
"24","0.4857814355484538","0","true"
"25","0.36666691456622474","0","true"
"26","0.3734234291448095","0","true"
"27","0.3111988767178631","0","true"
"28","0.39248454858657345","0","true"
"29","0.3933607523671149","0","true"
"30","0.4386653473723888","0","true"
"31","0.2826735344374897","0","true"
"32","0.2937642038558108","0","true"
"33","0.3537288585539497","0","true"
"34","0.391288725377569","0","true"
"35","0.4320315367280135","0","true"
"36","0.4055083406842861","0","true"
"37","0.5006371101927517","0","true"
"38","0.6533739702527906","0","true"
"39","1","0","true"
"40","0.5188433675405236","0","true"
"41","0.8219782984901206","0","true"
"42","0.374981623095099","0","true"
"43","0.3167519495826731","0","true"
"44","0.34129910898826643","0","true"
"45","0.8271671428953686","0","true"
"46","0.355148461008742","0","true"
"47","0.3758207061361328","0","true"
"48","0.39586119367726735","0","true"
"49","0.5484665323483322","0","true"
"50","0.43800668873419596","0","true"
"51","0.3901432650454137","0","true"
"52","0.39580269801819096","0","true"
"53","0.3342210927149635","0","true"
"54","0.343278626505928","0","true"
"55","0.4139615883662064","0","true"
"56","0.301828439417414","0","true"
"57","0.39502995030043747","0","true"
"58","0.31191113614160015","0","true"
"59","0.30436554115501563","0","true"
"60","0.2935032083578181","0","true"
"61","0.5262351630998633","0","true"
"62","0.30948728628556743","0","true"
"63","0.4067237771279647","0","true"
"64","0.2680490244302288","0","true"
"65","0.40284279274657203","0","true"
"66","0.3185146168677769","0","true"
"67","0.38565093698850844","0","true"
"68","0.27071800688511377","0","true"
"69","0.5748137720687431","0","true"
"70","0.7830373860400947","0","true"
"71","0.7155437946540774","0","true"
"72","0.32642059748806834","0","true"
"73","0.5915090530775142","0","true"
"74","0.45067020243419936","0","true"
"75","0.3581929676099367","0","true"
"76","0.503683428005354","0","true"
"77","0.25872235958163864","0","true"
"78","0.4465432804216629","0","true"
"79","0.29119862359762294","0","true"
"80","0.3193111335525245","0","true"
"81","0.5153554901135885","0","true"
"82","0.3016565529031269","0","true"
"83","0.40240125690486606","0","true"
"84","0.3020796860077983","0","true"
"85","0.3068214978464889","0","true"
"86","0.3459691749247576","0","true"
"87","0.5362226340704613","0","true"
"88","0.5151202883972771","0","true"
"89","0.348102593198593","0","true"
"90","0.43265043377146184","0","true"
"91","0.266887297609566","0","true"
"92","0.3104477445104949","0","true"
"93","0.4530499711085122","0","true"
"94","0.3406681705358134","0","true"
"95","0.27961358432238576","0","true"
"96","0.6605720743205886","0","true"
"97","0.5549307809156185","0","true"
"98","0.5141078740061499","0","true"
"99","0.4848363241042765","0","true"
"100","0.32599672783480704","0","true"

"""fragmentation"""
"x min","x max","y min","y max","autoplot?","current pen","legend open?","number of pens"
"0","116","0","1","true","""default""","false","1"

"pen name","pen down?","mode","interval","color","x"
"""default""","true","0","1","0","100"

"""default"""
"x","y","color","pen down?"
"0","0.32178169549700647","0","true"
"1","0.3391481996883066","0","true"
"2","0.40921773276841994","0","true"
"3","0.3655564581640942","0","true"
"4","0.320575092286769","0","true"
"5","0.31141868512110726","0","true"
"6","0.35752979414951247","0","true"
"7","0.41551246537396114","0","true"
"8","0.4839655846695346","0","true"
"9","0.4336779393727001","0","true"
"10","0.3960950628150756","0","true"
"11","0.36139300576768635","0","true"
"12","0.37073097663271426","0","true"
"13","0.28105039034776436","0","true"
"14","0.42602633617350893","0","true"
"15","0.40560471976401175","0","true"
"16","0.3466872110939908","0","true"
"17","0.363729884635168","0","true"
"18","0.3854689872678426","0","true"
"19","0.3757971454600668","0","true"
"20","0.2801833927661742","0","true"
"21","0.34289276807980046","0","true"
"22","0.32929749866950503","0","true"
"23","0.34518828451882844","0","true"
"24","0.37774725274725274","0","true"
"25","0.3580211196296832","0","true"
"26","0.33890182116938244","0","true"
"27","0.30761582201783555","0","true"
"28","0.4016064257028112","0","true"
"29","0.33797623924621056","0","true"
"30","0.3670745272525028","0","true"
"31","0.28929604628736744","0","true"
"32","0.28553299492385786","0","true"
"33","0.35727174305304943","0","true"
"34","0.3251338303392558","0","true"
"35","0.40760869565217395","0","true"
"36","0.3851540616246498","0","true"
"37","0.41782729805013924","0","true"
"38","0.4836818448309556","0","true"
"39","0.47368421052631576","0","true"
"40","0.4674220963172804","0","true"
"41","0.48231511254019294","0","true"
"42","0.3738670694864048","0","true"
"43","0.3076540601013083","0","true"
"44","0.3214911995843346","0","true"
"45","0.48226812159002336","0","true"
"46","0.34712482468443195","0","true"
"47","0.3763686131386861","0","true"
"48","0.39473684210526316","0","true"
"49","0.37028725314183114","0","true"
"50","0.3758599219426263","0","true"
"51","0.3315028127511385","0","true"
"52","0.3528908533542454","0","true"
"53","0.3243243243243243","0","true"
"54","0.3208452164894996","0","true"
"55","0.34032313509797185","0","true"
"56","0.29052705716633404","0","true"
"57","0.3383458646616541","0","true"
"58","0.3219931047941196","0","true"
"59","0.316021323458997","0","true"
"60","0.30527289546716","0","true"
"61","0.4092938647263105","0","true"
"62","0.3001819284414797","0","true"
"63","0.3728251864125932","0","true"
"64","0.29834553837808514","0","true"
"65","0.3401360544217687","0","true"
"66","0.30568764280862104","0","true"
"67","0.3442280945757998","0","true"
"68","0.26905829596412556","0","true"
"69","0.4243281471004244","0","true"
"70","0.46641791044776115","0","true"
"71","0.4593711719069008","0","true"
"72","0.32355478861087145","0","true"
"73","0.4223189147683644","0","true"
"74","0.36759245507203325","0","true"
"75","0.32157474176573764","0","true"
"76","0.3701211305518169","0","true"
"77","0.2523128679562658","0","true"
"78","0.37081429320548354","0","true"
"79","0.32287522014219555","0","true"
"80","0.3044654939106901","0","true"
"81","0.394359464627151","0","true"
"82","0.28918618916866273","0","true"
"83","0.31734837799717913","0","true"
"84","0.27458811782326514","0","true"
"85","0.27480153222672515","0","true"
"86","0.3372164316370325","0","true"
"87","0.41436464088397795","0","true"
"88","0.3952158916709249","0","true"
"89","0.3597122302158273","0","true"
"90","0.3935755744613182","0","true"
"91","0.2644937216136789","0","true"
"92","0.3144254589341295","0","true"
"93","0.37378237559465377","0","true"
"94","0.32357170872009416","0","true"
"95","0.2568493150684932","0","true"
"96","0.4284675576483623","0","true"
"97","0.4113345521023766","0","true"
"98","0.41765102936213294","0","true"
"99","0.40862487411051857","0","true"
"100","0.3134498480243161","0","true"

"EXTENSIONS"

