"export-world data (NetLogo 6.2.2)"
"cog-cascades-trust.nlogo"
"02/24/2023 18:05:56:284 -0500"

"RANDOM STATE"
"0 0 -1727483681 268 0.0 false -1977981442 -373529187 1094037293 -1003887151 -1356977173 14136726 1791618189 349328874 614740005 414339439 533610169 -1441047805 1276476899 -2114994087 1102437957 898867089 -59854645 91053524 -1681903898 -1183566567 -245096459 -896642598 255593558 184450047 2034665672 -46694756 -509612582 -2027887679 1014353338 -20547799 1478901977 883255947 -1308416291 -1473665894 -439401304 -524614963 170916872 33010127 2116139262 -333458542 491698741 -2075199745 -1515975218 -1779395031 -1872027828 -1088857535 638390984 -1241100312 -1147770006 2101286669 -1705211936 -1625622098 1005469145 1937129958 321194972 -1317042427 173407652 -693456853 -1513128732 1317863637 1650691791 2125785187 1365347447 565445724 -1706398684 -732386240 -1030873814 1624227709 -800910813 1536812836 -1040695218 -42084694 -271625901 -3217630 1987524605 43301898 -281424967 1925290004 -1883679535 1430361433 -719346077 1887224625 1778085094 -1486236499 -1656475790 696785671 -861159185 2103641841 -1458914732 22287211 935920027 176260896 576361688 362826418 1667789672 -1228488042 -1352058140 264762755 -100690469 -727810408 1475620879 -770167632 -1971873240 1681771814 1082738087 2072231218 -327070935 235233636 32599380 -217559149 2140766347 1201223196 -1438220307 938603537 -419642573 -8281617 1799961280 -254327038 938081537 -547675105 352363485 1567947951 -1479339049 -1151725116 1822818502 1867125067 1804129077 673326881 -2087599975 -1840973889 1051737741 -1591776844 -2002907873 1990033347 -1062052239 1627077827 -102101174 1730591439 525808541 134794402 1664072589 -379866261 -1002420470 -429032807 -1277786575 -1949102515 -581830955 -899206559 -1527605167 -1755533743 2011880433 834057848 -758218230 1121144052 817318451 751009312 459262970 1969015583 1959319780 1438353808 496625222 664829743 -531670359 -619685048 -1886409153 850071267 -1652924746 -963465287 1060461694 1115180464 41521406 -2056533827 1444824483 244893973 712029471 -619409434 -155828253 -433101152 650794299 -1630736448 -561432843 -67160525 -1820396264 -1609671999 -541735314 -1639372648 1749509219 914940545 1086684213 -371839013 1787398632 659314685 -330194612 1025444135 -1710990864 -1711657208 1316239603 1520414386 -2001362074 1113555203 209607330 871859953 -1879045045 2058647195 590567499 172536544 -935403277 566955560 1061432170 -1589732716 346141561 437168016 -42395308 776516084 -2123179541 909373104 1223233077 1794949268 1122925665 -1631436230 962500429 -922694924 -1320163230 1140587911 595366290 -1297161109 -788193667 -1071839485 1184925715 1538577444 -968459148 -2132653615 1735529372 -1986038230 -25577179 -492469536 -509402038 -142130333 -1640823123 -672147421 619943185 -240876517 2007078491 298110420 1913204673 372350483 2111790111 -1028850616 -1419701592 -761442274 1957159113 -1616387542 -1047832775 -1006035802 1495717629 -1300830519 -620738395 1518103119 57287561 930189017 -26559136 -1951094292 1327557134 -29574878 -1896782410 65997625 1767673342 287403069 436424871 -30263353 461201652 2085468415 1755433644 1377738703 -1001972863 1191387317 799724185 670038542 -1110645696 -1936138750 -858173297 -2105945145 966663943 -132401498 1575765886 -385806135 -604210012 1152356701 438026056 -871959591 1267520404 -1639361220 -537441615 -1939404019 155777915 -1438679805 -1965834253 1848081743 -1969359507 1779649861 1949838996 -2089132280 1431050175 1328841903 -1769816768 909862450 -343343973 -1913789871 -547686096 -1934314251 1506754182 -2126186477 -1482188833 -1762789575 1814752540 103679336 867477786 84332731 1480423195 751897483 633922988 1358639267 -1331984943 1425678270 445917870 528288248 -758199612 -1796361040 866278193 1040349649 -1939207731 -1345696992 -474366741 -567097865 260355482 745149761 45615782 1224052923 -423416674 -127138445 -968289035 -858660644 -1011301747 -106639640 -998026023 1511643169 1134194483 1422609958 -1074909706 -960243102 -1270825317 -507924866 -506097229 -944051406 -1897705337 -495630450 -1797588017 74403242 -1040211166 -1456596527 632899087 812362938 801860749 -2115538854 2087545888 271387817 -302061306 1745416161 -2000861624 -847546862 1048772699 -1028190016 1477846539 771592359 139669668 -2016887702 221028204 983775852 763177150 223948849 -684742425 -222483204 -977971260 162915258 115223721 -943255793 -382381044 1385237344 -661992698 347378406 -1436762840 955261032 584325932 322607302 -1334684597 -944669852 630434913 -117828813 1536651131 -644687514 -1700502887 518940801 131622143 -897173974 -386205139 -1286979771 -1259353330 -1748533685 -628950397 -1100541892 1397830920 -230708819 -254646698 1353463797 -1325131195 -678345920 1621157059 -344373365 1920298257 268367755 -1872226498 535537550 -771322241 -538309120 -53254398 -854665540 -1125737906 1906415770 -604458597 -308888908 1213827138 -1439356868 -1192384740 -99974024 1950095831 1027080438 -902518214 607389762 125823361 -1516773073 528377703 1940609596 -1275922879 -60363190 1457239618 -976234507 -174408762 1148460274 1946226499 767498472 -1518013520 -1646941587 773868286 -2123151158 629012903 630232355 1616702759 845061028 1708103993 -976750618 985719736 256234976 1516063793 493959014 1506412395 -432639422 1943468821 -1322421259 1877394770 -43144868 -1514470443 1014870563 500049520 -2097995923 1571589155 12707215 -412172377 1023828304 -1074864827 1938043828 -1388450603 86813958 -1277796898 -984868374 -370151061 -663011360 896190556 -137861332 1480043332 1322383151 25938221 -2096623614 -1576849221 -1267091949 1783274622 -1585235271 -1851244730 1927059278 -212418192 1088142142 1438121771 -133226111 1256180768 1271109661 1608556936 1345991966 1648756322 1307216296 -123922261 -1279512060 -110991866 -749638749 -1793861515 -1061365408 -1875212547 -1929896062 -2120610955 -1243405813 327697977 1456651187 -1271310055 332268906 967534861 -1911049467 -1477514649 -1385478018 -768949781 666117307 -234796642 338652412 1163512215 1253619721 1087352869 -1171499401 2025286481 -1803062123 -843150599 1574082654 2040738651 -1819727156 699644537 -1962108673 -4087765 -1011808291 -1558740326 876320268 167747360 1682433935 -31288861 -1470030628 -119735955 476024361 10671965 496678286 1065209051 1698252100 474426700 1950271710 541280401 1840851959 1780506162 50143924 -1551594518 1537589181 1453584778 -435577760 -625831942 621853921 838369032 -50667387 659804017 246492653 1022462850 -1442334282 620703371 -1962382274 -676986549 -1553150584 1475715921 -1458487146 1270522927 106734339 -1666960287 -733721391 -972662122 1761356091 -1626099306 -1402820172 632371779 -1900414293 1708177293 -891833332 -1115001286 750001869 1220576202 -544860576 -1893112572 -941637341 -121896790 1216737926 -1906921756 222172117 1566353324 513054251 1079039877 408853571 1453369840 -802840862 -2128483549 -220570587 -1650220349 621953757 -1996121954 -464602752 1121585994 -1884805640 184282586 1968959956 2135602524 -210026214 -1950390470 1516476426 1603670323 547266206"

"GLOBALS"
"min-pxcor","max-pxcor","min-pycor","max-pycor","perspective","subject","nextIndex","directed-links","ticks","ba-m","behavior-rand","belief-resolution","beliefs-over-time","brain-type","cit-init-normal-mean","cit-init-normal-std","cit-memory-len","citizen-citizen-influence","citizen-citizen-trust?","citizen-init-dist","citizen-malleables","citizen-media-influence","citizen-media-trust?","citizen-priors","citizen-trust-fn","cits-hear-from-path?","cognitive-exponent","cognitive-exponent?","cognitive-fn","cognitive-scalar","cognitive-scalar?","cognitive-translate","cognitive-translate?","complex-spread-ratio","contagion-dir","contagion-on?","cur-message-id","epsilon","erdos-renyi-p","graph-homophily?","graph-type","institution-tactic","kronecker-k","kronecker-seed","load-graph-path","load-graph?","mag-g","mag-style","matrix-spread?","matrix-trust-conn?","media-agents?","media-citizen-influence","media-dist-normal-mean","media-dist-normal-std","media-ecosystem","media-ecosystem-dist","media-ecosystem-file","media-ecosystem-n","media-ecosystem-path","message-file","message-repeats","messages-data-path","messages-over-time","n","repetition","save-graph-path","selected-turtle","show-citizen-political?","show-media-connections?","show-social-friends?","sim-output-dir","simple-spread-chance","spread-type","threshold","tick-end","topics","watts-strogatz-k","watts-strogatz-p","zeta-cit","zeta-media"
"-16","16","-16","16","0","nobody","65","""NEITHER""","100","3","6152","7","[[0 [[[""A"" 3]] [[""A"" 0]] [[""A"" 1]] [[""A"" 2]] [[""A"" 6]] [[""A"" 4]] [[""A"" 6]] [[""A"" 0]] [[""A"" 3]] [[""A"" 2]] [[""A"" 3]] [[""A"" 2]] [[""A"" 0]] [[""A"" 5]] [[""A"" 6]] [[""A"" 0]] [[""A"" 6]] [[""A"" 2]] [[""A"" 4]] [[""A"" 4]] [[""A"" 5]] [[""A"" 6]] [[""A"" 3]] [[""A"" 6]] [[""A"" 0]] [[""A"" 0]] [[""A"" 5]] [[""A"" 1]] [[""A"" 5]] [[""A"" 4]] [[""A"" 1]] [[""A"" 1]] [[""A"" 5]] [[""A"" 2]] [[""A"" 5]] [[""A"" 0]] [[""A"" 3]] [[""A"" 3]] [[""A"" 5]] [[""A"" 0]] [[""A"" 5]] [[""A"" 0]] [[""A"" 6]] [[""A"" 5]] [[""A"" 2]] [[""A"" 5]] [[""A"" 2]] [[""A"" 5]] [[""A"" 2]] [[""A"" 5]]]] [1 [[[""A"" 1]] [[""A"" 1]] [[""A"" 1]] [[""A"" 1]] [[""A"" 4]] [[""A"" 4]] [[""A"" 4]] [[""A"" 1]] [[""A"" 1]] [[""A"" 1]] [[""A"" 1]] [[""A"" 4]] [[""A"" 4]] [[""A"" 1]] [[""A"" 4]] [[""A"" 4]] [[""A"" 4]] [[""A"" 4]] [[""A"" 1]] [[""A"" 1]] [[""A"" 1]] [[""A"" 4]] [[""A"" 1]] [[""A"" 4]] [[""A"" 4]] [[""A"" 1]] [[""A"" 4]] [[""A"" 1]] [[""A"" 4]] [[""A"" 1]] [[""A"" 5]] [[""A"" 4]] [[""A"" 1]] [[""A"" 1]] [[""A"" 4]] [[""A"" 1]] [[""A"" 1]] [[""A"" 1]] [[""A"" 4]] [[""A"" 1]] [[""A"" 4]] [[""A"" 1]] [[""A"" 1]] [[""A"" 1]] [[""A"" 4]] [[""A"" 4]] [[""A"" 1]] [[""A"" 1]] [[""A"" 1]] [[""A"" 1]]]] [2 [[[""A"" 0]] [[""A"" 0]] [[""A"" 0]] [[""A"" 0]] [[""A"" 0]] [[""A"" 0]] [[""A"" 4]] [[""A"" 3]] [[""A"" 3]] [[""A"" 0]] [[""A"" 0]] [[""A"" 0]] [[""A"" 0]] [[""A"" 0]] [[""A"" 0]] [[""A"" 0]] [[""A"" 0]] [[""A"" 0]] [[""A"" 0]] [[""A"" 0]] [[""A"" 0]] [[""A"" 0]] [[""A"" 0]] [[""A"" 0]] [[""A"" 0]] [[""A"" 3]] [[""A"" 0]] [[""A"" 0]] [[""A"" 4]] [[""A"" 0]] [[""A"" 0]] [[""A"" 0]] [[""A"" 3]] [[""A"" 0]] [[""A"" 0]] [[""A"" 0]] [[""A"" 0]] [[""A"" 0]] [[""A"" 0]] [[""A"" 0]] [[""A"" 0]] [[""A"" 3]] [[""A"" 0]] [[""A"" 0]] [[""A"" 0]] [[""A"" 0]] [[""A"" 0]] [[""A"" 0]] [[""A"" 0]] [[""A"" 3]]]] [3 [[[""A"" 1]] [[""A"" 3]] [[""A"" 3]] [[""A"" 1]] [[""A"" 3]] [[""A"" 1]] [[""A"" 1]] [[""A"" 1]] [[""A"" 1]] [[""A"" 1]] [[""A"" 3]] [[""A"" 1]] [[""A"" 1]] [[""A"" 3]] [[""A"" 1]] [[""A"" 3]] [[""A"" 3]] [[""A"" 1]] [[""A"" 1]] [[""A"" 1]] [[""A"" 1]] [[""A"" 1]] [[""A"" 3]] [[""A"" 3]] [[""A"" 3]] [[""A"" 3]] [[""A"" 3]] [[""A"" 1]] [[""A"" 1]] [[""A"" 3]] [[""A"" 1]] [[""A"" 1]] [[""A"" 3]] [[""A"" 3]] [[""A"" 1]] [[""A"" 3]] [[""A"" 1]] [[""A"" 1]] [[""A"" 1]] [[""A"" 3]] [[""A"" 3]] [[""A"" 1]] [[""A"" 1]] [[""A"" 1]] [[""A"" 1]] [[""A"" 3]] [[""A"" 1]] [[""A"" 1]] [[""A"" 1]] [[""A"" 1]]]] [4 [[[""A"" 3]] [[""A"" 3]] [[""A"" 3]] [[""A"" 0]] [[""A"" 3]] [[""A"" 3]] [[""A"" 0]] [[""A"" 0]] [[""A"" 0]] [[""A"" 3]] [[""A"" 3]] [[""A"" 5]] [[""A"" 0]] [[""A"" 3]] [[""A"" 0]] [[""A"" 0]] [[""A"" 0]] [[""A"" 3]] [[""A"" 5]] [[""A"" 3]] [[""A"" 0]] [[""A"" 3]] [[""A"" 0]] [[""A"" 3]] [[""A"" 3]] [[""A"" 3]] [[""A"" 3]] [[""A"" 5]] [[""A"" 0]] [[""A"" 3]] [[""A"" 3]] [[""A"" 3]] [[""A"" 0]] [[""A"" 3]] [[""A"" 5]] [[""A"" 3]] [[""A"" 0]] [[""A"" 0]] [[""A"" 3]] [[""A"" 0]] [[""A"" 3]] [[""A"" 3]] [[""A"" 3]] [[""A"" 5]] [[""A"" 0]] [[""A"" 3]] [[""A"" 3]] [[""A"" 5]] [[""A"" 0]] [[""A"" 0]]]] [5 [[[""A"" 0]] [[""A"" 0]] [[""A"" 0]] [[""A"" 0]] [[""A"" 0]] [[""A"" 4]] [[""A"" 0]] [[""A"" 4]] [[""A"" 0]] [[""A"" 4]] [[""A"" 0]] [[""A"" 0]] [[""A"" 0]] [[""A"" 0]] [[""A"" 0]] [[""A"" 0]] [[""A"" 0]] [[""A"" 4]] [[""A"" 4]] [[""A"" 0]] [[""A"" 4]] [[""A"" 0]] [[""A"" 4]] [[""A"" 0]] [[""A"" 0]] [[""A"" 4]] [[""A"" 0]] [[""A"" 4]] [[""A"" 4]] [[""A"" 0]] [[""A"" 0]] [[""A"" 4]] [[""A"" 4]] [[""A"" 0]] [[""A"" 4]] [[""A"" 0]] [[""A"" 0]] [[""A"" 0]] [[""A"" 4]] [[""A"" 0]] [[""A"" 0]] [[""A"" 4]] [[""A"" 0]] [[""A"" 0]] [[""A"" 0]] [[""A"" 0]] [[""A"" 0]] [[""A"" 0]] [[""A"" 0]] [[""A"" 0]]]] [6 [[[""A"" 1]] [[""A"" 5]] [[""A"" 5]] [[""A"" 1]] [[""A"" 1]] [[""A"" 5]] [[""A"" 5]] [[""A"" 5]] [[""A"" 5]] [[""A"" 1]] [[""A"" 5]] [[""A"" 5]] [[""A"" 5]] [[""A"" 1]] [[""A"" 5]] [[""A"" 1]] [[""A"" 1]] [[""A"" 5]] [[""A"" 1]] [[""A"" 1]] [[""A"" 5]] [[""A"" 1]] [[""A"" 5]] [[""A"" 1]] [[""A"" 1]] [[""A"" 1]] [[""A"" 5]] [[""A"" 5]] [[""A"" 5]] [[""A"" 1]] [[""A"" 1]] [[""A"" 1]] [[""A"" 5]] [[""A"" 1]] [[""A"" 5]] [[""A"" 5]] [[""A"" 5]] [[""A"" 1]] [[""A"" 1]] [[""A"" 1]] [[""A"" 5]] [[""A"" 1]] [[""A"" 1]] [[""A"" 5]] [[""A"" 1]] [[""A"" 5]] [[""A"" 1]] [[""A"" 5]] [[""A"" 5]] [[""A"" 5]]]] [7 [[[""A"" 2]] [[""A"" 2]] [[""A"" 2]] [[""A"" 2]] [[""A"" 2]] [[""A"" 2]] [[""A"" 2]] [[""A"" 2]] [[""A"" 5]] [[""A"" 2]] [[""A"" 2]] [[""A"" 5]] [[""A"" 2]] [[""A"" 2]] [[""A"" 2]] [[""A"" 2]] [[""A"" 2]] [[""A"" 2]] [[""A"" 2]] [[""A"" 2]] [[""A"" 2]] [[""A"" 2]] [[""A"" 5]] [[""A"" 2]] [[""A"" 2]] [[""A"" 2]] [[""A"" 5]] [[""A"" 5]] [[""A"" 2]] [[""A"" 1]] [[""A"" 2]] [[""A"" 2]] [[""A"" 2]] [[""A"" 5]] [[""A"" 5]] [[""A"" 2]] [[""A"" 2]] [[""A"" 2]] [[""A"" 2]] [[""A"" 2]] [[""A"" 2]] [[""A"" 2]] [[""A"" 2]] [[""A"" 5]] [[""A"" 2]] [[""A"" 5]] [[""A"" 2]] [[""A"" 5]] [[""A"" 5]] [[""A"" 2]]]] [8 [[[""A"" 4]] [[""A"" 2]] [[""A"" 2]] [[""A"" 2]] [[""A"" 1]] [[""A"" 2]] [[""A"" 2]] [[""A"" 2]] [[""A"" 2]] [[""A"" 2]] [[""A"" 2]] [[""A"" 2]] [[""A"" 2]] [[""A"" 4]] [[""A"" 2]] [[""A"" 2]] [[""A"" 2]] [[""A"" 2]] [[""A"" 4]] [[""A"" 4]] [[""A"" 2]] [[""A"" 2]] [[""A"" 2]] [[""A"" 2]] [[""A"" 2]] [[""A"" 4]] [[""A"" 2]] [[""A"" 2]] [[""A"" 2]] [[""A"" 2]] [[""A"" 2]] [[""A"" 4]] [[""A"" 2]] [[""A"" 2]] [[""A"" 2]] [[""A"" 2]] [[""A"" 4]] [[""A"" 2]] [[""A"" 2]] [[""A"" 2]] [[""A"" 2]] [[""A"" 4]] [[""A"" 4]] [[""A"" 4]] [[""A"" 2]] [[""A"" 4]] [[""A"" 4]] [[""A"" 4]] [[""A"" 2]] [[""A"" 2]]]] [9 [[[""A"" 1]] [[""A"" 1]] [[""A"" 1]] [[""A"" 1]] [[""A"" 1]] [[""A"" 1]] [[""A"" 1]] [[""A"" 1]] [[""A"" 4]] [[""A"" 1]] [[""A"" 1]] [[""A"" 1]] [[""A"" 1]] [[""A"" 1]] [[""A"" 1]] [[""A"" 4]] [[""A"" 1]] [[""A"" 4]] [[""A"" 1]] [[""A"" 1]] [[""A"" 1]] [[""A"" 1]] [[""A"" 4]] [[""A"" 4]] [[""A"" 1]] [[""A"" 1]] [[""A"" 1]] [[""A"" 1]] [[""A"" 4]] [[""A"" 4]] [[""A"" 1]] [[""A"" 1]] [[""A"" 1]] [[""A"" 1]] [[""A"" 1]] [[""A"" 1]] [[""A"" 1]] [[""A"" 1]] [[""A"" 4]] [[""A"" 1]] [[""A"" 1]] [[""A"" 1]] [[""A"" 1]] [[""A"" 4]] [[""A"" 1]] [[""A"" 1]] [[""A"" 1]] [[""A"" 1]] [[""A"" 4]] [[""A"" 4]]]] [10 [[[""A"" 0]] [[""A"" 3]] [[""A"" 0]] [[""A"" 3]] [[""A"" 3]] [[""A"" 3]] [[""A"" 3]] [[""A"" 3]] [[""A"" 3]] [[""A"" 3]] [[""A"" 0]] [[""A"" 3]] [[""A"" 3]] [[""A"" 3]] [[""A"" 0]] [[""A"" 0]] [[""A"" 0]] [[""A"" 5]] [[""A"" 0]] [[""A"" 3]] [[""A"" 3]] [[""A"" 3]] [[""A"" 3]] [[""A"" 3]] [[""A"" 3]] [[""A"" 3]] [[""A"" 3]] [[""A"" 3]] [[""A"" 0]] [[""A"" 5]] [[""A"" 0]] [[""A"" 3]] [[""A"" 3]] [[""A"" 3]] [[""A"" 0]] [[""A"" 0]] [[""A"" 3]] [[""A"" 0]] [[""A"" 3]] [[""A"" 3]] [[""A"" 0]] [[""A"" 3]] [[""A"" 0]] [[""A"" 3]] [[""A"" 3]] [[""A"" 0]] [[""A"" 2]] [[""A"" 3]] [[""A"" 0]] [[""A"" 3]]]] [11 [[[""A"" 5]] [[""A"" 2]] [[""A"" 2]] [[""A"" 5]] [[""A"" 2]] [[""A"" 1]] [[""A"" 2]] [[""A"" 2]] [[""A"" 5]] [[""A"" 2]] [[""A"" 2]] [[""A"" 2]] [[""A"" 2]] [[""A"" 2]] [[""A"" 2]] [[""A"" 2]] [[""A"" 2]] [[""A"" 2]] [[""A"" 5]] [[""A"" 2]] [[""A"" 5]] [[""A"" 2]] [[""A"" 2]] [[""A"" 2]] [[""A"" 5]] [[""A"" 5]] [[""A"" 2]] [[""A"" 2]] [[""A"" 2]] [[""A"" 2]] [[""A"" 2]] [[""A"" 2]] [[""A"" 2]] [[""A"" 2]] [[""A"" 2]] [[""A"" 2]] [[""A"" 2]] [[""A"" 2]] [[""A"" 2]] [[""A"" 5]] [[""A"" 2]] [[""A"" 5]] [[""A"" 2]] [[""A"" 2]] [[""A"" 5]] [[""A"" 2]] [[""A"" 2]] [[""A"" 2]] [[""A"" 2]] [[""A"" 5]]]] [12 [[[""A"" 1]] [[""A"" 1]] [[""A"" 3]] [[""A"" 3]] [[""A"" 3]] [[""A"" 3]] [[""A"" 1]] [[""A"" 1]] [[""A"" 3]] [[""A"" 3]] [[""A"" 3]] [[""A"" 1]] [[""A"" 1]] [[""A"" 1]] [[""A"" 3]] [[""A"" 1]] [[""A"" 1]] [[""A"" 1]] [[""A"" 3]] [[""A"" 1]] [[""A"" 1]] [[""A"" 1]] [[""A"" 3]] [[""A"" 1]] [[""A"" 3]] [[""A"" 3]] [[""A"" 3]] [[""A"" 3]] [[""A"" 3]] [[""A"" 3]] [[""A"" 3]] [[""A"" 3]] [[""A"" 3]] [[""A"" 1]] [[""A"" 5]] [[""A"" 3]] [[""A"" 3]] [[""A"" 3]] [[""A"" 1]] [[""A"" 3]] [[""A"" 3]] [[""A"" 1]] [[""A"" 3]] [[""A"" 1]] [[""A"" 3]] [[""A"" 1]] [[""A"" 3]] [[""A"" 3]] [[""A"" 3]] [[""A"" 3]]]] [13 [[[""A"" 0]] [[""A"" 0]] [[""A"" 0]] [[""A"" 0]] [[""A"" 0]] [[""A"" 0]] [[""A"" 0]] [[""A"" 0]] [[""A"" 0]] [[""A"" 0]] [[""A"" 1]] [[""A"" 0]] [[""A"" 0]] [[""A"" 0]] [[""A"" 0]] [[""A"" 0]] [[""A"" 0]] [[""A"" 0]] [[""A"" 0]] [[""A"" 0]] [[""A"" 0]] [[""A"" 0]] [[""A"" 0]] [[""A"" 0]] [[""A"" 0]] [[""A"" 0]] [[""A"" 0]] [[""A"" 0]] [[""A"" 0]] [[""A"" 0]] [[""A"" 0]] [[""A"" 5]] [[""A"" 0]] [[""A"" 0]] [[""A"" 0]] [[""A"" 0]] [[""A"" 0]] [[""A"" 0]] [[""A"" 0]] [[""A"" 0]] [[""A"" 0]] [[""A"" 0]] [[""A"" 0]] [[""A"" 3]] [[""A"" 0]] [[""A"" 0]] [[""A"" 0]] [[""A"" 0]] [[""A"" 0]] [[""A"" 0]]]] [14 [[[""A"" 1]] [[""A"" 1]] [[""A"" 3]] [[""A"" 1]] [[""A"" 1]] [[""A"" 1]] [[""A"" 1]] [[""A"" 1]] [[""A"" 3]] [[""A"" 3]] [[""A"" 1]] [[""A"" 3]] [[""A"" 1]] [[""A"" 1]] [[""A"" 1]] [[""A"" 1]] [[""A"" 1]] [[""A"" 3]] [[""A"" 3]] [[""A"" 3]] [[""A"" 3]] [[""A"" 3]] [[""A"" 1]] [[""A"" 1]] [[""A"" 1]] [[""A"" 1]] [[""A"" 1]] [[""A"" 1]] [[""A"" 1]] [[""A"" 1]] [[""A"" 3]] [[""A"" 3]] [[""A"" 1]] [[""A"" 1]] [[""A"" 3]] [[""A"" 1]] [[""A"" 1]] [[""A"" 1]] [[""A"" 1]] [[""A"" 3]] [[""A"" 1]] [[""A"" 1]] [[""A"" 1]] [[""A"" 3]] [[""A"" 1]] [[""A"" 1]] [[""A"" 1]] [[""A"" 3]] [[""A"" 1]] [[""A"" 3]]]] [15 [[[""A"" 4]] [[""A"" 1]] [[""A"" 1]] [[""A"" 4]] [[""A"" 4]] [[""A"" 4]] [[""A"" 1]] [[""A"" 1]] [[""A"" 1]] [[""A"" 1]] [[""A"" 1]] [[""A"" 4]] [[""A"" 1]] [[""A"" 1]] [[""A"" 4]] [[""A"" 1]] [[""A"" 4]] [[""A"" 1]] [[""A"" 1]] [[""A"" 1]] [[""A"" 1]] [[""A"" 1]] [[""A"" 1]] [[""A"" 4]] [[""A"" 4]] [[""A"" 3]] [[""A"" 0]] [[""A"" 4]] [[""A"" 1]] [[""A"" 4]] [[""A"" 1]] [[""A"" 1]] [[""A"" 4]] [[""A"" 4]] [[""A"" 4]] [[""A"" 1]] [[""A"" 4]] [[""A"" 4]] [[""A"" 4]] [[""A"" 1]] [[""A"" 1]] [[""A"" 4]] [[""A"" 4]] [[""A"" 4]] [[""A"" 4]] [[""A"" 4]] [[""A"" 1]] [[""A"" 4]] [[""A"" 1]] [[""A"" 1]]]] [16 [[[""A"" 1]] [[""A"" 1]] [[""A"" 1]] [[""A"" 1]] [[""A"" 5]] [[""A"" 1]] [[""A"" 1]] [[""A"" 1]] [[""A"" 3]] [[""A"" 1]] [[""A"" 1]] [[""A"" 5]] [[""A"" 1]] [[""A"" 1]] [[""A"" 1]] [[""A"" 1]] [[""A"" 1]] [[""A"" 1]] [[""A"" 1]] [[""A"" 1]] [[""A"" 1]] [[""A"" 1]] [[""A"" 1]] [[""A"" 1]] [[""A"" 5]] [[""A"" 1]] [[""A"" 1]] [[""A"" 1]] [[""A"" 1]] [[""A"" 1]] [[""A"" 1]] [[""A"" 1]] [[""A"" 3]] [[""A"" 1]] [[""A"" 1]] [[""A"" 1]] [[""A"" 1]] [[""A"" 1]] [[""A"" 5]] [[""A"" 1]] [[""A"" 1]] [[""A"" 5]] [[""A"" 1]] [[""A"" 1]] [[""A"" 3]] [[""A"" 5]] [[""A"" 1]] [[""A"" 3]] [[""A"" 1]] [[""A"" 1]]]] [17 [[[""A"" 3]] [[""A"" 2]] [[""A"" 3]] [[""A"" 3]] [[""A"" 3]] [[""A"" 3]] [[""A"" 3]] [[""A"" 3]] [[""A"" 3]] [[""A"" 3]] [[""A"" 3]] [[""A"" 3]] [[""A"" 3]] [[""A"" 3]] [[""A"" 3]] [[""A"" 3]] [[""A"" 3]] [[""A"" 3]] [[""A"" 3]] [[""A"" 3]] [[""A"" 3]] [[""A"" 3]] [[""A"" 3]] [[""A"" 3]] [[""A"" 3]] [[""A"" 3]] [[""A"" 3]] [[""A"" 3]] [[""A"" 1]] [[""A"" 3]] [[""A"" 3]] [[""A"" 3]] [[""A"" 3]] [[""A"" 1]] [[""A"" 3]] [[""A"" 3]] [[""A"" 3]] [[""A"" 3]] [[""A"" 3]] [[""A"" 3]] [[""A"" 2]] [[""A"" 3]] [[""A"" 3]] [[""A"" 3]] [[""A"" 3]] [[""A"" 3]] [[""A"" 3]] [[""A"" 3]] [[""A"" 3]] [[""A"" 3]]]] [18 [[[""A"" 2]] [[""A"" 2]] [[""A"" 2]] [[""A"" 2]] [[""A"" 2]] [[""A"" 2]] [[""A"" 0]] [[""A"" 2]] [[""A"" 0]] [[""A"" 0]] [[""A"" 2]] [[""A"" 2]] [[""A"" 0]] [[""A"" 2]] [[""A"" 2]] [[""A"" 2]] [[""A"" 5]] [[""A"" 5]] [[""A"" 5]] [[""A"" 0]] [[""A"" 5]] [[""A"" 2]] [[""A"" 0]] [[""A"" 5]] [[""A"" 0]] [[""A"" 2]] [[""A"" 2]] [[""A"" 2]] [[""A"" 2]] [[""A"" 0]] [[""A"" 2]] [[""A"" 2]] [[""A"" 0]] [[""A"" 2]] [[""A"" 5]] [[""A"" 2]] [[""A"" 2]] [[""A"" 2]] [[""A"" 5]] [[""A"" 0]] [[""A"" 2]] [[""A"" 2]] [[""A"" 2]] [[""A"" 2]] [[""A"" 0]] [[""A"" 0]] [[""A"" 0]] [[""A"" 5]] [[""A"" 0]] [[""A"" 5]]]] [19 [[[""A"" 1]] [[""A"" 3]] [[""A"" 3]] [[""A"" 1]] [[""A"" 1]] [[""A"" 3]] [[""A"" 3]] [[""A"" 3]] [[""A"" 1]] [[""A"" 1]] [[""A"" 3]] [[""A"" 3]] [[""A"" 3]] [[""A"" 3]] [[""A"" 1]] [[""A"" 1]] [[""A"" 3]] [[""A"" 1]] [[""A"" 3]] [[""A"" 3]] [[""A"" 1]] [[""A"" 1]] [[""A"" 1]] [[""A"" 1]] [[""A"" 5]] [[""A"" 3]] [[""A"" 3]] [[""A"" 3]] [[""A"" 1]] [[""A"" 3]] [[""A"" 3]] [[""A"" 1]] [[""A"" 1]] [[""A"" 3]] [[""A"" 1]] [[""A"" 1]] [[""A"" 3]] [[""A"" 3]] [[""A"" 5]] [[""A"" 3]] [[""A"" 5]] [[""A"" 1]] [[""A"" 3]] [[""A"" 3]] [[""A"" 1]] [[""A"" 5]] [[""A"" 3]] [[""A"" 1]] [[""A"" 1]] [[""A"" 3]]]] [20 [[[""A"" 0]] [[""A"" 4]] [[""A"" 4]] [[""A"" 4]] [[""A"" 4]] [[""A"" 4]] [[""A"" 0]] [[""A"" 0]] [[""A"" 4]] [[""A"" 4]] [[""A"" 4]] [[""A"" 0]] [[""A"" 4]] [[""A"" 4]] [[""A"" 3]] [[""A"" 4]] [[""A"" 4]] [[""A"" 0]] [[""A"" 4]] [[""A"" 4]] [[""A"" 4]] [[""A"" 0]] [[""A"" 4]] [[""A"" 4]] [[""A"" 4]] [[""A"" 4]] [[""A"" 4]] [[""A"" 4]] [[""A"" 4]] [[""A"" 4]] [[""A"" 0]] [[""A"" 0]] [[""A"" 0]] [[""A"" 4]] [[""A"" 0]] [[""A"" 0]] [[""A"" 4]] [[""A"" 4]] [[""A"" 4]] [[""A"" 0]] [[""A"" 4]] [[""A"" 4]] [[""A"" 4]] [[""A"" 4]] [[""A"" 1]] [[""A"" 4]] [[""A"" 4]] [[""A"" 0]] [[""A"" 0]] [[""A"" 4]]]] [21 [[[""A"" 3]] [[""A"" 0]] [[""A"" 0]] [[""A"" 0]] [[""A"" 3]] [[""A"" 3]] [[""A"" 3]] [[""A"" 3]] [[""A"" 3]] [[""A"" 0]] [[""A"" 3]] [[""A"" 3]] [[""A"" 3]] [[""A"" 3]] [[""A"" 3]] [[""A"" 0]] [[""A"" 0]] [[""A"" 0]] [[""A"" 0]] [[""A"" 4]] [[""A"" 3]] [[""A"" 0]] [[""A"" 0]] [[""A"" 0]] [[""A"" 3]] [[""A"" 0]] [[""A"" 3]] [[""A"" 0]] [[""A"" 0]] [[""A"" 3]] [[""A"" 0]] [[""A"" 3]] [[""A"" 0]] [[""A"" 3]] [[""A"" 3]] [[""A"" 0]] [[""A"" 0]] [[""A"" 3]] [[""A"" 0]] [[""A"" 0]] [[""A"" 0]] [[""A"" 0]] [[""A"" 3]] [[""A"" 0]] [[""A"" 0]] [[""A"" 1]] [[""A"" 0]] [[""A"" 0]] [[""A"" 0]] [[""A"" 0]]]] [22 [[[""A"" 5]] [[""A"" 1]] [[""A"" 5]] [[""A"" 5]] [[""A"" 1]] [[""A"" 3]] [[""A"" 5]] [[""A"" 5]] [[""A"" 1]] [[""A"" 5]] [[""A"" 5]] [[""A"" 3]] [[""A"" 5]] [[""A"" 5]] [[""A"" 0]] [[""A"" 3]] [[""A"" 5]] [[""A"" 1]] [[""A"" 1]] [[""A"" 5]] [[""A"" 5]] [[""A"" 3]] [[""A"" 1]] [[""A"" 1]] [[""A"" 5]] [[""A"" 1]] [[""A"" 5]] [[""A"" 5]] [[""A"" 3]] [[""A"" 1]] [[""A"" 1]] [[""A"" 1]] [[""A"" 3]] [[""A"" 1]] [[""A"" 1]] [[""A"" 3]] [[""A"" 1]] [[""A"" 3]] [[""A"" 1]] [[""A"" 1]] [[""A"" 1]] [[""A"" 1]] [[""A"" 5]] [[""A"" 3]] [[""A"" 1]] [[""A"" 5]] [[""A"" 1]] [[""A"" 3]] [[""A"" 5]] [[""A"" 5]]]] [23 [[[""A"" 5]] [[""A"" 1]] [[""A"" 5]] [[""A"" 1]] [[""A"" 5]] [[""A"" 5]] [[""A"" 1]] [[""A"" 5]] [[""A"" 1]] [[""A"" 5]] [[""A"" 5]] [[""A"" 5]] [[""A"" 5]] [[""A"" 5]] [[""A"" 5]] [[""A"" 1]] [[""A"" 5]] [[""A"" 5]] [[""A"" 1]] [[""A"" 5]] [[""A"" 5]] [[""A"" 5]] [[""A"" 1]] [[""A"" 5]] [[""A"" 5]] [[""A"" 5]] [[""A"" 5]] [[""A"" 5]] [[""A"" 5]] [[""A"" 5]] [[""A"" 1]] [[""A"" 5]] [[""A"" 5]] [[""A"" 5]] [[""A"" 5]] [[""A"" 1]] [[""A"" 5]] [[""A"" 5]] [[""A"" 1]] [[""A"" 5]] [[""A"" 1]] [[""A"" 5]] [[""A"" 5]] [[""A"" 2]] [[""A"" 5]] [[""A"" 5]] [[""A"" 1]] [[""A"" 5]] [[""A"" 1]] [[""A"" 1]]]] [24 [[[""A"" 5]] [[""A"" 0]] [[""A"" 5]] [[""A"" 5]] [[""A"" 5]] [[""A"" 0]] [[""A"" 0]] [[""A"" 5]] [[""A"" 0]] [[""A"" 5]] [[""A"" 5]] [[""A"" 5]] [[""A"" 5]] [[""A"" 5]] [[""A"" 5]] [[""A"" 0]] [[""A"" 5]] [[""A"" 5]] [[""A"" 0]] [[""A"" 0]] [[""A"" 5]] [[""A"" 5]] [[""A"" 5]] [[""A"" 5]] [[""A"" 0]] [[""A"" 0]] [[""A"" 5]] [[""A"" 5]] [[""A"" 5]] [[""A"" 0]] [[""A"" 5]] [[""A"" 0]] [[""A"" 0]] [[""A"" 5]] [[""A"" 5]] [[""A"" 5]] [[""A"" 5]] [[""A"" 5]] [[""A"" 0]] [[""A"" 5]] [[""A"" 0]] [[""A"" 5]] [[""A"" 5]] [[""A"" 0]] [[""A"" 5]] [[""A"" 5]] [[""A"" 5]] [[""A"" 5]] [[""A"" 5]] [[""A"" 0]]]] [25 [[[""A"" 1]] [[""A"" 1]] [[""A"" 5]] [[""A"" 1]] [[""A"" 1]] [[""A"" 1]] [[""A"" 1]] [[""A"" 1]] [[""A"" 1]] [[""A"" 1]] [[""A"" 5]] [[""A"" 5]] [[""A"" 1]] [[""A"" 1]] [[""A"" 1]] [[""A"" 1]] [[""A"" 1]] [[""A"" 1]] [[""A"" 1]] [[""A"" 1]] [[""A"" 1]] [[""A"" 1]] [[""A"" 1]] [[""A"" 1]] [[""A"" 1]] [[""A"" 1]] [[""A"" 1]] [[""A"" 1]] [[""A"" 1]] [[""A"" 1]] [[""A"" 5]] [[""A"" 1]] [[""A"" 1]] [[""A"" 1]] [[""A"" 1]] [[""A"" 1]] [[""A"" 1]] [[""A"" 1]] [[""A"" 1]] [[""A"" 1]] [[""A"" 1]] [[""A"" 1]] [[""A"" 1]] [[""A"" 1]] [[""A"" 1]] [[""A"" 5]] [[""A"" 1]] [[""A"" 1]] [[""A"" 1]] [[""A"" 1]]]] [26 [[[""A"" 3]] [[""A"" 3]] [[""A"" 1]] [[""A"" 1]] [[""A"" 3]] [[""A"" 3]] [[""A"" 1]] [[""A"" 1]] [[""A"" 3]] [[""A"" 5]] [[""A"" 5]] [[""A"" 3]] [[""A"" 3]] [[""A"" 3]] [[""A"" 5]] [[""A"" 3]] [[""A"" 3]] [[""A"" 1]] [[""A"" 3]] [[""A"" 5]] [[""A"" 1]] [[""A"" 1]] [[""A"" 3]] [[""A"" 1]] [[""A"" 3]] [[""A"" 3]] [[""A"" 3]] [[""A"" 1]] [[""A"" 1]] [[""A"" 3]] [[""A"" 1]] [[""A"" 3]] [[""A"" 3]] [[""A"" 3]] [[""A"" 1]] [[""A"" 3]] [[""A"" 3]] [[""A"" 3]] [[""A"" 1]] [[""A"" 1]] [[""A"" 3]] [[""A"" 1]] [[""A"" 3]] [[""A"" 3]] [[""A"" 3]] [[""A"" 3]] [[""A"" 1]] [[""A"" 3]] [[""A"" 3]] [[""A"" 1]]]] [27 [[[""A"" 5]] [[""A"" 3]] [[""A"" 2]] [[""A"" 2]] [[""A"" 2]] [[""A"" 2]] [[""A"" 0]] [[""A"" 0]] [[""A"" 2]] [[""A"" 2]] [[""A"" 2]] [[""A"" 5]] [[""A"" 2]] [[""A"" 2]] [[""A"" 2]] [[""A"" 5]] [[""A"" 2]] [[""A"" 2]] [[""A"" 0]] [[""A"" 5]] [[""A"" 2]] [[""A"" 2]] [[""A"" 2]] [[""A"" 2]] [[""A"" 2]] [[""A"" 0]] [[""A"" 2]] [[""A"" 0]] [[""A"" 5]] [[""A"" 2]] [[""A"" 2]] [[""A"" 2]] [[""A"" 2]] [[""A"" 2]] [[""A"" 2]] [[""A"" 2]] [[""A"" 2]] [[""A"" 2]] [[""A"" 2]] [[""A"" 0]] [[""A"" 2]] [[""A"" 2]] [[""A"" 2]] [[""A"" 0]] [[""A"" 2]] [[""A"" 2]] [[""A"" 2]] [[""A"" 5]] [[""A"" 0]] [[""A"" 2]]]] [28 [[[""A"" 1]] [[""A"" 1]] [[""A"" 1]] [[""A"" 1]] [[""A"" 1]] [[""A"" 1]] [[""A"" 1]] [[""A"" 1]] [[""A"" 1]] [[""A"" 1]] [[""A"" 1]] [[""A"" 1]] [[""A"" 1]] [[""A"" 1]] [[""A"" 1]] [[""A"" 1]] [[""A"" 1]] [[""A"" 1]] [[""A"" 1]] [[""A"" 1]] [[""A"" 1]] [[""A"" 1]] [[""A"" 1]] [[""A"" 1]] [[""A"" 1]] [[""A"" 1]] [[""A"" 1]] [[""A"" 1]] [[""A"" 1]] [[""A"" 1]] [[""A"" 1]] [[""A"" 1]] [[""A"" 1]] [[""A"" 1]] [[""A"" 1]] [[""A"" 1]] [[""A"" 1]] [[""A"" 1]] [[""A"" 1]] [[""A"" 1]] [[""A"" 1]] [[""A"" 1]] [[""A"" 1]] [[""A"" 1]] [[""A"" 1]] [[""A"" 1]] [[""A"" 1]] [[""A"" 1]] [[""A"" 1]] [[""A"" 1]]]] [29 [[[""A"" 2]] [[""A"" 2]] [[""A"" 2]] [[""A"" 2]] [[""A"" 2]] [[""A"" 2]] [[""A"" 2]] [[""A"" 2]] [[""A"" 2]] [[""A"" 2]] [[""A"" 2]] [[""A"" 2]] [[""A"" 2]] [[""A"" 2]] [[""A"" 2]] [[""A"" 2]] [[""A"" 2]] [[""A"" 2]] [[""A"" 2]] [[""A"" 2]] [[""A"" 2]] [[""A"" 2]] [[""A"" 2]] [[""A"" 2]] [[""A"" 2]] [[""A"" 2]] [[""A"" 2]] [[""A"" 2]] [[""A"" 2]] [[""A"" 2]] [[""A"" 2]] [[""A"" 2]] [[""A"" 2]] [[""A"" 2]] [[""A"" 2]] [[""A"" 2]] [[""A"" 2]] [[""A"" 2]] [[""A"" 2]] [[""A"" 2]] [[""A"" 2]] [[""A"" 2]] [[""A"" 2]] [[""A"" 2]] [[""A"" 2]] [[""A"" 2]] [[""A"" 2]] [[""A"" 2]] [[""A"" 2]] [[""A"" 2]]]] [30 [[[""A"" 2]] [[""A"" 2]] [[""A"" 2]] [[""A"" 3]] [[""A"" 0]] [[""A"" 0]] [[""A"" 0]] [[""A"" 2]] [[""A"" 2]] [[""A"" 0]] [[""A"" 2]] [[""A"" 2]] [[""A"" 0]] [[""A"" 2]] [[""A"" 2]] [[""A"" 2]] [[""A"" 2]] [[""A"" 2]] [[""A"" 0]] [[""A"" 2]] [[""A"" 0]] [[""A"" 0]] [[""A"" 0]] [[""A"" 2]] [[""A"" 2]] [[""A"" 2]] [[""A"" 2]] [[""A"" 2]] [[""A"" 0]] [[""A"" 2]] [[""A"" 4]] [[""A"" 0]] [[""A"" 2]] [[""A"" 2]] [[""A"" 2]] [[""A"" 2]] [[""A"" 0]] [[""A"" 0]] [[""A"" 2]] [[""A"" 2]] [[""A"" 0]] [[""A"" 2]] [[""A"" 2]] [[""A"" 2]] [[""A"" 0]] [[""A"" 2]] [[""A"" 0]] [[""A"" 2]] [[""A"" 0]] [[""A"" 0]]]] [31 [[[""A"" 5]] [[""A"" 4]] [[""A"" 2]] [[""A"" 0]] [[""A"" 2]] [[""A"" 0]] [[""A"" 2]] [[""A"" 4]] [[""A"" 2]] [[""A"" 0]] [[""A"" 2]] [[""A"" 4]] [[""A"" 0]] [[""A"" 4]] [[""A"" 2]] [[""A"" 4]] [[""A"" 4]] [[""A"" 4]] [[""A"" 0]] [[""A"" 4]] [[""A"" 0]] [[""A"" 2]] [[""A"" 0]] [[""A"" 4]] [[""A"" 2]] [[""A"" 4]] [[""A"" 4]] [[""A"" 4]] [[""A"" 2]] [[""A"" 4]] [[""A"" 2]] [[""A"" 2]] [[""A"" 4]] [[""A"" 4]] [[""A"" 2]] [[""A"" 4]] [[""A"" 0]] [[""A"" 2]] [[""A"" 4]] [[""A"" 4]] [[""A"" 2]] [[""A"" 4]] [[""A"" 2]] [[""A"" 4]] [[""A"" 0]] [[""A"" 0]] [[""A"" 2]] [[""A"" 2]] [[""A"" 4]] [[""A"" 0]]]] [32 [[[""A"" 5]] [[""A"" 0]] [[""A"" 2]] [[""A"" 0]] [[""A"" 2]] [[""A"" 0]] [[""A"" 2]] [[""A"" 0]] [[""A"" 0]] [[""A"" 2]] [[""A"" 0]] [[""A"" 2]] [[""A"" 0]] [[""A"" 2]] [[""A"" 0]] [[""A"" 2]] [[""A"" 0]] [[""A"" 2]] [[""A"" 0]] [[""A"" 2]] [[""A"" 0]] [[""A"" 5]] [[""A"" 0]] [[""A"" 0]] [[""A"" 2]] [[""A"" 0]] [[""A"" 0]] [[""A"" 5]] [[""A"" 0]] [[""A"" 0]] [[""A"" 0]] [[""A"" 5]] [[""A"" 2]] [[""A"" 2]] [[""A"" 0]] [[""A"" 2]] [[""A"" 2]] [[""A"" 5]] [[""A"" 0]] [[""A"" 3]] [[""A"" 0]] [[""A"" 2]] [[""A"" 0]] [[""A"" 0]] [[""A"" 2]] [[""A"" 2]] [[""A"" 0]] [[""A"" 2]] [[""A"" 2]] [[""A"" 0]]]] [33 [[[""A"" 1]] [[""A"" 1]] [[""A"" 1]] [[""A"" 1]] [[""A"" 1]] [[""A"" 1]] [[""A"" 1]] [[""A"" 1]] [[""A"" 1]] [[""A"" 1]] [[""A"" 1]] [[""A"" 5]] [[""A"" 1]] [[""A"" 1]] [[""A"" 1]] [[""A"" 1]] [[""A"" 1]] [[""A"" 1]] [[""A"" 1]] [[""A"" 1]] [[""A"" 1]] [[""A"" 1]] [[""A"" 1]] [[""A"" 1]] [[""A"" 0]] [[""A"" 1]] [[""A"" 1]] [[""A"" 1]] [[""A"" 1]] [[""A"" 1]] [[""A"" 1]] [[""A"" 1]] [[""A"" 1]] [[""A"" 1]] [[""A"" 5]] [[""A"" 1]] [[""A"" 1]] [[""A"" 5]] [[""A"" 1]] [[""A"" 1]] [[""A"" 1]] [[""A"" 1]] [[""A"" 1]] [[""A"" 1]] [[""A"" 1]] [[""A"" 5]] [[""A"" 1]] [[""A"" 1]] [[""A"" 1]] [[""A"" 1]]]] [34 [[[""A"" 0]] [[""A"" 0]] [[""A"" 0]] [[""A"" 3]] [[""A"" 0]] [[""A"" 0]] [[""A"" 0]] [[""A"" 1]] [[""A"" 0]] [[""A"" 0]] [[""A"" 0]] [[""A"" 0]] [[""A"" 0]] [[""A"" 0]] [[""A"" 0]] [[""A"" 0]] [[""A"" 0]] [[""A"" 3]] [[""A"" 0]] [[""A"" 0]] [[""A"" 0]] [[""A"" 0]] [[""A"" 3]] [[""A"" 0]] [[""A"" 0]] [[""A"" 0]] [[""A"" 0]] [[""A"" 0]] [[""A"" 0]] [[""A"" 0]] [[""A"" 3]] [[""A"" 0]] [[""A"" 3]] [[""A"" 0]] [[""A"" 0]] [[""A"" 0]] [[""A"" 0]] [[""A"" 0]] [[""A"" 0]] [[""A"" 0]] [[""A"" 0]] [[""A"" 1]] [[""A"" 0]] [[""A"" 3]] [[""A"" 3]] [[""A"" 4]] [[""A"" 0]] [[""A"" 3]] [[""A"" 3]] [[""A"" 0]]]] [35 [[[""A"" 1]] [[""A"" 4]] [[""A"" 1]] [[""A"" 4]] [[""A"" 1]] [[""A"" 1]] [[""A"" 1]] [[""A"" 1]] [[""A"" 1]] [[""A"" 1]] [[""A"" 1]] [[""A"" 1]] [[""A"" 1]] [[""A"" 1]] [[""A"" 1]] [[""A"" 4]] [[""A"" 1]] [[""A"" 4]] [[""A"" 4]] [[""A"" 1]] [[""A"" 4]] [[""A"" 1]] [[""A"" 4]] [[""A"" 1]] [[""A"" 1]] [[""A"" 1]] [[""A"" 4]] [[""A"" 1]] [[""A"" 1]] [[""A"" 4]] [[""A"" 1]] [[""A"" 1]] [[""A"" 4]] [[""A"" 1]] [[""A"" 1]] [[""A"" 1]] [[""A"" 1]] [[""A"" 4]] [[""A"" 1]] [[""A"" 4]] [[""A"" 4]] [[""A"" 1]] [[""A"" 1]] [[""A"" 1]] [[""A"" 1]] [[""A"" 4]] [[""A"" 1]] [[""A"" 1]] [[""A"" 1]] [[""A"" 1]]]] [36 [[[""A"" 2]] [[""A"" 2]] [[""A"" 2]] [[""A"" 2]] [[""A"" 2]] [[""A"" 2]] [[""A"" 2]] [[""A"" 2]] [[""A"" 2]] [[""A"" 2]] [[""A"" 2]] [[""A"" 2]] [[""A"" 2]] [[""A"" 2]] [[""A"" 2]] [[""A"" 2]] [[""A"" 2]] [[""A"" 2]] [[""A"" 2]] [[""A"" 2]] [[""A"" 2]] [[""A"" 2]] [[""A"" 2]] [[""A"" 2]] [[""A"" 2]] [[""A"" 2]] [[""A"" 2]] [[""A"" 2]] [[""A"" 0]] [[""A"" 2]] [[""A"" 2]] [[""A"" 2]] [[""A"" 2]] [[""A"" 2]] [[""A"" 2]] [[""A"" 2]] [[""A"" 2]] [[""A"" 2]] [[""A"" 2]] [[""A"" 2]] [[""A"" 2]] [[""A"" 2]] [[""A"" 2]] [[""A"" 2]] [[""A"" 2]] [[""A"" 2]] [[""A"" 1]] [[""A"" 2]] [[""A"" 2]] [[""A"" 2]]]] [37 [[[""A"" 1]] [[""A"" 1]] [[""A"" 3]] [[""A"" 1]] [[""A"" 1]] [[""A"" 3]] [[""A"" 1]] [[""A"" 1]] [[""A"" 1]] [[""A"" 1]] [[""A"" 1]] [[""A"" 1]] [[""A"" 1]] [[""A"" 1]] [[""A"" 1]] [[""A"" 1]] [[""A"" 1]] [[""A"" 1]] [[""A"" 1]] [[""A"" 1]] [[""A"" 1]] [[""A"" 1]] [[""A"" 1]] [[""A"" 1]] [[""A"" 1]] [[""A"" 1]] [[""A"" 1]] [[""A"" 1]] [[""A"" 1]] [[""A"" 1]] [[""A"" 1]] [[""A"" 1]] [[""A"" 1]] [[""A"" 1]] [[""A"" 1]] [[""A"" 3]] [[""A"" 1]] [[""A"" 1]] [[""A"" 1]] [[""A"" 1]] [[""A"" 1]] [[""A"" 1]] [[""A"" 1]] [[""A"" 1]] [[""A"" 1]] [[""A"" 1]] [[""A"" 1]] [[""A"" 1]] [[""A"" 1]] [[""A"" 1]]]] [38 [[[""A"" 1]] [[""A"" 1]] [[""A"" 1]] [[""A"" 1]] [[""A"" 1]] [[""A"" 1]] [[""A"" 1]] [[""A"" 1]] [[""A"" 1]] [[""A"" 1]] [[""A"" 1]] [[""A"" 1]] [[""A"" 1]] [[""A"" 1]] [[""A"" 1]] [[""A"" 1]] [[""A"" 1]] [[""A"" 4]] [[""A"" 1]] [[""A"" 1]] [[""A"" 1]] [[""A"" 1]] [[""A"" 1]] [[""A"" 1]] [[""A"" 1]] [[""A"" 1]] [[""A"" 3]] [[""A"" 1]] [[""A"" 1]] [[""A"" 1]] [[""A"" 1]] [[""A"" 1]] [[""A"" 1]] [[""A"" 1]] [[""A"" 1]] [[""A"" 1]] [[""A"" 1]] [[""A"" 0]] [[""A"" 1]] [[""A"" 1]] [[""A"" 1]] [[""A"" 1]] [[""A"" 1]] [[""A"" 1]] [[""A"" 1]] [[""A"" 1]] [[""A"" 1]] [[""A"" 1]] [[""A"" 1]] [[""A"" 1]]]] [39 [[[""A"" 1]] [[""A"" 1]] [[""A"" 1]] [[""A"" 3]] [[""A"" 1]] [[""A"" 5]] [[""A"" 3]] [[""A"" 5]] [[""A"" 3]] [[""A"" 5]] [[""A"" 3]] [[""A"" 1]] [[""A"" 1]] [[""A"" 3]] [[""A"" 3]] [[""A"" 1]] [[""A"" 3]] [[""A"" 3]] [[""A"" 1]] [[""A"" 1]] [[""A"" 3]] [[""A"" 3]] [[""A"" 3]] [[""A"" 1]] [[""A"" 1]] [[""A"" 3]] [[""A"" 5]] [[""A"" 1]] [[""A"" 1]] [[""A"" 5]] [[""A"" 1]] [[""A"" 1]] [[""A"" 5]] [[""A"" 1]] [[""A"" 3]] [[""A"" 3]] [[""A"" 1]] [[""A"" 1]] [[""A"" 3]] [[""A"" 3]] [[""A"" 3]] [[""A"" 5]] [[""A"" 3]] [[""A"" 1]] [[""A"" 3]] [[""A"" 1]] [[""A"" 3]] [[""A"" 3]] [[""A"" 3]] [[""A"" 1]]]] [40 [[[""A"" 4]] [[""A"" 4]] [[""A"" 1]] [[""A"" 4]] [[""A"" 4]] [[""A"" 4]] [[""A"" 1]] [[""A"" 4]] [[""A"" 4]] [[""A"" 1]] [[""A"" 1]] [[""A"" 4]] [[""A"" 4]] [[""A"" 1]] [[""A"" 1]] [[""A"" 1]] [[""A"" 4]] [[""A"" 4]] [[""A"" 1]] [[""A"" 1]] [[""A"" 4]] [[""A"" 1]] [[""A"" 4]] [[""A"" 4]] [[""A"" 1]] [[""A"" 1]] [[""A"" 1]] [[""A"" 1]] [[""A"" 4]] [[""A"" 1]] [[""A"" 4]] [[""A"" 4]] [[""A"" 1]] [[""A"" 1]] [[""A"" 1]] [[""A"" 1]] [[""A"" 4]] [[""A"" 1]] [[""A"" 1]] [[""A"" 4]] [[""A"" 1]] [[""A"" 4]] [[""A"" 4]] [[""A"" 4]] [[""A"" 1]] [[""A"" 1]] [[""A"" 4]] [[""A"" 1]] [[""A"" 1]] [[""A"" 4]]]] [41 [[[""A"" 0]] [[""A"" 0]] [[""A"" 0]] [[""A"" 0]] [[""A"" 0]] [[""A"" 3]] [[""A"" 0]] [[""A"" 0]] [[""A"" 0]] [[""A"" 0]] [[""A"" 3]] [[""A"" 0]] [[""A"" 0]] [[""A"" 0]] [[""A"" 0]] [[""A"" 0]] [[""A"" 0]] [[""A"" 0]] [[""A"" 0]] [[""A"" 0]] [[""A"" 3]] [[""A"" 0]] [[""A"" 0]] [[""A"" 0]] [[""A"" 1]] [[""A"" 0]] [[""A"" 3]] [[""A"" 0]] [[""A"" 0]] [[""A"" 0]] [[""A"" 0]] [[""A"" 0]] [[""A"" 0]] [[""A"" 0]] [[""A"" 0]] [[""A"" 0]] [[""A"" 0]] [[""A"" 0]] [[""A"" 0]] [[""A"" 3]] [[""A"" 0]] [[""A"" 0]] [[""A"" 0]] [[""A"" 3]] [[""A"" 0]] [[""A"" 0]] [[""A"" 0]] [[""A"" 0]] [[""A"" 0]] [[""A"" 0]]]] [42 [[[""A"" 1]] [[""A"" 5]] [[""A"" 1]] [[""A"" 1]] [[""A"" 1]] [[""A"" 1]] [[""A"" 1]] [[""A"" 5]] [[""A"" 1]] [[""A"" 1]] [[""A"" 5]] [[""A"" 5]] [[""A"" 1]] [[""A"" 1]] [[""A"" 1]] [[""A"" 1]] [[""A"" 1]] [[""A"" 2]] [[""A"" 5]] [[""A"" 5]] [[""A"" 1]] [[""A"" 1]] [[""A"" 5]] [[""A"" 1]] [[""A"" 1]] [[""A"" 1]] [[""A"" 5]] [[""A"" 1]] [[""A"" 5]] [[""A"" 1]] [[""A"" 4]] [[""A"" 1]] [[""A"" 1]] [[""A"" 1]] [[""A"" 5]] [[""A"" 1]] [[""A"" 1]] [[""A"" 5]] [[""A"" 5]] [[""A"" 1]] [[""A"" 5]] [[""A"" 5]] [[""A"" 5]] [[""A"" 1]] [[""A"" 5]] [[""A"" 1]] [[""A"" 1]] [[""A"" 5]] [[""A"" 1]] [[""A"" 1]]]] [43 [[[""A"" 0]] [[""A"" 3]] [[""A"" 0]] [[""A"" 0]] [[""A"" 0]] [[""A"" 3]] [[""A"" 3]] [[""A"" 5]] [[""A"" 3]] [[""A"" 3]] [[""A"" 0]] [[""A"" 0]] [[""A"" 0]] [[""A"" 3]] [[""A"" 0]] [[""A"" 0]] [[""A"" 0]] [[""A"" 0]] [[""A"" 3]] [[""A"" 0]] [[""A"" 0]] [[""A"" 3]] [[""A"" 3]] [[""A"" 0]] [[""A"" 0]] [[""A"" 0]] [[""A"" 0]] [[""A"" 3]] [[""A"" 5]] [[""A"" 0]] [[""A"" 0]] [[""A"" 3]] [[""A"" 3]] [[""A"" 0]] [[""A"" 5]] [[""A"" 3]] [[""A"" 0]] [[""A"" 0]] [[""A"" 0]] [[""A"" 0]] [[""A"" 3]] [[""A"" 0]] [[""A"" 3]] [[""A"" 0]] [[""A"" 0]] [[""A"" 3]] [[""A"" 0]] [[""A"" 3]] [[""A"" 5]] [[""A"" 0]]]] [44 [[[""A"" 3]] [[""A"" 3]] [[""A"" 0]] [[""A"" 0]] [[""A"" 3]] [[""A"" 3]] [[""A"" 3]] [[""A"" 3]] [[""A"" 0]] [[""A"" 3]] [[""A"" 0]] [[""A"" 0]] [[""A"" 3]] [[""A"" 3]] [[""A"" 0]] [[""A"" 0]] [[""A"" 3]] [[""A"" 0]] [[""A"" 3]] [[""A"" 0]] [[""A"" 3]] [[""A"" 3]] [[""A"" 0]] [[""A"" 0]] [[""A"" 3]] [[""A"" 0]] [[""A"" 0]] [[""A"" 3]] [[""A"" 3]] [[""A"" 3]] [[""A"" 0]] [[""A"" 0]] [[""A"" 3]] [[""A"" 0]] [[""A"" 3]] [[""A"" 3]] [[""A"" 3]] [[""A"" 3]] [[""A"" 3]] [[""A"" 3]] [[""A"" 3]] [[""A"" 0]] [[""A"" 3]] [[""A"" 3]] [[""A"" 0]] [[""A"" 3]] [[""A"" 3]] [[""A"" 3]] [[""A"" 3]] [[""A"" 3]]]] [45 [[[""A"" 1]] [[""A"" 1]] [[""A"" 1]] [[""A"" 4]] [[""A"" 4]] [[""A"" 4]] [[""A"" 4]] [[""A"" 1]] [[""A"" 1]] [[""A"" 4]] [[""A"" 4]] [[""A"" 4]] [[""A"" 1]] [[""A"" 4]] [[""A"" 4]] [[""A"" 4]] [[""A"" 4]] [[""A"" 4]] [[""A"" 4]] [[""A"" 4]] [[""A"" 1]] [[""A"" 1]] [[""A"" 4]] [[""A"" 4]] [[""A"" 1]] [[""A"" 4]] [[""A"" 4]] [[""A"" 4]] [[""A"" 4]] [[""A"" 1]] [[""A"" 4]] [[""A"" 4]] [[""A"" 3]] [[""A"" 1]] [[""A"" 4]] [[""A"" 4]] [[""A"" 4]] [[""A"" 4]] [[""A"" 4]] [[""A"" 1]] [[""A"" 4]] [[""A"" 4]] [[""A"" 4]] [[""A"" 4]] [[""A"" 1]] [[""A"" 4]] [[""A"" 4]] [[""A"" 1]] [[""A"" 1]] [[""A"" 4]]]] [46 [[[""A"" 0]] [[""A"" 0]] [[""A"" 0]] [[""A"" 0]] [[""A"" 0]] [[""A"" 0]] [[""A"" 0]] [[""A"" 0]] [[""A"" 0]] [[""A"" 0]] [[""A"" 0]] [[""A"" 3]] [[""A"" 0]] [[""A"" 0]] [[""A"" 0]] [[""A"" 0]] [[""A"" 0]] [[""A"" 0]] [[""A"" 0]] [[""A"" 0]] [[""A"" 0]] [[""A"" 0]] [[""A"" 0]] [[""A"" 0]] [[""A"" 0]] [[""A"" 0]] [[""A"" 0]] [[""A"" 0]] [[""A"" 0]] [[""A"" 0]] [[""A"" 0]] [[""A"" 0]] [[""A"" 0]] [[""A"" 0]] [[""A"" 0]] [[""A"" 0]] [[""A"" 0]] [[""A"" 0]] [[""A"" 0]] [[""A"" 0]] [[""A"" 0]] [[""A"" 0]] [[""A"" 3]] [[""A"" 0]] [[""A"" 3]] [[""A"" 0]] [[""A"" 0]] [[""A"" 0]] [[""A"" 0]] [[""A"" 0]]]] [47 [[[""A"" 1]] [[""A"" 3]] [[""A"" 3]] [[""A"" 1]] [[""A"" 3]] [[""A"" 1]] [[""A"" 3]] [[""A"" 1]] [[""A"" 1]] [[""A"" 1]] [[""A"" 1]] [[""A"" 1]] [[""A"" 1]] [[""A"" 1]] [[""A"" 1]] [[""A"" 1]] [[""A"" 3]] [[""A"" 3]] [[""A"" 1]] [[""A"" 1]] [[""A"" 3]] [[""A"" 3]] [[""A"" 1]] [[""A"" 1]] [[""A"" 1]] [[""A"" 1]] [[""A"" 3]] [[""A"" 1]] [[""A"" 1]] [[""A"" 1]] [[""A"" 1]] [[""A"" 1]] [[""A"" 1]] [[""A"" 1]] [[""A"" 1]] [[""A"" 3]] [[""A"" 1]] [[""A"" 1]] [[""A"" 3]] [[""A"" 1]] [[""A"" 1]] [[""A"" 3]] [[""A"" 1]] [[""A"" 1]] [[""A"" 3]] [[""A"" 3]] [[""A"" 1]] [[""A"" 3]] [[""A"" 1]] [[""A"" 3]]]] [48 [[[""A"" 5]] [[""A"" 0]] [[""A"" 5]] [[""A"" 5]] [[""A"" 5]] [[""A"" 0]] [[""A"" 5]] [[""A"" 5]] [[""A"" 5]] [[""A"" 0]] [[""A"" 5]] [[""A"" 0]] [[""A"" 5]] [[""A"" 0]] [[""A"" 0]] [[""A"" 0]] [[""A"" 5]] [[""A"" 0]] [[""A"" 3]] [[""A"" 5]] [[""A"" 5]] [[""A"" 0]] [[""A"" 0]] [[""A"" 0]] [[""A"" 5]] [[""A"" 5]] [[""A"" 5]] [[""A"" 5]] [[""A"" 5]] [[""A"" 0]] [[""A"" 5]] [[""A"" 0]] [[""A"" 3]] [[""A"" 0]] [[""A"" 5]] [[""A"" 5]] [[""A"" 3]] [[""A"" 1]] [[""A"" 0]] [[""A"" 3]] [[""A"" 0]] [[""A"" 5]] [[""A"" 0]] [[""A"" 0]] [[""A"" 0]] [[""A"" 0]] [[""A"" 0]] [[""A"" 0]] [[""A"" 3]] [[""A"" 5]]]] [49 [[[""A"" 0]] [[""A"" 0]] [[""A"" 0]] [[""A"" 4]] [[""A"" 4]] [[""A"" 0]] [[""A"" 4]] [[""A"" 0]] [[""A"" 0]] [[""A"" 0]] [[""A"" 0]] [[""A"" 0]] [[""A"" 0]] [[""A"" 0]] [[""A"" 0]] [[""A"" 0]] [[""A"" 4]] [[""A"" 0]] [[""A"" 0]] [[""A"" 0]] [[""A"" 0]] [[""A"" 0]] [[""A"" 0]] [[""A"" 0]] [[""A"" 0]] [[""A"" 0]] [[""A"" 0]] [[""A"" 0]] [[""A"" 0]] [[""A"" 0]] [[""A"" 0]] [[""A"" 0]] [[""A"" 0]] [[""A"" 0]] [[""A"" 0]] [[""A"" 4]] [[""A"" 0]] [[""A"" 0]] [[""A"" 0]] [[""A"" 0]] [[""A"" 0]] [[""A"" 0]] [[""A"" 0]] [[""A"" 0]] [[""A"" 0]] [[""A"" 0]] [[""A"" 0]] [[""A"" 0]] [[""A"" 0]] [[""A"" 0]]]] [50 [[[""A"" 3]] [[""A"" 1]] [[""A"" 3]] [[""A"" 3]] [[""A"" 3]] [[""A"" 1]] [[""A"" 1]] [[""A"" 3]] [[""A"" 3]] [[""A"" 1]] [[""A"" 1]] [[""A"" 3]] [[""A"" 3]] [[""A"" 3]] [[""A"" 3]] [[""A"" 1]] [[""A"" 3]] [[""A"" 3]] [[""A"" 3]] [[""A"" 3]] [[""A"" 3]] [[""A"" 1]] [[""A"" 3]] [[""A"" 3]] [[""A"" 3]] [[""A"" 3]] [[""A"" 3]] [[""A"" 3]] [[""A"" 1]] [[""A"" 3]] [[""A"" 3]] [[""A"" 3]] [[""A"" 3]] [[""A"" 3]] [[""A"" 1]] [[""A"" 3]] [[""A"" 3]] [[""A"" 3]] [[""A"" 3]] [[""A"" 3]] [[""A"" 3]] [[""A"" 3]] [[""A"" 1]] [[""A"" 3]] [[""A"" 1]] [[""A"" 3]] [[""A"" 1]] [[""A"" 1]] [[""A"" 1]] [[""A"" 3]]]] [51 [[[""A"" 5]] [[""A"" 1]] [[""A"" 1]] [[""A"" 3]] [[""A"" 5]] [[""A"" 3]] [[""A"" 3]] [[""A"" 3]] [[""A"" 1]] [[""A"" 5]] [[""A"" 3]] [[""A"" 3]] [[""A"" 3]] [[""A"" 1]] [[""A"" 3]] [[""A"" 1]] [[""A"" 3]] [[""A"" 1]] [[""A"" 3]] [[""A"" 1]] [[""A"" 3]] [[""A"" 1]] [[""A"" 1]] [[""A"" 1]] [[""A"" 3]] [[""A"" 3]] [[""A"" 3]] [[""A"" 3]] [[""A"" 3]] [[""A"" 3]] [[""A"" 3]] [[""A"" 1]] [[""A"" 1]] [[""A"" 5]] [[""A"" 3]] [[""A"" 3]] [[""A"" 1]] [[""A"" 3]] [[""A"" 3]] [[""A"" 3]] [[""A"" 3]] [[""A"" 3]] [[""A"" 1]] [[""A"" 1]] [[""A"" 3]] [[""A"" 3]] [[""A"" 1]] [[""A"" 1]] [[""A"" 3]] [[""A"" 1]]]] [52 [[[""A"" 0]] [[""A"" 0]] [[""A"" 3]] [[""A"" 3]] [[""A"" 3]] [[""A"" 0]] [[""A"" 3]] [[""A"" 3]] [[""A"" 0]] [[""A"" 3]] [[""A"" 0]] [[""A"" 3]] [[""A"" 3]] [[""A"" 0]] [[""A"" 3]] [[""A"" 0]] [[""A"" 0]] [[""A"" 3]] [[""A"" 3]] [[""A"" 3]] [[""A"" 0]] [[""A"" 0]] [[""A"" 0]] [[""A"" 3]] [[""A"" 3]] [[""A"" 3]] [[""A"" 3]] [[""A"" 0]] [[""A"" 3]] [[""A"" 0]] [[""A"" 3]] [[""A"" 3]] [[""A"" 3]] [[""A"" 3]] [[""A"" 3]] [[""A"" 0]] [[""A"" 2]] [[""A"" 3]] [[""A"" 3]] [[""A"" 0]] [[""A"" 3]] [[""A"" 0]] [[""A"" 3]] [[""A"" 0]] [[""A"" 0]] [[""A"" 3]] [[""A"" 0]] [[""A"" 3]] [[""A"" 3]] [[""A"" 0]]]] [53 [[[""A"" 1]] [[""A"" 1]] [[""A"" 3]] [[""A"" 1]] [[""A"" 1]] [[""A"" 1]] [[""A"" 3]] [[""A"" 3]] [[""A"" 1]] [[""A"" 3]] [[""A"" 1]] [[""A"" 1]] [[""A"" 3]] [[""A"" 3]] [[""A"" 5]] [[""A"" 1]] [[""A"" 1]] [[""A"" 1]] [[""A"" 1]] [[""A"" 1]] [[""A"" 3]] [[""A"" 3]] [[""A"" 1]] [[""A"" 1]] [[""A"" 5]] [[""A"" 5]] [[""A"" 5]] [[""A"" 3]] [[""A"" 1]] [[""A"" 1]] [[""A"" 3]] [[""A"" 1]] [[""A"" 5]] [[""A"" 3]] [[""A"" 3]] [[""A"" 1]] [[""A"" 1]] [[""A"" 3]] [[""A"" 3]] [[""A"" 1]] [[""A"" 3]] [[""A"" 1]] [[""A"" 1]] [[""A"" 1]] [[""A"" 3]] [[""A"" 3]] [[""A"" 3]] [[""A"" 1]] [[""A"" 3]] [[""A"" 3]]]] [54 [[[""A"" 4]] [[""A"" 4]] [[""A"" 4]] [[""A"" 4]] [[""A"" 4]] [[""A"" 4]] [[""A"" 4]] [[""A"" 4]] [[""A"" 4]] [[""A"" 4]] [[""A"" 4]] [[""A"" 4]] [[""A"" 4]] [[""A"" 4]] [[""A"" 4]] [[""A"" 4]] [[""A"" 4]] [[""A"" 4]] [[""A"" 4]] [[""A"" 4]] [[""A"" 4]] [[""A"" 4]] [[""A"" 4]] [[""A"" 4]] [[""A"" 4]] [[""A"" 4]] [[""A"" 4]] [[""A"" 4]] [[""A"" 1]] [[""A"" 4]] [[""A"" 4]] [[""A"" 4]] [[""A"" 4]] [[""A"" 4]] [[""A"" 0]] [[""A"" 4]] [[""A"" 4]] [[""A"" 4]] [[""A"" 4]] [[""A"" 4]] [[""A"" 4]] [[""A"" 4]] [[""A"" 4]] [[""A"" 4]] [[""A"" 4]] [[""A"" 4]] [[""A"" 4]] [[""A"" 4]] [[""A"" 4]] [[""A"" 4]]]] [55 [[[""A"" 3]] [[""A"" 3]] [[""A"" 3]] [[""A"" 3]] [[""A"" 3]] [[""A"" 3]] [[""A"" 3]] [[""A"" 3]] [[""A"" 3]] [[""A"" 3]] [[""A"" 3]] [[""A"" 3]] [[""A"" 3]] [[""A"" 3]] [[""A"" 3]] [[""A"" 3]] [[""A"" 3]] [[""A"" 3]] [[""A"" 3]] [[""A"" 3]] [[""A"" 3]] [[""A"" 3]] [[""A"" 3]] [[""A"" 3]] [[""A"" 3]] [[""A"" 3]] [[""A"" 3]] [[""A"" 3]] [[""A"" 3]] [[""A"" 3]] [[""A"" 3]] [[""A"" 3]] [[""A"" 3]] [[""A"" 3]] [[""A"" 3]] [[""A"" 3]] [[""A"" 3]] [[""A"" 3]] [[""A"" 3]] [[""A"" 3]] [[""A"" 3]] [[""A"" 3]] [[""A"" 3]] [[""A"" 3]] [[""A"" 3]] [[""A"" 3]] [[""A"" 3]] [[""A"" 3]] [[""A"" 3]] [[""A"" 3]]]] [56 [[[""A"" 1]] [[""A"" 5]] [[""A"" 5]] [[""A"" 1]] [[""A"" 1]] [[""A"" 1]] [[""A"" 1]] [[""A"" 1]] [[""A"" 3]] [[""A"" 5]] [[""A"" 5]] [[""A"" 5]] [[""A"" 1]] [[""A"" 1]] [[""A"" 1]] [[""A"" 1]] [[""A"" 5]] [[""A"" 3]] [[""A"" 1]] [[""A"" 5]] [[""A"" 5]] [[""A"" 1]] [[""A"" 1]] [[""A"" 1]] [[""A"" 1]] [[""A"" 5]] [[""A"" 5]] [[""A"" 1]] [[""A"" 5]] [[""A"" 5]] [[""A"" 1]] [[""A"" 1]] [[""A"" 1]] [[""A"" 1]] [[""A"" 5]] [[""A"" 1]] [[""A"" 1]] [[""A"" 1]] [[""A"" 5]] [[""A"" 1]] [[""A"" 1]] [[""A"" 1]] [[""A"" 1]] [[""A"" 1]] [[""A"" 1]] [[""A"" 5]] [[""A"" 1]] [[""A"" 1]] [[""A"" 5]] [[""A"" 5]]]] [57 [[[""A"" 3]] [[""A"" 1]] [[""A"" 1]] [[""A"" 5]] [[""A"" 1]] [[""A"" 3]] [[""A"" 3]] [[""A"" 3]] [[""A"" 1]] [[""A"" 1]] [[""A"" 3]] [[""A"" 1]] [[""A"" 3]] [[""A"" 1]] [[""A"" 1]] [[""A"" 1]] [[""A"" 3]] [[""A"" 1]] [[""A"" 3]] [[""A"" 3]] [[""A"" 1]] [[""A"" 1]] [[""A"" 1]] [[""A"" 3]] [[""A"" 1]] [[""A"" 1]] [[""A"" 3]] [[""A"" 1]] [[""A"" 1]] [[""A"" 1]] [[""A"" 1]] [[""A"" 1]] [[""A"" 3]] [[""A"" 1]] [[""A"" 3]] [[""A"" 3]] [[""A"" 1]] [[""A"" 1]] [[""A"" 3]] [[""A"" 1]] [[""A"" 3]] [[""A"" 3]] [[""A"" 1]] [[""A"" 1]] [[""A"" 1]] [[""A"" 3]] [[""A"" 1]] [[""A"" 1]] [[""A"" 1]] [[""A"" 5]]]] [58 [[[""A"" 3]] [[""A"" 3]] [[""A"" 3]] [[""A"" 3]] [[""A"" 3]] [[""A"" 3]] [[""A"" 4]] [[""A"" 3]] [[""A"" 3]] [[""A"" 3]] [[""A"" 3]] [[""A"" 3]] [[""A"" 3]] [[""A"" 3]] [[""A"" 3]] [[""A"" 3]] [[""A"" 3]] [[""A"" 3]] [[""A"" 3]] [[""A"" 3]] [[""A"" 3]] [[""A"" 3]] [[""A"" 3]] [[""A"" 3]] [[""A"" 3]] [[""A"" 3]] [[""A"" 3]] [[""A"" 3]] [[""A"" 3]] [[""A"" 3]] [[""A"" 3]] [[""A"" 3]] [[""A"" 3]] [[""A"" 3]] [[""A"" 3]] [[""A"" 3]] [[""A"" 3]] [[""A"" 3]] [[""A"" 3]] [[""A"" 3]] [[""A"" 3]] [[""A"" 3]] [[""A"" 3]] [[""A"" 3]] [[""A"" 4]] [[""A"" 3]] [[""A"" 3]] [[""A"" 3]] [[""A"" 3]] [[""A"" 3]]]] [59 [[[""A"" 5]] [[""A"" 5]] [[""A"" 5]] [[""A"" 5]] [[""A"" 5]] [[""A"" 5]] [[""A"" 1]] [[""A"" 1]] [[""A"" 5]] [[""A"" 1]] [[""A"" 1]] [[""A"" 5]] [[""A"" 1]] [[""A"" 4]] [[""A"" 1]] [[""A"" 5]] [[""A"" 1]] [[""A"" 1]] [[""A"" 1]] [[""A"" 5]] [[""A"" 5]] [[""A"" 5]] [[""A"" 1]] [[""A"" 5]] [[""A"" 1]] [[""A"" 1]] [[""A"" 5]] [[""A"" 5]] [[""A"" 5]] [[""A"" 5]] [[""A"" 5]] [[""A"" 5]] [[""A"" 5]] [[""A"" 4]] [[""A"" 1]] [[""A"" 1]] [[""A"" 5]] [[""A"" 1]] [[""A"" 5]] [[""A"" 1]] [[""A"" 5]] [[""A"" 5]] [[""A"" 5]] [[""A"" 5]] [[""A"" 1]] [[""A"" 5]] [[""A"" 1]] [[""A"" 5]] [[""A"" 5]] [[""A"" 1]]]] [60 [[[""A"" 0]] [[""A"" 4]] [[""A"" 4]] [[""A"" 5]] [[""A"" 4]] [[""A"" 4]] [[""A"" 0]] [[""A"" 0]] [[""A"" 4]] [[""A"" 0]] [[""A"" 0]] [[""A"" 0]] [[""A"" 0]] [[""A"" 0]] [[""A"" 0]] [[""A"" 0]] [[""A"" 0]] [[""A"" 0]] [[""A"" 0]] [[""A"" 0]] [[""A"" 0]] [[""A"" 4]] [[""A"" 0]] [[""A"" 0]] [[""A"" 0]] [[""A"" 0]] [[""A"" 0]] [[""A"" 4]] [[""A"" 4]] [[""A"" 4]] [[""A"" 0]] [[""A"" 0]] [[""A"" 0]] [[""A"" 0]] [[""A"" 0]] [[""A"" 0]] [[""A"" 4]] [[""A"" 4]] [[""A"" 0]] [[""A"" 0]] [[""A"" 0]] [[""A"" 0]] [[""A"" 4]] [[""A"" 0]] [[""A"" 0]] [[""A"" 0]] [[""A"" 0]] [[""A"" 4]] [[""A"" 0]] [[""A"" 0]]]] [61 [[[""A"" 0]] [[""A"" 0]] [[""A"" 0]] [[""A"" 0]] [[""A"" 4]] [[""A"" 4]] [[""A"" 0]] [[""A"" 4]] [[""A"" 0]] [[""A"" 0]] [[""A"" 4]] [[""A"" 0]] [[""A"" 1]] [[""A"" 0]] [[""A"" 4]] [[""A"" 0]] [[""A"" 4]] [[""A"" 0]] [[""A"" 4]] [[""A"" 0]] [[""A"" 0]] [[""A"" 0]] [[""A"" 4]] [[""A"" 0]] [[""A"" 0]] [[""A"" 4]] [[""A"" 0]] [[""A"" 4]] [[""A"" 4]] [[""A"" 0]] [[""A"" 0]] [[""A"" 0]] [[""A"" 4]] [[""A"" 4]] [[""A"" 4]] [[""A"" 0]] [[""A"" 4]] [[""A"" 0]] [[""A"" 0]] [[""A"" 0]] [[""A"" 4]] [[""A"" 0]] [[""A"" 0]] [[""A"" 0]] [[""A"" 4]] [[""A"" 0]] [[""A"" 1]] [[""A"" 0]] [[""A"" 0]] [[""A"" 0]]]] [62 [[[""A"" 1]] [[""A"" 1]] [[""A"" 1]] [[""A"" 1]] [[""A"" 1]] [[""A"" 1]] [[""A"" 1]] [[""A"" 1]] [[""A"" 1]] [[""A"" 1]] [[""A"" 1]] [[""A"" 1]] [[""A"" 1]] [[""A"" 1]] [[""A"" 1]] [[""A"" 1]] [[""A"" 1]] [[""A"" 1]] [[""A"" 1]] [[""A"" 1]] [[""A"" 3]] [[""A"" 1]] [[""A"" 1]] [[""A"" 1]] [[""A"" 1]] [[""A"" 1]] [[""A"" 1]] [[""A"" 1]] [[""A"" 1]] [[""A"" 1]] [[""A"" 1]] [[""A"" 1]] [[""A"" 1]] [[""A"" 1]] [[""A"" 3]] [[""A"" 1]] [[""A"" 1]] [[""A"" 1]] [[""A"" 1]] [[""A"" 1]] [[""A"" 1]] [[""A"" 3]] [[""A"" 1]] [[""A"" 1]] [[""A"" 3]] [[""A"" 1]] [[""A"" 1]] [[""A"" 4]] [[""A"" 1]] [[""A"" 1]]]] [63 [[[""A"" 5]] [[""A"" 1]] [[""A"" 1]] [[""A"" 1]] [[""A"" 1]] [[""A"" 1]] [[""A"" 5]] [[""A"" 1]] [[""A"" 1]] [[""A"" 5]] [[""A"" 1]] [[""A"" 1]] [[""A"" 5]] [[""A"" 5]] [[""A"" 5]] [[""A"" 5]] [[""A"" 1]] [[""A"" 1]] [[""A"" 5]] [[""A"" 5]] [[""A"" 1]] [[""A"" 1]] [[""A"" 5]] [[""A"" 5]] [[""A"" 5]] [[""A"" 1]] [[""A"" 1]] [[""A"" 1]] [[""A"" 5]] [[""A"" 5]] [[""A"" 5]] [[""A"" 2]] [[""A"" 5]] [[""A"" 1]] [[""A"" 1]] [[""A"" 5]] [[""A"" 5]] [[""A"" 1]] [[""A"" 5]] [[""A"" 1]] [[""A"" 5]] [[""A"" 5]] [[""A"" 5]] [[""A"" 5]] [[""A"" 1]] [[""A"" 1]] [[""A"" 1]] [[""A"" 5]] [[""A"" 1]] [[""A"" 1]]]] [64 [[[""A"" 5]] [[""A"" 0]] [[""A"" 3]] [[""A"" 0]] [[""A"" 0]] [[""A"" 0]] [[""A"" 3]] [[""A"" 2]] [[""A"" 3]] [[""A"" 0]] [[""A"" 0]] [[""A"" 3]] [[""A"" 3]] [[""A"" 0]] [[""A"" 3]] [[""A"" 3]] [[""A"" 0]] [[""A"" 3]] [[""A"" 3]] [[""A"" 3]] [[""A"" 3]] [[""A"" 3]] [[""A"" 0]] [[""A"" 3]] [[""A"" 0]] [[""A"" 0]] [[""A"" 3]] [[""A"" 3]] [[""A"" 3]] [[""A"" 3]] [[""A"" 0]] [[""A"" 0]] [[""A"" 3]] [[""A"" 3]] [[""A"" 3]] [[""A"" 0]] [[""A"" 3]] [[""A"" 0]] [[""A"" 0]] [[""A"" 0]] [[""A"" 0]] [[""A"" 3]] [[""A"" 0]] [[""A"" 0]] [[""A"" 3]] [[""A"" 3]] [[""A"" 3]] [[""A"" 3]] [[""A"" 3]] [[""A"" 0]]]] [65 [[[""A"" 3]] [[""A"" 1]] [[""A"" 3]] [[""A"" 1]] [[""A"" 1]] [[""A"" 3]] [[""A"" 3]] [[""A"" 1]] [[""A"" 3]] [[""A"" 3]] [[""A"" 1]] [[""A"" 3]] [[""A"" 3]] [[""A"" 3]] [[""A"" 3]] [[""A"" 3]] [[""A"" 3]] [[""A"" 1]] [[""A"" 1]] [[""A"" 1]] [[""A"" 3]] [[""A"" 3]] [[""A"" 3]] [[""A"" 1]] [[""A"" 3]] [[""A"" 3]] [[""A"" 3]] [[""A"" 3]] [[""A"" 1]] [[""A"" 3]] [[""A"" 1]] [[""A"" 1]] [[""A"" 1]] [[""A"" 3]] [[""A"" 3]] [[""A"" 1]] [[""A"" 3]] [[""A"" 1]] [[""A"" 3]] [[""A"" 1]] [[""A"" 1]] [[""A"" 3]] [[""A"" 1]] [[""A"" 3]] [[""A"" 3]] [[""A"" 1]] [[""A"" 1]] [[""A"" 3]] [[""A"" 1]] [[""A"" 1]]]] [66 [[[""A"" 3]] [[""A"" 3]] [[""A"" 1]] [[""A"" 3]] [[""A"" 3]] [[""A"" 3]] [[""A"" 4]] [[""A"" 1]] [[""A"" 1]] [[""A"" 1]] [[""A"" 1]] [[""A"" 3]] [[""A"" 3]] [[""A"" 1]] [[""A"" 1]] [[""A"" 3]] [[""A"" 3]] [[""A"" 1]] [[""A"" 1]] [[""A"" 1]] [[""A"" 3]] [[""A"" 1]] [[""A"" 3]] [[""A"" 1]] [[""A"" 1]] [[""A"" 1]] [[""A"" 3]] [[""A"" 3]] [[""A"" 1]] [[""A"" 3]] [[""A"" 3]] [[""A"" 3]] [[""A"" 1]] [[""A"" 1]] [[""A"" 3]] [[""A"" 3]] [[""A"" 3]] [[""A"" 3]] [[""A"" 1]] [[""A"" 1]] [[""A"" 3]] [[""A"" 3]] [[""A"" 1]] [[""A"" 3]] [[""A"" 1]] [[""A"" 3]] [[""A"" 3]] [[""A"" 1]] [[""A"" 3]] [[""A"" 3]]]] [67 [[[""A"" 0]] [[""A"" 0]] [[""A"" 4]] [[""A"" 4]] [[""A"" 0]] [[""A"" 0]] [[""A"" 4]] [[""A"" 0]] [[""A"" 0]] [[""A"" 4]] [[""A"" 4]] [[""A"" 4]] [[""A"" 0]] [[""A"" 4]] [[""A"" 4]] [[""A"" 0]] [[""A"" 0]] [[""A"" 0]] [[""A"" 0]] [[""A"" 0]] [[""A"" 0]] [[""A"" 0]] [[""A"" 4]] [[""A"" 4]] [[""A"" 0]] [[""A"" 0]] [[""A"" 0]] [[""A"" 0]] [[""A"" 0]] [[""A"" 4]] [[""A"" 0]] [[""A"" 0]] [[""A"" 0]] [[""A"" 0]] [[""A"" 0]] [[""A"" 4]] [[""A"" 0]] [[""A"" 4]] [[""A"" 4]] [[""A"" 0]] [[""A"" 0]] [[""A"" 0]] [[""A"" 0]] [[""A"" 0]] [[""A"" 4]] [[""A"" 0]] [[""A"" 0]] [[""A"" 0]] [[""A"" 0]] [[""A"" 0]]]] [68 [[[""A"" 0]] [[""A"" 1]] [[""A"" 0]] [[""A"" 0]] [[""A"" 0]] [[""A"" 0]] [[""A"" 0]] [[""A"" 0]] [[""A"" 0]] [[""A"" 0]] [[""A"" 0]] [[""A"" 0]] [[""A"" 0]] [[""A"" 0]] [[""A"" 0]] [[""A"" 0]] [[""A"" 0]] [[""A"" 0]] [[""A"" 0]] [[""A"" 0]] [[""A"" 0]] [[""A"" 0]] [[""A"" 0]] [[""A"" 3]] [[""A"" 0]] [[""A"" 0]] [[""A"" 0]] [[""A"" 0]] [[""A"" 0]] [[""A"" 0]] [[""A"" 0]] [[""A"" 0]] [[""A"" 0]] [[""A"" 0]] [[""A"" 0]] [[""A"" 0]] [[""A"" 0]] [[""A"" 0]] [[""A"" 0]] [[""A"" 0]] [[""A"" 0]] [[""A"" 0]] [[""A"" 0]] [[""A"" 0]] [[""A"" 0]] [[""A"" 0]] [[""A"" 0]] [[""A"" 0]] [[""A"" 0]] [[""A"" 0]]]] [69 [[[""A"" 1]] [[""A"" 1]] [[""A"" 1]] [[""A"" 1]] [[""A"" 1]] [[""A"" 1]] [[""A"" 1]] [[""A"" 1]] [[""A"" 1]] [[""A"" 1]] [[""A"" 1]] [[""A"" 1]] [[""A"" 1]] [[""A"" 1]] [[""A"" 1]] [[""A"" 1]] [[""A"" 1]] [[""A"" 1]] [[""A"" 1]] [[""A"" 1]] [[""A"" 1]] [[""A"" 1]] [[""A"" 1]] [[""A"" 4]] [[""A"" 1]] [[""A"" 1]] [[""A"" 1]] [[""A"" 1]] [[""A"" 1]] [[""A"" 1]] [[""A"" 1]] [[""A"" 1]] [[""A"" 1]] [[""A"" 1]] [[""A"" 1]] [[""A"" 1]] [[""A"" 1]] [[""A"" 1]] [[""A"" 1]] [[""A"" 1]] [[""A"" 1]] [[""A"" 1]] [[""A"" 1]] [[""A"" 1]] [[""A"" 1]] [[""A"" 1]] [[""A"" 1]] [[""A"" 1]] [[""A"" 1]] [[""A"" 0]]]] [70 [[[""A"" 1]] [[""A"" 1]] [[""A"" 3]] [[""A"" 3]] [[""A"" 1]] [[""A"" 1]] [[""A"" 1]] [[""A"" 1]] [[""A"" 3]] [[""A"" 1]] [[""A"" 1]] [[""A"" 3]] [[""A"" 3]] [[""A"" 1]] [[""A"" 3]] [[""A"" 1]] [[""A"" 1]] [[""A"" 1]] [[""A"" 3]] [[""A"" 1]] [[""A"" 3]] [[""A"" 1]] [[""A"" 1]] [[""A"" 2]] [[""A"" 1]] [[""A"" 3]] [[""A"" 1]] [[""A"" 1]] [[""A"" 3]] [[""A"" 1]] [[""A"" 1]] [[""A"" 3]] [[""A"" 3]] [[""A"" 3]] [[""A"" 1]] [[""A"" 1]] [[""A"" 3]] [[""A"" 3]] [[""A"" 1]] [[""A"" 1]] [[""A"" 1]] [[""A"" 1]] [[""A"" 1]] [[""A"" 1]] [[""A"" 1]] [[""A"" 1]] [[""A"" 3]] [[""A"" 1]] [[""A"" 3]] [[""A"" 3]]]] [71 [[[""A"" 1]] [[""A"" 1]] [[""A"" 1]] [[""A"" 1]] [[""A"" 1]] [[""A"" 1]] [[""A"" 1]] [[""A"" 1]] [[""A"" 5]] [[""A"" 1]] [[""A"" 1]] [[""A"" 3]] [[""A"" 3]] [[""A"" 1]] [[""A"" 1]] [[""A"" 1]] [[""A"" 1]] [[""A"" 3]] [[""A"" 1]] [[""A"" 5]] [[""A"" 5]] [[""A"" 3]] [[""A"" 1]] [[""A"" 5]] [[""A"" 1]] [[""A"" 1]] [[""A"" 1]] [[""A"" 3]] [[""A"" 1]] [[""A"" 1]] [[""A"" 1]] [[""A"" 3]] [[""A"" 1]] [[""A"" 1]] [[""A"" 1]] [[""A"" 1]] [[""A"" 1]] [[""A"" 1]] [[""A"" 3]] [[""A"" 1]] [[""A"" 1]] [[""A"" 1]] [[""A"" 3]] [[""A"" 1]] [[""A"" 1]] [[""A"" 3]] [[""A"" 1]] [[""A"" 3]] [[""A"" 1]] [[""A"" 1]]]] [72 [[[""A"" 1]] [[""A"" 1]] [[""A"" 1]] [[""A"" 1]] [[""A"" 1]] [[""A"" 1]] [[""A"" 1]] [[""A"" 1]] [[""A"" 4]] [[""A"" 1]] [[""A"" 1]] [[""A"" 1]] [[""A"" 1]] [[""A"" 1]] [[""A"" 1]] [[""A"" 1]] [[""A"" 1]] [[""A"" 1]] [[""A"" 1]] [[""A"" 1]] [[""A"" 1]] [[""A"" 1]] [[""A"" 1]] [[""A"" 1]] [[""A"" 1]] [[""A"" 1]] [[""A"" 1]] [[""A"" 1]] [[""A"" 1]] [[""A"" 1]] [[""A"" 1]] [[""A"" 1]] [[""A"" 1]] [[""A"" 1]] [[""A"" 1]] [[""A"" 1]] [[""A"" 1]] [[""A"" 1]] [[""A"" 1]] [[""A"" 1]] [[""A"" 1]] [[""A"" 1]] [[""A"" 1]] [[""A"" 1]] [[""A"" 1]] [[""A"" 1]] [[""A"" 1]] [[""A"" 1]] [[""A"" 1]] [[""A"" 1]]]] [73 [[[""A"" 0]] [[""A"" 3]] [[""A"" 3]] [[""A"" 0]] [[""A"" 0]] [[""A"" 3]] [[""A"" 0]] [[""A"" 0]] [[""A"" 3]] [[""A"" 3]] [[""A"" 0]] [[""A"" 0]] [[""A"" 0]] [[""A"" 0]] [[""A"" 3]] [[""A"" 0]] [[""A"" 0]] [[""A"" 3]] [[""A"" 0]] [[""A"" 0]] [[""A"" 3]] [[""A"" 3]] [[""A"" 3]] [[""A"" 1]] [[""A"" 3]] [[""A"" 3]] [[""A"" 0]] [[""A"" 0]] [[""A"" 0]] [[""A"" 0]] [[""A"" 0]] [[""A"" 3]] [[""A"" 0]] [[""A"" 3]] [[""A"" 0]] [[""A"" 0]] [[""A"" 0]] [[""A"" 3]] [[""A"" 3]] [[""A"" 3]] [[""A"" 0]] [[""A"" 0]] [[""A"" 3]] [[""A"" 0]] [[""A"" 0]] [[""A"" 0]] [[""A"" 3]] [[""A"" 0]] [[""A"" 3]] [[""A"" 3]]]] [74 [[[""A"" 1]] [[""A"" 1]] [[""A"" 1]] [[""A"" 1]] [[""A"" 1]] [[""A"" 1]] [[""A"" 1]] [[""A"" 1]] [[""A"" 1]] [[""A"" 1]] [[""A"" 1]] [[""A"" 1]] [[""A"" 3]] [[""A"" 1]] [[""A"" 1]] [[""A"" 3]] [[""A"" 1]] [[""A"" 1]] [[""A"" 3]] [[""A"" 1]] [[""A"" 3]] [[""A"" 1]] [[""A"" 1]] [[""A"" 3]] [[""A"" 1]] [[""A"" 1]] [[""A"" 1]] [[""A"" 1]] [[""A"" 1]] [[""A"" 1]] [[""A"" 1]] [[""A"" 1]] [[""A"" 1]] [[""A"" 1]] [[""A"" 1]] [[""A"" 1]] [[""A"" 1]] [[""A"" 1]] [[""A"" 1]] [[""A"" 1]] [[""A"" 1]] [[""A"" 3]] [[""A"" 1]] [[""A"" 1]] [[""A"" 1]] [[""A"" 1]] [[""A"" 1]] [[""A"" 1]] [[""A"" 1]] [[""A"" 1]]]] [75 [[[""A"" 5]] [[""A"" 3]] [[""A"" 3]] [[""A"" 0]] [[""A"" 3]] [[""A"" 0]] [[""A"" 5]] [[""A"" 5]] [[""A"" 3]] [[""A"" 5]] [[""A"" 3]] [[""A"" 5]] [[""A"" 3]] [[""A"" 5]] [[""A"" 0]] [[""A"" 3]] [[""A"" 5]] [[""A"" 3]] [[""A"" 5]] [[""A"" 3]] [[""A"" 0]] [[""A"" 5]] [[""A"" 5]] [[""A"" 3]] [[""A"" 3]] [[""A"" 3]] [[""A"" 5]] [[""A"" 5]] [[""A"" 5]] [[""A"" 3]] [[""A"" 3]] [[""A"" 0]] [[""A"" 3]] [[""A"" 3]] [[""A"" 5]] [[""A"" 3]] [[""A"" 0]] [[""A"" 3]] [[""A"" 3]] [[""A"" 3]] [[""A"" 0]] [[""A"" 5]] [[""A"" 3]] [[""A"" 5]] [[""A"" 5]] [[""A"" 3]] [[""A"" 5]] [[""A"" 5]] [[""A"" 3]] [[""A"" 3]]]] [76 [[[""A"" 3]] [[""A"" 0]] [[""A"" 0]] [[""A"" 0]] [[""A"" 0]] [[""A"" 0]] [[""A"" 0]] [[""A"" 0]] [[""A"" 0]] [[""A"" 0]] [[""A"" 0]] [[""A"" 0]] [[""A"" 0]] [[""A"" 3]] [[""A"" 0]] [[""A"" 0]] [[""A"" 3]] [[""A"" 0]] [[""A"" 0]] [[""A"" 0]] [[""A"" 5]] [[""A"" 3]] [[""A"" 3]] [[""A"" 0]] [[""A"" 0]] [[""A"" 0]] [[""A"" 3]] [[""A"" 3]] [[""A"" 0]] [[""A"" 5]] [[""A"" 5]] [[""A"" 0]] [[""A"" 5]] [[""A"" 0]] [[""A"" 3]] [[""A"" 0]] [[""A"" 0]] [[""A"" 3]] [[""A"" 0]] [[""A"" 0]] [[""A"" 0]] [[""A"" 3]] [[""A"" 3]] [[""A"" 0]] [[""A"" 5]] [[""A"" 3]] [[""A"" 0]] [[""A"" 5]] [[""A"" 5]] [[""A"" 0]]]] [77 [[[""A"" 3]] [[""A"" 3]] [[""A"" 1]] [[""A"" 3]] [[""A"" 1]] [[""A"" 3]] [[""A"" 3]] [[""A"" 3]] [[""A"" 1]] [[""A"" 3]] [[""A"" 3]] [[""A"" 3]] [[""A"" 3]] [[""A"" 3]] [[""A"" 1]] [[""A"" 3]] [[""A"" 3]] [[""A"" 3]] [[""A"" 3]] [[""A"" 3]] [[""A"" 3]] [[""A"" 3]] [[""A"" 3]] [[""A"" 3]] [[""A"" 3]] [[""A"" 3]] [[""A"" 3]] [[""A"" 3]] [[""A"" 3]] [[""A"" 3]] [[""A"" 3]] [[""A"" 3]] [[""A"" 3]] [[""A"" 3]] [[""A"" 3]] [[""A"" 1]] [[""A"" 3]] [[""A"" 3]] [[""A"" 3]] [[""A"" 3]] [[""A"" 3]] [[""A"" 3]] [[""A"" 3]] [[""A"" 1]] [[""A"" 3]] [[""A"" 3]] [[""A"" 3]] [[""A"" 3]] [[""A"" 3]] [[""A"" 3]]]] [78 [[[""A"" 1]] [[""A"" 1]] [[""A"" 1]] [[""A"" 4]] [[""A"" 1]] [[""A"" 4]] [[""A"" 4]] [[""A"" 1]] [[""A"" 4]] [[""A"" 4]] [[""A"" 4]] [[""A"" 4]] [[""A"" 4]] [[""A"" 1]] [[""A"" 1]] [[""A"" 1]] [[""A"" 4]] [[""A"" 4]] [[""A"" 1]] [[""A"" 1]] [[""A"" 1]] [[""A"" 4]] [[""A"" 1]] [[""A"" 1]] [[""A"" 4]] [[""A"" 1]] [[""A"" 4]] [[""A"" 4]] [[""A"" 4]] [[""A"" 1]] [[""A"" 1]] [[""A"" 1]] [[""A"" 1]] [[""A"" 1]] [[""A"" 1]] [[""A"" 1]] [[""A"" 1]] [[""A"" 1]] [[""A"" 4]] [[""A"" 4]] [[""A"" 4]] [[""A"" 4]] [[""A"" 1]] [[""A"" 1]] [[""A"" 1]] [[""A"" 4]] [[""A"" 1]] [[""A"" 1]] [[""A"" 1]] [[""A"" 1]]]] [79 [[[""A"" 3]] [[""A"" 1]] [[""A"" 1]] [[""A"" 1]] [[""A"" 1]] [[""A"" 1]] [[""A"" 1]] [[""A"" 1]] [[""A"" 1]] [[""A"" 3]] [[""A"" 1]] [[""A"" 3]] [[""A"" 1]] [[""A"" 1]] [[""A"" 1]] [[""A"" 1]] [[""A"" 1]] [[""A"" 3]] [[""A"" 1]] [[""A"" 1]] [[""A"" 1]] [[""A"" 1]] [[""A"" 1]] [[""A"" 5]] [[""A"" 3]] [[""A"" 1]] [[""A"" 5]] [[""A"" 3]] [[""A"" 1]] [[""A"" 1]] [[""A"" 1]] [[""A"" 1]] [[""A"" 1]] [[""A"" 1]] [[""A"" 3]] [[""A"" 3]] [[""A"" 1]] [[""A"" 5]] [[""A"" 1]] [[""A"" 3]] [[""A"" 3]] [[""A"" 1]] [[""A"" 1]] [[""A"" 1]] [[""A"" 1]] [[""A"" 1]] [[""A"" 1]] [[""A"" 5]] [[""A"" 5]] [[""A"" 3]]]] [80 [[[""A"" 4]] [[""A"" 1]] [[""A"" 1]] [[""A"" 4]] [[""A"" 1]] [[""A"" 4]] [[""A"" 4]] [[""A"" 1]] [[""A"" 1]] [[""A"" 1]] [[""A"" 1]] [[""A"" 1]] [[""A"" 1]] [[""A"" 1]] [[""A"" 1]] [[""A"" 1]] [[""A"" 1]] [[""A"" 1]] [[""A"" 1]] [[""A"" 1]] [[""A"" 1]] [[""A"" 1]] [[""A"" 1]] [[""A"" 1]] [[""A"" 1]] [[""A"" 1]] [[""A"" 1]] [[""A"" 1]] [[""A"" 2]] [[""A"" 1]] [[""A"" 1]] [[""A"" 1]] [[""A"" 1]] [[""A"" 4]] [[""A"" 4]] [[""A"" 1]] [[""A"" 1]] [[""A"" 4]] [[""A"" 4]] [[""A"" 4]] [[""A"" 1]] [[""A"" 4]] [[""A"" 4]] [[""A"" 1]] [[""A"" 1]] [[""A"" 1]] [[""A"" 1]] [[""A"" 1]] [[""A"" 4]] [[""A"" 1]]]] [81 [[[""A"" 0]] [[""A"" 0]] [[""A"" 0]] [[""A"" 0]] [[""A"" 0]] [[""A"" 0]] [[""A"" 0]] [[""A"" 0]] [[""A"" 0]] [[""A"" 3]] [[""A"" 0]] [[""A"" 0]] [[""A"" 0]] [[""A"" 0]] [[""A"" 0]] [[""A"" 0]] [[""A"" 0]] [[""A"" 0]] [[""A"" 0]] [[""A"" 3]] [[""A"" 0]] [[""A"" 0]] [[""A"" 3]] [[""A"" 0]] [[""A"" 0]] [[""A"" 0]] [[""A"" 0]] [[""A"" 3]] [[""A"" 0]] [[""A"" 0]] [[""A"" 0]] [[""A"" 3]] [[""A"" 0]] [[""A"" 0]] [[""A"" 3]] [[""A"" 0]] [[""A"" 0]] [[""A"" 0]] [[""A"" 0]] [[""A"" 0]] [[""A"" 0]] [[""A"" 0]] [[""A"" 0]] [[""A"" 0]] [[""A"" 0]] [[""A"" 0]] [[""A"" 3]] [[""A"" 3]] [[""A"" 0]] [[""A"" 0]]]] [82 [[[""A"" 1]] [[""A"" 1]] [[""A"" 1]] [[""A"" 1]] [[""A"" 1]] [[""A"" 1]] [[""A"" 1]] [[""A"" 1]] [[""A"" 1]] [[""A"" 1]] [[""A"" 1]] [[""A"" 1]] [[""A"" 1]] [[""A"" 1]] [[""A"" 1]] [[""A"" 1]] [[""A"" 1]] [[""A"" 1]] [[""A"" 1]] [[""A"" 1]] [[""A"" 1]] [[""A"" 1]] [[""A"" 1]] [[""A"" 1]] [[""A"" 1]] [[""A"" 1]] [[""A"" 1]] [[""A"" 1]] [[""A"" 1]] [[""A"" 1]] [[""A"" 1]] [[""A"" 1]] [[""A"" 1]] [[""A"" 1]] [[""A"" 1]] [[""A"" 1]] [[""A"" 1]] [[""A"" 1]] [[""A"" 1]] [[""A"" 1]] [[""A"" 1]] [[""A"" 1]] [[""A"" 1]] [[""A"" 1]] [[""A"" 1]] [[""A"" 1]] [[""A"" 1]] [[""A"" 1]] [[""A"" 1]] [[""A"" 1]]]] [83 [[[""A"" 2]] [[""A"" 2]] [[""A"" 2]] [[""A"" 2]] [[""A"" 2]] [[""A"" 2]] [[""A"" 2]] [[""A"" 2]] [[""A"" 1]] [[""A"" 2]] [[""A"" 2]] [[""A"" 2]] [[""A"" 2]] [[""A"" 2]] [[""A"" 2]] [[""A"" 2]] [[""A"" 2]] [[""A"" 2]] [[""A"" 2]] [[""A"" 2]] [[""A"" 2]] [[""A"" 2]] [[""A"" 2]] [[""A"" 2]] [[""A"" 2]] [[""A"" 2]] [[""A"" 2]] [[""A"" 0]] [[""A"" 2]] [[""A"" 2]] [[""A"" 2]] [[""A"" 2]] [[""A"" 2]] [[""A"" 2]] [[""A"" 2]] [[""A"" 2]] [[""A"" 2]] [[""A"" 2]] [[""A"" 2]] [[""A"" 2]] [[""A"" 2]] [[""A"" 2]] [[""A"" 2]] [[""A"" 2]] [[""A"" 2]] [[""A"" 2]] [[""A"" 2]] [[""A"" 2]] [[""A"" 2]] [[""A"" 2]]]] [84 [[[""A"" 0]] [[""A"" 4]] [[""A"" 0]] [[""A"" 4]] [[""A"" 4]] [[""A"" 0]] [[""A"" 4]] [[""A"" 4]] [[""A"" 0]] [[""A"" 0]] [[""A"" 0]] [[""A"" 4]] [[""A"" 4]] [[""A"" 0]] [[""A"" 0]] [[""A"" 4]] [[""A"" 4]] [[""A"" 0]] [[""A"" 4]] [[""A"" 4]] [[""A"" 4]] [[""A"" 0]] [[""A"" 4]] [[""A"" 4]] [[""A"" 0]] [[""A"" 4]] [[""A"" 4]] [[""A"" 0]] [[""A"" 0]] [[""A"" 4]] [[""A"" 0]] [[""A"" 4]] [[""A"" 0]] [[""A"" 0]] [[""A"" 0]] [[""A"" 0]] [[""A"" 0]] [[""A"" 0]] [[""A"" 0]] [[""A"" 4]] [[""A"" 0]] [[""A"" 4]] [[""A"" 4]] [[""A"" 4]] [[""A"" 4]] [[""A"" 0]] [[""A"" 4]] [[""A"" 4]] [[""A"" 0]] [[""A"" 0]]]] [85 [[[""A"" 0]] [[""A"" 0]] [[""A"" 5]] [[""A"" 0]] [[""A"" 0]] [[""A"" 0]] [[""A"" 5]] [[""A"" 0]] [[""A"" 3]] [[""A"" 5]] [[""A"" 0]] [[""A"" 0]] [[""A"" 0]] [[""A"" 0]] [[""A"" 0]] [[""A"" 0]] [[""A"" 0]] [[""A"" 5]] [[""A"" 0]] [[""A"" 0]] [[""A"" 0]] [[""A"" 0]] [[""A"" 0]] [[""A"" 0]] [[""A"" 0]] [[""A"" 0]] [[""A"" 5]] [[""A"" 5]] [[""A"" 3]] [[""A"" 5]] [[""A"" 0]] [[""A"" 0]] [[""A"" 5]] [[""A"" 5]] [[""A"" 5]] [[""A"" 0]] [[""A"" 3]] [[""A"" 0]] [[""A"" 0]] [[""A"" 0]] [[""A"" 5]] [[""A"" 5]] [[""A"" 3]] [[""A"" 0]] [[""A"" 0]] [[""A"" 0]] [[""A"" 0]] [[""A"" 0]] [[""A"" 5]] [[""A"" 0]]]] [86 [[[""A"" 1]] [[""A"" 1]] [[""A"" 3]] [[""A"" 1]] [[""A"" 1]] [[""A"" 1]] [[""A"" 3]] [[""A"" 1]] [[""A"" 3]] [[""A"" 3]] [[""A"" 3]] [[""A"" 1]] [[""A"" 3]] [[""A"" 1]] [[""A"" 3]] [[""A"" 1]] [[""A"" 3]] [[""A"" 3]] [[""A"" 3]] [[""A"" 1]] [[""A"" 1]] [[""A"" 1]] [[""A"" 3]] [[""A"" 3]] [[""A"" 1]] [[""A"" 3]] [[""A"" 3]] [[""A"" 3]] [[""A"" 3]] [[""A"" 3]] [[""A"" 3]] [[""A"" 1]] [[""A"" 3]] [[""A"" 3]] [[""A"" 3]] [[""A"" 3]] [[""A"" 3]] [[""A"" 3]] [[""A"" 3]] [[""A"" 3]] [[""A"" 3]] [[""A"" 3]] [[""A"" 3]] [[""A"" 1]] [[""A"" 3]] [[""A"" 1]] [[""A"" 3]] [[""A"" 3]] [[""A"" 3]] [[""A"" 1]]]] [87 [[[""A"" 1]] [[""A"" 3]] [[""A"" 1]] [[""A"" 5]] [[""A"" 1]] [[""A"" 1]] [[""A"" 1]] [[""A"" 5]] [[""A"" 1]] [[""A"" 1]] [[""A"" 1]] [[""A"" 1]] [[""A"" 3]] [[""A"" 1]] [[""A"" 1]] [[""A"" 1]] [[""A"" 1]] [[""A"" 1]] [[""A"" 1]] [[""A"" 1]] [[""A"" 1]] [[""A"" 1]] [[""A"" 1]] [[""A"" 5]] [[""A"" 3]] [[""A"" 1]] [[""A"" 1]] [[""A"" 1]] [[""A"" 5]] [[""A"" 1]] [[""A"" 5]] [[""A"" 1]] [[""A"" 1]] [[""A"" 3]] [[""A"" 1]] [[""A"" 1]] [[""A"" 1]] [[""A"" 1]] [[""A"" 1]] [[""A"" 1]] [[""A"" 5]] [[""A"" 1]] [[""A"" 1]] [[""A"" 1]] [[""A"" 1]] [[""A"" 1]] [[""A"" 1]] [[""A"" 1]] [[""A"" 1]] [[""A"" 5]]]] [88 [[[""A"" 3]] [[""A"" 1]] [[""A"" 1]] [[""A"" 1]] [[""A"" 1]] [[""A"" 1]] [[""A"" 1]] [[""A"" 3]] [[""A"" 5]] [[""A"" 3]] [[""A"" 3]] [[""A"" 3]] [[""A"" 1]] [[""A"" 5]] [[""A"" 3]] [[""A"" 5]] [[""A"" 5]] [[""A"" 3]] [[""A"" 5]] [[""A"" 1]] [[""A"" 1]] [[""A"" 3]] [[""A"" 1]] [[""A"" 1]] [[""A"" 5]] [[""A"" 1]] [[""A"" 5]] [[""A"" 1]] [[""A"" 1]] [[""A"" 3]] [[""A"" 5]] [[""A"" 1]] [[""A"" 5]] [[""A"" 1]] [[""A"" 5]] [[""A"" 5]] [[""A"" 1]] [[""A"" 3]] [[""A"" 3]] [[""A"" 1]] [[""A"" 5]] [[""A"" 1]] [[""A"" 1]] [[""A"" 5]] [[""A"" 1]] [[""A"" 3]] [[""A"" 1]] [[""A"" 1]] [[""A"" 1]] [[""A"" 3]]]] [89 [[[""A"" 0]] [[""A"" 0]] [[""A"" 1]] [[""A"" 0]] [[""A"" 0]] [[""A"" 0]] [[""A"" 0]] [[""A"" 0]] [[""A"" 0]] [[""A"" 0]] [[""A"" 1]] [[""A"" 0]] [[""A"" 0]] [[""A"" 5]] [[""A"" 0]] [[""A"" 0]] [[""A"" 0]] [[""A"" 0]] [[""A"" 0]] [[""A"" 0]] [[""A"" 0]] [[""A"" 0]] [[""A"" 0]] [[""A"" 0]] [[""A"" 0]] [[""A"" 0]] [[""A"" 0]] [[""A"" 0]] [[""A"" 5]] [[""A"" 0]] [[""A"" 0]] [[""A"" 0]] [[""A"" 0]] [[""A"" 0]] [[""A"" 0]] [[""A"" 0]] [[""A"" 0]] [[""A"" 0]] [[""A"" 0]] [[""A"" 0]] [[""A"" 0]] [[""A"" 0]] [[""A"" 0]] [[""A"" 0]] [[""A"" 0]] [[""A"" 0]] [[""A"" 0]] [[""A"" 0]] [[""A"" 0]] [[""A"" 0]]]] [90 [[[""A"" 1]] [[""A"" 3]] [[""A"" 3]] [[""A"" 3]] [[""A"" 1]] [[""A"" 1]] [[""A"" 3]] [[""A"" 1]] [[""A"" 3]] [[""A"" 3]] [[""A"" 1]] [[""A"" 3]] [[""A"" 1]] [[""A"" 3]] [[""A"" 3]] [[""A"" 1]] [[""A"" 1]] [[""A"" 3]] [[""A"" 1]] [[""A"" 3]] [[""A"" 3]] [[""A"" 3]] [[""A"" 1]] [[""A"" 3]] [[""A"" 1]] [[""A"" 3]] [[""A"" 1]] [[""A"" 1]] [[""A"" 3]] [[""A"" 3]] [[""A"" 3]] [[""A"" 3]] [[""A"" 3]] [[""A"" 1]] [[""A"" 1]] [[""A"" 3]] [[""A"" 3]] [[""A"" 3]] [[""A"" 1]] [[""A"" 3]] [[""A"" 1]] [[""A"" 1]] [[""A"" 3]] [[""A"" 3]] [[""A"" 3]] [[""A"" 1]] [[""A"" 3]] [[""A"" 1]] [[""A"" 1]] [[""A"" 3]]]] [91 [[[""A"" 1]] [[""A"" 1]] [[""A"" 1]] [[""A"" 1]] [[""A"" 1]] [[""A"" 1]] [[""A"" 1]] [[""A"" 5]] [[""A"" 1]] [[""A"" 5]] [[""A"" 5]] [[""A"" 1]] [[""A"" 1]] [[""A"" 3]] [[""A"" 1]] [[""A"" 5]] [[""A"" 5]] [[""A"" 1]] [[""A"" 5]] [[""A"" 1]] [[""A"" 5]] [[""A"" 1]] [[""A"" 5]] [[""A"" 1]] [[""A"" 5]] [[""A"" 5]] [[""A"" 3]] [[""A"" 3]] [[""A"" 1]] [[""A"" 5]] [[""A"" 1]] [[""A"" 3]] [[""A"" 5]] [[""A"" 1]] [[""A"" 5]] [[""A"" 1]] [[""A"" 1]] [[""A"" 5]] [[""A"" 1]] [[""A"" 5]] [[""A"" 1]] [[""A"" 5]] [[""A"" 5]] [[""A"" 5]] [[""A"" 5]] [[""A"" 5]] [[""A"" 1]] [[""A"" 1]] [[""A"" 3]] [[""A"" 1]]]] [92 [[[""A"" 5]] [[""A"" 3]] [[""A"" 0]] [[""A"" 3]] [[""A"" 3]] [[""A"" 3]] [[""A"" 3]] [[""A"" 5]] [[""A"" 0]] [[""A"" 3]] [[""A"" 5]] [[""A"" 3]] [[""A"" 5]] [[""A"" 3]] [[""A"" 3]] [[""A"" 5]] [[""A"" 5]] [[""A"" 0]] [[""A"" 3]] [[""A"" 3]] [[""A"" 5]] [[""A"" 3]] [[""A"" 3]] [[""A"" 0]] [[""A"" 3]] [[""A"" 5]] [[""A"" 3]] [[""A"" 5]] [[""A"" 0]] [[""A"" 3]] [[""A"" 0]] [[""A"" 3]] [[""A"" 0]] [[""A"" 3]] [[""A"" 3]] [[""A"" 3]] [[""A"" 0]] [[""A"" 3]] [[""A"" 3]] [[""A"" 3]] [[""A"" 5]] [[""A"" 3]] [[""A"" 3]] [[""A"" 5]] [[""A"" 5]] [[""A"" 3]] [[""A"" 5]] [[""A"" 3]] [[""A"" 0]] [[""A"" 3]]]] [93 [[[""A"" 5]] [[""A"" 1]] [[""A"" 1]] [[""A"" 1]] [[""A"" 1]] [[""A"" 1]] [[""A"" 1]] [[""A"" 1]] [[""A"" 5]] [[""A"" 5]] [[""A"" 1]] [[""A"" 1]] [[""A"" 5]] [[""A"" 1]] [[""A"" 1]] [[""A"" 1]] [[""A"" 1]] [[""A"" 1]] [[""A"" 1]] [[""A"" 1]] [[""A"" 1]] [[""A"" 1]] [[""A"" 1]] [[""A"" 1]] [[""A"" 1]] [[""A"" 5]] [[""A"" 5]] [[""A"" 1]] [[""A"" 5]] [[""A"" 5]] [[""A"" 1]] [[""A"" 1]] [[""A"" 1]] [[""A"" 1]] [[""A"" 5]] [[""A"" 1]] [[""A"" 1]] [[""A"" 1]] [[""A"" 3]] [[""A"" 0]] [[""A"" 5]] [[""A"" 1]] [[""A"" 5]] [[""A"" 1]] [[""A"" 5]] [[""A"" 1]] [[""A"" 1]] [[""A"" 1]] [[""A"" 1]] [[""A"" 1]]]] [94 [[[""A"" 3]] [[""A"" 3]] [[""A"" 3]] [[""A"" 0]] [[""A"" 3]] [[""A"" 3]] [[""A"" 3]] [[""A"" 3]] [[""A"" 3]] [[""A"" 3]] [[""A"" 3]] [[""A"" 3]] [[""A"" 3]] [[""A"" 3]] [[""A"" 3]] [[""A"" 3]] [[""A"" 0]] [[""A"" 3]] [[""A"" 3]] [[""A"" 3]] [[""A"" 3]] [[""A"" 3]] [[""A"" 3]] [[""A"" 3]] [[""A"" 0]] [[""A"" 3]] [[""A"" 0]] [[""A"" 3]] [[""A"" 3]] [[""A"" 0]] [[""A"" 0]] [[""A"" 0]] [[""A"" 3]] [[""A"" 0]] [[""A"" 3]] [[""A"" 3]] [[""A"" 3]] [[""A"" 3]] [[""A"" 3]] [[""A"" 3]] [[""A"" 3]] [[""A"" 0]] [[""A"" 3]] [[""A"" 3]] [[""A"" 3]] [[""A"" 0]] [[""A"" 0]] [[""A"" 3]] [[""A"" 3]] [[""A"" 0]]]] [95 [[[""A"" 0]] [[""A"" 4]] [[""A"" 0]] [[""A"" 4]] [[""A"" 4]] [[""A"" 4]] [[""A"" 4]] [[""A"" 0]] [[""A"" 4]] [[""A"" 0]] [[""A"" 4]] [[""A"" 4]] [[""A"" 4]] [[""A"" 4]] [[""A"" 0]] [[""A"" 0]] [[""A"" 0]] [[""A"" 0]] [[""A"" 0]] [[""A"" 4]] [[""A"" 0]] [[""A"" 0]] [[""A"" 0]] [[""A"" 4]] [[""A"" 0]] [[""A"" 0]] [[""A"" 0]] [[""A"" 4]] [[""A"" 4]] [[""A"" 0]] [[""A"" 0]] [[""A"" 0]] [[""A"" 4]] [[""A"" 0]] [[""A"" 0]] [[""A"" 0]] [[""A"" 0]] [[""A"" 0]] [[""A"" 0]] [[""A"" 0]] [[""A"" 4]] [[""A"" 0]] [[""A"" 3]] [[""A"" 4]] [[""A"" 4]] [[""A"" 0]] [[""A"" 0]] [[""A"" 4]] [[""A"" 0]] [[""A"" 4]]]] [96 [[[""A"" 3]] [[""A"" 5]] [[""A"" 3]] [[""A"" 3]] [[""A"" 5]] [[""A"" 3]] [[""A"" 3]] [[""A"" 5]] [[""A"" 3]] [[""A"" 3]] [[""A"" 5]] [[""A"" 3]] [[""A"" 3]] [[""A"" 3]] [[""A"" 5]] [[""A"" 1]] [[""A"" 5]] [[""A"" 5]] [[""A"" 3]] [[""A"" 3]] [[""A"" 1]] [[""A"" 5]] [[""A"" 5]] [[""A"" 5]] [[""A"" 3]] [[""A"" 3]] [[""A"" 3]] [[""A"" 3]] [[""A"" 1]] [[""A"" 1]] [[""A"" 5]] [[""A"" 3]] [[""A"" 5]] [[""A"" 5]] [[""A"" 1]] [[""A"" 5]] [[""A"" 3]] [[""A"" 3]] [[""A"" 5]] [[""A"" 3]] [[""A"" 3]] [[""A"" 5]] [[""A"" 3]] [[""A"" 3]] [[""A"" 3]] [[""A"" 3]] [[""A"" 5]] [[""A"" 3]] [[""A"" 3]] [[""A"" 5]]]] [97 [[[""A"" 0]] [[""A"" 3]] [[""A"" 3]] [[""A"" 0]] [[""A"" 0]] [[""A"" 3]] [[""A"" 0]] [[""A"" 0]] [[""A"" 3]] [[""A"" 3]] [[""A"" 3]] [[""A"" 3]] [[""A"" 3]] [[""A"" 3]] [[""A"" 0]] [[""A"" 3]] [[""A"" 0]] [[""A"" 0]] [[""A"" 0]] [[""A"" 3]] [[""A"" 0]] [[""A"" 0]] [[""A"" 3]] [[""A"" 3]] [[""A"" 3]] [[""A"" 0]] [[""A"" 3]] [[""A"" 0]] [[""A"" 3]] [[""A"" 3]] [[""A"" 0]] [[""A"" 3]] [[""A"" 0]] [[""A"" 3]] [[""A"" 0]] [[""A"" 3]] [[""A"" 0]] [[""A"" 3]] [[""A"" 3]] [[""A"" 3]] [[""A"" 3]] [[""A"" 3]] [[""A"" 3]] [[""A"" 0]] [[""A"" 0]] [[""A"" 0]] [[""A"" 3]] [[""A"" 3]] [[""A"" 0]] [[""A"" 3]]]] [98 [[[""A"" 1]] [[""A"" 1]] [[""A"" 3]] [[""A"" 1]] [[""A"" 5]] [[""A"" 1]] [[""A"" 1]] [[""A"" 3]] [[""A"" 3]] [[""A"" 1]] [[""A"" 1]] [[""A"" 1]] [[""A"" 1]] [[""A"" 3]] [[""A"" 1]] [[""A"" 1]] [[""A"" 1]] [[""A"" 1]] [[""A"" 1]] [[""A"" 1]] [[""A"" 3]] [[""A"" 3]] [[""A"" 3]] [[""A"" 1]] [[""A"" 1]] [[""A"" 3]] [[""A"" 3]] [[""A"" 3]] [[""A"" 1]] [[""A"" 1]] [[""A"" 3]] [[""A"" 3]] [[""A"" 1]] [[""A"" 3]] [[""A"" 3]] [[""A"" 1]] [[""A"" 3]] [[""A"" 3]] [[""A"" 5]] [[""A"" 3]] [[""A"" 1]] [[""A"" 5]] [[""A"" 3]] [[""A"" 1]] [[""A"" 1]] [[""A"" 1]] [[""A"" 1]] [[""A"" 3]] [[""A"" 3]] [[""A"" 1]]]] [99 [[[""A"" 4]] [[""A"" 5]] [[""A"" 1]] [[""A"" 1]] [[""A"" 1]] [[""A"" 5]] [[""A"" 1]] [[""A"" 1]] [[""A"" 5]] [[""A"" 1]] [[""A"" 1]] [[""A"" 5]] [[""A"" 1]] [[""A"" 1]] [[""A"" 4]] [[""A"" 1]] [[""A"" 5]] [[""A"" 5]] [[""A"" 5]] [[""A"" 5]] [[""A"" 5]] [[""A"" 1]] [[""A"" 1]] [[""A"" 5]] [[""A"" 5]] [[""A"" 5]] [[""A"" 5]] [[""A"" 5]] [[""A"" 5]] [[""A"" 1]] [[""A"" 1]] [[""A"" 1]] [[""A"" 1]] [[""A"" 1]] [[""A"" 5]] [[""A"" 1]] [[""A"" 1]] [[""A"" 1]] [[""A"" 5]] [[""A"" 1]] [[""A"" 1]] [[""A"" 1]] [[""A"" 1]] [[""A"" 1]] [[""A"" 1]] [[""A"" 1]] [[""A"" 5]] [[""A"" 5]] [[""A"" 1]] [[""A"" 5]]]]]","""discrete""","3","1","2","1","true","""uniform""","[""A""]","0.1","true","[]","""average-bel""","true","4","true","""sigmoid-stubborn""","20","false","2","true","0.35","""C:/Users/cknox02/Documents/nicks outputs24-Feb-2023-parameter-sweep-low-res/2/broadcast-brain/uniform/15/uniform/0.75/0.5/2/2""","false","1500","0","0.05","false","""barabasi-albert""","""broadcast-brain""","5","""[[0.6,0.16,0.24],\n  [0.40,0.2,0.4],\n  [0.21,0.14,0.65]]""","""C:/Users/cknox02/Documents/nicks outputs24-Feb-2023-parameter-sweep-low-res/graphs/2-broadcast-brain-uniform-15-uniform-0.75-0.5-2-2.csv""","true","0","""default""","false","true","true","1","3","1","""distribution""","""uniform""","""three-polarized""","15","""D:/school/grad-school/Tufts/research/cog-contagion-media-ecosystem/ecosystems/""","""gradual""","1","""D:/school/grad-school/Tufts/research/cog-contagion-media-ecosystem/messaging-data/""","0","50","2","""C:/Users/cknox02/Documents/nicks outputs24-Feb-2023-parameter-sweep-low-res/graphs/2-broadcast-brain-uniform-15-uniform-0.75-0.5-1-3.csv""","0","true","true","true","""C:/Users/cknox02/Documents/nicks outputs""","0.15","""cognitive""","20","100","[[""Q1"" [""A""]]]","5","0.5","0.75","0.5"

"TURTLES"
"who","color","heading","xcor","ycor","shape","label","label-color","breed","hidden?","size","pen-size","pen-mode","idee","brain","messages-heard","messages-believed","messages-sent","agent-messages-memory"
"0","[85 0 170]","45","3.0555182045235845","3.204556664113359","""circle""","""""","9.9","{breed citizens}","false","0.5","1","""up""",,"[[""ID"" 36] [""alpha"" 1] [""beta"" 1] [""malleable"" [""A""]] [""prior"" []] [""cont_tokens"" []] [""A"" 4]]","[[0 [0 2 3 4 5 7 8 9 10 11 12 13 14]] [1 [15 16 17 18 19 20 21 22 23 24 25 26 27 28]] [2 [30 32 33 34 35 36 37 39 40 41 42 43 44]] [3 [45 46 47 48 49 50 52 53 54 55 56 57 58 59]] [4 [60 61 62 63 64 65 66 67 68 69 70 71 72 73 74]] [5 [75 76 77 78 79 81 83 84 85 86 87 88 89]] [6 [90 91 92 93 94 95 96 97 98 99 100 101 102 103 104]] [7 [105 106 107 108 109 110 111 112 113 114 115 116 117 118 119]] [8 [120 121 122 123 124 125 126 127 128 129 130 131 132 133 134]] [9 [135 136 137 138 139 140 141 142 143 144 145 146 147 148 149]] [10 [150 151 152 153 154 155 156 157 158 159 160 161 162 163 164]] [11 [165 166 167 168 169 170 171 172 173 174 175 176 177 178 179]] [12 [180 181 182 183 184 185 186 187 188 189 190]] [13 [197 198 199 200 201 202 206 207 208 209]] [14 [210 211 212 213 214 215 216 217 218 220 221 222 223 224]] [15 [225 226 227 228 229 230 231 232 233 234 235 236 237 238 239]] [16 [240 241 242 244 245 246 249 250 252 253 254]] [17 [255 256 257 258 259 260 261 262 263 264 265 266 267 268 269]] [18 [270 271 272 273 274 275 276 277 278 279 280 281 282 283 284]] [19 [285 286 287 289 290 291 292 293 294 295 296 297 298 299]] [20 [301 302 303 304 305 306 307 308 309 310 311 312 313 314]] [21 [315 316 317 318 319 320 321 322 323 324 325 326 327 328 329]] [22 [330 331 332 333 334 335 336 337 338 339 340 341 342 344]] [23 [346 347 348 349 350 351 352 353 354 355 356 357 358 359]] [24 [361 362 363 364 365 366 367 368 369 370 371 373 374]] [25 [375 376 377 378 380 383 384 385 386 387 388 389]] [26 [390 391 392 393 394 395 396 397 398 399 400 401 402 403 404]] [27 [405 407 408 409 412 415 416 417 418 419]] [28 [420 422 423 424 425 427 428 429 430 433 434]] [29 [435 436 437 438 440 441 442 443 444 445 446 448 449]] [30 [450 451 452 453 454 455 456 457 458 459 460 461 462 463 464]] [31 [465 466 467 468 469 470 471 472 473 474 475 476 477 478 479]] [32 [480 481 482 483 484 485 486 487 488 489 490 491 492 493 494]] [33 [495 497 498 499 500 501 502 503 504 505 506]] [34 [510 511 512 513 514 515 516 518 519 520 521 522 523 524]] [35 [525 526 527 528 529 530 531 532 533 534 535 536 537 538 539]] [36 [540 541 542 544 545 546 547 548 549 550 551 553 554]] [37 [556 558 559 560 561 562 563 564 565 566 567 568 569]] [38 [570 571 572 573 574 575 576 577 578 580 581 582 583 584]] [39 [585 586 587 588 589 590 591 592 593 594 595 596 597 598 599]] [40 [600 601 602 603 604 605 606 607 608 609 610 611 612 613 614]] [41 [615 616 617 618 619 620 621 622 623 624 625 626 627 628 629]] [42 [630 631 632 633 634 635 636 637 638 639 640 641 642 643 644]] [43 [646 647 648 649 650 651 652 654 655 656 657 658 659]] [44 [660 661 662 663 664 665 666 667 668 669 670 671 672 673 674]] [45 [675 676 677 678 679 680 681 682 683 684 685 686 687 688 689]] [46 [690 693 694 695 696 697 699 702 703 704]] [47 [705 706 707 708 710 711 712 713 714 715 716 717 718 719]] [48 [720 722 723 724 725 726 727 728 729 730 731 732 733 734]] [49 [735 736 737 738 739 740 741 742 743 744 745 746 747 748 749]] [50 [750 751 752 753 754 755 756 757 759 760 761 762 763 764]] [51 [765 766 767 768 769 770 771 772 773 774 775 776 777 778 779]] [52 [780 781 782 783 784 785 786 787 788 789 790 791 792 793 794]] [53 [795 796 797 798 799 800 801 802 803 804 805 806 807 808 809]] [54 [812 813 814 816 821 822 823 824]] [55 [825 826 827 828 829 830 831 832 833 836 837 838 839]] [56 [840 841 842 843 844 845 848 849 850 851 852 853 854]] [57 [855 856 857 858 859 860 861 862 863 864 865 866 867 868 869]] [58 [870 871 873 874 875 876 877 879 880 881 882 883 884]] [59 [885 886 888 890 893 894 895 896 897 898 899]] [60 [900 901 902 903 904 905 906 907 908 909 910 911 912 913 914]] [61 [915 916 917 918 919 920 921 922 923 924 925 926 927 928 929]] [62 [931 933 934 936 937 938 939 940 941 942 943 944]] [63 [945 946 947 948 949 950 951 952 953 954 955 956 957 958 959]] [64 [960 961 962 963 964 965 966 967 968 969 970 971 972 973 974]] [65 [975 976 977 978 979 980 981 982 983 984 985 986 987 988 989]] [66 [990 991 992 993 994 995 996 997 998 999 1000 1001 1002 1003 1004]] [67 [1007 1009 1010 1011 1012 1013 1014 1015 1016]] [68 [1020 1021 1022 1023 1024 1030 1031 1032 1034]] [69 [1035 1036 1040 1041 1042 1043 1044 1045 1046 1047 1049]] [70 [1050 1051 1052 1053 1054 1055 1056 1057 1058 1059 1060 1061 1062 1063 1064]] [71 [1065 1066 1067 1068 1069 1070 1072 1073 1074 1076 1078]] [72 [1080 1081 1083 1084 1085 1086 1087 1089 1092 1093 1094]] [73 [1095 1096 1097 1098 1099 1100 1101 1102 1103 1104 1105 1106 1107 1108 1109]] [74 [1110 1111 1112 1113 1114 1115 1116 1117 1118 1119 1120 1121 1122 1123 1124]] [75 [1125 1126 1127 1128 1129 1130 1131 1132 1133 1134 1135 1136 1137 1138 1139]] [76 [1140 1141 1142 1143 1144 1145 1146 1147 1148 1149 1150 1151 1152 1153 1154]] [77 [1155 1156 1157 1158 1159 1160 1161 1162 1163 1164 1165 1166 1167 1168 1169]] [78 [1171 1172 1173 1174 1175 1176 1177 1178 1179 1180 1181 1182 1183 1184]] [79 [1185 1186 1187 1188 1189 1190 1191 1192 1193 1194 1195 1196 1197 1198 1199]] [80 [1200 1201 1202 1203 1204 1205 1206 1207 1208 1209 1210 1211 1212 1213 1214]] [81 [1215 1216 1217 1218 1219 1220 1221 1222 1223 1224 1225 1228 1229]] [82 [1231 1232 1233 1235 1236 1237 1238 1239 1241 1242 1243]] [83 [1246 1247 1248 1250 1251 1252 1253 1254 1255 1256 1257 1258 1259]] [84 [1260 1261 1262 1263 1264 1265 1266 1267 1268 1269 1270 1271 1272 1273 1274]] [85 [1275 1276 1277 1278 1279 1280 1281 1282 1283 1284 1285 1286 1287 1288 1289]] [86 [1290 1291 1292 1293 1294 1295 1296 1297 1299 1300 1301 1302 1303 1304]] [87 [1305 1306 1307 1308 1309 1310 1311 1312 1313 1314 1315 1316 1317 1318 1319]] [88 [1320 1321 1322 1323 1324 1325 1326 1327 1328 1329 1330 1331 1332 1333 1334]] [89 [1335 1336 1337 1338 1339 1340 1341 1342 1343 1347 1348 1349]] [90 [1350 1351 1352 1353 1354 1355 1356 1357 1358 1359 1360 1361 1362 1363 1364]] [91 [1365 1366 1367 1368 1369 1370 1371 1372 1373 1374 1375 1376 1377 1378 1379]] [92 [1380 1381 1382 1383 1384 1385 1386 1387 1388 1389 1390 1391 1392 1393 1394]] [93 [1396 1397 1401 1402 1403 1404 1405 1406 1407 1408 1409]] [94 [1410 1411 1412 1413 1414 1415 1416 1417 1418 1419 1420 1421 1422 1423 1424]] [95 [1426 1427 1428 1429 1430 1431 1432 1433 1434 1435 1436 1437 1438 1439]] [96 [1440 1441 1442 1443 1444 1445 1446 1447 1448 1449 1450 1451 1452 1453 1454]] [97 [1455 1456 1457 1458 1459 1460 1461 1462 1463 1464 1465 1466 1467 1468 1469]] [98 [1470 1471 1472 1473 1474 1475 1476 1477 1478 1479 1480 1481 1482 1483 1484]] [99 [1489 1490 1491 1492 1493 1494 1495 1496 1497 1498 1499]]]","[[0 [0 2 4 7 11 12]] [1 [15 16 18 19 22 23 24 25 27 28]] [2 [30 33 34 35 36 39 44]] [3 [45 46 48 49 50 55 57 58]] [4 [61 62 63 65 66 68 69 73 74]] [5 [76 77 78 79 81 84 87]] [6 [91 92 93 98 101 102 103 104]] [7 [105 106 107 110 114 116 117]] [8 [120 122 124 126 127 128 130 132 134]] [9 [135 136 137 138 144 145 146 147]] [10 [153 155 159 162]] [11 [166 168 169 177 178]] [12 [180 183 184 185 186 187 188 189 190]] [13 [197 198 200 201 202 206 207 208 209]] [14 [211 212 214 215 216 218 221 223]] [15 [226 227 229 231 233 238 239]] [16 [240 242 244 252 253 254]] [17 [258 259 261 262 263 265 267 269]] [18 [272 274 275 279 281 282 283 284]] [19 [285 286 287 291 294 295 296 299]] [20 [302 305 306 309 312]] [21 [315 317 318 320 321 322 323 324 327]] [22 [330 331 333 334 335 337 338 339 340]] [23 [350 352 353 354 355 356 357]] [24 [361 362 363 364 365 367 368 371 373 374]] [25 [375 376 378 380 383 384 387 389]] [26 [390 391 393 396]] [27 [407 408 409 412 415 416 417 418 419]] [28 [420 422 423 424 427 428 433 434]] [29 [435 436 437 438 443 445 446 448]] [30 [450 451 453 455 457]] [31 [465 469 470 471 472 473 474 476]] [32 [481 482 483 484 485 486 487 491 492 493 494]] [33 [497 498 499 500 503 504 505 506]] [34 [512 514 515 516 519 522 523]] [35 [526 529 530 532 533 535 537 539]] [36 [540 541 544 549 550 551 553 554]] [37 [556 558 559 562 563 566 568 569]] [38 [571 574 575 576 577 582 583]] [39 [585 586 587 588 590 591 593 595 598 599]] [40 [602 603 604 606 609 610 612]] [41 [615 616 617 618 619 623 625 627 628]] [42 [631 636 637 638 640 641 642 643 644]] [43 [646 647 648 650 651 652 654 656 658 659]] [44 [660 661 662 664 667 668 670 671 672]] [45 [676 677 679 682 683 684 685 687 688]] [46 [690 693 694 695 696 697 699 702 703 704]] [47 [705 707 708 710 711 715 719]] [48 [720 723 724 725 726 727 729 732 734]] [49 [736 738 739 741 742 743 745 746 748 749]] [50 [750 752 753 757 762]] [51 [766 767 768 770 771 774 775 776 777]] [52 [781 782 783 785 788 789 790 791 793 794]] [53 [795 796 797 800 801 802 803 805 807 808 809]] [54 [812 813 814 816 822 823 824]] [55 [825 829 830 831 832 836 837 839]] [56 [840 842 844 849 852]] [57 [857 858 862 865 866 867 868 869]] [58 [870 871 874 876 880 881]] [59 [886 888 893 895 897 898]] [60 [901 903 904 905 906 908 909 910 912 913]] [61 [915 917 919 921 922 923 925 926 927 928 929]] [62 [931 933 934 936 937 940 941]] [63 [947 948 958]] [64 [962 964 966 968 970 971 972 973]] [65 [976 978 979 982 985 986 988]] [66 [990 992 993 995 997 998 999 1000 1001]] [67 [1007 1009 1011 1012 1013 1014 1015 1016]] [68 [1020 1021 1022 1023 1024 1031 1032 1034]] [69 [1035 1040 1042 1043 1044 1045 1046 1049]] [70 [1051 1052 1053 1054 1057 1059 1060 1063 1064]] [71 [1065 1066 1070 1072 1073 1074 1076 1078]] [72 [1081 1083 1084 1085 1086 1087 1089 1093]] [73 [1096 1097 1098 1099 1100 1101 1103 1104 1105 1107 1108 1109]] [74 [1110 1111 1113 1114 1117 1120]] [75 [1126 1129 1133 1136 1138]] [76 [1142 1144 1145 1146 1149 1153 1154]] [77 [1155 1157 1159 1160 1162 1163 1165 1167]] [78 [1171 1173 1176 1177 1178 1179 1181 1182]] [79 [1186 1189 1191 1192 1193 1194 1197]] [80 [1203 1204 1205 1207 1209 1211 1212 1213]] [81 [1216 1218 1220 1221 1222 1223 1224 1225 1228 1229]] [82 [1231 1232 1233 1235 1236 1237 1238 1239 1241 1242 1243]] [83 [1246 1248 1251 1252 1253 1254 1255]] [84 [1260 1262 1263 1270 1272 1273 1274]] [85 [1277 1278 1280 1282 1285 1286 1287 1288]] [86 [1290 1291 1294 1296 1297 1299 1301 1302 1303]] [87 [1305 1306 1307 1311 1312 1315 1316 1318]] [88 [1320 1321 1325 1327 1328 1329 1331 1332 1333]] [89 [1335 1336 1337 1338 1347 1348]] [90 [1350 1352 1354 1356 1357 1362 1364]] [91 [1365 1366 1369 1370 1372 1373 1374 1375 1377 1378]] [92 [1384 1385 1388 1389 1390]] [93 [1396 1397 1406 1407 1408]] [94 [1410 1411 1415 1416 1417 1418 1422 1424]] [95 [1426 1427 1428 1429 1431 1433 1434 1436 1437 1439]] [96 [1443 1444 1446 1448 1450 1452 1453]] [97 [1455 1458 1459 1460 1462 1465 1467 1468]] [98 [1471 1472 1475 1476 1477 1478 1479]] [99 [1489 1491 1492 1495 1496 1498 1499]]]",,"[[{citizen 1} [[""A"" [4 4]]]] [{citizen 2} [[""A"" [4 4]]]] [{citizen 3} [[""A"" [3 1]]]] [{citizen 4} [[""A"" [3 1]]]] [{citizen 5} [[""A"" [5 1]]]] [{citizen 10} [[""A"" [4 4]]]] [{citizen 11} [[""A"" [4 4]]]] [{citizen 13} [[""A"" [4 4]]]] [{citizen 18} [[""A"" [4 4]]]] [{citizen 27} [[""A"" [3 1]]]] [{citizen 30} [[""A"" [1 1]]]] [{citizen 33} [[""A"" [3 1]]]] [{citizen 37} [[""A"" [4 4]]]] [{citizen 47} [[""A"" [2 1]]]] [{citizen 48} [[""A"" [5 4]]]] [{media 50} [[""A"" [3 3]]]] [{media 51} [[""A"" [4 4]]]] [{media 52} [[""A"" [0 0]]]] [{media 53} [[""A"" [1 1]]]] [{media 54} [[""A"" [4 4]]]] [{media 55} [[""A"" [3 3]]]] [{media 57} [[""A"" [5 5]]]] [{media 58} [[""A"" [1 1]]]] [{media 59} [[""A"" [0 0]]]] [{media 60} [[""A"" [2 2]]]] [{media 61} [[""A"" [3 3]]]] [{media 62} [[""A"" [1 1]]]] [{media 64} [[""A"" [1 1]]]] [{citizen 7} [[""A"" [5 4]]]] [{citizen 19} [[""A"" [2 5]]]] [{citizen 32} [[""A"" [5 3]]]] [{citizen 20} [[""A"" [4 4]]]] [{citizen 25} [[""A"" [5 3]]]] [{citizen 35} [[""A"" [1 1]]]] [{citizen 8} [[""A"" [1 1]]]] [{citizen 9} [[""A"" [3 1]]]] [{citizen 14} [[""A"" [4 4]]]] [{citizen 34} [[""A"" [2 4]]]] [{citizen 23} [[""A"" [4 4]]]] [{citizen 38} [[""A"" [1 1]]]] [{citizen 26} [[""A"" [3 4]]]] [{media 56} [[""A"" [1 1]]]] [{citizen 22} [[""A"" [3 3]]]] [{citizen 42} [[""A"" [1 2]]]] [{citizen 41} [[""A"" [1 1]]]] [{citizen 31} [[""A"" [1 1]]]] [{citizen 6} [[""A"" [4 4]]]] [{citizen 43} [[""A"" [3 4]]]] [{citizen 15} [[""A"" [1 1]]]] [{citizen 46} [[""A"" [3 1]]]] [{citizen 39} [[""A"" [3 4]]]] [{citizen 44} [[""A"" [5 4]]]] [{media 63} [[""A"" [5 5]]]] [{citizen 49} [[""A"" [1 1]]]] [{citizen 12} [[""A"" [4 4]]]] [{citizen 17} [[""A"" [3 2]]]] [{citizen 16} [[""A"" [5 4]]]] [{citizen 24} [[""A"" [4 4]]]] [{citizen 21} [[""A"" [4 4]]]] [{citizen 40} [[""A"" [3 4]]]] [{citizen 29} [[""A"" [3 1]]]] [{citizen 45} [[""A"" [5 3]]]] [{citizen 28} [[""A"" [4 4]]]] [{citizen 36} [[""A"" [4 4]]]]]"
"1","[85 0 170]","102.27272727272728","4.812528166305092","-0.9169348697194868","""circle""","""""","9.9","{breed citizens}","false","0.5","1","""up""",,"[[""ID"" 28] [""alpha"" 1] [""beta"" 1] [""malleable"" [""A""]] [""prior"" []] [""cont_tokens"" []] [""A"" 4]]","[[0 [0 1 2 4 6 7 8 11 12 14]] [1 [15 16 18 19 22 23 24 25 26 27 28]] [2 [30 32 33 34 35 36 37 39 40 41 42 43 44]] [3 [45 46 47 48 49 50 51 52 53 54 55 56 57 58 59]] [4 [60 61 62 63 64 65 66 67 68 69 70 71 72 73 74]] [5 [75 76 77 78 79 81 83 84 85 86 87 88 89]] [6 [90 91 92 93 94 95 96 97 98 99 100 101 102 103 104]] [7 [105 106 107 108 109 110 111 112 113 114 115 116 117 118 119]] [8 [120 121 122 123 124 125 126 127 128 130 131 132 133 134]] [9 [135 136 137 138 139 140 141 142 143 144 145 146 147 148 149]] [10 [150 151 152 153 154 155 156 157 158 159 160 161 162 163 164]] [11 [165 166 167 168 169 170 171 172 173 174 175 176 177 178 179]] [12 [180 181 182 183 184 185 186 187 188 189 190]] [13 [197 198 199 200 201 202 206 207 208 209]] [14 [210 211 212 213 214 215 216 217 218 220 221 222 223 224]] [15 [225 226 227 228 229 230 231 232 233 234 235 236 238 239]] [16 [240 241 242 244 245 246 249 250 252 253 254]] [17 [255 256 257 258 259 260 261 262 263 264 265 266 267 268 269]] [18 [271 272 273 274 275 276 277 278 279 280 281 282 283 284]] [19 [285 286 287 288 289 290 291 292 293 294 295 296 297 298 299]] [20 [300 301 302 303 304 305 306 308 309 310 311 312 313 314]] [21 [315 316 317 318 319 320 321 322 323 324 325 326 327 328 329]] [22 [330 331 332 333 334 335 336 337 338 339 340 341 342 343 344]] [23 [345 346 347 348 349 351 352 353 354 355 356 357 358 359]] [24 [360 366 367 368 371 372 373 374]] [25 [375 376 377 378 380 383 384 385 386 387 388 389]] [26 [390 391 392 393 394 395 396 397 398 399 400 401 402 403 404]] [27 [405 406 407 408 409 410 411 412 413 414 415 416 417 418 419]] [28 [420 422 423 424 425 427 428 429 430 433 434]] [29 [435 436 437 438 440 441 442 443 444 445 446 448 449]] [30 [450 451 452 453 454 455 456 457 458 459 460 461 462 463 464]] [31 [465 466 467 468 469 470 471 472 473 474 475 476 477 478 479]] [32 [480 481 482 483 484 485 486 487 488 489 490 491 492 493 494]] [33 [495 497 498 499 500 501 502 503 504 505 506]] [34 [510 511 512 513 514 515 516 518 519 520 521 522 523 524]] [35 [525 526 527 528 529 530 531 532 533 534 535 536 537 538 539]] [36 [540 541 542 544 545 546 547 548 549 550 551 553 554]] [37 [555 556 557 558 559 560 561 562 563 564 565 566 567 568 569]] [38 [570 571 572 573 574 575 576 577 578 580 581 582 583 584]] [39 [585 586 587 588 589 590 591 592 593 594 595 596 597 598 599]] [40 [600 601 602 603 604 605 606 607 608 609 610 611 612 613 614]] [41 [615 616 617 618 619 620 621 622 623 624 625 626 627 628 629]] [42 [630 631 632 633 634 635 636 637 638 639 640 641 642 643 644]] [43 [645 646 647 648 649 650 651 652 653 654 655 656 657 658 659]] [44 [660 661 662 663 664 665 666 667 668 669 670 671 672 673 674]] [45 [675 676 677 678 679 680 681 682 683 684 685 686 687 688 689]] [46 [690 693 694 695 696 697 699 702 703 704]] [47 [705 706 707 708 709 710 711 712 713 714 715 716 717 718 719]] [48 [720 721 722 723 724 725 726 727 729 732 734]] [49 [736 738 739 741 742 743 745 746 747 748 749]] [50 [750 751 752 753 754 755 756 757 758 759 760 761 762 763 764]] [51 [765 766 767 768 769 770 771 772 773 774 775 776 777 778 779]] [52 [780 781 782 783 784 785 786 787 788 789 790 791 792 793 794]] [53 [795 796 797 799 800 801 802 803 804 805 807 808 809]] [54 [810 811 812 813 814 816 821 822 823 824]] [55 [825 826 827 828 829 830 831 832 833 836 837 838 839]] [56 [840 841 842 843 844 845 846 847 848 849 850 851 852 853 854]] [57 [855 856 857 858 859 860 861 862 863 864 865 866 867 868 869]] [58 [870 871 873 874 875 876 877 879 880 881 882 883 884]] [59 [885 886 888 890 893 894 895 896 897 898 899]] [60 [900 901 902 903 904 905 906 907 908 909 910 911 912 913 914]] [61 [915 916 917 918 919 920 921 922 923 924 925 926 927 928 929]] [62 [931 933 934 936 937 938 939 940 941 942 943 944]] [63 [945 946 947 948 949 950 951 952 953 954 955 956 957 959]] [64 [960 961 962 963 964 965 966 967 968 969 970 971 972 973 974]] [65 [975 976 977 978 979 980 981 982 983 984 985 986 987 988 989]] [66 [990 991 992 993 994 995 996 997 998 999 1000 1001 1002 1003 1004]] [67 [1007 1009 1011 1012 1013 1014 1015 1016]] [68 [1020 1021 1022 1023 1024 1026 1029 1030 1031 1032 1034]] [69 [1035 1036 1040 1041 1042 1043 1044 1045 1046 1047 1049]] [70 [1050 1051 1052 1053 1054 1055 1056 1057 1058 1059 1060 1061 1062 1063 1064]] [71 [1065 1066 1067 1068 1069 1070 1072 1073 1074 1076 1078]] [72 [1080 1081 1083 1084 1085 1086 1087 1089 1092 1093 1094]] [73 [1095 1096 1097 1098 1099 1100 1101 1102 1103 1104 1105 1107 1108 1109]] [74 [1110 1111 1112 1113 1114 1115 1116 1117 1118 1119 1120 1121 1122 1123 1124]] [75 [1125 1126 1127 1128 1129 1130 1131 1132 1133 1134 1135 1136 1137 1138 1139]] [76 [1140 1141 1144 1145 1146 1147 1148 1149 1150 1151 1152 1153 1154]] [77 [1155 1156 1157 1158 1159 1160 1161 1162 1163 1164 1165 1166 1167 1168 1169]] [78 [1171 1172 1173 1174 1175 1176 1177 1178 1179 1180 1181 1182 1183 1184]] [79 [1185 1186 1187 1188 1189 1190 1191 1192 1193 1194 1195 1196 1197 1198 1199]] [80 [1200 1201 1202 1205 1207 1209 1210 1211 1212 1213 1214]] [81 [1215 1216 1217 1218 1219 1220 1221 1222 1223 1224 1225 1228 1229]] [82 [1231 1232 1233 1235 1236 1237 1238 1239 1241 1242 1243]] [83 [1246 1247 1248 1250 1251 1252 1253 1254 1255 1256 1257 1258 1259]] [84 [1260 1261 1262 1263 1264 1265 1266 1267 1268 1269 1270 1271 1272 1273 1274]] [85 [1275 1276 1277 1278 1279 1280 1281 1282 1283 1284 1285 1286 1287 1288 1289]] [86 [1290 1291 1292 1293 1294 1295 1296 1297 1299 1300 1301 1302 1303 1304]] [87 [1305 1306 1307 1308 1310 1311 1312 1313 1314 1315 1316 1318 1319]] [88 [1320 1321 1322 1323 1324 1325 1326 1327 1328 1329 1330 1331 1332 1333 1334]] [89 [1335 1336 1337 1338 1339 1340 1341 1342 1343 1344 1345 1346 1347 1348 1349]] [90 [1350 1351 1352 1353 1354 1355 1356 1357 1358 1359 1360 1361 1362 1363 1364]] [91 [1365 1366 1367 1368 1369 1370 1371 1372 1373 1374 1375 1376 1377 1378 1379]] [92 [1380 1381 1382 1383 1384 1385 1386 1387 1388 1389 1390 1391 1392 1393 1394]] [93 [1395 1396 1397 1398 1399 1400 1401 1402 1403 1404 1405 1406 1407 1408 1409]] [94 [1410 1411 1412 1413 1414 1415 1416 1417 1418 1419 1420 1421 1422 1423 1424]] [95 [1425 1427 1428 1430 1432 1434 1437 1438 1439]] [96 [1440 1441 1442 1443 1444 1445 1446 1447 1448 1449 1450 1451 1452 1453 1454]] [97 [1455 1456 1457 1458 1459 1460 1461 1462 1463 1464 1465 1466 1467 1468 1469]] [98 [1470 1471 1472 1473 1474 1475 1476 1477 1478 1479 1480 1481 1482 1483 1484]] [99 [1485 1486 1487 1488 1489 1490 1491 1492 1493 1494 1495 1496 1497 1498 1499]]]","[[0 [1 8 12]] [1 [15 16 18 19 22 23 24 26 27 28]] [2 [30 32 36 39 42 43]] [3 [46 48 49 50 55 57 58]] [4 [61 62 63 64 66 68 69 73 74]] [5 [76 77 78 79 81 84 85 86 88 89]] [6 [90 94 95 96 99 100 104]] [7 [105 106 107 108 109 111 112 115 117 119]] [8 [121 123 124 126 127 128 131 132 134]] [9 [135 136 137 138 142 143 144 145 146 149]] [10 [150 151 152 154 155 156 157 158 160 161 163 164]] [11 [167 170 171 172 173 176 178]] [12 [180 181 182 183 184 185 186 187 188 189 190]] [13 [197 198 200 201 202 206 207 208 209]] [14 [211 212 214 215 216 218 220 224]] [15 [225 227 229 231 233 238 239]] [16 [240 244 245 246 249 250 252 253]] [17 [256 257 259 260 262 263 265 267 269]] [18 [272 274 275 279 281 282 283]] [19 [285 286 287 289 290 292 293 298]] [20 [300 301 302 305 306 308 310 311 312 313 314]] [21 [315 317 318 320 321 322 325 326 329]] [22 [333 334 336 337 341 342 343 344]] [23 [345 346 347 348 349 351 358 359]] [24 [360 366 367 368 371 373 374]] [25 [375 376 378 380 383 384 387 388 389]] [26 [390 391 393 396 398 399 400 401 402]] [27 [405 408 409 412 415 416 418 419]] [28 [420 422 423 424 427 428 429 430 434]] [29 [435 436 437 438 440 441 442 444 448]] [30 [450 451 452 455 457 461]] [31 [465 469 470 471 474 477 478 479]] [32 [485 486 487 491 492 493 494]] [33 [495 498 499 500 501 502 503 504 505 506]] [34 [512 514 515 516 518 520 521 524]] [35 [525 527 529 530 531 536 538 539]] [36 [540 541 542 544 549 550 551 553 554]] [37 [556 560 561 564 565 567 569]] [38 [571 574 576 578 580 582 583]] [39 [585 586 587 588 590 593 595 598 599]] [40 [602 603 606 608 610 612]] [41 [615 616 617 619 620 622 624 626 629]] [42 [632 633 634 638 640 641 642]] [43 [645 653 655 657 658 659]] [44 [663 664 667 668 670 672]] [45 [676 677 680 681 685 686 687 688]] [46 [690 693 694 695 696 697 699 702 703]] [47 [705 707 708 712 713 714 716 717 718]] [48 [721 722 723 724 725 726 727 729 732 734]] [49 [736 738 739 741 742 745 746 747]] [50 [750 752 753 754 755 756 757 761 763]] [51 [765 767 770 771 774 775 776 777]] [52 [781 782 783 785 788 789 792 794]] [53 [796 797 800 801 802 803 805 807 808 809]] [54 [812 813 814 822 823 824]] [55 [826 827 828 831 832 836 838]] [56 [841 842 843 845 848 849 851 853 854]] [57 [855 856 859 860 861 863 864 865 866 867 868 869]] [58 [870 871 874 876 880 881]] [59 [890 894 896 899]] [60 [900 902 903 904 906 908 909 910 912 913]] [61 [915 917 919 921 922 923 925 926 927 928 929]] [62 [931 933 934 936 937 938 939 940 943 944]] [63 [945 946 947 948 950 955 956 957]] [64 [960 961 963 964 965 967 968 969 972 973 974]] [65 [975 977 978 979 982 985 986 988]] [66 [990 991 993 996 997 998 999 1000 1001]] [67 [1007 1009 1011 1012 1013 1014 1015]] [68 [1020 1021 1022 1023 1024 1030 1031 1032 1034]] [69 [1035 1040 1042 1043 1044 1045 1046 1049]] [70 [1051 1052 1053 1054 1057 1061 1062 1064]] [71 [1065 1066 1070 1072 1073 1074 1076 1078]] [72 [1080 1083 1084 1085 1086 1087 1089 1092 1094]] [73 [1098 1099 1102 1103 1104 1105 1107 1109]] [74 [1110 1115 1116 1118 1119 1121 1122]] [75 [1125 1126 1127 1128 1130 1132 1134 1135 1137]] [76 [1140 1141 1147 1148 1150 1151 1152 1154]] [77 [1155 1156 1157 1158 1161 1162 1163 1165 1167]] [78 [1171 1172 1174 1175 1179 1182 1184]] [79 [1186 1188 1190 1193 1194 1197 1198 1199]] [80 [1200 1201 1202 1207 1209 1211 1212 1213]] [81 [1216 1218 1220 1223 1224 1225 1228 1229]] [82 [1231 1232 1236 1237 1238 1239 1241 1242 1243]] [83 [1246 1248 1251 1252 1253 1254 1255 1256 1257 1258 1259]] [84 [1261 1265 1266 1267 1268 1269 1270 1272 1273 1274]] [85 [1277 1278 1280 1282 1285 1286 1287 1288]] [86 [1290 1291 1294 1297 1299]] [87 [1305 1306 1307 1311 1312 1315 1316 1318 1319]] [88 [1320 1321 1325 1329 1330 1331 1332 1333]] [89 [1335 1336 1337 1338 1341 1342 1343 1347 1349]] [90 [1350 1352 1353 1355 1359 1360 1361 1364]] [91 [1365 1367 1368 1369 1370 1372 1373 1375 1377 1378 1379]] [92 [1380 1382 1383 1386 1387 1391 1392 1393 1394]] [93 [1395 1398 1399 1402 1403 1404 1408]] [94 [1410 1411 1419 1421 1423]] [95 [1425 1428 1430 1432 1438]] [96 [1440 1444 1446 1448 1450 1452 1454]] [97 [1456 1457 1458 1459 1460 1462 1465 1467 1468]] [98 [1473 1474 1476 1477 1478 1479 1481]] [99 [1489 1490 1491 1494 1496 1498 1499]]]",,"[[{citizen 4} [[""A"" [3 1]]]] [{citizen 5} [[""A"" [5 3]]]] [{citizen 6} [[""A"" [3 4]]]] [{citizen 7} [[""A"" [3 5]]]] [{citizen 9} [[""A"" [1 1]]]] [{citizen 10} [[""A"" [5 4]]]] [{media 50} [[""A"" [3 3]]]] [{media 54} [[""A"" [4 4]]]] [{media 55} [[""A"" [3 3]]]] [{media 56} [[""A"" [1 1]]]] [{media 57} [[""A"" [5 5]]]] [{media 59} [[""A"" [0 0]]]] [{media 63} [[""A"" [5 5]]]] [{media 60} [[""A"" [2 2]]]] [{citizen 0} [[""A"" [3 3]]]] [{media 61} [[""A"" [3 3]]]] [{media 64} [[""A"" [1 1]]]] [{media 62} [[""A"" [1 1]]]] [{citizen 19} [[""A"" [0 5]]]] [{citizen 20} [[""A"" [2 4]]]] [{citizen 25} [[""A"" [5 3]]]] [{citizen 35} [[""A"" [1 1]]]] [{citizen 3} [[""A"" [1 1]]]] [{citizen 37} [[""A"" [5 4]]]] [{citizen 8} [[""A"" [1 1]]]] [{citizen 33} [[""A"" [3 1]]]] [{citizen 13} [[""A"" [5 4]]]] [{citizen 42} [[""A"" [2 1]]]] [{citizen 41} [[""A"" [3 1]]]] [{citizen 14} [[""A"" [3 4]]]] [{citizen 26} [[""A"" [3 4]]]] [{citizen 38} [[""A"" [3 3]]]] [{citizen 49} [[""A"" [3 1]]]] [{citizen 12} [[""A"" [3 4]]]] [{citizen 31} [[""A"" [1 1]]]] [{citizen 32} [[""A"" [5 3]]]] [{citizen 16} [[""A"" [5 2]]]] [{citizen 11} [[""A"" [5 4]]]] [{citizen 18} [[""A"" [3 4]]]] [{citizen 46} [[""A"" [3 3]]]] [{citizen 2} [[""A"" [5 4]]]] [{citizen 48} [[""A"" [5 4]]]] [{citizen 24} [[""A"" [2 1]]]] [{citizen 22} [[""A"" [3 1]]]] [{citizen 34} [[""A"" [3 2]]]] [{citizen 21} [[""A"" [3 4]]]] [{citizen 40} [[""A"" [5 3]]]] [{media 53} [[""A"" [1 1]]]] [{media 58} [[""A"" [1 1]]]] [{citizen 39} [[""A"" [5 3]]]] [{citizen 30} [[""A"" [1 1]]]] [{citizen 27} [[""A"" [5 3]]]] [{citizen 43} [[""A"" [5 3]]]] [{media 52} [[""A"" [0 0]]]] [{citizen 15} [[""A"" [1 1]]]] [{citizen 17} [[""A"" [5 3]]]] [{citizen 29} [[""A"" [3 1]]]] [{citizen 23} [[""A"" [3 3]]]] [{citizen 44} [[""A"" [2 3]]]] [{citizen 47} [[""A"" [2 1]]]] [{citizen 45} [[""A"" [5 3]]]] [{citizen 28} [[""A"" [5 4]]]] [{media 51} [[""A"" [4 4]]]] [{citizen 36} [[""A"" [5 4]]]]]"
"2","[85 0 170]","3.2142857142857144","0.8715908441915046","9.017567295213409","""circle""","""""","9.9","{breed citizens}","false","0.5","1","""up""",,"[[""ID"" 13] [""alpha"" 1] [""beta"" 1] [""malleable"" [""A""]] [""prior"" []] [""cont_tokens"" []] [""A"" 4]]","[[0 [0 1 2 4 6 7 11 12]] [1 [15 16 17 18 19 20 21 22 23 24 25 26 27 28]] [2 [30 31 32 33 34 35 36 37 38 39 40 41 42 43 44]] [3 [45 46 47 48 49 50 51 52 53 54 55 56 57 58 59]] [4 [60 61 62 63 64 65 66 67 68 69 70 71 72 73 74]] [5 [75 76 77 78 79 81 83 84 85 86 87 88 89]] [6 [90 91 92 93 94 95 96 97 98 99 100 101 102 103 104]] [7 [105 106 107 108 109 110 111 112 113 114 115 116 117 118 119]] [8 [120 121 122 123 124 125 126 127 128 130 131 132 133 134]] [9 [135 136 137 138 139 140 141 142 143 144 145 146 147 148 149]] [10 [150 151 152 153 154 155 156 157 158 159 160 161 162 163 164]] [11 [165 166 167 168 169 170 171 172 173 174 175 176 177 178 179]] [12 [180 181 182 183 184 185 186 187 188 189 190 191 192 193 194]] [13 [195 196 197 198 199 200 201 202 203 204 205 206 207 208 209]] [14 [210 211 212 213 214 215 216 217 218 219 220 221 222 223 224]] [15 [225 226 227 228 229 230 231 232 233 234 235 236 238 239]] [16 [240 241 242 244 245 246 249 250 252 253 254]] [17 [255 256 257 258 259 260 261 262 263 264 265 266 267 268 269]] [18 [270 271 272 273 274 275 276 277 278 279 280 281 282 283 284]] [19 [285 286 287 288 289 290 291 292 293 294 295 296 297 298 299]] [20 [300 301 302 303 304 305 306 308 309 310 311 312 313 314]] [21 [315 316 317 318 319 320 321 322 323 324 325 326 327 328 329]] [22 [330 331 332 333 334 335 336 337 338 339 340 341 342 344]] [23 [346 347 348 349 350 351 352 353 354 355 356 357 358 359]] [24 [361 362 363 364 365 366 367 368 369 370 371 373 374]] [25 [379 381 382 384 385 387 388 389]] [26 [390 391 392 393 394 395 396 397 398 399 400 401 402 403 404]] [27 [405 406 407 408 409 410 411 412 413 414 415 416 417 418 419]] [28 [420 422 423 424 425 427 428 429 430 433 434]] [29 [435 436 437 438 440 441 442 443 444 445 446 448 449]] [30 [450 451 452 453 454 455 456 457 458 459 460 461 462 463 464]] [31 [465 466 467 468 469 470 471 472 473 474 475 476 477 478 479]] [32 [480 481 482 483 484 485 486 487 489 490 491 492 493 494]] [33 [495 497 498 499 500 501 502 503 504 505 506]] [34 [510 511 512 513 514 515 516 518 519 520 521 522 523 524]] [35 [525 526 527 528 529 530 531 532 533 534 535 536 537 538 539]] [36 [540 541 542 544 545 546 547 548 549 550 551 553 554]] [37 [555 556 557 558 559 560 561 562 563 564 565 566 567 568 569]] [38 [570 571 572 573 574 575 576 577 578 580 581 582 583 584]] [39 [585 586 587 588 589 590 591 592 593 594 595 596 597 598 599]] [40 [600 601 602 603 604 606 607 608 609 610 611 612 613 614]] [41 [615 616 617 618 619 620 621 622 623 624 625 626 627 628 629]] [42 [630 631 632 633 634 635 636 637 638 639 640 641 642 643 644]] [43 [646 647 648 649 650 651 652 654 655 656 657 658 659]] [44 [660 661 662 663 664 665 666 667 668 669 670 671 672 673 674]] [45 [675 676 677 678 679 680 681 682 683 684 685 686 687 688 689]] [46 [690 691 692 693 694 695 696 697 699 702 703 704]] [47 [705 706 707 708 709 710 711 712 713 714 715 716 717 718 719]] [48 [720 722 723 724 725 726 727 728 729 730 731 732 733 734]] [49 [735 736 737 738 739 740 741 742 743 744 745 746 747 748 749]] [50 [750 751 752 753 754 755 756 757 759 760 761 762 763 764]] [51 [765 766 767 768 769 770 771 772 773 774 775 776 777 778 779]] [52 [780 781 782 783 784 785 786 787 788 789 790 791 792 793 794]] [53 [795 796 797 798 799 800 801 802 803 804 805 806 807 808 809]] [54 [812 813 814 816 821 822 823 824]] [55 [825 826 827 828 829 830 831 832 833 836 837 838 839]] [56 [840 841 842 843 844 845 846 847 848 849 850 851 852 853 854]] [57 [855 856 857 858 859 860 861 862 863 864 865 866 867 868 869]] [58 [870 871 873 874 875 876 877 879 880 881 882 883 884]] [59 [885 886 888 890 893 894 895 896 897 898 899]] [60 [900 901 902 903 904 905 906 907 908 909 910 911 912 913 914]] [61 [915 916 917 918 919 920 921 922 923 924 925 926 927 928 929]] [62 [930 931 932 933 934 935 936 937 938 939 940 941 942 943 944]] [63 [945 946 947 948 949 950 951 952 953 954 955 956 957 959]] [64 [960 961 962 963 964 965 966 967 968 969 970 971 972 973 974]] [65 [975 976 977 978 979 980 981 982 983 984 985 986 987 988 989]] [66 [990 991 992 993 994 995 996 997 998 999 1000 1001 1002 1003 1004]] [67 [1005 1006 1007 1008 1009 1010 1011 1012 1013 1014 1015 1016 1017 1018 1019]] [68 [1020 1021 1022 1023 1024 1030 1031 1032 1034]] [69 [1035 1036 1040 1041 1042 1043 1044 1045 1046 1047 1049]] [70 [1050 1051 1052 1053 1054 1055 1056 1057 1058 1059 1060 1061 1062 1063 1064]] [71 [1065 1066 1067 1068 1069 1070 1072 1073 1074 1076 1078]] [72 [1080 1081 1083 1084 1085 1086 1087 1089 1092 1093 1094]] [73 [1095 1096 1097 1098 1099 1100 1101 1102 1103 1104 1105 1106 1107 1108 1109]] [74 [1110 1111 1112 1113 1114 1115 1116 1117 1118 1119 1120 1121 1122 1123 1124]] [75 [1125 1126 1127 1128 1129 1130 1131 1132 1133 1134 1135 1136 1137 1138 1139]] [76 [1140 1141 1144 1145 1146 1147 1148 1149 1150 1151 1152 1153 1154]] [77 [1155 1156 1157 1158 1159 1160 1161 1162 1163 1164 1165 1166 1167 1168 1169]] [78 [1171 1172 1173 1174 1175 1176 1177 1178 1179 1180 1181 1182 1183 1184]] [79 [1185 1186 1187 1188 1189 1190 1191 1192 1193 1194 1195 1196 1197 1198 1199]] [80 [1200 1201 1202 1203 1204 1205 1206 1207 1208 1209 1210 1211 1212 1213 1214]] [81 [1215 1216 1218 1220 1221 1222 1223 1224 1225 1228 1229]] [82 [1231 1232 1233 1235 1236 1237 1238 1239 1241 1242 1243]] [83 [1246 1247 1248 1250 1251 1252 1253 1254 1255 1256 1257 1258 1259]] [84 [1260 1261 1262 1263 1264 1265 1266 1267 1268 1269 1270 1271 1272 1273 1274]] [85 [1275 1276 1277 1278 1279 1280 1281 1282 1283 1284 1285 1287 1288 1289]] [86 [1290 1291 1292 1293 1294 1295 1296 1297 1298 1299 1301 1302 1303 1304]] [87 [1305 1306 1307 1308 1309 1310 1311 1312 1313 1314 1315 1316 1317 1318 1319]] [88 [1320 1321 1322 1323 1324 1325 1326 1327 1328 1329 1330 1331 1332 1333 1334]] [89 [1335 1336 1337 1338 1339 1340 1341 1342 1343 1347 1348 1349]] [90 [1350 1351 1352 1353 1354 1355 1356 1357 1358 1359 1360 1361 1362 1363 1364]] [91 [1365 1366 1367 1368 1369 1370 1371 1372 1373 1374 1375 1376 1377 1378 1379]] [92 [1380 1381 1382 1383 1384 1385 1386 1387 1388 1389 1390 1391 1392 1393 1394]] [93 [1395 1398 1399 1400 1401 1402 1403 1404 1405 1406 1407 1408 1409]] [94 [1410 1411 1412 1413 1414 1415 1416 1417 1418 1419 1420 1421 1422 1423 1424]] [95 [1425 1426 1427 1428 1429 1430 1431 1432 1433 1434 1435 1436 1437 1438 1439]] [96 [1440 1441 1442 1443 1444 1445 1446 1447 1448 1449 1450 1451 1452 1453 1454]] [97 [1455 1456 1457 1458 1459 1460 1461 1462 1463 1464 1465 1466 1467 1468 1469]] [98 [1470 1471 1472 1473 1474 1475 1476 1477 1478 1479 1480 1481 1482 1483 1484]] [99 [1485 1486 1487 1488 1489 1490 1491 1492 1493 1494 1495 1496 1497 1498 1499]]]","[[0 [0 1 2 4 11 12]] [1 [15 16 18 19 22 23 24 26 27 28]] [2 [30 32 33 34 35 36 39 40 41 42 43]] [3 [45 47 48 49 50 55 57 58]] [4 [61 62 63 64 66 68 69 73 74]] [5 [76 77 78 79 81 84 85 86 88 89]] [6 [90 94 95 96 97 99 100 101 102 103 104]] [7 [105 106 107 110 114 116 118 119]] [8 [121 123 124 126 127 128 130 132 134]] [9 [135 136 137 138 142 143 144 145 146 147]] [10 [153 156 157 158 160 161 163 164]] [11 [165 167 170 171 172 173 176 178 179]] [12 [181 182 183 184 187 188 189 190]] [13 [197 198 199 200 201 202 206 207 208]] [14 [210 213 216 217 218 220 224]] [15 [225 226 227 229 231 233 238 239]] [16 [241 242 245 246 249 250 252 253 254]] [17 [256 257 259 260 262 263 265 267 269]] [18 [272 274 275 278 281 282 283]] [19 [286 287 289 290 292 293 298]] [20 [300 303 304 309 312 313 314]] [21 [315 316 317 319 322 323 324 327]] [22 [330 331 333 334 335 338 339 340]] [23 [350 353 355 356 357]] [24 [362 363 364 365 369 370]] [25 [379 381 382 384 387 388]] [26 [392 394 395 397 399 400 402 404]] [27 [405 406 410 411 413 414 417 418 419]] [28 [420 422 423 424 425 427 428 430 433 434]] [29 [435 438 440 441 442 444 448]] [30 [451 452 455 457 461 464]] [31 [466 467 468 472 473 475 477 478]] [32 [480 481 482 483 484 485 486 487 491 492 493 494]] [33 [495 498 499 500 501 502 503 504 505 506]] [34 [512 514 515 516 518 519 522 523]] [35 [526 529 530 531 536 538 539]] [36 [540 541 542 545 546 547 548]] [37 [555 557 559 562 563 566 568 569]] [38 [570 572 573 577 580 582 583]] [39 [585 586 587 588 590 591 593 594 596 597]] [40 [600 601 602 603 606 609 610 612]] [41 [615 616 617 619 620 621 624 626 627 628]] [42 [631 635 636 637 638 640 643 644]] [43 [646 647 648 650 651 652 654]] [44 [660 661 662 664 667 668 670 671 672]] [45 [675 677 679 682 683 684 685 686 687 688]] [46 [690 693 694 695 696 697 699 703]] [47 [705 707 708 709 710 711 715 719]] [48 [724 725 726 727 729 732 734]] [49 [736 738 739 741 742 743 745 746 747 749]] [50 [750 751 752 753 754 755 756 757 759 760 761 763]] [51 [765 767 768 770 772 773 778 779]] [52 [780 784 786 787 791 793]] [53 [795 796 797 800 801 802 803 805 807 808 809]] [54 [812 813 814 816 822 823 824]] [55 [825 829 830 831 832 833 836 838]] [56 [841 844 845 848 851 853 854]] [57 [855 856 859 860 861 863 864 866 867 868 869]] [58 [870 871 873 875 877 879 880 881]] [59 [890 894 896 899]] [60 [900 902 905 906 908 909 910 912 913]] [61 [915 917 919 921 922 923 925 926 927 928 929]] [62 [931 933 934 936 937 938 939 940 942 943 944]] [63 [945 946 947 948 950 955 956 959]] [64 [963 965 967 968 971 973]] [65 [976 977 978 979 982 985 986 987 988 989]] [66 [990 992 993 995 996 997 998 1002 1003 1004]] [67 [1005 1006 1008 1010 1011 1012 1013 1014 1015 1016]] [68 [1020 1021 1022 1023 1024 1031 1032 1034]] [69 [1035 1036 1041 1045 1046]] [70 [1050 1053 1054 1057 1058 1062 1064]] [71 [1065 1066 1070 1072 1073 1074 1076 1078]] [72 [1080 1083 1084 1085 1086 1087 1089 1092 1094]] [73 [1095 1100 1101 1104 1105 1107 1109]] [74 [1110 1111 1113 1114 1117 1120 1122]] [75 [1126 1127 1128 1131 1132 1134 1135 1137]] [76 [1140 1141 1147 1148 1150 1151 1152]] [77 [1155 1157 1158 1159 1160 1162 1163 1165 1167]] [78 [1171 1172 1174 1175 1179 1182 1184]] [79 [1186 1189 1191 1192 1193 1194 1197 1198 1199]] [80 [1200 1201 1202 1207 1209 1211 1212 1213]] [81 [1216 1218 1220 1221 1222 1223 1224 1225 1228 1229]] [82 [1231 1232 1233 1235 1236 1238 1239 1241 1242 1243]] [83 [1246 1248 1250 1251 1252 1253 1254 1255]] [84 [1260 1262 1263 1267 1268 1269 1271]] [85 [1275 1278 1280 1282 1285 1287 1288 1289]] [86 [1290 1291 1292 1293 1295 1296 1297 1299 1302 1303]] [87 [1305 1306 1307 1311 1312 1315 1318 1319]] [88 [1320 1321 1324 1325 1329 1330 1331 1332]] [89 [1335 1336 1339 1340 1341 1342 1343 1348 1349]] [90 [1350 1352 1353 1355 1358 1359 1361 1364]] [91 [1365 1366 1367 1368 1369 1370 1372 1376]] [92 [1380 1382 1383 1386 1387 1389 1391 1392 1394]] [93 [1395 1398 1399 1400 1401 1405 1406 1407 1408]] [94 [1410 1411 1414 1415 1417 1418 1420 1421 1422 1424]] [95 [1426 1427 1428 1430 1432 1438 1439]] [96 [1440 1443 1444 1446 1448 1450 1452 1454]] [97 [1456 1457 1458 1459 1460 1462 1465 1467 1468 1469]] [98 [1470 1471 1472 1475 1476 1477 1478 1480 1482 1483 1484]] [99 [1485 1486 1487 1488 1490 1491 1495 1498 1499]]]",,"[[{citizen 4} [[""A"" [3 1]]]] [{citizen 12} [[""A"" [3 4]]]] [{citizen 16} [[""A"" [2 4]]]] [{citizen 21} [[""A"" [3 5]]]] [{citizen 23} [[""A"" [3 1]]]] [{citizen 48} [[""A"" [3 4]]]] [{media 55} [[""A"" [3 3]]]] [{media 56} [[""A"" [1 1]]]] [{media 57} [[""A"" [5 5]]]] [{media 63} [[""A"" [5 5]]]] [{media 60} [[""A"" [2 2]]]] [{citizen 0} [[""A"" [3 4]]]] [{media 61} [[""A"" [3 3]]]] [{media 50} [[""A"" [3 3]]]] [{media 64} [[""A"" [1 1]]]] [{media 62} [[""A"" [1 1]]]] [{citizen 7} [[""A"" [5 4]]]] [{citizen 19} [[""A"" [5 1]]]] [{citizen 1} [[""A"" [1 4]]]] [{citizen 32} [[""A"" [5 3]]]] [{citizen 3} [[""A"" [1 1]]]] [{media 59} [[""A"" [0 0]]]] [{citizen 20} [[""A"" [4 4]]]] [{citizen 25} [[""A"" [2 5]]]] [{citizen 35} [[""A"" [1 1]]]] [{citizen 37} [[""A"" [3 4]]]] [{citizen 8} [[""A"" [2 1]]]] [{citizen 9} [[""A"" [3 1]]]] [{media 51} [[""A"" [4 4]]]] [{citizen 14} [[""A"" [4 4]]]] [{citizen 11} [[""A"" [4 4]]]] [{citizen 5} [[""A"" [2 5]]]] [{citizen 34} [[""A"" [3 2]]]] [{citizen 38} [[""A"" [5 1]]]] [{citizen 26} [[""A"" [2 4]]]] [{citizen 13} [[""A"" [5 4]]]] [{citizen 22} [[""A"" [3 1]]]] [{citizen 42} [[""A"" [2 1]]]] [{citizen 41} [[""A"" [1 1]]]] [{citizen 10} [[""A"" [5 4]]]] [{citizen 31} [[""A"" [1 1]]]] [{citizen 6} [[""A"" [4 4]]]] [{citizen 43} [[""A"" [3 4]]]] [{citizen 15} [[""A"" [1 1]]]] [{citizen 46} [[""A"" [3 3]]]] [{citizen 18} [[""A"" [4 4]]]] [{citizen 39} [[""A"" [5 3]]]] [{citizen 44} [[""A"" [2 3]]]] [{citizen 49} [[""A"" [4 5]]]] [{citizen 17} [[""A"" [4 3]]]] [{citizen 30} [[""A"" [1 1]]]] [{citizen 33} [[""A"" [3 1]]]] [{citizen 24} [[""A"" [3 2]]]] [{citizen 40} [[""A"" [3 4]]]] [{media 53} [[""A"" [1 1]]]] [{media 58} [[""A"" [1 1]]]] [{citizen 27} [[""A"" [5 3]]]] [{media 52} [[""A"" [0 0]]]] [{citizen 29} [[""A"" [3 1]]]] [{citizen 47} [[""A"" [2 1]]]] [{citizen 28} [[""A"" [5 4]]]] [{citizen 45} [[""A"" [5 3]]]] [{media 54} [[""A"" [4 4]]]] [{citizen 36} [[""A"" [5 4]]]]]"
"3","[213 0 42]","12.857142857142858","1.8237843911430855","8.820014360801824","""circle""","""""","9.9","{breed citizens}","false","0.5","1","""up""",,"[[""ID"" 43] [""alpha"" 1] [""beta"" 1] [""malleable"" [""A""]] [""prior"" []] [""cont_tokens"" []] [""A"" 1]]","[[0 [0 1 2 4 5 6 7 8 11 12 14]] [1 [15 16 17 18 19 20 21 22 23 24 25 26 27 28]] [2 [30 32 33 34 35 36 37 39 40 41 42 43 44]] [3 [45 46 47 48 49 50 52 53 54 55 56 57 58 59]] [4 [60 61 62 63 64 65 66 67 68 69 70 71 72 73 74]] [5 [76 77 78 79 81 83 84 85 86 87 88 89]] [6 [91 92 93 94 95 96 97 98 99 100 101 102 103 104]] [7 [105 106 107 108 109 110 111 112 113 114 115 116 117 118 119]] [8 [120 121 122 123 124 125 126 127 128 130 131 132 133 134]] [9 [135 136 137 138 139 140 141 142 143 144 145 146 147 148 149]] [10 [150 151 152 153 154 155 156 157 158 159 160 161 162 163 164]] [11 [166 167 168 169 170 171 172 173 174 175 176 177 178 179]] [12 [180 181 182 183 184 185 186 187 188 189 190 191 192 193 194]] [13 [197 198 199 200 201 202 206 207 208 209]] [14 [210 211 212 213 214 215 216 217 218 220 221 222 223 224]] [15 [225 226 227 228 229 230 231 232 233 234 235 236 237 238 239]] [16 [240 241 242 244 245 246 249 250 252 253 254]] [17 [255 256 257 258 259 260 261 262 263 264 265 266 267 268 269]] [18 [270 271 272 273 274 275 276 277 278 279 280 281 282 283 284]] [19 [285 286 287 288 289 290 291 292 293 294 295 296 297 298 299]] [20 [300 301 302 303 304 305 306 308 309 310 311 312 313 314]] [21 [315 316 317 318 319 320 321 322 323 324 325 326 327 328 329]] [22 [330 331 332 333 334 335 336 337 338 339 340 341 342 344]] [23 [345 346 347 348 349 351 352 353 354 355 356 357 358 359]] [24 [360 361 362 363 364 365 366 367 368 369 370 371 373 374]] [25 [375 376 377 378 380 383 384 385 386 387 388 389]] [26 [390 391 392 393 394 395 396 397 398 399 400 401 402 403 404]] [27 [405 406 407 408 409 410 411 412 413 414 415 416 417 418 419]] [28 [420 422 423 424 425 427 428 429 430 433 434]] [29 [435 436 437 438 440 441 442 443 444 445 446 448 449]] [30 [450 451 452 453 454 455 456 457 458 459 460 461 462 463 464]] [31 [465 466 467 468 469 470 471 472 473 474 475 476 477 478 479]] [32 [480 481 482 483 484 485 486 487 489 490 491 492 493 494]] [33 [495 497 498 499 500 501 502 503 504 505 506]] [34 [510 511 512 513 514 515 516 517 518 519 520 521 522 523 524]] [35 [525 526 527 528 529 530 531 532 533 534 535 536 537 538 539]] [36 [540 541 542 544 545 546 547 548 549 550 551 553 554]] [37 [555 556 557 558 559 560 561 562 563 564 565 566 567 568 569]] [38 [570 571 572 573 574 575 576 577 578 580 581 582 583 584]] [39 [585 586 587 588 590 591 592 593 594 595 596 597 598 599]] [40 [600 601 602 603 604 605 606 607 608 609 610 611 612 613 614]] [41 [615 616 617 618 619 620 621 622 623 624 625 626 627 628 629]] [42 [630 631 632 633 634 635 636 637 638 639 640 641 642 643 644]] [43 [645 646 647 648 649 650 651 652 653 654 655 656 657 658 659]] [44 [660 661 662 663 664 665 666 667 668 669 670 671 672 673 674]] [45 [675 676 677 678 679 680 681 682 683 684 685 686 687 688 689]] [46 [690 693 694 695 696 697 699 702 703 704]] [47 [705 706 707 708 710 711 712 713 714 715 716 717 718 719]] [48 [720 721 722 723 724 725 726 727 728 729 730 731 732 733 734]] [49 [735 736 737 738 739 740 741 742 743 744 745 746 747 748 749]] [50 [750 751 752 753 754 755 756 757 759 760 761 762 763 764]] [51 [765 766 767 768 769 770 771 772 773 774 775 776 777 778 779]] [52 [780 781 782 783 784 785 786 787 788 789 790 791 792 793 794]] [53 [795 796 797 800 801 802 803 804 805 807 808 809]] [54 [810 811 812 813 814 816 821 822 823 824]] [55 [825 826 827 828 829 830 831 832 833 836 837 838 839]] [56 [840 841 842 843 844 845 848 849 850 851 852 853 854]] [57 [855 856 857 858 859 860 861 862 863 864 865 866 867 868 869]] [58 [870 871 873 874 875 876 877 879 880 881 882 883 884]] [59 [885 886 888 890 893 894 895 896 897 898 899]] [60 [900 901 902 903 904 905 906 907 908 909 910 911 912 913 914]] [61 [915 916 917 918 919 920 921 922 923 924 925 926 927 928 929]] [62 [931 933 934 936 937 938 939 940 941 942 943 944]] [63 [945 946 947 948 949 950 951 952 953 954 955 956 957 959]] [64 [960 961 962 963 964 965 966 967 968 969 970 971 972 973 974]] [65 [975 976 977 978 979 980 981 982 983 984 985 986 987 988 989]] [66 [990 991 992 993 994 995 996 997 998 999 1000 1001 1002 1003 1004]] [67 [1005 1006 1007 1008 1009 1010 1011 1012 1013 1014 1015 1016 1017 1018 1019]] [68 [1020 1021 1022 1023 1024 1030 1031 1032 1034]] [69 [1035 1036 1040 1041 1042 1043 1044 1045 1046 1047 1049]] [70 [1050 1051 1052 1053 1054 1055 1056 1057 1058 1059 1060 1061 1062 1063 1064]] [71 [1065 1066 1067 1068 1069 1070 1072 1073 1074 1076 1078]] [72 [1080 1081 1083 1084 1085 1086 1087 1089 1092 1093 1094]] [73 [1095 1096 1097 1098 1099 1100 1101 1102 1103 1104 1105 1106 1107 1108 1109]] [74 [1110 1111 1112 1113 1114 1115 1116 1117 1118 1119 1120 1121 1122 1123 1124]] [75 [1125 1126 1127 1128 1130 1131 1132 1133 1134 1135 1136 1137 1138 1139]] [76 [1140 1141 1144 1145 1146 1147 1148 1149 1150 1151 1152 1153 1154]] [77 [1155 1156 1157 1158 1159 1160 1161 1162 1163 1164 1165 1166 1167 1168 1169]] [78 [1170 1171 1172 1173 1174 1175 1176 1177 1178 1179 1180 1181 1182 1183 1184]] [79 [1185 1186 1187 1188 1189 1190 1191 1192 1193 1194 1195 1196 1197 1198 1199]] [80 [1200 1201 1202 1203 1204 1205 1206 1207 1208 1209 1210 1211 1212 1213 1214]] [81 [1215 1216 1218 1220 1221 1222 1223 1224 1225 1228 1229]] [82 [1231 1232 1233 1235 1236 1237 1238 1239 1241 1242 1243]] [83 [1246 1247 1248 1250 1251 1252 1253 1254 1255 1256 1257 1258 1259]] [84 [1261 1264 1265 1266 1267 1268 1269 1270 1271 1272 1273 1274]] [85 [1275 1276 1277 1278 1279 1280 1281 1282 1283 1284 1285 1286 1287 1288 1289]] [86 [1290 1291 1292 1293 1294 1295 1296 1297 1298 1299 1300 1301 1302 1303 1304]] [87 [1305 1306 1307 1311 1312 1315 1316 1318 1319]] [88 [1320 1321 1324 1325 1326 1327 1328 1329 1330 1331 1332 1333 1334]] [89 [1335 1336 1337 1338 1339 1340 1341 1342 1343 1347 1348 1349]] [90 [1350 1351 1352 1353 1354 1355 1356 1357 1358 1359 1360 1361 1362 1363 1364]] [91 [1365 1366 1367 1368 1369 1370 1371 1372 1373 1374 1375 1376 1377 1378 1379]] [92 [1380 1381 1382 1383 1384 1385 1386 1387 1388 1389 1390 1391 1392 1393 1394]] [93 [1395 1396 1397 1398 1399 1400 1401 1402 1403 1404 1405 1406 1407 1408 1409]] [94 [1410 1411 1412 1413 1414 1415 1416 1417 1418 1419 1420 1421 1422 1423 1424]] [95 [1425 1426 1427 1428 1430 1431 1432 1433 1434 1436 1437 1438 1439]] [96 [1440 1441 1442 1443 1444 1445 1446 1447 1448 1449 1450 1451 1452 1453 1454]] [97 [1455 1456 1457 1458 1459 1460 1462 1465 1467 1468 1469]] [98 [1470 1471 1472 1473 1474 1475 1476 1477 1478 1479 1480 1481 1482 1483 1484]] [99 [1485 1486 1487 1488 1489 1490 1491 1492 1493 1494 1495 1496 1497 1498 1499]]]","[[0 [0 1 5 8 12]] [1 [15 16 18 19 22 23 25 26 27 28]] [2 [30 32 36 37 39 44]] [3 [45 46 48 49 50 55 59]] [4 [60 64 65 66 68 69 73 74]] [5 [76 77 78 79 81 83 84 87]] [6 [91 92 93 98 101 102 103 104]] [7 [105 106 107 108 109 111 112 113 115 116 118 119]] [8 [121 123 124 126 127 128 131 132 134]] [9 [135 136 137 138 143 144 145 146 149]] [10 [151 152 154 155 156 157 158 159 162]] [11 [166 168 169 175 177 179]] [12 [181 182 183 184 187 188 189 190]] [13 [197 198 199 200 201 202 206 209]] [14 [211 212 213 217 218 221 223]] [15 [226 227 229 231 232 235 236 238 239]] [16 [240 244 245 246 249 250 252 253 254]] [17 [255 256 257 258 260 261 264 266 269]] [18 [271 272 274 275 279 281 282 283 284]] [19 [285 286 287 291 294 295 296 297 298]] [20 [300 303 304 306 309 312 313 314]] [21 [315 316 317 319 322 323 324 327]] [22 [330 331 334 336 337 341 342 344]] [23 [345 346 348 349 351 352 353 355 356 357]] [24 [361 362 363 364 365 366 367 368 371 373 374]] [25 [375 376 377 378 380 383 386 388]] [26 [392 393 396 402 404]] [27 [405 408 409 412 415 416 418 419]] [28 [420 422 423 424 427 428 433 434]] [29 [435 436 437 438 440 441 442 444]] [30 [450 451 452 455 456 458 459 460 462 463]] [31 [466 467 468 472 473 475 479]] [32 [480 481 482 483 484 485 486 487 491 492 493 494]] [33 [497 498 499 500 501 502]] [34 [510 511 513 518 521 524]] [35 [525 527 528 534 536 538 539]] [36 [540 541 542 545 546 548 553 554]] [37 [556 558 559 562 563 566 568 569]] [38 [570 572 573 577 580 582 583 584]] [39 [586 587 591 592 593 595 598 599]] [40 [602 603 604 606 609 610 612]] [41 [615 616 617 618 619 620 621 622 624 626 627 628]] [42 [630 633 634 638 640 641 642 643 644]] [43 [646 647 648 650 651 654]] [44 [660 661 662 664 667 668 670 672 673 674]] [45 [675 676 677 678 680 681 686 687 688]] [46 [690 693 694 695 696 697 699 702 703 704]] [47 [706 707 708 712 713 714 716 719]] [48 [723 724 725 726 727 729 732 733]] [49 [735 737 740 744 748 749]] [50 [750 752 753 754 755 756 757 759 761 763 764]] [51 [766 768 772 773 779]] [52 [780 784 786 787 793 794]] [53 [795 796 797 800 801 802 805 807 808 809]] [54 [812 813 814 816 822 823 824]] [55 [825 829 830 831 832 836 837 839]] [56 [840 842 843 845 848 849 850]] [57 [857 858 862 867 868 869]] [58 [870 871 874 875 877 879 880 881]] [59 [885 886 888 894 896]] [60 [900 902 905 906 908 909 910 912 913]] [61 [915 917 919 921 922 923 925 926 927 928 929]] [62 [931 933 934 936 937 942 943 944]] [63 [945 946 947 948 950 955 956 957]] [64 [960 961 963 964 966 968 971 972 974]] [65 [975 977 978 979 980 981 983 984 987 988]] [66 [990 992 993 994 995 996 998 1002 1003 1004]] [67 [1005 1006 1007 1009 1011 1012 1013 1014 1015 1016]] [68 [1020 1021 1022 1023 1024 1031 1034]] [69 [1035 1040 1042 1043 1044 1045 1046]] [70 [1050 1053 1054 1057 1059 1060 1063 1064]] [71 [1065 1066 1070 1072 1073 1074 1076 1078]] [72 [1080 1083 1084 1085 1087 1089 1093]] [73 [1096 1097 1098 1102 1103 1104 1105 1107 1108 1109]] [74 [1110 1111 1112 1113 1114 1117 1121 1122 1123 1124]] [75 [1125 1127 1128 1130 1132 1134 1135 1137]] [76 [1140 1141 1147 1148 1150 1151 1152 1153 1154]] [77 [1155 1156 1157 1158 1161 1162 1164 1166 1168 1169]] [78 [1170 1172 1174 1175 1179 1180 1182 1184]] [79 [1186 1188 1190 1191 1192 1193 1194 1197]] [80 [1200 1201 1207 1209 1210 1212 1213]] [81 [1216 1218 1220 1221 1222 1223 1224 1225 1228 1229]] [82 [1231 1232 1233 1235 1236 1242 1243]] [83 [1246 1248 1251 1252 1253 1254 1255 1256 1257 1258 1259]] [84 [1261 1265 1266 1267 1268 1269 1270 1272 1273 1274]] [85 [1277 1278 1280 1282 1285 1288]] [86 [1290 1291 1294 1297 1299 1304]] [87 [1306 1311 1312 1315 1316 1318 1319]] [88 [1320 1321 1324 1325 1329 1330 1331 1332 1333]] [89 [1335 1336 1339 1340 1341 1342 1343 1347 1349]] [90 [1350 1351 1353 1355 1358 1359 1361 1364]] [91 [1365 1367 1368 1369 1370 1371 1373 1379]] [92 [1380 1382 1383 1386 1387 1392 1393 1394]] [93 [1395 1398 1399 1400 1401 1403 1404 1409]] [94 [1412 1413 1414 1415 1420 1421 1423]] [95 [1425 1427 1428 1430 1432 1434 1437 1439]] [96 [1443 1444 1446 1448 1450 1451 1452 1453]] [97 [1455 1458 1459 1460 1462 1465 1467 1468]] [98 [1473 1474 1476 1478 1482 1483 1484]] [99 [1485 1486 1487 1488 1489 1490 1491 1493 1494 1497]]]",,"[[{citizen 6} [[""A"" [4 4]]]] [{citizen 8} [[""A"" [3 1]]]] [{citizen 10} [[""A"" [5 4]]]] [{citizen 11} [[""A"" [4 4]]]] [{citizen 12} [[""A"" [1 3]]]] [{citizen 15} [[""A"" [1 1]]]] [{citizen 17} [[""A"" [3 3]]]] [{citizen 48} [[""A"" [2 5]]]] [{media 50} [[""A"" [3 3]]]] [{media 52} [[""A"" [0 0]]]] [{media 54} [[""A"" [4 4]]]] [{media 55} [[""A"" [3 3]]]] [{media 56} [[""A"" [1 1]]]] [{media 57} [[""A"" [5 5]]]] [{media 59} [[""A"" [0 0]]]] [{media 63} [[""A"" [5 5]]]] [{media 60} [[""A"" [2 2]]]] [{citizen 0} [[""A"" [3 3]]]] [{media 61} [[""A"" [3 3]]]] [{media 64} [[""A"" [1 1]]]] [{media 62} [[""A"" [1 1]]]] [{citizen 7} [[""A"" [5 5]]]] [{citizen 19} [[""A"" [5 1]]]] [{citizen 1} [[""A"" [3 4]]]] [{citizen 32} [[""A"" [5 3]]]] [{citizen 20} [[""A"" [4 4]]]] [{citizen 25} [[""A"" [5 3]]]] [{citizen 35} [[""A"" [1 1]]]] [{media 51} [[""A"" [4 4]]]] [{citizen 14} [[""A"" [4 4]]]] [{citizen 5} [[""A"" [5 3]]]] [{citizen 34} [[""A"" [2 3]]]] [{citizen 23} [[""A"" [1 3]]]] [{citizen 38} [[""A"" [5 1]]]] [{citizen 26} [[""A"" [5 4]]]] [{citizen 4} [[""A"" [3 1]]]] [{citizen 13} [[""A"" [3 5]]]] [{citizen 22} [[""A"" [3 1]]]] [{citizen 42} [[""A"" [2 1]]]] [{citizen 16} [[""A"" [5 4]]]] [{citizen 18} [[""A"" [4 4]]]] [{citizen 46} [[""A"" [5 3]]]] [{citizen 49} [[""A"" [2 5]]]] [{citizen 33} [[""A"" [3 1]]]] [{citizen 24} [[""A"" [3 3]]]] [{citizen 21} [[""A"" [3 5]]]] [{citizen 40} [[""A"" [3 4]]]] [{citizen 9} [[""A"" [3 1]]]] [{media 53} [[""A"" [1 1]]]] [{media 58} [[""A"" [1 1]]]] [{citizen 39} [[""A"" [5 3]]]] [{citizen 30} [[""A"" [1 1]]]] [{citizen 37} [[""A"" [5 4]]]] [{citizen 47} [[""A"" [5 1]]]] [{citizen 31} [[""A"" [1 1]]]] [{citizen 29} [[""A"" [3 1]]]] [{citizen 27} [[""A"" [5 3]]]] [{citizen 41} [[""A"" [3 1]]]] [{citizen 2} [[""A"" [1 5]]]] [{citizen 45} [[""A"" [5 3]]]] [{citizen 43} [[""A"" [3 4]]]] [{citizen 44} [[""A"" [3 5]]]] [{citizen 28} [[""A"" [5 4]]]] [{citizen 36} [[""A"" [5 4]]]]]"
"4","[213 0 42]","139.0909090909091","2.8803982023591264","-3.366916594819571","""circle""","""""","9.9","{breed citizens}","false","0.5","1","""up""",,"[[""ID"" 27] [""alpha"" 1] [""beta"" 1] [""malleable"" [""A""]] [""prior"" []] [""cont_tokens"" []] [""A"" 1]]","[[0 [0 1 2 3 4 5 6 7 8 9 11 12 14]] [1 [15 16 17 18 19 20 21 22 23 24 25 26 27 28 29]] [2 [30 32 33 34 35 36 37 38 39 40 41 42 43 44]] [3 [45 46 47 48 49 50 51 52 53 54 55 56 57 58 59]] [4 [60 61 62 63 64 65 66 67 68 69 70 71 72 73 74]] [5 [76 77 78 79 81 83 84 85 86 87 88 89]] [6 [91 92 93 94 95 96 97 98 99 100 101 102 103 104]] [7 [105 106 107 108 109 110 111 112 113 114 115 116 117 118 119]] [8 [120 121 122 123 124 125 126 127 128 130 131 132 133 134]] [9 [135 136 137 138 139 140 141 142 143 144 145 146 147 148 149]] [10 [150 151 152 153 154 155 156 157 158 159 160 161 162 163 164]] [11 [165 166 167 168 169 170 171 172 173 174 175 176 177 178 179]] [12 [180 181 182 183 184 185 186 187 188 189 190 191 192 193 194]] [13 [197 198 199 200 201 202 206 207 208 209]] [14 [210 211 212 213 214 215 216 217 218 220 221 222 223 224]] [15 [225 226 227 228 229 230 231 232 233 234 235 236 237 238 239]] [16 [240 243 244 245 246 247 248 249 250 251 252 253 254]] [17 [255 256 257 258 259 260 261 262 263 264 265 266 267 268 269]] [18 [271 272 273 274 275 276 277 278 279 280 281 282 283 284]] [19 [285 286 287 288 289 290 291 292 293 294 295 296 297 298 299]] [20 [300 301 302 303 304 305 306 308 309 310 311 312 313 314]] [21 [315 316 317 318 319 320 321 322 323 324 325 326 327 328 329]] [22 [330 331 332 333 334 335 336 337 338 339 340 341 342 343 344]] [23 [345 346 347 348 349 350 351 352 353 354 355 356 357 358 359]] [24 [361 362 363 364 365 366 367 368 369 370 371 373 374]] [25 [375 376 377 378 379 380 381 382 383 384 385 386 387 388 389]] [26 [390 391 392 393 394 395 396 397 398 399 400 401 402 403 404]] [27 [405 406 407 408 409 410 411 412 413 414 415 416 417 418 419]] [28 [420 422 423 424 425 427 428 429 430 433 434]] [29 [435 436 437 438 440 441 442 443 444 445 446 448 449]] [30 [450 451 452 453 454 455 456 457 458 459 460 461 462 463 464]] [31 [465 466 467 468 469 470 471 472 473 474 475 476 477 478 479]] [32 [480 481 482 483 484 485 486 487 489 490 491 492 493 494]] [33 [495 497 498 499 500 501 502 503 504 505 506]] [34 [510 511 512 513 514 515 516 518 519 520 521 522 523 524]] [35 [526 527 528 529 530 531 532 533 534 535 536 537 538 539]] [36 [540 541 542 544 545 546 547 548 549 550 551 553 554]] [37 [556 558 559 560 561 562 563 564 565 566 567 568 569]] [38 [570 571 572 573 574 575 576 577 578 580 581 582 583 584]] [39 [585 586 587 588 589 590 591 592 593 594 595 596 597 598 599]] [40 [600 601 602 603 604 605 606 607 608 609 610 611 612 613 614]] [41 [615 616 617 618 619 620 621 622 623 624 625 626 627 628 629]] [42 [630 631 632 633 634 635 636 637 638 639 640 641 642 643 644]] [43 [645 646 647 648 649 650 651 652 654 655 656 657 658 659]] [44 [660 661 662 663 664 665 666 667 668 669 670 671 672 673 674]] [45 [675 676 677 678 679 680 681 682 683 684 685 686 687 688 689]] [46 [690 693 694 695 696 697 699 702 703 704]] [47 [705 706 707 708 709 710 711 712 713 714 715 716 717 718 719]] [48 [720 721 722 723 724 725 726 727 728 729 730 731 732 733 734]] [49 [735 736 737 738 739 740 741 742 743 744 745 746 747 748 749]] [50 [750 751 752 753 754 755 756 757 759 760 761 762 763 764]] [51 [765 766 767 768 769 770 771 772 773 774 775 776 777 778 779]] [52 [780 782 783 784 785 786 787 788 789 790 791 793 794]] [53 [795 796 797 798 799 800 801 802 803 804 805 806 807 808 809]] [54 [812 813 814 816 821 822 823 824]] [55 [825 826 827 828 829 830 831 832 833 836 837 838 839]] [56 [840 841 842 843 844 845 848 849 850 851 852 853 854]] [57 [855 856 857 858 859 860 861 862 863 864 865 866 867 868 869]] [58 [870 871 873 874 875 876 877 879 880 881 882 883 884]] [59 [885 886 888 890 893 894 895 896 897 898 899]] [60 [900 901 902 903 904 905 906 907 908 909 910 911 912 913 914]] [61 [916 917 918 919 921 922 923 925 926 927 928 929]] [62 [930 931 932 933 934 935 936 937 938 939 940 941 942 943 944]] [63 [945 946 947 948 949 950 951 952 953 954 955 956 957 959]] [64 [960 961 963 964 965 966 967 968 969 970 971 972 973 974]] [65 [975 976 977 978 979 980 981 982 983 984 985 986 987 988 989]] [66 [990 991 992 993 994 995 996 997 998 999 1000 1001 1002 1003 1004]] [67 [1007 1009 1010 1011 1012 1013 1014 1015 1016]] [68 [1020 1021 1022 1023 1024 1030 1031 1032 1034]] [69 [1035 1036 1040 1041 1042 1043 1044 1045 1046 1047 1049]] [70 [1050 1051 1052 1053 1054 1055 1056 1057 1058 1059 1060 1061 1062 1063 1064]] [71 [1065 1066 1067 1068 1069 1070 1072 1073 1074 1076 1078]] [72 [1080 1081 1083 1084 1085 1086 1087 1089 1092 1093 1094]] [73 [1095 1096 1097 1098 1099 1100 1101 1102 1103 1104 1105 1106 1107 1108 1109]] [74 [1110 1111 1112 1113 1114 1115 1116 1117 1118 1119 1120 1121 1122 1123 1124]] [75 [1125 1126 1127 1128 1129 1130 1131 1132 1133 1134 1135 1136 1137 1138 1139]] [76 [1140 1141 1144 1145 1146 1147 1148 1149 1150 1151 1152 1153 1154]] [77 [1155 1156 1157 1158 1159 1160 1161 1162 1163 1164 1165 1166 1167 1168 1169]] [78 [1171 1172 1173 1174 1175 1176 1177 1178 1179 1180 1181 1182 1183 1184]] [79 [1185 1186 1187 1188 1189 1190 1191 1192 1193 1194 1195 1196 1197 1198 1199]] [80 [1200 1201 1202 1205 1207 1209 1210 1211 1212 1213 1214]] [81 [1215 1216 1218 1220 1221 1222 1223 1224 1225 1228 1229]] [82 [1231 1232 1233 1235 1236 1237 1238 1239 1241 1242 1243]] [83 [1246 1247 1248 1250 1251 1252 1253 1254 1255 1256 1257 1258 1259]] [84 [1261 1264 1265 1266 1267 1268 1269 1270 1271 1272 1273 1274]] [85 [1275 1276 1277 1278 1279 1280 1281 1282 1283 1284 1285 1286 1287 1288 1289]] [86 [1290 1291 1292 1293 1294 1295 1296 1297 1298 1299 1300 1301 1302 1303 1304]] [87 [1305 1306 1307 1308 1309 1310 1311 1312 1313 1314 1315 1316 1317 1318 1319]] [88 [1320 1321 1323 1324 1325 1326 1327 1328 1329 1330 1331 1332 1333 1334]] [89 [1335 1336 1337 1338 1339 1340 1341 1342 1343 1347 1348 1349]] [90 [1350 1351 1352 1353 1354 1355 1356 1357 1358 1359 1360 1361 1362 1363 1364]] [91 [1365 1366 1367 1368 1369 1370 1371 1372 1373 1374 1375 1376 1377 1378 1379]] [92 [1380 1381 1382 1383 1384 1385 1386 1387 1388 1389 1390 1391 1392 1393 1394]] [93 [1395 1396 1397 1398 1399 1400 1401 1402 1403 1404 1405 1406 1407 1408 1409]] [94 [1410 1411 1412 1413 1414 1415 1416 1417 1418 1419 1420 1421 1422 1423 1424]] [95 [1425 1427 1428 1430 1432 1434 1437 1438 1439]] [96 [1440 1441 1442 1443 1444 1445 1446 1447 1448 1449 1450 1451 1452 1453 1454]] [97 [1455 1456 1457 1458 1459 1460 1461 1462 1463 1464 1465 1466 1467 1468 1469]] [98 [1470 1471 1472 1473 1474 1475 1476 1477 1478 1479 1480 1481 1482 1483 1484]] [99 [1485 1486 1487 1488 1489 1490 1491 1492 1493 1494 1495 1496 1497 1498 1499]]]","[[0 [6 7 11 14]] [1 [17 19 22 23 25 26 27 28]] [2 [30 32 36 37 39 40 41 42 43]] [3 [46 47 48 49 50 54 55 57 58]] [4 [61 62 63 64 66 68 69 73 74]] [5 [76 77 78 79 81 84 87]] [6 [91 92 93 98 101 102 103 104]] [7 [105 106 107 110 114 116 118]] [8 [121 123 125 127 128 130 132 134]] [9 [135 136 137 138 142 143 145 146 149]] [10 [151 152 154 155 158 160 161 163 164]] [11 [167 168 169 174 175 177 179]] [12 [181 182 183 184 187 188 189 190]] [13 [197 198 200 201 202 206 208 209]] [14 [211 212 213 215 216 217 218 221 222 223]] [15 [226 228 230 234 235 236 237]] [16 [243 247 248 251 253 254]] [17 [256 257 258 259 260 262 263 265 267 269]] [18 [273 276 277 278 279 281 282 283 284]] [19 [285 286 287 291 294 295 296 297 298]] [20 [300 303 304 306 308 310 311 312]] [21 [316 317 318 320 321 322 325 326 329]] [22 [333 334 336 337 338 339 340]] [23 [346 347 348 349 351 352 353 355 356 357]] [24 [362 363 364 365 368 371 373 374]] [25 [375 376 378 380 383 386 387 389]] [26 [390 391 393 396 402 404]] [27 [405 406 410 411 412 415 416 417 418 419]] [28 [420 422 423 424 427 428 433 434]] [29 [435 436 437 438 440 441 442 444 446 448 449]] [30 [454 456 458 459 460 462 463 464]] [31 [466 467 468 470 471 474 476 477 478]] [32 [480 481 482 483 484 485 486 487 491 492 493 494]] [33 [497 498 499 500 502 503 504 505 506]] [34 [512 514 515 516 519 522 523]] [35 [526 527 528 531 536 538 539]] [36 [540 541 544 546 547 548 549 550 551 553 554]] [37 [556 560 561 564 565 567 568 569]] [38 [570 572 573 575 576 578 580 582 583]] [39 [585 586 587 588 590 595 598 599]] [40 [602 603 606 609 610 612]] [41 [615 616 617 618 620 621 624 626 627 628]] [42 [631 635 636 637 638 640 641 642 643 644]] [43 [646 647 648 650 651 652 654 656 657 658 659]] [44 [663 664 667 668 670 671 672 673 674]] [45 [675 677 680 681 686 687 688]] [46 [690 693 694 695 696 697 699 702 703]] [47 [705 707 708 711 715 719]] [48 [728 730 731 733]] [49 [735 737 744 746 748 749]] [50 [750 752 753 757 762]] [51 [766 768 772 773 778 779]] [52 [780 784 786 787 790 791 793 794]] [53 [796 797 800 801 802 803 805 807 808 809]] [54 [812 813 814 816 822 823 824]] [55 [825 829 830 831 832 833 837 839]] [56 [840 842 844 845 848 851 853 854]] [57 [855 856 859 860 861 863 864 866 867 868 869]] [58 [870 871 874 875 877 879 880 881]] [59 [885 886 888 890 894 896 899]] [60 [900 902 907 911 914]] [61 [916 918 919 921 922 923 925 927 928 929]] [62 [931 933 934 936 937 938 939 940 943 944]] [63 [945 949 951 952 953 954 956 957]] [64 [960 961 963 964 965 967 968 969 972 973 974]] [65 [975 977 978 979 980 981 983 984 987 988]] [66 [990 991 993 994 995 997 999 1000 1001]] [67 [1007 1009 1011 1012 1013 1014 1015 1016]] [68 [1020 1021 1022 1023 1024 1031 1032 1034]] [69 [1035 1040 1042 1043 1044 1045 1046 1047 1049]] [70 [1051 1052 1055 1056 1059 1060 1063 1064]] [71 [1065 1066 1070 1072 1073 1074 1076 1078]] [72 [1080 1084 1085 1086 1087 1089 1093]] [73 [1096 1097 1099 1100 1101 1104 1105 1107 1108 1109]] [74 [1110 1111 1112 1113 1114 1117 1120 1122]] [75 [1125 1126 1128 1131 1134 1135 1137]] [76 [1140 1141 1147 1148 1150 1151 1152]] [77 [1155 1156 1157 1158 1159 1160 1162 1163 1165 1167]] [78 [1171 1173 1176 1177 1178 1179 1182 1184]] [79 [1186 1188 1190 1192 1193 1196 1198 1199]] [80 [1200 1201 1202 1207 1209 1210 1212 1213]] [81 [1216 1218 1220 1221 1222 1223 1224 1225 1228 1229]] [82 [1231 1232 1233 1235 1236 1237 1238 1239 1241 1242 1243]] [83 [1246 1248 1251 1252 1253 1254 1255 1256 1257 1258 1259]] [84 [1261 1265 1266 1267 1268 1269 1270 1272 1273 1274]] [85 [1277 1278 1279 1281 1283 1284 1287 1288]] [86 [1290 1291 1294 1297 1299 1301 1302 1303]] [87 [1308 1309 1310 1313 1314 1317 1319]] [88 [1320 1321 1325 1328 1329 1331 1332 1333]] [89 [1335 1336 1337 1338 1341 1342 1343 1347 1348]] [90 [1350 1351 1353 1355 1358 1359 1360 1361 1364]] [91 [1365 1366 1369 1370 1372 1373 1379]] [92 [1380 1382 1383 1386 1387 1391 1392 1393 1394]] [93 [1395 1398 1399 1402 1403 1404 1408]] [94 [1410 1411 1414 1415 1416 1417 1418 1420 1421 1423]] [95 [1425 1428 1430 1432 1438]] [96 [1440 1443 1444 1446 1448 1450 1451 1452 1453]] [97 [1455 1458 1459 1460 1461 1463 1464 1466]] [98 [1470 1471 1472 1475 1477 1478 1480 1482 1483 1484]] [99 [1485 1486 1487 1488 1490 1491 1495 1496 1497]]]",,"[[{citizen 5} [[""A"" [5 5]]]] [{citizen 6} [[""A"" [3 4]]]] [{citizen 7} [[""A"" [3 5]]]] [{citizen 8} [[""A"" [3 1]]]] [{citizen 9} [[""A"" [1 3]]]] [{citizen 13} [[""A"" [3 5]]]] [{citizen 16} [[""A"" [2 4]]]] [{citizen 20} [[""A"" [1 4]]]] [{citizen 23} [[""A"" [3 1]]]] [{citizen 28} [[""A"" [5 4]]]] [{citizen 40} [[""A"" [1 3]]]] [{media 50} [[""A"" [3 3]]]] [{media 52} [[""A"" [0 0]]]] [{media 53} [[""A"" [1 1]]]] [{media 54} [[""A"" [4 4]]]] [{media 55} [[""A"" [3 3]]]] [{media 56} [[""A"" [1 1]]]] [{media 57} [[""A"" [5 5]]]] [{media 58} [[""A"" [1 1]]]] [{media 59} [[""A"" [0 0]]]] [{media 60} [[""A"" [2 2]]]] [{media 61} [[""A"" [3 3]]]] [{media 63} [[""A"" [5 5]]]] [{media 64} [[""A"" [1 1]]]] [{citizen 0} [[""A"" [4 1]]]] [{citizen 2} [[""A"" [1 1]]]] [{media 62} [[""A"" [1 1]]]] [{citizen 19} [[""A"" [2 1]]]] [{citizen 1} [[""A"" [1 4]]]] [{citizen 32} [[""A"" [5 3]]]] [{citizen 3} [[""A"" [1 3]]]] [{citizen 48} [[""A"" [1 3]]]] [{citizen 25} [[""A"" [4 5]]]] [{citizen 35} [[""A"" [1 1]]]] [{citizen 37} [[""A"" [3 4]]]] [{citizen 33} [[""A"" [3 1]]]] [{media 51} [[""A"" [4 4]]]] [{citizen 14} [[""A"" [4 4]]]] [{citizen 11} [[""A"" [4 4]]]] [{citizen 34} [[""A"" [4 3]]]] [{citizen 38} [[""A"" [5 1]]]] [{citizen 26} [[""A"" [1 4]]]] [{citizen 42} [[""A"" [1 0]]]] [{citizen 41} [[""A"" [1 1]]]] [{citizen 10} [[""A"" [3 5]]]] [{citizen 31} [[""A"" [1 1]]]] [{citizen 12} [[""A"" [1 3]]]] [{citizen 49} [[""A"" [2 4]]]] [{citizen 24} [[""A"" [4 3]]]] [{citizen 22} [[""A"" [1 3]]]] [{citizen 21} [[""A"" [1 3]]]] [{citizen 17} [[""A"" [4 3]]]] [{citizen 15} [[""A"" [1 1]]]] [{citizen 39} [[""A"" [1 3]]]] [{citizen 18} [[""A"" [3 4]]]] [{citizen 30} [[""A"" [1 1]]]] [{citizen 27} [[""A"" [5 3]]]] [{citizen 43} [[""A"" [1 3]]]] [{citizen 47} [[""A"" [1 1]]]] [{citizen 46} [[""A"" [3 3]]]] [{citizen 29} [[""A"" [1 1]]]] [{citizen 45} [[""A"" [5 3]]]] [{citizen 44} [[""A"" [1 3]]]] [{citizen 36} [[""A"" [5 4]]]]]"
"5","[213 0 42]","180","0.9379025346062001","-0.3147976858530327","""circle""","""""","9.9","{breed citizens}","false","0.5","1","""up""",,"[[""ID"" 3] [""alpha"" 1] [""beta"" 1] [""malleable"" [""A""]] [""prior"" []] [""cont_tokens"" []] [""A"" 1]]","[[0 [0 1 2 4 5 6 7 8 11 12 14]] [1 [15 16 17 18 19 20 21 22 23 24 25 26 27 28 29]] [2 [30 32 33 34 35 36 37 39 40 41 42 43 44]] [3 [45 46 47 48 49 50 52 53 54 55 56 57 58 59]] [4 [61 62 63 64 65 66 67 68 69 70 71 72 73 74]] [5 [75 76 77 78 79 80 81 82 83 84 85 86 87 88 89]] [6 [90 91 92 93 94 95 96 97 98 99 100 101 102 103 104]] [7 [105 106 107 108 109 110 111 112 113 114 115 116 117 118 119]] [8 [120 121 122 123 124 125 126 127 128 130 131 132 133 134]] [9 [135 136 137 138 142 143 144 145 146 147 149]] [10 [150 151 152 153 154 155 156 157 158 159 160 161 162 163 164]] [11 [165 167 168 169 170 171 172 173 174 175 176 177 178 179]] [12 [180 181 182 183 184 185 186 187 188 189 190 191 192 193 194]] [13 [197 198 199 200 201 202 206 207 208 209]] [14 [210 211 212 213 214 215 216 217 218 220 221 222 223 224]] [15 [225 226 227 228 229 230 231 232 233 234 235 236 237 238 239]] [16 [240 241 242 244 245 246 249 250 252 253 254]] [17 [255 256 257 258 259 260 261 262 263 264 265 266 267 268 269]] [18 [271 272 273 274 275 276 277 278 279 280 281 282 283 284]] [19 [285 286 287 288 289 290 291 292 293 294 295 296 297 298 299]] [20 [300 301 302 303 304 305 306 308 309 310 311 312 313 314]] [21 [315 316 317 318 319 320 321 322 323 324 325 326 327 328 329]] [22 [330 331 332 333 334 335 336 337 338 339 340 341 342 343 344]] [23 [346 347 348 349 350 351 352 353 354 355 356 357 358 359]] [24 [360 366 367 368 371 372 373 374]] [25 [375 376 377 378 380 383 384 385 386 387 388 389]] [26 [390 391 392 393 394 395 396 397 398 399 400 401 402 403 404]] [27 [405 406 407 408 409 410 411 412 413 414 415 416 417 418 419]] [28 [420 422 423 424 425 427 428 429 430 433 434]] [29 [435 436 437 438 440 441 442 443 444 445 446 448 449]] [30 [450 451 452 453 454 455 456 457 458 459 460 461 462 463 464]] [31 [466 467 468 470 471 472 473 474 475 476 477 478 479]] [32 [480 481 482 483 484 485 486 487 489 490 491 492 493 494]] [33 [495 497 498 499 500 501 502 503 504 505 506]] [34 [510 511 512 513 514 515 516 518 519 520 521 522 523 524]] [35 [525 526 527 528 529 530 531 532 533 534 535 536 537 538 539]] [36 [540 541 542 544 545 546 547 548 549 550 551 553 554]] [37 [555 556 557 558 559 560 561 562 563 564 565 566 567 568 569]] [38 [570 571 572 573 574 575 576 577 578 580 581 582 583 584]] [39 [585 586 587 588 590 591 592 593 594 595 596 597 598 599]] [40 [600 601 602 603 604 605 606 607 608 609 610 611 612 613 614]] [41 [616 617 618 619 620 621 622 624 625 626 627 628 629]] [42 [630 631 632 633 634 635 636 637 638 639 640 641 642 643 644]] [43 [645 646 647 648 649 650 651 652 653 654 655 656 657 658 659]] [44 [660 661 662 663 664 665 666 667 668 669 670 671 672 673 674]] [45 [675 676 677 678 679 680 681 682 683 684 685 686 687 688 689]] [46 [690 691 692 693 694 695 696 697 699 702 703 704]] [47 [705 706 707 708 710 711 712 713 714 715 716 717 718 719]] [48 [720 721 722 723 724 725 726 727 729 732 734]] [49 [736 738 739 741 742 743 745 746 747 748 749]] [50 [750 751 752 753 754 755 756 757 758 759 760 761 762 763 764]] [51 [765 766 767 768 769 770 771 772 773 774 775 776 777 778 779]] [52 [780 781 782 783 784 785 786 787 788 789 790 791 792 793 794]] [53 [795 796 797 798 799 800 801 802 803 804 805 806 807 808 809]] [54 [812 813 814 816 821 822 823 824]] [55 [825 826 827 828 829 830 831 832 833 836 837 838 839]] [56 [840 841 842 843 844 845 848 849 850 851 852 853 854]] [57 [855 856 857 858 859 860 861 862 863 864 865 866 867 868 869]] [58 [870 871 873 874 875 876 877 879 880 881 882 883 884]] [59 [885 886 888 890 893 894 895 896 897 898 899]] [60 [900 902 903 904 905 906 907 908 909 910 911 912 913 914]] [61 [916 917 918 919 921 922 923 925 926 927 928 929]] [62 [930 931 932 933 934 935 936 937 938 939 940 941 942 943 944]] [63 [945 946 947 948 949 950 951 952 953 954 955 956 957 959]] [64 [960 961 963 964 965 966 967 968 969 970 971 972 973 974]] [65 [975 976 977 978 979 980 981 982 983 984 985 986 987 988 989]] [66 [990 991 992 993 994 995 996 997 998 999 1000 1001 1002 1003 1004]] [67 [1007 1009 1010 1011 1012 1013 1014 1015 1016]] [68 [1020 1021 1022 1023 1024 1030 1031 1032 1034]] [69 [1035 1036 1040 1041 1042 1043 1044 1045 1046 1047 1049]] [70 [1050 1051 1052 1053 1054 1055 1056 1057 1058 1059 1060 1061 1062 1063 1064]] [71 [1065 1066 1067 1068 1069 1070 1072 1073 1074 1076 1078]] [72 [1080 1081 1083 1084 1085 1086 1087 1089 1092 1093 1094]] [73 [1095 1096 1097 1098 1099 1100 1101 1102 1103 1104 1105 1106 1107 1108 1109]] [74 [1110 1111 1112 1113 1114 1115 1116 1117 1118 1119 1120 1121 1122 1123 1124]] [75 [1125 1127 1128 1131 1132 1134 1135 1137]] [76 [1140 1141 1144 1145 1146 1147 1148 1149 1150 1151 1152 1153 1154]] [77 [1155 1156 1157 1158 1159 1160 1161 1162 1163 1164 1165 1166 1167 1168 1169]] [78 [1170 1172 1174 1175 1177 1178 1179 1180 1181 1182 1183 1184]] [79 [1185 1186 1187 1188 1189 1190 1191 1192 1193 1194 1195 1196 1197 1198 1199]] [80 [1200 1201 1202 1203 1204 1205 1206 1207 1208 1209 1210 1211 1212 1213 1214]] [81 [1215 1216 1218 1220 1221 1222 1223 1224 1225 1228 1229]] [82 [1231 1232 1233 1235 1236 1237 1238 1239 1241 1242 1243]] [83 [1246 1247 1248 1250 1251 1252 1253 1254 1255 1256 1257 1258 1259]] [84 [1260 1261 1262 1263 1264 1265 1266 1267 1268 1269 1270 1271 1272 1273 1274]] [85 [1275 1276 1277 1278 1279 1280 1281 1282 1283 1284 1285 1286 1287 1288 1289]] [86 [1290 1291 1292 1293 1294 1295 1296 1297 1298 1299 1300 1301 1302 1303 1304]] [87 [1305 1306 1307 1308 1309 1310 1311 1312 1313 1314 1315 1316 1317 1318 1319]] [88 [1320 1321 1322 1323 1324 1325 1326 1327 1328 1329 1330 1331 1332 1333 1334]] [89 [1335 1336 1337 1338 1339 1340 1341 1342 1343 1347 1348 1349]] [90 [1350 1351 1352 1353 1354 1355 1356 1357 1358 1359 1360 1361 1362 1363 1364]] [91 [1365 1366 1367 1368 1369 1370 1371 1372 1373 1374 1375 1376 1377 1378 1379]] [92 [1380 1381 1382 1383 1384 1385 1386 1387 1388 1389 1390 1391 1392 1393 1394]] [93 [1395 1396 1397 1398 1399 1400 1401 1402 1403 1404 1405 1406 1407 1408 1409]] [94 [1410 1411 1412 1413 1414 1415 1416 1417 1418 1419 1420 1421 1422 1423 1424]] [95 [1425 1427 1428 1430 1432 1434 1437 1438 1439]] [96 [1440 1441 1442 1443 1444 1445 1446 1447 1448 1449 1450 1451 1452 1453 1454]] [97 [1455 1456 1457 1458 1459 1460 1461 1462 1463 1464 1465 1466 1467 1468 1469]] [98 [1470 1471 1472 1473 1474 1475 1476 1477 1478 1479 1480 1481 1482 1483 1484]] [99 [1485 1486 1487 1488 1489 1490 1491 1492 1493 1494 1495 1496 1497 1498 1499]]]","[[0 [2 4 6 7 11 14]] [1 [17 20 21 25 26 27 28]] [2 [30 33 34 35 36 39 42 43 44]] [3 [45 47 48 49 50 54 56 58]] [4 [61 62 63 65 67 70 71 72]] [5 [75 76 77 78 79 81 83 84 85 86 88 89]] [6 [90 94 95 96 99 100 104]] [7 [105 106 107 108 109 111 112 117 119]] [8 [121 123 125 127 128 131 132 134]] [9 [135 136 137 138 142 143 144 145 146 149]] [10 [151 152 154 155 156 157 158 160 161 163]] [11 [165 170 171 172 173 176 178 179]] [12 [181 182 183 184 185 186 187 188 189 190]] [13 [197 198 199 200 201 202 206 209]] [14 [211 212 214 215 216 218 221 222 223]] [15 [226 227 229 231 232 233 238 239]] [16 [240 242 245 246 249 250 252 254]] [17 [257 259 260 262 263 265 267 269]] [18 [271 272 274 275 278 279 281 282 283]] [19 [285 286 287 289 290 292 294 295 296 297 298]] [20 [300 303 304 309 312]] [21 [315 316 317 319 323 324 327 328]] [22 [330 331 332 339 340]] [23 [346 347 348 349 351 358 359]] [24 [360 366 367 368 371 373 374]] [25 [375 376 378 380 383 384 385 387 389]] [26 [390 391 393 396 398 399 400 402 404]] [27 [405 407 408 409 412 415 416 418 419]] [28 [420 422 423 424 427 428 430 434]] [29 [435 437 438 443 445 446 448 449]] [30 [454 456 458 459 460 462 463]] [31 [466 467 468 471 473 475 479]] [32 [480 481 482 483 484 489 491 492 493 494]] [33 [495 497 498 499 500 502 503 504 505 506]] [34 [511 512 514 515 516 519 522 523]] [35 [526 529 530 532 533 535 537 539]] [36 [540 541 542 544 546 548]] [37 [555 557 559 563 566 568 569]] [38 [571 574 575 576 577 581]] [39 [590 591 592 593 595 598 599]] [40 [602 603 604 606 608 613 614]] [41 [617 618 619 620 622 624 626 627 628]] [42 [631 635 636 637 638 640 641 642]] [43 [647 648 649 655 656 657 658 659]] [44 [660 661 662 664 667 668 670 673 674]] [45 [675 679 683 684 685 686 687 688]] [46 [690 693 694 695 696 697 699 702 703 704]] [47 [706 708 712 713 714 717 718]] [48 [721 722 723 724 725 726 727 729 732 734]] [49 [736 738 739 741 742 743 745 746 747]] [50 [750 751 752 753 756 757 761 763 764]] [51 [766 767 769 771 774 775 776 777]] [52 [781 782 783 785 788 789 791 793 794]] [53 [795 796 797 800 801 802 803 805 807 808 809]] [54 [812 814 816 822 823 824]] [55 [825 829 830 831 832 836 837 839]] [56 [840 842 843 845 848 849 852]] [57 [855 856 859 860 861 863 864 866 867 868 869]] [58 [870 871 874 875 877 879 880 881]] [59 [885 886 888 890 894 896 899]] [60 [900 902 907 909 911 914]] [61 [916 918 919 921 922 923 929]] [62 [931 933 934 936 937 939 940 943 944]] [63 [945 949 951 952 953 954 956 957]] [64 [960 961 963 964 965 967 968 969 972 973]] [65 [976 977 978 979 982 985 986 988]] [66 [990 992 994 995 996 997 998 999 1000 1001]] [67 [1007 1009 1011 1012 1013 1014 1015 1016]] [68 [1020 1021 1022 1023 1024 1032 1034]] [69 [1035 1036 1041 1042 1043 1044 1045 1046 1047 1049]] [70 [1051 1052 1055 1056 1059 1060 1063 1064]] [71 [1065 1066 1070 1072 1073 1074 1076 1078]] [72 [1081 1083 1084 1085 1087 1089 1094]] [73 [1095 1100 1101 1104 1105 1107 1108 1109]] [74 [1110 1111 1112 1113 1114 1117 1120 1121 1122 1123 1124]] [75 [1125 1127 1128 1131 1132 1134 1135 1137]] [76 [1140 1141 1144 1145 1146 1149 1153 1154]] [77 [1155 1156 1157 1159 1160 1162 1166 1168 1169]] [78 [1170 1172 1174 1175 1179 1182 1184]] [79 [1186 1189 1191 1192 1193 1194 1197]] [80 [1200 1201 1202 1207 1209 1211 1212 1213]] [81 [1215 1220 1222 1223 1224 1225 1228 1229]] [82 [1231 1232 1233 1235 1236 1237 1238 1239 1241 1242 1243]] [83 [1246 1248 1251 1252 1253 1254 1255]] [84 [1262 1263 1264 1265 1266 1267 1268 1269 1270 1272 1273 1274]] [85 [1277 1278 1279 1281 1283 1284 1287 1288]] [86 [1290 1291 1292 1293 1295 1296 1297 1299 1300 1301 1302 1303]] [87 [1305 1306 1307 1310 1313 1314 1317 1319]] [88 [1320 1321 1325 1329 1331 1332 1333]] [89 [1335 1336 1337 1338 1341 1342 1343 1348]] [90 [1351 1353 1355 1358 1359 1361 1364]] [91 [1365 1367 1368 1369 1370 1372 1373 1374 1375 1377 1378 1379]] [92 [1380 1382 1383 1386 1387 1391 1392 1393 1394]] [93 [1395 1398 1399 1402 1403 1404 1405 1406 1407 1408]] [94 [1410 1411 1414 1415 1416 1417 1418 1420 1421 1423]] [95 [1425 1428 1430 1432 1434 1438 1439]] [96 [1441 1442 1445 1447 1449 1450 1454]] [97 [1456 1457 1458 1459 1460 1462 1465 1467 1468]] [98 [1473 1474 1476 1478 1479 1481]] [99 [1489 1490 1491 1492 1495 1496 1497]]]",,"[[{citizen 7} [[""A"" [3 5]]]] [{citizen 8} [[""A"" [1 1]]]] [{citizen 11} [[""A"" [4 4]]]] [{citizen 12} [[""A"" [3 4]]]] [{citizen 14} [[""A"" [4 4]]]] [{citizen 19} [[""A"" [3 1]]]] [{citizen 21} [[""A"" [3 4]]]] [{citizen 22} [[""A"" [3 3]]]] [{citizen 29} [[""A"" [3 1]]]] [{citizen 32} [[""A"" [5 3]]]] [{citizen 39} [[""A"" [3 3]]]] [{citizen 46} [[""A"" [3 1]]]] [{citizen 47} [[""A"" [3 1]]]] [{media 50} [[""A"" [3 3]]]] [{media 52} [[""A"" [0 0]]]] [{media 54} [[""A"" [4 4]]]] [{media 55} [[""A"" [3 3]]]] [{media 56} [[""A"" [1 1]]]] [{media 57} [[""A"" [5 5]]]] [{media 59} [[""A"" [0 0]]]] [{media 63} [[""A"" [5 5]]]] [{media 60} [[""A"" [2 2]]]] [{citizen 0} [[""A"" [3 4]]]] [{citizen 1} [[""A"" [4 4]]]] [{media 61} [[""A"" [3 3]]]] [{citizen 4} [[""A"" [3 1]]]] [{media 64} [[""A"" [1 1]]]] [{media 62} [[""A"" [1 1]]]] [{citizen 3} [[""A"" [3 1]]]] [{citizen 48} [[""A"" [3 4]]]] [{citizen 9} [[""A"" [3 1]]]] [{citizen 20} [[""A"" [3 4]]]] [{citizen 25} [[""A"" [5 3]]]] [{citizen 35} [[""A"" [1 1]]]] [{citizen 37} [[""A"" [3 4]]]] [{citizen 33} [[""A"" [3 1]]]] [{media 51} [[""A"" [4 4]]]] [{citizen 13} [[""A"" [5 4]]]] [{citizen 42} [[""A"" [0 2]]]] [{citizen 41} [[""A"" [1 1]]]] [{citizen 10} [[""A"" [5 4]]]] [{citizen 31} [[""A"" [1 1]]]] [{citizen 23} [[""A"" [1 4]]]] [{citizen 38} [[""A"" [1 1]]]] [{citizen 26} [[""A"" [3 4]]]] [{citizen 49} [[""A"" [1 1]]]] [{citizen 6} [[""A"" [3 4]]]] [{citizen 2} [[""A"" [3 4]]]] [{citizen 44} [[""A"" [2 3]]]] [{citizen 24} [[""A"" [1 4]]]] [{media 53} [[""A"" [1 1]]]] [{citizen 17} [[""A"" [4 3]]]] [{citizen 15} [[""A"" [1 1]]]] [{media 58} [[""A"" [1 1]]]] [{citizen 18} [[""A"" [3 4]]]] [{citizen 30} [[""A"" [1 1]]]] [{citizen 27} [[""A"" [4 5]]]] [{citizen 43} [[""A"" [2 3]]]] [{citizen 28} [[""A"" [4 4]]]] [{citizen 40} [[""A"" [3 3]]]] [{citizen 34} [[""A"" [3 2]]]] [{citizen 45} [[""A"" [5 3]]]] [{citizen 16} [[""A"" [4 2]]]] [{citizen 36} [[""A"" [4 4]]]]]"
"6","[85 0 170]","94.0909090909091","9.111530764661111","-0.6253734144136769","""circle""","""""","9.9","{breed citizens}","false","0.5","1","""up""",,"[[""ID"" 23] [""alpha"" 1] [""beta"" 1] [""malleable"" [""A""]] [""prior"" []] [""cont_tokens"" []] [""A"" 4]]","[[0 [0 1 2 3 4 5 6 7 8 9 11 12 14]] [1 [15 16 17 18 19 20 21 22 23 24 25 26 27 28 29]] [2 [30 31 32 33 34 35 36 37 38 39 40 41 42 43 44]] [3 [45 46 47 48 49 50 52 53 54 55 56 57 58 59]] [4 [60 61 62 63 64 65 66 67 68 69 70 71 72 73 74]] [5 [75 76 77 78 79 81 83 84 85 86 87 88 89]] [6 [90 91 92 93 94 95 96 97 98 99 100 101 102 103 104]] [7 [105 106 107 108 109 110 111 112 113 114 115 116 117 118 119]] [8 [120 121 122 123 124 125 126 127 128 130 131 132 133 134]] [9 [135 136 137 138 142 143 144 145 146 147 149]] [10 [150 151 152 153 154 155 156 157 158 159 160 161 162 163 164]] [11 [165 166 167 168 169 170 171 172 173 174 175 176 177 178 179]] [12 [180 181 182 183 184 185 186 187 188 189 190]] [13 [195 196 197 198 199 200 201 202 203 204 205 206 207 208 209]] [14 [210 211 212 213 214 215 216 217 218 220 221 222 223 224]] [15 [225 226 227 228 229 230 231 232 233 234 235 236 238 239]] [16 [240 241 242 244 245 246 249 250 252 253 254]] [17 [255 256 257 258 259 260 261 262 263 264 265 266 267 268 269]] [18 [271 272 273 274 275 276 277 278 279 280 281 282 283 284]] [19 [285 286 287 288 289 290 291 292 293 294 295 296 297 298 299]] [20 [300 301 302 303 304 305 306 307 308 309 310 311 312 313 314]] [21 [315 316 317 318 319 320 321 322 323 324 325 326 327 328 329]] [22 [330 331 332 333 334 335 336 337 338 339 340 341 342 344]] [23 [345 346 347 348 349 350 351 352 353 354 355 356 357 358 359]] [24 [360 362 363 364 365 366 367 368 369 370 371 372 373 374]] [25 [375 376 377 378 380 383 384 385 386 387 388 389]] [26 [390 391 392 393 394 395 396 397 398 399 400 401 402 403 404]] [27 [405 406 407 408 409 410 411 412 413 414 415 416 417 418 419]] [28 [420 422 423 424 425 427 428 429 430 433 434]] [29 [435 436 437 438 440 441 442 443 444 445 446 448 449]] [30 [450 451 452 453 454 455 456 457 458 459 460 461 462 463 464]] [31 [466 467 468 469 470 471 472 473 474 475 476 477 478 479]] [32 [480 481 482 483 484 485 486 487 489 490 491 492 493 494]] [33 [495 497 498 499 500 501 502 503 504 505 506]] [34 [510 511 512 513 514 515 516 518 519 520 521 522 523 524]] [35 [525 526 527 528 529 530 531 532 533 534 535 536 537 538 539]] [36 [540 541 542 544 545 546 547 548 549 550 551 553 554]] [37 [556 558 559 560 561 562 563 564 565 566 567 568 569]] [38 [570 571 572 573 574 575 576 577 578 580 581 582 583 584]] [39 [585 586 587 588 590 591 592 593 594 595 596 597 598 599]] [40 [600 601 602 603 604 606 607 608 609 610 611 612 613 614]] [41 [615 616 617 618 619 620 621 622 623 624 625 626 627 628 629]] [42 [630 631 632 633 634 635 636 637 638 639 640 641 642 643 644]] [43 [645 646 647 648 649 650 651 652 653 654 655 656 657 658 659]] [44 [660 661 662 663 664 665 666 667 668 669 670 671 672 673 674]] [45 [675 676 677 678 679 680 681 682 683 684 685 686 687 688 689]] [46 [690 693 694 695 696 697 699 702 703 704]] [47 [705 706 707 708 709 710 711 712 713 714 715 716 717 718 719]] [48 [720 722 723 724 725 726 727 728 729 730 731 732 733 734]] [49 [735 736 737 738 739 740 741 742 743 744 745 746 747 748 749]] [50 [750 751 752 753 754 755 756 757 758 759 760 761 762 763 764]] [51 [765 766 767 768 769 770 771 772 773 774 775 776 777 778 779]] [52 [780 781 782 783 784 785 786 787 788 789 790 791 792 793 794]] [53 [795 796 797 798 799 800 801 802 803 804 805 806 807 808 809]] [54 [812 813 814 816 821 822 823 824]] [55 [825 826 827 828 829 830 831 832 833 836 837 838 839]] [56 [840 841 842 843 844 845 848 849 851 852 853 854]] [57 [855 856 857 858 859 860 861 862 863 864 865 866 867 868 869]] [58 [870 871 873 874 875 876 877 879 880 881 882 883 884]] [59 [885 886 887 888 889 890 891 892 893 894 895 897 898]] [60 [901 903 904 905 906 907 908 909 910 911 912 913 914]] [61 [915 916 917 918 919 920 921 922 923 924 925 926 927 928 929]] [62 [931 933 934 936 937 938 939 940 941 942 943 944]] [63 [945 946 947 948 950 952 953 954 955 956 958 959]] [64 [960 961 962 963 964 965 966 967 968 969 970 971 972 973 974]] [65 [975 976 977 978 979 980 981 982 983 984 985 986 987 988 989]] [66 [990 991 992 993 994 995 996 997 998 999 1000 1001 1002 1003 1004]] [67 [1005 1006 1007 1008 1009 1010 1011 1012 1013 1014 1015 1016 1017 1018 1019]] [68 [1020 1021 1022 1023 1024 1030 1031 1032 1034]] [69 [1035 1036 1040 1041 1042 1043 1044 1045 1046 1047 1049]] [70 [1050 1051 1052 1053 1054 1055 1056 1057 1058 1059 1060 1061 1062 1063 1064]] [71 [1065 1066 1067 1068 1069 1070 1072 1073 1074 1076 1078]] [72 [1080 1081 1083 1084 1085 1086 1087 1089 1092 1093 1094]] [73 [1095 1096 1097 1098 1099 1100 1101 1102 1103 1104 1105 1106 1107 1108 1109]] [74 [1110 1111 1112 1113 1114 1115 1116 1117 1118 1119 1120 1121 1122 1123 1124]] [75 [1125 1126 1127 1128 1129 1130 1131 1132 1133 1134 1135 1136 1137 1138 1139]] [76 [1140 1141 1144 1145 1146 1147 1148 1149 1150 1151 1152 1153 1154]] [77 [1155 1156 1157 1158 1159 1160 1161 1162 1163 1164 1165 1166 1167 1168 1169]] [78 [1170 1172 1174 1175 1177 1178 1179 1180 1181 1182 1183 1184]] [79 [1185 1186 1187 1188 1189 1190 1191 1192 1193 1194 1195 1196 1197 1198 1199]] [80 [1200 1201 1202 1203 1204 1205 1206 1207 1208 1209 1210 1211 1212 1213 1214]] [81 [1215 1216 1217 1218 1219 1220 1221 1222 1223 1224 1225 1228 1229]] [82 [1231 1232 1233 1235 1236 1237 1238 1239 1241 1242 1243]] [83 [1246 1247 1248 1250 1251 1252 1253 1254 1255 1256 1257 1258 1259]] [84 [1260 1261 1262 1263 1264 1265 1266 1267 1268 1269 1270 1271 1272 1273 1274]] [85 [1275 1276 1277 1278 1279 1280 1281 1282 1283 1284 1285 1287 1288 1289]] [86 [1290 1291 1292 1293 1294 1295 1296 1297 1298 1299 1300 1301 1302 1303 1304]] [87 [1305 1306 1307 1308 1309 1310 1311 1312 1313 1314 1315 1316 1317 1318 1319]] [88 [1320 1321 1322 1323 1324 1325 1327 1328 1329 1330 1331 1332 1333]] [89 [1335 1336 1337 1338 1339 1340 1341 1342 1343 1347 1348 1349]] [90 [1350 1351 1352 1353 1354 1355 1356 1357 1358 1359 1360 1361 1362 1363 1364]] [91 [1365 1366 1367 1368 1369 1370 1371 1372 1373 1374 1375 1376 1377 1378 1379]] [92 [1380 1381 1382 1383 1384 1385 1386 1387 1388 1389 1390 1391 1392 1393 1394]] [93 [1395 1396 1397 1398 1399 1400 1401 1402 1403 1404 1405 1406 1407 1408 1409]] [94 [1410 1411 1412 1413 1414 1415 1416 1417 1418 1419 1420 1421 1422 1423 1424]] [95 [1425 1427 1428 1430 1432 1434 1437 1438 1439]] [96 [1440 1441 1442 1443 1444 1445 1446 1448 1449 1450 1451 1452 1453 1454]] [97 [1455 1456 1457 1458 1459 1460 1461 1462 1463 1464 1465 1466 1467 1468 1469]] [98 [1470 1471 1472 1473 1474 1475 1476 1477 1478 1479 1480 1481 1482 1483 1484]] [99 [1485 1486 1487 1488 1489 1490 1491 1492 1493 1494 1495 1496 1497 1498 1499]]]","[[0 [4 6 7 14]] [1 [17 19 22 23 25 29]] [2 [31 38 40 41 42 43 44]] [3 [45 46 47 48 49 50 55 57 59]] [4 [60 64 66 68 69 73 74]] [5 [76 77 78 79 81 84 85 86 88 89]] [6 [90 94 95 96 97 100 102 103 104]] [7 [105 106 107 110 114 116 118 119]] [8 [121 123 125 127 128 131 134]] [9 [135 136 137 138 144 145 146 149]] [10 [150 152 154 155 157 158 160 161 163 164]] [11 [167 168 169 175 176 178]] [12 [180 181 182 183 184 187 188 189 190]] [13 [197 198 199 200 201 202 206 208 209]] [14 [211 212 214 215 216 217 218 220 224]] [15 [225 226 228 230 234 235 236 238 239]] [16 [241 242 244 249 250 252 253 254]] [17 [256 257 259 261 264 266]] [18 [271 272 274 275 277 278 280 283]] [19 [285 286 287 291 294 295 296 299]] [20 [302 305 306 308 310 311 312]] [21 [316 317 318 320 321 322 323 324 327]] [22 [330 331 332 339 340 342 344]] [23 [345 346 347 348 349 351 359]] [24 [360 366 367 368 371 372 373 374]] [25 [375 376 378 380 383 384 387 388]] [26 [392 394 395 397 399 401 403]] [27 [406 410 411 412 415 416 417 418 419]] [28 [420 422 423 424 427 428 433 434]] [29 [435 436 437 438 440 441 442 444 446 448 449]] [30 [454 456 458 459 460 462 463 464]] [31 [466 467 468 471 473 475 478]] [32 [480 481 482 483 484 485 486 487 491 492 493 494]] [33 [497 498 499 500 501 502 505 506]] [34 [511 512 514 515 516 518 519 522 523]] [35 [526 527 528 531 534 536 538 539]] [36 [540 541 542 544 549 550 551 553 554]] [37 [556 560 562 563 566 568 569]] [38 [571 574 576 578 580 582 583 584]] [39 [585 586 587 588 591 592 594 596 597]] [40 [600 601 603 604 606 608 609 610 612]] [41 [615 616 617 619 623 625 627 628]] [42 [631 632 633 634 638 640 642]] [43 [647 648 649 653 655 656 659]] [44 [663 664 667 668 670 673 674]] [45 [675 676 677 680 681 685 687 688]] [46 [690 693 694 695 696 697 699 702 703]] [47 [705 707 708 710 711 715 716 719]] [48 [728 730 731 733]] [49 [735 737 740 744 746 747]] [50 [751 752 753 754 755 756 757 759 760 761 763 764]] [51 [765 767 768 772 773 778 779]] [52 [780 784 786 787 791 793]] [53 [795 798 799 804 805 807 808 809]] [54 [812 813 814 816 822 823 824]] [55 [826 827 828 831 832 836 837 839]] [56 [840 842 844 845 848 851 852]] [57 [857 858 862 867 868]] [58 [870 871 874 875 877 882 883 884]] [59 [885 886 888 889 891 892 893 895 897 898]] [60 [901 904 906 908 909 911 912 913]] [61 [915 917 919 921 922 923 925 929]] [62 [931 933 934 936 937 938 939 940 941]] [63 [947 948 950 955 956 959]] [64 [964 966 968 971 972 973]] [65 [976 979 980 981 983 984 987]] [66 [990 992 994 995 996 998 1004]] [67 [1005 1006 1008 1010 1012 1013 1014 1015 1016]] [68 [1020 1021 1022 1023 1024 1030 1031 1034]] [69 [1035 1036 1041 1042 1043 1044 1045 1046 1049]] [70 [1051 1052 1053 1054 1057 1058 1062 1064]] [71 [1065 1066 1070 1072 1074 1076 1078]] [72 [1080 1084 1085 1086 1087 1089 1093]] [73 [1096 1097 1098 1099 1100 1101 1103 1104 1105 1107 1108 1109]] [74 [1110 1111 1113 1114 1117 1120]] [75 [1126 1127 1128 1131 1132 1134 1135 1137]] [76 [1140 1141 1147 1148 1150 1151 1152 1153 1154]] [77 [1155 1157 1159 1160 1161 1162 1166 1168 1169]] [78 [1170 1174 1175 1179 1180 1182 1184]] [79 [1186 1188 1190 1191 1192 1193 1194 1197]] [80 [1203 1204 1205 1206 1208 1210 1211 1212 1213]] [81 [1216 1218 1220 1222 1223 1224 1225 1228 1229]] [82 [1231 1232 1233 1235 1236 1237 1238 1239 1241 1242 1243]] [83 [1246 1248 1251 1252 1253 1254 1255 1256 1257 1258 1259]] [84 [1261 1264 1265 1266 1267 1268 1269 1271]] [85 [1275 1276 1281 1283 1284 1289]] [86 [1291 1294 1296 1297 1299 1301 1302 1303]] [87 [1305 1306 1307 1311 1312 1315 1316 1318 1319]] [88 [1320 1321 1323 1324 1327 1328 1329 1331 1332 1333]] [89 [1336 1337 1338 1341 1342 1343 1347 1349]] [90 [1350 1351 1352 1353 1355 1358 1359 1361 1362 1364]] [91 [1365 1366 1367 1368 1369 1370 1372 1373 1374 1375 1377 1378 1379]] [92 [1380 1382 1383 1386 1387 1391 1392 1394]] [93 [1395 1398 1399 1400 1401 1403 1404 1405 1406 1407 1408]] [94 [1410 1411 1415 1419 1423]] [95 [1425 1428 1430 1432 1438 1439]] [96 [1440 1443 1444 1446 1448 1450 1451 1452 1453]] [97 [1455 1458 1459 1460 1462 1465 1467 1468]] [98 [1471 1472 1475 1476 1477 1478 1482 1483 1484]] [99 [1485 1486 1487 1488 1490 1491 1492 1495 1496 1498 1499]]]",,"[[{citizen 17} [[""A"" [5 3]]]] [{citizen 19} [[""A"" [5 1]]]] [{citizen 22} [[""A"" [3 1]]]] [{citizen 24} [[""A"" [3 1]]]] [{citizen 27} [[""A"" [3 1]]]] [{citizen 36} [[""A"" [5 4]]]] [{citizen 42} [[""A"" [1 1]]]] [{citizen 47} [[""A"" [5 1]]]] [{media 50} [[""A"" [3 3]]]] [{media 52} [[""A"" [0 0]]]] [{media 53} [[""A"" [1 1]]]] [{media 54} [[""A"" [4 4]]]] [{media 55} [[""A"" [3 3]]]] [{media 56} [[""A"" [1 1]]]] [{media 57} [[""A"" [5 5]]]] [{media 58} [[""A"" [1 1]]]] [{media 59} [[""A"" [0 0]]]] [{media 60} [[""A"" [2 2]]]] [{media 61} [[""A"" [3 3]]]] [{media 63} [[""A"" [5 5]]]] [{media 64} [[""A"" [1 1]]]] [{citizen 0} [[""A"" [3 4]]]] [{citizen 3} [[""A"" [1 1]]]] [{citizen 1} [[""A"" [1 4]]]] [{citizen 4} [[""A"" [5 1]]]] [{media 62} [[""A"" [1 1]]]] [{citizen 7} [[""A"" [2 5]]]] [{citizen 32} [[""A"" [5 3]]]] [{citizen 20} [[""A"" [4 4]]]] [{citizen 25} [[""A"" [5 5]]]] [{citizen 35} [[""A"" [1 1]]]] [{citizen 37} [[""A"" [1 4]]]] [{citizen 8} [[""A"" [3 1]]]] [{citizen 9} [[""A"" [1 1]]]] [{citizen 33} [[""A"" [1 1]]]] [{media 51} [[""A"" [4 4]]]] [{citizen 14} [[""A"" [4 4]]]] [{citizen 11} [[""A"" [4 4]]]] [{citizen 5} [[""A"" [5 5]]]] [{citizen 34} [[""A"" [5 3]]]] [{citizen 23} [[""A"" [3 1]]]] [{citizen 38} [[""A"" [4 1]]]] [{citizen 26} [[""A"" [5 4]]]] [{citizen 12} [[""A"" [1 1]]]] [{citizen 13} [[""A"" [5 5]]]] [{citizen 41} [[""A"" [1 1]]]] [{citizen 10} [[""A"" [5 4]]]] [{citizen 31} [[""A"" [1 1]]]] [{citizen 49} [[""A"" [4 5]]]] [{citizen 16} [[""A"" [5 4]]]] [{citizen 18} [[""A"" [4 4]]]] [{citizen 46} [[""A"" [5 3]]]] [{citizen 30} [[""A"" [1 1]]]] [{citizen 2} [[""A"" [1 5]]]] [{citizen 43} [[""A"" [3 4]]]] [{citizen 15} [[""A"" [1 1]]]] [{citizen 45} [[""A"" [2 5]]]] [{citizen 48} [[""A"" [3 5]]]] [{citizen 39} [[""A"" [2 5]]]] [{citizen 28} [[""A"" [5 4]]]] [{citizen 21} [[""A"" [3 5]]]] [{citizen 29} [[""A"" [1 1]]]] [{citizen 44} [[""A"" [3 2]]]] [{citizen 40} [[""A"" [5 4]]]]]"
"7","[85 0 170]","184.09090909090907","-0.14171301211656262","-4.717120742090524","""circle""","""""","9.9","{breed citizens}","false","0.5","1","""up""",,"[[""ID"" 11] [""alpha"" 1] [""beta"" 1] [""malleable"" [""A""]] [""prior"" []] [""cont_tokens"" []] [""A"" 4]]","[[0 [0 1 2 3 4 5 6 7 8 9 10 11 12 13 14]] [1 [15 16 17 18 19 20 21 22 23 24 25 26 27 28]] [2 [30 31 32 33 34 35 36 37 38 39 40 41 42 43 44]] [3 [45 46 47 48 49 50 52 53 54 55 56 57 58 59]] [4 [60 61 62 63 64 65 66 67 68 69 70 71 72 73 74]] [5 [75 76 77 78 79 80 81 82 83 84 85 86 87 88 89]] [6 [90 91 92 93 94 95 96 97 98 99 100 101 102 103 104]] [7 [105 106 107 108 109 110 111 112 113 114 115 116 117 118 119]] [8 [120 121 122 123 124 125 126 127 128 130 131 132 133 134]] [9 [135 136 137 138 142 143 144 145 146 147 149]] [10 [150 151 152 153 154 155 156 157 158 159 160 161 162 163 164]] [11 [165 166 167 168 169 170 171 172 173 174 175 176 177 178 179]] [12 [180 181 182 183 184 185 186 187 188 189 190]] [13 [197 198 199 200 201 202 206 207 208 209]] [14 [210 211 212 213 214 215 216 217 218 220 221 222 223 224]] [15 [225 226 227 228 229 230 231 232 233 234 235 236 238 239]] [16 [240 241 242 244 245 246 249 250 252 253 254]] [17 [255 256 257 258 259 260 261 262 263 264 265 266 267 268 269]] [18 [270 271 272 273 274 275 276 277 278 279 280 281 282 283 284]] [19 [285 286 287 288 289 290 291 292 293 294 295 296 297 298 299]] [20 [300 301 302 303 304 305 306 307 308 309 310 311 312 313 314]] [21 [315 316 317 318 319 320 321 322 323 324 325 326 327 328 329]] [22 [330 331 332 333 334 335 336 337 338 339 340 341 342 343 344]] [23 [346 347 348 349 350 351 352 353 354 355 356 357 358 359]] [24 [361 362 363 364 365 366 367 368 369 370 371 373 374]] [25 [375 376 377 378 380 383 384 385 386 387 388 389]] [26 [390 391 392 393 394 395 396 397 398 399 400 401 402 403 404]] [27 [405 406 407 408 409 410 411 412 413 414 415 416 417 418 419]] [28 [420 422 423 424 425 427 428 429 430 433 434]] [29 [435 436 437 438 440 441 442 443 444 445 446 448 449]] [30 [450 451 452 453 454 455 456 457 458 459 460 461 462 463 464]] [31 [465 466 467 468 469 470 471 472 473 474 475 476 477 478 479]] [32 [480 481 482 483 484 485 486 487 489 490 491 492 493 494]] [33 [495 497 498 499 500 501 502 503 504 505 506]] [34 [510 511 512 513 514 515 516 518 519 520 521 522 523 524]] [35 [526 527 528 529 530 531 532 533 534 535 536 537 538 539]] [36 [540 541 542 544 545 546 547 548 549 550 551 553 554]] [37 [556 558 559 560 561 562 563 564 565 566 567 568 569]] [38 [570 571 572 573 574 575 576 577 578 580 581 582 583 584]] [39 [585 586 587 588 590 591 592 593 594 595 596 597 598 599]] [40 [602 603 604 605 606 607 608 609 610 611 612 613 614]] [41 [615 616 617 618 619 620 621 622 623 624 625 626 627 628 629]] [42 [630 631 632 633 634 635 636 637 638 639 640 641 642 643 644]] [43 [645 646 647 648 649 650 651 652 653 654 655 656 657 658 659]] [44 [660 661 662 663 664 665 666 667 668 669 670 671 672 673 674]] [45 [675 676 677 678 679 680 681 682 683 684 685 686 687 688 689]] [46 [690 693 694 695 696 697 699 702 703 704]] [47 [705 706 707 708 710 711 712 713 714 715 716 717 718 719]] [48 [720 721 722 723 724 725 726 727 728 729 730 731 732 733 734]] [49 [735 736 737 738 739 740 741 742 743 744 745 746 747 748 749]] [50 [750 751 752 753 754 755 756 757 759 760 761 762 763 764]] [51 [765 766 767 768 769 770 771 772 773 774 775 776 777 778 779]] [52 [780 781 782 783 784 785 786 787 788 789 790 791 792 793 794]] [53 [795 796 797 798 799 800 801 802 803 804 805 806 807 808 809]] [54 [811 812 813 814 816 821 822 823 824]] [55 [825 826 827 828 829 830 831 832 833 836 837 838 839]] [56 [840 841 842 843 844 845 848 849 850 851 852 853 854]] [57 [855 856 857 858 859 860 861 862 863 864 865 866 867 868 869]] [58 [870 871 873 874 875 876 877 879 880 881 882 883 884]] [59 [885 886 887 888 889 890 891 892 893 894 895 897 898]] [60 [901 903 904 905 906 907 908 909 910 911 912 913 914]] [61 [915 916 917 918 919 921 922 923 925 926 927 928 929]] [62 [930 931 932 933 934 935 936 937 938 939 940 941 942 943 944]] [63 [945 946 947 948 949 950 951 952 953 954 955 956 957 959]] [64 [960 961 962 963 964 965 966 967 968 969 970 971 972 973 974]] [65 [975 976 977 978 979 980 981 982 983 984 985 986 987 988 989]] [66 [990 991 992 993 994 995 996 997 998 999 1000 1001 1002 1003 1004]] [67 [1005 1006 1007 1008 1009 1010 1011 1012 1013 1014 1015 1016]] [68 [1020 1021 1022 1023 1024 1030 1031 1032 1034]] [69 [1035 1036 1040 1041 1042 1043 1044 1045 1046 1047 1049]] [70 [1050 1051 1052 1053 1054 1055 1056 1057 1058 1059 1060 1061 1062 1063 1064]] [71 [1065 1066 1067 1068 1069 1070 1072 1073 1074 1076 1078]] [72 [1080 1081 1083 1084 1085 1086 1087 1089 1092 1093 1094]] [73 [1095 1096 1097 1098 1099 1100 1101 1102 1103 1104 1105 1106 1107 1108 1109]] [74 [1110 1111 1112 1113 1114 1115 1116 1117 1118 1119 1120 1121 1122 1123 1124]] [75 [1125 1126 1127 1128 1129 1130 1131 1132 1133 1134 1135 1136 1137 1138 1139]] [76 [1140 1141 1142 1143 1144 1145 1146 1147 1148 1149 1150 1151 1152 1153 1154]] [77 [1155 1156 1157 1158 1159 1160 1161 1162 1163 1164 1165 1166 1167 1168 1169]] [78 [1171 1172 1173 1174 1175 1176 1177 1178 1179 1180 1181 1182 1183 1184]] [79 [1186 1188 1189 1190 1191 1192 1193 1194 1195 1196 1197 1198 1199]] [80 [1200 1201 1202 1203 1204 1205 1206 1207 1208 1209 1210 1211 1212 1213 1214]] [81 [1215 1216 1217 1218 1219 1220 1221 1222 1223 1224 1225 1228 1229]] [82 [1231 1232 1233 1235 1236 1237 1238 1239 1241 1242 1243]] [83 [1246 1247 1248 1250 1251 1252 1253 1254 1255 1256 1257 1258 1259]] [84 [1261 1264 1265 1266 1267 1268 1269 1270 1271 1272 1273 1274]] [85 [1275 1276 1277 1278 1279 1280 1281 1282 1283 1284 1285 1286 1287 1288 1289]] [86 [1290 1291 1292 1293 1294 1295 1296 1297 1299 1300 1301 1302 1303 1304]] [87 [1305 1306 1307 1311 1312 1315 1316 1318 1319]] [88 [1320 1321 1322 1323 1324 1325 1326 1327 1328 1329 1330 1331 1332 1333 1334]] [89 [1335 1336 1337 1338 1339 1340 1341 1342 1343 1347 1348 1349]] [90 [1350 1351 1352 1353 1354 1355 1356 1357 1358 1359 1360 1361 1362 1363 1364]] [91 [1365 1366 1367 1368 1369 1370 1371 1372 1373 1374 1375 1376 1377 1378 1379]] [92 [1381 1384 1385 1387 1388 1389 1390 1391 1392 1393 1394]] [93 [1395 1398 1399 1400 1401 1402 1403 1404 1405 1406 1407 1408 1409]] [94 [1410 1411 1412 1413 1414 1415 1416 1417 1418 1419 1420 1421 1422 1423 1424]] [95 [1425 1426 1427 1428 1429 1430 1431 1432 1433 1434 1435 1436 1437 1438 1439]] [96 [1440 1441 1442 1443 1444 1446 1448 1450 1451 1452 1453 1454]] [97 [1455 1456 1457 1458 1459 1460 1461 1462 1463 1464 1465 1466 1467 1468 1469]] [98 [1470 1471 1472 1473 1474 1475 1476 1477 1478 1479 1480 1481 1482 1483 1484]] [99 [1485 1486 1487 1488 1489 1490 1491 1492 1493 1494 1495 1496 1497 1498 1499]]]","[[0 [1 3 5 8 9 10 12]] [1 [15 16 18 19 22 23 25]] [2 [30 33 34 35 36 37 39 44]] [3 [45 47 48 49 50 55 57 59]] [4 [60 64 65 67 70 71 72]] [5 [75 80 82 83 84 85 86 88 89]] [6 [90 94 95 96 97 99 100 101 102 103 104]] [7 [105 106 107 110 114 116 118 119]] [8 [121 123 125 128 131 132 134]] [9 [135 136 137 138 144 145 146 147 149]] [10 [150 152 154 155 156 157 158 159 163 164]] [11 [165 167 170 171 172 173 176 178]] [12 [180 181 182 183 184 185 186 187 188 189 190]] [13 [197 198 199 200 201 202 206 207 208 209]] [14 [211 212 214 215 216 218 220 224]] [15 [225 226 227 229 231 232 233 238 239]] [16 [241 242 245 246 249 250 252 253 254]] [17 [257 258 260 262 263 265 267 269]] [18 [271 272 274 275 278 279 281 282 283]] [19 [285 286 287 291 294 295 296 299]] [20 [302 305 306 309 312]] [21 [315 317 318 320 321 322 323 324 327]] [22 [330 331 332 339 340]] [23 [350 353 354 356 357]] [24 [361 362 363 364 365 368 371 373 374]] [25 [375 376 378 380 383 386 388]] [26 [392 394 395 397 399 401 403]] [27 [406 410 411 412 415 416 418 419]] [28 [420 422 423 424 427 428 433 434]] [29 [435 436 437 438 440 441 442 444 448]] [30 [450 451 452 455 457 461]] [31 [465 469 470 471 473 475 479]] [32 [485 486 487 491 492 493 494]] [33 [495 497 498 499 500 501 502 505]] [34 [510 511 512 514 515 516 519 522 523]] [35 [526 529 530 531 532 533 535 537 538 539]] [36 [540 541 544 548 553 554]] [37 [556 560 561 564 565 567 568 569]] [38 [571 574 576 577 581]] [39 [590 595 598 599]] [40 [602 603 606 609 610 612]] [41 [615 616 617 618 620 621 622 624 626 629]] [42 [632 633 639]] [43 [645 653 657 658 659]] [44 [660 661 662 664 667 668 670 671 672]] [45 [676 677 680 681 686 687 688]] [46 [690 693 694 695 696 697 699 704]] [47 [706 707 708 710 711 715 719]] [48 [720 722 724 725 726 727 729 732 734]] [49 [736 738 739 741 742 743 745 746 748 749]] [50 [750 752 753 754 755 756 757 759 760 761 763 764]] [51 [767 769 771 774 775 776 777 778 779]] [52 [780 784 786 787 788 789 791 793]] [53 [795 796 797 800 801 802 803 805 807 808 809]] [54 [812 813 814 816 822 823 824]] [55 [825 829 830 831 832 833 836 837 839]] [56 [840 842 843 845 848 849 851 852]] [57 [857 858 862 867 868 869]] [58 [870 871 874 875 877 882 883 884]] [59 [887 888 889 891 892 893 895 897 898]] [60 [901 904 906 908 909 911 914]] [61 [916 918 919 921 922 923 925 926 927 928 929]] [62 [931 933 934 936 937 938 939 940 942 943 944]] [63 [945 949 951 952 953 954 956]] [64 [960 961 963 964 965 967 968 970 971 972 973 974]] [65 [975 977 978 979 980 981 983 984 987 988 989]] [66 [990 992 993 995 997 999 1000 1001]] [67 [1007 1009 1011 1012 1013 1014 1015 1016]] [68 [1020 1021 1022 1023 1024 1031 1032 1034]] [69 [1035 1040 1042 1043 1044 1045 1046 1049]] [70 [1051 1052 1053 1054 1058 1061 1062 1064]] [71 [1065 1066 1070 1072 1073 1074 1076 1078]] [72 [1080 1083 1084 1085 1087 1089 1093]] [73 [1096 1097 1098 1099 1102 1105 1107 1109]] [74 [1110 1113 1114 1117 1120]] [75 [1126 1130 1132 1134 1135 1137]] [76 [1140 1141 1144 1145 1146 1149 1154]] [77 [1155 1157 1158 1159 1160 1163 1165 1167]] [78 [1171 1172 1174 1175 1177 1178 1180 1183 1184]] [79 [1186 1189 1191 1192 1193 1194 1197 1198 1199]] [80 [1200 1201 1202 1207 1209 1211 1212 1213]] [81 [1216 1218 1220 1222 1223 1224 1225 1228 1229]] [82 [1231 1232 1237 1238 1239 1241 1242 1243]] [83 [1246 1248 1251 1252 1253 1254 1255 1256 1257 1258 1259]] [84 [1261 1264 1265 1266 1267 1268 1269 1270 1272 1273 1274]] [85 [1277 1278 1279 1281 1283 1284 1287 1288]] [86 [1290 1291 1292 1293 1295 1296 1297 1299 1304]] [87 [1306 1307 1311 1312 1315 1316 1318]] [88 [1320 1321 1325 1329 1331 1332 1333]] [89 [1336 1337 1338 1347 1348]] [90 [1350 1351 1352 1354 1356 1357 1362 1363]] [91 [1366 1367 1368 1369 1370 1371 1373 1374 1375 1377 1378]] [92 [1381 1384 1385 1388 1389 1390 1391 1392 1393 1394]] [93 [1395 1398 1399 1400 1401 1403 1404 1408]] [94 [1410 1411 1414 1415 1416 1417 1418 1422 1424]] [95 [1426 1427 1428 1430 1432 1438]] [96 [1440 1444 1446 1448 1450 1452 1453]] [97 [1455 1458 1459 1460 1462 1465 1467 1468 1469]] [98 [1470 1471 1472 1475 1477 1478 1480 1482 1483 1484]] [99 [1485 1486 1487 1488 1490 1491 1492 1495 1498 1499]]]",,"[[{citizen 13} [[""A"" [4 4]]]] [{citizen 14} [[""A"" [4 4]]]] [{citizen 15} [[""A"" [1 1]]]] [{citizen 19} [[""A"" [5 1]]]] [{citizen 20} [[""A"" [4 4]]]] [{citizen 21} [[""A"" [3 4]]]] [{citizen 22} [[""A"" [0 1]]]] [{citizen 29} [[""A"" [1 1]]]] [{citizen 30} [[""A"" [1 1]]]] [{citizen 34} [[""A"" [2 4]]]] [{citizen 38} [[""A"" [5 1]]]] [{citizen 42} [[""A"" [0 2]]]] [{media 50} [[""A"" [3 3]]]] [{media 51} [[""A"" [4 4]]]] [{media 52} [[""A"" [0 0]]]] [{media 53} [[""A"" [1 1]]]] [{media 54} [[""A"" [4 4]]]] [{media 55} [[""A"" [3 3]]]] [{media 57} [[""A"" [5 5]]]] [{media 58} [[""A"" [1 1]]]] [{media 59} [[""A"" [0 0]]]] [{media 60} [[""A"" [2 2]]]] [{media 61} [[""A"" [3 3]]]] [{media 62} [[""A"" [1 1]]]] [{media 64} [[""A"" [1 1]]]] [{media 56} [[""A"" [1 1]]]] [{citizen 1} [[""A"" [4 4]]]] [{citizen 0} [[""A"" [3 4]]]] [{citizen 5} [[""A"" [5 5]]]] [{media 63} [[""A"" [5 5]]]] [{citizen 4} [[""A"" [2 5]]]] [{citizen 11} [[""A"" [4 4]]]] [{citizen 23} [[""A"" [5 1]]]] [{citizen 26} [[""A"" [5 4]]]] [{citizen 12} [[""A"" [1 4]]]] [{citizen 17} [[""A"" [2 4]]]] [{citizen 45} [[""A"" [3 5]]]] [{citizen 32} [[""A"" [3 5]]]] [{citizen 3} [[""A"" [1 1]]]] [{citizen 41} [[""A"" [1 1]]]] [{citizen 10} [[""A"" [4 4]]]] [{citizen 31} [[""A"" [1 1]]]] [{citizen 6} [[""A"" [4 4]]]] [{citizen 8} [[""A"" [5 1]]]] [{citizen 49} [[""A"" [4 5]]]] [{citizen 16} [[""A"" [5 4]]]] [{citizen 18} [[""A"" [4 4]]]] [{citizen 35} [[""A"" [1 1]]]] [{citizen 46} [[""A"" [5 3]]]] [{citizen 9} [[""A"" [0 1]]]] [{citizen 2} [[""A"" [5 4]]]] [{citizen 48} [[""A"" [5 4]]]] [{citizen 33} [[""A"" [3 1]]]] [{citizen 39} [[""A"" [5 4]]]] [{citizen 37} [[""A"" [5 4]]]] [{citizen 44} [[""A"" [2 3]]]] [{citizen 47} [[""A"" [5 1]]]] [{citizen 27} [[""A"" [5 3]]]] [{citizen 24} [[""A"" [1 4]]]] [{citizen 28} [[""A"" [4 4]]]] [{citizen 25} [[""A"" [5 5]]]] [{citizen 40} [[""A"" [5 4]]]] [{citizen 43} [[""A"" [4 4]]]] [{citizen 36} [[""A"" [4 4]]]]]"
"8","[213 0 42]","208.63636363636363","-2.1277371565929766","-4.3822010264112095","""circle""","""""","9.9","{breed citizens}","false","0.5","1","""up""",,"[[""ID"" 4] [""alpha"" 1] [""beta"" 1] [""malleable"" [""A""]] [""prior"" []] [""cont_tokens"" []] [""A"" 1]]","[[0 [0 1 2 3 4 5 6 7 8 9 11 12 14]] [1 [15 16 17 18 19 20 21 22 23 24 25 26 27 28]] [2 [30 31 32 33 34 35 36 37 38 39 40 41 42 43 44]] [3 [45 46 47 48 49 50 52 53 54 55 56 57 58 59]] [4 [60 61 62 63 64 65 66 67 68 69 70 71 72 73 74]] [5 [76 77 78 79 81 83 84 85 86 87 88 89]] [6 [90 91 92 93 94 95 96 97 98 99 100 101 102 103 104]] [7 [105 106 107 108 109 110 111 112 113 114 115 116 117 118 119]] [8 [120 121 122 123 124 125 126 127 128 130 131 132 133 134]] [9 [135 136 137 138 139 140 141 142 143 144 145 146 147 148 149]] [10 [150 151 152 153 154 155 156 157 158 159 160 161 162 163 164]] [11 [166 167 168 169 174 175 176 177 178 179]] [12 [180 181 182 183 184 185 186 187 188 189 190 191 192 193 194]] [13 [195 196 197 198 199 200 201 202 203 204 205 206 207 208 209]] [14 [210 211 212 213 214 215 216 217 218 219 220 221 222 223 224]] [15 [225 226 227 228 229 230 231 232 233 234 235 236 237 238 239]] [16 [240 241 242 243 244 245 246 247 248 249 250 251 252 253 254]] [17 [255 256 257 258 259 260 261 262 263 264 265 266 267 268 269]] [18 [271 272 273 274 275 276 277 278 279 280 281 282 283 284]] [19 [285 286 287 288 289 290 291 292 293 294 295 296 297 298 299]] [20 [300 301 302 303 304 305 306 308 309 310 311 312 313 314]] [21 [315 316 317 318 319 320 321 322 323 324 325 326 327 328 329]] [22 [330 331 332 333 334 335 336 337 338 339 340 341 342 343 344]] [23 [345 346 347 348 349 351 352 353 354 355 356 357 358 359]] [24 [360 366 367 368 371 372 373 374]] [25 [375 376 377 378 380 383 384 385 386 387 388 389]] [26 [390 391 392 393 394 395 396 397 398 399 400 401 402 403 404]] [27 [405 406 407 408 409 410 411 412 413 414 415 416 417 418 419]] [28 [420 422 423 424 425 427 428 429 430 433 434]] [29 [435 436 437 438 440 441 442 443 444 445 446 448 449]] [30 [450 451 452 453 454 455 456 457 458 459 460 461 462 463 464]] [31 [465 466 467 468 469 470 471 472 473 474 475 476 477 478 479]] [32 [480 481 482 483 484 485 486 487 489 490 491 492 493 494]] [33 [495 497 498 499 500 501 502 503 504 505 506]] [34 [510 511 512 513 514 515 516 518 519 520 521 522 523 524]] [35 [526 527 528 529 530 531 532 533 534 535 536 537 538 539]] [36 [540 541 542 544 545 546 547 548 549 550 551 553 554]] [37 [556 558 559 560 561 562 563 564 565 566 567 568 569]] [38 [570 571 572 573 574 575 576 577 578 580 581 582 583 584]] [39 [585 586 587 588 590 591 592 593 594 595 596 597 598 599]] [40 [600 601 602 603 604 605 606 607 608 609 610 611 612 613 614]] [41 [615 616 617 618 619 620 621 622 623 624 625 626 627 628 629]] [42 [630 631 632 633 634 635 636 637 638 639 640 641 642 643 644]] [43 [645 646 647 648 649 650 651 652 653 654 655 656 657 658 659]] [44 [660 661 662 663 664 665 666 667 668 669 670 671 672 673 674]] [45 [675 676 677 678 679 680 681 682 683 684 685 686 687 688 689]] [46 [690 693 694 695 696 697 699 702 703 704]] [47 [705 706 707 708 710 711 712 713 714 715 716 717 718 719]] [48 [720 722 723 724 725 726 727 728 729 730 731 732 733 734]] [49 [735 736 737 738 739 740 741 742 743 744 745 746 747 748 749]] [50 [750 751 752 753 754 755 756 757 759 760 761 762 763 764]] [51 [765 766 767 768 769 770 771 772 773 774 775 776 777 778 779]] [52 [780 781 782 783 784 785 786 787 788 789 790 791 792 793 794]] [53 [795 796 797 799 800 801 802 803 804 805 807 808 809]] [54 [812 813 814 816 821 822 823 824]] [55 [825 826 827 828 829 830 831 832 833 836 837 838 839]] [56 [840 841 842 843 844 845 846 847 848 849 850 851 852 853 854]] [57 [855 856 857 858 859 860 861 862 863 864 865 866 867 868 869]] [58 [870 871 873 874 875 876 877 879 880 881 882 883 884]] [59 [885 886 888 890 893 894 895 896 897 898 899]] [60 [900 901 902 903 904 905 906 907 908 909 910 911 912 913 914]] [61 [915 916 917 918 919 920 921 922 923 924 925 926 927 928 929]] [62 [931 933 934 936 937 938 939 940 941 942 943 944]] [63 [945 946 947 948 949 950 951 952 953 954 955 956 957 958 959]] [64 [960 961 962 963 964 965 966 967 968 969 970 971 972 973 974]] [65 [975 976 977 978 979 980 981 982 983 984 985 986 987 988 989]] [66 [990 991 992 993 994 995 996 997 998 999 1000 1001 1002 1003 1004]] [67 [1005 1006 1007 1008 1009 1010 1011 1012 1013 1014 1015 1016]] [68 [1020 1021 1022 1023 1024 1030 1031 1032 1034]] [69 [1035 1036 1040 1041 1042 1043 1044 1045 1046 1047 1049]] [70 [1050 1051 1052 1053 1054 1055 1056 1057 1058 1059 1060 1061 1062 1063 1064]] [71 [1065 1066 1067 1068 1069 1070 1071 1072 1073 1074 1075 1076 1077 1078 1079]] [72 [1080 1082 1085 1088 1090 1091 1092 1094]] [73 [1095 1096 1098 1099 1100 1101 1102 1103 1104 1105 1107 1108 1109]] [74 [1110 1111 1112 1113 1114 1115 1116 1117 1118 1119 1120 1121 1122 1123 1124]] [75 [1125 1126 1127 1128 1129 1130 1131 1132 1133 1134 1135 1136 1137 1138 1139]] [76 [1140 1141 1144 1145 1146 1147 1148 1149 1150 1151 1152 1153 1154]] [77 [1155 1156 1157 1158 1159 1160 1161 1162 1163 1164 1165 1166 1167 1168 1169]] [78 [1170 1171 1172 1173 1174 1175 1176 1177 1178 1179 1180 1181 1182 1183 1184]] [79 [1185 1186 1187 1188 1189 1190 1191 1192 1193 1194 1195 1196 1197 1198 1199]] [80 [1200 1201 1202 1205 1206 1207 1208 1209 1210 1211 1212 1213 1214]] [81 [1215 1216 1218 1220 1221 1222 1223 1224 1225 1228 1229]] [82 [1231 1232 1233 1235 1236 1237 1238 1239 1241 1242 1243]] [83 [1246 1248 1250 1251 1252 1253 1254 1255 1256 1257 1258 1259]] [84 [1260 1261 1262 1263 1264 1265 1266 1267 1268 1269 1270 1271 1272 1273 1274]] [85 [1275 1276 1277 1278 1279 1280 1281 1282 1283 1284 1285 1286 1287 1288 1289]] [86 [1290 1291 1292 1293 1294 1295 1296 1297 1298 1299 1300 1301 1302 1303 1304]] [87 [1305 1306 1307 1308 1309 1310 1311 1312 1313 1314 1315 1316 1317 1318 1319]] [88 [1320 1321 1322 1323 1324 1325 1326 1327 1328 1329 1330 1331 1332 1333 1334]] [89 [1335 1336 1337 1338 1339 1340 1341 1342 1343 1347 1348 1349]] [90 [1350 1351 1352 1353 1354 1355 1356 1357 1358 1359 1360 1361 1362 1363 1364]] [91 [1365 1366 1367 1368 1369 1370 1371 1372 1373 1374 1375 1376 1377 1378 1379]] [92 [1380 1381 1382 1383 1386 1387 1389 1390 1391 1392 1393 1394]] [93 [1395 1396 1397 1398 1399 1400 1401 1402 1403 1404 1405 1406 1407 1408 1409]] [94 [1410 1411 1412 1413 1414 1415 1416 1417 1418 1419 1420 1421 1422 1423 1424]] [95 [1425 1426 1427 1428 1430 1432 1434 1437 1438 1439]] [96 [1440 1441 1442 1443 1444 1445 1446 1447 1448 1449 1450 1451 1452 1453 1454]] [97 [1455 1456 1457 1458 1459 1460 1461 1462 1463 1464 1465 1466 1467 1468 1469]] [98 [1470 1471 1472 1473 1474 1475 1476 1477 1478 1479 1480 1481 1482 1483 1484]] [99 [1489 1490 1491 1492 1493 1494 1495 1496 1497 1498 1499]]]","[[0 [0 1 3 5 8 9 11 12]] [1 [15 16 18 19 22 23 24 25]] [2 [30 32 36 38 40 41 42 43 44]] [3 [45 47 48 49 50 55 57 59]] [4 [60 64 66 68 69 73 74]] [5 [76 77 78 79 81 83 84 85 86 88 89]] [6 [90 94 95 96 99]] [7 [108 109 111 112 115 117 119]] [8 [121 123 124 126 127 128 130 133]] [9 [139 140 141 142 143 145 146 149]] [10 [151 152 154 155 156 157 158 159 162]] [11 [166 168 169 175 176 178 179]] [12 [181 182 183 184 187 188 189 190]] [13 [197 198 199 200 201 202 206 207 208]] [14 [210 213 215 216 218 220 224]] [15 [225 227 229 231 232 235 236]] [16 [240 242 245 246 249 250 252 253 254]] [17 [256 257 259 260 261 264 266]] [18 [271 272 274 275 279 281 282 283 284]] [19 [285 286 287 289 290 292 293 297 298]] [20 [300 303 304 306 309 312]] [21 [316 317 319 322 325 326 329]] [22 [333 334 336 337 341 342 343 344]] [23 [345 346 348 349 351 358 359]] [24 [360 366 367 368 371 373 374]] [25 [375 376 377 378 380 383 384 385 387 389]] [26 [390 391 393 396 398 399 401 403 404]] [27 [405 406 410 411 413 414 417 418 419]] [28 [420 422 423 424 427 428 429 430 434]] [29 [435 436 437 438 440 441 442 444 446 448]] [30 [450 451 453 455 457 461 464]] [31 [466 467 468 472 473 475 478 479]] [32 [480 481 482 483 484 486 487 491 492 493 494]] [33 [495 497 498 499 500 501 502 503 504 505 506]] [34 [512 513 516 518 519 522 523]] [35 [526 527 528 534 536 538 539]] [36 [540 541 542 544 546 547 548 550 551 553 554]] [37 [556 560 561 564 565 566 568 569]] [38 [570 571 574 576 578 580 582 583 584]] [39 [585 586 587 588 590 593 595 598 599]] [40 [602 603 606 608 609 610 612]] [41 [615 616 617 618 620 622 624 626 627 628]] [42 [630 631 635 636 637 638 640 642]] [43 [649 650 651 652 654]] [44 [660 661 662 664 667 668 670 672]] [45 [675 677 680 681 686 687 688]] [46 [690 693 694 695 696 697 699 704]] [47 [705 707 708 710 711 715 719]] [48 [720 723 724 725 726 727 729 732 734]] [49 [736 738 739 741 742 743 745 746 747 749]] [50 [750 751 752 753 757 761 763]] [51 [765 767 768 770 771 774 775 776 777]] [52 [781 782 783 785 788 789 792 794]] [53 [796 797 800 801 802 803 805 807 808 809]] [54 [812 813 814 816 822 823 824]] [55 [825 829 830 831 832 836]] [56 [840 842 843 845 848 849 850 851 852 854]] [57 [855 859 860 861 864 865 866 868 869]] [58 [870 871 874 875 877 879 880 881]] [59 [886 888 894 896 899]] [60 [900 902 903 905 906 908 909 910 912 913]] [61 [915 917 919 921 922 923 925 926 927 928 929]] [62 [931 933 934 936 937 938 939 940 943 944]] [63 [945 949 951 952 953 954 955 956 959]] [64 [964 966 968 971 973]] [65 [976 977 978 979 982 985 986 988 989]] [66 [990 992 993 995 996 998 999 1000 1001]] [67 [1007 1009 1011 1012 1013 1014 1015 1016]] [68 [1020 1021 1022 1023 1024 1031 1032 1034]] [69 [1035 1040 1042 1043 1044 1045 1046]] [70 [1050 1053 1054 1058]] [71 [1067 1068 1069 1071 1075 1077 1079]] [72 [1080 1085 1092 1094]] [73 [1096 1098 1099 1100 1101 1103 1104 1105 1107 1108 1109]] [74 [1110 1111 1112 1114 1117 1120 1122]] [75 [1125 1127 1128 1131 1132 1134 1135 1137]] [76 [1140 1141 1144 1148 1150 1151 1152]] [77 [1155 1157 1158 1161 1162 1164 1166 1168 1169]] [78 [1170 1174 1175 1177 1178 1180 1182 1184]] [79 [1186 1188 1190 1191 1192 1195 1196 1198 1199]] [80 [1200 1201 1202 1207 1209 1210 1211 1212 1213]] [81 [1216 1218 1220 1223 1224 1225 1228 1229]] [82 [1231 1232 1233 1235 1236 1237 1238 1239 1241 1242]] [83 [1246 1248 1251 1252 1253 1254 1255]] [84 [1260 1262 1263 1267 1268 1269]] [85 [1275 1276 1281 1283 1284 1287 1288 1289]] [86 [1290 1291 1292 1293 1295 1296 1297 1299 1301 1302 1303]] [87 [1305 1306 1307 1311 1312 1315]] [88 [1322 1323 1324 1327 1328 1329 1331 1332 1333]] [89 [1335 1336 1339 1340 1341 1342 1343 1347 1349]] [90 [1350 1351 1353 1355 1358 1359 1360 1364]] [91 [1365 1367 1368 1369 1370 1372 1376]] [92 [1380 1381 1383 1386 1387 1389 1390]] [93 [1396 1397 1406 1407 1408]] [94 [1410 1411 1415 1419 1423]] [95 [1425 1428 1430 1432 1434 1439]] [96 [1440 1443 1444 1446 1448 1450 1452 1454]] [97 [1456 1457 1459 1460 1462 1465 1467 1468 1469]] [98 [1470 1472 1475 1477 1478 1479 1481]] [99 [1489 1490 1491 1493 1494 1497]]]",,"[[{citizen 9} [[""A"" [3 1]]]] [{citizen 18} [[""A"" [3 4]]]] [{citizen 29} [[""A"" [3 1]]]] [{media 50} [[""A"" [3 3]]]] [{media 52} [[""A"" [0 0]]]] [{media 53} [[""A"" [1 1]]]] [{media 54} [[""A"" [4 4]]]] [{media 55} [[""A"" [3 3]]]] [{media 56} [[""A"" [1 1]]]] [{media 57} [[""A"" [5 5]]]] [{media 58} [[""A"" [1 1]]]] [{media 59} [[""A"" [0 0]]]] [{media 60} [[""A"" [2 2]]]] [{media 61} [[""A"" [3 3]]]] [{media 63} [[""A"" [5 5]]]] [{media 64} [[""A"" [1 1]]]] [{citizen 0} [[""A"" [5 3]]]] [{citizen 3} [[""A"" [3 1]]]] [{citizen 5} [[""A"" [5 3]]]] [{citizen 4} [[""A"" [3 1]]]] [{media 62} [[""A"" [1 1]]]] [{citizen 7} [[""A"" [3 5]]]] [{citizen 19} [[""A"" [1 2]]]] [{citizen 1} [[""A"" [3 4]]]] [{citizen 32} [[""A"" [5 3]]]] [{citizen 48} [[""A"" [2 3]]]] [{citizen 20} [[""A"" [2 2]]]] [{citizen 25} [[""A"" [5 3]]]] [{citizen 35} [[""A"" [1 1]]]] [{citizen 37} [[""A"" [1 3]]]] [{media 51} [[""A"" [4 4]]]] [{citizen 14} [[""A"" [3 4]]]] [{citizen 11} [[""A"" [4 4]]]] [{citizen 13} [[""A"" [3 5]]]] [{citizen 22} [[""A"" [3 3]]]] [{citizen 42} [[""A"" [1 2]]]] [{citizen 41} [[""A"" [3 1]]]] [{citizen 10} [[""A"" [3 5]]]] [{citizen 31} [[""A"" [1 1]]]] [{citizen 6} [[""A"" [3 3]]]] [{citizen 43} [[""A"" [2 3]]]] [{citizen 15} [[""A"" [1 1]]]] [{citizen 46} [[""A"" [3 1]]]] [{citizen 39} [[""A"" [3 3]]]] [{citizen 23} [[""A"" [3 3]]]] [{citizen 38} [[""A"" [3 1]]]] [{citizen 26} [[""A"" [2 3]]]] [{citizen 16} [[""A"" [2 5]]]] [{citizen 49} [[""A"" [1 1]]]] [{citizen 12} [[""A"" [1 3]]]] [{citizen 2} [[""A"" [1 3]]]] [{citizen 33} [[""A"" [3 1]]]] [{citizen 24} [[""A"" [3 1]]]] [{citizen 34} [[""A"" [2 2]]]] [{citizen 21} [[""A"" [2 3]]]] [{citizen 40} [[""A"" [3 3]]]] [{citizen 47} [[""A"" [1 1]]]] [{citizen 30} [[""A"" [1 1]]]] [{citizen 17} [[""A"" [1 2]]]] [{citizen 27} [[""A"" [5 3]]]] [{citizen 28} [[""A"" [5 4]]]] [{citizen 45} [[""A"" [5 3]]]] [{citizen 44} [[""A"" [2 3]]]] [{citizen 36} [[""A"" [5 4]]]]]"
"9","[213 0 42]","106.36363636363637","9.483690310586756","-2.818320778316607","""circle""","""""","9.9","{breed citizens}","false","0.5","1","""up""",,"[[""ID"" 7] [""alpha"" 1] [""beta"" 1] [""malleable"" [""A""]] [""prior"" []] [""cont_tokens"" []] [""A"" 1]]","[[0 [0 1 3 4 5 6 7 8 9 11 12 14]] [1 [15 16 17 18 19 22 23 24 25 26 27 28]] [2 [30 32 33 34 35 36 37 39 40 41 42 43 44]] [3 [45 46 47 48 49 50 52 53 54 55 56 57 58 59]] [4 [60 61 62 63 64 65 66 67 68 69 70 71 72 73 74]] [5 [75 76 77 78 79 80 81 82 83 84 85 86 87 88 89]] [6 [90 91 92 93 94 95 96 97 98 99 100 101 102 103 104]] [7 [105 106 107 108 109 110 111 112 113 114 115 116 117 118 119]] [8 [120 121 122 123 124 125 126 127 128 130 131 132 133 134]] [9 [135 136 137 138 139 140 141 142 143 144 145 146 147 149]] [10 [150 151 152 153 154 155 156 157 158 159 160 161 162 163 164]] [11 [165 166 167 168 169 170 171 172 173 174 175 176 177 178 179]] [12 [180 181 182 183 184 185 186 187 188 189 190 191 192 193 194]] [13 [195 196 197 198 199 200 201 202 203 204 205 206 207 208 209]] [14 [210 211 212 213 214 215 216 217 218 219 220 221 222 223 224]] [15 [225 226 227 228 229 230 231 232 233 234 235 236 238 239]] [16 [240 241 242 244 245 246 249 250 252 253 254]] [17 [255 256 257 258 259 260 261 262 263 264 265 266 267 268 269]] [18 [271 272 273 274 275 276 277 278 279 280 281 282 283 284]] [19 [285 286 287 288 289 290 291 292 293 294 295 296 297 298 299]] [20 [300 301 302 303 304 305 306 308 309 310 311 312 313 314]] [21 [315 316 317 318 319 320 321 322 323 324 325 326 327 328 329]] [22 [330 331 332 333 334 335 336 337 338 339 340 341 342 344]] [23 [346 347 348 349 350 351 352 353 354 355 356 357 358 359]] [24 [361 362 363 364 365 366 367 368 369 370 371 373 374]] [25 [375 376 377 378 380 383 384 385 386 387 388 389]] [26 [390 391 392 393 394 395 396 397 398 399 400 401 402 404]] [27 [405 406 407 408 409 410 411 412 413 414 415 416 417 418 419]] [28 [420 422 423 424 425 427 428 429 430 433 434]] [29 [435 436 437 438 440 441 442 443 444 445 446 448 449]] [30 [450 451 452 453 454 455 456 457 458 459 460 461 462 463 464]] [31 [465 466 467 468 469 470 471 472 473 474 475 476 477 478 479]] [32 [480 481 482 483 484 485 486 487 488 489 490 491 492 493 494]] [33 [495 497 498 499 500 501 502 503 504 505 506]] [34 [510 511 512 513 514 515 516 518 519 520 521 522 523 524]] [35 [526 527 528 529 530 531 532 533 534 535 536 537 538 539]] [36 [540 541 542 544 545 546 547 548 549 550 551 553 554]] [37 [555 556 557 558 559 560 561 562 563 564 565 566 567 568 569]] [38 [570 571 572 573 574 575 576 577 578 580 581 582 583 584]] [39 [585 586 587 588 590 591 592 593 594 595 596 597 598 599]] [40 [600 601 602 603 604 605 606 607 608 609 610 611 612 613 614]] [41 [615 616 617 618 619 620 621 622 623 624 625 626 627 628 629]] [42 [630 631 632 633 634 635 636 637 638 639 640 641 642 643 644]] [43 [645 646 647 648 649 650 651 652 653 654 655 656 657 658 659]] [44 [660 661 662 663 664 665 666 667 668 669 670 671 672 673 674]] [45 [675 676 677 678 679 680 681 682 683 684 685 686 687 688 689]] [46 [690 693 694 695 696 697 699 702 703 704]] [47 [705 706 707 708 710 711 712 713 714 715 716 717 718 719]] [48 [720 721 722 723 724 725 726 727 729 732 734]] [49 [735 736 737 738 739 740 741 742 743 744 745 746 747 748 749]] [50 [750 751 752 753 754 755 756 757 758 759 760 761 762 763 764]] [51 [765 766 767 768 770 771 772 773 774 775 776 777 778 779]] [52 [780 782 783 784 785 786 787 788 789 790 791 793 794]] [53 [795 796 797 798 799 800 801 802 803 804 805 806 807 808 809]] [54 [811 812 813 814 816 821 822 823 824]] [55 [825 826 827 828 829 830 831 832 833 836 837 838 839]] [56 [840 841 842 843 844 845 846 847 848 849 850 851 852]] [57 [855 856 857 858 859 860 861 862 863 864 865 866 867 868 869]] [58 [870 871 873 874 875 876 877 879 880 881 882 883 884]] [59 [885 886 887 888 889 890 891 892 893 894 895 897 898]] [60 [901 903 904 905 906 907 908 909 910 911 912 913 914]] [61 [915 916 917 918 919 920 921 922 923 924 925 926 927 928 929]] [62 [931 933 934 936 937 938 939 940 941 942 943 944]] [63 [945 946 947 948 949 950 951 952 953 954 955 956 957 958 959]] [64 [960 961 962 963 964 965 966 967 968 969 970 971 972 973 974]] [65 [975 976 977 978 979 980 981 982 983 984 985 986 987 988 989]] [66 [990 991 992 993 994 995 996 997 998 999 1000 1001 1002 1003 1004]] [67 [1005 1006 1007 1008 1009 1010 1011 1012 1013 1014 1015 1016 1017 1018 1019]] [68 [1020 1021 1022 1023 1024 1030 1031 1032 1034]] [69 [1035 1036 1040 1041 1042 1043 1044 1045 1046 1047 1049]] [70 [1050 1051 1052 1053 1054 1055 1056 1057 1058 1059 1060 1061 1062 1063 1064]] [71 [1065 1066 1067 1068 1069 1070 1072 1073 1074 1076 1078]] [72 [1080 1081 1083 1084 1085 1086 1087 1089 1092 1093 1094]] [73 [1095 1096 1097 1098 1099 1100 1101 1102 1103 1104 1105 1107 1108 1109]] [74 [1110 1111 1112 1113 1114 1115 1116 1117 1118 1119 1120 1121 1122 1123 1124]] [75 [1125 1126 1127 1128 1129 1130 1131 1132 1133 1134 1135 1136 1137 1138 1139]] [76 [1140 1141 1144 1145 1146 1147 1148 1149 1150 1151 1152 1153 1154]] [77 [1155 1156 1157 1158 1159 1160 1161 1162 1163 1164 1165 1166 1167 1168 1169]] [78 [1170 1172 1174 1175 1177 1178 1179 1180 1181 1182 1183 1184]] [79 [1185 1186 1187 1188 1189 1190 1191 1192 1193 1194 1195 1196 1197 1198 1199]] [80 [1200 1201 1202 1205 1207 1209 1210 1211 1212 1213 1214]] [81 [1215 1216 1217 1218 1219 1220 1221 1222 1223 1224 1225 1226 1227 1228 1229]] [82 [1231 1232 1233 1235 1236 1237 1238 1239 1241 1242 1243]] [83 [1246 1247 1248 1250 1251 1252 1253 1254 1255 1256 1257 1258 1259]] [84 [1260 1261 1262 1263 1264 1265 1266 1267 1268 1269 1270 1271 1272 1273 1274]] [85 [1275 1276 1277 1278 1279 1280 1281 1282 1283 1284 1285 1286 1287 1288 1289]] [86 [1290 1291 1292 1293 1294 1295 1296 1297 1298 1299 1300 1301 1302 1303 1304]] [87 [1305 1306 1307 1308 1309 1310 1311 1312 1313 1314 1315 1316 1317 1318 1319]] [88 [1320 1321 1322 1323 1324 1325 1326 1327 1328 1329 1330 1331 1332 1333 1334]] [89 [1335 1336 1337 1338 1339 1340 1341 1342 1343 1347 1348 1349]] [90 [1350 1351 1352 1353 1354 1355 1356 1357 1358 1359 1360 1361 1362 1363 1364]] [91 [1365 1366 1367 1368 1369 1370 1371 1372 1373 1374 1375 1376 1377 1378 1379]] [92 [1380 1381 1382 1383 1384 1385 1386 1387 1388 1389 1390 1391 1392 1393 1394]] [93 [1395 1396 1397 1398 1399 1400 1401 1402 1403 1404 1405 1406 1407 1408 1409]] [94 [1410 1411 1412 1413 1414 1415 1416 1417 1418 1419 1420 1421 1422 1423 1424]] [95 [1425 1426 1427 1428 1429 1430 1431 1432 1433 1434 1435 1436 1437 1438 1439]] [96 [1440 1441 1442 1443 1444 1445 1446 1447 1448 1449 1450 1451 1452 1453 1454]] [97 [1455 1456 1457 1458 1459 1460 1461 1462 1463 1464 1465 1466 1467 1468 1469]] [98 [1470 1471 1472 1473 1474 1475 1476 1477 1478 1479 1480 1481 1482 1483 1484]] [99 [1485 1486 1487 1488 1489 1490 1491 1492 1493 1494 1495 1496 1497 1498 1499]]]","[[0 [0 1 3 4 5 8 9 12]] [1 [15 16 18 19 22 23 25 26 27 28]] [2 [30 32 33 34 35 36 39 42 43 44]] [3 [45 46 48 49 50 55 57 58]] [4 [61 62 63 64 65 67 70 71 72]] [5 [75 76 77 78 79 81 84 87]] [6 [91 92 93 98 102 103 104]] [7 [105 106 107 110 114 116 118 119]] [8 [121 123 124 126 127 128 131 132 134]] [9 [135 136 137 138 143 144 145 146 149]] [10 [150 151 152 154 155 156 157 158 160 161 163 164]] [11 [165 167 170 171 172 173 176 178 179]] [12 [180 183 184 185 186 187 188 189 190]] [13 [197 198 200 201 202 206 207 208]] [14 [210 213 216 217 218 220 224]] [15 [225 227 229 231 233 238 239]] [16 [241 242 245 246 249 250 252 253 254]] [17 [256 257 259 261 264 266]] [18 [271 272 274 275 278 279 281 282 283 284]] [19 [285 286 287 289 290 293 297 298]] [20 [300 301 302 305 306 308 310 311 313 314]] [21 [315 317 318 320 321 322 323 324 327]] [22 [330 331 333 334 335 338 339 340]] [23 [346 348 349 351 352 353 354 356 357]] [24 [362 363 364 365 366 367 368 371 373 374]] [25 [375 376 377 380 383 384 385]] [26 [390 391 393 396 398 400 402 404]] [27 [405 409 412 415 416 417 418 419]] [28 [420 422 423 425 427 428 429 430 433 434]] [29 [435 436 437 438 440 441 442 444 448 449]] [30 [454 456 458 459 460 462 463]] [31 [466 467 468 471 473 474 477 478]] [32 [480 481 482 483 484 485 486 487 491 492 493 494]] [33 [495 497 498 499 500 502 503 504 505 506]] [34 [511 512 514 515 516 518 519 522 523]] [35 [526 529 530 531 532 533 535 537 539]] [36 [540 541 544 546 547 548 549 550 551 553 554]] [37 [556 560 561 564 565 566 568 569]] [38 [571 574 576 577 581]] [39 [590 593 594 596 597]] [40 [600 601 602 603 606 608 609 610 612]] [41 [615 616 617 619 623 625 627 628]] [42 [630 632 633 634 639 641 642]] [43 [645 653 655 656 657 658 659]] [44 [660 662 664 667 668 670 671 672 673 674]] [45 [675 677 679 682 683 684 685 686 687 688]] [46 [690 693 694 695 696 697 699 703 704]] [47 [706 708 712 713 714 716 717 718]] [48 [721 722 724 725 726 727 729 732 734]] [49 [736 738 739 741 742 743 745 746 747]] [50 [751 752 753 754 755 756 757 762]] [51 [766 768 772 773 779]] [52 [780 784 786 787 793]] [53 [795 799 806 807 808 809]] [54 [812 813 814 816 822 823 824]] [55 [825 829 830 832 836 838]] [56 [841 842 843 845 848 851]] [57 [855 856 859 860 861 863 864 865 866 867 868 869]] [58 [870 871 873 875 877 882 883 884]] [59 [885 886 887 888 894 895 897 898]] [60 [901 904 905 906 908 909 911 912 913]] [61 [915 917 919 921 922 923 925 929]] [62 [931 933 934 936 937 938 939 940 941]] [63 [947 948 950 955 956 957]] [64 [960 961 963 964 966 968 971 972 973]] [65 [976 977 978 979 982 985 986 987 988 989]] [66 [990 992 994 995 997 998 1004]] [67 [1005 1006 1007 1009 1011 1012 1013 1014 1015 1016]] [68 [1020 1021 1022 1023 1024 1031 1032 1034]] [69 [1035 1036 1041 1042 1043 1044 1045 1046 1047 1049]] [70 [1051 1052 1053 1054 1057 1059 1060 1063 1064]] [71 [1065 1066 1070 1072 1073 1074 1076 1078]] [72 [1081 1083 1084 1085 1086 1087 1089 1092 1094]] [73 [1096 1097 1098 1099 1100 1101 1103 1104 1105 1107 1109]] [74 [1110 1111 1113 1114 1117 1120]] [75 [1126 1128 1131 1134 1135 1137]] [76 [1140 1141 1147 1148 1150 1151 1152 1154]] [77 [1155 1156 1157 1159 1160 1161 1162 1164 1166 1168 1169]] [78 [1170 1172 1174 1175 1177 1178 1180 1182]] [79 [1185 1187 1188 1190 1193 1194 1196 1198 1199]] [80 [1200 1201 1202 1207 1209 1210 1214]] [81 [1215 1217 1219 1221 1222 1223 1224 1225 1228 1229]] [82 [1231 1232 1235 1236 1239 1241 1242 1243]] [83 [1246 1248 1251 1252 1253 1254 1255]] [84 [1260 1262 1263 1266 1267 1268 1269 1271]] [85 [1275 1278 1279 1281 1283 1284 1289]] [86 [1290 1291 1292 1293 1295 1296 1297 1299 1301 1302 1303]] [87 [1305 1306 1307 1311 1312 1315 1318]] [88 [1320 1321 1324 1325 1327 1328 1329 1330 1331 1332 1333]] [89 [1335 1336 1339 1340 1341 1342 1343 1347 1349]] [90 [1350 1352 1353 1355 1358 1359 1360 1361 1362 1363]] [91 [1366 1367 1368 1369 1370 1371 1373 1379]] [92 [1381 1385 1388 1389 1390]] [93 [1396 1397 1406 1407 1408]] [94 [1410 1411 1414 1415 1420 1421 1422 1424]] [95 [1426 1427 1428 1430 1432 1437 1439]] [96 [1440 1444 1446 1448 1450 1451 1452 1454]] [97 [1456 1457 1459 1460 1462 1465 1467 1468]] [98 [1473 1474 1476 1477 1478 1480 1482 1483 1484]] [99 [1485 1486 1487 1488 1489 1490 1491 1493 1494 1497]]]",,"[[{citizen 44} [[""A"" [2 3]]]] [{media 50} [[""A"" [3 3]]]] [{media 54} [[""A"" [4 4]]]] [{media 55} [[""A"" [3 3]]]] [{media 56} [[""A"" [1 1]]]] [{media 57} [[""A"" [5 5]]]] [{media 59} [[""A"" [0 0]]]] [{media 63} [[""A"" [5 5]]]] [{media 60} [[""A"" [2 2]]]] [{citizen 0} [[""A"" [4 3]]]] [{citizen 3} [[""A"" [1 1]]]] [{citizen 8} [[""A"" [2 1]]]] [{media 53} [[""A"" [1 1]]]] [{media 52} [[""A"" [0 0]]]] [{citizen 4} [[""A"" [3 1]]]] [{media 58} [[""A"" [1 1]]]] [{media 64} [[""A"" [1 1]]]] [{citizen 1} [[""A"" [1 4]]]] [{media 62} [[""A"" [1 1]]]] [{citizen 7} [[""A"" [3 5]]]] [{citizen 19} [[""A"" [5 1]]]] [{citizen 32} [[""A"" [5 3]]]] [{citizen 48} [[""A"" [3 4]]]] [{citizen 20} [[""A"" [2 4]]]] [{citizen 25} [[""A"" [2 5]]]] [{citizen 35} [[""A"" [1 1]]]] [{citizen 37} [[""A"" [3 4]]]] [{media 51} [[""A"" [4 4]]]] [{citizen 14} [[""A"" [4 4]]]] [{citizen 11} [[""A"" [5 4]]]] [{citizen 5} [[""A"" [2 5]]]] [{citizen 34} [[""A"" [3 2]]]] [{citizen 23} [[""A"" [3 1]]]] [{citizen 13} [[""A"" [2 3]]]] [{citizen 22} [[""A"" [3 1]]]] [{citizen 42} [[""A"" [2 1]]]] [{citizen 41} [[""A"" [1 1]]]] [{citizen 10} [[""A"" [2 3]]]] [{citizen 31} [[""A"" [1 1]]]] [{citizen 6} [[""A"" [3 4]]]] [{citizen 43} [[""A"" [5 3]]]] [{citizen 15} [[""A"" [1 1]]]] [{citizen 46} [[""A"" [3 3]]]] [{citizen 18} [[""A"" [3 4]]]] [{citizen 39} [[""A"" [5 3]]]] [{media 61} [[""A"" [3 3]]]] [{citizen 26} [[""A"" [2 4]]]] [{citizen 38} [[""A"" [2 1]]]] [{citizen 49} [[""A"" [2 5]]]] [{citizen 12} [[""A"" [3 4]]]] [{citizen 17} [[""A"" [2 3]]]] [{citizen 16} [[""A"" [5 2]]]] [{citizen 2} [[""A"" [1 5]]]] [{citizen 33} [[""A"" [3 1]]]] [{citizen 24} [[""A"" [2 1]]]] [{citizen 21} [[""A"" [2 3]]]] [{citizen 40} [[""A"" [5 3]]]] [{citizen 30} [[""A"" [1 1]]]] [{citizen 29} [[""A"" [3 1]]]] [{citizen 47} [[""A"" [2 1]]]] [{citizen 27} [[""A"" [3 1]]]] [{citizen 45} [[""A"" [3 3]]]] [{citizen 28} [[""A"" [5 5]]]] [{citizen 36} [[""A"" [5 4]]]]]"
"10","[85 0 170]","25.71428571428571","4.199696183555629","7.761146050887537","""circle""","""""","9.9","{breed citizens}","false","0.5","1","""up""",,"[[""ID"" 17] [""alpha"" 1] [""beta"" 1] [""malleable"" [""A""]] [""prior"" []] [""cont_tokens"" []] [""A"" 4]]","[[0 [0 1 2 4 5 6 7 8 11 12]] [1 [15 16 17 18 19 22 23 24 25 26 27 28]] [2 [30 32 33 34 35 36 37 38 39 40 41 42 43 44]] [3 [45 46 47 48 49 50 51 52 53 54 55 56 57 58 59]] [4 [60 61 62 63 64 65 66 67 68 69 70 71 72 73 74]] [5 [76 77 78 79 81 83 84 85 86 87 88 89]] [6 [90 91 92 93 94 95 96 97 98 99 100 101 102 103 104]] [7 [105 106 107 108 109 110 111 112 113 114 115 116 117 118 119]] [8 [120 121 122 123 124 125 126 127 128 130 131 132 133 134]] [9 [135 136 137 138 139 140 141 142 143 144 145 146 147 148 149]] [10 [150 151 152 153 154 155 156 157 158 159 160 161 162 163 164]] [11 [165 166 167 168 169 170 171 172 173 174 175 176 177 178 179]] [12 [180 181 182 183 184 185 186 187 188 189 190 191 192 193 194]] [13 [197 198 199 200 201 202 204 206 207 208 209]] [14 [210 211 212 213 214 215 216 217 218 220 221 222 223 224]] [15 [225 226 227 228 229 230 231 232 233 234 235 236 237 238 239]] [16 [240 241 242 244 245 246 249 250 252 253 254]] [17 [255 256 257 258 259 260 261 262 263 264 265 266 267 268 269]] [18 [271 272 273 274 275 276 277 278 279 280 281 282 283 284]] [19 [285 286 287 288 289 290 291 292 293 294 295 296 297 298 299]] [20 [300 301 302 303 304 305 306 308 309 310 311 312 313 314]] [21 [315 316 317 318 319 320 321 322 323 324 325 326 327 328 329]] [22 [330 331 332 333 334 335 336 337 338 339 340 341 342 344]] [23 [346 347 348 349 350 351 352 353 354 355 356 357 358 359]] [24 [361 362 363 364 365 366 367 368 369 370 371 373 374]] [25 [375 376 377 378 379 380 381 382 383 384 385 386 387 388 389]] [26 [390 391 393 394 395 396 398 399 400 402 404]] [27 [405 406 407 408 409 410 411 412 413 414 415 416 417 418 419]] [28 [420 422 423 424 425 427 428 429 430 433 434]] [29 [435 436 437 438 440 441 442 443 444 445 446 448 449]] [30 [450 451 452 453 454 455 456 457 458 459 460 461 462 463 464]] [31 [465 466 467 468 469 470 471 472 473 474 475 476 477 478 479]] [32 [480 481 482 483 484 485 486 487 489 490 491 492 493 494]] [33 [495 497 498 499 500 501 502 503 504 505 506]] [34 [510 511 512 513 514 515 516 518 519 520 521 522 523 524]] [35 [525 526 527 528 529 530 531 532 533 534 535 536 537 538 539]] [36 [540 541 542 544 545 546 547 548 549 550 551 553 554]] [37 [556 558 559 560 561 562 563 564 565 566 567 568 569]] [38 [570 571 572 573 574 575 576 577 578 580 581 582 583 584]] [39 [585 586 587 588 590 591 592 593 594 595 596 597 598 599]] [40 [600 601 602 603 604 606 607 608 609 610 611 612 613 614]] [41 [615 616 617 618 619 620 621 622 623 624 625 626 627 628 629]] [42 [630 631 632 633 634 635 636 637 638 639 640 641 642 643 644]] [43 [645 646 647 648 649 650 651 652 653 654 655 656 657 658 659]] [44 [660 661 662 663 664 665 666 667 668 669 670 671 672 673 674]] [45 [675 676 677 678 679 680 681 682 683 684 685 686 687 688 689]] [46 [690 693 694 695 696 697 699 702 703 704]] [47 [705 706 707 708 710 711 712 713 714 715 716 717 718 719]] [48 [720 722 723 724 725 726 727 728 729 730 731 732 733 734]] [49 [735 736 737 738 739 740 741 742 743 744 745 746 747 748 749]] [50 [750 751 752 753 754 755 756 757 758 759 760 761 762 763 764]] [51 [765 766 767 768 769 770 771 772 773 774 775 776 777 778 779]] [52 [780 781 782 783 784 785 786 787 788 789 790 791 792 793 794]] [53 [795 796 797 798 799 800 801 802 803 804 805 807 808 809]] [54 [812 813 814 816 821 822 823 824]] [55 [825 826 827 828 829 830 831 832 833 836 837 838 839]] [56 [840 841 842 843 844 845 846 847 848 849 850 851 852 853 854]] [57 [855 856 857 858 859 860 861 862 863 864 865 866 867 868 869]] [58 [870 871 873 874 875 876 877 879 880 881 882 883 884]] [59 [885 886 887 888 889 890 891 892 893 894 895 897 898]] [60 [901 903 904 905 906 907 908 909 910 911 912 913 914]] [61 [915 916 917 918 919 921 922 923 925 926 927 928 929]] [62 [930 931 932 933 934 935 936 937 938 939 940 941 942 943 944]] [63 [945 946 947 948 949 950 951 952 953 954 955 956 957 959]] [64 [960 961 962 963 964 965 966 967 968 969 970 971 972 973 974]] [65 [975 976 977 978 979 980 981 982 983 984 985 986 987 988 989]] [66 [990 991 992 993 994 995 996 997 998 999 1000 1001 1002 1003 1004]] [67 [1005 1006 1007 1008 1009 1010 1011 1012 1013 1014 1015 1016 1017 1018 1019]] [68 [1020 1021 1022 1023 1024 1030 1031 1032 1034]] [69 [1035 1036 1040 1041 1042 1043 1044 1045 1046 1047 1049]] [70 [1050 1051 1052 1053 1054 1055 1056 1057 1058 1059 1060 1061 1062 1063 1064]] [71 [1065 1066 1067 1068 1069 1070 1072 1073 1074 1076 1078]] [72 [1080 1081 1083 1084 1085 1086 1087 1089 1092 1093 1094]] [73 [1096 1097 1098 1099 1100 1101 1102 1103 1104 1105 1106 1107 1108 1109]] [74 [1110 1111 1112 1113 1114 1115 1116 1117 1118 1119 1120 1121 1122 1123 1124]] [75 [1125 1126 1127 1128 1129 1130 1131 1132 1133 1134 1135 1136 1137 1138 1139]] [76 [1140 1141 1144 1145 1146 1147 1148 1149 1150 1151 1152 1153 1154]] [77 [1155 1156 1157 1158 1159 1160 1161 1162 1163 1164 1165 1166 1167 1168 1169]] [78 [1170 1171 1172 1173 1174 1175 1176 1177 1178 1179 1180 1181 1182 1183 1184]] [79 [1185 1186 1187 1188 1189 1190 1191 1192 1193 1194 1195 1196 1197 1198 1199]] [80 [1200 1201 1202 1205 1207 1209 1210 1211 1212 1213 1214]] [81 [1215 1216 1217 1218 1219 1220 1221 1222 1223 1224 1225 1228 1229]] [82 [1231 1232 1233 1235 1236 1237 1238 1239 1241 1242 1243]] [83 [1246 1247 1248 1250 1251 1252 1253 1254 1255 1256 1257 1258 1259]] [84 [1260 1261 1262 1263 1264 1265 1266 1267 1268 1269 1270 1271 1272 1273 1274]] [85 [1275 1276 1277 1278 1279 1280 1281 1282 1283 1284 1285 1286 1287 1288 1289]] [86 [1290 1291 1292 1293 1294 1295 1296 1297 1298 1299 1300 1301 1302 1303 1304]] [87 [1305 1306 1307 1308 1309 1310 1311 1312 1313 1314 1315 1316 1317 1318 1319]] [88 [1320 1321 1322 1323 1324 1325 1326 1327 1328 1329 1330 1331 1332 1333 1334]] [89 [1335 1336 1337 1338 1339 1340 1341 1342 1343 1347 1348 1349]] [90 [1350 1351 1352 1353 1354 1355 1356 1357 1358 1359 1360 1361 1362 1363 1364]] [91 [1365 1366 1367 1368 1369 1370 1371 1372 1373 1374 1375 1376 1377 1378 1379]] [92 [1380 1381 1382 1383 1384 1385 1386 1387 1388 1389 1390 1391 1392 1393 1394]] [93 [1395 1396 1397 1398 1399 1400 1401 1402 1403 1404 1405 1406 1407 1408 1409]] [94 [1410 1411 1412 1413 1414 1415 1416 1417 1418 1419 1420 1421 1422 1423 1424]] [95 [1425 1426 1427 1428 1430 1432 1434 1437 1438 1439]] [96 [1440 1443 1444 1446 1448 1450 1451 1452 1453 1454]] [97 [1455 1456 1457 1458 1459 1460 1461 1462 1463 1464 1465 1466 1467 1468 1469]] [98 [1470 1471 1472 1473 1474 1475 1476 1477 1478 1479 1480 1481 1482 1483 1484]] [99 [1485 1486 1487 1488 1489 1490 1491 1492 1493 1494 1495 1496 1497 1498 1499]]]","[[0 [0 1 5 8 12]] [1 [15 16 18 19 22 23 25 26 27 28]] [2 [30 32 33 34 35 36 39 42 43]] [3 [45 46 47 48 49 50 55 57 58]] [4 [62 63 65 66 68 69 73 74]] [5 [76 77 78 79 81 83 84 85 86 88 89]] [6 [90 94 95 96 97 100 102 103 104]] [7 [105 106 107 110 114 116 118 119]] [8 [121 122 124 126 127 128 131 132 134]] [9 [135 136 137 138 144 145 146 147]] [10 [153 156 157 158 160 161 163 164]] [11 [167 170 171 172 173 176 178 179]] [12 [180 182 183 184 188 189]] [13 [197 198 200 201 202 206 208 209]] [14 [211 212 214 216 217 218 220 224]] [15 [225 226 227 229 231 233 238 239]] [16 [240 244 249 250 252 253 254]] [17 [257 259 261 264 266 269]] [18 [271 272 274 275 279 281 282 283]] [19 [285 286 287 289 290 292 293 297 298]] [20 [300 301 302 306 309 312]] [21 [315 316 317 319 323 324 327]] [22 [330 331 332 335 337 338 339 340]] [23 [346 347 348 349 351 352 353 355 356 357]] [24 [361 362 363 364 365 370]] [25 [379 381 382 384 385]] [26 [390 391 393 396 402 404]] [27 [405 407 408 409 412 415 416 418 419]] [28 [420 422 423 424 427 428 429 430 434]] [29 [435 436 437 438 440 441 442 444 448]] [30 [450 451 452 455 457 461 464]] [31 [466 467 468 472 473 475 479]] [32 [485 486 487 491 492 493 494]] [33 [497 498 499 500 501 502 503 504 505 506]] [34 [511 512 514 515 516 519 522 523]] [35 [526 529 530 532 533 535 537 539]] [36 [540 541 544 549 550 551 553 554]] [37 [556 558 562 563 566 568 569]] [38 [570 572 573 575 576 578 580 582 583 584]] [39 [585 586 587 588 591 592 594 596 597]] [40 [600 601 603 606 608 613 614]] [41 [618 620 621 624 626 629]] [42 [630 632 633 634 638 640 641 642 643 644]] [43 [646 647 648 650 651 652 654]] [44 [660 661 662 664 667 668 670 672 673 674]] [45 [675 676 677 678 680 681 685 687 688]] [46 [690 693 694 695 696 697 699 703 704]] [47 [706 708 710 711 715 716 719]] [48 [720 723 724 725 726 727 729 732 734]] [49 [736 738 739 741 742 743 745 746 747]] [50 [750 753 757 759 760 761 763 764]] [51 [765 769 771 774 775 776 777]] [52 [781 783 785 788 789 791 793 794]] [53 [795 799 808 809]] [54 [812 813 814 816 822 823 824]] [55 [825 829 830 831 832 836 838]] [56 [841 844 845 848 849 851 852]] [57 [855 856 859 860 861 863 864 866 867 868 869]] [58 [870 871 874 875 877 882 883 884]] [59 [885 886 887 889 891 892 893 895 897 898]] [60 [901 903 905 907 911 914]] [61 [916 918 919 921 922 923 925 926 927 928 929]] [62 [931 933 934 936 937 938 939 940 942 943 944]] [63 [945 949 951 952 953 954 955 956 957]] [64 [960 961 963 964 965 967 968 969 972 973 974]] [65 [975 977 978 979 980 981 983 984 987 988 989]] [66 [990 991 993 996 998 1002 1003 1004]] [67 [1005 1006 1008 1010 1012 1013 1014 1015 1016]] [68 [1020 1021 1022 1023 1024 1031 1034]] [69 [1035 1040 1042 1043 1044 1045 1046 1049]] [70 [1051 1052 1055 1056 1057 1058 1061 1062 1064]] [71 [1066 1070 1074 1076 1078]] [72 [1081 1083 1084 1085 1086 1087 1089 1093]] [73 [1096 1097 1098 1099 1100 1101 1104 1105 1107 1108 1109]] [74 [1110 1115 1116 1118 1119 1121 1122]] [75 [1125 1127 1128 1131 1134 1135 1137]] [76 [1140 1141 1144 1145 1146 1149 1153 1154]] [77 [1155 1156 1157 1158 1159 1160 1161 1162 1166 1168 1169]] [78 [1170 1172 1174 1175 1177 1179 1180 1183 1184]] [79 [1186 1188 1189 1191 1192 1193 1196 1198 1199]] [80 [1200 1201 1202 1205 1207 1209 1211 1212 1213]] [81 [1216 1218 1220 1222 1223 1224 1225 1228 1229]] [82 [1231 1232 1235 1236 1238 1239 1241 1242 1243]] [83 [1246 1248 1251 1252 1253 1254 1255]] [84 [1260 1262 1263 1267 1268 1269 1272 1273 1274]] [85 [1277 1278 1280 1282 1285 1286 1287 1288 1289]] [86 [1292 1293 1295 1296 1297 1299 1303]] [87 [1305 1306 1307 1311 1312 1315 1316 1318]] [88 [1321 1325 1328 1329 1330 1331 1332]] [89 [1335 1336 1339 1340 1341 1342 1343 1347 1348]] [90 [1351 1352 1354 1356 1357 1363]] [91 [1371 1373 1374 1375 1377 1378]] [92 [1384 1385 1388 1389 1390 1391 1392 1393 1394]] [93 [1395 1398 1399 1400 1401 1403 1404 1405 1406 1407 1408]] [94 [1410 1411 1419 1421 1423]] [95 [1425 1427 1428 1430 1432 1438]] [96 [1440 1444 1446 1448 1450 1451 1452 1454]] [97 [1456 1457 1459 1460 1462 1465 1467 1468]] [98 [1471 1472 1475 1477 1478 1480 1482 1483 1484]] [99 [1485 1487 1488 1489 1490 1491 1492 1495 1498 1499]]]",,"[[{citizen 20} [[""A"" [4 4]]]] [{citizen 26} [[""A"" [5 4]]]] [{citizen 28} [[""A"" [4 4]]]] [{citizen 31} [[""A"" [1 1]]]] [{media 55} [[""A"" [3 3]]]] [{media 56} [[""A"" [1 1]]]] [{media 57} [[""A"" [5 5]]]] [{media 63} [[""A"" [5 5]]]] [{media 60} [[""A"" [2 2]]]] [{citizen 0} [[""A"" [4 1]]]] [{media 61} [[""A"" [3 3]]]] [{media 50} [[""A"" [3 3]]]] [{media 52} [[""A"" [0 0]]]] [{citizen 3} [[""A"" [1 1]]]] [{media 59} [[""A"" [0 0]]]] [{media 64} [[""A"" [1 1]]]] [{citizen 1} [[""A"" [1 4]]]] [{media 62} [[""A"" [1 1]]]] [{citizen 7} [[""A"" [5 5]]]] [{citizen 19} [[""A"" [5 1]]]] [{citizen 32} [[""A"" [3 1]]]] [{citizen 48} [[""A"" [5 4]]]] [{citizen 27} [[""A"" [5 3]]]] [{citizen 41} [[""A"" [1 1]]]] [{citizen 25} [[""A"" [1 5]]]] [{citizen 35} [[""A"" [1 1]]]] [{citizen 37} [[""A"" [5 4]]]] [{citizen 8} [[""A"" [3 1]]]] [{citizen 9} [[""A"" [3 1]]]] [{citizen 33} [[""A"" [1 1]]]] [{media 51} [[""A"" [4 4]]]] [{citizen 14} [[""A"" [4 4]]]] [{citizen 11} [[""A"" [4 4]]]] [{citizen 5} [[""A"" [5 5]]]] [{citizen 34} [[""A"" [3 3]]]] [{citizen 23} [[""A"" [3 1]]]] [{citizen 38} [[""A"" [5 1]]]] [{citizen 4} [[""A"" [5 1]]]] [{citizen 12} [[""A"" [3 4]]]] [{citizen 17} [[""A"" [1 3]]]] [{citizen 45} [[""A"" [5 3]]]] [{citizen 15} [[""A"" [1 1]]]] [{citizen 13} [[""A"" [5 4]]]] [{citizen 22} [[""A"" [3 1]]]] [{citizen 42} [[""A"" [2 1]]]] [{citizen 49} [[""A"" [3 2]]]] [{citizen 16} [[""A"" [5 4]]]] [{citizen 18} [[""A"" [4 4]]]] [{citizen 46} [[""A"" [5 3]]]] [{citizen 30} [[""A"" [1 1]]]] [{citizen 2} [[""A"" [5 4]]]] [{citizen 24} [[""A"" [3 1]]]] [{citizen 6} [[""A"" [3 4]]]] [{citizen 21} [[""A"" [5 4]]]] [{citizen 40} [[""A"" [5 4]]]] [{citizen 43} [[""A"" [5 3]]]] [{media 53} [[""A"" [1 1]]]] [{media 58} [[""A"" [1 1]]]] [{citizen 39} [[""A"" [2 5]]]] [{citizen 47} [[""A"" [5 1]]]] [{citizen 29} [[""A"" [1 1]]]] [{citizen 44} [[""A"" [2 5]]]] [{media 54} [[""A"" [4 4]]]] [{citizen 36} [[""A"" [5 4]]]]]"
"11","[85 0 170]","220.9090909090909","-2.7632708714897425","-3.4269315226097916","""circle""","""""","9.9","{breed citizens}","false","0.5","1","""up""",,"[[""ID"" 18] [""alpha"" 1] [""beta"" 1] [""malleable"" [""A""]] [""prior"" []] [""cont_tokens"" []] [""A"" 4]]","[[0 [0 1 2 3 4 5 6 7 8 9 10 11 12 13 14]] [1 [15 16 17 18 19 20 21 22 23 24 25 26 27 28 29]] [2 [30 31 32 33 34 35 36 37 38 39 40 41 42 43 44]] [3 [45 46 47 48 49 50 52 53 54 55 56 57 58 59]] [4 [60 61 62 63 64 65 66 67 68 69 70 71 72 73 74]] [5 [75 76 77 78 79 81 83 84 85 86 87 88 89]] [6 [90 91 92 93 94 95 96 97 98 99 100 101 102 103 104]] [7 [105 106 107 108 109 111 112 113 115 116 117 118 119]] [8 [120 121 122 123 124 125 126 127 128 130 131 132 133 134]] [9 [135 136 137 138 142 143 144 145 146 147 149]] [10 [150 151 152 153 154 155 156 157 158 159 160 161 162 163 164]] [11 [165 166 167 168 169 170 171 172 173 174 175 176 177 178 179]] [12 [180 181 182 183 184 185 186 187 188 189 190]] [13 [195 196 197 198 199 200 201 202 203 204 205 206 207 208 209]] [14 [210 211 212 213 214 215 216 217 218 219 220 221 222 223 224]] [15 [225 226 227 228 229 230 231 232 233 234 235 236 237 238 239]] [16 [240 243 244 245 246 247 248 249 250 251 252 253 254]] [17 [255 256 257 258 259 260 261 262 263 264 265 266 267 268 269]] [18 [270 271 272 273 274 275 276 277 278 279 280 281 282 283 284]] [19 [285 286 287 288 289 290 291 292 293 294 295 296 297 298 299]] [20 [300 301 302 305 306 307 308 309 310 311 312 313 314]] [21 [315 316 317 318 319 320 321 322 323 324 325 326 327 328 329]] [22 [330 331 332 333 334 335 336 337 338 339 340 341 342 343 344]] [23 [345 346 347 348 349 350 351 352 353 354 355 356 357 358 359]] [24 [361 362 363 364 365 366 367 368 369 370 371 373 374]] [25 [379 381 382 384 385 387 388 389]] [26 [390 391 392 393 394 395 396 398 399 400 401 402 403 404]] [27 [405 407 408 409 412 415 416 417 418 419]] [28 [420 422 423 424 425 427 428 429 430 433 434]] [29 [435 436 437 438 440 441 442 443 444 445 446 448 449]] [30 [450 451 452 453 454 455 456 457 458 459 460 461 462 463 464]] [31 [465 466 467 468 469 470 471 472 473 474 475 476 477 478 479]] [32 [480 481 482 483 484 485 486 487 488 489 490 491 492 493 494]] [33 [495 496 497 498 499 500 501 502 503 504 505 506 507 508 509]] [34 [510 511 512 513 514 515 516 518 519 520 521 522 523 524]] [35 [526 527 528 529 530 531 532 533 534 535 536 537 538 539]] [36 [540 541 542 544 545 546 547 548 549 550 551 553 554]] [37 [556 558 559 560 561 562 563 564 565 566 567 568 569]] [38 [570 571 572 573 574 575 576 577 578 580 581 582 583 584]] [39 [585 586 587 588 589 590 591 592 593 594 595 596 597 598 599]] [40 [600 601 602 603 604 605 606 607 608 609 610 611 612 613 614]] [41 [615 616 617 618 619 620 621 622 623 624 625 626 627 628 629]] [42 [630 631 632 633 634 635 636 637 638 639 640 641 642 643 644]] [43 [645 646 647 648 649 650 651 652 654 655 656 657 658 659]] [44 [660 661 662 663 664 665 666 667 668 669 670 671 672 673 674]] [45 [675 676 677 678 679 680 681 682 683 684 685 686 687 688 689]] [46 [690 691 692 693 694 695 696 697 698 699 700 701 702 703 704]] [47 [705 706 707 708 710 711 712 713 714 715 716 717 718 719]] [48 [720 721 722 723 724 725 726 727 728 729 730 731 732 733 734]] [49 [736 738 739 741 742 743 745 746 747 748 749]] [50 [750 751 752 753 754 755 756 757 759 760 761 762 763 764]] [51 [765 766 767 768 769 770 771 772 773 774 775 776 777 778 779]] [52 [780 782 783 784 785 786 787 788 789 790 791 793 794]] [53 [795 796 797 799 800 801 802 803 804 805 806 807 808 809]] [54 [812 813 814 816 821 822 823 824]] [55 [825 826 827 828 829 830 831 832 833 836 837 838 839]] [56 [841 842 843 844 845 846 847 848 849 850 851 852 853 854]] [57 [855 856 857 858 859 860 861 862 863 864 865 866 867 868 869]] [58 [870 871 873 874 875 876 877 879 880 881 882 883 884]] [59 [885 886 887 888 889 890 891 892 893 894 895 896 897 898 899]] [60 [900 901 902 903 904 905 906 907 908 909 910 911 912 913 914]] [61 [915 917 919 920 921 922 923 924 925 926 927 928 929]] [62 [930 931 932 933 934 935 936 937 938 939 940 941 942 943 944]] [63 [945 946 947 948 949 950 951 952 953 954 955 956 957 959]] [64 [960 961 962 963 964 965 966 967 968 969 970 971 972 973 974]] [65 [975 976 977 978 979 980 981 982 983 984 985 986 987 988 989]] [66 [990 991 992 993 994 995 996 997 998 999 1000 1001 1002 1003 1004]] [67 [1005 1006 1007 1008 1009 1010 1011 1012 1013 1014 1015 1016 1017 1018 1019]] [68 [1020 1021 1022 1023 1024 1030 1031 1032 1034]] [69 [1035 1036 1040 1041 1042 1043 1044 1045 1046 1047 1049]] [70 [1050 1051 1052 1053 1054 1055 1056 1057 1058 1059 1060 1061 1062 1063 1064]] [71 [1065 1066 1067 1068 1069 1070 1071 1072 1073 1074 1075 1076 1077 1078 1079]] [72 [1080 1081 1083 1084 1085 1086 1087 1089 1092 1093 1094]] [73 [1095 1096 1097 1098 1099 1100 1101 1102 1103 1104 1105 1106 1107 1108 1109]] [74 [1110 1111 1112 1113 1114 1115 1116 1117 1118 1119 1120 1121 1122 1123 1124]] [75 [1126 1127 1128 1129 1130 1131 1132 1133 1134 1135 1136 1137 1138 1139]] [76 [1140 1141 1142 1143 1144 1145 1146 1147 1148 1149 1150 1151 1152 1153 1154]] [77 [1155 1156 1157 1158 1159 1160 1161 1162 1163 1164 1165 1166 1167 1168 1169]] [78 [1170 1171 1172 1173 1174 1175 1176 1177 1178 1179 1180 1181 1182 1183 1184]] [79 [1185 1186 1187 1188 1189 1190 1191 1192 1193 1194 1195 1196 1197 1198 1199]] [80 [1200 1201 1202 1205 1207 1209 1210 1211 1212 1213 1214]] [81 [1215 1216 1217 1218 1219 1220 1221 1222 1223 1224 1225 1228 1229]] [82 [1231 1232 1233 1235 1236 1237 1238 1239 1241 1242 1243]] [83 [1246 1247 1248 1250 1251 1252 1253 1254 1255 1256 1257 1258 1259]] [84 [1260 1261 1262 1263 1264 1265 1266 1267 1268 1269 1270 1271 1272 1273 1274]] [85 [1275 1276 1277 1278 1279 1280 1281 1282 1283 1284 1285 1286 1287 1288 1289]] [86 [1290 1291 1292 1293 1294 1295 1296 1297 1299 1300 1301 1302 1303 1304]] [87 [1305 1306 1307 1308 1309 1310 1311 1312 1313 1314 1315 1316 1317 1318 1319]] [88 [1320 1321 1322 1323 1324 1325 1326 1327 1328 1329 1330 1331 1332 1333 1334]] [89 [1335 1336 1337 1338 1339 1340 1341 1342 1343 1347 1348 1349]] [90 [1350 1351 1352 1353 1354 1355 1356 1357 1358 1359 1360 1361 1362 1363 1364]] [91 [1365 1366 1367 1368 1369 1370 1371 1372 1373 1374 1375 1376 1377 1378 1379]] [92 [1380 1381 1382 1383 1384 1385 1386 1387 1388 1389 1390 1391 1392 1393 1394]] [93 [1395 1396 1397 1398 1399 1400 1401 1402 1403 1404 1405 1406 1407 1408 1409]] [94 [1410 1411 1412 1413 1414 1415 1416 1417 1418 1419 1420 1421 1422 1423 1424]] [95 [1425 1427 1428 1430 1432 1434 1437 1438 1439]] [96 [1440 1441 1442 1443 1444 1445 1446 1447 1448 1449 1450 1451 1452 1453 1454]] [97 [1455 1456 1457 1458 1459 1460 1461 1462 1463 1464 1465 1466 1467 1468 1469]] [98 [1470 1471 1472 1473 1474 1475 1476 1477 1478 1479 1480 1481 1482 1483 1484]] [99 [1485 1486 1487 1488 1489 1490 1491 1492 1493 1494 1495 1496 1497 1498 1499]]]","[[0 [0 1 3 4 6 7 11 13 14]] [1 [17 20 21 22 23 25 27 28]] [2 [30 33 34 35 36 39 44]] [3 [45 47 48 50 54 56]] [4 [65 66 68 69 73 74]] [5 [76 77 78 79 81 84 85 86 88 89]] [6 [90 94 95 96 99]] [7 [108 109 111 112 117 119]] [8 [121 123 125 127 128 131 132 134]] [9 [135 136 137 138 142 143 144 145 146 149]] [10 [150 151 152 154 155 156 157 158 160 161 163 164]] [11 [165 170 171 172 173 176 178]] [12 [180 182 183 184 187 188 189 190]] [13 [197 198 199 200 201 202 206 207 208]] [14 [210 213 217 218 221 223]] [15 [226 228 230 234 235 236 237]] [16 [240 244 245 246 249 250 252 253 254]] [17 [256 257 259 260 262 263 265 267 269]] [18 [272 274 275 278 279 281 282 283]] [19 [288 289 290 292 294 295 296 299]] [20 [302 305 306 309 312]] [21 [316 317 318 320 321 322 324 327 328]] [22 [330 331 332 339 340]] [23 [350 352 353 355 356 357]] [24 [362 363 364 365 369 370]] [25 [379 381 382 384 385 389]] [26 [391 393 396]] [27 [407 408 409 412 415 416 417 418 419]] [28 [420 422 423 424 427 428 433 434]] [29 [435 436 437 438 440 441 442 444 446 448]] [30 [450 451 453 457 461]] [31 [465 469 470 471 472 473 474 476 477 478]] [32 [480 481 482 483 484 488 489 490]] [33 [496 502 503 504 505 506]] [34 [511 512 515 516 519 522 523]] [35 [526 529 530 532 533 535 537 538 539]] [36 [540 541 544 546 547 548 550 551 553 554]] [37 [556 558 560 561 564 565 567 569]] [38 [570 572 573 577 580 582 583]] [39 [585 586 587 588 590 595 598 599]] [40 [602 603 606 609 610 612]] [41 [615 616 617 618 620 621 622 624 626 629]] [42 [632 633 634 639 642 643 644]] [43 [646 647 648 650 651 652 654]] [44 [660 661 662 664 667 668 670 673 674]] [45 [675 677 678 680 681 685 689]] [46 [691 692 694 695 696 697 699 703 704]] [47 [706 708 712 713 714 717 718]] [48 [721 722 724 725 726 727 729 732 734]] [49 [736 738 739 741 742 743 745 746 748 749]] [50 [750 751 752 753 756 757 761 763 764]] [51 [765 769 771 774 775 777 778 779]] [52 [780 783 785 788 789 790 791 793 794]] [53 [795 796 797 801 802 803 805 807 808 809]] [54 [812 814 816 822 823 824]] [55 [825 827 828 838]] [56 [841 844 845 848 851 853 854]] [57 [855 856 859 860 861 863 864 865 866 867 868 869]] [58 [870 871 873 875 877 879 880 881]] [59 [886 888 890 894 895 897 898]] [60 [901 903 905 907 909 911 912 913]] [61 [915 917 919 921 922 923 925 926 927 928 929]] [62 [931 933 934 936 937 942 943 944]] [63 [945 946 947 948 950 955 959]] [64 [962 964 966 968 969 972 973]] [65 [976 977 978 979 982 985 986 987 988]] [66 [990 992 994 995 996 998 1002 1003 1004]] [67 [1005 1006 1007 1009 1011 1012 1013 1014 1015 1016]] [68 [1020 1021 1022 1023 1024 1030 1031 1034]] [69 [1035 1040 1042 1043 1044 1045 1046]] [70 [1050 1052 1053 1054 1058 1061 1062]] [71 [1065 1066 1070 1072 1073 1074 1076 1078]] [72 [1081 1083 1084 1085 1087 1089 1093]] [73 [1096 1097 1098 1099 1102 1103 1104 1105 1107 1109]] [74 [1110 1113 1114 1117 1120]] [75 [1129 1130 1132 1134 1135 1137]] [76 [1140 1141 1144 1147 1148 1150 1151 1152 1154]] [77 [1155 1157 1158 1161 1162 1164 1166 1168 1169]] [78 [1170 1174 1175 1179 1180 1182]] [79 [1188 1190 1191 1192 1193 1197 1198 1199]] [80 [1200 1201 1202 1207 1209 1211 1212 1213]] [81 [1216 1218 1220 1221 1222 1223 1224 1225 1228 1229]] [82 [1231 1232 1233 1235 1236 1237 1238 1239 1241 1242 1243]] [83 [1246 1248 1251 1252 1253 1254 1255 1256 1257 1258 1259]] [84 [1261 1265 1266 1267 1268 1269 1270 1272 1273 1274]] [85 [1277 1278 1279 1281 1283 1284 1287 1288]] [86 [1290 1291 1292 1293 1295 1296 1297 1299 1303]] [87 [1305 1306 1307 1311 1312 1315 1318]] [88 [1321 1324 1327 1328 1329 1330 1331 1332 1333]] [89 [1335 1336 1339 1340 1343 1347 1349]] [90 [1350 1352 1353 1355 1358 1359 1361 1364]] [91 [1365 1366 1371 1372 1373 1375 1378 1379]] [92 [1381 1383 1386 1387 1391 1392 1393 1394]] [93 [1395 1398 1400 1401 1404 1408]] [94 [1410 1411 1414 1415 1417 1418 1420 1421 1423]] [95 [1425 1428 1430 1432 1434 1437 1439]] [96 [1441 1442 1445 1447 1449 1450 1452 1454]] [97 [1456 1457 1459 1460 1462 1465 1467 1468]] [98 [1471 1472 1475 1476 1477 1478 1479 1481]] [99 [1492 1495 1498 1499]]]",,"[[{citizen 14} [[""A"" [3 4]]]] [{citizen 18} [[""A"" [5 3]]]] [{citizen 27} [[""A"" [5 3]]]] [{citizen 32} [[""A"" [5 3]]]] [{citizen 42} [[""A"" [0 2]]]] [{citizen 43} [[""A"" [5 3]]]] [{media 51} [[""A"" [4 4]]]] [{media 52} [[""A"" [0 0]]]] [{media 53} [[""A"" [1 1]]]] [{media 58} [[""A"" [1 1]]]] [{media 60} [[""A"" [2 2]]]] [{media 61} [[""A"" [3 3]]]] [{media 62} [[""A"" [1 1]]]] [{media 64} [[""A"" [1 1]]]] [{citizen 0} [[""A"" [5 3]]]] [{citizen 3} [[""A"" [3 1]]]] [{media 56} [[""A"" [1 1]]]] [{citizen 5} [[""A"" [5 3]]]] [{media 50} [[""A"" [3 3]]]] [{media 63} [[""A"" [5 5]]]] [{media 57} [[""A"" [5 5]]]] [{media 59} [[""A"" [0 0]]]] [{media 55} [[""A"" [3 3]]]] [{citizen 4} [[""A"" [3 1]]]] [{media 54} [[""A"" [4 4]]]] [{citizen 7} [[""A"" [5 5]]]] [{citizen 19} [[""A"" [5 3]]]] [{citizen 1} [[""A"" [3 4]]]] [{citizen 20} [[""A"" [3 3]]]] [{citizen 25} [[""A"" [5 3]]]] [{citizen 35} [[""A"" [1 1]]]] [{citizen 37} [[""A"" [3 5]]]] [{citizen 8} [[""A"" [1 1]]]] [{citizen 9} [[""A"" [3 1]]]] [{citizen 33} [[""A"" [3 1]]]] [{citizen 13} [[""A"" [5 5]]]] [{citizen 22} [[""A"" [3 3]]]] [{citizen 41} [[""A"" [3 1]]]] [{citizen 10} [[""A"" [5 5]]]] [{citizen 31} [[""A"" [1 1]]]] [{citizen 6} [[""A"" [5 3]]]] [{citizen 23} [[""A"" [1 3]]]] [{citizen 38} [[""A"" [2 3]]]] [{citizen 26} [[""A"" [3 5]]]] [{citizen 49} [[""A"" [3 1]]]] [{citizen 12} [[""A"" [1 3]]]] [{citizen 17} [[""A"" [3 2]]]] [{citizen 15} [[""A"" [1 1]]]] [{citizen 16} [[""A"" [2 5]]]] [{citizen 2} [[""A"" [3 5]]]] [{citizen 48} [[""A"" [3 5]]]] [{citizen 24} [[""A"" [1 3]]]] [{citizen 39} [[""A"" [5 3]]]] [{citizen 30} [[""A"" [1 1]]]] [{citizen 29} [[""A"" [3 1]]]] [{citizen 47} [[""A"" [2 1]]]] [{citizen 34} [[""A"" [3 2]]]] [{citizen 21} [[""A"" [3 5]]]] [{citizen 46} [[""A"" [3 3]]]] [{citizen 28} [[""A"" [3 4]]]] [{citizen 40} [[""A"" [5 3]]]] [{citizen 45} [[""A"" [5 3]]]] [{citizen 44} [[""A"" [3 5]]]] [{citizen 36} [[""A"" [5 4]]]]]"
"12","[85 0 170]","241.36363636363637","-3.857871637233495","-1.9882486816172191","""circle""","""""","9.9","{breed citizens}","false","0.5","1","""up""",,"[[""ID"" 49] [""alpha"" 1] [""beta"" 1] [""malleable"" [""A""]] [""prior"" []] [""cont_tokens"" []] [""A"" 4]]","[[0 [0 1 2 3 4 5 6 7 8 9 10 11 12 13 14]] [1 [15 16 17 18 19 20 21 22 23 24 25 26 27 28 29]] [2 [30 32 33 34 35 36 37 39 40 41 42 43 44]] [3 [45 46 47 48 49 50 52 53 54 55 56 57 58 59]] [4 [60 61 62 63 64 65 66 67 68 69 70 71 72 73 74]] [5 [75 76 77 78 79 81 83 84 85 86 87 88 89]] [6 [90 91 92 93 94 95 96 97 98 99 100 101 102 103 104]] [7 [105 106 107 108 109 110 111 112 113 114 115 116 117 118 119]] [8 [120 121 122 123 124 125 126 127 128 130 131 132 133 134]] [9 [135 136 137 138 142 143 144 145 146 147 149]] [10 [150 151 152 153 154 155 156 157 158 159 160 161 162 163 164]] [11 [165 166 167 168 169 170 171 172 173 174 175 176 177 178 179]] [12 [180 181 182 183 184 185 186 187 188 189 190]] [13 [197 198 199 200 201 202 206 207 208 209]] [14 [210 211 212 213 214 215 216 217 218 220 221 222 223 224]] [15 [225 226 227 228 229 230 231 232 233 234 235 236 238 239]] [16 [240 241 242 244 245 246 249 250 252 253 254]] [17 [255 256 257 258 259 260 261 262 263 264 265 266 267 268 269]] [18 [271 272 273 274 275 276 277 278 279 280 281 282 283 284]] [19 [285 286 287 288 289 290 291 292 293 294 295 296 297 298 299]] [20 [300 301 302 303 304 305 306 308 309 310 311 312 313 314]] [21 [315 316 317 318 319 320 321 322 323 324 325 326 327 328 329]] [22 [330 331 332 333 334 335 336 337 338 339 340 341 342 344]] [23 [346 347 348 349 350 351 352 353 354 355 356 357 358 359]] [24 [361 362 363 364 365 366 367 368 369 370 371 373 374]] [25 [375 376 377 378 380 383 384 385 386 387 388 389]] [26 [390 391 392 393 394 395 396 397 398 399 400 401 402 403 404]] [27 [405 406 407 408 409 410 411 412 413 414 415 416 417 418 419]] [28 [420 422 423 424 425 427 428 429 430 433 434]] [29 [435 436 437 438 440 441 442 443 444 445 446 448 449]] [30 [450 451 452 453 454 455 456 457 458 459 460 461 462 463 464]] [31 [466 467 468 470 471 472 473 474 475 476 477 478 479]] [32 [480 481 482 483 484 485 486 487 489 490 491 492 493 494]] [33 [495 497 498 499 500 501 502 503 504 505 506]] [34 [510 511 512 513 514 515 516 518 519 520 521 522 523 524]] [35 [525 526 527 528 529 530 531 532 533 534 535 536 537 538 539]] [36 [540 541 542 544 545 546 547 548 549 550 551 553 554]] [37 [556 558 559 560 561 562 563 564 565 566 567 568 569]] [38 [570 571 572 573 574 575 576 577 578 580 581 582 583 584]] [39 [585 586 587 588 589 590 591 592 593 594 595 596 597 598 599]] [40 [600 601 602 603 604 605 606 607 608 609 610 611 612 613 614]] [41 [615 616 617 618 619 620 621 622 623 624 625 626 627 628 629]] [42 [630 631 632 633 634 635 636 637 638 639 640 641 642 643 644]] [43 [646 647 648 649 650 651 652 654 655 656 657 658 659]] [44 [660 661 662 663 664 665 666 667 668 669 670 671 672 673 674]] [45 [675 676 677 678 679 680 681 682 683 684 685 686 687 688 689]] [46 [690 693 694 695 696 697 699 702 703 704]] [47 [705 706 707 708 710 711 712 713 714 715 716 717 718 719]] [48 [720 722 723 724 725 726 727 728 729 730 731 732 733 734]] [49 [736 738 739 741 742 743 745 746 747 748 749]] [50 [750 751 752 753 754 755 756 757 759 760 761 762 763 764]] [51 [765 766 767 768 769 770 771 772 773 774 775 776 777 778 779]] [52 [780 782 783 784 785 786 787 788 789 790 791 793 794]] [53 [795 796 797 798 799 800 801 802 803 804 805 806 807 808 809]] [54 [811 812 813 814 816 821 822 823 824]] [55 [825 826 827 828 829 830 831 832 833 836 837 838 839]] [56 [840 841 842 843 844 845 848 849 850 851 852 853 854]] [57 [855 856 857 858 859 860 861 862 863 864 865 866 867 868 869]] [58 [870 871 873 874 875 876 877 879 880 881 882 883 884]] [59 [885 886 887 888 889 890 891 892 893 894 895 897 898]] [60 [901 903 904 905 906 907 908 909 910 911 912 913 914]] [61 [915 916 917 918 919 920 921 922 923 924 925 926 927 928 929]] [62 [930 931 932 933 934 935 936 937 938 939 940 941 942 943 944]] [63 [946 947 948 950 955 958 959]] [64 [960 961 962 963 964 965 966 967 968 969 970 971 972 973 974]] [65 [975 976 977 978 979 980 981 982 983 984 985 986 987 988 989]] [66 [990 991 992 993 994 995 996 997 998 999 1000 1001 1002 1003 1004]] [67 [1007 1009 1010 1011 1012 1013 1014 1015 1016]] [68 [1020 1021 1022 1023 1024 1030 1031 1032 1034]] [69 [1035 1036 1040 1041 1042 1043 1044 1045 1046 1047 1049]] [70 [1050 1051 1052 1053 1054 1055 1056 1057 1058 1059 1060 1061 1062 1063 1064]] [71 [1065 1066 1067 1068 1069 1070 1071 1072 1073 1074 1075 1076 1077 1078 1079]] [72 [1080 1081 1083 1084 1085 1086 1087 1089 1092 1093 1094]] [73 [1095 1096 1097 1098 1099 1100 1101 1102 1103 1104 1105 1106 1107 1108 1109]] [74 [1110 1111 1112 1113 1114 1115 1116 1117 1118 1119 1120 1121 1122 1123 1124]] [75 [1125 1126 1127 1128 1129 1130 1131 1132 1133 1134 1135 1136 1137 1138 1139]] [76 [1140 1141 1142 1144 1145 1146 1147 1148 1149 1150 1151 1152 1153 1154]] [77 [1155 1156 1157 1158 1159 1160 1161 1162 1163 1164 1165 1166 1167 1168 1169]] [78 [1170 1171 1172 1174 1175 1177 1178 1179 1180 1181 1182 1183 1184]] [79 [1185 1186 1187 1188 1189 1190 1191 1192 1193 1194 1195 1196 1197 1198 1199]] [80 [1200 1201 1202 1205 1207 1209 1210 1211 1212 1213 1214]] [81 [1215 1216 1217 1218 1219 1220 1221 1222 1223 1224 1225 1228 1229]] [82 [1231 1232 1233 1235 1236 1237 1238 1239 1241 1242 1243]] [83 [1246 1247 1248 1250 1251 1252 1253 1254 1255 1256 1257 1258 1259]] [84 [1261 1264 1265 1266 1267 1268 1269 1270 1271 1272 1273 1274]] [85 [1275 1276 1277 1278 1279 1280 1281 1282 1283 1284 1285 1286 1287 1288 1289]] [86 [1290 1291 1292 1293 1294 1295 1296 1297 1298 1299 1300 1301 1302 1303 1304]] [87 [1305 1306 1307 1308 1309 1310 1311 1312 1313 1314 1315 1316 1317 1318 1319]] [88 [1320 1321 1322 1323 1324 1325 1326 1327 1328 1329 1330 1331 1332 1333 1334]] [89 [1335 1336 1337 1338 1339 1340 1341 1342 1343 1347 1348 1349]] [90 [1350 1351 1352 1353 1354 1355 1356 1357 1358 1359 1360 1361 1362 1363 1364]] [91 [1365 1366 1367 1368 1369 1370 1371 1372 1373 1374 1375 1376 1377 1378 1379]] [92 [1381 1383 1384 1385 1386 1387 1388 1389 1390 1391 1392 1393 1394]] [93 [1396 1397 1401 1402 1403 1404 1405 1406 1407 1408 1409]] [94 [1410 1411 1412 1413 1414 1415 1416 1417 1418 1419 1420 1421 1422 1423 1424]] [95 [1425 1427 1428 1430 1432 1434 1437 1438 1439]] [96 [1440 1441 1442 1443 1444 1445 1446 1447 1448 1449 1450 1451 1452 1453 1454]] [97 [1455 1456 1457 1458 1459 1460 1461 1462 1463 1464 1465 1466 1467 1468 1469]] [98 [1470 1471 1472 1473 1474 1475 1476 1477 1478 1479 1480 1481 1482 1483 1484]] [99 [1485 1486 1487 1488 1489 1490 1491 1492 1493 1494 1495 1496 1497 1498 1499]]]","[[0 [1 3 4 7 13 14]] [1 [17 20 21 22 23 24 26 27 28]] [2 [30 32 35 36 37 39 44]] [3 [45 47 48 49 50 54 57 59]] [4 [60 61 62 63 64 66 68 69 73 74]] [5 [76 77 78 79 81 84 85 86 88 89]] [6 [90 91 92 93 98 101 102 103 104]] [7 [105 106 107 108 109 111 112 117 119]] [8 [121 123 124 126 127 128 131 132 134]] [9 [135 136 137 138 142 143 144 145 146 149]] [10 [150 152 154 155 158 160 161 163 164]] [11 [167 170 171 172 173 176 178]] [12 [180 183 184 188 189 190]] [13 [197 198 199 200 201 202 206 207 208 209]] [14 [211 212 213 216 218 220 224]] [15 [225 227 229 231 233 238 239]] [16 [240 244 245 246 249 250 252 253 254]] [17 [256 257 258 260 261 264 266]] [18 [271 272 274 275 279 281 282 283]] [19 [287 289 290 292 293 297 298]] [20 [300 301 302 305 306 309 312]] [21 [315 316 317 318 320 321 322 323 324 327]] [22 [330 331 334 335 337 338 339 340]] [23 [346 347 348 349 351 352 353 354 356 357]] [24 [362 363 364 365 366 367 368 371 373 374]] [25 [375 376 378 380 383 384 385 387 389]] [26 [390 391 393 396 398 400 401 402 404]] [27 [405 408 409 412 415 416 418 419]] [28 [420 422 423 424 427 428 430 434]] [29 [435 440 441 442 444 448 449]] [30 [454 456 458 459 460 462 463]] [31 [466 467 468 471 472 473 475 478 479]] [32 [485 486 487 491 492 493 494]] [33 [497 498 499 500 502 503 504 505 506]] [34 [512 514 515 516 519 522 523]] [35 [526 527 529 530 532 533 535 537 538 539]] [36 [540 541 542 545 546 547 548 553 554]] [37 [556 560 561 564 565 567 568 569]] [38 [571 574 576 578 580 582 583]] [39 [585 586 587 588 590 595 598 599]] [40 [602 603 604 606 609 610 612]] [41 [615 616 617 618 619 623 625 627 628]] [42 [630 632 633 634 638 640 642 643 644]] [43 [646 647 648 650 651 652 654 655 656 659]] [44 [663 664 667 668 670 671 672]] [45 [676 677 679 682 683 684 685 687 688]] [46 [690 693 694 695 696 697 699 703 704]] [47 [705 707 708 710 711 715 719]] [48 [723 724 725 726 727 729 732 734]] [49 [736 739 741 742 743 745 746 747 749]] [50 [750 752 753 754 755 756 757 759 760 761 763 764]] [51 [766 768 772 773 778 779]] [52 [780 784 786 787 791 793]] [53 [795 796 797 800 801 802 803 805 807 808 809]] [54 [812 814 816 822 823 824]] [55 [826 827 828 831 832 833 837 839]] [56 [840 842 843 845 848 851 852]] [57 [855 856 859 860 861 863 864 865 866 867 868 869]] [58 [870 871 874 875 877 882 883 884]] [59 [886 888 889 891 892 893 895 897 898]] [60 [901 903 905 906 908 909 910 912]] [61 [915 917 919 921 922 923 925 928 929]] [62 [931 933 934 936 937 939 940 941]] [63 [947 948 950 955 958 959]] [64 [962 966 968 971 972 973]] [65 [976 978 979 980 981 983 984 987 988]] [66 [990 992 993 996 998 999 1000 1001]] [67 [1007 1009 1011 1012 1013 1014 1015 1016]] [68 [1020 1021 1022 1023 1024 1030 1031 1032 1034]] [69 [1035 1036 1041 1045 1046]] [70 [1050 1053 1054 1058 1061 1062]] [71 [1066 1070 1072 1073 1074 1076 1078]] [72 [1080 1083 1084 1085 1086 1087 1089 1093]] [73 [1096 1097 1098 1099 1102 1103 1104 1105 1107]] [74 [1111 1112 1113 1114 1117 1120 1122]] [75 [1125 1127 1128 1130 1132 1134 1135 1137]] [76 [1140 1141 1144 1145 1146 1149 1154]] [77 [1155 1156 1157 1158 1159 1160 1161 1162 1164 1166 1168 1169]] [78 [1170 1172 1174 1175 1177 1178 1179 1180 1183 1184]] [79 [1186 1189 1191 1192 1195 1196 1198 1199]] [80 [1200 1201 1202 1207 1209 1210 1211 1212 1213]] [81 [1216 1218 1220 1222 1223 1224 1225 1228 1229]] [82 [1231 1232 1233 1235 1236 1237 1238 1239 1241 1242 1243]] [83 [1246 1248 1251 1252 1253 1254 1255 1256 1257 1258 1259]] [84 [1261 1264 1265 1266 1267 1268 1269 1270 1272 1273 1274]] [85 [1275 1276 1279 1281 1283 1284 1287 1288 1289]] [86 [1291 1294 1297 1299]] [87 [1305 1306 1307 1311 1312 1315 1318 1319]] [88 [1320 1321 1325 1327 1328 1329 1332 1333]] [89 [1335 1336 1339 1340 1341 1342 1343 1348]] [90 [1350 1351 1353 1355 1358 1359 1361 1364]] [91 [1365 1366 1368 1369 1370 1372 1373 1374 1375 1377 1378]] [92 [1384 1385 1387 1389 1390]] [93 [1396 1397 1406 1407 1408]] [94 [1410 1411 1414 1415 1419 1421 1423]] [95 [1425 1428 1430 1432 1434 1437 1439]] [96 [1440 1443 1444 1446 1448 1450 1452 1454]] [97 [1456 1457 1459 1460 1462 1465 1467 1468]] [98 [1471 1472 1475 1476 1477 1478 1480 1482 1483 1484]] [99 [1485 1486 1487 1488 1489 1490 1491 1493 1494 1496 1498 1499]]]",,"[[{citizen 15} [[""A"" [3 1]]]] [{citizen 26} [[""A"" [3 4]]]] [{citizen 49} [[""A"" [4 3]]]] [{media 51} [[""A"" [4 4]]]] [{media 52} [[""A"" [0 0]]]] [{media 53} [[""A"" [1 1]]]] [{media 58} [[""A"" [1 1]]]] [{media 60} [[""A"" [2 2]]]] [{media 61} [[""A"" [3 3]]]] [{media 62} [[""A"" [1 1]]]] [{media 64} [[""A"" [1 1]]]] [{media 56} [[""A"" [1 1]]]] [{citizen 2} [[""A"" [5 4]]]] [{media 50} [[""A"" [3 3]]]] [{citizen 0} [[""A"" [3 3]]]] [{citizen 5} [[""A"" [2 5]]]] [{citizen 3} [[""A"" [2 3]]]] [{media 63} [[""A"" [5 5]]]] [{media 57} [[""A"" [5 5]]]] [{media 59} [[""A"" [0 0]]]] [{media 55} [[""A"" [3 3]]]] [{citizen 4} [[""A"" [3 5]]]] [{media 54} [[""A"" [4 4]]]] [{citizen 7} [[""A"" [5 4]]]] [{citizen 19} [[""A"" [3 1]]]] [{citizen 1} [[""A"" [1 4]]]] [{citizen 32} [[""A"" [5 3]]]] [{citizen 48} [[""A"" [2 3]]]] [{citizen 9} [[""A"" [3 3]]]] [{citizen 8} [[""A"" [3 1]]]] [{citizen 39} [[""A"" [3 5]]]] [{citizen 18} [[""A"" [4 4]]]] [{citizen 20} [[""A"" [4 4]]]] [{citizen 25} [[""A"" [3 5]]]] [{citizen 35} [[""A"" [3 1]]]] [{citizen 37} [[""A"" [3 4]]]] [{citizen 14} [[""A"" [4 4]]]] [{citizen 11} [[""A"" [4 4]]]] [{citizen 34} [[""A"" [3 2]]]] [{citizen 23} [[""A"" [3 1]]]] [{citizen 38} [[""A"" [3 1]]]] [{citizen 13} [[""A"" [5 4]]]] [{citizen 22} [[""A"" [3 3]]]] [{citizen 42} [[""A"" [0 2]]]] [{citizen 16} [[""A"" [2 4]]]] [{citizen 46} [[""A"" [3 3]]]] [{citizen 30} [[""A"" [3 1]]]] [{citizen 33} [[""A"" [3 1]]]] [{citizen 24} [[""A"" [2 3]]]] [{citizen 6} [[""A"" [4 4]]]] [{citizen 21} [[""A"" [2 3]]]] [{citizen 40} [[""A"" [5 4]]]] [{citizen 17} [[""A"" [4 3]]]] [{citizen 10} [[""A"" [5 4]]]] [{citizen 27} [[""A"" [5 3]]]] [{citizen 43} [[""A"" [3 4]]]] [{citizen 47} [[""A"" [2 1]]]] [{citizen 41} [[""A"" [1 1]]]] [{citizen 45} [[""A"" [3 5]]]] [{citizen 29} [[""A"" [3 1]]]] [{citizen 44} [[""A"" [2 3]]]] [{citizen 28} [[""A"" [5 4]]]] [{citizen 31} [[""A"" [3 1]]]] [{citizen 36} [[""A"" [5 4]]]]]"
"13","[85 0 170]","35.357142857142854","5.708977554582564","8.213796450383468","""circle""","""""","9.9","{breed citizens}","false","0.5","1","""up""",,"[[""ID"" 16] [""alpha"" 1] [""beta"" 1] [""malleable"" [""A""]] [""prior"" []] [""cont_tokens"" []] [""A"" 4]]","[[0 [0 1 2 3 4 5 6 7 8 9 10 11 12 13 14]] [1 [15 16 17 18 19 22 23 24 25 26 27 28]] [2 [30 32 33 34 35 36 37 39 40 41 42 43 44]] [3 [45 46 47 48 49 50 51 52 53 54 55 56 57 58 59]] [4 [60 61 62 63 64 65 66 67 68 69 70 71 72 73 74]] [5 [75 76 77 78 79 81 83 84 85 86 87 88 89]] [6 [91 92 93 94 95 96 97 98 99 100 101 102 103 104]] [7 [105 106 107 108 109 110 111 112 113 114 115 116 117 118 119]] [8 [120 121 122 123 124 125 126 127 128 129 130 131 132 133 134]] [9 [135 136 137 138 139 140 141 142 143 144 145 146 147 148 149]] [10 [150 151 152 153 154 155 156 157 158 159 160 161 162 163 164]] [11 [165 166 167 168 169 170 171 172 173 174 175 176 177 178 179]] [12 [180 181 182 183 184 185 186 187 188 189 190]] [13 [197 198 199 200 201 202 206 207 208 209]] [14 [210 211 212 213 214 215 216 217 218 220 221 222 223 224]] [15 [225 226 227 228 229 230 231 232 233 234 235 236 238 239]] [16 [240 241 242 244 245 246 249 250 252 253 254]] [17 [255 256 257 258 259 260 261 262 263 264 265 266 267 268 269]] [18 [271 272 273 274 275 276 277 278 279 280 281 282 283 284]] [19 [285 286 287 288 289 290 291 292 293 294 295 296 297 298 299]] [20 [300 301 302 303 304 305 306 308 309 310 311 312 313 314]] [21 [315 316 317 318 319 320 321 322 323 324 325 326 327 328 329]] [22 [330 331 332 333 334 335 336 337 338 339 340 341 342 344]] [23 [346 347 348 349 350 351 352 353 354 355 356 357 358 359]] [24 [361 362 363 364 365 366 367 368 369 370 371 373 374]] [25 [375 376 377 378 380 383 384 385 386 387 388 389]] [26 [390 391 392 393 394 395 396 397 398 399 400 401 402 403 404]] [27 [405 406 407 408 409 410 411 412 413 414 415 416 417 418 419]] [28 [420 422 423 424 425 427 428 429 430 433 434]] [29 [435 436 437 438 440 441 442 443 444 445 446 448 449]] [30 [450 451 452 453 454 455 456 457 458 459 460 461 462 463 464]] [31 [465 466 467 468 469 470 471 472 473 474 475 476 477 478 479]] [32 [480 481 482 483 484 485 486 487 488 489 490 491 492 493 494]] [33 [495 497 498 499 500 501 502 503 504 505 506]] [34 [510 511 512 513 514 515 516 518 519 520 521 522 523 524]] [35 [525 526 527 528 529 530 531 532 533 534 535 536 537 538 539]] [36 [540 541 542 544 545 546 547 548 549 550 551 553 554]] [37 [555 556 557 558 559 560 561 562 563 564 565 566 567 568 569]] [38 [570 571 572 573 574 575 576 577 578 580 581 582 583 584]] [39 [585 586 587 588 590 591 592 593 594 595 596 597 598 599]] [40 [600 601 602 603 604 606 608 609 610 612 613 614]] [41 [615 616 617 618 619 620 621 622 623 624 625 626 627 628 629]] [42 [630 631 632 633 634 635 636 637 638 639 640 641 642 643 644]] [43 [645 646 647 648 649 650 651 652 653 654 655 656 657 658 659]] [44 [660 661 662 663 664 665 666 667 668 669 670 671 672 673 674]] [45 [675 676 677 678 679 680 681 682 683 684 685 686 687 688 689]] [46 [690 693 694 695 696 697 699 702 703 704]] [47 [705 706 707 708 710 711 712 713 714 715 716 717 718 719]] [48 [720 721 722 723 724 725 726 727 729 732 734]] [49 [736 738 739 741 742 743 745 746 747 748 749]] [50 [750 751 752 753 754 755 756 757 759 760 761 762 763 764]] [51 [765 766 767 768 769 770 771 772 773 774 775 776 777 778 779]] [52 [780 781 782 783 784 785 786 787 788 789 790 791 792 793 794]] [53 [795 796 797 798 799 800 801 802 803 804 805 806 807 808 809]] [54 [812 813 814 816 821 822 823 824]] [55 [825 826 827 828 829 830 831 832 833 836 837 838 839]] [56 [840 841 842 843 844 845 848 849 850 851 852 853 854]] [57 [855 856 857 858 859 860 861 862 863 864 865 866 867 868 869]] [58 [870 871 873 874 875 876 877 879 880 881 882 883 884]] [59 [885 886 888 890 893 894 895 896 897 898 899]] [60 [900 901 902 903 904 905 906 907 908 909 910 911 912 913 914]] [61 [915 917 919 920 921 922 923 924 925 926 927 928 929]] [62 [930 931 932 933 934 935 936 937 938 939 940 941 942 943 944]] [63 [945 946 947 948 949 950 951 952 953 954 955 956 957 958 959]] [64 [960 961 962 963 964 965 966 967 968 969 970 971 972 973 974]] [65 [975 976 977 978 979 980 981 982 983 984 985 986 987 988 989]] [66 [990 991 992 993 994 995 996 997 998 999 1000 1001 1002 1003 1004]] [67 [1005 1006 1007 1008 1009 1010 1011 1012 1013 1014 1015 1016 1017 1018 1019]] [68 [1020 1021 1022 1023 1024 1030 1031 1032 1034]] [69 [1035 1036 1040 1041 1042 1043 1044 1045 1046 1047 1049]] [70 [1050 1051 1052 1053 1054 1055 1056 1057 1058 1059 1060 1061 1062 1063 1064]] [71 [1065 1066 1067 1068 1069 1070 1072 1073 1074 1076 1078]] [72 [1080 1081 1083 1084 1085 1086 1087 1089 1092 1093 1094]] [73 [1095 1096 1097 1098 1099 1100 1101 1102 1103 1104 1105 1106 1107 1108 1109]] [74 [1110 1111 1112 1113 1114 1115 1116 1117 1118 1119 1120 1121 1122 1123 1124]] [75 [1125 1126 1127 1128 1129 1130 1131 1132 1133 1134 1135 1136 1137 1138 1139]] [76 [1140 1141 1142 1143 1144 1145 1146 1147 1148 1149 1150 1151 1152 1153 1154]] [77 [1155 1156 1157 1158 1159 1160 1161 1162 1163 1164 1165 1166 1167 1168 1169]] [78 [1171 1172 1173 1174 1175 1176 1177 1178 1179 1180 1181 1182 1183 1184]] [79 [1185 1186 1187 1188 1189 1190 1191 1192 1193 1194 1195 1196 1197 1198 1199]] [80 [1200 1201 1202 1205 1207 1209 1210 1211 1212 1213 1214]] [81 [1215 1216 1217 1218 1219 1220 1221 1222 1223 1224 1225 1228 1229]] [82 [1231 1232 1233 1235 1236 1237 1238 1239 1241 1242 1243]] [83 [1246 1247 1248 1250 1251 1252 1253 1254 1255 1256 1257 1258 1259]] [84 [1260 1261 1262 1263 1264 1265 1266 1267 1268 1269 1270 1271 1272 1273 1274]] [85 [1275 1276 1277 1278 1279 1280 1281 1282 1283 1284 1285 1286 1287 1288 1289]] [86 [1290 1291 1292 1293 1294 1295 1296 1297 1298 1299 1300 1301 1302 1303 1304]] [87 [1305 1306 1307 1308 1309 1310 1311 1312 1313 1314 1315 1316 1317 1318 1319]] [88 [1320 1321 1322 1323 1324 1325 1326 1327 1328 1329 1330 1331 1332 1333 1334]] [89 [1335 1336 1337 1338 1341 1342 1343 1344 1345 1346 1347 1349]] [90 [1350 1351 1352 1353 1354 1355 1356 1357 1358 1359 1360 1361 1362 1363 1364]] [91 [1365 1366 1367 1368 1369 1370 1371 1372 1373 1374 1375 1377 1378 1379]] [92 [1380 1381 1382 1383 1384 1385 1386 1387 1388 1389 1390 1391 1392 1393 1394]] [93 [1395 1396 1397 1398 1399 1400 1401 1402 1403 1404 1405 1406 1407 1408 1409]] [94 [1410 1411 1412 1413 1414 1415 1416 1417 1418 1419 1420 1421 1422 1423 1424]] [95 [1425 1426 1427 1428 1430 1432 1434 1437 1438 1439]] [96 [1440 1441 1442 1443 1444 1445 1446 1447 1448 1449 1450 1451 1452 1453 1454]] [97 [1455 1456 1457 1458 1459 1460 1461 1462 1463 1464 1465 1466 1467 1468 1469]] [98 [1470 1471 1472 1473 1475 1476 1477 1478 1479 1480 1481 1482 1483 1484]] [99 [1485 1486 1487 1488 1489 1490 1491 1492 1493 1494 1495 1496 1497 1498 1499]]]","[[0 [4 11 12]] [1 [15 16 18 19 22 23 24 25 27 28]] [2 [30 32 33 34 35 36 39 43]] [3 [46 47 48 49 50 54 57 58]] [4 [61 62 63 64 65 66 68 69 73 74]] [5 [76 77 78 79 81 83 84 85 86 87]] [6 [91 92 93 98 101 102 103 104]] [7 [105 106 107 108 109 112 117]] [8 [120 122 124 126 127 128 131 132 134]] [9 [135 136 137 138 142 143 144 145 146 149]] [10 [151 152 154 155 156 157 158 160 161 163 164]] [11 [167 168 169 174 175 176 178]] [12 [180 181 182 183 184 185 186 187 188 189 190]] [13 [197 198 199 200 201 202 206 207 208 209]] [14 [211 212 214 215 216 217 218 220 224]] [15 [225 227 229 231 232 235 236 239]] [16 [241 242 245 246 249 250 252 253 254]] [17 [256 257 259 261 264 266 269]] [18 [273 274 275 277 278 279 281 282 283]] [19 [286 287 291 294 295 296 297 298]] [20 [300 301 302 305 306 308 310 311 312]] [21 [315 316 317 318 320 321 322 323 324 327]] [22 [330 331 332 338 339 340]] [23 [350 353 355 356 357]] [24 [361 362 363 364 365 366 367 368 371 373 374]] [25 [375 376 377 378 380 383 386 388 389]] [26 [390 391 393 396 400 401 402 404]] [27 [405 406 410 411 413 414 417 418 419]] [28 [420 422 423 424 427 428 429 430 433 434]] [29 [435 436 437 438 440 441 442 444 446 448]] [30 [450 451 452 455 457 461]] [31 [465 469 470 471 473 475 478]] [32 [480 481 482 483 484 486 487 491 492 493 494]] [33 [497 498 499 500 501 502 503 504 505 506]] [34 [512 514 515 516 518 519 522 523]] [35 [526 529 530 532 533 535 537 538 539]] [36 [540 541 542 544 548 549 550 551 553 554]] [37 [556 560 561 564 565 567 569]] [38 [570 571 574 575 576 577 584]] [39 [585 586 587 588 591 593 594 596 597]] [40 [600 601 603 606 609 610 612]] [41 [615 616 617 619 622 624 626 627 628]] [42 [630 632 633 634 639 642]] [43 [645 653 657 658 659]] [44 [663 664 667 668 670 672 673 674]] [45 [675 676 677 678 681 686 687 688]] [46 [690 693 694 695 696 697 699 702 703 704]] [47 [706 708 712 713 714 716 717 718]] [48 [721 722 723 724 725 726 727 729 732 734]] [49 [736 738 739 741 742 743 745 746 747 749]] [50 [750 752 753 754 755 756 757 761 763]] [51 [765 767 768 770 771 774 775 776 777]] [52 [781 782 783 785 788 789 791 793]] [53 [795 796 797 800 801 802 803 805 807 808 809]] [54 [812 814 816 822 823 824]] [55 [826 827 828 831 832 836 837 839]] [56 [840 842 844 845 848 849 850 852 854]] [57 [855 856 859 860 861 863 864 866 867 868 869]] [58 [870 871 874 876 880]] [59 [885 886 888 893 895 897 898]] [60 [901 904 906 908 909 911 912 913]] [61 [915 917 919 921 922 923 925 927 928 929]] [62 [931 933 936 937 939 940 941]] [63 [946 947 948 950 955 956 957]] [64 [960 961 963 964 966 968 970 971 973]] [65 [976 979 980 981 983 984 987 988 989]] [66 [990 991 993 994 995 996 997 998 1003 1004]] [67 [1005 1006 1007 1009 1011 1012 1013 1014 1015 1016]] [68 [1020 1021 1022 1023 1024 1031 1032 1034]] [69 [1035 1036 1041 1044 1045 1046 1047 1049]] [70 [1051 1052 1053 1054 1057 1061 1062 1064]] [71 [1065 1066 1070 1072 1073 1074 1076 1078]] [72 [1080 1081 1083 1084 1085 1086 1087 1089 1093]] [73 [1096 1097 1098 1099 1102 1105 1107 1108 1109]] [74 [1110 1113 1114 1117 1120]] [75 [1129 1130 1132 1133 1136 1138]] [76 [1142 1143 1145 1146 1149 1153 1154]] [77 [1155 1157 1159 1160 1163 1165 1167]] [78 [1171 1172 1174 1175 1177 1178 1179 1180 1183 1184]] [79 [1186 1189 1191 1192 1195 1196 1198 1199]] [80 [1200 1201 1202 1207 1209 1211 1212 1213]] [81 [1216 1218 1220 1221 1222 1223 1224 1225 1228 1229]] [82 [1231 1232 1233 1235 1236 1237 1238 1239 1241 1242 1243]] [83 [1246 1248 1251 1252 1253 1254 1255]] [84 [1260 1262 1263 1264 1265 1266 1267 1268 1269 1272 1273 1274]] [85 [1277 1278 1279 1281 1283 1284 1287 1288]] [86 [1290 1291 1294 1297 1299 1303]] [87 [1305 1306 1307 1311 1312 1315]] [88 [1322 1323 1324 1326 1334]] [89 [1337 1338 1344 1345 1346 1347 1349]] [90 [1350 1351 1353 1355 1358 1359 1361 1362]] [91 [1366 1368 1369 1370 1372 1373 1374 1375 1377 1378 1379]] [92 [1380 1383 1386 1387 1389 1391 1392 1394]] [93 [1395 1398 1399 1400 1401 1402 1403 1404 1405 1406 1407 1408]] [94 [1410 1411 1419 1421 1423]] [95 [1425 1428 1430 1432 1434 1439]] [96 [1440 1444 1446 1448 1450 1452 1454]] [97 [1456 1457 1459 1465 1467 1468 1469]] [98 [1471 1472 1475 1477 1478 1480 1482 1483 1484]] [99 [1485 1486 1487 1488 1490 1491 1492 1495 1498 1499]]]",,"[[{media 50} [[""A"" [3 3]]]] [{media 51} [[""A"" [4 4]]]] [{media 52} [[""A"" [0 0]]]] [{media 53} [[""A"" [1 1]]]] [{media 54} [[""A"" [4 4]]]] [{media 58} [[""A"" [1 1]]]] [{media 59} [[""A"" [0 0]]]] [{media 60} [[""A"" [2 2]]]] [{media 61} [[""A"" [3 3]]]] [{media 62} [[""A"" [1 1]]]] [{media 64} [[""A"" [1 1]]]] [{citizen 0} [[""A"" [1 4]]]] [{media 56} [[""A"" [1 1]]]] [{citizen 1} [[""A"" [1 4]]]] [{citizen 7} [[""A"" [2 5]]]] [{media 63} [[""A"" [5 5]]]] [{citizen 4} [[""A"" [5 1]]]] [{media 57} [[""A"" [5 5]]]] [{media 55} [[""A"" [3 3]]]] [{citizen 19} [[""A"" [5 1]]]] [{citizen 32} [[""A"" [5 3]]]] [{citizen 3} [[""A"" [1 1]]]] [{citizen 48} [[""A"" [5 4]]]] [{citizen 20} [[""A"" [4 4]]]] [{citizen 25} [[""A"" [2 5]]]] [{citizen 35} [[""A"" [1 1]]]] [{citizen 37} [[""A"" [1 4]]]] [{citizen 8} [[""A"" [3 1]]]] [{citizen 9} [[""A"" [1 1]]]] [{citizen 33} [[""A"" [3 1]]]] [{citizen 14} [[""A"" [4 4]]]] [{citizen 11} [[""A"" [4 4]]]] [{citizen 5} [[""A"" [5 5]]]] [{citizen 34} [[""A"" [3 2]]]] [{citizen 23} [[""A"" [3 1]]]] [{citizen 38} [[""A"" [5 1]]]] [{citizen 26} [[""A"" [5 4]]]] [{citizen 42} [[""A"" [2 1]]]] [{citizen 41} [[""A"" [1 1]]]] [{citizen 10} [[""A"" [5 4]]]] [{citizen 31} [[""A"" [1 1]]]] [{citizen 6} [[""A"" [4 4]]]] [{citizen 22} [[""A"" [3 1]]]] [{citizen 43} [[""A"" [3 4]]]] [{citizen 15} [[""A"" [1 1]]]] [{citizen 46} [[""A"" [2 3]]]] [{citizen 18} [[""A"" [4 4]]]] [{citizen 39} [[""A"" [2 5]]]] [{citizen 44} [[""A"" [2 3]]]] [{citizen 49} [[""A"" [1 2]]]] [{citizen 12} [[""A"" [3 4]]]] [{citizen 17} [[""A"" [2 3]]]] [{citizen 16} [[""A"" [2 4]]]] [{citizen 30} [[""A"" [1 1]]]] [{citizen 2} [[""A"" [5 4]]]] [{citizen 24} [[""A"" [3 2]]]] [{citizen 21} [[""A"" [3 4]]]] [{citizen 40} [[""A"" [5 4]]]] [{citizen 27} [[""A"" [4 5]]]] [{citizen 29} [[""A"" [1 1]]]] [{citizen 47} [[""A"" [5 1]]]] [{citizen 45} [[""A"" [2 5]]]] [{citizen 28} [[""A"" [5 4]]]] [{citizen 36} [[""A"" [5 4]]]]]"
"14","[85 0 170]","257.72727272727275","-4.912079375471191","-1.0894800281436305","""circle""","""""","9.9","{breed citizens}","false","0.5","1","""up""",,"[[""ID"" 2] [""alpha"" 1] [""beta"" 1] [""malleable"" [""A""]] [""prior"" []] [""cont_tokens"" []] [""A"" 4]]","[[0 [0 1 2 3 4 5 6 7 8 9 10 11 12 13 14]] [1 [17 19 20 21 22 23 24 25 26 27 28 29]] [2 [30 31 32 33 34 35 36 37 38 39 40 41 42 43 44]] [3 [45 46 47 48 49 50 52 53 54 55 56 57 58 59]] [4 [60 61 62 63 64 65 66 67 68 69 70 71 72 73 74]] [5 [76 77 78 79 81 83 84 85 86 87 88 89]] [6 [90 91 92 93 94 95 96 97 98 99 100 101 102 103 104]] [7 [105 106 107 108 109 110 111 112 113 114 115 116 117 118 119]] [8 [120 121 122 123 124 125 126 127 128 130 131 132 133 134]] [9 [135 136 137 138 142 143 144 145 146 147 149]] [10 [150 151 152 153 154 155 156 157 158 159 160 161 162 163 164]] [11 [165 166 167 168 169 170 171 172 173 174 175 176 177 178 179]] [12 [180 181 182 183 184 185 186 187 188 189 190 191 192 193 194]] [13 [197 198 199 200 201 202 206 207 208 209]] [14 [210 211 212 213 214 215 216 217 218 220 221 222 223 224]] [15 [225 226 227 228 229 230 231 232 233 234 235 236 237 238 239]] [16 [240 241 242 244 245 246 249 250 252 253 254]] [17 [255 256 257 258 259 260 261 262 263 264 265 266 267 268 269]] [18 [270 271 272 273 274 275 276 277 278 279 280 281 282 283 284]] [19 [285 286 287 288 289 290 291 292 293 294 295 296 297 298 299]] [20 [300 301 302 303 304 305 306 308 309 310 311 312 313 314]] [21 [315 316 317 318 319 320 321 322 323 324 325 326 327 328 329]] [22 [331 332 333 334 335 336 337 338 339 340 341 342 343 344]] [23 [345 346 347 348 349 350 351 352 353 354 355 356 357 358 359]] [24 [361 362 363 364 365 366 367 368 369 370 371 373 374]] [25 [375 376 377 378 380 383 384 385 386 387 388 389]] [26 [390 391 392 393 394 395 396 397 398 399 400 401 402 403 404]] [27 [405 406 407 408 409 410 411 412 413 414 415 416 417 418 419]] [28 [420 422 423 424 425 427 428 429 430 433 434]] [29 [435 436 437 438 440 441 442 443 444 445 446 448 449]] [30 [450 451 452 453 454 455 456 457 458 459 460 461 462 463 464]] [31 [465 466 467 468 469 470 471 472 473 474 475 476 477 478 479]] [32 [480 481 482 483 484 485 486 487 488 489 490 491 492 493 494]] [33 [495 497 498 499 500 501 502 503 504 505 506]] [34 [510 511 512 513 514 515 516 518 519 520 521 522 523 524]] [35 [525 526 527 528 529 530 531 532 533 534 535 536 537 538 539]] [36 [540 541 542 544 545 546 547 548 549 550 551 553 554]] [37 [556 558 559 560 561 562 563 564 565 566 567 568 569]] [38 [570 571 572 573 574 575 576 577 578 580 581 582 583 584]] [39 [585 586 587 588 590 591 592 593 594 595 596 597 598 599]] [40 [600 601 602 603 604 606 607 608 609 610 611 612 613 614]] [41 [615 616 617 618 619 620 621 622 623 624 625 626 627 628 629]] [42 [630 631 632 633 634 635 636 637 638 639 640 641 642 643 644]] [43 [645 646 647 648 649 650 651 652 654 655 656 657 658 659]] [44 [660 661 662 663 664 665 666 667 668 669 670 671 672 673 674]] [45 [675 676 677 678 679 680 681 682 683 684 685 686 687 688 689]] [46 [690 693 694 695 696 697 699 702 703 704]] [47 [705 706 707 708 710 711 712 713 714 715 716 717 718 719]] [48 [720 721 722 723 724 725 726 727 729 732 733 734]] [49 [736 738 739 741 742 743 745 746 747 748 749]] [50 [750 751 752 753 754 755 756 757 759 760 761 762 763 764]] [51 [765 766 767 768 769 770 771 772 773 774 775 776 777 778 779]] [52 [780 782 783 784 785 786 787 788 789 790 791 793 794]] [53 [795 796 797 798 799 800 801 802 803 804 805 806 807 808 809]] [54 [811 812 813 814 816 821 822 823 824]] [55 [825 826 827 828 829 830 831 832 833 836 837 838 839]] [56 [840 841 842 843 844 845 846 847 848 849 850 851 852 853 854]] [57 [855 856 857 858 859 860 861 862 863 864 865 866 867 868 869]] [58 [870 871 873 874 875 876 877 879 880 881 882 883 884]] [59 [885 886 887 888 889 890 891 892 893 894 895 897 898]] [60 [901 903 904 905 906 907 908 909 910 911 912 913 914]] [61 [915 916 917 918 919 921 922 923 925 926 927 928 929]] [62 [931 933 934 936 937 938 939 940 941 942 943 944]] [63 [945 946 947 948 950 952 953 954 955 956 958 959]] [64 [960 961 962 963 964 965 966 967 968 969 970 971 972 973 974]] [65 [975 976 977 978 979 980 981 982 983 984 985 986 987 988 989]] [66 [990 991 992 993 994 995 996 997 998 999 1000 1001 1002 1003 1004]] [67 [1005 1006 1007 1008 1009 1010 1011 1012 1013 1014 1015 1016 1017 1018 1019]] [68 [1020 1021 1022 1023 1024 1030 1031 1032 1034]] [69 [1035 1036 1040 1041 1042 1043 1044 1045 1046 1047 1049]] [70 [1050 1051 1052 1053 1054 1055 1056 1057 1058 1059 1060 1061 1062 1063 1064]] [71 [1065 1066 1067 1068 1069 1070 1071 1072 1073 1074 1075 1076 1077 1078 1079]] [72 [1080 1081 1083 1084 1085 1086 1087 1089 1092 1093 1094]] [73 [1095 1096 1097 1098 1099 1100 1101 1102 1103 1104 1105 1106 1107 1108 1109]] [74 [1110 1111 1112 1113 1114 1115 1116 1117 1118 1119 1120 1121 1122 1123 1124]] [75 [1125 1126 1127 1128 1129 1130 1131 1132 1133 1134 1135 1136 1137 1138 1139]] [76 [1140 1141 1144 1145 1146 1147 1148 1149 1150 1151 1152 1153 1154]] [77 [1155 1156 1157 1158 1159 1160 1161 1162 1163 1164 1165 1166 1167 1168 1169]] [78 [1171 1172 1173 1174 1175 1176 1177 1178 1179 1180 1181 1182 1183 1184]] [79 [1186 1188 1189 1190 1191 1192 1193 1194 1195 1196 1197 1198 1199]] [80 [1200 1201 1202 1205 1207 1209 1210 1211 1212 1213 1214]] [81 [1215 1216 1217 1218 1219 1220 1221 1222 1223 1224 1225 1228 1229]] [82 [1231 1232 1233 1235 1236 1237 1238 1239 1241 1242 1243]] [83 [1246 1247 1248 1250 1251 1252 1253 1254 1255 1256 1257 1258 1259]] [84 [1260 1262 1263 1264 1265 1266 1267 1268 1269 1270 1271 1272 1273 1274]] [85 [1275 1276 1277 1278 1279 1280 1281 1282 1283 1284 1285 1286 1287 1288 1289]] [86 [1290 1291 1292 1293 1294 1295 1296 1297 1298 1299 1300 1301 1302 1303 1304]] [87 [1305 1306 1307 1308 1309 1310 1311 1312 1313 1314 1315 1316 1317 1318 1319]] [88 [1320 1321 1322 1323 1324 1325 1326 1327 1328 1329 1330 1331 1332 1333 1334]] [89 [1335 1336 1337 1338 1339 1340 1341 1342 1343 1347 1348 1349]] [90 [1350 1351 1352 1353 1354 1355 1356 1357 1358 1359 1360 1361 1362 1363 1364]] [91 [1365 1366 1367 1368 1369 1370 1371 1372 1373 1374 1375 1376 1377 1378 1379]] [92 [1380 1381 1382 1383 1384 1385 1386 1387 1388 1389 1390 1391 1392 1393 1394]] [93 [1395 1396 1397 1398 1399 1400 1401 1402 1403 1404 1405 1406 1407 1408 1409]] [94 [1410 1411 1412 1413 1414 1415 1416 1417 1418 1419 1420 1421 1422 1423 1424]] [95 [1426 1427 1428 1429 1430 1431 1432 1433 1434 1435 1436 1437 1438 1439]] [96 [1440 1441 1442 1443 1444 1446 1448 1450 1451 1452 1453 1454]] [97 [1455 1456 1457 1458 1459 1460 1461 1462 1463 1464 1465 1466 1467 1468 1469]] [98 [1470 1471 1472 1473 1474 1475 1476 1477 1478 1479 1480 1481 1482 1483 1484]] [99 [1485 1486 1487 1488 1489 1490 1491 1492 1493 1494 1495 1496 1497 1498 1499]]]","[[0 [6 7 13 14]] [1 [17 19 22 23 25 26 27 28]] [2 [30 33 34 35 36 39 42 43 44]] [3 [45 46 47 48 49 50 54 57 59]] [4 [60 64 66 68 69 73 74]] [5 [76 77 78 79 81 84 85 86 88 89]] [6 [90 94 95 96 97 99 100 102 103 104]] [7 [105 106 107 108 109 111 112 113 115 116 118 119]] [8 [121 123 124 126 127 128 130 132 134]] [9 [135 136 137 138 143 144 145 146 147]] [10 [153 155 157 158 160 161 163 164]] [11 [167 168 169 177 179]] [12 [181 182 183 184 185 186 187 188 189 190]] [13 [197 198 199 200 201 202 206 209]] [14 [211 212 213 217 218 221 223]] [15 [226 227 229 231 232 235 236 238 239]] [16 [241 242 245 246 249 250 252 253 254]] [17 [257 258 260 261 264 266 269]] [18 [273 274 275 276 277 278 280 283 284]] [19 [285 286 287 289 290 292 295 296 297]] [20 [300 303 304 306 308 310 311 312]] [21 [316 317 318 320 321 322 325 326]] [22 [333 334 336 337 338 339 340]] [23 [350 353 354 355 356 357]] [24 [361 362 363 364 365 366 367 368 373 374]] [25 [375 376 377 378 380 383 384 385]] [26 [390 391 393 396 400 402 404]] [27 [405 406 410 411 412 415 416 418 419]] [28 [420 422 423 424 427 428 433 434]] [29 [435 436 437 438 440 441 442 444 446 448]] [30 [450 451 453 455 457 461 464]] [31 [466 467 468 471 472 473 474 476 477 478 479]] [32 [485 486 487 491 492 493 494]] [33 [495 497 498 499 500 501 502 505 506]] [34 [511 512 514 515 516 518 519 522 523]] [35 [526 527 529 530 532 533 535 537 539]] [36 [540 541 544 546 547 548 554]] [37 [556 558 559 563 566 568 569]] [38 [571 574 575 576 578 580 582 583 584]] [39 [587 588 590 591 593 594 596 597]] [40 [600 601 602 603 604 606 608 610 612]] [41 [615 616 617 618 620 622 625 627 628]] [42 [631 635 636 637 638 640 643 644]] [43 [646 647 648 650 651 652 654]] [44 [660 661 662 664 667 668 670 673 674]] [45 [675 676 677 678 680 681 686 687 688]] [46 [690 693 694 695 696 697 699 703 704]] [47 [705 707 708 710 711 715 716 717 718]] [48 [721 722 723 724 725 726 727 729 732 734]] [49 [736 738 739 741 742 743 746 748 749]] [50 [750 751 752 753 754 755 756 757 759 760 761 763 764]] [51 [766 768 772 773 779]] [52 [780 784 786 787]] [53 [798 799 806 807 808 809]] [54 [812 813 814 816 822 823 824]] [55 [825 829 830 831 832 836 837 839]] [56 [840 842 843 845 848 849 850 852 854]] [57 [855 856 859 860 861 863 864 866 867 868 869]] [58 [870 871 873 875 877 882 883 884]] [59 [885 886 888 892 893 895 897 898]] [60 [901 904 905 906 907 909 911 914]] [61 [916 917 919 921 922 923 925 927 928 929]] [62 [931 933 934 936 937 939 940 941]] [63 [947 948 950 955 956 959]] [64 [963 964 966 968 969 972 973]] [65 [976 977 978 979 982 985 986 987 988 989]] [66 [990 992 993 996 997 998 1003 1004]] [67 [1005 1006 1007 1009 1011 1012 1013 1014 1015 1016]] [68 [1020 1021 1022 1023 1024 1030 1031 1032 1034]] [69 [1035 1036 1041 1044 1045 1046]] [70 [1050 1053 1054 1058 1061 1062 1064]] [71 [1065 1066 1070 1072 1073 1074 1076 1078]] [72 [1081 1083 1084 1086 1087 1089 1092 1094]] [73 [1095 1100 1101 1103 1104 1105 1107 1108 1109]] [74 [1110 1113 1114 1117 1120 1122 1123 1124]] [75 [1125 1127 1128 1130 1132 1134 1135 1137]] [76 [1140 1141 1147 1148 1150 1151 1152]] [77 [1155 1156 1157 1159 1160 1163 1165 1167]] [78 [1171 1173 1176 1177 1178 1179 1181 1182 1184]] [79 [1186 1189 1191 1192 1195 1196 1198 1199]] [80 [1200 1201 1202 1207 1209 1210 1211 1212 1213]] [81 [1216 1218 1220 1221 1222 1223 1224 1225 1228 1229]] [82 [1231 1232 1233 1235 1236 1242 1243]] [83 [1246 1248 1251 1252 1253 1254 1255]] [84 [1260 1262 1263 1268 1269 1270 1272 1274]] [85 [1277 1278 1279 1282 1285 1286 1287 1288 1289]] [86 [1290 1291 1292 1293 1295 1296 1297 1299 1301 1302 1303]] [87 [1305 1306 1307 1311 1312 1315 1316 1318]] [88 [1320 1321 1325 1328 1329 1330 1331 1332 1333]] [89 [1335 1336 1339 1340 1341 1342 1343 1347 1349]] [90 [1350 1352 1353 1355 1358 1359 1360 1361 1364]] [91 [1365 1367 1368 1369 1370 1372 1373 1374 1375 1377 1378 1379]] [92 [1381 1383 1386 1387 1392 1393 1394]] [93 [1395 1398 1399 1402 1403 1404 1405 1406 1407 1408]] [94 [1410 1411 1415 1416 1417 1418 1422 1424]] [95 [1426 1427 1428 1430 1432 1438]] [96 [1440 1444 1446 1448 1450 1451 1452 1453]] [97 [1455 1458 1459 1460 1462 1465 1467 1468]] [98 [1473 1474 1476 1477 1478 1479]] [99 [1489 1490 1491 1493 1494 1496 1498 1499]]]",,"[[{citizen 16} [[""A"" [5 2]]]] [{citizen 23} [[""A"" [5 3]]]] [{media 55} [[""A"" [3 3]]]] [{media 56} [[""A"" [1 1]]]] [{media 57} [[""A"" [5 5]]]] [{media 63} [[""A"" [5 5]]]] [{media 60} [[""A"" [2 2]]]] [{citizen 0} [[""A"" [3 4]]]] [{citizen 3} [[""A"" [1 1]]]] [{citizen 11} [[""A"" [5 4]]]] [{citizen 1} [[""A"" [1 4]]]] [{citizen 7} [[""A"" [5 5]]]] [{media 61} [[""A"" [3 3]]]] [{citizen 5} [[""A"" [5 5]]]] [{media 53} [[""A"" [1 1]]]] [{media 50} [[""A"" [3 3]]]] [{media 52} [[""A"" [0 0]]]] [{media 59} [[""A"" [0 0]]]] [{media 58} [[""A"" [1 1]]]] [{media 62} [[""A"" [1 1]]]] [{media 64} [[""A"" [1 1]]]] [{media 51} [[""A"" [4 4]]]] [{media 54} [[""A"" [4 4]]]] [{citizen 42} [[""A"" [2 1]]]] [{citizen 41} [[""A"" [3 1]]]] [{citizen 10} [[""A"" [5 5]]]] [{citizen 31} [[""A"" [1 1]]]] [{citizen 20} [[""A"" [5 4]]]] [{citizen 4} [[""A"" [3 1]]]] [{citizen 6} [[""A"" [5 3]]]] [{citizen 22} [[""A"" [3 1]]]] [{citizen 32} [[""A"" [3 1]]]] [{citizen 43} [[""A"" [5 3]]]] [{citizen 15} [[""A"" [1 1]]]] [{citizen 37} [[""A"" [3 5]]]] [{citizen 46} [[""A"" [3 3]]]] [{citizen 18} [[""A"" [3 4]]]] [{citizen 39} [[""A"" [5 3]]]] [{citizen 8} [[""A"" [3 1]]]] [{citizen 35} [[""A"" [1 1]]]] [{citizen 25} [[""A"" [5 5]]]] [{citizen 44} [[""A"" [3 5]]]] [{citizen 38} [[""A"" [5 5]]]] [{citizen 26} [[""A"" [5 4]]]] [{citizen 49} [[""A"" [4 5]]]] [{citizen 12} [[""A"" [1 3]]]] [{citizen 2} [[""A"" [3 5]]]] [{citizen 48} [[""A"" [3 5]]]] [{citizen 13} [[""A"" [3 5]]]] [{citizen 33} [[""A"" [1 1]]]] [{citizen 19} [[""A"" [4 5]]]] [{citizen 24} [[""A"" [2 1]]]] [{citizen 9} [[""A"" [1 1]]]] [{citizen 17} [[""A"" [5 3]]]] [{citizen 30} [[""A"" [1 1]]]] [{citizen 27} [[""A"" [5 3]]]] [{citizen 29} [[""A"" [3 1]]]] [{citizen 47} [[""A"" [5 1]]]] [{citizen 28} [[""A"" [5 5]]]] [{citizen 45} [[""A"" [3 1]]]] [{citizen 21} [[""A"" [3 5]]]] [{citizen 34} [[""A"" [3 2]]]] [{citizen 40} [[""A"" [5 3]]]] [{citizen 36} [[""A"" [5 4]]]]]"
"15","[213 0 42]","168.75","2.175646417813893","-8.574027545383899","""circle""","""""","9.9","{breed citizens}","false","0.5","1","""up""",,"[[""ID"" 37] [""alpha"" 1] [""beta"" 1] [""malleable"" [""A""]] [""prior"" []] [""cont_tokens"" []] [""A"" 1]]","[[0 [0 1 3 4 5 6 7 8 9 10 11 12 13 14]] [1 [15 16 17 18 19 20 21 22 23 24 25 26 27 28 29]] [2 [30 32 33 34 35 36 37 38 39 40 41 42 43 44]] [3 [45 46 47 48 49 50 51 52 53 54 55 56 57 58 59]] [4 [60 61 62 63 64 65 66 67 68 69 70 71 72 73 74]] [5 [76 77 78 79 81 83 84 85 86 87 88 89]] [6 [90 91 92 93 94 95 96 97 98 99 100 101 102 103 104]] [7 [105 106 107 108 109 110 111 112 113 114 115 116 117 118 119]] [8 [120 121 122 123 124 125 126 127 128 130 131 132 133 134]] [9 [135 136 137 138 139 140 141 142 143 144 145 146 147 148 149]] [10 [150 151 152 153 154 155 156 157 158 159 160 161 162 163 164]] [11 [165 166 167 168 169 170 171 172 173 174 175 176 177 178 179]] [12 [180 181 182 183 184 185 186 187 188 189 190]] [13 [197 198 199 200 201 202 206 207 208 209]] [14 [210 211 212 213 214 215 216 217 218 220 221 222 223 224]] [15 [225 226 227 228 229 230 231 232 233 234 235 236 238 239]] [16 [240 241 242 244 245 246 249 250 252 253 254]] [17 [255 256 257 258 259 260 261 262 263 264 265 266 267 268 269]] [18 [271 272 273 274 275 276 277 278 279 280 281 282 283 284]] [19 [285 286 287 289 290 291 292 293 294 295 296 297 298 299]] [20 [300 301 302 303 304 305 306 308 309 310 311 312 313 314]] [21 [315 316 317 318 319 320 321 322 323 324 325 326 327 328 329]] [22 [330 331 332 333 334 335 336 337 338 339 340 341 342 343 344]] [23 [345 346 347 348 349 350 351 352 353 354 355 356 357 358 359]] [24 [360 366 367 368 371 372 373 374]] [25 [375 376 377 378 380 383 384 385 386 387 388 389]] [26 [390 391 392 393 394 395 396 397 398 399 400 401 402 403 404]] [27 [405 406 407 408 409 410 411 412 413 414 415 416 417 418 419]] [28 [420 422 423 424 425 427 428 429 430 433 434]] [29 [435 436 437 438 440 441 442 443 444 445 446 448 449]] [30 [450 451 452 453 454 455 456 457 458 459 460 461 462 463 464]] [31 [465 466 467 468 469 470 471 472 473 474 475 476 477 478 479]] [32 [480 481 482 483 484 485 486 487 489 490 491 492 493 494]] [33 [495 497 498 499 500 501 502 503 504 505 506]] [34 [510 511 512 513 514 515 516 518 519 520 521 522 523 524]] [35 [525 526 527 528 529 530 531 532 533 534 535 536 537 538 539]] [36 [540 541 542 544 545 546 547 548 549 550 551 553 554]] [37 [556 558 559 560 561 562 563 564 565 566 567 568 569]] [38 [570 571 572 573 574 575 576 577 578 580 581 582 583 584]] [39 [585 586 587 588 589 590 591 592 593 594 595 596 597 598 599]] [40 [600 601 602 603 604 606 608 609 610 612 613 614]] [41 [615 616 617 618 619 620 621 622 623 624 625 626 627 628 629]] [42 [630 631 632 633 634 635 636 637 638 639 640 641 642 643 644]] [43 [646 647 648 649 650 651 652 654 655 656 657 658 659]] [44 [660 661 662 663 664 665 666 667 668 669 670 671 672 673 674]] [45 [675 676 677 678 679 680 681 682 683 684 685 686 687 688 689]] [46 [690 693 694 695 696 697 699 702 703 704]] [47 [705 706 707 708 710 711 712 713 714 715 716 717 718 719]] [48 [720 721 722 723 724 725 726 727 729 732 734]] [49 [736 738 739 741 742 743 745 746 747 748 749]] [50 [750 751 752 753 754 755 756 757 758 759 760 761 762 763 764]] [51 [765 766 767 768 769 770 771 772 773 774 775 776 777 778 779]] [52 [780 781 782 783 784 785 786 787 788 789 790 791 792 793 794]] [53 [795 796 797 800 801 802 803 804 805 807 808 809]] [54 [810 811 812 813 814 816 821 822 823 824]] [55 [825 826 827 828 829 830 831 832 833 836 837 838 839]] [56 [840 841 842 843 844 845 848 849 850 851 852 853 854]] [57 [855 856 857 858 859 860 861 862 863 864 865 866 867 868 869]] [58 [870 871 873 874 875 876 877 879 880 881 882 883 884]] [59 [885 886 888 890 893 894 895 896 897 898 899]] [60 [900 901 902 903 904 905 906 907 908 909 910 911 912 913 914]] [61 [915 917 919 920 921 922 923 924 925 926 927 928 929]] [62 [930 931 932 933 934 935 936 937 938 939 940 941 942 943 944]] [63 [945 946 947 948 949 950 951 952 953 954 955 956 957 958 959]] [64 [960 961 962 963 964 965 966 967 968 969 970 971 972 973 974]] [65 [975 976 977 978 979 980 981 982 983 984 985 986 987 988 989]] [66 [990 991 992 993 994 995 996 997 998 999 1000 1001 1002 1003 1004]] [67 [1005 1006 1007 1009 1010 1011 1012 1013 1014 1015 1016]] [68 [1020 1021 1022 1023 1024 1030 1031 1032 1034]] [69 [1035 1036 1040 1041 1042 1043 1044 1045 1046 1047 1049]] [70 [1050 1051 1052 1053 1054 1055 1056 1057 1058 1059 1060 1061 1062 1063 1064]] [71 [1065 1066 1067 1068 1069 1070 1072 1073 1074 1076 1078]] [72 [1080 1081 1083 1084 1085 1086 1087 1089 1092 1093 1094]] [73 [1096 1097 1098 1099 1100 1101 1102 1103 1104 1105 1106 1107 1108 1109]] [74 [1110 1111 1112 1113 1114 1115 1116 1117 1118 1119 1120 1121 1122 1123 1124]] [75 [1125 1126 1127 1128 1129 1130 1131 1132 1133 1134 1135 1136 1137 1138 1139]] [76 [1140 1141 1144 1145 1146 1147 1148 1149 1150 1151 1152 1153 1154]] [77 [1155 1156 1157 1158 1159 1160 1161 1162 1163 1164 1165 1166 1167 1168 1169]] [78 [1170 1171 1172 1173 1174 1175 1176 1177 1178 1179 1180 1181 1182 1183 1184]] [79 [1186 1188 1189 1190 1191 1192 1193 1194 1195 1196 1197 1198 1199]] [80 [1200 1201 1202 1205 1207 1209 1210 1211 1212 1213 1214]] [81 [1215 1216 1218 1220 1221 1222 1223 1224 1225 1228 1229]] [82 [1231 1232 1233 1235 1236 1237 1238 1239 1241 1242 1243]] [83 [1246 1247 1248 1250 1251 1252 1253 1254 1255 1256 1257 1258 1259]] [84 [1260 1261 1262 1263 1264 1265 1266 1267 1268 1269 1270 1271 1272 1273 1274]] [85 [1275 1276 1277 1278 1279 1280 1281 1282 1283 1284 1285 1286 1287 1288 1289]] [86 [1290 1291 1292 1293 1294 1295 1296 1297 1298 1299 1300 1301 1302 1303 1304]] [87 [1305 1306 1307 1308 1309 1310 1311 1312 1313 1314 1315 1316 1317 1318 1319]] [88 [1320 1321 1322 1323 1324 1325 1326 1327 1328 1329 1330 1331 1332 1333 1334]] [89 [1335 1336 1337 1338 1339 1340 1341 1342 1343 1347 1348 1349]] [90 [1350 1351 1352 1353 1354 1355 1356 1357 1358 1359 1360 1361 1362 1363 1364]] [91 [1365 1366 1367 1368 1369 1370 1371 1372 1373 1374 1375 1376 1377 1378 1379]] [92 [1380 1381 1382 1383 1384 1385 1386 1387 1388 1389 1390 1391 1392 1393 1394]] [93 [1395 1396 1397 1398 1399 1400 1401 1402 1403 1404 1405 1406 1407 1408 1409]] [94 [1410 1411 1412 1413 1414 1415 1416 1417 1418 1419 1420 1421 1422 1423 1424]] [95 [1426 1427 1428 1429 1430 1431 1432 1433 1434 1435 1436 1437 1438 1439]] [96 [1440 1441 1442 1443 1444 1445 1446 1447 1448 1449 1450 1451 1452 1453 1454]] [97 [1455 1456 1457 1458 1459 1460 1461 1462 1463 1464 1465 1466 1467 1468 1469]] [98 [1470 1471 1472 1473 1474 1475 1476 1477 1478 1479 1480 1481 1482 1483 1484]] [99 [1485 1486 1487 1488 1489 1490 1491 1492 1493 1494 1495 1496 1497 1498 1499]]]","[[0 [1 3 4 6 7 11 13 14]] [1 [17 19 22 23 25 26 27 28]] [2 [30 32 36 39 42 43]] [3 [46 48 49 50 55 57 59]] [4 [60 61 62 63 65 66 68 69 73 74]] [5 [76 77 78 79 81 84 87]] [6 [91 92 93 98 101 102 103 104]] [7 [105 106 107 110 114 116 118 119]] [8 [121 123 125 128 130 133]] [9 [139 140 141 142 143 145 146 147]] [10 [153 156 157 158 160 161 163 164]] [11 [167 168 169 175 176 178]] [12 [180 183 184 185 186 187 188 189 190]] [13 [197 198 199 200 201 202 206 207 208 209]] [14 [211 212 213 215 216 218 220 224]] [15 [225 227 229 231 233 235 236 238 239]] [16 [241 242 244 245 246 249 250 252 253 254]] [17 [258 260 261 262 263 265 267 269]] [18 [271 272 274 275 278 280 283 284]] [19 [285 286 287 291 294 296 297 298]] [20 [300 303 304 306 308 310 311 313 314]] [21 [315 316 317 319 323 324 327 328]] [22 [330 332 335 337 341 342 344]] [23 [345 346 348 349 351 358 359]] [24 [360 366 367 368 371 372 373 374]] [25 [375 376 377 378 380 383 384 387 389]] [26 [390 391 393 396]] [27 [405 409 412 415 416 417 418 419]] [28 [420 422 423 424 427 428 429 430 434]] [29 [435 436 437 438 440 441 442 444 448]] [30 [450 451 453 455 457 461]] [31 [465 469 470 474 477 478]] [32 [480 481 482 483 484 485 486 487 491 492 493 494]] [33 [495 498 499 500 503 504 505 506]] [34 [512 514 515 516 518 520 521 524]] [35 [525 527 528 531 534 536 538 539]] [36 [540 541 544 548 553 554]] [37 [556 560 561 564 565 566 568 569]] [38 [571 574 576 578 580 582 583]] [39 [585 586 587 588 590 591 593 594 596 597]] [40 [600 601 603 606 609 610 612]] [41 [615 616 617 618 620 621 624 626 627 628]] [42 [631 635 636 637 638 640 642 643 644]] [43 [646 647 648 650 651 652 654]] [44 [660 661 662 664 667 668 670 671 672 673 674]] [45 [675 676 677 679 682 683 684 685 686 687 688]] [46 [690 693 694 695 696 697 699 703 704]] [47 [706 708 712 713 714 717 718]] [48 [721 722 725 726 727 729 732 734]] [49 [736 738 739 741 742 743 745 746 747]] [50 [751 752 753 756 757 761 763]] [51 [765 767 768 770 771 774 775 776 777]] [52 [781 782 783 785 788 789 790 791 793 794]] [53 [796 797 800 801 802 803 805 807 808 809]] [54 [812 813 814 816 822 823 824]] [55 [826 827 828 831 832 833 837 839]] [56 [840 842 843 845 848 851 853 854]] [57 [855 856 859 860 861 863 864 865 866 867 868 869]] [58 [870 871 874 876 880 881]] [59 [886 888 894 895 897 898]] [60 [901 903 904 906 908 909 910 912 913]] [61 [915 917 919 921 922 923 925 926 927 928 929]] [62 [931 933 934 936 937 938 939 940 941]] [63 [946 947 948 950 955 956 959]] [64 [963 965 967 969 972 973]] [65 [976 977 978 979 980 981 983 984 987 988]] [66 [991 993 994 995 996 998 999 1000 1001]] [67 [1007 1009 1011 1012 1013 1014 1015 1016]] [68 [1020 1021 1022 1023 1024 1031 1032 1034]] [69 [1035 1036 1041 1042 1043 1044 1045 1046 1049]] [70 [1051 1052 1053 1054 1058 1062 1064]] [71 [1065 1066 1070 1072 1073 1074 1076 1078]] [72 [1081 1083 1084 1085 1087 1089 1093]] [73 [1096 1097 1098 1099 1102 1105 1107]] [74 [1111 1113 1114 1117 1120 1122]] [75 [1125 1126 1127 1128 1131 1132 1134 1135 1137]] [76 [1140 1141 1144 1145 1146 1149 1153 1154]] [77 [1155 1156 1157 1158 1161 1162 1163 1165 1167]] [78 [1171 1172 1174 1175 1177 1178 1180 1183 1184]] [79 [1186 1189 1191 1192 1193 1194 1197 1198 1199]] [80 [1200 1201 1202 1207 1209 1211 1212 1213]] [81 [1216 1218 1224 1225 1228 1229]] [82 [1232 1233 1235 1236 1237 1238 1239 1241 1242 1243]] [83 [1246 1248 1251 1252 1253 1254 1255 1256 1257 1258 1259]] [84 [1261 1265 1266 1267 1268 1269 1270 1272 1273 1274]] [85 [1277 1278 1279 1281 1283 1284 1287 1288]] [86 [1290 1291 1294 1297 1299 1301 1302 1303]] [87 [1305 1306 1307 1311 1312 1315]] [88 [1322 1323 1324 1326 1327 1328 1329 1331 1332 1333]] [89 [1335 1336 1337 1338 1341 1342 1343 1347 1348]] [90 [1350 1352 1354 1356 1357 1363]] [91 [1366 1368 1369 1370 1372 1373 1374 1375 1377 1378]] [92 [1381 1384 1385 1388 1389 1391 1392 1394]] [93 [1395 1398 1399 1402 1403 1404 1408]] [94 [1410 1411 1414 1415 1416 1417 1418 1420 1422 1424]] [95 [1426 1427 1428 1430 1431 1433 1435 1436 1437]] [96 [1441 1442 1443 1444 1446 1448 1450 1451 1452 1454]] [97 [1456 1457 1459 1460 1462 1465 1467 1468]] [98 [1471 1472 1475 1476 1477 1478 1482 1483 1484]] [99 [1485 1486 1487 1488 1490 1491 1493 1494 1497]]]",,"[[{citizen 17} [[""A"" [4 3]]]] [{citizen 37} [[""A"" [1 0]]]] [{citizen 43} [[""A"" [0 5]]]] [{citizen 46} [[""A"" [2 3]]]] [{media 50} [[""A"" [3 3]]]] [{media 54} [[""A"" [4 4]]]] [{media 55} [[""A"" [3 3]]]] [{media 56} [[""A"" [1 1]]]] [{media 57} [[""A"" [5 5]]]] [{media 59} [[""A"" [0 0]]]] [{media 63} [[""A"" [5 5]]]] [{media 60} [[""A"" [2 2]]]] [{citizen 0} [[""A"" [3 1]]]] [{citizen 3} [[""A"" [0 1]]]] [{citizen 1} [[""A"" [1 4]]]] [{citizen 7} [[""A"" [0 1]]]] [{media 53} [[""A"" [1 1]]]] [{citizen 12} [[""A"" [1 1]]]] [{citizen 5} [[""A"" [5 5]]]] [{media 52} [[""A"" [0 0]]]] [{media 58} [[""A"" [1 1]]]] [{media 62} [[""A"" [1 1]]]] [{media 64} [[""A"" [1 1]]]] [{media 51} [[""A"" [4 4]]]] [{citizen 20} [[""A"" [1 3]]]] [{citizen 25} [[""A"" [4 5]]]] [{citizen 35} [[""A"" [0 1]]]] [{citizen 8} [[""A"" [3 1]]]] [{citizen 9} [[""A"" [0 1]]]] [{citizen 33} [[""A"" [0 1]]]] [{citizen 14} [[""A"" [1 4]]]] [{citizen 11} [[""A"" [4 4]]]] [{citizen 34} [[""A"" [4 3]]]] [{citizen 23} [[""A"" [3 1]]]] [{citizen 38} [[""A"" [5 1]]]] [{citizen 26} [[""A"" [2 5]]]] [{citizen 4} [[""A"" [2 5]]]] [{citizen 45} [[""A"" [1 0]]]] [{citizen 13} [[""A"" [1 0]]]] [{citizen 22} [[""A"" [1 1]]]] [{citizen 32} [[""A"" [1 3]]]] [{citizen 42} [[""A"" [1 2]]]] [{citizen 41} [[""A"" [1 1]]]] [{citizen 10} [[""A"" [0 3]]]] [{citizen 31} [[""A"" [1 1]]]] [{citizen 6} [[""A"" [0 3]]]] [{media 61} [[""A"" [3 3]]]] [{citizen 49} [[""A"" [2 4]]]] [{citizen 19} [[""A"" [5 1]]]] [{citizen 16} [[""A"" [4 5]]]] [{citizen 18} [[""A"" [2 3]]]] [{citizen 30} [[""A"" [3 1]]]] [{citizen 2} [[""A"" [2 1]]]] [{citizen 27} [[""A"" [3 1]]]] [{citizen 24} [[""A"" [3 1]]]] [{citizen 21} [[""A"" [0 3]]]] [{citizen 40} [[""A"" [0 2]]]] [{citizen 39} [[""A"" [0 0]]]] [{citizen 47} [[""A"" [5 1]]]] [{citizen 29} [[""A"" [2 1]]]] [{citizen 48} [[""A"" [1 0]]]] [{citizen 44} [[""A"" [1 0]]]] [{citizen 28} [[""A"" [5 4]]]] [{citizen 36} [[""A"" [5 4]]]]]"
"16","[85 0 170]","119.45454545454545","8.08094096144419","-4.212150759183827","""circle""","""""","9.9","{breed citizens}","false","0.5","1","""up""",,"[[""ID"" 24] [""alpha"" 1] [""beta"" 1] [""malleable"" [""A""]] [""prior"" []] [""cont_tokens"" []] [""A"" 4]]","[[0 [0 1 2 4 6 7 8 11 12 13 14]] [1 [17 19 20 21 22 23 25 26 27 28 29]] [2 [30 31 32 33 34 35 36 37 38 39 40 41 42 43 44]] [3 [45 46 47 48 49 50 51 52 53 54 55 56 57 58 59]] [4 [60 61 62 63 64 65 66 67 68 69 70 71 72 73 74]] [5 [76 77 78 79 80 81 82 83 84 85 86 87 88 89]] [6 [90 91 92 93 94 95 96 97 98 99 100 101 102 103 104]] [7 [105 106 107 108 109 110 111 112 113 114 115 116 117 118 119]] [8 [120 121 122 123 124 125 126 127 128 130 131 132 133 134]] [9 [135 136 137 138 142 143 144 145 146 147 149]] [10 [150 151 152 153 154 155 156 157 158 159 160 161 162 163 164]] [11 [165 166 167 168 169 170 171 172 173 174 175 176 177 178 179]] [12 [180 181 182 183 184 185 186 187 188 189 190]] [13 [197 198 199 200 201 202 206 207 208 209]] [14 [210 211 212 213 214 215 216 217 218 220 221 222 223 224]] [15 [225 226 227 228 229 230 231 232 233 234 235 236 237 238 239]] [16 [240 241 242 244 245 246 249 250 252 253 254]] [17 [255 256 257 258 259 260 261 262 263 264 265 266 267 268 269]] [18 [270 271 272 273 274 275 276 277 278 279 280 281 282 283 284]] [19 [285 286 287 288 289 290 291 292 293 294 295 296 297 298 299]] [20 [300 301 302 303 304 305 306 308 309 310 311 312 313 314]] [21 [315 316 317 318 319 320 321 322 323 324 325 326 327 328 329]] [22 [330 331 332 333 334 335 336 337 338 339 340 341 342 343 344]] [23 [346 347 348 349 350 351 352 353 354 355 356 357 358 359]] [24 [361 362 363 364 365 366 367 368 369 370 371 373 374]] [25 [375 376 377 378 380 383 384 385 386 387 388 389]] [26 [390 391 392 393 394 395 396 397 398 399 400 401 402 403 404]] [27 [405 406 407 408 409 410 411 412 413 414 415 416 417 418 419]] [28 [420 422 423 424 425 427 428 429 430 433 434]] [29 [435 436 437 438 440 441 442 443 444 445 446 448 449]] [30 [450 451 452 453 454 455 456 457 458 459 460 461 462 463 464]] [31 [465 466 467 468 469 470 471 472 473 474 475 476 477 478 479]] [32 [480 481 482 483 484 485 486 487 489 490 491 492 493 494]] [33 [495 497 498 499 500 501 502 503 504 505 506]] [34 [510 511 512 513 514 515 516 518 519 520 521 522 523 524]] [35 [526 527 528 529 530 531 532 533 534 535 536 537 538 539]] [36 [540 541 542 544 545 546 547 548 549 550 551 553 554]] [37 [556 558 559 560 561 562 563 564 565 566 567 568 569]] [38 [570 571 572 573 574 575 576 577 578 580 581 582 583 584]] [39 [585 586 587 588 590 591 592 593 594 595 596 597 598 599]] [40 [600 601 602 603 604 605 606 607 608 609 610 611 612 613 614]] [41 [615 616 617 618 619 620 621 622 623 624 625 626 627 628 629]] [42 [630 631 632 633 634 635 636 637 638 639 640 641 642 643 644]] [43 [646 647 648 649 650 651 652 654 655 656 657 658 659]] [44 [660 661 662 663 664 665 666 667 668 669 670 671 672 673 674]] [45 [675 676 677 678 679 680 681 682 683 684 685 686 687 688 689]] [46 [690 693 694 695 696 697 699 702 703 704]] [47 [705 706 707 708 709 710 711 712 713 714 715 716 717 718 719]] [48 [720 722 723 724 725 726 727 728 729 730 731 732 733 734]] [49 [735 736 737 738 739 740 741 742 743 744 745 746 747 748 749]] [50 [750 751 752 753 754 755 756 757 759 760 761 762 763 764]] [51 [765 766 767 768 769 770 771 772 773 774 775 776 777 778 779]] [52 [780 781 782 783 784 785 786 787 788 789 790 791 792 793 794]] [53 [795 796 797 798 799 800 801 802 803 804 805 806 807 808 809]] [54 [810 811 812 813 814 816 821 822 823 824]] [55 [825 826 827 828 829 830 831 832 833 836 837 838 839]] [56 [840 841 842 843 844 845 846 847 848 849 850 851 852 853 854]] [57 [855 856 857 858 859 860 861 862 863 864 865 866 867 868 869]] [58 [870 871 873 874 875 876 877 879 880 881 882 883 884]] [59 [885 886 887 888 889 890 891 892 893 894 895 897 898]] [60 [901 903 904 905 906 907 908 909 910 911 912 913 914]] [61 [915 916 917 918 919 921 922 923 925 926 927 928 929]] [62 [930 931 932 933 934 935 936 937 938 939 940 941 942 943 944]] [63 [945 946 947 948 949 950 951 952 953 954 955 956 957 959]] [64 [960 961 962 963 964 965 966 967 968 969 970 971 972 973 974]] [65 [975 976 977 978 979 980 981 982 983 984 985 986 987 988 989]] [66 [990 991 992 993 994 995 996 997 998 999 1000 1001 1002 1003 1004]] [67 [1007 1009 1010 1011 1012 1013 1014 1015 1016]] [68 [1020 1021 1022 1023 1024 1030 1031 1032 1034]] [69 [1035 1036 1040 1041 1042 1043 1044 1045 1046 1047 1049]] [70 [1050 1051 1052 1053 1054 1055 1056 1057 1058 1059 1060 1061 1062 1063 1064]] [71 [1065 1066 1067 1068 1069 1070 1072 1073 1074 1076 1078]] [72 [1080 1081 1083 1084 1085 1086 1087 1089 1092 1093 1094]] [73 [1096 1097 1098 1099 1100 1101 1102 1103 1104 1105 1106 1107 1108 1109]] [74 [1110 1111 1112 1113 1114 1115 1116 1117 1118 1119 1120 1121 1122 1123 1124]] [75 [1125 1126 1127 1128 1129 1130 1131 1132 1133 1134 1135 1136 1137 1138 1139]] [76 [1140 1141 1142 1143 1144 1145 1146 1147 1148 1149 1150 1151 1152 1153 1154]] [77 [1155 1156 1157 1158 1159 1160 1161 1162 1163 1164 1165 1166 1167 1168 1169]] [78 [1170 1171 1172 1174 1175 1177 1178 1179 1180 1181 1182 1183 1184]] [79 [1185 1186 1187 1188 1189 1190 1191 1192 1193 1194 1195 1196 1197 1198 1199]] [80 [1200 1201 1202 1205 1207 1209 1210 1211 1212 1213 1214]] [81 [1215 1216 1217 1218 1219 1220 1221 1222 1223 1224 1225 1228 1229]] [82 [1231 1232 1233 1235 1236 1237 1238 1239 1241 1242 1243]] [83 [1246 1247 1248 1250 1251 1252 1253 1254 1255 1256 1257 1258 1259]] [84 [1260 1261 1262 1263 1264 1265 1266 1267 1268 1269 1270 1271 1272 1273 1274]] [85 [1275 1276 1277 1278 1279 1280 1281 1282 1283 1284 1285 1286 1287 1288 1289]] [86 [1290 1291 1292 1293 1294 1295 1296 1297 1298 1299 1300 1301 1302 1303 1304]] [87 [1305 1306 1307 1308 1309 1310 1311 1312 1313 1314 1315 1316 1317 1318 1319]] [88 [1320 1321 1322 1323 1324 1325 1326 1327 1328 1329 1330 1331 1332 1333 1334]] [89 [1335 1336 1337 1338 1339 1340 1341 1342 1343 1347 1348 1349]] [90 [1350 1351 1352 1353 1354 1355 1356 1357 1358 1359 1360 1361 1362 1363 1364]] [91 [1366 1367 1368 1369 1370 1371 1372 1373 1374 1375 1376 1377 1378 1379]] [92 [1380 1381 1383 1384 1385 1386 1387 1388 1389 1390 1391 1392 1393 1394]] [93 [1395 1398 1399 1400 1401 1402 1403 1404 1405 1406 1407 1408 1409]] [94 [1410 1411 1412 1413 1414 1415 1416 1417 1418 1419 1420 1421 1422 1423 1424]] [95 [1425 1426 1427 1428 1429 1430 1431 1432 1433 1434 1435 1436 1437 1438 1439]] [96 [1440 1441 1442 1443 1444 1445 1446 1447 1448 1449 1450 1451 1452 1453 1454]] [97 [1455 1456 1457 1458 1459 1460 1461 1462 1463 1464 1465 1466 1467 1468 1469]] [98 [1470 1471 1472 1473 1474 1475 1476 1477 1478 1479 1480 1481 1482 1483 1484]] [99 [1489 1490 1491 1492 1493 1494 1495 1496 1497 1498 1499]]]","[[0 [6 7 11 13 14]] [1 [17 19 22 23 25 27 28]] [2 [30 33 34 35 36 37 39 42 43]] [3 [46 48 49 50 55 57 59]] [4 [60 61 62 63 64 66 68 69 73 74]] [5 [76 77 78 79 81 83 84 87]] [6 [91 92 93 98 101 102 103 104]] [7 [105 106 107 108 109 111 112 117 119]] [8 [121 123 125 127 128 130 132 134]] [9 [135 136 137 138 144 145 146 147]] [10 [153 155 159 163 164]] [11 [167 168 169 175 176 178]] [12 [180 183 184 185 186 187 188 189 190]] [13 [197 198 200 201 202 206 208 209]] [14 [211 212 214 215 216 217 218 221 222 223]] [15 [226 227 229 231 233 238 239]] [16 [240 242 244 245 246 249 250 252 253 254]] [17 [258 260 262 263 265 267 268]] [18 [270 276 277 278 280 283]] [19 [285 286 287 289 290 292 293 297 298]] [20 [301 302 305 306 308 310 311 313 314]] [21 [315 317 318 320 321 322 323 327]] [22 [330 331 332 338 339 340]] [23 [346 350 353 355 356 357]] [24 [361 362 363 364 365 366 367 368 371 373 374]] [25 [375 376 378 380 383 386 388 389]] [26 [391 393 396 400 401 402 404]] [27 [405 406 410 411 412 415 416 418 419]] [28 [420 422 423 424 427 428 429 430 433 434]] [29 [435 436 437 438 443 445 446 448]] [30 [450 451 452 453 455 457 461]] [31 [465 469 470 471 472 473 475 479]] [32 [485 486 487 491 492 493 494]] [33 [497 498 499 500 503 504 505 506]] [34 [512 514 515 516 519 522 523]] [35 [526 529 530 531 536 538 539]] [36 [540 541 544 546 547 548 549 550 551 553 554]] [37 [556 560 561 564 565 567 568 569]] [38 [570 572 573 577 581 584]] [39 [586 587 588 591 592 593 595 598 599]] [40 [602 603 604 606 608 609 610 612]] [41 [615 616 617 618 619 622 624 626 627 628]] [42 [631 635 636 637 638 640 643 644]] [43 [646 647 648 649 650 651 652 654 656 659]] [44 [660 661 662 664 667 668 670 671 672 673 674]] [45 [675 676 677 678 680 681 686 687 688]] [46 [690 693 694 695 696 697 699 703]] [47 [705 707 708 710 711 715 716 719]] [48 [728 730 731 733]] [49 [735 737 740 744 746 748 749]] [50 [750 753 754 755 756 757 759 760 761 763 764]] [51 [767 768 770 771 774 775 776 777]] [52 [781 782 783 785 788 789 790 791 793 794]] [53 [795 796 797 800 801 802 803 805 807 808 809]] [54 [812 813 814 816 822 823 824]] [55 [825 829 830 831 832 836 838]] [56 [841 842 843 845 848 849 852]] [57 [857 858 862 867 868 869]] [58 [870 871 873 875 877 882 883 884]] [59 [887 889 891 892 893 895 897 898]] [60 [901 903 905 907 911 914]] [61 [916 918 921 922 923 925 928 929]] [62 [931 933 934 936 937 939 940 942 943 944]] [63 [945 946 947 948 950 955 956 957]] [64 [960 961 965 967 969 972 973]] [65 [976 979 980 981 983 984 987 988]] [66 [990 992 993 994 995 996 998 999 1000 1001]] [67 [1007 1009 1011 1012 1013 1014 1015 1016]] [68 [1020 1021 1022 1023 1024 1031 1034]] [69 [1035 1040 1042 1043 1044 1045 1046 1047 1049]] [70 [1051 1052 1055 1056 1057 1059 1060 1063 1064]] [71 [1065 1066 1070 1072 1073 1074 1076 1078]] [72 [1080 1081 1083 1084 1085 1087 1089 1093]] [73 [1096 1097 1098 1099 1100 1101 1103 1104 1105 1107 1108 1109]] [74 [1110 1111 1113 1114 1117 1120]] [75 [1126 1127 1128 1130 1132 1133 1136 1138]] [76 [1140 1141 1147 1148 1150 1151 1152 1153 1154]] [77 [1155 1157 1159 1160 1161 1162 1166 1168 1169]] [78 [1170 1172 1174 1175 1177 1178 1180 1183 1184]] [79 [1186 1189 1191 1192 1195 1196 1198 1199]] [80 [1200 1201 1202 1207 1209 1210 1212 1213]] [81 [1216 1218 1220 1223 1224 1225 1228 1229]] [82 [1231 1232 1237 1238 1239 1241 1242 1243]] [83 [1246 1248 1251 1252 1253 1254 1255 1256 1257 1258 1259]] [84 [1261 1265 1266 1267 1268 1269 1270 1272 1273 1274]] [85 [1277 1278 1279 1281 1283 1284 1289]] [86 [1291 1294 1297 1299 1303]] [87 [1305 1306 1307 1311 1312 1315]] [88 [1322 1323 1324 1326 1328 1329 1331 1332 1333]] [89 [1335 1336 1337 1338 1347 1348]] [90 [1350 1352 1354 1356 1357 1363]] [91 [1371 1372 1373 1374 1375 1377 1378]] [92 [1384 1385 1388 1389 1391 1392 1393 1394]] [93 [1395 1398 1399 1402 1403 1404 1409]] [94 [1412 1413 1415 1416 1417 1418 1422 1424]] [95 [1426 1427 1428 1430 1432 1438]] [96 [1440 1443 1444 1446 1448 1450 1452 1453]] [97 [1455 1458 1459 1460 1462 1465 1467 1468]] [98 [1473 1474 1476 1477 1478 1479 1481]] [99 [1489 1490 1491 1492 1495 1498 1499]]]",,"[[{citizen 25} [[""A"" [5 3]]]] [{media 50} [[""A"" [3 3]]]] [{media 54} [[""A"" [4 4]]]] [{media 55} [[""A"" [3 3]]]] [{media 56} [[""A"" [1 1]]]] [{media 57} [[""A"" [5 5]]]] [{media 59} [[""A"" [0 0]]]] [{media 63} [[""A"" [5 5]]]] [{media 60} [[""A"" [2 2]]]] [{citizen 0} [[""A"" [3 4]]]] [{citizen 2} [[""A"" [5 4]]]] [{media 61} [[""A"" [3 3]]]] [{citizen 14} [[""A"" [4 4]]]] [{citizen 5} [[""A"" [5 1]]]] [{citizen 11} [[""A"" [4 4]]]] [{citizen 4} [[""A"" [3 1]]]] [{media 64} [[""A"" [1 1]]]] [{media 51} [[""A"" [4 4]]]] [{citizen 34} [[""A"" [3 2]]]] [{citizen 23} [[""A"" [1 4]]]] [{citizen 38} [[""A"" [1 1]]]] [{citizen 26} [[""A"" [3 4]]]] [{citizen 42} [[""A"" [1 2]]]] [{citizen 3} [[""A"" [3 1]]]] [{citizen 41} [[""A"" [1 1]]]] [{citizen 1} [[""A"" [4 4]]]] [{citizen 10} [[""A"" [5 4]]]] [{citizen 31} [[""A"" [1 1]]]] [{citizen 20} [[""A"" [4 4]]]] [{citizen 6} [[""A"" [3 4]]]] [{citizen 22} [[""A"" [3 3]]]] [{citizen 32} [[""A"" [5 3]]]] [{citizen 7} [[""A"" [5 5]]]] [{citizen 43} [[""A"" [5 3]]]] [{citizen 15} [[""A"" [1 1]]]] [{citizen 37} [[""A"" [5 4]]]] [{citizen 46} [[""A"" [3 1]]]] [{citizen 18} [[""A"" [3 4]]]] [{citizen 39} [[""A"" [5 3]]]] [{citizen 8} [[""A"" [1 1]]]] [{citizen 35} [[""A"" [1 1]]]] [{citizen 44} [[""A"" [3 5]]]] [{citizen 49} [[""A"" [1 1]]]] [{citizen 12} [[""A"" [3 4]]]] [{citizen 19} [[""A"" [1 1]]]] [{citizen 17} [[""A"" [4 3]]]] [{citizen 33} [[""A"" [3 1]]]] [{citizen 24} [[""A"" [1 4]]]] [{citizen 21} [[""A"" [5 4]]]] [{citizen 40} [[""A"" [5 3]]]] [{media 53} [[""A"" [1 1]]]] [{citizen 9} [[""A"" [3 1]]]] [{media 58} [[""A"" [1 1]]]] [{citizen 30} [[""A"" [1 1]]]] [{citizen 27} [[""A"" [5 3]]]] [{media 52} [[""A"" [0 0]]]] [{citizen 29} [[""A"" [3 1]]]] [{citizen 47} [[""A"" [1 1]]]] [{citizen 28} [[""A"" [4 4]]]] [{citizen 48} [[""A"" [5 4]]]] [{citizen 13} [[""A"" [5 4]]]] [{media 62} [[""A"" [1 1]]]] [{citizen 45} [[""A"" [5 3]]]] [{citizen 36} [[""A"" [4 4]]]]]"
"17","[85 0 170]","12.857142857142858","3.266464805043172","13.969176587844352","""circle""","""""","9.9","{breed citizens}","false","0.5","1","""up""",,"[[""ID"" 22] [""alpha"" 1] [""beta"" 1] [""malleable"" [""A""]] [""prior"" []] [""cont_tokens"" []] [""A"" 4]]","[[0 [0 1 2 3 4 5 6 7 8 9 11 12 13 14]] [1 [15 16 17 18 19 20 21 22 23 24 25 26 27 28 29]] [2 [30 32 33 34 35 36 37 39 40 41 42 43 44]] [3 [45 46 47 48 49 50 54 55 56 57 58 59]] [4 [60 61 62 63 64 65 66 67 68 69 70 71 72 73 74]] [5 [75 76 77 78 79 80 81 82 83 84 85 86 87 88 89]] [6 [90 91 92 93 94 95 96 97 98 99 100 101 102 103 104]] [7 [105 106 107 108 109 110 111 112 113 114 115 116 117 118 119]] [8 [120 121 122 123 124 125 126 127 128 130 131 132 133 134]] [9 [135 136 137 138 139 140 141 142 143 144 145 146 147 148 149]] [10 [150 151 152 154 155 156 157 158 159 160 161 162 163 164]] [11 [165 166 167 168 169 170 171 172 173 174 175 176 177 178 179]] [12 [180 181 182 183 184 185 186 187 188 189 190]] [13 [197 198 199 200 201 202 206 207 208 209]] [14 [210 211 212 213 214 215 216 217 218 219 220 221 222 223 224]] [15 [225 226 227 228 229 230 231 232 233 234 235 236 238 239]] [16 [240 241 242 244 245 246 249 250 252 253 254]] [17 [255 256 257 258 259 260 261 262 263 264 265 266 267 268 269]] [18 [270 271 272 273 274 275 276 277 278 279 280 281 282 283 284]] [19 [285 286 287 288 289 290 291 292 293 294 295 296 297 298 299]] [20 [301 302 303 304 305 306 307 308 309 310 311 312 313 314]] [21 [315 316 317 318 319 320 321 322 323 324 325 326 327 328 329]] [22 [331 332 333 334 335 336 337 338 339 340 341 342 343 344]] [23 [345 346 347 348 349 350 351 352 353 354 355 356 357 358 359]] [24 [361 362 363 364 365 366 367 368 369 370 371 373 374]] [25 [375 376 377 378 380 383 384 385 386 387 388 389]] [26 [390 391 392 393 394 395 396 397 398 399 400 401 402 403 404]] [27 [405 406 407 408 409 410 411 412 413 414 415 416 417 418 419]] [28 [420 422 423 424 425 427 428 429 430 433 434]] [29 [435 436 437 438 440 441 442 443 444 445 446 448 449]] [30 [450 451 452 453 454 455 456 457 458 459 460 461 462 463 464]] [31 [465 466 467 468 469 470 471 472 473 474 475 476 477 478 479]] [32 [480 481 482 483 484 485 486 487 488 489 490 491 492 493 494]] [33 [495 497 498 499 500 501 502 503 504 505 506]] [34 [510 511 512 513 514 515 516 517 518 519 520 521 522 523 524]] [35 [525 526 527 528 529 530 531 532 533 534 535 536 537 538 539]] [36 [540 541 542 544 545 546 547 548 549 550 551 553 554]] [37 [555 556 557 558 559 560 561 562 563 564 565 566 567 568 569]] [38 [570 571 572 573 574 575 576 577 578 579 580 581 582 583 584]] [39 [585 586 587 588 590 591 592 593 594 595 596 597 598 599]] [40 [600 601 602 603 604 605 606 607 608 609 610 611 612 613 614]] [41 [615 616 617 618 619 620 621 622 623 624 625 626 627 628 629]] [42 [630 631 632 633 634 635 636 637 638 639 640 641 642 643 644]] [43 [645 646 647 648 649 650 651 652 653 654 655 656 657 658 659]] [44 [660 661 662 663 664 665 666 667 668 669 670 671 672 673 674]] [45 [675 676 677 678 679 680 681 682 683 684 685 686 687 688 689]] [46 [690 693 694 695 696 697 699 702 703 704]] [47 [705 706 707 708 709 710 711 712 713 714 715 716 717 718 719]] [48 [720 721 722 723 724 725 726 727 729 732 734]] [49 [736 738 739 741 742 743 745 746 747 748 749]] [50 [750 751 752 753 754 755 756 757 759 760 761 762 763 764]] [51 [765 766 767 768 769 770 771 772 773 774 775 776 777 778 779]] [52 [780 781 782 783 784 785 786 787 788 789 790 791 793 794]] [53 [795 796 797 800 801 802 803 804 805 807 808 809]] [54 [812 813 814 816 821 822 823 824]] [55 [825 826 827 828 829 830 831 832 833 836 837 838 839]] [56 [840 841 842 843 844 845 846 847 848 849 850 851 852 853 854]] [57 [855 856 857 858 859 860 861 862 863 864 865 866 867 868 869]] [58 [870 871 873 874 875 876 877 879 880 881 882 883 884]] [59 [885 886 887 888 889 890 891 892 893 894 895 896 897 898 899]] [60 [901 903 904 905 906 907 908 909 910 911 912 913 914]] [61 [915 916 917 918 919 920 921 922 923 924 925 926 927 928 929]] [62 [930 931 932 933 934 935 936 937 938 939 940 941 942 943 944]] [63 [945 946 947 948 949 950 951 952 953 954 955 956 957 958 959]] [64 [960 961 962 963 964 965 966 967 968 969 970 971 972 973 974]] [65 [975 976 977 978 979 980 981 982 983 984 985 986 987 988 989]] [66 [990 991 992 993 994 995 996 997 998 999 1000 1001 1003 1004]] [67 [1005 1006 1007 1008 1009 1010 1011 1012 1013 1014 1015 1016]] [68 [1020 1021 1022 1023 1024 1030 1031 1032 1034]] [69 [1035 1036 1040 1041 1042 1043 1044 1045 1046 1047 1049]] [70 [1050 1051 1052 1053 1054 1055 1056 1057 1058 1059 1060 1061 1062 1063 1064]] [71 [1065 1066 1067 1068 1069 1070 1071 1072 1073 1074 1075 1076 1077 1078 1079]] [72 [1080 1081 1083 1084 1085 1086 1087 1089 1092 1093 1094]] [73 [1095 1096 1097 1098 1099 1100 1101 1102 1103 1104 1105 1107 1108 1109]] [74 [1110 1111 1112 1113 1114 1115 1116 1117 1118 1119 1120 1121 1122 1123 1124]] [75 [1125 1126 1127 1128 1129 1130 1131 1132 1133 1134 1135 1136 1137 1138 1139]] [76 [1140 1141 1144 1145 1146 1147 1148 1149 1150 1151 1152 1153 1154]] [77 [1155 1156 1157 1158 1159 1160 1161 1162 1163 1164 1165 1166 1167 1168 1169]] [78 [1170 1172 1174 1175 1177 1178 1179 1180 1181 1182 1183 1184]] [79 [1185 1186 1187 1188 1189 1190 1191 1192 1193 1194 1195 1196 1197 1198 1199]] [80 [1200 1201 1202 1203 1204 1205 1207 1209 1210 1211 1212 1213 1214]] [81 [1215 1216 1218 1220 1221 1222 1223 1224 1225 1228 1229]] [82 [1231 1232 1233 1235 1236 1237 1238 1239 1241 1242 1243]] [83 [1246 1247 1248 1250 1251 1252 1253 1254 1255 1256 1257 1258 1259]] [84 [1260 1261 1262 1263 1264 1265 1266 1267 1268 1269 1270 1271 1272 1273 1274]] [85 [1275 1276 1277 1278 1279 1280 1281 1282 1283 1284 1285 1286 1287 1288 1289]] [86 [1290 1291 1292 1293 1294 1295 1296 1297 1298 1299 1300 1301 1302 1303 1304]] [87 [1305 1306 1307 1308 1309 1310 1311 1312 1313 1314 1315 1316 1317 1318 1319]] [88 [1320 1321 1322 1323 1324 1325 1326 1327 1328 1329 1330 1331 1332 1333 1334]] [89 [1335 1336 1337 1338 1339 1340 1341 1342 1343 1347 1348 1349]] [90 [1350 1351 1352 1353 1354 1355 1356 1357 1358 1359 1360 1361 1362 1363 1364]] [91 [1365 1366 1367 1368 1369 1370 1371 1372 1373 1374 1375 1376 1377 1378 1379]] [92 [1380 1381 1382 1383 1385 1386 1387 1388 1389 1390 1391 1392 1393 1394]] [93 [1395 1398 1399 1400 1401 1402 1403 1404 1405 1406 1407 1408 1409]] [94 [1410 1411 1412 1413 1414 1415 1416 1417 1418 1419 1420 1421 1422 1423 1424]] [95 [1425 1426 1427 1428 1429 1430 1431 1432 1433 1434 1435 1436 1437 1438 1439]] [96 [1440 1441 1442 1443 1444 1446 1448 1450 1451 1452 1453 1454]] [97 [1455 1456 1457 1458 1459 1460 1461 1462 1463 1464 1465 1466 1467 1468 1469]] [98 [1470 1471 1472 1473 1474 1475 1476 1477 1478 1479 1480 1481 1482 1483 1484]] [99 [1485 1486 1487 1488 1489 1490 1491 1492 1493 1494 1495 1496 1497 1498 1499]]]","[[0 [0 1 2 3 4 7 11 13 14]] [1 [17 19 22 23 25 26 27 28]] [2 [30 33 34 35 36 39 41 42 43 44]] [3 [45 46 48 49 50 55 57 58]] [4 [61 62 63 65 67 70 71 72]] [5 [75 77 78 79 81 83 84 85 86 88 89]] [6 [90 94 95 96 99 100 101 102 103 104]] [7 [105 106 107 110 114 116 118 119]] [8 [121 123 125 127 130 133]] [9 [139 140 141 148]] [10 [150 152 154 155 158 160 161 163 164]] [11 [167 168 169 175 176 178]] [12 [180 181 182 183 184 185 186 187 188 189 190]] [13 [197 198 200 201 202 206 207 208]] [14 [210 213 215 216 217 218 220 224]] [15 [225 226 228 230 234 235 236 238 239]] [16 [240 242 244 245 246 249 250 252 253 254]] [17 [256 257 258 260 262 263 265 267 268]] [18 [270 273 274 275 278 279 281 282 283 284]] [19 [285 286 287 291 294 295 296 299]] [20 [302 305 306 308 310 311 313 314]] [21 [315 317 318 320 321 322 325 326 329]] [22 [331 332 339 340]] [23 [350 352 353 355 356 357]] [24 [361 362 363 364 365 368 371 373 374]] [25 [375 376 377 380 383 384 387 388]] [26 [392 394 395 397 399 401 402 404]] [27 [405 406 410 411 413 414 417 418 419]] [28 [420 422 423 424 427 428 429 430 433 434]] [29 [435 438 443 444 446 448]] [30 [450 451 452 453 455 457 461]] [31 [465 469 470 471 472 473 474 476 477 478]] [32 [480 481 482 483 484 486 487 491 492 493 494]] [33 [495 497 498 499 500 501 502]] [34 [510 511 513 514 515 516 518 521 524]] [35 [525 527 531 534 536 538 539]] [36 [540 542 545 546 547 548 549 550 551 553 554]] [37 [556 558 559 563]] [38 [570 572 573 577 580 582 583 584]] [39 [585 586 587 588 591 592 593 595 598 599]] [40 [602 603 604 606 609 610 612]] [41 [615 616 617 619 620 622 624 626 627]] [42 [630 632 633 634 636 637 638 640 641 642 643 644]] [43 [646 647 648 649 650 651 652 654]] [44 [660 661 662 664 667 668 670 671 672 673 674]] [45 [675 677 680 681 685 686 687 688]] [46 [690 693 694 695 696 697 699 702 703]] [47 [705 707 708 712 713 714 717 718]] [48 [721 722 723 724 725 726 727 729 732 734]] [49 [736 738 739 741 743 745 746 748 749]] [50 [750 752 753 756 757 759 760 761 763]] [51 [765 767 769 770 771 774 775 776 777 778 779]] [52 [780 784 786 787 791 793 794]] [53 [795 796 797 800 801 802 803 805 807 808 809]] [54 [812 813 814 816 822 823 824]] [55 [825 829 830 831 832 836]] [56 [840 842 844 845 848 851 853 854]] [57 [855 856 859 860 861 863 864 866 867 868 869]] [58 [870 871 873 875 877 882 883 884]] [59 [885 886 888 889 891 892 893 895 897 898]] [60 [901 904 905 906 908 909 910 912 913]] [61 [915 917 919 921 922 923 925 928 929]] [62 [931 933 934 936 937 940 942 943 944]] [63 [945 946 947 950 955 956 959]] [64 [962 966 968 969 972 973 974]] [65 [975 977 978 979 980 981 983 984 987 988 989]] [66 [990 991 993 995 996 997 999 1000 1001]] [67 [1007 1009 1010 1011 1012 1013 1014 1015 1016]] [68 [1020 1021 1022 1023 1024 1031 1034]] [69 [1035 1036 1041 1042 1043 1044 1045 1046 1049]] [70 [1051 1052 1055 1056 1057 1058 1061 1062]] [71 [1065 1066 1070 1072 1073 1074 1076 1078]] [72 [1080 1083 1084 1085 1086 1087 1089 1092 1094]] [73 [1098 1099 1100 1101 1104 1105 1107 1108 1109]] [74 [1110 1111 1113 1114 1117 1120 1122]] [75 [1125 1126 1127 1128 1131 1134 1135 1137]] [76 [1140 1141 1144 1145 1146 1149 1151 1152 1154]] [77 [1155 1156 1157 1159 1160 1162 1166 1168 1169]] [78 [1170 1172 1174 1175 1177 1178 1179 1182]] [79 [1187 1190 1191 1192 1195 1196 1198 1199]] [80 [1200 1201 1202 1207 1209 1211 1212 1213]] [81 [1216 1218 1220 1221 1222 1223 1224 1225 1228 1229]] [82 [1231 1232 1233 1235 1236 1237 1238 1239 1241 1242 1243]] [83 [1246 1248 1251 1252 1253 1254 1255]] [84 [1260 1262 1263 1267 1268 1269 1271]] [85 [1276 1279 1281 1283 1284 1287 1288 1289]] [86 [1292 1295 1296 1297 1299 1301 1302 1303]] [87 [1305 1306 1307 1311 1312 1315 1316 1318]] [88 [1320 1321 1324 1326 1328 1329 1332 1333]] [89 [1335 1336 1339 1340 1342 1343 1347 1349]] [90 [1350 1351 1353 1355 1358 1359 1361 1362 1364]] [91 [1365 1367 1368 1369 1370 1372 1373 1376]] [92 [1380 1382 1383 1386 1387 1391 1392 1393 1394]] [93 [1395 1398 1399 1400 1401 1402 1403 1404 1405 1406 1407 1408]] [94 [1410 1411 1414 1415 1420 1421 1422 1424]] [95 [1426 1427 1428 1430 1432 1438]] [96 [1440 1444 1446 1448 1450 1451 1452 1453]] [97 [1455 1458 1459 1460 1462 1465 1467 1468]] [98 [1471 1472 1475 1476 1477 1478 1479 1481]] [99 [1489 1490 1491 1492 1495 1496 1498 1499]]]",,"[[{citizen 31} [[""A"" [1 1]]]] [{citizen 33} [[""A"" [3 1]]]] [{citizen 35} [[""A"" [1 1]]]] [{citizen 41} [[""A"" [3 1]]]] [{media 50} [[""A"" [3 3]]]] [{media 52} [[""A"" [0 0]]]] [{media 53} [[""A"" [1 1]]]] [{media 54} [[""A"" [4 4]]]] [{media 55} [[""A"" [3 3]]]] [{media 56} [[""A"" [1 1]]]] [{media 57} [[""A"" [5 5]]]] [{media 58} [[""A"" [1 1]]]] [{media 59} [[""A"" [0 0]]]] [{media 60} [[""A"" [2 2]]]] [{media 61} [[""A"" [3 3]]]] [{media 63} [[""A"" [5 5]]]] [{media 64} [[""A"" [1 1]]]] [{citizen 0} [[""A"" [3 4]]]] [{citizen 3} [[""A"" [3 1]]]] [{citizen 1} [[""A"" [4 4]]]] [{citizen 7} [[""A"" [5 4]]]] [{citizen 15} [[""A"" [1 1]]]] [{citizen 5} [[""A"" [5 3]]]] [{citizen 12} [[""A"" [4 4]]]] [{citizen 6} [[""A"" [4 4]]]] [{media 51} [[""A"" [4 4]]]] [{media 62} [[""A"" [1 1]]]] [{citizen 19} [[""A"" [5 3]]]] [{citizen 32} [[""A"" [5 3]]]] [{citizen 20} [[""A"" [4 4]]]] [{citizen 25} [[""A"" [5 3]]]] [{citizen 14} [[""A"" [4 4]]]] [{citizen 11} [[""A"" [4 4]]]] [{citizen 34} [[""A"" [4 4]]]] [{citizen 23} [[""A"" [4 4]]]] [{citizen 38} [[""A"" [1 1]]]] [{citizen 26} [[""A"" [3 4]]]] [{citizen 4} [[""A"" [3 1]]]] [{citizen 13} [[""A"" [4 4]]]] [{citizen 22} [[""A"" [3 3]]]] [{citizen 42} [[""A"" [0 2]]]] [{citizen 10} [[""A"" [4 4]]]] [{citizen 43} [[""A"" [3 4]]]] [{citizen 45} [[""A"" [5 3]]]] [{citizen 8} [[""A"" [1 1]]]] [{citizen 49} [[""A"" [1 1]]]] [{citizen 16} [[""A"" [4 4]]]] [{citizen 18} [[""A"" [4 4]]]] [{citizen 46} [[""A"" [3 1]]]] [{citizen 9} [[""A"" [3 1]]]] [{citizen 30} [[""A"" [1 1]]]] [{citizen 2} [[""A"" [4 4]]]] [{citizen 27} [[""A"" [5 3]]]] [{citizen 24} [[""A"" [4 4]]]] [{citizen 21} [[""A"" [4 4]]]] [{citizen 40} [[""A"" [3 4]]]] [{citizen 39} [[""A"" [3 4]]]] [{citizen 37} [[""A"" [4 4]]]] [{citizen 47} [[""A"" [3 1]]]] [{citizen 48} [[""A"" [5 4]]]] [{citizen 29} [[""A"" [3 1]]]] [{citizen 44} [[""A"" [5 4]]]] [{citizen 28} [[""A"" [4 4]]]] [{citizen 36} [[""A"" [4 4]]]]]"
"18","[85 0 170]","41.785714285714285","6.269751295635309","7.629203353986007","""circle""","""""","9.9","{breed citizens}","false","0.5","1","""up""",,"[[""ID"" 5] [""alpha"" 1] [""beta"" 1] [""malleable"" [""A""]] [""prior"" []] [""cont_tokens"" []] [""A"" 4]]","[[0 [0 1 2 3 4 5 6 7 8 9 10 11 12 13 14]] [1 [15 16 17 18 19 20 21 22 23 24 25 26 27 28]] [2 [30 32 33 34 35 36 37 38 39 40 41 42 43 44]] [3 [45 46 47 48 49 50 54 55 56 57 58 59]] [4 [60 61 62 63 64 65 66 67 68 69 70 71 72 73 74]] [5 [75 76 77 78 79 80 81 82 83 84 85 86 87 88 89]] [6 [91 92 93 94 95 96 97 98 99 100 101 102 103 104]] [7 [105 106 107 108 109 110 111 112 113 114 115 116 117 118 119]] [8 [120 121 122 123 124 125 126 127 128 129 130 131 132 133 134]] [9 [135 136 137 138 139 140 141 142 143 144 145 146 147 148 149]] [10 [150 151 152 153 154 155 156 157 158 159 160 161 162 163 164]] [11 [165 166 167 168 169 170 171 172 173 174 175 176 177 178 179]] [12 [180 181 182 183 184 185 186 187 188 189 190 191 192 193 194]] [13 [197 198 199 200 201 202 206 207 208 209]] [14 [210 211 212 213 214 215 216 217 218 219 220 221 222 223 224]] [15 [225 226 227 228 229 230 231 232 233 234 235 236 237 238 239]] [16 [240 241 242 244 245 246 249 250 252 253 254]] [17 [255 256 257 258 259 260 261 262 263 264 265 266 267 268 269]] [18 [270 271 272 273 274 275 276 277 278 279 280 281 282 283 284]] [19 [285 286 287 288 289 290 291 292 293 294 295 296 297 298 299]] [20 [300 301 302 303 304 305 306 308 309 310 311 312 313 314]] [21 [315 316 317 318 319 320 321 322 323 324 325 326 327 328 329]] [22 [331 332 333 334 335 336 337 338 339 340 341 342 343 344]] [23 [345 346 347 348 349 350 351 352 353 354 355 356 357 358 359]] [24 [360 366 367 368 371 372 373 374]] [25 [375 376 377 378 380 383 384 385 386 387 388 389]] [26 [390 391 392 393 394 395 396 397 398 399 400 401 402 403 404]] [27 [405 406 407 408 409 410 411 412 413 414 415 416 417 418 419]] [28 [420 422 423 424 425 427 428 429 430 433 434]] [29 [435 436 437 438 440 441 442 443 444 445 446 448 449]] [30 [450 451 452 453 454 455 456 457 458 459 460 461 462 463 464]] [31 [465 466 467 468 469 470 471 472 473 474 475 476 477 478 479]] [32 [480 481 482 483 484 485 486 487 489 490 491 492 493 494]] [33 [495 497 498 499 500 501 502 503 504 505 506]] [34 [510 511 512 513 514 515 516 518 519 520 521 522 523 524]] [35 [525 526 527 528 529 530 531 532 533 534 535 536 537 538 539]] [36 [540 541 542 544 545 546 547 548 549 550 551 553 554]] [37 [556 558 559 560 561 562 563 564 565 566 567 568 569]] [38 [570 571 572 573 574 575 576 577 578 580 581 582 583 584]] [39 [585 586 587 588 589 590 591 592 593 594 595 596 597 598 599]] [40 [600 601 602 603 604 606 607 608 609 610 611 612 613 614]] [41 [615 616 617 618 619 620 621 622 623 624 625 626 627 628 629]] [42 [630 631 632 633 634 635 636 637 638 639 640 641 642 643 644]] [43 [645 646 647 648 649 650 651 652 653 654 655 656 657 658 659]] [44 [660 661 662 663 664 665 666 667 668 669 670 671 672 673 674]] [45 [675 676 677 678 679 680 681 682 683 684 685 686 687 688 689]] [46 [690 693 694 695 696 697 699 702 703 704]] [47 [705 706 707 708 710 711 712 713 714 715 716 717 718 719]] [48 [720 721 722 723 724 725 726 727 728 729 730 731 732 733 734]] [49 [735 736 737 738 739 740 741 742 743 744 745 746 747 748 749]] [50 [750 751 752 753 754 755 756 757 759 760 761 762 763 764]] [51 [765 766 767 768 769 770 771 772 773 774 775 776 777 778 779]] [52 [780 781 782 783 784 785 786 787 788 789 790 791 792 793 794]] [53 [795 796 797 798 799 800 801 802 803 804 805 806 807 808 809]] [54 [810 811 812 813 814 816 821 822 823 824]] [55 [825 826 827 828 829 830 831 832 833 836 837 838 839]] [56 [840 841 842 843 844 845 848 849 850 851 852 853 854]] [57 [855 856 857 858 859 860 861 862 863 864 865 866 867 868 869]] [58 [870 871 873 874 875 876 877 879 880 881 882 883 884]] [59 [885 886 887 888 889 890 891 892 893 894 895 897 898]] [60 [901 903 904 905 906 907 908 909 910 911 912 913 914]] [61 [915 916 917 918 919 921 922 923 925 926 927 928 929]] [62 [930 931 932 933 934 935 936 937 938 939 940 941 942 943 944]] [63 [945 946 947 948 950 952 953 954 955 956 958 959]] [64 [960 961 962 963 964 965 966 967 968 969 970 971 972 973 974]] [65 [975 976 977 978 979 980 981 982 983 984 985 986 987 988 989]] [66 [990 991 992 993 994 995 996 997 998 999 1000 1001 1002 1003 1004]] [67 [1007 1009 1010 1011 1012 1013 1014 1015 1016]] [68 [1020 1021 1022 1023 1024 1030 1031 1032 1034]] [69 [1035 1036 1040 1041 1042 1043 1044 1045 1046 1047 1049]] [70 [1050 1051 1052 1053 1054 1055 1056 1057 1058 1059 1060 1061 1062 1063 1064]] [71 [1065 1066 1067 1068 1069 1070 1072 1073 1074 1076 1078]] [72 [1080 1081 1083 1084 1085 1086 1087 1089 1092 1093 1094]] [73 [1095 1096 1097 1098 1099 1100 1101 1102 1103 1104 1105 1106 1107 1108 1109]] [74 [1110 1111 1112 1113 1114 1115 1116 1117 1118 1119 1120 1121 1122 1123 1124]] [75 [1125 1126 1127 1128 1129 1130 1131 1132 1133 1134 1135 1136 1137 1138 1139]] [76 [1140 1141 1144 1145 1146 1147 1148 1149 1150 1151 1152 1153 1154]] [77 [1155 1156 1157 1158 1159 1160 1161 1162 1163 1164 1165 1166 1167 1168 1169]] [78 [1171 1172 1173 1174 1175 1176 1177 1178 1179 1180 1181 1182 1183 1184]] [79 [1186 1188 1189 1190 1191 1192 1193 1194 1195 1196 1197 1198 1199]] [80 [1200 1201 1202 1205 1207 1209 1210 1211 1212 1213 1214]] [81 [1215 1216 1218 1220 1221 1222 1223 1224 1225 1228 1229]] [82 [1231 1232 1233 1235 1236 1237 1238 1239 1241 1242 1243]] [83 [1246 1247 1248 1250 1251 1252 1253 1254 1255 1256 1257 1258 1259]] [84 [1261 1264 1265 1266 1267 1268 1269 1270 1271 1272 1273 1274]] [85 [1275 1276 1277 1278 1279 1280 1281 1282 1283 1284 1285 1286 1287 1288 1289]] [86 [1290 1291 1292 1293 1294 1295 1296 1297 1298 1299 1300 1301 1302 1303 1304]] [87 [1305 1306 1307 1308 1309 1310 1311 1312 1313 1314 1315 1316 1317 1318 1319]] [88 [1320 1321 1322 1323 1324 1325 1326 1327 1328 1329 1330 1331 1332 1333 1334]] [89 [1335 1336 1337 1338 1339 1340 1341 1342 1343 1347 1348 1349]] [90 [1350 1351 1352 1353 1354 1355 1356 1357 1358 1359 1360 1361 1362 1363 1364]] [91 [1365 1366 1367 1368 1369 1370 1371 1372 1373 1374 1375 1376 1377 1378 1379]] [92 [1380 1381 1382 1383 1384 1385 1386 1387 1388 1389 1390 1391 1392 1393 1394]] [93 [1395 1396 1397 1398 1399 1400 1401 1402 1403 1404 1405 1406 1407 1408 1409]] [94 [1410 1411 1412 1413 1414 1415 1416 1417 1418 1419 1420 1421 1422 1423 1424]] [95 [1425 1426 1427 1428 1429 1430 1431 1432 1433 1434 1435 1436 1437 1438 1439]] [96 [1440 1441 1442 1443 1444 1445 1446 1447 1448 1449 1450 1451 1452 1453 1454]] [97 [1455 1456 1457 1458 1459 1460 1462 1465 1467 1468 1469]] [98 [1470 1471 1472 1473 1474 1475 1476 1477 1478 1479 1480 1481 1482 1483 1484]] [99 [1485 1486 1487 1488 1489 1490 1491 1492 1493 1494 1495 1496 1497 1498 1499]]]","[[0 [0 1 2 3 5 8 9 10 12]] [1 [15 16 18 19 22 23 24 26 27 28]] [2 [30 33 35 36 39 42 43 44]] [3 [45 46 47 48 49 50 54 56]] [4 [67 70 71 72]] [5 [75 77 78 79 81 84 87]] [6 [91 92 93 98 101 102 103 104]] [7 [105 106 107 108 109 111 112 113 115 117]] [8 [120 122 124 126 127 128 131 132 134]] [9 [135 136 137 138 144 145 146 147]] [10 [153 156 157 158 159 162]] [11 [166 168 169 174 175 176 178 179]] [12 [180 181 182 183 184 185 186 187 188 189 190]] [13 [197 198 200 201 202 206 208]] [14 [210 213 216 220 224]] [15 [225 227 229 231 233 238 239]] [16 [241 242 244 249 250 252 253 254]] [17 [257 258 259 260 262 263 268]] [18 [270 273 275 279 281 282 283]] [19 [285 286 287 291 294 295 296 297 298]] [20 [300 301 302 305 306 309 312 313 314]] [21 [315 317 318 320 321 322 325 326 329]] [22 [331 335 338 342 344]] [23 [345 347 348 349 351 358 359]] [24 [360 367 368 371 372 373 374]] [25 [375 376 378 380 383 384 385 387 389]] [26 [390 391 393 396 398 400 401 403]] [27 [406 410 411 412 416 418 419]] [28 [420 422 423 424 427 428 429 430 434]] [29 [435 440 441 442 444 448 449]] [30 [454 456 458 459 460 462 463]] [31 [466 467 468 472 473 475 479]] [32 [480 481 482 483 484 486 487 491 492 493 494]] [33 [497 498 499 500 501 502 503 504 505 506]] [34 [512 514 515 516 518 521 524]] [35 [525 527 528 531 532 533 535 537 539]] [36 [540 541 542 544 546 547 548 554]] [37 [556 560 561 564 565 566 568 569]] [38 [570 571 574 575 576 577 580 582 583]] [39 [585 586 587 588 591 593 594 596 597]] [40 [600 601 603 606 609 610 612]] [41 [615 616 617 619 622 624 626 629]] [42 [632 633 634 641 642]] [43 [645 649 653 657 658 659]] [44 [663 665 666 669 673 674]] [45 [675 676 677 680 681 686 687 688]] [46 [690 693 694 695 696 697 699 702 703 704]] [47 [705 707 708 710 711 715 716]] [48 [720 722 724 725 726 727 729 732 734]] [49 [736 738 739 741 742 743 745 746 748 749]] [50 [750 753 754 755 756 757 764]] [51 [765 769 770 771 774 775 776 777 778 779]] [52 [780 784 786 787 791 793 794]] [53 [796 797 800 801 802 803 805 807 808 809]] [54 [812 814 816 822 823 824]] [55 [825 829 830 831 832 833 837 839]] [56 [840 842 843 845 848 849 852]] [57 [857 858 862 867 868 869]] [58 [870 871 874 875 877 882 883 884]] [59 [885 886 888 889 891 892 893 895 897 898]] [60 [901 903 905 906 908 909 911 914]] [61 [916 918 922 923 925 926 927 928 929]] [62 [931 933 934 936 937 938 939 940 941]] [63 [947 948 950 955 956 959]] [64 [964 965 967 968 969 971 972 973 974]] [65 [975 977 978 979 980 981 983 984 987 988 989]] [66 [990 991 993 995 996 997 999 1000 1001]] [67 [1007 1009 1011 1012 1013 1014 1015 1016]] [68 [1020 1021 1022 1023 1024 1031 1032 1034]] [69 [1035 1040 1042 1043 1044 1045 1046]] [70 [1050 1053 1054 1057 1058 1062 1064]] [71 [1065 1066 1067 1068 1069 1072 1073 1074 1076 1078]] [72 [1081 1083 1084 1085 1087 1089 1093]] [73 [1096 1097 1098 1099 1102 1103 1104 1107]] [74 [1111 1113 1114 1117 1120]] [75 [1126 1130 1132 1134 1135 1137]] [76 [1140 1141 1147 1148 1150 1151 1152 1153 1154]] [77 [1155 1156 1157 1159 1160 1162 1163 1165 1167]] [78 [1171 1173 1176 1177 1178 1180 1183 1184]] [79 [1186 1188 1190 1191 1192 1195 1196 1198 1199]] [80 [1200 1201 1202 1205 1209 1211 1212 1213]] [81 [1216 1218 1220 1221 1222 1223 1224 1225 1228 1229]] [82 [1231 1232 1236 1238 1239 1241 1242 1243]] [83 [1246 1248 1251 1252 1253 1254 1255 1256 1257 1258 1259]] [84 [1261 1264 1265 1266 1267 1268 1269 1270 1272 1273 1274]] [85 [1277 1279 1283 1284 1289]] [86 [1292 1293 1295 1296 1297 1299 1303]] [87 [1305 1306 1307 1311 1312 1315]] [88 [1322 1323 1324 1325 1327 1328 1329 1330 1331 1332 1333]] [89 [1335 1336 1337 1338 1341 1342 1343 1348]] [90 [1350 1351 1353 1355 1358 1359 1360 1361 1362 1363]] [91 [1371 1373 1374 1375 1377 1378 1379]] [92 [1380 1381 1385 1388 1389 1390 1391 1392 1393 1394]] [93 [1395 1398 1399 1402 1403 1404 1405 1406 1407 1408]] [94 [1410 1411 1414 1415 1420 1421 1422 1424]] [95 [1427 1428 1430 1432 1438 1439]] [96 [1443 1444 1446 1448 1450 1451 1452 1453]] [97 [1455 1458 1459 1460 1462 1465 1467 1468]] [98 [1471 1472 1475 1476 1478 1479 1481]] [99 [1491 1492 1495 1496 1498 1499]]]",,"[[{citizen 30} [[""A"" [1 1]]]] [{citizen 35} [[""A"" [1 1]]]] [{citizen 37} [[""A"" [3 5]]]] [{media 50} [[""A"" [3 3]]]] [{media 51} [[""A"" [4 4]]]] [{media 52} [[""A"" [0 0]]]] [{media 53} [[""A"" [1 1]]]] [{media 54} [[""A"" [4 4]]]] [{media 55} [[""A"" [3 3]]]] [{media 57} [[""A"" [5 5]]]] [{media 58} [[""A"" [1 1]]]] [{media 59} [[""A"" [0 0]]]] [{media 60} [[""A"" [2 2]]]] [{media 61} [[""A"" [3 3]]]] [{media 62} [[""A"" [1 1]]]] [{media 64} [[""A"" [1 1]]]] [{citizen 0} [[""A"" [3 4]]]] [{media 56} [[""A"" [1 1]]]] [{citizen 8} [[""A"" [2 1]]]] [{citizen 5} [[""A"" [2 5]]]] [{citizen 11} [[""A"" [4 4]]]] [{citizen 3} [[""A"" [2 3]]]] [{media 63} [[""A"" [5 5]]]] [{citizen 4} [[""A"" [5 1]]]] [{citizen 7} [[""A"" [5 5]]]] [{citizen 19} [[""A"" [4 5]]]] [{citizen 1} [[""A"" [1 4]]]] [{citizen 32} [[""A"" [5 5]]]] [{citizen 48} [[""A"" [3 5]]]] [{citizen 9} [[""A"" [2 1]]]] [{citizen 39} [[""A"" [3 5]]]] [{citizen 20} [[""A"" [2 4]]]] [{citizen 25} [[""A"" [2 5]]]] [{citizen 14} [[""A"" [1 4]]]] [{citizen 13} [[""A"" [5 5]]]] [{citizen 22} [[""A"" [1 2]]]] [{citizen 42} [[""A"" [1 2]]]] [{citizen 41} [[""A"" [1 1]]]] [{citizen 10} [[""A"" [5 5]]]] [{citizen 31} [[""A"" [1 1]]]] [{citizen 6} [[""A"" [3 5]]]] [{citizen 43} [[""A"" [2 5]]]] [{citizen 15} [[""A"" [1 1]]]] [{citizen 46} [[""A"" [3 3]]]] [{citizen 23} [[""A"" [3 1]]]] [{citizen 38} [[""A"" [5 2]]]] [{citizen 26} [[""A"" [5 2]]]] [{citizen 49} [[""A"" [4 5]]]] [{citizen 12} [[""A"" [2 1]]]] [{citizen 17} [[""A"" [3 2]]]] [{citizen 34} [[""A"" [3 2]]]] [{citizen 44} [[""A"" [3 5]]]] [{citizen 16} [[""A"" [2 4]]]] [{citizen 2} [[""A"" [1 5]]]] [{citizen 33} [[""A"" [3 1]]]] [{citizen 24} [[""A"" [3 2]]]] [{citizen 21} [[""A"" [3 5]]]] [{citizen 40} [[""A"" [2 5]]]] [{citizen 29} [[""A"" [1 1]]]] [{citizen 47} [[""A"" [2 1]]]] [{citizen 27} [[""A"" [5 3]]]] [{citizen 45} [[""A"" [5 5]]]] [{citizen 28} [[""A"" [5 4]]]] [{citizen 36} [[""A"" [5 4]]]]]"
"19","[213 0 42]","270","-4.8238182153529445","0.02810590628695257","""circle""","""""","9.9","{breed citizens}","false","0.5","1","""up""",,"[[""ID"" 21] [""alpha"" 1] [""beta"" 1] [""malleable"" [""A""]] [""prior"" []] [""cont_tokens"" []] [""A"" 1]]","[[0 [0 1 2 3 4 5 6 7 8 9 10 11 12 13 14]] [1 [15 16 17 18 19 20 21 22 23 24 25 26 27 28 29]] [2 [30 31 32 33 34 35 36 37 38 39 40 41 42 43 44]] [3 [45 46 47 48 49 50 52 53 54 55 56 57 58 59]] [4 [60 61 62 63 64 65 66 67 68 69 70 71 72 73 74]] [5 [76 77 78 79 81 83 84 85 86 87 88 89]] [6 [90 91 92 93 94 95 96 97 98 99 100 101 102 103 104]] [7 [105 106 107 108 109 110 111 112 113 114 115 116 117 118 119]] [8 [120 121 122 123 124 125 126 127 128 129 130 131 132 133 134]] [9 [135 136 137 138 142 143 144 145 146 147 149]] [10 [150 151 152 153 154 155 156 157 158 159 160 161 162 163 164]] [11 [165 166 167 168 169 170 171 172 173 174 175 176 177 178 179]] [12 [180 181 182 183 184 185 186 187 188 189 190]] [13 [197 198 199 200 201 202 206 207 208 209]] [14 [210 211 212 213 214 215 216 217 218 219 220 221 222 223 224]] [15 [225 226 227 228 229 230 231 232 233 234 235 236 238 239]] [16 [240 241 242 244 245 246 249 250 252 253 254]] [17 [255 256 257 258 259 260 261 262 263 264 265 266 267 268 269]] [18 [271 272 273 274 275 276 277 278 279 280 281 282 283 284]] [19 [285 286 287 288 289 290 291 292 293 294 295 296 297 298 299]] [20 [300 301 302 303 304 305 306 308 309 310 311 312 313 314]] [21 [315 316 317 318 319 320 321 322 323 324 325 326 327 328 329]] [22 [330 331 332 333 334 335 336 337 338 339 340 341 342 343 344]] [23 [346 347 348 349 350 351 352 353 354 355 356 357 358 359]] [24 [360 362 363 364 365 366 367 368 371 372 373 374]] [25 [375 376 377 378 380 383 384 385 386 387 388 389]] [26 [390 391 392 393 394 395 396 397 398 399 400 401 402 403 404]] [27 [405 407 408 409 412 415 416 417 418 419]] [28 [420 422 423 424 425 427 428 429 430 433 434]] [29 [435 436 437 438 440 441 442 443 444 445 446 448 449]] [30 [450 451 452 453 454 455 456 457 458 459 460 461 462 463 464]] [31 [465 466 467 468 469 470 471 472 473 474 475 476 477 478 479]] [32 [480 481 482 483 484 485 486 487 489 490 491 492 493 494]] [33 [495 497 498 499 500 501 502 503 504 505 506]] [34 [510 511 512 513 514 515 516 518 519 520 521 522 523 524]] [35 [526 527 528 529 530 531 532 533 534 535 536 537 538 539]] [36 [540 541 542 544 545 546 547 548 549 550 551 553 554]] [37 [556 558 559 560 561 562 563 564 565 566 567 568 569]] [38 [570 571 572 573 574 575 576 577 578 580 581 582 583 584]] [39 [585 586 587 588 589 590 591 592 593 594 595 596 597 598 599]] [40 [600 601 602 603 604 606 607 608 609 610 611 612 613 614]] [41 [615 616 617 618 619 620 621 622 623 624 625 626 627 628 629]] [42 [630 631 632 633 634 635 636 637 638 639 640 641 642 643 644]] [43 [645 646 647 648 649 650 651 652 654 655 656 657 658 659]] [44 [660 661 662 663 664 665 666 667 668 669 670 671 672 673 674]] [45 [675 676 677 678 679 680 681 682 683 684 685 686 687 688 689]] [46 [690 693 694 695 696 697 699 702 703 704]] [47 [705 706 707 708 710 711 712 713 714 715 716 717 718 719]] [48 [720 721 722 723 724 725 726 727 728 729 730 731 732 733 734]] [49 [736 738 739 741 742 743 745 746 747 748 749]] [50 [750 751 752 753 754 755 756 757 759 760 761 762 763 764]] [51 [765 766 767 768 769 770 771 772 773 774 775 776 777 778 779]] [52 [780 782 783 784 785 786 787 788 789 790 791 793 794]] [53 [795 796 797 800 801 802 803 804 805 807 808 809]] [54 [810 811 812 813 814 816 821 822 823 824]] [55 [825 826 827 828 829 830 831 832 833 836 837 838 839]] [56 [840 841 842 843 844 845 846 847 848 849 850 851 852 853 854]] [57 [855 856 857 858 859 860 861 862 863 864 865 866 867 868 869]] [58 [870 871 873 874 875 876 877 879 880 881 882 883 884]] [59 [885 886 887 888 890 893 894 895 896 897 898 899]] [60 [900 901 902 903 904 905 906 907 908 909 910 911 912 913 914]] [61 [915 916 917 918 919 920 921 922 923 924 925 926 927 928 929]] [62 [930 931 932 933 934 935 936 937 938 939 940 941 942 943 944]] [63 [945 946 947 948 950 952 953 954 955 956 958 959]] [64 [960 961 962 963 964 965 966 967 968 969 970 971 972 973 974]] [65 [975 976 977 978 979 980 981 982 983 984 985 986 987 988 989]] [66 [990 991 992 993 994 995 996 997 998 999 1000 1001 1002 1003 1004]] [67 [1007 1009 1010 1011 1012 1013 1014 1015 1016]] [68 [1020 1021 1022 1023 1024 1030 1031 1032 1034]] [69 [1035 1036 1040 1041 1042 1043 1044 1045 1046 1047 1049]] [70 [1050 1051 1052 1053 1054 1055 1056 1057 1058 1059 1060 1061 1062 1063 1064]] [71 [1065 1066 1067 1068 1069 1070 1071 1072 1073 1074 1075 1076 1077 1078 1079]] [72 [1080 1081 1083 1084 1085 1086 1087 1089 1092 1093 1094]] [73 [1096 1097 1098 1099 1100 1101 1102 1103 1104 1105 1106 1107 1108 1109]] [74 [1110 1111 1112 1113 1114 1115 1116 1117 1118 1119 1120 1121 1122 1123 1124]] [75 [1125 1126 1127 1128 1129 1130 1131 1132 1133 1134 1135 1136 1137 1138 1139]] [76 [1140 1141 1144 1145 1146 1147 1148 1149 1150 1151 1152 1153 1154]] [77 [1155 1156 1157 1158 1159 1160 1161 1162 1163 1164 1165 1166 1167 1168 1169]] [78 [1170 1171 1172 1173 1174 1175 1176 1177 1178 1179 1180 1181 1182 1183 1184]] [79 [1186 1188 1189 1190 1191 1192 1193 1194 1195 1196 1197 1198 1199]] [80 [1200 1201 1202 1205 1207 1209 1210 1211 1212 1213 1214]] [81 [1215 1216 1217 1218 1219 1220 1221 1222 1223 1224 1225 1226 1227 1228 1229]] [82 [1231 1232 1233 1235 1236 1237 1238 1239 1241 1242 1243]] [83 [1246 1247 1248 1250 1251 1252 1253 1254 1255 1256 1257 1258 1259]] [84 [1261 1264 1265 1266 1267 1268 1269 1270 1271 1272 1273 1274]] [85 [1275 1276 1277 1278 1279 1280 1281 1282 1283 1284 1285 1286 1287 1288 1289]] [86 [1290 1291 1292 1293 1294 1295 1296 1297 1299 1300 1301 1302 1303 1304]] [87 [1305 1306 1307 1308 1309 1310 1311 1312 1313 1314 1315 1316 1317 1318 1319]] [88 [1320 1321 1324 1325 1327 1328 1329 1330 1331 1332 1333]] [89 [1335 1336 1337 1338 1339 1340 1341 1342 1343 1347 1348 1349]] [90 [1350 1351 1352 1353 1354 1355 1356 1357 1358 1359 1360 1361 1362 1363 1364]] [91 [1365 1366 1367 1368 1369 1370 1371 1372 1373 1374 1375 1376 1377 1378 1379]] [92 [1380 1381 1382 1383 1384 1385 1386 1387 1388 1389 1390 1391 1392 1393 1394]] [93 [1395 1396 1397 1398 1399 1400 1401 1402 1403 1404 1405 1406 1407 1408 1409]] [94 [1410 1411 1412 1413 1414 1415 1416 1417 1418 1419 1420 1421 1422 1423 1424]] [95 [1425 1427 1428 1430 1432 1434 1437 1438 1439]] [96 [1440 1441 1442 1443 1444 1445 1446 1447 1448 1449 1450 1451 1452 1453 1454]] [97 [1455 1456 1457 1458 1459 1460 1461 1462 1463 1464 1465 1466 1467 1468 1469]] [98 [1470 1471 1472 1473 1474 1475 1476 1477 1478 1479 1480 1481 1482 1483 1484]] [99 [1485 1486 1487 1488 1489 1490 1491 1492 1493 1494 1495 1496 1497 1498 1499]]]","[[0 [0 1 3 5 8 9 10 12]] [1 [15 16 18 19 22 23 25 26 27 28]] [2 [30 32 36 37 39 44]] [3 [45 47 48 49 50 54 58]] [4 [61 62 63 65 66 68 69 73 74]] [5 [76 77 78 79 81 83 84 87]] [6 [91 92 93 98 101 102 103 104]] [7 [105 106 107 108 109 111 112 115 117]] [8 [120 122 124 126 127 128 131 132 134]] [9 [135 136 137 138 144 145 146 149]] [10 [151 152 154 155 157 158 160 161 164]] [11 [167 170 171 172 173 176 178]] [12 [180 182 183 184 185 186 187 188 189 190]] [13 [197 198 199 200 201 202 206 207 208]] [14 [210 213 217 218 220 224]] [15 [225 226 227 229 231 232 234 235 236 238 239]] [16 [240 242 245 246 249 250 252 253 254]] [17 [257 258 259 261 264 266]] [18 [271 272 274 275 278 279 281 282 283]] [19 [285 286 287 289 290 292 293 298]] [20 [300 303 304 306 309]] [21 [316 317 319 322 323 324 327]] [22 [330 331 332 335 338 339 340]] [23 [346 348 349 351 358 359]] [24 [360 366 367 368 371 373 374]] [25 [375 376 377 378 380 383 384 385]] [26 [390 391 393 396]] [27 [405 407 408 409 412 415 416 418 419]] [28 [420 422 423 424 427 428 430 434]] [29 [435 437 438 443 444 446 448]] [30 [450 451 452 455 457 461]] [31 [465 469 470 471 474 477 478]] [32 [480 481 482 483 484 485 486 487 491 492 493 494]] [33 [497 498 499 500 503 504 505 506]] [34 [511 512 514 515 516 518 519 522 523]] [35 [526 529 530 532 533 535 537 538 539]] [36 [540 542 545 546 547 548 554]] [37 [556 560 561 564 565 566 568 569]] [38 [571 574 575 576 577 580 582 583]] [39 [585 586 587 588 591 593 594 596 597]] [40 [600 601 602 603 606 608 610 612]] [41 [615 616 617 618 620 622 624 626 629]] [42 [630 632 633 634 638 640 643 644]] [43 [646 647 648 650 651 652 654]] [44 [660 661 662 664 667 668 670 673 674]] [45 [675 676 677 678 680 681 685 686 687 688]] [46 [690 693 694 695 696 697 699 702 703 704]] [47 [705 707 708 710 711 715 719]] [48 [723 724 725 726 727 729 732 734]] [49 [736 738 739 741 742 743 745 746 748 749]] [50 [750 751 752 753 754 755 756 757 761 763]] [51 [765 767 768 772 773 778 779]] [52 [780 784 786 787 791 793 794]] [53 [796 797 800 801 802 803 805 807 808 809]] [54 [812 814 816 822 823 824]] [55 [825 829 830 831 832 836 838]] [56 [841 844 846 847 850 852]] [57 [855 856 859 860 861 863 864 866 867 869]] [58 [870 871 873 875 877 879 880 881]] [59 [890 894 895 897 898]] [60 [901 904 906 908 909 910 912 913]] [61 [915 917 919 921 922 923 925 927 928 929]] [62 [931 933 934 936 937 938 939 940 941]] [63 [947 948 950 955 956 959]] [64 [963 965 967 969 972 973 974]] [65 [975 977 978 979 982 985 986 988 989]] [66 [990 991 993 994 995 996 997 999 1000 1001]] [67 [1007 1009 1011 1012 1013 1014 1015 1016]] [68 [1020 1021 1022 1023 1024 1031 1032 1034]] [69 [1035 1036 1041 1044 1045 1046 1047 1049]] [70 [1051 1052 1053 1054 1058]] [71 [1068 1069 1072 1073 1074 1076 1078]] [72 [1080 1081 1083 1084 1085 1086 1087 1089 1093]] [73 [1096 1097 1098 1099 1102 1106 1108 1109]] [74 [1110 1111 1112 1113 1114 1117 1120 1122]] [75 [1126 1127 1128 1131 1134 1135 1137]] [76 [1140 1141 1147 1148 1150 1151 1152 1153 1154]] [77 [1155 1156 1157 1158 1161 1162 1163 1165 1167]] [78 [1171 1173 1176 1177 1178 1180 1182 1184]] [79 [1186 1188 1190 1191 1192 1196 1198 1199]] [80 [1200 1201 1202 1207 1209 1210 1214]] [81 [1215 1216 1220 1222 1223 1224 1225 1228 1229]] [82 [1232 1235 1236 1237 1238 1239 1241 1242 1243]] [83 [1246 1248 1251 1252 1253 1254 1255 1256 1257 1258 1259]] [84 [1261 1265 1266 1267 1268 1269 1270 1272 1273 1274]] [85 [1275 1276 1279 1283 1284 1287 1288]] [86 [1290 1291 1294 1297 1299 1303]] [87 [1305 1306 1307 1311 1312 1315 1318 1319]] [88 [1320 1321 1325 1329 1330 1331 1332 1333]] [89 [1335 1336 1339 1340 1341 1342 1343 1347 1349]] [90 [1350 1352 1353 1355 1358 1359 1361 1364]] [91 [1365 1366 1367 1368 1369 1370 1372 1373 1375 1377 1378 1379]] [92 [1380 1381 1383 1386 1387 1392 1393 1394]] [93 [1395 1398 1399 1402 1403 1404 1405 1406 1407 1408]] [94 [1410 1411 1419 1421 1423]] [95 [1425 1428 1430 1432 1434 1437 1439]] [96 [1442 1445 1447 1449 1451 1452 1454]] [97 [1456 1457 1459 1460 1462 1465 1467 1468]] [98 [1473 1474 1476 1477 1478 1479 1481]] [99 [1491 1494 1497]]]",,"[[{citizen 24} [[""A"" [3 3]]]] [{media 50} [[""A"" [3 3]]]] [{media 51} [[""A"" [4 4]]]] [{media 52} [[""A"" [0 0]]]] [{media 53} [[""A"" [1 1]]]] [{media 54} [[""A"" [4 4]]]] [{media 55} [[""A"" [3 3]]]] [{media 57} [[""A"" [5 5]]]] [{media 58} [[""A"" [1 1]]]] [{media 59} [[""A"" [0 0]]]] [{media 60} [[""A"" [2 2]]]] [{media 61} [[""A"" [3 3]]]] [{media 62} [[""A"" [1 1]]]] [{media 64} [[""A"" [1 1]]]] [{media 56} [[""A"" [1 1]]]] [{citizen 1} [[""A"" [3 4]]]] [{citizen 7} [[""A"" [3 5]]]] [{citizen 0} [[""A"" [3 3]]]] [{citizen 5} [[""A"" [3 1]]]] [{media 63} [[""A"" [5 5]]]] [{citizen 4} [[""A"" [3 1]]]] [{citizen 20} [[""A"" [3 3]]]] [{citizen 25} [[""A"" [5 3]]]] [{citizen 35} [[""A"" [1 1]]]] [{citizen 3} [[""A"" [0 3]]]] [{citizen 37} [[""A"" [0 3]]]] [{citizen 8} [[""A"" [1 1]]]] [{citizen 9} [[""A"" [0 3]]]] [{citizen 33} [[""A"" [3 1]]]] [{citizen 14} [[""A"" [3 4]]]] [{citizen 11} [[""A"" [4 4]]]] [{citizen 34} [[""A"" [4 3]]]] [{citizen 23} [[""A"" [1 3]]]] [{citizen 38} [[""A"" [1 1]]]] [{citizen 26} [[""A"" [5 3]]]] [{citizen 12} [[""A"" [1 3]]]] [{citizen 17} [[""A"" [4 3]]]] [{citizen 6} [[""A"" [3 3]]]] [{citizen 13} [[""A"" [3 5]]]] [{citizen 22} [[""A"" [3 3]]]] [{citizen 32} [[""A"" [5 3]]]] [{citizen 42} [[""A"" [0 2]]]] [{citizen 39} [[""A"" [3 3]]]] [{citizen 41} [[""A"" [3 1]]]] [{citizen 10} [[""A"" [3 5]]]] [{citizen 31} [[""A"" [1 1]]]] [{citizen 43} [[""A"" [0 3]]]] [{citizen 15} [[""A"" [1 1]]]] [{citizen 46} [[""A"" [3 1]]]] [{citizen 18} [[""A"" [3 4]]]] [{citizen 49} [[""A"" [3 1]]]] [{citizen 16} [[""A"" [4 5]]]] [{citizen 30} [[""A"" [1 1]]]] [{citizen 2} [[""A"" [0 3]]]] [{citizen 27} [[""A"" [5 3]]]] [{citizen 45} [[""A"" [5 3]]]] [{citizen 21} [[""A"" [2 3]]]] [{citizen 44} [[""A"" [2 3]]]] [{citizen 48} [[""A"" [0 3]]]] [{citizen 40} [[""A"" [3 3]]]] [{citizen 29} [[""A"" [3 1]]]] [{citizen 47} [[""A"" [1 1]]]] [{citizen 28} [[""A"" [3 4]]]] [{citizen 36} [[""A"" [5 4]]]]]"
"20","[85 0 170]","129.27272727272728","7.561233135186887","-5.010124538088705","""circle""","""""","9.9","{breed citizens}","false","0.5","1","""up""",,"[[""ID"" 34] [""alpha"" 1] [""beta"" 1] [""malleable"" [""A""]] [""prior"" []] [""cont_tokens"" []] [""A"" 4]]","[[0 [0 1 2 3 4 5 6 7 8 9 10 11 12 14]] [1 [15 16 17 18 19 22 23 24 25 26 27 28]] [2 [30 32 33 34 35 36 37 39 40 41 42 43 44]] [3 [45 46 47 48 49 50 52 53 54 55 56 57 58 59]] [4 [60 61 62 63 64 65 66 67 68 69 70 71 72 73 74]] [5 [75 76 77 78 79 80 81 82 83 84 85 86 87 88 89]] [6 [90 91 92 93 94 95 96 97 98 99 100 101 102 103 104]] [7 [105 106 107 108 109 110 111 112 113 114 115 116 117 118 119]] [8 [120 121 122 123 124 125 126 127 128 130 131 132 133 134]] [9 [135 136 137 138 142 143 144 145 146 147 149]] [10 [150 151 152 153 154 155 156 157 158 159 160 161 162 163 164]] [11 [165 166 167 168 169 170 171 172 173 174 175 176 177 178 179]] [12 [180 181 182 183 184 185 186 187 188 189 190]] [13 [197 198 199 200 201 202 206 207 208 209]] [14 [210 211 212 213 214 215 216 217 218 219 220 221 222 223 224]] [15 [225 226 227 228 229 230 231 232 233 234 235 236 237 238 239]] [16 [240 241 242 244 245 246 249 250 252 253 254]] [17 [255 256 257 258 259 260 261 262 263 264 265 266 267 268 269]] [18 [270 271 272 273 274 275 276 277 278 279 280 281 282 283 284]] [19 [285 286 287 288 289 290 291 292 293 294 295 296 297 298 299]] [20 [300 301 302 303 304 305 306 308 309 310 311 312 313 314]] [21 [315 316 317 318 319 320 321 322 323 324 325 326 327 328 329]] [22 [330 331 332 333 334 335 336 337 338 339 340 341 342 344]] [23 [346 347 348 349 350 351 352 353 354 355 356 357 358 359]] [24 [361 362 363 364 365 366 367 368 369 370 371 373 374]] [25 [375 376 377 378 380 383 384 385 386 387 388 389]] [26 [390 391 392 393 394 395 396 397 398 399 400 401 402 403 404]] [27 [405 406 407 408 409 410 411 412 413 414 415 416 417 418 419]] [28 [420 422 423 424 425 427 428 429 430 433 434]] [29 [435 436 437 438 440 441 442 443 444 445 446 448 449]] [30 [450 451 452 453 454 455 456 457 458 459 460 461 462 463 464]] [31 [465 466 467 468 469 470 471 472 473 474 475 476 477 478 479]] [32 [480 481 482 483 484 485 486 487 489 490 491 492 493 494]] [33 [495 497 498 499 500 501 502 503 504 505 506]] [34 [510 511 512 513 514 515 516 518 519 520 521 522 523 524]] [35 [525 526 527 528 529 530 531 532 533 534 535 536 537 538 539]] [36 [540 541 542 544 545 546 547 548 549 550 551 553 554]] [37 [556 558 559 560 561 562 563 564 565 566 567 568 569]] [38 [570 571 572 573 574 575 576 577 578 580 581 582 583 584]] [39 [585 586 587 588 590 591 592 593 594 595 596 597 598 599]] [40 [600 601 602 603 604 605 606 607 608 609 610 611 612 613 614]] [41 [615 616 617 618 619 620 621 622 624 625 626 627 628 629]] [42 [630 631 632 633 634 635 636 637 638 639 640 641 642 643 644]] [43 [646 647 648 649 650 651 652 654 655 656 657 658 659]] [44 [660 661 662 663 664 665 666 667 668 669 670 671 672 673 674]] [45 [675 676 677 678 679 680 681 682 683 684 685 686 687 688 689]] [46 [690 693 694 695 696 697 699 702 703 704]] [47 [705 706 707 708 709 710 711 712 713 714 715 716 717 718 719]] [48 [720 722 723 724 725 726 727 728 729 730 731 732 733 734]] [49 [735 736 737 738 739 740 741 742 743 744 745 746 747 748 749]] [50 [750 751 752 753 754 755 756 757 759 760 761 762 763 764]] [51 [765 766 767 768 769 770 771 772 773 774 775 776 777 778 779]] [52 [780 781 782 783 784 785 786 787 788 789 790 791 792 793 794]] [53 [795 796 797 798 799 800 801 802 803 804 805 806 807 808 809]] [54 [812 813 814 816 821 822 823 824]] [55 [825 826 827 828 829 830 831 832 833 836 837 838 839]] [56 [841 842 843 844 845 846 847 848 849 850 851 852 853 854]] [57 [855 856 857 858 859 860 861 862 863 864 865 866 867 868 869]] [58 [870 871 873 874 875 876 877 879 880 881 882 883 884]] [59 [885 886 888 890 893 894 895 896 897 898 899]] [60 [900 901 902 903 904 905 906 907 908 909 910 911 912 913 914]] [61 [915 916 917 918 919 920 921 922 923 924 925 926 927 928 929]] [62 [930 931 932 933 934 935 936 937 938 939 940 941 942 943 944]] [63 [945 946 947 948 949 950 951 952 953 954 955 956 957 959]] [64 [960 961 962 963 964 965 966 967 968 969 970 971 972 973 974]] [65 [975 976 977 978 979 980 981 982 983 984 985 986 987 988 989]] [66 [990 991 992 993 994 995 996 997 998 999 1000 1001 1002 1003 1004]] [67 [1007 1009 1010 1011 1012 1013 1014 1015 1016]] [68 [1020 1021 1022 1023 1024 1030 1031 1032 1034]] [69 [1035 1036 1040 1041 1042 1043 1044 1045 1046 1047 1049]] [70 [1050 1051 1052 1053 1054 1055 1056 1057 1058 1059 1060 1061 1062 1063 1064]] [71 [1065 1066 1067 1068 1069 1070 1071 1072 1073 1074 1075 1076 1077 1078 1079]] [72 [1080 1081 1083 1084 1085 1086 1087 1089 1092 1093 1094]] [73 [1095 1096 1097 1098 1099 1100 1101 1102 1103 1104 1105 1106 1107 1108 1109]] [74 [1110 1111 1112 1113 1114 1115 1116 1117 1118 1119 1120 1121 1122 1123 1124]] [75 [1125 1126 1127 1128 1129 1130 1131 1132 1133 1134 1135 1136 1137 1138 1139]] [76 [1140 1141 1142 1143 1144 1145 1146 1147 1148 1149 1150 1151 1152 1153 1154]] [77 [1155 1156 1157 1158 1159 1160 1161 1162 1163 1164 1165 1166 1167 1168 1169]] [78 [1171 1172 1173 1174 1175 1176 1177 1178 1179 1180 1181 1182 1183 1184]] [79 [1185 1186 1187 1188 1189 1190 1191 1192 1193 1194 1195 1196 1197 1198 1199]] [80 [1200 1201 1202 1205 1207 1209 1210 1211 1212 1213 1214]] [81 [1215 1216 1218 1220 1221 1222 1223 1224 1225 1228 1229]] [82 [1231 1232 1233 1235 1236 1237 1238 1239 1241 1242 1243]] [83 [1246 1247 1248 1250 1251 1252 1253 1254 1255 1256 1257 1258 1259]] [84 [1260 1261 1262 1263 1264 1265 1266 1267 1268 1269 1270 1271 1272 1273 1274]] [85 [1275 1276 1277 1278 1279 1280 1281 1282 1283 1284 1285 1286 1287 1288 1289]] [86 [1290 1291 1292 1293 1294 1295 1296 1297 1299 1300 1301 1302 1303 1304]] [87 [1305 1306 1307 1308 1309 1310 1311 1312 1313 1314 1315 1316 1317 1318 1319]] [88 [1320 1321 1322 1323 1324 1325 1326 1327 1328 1329 1330 1331 1332 1333 1334]] [89 [1335 1336 1337 1338 1339 1340 1341 1342 1343 1347 1348 1349]] [90 [1350 1351 1352 1353 1354 1355 1356 1357 1358 1359 1360 1361 1362 1363 1364]] [91 [1365 1366 1367 1368 1369 1370 1371 1372 1373 1374 1375 1376 1377 1378 1379]] [92 [1380 1381 1382 1383 1384 1385 1386 1387 1388 1389 1390 1391 1392 1393 1394]] [93 [1395 1398 1399 1400 1401 1402 1403 1404 1405 1406 1407 1408 1409]] [94 [1410 1411 1412 1413 1414 1415 1416 1417 1418 1419 1420 1421 1422 1423 1424]] [95 [1425 1426 1427 1428 1429 1430 1431 1432 1433 1434 1435 1436 1437 1438 1439]] [96 [1441 1442 1443 1444 1445 1446 1447 1448 1449 1450 1451 1452 1453 1454]] [97 [1455 1458 1459 1460 1461 1462 1463 1464 1465 1466 1467 1468 1469]] [98 [1470 1471 1472 1473 1474 1475 1476 1477 1478 1479 1480 1481 1482 1483 1484]] [99 [1485 1486 1487 1488 1489 1490 1491 1492 1493 1494 1495 1496 1497 1498 1499]]]","[[0 [2 4 7 11 12]] [1 [15 16 18 19 22 23 25 26 27 28]] [2 [30 33 34 35 36 37 39 42 43 44]] [3 [45 47 48 49 50 54 57 59]] [4 [60 61 62 63 65 67 70 71 72]] [5 [75 76 77 78 79 81 84 85 86 88 89]] [6 [90 91 92 93 98 101 102 103 104]] [7 [105 106 107 110 114 116 118 119]] [8 [121 123 124 126 127 128 131 132 134]] [9 [135 136 137 138 142 143 146 149]] [10 [151 152 154 155 159 162]] [11 [166 168 169 174 175 176 178]] [12 [180 181 182 183 184 189 190]] [13 [197 198 199 200 201 202 206 208]] [14 [210 213 215 216 218 220 224]] [15 [225 226 228 229 231 233 238 239]] [16 [241 242 244 245 246 249 250 252 253 254]] [17 [257 259 260 262 263 265 267 268]] [18 [270 276 277 278 279 281 282 283 284]] [19 [285 286 287 289 290 292 293 298]] [20 [300 303 304 306 309 312]] [21 [315 316 317 319 323 324 327]] [22 [330 331 333 334 335 338 339 340]] [23 [350 352 353 354 356 357]] [24 [362 363 364 365 366 367 368 371 373 374]] [25 [375 376 378 380 383 386 387 388]] [26 [392 394 395 397 399 400 402 404]] [27 [405 406 410 411 412 415 416 417 418 419]] [28 [420 422 423 424 427 428 433 434]] [29 [435 436 437 438 443 444 448 449]] [30 [454 456 458 459 460 462 463]] [31 [466 467 468 471 472 473 475 479]] [32 [485 486 487 491 492 493 494]] [33 [497 498 499 500 501 502 505 506]] [34 [510 511 512 514 515 516 518 519 522 523 524]] [35 [525 527 528 534 536 538 539]] [36 [540 541 542 544 546 547 548 549 550 551 553 554]] [37 [556 560 561 564 565 567 569]] [38 [570 572 573 575 576 577 580 582 583 584]] [39 [585 586 587 588 590 591 592 593 595 598 599]] [40 [602 603 606 608 613 614]] [41 [616 617 618 619 620 622 624 626 627 628]] [42 [631 635 636 637 638 640 642 643 644]] [43 [646 647 648 649 650 651 652 654 656 657 658 659]] [44 [660 661 662 664 667 668 670 671 672]] [45 [675 676 677 680 681 686 687 688]] [46 [693 694 695 696 697 699 702 703]] [47 [705 707 708 710 711 715 719]] [48 [720 723 724 725 726 727 729 732 734]] [49 [736 738 739 741 742 743 745 746 748 749]] [50 [750 751 752 753 754 755 756 757 763 764]] [51 [767 768 770 771 774 775 776 777]] [52 [781 782 783 785 788 789 791 793]] [53 [795 797 800 801 802 803 805 807 808 809]] [54 [812 814 816 822 823 824]] [55 [826 827 828 832 836 838]] [56 [841 842 843 845 848 851 853 854]] [57 [855 856 859 860 861 863 864 866 867 868 869]] [58 [870 871 874 875 877 879 880 881]] [59 [885 886 888 890 894 895 897 898]] [60 [901 904 905 906 908 909 910 912 913]] [61 [915 917 919 921 922 923 925]] [62 [930 932 935 938 939 940 943 944]] [63 [945 949 951 952 953 954 956 959]] [64 [962 966 968 970 971 972 973]] [65 [976 979 980 981 983 984 987 988]] [66 [990 991 993 996 998 999 1000 1001]] [67 [1007 1009 1011 1012 1013 1014 1015 1016]] [68 [1020 1021 1022 1023 1024 1030 1031 1032 1034]] [69 [1035 1036 1041 1044 1045 1046]] [70 [1050 1053 1054 1057 1058]] [71 [1067 1068 1069 1073 1074 1076 1078]] [72 [1081 1083 1084 1085 1086 1087 1089 1092 1094]] [73 [1095 1100 1101 1104 1105 1107]] [74 [1111 1113 1114 1117 1120 1122 1123 1124]] [75 [1125 1127 1128 1130 1132 1133 1136 1138 1139]] [76 [1143 1145 1146 1149 1153 1154]] [77 [1155 1157 1159 1160 1161 1162 1163 1165 1167]] [78 [1171 1173 1176 1177 1178 1180 1182 1184]] [79 [1186 1189 1191 1192 1193 1194 1197 1198 1199]] [80 [1200 1201 1202 1207 1209 1210 1211 1212 1213]] [81 [1216 1220 1221 1222 1223 1224 1225 1228 1229]] [82 [1231 1232 1236 1237 1238 1239 1241 1242 1243]] [83 [1246 1248 1251 1252 1253 1254 1255 1256 1257 1258 1259]] [84 [1261 1266 1267 1268 1269 1270 1272 1273 1274]] [85 [1277 1278 1280 1282 1285 1286 1287 1288]] [86 [1290 1291 1292 1293 1295 1296 1297 1299 1301 1302 1303]] [87 [1305 1306 1307 1311 1312 1315 1318 1319]] [88 [1320 1321 1323 1324 1326 1328 1329 1331 1332 1333]] [89 [1335 1336 1339 1340 1342 1343 1347 1349]] [90 [1350 1352 1354 1356 1357 1363]] [91 [1366 1371 1373 1374 1375 1377 1378]] [92 [1384 1385 1388 1389 1391 1392 1394]] [93 [1395 1398 1399 1402 1403 1404 1408]] [94 [1410 1411 1414 1415 1416 1417 1418 1422 1424]] [95 [1426 1427 1428 1430 1431 1433 1434 1436 1437]] [96 [1441 1442 1443 1444 1446 1448 1450 1452 1453]] [97 [1455 1458 1459 1460 1462 1465 1467 1468 1469]] [98 [1470 1471 1472 1475 1476 1477 1478 1479 1481]] [99 [1489 1490 1491 1496 1498 1499]]]",,"[[{citizen 31} [[""A"" [1 1]]]] [{citizen 33} [[""A"" [1 1]]]] [{citizen 36} [[""A"" [5 4]]]] [{citizen 41} [[""A"" [3 1]]]] [{citizen 45} [[""A"" [5 3]]]] [{media 50} [[""A"" [3 3]]]] [{media 52} [[""A"" [0 0]]]] [{media 53} [[""A"" [1 1]]]] [{media 54} [[""A"" [4 4]]]] [{media 55} [[""A"" [3 3]]]] [{media 56} [[""A"" [1 1]]]] [{media 57} [[""A"" [5 5]]]] [{media 58} [[""A"" [1 1]]]] [{media 59} [[""A"" [0 0]]]] [{media 60} [[""A"" [2 2]]]] [{media 61} [[""A"" [3 3]]]] [{media 63} [[""A"" [5 5]]]] [{media 64} [[""A"" [1 1]]]] [{citizen 0} [[""A"" [5 3]]]] [{citizen 10} [[""A"" [5 5]]]] [{citizen 7} [[""A"" [5 5]]]] [{citizen 3} [[""A"" [1 1]]]] [{citizen 4} [[""A"" [3 1]]]] [{media 62} [[""A"" [1 1]]]] [{citizen 19} [[""A"" [5 1]]]] [{citizen 1} [[""A"" [3 4]]]] [{citizen 32} [[""A"" [5 3]]]] [{citizen 48} [[""A"" [3 5]]]] [{citizen 27} [[""A"" [3 1]]]] [{media 51} [[""A"" [4 4]]]] [{citizen 14} [[""A"" [3 4]]]] [{citizen 11} [[""A"" [4 4]]]] [{citizen 5} [[""A"" [5 3]]]] [{citizen 34} [[""A"" [3 2]]]] [{citizen 23} [[""A"" [1 3]]]] [{citizen 38} [[""A"" [3 1]]]] [{citizen 26} [[""A"" [5 3]]]] [{citizen 12} [[""A"" [1 3]]]] [{citizen 17} [[""A"" [4 3]]]] [{citizen 15} [[""A"" [1 1]]]] [{citizen 13} [[""A"" [5 5]]]] [{citizen 22} [[""A"" [3 1]]]] [{citizen 42} [[""A"" [0 2]]]] [{citizen 9} [[""A"" [1 1]]]] [{citizen 8} [[""A"" [1 1]]]] [{citizen 49} [[""A"" [3 1]]]] [{citizen 16} [[""A"" [2 5]]]] [{citizen 18} [[""A"" [3 4]]]] [{citizen 35} [[""A"" [1 1]]]] [{citizen 46} [[""A"" [3 1]]]] [{citizen 30} [[""A"" [1 1]]]] [{citizen 2} [[""A"" [3 5]]]] [{citizen 24} [[""A"" [1 3]]]] [{citizen 6} [[""A"" [5 3]]]] [{citizen 21} [[""A"" [3 5]]]] [{citizen 40} [[""A"" [5 3]]]] [{citizen 43} [[""A"" [5 3]]]] [{citizen 39} [[""A"" [5 3]]]] [{citizen 37} [[""A"" [3 5]]]] [{citizen 47} [[""A"" [5 1]]]] [{citizen 25} [[""A"" [5 3]]]] [{citizen 29} [[""A"" [3 1]]]] [{citizen 44} [[""A"" [3 5]]]] [{citizen 28} [[""A"" [3 4]]]]]"
"21","[85 0 170]","282.27272727272725","-4.670416525488627","0.9180760277719013","""circle""","""""","9.9","{breed citizens}","false","0.5","1","""up""",,"[[""ID"" 30] [""alpha"" 1] [""beta"" 1] [""malleable"" [""A""]] [""prior"" []] [""cont_tokens"" []] [""A"" 4]]","[[0 [0 1 2 3 4 5 6 7 8 9 10 11 12 14]] [1 [17 19 20 21 22 23 25 26 27 28 29]] [2 [30 32 33 34 35 36 37 38 39 40 41 42 43 44]] [3 [45 46 47 48 49 50 54 55 56 57 58 59]] [4 [60 61 62 63 64 65 66 67 68 69 70 71 72 73 74]] [5 [75 76 77 78 79 80 81 82 83 84 85 86 87 88 89]] [6 [91 92 93 94 95 96 97 98 99 100 101 102 103 104]] [7 [105 106 107 108 109 110 111 112 113 114 115 116 117 118 119]] [8 [120 121 122 123 124 125 126 127 128 130 131 132 133 134]] [9 [135 136 137 138 139 140 141 142 143 144 145 146 147 148 149]] [10 [150 151 152 153 154 155 156 157 158 159 160 161 162 163 164]] [11 [165 166 167 168 169 170 171 172 173 174 175 176 177 178 179]] [12 [180 181 182 183 184 185 186 187 188 189 190]] [13 [197 198 199 200 201 202 206 207 208 209]] [14 [210 211 212 213 214 215 216 217 218 219 220 221 222 223 224]] [15 [225 226 227 228 229 230 231 232 233 234 235 236 238 239]] [16 [240 241 242 244 245 246 249 250 252 253 254]] [17 [255 256 257 258 259 260 261 262 263 264 265 266 267 268 269]] [18 [271 272 273 274 275 276 277 278 279 280 281 282 283 284]] [19 [285 286 287 288 289 290 291 292 293 294 295 296 297 298 299]] [20 [300 301 302 303 304 305 306 307 308 309 310 311 312 313 314]] [21 [315 316 317 318 319 320 321 322 323 324 325 326 327 328 329]] [22 [330 331 332 333 334 335 336 337 338 339 340 341 342 343 344]] [23 [346 347 348 349 350 351 352 353 354 355 356 357 358 359]] [24 [361 362 363 364 365 366 367 368 369 370 371 373 374]] [25 [375 376 377 378 380 383 384 385 386 387 388 389]] [26 [390 391 392 393 394 395 396 397 398 399 400 401 402 403 404]] [27 [405 406 407 408 409 410 411 412 413 414 415 416 417 418 419]] [28 [420 422 423 424 425 427 428 429 430 433 434]] [29 [435 436 437 438 440 441 442 443 444 445 446 448 449]] [30 [450 451 452 453 454 455 456 457 458 459 460 461 462 463 464]] [31 [465 466 467 468 469 470 471 472 473 474 475 476 477 478 479]] [32 [480 481 482 483 484 485 486 487 488 489 490 491 492 493 494]] [33 [495 497 498 499 500 501 502 503 504 505 506]] [34 [510 511 512 513 514 515 516 518 519 520 521 522 523 524]] [35 [526 527 528 529 530 531 532 533 534 535 536 537 538 539]] [36 [540 541 542 544 545 546 547 548 549 550 551 553 554]] [37 [556 558 559 560 561 562 563 564 565 566 567 568 569]] [38 [570 571 572 573 574 575 576 577 578 580 581 582 583 584]] [39 [585 586 587 588 590 591 592 593 594 595 596 597 598 599]] [40 [600 601 602 603 604 606 608 609 610 612 614]] [41 [615 616 617 618 619 620 621 622 623 624 625 626 627 628 629]] [42 [630 631 632 633 634 635 636 637 638 639 640 641 642 643 644]] [43 [645 646 647 648 649 650 651 652 653 654 655 656 657 658 659]] [44 [660 661 662 663 664 665 666 667 668 669 670 671 672 673 674]] [45 [675 676 677 678 679 680 681 682 683 684 685 686 687 688 689]] [46 [690 693 694 695 696 697 699 702 703 704]] [47 [705 706 707 708 709 710 711 712 713 714 715 716 717 718 719]] [48 [720 721 722 723 724 725 726 727 729 732 734]] [49 [736 738 739 741 742 743 745 746 747 748 749]] [50 [750 751 752 753 754 755 756 757 758 759 760 761 762 763 764]] [51 [765 766 767 768 769 770 771 772 773 774 775 776 777 778 779]] [52 [780 781 782 783 784 785 786 787 788 789 790 791 792 793 794]] [53 [795 796 797 798 799 800 801 802 803 804 805 806 807 808 809]] [54 [812 813 814 816 821 822 823 824]] [55 [825 826 827 828 829 830 831 832 833 836 837 838 839]] [56 [840 841 842 843 844 845 848 849 850 851 852 853 854]] [57 [855 856 857 858 859 860 861 862 863 864 865 866 867 868 869]] [58 [870 871 873 874 875 876 877 879 880 881 882 883 884]] [59 [885 886 888 889 890 891 892 893 894 895 896 897 898 899]] [60 [900 901 902 903 904 905 906 907 908 909 910 911 912 913 914]] [61 [915 916 917 918 919 920 921 922 923 924 925 926 927 928 929]] [62 [931 933 934 936 937 938 939 940 941 942 943 944]] [63 [945 946 947 948 949 950 951 952 953 954 955 956 957 959]] [64 [960 961 962 963 964 965 966 967 968 969 970 971 972 973 974]] [65 [975 976 977 978 979 980 981 982 983 984 985 986 987 988 989]] [66 [990 991 992 993 994 995 996 997 998 999 1000 1001 1002 1003 1004]] [67 [1007 1009 1010 1011 1012 1013 1014 1015 1016]] [68 [1020 1021 1022 1023 1024 1030 1031 1032 1034]] [69 [1035 1036 1040 1041 1042 1043 1044 1045 1046 1047 1049]] [70 [1050 1051 1052 1053 1054 1055 1056 1057 1058 1059 1060 1061 1062 1063 1064]] [71 [1065 1066 1067 1068 1069 1070 1071 1072 1073 1074 1075 1076 1077 1078 1079]] [72 [1080 1081 1083 1084 1085 1086 1087 1089 1092 1093 1094]] [73 [1095 1096 1097 1098 1099 1100 1101 1102 1103 1104 1105 1107 1108 1109]] [74 [1110 1111 1112 1113 1114 1115 1116 1117 1118 1119 1120 1121 1122 1123 1124]] [75 [1125 1126 1127 1128 1129 1130 1131 1132 1133 1134 1135 1136 1137 1138 1139]] [76 [1140 1141 1142 1143 1144 1145 1146 1147 1148 1149 1150 1151 1152 1153 1154]] [77 [1155 1156 1157 1158 1159 1160 1161 1162 1163 1164 1165 1166 1167 1168 1169]] [78 [1170 1172 1174 1175 1177 1178 1179 1180 1181 1182 1183 1184]] [79 [1185 1186 1187 1188 1189 1190 1191 1192 1193 1194 1195 1196 1197 1198 1199]] [80 [1200 1201 1202 1203 1204 1205 1206 1207 1208 1209 1210 1211 1212 1213 1214]] [81 [1215 1216 1218 1220 1221 1222 1223 1224 1225 1228 1229]] [82 [1231 1232 1233 1235 1236 1237 1238 1239 1241 1242 1243]] [83 [1246 1247 1248 1250 1251 1252 1253 1254 1255 1256 1257 1258 1259]] [84 [1260 1261 1262 1263 1264 1265 1266 1267 1268 1269 1270 1271 1272 1273 1274]] [85 [1275 1276 1277 1278 1279 1280 1281 1282 1283 1284 1285 1286 1287 1288 1289]] [86 [1290 1291 1292 1293 1294 1295 1296 1297 1299 1300 1301 1302 1303 1304]] [87 [1305 1306 1307 1308 1309 1310 1311 1312 1313 1314 1315 1316 1317 1318 1319]] [88 [1320 1321 1322 1323 1324 1325 1326 1327 1328 1329 1330 1331 1332 1333 1334]] [89 [1335 1336 1337 1338 1339 1340 1341 1342 1343 1347 1348 1349]] [90 [1350 1351 1352 1353 1354 1355 1356 1357 1358 1359 1360 1361 1362 1363 1364]] [91 [1365 1366 1367 1368 1369 1370 1371 1372 1373 1374 1375 1376 1377 1378 1379]] [92 [1380 1381 1382 1383 1384 1385 1386 1387 1388 1389 1390 1391 1392 1393 1394]] [93 [1395 1396 1397 1398 1399 1400 1401 1402 1403 1404 1405 1406 1407 1408 1409]] [94 [1410 1411 1412 1413 1414 1415 1416 1417 1418 1419 1420 1421 1422 1423 1424]] [95 [1425 1426 1427 1428 1429 1430 1431 1432 1433 1434 1435 1436 1437 1438 1439]] [96 [1440 1441 1442 1443 1444 1445 1446 1447 1448 1449 1450 1451 1452 1453 1454]] [97 [1455 1456 1457 1458 1459 1460 1462 1465 1467 1468 1469]] [98 [1470 1471 1472 1473 1474 1475 1476 1477 1478 1479 1480 1481 1482 1483 1484]] [99 [1485 1486 1487 1488 1489 1490 1491 1492 1493 1494 1495 1496 1497 1498 1499]]]","[[0 [6 7 11 14]] [1 [17 19 22 23 25 26 27 28]] [2 [30 33 34 35 36 39 42 43 44]] [3 [45 46 47 48 49 50 55 57 58]] [4 [61 62 63 64 66 68 69 73 74]] [5 [76 77 78 79 81 83 84 87]] [6 [91 92 93 98 101 102 103 104]] [7 [105 106 107 110 114 116 118 119]] [8 [121 123 125 128 131 132 134]] [9 [135 136 137 138 142 143 144 145 146 149]] [10 [151 152 154 155 159 164]] [11 [165 170 171 172 173 176 178]] [12 [180 181 182 183 184 185 186 187 188 189 190]] [13 [197 198 200 201 202 206 207 208]] [14 [210 213 217 218 220 224]] [15 [225 226 228 230 234 235 236 239]] [16 [241 242 245 246 249 250 252 253 254]] [17 [256 257 258 259 261 264 266 269]] [18 [273 274 275 279 281 282 283 284]] [19 [285 286 287 291 294 295 296 299]] [20 [302 305 306 308 310 311 312 313 314]] [21 [315 316 317 319 322 323 324 327 328]] [22 [330 331 332 335 338 339 340]] [23 [350 352 353 354 356 357]] [24 [361 362 363 364 365 367 368 371 373 374]] [25 [375 376 378 380 383 386 388]] [26 [392 394 395 397 399 401 402 404]] [27 [405 406 410 411 413 414 417 418 419]] [28 [420 422 423 424 427 428 430 434]] [29 [435 436 437 438 440 441 442 443 444 446 448 449]] [30 [454 456 458 459 460 462 463 464]] [31 [466 467 468 472 473 474 476]] [32 [482 483 484 489 492 493 494]] [33 [495 497 498 499 500 503 505 506]] [34 [512 514 515 516 519 522 523]] [35 [526 527 528 531 536 538 539]] [36 [540 541 544 546 547 548 554]] [37 [556 558 559 563 566 568 569]] [38 [571 574 576 578 580 582 583 584]] [39 [586 587 588 591 592 594 596 597]] [40 [600 601 602 603 606 609 610 612]] [41 [615 616 617 619 620 622 624 626 627 628]] [42 [631 635 636 637 638 640 641 642]] [43 [648 650 651 652 654 655 656 657 658 659]] [44 [663 664 667 668 670 671 672]] [45 [675 677 680 681 685 686 687 688]] [46 [690 693 694 695 696 697 699 703]] [47 [705 707 708 712 713 714 717 718]] [48 [721 722 725 726 727 729 732 734]] [49 [736 738 739 741 742 743 745 746 747]] [50 [750 753 754 755 756 757 759 760 761 763]] [51 [765 769 770 771 774 775 776 777]] [52 [781 783 785 786 787 791 793]] [53 [795 796 797 800 801 802 803 805 807 808 809]] [54 [813 814 816 822 823 824]] [55 [826 827 828 832 833 836 839]] [56 [840 842 843 845 848 849 852 854]] [57 [855 856 859 860 861 863 864 865 866 867 868 869]] [58 [870 871 873 875 877 879 880 881]] [59 [890 894 896 899]] [60 [900 902 903 904 906 908 910 912 913]] [61 [915 917 919 921 922 923 925 926 927 928 929]] [62 [931 933 934 936 937 939 940 943 944]] [63 [945 946 947 948 950 955 956 959]] [64 [964 966 968 969 972 973]] [65 [976 977 978 979 980 981 983 984 987 988 989]] [66 [990 991 993 996 997 999 1000 1001]] [67 [1007 1009 1011 1012 1014 1015 1016]] [68 [1020 1021 1022 1023 1024 1031 1032 1034]] [69 [1035 1040 1042 1043 1044 1045 1046 1047 1049]] [70 [1051 1052 1053 1054 1058 1061 1062]] [71 [1065 1066 1070 1072 1073 1074 1076 1078]] [72 [1080 1083 1084 1085 1089 1092 1094]] [73 [1098 1099 1100 1101 1104 1105 1107 1108 1109]] [74 [1110 1113 1114 1117 1120]] [75 [1126 1129 1130 1132 1133 1136 1138]] [76 [1142 1144 1147 1148 1150 1151 1152 1154]] [77 [1155 1156 1157 1158 1159 1160 1162 1164 1166 1168 1169]] [78 [1170 1172 1174 1175 1179 1182 1183 1184]] [79 [1186 1189 1191 1192 1195 1196 1198 1199]] [80 [1200 1201 1202 1207 1209 1211 1212 1213]] [81 [1216 1218 1220 1221 1222 1223 1224 1225 1228 1229]] [82 [1231 1232 1233 1235 1236 1238 1239 1241 1242 1243]] [83 [1246 1248 1251 1252 1253 1254 1255]] [84 [1260 1262 1263 1268 1269 1270 1272 1273 1274]] [85 [1277 1278 1280 1282 1285 1286 1287 1288]] [86 [1290 1291 1294 1297 1299 1301 1302 1303]] [87 [1305 1306 1307 1311 1312 1315 1318]] [88 [1320 1321 1325 1328 1329 1331 1332 1333]] [89 [1335 1336 1339 1340 1341 1342 1343 1347 1348 1349]] [90 [1350 1352 1353 1355 1358 1359 1361 1364]] [91 [1365 1366 1371 1373 1374 1375 1377 1378 1379]] [92 [1381 1385 1387 1392 1393 1394]] [93 [1395 1398 1399 1400 1401 1402 1403 1404 1408]] [94 [1410 1411 1415 1419 1421 1422 1424]] [95 [1426 1427 1428 1430 1432 1438]] [96 [1440 1443 1444 1446 1448 1450 1452 1453]] [97 [1455 1458 1459 1460 1462 1465 1467 1468 1469]] [98 [1471 1472 1475 1476 1477 1478 1482 1483 1484]] [99 [1485 1486 1487 1488 1490 1491 1492 1495 1498 1499]]]",,"[[{citizen 24} [[""A"" [4 3]]]] [{citizen 28} [[""A"" [5 4]]]] [{citizen 34} [[""A"" [4 3]]]] [{media 50} [[""A"" [3 3]]]] [{media 52} [[""A"" [0 0]]]] [{media 54} [[""A"" [4 4]]]] [{media 55} [[""A"" [3 3]]]] [{media 56} [[""A"" [1 1]]]] [{media 57} [[""A"" [5 5]]]] [{media 59} [[""A"" [0 0]]]] [{media 63} [[""A"" [5 5]]]] [{media 60} [[""A"" [2 2]]]] [{citizen 0} [[""A"" [3 4]]]] [{citizen 2} [[""A"" [4 4]]]] [{citizen 1} [[""A"" [1 4]]]] [{citizen 7} [[""A"" [5 4]]]] [{media 61} [[""A"" [3 3]]]] [{media 53} [[""A"" [1 1]]]] [{citizen 5} [[""A"" [5 5]]]] [{media 58} [[""A"" [1 1]]]] [{media 62} [[""A"" [1 1]]]] [{media 64} [[""A"" [1 1]]]] [{media 51} [[""A"" [4 4]]]] [{citizen 14} [[""A"" [4 4]]]] [{citizen 11} [[""A"" [4 4]]]] [{citizen 23} [[""A"" [3 1]]]] [{citizen 38} [[""A"" [4 1]]]] [{citizen 26} [[""A"" [5 4]]]] [{citizen 4} [[""A"" [3 1]]]] [{citizen 12} [[""A"" [4 4]]]] [{citizen 17} [[""A"" [4 3]]]] [{citizen 6} [[""A"" [4 4]]]] [{citizen 40} [[""A"" [3 4]]]] [{citizen 42} [[""A"" [2 1]]]] [{citizen 3} [[""A"" [1 1]]]] [{citizen 41} [[""A"" [1 1]]]] [{citizen 10} [[""A"" [5 4]]]] [{citizen 31} [[""A"" [1 1]]]] [{citizen 20} [[""A"" [4 4]]]] [{citizen 22} [[""A"" [3 1]]]] [{citizen 32} [[""A"" [5 3]]]] [{citizen 43} [[""A"" [3 4]]]] [{citizen 15} [[""A"" [1 1]]]] [{citizen 37} [[""A"" [4 4]]]] [{citizen 46} [[""A"" [5 3]]]] [{citizen 18} [[""A"" [4 4]]]] [{citizen 39} [[""A"" [5 3]]]] [{citizen 8} [[""A"" [3 1]]]] [{citizen 35} [[""A"" [1 1]]]] [{citizen 25} [[""A"" [5 5]]]] [{citizen 44} [[""A"" [5 4]]]] [{citizen 49} [[""A"" [4 5]]]] [{citizen 19} [[""A"" [5 1]]]] [{citizen 16} [[""A"" [5 4]]]] [{citizen 9} [[""A"" [1 1]]]] [{citizen 30} [[""A"" [1 1]]]] [{citizen 27} [[""A"" [5 3]]]] [{citizen 45} [[""A"" [5 3]]]] [{citizen 33} [[""A"" [3 1]]]] [{citizen 29} [[""A"" [3 1]]]] [{citizen 47} [[""A"" [5 1]]]] [{citizen 48} [[""A"" [5 4]]]] [{citizen 13} [[""A"" [5 4]]]] [{citizen 36} [[""A"" [5 4]]]]]"
"22","[213 0 42]","294.54545454545456","-4.680810301522295","1.4409166506009226","""circle""","""""","9.9","{breed citizens}","false","0.5","1","""up""",,"[[""ID"" 8] [""alpha"" 1] [""beta"" 1] [""malleable"" [""A""]] [""prior"" []] [""cont_tokens"" []] [""A"" 1]]","[[0 [0 1 2 3 4 5 6 7 8 9 10 11 12 13 14]] [1 [15 16 17 18 19 20 21 22 23 24 25 26 27 28 29]] [2 [30 32 33 34 35 36 37 38 39 40 41 42 43 44]] [3 [45 46 47 48 49 50 51 52 53 54 55 56 57 58 59]] [4 [60 61 62 63 64 65 66 67 68 69 70 71 72 73 74]] [5 [75 76 77 78 79 80 81 82 83 84 85 86 87 88 89]] [6 [90 91 92 93 94 95 96 97 98 99 100 101 102 103 104]] [7 [105 106 107 108 109 111 112 113 115 116 117 118 119]] [8 [120 121 122 123 124 125 126 127 128 130 131 132 133 134]] [9 [135 136 137 138 139 140 141 142 143 144 145 146 147 148 149]] [10 [150 151 152 153 154 155 156 157 158 159 160 161 162 163 164]] [11 [165 166 167 168 169 170 171 172 173 174 175 176 177 178 179]] [12 [180 181 182 183 184 185 186 187 188 189 190 191 192 193 194]] [13 [197 198 199 200 201 202 206 207 208 209]] [14 [210 211 212 213 214 215 216 217 218 220 221 222 223 224]] [15 [225 226 227 228 229 230 231 232 233 234 235 236 237 238 239]] [16 [240 241 242 244 245 246 249 250 252 253 254]] [17 [255 256 257 258 259 260 261 262 263 264 265 266 267 268 269]] [18 [271 272 273 274 275 276 277 278 279 280 281 282 283 284]] [19 [285 286 287 288 289 290 291 292 293 294 295 296 297 298 299]] [20 [300 301 302 303 304 305 306 308 309 310 311 312 313 314]] [21 [315 316 317 318 319 320 321 322 323 324 325 326 327 328 329]] [22 [330 331 332 333 334 335 336 337 338 339 340 341 342 343 344]] [23 [345 346 347 348 349 350 351 352 353 354 355 356 357 358 359]] [24 [361 362 363 364 365 366 367 368 369 370 371 373 374]] [25 [375 376 377 378 380 383 384 385 386 387 388 389]] [26 [390 391 392 393 394 395 396 397 398 399 400 401 402 403 404]] [27 [405 406 407 408 409 410 411 412 413 414 415 416 417 418 419]] [28 [420 422 423 424 425 427 428 429 430 433 434]] [29 [435 436 437 438 440 441 442 443 444 445 446 448 449]] [30 [450 451 452 453 454 455 456 457 458 459 460 461 462 463 464]] [31 [466 467 468 470 471 472 473 474 475 476 477 478 479]] [32 [480 481 482 483 484 485 486 487 489 490 491 492 493 494]] [33 [495 497 498 499 500 501 502 503 504 505 506]] [34 [510 511 512 513 514 515 516 517 518 519 520 521 522 523 524]] [35 [525 526 527 528 529 530 531 532 533 534 535 536 537 538 539]] [36 [540 541 542 544 545 546 547 548 549 550 551 553 554]] [37 [556 558 559 560 561 562 563 564 565 566 567 568 569]] [38 [570 571 572 573 574 575 576 577 578 580 581 582 583 584]] [39 [585 586 587 588 590 591 592 593 594 595 596 597 598 599]] [40 [600 601 602 603 604 605 606 607 608 609 610 611 612 613 614]] [41 [615 616 617 618 619 620 621 622 623 624 625 626 627 628 629]] [42 [630 631 632 633 634 635 636 637 638 639 640 641 642 643 644]] [43 [645 646 647 648 649 650 651 652 653 654 655 656 657 658 659]] [44 [660 661 662 663 664 665 666 667 668 669 670 671 672 673 674]] [45 [675 676 677 678 679 680 681 682 683 684 685 686 687 688 689]] [46 [690 693 694 695 696 697 699 702 703 704]] [47 [705 706 707 708 710 711 712 713 714 715 716 717 718 719]] [48 [720 721 722 723 724 725 726 727 729 732 734]] [49 [736 738 739 741 742 743 745 746 747 748 749]] [50 [750 751 752 753 754 755 756 757 759 760 761 762 763 764]] [51 [765 766 767 768 769 770 771 772 773 774 775 776 777 778 779]] [52 [780 781 782 783 784 785 786 787 788 789 790 791 792 793 794]] [53 [795 796 797 800 801 802 803 804 805 807 808 809]] [54 [810 811 812 813 814 816 821 822 823 824]] [55 [825 826 827 828 829 830 831 832 833 836 837 838 839]] [56 [840 841 842 843 844 845 848 849 850 851 852 853 854]] [57 [855 856 857 858 859 860 861 862 863 864 865 866 867 868 869]] [58 [870 871 873 874 875 876 877 879 880 881 882 883 884]] [59 [885 886 887 888 889 890 891 892 893 894 895 897 898]] [60 [901 903 904 905 906 907 908 909 910 911 912 913 914]] [61 [915 916 917 918 919 921 922 923 925 926 927 928 929]] [62 [931 933 934 936 937 938 939 940 941 942 943 944]] [63 [945 946 947 948 950 952 953 954 955 956 957 958 959]] [64 [960 961 962 963 964 965 966 967 968 969 970 971 972 973 974]] [65 [975 976 977 978 979 980 981 982 983 984 985 986 987 988 989]] [66 [990 991 992 993 994 995 996 997 998 999 1000 1001 1002 1003 1004]] [67 [1005 1006 1007 1008 1009 1010 1011 1012 1013 1014 1015 1016 1017 1018 1019]] [68 [1020 1021 1022 1023 1024 1030 1031 1032 1034]] [69 [1035 1036 1040 1041 1042 1043 1044 1045 1046 1047 1049]] [70 [1050 1051 1052 1053 1054 1055 1056 1057 1058 1059 1060 1061 1062 1063 1064]] [71 [1065 1066 1067 1068 1069 1070 1072 1073 1074 1076 1078]] [72 [1080 1081 1083 1084 1085 1086 1087 1089 1092 1093 1094]] [73 [1095 1096 1097 1098 1099 1100 1101 1102 1103 1104 1105 1107 1108 1109]] [74 [1110 1111 1112 1113 1114 1115 1116 1117 1118 1119 1120 1121 1122 1123 1124]] [75 [1125 1126 1127 1128 1129 1130 1131 1132 1133 1134 1135 1136 1137 1138 1139]] [76 [1140 1141 1142 1143 1144 1145 1146 1147 1148 1149 1150 1151 1152 1153 1154]] [77 [1155 1156 1157 1158 1159 1160 1161 1162 1163 1164 1165 1166 1167 1168 1169]] [78 [1170 1171 1172 1173 1174 1175 1176 1177 1178 1179 1180 1181 1182 1183 1184]] [79 [1186 1188 1189 1190 1191 1192 1193 1194 1195 1196 1197 1198 1199]] [80 [1200 1201 1202 1205 1207 1209 1210 1211 1212 1213 1214]] [81 [1215 1216 1217 1218 1219 1220 1221 1222 1223 1224 1225 1226 1227 1228 1229]] [82 [1231 1232 1233 1235 1236 1237 1238 1239 1241 1242 1243]] [83 [1246 1247 1248 1250 1251 1252 1253 1254 1255 1256 1257 1258 1259]] [84 [1261 1264 1265 1266 1267 1268 1269 1270 1271 1272 1273 1274]] [85 [1275 1276 1277 1278 1279 1280 1281 1282 1283 1284 1285 1286 1287 1288 1289]] [86 [1290 1291 1292 1293 1294 1295 1296 1297 1298 1299 1301 1302 1303 1304]] [87 [1305 1306 1307 1308 1309 1310 1311 1312 1313 1314 1315 1316 1317 1318 1319]] [88 [1320 1321 1322 1323 1324 1325 1326 1327 1328 1329 1330 1331 1332 1333 1334]] [89 [1335 1336 1337 1338 1339 1340 1341 1342 1343 1347 1348 1349]] [90 [1350 1351 1352 1353 1354 1355 1356 1357 1358 1359 1360 1361 1362 1363 1364]] [91 [1365 1366 1367 1368 1369 1370 1371 1372 1373 1374 1375 1376 1377 1378 1379]] [92 [1380 1381 1383 1384 1385 1386 1387 1388 1389 1390 1391 1392 1393 1394]] [93 [1395 1396 1397 1398 1399 1400 1401 1402 1403 1404 1405 1406 1407 1408 1409]] [94 [1410 1411 1412 1413 1414 1415 1416 1417 1418 1419 1420 1421 1422 1423 1424]] [95 [1426 1427 1428 1429 1430 1431 1432 1433 1434 1435 1436 1437 1438 1439]] [96 [1440 1441 1442 1443 1444 1446 1448 1450 1451 1452 1453 1454]] [97 [1455 1456 1457 1458 1459 1460 1461 1462 1463 1464 1465 1466 1467 1468 1469]] [98 [1470 1471 1472 1473 1474 1475 1476 1477 1478 1479 1480 1481 1482 1483 1484]] [99 [1485 1486 1487 1488 1489 1490 1491 1492 1493 1494 1495 1496 1497 1498 1499]]]","[[0 [0 1 2 3 5 8 9 10 12]] [1 [15 16 18 19 22 23 24 25 27 28]] [2 [30 32 33 34 35 36 37 39 42 43]] [3 [45 46 47 48 49 50 54 57 59]] [4 [60 64 65 67 70 71 72]] [5 [75 76 77 78 79 81 84 85 86 88 89]] [6 [90 94 95 96 97 99]] [7 [108 109 111 112 113 115 116 118 119]] [8 [121 123 124 126 127 128 130 133]] [9 [139 140 141 142 143 144 145 146 149]] [10 [151 152 154 155 156 157 158 160 161 163 164]] [11 [167 170 171 172 173 174 175 177 179]] [12 [180 182 183 184 185 186 187 188 189 190]] [13 [197 198 199 200 201 202 206 209]] [14 [211 212 213 215 216 218 221 222 223 224]] [15 [225 226 227 229 231 233 238 239]] [16 [240 244 249 250 252 253 254]] [17 [256 257 258 259 261 264 266]] [18 [271 272 274 275 278 282 283 284]] [19 [285 286 287 291 294 295 296 297 298]] [20 [300 301 302 305 306 308 310 311 313 314]] [21 [315 316 317 319 323 324 327 328 329]] [22 [333 334 336 337 341 342 344]] [23 [345 346 348 349 351 352 353 355 356 357]] [24 [361 362 363 364 365 367 368 371 373 374]] [25 [375 376 377 378 380 383 384 385 387 388 389]] [26 [391 393 396 398 399 401 402 404]] [27 [405 406 410 411 412 415 416 417 418 419]] [28 [420 422 423 424 427 428 433 434]] [29 [435 436 437 438 443 445 446 448 449]] [30 [454 456 458 459 460 462 463]] [31 [466 467 468 471 472 473 474 477 478 479]] [32 [480 481 482 483 484 486 487 491 492 493 494]] [33 [495 498 499 500 501 502]] [34 [510 511 512 514 515 516 518 521 524]] [35 [525 527 528 531 532 533 535 537 539]] [36 [540 541 544 549 550 551 553 554]] [37 [556 560 561 564 565 567 569]] [38 [570 571 574 576 577 581 584]] [39 [587 588 590 593 595 598 599]] [40 [602 603 606 609 610 612]] [41 [615 616 617 619 620 622 624 626 629]] [42 [632 633 634 639 641 642]] [43 [646 647 648 650 651 652 654]] [44 [660 661 662 664 667 668 670 673 674]] [45 [675 677 678 680 681 685 687 688]] [46 [690 693 694 695 696 697 699 702 703 704]] [47 [705 707 708 712 713 714 716 717 718]] [48 [721 722 723 724 725 726 727 729 732 734]] [49 [736 738 739 741 742 743 745 746 748 749]] [50 [750 751 752 753 756 757 759 760 761 763]] [51 [765 769 771 774 775 776 777]] [52 [781 782 783 785 788 789 790 791 792 794]] [53 [795 801 802 803 805 807 808 809]] [54 [812 813 814 816 822 823 824]] [55 [825 829 830 831 832 833 836 839]] [56 [840 842 844 848 849 850 852 854]] [57 [855 856 859 860 861 863 864 865 866 867 868 869]] [58 [870 871 873 875 877 882 883 884]] [59 [886 887 888 889 891 892 893 895 897 898]] [60 [901 904 906 908 909 911 914]] [61 [916 918 919 921 922 923 925 928 929]] [62 [931 933 934 936 937 938 939 940 941]] [63 [947 948 950 955 956 957]] [64 [960 961 963 965 967 969 972 973]] [65 [976 979 982 985 986 987 988]] [66 [991 993 995 996 998 1002 1003 1004]] [67 [1005 1006 1008 1010 1012 1013 1014 1015 1016]] [68 [1020 1021 1022 1023 1024 1031 1034]] [69 [1035 1036 1041 1044 1045 1046 1047 1049]] [70 [1051 1052 1055 1056 1059 1060 1063 1064]] [71 [1065 1066 1070 1072 1073 1074 1076 1078]] [72 [1080 1084 1085 1087 1089 1092 1094]] [73 [1096 1097 1098 1099 1100 1101 1104 1105 1107 1109]] [74 [1110 1111 1113 1114 1117 1120]] [75 [1129 1130 1132 1133 1136 1138]] [76 [1142 1144 1145 1146 1149 1153 1154]] [77 [1155 1157 1158 1160 1161 1162 1163 1165 1167]] [78 [1171 1173 1176 1177 1178 1180 1183 1184]] [79 [1186 1188 1190 1192 1195 1196 1198 1199]] [80 [1200 1201 1202 1207 1209 1210 1214]] [81 [1215 1219 1220 1221 1222 1223 1224 1225 1228 1229]] [82 [1231 1232 1233 1235 1236 1237 1238 1239 1241 1242 1243]] [83 [1246 1248 1251 1252 1253 1254 1256 1257 1258 1259]] [84 [1261 1264 1265 1266 1267 1268 1269 1272 1273 1274]] [85 [1277 1278 1279 1282 1285 1286 1287 1288 1289]] [86 [1290 1291 1292 1294 1297 1299 1301 1302 1303]] [87 [1305 1306 1307 1311 1312 1315 1316 1318 1319]] [88 [1320 1321 1325 1328 1329 1331 1332 1333]] [89 [1335 1336 1337 1338 1341 1342 1343 1348]] [90 [1351 1353 1355 1358 1359 1360 1361 1362 1363]] [91 [1374 1375 1377 1378 1379]] [92 [1381 1383 1386 1387 1389 1390 1391 1392 1394]] [93 [1395 1398 1399 1402 1403 1404 1405 1406 1407 1408]] [94 [1410 1411 1414 1415 1416 1417 1418 1420 1421 1422 1424]] [95 [1426 1427 1428 1430 1432 1438]] [96 [1440 1444 1446 1448 1450 1452 1454]] [97 [1456 1457 1459 1460 1462 1465 1467 1468 1469]] [98 [1471 1472 1473 1474 1476 1478 1482 1483 1484]] [99 [1485 1486 1487 1488 1490 1491 1492 1495 1496 1497]]]",,"[[{citizen 32} [[""A"" [5 5]]]] [{citizen 45} [[""A"" [5 5]]]] [{media 50} [[""A"" [3 3]]]] [{media 51} [[""A"" [4 4]]]] [{media 52} [[""A"" [0 0]]]] [{media 53} [[""A"" [1 1]]]] [{media 54} [[""A"" [4 4]]]] [{media 55} [[""A"" [3 3]]]] [{media 57} [[""A"" [5 5]]]] [{media 58} [[""A"" [1 1]]]] [{media 59} [[""A"" [0 0]]]] [{media 60} [[""A"" [2 2]]]] [{media 61} [[""A"" [3 3]]]] [{media 62} [[""A"" [1 1]]]] [{media 64} [[""A"" [1 1]]]] [{media 56} [[""A"" [1 1]]]] [{citizen 1} [[""A"" [1 4]]]] [{citizen 7} [[""A"" [5 4]]]] [{citizen 0} [[""A"" [2 4]]]] [{citizen 5} [[""A"" [5 5]]]] [{media 63} [[""A"" [5 5]]]] [{citizen 19} [[""A"" [4 1]]]] [{citizen 20} [[""A"" [4 4]]]] [{citizen 25} [[""A"" [2 5]]]] [{citizen 35} [[""A"" [1 1]]]] [{citizen 3} [[""A"" [1 1]]]] [{citizen 37} [[""A"" [4 4]]]] [{citizen 8} [[""A"" [3 1]]]] [{citizen 9} [[""A"" [3 1]]]] [{citizen 33} [[""A"" [3 1]]]] [{citizen 14} [[""A"" [4 4]]]] [{citizen 11} [[""A"" [4 4]]]] [{citizen 34} [[""A"" [3 2]]]] [{citizen 23} [[""A"" [3 1]]]] [{citizen 38} [[""A"" [4 1]]]] [{citizen 26} [[""A"" [4 4]]]] [{citizen 4} [[""A"" [5 1]]]] [{citizen 12} [[""A"" [1 4]]]] [{citizen 17} [[""A"" [4 3]]]] [{citizen 6} [[""A"" [4 4]]]] [{citizen 13} [[""A"" [5 4]]]] [{citizen 42} [[""A"" [0 2]]]] [{citizen 41} [[""A"" [1 1]]]] [{citizen 10} [[""A"" [5 4]]]] [{citizen 31} [[""A"" [1 1]]]] [{citizen 49} [[""A"" [2 4]]]] [{citizen 16} [[""A"" [2 4]]]] [{citizen 18} [[""A"" [4 4]]]] [{citizen 46} [[""A"" [3 3]]]] [{citizen 30} [[""A"" [1 1]]]] [{citizen 2} [[""A"" [5 4]]]] [{citizen 27} [[""A"" [5 3]]]] [{citizen 43} [[""A"" [3 4]]]] [{citizen 15} [[""A"" [1 1]]]] [{citizen 48} [[""A"" [3 5]]]] [{citizen 24} [[""A"" [2 1]]]] [{citizen 39} [[""A"" [3 5]]]] [{citizen 29} [[""A"" [1 1]]]] [{citizen 44} [[""A"" [5 4]]]] [{citizen 47} [[""A"" [1 1]]]] [{citizen 40} [[""A"" [5 4]]]] [{citizen 21} [[""A"" [5 4]]]] [{citizen 28} [[""A"" [5 4]]]] [{citizen 36} [[""A"" [5 4]]]]]"
"23","[85 0 170]","139.0909090909091","6.162271766032366","-6.811056396684704","""circle""","""""","9.9","{breed citizens}","false","0.5","1","""up""",,"[[""ID"" 10] [""alpha"" 1] [""beta"" 1] [""malleable"" [""A""]] [""prior"" []] [""cont_tokens"" []] [""A"" 4]]","[[0 [0 1 2 4 6 7 11 12 13 14]] [1 [17 19 20 21 22 23 24 25 26 27 28 29]] [2 [30 31 32 33 34 35 36 37 38 39 40 41 42 43 44]] [3 [45 46 47 48 49 50 51 52 53 54 55 56 57 58 59]] [4 [61 62 63 64 65 66 67 68 69 70 71 72 73 74]] [5 [75 76 77 78 79 81 83 84 85 86 87 88 89]] [6 [91 92 93 94 95 96 97 98 99 100 101 102 103 104]] [7 [105 106 107 108 109 110 111 112 113 114 115 116 117 118 119]] [8 [120 121 122 123 124 125 126 127 128 130 131 132 133 134]] [9 [135 136 137 138 139 140 141 142 143 144 145 146 147 148 149]] [10 [150 151 152 153 154 155 156 157 158 159 160 161 162 163 164]] [11 [165 166 167 168 169 170 171 172 173 174 175 176 177 178 179]] [12 [180 181 182 183 184 185 186 187 188 189 190]] [13 [197 198 199 200 201 202 206 207 208 209]] [14 [210 211 212 213 214 215 216 217 218 220 221 222 223 224]] [15 [225 226 227 228 229 230 231 232 233 234 235 236 237 238 239]] [16 [240 241 242 244 245 246 249 250 252 253 254]] [17 [255 256 257 258 259 260 261 262 263 264 265 266 267 268 269]] [18 [270 271 272 273 274 275 276 277 278 279 280 281 282 283 284]] [19 [285 286 287 288 289 290 291 292 293 294 295 296 297 298 299]] [20 [300 301 302 303 304 305 306 308 309 310 311 312 313 314]] [21 [315 316 317 318 319 320 321 322 323 324 325 326 327 328 329]] [22 [331 332 333 334 335 336 337 338 339 340 341 342 343 344]] [23 [345 346 347 348 349 350 351 352 353 354 355 356 357 358 359]] [24 [361 362 363 364 365 366 367 368 369 370 371 373 374]] [25 [375 376 377 378 380 383 384 385 386 387 388 389]] [26 [390 391 392 393 394 395 396 397 398 399 400 401 402 403 404]] [27 [405 406 407 408 409 410 411 412 413 414 415 416 417 418 419]] [28 [420 422 423 424 425 427 428 429 430 433 434]] [29 [435 436 437 438 440 441 442 443 444 445 446 448 449]] [30 [450 451 452 453 454 455 456 457 458 459 460 461 462 463 464]] [31 [465 466 467 468 469 470 471 472 473 474 475 476 477 478 479]] [32 [480 481 482 483 484 485 486 487 488 489 490 491 492 493 494]] [33 [495 497 498 499 500 501 502 503 504 505 506]] [34 [510 511 512 513 514 515 516 518 519 520 521 522 523 524]] [35 [525 526 527 528 529 530 531 532 533 534 535 536 537 538 539]] [36 [540 541 542 544 545 546 547 548 549 550 551 553 554]] [37 [556 558 559 560 561 562 563 564 565 566 567 568 569]] [38 [570 571 572 573 574 575 576 577 578 580 581 582 583 584]] [39 [585 586 587 588 589 590 591 592 593 594 595 596 597 598 599]] [40 [600 601 602 603 604 605 606 607 608 609 610 611 612 613 614]] [41 [615 616 617 618 619 620 621 622 623 624 625 626 627 628 629]] [42 [630 631 632 633 634 635 636 637 638 639 640 641 642 643 644]] [43 [646 647 648 649 650 651 652 654 655 656 657 658 659]] [44 [660 661 662 663 664 665 666 667 668 669 670 671 672 673 674]] [45 [675 676 677 678 679 680 681 682 683 684 685 686 687 688 689]] [46 [690 693 694 695 696 697 699 702 703 704]] [47 [705 706 707 708 710 711 712 713 714 715 716 717 718 719]] [48 [720 721 722 723 724 725 726 727 728 729 730 731 732 733 734]] [49 [736 738 739 741 742 743 745 746 747 748 749]] [50 [750 751 752 753 754 755 756 757 759 760 761 762 763 764]] [51 [765 766 767 768 769 770 771 772 773 774 775 776 777 778 779]] [52 [780 781 782 783 784 785 786 787 788 789 790 791 792 793 794]] [53 [795 796 797 800 801 802 803 804 805 807 808 809]] [54 [810 811 812 813 814 816 821 822 823 824]] [55 [825 826 827 828 829 830 831 832 833 836 837 838 839]] [56 [840 841 842 843 844 845 848 849 850 851 852 853 854]] [57 [855 856 857 858 859 860 861 862 863 864 865 866 867 868 869]] [58 [870 871 873 874 875 876 877 879 880 881 882 883 884]] [59 [885 886 888 890 893 894 895 896 897 898 899]] [60 [900 901 902 903 904 905 906 907 908 909 910 911 912 913 914]] [61 [915 917 919 920 921 922 923 924 925 926 927 928 929]] [62 [930 931 932 933 934 935 936 937 938 939 940 941 942 943 944]] [63 [946 947 948 950 955 958 959]] [64 [960 961 962 963 964 965 966 967 968 969 970 971 972 973 974]] [65 [975 976 977 978 979 980 981 982 983 984 985 986 987 988 989]] [66 [990 991 992 993 994 995 996 997 998 999 1000 1001 1002 1003 1004]] [67 [1005 1006 1007 1008 1009 1010 1011 1012 1013 1014 1015 1016 1017 1018 1019]] [68 [1021 1022 1023 1024 1025 1026 1027 1028 1029 1030 1031 1033 1034]] [69 [1036 1037 1038 1039 1041 1045 1046 1048]] [70 [1050 1051 1052 1053 1054 1055 1056 1057 1058 1059 1060 1061 1062 1063 1064]] [71 [1065 1066 1067 1068 1069 1070 1071 1072 1073 1074 1075 1076 1077 1078 1079]] [72 [1080 1081 1083 1084 1085 1086 1087 1089 1092 1093 1094]] [73 [1095 1096 1097 1098 1099 1100 1101 1102 1103 1104 1105 1106 1107 1108 1109]] [74 [1110 1111 1112 1113 1114 1115 1116 1117 1118 1119 1120 1121 1122 1123 1124]] [75 [1125 1126 1127 1128 1129 1130 1131 1132 1133 1134 1135 1136 1137 1138 1139]] [76 [1140 1141 1144 1145 1146 1147 1148 1149 1150 1151 1152 1153 1154]] [77 [1155 1156 1157 1158 1159 1160 1161 1162 1163 1164 1165 1166 1167 1168 1169]] [78 [1171 1172 1173 1174 1175 1176 1177 1178 1179 1180 1181 1182 1183 1184]] [79 [1185 1186 1187 1188 1189 1190 1191 1192 1193 1194 1195 1196 1197 1198 1199]] [80 [1200 1201 1202 1203 1204 1205 1206 1207 1208 1209 1210 1211 1212 1213 1214]] [81 [1215 1216 1218 1220 1221 1222 1223 1224 1225 1228 1229]] [82 [1231 1232 1233 1235 1236 1237 1238 1239 1241 1242 1243]] [83 [1246 1247 1248 1250 1251 1252 1253 1254 1255 1256 1257 1258 1259]] [84 [1261 1264 1265 1266 1267 1268 1269 1270 1271 1272 1273 1274]] [85 [1275 1276 1277 1278 1279 1280 1281 1282 1283 1284 1285 1286 1287 1288 1289]] [86 [1290 1291 1292 1293 1294 1295 1296 1297 1298 1299 1300 1301 1302 1303 1304]] [87 [1305 1306 1307 1311 1312 1315 1316 1318 1319]] [88 [1320 1321 1322 1323 1324 1325 1326 1327 1328 1329 1330 1331 1332 1333 1334]] [89 [1335 1336 1337 1338 1339 1340 1341 1342 1343 1347 1348 1349]] [90 [1350 1351 1352 1353 1354 1355 1356 1357 1358 1359 1360 1361 1362 1363 1364]] [91 [1365 1366 1367 1368 1369 1370 1371 1372 1373 1374 1375 1376 1377 1378 1379]] [92 [1380 1381 1382 1383 1386 1387 1389 1390 1391 1392 1393 1394]] [93 [1395 1398 1399 1400 1401 1402 1403 1404 1405 1406 1407 1408 1409]] [94 [1410 1411 1412 1413 1414 1415 1416 1417 1418 1419 1420 1421 1422 1423 1424]] [95 [1425 1426 1427 1428 1430 1431 1432 1433 1434 1436 1437 1438 1439]] [96 [1440 1441 1442 1443 1444 1445 1446 1447 1448 1449 1450 1451 1452 1453 1454]] [97 [1455 1456 1457 1458 1459 1460 1461 1462 1463 1464 1465 1466 1467 1468 1469]] [98 [1470 1471 1472 1473 1474 1475 1476 1477 1478 1479 1480 1481 1482 1483 1484]] [99 [1485 1486 1487 1488 1489 1490 1491 1492 1493 1494 1495 1496 1497 1498 1499]]]","[[0 [6 7 11 13 14]] [1 [17 20 21 22 23 25 27 28]] [2 [30 33 34 35 36 39 42 43]] [3 [46 47 48 49 50 54 56 58]] [4 [61 62 63 64 65 66 68 69 73 74]] [5 [76 77 78 79 81 84 87]] [6 [91 92 93 98 101 102 103 104]] [7 [105 106 107 110 114 116 118 119]] [8 [121 123 125 127 128 130 133]] [9 [135 136 137 138 144 145 146 149]] [10 [151 152 154 155 156 157 158 159 164]] [11 [167 170 171 172 173 176 178]] [12 [180 183 184 185 186 187 188 189 190]] [13 [197 198 199 200 201 202 206 209]] [14 [211 212 214 215 216 217 218 221 223]] [15 [226 228 230 234 235 236 239]] [16 [241 242 244 250 252 253 254]] [17 [256 257 258 260 262 263 265 267 268]] [18 [270 273 274 275 278 280 283 284]] [19 [285 286 287 289 290 292 293 298]] [20 [300 303 304 305 306 308 310 311 313 314]] [21 [315 317 318 320 321 322 325 326 329]] [22 [331 332 338 339 340]] [23 [346 347 348 349 352 353 354 356 357]] [24 [361 362 363 364 365 366 367 368 371 373 374]] [25 [375 376 377 378 380 383 384 386 388]] [26 [392 394 395 397 399 400 402 404]] [27 [405 409 412 415 416 417 418 419]] [28 [420 422 423 424 427 428 433 434]] [29 [435 438 440 441 442 444 446 448]] [30 [450 451 452 455 457 461]] [31 [465 469 470 471 472 473 474 477 478 479]] [32 [480 481 482 483 484 486 487 491 492 494]] [33 [495 497 498 499 500 501 502 505 506]] [34 [512 514 515 516 518 519 522 523]] [35 [526 529 530 531 532 533 535 537 539]] [36 [540 541 542 544 546 547 548 549 550 551 553 554]] [37 [556 558 560 561 564 565 566 568 569]] [38 [571 574 575 576 578 580 582 583]] [39 [585 586 587 588 590 595 598 599]] [40 [602 603 604 606 608 609 610 612]] [41 [615 616 617 619 623 625 627 628]] [42 [630 631 635 636 637 638 640 643 644]] [43 [646 647 648 650 651 652 654]] [44 [660 661 662 664 667 668 670 671 672 673 674]] [45 [675 676 677 678 680 681 686 687 688]] [46 [690 693 694 695 696 697 699 704]] [47 [705 707 708 712 713 714 717 718]] [48 [721 722 723 724 725 726 727 729 732 734]] [49 [736 738 739 741 742 743 745 746 748 749]] [50 [750 753 754 755 756 757 761 763]] [51 [765 769 770 772 773 778 779]] [52 [780 784 786 788 789 790 791 793 794]] [53 [795 796 797 800 801 802 803 805 807 809]] [54 [812 813 814 816 822 823 824]] [55 [825 829 830 831 832 833 836 837 839]] [56 [840 842 843 845 848 851 852]] [57 [855 856 859 860 861 863 864 866 867 868 869]] [58 [870 871 874 875 877 879 880 881]] [59 [886 888 890 894 895 897 898]] [60 [901 903 905 907 911 912 913]] [61 [920 924 926 927 928 929]] [62 [931 933 934 936 937 938 939 940 941]] [63 [946 947 948 955 958 959]] [64 [963 965 967 969 972 973 974]] [65 [975 977 978 979 982 985 986 987 988 989]] [66 [990 991 993 996 998 1002 1003 1004]] [67 [1005 1006 1008 1017]] [68 [1021 1022 1023 1024 1030 1031 1033]] [69 [1036 1038 1039 1041 1045]] [70 [1051 1052 1053 1054 1058]] [71 [1067 1068 1069 1072 1073 1074 1076 1078]] [72 [1080 1083 1084 1085 1086 1087 1089]] [73 [1096 1097 1098 1099 1102 1105 1107]] [74 [1111 1112 1113 1114 1117 1120 1122]] [75 [1125 1127 1128 1130 1132 1134 1135 1137]] [76 [1140 1141 1144 1145 1146 1149 1153 1154]] [77 [1155 1157 1159 1160 1162 1163 1165 1167]] [78 [1171 1172 1174 1175 1179 1181]] [79 [1185 1187 1188 1190 1193 1194 1197 1199]] [80 [1200 1201 1202 1207 1209 1210 1211 1212 1213]] [81 [1216 1218 1220 1221 1222 1223 1224 1225 1228 1229]] [82 [1231 1232 1236 1237 1238 1239 1241 1242 1243]] [83 [1246 1248 1251 1252 1253 1254 1255 1256 1257 1258 1259]] [84 [1261 1264 1265 1266 1267 1268 1269 1270 1272 1273 1274]] [85 [1277 1278 1280 1282 1285 1286 1287 1288 1289]] [86 [1290 1291 1292 1293 1295 1296 1297 1299 1304]] [87 [1306 1307 1311 1312 1315 1318 1319]] [88 [1320 1321 1324 1325 1330 1331 1332 1333]] [89 [1335 1336 1339 1340 1341 1342 1343 1347 1348 1349]] [90 [1350 1352 1353 1355 1358 1359 1361 1364]] [91 [1365 1366 1369 1370 1372 1373 1376]] [92 [1380 1381 1383 1386 1387 1391 1392 1394]] [93 [1395 1398 1399 1400 1401 1402 1403 1404 1408]] [94 [1410 1411 1415 1416 1417 1418 1420 1421 1423]] [95 [1425 1427 1428 1430 1432 1438]] [96 [1440 1443 1444 1446 1448 1450 1452 1454]] [97 [1456 1457 1459 1460 1462 1465 1467 1468]] [98 [1473 1474 1476 1477 1478 1479 1481]] [99 [1489 1490 1491 1494 1496 1498 1499]]]",,"[[{citizen 25} [[""A"" [5 3]]]] [{citizen 26} [[""A"" [3 4]]]] [{citizen 34} [[""A"" [2 4]]]] [{citizen 38} [[""A"" [3 1]]]] [{media 55} [[""A"" [3 3]]]] [{media 56} [[""A"" [1 1]]]] [{media 57} [[""A"" [5 5]]]] [{media 63} [[""A"" [5 5]]]] [{media 60} [[""A"" [2 2]]]] [{citizen 0} [[""A"" [3 3]]]] [{citizen 2} [[""A"" [4 4]]]] [{media 61} [[""A"" [3 3]]]] [{media 50} [[""A"" [3 3]]]] [{citizen 14} [[""A"" [4 4]]]] [{citizen 5} [[""A"" [5 3]]]] [{citizen 11} [[""A"" [4 4]]]] [{citizen 4} [[""A"" [3 1]]]] [{media 64} [[""A"" [1 1]]]] [{media 51} [[""A"" [4 4]]]] [{media 54} [[""A"" [4 4]]]] [{citizen 42} [[""A"" [0 2]]]] [{citizen 3} [[""A"" [3 1]]]] [{citizen 41} [[""A"" [1 1]]]] [{citizen 1} [[""A"" [4 4]]]] [{citizen 10} [[""A"" [4 4]]]] [{citizen 31} [[""A"" [1 1]]]] [{citizen 20} [[""A"" [4 4]]]] [{citizen 6} [[""A"" [4 4]]]] [{citizen 22} [[""A"" [3 3]]]] [{citizen 32} [[""A"" [5 3]]]] [{citizen 7} [[""A"" [5 4]]]] [{citizen 43} [[""A"" [3 4]]]] [{citizen 15} [[""A"" [1 1]]]] [{citizen 37} [[""A"" [4 4]]]] [{citizen 46} [[""A"" [3 1]]]] [{citizen 18} [[""A"" [4 4]]]] [{citizen 39} [[""A"" [3 4]]]] [{citizen 8} [[""A"" [1 1]]]] [{citizen 35} [[""A"" [1 1]]]] [{citizen 44} [[""A"" [5 4]]]] [{citizen 49} [[""A"" [1 1]]]] [{citizen 12} [[""A"" [4 4]]]] [{citizen 19} [[""A"" [1 3]]]] [{citizen 17} [[""A"" [3 2]]]] [{citizen 16} [[""A"" [2 4]]]] [{citizen 9} [[""A"" [3 1]]]] [{citizen 30} [[""A"" [1 1]]]] [{citizen 27} [[""A"" [5 3]]]] [{citizen 45} [[""A"" [5 3]]]] [{citizen 24} [[""A"" [4 4]]]] [{citizen 21} [[""A"" [4 4]]]] [{citizen 48} [[""A"" [5 4]]]] [{citizen 13} [[""A"" [4 4]]]] [{citizen 33} [[""A"" [3 1]]]] [{citizen 40} [[""A"" [3 4]]]] [{media 53} [[""A"" [1 1]]]] [{media 58} [[""A"" [1 1]]]] [{media 52} [[""A"" [0 0]]]] [{citizen 29} [[""A"" [3 1]]]] [{citizen 47} [[""A"" [3 1]]]] [{citizen 28} [[""A"" [4 4]]]] [{media 62} [[""A"" [1 1]]]] [{media 59} [[""A"" [0 0]]]] [{citizen 36} [[""A"" [4 4]]]]]"
"24","[85 0 170]","270","-9.992447701991903","0.06746306319055444","""circle""","""""","9.9","{breed citizens}","false","0.5","1","""up""",,"[[""ID"" 42] [""alpha"" 1] [""beta"" 1] [""malleable"" [""A""]] [""prior"" []] [""cont_tokens"" []] [""A"" 4]]","[[0 [0 1 3 4 5 6 7 8 9 10 11 12 14]] [1 [15 16 17 18 19 20 21 22 23 24 25 26 27 28 29]] [2 [30 31 32 33 34 35 36 37 38 39 40 41 42 43 44]] [3 [45 46 47 48 49 50 51 52 53 54 55 56 57 58 59]] [4 [60 61 62 63 64 65 66 67 68 69 70 71 72 73 74]] [5 [75 76 77 78 79 80 81 82 83 84 85 86 87 88 89]] [6 [91 92 93 94 95 96 97 98 99 100 101 102 103 104]] [7 [105 106 107 108 109 110 111 112 113 114 115 116 117 118 119]] [8 [120 121 122 123 124 125 126 127 128 130 131 132 133 134]] [9 [135 136 137 138 139 140 141 142 143 144 145 146 147 149]] [10 [150 151 152 153 154 155 156 157 158 159 160 161 162 163 164]] [11 [166 167 168 169 170 171 172 173 174 175 176 177 178 179]] [12 [180 181 182 183 184 185 186 187 188 189 190 191 192 193 194]] [13 [197 198 199 200 201 202 206 207 208 209]] [14 [210 211 212 213 214 215 216 217 218 220 221 222 223 224]] [15 [225 226 227 228 229 230 231 232 233 234 235 236 237 238 239]] [16 [240 242 243 244 245 246 247 248 249 250 251 252 253 254]] [17 [255 256 257 258 259 260 261 262 263 264 265 266 267 268 269]] [18 [271 272 273 274 275 276 277 278 279 280 281 282 283 284]] [19 [285 286 287 288 289 290 291 292 293 294 295 296 297 298 299]] [20 [300 301 302 303 304 305 306 308 309 310 311 312 313 314]] [21 [315 316 317 318 319 320 321 322 323 324 325 326 327 328 329]] [22 [330 331 332 333 334 335 336 337 338 339 340 341 342 344]] [23 [345 346 347 348 349 350 351 352 353 354 355 356 357 358 359]] [24 [360 366 367 368 371 372 373 374]] [25 [375 376 377 378 380 383 384 385 386 387 388 389]] [26 [390 391 392 393 394 395 396 397 398 399 400 401 402 403 404]] [27 [405 406 407 408 409 410 411 412 413 414 415 416 417 418 419]] [28 [420 422 423 424 425 427 428 429 430 433 434]] [29 [435 436 437 438 440 441 442 443 444 445 446 448 449]] [30 [450 451 452 453 454 455 456 457 458 459 460 461 462 463 464]] [31 [465 466 467 468 469 470 471 472 473 474 475 476 477 478 479]] [32 [480 481 482 483 484 485 486 487 488 489 490 491 492 493 494]] [33 [495 497 498 499 500 501 502 503 504 505 506]] [34 [510 511 512 513 514 515 516 518 519 520 521 522 523 524]] [35 [525 526 527 528 529 530 531 532 533 534 535 536 537 538 539]] [36 [540 541 542 544 545 546 547 548 549 550 551 553 554]] [37 [556 558 559 560 561 562 563 564 565 566 567 568 569]] [38 [570 571 572 573 574 575 576 577 578 580 581 582 583 584]] [39 [585 586 587 588 589 590 591 592 593 594 595 596 597 598 599]] [40 [600 601 602 603 604 606 607 608 609 610 611 612 613 614]] [41 [615 616 617 618 619 620 621 622 623 624 625 626 627 628 629]] [42 [630 631 632 633 634 635 636 637 638 639 640 641 642 643 644]] [43 [645 646 647 648 649 650 651 652 654 655 656 657 658 659]] [44 [660 661 662 663 664 665 666 667 668 669 670 671 672 673 674]] [45 [675 676 677 678 679 680 681 682 683 684 685 686 687 688 689]] [46 [690 693 694 695 696 697 699 702 703 704]] [47 [705 706 707 708 709 710 711 712 713 714 715 716 717 718 719]] [48 [720 722 723 724 725 726 727 728 729 730 731 732 733 734]] [49 [735 736 737 738 739 740 741 742 743 744 745 746 747 748 749]] [50 [750 751 752 753 754 755 756 757 759 760 761 762 763 764]] [51 [765 766 767 768 769 770 771 772 773 774 775 776 777 778 779]] [52 [780 782 783 784 785 786 787 788 789 790 791 793 794]] [53 [795 796 797 798 799 800 801 802 803 804 805 806 807 808 809]] [54 [811 812 813 814 816 821 822 823 824]] [55 [825 826 827 828 829 830 831 832 833 836 837 838 839]] [56 [840 841 842 843 844 845 848 849 850 851 852 853 854]] [57 [855 856 857 858 859 860 861 862 863 864 865 866 867 868 869]] [58 [870 871 873 874 875 876 877 879 880 881 882 883 884]] [59 [885 886 887 888 889 890 891 892 893 894 895 897 898]] [60 [901 903 904 905 906 907 908 909 910 911 912 913 914]] [61 [915 917 919 920 921 922 923 924 925 926 927 928 929]] [62 [931 933 934 936 937 938 939 940 941 942 943 944]] [63 [945 946 947 948 949 950 951 952 953 954 955 956 957 958 959]] [64 [960 961 962 963 964 965 966 967 968 969 971 972 973 974]] [65 [975 976 977 978 979 980 981 982 983 984 985 986 987 988 989]] [66 [990 991 992 993 994 995 996 997 998 999 1000 1001 1002 1003 1004]] [67 [1005 1006 1007 1008 1009 1010 1011 1012 1013 1014 1015 1016]] [68 [1020 1021 1022 1023 1024 1030 1031 1032 1034]] [69 [1035 1036 1040 1041 1042 1043 1044 1045 1046 1047 1049]] [70 [1050 1051 1052 1053 1054 1055 1056 1057 1058 1059 1060 1061 1062 1063 1064]] [71 [1065 1066 1067 1068 1069 1070 1072 1073 1074 1076 1078]] [72 [1080 1081 1083 1084 1085 1086 1087 1089 1092 1093 1094]] [73 [1095 1096 1097 1098 1099 1100 1101 1102 1103 1104 1105 1106 1107 1108 1109]] [74 [1110 1111 1112 1113 1114 1115 1116 1117 1118 1119 1120 1121 1122 1123 1124]] [75 [1125 1126 1127 1128 1129 1130 1131 1132 1133 1134 1135 1136 1137 1138 1139]] [76 [1140 1141 1142 1144 1145 1146 1147 1148 1149 1150 1151 1152 1153 1154]] [77 [1155 1156 1157 1158 1159 1160 1161 1162 1163 1164 1165 1166 1167 1168 1169]] [78 [1170 1171 1172 1174 1175 1177 1178 1179 1180 1181 1182 1183 1184]] [79 [1185 1186 1187 1188 1189 1190 1191 1192 1193 1194 1195 1196 1197 1198 1199]] [80 [1200 1201 1202 1203 1204 1205 1207 1208 1209 1210 1211 1212 1213 1214]] [81 [1215 1216 1218 1220 1221 1222 1223 1224 1225 1228 1229]] [82 [1231 1232 1233 1235 1236 1237 1238 1239 1241 1242 1243]] [83 [1246 1247 1248 1250 1251 1252 1253 1254 1255 1256 1257 1258 1259]] [84 [1260 1262 1263 1264 1265 1266 1267 1268 1269 1270 1271 1272 1273 1274]] [85 [1275 1276 1277 1278 1279 1280 1281 1282 1283 1284 1285 1286 1287 1288 1289]] [86 [1290 1291 1292 1293 1294 1295 1296 1297 1299 1300 1301 1302 1303 1304]] [87 [1305 1306 1307 1308 1309 1310 1311 1312 1313 1314 1315 1316 1317 1318 1319]] [88 [1320 1321 1322 1323 1324 1325 1326 1327 1328 1329 1330 1331 1332 1333 1334]] [89 [1335 1336 1337 1338 1339 1340 1341 1342 1343 1347 1348 1349]] [90 [1350 1351 1352 1353 1354 1355 1356 1357 1358 1359 1360 1361 1362 1363 1364]] [91 [1365 1366 1367 1368 1369 1370 1371 1372 1373 1374 1375 1376 1377 1378 1379]] [92 [1380 1381 1383 1384 1385 1386 1387 1388 1389 1390 1391 1392 1393 1394]] [93 [1395 1398 1399 1400 1401 1402 1403 1404 1405 1406 1407 1408 1409]] [94 [1410 1411 1412 1413 1414 1415 1416 1417 1418 1419 1420 1421 1422 1423 1424]] [95 [1426 1427 1428 1429 1430 1431 1432 1433 1434 1435 1436 1437 1438 1439]] [96 [1440 1441 1442 1443 1444 1445 1446 1447 1448 1449 1450 1451 1452 1453 1454]] [97 [1455 1456 1457 1458 1459 1460 1461 1462 1463 1464 1465 1466 1467 1468 1469]] [98 [1470 1471 1472 1473 1474 1475 1476 1477 1478 1479 1480 1481 1482 1483 1484]] [99 [1485 1486 1487 1488 1489 1490 1491 1492 1493 1494 1495 1496 1497 1498 1499]]]","[[0 [1 3 4 6 7 14]] [1 [17 21 23 25 26 27 28]] [2 [30 33 34 35 36 37 39 42 43]] [3 [46 47 48 49 50 55 57 58]] [4 [61 62 63 64 65 66 68 69 73 74]] [5 [76 77 78 79 81 83 84 87]] [6 [91 92 93 98 101 102 103 104]] [7 [105 106 107 110 114 116 118 119]] [8 [121 123 125 128 131 132 134]] [9 [135 136 137 138 142 143 146 149]] [10 [150 151 152 154 155 157 158 159 162]] [11 [166 168 169 177 179]] [12 [180 183 184 185 186 187 188 189 190]] [13 [197 198 199 200 201 202 206 208 209]] [14 [211 212 213 216 218 221 222 223]] [15 [226 228 230 234 235 236 237]] [16 [240 244 245 246 249 250 252 253 254]] [17 [258 259 260 261 264 266]] [18 [271 272 274 275 278 280]] [19 [288 290 292 293 297 298]] [20 [300 303 304 309 312]] [21 [316 317 318 320 321 322 323 327]] [22 [330 331 332 335 337 338 339 340]] [23 [346 347 348 349 351 358 359]] [24 [360 366 367 368 371 373 374]] [25 [375 376 378 380 383 384 387 388 389]] [26 [391 393 396 398 399 400 401 402 404]] [27 [405 406 410 411 413 414 417 418 419]] [28 [420 422 423 424 427 428 429 430 433 434]] [29 [435 440 441 442 444 446 448]] [30 [450 451 453 455 457 461 464]] [31 [466 467 468 471 472 473 474 477 478]] [32 [480 481 482 483 484 485 486 487 491 492 493]] [33 [497 498 499 500 503 504 505 506]] [34 [512 514 515 516 519 522 523]] [35 [526 527 530 531 532 533 535 537 538 539]] [36 [540 541 542 545 546 547 548 549 550 551 553 554]] [37 [556 560 561 564 565 567 569]] [38 [571 574 575 576 578 580 582 583]] [39 [585 586 587 588 591 592 593 594 596 597]] [40 [600 601 603 606 608 609 610]] [41 [615 616 617 618 619 620 622 624 626 627 628]] [42 [631 635 636 637 638 640 642 643 644]] [43 [646 647 648 649 650 651 652 654 659]] [44 [663 664 667 668 670 671 672]] [45 [676 677 678 680 681 685 686 687 688]] [46 [690 693 694 695 696 697 699 702 703 704]] [47 [706 708 710 711 715 719]] [48 [720 722 724 725 726 727 729 732 734]] [49 [736 738 739 741 743 745 746 747 749]] [50 [750 752 753 754 755 756 757 759 760 761 763 764]] [51 [766 767 770 772 773 779]] [52 [780 784 786 787]] [53 [795 796 797 800 801 802 803 805 807 808 809]] [54 [812 814 816 822 823 824]] [55 [825 829 830 831 832 836 837 839]] [56 [840 842 843 845 848 851 853 854]] [57 [855 856 859 860 861 863 864 866 867 868 869]] [58 [870 871 873 875 877 882 883 884]] [59 [887 889 891 892 893 895 897 898]] [60 [901 903 904 906 908 909 910 912 913]] [61 [915 917 919 921 922 923 925 926 927 928 929]] [62 [931 933 934 936 937 939 940 941]] [63 [946 947 948 950 955 956 957]] [64 [960 961 963 965 967 968 971 972 973]] [65 [976 979 980 985 986 988 989]] [66 [990 992 994 995 997 999 1000 1001]] [67 [1007 1011 1012 1013 1014 1015 1016]] [68 [1020 1021 1022 1023 1024 1031 1034]] [69 [1035 1040 1042 1043 1047 1049]] [70 [1051 1052 1053 1054 1058 1062 1064]] [71 [1065 1066 1069 1072 1073 1074 1076 1078]] [72 [1080 1083 1084 1085 1087 1089 1092 1094]] [73 [1095 1100 1101 1104 1105 1107 1108 1109]] [74 [1110 1115 1116 1118 1119 1121 1122]] [75 [1126 1127 1128 1130 1132 1134 1135 1137]] [76 [1140 1141 1144 1145 1146 1149 1153 1154]] [77 [1155 1157 1158 1161 1162 1164 1166 1168 1169]] [78 [1170 1174 1175 1179 1182]] [79 [1185 1187 1188 1190 1191 1192 1193 1194 1197 1198 1199]] [80 [1200 1201 1202 1207 1209 1211 1212 1213]] [81 [1216 1218 1220 1221 1222 1223 1224 1225 1228 1229]] [82 [1231 1232 1233 1235 1236 1239 1241 1242 1243]] [83 [1246 1248 1251 1252 1253 1254 1255]] [84 [1260 1262 1263 1264 1265 1266 1267 1268 1269 1270 1272 1273 1274]] [85 [1277 1278 1279 1280 1282 1285 1286 1287 1288]] [86 [1290 1291 1292 1293 1295 1296 1297 1299]] [87 [1305 1306 1307 1311 1312 1315]] [88 [1322 1323 1324 1325 1327 1328 1329 1330 1331 1332 1333]] [89 [1335 1336 1337 1338 1341 1342 1343 1348]] [90 [1351 1352 1354 1356 1357 1363]] [91 [1374 1375 1377 1378 1379]] [92 [1381 1384 1385 1388 1389 1391 1392 1393 1394]] [93 [1395 1398 1399 1402 1403 1404 1409]] [94 [1412 1413 1415 1417 1418 1422 1424]] [95 [1426 1427 1428 1430 1432 1438 1439]] [96 [1443 1444 1446 1454]] [97 [1456 1457 1458 1459 1460 1462 1465 1467 1468]] [98 [1471 1472 1475 1476 1478 1479 1481]] [99 [1489 1490 1491 1493 1494 1496 1498 1499]]]",,"[[{citizen 25} [[""A"" [5 3]]]] [{citizen 40} [[""A"" [3 4]]]] [{citizen 49} [[""A"" [5 3]]]] [{media 55} [[""A"" [3 3]]]] [{media 56} [[""A"" [1 1]]]] [{media 57} [[""A"" [5 5]]]] [{media 63} [[""A"" [5 5]]]] [{media 60} [[""A"" [2 2]]]] [{citizen 19} [[""A"" [5 1]]]] [{citizen 1} [[""A"" [4 4]]]] [{citizen 7} [[""A"" [5 4]]]] [{media 53} [[""A"" [1 1]]]] [{media 50} [[""A"" [3 3]]]] [{citizen 6} [[""A"" [4 4]]]] [{media 52} [[""A"" [0 0]]]] [{citizen 5} [[""A"" [5 3]]]] [{citizen 21} [[""A"" [4 4]]]] [{media 59} [[""A"" [0 0]]]] [{media 58} [[""A"" [1 1]]]] [{media 62} [[""A"" [1 1]]]] [{media 64} [[""A"" [1 1]]]] [{citizen 0} [[""A"" [3 3]]]] [{media 54} [[""A"" [4 4]]]] [{citizen 32} [[""A"" [5 3]]]] [{citizen 3} [[""A"" [1 1]]]] [{citizen 48} [[""A"" [5 4]]]] [{citizen 9} [[""A"" [3 1]]]] [{citizen 8} [[""A"" [3 1]]]] [{citizen 39} [[""A"" [3 4]]]] [{citizen 18} [[""A"" [4 4]]]] [{citizen 20} [[""A"" [4 4]]]] [{citizen 35} [[""A"" [1 1]]]] [{citizen 37} [[""A"" [4 4]]]] [{citizen 33} [[""A"" [3 1]]]] [{media 51} [[""A"" [4 4]]]] [{citizen 14} [[""A"" [4 4]]]] [{citizen 11} [[""A"" [4 4]]]] [{citizen 34} [[""A"" [2 5]]]] [{citizen 23} [[""A"" [1 3]]]] [{citizen 38} [[""A"" [3 1]]]] [{citizen 26} [[""A"" [3 4]]]] [{citizen 4} [[""A"" [5 3]]]] [{citizen 12} [[""A"" [4 4]]]] [{citizen 17} [[""A"" [3 5]]]] [{citizen 13} [[""A"" [4 4]]]] [{citizen 22} [[""A"" [3 3]]]] [{citizen 42} [[""A"" [0 2]]]] [{citizen 41} [[""A"" [1 1]]]] [{citizen 10} [[""A"" [4 4]]]] [{citizen 31} [[""A"" [3 1]]]] [{citizen 43} [[""A"" [3 4]]]] [{citizen 15} [[""A"" [1 1]]]] [{citizen 46} [[""A"" [3 3]]]] [{citizen 44} [[""A"" [5 4]]]] [{media 61} [[""A"" [3 3]]]] [{citizen 16} [[""A"" [5 4]]]] [{citizen 30} [[""A"" [1 1]]]] [{citizen 2} [[""A"" [4 4]]]] [{citizen 27} [[""A"" [5 3]]]] [{citizen 45} [[""A"" [5 3]]]] [{citizen 29} [[""A"" [3 1]]]] [{citizen 47} [[""A"" [5 1]]]] [{citizen 28} [[""A"" [4 4]]]] [{citizen 36} [[""A"" [4 4]]]]]"
"25","[213 0 42]","325.22727272727275","-4.710759111881449","6.894207751204915","""circle""","""""","9.9","{breed citizens}","false","0.5","1","""up""",,"[[""ID"" 41] [""alpha"" 1] [""beta"" 1] [""malleable"" [""A""]] [""prior"" []] [""cont_tokens"" []] [""A"" 1]]","[[0 [0 1 2 3 4 5 6 7 8 9 10 11 12 13 14]] [1 [15 16 17 18 19 22 23 24 25 26 27 28]] [2 [30 31 32 33 34 35 36 37 38 39 40 41 42 43 44]] [3 [45 46 47 48 49 50 51 52 53 54 55 56 57 58 59]] [4 [60 61 62 63 64 65 66 67 68 69 70 71 72 73 74]] [5 [75 76 77 78 79 80 81 82 83 84 85 86 87 88 89]] [6 [90 91 92 93 94 95 96 97 98 99 100 101 102 103 104]] [7 [105 106 107 108 109 110 111 112 113 114 115 116 117 118 119]] [8 [120 121 122 123 124 125 126 127 128 129 130 131 132 133 134]] [9 [135 136 137 138 139 140 141 142 143 144 145 146 147 148 149]] [10 [150 151 152 153 154 155 156 157 158 159 160 161 162 163 164]] [11 [165 166 167 168 169 170 171 172 173 174 175 176 177 178 179]] [12 [180 181 182 183 184 185 186 187 188 189 190 191 192 193 194]] [13 [197 198 199 200 201 202 206 207 208 209]] [14 [210 211 212 213 214 215 216 217 218 220 221 222 223 224]] [15 [225 226 227 228 229 230 231 232 233 234 235 236 237 238 239]] [16 [240 241 242 244 245 246 249 250 252 253 254]] [17 [255 256 257 258 259 260 261 262 263 264 265 266 267 268 269]] [18 [271 272 273 274 275 276 277 278 279 280 281 282 283 284]] [19 [285 286 287 288 289 290 291 292 293 294 295 296 297 298 299]] [20 [300 301 302 303 304 305 306 308 309 310 311 312 313 314]] [21 [315 316 317 318 319 320 321 322 323 324 325 326 327 328 329]] [22 [330 331 332 333 334 335 336 337 338 339 340 341 342 343 344]] [23 [346 347 348 349 350 351 352 353 354 355 356 357 358 359]] [24 [360 362 363 364 365 366 367 368 371 372 373 374]] [25 [375 376 377 378 380 383 384 385 386 387 388 389]] [26 [390 391 392 393 394 395 396 397 398 399 400 401 402 403 404]] [27 [405 406 407 408 409 410 411 412 413 414 415 416 417 418 419]] [28 [420 422 423 424 425 427 428 429 430 433 434]] [29 [435 436 437 438 440 441 442 443 444 445 446 448 449]] [30 [450 451 452 453 454 455 456 457 458 459 460 461 462 463 464]] [31 [465 466 467 468 469 470 471 472 473 474 475 476 477 478 479]] [32 [480 481 482 483 484 485 486 487 488 489 490 491 492 493 494]] [33 [495 497 498 499 500 501 502 503 504 505 506]] [34 [510 511 512 513 514 515 516 518 519 520 521 522 523 524]] [35 [525 526 527 528 529 530 531 532 533 534 535 536 537 538 539]] [36 [540 541 542 544 545 546 547 548 549 550 551 553 554]] [37 [556 558 559 560 561 562 563 564 565 566 567 568 569]] [38 [570 571 572 573 574 575 576 577 578 580 581 582 583 584]] [39 [585 586 587 588 590 591 592 593 594 595 596 597 598 599]] [40 [600 601 602 603 604 605 606 607 608 609 610 611 612 613 614]] [41 [615 616 617 618 619 620 621 622 623 624 625 626 627 628 629]] [42 [630 631 632 633 634 635 636 637 638 639 640 641 642 643 644]] [43 [645 646 647 648 649 650 651 652 653 654 655 656 657 658 659]] [44 [660 661 662 663 664 665 666 667 668 669 670 671 672 673 674]] [45 [675 676 677 678 679 680 681 682 683 684 685 686 687 688 689]] [46 [690 693 694 695 696 697 699 702 703 704]] [47 [705 706 707 708 710 711 712 713 714 715 716 717 718 719]] [48 [720 722 723 724 725 726 727 728 729 730 731 732 733 734]] [49 [736 738 739 741 742 743 745 746 747 748 749]] [50 [750 751 752 753 754 755 756 757 759 760 761 762 763 764]] [51 [765 766 767 768 769 770 771 772 773 774 775 776 777 778 779]] [52 [780 781 782 783 784 785 786 787 788 789 790 791 793 794]] [53 [795 796 797 798 799 800 801 802 803 804 805 806 807 808 809]] [54 [812 813 814 816 821 822 823 824]] [55 [825 826 827 828 829 830 831 832 833 836 837 838 839]] [56 [841 842 843 844 845 846 847 848 849 850 851 852 853 854]] [57 [855 856 859 860 861 863 864 865 866 867 868 869]] [58 [870 871 873 874 875 876 877 879 880 881 882 883 884]] [59 [885 886 887 888 889 890 891 892 893 894 895 897 898]] [60 [901 903 904 905 906 907 908 909 910 911 912 913 914]] [61 [915 916 917 918 919 921 922 923 925 926 927 928 929]] [62 [931 933 934 936 937 938 939 940 941 942 943 944]] [63 [945 946 947 948 949 950 951 952 953 954 955 956 957 959]] [64 [960 961 962 963 964 965 966 967 968 969 970 971 972 973 974]] [65 [975 976 977 978 979 980 981 982 983 984 985 986 987 988 989]] [66 [990 991 992 993 994 995 996 997 998 999 1000 1001 1002 1003 1004]] [67 [1005 1006 1007 1008 1009 1010 1011 1012 1013 1014 1015 1016 1017]] [68 [1020 1021 1022 1023 1024 1030 1031 1032 1034]] [69 [1035 1036 1040 1041 1042 1043 1044 1045 1046 1047 1049]] [70 [1050 1051 1052 1053 1054 1055 1056 1057 1058 1059 1060 1061 1062 1063 1064]] [71 [1065 1066 1067 1068 1069 1070 1072 1073 1074 1076 1078]] [72 [1080 1081 1083 1084 1085 1086 1087 1089 1092 1093 1094]] [73 [1095 1096 1097 1098 1099 1100 1101 1102 1103 1104 1105 1107 1108 1109]] [74 [1110 1111 1112 1113 1114 1115 1116 1117 1118 1119 1120 1121 1122 1123 1124]] [75 [1125 1126 1127 1128 1129 1130 1131 1132 1133 1134 1135 1136 1137 1138 1139]] [76 [1140 1141 1144 1145 1146 1147 1148 1149 1150 1151 1152 1153 1154]] [77 [1155 1156 1157 1158 1159 1160 1161 1162 1163 1164 1165 1166 1167 1168 1169]] [78 [1171 1172 1173 1174 1175 1176 1177 1178 1179 1180 1181 1182 1183 1184]] [79 [1185 1186 1187 1188 1189 1190 1191 1192 1193 1194 1195 1196 1197 1198 1199]] [80 [1200 1201 1202 1205 1207 1209 1210 1211 1212 1213 1214]] [81 [1215 1216 1218 1220 1221 1222 1223 1224 1225 1228 1229]] [82 [1231 1232 1233 1235 1236 1237 1238 1239 1241 1242 1243]] [83 [1246 1247 1248 1250 1251 1252 1253 1254 1255 1256 1257 1258 1259]] [84 [1261 1264 1265 1266 1267 1268 1269 1270 1271 1272 1273 1274]] [85 [1275 1276 1277 1278 1279 1280 1281 1282 1283 1284 1285 1286 1287 1288 1289]] [86 [1290 1291 1292 1293 1294 1295 1296 1297 1298 1299 1300 1301 1302 1303 1304]] [87 [1305 1306 1307 1308 1309 1310 1311 1312 1313 1314 1315 1316 1317 1318 1319]] [88 [1320 1321 1324 1325 1327 1328 1329 1330 1331 1332 1333]] [89 [1335 1336 1337 1338 1339 1340 1341 1342 1343 1347 1348 1349]] [90 [1350 1351 1352 1353 1354 1355 1356 1357 1358 1359 1360 1361 1362 1363 1364]] [91 [1365 1366 1367 1368 1369 1370 1371 1372 1373 1374 1375 1376 1377 1378 1379]] [92 [1380 1381 1382 1383 1384 1385 1386 1387 1388 1389 1390 1391 1392 1393 1394]] [93 [1396 1397 1401 1402 1403 1404 1405 1406 1407 1408 1409]] [94 [1410 1411 1412 1413 1414 1415 1416 1417 1418 1419 1420 1421 1422 1423 1424]] [95 [1425 1426 1427 1428 1429 1430 1431 1432 1433 1434 1435 1436 1437 1438 1439]] [96 [1440 1441 1442 1443 1444 1445 1446 1447 1448 1449 1450 1451 1452 1453 1454]] [97 [1455 1456 1457 1458 1459 1460 1462 1465 1467 1468 1469]] [98 [1470 1471 1472 1473 1474 1475 1476 1477 1478 1479 1480 1481 1482 1483 1484]] [99 [1485 1486 1487 1488 1489 1490 1491 1492 1493 1494 1495 1496 1497 1498 1499]]]","[[0 [0 1 3 4 8 9 10 12]] [1 [15 16 18 19 22 23 24 25]] [2 [32 33 34 35 36 37 39 42 43]] [3 [46 47 48 49 50 55 57 58]] [4 [61 62 63 65 67 70 71 72]] [5 [75 77 78 79 81 84 87]] [6 [91 92 93 98 101 102 103 104]] [7 [105 106 107 108 109 111 112 117]] [8 [120 122 124 126 127 128 131 132 134]] [9 [135 136 137 138 144 145 146 149]] [10 [151 153 155 157 158 159 162]] [11 [166 168 169 179]] [12 [180 184 188 189 190]] [13 [197 198 200 201 202 206 207 208 209]] [14 [211 212 214 215 216 218 221]] [15 [226 227 229 231 232 233 238 239]] [16 [240 242 245 246 249 250 252 253 254]] [17 [256 257 259 261 264 266 269]] [18 [272 274 275 278 279 281 282 283]] [19 [285 286 287 291 294 295 296 297 298]] [20 [300 303 304 306 310 311 312 313 314]] [21 [315 317 318 320 321 322 325 326 329]] [22 [333 334 335 338 339 340]] [23 [346 348 349 351 358 359]] [24 [360 366 367 368 371 373 374]] [25 [375 376 378 380 383 386 387 389]] [26 [390 391 393 396 398 399 400 401 403]] [27 [410 411 414 419]] [28 [420 422 423 424 427 428 430 434]] [29 [435 440 441 442 444 448]] [30 [450 451 453 455 457 461]] [31 [465 469 470 471 474 476 477 478 479]] [32 [480 481 482 483 484 485 486 487 491 492 493 494]] [33 [497 498 499 500 503 504 505 506]] [34 [512 514 515 516 518 519 522 523]] [35 [526 527 528 534 536 538 539]] [36 [540 541 544 549 550 551 553 554]] [37 [556 558 560 564 565 567 569]] [38 [570 572 573 577 584]] [39 [587 588 590 593 594 596 597]] [40 [600 601 603 606 608 609 610 612]] [41 [615 616 617 619 620 622 624 626 627 628]] [42 [631 632 633 634 638 640 641 642 643 644]] [43 [646 647 648 649 650 651 652 654]] [44 [660 662 664 667 668 670 673 674]] [45 [675 676 677 678 680 681 686 687 688]] [46 [690 693 694 695 696 697 699 704]] [47 [706 708 710 711 715 716 719]] [48 [720 722 724 725 726 727 729 732 734]] [49 [736 738 739 741 742 743 745 746 748 749]] [50 [750 751 752 753 756 757 759 760 761 763 764]] [51 [765 769 770 772 773 779]] [52 [780 784 786 787]] [53 [795 796 797 800 801 802 803 805 807 808 809]] [54 [812 814 816 822 823 824]] [55 [825 826 827 828 838]] [56 [841 844 845 848 851 852 854]] [57 [855 856 859 860 861 863 864 865 866 867 868 869]] [58 [870 871 873 875 877 882 883 884]] [59 [885 886 888 890 894 895 897 898]] [60 [901 903 905 907 911 914]] [61 [916 918 919 921 922 923 925 927 928 929]] [62 [931 933 934 936 937 938 939 940 943 944]] [63 [945 946 947 948 950 954 955 956 957]] [64 [960 961 965 967 969 972 973]] [65 [976 977 978 979 980 981 983 984 987 988 989]] [66 [990 991 993 994 995 997 999 1000 1001]] [67 [1007 1009 1011 1012 1013 1014 1015 1016]] [68 [1020 1021 1022 1023 1024 1031 1034]] [69 [1035 1040 1041 1045 1046]] [70 [1050 1053 1054 1057 1059 1060 1063 1064]] [71 [1065 1066 1070 1072 1073 1074 1076 1078]] [72 [1081 1083 1084 1085 1086 1087 1089 1092 1094]] [73 [1095 1100 1101 1104 1105 1107 1109]] [74 [1110 1113 1114 1117 1120 1122]] [75 [1125 1127 1128 1131 1134 1135 1137]] [76 [1140 1141 1144 1145 1146 1149 1153 1154]] [77 [1155 1156 1157 1158 1159 1160 1161 1162 1163 1165 1167]] [78 [1171 1172 1174 1175 1179 1182 1184]] [79 [1186 1188 1190 1191 1192 1193 1194 1197 1198 1199]] [80 [1200 1201 1202 1207 1209 1211 1212 1213]] [81 [1216 1218 1220 1222 1223 1224 1225 1228 1229]] [82 [1231 1232 1235 1236 1237 1238 1239 1241 1242 1243]] [83 [1246 1248 1251 1252 1253 1254 1255 1256 1257 1258 1259]] [84 [1261 1264 1265 1266 1267 1268 1269 1270 1272 1273 1274]] [85 [1277 1278 1279 1281 1283 1284 1289]] [86 [1290 1291 1292 1293 1295 1296 1297 1299 1301 1302 1303]] [87 [1305 1306 1307 1311 1312 1315 1316 1318 1319]] [88 [1320 1321 1325 1329 1332 1333]] [89 [1335 1336 1337 1338 1341 1342 1343 1348 1349]] [90 [1350 1352 1354 1356 1357 1363]] [91 [1374 1375 1377 1378]] [92 [1384 1385 1388 1390]] [93 [1396 1397 1401 1402 1403 1404 1405 1406 1407 1408]] [94 [1410 1411 1414 1415 1416 1417 1418 1422 1424]] [95 [1426 1427 1428 1430 1432 1438 1439]] [96 [1442 1445 1447 1449 1451 1452 1453]] [97 [1455 1458 1459 1460 1462 1465 1467 1468 1469]] [98 [1471 1472 1475 1476 1478 1479 1481]] [99 [1489 1490 1491 1492 1495 1496 1497]]]",,"[[{citizen 35} [[""A"" [1 1]]]] [{citizen 39} [[""A"" [5 3]]]] [{citizen 40} [[""A"" [5 3]]]] [{citizen 44} [[""A"" [3 5]]]] [{media 50} [[""A"" [3 3]]]] [{media 51} [[""A"" [4 4]]]] [{media 52} [[""A"" [0 0]]]] [{media 53} [[""A"" [1 1]]]] [{media 54} [[""A"" [4 4]]]] [{media 55} [[""A"" [3 3]]]] [{media 57} [[""A"" [5 5]]]] [{media 58} [[""A"" [1 1]]]] [{media 59} [[""A"" [0 0]]]] [{media 60} [[""A"" [2 2]]]] [{media 61} [[""A"" [3 3]]]] [{media 62} [[""A"" [1 1]]]] [{media 64} [[""A"" [1 1]]]] [{media 56} [[""A"" [1 1]]]] [{citizen 1} [[""A"" [1 4]]]] [{citizen 7} [[""A"" [3 5]]]] [{citizen 19} [[""A"" [2 5]]]] [{citizen 24} [[""A"" [3 1]]]] [{media 63} [[""A"" [5 5]]]] [{citizen 14} [[""A"" [3 4]]]] [{citizen 16} [[""A"" [5 2]]]] [{citizen 4} [[""A"" [3 1]]]] [{citizen 23} [[""A"" [3 1]]]] [{citizen 5} [[""A"" [3 5]]]] [{citizen 11} [[""A"" [4 4]]]] [{citizen 32} [[""A"" [5 3]]]] [{citizen 3} [[""A"" [3 1]]]] [{citizen 48} [[""A"" [3 5]]]] [{citizen 0} [[""A"" [3 3]]]] [{citizen 9} [[""A"" [3 1]]]] [{citizen 8} [[""A"" [1 1]]]] [{citizen 18} [[""A"" [3 4]]]] [{citizen 20} [[""A"" [2 3]]]] [{citizen 34} [[""A"" [3 2]]]] [{citizen 13} [[""A"" [3 5]]]] [{citizen 22} [[""A"" [3 3]]]] [{citizen 42} [[""A"" [0 2]]]] [{citizen 41} [[""A"" [1 1]]]] [{citizen 10} [[""A"" [3 5]]]] [{citizen 31} [[""A"" [1 1]]]] [{citizen 6} [[""A"" [5 3]]]] [{citizen 43} [[""A"" [5 3]]]] [{citizen 15} [[""A"" [1 1]]]] [{citizen 37} [[""A"" [3 5]]]] [{citizen 46} [[""A"" [3 1]]]] [{citizen 26} [[""A"" [5 3]]]] [{citizen 38} [[""A"" [3 1]]]] [{citizen 49} [[""A"" [1 1]]]] [{citizen 12} [[""A"" [1 3]]]] [{citizen 30} [[""A"" [1 1]]]] [{citizen 2} [[""A"" [3 5]]]] [{citizen 27} [[""A"" [5 3]]]] [{citizen 45} [[""A"" [5 3]]]] [{citizen 17} [[""A"" [4 3]]]] [{citizen 21} [[""A"" [3 5]]]] [{citizen 33} [[""A"" [3 1]]]] [{citizen 29} [[""A"" [3 1]]]] [{citizen 47} [[""A"" [5 1]]]] [{citizen 28} [[""A"" [5 4]]]] [{citizen 36} [[""A"" [5 4]]]]]"
"26","[85 0 170]","235.22727272727275","-8.064645117218438","-5.504908717931387","""circle""","""""","9.9","{breed citizens}","false","0.5","1","""up""",,"[[""ID"" 46] [""alpha"" 1] [""beta"" 1] [""malleable"" [""A""]] [""prior"" []] [""cont_tokens"" []] [""A"" 4]]","[[0 [0 1 2 3 4 5 6 7 8 9 10 11 12 13 14]] [1 [17 19 20 21 22 23 24 25 26 27 28 29]] [2 [30 31 32 33 34 35 36 37 38 39 40 41 42 43 44]] [3 [45 46 47 48 49 50 51 52 53 54 55 56 57 58 59]] [4 [60 61 62 63 64 65 66 67 68 69 70 71 72 73 74]] [5 [75 76 77 78 79 81 83 84 85 86 87 88 89]] [6 [90 91 92 93 94 95 96 97 98 99 100 101 102 103 104]] [7 [105 106 107 108 109 110 111 112 113 114 115 116 117 118 119]] [8 [120 121 122 123 124 125 126 127 128 130 131 132 133 134]] [9 [135 136 137 138 139 140 141 142 143 144 145 146 147 148 149]] [10 [150 151 152 153 154 155 156 157 158 159 160 161 162 163 164]] [11 [165 166 167 168 169 170 171 172 173 174 175 176 177 178 179]] [12 [180 181 182 183 184 185 186 187 188 189 190 191 192 193 194]] [13 [197 198 199 200 201 202 206 207 208 209]] [14 [210 211 212 213 214 215 216 217 218 220 221 222 223 224]] [15 [225 226 227 228 229 230 231 232 233 234 235 236 238 239]] [16 [240 241 242 244 245 246 249 250 252 253 254]] [17 [255 256 257 258 259 260 261 262 263 264 265 266 267 268 269]] [18 [270 271 272 273 274 275 276 277 278 279 280 281 282 283 284]] [19 [285 286 287 288 289 290 291 292 293 294 295 296 297 298 299]] [20 [300 301 302 303 304 305 306 308 309 310 311 312 313 314]] [21 [315 316 317 318 319 320 321 322 323 324 325 326 327 328 329]] [22 [330 331 332 333 334 335 336 337 338 339 340 341 342 344]] [23 [346 347 348 349 350 351 352 353 354 355 356 357 358 359]] [24 [361 362 363 364 365 366 367 368 369 370 371 373 374]] [25 [375 376 377 378 380 383 384 385 386 387 388 389]] [26 [390 391 392 393 394 395 396 397 398 399 400 401 402 403 404]] [27 [405 406 407 408 409 410 411 412 413 414 415 416 417 418 419]] [28 [420 422 423 424 425 427 428 429 430 433 434]] [29 [435 436 437 438 440 441 442 443 444 445 446 448 449]] [30 [450 451 452 453 454 455 456 457 458 459 460 461 462 463 464]] [31 [465 466 467 468 469 470 471 472 473 474 475 476 477 478 479]] [32 [480 481 482 483 484 485 486 487 489 490 491 492 493 494]] [33 [495 497 498 499 500 501 502 503 504 505 506]] [34 [510 511 512 513 514 515 516 518 519 520 521 522 523 524]] [35 [525 526 527 528 529 530 531 532 533 534 535 536 537 538 539]] [36 [540 541 542 544 545 546 547 548 549 550 551 553 554]] [37 [556 558 559 560 561 562 563 564 565 566 567 568 569]] [38 [570 571 572 573 574 575 576 577 578 579 580 581 582 583 584]] [39 [588 590 591 592 593 594 595 596 597 598 599]] [40 [600 601 602 603 604 605 606 607 608 609 610 611 612 613 614]] [41 [615 616 617 618 619 620 621 622 623 624 625 626 627 628 629]] [42 [630 631 632 633 634 635 636 637 638 639 640 641 642 643 644]] [43 [645 646 647 648 649 650 651 652 653 654 655 656 657 658 659]] [44 [660 661 662 663 664 665 666 667 668 669 670 671 672 673 674]] [45 [675 676 677 678 679 680 681 682 683 684 685 686 687 688 689]] [46 [690 693 694 695 696 697 699 702 703 704]] [47 [705 706 707 708 709 710 711 712 713 714 715 716 717 718 719]] [48 [720 721 722 723 724 725 726 727 728 729 730 731 732 733 734]] [49 [736 738 739 741 742 743 745 746 747 748 749]] [50 [750 751 752 753 754 755 756 757 759 760 761 762 763 764]] [51 [765 766 767 768 769 770 771 772 773 774 775 776 777 778 779]] [52 [780 782 783 784 785 786 787 788 789 790 791 793 794]] [53 [795 796 797 798 799 800 801 802 803 804 805 806 807 808 809]] [54 [812 813 814 816 821 822 823 824]] [55 [825 826 827 828 829 830 831 832 833 836 837 838 839]] [56 [840 841 842 843 844 845 846 847 848 849 850 851 852 853 854]] [57 [855 856 857 858 859 860 861 862 863 864 865 866 867 868 869]] [58 [870 871 873 874 875 876 877 879 880 881 882 883 884]] [59 [885 886 888 890 893 894 895 896 897 898 899]] [60 [900 901 902 903 904 905 906 907 908 909 910 911 912 913 914]] [61 [915 917 919 920 921 922 923 924 925 926 927 928 929]] [62 [930 931 932 933 934 935 936 937 938 939 940 941 942 943 944]] [63 [945 946 947 948 949 950 951 952 953 954 955 956 957 959]] [64 [960 961 962 963 964 965 966 967 968 969 970 971 972 973 974]] [65 [975 976 977 978 979 980 981 982 983 984 985 986 987 988 989]] [66 [990 991 992 993 994 995 996 997 998 999 1000 1001 1002 1003 1004]] [67 [1005 1006 1007 1008 1009 1010 1011 1012 1013 1014 1015 1016]] [68 [1020 1021 1022 1023 1024 1030 1031 1032 1034]] [69 [1035 1036 1040 1041 1042 1043 1044 1045 1046 1047 1049]] [70 [1050 1051 1052 1053 1054 1055 1056 1057 1058 1059 1060 1061 1062 1063 1064]] [71 [1065 1066 1067 1068 1069 1070 1072 1073 1074 1076 1078]] [72 [1080 1081 1083 1084 1085 1086 1087 1089 1092 1093 1094]] [73 [1095 1096 1097 1098 1099 1100 1101 1102 1103 1104 1105 1106 1107 1108 1109]] [74 [1110 1111 1112 1113 1114 1115 1116 1117 1118 1119 1120 1121 1122 1123 1124]] [75 [1125 1126 1127 1128 1129 1130 1131 1132 1133 1134 1135 1136 1137 1138 1139]] [76 [1140 1141 1142 1143 1144 1145 1146 1147 1148 1149 1150 1151 1152 1153 1154]] [77 [1155 1156 1157 1158 1159 1160 1161 1162 1163 1164 1165 1166 1167 1168 1169]] [78 [1170 1171 1172 1173 1174 1175 1176 1177 1178 1179 1180 1181 1182 1183 1184]] [79 [1185 1187 1188 1190 1191 1192 1193 1194 1195 1196 1197 1198 1199]] [80 [1200 1201 1202 1203 1204 1205 1207 1209 1210 1211 1212 1213 1214]] [81 [1215 1216 1218 1220 1221 1222 1223 1224 1225 1228 1229]] [82 [1231 1232 1233 1235 1236 1237 1238 1239 1241 1242 1243]] [83 [1246 1247 1248 1250 1251 1252 1253 1254 1255 1256 1257 1258 1259]] [84 [1261 1264 1265 1266 1267 1268 1269 1270 1271 1272 1273 1274]] [85 [1275 1276 1277 1278 1279 1281 1283 1284 1287 1288 1289]] [86 [1290 1291 1292 1293 1294 1295 1296 1297 1298 1299 1300 1301 1302 1303 1304]] [87 [1305 1306 1307 1308 1309 1310 1311 1312 1313 1314 1315 1316 1317 1318 1319]] [88 [1320 1321 1322 1323 1324 1325 1326 1327 1328 1329 1330 1331 1332 1333 1334]] [89 [1335 1336 1337 1338 1339 1340 1341 1342 1343 1347 1348 1349]] [90 [1350 1351 1352 1353 1354 1355 1356 1357 1358 1359 1360 1361 1362 1363 1364]] [91 [1365 1366 1367 1368 1369 1370 1371 1372 1373 1374 1375 1376 1377 1378 1379]] [92 [1380 1381 1382 1383 1384 1385 1386 1387 1388 1389 1390 1391 1392 1393 1394]] [93 [1395 1396 1397 1398 1399 1400 1401 1402 1403 1404 1405 1406 1407 1408 1409]] [94 [1410 1411 1412 1413 1414 1415 1416 1417 1418 1419 1420 1421 1422 1423 1424]] [95 [1426 1427 1428 1429 1430 1431 1432 1433 1434 1435 1436 1437 1438 1439]] [96 [1440 1441 1442 1443 1444 1445 1446 1447 1448 1449 1450 1451 1452 1453 1454]] [97 [1455 1456 1457 1458 1459 1460 1461 1462 1463 1464 1465 1466 1467 1468 1469]] [98 [1470 1471 1472 1473 1474 1475 1476 1477 1478 1479 1480 1481 1482 1483 1484]] [99 [1485 1486 1487 1488 1489 1490 1491 1492 1493 1494 1495 1496 1497 1498 1499]]]","[[0 [6 7 11 13 14]] [1 [17 19 22 23 24 25 27 28]] [2 [30 33 34 35 36 39 42 43]] [3 [45 47 48 49 50 55 57 58]] [4 [61 62 63 65 66 68 69 73 74]] [5 [76 77 78 79 81 83 84 85 86 88 89]] [6 [90 94 95 96 97 99]] [7 [109 111 112 115 116 118 119]] [8 [121 123 124 126 127 128 130 132 134]] [9 [135 136 137 138 142 143 144 145 146 149]] [10 [150 152 154 155 156 157 158 160 161 163 164]] [11 [167 168 169 174 175 177 179]] [12 [181 182 183 184 185 186 187 188 189 190]] [13 [197 198 199 200 201 202 206 207 208 209]] [14 [211 212 214 215 216 218 220]] [15 [225 227 229 231 233 238 239]] [16 [240 244 249 250 252 253 254]] [17 [256 257 259 261 264 266 269]] [18 [271 272 274 275 279 281 282 283]] [19 [288 290 292 293 298]] [20 [300 303 304 309 310 311 312]] [21 [315 316 317 319 322 323 324 327]] [22 [330 331 332 335 337 338 339 340]] [23 [346 347 348 349 351 352 353 354 355 356 357]] [24 [361 362 363 364 365 366 367 368 371 373 374]] [25 [375 376 378 380 383 386 387 389]] [26 [390 391 393 396 402 404]] [27 [405 406 410 411 412 415 416 418 419]] [28 [420 422 423 424 427 428 429 430 433 434]] [29 [435 437 438 440 441 442 444 446 448]] [30 [450 451 452 455 457 461]] [31 [465 469 470 471 473 474 476 477 478 479]] [32 [480 481 482 483 484 486 487 491 492 493 494]] [33 [497 498 499 500 501 502 503 504 505 506]] [34 [512 514 515 516 518 520 521 524]] [35 [525 527 528 534 536 538 539]] [36 [540 541 544 546 547 548 549 550 551 553 554]] [37 [556 558 559 562 563 566]] [38 [570 572 573 577 581]] [39 [588 590 591 593 594 596 597]] [40 [600 601 602 607 608 611 613 614]] [41 [616 617 619 622 624 626 629]] [42 [632 633 634 638 640 643 644]] [43 [646 647 648 650 651 652 654]] [44 [660 661 662 663 665 666 669 670 671 672 673 674]] [45 [675 677 678 680 681 686 687 688]] [46 [690 693 694 695 696 697 699 702 703]] [47 [705 707 708 712 713 714 716 719]] [48 [720 722 723 724 725 727 729 732 734]] [49 [736 738 739 741 742 743 745 746 747 749]] [50 [750 752 753 756 757 759 760 761 763 764]] [51 [766 768 770 772 773 778 779]] [52 [780 784 786 787]] [53 [798 799 806 807 808 809]] [54 [812 813 814 816 822 823 824]] [55 [825 829 830 831 832 833 836 838]] [56 [841 842 844 845 848 851 852]] [57 [855 856 859 860 861 863 864 866 867 868 869]] [58 [870 871 873 875 876 879 880 881]] [59 [885 886 888 890 894 895 897 898]] [60 [901 903 904 906 908 909 910 912 913]] [61 [915 917 919 921 922 923 925 926 927 928 929]] [62 [931 933 934 936 937 938 939 940 943 944]] [63 [945 946 947 948 950 955 956 959]] [64 [964 966 967 968 969 972 973]] [65 [976 977 978 979 982 985 986 988]] [66 [990 991 993 994 995 997 999 1000 1001]] [67 [1007 1011 1012 1013 1014 1015 1016]] [68 [1020 1021 1022 1023 1024 1030 1031 1032 1034]] [69 [1035 1040 1042 1043 1044 1045 1046 1047 1049]] [70 [1051 1052 1053 1054 1058 1062 1064]] [71 [1065 1066 1070 1072 1073 1074 1076 1078]] [72 [1080 1081 1083 1084 1085 1086 1087 1089 1093]] [73 [1096 1097 1098 1099 1102 1103 1104 1105 1107 1108 1109]] [74 [1110 1113 1114 1117 1120]] [75 [1126 1127 1128 1130 1132 1133 1136 1138]] [76 [1142 1144 1148 1150 1151 1152 1153 1154]] [77 [1155 1157 1159 1160 1162 1166 1168 1169]] [78 [1170 1174 1175 1179 1181]] [79 [1185 1187 1190 1193 1194 1196 1198 1199]] [80 [1200 1201 1202 1207 1209 1210 1212 1213]] [81 [1216 1218 1220 1222 1223 1224 1225 1228 1229]] [82 [1231 1232 1233 1235 1236 1237 1238 1239 1241 1242 1243]] [83 [1246 1248 1251 1252 1253 1254 1255 1256 1257 1258 1259]] [84 [1261 1265 1266 1267 1268 1269 1271]] [85 [1276 1281 1283 1284 1287 1288 1289]] [86 [1292 1293 1295 1296 1297 1299 1301 1302 1303]] [87 [1305 1306 1307 1311 1312 1315]] [88 [1322 1323 1324 1326 1328 1329 1330 1331 1332 1333]] [89 [1335 1336 1339 1340 1341 1342 1343 1348]] [90 [1351 1352 1354 1356 1357 1362]] [91 [1365 1367 1368 1369 1370 1372 1373 1379]] [92 [1381 1385 1388 1389 1390]] [93 [1396 1397 1401 1403 1404 1409]] [94 [1412 1413 1414 1415 1417 1418 1422 1424]] [95 [1426 1427 1428 1430 1432 1434 1439]] [96 [1440 1443 1444 1446 1448 1450 1452 1454]] [97 [1456 1457 1459 1460 1462 1465 1467 1468 1469]] [98 [1471 1472 1475 1477 1478 1479 1481]] [99 [1489 1490 1491 1492 1495 1498 1499]]]",,"[[{citizen 38} [[""A"" [3 1]]]] [{media 51} [[""A"" [4 4]]]] [{media 52} [[""A"" [0 0]]]] [{media 53} [[""A"" [1 1]]]] [{media 58} [[""A"" [1 1]]]] [{media 60} [[""A"" [2 2]]]] [{media 61} [[""A"" [3 3]]]] [{media 62} [[""A"" [1 1]]]] [{media 64} [[""A"" [1 1]]]] [{citizen 0} [[""A"" [5 3]]]] [{citizen 10} [[""A"" [5 4]]]] [{media 56} [[""A"" [1 1]]]] [{citizen 12} [[""A"" [3 4]]]] [{media 50} [[""A"" [3 3]]]] [{citizen 5} [[""A"" [5 3]]]] [{citizen 3} [[""A"" [3 1]]]] [{media 63} [[""A"" [5 5]]]] [{citizen 14} [[""A"" [3 4]]]] [{citizen 23} [[""A"" [1 4]]]] [{media 57} [[""A"" [5 5]]]] [{citizen 11} [[""A"" [4 4]]]] [{media 59} [[""A"" [0 0]]]] [{media 55} [[""A"" [3 3]]]] [{citizen 4} [[""A"" [3 1]]]] [{citizen 1} [[""A"" [1 4]]]] [{media 54} [[""A"" [4 4]]]] [{citizen 34} [[""A"" [2 4]]]] [{citizen 42} [[""A"" [0 2]]]] [{citizen 41} [[""A"" [1 1]]]] [{citizen 31} [[""A"" [1 1]]]] [{citizen 20} [[""A"" [4 4]]]] [{citizen 6} [[""A"" [3 4]]]] [{citizen 22} [[""A"" [3 3]]]] [{citizen 32} [[""A"" [5 3]]]] [{citizen 7} [[""A"" [5 4]]]] [{citizen 43} [[""A"" [3 4]]]] [{citizen 15} [[""A"" [1 1]]]] [{citizen 37} [[""A"" [5 4]]]] [{citizen 46} [[""A"" [3 3]]]] [{citizen 18} [[""A"" [4 4]]]] [{citizen 39} [[""A"" [3 4]]]] [{citizen 8} [[""A"" [1 1]]]] [{citizen 35} [[""A"" [1 1]]]] [{citizen 25} [[""A"" [5 3]]]] [{citizen 44} [[""A"" [5 4]]]] [{citizen 49} [[""A"" [3 1]]]] [{citizen 33} [[""A"" [3 1]]]] [{citizen 19} [[""A"" [3 2]]]] [{citizen 24} [[""A"" [1 4]]]] [{citizen 9} [[""A"" [3 1]]]] [{citizen 17} [[""A"" [4 3]]]] [{citizen 30} [[""A"" [1 1]]]] [{citizen 27} [[""A"" [5 3]]]] [{citizen 29} [[""A"" [3 1]]]] [{citizen 47} [[""A"" [1 1]]]] [{citizen 16} [[""A"" [5 4]]]] [{citizen 48} [[""A"" [3 5]]]] [{citizen 13} [[""A"" [5 4]]]] [{citizen 28} [[""A"" [5 4]]]] [{citizen 40} [[""A"" [3 4]]]] [{citizen 2} [[""A"" [5 4]]]] [{citizen 45} [[""A"" [5 3]]]] [{citizen 21} [[""A"" [5 4]]]] [{citizen 36} [[""A"" [5 4]]]]]"
"27","[213 0 42]","54.64285714285714","7.120081514455376","5.059547810587299","""circle""","""""","9.9","{breed citizens}","false","0.5","1","""up""",,"[[""ID"" 33] [""alpha"" 1] [""beta"" 1] [""malleable"" [""A""]] [""prior"" []] [""cont_tokens"" []] [""A"" 1]]","[[0 [0 1 2 3 4 6 7 11 12 13 14]] [1 [15 16 18 19 22 23 24 25 26 27 28]] [2 [30 32 33 34 35 36 37 39 40 41 42 43 44]] [3 [45 46 47 48 49 50 52 53 54 55 56 57 58 59]] [4 [62 63 65 67 70 71 72]] [5 [75 76 77 78 79 80 81 82 83 84 85 86 87 88 89]] [6 [90 91 92 93 94 95 96 97 98 99 100 101 102 103 104]] [7 [105 106 107 108 109 111 112 113 115 116 117 118 119]] [8 [120 121 122 123 124 125 126 127 128 130 131 132 133 134]] [9 [135 136 137 138 142 143 144 145 146 147 149]] [10 [150 151 152 153 154 155 156 157 158 159 160 161 162 163 164]] [11 [165 166 167 168 169 170 171 172 173 174 175 176 177 178 179]] [12 [180 181 182 183 184 185 186 187 188 189 190 191 192 193 194]] [13 [197 198 199 200 201 202 206 207 208 209]] [14 [210 211 212 213 214 215 216 217 218 220 221 222 223 224]] [15 [225 226 227 228 229 230 231 232 233 234 235 236 237 238 239]] [16 [240 241 242 244 245 246 249 250 252 253 254]] [17 [255 256 257 258 259 260 261 262 263 264 265 266 267 268 269]] [18 [271 272 273 274 275 276 277 278 279 280 281 282 283 284]] [19 [285 286 287 288 289 290 291 292 293 294 295 296 297 298 299]] [20 [300 301 302 303 304 305 306 308 309 310 311 312 313 314]] [21 [315 316 317 318 319 320 321 322 323 324 325 326 327 328 329]] [22 [330 331 332 333 334 335 336 337 338 339 340 341 342 343 344]] [23 [346 347 348 349 350 351 352 353 354 355 356 357 358 359]] [24 [361 362 363 364 365 366 367 368 369 370 371 373 374]] [25 [375 376 377 378 380 383 384 385 386 387 388 389]] [26 [390 391 392 393 394 395 396 397 398 399 400 401 402 403 404]] [27 [405 406 407 408 409 410 411 412 413 414 415 416 417 418 419]] [28 [420 422 423 424 425 427 428 429 430 433 434]] [29 [435 436 437 438 440 441 442 443 444 445 446 448 449]] [30 [450 451 452 453 454 455 456 457 458 459 460 461 462 463 464]] [31 [465 466 467 468 469 470 471 472 473 474 475 476 477 478 479]] [32 [480 481 482 483 484 485 486 487 488 489 490 491 492 493 494]] [33 [495 496 497 498 499 500 501 502 503 504 505 506]] [34 [510 511 512 513 514 515 516 518 519 520 521 522 523 524]] [35 [526 527 528 529 530 531 532 533 534 535 536 537 538 539]] [36 [540 541 542 544 545 546 547 548 549 550 551 553 554]] [37 [555 556 557 558 559 560 561 562 563 564 565 566 567 568 569]] [38 [570 571 572 573 574 575 576 577 578 580 581 582 583 584]] [39 [585 586 587 588 589 590 591 592 593 594 595 596 597 598 599]] [40 [600 601 602 603 604 606 607 608 609 610 611 612 613 614]] [41 [615 616 617 618 619 620 621 622 623 624 625 626 627 628 629]] [42 [630 631 632 633 634 635 636 637 638 639 640 641 642 643 644]] [43 [645 646 647 648 649 650 651 652 653 654 655 656 657 658 659]] [44 [660 661 662 663 664 665 666 667 668 669 670 671 672 673 674]] [45 [675 676 677 678 679 680 681 682 683 684 685 686 687 688 689]] [46 [690 693 694 695 696 697 699 702 703 704]] [47 [705 706 707 708 710 711 712 713 714 715 716 717 718 719]] [48 [720 721 722 723 724 725 726 727 728 729 730 731 732 733 734]] [49 [736 738 739 741 742 743 745 746 747 748 749]] [50 [750 751 752 753 754 755 756 757 759 760 761 762 763 764]] [51 [765 766 767 768 769 770 771 772 773 774 775 776 777 778 779]] [52 [780 781 782 783 784 785 786 787 788 789 790 791 792 793 794]] [53 [795 796 797 798 799 800 801 802 803 804 805 806 807 808 809]] [54 [810 811 812 813 814 816 821 822 823 824]] [55 [825 826 827 828 829 830 831 832 833 836 837 838 839]] [56 [840 841 842 843 844 845 846 847 848 849 850 851 852 853 854]] [57 [855 856 859 860 861 863 864 865 866 867 868 869]] [58 [870 871 873 874 875 876 877 879 880 881 882 883 884]] [59 [885 886 888 890 893 894 895 896 897 898 899]] [60 [900 901 902 903 904 905 906 907 908 909 910 911 912 913 914]] [61 [916 917 918 919 921 922 923 925 926 927 928 929]] [62 [930 931 932 933 934 935 936 937 938 939 940 941 942 943 944]] [63 [945 946 947 948 949 950 951 952 953 954 955 956 957 959]] [64 [960 961 962 963 964 965 966 967 968 969 970 971 972 973 974]] [65 [975 976 977 978 979 980 981 982 983 984 985 986 987 988 989]] [66 [990 991 992 993 994 995 996 997 998 999 1000 1001 1002 1003 1004]] [67 [1005 1006 1007 1008 1009 1010 1011 1012 1013 1014 1015 1016]] [68 [1020 1021 1022 1023 1024 1030 1031 1032 1034]] [69 [1035 1036 1040 1041 1042 1043 1044 1045 1046 1047 1049]] [70 [1050 1051 1052 1053 1054 1055 1056 1057 1058 1059 1060 1061 1062 1063 1064]] [71 [1065 1066 1067 1068 1069 1070 1071 1072 1073 1074 1075 1076 1077 1078 1079]] [72 [1080 1081 1083 1084 1085 1086 1087 1089 1092 1093 1094]] [73 [1095 1096 1097 1098 1099 1100 1101 1102 1103 1104 1105 1106 1107 1108 1109]] [74 [1110 1111 1112 1113 1114 1115 1116 1117 1118 1119 1120 1121 1122 1123 1124]] [75 [1125 1126 1127 1128 1129 1130 1131 1132 1133 1134 1135 1136 1137 1138 1139]] [76 [1140 1141 1142 1143 1144 1145 1146 1147 1148 1149 1150 1151 1152 1153 1154]] [77 [1155 1156 1157 1158 1159 1160 1161 1162 1163 1164 1165 1166 1167 1168 1169]] [78 [1170 1172 1174 1175 1177 1178 1179 1180 1181 1182 1183 1184]] [79 [1185 1186 1187 1188 1189 1190 1191 1192 1193 1194 1195 1196 1197 1198 1199]] [80 [1200 1201 1202 1203 1204 1205 1206 1207 1208 1209 1210 1211 1212 1213 1214]] [81 [1215 1216 1217 1218 1219 1220 1221 1222 1223 1224 1225 1226 1227 1228 1229]] [82 [1231 1232 1233 1235 1236 1237 1238 1239 1241 1242 1243]] [83 [1246 1248 1250 1251 1252 1253 1254 1255 1256 1257 1258 1259]] [84 [1260 1262 1263 1264 1265 1266 1267 1268 1269 1270 1271 1272 1273 1274]] [85 [1275 1276 1277 1278 1279 1280 1281 1282 1283 1284 1285 1286 1287 1288 1289]] [86 [1290 1291 1292 1293 1294 1295 1296 1297 1298 1299 1300 1301 1302 1303 1304]] [87 [1305 1306 1307 1308 1309 1310 1311 1312 1313 1314 1315 1316 1317 1318 1319]] [88 [1320 1321 1324 1325 1327 1328 1329 1330 1331 1332 1333]] [89 [1335 1336 1337 1338 1339 1340 1341 1342 1343 1347 1348 1349]] [90 [1350 1351 1352 1353 1354 1355 1356 1357 1358 1359 1360 1361 1362 1363 1364]] [91 [1365 1366 1367 1368 1369 1370 1371 1372 1373 1374 1375 1376 1377 1378 1379]] [92 [1380 1381 1382 1383 1384 1385 1386 1387 1388 1389 1390 1391 1392 1393 1394]] [93 [1395 1396 1397 1398 1399 1400 1401 1402 1403 1404 1405 1406 1407 1408 1409]] [94 [1410 1411 1412 1413 1414 1415 1416 1417 1418 1419 1420 1421 1422 1423 1424]] [95 [1425 1427 1428 1430 1432 1434 1437 1438 1439]] [96 [1440 1441 1442 1443 1444 1445 1446 1448 1449 1450 1451 1452 1453 1454]] [97 [1455 1458 1459 1460 1462 1465 1467 1468 1469]] [98 [1470 1471 1472 1473 1475 1476 1477 1478 1479 1481 1482 1483 1484]] [99 [1489 1490 1491 1492 1493 1494 1495 1496 1497 1498 1499]]]","[[0 [0 1 3 4 11 12]] [1 [15 16 18 19 22 23 25 27 28]] [2 [30 33 34 35 36 37 39 42 43 44]] [3 [45 47 48 49 50 54 56]] [4 [63 65 67 70 71 72]] [5 [75 77 78 79 81 83 84 85 86 88 89]] [6 [90 94 95 96 97 99]] [7 [109 111 112 113 115 117 119]] [8 [121 123 125 128 131 132 134]] [9 [135 136 137 138 142 143 144 145 146 149]] [10 [151 152 154 155 156 157 158 160 161 163 164]] [11 [167 170 171 172 173 176 178 179]] [12 [180 183 184 185 186 187 188 189 190]] [13 [197 198 199 200 201 202 206 208 209]] [14 [211 212 214 215 216 218 221 223]] [15 [226 227 229 231 232 234 235 236 238 239]] [16 [240 244 245 246 249 250 252 253 254]] [17 [256 257 259 261 264 266 269]] [18 [271 272 274 275 278 279 281 282 283]] [19 [285 286 287 291 294 295 296 297 298]] [20 [300 301 303 304 305 306 308 310 311 312 313 314]] [21 [315 316 317 318 320 321 322 323 324 327]] [22 [330 331 333 334 335 338 339 340]] [23 [350 352 353 355 356 357]] [24 [362 363 364 365 367 368 371 373 374]] [25 [375 376 378 380 383 386 388]] [26 [392 394 395 397 399 401 403]] [27 [406 410 411 413 414 417 418 419]] [28 [420 422 423 424 427 428 430 433 434]] [29 [435 436 437 438 443 445 446 448]] [30 [450 451 453 455 457 461]] [31 [465 469 470 471 472 473 474 476]] [32 [481 482 483 484 485 486 487 491 492 493 494]] [33 [497 498 499 500 503 504 505 506]] [34 [511 513 518 519 522 523]] [35 [526 529 530 531 532 533 535 537 538 539]] [36 [540 541 544 546 547 548 554]] [37 [556 558 559 563 566 568 569]] [38 [571 574 575 576 578 580 582 583]] [39 [585 586 587 588 590 591 593 594 596 597]] [40 [600 601 603 604 606 608 610 612]] [41 [615 616 617 618 619 622 624 626 627 628]] [42 [631 635 636 637 638 640 642]] [43 [646 647 648 649 650 651 652 654 656 659]] [44 [660 661 662 664 667 668 670 673 674]] [45 [675 676 677 678 680 681 686 687 688]] [46 [690 693 694 695 696 697 704]] [47 [706 707 708 710 711 715 719]] [48 [720 723 724 725 726 727 729 732 734]] [49 [736 738 739 741 742 743 745 746 748 749]] [50 [750 752 753 759 760 761 763 764]] [51 [766 768 770 771 774 775 776 777]] [52 [781 782 783 785 788 789 791 793]] [53 [795 796 797 800 801 802 803 805 807 808 809]] [54 [812 814 816 822 823 824]] [55 [826 827 828 832 833 837 839]] [56 [840 842 843 845 848 851 852 854]] [57 [855 856 859 860 861 863 864 866 867 868 869]] [58 [870 871 873 875 877 879 880 881]] [59 [888 890 894 896 899]] [60 [900 902 905 906 908 909 911 914]] [61 [916 918 919 921 922 923 925 926 927 928 929]] [62 [931 933 934 936 937 939 940 942 943 944]] [63 [945 946 947 950 955 956 959]] [64 [963 964 966 968 971 972 973]] [65 [976 979 980 981 983 984 987 988]] [66 [990 991 993 995 996 997 999 1000 1001]] [67 [1007 1009 1011 1012 1013 1014 1015 1016]] [68 [1020 1021 1022 1023 1024 1031 1034]] [69 [1035 1036 1041 1044 1045 1046 1047 1049]] [70 [1051 1052 1055 1056 1057 1061 1062]] [71 [1065 1066 1069 1072 1073 1074 1076 1078]] [72 [1081 1083 1084 1085 1087 1089 1093]] [73 [1096 1097 1098 1099 1100 1101 1104 1105 1107 1108 1109]] [74 [1110 1113 1114 1117 1120]] [75 [1129 1130 1132 1133 1136 1138]] [76 [1142 1143 1145 1146 1149 1153 1154]] [77 [1155 1157 1158 1161 1162 1164 1166 1168 1169]] [78 [1170 1172 1174 1175 1177 1178 1180 1182]] [79 [1188 1190 1192 1195 1196 1198 1199]] [80 [1200 1201 1202 1207 1209 1210 1214]] [81 [1215 1217 1219 1221 1222 1223 1224 1225 1228 1229]] [82 [1231 1232 1233 1235 1236 1237 1238 1239 1241]] [83 [1246 1248 1251 1252 1253 1254 1255]] [84 [1262 1263 1264 1265 1266 1267 1268 1269 1271]] [85 [1275 1277 1278 1279 1281 1283 1284 1289]] [86 [1290 1291 1294 1296 1297 1299 1301 1302 1303]] [87 [1305 1306 1307 1311 1312 1315 1316 1318 1319]] [88 [1320 1321 1325 1329 1330 1331 1332 1333]] [89 [1335 1336 1337 1338 1341 1342 1343 1348]] [90 [1350 1351 1352 1354 1356 1357 1362]] [91 [1365 1367 1368 1369 1370 1372 1373 1374 1375 1377 1378]] [92 [1384 1385 1388 1389 1391 1392 1393 1394]] [93 [1395 1398 1399 1402 1403 1404 1405 1407 1408]] [94 [1410 1411 1419 1423]] [95 [1425 1427 1428 1430 1432 1438 1439]] [96 [1443 1444 1446 1448 1450 1451 1452 1453]] [97 [1455 1458 1459 1460 1462 1465 1467 1468 1469]] [98 [1470 1472 1475 1477 1478 1479 1481]] [99 [1492 1495 1496 1497]]]",,"[[{citizen 36} [[""A"" [5 4]]]] [{citizen 41} [[""A"" [3 1]]]] [{citizen 43} [[""A"" [2 3]]]] [{media 55} [[""A"" [3 3]]]] [{media 56} [[""A"" [1 1]]]] [{media 57} [[""A"" [5 5]]]] [{media 63} [[""A"" [5 5]]]] [{media 60} [[""A"" [2 2]]]] [{citizen 0} [[""A"" [3 3]]]] [{citizen 3} [[""A"" [3 1]]]] [{citizen 11} [[""A"" [1 4]]]] [{media 61} [[""A"" [3 3]]]] [{media 53} [[""A"" [1 1]]]] [{media 50} [[""A"" [3 3]]]] [{citizen 5} [[""A"" [3 1]]]] [{media 64} [[""A"" [1 1]]]] [{media 51} [[""A"" [4 4]]]] [{media 54} [[""A"" [4 4]]]] [{media 62} [[""A"" [1 1]]]] [{citizen 7} [[""A"" [3 5]]]] [{citizen 19} [[""A"" [1 3]]]] [{citizen 1} [[""A"" [1 4]]]] [{citizen 32} [[""A"" [5 3]]]] [{citizen 48} [[""A"" [2 3]]]] [{media 59} [[""A"" [0 0]]]] [{citizen 20} [[""A"" [3 4]]]] [{citizen 25} [[""A"" [5 3]]]] [{citizen 35} [[""A"" [1 1]]]] [{citizen 37} [[""A"" [3 3]]]] [{citizen 8} [[""A"" [1 1]]]] [{citizen 9} [[""A"" [3 1]]]] [{citizen 33} [[""A"" [3 1]]]] [{citizen 13} [[""A"" [3 5]]]] [{citizen 22} [[""A"" [3 3]]]] [{citizen 42} [[""A"" [3 2]]]] [{citizen 10} [[""A"" [3 5]]]] [{citizen 31} [[""A"" [1 1]]]] [{citizen 4} [[""A"" [3 1]]]] [{citizen 6} [[""A"" [3 3]]]] [{citizen 15} [[""A"" [1 1]]]] [{citizen 46} [[""A"" [3 1]]]] [{citizen 18} [[""A"" [3 4]]]] [{citizen 39} [[""A"" [3 3]]]] [{citizen 44} [[""A"" [2 3]]]] [{citizen 14} [[""A"" [4 4]]]] [{citizen 26} [[""A"" [3 4]]]] [{citizen 38} [[""A"" [3 1]]]] [{citizen 49} [[""A"" [3 1]]]] [{citizen 12} [[""A"" [1 3]]]] [{citizen 17} [[""A"" [1 3]]]] [{citizen 23} [[""A"" [3 3]]]] [{citizen 34} [[""A"" [3 2]]]] [{citizen 16} [[""A"" [2 2]]]] [{citizen 30} [[""A"" [1 1]]]] [{citizen 2} [[""A"" [1 3]]]] [{citizen 24} [[""A"" [3 1]]]] [{citizen 21} [[""A"" [2 3]]]] [{citizen 40} [[""A"" [3 3]]]] [{media 58} [[""A"" [1 1]]]] [{media 52} [[""A"" [0 0]]]] [{citizen 29} [[""A"" [3 1]]]] [{citizen 47} [[""A"" [3 1]]]] [{citizen 45} [[""A"" [5 3]]]] [{citizen 28} [[""A"" [1 5]]]]]"
"28","[85 0 170]","148.9090909090909","5.095492565840739","-8.134521936887811","""circle""","""""","9.9","{breed citizens}","false","0.5","1","""up""",,"[[""ID"" 45] [""alpha"" 1] [""beta"" 1] [""malleable"" [""A""]] [""prior"" []] [""cont_tokens"" []] [""A"" 4]]","[[0 [0 1 2 3 5 6 7 8 9 10 11 12 13 14]] [1 [17 19 20 21 22 23 25 26 27 28 29]] [2 [30 31 32 33 34 35 36 37 38 39 40 41 42 43 44]] [3 [45 46 47 48 49 50 52 53 54 55 56 57 58 59]] [4 [60 61 62 63 64 65 66 67 68 69 70 71 72 73 74]] [5 [75 76 77 78 79 80 81 82 83 84 85 86 87 88 89]] [6 [90 91 92 93 94 95 96 97 98 99 100 101 102 103 104]] [7 [105 106 107 108 109 110 111 112 113 114 115 116 117 118 119]] [8 [120 121 122 123 124 125 126 127 128 130 131 132 133 134]] [9 [135 136 137 138 139 140 141 142 143 144 145 146 147 148 149]] [10 [150 151 152 153 154 155 156 157 158 159 160 161 162 163 164]] [11 [165 166 167 168 169 170 171 172 173 174 175 176 177 178 179]] [12 [180 181 182 183 184 185 186 187 188 189 190 191 192 193 194]] [13 [197 198 199 200 201 202 206 207 208 209]] [14 [210 211 212 213 214 215 216 217 218 220 221 222 223 224]] [15 [225 226 227 228 229 230 231 232 233 234 235 236 237 238 239]] [16 [240 241 242 244 245 246 249 250 252 253 254]] [17 [255 256 257 258 259 260 261 262 263 264 265 266 267 269]] [18 [271 272 273 274 275 276 277 278 279 280 281 282 283 284]] [19 [285 286 287 289 290 291 292 293 294 295 296 297 298 299]] [20 [300 301 302 303 304 305 306 308 309 310 311 312 313 314]] [21 [315 316 317 318 319 320 321 322 323 324 325 326 327 328 329]] [22 [330 331 332 333 334 335 336 337 338 339 340 341 342 343 344]] [23 [346 347 348 349 350 351 352 353 354 355 356 357 358 359]] [24 [361 362 363 364 365 366 367 368 369 370 371 373 374]] [25 [375 376 377 378 380 383 384 385 386 387 388 389]] [26 [390 391 392 393 394 395 396 397 398 399 400 401 402 403 404]] [27 [405 406 407 408 409 410 411 412 413 414 415 416 417 418 419]] [28 [420 422 423 424 425 427 428 429 430 433 434]] [29 [435 436 437 438 440 441 442 443 444 445 446 448 449]] [30 [450 451 452 453 454 455 456 457 458 459 460 461 462 463 464]] [31 [465 466 467 468 469 470 471 472 473 474 475 476 477 478 479]] [32 [480 481 482 483 484 485 486 487 489 490 491 492 493 494]] [33 [495 497 498 499 500 501 502 503 504 505 506]] [34 [510 511 512 513 514 515 516 518 519 520 521 522 523 524]] [35 [525 526 527 528 529 530 531 532 533 534 535 536 537 538 539]] [36 [540 541 542 544 545 546 547 548 549 550 551 553 554]] [37 [556 558 559 560 561 562 563 564 565 566 567 568 569]] [38 [570 571 572 573 574 575 576 577 578 580 581 582 583 584]] [39 [585 586 587 588 589 590 591 592 593 594 595 596 597 598 599]] [40 [600 601 602 603 604 605 606 607 608 609 610 611 612 613 614]] [41 [615 616 617 618 619 620 621 622 623 624 625 626 627 628 629]] [42 [630 631 632 633 634 635 636 637 638 639 640 641 642 643 644]] [43 [645 646 647 648 649 650 651 652 653 654 655 656 657 658 659]] [44 [660 661 662 663 664 665 666 667 668 669 670 671 672 673 674]] [45 [675 676 677 678 679 680 681 682 683 684 685 686 687 688 689]] [46 [690 693 694 695 696 697 699 702 703 704]] [47 [705 706 707 708 710 711 712 713 714 715 716 717 718 719]] [48 [720 721 722 723 724 725 726 727 728 729 730 731 732 733 734]] [49 [736 738 739 741 742 743 745 746 747 748 749]] [50 [750 751 752 753 754 755 756 757 758 759 760 761 762 763 764]] [51 [765 766 767 768 769 770 771 772 773 774 775 776 777 778 779]] [52 [780 781 782 783 784 785 786 787 788 789 790 791 792 793 794]] [53 [795 796 797 798 799 800 801 802 803 804 805 806 807 808 809]] [54 [810 811 812 813 814 815 816 817 818 819 820 821 822 823 824]] [55 [825 826 827 828 829 830 831 832 833 836 837 838 839]] [56 [841 842 843 844 845 846 847 848 849 850 851 852 853 854]] [57 [855 856 857 858 859 860 861 862 863 864 865 866 867 868 869]] [58 [870 871 873 874 875 876 877 879 880 881 882 883 884]] [59 [885 886 888 890 893 894 895 896 897 898 899]] [60 [900 901 902 903 904 905 906 907 908 909 910 911 912 913 914]] [61 [915 916 917 918 919 921 922 923 925 926 927 928 929]] [62 [931 933 934 936 937 938 939 940 941 942 943 944]] [63 [945 946 947 948 949 950 951 952 953 954 955 956 957 958 959]] [64 [960 961 962 963 964 965 966 967 968 969 970 971 972 973 974]] [65 [975 976 977 978 979 980 981 982 983 984 985 986 987 988 989]] [66 [990 991 992 993 994 995 996 997 998 999 1000 1001 1002 1003 1004]] [67 [1007 1009 1010 1011 1012 1013 1014 1015 1016]] [68 [1020 1021 1022 1023 1024 1030 1031 1032 1034]] [69 [1035 1036 1040 1041 1042 1043 1044 1045 1046 1047 1049]] [70 [1050 1051 1052 1053 1054 1055 1056 1057 1058 1059 1060 1061 1062 1063 1064]] [71 [1065 1066 1067 1068 1069 1070 1071 1072 1073 1074 1075 1076 1077 1078 1079]] [72 [1080 1081 1083 1084 1085 1086 1087 1089 1092 1093 1094]] [73 [1095 1096 1097 1098 1099 1100 1101 1102 1103 1104 1105 1106 1107 1108 1109]] [74 [1110 1111 1112 1113 1114 1115 1116 1117 1118 1119 1120 1121 1122 1123 1124]] [75 [1125 1126 1127 1128 1129 1130 1131 1132 1133 1134 1135 1136 1137 1138 1139]] [76 [1140 1141 1144 1145 1146 1147 1148 1149 1150 1151 1152 1153 1154]] [77 [1155 1156 1157 1158 1159 1160 1161 1162 1163 1164 1165 1166 1167 1168 1169]] [78 [1170 1171 1172 1174 1175 1177 1178 1179 1180 1181 1182 1183 1184]] [79 [1185 1186 1187 1188 1189 1190 1191 1192 1193 1194 1195 1196 1197 1198 1199]] [80 [1200 1201 1202 1203 1204 1205 1206 1207 1208 1209 1210 1211 1212 1213 1214]] [81 [1215 1216 1218 1220 1221 1222 1223 1224 1225 1228 1229]] [82 [1231 1232 1233 1235 1236 1237 1238 1239 1241 1242 1243]] [83 [1246 1247 1248 1250 1251 1252 1253 1254 1255 1256 1257 1258 1259]] [84 [1260 1262 1263 1264 1265 1266 1267 1268 1269 1270 1271 1272 1273 1274]] [85 [1275 1276 1277 1278 1279 1280 1281 1282 1283 1284 1285 1286 1287 1288 1289]] [86 [1290 1291 1292 1293 1294 1295 1296 1297 1298 1299 1300 1301 1302 1303 1304]] [87 [1305 1306 1307 1311 1312 1315 1316 1318 1319]] [88 [1320 1321 1322 1323 1324 1325 1326 1327 1328 1329 1330 1331 1332 1333 1334]] [89 [1337 1338 1344 1345 1346 1347 1349]] [90 [1350 1351 1352 1353 1354 1355 1356 1357 1358 1359 1360 1361 1362 1363 1364]] [91 [1365 1366 1367 1368 1369 1370 1371 1372 1373 1374 1375 1376 1377 1378 1379]] [92 [1380 1381 1382 1383 1386 1387 1389 1390 1391 1392 1393 1394]] [93 [1395 1396 1397 1398 1399 1400 1401 1402 1403 1404 1405 1406 1407 1408 1409]] [94 [1410 1411 1412 1413 1414 1415 1416 1417 1418 1419 1420 1421 1422 1423 1424]] [95 [1425 1427 1428 1430 1432 1434 1437 1438 1439]] [96 [1440 1441 1442 1443 1444 1445 1446 1447 1448 1449 1450 1451 1452 1453 1454]] [97 [1455 1456 1457 1458 1459 1460 1461 1462 1463 1464 1465 1466 1467 1468 1469]] [98 [1470 1471 1472 1473 1474 1475 1476 1477 1478 1479 1480 1481 1482 1483 1484]] [99 [1485 1486 1487 1488 1489 1490 1491 1492 1493 1494 1495 1496 1497 1498 1499]]]","[[0 [6 7 11 13 14]] [1 [17 19 22 23 25 29]] [2 [31 38 40 41 42 43 44]] [3 [45 47 48 49 50 52 53 54 56 58 59]] [4 [60 64 65 67 70 71 72]] [5 [80 82 85 86 88 89]] [6 [90 94 95 96 97 99 100 102 103 104]] [7 [105 106 107 110 114 116 118 119]] [8 [121 123 124 126 127 128 130 133]] [9 [139 140 141 143 146 147]] [10 [151 152 154 155 157 158 159 163 164]] [11 [165 170 171 172 173 176 178 179]] [12 [181 182 183 184 185 186 188 189 190]] [13 [197 198 200 201 202 206 209]] [14 [211 212 214 215 216 218 220 224]] [15 [225 227 229 231 233 238 239]] [16 [240 242 244 245 246 249 250 252]] [17 [255 256 257 259 261 264 266 269]] [18 [273 275 278 282 283 284]] [19 [285 286 287 291 294 295 297 298]] [20 [300 301 302 305 306 309 310 311 313 314]] [21 [315 316 317 319 323 324 327 328]] [22 [330 331 334 335 338 339 340]] [23 [350 353 354 356 357]] [24 [362 363 364 365 366 367 368 373 374]] [25 [375 376 378 380 383 384 386 387 388]] [26 [392 393 396]] [27 [407 408 409 412 415 416 418 419]] [28 [420 422 423 424 427 428 430 433 434]] [29 [435 436 437 438 440 441 442 444 446 448 449]] [30 [454 456 458 459 460 462 463 464]] [31 [466 467 468 471 473 475 478 479]] [32 [480 481 482 483 484 486 487 491 492 493 494]] [33 [497 498 499 500 503 504 505 506]] [34 [511 512 514 515 516 518 519 522 523]] [35 [526 529 530 532 533 535]] [36 [541 542 544 548 549 550 551 553 554]] [37 [556 560 561 564 565 566 568 569]] [38 [571 574 575 576 578 580 582 583]] [39 [585 586 587 588 590 595 598 599]] [40 [602 603 604 606 609 610 612]] [41 [615 616 617 619 622 624 626 629]] [42 [630 632 633 634 639]] [43 [645 653 655 656 658 659]] [44 [663 665 666 669 670 673 674]] [45 [675 677 678 680 681 685 687 688]] [46 [690 693 694 695 696 697 699 702 703 704]] [47 [705 708 710 711 715 719]] [48 [720 723 724 725 726 727 729 732 734]] [49 [736 738 739 741 742 743 745 746 747]] [50 [750 751 752 753 757 764]] [51 [765 767 770 772 773 778 779]] [52 [780 784 786 787 790 791 793 794]] [53 [796 797 800 801 802 803 805]] [54 [810 811 812 813 814 816 822 823 824]] [55 [826 827 828 831 832 836 838]] [56 [841 844 846 849 851 853 854]] [57 [855 856 859 860 861 863 864 866 867 868 869]] [58 [870 871 873 875 877 879 880 881]] [59 [890 894 896 899]] [60 [900 902 907 911 914]] [61 [916 918 922 923 925 926 927 928 929]] [62 [931 933 934 936 937 939 940 941]] [63 [947 948 950 955 956 957 959]] [64 [963 964 965 967 968 969 974]] [65 [975 977 978 979 980 981 983 984 987 988 989]] [66 [990 991 993 994 995 997 998 999 1000 1001]] [67 [1007 1009 1011 1012 1013 1014 1015 1016]] [68 [1020 1021 1022 1023 1024 1030 1031 1034]] [69 [1035 1040 1042 1043 1044 1045 1046]] [70 [1050 1053 1054 1057 1061 1062 1064]] [71 [1065 1066 1070 1072 1073 1074 1076 1078]] [72 [1081 1083 1084 1085 1087 1089 1093]] [73 [1096 1097 1098 1099 1102 1103 1104 1105 1107 1108 1109]] [74 [1110 1111 1113 1114 1117 1120]] [75 [1126 1127 1128 1131 1132 1134 1135 1137]] [76 [1140 1141 1147 1148 1150 1151 1152 1153 1154]] [77 [1155 1156 1157 1159 1160 1161 1162 1164 1166 1168 1169]] [78 [1170 1174 1175 1177 1178 1179 1180 1184]] [79 [1186 1188 1190 1192 1195 1196 1198]] [80 [1200 1205 1207 1209 1211 1212 1213]] [81 [1216 1218 1220 1221 1222 1223 1224 1225 1228 1229]] [82 [1231 1232 1235 1236 1237 1238 1239 1241 1242 1243]] [83 [1246 1248 1251 1252 1253 1254 1255]] [84 [1260 1262 1263 1264 1265 1266 1267 1268 1269]] [85 [1275 1279 1281 1283 1284 1289]] [86 [1290 1291 1292 1293 1295 1296 1297 1299 1304]] [87 [1306 1307 1311 1312 1315 1316 1318 1319]] [88 [1320 1321 1324 1326 1334]] [89 [1337 1338 1344 1345 1346 1347 1349]] [90 [1350 1351 1353 1355 1358 1359 1361 1364]] [91 [1365 1367 1368 1369 1370 1372 1376]] [92 [1380 1381 1389 1390]] [93 [1396 1397 1405 1406 1407 1408]] [94 [1410 1411 1419 1423]] [95 [1425 1427 1428 1430 1432 1434 1437]] [96 [1441 1442 1443 1444 1446 1448 1450 1452 1454]] [97 [1456 1457 1458 1459 1460 1462 1465 1467 1468]] [98 [1473 1474 1476 1478 1479 1481]] [99 [1491 1492 1495 1496 1498 1499]]]",,"[[{media 51} [[""A"" [4 4]]]] [{media 52} [[""A"" [0 0]]]] [{media 53} [[""A"" [1 1]]]] [{media 58} [[""A"" [1 1]]]] [{media 60} [[""A"" [2 2]]]] [{media 61} [[""A"" [3 3]]]] [{media 62} [[""A"" [1 1]]]] [{media 64} [[""A"" [1 1]]]] [{citizen 0} [[""A"" [3 3]]]] [{citizen 10} [[""A"" [3 5]]]] [{media 56} [[""A"" [1 1]]]] [{citizen 3} [[""A"" [2 3]]]] [{media 63} [[""A"" [5 5]]]] [{citizen 5} [[""A"" [5 3]]]] [{citizen 21} [[""A"" [5 4]]]] [{media 57} [[""A"" [5 5]]]] [{media 59} [[""A"" [0 0]]]] [{media 55} [[""A"" [3 3]]]] [{citizen 1} [[""A"" [3 4]]]] [{media 54} [[""A"" [4 4]]]] [{citizen 14} [[""A"" [4 4]]]] [{citizen 11} [[""A"" [3 4]]]] [{citizen 34} [[""A"" [4 3]]]] [{citizen 23} [[""A"" [3 3]]]] [{citizen 38} [[""A"" [3 1]]]] [{citizen 26} [[""A"" [3 4]]]] [{citizen 4} [[""A"" [3 1]]]] [{citizen 12} [[""A"" [3 4]]]] [{citizen 17} [[""A"" [4 3]]]] [{citizen 6} [[""A"" [3 4]]]] [{citizen 24} [[""A"" [3 3]]]] [{citizen 40} [[""A"" [5 3]]]] [{citizen 42} [[""A"" [1 2]]]] [{citizen 41} [[""A"" [3 1]]]] [{citizen 31} [[""A"" [1 1]]]] [{citizen 20} [[""A"" [3 4]]]] [{citizen 22} [[""A"" [3 3]]]] [{citizen 32} [[""A"" [5 3]]]] [{citizen 7} [[""A"" [3 5]]]] [{citizen 43} [[""A"" [5 3]]]] [{citizen 15} [[""A"" [1 1]]]] [{citizen 37} [[""A"" [5 4]]]] [{citizen 46} [[""A"" [3 1]]]] [{citizen 18} [[""A"" [3 4]]]] [{citizen 39} [[""A"" [5 3]]]] [{citizen 8} [[""A"" [1 1]]]] [{citizen 35} [[""A"" [1 1]]]] [{citizen 25} [[""A"" [5 3]]]] [{citizen 44} [[""A"" [3 5]]]] [{citizen 49} [[""A"" [3 1]]]] [{citizen 19} [[""A"" [5 3]]]] [{citizen 16} [[""A"" [4 5]]]] [{citizen 9} [[""A"" [3 1]]]] [{citizen 30} [[""A"" [1 1]]]] [{citizen 2} [[""A"" [5 4]]]] [{citizen 27} [[""A"" [5 3]]]] [{citizen 45} [[""A"" [5 3]]]] [{media 50} [[""A"" [3 3]]]] [{citizen 33} [[""A"" [3 1]]]] [{citizen 29} [[""A"" [3 1]]]] [{citizen 47} [[""A"" [3 1]]]] [{citizen 48} [[""A"" [5 4]]]] [{citizen 13} [[""A"" [5 4]]]] [{citizen 36} [[""A"" [5 4]]]]]"
"29","[213 0 42]","306.81818181818187","-4.575506985950524","3.011605809513937","""circle""","""""","9.9","{breed citizens}","false","0.5","1","""up""",,"[[""ID"" 44] [""alpha"" 1] [""beta"" 1] [""malleable"" [""A""]] [""prior"" []] [""cont_tokens"" []] [""A"" 1]]","[[0 [0 1 2 3 4 5 6 7 8 9 10 11 12 13 14]] [1 [15 16 17 18 19 20 21 22 23 24 25 26 27 28]] [2 [30 32 33 34 35 36 37 38 39 40 41 42 43 44]] [3 [45 46 47 48 49 50 51 52 53 54 55 56 57 58 59]] [4 [60 61 62 63 64 65 66 67 68 69 70 71 72 73 74]] [5 [76 77 78 79 81 83 84 85 86 87 88 89]] [6 [91 92 93 94 95 96 97 98 99 100 101 102 103 104]] [7 [105 106 107 108 109 110 111 112 113 114 115 116 117 118 119]] [8 [120 121 122 123 124 125 126 127 128 130 131 132 133 134]] [9 [135 136 137 138 139 140 141 142 143 144 145 146 147 148 149]] [10 [150 151 152 154 155 156 157 158 159 160 161 162 163 164]] [11 [165 166 167 168 169 170 171 172 173 174 175 176 177 178 179]] [12 [180 181 182 183 184 185 186 187 188 189 190 191 192 193 194]] [13 [197 198 199 200 201 202 206 207 208 209]] [14 [210 211 212 213 214 215 216 217 218 220 221 222 223 224]] [15 [225 226 227 228 229 230 231 232 233 234 235 236 237 238 239]] [16 [240 241 242 244 245 246 249 250 252 253 254]] [17 [255 256 257 258 259 260 261 262 263 264 265 266 267 268 269]] [18 [271 272 273 274 275 276 277 278 279 280 281 282 283 284]] [19 [285 286 287 288 289 290 291 292 293 294 295 296 297 298 299]] [20 [300 301 302 303 304 305 306 308 309 310 311 312 313 314]] [21 [315 316 317 318 319 320 321 322 323 324 325 326 327 328 329]] [22 [330 331 332 333 334 335 336 337 338 339 340 341 342 343 344]] [23 [345 346 347 348 349 350 351 352 353 354 355 356 357 358 359]] [24 [360 366 367 368 371 372 373 374]] [25 [375 376 377 378 379 380 381 382 383 384 385 386 387 388 389]] [26 [390 391 392 393 394 395 396 397 398 399 400 401 402 403 404]] [27 [405 406 407 408 409 410 411 412 413 414 415 416 417 418 419]] [28 [420 422 423 424 425 427 428 429 430 433 434]] [29 [435 436 437 438 440 441 442 443 444 445 446 448 449]] [30 [450 451 452 453 454 455 456 457 458 459 460 461 462 463 464]] [31 [465 466 467 468 469 470 471 472 473 474 475 476 477 478 479]] [32 [480 481 482 483 484 485 486 487 489 490 491 492 493 494]] [33 [495 497 498 499 500 501 502 503 504 505 506]] [34 [510 511 512 513 514 515 516 518 519 520 521 522 523 524]] [35 [525 526 527 528 529 530 531 532 533 534 535 536 537 538 539]] [36 [540 541 542 544 545 546 547 548 549 550 551 553 554]] [37 [555 556 557 558 559 560 561 562 563 564 565 566 567 568 569]] [38 [570 571 572 573 574 575 576 577 578 580 581 582 583 584]] [39 [585 586 587 588 590 591 592 593 594 595 596 597 598 599]] [40 [600 601 602 603 604 606 607 608 609 610 611 612 613 614]] [41 [615 616 617 618 619 620 621 622 623 624 625 626 627 628 629]] [42 [630 631 632 633 634 635 636 637 638 639 640 641 642 643 644]] [43 [646 647 648 649 650 651 652 654 655 656 657 658 659]] [44 [660 661 662 663 664 665 666 667 668 669 670 671 672 673 674]] [45 [675 676 677 678 679 680 681 682 683 684 685 686 687 688 689]] [46 [690 693 694 695 696 697 699 702 703 704]] [47 [705 706 707 708 710 711 712 713 714 715 716 717 718 719]] [48 [720 721 722 723 724 725 726 727 729 732 734]] [49 [735 736 737 738 739 740 741 742 743 744 745 746 747 748 749]] [50 [750 751 752 753 754 755 756 757 759 760 761 762 763 764]] [51 [765 766 767 768 769 770 771 772 773 774 775 776 777 778 779]] [52 [780 781 782 783 784 785 786 787 788 789 790 791 792 793 794]] [53 [795 796 797 800 801 802 803 804 805 807 808 809]] [54 [810 811 812 813 814 816 821 822 823 824]] [55 [825 826 827 828 829 830 831 832 833 836 837 838 839]] [56 [841 842 843 844 845 846 847 848 849 850 851 852 853 854]] [57 [855 856 857 858 859 860 861 862 863 864 865 866 867 868 869]] [58 [870 871 873 874 875 876 877 879 880 881 882 883 884]] [59 [885 886 888 890 893 894 895 896 897 898 899]] [60 [900 901 902 903 904 905 906 907 908 909 910 911 912 913 914]] [61 [915 916 917 918 919 920 921 922 923 924 925 926 927 928 929]] [62 [930 931 932 933 934 935 936 937 938 939 940 941 942 943 944]] [63 [945 946 947 948 949 950 951 952 953 954 955 956 958 959]] [64 [960 961 962 963 964 965 966 967 968 969 970 971 972 973 974]] [65 [975 976 977 978 979 980 981 982 983 984 985 986 987 988 989]] [66 [990 991 992 993 994 995 996 997 998 999 1000 1001 1002 1003 1004]] [67 [1005 1006 1007 1008 1009 1010 1011 1012 1013 1014 1015 1016 1017 1018 1019]] [68 [1020 1021 1022 1023 1024 1030 1031 1032 1034]] [69 [1035 1036 1040 1041 1042 1043 1044 1045 1046 1047 1049]] [70 [1050 1051 1052 1053 1054 1055 1056 1057 1058 1059 1060 1061 1062 1063 1064]] [71 [1065 1066 1067 1068 1069 1070 1072 1073 1074 1076 1078]] [72 [1080 1081 1083 1084 1085 1086 1087 1089 1092 1093 1094]] [73 [1096 1097 1098 1099 1100 1101 1102 1103 1104 1105 1106 1107 1108 1109]] [74 [1110 1111 1112 1113 1114 1115 1116 1117 1118 1119 1120 1121 1122 1123 1124]] [75 [1125 1126 1127 1128 1129 1130 1131 1132 1133 1134 1135 1136 1137 1138 1139]] [76 [1140 1141 1142 1143 1144 1145 1146 1147 1148 1149 1150 1151 1152 1153 1154]] [77 [1155 1156 1157 1158 1159 1160 1161 1162 1163 1164 1165 1166 1167 1168 1169]] [78 [1171 1172 1173 1174 1175 1176 1177 1178 1179 1180 1181 1182 1183 1184]] [79 [1185 1186 1187 1188 1189 1190 1191 1192 1193 1194 1195 1196 1197 1198 1199]] [80 [1200 1201 1202 1205 1207 1209 1210 1211 1212 1213 1214]] [81 [1215 1216 1218 1220 1221 1222 1223 1224 1225 1228 1229]] [82 [1231 1232 1233 1235 1236 1237 1238 1239 1241 1242 1243]] [83 [1246 1247 1248 1250 1251 1252 1253 1254 1255 1256 1257 1258 1259]] [84 [1260 1261 1262 1263 1264 1265 1266 1267 1268 1269 1270 1271 1272 1273 1274]] [85 [1275 1276 1279 1281 1283 1284 1289]] [86 [1290 1291 1292 1293 1294 1295 1296 1297 1298 1299 1300 1301 1302 1303 1304]] [87 [1305 1306 1307 1308 1309 1310 1311 1312 1313 1314 1315 1316 1317 1318 1319]] [88 [1320 1321 1322 1323 1324 1325 1326 1327 1328 1329 1330 1331 1332 1333 1334]] [89 [1335 1336 1337 1338 1339 1340 1341 1342 1343 1347 1348 1349]] [90 [1350 1351 1352 1353 1354 1355 1356 1357 1358 1359 1360 1361 1362 1363 1364]] [91 [1365 1366 1367 1368 1369 1370 1371 1372 1373 1374 1375 1376 1377 1378 1379]] [92 [1380 1381 1382 1383 1384 1385 1386 1387 1388 1389 1390 1391 1392 1393 1394]] [93 [1395 1396 1397 1398 1399 1400 1401 1402 1403 1404 1405 1406 1407 1408 1409]] [94 [1410 1411 1412 1413 1414 1415 1416 1417 1418 1419 1420 1421 1422 1423 1424]] [95 [1425 1426 1427 1428 1429 1430 1431 1432 1433 1434 1435 1436 1437 1438 1439]] [96 [1440 1441 1442 1443 1444 1445 1446 1447 1448 1449 1450 1451 1452 1453 1454]] [97 [1455 1456 1457 1458 1459 1460 1461 1462 1463 1464 1465 1466 1467 1468 1469]] [98 [1470 1471 1472 1473 1474 1475 1476 1477 1478 1479 1480 1481 1482 1483 1484]] [99 [1485 1486 1487 1488 1489 1490 1491 1492 1493 1494 1495 1496 1497 1498 1499]]]","[[0 [2 3 5 8 9 10 11 12]] [1 [15 16 18 19 22 23 24 26 27 28]] [2 [30 32 33 34 35 36 37 39 42 43]] [3 [45 47 48 49 50 55 57 58]] [4 [61 62 63 64 66 68 69 73 74]] [5 [76 77 78 79 81 84 87]] [6 [91 92 93 98 101 102 103]] [7 [105 106 107 108 109 111 112 113 115 117 119]] [8 [121 123 125 127 128 130 133]] [9 [139 140 141 148]] [10 [150 152 154 155 158 160 161 163 164]] [11 [167 168 169 175 177 179]] [12 [181 182 183 184 189 190]] [13 [197 198 200 201 202 206 208 209]] [14 [211 212 213 217 218 221 223]] [15 [226 227 231 233 238 239]] [16 [240 242 244 245 246 249 250 252 253 254]] [17 [256 257 259 261 264 266]] [18 [271 272 274 275 279 281 282 283]] [19 [286 287 289 290 292 293 297 298]] [20 [300 303 304 309 312]] [21 [316 317 318 320 321 325 326 329]] [22 [331 332 338 339 340]] [23 [346 347 348 349 351 358 359]] [24 [360 366 367 368 371 372 373 374]] [25 [375 376 377 378 380 383 384 386 387 389]] [26 [390 391 393 396 398 400 401 402 404]] [27 [405 406 410 411 413 414 417 418 419]] [28 [420 422 423 424 427 428 430 434]] [29 [435 436 437 438 440 441 442 444 448]] [30 [450 451 453 455 457 461]] [31 [465 469 470 471 474 476 477 478 479]] [32 [485 486 487 491 492 493 494]] [33 [495 497 498 499 500 501 502 503 504 505 506]] [34 [512 514 515 516 518 521 524]] [35 [525 527 528 531 536 538 539]] [36 [540 541 544 545 546 547 553 554]] [37 [556 558 560 561 564 565 567 569]] [38 [570 572 573 581]] [39 [588 590 591 592 593 594 596 597]] [40 [600 601 602 603 606 609 610 612]] [41 [615 616 617 618 619 622 624 626 627 628]] [42 [631 635 636 637 638 640 641 642 643 644]] [43 [646 647 648 649 655 657 658 659]] [44 [660 661 662 664 667 668 670 672]] [45 [676 677 680 681 685 686 687 688]] [46 [690 693 694 695 696 697 699 702 703 704]] [47 [706 707 708 712 713 714 717 718]] [48 [721 722 723 724 725 726 727 729 732 734]] [49 [736 738 739 741 742 743 745 746 747 748 749]] [50 [750 751 752 753 754 755 756 757 761 763 764]] [51 [767 770 771 774 775 776 777]] [52 [781 782 783 785 788 789 790 791 793 794]] [53 [796 797 800 801 802 803 805 807 808 809]] [54 [812 814 816 822 823 824]] [55 [826 827 828 832 836 838]] [56 [841 842 843 845 848 849 851 852 854]] [57 [855 859 860 861 863 864 865 866 867 868 869]] [58 [870 871 874 876 880 881]] [59 [890 894 896 899]] [60 [900 902 903 905 907 909 910 912 913]] [61 [915 917 919 921 922 923 925 928 929]] [62 [931 933 934 936 937 938 939 940 941]] [63 [947 950 955 956 959]] [64 [964 966 968 970 971 972 973]] [65 [976 978 979 982 985 986 987 988]] [66 [991 993 994 995 996 998 1002 1003 1004]] [67 [1005 1006 1007 1009 1011 1012 1013 1014 1015 1016]] [68 [1020 1021 1022 1023 1024 1030 1031 1032 1034]] [69 [1035 1040 1042 1043 1044 1045 1046 1047 1049]] [70 [1051 1052 1055 1056 1059 1060 1063 1064]] [71 [1065 1066 1070 1072 1073 1074 1076 1078]] [72 [1081 1083 1084 1085 1087 1089 1093]] [73 [1096 1097 1098 1099 1102 1105 1107 1109]] [74 [1110 1113 1115 1116 1118 1119 1121 1122]] [75 [1126 1128 1130 1132 1133 1136 1138 1139]] [76 [1142 1144 1147 1148 1150 1151 1152 1153 1154]] [77 [1155 1157 1158 1159 1160 1163 1165 1167]] [78 [1171 1172 1174 1175 1179 1181 1182 1184]] [79 [1186 1188 1190 1191 1192 1195 1196 1198 1199]] [80 [1200 1201 1202 1207 1209 1210 1212 1213]] [81 [1216 1218 1220 1223 1224 1225 1228 1229]] [82 [1231 1232 1233 1235 1236 1237 1238 1239 1241 1242 1243]] [83 [1246 1248 1251 1252 1253 1254 1255 1256 1257 1258 1259]] [84 [1261 1265 1266 1267 1268 1269 1271]] [85 [1276 1279 1283 1284 1289]] [86 [1291 1292 1293 1295 1296 1297 1299 1301 1302 1303]] [87 [1305 1306 1307 1311 1312 1315 1316 1318]] [88 [1320 1321 1325 1327 1328 1329 1330 1331 1332 1333]] [89 [1335 1336 1337 1338 1347 1349]] [90 [1350 1352 1354 1356 1357 1363]] [91 [1371 1372 1373 1379]] [92 [1381 1384 1385 1388 1389 1390]] [93 [1396 1397 1401 1402 1403 1404 1409]] [94 [1412 1413 1414 1415 1416 1417 1418 1422 1424]] [95 [1426 1427 1428 1430 1431 1433 1434 1436 1437]] [96 [1441 1442 1443 1444 1446 1448 1450 1451 1452 1454]] [97 [1456 1457 1458 1460 1462 1465 1467 1468]] [98 [1473 1474 1475 1476 1477 1478 1482 1483 1484]] [99 [1485 1486 1487 1488 1490 1491 1493 1494 1496 1497]]]",,"[[{media 51} [[""A"" [4 4]]]] [{media 52} [[""A"" [0 0]]]] [{media 53} [[""A"" [1 1]]]] [{media 58} [[""A"" [1 1]]]] [{media 60} [[""A"" [2 2]]]] [{media 61} [[""A"" [3 3]]]] [{media 62} [[""A"" [1 1]]]] [{media 64} [[""A"" [1 1]]]] [{citizen 0} [[""A"" [1 3]]]] [{citizen 3} [[""A"" [3 1]]]] [{citizen 8} [[""A"" [3 1]]]] [{media 56} [[""A"" [1 1]]]] [{media 50} [[""A"" [3 3]]]] [{citizen 5} [[""A"" [5 5]]]] [{media 63} [[""A"" [5 5]]]] [{media 57} [[""A"" [5 5]]]] [{media 59} [[""A"" [0 0]]]] [{citizen 7} [[""A"" [1 5]]]] [{media 55} [[""A"" [3 3]]]] [{citizen 4} [[""A"" [5 3]]]] [{media 54} [[""A"" [4 4]]]] [{citizen 19} [[""A"" [2 5]]]] [{citizen 1} [[""A"" [4 4]]]] [{citizen 32} [[""A"" [5 3]]]] [{citizen 20} [[""A"" [5 4]]]] [{citizen 25} [[""A"" [5 5]]]] [{citizen 35} [[""A"" [1 1]]]] [{citizen 14} [[""A"" [4 4]]]] [{citizen 11} [[""A"" [5 4]]]] [{citizen 13} [[""A"" [5 4]]]] [{citizen 22} [[""A"" [1 3]]]] [{citizen 42} [[""A"" [0 2]]]] [{citizen 41} [[""A"" [3 1]]]] [{citizen 10} [[""A"" [3 4]]]] [{citizen 31} [[""A"" [1 1]]]] [{citizen 6} [[""A"" [3 4]]]] [{citizen 23} [[""A"" [5 3]]]] [{citizen 38} [[""A"" [5 5]]]] [{citizen 26} [[""A"" [5 4]]]] [{citizen 49} [[""A"" [2 5]]]] [{citizen 12} [[""A"" [3 4]]]] [{citizen 16} [[""A"" [2 5]]]] [{citizen 18} [[""A"" [3 4]]]] [{citizen 46} [[""A"" [5 3]]]] [{citizen 9} [[""A"" [0 1]]]] [{citizen 33} [[""A"" [3 1]]]] [{citizen 24} [[""A"" [3 1]]]] [{citizen 34} [[""A"" [2 3]]]] [{citizen 21} [[""A"" [3 4]]]] [{citizen 40} [[""A"" [5 3]]]] [{citizen 17} [[""A"" [5 3]]]] [{citizen 15} [[""A"" [1 1]]]] [{citizen 39} [[""A"" [5 3]]]] [{citizen 30} [[""A"" [1 1]]]] [{citizen 27} [[""A"" [3 1]]]] [{citizen 43} [[""A"" [5 3]]]] [{citizen 37} [[""A"" [1 4]]]] [{citizen 47} [[""A"" [5 1]]]] [{citizen 48} [[""A"" [5 4]]]] [{citizen 2} [[""A"" [5 4]]]] [{citizen 45} [[""A"" [5 3]]]] [{citizen 44} [[""A"" [1 3]]]] [{citizen 28} [[""A"" [5 4]]]] [{citizen 36} [[""A"" [4 4]]]]]"
"30","[213 0 42]","67.5","9.492099413890466","3.710356696408501","""circle""","""""","9.9","{breed citizens}","false","0.5","1","""up""",,"[[""ID"" 35] [""alpha"" 1] [""beta"" 1] [""malleable"" [""A""]] [""prior"" []] [""cont_tokens"" []] [""A"" 1]]","[[0 [0 1 2 3 4 5 6 7 8 9 10 11 12]] [1 [15 16 18 19 20 21 22 23 24 25 26 27 28]] [2 [30 32 33 34 35 36 37 39 40 41 42 43 44]] [3 [45 46 47 48 49 50 54 55 56 57 58 59]] [4 [60 61 62 63 64 65 66 67 68 69 70 71 72 73 74]] [5 [75 76 77 78 79 81 83 84 85 86 87 88 89]] [6 [90 91 92 93 94 95 96 97 98 99 100 101 102 103 104]] [7 [105 106 107 108 109 110 111 112 113 114 115 116 117 118 119]] [8 [120 121 122 123 124 125 126 127 128 130 131 132 133 134]] [9 [135 136 137 138 142 143 144 145 146 147 149]] [10 [150 151 152 153 154 155 156 157 158 159 160 161 162 163 164]] [11 [165 166 167 168 169 170 171 172 173 174 175 176 177 178 179]] [12 [180 181 182 183 184 185 186 187 188 189 190 191 192 193 194]] [13 [197 198 199 200 201 202 206 207 208 209]] [14 [210 211 212 213 214 215 216 217 218 219 220 221 222 223 224]] [15 [225 226 227 228 229 230 231 232 233 234 235 236 238 239]] [16 [240 241 242 244 245 246 249 250 252 253 254]] [17 [255 256 257 258 259 260 261 262 263 264 265 266 267 268 269]] [18 [270 271 272 273 274 275 276 277 278 279 280 281 282 283 284]] [19 [285 286 287 288 289 290 291 292 293 294 295 296 297 298 299]] [20 [300 301 302 303 304 305 306 307 308 309 310 311 312 313 314]] [21 [315 316 317 318 319 320 321 322 323 324 325 326 327 328 329]] [22 [330 331 332 333 334 335 336 337 338 339 340 341 342 343 344]] [23 [345 346 347 348 349 351 352 353 354 355 356 357 358 359]] [24 [360 361 362 363 364 365 366 367 368 369 370 371 372 373 374]] [25 [375 376 377 378 379 380 381 382 383 384 385 386 387 388 389]] [26 [390 391 392 393 394 395 396 397 398 399 400 401 402 403 404]] [27 [405 406 407 408 409 410 411 412 413 414 415 416 417 418 419]] [28 [420 422 423 424 425 427 428 429 430 433 434]] [29 [435 436 437 438 440 441 442 443 444 445 446 448 449]] [30 [450 451 452 453 454 455 456 457 458 459 460 461 462 463 464]] [31 [465 466 467 468 469 470 471 472 473 474 475 476 477 478 479]] [32 [480 481 482 483 484 485 486 487 489 490 491 492 493 494]] [33 [495 497 498 499 500 501 502 503 504 505 506]] [34 [510 511 512 513 514 515 516 517 518 519 520 521 522 523 524]] [35 [525 526 527 528 529 530 531 532 533 534 535 536 537 538 539]] [36 [540 541 542 544 545 546 547 548 549 550 551 553 554]] [37 [555 556 557 558 559 560 561 562 563 564 565 566 567 568 569]] [38 [570 571 572 573 574 575 576 577 578 580 581 582 583 584]] [39 [585 586 587 588 589 590 591 592 593 594 595 596 597 598 599]] [40 [600 601 602 603 604 605 606 607 608 609 610 611 612 613 614]] [41 [615 616 617 618 619 620 621 622 623 624 625 626 627 628 629]] [42 [630 631 632 633 634 635 636 637 638 639 640 641 642 643 644]] [43 [646 647 648 649 650 651 652 654 655 656 657 658 659]] [44 [660 661 662 663 664 665 666 667 668 669 670 671 672 673 674]] [45 [675 676 677 678 679 680 681 682 683 684 685 686 687 688 689]] [46 [690 693 694 695 696 697 699 702 703 704]] [47 [705 706 707 708 710 711 712 713 714 715 716 717 718 719]] [48 [720 722 723 724 725 726 727 728 729 730 731 732 733 734]] [49 [735 736 737 738 739 740 741 742 743 744 745 746 747 748 749]] [50 [750 751 752 753 754 755 756 757 759 760 761 762 763 764]] [51 [765 766 767 768 769 770 771 772 773 774 775 776 777 778 779]] [52 [780 782 783 784 785 786 787 788 789 790 791 793 794]] [53 [795 796 797 798 799 800 801 802 803 804 805 806 807 808 809]] [54 [810 811 812 813 814 816 821 822 823 824]] [55 [825 826 827 828 829 830 831 832 833 836 837 838 839]] [56 [840 841 842 843 844 845 846 847 848 849 850 851 852 853 854]] [57 [855 856 857 858 859 860 861 862 863 864 865 866 867 868 869]] [58 [870 871 873 874 875 876 877 879 880 881 882 883 884]] [59 [885 886 888 890 893 894 895 896 897 898 899]] [60 [900 901 902 903 904 905 906 907 908 909 910 911 912 913 914]] [61 [915 916 917 918 919 920 921 922 923 924 925 926 927 928 929]] [62 [931 933 934 936 937 938 939 940 941 942 943 944]] [63 [945 946 947 948 950 952 953 954 955 956 957 958 959]] [64 [960 961 962 963 964 965 966 967 968 969 970 971 972 973 974]] [65 [975 976 977 978 979 980 981 982 983 984 985 986 987 988 989]] [66 [990 991 992 993 994 995 996 997 998 999 1000 1001 1002 1003 1004]] [67 [1007 1009 1010 1011 1012 1013 1014 1015 1016]] [68 [1020 1021 1022 1023 1024 1030 1031 1032 1034]] [69 [1035 1036 1040 1041 1042 1043 1044 1045 1046 1047 1049]] [70 [1050 1051 1052 1053 1054 1055 1056 1057 1058 1059 1060 1061 1062 1063 1064]] [71 [1065 1066 1067 1068 1069 1070 1072 1073 1074 1076 1078]] [72 [1080 1081 1083 1084 1085 1086 1087 1089 1092 1093 1094]] [73 [1095 1096 1097 1098 1099 1100 1101 1102 1103 1104 1105 1106 1107 1108 1109]] [74 [1110 1111 1112 1113 1114 1115 1116 1117 1118 1119 1120 1121 1122 1123 1124]] [75 [1125 1126 1127 1128 1129 1130 1131 1132 1133 1134 1135 1136 1137 1138 1139]] [76 [1140 1141 1142 1143 1144 1145 1146 1147 1148 1149 1150 1151 1152 1153 1154]] [77 [1155 1156 1157 1158 1159 1160 1161 1162 1163 1164 1165 1166 1167 1168 1169]] [78 [1171 1172 1173 1174 1175 1176 1177 1178 1179 1180 1181 1182 1183 1184]] [79 [1186 1188 1189 1190 1191 1192 1193 1194 1195 1196 1197 1198 1199]] [80 [1200 1201 1202 1205 1207 1209 1210 1211 1212 1213 1214]] [81 [1215 1216 1218 1220 1221 1222 1223 1224 1225 1228 1229]] [82 [1231 1232 1233 1235 1236 1237 1238 1239 1241 1242 1243]] [83 [1246 1247 1248 1250 1251 1252 1253 1254 1255 1256 1257 1258 1259]] [84 [1260 1262 1263 1264 1265 1266 1267 1268 1269 1270 1271 1272 1273 1274]] [85 [1275 1276 1277 1278 1279 1280 1281 1282 1283 1284 1285 1286 1287 1288 1289]] [86 [1290 1291 1292 1293 1294 1295 1296 1297 1298 1299 1300 1301 1302 1303 1304]] [87 [1305 1306 1307 1311 1312 1315 1316 1318 1319]] [88 [1320 1321 1322 1323 1324 1325 1326 1327 1328 1329 1330 1331 1332 1333 1334]] [89 [1335 1336 1337 1338 1339 1340 1341 1342 1343 1347 1348 1349]] [90 [1350 1351 1352 1353 1354 1355 1356 1357 1358 1359 1360 1361 1362 1363 1364]] [91 [1365 1366 1367 1368 1369 1370 1371 1372 1373 1374 1375 1376 1377 1378 1379]] [92 [1380 1381 1382 1383 1386 1387 1389 1390 1391 1392 1393 1394]] [93 [1395 1398 1399 1400 1401 1402 1403 1404 1405 1406 1407 1408 1409]] [94 [1410 1411 1412 1413 1414 1415 1416 1417 1418 1419 1420 1421 1422 1423 1424]] [95 [1425 1426 1427 1428 1429 1430 1431 1432 1433 1434 1435 1436 1437 1438 1439]] [96 [1440 1441 1442 1443 1444 1445 1446 1447 1448 1449 1450 1451 1452 1453 1454]] [97 [1455 1456 1457 1458 1459 1460 1461 1462 1463 1464 1465 1466 1467 1468 1469]] [98 [1470 1471 1472 1473 1474 1475 1476 1477 1478 1479 1480 1481 1482 1483 1484]] [99 [1485 1486 1487 1488 1489 1490 1491 1492 1493 1494 1495 1496 1497 1498 1499]]]","[[0 [0 1 3 4 6 7]] [1 [20 21 22 23 25 26 27 28]] [2 [30 33 34 35 36 39 42 43 44]] [3 [45 47 48 49 50 54 57 58]] [4 [61 62 63 64 65 66 68 69 73 74]] [5 [76 77 78 79 81 87]] [6 [91 92 93 98 100 101 102 103 104]] [7 [105 106 107 110 114 116 118 119]] [8 [121 123 124 126 127 128 131 132 134]] [9 [135 136 138 143 144 145 146 147]] [10 [153 156 157 158 160 161 164]] [11 [167 168 170 171 172 173 176 178 179]] [12 [180 183 184 187 188 189 190]] [13 [197 198 200 201 202 206 208]] [14 [210 213 215 216 218 220 224]] [15 [225 226 228 230 234 235 236 239]] [16 [241 242 244 253 254]] [17 [257 259 260 261 264 267 269]] [18 [272 274 275 278 281 282 283]] [19 [286 287 291 294 295 296 299]] [20 [302 305 306 309 312 313 314]] [21 [315 317 318 320 321 322 325 326 329]] [22 [333 334 335 337 341 342 343 344]] [23 [345 346 348 349 351 352 353 354 355 356 357]] [24 [362 363 364 365 369 370]] [25 [379 381 382 384 385 387 388]] [26 [392 393 396 398 399 400 401 402 404]] [27 [405 406 410 411 412 415 416 418 419]] [28 [420 422 423 424 427 428 429 430 434]] [29 [435 436 437 438 440 441 442]] [30 [450 451 453 455 457 461 464]] [31 [466 467 468 472 473 475 479]] [32 [480 481 482 483 484 485 486 487 491 492 493 494]] [33 [495 497 498 499 500 502]] [34 [510 511 512 514 515 516 518 519 522 523]] [35 [526 529 530 532 533 535 537 538 539]] [36 [540 541 544 546 547 548 554]] [37 [556 558 559 563 566 568 569]] [38 [570 571 574 575 576 578 580 582 583]] [39 [585 586 587 588 590 593 595 598 599]] [40 [602 603 604 606 609 610 612]] [41 [615 616 617 619 620 622 624 626]] [42 [630 632 633 634 639 641 642 643 644]] [43 [646 647 648 650 651 652 654]] [44 [660 661 662 664 667 668 670 671 672 673 674]] [45 [675 677 680 681 686 687 688]] [46 [690 693 694 697 699 703 704]] [47 [706 707 708 710 711 715 719]] [48 [720 723 724 725 726 727 729 732 734]] [49 [736 738 739 741 742 747 749]] [50 [750 751 752 753 754 755 756 757 761 763 764]] [51 [766 767 768 772 773 778 779]] [52 [780 784 786 787 791 793]] [53 [795 796 797 800 801 802 803 805 807 808 809]] [54 [812 813 814 816 823 824]] [55 [825 829 830 831 832 836 837 839]] [56 [840 842 843 845 848 849 850 852 854]] [57 [855 856 859 860 861 863 864 865 866 867 868 869]] [58 [870 871 874 876 880 881]] [59 [886 888 893 895 897 898]] [60 [901 903 904 905 907 908 909 911 912 913]] [61 [915 917 919 921 922 923 925 927 928 929]] [62 [931 933 934 936 937 938 939 940 941]] [63 [947 948 950 955 956 957]] [64 [960 961 963 965 967 968 971 972 973 974]] [65 [975 977 978 979 980 981 983 984 987 988]] [66 [990 991 993 996 998 999 1000 1001]] [67 [1007 1009 1011 1012 1013 1014 1015 1016]] [68 [1020 1021 1022 1023 1024 1030 1031 1034]] [69 [1035 1036 1041 1042 1043 1044 1045 1046 1049]] [70 [1051 1052 1053 1054 1057 1059 1060 1063 1064]] [71 [1065 1066 1070 1072 1073 1074 1076 1078]] [72 [1081 1083 1084 1085 1087 1089 1093]] [73 [1096 1097 1098 1099 1100 1101 1104 1105 1107 1108 1109]] [74 [1110 1111 1113 1114 1117 1120 1122]] [75 [1125 1127 1128 1132 1133 1136 1138 1139]] [76 [1143 1145 1146 1149 1153 1154]] [77 [1155 1157 1158 1159 1160 1163 1165 1167]] [78 [1171 1173 1176 1177 1178 1180 1182 1184]] [79 [1186 1189 1191 1192 1193 1194 1197 1199]] [80 [1200 1201 1202 1207 1209 1211 1212 1213]] [81 [1216 1218 1220 1223 1224 1225 1228 1229]] [82 [1231 1232 1233 1235 1236 1238 1239 1241 1242 1243]] [83 [1246 1248 1251 1252 1253 1254 1255]] [84 [1260 1262 1263 1264 1265 1266 1267 1268 1269 1270 1272 1273 1274]] [85 [1278 1279 1283 1284 1287 1288 1289]] [86 [1292 1293 1295 1296 1297 1299 1304]] [87 [1307 1311 1312 1315]] [88 [1322 1323 1324 1325 1328 1329 1330 1331 1332 1333]] [89 [1335 1336 1339 1340 1341 1343 1347 1349]] [90 [1350 1351 1353 1355 1358 1359 1361 1364]] [91 [1365 1367 1368 1369 1370 1372 1376]] [92 [1380 1381 1383 1386 1387 1392 1393 1394]] [93 [1395 1398 1399 1400 1401 1404 1409]] [94 [1412 1413 1414 1415 1419 1420 1421 1422 1424]] [95 [1426 1427 1428 1430 1432 1438]] [96 [1440 1444 1446 1448 1450 1452 1453]] [97 [1455 1458 1459 1460 1462 1465 1467 1468 1469]] [98 [1471 1472 1475 1476 1478 1480 1482 1483 1484]] [99 [1485 1486 1487 1488 1489 1490 1491 1493 1494 1497]]]",,"[[{media 55} [[""A"" [3 3]]]] [{media 56} [[""A"" [1 1]]]] [{media 57} [[""A"" [5 5]]]] [{media 63} [[""A"" [5 5]]]] [{media 60} [[""A"" [2 2]]]] [{citizen 0} [[""A"" [1 3]]]] [{citizen 18} [[""A"" [3 4]]]] [{citizen 8} [[""A"" [3 2]]]] [{media 61} [[""A"" [3 3]]]] [{media 53} [[""A"" [1 1]]]] [{media 50} [[""A"" [3 3]]]] [{media 52} [[""A"" [0 0]]]] [{citizen 3} [[""A"" [3 1]]]] [{media 59} [[""A"" [0 0]]]] [{media 58} [[""A"" [1 1]]]] [{media 62} [[""A"" [1 1]]]] [{citizen 7} [[""A"" [3 5]]]] [{media 64} [[""A"" [1 1]]]] [{citizen 1} [[""A"" [2 4]]]] [{citizen 19} [[""A"" [3 2]]]] [{citizen 32} [[""A"" [5 3]]]] [{citizen 48} [[""A"" [3 5]]]] [{citizen 9} [[""A"" [3 1]]]] [{citizen 39} [[""A"" [3 5]]]] [{citizen 20} [[""A"" [2 2]]]] [{citizen 25} [[""A"" [2 5]]]] [{citizen 35} [[""A"" [3 1]]]] [{citizen 37} [[""A"" [3 5]]]] [{citizen 13} [[""A"" [3 5]]]] [{citizen 22} [[""A"" [3 3]]]] [{citizen 42} [[""A"" [0 2]]]] [{citizen 41} [[""A"" [3 1]]]] [{citizen 10} [[""A"" [2 3]]]] [{citizen 31} [[""A"" [2 3]]]] [{citizen 4} [[""A"" [3 5]]]] [{citizen 6} [[""A"" [5 3]]]] [{citizen 14} [[""A"" [1 4]]]] [{citizen 26} [[""A"" [2 2]]]] [{citizen 38} [[""A"" [5 5]]]] [{citizen 49} [[""A"" [2 4]]]] [{citizen 12} [[""A"" [1 3]]]] [{citizen 17} [[""A"" [4 3]]]] [{citizen 15} [[""A"" [1 1]]]] [{citizen 43} [[""A"" [5 3]]]] [{citizen 11} [[""A"" [2 4]]]] [{citizen 23} [[""A"" [5 3]]]] [{citizen 34} [[""A"" [3 2]]]] [{citizen 44} [[""A"" [2 3]]]] [{citizen 16} [[""A"" [2 2]]]] [{citizen 46} [[""A"" [3 3]]]] [{citizen 2} [[""A"" [3 5]]]] [{citizen 33} [[""A"" [3 1]]]] [{citizen 24} [[""A"" [2 1]]]] [{citizen 5} [[""A"" [2 5]]]] [{citizen 21} [[""A"" [2 3]]]] [{citizen 40} [[""A"" [3 5]]]] [{citizen 29} [[""A"" [2 3]]]] [{citizen 47} [[""A"" [1 2]]]] [{citizen 45} [[""A"" [3 5]]]] [{citizen 27} [[""A"" [5 3]]]] [{media 54} [[""A"" [4 4]]]] [{citizen 28} [[""A"" [2 5]]]] [{media 51} [[""A"" [4 4]]]] [{citizen 36} [[""A"" [5 4]]]]]"
"31","[213 0 42]","25.71428571428571","7.079968537745257","13.185230745248646","""circle""","""""","9.9","{breed citizens}","false","0.5","1","""up""",,"[[""ID"" 47] [""alpha"" 1] [""beta"" 1] [""malleable"" [""A""]] [""prior"" []] [""cont_tokens"" []] [""A"" 1]]","[[0 [0 1 2 3 4 5 6 7 8 11 12 13 14]] [1 [15 16 17 18 19 20 21 22 23 24 25 26 27 28 29]] [2 [30 31 32 33 34 35 36 37 38 39 40 41 42 43 44]] [3 [45 46 47 48 49 50 52 53 54 55 56 57 58 59]] [4 [60 61 62 63 64 65 66 67 68 69 70 71 72 73 74]] [5 [75 76 77 78 79 80 81 82 83 84 85 86 87 88 89]] [6 [91 92 93 94 95 96 97 98 99 100 101 102 103 104]] [7 [105 106 107 108 109 110 111 112 113 114 115 116 117 118 119]] [8 [120 121 122 123 124 125 126 127 128 129 130 131 132 133 134]] [9 [135 136 137 138 139 140 141 142 143 144 145 146 147 149]] [10 [150 151 152 153 154 155 156 157 158 159 160 161 162 163 164]] [11 [165 166 167 168 169 170 171 172 173 174 175 176 177 178 179]] [12 [180 181 182 183 184 185 186 187 188 189 190 191 192 193 194]] [13 [195 196 203 204 205 207 208]] [14 [210 211 212 213 214 215 216 217 218 219 220 221 222 223 224]] [15 [225 226 227 228 229 230 231 232 233 234 235 236 237 238 239]] [16 [240 241 242 244 245 246 249 250 252 253 254]] [17 [255 256 257 258 259 260 261 262 263 264 265 266 267 268 269]] [18 [271 272 273 274 275 276 277 278 279 280 281 282 283 284]] [19 [285 286 287 288 289 290 291 292 293 294 295 296 297 298 299]] [20 [300 301 302 303 304 305 306 307 308 309 310 311 312 313 314]] [21 [315 316 317 318 319 320 321 322 323 324 325 326 327 328 329]] [22 [331 332 333 334 335 336 337 338 339 340 341 342 343 344]] [23 [345 346 347 348 349 350 351 352 353 354 355 356 357 358 359]] [24 [360 366 367 368 371 372 373 374]] [25 [375 376 377 378 380 383 384 385 386 387 388 389]] [26 [390 391 392 393 394 395 396 397 398 399 400 401 402 403 404]] [27 [405 406 407 408 409 410 411 412 413 414 415 416 417 418 419]] [28 [420 422 423 424 425 427 428 429 430 433 434]] [29 [435 436 437 438 440 441 442 443 444 445 446 448 449]] [30 [450 451 452 453 454 455 456 457 458 459 460 461 462 463 464]] [31 [465 466 467 468 469 470 471 472 473 474 475 476 477 478 479]] [32 [480 481 482 483 484 485 486 487 488 489 490 491 492 493 494]] [33 [495 497 498 499 500 501 502 503 504 505 506]] [34 [510 511 512 513 514 515 516 518 519 520 521 522 523 524]] [35 [526 527 528 529 530 531 532 533 534 535 536 537 538 539]] [36 [540 541 542 544 545 546 547 548 549 550 551 553 554]] [37 [556 558 559 560 561 562 563 564 565 566 567 568 569]] [38 [570 571 572 573 574 575 576 577 578 580 581 582 583 584]] [39 [585 586 587 588 589 590 591 592 593 594 595 596 597 598 599]] [40 [600 601 602 603 604 605 606 607 608 609 610 611 612 613 614]] [41 [615 616 617 618 619 620 621 622 623 624 625 626 627 628 629]] [42 [630 631 632 633 634 635 636 637 638 639 640 641 642 643 644]] [43 [645 646 647 648 649 650 651 652 653 654 655 656 657 658 659]] [44 [660 661 662 663 664 665 666 667 668 669 670 671 672 673 674]] [45 [675 676 677 678 679 680 681 682 683 684 685 686 687 688 689]] [46 [690 693 694 695 696 697 699 702 703 704]] [47 [705 706 707 708 710 711 712 713 714 715 716 717 718 719]] [48 [720 721 722 723 724 725 726 727 728 729 730 731 732 733 734]] [49 [735 736 737 738 739 740 741 742 743 744 745 746 747 748 749]] [50 [750 751 752 753 754 755 756 757 759 760 761 762 763 764]] [51 [765 766 767 768 769 770 771 772 773 774 775 776 777 778 779]] [52 [780 781 782 783 784 785 786 787 788 789 790 791 792 793 794]] [53 [795 796 797 798 799 800 801 802 803 804 805 807 808 809]] [54 [810 811 812 813 814 816 821 822 823 824]] [55 [825 826 827 828 829 830 831 832 833 836 837 838 839]] [56 [840 841 842 843 844 845 848 849 850 851 852 853 854]] [57 [855 856 859 860 861 863 864 865 866 867 868 869]] [58 [870 871 873 874 875 876 877 879 880 881 882 883 884]] [59 [885 886 888 890 893 894 895 896 897 898 899]] [60 [900 901 902 903 904 905 906 907 908 909 910 911 912 913 914]] [61 [915 916 917 918 919 920 921 922 923 924 925 926 927 928 929]] [62 [931 933 934 936 937 938 939 940 941 942 943 944]] [63 [945 946 947 948 949 950 951 952 953 954 955 956 957 958 959]] [64 [960 961 962 963 964 965 966 967 968 969 970 971 972 973 974]] [65 [975 976 977 978 979 980 981 982 983 984 985 986 987 988 989]] [66 [990 991 992 993 994 995 996 997 998 999 1000 1001 1002 1003 1004]] [67 [1005 1006 1007 1008 1009 1010 1011 1012 1013 1014 1015 1016]] [68 [1020 1021 1022 1023 1024 1030 1031 1032 1034]] [69 [1035 1036 1040 1041 1042 1043 1044 1045 1046 1047 1049]] [70 [1050 1051 1052 1053 1054 1055 1056 1057 1058 1059 1060 1061 1062 1063 1064]] [71 [1065 1066 1067 1068 1069 1070 1071 1072 1073 1074 1075 1076 1077 1078 1079]] [72 [1080 1081 1083 1084 1085 1086 1087 1089 1092 1093 1094]] [73 [1095 1096 1097 1098 1099 1100 1101 1102 1103 1104 1105 1107 1108 1109]] [74 [1110 1111 1112 1113 1114 1115 1116 1117 1118 1119 1120 1121 1122 1123 1124]] [75 [1125 1126 1127 1128 1129 1130 1131 1132 1133 1134 1135 1136 1137 1138 1139]] [76 [1140 1141 1144 1145 1146 1147 1148 1149 1150 1151 1152 1153 1154]] [77 [1155 1156 1157 1158 1159 1160 1161 1162 1163 1164 1165 1166 1167 1168 1169]] [78 [1171 1172 1173 1174 1175 1176 1177 1178 1179 1180 1181 1182 1183 1184]] [79 [1186 1188 1189 1190 1191 1192 1193 1194 1195 1196 1197 1198 1199]] [80 [1200 1201 1202 1205 1207 1209 1210 1211 1212 1213 1214]] [81 [1215 1216 1217 1218 1219 1220 1221 1222 1223 1224 1225 1226 1227 1228 1229]] [82 [1231 1232 1233 1235 1236 1237 1238 1239 1241 1242 1243]] [83 [1246 1247 1248 1250 1251 1252 1253 1254 1255 1256 1257 1258 1259]] [84 [1261 1264 1265 1266 1267 1268 1269 1270 1271 1272 1273 1274]] [85 [1275 1276 1277 1278 1279 1280 1281 1282 1283 1284 1285 1286 1287 1288 1289]] [86 [1290 1291 1292 1293 1294 1295 1296 1297 1299 1300 1301 1302 1303 1304]] [87 [1305 1306 1307 1308 1309 1310 1311 1312 1313 1314 1315 1316 1317 1318 1319]] [88 [1320 1321 1324 1325 1327 1328 1329 1330 1331 1332 1333]] [89 [1335 1336 1337 1338 1339 1340 1341 1342 1343 1347 1348 1349]] [90 [1350 1351 1352 1353 1354 1355 1356 1357 1358 1359 1360 1361 1362 1363 1364]] [91 [1365 1366 1367 1368 1369 1370 1371 1372 1373 1374 1375 1376 1377 1378 1379]] [92 [1380 1381 1382 1383 1384 1385 1386 1387 1388 1389 1390 1391 1392 1393 1394]] [93 [1395 1398 1399 1400 1401 1402 1403 1404 1405 1406 1407 1408 1409]] [94 [1412 1413 1414 1415 1416 1417 1418 1419 1420 1421 1422 1423 1424]] [95 [1425 1426 1427 1428 1429 1430 1431 1432 1433 1434 1435 1436 1437 1438 1439]] [96 [1440 1441 1442 1443 1444 1445 1446 1447 1448 1449 1450 1451 1452 1453 1454]] [97 [1455 1456 1457 1458 1459 1460 1461 1462 1463 1464 1465 1466 1467 1468 1469]] [98 [1470 1471 1472 1473 1474 1475 1476 1477 1478 1479 1480 1481 1482 1483 1484]] [99 [1485 1486 1487 1488 1489 1490 1491 1492 1493 1494 1495 1496 1497 1498 1499]]]","[[0 [0 1 3 4 11 13 14]] [1 [17 19 22 23 25 27 28]] [2 [30 32 33 34 35 36 39 44]] [3 [45 47 48 49 50 54 56 58]] [4 [61 62 63 64 65 67 70 71 72]] [5 [75 77 78 79 81 83 84 87]] [6 [91 92 93 98 101 102 103 104]] [7 [105 106 107 108 109 111 113 115 117]] [8 [120 122 124 126 127 128 131 132 134]] [9 [135 136 137 138 144 145 146 149]] [10 [150 152 154 155 156 157 158 159 164]] [11 [165 170 171 172 173 174 175 177 179]] [12 [181 182 183 184 191 192 193 194]] [13 [195 196 203 205 207 208]] [14 [210 213 217 218 220 224]] [15 [225 226 227 229 231 233 238 239]] [16 [241 242 244 249 250 252 253 254]] [17 [256 257 258 260 262 263 265 267 269]] [18 [271 272 274 275 278 279 281 282 283 284]] [19 [285 286 287 291 294 295 296 299]] [20 [302 305 306 309 312]] [21 [316 317 318 320 321 322 325 326 329]] [22 [333 334 335 338 339 340]] [23 [346 348 349 351 358 359]] [24 [360 366 367 368 371 373 374]] [25 [375 376 377 378 380 383 384 385 387 388 389]] [26 [390 391 393 394 395 397 399 401 402 404]] [27 [405 406 411 413 414 417 418 419]] [28 [420 422 423 424 427 428 429 430 434]] [29 [435 436 437 438 440 441 442 444 446 448 449]] [30 [454 456 458 459 460 462 463 464]] [31 [466 467 468 471 473 474 476]] [32 [481 482 483 484 485 486 487 491 492 493 494]] [33 [495 498 499 500 503 504 505 506]] [34 [512 514 515 516 518 519 522 523]] [35 [526 527 528 531 536 537 538 539]] [36 [540 541 544 546 547 548 549 550 551 553 554]] [37 [556 560 561 564 565 567 569]] [38 [570 572 573 575 576 578 580 582 583]] [39 [585 586 587 588 591 592 593 595 598 599]] [40 [602 603 604 606 609 610 612]] [41 [615 616 617 619 620 621 622 624 626 627 628]] [42 [631 635 636 637 638 640 641 642]] [43 [647 648 650 651 652 654]] [44 [660 661 662 664 667 668 670 673 674]] [45 [675 676 677 680 681 686 687 688]] [46 [690 693 694 695 696 697 699 704]] [47 [706 708 712 713 714 717 718]] [48 [721 722 723 724 725 726 727 729 732 734]] [49 [736 738 739 741 742 743 745 746 747 749]] [50 [750 751 752 753 754 755 756 757 759 760 761 763]] [51 [765 769 770 772 773 779]] [52 [780 784 787 791 793 794]] [53 [795 796 797 800 801 802 803 805 807 808 809]] [54 [812 813 814 816 822 823 824]] [55 [825 829 830 831 832 836 839]] [56 [840 842 843 845 848 849 851 852 854]] [57 [855 856 859 860 861 863 864 866 867 868 869]] [58 [870 871 874 876 880 881]] [59 [888 893 895 897 898]] [60 [901 904 906 908 909 910 912 913]] [61 [915 917 919 921 922 923 925 926 927 928 929]] [62 [931 933 934 936 937 939 940 942 943]] [63 [945 946 947 948 955 956 957]] [64 [960 961 963 964 966 968 970 971 973 974]] [65 [975 977 978 979 980 981 983 984 987 988]] [66 [990 991 993 996 998 999 1000 1001]] [67 [1007 1009 1011 1012 1013 1014 1015 1016]] [68 [1020 1021 1022 1023 1024 1031 1034]] [69 [1035 1036 1041 1045 1046]] [70 [1050 1053 1054 1057 1059 1060 1062]] [71 [1065 1066 1070 1072 1073 1074 1076 1078]] [72 [1081 1083 1084 1085 1086 1087 1089 1092 1094]] [73 [1095 1100 1101 1104 1105 1107 1108 1109]] [74 [1110 1113 1114 1117 1120 1122 1123 1124]] [75 [1125 1126 1127 1128 1130 1132 1134 1135 1137]] [76 [1140 1141 1147 1148 1150 1151 1152 1153 1154]] [77 [1155 1157 1159 1160 1163 1165 1167]] [78 [1171 1173 1176 1177 1178 1179 1181 1182 1184]] [79 [1186 1188 1190 1191 1192 1195 1196 1198 1199]] [80 [1200 1201 1202 1207 1209 1210 1214]] [81 [1215 1216 1218 1220 1222 1223 1224 1225 1228 1229]] [82 [1231 1232 1236 1238 1239 1241 1242 1243]] [83 [1246 1248 1251 1252 1253 1254 1256 1257 1258 1259]] [84 [1261 1264 1265 1266 1267 1268 1269 1270 1272 1273 1274]] [85 [1277 1278 1280 1282 1285 1286 1287 1288]] [86 [1290 1291 1292 1293 1295 1296 1297 1299 1301 1302 1303]] [87 [1305 1306 1307 1311 1312 1315 1316 1318 1319]] [88 [1320 1321 1324 1325 1328 1329 1331 1332 1333]] [89 [1335 1336 1340 1341 1342 1343 1347 1349]] [90 [1350 1352 1354 1356 1357 1362]] [91 [1365 1367 1368 1369 1370 1372 1373 1374 1375 1377 1378 1379]] [92 [1380 1381 1383 1386 1387 1391 1392 1394]] [93 [1395 1398 1399 1400 1401 1402 1403 1404 1409]] [94 [1412 1413 1415 1417 1418 1422 1424]] [95 [1426 1427 1428 1430 1432 1438 1439]] [96 [1440 1444 1446 1448 1450 1452 1454]] [97 [1456 1457 1459 1460 1462 1465 1467 1468 1469]] [98 [1470 1471 1472 1475 1476 1477 1478 1482 1483 1484]] [99 [1485 1486 1487 1488 1490 1491 1493 1494 1497]]]",,"[[{media 50} [[""A"" [3 3]]]] [{media 54} [[""A"" [4 4]]]] [{media 55} [[""A"" [3 3]]]] [{media 56} [[""A"" [1 1]]]] [{media 57} [[""A"" [5 5]]]] [{media 59} [[""A"" [0 0]]]] [{media 63} [[""A"" [5 5]]]] [{media 60} [[""A"" [2 2]]]] [{citizen 0} [[""A"" [1 4]]]] [{citizen 10} [[""A"" [4 4]]]] [{media 61} [[""A"" [3 3]]]] [{citizen 17} [[""A"" [2 3]]]] [{media 53} [[""A"" [1 1]]]] [{citizen 20} [[""A"" [4 4]]]] [{media 52} [[""A"" [0 0]]]] [{citizen 3} [[""A"" [3 1]]]] [{media 64} [[""A"" [1 1]]]] [{media 51} [[""A"" [4 4]]]] [{citizen 12} [[""A"" [4 4]]]] [{citizen 15} [[""A"" [1 1]]]] [{media 62} [[""A"" [1 1]]]] [{citizen 7} [[""A"" [5 4]]]] [{citizen 19} [[""A"" [1 2]]]] [{citizen 1} [[""A"" [4 4]]]] [{citizen 32} [[""A"" [3 5]]]] [{citizen 48} [[""A"" [5 4]]]] [{citizen 27} [[""A"" [5 3]]]] [{citizen 41} [[""A"" [3 1]]]] [{citizen 25} [[""A"" [1 5]]]] [{citizen 35} [[""A"" [1 1]]]] [{citizen 37} [[""A"" [4 4]]]] [{citizen 8} [[""A"" [5 3]]]] [{citizen 9} [[""A"" [3 1]]]] [{citizen 33} [[""A"" [3 1]]]] [{citizen 14} [[""A"" [4 4]]]] [{citizen 11} [[""A"" [4 4]]]] [{citizen 5} [[""A"" [5 5]]]] [{citizen 34} [[""A"" [2 3]]]] [{citizen 23} [[""A"" [5 3]]]] [{citizen 38} [[""A"" [4 5]]]] [{citizen 26} [[""A"" [5 4]]]] [{citizen 4} [[""A"" [2 5]]]] [{citizen 45} [[""A"" [3 5]]]] [{citizen 13} [[""A"" [4 4]]]] [{citizen 22} [[""A"" [1 1]]]] [{citizen 42} [[""A"" [0 2]]]] [{citizen 49} [[""A"" [3 2]]]] [{citizen 16} [[""A"" [5 4]]]] [{citizen 18} [[""A"" [4 4]]]] [{citizen 46} [[""A"" [2 3]]]] [{citizen 30} [[""A"" [1 1]]]] [{citizen 2} [[""A"" [4 4]]]] [{citizen 24} [[""A"" [1 4]]]] [{citizen 6} [[""A"" [4 4]]]] [{citizen 21} [[""A"" [3 4]]]] [{citizen 40} [[""A"" [5 4]]]] [{citizen 43} [[""A"" [3 4]]]] [{media 58} [[""A"" [1 1]]]] [{citizen 39} [[""A"" [3 5]]]] [{citizen 47} [[""A"" [1 1]]]] [{citizen 28} [[""A"" [4 4]]]] [{citizen 29} [[""A"" [1 1]]]] [{citizen 44} [[""A"" [3 4]]]] [{citizen 36} [[""A"" [4 4]]]]]"
"32","[213 0 42]","315","-3.011320996104668","4.783992892513367","""circle""","""""","9.9","{breed citizens}","false","0.5","1","""up""",,"[[""ID"" 38] [""alpha"" 1] [""beta"" 1] [""malleable"" [""A""]] [""prior"" []] [""cont_tokens"" []] [""A"" 1]]","[[0 [0 1 2 3 4 5 6 7 8 9 10 11 12 13 14]] [1 [15 16 17 18 19 20 21 22 23 24 25 26 27 28]] [2 [30 31 32 33 34 35 36 37 38 39 40 41 42 43 44]] [3 [45 46 47 48 49 50 51 52 53 54 55 56 57 58 59]] [4 [60 61 62 63 64 65 66 67 68 69 70 71 72 73 74]] [5 [75 76 77 78 79 80 81 82 83 84 85 86 87 88 89]] [6 [90 91 92 93 94 95 96 97 98 99 100 101 102 103 104]] [7 [105 106 107 108 109 110 111 112 113 114 115 116 117 118 119]] [8 [120 121 122 123 124 125 126 127 128 130 131 132 133 134]] [9 [135 136 137 138 139 140 141 142 143 144 145 146 147 149]] [10 [150 151 152 153 154 155 156 157 158 159 160 161 162 163 164]] [11 [165 166 167 168 169 170 171 172 173 174 175 176 177 178 179]] [12 [180 181 182 183 184 185 186 187 188 189 190 191 192 193 194]] [13 [197 198 199 200 201 202 206 207 208 209]] [14 [210 211 212 213 214 215 216 217 218 220 221 222 223 224]] [15 [225 226 227 228 229 230 231 232 233 234 235 236 237 238 239]] [16 [240 241 242 243 244 245 246 247 248 249 250 251 252 253 254]] [17 [255 256 257 258 259 260 261 262 263 264 265 266 267 268 269]] [18 [271 272 273 274 275 276 277 278 279 280 281 282 283 284]] [19 [285 286 287 288 289 290 291 292 293 294 295 296 297 298 299]] [20 [300 301 302 303 304 305 306 307 308 309 310 311 312 313 314]] [21 [315 316 317 318 319 320 321 322 323 324 325 326 327 328 329]] [22 [330 331 332 333 334 335 336 337 338 339 340 341 342 343 344]] [23 [345 346 347 348 349 350 351 352 353 354 355 356 357 358 359]] [24 [360 361 362 363 364 365 366 367 368 369 370 371 372 373 374]] [25 [375 376 377 378 380 383 384 385 386 387 388 389]] [26 [390 391 392 393 394 395 396 397 398 399 400 401 402 403 404]] [27 [405 406 407 408 409 410 411 412 413 414 415 416 417 418 419]] [28 [420 422 423 424 425 427 428 429 430 433 434]] [29 [435 436 437 438 440 441 442 443 444 445 446 448 449]] [30 [450 451 452 453 454 455 456 457 458 459 460 461 462 463 464]] [31 [465 466 467 468 469 470 471 472 473 474 475 476 477 478 479]] [32 [480 481 482 483 484 485 486 487 488 489 490 491 492 493 494]] [33 [495 497 498 499 500 501 502 503 504 505 506]] [34 [510 511 512 513 514 515 516 517 518 519 520 521 522 523 524]] [35 [525 526 527 528 529 530 531 532 533 534 535 536 537 538 539]] [36 [540 541 542 544 545 546 547 548 549 550 551 553 554]] [37 [556 558 559 560 561 562 563 564 565 566 567 568 569]] [38 [570 571 572 573 574 575 576 577 578 580 581 582 583 584]] [39 [585 586 587 588 590 591 592 593 594 595 596 597 598 599]] [40 [600 601 602 603 604 605 606 607 608 609 610 611 612 613 614]] [41 [615 616 617 618 619 620 621 622 623 624 625 626 627 628 629]] [42 [630 631 632 633 634 635 636 637 638 639 640 641 642 643 644]] [43 [645 646 647 648 649 650 651 652 653 654 655 656 657 658 659]] [44 [660 661 662 663 664 665 666 667 668 669 670 671 672 673 674]] [45 [675 676 677 678 679 680 681 682 683 684 685 686 687 688 689]] [46 [690 693 694 695 696 697 699 702 703 704]] [47 [705 706 707 708 710 711 712 713 714 715 716 717 718 719]] [48 [720 721 722 723 724 725 726 727 728 729 730 731 732 733 734]] [49 [735 736 737 738 739 740 741 742 743 744 745 746 747 748 749]] [50 [750 751 752 753 754 755 756 757 759 760 761 762 763 764]] [51 [765 766 767 768 769 770 771 772 773 774 775 776 777 778 779]] [52 [780 782 783 784 785 786 787 788 789 790 791 793 794]] [53 [795 796 797 798 799 800 801 802 803 804 805 806 807 808 809]] [54 [811 812 813 814 816 821 822 823 824]] [55 [825 826 827 828 829 830 831 832 833 836 837 838 839]] [56 [840 841 842 843 844 845 848 849 850 851 852 853 854]] [57 [855 856 857 858 859 860 861 862 863 864 865 866 867 868 869]] [58 [870 871 873 874 875 876 877 879 880 881 882 883 884]] [59 [885 886 888 890 893 894 895 896 897 898 899]] [60 [900 901 902 903 904 905 906 907 908 909 910 911 912 913 914]] [61 [915 916 917 918 919 921 922 923 925 926 927 928 929]] [62 [931 933 934 936 937 938 939 940 941 942 943 944]] [63 [945 946 947 948 950 952 953 954 955 956 958 959]] [64 [960 961 962 963 964 965 966 967 968 969 970 971 972 973 974]] [65 [975 976 977 978 979 980 981 982 983 984 985 986 987 988 989]] [66 [990 991 992 993 994 995 996 997 998 999 1000 1001 1003 1004]] [67 [1005 1006 1007 1008 1009 1010 1011 1012 1013 1014 1015 1016]] [68 [1020 1021 1022 1023 1024 1030 1031 1032 1034]] [69 [1035 1036 1040 1041 1042 1043 1044 1045 1046 1047 1049]] [70 [1050 1051 1052 1053 1054 1055 1056 1057 1058 1059 1060 1061 1062 1063 1064]] [71 [1065 1066 1067 1068 1069 1070 1072 1073 1074 1076 1078]] [72 [1080 1081 1083 1084 1085 1086 1087 1089 1092 1093 1094]] [73 [1095 1096 1097 1098 1099 1100 1101 1102 1103 1104 1105 1106 1107 1108 1109]] [74 [1110 1111 1112 1113 1114 1115 1116 1117 1118 1119 1120 1121 1122 1123 1124]] [75 [1125 1126 1127 1128 1129 1130 1131 1132 1133 1134 1135 1136 1137 1138 1139]] [76 [1140 1141 1142 1143 1144 1145 1146 1147 1148 1149 1150 1151 1152 1153 1154]] [77 [1155 1156 1157 1158 1159 1160 1161 1162 1163 1164 1165 1166 1167 1168 1169]] [78 [1171 1172 1173 1174 1175 1176 1177 1178 1179 1180 1181 1182 1183 1184]] [79 [1186 1188 1189 1190 1191 1192 1193 1194 1195 1196 1197 1198 1199]] [80 [1200 1201 1202 1205 1207 1209 1210 1211 1212 1213 1214]] [81 [1215 1216 1217 1218 1219 1220 1221 1222 1223 1224 1225 1228 1229]] [82 [1231 1232 1233 1235 1236 1237 1238 1239 1241 1242 1243]] [83 [1246 1247 1248 1250 1251 1252 1253 1254 1255 1256 1257 1258 1259]] [84 [1260 1261 1262 1263 1264 1265 1266 1267 1268 1269 1270 1271 1272 1273 1274]] [85 [1275 1276 1277 1278 1279 1280 1281 1282 1283 1284 1285 1287 1288 1289]] [86 [1290 1291 1292 1293 1294 1295 1296 1297 1298 1299 1300 1301 1302 1303 1304]] [87 [1305 1306 1307 1308 1309 1310 1311 1312 1313 1314 1315 1316 1317 1318 1319]] [88 [1320 1321 1322 1323 1324 1325 1326 1327 1328 1329 1330 1331 1332 1333 1334]] [89 [1335 1336 1337 1338 1339 1340 1341 1342 1343 1347 1348 1349]] [90 [1350 1351 1352 1353 1354 1355 1356 1357 1358 1359 1360 1361 1362 1363 1364]] [91 [1365 1366 1367 1368 1369 1370 1371 1372 1373 1374 1375 1376 1377 1378 1379]] [92 [1380 1381 1382 1383 1384 1385 1386 1387 1388 1389 1390 1391 1392 1393 1394]] [93 [1395 1398 1399 1400 1401 1402 1403 1404 1405 1406 1407 1408 1409]] [94 [1410 1411 1412 1413 1414 1415 1416 1417 1418 1419 1420 1421 1422 1423 1424]] [95 [1425 1427 1428 1430 1432 1434 1437 1438 1439]] [96 [1440 1441 1442 1443 1444 1445 1446 1447 1448 1449 1450 1451 1452 1453 1454]] [97 [1455 1456 1457 1458 1459 1460 1462 1465 1467 1468 1469]] [98 [1470 1471 1472 1473 1474 1475 1476 1477 1478 1479 1480 1481 1482 1483 1484]] [99 [1485 1486 1487 1488 1489 1490 1491 1492 1493 1494 1495 1496 1497 1498 1499]]]","[[0 [4 7 11 12]] [1 [15 16 18 19 22 23 25]] [2 [30 32 33 34 35 36 37 39 42 43]] [3 [46 47 48 49 50 54 57 58 59]] [4 [60 64 65 67 70 71 72]] [5 [75 78 79 81 83 84 85 88 89]] [6 [90 94 95 96 97 99 104]] [7 [105 106 107 108 109 111 112 113 115 116 118 119]] [8 [121 123 124 126 127 128 131 132 134]] [9 [135 136 137 138 143 145 146 149]] [10 [150 151 152 154 155 157 158 159 164]] [11 [167 168 169 174 175 177 179]] [12 [180 181 182 183 184 185 186 187 188 189 190]] [13 [197 198 199 200 201 202 206 209]] [14 [211 212 213 217 218 221 223]] [15 [226 228 230 234 235 236]] [16 [240 242 245 246 249 250 252 253 254]] [17 [257 259 261 264 266]] [18 [271 272 274 275 279 281 282 283 284]] [19 [285 286 287 290 292 294 295 296 299]] [20 [302 305 306 309 312 313 314]] [21 [315 318 320 321 322 323 324 327 328]] [22 [330 331 333 334 335 338 339 340]] [23 [346 348 349 351 358 359]] [24 [360 366 367 368 371 373 374]] [25 [375 376 377 378 380 383 384 387 389]] [26 [390 391 393 396 400 401 403 404]] [27 [405 408 409 412 415 416 418 419]] [28 [420 422 423 424 428 433 434]] [29 [435 436 437 438 443 445 446 448]] [30 [450 451 453 455 457 461]] [31 [465 469 470 471 474 476 477 478]] [32 [480 481 482 483 484 485 486 487 491 492 493 494]] [33 [497 498 499 500 502]] [34 [510 511 512 514 515 516 518 520 521 524]] [35 [525 527 528 531 532 533 535 537 538 539]] [36 [540 541 544 545 546 547 548 551 553 554]] [37 [556 558 560 561 564 565 567 569]] [38 [571 574 576 577 581]] [39 [590 593 594 596 597]] [40 [600 601 603 604 606 609 610 612]] [41 [615 616 617 618 620 621 624 626 627 628]] [42 [630 632 633 634 637 638 640 641 642]] [43 [645 649 650 651 652 654 656 657 658 659]] [44 [663 665 666 669 670 671 672 673]] [45 [675 677 680 681 685 686 687 688]] [46 [690 693 694 695 696 697 699 702 703 704]] [47 [706 707 708 710 711 715 716]] [48 [720 722 724 726 727 729 732 734]] [49 [736 738 739 741 742 743 745 746 747 749]] [50 [750 751 752 753 754 755 756 757 761 763]] [51 [765 767 770 771 774 775 776 777 778 779]] [52 [780 784 786 787]] [53 [798 799 806 808 809]] [54 [812 814 816 822 823 824]] [55 [826 827 828 832 833 836 837 839]] [56 [840 841 842 843 845 848 851 852]] [57 [857 858 862 867 868 869]] [58 [870 871 874 876 880 881]] [59 [885 886 888 893 895 897 898]] [60 [901 904 905 907 911 914]] [61 [916 918 922 923 925 926 927 928 929]] [62 [931 933 934 936 937 938 939 940 941]] [63 [947 948 950 953 954 955 956 959]] [64 [962 964 966 968 970 971 972 974]] [65 [975 977 978 979 980 981 983 984 987 988 989]] [66 [990 992 993 994 995 996 997 999 1000 1001]] [67 [1007 1009 1011 1012 1013 1014 1015 1016]] [68 [1020 1021 1022 1023 1024 1030 1031 1032 1034]] [69 [1035 1040 1042 1043 1044 1045 1046]] [70 [1050 1051 1052 1055 1056 1059 1060 1063 1064]] [71 [1065 1066 1070 1072 1073 1076 1078]] [72 [1080 1083 1084 1086 1087 1089 1093]] [73 [1096 1097 1098 1099 1102 1103 1104 1105 1107 1108 1109]] [74 [1110 1115 1116 1118 1119 1121 1122]] [75 [1126 1130 1132 1133 1136 1138 1139]] [76 [1143 1145 1146 1149 1153 1154]] [77 [1155 1156 1157 1159 1160 1161 1162 1163 1165 1167]] [78 [1171 1173 1176 1177 1178 1179 1180 1182 1184]] [79 [1186 1188 1190 1191 1192 1193 1194 1197 1198 1199]] [80 [1200 1201 1202 1207 1209 1211 1212 1213]] [81 [1216 1218 1220 1223 1224 1225 1228 1229]] [82 [1232 1233 1235 1236 1238 1239 1241 1242 1243]] [83 [1246 1248 1251 1252 1253 1254 1255]] [84 [1260 1262 1263 1268 1269 1271]] [85 [1276 1279 1281 1283 1284 1289]] [86 [1291 1292 1293 1295 1296 1297 1299 1303]] [87 [1305 1306 1307 1311 1312 1315]] [88 [1322 1323 1324 1326 1328 1329 1330 1331 1332 1333]] [89 [1335 1336 1339 1340 1342 1343 1347 1349]] [90 [1350 1352 1354 1356 1357 1363]] [91 [1366 1368 1369 1370 1372 1373 1376]] [92 [1380 1381 1383 1386 1387 1392 1394]] [93 [1395 1398 1399 1400 1401 1405 1406 1407 1408]] [94 [1410 1411 1415 1416 1417 1418 1420 1421 1423]] [95 [1425 1428 1430 1432 1438]] [96 [1440 1444 1446 1448 1450 1452 1453]] [97 [1455 1458 1459 1460 1462 1465 1467 1468]] [98 [1471 1472 1475 1477 1478 1482 1483 1484]] [99 [1485 1486 1487 1488 1490 1491 1492 1495 1496 1497]]]",,"[[{media 50} [[""A"" [3 3]]]] [{media 54} [[""A"" [4 4]]]] [{media 55} [[""A"" [3 3]]]] [{media 56} [[""A"" [1 1]]]] [{media 57} [[""A"" [5 5]]]] [{media 59} [[""A"" [0 0]]]] [{media 63} [[""A"" [5 5]]]] [{media 60} [[""A"" [2 2]]]] [{citizen 0} [[""A"" [3 4]]]] [{citizen 3} [[""A"" [1 1]]]] [{citizen 11} [[""A"" [4 4]]]] [{media 61} [[""A"" [3 3]]]] [{citizen 5} [[""A"" [5 5]]]] [{citizen 22} [[""A"" [3 1]]]] [{media 53} [[""A"" [1 1]]]] [{media 52} [[""A"" [0 0]]]] [{citizen 7} [[""A"" [4 4]]]] [{media 58} [[""A"" [1 1]]]] [{media 62} [[""A"" [1 1]]]] [{citizen 4} [[""A"" [5 1]]]] [{media 64} [[""A"" [1 1]]]] [{citizen 1} [[""A"" [4 4]]]] [{media 51} [[""A"" [4 4]]]] [{citizen 19} [[""A"" [5 1]]]] [{citizen 20} [[""A"" [4 4]]]] [{citizen 25} [[""A"" [4 5]]]] [{citizen 35} [[""A"" [1 1]]]] [{citizen 37} [[""A"" [4 4]]]] [{citizen 8} [[""A"" [3 1]]]] [{citizen 9} [[""A"" [1 1]]]] [{citizen 33} [[""A"" [1 1]]]] [{citizen 14} [[""A"" [4 4]]]] [{citizen 13} [[""A"" [4 4]]]] [{citizen 42} [[""A"" [2 1]]]] [{citizen 41} [[""A"" [1 1]]]] [{citizen 10} [[""A"" [4 4]]]] [{citizen 31} [[""A"" [1 1]]]] [{citizen 6} [[""A"" [4 4]]]] [{citizen 23} [[""A"" [3 1]]]] [{citizen 38} [[""A"" [5 1]]]] [{citizen 26} [[""A"" [5 4]]]] [{citizen 49} [[""A"" [3 4]]]] [{citizen 12} [[""A"" [4 4]]]] [{citizen 16} [[""A"" [5 4]]]] [{citizen 18} [[""A"" [4 4]]]] [{citizen 46} [[""A"" [5 3]]]] [{citizen 30} [[""A"" [1 1]]]] [{citizen 2} [[""A"" [4 4]]]] [{citizen 27} [[""A"" [5 3]]]] [{citizen 43} [[""A"" [4 4]]]] [{citizen 15} [[""A"" [1 1]]]] [{citizen 45} [[""A"" [1 0]]]] [{citizen 17} [[""A"" [4 3]]]] [{citizen 48} [[""A"" [5 4]]]] [{citizen 24} [[""A"" [1 4]]]] [{citizen 34} [[""A"" [4 3]]]] [{citizen 21} [[""A"" [4 4]]]] [{citizen 40} [[""A"" [5 4]]]] [{citizen 39} [[""A"" [4 4]]]] [{citizen 29} [[""A"" [1 1]]]] [{citizen 44} [[""A"" [1 4]]]] [{citizen 47} [[""A"" [5 1]]]] [{citizen 28} [[""A"" [4 4]]]] [{citizen 36} [[""A"" [4 4]]]]]"
"33","[213 0 42]","73.92857142857142","8.974592814753912","3.0163575598218357","""circle""","""""","9.9","{breed citizens}","false","0.5","1","""up""",,"[[""ID"" 0] [""alpha"" 1] [""beta"" 1] [""malleable"" [""A""]] [""prior"" []] [""cont_tokens"" []] [""A"" 1]]","[[0 [0 1 2 3 4 5 7 8 9 10 11 12 13 14]] [1 [15 16 18 19 22 23 24 25 26 27 28]] [2 [30 32 33 34 35 36 37 38 39 40 41 42 43 44]] [3 [45 46 47 48 49 50 51 52 53 54 55 56 57 58 59]] [4 [60 61 62 63 64 65 66 67 68 69 70 71 72 73 74]] [5 [75 76 77 78 79 80 81 82 83 84 85 86 87 88 89]] [6 [90 91 92 93 94 95 96 97 98 99 100 101 102 103 104]] [7 [105 106 107 108 109 110 111 112 113 114 115 116 117 118 119]] [8 [120 121 122 123 124 125 126 127 128 130 131 132 133 134]] [9 [135 136 137 138 139 140 141 142 143 144 145 146 147 149]] [10 [150 151 152 153 154 155 156 157 158 159 160 161 162 163 164]] [11 [165 166 167 168 169 170 171 172 173 174 175 176 177 178 179]] [12 [180 181 182 183 184 185 186 187 188 189 190]] [13 [197 198 199 200 201 202 206 207 208 209]] [14 [210 211 212 213 214 215 216 217 218 220 221 222 223 224]] [15 [225 226 227 228 229 230 231 232 233 234 235 236 237 238 239]] [16 [240 241 242 244 245 246 249 250 252 253 254]] [17 [255 256 257 258 259 260 261 262 263 264 265 266 267 269]] [18 [271 272 273 274 275 276 277 278 279 280 281 282 283 284]] [19 [285 286 287 288 289 290 291 292 293 294 295 296 297 298 299]] [20 [300 301 302 303 304 305 306 308 309 310 311 312 313 314]] [21 [315 316 317 318 319 320 321 322 323 324 325 326 327 328 329]] [22 [330 331 332 333 334 335 336 337 338 339 340 341 342 343 344]] [23 [346 347 348 349 350 351 352 353 354 355 356 357 358 359]] [24 [360 361 362 363 364 365 366 367 368 369 370 371 373 374]] [25 [375 376 377 378 380 383 384 385 386 387 388 389]] [26 [390 391 392 393 394 395 396 397 398 399 400 401 402 403 404]] [27 [405 406 407 408 409 410 411 412 413 414 415 416 417 418 419]] [28 [420 422 423 424 425 427 428 429 430 433 434]] [29 [435 436 437 438 440 441 442 443 444 445 446 448 449]] [30 [450 451 452 453 454 455 456 457 458 459 460 461 462 463 464]] [31 [465 466 467 468 469 470 471 472 473 474 475 476 477 478 479]] [32 [480 481 482 483 484 485 486 487 488 489 490 491 492 493 494]] [33 [495 497 498 499 500 501 502 503 504 505 506]] [34 [510 511 512 513 514 515 516 518 519 520 521 522 523 524]] [35 [526 527 528 529 530 531 532 533 534 535 536 537 538 539]] [36 [540 541 542 544 545 546 547 548 549 550 551 553 554]] [37 [556 558 559 560 561 562 563 564 565 566 567 568 569]] [38 [570 571 572 573 574 575 576 577 578 580 581 582 583 584]] [39 [585 586 587 588 589 590 591 592 593 594 595 596 597 598 599]] [40 [600 601 602 603 604 606 607 608 609 610 611 612 613 614]] [41 [615 616 617 618 619 620 621 622 623 624 625 626 627 628 629]] [42 [630 631 632 633 634 635 636 637 638 639 640 641 642 643 644]] [43 [645 646 647 648 649 650 651 652 653 654 655 656 657 658 659]] [44 [660 661 662 663 664 665 666 667 668 669 670 671 672 673 674]] [45 [675 676 677 678 679 680 681 682 683 684 685 686 687 688 689]] [46 [690 693 694 695 696 697 699 702 703 704]] [47 [705 706 707 708 710 711 712 713 714 715 716 717 718 719]] [48 [720 721 722 723 724 725 726 727 729 732 734]] [49 [736 738 739 741 742 743 745 746 747 748 749]] [50 [750 751 752 753 754 755 756 757 759 760 761 762 763 764]] [51 [765 766 767 768 769 770 771 772 773 774 775 776 777 778 779]] [52 [780 782 783 784 785 786 787 788 789 790 791 793 794]] [53 [795 796 797 798 799 800 801 802 803 804 805 806 807 808 809]] [54 [812 813 814 816 821 822 823 824]] [55 [825 826 827 828 829 830 831 832 833 836 837 838 839]] [56 [840 841 842 843 844 845 848 849 850 851 852 853 854]] [57 [855 856 857 858 859 860 861 862 863 864 865 866 867 868 869]] [58 [870 871 873 874 875 876 877 879 880 881 882 883 884]] [59 [885 886 888 890 893 894 895 896 897 898 899]] [60 [901 903 904 905 906 907 908 909 910 911 912 913 914]] [61 [915 916 917 918 919 921 922 923 925 926 927 928 929]] [62 [931 933 934 936 937 938 939 940 941 942 943 944]] [63 [945 946 947 948 949 950 951 952 953 954 955 956 957 959]] [64 [960 961 962 963 964 965 966 967 968 969 970 971 972 973 974]] [65 [975 976 977 978 979 980 981 982 983 984 985 986 987 988 989]] [66 [990 991 992 993 994 995 996 997 998 999 1000 1001 1002 1003 1004]] [67 [1005 1006 1007 1008 1009 1010 1011 1012 1013 1014 1015 1016]] [68 [1020 1021 1022 1023 1024 1030 1031 1032 1034]] [69 [1035 1036 1040 1041 1042 1043 1044 1045 1046 1047 1049]] [70 [1050 1051 1052 1053 1054 1055 1056 1057 1058 1059 1060 1061 1062 1063 1064]] [71 [1065 1066 1067 1068 1069 1070 1072 1073 1074 1076 1078]] [72 [1080 1081 1083 1084 1085 1086 1087 1089 1092 1093 1094]] [73 [1095 1096 1097 1098 1099 1100 1101 1102 1103 1104 1105 1107 1108 1109]] [74 [1110 1111 1112 1113 1114 1115 1116 1117 1118 1119 1120 1121 1122 1123 1124]] [75 [1125 1126 1127 1128 1129 1130 1131 1132 1133 1134 1135 1136 1137 1138 1139]] [76 [1140 1141 1144 1145 1146 1147 1148 1149 1150 1151 1152 1153 1154]] [77 [1155 1156 1157 1158 1159 1160 1161 1162 1163 1164 1165 1166 1167 1168 1169]] [78 [1170 1171 1172 1173 1174 1175 1176 1177 1178 1179 1180 1181 1182 1183 1184]] [79 [1185 1186 1187 1188 1189 1190 1191 1192 1193 1194 1195 1196 1197 1198 1199]] [80 [1200 1201 1202 1203 1204 1205 1206 1207 1208 1209 1210 1211 1212 1213 1214]] [81 [1215 1216 1218 1220 1221 1222 1223 1224 1225 1228 1229]] [82 [1231 1232 1233 1235 1236 1237 1238 1239 1241 1242 1243]] [83 [1246 1247 1248 1250 1251 1252 1253 1254 1255 1256 1257 1258 1259]] [84 [1260 1261 1262 1263 1264 1265 1266 1267 1268 1269 1270 1271 1272 1273 1274]] [85 [1275 1276 1277 1278 1279 1280 1281 1282 1283 1284 1285 1286 1287 1288 1289]] [86 [1290 1291 1292 1293 1294 1295 1296 1297 1298 1299 1300 1301 1302 1303 1304]] [87 [1305 1306 1307 1308 1310 1311 1312 1313 1314 1315 1316 1318 1319]] [88 [1320 1321 1322 1323 1324 1325 1326 1327 1328 1329 1330 1331 1332 1333 1334]] [89 [1335 1336 1337 1338 1339 1340 1341 1342 1343 1347 1348 1349]] [90 [1350 1351 1352 1353 1354 1355 1356 1357 1358 1359 1360 1361 1362 1363 1364]] [91 [1365 1366 1367 1368 1369 1370 1371 1372 1373 1374 1375 1376 1377 1378 1379]] [92 [1380 1381 1383 1384 1385 1386 1387 1388 1389 1390 1391 1392 1393 1394]] [93 [1395 1396 1397 1398 1399 1400 1401 1402 1403 1404 1405 1406 1407 1408 1409]] [94 [1410 1411 1412 1413 1414 1415 1416 1417 1418 1419 1420 1421 1422 1423 1424]] [95 [1425 1426 1427 1428 1429 1430 1431 1432 1433 1434 1435 1436 1437 1438 1439]] [96 [1440 1441 1442 1443 1444 1445 1446 1447 1448 1449 1450 1451 1452 1453 1454]] [97 [1455 1456 1457 1458 1459 1460 1461 1462 1463 1464 1465 1466 1467 1468 1469]] [98 [1470 1471 1472 1473 1474 1475 1476 1477 1478 1479 1480 1481 1482 1483 1484]] [99 [1485 1486 1487 1488 1489 1490 1491 1492 1493 1494 1495 1496 1497 1498 1499]]]","[[0 [0 1 2 4 7 11 12]] [1 [15 16 18 19 22 23 25 26 27 28]] [2 [30 32 33 34 35 36 39 42 43]] [3 [45 47 48 49 50 55 57 58]] [4 [61 63 65 66 68 69 73 74]] [5 [76 77 78 79 81 84 87]] [6 [91 92 93 94 95 96 97 99]] [7 [109 111 112 115 117 119]] [8 [121 123 124 126 127 128 131 132 134]] [9 [135 136 137 138 143 144 145 146 149]] [10 [151 152 154 155 156 157 158 159 164]] [11 [166 168 169 174 175 176 178]] [12 [180 183 184 189 190]] [13 [197 198 200 201 202 206 207 208 209]] [14 [211 212 213 217 218 221 223]] [15 [226 228 230 234 235 236 238 239]] [16 [241 242 244 249 250 252]] [17 [255 256 257 259 260 262 263 265 267 269]] [18 [271 272 273 276 277 278 280 283]] [19 [285 286 287 289 290 292 293 297 298]] [20 [300 301 302 305 306 309 312]] [21 [316 317 318 320 321 322 323 324 327 328 329]] [22 [331 334 336 337 338 339 340]] [23 [350 353 355 356 357]] [24 [362 363 364 365 366 367 368 371 373 374]] [25 [375 376 378 380 383 384 387 389]] [26 [390 391 393 396 398 399 400 402 404]] [27 [406 410 411 412 415 416 418 419]] [28 [420 422 423 424 427 428 433 434]] [29 [435 436 437 438 443 445 446 448]] [30 [450 451 453 455 457 461]] [31 [465 469 470 471 472 473 475 478]] [32 [480 481 482 483 484 485 486 487 491 492 493 494]] [33 [497 498 499 500 503 504 505 506]] [34 [512 514 515 516 519 522 523]] [35 [526 527 528 534 536 538 539]] [36 [540 541 542 544 548 549 550 551 553 554]] [37 [556 560 561 564 565 567 568 569]] [38 [571 574 575 576 578 580 582 583]] [39 [585 586 587 588 590 591 592 594 596 597]] [40 [600 601 603 604 606 609 610 612]] [41 [615 616 617 619 623 625 627 628]] [42 [631 635 636 637 640 641 642 643 644]] [43 [646 647 648 649 651 652 654]] [44 [660 661 662 664 667 668 670 671 672]] [45 [676 677 679 681 686 687 688]] [46 [690 693 694 695 696 697 699 702 703 704]] [47 [706 707 708 710 711 715 716 717 718]] [48 [721 722 723 724 725 726 727 729 732 734]] [49 [736 738 739 741 742 743 745 746 748 749]] [50 [750 752 753 757 762]] [51 [766 767 768 770 772 773 779]] [52 [780 783 785 788 789 793]] [53 [795 796 797 800 801 802 803 805 807 808 809]] [54 [812 813 814 816 822 823 824]] [55 [825 829 830 831 832 833 836 837 839]] [56 [840 842 844 848 851 852 854]] [57 [855 856 859 860 861 863 864 865 866 867 868 869]] [58 [870 871 873 875 877 879 880]] [59 [885 886 888 893 895 897 898]] [60 [901 903 905 907 909 911 914]] [61 [916 918 919 921 922 923 925 926 927 928 929]] [62 [931 933 934 936 937 940 943 944]] [63 [945 947 948 950 955 956 959]] [64 [963 965 967 969 972 973]] [65 [976 977 978 979 982 985 986 988 989]] [66 [990 991 993 996 997 999 1000 1001]] [67 [1007 1009 1011 1012 1013 1014 1015 1016]] [68 [1020 1021 1022 1023 1024 1031 1032 1034]] [69 [1035 1040 1042 1043 1044 1045 1046]] [70 [1050 1053 1054 1057 1061 1062 1064]] [71 [1065 1066 1070 1072 1073 1074 1076 1078]] [72 [1081 1083 1084 1085 1086 1087 1089 1092 1094]] [73 [1095 1100 1101 1104 1105 1107 1108 1109]] [74 [1110 1115 1116 1118 1119 1121 1122]] [75 [1125 1127 1128 1131 1132 1134 1135 1137]] [76 [1140 1141 1144 1145 1146 1149 1153 1154]] [77 [1155 1156 1157 1158 1160 1161 1162 1163 1165 1167]] [78 [1171 1173 1176 1177 1178 1179 1181 1182 1184]] [79 [1186 1189 1191 1192 1193 1194 1197]] [80 [1203 1204 1205 1206 1208 1210 1211 1212 1213]] [81 [1216 1220 1221 1222 1223 1224 1225 1228 1229]] [82 [1231 1232 1233 1235 1236 1238 1239 1241 1242 1243]] [83 [1246 1250 1251 1252 1253 1254 1255]] [84 [1260 1262 1263 1268 1269 1271]] [85 [1276 1281 1283 1284 1289]] [86 [1292 1293 1295 1296 1297 1299]] [87 [1305 1306 1307 1311 1312 1315 1316 1318 1319]] [88 [1320 1321 1325 1327 1328 1329 1331 1332 1333]] [89 [1335 1336 1337 1338 1341 1342 1343 1348]] [90 [1350 1352 1354 1356 1359 1360 1361 1362 1364]] [91 [1365 1366 1369 1370 1372 1373 1375 1377 1378 1379]] [92 [1381 1383 1386 1387 1389 1390 1391 1392 1393 1394]] [93 [1395 1398 1399 1400 1401 1402 1403 1404 1409]] [94 [1412 1413 1415 1421 1422 1424]] [95 [1426 1427 1428 1430 1432 1438]] [96 [1440 1443 1444 1446 1448 1450 1451 1452 1454]] [97 [1456 1457 1458 1459 1460 1462 1465 1467 1468 1469]] [98 [1471 1472 1475 1476 1478 1480 1482 1483 1484]] [99 [1485 1486 1487 1488 1489 1490 1491 1493 1494 1497]]]",,"[[{citizen 45} [[""A"" [5 5]]]] [{media 50} [[""A"" [3 3]]]] [{media 51} [[""A"" [4 4]]]] [{media 52} [[""A"" [0 0]]]] [{media 53} [[""A"" [1 1]]]] [{media 54} [[""A"" [4 4]]]] [{media 58} [[""A"" [1 1]]]] [{media 59} [[""A"" [0 0]]]] [{media 60} [[""A"" [2 2]]]] [{media 61} [[""A"" [3 3]]]] [{media 62} [[""A"" [1 1]]]] [{media 64} [[""A"" [1 1]]]] [{media 56} [[""A"" [1 1]]]] [{citizen 1} [[""A"" [1 4]]]] [{citizen 7} [[""A"" [5 5]]]] [{citizen 15} [[""A"" [1 1]]]] [{citizen 17} [[""A"" [4 3]]]] [{citizen 20} [[""A"" [4 4]]]] [{media 57} [[""A"" [5 5]]]] [{media 55} [[""A"" [3 3]]]] [{citizen 19} [[""A"" [4 1]]]] [{citizen 32} [[""A"" [5 3]]]] [{citizen 3} [[""A"" [1 1]]]] [{citizen 48} [[""A"" [5 4]]]] [{citizen 0} [[""A"" [3 4]]]] [{citizen 27} [[""A"" [5 3]]]] [{citizen 41} [[""A"" [1 1]]]] [{citizen 25} [[""A"" [2 5]]]] [{citizen 35} [[""A"" [1 1]]]] [{citizen 37} [[""A"" [5 4]]]] [{citizen 8} [[""A"" [2 1]]]] [{citizen 9} [[""A"" [1 1]]]] [{citizen 13} [[""A"" [2 5]]]] [{citizen 22} [[""A"" [3 1]]]] [{citizen 42} [[""A"" [2 1]]]] [{citizen 10} [[""A"" [5 4]]]] [{citizen 31} [[""A"" [1 1]]]] [{citizen 4} [[""A"" [5 1]]]] [{citizen 6} [[""A"" [3 4]]]] [{citizen 43} [[""A"" [5 3]]]] [{citizen 46} [[""A"" [4 3]]]] [{citizen 18} [[""A"" [4 4]]]] [{citizen 39} [[""A"" [2 5]]]] [{citizen 44} [[""A"" [3 5]]]] [{citizen 14} [[""A"" [4 4]]]] [{citizen 26} [[""A"" [2 4]]]] [{citizen 38} [[""A"" [4 1]]]] [{citizen 49} [[""A"" [2 4]]]] [{citizen 12} [[""A"" [1 4]]]] [{citizen 11} [[""A"" [4 4]]]] [{citizen 23} [[""A"" [3 1]]]] [{citizen 34} [[""A"" [3 2]]]] [{citizen 16} [[""A"" [2 4]]]] [{citizen 30} [[""A"" [1 1]]]] [{citizen 2} [[""A"" [2 5]]]] [{citizen 5} [[""A"" [2 5]]]] [{citizen 29} [[""A"" [1 1]]]] [{citizen 47} [[""A"" [2 1]]]] [{citizen 21} [[""A"" [3 5]]]] [{citizen 40} [[""A"" [5 4]]]] [{citizen 24} [[""A"" [2 1]]]] [{citizen 28} [[""A"" [5 4]]]] [{media 63} [[""A"" [5 5]]]] [{citizen 36} [[""A"" [5 4]]]]]"
"34","[85 0 170]","178.9772727272727","0.4290567499183262","-10.002163202196403","""circle""","""""","9.9","{breed citizens}","false","0.5","1","""up""",,"[[""ID"" 31] [""alpha"" 1] [""beta"" 1] [""malleable"" [""A""]] [""prior"" []] [""cont_tokens"" []] [""A"" 4]]","[[0 [1 3 4 5 6 7 8 9 10 11 12 13 14]] [1 [17 19 20 21 22 23 24 25 26 27 28 29]] [2 [30 31 32 33 34 35 36 37 38 39 40 41 42 43 44]] [3 [45 46 47 48 49 50 52 53 54 55 56 57 58 59]] [4 [60 61 62 63 64 65 66 67 68 69 70 71 72 73 74]] [5 [75 76 77 78 79 80 81 82 83 84 85 86 87 88 89]] [6 [90 91 92 93 94 95 96 97 98 99 100 101 102 103 104]] [7 [105 106 107 108 109 111 112 113 115 116 117 118 119]] [8 [120 121 122 123 124 125 126 127 128 130 131 132 133 134]] [9 [135 136 137 138 142 143 144 145 146 147 149]] [10 [150 151 152 153 154 155 156 157 158 159 160 161 162 163 164]] [11 [165 166 167 168 169 170 171 172 173 174 175 176 177 178 179]] [12 [180 181 182 183 184 185 186 187 188 189 190 191 192 193 194]] [13 [197 198 199 200 201 202 206 207 208 209]] [14 [210 211 212 213 214 215 216 217 218 219 220 221 222 223 224]] [15 [225 226 227 228 229 230 231 232 233 234 235 236 237 238 239]] [16 [240 241 242 244 245 246 249 250 252 253 254]] [17 [255 256 257 258 259 260 261 262 263 264 265 266 267 268 269]] [18 [270 271 272 273 274 275 276 277 278 279 280 281 282 283 284]] [19 [285 286 287 288 289 290 291 292 293 294 295 296 297 298 299]] [20 [300 301 302 303 304 305 306 307 308 309 310 311 312 313 314]] [21 [315 316 317 318 319 320 321 322 323 324 325 326 327 328 329]] [22 [330 331 332 333 334 335 336 337 338 339 340 341 342 343 344]] [23 [345 346 347 348 349 350 351 352 353 354 355 356 357 358 359]] [24 [361 362 363 364 365 366 367 368 369 370 371 373 374]] [25 [375 376 377 378 380 383 384 385 386 387 388 389]] [26 [390 391 392 393 394 395 396 397 398 399 400 401 402 403 404]] [27 [405 406 407 408 409 410 411 412 413 414 415 416 417 418 419]] [28 [420 422 423 424 425 427 428 429 430 433 434]] [29 [435 436 437 438 440 441 442 443 444 445 446 448 449]] [30 [450 451 452 453 454 455 456 457 458 459 460 461 462 463 464]] [31 [465 466 467 468 469 470 471 472 473 474 475 476 477 478 479]] [32 [480 481 482 483 484 485 486 487 488 489 490 491 492 493 494]] [33 [495 496 501 502 503 504 505 506 507 508 509]] [34 [510 511 512 513 514 515 516 518 519 520 521 522 523 524]] [35 [526 527 528 529 530 531 532 533 534 535 536 537 538 539]] [36 [540 541 542 544 545 546 547 548 549 550 551 553 554]] [37 [556 558 559 560 561 562 563 564 565 566 567 568 569]] [38 [570 571 572 573 574 575 576 577 578 580 581 582 583 584]] [39 [585 586 587 588 590 591 592 593 594 595 596 597 598 599]] [40 [600 601 602 603 604 606 608 609 610 612 613 614]] [41 [615 616 617 618 619 620 621 622 623 624 625 626 627 628 629]] [42 [630 631 632 633 634 635 636 637 638 639 640 641 642 643 644]] [43 [645 646 647 648 649 650 651 652 653 654 655 656 657 658 659]] [44 [660 661 662 663 664 665 666 667 668 669 670 671 672 673 674]] [45 [675 676 677 678 679 680 681 682 683 684 685 686 687 688 689]] [46 [690 693 694 695 696 697 699 702 703 704]] [47 [705 706 707 708 710 711 712 713 714 715 716 717 718 719]] [48 [720 722 723 724 725 726 727 728 729 730 731 732 733 734]] [49 [735 736 737 738 739 740 741 742 743 744 745 746 747 748 749]] [50 [750 751 752 753 754 755 756 757 758 759 760 761 762 763 764]] [51 [765 766 767 768 769 770 771 772 773 774 775 776 777 778 779]] [52 [780 782 783 784 785 786 787 788 789 790 791 793 794]] [53 [795 796 797 798 799 800 801 802 803 804 805 806 807 808 809]] [54 [810 811 812 813 814 815 816 817 818 819 820 821 822 823 824]] [55 [825 826 827 828 829 830 831 832 833 836 837 838 839]] [56 [841 842 843 844 845 846 847 848 849 850 851 852 853 854]] [57 [855 856 857 858 859 860 861 862 863 864 865 866 867 868 869]] [58 [870 871 873 874 875 876 877 879 880 881 882 883 884]] [59 [885 886 887 888 889 890 891 892 893 894 895 897 898]] [60 [901 903 904 905 906 907 908 909 910 911 912 913 914]] [61 [915 916 917 918 919 921 922 923 925 926 927 928 929]] [62 [930 931 932 933 934 935 936 937 938 939 940 941 942 943 944]] [63 [945 946 947 948 949 950 951 952 953 954 955 956 957 958 959]] [64 [960 961 962 963 964 965 966 967 968 969 970 971 972 973 974]] [65 [975 976 977 978 979 980 981 982 983 984 985 986 987 988 989]] [66 [990 991 992 993 994 995 996 997 998 999 1000 1001 1002 1003 1004]] [67 [1005 1006 1007 1008 1009 1010 1011 1012 1013 1014 1015 1016]] [68 [1020 1021 1022 1023 1024 1030 1031 1032 1034]] [69 [1035 1036 1040 1041 1042 1043 1044 1045 1046 1047 1049]] [70 [1051 1052 1053 1054 1055 1056 1057 1058 1059 1060 1061 1062 1063 1064]] [71 [1065 1066 1067 1068 1069 1070 1072 1073 1074 1076 1078]] [72 [1080 1081 1083 1084 1085 1086 1087 1089 1092 1093 1094]] [73 [1095 1096 1097 1098 1099 1100 1101 1102 1103 1104 1105 1106 1107 1108 1109]] [74 [1110 1111 1112 1113 1114 1115 1116 1117 1118 1119 1120 1121 1122 1123 1124]] [75 [1125 1126 1127 1128 1129 1130 1131 1132 1133 1134 1135 1136 1137 1138 1139]] [76 [1140 1141 1142 1143 1144 1145 1146 1147 1148 1149 1150 1151 1152 1153 1154]] [77 [1155 1156 1157 1158 1159 1160 1161 1162 1163 1164 1165 1166 1167 1168 1169]] [78 [1171 1172 1173 1174 1175 1176 1177 1178 1179 1180 1181 1182 1183 1184]] [79 [1185 1186 1187 1188 1189 1190 1191 1192 1193 1194 1195 1196 1197 1198 1199]] [80 [1200 1201 1202 1203 1204 1205 1206 1207 1208 1209 1210 1211 1212 1213 1214]] [81 [1215 1216 1217 1218 1219 1220 1221 1222 1223 1224 1225 1226 1227 1228 1229]] [82 [1231 1232 1233 1235 1236 1237 1238 1239 1241 1242 1243]] [83 [1246 1247 1248 1250 1251 1252 1253 1254 1255 1256 1257 1258 1259]] [84 [1260 1261 1262 1263 1264 1265 1266 1267 1268 1269 1270 1271 1272 1273 1274]] [85 [1275 1276 1277 1278 1279 1280 1281 1282 1283 1284 1285 1286 1287 1288 1289]] [86 [1290 1291 1292 1293 1294 1295 1296 1297 1298 1299 1300 1301 1302 1303 1304]] [87 [1305 1306 1307 1308 1309 1310 1311 1312 1313 1314 1315 1316 1317 1318 1319]] [88 [1320 1321 1322 1323 1324 1325 1326 1327 1328 1329 1330 1331 1332 1333 1334]] [89 [1335 1336 1337 1338 1339 1340 1341 1342 1343 1347 1348 1349]] [90 [1350 1351 1352 1353 1354 1355 1356 1357 1358 1359 1360 1361 1362 1363 1364]] [91 [1365 1366 1367 1368 1369 1370 1371 1372 1373 1374 1375 1376 1377 1378 1379]] [92 [1380 1381 1382 1383 1384 1385 1386 1387 1388 1389 1390 1391 1392 1393 1394]] [93 [1395 1396 1397 1398 1399 1400 1401 1402 1403 1404 1405 1406 1407 1408 1409]] [94 [1410 1411 1412 1413 1414 1415 1416 1417 1418 1419 1420 1421 1422 1423 1424]] [95 [1426 1427 1428 1429 1430 1431 1432 1433 1434 1435 1436 1437 1438 1439]] [96 [1440 1441 1442 1443 1444 1445 1446 1447 1448 1449 1450 1451 1452 1453 1454]] [97 [1455 1458 1459 1460 1462 1465 1467 1468 1469]] [98 [1470 1471 1472 1473 1474 1475 1476 1477 1478 1479 1480 1481 1482 1483 1484]] [99 [1489 1490 1491 1492 1493 1494 1495 1496 1497 1498 1499]]]","[[0 [4 7 13 14]] [1 [17 19 22 23 25 26 27 28]] [2 [30 32 33 34 35 36 39 43 44]] [3 [45 46 48 49 50 54 56]] [4 [67 70 71 72]] [5 [75 78 79 81 83 84 85 86 88 89]] [6 [90 94 95 96 99]] [7 [108 109 111 112 113 115 116 118 119]] [8 [121 123 124 126 127 128 131 132 134]] [9 [135 136 137 138 142 143 144 145 146 147]] [10 [153 155 156 157 158 159 164]] [11 [165 167 168 169]] [12 [182 183 184 185 186 187 188 189 190]] [13 [197 199 200 201 202 206 208]] [14 [210 217 218 221 223]] [15 [226 228 230 234 235 236 238 239]] [16 [240 244 245 246 249 250 252 253 254]] [17 [256 257 258 259 260 262 263 265 267 268]] [18 [270 276 277 278 280 283 284]] [19 [285 286 287 289 290 292 294 295 296 299]] [20 [302 305 306 309 312]] [21 [315 318 320 321 322 323 324 327 328 329]] [22 [331 332 339 340]] [23 [350 353 355 356 357]] [24 [362 363 364 365 367 368 371 373 374]] [25 [375 376 378 380 383 384 385 387 388]] [26 [392 394 395 397 399 401 403 404]] [27 [405 406 410 411 412 415 416 418 419]] [28 [420 422 423 424 427 428 429 430 433 434]] [29 [435 438 440 441 442 444 448]] [30 [450 451 453 455 457 461 464]] [31 [466 467 468 471 472 473 474 477 478 479]] [32 [480 481 482 483 484 489 490]] [33 [495 496 502 505 506]] [34 [511 512 514 515 516 519 522 523]] [35 [526 529 530 532 533 535 537 538 539]] [36 [540 541 542 545 546 547 548 549 550 551 553 554]] [37 [556 560 561 564 565 567 568 569]] [38 [571 574 576 578 580 582 583 584]] [39 [585 586 587 588 590 591 592 594 596 597]] [40 [600 601 602 606 608 609 610 612]] [41 [615 616 617 619 620 622 624 626 629]] [42 [632 633 634 639]] [43 [645 649 651 652 654 656 657 658 659]] [44 [663 665 666 669 674]] [45 [675 677 678 680 681 685 687 688]] [46 [690 693 694 695 696 697 699 702 703 704]] [47 [706 708 710 711 715 719]] [48 [724 725 726 727 729 732 734]] [49 [736 738 739 741 742 743 745 746 747]] [50 [751 752 753 754 755 756 757 761 763 764]] [51 [766 768 772 773 778 779]] [52 [780 784 786 787 790 791 793]] [53 [795 796 797 800 801 802 803]] [54 [810 811 814 816 822 823 824]] [55 [826 827 828 832 836 838]] [56 [841 844 846 847 849 852]] [57 [855 856 859 860 861 863 864 865 866 867 868 869]] [58 [870 871 874 875 877 882 883 884]] [59 [886 887 888 890 894 895 897 898]] [60 [901 903 904 906 908 909 911 914]] [61 [916 918 922 923 925]] [62 [930 932 935 938 939 940 941 943 944]] [63 [945 946 947 948 950 952 953 954 955 956 959]] [64 [962 966 968 970 971 973]] [65 [976 978 979 982 985 986 987 988]] [66 [990 991 993 996 998 999 1000 1001]] [67 [1007 1009 1011 1012 1013 1014 1015 1016]] [68 [1020 1021 1022 1023 1024 1030 1031 1032 1034]] [69 [1035 1036 1041 1044 1045 1046 1049]] [70 [1051 1052 1055 1056 1059 1060 1063 1064]] [71 [1065 1066 1070 1072 1073 1074 1076 1078]] [72 [1080 1085 1086 1087 1089 1093]] [73 [1096 1097 1098 1099 1100 1103 1104 1105 1107 1108 1109]] [74 [1110 1113 1114 1117 1120]] [75 [1126 1127 1128 1131 1132 1133 1136 1138]] [76 [1142 1144 1145 1146 1149 1153 1154]] [77 [1155 1156 1157 1158 1159 1160 1161 1162 1163 1165 1167]] [78 [1171 1172 1174 1175 1179 1180 1182]] [79 [1185 1187 1190 1191 1192 1193 1194 1197]] [80 [1203 1204 1205 1208 1210 1214]] [81 [1215 1217 1219 1221 1222 1223 1224 1225 1228 1229]] [82 [1231 1232 1233 1235 1236 1243]] [83 [1246 1248 1251 1252 1253 1254 1255]] [84 [1262 1263 1264 1265 1266 1267 1268 1269 1271]] [85 [1275 1276 1281 1283 1284 1289]] [86 [1290 1291 1292 1293 1295 1296 1297 1299 1303]] [87 [1305 1306 1307 1311 1312 1315]] [88 [1322 1323 1324 1325 1327 1328 1329 1330 1331 1332 1333]] [89 [1335 1336 1339 1340 1342 1343 1348]] [90 [1351 1352 1353 1355 1358 1359 1361 1362 1363]] [91 [1374 1375 1377 1378 1379]] [92 [1381 1385 1388 1389 1390]] [93 [1396 1397 1401 1402 1403 1404 1408]] [94 [1410 1411 1415 1416 1417 1418 1422 1424]] [95 [1426 1427 1428 1430 1432 1434 1437]] [96 [1441 1442 1445 1447 1449 1450 1452 1453]] [97 [1455 1458 1459 1460 1462 1465 1467 1468 1469]] [98 [1471 1472 1475 1477 1478 1479 1481]] [99 [1489 1490 1491 1495 1498 1499]]]",,"[[{citizen 44} [[""A"" [5 4]]]] [{media 50} [[""A"" [3 3]]]] [{media 54} [[""A"" [4 4]]]] [{media 55} [[""A"" [3 3]]]] [{media 56} [[""A"" [1 1]]]] [{media 57} [[""A"" [5 5]]]] [{media 59} [[""A"" [0 0]]]] [{media 63} [[""A"" [5 5]]]] [{citizen 1} [[""A"" [4 4]]]] [{citizen 7} [[""A"" [5 4]]]] [{media 53} [[""A"" [1 1]]]] [{media 52} [[""A"" [0 0]]]] [{citizen 14} [[""A"" [4 4]]]] [{citizen 23} [[""A"" [3 4]]]] [{citizen 5} [[""A"" [5 3]]]] [{citizen 11} [[""A"" [4 4]]]] [{media 58} [[""A"" [1 1]]]] [{media 62} [[""A"" [1 1]]]] [{citizen 21} [[""A"" [4 4]]]] [{media 64} [[""A"" [1 1]]]] [{citizen 0} [[""A"" [3 4]]]] [{media 51} [[""A"" [4 4]]]] [{media 60} [[""A"" [2 2]]]] [{citizen 42} [[""A"" [1 2]]]] [{citizen 3} [[""A"" [3 1]]]] [{citizen 41} [[""A"" [3 1]]]] [{citizen 10} [[""A"" [4 4]]]] [{citizen 31} [[""A"" [1 1]]]] [{citizen 20} [[""A"" [4 4]]]] [{citizen 4} [[""A"" [3 1]]]] [{citizen 6} [[""A"" [4 4]]]] [{citizen 22} [[""A"" [3 3]]]] [{citizen 32} [[""A"" [5 3]]]] [{citizen 43} [[""A"" [3 4]]]] [{citizen 15} [[""A"" [1 1]]]] [{citizen 37} [[""A"" [4 4]]]] [{citizen 46} [[""A"" [3 1]]]] [{citizen 18} [[""A"" [4 4]]]] [{citizen 39} [[""A"" [3 4]]]] [{citizen 8} [[""A"" [3 1]]]] [{citizen 35} [[""A"" [1 1]]]] [{citizen 25} [[""A"" [5 3]]]] [{citizen 38} [[""A"" [3 1]]]] [{media 61} [[""A"" [3 3]]]] [{citizen 26} [[""A"" [3 4]]]] [{citizen 49} [[""A"" [3 1]]]] [{citizen 12} [[""A"" [4 4]]]] [{citizen 19} [[""A"" [5 3]]]] [{citizen 17} [[""A"" [4 5]]]] [{citizen 16} [[""A"" [4 4]]]] [{citizen 9} [[""A"" [3 1]]]] [{citizen 30} [[""A"" [1 1]]]] [{citizen 2} [[""A"" [4 4]]]] [{citizen 27} [[""A"" [5 3]]]] [{citizen 45} [[""A"" [5 3]]]] [{citizen 24} [[""A"" [4 4]]]] [{citizen 48} [[""A"" [5 4]]]] [{citizen 13} [[""A"" [4 4]]]] [{citizen 33} [[""A"" [3 1]]]] [{citizen 29} [[""A"" [3 1]]]] [{citizen 47} [[""A"" [3 1]]]] [{citizen 28} [[""A"" [4 4]]]] [{citizen 40} [[""A"" [3 4]]]] [{citizen 36} [[""A"" [4 4]]]]]"
"35","[213 0 42]","337.5","-3.5886506234548072","9.905174279743123","""circle""","""""","9.9","{breed citizens}","false","0.5","1","""up""",,"[[""ID"" 26] [""alpha"" 1] [""beta"" 1] [""malleable"" [""A""]] [""prior"" []] [""cont_tokens"" []] [""A"" 1]]","[[0 [0 1 2 3 4 5 7 8 9 10 11 12 13 14]] [1 [15 16 18 19 22 23 24 25 26 27 28]] [2 [30 32 33 34 35 36 37 39 40 41 42 43 44]] [3 [45 46 47 48 49 50 51 52 53 54 55 56 57 58 59]] [4 [60 61 62 63 64 65 66 67 68 69 70 71 72 73 74]] [5 [75 76 77 78 79 81 83 84 85 86 87 88 89]] [6 [90 91 92 93 94 95 96 97 98 99 100 101 102 103 104]] [7 [105 106 107 108 109 110 111 112 113 114 115 116 117 118 119]] [8 [120 121 122 123 124 125 126 127 128 130 131 132 133 134]] [9 [135 136 137 138 139 140 141 142 143 144 145 146 147 149]] [10 [150 151 152 153 154 155 156 157 158 159 160 161 162 163 164]] [11 [165 166 167 168 169 170 171 172 173 174 175 176 177 178 179]] [12 [180 181 182 183 184 185 186 187 188 189 190 191 192 193 194]] [13 [195 196 197 198 199 200 201 202 203 204 205 206 207 208 209]] [14 [210 211 212 213 214 215 216 217 218 220 221 222 223 224]] [15 [225 226 227 228 229 230 231 232 233 234 235 236 238 239]] [16 [240 241 242 244 245 246 249 250 252 253 254]] [17 [255 256 257 258 259 260 261 262 263 264 265 266 267 268 269]] [18 [270 271 272 273 274 275 276 277 278 279 280 281 282 283 284]] [19 [285 286 287 288 289 290 291 292 293 294 295 296 297 298 299]] [20 [300 301 302 303 304 305 306 307 308 309 310 311 312 313 314]] [21 [315 316 317 318 319 320 321 322 323 324 325 326 327 328 329]] [22 [330 331 332 333 334 335 336 337 338 339 340 341 342 343 344]] [23 [345 346 347 348 349 350 351 352 353 354 355 356 357 358 359]] [24 [360 361 362 363 364 365 366 367 368 369 370 371 373 374]] [25 [375 376 377 378 380 383 384 385 386 387 388 389]] [26 [390 391 392 393 394 395 396 397 398 399 400 401 402 403 404]] [27 [405 406 407 408 409 410 411 412 413 414 415 416 417 418 419]] [28 [420 422 423 424 425 427 428 429 430 433 434]] [29 [435 436 437 438 440 441 442 443 444 445 446 448 449]] [30 [450 451 452 453 454 455 456 457 458 459 460 461 462 463 464]] [31 [465 466 467 468 469 470 471 472 473 474 475 476 477 478 479]] [32 [480 481 482 483 484 485 486 487 489 490 491 492 493 494]] [33 [495 497 498 499 500 501 502 503 504 505 506]] [34 [510 511 512 513 514 515 516 518 519 520 521 522 523 524]] [35 [526 527 528 529 530 531 532 533 534 535 536 537 538 539]] [36 [540 541 542 544 545 546 547 548 549 550 551 553 554]] [37 [555 556 557 558 559 560 561 562 563 564 565 566 567 568 569]] [38 [570 571 572 573 574 575 576 577 578 580 581 582 583 584]] [39 [585 586 587 588 590 591 592 593 594 595 596 597 598 599]] [40 [600 601 602 603 604 606 608 609 610 612 613 614]] [41 [615 616 617 618 619 620 621 622 623 624 625 626 627 628 629]] [42 [630 631 632 633 634 635 636 637 638 639 640 641 642 643 644]] [43 [645 646 647 648 649 650 651 652 653 654 655 656 657 658 659]] [44 [660 661 662 663 664 665 666 667 668 669 670 671 672 673 674]] [45 [675 676 677 678 679 680 681 682 683 684 685 686 687 688 689]] [46 [690 693 694 695 696 697 699 702 703 704]] [47 [705 706 707 708 709 710 711 712 713 714 715 716 717 718 719]] [48 [720 722 723 724 725 726 727 728 729 730 731 732 733 734]] [49 [735 736 737 738 739 740 741 742 743 744 745 746 747 748 749]] [50 [750 751 752 753 754 755 756 757 759 760 761 762 763 764]] [51 [765 766 767 768 769 770 771 772 773 774 775 776 777 778 779]] [52 [780 781 782 783 784 785 786 787 788 789 790 791 792 793 794]] [53 [795 796 797 798 799 800 801 802 803 804 805 806 807 808 809]] [54 [810 811 812 813 814 816 821 822 823 824]] [55 [825 826 827 828 829 830 831 832 833 836 837 838 839]] [56 [840 841 842 843 844 845 848 849 850 851 852 853 854]] [57 [855 856 857 858 859 860 861 862 863 864 865 866 867 868 869]] [58 [870 871 873 874 875 876 877 879 880 881 882 883 884]] [59 [885 886 887 888 889 890 891 892 893 894 895 897 898]] [60 [901 903 904 905 906 907 908 909 910 911 912 913 914]] [61 [915 917 919 920 921 922 923 924 925 926 927 928 929]] [62 [931 933 934 936 937 938 939 940 941 942 943 944]] [63 [945 946 947 948 950 952 953 954 955 956 957 958 959]] [64 [960 961 962 963 964 965 966 967 968 969 970 971 972 973 974]] [65 [975 976 977 978 979 980 981 982 983 984 985 986 987 988 989]] [66 [990 991 992 993 994 995 996 997 998 999 1000 1001 1002 1003 1004]] [67 [1005 1006 1007 1008 1009 1010 1011 1012 1013 1014 1015 1016 1017 1018 1019]] [68 [1020 1021 1022 1023 1024 1030 1031 1032 1034]] [69 [1035 1036 1040 1041 1042 1043 1044 1045 1046 1047 1049]] [70 [1050 1051 1052 1053 1054 1055 1056 1057 1058 1059 1060 1061 1062 1063 1064]] [71 [1065 1066 1067 1068 1069 1070 1072 1073 1074 1076 1078]] [72 [1080 1081 1083 1084 1085 1086 1087 1089 1092 1093 1094]] [73 [1095 1096 1097 1098 1099 1100 1101 1102 1103 1104 1105 1106 1107 1108 1109]] [74 [1110 1111 1112 1113 1114 1115 1116 1117 1118 1119 1120 1121 1122 1123 1124]] [75 [1125 1126 1127 1128 1129 1130 1131 1132 1133 1134 1135 1136 1137 1138 1139]] [76 [1140 1141 1144 1145 1146 1147 1148 1149 1150 1151 1152 1153 1154]] [77 [1155 1156 1157 1158 1159 1160 1161 1162 1163 1164 1165 1166 1167 1168 1169]] [78 [1171 1172 1173 1174 1175 1176 1177 1178 1179 1180 1181 1182 1183 1184]] [79 [1185 1186 1187 1188 1189 1190 1191 1192 1193 1194 1195 1196 1197 1198 1199]] [80 [1200 1201 1202 1205 1207 1209 1210 1211 1212 1213 1214]] [81 [1215 1216 1217 1218 1219 1220 1221 1222 1223 1224 1225 1228 1229]] [82 [1231 1232 1233 1235 1236 1237 1238 1239 1241 1242 1243]] [83 [1246 1247 1248 1250 1251 1252 1253 1254 1255 1256 1257 1258 1259]] [84 [1260 1261 1262 1263 1264 1265 1266 1267 1268 1269 1270 1271 1272 1273 1274]] [85 [1275 1276 1277 1278 1279 1280 1281 1282 1283 1284 1285 1286 1287 1288 1289]] [86 [1290 1291 1292 1293 1294 1295 1296 1297 1298 1299 1300 1301 1302 1303 1304]] [87 [1305 1306 1307 1308 1309 1310 1311 1312 1313 1314 1315 1316 1317 1318 1319]] [88 [1320 1321 1322 1323 1324 1325 1326 1327 1328 1329 1330 1331 1332 1333 1334]] [89 [1335 1336 1337 1338 1339 1340 1341 1342 1343 1347 1348 1349]] [90 [1350 1351 1352 1353 1354 1355 1356 1357 1358 1359 1360 1361 1362 1363 1364]] [91 [1365 1366 1367 1368 1369 1370 1371 1372 1373 1374 1375 1376 1377 1378 1379]] [92 [1380 1381 1382 1383 1384 1385 1386 1387 1388 1389 1390 1391 1392 1393 1394]] [93 [1395 1396 1397 1398 1399 1400 1401 1402 1403 1404 1405 1406 1407 1408 1409]] [94 [1410 1411 1412 1413 1414 1415 1416 1417 1418 1419 1420 1421 1422 1423 1424]] [95 [1425 1426 1427 1428 1429 1430 1431 1432 1433 1434 1435 1436 1437 1438 1439]] [96 [1440 1441 1442 1443 1444 1445 1446 1447 1448 1449 1450 1451 1452 1453 1454]] [97 [1455 1456 1457 1458 1459 1460 1461 1462 1463 1464 1465 1466 1467 1468 1469]] [98 [1470 1471 1472 1473 1474 1475 1476 1477 1478 1479 1480 1481 1482 1483 1484]] [99 [1485 1486 1487 1488 1489 1490 1491 1492 1493 1494 1495 1496 1497 1498 1499]]]","[[0 [1 2 3 5 8 9 10 12]] [1 [15 16 18 19 22 23 25 27 28]] [2 [30 32 36 39 42 43]] [3 [46 48 49 50 52 53 56 58]] [4 [61 62 63 65 66 68 69 73 74]] [5 [76 77 78 79 81 84 85 86 88 89]] [6 [90 94 95 96 97 99 100 101 102 103 104]] [7 [105 106 107 110 114 116 118 119]] [8 [121 123 125 128 130 132 134]] [9 [135 136 137 138 142 143 145 146 147]] [10 [153 155 157 158 160 161 163 164]] [11 [167 170 171 172 173 174 175 177 179]] [12 [180 182 183 184 185 186 187 188 189 190]] [13 [197 198 200 201 202 206 208 209]] [14 [211 212 213 215 216 218 220 224]] [15 [225 226 227 229 230 234 235 236 238 239]] [16 [240 242 245 246 249 250 252 253 254]] [17 [256 257 259 261 264 266 269]] [18 [271 272 274 275 279 281 282 283 284]] [19 [285 286 287 289 290 292 295 296 299]] [20 [302 305 306 308 310 311 312 313 314]] [21 [315 316 317 318 320 321 322 323 324 327 328]] [22 [330 331 332 338 339 340 342 343 344]] [23 [345 347 348 349 351 352 353 354 355 356 357]] [24 [362 363 364 365 366 367 368 371 373 374]] [25 [375 376 377 378 380 383 386 387 389]] [26 [391 393 396 402 404]] [27 [405 408 409 412 415 416 417 418 419]] [28 [420 422 423 424 427 428 429 430 434]] [29 [435 440 441 442 444 448]] [30 [450 451 453 455 457 461]] [31 [465 469 470 471 472 473 475 478]] [32 [480 481 482 483 484 486 487 491 492 493 494]] [33 [497 498 499 500 501 502 503 504 505 506]] [34 [511 512 514 515 516 519 522 523]] [35 [526 529 530 531 534 536 538 539]] [36 [540 541 544 546 547 548]] [37 [555 557 558 562 563 566 568 569]] [38 [570 571 574 576 578 580 582 583 584]] [39 [586 587 588 591 592 594 596 597]] [40 [600 601 603 604 606 609 610 612]] [41 [615 616 617 619 623 625 627 628]] [42 [631 635 636 637 638 641 642]] [43 [645 653 655 656 657 658 659]] [44 [663 664 667 670 671 672 673 674]] [45 [675 676 677 678 680 681 686 687 688]] [46 [690 693 694 695 696 697 699 703]] [47 [705 707 708 710 711 715 719]] [48 [728 730 731 733]] [49 [735 737 740 744 746 748 749]] [50 [750 753 757 759 760 761 763 764]] [51 [767 770 771 774 775 776 777]] [52 [781 782 783 785 788 789 790 791 793 794]] [53 [795 796 797 800 801 802 803 805 807 808 809]] [54 [812 814 816 822 823 824]] [55 [826 827 828 836 837 839]] [56 [840 842 844 845 848 849 851 852]] [57 [855 856 859 860 861 863 864 866 867 868 869]] [58 [870 871 873 875 877 882 883 884]] [59 [886 888 889 891 892 893 895 897 898]] [60 [901 904 906 908 909 911 912 913]] [61 [915 917 919 921 922 923 925 927 928 929]] [62 [931 933 934 936 937 938 939 940 941]] [63 [946 947 948 950 955 956 957]] [64 [960 961 963 965 967 968 969 972 973 974]] [65 [975 977 978 979 981 983 984 987 988]] [66 [990 992 994 995 997 998 1004]] [67 [1005 1006 1008 1010 1012 1013 1014 1015 1016]] [68 [1020 1021 1022 1023 1024 1030 1031 1032 1034]] [69 [1035 1040 1042 1043 1044 1045 1046 1047 1049]] [70 [1051 1052 1055 1056 1059 1060 1062 1064]] [71 [1065 1066 1070 1072 1073 1074 1076 1078]] [72 [1081 1083 1084 1085 1086 1087 1089 1092 1093]] [73 [1096 1097 1098 1099 1102 1106 1108 1109]] [74 [1110 1111 1112 1113 1114 1117 1120 1122]] [75 [1125 1126 1129 1130 1132 1135 1137]] [76 [1140 1141 1147 1148 1150 1151 1152]] [77 [1155 1156 1157 1159 1160 1162 1163 1165 1167]] [78 [1171 1172 1174 1175 1179 1181 1182]] [79 [1185 1187 1193 1194 1197 1198 1199]] [80 [1200 1201 1202 1207 1209 1211 1212 1213]] [81 [1216 1218 1220 1222 1223 1224 1225 1228 1229]] [82 [1231 1232 1235 1236 1239 1241 1242 1243]] [83 [1246 1248 1251 1252 1253 1254 1255]] [84 [1260 1262 1263 1267 1268 1269 1270 1272 1273 1274]] [85 [1277 1278 1279 1281 1283 1284 1289]] [86 [1290 1291 1293 1295 1296 1297 1299 1301 1302 1303]] [87 [1305 1306 1307 1311 1312 1315]] [88 [1322 1323 1324 1325 1327 1328 1329 1330 1331 1332 1333]] [89 [1336 1337 1338 1341 1342 1343 1348 1349]] [90 [1350 1352 1353 1355 1358 1359 1361 1364]] [91 [1365 1367 1368 1369 1370 1372 1373 1374 1375 1377 1378 1379]] [92 [1381 1383 1386 1387 1389 1390 1391 1392 1394]] [93 [1395 1398 1399 1402 1403 1404 1405 1406 1407 1408]] [94 [1410 1411 1414 1415 1420 1421 1422 1424]] [95 [1426 1427 1428 1430 1432 1438]] [96 [1440 1444 1446 1448 1450 1452 1454]] [97 [1456 1457 1458 1459 1460 1462 1465 1467 1468]] [98 [1473 1474 1476 1478 1480 1482 1483 1484]] [99 [1485 1486 1487 1488 1489 1490 1491 1493 1494 1497]]]",,"[[{citizen 39} [[""A"" [3 4]]]] [{media 50} [[""A"" [3 3]]]] [{media 51} [[""A"" [4 4]]]] [{media 52} [[""A"" [0 0]]]] [{media 53} [[""A"" [1 1]]]] [{media 54} [[""A"" [4 4]]]] [{media 58} [[""A"" [1 1]]]] [{media 59} [[""A"" [0 0]]]] [{media 60} [[""A"" [2 2]]]] [{media 61} [[""A"" [3 3]]]] [{media 62} [[""A"" [1 1]]]] [{media 64} [[""A"" [1 1]]]] [{citizen 25} [[""A"" [2 5]]]] [{media 56} [[""A"" [1 1]]]] [{citizen 8} [[""A"" [3 2]]]] [{citizen 18} [[""A"" [4 4]]]] [{citizen 17} [[""A"" [3 3]]]] [{citizen 0} [[""A"" [4 3]]]] [{citizen 5} [[""A"" [2 5]]]] [{citizen 12} [[""A"" [3 4]]]] [{citizen 15} [[""A"" [1 1]]]] [{citizen 3} [[""A"" [2 3]]]] [{media 57} [[""A"" [5 5]]]] [{media 55} [[""A"" [3 3]]]] [{citizen 7} [[""A"" [2 4]]]] [{citizen 19} [[""A"" [3 2]]]] [{citizen 1} [[""A"" [4 4]]]] [{citizen 32} [[""A"" [3 3]]]] [{citizen 48} [[""A"" [2 4]]]] [{citizen 9} [[""A"" [2 1]]]] [{citizen 20} [[""A"" [4 4]]]] [{citizen 13} [[""A"" [4 4]]]] [{citizen 22} [[""A"" [2 3]]]] [{citizen 42} [[""A"" [1 2]]]] [{citizen 41} [[""A"" [3 1]]]] [{citizen 10} [[""A"" [4 4]]]] [{citizen 31} [[""A"" [2 1]]]] [{citizen 4} [[""A"" [5 3]]]] [{citizen 6} [[""A"" [4 4]]]] [{citizen 43} [[""A"" [4 4]]]] [{citizen 37} [[""A"" [2 4]]]] [{citizen 46} [[""A"" [2 3]]]] [{citizen 14} [[""A"" [4 4]]]] [{citizen 26} [[""A"" [2 4]]]] [{citizen 38} [[""A"" [5 5]]]] [{citizen 49} [[""A"" [3 2]]]] [{citizen 11} [[""A"" [4 4]]]] [{citizen 23} [[""A"" [5 3]]]] [{citizen 34} [[""A"" [3 2]]]] [{citizen 44} [[""A"" [2 3]]]] [{citizen 30} [[""A"" [1 1]]]] [{citizen 16} [[""A"" [2 4]]]] [{citizen 2} [[""A"" [5 4]]]] [{citizen 33} [[""A"" [3 1]]]] [{citizen 24} [[""A"" [2 4]]]] [{citizen 21} [[""A"" [3 4]]]] [{citizen 40} [[""A"" [3 4]]]] [{citizen 29} [[""A"" [3 1]]]] [{citizen 47} [[""A"" [1 2]]]] [{citizen 27} [[""A"" [5 3]]]] [{citizen 45} [[""A"" [3 3]]]] [{citizen 28} [[""A"" [4 4]]]] [{media 63} [[""A"" [5 5]]]] [{citizen 36} [[""A"" [4 4]]]]]"
"36","[85 0 170]","49.82142857142857","11.622977368707659","9.653349340873048","""circle""","""""","9.9","{breed citizens}","false","0.5","1","""up""",,"[[""ID"" 20] [""alpha"" 1] [""beta"" 1] [""malleable"" [""A""]] [""prior"" []] [""cont_tokens"" []] [""A"" 4]]","[[0 [0 1 2 3 4 5 6 7 8 9 11 12 14]] [1 [16 17 18 19 22 23 24 25 26 27 28 29]] [2 [30 31 34 35 36 37 38 39 40 41 42 43 44]] [3 [45 46 47 48 49 50 54 55 57 58 59]] [4 [60 61 62 63 64 65 66 67 68 69 70 71 72 73 74]] [5 [75 76 77 78 79 81 83 84 85 86 87 88 89]] [6 [90 91 92 93 94 95 96 97 98 99 100 101 102 103 104]] [7 [105 106 107 108 109 110 111 112 113 114 115 116 117 118 119]] [8 [120 121 122 123 124 125 126 127 128 129 130 131 132 133 134]] [9 [135 136 137 138 139 140 141 142 143 144 145 146 147 149]] [10 [150 151 152 153 154 155 156 157 158 159 160 161 162 163 164]] [11 [165 166 167 168 169 170 171 172 173 174 175 176 177 178 179]] [12 [180 181 182 183 184 185 186 187 188 189 190 191 192 193 194]] [13 [197 198 199 200 201 202 206 207 208 209]] [14 [210 211 212 213 214 215 216 217 218 220 221 222 223 224]] [15 [225 226 227 228 229 230 231 232 233 234 235 236 237 238 239]] [16 [240 241 242 244 245 246 249 250 252 253 254]] [17 [255 256 257 258 259 260 261 262 263 264 265 266 267 268 269]] [18 [270 271 272 273 274 275 276 277 278 279 280 281 282 283 284]] [19 [285 286 287 288 289 290 291 292 293 294 295 296 297 298 299]] [20 [300 301 302 303 304 305 306 308 309 310 311 312 313 314]] [21 [315 316 317 318 319 320 321 322 323 324 325 326 327 328 329]] [22 [330 331 332 333 334 335 336 337 338 339 340 341 342 343 344]] [23 [346 347 348 349 350 351 352 353 354 355 356 357 358 359]] [24 [361 362 363 364 365 366 367 368 369 370 371 373 374]] [25 [375 376 377 378 380 383 384 385 386 387 388 389]] [26 [390 391 392 393 394 395 396 397 398 399 400 401 402 403 404]] [27 [405 406 407 408 409 410 411 412 413 414 415 416 417 418 419]] [28 [420 422 423 424 425 427 428 429 430 433 434]] [29 [435 436 437 438 440 441 442 443 444 445 446 448 449]] [30 [450 451 452 453 454 455 456 457 458 459 460 461 462 463 464]] [31 [466 467 468 470 471 472 473 474 475 476 477 478 479]] [32 [480 481 482 483 484 485 486 487 488 489 490 491 492 493 494]] [33 [495 497 498 499 500 501 502 503 504 505 506]] [34 [510 511 512 513 514 515 516 518 519 520 521 522 523 524]] [35 [526 527 528 529 530 531 532 533 534 535 536 537 538 539]] [36 [540 541 542 544 545 546 547 548 549 550 551 553 554]] [37 [556 558 559 560 561 562 563 564 565 566 567 568 569]] [38 [570 571 572 573 574 575 576 577 578 580 581 582 583 584]] [39 [585 586 587 588 589 590 591 592 593 594 595 596 597 598 599]] [40 [600 601 602 603 604 605 606 607 608 609 610 611 612 613 614]] [41 [615 616 617 618 619 620 621 622 623 624 625 626 627 628 629]] [42 [630 631 632 633 634 635 636 637 638 639 640 641 642 643 644]] [43 [646 647 648 649 650 651 652 654 655 656 657 658 659]] [44 [660 661 662 663 664 665 666 667 668 669 670 671 672 673 674]] [45 [675 676 677 678 679 680 681 682 683 684 685 686 687 688 689]] [46 [690 693 694 695 696 697 699 702 703 704]] [47 [705 706 707 708 710 711 712 713 714 715 716 717 718 719]] [48 [720 721 722 723 724 725 726 727 728 729 730 731 732 733 734]] [49 [736 738 739 741 742 743 745 746 747 748 749]] [50 [750 751 752 753 754 755 756 757 759 760 761 762 763 764]] [51 [765 766 767 768 769 770 771 772 773 774 775 776 777 778 779]] [52 [780 781 782 783 784 785 786 787 788 789 790 791 792 793 794]] [53 [795 796 797 800 801 802 803 804 805 807 808 809]] [54 [811 812 813 814 816 821 822 823 824]] [55 [825 826 827 828 829 830 831 832 833 836 837 838 839]] [56 [840 841 842 843 844 845 848 849 850 851 852 853 854]] [57 [855 856 857 858 859 860 861 862 863 864 865 866 867 868 869]] [58 [870 871 873 874 875 876 877 879 880 881 882 883 884]] [59 [885 886 888 890 893 894 895 896 897 898 899]] [60 [900 902 903 904 905 906 907 908 909 910 911 912 913 914]] [61 [916 917 918 919 921 922 923 925 926 927 928 929]] [62 [930 931 932 933 934 935 936 937 938 939 940 941 942 943 944]] [63 [945 946 947 948 950 952 953 954 955 956 958 959]] [64 [960 961 962 963 964 965 966 967 968 969 970 971 972 973 974]] [65 [975 976 977 978 979 980 981 982 983 984 985 986 987 988 989]] [66 [990 991 992 993 994 995 996 997 998 999 1000 1001 1002 1003 1004]] [67 [1007 1009 1010 1011 1012 1013 1014 1015 1016]] [68 [1020 1021 1022 1023 1024 1030 1031 1032 1034]] [69 [1035 1036 1040 1041 1042 1043 1044 1045 1046 1047 1049]] [70 [1050 1051 1052 1053 1054 1055 1056 1057 1058 1059 1060 1061 1062 1063 1064]] [71 [1065 1066 1067 1068 1069 1070 1072 1073 1074 1076 1078]] [72 [1080 1081 1083 1084 1085 1086 1087 1089 1092 1093 1094]] [73 [1095 1096 1097 1098 1099 1100 1101 1102 1103 1104 1105 1106 1107 1108 1109]] [74 [1110 1111 1112 1113 1114 1115 1116 1117 1118 1119 1120 1121 1122 1123 1124]] [75 [1125 1126 1127 1128 1130 1131 1132 1133 1134 1135 1136 1137 1138 1139]] [76 [1140 1141 1144 1145 1146 1147 1148 1149 1150 1151 1152 1153 1154]] [77 [1155 1156 1157 1158 1159 1160 1161 1162 1163 1164 1165 1166 1167 1168 1169]] [78 [1171 1172 1173 1174 1175 1176 1177 1178 1179 1180 1181 1182 1183 1184]] [79 [1186 1188 1189 1190 1191 1192 1193 1194 1195 1196 1197 1198 1199]] [80 [1200 1201 1202 1205 1207 1209 1210 1211 1212 1213 1214]] [81 [1215 1216 1217 1218 1219 1220 1221 1222 1223 1224 1225 1228 1229]] [82 [1231 1232 1233 1235 1236 1237 1238 1239 1241 1242 1243]] [83 [1246 1247 1248 1250 1251 1252 1253 1254 1255 1256 1257 1258 1259]] [84 [1260 1261 1262 1263 1264 1265 1266 1267 1268 1269 1270 1271 1272 1273 1274]] [85 [1275 1276 1277 1278 1279 1280 1281 1282 1283 1284 1285 1286 1287 1288 1289]] [86 [1290 1291 1292 1293 1294 1295 1296 1297 1298 1299 1300 1301 1302 1303 1304]] [87 [1305 1306 1307 1308 1309 1310 1311 1312 1313 1314 1315 1316 1317 1318 1319]] [88 [1320 1321 1324 1325 1327 1328 1329 1330 1331 1332 1333]] [89 [1335 1336 1337 1338 1339 1340 1341 1342 1343 1347 1348 1349]] [90 [1350 1351 1352 1353 1354 1355 1356 1357 1358 1359 1360 1361 1362 1363 1364]] [91 [1365 1366 1367 1368 1369 1370 1371 1372 1373 1374 1375 1376 1377 1378 1379]] [92 [1380 1381 1382 1383 1385 1386 1387 1388 1389 1390 1391 1392 1393 1394]] [93 [1395 1398 1399 1400 1401 1402 1403 1404 1405 1406 1407 1408 1409]] [94 [1410 1411 1412 1413 1414 1415 1416 1417 1418 1419 1420 1421 1422 1423 1424]] [95 [1425 1426 1427 1428 1429 1430 1431 1432 1433 1434 1435 1436 1437 1438 1439]] [96 [1440 1441 1442 1443 1444 1445 1446 1447 1448 1449 1450 1451 1452 1453 1454]] [97 [1455 1456 1457 1458 1459 1460 1462 1465 1467 1468 1469]] [98 [1470 1471 1472 1473 1474 1475 1476 1477 1478 1479 1480 1481 1482 1483 1484]] [99 [1485 1486 1487 1488 1489 1490 1491 1492 1493 1494 1495 1496 1497 1498 1499]]]","[[0 [0 1 3 5 8 9 11 12]] [1 [16 18 19 22 23 24 25 27 28]] [2 [30 34 35 36 39 44]] [3 [45 47 48 49 50 54 57 59]] [4 [60 64 66 68 69 73 74]] [5 [76 77 78 79 81 84 85 86 88 89]] [6 [90 94 95 96 99 100 101 102 103 104]] [7 [105 106 107 108 109 111 112 115 117]] [8 [120 122 124 126 127 128 131 132 134]] [9 [135 136 137 138 142 143 146 149]] [10 [150 151 152 154 155 156 157 158 160 161 163 164]] [11 [167 168 169 177 179]] [12 [181 182 183 184 185 186 187 188 189 190]] [13 [197 198 199 200 201 202 206 209]] [14 [211 212 214 215 216 218 221 223]] [15 [226 227 229 231 232 233 238 239]] [16 [240 242 245 246 249 250 252 253 254]] [17 [258 259 260 262 263 265 267 269]] [18 [272 274 275 279 281 282 283]] [19 [285 286 287 289 290 292 293 297 298]] [20 [300 301 302 305 306 309 312 313 314]] [21 [315 316 317 319 322 323 324 327 328 329]] [22 [331 335 338 339 340]] [23 [350 352 353 354 355 356 357]] [24 [362 363 364 365 366 367 368 371 373 374]] [25 [375 376 378 380 383 384 385 387 389]] [26 [391 393 396 400 401 403 404]] [27 [405 406 410 411 413 414 417 418 419]] [28 [420 422 423 424 427 428 433 434]] [29 [435 437 438 443 444 446 448 449]] [30 [454 456 458 459 460 462 463]] [31 [466 467 468 472 473 474 477 478]] [32 [480 481 482 483 484 486 487 491 492 493 494]] [33 [495 498 499 500 501 502 503 504 505 506]] [34 [511 512 514 515 516 519 522 523]] [35 [526 527 529 530 532 533 535 537 538 539]] [36 [540 541 542 545 546 547 548 549 550 551 553 554]] [37 [556 558 561 564 565 567 569]] [38 [570 572 573 577 580 582 583]] [39 [585 586 587 588 591 593 595 598 599]] [40 [602 603 604 606 608 609 610 612]] [41 [615 616 617 619 620 621 622 624 626 627 628]] [42 [630 631 635 636 637 638 640 643 644]] [43 [646 647 648 650 651 652 654 655 656 657 658 659]] [44 [663 665 666 668 670 673 674]] [45 [675 677 679 682 683 684 685 687 688]] [46 [690 693 694 695 696 697 699 704]] [47 [705 706 708 710 711 715 716]] [48 [720 723 724 725 726 727 729 732 734]] [49 [736 738 739 741 742 743 745 746 748 749]] [50 [750 753 754 755 756 757 761 763]] [51 [765 769 771 774 775 776 777 778]] [52 [780 784 786 787 791 793 794]] [53 [795 802 803 805 807 808 809]] [54 [812 813 814 816 822 823 824]] [55 [825 829 830 831 832 836 837 839]] [56 [840 842 844 849 851 853 854]] [57 [855 856 859 860 861 863 864 866 867 868 869]] [58 [870 871 874 876 880 881]] [59 [888 890 894 896 899]] [60 [900 902 907 909 911 914]] [61 [916 918 919 921 922 923 925 926 927 928 929]] [62 [931 933 934 936 937 938 939 940 941]] [63 [947 948 950 955 956 959]] [64 [963 965 967 968 969 972 973]] [65 [976 977 978 979 980 981 983 984 987 988]] [66 [990 992 994 995 997 999 1000 1001]] [67 [1007 1009 1011 1012 1013 1014 1015 1016]] [68 [1020 1021 1022 1023 1024 1031 1034]] [69 [1035 1036 1041 1042 1043 1044 1045 1046]] [70 [1050 1052 1055 1056 1057 1059 1060 1063 1064]] [71 [1065 1066 1070 1072 1073 1074 1076 1078]] [72 [1081 1083 1084 1085 1086 1087 1089 1093]] [73 [1096 1097 1098 1099 1100 1101 1104 1105 1107 1109]] [74 [1110 1115 1116 1118 1119 1121 1122 1123 1124]] [75 [1127 1128 1131 1132 1134 1135 1137]] [76 [1140 1141 1144 1148 1150 1151 1152 1154]] [77 [1155 1156 1157 1159 1160 1163 1165 1167]] [78 [1171 1173 1176 1177 1178 1179 1180 1182 1184]] [79 [1186 1189 1191 1192 1195 1196 1198 1199]] [80 [1200 1201 1202 1207 1209 1210 1212 1213]] [81 [1216 1218 1220 1221 1222 1223 1224 1225 1228 1229]] [82 [1231 1232 1233 1235 1236 1237 1238 1239 1241 1242 1243]] [83 [1246 1248 1251 1252 1253 1254 1255]] [84 [1260 1262 1263 1268 1269]] [85 [1275 1277 1278 1279 1281 1283 1284 1287 1289]] [86 [1290 1291 1292 1293 1295 1296 1297 1299 1300 1301 1302 1303]] [87 [1305 1306 1307 1311 1312 1315 1316 1318 1319]] [88 [1320 1321 1324 1327 1328 1329 1330 1331 1332 1333]] [89 [1335 1336 1339 1340 1342 1343 1348 1349]] [90 [1350 1352 1353 1355 1358 1359 1361 1364]] [91 [1365 1367 1368 1369 1370 1372 1373 1376]] [92 [1380 1382 1383 1386 1387 1389 1390 1391 1392 1393 1394]] [93 [1395 1398 1399 1400 1401 1403 1404 1405 1406 1407 1408]] [94 [1410 1411 1415 1416 1417 1418 1420 1421 1422 1424]] [95 [1426 1427 1428 1430 1432 1434 1439]] [96 [1442 1443 1444 1446 1448 1450 1452 1453]] [97 [1455 1458 1459 1460 1462 1465 1467 1468 1469]] [98 [1471 1472 1475 1477 1478 1480 1482 1483 1484]] [99 [1485 1486 1487 1488 1490 1491 1492 1495 1498 1499]]]",,"[[{media 50} [[""A"" [3 3]]]] [{media 52} [[""A"" [0 0]]]] [{media 53} [[""A"" [1 1]]]] [{media 54} [[""A"" [4 4]]]] [{media 55} [[""A"" [3 3]]]] [{media 56} [[""A"" [1 1]]]] [{media 57} [[""A"" [5 5]]]] [{media 58} [[""A"" [1 1]]]] [{media 59} [[""A"" [0 0]]]] [{media 60} [[""A"" [2 2]]]] [{media 61} [[""A"" [3 3]]]] [{media 63} [[""A"" [5 5]]]] [{media 64} [[""A"" [1 1]]]] [{citizen 27} [[""A"" [5 3]]]] [{citizen 20} [[""A"" [3 4]]]] [{citizen 6} [[""A"" [3 4]]]] [{media 51} [[""A"" [4 4]]]] [{citizen 14} [[""A"" [3 4]]]] [{citizen 11} [[""A"" [3 4]]]] [{citizen 5} [[""A"" [2 5]]]] [{citizen 34} [[""A"" [3 3]]]] [{citizen 23} [[""A"" [4 3]]]] [{citizen 38} [[""A"" [2 5]]]] [{citizen 26} [[""A"" [3 4]]]] [{citizen 4} [[""A"" [3 1]]]] [{citizen 12} [[""A"" [3 4]]]] [{citizen 17} [[""A"" [4 3]]]] [{citizen 42} [[""A"" [0 2]]]] [{citizen 3} [[""A"" [1 0]]]] [{citizen 41} [[""A"" [2 1]]]] [{citizen 1} [[""A"" [0 4]]]] [{citizen 10} [[""A"" [3 4]]]] [{citizen 31} [[""A"" [2 1]]]] [{citizen 8} [[""A"" [4 3]]]] [{citizen 49} [[""A"" [3 2]]]] [{citizen 7} [[""A"" [2 5]]]] [{citizen 32} [[""A"" [5 3]]]] [{citizen 25} [[""A"" [3 5]]]] [{citizen 19} [[""A"" [1 0]]]] [{citizen 16} [[""A"" [3 2]]]] [{citizen 18} [[""A"" [3 4]]]] [{citizen 35} [[""A"" [3 1]]]] [{citizen 46} [[""A"" [1 3]]]] [{citizen 9} [[""A"" [1 0]]]] [{citizen 30} [[""A"" [3 1]]]] [{citizen 0} [[""A"" [3 3]]]] [{citizen 2} [[""A"" [5 4]]]] [{citizen 43} [[""A"" [5 3]]]] [{citizen 15} [[""A"" [1 1]]]] [{citizen 45} [[""A"" [5 3]]]] [{citizen 33} [[""A"" [3 3]]]] [{citizen 24} [[""A"" [4 3]]]] [{citizen 28} [[""A"" [5 4]]]] [{citizen 47} [[""A"" [3 1]]]] [{citizen 48} [[""A"" [5 4]]]] [{citizen 22} [[""A"" [1 3]]]] [{citizen 21} [[""A"" [3 4]]]] [{citizen 37} [[""A"" [5 4]]]] [{citizen 40} [[""A"" [2 5]]]] [{citizen 39} [[""A"" [3 5]]]] [{citizen 29} [[""A"" [2 1]]]] [{citizen 13} [[""A"" [5 4]]]] [{citizen 44} [[""A"" [3 5]]]] [{media 62} [[""A"" [1 1]]]]]"
"37","[85 0 170]","80.35714285714286","9.192856929247087","1.1471250040369334","""circle""","""""","9.9","{breed citizens}","false","0.5","1","""up""",,"[[""ID"" 6] [""alpha"" 1] [""beta"" 1] [""malleable"" [""A""]] [""prior"" []] [""cont_tokens"" []] [""A"" 4]]","[[0 [0 1 2 3 4 5 6 7 8 9 10 11 12 13 14]] [1 [15 16 17 18 19 22 23 24 25 26 27 28]] [2 [30 32 33 34 35 36 37 39 40 41 42 43 44]] [3 [45 46 47 48 49 50 52 53 54 55 56 57 58 59]] [4 [60 61 62 63 64 65 66 67 68 69 70 71 72 73 74]] [5 [75 76 77 78 79 81 83 84 85 86 87 88 89]] [6 [91 92 93 94 95 96 97 98 99 100 101 102 103 104]] [7 [105 106 107 108 109 110 111 112 113 114 115 116 117 118 119]] [8 [120 121 122 123 124 125 126 127 128 130 131 132 133 134]] [9 [135 136 137 138 142 143 144 145 146 147 149]] [10 [150 151 152 153 154 155 156 157 158 159 160 161 162 163 164]] [11 [165 166 167 168 169 170 171 172 173 174 175 176 177 178 179]] [12 [180 181 182 183 184 185 186 187 188 189 190 191 192 193 194]] [13 [195 196 197 198 199 200 201 202 203 204 205 206 207 208 209]] [14 [210 211 212 213 214 215 216 217 218 220 221 222 223 224]] [15 [225 226 227 228 229 230 231 232 233 234 235 236 237 238 239]] [16 [240 241 242 244 245 246 249 250 252 253 254]] [17 [255 256 257 258 259 260 261 262 263 264 265 266 267 268 269]] [18 [270 271 272 273 274 275 276 277 278 279 280 281 282 283 284]] [19 [285 286 287 288 289 290 291 292 293 294 295 296 297 298 299]] [20 [300 301 302 303 304 305 306 308 309 310 311 312 313 314]] [21 [315 316 317 318 319 320 321 322 323 324 325 326 327 328 329]] [22 [330 331 332 333 334 335 336 337 338 339 340 341 342 344]] [23 [346 347 348 349 350 351 352 353 354 355 356 357 358 359]] [24 [361 362 363 364 365 366 367 368 369 370 371 373 374]] [25 [375 376 377 378 380 383 384 385 386 387 388 389]] [26 [390 391 392 393 394 395 396 397 398 399 400 401 402 403 404]] [27 [405 406 407 408 409 410 411 412 413 414 415 416 417 418 419]] [28 [420 422 423 424 425 427 428 429 430 433 434]] [29 [435 436 437 438 440 441 442 443 444 445 446 448 449]] [30 [450 451 452 453 454 455 456 457 458 459 460 461 462 463 464]] [31 [465 466 467 468 469 470 471 472 473 474 475 476 477 478 479]] [32 [480 481 482 483 484 486 487 488 489 490 491 492 493 494]] [33 [495 496 501 502 503 504 505 506 507 508 509]] [34 [510 511 512 513 514 515 516 518 519 520 521 522 523 524]] [35 [525 526 527 528 529 530 531 532 533 534 535 536 537 538 539]] [36 [540 541 542 544 545 546 547 548 549 550 551 553 554]] [37 [556 558 559 560 561 562 563 564 565 566 567 568 569]] [38 [570 571 572 573 574 575 576 577 578 580 581 582 583 584]] [39 [585 586 587 588 589 590 591 592 593 594 595 596 597 598 599]] [40 [600 601 602 603 604 606 607 608 609 610 611 612 613 614]] [41 [615 616 617 618 619 620 621 622 623 624 625 626 627 628 629]] [42 [630 631 632 633 634 635 636 637 638 639 640 641 642 643 644]] [43 [645 646 647 648 649 650 651 652 653 654 655 656 657 658 659]] [44 [660 661 662 663 664 665 666 667 668 669 670 671 672 673 674]] [45 [675 676 677 678 679 680 681 682 683 684 685 686 687 688 689]] [46 [690 693 694 695 696 697 699 702 703 704]] [47 [705 706 707 708 710 711 712 713 714 715 716 717 718 719]] [48 [720 721 722 723 724 725 726 727 728 729 730 731 732 733 734]] [49 [736 738 739 741 742 743 745 746 747 748 749]] [50 [750 751 752 753 754 755 756 757 759 760 761 762 763 764]] [51 [765 766 767 768 769 770 771 772 773 774 775 776 777 778 779]] [52 [780 782 783 784 785 786 787 788 789 790 791 793 794]] [53 [795 796 797 798 799 800 801 802 803 804 805 806 807 808 809]] [54 [811 812 813 814 816 821 822 823 824]] [55 [825 826 827 828 829 830 831 832 833 836 837 838 839]] [56 [840 841 842 843 844 845 848 849 850 851 852 853 854]] [57 [855 856 857 858 859 860 861 862 863 864 865 866 867 868 869]] [58 [870 871 873 874 875 876 877 879 880 881 882 883 884]] [59 [885 886 887 888 889 890 891 892 893 894 895 897 898]] [60 [900 901 902 903 904 905 906 907 908 909 910 911 912 913 914]] [61 [915 916 917 918 919 920 921 922 923 924 925 926 927 928 929]] [62 [931 933 934 936 937 938 939 940 941 942 943 944]] [63 [945 946 947 948 949 950 951 952 953 954 955 956 957 958 959]] [64 [960 961 963 964 965 966 967 968 969 970 971 972 973 974]] [65 [975 976 977 978 979 980 981 982 983 984 985 986 987 988 989]] [66 [990 991 992 993 994 995 996 997 998 999 1000 1001 1002 1003 1004]] [67 [1005 1006 1007 1008 1009 1010 1011 1012 1013 1014 1015 1016 1017 1018 1019]] [68 [1020 1021 1022 1023 1024 1030 1031 1032 1034]] [69 [1035 1036 1040 1041 1042 1043 1044 1045 1046 1047 1049]] [70 [1050 1051 1052 1053 1054 1055 1056 1057 1058 1059 1060 1061 1062 1063 1064]] [71 [1065 1066 1067 1068 1069 1070 1071 1072 1073 1074 1075 1076 1077 1078 1079]] [72 [1080 1081 1083 1084 1085 1086 1087 1089 1092 1093 1094]] [73 [1095 1096 1097 1098 1099 1100 1101 1102 1103 1104 1105 1107 1108 1109]] [74 [1110 1111 1112 1113 1114 1115 1116 1117 1118 1119 1120 1121 1122 1123 1124]] [75 [1125 1126 1127 1128 1129 1130 1131 1132 1133 1134 1135 1136 1137 1138 1139]] [76 [1140 1141 1142 1143 1144 1145 1146 1147 1148 1149 1150 1151 1152 1153 1154]] [77 [1155 1156 1157 1158 1159 1160 1161 1162 1163 1164 1165 1166 1167 1168 1169]] [78 [1170 1171 1172 1173 1174 1175 1176 1177 1178 1179 1180 1181 1182 1183 1184]] [79 [1185 1186 1187 1188 1189 1190 1191 1192 1193 1194 1195 1196 1197 1198 1199]] [80 [1200 1201 1202 1203 1204 1205 1206 1207 1208 1209 1210 1211 1212 1213 1214]] [81 [1215 1216 1218 1220 1221 1222 1223 1224 1225 1228 1229]] [82 [1231 1232 1233 1235 1236 1237 1238 1239 1241 1242 1243]] [83 [1246 1247 1248 1250 1251 1252 1253 1254 1255 1256 1257 1258 1259]] [84 [1260 1262 1263 1264 1265 1266 1267 1268 1269 1270 1271 1272 1273 1274]] [85 [1275 1276 1277 1278 1279 1280 1281 1282 1283 1284 1285 1286 1287 1288 1289]] [86 [1290 1291 1292 1293 1294 1295 1296 1297 1298 1299 1300 1301 1302 1303 1304]] [87 [1305 1306 1307 1308 1309 1310 1311 1312 1313 1314 1315 1316 1317 1318 1319]] [88 [1320 1321 1322 1323 1324 1325 1326 1327 1328 1329 1330 1331 1332 1333 1334]] [89 [1335 1336 1337 1338 1339 1340 1341 1342 1343 1347 1348 1349]] [90 [1350 1351 1352 1353 1354 1355 1356 1357 1358 1359 1360 1361 1362 1363 1364]] [91 [1366 1367 1368 1369 1370 1371 1372 1373 1374 1375 1376 1377 1378 1379]] [92 [1380 1381 1382 1383 1384 1385 1386 1387 1388 1389 1390 1391 1392 1393 1394]] [93 [1395 1396 1397 1398 1399 1400 1401 1402 1403 1404 1405 1406 1407 1408 1409]] [94 [1410 1411 1412 1413 1414 1415 1416 1417 1418 1419 1420 1421 1422 1423 1424]] [95 [1425 1426 1427 1428 1429 1430 1431 1432 1433 1434 1435 1436 1437 1438 1439]] [96 [1440 1441 1442 1443 1444 1445 1446 1447 1448 1449 1450 1451 1452 1453 1454]] [97 [1455 1456 1457 1458 1459 1460 1461 1462 1463 1464 1465 1466 1467 1468 1469]] [98 [1470 1471 1472 1473 1474 1475 1476 1477 1478 1479 1480 1481 1482 1483 1484]] [99 [1485 1486 1487 1488 1489 1490 1491 1492 1493 1494 1495 1496 1497 1498 1499]]]","[[0 [0 1 3 5 8 9 10 11 12]] [1 [15 16 18 19 22 23 25 27 28]] [2 [30 33 34 35 36 39 43 44]] [3 [45 47 48 49 50 55 57 59]] [4 [60 61 62 63 65 66 68 69 73 74]] [5 [76 77 78 79 81 83 84 87]] [6 [91 92 93 98 101 102 103 104]] [7 [105 106 107 110 114 116 118 119]] [8 [121 123 125 128 130 132 134]] [9 [135 136 137 138 142 143 145 146 147]] [10 [153 156 157 158 160 161 163 164]] [11 [167 168 169 174 175 177 179]] [12 [180 181 182 183 184 185 186 187 188 189 190]] [13 [197 198 200 201 202 206 207 208 209]] [14 [211 212 214 215 216 217 218 221 222 223]] [15 [226 227 229 231 233 238 239]] [16 [240 244 250 252 253 254]] [17 [258 259 260 261 264 266 269]] [18 [271 272 274 275 278 280 283]] [19 [285 286 287 289 290 292 294 295 296 297 298]] [20 [300 303 304 309 312]] [21 [315 317 319 322 323 324 327 328]] [22 [330 331 332 335 337 338 339 340]] [23 [350 353 355 356 357]] [24 [362 363 364 365 367 368 371 373 374]] [25 [375 376 378 380 383 386 387 389]] [26 [390 391 393 396 402 404]] [27 [405 406 410 411 412 415 416 417 418 419]] [28 [420 422 423 424 427 428 429 430 434]] [29 [435 440 441 442 444 446 448 449]] [30 [454 456 458 459 460 462 463 464]] [31 [466 467 468 472 473 474 476]] [32 [482 483 484 488 489 490]] [33 [496 502 503 504 505 506]] [34 [512 514 515 516 518 520 521 524]] [35 [525 527 529 530 532 533 535 537 538 539]] [36 [540 541 542 545 546 547 548 549 550 551 553 554]] [37 [556 560 561 564 565 567]] [38 [571 574 576 578 580 582 583]] [39 [585 586 587 588 590 593 594 596 597]] [40 [600 601 603 604 606 608 609 610 612]] [41 [615 616 617 618 620 621 624 626 629]] [42 [630 632 633 634 638 640 643 644]] [43 [646 647 648 649 650 651 652 654 656 657 658 659]] [44 [663 664 667 668 670 673 674]] [45 [675 676 677 678 681 686 687 688]] [46 [690 693 694 695 696 697 699 702 703 704]] [47 [706 707 708 712 713 714 716 717]] [48 [720 723 724 725 726 727 729 732 734]] [49 [736 738 739 741 742 743 745 746 748 749]] [50 [750 751 752 753 757 763 764]] [51 [766 767 768 770 772 773 779]] [52 [780 784 786 787 790 791 793]] [53 [795 797 800 801 802 805 807 808 809]] [54 [812 814 816 822 823 824]] [55 [825 829 830 831 832 833 837 839]] [56 [840 841 842 844 849 852 854]] [57 [855 856 859 860 861 863 864 865 866 867 868 869]] [58 [870 871 873 875 877 882 883 884]] [59 [886 888 890 894]] [60 [900 902 903 904 905 907 911 912 913]] [61 [915 917 919 921 922 923 925 926 927 928 929]] [62 [931 933 934 936 937 938 939 940 943 944]] [63 [945 949 951 952 953 954 956 957]] [64 [960 961 963 965 967 969 972 973 974]] [65 [975 977 978 979 980 981 983 984 987 988]] [66 [990 992 994 995 997 998 1002 1003 1004]] [67 [1005 1006 1008 1010 1011 1012 1013 1014 1015 1016]] [68 [1020 1021 1022 1023 1024 1031 1034]] [69 [1035 1036 1041 1045 1046]] [70 [1050 1053 1054 1058 1061 1062 1064]] [71 [1065 1066 1070 1072 1073 1074 1076 1078]] [72 [1081 1083 1084 1085 1087 1089 1092 1094]] [73 [1095 1100 1101 1103 1104 1105 1107 1108 1109]] [74 [1110 1115 1116 1118 1119 1121 1122]] [75 [1126 1127 1128 1130 1132 1133 1136 1138]] [76 [1140 1141 1144 1145 1146 1149 1153 1154]] [77 [1157 1158 1159 1160 1162 1163 1165 1167]] [78 [1171 1172 1174 1175 1179 1181]] [79 [1185 1187 1194 1197]] [80 [1200 1201 1202 1205 1206 1208 1210 1212 1213]] [81 [1216 1218 1220 1221 1222 1223 1224 1225 1229]] [82 [1231 1232 1235 1236 1237 1238 1239 1241 1242 1243]] [83 [1246 1248 1251 1252 1253 1254 1255]] [84 [1260 1262 1263 1268 1269 1270 1272 1273 1274]] [85 [1277 1278 1279 1283 1284 1289]] [86 [1292 1293 1295 1296 1297 1299 1301 1302 1303]] [87 [1305 1306 1307 1311 1312 1315 1316 1318]] [88 [1320 1321 1324 1327 1328 1329 1331 1332 1333]] [89 [1335 1336 1337 1338 1341 1342 1343 1347 1349]] [90 [1350 1352 1354 1356 1357 1363]] [91 [1366 1369 1370 1372 1373 1374 1375 1377 1378 1379]] [92 [1380 1382 1383 1386 1387 1389 1390 1391 1392 1394]] [93 [1395 1398 1399 1400 1401 1402 1403 1404 1408]] [94 [1410 1411 1415 1417 1418 1422 1424]] [95 [1426 1427 1428 1430 1432 1434 1435 1436 1437 1439]] [96 [1442 1443 1444 1446 1448 1450 1452 1454]] [97 [1456 1457 1459 1460 1462 1465 1467 1468 1469]] [98 [1471 1472 1475 1476 1477 1478 1482 1483 1484]] [99 [1485 1486 1487 1488 1490 1491 1495 1498 1499]]]",,"[[{citizen 46} [[""A"" [5 3]]]] [{citizen 49} [[""A"" [2 5]]]] [{media 51} [[""A"" [4 4]]]] [{media 52} [[""A"" [0 0]]]] [{media 53} [[""A"" [1 1]]]] [{media 58} [[""A"" [1 1]]]] [{media 60} [[""A"" [2 2]]]] [{media 61} [[""A"" [3 3]]]] [{media 62} [[""A"" [1 1]]]] [{media 64} [[""A"" [1 1]]]] [{citizen 0} [[""A"" [1 4]]]] [{citizen 18} [[""A"" [4 4]]]] [{media 56} [[""A"" [1 1]]]] [{citizen 8} [[""A"" [2 1]]]] [{citizen 12} [[""A"" [1 4]]]] [{citizen 15} [[""A"" [1 1]]]] [{media 50} [[""A"" [3 3]]]] [{citizen 5} [[""A"" [2 5]]]] [{citizen 3} [[""A"" [1 1]]]] [{media 63} [[""A"" [5 5]]]] [{media 57} [[""A"" [5 5]]]] [{media 59} [[""A"" [0 0]]]] [{media 55} [[""A"" [3 3]]]] [{media 54} [[""A"" [4 4]]]] [{citizen 7} [[""A"" [5 4]]]] [{citizen 19} [[""A"" [5 1]]]] [{citizen 1} [[""A"" [1 4]]]] [{citizen 32} [[""A"" [3 5]]]] [{citizen 48} [[""A"" [2 5]]]] [{citizen 9} [[""A"" [1 1]]]] [{citizen 39} [[""A"" [3 5]]]] [{citizen 20} [[""A"" [4 4]]]] [{citizen 25} [[""A"" [2 5]]]] [{citizen 35} [[""A"" [1 1]]]] [{citizen 14} [[""A"" [4 4]]]] [{citizen 11} [[""A"" [4 4]]]] [{citizen 34} [[""A"" [3 2]]]] [{citizen 23} [[""A"" [3 1]]]] [{citizen 38} [[""A"" [5 1]]]] [{citizen 26} [[""A"" [2 4]]]] [{citizen 4} [[""A"" [5 1]]]] [{citizen 17} [[""A"" [2 3]]]] [{citizen 45} [[""A"" [3 5]]]] [{citizen 13} [[""A"" [5 4]]]] [{citizen 22} [[""A"" [2 1]]]] [{citizen 42} [[""A"" [2 1]]]] [{citizen 41} [[""A"" [1 1]]]] [{citizen 10} [[""A"" [3 4]]]] [{citizen 31} [[""A"" [1 1]]]] [{citizen 6} [[""A"" [5 4]]]] [{citizen 43} [[""A"" [5 4]]]] [{citizen 44} [[""A"" [2 3]]]] [{citizen 30} [[""A"" [1 1]]]] [{citizen 16} [[""A"" [2 4]]]] [{citizen 2} [[""A"" [5 4]]]] [{citizen 27} [[""A"" [5 3]]]] [{citizen 33} [[""A"" [3 1]]]] [{citizen 24} [[""A"" [2 1]]]] [{citizen 21} [[""A"" [2 3]]]] [{citizen 40} [[""A"" [5 4]]]] [{citizen 47} [[""A"" [2 1]]]] [{citizen 29} [[""A"" [1 1]]]] [{citizen 28} [[""A"" [5 4]]]] [{citizen 36} [[""A"" [5 4]]]]]"
"38","[213 0 42]","189.20454545454544","-1.5863159991825628","-10.243723029126047","""circle""","""""","9.9","{breed citizens}","false","0.5","1","""up""",,"[[""ID"" 15] [""alpha"" 1] [""beta"" 1] [""malleable"" [""A""]] [""prior"" []] [""cont_tokens"" []] [""A"" 1]]","[[0 [1 3 4 5 6 7 8 9 10 11 12 13 14]] [1 [17 19 20 21 22 23 24 25 26 27 28 29]] [2 [30 31 32 33 34 35 36 37 38 39 40 41 42 43 44]] [3 [45 46 47 48 49 50 54 55 56 57 58 59]] [4 [60 61 62 63 64 65 66 67 68 69 70 71 72 73 74]] [5 [75 76 77 78 79 80 81 82 83 84 85 86 87 88 89]] [6 [90 91 92 93 94 95 96 97 98 99 100 101 102 103 104]] [7 [105 106 107 108 109 110 111 112 113 114 115 116 117 118 119]] [8 [120 121 122 123 124 125 126 127 128 130 131 132 133 134]] [9 [135 136 137 138 139 140 141 142 143 144 145 146 147 148 149]] [10 [150 151 152 153 154 155 156 157 158 159 160 161 162 163 164]] [11 [165 166 167 168 169 170 171 172 173 174 175 176 177 178 179]] [12 [180 181 182 183 184 185 186 187 188 189 190]] [13 [197 198 199 200 201 202 206 207 208 209]] [14 [210 211 212 213 214 215 216 217 218 220 221 222 223 224]] [15 [225 226 227 228 229 230 231 232 233 234 235 236 237 238 239]] [16 [240 242 243 244 245 246 247 248 249 250 251 252 253 254]] [17 [255 256 257 258 259 260 261 262 263 264 265 266 267 268 269]] [18 [270 272 273 274 275 276 277 278 279 280 281 282 283 284]] [19 [285 286 287 288 289 290 292 293 294 295 296 297 298]] [20 [300 301 302 303 304 305 306 308 309 310 311 312 313 314]] [21 [315 316 317 318 319 320 321 322 323 324 325 326 327 328 329]] [22 [330 331 332 333 334 335 336 337 338 339 340 341 342 343 344]] [23 [345 346 347 348 349 350 351 352 353 354 355 356 357 358 359]] [24 [360 366 367 368 371 372 373 374]] [25 [375 376 377 378 380 383 384 385 386 387 388 389]] [26 [390 391 392 393 394 395 396 397 398 399 400 401 402 403 404]] [27 [405 406 407 408 409 410 411 412 413 414 415 416 417 418 419]] [28 [420 422 423 424 425 427 428 429 430 433 434]] [29 [435 436 437 438 440 441 442 443 444 445 446 448 449]] [30 [450 451 452 453 454 455 456 457 458 459 460 461 462 463 464]] [31 [465 466 467 468 469 470 471 472 473 474 475 476 477 478 479]] [32 [480 481 482 483 484 485 486 487 489 490 491 492 493 494]] [33 [495 497 498 499 500 501 502 503 504 505 506]] [34 [510 511 512 513 514 515 516 518 519 520 521 522 523 524]] [35 [526 527 528 529 530 531 532 533 534 535 536 537 538 539]] [36 [540 541 542 544 545 546 547 548 549 550 551 553 554]] [37 [556 558 559 560 561 562 563 564 565 566 567 568 569]] [38 [570 571 572 573 574 575 576 577 578 580 581 582 583 584]] [39 [585 586 587 588 590 591 592 593 594 595 596 597 598 599]] [40 [600 601 602 603 604 606 607 608 609 610 611 612 613 614]] [41 [615 616 617 618 619 620 621 622 623 624 625 626 627 628 629]] [42 [630 631 632 633 634 635 636 637 638 639 640 641 642 643 644]] [43 [645 646 647 648 649 650 651 652 653 654 655 656 657 658 659]] [44 [660 661 662 663 664 665 666 667 668 669 670 671 672 673 674]] [45 [675 676 677 678 679 680 681 682 683 684 685 686 687 688 689]] [46 [690 693 694 695 696 697 699 702 703 704]] [47 [705 706 707 708 709 710 711 712 713 714 715 716 717 718 719]] [48 [720 721 722 723 724 725 726 727 729 732 734]] [49 [736 738 739 741 742 743 745 746 747 748 749]] [50 [750 751 752 753 754 755 756 757 759 760 761 762 763 764]] [51 [765 766 767 768 769 770 771 772 773 774 775 776 777 778 779]] [52 [780 781 782 783 784 785 786 787 788 789 790 791 792 793 794]] [53 [795 796 797 798 799 800 801 802 803 804 805 806 807 808 809]] [54 [810 811 812 813 814 816 821 822 823 824]] [55 [825 826 827 828 829 830 831 832 833 836 837 838 839]] [56 [841 842 843 844 845 846 847 848 849 850 851 852 853 854]] [57 [855 856 857 858 859 860 861 862 863 864 865 866 867 868 869]] [58 [870 871 873 874 875 876 877 879 880 881 882 883 884]] [59 [885 886 888 890 893 894 895 896 897 898 899]] [60 [900 901 902 903 904 905 906 907 908 909 910 911 912 913 914]] [61 [915 917 919 920 921 922 923 924 925 926 927 928 929]] [62 [930 931 932 933 934 935 936 937 938 939 940 941 942 943 944]] [63 [945 946 947 948 949 950 951 952 953 954 955 956 957 958 959]] [64 [960 961 963 964 965 966 967 968 969 970 971 972 973 974]] [65 [975 976 977 978 979 980 981 982 983 984 985 986 987 988 989]] [66 [990 991 992 993 994 995 996 997 998 999 1000 1001 1002 1003 1004]] [67 [1005 1006 1007 1008 1009 1010 1011 1012 1013 1014 1015 1016 1017 1018 1019]] [68 [1020 1021 1022 1023 1024 1030 1031 1032 1034]] [69 [1035 1036 1040 1041 1042 1043 1044 1045 1046 1047 1049]] [70 [1050 1051 1052 1053 1054 1055 1056 1057 1058 1059 1060 1061 1062 1063 1064]] [71 [1065 1066 1067 1068 1069 1070 1071 1072 1073 1074 1075 1076 1077 1078 1079]] [72 [1080 1081 1083 1084 1085 1086 1087 1089 1092 1093 1094]] [73 [1095 1096 1097 1098 1099 1100 1101 1102 1103 1104 1105 1106 1107 1108 1109]] [74 [1110 1111 1112 1113 1114 1115 1116 1117 1118 1119 1120 1121 1122 1123 1124]] [75 [1125 1126 1127 1128 1129 1130 1131 1132 1133 1134 1135 1136 1137 1138 1139]] [76 [1140 1141 1144 1145 1146 1147 1148 1149 1150 1151 1152 1153 1154]] [77 [1155 1156 1157 1158 1159 1160 1161 1162 1163 1164 1165 1166 1167 1168 1169]] [78 [1170 1171 1172 1174 1175 1177 1178 1179 1180 1181 1182 1183 1184]] [79 [1185 1186 1187 1188 1189 1190 1191 1192 1193 1194 1195 1196 1197 1198 1199]] [80 [1200 1201 1202 1203 1204 1205 1206 1207 1208 1209 1210 1211 1212 1213 1214]] [81 [1215 1216 1218 1220 1221 1222 1223 1224 1225 1228 1229]] [82 [1231 1232 1233 1235 1236 1237 1238 1239 1241 1242 1243]] [83 [1246 1247 1248 1250 1251 1252 1253 1254 1255 1256 1257 1258 1259]] [84 [1260 1261 1262 1263 1264 1265 1266 1267 1268 1269 1270 1271 1272 1273 1274]] [85 [1275 1276 1277 1278 1279 1280 1281 1282 1283 1284 1285 1286 1287 1288 1289]] [86 [1290 1291 1292 1293 1294 1295 1296 1297 1298 1299 1300 1301 1302 1303 1304]] [87 [1305 1306 1307 1308 1309 1310 1311 1312 1313 1314 1315 1316 1317 1318 1319]] [88 [1320 1321 1322 1323 1324 1325 1326 1327 1328 1329 1330 1331 1332 1333 1334]] [89 [1335 1336 1337 1338 1339 1340 1341 1342 1343 1347 1348 1349]] [90 [1350 1351 1352 1353 1354 1355 1356 1357 1358 1359 1360 1361 1362 1363 1364]] [91 [1365 1366 1367 1368 1369 1370 1371 1372 1373 1374 1375 1376 1377 1378 1379]] [92 [1380 1381 1382 1383 1384 1385 1386 1387 1388 1389 1390 1391 1392 1393 1394]] [93 [1395 1396 1397 1398 1399 1400 1401 1402 1403 1404 1405 1406 1407 1408 1409]] [94 [1410 1411 1412 1413 1414 1415 1416 1417 1418 1419 1420 1421 1422 1423 1424]] [95 [1425 1426 1427 1428 1429 1430 1431 1432 1433 1434 1435 1436 1437 1438 1439]] [96 [1440 1441 1442 1443 1444 1445 1446 1447 1448 1449 1450 1451 1452 1453 1454]] [97 [1455 1456 1457 1458 1459 1460 1461 1462 1463 1464 1465 1466 1467 1468 1469]] [98 [1470 1471 1472 1473 1474 1475 1476 1477 1478 1479 1480 1481 1482 1483 1484]] [99 [1489 1490 1491 1492 1493 1494 1495 1496 1497 1498 1499]]]","[[0 [6 7 11 13 14]] [1 [17 20 21 22 23 24 25 26 27 28]] [2 [30 33 34 35 36 37 39 42 43 44]] [3 [45 47 48 49 50 54 56 58]] [4 [61 62 63 65 67 70 71 72]] [5 [75 77 78 79 81 83 84 87]] [6 [91 92 93 98 101 102 103 104]] [7 [105 106 107 108 109 111 112 113 115 116 118 119]] [8 [121 123 124 126 127 128 130 133]] [9 [139 140 141 142 143 144 145 146 149]] [10 [151 152 154 155 156 157 158 159 164]] [11 [165 170 171 172 173 176 178]] [12 [180 182 183 184 185 186 187 188 189 190]] [13 [197 198 200 201 202 206 209]] [14 [211 212 214 215 216 217 218 221 223]] [15 [226 228 230 234 235 236 237]] [16 [243 244 247 248 251 253 254]] [17 [257 258 259 261 264 265 267 268]] [18 [270 276 277 278 280]] [19 [288 289 290 292 294 295 296 297 298]] [20 [300 301 302 305 306 308 310 311 313 314]] [21 [315 318 319 322 325 326 329]] [22 [333 334 336 337 341 342 344]] [23 [345 346 348 349 351 358 359]] [24 [360 366 367 368 371 372 373 374]] [25 [375 376 378 380 383 386 387 388]] [26 [392 394 395 397 399 401 402 404]] [27 [405 408 409 412 415 416 418 419]] [28 [420 422 423 424 427 428 433 434]] [29 [435 436 437 438 440 441 442 444 448]] [30 [450 451 453 455 457 461]] [31 [465 469 470 471 472 473 475 478 479]] [32 [485 486 487 491 492 493 494]] [33 [495 498 499 500 501 502 503 504 505 506]] [34 [512 514 515 516 519 522 523]] [35 [526 527 529 530 532 533 535 537 539]] [36 [540 541 542 545 546 547 548 549 550 551 553 554]] [37 [556 558 562 563 566 568 569]] [38 [570 571 574 575 576 577 580 582 583 584]] [39 [585 586 587 588 591 592 593 594 596 597]] [40 [600 601 603 604 606 609 610 612]] [41 [615 616 617 618 619 620 621 622 624 626 629]] [42 [632 633 634 638 640 641 642 643 644]] [43 [646 647 648 649 650 651 652 654 656 657 658 659]] [44 [660 661 662 664 667 668 670 671 672 673 674]] [45 [675 677 680 681 686 687 688]] [46 [690 693 694 695 696 697 699 702 703]] [47 [705 707 708 710 711 715 716 717 718]] [48 [721 726 727 729 732 734]] [49 [736 738 739 741 742 743 745 746 748 749]] [50 [750 751 752 753 756 757 759 760 761 763 764]] [51 [765 769 771 774 775 776 777 778 779]] [52 [780 784 786 787 791 793]] [53 [795 797 800 801 802 803 805 807 808 809]] [54 [811 812 814 816 822 823 824]] [55 [826 827 828 831 832 836 838]] [56 [841 842 844 845 848 851 852]] [57 [857 858 862 865 866 867 868 869]] [58 [870 871 874 876 880 881]] [59 [885 886 888 893 895 897 898]] [60 [901 904 905 906 908 909 910 912 913]] [61 [915 917 919 921 922 923 925 926 927 928 929]] [62 [931 933 934 936 937 938 939 940 941]] [63 [946 948 950 955 956 957]] [64 [960 961 963 965 967 969 972 973]] [65 [976 978 979 982 985 986 988 989]] [66 [990 991 993 994 995 997 998 1003 1004]] [67 [1005 1006 1007 1009 1011 1012 1013 1014 1015 1016]] [68 [1020 1021 1022 1023 1024 1031 1034]] [69 [1035 1042 1043 1044 1045 1046 1047 1049]] [70 [1051 1052 1053 1054 1058 1062]] [71 [1065 1066 1069 1073 1076 1078]] [72 [1080 1081 1083 1084 1085 1087 1089 1092 1094]] [73 [1095 1100 1101 1103 1104 1105 1107 1108 1109]] [74 [1110 1111 1113 1114 1117 1120 1122]] [75 [1125 1126 1128 1131 1134 1135 1137]] [76 [1140 1141 1144 1145 1146 1149 1153 1154]] [77 [1155 1156 1157 1159 1160 1161 1162 1164 1166 1168 1169]] [78 [1170 1172 1174 1175 1177 1178 1179 1180 1182 1184]] [79 [1186 1190 1191 1192 1193 1194 1197]] [80 [1200 1201 1202 1207 1209 1211 1212 1213]] [81 [1216 1218 1220 1223 1224 1225 1228 1229]] [82 [1231 1232 1233 1235 1236 1243]] [83 [1246 1248 1251 1252 1253 1254 1255]] [84 [1260 1262 1263 1267 1268 1269 1270 1272 1273 1274]] [85 [1277 1278 1280 1282 1285 1286 1287 1288 1289]] [86 [1290 1291 1294 1297 1299 1301 1302 1303]] [87 [1305 1306 1307 1311 1312 1315 1318]] [88 [1321 1324 1327 1328 1329 1331 1332 1333]] [89 [1335 1336 1337 1338 1341 1342 1343 1347 1348]] [90 [1350 1351 1353 1355 1358 1359 1361 1364]] [91 [1365 1367 1368 1369 1370 1372 1373 1374 1375 1377 1378 1379]] [92 [1381 1385 1388 1389 1391]] [93 [1395 1398 1399 1402 1403 1404 1405 1406 1407 1408]] [94 [1410 1411 1415 1416 1417 1418 1420 1421 1422 1424]] [95 [1426 1427 1428 1430 1432 1438]] [96 [1440 1443 1444 1446 1448 1450 1452 1454]] [97 [1456 1457 1458 1459 1461 1463 1464 1466]] [98 [1470 1471 1472 1475 1476 1477 1478 1479 1481]] [99 [1489 1490 1491 1494 1497]]]",,"[[{media 50} [[""A"" [3 3]]]] [{media 54} [[""A"" [4 4]]]] [{media 55} [[""A"" [3 3]]]] [{media 56} [[""A"" [1 1]]]] [{media 57} [[""A"" [5 5]]]] [{media 59} [[""A"" [0 0]]]] [{media 63} [[""A"" [5 5]]]] [{citizen 1} [[""A"" [4 4]]]] [{citizen 7} [[""A"" [5 5]]]] [{media 53} [[""A"" [1 1]]]] [{media 52} [[""A"" [0 0]]]] [{citizen 14} [[""A"" [4 4]]]] [{citizen 23} [[""A"" [3 4]]]] [{citizen 26} [[""A"" [5 4]]]] [{citizen 5} [[""A"" [5 3]]]] [{citizen 11} [[""A"" [4 4]]]] [{media 58} [[""A"" [1 1]]]] [{media 62} [[""A"" [1 1]]]] [{citizen 4} [[""A"" [3 1]]]] [{media 64} [[""A"" [1 1]]]] [{citizen 0} [[""A"" [5 3]]]] [{media 51} [[""A"" [4 4]]]] [{citizen 34} [[""A"" [3 2]]]] [{media 60} [[""A"" [2 2]]]] [{citizen 42} [[""A"" [1 2]]]] [{citizen 3} [[""A"" [3 1]]]] [{citizen 41} [[""A"" [3 1]]]] [{citizen 10} [[""A"" [5 4]]]] [{citizen 31} [[""A"" [1 1]]]] [{citizen 20} [[""A"" [2 4]]]] [{citizen 6} [[""A"" [3 4]]]] [{citizen 22} [[""A"" [3 3]]]] [{citizen 32} [[""A"" [5 3]]]] [{citizen 43} [[""A"" [5 3]]]] [{citizen 15} [[""A"" [1 1]]]] [{citizen 37} [[""A"" [5 4]]]] [{citizen 46} [[""A"" [3 1]]]] [{citizen 18} [[""A"" [3 4]]]] [{citizen 39} [[""A"" [5 3]]]] [{citizen 8} [[""A"" [2 1]]]] [{citizen 35} [[""A"" [1 1]]]] [{citizen 25} [[""A"" [5 3]]]] [{citizen 44} [[""A"" [3 5]]]] [{media 61} [[""A"" [3 3]]]] [{citizen 49} [[""A"" [5 3]]]] [{citizen 12} [[""A"" [3 4]]]] [{citizen 33} [[""A"" [3 1]]]] [{citizen 19} [[""A"" [4 5]]]] [{citizen 24} [[""A"" [3 4]]]] [{citizen 21} [[""A"" [5 4]]]] [{citizen 40} [[""A"" [5 3]]]] [{citizen 9} [[""A"" [3 1]]]] [{citizen 17} [[""A"" [3 2]]]] [{citizen 30} [[""A"" [1 1]]]] [{citizen 27} [[""A"" [5 3]]]] [{citizen 29} [[""A"" [3 1]]]] [{citizen 47} [[""A"" [2 1]]]] [{citizen 28} [[""A"" [4 4]]]] [{citizen 48} [[""A"" [5 4]]]] [{citizen 2} [[""A"" [5 4]]]] [{citizen 13} [[""A"" [5 4]]]] [{citizen 45} [[""A"" [5 3]]]] [{citizen 16} [[""A"" [2 5]]]] [{citizen 36} [[""A"" [4 4]]]]]"
"39","[85 0 170]","331.3636363636364","-2.1814168028770267","4.015973026783874","""circle""","""""","9.9","{breed citizens}","false","0.5","1","""up""",,"[[""ID"" 12] [""alpha"" 1] [""beta"" 1] [""malleable"" [""A""]] [""prior"" []] [""cont_tokens"" []] [""A"" 4]]","[[0 [0 1 2 3 4 5 6 7 8 9 10 11 12 13 14]] [1 [15 16 18 19 22 23 24 25 26 27 28]] [2 [30 32 33 34 35 36 37 39 40 41 42 43 44]] [3 [45 46 47 48 49 50 51 52 53 54 55 56 57 58 59]] [4 [60 61 62 63 64 65 66 67 68 69 70 71 72 73 74]] [5 [76 77 78 79 81 83 84 85 86 87 88 89]] [6 [90 91 92 93 94 95 96 97 98 99 100 101 102 103 104]] [7 [105 106 107 108 109 110 111 112 113 114 115 116 117 118 119]] [8 [120 121 122 123 124 125 126 127 128 130 131 132 133 134]] [9 [135 136 137 138 139 140 141 142 143 144 145 146 147 149]] [10 [150 151 152 153 154 155 156 157 158 159 160 161 162 163 164]] [11 [166 167 168 169 170 171 172 173 174 175 176 177 178 179]] [12 [180 181 182 183 184 185 186 187 188 189 190 191 192 193 194]] [13 [197 198 199 200 201 202 206 207 208 209]] [14 [210 211 212 213 214 215 216 217 218 219 220 221 222 223 224]] [15 [225 226 227 228 229 230 231 232 233 234 235 236 237 238 239]] [16 [240 241 242 244 245 246 249 250 252 253 254]] [17 [255 256 257 258 259 260 261 262 263 264 265 266 267 268 269]] [18 [271 272 273 274 275 276 277 278 279 280 281 282 283 284]] [19 [285 286 287 288 289 290 291 292 293 294 295 296 297 298 299]] [20 [300 301 302 303 304 305 306 307 308 309 310 311 312 313 314]] [21 [315 316 317 318 319 320 321 322 323 324 325 326 327 328 329]] [22 [330 331 332 333 334 335 336 337 338 339 340 341 342 343 344]] [23 [345 346 347 348 349 350 351 352 353 354 355 356 357 358 359]] [24 [361 362 363 364 365 366 367 368 369 370 371 373 374]] [25 [375 376 377 378 380 383 384 385 386 387 388 389]] [26 [390 391 392 393 394 395 396 397 398 399 400 401 402 403 404]] [27 [405 406 407 408 409 410 411 412 413 414 415 416 417 418 419]] [28 [420 422 423 424 425 427 428 429 430 433 434]] [29 [435 436 437 438 440 441 442 443 444 445 446 448 449]] [30 [450 451 452 453 454 455 456 457 458 459 460 461 462 463 464]] [31 [465 466 467 468 469 470 471 472 473 474 475 476 477 478 479]] [32 [480 481 482 483 484 485 486 487 488 489 490 491 492 493 494]] [33 [495 497 498 499 500 501 502 503 504 505 506]] [34 [510 511 512 513 514 515 516 518 519 520 521 522 523 524]] [35 [525 526 527 528 529 530 531 532 533 534 535 536 537 538 539]] [36 [540 541 542 544 545 546 547 548 549 550 551 553 554]] [37 [556 558 559 560 561 562 563 564 565 566 567 568 569]] [38 [570 571 572 573 574 575 576 577 578 580 581 582 583 584]] [39 [585 586 587 588 590 591 592 593 594 595 596 597 598 599]] [40 [600 601 602 603 604 605 606 607 608 609 610 611 612 613 614]] [41 [615 616 617 618 619 620 621 622 624 625 626 627 628 629]] [42 [630 631 632 633 634 635 636 637 638 639 640 641 642 643 644]] [43 [646 647 648 649 650 651 652 654 655 656 657 658 659]] [44 [660 661 662 663 664 665 666 667 668 669 670 671 672 673 674]] [45 [675 676 677 678 679 680 681 682 683 684 685 686 687 688 689]] [46 [690 693 694 695 696 697 699 702 703 704]] [47 [705 706 707 708 710 711 712 713 714 715 716 717 718 719]] [48 [720 721 722 723 724 725 726 727 728 729 730 731 732 733 734]] [49 [736 738 739 741 742 743 745 746 747 748 749]] [50 [750 751 752 753 754 755 756 757 759 760 761 762 763 764]] [51 [765 766 767 768 769 770 771 772 773 774 775 776 777 778 779]] [52 [780 781 782 783 784 785 786 787 788 789 790 791 792 793 794]] [53 [795 796 797 799 800 801 802 803 804 805 807 808 809]] [54 [812 813 814 816 821 822 823 824]] [55 [825 826 827 828 829 830 831 832 833 836 837 838 839]] [56 [840 841 842 843 844 845 848 849 850 851 852 853 854]] [57 [855 856 857 858 859 860 861 862 863 864 865 866 867 868 869]] [58 [870 871 873 874 875 876 877 879 880 881 882 883 884]] [59 [885 886 887 888 889 890 891 892 893 894 895 897 898]] [60 [901 903 904 905 906 907 908 909 910 911 912 913 914]] [61 [915 917 919 920 921 922 923 924 925 926 927 928 929]] [62 [931 933 934 936 937 938 939 940 941 942 943 944]] [63 [945 946 947 948 949 950 951 952 953 954 955 956 957 959]] [64 [960 961 962 963 964 965 966 967 968 969 970 971 972 973 974]] [65 [975 976 977 978 979 980 981 982 983 984 985 986 987 988 989]] [66 [990 991 992 993 994 995 996 997 998 999 1000 1001 1002 1003 1004]] [67 [1007 1009 1010 1011 1012 1013 1014 1015 1016]] [68 [1020 1021 1022 1023 1024 1030 1031 1032 1034]] [69 [1035 1036 1040 1041 1042 1043 1044 1045 1046 1047 1049]] [70 [1050 1051 1052 1053 1054 1055 1056 1057 1058 1059 1060 1061 1062 1063 1064]] [71 [1065 1066 1067 1068 1069 1070 1072 1073 1074 1076 1078]] [72 [1080 1081 1083 1084 1085 1086 1087 1089 1092 1093 1094]] [73 [1095 1096 1097 1098 1099 1100 1101 1102 1103 1104 1105 1106 1107 1108 1109]] [74 [1110 1111 1112 1113 1114 1115 1116 1117 1118 1119 1120 1121 1122 1123 1124]] [75 [1125 1126 1127 1128 1129 1130 1131 1132 1133 1134 1135 1136 1137 1138 1139]] [76 [1140 1141 1142 1144 1145 1146 1147 1148 1149 1150 1151 1152 1153 1154]] [77 [1155 1156 1157 1158 1159 1160 1161 1162 1163 1164 1165 1166 1167 1168 1169]] [78 [1170 1171 1172 1173 1174 1175 1176 1177 1178 1179 1180 1181 1182 1183 1184]] [79 [1185 1186 1187 1188 1189 1190 1191 1192 1193 1194 1195 1196 1197 1198 1199]] [80 [1200 1201 1202 1203 1204 1205 1206 1207 1208 1209 1210 1211 1212 1213 1214]] [81 [1215 1216 1218 1220 1221 1222 1223 1224 1225 1228 1229]] [82 [1231 1232 1233 1235 1236 1237 1238 1239 1241 1242 1243]] [83 [1246 1247 1248 1250 1251 1252 1253 1254 1255 1256 1257 1258 1259]] [84 [1260 1261 1262 1263 1264 1265 1266 1267 1268 1269 1270 1271 1272 1273 1274]] [85 [1275 1276 1277 1278 1279 1280 1281 1282 1283 1284 1285 1286 1287 1288 1289]] [86 [1290 1291 1292 1293 1294 1295 1296 1297 1298 1299 1300 1301 1302 1303 1304]] [87 [1305 1306 1307 1308 1309 1310 1311 1312 1313 1314 1315 1316 1317 1318 1319]] [88 [1320 1321 1322 1323 1324 1325 1326 1327 1328 1329 1330 1331 1332 1333]] [89 [1335 1336 1337 1338 1339 1340 1341 1342 1343 1347 1348 1349]] [90 [1350 1351 1352 1353 1354 1355 1356 1357 1358 1359 1360 1361 1362 1363 1364]] [91 [1365 1366 1367 1368 1369 1370 1371 1372 1373 1374 1375 1376 1377 1378 1379]] [92 [1380 1381 1382 1383 1384 1385 1386 1387 1388 1389 1390 1391 1392 1393 1394]] [93 [1395 1396 1397 1398 1399 1400 1401 1402 1403 1404 1405 1406 1407 1408 1409]] [94 [1410 1411 1412 1413 1414 1415 1416 1417 1418 1419 1420 1421 1422 1423 1424]] [95 [1425 1426 1427 1428 1429 1430 1431 1432 1433 1434 1435 1436 1437 1438 1439]] [96 [1440 1441 1442 1443 1444 1445 1446 1447 1448 1449 1450 1451 1452 1453 1454]] [97 [1455 1456 1457 1458 1459 1460 1461 1462 1463 1464 1465 1466 1467 1468 1469]] [98 [1470 1471 1472 1473 1474 1475 1476 1477 1478 1479 1480 1481 1482 1483 1484]] [99 [1485 1486 1487 1488 1489 1490 1491 1492 1493 1494 1495 1496 1497 1498 1499]]]","[[0 [1 3 4 9 10 12]] [1 [15 16 18 19 22 23 24 25 26 27 28]] [2 [30 33 34 35 36 37 39 43]] [3 [45 46 48 49 50 55 57 59]] [4 [60 61 62 63 65 66 68 69 73 74]] [5 [76 77 78 79 81 83 84 87]] [6 [91 92 93 98 101 102 103 104]] [7 [105 106 107 110 114 116 118 119]] [8 [121 123 125 127 128 131 132 134]] [9 [135 136 137 138 143 145 146 149]] [10 [151 152 154 155 156 157 158 159 162]] [11 [166 168 169 175 177 179]] [12 [181 182 183 184 185 186 187 188 189 190]] [13 [197 198 200 201 202 206 208]] [14 [210 212 214 215 216 218 221 222 223 224]] [15 [225 227 229 231 232 234 235 236 239]] [16 [241 242 244 245 246 249 250 252 253 254]] [17 [256 257 259 261 264 266]] [18 [271 272 274 275 279 281 282 283]] [19 [287 291 294 295 296 299]] [20 [302 305 306 308 310 311 312 313 314]] [21 [315 316 317 319 322 325 326 329]] [22 [333 334 335 338 339 340]] [23 [346 349 351 352 353 354 356 357]] [24 [361 362 363 364 365 366 367 368 371 373 374]] [25 [375 377 378 380 383 386 388]] [26 [392 394 395 397 399 401 403]] [27 [405 407 408 409 412 415 416 418 419]] [28 [420 422 423 424 427 428 433 434]] [29 [435 440 441 442 444 448]] [30 [450 451 453 455 457 461]] [31 [465 469 470 471 474 476 477]] [32 [481 482 483 484 485 486 487 491 492 493 494]] [33 [497 498 499 500 502 503 504 505 506]] [34 [512 514 515 516 518 521 524]] [35 [525 527 528 531 532 533 535 537 538 539]] [36 [540 541 544 546 547 548 553 554]] [37 [556 560 561 564 565 567 569]] [38 [571 574 575 576 578 580 582 583 584]] [39 [586 587 588 591 593 595 598 599]] [40 [602 603 604 606 608 611 613 614]] [41 [618 619 622 624 626 627 628]] [42 [630 631 635 636 637 638 640 643 644]] [43 [646 647 648 650 651 652 654 656 659]] [44 [663 664 667 668 670 672]] [45 [676 677 678 680 681 685 686 687 688]] [46 [690 693 694 695 696 697 699 702 703 704]] [47 [705 707 708 712 713 714 716]] [48 [720 722 725 726 727 729 732 734]] [49 [736 738 739 741 742 743 745 746 748 749]] [50 [750 752 753 757 762 764]] [51 [767 768 770 771 774 775 776 777]] [52 [781 782 783 785 788 789 792 794]] [53 [795 797 800 801 802 803 805 807 808 809]] [54 [812 814 816 822 823 824]] [55 [825 829 830 831 832 833 836 837 839]] [56 [840 842 844 845 848 851 853 854]] [57 [855 856 859 860 861 863 864 866 867 868 869]] [58 [870 871 874 875 877 882 883 884]] [59 [886 887 888 889 891 892 893 895 897 898]] [60 [901 904 906 908 909 911 912 913]] [61 [915 917 920 924 926 927 928 929]] [62 [931 933 934 936 937 939 940 943 944]] [63 [945 946 947 948 950 955 956 957]] [64 [960 961 963 964 965 967 969 972 973 974]] [65 [975 977 978 979 982 985 986 987 988 989]] [66 [990 991 993 994 995 997 998 999 1000 1001]] [67 [1007 1009 1011 1012 1013 1014 1015 1016]] [68 [1020 1021 1022 1023 1024 1031 1032 1034]] [69 [1035 1040 1042 1043 1044 1045 1046 1047 1049]] [70 [1051 1052 1055 1056 1059 1060 1063 1064]] [71 [1065 1066 1070 1072 1073 1074 1076 1078]] [72 [1080 1083 1084 1085 1086 1087 1089 1092 1094]] [73 [1096 1097 1098 1099 1102 1103 1104 1105 1107 1109]] [74 [1110 1115 1116 1118 1119 1121 1122]] [75 [1125 1127 1128 1130 1132 1134 1135 1137]] [76 [1140 1141 1147 1148 1150 1151 1152 1154]] [77 [1155 1156 1157 1159 1160 1161 1162 1166 1168 1169]] [78 [1170 1174 1175 1178 1179 1182]] [79 [1185 1187 1188 1190 1192 1193 1194 1197]] [80 [1203 1204 1205 1206 1208 1210 1212 1213]] [81 [1216 1218 1220 1223 1224 1225 1228 1229]] [82 [1231 1232 1236 1237 1238 1239 1241 1242 1243]] [83 [1246 1248 1251 1252 1253 1254 1255 1256 1257 1258 1259]] [84 [1261 1264 1266 1267 1268 1269 1270 1272 1273 1274]] [85 [1277 1278 1279 1281 1283 1284 1289]] [86 [1290 1291 1292 1293 1295 1296 1297 1299 1301 1302 1303]] [87 [1305 1306 1307 1311 1312 1315 1318 1319]] [88 [1320 1321 1325 1329 1330 1331 1332 1333]] [89 [1335 1336 1338 1347 1349]] [90 [1350 1352 1354 1356 1357 1362 1363]] [91 [1366 1368 1369 1370 1372 1373 1374 1375 1377 1378 1379]] [92 [1380 1381 1383 1386 1387 1389 1390 1391 1392 1393]] [93 [1395 1398 1399 1402 1403 1404 1406 1407 1408]] [94 [1410 1411 1414 1415 1416 1417 1418 1422 1424]] [95 [1426 1427 1428 1430 1432 1434 1437 1439]] [96 [1443 1444 1446 1448 1450 1452 1454]] [97 [1456 1457 1459 1460 1462 1465 1467 1468 1469]] [98 [1470 1471 1472 1475 1477 1478 1480 1482 1483 1484]] [99 [1485 1486 1487 1488 1489 1490 1491 1495 1496 1498 1499]]]",,"[[{media 50} [[""A"" [3 3]]]] [{media 51} [[""A"" [4 4]]]] [{media 52} [[""A"" [0 0]]]] [{media 53} [[""A"" [1 1]]]] [{media 54} [[""A"" [4 4]]]] [{media 55} [[""A"" [3 3]]]] [{media 57} [[""A"" [5 5]]]] [{media 58} [[""A"" [1 1]]]] [{media 59} [[""A"" [0 0]]]] [{media 60} [[""A"" [2 2]]]] [{media 61} [[""A"" [3 3]]]] [{media 62} [[""A"" [1 1]]]] [{media 64} [[""A"" [1 1]]]] [{citizen 25} [[""A"" [5 5]]]] [{media 56} [[""A"" [1 1]]]] [{citizen 8} [[""A"" [3 1]]]] [{citizen 18} [[""A"" [4 4]]]] [{citizen 35} [[""A"" [1 1]]]] [{citizen 17} [[""A"" [5 3]]]] [{citizen 0} [[""A"" [1 3]]]] [{citizen 5} [[""A"" [5 5]]]] [{citizen 3} [[""A"" [1 1]]]] [{media 63} [[""A"" [5 5]]]] [{citizen 4} [[""A"" [5 3]]]] [{citizen 7} [[""A"" [5 4]]]] [{citizen 19} [[""A"" [5 1]]]] [{citizen 1} [[""A"" [4 4]]]] [{citizen 32} [[""A"" [5 3]]]] [{citizen 48} [[""A"" [1 4]]]] [{citizen 9} [[""A"" [1 1]]]] [{citizen 20} [[""A"" [4 4]]]] [{citizen 37} [[""A"" [4 4]]]] [{citizen 13} [[""A"" [4 4]]]] [{citizen 22} [[""A"" [5 3]]]] [{citizen 42} [[""A"" [1 2]]]] [{citizen 41} [[""A"" [2 1]]]] [{citizen 10} [[""A"" [4 4]]]] [{citizen 31} [[""A"" [1 1]]]] [{citizen 6} [[""A"" [4 4]]]] [{citizen 43} [[""A"" [3 4]]]] [{citizen 15} [[""A"" [3 1]]]] [{citizen 46} [[""A"" [5 3]]]] [{citizen 14} [[""A"" [4 4]]]] [{citizen 26} [[""A"" [5 4]]]] [{citizen 38} [[""A"" [4 1]]]] [{citizen 49} [[""A"" [2 5]]]] [{citizen 12} [[""A"" [4 4]]]] [{citizen 11} [[""A"" [4 4]]]] [{citizen 23} [[""A"" [3 1]]]] [{citizen 34} [[""A"" [2 3]]]] [{citizen 44} [[""A"" [3 4]]]] [{citizen 30} [[""A"" [1 1]]]] [{citizen 16} [[""A"" [5 4]]]] [{citizen 2} [[""A"" [4 4]]]] [{citizen 27} [[""A"" [5 3]]]] [{citizen 45} [[""A"" [5 3]]]] [{citizen 24} [[""A"" [1 4]]]] [{citizen 21} [[""A"" [4 4]]]] [{citizen 33} [[""A"" [3 1]]]] [{citizen 40} [[""A"" [3 4]]]] [{citizen 29} [[""A"" [1 1]]]] [{citizen 47} [[""A"" [5 1]]]] [{citizen 28} [[""A"" [4 4]]]] [{citizen 36} [[""A"" [4 4]]]]]"
"40","[85 0 170]","158.72727272727272","2.9927214714805577","-8.800069052688382","""circle""","""""","9.9","{breed citizens}","false","0.5","1","""up""",,"[[""ID"" 40] [""alpha"" 1] [""beta"" 1] [""malleable"" [""A""]] [""prior"" []] [""cont_tokens"" []] [""A"" 4]]","[[0 [0 1 3 4 6 7 8 9 10 11 12 14]] [1 [17 19 20 21 22 23 25 26 27 28 29]] [2 [30 31 32 33 34 35 36 37 38 39 40 41 42 43 44]] [3 [45 46 47 48 49 50 51 52 53 54 55 56 57 58 59]] [4 [60 61 62 63 64 65 66 67 68 69 70 71 72 73 74]] [5 [75 76 77 78 79 81 83 84 85 86 87 88 89]] [6 [90 91 92 93 94 95 96 97 98 99 100 101 102 103 104]] [7 [105 106 107 108 109 110 111 112 113 114 115 116 117 118 119]] [8 [120 121 122 123 124 125 126 127 128 130 131 132 133 134]] [9 [135 136 137 138 142 143 144 145 146 147 149]] [10 [150 151 152 153 154 155 156 157 158 159 160 161 162 163 164]] [11 [165 166 167 168 169 170 171 172 173 174 175 176 177 178 179]] [12 [180 181 182 183 184 185 186 187 188 189 190 191 192 193 194]] [13 [195 196 197 198 199 200 201 202 203 204 205 206 207 208 209]] [14 [210 211 212 213 214 215 216 217 218 220 221 222 223 224]] [15 [225 226 227 228 229 230 231 232 233 234 235 236 238 239]] [16 [240 241 242 244 245 246 249 250 252 253 254]] [17 [255 256 257 258 259 260 261 262 263 264 265 266 267 268 269]] [18 [271 272 273 274 275 276 277 278 279 280 281 282 283 284]] [19 [285 286 287 288 289 290 291 292 293 294 295 296 297 298 299]] [20 [300 301 302 303 304 305 306 308 309 310 311 312 313 314]] [21 [315 316 317 318 319 320 321 322 323 324 325 326 327 328 329]] [22 [330 331 332 333 334 335 336 337 338 339 340 341 342 343 344]] [23 [345 346 347 348 349 351 352 353 354 355 356 357 358 359]] [24 [360 366 367 368 371 372 373 374]] [25 [375 376 377 378 380 383 384 385 386 387 388 389]] [26 [390 391 392 393 394 395 396 397 398 399 400 401 402 403 404]] [27 [405 406 407 408 409 410 411 412 413 414 415 416 417 418 419]] [28 [420 422 423 424 425 427 428 429 430 433 434]] [29 [435 436 437 438 440 441 442 443 444 445 446 448 449]] [30 [450 451 452 453 454 455 456 457 458 459 460 461 462 463 464]] [31 [465 466 467 468 469 470 471 472 473 474 475 476 477 478 479]] [32 [480 481 482 483 484 485 486 487 489 491 492 493 494]] [33 [495 497 498 499 500 501 502 503 504 505 506]] [34 [510 511 512 513 514 515 516 518 519 520 521 522 523 524]] [35 [525 526 527 528 529 530 531 532 533 534 535 536 537 538 539]] [36 [540 541 542 544 545 546 547 548 549 550 551 553 554]] [37 [556 558 559 560 561 562 563 564 565 566 567 568 569]] [38 [570 571 572 573 574 575 576 577 578 580 581 582 583 584]] [39 [585 586 587 588 590 591 592 593 594 595 596 597 598 599]] [40 [600 601 602 603 604 605 606 607 608 609 610 611 612 613 614]] [41 [615 616 617 618 619 620 621 622 623 624 625 626 627 628 629]] [42 [630 631 632 633 634 635 636 637 638 639 640 641 642 643 644]] [43 [645 646 647 648 649 650 651 652 653 654 655 656 657 658 659]] [44 [660 661 662 663 664 665 666 667 668 669 670 671 672 673 674]] [45 [675 676 677 678 679 680 681 682 683 684 685 686 687 688 689]] [46 [690 693 694 695 696 697 699 702 703 704]] [47 [705 706 707 708 710 711 712 713 714 715 716 717 718 719]] [48 [720 721 722 723 724 725 726 727 729 732 734]] [49 [736 738 739 741 742 743 745 746 747 748 749]] [50 [750 751 752 753 754 755 756 757 759 760 761 762 763 764]] [51 [765 766 767 768 769 770 771 772 773 774 775 776 777 778 779]] [52 [780 782 783 784 785 786 787 788 789 790 791 793 794]] [53 [795 796 797 798 799 800 801 802 803 804 805 806 807 808 809]] [54 [812 813 814 816 821 822 823 824]] [55 [825 826 827 828 829 830 831 832 833 836 837 838 839]] [56 [840 841 842 843 844 845 848 849 850 851 852 853 854]] [57 [855 856 857 858 859 860 861 862 863 864 865 866 867 868 869]] [58 [870 871 873 874 875 876 877 879 880 881 882 883 884]] [59 [885 886 888 890 893 894 895 896 897 898 899]] [60 [900 901 902 903 904 905 906 907 908 909 910 911 912 913 914]] [61 [915 916 917 918 919 921 922 923 925 926 927 928 929]] [62 [931 933 934 936 937 938 939 940 941 942 943 944]] [63 [945 946 947 948 949 950 951 952 953 954 955 956 957 958 959]] [64 [960 961 962 963 964 965 966 967 968 969 971 972 973 974]] [65 [975 976 977 978 979 980 981 982 983 984 985 986 987 988 989]] [66 [990 991 992 993 994 995 996 997 998 999 1000 1001 1002 1003 1004]] [67 [1007 1009 1010 1011 1012 1013 1014 1015 1016]] [68 [1020 1021 1022 1023 1024 1030 1031 1032 1034]] [69 [1035 1036 1040 1041 1042 1043 1044 1045 1046 1047 1049]] [70 [1050 1051 1052 1053 1054 1055 1056 1057 1058 1059 1060 1061 1062 1063 1064]] [71 [1065 1066 1067 1068 1069 1070 1072 1073 1074 1076 1078]] [72 [1080 1081 1083 1084 1085 1086 1087 1089 1092 1093 1094]] [73 [1095 1096 1097 1098 1099 1100 1101 1102 1103 1104 1105 1106 1107 1108 1109]] [74 [1110 1111 1112 1113 1114 1115 1116 1117 1118 1119 1120 1121 1122 1123 1124]] [75 [1125 1126 1127 1128 1130 1131 1132 1133 1134 1135 1136 1137 1138 1139]] [76 [1140 1141 1144 1145 1146 1147 1148 1149 1150 1151 1152 1153 1154]] [77 [1155 1156 1157 1158 1159 1160 1161 1162 1163 1164 1165 1166 1167 1168 1169]] [78 [1170 1172 1174 1175 1177 1178 1179 1180 1181 1182 1183 1184]] [79 [1185 1186 1187 1188 1189 1190 1191 1192 1193 1194 1195 1196 1197 1198 1199]] [80 [1200 1201 1202 1205 1207 1209 1210 1211 1212 1213 1214]] [81 [1215 1216 1217 1218 1219 1220 1221 1222 1223 1224 1225 1228 1229]] [82 [1231 1232 1233 1235 1236 1237 1238 1239 1241 1242 1243]] [83 [1246 1247 1248 1250 1251 1252 1253 1254 1255 1256 1257 1258 1259]] [84 [1260 1262 1263 1264 1265 1266 1267 1268 1269 1270 1271 1272 1273 1274]] [85 [1275 1276 1277 1278 1279 1280 1281 1282 1283 1284 1285 1286 1287 1288 1289]] [86 [1290 1291 1292 1293 1294 1295 1296 1297 1298 1299 1300 1301 1302 1303 1304]] [87 [1305 1306 1307 1311 1312 1315 1316 1318 1319]] [88 [1320 1321 1322 1323 1324 1325 1326 1327 1328 1329 1330 1331 1332 1333 1334]] [89 [1335 1336 1337 1338 1339 1340 1341 1342 1343 1347 1348 1349]] [90 [1350 1351 1352 1353 1354 1355 1356 1357 1358 1359 1360 1361 1362 1363 1364]] [91 [1365 1366 1367 1368 1369 1370 1371 1372 1373 1374 1375 1376 1377 1378 1379]] [92 [1380 1381 1382 1383 1384 1385 1386 1387 1388 1389 1390 1391 1392 1393 1394]] [93 [1395 1396 1397 1398 1399 1400 1401 1402 1403 1404 1405 1406 1407 1408 1409]] [94 [1410 1411 1412 1413 1414 1415 1416 1417 1418 1419 1420 1421 1422 1423 1424]] [95 [1425 1427 1428 1430 1432 1434 1437 1438 1439]] [96 [1440 1441 1442 1443 1444 1445 1446 1448 1449 1450 1451 1452 1453 1454]] [97 [1455 1456 1457 1458 1459 1460 1461 1462 1463 1464 1465 1466 1467 1468 1469]] [98 [1470 1471 1472 1473 1474 1475 1476 1477 1478 1479 1480 1481 1482 1483 1484]] [99 [1485 1486 1487 1488 1489 1490 1491 1492 1493 1494 1495 1496 1497 1498 1499]]]","[[0 [4 6 7 14]] [1 [17 20 21 25 26 27 28]] [2 [30 32 36 37 39 43]] [3 [46 47 49 50 55 57 58]] [4 [61 62 63 65 66 68 69 73 74]] [5 [76 77 78 79 81 84 85 86 88 89]] [6 [90 94 95 96 99 100 101 102 103 104]] [7 [105 106 107 108 111 112 115 116 118 119]] [8 [121 123 124 126 127 128 131 132 134]] [9 [135 136 137 138 142 143 144 145 146 147]] [10 [153 156 157 158 160 161 163 164]] [11 [167 168 169 175 176 178 179]] [12 [181 182 183 184 187 188 189 190]] [13 [197 198 200 201 202 206 207 208 209]] [14 [211 212 214 215 216 218 220 224]] [15 [225 226 228 230 234 235 236 238 239]] [16 [240 244 245 246 249 250 252 253]] [17 [255 256 257 259 260 261 264 266 269]] [18 [273 275 277 278 280]] [19 [288 289 290 292 295 296 297 298]] [20 [300 301 302 305 306 308 310 311 313 314]] [21 [315 316 317 319 323 324 327 328 329]] [22 [333 334 335 337 341 342 344]] [23 [345 346 348 349 351 358 359]] [24 [360 366 367 368 371 372 373 374]] [25 [375 376 378 380 383 386 387 389]] [26 [390 391 393 396 398 399 401 403 404]] [27 [405 406 410 411 412 415 416 418 419]] [28 [420 422 423 424 427 428 430 434]] [29 [435 436 437 438 443 445 446 448 449]] [30 [454 456 458 459 460 462 463 464]] [31 [466 467 468 471 474 476 477 478 479]] [32 [485 486 487 491 492 493 494]] [33 [497 498 499 500 503 504 505 506]] [34 [511 512 514 515 516 518 521 524]] [35 [525 526 527 528 531 532 533 535 537 539]] [36 [540 541 542 544 548 553 554]] [37 [556 558 559 563 566 568 569]] [38 [570 572 573 577 580 582 583 584]] [39 [585 586 587 591 593 594 596 597]] [40 [600 601 603 604 606 609 610 612]] [41 [615 616 617 619 620 622 624 626 629]] [42 [630 631 635 636 637 638 640 641 642]] [43 [645 653 655 656 658 659]] [44 [660 661 662 667 668 670 671 672 673 674]] [45 [675 677 678 680 681 685 686 687 688]] [46 [690 693 694 695 696 697 699 702 703 704]] [47 [705 707 708 712 713 714 717 718]] [48 [721 722 724 725 726 727 729 732 734]] [49 [736 738 739 741 742 743 745 746 748 749]] [50 [750 751 752 753 756 757 759 760 761 763 764]] [51 [767 768 772 773 779]] [52 [780 784 786 787 791 793]] [53 [795 796 797 800 801 802 803 805 807 808 809]] [54 [812 814 816 822 824]] [55 [826 827 828 832 833 837 839]] [56 [840 842 843 845 848 849 851 852]] [57 [855 856 859 860 861 863 864 865 866 867 868 869]] [58 [870 871 873 875 877 879 880 881]] [59 [890 894 895 897 898]] [60 [904 906 908 909 911 914]] [61 [916 918 919 921 922 923 925 926 927 928 929]] [62 [931 933 934 936 937 939 940 941]] [63 [946 947 948 950 952 953 954 955 956 957]] [64 [960 961 963 965 967 969 972 973 974]] [65 [975 977 978 979 982 985 986 988]] [66 [990 991 993 995 996 997 999 1000 1001]] [67 [1007 1009 1011 1012 1013 1014 1015 1016]] [68 [1020 1021 1022 1023 1024 1030 1031 1032 1034]] [69 [1035 1040 1042 1043 1044 1045 1046 1047 1049]] [70 [1051 1052 1055 1056 1059 1060 1063 1064]] [71 [1065 1067 1068 1069 1073 1074 1076 1078]] [72 [1080 1085 1086 1087 1089 1093]] [73 [1096 1097 1098 1099 1102 1103 1104 1105 1107 1108 1109]] [74 [1110 1111 1112 1114 1117 1120 1122 1123 1124]] [75 [1125 1126 1127 1128 1131 1134 1135 1137]] [76 [1140 1141 1147 1148 1150 1151 1152 1153 1154]] [77 [1155 1156 1157 1158 1159 1160 1161 1162 1166 1168 1169]] [78 [1170 1174 1175 1177 1178 1179 1181 1182]] [79 [1188 1190 1191 1192 1193 1194 1197 1198 1199]] [80 [1200 1201 1202 1207 1209 1210 1211 1212 1213]] [81 [1216 1218 1220 1221 1222 1223 1224 1225 1228 1229]] [82 [1231 1232 1237 1238 1239 1241 1242 1243]] [83 [1246 1248 1251 1252 1253 1254 1255]] [84 [1260 1262 1263 1264 1265 1266 1267 1268 1269 1271]] [85 [1276 1281 1283 1284 1287 1288 1289]] [86 [1290 1291 1294 1297 1299 1304]] [87 [1307 1311 1312 1315]] [88 [1322 1323 1324 1325 1328 1329 1330 1331 1332 1333]] [89 [1335 1336 1339 1340 1342 1343 1348]] [90 [1351 1353 1355 1358 1359 1360 1361 1364]] [91 [1365 1367 1368 1369 1370 1372 1373 1374 1375 1377 1378]] [92 [1384 1385 1388 1389 1390]] [93 [1396 1397 1406 1407 1408]] [94 [1410 1411 1414 1415 1416 1417 1418 1420 1421 1423]] [95 [1425 1427 1428 1430 1432 1438 1439]] [96 [1440 1444 1446 1448 1450 1452 1454]] [97 [1456 1457 1458 1459 1460 1462 1465 1467 1468]] [98 [1473 1474 1476 1477 1478 1482 1483 1484]] [99 [1485 1486 1487 1488 1490 1491 1492 1495 1496 1498 1499]]]",,"[[{media 50} [[""A"" [3 3]]]] [{media 54} [[""A"" [4 4]]]] [{media 55} [[""A"" [3 3]]]] [{media 56} [[""A"" [1 1]]]] [{media 57} [[""A"" [5 5]]]] [{media 59} [[""A"" [0 0]]]] [{media 63} [[""A"" [5 5]]]] [{media 60} [[""A"" [2 2]]]] [{citizen 25} [[""A"" [5 5]]]] [{citizen 1} [[""A"" [4 4]]]] [{citizen 7} [[""A"" [5 4]]]] [{citizen 19} [[""A"" [5 1]]]] [{citizen 24} [[""A"" [3 4]]]] [{media 53} [[""A"" [1 1]]]] [{media 58} [[""A"" [1 1]]]] [{media 62} [[""A"" [1 1]]]] [{citizen 4} [[""A"" [5 3]]]] [{media 64} [[""A"" [1 1]]]] [{citizen 5} [[""A"" [5 5]]]] [{citizen 21} [[""A"" [5 4]]]] [{media 51} [[""A"" [4 4]]]] [{citizen 14} [[""A"" [4 4]]]] [{citizen 11} [[""A"" [4 4]]]] [{citizen 34} [[""A"" [4 3]]]] [{citizen 23} [[""A"" [3 1]]]] [{citizen 38} [[""A"" [5 1]]]] [{citizen 26} [[""A"" [5 4]]]] [{citizen 12} [[""A"" [3 4]]]] [{citizen 17} [[""A"" [4 3]]]] [{citizen 6} [[""A"" [3 4]]]] [{media 61} [[""A"" [3 3]]]] [{citizen 8} [[""A"" [3 1]]]] [{citizen 3} [[""A"" [3 1]]]] [{citizen 49} [[""A"" [2 4]]]] [{citizen 31} [[""A"" [3 1]]]] [{citizen 20} [[""A"" [4 4]]]] [{citizen 32} [[""A"" [5 3]]]] [{citizen 15} [[""A"" [3 1]]]] [{citizen 43} [[""A"" [3 4]]]] [{citizen 16} [[""A"" [5 4]]]] [{citizen 18} [[""A"" [4 4]]]] [{citizen 35} [[""A"" [3 1]]]] [{citizen 46} [[""A"" [3 3]]]] [{citizen 9} [[""A"" [0 0]]]] [{citizen 42} [[""A"" [1 0]]]] [{citizen 30} [[""A"" [3 1]]]] [{citizen 0} [[""A"" [3 4]]]] [{citizen 2} [[""A"" [1 4]]]] [{citizen 41} [[""A"" [3 1]]]] [{citizen 27} [[""A"" [5 3]]]] [{citizen 45} [[""A"" [5 3]]]] [{citizen 33} [[""A"" [3 1]]]] [{citizen 22} [[""A"" [1 3]]]] [{citizen 10} [[""A"" [5 4]]]] [{citizen 44} [[""A"" [3 4]]]] [{citizen 39} [[""A"" [3 4]]]] [{media 52} [[""A"" [0 0]]]] [{citizen 37} [[""A"" [3 4]]]] [{citizen 29} [[""A"" [3 1]]]] [{citizen 47} [[""A"" [5 1]]]] [{citizen 48} [[""A"" [3 4]]]] [{citizen 13} [[""A"" [5 4]]]] [{citizen 28} [[""A"" [4 4]]]] [{citizen 36} [[""A"" [4 4]]]]]"
"41","[213 0 42]","59.46428571428571","13.140886438199898","7.555311563902904","""circle""","""""","9.9","{breed citizens}","false","0.5","1","""up""",,"[[""ID"" 29] [""alpha"" 1] [""beta"" 1] [""malleable"" [""A""]] [""prior"" []] [""cont_tokens"" []] [""A"" 1]]","[[0 [0 1 2 3 4 5 7 9 10 11 12 13 14]] [1 [15 16 18 19 22 23 24 25 26 27 28]] [2 [30 31 32 33 34 35 36 37 38 39 40 41 42 43 44]] [3 [45 46 47 48 49 50 54 55 56 57 58 59]] [4 [60 61 62 63 64 65 66 67 68 69 70 71 72 73 74]] [5 [75 76 77 78 79 80 81 82 83 84 85 86 87 88 89]] [6 [90 91 92 93 94 95 96 97 98 99 100 101 102 103 104]] [7 [105 106 107 108 109 110 111 112 113 114 115 116 117 118 119]] [8 [120 121 122 123 124 125 126 127 128 129 130 131 132 133 134]] [9 [135 136 137 138 142 143 144 145 146 147 149]] [10 [150 151 152 153 154 155 156 157 158 159 160 161 162 163 164]] [11 [165 166 167 168 169 170 171 172 173 174 175 176 177 178 179]] [12 [180 181 182 183 184 185 186 187 188 189 190]] [13 [197 198 199 200 201 202 206 207 208 209]] [14 [210 211 212 213 214 215 216 217 218 220 221 222 223 224]] [15 [225 226 227 228 229 230 231 232 233 234 235 236 237 238 239]] [16 [240 242 243 244 245 246 247 248 249 250 251 252 253 254]] [17 [255 256 257 258 259 260 261 262 263 264 265 266 267 268 269]] [18 [271 272 273 274 275 276 277 278 279 280 281 282 283 284]] [19 [285 286 287 288 289 290 291 292 293 294 295 296 297 298 299]] [20 [300 301 302 303 304 305 306 308 309 310 311 312 313 314]] [21 [315 316 317 318 319 320 321 322 323 324 325 326 327 328 329]] [22 [331 332 333 334 335 336 337 338 339 340 341 342 343 344]] [23 [345 346 347 348 349 350 351 352 353 354 355 356 357 358 359]] [24 [361 362 363 364 365 366 367 368 369 370 371 373 374]] [25 [375 376 377 378 380 383 384 385 386 387 388 389]] [26 [390 391 392 393 394 395 396 397 398 399 400 401 402 403 404]] [27 [405 406 407 408 409 410 411 412 413 414 415 416 417 418 419]] [28 [420 422 423 424 425 427 428 429 430 433 434]] [29 [435 436 437 438 440 441 442 443 444 445 446 448 449]] [30 [450 451 452 453 454 455 456 457 458 459 460 461 462 463 464]] [31 [465 466 467 468 469 470 471 472 473 474 475 476 477 478 479]] [32 [480 481 482 483 484 485 486 487 489 490 491 492 493 494]] [33 [495 497 498 499 500 501 502 503 504 505 506]] [34 [510 511 512 513 514 515 516 518 519 520 521 522 523 524]] [35 [525 526 527 528 529 530 531 532 533 534 535 536 537 538 539]] [36 [540 541 542 544 545 546 547 548 549 550 551 553 554]] [37 [556 558 559 560 561 562 563 564 565 566 567 568 569]] [38 [570 571 572 573 574 575 576 577 578 580 581 582 583 584]] [39 [585 586 587 588 590 591 592 593 594 595 596 597 598 599]] [40 [600 601 602 603 604 605 606 607 608 609 610 611 612 613 614]] [41 [615 616 617 618 619 620 621 622 623 624 625 626 627 628 629]] [42 [630 631 632 633 634 635 636 637 638 639 640 641 642 643 644]] [43 [645 646 647 648 649 650 651 652 653 654 655 656 657 658 659]] [44 [660 661 662 663 664 665 666 667 668 669 670 671 672 673 674]] [45 [675 676 677 678 679 680 681 682 683 684 685 686 687 688 689]] [46 [690 693 694 695 696 697 699 702 703 704]] [47 [705 706 707 708 709 710 711 712 713 714 715 716 717 718 719]] [48 [720 722 723 724 725 726 727 728 729 730 731 732 733 734]] [49 [736 738 739 741 742 743 745 746 747 748 749]] [50 [750 751 752 753 754 755 756 757 759 760 761 762 763 764]] [51 [765 766 767 768 769 770 771 772 773 774 775 776 777 778 779]] [52 [780 781 782 783 784 785 786 787 788 789 790 791 792 793 794]] [53 [795 796 797 799 800 801 802 803 804 805 807 808 809]] [54 [812 813 814 816 821 822 823 824]] [55 [825 826 827 828 829 830 831 832 833 836 837 838 839]] [56 [840 841 842 843 844 845 848 849 850 851 852 853 854]] [57 [855 856 857 858 859 860 861 862 863 864 865 866 867 868 869]] [58 [870 871 873 874 875 876 877 879 880 881 882 883 884]] [59 [885 886 888 890 893 894 895 896 897 898 899]] [60 [900 901 902 903 904 905 906 907 908 909 910 911 912 913 914]] [61 [915 917 919 920 921 922 923 924 925 926 927 928 929]] [62 [930 931 932 933 934 935 936 937 938 939 940 941 942 943 944]] [63 [946 947 948 950 955 956 958 959]] [64 [960 961 962 963 964 965 966 967 968 969 970 971 972 973 974]] [65 [975 976 977 978 979 980 981 982 983 984 985 986 987 988 989]] [66 [990 991 992 993 994 995 996 997 998 999 1000 1001 1002 1003 1004]] [67 [1007 1009 1010 1011 1012 1013 1014 1015 1016]] [68 [1020 1021 1022 1023 1024 1030 1031 1032 1034]] [69 [1035 1036 1040 1041 1042 1043 1044 1045 1046 1047 1049]] [70 [1050 1051 1052 1053 1054 1055 1056 1057 1058 1059 1060 1061 1062 1063 1064]] [71 [1065 1066 1067 1068 1069 1070 1072 1073 1074 1076 1078]] [72 [1080 1081 1083 1084 1085 1086 1087 1089 1092 1093 1094]] [73 [1095 1096 1097 1098 1099 1100 1101 1102 1103 1104 1105 1106 1107 1108 1109]] [74 [1110 1111 1112 1113 1114 1115 1116 1117 1118 1119 1120 1121 1122 1123 1124]] [75 [1125 1126 1127 1128 1129 1130 1131 1132 1133 1134 1135 1136 1137 1138 1139]] [76 [1140 1141 1142 1143 1144 1145 1146 1147 1148 1149 1150 1151 1152 1153 1154]] [77 [1155 1156 1157 1158 1159 1160 1161 1162 1163 1164 1165 1166 1167 1168 1169]] [78 [1170 1171 1172 1173 1174 1175 1176 1177 1178 1179 1180 1181 1182 1183 1184]] [79 [1185 1186 1187 1188 1189 1190 1191 1192 1193 1194 1195 1196 1197 1198 1199]] [80 [1200 1201 1202 1203 1204 1205 1206 1207 1208 1209 1210 1211 1212 1213 1214]] [81 [1215 1216 1218 1220 1221 1222 1223 1224 1225 1228 1229]] [82 [1231 1232 1233 1235 1236 1237 1238 1239 1241 1242 1243]] [83 [1246 1247 1248 1250 1251 1252 1253 1254 1255 1256 1257 1258 1259]] [84 [1261 1264 1265 1266 1267 1268 1269 1270 1271 1272 1273 1274]] [85 [1275 1276 1279 1281 1283 1284 1289]] [86 [1290 1291 1292 1293 1294 1295 1296 1297 1298 1299 1300 1301 1302 1303 1304]] [87 [1305 1306 1307 1308 1309 1310 1311 1312 1313 1314 1315 1316 1317 1318 1319]] [88 [1320 1321 1324 1325 1327 1328 1329 1330 1331 1332 1333]] [89 [1335 1336 1337 1338 1339 1340 1341 1342 1343 1347 1348 1349]] [90 [1350 1351 1352 1353 1354 1355 1356 1357 1358 1359 1360 1361 1362 1363 1364]] [91 [1366 1367 1368 1369 1370 1371 1372 1373 1374 1375 1376 1377 1378 1379]] [92 [1380 1381 1383 1384 1385 1386 1387 1388 1389 1390 1391 1392 1393 1394]] [93 [1395 1396 1397 1398 1399 1400 1401 1402 1403 1404 1405 1406 1407 1408 1409]] [94 [1410 1411 1412 1413 1414 1415 1416 1417 1418 1419 1420 1421 1422 1423 1424]] [95 [1426 1427 1428 1429 1430 1431 1432 1433 1434 1435 1436 1437 1438 1439]] [96 [1440 1441 1442 1443 1444 1445 1446 1447 1448 1449 1450 1451 1452 1453 1454]] [97 [1455 1456 1457 1458 1459 1460 1461 1462 1463 1464 1465 1466 1467 1468 1469]] [98 [1470 1471 1472 1475 1476 1477 1478 1479 1480 1481 1482 1483 1484]] [99 [1485 1486 1487 1488 1489 1490 1491 1492 1493 1494 1495 1496 1497 1498 1499]]]","[[0 [0 1 2 3 5 9 10 11 12]] [1 [15 16 18 19 22 23 24 25]] [2 [32 33 34 35 36 37 39 42 43 44]] [3 [45 46 47 48 49 50 54 57 58]] [4 [61 62 63 65 67 70 71 72]] [5 [75 77 78 79 81 83 84 87]] [6 [91 92 93 98 102 103 104]] [7 [105 106 107 108 109 111 112 115 117]] [8 [120 122 124 126 127 128 131 132 134]] [9 [135 136 137 138 144 145 146 149]] [10 [150 152 154 155 157 158 159 162]] [11 [166 168 169 175 176 178]] [12 [180 181 182 183 184 185 186 187 188 189 190]] [13 [197 198 200 201 202 209]] [14 [211 212 214 215 216 217 218 221 223]] [15 [226 228 230 234 235 236 237]] [16 [243 244 245 246 249 250 252 253 254]] [17 [256 257 259 261 264 266 269]] [18 [271 272 274 275 278 280 283 284]] [19 [285 286 287 291 294 295 296 297 298]] [20 [300 304 306 308 310 311 313 314]] [21 [315 317 318 320 321 322 325 326 329]] [22 [331 335 337 338 339 340]] [23 [350 353 355 356 357]] [24 [361 362 363 364 365 367 368 371 373 374]] [25 [375 376 377 380 383 386 387 388]] [26 [392 394 395 397 399 400 402 404]] [27 [405 406 410 411 413 414 417 418 419]] [28 [420 422 423 424 427 428 429 430 433 434]] [29 [435 436 437 438 443 445 446 448]] [30 [450 451 452 453 455 457 461]] [31 [465 469 470 471 472 473 475 478]] [32 [480 481 482 483 484 485 486 487 491 492 493 494]] [33 [495 498 499 500 501 502 505]] [34 [511 513 518 519 522 523]] [35 [526 529 530 531 534 536 538 539]] [36 [540 541 542 545 546 547 548 549 550 551 553 554]] [37 [556 558 559 562 563 566 568 569]] [38 [571 574 576 577 581]] [39 [590 591 593 595 598 599]] [40 [602 603 604 606 609 610 612]] [41 [615 616 617 618 619 622 624 626 629]] [42 [630 632 633 634 638 640 642 643 644]] [43 [646 647 648 650 651 652 654]] [44 [660 661 662 664 667 668 670 672 673 674]] [45 [675 677 679 682 683 684 685 687 688]] [46 [690 693 694 695 696 697 699 702 703]] [47 [705 707 710 711 715 719]] [48 [723 724 725 726 727 729 732 734]] [49 [736 739 741 742 743 745 746 748 749]] [50 [750 751 752 753 754 755 756 757 763 764]] [51 [765 769 771 774 775 776 777]] [52 [781 782 783 785 788 789 792 794]] [53 [796 797 800 801 802 803 805 807 808 809]] [54 [812 813 814 816 822 823 824]] [55 [825 829 830 831 832 833 836 837 839]] [56 [840 842 844 848 849 852]] [57 [856 859 860 861 863 864 865 866 867 868 869]] [58 [870 871 873 875 877 879 880 881]] [59 [890 894 895 897 898]] [60 [904 905 906 908 909 910 912 913]] [61 [915 917 919 921 922 923 925]] [62 [932 935 938 939 940 941]] [63 [947 948 950 955 956 959]] [64 [964 965 967 969 972 973]] [65 [975 977 978 979 980 981 983 984 987 988]] [66 [990 992 994 995 997 998 999 1000 1001]] [67 [1007 1009 1011 1012 1013 1014 1015 1016]] [68 [1020 1021 1022 1023 1024 1031 1034]] [69 [1035 1040 1042 1043 1044 1045 1046 1047 1049]] [70 [1051 1052 1053 1054 1057 1059 1060 1063 1064]] [71 [1065 1066 1070 1072 1073 1074 1076 1078]] [72 [1080 1085 1087 1089 1093]] [73 [1096 1097 1098 1099 1100 1101 1104 1105 1107]] [74 [1110 1113 1114 1117 1120]] [75 [1129 1133 1136 1138]] [76 [1142 1144 1145 1146 1149 1153 1154]] [77 [1155 1157 1159 1160 1161 1162 1164 1166 1168 1169]] [78 [1170 1172 1175 1179 1180 1183 1184]] [79 [1186 1188 1190 1191 1192 1193 1194 1197]] [80 [1200 1201 1202 1207 1209 1210 1212 1213]] [81 [1216 1218 1220 1221 1222 1223 1224 1225 1228 1229]] [82 [1231 1232 1235 1236 1237 1238 1239 1241 1242 1243]] [83 [1246 1248 1251 1252 1253 1254 1255 1256 1257 1258 1259]] [84 [1261 1264 1265 1266 1267 1268 1269 1271]] [85 [1275 1279 1281 1283 1284 1289]] [86 [1291 1292 1293 1295 1298 1299 1301 1302 1303]] [87 [1305 1306 1307 1311 1312 1315 1316 1318 1319]] [88 [1320 1321 1324 1327 1328 1329 1331 1332 1333]] [89 [1335 1336 1337 1338 1341 1342 1343 1348]] [90 [1351 1352 1354 1356 1357 1363]] [91 [1371 1372 1373 1374 1375 1377 1378 1379]] [92 [1381 1383 1386 1387 1389 1391 1392 1393 1394]] [93 [1395 1398 1399 1400 1401 1402 1403 1404 1409]] [94 [1412 1413 1415 1420 1421 1422 1424]] [95 [1426 1427 1428 1430 1432 1434 1438]] [96 [1440 1444 1446 1448 1450 1451 1452 1454]] [97 [1456 1457 1461 1463 1464 1466]] [98 [1470 1471 1472 1475 1476 1477 1478 1480 1482 1483 1484]] [99 [1485 1486 1487 1488 1489 1490 1491 1494 1496 1497]]]",,"[[{media 51} [[""A"" [4 4]]]] [{media 52} [[""A"" [0 0]]]] [{media 53} [[""A"" [1 1]]]] [{media 58} [[""A"" [1 1]]]] [{media 60} [[""A"" [2 2]]]] [{media 61} [[""A"" [3 3]]]] [{media 62} [[""A"" [1 1]]]] [{media 64} [[""A"" [1 1]]]] [{citizen 0} [[""A"" [1 3]]]] [{citizen 3} [[""A"" [3 3]]]] [{citizen 17} [[""A"" [2 3]]]] [{media 56} [[""A"" [1 1]]]] [{citizen 1} [[""A"" [3 4]]]] [{citizen 7} [[""A"" [0 1]]]] [{citizen 15} [[""A"" [3 1]]]] [{media 50} [[""A"" [3 3]]]] [{citizen 20} [[""A"" [3 4]]]] [{media 57} [[""A"" [5 5]]]] [{media 55} [[""A"" [3 3]]]] [{media 54} [[""A"" [4 4]]]] [{citizen 5} [[""A"" [5 3]]]] [{citizen 12} [[""A"" [3 4]]]] [{citizen 19} [[""A"" [1 2]]]] [{citizen 32} [[""A"" [3 3]]]] [{citizen 48} [[""A"" [3 4]]]] [{citizen 27} [[""A"" [5 3]]]] [{media 59} [[""A"" [0 0]]]] [{citizen 25} [[""A"" [5 3]]]] [{citizen 35} [[""A"" [3 1]]]] [{citizen 37} [[""A"" [0 4]]]] [{citizen 8} [[""A"" [3 1]]]] [{citizen 9} [[""A"" [0 3]]]] [{citizen 33} [[""A"" [3 1]]]] [{citizen 43} [[""A"" [5 3]]]] [{citizen 13} [[""A"" [3 4]]]] [{citizen 22} [[""A"" [1 3]]]] [{citizen 42} [[""A"" [0 2]]]] [{citizen 14} [[""A"" [4 4]]]] [{citizen 26} [[""A"" [2 4]]]] [{citizen 38} [[""A"" [5 5]]]] [{citizen 4} [[""A"" [5 3]]]] [{citizen 49} [[""A"" [3 2]]]] [{citizen 31} [[""A"" [1 1]]]] [{citizen 6} [[""A"" [3 4]]]] [{citizen 11} [[""A"" [2 4]]]] [{citizen 23} [[""A"" [3 3]]]] [{citizen 34} [[""A"" [2 3]]]] [{citizen 44} [[""A"" [3 3]]]] [{citizen 16} [[""A"" [3 2]]]] [{citizen 18} [[""A"" [3 4]]]] [{citizen 46} [[""A"" [2 3]]]] [{citizen 30} [[""A"" [3 1]]]] [{citizen 2} [[""A"" [1 4]]]] [{citizen 24} [[""A"" [3 3]]]] [{citizen 21} [[""A"" [3 4]]]] [{citizen 40} [[""A"" [5 3]]]] [{citizen 39} [[""A"" [3 3]]]] [{citizen 10} [[""A"" [3 4]]]] [{citizen 29} [[""A"" [1 3]]]] [{citizen 47} [[""A"" [1 1]]]] [{media 63} [[""A"" [5 5]]]] [{citizen 28} [[""A"" [4 4]]]] [{citizen 45} [[""A"" [3 3]]]] [{citizen 36} [[""A"" [4 4]]]]]"
"42","[213 0 42]","199.43181818181813","-3.3317284434653995","-9.686700349960917","""circle""","""""","9.9","{breed citizens}","false","0.5","1","""up""",,"[[""ID"" 14] [""alpha"" 1] [""beta"" 1] [""malleable"" [""A""]] [""prior"" []] [""cont_tokens"" []] [""A"" 1]]","[[0 [0 1 2 3 4 5 6 7 8 9 10 11 12 13 14]] [1 [15 16 18 19 22 23 24 25 26 27 28]] [2 [30 32 33 34 35 36 37 39 40 41 42 43 44]] [3 [45 46 47 48 49 50 52 53 54 55 56 57 58 59]] [4 [60 61 62 63 64 65 66 67 68 69 70 71 72 73 74]] [5 [75 76 77 78 79 81 83 84 85 86 87 88 89]] [6 [90 91 92 93 94 95 96 97 98 99 100 101 102 103 104]] [7 [105 106 107 108 109 110 111 112 113 114 115 116 117 118 119]] [8 [120 121 122 123 124 125 126 127 128 129 130 131 132 133 134]] [9 [135 136 137 138 139 140 141 142 143 144 145 146 147 149]] [10 [150 151 152 153 154 155 156 157 158 159 160 161 162 163 164]] [11 [165 166 167 168 169 170 171 172 173 174 175 176 177 178 179]] [12 [180 181 182 183 184 185 186 187 188 189 190 191 192 193 194]] [13 [195 196 197 198 199 200 201 202 203 204 205 206 207 208 209]] [14 [210 211 212 213 214 215 216 217 218 220 221 222 223 224]] [15 [225 226 227 228 229 230 231 232 233 234 235 236 237 238 239]] [16 [240 241 242 244 245 246 249 250 252 253 254]] [17 [255 256 257 258 259 260 261 262 263 264 265 266 267 268 269]] [18 [271 272 273 274 275 276 277 278 279 280 281 282 283 284]] [19 [285 286 287 288 289 290 291 292 293 294 295 296 297 298 299]] [20 [300 301 302 303 304 305 306 308 309 310 311 312 313 314]] [21 [315 316 317 318 319 320 321 322 323 324 325 326 327 328 329]] [22 [330 331 332 333 334 335 336 337 338 339 340 341 342 343 344]] [23 [346 347 348 349 350 351 352 353 354 355 356 357 358 359]] [24 [361 362 363 364 365 366 367 368 369 370 371 373 374]] [25 [375 376 377 378 379 380 381 382 383 384 385 386 387 388 389]] [26 [390 391 392 393 394 395 396 397 398 399 400 401 402 403 404]] [27 [405 406 407 408 409 410 411 412 413 414 415 416 417 418 419]] [28 [420 422 423 424 425 427 428 429 430 433 434]] [29 [435 436 437 438 440 441 442 443 444 445 446 448 449]] [30 [450 451 452 453 454 455 456 457 458 459 460 461 462 463 464]] [31 [465 466 467 468 469 470 471 472 473 474 475 476 477 478 479]] [32 [480 481 482 483 484 485 486 487 489 490 491 492 493 494]] [33 [495 497 498 499 500 501 502 503 504 505 506]] [34 [510 511 512 513 514 515 516 518 519 520 521 522 523 524]] [35 [525 526 527 528 529 530 531 532 533 534 535 536 537 538 539]] [36 [540 541 542 544 545 546 547 548 549 550 551 553 554]] [37 [556 558 559 560 561 562 563 564 565 566 567 568 569]] [38 [570 571 572 573 574 575 576 577 578 580 581 582 583 584]] [39 [585 586 587 588 590 591 592 593 594 595 596 597 598 599]] [40 [600 601 602 603 604 605 606 607 608 609 610 611 612 613 614]] [41 [615 616 617 618 619 620 621 622 623 624 625 626 627 628 629]] [42 [630 631 632 633 634 635 636 637 638 639 640 641 642 643 644]] [43 [645 646 647 648 649 650 651 652 653 654 655 656 657 658 659]] [44 [660 661 662 663 664 665 666 667 668 669 670 671 672 673 674]] [45 [675 676 677 678 679 680 681 682 683 684 685 686 687 688 689]] [46 [690 691 692 693 694 695 696 697 698 699 700 701 702 703 704]] [47 [705 706 707 708 710 711 712 713 714 715 716 717 718 719]] [48 [720 721 722 723 724 725 726 727 728 729 730 731 732 733 734]] [49 [735 736 737 738 739 740 741 742 743 744 745 746 747 748 749]] [50 [750 751 752 753 754 755 756 757 758 759 760 761 762 763 764]] [51 [765 767 768 769 770 771 772 773 774 775 776 777 778 779]] [52 [780 781 782 783 784 785 786 787 788 789 790 791 792 793 794]] [53 [795 796 797 798 799 800 801 802 803 804 805 806 807 808 809]] [54 [812 813 814 816 821 822 823 824]] [55 [825 826 827 828 829 830 831 832 833 836 837 838 839]] [56 [840 841 842 843 844 845 848 849 850 851 852 853 854]] [57 [855 856 857 858 859 860 861 862 863 864 865 866 867 868 869]] [58 [870 871 873 874 875 876 877 879 880 881 882 883 884]] [59 [885 886 888 890 893 894 895 896 897 898 899]] [60 [900 902 903 904 905 906 907 908 909 910 911 912 913 914]] [61 [915 916 917 918 919 920 921 922 923 924 925 926 927 928 929]] [62 [930 931 932 933 934 935 936 937 938 939 940 941 942 943 944]] [63 [945 946 947 948 949 950 951 952 953 954 955 956 957 958 959]] [64 [960 961 962 963 964 965 966 967 968 969 970 971 972 973 974]] [65 [975 976 977 978 979 980 981 982 983 984 985 986 987 988 989]] [66 [990 991 992 993 994 995 996 997 998 999 1000 1001 1002 1003 1004]] [67 [1007 1009 1010 1011 1012 1013 1014 1015 1016]] [68 [1020 1021 1022 1023 1024 1030 1031 1032 1034]] [69 [1035 1036 1040 1041 1042 1043 1044 1045 1046 1047 1049]] [70 [1050 1051 1052 1053 1054 1055 1056 1057 1058 1059 1060 1061 1062 1063 1064]] [71 [1065 1066 1067 1068 1069 1070 1071 1072 1073 1074 1075 1076 1077 1078 1079]] [72 [1080 1081 1083 1084 1085 1086 1087 1089 1092 1093 1094]] [73 [1095 1096 1097 1098 1099 1100 1101 1102 1103 1104 1105 1106 1107 1108 1109]] [74 [1110 1111 1112 1113 1114 1115 1116 1117 1118 1119 1120 1121 1122 1123 1124]] [75 [1125 1126 1127 1128 1129 1130 1131 1132 1133 1134 1135 1136 1137 1138 1139]] [76 [1140 1141 1142 1143 1144 1145 1146 1147 1148 1149 1150 1151 1152 1153 1154]] [77 [1155 1156 1157 1158 1159 1160 1161 1162 1163 1164 1165 1166 1167 1168 1169]] [78 [1170 1171 1172 1173 1174 1175 1176 1177 1178 1179 1180 1181 1182 1183 1184]] [79 [1185 1186 1187 1188 1189 1190 1191 1192 1193 1194 1195 1196 1197 1198 1199]] [80 [1200 1201 1202 1203 1204 1205 1206 1207 1208 1209 1210 1211 1212 1213 1214]] [81 [1215 1216 1218 1220 1221 1222 1223 1224 1225 1228 1229]] [82 [1231 1232 1233 1235 1236 1237 1238 1239 1241 1242 1243]] [83 [1246 1247 1248 1250 1251 1252 1253 1254 1255 1256 1257 1258 1259]] [84 [1261 1264 1265 1266 1267 1268 1269 1270 1271 1272 1273 1274]] [85 [1275 1276 1277 1278 1279 1281 1282 1283 1284 1285 1286 1287 1288 1289]] [86 [1290 1291 1292 1293 1294 1295 1296 1297 1298 1299 1300 1301 1302 1303 1304]] [87 [1305 1306 1307 1308 1309 1310 1311 1312 1313 1314 1315 1316 1317 1318 1319]] [88 [1320 1321 1324 1325 1327 1328 1329 1330 1331 1332 1333]] [89 [1335 1336 1337 1338 1339 1340 1341 1342 1343 1347 1348 1349]] [90 [1350 1351 1352 1353 1354 1355 1356 1357 1358 1359 1360 1361 1362 1363 1364]] [91 [1365 1366 1367 1368 1369 1370 1371 1372 1373 1374 1375 1377 1378 1379]] [92 [1380 1381 1382 1383 1384 1385 1386 1387 1388 1389 1390 1391 1392 1393 1394]] [93 [1396 1397 1401 1402 1403 1404 1405 1406 1407 1408 1409]] [94 [1410 1411 1412 1413 1414 1415 1416 1417 1418 1419 1420 1421 1422 1423 1424]] [95 [1425 1426 1427 1428 1430 1431 1432 1433 1434 1436 1437 1438 1439]] [96 [1440 1441 1442 1443 1444 1445 1446 1447 1448 1449 1450 1451 1452 1453 1454]] [97 [1455 1456 1457 1458 1459 1460 1461 1462 1463 1464 1465 1466 1467 1468 1469]] [98 [1470 1471 1472 1473 1474 1475 1476 1477 1478 1479 1480 1481 1482 1483 1484]] [99 [1485 1486 1487 1488 1489 1490 1491 1492 1493 1494 1495 1496 1497 1498 1499]]]","[[0 [6 7 11 12]] [1 [15 16 18 19 22 23 25 26 27 28]] [2 [30 32 36 39 44]] [3 [45 47 48 49 50 54 58]] [4 [61 62 63 65 66 68 69 73 74]] [5 [76 77 78 79 81 83 84 87]] [6 [91 92 93 98 101 102 103 104]] [7 [105 106 107 108 109 111 112 117]] [8 [120 122 124 126 127 128 132 134]] [9 [135 136 137 138 144 145 146 147]] [10 [153 156 157 158 159 164]] [11 [165 170 171 172 173 176 178 179]] [12 [181 182 183 184 187 188 189 190]] [13 [197 198 199 200 201 202 206 209]] [14 [211 212 213 215 216 217 218 221 222 223]] [15 [226 227 229 231 232 233 238 239]] [16 [240 242 245 249 250 252 253 254]] [17 [256 257 259 260 261 264 266 269]] [18 [271 272 274 275 279 281 282 283]] [19 [285 286 287 289 290 292 293 297 298]] [20 [300 301 303 304 309 312]] [21 [316 317 318 320 321 322 323 324 327]] [22 [330 331 332 335 337 338 339 340]] [23 [350 352 353 355 356 357]] [24 [362 363 364 365 368 371 373 374]] [25 [375 376 377 380 383 384 385 389]] [26 [391 393 396 398 399 401 402 404]] [27 [405 409 412 415 416 418 419]] [28 [420 422 423 424 427 428 433 434]] [29 [435 436 437 438 440 441 442 444 448]] [30 [450 451 452 453 455 457 461 464]] [31 [466 467 468 471 472 473 475 478 479]] [32 [485 486 487 491 492 493 494]] [33 [495 498 499 500 501 502 505 506]] [34 [511 513 518 519 522 523]] [35 [526 529 530 531 536 538 539]] [36 [540 541 542 544 546 547 548 553 554]] [37 [556 558 559 562 563 566 568 569]] [38 [570 571 574 575 576 577 580 582 583 584]] [39 [585 586 587 588 591 592 593 595 598 599]] [40 [602 603 604 606 609 610 612]] [41 [615 616 617 619 620 621 622 624 626 629]] [42 [632 633 634 639 641 642]] [43 [649 655 656 658 659]] [44 [660 661 662 664 667 668 670 672 673 674]] [45 [675 677 679 682 683 684 685 689]] [46 [690 693 694 695 697 699 704]] [47 [706 708 710 711 715 716 717 718]] [48 [721 722 724 725 726 727 729 732 734]] [49 [736 738 739 741 742 743 745 746 747]] [50 [750 751 752 753 756 757 761 763]] [51 [765 767 768 770 771 774 775 776 777 778 779]] [52 [780 784 786 787 793 794]] [53 [796 797 800 802 803 805 807 808 809]] [54 [812 814 816 822 823 824]] [55 [825 829 830 831 832 836 837 839]] [56 [840 842 844 845 848 849 851 853 854]] [57 [855 856 859 860 861 863 864 865 866 867 868 869]] [58 [870 871 874 876 879 880 881]] [59 [888 890 894 896 899]] [60 [900 902 903 904 906 908 909 910 912 913]] [61 [915 917 919 921 922 923 925 928 929]] [62 [931 933 934 936 937 938 939 940 941]] [63 [947 948 950 955 956 957]] [64 [960 961 963 964 966 968 969 972 973 974]] [65 [975 977 978 979 980 981 983 984 987 988 989]] [66 [990 992 994 995 997 998 999 1000 1001]] [67 [1007 1009 1011 1012 1013 1014 1015 1016]] [68 [1020 1021 1022 1023 1024 1030 1034]] [69 [1035 1036 1041 1042 1043 1044 1045 1046 1047 1049]] [70 [1051 1052 1053 1054 1057 1058 1062]] [71 [1067 1068 1069 1073 1074 1076 1078]] [72 [1081 1083 1084 1085 1086 1087 1089 1092 1094]] [73 [1095 1100 1101 1103 1104 1105 1107 1108 1109]] [74 [1110 1113 1114 1117 1120 1122]] [75 [1125 1126 1128 1130 1132 1133 1136 1138]] [76 [1142 1144 1147 1148 1150 1151 1152 1153 1154]] [77 [1155 1156 1157 1158 1161 1162 1163 1165 1167]] [78 [1171 1172 1174 1175 1177 1178 1180 1182 1184]] [79 [1186 1189 1191 1192 1193 1194 1197]] [80 [1203 1204 1205 1207 1209 1211 1212 1213]] [81 [1216 1218 1220 1223 1224 1225 1228 1229]] [82 [1231 1232 1233 1235 1236 1239 1241 1242 1243]] [83 [1246 1248 1251 1252 1253 1254 1255 1256 1257 1258 1259]] [84 [1261 1265 1266 1267 1268 1269]] [85 [1275 1276 1281 1283 1284 1289]] [86 [1292 1293 1295 1296 1297 1299 1301 1302 1303]] [87 [1305 1306 1307 1311 1312 1315 1316 1318 1319]] [88 [1320 1321 1325 1327 1328 1329 1331 1332 1333]] [89 [1335 1336 1339 1340 1341 1342 1343 1348 1349]] [90 [1350 1351 1353 1355 1358 1359 1360 1361 1362 1363]] [91 [1374 1375 1377 1378 1379]] [92 [1381 1384 1385 1388 1389 1390]] [93 [1396 1397 1405 1406 1407 1408]] [94 [1410 1411 1419 1421]] [95 [1425 1427 1428 1430 1432 1438 1439]] [96 [1442 1445 1447 1449 1451 1452 1454]] [97 [1456 1457 1459 1460 1462 1465 1467 1468 1469]] [98 [1470 1472 1475 1476 1477 1478 1480 1482 1483 1484]] [99 [1485 1487 1488 1490 1491 1494 1497]]]",,"[[{media 51} [[""A"" [4 4]]]] [{media 52} [[""A"" [0 0]]]] [{media 53} [[""A"" [1 1]]]] [{media 58} [[""A"" [1 1]]]] [{media 60} [[""A"" [2 2]]]] [{media 61} [[""A"" [3 3]]]] [{media 62} [[""A"" [1 1]]]] [{media 64} [[""A"" [1 1]]]] [{citizen 0} [[""A"" [3 3]]]] [{citizen 3} [[""A"" [3 1]]]] [{citizen 11} [[""A"" [4 4]]]] [{media 56} [[""A"" [1 1]]]] [{citizen 1} [[""A"" [4 4]]]] [{citizen 7} [[""A"" [5 4]]]] [{media 50} [[""A"" [3 3]]]] [{citizen 5} [[""A"" [5 3]]]] [{media 63} [[""A"" [5 5]]]] [{media 57} [[""A"" [5 5]]]] [{media 59} [[""A"" [0 0]]]] [{media 55} [[""A"" [3 3]]]] [{citizen 4} [[""A"" [3 1]]]] [{media 54} [[""A"" [4 4]]]] [{citizen 19} [[""A"" [3 1]]]] [{citizen 32} [[""A"" [5 3]]]] [{citizen 20} [[""A"" [4 4]]]] [{citizen 25} [[""A"" [5 3]]]] [{citizen 35} [[""A"" [1 1]]]] [{citizen 37} [[""A"" [4 4]]]] [{citizen 8} [[""A"" [3 1]]]] [{citizen 9} [[""A"" [3 1]]]] [{citizen 33} [[""A"" [3 1]]]] [{citizen 13} [[""A"" [4 4]]]] [{citizen 22} [[""A"" [3 1]]]] [{citizen 14} [[""A"" [4 4]]]] [{citizen 26} [[""A"" [3 4]]]] [{citizen 38} [[""A"" [3 1]]]] [{citizen 49} [[""A"" [5 3]]]] [{citizen 12} [[""A"" [4 4]]]] [{citizen 31} [[""A"" [1 1]]]] [{citizen 16} [[""A"" [5 4]]]] [{citizen 18} [[""A"" [4 4]]]] [{citizen 46} [[""A"" [3 3]]]] [{citizen 2} [[""A"" [4 4]]]] [{citizen 48} [[""A"" [5 4]]]] [{citizen 24} [[""A"" [3 4]]]] [{citizen 6} [[""A"" [4 4]]]] [{citizen 34} [[""A"" [3 3]]]] [{citizen 21} [[""A"" [3 4]]]] [{citizen 40} [[""A"" [3 4]]]] [{citizen 10} [[""A"" [4 4]]]] [{citizen 39} [[""A"" [5 3]]]] [{citizen 30} [[""A"" [1 1]]]] [{citizen 27} [[""A"" [4 5]]]] [{citizen 43} [[""A"" [3 4]]]] [{citizen 15} [[""A"" [1 1]]]] [{citizen 17} [[""A"" [1 3]]]] [{citizen 29} [[""A"" [3 1]]]] [{citizen 23} [[""A"" [1 3]]]] [{citizen 44} [[""A"" [1 3]]]] [{citizen 47} [[""A"" [5 1]]]] [{citizen 41} [[""A"" [3 1]]]] [{citizen 45} [[""A"" [5 3]]]] [{citizen 28} [[""A"" [4 4]]]] [{citizen 36} [[""A"" [4 4]]]]]"
"43","[85 0 170]","220.9090909090909","-6.335503637638399","-7.3723619031650625","""circle""","""""","9.9","{breed citizens}","false","0.5","1","""up""",,"[[""ID"" 32] [""alpha"" 1] [""beta"" 1] [""malleable"" [""A""]] [""prior"" []] [""cont_tokens"" []] [""A"" 4]]","[[0 [0 1 2 3 4 5 6 7 8 9 10 11 12 13 14]] [1 [15 16 17 18 19 20 21 22 23 24 25 26 27 28]] [2 [30 32 33 34 35 36 37 38 39 40 41 42 43 44]] [3 [45 46 47 48 49 50 54 55 56 57 58 59]] [4 [60 61 62 63 64 65 66 67 68 69 70 71 72 73 74]] [5 [76 77 78 79 81 83 84 85 86 87 88 89]] [6 [90 91 92 93 94 95 96 97 98 99 100 101 102 103 104]] [7 [108 109 111 112 113 115 116 117 118 119]] [8 [120 121 122 123 124 125 126 127 128 129 130 131 132 133 134]] [9 [135 136 137 138 139 140 141 142 143 144 145 146 147 148 149]] [10 [150 151 152 153 154 155 156 157 158 159 160 161 162 163 164]] [11 [165 166 167 168 169 170 171 172 173 174 175 176 177 178 179]] [12 [180 181 182 183 184 185 186 187 188 189 190]] [13 [195 196 197 198 199 200 201 202 203 204 205 206 207 208 209]] [14 [210 211 212 213 214 215 216 217 218 219 220 221 222 223 224]] [15 [225 226 227 228 229 230 231 232 233 234 235 236 237 238 239]] [16 [240 241 242 244 245 246 249 250 252 253 254]] [17 [255 256 257 258 259 260 261 262 263 264 265 266 267 268 269]] [18 [270 271 272 273 274 275 276 277 278 279 280 281 282 283 284]] [19 [285 286 287 288 289 290 291 292 293 294 295 296 297 298 299]] [20 [300 301 302 303 304 305 306 308 309 310 311 312 313 314]] [21 [315 316 317 318 319 320 321 322 323 324 325 326 327 328 329]] [22 [330 331 332 333 334 335 336 337 338 339 340 341 342 343 344]] [23 [345 346 347 348 349 350 351 352 353 354 355 356 357 358 359]] [24 [360 366 367 368 371 372 373 374]] [25 [375 376 377 378 380 383 384 385 386 387 388 389]] [26 [390 391 392 393 394 395 396 397 398 399 400 401 402 403 404]] [27 [405 406 407 408 409 410 411 412 413 414 415 416 417 418 419]] [28 [420 422 423 424 425 427 428 429 430 433 434]] [29 [435 436 437 438 440 441 442 443 444 445 446 448 449]] [30 [450 451 452 453 454 455 456 457 458 459 460 461 462 463 464]] [31 [465 466 467 468 469 470 471 472 473 474 475 476 477 478 479]] [32 [480 481 482 483 484 485 486 487 489 490 491 492 493 494]] [33 [495 497 498 499 500 501 502 503 504 505 506]] [34 [510 511 512 513 514 515 516 517 518 519 520 521 522 523 524]] [35 [525 526 527 528 529 530 531 532 533 534 535 536 537 538 539]] [36 [540 541 542 544 545 546 547 548 549 550 551 553 554]] [37 [555 556 557 558 559 560 561 562 563 564 565 566 567 568 569]] [38 [570 571 572 573 574 575 576 577 578 580 581 582 583 584]] [39 [585 586 587 588 589 590 591 592 593 594 595 596 597 598 599]] [40 [600 601 602 603 604 605 606 607 608 609 610 611 612 613 614]] [41 [616 617 618 619 620 621 622 624 625 626 627 628 629]] [42 [630 631 632 633 634 635 636 637 638 639 640 641 642 643 644]] [43 [646 647 648 649 650 651 652 654 655 656 657 658 659]] [44 [660 661 662 663 664 665 666 667 668 669 670 671 672 673 674]] [45 [675 676 677 678 679 680 681 682 683 684 685 686 687 688 689]] [46 [690 693 694 695 696 697 699 702 703 704]] [47 [705 706 707 708 710 711 712 713 714 715 716 717 718 719]] [48 [720 721 722 723 724 725 726 727 729 732 734]] [49 [736 738 739 741 742 743 745 746 747 748 749]] [50 [750 751 752 753 754 755 756 757 759 760 761 762 763 764]] [51 [765 766 767 768 769 770 771 772 773 774 775 776 777 778 779]] [52 [780 781 782 783 784 785 786 787 788 789 790 791 792 793 794]] [53 [795 796 797 798 799 800 801 802 803 804 805 806 807 808 809]] [54 [812 813 814 816 821 822 823 824]] [55 [825 826 827 828 829 830 831 832 833 836 837 838 839]] [56 [840 841 842 843 844 845 848 849 850 851 852 853 854]] [57 [855 856 857 858 859 860 861 862 863 864 865 866 867 868 869]] [58 [870 871 873 874 875 876 877 879 880 881 882 883 884]] [59 [885 886 888 890 893 894 895 896 897 898 899]] [60 [900 901 902 903 904 905 906 907 908 909 910 911 912 913 914]] [61 [915 916 917 918 919 920 921 922 923 924 925 926 927 928 929]] [62 [931 933 934 936 937 938 939 940 941 942 943 944]] [63 [945 946 947 948 949 950 951 952 953 954 955 956 957 958 959]] [64 [960 961 962 963 964 965 966 967 968 969 970 971 972 973 974]] [65 [975 976 977 978 979 980 981 982 983 984 985 986 987 988 989]] [66 [990 991 992 993 994 995 996 997 998 999 1000 1001 1002 1003 1004]] [67 [1005 1006 1007 1008 1009 1010 1011 1012 1013 1014 1015 1016]] [68 [1020 1021 1022 1023 1024 1030 1031 1032 1034]] [69 [1035 1036 1040 1041 1042 1043 1044 1045 1046 1047 1049]] [70 [1050 1051 1052 1053 1054 1055 1056 1057 1058 1059 1060 1061 1062 1063 1064]] [71 [1065 1066 1067 1068 1069 1070 1072 1073 1074 1076 1078]] [72 [1080 1081 1083 1084 1085 1086 1087 1089 1092 1093 1094]] [73 [1095 1096 1097 1098 1099 1100 1101 1102 1103 1104 1105 1106 1107 1108 1109]] [74 [1110 1111 1112 1113 1114 1115 1116 1117 1118 1119 1120 1121 1122 1123 1124]] [75 [1125 1126 1127 1128 1129 1130 1131 1132 1133 1134 1135 1136 1137 1138 1139]] [76 [1140 1141 1142 1143 1144 1145 1146 1147 1148 1149 1150 1151 1152 1153 1154]] [77 [1155 1156 1157 1158 1159 1160 1161 1162 1163 1164 1165 1166 1167 1168 1169]] [78 [1171 1172 1173 1174 1175 1176 1177 1178 1179 1180 1181 1182 1183 1184]] [79 [1186 1188 1189 1190 1191 1192 1193 1194 1195 1196 1197 1198 1199]] [80 [1200 1201 1202 1205 1207 1209 1210 1211 1212 1213 1214]] [81 [1215 1216 1218 1220 1221 1222 1223 1224 1225 1228 1229]] [82 [1231 1232 1233 1235 1236 1237 1238 1239 1241 1242 1243]] [83 [1246 1247 1248 1250 1251 1252 1253 1254 1255 1256 1257 1258 1259]] [84 [1261 1264 1265 1266 1267 1268 1269 1270 1271 1272 1273 1274]] [85 [1275 1276 1277 1278 1279 1280 1281 1282 1283 1284 1285 1286 1287 1288 1289]] [86 [1290 1291 1292 1293 1294 1295 1296 1297 1298 1299 1300 1301 1302 1303 1304]] [87 [1305 1306 1307 1308 1309 1310 1311 1312 1313 1314 1315 1316 1317 1318 1319]] [88 [1320 1321 1322 1323 1324 1325 1326 1327 1328 1329 1330 1331 1332 1333 1334]] [89 [1335 1336 1337 1338 1339 1340 1341 1342 1343 1347 1348 1349]] [90 [1350 1351 1352 1353 1354 1355 1356 1357 1358 1359 1360 1361 1362 1363 1364]] [91 [1365 1366 1367 1368 1369 1370 1371 1372 1373 1374 1375 1376 1377 1378 1379]] [92 [1380 1381 1382 1383 1384 1385 1386 1387 1388 1389 1390 1391 1392 1393 1394]] [93 [1395 1396 1397 1398 1399 1400 1401 1402 1403 1404 1405 1406 1407 1408 1409]] [94 [1410 1411 1412 1413 1414 1415 1416 1417 1418 1419 1420 1421 1422 1423 1424]] [95 [1425 1427 1428 1430 1432 1434 1437 1438 1439]] [96 [1440 1441 1442 1443 1444 1445 1446 1447 1448 1449 1450 1451 1452 1453 1454]] [97 [1455 1456 1457 1458 1459 1460 1461 1462 1463 1464 1465 1466 1467 1468 1469]] [98 [1470 1471 1472 1473 1474 1475 1476 1477 1478 1479 1480 1481 1482 1483 1484]] [99 [1485 1486 1487 1488 1489 1490 1491 1492 1493 1494 1495 1496 1497 1498 1499]]]","[[0 [2 4 7 11 12]] [1 [15 16 18 19 22 23 25 27 28]] [2 [30 33 34 35 36 37 39 43 44]] [3 [45 47 48 49 50 54 56]] [4 [62 63 65 66 68 69 73 74]] [5 [76 77 78 79 81 83 84 85 86 88 89]] [6 [90 94 95 96 99]] [7 [108 109 111 112 113 115 117]] [8 [120 122 124 126 127 128 130 133]] [9 [139 140 141 143 145 146 149]] [10 [150 152 154 155 157 158 159 164]] [11 [167 168 169 174 175 176 178]] [12 [180 182 183 184]] [13 [195 196 203 204 205 207 208]] [14 [210 212 213 216 218 221 222 223]] [15 [226 228 230 234 235 236 238 239]] [16 [241 242 245 246 249 250 252 253 254]] [17 [258 260 261 264 266 269]] [18 [271 272 274 275 279 281 282 283]] [19 [285 286 287 289 290 292 293 297 298]] [20 [300 301 302 305 306 308 310 311 313 314]] [21 [315 316 317 319 323 324 327 328]] [22 [330 331 333 334 336 337 341 342]] [23 [345 346 348 349 351 358 359]] [24 [360 366 367 368 371 373 374]] [25 [375 376 378 380 383 384 386 388 389]] [26 [390 391 393 396 398 399 401 403]] [27 [406 410 411 413 414 417 418 419]] [28 [420 422 423 424 427 428 429 430 433 434]] [29 [435 436 437 438 440 441 442 444 448]] [30 [450 451 452 455 457 461]] [31 [465 469 470 471 472 473 474 477 478 479]] [32 [480 481 482 483 484 485 486 487 491 492 493 494]] [33 [497 498 499 500 502]] [34 [510 511 512 514 515 516 519 522 523]] [35 [526 527 528 534 536 538 539]] [36 [540 541 544 546 547 548 553 554]] [37 [556 560 561 564 565 566 568 569]] [38 [570 572 573 576 577 580 582 583]] [39 [585 586 587 588 591 593 595 598 599]] [40 [602 605 607 608 613 614]] [41 [617 619 622 624 626 627 628]] [42 [630 631 635 636 637 638 640 641 642 643 644]] [43 [646 647 648 650 651 652 654 656 657 658 659]] [44 [660 661 662 664 665 666 669 670 672 673 674]] [45 [675 676 677 679 682 683 684 685 687 688]] [46 [690 693 694 695 696 697 699 702 703 704]] [47 [705 707 708 710 711 716 717 718]] [48 [721 722 723 724 725 726 727 729 732 734]] [49 [736 738 739 741 742 743 745 746 748 749]] [50 [750 753 754 755 756 757 759 760 761 763]] [51 [765 769 770 771 774 775 776 777]] [52 [781 782 783 785 788 789 792 794]] [53 [795 797 800 801 802 803 805 807 808 809]] [54 [812 814 816 822 823 824]] [55 [825 826 827 828 831 832 833 836 837 839]] [56 [840 842 844 848 851 853 854]] [57 [855 856 859 860 861 863 864 865 866 867 868 869]] [58 [870 871 874 875 877 879 880 881]] [59 [885 886 888 893 895 897 898]] [60 [901 904 906 908 909 910 912 913]] [61 [915 917 919 921 922 923 925 929]] [62 [931 933 934 936 937 939 940 941]] [63 [946 947 948 950 955 956 957]] [64 [960 961 963 964 966 968 969 972 973]] [65 [976 978 979 980 981 983 984 987 988]] [66 [990 992 993 996 997 998 1000 1001]] [67 [1007 1009 1011 1012 1013 1014 1015 1016]] [68 [1020 1021 1022 1023 1024 1031 1034]] [69 [1035 1036 1041 1042 1043 1044 1045 1046 1049]] [70 [1051 1052 1055 1056 1057 1058 1062 1064]] [71 [1065 1066 1070 1072 1073 1074 1076 1078]] [72 [1081 1083 1084 1085 1087 1089 1093]] [73 [1096 1098 1099 1102 1103 1104 1105 1106 1108 1109]] [74 [1110 1111 1112 1114 1117 1120]] [75 [1126 1130 1132 1134 1135 1137]] [76 [1140 1141 1144 1148 1150 1151 1152]] [77 [1156 1157 1159 1160 1163 1165 1167]] [78 [1171 1172 1174 1175 1179 1180 1182 1184]] [79 [1186 1189 1191 1192 1195 1196 1198 1199]] [80 [1200 1201 1202 1207 1209 1211 1212 1213]] [81 [1216 1218 1220 1221 1222 1223 1224 1225 1228 1229]] [82 [1231 1232 1235 1236 1237 1238 1239 1241 1242 1243]] [83 [1246 1248 1251 1252 1253 1254 1255 1256 1257 1258 1259]] [84 [1261 1265 1266 1267 1268 1269 1270 1272 1273 1274]] [85 [1277 1278 1279 1281 1283 1284 1287 1288]] [86 [1290 1291 1294 1297 1299 1303]] [87 [1305 1306 1307 1311 1312 1315]] [88 [1322 1323 1324 1327 1328 1329 1330 1331 1332 1333]] [89 [1335 1336 1340 1342 1343 1348 1349]] [90 [1350 1352 1354 1356 1357 1363]] [91 [1366 1367 1368 1369 1370 1372 1373 1375 1377 1378]] [92 [1384 1385 1388 1389 1391 1392 1394]] [93 [1395 1398 1399 1402 1403 1404 1405 1406 1407 1408]] [94 [1410 1411 1419 1421 1423]] [95 [1425 1428 1430 1432 1434 1437 1439]] [96 [1440 1443 1445 1447 1449 1451 1452 1453]] [97 [1455 1458 1459 1460 1462 1465 1467 1468]] [98 [1473 1474 1476 1478 1480 1482 1483 1484]] [99 [1485 1486 1487 1488 1490 1491 1492 1495 1496 1498 1499]]]",,"[[{media 50} [[""A"" [3 3]]]] [{media 51} [[""A"" [4 4]]]] [{media 52} [[""A"" [0 0]]]] [{media 53} [[""A"" [1 1]]]] [{media 54} [[""A"" [4 4]]]] [{media 55} [[""A"" [3 3]]]] [{media 57} [[""A"" [5 5]]]] [{media 58} [[""A"" [1 1]]]] [{media 59} [[""A"" [0 0]]]] [{media 60} [[""A"" [2 2]]]] [{media 61} [[""A"" [3 3]]]] [{media 62} [[""A"" [1 1]]]] [{media 64} [[""A"" [1 1]]]] [{citizen 0} [[""A"" [4 3]]]] [{citizen 3} [[""A"" [3 1]]]] [{citizen 11} [[""A"" [4 4]]]] [{citizen 27} [[""A"" [3 1]]]] [{media 56} [[""A"" [1 1]]]] [{citizen 1} [[""A"" [4 4]]]] [{citizen 7} [[""A"" [3 5]]]] [{citizen 15} [[""A"" [1 1]]]] [{citizen 12} [[""A"" [3 4]]]] [{citizen 5} [[""A"" [5 5]]]] [{media 63} [[""A"" [5 5]]]] [{citizen 19} [[""A"" [5 3]]]] [{citizen 32} [[""A"" [3 5]]]] [{citizen 48} [[""A"" [3 4]]]] [{citizen 20} [[""A"" [4 4]]]] [{citizen 25} [[""A"" [3 5]]]] [{citizen 35} [[""A"" [1 1]]]] [{citizen 37} [[""A"" [3 4]]]] [{citizen 8} [[""A"" [3 1]]]] [{citizen 9} [[""A"" [3 1]]]] [{citizen 33} [[""A"" [3 1]]]] [{citizen 14} [[""A"" [4 4]]]] [{citizen 34} [[""A"" [4 3]]]] [{citizen 23} [[""A"" [5 3]]]] [{citizen 38} [[""A"" [5 3]]]] [{citizen 26} [[""A"" [3 4]]]] [{citizen 4} [[""A"" [5 1]]]] [{citizen 17} [[""A"" [4 3]]]] [{citizen 45} [[""A"" [3 5]]]] [{citizen 13} [[""A"" [5 4]]]] [{citizen 22} [[""A"" [3 1]]]] [{citizen 42} [[""A"" [3 1]]]] [{citizen 41} [[""A"" [3 1]]]] [{citizen 10} [[""A"" [4 4]]]] [{citizen 31} [[""A"" [1 1]]]] [{citizen 6} [[""A"" [3 4]]]] [{citizen 49} [[""A"" [4 3]]]] [{citizen 16} [[""A"" [5 4]]]] [{citizen 18} [[""A"" [4 4]]]] [{citizen 46} [[""A"" [3 3]]]] [{citizen 30} [[""A"" [1 1]]]] [{citizen 2} [[""A"" [3 4]]]] [{citizen 24} [[""A"" [3 4]]]] [{citizen 21} [[""A"" [3 4]]]] [{citizen 40} [[""A"" [3 4]]]] [{citizen 39} [[""A"" [3 4]]]] [{citizen 29} [[""A"" [1 1]]]] [{citizen 44} [[""A"" [2 3]]]] [{citizen 47} [[""A"" [1 1]]]] [{citizen 28} [[""A"" [4 4]]]] [{citizen 36} [[""A"" [4 4]]]]]"
"44","[85 0 170]","106.36363636363637","13.75563054041765","-4.117491966113819","""circle""","""""","9.9","{breed citizens}","false","0.5","1","""up""",,"[[""ID"" 19] [""alpha"" 1] [""beta"" 1] [""malleable"" [""A""]] [""prior"" []] [""cont_tokens"" []] [""A"" 4]]","[[0 [0 1 3 4 5 6 7 8 9 10 11 12 13 14]] [1 [15 16 17 18 19 20 21 22 23 24 25 26 27 28 29]] [2 [30 32 33 34 35 36 37 39 40 41 42 43 44]] [3 [45 46 47 48 49 50 52 53 54 55 56 57 58 59]] [4 [60 61 62 63 64 65 66 67 68 69 70 71 72 73 74]] [5 [75 76 77 78 79 81 83 84 85 86 87 88 89]] [6 [90 91 92 93 94 95 96 97 98 99 100 101 102 103 104]] [7 [105 106 107 108 109 110 111 112 113 114 115 116 117 118 119]] [8 [120 121 122 123 124 125 126 127 128 130 131 132 133 134]] [9 [135 136 137 138 142 143 144 145 146 147 149]] [10 [150 151 152 153 154 155 156 157 158 159 160 161 162 163 164]] [11 [165 166 167 168 169 170 171 172 173 174 175 176 177 178 179]] [12 [180 181 182 183 184 185 186 187 188 189 190 191 192 193 194]] [13 [197 198 199 200 201 202 206 207 208 209]] [14 [210 211 212 213 214 215 216 217 218 220 221 222 223 224]] [15 [225 226 227 228 229 230 231 232 233 234 235 236 237 238 239]] [16 [240 241 242 243 244 245 246 247 248 249 250 251 252 253 254]] [17 [255 256 257 258 259 260 261 262 263 264 265 266 267 268 269]] [18 [271 272 273 274 275 276 277 278 279 280 281 282 283 284]] [19 [285 286 287 288 289 290 291 292 293 294 295 296 297 298 299]] [20 [300 301 302 303 304 305 306 307 308 309 310 311 312 313 314]] [21 [315 316 317 318 319 320 321 322 323 324 325 326 327 328 329]] [22 [331 332 333 334 335 336 337 338 339 340 341 342 343 344]] [23 [345 346 347 348 349 350 351 352 353 354 355 356 357 358 359]] [24 [361 362 363 364 365 366 367 368 369 370 371 373 374]] [25 [375 376 377 378 380 383 384 385 386 387 388 389]] [26 [390 391 392 393 394 395 396 397 398 399 400 401 402 403 404]] [27 [405 406 407 408 409 410 411 412 413 414 415 416 417 418 419]] [28 [420 422 423 424 425 427 428 429 430 433 434]] [29 [435 436 437 438 440 441 442 443 444 445 446 448 449]] [30 [450 451 452 453 454 455 456 457 458 459 460 461 462 463 464]] [31 [466 467 468 471 472 473 474 475 476 477 478 479]] [32 [480 481 482 483 484 485 486 487 488 489 490 491 492 493 494]] [33 [495 497 498 499 500 501 502 503 504 505 506]] [34 [510 511 512 513 514 515 516 517 518 519 520 521 522 523 524]] [35 [525 526 527 528 529 530 531 532 533 534 535 536 537 538 539]] [36 [540 541 542 544 545 546 547 548 549 550 551 553 554]] [37 [556 558 559 560 561 562 563 564 565 566 567 568 569]] [38 [570 571 572 573 574 575 576 577 578 580 581 582 583 584]] [39 [585 586 587 588 590 591 592 593 594 595 596 597 598 599]] [40 [600 601 602 603 604 606 608 609 610 612 613 614]] [41 [615 616 617 618 619 620 621 622 623 624 625 626 627 628 629]] [42 [630 631 632 633 634 635 636 637 638 639 640 641 642 643 644]] [43 [646 647 648 649 650 651 652 654 655 656 657 658 659]] [44 [660 661 662 663 664 665 666 667 668 669 670 671 672 673 674]] [45 [675 676 677 678 679 680 681 682 683 684 685 686 687 688 689]] [46 [690 691 692 693 694 695 696 697 698 699 700 701 702 703 704]] [47 [705 706 707 708 709 710 711 712 713 714 715 716 717 718 719]] [48 [720 721 722 723 724 725 726 727 728 729 730 731 732 733 734]] [49 [736 738 739 741 742 743 745 746 747 748 749]] [50 [750 751 752 753 754 755 756 757 758 759 760 761 762 763 764]] [51 [765 766 767 768 769 770 771 772 773 774 775 776 777 778 779]] [52 [780 781 782 783 784 785 786 787 788 789 790 791 792 793 794]] [53 [795 796 797 798 799 800 801 802 803 804 805 806 807 808 809]] [54 [811 812 813 814 816 821 822 823 824]] [55 [825 826 827 828 829 830 831 832 833 836 837 838 839]] [56 [840 841 842 843 844 845 848 849 850 851 852 853 854]] [57 [855 856 857 858 859 860 861 862 863 864 865 866 867 868 869]] [58 [870 871 873 874 875 876 877 879 880 881 882 883 884]] [59 [885 886 887 888 889 890 891 892 893 894 895 897 898]] [60 [901 903 904 905 906 907 908 909 910 911 912 913 914]] [61 [915 916 917 918 919 921 922 923 925 926 927 928 929]] [62 [930 931 932 933 934 935 936 937 938 939 940 941 942 943 944]] [63 [945 946 947 948 949 950 951 952 953 954 955 956 957 959]] [64 [960 961 962 963 964 965 966 967 968 969 970 971 972 973 974]] [65 [975 976 977 978 979 980 981 982 983 984 985 986 987 988 989]] [66 [990 991 992 993 994 995 996 997 998 999 1000 1001 1002 1003 1004]] [67 [1005 1006 1007 1008 1009 1010 1011 1012 1013 1014 1015 1016 1017 1018 1019]] [68 [1020 1021 1022 1023 1024 1030 1031 1032 1034]] [69 [1035 1036 1040 1041 1042 1043 1044 1045 1046 1047 1049]] [70 [1050 1051 1052 1053 1054 1055 1056 1057 1058 1059 1060 1061 1062 1063 1064]] [71 [1065 1066 1067 1068 1069 1070 1072 1073 1074 1076 1078]] [72 [1080 1081 1083 1084 1085 1086 1087 1089 1092 1093 1094]] [73 [1095 1096 1097 1098 1099 1100 1101 1102 1103 1104 1105 1106 1107 1108 1109]] [74 [1110 1111 1112 1113 1114 1115 1116 1117 1118 1119 1120 1121 1122 1123 1124]] [75 [1125 1126 1127 1128 1129 1130 1131 1132 1133 1134 1135 1136 1137 1138 1139]] [76 [1140 1141 1142 1143 1144 1145 1146 1147 1148 1149 1150 1151 1152 1153 1154]] [77 [1155 1156 1157 1158 1159 1160 1161 1162 1163 1164 1165 1166 1167 1168 1169]] [78 [1171 1172 1173 1174 1175 1176 1177 1178 1179 1180 1181 1182 1183 1184]] [79 [1185 1186 1187 1188 1189 1190 1191 1192 1193 1194 1195 1196 1197 1198 1199]] [80 [1200 1201 1202 1205 1207 1209 1210 1211 1212 1213 1214]] [81 [1215 1216 1218 1220 1221 1222 1223 1224 1225 1228 1229]] [82 [1231 1232 1233 1235 1236 1237 1238 1239 1241 1242 1243]] [83 [1246 1247 1248 1250 1251 1252 1253 1254 1255 1256 1257 1258 1259]] [84 [1261 1264 1265 1266 1267 1268 1269 1270 1271 1272 1273 1274]] [85 [1275 1276 1277 1278 1279 1280 1281 1282 1283 1284 1285 1286 1287 1288 1289]] [86 [1290 1291 1292 1293 1294 1295 1296 1297 1298 1299 1300 1301 1302 1303 1304]] [87 [1305 1306 1307 1308 1309 1310 1311 1312 1313 1314 1315 1316 1317 1318 1319]] [88 [1320 1321 1324 1325 1327 1328 1329 1330 1331 1332 1333]] [89 [1335 1336 1337 1338 1339 1340 1341 1342 1343 1347 1348 1349]] [90 [1350 1351 1352 1353 1354 1355 1356 1357 1358 1359 1360 1361 1362 1363 1364]] [91 [1365 1366 1367 1368 1369 1370 1371 1372 1373 1374 1375 1376 1377 1378 1379]] [92 [1380 1381 1382 1383 1384 1385 1386 1387 1388 1389 1390 1391 1392 1393 1394]] [93 [1396 1397 1401 1402 1403 1404 1405 1406 1407 1408]] [94 [1410 1411 1412 1413 1414 1415 1416 1417 1418 1419 1420 1421 1422 1423 1424]] [95 [1425 1427 1428 1430 1432 1434 1437 1438 1439]] [96 [1440 1441 1442 1443 1444 1445 1446 1447 1448 1449 1450 1451 1452 1453 1454]] [97 [1455 1456 1457 1458 1459 1460 1462 1465 1467 1468 1469]] [98 [1470 1471 1472 1473 1474 1475 1476 1477 1478 1479 1480 1481 1482 1483 1484]] [99 [1485 1486 1487 1488 1489 1490 1491 1492 1493 1494 1495 1496 1497 1498 1499]]]","[[0 [0 1 3 4 11 13 14]] [1 [17 19 22 23 24 26 27 28]] [2 [30 33 34 35 36 37 39 44]] [3 [45 46 48 49 50 55 57 59]] [4 [60 61 62 63 64 66 68 69 73 74]] [5 [76 77 78 79 81 83 84 87]] [6 [91 92 93 98 101 102 103 104]] [7 [105 106 107 110 114 116 118 119]] [8 [122 126 127 128 131 134]] [9 [135 136 137 138 143 145 146 149]] [10 [151 152 154 155 156 157 158 159 162]] [11 [166 168 169 174 175 177 179]] [12 [181 182 183 184 185 186 187 188 189 190]] [13 [197 198 200 201 202 206 208 209]] [14 [211 212 214 215 216 217 218 220 221 223]] [15 [226 228 230 234 235 236]] [16 [240 242 244 245 246 249 250 252 253 254]] [17 [257 258 259 260 261 264 266]] [18 [271 272 274 275 279 281 282 283 284]] [19 [285 286 287 291 294 295 296]] [20 [301 303 304 306 309 312 313 314]] [21 [315 318 320 321 322 325 326 329]] [22 [331 332 339 340]] [23 [346 347 348 349 351 352 353 355 356 357]] [24 [361 362 363 364 365 366 367 368 371 373 374]] [25 [375 376 377 378 380 383 386 388 389]] [26 [391 393 394 395 397 399 400 401 402 404]] [27 [405 406 410 411 412 415 416 417 418 419]] [28 [420 422 423 424 427 428 433 434]] [29 [435 437 438 440 441 442 444 446 448 449]] [30 [454 456 458 459 460 462 463]] [31 [466 467 468 472 473 474 477 478]] [32 [480 481 482 483 484 486 487 491 492 493 494]] [33 [495 498 499 500 501 502]] [34 [510 511 513 516 519 522 523]] [35 [526 527 528 531 536 538 539]] [36 [540 541 542 545 546 547 548 549 550 551 553 554]] [37 [556 560 561 564 565 566 568 569]] [38 [571 574 575 577 580 582 583 584]] [39 [585 586 587 588 590 591 593 594 596 597]] [40 [600 601 602 603 604 606 609 610 612]] [41 [615 616 617 618 620 622 624 626 629]] [42 [630 632 633 634 639 641 642 643 644]] [43 [646 647 648 649 650 651 652 654]] [44 [660 661 662 664 667 668 670 671 672]] [45 [675 677 678 680 681 686 687 688 689]] [46 [690 693 694 695 696 697 699 702 703]] [47 [705 707 708 712 713 714 717 718]] [48 [721 722 723 724 725 726 727 729 732 734]] [49 [736 738 739 741 742 743 745 746 747]] [50 [750 751 752 753 756 757 759 760 761 763 764]] [51 [766 767 770 771 774 775 776 777]] [52 [781 782 783 785 788 789 790 791 793]] [53 [795 798 799 806 808 809]] [54 [812 813 814 816 822 823 824]] [55 [825 829 830 831 832 836 837 839]] [56 [840 842 844 849 851 853 854]] [57 [855 856 859 860 861 863 864 865 866 867 868]] [58 [870 871 873 875 877 882 883 884]] [59 [885 886 887 889 891 892 893 895 897 898]] [60 [901 903 905 907 911 914]] [61 [916 918 919 921 922 923 925]] [62 [930 932 935 938 939 940 943 944]] [63 [945 949 951 952 953 954 955 956 959]] [64 [962 966 968 971 972 973]] [65 [976 977 978 979 982 985 986 987 988 989]] [66 [990 991 993 995 997 998 1004]] [67 [1005 1006 1007 1009 1011 1012 1013 1014 1015 1016]] [68 [1020 1021 1022 1023 1024 1031 1034]] [69 [1035 1040 1042 1043 1044 1045 1046 1047 1049]] [70 [1051 1052 1055 1056 1057 1058 1061 1062 1063 1064]] [71 [1065 1066 1070 1072 1073 1074 1076 1078]] [72 [1080 1081 1083 1084 1085 1087 1089 1093]] [73 [1096 1097 1098 1099 1102 1106 1108 1109]] [74 [1110 1111 1112 1113 1114 1117 1120]] [75 [1129 1133 1136 1138 1139]] [76 [1142 1144 1147 1148 1150 1151 1152 1154]] [77 [1155 1157 1159 1160 1163 1165 1167]] [78 [1171 1172 1174 1175 1179 1180 1182 1184]] [79 [1186 1189 1191 1192 1195 1196 1198 1199]] [80 [1200 1201 1202 1207 1209 1210 1212 1213]] [81 [1216 1218 1220 1221 1222 1223 1224 1225 1228 1229]] [82 [1231 1232 1235 1236 1237 1238 1239 1241 1242 1243]] [83 [1246 1248 1251 1252 1253 1254 1255 1256 1258 1259]] [84 [1261 1264 1265 1266 1267 1268 1269 1270 1272 1273 1274]] [85 [1277 1278 1279 1283 1284 1289]] [86 [1290 1291 1294 1297 1299 1303]] [87 [1305 1306 1307 1311 1312 1315 1316 1318 1319]] [88 [1320 1321 1324 1325 1327 1328 1329 1330 1331 1332 1333]] [89 [1335 1336 1339 1340 1342 1343 1348 1349]] [90 [1350 1352 1354 1356 1357 1363]] [91 [1366 1367 1368 1369 1370 1372 1373 1374 1375 1377 1378]] [92 [1381 1385 1388 1389 1390]] [93 [1396 1397 1406 1407 1408]] [94 [1410 1411 1415 1416 1417 1418 1420 1421 1423]] [95 [1425 1428 1430 1432 1434 1439]] [96 [1440 1444 1446 1448 1450 1451 1453]] [97 [1455 1458 1459 1460 1462 1465 1467 1468]] [98 [1473 1474 1476 1477 1478 1480 1482 1483 1484]] [99 [1485 1486 1487 1488 1489 1490 1491 1492 1495 1498 1499]]]",,"[[{media 50} [[""A"" [3 3]]]] [{media 52} [[""A"" [0 0]]]] [{media 54} [[""A"" [4 4]]]] [{media 55} [[""A"" [3 3]]]] [{media 56} [[""A"" [1 1]]]] [{media 57} [[""A"" [5 5]]]] [{media 59} [[""A"" [0 0]]]] [{media 63} [[""A"" [5 5]]]] [{media 60} [[""A"" [2 2]]]] [{citizen 25} [[""A"" [5 5]]]] [{citizen 9} [[""A"" [0 1]]]] [{media 53} [[""A"" [1 1]]]] [{citizen 34} [[""A"" [4 3]]]] [{citizen 3} [[""A"" [0 1]]]] [{citizen 8} [[""A"" [3 1]]]] [{citizen 5} [[""A"" [5 5]]]] [{citizen 11} [[""A"" [4 4]]]] [{citizen 14} [[""A"" [4 4]]]] [{citizen 23} [[""A"" [3 1]]]] [{media 58} [[""A"" [1 1]]]] [{media 62} [[""A"" [1 1]]]] [{media 64} [[""A"" [1 1]]]] [{citizen 0} [[""A"" [3 4]]]] [{citizen 1} [[""A"" [4 4]]]] [{media 51} [[""A"" [4 4]]]] [{citizen 7} [[""A"" [4 4]]]] [{citizen 19} [[""A"" [5 1]]]] [{citizen 32} [[""A"" [5 3]]]] [{citizen 48} [[""A"" [5 4]]]] [{citizen 20} [[""A"" [4 4]]]] [{citizen 35} [[""A"" [1 1]]]] [{citizen 37} [[""A"" [4 4]]]] [{citizen 13} [[""A"" [4 4]]]] [{citizen 22} [[""A"" [5 3]]]] [{citizen 42} [[""A"" [0 2]]]] [{citizen 41} [[""A"" [2 1]]]] [{citizen 10} [[""A"" [4 4]]]] [{citizen 31} [[""A"" [0 1]]]] [{citizen 4} [[""A"" [5 3]]]] [{citizen 6} [[""A"" [4 4]]]] [{citizen 43} [[""A"" [4 4]]]] [{citizen 15} [[""A"" [3 1]]]] [{citizen 46} [[""A"" [5 3]]]] [{citizen 18} [[""A"" [4 4]]]] [{citizen 39} [[""A"" [3 4]]]] [{citizen 38} [[""A"" [4 1]]]] [{media 61} [[""A"" [3 3]]]] [{citizen 26} [[""A"" [5 4]]]] [{citizen 49} [[""A"" [4 5]]]] [{citizen 12} [[""A"" [4 4]]]] [{citizen 17} [[""A"" [4 3]]]] [{citizen 16} [[""A"" [5 4]]]] [{citizen 30} [[""A"" [3 1]]]] [{citizen 2} [[""A"" [4 4]]]] [{citizen 27} [[""A"" [3 1]]]] [{citizen 45} [[""A"" [5 3]]]] [{citizen 24} [[""A"" [3 4]]]] [{citizen 21} [[""A"" [5 4]]]] [{citizen 33} [[""A"" [3 1]]]] [{citizen 29} [[""A"" [1 3]]]] [{citizen 47} [[""A"" [5 1]]]] [{citizen 40} [[""A"" [3 4]]]] [{citizen 28} [[""A"" [4 4]]]] [{citizen 36} [[""A"" [4 4]]]]]"
"45","[213 0 42]","294.54545454545456","-8.330731019595618","4.016841733895715","""circle""","""""","9.9","{breed citizens}","false","0.5","1","""up""",,"[[""ID"" 48] [""alpha"" 1] [""beta"" 1] [""malleable"" [""A""]] [""prior"" []] [""cont_tokens"" []] [""A"" 1]]","[[0 [0 1 2 3 4 5 6 7 8 9 10 11 12 14]] [1 [17 19 20 21 22 23 25 26 27 28 29]] [2 [30 31 32 33 34 35 36 37 38 39 40 41 42 43 44]] [3 [45 46 47 48 49 50 51 52 53 54 55 56 57 58 59]] [4 [60 61 62 63 64 65 66 67 68 69 70 71 72 73 74]] [5 [76 77 78 79 81 83 84 85 86 87 88 89]] [6 [90 91 92 93 94 95 96 97 98 99 100 101 102 103 104]] [7 [105 106 107 108 109 111 112 113 115 116 117 118 119]] [8 [120 121 122 123 124 125 126 127 128 129 130 131 132 133 134]] [9 [135 136 137 138 139 140 141 142 143 144 145 146 147 149]] [10 [150 151 152 153 154 155 156 157 158 159 160 161 162 163 164]] [11 [165 166 167 168 169 170 171 172 173 174 175 176 177 178 179]] [12 [180 181 182 183 184 185 186 187 188 189 190]] [13 [197 198 199 200 201 202 206 207 208 209]] [14 [210 211 212 213 214 215 216 217 218 220 221 222 223 224]] [15 [225 226 227 228 229 230 231 232 233 234 235 236 237 238 239]] [16 [240 243 244 247 248 251 254]] [17 [256 257 258 259 260 261 262 263 264 265 266 267 268 269]] [18 [271 272 273 274 275 276 277 278 279 280 281 282 283 284]] [19 [285 286 287 288 289 290 292 293 295 296 297 298]] [20 [300 301 302 303 304 305 306 308 309 310 311 312 313 314]] [21 [315 316 317 318 319 320 321 322 323 324 325 326 327 328 329]] [22 [330 331 332 333 334 335 336 337 338 339 340 341 342 344]] [23 [346 347 348 349 350 351 352 353 354 355 356 357 358 359]] [24 [361 362 363 364 365 366 367 368 369 370 371 373 374]] [25 [379 381 382 384 385 387 388 389]] [26 [390 391 392 393 394 395 396 398 399 400 401 402 403 404]] [27 [405 406 407 408 409 410 411 412 413 414 415 416 417 418 419]] [28 [420 422 423 424 425 427 428 429 430 433 434]] [29 [435 436 437 438 440 441 442 443 444 445 446 448 449]] [30 [450 451 452 453 454 455 456 457 458 459 460 461 462 463 464]] [31 [466 467 468 470 471 472 473 474 475 476 477 478 479]] [32 [480 481 482 483 484 485 486 487 488 489 490 491 492 493 494]] [33 [495 496 501 502 503 504 505 506 507 508 509]] [34 [510 511 512 513 514 515 516 517 518 519 520 521 522 523 524]] [35 [525 526 527 528 529 530 531 532 533 534 535 536 537 538 539]] [36 [540 541 542 544 545 546 547 548 549 550 551 553 554]] [37 [555 556 557 558 559 560 561 562 563 564 565 566 567 568 569]] [38 [570 571 572 573 574 575 576 577 578 580 581 582 583 584]] [39 [585 586 587 588 589 590 591 592 593 594 595 596 597 598 599]] [40 [600 601 602 603 604 606 607 608 609 610 611 612 613 614]] [41 [615 616 617 618 619 620 621 622 623 624 625 626 627 628 629]] [42 [630 631 632 633 634 635 636 637 638 639 640 641 642 643 644]] [43 [645 646 647 648 649 650 651 652 653 654 655 656 657 658 659]] [44 [660 661 662 663 664 665 666 667 668 669 670 671 672 673 674]] [45 [675 676 677 678 679 680 681 682 683 684 685 686 687 688 689]] [46 [690 693 694 695 696 697 699 702 703 704]] [47 [705 706 707 708 709 710 711 712 713 714 715 716 717 718 719]] [48 [720 721 722 723 724 725 726 727 729 732 734]] [49 [736 738 739 741 742 743 745 746 747 748 749]] [50 [750 751 752 753 754 755 756 757 759 760 761 762 763 764]] [51 [765 766 767 768 769 770 771 772 773 774 775 776 777 778 779]] [52 [780 782 783 784 785 786 787 788 789 790 791 793 794]] [53 [795 796 797 798 799 800 801 802 803 804 805 806 807 808 809]] [54 [811 812 813 814 816 821 822 823 824]] [55 [825 826 827 828 829 830 831 832 833 836 837 838 839]] [56 [841 842 843 844 845 846 847 848 849 850 851 852 853 854]] [57 [855 856 857 858 859 860 861 862 863 864 865 866 867 868 869]] [58 [870 871 873 874 875 876 877 879 880 881 882 883 884]] [59 [885 886 888 890 893 894 895 896 897 898 899]] [60 [900 901 902 903 904 905 906 907 908 909 910 911 912 913 914]] [61 [915 916 917 918 919 920 921 922 923 924 925 926 927 928 929]] [62 [931 933 934 936 937 938 939 940 941 942 943 944]] [63 [945 946 947 948 949 950 951 952 953 954 955 956 957 959]] [64 [960 961 962 963 964 965 966 967 968 969 970 971 972 973 974]] [65 [975 976 977 978 979 980 981 982 983 984 985 986 987 988 989]] [66 [990 991 992 993 994 995 996 997 998 999 1000 1001 1002 1003 1004]] [67 [1007 1009 1010 1011 1012 1013 1014 1015 1016]] [68 [1020 1021 1022 1023 1024 1030 1031 1032 1034]] [69 [1035 1036 1040 1041 1042 1043 1044 1045 1046 1047 1049]] [70 [1050 1051 1052 1053 1054 1055 1056 1057 1058 1059 1060 1061 1062 1063 1064]] [71 [1065 1066 1067 1068 1069 1070 1071 1072 1073 1074 1075 1076 1077 1078 1079]] [72 [1080 1081 1083 1084 1085 1086 1087 1089 1092 1093 1094]] [73 [1095 1096 1097 1098 1099 1100 1101 1102 1103 1104 1105 1106 1107 1108 1109]] [74 [1110 1111 1112 1113 1114 1115 1116 1117 1118 1119 1120 1121 1122 1123 1124]] [75 [1125 1126 1127 1128 1129 1130 1131 1132 1133 1134 1135 1136 1137 1138 1139]] [76 [1140 1141 1142 1143 1144 1145 1146 1147 1148 1149 1150 1151 1152 1153 1154]] [77 [1155 1156 1157 1158 1159 1160 1161 1162 1163 1164 1165 1166 1167 1168 1169]] [78 [1170 1171 1172 1174 1175 1177 1178 1179 1180 1181 1182 1183 1184]] [79 [1185 1186 1187 1188 1189 1190 1191 1192 1193 1194 1195 1196 1197 1198 1199]] [80 [1200 1201 1202 1205 1207 1209 1210 1211 1212 1213 1214]] [81 [1215 1216 1218 1220 1221 1222 1223 1224 1225 1228 1229]] [82 [1231 1232 1233 1235 1236 1237 1238 1239 1241 1242 1243]] [83 [1246 1247 1248 1250 1251 1252 1253 1254 1255 1256 1257 1258 1259]] [84 [1260 1261 1262 1263 1264 1265 1266 1267 1268 1269 1270 1271 1272 1273 1274]] [85 [1275 1276 1277 1278 1279 1280 1281 1282 1283 1284 1285 1286 1287 1288 1289]] [86 [1290 1291 1292 1293 1294 1295 1296 1297 1298 1299 1300 1301 1302 1303 1304]] [87 [1305 1306 1307 1308 1309 1310 1311 1312 1313 1314 1315 1316 1317 1318 1319]] [88 [1320 1321 1322 1323 1324 1325 1326 1327 1328 1329 1330 1331 1332 1333 1334]] [89 [1335 1336 1337 1338 1339 1340 1341 1342 1343 1347 1348 1349]] [90 [1350 1351 1352 1353 1354 1355 1356 1357 1358 1359 1360 1361 1362 1363 1364]] [91 [1366 1367 1368 1369 1370 1371 1372 1373 1374 1375 1376 1377 1378 1379]] [92 [1380 1381 1383 1384 1385 1386 1387 1388 1389 1390 1391 1392 1393 1394]] [93 [1395 1398 1399 1400 1401 1402 1403 1404 1405 1406 1407 1408 1409]] [94 [1410 1411 1412 1413 1414 1415 1416 1417 1418 1419 1420 1421 1422 1423 1424]] [95 [1425 1426 1427 1428 1429 1430 1431 1432 1433 1434 1435 1436 1437 1438 1439]] [96 [1440 1441 1442 1443 1444 1445 1446 1447 1448 1449 1450 1451 1452 1453 1454]] [97 [1455 1456 1457 1458 1459 1460 1461 1462 1463 1464 1465 1466 1467 1468 1469]] [98 [1470 1471 1472 1473 1474 1475 1476 1477 1478 1479 1480 1481 1482 1483 1484]] [99 [1485 1486 1487 1488 1489 1490 1491 1492 1493 1494 1495 1496 1497 1498 1499]]]","[[0 [4 5 8 9 10 12 14]] [1 [17 19 22 23 25 27 28]] [2 [30 33 34 35 36 37 39 42 43]] [3 [45 46 48 50 55 57 58]] [4 [61 62 63 65 66 68 69 73 74]] [5 [76 77 78 79 81 83 84 85 86 88 89]] [6 [90 94 95 96 99]] [7 [109 112 113 115 117]] [8 [120 122 124 126 127 128 131 132 134]] [9 [135 136 137 138 144 145 146 147]] [10 [153 155 157 158 161 163 164]] [11 [167 170 171 172 173 176 178]] [12 [180 181 182 183 184 189 190]] [13 [197 198 200 201 202 206 209]] [14 [211 212 215 216 217 218 221 222 223]] [15 [226 227 229 231 232 234 235 236 237]] [16 [240 243 244 247 248 251 254]] [17 [257 258 260 261 264 266]] [18 [271 272 274 275 278 280]] [19 [288 289 290 292 293 297 298]] [20 [300 301 302 305 306 308 310 311 313]] [21 [315 316 317 319 322 323 324 327]] [22 [330 331 335 337 338 339 340]] [23 [350 353 355 356 357]] [24 [362 363 364 365 369 370]] [25 [379 381 382 384 385 389]] [26 [391 393 394 395 398 399 400 402 404]] [27 [406 410 411 412 415 416 417 418 419]] [28 [420 422 423 424 427 428 429 430 434]] [29 [435 437 438 443 445 446 448]] [30 [450 451 453 454 456 458 459 460 462 463]] [31 [466 467 468 472 473 474 477 478]] [32 [480 481 482 483 484 489 490]] [33 [496 507 508 509]] [34 [510 511 513 514 515 516 518 520 521 524]] [35 [525 527 529 530 532 533 535 537 538 539]] [36 [540 541 544 546 547 548 553 554]] [37 [556 560 561 564 565 566 568 569]] [38 [570 571 574 576 577 582 583]] [39 [585 586 587 588 591 592 594 596 597]] [40 [600 601 603 604 606 609 610 612]] [41 [615 616 617 618 619 623 625 627 628]] [42 [630 631 635 636 637 638 640 642]] [43 [645 649 655 656 657 658 659]] [44 [663 665 666 669 673 674]] [45 [675 677 678 680 681 686 687 688]] [46 [690 693 694 695 696 697 699 703]] [47 [705 707 708 712 713 714 716 717 718]] [48 [721 722 723 724 725 726 727 729 732 734]] [49 [736 738 739 741 742 743 745 746 747 749]] [50 [750 753 756 757 762 764]] [51 [765 767 768 772 773 778 779]] [52 [780 784 786 787 790 791 793]] [53 [795 797 800 801 802 803 805 807 808 809]] [54 [812 813 814 816 822 823 824]] [55 [826 827 828 838]] [56 [841 844 845 848 851 852]] [57 [855 856 859 860 861 863 864 866 867 868 869]] [58 [870 871 873 875 877 879 880 881]] [59 [888 890 894 895 897 898]] [60 [901 903 905 907 909 911 912 913]] [61 [915 917 919 921 922 923 925 926 927 928 929]] [62 [931 933 934 936 937 938 939 940 942 943 944]] [63 [945 949 951 952 953 954 955 956 959]] [64 [963 964 966 968 971 973 974]] [65 [975 977 978 979 982 985 986 988]] [66 [990 992 994 995 996 998 999 1000 1001]] [67 [1007 1009 1011 1012 1013 1014 1015 1016]] [68 [1020 1021 1022 1023 1024 1030 1031 1032 1034]] [69 [1035 1036 1041 1042 1043 1044 1045 1046 1049]] [70 [1051 1052 1053 1054 1057 1058 1062]] [71 [1065 1066 1069 1072 1073 1074 1076 1078]] [72 [1080 1081 1083 1084 1085 1086 1087 1089 1093]] [73 [1096 1097 1098 1099 1100 1101 1103 1104 1105 1107 1108 1109]] [74 [1110 1115 1116 1118 1119 1121 1122]] [75 [1125 1126 1129 1133 1136 1138]] [76 [1140 1141 1147 1148 1150 1151 1152 1153 1154]] [77 [1155 1157 1158 1159 1160 1161 1162 1166 1168 1169]] [78 [1170 1174 1175 1179 1180 1183 1184]] [79 [1186 1188 1190 1191 1192 1195 1196 1198 1199]] [80 [1200 1201 1202 1207 1209 1210 1211 1212 1213]] [81 [1216 1218 1220 1221 1222 1223 1224 1225 1228 1229]] [82 [1231 1232 1233 1235 1236 1237 1238 1239 1241 1242 1243]] [83 [1246 1248 1251 1252 1253 1254 1255]] [84 [1262 1263 1264 1265 1266 1267 1268 1269 1270 1272 1273 1274]] [85 [1277 1278 1279 1281 1283 1284 1287 1288]] [86 [1290 1291 1292 1293 1295 1296 1297 1299 1303]] [87 [1305 1306 1307 1311 1312 1315 1316 1318]] [88 [1320 1321 1325 1328 1329 1331 1332 1333]] [89 [1335 1336 1341 1342 1343 1348]] [90 [1351 1352 1354 1356 1357 1363]] [91 [1366 1367 1368 1369 1370 1371 1372 1373 1374 1375 1377 1378 1379]] [92 [1381 1383 1386 1387 1388 1389 1391 1392 1394]] [93 [1395 1398 1399 1402 1403 1404 1409]] [94 [1412 1413 1414 1415 1417 1418 1422 1424]] [95 [1426 1427 1428 1430 1432 1438 1439]] [96 [1440 1444 1448 1450 1452 1453]] [97 [1455 1458 1459 1460 1462 1465 1467 1468]] [98 [1473 1474 1476 1478 1482 1483 1484]] [99 [1485 1486 1487 1488 1489 1490 1491 1492 1495 1496 1497]]]",,"[[{media 50} [[""A"" [3 3]]]] [{media 54} [[""A"" [4 4]]]] [{media 55} [[""A"" [3 3]]]] [{media 56} [[""A"" [1 1]]]] [{media 57} [[""A"" [5 5]]]] [{media 59} [[""A"" [0 0]]]] [{media 63} [[""A"" [5 5]]]] [{media 60} [[""A"" [2 2]]]] [{citizen 33} [[""A"" [1 1]]]] [{citizen 1} [[""A"" [1 4]]]] [{citizen 7} [[""A"" [1 5]]]] [{citizen 22} [[""A"" [3 1]]]] [{media 61} [[""A"" [3 3]]]] [{citizen 17} [[""A"" [5 3]]]] [{media 53} [[""A"" [1 1]]]] [{citizen 20} [[""A"" [3 4]]]] [{media 52} [[""A"" [0 0]]]] [{media 58} [[""A"" [1 1]]]] [{media 62} [[""A"" [1 1]]]] [{citizen 15} [[""A"" [1 1]]]] [{media 64} [[""A"" [1 1]]]] [{media 51} [[""A"" [4 4]]]] [{citizen 14} [[""A"" [4 4]]]] [{citizen 11} [[""A"" [5 4]]]] [{citizen 5} [[""A"" [5 5]]]] [{citizen 34} [[""A"" [5 3]]]] [{citizen 23} [[""A"" [3 1]]]] [{citizen 38} [[""A"" [5 1]]]] [{citizen 26} [[""A"" [5 4]]]] [{citizen 4} [[""A"" [5 1]]]] [{citizen 12} [[""A"" [3 4]]]] [{citizen 42} [[""A"" [2 1]]]] [{citizen 3} [[""A"" [1 1]]]] [{citizen 41} [[""A"" [1 1]]]] [{citizen 10} [[""A"" [3 3]]]] [{citizen 31} [[""A"" [1 1]]]] [{citizen 6} [[""A"" [3 4]]]] [{citizen 32} [[""A"" [3 1]]]] [{citizen 43} [[""A"" [5 3]]]] [{citizen 8} [[""A"" [3 1]]]] [{citizen 49} [[""A"" [4 5]]]] [{citizen 25} [[""A"" [5 5]]]] [{citizen 19} [[""A"" [5 1]]]] [{citizen 16} [[""A"" [4 5]]]] [{citizen 18} [[""A"" [3 4]]]] [{citizen 35} [[""A"" [1 1]]]] [{citizen 46} [[""A"" [5 3]]]] [{citizen 9} [[""A"" [1 1]]]] [{citizen 30} [[""A"" [1 1]]]] [{citizen 0} [[""A"" [3 4]]]] [{citizen 2} [[""A"" [5 4]]]] [{citizen 27} [[""A"" [5 3]]]] [{citizen 24} [[""A"" [3 1]]]] [{citizen 21} [[""A"" [1 3]]]] [{citizen 40} [[""A"" [2 5]]]] [{citizen 39} [[""A"" [3 5]]]] [{citizen 37} [[""A"" [1 4]]]] [{citizen 47} [[""A"" [5 1]]]] [{citizen 48} [[""A"" [5 4]]]] [{citizen 13} [[""A"" [3 5]]]] [{citizen 29} [[""A"" [1 1]]]] [{citizen 28} [[""A"" [5 5]]]] [{citizen 44} [[""A"" [3 3]]]] [{citizen 36} [[""A"" [5 4]]]]]"
"46","[213 0 42]","347.72727272727275","-1.374063292318839","4.743341088381678","""circle""","""""","9.9","{breed citizens}","false","0.5","1","""up""",,"[[""ID"" 25] [""alpha"" 1] [""beta"" 1] [""malleable"" [""A""]] [""prior"" []] [""cont_tokens"" []] [""A"" 1]]","[[0 [0 1 2 3 4 5 6 7 8 9 10 11 12 13 14]] [1 [15 16 18 19 22 23 24 25 26 27 28]] [2 [30 31 32 33 34 35 36 37 38 39 40 41 42 43 44]] [3 [45 46 47 48 49 50 54 55 56 57 58 59]] [4 [61 62 63 64 65 66 67 68 69 70 71 72 73 74]] [5 [75 76 77 78 79 80 81 82 83 84 85 86 87 88 89]] [6 [90 91 92 93 94 95 96 97 98 99 100 101 102 103 104]] [7 [105 106 107 108 109 110 111 112 113 114 115 116 117 118 119]] [8 [120 121 122 123 124 125 126 127 128 129 130 131 132 133 134]] [9 [135 136 137 138 142 143 144 145 146 147 149]] [10 [150 151 152 153 154 155 156 157 158 159 160 161 162 163 164]] [11 [165 166 167 168 169 170 171 172 173 174 175 176 177 178 179]] [12 [180 181 182 183 184 185 186 187 188 189 190 191 192 193 194]] [13 [195 196 197 198 199 200 201 202 203 204 205 206 207 208 209]] [14 [210 211 212 213 214 215 216 217 218 220 221 222 223 224]] [15 [225 226 227 228 229 230 231 232 233 234 235 236 237 238 239]] [16 [240 241 242 244 245 246 249 250 252 253 254]] [17 [255 256 257 258 259 260 261 262 263 264 265 266 267 268 269]] [18 [271 272 273 274 275 276 277 278 279 280 281 282 283 284]] [19 [285 286 287 288 289 290 291 292 293 294 295 296 297 298 299]] [20 [300 301 302 303 304 305 306 308 309 310 311 312 313 314]] [21 [315 316 317 318 319 320 321 322 323 324 325 326 327 328 329]] [22 [330 331 332 333 334 335 336 337 338 339 340 341 342 343 344]] [23 [345 346 347 348 349 351 352 353 354 355 356 357 358 359]] [24 [360 361 362 363 364 365 366 367 368 369 370 371 373 374]] [25 [375 376 377 378 380 383 384 385 386 387 388 389]] [26 [390 391 392 393 394 395 396 397 398 399 400 401 402 403 404]] [27 [405 406 407 408 409 410 411 412 413 414 415 416 417 418 419]] [28 [420 422 423 424 425 427 428 429 430 433 434]] [29 [435 436 437 438 440 441 442 443 444 445 446 448 449]] [30 [450 451 452 453 454 455 456 457 458 459 460 461 462 463 464]] [31 [465 466 467 468 469 470 471 472 473 474 475 476 477 478 479]] [32 [480 481 482 483 484 485 486 487 489 490 491 492 493 494]] [33 [495 497 498 499 500 501 502 503 504 505 506]] [34 [510 511 512 513 514 515 516 518 519 520 521 522 523 524]] [35 [525 526 527 528 529 530 531 532 533 534 535 536 537 538 539]] [36 [540 541 542 544 545 546 547 548 549 550 551 553 554]] [37 [556 558 559 560 561 562 563 564 565 566 567 568 569]] [38 [570 571 572 573 574 575 576 577 578 580 581 582 583 584]] [39 [585 586 587 588 590 591 592 593 594 595 596 597 598 599]] [40 [600 601 602 603 604 605 606 607 608 609 610 611 612 613 614]] [41 [615 616 617 618 619 620 621 622 623 624 625 626 627 628 629]] [42 [630 631 632 633 634 635 636 637 638 639 640 641 642 643 644]] [43 [646 647 648 649 650 651 652 654 655 656 657 658 659]] [44 [660 661 662 663 664 665 666 667 668 669 670 671 672 673 674]] [45 [675 676 677 678 679 680 681 682 683 684 685 686 687 688 689]] [46 [690 693 694 695 696 697 699 702 703 704]] [47 [705 706 707 708 710 711 712 713 714 715 716 717 718 719]] [48 [720 721 722 723 724 725 726 727 729 732 734]] [49 [736 738 739 741 742 743 745 746 747 748 749]] [50 [750 751 752 753 754 755 756 757 758 759 760 761 762 763 764]] [51 [765 766 767 768 769 770 771 772 773 774 775 776 777 778 779]] [52 [780 781 782 783 784 785 786 787 788 789 790 791 792 793 794]] [53 [795 796 797 798 799 800 801 802 803 804 805 806 807 808 809]] [54 [812 813 814 816 821 822 823 824]] [55 [825 826 827 828 829 830 831 832 833 836 837 838 839]] [56 [840 841 842 843 844 845 848 849 850 851 852 853 854]] [57 [855 856 859 860 861 863 864 865 866 867 868 869]] [58 [870 871 873 874 875 876 877 879 880 881 882 883 884]] [59 [885 886 887 888 889 890 891 892 893 894 895 897 898]] [60 [901 903 904 905 906 907 908 909 910 911 912 913 914]] [61 [915 917 919 920 921 922 923 924 925 926 927 928 929]] [62 [931 933 934 936 937 938 939 940 941 942 943 944]] [63 [945 946 947 948 949 950 951 952 953 954 955 956 957 959]] [64 [960 961 962 963 964 965 966 967 968 969 970 971 972 973 974]] [65 [975 976 977 978 979 980 981 982 983 984 985 986 987 988 989]] [66 [990 991 992 993 994 995 996 997 998 999 1000 1001 1002 1003 1004]] [67 [1007 1009 1010 1011 1012 1013 1014 1015 1016]] [68 [1020 1021 1022 1023 1024 1030 1031 1032 1034]] [69 [1035 1036 1040 1041 1042 1043 1044 1045 1046 1047 1049]] [70 [1050 1051 1052 1053 1054 1055 1056 1057 1058 1059 1060 1061 1062 1063 1064]] [71 [1065 1066 1067 1068 1069 1070 1072 1073 1074 1076 1078]] [72 [1080 1081 1083 1084 1085 1086 1087 1089 1092 1093 1094]] [73 [1095 1096 1097 1098 1099 1100 1101 1102 1103 1104 1105 1106 1107 1108 1109]] [74 [1110 1111 1112 1113 1114 1115 1116 1117 1118 1119 1120 1121 1122 1123 1124]] [75 [1125 1126 1127 1128 1129 1130 1131 1132 1133 1134 1135 1136 1137 1138 1139]] [76 [1140 1141 1144 1145 1146 1147 1148 1149 1150 1151 1152 1153 1154]] [77 [1155 1156 1157 1158 1159 1160 1161 1162 1163 1164 1165 1166 1167 1168 1169]] [78 [1170 1171 1172 1173 1174 1175 1176 1177 1178 1179 1180 1181 1182 1183 1184]] [79 [1185 1186 1187 1188 1189 1190 1191 1192 1193 1194 1195 1196 1197 1198 1199]] [80 [1200 1201 1202 1205 1207 1209 1210 1211 1212 1213 1214]] [81 [1215 1216 1217 1218 1219 1220 1221 1222 1223 1224 1225 1226 1227 1228 1229]] [82 [1231 1232 1233 1235 1236 1237 1238 1239 1241 1242 1243]] [83 [1246 1247 1248 1250 1251 1252 1253 1254 1255 1256 1257 1258 1259]] [84 [1261 1264 1265 1266 1267 1268 1269 1270 1271 1272 1273 1274]] [85 [1275 1276 1277 1278 1279 1280 1281 1282 1283 1284 1285 1286 1287 1288 1289]] [86 [1290 1291 1292 1293 1294 1295 1296 1297 1298 1299 1300 1301 1302 1303 1304]] [87 [1305 1306 1307 1308 1309 1310 1311 1312 1313 1314 1315 1316 1317 1318 1319]] [88 [1320 1321 1322 1323 1324 1325 1326 1327 1328 1329 1330 1331 1332 1333 1334]] [89 [1335 1336 1337 1338 1339 1340 1341 1342 1343 1347 1348 1349]] [90 [1350 1351 1352 1353 1354 1355 1356 1357 1358 1359 1360 1361 1362 1363 1364]] [91 [1365 1366 1367 1368 1369 1370 1371 1372 1373 1374 1375 1376 1377 1378 1379]] [92 [1380 1381 1382 1383 1384 1385 1386 1387 1388 1389 1390 1391 1392 1393 1394]] [93 [1395 1396 1397 1398 1399 1400 1401 1402 1403 1404 1405 1406 1407 1408 1409]] [94 [1410 1411 1412 1413 1414 1415 1416 1417 1418 1419 1420 1421 1422 1423 1424]] [95 [1425 1426 1427 1428 1429 1430 1431 1432 1433 1434 1435 1436 1437 1438 1439]] [96 [1440 1441 1442 1443 1444 1445 1446 1447 1448 1449 1450 1451 1452 1453 1454]] [97 [1455 1456 1457 1458 1459 1460 1461 1462 1463 1464 1465 1466 1467 1468 1469]] [98 [1470 1471 1472 1473 1474 1475 1476 1477 1478 1479 1480 1481 1482 1483 1484]] [99 [1485 1486 1487 1488 1489 1490 1491 1492 1493 1494 1495 1496 1497 1498 1499]]]","[[0 [0 1 3 5 8 9 10 12]] [1 [15 16 18 19 22 23 25 27 28]] [2 [30 32 35 36 37 39 43 44]] [3 [45 46 47 48 49 50 54 58]] [4 [61 62 63 64 65 66 68 69 73 74]] [5 [76 77 78 79 81 84 87]] [6 [91 92 93 98 101 102 103 104]] [7 [105 106 107 108 109 111 112 115 117]] [8 [120 122 124 126 127 128 131 132 134]] [9 [135 136 137 138 142 143 145 146]] [10 [151 152 154 155 156 157 158 160 161 163 164]] [11 [167 170 171 172 173 175 177 179]] [12 [181 182 183 184 188 189 190]] [13 [197 198 200 201 202 206 207 208 209]] [14 [211 212 213 217 218 220 224]] [15 [225 227 229 231 232 235 236 238 239]] [16 [241 242 245 246 249 250 252 253 254]] [17 [258 260 261 264 266]] [18 [271 272 274 275 278 279 281 282 283]] [19 [286 287 289 290 292 293 298]] [20 [300 301 303 304 306 309 312 313 314]] [21 [315 316 317 318 320 321 322 323 324 327 328 329]] [22 [333 334 335 336 337 341 342 344]] [23 [345 347 348 349 351 352 353 355 356 357]] [24 [361 362 363 364 365 366 367 368 371 373 374]] [25 [375 376 378 380 383 384 386 388]] [26 [392 394 395 397 399 400 402 404]] [27 [405 406 410 411 412 415 416 418 419]] [28 [420 422 423 424 427 428 433 434]] [29 [435 437 438 440 441 442 444 446 448 449]] [30 [454 456 458 459 460 462 463 464]] [31 [466 467 468 471 474 477 478 479]] [32 [485 486 487 491 492 493 494]] [33 [495 497 498 499 500 501 502 505 506]] [34 [512 514 515 516 519 522 523]] [35 [526 529 530 532 533 535 537]] [36 [540 541 542 544 546 547 548 553 554]] [37 [556 560 561 564 565 566 568 569]] [38 [571 574 576 578 580 582 583 584]] [39 [585 586 587 588 591 592 593 594 595 598 599]] [40 [602 603 606 609 610 612]] [41 [615 616 617 618 619 623 625 627 628]] [42 [631 635 636 637 638 640 643 644]] [43 [646 647 648 649 650 651 652 654 656 657 658 659]] [44 [663 665 666 669 670 672 673 674]] [45 [679 682 683 684 685 687 688]] [46 [690 693 695 696 697 699 704]] [47 [705 707 708 712 713 714 716 717 718]] [48 [721 722 723 724 725 726 727 729 732 734]] [49 [736 738 739 741 742 743 745 746 747]] [50 [751 752 753 757 761 763]] [51 [765 769 771 774 775 776 777]] [52 [781 782 783 785 788 789 790 791 793]] [53 [795 797 800 801 802 803 805 807 808 809]] [54 [812 813 814 816 822 823 824]] [55 [826 827 828 831 832 836 837 839]] [56 [840 842 843 845 848 851 852 854]] [57 [855 856 859 860 861 863 864 865 866 867 868 869]] [58 [870 871 874 875 877 882 883 884]] [59 [886 888 894 895 897 898]] [60 [901 903 904 906 908 909 910 912]] [61 [915 917 919 921 922 923 925 928 929]] [62 [931 933 934 936 937 942 943 944]] [63 [945 949 951 952 953 954 956 959]] [64 [962 964 966 968 971 972 973 974]] [65 [975 977 978 979 982 985 986 988]] [66 [990 992 994 995 997 998 999 1000 1001]] [67 [1007 1009 1011 1012 1013 1014 1015 1016]] [68 [1020 1021 1022 1023 1024 1030 1031 1032 1034]] [69 [1035 1036 1041 1044 1045 1046]] [70 [1050 1052 1055 1056 1057 1061 1062 1064]] [71 [1065 1067 1068 1069 1072 1073 1074 1076 1078]] [72 [1081 1083 1084 1085 1086 1087 1089 1092 1094]] [73 [1096 1097 1098 1099 1100 1101 1103 1104 1105 1107 1109]] [74 [1110 1111 1113 1114 1117 1120]] [75 [1129 1130 1132 1134 1135 1137]] [76 [1140 1141 1144 1145 1146 1149 1153 1154]] [77 [1155 1157 1159 1160 1161 1162 1163 1165 1167]] [78 [1171 1172 1174 1175 1179 1180 1182 1184]] [79 [1186 1188 1190 1191 1192 1195 1196 1198 1199]] [80 [1200 1201 1202 1207 1209 1210 1214]] [81 [1215 1216 1218 1220 1222 1223 1224 1225 1228 1229]] [82 [1231 1232 1237 1238 1239 1241 1242 1243]] [83 [1246 1248 1251 1252 1253 1254 1255 1256 1257 1258 1259]] [84 [1261 1265 1266 1267 1268 1269 1272 1273 1274]] [85 [1278 1280 1282 1285 1287 1288 1289]] [86 [1291 1292 1293 1295 1296 1297 1299 1301 1302 1303]] [87 [1305 1306 1307 1311 1312 1315 1318 1319]] [88 [1320 1321 1325 1327 1328 1329 1330 1331 1332 1333]] [89 [1335 1336 1337 1338 1347 1349]] [90 [1350 1351 1353 1355 1358 1359 1361 1364]] [91 [1365 1366 1367 1368 1369 1370 1372 1373 1374 1375 1378]] [92 [1384 1385 1388 1389 1391 1392 1394]] [93 [1395 1398 1399 1402 1403 1404 1409]] [94 [1412 1413 1415 1417 1418 1422 1424]] [95 [1426 1427 1428 1430 1432 1438]] [96 [1440 1444 1446 1448 1450 1452 1454]] [97 [1456 1457 1459 1460 1462 1465 1467 1468]] [98 [1473 1474 1476 1478 1479 1481]] [99 [1489 1491 1494 1496 1497]]]",,"[[{media 50} [[""A"" [3 3]]]] [{media 54} [[""A"" [4 4]]]] [{media 55} [[""A"" [3 3]]]] [{media 56} [[""A"" [1 1]]]] [{media 57} [[""A"" [5 5]]]] [{media 59} [[""A"" [0 0]]]] [{media 63} [[""A"" [5 5]]]] [{media 60} [[""A"" [2 2]]]] [{citizen 0} [[""A"" [4 3]]]] [{citizen 18} [[""A"" [4 4]]]] [{citizen 37} [[""A"" [2 3]]]] [{media 61} [[""A"" [3 3]]]] [{citizen 5} [[""A"" [5 3]]]] [{media 53} [[""A"" [1 1]]]] [{citizen 12} [[""A"" [1 3]]]] [{citizen 15} [[""A"" [1 1]]]] [{media 52} [[""A"" [0 0]]]] [{citizen 3} [[""A"" [3 1]]]] [{citizen 8} [[""A"" [2 1]]]] [{media 58} [[""A"" [1 1]]]] [{media 62} [[""A"" [1 1]]]] [{media 64} [[""A"" [1 1]]]] [{media 51} [[""A"" [4 4]]]] [{citizen 7} [[""A"" [2 5]]]] [{citizen 19} [[""A"" [5 1]]]] [{citizen 1} [[""A"" [3 4]]]] [{citizen 32} [[""A"" [5 3]]]] [{citizen 48} [[""A"" [2 3]]]] [{citizen 9} [[""A"" [2 1]]]] [{citizen 39} [[""A"" [3 3]]]] [{citizen 20} [[""A"" [4 4]]]] [{citizen 25} [[""A"" [5 3]]]] [{citizen 35} [[""A"" [1 1]]]] [{citizen 13} [[""A"" [3 5]]]] [{citizen 22} [[""A"" [2 3]]]] [{citizen 42} [[""A"" [0 2]]]] [{citizen 41} [[""A"" [3 1]]]] [{citizen 10} [[""A"" [3 5]]]] [{citizen 31} [[""A"" [1 1]]]] [{citizen 4} [[""A"" [3 1]]]] [{citizen 6} [[""A"" [3 3]]]] [{citizen 43} [[""A"" [2 3]]]] [{citizen 14} [[""A"" [3 4]]]] [{citizen 26} [[""A"" [5 2]]]] [{citizen 38} [[""A"" [2 1]]]] [{citizen 49} [[""A"" [2 4]]]] [{citizen 17} [[""A"" [4 2]]]] [{citizen 11} [[""A"" [4 4]]]] [{citizen 23} [[""A"" [1 3]]]] [{citizen 34} [[""A"" [4 2]]]] [{citizen 44} [[""A"" [2 3]]]] [{citizen 30} [[""A"" [1 1]]]] [{citizen 16} [[""A"" [2 4]]]] [{citizen 2} [[""A"" [0 1]]]] [{citizen 33} [[""A"" [3 1]]]] [{citizen 24} [[""A"" [1 3]]]] [{citizen 21} [[""A"" [2 3]]]] [{citizen 40} [[""A"" [2 3]]]] [{citizen 27} [[""A"" [5 3]]]] [{citizen 29} [[""A"" [3 1]]]] [{citizen 47} [[""A"" [2 1]]]] [{citizen 28} [[""A"" [3 4]]]] [{citizen 45} [[""A"" [5 3]]]] [{citizen 36} [[""A"" [5 4]]]]]"
"47","[213 0 42]","355.909090909091","0.26661863716381523","5.331309821053205","""circle""","""""","9.9","{breed citizens}","false","0.5","1","""up""",,"[[""ID"" 1] [""alpha"" 1] [""beta"" 1] [""malleable"" [""A""]] [""prior"" []] [""cont_tokens"" []] [""A"" 1]]","[[0 [0 2 3 4 5 6 7 8 9 10 11 12 13 14]] [1 [15 16 17 19 20 21 22 23 24 25 26 27 28 29]] [2 [30 31 32 33 34 35 36 37 38 39 40 41 42 43 44]] [3 [45 46 47 48 49 50 52 53 54 55 56 57 58 59]] [4 [60 61 62 63 64 65 66 67 68 69 70 71 72 73 74]] [5 [75 76 77 78 79 80 81 82 83 84 85 86 87 88 89]] [6 [90 91 92 93 94 95 96 97 98 99 100 101 102 103 104]] [7 [105 106 107 108 109 110 111 112 113 114 115 116 117 118 119]] [8 [120 121 122 123 124 125 126 127 128 129 130 131 132 133 134]] [9 [135 136 137 138 142 143 144 145 146 147 149]] [10 [150 151 152 153 154 155 156 157 158 159 160 161 162 163 164]] [11 [165 166 167 168 169 170 171 172 173 174 175 176 177 178 179]] [12 [180 181 182 183 184 185 186 187 188 189 190 191 192 193 194]] [13 [197 198 199 200 201 202 206 207 208 209]] [14 [210 211 212 213 214 215 216 217 218 219 220 221 222 223 224]] [15 [226 227 228 229 230 231 232 233 234 235 236 237 238 239]] [16 [240 241 242 243 244 245 246 247 248 249 250 251 252 253 254]] [17 [255 256 257 258 259 260 261 262 263 264 265 266 267 268 269]] [18 [270 272 273 274 275 276 277 278 279 280 281 282 283 284]] [19 [285 286 287 288 289 290 291 292 293 294 295 296 297 298 299]] [20 [300 301 302 303 304 305 306 307 308 309 310 311 312 313 314]] [21 [315 316 317 318 319 320 321 322 323 324 325 326 327 328 329]] [22 [330 331 332 333 334 335 336 337 338 339 340 341 342 343 344]] [23 [345 346 347 348 349 350 351 352 353 354 355 356 357 358 359]] [24 [361 362 363 364 365 366 367 368 369 370 371 373 374]] [25 [375 376 377 378 379 380 381 382 383 384 385 386 387 388 389]] [26 [390 391 392 393 394 395 396 397 398 399 400 401 402 403 404]] [27 [405 406 407 408 409 410 411 412 413 414 415 416 417 418 419]] [28 [420 422 423 424 425 427 428 429 430 433 434]] [29 [435 436 437 438 440 441 442 443 444 445 446 448 449]] [30 [450 451 452 453 454 455 456 457 458 459 460 461 462 463 464]] [31 [465 466 467 468 469 470 471 472 473 474 475 476 477 478 479]] [32 [480 481 482 483 484 485 486 487 489 490 491 492 493 494]] [33 [495 497 498 499 500 501 502 503 504 505 506]] [34 [510 511 512 513 514 515 516 517 518 519 520 521 522 523 524]] [35 [526 527 528 529 530 531 532 533 534 535 536 537 538 539]] [36 [540 541 542 544 545 546 547 548 549 550 551 553 554]] [37 [556 558 559 560 561 562 563 564 565 566 567 568 569]] [38 [570 571 572 573 574 575 576 577 578 580 581 582 583 584]] [39 [585 586 587 588 590 591 592 593 594 595 596 597 598 599]] [40 [600 601 602 603 604 606 607 608 609 610 611 612 613 614]] [41 [615 616 617 618 619 620 621 622 623 624 625 626 627 628 629]] [42 [630 631 632 633 634 635 636 637 638 639 640 641 642 643 644]] [43 [645 646 647 648 649 650 651 652 653 654 655 656 657 658 659]] [44 [660 661 662 663 664 665 666 667 668 669 670 671 672 673 674]] [45 [675 676 677 678 679 680 681 682 683 684 685 686 687 688 689]] [46 [690 693 694 695 696 697 699 702 703 704]] [47 [705 706 707 708 709 710 711 712 713 714 715 716 717 718 719]] [48 [720 721 722 723 724 725 726 727 729 732 734]] [49 [736 738 739 741 742 743 745 746 747 748 749]] [50 [750 751 752 753 754 755 756 757 758 759 760 761 762 763 764]] [51 [765 766 767 768 769 770 771 772 773 774 775 776 777 778 779]] [52 [780 781 782 783 784 785 786 787 788 789 790 791 792 793 794]] [53 [795 796 797 798 799 800 801 802 803 804 805 806 807 808 809]] [54 [812 813 814 816 821 822 823 824]] [55 [825 826 827 828 829 830 831 832 833 836 837 838 839]] [56 [840 841 842 843 844 845 848 849 850 851 852 853 854]] [57 [855 856 857 858 859 860 861 862 863 864 865 866 867 868 869]] [58 [870 871 873 874 875 876 877 879 880 881 882 883 884]] [59 [885 886 888 890 893 894 895 896 897 898 899]] [60 [900 902 903 904 905 906 907 908 909 910 911 912 913 914]] [61 [915 916 917 918 919 920 921 922 923 924 925 926 927 928 929]] [62 [930 931 932 933 934 935 936 937 938 939 940 941 942 943 944]] [63 [946 947 948 950 955 956 957 958 959]] [64 [960 961 962 963 964 965 966 967 968 969 970 971 972 973 974]] [65 [975 976 977 978 979 980 981 982 983 984 985 986 987 988 989]] [66 [990 991 992 993 994 995 996 997 998 999 1000 1001 1002 1003 1004]] [67 [1007 1009 1010 1011 1012 1013 1014 1015 1016]] [68 [1020 1021 1022 1023 1024 1030 1031 1032 1034]] [69 [1035 1036 1040 1041 1042 1043 1044 1045 1046 1047 1049]] [70 [1050 1051 1052 1053 1054 1055 1056 1057 1058 1059 1060 1061 1062 1063 1064]] [71 [1065 1066 1067 1068 1069 1070 1071 1072 1073 1074 1075 1076 1077 1078 1079]] [72 [1080 1081 1083 1084 1085 1086 1087 1089 1092 1093 1094]] [73 [1095 1096 1097 1098 1099 1100 1101 1102 1103 1104 1105 1106 1107 1108 1109]] [74 [1110 1111 1112 1113 1114 1115 1116 1117 1118 1119 1120 1121 1122 1123 1124]] [75 [1125 1126 1127 1128 1129 1130 1131 1132 1133 1134 1135 1136 1137 1138 1139]] [76 [1140 1141 1142 1143 1144 1145 1146 1147 1148 1149 1150 1151 1152 1153 1154]] [77 [1155 1156 1157 1158 1159 1160 1161 1162 1163 1164 1165 1166 1167 1168 1169]] [78 [1170 1171 1172 1173 1174 1175 1176 1177 1178 1179 1180 1181 1182 1183 1184]] [79 [1185 1186 1187 1188 1189 1190 1191 1192 1193 1194 1195 1196 1197 1198 1199]] [80 [1200 1201 1202 1203 1204 1205 1206 1207 1208 1209 1210 1211 1212 1213 1214]] [81 [1215 1216 1217 1218 1219 1220 1221 1222 1223 1224 1225 1226 1227 1228 1229]] [82 [1231 1232 1233 1235 1236 1237 1238 1239 1241 1242 1243]] [83 [1246 1247 1248 1250 1251 1252 1253 1254 1255 1256 1257 1258 1259]] [84 [1261 1264 1265 1266 1267 1268 1269 1270 1271 1272 1273 1274]] [85 [1275 1276 1277 1278 1279 1280 1281 1282 1283 1284 1285 1286 1287 1288 1289]] [86 [1290 1291 1292 1293 1294 1295 1296 1297 1298 1299 1300 1301 1302 1303 1304]] [87 [1305 1306 1307 1308 1309 1310 1311 1312 1313 1314 1315 1316 1317 1318 1319]] [88 [1320 1321 1322 1323 1324 1325 1326 1327 1328 1329 1330 1331 1332 1333 1334]] [89 [1335 1336 1337 1338 1339 1340 1341 1342 1343 1347 1348 1349]] [90 [1350 1351 1352 1353 1354 1355 1356 1357 1358 1359 1360 1361 1362 1363 1364]] [91 [1365 1366 1367 1368 1369 1370 1371 1372 1373 1374 1375 1376 1377 1378 1379]] [92 [1380 1381 1382 1383 1384 1385 1386 1387 1388 1389 1390 1391 1392 1393 1394]] [93 [1395 1396 1397 1398 1399 1400 1401 1402 1403 1404 1405 1406 1407 1408 1409]] [94 [1410 1411 1412 1413 1414 1415 1416 1417 1418 1419 1420 1421 1422 1423 1424]] [95 [1425 1426 1427 1428 1430 1431 1432 1433 1434 1436 1437 1438 1439]] [96 [1440 1441 1442 1443 1444 1445 1446 1448 1449 1450 1451 1452 1453 1454]] [97 [1455 1456 1457 1458 1459 1460 1461 1462 1463 1464 1465 1466 1467 1468 1469]] [98 [1470 1471 1472 1473 1474 1475 1476 1477 1478 1479 1480 1481 1482 1483 1484]] [99 [1485 1486 1487 1488 1489 1490 1491 1492 1493 1494 1495 1496 1497 1498 1499]]]","[[0 [2 3 5 8 9 10 12]] [1 [15 16 19 22 23 24 26 27 28]] [2 [30 33 34 35 36 39 40 41 42 43 44]] [3 [45 46 47 48 49 50 54 56]] [4 [62 63 65 66 68 69 73 74]] [5 [76 77 78 79 81 83 84 85 86 88 89]] [6 [90 94 95 96 97 99]] [7 [108 109 111 112 113 115 117]] [8 [120 122 124 126 127 128 131 132 134]] [9 [135 136 137 138 142 143 145 146 149]] [10 [150 151 152 154 159 164]] [11 [167 168 169 175 177 179]] [12 [180 181 182 183 184 185 186 187 188 189 190]] [13 [197 198 200 201 202 206 207 208]] [14 [210 213 215 216 218 221 223]] [15 [226 228 230 234 235 236]] [16 [240 242 244 245 246 249 250 252 253 254]] [17 [258 259 260 262 263 265 267 268]] [18 [270 276 277 278 282 283 284]] [19 [285 286 287 289 290 292 294 295 296 299]] [20 [302 305 306 308 310 311 312 313 314]] [21 [315 318 320 321 322 323 324 327 328]] [22 [330 331 333 334 336 337 338 339 340]] [23 [346 348 349 351 352 353 354 357]] [24 [362 363 364 365 366 367 368 371 373 374]] [25 [375 376 377 380 383 386 387 388 389]] [26 [391 393 396]] [27 [407 408 409 412 415 416 418 419]] [28 [420 422 423 424 427 428 429 430 434]] [29 [435 436 437 438 440 441 442 444 448]] [30 [450 451 453 455 457 461 464]] [31 [466 467 468 472 473 475 478]] [32 [480 481 482 483 484 486 487 491 492 493 494]] [33 [497 498 499 500 502]] [34 [510 511 512 514 515 516 518 519 522 523]] [35 [526 527 529 530 531 534 536 538 539]] [36 [540 541 544 546 547 548 553 554]] [37 [556 560 561 565 566 568 569]] [38 [570 571 574 576 577 580 582 583 584]] [39 [586 587 588 591 592 593 594 596 597]] [40 [600 601 603 606 609 610 612]] [41 [615 616 617 619 620 621 622 624 626 629]] [42 [630 631 635 636 637 638 640 641 642]] [43 [647 648 649 653 657 658 659]] [44 [660 661 662 664 667 668 670 671 672]] [45 [676 677 680 681 686 687 688]] [46 [690 693 694 695 696 697 699 703]] [47 [705 707 708 712 713 714 716 717 718]] [48 [721 722 723 724 725 726 727 729 732 734]] [49 [736 738 739 741 742 743 745 746 747]] [50 [750 752 753 756 757 759 760 761 763]] [51 [765 767 770 771 774 775 776 777 778 779]] [52 [780 784 786 787 793 794]] [53 [796 797 800 801 802 803 805 807 808 809]] [54 [812 814 816 822 823 824]] [55 [825 829 830 831 832 833 837 839]] [56 [840 842 843 845 848 849 851 852 854]] [57 [855 856 859 860 861 863 864 866 867 868 869]] [58 [870 871 874 876 879 880 881]] [59 [885 886 888 894 896 899]] [60 [900 902 903 905 906 908 909 911 912 913]] [61 [915 917 919 921 922 923]] [62 [930 932 935 938 939 940 941]] [63 [947 948 950 955 956 959]] [64 [963 964 965 967 968 971 972 973]] [65 [976 978 979 982 985 986 988 989]] [66 [990 991 993 995 996 998 999 1000 1001]] [67 [1007 1009 1011 1012 1013 1014 1015 1016]] [68 [1020 1021 1022 1023 1024 1031 1032 1034]] [69 [1035 1036 1041 1045 1046 1047 1049]] [70 [1051 1052 1053 1054 1058 1061 1062]] [71 [1065 1066 1070 1072 1073 1074 1076 1078]] [72 [1081 1083 1084 1085 1086 1087 1089 1093]] [73 [1096 1097 1098 1099 1101 1104 1105 1106 1108 1109]] [74 [1110 1111 1113 1114 1117 1120]] [75 [1129 1133 1136 1138 1139]] [76 [1142 1143 1145 1146 1149 1153 1154]] [77 [1155 1157 1159 1160 1161 1162 1163 1165 1167]] [78 [1171 1172 1174 1175 1177 1178 1179 1181]] [79 [1185 1187 1188 1190 1193 1194 1197 1198 1199]] [80 [1200 1201 1202 1207 1209 1210 1214]] [81 [1215 1216 1218 1220 1221 1222 1223 1224 1225 1228 1229]] [82 [1231 1232 1233 1235 1236 1237 1238 1239 1241 1242 1243]] [83 [1246 1248 1251 1252 1253 1254 1255 1256 1257 1258 1259]] [84 [1261 1265 1266 1267 1268 1269 1272 1273 1274]] [85 [1277 1278 1279 1281 1283 1284 1289]] [86 [1290 1291 1294 1297 1299 1301 1302 1303]] [87 [1305 1306 1307 1311 1312 1315 1318 1319]] [88 [1320 1321 1325 1328 1329 1330 1331 1332 1333]] [89 [1335 1336 1337 1338 1347 1348]] [90 [1351 1353 1355 1358 1359 1360 1361 1362 1364]] [91 [1365 1366 1367 1368 1369 1370 1372 1373 1375 1377 1378 1379]] [92 [1381 1383 1386 1387 1391 1392 1394]] [93 [1395 1398 1399 1402 1403 1404 1408]] [94 [1410 1411 1415 1416 1417 1418 1420 1421 1423]] [95 [1425 1428 1430 1432 1438 1439]] [96 [1440 1444 1446 1448 1452 1454]] [97 [1456 1457 1458 1459 1460 1462 1465 1467 1468 1469]] [98 [1471 1472 1475 1476 1477 1478 1479 1481]] [99 [1489 1490 1491 1494 1497]]]",,"[[{media 50} [[""A"" [3 3]]]] [{media 51} [[""A"" [4 4]]]] [{media 52} [[""A"" [0 0]]]] [{media 53} [[""A"" [1 1]]]] [{media 54} [[""A"" [4 4]]]] [{media 58} [[""A"" [1 1]]]] [{media 59} [[""A"" [0 0]]]] [{media 60} [[""A"" [2 2]]]] [{media 61} [[""A"" [3 3]]]] [{media 62} [[""A"" [1 1]]]] [{media 64} [[""A"" [1 1]]]] [{media 63} [[""A"" [5 5]]]] [{citizen 5} [[""A"" [3 1]]]] [{media 57} [[""A"" [5 5]]]] [{media 55} [[""A"" [3 3]]]] [{citizen 4} [[""A"" [3 1]]]] [{citizen 14} [[""A"" [3 4]]]] [{citizen 11} [[""A"" [4 4]]]] [{citizen 34} [[""A"" [2 4]]]] [{citizen 23} [[""A"" [3 4]]]] [{citizen 38} [[""A"" [3 1]]]] [{citizen 26} [[""A"" [4 4]]]] [{citizen 12} [[""A"" [3 4]]]] [{citizen 17} [[""A"" [4 3]]]] [{citizen 6} [[""A"" [3 4]]]] [{citizen 42} [[""A"" [0 2]]]] [{citizen 3} [[""A"" [3 1]]]] [{citizen 41} [[""A"" [3 1]]]] [{citizen 1} [[""A"" [3 4]]]] [{citizen 10} [[""A"" [5 4]]]] [{citizen 31} [[""A"" [1 1]]]] [{citizen 20} [[""A"" [4 4]]]] [{citizen 8} [[""A"" [1 1]]]] [{citizen 49} [[""A"" [1 1]]]] [{citizen 7} [[""A"" [5 4]]]] [{citizen 32} [[""A"" [5 3]]]] [{citizen 25} [[""A"" [5 3]]]] [{citizen 19} [[""A"" [3 1]]]] [{citizen 16} [[""A"" [5 4]]]] [{citizen 18} [[""A"" [4 4]]]] [{citizen 35} [[""A"" [1 1]]]] [{citizen 46} [[""A"" [3 1]]]] [{citizen 9} [[""A"" [3 1]]]] [{citizen 30} [[""A"" [1 1]]]] [{citizen 0} [[""A"" [5 3]]]] [{citizen 2} [[""A"" [5 4]]]] [{citizen 27} [[""A"" [5 3]]]] [{citizen 43} [[""A"" [3 4]]]] [{citizen 15} [[""A"" [1 1]]]] [{citizen 45} [[""A"" [5 3]]]] [{citizen 33} [[""A"" [3 1]]]] [{citizen 24} [[""A"" [1 4]]]] [{citizen 39} [[""A"" [3 4]]]] [{citizen 22} [[""A"" [3 3]]]] [{citizen 37} [[""A"" [5 4]]]] [{citizen 29} [[""A"" [3 1]]]] [{citizen 28} [[""A"" [5 4]]]] [{citizen 40} [[""A"" [3 4]]]] [{citizen 48} [[""A"" [3 5]]]] [{citizen 13} [[""A"" [5 4]]]] [{citizen 21} [[""A"" [5 4]]]] [{citizen 44} [[""A"" [5 4]]]] [{media 56} [[""A"" [1 1]]]] [{citizen 36} [[""A"" [5 4]]]]]"
"48","[85 0 170]","86.78571428571428","9.954118301775846","0.568510274328949","""circle""","""""","9.9","{breed citizens}","false","0.5","1","""up""",,"[[""ID"" 39] [""alpha"" 1] [""beta"" 1] [""malleable"" [""A""]] [""prior"" []] [""cont_tokens"" []] [""A"" 4]]","[[0 [0 1 2 4 5 6 7 8 11 12 14]] [1 [15 16 18 19 22 23 24 25 26 27 28]] [2 [30 32 33 34 35 36 37 39 40 41 42 43 44]] [3 [45 46 47 48 49 50 52 53 54 55 56 57 58 59]] [4 [60 61 62 63 64 65 66 67 68 69 70 71 72 73 74]] [5 [75 76 77 78 79 80 81 82 83 84 85 86 87 88 89]] [6 [90 91 92 93 94 95 96 97 98 99 100 101 102 103 104]] [7 [105 106 107 108 109 111 112 113 115 116 117 118 119]] [8 [120 121 122 123 124 125 126 127 128 130 131 132 133 134]] [9 [135 136 137 138 139 140 141 142 143 144 145 146 147 148 149]] [10 [150 151 152 153 154 155 156 157 158 159 160 161 162 163 164]] [11 [165 166 167 168 169 170 171 172 173 174 175 176 177 178 179]] [12 [180 181 182 183 184 185 186 187 188 189 190 191 192 193 194]] [13 [195 196 197 198 199 200 201 202 203 204 205 206 207 208 209]] [14 [210 211 212 213 214 215 216 217 218 220 221 222 223 224]] [15 [225 226 227 228 229 230 231 232 233 234 235 236 237 238 239]] [16 [240 241 242 244 245 246 249 250 252 253 254]] [17 [255 256 257 258 259 260 261 262 263 264 265 266 267 268 269]] [18 [271 272 273 274 275 276 277 278 279 280 281 282 283 284]] [19 [285 286 287 288 289 290 291 292 293 294 295 296 297 298 299]] [20 [300 301 302 303 304 305 306 307 308 309 310 311 312 313 314]] [21 [315 316 317 318 319 320 321 322 323 324 325 326 327 328 329]] [22 [330 331 332 333 334 335 336 337 338 339 340 341 342 344]] [23 [345 346 347 348 349 351 352 353 354 355 356 357 358 359]] [24 [361 362 363 364 365 366 367 368 369 370 371 373 374]] [25 [375 376 377 378 380 383 384 385 386 387 388 389]] [26 [390 391 392 393 394 395 396 397 398 399 400 401 402 403 404]] [27 [405 406 407 408 409 410 411 412 413 414 415 416 417 418 419]] [28 [420 422 423 424 425 427 428 429 430 433 434]] [29 [435 436 437 438 440 441 442 443 444 445 446 448 449]] [30 [450 451 452 453 454 455 456 457 458 459 460 461 462 463 464]] [31 [465 466 467 468 469 470 471 472 473 474 475 476 477 478 479]] [32 [480 481 482 483 484 485 486 487 488 489 490 491 492 493 494]] [33 [495 497 498 499 500 501 502 503 504 505 506]] [34 [510 511 512 513 514 515 516 517 518 519 520 521 522 523 524]] [35 [525 526 527 528 529 530 531 532 533 534 535 536 537 538 539]] [36 [540 541 542 544 545 546 547 548 549 550 551 553 554]] [37 [556 558 559 560 561 562 563 564 565 566 567 568 569]] [38 [570 571 572 573 574 575 576 577 578 580 581 582 583 584]] [39 [585 586 587 588 590 591 592 593 594 595 596 597 598 599]] [40 [600 601 602 603 604 605 606 607 608 609 610 611 612 613 614]] [41 [615 616 617 618 619 620 621 622 623 624 625 626 627 628 629]] [42 [630 631 632 633 634 635 636 637 638 639 640 641 642 643 644]] [43 [645 646 647 648 649 650 651 652 653 654 655 656 657 658 659]] [44 [660 661 662 663 664 665 666 667 668 669 670 671 672 673 674]] [45 [675 676 677 678 679 680 681 682 683 684 685 686 687 688 689]] [46 [690 693 694 695 696 697 699 702 703 704]] [47 [705 706 707 708 710 711 712 713 714 715 716 717 718 719]] [48 [720 721 722 723 724 725 726 727 728 729 730 731 732 733 734]] [49 [736 738 739 741 742 743 745 746 747 748 749]] [50 [750 751 752 753 754 755 756 757 758 759 760 761 762 763 764]] [51 [765 766 767 768 769 770 771 772 773 774 775 776 777 778 779]] [52 [780 781 782 783 784 785 786 787 788 789 790 791 793 794]] [53 [795 796 797 798 799 800 801 802 803 804 805 806 807 808 809]] [54 [811 812 813 814 816 821 822 823 824]] [55 [825 826 827 828 829 830 831 832 833 836 837 838 839]] [56 [840 841 842 843 844 845 846 847 848 849 850 851 852 853 854]] [57 [855 856 859 860 861 863 864 865 866 867 868 869]] [58 [870 871 873 874 875 876 877 879 880 881 882 883 884]] [59 [885 886 887 888 889 890 891 892 893 894 895 896 897 898 899]] [60 [900 901 902 903 904 905 906 907 908 909 910 911 912 913 914]] [61 [915 916 917 918 919 920 921 922 923 924 925 926 927 928 929]] [62 [931 933 934 936 937 938 939 940 941 942 943 944]] [63 [945 946 947 948 949 950 951 952 953 954 955 956 957 958 959]] [64 [960 961 962 963 964 965 966 967 968 969 970 971 972 973 974]] [65 [975 976 977 978 979 980 981 982 983 984 985 986 987 988 989]] [66 [990 991 992 993 994 995 996 997 998 999 1000 1001 1002 1003 1004]] [67 [1005 1006 1007 1008 1009 1010 1011 1012 1013 1014 1015 1016]] [68 [1020 1021 1022 1023 1024 1030 1031 1032 1034]] [69 [1035 1036 1040 1041 1042 1043 1044 1045 1046 1047 1049]] [70 [1050 1051 1052 1053 1054 1055 1056 1057 1058 1059 1060 1061 1062 1063 1064]] [71 [1065 1066 1067 1068 1069 1070 1072 1073 1074 1076 1078]] [72 [1080 1081 1083 1084 1085 1086 1087 1089 1092 1093 1094]] [73 [1095 1096 1097 1098 1099 1100 1101 1102 1103 1104 1105 1107 1108 1109]] [74 [1110 1111 1112 1113 1114 1115 1116 1117 1118 1119 1120 1121 1122 1123 1124]] [75 [1125 1126 1127 1128 1129 1130 1131 1132 1133 1134 1135 1136 1137 1138 1139]] [76 [1140 1141 1142 1143 1144 1145 1146 1147 1148 1149 1150 1151 1152 1153 1154]] [77 [1155 1156 1157 1158 1159 1160 1161 1162 1163 1164 1165 1166 1167 1168 1169]] [78 [1170 1171 1172 1173 1174 1175 1176 1177 1178 1179 1180 1181 1182 1183 1184]] [79 [1185 1187 1188 1190 1191 1192 1193 1194 1197 1198 1199]] [80 [1200 1201 1202 1203 1204 1205 1206 1207 1208 1209 1210 1211 1212 1213 1214]] [81 [1215 1216 1218 1220 1221 1222 1223 1224 1225 1228 1229]] [82 [1231 1232 1233 1235 1236 1237 1238 1239 1241 1242 1243]] [83 [1246 1247 1248 1250 1251 1252 1253 1254 1255 1256 1257 1258 1259]] [84 [1260 1262 1263 1264 1265 1266 1267 1268 1269 1270 1271 1272 1273 1274]] [85 [1275 1276 1277 1278 1279 1280 1281 1282 1283 1284 1285 1287 1288 1289]] [86 [1290 1291 1292 1293 1294 1295 1296 1297 1298 1299 1300 1301 1302 1303 1304]] [87 [1305 1306 1307 1308 1309 1310 1311 1312 1313 1314 1315 1316 1317 1318 1319]] [88 [1320 1321 1322 1323 1324 1325 1326 1327 1328 1329 1330 1331 1332 1333]] [89 [1335 1336 1337 1338 1339 1340 1341 1342 1343 1347 1348 1349]] [90 [1350 1351 1352 1353 1354 1355 1356 1357 1358 1359 1360 1361 1362 1363 1364]] [91 [1365 1366 1367 1368 1369 1370 1371 1372 1373 1374 1375 1376 1377 1378 1379]] [92 [1380 1381 1382 1383 1385 1386 1387 1388 1389 1390 1391 1392 1393 1394]] [93 [1395 1398 1399 1400 1401 1402 1403 1404 1405 1406 1407 1408 1409]] [94 [1410 1411 1412 1413 1414 1415 1416 1417 1418 1419 1420 1421 1422 1423 1424]] [95 [1426 1427 1428 1429 1430 1431 1432 1433 1434 1435 1436 1437 1438 1439]] [96 [1440 1441 1442 1443 1444 1445 1446 1447 1448 1449 1450 1451 1452 1453 1454]] [97 [1455 1456 1457 1458 1459 1460 1461 1462 1463 1464 1465 1466 1467 1468 1469]] [98 [1470 1471 1472 1473 1474 1475 1476 1477 1478 1479 1480 1481 1482 1483 1484]] [99 [1485 1486 1487 1488 1489 1490 1491 1492 1493 1494 1495 1496 1497 1498 1499]]]","[[0 [0 1 5 8 12]] [1 [15 16 18 19 22 23 24 25 26 27 28]] [2 [30 32 33 34 35 36 39 42 43 44]] [3 [45 47 48 49 50 55 57 59]] [4 [60 64 66 68 69 73 74]] [5 [76 77 78 79 81 84 85 86 88 89]] [6 [90 94 95 96 97 99]] [7 [108 109 111 112 115 116 118 119]] [8 [121 123 124 126 127 130 133]] [9 [137 138 143 144 145 146 147]] [10 [153 156 157 158 160 161 163 164]] [11 [165 167 168 169 177 179]] [12 [181 182 183 184 187 188 189 190]] [13 [199 200 201 202 206 209]] [14 [211 212 213 215 216 217 218 221 224]] [15 [225 227 229 231 232 233 238 239]] [16 [240 244 250 252 253 254]] [17 [258 260 261 264 266]] [18 [271 272 274 275 278 279 281 282 283 284]] [19 [285 286 287 291 294 295 296 299]] [20 [302 305 306 309 312 313 314]] [21 [315 316 317 319 323 324 327]] [22 [330 331 333 334 335 337 341 342 344]] [23 [345 346 348 349 351 352 353 354 355 356 357]] [24 [361 362 363 364 365 366 367 368 371 373 374]] [25 [375 376 378 380 383 384 385 389]] [26 [391 393 396 398 400 401 403]] [27 [406 410 411 413 414 417 418 419]] [28 [420 422 423 424 427 428 430 433 434]] [29 [435 436 437 438 443 445 446 448 449]] [30 [454 456 458 459 460 461]] [31 [465 469 470 471 472 473 474 476 477 478]] [32 [480 481 482 483 484 486 487 491 492 493 494]] [33 [497 498 499 500 501 502]] [34 [510 511 514 515 516 519 522 523]] [35 [526 527 528 531 532 533 535 537 538 539]] [36 [540 541 542 544 549 550 551 553 554]] [37 [556 560 561 564 565 567 569]] [38 [571 574 576 577 582 583 584]] [39 [585 586 587 588 590 593 594 596 597]] [40 [600 601 602 603 606 608 609 610 612]] [41 [615 616 617 619 620 621 624 626 627 628]] [42 [630 632 633 634 639]] [43 [645 649 651 652 654 656 657 658 659]] [44 [660 661 662 664 667 668 670 671 672]] [45 [676 677 678 680 681 685 686 687 688]] [46 [690 693 694 695 696 697 699 702 703 704]] [47 [705 707 708 712 713 714 716]] [48 [720 722 723 724 725 726 727 729 732 734]] [49 [736 738 739 741 742 743 745 746 747]] [50 [751 752 753 756 757 759 760 763 764]] [51 [766 768 770 771 774 775 776 777 778 779]] [52 [780 782 783 785 788 789 791 793]] [53 [795 797 800 801 802 803 805 807 808 809]] [54 [812 814 816 822 823 824]] [55 [826 827 828 832 836 838]] [56 [841 842 844 845 848 851 853 854]] [57 [855 856 859 860 861 863 864 866 867 868 869]] [58 [870 871 873 875 877 879 880 881]] [59 [890 894 895 897 898]] [60 [901 903 904 906 908 909 911 912 913]] [61 [915 917 919 921 922 923 925 926 927 928 929]] [62 [931 933 934 936 937 938 939 940 942 943 944]] [63 [945 949 951 952 953 954 955 956 959]] [64 [964 965 967 968 971 973 974]] [65 [975 977 978 979 982 985 986 987 988]] [66 [990 991 993 994 995 996 998 999 1000 1001]] [67 [1007 1009 1011 1012 1013 1014 1015 1016]] [68 [1020 1021 1022 1023 1024 1030 1031 1032 1034]] [69 [1035 1036 1041 1045 1046]] [70 [1050 1052 1055 1056 1059 1060 1063 1064]] [71 [1065 1066 1070 1072 1073 1074 1076 1078]] [72 [1080 1081 1083 1084 1085 1086 1087 1089 1092 1094]] [73 [1095 1100 1101 1103 1104 1105 1107 1109]] [74 [1110 1113 1114 1117 1121 1122]] [75 [1125 1126 1127 1128 1130 1132 1133 1136 1138 1139]] [76 [1143 1145 1146 1149 1153 1154]] [77 [1155 1157 1159 1160 1163 1165 1167]] [78 [1171 1172 1174 1175 1179 1181]] [79 [1185 1187 1188 1190 1192 1193 1194 1197]] [80 [1203 1204 1205 1207 1209 1211 1212 1213]] [81 [1216 1218 1220 1222 1223 1224 1225 1228 1229]] [82 [1231 1232 1233 1235 1236 1238 1239 1241 1242 1243]] [83 [1246 1248 1251 1252 1253 1254 1255]] [84 [1260 1262 1263 1265 1266 1267 1268 1269 1271]] [85 [1275 1276 1281 1283 1284 1289]] [86 [1291 1294 1297 1299 1301 1302 1303]] [87 [1305 1306 1307 1311 1312 1315 1318 1319]] [88 [1320 1321 1325 1328 1329 1331 1332 1333]] [89 [1335 1336 1337 1338 1347 1348]] [90 [1350 1351 1353 1355 1358 1359 1361 1362]] [91 [1366 1367 1368 1369 1370 1372 1373 1376]] [92 [1380 1381 1383 1386 1387 1392 1394]] [93 [1395 1398 1399 1402 1403 1404 1408]] [94 [1410 1411 1415 1416 1417 1418 1420 1421 1422 1424]] [95 [1426 1427 1428 1430 1432 1434 1438 1439]] [96 [1441 1442 1443 1444 1446 1448 1450 1451 1452 1453]] [97 [1455 1458 1459 1460 1462 1465 1467 1468 1469]] [98 [1470 1471 1472 1475 1476 1478 1480 1482 1483 1484]] [99 [1485 1486 1487 1488 1489 1490 1491 1495 1498 1499]]]",,"[[{media 50} [[""A"" [3 3]]]] [{media 54} [[""A"" [4 4]]]] [{media 55} [[""A"" [3 3]]]] [{media 56} [[""A"" [1 1]]]] [{media 57} [[""A"" [5 5]]]] [{media 59} [[""A"" [0 0]]]] [{media 63} [[""A"" [5 5]]]] [{media 60} [[""A"" [2 2]]]] [{citizen 0} [[""A"" [1 4]]]] [{citizen 2} [[""A"" [5 4]]]] [{media 61} [[""A"" [3 3]]]] [{media 52} [[""A"" [0 0]]]] [{citizen 3} [[""A"" [1 1]]]] [{media 64} [[""A"" [1 1]]]] [{media 62} [[""A"" [1 1]]]] [{citizen 7} [[""A"" [5 4]]]] [{citizen 19} [[""A"" [5 1]]]] [{citizen 1} [[""A"" [1 4]]]] [{citizen 32} [[""A"" [5 3]]]] [{citizen 20} [[""A"" [4 4]]]] [{citizen 25} [[""A"" [4 5]]]] [{citizen 35} [[""A"" [1 1]]]] [{citizen 37} [[""A"" [4 4]]]] [{citizen 8} [[""A"" [3 1]]]] [{citizen 9} [[""A"" [1 1]]]] [{citizen 13} [[""A"" [3 4]]]] [{citizen 22} [[""A"" [1 3]]]] [{citizen 42} [[""A"" [0 2]]]] [{citizen 41} [[""A"" [1 1]]]] [{citizen 10} [[""A"" [3 4]]]] [{citizen 31} [[""A"" [1 1]]]] [{citizen 4} [[""A"" [5 3]]]] [{citizen 6} [[""A"" [4 4]]]] [{citizen 43} [[""A"" [3 4]]]] [{citizen 15} [[""A"" [1 1]]]] [{citizen 46} [[""A"" [5 3]]]] [{citizen 18} [[""A"" [4 4]]]] [{citizen 39} [[""A"" [3 4]]]] [{citizen 44} [[""A"" [3 4]]]] [{citizen 14} [[""A"" [4 4]]]] [{citizen 26} [[""A"" [5 4]]]] [{citizen 38} [[""A"" [5 1]]]] [{citizen 49} [[""A"" [2 4]]]] [{citizen 12} [[""A"" [4 4]]]] [{citizen 17} [[""A"" [4 3]]]] [{citizen 11} [[""A"" [4 4]]]] [{citizen 23} [[""A"" [3 1]]]] [{citizen 34} [[""A"" [4 3]]]] [{citizen 16} [[""A"" [5 4]]]] [{citizen 30} [[""A"" [1 1]]]] [{citizen 33} [[""A"" [1 1]]]] [{citizen 24} [[""A"" [1 1]]]] [{citizen 5} [[""A"" [5 5]]]] [{citizen 21} [[""A"" [3 4]]]] [{citizen 40} [[""A"" [3 4]]]] [{media 53} [[""A"" [1 1]]]] [{media 58} [[""A"" [1 1]]]] [{citizen 27} [[""A"" [3 1]]]] [{citizen 29} [[""A"" [3 1]]]] [{citizen 47} [[""A"" [5 1]]]] [{citizen 45} [[""A"" [3 3]]]] [{citizen 28} [[""A"" [5 4]]]] [{media 51} [[""A"" [4 4]]]] [{citizen 36} [[""A"" [5 4]]]]]"
"49","[213 0 42]","247.5","-8.877778118248681","-4.097259079500124","""circle""","""""","9.9","{breed citizens}","false","0.5","1","""up""",,"[[""ID"" 9] [""alpha"" 1] [""beta"" 1] [""malleable"" [""A""]] [""prior"" []] [""cont_tokens"" []] [""A"" 1]]","[[0 [0 1 2 3 4 5 6 7 8 9 10 11 12 13 14]] [1 [15 16 17 18 19 20 21 22 23 24 25 26 27 28]] [2 [30 31 32 33 34 35 36 37 38 39 40 41 42 43 44]] [3 [45 46 47 48 49 50 52 53 54 55 56 57 58 59]] [4 [60 61 62 63 64 65 66 67 68 69 70 71 72 73 74]] [5 [76 77 78 79 81 83 84 85 86 87 88 89]] [6 [90 91 92 93 94 95 96 97 98 99 100 101 102 103 104]] [7 [105 106 107 108 109 110 111 112 113 114 115 116 117 118 119]] [8 [120 121 122 123 124 125 126 127 128 130 131 132 133 134]] [9 [135 136 137 138 139 140 141 142 143 144 145 146 147 148 149]] [10 [150 151 152 153 154 155 156 157 158 159 160 161 162 163 164]] [11 [166 167 168 169 170 171 172 173 174 175 176 177 178 179]] [12 [180 181 182 183 184 185 186 187 188 189 190 191 192 193 194]] [13 [197 198 199 200 201 202 206 207 208 209]] [14 [210 211 212 213 214 215 216 217 218 219 220 221 222 223 224]] [15 [225 226 227 228 229 230 231 232 233 234 235 236 238 239]] [16 [240 241 242 244 245 246 249 250 252 253 254]] [17 [255 256 257 258 259 260 261 262 263 264 265 266 267 268 269]] [18 [270 273 274 275 276 277 278 279 280 281 282 283 284]] [19 [285 286 287 288 289 290 291 292 293 294 295 296 297 298 299]] [20 [300 301 302 303 304 305 306 308 309 310 311 312 313 314]] [21 [315 316 317 318 319 320 321 322 323 324 325 326 327 328 329]] [22 [330 331 332 333 334 335 336 337 338 339 340 341 342 343 344]] [23 [345 346 347 348 349 350 351 352 353 354 355 356 357 358 359]] [24 [360 366 367 368 371 372 373 374]] [25 [375 376 377 378 380 383 384 385 386 387 388 389]] [26 [390 391 392 393 394 395 396 397 398 399 400 401 402 403 404]] [27 [405 406 407 408 409 410 411 412 413 414 415 416 417 418 419]] [28 [420 422 423 424 425 427 428 429 430 433 434]] [29 [435 436 437 438 440 441 442 443 444 445 446 448 449]] [30 [450 451 452 453 454 455 456 457 458 459 460 461 462 463 464]] [31 [466 467 468 471 472 473 474 475 476 477 478 479]] [32 [480 481 482 483 484 485 486 487 489 491 492 493 494]] [33 [495 497 498 499 500 501 502 503 504 505 506]] [34 [510 511 512 513 514 515 516 518 519 520 521 522 523 524]] [35 [525 526 527 528 529 530 531 532 533 534 535 536 537 538 539]] [36 [540 541 542 544 545 546 547 548 549 550 551 553 554]] [37 [556 558 559 560 561 562 563 564 565 566 567 568 569]] [38 [570 571 572 573 574 575 576 577 578 580 581 582 583 584]] [39 [585 586 587 588 589 590 591 592 593 594 595 596 597 598 599]] [40 [600 601 602 603 604 605 606 607 608 609 610 611 612 613 614]] [41 [615 616 617 618 619 620 621 622 623 624 625 626 627 628 629]] [42 [630 631 632 633 634 635 636 637 638 639 640 641 642 643 644]] [43 [646 647 648 649 650 651 652 654 655 656 657 658 659]] [44 [660 661 662 663 664 665 666 667 668 669 670 671 672 673 674]] [45 [675 676 677 678 679 680 681 682 683 684 685 686 687 688 689]] [46 [690 693 694 695 696 697 699 702 703 704]] [47 [705 706 707 708 709 710 711 712 713 714 715 716 717 718 719]] [48 [720 721 722 723 724 725 726 727 728 729 730 731 732 733 734]] [49 [735 736 737 738 739 740 741 742 743 744 745 746 747 748 749]] [50 [750 751 752 753 754 755 756 757 759 760 761 762 763 764]] [51 [765 766 767 768 769 770 771 772 773 774 775 776 777 778 779]] [52 [780 781 782 783 784 785 786 787 788 789 790 791 792 793 794]] [53 [795 796 797 798 799 800 801 802 803 804 805 806 807 808 809]] [54 [811 812 813 814 816 821 822 823 824]] [55 [825 826 827 828 829 830 831 832 833 836 837 838 839]] [56 [841 842 843 844 845 846 847 848 849 850 851 852 853 854]] [57 [855 856 857 858 859 860 861 862 863 864 865 866 867 868 869]] [58 [870 871 873 874 875 876 877 879 880 881 882 883 884]] [59 [885 886 887 888 889 890 891 892 893 894 895 897 898]] [60 [901 903 904 905 906 907 908 909 910 911 912 913 914]] [61 [915 917 919 920 921 922 923 924 925 926 927 928 929]] [62 [931 933 934 936 937 938 939 940 941 942 943 944]] [63 [945 946 947 948 949 950 951 952 953 954 955 956 957 959]] [64 [960 961 963 964 965 966 967 968 969 970 971 972 973 974]] [65 [975 976 977 978 979 980 981 982 983 984 985 986 987 988 989]] [66 [990 991 992 993 994 995 996 997 998 999 1000 1001 1002 1003 1004]] [67 [1005 1006 1007 1008 1009 1010 1011 1012 1013 1014 1015 1016]] [68 [1020 1021 1022 1023 1024 1030 1031 1032 1034]] [69 [1035 1036 1040 1041 1042 1043 1044 1045 1046 1047 1049]] [70 [1050 1051 1052 1053 1054 1055 1056 1057 1058 1059 1060 1061 1062 1063 1064]] [71 [1065 1066 1067 1068 1069 1070 1072 1073 1074 1076 1078]] [72 [1080 1081 1083 1084 1085 1086 1087 1089 1092 1093 1094]] [73 [1095 1096 1097 1098 1099 1100 1101 1102 1103 1104 1105 1106 1107 1108 1109]] [74 [1110 1111 1112 1113 1114 1115 1116 1117 1118 1119 1120 1121 1122 1123 1124]] [75 [1125 1126 1127 1128 1129 1130 1131 1132 1133 1134 1135 1136 1137 1138 1139]] [76 [1140 1141 1144 1145 1146 1147 1148 1149 1150 1151 1152 1153 1154]] [77 [1155 1156 1157 1158 1159 1160 1161 1162 1163 1164 1165 1166 1167 1168 1169]] [78 [1171 1172 1173 1174 1175 1176 1177 1178 1179 1180 1181 1182 1183 1184]] [79 [1185 1186 1187 1188 1189 1190 1191 1192 1193 1194 1195 1196 1197 1198 1199]] [80 [1200 1201 1202 1203 1204 1205 1207 1209 1210 1211 1212 1213 1214]] [81 [1215 1216 1218 1220 1221 1222 1223 1224 1225 1228 1229]] [82 [1231 1232 1233 1235 1236 1237 1238 1239 1241 1242 1243]] [83 [1246 1247 1248 1250 1251 1252 1253 1254 1255 1256 1257 1258 1259]] [84 [1260 1262 1263 1264 1265 1266 1267 1268 1269 1270 1271 1272 1273 1274]] [85 [1275 1276 1277 1278 1279 1280 1281 1282 1283 1284 1285 1286 1287 1288 1289]] [86 [1290 1291 1292 1293 1294 1295 1296 1297 1299 1300 1301 1302 1303 1304]] [87 [1305 1306 1307 1311 1312 1315 1316 1318]] [88 [1320 1321 1322 1323 1324 1325 1326 1327 1328 1329 1330 1331 1332 1333 1334]] [89 [1335 1336 1337 1338 1339 1340 1341 1342 1343 1347 1348 1349]] [90 [1350 1351 1352 1353 1354 1355 1356 1357 1358 1359 1360 1361 1362 1363 1364]] [91 [1365 1366 1367 1368 1369 1370 1371 1372 1373 1374 1375 1376 1377 1378 1379]] [92 [1380 1381 1382 1383 1384 1385 1386 1387 1388 1389 1390 1391 1392 1393 1394]] [93 [1395 1396 1397 1398 1399 1400 1401 1402 1403 1404 1405 1406 1407 1408 1409]] [94 [1410 1411 1412 1413 1414 1415 1416 1417 1418 1419 1420 1421 1422 1423 1424]] [95 [1425 1426 1427 1428 1430 1431 1432 1433 1434 1435 1436 1437 1438 1439]] [96 [1440 1441 1442 1443 1444 1445 1446 1447 1448 1449 1450 1451 1452 1453 1454]] [97 [1455 1456 1457 1458 1459 1460 1461 1462 1463 1464 1465 1466 1467 1468 1469]] [98 [1470 1471 1472 1473 1474 1475 1476 1477 1478 1479 1480 1481 1482 1483 1484]] [99 [1485 1486 1487 1488 1489 1490 1491 1492 1493 1494 1495 1496 1497 1498 1499]]]","[[0 [2 4 9 10 12]] [1 [15 16 18 19 22 23 24 25]] [2 [30 33 34 35 36 37 39 43 44]] [3 [45 47 48 49 50 55 57 59]] [4 [60 64 65 66 68 69 73 74]] [5 [76 77 78 79 81 84 85 86 88 89]] [6 [90 94 95 96 99 104]] [7 [105 106 107 108 109 111 112 113 115 116 118 119]] [8 [121 123 125 127 128 130 133]] [9 [139 140 141 143 145 146 149]] [10 [151 152 154 155 159 162]] [11 [166 168 169 177 179]] [12 [180 183 184 185 186 187 188 189 190]] [13 [197 198 199 200 201 202 206 208]] [14 [210 213 217 218 220 224]] [15 [225 227 229 231 233 238 239]] [16 [240 242 245 246 249 250 252 253 254]] [17 [256 257 259 260 262 263 265 267 268]] [18 [270 273 275 276 277 278 280 283]] [19 [285 286 287 289 290 292 293 298]] [20 [300 301 302 305 306 309 312 313 314]] [21 [315 318 320 321 322 323 324 327]] [22 [330 331 333 334 336 341 342 344]] [23 [345 346 348 349 351 358 359]] [24 [360 366 367 368 371 373 374]] [25 [375 376 378 380 383 384 386 388]] [26 [392 394 395 397 399 400 402 404]] [27 [405 406 410 411 412 415 416 418 419]] [28 [420 422 423 424 427 428 433 434]] [29 [435 436 437 438 440 441 442 444 446 448 449]] [30 [454 456 458 459 460 462 463]] [31 [466 467 468 471 474 476 477 478 479]] [32 [480 481 482 483 484 489 493 494]] [33 [497 498 499 500 501 502 503 504 505 506]] [34 [511 513 514 515 516 519 522 523]] [35 [526 529 530 531 532 533 535 537 539]] [36 [540 541 544 549 550 551 553 554]] [37 [556 560 561 564 565 567 568 569]] [38 [571 574 576 578 580 582 583]] [39 [585 586 587 588 591 592 593 595 598 599]] [40 [602 603 604 606 609 610 612]] [41 [615 616 617 618 620 622 624 626 627 628]] [42 [631 635 636 637 638 640 641 642 643 644]] [43 [646 647 648 649 651 652 654 656 657 658 659]] [44 [663 664 667 668 670 671 672 673 674]] [45 [675 676 677 680 681 686 687 688]] [46 [690 693 694 695 696 697 699 702 703]] [47 [705 707 708 712 713 714 716 719]] [48 [720 723 724 725 726 727 729 732 734]] [49 [736 738 739 741 742 743 745 746 747 749]] [50 [750 752 753 757 759 760 761 763]] [51 [765 769 771 774 775 776 777]] [52 [781 782 783 785 788 789 790 791 793]] [53 [795 798 799 806 807 808 809]] [54 [812 814 816 822 823 824]] [55 [825 829 830 831 832 833 836 838]] [56 [841 844 846 847 850]] [57 [857 858 862 865 866 867 868 869]] [58 [870 871 874 875 877 882 883 884]] [59 [885 886 888 893 895 897 898]] [60 [901 904 906 908 909 910 912 913]] [61 [915 917 919 921 922 923 925 927 928 929]] [62 [931 933 934 936 937 942 943 944]] [63 [945 949 951 952 953 954 956 957]] [64 [960 961 963 964 966 968 971 972 973 974]] [65 [975 977 978 979 980 981 983 984 987 988]] [66 [990 992 994 995 997 998 999 1000 1001]] [67 [1007 1009 1011 1012 1013 1014 1015 1016]] [68 [1020 1021 1022 1023 1024 1030 1031 1032]] [69 [1035 1040 1042 1043 1044 1045 1046]] [70 [1050 1052 1055 1056 1059 1060 1063 1064]] [71 [1065 1066 1070 1072 1073 1074 1076 1078]] [72 [1081 1083 1084 1085 1087 1089 1092 1094]] [73 [1096 1097 1098 1099 1102 1103 1104 1105 1107 1109]] [74 [1110 1115 1116 1118 1119 1121 1122]] [75 [1125 1127 1128 1131 1134 1135 1137]] [76 [1140 1141 1144 1148 1150 1151 1152 1153 1154]] [77 [1155 1156 1157 1158 1159 1160 1162 1163 1165 1167]] [78 [1171 1172 1174 1175 1179 1181 1182]] [79 [1185 1187 1188 1190 1191 1192 1195 1196 1198 1199]] [80 [1200 1201 1202 1207 1209 1211 1212 1213]] [81 [1216 1218 1223 1224 1225 1228 1229]] [82 [1231 1232 1236 1239 1241 1242 1243]] [83 [1246 1248 1251 1252 1253 1254 1255]] [84 [1260 1262 1263 1264 1265 1266 1267 1268 1269 1270 1272 1273 1274]] [85 [1277 1278 1280 1282 1285 1286 1287 1288]] [86 [1290 1291 1294 1297 1299 1304]] [87 [1306 1307 1311 1312 1315 1318]] [88 [1322 1323 1324 1327 1328 1329 1330 1331 1332 1333]] [89 [1335 1336 1339 1340 1341 1342 1343 1347 1348 1349]] [90 [1350 1352 1353 1355 1358 1360 1364]] [91 [1365 1366 1369 1370 1372 1373 1379]] [92 [1380 1381 1383 1386 1387 1391 1392 1393 1394]] [93 [1395 1398 1399 1400 1401 1402 1403 1404 1409]] [94 [1412 1413 1415 1420 1421 1423]] [95 [1425 1428 1430 1432 1434 1438]] [96 [1440 1444 1446 1448 1450 1451 1452 1454]] [97 [1456 1457 1459 1460 1462 1465 1467 1468]] [98 [1471 1472 1475 1477 1478 1479 1481]] [99 [1489 1490 1491 1493 1494 1496 1497]]]",,"[[{media 51} [[""A"" [4 4]]]] [{media 52} [[""A"" [0 0]]]] [{media 53} [[""A"" [1 1]]]] [{media 58} [[""A"" [1 1]]]] [{media 60} [[""A"" [2 2]]]] [{media 61} [[""A"" [3 3]]]] [{media 62} [[""A"" [1 1]]]] [{media 64} [[""A"" [1 1]]]] [{citizen 0} [[""A"" [5 3]]]] [{citizen 18} [[""A"" [3 4]]]] [{citizen 37} [[""A"" [5 4]]]] [{media 56} [[""A"" [1 1]]]] [{citizen 8} [[""A"" [2 1]]]] [{citizen 12} [[""A"" [3 4]]]] [{media 50} [[""A"" [3 3]]]] [{citizen 5} [[""A"" [5 3]]]] [{citizen 3} [[""A"" [3 1]]]] [{media 63} [[""A"" [5 5]]]] [{citizen 21} [[""A"" [5 4]]]] [{citizen 24} [[""A"" [3 4]]]] [{media 57} [[""A"" [5 5]]]] [{media 59} [[""A"" [0 0]]]] [{media 55} [[""A"" [3 3]]]] [{citizen 15} [[""A"" [1 1]]]] [{media 54} [[""A"" [4 4]]]] [{citizen 7} [[""A"" [5 5]]]] [{citizen 19} [[""A"" [0 5]]]] [{citizen 1} [[""A"" [4 4]]]] [{citizen 32} [[""A"" [5 3]]]] [{citizen 48} [[""A"" [5 4]]]] [{citizen 9} [[""A"" [3 1]]]] [{citizen 39} [[""A"" [5 3]]]] [{citizen 20} [[""A"" [3 4]]]] [{citizen 25} [[""A"" [5 3]]]] [{citizen 35} [[""A"" [1 1]]]] [{citizen 14} [[""A"" [4 4]]]] [{citizen 11} [[""A"" [4 4]]]] [{citizen 34} [[""A"" [3 2]]]] [{citizen 23} [[""A"" [3 4]]]] [{citizen 38} [[""A"" [1 1]]]] [{citizen 26} [[""A"" [5 4]]]] [{citizen 4} [[""A"" [3 1]]]] [{citizen 13} [[""A"" [5 4]]]] [{citizen 22} [[""A"" [3 3]]]] [{citizen 42} [[""A"" [0 2]]]] [{citizen 41} [[""A"" [3 1]]]] [{citizen 10} [[""A"" [5 4]]]] [{citizen 31} [[""A"" [1 1]]]] [{citizen 6} [[""A"" [3 4]]]] [{citizen 43} [[""A"" [5 3]]]] [{citizen 46} [[""A"" [3 1]]]] [{citizen 16} [[""A"" [5 5]]]] [{citizen 30} [[""A"" [1 1]]]] [{citizen 2} [[""A"" [5 4]]]] [{citizen 27} [[""A"" [5 3]]]] [{citizen 45} [[""A"" [5 3]]]] [{citizen 17} [[""A"" [3 2]]]] [{citizen 33} [[""A"" [3 1]]]] [{citizen 40} [[""A"" [5 3]]]] [{citizen 29} [[""A"" [3 1]]]] [{citizen 44} [[""A"" [3 5]]]] [{citizen 47} [[""A"" [2 1]]]] [{citizen 28} [[""A"" [4 4]]]] [{citizen 36} [[""A"" [4 4]]]]]"
"50","[128 0 127]","52","16.19130580067364","0.7607150074767546","""box""","""""","9.9","{breed medias}","false","1","1","""up""","0","[[""ID"" 50] [""alpha"" 1] [""beta"" 1] [""malleable"" [""A""]] [""prior"" []] [""cont_tokens"" []] [""A"" 3]]","[]","[]","[[4 [[""A"" 3]]] [25 [[""A"" 3]]] [43 [[""A"" 3]]] [46 [[""A"" 3]]] [62 [[""A"" 3]]] [85 [[""A"" 3]]] [94 [[""A"" 3]]] [115 [[""A"" 3]]] [124 [[""A"" 3]]] [143 [[""A"" 3]]] [159 [[""A"" 3]]] [175 [[""A"" 3]]] [184 [[""A"" 3]]] [207 [[""A"" 3]]] [213 [[""A"" 3]]] [236 [[""A"" 3]]] [240 [[""A"" 3]]] [260 [[""A"" 3]]] [278 [[""A"" 3]]] [297 [[""A"" 3]]] [301 [[""A"" 3]]] [328 [[""A"" 3]]] [331 [[""A"" 3]]] [346 [[""A"" 3]]] [364 [[""A"" 3]]] [387 [[""A"" 3]]] [402 [[""A"" 3]]] [416 [[""A"" 3]]] [425 [[""A"" 3]]] [440 [[""A"" 3]]] [453 [[""A"" 3]]] [477 [[""A"" 3]]] [484 [[""A"" 3]]] [501 [[""A"" 3]]] [513 [[""A"" 3]]] [531 [[""A"" 3]]] [546 [[""A"" 3]]] [558 [[""A"" 3]]] [577 [[""A"" 3]]] [588 [[""A"" 3]]] [608 [[""A"" 3]]] [622 [[""A"" 3]]] [630 [[""A"" 3]]] [659 [[""A"" 3]]] [673 [[""A"" 3]]] [685 [[""A"" 3]]] [698 [[""A"" 3]]] [705 [[""A"" 3]]] [720 [[""A"" 3]]] [746 [[""A"" 3]]] [764 [[""A"" 3]]] [767 [[""A"" 3]]] [790 [[""A"" 3]]] [795 [[""A"" 3]]] [824 [[""A"" 3]]] [832 [[""A"" 3]]] [852 [[""A"" 3]]] [869 [[""A"" 3]]] [879 [[""A"" 3]]] [885 [[""A"" 3]]] [911 [[""A"" 3]]] [919 [[""A"" 3]]] [938 [[""A"" 3]]] [959 [[""A"" 3]]] [964 [[""A"" 3]]] [988 [[""A"" 3]]] [996 [[""A"" 3]]] [1006 [[""A"" 3]]] [1030 [[""A"" 3]]] [1041 [[""A"" 3]]] [1062 [[""A"" 3]]] [1069 [[""A"" 3]]] [1080 [[""A"" 3]]] [1107 [[""A"" 3]]] [1111 [[""A"" 3]]] [1130 [[""A"" 3]]] [1153 [[""A"" 3]]] [1158 [[""A"" 3]]] [1182 [[""A"" 3]]] [1193 [[""A"" 3]]] [1214 [[""A"" 3]]] [1215 [[""A"" 3]]] [1236 [[""A"" 3]]] [1258 [[""A"" 3]]] [1267 [[""A"" 3]]] [1279 [[""A"" 3]]] [1292 [[""A"" 3]]] [1316 [[""A"" 3]]] [1324 [[""A"" 3]]] [1347 [[""A"" 3]]] [1362 [[""A"" 3]]] [1371 [[""A"" 3]]] [1391 [[""A"" 3]]] [1401 [[""A"" 3]]] [1415 [[""A"" 3]]] [1439 [[""A"" 3]]] [1450 [[""A"" 3]]] [1469 [[""A"" 3]]] [1477 [[""A"" 3]]] [1491 [[""A"" 3]]]]",
"51","[85 0 170]","254","-7.233218386989606","-1.1086907948121603","""box""","""""","9.9","{breed medias}","false","1","1","""up""","0","[[""ID"" 57] [""alpha"" 1] [""beta"" 1] [""malleable"" [""A""]] [""prior"" []] [""cont_tokens"" []] [""A"" 4]]","[]","[]","[[13 [[""A"" 4]]] [17 [[""A"" 4]]] [41 [[""A"" 4]]] [51 [[""A"" 4]]] [72 [[""A"" 4]]] [86 [[""A"" 4]]] [95 [[""A"" 4]]] [117 [[""A"" 4]]] [133 [[""A"" 4]]] [139 [[""A"" 4]]] [152 [[""A"" 4]]] [168 [[""A"" 4]]] [192 [[""A"" 4]]] [195 [[""A"" 4]]] [223 [[""A"" 4]]] [234 [[""A"" 4]]] [247 [[""A"" 4]]] [265 [[""A"" 4]]] [277 [[""A"" 4]]] [298 [[""A"" 4]]] [303 [[""A"" 4]]] [323 [[""A"" 4]]] [330 [[""A"" 4]]] [356 [[""A"" 4]]] [363 [[""A"" 4]]] [382 [[""A"" 4]]] [391 [[""A"" 4]]] [409 [[""A"" 4]]] [432 [[""A"" 4]]] [442 [[""A"" 4]]] [455 [[""A"" 4]]] [469 [[""A"" 4]]] [482 [[""A"" 4]]] [507 [[""A"" 4]]] [524 [[""A"" 4]]] [525 [[""A"" 4]]] [545 [[""A"" 4]]] [555 [[""A"" 4]]] [573 [[""A"" 4]]] [599 [[""A"" 4]]] [613 [[""A"" 4]]] [626 [[""A"" 4]]] [632 [[""A"" 4]]] [657 [[""A"" 4]]] [665 [[""A"" 4]]] [679 [[""A"" 4]]] [691 [[""A"" 4]]] [711 [[""A"" 4]]] [733 [[""A"" 4]]] [737 [[""A"" 4]]] [756 [[""A"" 4]]] [772 [[""A"" 4]]] [786 [[""A"" 4]]] [806 [[""A"" 4]]] [814 [[""A"" 4]]] [826 [[""A"" 4]]] [841 [[""A"" 4]]] [868 [[""A"" 4]]] [874 [[""A"" 4]]] [899 [[""A"" 4]]] [907 [[""A"" 4]]] [922 [[""A"" 4]]] [935 [[""A"" 4]]] [947 [[""A"" 4]]] [966 [[""A"" 4]]] [981 [[""A"" 4]]] [1004 [[""A"" 4]]] [1008 [[""A"" 4]]] [1027 [[""A"" 4]]] [1038 [[""A"" 4]]] [1053 [[""A"" 4]]] [1079 [[""A"" 4]]] [1088 [[""A"" 4]]] [1100 [[""A"" 4]]] [1114 [[""A"" 4]]] [1136 [[""A"" 4]]] [1149 [[""A"" 4]]] [1166 [[""A"" 4]]] [1175 [[""A"" 4]]] [1194 [[""A"" 4]]] [1204 [[""A"" 4]]] [1226 [[""A"" 4]]] [1244 [[""A"" 4]]] [1247 [[""A"" 4]]] [1265 [[""A"" 4]]] [1284 [[""A"" 4]]] [1295 [[""A"" 4]]] [1311 [[""A"" 4]]] [1323 [[""A"" 4]]] [1338 [[""A"" 4]]] [1354 [[""A"" 4]]] [1374 [[""A"" 4]]] [1385 [[""A"" 4]]] [1406 [[""A"" 4]]] [1423 [[""A"" 4]]] [1430 [[""A"" 4]]] [1448 [[""A"" 4]]] [1461 [[""A"" 4]]] [1479 [[""A"" 4]]] [1498 [[""A"" 4]]]]",
"52","[255 0 0]","64","-4.214792609829967","9.656439450900972","""box""","""""","9.9","{breed medias}","false","1","1","""up""","0","[[""ID"" 51] [""alpha"" 1] [""beta"" 1] [""malleable"" [""A""]] [""prior"" []] [""cont_tokens"" []] [""A"" 0]]","[]","[]","[[5 [[""A"" 0]]] [28 [[""A"" 0]]] [37 [[""A"" 0]]] [59 [[""A"" 0]]] [74 [[""A"" 0]]] [81 [[""A"" 0]]] [98 [[""A"" 0]]] [114 [[""A"" 0]]] [131 [[""A"" 0]]] [147 [[""A"" 0]]] [161 [[""A"" 0]]] [173 [[""A"" 0]]] [190 [[""A"" 0]]] [202 [[""A"" 0]]] [220 [[""A"" 0]]] [233 [[""A"" 0]]] [241 [[""A"" 0]]] [255 [[""A"" 0]]] [272 [[""A"" 0]]] [299 [[""A"" 0]]] [307 [[""A"" 0]]] [326 [[""A"" 0]]] [336 [[""A"" 0]]] [359 [[""A"" 0]]] [360 [[""A"" 0]]] [376 [[""A"" 0]]] [397 [[""A"" 0]]] [414 [[""A"" 0]]] [424 [[""A"" 0]]] [449 [[""A"" 0]]] [454 [[""A"" 0]]] [475 [[""A"" 0]]] [493 [[""A"" 0]]] [504 [[""A"" 0]]] [512 [[""A"" 0]]] [533 [[""A"" 0]]] [550 [[""A"" 0]]] [567 [[""A"" 0]]] [578 [[""A"" 0]]] [589 [[""A"" 0]]] [604 [[""A"" 0]]] [623 [[""A"" 0]]] [635 [[""A"" 0]]] [652 [[""A"" 0]]] [661 [[""A"" 0]]] [678 [[""A"" 0]]] [697 [[""A"" 0]]] [706 [[""A"" 0]]] [721 [[""A"" 0]]] [742 [[""A"" 0]]] [760 [[""A"" 0]]] [776 [[""A"" 0]]] [781 [[""A"" 0]]] [803 [[""A"" 0]]] [819 [[""A"" 0]]] [835 [[""A"" 0]]] [853 [[""A"" 0]]] [863 [[""A"" 0]]] [878 [[""A"" 0]]] [891 [[""A"" 0]]] [913 [[""A"" 0]]] [920 [[""A"" 0]]] [931 [[""A"" 0]]] [949 [[""A"" 0]]] [960 [[""A"" 0]]] [982 [[""A"" 0]]] [1001 [[""A"" 0]]] [1009 [[""A"" 0]]] [1020 [[""A"" 0]]] [1040 [[""A"" 0]]] [1063 [[""A"" 0]]] [1070 [[""A"" 0]]] [1086 [[""A"" 0]]] [1106 [[""A"" 0]]] [1124 [[""A"" 0]]] [1131 [[""A"" 0]]] [1147 [[""A"" 0]]] [1165 [[""A"" 0]]] [1173 [[""A"" 0]]] [1195 [[""A"" 0]]] [1213 [[""A"" 0]]] [1218 [[""A"" 0]]] [1241 [[""A"" 0]]] [1255 [[""A"" 0]]] [1273 [[""A"" 0]]] [1280 [[""A"" 0]]] [1302 [[""A"" 0]]] [1309 [[""A"" 0]]] [1333 [[""A"" 0]]] [1339 [[""A"" 0]]] [1360 [[""A"" 0]]] [1370 [[""A"" 0]]] [1393 [[""A"" 0]]] [1409 [[""A"" 0]]] [1424 [[""A"" 0]]] [1435 [[""A"" 0]]] [1453 [[""A"" 0]]] [1462 [[""A"" 0]]] [1474 [[""A"" 0]]] [1487 [[""A"" 0]]]]",
"53","[213 0 42]","282","13.190242098589074","-12.369738953510822","""box""","""""","9.9","{breed medias}","false","1","1","""up""","0","[[""ID"" 58] [""alpha"" 1] [""beta"" 1] [""malleable"" [""A""]] [""prior"" []] [""cont_tokens"" []] [""A"" 1]]","[]","[]","[[3 [[""A"" 1]]] [26 [[""A"" 1]]] [30 [[""A"" 1]]] [57 [[""A"" 1]]] [66 [[""A"" 1]]] [87 [[""A"" 1]]] [103 [[""A"" 1]]] [118 [[""A"" 1]]] [123 [[""A"" 1]]] [138 [[""A"" 1]]] [153 [[""A"" 1]]] [170 [[""A"" 1]]] [189 [[""A"" 1]]] [197 [[""A"" 1]]] [211 [[""A"" 1]]] [225 [[""A"" 1]]] [245 [[""A"" 1]]] [259 [[""A"" 1]]] [274 [[""A"" 1]]] [296 [[""A"" 1]]] [311 [[""A"" 1]]] [321 [[""A"" 1]]] [337 [[""A"" 1]]] [358 [[""A"" 1]]] [373 [[""A"" 1]]] [383 [[""A"" 1]]] [399 [[""A"" 1]]] [417 [[""A"" 1]]] [423 [[""A"" 1]]] [437 [[""A"" 1]]] [459 [[""A"" 1]]] [472 [[""A"" 1]]] [491 [[""A"" 1]]] [499 [[""A"" 1]]] [522 [[""A"" 1]]] [537 [[""A"" 1]]] [541 [[""A"" 1]]] [556 [[""A"" 1]]] [576 [[""A"" 1]]] [586 [[""A"" 1]]] [600 [[""A"" 1]]] [628 [[""A"" 1]]] [637 [[""A"" 1]]] [651 [[""A"" 1]]] [671 [[""A"" 1]]] [681 [[""A"" 1]]] [690 [[""A"" 1]]] [717 [[""A"" 1]]] [722 [[""A"" 1]]] [743 [[""A"" 1]]] [759 [[""A"" 1]]] [765 [[""A"" 1]]] [782 [[""A"" 1]]] [802 [[""A"" 1]]] [817 [[""A"" 1]]] [825 [[""A"" 1]]] [854 [[""A"" 1]]] [859 [[""A"" 1]]] [882 [[""A"" 1]]] [889 [[""A"" 1]]] [906 [[""A"" 1]]] [926 [[""A"" 1]]] [936 [[""A"" 1]]] [951 [[""A"" 1]]] [969 [[""A"" 1]]] [989 [[""A"" 1]]] [999 [[""A"" 1]]] [1011 [[""A"" 1]]] [1021 [[""A"" 1]]] [1035 [[""A"" 1]]] [1059 [[""A"" 1]]] [1065 [[""A"" 1]]] [1087 [[""A"" 1]]] [1098 [[""A"" 1]]] [1118 [[""A"" 1]]] [1125 [[""A"" 1]]] [1151 [[""A"" 1]]] [1157 [[""A"" 1]]] [1184 [[""A"" 1]]] [1186 [[""A"" 1]]] [1201 [[""A"" 1]]] [1216 [[""A"" 1]]] [1238 [[""A"" 1]]] [1251 [[""A"" 1]]] [1260 [[""A"" 1]]] [1278 [[""A"" 1]]] [1294 [[""A"" 1]]] [1310 [[""A"" 1]]] [1332 [[""A"" 1]]] [1342 [[""A"" 1]]] [1358 [[""A"" 1]]] [1367 [[""A"" 1]]] [1383 [[""A"" 1]]] [1398 [[""A"" 1]]] [1412 [[""A"" 1]]] [1436 [[""A"" 1]]] [1445 [[""A"" 1]]] [1467 [[""A"" 1]]] [1482 [[""A"" 1]]] [1494 [[""A"" 1]]]]",
"54","[85 0 170]","28","-3.325415930718032","11.860869525242961","""box""","""""","9.9","{breed medias}","false","1","1","""up""","0","[[""ID"" 55] [""alpha"" 1] [""beta"" 1] [""malleable"" [""A""]] [""prior"" []] [""cont_tokens"" []] [""A"" 4]]","[]","[]","[[14 [[""A"" 4]]] [29 [[""A"" 4]]] [40 [[""A"" 4]]] [52 [[""A"" 4]]] [67 [[""A"" 4]]] [82 [[""A"" 4]]] [90 [[""A"" 4]]] [109 [[""A"" 4]]] [122 [[""A"" 4]]] [140 [[""A"" 4]]] [154 [[""A"" 4]]] [177 [[""A"" 4]]] [193 [[""A"" 4]]] [205 [[""A"" 4]]] [210 [[""A"" 4]]] [228 [[""A"" 4]]] [251 [[""A"" 4]]] [262 [[""A"" 4]]] [276 [[""A"" 4]]] [290 [[""A"" 4]]] [309 [[""A"" 4]]] [319 [[""A"" 4]]] [339 [[""A"" 4]]] [350 [[""A"" 4]]] [362 [[""A"" 4]]] [381 [[""A"" 4]]] [393 [[""A"" 4]]] [415 [[""A"" 4]]] [426 [[""A"" 4]]] [441 [[""A"" 4]]] [461 [[""A"" 4]]] [470 [[""A"" 4]]] [483 [[""A"" 4]]] [509 [[""A"" 4]]] [521 [[""A"" 4]]] [536 [[""A"" 4]]] [547 [[""A"" 4]]] [563 [[""A"" 4]]] [572 [[""A"" 4]]] [595 [[""A"" 4]]] [607 [[""A"" 4]]] [624 [[""A"" 4]]] [634 [[""A"" 4]]] [658 [[""A"" 4]]] [674 [[""A"" 4]]] [684 [[""A"" 4]]] [692 [[""A"" 4]]] [709 [[""A"" 4]]] [730 [[""A"" 4]]] [748 [[""A"" 4]]] [754 [[""A"" 4]]] [773 [[""A"" 4]]] [780 [[""A"" 4]]] [809 [[""A"" 4]]] [822 [[""A"" 4]]] [827 [[""A"" 4]]] [846 [[""A"" 4]]] [857 [[""A"" 4]]] [880 [[""A"" 4]]] [894 [[""A"" 4]]] [914 [[""A"" 4]]] [923 [[""A"" 4]]] [932 [[""A"" 4]]] [950 [[""A"" 4]]] [971 [[""A"" 4]]] [987 [[""A"" 4]]] [991 [[""A"" 4]]] [1005 [[""A"" 4]]] [1033 [[""A"" 4]]] [1039 [[""A"" 4]]] [1050 [[""A"" 4]]] [1075 [[""A"" 4]]] [1091 [[""A"" 4]]] [1104 [[""A"" 4]]] [1117 [[""A"" 4]]] [1133 [[""A"" 4]]] [1145 [[""A"" 4]]] [1169 [[""A"" 4]]] [1174 [[""A"" 4]]] [1197 [[""A"" 4]]] [1208 [[""A"" 4]]] [1219 [[""A"" 4]]] [1234 [[""A"" 4]]] [1259 [[""A"" 4]]] [1266 [[""A"" 4]]] [1283 [[""A"" 4]]] [1293 [[""A"" 4]]] [1307 [[""A"" 4]]] [1322 [[""A"" 4]]] [1344 [[""A"" 4]]] [1356 [[""A"" 4]]] [1375 [[""A"" 4]]] [1388 [[""A"" 4]]] [1407 [[""A"" 4]]] [1410 [[""A"" 4]]] [1425 [[""A"" 4]]] [1444 [[""A"" 4]]] [1463 [[""A"" 4]]] [1472 [[""A"" 4]]] [1499 [[""A"" 4]]]]",
"55","[128 0 127]","186","8.998314618868871","-16.01525395013562","""box""","""""","9.9","{breed medias}","false","1","1","""up""","0","[[""ID"" 59] [""alpha"" 1] [""beta"" 1] [""malleable"" [""A""]] [""prior"" []] [""cont_tokens"" []] [""A"" 3]]","[]","[]","[[11 [[""A"" 3]]] [23 [[""A"" 3]]] [32 [[""A"" 3]]] [58 [[""A"" 3]]] [65 [[""A"" 3]]] [75 [[""A"" 3]]] [97 [[""A"" 3]]] [113 [[""A"" 3]]] [126 [[""A"" 3]]] [149 [[""A"" 3]]] [155 [[""A"" 3]]] [179 [[""A"" 3]]] [182 [[""A"" 3]]] [208 [[""A"" 3]]] [221 [[""A"" 3]]] [235 [[""A"" 3]]] [254 [[""A"" 3]]] [258 [[""A"" 3]]] [273 [[""A"" 3]]] [292 [[""A"" 3]]] [312 [[""A"" 3]]] [317 [[""A"" 3]]] [338 [[""A"" 3]]] [353 [[""A"" 3]]] [361 [[""A"" 3]]] [389 [[""A"" 3]]] [398 [[""A"" 3]]] [405 [[""A"" 3]]] [430 [[""A"" 3]]] [435 [[""A"" 3]]] [451 [[""A"" 3]]] [471 [[""A"" 3]]] [481 [[""A"" 3]]] [502 [[""A"" 3]]] [518 [[""A"" 3]]] [538 [[""A"" 3]]] [548 [[""A"" 3]]] [562 [[""A"" 3]]] [584 [[""A"" 3]]] [591 [[""A"" 3]]] [614 [[""A"" 3]]] [618 [[""A"" 3]]] [641 [[""A"" 3]]] [649 [[""A"" 3]]] [670 [[""A"" 3]]] [689 [[""A"" 3]]] [702 [[""A"" 3]]] [710 [[""A"" 3]]] [724 [[""A"" 3]]] [749 [[""A"" 3]]] [750 [[""A"" 3]]] [770 [[""A"" 3]]] [793 [[""A"" 3]]] [804 [[""A"" 3]]] [812 [[""A"" 3]]] [836 [[""A"" 3]]] [844 [[""A"" 3]]] [865 [[""A"" 3]]] [871 [[""A"" 3]]] [888 [[""A"" 3]]] [903 [[""A"" 3]]] [925 [[""A"" 3]]] [939 [[""A"" 3]]] [955 [[""A"" 3]]] [973 [[""A"" 3]]] [976 [[""A"" 3]]] [998 [[""A"" 3]]] [1010 [[""A"" 3]]] [1026 [[""A"" 3]]] [1046 [[""A"" 3]]] [1057 [[""A"" 3]]] [1067 [[""A"" 3]]] [1094 [[""A"" 3]]] [1103 [[""A"" 3]]] [1113 [[""A"" 3]]] [1138 [[""A"" 3]]] [1154 [[""A"" 3]]] [1161 [[""A"" 3]]] [1172 [[""A"" 3]]] [1188 [[""A"" 3]]] [1205 [[""A"" 3]]] [1221 [[""A"" 3]]] [1235 [[""A"" 3]]] [1250 [[""A"" 3]]] [1264 [[""A"" 3]]] [1289 [[""A"" 3]]] [1299 [[""A"" 3]]] [1318 [[""A"" 3]]] [1328 [[""A"" 3]]] [1349 [[""A"" 3]]] [1350 [[""A"" 3]]] [1379 [[""A"" 3]]] [1381 [[""A"" 3]]] [1408 [[""A"" 3]]] [1414 [[""A"" 3]]] [1428 [[""A"" 3]]] [1443 [[""A"" 3]]] [1457 [[""A"" 3]]] [1475 [[""A"" 3]]] [1489 [[""A"" 3]]]]",
"56","[213 0 42]","56","14.370671351951284","-3.2370972045602873","""box""","""""","9.9","{breed medias}","false","1","1","""up""","0","[[""ID"" 53] [""alpha"" 1] [""beta"" 1] [""malleable"" [""A""]] [""prior"" []] [""cont_tokens"" []] [""A"" 1]]","[]","[]","[[1 [[""A"" 1]]] [18 [[""A"" 1]]] [44 [[""A"" 1]]] [49 [[""A"" 1]]] [69 [[""A"" 1]]] [77 [[""A"" 1]]] [92 [[""A"" 1]]] [105 [[""A"" 1]]] [132 [[""A"" 1]]] [135 [[""A"" 1]]] [156 [[""A"" 1]]] [171 [[""A"" 1]]] [185 [[""A"" 1]]] [200 [[""A"" 1]]] [212 [[""A"" 1]]] [227 [[""A"" 1]]] [250 [[""A"" 1]]] [257 [[""A"" 1]]] [281 [[""A"" 1]]] [285 [[""A"" 1]]] [308 [[""A"" 1]]] [329 [[""A"" 1]]] [334 [[""A"" 1]]] [347 [[""A"" 1]]] [374 [[""A"" 1]]] [375 [[""A"" 1]]] [395 [[""A"" 1]]] [419 [[""A"" 1]]] [433 [[""A"" 1]]] [436 [[""A"" 1]]] [462 [[""A"" 1]]] [468 [[""A"" 1]]] [492 [[""A"" 1]]] [503 [[""A"" 1]]] [519 [[""A"" 1]]] [526 [[""A"" 1]]] [544 [[""A"" 1]]] [560 [[""A"" 1]]] [583 [[""A"" 1]]] [585 [[""A"" 1]]] [610 [[""A"" 1]]] [625 [[""A"" 1]]] [640 [[""A"" 1]]] [646 [[""A"" 1]]] [672 [[""A"" 1]]] [687 [[""A"" 1]]] [704 [[""A"" 1]]] [713 [[""A"" 1]]] [729 [[""A"" 1]]] [747 [[""A"" 1]]] [763 [[""A"" 1]]] [771 [[""A"" 1]]] [789 [[""A"" 1]]] [796 [[""A"" 1]]] [811 [[""A"" 1]]] [833 [[""A"" 1]]] [840 [[""A"" 1]]] [861 [[""A"" 1]]] [877 [[""A"" 1]]] [892 [[""A"" 1]]] [908 [[""A"" 1]]] [927 [[""A"" 1]]] [937 [[""A"" 1]]] [952 [[""A"" 1]]] [963 [[""A"" 1]]] [985 [[""A"" 1]]] [992 [[""A"" 1]]] [1015 [[""A"" 1]]] [1034 [[""A"" 1]]] [1042 [[""A"" 1]]] [1055 [[""A"" 1]]] [1074 [[""A"" 1]]] [1081 [[""A"" 1]]] [1102 [[""A"" 1]]] [1123 [[""A"" 1]]] [1135 [[""A"" 1]]] [1140 [[""A"" 1]]] [1167 [[""A"" 1]]] [1178 [[""A"" 1]]] [1191 [[""A"" 1]]] [1207 [[""A"" 1]]] [1229 [[""A"" 1]]] [1237 [[""A"" 1]]] [1253 [[""A"" 1]]] [1262 [[""A"" 1]]] [1277 [[""A"" 1]]] [1303 [[""A"" 1]]] [1308 [[""A"" 1]]] [1320 [[""A"" 1]]] [1336 [[""A"" 1]]] [1353 [[""A"" 1]]] [1368 [[""A"" 1]]] [1387 [[""A"" 1]]] [1403 [[""A"" 1]]] [1413 [[""A"" 1]]] [1433 [[""A"" 1]]] [1441 [[""A"" 1]]] [1458 [[""A"" 1]]] [1483 [[""A"" 1]]] [1493 [[""A"" 1]]]]",
"57","[43 0 212]","314","13.04609678204529","1.720589041211145","""box""","""""","9.9","{breed medias}","false","1","1","""up""","0","[[""ID"" 56] [""alpha"" 1] [""beta"" 1] [""malleable"" [""A""]] [""prior"" []] [""cont_tokens"" []] [""A"" 5]]","[]","[]","[[7 [[""A"" 5]]] [20 [[""A"" 5]]] [38 [[""A"" 5]]] [53 [[""A"" 5]]] [71 [[""A"" 5]]] [88 [[""A"" 5]]] [99 [[""A"" 5]]] [111 [[""A"" 5]]] [129 [[""A"" 5]]] [148 [[""A"" 5]]] [150 [[""A"" 5]]] [169 [[""A"" 5]]] [191 [[""A"" 5]]] [196 [[""A"" 5]]] [219 [[""A"" 5]]] [237 [[""A"" 5]]] [243 [[""A"" 5]]] [263 [[""A"" 5]]] [270 [[""A"" 5]]] [288 [[""A"" 5]]] [300 [[""A"" 5]]] [324 [[""A"" 5]]] [340 [[""A"" 5]]] [357 [[""A"" 5]]] [369 [[""A"" 5]]] [385 [[""A"" 5]]] [396 [[""A"" 5]]] [408 [[""A"" 5]]] [421 [[""A"" 5]]] [447 [[""A"" 5]]] [457 [[""A"" 5]]] [476 [[""A"" 5]]] [488 [[""A"" 5]]] [496 [[""A"" 5]]] [520 [[""A"" 5]]] [528 [[""A"" 5]]] [552 [[""A"" 5]]] [559 [[""A"" 5]]] [581 [[""A"" 5]]] [598 [[""A"" 5]]] [611 [[""A"" 5]]] [621 [[""A"" 5]]] [633 [[""A"" 5]]] [645 [[""A"" 5]]] [669 [[""A"" 5]]] [683 [[""A"" 5]]] [701 [[""A"" 5]]] [719 [[""A"" 5]]] [731 [[""A"" 5]]] [740 [[""A"" 5]]] [762 [[""A"" 5]]] [768 [[""A"" 5]]] [787 [[""A"" 5]]] [798 [[""A"" 5]]] [816 [[""A"" 5]]] [838 [[""A"" 5]]] [847 [[""A"" 5]]] [858 [[""A"" 5]]] [881 [[""A"" 5]]] [890 [[""A"" 5]]] [902 [[""A"" 5]]] [916 [[""A"" 5]]] [930 [[""A"" 5]]] [948 [[""A"" 5]]] [970 [[""A"" 5]]] [983 [[""A"" 5]]] [1003 [[""A"" 5]]] [1019 [[""A"" 5]]] [1028 [[""A"" 5]]] [1048 [[""A"" 5]]] [1054 [[""A"" 5]]] [1077 [[""A"" 5]]] [1082 [[""A"" 5]]] [1095 [[""A"" 5]]] [1112 [[""A"" 5]]] [1129 [[""A"" 5]]] [1146 [[""A"" 5]]] [1168 [[""A"" 5]]] [1181 [[""A"" 5]]] [1187 [[""A"" 5]]] [1206 [[""A"" 5]]] [1217 [[""A"" 5]]] [1240 [[""A"" 5]]] [1245 [[""A"" 5]]] [1261 [[""A"" 5]]] [1281 [[""A"" 5]]] [1298 [[""A"" 5]]] [1315 [[""A"" 5]]] [1334 [[""A"" 5]]] [1346 [[""A"" 5]]] [1363 [[""A"" 5]]] [1377 [[""A"" 5]]] [1384 [[""A"" 5]]] [1397 [[""A"" 5]]] [1419 [[""A"" 5]]] [1438 [[""A"" 5]]] [1440 [[""A"" 5]]] [1464 [[""A"" 5]]] [1470 [[""A"" 5]]] [1495 [[""A"" 5]]]]",
"58","[213 0 42]","344","15.022246816288732","-16.26945217043913","""box""","""""","9.9","{breed medias}","false","1","1","""up""","0","[[""ID"" 64] [""alpha"" 1] [""beta"" 1] [""malleable"" [""A""]] [""prior"" []] [""cont_tokens"" []] [""A"" 1]]","[]","[]","[[9 [[""A"" 1]]] [27 [[""A"" 1]]] [35 [[""A"" 1]]] [47 [[""A"" 1]]] [64 [[""A"" 1]]] [76 [[""A"" 1]]] [102 [[""A"" 1]]] [116 [[""A"" 1]]] [121 [[""A"" 1]]] [145 [[""A"" 1]]] [158 [[""A"" 1]]] [172 [[""A"" 1]]] [187 [[""A"" 1]]] [206 [[""A"" 1]]] [215 [[""A"" 1]]] [238 [[""A"" 1]]] [242 [[""A"" 1]]] [261 [[""A"" 1]]] [275 [[""A"" 1]]] [287 [[""A"" 1]]] [310 [[""A"" 1]]] [318 [[""A"" 1]]] [344 [[""A"" 1]]] [345 [[""A"" 1]]] [367 [[""A"" 1]]] [380 [[""A"" 1]]] [394 [[""A"" 1]]] [410 [[""A"" 1]]] [427 [[""A"" 1]]] [438 [[""A"" 1]]] [460 [[""A"" 1]]] [467 [[""A"" 1]]] [494 [[""A"" 1]]] [505 [[""A"" 1]]] [523 [[""A"" 1]]] [529 [[""A"" 1]]] [553 [[""A"" 1]]] [569 [[""A"" 1]]] [582 [[""A"" 1]]] [594 [[""A"" 1]]] [601 [[""A"" 1]]] [619 [[""A"" 1]]] [636 [[""A"" 1]]] [650 [[""A"" 1]]] [660 [[""A"" 1]]] [680 [[""A"" 1]]] [693 [[""A"" 1]]] [714 [[""A"" 1]]] [727 [[""A"" 1]]] [738 [[""A"" 1]]] [761 [[""A"" 1]]] [775 [[""A"" 1]]] [783 [[""A"" 1]]] [801 [[""A"" 1]]] [818 [[""A"" 1]]] [829 [[""A"" 1]]] [851 [[""A"" 1]]] [860 [[""A"" 1]]] [883 [[""A"" 1]]] [887 [[""A"" 1]]] [901 [[""A"" 1]]] [928 [[""A"" 1]]] [944 [[""A"" 1]]] [954 [[""A"" 1]]] [965 [[""A"" 1]]] [977 [[""A"" 1]]] [994 [[""A"" 1]]] [1013 [[""A"" 1]]] [1024 [[""A"" 1]]] [1047 [[""A"" 1]]] [1051 [[""A"" 1]]] [1072 [[""A"" 1]]] [1089 [[""A"" 1]]] [1108 [[""A"" 1]]] [1115 [[""A"" 1]]] [1127 [[""A"" 1]]] [1152 [[""A"" 1]]] [1159 [[""A"" 1]]] [1171 [[""A"" 1]]] [1196 [[""A"" 1]]] [1211 [[""A"" 1]]] [1220 [[""A"" 1]]] [1242 [[""A"" 1]]] [1246 [[""A"" 1]]] [1263 [[""A"" 1]]] [1282 [[""A"" 1]]] [1291 [[""A"" 1]]] [1313 [[""A"" 1]]] [1321 [[""A"" 1]]] [1348 [[""A"" 1]]] [1361 [[""A"" 1]]] [1372 [[""A"" 1]]] [1380 [[""A"" 1]]] [1395 [[""A"" 1]]] [1417 [[""A"" 1]]] [1437 [[""A"" 1]]] [1449 [[""A"" 1]]] [1460 [[""A"" 1]]] [1484 [[""A"" 1]]] [1488 [[""A"" 1]]]]",
"59","[255 0 0]","28","-3.050908944092088","13.660098696529733","""box""","""""","9.9","{breed medias}","false","1","1","""up""","0","[[""ID"" 62] [""alpha"" 1] [""beta"" 1] [""malleable"" [""A""]] [""prior"" []] [""cont_tokens"" []] [""A"" 0]]","[]","[]","[[8 [[""A"" 0]]] [16 [[""A"" 0]]] [34 [[""A"" 0]]] [55 [[""A"" 0]]] [60 [[""A"" 0]]] [79 [[""A"" 0]]] [93 [[""A"" 0]]] [110 [[""A"" 0]]] [125 [[""A"" 0]]] [136 [[""A"" 0]]] [160 [[""A"" 0]]] [165 [[""A"" 0]]] [186 [[""A"" 0]]] [199 [[""A"" 0]]] [214 [[""A"" 0]]] [231 [[""A"" 0]]] [246 [[""A"" 0]]] [266 [[""A"" 0]]] [271 [[""A"" 0]]] [291 [[""A"" 0]]] [314 [[""A"" 0]]] [320 [[""A"" 0]]] [343 [[""A"" 0]]] [351 [[""A"" 0]]] [372 [[""A"" 0]]] [378 [[""A"" 0]]] [403 [[""A"" 0]]] [413 [[""A"" 0]]] [422 [[""A"" 0]]] [445 [[""A"" 0]]] [463 [[""A"" 0]]] [479 [[""A"" 0]]] [487 [[""A"" 0]]] [506 [[""A"" 0]]] [515 [[""A"" 0]]] [535 [[""A"" 0]]] [551 [[""A"" 0]]] [561 [[""A"" 0]]] [574 [[""A"" 0]]] [596 [[""A"" 0]]] [612 [[""A"" 0]]] [615 [[""A"" 0]]] [644 [[""A"" 0]]] [654 [[""A"" 0]]] [662 [[""A"" 0]]] [688 [[""A"" 0]]] [696 [[""A"" 0]]] [718 [[""A"" 0]]] [734 [[""A"" 0]]] [736 [[""A"" 0]]] [758 [[""A"" 0]]] [777 [[""A"" 0]]] [792 [[""A"" 0]]] [800 [[""A"" 0]]] [815 [[""A"" 0]]] [834 [[""A"" 0]]] [843 [[""A"" 0]]] [856 [[""A"" 0]]] [872 [[""A"" 0]]] [898 [[""A"" 0]]] [910 [[""A"" 0]]] [924 [[""A"" 0]]] [933 [[""A"" 0]]] [957 [[""A"" 0]]] [961 [[""A"" 0]]] [975 [[""A"" 0]]] [1000 [[""A"" 0]]] [1016 [[""A"" 0]]] [1032 [[""A"" 0]]] [1043 [[""A"" 0]]] [1060 [[""A"" 0]]] [1066 [[""A"" 0]]] [1093 [[""A"" 0]]] [1097 [[""A"" 0]]] [1116 [[""A"" 0]]] [1137 [[""A"" 0]]] [1141 [[""A"" 0]]] [1156 [[""A"" 0]]] [1183 [[""A"" 0]]] [1189 [[""A"" 0]]] [1202 [[""A"" 0]]] [1228 [[""A"" 0]]] [1231 [[""A"" 0]]] [1248 [[""A"" 0]]] [1274 [[""A"" 0]]] [1285 [[""A"" 0]]] [1300 [[""A"" 0]]] [1317 [[""A"" 0]]] [1330 [[""A"" 0]]] [1340 [[""A"" 0]]] [1355 [[""A"" 0]]] [1376 [[""A"" 0]]] [1382 [[""A"" 0]]] [1399 [[""A"" 0]]] [1418 [[""A"" 0]]] [1429 [[""A"" 0]]] [1447 [[""A"" 0]]] [1455 [[""A"" 0]]] [1480 [[""A"" 0]]] [1485 [[""A"" 0]]]]",
"60","[170 0 85]","327","-5.296409511545162","5.391627473146897","""box""","""""","9.9","{breed medias}","false","1","1","""up""","0","[[""ID"" 52] [""alpha"" 1] [""beta"" 1] [""malleable"" [""A""]] [""prior"" []] [""cont_tokens"" []] [""A"" 2]]","[]","[]","[[0 [[""A"" 2]]] [19 [[""A"" 2]]] [36 [[""A"" 2]]] [48 [[""A"" 2]]] [61 [[""A"" 2]]] [83 [[""A"" 2]]] [104 [[""A"" 2]]] [119 [[""A"" 2]]] [127 [[""A"" 2]]] [146 [[""A"" 2]]] [164 [[""A"" 2]]] [167 [[""A"" 2]]] [183 [[""A"" 2]]] [198 [[""A"" 2]]] [218 [[""A"" 2]]] [232 [[""A"" 2]]] [253 [[""A"" 2]]] [269 [[""A"" 2]]] [282 [[""A"" 2]]] [295 [[""A"" 2]]] [305 [[""A"" 2]]] [322 [[""A"" 2]]] [342 [[""A"" 2]]] [352 [[""A"" 2]]] [371 [[""A"" 2]]] [377 [[""A"" 2]]] [404 [[""A"" 2]]] [418 [[""A"" 2]]] [434 [[""A"" 2]]] [448 [[""A"" 2]]] [464 [[""A"" 2]]] [478 [[""A"" 2]]] [480 [[""A"" 2]]] [498 [[""A"" 2]]] [511 [[""A"" 2]]] [539 [[""A"" 2]]] [540 [[""A"" 2]]] [568 [[""A"" 2]]] [575 [[""A"" 2]]] [587 [[""A"" 2]]] [603 [[""A"" 2]]] [627 [[""A"" 2]]] [638 [[""A"" 2]]] [656 [[""A"" 2]]] [668 [[""A"" 2]]] [677 [[""A"" 2]]] [694 [[""A"" 2]]] [707 [[""A"" 2]]] [725 [[""A"" 2]]] [745 [[""A"" 2]]] [753 [[""A"" 2]]] [778 [[""A"" 2]]] [788 [[""A"" 2]]] [807 [[""A"" 2]]] [821 [[""A"" 2]]] [830 [[""A"" 2]]] [842 [[""A"" 2]]] [866 [[""A"" 2]]] [875 [[""A"" 2]]] [895 [[""A"" 2]]] [909 [[""A"" 2]]] [917 [[""A"" 2]]] [943 [[""A"" 2]]] [956 [[""A"" 2]]] [972 [[""A"" 2]]] [986 [[""A"" 2]]] [990 [[""A"" 2]]] [1012 [[""A"" 2]]] [1031 [[""A"" 2]]] [1045 [[""A"" 2]]] [1052 [[""A"" 2]]] [1073 [[""A"" 2]]] [1085 [[""A"" 2]]] [1099 [[""A"" 2]]] [1121 [[""A"" 2]]] [1132 [[""A"" 2]]] [1144 [[""A"" 2]]] [1155 [[""A"" 2]]] [1177 [[""A"" 2]]] [1198 [[""A"" 2]]] [1200 [[""A"" 2]]] [1223 [[""A"" 2]]] [1243 [[""A"" 2]]] [1256 [[""A"" 2]]] [1268 [[""A"" 2]]] [1287 [[""A"" 2]]] [1297 [[""A"" 2]]] [1305 [[""A"" 2]]] [1329 [[""A"" 2]]] [1341 [[""A"" 2]]] [1359 [[""A"" 2]]] [1373 [[""A"" 2]]] [1392 [[""A"" 2]]] [1400 [[""A"" 2]]] [1420 [[""A"" 2]]] [1427 [[""A"" 2]]] [1452 [[""A"" 2]]] [1459 [[""A"" 2]]] [1478 [[""A"" 2]]] [1490 [[""A"" 2]]]]",
"61","[128 0 127]","355","10.116101305892382","4.415690365227249","""box""","""""","9.9","{breed medias}","false","1","1","""up""","0","[[""ID"" 54] [""alpha"" 1] [""beta"" 1] [""malleable"" [""A""]] [""prior"" []] [""cont_tokens"" []] [""A"" 3]]","[]","[]","[[2 [[""A"" 3]]] [22 [[""A"" 3]]] [42 [[""A"" 3]]] [54 [[""A"" 3]]] [63 [[""A"" 3]]] [80 [[""A"" 3]]] [100 [[""A"" 3]]] [108 [[""A"" 3]]] [130 [[""A"" 3]]] [142 [[""A"" 3]]] [151 [[""A"" 3]]] [174 [[""A"" 3]]] [181 [[""A"" 3]]] [204 [[""A"" 3]]] [217 [[""A"" 3]]] [226 [[""A"" 3]]] [244 [[""A"" 3]]] [267 [[""A"" 3]]] [283 [[""A"" 3]]] [289 [[""A"" 3]]] [306 [[""A"" 3]]] [316 [[""A"" 3]]] [335 [[""A"" 3]]] [355 [[""A"" 3]]] [365 [[""A"" 3]]] [384 [[""A"" 3]]] [400 [[""A"" 3]]] [412 [[""A"" 3]]] [429 [[""A"" 3]]] [444 [[""A"" 3]]] [450 [[""A"" 3]]] [474 [[""A"" 3]]] [489 [[""A"" 3]]] [495 [[""A"" 3]]] [510 [[""A"" 3]]] [527 [[""A"" 3]]] [542 [[""A"" 3]]] [566 [[""A"" 3]]] [570 [[""A"" 3]]] [593 [[""A"" 3]]] [602 [[""A"" 3]]] [620 [[""A"" 3]]] [642 [[""A"" 3]]] [655 [[""A"" 3]]] [663 [[""A"" 3]]] [675 [[""A"" 3]]] [703 [[""A"" 3]]] [716 [[""A"" 3]]] [723 [[""A"" 3]]] [735 [[""A"" 3]]] [757 [[""A"" 3]]] [779 [[""A"" 3]]] [791 [[""A"" 3]]] [808 [[""A"" 3]]] [823 [[""A"" 3]]] [831 [[""A"" 3]]] [849 [[""A"" 3]]] [867 [[""A"" 3]]] [870 [[""A"" 3]]] [886 [[""A"" 3]]] [905 [[""A"" 3]]] [921 [[""A"" 3]]] [940 [[""A"" 3]]] [946 [[""A"" 3]]] [968 [[""A"" 3]]] [980 [[""A"" 3]]] [993 [[""A"" 3]]] [1017 [[""A"" 3]]] [1029 [[""A"" 3]]] [1036 [[""A"" 3]]] [1061 [[""A"" 3]]] [1068 [[""A"" 3]]] [1092 [[""A"" 3]]] [1105 [[""A"" 3]]] [1122 [[""A"" 3]]] [1126 [[""A"" 3]]] [1142 [[""A"" 3]]] [1162 [[""A"" 3]]] [1179 [[""A"" 3]]] [1190 [[""A"" 3]]] [1210 [[""A"" 3]]] [1222 [[""A"" 3]]] [1233 [[""A"" 3]]] [1257 [[""A"" 3]]] [1269 [[""A"" 3]]] [1275 [[""A"" 3]]] [1296 [[""A"" 3]]] [1306 [[""A"" 3]]] [1327 [[""A"" 3]]] [1337 [[""A"" 3]]] [1352 [[""A"" 3]]] [1366 [[""A"" 3]]] [1389 [[""A"" 3]]] [1405 [[""A"" 3]]] [1421 [[""A"" 3]]] [1434 [[""A"" 3]]] [1454 [[""A"" 3]]] [1456 [[""A"" 3]]] [1471 [[""A"" 3]]] [1496 [[""A"" 3]]]]",
"62","[213 0 42]","323","-6.770346556205329","-6.875080595884398","""box""","""""","9.9","{breed medias}","false","1","1","""up""","0","[[""ID"" 61] [""alpha"" 1] [""beta"" 1] [""malleable"" [""A""]] [""prior"" []] [""cont_tokens"" []] [""A"" 1]]","[]","[]","[[10 [[""A"" 1]]] [15 [[""A"" 1]]] [33 [[""A"" 1]]] [45 [[""A"" 1]]] [73 [[""A"" 1]]] [84 [[""A"" 1]]] [91 [[""A"" 1]]] [107 [[""A"" 1]]] [128 [[""A"" 1]]] [137 [[""A"" 1]]] [157 [[""A"" 1]]] [178 [[""A"" 1]]] [180 [[""A"" 1]]] [209 [[""A"" 1]]] [216 [[""A"" 1]]] [239 [[""A"" 1]]] [252 [[""A"" 1]]] [256 [[""A"" 1]]] [279 [[""A"" 1]]] [286 [[""A"" 1]]] [302 [[""A"" 1]]] [315 [[""A"" 1]]] [341 [[""A"" 1]]] [349 [[""A"" 1]]] [366 [[""A"" 1]]] [388 [[""A"" 1]]] [401 [[""A"" 1]]] [406 [[""A"" 1]]] [428 [[""A"" 1]]] [446 [[""A"" 1]]] [456 [[""A"" 1]]] [473 [[""A"" 1]]] [485 [[""A"" 1]]] [497 [[""A"" 1]]] [516 [[""A"" 1]]] [530 [[""A"" 1]]] [554 [[""A"" 1]]] [565 [[""A"" 1]]] [571 [[""A"" 1]]] [592 [[""A"" 1]]] [606 [[""A"" 1]]] [617 [[""A"" 1]]] [643 [[""A"" 1]]] [647 [[""A"" 1]]] [667 [[""A"" 1]]] [686 [[""A"" 1]]] [699 [[""A"" 1]]] [712 [[""A"" 1]]] [726 [[""A"" 1]]] [739 [[""A"" 1]]] [752 [[""A"" 1]]] [774 [[""A"" 1]]] [794 [[""A"" 1]]] [797 [[""A"" 1]]] [810 [[""A"" 1]]] [839 [[""A"" 1]]] [845 [[""A"" 1]]] [855 [[""A"" 1]]] [873 [[""A"" 1]]] [893 [[""A"" 1]]] [912 [[""A"" 1]]] [929 [[""A"" 1]]] [942 [[""A"" 1]]] [945 [[""A"" 1]]] [967 [[""A"" 1]]] [979 [[""A"" 1]]] [995 [[""A"" 1]]] [1014 [[""A"" 1]]] [1022 [[""A"" 1]]] [1049 [[""A"" 1]]] [1056 [[""A"" 1]]] [1076 [[""A"" 1]]] [1084 [[""A"" 1]]] [1109 [[""A"" 1]]] [1110 [[""A"" 1]]] [1128 [[""A"" 1]]] [1150 [[""A"" 1]]] [1160 [[""A"" 1]]] [1176 [[""A"" 1]]] [1192 [[""A"" 1]]] [1209 [[""A"" 1]]] [1225 [[""A"" 1]]] [1232 [[""A"" 1]]] [1252 [[""A"" 1]]] [1270 [[""A"" 1]]] [1288 [[""A"" 1]]] [1301 [[""A"" 1]]] [1314 [[""A"" 1]]] [1331 [[""A"" 1]]] [1343 [[""A"" 1]]] [1351 [[""A"" 1]]] [1369 [[""A"" 1]]] [1394 [[""A"" 1]]] [1404 [[""A"" 1]]] [1416 [[""A"" 1]]] [1426 [[""A"" 1]]] [1442 [[""A"" 1]]] [1465 [[""A"" 1]]] [1473 [[""A"" 1]]] [1497 [[""A"" 1]]]]",
"63","[43 0 212]","108","-1.2222491664223352","-10.663680942374736","""box""","""""","9.9","{breed medias}","false","1","1","""up""","0","[[""ID"" 63] [""alpha"" 1] [""beta"" 1] [""malleable"" [""A""]] [""prior"" []] [""cont_tokens"" []] [""A"" 5]]","[]","[]","[[6 [[""A"" 5]]] [21 [[""A"" 5]]] [31 [[""A"" 5]]] [56 [[""A"" 5]]] [70 [[""A"" 5]]] [89 [[""A"" 5]]] [96 [[""A"" 5]]] [112 [[""A"" 5]]] [120 [[""A"" 5]]] [141 [[""A"" 5]]] [162 [[""A"" 5]]] [166 [[""A"" 5]]] [194 [[""A"" 5]]] [203 [[""A"" 5]]] [222 [[""A"" 5]]] [230 [[""A"" 5]]] [248 [[""A"" 5]]] [268 [[""A"" 5]]] [280 [[""A"" 5]]] [293 [[""A"" 5]]] [304 [[""A"" 5]]] [327 [[""A"" 5]]] [332 [[""A"" 5]]] [354 [[""A"" 5]]] [370 [[""A"" 5]]] [379 [[""A"" 5]]] [390 [[""A"" 5]]] [407 [[""A"" 5]]] [431 [[""A"" 5]]] [439 [[""A"" 5]]] [452 [[""A"" 5]]] [465 [[""A"" 5]]] [490 [[""A"" 5]]] [508 [[""A"" 5]]] [517 [[""A"" 5]]] [534 [[""A"" 5]]] [543 [[""A"" 5]]] [557 [[""A"" 5]]] [579 [[""A"" 5]]] [590 [[""A"" 5]]] [605 [[""A"" 5]]] [629 [[""A"" 5]]] [639 [[""A"" 5]]] [653 [[""A"" 5]]] [666 [[""A"" 5]]] [682 [[""A"" 5]]] [700 [[""A"" 5]]] [715 [[""A"" 5]]] [728 [[""A"" 5]]] [744 [[""A"" 5]]] [755 [[""A"" 5]]] [766 [[""A"" 5]]] [784 [[""A"" 5]]] [799 [[""A"" 5]]] [813 [[""A"" 5]]] [828 [[""A"" 5]]] [850 [[""A"" 5]]] [862 [[""A"" 5]]] [876 [[""A"" 5]]] [896 [[""A"" 5]]] [900 [[""A"" 5]]] [918 [[""A"" 5]]] [941 [[""A"" 5]]] [958 [[""A"" 5]]] [962 [[""A"" 5]]] [984 [[""A"" 5]]] [1002 [[""A"" 5]]] [1018 [[""A"" 5]]] [1025 [[""A"" 5]]] [1037 [[""A"" 5]]] [1058 [[""A"" 5]]] [1071 [[""A"" 5]]] [1090 [[""A"" 5]]] [1101 [[""A"" 5]]] [1120 [[""A"" 5]]] [1139 [[""A"" 5]]] [1143 [[""A"" 5]]] [1164 [[""A"" 5]]] [1170 [[""A"" 5]]] [1185 [[""A"" 5]]] [1203 [[""A"" 5]]] [1227 [[""A"" 5]]] [1230 [[""A"" 5]]] [1249 [[""A"" 5]]] [1271 [[""A"" 5]]] [1276 [[""A"" 5]]] [1304 [[""A"" 5]]] [1312 [[""A"" 5]]] [1326 [[""A"" 5]]] [1345 [[""A"" 5]]] [1357 [[""A"" 5]]] [1378 [[""A"" 5]]] [1390 [[""A"" 5]]] [1396 [[""A"" 5]]] [1411 [[""A"" 5]]] [1432 [[""A"" 5]]] [1446 [[""A"" 5]]] [1466 [[""A"" 5]]] [1481 [[""A"" 5]]] [1492 [[""A"" 5]]]]",
"64","[213 0 42]","320","15.073665772417947","-15.426507678742514","""box""","""""","9.9","{breed medias}","false","1","1","""up""","0","[[""ID"" 60] [""alpha"" 1] [""beta"" 1] [""malleable"" [""A""]] [""prior"" []] [""cont_tokens"" []] [""A"" 1]]","[]","[]","[[12 [[""A"" 1]]] [24 [[""A"" 1]]] [39 [[""A"" 1]]] [50 [[""A"" 1]]] [68 [[""A"" 1]]] [78 [[""A"" 1]]] [101 [[""A"" 1]]] [106 [[""A"" 1]]] [134 [[""A"" 1]]] [144 [[""A"" 1]]] [163 [[""A"" 1]]] [176 [[""A"" 1]]] [188 [[""A"" 1]]] [201 [[""A"" 1]]] [224 [[""A"" 1]]] [229 [[""A"" 1]]] [249 [[""A"" 1]]] [264 [[""A"" 1]]] [284 [[""A"" 1]]] [294 [[""A"" 1]]] [313 [[""A"" 1]]] [325 [[""A"" 1]]] [333 [[""A"" 1]]] [348 [[""A"" 1]]] [368 [[""A"" 1]]] [386 [[""A"" 1]]] [392 [[""A"" 1]]] [411 [[""A"" 1]]] [420 [[""A"" 1]]] [443 [[""A"" 1]]] [458 [[""A"" 1]]] [466 [[""A"" 1]]] [486 [[""A"" 1]]] [500 [[""A"" 1]]] [514 [[""A"" 1]]] [532 [[""A"" 1]]] [549 [[""A"" 1]]] [564 [[""A"" 1]]] [580 [[""A"" 1]]] [597 [[""A"" 1]]] [609 [[""A"" 1]]] [616 [[""A"" 1]]] [631 [[""A"" 1]]] [648 [[""A"" 1]]] [664 [[""A"" 1]]] [676 [[""A"" 1]]] [695 [[""A"" 1]]] [708 [[""A"" 1]]] [732 [[""A"" 1]]] [741 [[""A"" 1]]] [751 [[""A"" 1]]] [769 [[""A"" 1]]] [785 [[""A"" 1]]] [805 [[""A"" 1]]] [820 [[""A"" 1]]] [837 [[""A"" 1]]] [848 [[""A"" 1]]] [864 [[""A"" 1]]] [884 [[""A"" 1]]] [897 [[""A"" 1]]] [904 [[""A"" 1]]] [915 [[""A"" 1]]] [934 [[""A"" 1]]] [953 [[""A"" 1]]] [974 [[""A"" 1]]] [978 [[""A"" 1]]] [997 [[""A"" 1]]] [1007 [[""A"" 1]]] [1023 [[""A"" 1]]] [1044 [[""A"" 1]]] [1064 [[""A"" 1]]] [1078 [[""A"" 1]]] [1083 [[""A"" 1]]] [1096 [[""A"" 1]]] [1119 [[""A"" 1]]] [1134 [[""A"" 1]]] [1148 [[""A"" 1]]] [1163 [[""A"" 1]]] [1180 [[""A"" 1]]] [1199 [[""A"" 1]]] [1212 [[""A"" 1]]] [1224 [[""A"" 1]]] [1239 [[""A"" 1]]] [1254 [[""A"" 1]]] [1272 [[""A"" 1]]] [1286 [[""A"" 1]]] [1290 [[""A"" 1]]] [1319 [[""A"" 1]]] [1325 [[""A"" 1]]] [1335 [[""A"" 1]]] [1364 [[""A"" 1]]] [1365 [[""A"" 1]]] [1386 [[""A"" 1]]] [1402 [[""A"" 1]]] [1422 [[""A"" 1]]] [1431 [[""A"" 1]]] [1451 [[""A"" 1]]] [1468 [[""A"" 1]]] [1476 [[""A"" 1]]] [1486 [[""A"" 1]]]]",

"PATCHES"
"pxcor","pycor","pcolor","plabel","plabel-color"
"-16","16","9.9","""""","9.9"
"-15","16","9.9","""""","9.9"
"-14","16","9.9","""""","9.9"
"-13","16","9.9","""""","9.9"
"-12","16","9.9","""""","9.9"
"-11","16","9.9","""""","9.9"
"-10","16","9.9","""""","9.9"
"-9","16","9.9","""""","9.9"
"-8","16","9.9","""""","9.9"
"-7","16","9.9","""""","9.9"
"-6","16","9.9","""""","9.9"
"-5","16","9.9","""""","9.9"
"-4","16","9.9","""""","9.9"
"-3","16","9.9","""""","9.9"
"-2","16","9.9","""""","9.9"
"-1","16","9.9","""""","9.9"
"0","16","9.9","""""","9.9"
"1","16","9.9","""""","9.9"
"2","16","9.9","""""","9.9"
"3","16","9.9","""""","9.9"
"4","16","9.9","""""","9.9"
"5","16","9.9","""""","9.9"
"6","16","9.9","""""","9.9"
"7","16","9.9","""""","9.9"
"8","16","9.9","""""","9.9"
"9","16","9.9","""""","9.9"
"10","16","9.9","""""","9.9"
"11","16","9.9","""""","9.9"
"12","16","9.9","""""","9.9"
"13","16","9.9","""""","9.9"
"14","16","9.9","""""","9.9"
"15","16","9.9","""""","9.9"
"16","16","9.9","""""","9.9"
"-16","15","9.9","""""","9.9"
"-15","15","9.9","""""","9.9"
"-14","15","9.9","""""","9.9"
"-13","15","9.9","""""","9.9"
"-12","15","9.9","""""","9.9"
"-11","15","9.9","""""","9.9"
"-10","15","9.9","""""","9.9"
"-9","15","9.9","""""","9.9"
"-8","15","9.9","""""","9.9"
"-7","15","9.9","""""","9.9"
"-6","15","9.9","""""","9.9"
"-5","15","9.9","""""","9.9"
"-4","15","9.9","""""","9.9"
"-3","15","9.9","""""","9.9"
"-2","15","9.9","""""","9.9"
"-1","15","9.9","""""","9.9"
"0","15","9.9","""""","9.9"
"1","15","9.9","""""","9.9"
"2","15","9.9","""""","9.9"
"3","15","9.9","""""","9.9"
"4","15","9.9","""""","9.9"
"5","15","9.9","""""","9.9"
"6","15","9.9","""""","9.9"
"7","15","9.9","""""","9.9"
"8","15","9.9","""""","9.9"
"9","15","9.9","""""","9.9"
"10","15","9.9","""""","9.9"
"11","15","9.9","""""","9.9"
"12","15","9.9","""""","9.9"
"13","15","9.9","""""","9.9"
"14","15","9.9","""""","9.9"
"15","15","9.9","""""","9.9"
"16","15","9.9","""""","9.9"
"-16","14","9.9","""""","9.9"
"-15","14","9.9","""""","9.9"
"-14","14","9.9","""""","9.9"
"-13","14","9.9","""""","9.9"
"-12","14","9.9","""""","9.9"
"-11","14","9.9","""""","9.9"
"-10","14","9.9","""""","9.9"
"-9","14","9.9","""""","9.9"
"-8","14","9.9","""""","9.9"
"-7","14","9.9","""""","9.9"
"-6","14","9.9","""""","9.9"
"-5","14","9.9","""""","9.9"
"-4","14","9.9","""""","9.9"
"-3","14","9.9","""""","9.9"
"-2","14","9.9","""""","9.9"
"-1","14","9.9","""""","9.9"
"0","14","9.9","""""","9.9"
"1","14","9.9","""""","9.9"
"2","14","9.9","""""","9.9"
"3","14","9.9","""""","9.9"
"4","14","9.9","""""","9.9"
"5","14","9.9","""""","9.9"
"6","14","9.9","""""","9.9"
"7","14","9.9","""""","9.9"
"8","14","9.9","""""","9.9"
"9","14","9.9","""""","9.9"
"10","14","9.9","""""","9.9"
"11","14","9.9","""""","9.9"
"12","14","9.9","""""","9.9"
"13","14","9.9","""""","9.9"
"14","14","9.9","""""","9.9"
"15","14","9.9","""""","9.9"
"16","14","9.9","""""","9.9"
"-16","13","9.9","""""","9.9"
"-15","13","9.9","""""","9.9"
"-14","13","9.9","""""","9.9"
"-13","13","9.9","""""","9.9"
"-12","13","9.9","""""","9.9"
"-11","13","9.9","""""","9.9"
"-10","13","9.9","""""","9.9"
"-9","13","9.9","""""","9.9"
"-8","13","9.9","""""","9.9"
"-7","13","9.9","""""","9.9"
"-6","13","9.9","""""","9.9"
"-5","13","9.9","""""","9.9"
"-4","13","9.9","""""","9.9"
"-3","13","9.9","""""","9.9"
"-2","13","9.9","""""","9.9"
"-1","13","9.9","""""","9.9"
"0","13","9.9","""""","9.9"
"1","13","9.9","""""","9.9"
"2","13","9.9","""""","9.9"
"3","13","9.9","""""","9.9"
"4","13","9.9","""""","9.9"
"5","13","9.9","""""","9.9"
"6","13","9.9","""""","9.9"
"7","13","9.9","""""","9.9"
"8","13","9.9","""""","9.9"
"9","13","9.9","""""","9.9"
"10","13","9.9","""""","9.9"
"11","13","9.9","""""","9.9"
"12","13","9.9","""""","9.9"
"13","13","9.9","""""","9.9"
"14","13","9.9","""""","9.9"
"15","13","9.9","""""","9.9"
"16","13","9.9","""""","9.9"
"-16","12","9.9","""""","9.9"
"-15","12","9.9","""""","9.9"
"-14","12","9.9","""""","9.9"
"-13","12","9.9","""""","9.9"
"-12","12","9.9","""""","9.9"
"-11","12","9.9","""""","9.9"
"-10","12","9.9","""""","9.9"
"-9","12","9.9","""""","9.9"
"-8","12","9.9","""""","9.9"
"-7","12","9.9","""""","9.9"
"-6","12","9.9","""""","9.9"
"-5","12","9.9","""""","9.9"
"-4","12","9.9","""""","9.9"
"-3","12","9.9","""""","9.9"
"-2","12","9.9","""""","9.9"
"-1","12","9.9","""""","9.9"
"0","12","9.9","""""","9.9"
"1","12","9.9","""""","9.9"
"2","12","9.9","""""","9.9"
"3","12","9.9","""""","9.9"
"4","12","9.9","""""","9.9"
"5","12","9.9","""""","9.9"
"6","12","9.9","""""","9.9"
"7","12","9.9","""""","9.9"
"8","12","9.9","""""","9.9"
"9","12","9.9","""""","9.9"
"10","12","9.9","""""","9.9"
"11","12","9.9","""""","9.9"
"12","12","9.9","""""","9.9"
"13","12","9.9","""""","9.9"
"14","12","9.9","""""","9.9"
"15","12","9.9","""""","9.9"
"16","12","9.9","""""","9.9"
"-16","11","9.9","""""","9.9"
"-15","11","9.9","""""","9.9"
"-14","11","9.9","""""","9.9"
"-13","11","9.9","""""","9.9"
"-12","11","9.9","""""","9.9"
"-11","11","9.9","""""","9.9"
"-10","11","9.9","""""","9.9"
"-9","11","9.9","""""","9.9"
"-8","11","9.9","""""","9.9"
"-7","11","9.9","""""","9.9"
"-6","11","9.9","""""","9.9"
"-5","11","9.9","""""","9.9"
"-4","11","9.9","""""","9.9"
"-3","11","9.9","""""","9.9"
"-2","11","9.9","""""","9.9"
"-1","11","9.9","""""","9.9"
"0","11","9.9","""""","9.9"
"1","11","9.9","""""","9.9"
"2","11","9.9","""""","9.9"
"3","11","9.9","""""","9.9"
"4","11","9.9","""""","9.9"
"5","11","9.9","""""","9.9"
"6","11","9.9","""""","9.9"
"7","11","9.9","""""","9.9"
"8","11","9.9","""""","9.9"
"9","11","9.9","""""","9.9"
"10","11","9.9","""""","9.9"
"11","11","9.9","""""","9.9"
"12","11","9.9","""""","9.9"
"13","11","9.9","""""","9.9"
"14","11","9.9","""""","9.9"
"15","11","9.9","""""","9.9"
"16","11","9.9","""""","9.9"
"-16","10","9.9","""""","9.9"
"-15","10","9.9","""""","9.9"
"-14","10","9.9","""""","9.9"
"-13","10","9.9","""""","9.9"
"-12","10","9.9","""""","9.9"
"-11","10","9.9","""""","9.9"
"-10","10","9.9","""""","9.9"
"-9","10","9.9","""""","9.9"
"-8","10","9.9","""""","9.9"
"-7","10","9.9","""""","9.9"
"-6","10","9.9","""""","9.9"
"-5","10","9.9","""""","9.9"
"-4","10","9.9","""""","9.9"
"-3","10","9.9","""""","9.9"
"-2","10","9.9","""""","9.9"
"-1","10","9.9","""""","9.9"
"0","10","9.9","""""","9.9"
"1","10","9.9","""""","9.9"
"2","10","9.9","""""","9.9"
"3","10","9.9","""""","9.9"
"4","10","9.9","""""","9.9"
"5","10","9.9","""""","9.9"
"6","10","9.9","""""","9.9"
"7","10","9.9","""""","9.9"
"8","10","9.9","""""","9.9"
"9","10","9.9","""""","9.9"
"10","10","9.9","""""","9.9"
"11","10","9.9","""""","9.9"
"12","10","9.9","""""","9.9"
"13","10","9.9","""""","9.9"
"14","10","9.9","""""","9.9"
"15","10","9.9","""""","9.9"
"16","10","9.9","""""","9.9"
"-16","9","9.9","""""","9.9"
"-15","9","9.9","""""","9.9"
"-14","9","9.9","""""","9.9"
"-13","9","9.9","""""","9.9"
"-12","9","9.9","""""","9.9"
"-11","9","9.9","""""","9.9"
"-10","9","9.9","""""","9.9"
"-9","9","9.9","""""","9.9"
"-8","9","9.9","""""","9.9"
"-7","9","9.9","""""","9.9"
"-6","9","9.9","""""","9.9"
"-5","9","9.9","""""","9.9"
"-4","9","9.9","""""","9.9"
"-3","9","9.9","""""","9.9"
"-2","9","9.9","""""","9.9"
"-1","9","9.9","""""","9.9"
"0","9","9.9","""""","9.9"
"1","9","9.9","""""","9.9"
"2","9","9.9","""""","9.9"
"3","9","9.9","""""","9.9"
"4","9","9.9","""""","9.9"
"5","9","9.9","""""","9.9"
"6","9","9.9","""""","9.9"
"7","9","9.9","""""","9.9"
"8","9","9.9","""""","9.9"
"9","9","9.9","""""","9.9"
"10","9","9.9","""""","9.9"
"11","9","9.9","""""","9.9"
"12","9","9.9","""""","9.9"
"13","9","9.9","""""","9.9"
"14","9","9.9","""""","9.9"
"15","9","9.9","""""","9.9"
"16","9","9.9","""""","9.9"
"-16","8","9.9","""""","9.9"
"-15","8","9.9","""""","9.9"
"-14","8","9.9","""""","9.9"
"-13","8","9.9","""""","9.9"
"-12","8","9.9","""""","9.9"
"-11","8","9.9","""""","9.9"
"-10","8","9.9","""""","9.9"
"-9","8","9.9","""""","9.9"
"-8","8","9.9","""""","9.9"
"-7","8","9.9","""""","9.9"
"-6","8","9.9","""""","9.9"
"-5","8","9.9","""""","9.9"
"-4","8","9.9","""""","9.9"
"-3","8","9.9","""""","9.9"
"-2","8","9.9","""""","9.9"
"-1","8","9.9","""""","9.9"
"0","8","9.9","""""","9.9"
"1","8","9.9","""""","9.9"
"2","8","9.9","""""","9.9"
"3","8","9.9","""""","9.9"
"4","8","9.9","""""","9.9"
"5","8","9.9","""""","9.9"
"6","8","9.9","""""","9.9"
"7","8","9.9","""""","9.9"
"8","8","9.9","""""","9.9"
"9","8","9.9","""""","9.9"
"10","8","9.9","""""","9.9"
"11","8","9.9","""""","9.9"
"12","8","9.9","""""","9.9"
"13","8","9.9","""""","9.9"
"14","8","9.9","""""","9.9"
"15","8","9.9","""""","9.9"
"16","8","9.9","""""","9.9"
"-16","7","9.9","""""","9.9"
"-15","7","9.9","""""","9.9"
"-14","7","9.9","""""","9.9"
"-13","7","9.9","""""","9.9"
"-12","7","9.9","""""","9.9"
"-11","7","9.9","""""","9.9"
"-10","7","9.9","""""","9.9"
"-9","7","9.9","""""","9.9"
"-8","7","9.9","""""","9.9"
"-7","7","9.9","""""","9.9"
"-6","7","9.9","""""","9.9"
"-5","7","9.9","""""","9.9"
"-4","7","9.9","""""","9.9"
"-3","7","9.9","""""","9.9"
"-2","7","9.9","""""","9.9"
"-1","7","9.9","""""","9.9"
"0","7","9.9","""""","9.9"
"1","7","9.9","""""","9.9"
"2","7","9.9","""""","9.9"
"3","7","9.9","""""","9.9"
"4","7","9.9","""""","9.9"
"5","7","9.9","""""","9.9"
"6","7","9.9","""""","9.9"
"7","7","9.9","""""","9.9"
"8","7","9.9","""""","9.9"
"9","7","9.9","""""","9.9"
"10","7","9.9","""""","9.9"
"11","7","9.9","""""","9.9"
"12","7","9.9","""""","9.9"
"13","7","9.9","""""","9.9"
"14","7","9.9","""""","9.9"
"15","7","9.9","""""","9.9"
"16","7","9.9","""""","9.9"
"-16","6","9.9","""""","9.9"
"-15","6","9.9","""""","9.9"
"-14","6","9.9","""""","9.9"
"-13","6","9.9","""""","9.9"
"-12","6","9.9","""""","9.9"
"-11","6","9.9","""""","9.9"
"-10","6","9.9","""""","9.9"
"-9","6","9.9","""""","9.9"
"-8","6","9.9","""""","9.9"
"-7","6","9.9","""""","9.9"
"-6","6","9.9","""""","9.9"
"-5","6","9.9","""""","9.9"
"-4","6","9.9","""""","9.9"
"-3","6","9.9","""""","9.9"
"-2","6","9.9","""""","9.9"
"-1","6","9.9","""""","9.9"
"0","6","9.9","""""","9.9"
"1","6","9.9","""""","9.9"
"2","6","9.9","""""","9.9"
"3","6","9.9","""""","9.9"
"4","6","9.9","""""","9.9"
"5","6","9.9","""""","9.9"
"6","6","9.9","""""","9.9"
"7","6","9.9","""""","9.9"
"8","6","9.9","""""","9.9"
"9","6","9.9","""""","9.9"
"10","6","9.9","""""","9.9"
"11","6","9.9","""""","9.9"
"12","6","9.9","""""","9.9"
"13","6","9.9","""""","9.9"
"14","6","9.9","""""","9.9"
"15","6","9.9","""""","9.9"
"16","6","9.9","""""","9.9"
"-16","5","9.9","""""","9.9"
"-15","5","9.9","""""","9.9"
"-14","5","9.9","""""","9.9"
"-13","5","9.9","""""","9.9"
"-12","5","9.9","""""","9.9"
"-11","5","9.9","""""","9.9"
"-10","5","9.9","""""","9.9"
"-9","5","9.9","""""","9.9"
"-8","5","9.9","""""","9.9"
"-7","5","9.9","""""","9.9"
"-6","5","9.9","""""","9.9"
"-5","5","9.9","""""","9.9"
"-4","5","9.9","""""","9.9"
"-3","5","9.9","""""","9.9"
"-2","5","9.9","""""","9.9"
"-1","5","9.9","""""","9.9"
"0","5","9.9","""""","9.9"
"1","5","9.9","""""","9.9"
"2","5","9.9","""""","9.9"
"3","5","9.9","""""","9.9"
"4","5","9.9","""""","9.9"
"5","5","9.9","""""","9.9"
"6","5","9.9","""""","9.9"
"7","5","9.9","""""","9.9"
"8","5","9.9","""""","9.9"
"9","5","9.9","""""","9.9"
"10","5","9.9","""""","9.9"
"11","5","9.9","""""","9.9"
"12","5","9.9","""""","9.9"
"13","5","9.9","""""","9.9"
"14","5","9.9","""""","9.9"
"15","5","9.9","""""","9.9"
"16","5","9.9","""""","9.9"
"-16","4","9.9","""""","9.9"
"-15","4","9.9","""""","9.9"
"-14","4","9.9","""""","9.9"
"-13","4","9.9","""""","9.9"
"-12","4","9.9","""""","9.9"
"-11","4","9.9","""""","9.9"
"-10","4","9.9","""""","9.9"
"-9","4","9.9","""""","9.9"
"-8","4","9.9","""""","9.9"
"-7","4","9.9","""""","9.9"
"-6","4","9.9","""""","9.9"
"-5","4","9.9","""""","9.9"
"-4","4","9.9","""""","9.9"
"-3","4","9.9","""""","9.9"
"-2","4","9.9","""""","9.9"
"-1","4","9.9","""""","9.9"
"0","4","9.9","""""","9.9"
"1","4","9.9","""""","9.9"
"2","4","9.9","""""","9.9"
"3","4","9.9","""""","9.9"
"4","4","9.9","""""","9.9"
"5","4","9.9","""""","9.9"
"6","4","9.9","""""","9.9"
"7","4","9.9","""""","9.9"
"8","4","9.9","""""","9.9"
"9","4","9.9","""""","9.9"
"10","4","9.9","""""","9.9"
"11","4","9.9","""""","9.9"
"12","4","9.9","""""","9.9"
"13","4","9.9","""""","9.9"
"14","4","9.9","""""","9.9"
"15","4","9.9","""""","9.9"
"16","4","9.9","""""","9.9"
"-16","3","9.9","""""","9.9"
"-15","3","9.9","""""","9.9"
"-14","3","9.9","""""","9.9"
"-13","3","9.9","""""","9.9"
"-12","3","9.9","""""","9.9"
"-11","3","9.9","""""","9.9"
"-10","3","9.9","""""","9.9"
"-9","3","9.9","""""","9.9"
"-8","3","9.9","""""","9.9"
"-7","3","9.9","""""","9.9"
"-6","3","9.9","""""","9.9"
"-5","3","9.9","""""","9.9"
"-4","3","9.9","""""","9.9"
"-3","3","9.9","""""","9.9"
"-2","3","9.9","""""","9.9"
"-1","3","9.9","""""","9.9"
"0","3","9.9","""""","9.9"
"1","3","9.9","""""","9.9"
"2","3","9.9","""""","9.9"
"3","3","9.9","""""","9.9"
"4","3","9.9","""""","9.9"
"5","3","9.9","""""","9.9"
"6","3","9.9","""""","9.9"
"7","3","9.9","""""","9.9"
"8","3","9.9","""""","9.9"
"9","3","9.9","""""","9.9"
"10","3","9.9","""""","9.9"
"11","3","9.9","""""","9.9"
"12","3","9.9","""""","9.9"
"13","3","9.9","""""","9.9"
"14","3","9.9","""""","9.9"
"15","3","9.9","""""","9.9"
"16","3","9.9","""""","9.9"
"-16","2","9.9","""""","9.9"
"-15","2","9.9","""""","9.9"
"-14","2","9.9","""""","9.9"
"-13","2","9.9","""""","9.9"
"-12","2","9.9","""""","9.9"
"-11","2","9.9","""""","9.9"
"-10","2","9.9","""""","9.9"
"-9","2","9.9","""""","9.9"
"-8","2","9.9","""""","9.9"
"-7","2","9.9","""""","9.9"
"-6","2","9.9","""""","9.9"
"-5","2","9.9","""""","9.9"
"-4","2","9.9","""""","9.9"
"-3","2","9.9","""""","9.9"
"-2","2","9.9","""""","9.9"
"-1","2","9.9","""""","9.9"
"0","2","9.9","""""","9.9"
"1","2","9.9","""""","9.9"
"2","2","9.9","""""","9.9"
"3","2","9.9","""""","9.9"
"4","2","9.9","""""","9.9"
"5","2","9.9","""""","9.9"
"6","2","9.9","""""","9.9"
"7","2","9.9","""""","9.9"
"8","2","9.9","""""","9.9"
"9","2","9.9","""""","9.9"
"10","2","9.9","""""","9.9"
"11","2","9.9","""""","9.9"
"12","2","9.9","""""","9.9"
"13","2","9.9","""""","9.9"
"14","2","9.9","""""","9.9"
"15","2","9.9","""""","9.9"
"16","2","9.9","""""","9.9"
"-16","1","9.9","""""","9.9"
"-15","1","9.9","""""","9.9"
"-14","1","9.9","""""","9.9"
"-13","1","9.9","""""","9.9"
"-12","1","9.9","""""","9.9"
"-11","1","9.9","""""","9.9"
"-10","1","9.9","""""","9.9"
"-9","1","9.9","""""","9.9"
"-8","1","9.9","""""","9.9"
"-7","1","9.9","""""","9.9"
"-6","1","9.9","""""","9.9"
"-5","1","9.9","""""","9.9"
"-4","1","9.9","""""","9.9"
"-3","1","9.9","""""","9.9"
"-2","1","9.9","""""","9.9"
"-1","1","9.9","""""","9.9"
"0","1","9.9","""""","9.9"
"1","1","9.9","""""","9.9"
"2","1","9.9","""""","9.9"
"3","1","9.9","""""","9.9"
"4","1","9.9","""""","9.9"
"5","1","9.9","""""","9.9"
"6","1","9.9","""""","9.9"
"7","1","9.9","""""","9.9"
"8","1","9.9","""""","9.9"
"9","1","9.9","""""","9.9"
"10","1","9.9","""""","9.9"
"11","1","9.9","""""","9.9"
"12","1","9.9","""""","9.9"
"13","1","9.9","""""","9.9"
"14","1","9.9","""""","9.9"
"15","1","9.9","""""","9.9"
"16","1","9.9","""""","9.9"
"-16","0","9.9","""""","9.9"
"-15","0","9.9","""""","9.9"
"-14","0","9.9","""""","9.9"
"-13","0","9.9","""""","9.9"
"-12","0","9.9","""""","9.9"
"-11","0","9.9","""""","9.9"
"-10","0","9.9","""""","9.9"
"-9","0","9.9","""""","9.9"
"-8","0","9.9","""""","9.9"
"-7","0","9.9","""""","9.9"
"-6","0","9.9","""""","9.9"
"-5","0","9.9","""""","9.9"
"-4","0","9.9","""""","9.9"
"-3","0","9.9","""""","9.9"
"-2","0","9.9","""""","9.9"
"-1","0","9.9","""""","9.9"
"0","0","9.9","""""","9.9"
"1","0","9.9","""""","9.9"
"2","0","9.9","""""","9.9"
"3","0","9.9","""""","9.9"
"4","0","9.9","""""","9.9"
"5","0","9.9","""""","9.9"
"6","0","9.9","""""","9.9"
"7","0","9.9","""""","9.9"
"8","0","9.9","""""","9.9"
"9","0","9.9","""""","9.9"
"10","0","9.9","""""","9.9"
"11","0","9.9","""""","9.9"
"12","0","9.9","""""","9.9"
"13","0","9.9","""""","9.9"
"14","0","9.9","""""","9.9"
"15","0","9.9","""""","9.9"
"16","0","9.9","""""","9.9"
"-16","-1","9.9","""""","9.9"
"-15","-1","9.9","""""","9.9"
"-14","-1","9.9","""""","9.9"
"-13","-1","9.9","""""","9.9"
"-12","-1","9.9","""""","9.9"
"-11","-1","9.9","""""","9.9"
"-10","-1","9.9","""""","9.9"
"-9","-1","9.9","""""","9.9"
"-8","-1","9.9","""""","9.9"
"-7","-1","9.9","""""","9.9"
"-6","-1","9.9","""""","9.9"
"-5","-1","9.9","""""","9.9"
"-4","-1","9.9","""""","9.9"
"-3","-1","9.9","""""","9.9"
"-2","-1","9.9","""""","9.9"
"-1","-1","9.9","""""","9.9"
"0","-1","9.9","""""","9.9"
"1","-1","9.9","""""","9.9"
"2","-1","9.9","""""","9.9"
"3","-1","9.9","""""","9.9"
"4","-1","9.9","""""","9.9"
"5","-1","9.9","""""","9.9"
"6","-1","9.9","""""","9.9"
"7","-1","9.9","""""","9.9"
"8","-1","9.9","""""","9.9"
"9","-1","9.9","""""","9.9"
"10","-1","9.9","""""","9.9"
"11","-1","9.9","""""","9.9"
"12","-1","9.9","""""","9.9"
"13","-1","9.9","""""","9.9"
"14","-1","9.9","""""","9.9"
"15","-1","9.9","""""","9.9"
"16","-1","9.9","""""","9.9"
"-16","-2","9.9","""""","9.9"
"-15","-2","9.9","""""","9.9"
"-14","-2","9.9","""""","9.9"
"-13","-2","9.9","""""","9.9"
"-12","-2","9.9","""""","9.9"
"-11","-2","9.9","""""","9.9"
"-10","-2","9.9","""""","9.9"
"-9","-2","9.9","""""","9.9"
"-8","-2","9.9","""""","9.9"
"-7","-2","9.9","""""","9.9"
"-6","-2","9.9","""""","9.9"
"-5","-2","9.9","""""","9.9"
"-4","-2","9.9","""""","9.9"
"-3","-2","9.9","""""","9.9"
"-2","-2","9.9","""""","9.9"
"-1","-2","9.9","""""","9.9"
"0","-2","9.9","""""","9.9"
"1","-2","9.9","""""","9.9"
"2","-2","9.9","""""","9.9"
"3","-2","9.9","""""","9.9"
"4","-2","9.9","""""","9.9"
"5","-2","9.9","""""","9.9"
"6","-2","9.9","""""","9.9"
"7","-2","9.9","""""","9.9"
"8","-2","9.9","""""","9.9"
"9","-2","9.9","""""","9.9"
"10","-2","9.9","""""","9.9"
"11","-2","9.9","""""","9.9"
"12","-2","9.9","""""","9.9"
"13","-2","9.9","""""","9.9"
"14","-2","9.9","""""","9.9"
"15","-2","9.9","""""","9.9"
"16","-2","9.9","""""","9.9"
"-16","-3","9.9","""""","9.9"
"-15","-3","9.9","""""","9.9"
"-14","-3","9.9","""""","9.9"
"-13","-3","9.9","""""","9.9"
"-12","-3","9.9","""""","9.9"
"-11","-3","9.9","""""","9.9"
"-10","-3","9.9","""""","9.9"
"-9","-3","9.9","""""","9.9"
"-8","-3","9.9","""""","9.9"
"-7","-3","9.9","""""","9.9"
"-6","-3","9.9","""""","9.9"
"-5","-3","9.9","""""","9.9"
"-4","-3","9.9","""""","9.9"
"-3","-3","9.9","""""","9.9"
"-2","-3","9.9","""""","9.9"
"-1","-3","9.9","""""","9.9"
"0","-3","9.9","""""","9.9"
"1","-3","9.9","""""","9.9"
"2","-3","9.9","""""","9.9"
"3","-3","9.9","""""","9.9"
"4","-3","9.9","""""","9.9"
"5","-3","9.9","""""","9.9"
"6","-3","9.9","""""","9.9"
"7","-3","9.9","""""","9.9"
"8","-3","9.9","""""","9.9"
"9","-3","9.9","""""","9.9"
"10","-3","9.9","""""","9.9"
"11","-3","9.9","""""","9.9"
"12","-3","9.9","""""","9.9"
"13","-3","9.9","""""","9.9"
"14","-3","9.9","""""","9.9"
"15","-3","9.9","""""","9.9"
"16","-3","9.9","""""","9.9"
"-16","-4","9.9","""""","9.9"
"-15","-4","9.9","""""","9.9"
"-14","-4","9.9","""""","9.9"
"-13","-4","9.9","""""","9.9"
"-12","-4","9.9","""""","9.9"
"-11","-4","9.9","""""","9.9"
"-10","-4","9.9","""""","9.9"
"-9","-4","9.9","""""","9.9"
"-8","-4","9.9","""""","9.9"
"-7","-4","9.9","""""","9.9"
"-6","-4","9.9","""""","9.9"
"-5","-4","9.9","""""","9.9"
"-4","-4","9.9","""""","9.9"
"-3","-4","9.9","""""","9.9"
"-2","-4","9.9","""""","9.9"
"-1","-4","9.9","""""","9.9"
"0","-4","9.9","""""","9.9"
"1","-4","9.9","""""","9.9"
"2","-4","9.9","""""","9.9"
"3","-4","9.9","""""","9.9"
"4","-4","9.9","""""","9.9"
"5","-4","9.9","""""","9.9"
"6","-4","9.9","""""","9.9"
"7","-4","9.9","""""","9.9"
"8","-4","9.9","""""","9.9"
"9","-4","9.9","""""","9.9"
"10","-4","9.9","""""","9.9"
"11","-4","9.9","""""","9.9"
"12","-4","9.9","""""","9.9"
"13","-4","9.9","""""","9.9"
"14","-4","9.9","""""","9.9"
"15","-4","9.9","""""","9.9"
"16","-4","9.9","""""","9.9"
"-16","-5","9.9","""""","9.9"
"-15","-5","9.9","""""","9.9"
"-14","-5","9.9","""""","9.9"
"-13","-5","9.9","""""","9.9"
"-12","-5","9.9","""""","9.9"
"-11","-5","9.9","""""","9.9"
"-10","-5","9.9","""""","9.9"
"-9","-5","9.9","""""","9.9"
"-8","-5","9.9","""""","9.9"
"-7","-5","9.9","""""","9.9"
"-6","-5","9.9","""""","9.9"
"-5","-5","9.9","""""","9.9"
"-4","-5","9.9","""""","9.9"
"-3","-5","9.9","""""","9.9"
"-2","-5","9.9","""""","9.9"
"-1","-5","9.9","""""","9.9"
"0","-5","9.9","""""","9.9"
"1","-5","9.9","""""","9.9"
"2","-5","9.9","""""","9.9"
"3","-5","9.9","""""","9.9"
"4","-5","9.9","""""","9.9"
"5","-5","9.9","""""","9.9"
"6","-5","9.9","""""","9.9"
"7","-5","9.9","""""","9.9"
"8","-5","9.9","""""","9.9"
"9","-5","9.9","""""","9.9"
"10","-5","9.9","""""","9.9"
"11","-5","9.9","""""","9.9"
"12","-5","9.9","""""","9.9"
"13","-5","9.9","""""","9.9"
"14","-5","9.9","""""","9.9"
"15","-5","9.9","""""","9.9"
"16","-5","9.9","""""","9.9"
"-16","-6","9.9","""""","9.9"
"-15","-6","9.9","""""","9.9"
"-14","-6","9.9","""""","9.9"
"-13","-6","9.9","""""","9.9"
"-12","-6","9.9","""""","9.9"
"-11","-6","9.9","""""","9.9"
"-10","-6","9.9","""""","9.9"
"-9","-6","9.9","""""","9.9"
"-8","-6","9.9","""""","9.9"
"-7","-6","9.9","""""","9.9"
"-6","-6","9.9","""""","9.9"
"-5","-6","9.9","""""","9.9"
"-4","-6","9.9","""""","9.9"
"-3","-6","9.9","""""","9.9"
"-2","-6","9.9","""""","9.9"
"-1","-6","9.9","""""","9.9"
"0","-6","9.9","""""","9.9"
"1","-6","9.9","""""","9.9"
"2","-6","9.9","""""","9.9"
"3","-6","9.9","""""","9.9"
"4","-6","9.9","""""","9.9"
"5","-6","9.9","""""","9.9"
"6","-6","9.9","""""","9.9"
"7","-6","9.9","""""","9.9"
"8","-6","9.9","""""","9.9"
"9","-6","9.9","""""","9.9"
"10","-6","9.9","""""","9.9"
"11","-6","9.9","""""","9.9"
"12","-6","9.9","""""","9.9"
"13","-6","9.9","""""","9.9"
"14","-6","9.9","""""","9.9"
"15","-6","9.9","""""","9.9"
"16","-6","9.9","""""","9.9"
"-16","-7","9.9","""""","9.9"
"-15","-7","9.9","""""","9.9"
"-14","-7","9.9","""""","9.9"
"-13","-7","9.9","""""","9.9"
"-12","-7","9.9","""""","9.9"
"-11","-7","9.9","""""","9.9"
"-10","-7","9.9","""""","9.9"
"-9","-7","9.9","""""","9.9"
"-8","-7","9.9","""""","9.9"
"-7","-7","9.9","""""","9.9"
"-6","-7","9.9","""""","9.9"
"-5","-7","9.9","""""","9.9"
"-4","-7","9.9","""""","9.9"
"-3","-7","9.9","""""","9.9"
"-2","-7","9.9","""""","9.9"
"-1","-7","9.9","""""","9.9"
"0","-7","9.9","""""","9.9"
"1","-7","9.9","""""","9.9"
"2","-7","9.9","""""","9.9"
"3","-7","9.9","""""","9.9"
"4","-7","9.9","""""","9.9"
"5","-7","9.9","""""","9.9"
"6","-7","9.9","""""","9.9"
"7","-7","9.9","""""","9.9"
"8","-7","9.9","""""","9.9"
"9","-7","9.9","""""","9.9"
"10","-7","9.9","""""","9.9"
"11","-7","9.9","""""","9.9"
"12","-7","9.9","""""","9.9"
"13","-7","9.9","""""","9.9"
"14","-7","9.9","""""","9.9"
"15","-7","9.9","""""","9.9"
"16","-7","9.9","""""","9.9"
"-16","-8","9.9","""""","9.9"
"-15","-8","9.9","""""","9.9"
"-14","-8","9.9","""""","9.9"
"-13","-8","9.9","""""","9.9"
"-12","-8","9.9","""""","9.9"
"-11","-8","9.9","""""","9.9"
"-10","-8","9.9","""""","9.9"
"-9","-8","9.9","""""","9.9"
"-8","-8","9.9","""""","9.9"
"-7","-8","9.9","""""","9.9"
"-6","-8","9.9","""""","9.9"
"-5","-8","9.9","""""","9.9"
"-4","-8","9.9","""""","9.9"
"-3","-8","9.9","""""","9.9"
"-2","-8","9.9","""""","9.9"
"-1","-8","9.9","""""","9.9"
"0","-8","9.9","""""","9.9"
"1","-8","9.9","""""","9.9"
"2","-8","9.9","""""","9.9"
"3","-8","9.9","""""","9.9"
"4","-8","9.9","""""","9.9"
"5","-8","9.9","""""","9.9"
"6","-8","9.9","""""","9.9"
"7","-8","9.9","""""","9.9"
"8","-8","9.9","""""","9.9"
"9","-8","9.9","""""","9.9"
"10","-8","9.9","""""","9.9"
"11","-8","9.9","""""","9.9"
"12","-8","9.9","""""","9.9"
"13","-8","9.9","""""","9.9"
"14","-8","9.9","""""","9.9"
"15","-8","9.9","""""","9.9"
"16","-8","9.9","""""","9.9"
"-16","-9","9.9","""""","9.9"
"-15","-9","9.9","""""","9.9"
"-14","-9","9.9","""""","9.9"
"-13","-9","9.9","""""","9.9"
"-12","-9","9.9","""""","9.9"
"-11","-9","9.9","""""","9.9"
"-10","-9","9.9","""""","9.9"
"-9","-9","9.9","""""","9.9"
"-8","-9","9.9","""""","9.9"
"-7","-9","9.9","""""","9.9"
"-6","-9","9.9","""""","9.9"
"-5","-9","9.9","""""","9.9"
"-4","-9","9.9","""""","9.9"
"-3","-9","9.9","""""","9.9"
"-2","-9","9.9","""""","9.9"
"-1","-9","9.9","""""","9.9"
"0","-9","9.9","""""","9.9"
"1","-9","9.9","""""","9.9"
"2","-9","9.9","""""","9.9"
"3","-9","9.9","""""","9.9"
"4","-9","9.9","""""","9.9"
"5","-9","9.9","""""","9.9"
"6","-9","9.9","""""","9.9"
"7","-9","9.9","""""","9.9"
"8","-9","9.9","""""","9.9"
"9","-9","9.9","""""","9.9"
"10","-9","9.9","""""","9.9"
"11","-9","9.9","""""","9.9"
"12","-9","9.9","""""","9.9"
"13","-9","9.9","""""","9.9"
"14","-9","9.9","""""","9.9"
"15","-9","9.9","""""","9.9"
"16","-9","9.9","""""","9.9"
"-16","-10","9.9","""""","9.9"
"-15","-10","9.9","""""","9.9"
"-14","-10","9.9","""""","9.9"
"-13","-10","9.9","""""","9.9"
"-12","-10","9.9","""""","9.9"
"-11","-10","9.9","""""","9.9"
"-10","-10","9.9","""""","9.9"
"-9","-10","9.9","""""","9.9"
"-8","-10","9.9","""""","9.9"
"-7","-10","9.9","""""","9.9"
"-6","-10","9.9","""""","9.9"
"-5","-10","9.9","""""","9.9"
"-4","-10","9.9","""""","9.9"
"-3","-10","9.9","""""","9.9"
"-2","-10","9.9","""""","9.9"
"-1","-10","9.9","""""","9.9"
"0","-10","9.9","""""","9.9"
"1","-10","9.9","""""","9.9"
"2","-10","9.9","""""","9.9"
"3","-10","9.9","""""","9.9"
"4","-10","9.9","""""","9.9"
"5","-10","9.9","""""","9.9"
"6","-10","9.9","""""","9.9"
"7","-10","9.9","""""","9.9"
"8","-10","9.9","""""","9.9"
"9","-10","9.9","""""","9.9"
"10","-10","9.9","""""","9.9"
"11","-10","9.9","""""","9.9"
"12","-10","9.9","""""","9.9"
"13","-10","9.9","""""","9.9"
"14","-10","9.9","""""","9.9"
"15","-10","9.9","""""","9.9"
"16","-10","9.9","""""","9.9"
"-16","-11","9.9","""""","9.9"
"-15","-11","9.9","""""","9.9"
"-14","-11","9.9","""""","9.9"
"-13","-11","9.9","""""","9.9"
"-12","-11","9.9","""""","9.9"
"-11","-11","9.9","""""","9.9"
"-10","-11","9.9","""""","9.9"
"-9","-11","9.9","""""","9.9"
"-8","-11","9.9","""""","9.9"
"-7","-11","9.9","""""","9.9"
"-6","-11","9.9","""""","9.9"
"-5","-11","9.9","""""","9.9"
"-4","-11","9.9","""""","9.9"
"-3","-11","9.9","""""","9.9"
"-2","-11","9.9","""""","9.9"
"-1","-11","9.9","""""","9.9"
"0","-11","9.9","""""","9.9"
"1","-11","9.9","""""","9.9"
"2","-11","9.9","""""","9.9"
"3","-11","9.9","""""","9.9"
"4","-11","9.9","""""","9.9"
"5","-11","9.9","""""","9.9"
"6","-11","9.9","""""","9.9"
"7","-11","9.9","""""","9.9"
"8","-11","9.9","""""","9.9"
"9","-11","9.9","""""","9.9"
"10","-11","9.9","""""","9.9"
"11","-11","9.9","""""","9.9"
"12","-11","9.9","""""","9.9"
"13","-11","9.9","""""","9.9"
"14","-11","9.9","""""","9.9"
"15","-11","9.9","""""","9.9"
"16","-11","9.9","""""","9.9"
"-16","-12","9.9","""""","9.9"
"-15","-12","9.9","""""","9.9"
"-14","-12","9.9","""""","9.9"
"-13","-12","9.9","""""","9.9"
"-12","-12","9.9","""""","9.9"
"-11","-12","9.9","""""","9.9"
"-10","-12","9.9","""""","9.9"
"-9","-12","9.9","""""","9.9"
"-8","-12","9.9","""""","9.9"
"-7","-12","9.9","""""","9.9"
"-6","-12","9.9","""""","9.9"
"-5","-12","9.9","""""","9.9"
"-4","-12","9.9","""""","9.9"
"-3","-12","9.9","""""","9.9"
"-2","-12","9.9","""""","9.9"
"-1","-12","9.9","""""","9.9"
"0","-12","9.9","""""","9.9"
"1","-12","9.9","""""","9.9"
"2","-12","9.9","""""","9.9"
"3","-12","9.9","""""","9.9"
"4","-12","9.9","""""","9.9"
"5","-12","9.9","""""","9.9"
"6","-12","9.9","""""","9.9"
"7","-12","9.9","""""","9.9"
"8","-12","9.9","""""","9.9"
"9","-12","9.9","""""","9.9"
"10","-12","9.9","""""","9.9"
"11","-12","9.9","""""","9.9"
"12","-12","9.9","""""","9.9"
"13","-12","9.9","""""","9.9"
"14","-12","9.9","""""","9.9"
"15","-12","9.9","""""","9.9"
"16","-12","9.9","""""","9.9"
"-16","-13","9.9","""""","9.9"
"-15","-13","9.9","""""","9.9"
"-14","-13","9.9","""""","9.9"
"-13","-13","9.9","""""","9.9"
"-12","-13","9.9","""""","9.9"
"-11","-13","9.9","""""","9.9"
"-10","-13","9.9","""""","9.9"
"-9","-13","9.9","""""","9.9"
"-8","-13","9.9","""""","9.9"
"-7","-13","9.9","""""","9.9"
"-6","-13","9.9","""""","9.9"
"-5","-13","9.9","""""","9.9"
"-4","-13","9.9","""""","9.9"
"-3","-13","9.9","""""","9.9"
"-2","-13","9.9","""""","9.9"
"-1","-13","9.9","""""","9.9"
"0","-13","9.9","""""","9.9"
"1","-13","9.9","""""","9.9"
"2","-13","9.9","""""","9.9"
"3","-13","9.9","""""","9.9"
"4","-13","9.9","""""","9.9"
"5","-13","9.9","""""","9.9"
"6","-13","9.9","""""","9.9"
"7","-13","9.9","""""","9.9"
"8","-13","9.9","""""","9.9"
"9","-13","9.9","""""","9.9"
"10","-13","9.9","""""","9.9"
"11","-13","9.9","""""","9.9"
"12","-13","9.9","""""","9.9"
"13","-13","9.9","""""","9.9"
"14","-13","9.9","""""","9.9"
"15","-13","9.9","""""","9.9"
"16","-13","9.9","""""","9.9"
"-16","-14","9.9","""""","9.9"
"-15","-14","9.9","""""","9.9"
"-14","-14","9.9","""""","9.9"
"-13","-14","9.9","""""","9.9"
"-12","-14","9.9","""""","9.9"
"-11","-14","9.9","""""","9.9"
"-10","-14","9.9","""""","9.9"
"-9","-14","9.9","""""","9.9"
"-8","-14","9.9","""""","9.9"
"-7","-14","9.9","""""","9.9"
"-6","-14","9.9","""""","9.9"
"-5","-14","9.9","""""","9.9"
"-4","-14","9.9","""""","9.9"
"-3","-14","9.9","""""","9.9"
"-2","-14","9.9","""""","9.9"
"-1","-14","9.9","""""","9.9"
"0","-14","9.9","""""","9.9"
"1","-14","9.9","""""","9.9"
"2","-14","9.9","""""","9.9"
"3","-14","9.9","""""","9.9"
"4","-14","9.9","""""","9.9"
"5","-14","9.9","""""","9.9"
"6","-14","9.9","""""","9.9"
"7","-14","9.9","""""","9.9"
"8","-14","9.9","""""","9.9"
"9","-14","9.9","""""","9.9"
"10","-14","9.9","""""","9.9"
"11","-14","9.9","""""","9.9"
"12","-14","9.9","""""","9.9"
"13","-14","9.9","""""","9.9"
"14","-14","9.9","""""","9.9"
"15","-14","9.9","""""","9.9"
"16","-14","9.9","""""","9.9"
"-16","-15","9.9","""""","9.9"
"-15","-15","9.9","""""","9.9"
"-14","-15","9.9","""""","9.9"
"-13","-15","9.9","""""","9.9"
"-12","-15","9.9","""""","9.9"
"-11","-15","9.9","""""","9.9"
"-10","-15","9.9","""""","9.9"
"-9","-15","9.9","""""","9.9"
"-8","-15","9.9","""""","9.9"
"-7","-15","9.9","""""","9.9"
"-6","-15","9.9","""""","9.9"
"-5","-15","9.9","""""","9.9"
"-4","-15","9.9","""""","9.9"
"-3","-15","9.9","""""","9.9"
"-2","-15","9.9","""""","9.9"
"-1","-15","9.9","""""","9.9"
"0","-15","9.9","""""","9.9"
"1","-15","9.9","""""","9.9"
"2","-15","9.9","""""","9.9"
"3","-15","9.9","""""","9.9"
"4","-15","9.9","""""","9.9"
"5","-15","9.9","""""","9.9"
"6","-15","9.9","""""","9.9"
"7","-15","9.9","""""","9.9"
"8","-15","9.9","""""","9.9"
"9","-15","9.9","""""","9.9"
"10","-15","9.9","""""","9.9"
"11","-15","9.9","""""","9.9"
"12","-15","9.9","""""","9.9"
"13","-15","9.9","""""","9.9"
"14","-15","9.9","""""","9.9"
"15","-15","9.9","""""","9.9"
"16","-15","9.9","""""","9.9"
"-16","-16","9.9","""""","9.9"
"-15","-16","9.9","""""","9.9"
"-14","-16","9.9","""""","9.9"
"-13","-16","9.9","""""","9.9"
"-12","-16","9.9","""""","9.9"
"-11","-16","9.9","""""","9.9"
"-10","-16","9.9","""""","9.9"
"-9","-16","9.9","""""","9.9"
"-8","-16","9.9","""""","9.9"
"-7","-16","9.9","""""","9.9"
"-6","-16","9.9","""""","9.9"
"-5","-16","9.9","""""","9.9"
"-4","-16","9.9","""""","9.9"
"-3","-16","9.9","""""","9.9"
"-2","-16","9.9","""""","9.9"
"-1","-16","9.9","""""","9.9"
"0","-16","9.9","""""","9.9"
"1","-16","9.9","""""","9.9"
"2","-16","9.9","""""","9.9"
"3","-16","9.9","""""","9.9"
"4","-16","9.9","""""","9.9"
"5","-16","9.9","""""","9.9"
"6","-16","9.9","""""","9.9"
"7","-16","9.9","""""","9.9"
"8","-16","9.9","""""","9.9"
"9","-16","9.9","""""","9.9"
"10","-16","9.9","""""","9.9"
"11","-16","9.9","""""","9.9"
"12","-16","9.9","""""","9.9"
"13","-16","9.9","""""","9.9"
"14","-16","9.9","""""","9.9"
"15","-16","9.9","""""","9.9"
"16","-16","9.9","""""","9.9"

"LINKS"
"end1","end2","color","label","label-color","hidden?","breed","thickness","shape","tie-mode","weight"
"{citizen 0}","{citizen 1}","[85 0 170 100]","""""","9.9","false","{breed social-friends}","0","""default""","""none""","0"
"{citizen 0}","{citizen 2}","[85 0 170 100]","""""","9.9","false","{breed social-friends}","0","""default""","""none""","0"
"{citizen 0}","{citizen 6}","[85 0 170 100]","""""","9.9","false","{breed social-friends}","0","""default""","""none""","0"
"{citizen 0}","{citizen 7}","[85 0 170 100]","""""","9.9","false","{breed social-friends}","0","""default""","""none""","0"
"{citizen 0}","{citizen 10}","[85 0 170 100]","""""","9.9","false","{breed social-friends}","0","""default""","""none""","0"
"{citizen 0}","{citizen 11}","[85 0 170 100]","""""","9.9","false","{breed social-friends}","0","""default""","""none""","0"
"{citizen 0}","{citizen 12}","[85 0 170 100]","""""","9.9","false","{breed social-friends}","0","""default""","""none""","0"
"{citizen 0}","{citizen 13}","[85 0 170 100]","""""","9.9","false","{breed social-friends}","0","""default""","""none""","0"
"{citizen 0}","{citizen 14}","[85 0 170 100]","""""","9.9","false","{breed social-friends}","0","""default""","""none""","0"
"{citizen 0}","{citizen 16}","[85 0 170 100]","""""","9.9","false","{breed social-friends}","0","""default""","""none""","0"
"{citizen 0}","{citizen 17}","[85 0 170 100]","""""","9.9","false","{breed social-friends}","0","""default""","""none""","0"
"{citizen 0}","{citizen 18}","[85 0 170 100]","""""","9.9","false","{breed social-friends}","0","""default""","""none""","0"
"{citizen 0}","{citizen 20}","[85 0 170 100]","""""","9.9","false","{breed social-friends}","0","""default""","""none""","0"
"{citizen 0}","{citizen 21}","[85 0 170 100]","""""","9.9","false","{breed social-friends}","0","""default""","""none""","0"
"{citizen 0}","{citizen 22}","[141 141 141 100]","""""","9.9","false","{breed social-friends}","0","""default""","""none""","0"
"{citizen 0}","{citizen 23}","[85 0 170 100]","""""","9.9","false","{breed social-friends}","0","""default""","""none""","0"
"{citizen 0}","{citizen 24}","[85 0 170 100]","""""","9.9","false","{breed social-friends}","0","""default""","""none""","0"
"{citizen 0}","{citizen 25}","[141 141 141 100]","""""","9.9","false","{breed social-friends}","0","""default""","""none""","0"
"{citizen 0}","{citizen 26}","[85 0 170 100]","""""","9.9","false","{breed social-friends}","0","""default""","""none""","0"
"{citizen 0}","{citizen 28}","[85 0 170 100]","""""","9.9","false","{breed social-friends}","0","""default""","""none""","0"
"{citizen 0}","{citizen 32}","[141 141 141 100]","""""","9.9","false","{breed social-friends}","0","""default""","""none""","0"
"{citizen 0}","{citizen 34}","[85 0 170 100]","""""","9.9","false","{breed social-friends}","0","""default""","""none""","0"
"{citizen 0}","{citizen 36}","[85 0 170 100]","""""","9.9","false","{breed social-friends}","0","""default""","""none""","0"
"{citizen 0}","{citizen 37}","[85 0 170 100]","""""","9.9","false","{breed social-friends}","0","""default""","""none""","0"
"{citizen 0}","{citizen 39}","[85 0 170 100]","""""","9.9","false","{breed social-friends}","0","""default""","""none""","0"
"{citizen 0}","{citizen 40}","[85 0 170 100]","""""","9.9","false","{breed social-friends}","0","""default""","""none""","0"
"{citizen 0}","{citizen 43}","[85 0 170 100]","""""","9.9","false","{breed social-friends}","0","""default""","""none""","0"
"{citizen 0}","{citizen 44}","[85 0 170 100]","""""","9.9","false","{breed social-friends}","0","""default""","""none""","0"
"{citizen 0}","{citizen 45}","[141 141 141 100]","""""","9.9","false","{breed social-friends}","0","""default""","""none""","0"
"{citizen 0}","{citizen 48}","[85 0 170 100]","""""","9.9","false","{breed social-friends}","0","""default""","""none""","0"
"{citizen 1}","{citizen 0}","[85 0 170 100]","""""","9.9","false","{breed social-friends}","0","""default""","""none""","0"
"{citizen 1}","{citizen 2}","[85 0 170 100]","""""","9.9","false","{breed social-friends}","0","""default""","""none""","0"
"{citizen 1}","{citizen 5}","[141 141 141 100]","""""","9.9","false","{breed social-friends}","0","""default""","""none""","0"
"{citizen 1}","{citizen 6}","[85 0 170 100]","""""","9.9","false","{breed social-friends}","0","""default""","""none""","0"
"{citizen 1}","{citizen 7}","[85 0 170 100]","""""","9.9","false","{breed social-friends}","0","""default""","""none""","0"
"{citizen 1}","{citizen 10}","[85 0 170 100]","""""","9.9","false","{breed social-friends}","0","""default""","""none""","0"
"{citizen 1}","{citizen 11}","[85 0 170 100]","""""","9.9","false","{breed social-friends}","0","""default""","""none""","0"
"{citizen 1}","{citizen 12}","[85 0 170 100]","""""","9.9","false","{breed social-friends}","0","""default""","""none""","0"
"{citizen 1}","{citizen 13}","[85 0 170 100]","""""","9.9","false","{breed social-friends}","0","""default""","""none""","0"
"{citizen 1}","{citizen 14}","[85 0 170 100]","""""","9.9","false","{breed social-friends}","0","""default""","""none""","0"
"{citizen 1}","{citizen 16}","[85 0 170 100]","""""","9.9","false","{breed social-friends}","0","""default""","""none""","0"
"{citizen 1}","{citizen 17}","[85 0 170 100]","""""","9.9","false","{breed social-friends}","0","""default""","""none""","0"
"{citizen 1}","{citizen 18}","[85 0 170 100]","""""","9.9","false","{breed social-friends}","0","""default""","""none""","0"
"{citizen 1}","{citizen 20}","[85 0 170 100]","""""","9.9","false","{breed social-friends}","0","""default""","""none""","0"
"{citizen 1}","{citizen 21}","[85 0 170 100]","""""","9.9","false","{breed social-friends}","0","""default""","""none""","0"
"{citizen 1}","{citizen 23}","[85 0 170 100]","""""","9.9","false","{breed social-friends}","0","""default""","""none""","0"
"{citizen 1}","{citizen 24}","[85 0 170 100]","""""","9.9","false","{breed social-friends}","0","""default""","""none""","0"
"{citizen 1}","{citizen 25}","[141 141 141 100]","""""","9.9","false","{breed social-friends}","0","""default""","""none""","0"
"{citizen 1}","{citizen 26}","[85 0 170 100]","""""","9.9","false","{breed social-friends}","0","""default""","""none""","0"
"{citizen 1}","{citizen 27}","[141 141 141 100]","""""","9.9","false","{breed social-friends}","0","""default""","""none""","0"
"{citizen 1}","{citizen 28}","[85 0 170 100]","""""","9.9","false","{breed social-friends}","0","""default""","""none""","0"
"{citizen 1}","{citizen 32}","[141 141 141 100]","""""","9.9","false","{breed social-friends}","0","""default""","""none""","0"
"{citizen 1}","{citizen 34}","[85 0 170 100]","""""","9.9","false","{breed social-friends}","0","""default""","""none""","0"
"{citizen 1}","{citizen 36}","[85 0 170 100]","""""","9.9","false","{breed social-friends}","0","""default""","""none""","0"
"{citizen 1}","{citizen 37}","[85 0 170 100]","""""","9.9","false","{breed social-friends}","0","""default""","""none""","0"
"{citizen 1}","{citizen 38}","[141 141 141 100]","""""","9.9","false","{breed social-friends}","0","""default""","""none""","0"
"{citizen 1}","{citizen 39}","[85 0 170 100]","""""","9.9","false","{breed social-friends}","0","""default""","""none""","0"
"{citizen 1}","{citizen 40}","[85 0 170 100]","""""","9.9","false","{breed social-friends}","0","""default""","""none""","0"
"{citizen 1}","{citizen 43}","[85 0 170 100]","""""","9.9","false","{breed social-friends}","0","""default""","""none""","0"
"{citizen 1}","{citizen 44}","[85 0 170 100]","""""","9.9","false","{breed social-friends}","0","""default""","""none""","0"
"{citizen 1}","{citizen 45}","[141 141 141 100]","""""","9.9","false","{breed social-friends}","0","""default""","""none""","0"
"{citizen 1}","{citizen 46}","[141 141 141 100]","""""","9.9","false","{breed social-friends}","0","""default""","""none""","0"
"{citizen 1}","{citizen 48}","[85 0 170 100]","""""","9.9","false","{breed social-friends}","0","""default""","""none""","0"
"{citizen 2}","{citizen 0}","[85 0 170 100]","""""","9.9","false","{breed social-friends}","0","""default""","""none""","0"
"{citizen 2}","{citizen 1}","[85 0 170 100]","""""","9.9","false","{breed social-friends}","0","""default""","""none""","0"
"{citizen 2}","{citizen 4}","[141 141 141 100]","""""","9.9","false","{breed social-friends}","0","""default""","""none""","0"
"{citizen 2}","{citizen 6}","[85 0 170 100]","""""","9.9","false","{breed social-friends}","0","""default""","""none""","0"
"{citizen 2}","{citizen 7}","[85 0 170 100]","""""","9.9","false","{breed social-friends}","0","""default""","""none""","0"
"{citizen 2}","{citizen 10}","[85 0 170 100]","""""","9.9","false","{breed social-friends}","0","""default""","""none""","0"
"{citizen 2}","{citizen 11}","[85 0 170 100]","""""","9.9","false","{breed social-friends}","0","""default""","""none""","0"
"{citizen 2}","{citizen 12}","[85 0 170 100]","""""","9.9","false","{breed social-friends}","0","""default""","""none""","0"
"{citizen 2}","{citizen 13}","[85 0 170 100]","""""","9.9","false","{breed social-friends}","0","""default""","""none""","0"
"{citizen 2}","{citizen 14}","[85 0 170 100]","""""","9.9","false","{breed social-friends}","0","""default""","""none""","0"
"{citizen 2}","{citizen 15}","[141 141 141 100]","""""","9.9","false","{breed social-friends}","0","""default""","""none""","0"
"{citizen 2}","{citizen 16}","[85 0 170 100]","""""","9.9","false","{breed social-friends}","0","""default""","""none""","0"
"{citizen 2}","{citizen 17}","[85 0 170 100]","""""","9.9","false","{breed social-friends}","0","""default""","""none""","0"
"{citizen 2}","{citizen 18}","[85 0 170 100]","""""","9.9","false","{breed social-friends}","0","""default""","""none""","0"
"{citizen 2}","{citizen 20}","[85 0 170 100]","""""","9.9","false","{breed social-friends}","0","""default""","""none""","0"
"{citizen 2}","{citizen 21}","[85 0 170 100]","""""","9.9","false","{breed social-friends}","0","""default""","""none""","0"
"{citizen 2}","{citizen 23}","[85 0 170 100]","""""","9.9","false","{breed social-friends}","0","""default""","""none""","0"
"{citizen 2}","{citizen 24}","[85 0 170 100]","""""","9.9","false","{breed social-friends}","0","""default""","""none""","0"
"{citizen 2}","{citizen 26}","[85 0 170 100]","""""","9.9","false","{breed social-friends}","0","""default""","""none""","0"
"{citizen 2}","{citizen 27}","[141 141 141 100]","""""","9.9","false","{breed social-friends}","0","""default""","""none""","0"
"{citizen 2}","{citizen 28}","[85 0 170 100]","""""","9.9","false","{breed social-friends}","0","""default""","""none""","0"
"{citizen 2}","{citizen 32}","[141 141 141 100]","""""","9.9","false","{breed social-friends}","0","""default""","""none""","0"
"{citizen 2}","{citizen 34}","[85 0 170 100]","""""","9.9","false","{breed social-friends}","0","""default""","""none""","0"
"{citizen 2}","{citizen 36}","[85 0 170 100]","""""","9.9","false","{breed social-friends}","0","""default""","""none""","0"
"{citizen 2}","{citizen 37}","[85 0 170 100]","""""","9.9","false","{breed social-friends}","0","""default""","""none""","0"
"{citizen 2}","{citizen 39}","[85 0 170 100]","""""","9.9","false","{breed social-friends}","0","""default""","""none""","0"
"{citizen 2}","{citizen 40}","[85 0 170 100]","""""","9.9","false","{breed social-friends}","0","""default""","""none""","0"
"{citizen 2}","{citizen 43}","[85 0 170 100]","""""","9.9","false","{breed social-friends}","0","""default""","""none""","0"
"{citizen 2}","{citizen 44}","[85 0 170 100]","""""","9.9","false","{breed social-friends}","0","""default""","""none""","0"
"{citizen 2}","{citizen 45}","[141 141 141 100]","""""","9.9","false","{breed social-friends}","0","""default""","""none""","0"
"{citizen 2}","{citizen 46}","[141 141 141 100]","""""","9.9","false","{breed social-friends}","0","""default""","""none""","0"
"{citizen 2}","{citizen 48}","[85 0 170 100]","""""","9.9","false","{breed social-friends}","0","""default""","""none""","0"
"{citizen 2}","{citizen 49}","[141 141 141 100]","""""","9.9","false","{breed social-friends}","0","""default""","""none""","0"
"{citizen 3}","{citizen 9}","[213 0 42 100]","""""","9.9","false","{breed social-friends}","0","""default""","""none""","0"
"{citizen 3}","{citizen 15}","[213 0 42 100]","""""","9.9","false","{breed social-friends}","0","""default""","""none""","0"
"{citizen 3}","{citizen 22}","[213 0 42 100]","""""","9.9","false","{breed social-friends}","0","""default""","""none""","0"
"{citizen 3}","{citizen 30}","[213 0 42 100]","""""","9.9","false","{breed social-friends}","0","""default""","""none""","0"
"{citizen 3}","{citizen 31}","[213 0 42 100]","""""","9.9","false","{breed social-friends}","0","""default""","""none""","0"
"{citizen 3}","{citizen 32}","[213 0 42 100]","""""","9.9","false","{breed social-friends}","0","""default""","""none""","0"
"{citizen 3}","{citizen 33}","[213 0 42 100]","""""","9.9","false","{breed social-friends}","0","""default""","""none""","0"
"{citizen 3}","{citizen 35}","[213 0 42 100]","""""","9.9","false","{breed social-friends}","0","""default""","""none""","0"
"{citizen 3}","{citizen 42}","[213 0 42 100]","""""","9.9","false","{breed social-friends}","0","""default""","""none""","0"
"{citizen 3}","{citizen 45}","[213 0 42 100]","""""","9.9","false","{breed social-friends}","0","""default""","""none""","0"
"{citizen 4}","{citizen 2}","[141 141 141 100]","""""","9.9","false","{breed social-friends}","0","""default""","""none""","0"
"{citizen 4}","{citizen 12}","[141 141 141 100]","""""","9.9","false","{breed social-friends}","0","""default""","""none""","0"
"{citizen 4}","{citizen 15}","[213 0 42 100]","""""","9.9","false","{breed social-friends}","0","""default""","""none""","0"
"{citizen 4}","{citizen 19}","[213 0 42 100]","""""","9.9","false","{breed social-friends}","0","""default""","""none""","0"
"{citizen 4}","{citizen 24}","[141 141 141 100]","""""","9.9","false","{breed social-friends}","0","""default""","""none""","0"
"{citizen 4}","{citizen 29}","[213 0 42 100]","""""","9.9","false","{breed social-friends}","0","""default""","""none""","0"
"{citizen 4}","{citizen 30}","[213 0 42 100]","""""","9.9","false","{breed social-friends}","0","""default""","""none""","0"
"{citizen 4}","{citizen 31}","[213 0 42 100]","""""","9.9","false","{breed social-friends}","0","""default""","""none""","0"
"{citizen 4}","{citizen 35}","[213 0 42 100]","""""","9.9","false","{breed social-friends}","0","""default""","""none""","0"
"{citizen 4}","{citizen 39}","[141 141 141 100]","""""","9.9","false","{breed social-friends}","0","""default""","""none""","0"
"{citizen 4}","{citizen 40}","[141 141 141 100]","""""","9.9","false","{breed social-friends}","0","""default""","""none""","0"
"{citizen 4}","{citizen 41}","[213 0 42 100]","""""","9.9","false","{breed social-friends}","0","""default""","""none""","0"
"{citizen 4}","{citizen 42}","[213 0 42 100]","""""","9.9","false","{breed social-friends}","0","""default""","""none""","0"
"{citizen 4}","{citizen 44}","[141 141 141 100]","""""","9.9","false","{breed social-friends}","0","""default""","""none""","0"
"{citizen 4}","{citizen 47}","[213 0 42 100]","""""","9.9","false","{breed social-friends}","0","""default""","""none""","0"
"{citizen 4}","{citizen 48}","[141 141 141 100]","""""","9.9","false","{breed social-friends}","0","""default""","""none""","0"
"{citizen 5}","{citizen 1}","[141 141 141 100]","""""","9.9","false","{breed social-friends}","0","""default""","""none""","0"
"{citizen 5}","{citizen 6}","[141 141 141 100]","""""","9.9","false","{breed social-friends}","0","""default""","""none""","0"
"{citizen 5}","{citizen 7}","[141 141 141 100]","""""","9.9","false","{breed social-friends}","0","""default""","""none""","0"
"{citizen 5}","{citizen 8}","[213 0 42 100]","""""","9.9","false","{breed social-friends}","0","""default""","""none""","0"
"{citizen 5}","{citizen 10}","[141 141 141 100]","""""","9.9","false","{breed social-friends}","0","""default""","""none""","0"
"{citizen 5}","{citizen 11}","[141 141 141 100]","""""","9.9","false","{breed social-friends}","0","""default""","""none""","0"
"{citizen 5}","{citizen 13}","[141 141 141 100]","""""","9.9","false","{breed social-friends}","0","""default""","""none""","0"
"{citizen 5}","{citizen 14}","[141 141 141 100]","""""","9.9","false","{breed social-friends}","0","""default""","""none""","0"
"{citizen 5}","{citizen 15}","[213 0 42 100]","""""","9.9","false","{breed social-friends}","0","""default""","""none""","0"
"{citizen 5}","{citizen 17}","[141 141 141 100]","""""","9.9","false","{breed social-friends}","0","""default""","""none""","0"
"{citizen 5}","{citizen 20}","[141 141 141 100]","""""","9.9","false","{breed social-friends}","0","""default""","""none""","0"
"{citizen 5}","{citizen 21}","[141 141 141 100]","""""","9.9","false","{breed social-friends}","0","""default""","""none""","0"
"{citizen 5}","{citizen 23}","[141 141 141 100]","""""","9.9","false","{breed social-friends}","0","""default""","""none""","0"
"{citizen 5}","{citizen 24}","[141 141 141 100]","""""","9.9","false","{breed social-friends}","0","""default""","""none""","0"
"{citizen 5}","{citizen 26}","[141 141 141 100]","""""","9.9","false","{breed social-friends}","0","""default""","""none""","0"
"{citizen 5}","{citizen 28}","[141 141 141 100]","""""","9.9","false","{breed social-friends}","0","""default""","""none""","0"
"{citizen 5}","{citizen 30}","[213 0 42 100]","""""","9.9","false","{breed social-friends}","0","""default""","""none""","0"
"{citizen 5}","{citizen 31}","[213 0 42 100]","""""","9.9","false","{breed social-friends}","0","""default""","""none""","0"
"{citizen 5}","{citizen 34}","[141 141 141 100]","""""","9.9","false","{breed social-friends}","0","""default""","""none""","0"
"{citizen 5}","{citizen 35}","[213 0 42 100]","""""","9.9","false","{breed social-friends}","0","""default""","""none""","0"
"{citizen 5}","{citizen 38}","[213 0 42 100]","""""","9.9","false","{breed social-friends}","0","""default""","""none""","0"
"{citizen 5}","{citizen 39}","[141 141 141 100]","""""","9.9","false","{breed social-friends}","0","""default""","""none""","0"
"{citizen 5}","{citizen 40}","[141 141 141 100]","""""","9.9","false","{breed social-friends}","0","""default""","""none""","0"
"{citizen 5}","{citizen 41}","[213 0 42 100]","""""","9.9","false","{breed social-friends}","0","""default""","""none""","0"
"{citizen 5}","{citizen 42}","[213 0 42 100]","""""","9.9","false","{breed social-friends}","0","""default""","""none""","0"
"{citizen 5}","{citizen 43}","[141 141 141 100]","""""","9.9","false","{breed social-friends}","0","""default""","""none""","0"
"{citizen 5}","{citizen 44}","[141 141 141 100]","""""","9.9","false","{breed social-friends}","0","""default""","""none""","0"
"{citizen 5}","{citizen 48}","[141 141 141 100]","""""","9.9","false","{breed social-friends}","0","""default""","""none""","0"
"{citizen 5}","{citizen 49}","[213 0 42 100]","""""","9.9","false","{breed social-friends}","0","""default""","""none""","0"
"{citizen 6}","{citizen 0}","[85 0 170 100]","""""","9.9","false","{breed social-friends}","0","""default""","""none""","0"
"{citizen 6}","{citizen 1}","[85 0 170 100]","""""","9.9","false","{breed social-friends}","0","""default""","""none""","0"
"{citizen 6}","{citizen 2}","[85 0 170 100]","""""","9.9","false","{breed social-friends}","0","""default""","""none""","0"
"{citizen 6}","{citizen 5}","[141 141 141 100]","""""","9.9","false","{breed social-friends}","0","""default""","""none""","0"
"{citizen 6}","{citizen 7}","[85 0 170 100]","""""","9.9","false","{breed social-friends}","0","""default""","""none""","0"
"{citizen 6}","{citizen 10}","[85 0 170 100]","""""","9.9","false","{breed social-friends}","0","""default""","""none""","0"
"{citizen 6}","{citizen 11}","[85 0 170 100]","""""","9.9","false","{breed social-friends}","0","""default""","""none""","0"
"{citizen 6}","{citizen 12}","[85 0 170 100]","""""","9.9","false","{breed social-friends}","0","""default""","""none""","0"
"{citizen 6}","{citizen 13}","[85 0 170 100]","""""","9.9","false","{breed social-friends}","0","""default""","""none""","0"
"{citizen 6}","{citizen 14}","[85 0 170 100]","""""","9.9","false","{breed social-friends}","0","""default""","""none""","0"
"{citizen 6}","{citizen 16}","[85 0 170 100]","""""","9.9","false","{breed social-friends}","0","""default""","""none""","0"
"{citizen 6}","{citizen 17}","[85 0 170 100]","""""","9.9","false","{breed social-friends}","0","""default""","""none""","0"
"{citizen 6}","{citizen 18}","[85 0 170 100]","""""","9.9","false","{breed social-friends}","0","""default""","""none""","0"
"{citizen 6}","{citizen 20}","[85 0 170 100]","""""","9.9","false","{breed social-friends}","0","""default""","""none""","0"
"{citizen 6}","{citizen 21}","[85 0 170 100]","""""","9.9","false","{breed social-friends}","0","""default""","""none""","0"
"{citizen 6}","{citizen 23}","[85 0 170 100]","""""","9.9","false","{breed social-friends}","0","""default""","""none""","0"
"{citizen 6}","{citizen 24}","[85 0 170 100]","""""","9.9","false","{breed social-friends}","0","""default""","""none""","0"
"{citizen 6}","{citizen 25}","[141 141 141 100]","""""","9.9","false","{breed social-friends}","0","""default""","""none""","0"
"{citizen 6}","{citizen 26}","[85 0 170 100]","""""","9.9","false","{breed social-friends}","0","""default""","""none""","0"
"{citizen 6}","{citizen 28}","[85 0 170 100]","""""","9.9","false","{breed social-friends}","0","""default""","""none""","0"
"{citizen 6}","{citizen 32}","[141 141 141 100]","""""","9.9","false","{breed social-friends}","0","""default""","""none""","0"
"{citizen 6}","{citizen 34}","[85 0 170 100]","""""","9.9","false","{breed social-friends}","0","""default""","""none""","0"
"{citizen 6}","{citizen 36}","[85 0 170 100]","""""","9.9","false","{breed social-friends}","0","""default""","""none""","0"
"{citizen 6}","{citizen 37}","[85 0 170 100]","""""","9.9","false","{breed social-friends}","0","""default""","""none""","0"
"{citizen 6}","{citizen 39}","[85 0 170 100]","""""","9.9","false","{breed social-friends}","0","""default""","""none""","0"
"{citizen 6}","{citizen 40}","[85 0 170 100]","""""","9.9","false","{breed social-friends}","0","""default""","""none""","0"
"{citizen 6}","{citizen 43}","[85 0 170 100]","""""","9.9","false","{breed social-friends}","0","""default""","""none""","0"
"{citizen 6}","{citizen 44}","[85 0 170 100]","""""","9.9","false","{breed social-friends}","0","""default""","""none""","0"
"{citizen 6}","{citizen 46}","[141 141 141 100]","""""","9.9","false","{breed social-friends}","0","""default""","""none""","0"
"{citizen 6}","{citizen 48}","[85 0 170 100]","""""","9.9","false","{breed social-friends}","0","""default""","""none""","0"
"{citizen 6}","{citizen 49}","[141 141 141 100]","""""","9.9","false","{breed social-friends}","0","""default""","""none""","0"
"{citizen 7}","{citizen 0}","[85 0 170 100]","""""","9.9","false","{breed social-friends}","0","""default""","""none""","0"
"{citizen 7}","{citizen 1}","[85 0 170 100]","""""","9.9","false","{breed social-friends}","0","""default""","""none""","0"
"{citizen 7}","{citizen 2}","[85 0 170 100]","""""","9.9","false","{breed social-friends}","0","""default""","""none""","0"
"{citizen 7}","{citizen 5}","[141 141 141 100]","""""","9.9","false","{breed social-friends}","0","""default""","""none""","0"
"{citizen 7}","{citizen 6}","[85 0 170 100]","""""","9.9","false","{breed social-friends}","0","""default""","""none""","0"
"{citizen 7}","{citizen 10}","[85 0 170 100]","""""","9.9","false","{breed social-friends}","0","""default""","""none""","0"
"{citizen 7}","{citizen 11}","[85 0 170 100]","""""","9.9","false","{breed social-friends}","0","""default""","""none""","0"
"{citizen 7}","{citizen 12}","[85 0 170 100]","""""","9.9","false","{breed social-friends}","0","""default""","""none""","0"
"{citizen 7}","{citizen 13}","[85 0 170 100]","""""","9.9","false","{breed social-friends}","0","""default""","""none""","0"
"{citizen 7}","{citizen 14}","[85 0 170 100]","""""","9.9","false","{breed social-friends}","0","""default""","""none""","0"
"{citizen 7}","{citizen 15}","[141 141 141 100]","""""","9.9","false","{breed social-friends}","0","""default""","""none""","0"
"{citizen 7}","{citizen 16}","[85 0 170 100]","""""","9.9","false","{breed social-friends}","0","""default""","""none""","0"
"{citizen 7}","{citizen 17}","[85 0 170 100]","""""","9.9","false","{breed social-friends}","0","""default""","""none""","0"
"{citizen 7}","{citizen 18}","[85 0 170 100]","""""","9.9","false","{breed social-friends}","0","""default""","""none""","0"
"{citizen 7}","{citizen 20}","[85 0 170 100]","""""","9.9","false","{breed social-friends}","0","""default""","""none""","0"
"{citizen 7}","{citizen 21}","[85 0 170 100]","""""","9.9","false","{breed social-friends}","0","""default""","""none""","0"
"{citizen 7}","{citizen 23}","[85 0 170 100]","""""","9.9","false","{breed social-friends}","0","""default""","""none""","0"
"{citizen 7}","{citizen 24}","[85 0 170 100]","""""","9.9","false","{breed social-friends}","0","""default""","""none""","0"
"{citizen 7}","{citizen 25}","[141 141 141 100]","""""","9.9","false","{breed social-friends}","0","""default""","""none""","0"
"{citizen 7}","{citizen 26}","[85 0 170 100]","""""","9.9","false","{breed social-friends}","0","""default""","""none""","0"
"{citizen 7}","{citizen 27}","[141 141 141 100]","""""","9.9","false","{breed social-friends}","0","""default""","""none""","0"
"{citizen 7}","{citizen 28}","[85 0 170 100]","""""","9.9","false","{breed social-friends}","0","""default""","""none""","0"
"{citizen 7}","{citizen 32}","[141 141 141 100]","""""","9.9","false","{breed social-friends}","0","""default""","""none""","0"
"{citizen 7}","{citizen 34}","[85 0 170 100]","""""","9.9","false","{breed social-friends}","0","""default""","""none""","0"
"{citizen 7}","{citizen 36}","[85 0 170 100]","""""","9.9","false","{breed social-friends}","0","""default""","""none""","0"
"{citizen 7}","{citizen 37}","[85 0 170 100]","""""","9.9","false","{breed social-friends}","0","""default""","""none""","0"
"{citizen 7}","{citizen 39}","[85 0 170 100]","""""","9.9","false","{breed social-friends}","0","""default""","""none""","0"
"{citizen 7}","{citizen 40}","[85 0 170 100]","""""","9.9","false","{breed social-friends}","0","""default""","""none""","0"
"{citizen 7}","{citizen 41}","[141 141 141 100]","""""","9.9","false","{breed social-friends}","0","""default""","""none""","0"
"{citizen 7}","{citizen 43}","[85 0 170 100]","""""","9.9","false","{breed social-friends}","0","""default""","""none""","0"
"{citizen 7}","{citizen 44}","[85 0 170 100]","""""","9.9","false","{breed social-friends}","0","""default""","""none""","0"
"{citizen 7}","{citizen 45}","[141 141 141 100]","""""","9.9","false","{breed social-friends}","0","""default""","""none""","0"
"{citizen 7}","{citizen 46}","[141 141 141 100]","""""","9.9","false","{breed social-friends}","0","""default""","""none""","0"
"{citizen 7}","{citizen 48}","[85 0 170 100]","""""","9.9","false","{breed social-friends}","0","""default""","""none""","0"
"{citizen 7}","{citizen 49}","[141 141 141 100]","""""","9.9","false","{breed social-friends}","0","""default""","""none""","0"
"{citizen 8}","{citizen 5}","[213 0 42 100]","""""","9.9","false","{breed social-friends}","0","""default""","""none""","0"
"{citizen 8}","{citizen 9}","[213 0 42 100]","""""","9.9","false","{breed social-friends}","0","""default""","""none""","0"
"{citizen 8}","{citizen 15}","[213 0 42 100]","""""","9.9","false","{breed social-friends}","0","""default""","""none""","0"
"{citizen 8}","{citizen 17}","[141 141 141 100]","""""","9.9","false","{breed social-friends}","0","""default""","""none""","0"
"{citizen 8}","{citizen 19}","[213 0 42 100]","""""","9.9","false","{breed social-friends}","0","""default""","""none""","0"
"{citizen 8}","{citizen 20}","[141 141 141 100]","""""","9.9","false","{breed social-friends}","0","""default""","""none""","0"
"{citizen 8}","{citizen 25}","[213 0 42 100]","""""","9.9","false","{breed social-friends}","0","""default""","""none""","0"
"{citizen 8}","{citizen 27}","[213 0 42 100]","""""","9.9","false","{breed social-friends}","0","""default""","""none""","0"
"{citizen 8}","{citizen 30}","[213 0 42 100]","""""","9.9","false","{breed social-friends}","0","""default""","""none""","0"
"{citizen 8}","{citizen 31}","[213 0 42 100]","""""","9.9","false","{breed social-friends}","0","""default""","""none""","0"
"{citizen 8}","{citizen 33}","[213 0 42 100]","""""","9.9","false","{breed social-friends}","0","""default""","""none""","0"
"{citizen 8}","{citizen 34}","[141 141 141 100]","""""","9.9","false","{breed social-friends}","0","""default""","""none""","0"
"{citizen 8}","{citizen 35}","[213 0 42 100]","""""","9.9","false","{breed social-friends}","0","""default""","""none""","0"
"{citizen 8}","{citizen 36}","[141 141 141 100]","""""","9.9","false","{breed social-friends}","0","""default""","""none""","0"
"{citizen 8}","{citizen 38}","[213 0 42 100]","""""","9.9","false","{breed social-friends}","0","""default""","""none""","0"
"{citizen 8}","{citizen 42}","[213 0 42 100]","""""","9.9","false","{breed social-friends}","0","""default""","""none""","0"
"{citizen 8}","{citizen 46}","[213 0 42 100]","""""","9.9","false","{breed social-friends}","0","""default""","""none""","0"
"{citizen 8}","{citizen 47}","[213 0 42 100]","""""","9.9","false","{breed social-friends}","0","""default""","""none""","0"
"{citizen 8}","{citizen 49}","[213 0 42 100]","""""","9.9","false","{breed social-friends}","0","""default""","""none""","0"
"{citizen 9}","{citizen 3}","[213 0 42 100]","""""","9.9","false","{breed social-friends}","0","""default""","""none""","0"
"{citizen 9}","{citizen 8}","[213 0 42 100]","""""","9.9","false","{breed social-friends}","0","""default""","""none""","0"
"{citizen 9}","{citizen 12}","[141 141 141 100]","""""","9.9","false","{breed social-friends}","0","""default""","""none""","0"
"{citizen 9}","{citizen 15}","[213 0 42 100]","""""","9.9","false","{breed social-friends}","0","""default""","""none""","0"
"{citizen 9}","{citizen 24}","[141 141 141 100]","""""","9.9","false","{breed social-friends}","0","""default""","""none""","0"
"{citizen 9}","{citizen 29}","[213 0 42 100]","""""","9.9","false","{breed social-friends}","0","""default""","""none""","0"
"{citizen 9}","{citizen 30}","[213 0 42 100]","""""","9.9","false","{breed social-friends}","0","""default""","""none""","0"
"{citizen 9}","{citizen 31}","[213 0 42 100]","""""","9.9","false","{breed social-friends}","0","""default""","""none""","0"
"{citizen 9}","{citizen 32}","[213 0 42 100]","""""","9.9","false","{breed social-friends}","0","""default""","""none""","0"
"{citizen 9}","{citizen 33}","[213 0 42 100]","""""","9.9","false","{breed social-friends}","0","""default""","""none""","0"
"{citizen 9}","{citizen 35}","[213 0 42 100]","""""","9.9","false","{breed social-friends}","0","""default""","""none""","0"
"{citizen 9}","{citizen 38}","[213 0 42 100]","""""","9.9","false","{breed social-friends}","0","""default""","""none""","0"
"{citizen 9}","{citizen 41}","[213 0 42 100]","""""","9.9","false","{breed social-friends}","0","""default""","""none""","0"
"{citizen 9}","{citizen 42}","[213 0 42 100]","""""","9.9","false","{breed social-friends}","0","""default""","""none""","0"
"{citizen 9}","{citizen 45}","[213 0 42 100]","""""","9.9","false","{breed social-friends}","0","""default""","""none""","0"
"{citizen 9}","{citizen 46}","[213 0 42 100]","""""","9.9","false","{breed social-friends}","0","""default""","""none""","0"
"{citizen 9}","{citizen 47}","[213 0 42 100]","""""","9.9","false","{breed social-friends}","0","""default""","""none""","0"
"{citizen 10}","{citizen 0}","[85 0 170 100]","""""","9.9","false","{breed social-friends}","0","""default""","""none""","0"
"{citizen 10}","{citizen 1}","[85 0 170 100]","""""","9.9","false","{breed social-friends}","0","""default""","""none""","0"
"{citizen 10}","{citizen 2}","[85 0 170 100]","""""","9.9","false","{breed social-friends}","0","""default""","""none""","0"
"{citizen 10}","{citizen 5}","[141 141 141 100]","""""","9.9","false","{breed social-friends}","0","""default""","""none""","0"
"{citizen 10}","{citizen 6}","[85 0 170 100]","""""","9.9","false","{breed social-friends}","0","""default""","""none""","0"
"{citizen 10}","{citizen 7}","[85 0 170 100]","""""","9.9","false","{breed social-friends}","0","""default""","""none""","0"
"{citizen 10}","{citizen 11}","[85 0 170 100]","""""","9.9","false","{breed social-friends}","0","""default""","""none""","0"
"{citizen 10}","{citizen 12}","[85 0 170 100]","""""","9.9","false","{breed social-friends}","0","""default""","""none""","0"
"{citizen 10}","{citizen 13}","[85 0 170 100]","""""","9.9","false","{breed social-friends}","0","""default""","""none""","0"
"{citizen 10}","{citizen 14}","[85 0 170 100]","""""","9.9","false","{breed social-friends}","0","""default""","""none""","0"
"{citizen 10}","{citizen 16}","[85 0 170 100]","""""","9.9","false","{breed social-friends}","0","""default""","""none""","0"
"{citizen 10}","{citizen 17}","[85 0 170 100]","""""","9.9","false","{breed social-friends}","0","""default""","""none""","0"
"{citizen 10}","{citizen 18}","[85 0 170 100]","""""","9.9","false","{breed social-friends}","0","""default""","""none""","0"
"{citizen 10}","{citizen 20}","[85 0 170 100]","""""","9.9","false","{breed social-friends}","0","""default""","""none""","0"
"{citizen 10}","{citizen 21}","[85 0 170 100]","""""","9.9","false","{breed social-friends}","0","""default""","""none""","0"
"{citizen 10}","{citizen 23}","[85 0 170 100]","""""","9.9","false","{breed social-friends}","0","""default""","""none""","0"
"{citizen 10}","{citizen 24}","[85 0 170 100]","""""","9.9","false","{breed social-friends}","0","""default""","""none""","0"
"{citizen 10}","{citizen 26}","[85 0 170 100]","""""","9.9","false","{breed social-friends}","0","""default""","""none""","0"
"{citizen 10}","{citizen 27}","[141 141 141 100]","""""","9.9","false","{breed social-friends}","0","""default""","""none""","0"
"{citizen 10}","{citizen 28}","[85 0 170 100]","""""","9.9","false","{breed social-friends}","0","""default""","""none""","0"
"{citizen 10}","{citizen 34}","[85 0 170 100]","""""","9.9","false","{breed social-friends}","0","""default""","""none""","0"
"{citizen 10}","{citizen 36}","[85 0 170 100]","""""","9.9","false","{breed social-friends}","0","""default""","""none""","0"
"{citizen 10}","{citizen 37}","[85 0 170 100]","""""","9.9","false","{breed social-friends}","0","""default""","""none""","0"
"{citizen 10}","{citizen 39}","[85 0 170 100]","""""","9.9","false","{breed social-friends}","0","""default""","""none""","0"
"{citizen 10}","{citizen 40}","[85 0 170 100]","""""","9.9","false","{breed social-friends}","0","""default""","""none""","0"
"{citizen 10}","{citizen 43}","[85 0 170 100]","""""","9.9","false","{breed social-friends}","0","""default""","""none""","0"
"{citizen 10}","{citizen 44}","[85 0 170 100]","""""","9.9","false","{breed social-friends}","0","""default""","""none""","0"
"{citizen 10}","{citizen 45}","[141 141 141 100]","""""","9.9","false","{breed social-friends}","0","""default""","""none""","0"
"{citizen 10}","{citizen 46}","[141 141 141 100]","""""","9.9","false","{breed social-friends}","0","""default""","""none""","0"
"{citizen 10}","{citizen 48}","[85 0 170 100]","""""","9.9","false","{breed social-friends}","0","""default""","""none""","0"
"{citizen 11}","{citizen 0}","[85 0 170 100]","""""","9.9","false","{breed social-friends}","0","""default""","""none""","0"
"{citizen 11}","{citizen 1}","[85 0 170 100]","""""","9.9","false","{breed social-friends}","0","""default""","""none""","0"
"{citizen 11}","{citizen 2}","[85 0 170 100]","""""","9.9","false","{breed social-friends}","0","""default""","""none""","0"
"{citizen 11}","{citizen 5}","[141 141 141 100]","""""","9.9","false","{breed social-friends}","0","""default""","""none""","0"
"{citizen 11}","{citizen 6}","[85 0 170 100]","""""","9.9","false","{breed social-friends}","0","""default""","""none""","0"
"{citizen 11}","{citizen 7}","[85 0 170 100]","""""","9.9","false","{breed social-friends}","0","""default""","""none""","0"
"{citizen 11}","{citizen 10}","[85 0 170 100]","""""","9.9","false","{breed social-friends}","0","""default""","""none""","0"
"{citizen 11}","{citizen 12}","[85 0 170 100]","""""","9.9","false","{breed social-friends}","0","""default""","""none""","0"
"{citizen 11}","{citizen 13}","[85 0 170 100]","""""","9.9","false","{breed social-friends}","0","""default""","""none""","0"
"{citizen 11}","{citizen 14}","[85 0 170 100]","""""","9.9","false","{breed social-friends}","0","""default""","""none""","0"
"{citizen 11}","{citizen 16}","[85 0 170 100]","""""","9.9","false","{breed social-friends}","0","""default""","""none""","0"
"{citizen 11}","{citizen 17}","[85 0 170 100]","""""","9.9","false","{breed social-friends}","0","""default""","""none""","0"
"{citizen 11}","{citizen 18}","[85 0 170 100]","""""","9.9","false","{breed social-friends}","0","""default""","""none""","0"
"{citizen 11}","{citizen 19}","[141 141 141 100]","""""","9.9","false","{breed social-friends}","0","""default""","""none""","0"
"{citizen 11}","{citizen 20}","[85 0 170 100]","""""","9.9","false","{breed social-friends}","0","""default""","""none""","0"
"{citizen 11}","{citizen 21}","[85 0 170 100]","""""","9.9","false","{breed social-friends}","0","""default""","""none""","0"
"{citizen 11}","{citizen 22}","[141 141 141 100]","""""","9.9","false","{breed social-friends}","0","""default""","""none""","0"
"{citizen 11}","{citizen 23}","[85 0 170 100]","""""","9.9","false","{breed social-friends}","0","""default""","""none""","0"
"{citizen 11}","{citizen 24}","[85 0 170 100]","""""","9.9","false","{breed social-friends}","0","""default""","""none""","0"
"{citizen 11}","{citizen 25}","[141 141 141 100]","""""","9.9","false","{breed social-friends}","0","""default""","""none""","0"
"{citizen 11}","{citizen 26}","[85 0 170 100]","""""","9.9","false","{breed social-friends}","0","""default""","""none""","0"
"{citizen 11}","{citizen 27}","[141 141 141 100]","""""","9.9","false","{breed social-friends}","0","""default""","""none""","0"
"{citizen 11}","{citizen 28}","[85 0 170 100]","""""","9.9","false","{breed social-friends}","0","""default""","""none""","0"
"{citizen 11}","{citizen 32}","[141 141 141 100]","""""","9.9","false","{breed social-friends}","0","""default""","""none""","0"
"{citizen 11}","{citizen 34}","[85 0 170 100]","""""","9.9","false","{breed social-friends}","0","""default""","""none""","0"
"{citizen 11}","{citizen 36}","[85 0 170 100]","""""","9.9","false","{breed social-friends}","0","""default""","""none""","0"
"{citizen 11}","{citizen 37}","[85 0 170 100]","""""","9.9","false","{breed social-friends}","0","""default""","""none""","0"
"{citizen 11}","{citizen 39}","[85 0 170 100]","""""","9.9","false","{breed social-friends}","0","""default""","""none""","0"
"{citizen 11}","{citizen 40}","[85 0 170 100]","""""","9.9","false","{breed social-friends}","0","""default""","""none""","0"
"{citizen 11}","{citizen 43}","[85 0 170 100]","""""","9.9","false","{breed social-friends}","0","""default""","""none""","0"
"{citizen 11}","{citizen 44}","[85 0 170 100]","""""","9.9","false","{breed social-friends}","0","""default""","""none""","0"
"{citizen 11}","{citizen 45}","[141 141 141 100]","""""","9.9","false","{breed social-friends}","0","""default""","""none""","0"
"{citizen 11}","{citizen 46}","[141 141 141 100]","""""","9.9","false","{breed social-friends}","0","""default""","""none""","0"
"{citizen 11}","{citizen 48}","[85 0 170 100]","""""","9.9","false","{breed social-friends}","0","""default""","""none""","0"
"{citizen 12}","{citizen 0}","[85 0 170 100]","""""","9.9","false","{breed social-friends}","0","""default""","""none""","0"
"{citizen 12}","{citizen 1}","[85 0 170 100]","""""","9.9","false","{breed social-friends}","0","""default""","""none""","0"
"{citizen 12}","{citizen 2}","[85 0 170 100]","""""","9.9","false","{breed social-friends}","0","""default""","""none""","0"
"{citizen 12}","{citizen 4}","[141 141 141 100]","""""","9.9","false","{breed social-friends}","0","""default""","""none""","0"
"{citizen 12}","{citizen 6}","[85 0 170 100]","""""","9.9","false","{breed social-friends}","0","""default""","""none""","0"
"{citizen 12}","{citizen 7}","[85 0 170 100]","""""","9.9","false","{breed social-friends}","0","""default""","""none""","0"
"{citizen 12}","{citizen 9}","[141 141 141 100]","""""","9.9","false","{breed social-friends}","0","""default""","""none""","0"
"{citizen 12}","{citizen 10}","[85 0 170 100]","""""","9.9","false","{breed social-friends}","0","""default""","""none""","0"
"{citizen 12}","{citizen 11}","[85 0 170 100]","""""","9.9","false","{breed social-friends}","0","""default""","""none""","0"
"{citizen 12}","{citizen 13}","[85 0 170 100]","""""","9.9","false","{breed social-friends}","0","""default""","""none""","0"
"{citizen 12}","{citizen 14}","[85 0 170 100]","""""","9.9","false","{breed social-friends}","0","""default""","""none""","0"
"{citizen 12}","{citizen 15}","[141 141 141 100]","""""","9.9","false","{breed social-friends}","0","""default""","""none""","0"
"{citizen 12}","{citizen 16}","[85 0 170 100]","""""","9.9","false","{breed social-friends}","0","""default""","""none""","0"
"{citizen 12}","{citizen 17}","[85 0 170 100]","""""","9.9","false","{breed social-friends}","0","""default""","""none""","0"
"{citizen 12}","{citizen 18}","[85 0 170 100]","""""","9.9","false","{breed social-friends}","0","""default""","""none""","0"
"{citizen 12}","{citizen 20}","[85 0 170 100]","""""","9.9","false","{breed social-friends}","0","""default""","""none""","0"
"{citizen 12}","{citizen 21}","[85 0 170 100]","""""","9.9","false","{breed social-friends}","0","""default""","""none""","0"
"{citizen 12}","{citizen 22}","[141 141 141 100]","""""","9.9","false","{breed social-friends}","0","""default""","""none""","0"
"{citizen 12}","{citizen 23}","[85 0 170 100]","""""","9.9","false","{breed social-friends}","0","""default""","""none""","0"
"{citizen 12}","{citizen 24}","[85 0 170 100]","""""","9.9","false","{breed social-friends}","0","""default""","""none""","0"
"{citizen 12}","{citizen 25}","[141 141 141 100]","""""","9.9","false","{breed social-friends}","0","""default""","""none""","0"
"{citizen 12}","{citizen 26}","[85 0 170 100]","""""","9.9","false","{breed social-friends}","0","""default""","""none""","0"
"{citizen 12}","{citizen 27}","[141 141 141 100]","""""","9.9","false","{breed social-friends}","0","""default""","""none""","0"
"{citizen 12}","{citizen 28}","[85 0 170 100]","""""","9.9","false","{breed social-friends}","0","""default""","""none""","0"
"{citizen 12}","{citizen 32}","[141 141 141 100]","""""","9.9","false","{breed social-friends}","0","""default""","""none""","0"
"{citizen 12}","{citizen 34}","[85 0 170 100]","""""","9.9","false","{breed social-friends}","0","""default""","""none""","0"
"{citizen 12}","{citizen 36}","[85 0 170 100]","""""","9.9","false","{breed social-friends}","0","""default""","""none""","0"
"{citizen 12}","{citizen 37}","[85 0 170 100]","""""","9.9","false","{breed social-friends}","0","""default""","""none""","0"
"{citizen 12}","{citizen 39}","[85 0 170 100]","""""","9.9","false","{breed social-friends}","0","""default""","""none""","0"
"{citizen 12}","{citizen 40}","[85 0 170 100]","""""","9.9","false","{breed social-friends}","0","""default""","""none""","0"
"{citizen 12}","{citizen 43}","[85 0 170 100]","""""","9.9","false","{breed social-friends}","0","""default""","""none""","0"
"{citizen 12}","{citizen 44}","[85 0 170 100]","""""","9.9","false","{breed social-friends}","0","""default""","""none""","0"
"{citizen 12}","{citizen 45}","[141 141 141 100]","""""","9.9","false","{breed social-friends}","0","""default""","""none""","0"
"{citizen 12}","{citizen 46}","[141 141 141 100]","""""","9.9","false","{breed social-friends}","0","""default""","""none""","0"
"{citizen 12}","{citizen 48}","[85 0 170 100]","""""","9.9","false","{breed social-friends}","0","""default""","""none""","0"
"{citizen 12}","{citizen 49}","[141 141 141 100]","""""","9.9","false","{breed social-friends}","0","""default""","""none""","0"
"{citizen 13}","{citizen 0}","[85 0 170 100]","""""","9.9","false","{breed social-friends}","0","""default""","""none""","0"
"{citizen 13}","{citizen 1}","[85 0 170 100]","""""","9.9","false","{breed social-friends}","0","""default""","""none""","0"
"{citizen 13}","{citizen 2}","[85 0 170 100]","""""","9.9","false","{breed social-friends}","0","""default""","""none""","0"
"{citizen 13}","{citizen 5}","[141 141 141 100]","""""","9.9","false","{breed social-friends}","0","""default""","""none""","0"
"{citizen 13}","{citizen 6}","[85 0 170 100]","""""","9.9","false","{breed social-friends}","0","""default""","""none""","0"
"{citizen 13}","{citizen 7}","[85 0 170 100]","""""","9.9","false","{breed social-friends}","0","""default""","""none""","0"
"{citizen 13}","{citizen 10}","[85 0 170 100]","""""","9.9","false","{breed social-friends}","0","""default""","""none""","0"
"{citizen 13}","{citizen 11}","[85 0 170 100]","""""","9.9","false","{breed social-friends}","0","""default""","""none""","0"
"{citizen 13}","{citizen 12}","[85 0 170 100]","""""","9.9","false","{breed social-friends}","0","""default""","""none""","0"
"{citizen 13}","{citizen 14}","[85 0 170 100]","""""","9.9","false","{breed social-friends}","0","""default""","""none""","0"
"{citizen 13}","{citizen 15}","[141 141 141 100]","""""","9.9","false","{breed social-friends}","0","""default""","""none""","0"
"{citizen 13}","{citizen 16}","[85 0 170 100]","""""","9.9","false","{breed social-friends}","0","""default""","""none""","0"
"{citizen 13}","{citizen 17}","[85 0 170 100]","""""","9.9","false","{breed social-friends}","0","""default""","""none""","0"
"{citizen 13}","{citizen 18}","[85 0 170 100]","""""","9.9","false","{breed social-friends}","0","""default""","""none""","0"
"{citizen 13}","{citizen 20}","[85 0 170 100]","""""","9.9","false","{breed social-friends}","0","""default""","""none""","0"
"{citizen 13}","{citizen 21}","[85 0 170 100]","""""","9.9","false","{breed social-friends}","0","""default""","""none""","0"
"{citizen 13}","{citizen 23}","[85 0 170 100]","""""","9.9","false","{breed social-friends}","0","""default""","""none""","0"
"{citizen 13}","{citizen 24}","[85 0 170 100]","""""","9.9","false","{breed social-friends}","0","""default""","""none""","0"
"{citizen 13}","{citizen 26}","[85 0 170 100]","""""","9.9","false","{breed social-friends}","0","""default""","""none""","0"
"{citizen 13}","{citizen 27}","[141 141 141 100]","""""","9.9","false","{breed social-friends}","0","""default""","""none""","0"
"{citizen 13}","{citizen 28}","[85 0 170 100]","""""","9.9","false","{breed social-friends}","0","""default""","""none""","0"
"{citizen 13}","{citizen 32}","[141 141 141 100]","""""","9.9","false","{breed social-friends}","0","""default""","""none""","0"
"{citizen 13}","{citizen 34}","[85 0 170 100]","""""","9.9","false","{breed social-friends}","0","""default""","""none""","0"
"{citizen 13}","{citizen 36}","[85 0 170 100]","""""","9.9","false","{breed social-friends}","0","""default""","""none""","0"
"{citizen 13}","{citizen 37}","[85 0 170 100]","""""","9.9","false","{breed social-friends}","0","""default""","""none""","0"
"{citizen 13}","{citizen 39}","[85 0 170 100]","""""","9.9","false","{breed social-friends}","0","""default""","""none""","0"
"{citizen 13}","{citizen 40}","[85 0 170 100]","""""","9.9","false","{breed social-friends}","0","""default""","""none""","0"
"{citizen 13}","{citizen 43}","[85 0 170 100]","""""","9.9","false","{breed social-friends}","0","""default""","""none""","0"
"{citizen 13}","{citizen 44}","[85 0 170 100]","""""","9.9","false","{breed social-friends}","0","""default""","""none""","0"
"{citizen 13}","{citizen 48}","[85 0 170 100]","""""","9.9","false","{breed social-friends}","0","""default""","""none""","0"
"{citizen 14}","{citizen 0}","[85 0 170 100]","""""","9.9","false","{breed social-friends}","0","""default""","""none""","0"
"{citizen 14}","{citizen 1}","[85 0 170 100]","""""","9.9","false","{breed social-friends}","0","""default""","""none""","0"
"{citizen 14}","{citizen 2}","[85 0 170 100]","""""","9.9","false","{breed social-friends}","0","""default""","""none""","0"
"{citizen 14}","{citizen 5}","[141 141 141 100]","""""","9.9","false","{breed social-friends}","0","""default""","""none""","0"
"{citizen 14}","{citizen 6}","[85 0 170 100]","""""","9.9","false","{breed social-friends}","0","""default""","""none""","0"
"{citizen 14}","{citizen 7}","[85 0 170 100]","""""","9.9","false","{breed social-friends}","0","""default""","""none""","0"
"{citizen 14}","{citizen 10}","[85 0 170 100]","""""","9.9","false","{breed social-friends}","0","""default""","""none""","0"
"{citizen 14}","{citizen 11}","[85 0 170 100]","""""","9.9","false","{breed social-friends}","0","""default""","""none""","0"
"{citizen 14}","{citizen 12}","[85 0 170 100]","""""","9.9","false","{breed social-friends}","0","""default""","""none""","0"
"{citizen 14}","{citizen 13}","[85 0 170 100]","""""","9.9","false","{breed social-friends}","0","""default""","""none""","0"
"{citizen 14}","{citizen 16}","[85 0 170 100]","""""","9.9","false","{breed social-friends}","0","""default""","""none""","0"
"{citizen 14}","{citizen 17}","[85 0 170 100]","""""","9.9","false","{breed social-friends}","0","""default""","""none""","0"
"{citizen 14}","{citizen 18}","[85 0 170 100]","""""","9.9","false","{breed social-friends}","0","""default""","""none""","0"
"{citizen 14}","{citizen 19}","[141 141 141 100]","""""","9.9","false","{breed social-friends}","0","""default""","""none""","0"
"{citizen 14}","{citizen 20}","[85 0 170 100]","""""","9.9","false","{breed social-friends}","0","""default""","""none""","0"
"{citizen 14}","{citizen 21}","[85 0 170 100]","""""","9.9","false","{breed social-friends}","0","""default""","""none""","0"
"{citizen 14}","{citizen 23}","[85 0 170 100]","""""","9.9","false","{breed social-friends}","0","""default""","""none""","0"
"{citizen 14}","{citizen 24}","[85 0 170 100]","""""","9.9","false","{breed social-friends}","0","""default""","""none""","0"
"{citizen 14}","{citizen 25}","[141 141 141 100]","""""","9.9","false","{breed social-friends}","0","""default""","""none""","0"
"{citizen 14}","{citizen 26}","[85 0 170 100]","""""","9.9","false","{breed social-friends}","0","""default""","""none""","0"
"{citizen 14}","{citizen 27}","[141 141 141 100]","""""","9.9","false","{breed social-friends}","0","""default""","""none""","0"
"{citizen 14}","{citizen 28}","[85 0 170 100]","""""","9.9","false","{breed social-friends}","0","""default""","""none""","0"
"{citizen 14}","{citizen 34}","[85 0 170 100]","""""","9.9","false","{breed social-friends}","0","""default""","""none""","0"
"{citizen 14}","{citizen 36}","[85 0 170 100]","""""","9.9","false","{breed social-friends}","0","""default""","""none""","0"
"{citizen 14}","{citizen 37}","[85 0 170 100]","""""","9.9","false","{breed social-friends}","0","""default""","""none""","0"
"{citizen 14}","{citizen 38}","[141 141 141 100]","""""","9.9","false","{breed social-friends}","0","""default""","""none""","0"
"{citizen 14}","{citizen 39}","[85 0 170 100]","""""","9.9","false","{breed social-friends}","0","""default""","""none""","0"
"{citizen 14}","{citizen 40}","[85 0 170 100]","""""","9.9","false","{breed social-friends}","0","""default""","""none""","0"
"{citizen 14}","{citizen 43}","[85 0 170 100]","""""","9.9","false","{breed social-friends}","0","""default""","""none""","0"
"{citizen 14}","{citizen 44}","[85 0 170 100]","""""","9.9","false","{breed social-friends}","0","""default""","""none""","0"
"{citizen 14}","{citizen 46}","[141 141 141 100]","""""","9.9","false","{breed social-friends}","0","""default""","""none""","0"
"{citizen 14}","{citizen 48}","[85 0 170 100]","""""","9.9","false","{breed social-friends}","0","""default""","""none""","0"
"{citizen 14}","{citizen 49}","[141 141 141 100]","""""","9.9","false","{breed social-friends}","0","""default""","""none""","0"
"{citizen 15}","{citizen 2}","[141 141 141 100]","""""","9.9","false","{breed social-friends}","0","""default""","""none""","0"
"{citizen 15}","{citizen 3}","[213 0 42 100]","""""","9.9","false","{breed social-friends}","0","""default""","""none""","0"
"{citizen 15}","{citizen 4}","[213 0 42 100]","""""","9.9","false","{breed social-friends}","0","""default""","""none""","0"
"{citizen 15}","{citizen 5}","[213 0 42 100]","""""","9.9","false","{breed social-friends}","0","""default""","""none""","0"
"{citizen 15}","{citizen 7}","[141 141 141 100]","""""","9.9","false","{breed social-friends}","0","""default""","""none""","0"
"{citizen 15}","{citizen 8}","[213 0 42 100]","""""","9.9","false","{breed social-friends}","0","""default""","""none""","0"
"{citizen 15}","{citizen 9}","[213 0 42 100]","""""","9.9","false","{breed social-friends}","0","""default""","""none""","0"
"{citizen 15}","{citizen 12}","[141 141 141 100]","""""","9.9","false","{breed social-friends}","0","""default""","""none""","0"
"{citizen 15}","{citizen 13}","[141 141 141 100]","""""","9.9","false","{breed social-friends}","0","""default""","""none""","0"
"{citizen 15}","{citizen 19}","[213 0 42 100]","""""","9.9","false","{breed social-friends}","0","""default""","""none""","0"
"{citizen 15}","{citizen 22}","[213 0 42 100]","""""","9.9","false","{breed social-friends}","0","""default""","""none""","0"
"{citizen 15}","{citizen 25}","[213 0 42 100]","""""","9.9","false","{breed social-friends}","0","""default""","""none""","0"
"{citizen 15}","{citizen 27}","[213 0 42 100]","""""","9.9","false","{breed social-friends}","0","""default""","""none""","0"
"{citizen 15}","{citizen 29}","[213 0 42 100]","""""","9.9","false","{breed social-friends}","0","""default""","""none""","0"
"{citizen 15}","{citizen 30}","[213 0 42 100]","""""","9.9","false","{breed social-friends}","0","""default""","""none""","0"
"{citizen 15}","{citizen 31}","[213 0 42 100]","""""","9.9","false","{breed social-friends}","0","""default""","""none""","0"
"{citizen 15}","{citizen 32}","[213 0 42 100]","""""","9.9","false","{breed social-friends}","0","""default""","""none""","0"
"{citizen 15}","{citizen 33}","[213 0 42 100]","""""","9.9","false","{breed social-friends}","0","""default""","""none""","0"
"{citizen 15}","{citizen 35}","[213 0 42 100]","""""","9.9","false","{breed social-friends}","0","""default""","""none""","0"
"{citizen 15}","{citizen 37}","[141 141 141 100]","""""","9.9","false","{breed social-friends}","0","""default""","""none""","0"
"{citizen 15}","{citizen 38}","[213 0 42 100]","""""","9.9","false","{breed social-friends}","0","""default""","""none""","0"
"{citizen 15}","{citizen 39}","[141 141 141 100]","""""","9.9","false","{breed social-friends}","0","""default""","""none""","0"
"{citizen 15}","{citizen 40}","[141 141 141 100]","""""","9.9","false","{breed social-friends}","0","""default""","""none""","0"
"{citizen 15}","{citizen 41}","[213 0 42 100]","""""","9.9","false","{breed social-friends}","0","""default""","""none""","0"
"{citizen 15}","{citizen 42}","[213 0 42 100]","""""","9.9","false","{breed social-friends}","0","""default""","""none""","0"
"{citizen 15}","{citizen 44}","[141 141 141 100]","""""","9.9","false","{breed social-friends}","0","""default""","""none""","0"
"{citizen 15}","{citizen 45}","[213 0 42 100]","""""","9.9","false","{breed social-friends}","0","""default""","""none""","0"
"{citizen 15}","{citizen 46}","[213 0 42 100]","""""","9.9","false","{breed social-friends}","0","""default""","""none""","0"
"{citizen 15}","{citizen 47}","[213 0 42 100]","""""","9.9","false","{breed social-friends}","0","""default""","""none""","0"
"{citizen 15}","{citizen 48}","[141 141 141 100]","""""","9.9","false","{breed social-friends}","0","""default""","""none""","0"
"{citizen 15}","{citizen 49}","[213 0 42 100]","""""","9.9","false","{breed social-friends}","0","""default""","""none""","0"
"{citizen 16}","{citizen 0}","[85 0 170 100]","""""","9.9","false","{breed social-friends}","0","""default""","""none""","0"
"{citizen 16}","{citizen 1}","[85 0 170 100]","""""","9.9","false","{breed social-friends}","0","""default""","""none""","0"
"{citizen 16}","{citizen 2}","[85 0 170 100]","""""","9.9","false","{breed social-friends}","0","""default""","""none""","0"
"{citizen 16}","{citizen 6}","[85 0 170 100]","""""","9.9","false","{breed social-friends}","0","""default""","""none""","0"
"{citizen 16}","{citizen 7}","[85 0 170 100]","""""","9.9","false","{breed social-friends}","0","""default""","""none""","0"
"{citizen 16}","{citizen 10}","[85 0 170 100]","""""","9.9","false","{breed social-friends}","0","""default""","""none""","0"
"{citizen 16}","{citizen 11}","[85 0 170 100]","""""","9.9","false","{breed social-friends}","0","""default""","""none""","0"
"{citizen 16}","{citizen 12}","[85 0 170 100]","""""","9.9","false","{breed social-friends}","0","""default""","""none""","0"
"{citizen 16}","{citizen 13}","[85 0 170 100]","""""","9.9","false","{breed social-friends}","0","""default""","""none""","0"
"{citizen 16}","{citizen 14}","[85 0 170 100]","""""","9.9","false","{breed social-friends}","0","""default""","""none""","0"
"{citizen 16}","{citizen 17}","[85 0 170 100]","""""","9.9","false","{breed social-friends}","0","""default""","""none""","0"
"{citizen 16}","{citizen 18}","[85 0 170 100]","""""","9.9","false","{breed social-friends}","0","""default""","""none""","0"
"{citizen 16}","{citizen 20}","[85 0 170 100]","""""","9.9","false","{breed social-friends}","0","""default""","""none""","0"
"{citizen 16}","{citizen 21}","[85 0 170 100]","""""","9.9","false","{breed social-friends}","0","""default""","""none""","0"
"{citizen 16}","{citizen 22}","[141 141 141 100]","""""","9.9","false","{breed social-friends}","0","""default""","""none""","0"
"{citizen 16}","{citizen 24}","[85 0 170 100]","""""","9.9","false","{breed social-friends}","0","""default""","""none""","0"
"{citizen 16}","{citizen 25}","[141 141 141 100]","""""","9.9","false","{breed social-friends}","0","""default""","""none""","0"
"{citizen 16}","{citizen 26}","[85 0 170 100]","""""","9.9","false","{breed social-friends}","0","""default""","""none""","0"
"{citizen 16}","{citizen 27}","[141 141 141 100]","""""","9.9","false","{breed social-friends}","0","""default""","""none""","0"
"{citizen 16}","{citizen 28}","[85 0 170 100]","""""","9.9","false","{breed social-friends}","0","""default""","""none""","0"
"{citizen 16}","{citizen 30}","[141 141 141 100]","""""","9.9","false","{breed social-friends}","0","""default""","""none""","0"
"{citizen 16}","{citizen 32}","[141 141 141 100]","""""","9.9","false","{breed social-friends}","0","""default""","""none""","0"
"{citizen 16}","{citizen 34}","[85 0 170 100]","""""","9.9","false","{breed social-friends}","0","""default""","""none""","0"
"{citizen 16}","{citizen 36}","[85 0 170 100]","""""","9.9","false","{breed social-friends}","0","""default""","""none""","0"
"{citizen 16}","{citizen 37}","[85 0 170 100]","""""","9.9","false","{breed social-friends}","0","""default""","""none""","0"
"{citizen 16}","{citizen 39}","[85 0 170 100]","""""","9.9","false","{breed social-friends}","0","""default""","""none""","0"
"{citizen 16}","{citizen 40}","[85 0 170 100]","""""","9.9","false","{breed social-friends}","0","""default""","""none""","0"
"{citizen 16}","{citizen 43}","[85 0 170 100]","""""","9.9","false","{breed social-friends}","0","""default""","""none""","0"
"{citizen 16}","{citizen 44}","[85 0 170 100]","""""","9.9","false","{breed social-friends}","0","""default""","""none""","0"
"{citizen 16}","{citizen 45}","[141 141 141 100]","""""","9.9","false","{breed social-friends}","0","""default""","""none""","0"
"{citizen 16}","{citizen 48}","[85 0 170 100]","""""","9.9","false","{breed social-friends}","0","""default""","""none""","0"
"{citizen 17}","{citizen 0}","[85 0 170 100]","""""","9.9","false","{breed social-friends}","0","""default""","""none""","0"
"{citizen 17}","{citizen 1}","[85 0 170 100]","""""","9.9","false","{breed social-friends}","0","""default""","""none""","0"
"{citizen 17}","{citizen 2}","[85 0 170 100]","""""","9.9","false","{breed social-friends}","0","""default""","""none""","0"
"{citizen 17}","{citizen 5}","[141 141 141 100]","""""","9.9","false","{breed social-friends}","0","""default""","""none""","0"
"{citizen 17}","{citizen 6}","[85 0 170 100]","""""","9.9","false","{breed social-friends}","0","""default""","""none""","0"
"{citizen 17}","{citizen 7}","[85 0 170 100]","""""","9.9","false","{breed social-friends}","0","""default""","""none""","0"
"{citizen 17}","{citizen 8}","[141 141 141 100]","""""","9.9","false","{breed social-friends}","0","""default""","""none""","0"
"{citizen 17}","{citizen 10}","[85 0 170 100]","""""","9.9","false","{breed social-friends}","0","""default""","""none""","0"
"{citizen 17}","{citizen 11}","[85 0 170 100]","""""","9.9","false","{breed social-friends}","0","""default""","""none""","0"
"{citizen 17}","{citizen 12}","[85 0 170 100]","""""","9.9","false","{breed social-friends}","0","""default""","""none""","0"
"{citizen 17}","{citizen 13}","[85 0 170 100]","""""","9.9","false","{breed social-friends}","0","""default""","""none""","0"
"{citizen 17}","{citizen 14}","[85 0 170 100]","""""","9.9","false","{breed social-friends}","0","""default""","""none""","0"
"{citizen 17}","{citizen 16}","[85 0 170 100]","""""","9.9","false","{breed social-friends}","0","""default""","""none""","0"
"{citizen 17}","{citizen 18}","[85 0 170 100]","""""","9.9","false","{breed social-friends}","0","""default""","""none""","0"
"{citizen 17}","{citizen 19}","[141 141 141 100]","""""","9.9","false","{breed social-friends}","0","""default""","""none""","0"
"{citizen 17}","{citizen 20}","[85 0 170 100]","""""","9.9","false","{breed social-friends}","0","""default""","""none""","0"
"{citizen 17}","{citizen 21}","[85 0 170 100]","""""","9.9","false","{breed social-friends}","0","""default""","""none""","0"
"{citizen 17}","{citizen 22}","[141 141 141 100]","""""","9.9","false","{breed social-friends}","0","""default""","""none""","0"
"{citizen 17}","{citizen 23}","[85 0 170 100]","""""","9.9","false","{breed social-friends}","0","""default""","""none""","0"
"{citizen 17}","{citizen 24}","[85 0 170 100]","""""","9.9","false","{breed social-friends}","0","""default""","""none""","0"
"{citizen 17}","{citizen 25}","[141 141 141 100]","""""","9.9","false","{breed social-friends}","0","""default""","""none""","0"
"{citizen 17}","{citizen 26}","[85 0 170 100]","""""","9.9","false","{breed social-friends}","0","""default""","""none""","0"
"{citizen 17}","{citizen 27}","[141 141 141 100]","""""","9.9","false","{breed social-friends}","0","""default""","""none""","0"
"{citizen 17}","{citizen 28}","[85 0 170 100]","""""","9.9","false","{breed social-friends}","0","""default""","""none""","0"
"{citizen 17}","{citizen 32}","[141 141 141 100]","""""","9.9","false","{breed social-friends}","0","""default""","""none""","0"
"{citizen 17}","{citizen 34}","[85 0 170 100]","""""","9.9","false","{breed social-friends}","0","""default""","""none""","0"
"{citizen 17}","{citizen 36}","[85 0 170 100]","""""","9.9","false","{breed social-friends}","0","""default""","""none""","0"
"{citizen 17}","{citizen 37}","[85 0 170 100]","""""","9.9","false","{breed social-friends}","0","""default""","""none""","0"
"{citizen 17}","{citizen 39}","[85 0 170 100]","""""","9.9","false","{breed social-friends}","0","""default""","""none""","0"
"{citizen 17}","{citizen 40}","[85 0 170 100]","""""","9.9","false","{breed social-friends}","0","""default""","""none""","0"
"{citizen 17}","{citizen 43}","[85 0 170 100]","""""","9.9","false","{breed social-friends}","0","""default""","""none""","0"
"{citizen 17}","{citizen 44}","[85 0 170 100]","""""","9.9","false","{breed social-friends}","0","""default""","""none""","0"
"{citizen 17}","{citizen 45}","[141 141 141 100]","""""","9.9","false","{breed social-friends}","0","""default""","""none""","0"
"{citizen 17}","{citizen 48}","[85 0 170 100]","""""","9.9","false","{breed social-friends}","0","""default""","""none""","0"
"{citizen 18}","{citizen 0}","[85 0 170 100]","""""","9.9","false","{breed social-friends}","0","""default""","""none""","0"
"{citizen 18}","{citizen 1}","[85 0 170 100]","""""","9.9","false","{breed social-friends}","0","""default""","""none""","0"
"{citizen 18}","{citizen 2}","[85 0 170 100]","""""","9.9","false","{breed social-friends}","0","""default""","""none""","0"
"{citizen 18}","{citizen 6}","[85 0 170 100]","""""","9.9","false","{breed social-friends}","0","""default""","""none""","0"
"{citizen 18}","{citizen 7}","[85 0 170 100]","""""","9.9","false","{breed social-friends}","0","""default""","""none""","0"
"{citizen 18}","{citizen 10}","[85 0 170 100]","""""","9.9","false","{breed social-friends}","0","""default""","""none""","0"
"{citizen 18}","{citizen 11}","[85 0 170 100]","""""","9.9","false","{breed social-friends}","0","""default""","""none""","0"
"{citizen 18}","{citizen 12}","[85 0 170 100]","""""","9.9","false","{breed social-friends}","0","""default""","""none""","0"
"{citizen 18}","{citizen 13}","[85 0 170 100]","""""","9.9","false","{breed social-friends}","0","""default""","""none""","0"
"{citizen 18}","{citizen 14}","[85 0 170 100]","""""","9.9","false","{breed social-friends}","0","""default""","""none""","0"
"{citizen 18}","{citizen 16}","[85 0 170 100]","""""","9.9","false","{breed social-friends}","0","""default""","""none""","0"
"{citizen 18}","{citizen 17}","[85 0 170 100]","""""","9.9","false","{breed social-friends}","0","""default""","""none""","0"
"{citizen 18}","{citizen 19}","[141 141 141 100]","""""","9.9","false","{breed social-friends}","0","""default""","""none""","0"
"{citizen 18}","{citizen 20}","[85 0 170 100]","""""","9.9","false","{breed social-friends}","0","""default""","""none""","0"
"{citizen 18}","{citizen 21}","[85 0 170 100]","""""","9.9","false","{breed social-friends}","0","""default""","""none""","0"
"{citizen 18}","{citizen 23}","[85 0 170 100]","""""","9.9","false","{breed social-friends}","0","""default""","""none""","0"
"{citizen 18}","{citizen 24}","[85 0 170 100]","""""","9.9","false","{breed social-friends}","0","""default""","""none""","0"
"{citizen 18}","{citizen 26}","[85 0 170 100]","""""","9.9","false","{breed social-friends}","0","""default""","""none""","0"
"{citizen 18}","{citizen 27}","[141 141 141 100]","""""","9.9","false","{breed social-friends}","0","""default""","""none""","0"
"{citizen 18}","{citizen 28}","[85 0 170 100]","""""","9.9","false","{breed social-friends}","0","""default""","""none""","0"
"{citizen 18}","{citizen 32}","[141 141 141 100]","""""","9.9","false","{breed social-friends}","0","""default""","""none""","0"
"{citizen 18}","{citizen 34}","[85 0 170 100]","""""","9.9","false","{breed social-friends}","0","""default""","""none""","0"
"{citizen 18}","{citizen 36}","[85 0 170 100]","""""","9.9","false","{breed social-friends}","0","""default""","""none""","0"
"{citizen 18}","{citizen 37}","[85 0 170 100]","""""","9.9","false","{breed social-friends}","0","""default""","""none""","0"
"{citizen 18}","{citizen 39}","[85 0 170 100]","""""","9.9","false","{breed social-friends}","0","""default""","""none""","0"
"{citizen 18}","{citizen 40}","[85 0 170 100]","""""","9.9","false","{breed social-friends}","0","""default""","""none""","0"
"{citizen 18}","{citizen 43}","[85 0 170 100]","""""","9.9","false","{breed social-friends}","0","""default""","""none""","0"
"{citizen 18}","{citizen 44}","[85 0 170 100]","""""","9.9","false","{breed social-friends}","0","""default""","""none""","0"
"{citizen 18}","{citizen 45}","[141 141 141 100]","""""","9.9","false","{breed social-friends}","0","""default""","""none""","0"
"{citizen 18}","{citizen 46}","[141 141 141 100]","""""","9.9","false","{breed social-friends}","0","""default""","""none""","0"
"{citizen 18}","{citizen 48}","[85 0 170 100]","""""","9.9","false","{breed social-friends}","0","""default""","""none""","0"
"{citizen 18}","{citizen 49}","[141 141 141 100]","""""","9.9","false","{breed social-friends}","0","""default""","""none""","0"
"{citizen 19}","{citizen 4}","[213 0 42 100]","""""","9.9","false","{breed social-friends}","0","""default""","""none""","0"
"{citizen 19}","{citizen 8}","[213 0 42 100]","""""","9.9","false","{breed social-friends}","0","""default""","""none""","0"
"{citizen 19}","{citizen 11}","[141 141 141 100]","""""","9.9","false","{breed social-friends}","0","""default""","""none""","0"
"{citizen 19}","{citizen 14}","[141 141 141 100]","""""","9.9","false","{breed social-friends}","0","""default""","""none""","0"
"{citizen 19}","{citizen 15}","[213 0 42 100]","""""","9.9","false","{breed social-friends}","0","""default""","""none""","0"
"{citizen 19}","{citizen 17}","[141 141 141 100]","""""","9.9","false","{breed social-friends}","0","""default""","""none""","0"
"{citizen 19}","{citizen 18}","[141 141 141 100]","""""","9.9","false","{breed social-friends}","0","""default""","""none""","0"
"{citizen 19}","{citizen 28}","[141 141 141 100]","""""","9.9","false","{breed social-friends}","0","""default""","""none""","0"
"{citizen 19}","{citizen 30}","[213 0 42 100]","""""","9.9","false","{breed social-friends}","0","""default""","""none""","0"
"{citizen 19}","{citizen 31}","[213 0 42 100]","""""","9.9","false","{breed social-friends}","0","""default""","""none""","0"
"{citizen 19}","{citizen 34}","[141 141 141 100]","""""","9.9","false","{breed social-friends}","0","""default""","""none""","0"
"{citizen 19}","{citizen 35}","[213 0 42 100]","""""","9.9","false","{breed social-friends}","0","""default""","""none""","0"
"{citizen 19}","{citizen 38}","[213 0 42 100]","""""","9.9","false","{breed social-friends}","0","""default""","""none""","0"
"{citizen 19}","{citizen 41}","[213 0 42 100]","""""","9.9","false","{breed social-friends}","0","""default""","""none""","0"
"{citizen 19}","{citizen 42}","[213 0 42 100]","""""","9.9","false","{breed social-friends}","0","""default""","""none""","0"
"{citizen 19}","{citizen 43}","[141 141 141 100]","""""","9.9","false","{breed social-friends}","0","""default""","""none""","0"
"{citizen 19}","{citizen 47}","[213 0 42 100]","""""","9.9","false","{breed social-friends}","0","""default""","""none""","0"
"{citizen 20}","{citizen 0}","[85 0 170 100]","""""","9.9","false","{breed social-friends}","0","""default""","""none""","0"
"{citizen 20}","{citizen 1}","[85 0 170 100]","""""","9.9","false","{breed social-friends}","0","""default""","""none""","0"
"{citizen 20}","{citizen 2}","[85 0 170 100]","""""","9.9","false","{breed social-friends}","0","""default""","""none""","0"
"{citizen 20}","{citizen 5}","[141 141 141 100]","""""","9.9","false","{breed social-friends}","0","""default""","""none""","0"
"{citizen 20}","{citizen 6}","[85 0 170 100]","""""","9.9","false","{breed social-friends}","0","""default""","""none""","0"
"{citizen 20}","{citizen 7}","[85 0 170 100]","""""","9.9","false","{breed social-friends}","0","""default""","""none""","0"
"{citizen 20}","{citizen 8}","[141 141 141 100]","""""","9.9","false","{breed social-friends}","0","""default""","""none""","0"
"{citizen 20}","{citizen 10}","[85 0 170 100]","""""","9.9","false","{breed social-friends}","0","""default""","""none""","0"
"{citizen 20}","{citizen 11}","[85 0 170 100]","""""","9.9","false","{breed social-friends}","0","""default""","""none""","0"
"{citizen 20}","{citizen 12}","[85 0 170 100]","""""","9.9","false","{breed social-friends}","0","""default""","""none""","0"
"{citizen 20}","{citizen 13}","[85 0 170 100]","""""","9.9","false","{breed social-friends}","0","""default""","""none""","0"
"{citizen 20}","{citizen 14}","[85 0 170 100]","""""","9.9","false","{breed social-friends}","0","""default""","""none""","0"
"{citizen 20}","{citizen 16}","[85 0 170 100]","""""","9.9","false","{breed social-friends}","0","""default""","""none""","0"
"{citizen 20}","{citizen 17}","[85 0 170 100]","""""","9.9","false","{breed social-friends}","0","""default""","""none""","0"
"{citizen 20}","{citizen 18}","[85 0 170 100]","""""","9.9","false","{breed social-friends}","0","""default""","""none""","0"
"{citizen 20}","{citizen 21}","[85 0 170 100]","""""","9.9","false","{breed social-friends}","0","""default""","""none""","0"
"{citizen 20}","{citizen 23}","[85 0 170 100]","""""","9.9","false","{breed social-friends}","0","""default""","""none""","0"
"{citizen 20}","{citizen 24}","[85 0 170 100]","""""","9.9","false","{breed social-friends}","0","""default""","""none""","0"
"{citizen 20}","{citizen 25}","[141 141 141 100]","""""","9.9","false","{breed social-friends}","0","""default""","""none""","0"
"{citizen 20}","{citizen 26}","[85 0 170 100]","""""","9.9","false","{breed social-friends}","0","""default""","""none""","0"
"{citizen 20}","{citizen 28}","[85 0 170 100]","""""","9.9","false","{breed social-friends}","0","""default""","""none""","0"
"{citizen 20}","{citizen 30}","[141 141 141 100]","""""","9.9","false","{breed social-friends}","0","""default""","""none""","0"
"{citizen 20}","{citizen 32}","[141 141 141 100]","""""","9.9","false","{breed social-friends}","0","""default""","""none""","0"
"{citizen 20}","{citizen 34}","[85 0 170 100]","""""","9.9","false","{breed social-friends}","0","""default""","""none""","0"
"{citizen 20}","{citizen 36}","[85 0 170 100]","""""","9.9","false","{breed social-friends}","0","""default""","""none""","0"
"{citizen 20}","{citizen 37}","[85 0 170 100]","""""","9.9","false","{breed social-friends}","0","""default""","""none""","0"
"{citizen 20}","{citizen 39}","[85 0 170 100]","""""","9.9","false","{breed social-friends}","0","""default""","""none""","0"
"{citizen 20}","{citizen 40}","[85 0 170 100]","""""","9.9","false","{breed social-friends}","0","""default""","""none""","0"
"{citizen 20}","{citizen 43}","[85 0 170 100]","""""","9.9","false","{breed social-friends}","0","""default""","""none""","0"
"{citizen 20}","{citizen 44}","[85 0 170 100]","""""","9.9","false","{breed social-friends}","0","""default""","""none""","0"
"{citizen 20}","{citizen 45}","[141 141 141 100]","""""","9.9","false","{breed social-friends}","0","""default""","""none""","0"
"{citizen 20}","{citizen 48}","[85 0 170 100]","""""","9.9","false","{breed social-friends}","0","""default""","""none""","0"
"{citizen 21}","{citizen 0}","[85 0 170 100]","""""","9.9","false","{breed social-friends}","0","""default""","""none""","0"
"{citizen 21}","{citizen 1}","[85 0 170 100]","""""","9.9","false","{breed social-friends}","0","""default""","""none""","0"
"{citizen 21}","{citizen 2}","[85 0 170 100]","""""","9.9","false","{breed social-friends}","0","""default""","""none""","0"
"{citizen 21}","{citizen 5}","[141 141 141 100]","""""","9.9","false","{breed social-friends}","0","""default""","""none""","0"
"{citizen 21}","{citizen 6}","[85 0 170 100]","""""","9.9","false","{breed social-friends}","0","""default""","""none""","0"
"{citizen 21}","{citizen 7}","[85 0 170 100]","""""","9.9","false","{breed social-friends}","0","""default""","""none""","0"
"{citizen 21}","{citizen 10}","[85 0 170 100]","""""","9.9","false","{breed social-friends}","0","""default""","""none""","0"
"{citizen 21}","{citizen 11}","[85 0 170 100]","""""","9.9","false","{breed social-friends}","0","""default""","""none""","0"
"{citizen 21}","{citizen 12}","[85 0 170 100]","""""","9.9","false","{breed social-friends}","0","""default""","""none""","0"
"{citizen 21}","{citizen 13}","[85 0 170 100]","""""","9.9","false","{breed social-friends}","0","""default""","""none""","0"
"{citizen 21}","{citizen 14}","[85 0 170 100]","""""","9.9","false","{breed social-friends}","0","""default""","""none""","0"
"{citizen 21}","{citizen 16}","[85 0 170 100]","""""","9.9","false","{breed social-friends}","0","""default""","""none""","0"
"{citizen 21}","{citizen 17}","[85 0 170 100]","""""","9.9","false","{breed social-friends}","0","""default""","""none""","0"
"{citizen 21}","{citizen 18}","[85 0 170 100]","""""","9.9","false","{breed social-friends}","0","""default""","""none""","0"
"{citizen 21}","{citizen 20}","[85 0 170 100]","""""","9.9","false","{breed social-friends}","0","""default""","""none""","0"
"{citizen 21}","{citizen 23}","[85 0 170 100]","""""","9.9","false","{breed social-friends}","0","""default""","""none""","0"
"{citizen 21}","{citizen 24}","[85 0 170 100]","""""","9.9","false","{breed social-friends}","0","""default""","""none""","0"
"{citizen 21}","{citizen 25}","[141 141 141 100]","""""","9.9","false","{breed social-friends}","0","""default""","""none""","0"
"{citizen 21}","{citizen 26}","[85 0 170 100]","""""","9.9","false","{breed social-friends}","0","""default""","""none""","0"
"{citizen 21}","{citizen 27}","[141 141 141 100]","""""","9.9","false","{breed social-friends}","0","""default""","""none""","0"
"{citizen 21}","{citizen 28}","[85 0 170 100]","""""","9.9","false","{breed social-friends}","0","""default""","""none""","0"
"{citizen 21}","{citizen 32}","[141 141 141 100]","""""","9.9","false","{breed social-friends}","0","""default""","""none""","0"
"{citizen 21}","{citizen 34}","[85 0 170 100]","""""","9.9","false","{breed social-friends}","0","""default""","""none""","0"
"{citizen 21}","{citizen 36}","[85 0 170 100]","""""","9.9","false","{breed social-friends}","0","""default""","""none""","0"
"{citizen 21}","{citizen 37}","[85 0 170 100]","""""","9.9","false","{breed social-friends}","0","""default""","""none""","0"
"{citizen 21}","{citizen 39}","[85 0 170 100]","""""","9.9","false","{breed social-friends}","0","""default""","""none""","0"
"{citizen 21}","{citizen 40}","[85 0 170 100]","""""","9.9","false","{breed social-friends}","0","""default""","""none""","0"
"{citizen 21}","{citizen 43}","[85 0 170 100]","""""","9.9","false","{breed social-friends}","0","""default""","""none""","0"
"{citizen 21}","{citizen 44}","[85 0 170 100]","""""","9.9","false","{breed social-friends}","0","""default""","""none""","0"
"{citizen 21}","{citizen 45}","[141 141 141 100]","""""","9.9","false","{breed social-friends}","0","""default""","""none""","0"
"{citizen 21}","{citizen 46}","[141 141 141 100]","""""","9.9","false","{breed social-friends}","0","""default""","""none""","0"
"{citizen 21}","{citizen 48}","[85 0 170 100]","""""","9.9","false","{breed social-friends}","0","""default""","""none""","0"
"{citizen 21}","{citizen 49}","[141 141 141 100]","""""","9.9","false","{breed social-friends}","0","""default""","""none""","0"
"{citizen 22}","{citizen 0}","[141 141 141 100]","""""","9.9","false","{breed social-friends}","0","""default""","""none""","0"
"{citizen 22}","{citizen 3}","[213 0 42 100]","""""","9.9","false","{breed social-friends}","0","""default""","""none""","0"
"{citizen 22}","{citizen 11}","[141 141 141 100]","""""","9.9","false","{breed social-friends}","0","""default""","""none""","0"
"{citizen 22}","{citizen 12}","[141 141 141 100]","""""","9.9","false","{breed social-friends}","0","""default""","""none""","0"
"{citizen 22}","{citizen 15}","[213 0 42 100]","""""","9.9","false","{breed social-friends}","0","""default""","""none""","0"
"{citizen 22}","{citizen 16}","[141 141 141 100]","""""","9.9","false","{breed social-friends}","0","""default""","""none""","0"
"{citizen 22}","{citizen 17}","[141 141 141 100]","""""","9.9","false","{breed social-friends}","0","""default""","""none""","0"
"{citizen 22}","{citizen 23}","[141 141 141 100]","""""","9.9","false","{breed social-friends}","0","""default""","""none""","0"
"{citizen 22}","{citizen 24}","[141 141 141 100]","""""","9.9","false","{breed social-friends}","0","""default""","""none""","0"
"{citizen 22}","{citizen 26}","[141 141 141 100]","""""","9.9","false","{breed social-friends}","0","""default""","""none""","0"
"{citizen 22}","{citizen 28}","[141 141 141 100]","""""","9.9","false","{breed social-friends}","0","""default""","""none""","0"
"{citizen 22}","{citizen 29}","[213 0 42 100]","""""","9.9","false","{breed social-friends}","0","""default""","""none""","0"
"{citizen 22}","{citizen 30}","[213 0 42 100]","""""","9.9","false","{breed social-friends}","0","""default""","""none""","0"
"{citizen 22}","{citizen 31}","[213 0 42 100]","""""","9.9","false","{breed social-friends}","0","""default""","""none""","0"
"{citizen 22}","{citizen 34}","[141 141 141 100]","""""","9.9","false","{breed social-friends}","0","""default""","""none""","0"
"{citizen 22}","{citizen 35}","[213 0 42 100]","""""","9.9","false","{breed social-friends}","0","""default""","""none""","0"
"{citizen 22}","{citizen 39}","[141 141 141 100]","""""","9.9","false","{breed social-friends}","0","""default""","""none""","0"
"{citizen 22}","{citizen 41}","[213 0 42 100]","""""","9.9","false","{breed social-friends}","0","""default""","""none""","0"
"{citizen 22}","{citizen 42}","[213 0 42 100]","""""","9.9","false","{breed social-friends}","0","""default""","""none""","0"
"{citizen 22}","{citizen 44}","[141 141 141 100]","""""","9.9","false","{breed social-friends}","0","""default""","""none""","0"
"{citizen 22}","{citizen 47}","[213 0 42 100]","""""","9.9","false","{breed social-friends}","0","""default""","""none""","0"
"{citizen 23}","{citizen 0}","[85 0 170 100]","""""","9.9","false","{breed social-friends}","0","""default""","""none""","0"
"{citizen 23}","{citizen 1}","[85 0 170 100]","""""","9.9","false","{breed social-friends}","0","""default""","""none""","0"
"{citizen 23}","{citizen 2}","[85 0 170 100]","""""","9.9","false","{breed social-friends}","0","""default""","""none""","0"
"{citizen 23}","{citizen 5}","[141 141 141 100]","""""","9.9","false","{breed social-friends}","0","""default""","""none""","0"
"{citizen 23}","{citizen 6}","[85 0 170 100]","""""","9.9","false","{breed social-friends}","0","""default""","""none""","0"
"{citizen 23}","{citizen 7}","[85 0 170 100]","""""","9.9","false","{breed social-friends}","0","""default""","""none""","0"
"{citizen 23}","{citizen 10}","[85 0 170 100]","""""","9.9","false","{breed social-friends}","0","""default""","""none""","0"
"{citizen 23}","{citizen 11}","[85 0 170 100]","""""","9.9","false","{breed social-friends}","0","""default""","""none""","0"
"{citizen 23}","{citizen 12}","[85 0 170 100]","""""","9.9","false","{breed social-friends}","0","""default""","""none""","0"
"{citizen 23}","{citizen 13}","[85 0 170 100]","""""","9.9","false","{breed social-friends}","0","""default""","""none""","0"
"{citizen 23}","{citizen 14}","[85 0 170 100]","""""","9.9","false","{breed social-friends}","0","""default""","""none""","0"
"{citizen 23}","{citizen 17}","[85 0 170 100]","""""","9.9","false","{breed social-friends}","0","""default""","""none""","0"
"{citizen 23}","{citizen 18}","[85 0 170 100]","""""","9.9","false","{breed social-friends}","0","""default""","""none""","0"
"{citizen 23}","{citizen 20}","[85 0 170 100]","""""","9.9","false","{breed social-friends}","0","""default""","""none""","0"
"{citizen 23}","{citizen 21}","[85 0 170 100]","""""","9.9","false","{breed social-friends}","0","""default""","""none""","0"
"{citizen 23}","{citizen 22}","[141 141 141 100]","""""","9.9","false","{breed social-friends}","0","""default""","""none""","0"
"{citizen 23}","{citizen 24}","[85 0 170 100]","""""","9.9","false","{breed social-friends}","0","""default""","""none""","0"
"{citizen 23}","{citizen 25}","[141 141 141 100]","""""","9.9","false","{breed social-friends}","0","""default""","""none""","0"
"{citizen 23}","{citizen 26}","[85 0 170 100]","""""","9.9","false","{breed social-friends}","0","""default""","""none""","0"
"{citizen 23}","{citizen 27}","[141 141 141 100]","""""","9.9","false","{breed social-friends}","0","""default""","""none""","0"
"{citizen 23}","{citizen 28}","[85 0 170 100]","""""","9.9","false","{breed social-friends}","0","""default""","""none""","0"
"{citizen 23}","{citizen 32}","[141 141 141 100]","""""","9.9","false","{breed social-friends}","0","""default""","""none""","0"
"{citizen 23}","{citizen 34}","[85 0 170 100]","""""","9.9","false","{breed social-friends}","0","""default""","""none""","0"
"{citizen 23}","{citizen 36}","[85 0 170 100]","""""","9.9","false","{breed social-friends}","0","""default""","""none""","0"
"{citizen 23}","{citizen 37}","[85 0 170 100]","""""","9.9","false","{breed social-friends}","0","""default""","""none""","0"
"{citizen 23}","{citizen 39}","[85 0 170 100]","""""","9.9","false","{breed social-friends}","0","""default""","""none""","0"
"{citizen 23}","{citizen 40}","[85 0 170 100]","""""","9.9","false","{breed social-friends}","0","""default""","""none""","0"
"{citizen 23}","{citizen 43}","[85 0 170 100]","""""","9.9","false","{breed social-friends}","0","""default""","""none""","0"
"{citizen 23}","{citizen 44}","[85 0 170 100]","""""","9.9","false","{breed social-friends}","0","""default""","""none""","0"
"{citizen 23}","{citizen 45}","[141 141 141 100]","""""","9.9","false","{breed social-friends}","0","""default""","""none""","0"
"{citizen 23}","{citizen 48}","[85 0 170 100]","""""","9.9","false","{breed social-friends}","0","""default""","""none""","0"
"{citizen 24}","{citizen 0}","[85 0 170 100]","""""","9.9","false","{breed social-friends}","0","""default""","""none""","0"
"{citizen 24}","{citizen 1}","[85 0 170 100]","""""","9.9","false","{breed social-friends}","0","""default""","""none""","0"
"{citizen 24}","{citizen 2}","[85 0 170 100]","""""","9.9","false","{breed social-friends}","0","""default""","""none""","0"
"{citizen 24}","{citizen 4}","[141 141 141 100]","""""","9.9","false","{breed social-friends}","0","""default""","""none""","0"
"{citizen 24}","{citizen 5}","[141 141 141 100]","""""","9.9","false","{breed social-friends}","0","""default""","""none""","0"
"{citizen 24}","{citizen 6}","[85 0 170 100]","""""","9.9","false","{breed social-friends}","0","""default""","""none""","0"
"{citizen 24}","{citizen 7}","[85 0 170 100]","""""","9.9","false","{breed social-friends}","0","""default""","""none""","0"
"{citizen 24}","{citizen 9}","[141 141 141 100]","""""","9.9","false","{breed social-friends}","0","""default""","""none""","0"
"{citizen 24}","{citizen 10}","[85 0 170 100]","""""","9.9","false","{breed social-friends}","0","""default""","""none""","0"
"{citizen 24}","{citizen 11}","[85 0 170 100]","""""","9.9","false","{breed social-friends}","0","""default""","""none""","0"
"{citizen 24}","{citizen 12}","[85 0 170 100]","""""","9.9","false","{breed social-friends}","0","""default""","""none""","0"
"{citizen 24}","{citizen 13}","[85 0 170 100]","""""","9.9","false","{breed social-friends}","0","""default""","""none""","0"
"{citizen 24}","{citizen 14}","[85 0 170 100]","""""","9.9","false","{breed social-friends}","0","""default""","""none""","0"
"{citizen 24}","{citizen 16}","[85 0 170 100]","""""","9.9","false","{breed social-friends}","0","""default""","""none""","0"
"{citizen 24}","{citizen 17}","[85 0 170 100]","""""","9.9","false","{breed social-friends}","0","""default""","""none""","0"
"{citizen 24}","{citizen 18}","[85 0 170 100]","""""","9.9","false","{breed social-friends}","0","""default""","""none""","0"
"{citizen 24}","{citizen 20}","[85 0 170 100]","""""","9.9","false","{breed social-friends}","0","""default""","""none""","0"
"{citizen 24}","{citizen 21}","[85 0 170 100]","""""","9.9","false","{breed social-friends}","0","""default""","""none""","0"
"{citizen 24}","{citizen 22}","[141 141 141 100]","""""","9.9","false","{breed social-friends}","0","""default""","""none""","0"
"{citizen 24}","{citizen 23}","[85 0 170 100]","""""","9.9","false","{breed social-friends}","0","""default""","""none""","0"
"{citizen 24}","{citizen 25}","[141 141 141 100]","""""","9.9","false","{breed social-friends}","0","""default""","""none""","0"
"{citizen 24}","{citizen 26}","[85 0 170 100]","""""","9.9","false","{breed social-friends}","0","""default""","""none""","0"
"{citizen 24}","{citizen 27}","[141 141 141 100]","""""","9.9","false","{breed social-friends}","0","""default""","""none""","0"
"{citizen 24}","{citizen 28}","[85 0 170 100]","""""","9.9","false","{breed social-friends}","0","""default""","""none""","0"
"{citizen 24}","{citizen 30}","[141 141 141 100]","""""","9.9","false","{breed social-friends}","0","""default""","""none""","0"
"{citizen 24}","{citizen 32}","[141 141 141 100]","""""","9.9","false","{breed social-friends}","0","""default""","""none""","0"
"{citizen 24}","{citizen 33}","[141 141 141 100]","""""","9.9","false","{breed social-friends}","0","""default""","""none""","0"
"{citizen 24}","{citizen 34}","[85 0 170 100]","""""","9.9","false","{breed social-friends}","0","""default""","""none""","0"
"{citizen 24}","{citizen 36}","[85 0 170 100]","""""","9.9","false","{breed social-friends}","0","""default""","""none""","0"
"{citizen 24}","{citizen 37}","[85 0 170 100]","""""","9.9","false","{breed social-friends}","0","""default""","""none""","0"
"{citizen 24}","{citizen 39}","[85 0 170 100]","""""","9.9","false","{breed social-friends}","0","""default""","""none""","0"
"{citizen 24}","{citizen 40}","[85 0 170 100]","""""","9.9","false","{breed social-friends}","0","""default""","""none""","0"
"{citizen 24}","{citizen 43}","[85 0 170 100]","""""","9.9","false","{breed social-friends}","0","""default""","""none""","0"
"{citizen 24}","{citizen 44}","[85 0 170 100]","""""","9.9","false","{breed social-friends}","0","""default""","""none""","0"
"{citizen 24}","{citizen 45}","[141 141 141 100]","""""","9.9","false","{breed social-friends}","0","""default""","""none""","0"
"{citizen 24}","{citizen 46}","[141 141 141 100]","""""","9.9","false","{breed social-friends}","0","""default""","""none""","0"
"{citizen 24}","{citizen 48}","[85 0 170 100]","""""","9.9","false","{breed social-friends}","0","""default""","""none""","0"
"{citizen 24}","{citizen 49}","[141 141 141 100]","""""","9.9","false","{breed social-friends}","0","""default""","""none""","0"
"{citizen 25}","{citizen 0}","[141 141 141 100]","""""","9.9","false","{breed social-friends}","0","""default""","""none""","0"
"{citizen 25}","{citizen 1}","[141 141 141 100]","""""","9.9","false","{breed social-friends}","0","""default""","""none""","0"
"{citizen 25}","{citizen 6}","[141 141 141 100]","""""","9.9","false","{breed social-friends}","0","""default""","""none""","0"
"{citizen 25}","{citizen 7}","[141 141 141 100]","""""","9.9","false","{breed social-friends}","0","""default""","""none""","0"
"{citizen 25}","{citizen 8}","[213 0 42 100]","""""","9.9","false","{breed social-friends}","0","""default""","""none""","0"
"{citizen 25}","{citizen 11}","[141 141 141 100]","""""","9.9","false","{breed social-friends}","0","""default""","""none""","0"
"{citizen 25}","{citizen 12}","[141 141 141 100]","""""","9.9","false","{breed social-friends}","0","""default""","""none""","0"
"{citizen 25}","{citizen 14}","[141 141 141 100]","""""","9.9","false","{breed social-friends}","0","""default""","""none""","0"
"{citizen 25}","{citizen 15}","[213 0 42 100]","""""","9.9","false","{breed social-friends}","0","""default""","""none""","0"
"{citizen 25}","{citizen 16}","[141 141 141 100]","""""","9.9","false","{breed social-friends}","0","""default""","""none""","0"
"{citizen 25}","{citizen 17}","[141 141 141 100]","""""","9.9","false","{breed social-friends}","0","""default""","""none""","0"
"{citizen 25}","{citizen 20}","[141 141 141 100]","""""","9.9","false","{breed social-friends}","0","""default""","""none""","0"
"{citizen 25}","{citizen 21}","[141 141 141 100]","""""","9.9","false","{breed social-friends}","0","""default""","""none""","0"
"{citizen 25}","{citizen 23}","[141 141 141 100]","""""","9.9","false","{breed social-friends}","0","""default""","""none""","0"
"{citizen 25}","{citizen 24}","[141 141 141 100]","""""","9.9","false","{breed social-friends}","0","""default""","""none""","0"
"{citizen 25}","{citizen 26}","[141 141 141 100]","""""","9.9","false","{breed social-friends}","0","""default""","""none""","0"
"{citizen 25}","{citizen 28}","[141 141 141 100]","""""","9.9","false","{breed social-friends}","0","""default""","""none""","0"
"{citizen 25}","{citizen 30}","[213 0 42 100]","""""","9.9","false","{breed social-friends}","0","""default""","""none""","0"
"{citizen 25}","{citizen 31}","[213 0 42 100]","""""","9.9","false","{breed social-friends}","0","""default""","""none""","0"
"{citizen 25}","{citizen 34}","[141 141 141 100]","""""","9.9","false","{breed social-friends}","0","""default""","""none""","0"
"{citizen 25}","{citizen 35}","[213 0 42 100]","""""","9.9","false","{breed social-friends}","0","""default""","""none""","0"
"{citizen 25}","{citizen 36}","[141 141 141 100]","""""","9.9","false","{breed social-friends}","0","""default""","""none""","0"
"{citizen 25}","{citizen 39}","[141 141 141 100]","""""","9.9","false","{breed social-friends}","0","""default""","""none""","0"
"{citizen 25}","{citizen 40}","[141 141 141 100]","""""","9.9","false","{breed social-friends}","0","""default""","""none""","0"
"{citizen 25}","{citizen 41}","[213 0 42 100]","""""","9.9","false","{breed social-friends}","0","""default""","""none""","0"
"{citizen 25}","{citizen 42}","[213 0 42 100]","""""","9.9","false","{breed social-friends}","0","""default""","""none""","0"
"{citizen 25}","{citizen 43}","[141 141 141 100]","""""","9.9","false","{breed social-friends}","0","""default""","""none""","0"
"{citizen 25}","{citizen 44}","[141 141 141 100]","""""","9.9","false","{breed social-friends}","0","""default""","""none""","0"
"{citizen 25}","{citizen 48}","[141 141 141 100]","""""","9.9","false","{breed social-friends}","0","""default""","""none""","0"
"{citizen 25}","{citizen 49}","[213 0 42 100]","""""","9.9","false","{breed social-friends}","0","""default""","""none""","0"
"{citizen 26}","{citizen 0}","[85 0 170 100]","""""","9.9","false","{breed social-friends}","0","""default""","""none""","0"
"{citizen 26}","{citizen 1}","[85 0 170 100]","""""","9.9","false","{breed social-friends}","0","""default""","""none""","0"
"{citizen 26}","{citizen 2}","[85 0 170 100]","""""","9.9","false","{breed social-friends}","0","""default""","""none""","0"
"{citizen 26}","{citizen 5}","[141 141 141 100]","""""","9.9","false","{breed social-friends}","0","""default""","""none""","0"
"{citizen 26}","{citizen 6}","[85 0 170 100]","""""","9.9","false","{breed social-friends}","0","""default""","""none""","0"
"{citizen 26}","{citizen 7}","[85 0 170 100]","""""","9.9","false","{breed social-friends}","0","""default""","""none""","0"
"{citizen 26}","{citizen 10}","[85 0 170 100]","""""","9.9","false","{breed social-friends}","0","""default""","""none""","0"
"{citizen 26}","{citizen 11}","[85 0 170 100]","""""","9.9","false","{breed social-friends}","0","""default""","""none""","0"
"{citizen 26}","{citizen 12}","[85 0 170 100]","""""","9.9","false","{breed social-friends}","0","""default""","""none""","0"
"{citizen 26}","{citizen 13}","[85 0 170 100]","""""","9.9","false","{breed social-friends}","0","""default""","""none""","0"
"{citizen 26}","{citizen 14}","[85 0 170 100]","""""","9.9","false","{breed social-friends}","0","""default""","""none""","0"
"{citizen 26}","{citizen 16}","[85 0 170 100]","""""","9.9","false","{breed social-friends}","0","""default""","""none""","0"
"{citizen 26}","{citizen 17}","[85 0 170 100]","""""","9.9","false","{breed social-friends}","0","""default""","""none""","0"
"{citizen 26}","{citizen 18}","[85 0 170 100]","""""","9.9","false","{breed social-friends}","0","""default""","""none""","0"
"{citizen 26}","{citizen 20}","[85 0 170 100]","""""","9.9","false","{breed social-friends}","0","""default""","""none""","0"
"{citizen 26}","{citizen 21}","[85 0 170 100]","""""","9.9","false","{breed social-friends}","0","""default""","""none""","0"
"{citizen 26}","{citizen 22}","[141 141 141 100]","""""","9.9","false","{breed social-friends}","0","""default""","""none""","0"
"{citizen 26}","{citizen 23}","[85 0 170 100]","""""","9.9","false","{breed social-friends}","0","""default""","""none""","0"
"{citizen 26}","{citizen 24}","[85 0 170 100]","""""","9.9","false","{breed social-friends}","0","""default""","""none""","0"
"{citizen 26}","{citizen 25}","[141 141 141 100]","""""","9.9","false","{breed social-friends}","0","""default""","""none""","0"
"{citizen 26}","{citizen 27}","[141 141 141 100]","""""","9.9","false","{breed social-friends}","0","""default""","""none""","0"
"{citizen 26}","{citizen 28}","[85 0 170 100]","""""","9.9","false","{breed social-friends}","0","""default""","""none""","0"
"{citizen 26}","{citizen 30}","[141 141 141 100]","""""","9.9","false","{breed social-friends}","0","""default""","""none""","0"
"{citizen 26}","{citizen 32}","[141 141 141 100]","""""","9.9","false","{breed social-friends}","0","""default""","""none""","0"
"{citizen 26}","{citizen 34}","[85 0 170 100]","""""","9.9","false","{breed social-friends}","0","""default""","""none""","0"
"{citizen 26}","{citizen 36}","[85 0 170 100]","""""","9.9","false","{breed social-friends}","0","""default""","""none""","0"
"{citizen 26}","{citizen 37}","[85 0 170 100]","""""","9.9","false","{breed social-friends}","0","""default""","""none""","0"
"{citizen 26}","{citizen 39}","[85 0 170 100]","""""","9.9","false","{breed social-friends}","0","""default""","""none""","0"
"{citizen 26}","{citizen 40}","[85 0 170 100]","""""","9.9","false","{breed social-friends}","0","""default""","""none""","0"
"{citizen 26}","{citizen 43}","[85 0 170 100]","""""","9.9","false","{breed social-friends}","0","""default""","""none""","0"
"{citizen 26}","{citizen 44}","[85 0 170 100]","""""","9.9","false","{breed social-friends}","0","""default""","""none""","0"
"{citizen 26}","{citizen 45}","[141 141 141 100]","""""","9.9","false","{breed social-friends}","0","""default""","""none""","0"
"{citizen 26}","{citizen 46}","[141 141 141 100]","""""","9.9","false","{breed social-friends}","0","""default""","""none""","0"
"{citizen 26}","{citizen 48}","[85 0 170 100]","""""","9.9","false","{breed social-friends}","0","""default""","""none""","0"
"{citizen 27}","{citizen 1}","[141 141 141 100]","""""","9.9","false","{breed social-friends}","0","""default""","""none""","0"
"{citizen 27}","{citizen 2}","[141 141 141 100]","""""","9.9","false","{breed social-friends}","0","""default""","""none""","0"
"{citizen 27}","{citizen 7}","[141 141 141 100]","""""","9.9","false","{breed social-friends}","0","""default""","""none""","0"
"{citizen 27}","{citizen 8}","[213 0 42 100]","""""","9.9","false","{breed social-friends}","0","""default""","""none""","0"
"{citizen 27}","{citizen 10}","[141 141 141 100]","""""","9.9","false","{breed social-friends}","0","""default""","""none""","0"
"{citizen 27}","{citizen 11}","[141 141 141 100]","""""","9.9","false","{breed social-friends}","0","""default""","""none""","0"
"{citizen 27}","{citizen 12}","[141 141 141 100]","""""","9.9","false","{breed social-friends}","0","""default""","""none""","0"
"{citizen 27}","{citizen 13}","[141 141 141 100]","""""","9.9","false","{breed social-friends}","0","""default""","""none""","0"
"{citizen 27}","{citizen 14}","[141 141 141 100]","""""","9.9","false","{breed social-friends}","0","""default""","""none""","0"
"{citizen 27}","{citizen 15}","[213 0 42 100]","""""","9.9","false","{breed social-friends}","0","""default""","""none""","0"
"{citizen 27}","{citizen 16}","[141 141 141 100]","""""","9.9","false","{breed social-friends}","0","""default""","""none""","0"
"{citizen 27}","{citizen 17}","[141 141 141 100]","""""","9.9","false","{breed social-friends}","0","""default""","""none""","0"
"{citizen 27}","{citizen 18}","[141 141 141 100]","""""","9.9","false","{breed social-friends}","0","""default""","""none""","0"
"{citizen 27}","{citizen 21}","[141 141 141 100]","""""","9.9","false","{breed social-friends}","0","""default""","""none""","0"
"{citizen 27}","{citizen 23}","[141 141 141 100]","""""","9.9","false","{breed social-friends}","0","""default""","""none""","0"
"{citizen 27}","{citizen 24}","[141 141 141 100]","""""","9.9","false","{breed social-friends}","0","""default""","""none""","0"
"{citizen 27}","{citizen 26}","[141 141 141 100]","""""","9.9","false","{breed social-friends}","0","""default""","""none""","0"
"{citizen 27}","{citizen 28}","[141 141 141 100]","""""","9.9","false","{breed social-friends}","0","""default""","""none""","0"
"{citizen 27}","{citizen 30}","[213 0 42 100]","""""","9.9","false","{breed social-friends}","0","""default""","""none""","0"
"{citizen 27}","{citizen 31}","[213 0 42 100]","""""","9.9","false","{breed social-friends}","0","""default""","""none""","0"
"{citizen 27}","{citizen 34}","[141 141 141 100]","""""","9.9","false","{breed social-friends}","0","""default""","""none""","0"
"{citizen 27}","{citizen 35}","[213 0 42 100]","""""","9.9","false","{breed social-friends}","0","""default""","""none""","0"
"{citizen 27}","{citizen 36}","[141 141 141 100]","""""","9.9","false","{breed social-friends}","0","""default""","""none""","0"
"{citizen 27}","{citizen 37}","[141 141 141 100]","""""","9.9","false","{breed social-friends}","0","""default""","""none""","0"
"{citizen 27}","{citizen 39}","[141 141 141 100]","""""","9.9","false","{breed social-friends}","0","""default""","""none""","0"
"{citizen 27}","{citizen 40}","[141 141 141 100]","""""","9.9","false","{breed social-friends}","0","""default""","""none""","0"
"{citizen 28}","{citizen 0}","[85 0 170 100]","""""","9.9","false","{breed social-friends}","0","""default""","""none""","0"
"{citizen 28}","{citizen 1}","[85 0 170 100]","""""","9.9","false","{breed social-friends}","0","""default""","""none""","0"
"{citizen 28}","{citizen 2}","[85 0 170 100]","""""","9.9","false","{breed social-friends}","0","""default""","""none""","0"
"{citizen 28}","{citizen 5}","[141 141 141 100]","""""","9.9","false","{breed social-friends}","0","""default""","""none""","0"
"{citizen 28}","{citizen 6}","[85 0 170 100]","""""","9.9","false","{breed social-friends}","0","""default""","""none""","0"
"{citizen 28}","{citizen 7}","[85 0 170 100]","""""","9.9","false","{breed social-friends}","0","""default""","""none""","0"
"{citizen 28}","{citizen 10}","[85 0 170 100]","""""","9.9","false","{breed social-friends}","0","""default""","""none""","0"
"{citizen 28}","{citizen 11}","[85 0 170 100]","""""","9.9","false","{breed social-friends}","0","""default""","""none""","0"
"{citizen 28}","{citizen 12}","[85 0 170 100]","""""","9.9","false","{breed social-friends}","0","""default""","""none""","0"
"{citizen 28}","{citizen 13}","[85 0 170 100]","""""","9.9","false","{breed social-friends}","0","""default""","""none""","0"
"{citizen 28}","{citizen 14}","[85 0 170 100]","""""","9.9","false","{breed social-friends}","0","""default""","""none""","0"
"{citizen 28}","{citizen 16}","[85 0 170 100]","""""","9.9","false","{breed social-friends}","0","""default""","""none""","0"
"{citizen 28}","{citizen 17}","[85 0 170 100]","""""","9.9","false","{breed social-friends}","0","""default""","""none""","0"
"{citizen 28}","{citizen 18}","[85 0 170 100]","""""","9.9","false","{breed social-friends}","0","""default""","""none""","0"
"{citizen 28}","{citizen 19}","[141 141 141 100]","""""","9.9","false","{breed social-friends}","0","""default""","""none""","0"
"{citizen 28}","{citizen 20}","[85 0 170 100]","""""","9.9","false","{breed social-friends}","0","""default""","""none""","0"
"{citizen 28}","{citizen 21}","[85 0 170 100]","""""","9.9","false","{breed social-friends}","0","""default""","""none""","0"
"{citizen 28}","{citizen 22}","[141 141 141 100]","""""","9.9","false","{breed social-friends}","0","""default""","""none""","0"
"{citizen 28}","{citizen 23}","[85 0 170 100]","""""","9.9","false","{breed social-friends}","0","""default""","""none""","0"
"{citizen 28}","{citizen 24}","[85 0 170 100]","""""","9.9","false","{breed social-friends}","0","""default""","""none""","0"
"{citizen 28}","{citizen 25}","[141 141 141 100]","""""","9.9","false","{breed social-friends}","0","""default""","""none""","0"
"{citizen 28}","{citizen 26}","[85 0 170 100]","""""","9.9","false","{breed social-friends}","0","""default""","""none""","0"
"{citizen 28}","{citizen 27}","[141 141 141 100]","""""","9.9","false","{breed social-friends}","0","""default""","""none""","0"
"{citizen 28}","{citizen 32}","[141 141 141 100]","""""","9.9","false","{breed social-friends}","0","""default""","""none""","0"
"{citizen 28}","{citizen 34}","[85 0 170 100]","""""","9.9","false","{breed social-friends}","0","""default""","""none""","0"
"{citizen 28}","{citizen 36}","[85 0 170 100]","""""","9.9","false","{breed social-friends}","0","""default""","""none""","0"
"{citizen 28}","{citizen 37}","[85 0 170 100]","""""","9.9","false","{breed social-friends}","0","""default""","""none""","0"
"{citizen 28}","{citizen 39}","[85 0 170 100]","""""","9.9","false","{breed social-friends}","0","""default""","""none""","0"
"{citizen 28}","{citizen 40}","[85 0 170 100]","""""","9.9","false","{breed social-friends}","0","""default""","""none""","0"
"{citizen 28}","{citizen 43}","[85 0 170 100]","""""","9.9","false","{breed social-friends}","0","""default""","""none""","0"
"{citizen 28}","{citizen 44}","[85 0 170 100]","""""","9.9","false","{breed social-friends}","0","""default""","""none""","0"
"{citizen 28}","{citizen 45}","[141 141 141 100]","""""","9.9","false","{breed social-friends}","0","""default""","""none""","0"
"{citizen 28}","{citizen 48}","[85 0 170 100]","""""","9.9","false","{breed social-friends}","0","""default""","""none""","0"
"{citizen 29}","{citizen 4}","[213 0 42 100]","""""","9.9","false","{breed social-friends}","0","""default""","""none""","0"
"{citizen 29}","{citizen 9}","[213 0 42 100]","""""","9.9","false","{breed social-friends}","0","""default""","""none""","0"
"{citizen 29}","{citizen 15}","[213 0 42 100]","""""","9.9","false","{breed social-friends}","0","""default""","""none""","0"
"{citizen 29}","{citizen 22}","[213 0 42 100]","""""","9.9","false","{breed social-friends}","0","""default""","""none""","0"
"{citizen 29}","{citizen 30}","[213 0 42 100]","""""","9.9","false","{breed social-friends}","0","""default""","""none""","0"
"{citizen 29}","{citizen 31}","[213 0 42 100]","""""","9.9","false","{breed social-friends}","0","""default""","""none""","0"
"{citizen 29}","{citizen 32}","[213 0 42 100]","""""","9.9","false","{breed social-friends}","0","""default""","""none""","0"
"{citizen 29}","{citizen 33}","[213 0 42 100]","""""","9.9","false","{breed social-friends}","0","""default""","""none""","0"
"{citizen 29}","{citizen 35}","[213 0 42 100]","""""","9.9","false","{breed social-friends}","0","""default""","""none""","0"
"{citizen 29}","{citizen 42}","[213 0 42 100]","""""","9.9","false","{breed social-friends}","0","""default""","""none""","0"
"{citizen 29}","{citizen 45}","[213 0 42 100]","""""","9.9","false","{breed social-friends}","0","""default""","""none""","0"
"{citizen 30}","{citizen 3}","[213 0 42 100]","""""","9.9","false","{breed social-friends}","0","""default""","""none""","0"
"{citizen 30}","{citizen 4}","[213 0 42 100]","""""","9.9","false","{breed social-friends}","0","""default""","""none""","0"
"{citizen 30}","{citizen 5}","[213 0 42 100]","""""","9.9","false","{breed social-friends}","0","""default""","""none""","0"
"{citizen 30}","{citizen 8}","[213 0 42 100]","""""","9.9","false","{breed social-friends}","0","""default""","""none""","0"
"{citizen 30}","{citizen 9}","[213 0 42 100]","""""","9.9","false","{breed social-friends}","0","""default""","""none""","0"
"{citizen 30}","{citizen 15}","[213 0 42 100]","""""","9.9","false","{breed social-friends}","0","""default""","""none""","0"
"{citizen 30}","{citizen 16}","[141 141 141 100]","""""","9.9","false","{breed social-friends}","0","""default""","""none""","0"
"{citizen 30}","{citizen 19}","[213 0 42 100]","""""","9.9","false","{breed social-friends}","0","""default""","""none""","0"
"{citizen 30}","{citizen 20}","[141 141 141 100]","""""","9.9","false","{breed social-friends}","0","""default""","""none""","0"
"{citizen 30}","{citizen 22}","[213 0 42 100]","""""","9.9","false","{breed social-friends}","0","""default""","""none""","0"
"{citizen 30}","{citizen 24}","[141 141 141 100]","""""","9.9","false","{breed social-friends}","0","""default""","""none""","0"
"{citizen 30}","{citizen 25}","[213 0 42 100]","""""","9.9","false","{breed social-friends}","0","""default""","""none""","0"
"{citizen 30}","{citizen 26}","[141 141 141 100]","""""","9.9","false","{breed social-friends}","0","""default""","""none""","0"
"{citizen 30}","{citizen 27}","[213 0 42 100]","""""","9.9","false","{breed social-friends}","0","""default""","""none""","0"
"{citizen 30}","{citizen 29}","[213 0 42 100]","""""","9.9","false","{breed social-friends}","0","""default""","""none""","0"
"{citizen 30}","{citizen 31}","[213 0 42 100]","""""","9.9","false","{breed social-friends}","0","""default""","""none""","0"
"{citizen 30}","{citizen 32}","[213 0 42 100]","""""","9.9","false","{breed social-friends}","0","""default""","""none""","0"
"{citizen 30}","{citizen 33}","[213 0 42 100]","""""","9.9","false","{breed social-friends}","0","""default""","""none""","0"
"{citizen 30}","{citizen 35}","[213 0 42 100]","""""","9.9","false","{breed social-friends}","0","""default""","""none""","0"
"{citizen 30}","{citizen 38}","[213 0 42 100]","""""","9.9","false","{breed social-friends}","0","""default""","""none""","0"
"{citizen 30}","{citizen 42}","[213 0 42 100]","""""","9.9","false","{breed social-friends}","0","""default""","""none""","0"
"{citizen 30}","{citizen 45}","[213 0 42 100]","""""","9.9","false","{breed social-friends}","0","""default""","""none""","0"
"{citizen 30}","{citizen 46}","[213 0 42 100]","""""","9.9","false","{breed social-friends}","0","""default""","""none""","0"
"{citizen 30}","{citizen 47}","[213 0 42 100]","""""","9.9","false","{breed social-friends}","0","""default""","""none""","0"
"{citizen 30}","{citizen 49}","[213 0 42 100]","""""","9.9","false","{breed social-friends}","0","""default""","""none""","0"
"{citizen 31}","{citizen 3}","[213 0 42 100]","""""","9.9","false","{breed social-friends}","0","""default""","""none""","0"
"{citizen 31}","{citizen 4}","[213 0 42 100]","""""","9.9","false","{breed social-friends}","0","""default""","""none""","0"
"{citizen 31}","{citizen 5}","[213 0 42 100]","""""","9.9","false","{breed social-friends}","0","""default""","""none""","0"
"{citizen 31}","{citizen 8}","[213 0 42 100]","""""","9.9","false","{breed social-friends}","0","""default""","""none""","0"
"{citizen 31}","{citizen 9}","[213 0 42 100]","""""","9.9","false","{breed social-friends}","0","""default""","""none""","0"
"{citizen 31}","{citizen 15}","[213 0 42 100]","""""","9.9","false","{breed social-friends}","0","""default""","""none""","0"
"{citizen 31}","{citizen 19}","[213 0 42 100]","""""","9.9","false","{breed social-friends}","0","""default""","""none""","0"
"{citizen 31}","{citizen 22}","[213 0 42 100]","""""","9.9","false","{breed social-friends}","0","""default""","""none""","0"
"{citizen 31}","{citizen 25}","[213 0 42 100]","""""","9.9","false","{breed social-friends}","0","""default""","""none""","0"
"{citizen 31}","{citizen 27}","[213 0 42 100]","""""","9.9","false","{breed social-friends}","0","""default""","""none""","0"
"{citizen 31}","{citizen 29}","[213 0 42 100]","""""","9.9","false","{breed social-friends}","0","""default""","""none""","0"
"{citizen 31}","{citizen 30}","[213 0 42 100]","""""","9.9","false","{breed social-friends}","0","""default""","""none""","0"
"{citizen 31}","{citizen 32}","[213 0 42 100]","""""","9.9","false","{breed social-friends}","0","""default""","""none""","0"
"{citizen 31}","{citizen 33}","[213 0 42 100]","""""","9.9","false","{breed social-friends}","0","""default""","""none""","0"
"{citizen 31}","{citizen 35}","[213 0 42 100]","""""","9.9","false","{breed social-friends}","0","""default""","""none""","0"
"{citizen 31}","{citizen 38}","[213 0 42 100]","""""","9.9","false","{breed social-friends}","0","""default""","""none""","0"
"{citizen 31}","{citizen 41}","[213 0 42 100]","""""","9.9","false","{breed social-friends}","0","""default""","""none""","0"
"{citizen 31}","{citizen 42}","[213 0 42 100]","""""","9.9","false","{breed social-friends}","0","""default""","""none""","0"
"{citizen 31}","{citizen 45}","[213 0 42 100]","""""","9.9","false","{breed social-friends}","0","""default""","""none""","0"
"{citizen 31}","{citizen 46}","[213 0 42 100]","""""","9.9","false","{breed social-friends}","0","""default""","""none""","0"
"{citizen 31}","{citizen 47}","[213 0 42 100]","""""","9.9","false","{breed social-friends}","0","""default""","""none""","0"
"{citizen 31}","{citizen 49}","[213 0 42 100]","""""","9.9","false","{breed social-friends}","0","""default""","""none""","0"
"{citizen 32}","{citizen 0}","[141 141 141 100]","""""","9.9","false","{breed social-friends}","0","""default""","""none""","0"
"{citizen 32}","{citizen 1}","[141 141 141 100]","""""","9.9","false","{breed social-friends}","0","""default""","""none""","0"
"{citizen 32}","{citizen 2}","[141 141 141 100]","""""","9.9","false","{breed social-friends}","0","""default""","""none""","0"
"{citizen 32}","{citizen 3}","[213 0 42 100]","""""","9.9","false","{breed social-friends}","0","""default""","""none""","0"
"{citizen 32}","{citizen 6}","[141 141 141 100]","""""","9.9","false","{breed social-friends}","0","""default""","""none""","0"
"{citizen 32}","{citizen 7}","[141 141 141 100]","""""","9.9","false","{breed social-friends}","0","""default""","""none""","0"
"{citizen 32}","{citizen 9}","[213 0 42 100]","""""","9.9","false","{breed social-friends}","0","""default""","""none""","0"
"{citizen 32}","{citizen 11}","[141 141 141 100]","""""","9.9","false","{breed social-friends}","0","""default""","""none""","0"
"{citizen 32}","{citizen 12}","[141 141 141 100]","""""","9.9","false","{breed social-friends}","0","""default""","""none""","0"
"{citizen 32}","{citizen 13}","[141 141 141 100]","""""","9.9","false","{breed social-friends}","0","""default""","""none""","0"
"{citizen 32}","{citizen 15}","[213 0 42 100]","""""","9.9","false","{breed social-friends}","0","""default""","""none""","0"
"{citizen 32}","{citizen 16}","[141 141 141 100]","""""","9.9","false","{breed social-friends}","0","""default""","""none""","0"
"{citizen 32}","{citizen 17}","[141 141 141 100]","""""","9.9","false","{breed social-friends}","0","""default""","""none""","0"
"{citizen 32}","{citizen 18}","[141 141 141 100]","""""","9.9","false","{breed social-friends}","0","""default""","""none""","0"
"{citizen 32}","{citizen 20}","[141 141 141 100]","""""","9.9","false","{breed social-friends}","0","""default""","""none""","0"
"{citizen 32}","{citizen 21}","[141 141 141 100]","""""","9.9","false","{breed social-friends}","0","""default""","""none""","0"
"{citizen 32}","{citizen 23}","[141 141 141 100]","""""","9.9","false","{breed social-friends}","0","""default""","""none""","0"
"{citizen 32}","{citizen 24}","[141 141 141 100]","""""","9.9","false","{breed social-friends}","0","""default""","""none""","0"
"{citizen 32}","{citizen 26}","[141 141 141 100]","""""","9.9","false","{breed social-friends}","0","""default""","""none""","0"
"{citizen 32}","{citizen 28}","[141 141 141 100]","""""","9.9","false","{breed social-friends}","0","""default""","""none""","0"
"{citizen 32}","{citizen 29}","[213 0 42 100]","""""","9.9","false","{breed social-friends}","0","""default""","""none""","0"
"{citizen 32}","{citizen 30}","[213 0 42 100]","""""","9.9","false","{breed social-friends}","0","""default""","""none""","0"
"{citizen 32}","{citizen 31}","[213 0 42 100]","""""","9.9","false","{breed social-friends}","0","""default""","""none""","0"
"{citizen 32}","{citizen 33}","[213 0 42 100]","""""","9.9","false","{breed social-friends}","0","""default""","""none""","0"
"{citizen 32}","{citizen 34}","[141 141 141 100]","""""","9.9","false","{breed social-friends}","0","""default""","""none""","0"
"{citizen 32}","{citizen 35}","[213 0 42 100]","""""","9.9","false","{breed social-friends}","0","""default""","""none""","0"
"{citizen 32}","{citizen 36}","[141 141 141 100]","""""","9.9","false","{breed social-friends}","0","""default""","""none""","0"
"{citizen 32}","{citizen 37}","[141 141 141 100]","""""","9.9","false","{breed social-friends}","0","""default""","""none""","0"
"{citizen 32}","{citizen 39}","[141 141 141 100]","""""","9.9","false","{breed social-friends}","0","""default""","""none""","0"
"{citizen 32}","{citizen 40}","[141 141 141 100]","""""","9.9","false","{breed social-friends}","0","""default""","""none""","0"
"{citizen 32}","{citizen 41}","[213 0 42 100]","""""","9.9","false","{breed social-friends}","0","""default""","""none""","0"
"{citizen 32}","{citizen 42}","[213 0 42 100]","""""","9.9","false","{breed social-friends}","0","""default""","""none""","0"
"{citizen 32}","{citizen 43}","[141 141 141 100]","""""","9.9","false","{breed social-friends}","0","""default""","""none""","0"
"{citizen 32}","{citizen 44}","[141 141 141 100]","""""","9.9","false","{breed social-friends}","0","""default""","""none""","0"
"{citizen 32}","{citizen 45}","[213 0 42 100]","""""","9.9","false","{breed social-friends}","0","""default""","""none""","0"
"{citizen 32}","{citizen 48}","[141 141 141 100]","""""","9.9","false","{breed social-friends}","0","""default""","""none""","0"
"{citizen 33}","{citizen 3}","[213 0 42 100]","""""","9.9","false","{breed social-friends}","0","""default""","""none""","0"
"{citizen 33}","{citizen 8}","[213 0 42 100]","""""","9.9","false","{breed social-friends}","0","""default""","""none""","0"
"{citizen 33}","{citizen 9}","[213 0 42 100]","""""","9.9","false","{breed social-friends}","0","""default""","""none""","0"
"{citizen 33}","{citizen 15}","[213 0 42 100]","""""","9.9","false","{breed social-friends}","0","""default""","""none""","0"
"{citizen 33}","{citizen 24}","[141 141 141 100]","""""","9.9","false","{breed social-friends}","0","""default""","""none""","0"
"{citizen 33}","{citizen 29}","[213 0 42 100]","""""","9.9","false","{breed social-friends}","0","""default""","""none""","0"
"{citizen 33}","{citizen 30}","[213 0 42 100]","""""","9.9","false","{breed social-friends}","0","""default""","""none""","0"
"{citizen 33}","{citizen 31}","[213 0 42 100]","""""","9.9","false","{breed social-friends}","0","""default""","""none""","0"
"{citizen 33}","{citizen 32}","[213 0 42 100]","""""","9.9","false","{breed social-friends}","0","""default""","""none""","0"
"{citizen 33}","{citizen 35}","[213 0 42 100]","""""","9.9","false","{breed social-friends}","0","""default""","""none""","0"
"{citizen 33}","{citizen 36}","[141 141 141 100]","""""","9.9","false","{breed social-friends}","0","""default""","""none""","0"
"{citizen 33}","{citizen 41}","[213 0 42 100]","""""","9.9","false","{breed social-friends}","0","""default""","""none""","0"
"{citizen 33}","{citizen 42}","[213 0 42 100]","""""","9.9","false","{breed social-friends}","0","""default""","""none""","0"
"{citizen 33}","{citizen 45}","[213 0 42 100]","""""","9.9","false","{breed social-friends}","0","""default""","""none""","0"
"{citizen 33}","{citizen 47}","[213 0 42 100]","""""","9.9","false","{breed social-friends}","0","""default""","""none""","0"
"{citizen 34}","{citizen 0}","[85 0 170 100]","""""","9.9","false","{breed social-friends}","0","""default""","""none""","0"
"{citizen 34}","{citizen 1}","[85 0 170 100]","""""","9.9","false","{breed social-friends}","0","""default""","""none""","0"
"{citizen 34}","{citizen 2}","[85 0 170 100]","""""","9.9","false","{breed social-friends}","0","""default""","""none""","0"
"{citizen 34}","{citizen 5}","[141 141 141 100]","""""","9.9","false","{breed social-friends}","0","""default""","""none""","0"
"{citizen 34}","{citizen 6}","[85 0 170 100]","""""","9.9","false","{breed social-friends}","0","""default""","""none""","0"
"{citizen 34}","{citizen 7}","[85 0 170 100]","""""","9.9","false","{breed social-friends}","0","""default""","""none""","0"
"{citizen 34}","{citizen 8}","[141 141 141 100]","""""","9.9","false","{breed social-friends}","0","""default""","""none""","0"
"{citizen 34}","{citizen 10}","[85 0 170 100]","""""","9.9","false","{breed social-friends}","0","""default""","""none""","0"
"{citizen 34}","{citizen 11}","[85 0 170 100]","""""","9.9","false","{breed social-friends}","0","""default""","""none""","0"
"{citizen 34}","{citizen 12}","[85 0 170 100]","""""","9.9","false","{breed social-friends}","0","""default""","""none""","0"
"{citizen 34}","{citizen 13}","[85 0 170 100]","""""","9.9","false","{breed social-friends}","0","""default""","""none""","0"
"{citizen 34}","{citizen 14}","[85 0 170 100]","""""","9.9","false","{breed social-friends}","0","""default""","""none""","0"
"{citizen 34}","{citizen 16}","[85 0 170 100]","""""","9.9","false","{breed social-friends}","0","""default""","""none""","0"
"{citizen 34}","{citizen 17}","[85 0 170 100]","""""","9.9","false","{breed social-friends}","0","""default""","""none""","0"
"{citizen 34}","{citizen 18}","[85 0 170 100]","""""","9.9","false","{breed social-friends}","0","""default""","""none""","0"
"{citizen 34}","{citizen 19}","[141 141 141 100]","""""","9.9","false","{breed social-friends}","0","""default""","""none""","0"
"{citizen 34}","{citizen 20}","[85 0 170 100]","""""","9.9","false","{breed social-friends}","0","""default""","""none""","0"
"{citizen 34}","{citizen 21}","[85 0 170 100]","""""","9.9","false","{breed social-friends}","0","""default""","""none""","0"
"{citizen 34}","{citizen 22}","[141 141 141 100]","""""","9.9","false","{breed social-friends}","0","""default""","""none""","0"
"{citizen 34}","{citizen 23}","[85 0 170 100]","""""","9.9","false","{breed social-friends}","0","""default""","""none""","0"
"{citizen 34}","{citizen 24}","[85 0 170 100]","""""","9.9","false","{breed social-friends}","0","""default""","""none""","0"
"{citizen 34}","{citizen 25}","[141 141 141 100]","""""","9.9","false","{breed social-friends}","0","""default""","""none""","0"
"{citizen 34}","{citizen 26}","[85 0 170 100]","""""","9.9","false","{breed social-friends}","0","""default""","""none""","0"
"{citizen 34}","{citizen 27}","[141 141 141 100]","""""","9.9","false","{breed social-friends}","0","""default""","""none""","0"
"{citizen 34}","{citizen 28}","[85 0 170 100]","""""","9.9","false","{breed social-friends}","0","""default""","""none""","0"
"{citizen 34}","{citizen 32}","[141 141 141 100]","""""","9.9","false","{breed social-friends}","0","""default""","""none""","0"
"{citizen 34}","{citizen 36}","[85 0 170 100]","""""","9.9","false","{breed social-friends}","0","""default""","""none""","0"
"{citizen 34}","{citizen 37}","[85 0 170 100]","""""","9.9","false","{breed social-friends}","0","""default""","""none""","0"
"{citizen 34}","{citizen 39}","[85 0 170 100]","""""","9.9","false","{breed social-friends}","0","""default""","""none""","0"
"{citizen 34}","{citizen 40}","[85 0 170 100]","""""","9.9","false","{breed social-friends}","0","""default""","""none""","0"
"{citizen 34}","{citizen 43}","[85 0 170 100]","""""","9.9","false","{breed social-friends}","0","""default""","""none""","0"
"{citizen 34}","{citizen 44}","[85 0 170 100]","""""","9.9","false","{breed social-friends}","0","""default""","""none""","0"
"{citizen 34}","{citizen 45}","[141 141 141 100]","""""","9.9","false","{breed social-friends}","0","""default""","""none""","0"
"{citizen 34}","{citizen 48}","[85 0 170 100]","""""","9.9","false","{breed social-friends}","0","""default""","""none""","0"
"{citizen 35}","{citizen 3}","[213 0 42 100]","""""","9.9","false","{breed social-friends}","0","""default""","""none""","0"
"{citizen 35}","{citizen 4}","[213 0 42 100]","""""","9.9","false","{breed social-friends}","0","""default""","""none""","0"
"{citizen 35}","{citizen 5}","[213 0 42 100]","""""","9.9","false","{breed social-friends}","0","""default""","""none""","0"
"{citizen 35}","{citizen 8}","[213 0 42 100]","""""","9.9","false","{breed social-friends}","0","""default""","""none""","0"
"{citizen 35}","{citizen 9}","[213 0 42 100]","""""","9.9","false","{breed social-friends}","0","""default""","""none""","0"
"{citizen 35}","{citizen 15}","[213 0 42 100]","""""","9.9","false","{breed social-friends}","0","""default""","""none""","0"
"{citizen 35}","{citizen 19}","[213 0 42 100]","""""","9.9","false","{breed social-friends}","0","""default""","""none""","0"
"{citizen 35}","{citizen 22}","[213 0 42 100]","""""","9.9","false","{breed social-friends}","0","""default""","""none""","0"
"{citizen 35}","{citizen 25}","[213 0 42 100]","""""","9.9","false","{breed social-friends}","0","""default""","""none""","0"
"{citizen 35}","{citizen 27}","[213 0 42 100]","""""","9.9","false","{breed social-friends}","0","""default""","""none""","0"
"{citizen 35}","{citizen 29}","[213 0 42 100]","""""","9.9","false","{breed social-friends}","0","""default""","""none""","0"
"{citizen 35}","{citizen 30}","[213 0 42 100]","""""","9.9","false","{breed social-friends}","0","""default""","""none""","0"
"{citizen 35}","{citizen 31}","[213 0 42 100]","""""","9.9","false","{breed social-friends}","0","""default""","""none""","0"
"{citizen 35}","{citizen 32}","[213 0 42 100]","""""","9.9","false","{breed social-friends}","0","""default""","""none""","0"
"{citizen 35}","{citizen 33}","[213 0 42 100]","""""","9.9","false","{breed social-friends}","0","""default""","""none""","0"
"{citizen 35}","{citizen 38}","[213 0 42 100]","""""","9.9","false","{breed social-friends}","0","""default""","""none""","0"
"{citizen 35}","{citizen 42}","[213 0 42 100]","""""","9.9","false","{breed social-friends}","0","""default""","""none""","0"
"{citizen 35}","{citizen 45}","[213 0 42 100]","""""","9.9","false","{breed social-friends}","0","""default""","""none""","0"
"{citizen 35}","{citizen 46}","[213 0 42 100]","""""","9.9","false","{breed social-friends}","0","""default""","""none""","0"
"{citizen 35}","{citizen 47}","[213 0 42 100]","""""","9.9","false","{breed social-friends}","0","""default""","""none""","0"
"{citizen 35}","{citizen 49}","[213 0 42 100]","""""","9.9","false","{breed social-friends}","0","""default""","""none""","0"
"{citizen 36}","{citizen 0}","[85 0 170 100]","""""","9.9","false","{breed social-friends}","0","""default""","""none""","0"
"{citizen 36}","{citizen 1}","[85 0 170 100]","""""","9.9","false","{breed social-friends}","0","""default""","""none""","0"
"{citizen 36}","{citizen 2}","[85 0 170 100]","""""","9.9","false","{breed social-friends}","0","""default""","""none""","0"
"{citizen 36}","{citizen 6}","[85 0 170 100]","""""","9.9","false","{breed social-friends}","0","""default""","""none""","0"
"{citizen 36}","{citizen 7}","[85 0 170 100]","""""","9.9","false","{breed social-friends}","0","""default""","""none""","0"
"{citizen 36}","{citizen 8}","[141 141 141 100]","""""","9.9","false","{breed social-friends}","0","""default""","""none""","0"
"{citizen 36}","{citizen 10}","[85 0 170 100]","""""","9.9","false","{breed social-friends}","0","""default""","""none""","0"
"{citizen 36}","{citizen 11}","[85 0 170 100]","""""","9.9","false","{breed social-friends}","0","""default""","""none""","0"
"{citizen 36}","{citizen 12}","[85 0 170 100]","""""","9.9","false","{breed social-friends}","0","""default""","""none""","0"
"{citizen 36}","{citizen 13}","[85 0 170 100]","""""","9.9","false","{breed social-friends}","0","""default""","""none""","0"
"{citizen 36}","{citizen 14}","[85 0 170 100]","""""","9.9","false","{breed social-friends}","0","""default""","""none""","0"
"{citizen 36}","{citizen 16}","[85 0 170 100]","""""","9.9","false","{breed social-friends}","0","""default""","""none""","0"
"{citizen 36}","{citizen 17}","[85 0 170 100]","""""","9.9","false","{breed social-friends}","0","""default""","""none""","0"
"{citizen 36}","{citizen 18}","[85 0 170 100]","""""","9.9","false","{breed social-friends}","0","""default""","""none""","0"
"{citizen 36}","{citizen 20}","[85 0 170 100]","""""","9.9","false","{breed social-friends}","0","""default""","""none""","0"
"{citizen 36}","{citizen 21}","[85 0 170 100]","""""","9.9","false","{breed social-friends}","0","""default""","""none""","0"
"{citizen 36}","{citizen 23}","[85 0 170 100]","""""","9.9","false","{breed social-friends}","0","""default""","""none""","0"
"{citizen 36}","{citizen 24}","[85 0 170 100]","""""","9.9","false","{breed social-friends}","0","""default""","""none""","0"
"{citizen 36}","{citizen 25}","[141 141 141 100]","""""","9.9","false","{breed social-friends}","0","""default""","""none""","0"
"{citizen 36}","{citizen 26}","[85 0 170 100]","""""","9.9","false","{breed social-friends}","0","""default""","""none""","0"
"{citizen 36}","{citizen 27}","[141 141 141 100]","""""","9.9","false","{breed social-friends}","0","""default""","""none""","0"
"{citizen 36}","{citizen 28}","[85 0 170 100]","""""","9.9","false","{breed social-friends}","0","""default""","""none""","0"
"{citizen 36}","{citizen 32}","[141 141 141 100]","""""","9.9","false","{breed social-friends}","0","""default""","""none""","0"
"{citizen 36}","{citizen 33}","[141 141 141 100]","""""","9.9","false","{breed social-friends}","0","""default""","""none""","0"
"{citizen 36}","{citizen 34}","[85 0 170 100]","""""","9.9","false","{breed social-friends}","0","""default""","""none""","0"
"{citizen 36}","{citizen 37}","[85 0 170 100]","""""","9.9","false","{breed social-friends}","0","""default""","""none""","0"
"{citizen 36}","{citizen 39}","[85 0 170 100]","""""","9.9","false","{breed social-friends}","0","""default""","""none""","0"
"{citizen 36}","{citizen 40}","[85 0 170 100]","""""","9.9","false","{breed social-friends}","0","""default""","""none""","0"
"{citizen 36}","{citizen 43}","[85 0 170 100]","""""","9.9","false","{breed social-friends}","0","""default""","""none""","0"
"{citizen 36}","{citizen 44}","[85 0 170 100]","""""","9.9","false","{breed social-friends}","0","""default""","""none""","0"
"{citizen 36}","{citizen 45}","[141 141 141 100]","""""","9.9","false","{breed social-friends}","0","""default""","""none""","0"
"{citizen 36}","{citizen 48}","[85 0 170 100]","""""","9.9","false","{breed social-friends}","0","""default""","""none""","0"
"{citizen 37}","{citizen 0}","[85 0 170 100]","""""","9.9","false","{breed social-friends}","0","""default""","""none""","0"
"{citizen 37}","{citizen 1}","[85 0 170 100]","""""","9.9","false","{breed social-friends}","0","""default""","""none""","0"
"{citizen 37}","{citizen 2}","[85 0 170 100]","""""","9.9","false","{breed social-friends}","0","""default""","""none""","0"
"{citizen 37}","{citizen 6}","[85 0 170 100]","""""","9.9","false","{breed social-friends}","0","""default""","""none""","0"
"{citizen 37}","{citizen 7}","[85 0 170 100]","""""","9.9","false","{breed social-friends}","0","""default""","""none""","0"
"{citizen 37}","{citizen 10}","[85 0 170 100]","""""","9.9","false","{breed social-friends}","0","""default""","""none""","0"
"{citizen 37}","{citizen 11}","[85 0 170 100]","""""","9.9","false","{breed social-friends}","0","""default""","""none""","0"
"{citizen 37}","{citizen 12}","[85 0 170 100]","""""","9.9","false","{breed social-friends}","0","""default""","""none""","0"
"{citizen 37}","{citizen 13}","[85 0 170 100]","""""","9.9","false","{breed social-friends}","0","""default""","""none""","0"
"{citizen 37}","{citizen 14}","[85 0 170 100]","""""","9.9","false","{breed social-friends}","0","""default""","""none""","0"
"{citizen 37}","{citizen 15}","[141 141 141 100]","""""","9.9","false","{breed social-friends}","0","""default""","""none""","0"
"{citizen 37}","{citizen 16}","[85 0 170 100]","""""","9.9","false","{breed social-friends}","0","""default""","""none""","0"
"{citizen 37}","{citizen 17}","[85 0 170 100]","""""","9.9","false","{breed social-friends}","0","""default""","""none""","0"
"{citizen 37}","{citizen 18}","[85 0 170 100]","""""","9.9","false","{breed social-friends}","0","""default""","""none""","0"
"{citizen 37}","{citizen 20}","[85 0 170 100]","""""","9.9","false","{breed social-friends}","0","""default""","""none""","0"
"{citizen 37}","{citizen 21}","[85 0 170 100]","""""","9.9","false","{breed social-friends}","0","""default""","""none""","0"
"{citizen 37}","{citizen 23}","[85 0 170 100]","""""","9.9","false","{breed social-friends}","0","""default""","""none""","0"
"{citizen 37}","{citizen 24}","[85 0 170 100]","""""","9.9","false","{breed social-friends}","0","""default""","""none""","0"
"{citizen 37}","{citizen 26}","[85 0 170 100]","""""","9.9","false","{breed social-friends}","0","""default""","""none""","0"
"{citizen 37}","{citizen 27}","[141 141 141 100]","""""","9.9","false","{breed social-friends}","0","""default""","""none""","0"
"{citizen 37}","{citizen 28}","[85 0 170 100]","""""","9.9","false","{breed social-friends}","0","""default""","""none""","0"
"{citizen 37}","{citizen 32}","[141 141 141 100]","""""","9.9","false","{breed social-friends}","0","""default""","""none""","0"
"{citizen 37}","{citizen 34}","[85 0 170 100]","""""","9.9","false","{breed social-friends}","0","""default""","""none""","0"
"{citizen 37}","{citizen 36}","[85 0 170 100]","""""","9.9","false","{breed social-friends}","0","""default""","""none""","0"
"{citizen 37}","{citizen 39}","[85 0 170 100]","""""","9.9","false","{breed social-friends}","0","""default""","""none""","0"
"{citizen 37}","{citizen 40}","[85 0 170 100]","""""","9.9","false","{breed social-friends}","0","""default""","""none""","0"
"{citizen 37}","{citizen 43}","[85 0 170 100]","""""","9.9","false","{breed social-friends}","0","""default""","""none""","0"
"{citizen 37}","{citizen 44}","[85 0 170 100]","""""","9.9","false","{breed social-friends}","0","""default""","""none""","0"
"{citizen 37}","{citizen 45}","[141 141 141 100]","""""","9.9","false","{breed social-friends}","0","""default""","""none""","0"
"{citizen 37}","{citizen 46}","[141 141 141 100]","""""","9.9","false","{breed social-friends}","0","""default""","""none""","0"
"{citizen 37}","{citizen 48}","[85 0 170 100]","""""","9.9","false","{breed social-friends}","0","""default""","""none""","0"
"{citizen 38}","{citizen 1}","[141 141 141 100]","""""","9.9","false","{breed social-friends}","0","""default""","""none""","0"
"{citizen 38}","{citizen 5}","[213 0 42 100]","""""","9.9","false","{breed social-friends}","0","""default""","""none""","0"
"{citizen 38}","{citizen 8}","[213 0 42 100]","""""","9.9","false","{breed social-friends}","0","""default""","""none""","0"
"{citizen 38}","{citizen 9}","[213 0 42 100]","""""","9.9","false","{breed social-friends}","0","""default""","""none""","0"
"{citizen 38}","{citizen 14}","[141 141 141 100]","""""","9.9","false","{breed social-friends}","0","""default""","""none""","0"
"{citizen 38}","{citizen 15}","[213 0 42 100]","""""","9.9","false","{breed social-friends}","0","""default""","""none""","0"
"{citizen 38}","{citizen 19}","[213 0 42 100]","""""","9.9","false","{breed social-friends}","0","""default""","""none""","0"
"{citizen 38}","{citizen 30}","[213 0 42 100]","""""","9.9","false","{breed social-friends}","0","""default""","""none""","0"
"{citizen 38}","{citizen 31}","[213 0 42 100]","""""","9.9","false","{breed social-friends}","0","""default""","""none""","0"
"{citizen 38}","{citizen 35}","[213 0 42 100]","""""","9.9","false","{breed social-friends}","0","""default""","""none""","0"
"{citizen 38}","{citizen 42}","[213 0 42 100]","""""","9.9","false","{breed social-friends}","0","""default""","""none""","0"
"{citizen 38}","{citizen 43}","[141 141 141 100]","""""","9.9","false","{breed social-friends}","0","""default""","""none""","0"
"{citizen 38}","{citizen 46}","[213 0 42 100]","""""","9.9","false","{breed social-friends}","0","""default""","""none""","0"
"{citizen 38}","{citizen 47}","[213 0 42 100]","""""","9.9","false","{breed social-friends}","0","""default""","""none""","0"
"{citizen 38}","{citizen 49}","[213 0 42 100]","""""","9.9","false","{breed social-friends}","0","""default""","""none""","0"
"{citizen 39}","{citizen 0}","[85 0 170 100]","""""","9.9","false","{breed social-friends}","0","""default""","""none""","0"
"{citizen 39}","{citizen 1}","[85 0 170 100]","""""","9.9","false","{breed social-friends}","0","""default""","""none""","0"
"{citizen 39}","{citizen 2}","[85 0 170 100]","""""","9.9","false","{breed social-friends}","0","""default""","""none""","0"
"{citizen 39}","{citizen 4}","[141 141 141 100]","""""","9.9","false","{breed social-friends}","0","""default""","""none""","0"
"{citizen 39}","{citizen 5}","[141 141 141 100]","""""","9.9","false","{breed social-friends}","0","""default""","""none""","0"
"{citizen 39}","{citizen 6}","[85 0 170 100]","""""","9.9","false","{breed social-friends}","0","""default""","""none""","0"
"{citizen 39}","{citizen 7}","[85 0 170 100]","""""","9.9","false","{breed social-friends}","0","""default""","""none""","0"
"{citizen 39}","{citizen 10}","[85 0 170 100]","""""","9.9","false","{breed social-friends}","0","""default""","""none""","0"
"{citizen 39}","{citizen 11}","[85 0 170 100]","""""","9.9","false","{breed social-friends}","0","""default""","""none""","0"
"{citizen 39}","{citizen 12}","[85 0 170 100]","""""","9.9","false","{breed social-friends}","0","""default""","""none""","0"
"{citizen 39}","{citizen 13}","[85 0 170 100]","""""","9.9","false","{breed social-friends}","0","""default""","""none""","0"
"{citizen 39}","{citizen 14}","[85 0 170 100]","""""","9.9","false","{breed social-friends}","0","""default""","""none""","0"
"{citizen 39}","{citizen 15}","[141 141 141 100]","""""","9.9","false","{breed social-friends}","0","""default""","""none""","0"
"{citizen 39}","{citizen 16}","[85 0 170 100]","""""","9.9","false","{breed social-friends}","0","""default""","""none""","0"
"{citizen 39}","{citizen 17}","[85 0 170 100]","""""","9.9","false","{breed social-friends}","0","""default""","""none""","0"
"{citizen 39}","{citizen 18}","[85 0 170 100]","""""","9.9","false","{breed social-friends}","0","""default""","""none""","0"
"{citizen 39}","{citizen 20}","[85 0 170 100]","""""","9.9","false","{breed social-friends}","0","""default""","""none""","0"
"{citizen 39}","{citizen 21}","[85 0 170 100]","""""","9.9","false","{breed social-friends}","0","""default""","""none""","0"
"{citizen 39}","{citizen 22}","[141 141 141 100]","""""","9.9","false","{breed social-friends}","0","""default""","""none""","0"
"{citizen 39}","{citizen 23}","[85 0 170 100]","""""","9.9","false","{breed social-friends}","0","""default""","""none""","0"
"{citizen 39}","{citizen 24}","[85 0 170 100]","""""","9.9","false","{breed social-friends}","0","""default""","""none""","0"
"{citizen 39}","{citizen 25}","[141 141 141 100]","""""","9.9","false","{breed social-friends}","0","""default""","""none""","0"
"{citizen 39}","{citizen 26}","[85 0 170 100]","""""","9.9","false","{breed social-friends}","0","""default""","""none""","0"
"{citizen 39}","{citizen 27}","[141 141 141 100]","""""","9.9","false","{breed social-friends}","0","""default""","""none""","0"
"{citizen 39}","{citizen 28}","[85 0 170 100]","""""","9.9","false","{breed social-friends}","0","""default""","""none""","0"
"{citizen 39}","{citizen 32}","[141 141 141 100]","""""","9.9","false","{breed social-friends}","0","""default""","""none""","0"
"{citizen 39}","{citizen 34}","[85 0 170 100]","""""","9.9","false","{breed social-friends}","0","""default""","""none""","0"
"{citizen 39}","{citizen 36}","[85 0 170 100]","""""","9.9","false","{breed social-friends}","0","""default""","""none""","0"
"{citizen 39}","{citizen 37}","[85 0 170 100]","""""","9.9","false","{breed social-friends}","0","""default""","""none""","0"
"{citizen 39}","{citizen 40}","[85 0 170 100]","""""","9.9","false","{breed social-friends}","0","""default""","""none""","0"
"{citizen 39}","{citizen 43}","[85 0 170 100]","""""","9.9","false","{breed social-friends}","0","""default""","""none""","0"
"{citizen 39}","{citizen 44}","[85 0 170 100]","""""","9.9","false","{breed social-friends}","0","""default""","""none""","0"
"{citizen 39}","{citizen 45}","[141 141 141 100]","""""","9.9","false","{breed social-friends}","0","""default""","""none""","0"
"{citizen 39}","{citizen 46}","[141 141 141 100]","""""","9.9","false","{breed social-friends}","0","""default""","""none""","0"
"{citizen 39}","{citizen 48}","[85 0 170 100]","""""","9.9","false","{breed social-friends}","0","""default""","""none""","0"
"{citizen 40}","{citizen 0}","[85 0 170 100]","""""","9.9","false","{breed social-friends}","0","""default""","""none""","0"
"{citizen 40}","{citizen 1}","[85 0 170 100]","""""","9.9","false","{breed social-friends}","0","""default""","""none""","0"
"{citizen 40}","{citizen 2}","[85 0 170 100]","""""","9.9","false","{breed social-friends}","0","""default""","""none""","0"
"{citizen 40}","{citizen 4}","[141 141 141 100]","""""","9.9","false","{breed social-friends}","0","""default""","""none""","0"
"{citizen 40}","{citizen 5}","[141 141 141 100]","""""","9.9","false","{breed social-friends}","0","""default""","""none""","0"
"{citizen 40}","{citizen 6}","[85 0 170 100]","""""","9.9","false","{breed social-friends}","0","""default""","""none""","0"
"{citizen 40}","{citizen 7}","[85 0 170 100]","""""","9.9","false","{breed social-friends}","0","""default""","""none""","0"
"{citizen 40}","{citizen 10}","[85 0 170 100]","""""","9.9","false","{breed social-friends}","0","""default""","""none""","0"
"{citizen 40}","{citizen 11}","[85 0 170 100]","""""","9.9","false","{breed social-friends}","0","""default""","""none""","0"
"{citizen 40}","{citizen 12}","[85 0 170 100]","""""","9.9","false","{breed social-friends}","0","""default""","""none""","0"
"{citizen 40}","{citizen 13}","[85 0 170 100]","""""","9.9","false","{breed social-friends}","0","""default""","""none""","0"
"{citizen 40}","{citizen 14}","[85 0 170 100]","""""","9.9","false","{breed social-friends}","0","""default""","""none""","0"
"{citizen 40}","{citizen 15}","[141 141 141 100]","""""","9.9","false","{breed social-friends}","0","""default""","""none""","0"
"{citizen 40}","{citizen 16}","[85 0 170 100]","""""","9.9","false","{breed social-friends}","0","""default""","""none""","0"
"{citizen 40}","{citizen 17}","[85 0 170 100]","""""","9.9","false","{breed social-friends}","0","""default""","""none""","0"
"{citizen 40}","{citizen 18}","[85 0 170 100]","""""","9.9","false","{breed social-friends}","0","""default""","""none""","0"
"{citizen 40}","{citizen 20}","[85 0 170 100]","""""","9.9","false","{breed social-friends}","0","""default""","""none""","0"
"{citizen 40}","{citizen 21}","[85 0 170 100]","""""","9.9","false","{breed social-friends}","0","""default""","""none""","0"
"{citizen 40}","{citizen 23}","[85 0 170 100]","""""","9.9","false","{breed social-friends}","0","""default""","""none""","0"
"{citizen 40}","{citizen 24}","[85 0 170 100]","""""","9.9","false","{breed social-friends}","0","""default""","""none""","0"
"{citizen 40}","{citizen 25}","[141 141 141 100]","""""","9.9","false","{breed social-friends}","0","""default""","""none""","0"
"{citizen 40}","{citizen 26}","[85 0 170 100]","""""","9.9","false","{breed social-friends}","0","""default""","""none""","0"
"{citizen 40}","{citizen 27}","[141 141 141 100]","""""","9.9","false","{breed social-friends}","0","""default""","""none""","0"
"{citizen 40}","{citizen 28}","[85 0 170 100]","""""","9.9","false","{breed social-friends}","0","""default""","""none""","0"
"{citizen 40}","{citizen 32}","[141 141 141 100]","""""","9.9","false","{breed social-friends}","0","""default""","""none""","0"
"{citizen 40}","{citizen 34}","[85 0 170 100]","""""","9.9","false","{breed social-friends}","0","""default""","""none""","0"
"{citizen 40}","{citizen 36}","[85 0 170 100]","""""","9.9","false","{breed social-friends}","0","""default""","""none""","0"
"{citizen 40}","{citizen 37}","[85 0 170 100]","""""","9.9","false","{breed social-friends}","0","""default""","""none""","0"
"{citizen 40}","{citizen 39}","[85 0 170 100]","""""","9.9","false","{breed social-friends}","0","""default""","""none""","0"
"{citizen 40}","{citizen 43}","[85 0 170 100]","""""","9.9","false","{breed social-friends}","0","""default""","""none""","0"
"{citizen 40}","{citizen 44}","[85 0 170 100]","""""","9.9","false","{breed social-friends}","0","""default""","""none""","0"
"{citizen 40}","{citizen 45}","[141 141 141 100]","""""","9.9","false","{breed social-friends}","0","""default""","""none""","0"
"{citizen 40}","{citizen 46}","[141 141 141 100]","""""","9.9","false","{breed social-friends}","0","""default""","""none""","0"
"{citizen 40}","{citizen 48}","[85 0 170 100]","""""","9.9","false","{breed social-friends}","0","""default""","""none""","0"
"{citizen 41}","{citizen 4}","[213 0 42 100]","""""","9.9","false","{breed social-friends}","0","""default""","""none""","0"
"{citizen 41}","{citizen 5}","[213 0 42 100]","""""","9.9","false","{breed social-friends}","0","""default""","""none""","0"
"{citizen 41}","{citizen 7}","[141 141 141 100]","""""","9.9","false","{breed social-friends}","0","""default""","""none""","0"
"{citizen 41}","{citizen 9}","[213 0 42 100]","""""","9.9","false","{breed social-friends}","0","""default""","""none""","0"
"{citizen 41}","{citizen 15}","[213 0 42 100]","""""","9.9","false","{breed social-friends}","0","""default""","""none""","0"
"{citizen 41}","{citizen 19}","[213 0 42 100]","""""","9.9","false","{breed social-friends}","0","""default""","""none""","0"
"{citizen 41}","{citizen 22}","[213 0 42 100]","""""","9.9","false","{breed social-friends}","0","""default""","""none""","0"
"{citizen 41}","{citizen 25}","[213 0 42 100]","""""","9.9","false","{breed social-friends}","0","""default""","""none""","0"
"{citizen 41}","{citizen 31}","[213 0 42 100]","""""","9.9","false","{breed social-friends}","0","""default""","""none""","0"
"{citizen 41}","{citizen 32}","[213 0 42 100]","""""","9.9","false","{breed social-friends}","0","""default""","""none""","0"
"{citizen 41}","{citizen 33}","[213 0 42 100]","""""","9.9","false","{breed social-friends}","0","""default""","""none""","0"
"{citizen 41}","{citizen 42}","[213 0 42 100]","""""","9.9","false","{breed social-friends}","0","""default""","""none""","0"
"{citizen 41}","{citizen 45}","[213 0 42 100]","""""","9.9","false","{breed social-friends}","0","""default""","""none""","0"
"{citizen 41}","{citizen 47}","[213 0 42 100]","""""","9.9","false","{breed social-friends}","0","""default""","""none""","0"
"{citizen 42}","{citizen 3}","[213 0 42 100]","""""","9.9","false","{breed social-friends}","0","""default""","""none""","0"
"{citizen 42}","{citizen 4}","[213 0 42 100]","""""","9.9","false","{breed social-friends}","0","""default""","""none""","0"
"{citizen 42}","{citizen 5}","[213 0 42 100]","""""","9.9","false","{breed social-friends}","0","""default""","""none""","0"
"{citizen 42}","{citizen 8}","[213 0 42 100]","""""","9.9","false","{breed social-friends}","0","""default""","""none""","0"
"{citizen 42}","{citizen 9}","[213 0 42 100]","""""","9.9","false","{breed social-friends}","0","""default""","""none""","0"
"{citizen 42}","{citizen 15}","[213 0 42 100]","""""","9.9","false","{breed social-friends}","0","""default""","""none""","0"
"{citizen 42}","{citizen 19}","[213 0 42 100]","""""","9.9","false","{breed social-friends}","0","""default""","""none""","0"
"{citizen 42}","{citizen 22}","[213 0 42 100]","""""","9.9","false","{breed social-friends}","0","""default""","""none""","0"
"{citizen 42}","{citizen 25}","[213 0 42 100]","""""","9.9","false","{breed social-friends}","0","""default""","""none""","0"
"{citizen 42}","{citizen 29}","[213 0 42 100]","""""","9.9","false","{breed social-friends}","0","""default""","""none""","0"
"{citizen 42}","{citizen 30}","[213 0 42 100]","""""","9.9","false","{breed social-friends}","0","""default""","""none""","0"
"{citizen 42}","{citizen 31}","[213 0 42 100]","""""","9.9","false","{breed social-friends}","0","""default""","""none""","0"
"{citizen 42}","{citizen 32}","[213 0 42 100]","""""","9.9","false","{breed social-friends}","0","""default""","""none""","0"
"{citizen 42}","{citizen 33}","[213 0 42 100]","""""","9.9","false","{breed social-friends}","0","""default""","""none""","0"
"{citizen 42}","{citizen 35}","[213 0 42 100]","""""","9.9","false","{breed social-friends}","0","""default""","""none""","0"
"{citizen 42}","{citizen 38}","[213 0 42 100]","""""","9.9","false","{breed social-friends}","0","""default""","""none""","0"
"{citizen 42}","{citizen 41}","[213 0 42 100]","""""","9.9","false","{breed social-friends}","0","""default""","""none""","0"
"{citizen 42}","{citizen 45}","[213 0 42 100]","""""","9.9","false","{breed social-friends}","0","""default""","""none""","0"
"{citizen 42}","{citizen 46}","[213 0 42 100]","""""","9.9","false","{breed social-friends}","0","""default""","""none""","0"
"{citizen 42}","{citizen 47}","[213 0 42 100]","""""","9.9","false","{breed social-friends}","0","""default""","""none""","0"
"{citizen 42}","{citizen 49}","[213 0 42 100]","""""","9.9","false","{breed social-friends}","0","""default""","""none""","0"
"{citizen 43}","{citizen 0}","[85 0 170 100]","""""","9.9","false","{breed social-friends}","0","""default""","""none""","0"
"{citizen 43}","{citizen 1}","[85 0 170 100]","""""","9.9","false","{breed social-friends}","0","""default""","""none""","0"
"{citizen 43}","{citizen 2}","[85 0 170 100]","""""","9.9","false","{breed social-friends}","0","""default""","""none""","0"
"{citizen 43}","{citizen 5}","[141 141 141 100]","""""","9.9","false","{breed social-friends}","0","""default""","""none""","0"
"{citizen 43}","{citizen 6}","[85 0 170 100]","""""","9.9","false","{breed social-friends}","0","""default""","""none""","0"
"{citizen 43}","{citizen 7}","[85 0 170 100]","""""","9.9","false","{breed social-friends}","0","""default""","""none""","0"
"{citizen 43}","{citizen 10}","[85 0 170 100]","""""","9.9","false","{breed social-friends}","0","""default""","""none""","0"
"{citizen 43}","{citizen 11}","[85 0 170 100]","""""","9.9","false","{breed social-friends}","0","""default""","""none""","0"
"{citizen 43}","{citizen 12}","[85 0 170 100]","""""","9.9","false","{breed social-friends}","0","""default""","""none""","0"
"{citizen 43}","{citizen 13}","[85 0 170 100]","""""","9.9","false","{breed social-friends}","0","""default""","""none""","0"
"{citizen 43}","{citizen 14}","[85 0 170 100]","""""","9.9","false","{breed social-friends}","0","""default""","""none""","0"
"{citizen 43}","{citizen 16}","[85 0 170 100]","""""","9.9","false","{breed social-friends}","0","""default""","""none""","0"
"{citizen 43}","{citizen 17}","[85 0 170 100]","""""","9.9","false","{breed social-friends}","0","""default""","""none""","0"
"{citizen 43}","{citizen 18}","[85 0 170 100]","""""","9.9","false","{breed social-friends}","0","""default""","""none""","0"
"{citizen 43}","{citizen 19}","[141 141 141 100]","""""","9.9","false","{breed social-friends}","0","""default""","""none""","0"
"{citizen 43}","{citizen 20}","[85 0 170 100]","""""","9.9","false","{breed social-friends}","0","""default""","""none""","0"
"{citizen 43}","{citizen 21}","[85 0 170 100]","""""","9.9","false","{breed social-friends}","0","""default""","""none""","0"
"{citizen 43}","{citizen 23}","[85 0 170 100]","""""","9.9","false","{breed social-friends}","0","""default""","""none""","0"
"{citizen 43}","{citizen 24}","[85 0 170 100]","""""","9.9","false","{breed social-friends}","0","""default""","""none""","0"
"{citizen 43}","{citizen 25}","[141 141 141 100]","""""","9.9","false","{breed social-friends}","0","""default""","""none""","0"
"{citizen 43}","{citizen 26}","[85 0 170 100]","""""","9.9","false","{breed social-friends}","0","""default""","""none""","0"
"{citizen 43}","{citizen 28}","[85 0 170 100]","""""","9.9","false","{breed social-friends}","0","""default""","""none""","0"
"{citizen 43}","{citizen 32}","[141 141 141 100]","""""","9.9","false","{breed social-friends}","0","""default""","""none""","0"
"{citizen 43}","{citizen 34}","[85 0 170 100]","""""","9.9","false","{breed social-friends}","0","""default""","""none""","0"
"{citizen 43}","{citizen 36}","[85 0 170 100]","""""","9.9","false","{breed social-friends}","0","""default""","""none""","0"
"{citizen 43}","{citizen 37}","[85 0 170 100]","""""","9.9","false","{breed social-friends}","0","""default""","""none""","0"
"{citizen 43}","{citizen 38}","[141 141 141 100]","""""","9.9","false","{breed social-friends}","0","""default""","""none""","0"
"{citizen 43}","{citizen 39}","[85 0 170 100]","""""","9.9","false","{breed social-friends}","0","""default""","""none""","0"
"{citizen 43}","{citizen 40}","[85 0 170 100]","""""","9.9","false","{breed social-friends}","0","""default""","""none""","0"
"{citizen 43}","{citizen 44}","[85 0 170 100]","""""","9.9","false","{breed social-friends}","0","""default""","""none""","0"
"{citizen 43}","{citizen 45}","[141 141 141 100]","""""","9.9","false","{breed social-friends}","0","""default""","""none""","0"
"{citizen 43}","{citizen 46}","[141 141 141 100]","""""","9.9","false","{breed social-friends}","0","""default""","""none""","0"
"{citizen 43}","{citizen 48}","[85 0 170 100]","""""","9.9","false","{breed social-friends}","0","""default""","""none""","0"
"{citizen 43}","{citizen 49}","[141 141 141 100]","""""","9.9","false","{breed social-friends}","0","""default""","""none""","0"
"{citizen 44}","{citizen 0}","[85 0 170 100]","""""","9.9","false","{breed social-friends}","0","""default""","""none""","0"
"{citizen 44}","{citizen 1}","[85 0 170 100]","""""","9.9","false","{breed social-friends}","0","""default""","""none""","0"
"{citizen 44}","{citizen 2}","[85 0 170 100]","""""","9.9","false","{breed social-friends}","0","""default""","""none""","0"
"{citizen 44}","{citizen 4}","[141 141 141 100]","""""","9.9","false","{breed social-friends}","0","""default""","""none""","0"
"{citizen 44}","{citizen 5}","[141 141 141 100]","""""","9.9","false","{breed social-friends}","0","""default""","""none""","0"
"{citizen 44}","{citizen 6}","[85 0 170 100]","""""","9.9","false","{breed social-friends}","0","""default""","""none""","0"
"{citizen 44}","{citizen 7}","[85 0 170 100]","""""","9.9","false","{breed social-friends}","0","""default""","""none""","0"
"{citizen 44}","{citizen 10}","[85 0 170 100]","""""","9.9","false","{breed social-friends}","0","""default""","""none""","0"
"{citizen 44}","{citizen 11}","[85 0 170 100]","""""","9.9","false","{breed social-friends}","0","""default""","""none""","0"
"{citizen 44}","{citizen 12}","[85 0 170 100]","""""","9.9","false","{breed social-friends}","0","""default""","""none""","0"
"{citizen 44}","{citizen 13}","[85 0 170 100]","""""","9.9","false","{breed social-friends}","0","""default""","""none""","0"
"{citizen 44}","{citizen 14}","[85 0 170 100]","""""","9.9","false","{breed social-friends}","0","""default""","""none""","0"
"{citizen 44}","{citizen 15}","[141 141 141 100]","""""","9.9","false","{breed social-friends}","0","""default""","""none""","0"
"{citizen 44}","{citizen 16}","[85 0 170 100]","""""","9.9","false","{breed social-friends}","0","""default""","""none""","0"
"{citizen 44}","{citizen 17}","[85 0 170 100]","""""","9.9","false","{breed social-friends}","0","""default""","""none""","0"
"{citizen 44}","{citizen 18}","[85 0 170 100]","""""","9.9","false","{breed social-friends}","0","""default""","""none""","0"
"{citizen 44}","{citizen 20}","[85 0 170 100]","""""","9.9","false","{breed social-friends}","0","""default""","""none""","0"
"{citizen 44}","{citizen 21}","[85 0 170 100]","""""","9.9","false","{breed social-friends}","0","""default""","""none""","0"
"{citizen 44}","{citizen 22}","[141 141 141 100]","""""","9.9","false","{breed social-friends}","0","""default""","""none""","0"
"{citizen 44}","{citizen 23}","[85 0 170 100]","""""","9.9","false","{breed social-friends}","0","""default""","""none""","0"
"{citizen 44}","{citizen 24}","[85 0 170 100]","""""","9.9","false","{breed social-friends}","0","""default""","""none""","0"
"{citizen 44}","{citizen 25}","[141 141 141 100]","""""","9.9","false","{breed social-friends}","0","""default""","""none""","0"
"{citizen 44}","{citizen 26}","[85 0 170 100]","""""","9.9","false","{breed social-friends}","0","""default""","""none""","0"
"{citizen 44}","{citizen 28}","[85 0 170 100]","""""","9.9","false","{breed social-friends}","0","""default""","""none""","0"
"{citizen 44}","{citizen 32}","[141 141 141 100]","""""","9.9","false","{breed social-friends}","0","""default""","""none""","0"
"{citizen 44}","{citizen 34}","[85 0 170 100]","""""","9.9","false","{breed social-friends}","0","""default""","""none""","0"
"{citizen 44}","{citizen 36}","[85 0 170 100]","""""","9.9","false","{breed social-friends}","0","""default""","""none""","0"
"{citizen 44}","{citizen 37}","[85 0 170 100]","""""","9.9","false","{breed social-friends}","0","""default""","""none""","0"
"{citizen 44}","{citizen 39}","[85 0 170 100]","""""","9.9","false","{breed social-friends}","0","""default""","""none""","0"
"{citizen 44}","{citizen 40}","[85 0 170 100]","""""","9.9","false","{breed social-friends}","0","""default""","""none""","0"
"{citizen 44}","{citizen 43}","[85 0 170 100]","""""","9.9","false","{breed social-friends}","0","""default""","""none""","0"
"{citizen 44}","{citizen 45}","[141 141 141 100]","""""","9.9","false","{breed social-friends}","0","""default""","""none""","0"
"{citizen 44}","{citizen 46}","[141 141 141 100]","""""","9.9","false","{breed social-friends}","0","""default""","""none""","0"
"{citizen 44}","{citizen 48}","[85 0 170 100]","""""","9.9","false","{breed social-friends}","0","""default""","""none""","0"
"{citizen 44}","{citizen 49}","[141 141 141 100]","""""","9.9","false","{breed social-friends}","0","""default""","""none""","0"
"{citizen 45}","{citizen 0}","[141 141 141 100]","""""","9.9","false","{breed social-friends}","0","""default""","""none""","0"
"{citizen 45}","{citizen 1}","[141 141 141 100]","""""","9.9","false","{breed social-friends}","0","""default""","""none""","0"
"{citizen 45}","{citizen 2}","[141 141 141 100]","""""","9.9","false","{breed social-friends}","0","""default""","""none""","0"
"{citizen 45}","{citizen 3}","[213 0 42 100]","""""","9.9","false","{breed social-friends}","0","""default""","""none""","0"
"{citizen 45}","{citizen 7}","[141 141 141 100]","""""","9.9","false","{breed social-friends}","0","""default""","""none""","0"
"{citizen 45}","{citizen 9}","[213 0 42 100]","""""","9.9","false","{breed social-friends}","0","""default""","""none""","0"
"{citizen 45}","{citizen 10}","[141 141 141 100]","""""","9.9","false","{breed social-friends}","0","""default""","""none""","0"
"{citizen 45}","{citizen 11}","[141 141 141 100]","""""","9.9","false","{breed social-friends}","0","""default""","""none""","0"
"{citizen 45}","{citizen 12}","[141 141 141 100]","""""","9.9","false","{breed social-friends}","0","""default""","""none""","0"
"{citizen 45}","{citizen 15}","[213 0 42 100]","""""","9.9","false","{breed social-friends}","0","""default""","""none""","0"
"{citizen 45}","{citizen 16}","[141 141 141 100]","""""","9.9","false","{breed social-friends}","0","""default""","""none""","0"
"{citizen 45}","{citizen 17}","[141 141 141 100]","""""","9.9","false","{breed social-friends}","0","""default""","""none""","0"
"{citizen 45}","{citizen 18}","[141 141 141 100]","""""","9.9","false","{breed social-friends}","0","""default""","""none""","0"
"{citizen 45}","{citizen 20}","[141 141 141 100]","""""","9.9","false","{breed social-friends}","0","""default""","""none""","0"
"{citizen 45}","{citizen 21}","[141 141 141 100]","""""","9.9","false","{breed social-friends}","0","""default""","""none""","0"
"{citizen 45}","{citizen 23}","[141 141 141 100]","""""","9.9","false","{breed social-friends}","0","""default""","""none""","0"
"{citizen 45}","{citizen 24}","[141 141 141 100]","""""","9.9","false","{breed social-friends}","0","""default""","""none""","0"
"{citizen 45}","{citizen 26}","[141 141 141 100]","""""","9.9","false","{breed social-friends}","0","""default""","""none""","0"
"{citizen 45}","{citizen 28}","[141 141 141 100]","""""","9.9","false","{breed social-friends}","0","""default""","""none""","0"
"{citizen 45}","{citizen 29}","[213 0 42 100]","""""","9.9","false","{breed social-friends}","0","""default""","""none""","0"
"{citizen 45}","{citizen 30}","[213 0 42 100]","""""","9.9","false","{breed social-friends}","0","""default""","""none""","0"
"{citizen 45}","{citizen 31}","[213 0 42 100]","""""","9.9","false","{breed social-friends}","0","""default""","""none""","0"
"{citizen 45}","{citizen 32}","[213 0 42 100]","""""","9.9","false","{breed social-friends}","0","""default""","""none""","0"
"{citizen 45}","{citizen 33}","[213 0 42 100]","""""","9.9","false","{breed social-friends}","0","""default""","""none""","0"
"{citizen 45}","{citizen 34}","[141 141 141 100]","""""","9.9","false","{breed social-friends}","0","""default""","""none""","0"
"{citizen 45}","{citizen 35}","[213 0 42 100]","""""","9.9","false","{breed social-friends}","0","""default""","""none""","0"
"{citizen 45}","{citizen 36}","[141 141 141 100]","""""","9.9","false","{breed social-friends}","0","""default""","""none""","0"
"{citizen 45}","{citizen 37}","[141 141 141 100]","""""","9.9","false","{breed social-friends}","0","""default""","""none""","0"
"{citizen 45}","{citizen 39}","[141 141 141 100]","""""","9.9","false","{breed social-friends}","0","""default""","""none""","0"
"{citizen 45}","{citizen 40}","[141 141 141 100]","""""","9.9","false","{breed social-friends}","0","""default""","""none""","0"
"{citizen 45}","{citizen 41}","[213 0 42 100]","""""","9.9","false","{breed social-friends}","0","""default""","""none""","0"
"{citizen 45}","{citizen 42}","[213 0 42 100]","""""","9.9","false","{breed social-friends}","0","""default""","""none""","0"
"{citizen 45}","{citizen 43}","[141 141 141 100]","""""","9.9","false","{breed social-friends}","0","""default""","""none""","0"
"{citizen 45}","{citizen 44}","[141 141 141 100]","""""","9.9","false","{breed social-friends}","0","""default""","""none""","0"
"{citizen 45}","{citizen 48}","[141 141 141 100]","""""","9.9","false","{breed social-friends}","0","""default""","""none""","0"
"{citizen 46}","{citizen 1}","[141 141 141 100]","""""","9.9","false","{breed social-friends}","0","""default""","""none""","0"
"{citizen 46}","{citizen 2}","[141 141 141 100]","""""","9.9","false","{breed social-friends}","0","""default""","""none""","0"
"{citizen 46}","{citizen 6}","[141 141 141 100]","""""","9.9","false","{breed social-friends}","0","""default""","""none""","0"
"{citizen 46}","{citizen 7}","[141 141 141 100]","""""","9.9","false","{breed social-friends}","0","""default""","""none""","0"
"{citizen 46}","{citizen 8}","[213 0 42 100]","""""","9.9","false","{breed social-friends}","0","""default""","""none""","0"
"{citizen 46}","{citizen 9}","[213 0 42 100]","""""","9.9","false","{breed social-friends}","0","""default""","""none""","0"
"{citizen 46}","{citizen 10}","[141 141 141 100]","""""","9.9","false","{breed social-friends}","0","""default""","""none""","0"
"{citizen 46}","{citizen 11}","[141 141 141 100]","""""","9.9","false","{breed social-friends}","0","""default""","""none""","0"
"{citizen 46}","{citizen 12}","[141 141 141 100]","""""","9.9","false","{breed social-friends}","0","""default""","""none""","0"
"{citizen 46}","{citizen 14}","[141 141 141 100]","""""","9.9","false","{breed social-friends}","0","""default""","""none""","0"
"{citizen 46}","{citizen 15}","[213 0 42 100]","""""","9.9","false","{breed social-friends}","0","""default""","""none""","0"
"{citizen 46}","{citizen 18}","[141 141 141 100]","""""","9.9","false","{breed social-friends}","0","""default""","""none""","0"
"{citizen 46}","{citizen 21}","[141 141 141 100]","""""","9.9","false","{breed social-friends}","0","""default""","""none""","0"
"{citizen 46}","{citizen 24}","[141 141 141 100]","""""","9.9","false","{breed social-friends}","0","""default""","""none""","0"
"{citizen 46}","{citizen 26}","[141 141 141 100]","""""","9.9","false","{breed social-friends}","0","""default""","""none""","0"
"{citizen 46}","{citizen 30}","[213 0 42 100]","""""","9.9","false","{breed social-friends}","0","""default""","""none""","0"
"{citizen 46}","{citizen 31}","[213 0 42 100]","""""","9.9","false","{breed social-friends}","0","""default""","""none""","0"
"{citizen 46}","{citizen 35}","[213 0 42 100]","""""","9.9","false","{breed social-friends}","0","""default""","""none""","0"
"{citizen 46}","{citizen 37}","[141 141 141 100]","""""","9.9","false","{breed social-friends}","0","""default""","""none""","0"
"{citizen 46}","{citizen 38}","[213 0 42 100]","""""","9.9","false","{breed social-friends}","0","""default""","""none""","0"
"{citizen 46}","{citizen 39}","[141 141 141 100]","""""","9.9","false","{breed social-friends}","0","""default""","""none""","0"
"{citizen 46}","{citizen 40}","[141 141 141 100]","""""","9.9","false","{breed social-friends}","0","""default""","""none""","0"
"{citizen 46}","{citizen 42}","[213 0 42 100]","""""","9.9","false","{breed social-friends}","0","""default""","""none""","0"
"{citizen 46}","{citizen 43}","[141 141 141 100]","""""","9.9","false","{breed social-friends}","0","""default""","""none""","0"
"{citizen 46}","{citizen 44}","[141 141 141 100]","""""","9.9","false","{breed social-friends}","0","""default""","""none""","0"
"{citizen 46}","{citizen 47}","[213 0 42 100]","""""","9.9","false","{breed social-friends}","0","""default""","""none""","0"
"{citizen 46}","{citizen 48}","[141 141 141 100]","""""","9.9","false","{breed social-friends}","0","""default""","""none""","0"
"{citizen 47}","{citizen 4}","[213 0 42 100]","""""","9.9","false","{breed social-friends}","0","""default""","""none""","0"
"{citizen 47}","{citizen 8}","[213 0 42 100]","""""","9.9","false","{breed social-friends}","0","""default""","""none""","0"
"{citizen 47}","{citizen 9}","[213 0 42 100]","""""","9.9","false","{breed social-friends}","0","""default""","""none""","0"
"{citizen 47}","{citizen 15}","[213 0 42 100]","""""","9.9","false","{breed social-friends}","0","""default""","""none""","0"
"{citizen 47}","{citizen 19}","[213 0 42 100]","""""","9.9","false","{breed social-friends}","0","""default""","""none""","0"
"{citizen 47}","{citizen 22}","[213 0 42 100]","""""","9.9","false","{breed social-friends}","0","""default""","""none""","0"
"{citizen 47}","{citizen 30}","[213 0 42 100]","""""","9.9","false","{breed social-friends}","0","""default""","""none""","0"
"{citizen 47}","{citizen 31}","[213 0 42 100]","""""","9.9","false","{breed social-friends}","0","""default""","""none""","0"
"{citizen 47}","{citizen 33}","[213 0 42 100]","""""","9.9","false","{breed social-friends}","0","""default""","""none""","0"
"{citizen 47}","{citizen 35}","[213 0 42 100]","""""","9.9","false","{breed social-friends}","0","""default""","""none""","0"
"{citizen 47}","{citizen 38}","[213 0 42 100]","""""","9.9","false","{breed social-friends}","0","""default""","""none""","0"
"{citizen 47}","{citizen 41}","[213 0 42 100]","""""","9.9","false","{breed social-friends}","0","""default""","""none""","0"
"{citizen 47}","{citizen 42}","[213 0 42 100]","""""","9.9","false","{breed social-friends}","0","""default""","""none""","0"
"{citizen 47}","{citizen 46}","[213 0 42 100]","""""","9.9","false","{breed social-friends}","0","""default""","""none""","0"
"{citizen 47}","{citizen 49}","[213 0 42 100]","""""","9.9","false","{breed social-friends}","0","""default""","""none""","0"
"{citizen 48}","{citizen 0}","[85 0 170 100]","""""","9.9","false","{breed social-friends}","0","""default""","""none""","0"
"{citizen 48}","{citizen 1}","[85 0 170 100]","""""","9.9","false","{breed social-friends}","0","""default""","""none""","0"
"{citizen 48}","{citizen 2}","[85 0 170 100]","""""","9.9","false","{breed social-friends}","0","""default""","""none""","0"
"{citizen 48}","{citizen 4}","[141 141 141 100]","""""","9.9","false","{breed social-friends}","0","""default""","""none""","0"
"{citizen 48}","{citizen 5}","[141 141 141 100]","""""","9.9","false","{breed social-friends}","0","""default""","""none""","0"
"{citizen 48}","{citizen 6}","[85 0 170 100]","""""","9.9","false","{breed social-friends}","0","""default""","""none""","0"
"{citizen 48}","{citizen 7}","[85 0 170 100]","""""","9.9","false","{breed social-friends}","0","""default""","""none""","0"
"{citizen 48}","{citizen 10}","[85 0 170 100]","""""","9.9","false","{breed social-friends}","0","""default""","""none""","0"
"{citizen 48}","{citizen 11}","[85 0 170 100]","""""","9.9","false","{breed social-friends}","0","""default""","""none""","0"
"{citizen 48}","{citizen 12}","[85 0 170 100]","""""","9.9","false","{breed social-friends}","0","""default""","""none""","0"
"{citizen 48}","{citizen 13}","[85 0 170 100]","""""","9.9","false","{breed social-friends}","0","""default""","""none""","0"
"{citizen 48}","{citizen 14}","[85 0 170 100]","""""","9.9","false","{breed social-friends}","0","""default""","""none""","0"
"{citizen 48}","{citizen 15}","[141 141 141 100]","""""","9.9","false","{breed social-friends}","0","""default""","""none""","0"
"{citizen 48}","{citizen 16}","[85 0 170 100]","""""","9.9","false","{breed social-friends}","0","""default""","""none""","0"
"{citizen 48}","{citizen 17}","[85 0 170 100]","""""","9.9","false","{breed social-friends}","0","""default""","""none""","0"
"{citizen 48}","{citizen 18}","[85 0 170 100]","""""","9.9","false","{breed social-friends}","0","""default""","""none""","0"
"{citizen 48}","{citizen 20}","[85 0 170 100]","""""","9.9","false","{breed social-friends}","0","""default""","""none""","0"
"{citizen 48}","{citizen 21}","[85 0 170 100]","""""","9.9","false","{breed social-friends}","0","""default""","""none""","0"
"{citizen 48}","{citizen 23}","[85 0 170 100]","""""","9.9","false","{breed social-friends}","0","""default""","""none""","0"
"{citizen 48}","{citizen 24}","[85 0 170 100]","""""","9.9","false","{breed social-friends}","0","""default""","""none""","0"
"{citizen 48}","{citizen 25}","[141 141 141 100]","""""","9.9","false","{breed social-friends}","0","""default""","""none""","0"
"{citizen 48}","{citizen 26}","[85 0 170 100]","""""","9.9","false","{breed social-friends}","0","""default""","""none""","0"
"{citizen 48}","{citizen 28}","[85 0 170 100]","""""","9.9","false","{breed social-friends}","0","""default""","""none""","0"
"{citizen 48}","{citizen 32}","[141 141 141 100]","""""","9.9","false","{breed social-friends}","0","""default""","""none""","0"
"{citizen 48}","{citizen 34}","[85 0 170 100]","""""","9.9","false","{breed social-friends}","0","""default""","""none""","0"
"{citizen 48}","{citizen 36}","[85 0 170 100]","""""","9.9","false","{breed social-friends}","0","""default""","""none""","0"
"{citizen 48}","{citizen 37}","[85 0 170 100]","""""","9.9","false","{breed social-friends}","0","""default""","""none""","0"
"{citizen 48}","{citizen 39}","[85 0 170 100]","""""","9.9","false","{breed social-friends}","0","""default""","""none""","0"
"{citizen 48}","{citizen 40}","[85 0 170 100]","""""","9.9","false","{breed social-friends}","0","""default""","""none""","0"
"{citizen 48}","{citizen 43}","[85 0 170 100]","""""","9.9","false","{breed social-friends}","0","""default""","""none""","0"
"{citizen 48}","{citizen 44}","[85 0 170 100]","""""","9.9","false","{breed social-friends}","0","""default""","""none""","0"
"{citizen 48}","{citizen 45}","[141 141 141 100]","""""","9.9","false","{breed social-friends}","0","""default""","""none""","0"
"{citizen 48}","{citizen 46}","[141 141 141 100]","""""","9.9","false","{breed social-friends}","0","""default""","""none""","0"
"{citizen 49}","{citizen 2}","[141 141 141 100]","""""","9.9","false","{breed social-friends}","0","""default""","""none""","0"
"{citizen 49}","{citizen 5}","[213 0 42 100]","""""","9.9","false","{breed social-friends}","0","""default""","""none""","0"
"{citizen 49}","{citizen 6}","[141 141 141 100]","""""","9.9","false","{breed social-friends}","0","""default""","""none""","0"
"{citizen 49}","{citizen 7}","[141 141 141 100]","""""","9.9","false","{breed social-friends}","0","""default""","""none""","0"
"{citizen 49}","{citizen 8}","[213 0 42 100]","""""","9.9","false","{breed social-friends}","0","""default""","""none""","0"
"{citizen 49}","{citizen 12}","[141 141 141 100]","""""","9.9","false","{breed social-friends}","0","""default""","""none""","0"
"{citizen 49}","{citizen 14}","[141 141 141 100]","""""","9.9","false","{breed social-friends}","0","""default""","""none""","0"
"{citizen 49}","{citizen 15}","[213 0 42 100]","""""","9.9","false","{breed social-friends}","0","""default""","""none""","0"
"{citizen 49}","{citizen 18}","[141 141 141 100]","""""","9.9","false","{breed social-friends}","0","""default""","""none""","0"
"{citizen 49}","{citizen 21}","[141 141 141 100]","""""","9.9","false","{breed social-friends}","0","""default""","""none""","0"
"{citizen 49}","{citizen 24}","[141 141 141 100]","""""","9.9","false","{breed social-friends}","0","""default""","""none""","0"
"{citizen 49}","{citizen 25}","[213 0 42 100]","""""","9.9","false","{breed social-friends}","0","""default""","""none""","0"
"{citizen 49}","{citizen 30}","[213 0 42 100]","""""","9.9","false","{breed social-friends}","0","""default""","""none""","0"
"{citizen 49}","{citizen 31}","[213 0 42 100]","""""","9.9","false","{breed social-friends}","0","""default""","""none""","0"
"{citizen 49}","{citizen 35}","[213 0 42 100]","""""","9.9","false","{breed social-friends}","0","""default""","""none""","0"
"{citizen 49}","{citizen 38}","[213 0 42 100]","""""","9.9","false","{breed social-friends}","0","""default""","""none""","0"
"{citizen 49}","{citizen 42}","[213 0 42 100]","""""","9.9","false","{breed social-friends}","0","""default""","""none""","0"
"{citizen 49}","{citizen 43}","[141 141 141 100]","""""","9.9","false","{breed social-friends}","0","""default""","""none""","0"
"{citizen 49}","{citizen 44}","[141 141 141 100]","""""","9.9","false","{breed social-friends}","0","""default""","""none""","0"
"{citizen 49}","{citizen 47}","[213 0 42 100]","""""","9.9","false","{breed social-friends}","0","""default""","""none""","0"
"{media 50}","{citizen 0}","[141 141 141 255]","""""","9.9","false","{breed subscribers}","0","""default""","""none""","0"
"{media 50}","{citizen 1}","[141 141 141 255]","""""","9.9","false","{breed subscribers}","0","""default""","""none""","0"
"{media 50}","{citizen 2}","[141 141 141 255]","""""","9.9","false","{breed subscribers}","0","""default""","""none""","0"
"{media 50}","{citizen 3}","[141 141 141 255]","""""","9.9","false","{breed subscribers}","0","""default""","""none""","0"
"{media 50}","{citizen 4}","[141 141 141 255]","""""","9.9","false","{breed subscribers}","0","""default""","""none""","0"
"{media 50}","{citizen 5}","[141 141 141 255]","""""","9.9","false","{breed subscribers}","0","""default""","""none""","0"
"{media 50}","{citizen 6}","[141 141 141 255]","""""","9.9","false","{breed subscribers}","0","""default""","""none""","0"
"{media 50}","{citizen 7}","[141 141 141 255]","""""","9.9","false","{breed subscribers}","0","""default""","""none""","0"
"{media 50}","{citizen 8}","[141 141 141 255]","""""","9.9","false","{breed subscribers}","0","""default""","""none""","0"
"{media 50}","{citizen 9}","[141 141 141 255]","""""","9.9","false","{breed subscribers}","0","""default""","""none""","0"
"{media 50}","{citizen 10}","[141 141 141 255]","""""","9.9","false","{breed subscribers}","0","""default""","""none""","0"
"{media 50}","{citizen 11}","[141 141 141 255]","""""","9.9","false","{breed subscribers}","0","""default""","""none""","0"
"{media 50}","{citizen 12}","[141 141 141 255]","""""","9.9","false","{breed subscribers}","0","""default""","""none""","0"
"{media 50}","{citizen 13}","[141 141 141 255]","""""","9.9","false","{breed subscribers}","0","""default""","""none""","0"
"{media 50}","{citizen 14}","[141 141 141 255]","""""","9.9","false","{breed subscribers}","0","""default""","""none""","0"
"{media 50}","{citizen 15}","[141 141 141 255]","""""","9.9","false","{breed subscribers}","0","""default""","""none""","0"
"{media 50}","{citizen 16}","[141 141 141 255]","""""","9.9","false","{breed subscribers}","0","""default""","""none""","0"
"{media 50}","{citizen 17}","[141 141 141 255]","""""","9.9","false","{breed subscribers}","0","""default""","""none""","0"
"{media 50}","{citizen 18}","[141 141 141 255]","""""","9.9","false","{breed subscribers}","0","""default""","""none""","0"
"{media 50}","{citizen 19}","[141 141 141 255]","""""","9.9","false","{breed subscribers}","0","""default""","""none""","0"
"{media 50}","{citizen 20}","[141 141 141 255]","""""","9.9","false","{breed subscribers}","0","""default""","""none""","0"
"{media 50}","{citizen 21}","[141 141 141 255]","""""","9.9","false","{breed subscribers}","0","""default""","""none""","0"
"{media 50}","{citizen 22}","[141 141 141 255]","""""","9.9","false","{breed subscribers}","0","""default""","""none""","0"
"{media 50}","{citizen 23}","[141 141 141 255]","""""","9.9","false","{breed subscribers}","0","""default""","""none""","0"
"{media 50}","{citizen 24}","[141 141 141 255]","""""","9.9","false","{breed subscribers}","0","""default""","""none""","0"
"{media 50}","{citizen 25}","[141 141 141 255]","""""","9.9","false","{breed subscribers}","0","""default""","""none""","0"
"{media 50}","{citizen 26}","[141 141 141 255]","""""","9.9","false","{breed subscribers}","0","""default""","""none""","0"
"{media 50}","{citizen 27}","[141 141 141 255]","""""","9.9","false","{breed subscribers}","0","""default""","""none""","0"
"{media 50}","{citizen 28}","[141 141 141 255]","""""","9.9","false","{breed subscribers}","0","""default""","""none""","0"
"{media 50}","{citizen 29}","[141 141 141 255]","""""","9.9","false","{breed subscribers}","0","""default""","""none""","0"
"{media 50}","{citizen 30}","[141 141 141 255]","""""","9.9","false","{breed subscribers}","0","""default""","""none""","0"
"{media 50}","{citizen 31}","[141 141 141 255]","""""","9.9","false","{breed subscribers}","0","""default""","""none""","0"
"{media 50}","{citizen 32}","[141 141 141 255]","""""","9.9","false","{breed subscribers}","0","""default""","""none""","0"
"{media 50}","{citizen 33}","[141 141 141 255]","""""","9.9","false","{breed subscribers}","0","""default""","""none""","0"
"{media 50}","{citizen 34}","[141 141 141 255]","""""","9.9","false","{breed subscribers}","0","""default""","""none""","0"
"{media 50}","{citizen 35}","[141 141 141 255]","""""","9.9","false","{breed subscribers}","0","""default""","""none""","0"
"{media 50}","{citizen 36}","[141 141 141 255]","""""","9.9","false","{breed subscribers}","0","""default""","""none""","0"
"{media 50}","{citizen 37}","[141 141 141 255]","""""","9.9","false","{breed subscribers}","0","""default""","""none""","0"
"{media 50}","{citizen 38}","[141 141 141 255]","""""","9.9","false","{breed subscribers}","0","""default""","""none""","0"
"{media 50}","{citizen 39}","[141 141 141 255]","""""","9.9","false","{breed subscribers}","0","""default""","""none""","0"
"{media 50}","{citizen 40}","[141 141 141 255]","""""","9.9","false","{breed subscribers}","0","""default""","""none""","0"
"{media 50}","{citizen 41}","[141 141 141 255]","""""","9.9","false","{breed subscribers}","0","""default""","""none""","0"
"{media 50}","{citizen 42}","[141 141 141 255]","""""","9.9","false","{breed subscribers}","0","""default""","""none""","0"
"{media 50}","{citizen 43}","[141 141 141 255]","""""","9.9","false","{breed subscribers}","0","""default""","""none""","0"
"{media 50}","{citizen 44}","[141 141 141 255]","""""","9.9","false","{breed subscribers}","0","""default""","""none""","0"
"{media 50}","{citizen 45}","[141 141 141 255]","""""","9.9","false","{breed subscribers}","0","""default""","""none""","0"
"{media 50}","{citizen 46}","[141 141 141 255]","""""","9.9","false","{breed subscribers}","0","""default""","""none""","0"
"{media 50}","{citizen 47}","[141 141 141 255]","""""","9.9","false","{breed subscribers}","0","""default""","""none""","0"
"{media 50}","{citizen 48}","[141 141 141 255]","""""","9.9","false","{breed subscribers}","0","""default""","""none""","0"
"{media 50}","{citizen 49}","[141 141 141 255]","""""","9.9","false","{breed subscribers}","0","""default""","""none""","0"
"{media 51}","{citizen 0}","[141 141 141 255]","""""","9.9","false","{breed subscribers}","0","""default""","""none""","0"
"{media 51}","{citizen 1}","[141 141 141 255]","""""","9.9","false","{breed subscribers}","0","""default""","""none""","0"
"{media 51}","{citizen 2}","[141 141 141 255]","""""","9.9","false","{breed subscribers}","0","""default""","""none""","0"
"{media 51}","{citizen 6}","[141 141 141 255]","""""","9.9","false","{breed subscribers}","0","""default""","""none""","0"
"{media 51}","{citizen 7}","[141 141 141 255]","""""","9.9","false","{breed subscribers}","0","""default""","""none""","0"
"{media 51}","{citizen 10}","[141 141 141 255]","""""","9.9","false","{breed subscribers}","0","""default""","""none""","0"
"{media 51}","{citizen 11}","[141 141 141 255]","""""","9.9","false","{breed subscribers}","0","""default""","""none""","0"
"{media 51}","{citizen 12}","[141 141 141 255]","""""","9.9","false","{breed subscribers}","0","""default""","""none""","0"
"{media 51}","{citizen 13}","[141 141 141 255]","""""","9.9","false","{breed subscribers}","0","""default""","""none""","0"
"{media 51}","{citizen 14}","[141 141 141 255]","""""","9.9","false","{breed subscribers}","0","""default""","""none""","0"
"{media 51}","{citizen 16}","[141 141 141 255]","""""","9.9","false","{breed subscribers}","0","""default""","""none""","0"
"{media 51}","{citizen 17}","[141 141 141 255]","""""","9.9","false","{breed subscribers}","0","""default""","""none""","0"
"{media 51}","{citizen 18}","[141 141 141 255]","""""","9.9","false","{breed subscribers}","0","""default""","""none""","0"
"{media 51}","{citizen 20}","[141 141 141 255]","""""","9.9","false","{breed subscribers}","0","""default""","""none""","0"
"{media 51}","{citizen 21}","[141 141 141 255]","""""","9.9","false","{breed subscribers}","0","""default""","""none""","0"
"{media 51}","{citizen 23}","[141 141 141 255]","""""","9.9","false","{breed subscribers}","0","""default""","""none""","0"
"{media 51}","{citizen 24}","[141 141 141 255]","""""","9.9","false","{breed subscribers}","0","""default""","""none""","0"
"{media 51}","{citizen 26}","[141 141 141 255]","""""","9.9","false","{breed subscribers}","0","""default""","""none""","0"
"{media 51}","{citizen 28}","[141 141 141 255]","""""","9.9","false","{breed subscribers}","0","""default""","""none""","0"
"{media 51}","{citizen 34}","[141 141 141 255]","""""","9.9","false","{breed subscribers}","0","""default""","""none""","0"
"{media 51}","{citizen 36}","[141 141 141 255]","""""","9.9","false","{breed subscribers}","0","""default""","""none""","0"
"{media 51}","{citizen 37}","[141 141 141 255]","""""","9.9","false","{breed subscribers}","0","""default""","""none""","0"
"{media 51}","{citizen 39}","[141 141 141 255]","""""","9.9","false","{breed subscribers}","0","""default""","""none""","0"
"{media 51}","{citizen 40}","[141 141 141 255]","""""","9.9","false","{breed subscribers}","0","""default""","""none""","0"
"{media 51}","{citizen 43}","[141 141 141 255]","""""","9.9","false","{breed subscribers}","0","""default""","""none""","0"
"{media 51}","{citizen 44}","[141 141 141 255]","""""","9.9","false","{breed subscribers}","0","""default""","""none""","0"
"{media 51}","{citizen 48}","[141 141 141 255]","""""","9.9","false","{breed subscribers}","0","""default""","""none""","0"
"{media 52}","{citizen 3}","[141 141 141 255]","""""","9.9","false","{breed subscribers}","0","""default""","""none""","0"
"{media 52}","{citizen 4}","[141 141 141 255]","""""","9.9","false","{breed subscribers}","0","""default""","""none""","0"
"{media 52}","{citizen 5}","[141 141 141 255]","""""","9.9","false","{breed subscribers}","0","""default""","""none""","0"
"{media 52}","{citizen 8}","[141 141 141 255]","""""","9.9","false","{breed subscribers}","0","""default""","""none""","0"
"{media 52}","{citizen 9}","[141 141 141 255]","""""","9.9","false","{breed subscribers}","0","""default""","""none""","0"
"{media 52}","{citizen 15}","[141 141 141 255]","""""","9.9","false","{breed subscribers}","0","""default""","""none""","0"
"{media 52}","{citizen 19}","[141 141 141 255]","""""","9.9","false","{breed subscribers}","0","""default""","""none""","0"
"{media 52}","{citizen 22}","[141 141 141 255]","""""","9.9","false","{breed subscribers}","0","""default""","""none""","0"
"{media 52}","{citizen 25}","[141 141 141 255]","""""","9.9","false","{breed subscribers}","0","""default""","""none""","0"
"{media 52}","{citizen 27}","[141 141 141 255]","""""","9.9","false","{breed subscribers}","0","""default""","""none""","0"
"{media 52}","{citizen 29}","[141 141 141 255]","""""","9.9","false","{breed subscribers}","0","""default""","""none""","0"
"{media 52}","{citizen 30}","[141 141 141 255]","""""","9.9","false","{breed subscribers}","0","""default""","""none""","0"
"{media 52}","{citizen 31}","[141 141 141 255]","""""","9.9","false","{breed subscribers}","0","""default""","""none""","0"
"{media 52}","{citizen 32}","[141 141 141 255]","""""","9.9","false","{breed subscribers}","0","""default""","""none""","0"
"{media 52}","{citizen 33}","[141 141 141 255]","""""","9.9","false","{breed subscribers}","0","""default""","""none""","0"
"{media 52}","{citizen 35}","[141 141 141 255]","""""","9.9","false","{breed subscribers}","0","""default""","""none""","0"
"{media 52}","{citizen 38}","[141 141 141 255]","""""","9.9","false","{breed subscribers}","0","""default""","""none""","0"
"{media 52}","{citizen 41}","[141 141 141 255]","""""","9.9","false","{breed subscribers}","0","""default""","""none""","0"
"{media 52}","{citizen 42}","[141 141 141 255]","""""","9.9","false","{breed subscribers}","0","""default""","""none""","0"
"{media 52}","{citizen 45}","[141 141 141 255]","""""","9.9","false","{breed subscribers}","0","""default""","""none""","0"
"{media 52}","{citizen 46}","[141 141 141 255]","""""","9.9","false","{breed subscribers}","0","""default""","""none""","0"
"{media 52}","{citizen 47}","[141 141 141 255]","""""","9.9","false","{breed subscribers}","0","""default""","""none""","0"
"{media 52}","{citizen 49}","[141 141 141 255]","""""","9.9","false","{breed subscribers}","0","""default""","""none""","0"
"{media 53}","{citizen 3}","[141 141 141 255]","""""","9.9","false","{breed subscribers}","0","""default""","""none""","0"
"{media 53}","{citizen 4}","[141 141 141 255]","""""","9.9","false","{breed subscribers}","0","""default""","""none""","0"
"{media 53}","{citizen 5}","[141 141 141 255]","""""","9.9","false","{breed subscribers}","0","""default""","""none""","0"
"{media 53}","{citizen 8}","[141 141 141 255]","""""","9.9","false","{breed subscribers}","0","""default""","""none""","0"
"{media 53}","{citizen 9}","[141 141 141 255]","""""","9.9","false","{breed subscribers}","0","""default""","""none""","0"
"{media 53}","{citizen 15}","[141 141 141 255]","""""","9.9","false","{breed subscribers}","0","""default""","""none""","0"
"{media 53}","{citizen 19}","[141 141 141 255]","""""","9.9","false","{breed subscribers}","0","""default""","""none""","0"
"{media 53}","{citizen 22}","[141 141 141 255]","""""","9.9","false","{breed subscribers}","0","""default""","""none""","0"
"{media 53}","{citizen 25}","[141 141 141 255]","""""","9.9","false","{breed subscribers}","0","""default""","""none""","0"
"{media 53}","{citizen 27}","[141 141 141 255]","""""","9.9","false","{breed subscribers}","0","""default""","""none""","0"
"{media 53}","{citizen 29}","[141 141 141 255]","""""","9.9","false","{breed subscribers}","0","""default""","""none""","0"
"{media 53}","{citizen 30}","[141 141 141 255]","""""","9.9","false","{breed subscribers}","0","""default""","""none""","0"
"{media 53}","{citizen 31}","[141 141 141 255]","""""","9.9","false","{breed subscribers}","0","""default""","""none""","0"
"{media 53}","{citizen 32}","[141 141 141 255]","""""","9.9","false","{breed subscribers}","0","""default""","""none""","0"
"{media 53}","{citizen 33}","[141 141 141 255]","""""","9.9","false","{breed subscribers}","0","""default""","""none""","0"
"{media 53}","{citizen 35}","[141 141 141 255]","""""","9.9","false","{breed subscribers}","0","""default""","""none""","0"
"{media 53}","{citizen 38}","[141 141 141 255]","""""","9.9","false","{breed subscribers}","0","""default""","""none""","0"
"{media 53}","{citizen 41}","[141 141 141 255]","""""","9.9","false","{breed subscribers}","0","""default""","""none""","0"
"{media 53}","{citizen 42}","[141 141 141 255]","""""","9.9","false","{breed subscribers}","0","""default""","""none""","0"
"{media 53}","{citizen 45}","[141 141 141 255]","""""","9.9","false","{breed subscribers}","0","""default""","""none""","0"
"{media 53}","{citizen 46}","[141 141 141 255]","""""","9.9","false","{breed subscribers}","0","""default""","""none""","0"
"{media 53}","{citizen 47}","[141 141 141 255]","""""","9.9","false","{breed subscribers}","0","""default""","""none""","0"
"{media 53}","{citizen 49}","[141 141 141 255]","""""","9.9","false","{breed subscribers}","0","""default""","""none""","0"
"{media 54}","{citizen 0}","[141 141 141 255]","""""","9.9","false","{breed subscribers}","0","""default""","""none""","0"
"{media 54}","{citizen 1}","[141 141 141 255]","""""","9.9","false","{breed subscribers}","0","""default""","""none""","0"
"{media 54}","{citizen 2}","[141 141 141 255]","""""","9.9","false","{breed subscribers}","0","""default""","""none""","0"
"{media 54}","{citizen 6}","[141 141 141 255]","""""","9.9","false","{breed subscribers}","0","""default""","""none""","0"
"{media 54}","{citizen 7}","[141 141 141 255]","""""","9.9","false","{breed subscribers}","0","""default""","""none""","0"
"{media 54}","{citizen 10}","[141 141 141 255]","""""","9.9","false","{breed subscribers}","0","""default""","""none""","0"
"{media 54}","{citizen 11}","[141 141 141 255]","""""","9.9","false","{breed subscribers}","0","""default""","""none""","0"
"{media 54}","{citizen 12}","[141 141 141 255]","""""","9.9","false","{breed subscribers}","0","""default""","""none""","0"
"{media 54}","{citizen 13}","[141 141 141 255]","""""","9.9","false","{breed subscribers}","0","""default""","""none""","0"
"{media 54}","{citizen 14}","[141 141 141 255]","""""","9.9","false","{breed subscribers}","0","""default""","""none""","0"
"{media 54}","{citizen 16}","[141 141 141 255]","""""","9.9","false","{breed subscribers}","0","""default""","""none""","0"
"{media 54}","{citizen 17}","[141 141 141 255]","""""","9.9","false","{breed subscribers}","0","""default""","""none""","0"
"{media 54}","{citizen 18}","[141 141 141 255]","""""","9.9","false","{breed subscribers}","0","""default""","""none""","0"
"{media 54}","{citizen 20}","[141 141 141 255]","""""","9.9","false","{breed subscribers}","0","""default""","""none""","0"
"{media 54}","{citizen 21}","[141 141 141 255]","""""","9.9","false","{breed subscribers}","0","""default""","""none""","0"
"{media 54}","{citizen 23}","[141 141 141 255]","""""","9.9","false","{breed subscribers}","0","""default""","""none""","0"
"{media 54}","{citizen 24}","[141 141 141 255]","""""","9.9","false","{breed subscribers}","0","""default""","""none""","0"
"{media 54}","{citizen 26}","[141 141 141 255]","""""","9.9","false","{breed subscribers}","0","""default""","""none""","0"
"{media 54}","{citizen 28}","[141 141 141 255]","""""","9.9","false","{breed subscribers}","0","""default""","""none""","0"
"{media 54}","{citizen 34}","[141 141 141 255]","""""","9.9","false","{breed subscribers}","0","""default""","""none""","0"
"{media 54}","{citizen 36}","[141 141 141 255]","""""","9.9","false","{breed subscribers}","0","""default""","""none""","0"
"{media 54}","{citizen 37}","[141 141 141 255]","""""","9.9","false","{breed subscribers}","0","""default""","""none""","0"
"{media 54}","{citizen 39}","[141 141 141 255]","""""","9.9","false","{breed subscribers}","0","""default""","""none""","0"
"{media 54}","{citizen 40}","[141 141 141 255]","""""","9.9","false","{breed subscribers}","0","""default""","""none""","0"
"{media 54}","{citizen 43}","[141 141 141 255]","""""","9.9","false","{breed subscribers}","0","""default""","""none""","0"
"{media 54}","{citizen 44}","[141 141 141 255]","""""","9.9","false","{breed subscribers}","0","""default""","""none""","0"
"{media 54}","{citizen 48}","[141 141 141 255]","""""","9.9","false","{breed subscribers}","0","""default""","""none""","0"
"{media 55}","{citizen 0}","[141 141 141 255]","""""","9.9","false","{breed subscribers}","0","""default""","""none""","0"
"{media 55}","{citizen 1}","[141 141 141 255]","""""","9.9","false","{breed subscribers}","0","""default""","""none""","0"
"{media 55}","{citizen 2}","[141 141 141 255]","""""","9.9","false","{breed subscribers}","0","""default""","""none""","0"
"{media 55}","{citizen 3}","[141 141 141 255]","""""","9.9","false","{breed subscribers}","0","""default""","""none""","0"
"{media 55}","{citizen 4}","[141 141 141 255]","""""","9.9","false","{breed subscribers}","0","""default""","""none""","0"
"{media 55}","{citizen 5}","[141 141 141 255]","""""","9.9","false","{breed subscribers}","0","""default""","""none""","0"
"{media 55}","{citizen 6}","[141 141 141 255]","""""","9.9","false","{breed subscribers}","0","""default""","""none""","0"
"{media 55}","{citizen 7}","[141 141 141 255]","""""","9.9","false","{breed subscribers}","0","""default""","""none""","0"
"{media 55}","{citizen 8}","[141 141 141 255]","""""","9.9","false","{breed subscribers}","0","""default""","""none""","0"
"{media 55}","{citizen 9}","[141 141 141 255]","""""","9.9","false","{breed subscribers}","0","""default""","""none""","0"
"{media 55}","{citizen 10}","[141 141 141 255]","""""","9.9","false","{breed subscribers}","0","""default""","""none""","0"
"{media 55}","{citizen 11}","[141 141 141 255]","""""","9.9","false","{breed subscribers}","0","""default""","""none""","0"
"{media 55}","{citizen 12}","[141 141 141 255]","""""","9.9","false","{breed subscribers}","0","""default""","""none""","0"
"{media 55}","{citizen 13}","[141 141 141 255]","""""","9.9","false","{breed subscribers}","0","""default""","""none""","0"
"{media 55}","{citizen 14}","[141 141 141 255]","""""","9.9","false","{breed subscribers}","0","""default""","""none""","0"
"{media 55}","{citizen 15}","[141 141 141 255]","""""","9.9","false","{breed subscribers}","0","""default""","""none""","0"
"{media 55}","{citizen 16}","[141 141 141 255]","""""","9.9","false","{breed subscribers}","0","""default""","""none""","0"
"{media 55}","{citizen 17}","[141 141 141 255]","""""","9.9","false","{breed subscribers}","0","""default""","""none""","0"
"{media 55}","{citizen 18}","[141 141 141 255]","""""","9.9","false","{breed subscribers}","0","""default""","""none""","0"
"{media 55}","{citizen 19}","[141 141 141 255]","""""","9.9","false","{breed subscribers}","0","""default""","""none""","0"
"{media 55}","{citizen 20}","[141 141 141 255]","""""","9.9","false","{breed subscribers}","0","""default""","""none""","0"
"{media 55}","{citizen 21}","[141 141 141 255]","""""","9.9","false","{breed subscribers}","0","""default""","""none""","0"
"{media 55}","{citizen 22}","[141 141 141 255]","""""","9.9","false","{breed subscribers}","0","""default""","""none""","0"
"{media 55}","{citizen 23}","[141 141 141 255]","""""","9.9","false","{breed subscribers}","0","""default""","""none""","0"
"{media 55}","{citizen 24}","[141 141 141 255]","""""","9.9","false","{breed subscribers}","0","""default""","""none""","0"
"{media 55}","{citizen 25}","[141 141 141 255]","""""","9.9","false","{breed subscribers}","0","""default""","""none""","0"
"{media 55}","{citizen 26}","[141 141 141 255]","""""","9.9","false","{breed subscribers}","0","""default""","""none""","0"
"{media 55}","{citizen 27}","[141 141 141 255]","""""","9.9","false","{breed subscribers}","0","""default""","""none""","0"
"{media 55}","{citizen 28}","[141 141 141 255]","""""","9.9","false","{breed subscribers}","0","""default""","""none""","0"
"{media 55}","{citizen 29}","[141 141 141 255]","""""","9.9","false","{breed subscribers}","0","""default""","""none""","0"
"{media 55}","{citizen 30}","[141 141 141 255]","""""","9.9","false","{breed subscribers}","0","""default""","""none""","0"
"{media 55}","{citizen 31}","[141 141 141 255]","""""","9.9","false","{breed subscribers}","0","""default""","""none""","0"
"{media 55}","{citizen 32}","[141 141 141 255]","""""","9.9","false","{breed subscribers}","0","""default""","""none""","0"
"{media 55}","{citizen 33}","[141 141 141 255]","""""","9.9","false","{breed subscribers}","0","""default""","""none""","0"
"{media 55}","{citizen 34}","[141 141 141 255]","""""","9.9","false","{breed subscribers}","0","""default""","""none""","0"
"{media 55}","{citizen 35}","[141 141 141 255]","""""","9.9","false","{breed subscribers}","0","""default""","""none""","0"
"{media 55}","{citizen 36}","[141 141 141 255]","""""","9.9","false","{breed subscribers}","0","""default""","""none""","0"
"{media 55}","{citizen 37}","[141 141 141 255]","""""","9.9","false","{breed subscribers}","0","""default""","""none""","0"
"{media 55}","{citizen 38}","[141 141 141 255]","""""","9.9","false","{breed subscribers}","0","""default""","""none""","0"
"{media 55}","{citizen 39}","[141 141 141 255]","""""","9.9","false","{breed subscribers}","0","""default""","""none""","0"
"{media 55}","{citizen 40}","[141 141 141 255]","""""","9.9","false","{breed subscribers}","0","""default""","""none""","0"
"{media 55}","{citizen 41}","[141 141 141 255]","""""","9.9","false","{breed subscribers}","0","""default""","""none""","0"
"{media 55}","{citizen 42}","[141 141 141 255]","""""","9.9","false","{breed subscribers}","0","""default""","""none""","0"
"{media 55}","{citizen 43}","[141 141 141 255]","""""","9.9","false","{breed subscribers}","0","""default""","""none""","0"
"{media 55}","{citizen 44}","[141 141 141 255]","""""","9.9","false","{breed subscribers}","0","""default""","""none""","0"
"{media 55}","{citizen 45}","[141 141 141 255]","""""","9.9","false","{breed subscribers}","0","""default""","""none""","0"
"{media 55}","{citizen 46}","[141 141 141 255]","""""","9.9","false","{breed subscribers}","0","""default""","""none""","0"
"{media 55}","{citizen 47}","[141 141 141 255]","""""","9.9","false","{breed subscribers}","0","""default""","""none""","0"
"{media 55}","{citizen 48}","[141 141 141 255]","""""","9.9","false","{breed subscribers}","0","""default""","""none""","0"
"{media 55}","{citizen 49}","[141 141 141 255]","""""","9.9","false","{breed subscribers}","0","""default""","""none""","0"
"{media 56}","{citizen 3}","[141 141 141 255]","""""","9.9","false","{breed subscribers}","0","""default""","""none""","0"
"{media 56}","{citizen 4}","[141 141 141 255]","""""","9.9","false","{breed subscribers}","0","""default""","""none""","0"
"{media 56}","{citizen 5}","[141 141 141 255]","""""","9.9","false","{breed subscribers}","0","""default""","""none""","0"
"{media 56}","{citizen 8}","[141 141 141 255]","""""","9.9","false","{breed subscribers}","0","""default""","""none""","0"
"{media 56}","{citizen 9}","[141 141 141 255]","""""","9.9","false","{breed subscribers}","0","""default""","""none""","0"
"{media 56}","{citizen 15}","[141 141 141 255]","""""","9.9","false","{breed subscribers}","0","""default""","""none""","0"
"{media 56}","{citizen 19}","[141 141 141 255]","""""","9.9","false","{breed subscribers}","0","""default""","""none""","0"
"{media 56}","{citizen 22}","[141 141 141 255]","""""","9.9","false","{breed subscribers}","0","""default""","""none""","0"
"{media 56}","{citizen 25}","[141 141 141 255]","""""","9.9","false","{breed subscribers}","0","""default""","""none""","0"
"{media 56}","{citizen 27}","[141 141 141 255]","""""","9.9","false","{breed subscribers}","0","""default""","""none""","0"
"{media 56}","{citizen 29}","[141 141 141 255]","""""","9.9","false","{breed subscribers}","0","""default""","""none""","0"
"{media 56}","{citizen 30}","[141 141 141 255]","""""","9.9","false","{breed subscribers}","0","""default""","""none""","0"
"{media 56}","{citizen 31}","[141 141 141 255]","""""","9.9","false","{breed subscribers}","0","""default""","""none""","0"
"{media 56}","{citizen 32}","[141 141 141 255]","""""","9.9","false","{breed subscribers}","0","""default""","""none""","0"
"{media 56}","{citizen 33}","[141 141 141 255]","""""","9.9","false","{breed subscribers}","0","""default""","""none""","0"
"{media 56}","{citizen 35}","[141 141 141 255]","""""","9.9","false","{breed subscribers}","0","""default""","""none""","0"
"{media 56}","{citizen 38}","[141 141 141 255]","""""","9.9","false","{breed subscribers}","0","""default""","""none""","0"
"{media 56}","{citizen 41}","[141 141 141 255]","""""","9.9","false","{breed subscribers}","0","""default""","""none""","0"
"{media 56}","{citizen 42}","[141 141 141 255]","""""","9.9","false","{breed subscribers}","0","""default""","""none""","0"
"{media 56}","{citizen 45}","[141 141 141 255]","""""","9.9","false","{breed subscribers}","0","""default""","""none""","0"
"{media 56}","{citizen 46}","[141 141 141 255]","""""","9.9","false","{breed subscribers}","0","""default""","""none""","0"
"{media 56}","{citizen 47}","[141 141 141 255]","""""","9.9","false","{breed subscribers}","0","""default""","""none""","0"
"{media 56}","{citizen 49}","[141 141 141 255]","""""","9.9","false","{breed subscribers}","0","""default""","""none""","0"
"{media 57}","{citizen 0}","[141 141 141 255]","""""","9.9","false","{breed subscribers}","0","""default""","""none""","0"
"{media 57}","{citizen 1}","[141 141 141 255]","""""","9.9","false","{breed subscribers}","0","""default""","""none""","0"
"{media 57}","{citizen 2}","[141 141 141 255]","""""","9.9","false","{breed subscribers}","0","""default""","""none""","0"
"{media 57}","{citizen 6}","[141 141 141 255]","""""","9.9","false","{breed subscribers}","0","""default""","""none""","0"
"{media 57}","{citizen 7}","[141 141 141 255]","""""","9.9","false","{breed subscribers}","0","""default""","""none""","0"
"{media 57}","{citizen 10}","[141 141 141 255]","""""","9.9","false","{breed subscribers}","0","""default""","""none""","0"
"{media 57}","{citizen 11}","[141 141 141 255]","""""","9.9","false","{breed subscribers}","0","""default""","""none""","0"
"{media 57}","{citizen 12}","[141 141 141 255]","""""","9.9","false","{breed subscribers}","0","""default""","""none""","0"
"{media 57}","{citizen 13}","[141 141 141 255]","""""","9.9","false","{breed subscribers}","0","""default""","""none""","0"
"{media 57}","{citizen 14}","[141 141 141 255]","""""","9.9","false","{breed subscribers}","0","""default""","""none""","0"
"{media 57}","{citizen 16}","[141 141 141 255]","""""","9.9","false","{breed subscribers}","0","""default""","""none""","0"
"{media 57}","{citizen 17}","[141 141 141 255]","""""","9.9","false","{breed subscribers}","0","""default""","""none""","0"
"{media 57}","{citizen 18}","[141 141 141 255]","""""","9.9","false","{breed subscribers}","0","""default""","""none""","0"
"{media 57}","{citizen 20}","[141 141 141 255]","""""","9.9","false","{breed subscribers}","0","""default""","""none""","0"
"{media 57}","{citizen 21}","[141 141 141 255]","""""","9.9","false","{breed subscribers}","0","""default""","""none""","0"
"{media 57}","{citizen 23}","[141 141 141 255]","""""","9.9","false","{breed subscribers}","0","""default""","""none""","0"
"{media 57}","{citizen 24}","[141 141 141 255]","""""","9.9","false","{breed subscribers}","0","""default""","""none""","0"
"{media 57}","{citizen 26}","[141 141 141 255]","""""","9.9","false","{breed subscribers}","0","""default""","""none""","0"
"{media 57}","{citizen 28}","[141 141 141 255]","""""","9.9","false","{breed subscribers}","0","""default""","""none""","0"
"{media 57}","{citizen 34}","[141 141 141 255]","""""","9.9","false","{breed subscribers}","0","""default""","""none""","0"
"{media 57}","{citizen 36}","[141 141 141 255]","""""","9.9","false","{breed subscribers}","0","""default""","""none""","0"
"{media 57}","{citizen 37}","[141 141 141 255]","""""","9.9","false","{breed subscribers}","0","""default""","""none""","0"
"{media 57}","{citizen 39}","[141 141 141 255]","""""","9.9","false","{breed subscribers}","0","""default""","""none""","0"
"{media 57}","{citizen 40}","[141 141 141 255]","""""","9.9","false","{breed subscribers}","0","""default""","""none""","0"
"{media 57}","{citizen 43}","[141 141 141 255]","""""","9.9","false","{breed subscribers}","0","""default""","""none""","0"
"{media 57}","{citizen 44}","[141 141 141 255]","""""","9.9","false","{breed subscribers}","0","""default""","""none""","0"
"{media 57}","{citizen 48}","[141 141 141 255]","""""","9.9","false","{breed subscribers}","0","""default""","""none""","0"
"{media 58}","{citizen 3}","[141 141 141 255]","""""","9.9","false","{breed subscribers}","0","""default""","""none""","0"
"{media 58}","{citizen 4}","[141 141 141 255]","""""","9.9","false","{breed subscribers}","0","""default""","""none""","0"
"{media 58}","{citizen 5}","[141 141 141 255]","""""","9.9","false","{breed subscribers}","0","""default""","""none""","0"
"{media 58}","{citizen 8}","[141 141 141 255]","""""","9.9","false","{breed subscribers}","0","""default""","""none""","0"
"{media 58}","{citizen 9}","[141 141 141 255]","""""","9.9","false","{breed subscribers}","0","""default""","""none""","0"
"{media 58}","{citizen 15}","[141 141 141 255]","""""","9.9","false","{breed subscribers}","0","""default""","""none""","0"
"{media 58}","{citizen 19}","[141 141 141 255]","""""","9.9","false","{breed subscribers}","0","""default""","""none""","0"
"{media 58}","{citizen 22}","[141 141 141 255]","""""","9.9","false","{breed subscribers}","0","""default""","""none""","0"
"{media 58}","{citizen 25}","[141 141 141 255]","""""","9.9","false","{breed subscribers}","0","""default""","""none""","0"
"{media 58}","{citizen 27}","[141 141 141 255]","""""","9.9","false","{breed subscribers}","0","""default""","""none""","0"
"{media 58}","{citizen 29}","[141 141 141 255]","""""","9.9","false","{breed subscribers}","0","""default""","""none""","0"
"{media 58}","{citizen 30}","[141 141 141 255]","""""","9.9","false","{breed subscribers}","0","""default""","""none""","0"
"{media 58}","{citizen 31}","[141 141 141 255]","""""","9.9","false","{breed subscribers}","0","""default""","""none""","0"
"{media 58}","{citizen 32}","[141 141 141 255]","""""","9.9","false","{breed subscribers}","0","""default""","""none""","0"
"{media 58}","{citizen 33}","[141 141 141 255]","""""","9.9","false","{breed subscribers}","0","""default""","""none""","0"
"{media 58}","{citizen 35}","[141 141 141 255]","""""","9.9","false","{breed subscribers}","0","""default""","""none""","0"
"{media 58}","{citizen 38}","[141 141 141 255]","""""","9.9","false","{breed subscribers}","0","""default""","""none""","0"
"{media 58}","{citizen 41}","[141 141 141 255]","""""","9.9","false","{breed subscribers}","0","""default""","""none""","0"
"{media 58}","{citizen 42}","[141 141 141 255]","""""","9.9","false","{breed subscribers}","0","""default""","""none""","0"
"{media 58}","{citizen 45}","[141 141 141 255]","""""","9.9","false","{breed subscribers}","0","""default""","""none""","0"
"{media 58}","{citizen 46}","[141 141 141 255]","""""","9.9","false","{breed subscribers}","0","""default""","""none""","0"
"{media 58}","{citizen 47}","[141 141 141 255]","""""","9.9","false","{breed subscribers}","0","""default""","""none""","0"
"{media 58}","{citizen 49}","[141 141 141 255]","""""","9.9","false","{breed subscribers}","0","""default""","""none""","0"
"{media 59}","{citizen 3}","[141 141 141 255]","""""","9.9","false","{breed subscribers}","0","""default""","""none""","0"
"{media 59}","{citizen 4}","[141 141 141 255]","""""","9.9","false","{breed subscribers}","0","""default""","""none""","0"
"{media 59}","{citizen 5}","[141 141 141 255]","""""","9.9","false","{breed subscribers}","0","""default""","""none""","0"
"{media 59}","{citizen 8}","[141 141 141 255]","""""","9.9","false","{breed subscribers}","0","""default""","""none""","0"
"{media 59}","{citizen 9}","[141 141 141 255]","""""","9.9","false","{breed subscribers}","0","""default""","""none""","0"
"{media 59}","{citizen 15}","[141 141 141 255]","""""","9.9","false","{breed subscribers}","0","""default""","""none""","0"
"{media 59}","{citizen 19}","[141 141 141 255]","""""","9.9","false","{breed subscribers}","0","""default""","""none""","0"
"{media 59}","{citizen 22}","[141 141 141 255]","""""","9.9","false","{breed subscribers}","0","""default""","""none""","0"
"{media 59}","{citizen 25}","[141 141 141 255]","""""","9.9","false","{breed subscribers}","0","""default""","""none""","0"
"{media 59}","{citizen 27}","[141 141 141 255]","""""","9.9","false","{breed subscribers}","0","""default""","""none""","0"
"{media 59}","{citizen 29}","[141 141 141 255]","""""","9.9","false","{breed subscribers}","0","""default""","""none""","0"
"{media 59}","{citizen 30}","[141 141 141 255]","""""","9.9","false","{breed subscribers}","0","""default""","""none""","0"
"{media 59}","{citizen 31}","[141 141 141 255]","""""","9.9","false","{breed subscribers}","0","""default""","""none""","0"
"{media 59}","{citizen 32}","[141 141 141 255]","""""","9.9","false","{breed subscribers}","0","""default""","""none""","0"
"{media 59}","{citizen 33}","[141 141 141 255]","""""","9.9","false","{breed subscribers}","0","""default""","""none""","0"
"{media 59}","{citizen 35}","[141 141 141 255]","""""","9.9","false","{breed subscribers}","0","""default""","""none""","0"
"{media 59}","{citizen 38}","[141 141 141 255]","""""","9.9","false","{breed subscribers}","0","""default""","""none""","0"
"{media 59}","{citizen 41}","[141 141 141 255]","""""","9.9","false","{breed subscribers}","0","""default""","""none""","0"
"{media 59}","{citizen 42}","[141 141 141 255]","""""","9.9","false","{breed subscribers}","0","""default""","""none""","0"
"{media 59}","{citizen 45}","[141 141 141 255]","""""","9.9","false","{breed subscribers}","0","""default""","""none""","0"
"{media 59}","{citizen 46}","[141 141 141 255]","""""","9.9","false","{breed subscribers}","0","""default""","""none""","0"
"{media 59}","{citizen 47}","[141 141 141 255]","""""","9.9","false","{breed subscribers}","0","""default""","""none""","0"
"{media 59}","{citizen 49}","[141 141 141 255]","""""","9.9","false","{breed subscribers}","0","""default""","""none""","0"
"{media 60}","{citizen 0}","[141 141 141 255]","""""","9.9","false","{breed subscribers}","0","""default""","""none""","0"
"{media 60}","{citizen 1}","[141 141 141 255]","""""","9.9","false","{breed subscribers}","0","""default""","""none""","0"
"{media 60}","{citizen 2}","[141 141 141 255]","""""","9.9","false","{breed subscribers}","0","""default""","""none""","0"
"{media 60}","{citizen 3}","[141 141 141 255]","""""","9.9","false","{breed subscribers}","0","""default""","""none""","0"
"{media 60}","{citizen 4}","[141 141 141 255]","""""","9.9","false","{breed subscribers}","0","""default""","""none""","0"
"{media 60}","{citizen 5}","[141 141 141 255]","""""","9.9","false","{breed subscribers}","0","""default""","""none""","0"
"{media 60}","{citizen 6}","[141 141 141 255]","""""","9.9","false","{breed subscribers}","0","""default""","""none""","0"
"{media 60}","{citizen 7}","[141 141 141 255]","""""","9.9","false","{breed subscribers}","0","""default""","""none""","0"
"{media 60}","{citizen 8}","[141 141 141 255]","""""","9.9","false","{breed subscribers}","0","""default""","""none""","0"
"{media 60}","{citizen 9}","[141 141 141 255]","""""","9.9","false","{breed subscribers}","0","""default""","""none""","0"
"{media 60}","{citizen 10}","[141 141 141 255]","""""","9.9","false","{breed subscribers}","0","""default""","""none""","0"
"{media 60}","{citizen 11}","[141 141 141 255]","""""","9.9","false","{breed subscribers}","0","""default""","""none""","0"
"{media 60}","{citizen 12}","[141 141 141 255]","""""","9.9","false","{breed subscribers}","0","""default""","""none""","0"
"{media 60}","{citizen 13}","[141 141 141 255]","""""","9.9","false","{breed subscribers}","0","""default""","""none""","0"
"{media 60}","{citizen 14}","[141 141 141 255]","""""","9.9","false","{breed subscribers}","0","""default""","""none""","0"
"{media 60}","{citizen 15}","[141 141 141 255]","""""","9.9","false","{breed subscribers}","0","""default""","""none""","0"
"{media 60}","{citizen 16}","[141 141 141 255]","""""","9.9","false","{breed subscribers}","0","""default""","""none""","0"
"{media 60}","{citizen 17}","[141 141 141 255]","""""","9.9","false","{breed subscribers}","0","""default""","""none""","0"
"{media 60}","{citizen 18}","[141 141 141 255]","""""","9.9","false","{breed subscribers}","0","""default""","""none""","0"
"{media 60}","{citizen 19}","[141 141 141 255]","""""","9.9","false","{breed subscribers}","0","""default""","""none""","0"
"{media 60}","{citizen 20}","[141 141 141 255]","""""","9.9","false","{breed subscribers}","0","""default""","""none""","0"
"{media 60}","{citizen 21}","[141 141 141 255]","""""","9.9","false","{breed subscribers}","0","""default""","""none""","0"
"{media 60}","{citizen 22}","[141 141 141 255]","""""","9.9","false","{breed subscribers}","0","""default""","""none""","0"
"{media 60}","{citizen 23}","[141 141 141 255]","""""","9.9","false","{breed subscribers}","0","""default""","""none""","0"
"{media 60}","{citizen 24}","[141 141 141 255]","""""","9.9","false","{breed subscribers}","0","""default""","""none""","0"
"{media 60}","{citizen 25}","[141 141 141 255]","""""","9.9","false","{breed subscribers}","0","""default""","""none""","0"
"{media 60}","{citizen 26}","[141 141 141 255]","""""","9.9","false","{breed subscribers}","0","""default""","""none""","0"
"{media 60}","{citizen 27}","[141 141 141 255]","""""","9.9","false","{breed subscribers}","0","""default""","""none""","0"
"{media 60}","{citizen 28}","[141 141 141 255]","""""","9.9","false","{breed subscribers}","0","""default""","""none""","0"
"{media 60}","{citizen 29}","[141 141 141 255]","""""","9.9","false","{breed subscribers}","0","""default""","""none""","0"
"{media 60}","{citizen 30}","[141 141 141 255]","""""","9.9","false","{breed subscribers}","0","""default""","""none""","0"
"{media 60}","{citizen 31}","[141 141 141 255]","""""","9.9","false","{breed subscribers}","0","""default""","""none""","0"
"{media 60}","{citizen 32}","[141 141 141 255]","""""","9.9","false","{breed subscribers}","0","""default""","""none""","0"
"{media 60}","{citizen 33}","[141 141 141 255]","""""","9.9","false","{breed subscribers}","0","""default""","""none""","0"
"{media 60}","{citizen 34}","[141 141 141 255]","""""","9.9","false","{breed subscribers}","0","""default""","""none""","0"
"{media 60}","{citizen 35}","[141 141 141 255]","""""","9.9","false","{breed subscribers}","0","""default""","""none""","0"
"{media 60}","{citizen 36}","[141 141 141 255]","""""","9.9","false","{breed subscribers}","0","""default""","""none""","0"
"{media 60}","{citizen 37}","[141 141 141 255]","""""","9.9","false","{breed subscribers}","0","""default""","""none""","0"
"{media 60}","{citizen 38}","[141 141 141 255]","""""","9.9","false","{breed subscribers}","0","""default""","""none""","0"
"{media 60}","{citizen 39}","[141 141 141 255]","""""","9.9","false","{breed subscribers}","0","""default""","""none""","0"
"{media 60}","{citizen 40}","[141 141 141 255]","""""","9.9","false","{breed subscribers}","0","""default""","""none""","0"
"{media 60}","{citizen 41}","[141 141 141 255]","""""","9.9","false","{breed subscribers}","0","""default""","""none""","0"
"{media 60}","{citizen 42}","[141 141 141 255]","""""","9.9","false","{breed subscribers}","0","""default""","""none""","0"
"{media 60}","{citizen 43}","[141 141 141 255]","""""","9.9","false","{breed subscribers}","0","""default""","""none""","0"
"{media 60}","{citizen 44}","[141 141 141 255]","""""","9.9","false","{breed subscribers}","0","""default""","""none""","0"
"{media 60}","{citizen 45}","[141 141 141 255]","""""","9.9","false","{breed subscribers}","0","""default""","""none""","0"
"{media 60}","{citizen 46}","[141 141 141 255]","""""","9.9","false","{breed subscribers}","0","""default""","""none""","0"
"{media 60}","{citizen 47}","[141 141 141 255]","""""","9.9","false","{breed subscribers}","0","""default""","""none""","0"
"{media 60}","{citizen 48}","[141 141 141 255]","""""","9.9","false","{breed subscribers}","0","""default""","""none""","0"
"{media 60}","{citizen 49}","[141 141 141 255]","""""","9.9","false","{breed subscribers}","0","""default""","""none""","0"
"{media 61}","{citizen 0}","[141 141 141 255]","""""","9.9","false","{breed subscribers}","0","""default""","""none""","0"
"{media 61}","{citizen 1}","[141 141 141 255]","""""","9.9","false","{breed subscribers}","0","""default""","""none""","0"
"{media 61}","{citizen 2}","[141 141 141 255]","""""","9.9","false","{breed subscribers}","0","""default""","""none""","0"
"{media 61}","{citizen 3}","[141 141 141 255]","""""","9.9","false","{breed subscribers}","0","""default""","""none""","0"
"{media 61}","{citizen 4}","[141 141 141 255]","""""","9.9","false","{breed subscribers}","0","""default""","""none""","0"
"{media 61}","{citizen 5}","[141 141 141 255]","""""","9.9","false","{breed subscribers}","0","""default""","""none""","0"
"{media 61}","{citizen 6}","[141 141 141 255]","""""","9.9","false","{breed subscribers}","0","""default""","""none""","0"
"{media 61}","{citizen 7}","[141 141 141 255]","""""","9.9","false","{breed subscribers}","0","""default""","""none""","0"
"{media 61}","{citizen 8}","[141 141 141 255]","""""","9.9","false","{breed subscribers}","0","""default""","""none""","0"
"{media 61}","{citizen 9}","[141 141 141 255]","""""","9.9","false","{breed subscribers}","0","""default""","""none""","0"
"{media 61}","{citizen 10}","[141 141 141 255]","""""","9.9","false","{breed subscribers}","0","""default""","""none""","0"
"{media 61}","{citizen 11}","[141 141 141 255]","""""","9.9","false","{breed subscribers}","0","""default""","""none""","0"
"{media 61}","{citizen 12}","[141 141 141 255]","""""","9.9","false","{breed subscribers}","0","""default""","""none""","0"
"{media 61}","{citizen 13}","[141 141 141 255]","""""","9.9","false","{breed subscribers}","0","""default""","""none""","0"
"{media 61}","{citizen 14}","[141 141 141 255]","""""","9.9","false","{breed subscribers}","0","""default""","""none""","0"
"{media 61}","{citizen 15}","[141 141 141 255]","""""","9.9","false","{breed subscribers}","0","""default""","""none""","0"
"{media 61}","{citizen 16}","[141 141 141 255]","""""","9.9","false","{breed subscribers}","0","""default""","""none""","0"
"{media 61}","{citizen 17}","[141 141 141 255]","""""","9.9","false","{breed subscribers}","0","""default""","""none""","0"
"{media 61}","{citizen 18}","[141 141 141 255]","""""","9.9","false","{breed subscribers}","0","""default""","""none""","0"
"{media 61}","{citizen 19}","[141 141 141 255]","""""","9.9","false","{breed subscribers}","0","""default""","""none""","0"
"{media 61}","{citizen 20}","[141 141 141 255]","""""","9.9","false","{breed subscribers}","0","""default""","""none""","0"
"{media 61}","{citizen 21}","[141 141 141 255]","""""","9.9","false","{breed subscribers}","0","""default""","""none""","0"
"{media 61}","{citizen 22}","[141 141 141 255]","""""","9.9","false","{breed subscribers}","0","""default""","""none""","0"
"{media 61}","{citizen 23}","[141 141 141 255]","""""","9.9","false","{breed subscribers}","0","""default""","""none""","0"
"{media 61}","{citizen 24}","[141 141 141 255]","""""","9.9","false","{breed subscribers}","0","""default""","""none""","0"
"{media 61}","{citizen 25}","[141 141 141 255]","""""","9.9","false","{breed subscribers}","0","""default""","""none""","0"
"{media 61}","{citizen 26}","[141 141 141 255]","""""","9.9","false","{breed subscribers}","0","""default""","""none""","0"
"{media 61}","{citizen 27}","[141 141 141 255]","""""","9.9","false","{breed subscribers}","0","""default""","""none""","0"
"{media 61}","{citizen 28}","[141 141 141 255]","""""","9.9","false","{breed subscribers}","0","""default""","""none""","0"
"{media 61}","{citizen 29}","[141 141 141 255]","""""","9.9","false","{breed subscribers}","0","""default""","""none""","0"
"{media 61}","{citizen 30}","[141 141 141 255]","""""","9.9","false","{breed subscribers}","0","""default""","""none""","0"
"{media 61}","{citizen 31}","[141 141 141 255]","""""","9.9","false","{breed subscribers}","0","""default""","""none""","0"
"{media 61}","{citizen 32}","[141 141 141 255]","""""","9.9","false","{breed subscribers}","0","""default""","""none""","0"
"{media 61}","{citizen 33}","[141 141 141 255]","""""","9.9","false","{breed subscribers}","0","""default""","""none""","0"
"{media 61}","{citizen 34}","[141 141 141 255]","""""","9.9","false","{breed subscribers}","0","""default""","""none""","0"
"{media 61}","{citizen 35}","[141 141 141 255]","""""","9.9","false","{breed subscribers}","0","""default""","""none""","0"
"{media 61}","{citizen 36}","[141 141 141 255]","""""","9.9","false","{breed subscribers}","0","""default""","""none""","0"
"{media 61}","{citizen 37}","[141 141 141 255]","""""","9.9","false","{breed subscribers}","0","""default""","""none""","0"
"{media 61}","{citizen 38}","[141 141 141 255]","""""","9.9","false","{breed subscribers}","0","""default""","""none""","0"
"{media 61}","{citizen 39}","[141 141 141 255]","""""","9.9","false","{breed subscribers}","0","""default""","""none""","0"
"{media 61}","{citizen 40}","[141 141 141 255]","""""","9.9","false","{breed subscribers}","0","""default""","""none""","0"
"{media 61}","{citizen 41}","[141 141 141 255]","""""","9.9","false","{breed subscribers}","0","""default""","""none""","0"
"{media 61}","{citizen 42}","[141 141 141 255]","""""","9.9","false","{breed subscribers}","0","""default""","""none""","0"
"{media 61}","{citizen 43}","[141 141 141 255]","""""","9.9","false","{breed subscribers}","0","""default""","""none""","0"
"{media 61}","{citizen 44}","[141 141 141 255]","""""","9.9","false","{breed subscribers}","0","""default""","""none""","0"
"{media 61}","{citizen 45}","[141 141 141 255]","""""","9.9","false","{breed subscribers}","0","""default""","""none""","0"
"{media 61}","{citizen 46}","[141 141 141 255]","""""","9.9","false","{breed subscribers}","0","""default""","""none""","0"
"{media 61}","{citizen 47}","[141 141 141 255]","""""","9.9","false","{breed subscribers}","0","""default""","""none""","0"
"{media 61}","{citizen 48}","[141 141 141 255]","""""","9.9","false","{breed subscribers}","0","""default""","""none""","0"
"{media 61}","{citizen 49}","[141 141 141 255]","""""","9.9","false","{breed subscribers}","0","""default""","""none""","0"
"{media 62}","{citizen 3}","[141 141 141 255]","""""","9.9","false","{breed subscribers}","0","""default""","""none""","0"
"{media 62}","{citizen 4}","[141 141 141 255]","""""","9.9","false","{breed subscribers}","0","""default""","""none""","0"
"{media 62}","{citizen 5}","[141 141 141 255]","""""","9.9","false","{breed subscribers}","0","""default""","""none""","0"
"{media 62}","{citizen 8}","[141 141 141 255]","""""","9.9","false","{breed subscribers}","0","""default""","""none""","0"
"{media 62}","{citizen 9}","[141 141 141 255]","""""","9.9","false","{breed subscribers}","0","""default""","""none""","0"
"{media 62}","{citizen 15}","[141 141 141 255]","""""","9.9","false","{breed subscribers}","0","""default""","""none""","0"
"{media 62}","{citizen 19}","[141 141 141 255]","""""","9.9","false","{breed subscribers}","0","""default""","""none""","0"
"{media 62}","{citizen 22}","[141 141 141 255]","""""","9.9","false","{breed subscribers}","0","""default""","""none""","0"
"{media 62}","{citizen 25}","[141 141 141 255]","""""","9.9","false","{breed subscribers}","0","""default""","""none""","0"
"{media 62}","{citizen 27}","[141 141 141 255]","""""","9.9","false","{breed subscribers}","0","""default""","""none""","0"
"{media 62}","{citizen 29}","[141 141 141 255]","""""","9.9","false","{breed subscribers}","0","""default""","""none""","0"
"{media 62}","{citizen 30}","[141 141 141 255]","""""","9.9","false","{breed subscribers}","0","""default""","""none""","0"
"{media 62}","{citizen 31}","[141 141 141 255]","""""","9.9","false","{breed subscribers}","0","""default""","""none""","0"
"{media 62}","{citizen 32}","[141 141 141 255]","""""","9.9","false","{breed subscribers}","0","""default""","""none""","0"
"{media 62}","{citizen 33}","[141 141 141 255]","""""","9.9","false","{breed subscribers}","0","""default""","""none""","0"
"{media 62}","{citizen 35}","[141 141 141 255]","""""","9.9","false","{breed subscribers}","0","""default""","""none""","0"
"{media 62}","{citizen 38}","[141 141 141 255]","""""","9.9","false","{breed subscribers}","0","""default""","""none""","0"
"{media 62}","{citizen 41}","[141 141 141 255]","""""","9.9","false","{breed subscribers}","0","""default""","""none""","0"
"{media 62}","{citizen 42}","[141 141 141 255]","""""","9.9","false","{breed subscribers}","0","""default""","""none""","0"
"{media 62}","{citizen 45}","[141 141 141 255]","""""","9.9","false","{breed subscribers}","0","""default""","""none""","0"
"{media 62}","{citizen 46}","[141 141 141 255]","""""","9.9","false","{breed subscribers}","0","""default""","""none""","0"
"{media 62}","{citizen 47}","[141 141 141 255]","""""","9.9","false","{breed subscribers}","0","""default""","""none""","0"
"{media 62}","{citizen 49}","[141 141 141 255]","""""","9.9","false","{breed subscribers}","0","""default""","""none""","0"
"{media 63}","{citizen 0}","[141 141 141 255]","""""","9.9","false","{breed subscribers}","0","""default""","""none""","0"
"{media 63}","{citizen 1}","[141 141 141 255]","""""","9.9","false","{breed subscribers}","0","""default""","""none""","0"
"{media 63}","{citizen 2}","[141 141 141 255]","""""","9.9","false","{breed subscribers}","0","""default""","""none""","0"
"{media 63}","{citizen 6}","[141 141 141 255]","""""","9.9","false","{breed subscribers}","0","""default""","""none""","0"
"{media 63}","{citizen 7}","[141 141 141 255]","""""","9.9","false","{breed subscribers}","0","""default""","""none""","0"
"{media 63}","{citizen 10}","[141 141 141 255]","""""","9.9","false","{breed subscribers}","0","""default""","""none""","0"
"{media 63}","{citizen 11}","[141 141 141 255]","""""","9.9","false","{breed subscribers}","0","""default""","""none""","0"
"{media 63}","{citizen 12}","[141 141 141 255]","""""","9.9","false","{breed subscribers}","0","""default""","""none""","0"
"{media 63}","{citizen 13}","[141 141 141 255]","""""","9.9","false","{breed subscribers}","0","""default""","""none""","0"
"{media 63}","{citizen 14}","[141 141 141 255]","""""","9.9","false","{breed subscribers}","0","""default""","""none""","0"
"{media 63}","{citizen 16}","[141 141 141 255]","""""","9.9","false","{breed subscribers}","0","""default""","""none""","0"
"{media 63}","{citizen 17}","[141 141 141 255]","""""","9.9","false","{breed subscribers}","0","""default""","""none""","0"
"{media 63}","{citizen 18}","[141 141 141 255]","""""","9.9","false","{breed subscribers}","0","""default""","""none""","0"
"{media 63}","{citizen 20}","[141 141 141 255]","""""","9.9","false","{breed subscribers}","0","""default""","""none""","0"
"{media 63}","{citizen 21}","[141 141 141 255]","""""","9.9","false","{breed subscribers}","0","""default""","""none""","0"
"{media 63}","{citizen 23}","[141 141 141 255]","""""","9.9","false","{breed subscribers}","0","""default""","""none""","0"
"{media 63}","{citizen 24}","[141 141 141 255]","""""","9.9","false","{breed subscribers}","0","""default""","""none""","0"
"{media 63}","{citizen 26}","[141 141 141 255]","""""","9.9","false","{breed subscribers}","0","""default""","""none""","0"
"{media 63}","{citizen 28}","[141 141 141 255]","""""","9.9","false","{breed subscribers}","0","""default""","""none""","0"
"{media 63}","{citizen 34}","[141 141 141 255]","""""","9.9","false","{breed subscribers}","0","""default""","""none""","0"
"{media 63}","{citizen 36}","[141 141 141 255]","""""","9.9","false","{breed subscribers}","0","""default""","""none""","0"
"{media 63}","{citizen 37}","[141 141 141 255]","""""","9.9","false","{breed subscribers}","0","""default""","""none""","0"
"{media 63}","{citizen 39}","[141 141 141 255]","""""","9.9","false","{breed subscribers}","0","""default""","""none""","0"
"{media 63}","{citizen 40}","[141 141 141 255]","""""","9.9","false","{breed subscribers}","0","""default""","""none""","0"
"{media 63}","{citizen 43}","[141 141 141 255]","""""","9.9","false","{breed subscribers}","0","""default""","""none""","0"
"{media 63}","{citizen 44}","[141 141 141 255]","""""","9.9","false","{breed subscribers}","0","""default""","""none""","0"
"{media 63}","{citizen 48}","[141 141 141 255]","""""","9.9","false","{breed subscribers}","0","""default""","""none""","0"
"{media 64}","{citizen 3}","[141 141 141 255]","""""","9.9","false","{breed subscribers}","0","""default""","""none""","0"
"{media 64}","{citizen 4}","[141 141 141 255]","""""","9.9","false","{breed subscribers}","0","""default""","""none""","0"
"{media 64}","{citizen 5}","[141 141 141 255]","""""","9.9","false","{breed subscribers}","0","""default""","""none""","0"
"{media 64}","{citizen 8}","[141 141 141 255]","""""","9.9","false","{breed subscribers}","0","""default""","""none""","0"
"{media 64}","{citizen 9}","[141 141 141 255]","""""","9.9","false","{breed subscribers}","0","""default""","""none""","0"
"{media 64}","{citizen 15}","[141 141 141 255]","""""","9.9","false","{breed subscribers}","0","""default""","""none""","0"
"{media 64}","{citizen 19}","[141 141 141 255]","""""","9.9","false","{breed subscribers}","0","""default""","""none""","0"
"{media 64}","{citizen 22}","[141 141 141 255]","""""","9.9","false","{breed subscribers}","0","""default""","""none""","0"
"{media 64}","{citizen 25}","[141 141 141 255]","""""","9.9","false","{breed subscribers}","0","""default""","""none""","0"
"{media 64}","{citizen 27}","[141 141 141 255]","""""","9.9","false","{breed subscribers}","0","""default""","""none""","0"
"{media 64}","{citizen 29}","[141 141 141 255]","""""","9.9","false","{breed subscribers}","0","""default""","""none""","0"
"{media 64}","{citizen 30}","[141 141 141 255]","""""","9.9","false","{breed subscribers}","0","""default""","""none""","0"
"{media 64}","{citizen 31}","[141 141 141 255]","""""","9.9","false","{breed subscribers}","0","""default""","""none""","0"
"{media 64}","{citizen 32}","[141 141 141 255]","""""","9.9","false","{breed subscribers}","0","""default""","""none""","0"
"{media 64}","{citizen 33}","[141 141 141 255]","""""","9.9","false","{breed subscribers}","0","""default""","""none""","0"
"{media 64}","{citizen 35}","[141 141 141 255]","""""","9.9","false","{breed subscribers}","0","""default""","""none""","0"
"{media 64}","{citizen 38}","[141 141 141 255]","""""","9.9","false","{breed subscribers}","0","""default""","""none""","0"
"{media 64}","{citizen 41}","[141 141 141 255]","""""","9.9","false","{breed subscribers}","0","""default""","""none""","0"
"{media 64}","{citizen 42}","[141 141 141 255]","""""","9.9","false","{breed subscribers}","0","""default""","""none""","0"
"{media 64}","{citizen 45}","[141 141 141 255]","""""","9.9","false","{breed subscribers}","0","""default""","""none""","0"
"{media 64}","{citizen 46}","[141 141 141 255]","""""","9.9","false","{breed subscribers}","0","""default""","""none""","0"
"{media 64}","{citizen 47}","[141 141 141 255]","""""","9.9","false","{breed subscribers}","0","""default""","""none""","0"
"{media 64}","{citizen 49}","[141 141 141 255]","""""","9.9","false","{breed subscribers}","0","""default""","""none""","0"


"PLOTS"
"fragmentation"
"""cit-a-histogram"""
"x min","x max","y min","y max","autoplot?","current pen","legend open?","number of pens"
"-1","8","0","50","true","""default""","false","1"

"pen name","pen down?","mode","interval","color","x"
"""default""","true","1","1","0","4"

"""default"""
"x","y","color","pen down?"
"1","23","0","true"
"4","27","0","true"

"""Social Friend Degree of Nodes"""
"x min","x max","y min","y max","autoplot?","current pen","legend open?","number of pens"
"0","77","0","50","true","""default""","false","1"

"pen name","pen down?","mode","interval","color","x"
"""default""","true","1","1","0","76"

"""default"""
"x","y","color","pen down?"
"20","1","0","true"
"22","1","0","true"
"28","1","0","true"
"30","3","0","true"
"32","1","0","true"
"34","2","0","true"
"38","1","0","true"
"40","1","0","true"
"42","3","0","true"
"44","1","0","true"
"50","1","0","true"
"52","1","0","true"
"54","1","0","true"
"58","1","0","true"
"60","4","0","true"
"62","5","0","true"
"64","3","0","true"
"66","6","0","true"
"68","6","0","true"
"70","4","0","true"
"72","2","0","true"
"76","1","0","true"

"""percent-agent-beliefs"""
"x min","x max","y min","y max","autoplot?","current pen","legend open?","number of pens"
"0","116","0","1","true","""6""","false","7"

"pen name","pen down?","mode","interval","color","x"
"""0""","true","0","1","14.9","100"
"""1""","true","0","1","14.6","100"
"""2""","true","0","1","124.7","100"
"""3""","true","0","1","124.3","100"
"""4""","true","0","1","113.5","100"
"""5""","true","0","1","104.5","100"
"""6""","true","0","1","104.7","100"

"""0""",,,,"""1""",,,,"""2""",,,,"""3""",,,,"""4""",,,,"""5""",,,,"""6"""
"x","y","color","pen down?","x","y","color","pen down?","x","y","color","pen down?","x","y","color","pen down?","x","y","color","pen down?","x","y","color","pen down?","x","y","color","pen down?"
"0","0.18","14.9","true","0","0.08","14.6","true","0","0.16","124.7","true","0","0.12","124.3","true","0","0.08","113.5","true","0","0.24","104.5","true","0","0.14","104.7","true"
"1","0","14.9","true","1","0.58","14.6","true","1","0","124.7","true","1","0","124.3","true","1","0.4","113.5","true","1","0.02","104.5","true","1","0","104.7","true"
"2","0.84","14.9","true","2","0","14.6","true","2","0","124.7","true","2","0.12","124.3","true","2","0.04","113.5","true","2","0","104.5","true","2","0","104.7","true"
"3","0","14.9","true","3","0.62","14.6","true","3","0","124.7","true","3","0.38","124.3","true","3","0","113.5","true","3","0","104.5","true","3","0","104.7","true"
"4","0.36","14.9","true","4","0","14.6","true","4","0","124.7","true","4","0.52","124.3","true","4","0","113.5","true","4","0.12","104.5","true","4","0","104.7","true"
"5","0.7","14.9","true","5","0","14.6","true","5","0","124.7","true","5","0","124.3","true","5","0.3","113.5","true","5","0","104.5","true","5","0","104.7","true"
"6","0","14.9","true","6","0.48","14.6","true","6","0","124.7","true","6","0","124.3","true","6","0","113.5","true","6","0.52","104.5","true","6","0","104.7","true"
"7","0","14.9","true","7","0.02","14.6","true","7","0.76","124.7","true","7","0","124.3","true","7","0","113.5","true","7","0.22","104.5","true","7","0","104.7","true"
"8","0","14.9","true","8","0.02","14.6","true","8","0.72","124.7","true","8","0","124.3","true","8","0.26","113.5","true","8","0","104.5","true","8","0","104.7","true"
"9","0","14.9","true","9","0.78","14.6","true","9","0","124.7","true","9","0","124.3","true","9","0.22","113.5","true","9","0","104.5","true","9","0","104.7","true"
"10","0.32","14.9","true","10","0","14.6","true","10","0.02","124.7","true","10","0.62","124.3","true","10","0","113.5","true","10","0.04","104.5","true","10","0","104.7","true"
"11","0","14.9","true","11","0.02","14.6","true","11","0.76","124.7","true","11","0","124.3","true","11","0","113.5","true","11","0.22","104.5","true","11","0","104.7","true"
"12","0","14.9","true","12","0.38","14.6","true","12","0","124.7","true","12","0.6","124.3","true","12","0","113.5","true","12","0.02","104.5","true","12","0","104.7","true"
"13","0.94","14.9","true","13","0.02","14.6","true","13","0","124.7","true","13","0.02","124.3","true","13","0","113.5","true","13","0.02","104.5","true","13","0","104.7","true"
"14","0","14.9","true","14","0.68","14.6","true","14","0","124.7","true","14","0.32","124.3","true","14","0","113.5","true","14","0","104.5","true","14","0","104.7","true"
"15","0.02","14.9","true","15","0.5","14.6","true","15","0","124.7","true","15","0.02","124.3","true","15","0.46","113.5","true","15","0","104.5","true","15","0","104.7","true"
"16","0","14.9","true","16","0.8","14.6","true","16","0","124.7","true","16","0.08","124.3","true","16","0","113.5","true","16","0.12","104.5","true","16","0","104.7","true"
"17","0","14.9","true","17","0.04","14.6","true","17","0.04","124.7","true","17","0.92","124.3","true","17","0","113.5","true","17","0","104.5","true","17","0","104.7","true"
"18","0.28","14.9","true","18","0","14.6","true","18","0.54","124.7","true","18","0","124.3","true","18","0","113.5","true","18","0.18","104.5","true","18","0","104.7","true"
"19","0","14.9","true","19","0.42","14.6","true","19","0","124.7","true","19","0.5","124.3","true","19","0","113.5","true","19","0.08","104.5","true","19","0","104.7","true"
"20","0.28","14.9","true","20","0.02","14.6","true","20","0","124.7","true","20","0.02","124.3","true","20","0.68","113.5","true","20","0","104.5","true","20","0","104.7","true"
"21","0.56","14.9","true","21","0.02","14.6","true","21","0","124.7","true","21","0.4","124.3","true","21","0.02","113.5","true","21","0","104.5","true","21","0","104.7","true"
"22","0.02","14.9","true","22","0.4","14.6","true","22","0","124.7","true","22","0.2","124.3","true","22","0","113.5","true","22","0.38","104.5","true","22","0","104.7","true"
"23","0","14.9","true","23","0.28","14.6","true","23","0.02","124.7","true","23","0","124.3","true","23","0","113.5","true","23","0.7","104.5","true","23","0","104.7","true"
"24","0.32","14.9","true","24","0","14.6","true","24","0","124.7","true","24","0","124.3","true","24","0","113.5","true","24","0.68","104.5","true","24","0","104.7","true"
"25","0","14.9","true","25","0.9","14.6","true","25","0","124.7","true","25","0","124.3","true","25","0","113.5","true","25","0.1","104.5","true","25","0","104.7","true"
"26","0","14.9","true","26","0.34","14.6","true","26","0","124.7","true","26","0.58","124.3","true","26","0","113.5","true","26","0.08","104.5","true","26","0","104.7","true"
"27","0.16","14.9","true","27","0","14.6","true","27","0.7","124.7","true","27","0.02","124.3","true","27","0","113.5","true","27","0.12","104.5","true","27","0","104.7","true"
"28","0","14.9","true","28","1","14.6","true","28","0","124.7","true","28","0","124.3","true","28","0","113.5","true","28","0","104.5","true","28","0","104.7","true"
"29","0","14.9","true","29","0","14.6","true","29","1","124.7","true","29","0","124.3","true","29","0","113.5","true","29","0","104.5","true","29","0","104.7","true"
"30","0.36","14.9","true","30","0","14.6","true","30","0.6","124.7","true","30","0.02","124.3","true","30","0.02","113.5","true","30","0","104.5","true","30","0","104.7","true"
"31","0.22","14.9","true","31","0","14.6","true","31","0.34","124.7","true","31","0","124.3","true","31","0.42","113.5","true","31","0.02","104.5","true","31","0","104.7","true"
"32","0.5","14.9","true","32","0","14.6","true","32","0.38","124.7","true","32","0.02","124.3","true","32","0","113.5","true","32","0.1","104.5","true","32","0","104.7","true"
"33","0.02","14.9","true","33","0.9","14.6","true","33","0","124.7","true","33","0","124.3","true","33","0","113.5","true","33","0.08","104.5","true","33","0","104.7","true"
"34","0.76","14.9","true","34","0.04","14.6","true","34","0","124.7","true","34","0.18","124.3","true","34","0.02","113.5","true","34","0","104.5","true","34","0","104.7","true"
"35","0","14.9","true","35","0.72","14.6","true","35","0","124.7","true","35","0","124.3","true","35","0.28","113.5","true","35","0","104.5","true","35","0","104.7","true"
"36","0.02","14.9","true","36","0.02","14.6","true","36","0.96","124.7","true","36","0","124.3","true","36","0","113.5","true","36","0","104.5","true","36","0","104.7","true"
"37","0","14.9","true","37","0.94","14.6","true","37","0","124.7","true","37","0.06","124.3","true","37","0","113.5","true","37","0","104.5","true","37","0","104.7","true"
"38","0.02","14.9","true","38","0.94","14.6","true","38","0","124.7","true","38","0.02","124.3","true","38","0.02","113.5","true","38","0","104.5","true","38","0","104.7","true"
"39","0","14.9","true","39","0.42","14.6","true","39","0","124.7","true","39","0.44","124.3","true","39","0","113.5","true","39","0.14","104.5","true","39","0","104.7","true"
"40","0","14.9","true","40","0.52","14.6","true","40","0","124.7","true","40","0","124.3","true","40","0.48","113.5","true","40","0","104.5","true","40","0","104.7","true"
"41","0.86","14.9","true","41","0.02","14.6","true","41","0","124.7","true","41","0.12","124.3","true","41","0","113.5","true","41","0","104.5","true","41","0","104.7","true"
"42","0","14.9","true","42","0.62","14.6","true","42","0.02","124.7","true","42","0","124.3","true","42","0.02","113.5","true","42","0.34","104.5","true","42","0","104.7","true"
"43","0.58","14.9","true","43","0","14.6","true","43","0","124.7","true","43","0.34","124.3","true","43","0","113.5","true","43","0.08","104.5","true","43","0","104.7","true"
"44","0.36","14.9","true","44","0","14.6","true","44","0","124.7","true","44","0.64","124.3","true","44","0","113.5","true","44","0","104.5","true","44","0","104.7","true"
"45","0","14.9","true","45","0.3","14.6","true","45","0","124.7","true","45","0.02","124.3","true","45","0.68","113.5","true","45","0","104.5","true","45","0","104.7","true"
"46","0.94","14.9","true","46","0","14.6","true","46","0","124.7","true","46","0.06","124.3","true","46","0","113.5","true","46","0","104.5","true","46","0","104.7","true"
"47","0","14.9","true","47","0.68","14.6","true","47","0","124.7","true","47","0.32","124.3","true","47","0","113.5","true","47","0","104.5","true","47","0","104.7","true"
"48","0.44","14.9","true","48","0.02","14.6","true","48","0","124.7","true","48","0.1","124.3","true","48","0","113.5","true","48","0.44","104.5","true","48","0","104.7","true"
"49","0.9","14.9","true","49","0","14.6","true","49","0","124.7","true","49","0","124.3","true","49","0.1","113.5","true","49","0","104.5","true","49","0","104.7","true"
"50","0","14.9","true","50","0.28","14.6","true","50","0","124.7","true","50","0.72","124.3","true","50","0","113.5","true","50","0","104.5","true","50","0","104.7","true"
"51","0","14.9","true","51","0.36","14.6","true","51","0","124.7","true","51","0.56","124.3","true","51","0","113.5","true","51","0.08","104.5","true","51","0","104.7","true"
"52","0.4","14.9","true","52","0","14.6","true","52","0.02","124.7","true","52","0.58","124.3","true","52","0","113.5","true","52","0","104.5","true","52","0","104.7","true"
"53","0","14.9","true","53","0.5","14.6","true","53","0","124.7","true","53","0.4","124.3","true","53","0","113.5","true","53","0.1","104.5","true","53","0","104.7","true"
"54","0.02","14.9","true","54","0.02","14.6","true","54","0","124.7","true","54","0","124.3","true","54","0.96","113.5","true","54","0","104.5","true","54","0","104.7","true"
"55","0","14.9","true","55","0","14.6","true","55","0","124.7","true","55","1","124.3","true","55","0","113.5","true","55","0","104.5","true","55","0","104.7","true"
"56","0","14.9","true","56","0.62","14.6","true","56","0","124.7","true","56","0.04","124.3","true","56","0","113.5","true","56","0.34","104.5","true","56","0","104.7","true"
"57","0","14.9","true","57","0.6","14.6","true","57","0","124.7","true","57","0.36","124.3","true","57","0","113.5","true","57","0.04","104.5","true","57","0","104.7","true"
"58","0","14.9","true","58","0","14.6","true","58","0","124.7","true","58","0.96","124.3","true","58","0.04","113.5","true","58","0","104.5","true","58","0","104.7","true"
"59","0","14.9","true","59","0.38","14.6","true","59","0","124.7","true","59","0","124.3","true","59","0.04","113.5","true","59","0.58","104.5","true","59","0","104.7","true"
"60","0.72","14.9","true","60","0","14.6","true","60","0","124.7","true","60","0","124.3","true","60","0.26","113.5","true","60","0.02","104.5","true","60","0","104.7","true"
"61","0.62","14.9","true","61","0.04","14.6","true","61","0","124.7","true","61","0","124.3","true","61","0.34","113.5","true","61","0","104.5","true","61","0","104.7","true"
"62","0","14.9","true","62","0.9","14.6","true","62","0","124.7","true","62","0.08","124.3","true","62","0.02","113.5","true","62","0","104.5","true","62","0","104.7","true"
"63","0","14.9","true","63","0.5","14.6","true","63","0.02","124.7","true","63","0","124.3","true","63","0","113.5","true","63","0.48","104.5","true","63","0","104.7","true"
"64","0.42","14.9","true","64","0","14.6","true","64","0.02","124.7","true","64","0.54","124.3","true","64","0","113.5","true","64","0.02","104.5","true","64","0","104.7","true"
"65","0","14.9","true","65","0.44","14.6","true","65","0","124.7","true","65","0.56","124.3","true","65","0","113.5","true","65","0","104.5","true","65","0","104.7","true"
"66","0","14.9","true","66","0.44","14.6","true","66","0","124.7","true","66","0.54","124.3","true","66","0.02","113.5","true","66","0","104.5","true","66","0","104.7","true"
"67","0.7","14.9","true","67","0","14.6","true","67","0","124.7","true","67","0","124.3","true","67","0.3","113.5","true","67","0","104.5","true","67","0","104.7","true"
"68","0.96","14.9","true","68","0.02","14.6","true","68","0","124.7","true","68","0.02","124.3","true","68","0","113.5","true","68","0","104.5","true","68","0","104.7","true"
"69","0.02","14.9","true","69","0.96","14.6","true","69","0","124.7","true","69","0","124.3","true","69","0.02","113.5","true","69","0","104.5","true","69","0","104.7","true"
"70","0","14.9","true","70","0.62","14.6","true","70","0.02","124.7","true","70","0.36","124.3","true","70","0","113.5","true","70","0","104.5","true","70","0","104.7","true"
"71","0","14.9","true","71","0.72","14.6","true","71","0","124.7","true","71","0.2","124.3","true","71","0","113.5","true","71","0.08","104.5","true","71","0","104.7","true"
"72","0","14.9","true","72","0.98","14.6","true","72","0","124.7","true","72","0","124.3","true","72","0.02","113.5","true","72","0","104.5","true","72","0","104.7","true"
"73","0.56","14.9","true","73","0.02","14.6","true","73","0","124.7","true","73","0.42","124.3","true","73","0","113.5","true","73","0","104.5","true","73","0","104.7","true"
"74","0","14.9","true","74","0.88","14.6","true","74","0","124.7","true","74","0.12","124.3","true","74","0","113.5","true","74","0","104.5","true","74","0","104.7","true"
"75","0.14","14.9","true","75","0","14.6","true","75","0","124.7","true","75","0.48","124.3","true","75","0","113.5","true","75","0.38","104.5","true","75","0","104.7","true"
"76","0.62","14.9","true","76","0","14.6","true","76","0","124.7","true","76","0.24","124.3","true","76","0","113.5","true","76","0.14","104.5","true","76","0","104.7","true"
"77","0","14.9","true","77","0.12","14.6","true","77","0","124.7","true","77","0.88","124.3","true","77","0","113.5","true","77","0","104.5","true","77","0","104.7","true"
"78","0","14.9","true","78","0.6","14.6","true","78","0","124.7","true","78","0","124.3","true","78","0.4","113.5","true","78","0","104.5","true","78","0","104.7","true"
"79","0","14.9","true","79","0.68","14.6","true","79","0","124.7","true","79","0.22","124.3","true","79","0","113.5","true","79","0.1","104.5","true","79","0","104.7","true"
"80","0","14.9","true","80","0.74","14.6","true","80","0.02","124.7","true","80","0","124.3","true","80","0.24","113.5","true","80","0","104.5","true","80","0","104.7","true"
"81","0.84","14.9","true","81","0","14.6","true","81","0","124.7","true","81","0.16","124.3","true","81","0","113.5","true","81","0","104.5","true","81","0","104.7","true"
"82","0","14.9","true","82","1","14.6","true","82","0","124.7","true","82","0","124.3","true","82","0","113.5","true","82","0","104.5","true","82","0","104.7","true"
"83","0.02","14.9","true","83","0.02","14.6","true","83","0.96","124.7","true","83","0","124.3","true","83","0","113.5","true","83","0","104.5","true","83","0","104.7","true"
"84","0.5","14.9","true","84","0","14.6","true","84","0","124.7","true","84","0","124.3","true","84","0.5","113.5","true","84","0","104.5","true","84","0","104.7","true"
"85","0.66","14.9","true","85","0","14.6","true","85","0","124.7","true","85","0.08","124.3","true","85","0","113.5","true","85","0.26","104.5","true","85","0","104.7","true"
"86","0","14.9","true","86","0.34","14.6","true","86","0","124.7","true","86","0.66","124.3","true","86","0","113.5","true","86","0","104.5","true","86","0","104.7","true"
"87","0","14.9","true","87","0.78","14.6","true","87","0","124.7","true","87","0.08","124.3","true","87","0","113.5","true","87","0.14","104.5","true","87","0","104.7","true"
"88","0","14.9","true","88","0.48","14.6","true","88","0","124.7","true","88","0.26","124.3","true","88","0","113.5","true","88","0.26","104.5","true","88","0","104.7","true"
"89","0.92","14.9","true","89","0.04","14.6","true","89","0","124.7","true","89","0","124.3","true","89","0","113.5","true","89","0.04","104.5","true","89","0","104.7","true"
"90","0","14.9","true","90","0.42","14.6","true","90","0","124.7","true","90","0.58","124.3","true","90","0","113.5","true","90","0","104.5","true","90","0","104.7","true"
"91","0","14.9","true","91","0.5","14.6","true","91","0","124.7","true","91","0.1","124.3","true","91","0","113.5","true","91","0.4","104.5","true","91","0","104.7","true"
"92","0.18","14.9","true","92","0","14.6","true","92","0","124.7","true","92","0.56","124.3","true","92","0","113.5","true","92","0.26","104.5","true","92","0","104.7","true"
"93","0.02","14.9","true","93","0.72","14.6","true","93","0","124.7","true","93","0.02","124.3","true","93","0","113.5","true","93","0.24","104.5","true","93","0","104.7","true"
"94","0.24","14.9","true","94","0","14.6","true","94","0","124.7","true","94","0.76","124.3","true","94","0","113.5","true","94","0","104.5","true","94","0","104.7","true"
"95","0.58","14.9","true","95","0","14.6","true","95","0","124.7","true","95","0.02","124.3","true","95","0.4","113.5","true","95","0","104.5","true","95","0","104.7","true"
"96","0","14.9","true","96","0.1","14.6","true","96","0","124.7","true","96","0.54","124.3","true","96","0","113.5","true","96","0.36","104.5","true","96","0","104.7","true"
"97","0.42","14.9","true","97","0","14.6","true","97","0","124.7","true","97","0.58","124.3","true","97","0","113.5","true","97","0","104.5","true","97","0","104.7","true"
"98","0","14.9","true","98","0.54","14.6","true","98","0","124.7","true","98","0.4","124.3","true","98","0","113.5","true","98","0.06","104.5","true","98","0","104.7","true"
"99","0","14.9","true","99","0.56","14.6","true","99","0","124.7","true","99","0","124.3","true","99","0.04","113.5","true","99","0.4","104.5","true","99","0","104.7","true"
"100","0","14.9","true","100","0.46","14.6","true","100","0","124.7","true","100","0","124.3","true","100","0.54","113.5","true","100","0","104.5","true","100","0","104.7","true"

"""polarization"""
"x min","x max","y min","y max","autoplot?","current pen","legend open?","number of pens"
"0","116","0","10","true","""0""","false","1"

"pen name","pen down?","mode","interval","color","x"
"""0""","true","0","1","0","100"

"""0"""
"x","y","color","pen down?"
"0","6.091111111111112","0","true"
"1","3.168888888888889","0","true"
"2","2.013333333333333","0","true"
"3","1.3088888888888892","0","true"
"4","4.1866666666666665","0","true"
"5","4.666666666666666","0","true"
"6","5.546666666666669","0","true"
"7","2.208888888888889","0","true"
"8","1.125","0","true"
"9","2.1449999999999996","0","true"
"10","3.125","0","true"
"11","2.208888888888889","0","true"
"12","1.5022222222222223","0","true"
"13","0.9272222222222223","0","true"
"14","1.2088888888888887","0","true"
"15","3.1666666666666665","0","true"
"16","2.5422222222222217","0","true"
"17","0.25777777777777783","0","true"
"18","3.8049999999999997","0","true"
"19","2.135555555555556","0","true"
"20","4.499999999999999","0","true"
"21","3.124999999999999","0","true"
"22","4.569444444444446","0","true"
"23","4.538333333333334","0","true"
"24","7.555555555555556","0","true"
"25","2","0","true"
"26","1.957777777777778","0","true"
"27","2.411666666666667","0","true"
"28","3.8518598887744717E-32","0","true"
"29","1.5407439555097887E-31","0","true"
"30","1.5338888888888889","0","true"
"31","3.5116666666666667","0","true"
"32","3.413333333333333","0","true"
"33","1.6805555555555558","0","true"
"34","2.1450000000000005","0","true"
"35","2.52","0","true"
"36","0.13388888888888886","0","true"
"37","0.31333333333333335","0","true"
"38","0.37999999999999995","0","true"
"39","2.675555555555556","0","true"
"40","3.1199999999999997","0","true"
"41","1.3272222222222223","0","true"
"42","4.953333333333334","0","true"
"43","4.227222222222223","0","true"
"44","2.88","0","true"
"45","2.602222222222222","0","true"
"46","0.705","0","true"
"47","1.2088888888888891","0","true"
"48","7.735555555555556","0","true"
"49","1.9999999999999996","0","true"
"50","1.1199999999999999","0","true"
"51","2.008888888888889","0","true"
"52","2.9605555555555556","0","true"
"53","2.444444444444445","0","true"
"54","0.6672222222222222","0","true"
"55","0","0","true"
"56","4.897777777777778","0","true"
"57","1.8133333333333332","0","true"
"58","0.053333333333333316","0","true"
"59","5.12","0","true"
"60","4.667222222222222","0","true"
"61","4.8888888888888875","0","true"
"62","0.6272222222222223","0","true"
"63","5.467222222222222","0","true"
"64","3.2533333333333334","0","true"
"65","1.368888888888889","0","true"
"66","1.445","0","true"
"67","4.666666666666666","0","true"
"68","0.26888888888888884","0","true"
"69","0.27555555555555555","0","true"
"70","1.2672222222222222","0","true"
"71","2.1688888888888895","0","true"
"72","0.2449999999999999","0","true"
"73","3.0022222222222226","0","true"
"74","0.5866666666666668","0","true"
"75","3.7005555555555563","0","true"
"76","5.060555555555555","0","true"
"77","0.5866666666666668","0","true"
"78","2.9999999999999996","0","true"
"79","2.4644444444444447","0","true"
"80","2.2672222222222222","0","true"
"81","1.6799999999999997","0","true"
"82","3.8518598887744717E-32","0","true"
"83","0.13388888888888886","0","true"
"84","5.555555555555554","0","true"
"85","6.733888888888888","0","true"
"86","1.2466666666666668","0","true"
"87","2.8355555555555556","0","true"
"88","3.8422222222222224","0","true"
"89","1.3644444444444448","0","true"
"90","1.3533333333333335","0","true"
"91","4.944444444444445","0","true"
"92","3.693888888888889","0","true"
"93","4.1383333333333345","0","true"
"94","2.2800000000000002","0","true"
"95","5.311666666666666","0","true"
"96","2.18","0","true"
"97","3.045","0","true"
"98","2.0533333333333337","0","true"
"99","5.280000000000001","0","true"
"100","3.105","0","true"

"""media-a-histogram"""
"x min","x max","y min","y max","autoplot?","current pen","legend open?","number of pens"
"-1","8","0","10","true","""default""","false","1"

"pen name","pen down?","mode","interval","color","x"
"""default""","true","1","1","0","5"

"""default"""
"x","y","color","pen down?"
"0","2","0","true"
"1","5","0","true"
"2","1","0","true"
"3","3","0","true"
"4","2","0","true"
"5","2","0","true"

"""homophily"""
"x min","x max","y min","y max","autoplot?","current pen","legend open?","number of pens"
"0","116","0","1","true","""default""","false","1"

"pen name","pen down?","mode","interval","color","x"
"""default""","true","0","1","0","100"

"""default"""
"x","y","color","pen down?"
"0","0.30374294142823616","0","true"
"1","0.4415777210732098","0","true"
"2","0.5143577625014281","0","true"
"3","0.4966169254774949","0","true"
"4","0.3679459868042316","0","true"
"5","0.38528391088852665","0","true"
"6","0.3292099172028518","0","true"
"7","0.47820726800497493","0","true"
"8","0.5510634818268892","0","true"
"9","0.495948702482936","0","true"
"10","0.396806895699761","0","true"
"11","0.47428842401897164","0","true"
"12","0.4872181611111323","0","true"
"13","0.7362001616907883","0","true"
"14","0.5321325265588067","0","true"
"15","0.3921195857047774","0","true"
"16","0.48697865612054314","0","true"
"17","0.8021806544155667","0","true"
"18","0.3747749932461575","0","true"
"19","0.431592550136418","0","true"
"20","0.3688384759057778","0","true"
"21","0.3871534376604436","0","true"
"22","0.33022961901798503","0","true"
"23","0.3586658002615738","0","true"
"24","0.3054342934295262","0","true"
"25","0.579283184760044","0","true"
"26","0.4700344020155456","0","true"
"27","0.4507292854861743","0","true"
"28","1","0","true"
"29","1","0","true"
"30","0.4925383110729624","0","true"
"31","0.36093744764604335","0","true"
"32","0.3620425553248771","0","true"
"33","0.6111078777360966","0","true"
"34","0.47588636953631647","0","true"
"35","0.4388304328279082","0","true"
"36","0.8889763404403114","0","true"
"37","0.8057991929890992","0","true"
"38","0.8065566888741381","0","true"
"39","0.41811095707131546","0","true"
"40","0.3918528387588143","0","true"
"41","0.598407558445391","0","true"
"42","0.3460635314920574","0","true"
"43","0.35583372255973367","0","true"
"44","0.41365331873366445","0","true"
"45","0.4298239823526938","0","true"
"46","0.7410985862270297","0","true"
"47","0.5308086779347851","0","true"
"48","0.28656302385352844","0","true"
"49","0.5788056289558744","0","true"
"50","0.543518487381301","0","true"
"51","0.44359943722851464","0","true"
"52","0.42402518960116586","0","true"
"53","0.42129557838926646","0","true"
"54","0.7993882356720462","0","true"
"55","1","0","true"
"56","0.35435571817543704","0","true"
"57","0.4523397407793201","0","true"
"58","0.9277333266583068","0","true"
"59","0.3407463318136878","0","true"
"60","0.36842674079078674","0","true"
"61","0.3497087932994633","0","true"
"62","0.7011992422235691","0","true"
"63","0.33882673617431947","0","true"
"64","0.3866874334603548","0","true"
"65","0.49961352019138233","0","true"
"66","0.4879895584688956","0","true"
"67","0.368924315466471","0","true"
"68","0.8638536962676109","0","true"
"69","0.8626479808371382","0","true"
"70","0.5151493838637048","0","true"
"71","0.47399318761741516","0","true"
"72","0.8928571428571428","0","true"
"73","0.3912902093768814","0","true"
"74","0.6980528942309696","0","true"
"75","0.3696709638761021","0","true"
"76","0.34681320034819585","0","true"
"77","0.7072543836517066","0","true"
"78","0.40532575320818537","0","true"
"79","0.4515890285290335","0","true"
"80","0.4679037368819577","0","true"
"81","0.5467005920334859","0","true"
"82","1","0","true"
"83","0.8937860363532554","0","true"
"84","0.3268835396484104","0","true"
"85","0.3148707743532173","0","true"
"86","0.5260355257815822","0","true"
"87","0.4665709085655102","0","true"
"88","0.3291053151690215","0","true"
"89","0.6665226912397805","0","true"
"90","0.5009830093174295","0","true"
"91","0.3251105343246083","0","true"
"92","0.36975742618303004","0","true"
"93","0.3912416601340641","0","true"
"94","0.46070769638661935","0","true"
"95","0.34489408173431846","0","true"
"96","0.4312218328269119","0","true"
"97","0.40080864402203564","0","true"
"98","0.45557751836356064","0","true"
"99","0.33318460218812374","0","true"
"100","0.39990032942582965","0","true"

"""fragmentation"""
"x min","x max","y min","y max","autoplot?","current pen","legend open?","number of pens"
"0","116","0","1","true","""default""","false","1"

"pen name","pen down?","mode","interval","color","x"
"""default""","true","0","1","0","100"

"""default"""
"x","y","color","pen down?"
"0","0.29388385422362623","0","true"
"1","0.3518649732128192","0","true"
"2","0.4201422019760534","0","true"
"3","0.44056844626194613","0","true"
"4","0.3492611782767223","0","true"
"5","0.3738317757009346","0","true"
"6","0.33736417805818436","0","true"
"7","0.38036250332484706","0","true"
"8","0.4106628759324273","0","true"
"9","0.41892792535466056","0","true"
"10","0.37344824048425157","0","true"
"11","0.3614370825058675","0","true"
"12","0.4129231327706689","0","true"
"13","0.48519159857544647","0","true"
"14","0.4627232720683407","0","true"
"15","0.3935274368429743","0","true"
"16","0.41088580576307365","0","true"
"17","0.43098251959011447","0","true"
"18","0.3541751804931208","0","true"
"19","0.39192808256722683","0","true"
"20","0.3623509736598715","0","true"
"21","0.36185812883920726","0","true"
"22","0.3456011379633873","0","true"
"23","0.3411352545053027","0","true"
"24","0.2967988128047488","0","true"
"25","0.4357668364459536","0","true"
"26","0.37686550306462063","0","true"
"27","0.38244132047321866","0","true"
"28","0.5499999999999999","0","true"
"29","0.4482758620689655","0","true"
"30","0.4199305499475088","0","true"
"31","0.36939313984168864","0","true"
"32","0.38431082721849763","0","true"
"33","0.4538555619409693","0","true"
"34","0.43802216147089684","0","true"
"35","0.3847499125568381","0","true"
"36","0.4471020440067222","0","true"
"37","0.5236560714808848","0","true"
"38","0.5199621845683949","0","true"
"39","0.40067887249525674","0","true"
"40","0.3636964787568194","0","true"
"41","0.44733981402551093","0","true"
"42","0.3391481486187167","0","true"
"43","0.36288594016369735","0","true"
"44","0.3683763105695665","0","true"
"45","0.3891421185114634","0","true"
"46","0.4867546569315736","0","true"
"47","0.4415760869565218","0","true"
"48","0.2728572460499075","0","true"
"49","0.42105263157894735","0","true"
"50","0.41339037927844596","0","true"
"51","0.4058086172507176","0","true"
"52","0.34273662008963884","0","true"
"53","0.40083289953149404","0","true"
"54","0.48937826715604493","0","true"
"55","0.43333333333333335","0","true"
"56","0.3332245887123083","0","true"
"57","0.4246059351510935","0","true"
"58","0.4336947456213512","0","true"
"59","0.3459430317189326","0","true"
"60","0.3584688260145948","0","true"
"61","0.3169572107765452","0","true"
"62","0.5024816620547283","0","true"
"63","0.31101444772409503","0","true"
"64","0.3588646469028206","0","true"
"65","0.41979802724283705","0","true"
"66","0.42219319028955665","0","true"
"67","0.3603603603603604","0","true"
"68","0.5164225998085986","0","true"
"69","0.5283381364073007","0","true"
"70","0.4394321184930244","0","true"
"71","0.41166987448387043","0","true"
"72","0.5294188424978943","0","true"
"73","0.36719863391836893","0","true"
"74","0.4997204361196534","0","true"
"75","0.36132977297769486","0","true"
"76","0.3332326311645748","0","true"
"77","0.428862763915547","0","true"
"78","0.355297157622739","0","true"
"79","0.40078796274794","0","true"
"80","0.4166059723233794","0","true"
"81","0.44421664103878356","0","true"
"82","0.5499999999999999","0","true"
"83","0.4471020440067222","0","true"
"84","0.3252032520325203","0","true"
"85","0.29614442735918906","0","true"
"86","0.4148775675989323","0","true"
"87","0.4097924427887173","0","true"
"88","0.38293509613545423","0","true"
"89","0.4752206381534284","0","true"
"90","0.4217293853957768","0","true"
"91","0.3459932529587435","0","true"
"92","0.33785351636826033","0","true"
"93","0.35220900314472325","0","true"
"94","0.37534286126750394","0","true"
"95","0.36565642359890305","0","true"
"96","0.3885567890691717","0","true"
"97","0.35829945566044236","0","true"
"98","0.41757398276308","0","true"
"99","0.3169180746198012","0","true"
"100","0.3930326038410004","0","true"

"EXTENSIONS"

