"export-world data (NetLogo 6.2.2)"
"cog-cascades-trust.nlogo"
"02/26/2023 15:22:49:625 -0500"

"RANDOM STATE"
"0 0 -1727483681 434 0.0 false 403001371 -544026651 -474156295 -1562550465 1254580595 -547299061 -777513536 -350119847 -756947223 -886933349 -1518084122 409025500 -374298600 -134365875 2073782238 -383436562 268579262 1026022271 776701515 1251886712 115192090 -1610051949 -1165716592 -252583639 -38809839 931014867 620120573 1089307020 1961650310 1144442765 -1619645837 603153270 -1666438835 441379123 -1237579850 -1872955330 1044530909 -1748081333 -568485268 -1943091206 -2032859779 402786740 -1197458505 -227075252 1399859895 -2001903458 1266497121 -1412878964 -626998625 -1806837035 1244373342 1510700703 91554094 -823199083 1550201495 -1559495038 973706221 594142098 -797869472 -60384774 -1845018716 -1999105287 -830875423 -526653795 2041087254 -1698520757 729505577 575597315 -1418269745 840775633 -2030695070 2041095068 -493937556 -1977121943 -705038969 792186162 -354464087 -673671 951788423 -1021742709 -1648575417 861778328 1210200035 1028898895 1307826487 404204936 198007693 529530566 -1404460637 -188149994 -1090932845 1571703309 -1784476458 1333688359 -712325222 332952953 1933481878 1628327153 -599972290 795687146 1905373791 -245524099 1463604408 992517351 -172437311 -1552820660 1104405655 -621012725 672622385 -984619605 -1241446279 346758084 941110056 273021844 -623782389 -639329540 -1835743292 -954192897 61133266 1548774810 -142963876 1824177477 326793336 -20916456 984837675 -1981840859 571066367 437348705 1641181987 -1793305921 2082066803 -1536103099 -943886432 -2102242239 226379208 1397917265 1978081522 -235224376 -1866390808 566121344 566856967 1061841594 -1138284806 -1897001493 818407173 -1292826624 -399121592 -1534819260 -1046397621 23831124 314799911 1718002354 -1964276393 236970539 1878707216 1567065279 -255976421 -1748628757 216921398 1479485711 -445460469 1002958185 -71264032 -910180541 -393956965 760986261 -520458585 -699657281 331959213 -2127470920 -991202687 450420212 808742625 -1625314632 -1214005381 -1714225862 333571489 -893700873 -60995473 2111427872 -1326145163 -971936166 -193930787 1934678473 -853033347 -1505244817 -1981740247 -468629815 831650110 1545168117 227308442 -3226149 -213061070 -1883366096 -691410831 -1473293990 417736893 1571005018 1459709906 1553214847 -1910236724 -1383533064 -1313415487 -334371473 186018850 1922780046 -814364608 -2082566985 -233726432 568801485 -1855230777 -310387751 609826209 -544610625 -1486043564 -2104278205 1684842151 1957252486 975297112 -1711620528 2146192639 -1108387030 1889195923 933775916 75772798 -1481910522 -237590939 -1387702674 733196927 1801276352 -1529172502 -1594243932 601600006 1111493192 480737985 1718703495 -1028089863 887236522 1432791741 -1182906121 -460564175 427129945 -2069897016 -227226232 -394622849 698901878 1591471576 -353260491 554142564 943541636 -1915764882 2030063074 -216614006 -250804375 1018363454 1872281561 -851262949 1003063386 1243137932 -43577673 155781404 939862540 1288223416 -1197381740 416238370 -891540725 -1652765205 1284555780 79063486 -962578071 686340334 1739697733 -1773387542 -767428301 -2035200920 -178998847 716703882 -760783755 1834933811 -899988415 -568871790 -17658387 87781273 1829887990 -902345086 -1190424790 1239199586 -853751594 1601196863 1433390678 -1207766021 372324557 1216129848 -1425005731 -892762918 1536910418 901348733 682733850 29827325 2140550579 -1998394822 373896317 1767026028 871962259 786248854 -199481366 -1058550427 -1370601804 -1347913565 -1926066983 -1719212027 2024147787 -1943576005 -1173003248 424737816 1212924372 -1454124181 1206142585 471471189 -642760748 536781890 -1515768080 -111071256 -1362396183 -19078225 -1318478408 -52871484 -1547299070 709196828 656904003 -1509308863 -582265713 1523826665 1169496163 -1364637205 -1240637173 1902261218 1645634074 -208556041 -1505847005 -511670661 -1670537139 -1886803203 -2048977465 1959678302 -1597319898 -1834056089 1390382491 1323544629 -1857248195 -946262019 -1683322867 -1376106407 -122387158 -2006209909 1226423507 -1899374673 1626806537 805130677 -1439827658 12322743 -207627674 -404470596 -1423753702 892834454 -32794796 1944616072 435913863 1987864039 -974559940 552568152 -1074158637 1006032400 1446765766 1884067154 -318872037 -1226738898 155709766 -124055543 1440632096 718081941 -669085123 -1458186042 819066840 1630800530 -1715024881 94736708 129534117 1748561380 -1770454696 -496724565 -301749955 -1112771685 544980846 48522830 1991417101 1434772338 1455542497 601434657 -1143960882 -629337271 684902233 -731998993 80855135 500409149 -1613280899 -141934940 257015231 920499964 1842869627 -560526562 -1327576857 -1637546476 -1260491115 826295344 -607985032 22583472 -443131377 -1852605797 -1711205040 1236042226 1016334502 -1911467603 -926520095 -704041193 1951379222 -565721286 2006163476 2011032596 -744103590 -328369899 1603846585 539019357 11024985 -14227439 -26935829 -1536161870 -724605727 1353267571 -1149798170 -42763902 -31259468 1926135738 4827564 735070287 -1695724802 1389951587 1643207528 1483894100 1493976452 -447093812 1879695675 1049296772 -464465547 68106762 1372019557 1170032209 -1482816010 2105032042 -239466314 -1951183803 689105044 2053127153 492837137 1327899331 1691895934 -1475146055 -1574734127 1940423510 1588268371 -746390075 1806514859 -37436277 898093546 -874329303 1506999674 231846868 -1683305182 1852619182 -1276444911 1891172874 -1149869891 508506971 207307014 521292088 2033937176 721398423 -15810173 1712285497 -623299412 -1746768730 1788931587 80652218 -1042351512 1027736420 663888499 -1847934032 -392154894 -1894083628 -1600266369 2128965675 1284458188 -1391573858 1860383069 1979511444 -936522612 1671146979 -907286340 -1419929451 1406735404 -1808936173 -2129652373 411194454 -1866866849 -676172388 1996967325 -37788516 -1799333256 380427834 1070161786 -839792501 -176035247 -1949180004 1659153717 -1606565258 1511848639 -2118145048 -2025039897 -169837405 -1078299327 -1578377840 2062853997 615042690 1130218210 564732660 -479185805 1382574583 1726898383 255510604 -608803978 854496504 1329719815 -2124736138 1277052729 2115666175 1205031778 77751356 561008568 44646418 -1607009415 456128542 2002754282 -263918375 -1008835236 1557982923 -1375723137 1782797176 -1539763503 662947479 1693838785 -201214245 806720574 -1216968230 206199988 1646024527 -1870353974 1054087762 1693708890 282788241 -1524789666 -1688281186 -846331009 1583243968 1255196816 -1643763278 42639401 1598019240 -1582198075 -824286218 -299634019 -442264522 1509981013 1165749790 -642824664 -1054513102 -1327230454 191748107 -1743506730 -1116260269 1840026203 -548642654 1586853902 941534763 184620085 468296680 -994312627 2145867142 1132089942 -2051512178 1079999573 1533449122 -1755692965 610448992 -514354663 -393526596 996758594 187452060 -448511837 1466123467 -1711732596 1453579755 -353506245 -901947692 -1311960212 2083591261 -1466370838 907625885 -411569947 -172087858 8480689 -1027741008 -103974661 -550562306 -1064371296"

"GLOBALS"
"min-pxcor","max-pxcor","min-pycor","max-pycor","perspective","subject","nextIndex","directed-links","ticks","ba-m","behavior-rand","belief-resolution","beliefs-over-time","brain-type","cit-init-normal-mean","cit-init-normal-std","cit-memory-len","citizen-citizen-influence","citizen-citizen-trust?","citizen-init-dist","citizen-malleables","citizen-media-influence","citizen-media-trust?","citizen-priors","citizen-trust-fn","cits-hear-from-path?","cognitive-exponent","cognitive-exponent?","cognitive-fn","cognitive-scalar","cognitive-scalar?","cognitive-translate","cognitive-translate?","complex-spread-ratio","contagion-dir","contagion-on?","cur-message-id","epsilon","erdos-renyi-p","graph-homophily?","graph-type","institution-tactic","kronecker-k","kronecker-seed","load-graph-path","load-graph?","mag-g","mag-style","matrix-spread?","matrix-trust-conn?","media-agents?","media-citizen-influence","media-dist-normal-mean","media-dist-normal-std","media-ecosystem","media-ecosystem-dist","media-ecosystem-file","media-ecosystem-n","media-ecosystem-path","message-file","message-repeats","messages-data-path","messages-over-time","n","repetition","save-graph-path","selected-turtle","show-citizen-political?","show-media-connections?","show-social-friends?","sim-output-dir","simple-spread-chance","spread-type","threshold","tick-end","topics","watts-strogatz-k","watts-strogatz-p","zeta-cit","zeta-media"
"-16","16","-16","16","0","nobody","65","""NEITHER""","100","3","8666","7","[[0 [[[""A"" 2]] [[""A"" 2]] [[""A"" 3]] [[""A"" 4]] [[""A"" 3]] [[""A"" 4]] [[""A"" 2]] [[""A"" 2]] [[""A"" 4]] [[""A"" 1]] [[""A"" 2]] [[""A"" 4]] [[""A"" 5]] [[""A"" 3]] [[""A"" 2]] [[""A"" 3]] [[""A"" 3]] [[""A"" 2]] [[""A"" 3]] [[""A"" 2]] [[""A"" 2]] [[""A"" 4]] [[""A"" 4]] [[""A"" 4]] [[""A"" 3]] [[""A"" 3]] [[""A"" 1]] [[""A"" 3]] [[""A"" 3]] [[""A"" 3]] [[""A"" 2]] [[""A"" 3]] [[""A"" 4]] [[""A"" 5]] [[""A"" 2]] [[""A"" 3]] [[""A"" 4]] [[""A"" 3]] [[""A"" 3]] [[""A"" 3]] [[""A"" 4]] [[""A"" 3]] [[""A"" 4]] [[""A"" 1]] [[""A"" 3]] [[""A"" 5]] [[""A"" 4]] [[""A"" 1]] [[""A"" 3]] [[""A"" 4]]]] [1 [[[""A"" 2]] [[""A"" 2]] [[""A"" 4]] [[""A"" 2]] [[""A"" 4]] [[""A"" 4]] [[""A"" 4]] [[""A"" 4]] [[""A"" 4]] [[""A"" 4]] [[""A"" 4]] [[""A"" 4]] [[""A"" 4]] [[""A"" 4]] [[""A"" 2]] [[""A"" 4]] [[""A"" 2]] [[""A"" 4]] [[""A"" 4]] [[""A"" 4]] [[""A"" 2]] [[""A"" 4]] [[""A"" 4]] [[""A"" 4]] [[""A"" 4]] [[""A"" 4]] [[""A"" 4]] [[""A"" 4]] [[""A"" 4]] [[""A"" 1]] [[""A"" 4]] [[""A"" 4]] [[""A"" 4]] [[""A"" 4]] [[""A"" 4]] [[""A"" 2]] [[""A"" 4]] [[""A"" 4]] [[""A"" 4]] [[""A"" 4]] [[""A"" 4]] [[""A"" 4]] [[""A"" 4]] [[""A"" 4]] [[""A"" 4]] [[""A"" 4]] [[""A"" 4]] [[""A"" 4]] [[""A"" 4]] [[""A"" 4]]]] [2 [[[""A"" 4]] [[""A"" 4]] [[""A"" 4]] [[""A"" 4]] [[""A"" 4]] [[""A"" 4]] [[""A"" 4]] [[""A"" 4]] [[""A"" 4]] [[""A"" 4]] [[""A"" 4]] [[""A"" 4]] [[""A"" 4]] [[""A"" 4]] [[""A"" 2]] [[""A"" 2]] [[""A"" 2]] [[""A"" 4]] [[""A"" 4]] [[""A"" 4]] [[""A"" 4]] [[""A"" 4]] [[""A"" 4]] [[""A"" 4]] [[""A"" 4]] [[""A"" 4]] [[""A"" 2]] [[""A"" 4]] [[""A"" 4]] [[""A"" 4]] [[""A"" 4]] [[""A"" 4]] [[""A"" 2]] [[""A"" 1]] [[""A"" 4]] [[""A"" 2]] [[""A"" 4]] [[""A"" 4]] [[""A"" 2]] [[""A"" 4]] [[""A"" 4]] [[""A"" 4]] [[""A"" 5]] [[""A"" 4]] [[""A"" 4]] [[""A"" 4]] [[""A"" 4]] [[""A"" 4]] [[""A"" 4]] [[""A"" 4]]]] [3 [[[""A"" 4]] [[""A"" 4]] [[""A"" 1]] [[""A"" 6]] [[""A"" 6]] [[""A"" 3]] [[""A"" 4]] [[""A"" 1]] [[""A"" 6]] [[""A"" 6]] [[""A"" 1]] [[""A"" 4]] [[""A"" 6]] [[""A"" 1]] [[""A"" 4]] [[""A"" 1]] [[""A"" 6]] [[""A"" 4]] [[""A"" 4]] [[""A"" 6]] [[""A"" 6]] [[""A"" 4]] [[""A"" 4]] [[""A"" 6]] [[""A"" 4]] [[""A"" 6]] [[""A"" 4]] [[""A"" 1]] [[""A"" 6]] [[""A"" 1]] [[""A"" 4]] [[""A"" 6]] [[""A"" 6]] [[""A"" 6]] [[""A"" 6]] [[""A"" 4]] [[""A"" 6]] [[""A"" 6]] [[""A"" 4]] [[""A"" 6]] [[""A"" 4]] [[""A"" 1]] [[""A"" 6]] [[""A"" 4]] [[""A"" 6]] [[""A"" 4]] [[""A"" 4]] [[""A"" 6]] [[""A"" 6]] [[""A"" 1]]]] [4 [[[""A"" 6]] [[""A"" 2]] [[""A"" 2]] [[""A"" 6]] [[""A"" 6]] [[""A"" 6]] [[""A"" 0]] [[""A"" 2]] [[""A"" 6]] [[""A"" 6]] [[""A"" 6]] [[""A"" 0]] [[""A"" 6]] [[""A"" 2]] [[""A"" 6]] [[""A"" 2]] [[""A"" 2]] [[""A"" 6]] [[""A"" 6]] [[""A"" 6]] [[""A"" 6]] [[""A"" 6]] [[""A"" 2]] [[""A"" 6]] [[""A"" 6]] [[""A"" 6]] [[""A"" 2]] [[""A"" 2]] [[""A"" 6]] [[""A"" 2]] [[""A"" 6]] [[""A"" 6]] [[""A"" 6]] [[""A"" 6]] [[""A"" 6]] [[""A"" 6]] [[""A"" 6]] [[""A"" 6]] [[""A"" 6]] [[""A"" 6]] [[""A"" 6]] [[""A"" 2]] [[""A"" 6]] [[""A"" 6]] [[""A"" 2]] [[""A"" 6]] [[""A"" 6]] [[""A"" 6]] [[""A"" 6]] [[""A"" 6]]]] [5 [[[""A"" 1]] [[""A"" 5]] [[""A"" 1]] [[""A"" 5]] [[""A"" 5]] [[""A"" 1]] [[""A"" 5]] [[""A"" 1]] [[""A"" 1]] [[""A"" 5]] [[""A"" 5]] [[""A"" 1]] [[""A"" 5]] [[""A"" 1]] [[""A"" 5]] [[""A"" 5]] [[""A"" 1]] [[""A"" 1]] [[""A"" 1]] [[""A"" 1]] [[""A"" 5]] [[""A"" 1]] [[""A"" 1]] [[""A"" 1]] [[""A"" 1]] [[""A"" 5]] [[""A"" 1]] [[""A"" 5]] [[""A"" 1]] [[""A"" 1]] [[""A"" 1]] [[""A"" 1]] [[""A"" 5]] [[""A"" 5]] [[""A"" 1]] [[""A"" 1]] [[""A"" 5]] [[""A"" 5]] [[""A"" 5]] [[""A"" 1]] [[""A"" 1]] [[""A"" 1]] [[""A"" 1]] [[""A"" 1]] [[""A"" 1]] [[""A"" 1]] [[""A"" 1]] [[""A"" 5]] [[""A"" 1]] [[""A"" 1]]]] [6 [[[""A"" 2]] [[""A"" 5]] [[""A"" 2]] [[""A"" 2]] [[""A"" 2]] [[""A"" 2]] [[""A"" 2]] [[""A"" 2]] [[""A"" 2]] [[""A"" 2]] [[""A"" 2]] [[""A"" 2]] [[""A"" 2]] [[""A"" 2]] [[""A"" 5]] [[""A"" 2]] [[""A"" 2]] [[""A"" 2]] [[""A"" 2]] [[""A"" 2]] [[""A"" 2]] [[""A"" 2]] [[""A"" 2]] [[""A"" 2]] [[""A"" 2]] [[""A"" 5]] [[""A"" 2]] [[""A"" 2]] [[""A"" 2]] [[""A"" 2]] [[""A"" 2]] [[""A"" 2]] [[""A"" 2]] [[""A"" 5]] [[""A"" 2]] [[""A"" 2]] [[""A"" 5]] [[""A"" 2]] [[""A"" 2]] [[""A"" 2]] [[""A"" 2]] [[""A"" 2]] [[""A"" 2]] [[""A"" 2]] [[""A"" 2]] [[""A"" 2]] [[""A"" 2]] [[""A"" 5]] [[""A"" 2]] [[""A"" 2]]]] [7 [[[""A"" 1]] [[""A"" 1]] [[""A"" 1]] [[""A"" 3]] [[""A"" 1]] [[""A"" 3]] [[""A"" 1]] [[""A"" 3]] [[""A"" 1]] [[""A"" 1]] [[""A"" 1]] [[""A"" 1]] [[""A"" 1]] [[""A"" 1]] [[""A"" 1]] [[""A"" 1]] [[""A"" 3]] [[""A"" 1]] [[""A"" 1]] [[""A"" 1]] [[""A"" 1]] [[""A"" 3]] [[""A"" 1]] [[""A"" 1]] [[""A"" 1]] [[""A"" 6]] [[""A"" 1]] [[""A"" 1]] [[""A"" 3]] [[""A"" 1]] [[""A"" 1]] [[""A"" 1]] [[""A"" 1]] [[""A"" 6]] [[""A"" 1]] [[""A"" 1]] [[""A"" 3]] [[""A"" 1]] [[""A"" 1]] [[""A"" 1]] [[""A"" 3]] [[""A"" 1]] [[""A"" 1]] [[""A"" 1]] [[""A"" 3]] [[""A"" 1]] [[""A"" 1]] [[""A"" 1]] [[""A"" 1]] [[""A"" 3]]]] [8 [[[""A"" 2]] [[""A"" 0]] [[""A"" 2]] [[""A"" 4]] [[""A"" 0]] [[""A"" 4]] [[""A"" 2]] [[""A"" 0]] [[""A"" 2]] [[""A"" 0]] [[""A"" 0]] [[""A"" 2]] [[""A"" 4]] [[""A"" 4]] [[""A"" 0]] [[""A"" 0]] [[""A"" 2]] [[""A"" 2]] [[""A"" 2]] [[""A"" 2]] [[""A"" 4]] [[""A"" 0]] [[""A"" 0]] [[""A"" 4]] [[""A"" 2]] [[""A"" 4]] [[""A"" 4]] [[""A"" 2]] [[""A"" 2]] [[""A"" 2]] [[""A"" 2]] [[""A"" 0]] [[""A"" 2]] [[""A"" 6]] [[""A"" 0]] [[""A"" 4]] [[""A"" 2]] [[""A"" 4]] [[""A"" 2]] [[""A"" 0]] [[""A"" 4]] [[""A"" 2]] [[""A"" 2]] [[""A"" 0]] [[""A"" 2]] [[""A"" 2]] [[""A"" 2]] [[""A"" 2]] [[""A"" 4]] [[""A"" 2]]]] [9 [[[""A"" 1]] [[""A"" 4]] [[""A"" 1]] [[""A"" 1]] [[""A"" 1]] [[""A"" 4]] [[""A"" 1]] [[""A"" 1]] [[""A"" 1]] [[""A"" 1]] [[""A"" 1]] [[""A"" 1]] [[""A"" 1]] [[""A"" 1]] [[""A"" 1]] [[""A"" 1]] [[""A"" 1]] [[""A"" 1]] [[""A"" 1]] [[""A"" 4]] [[""A"" 1]] [[""A"" 1]] [[""A"" 1]] [[""A"" 1]] [[""A"" 4]] [[""A"" 1]] [[""A"" 1]] [[""A"" 1]] [[""A"" 1]] [[""A"" 1]] [[""A"" 1]] [[""A"" 1]] [[""A"" 4]] [[""A"" 1]] [[""A"" 1]] [[""A"" 1]] [[""A"" 1]] [[""A"" 1]] [[""A"" 1]] [[""A"" 1]] [[""A"" 4]] [[""A"" 1]] [[""A"" 1]] [[""A"" 1]] [[""A"" 1]] [[""A"" 1]] [[""A"" 1]] [[""A"" 1]] [[""A"" 1]] [[""A"" 1]]]] [10 [[[""A"" 2]] [[""A"" 2]] [[""A"" 2]] [[""A"" 2]] [[""A"" 2]] [[""A"" 2]] [[""A"" 2]] [[""A"" 2]] [[""A"" 2]] [[""A"" 2]] [[""A"" 2]] [[""A"" 2]] [[""A"" 2]] [[""A"" 2]] [[""A"" 2]] [[""A"" 2]] [[""A"" 2]] [[""A"" 2]] [[""A"" 2]] [[""A"" 2]] [[""A"" 2]] [[""A"" 2]] [[""A"" 2]] [[""A"" 2]] [[""A"" 2]] [[""A"" 2]] [[""A"" 2]] [[""A"" 2]] [[""A"" 2]] [[""A"" 2]] [[""A"" 2]] [[""A"" 2]] [[""A"" 6]] [[""A"" 2]] [[""A"" 2]] [[""A"" 2]] [[""A"" 1]] [[""A"" 2]] [[""A"" 2]] [[""A"" 2]] [[""A"" 2]] [[""A"" 2]] [[""A"" 2]] [[""A"" 2]] [[""A"" 2]] [[""A"" 2]] [[""A"" 2]] [[""A"" 6]] [[""A"" 2]] [[""A"" 2]]]] [11 [[[""A"" 3]] [[""A"" 1]] [[""A"" 3]] [[""A"" 1]] [[""A"" 1]] [[""A"" 1]] [[""A"" 1]] [[""A"" 4]] [[""A"" 1]] [[""A"" 3]] [[""A"" 1]] [[""A"" 1]] [[""A"" 1]] [[""A"" 1]] [[""A"" 3]] [[""A"" 1]] [[""A"" 1]] [[""A"" 1]] [[""A"" 1]] [[""A"" 1]] [[""A"" 3]] [[""A"" 3]] [[""A"" 1]] [[""A"" 3]] [[""A"" 3]] [[""A"" 1]] [[""A"" 3]] [[""A"" 1]] [[""A"" 6]] [[""A"" 3]] [[""A"" 1]] [[""A"" 1]] [[""A"" 1]] [[""A"" 3]] [[""A"" 1]] [[""A"" 1]] [[""A"" 3]] [[""A"" 1]] [[""A"" 3]] [[""A"" 1]] [[""A"" 3]] [[""A"" 3]] [[""A"" 3]] [[""A"" 3]] [[""A"" 3]] [[""A"" 3]] [[""A"" 3]] [[""A"" 1]] [[""A"" 3]] [[""A"" 3]]]] [12 [[[""A"" 1]] [[""A"" 1]] [[""A"" 1]] [[""A"" 1]] [[""A"" 1]] [[""A"" 1]] [[""A"" 1]] [[""A"" 1]] [[""A"" 1]] [[""A"" 1]] [[""A"" 1]] [[""A"" 1]] [[""A"" 1]] [[""A"" 1]] [[""A"" 1]] [[""A"" 1]] [[""A"" 1]] [[""A"" 5]] [[""A"" 1]] [[""A"" 1]] [[""A"" 1]] [[""A"" 1]] [[""A"" 1]] [[""A"" 5]] [[""A"" 1]] [[""A"" 1]] [[""A"" 5]] [[""A"" 1]] [[""A"" 5]] [[""A"" 1]] [[""A"" 1]] [[""A"" 1]] [[""A"" 1]] [[""A"" 1]] [[""A"" 1]] [[""A"" 1]] [[""A"" 1]] [[""A"" 1]] [[""A"" 1]] [[""A"" 1]] [[""A"" 1]] [[""A"" 1]] [[""A"" 5]] [[""A"" 5]] [[""A"" 1]] [[""A"" 1]] [[""A"" 1]] [[""A"" 1]] [[""A"" 1]] [[""A"" 1]]]] [13 [[[""A"" 1]] [[""A"" 6]] [[""A"" 1]] [[""A"" 1]] [[""A"" 1]] [[""A"" 6]] [[""A"" 3]] [[""A"" 6]] [[""A"" 6]] [[""A"" 1]] [[""A"" 3]] [[""A"" 6]] [[""A"" 1]] [[""A"" 1]] [[""A"" 6]] [[""A"" 6]] [[""A"" 6]] [[""A"" 1]] [[""A"" 6]] [[""A"" 1]] [[""A"" 6]] [[""A"" 1]] [[""A"" 1]] [[""A"" 6]] [[""A"" 6]] [[""A"" 1]] [[""A"" 6]] [[""A"" 1]] [[""A"" 3]] [[""A"" 1]] [[""A"" 6]] [[""A"" 6]] [[""A"" 1]] [[""A"" 1]] [[""A"" 1]] [[""A"" 6]] [[""A"" 6]] [[""A"" 1]] [[""A"" 1]] [[""A"" 1]] [[""A"" 1]] [[""A"" 6]] [[""A"" 6]] [[""A"" 3]] [[""A"" 3]] [[""A"" 6]] [[""A"" 6]] [[""A"" 1]] [[""A"" 6]] [[""A"" 1]]]] [14 [[[""A"" 3]] [[""A"" 3]] [[""A"" 3]] [[""A"" 5]] [[""A"" 3]] [[""A"" 5]] [[""A"" 3]] [[""A"" 3]] [[""A"" 3]] [[""A"" 3]] [[""A"" 3]] [[""A"" 3]] [[""A"" 3]] [[""A"" 3]] [[""A"" 3]] [[""A"" 5]] [[""A"" 3]] [[""A"" 3]] [[""A"" 3]] [[""A"" 3]] [[""A"" 3]] [[""A"" 3]] [[""A"" 3]] [[""A"" 3]] [[""A"" 5]] [[""A"" 5]] [[""A"" 5]] [[""A"" 3]] [[""A"" 3]] [[""A"" 3]] [[""A"" 3]] [[""A"" 3]] [[""A"" 3]] [[""A"" 3]] [[""A"" 3]] [[""A"" 5]] [[""A"" 3]] [[""A"" 3]] [[""A"" 3]] [[""A"" 3]] [[""A"" 3]] [[""A"" 5]] [[""A"" 3]] [[""A"" 3]] [[""A"" 3]] [[""A"" 3]] [[""A"" 3]] [[""A"" 3]] [[""A"" 5]] [[""A"" 5]]]] [15 [[[""A"" 1]] [[""A"" 6]] [[""A"" 6]] [[""A"" 6]] [[""A"" 6]] [[""A"" 6]] [[""A"" 1]] [[""A"" 1]] [[""A"" 6]] [[""A"" 1]] [[""A"" 6]] [[""A"" 6]] [[""A"" 6]] [[""A"" 1]] [[""A"" 1]] [[""A"" 6]] [[""A"" 6]] [[""A"" 6]] [[""A"" 6]] [[""A"" 6]] [[""A"" 6]] [[""A"" 1]] [[""A"" 6]] [[""A"" 6]] [[""A"" 1]] [[""A"" 6]] [[""A"" 6]] [[""A"" 6]] [[""A"" 6]] [[""A"" 6]] [[""A"" 6]] [[""A"" 1]] [[""A"" 1]] [[""A"" 1]] [[""A"" 6]] [[""A"" 1]] [[""A"" 6]] [[""A"" 1]] [[""A"" 6]] [[""A"" 1]] [[""A"" 1]] [[""A"" 6]] [[""A"" 6]] [[""A"" 1]] [[""A"" 6]] [[""A"" 6]] [[""A"" 6]] [[""A"" 6]] [[""A"" 1]] [[""A"" 6]]]] [16 [[[""A"" 2]] [[""A"" 4]] [[""A"" 4]] [[""A"" 2]] [[""A"" 2]] [[""A"" 6]] [[""A"" 4]] [[""A"" 2]] [[""A"" 4]] [[""A"" 2]] [[""A"" 2]] [[""A"" 4]] [[""A"" 4]] [[""A"" 2]] [[""A"" 4]] [[""A"" 6]] [[""A"" 2]] [[""A"" 4]] [[""A"" 6]] [[""A"" 2]] [[""A"" 4]] [[""A"" 2]] [[""A"" 4]] [[""A"" 4]] [[""A"" 2]] [[""A"" 4]] [[""A"" 4]] [[""A"" 4]] [[""A"" 4]] [[""A"" 2]] [[""A"" 4]] [[""A"" 2]] [[""A"" 2]] [[""A"" 2]] [[""A"" 4]] [[""A"" 2]] [[""A"" 6]] [[""A"" 2]] [[""A"" 4]] [[""A"" 2]] [[""A"" 4]] [[""A"" 2]] [[""A"" 4]] [[""A"" 2]] [[""A"" 6]] [[""A"" 4]] [[""A"" 2]] [[""A"" 4]] [[""A"" 4]] [[""A"" 2]]]] [17 [[[""A"" 6]] [[""A"" 6]] [[""A"" 6]] [[""A"" 4]] [[""A"" 2]] [[""A"" 4]] [[""A"" 6]] [[""A"" 4]] [[""A"" 4]] [[""A"" 6]] [[""A"" 6]] [[""A"" 4]] [[""A"" 6]] [[""A"" 4]] [[""A"" 6]] [[""A"" 4]] [[""A"" 4]] [[""A"" 4]] [[""A"" 6]] [[""A"" 6]] [[""A"" 6]] [[""A"" 6]] [[""A"" 4]] [[""A"" 6]] [[""A"" 2]] [[""A"" 6]] [[""A"" 6]] [[""A"" 4]] [[""A"" 4]] [[""A"" 4]] [[""A"" 6]] [[""A"" 6]] [[""A"" 6]] [[""A"" 4]] [[""A"" 6]] [[""A"" 6]] [[""A"" 6]] [[""A"" 6]] [[""A"" 6]] [[""A"" 6]] [[""A"" 6]] [[""A"" 6]] [[""A"" 6]] [[""A"" 6]] [[""A"" 6]] [[""A"" 4]] [[""A"" 4]] [[""A"" 6]] [[""A"" 6]] [[""A"" 6]]]] [18 [[[""A"" 4]] [[""A"" 6]] [[""A"" 4]] [[""A"" 6]] [[""A"" 2]] [[""A"" 2]] [[""A"" 6]] [[""A"" 6]] [[""A"" 4]] [[""A"" 6]] [[""A"" 4]] [[""A"" 6]] [[""A"" 6]] [[""A"" 4]] [[""A"" 4]] [[""A"" 6]] [[""A"" 6]] [[""A"" 6]] [[""A"" 6]] [[""A"" 4]] [[""A"" 2]] [[""A"" 2]] [[""A"" 2]] [[""A"" 6]] [[""A"" 6]] [[""A"" 4]] [[""A"" 4]] [[""A"" 2]] [[""A"" 2]] [[""A"" 6]] [[""A"" 6]] [[""A"" 6]] [[""A"" 6]] [[""A"" 2]] [[""A"" 6]] [[""A"" 4]] [[""A"" 4]] [[""A"" 2]] [[""A"" 4]] [[""A"" 2]] [[""A"" 4]] [[""A"" 6]] [[""A"" 2]] [[""A"" 6]] [[""A"" 6]] [[""A"" 4]] [[""A"" 6]] [[""A"" 6]] [[""A"" 4]] [[""A"" 4]]]] [19 [[[""A"" 6]] [[""A"" 1]] [[""A"" 1]] [[""A"" 4]] [[""A"" 1]] [[""A"" 6]] [[""A"" 1]] [[""A"" 6]] [[""A"" 1]] [[""A"" 1]] [[""A"" 1]] [[""A"" 1]] [[""A"" 1]] [[""A"" 1]] [[""A"" 1]] [[""A"" 1]] [[""A"" 6]] [[""A"" 1]] [[""A"" 1]] [[""A"" 1]] [[""A"" 1]] [[""A"" 1]] [[""A"" 1]] [[""A"" 1]] [[""A"" 1]] [[""A"" 1]] [[""A"" 1]] [[""A"" 1]] [[""A"" 1]] [[""A"" 6]] [[""A"" 1]] [[""A"" 6]] [[""A"" 1]] [[""A"" 1]] [[""A"" 1]] [[""A"" 1]] [[""A"" 1]] [[""A"" 1]] [[""A"" 6]] [[""A"" 1]] [[""A"" 1]] [[""A"" 4]] [[""A"" 1]] [[""A"" 1]] [[""A"" 6]] [[""A"" 1]] [[""A"" 2]] [[""A"" 1]] [[""A"" 1]] [[""A"" 1]]]] [20 [[[""A"" 4]] [[""A"" 6]] [[""A"" 1]] [[""A"" 4]] [[""A"" 4]] [[""A"" 4]] [[""A"" 1]] [[""A"" 6]] [[""A"" 1]] [[""A"" 4]] [[""A"" 4]] [[""A"" 6]] [[""A"" 4]] [[""A"" 6]] [[""A"" 1]] [[""A"" 6]] [[""A"" 4]] [[""A"" 4]] [[""A"" 4]] [[""A"" 1]] [[""A"" 1]] [[""A"" 1]] [[""A"" 1]] [[""A"" 1]] [[""A"" 4]] [[""A"" 1]] [[""A"" 6]] [[""A"" 6]] [[""A"" 6]] [[""A"" 6]] [[""A"" 1]] [[""A"" 6]] [[""A"" 6]] [[""A"" 4]] [[""A"" 1]] [[""A"" 1]] [[""A"" 1]] [[""A"" 1]] [[""A"" 6]] [[""A"" 6]] [[""A"" 1]] [[""A"" 6]] [[""A"" 1]] [[""A"" 4]] [[""A"" 6]] [[""A"" 4]] [[""A"" 4]] [[""A"" 1]] [[""A"" 4]] [[""A"" 1]]]] [21 [[[""A"" 1]] [[""A"" 4]] [[""A"" 1]] [[""A"" 4]] [[""A"" 1]] [[""A"" 6]] [[""A"" 4]] [[""A"" 6]] [[""A"" 1]] [[""A"" 2]] [[""A"" 1]] [[""A"" 1]] [[""A"" 1]] [[""A"" 1]] [[""A"" 1]] [[""A"" 1]] [[""A"" 1]] [[""A"" 1]] [[""A"" 1]] [[""A"" 1]] [[""A"" 1]] [[""A"" 1]] [[""A"" 1]] [[""A"" 1]] [[""A"" 1]] [[""A"" 1]] [[""A"" 6]] [[""A"" 1]] [[""A"" 1]] [[""A"" 4]] [[""A"" 1]] [[""A"" 4]] [[""A"" 1]] [[""A"" 1]] [[""A"" 1]] [[""A"" 1]] [[""A"" 1]] [[""A"" 1]] [[""A"" 1]] [[""A"" 1]] [[""A"" 1]] [[""A"" 6]] [[""A"" 1]] [[""A"" 1]] [[""A"" 6]] [[""A"" 1]] [[""A"" 1]] [[""A"" 1]] [[""A"" 1]] [[""A"" 1]]]] [22 [[[""A"" 1]] [[""A"" 6]] [[""A"" 6]] [[""A"" 1]] [[""A"" 1]] [[""A"" 1]] [[""A"" 6]] [[""A"" 6]] [[""A"" 1]] [[""A"" 1]] [[""A"" 1]] [[""A"" 1]] [[""A"" 1]] [[""A"" 1]] [[""A"" 6]] [[""A"" 1]] [[""A"" 1]] [[""A"" 1]] [[""A"" 1]] [[""A"" 1]] [[""A"" 1]] [[""A"" 1]] [[""A"" 6]] [[""A"" 6]] [[""A"" 1]] [[""A"" 1]] [[""A"" 1]] [[""A"" 6]] [[""A"" 1]] [[""A"" 1]] [[""A"" 1]] [[""A"" 6]] [[""A"" 1]] [[""A"" 6]] [[""A"" 6]] [[""A"" 1]] [[""A"" 1]] [[""A"" 1]] [[""A"" 1]] [[""A"" 1]] [[""A"" 1]] [[""A"" 6]] [[""A"" 1]] [[""A"" 1]] [[""A"" 6]] [[""A"" 1]] [[""A"" 1]] [[""A"" 1]] [[""A"" 1]] [[""A"" 1]]]] [23 [[[""A"" 2]] [[""A"" 5]] [[""A"" 5]] [[""A"" 5]] [[""A"" 5]] [[""A"" 5]] [[""A"" 5]] [[""A"" 5]] [[""A"" 5]] [[""A"" 5]] [[""A"" 5]] [[""A"" 5]] [[""A"" 5]] [[""A"" 5]] [[""A"" 5]] [[""A"" 5]] [[""A"" 5]] [[""A"" 0]] [[""A"" 5]] [[""A"" 5]] [[""A"" 5]] [[""A"" 5]] [[""A"" 5]] [[""A"" 5]] [[""A"" 5]] [[""A"" 5]] [[""A"" 0]] [[""A"" 5]] [[""A"" 5]] [[""A"" 5]] [[""A"" 0]] [[""A"" 5]] [[""A"" 5]] [[""A"" 5]] [[""A"" 5]] [[""A"" 5]] [[""A"" 5]] [[""A"" 5]] [[""A"" 0]] [[""A"" 5]] [[""A"" 6]] [[""A"" 5]] [[""A"" 2]] [[""A"" 5]] [[""A"" 5]] [[""A"" 5]] [[""A"" 5]] [[""A"" 2]] [[""A"" 0]] [[""A"" 5]]]] [24 [[[""A"" 1]] [[""A"" 6]] [[""A"" 6]] [[""A"" 1]] [[""A"" 6]] [[""A"" 6]] [[""A"" 6]] [[""A"" 6]] [[""A"" 6]] [[""A"" 6]] [[""A"" 6]] [[""A"" 6]] [[""A"" 1]] [[""A"" 6]] [[""A"" 6]] [[""A"" 6]] [[""A"" 6]] [[""A"" 1]] [[""A"" 0]] [[""A"" 6]] [[""A"" 1]] [[""A"" 6]] [[""A"" 6]] [[""A"" 6]] [[""A"" 6]] [[""A"" 6]] [[""A"" 1]] [[""A"" 6]] [[""A"" 6]] [[""A"" 6]] [[""A"" 1]] [[""A"" 6]] [[""A"" 6]] [[""A"" 6]] [[""A"" 6]] [[""A"" 6]] [[""A"" 6]] [[""A"" 1]] [[""A"" 1]] [[""A"" 1]] [[""A"" 6]] [[""A"" 6]] [[""A"" 6]] [[""A"" 6]] [[""A"" 6]] [[""A"" 6]] [[""A"" 0]] [[""A"" 1]] [[""A"" 1]] [[""A"" 6]]]] [25 [[[""A"" 5]] [[""A"" 5]] [[""A"" 5]] [[""A"" 5]] [[""A"" 5]] [[""A"" 5]] [[""A"" 5]] [[""A"" 5]] [[""A"" 5]] [[""A"" 5]] [[""A"" 5]] [[""A"" 5]] [[""A"" 5]] [[""A"" 5]] [[""A"" 5]] [[""A"" 2]] [[""A"" 5]] [[""A"" 5]] [[""A"" 5]] [[""A"" 5]] [[""A"" 2]] [[""A"" 5]] [[""A"" 5]] [[""A"" 5]] [[""A"" 5]] [[""A"" 2]] [[""A"" 2]] [[""A"" 5]] [[""A"" 5]] [[""A"" 5]] [[""A"" 5]] [[""A"" 5]] [[""A"" 5]] [[""A"" 5]] [[""A"" 5]] [[""A"" 5]] [[""A"" 2]] [[""A"" 2]] [[""A"" 2]] [[""A"" 2]] [[""A"" 5]] [[""A"" 5]] [[""A"" 2]] [[""A"" 5]] [[""A"" 5]] [[""A"" 5]] [[""A"" 2]] [[""A"" 5]] [[""A"" 2]] [[""A"" 5]]]] [26 [[[""A"" 3]] [[""A"" 3]] [[""A"" 6]] [[""A"" 3]] [[""A"" 6]] [[""A"" 3]] [[""A"" 3]] [[""A"" 6]] [[""A"" 3]] [[""A"" 3]] [[""A"" 3]] [[""A"" 3]] [[""A"" 3]] [[""A"" 3]] [[""A"" 3]] [[""A"" 3]] [[""A"" 3]] [[""A"" 6]] [[""A"" 3]] [[""A"" 6]] [[""A"" 3]] [[""A"" 6]] [[""A"" 3]] [[""A"" 3]] [[""A"" 3]] [[""A"" 6]] [[""A"" 3]] [[""A"" 3]] [[""A"" 3]] [[""A"" 3]] [[""A"" 6]] [[""A"" 3]] [[""A"" 3]] [[""A"" 6]] [[""A"" 3]] [[""A"" 3]] [[""A"" 3]] [[""A"" 3]] [[""A"" 3]] [[""A"" 3]] [[""A"" 6]] [[""A"" 3]] [[""A"" 6]] [[""A"" 6]] [[""A"" 3]] [[""A"" 3]] [[""A"" 3]] [[""A"" 3]] [[""A"" 2]] [[""A"" 6]]]] [27 [[[""A"" 5]] [[""A"" 6]] [[""A"" 5]] [[""A"" 5]] [[""A"" 5]] [[""A"" 5]] [[""A"" 5]] [[""A"" 5]] [[""A"" 2]] [[""A"" 5]] [[""A"" 5]] [[""A"" 5]] [[""A"" 5]] [[""A"" 5]] [[""A"" 5]] [[""A"" 5]] [[""A"" 5]] [[""A"" 5]] [[""A"" 5]] [[""A"" 5]] [[""A"" 5]] [[""A"" 5]] [[""A"" 5]] [[""A"" 5]] [[""A"" 5]] [[""A"" 5]] [[""A"" 5]] [[""A"" 5]] [[""A"" 5]] [[""A"" 5]] [[""A"" 5]] [[""A"" 5]] [[""A"" 5]] [[""A"" 6]] [[""A"" 5]] [[""A"" 5]] [[""A"" 5]] [[""A"" 5]] [[""A"" 5]] [[""A"" 2]] [[""A"" 5]] [[""A"" 5]] [[""A"" 5]] [[""A"" 6]] [[""A"" 5]] [[""A"" 5]] [[""A"" 5]] [[""A"" 5]] [[""A"" 5]] [[""A"" 5]]]] [28 [[[""A"" 1]] [[""A"" 1]] [[""A"" 5]] [[""A"" 2]] [[""A"" 1]] [[""A"" 5]] [[""A"" 1]] [[""A"" 1]] [[""A"" 2]] [[""A"" 1]] [[""A"" 1]] [[""A"" 1]] [[""A"" 1]] [[""A"" 1]] [[""A"" 5]] [[""A"" 5]] [[""A"" 1]] [[""A"" 1]] [[""A"" 5]] [[""A"" 1]] [[""A"" 5]] [[""A"" 5]] [[""A"" 1]] [[""A"" 1]] [[""A"" 5]] [[""A"" 1]] [[""A"" 1]] [[""A"" 5]] [[""A"" 1]] [[""A"" 1]] [[""A"" 1]] [[""A"" 1]] [[""A"" 5]] [[""A"" 5]] [[""A"" 1]] [[""A"" 5]] [[""A"" 1]] [[""A"" 2]] [[""A"" 1]] [[""A"" 1]] [[""A"" 5]] [[""A"" 1]] [[""A"" 1]] [[""A"" 5]] [[""A"" 5]] [[""A"" 1]] [[""A"" 1]] [[""A"" 1]] [[""A"" 1]] [[""A"" 5]]]] [29 [[[""A"" 6]] [[""A"" 6]] [[""A"" 2]] [[""A"" 4]] [[""A"" 4]] [[""A"" 4]] [[""A"" 2]] [[""A"" 6]] [[""A"" 4]] [[""A"" 2]] [[""A"" 4]] [[""A"" 2]] [[""A"" 4]] [[""A"" 6]] [[""A"" 6]] [[""A"" 4]] [[""A"" 4]] [[""A"" 2]] [[""A"" 2]] [[""A"" 4]] [[""A"" 2]] [[""A"" 2]] [[""A"" 2]] [[""A"" 2]] [[""A"" 2]] [[""A"" 2]] [[""A"" 2]] [[""A"" 6]] [[""A"" 2]] [[""A"" 2]] [[""A"" 4]] [[""A"" 2]] [[""A"" 6]] [[""A"" 2]] [[""A"" 2]] [[""A"" 6]] [[""A"" 2]] [[""A"" 6]] [[""A"" 4]] [[""A"" 2]] [[""A"" 6]] [[""A"" 2]] [[""A"" 2]] [[""A"" 6]] [[""A"" 2]] [[""A"" 2]] [[""A"" 2]] [[""A"" 2]] [[""A"" 2]] [[""A"" 6]]]] [30 [[[""A"" 2]] [[""A"" 5]] [[""A"" 5]] [[""A"" 5]] [[""A"" 5]] [[""A"" 0]] [[""A"" 5]] [[""A"" 5]] [[""A"" 5]] [[""A"" 2]] [[""A"" 0]] [[""A"" 5]] [[""A"" 0]] [[""A"" 5]] [[""A"" 2]] [[""A"" 2]] [[""A"" 5]] [[""A"" 5]] [[""A"" 2]] [[""A"" 5]] [[""A"" 5]] [[""A"" 5]] [[""A"" 0]] [[""A"" 0]] [[""A"" 0]] [[""A"" 5]] [[""A"" 0]] [[""A"" 2]] [[""A"" 0]] [[""A"" 0]] [[""A"" 5]] [[""A"" 5]] [[""A"" 0]] [[""A"" 0]] [[""A"" 2]] [[""A"" 5]] [[""A"" 2]] [[""A"" 5]] [[""A"" 5]] [[""A"" 2]] [[""A"" 0]] [[""A"" 5]] [[""A"" 0]] [[""A"" 5]] [[""A"" 5]] [[""A"" 0]] [[""A"" 5]] [[""A"" 5]] [[""A"" 0]] [[""A"" 5]]]] [31 [[[""A"" 1]] [[""A"" 6]] [[""A"" 6]] [[""A"" 6]] [[""A"" 6]] [[""A"" 6]] [[""A"" 6]] [[""A"" 6]] [[""A"" 6]] [[""A"" 1]] [[""A"" 6]] [[""A"" 6]] [[""A"" 1]] [[""A"" 6]] [[""A"" 6]] [[""A"" 1]] [[""A"" 6]] [[""A"" 6]] [[""A"" 1]] [[""A"" 6]] [[""A"" 6]] [[""A"" 6]] [[""A"" 1]] [[""A"" 1]] [[""A"" 6]] [[""A"" 6]] [[""A"" 1]] [[""A"" 1]] [[""A"" 6]] [[""A"" 1]] [[""A"" 6]] [[""A"" 6]] [[""A"" 6]] [[""A"" 1]] [[""A"" 1]] [[""A"" 6]] [[""A"" 6]] [[""A"" 6]] [[""A"" 6]] [[""A"" 1]] [[""A"" 1]] [[""A"" 6]] [[""A"" 1]] [[""A"" 6]] [[""A"" 6]] [[""A"" 1]] [[""A"" 6]] [[""A"" 6]] [[""A"" 1]] [[""A"" 6]]]] [32 [[[""A"" 6]] [[""A"" 1]] [[""A"" 1]] [[""A"" 6]] [[""A"" 6]] [[""A"" 6]] [[""A"" 1]] [[""A"" 1]] [[""A"" 1]] [[""A"" 1]] [[""A"" 6]] [[""A"" 6]] [[""A"" 6]] [[""A"" 6]] [[""A"" 1]] [[""A"" 6]] [[""A"" 6]] [[""A"" 6]] [[""A"" 1]] [[""A"" 6]] [[""A"" 6]] [[""A"" 1]] [[""A"" 6]] [[""A"" 6]] [[""A"" 1]] [[""A"" 1]] [[""A"" 1]] [[""A"" 1]] [[""A"" 6]] [[""A"" 6]] [[""A"" 1]] [[""A"" 1]] [[""A"" 1]] [[""A"" 1]] [[""A"" 1]] [[""A"" 1]] [[""A"" 6]] [[""A"" 1]] [[""A"" 4]] [[""A"" 1]] [[""A"" 1]] [[""A"" 6]] [[""A"" 6]] [[""A"" 1]] [[""A"" 6]] [[""A"" 1]] [[""A"" 1]] [[""A"" 6]] [[""A"" 1]] [[""A"" 1]]]] [33 [[[""A"" 2]] [[""A"" 1]] [[""A"" 1]] [[""A"" 4]] [[""A"" 4]] [[""A"" 2]] [[""A"" 1]] [[""A"" 1]] [[""A"" 4]] [[""A"" 4]] [[""A"" 4]] [[""A"" 4]] [[""A"" 2]] [[""A"" 4]] [[""A"" 4]] [[""A"" 4]] [[""A"" 4]] [[""A"" 4]] [[""A"" 4]] [[""A"" 4]] [[""A"" 4]] [[""A"" 4]] [[""A"" 4]] [[""A"" 4]] [[""A"" 1]] [[""A"" 1]] [[""A"" 4]] [[""A"" 1]] [[""A"" 4]] [[""A"" 1]] [[""A"" 4]] [[""A"" 4]] [[""A"" 1]] [[""A"" 4]] [[""A"" 1]] [[""A"" 4]] [[""A"" 2]] [[""A"" 1]] [[""A"" 4]] [[""A"" 1]] [[""A"" 1]] [[""A"" 2]] [[""A"" 1]] [[""A"" 1]] [[""A"" 2]] [[""A"" 4]] [[""A"" 4]] [[""A"" 4]] [[""A"" 1]] [[""A"" 4]]]] [34 [[[""A"" 5]] [[""A"" 1]] [[""A"" 1]] [[""A"" 5]] [[""A"" 5]] [[""A"" 1]] [[""A"" 1]] [[""A"" 5]] [[""A"" 6]] [[""A"" 5]] [[""A"" 1]] [[""A"" 5]] [[""A"" 5]] [[""A"" 5]] [[""A"" 1]] [[""A"" 1]] [[""A"" 1]] [[""A"" 5]] [[""A"" 5]] [[""A"" 5]] [[""A"" 1]] [[""A"" 1]] [[""A"" 5]] [[""A"" 1]] [[""A"" 5]] [[""A"" 1]] [[""A"" 5]] [[""A"" 4]] [[""A"" 5]] [[""A"" 1]] [[""A"" 5]] [[""A"" 5]] [[""A"" 1]] [[""A"" 5]] [[""A"" 1]] [[""A"" 5]] [[""A"" 1]] [[""A"" 5]] [[""A"" 5]] [[""A"" 5]] [[""A"" 1]] [[""A"" 5]] [[""A"" 5]] [[""A"" 5]] [[""A"" 5]] [[""A"" 5]] [[""A"" 5]] [[""A"" 1]] [[""A"" 5]] [[""A"" 1]]]] [35 [[[""A"" 6]] [[""A"" 0]] [[""A"" 2]] [[""A"" 2]] [[""A"" 6]] [[""A"" 2]] [[""A"" 2]] [[""A"" 6]] [[""A"" 6]] [[""A"" 2]] [[""A"" 2]] [[""A"" 0]] [[""A"" 4]] [[""A"" 2]] [[""A"" 4]] [[""A"" 4]] [[""A"" 0]] [[""A"" 4]] [[""A"" 6]] [[""A"" 2]] [[""A"" 6]] [[""A"" 2]] [[""A"" 2]] [[""A"" 0]] [[""A"" 0]] [[""A"" 2]] [[""A"" 6]] [[""A"" 4]] [[""A"" 2]] [[""A"" 6]] [[""A"" 0]] [[""A"" 0]] [[""A"" 2]] [[""A"" 6]] [[""A"" 0]] [[""A"" 2]] [[""A"" 0]] [[""A"" 6]] [[""A"" 4]] [[""A"" 2]] [[""A"" 2]] [[""A"" 4]] [[""A"" 2]] [[""A"" 2]] [[""A"" 2]] [[""A"" 6]] [[""A"" 6]] [[""A"" 6]] [[""A"" 2]] [[""A"" 4]]]] [36 [[[""A"" 5]] [[""A"" 5]] [[""A"" 3]] [[""A"" 1]] [[""A"" 3]] [[""A"" 1]] [[""A"" 1]] [[""A"" 1]] [[""A"" 5]] [[""A"" 3]] [[""A"" 3]] [[""A"" 1]] [[""A"" 1]] [[""A"" 3]] [[""A"" 1]] [[""A"" 1]] [[""A"" 3]] [[""A"" 1]] [[""A"" 5]] [[""A"" 1]] [[""A"" 1]] [[""A"" 1]] [[""A"" 1]] [[""A"" 3]] [[""A"" 5]] [[""A"" 5]] [[""A"" 5]] [[""A"" 5]] [[""A"" 5]] [[""A"" 3]] [[""A"" 1]] [[""A"" 1]] [[""A"" 5]] [[""A"" 5]] [[""A"" 5]] [[""A"" 5]] [[""A"" 3]] [[""A"" 5]] [[""A"" 3]] [[""A"" 1]] [[""A"" 3]] [[""A"" 1]] [[""A"" 3]] [[""A"" 3]] [[""A"" 3]] [[""A"" 5]] [[""A"" 5]] [[""A"" 1]] [[""A"" 5]] [[""A"" 3]]]] [37 [[[""A"" 6]] [[""A"" 4]] [[""A"" 4]] [[""A"" 4]] [[""A"" 4]] [[""A"" 4]] [[""A"" 4]] [[""A"" 1]] [[""A"" 4]] [[""A"" 4]] [[""A"" 4]] [[""A"" 4]] [[""A"" 4]] [[""A"" 4]] [[""A"" 4]] [[""A"" 1]] [[""A"" 4]] [[""A"" 4]] [[""A"" 4]] [[""A"" 4]] [[""A"" 1]] [[""A"" 1]] [[""A"" 4]] [[""A"" 1]] [[""A"" 4]] [[""A"" 4]] [[""A"" 1]] [[""A"" 1]] [[""A"" 4]] [[""A"" 1]] [[""A"" 4]] [[""A"" 4]] [[""A"" 4]] [[""A"" 1]] [[""A"" 4]] [[""A"" 4]] [[""A"" 4]] [[""A"" 4]] [[""A"" 1]] [[""A"" 1]] [[""A"" 4]] [[""A"" 4]] [[""A"" 4]] [[""A"" 1]] [[""A"" 4]] [[""A"" 4]] [[""A"" 1]] [[""A"" 1]] [[""A"" 1]] [[""A"" 4]]]] [38 [[[""A"" 2]] [[""A"" 2]] [[""A"" 2]] [[""A"" 2]] [[""A"" 2]] [[""A"" 2]] [[""A"" 4]] [[""A"" 4]] [[""A"" 4]] [[""A"" 2]] [[""A"" 4]] [[""A"" 4]] [[""A"" 4]] [[""A"" 4]] [[""A"" 2]] [[""A"" 2]] [[""A"" 4]] [[""A"" 2]] [[""A"" 2]] [[""A"" 2]] [[""A"" 4]] [[""A"" 2]] [[""A"" 4]] [[""A"" 2]] [[""A"" 2]] [[""A"" 2]] [[""A"" 2]] [[""A"" 2]] [[""A"" 4]] [[""A"" 4]] [[""A"" 2]] [[""A"" 2]] [[""A"" 2]] [[""A"" 2]] [[""A"" 2]] [[""A"" 2]] [[""A"" 2]] [[""A"" 2]] [[""A"" 2]] [[""A"" 4]] [[""A"" 2]] [[""A"" 2]] [[""A"" 2]] [[""A"" 2]] [[""A"" 2]] [[""A"" 4]] [[""A"" 2]] [[""A"" 2]] [[""A"" 2]] [[""A"" 2]]]] [39 [[[""A"" 0]] [[""A"" 5]] [[""A"" 2]] [[""A"" 0]] [[""A"" 5]] [[""A"" 5]] [[""A"" 5]] [[""A"" 5]] [[""A"" 2]] [[""A"" 0]] [[""A"" 0]] [[""A"" 0]] [[""A"" 5]] [[""A"" 5]] [[""A"" 5]] [[""A"" 2]] [[""A"" 0]] [[""A"" 5]] [[""A"" 0]] [[""A"" 0]] [[""A"" 5]] [[""A"" 2]] [[""A"" 5]] [[""A"" 5]] [[""A"" 0]] [[""A"" 5]] [[""A"" 0]] [[""A"" 5]] [[""A"" 0]] [[""A"" 0]] [[""A"" 2]] [[""A"" 2]] [[""A"" 2]] [[""A"" 0]] [[""A"" 2]] [[""A"" 5]] [[""A"" 5]] [[""A"" 5]] [[""A"" 5]] [[""A"" 0]] [[""A"" 0]] [[""A"" 0]] [[""A"" 5]] [[""A"" 5]] [[""A"" 2]] [[""A"" 5]] [[""A"" 5]] [[""A"" 2]] [[""A"" 2]] [[""A"" 0]]]] [40 [[[""A"" 2]] [[""A"" 6]] [[""A"" 2]] [[""A"" 2]] [[""A"" 2]] [[""A"" 2]] [[""A"" 6]] [[""A"" 6]] [[""A"" 2]] [[""A"" 2]] [[""A"" 4]] [[""A"" 6]] [[""A"" 6]] [[""A"" 6]] [[""A"" 2]] [[""A"" 6]] [[""A"" 2]] [[""A"" 2]] [[""A"" 2]] [[""A"" 2]] [[""A"" 6]] [[""A"" 6]] [[""A"" 6]] [[""A"" 6]] [[""A"" 6]] [[""A"" 6]] [[""A"" 6]] [[""A"" 6]] [[""A"" 6]] [[""A"" 6]] [[""A"" 2]] [[""A"" 2]] [[""A"" 2]] [[""A"" 2]] [[""A"" 6]] [[""A"" 2]] [[""A"" 6]] [[""A"" 6]] [[""A"" 6]] [[""A"" 6]] [[""A"" 2]] [[""A"" 2]] [[""A"" 6]] [[""A"" 6]] [[""A"" 6]] [[""A"" 6]] [[""A"" 6]] [[""A"" 2]] [[""A"" 6]] [[""A"" 2]]]] [41 [[[""A"" 4]] [[""A"" 4]] [[""A"" 2]] [[""A"" 2]] [[""A"" 2]] [[""A"" 2]] [[""A"" 4]] [[""A"" 4]] [[""A"" 2]] [[""A"" 2]] [[""A"" 2]] [[""A"" 2]] [[""A"" 4]] [[""A"" 2]] [[""A"" 4]] [[""A"" 2]] [[""A"" 2]] [[""A"" 2]] [[""A"" 4]] [[""A"" 4]] [[""A"" 2]] [[""A"" 2]] [[""A"" 2]] [[""A"" 2]] [[""A"" 2]] [[""A"" 2]] [[""A"" 2]] [[""A"" 4]] [[""A"" 2]] [[""A"" 2]] [[""A"" 2]] [[""A"" 2]] [[""A"" 2]] [[""A"" 2]] [[""A"" 2]] [[""A"" 2]] [[""A"" 4]] [[""A"" 4]] [[""A"" 2]] [[""A"" 2]] [[""A"" 2]] [[""A"" 2]] [[""A"" 4]] [[""A"" 2]] [[""A"" 2]] [[""A"" 6]] [[""A"" 4]] [[""A"" 4]] [[""A"" 2]] [[""A"" 2]]]] [42 [[[""A"" 5]] [[""A"" 5]] [[""A"" 1]] [[""A"" 1]] [[""A"" 5]] [[""A"" 1]] [[""A"" 1]] [[""A"" 1]] [[""A"" 1]] [[""A"" 1]] [[""A"" 1]] [[""A"" 1]] [[""A"" 2]] [[""A"" 5]] [[""A"" 5]] [[""A"" 1]] [[""A"" 5]] [[""A"" 1]] [[""A"" 1]] [[""A"" 5]] [[""A"" 1]] [[""A"" 5]] [[""A"" 1]] [[""A"" 1]] [[""A"" 1]] [[""A"" 5]] [[""A"" 1]] [[""A"" 2]] [[""A"" 1]] [[""A"" 1]] [[""A"" 1]] [[""A"" 5]] [[""A"" 1]] [[""A"" 5]] [[""A"" 1]] [[""A"" 1]] [[""A"" 5]] [[""A"" 1]] [[""A"" 1]] [[""A"" 1]] [[""A"" 1]] [[""A"" 1]] [[""A"" 2]] [[""A"" 5]] [[""A"" 1]] [[""A"" 5]] [[""A"" 5]] [[""A"" 1]] [[""A"" 1]] [[""A"" 5]]]] [43 [[[""A"" 2]] [[""A"" 2]] [[""A"" 2]] [[""A"" 2]] [[""A"" 6]] [[""A"" 2]] [[""A"" 2]] [[""A"" 2]] [[""A"" 2]] [[""A"" 2]] [[""A"" 2]] [[""A"" 2]] [[""A"" 6]] [[""A"" 2]] [[""A"" 2]] [[""A"" 2]] [[""A"" 2]] [[""A"" 2]] [[""A"" 2]] [[""A"" 6]] [[""A"" 2]] [[""A"" 6]] [[""A"" 2]] [[""A"" 2]] [[""A"" 2]] [[""A"" 2]] [[""A"" 6]] [[""A"" 2]] [[""A"" 2]] [[""A"" 2]] [[""A"" 2]] [[""A"" 6]] [[""A"" 2]] [[""A"" 2]] [[""A"" 2]] [[""A"" 2]] [[""A"" 2]] [[""A"" 2]] [[""A"" 2]] [[""A"" 2]] [[""A"" 2]] [[""A"" 2]] [[""A"" 6]] [[""A"" 6]] [[""A"" 2]] [[""A"" 6]] [[""A"" 2]] [[""A"" 2]] [[""A"" 2]] [[""A"" 6]]]] [44 [[[""A"" 1]] [[""A"" 1]] [[""A"" 1]] [[""A"" 1]] [[""A"" 1]] [[""A"" 1]] [[""A"" 1]] [[""A"" 1]] [[""A"" 1]] [[""A"" 2]] [[""A"" 1]] [[""A"" 1]] [[""A"" 1]] [[""A"" 1]] [[""A"" 1]] [[""A"" 1]] [[""A"" 1]] [[""A"" 1]] [[""A"" 1]] [[""A"" 4]] [[""A"" 1]] [[""A"" 4]] [[""A"" 1]] [[""A"" 1]] [[""A"" 1]] [[""A"" 1]] [[""A"" 1]] [[""A"" 1]] [[""A"" 1]] [[""A"" 1]] [[""A"" 1]] [[""A"" 1]] [[""A"" 1]] [[""A"" 1]] [[""A"" 1]] [[""A"" 1]] [[""A"" 4]] [[""A"" 1]] [[""A"" 1]] [[""A"" 1]] [[""A"" 1]] [[""A"" 1]] [[""A"" 6]] [[""A"" 4]] [[""A"" 1]] [[""A"" 6]] [[""A"" 1]] [[""A"" 1]] [[""A"" 1]] [[""A"" 1]]]] [45 [[[""A"" 1]] [[""A"" 1]] [[""A"" 4]] [[""A"" 1]] [[""A"" 1]] [[""A"" 4]] [[""A"" 1]] [[""A"" 4]] [[""A"" 1]] [[""A"" 4]] [[""A"" 1]] [[""A"" 4]] [[""A"" 1]] [[""A"" 4]] [[""A"" 4]] [[""A"" 4]] [[""A"" 4]] [[""A"" 4]] [[""A"" 4]] [[""A"" 4]] [[""A"" 4]] [[""A"" 4]] [[""A"" 1]] [[""A"" 4]] [[""A"" 4]] [[""A"" 4]] [[""A"" 4]] [[""A"" 4]] [[""A"" 4]] [[""A"" 4]] [[""A"" 1]] [[""A"" 1]] [[""A"" 4]] [[""A"" 4]] [[""A"" 4]] [[""A"" 4]] [[""A"" 4]] [[""A"" 4]] [[""A"" 4]] [[""A"" 4]] [[""A"" 4]] [[""A"" 1]] [[""A"" 4]] [[""A"" 4]] [[""A"" 4]] [[""A"" 4]] [[""A"" 4]] [[""A"" 4]] [[""A"" 4]] [[""A"" 4]]]] [46 [[[""A"" 3]] [[""A"" 6]] [[""A"" 3]] [[""A"" 3]] [[""A"" 3]] [[""A"" 2]] [[""A"" 3]] [[""A"" 3]] [[""A"" 3]] [[""A"" 3]] [[""A"" 3]] [[""A"" 3]] [[""A"" 3]] [[""A"" 3]] [[""A"" 3]] [[""A"" 3]] [[""A"" 3]] [[""A"" 3]] [[""A"" 3]] [[""A"" 3]] [[""A"" 3]] [[""A"" 3]] [[""A"" 3]] [[""A"" 3]] [[""A"" 3]] [[""A"" 3]] [[""A"" 3]] [[""A"" 3]] [[""A"" 3]] [[""A"" 6]] [[""A"" 3]] [[""A"" 3]] [[""A"" 3]] [[""A"" 3]] [[""A"" 6]] [[""A"" 3]] [[""A"" 6]] [[""A"" 3]] [[""A"" 3]] [[""A"" 6]] [[""A"" 3]] [[""A"" 3]] [[""A"" 3]] [[""A"" 6]] [[""A"" 3]] [[""A"" 3]] [[""A"" 6]] [[""A"" 3]] [[""A"" 3]] [[""A"" 6]]]] [47 [[[""A"" 4]] [[""A"" 6]] [[""A"" 2]] [[""A"" 6]] [[""A"" 4]] [[""A"" 4]] [[""A"" 6]] [[""A"" 2]] [[""A"" 2]] [[""A"" 4]] [[""A"" 4]] [[""A"" 4]] [[""A"" 4]] [[""A"" 6]] [[""A"" 2]] [[""A"" 6]] [[""A"" 4]] [[""A"" 4]] [[""A"" 4]] [[""A"" 4]] [[""A"" 6]] [[""A"" 4]] [[""A"" 4]] [[""A"" 4]] [[""A"" 4]] [[""A"" 4]] [[""A"" 4]] [[""A"" 4]] [[""A"" 4]] [[""A"" 4]] [[""A"" 4]] [[""A"" 4]] [[""A"" 2]] [[""A"" 4]] [[""A"" 6]] [[""A"" 4]] [[""A"" 6]] [[""A"" 2]] [[""A"" 6]] [[""A"" 4]] [[""A"" 6]] [[""A"" 4]] [[""A"" 4]] [[""A"" 6]] [[""A"" 2]] [[""A"" 6]] [[""A"" 4]] [[""A"" 2]] [[""A"" 4]] [[""A"" 6]]]] [48 [[[""A"" 2]] [[""A"" 0]] [[""A"" 0]] [[""A"" 0]] [[""A"" 6]] [[""A"" 0]] [[""A"" 0]] [[""A"" 0]] [[""A"" 0]] [[""A"" 2]] [[""A"" 6]] [[""A"" 2]] [[""A"" 6]] [[""A"" 0]] [[""A"" 2]] [[""A"" 0]] [[""A"" 0]] [[""A"" 0]] [[""A"" 4]] [[""A"" 2]] [[""A"" 6]] [[""A"" 2]] [[""A"" 6]] [[""A"" 0]] [[""A"" 6]] [[""A"" 2]] [[""A"" 0]] [[""A"" 2]] [[""A"" 0]] [[""A"" 2]] [[""A"" 2]] [[""A"" 6]] [[""A"" 0]] [[""A"" 0]] [[""A"" 4]] [[""A"" 2]] [[""A"" 0]] [[""A"" 0]] [[""A"" 6]] [[""A"" 2]] [[""A"" 0]] [[""A"" 2]] [[""A"" 0]] [[""A"" 6]] [[""A"" 0]] [[""A"" 6]] [[""A"" 4]] [[""A"" 0]] [[""A"" 0]] [[""A"" 4]]]] [49 [[[""A"" 1]] [[""A"" 1]] [[""A"" 1]] [[""A"" 1]] [[""A"" 5]] [[""A"" 1]] [[""A"" 1]] [[""A"" 1]] [[""A"" 1]] [[""A"" 1]] [[""A"" 5]] [[""A"" 1]] [[""A"" 1]] [[""A"" 1]] [[""A"" 1]] [[""A"" 1]] [[""A"" 1]] [[""A"" 1]] [[""A"" 5]] [[""A"" 5]] [[""A"" 5]] [[""A"" 1]] [[""A"" 5]] [[""A"" 1]] [[""A"" 5]] [[""A"" 1]] [[""A"" 1]] [[""A"" 1]] [[""A"" 1]] [[""A"" 1]] [[""A"" 1]] [[""A"" 5]] [[""A"" 1]] [[""A"" 1]] [[""A"" 5]] [[""A"" 1]] [[""A"" 1]] [[""A"" 1]] [[""A"" 5]] [[""A"" 1]] [[""A"" 1]] [[""A"" 1]] [[""A"" 1]] [[""A"" 5]] [[""A"" 1]] [[""A"" 5]] [[""A"" 5]] [[""A"" 1]] [[""A"" 1]] [[""A"" 5]]]] [50 [[[""A"" 3]] [[""A"" 3]] [[""A"" 3]] [[""A"" 1]] [[""A"" 3]] [[""A"" 1]] [[""A"" 3]] [[""A"" 3]] [[""A"" 1]] [[""A"" 1]] [[""A"" 3]] [[""A"" 1]] [[""A"" 3]] [[""A"" 3]] [[""A"" 1]] [[""A"" 3]] [[""A"" 3]] [[""A"" 3]] [[""A"" 3]] [[""A"" 3]] [[""A"" 3]] [[""A"" 1]] [[""A"" 3]] [[""A"" 1]] [[""A"" 3]] [[""A"" 1]] [[""A"" 3]] [[""A"" 1]] [[""A"" 4]] [[""A"" 1]] [[""A"" 3]] [[""A"" 3]] [[""A"" 1]] [[""A"" 3]] [[""A"" 3]] [[""A"" 1]] [[""A"" 3]] [[""A"" 1]] [[""A"" 3]] [[""A"" 3]] [[""A"" 3]] [[""A"" 1]] [[""A"" 3]] [[""A"" 1]] [[""A"" 1]] [[""A"" 3]] [[""A"" 0]] [[""A"" 1]] [[""A"" 3]] [[""A"" 3]]]] [51 [[[""A"" 5]] [[""A"" 5]] [[""A"" 3]] [[""A"" 3]] [[""A"" 5]] [[""A"" 3]] [[""A"" 5]] [[""A"" 5]] [[""A"" 5]] [[""A"" 3]] [[""A"" 5]] [[""A"" 3]] [[""A"" 3]] [[""A"" 5]] [[""A"" 5]] [[""A"" 5]] [[""A"" 5]] [[""A"" 5]] [[""A"" 5]] [[""A"" 5]] [[""A"" 3]] [[""A"" 3]] [[""A"" 3]] [[""A"" 5]] [[""A"" 5]] [[""A"" 3]] [[""A"" 5]] [[""A"" 3]] [[""A"" 3]] [[""A"" 3]] [[""A"" 5]] [[""A"" 3]] [[""A"" 5]] [[""A"" 5]] [[""A"" 3]] [[""A"" 5]] [[""A"" 3]] [[""A"" 3]] [[""A"" 3]] [[""A"" 3]] [[""A"" 3]] [[""A"" 3]] [[""A"" 5]] [[""A"" 3]] [[""A"" 5]] [[""A"" 5]] [[""A"" 3]] [[""A"" 3]] [[""A"" 3]] [[""A"" 3]]]] [52 [[[""A"" 5]] [[""A"" 5]] [[""A"" 5]] [[""A"" 5]] [[""A"" 5]] [[""A"" 2]] [[""A"" 5]] [[""A"" 5]] [[""A"" 5]] [[""A"" 5]] [[""A"" 5]] [[""A"" 5]] [[""A"" 5]] [[""A"" 5]] [[""A"" 5]] [[""A"" 5]] [[""A"" 5]] [[""A"" 5]] [[""A"" 2]] [[""A"" 5]] [[""A"" 2]] [[""A"" 5]] [[""A"" 5]] [[""A"" 5]] [[""A"" 5]] [[""A"" 5]] [[""A"" 1]] [[""A"" 5]] [[""A"" 5]] [[""A"" 5]] [[""A"" 5]] [[""A"" 5]] [[""A"" 5]] [[""A"" 5]] [[""A"" 5]] [[""A"" 2]] [[""A"" 5]] [[""A"" 5]] [[""A"" 5]] [[""A"" 5]] [[""A"" 5]] [[""A"" 5]] [[""A"" 6]] [[""A"" 5]] [[""A"" 2]] [[""A"" 5]] [[""A"" 5]] [[""A"" 5]] [[""A"" 5]] [[""A"" 5]]]] [53 [[[""A"" 6]] [[""A"" 4]] [[""A"" 4]] [[""A"" 4]] [[""A"" 1]] [[""A"" 1]] [[""A"" 1]] [[""A"" 1]] [[""A"" 6]] [[""A"" 6]] [[""A"" 6]] [[""A"" 4]] [[""A"" 1]] [[""A"" 4]] [[""A"" 4]] [[""A"" 6]] [[""A"" 6]] [[""A"" 1]] [[""A"" 4]] [[""A"" 4]] [[""A"" 1]] [[""A"" 4]] [[""A"" 1]] [[""A"" 6]] [[""A"" 1]] [[""A"" 1]] [[""A"" 1]] [[""A"" 6]] [[""A"" 4]] [[""A"" 1]] [[""A"" 1]] [[""A"" 6]] [[""A"" 4]] [[""A"" 6]] [[""A"" 1]] [[""A"" 1]] [[""A"" 6]] [[""A"" 6]] [[""A"" 1]] [[""A"" 4]] [[""A"" 4]] [[""A"" 6]] [[""A"" 4]] [[""A"" 4]] [[""A"" 4]] [[""A"" 6]] [[""A"" 4]] [[""A"" 4]] [[""A"" 1]] [[""A"" 1]]]] [54 [[[""A"" 6]] [[""A"" 2]] [[""A"" 2]] [[""A"" 2]] [[""A"" 0]] [[""A"" 2]] [[""A"" 2]] [[""A"" 6]] [[""A"" 6]] [[""A"" 6]] [[""A"" 6]] [[""A"" 6]] [[""A"" 2]] [[""A"" 2]] [[""A"" 6]] [[""A"" 3]] [[""A"" 6]] [[""A"" 6]] [[""A"" 6]] [[""A"" 6]] [[""A"" 6]] [[""A"" 6]] [[""A"" 2]] [[""A"" 6]] [[""A"" 2]] [[""A"" 2]] [[""A"" 2]] [[""A"" 6]] [[""A"" 6]] [[""A"" 6]] [[""A"" 2]] [[""A"" 6]] [[""A"" 6]] [[""A"" 6]] [[""A"" 6]] [[""A"" 6]] [[""A"" 6]] [[""A"" 6]] [[""A"" 2]] [[""A"" 6]] [[""A"" 2]] [[""A"" 6]] [[""A"" 6]] [[""A"" 2]] [[""A"" 2]] [[""A"" 6]] [[""A"" 6]] [[""A"" 6]] [[""A"" 2]] [[""A"" 6]]]] [55 [[[""A"" 5]] [[""A"" 1]] [[""A"" 5]] [[""A"" 5]] [[""A"" 5]] [[""A"" 5]] [[""A"" 5]] [[""A"" 5]] [[""A"" 5]] [[""A"" 5]] [[""A"" 5]] [[""A"" 5]] [[""A"" 5]] [[""A"" 1]] [[""A"" 5]] [[""A"" 1]] [[""A"" 5]] [[""A"" 5]] [[""A"" 5]] [[""A"" 5]] [[""A"" 5]] [[""A"" 5]] [[""A"" 5]] [[""A"" 5]] [[""A"" 1]] [[""A"" 5]] [[""A"" 5]] [[""A"" 5]] [[""A"" 5]] [[""A"" 5]] [[""A"" 5]] [[""A"" 5]] [[""A"" 5]] [[""A"" 5]] [[""A"" 5]] [[""A"" 5]] [[""A"" 5]] [[""A"" 5]] [[""A"" 5]] [[""A"" 5]] [[""A"" 1]] [[""A"" 5]] [[""A"" 5]] [[""A"" 1]] [[""A"" 5]] [[""A"" 5]] [[""A"" 5]] [[""A"" 5]] [[""A"" 5]] [[""A"" 5]]]] [56 [[[""A"" 5]] [[""A"" 1]] [[""A"" 5]] [[""A"" 1]] [[""A"" 1]] [[""A"" 5]] [[""A"" 1]] [[""A"" 5]] [[""A"" 1]] [[""A"" 1]] [[""A"" 1]] [[""A"" 5]] [[""A"" 5]] [[""A"" 1]] [[""A"" 1]] [[""A"" 1]] [[""A"" 1]] [[""A"" 1]] [[""A"" 1]] [[""A"" 1]] [[""A"" 1]] [[""A"" 5]] [[""A"" 5]] [[""A"" 1]] [[""A"" 1]] [[""A"" 5]] [[""A"" 1]] [[""A"" 5]] [[""A"" 5]] [[""A"" 1]] [[""A"" 5]] [[""A"" 5]] [[""A"" 1]] [[""A"" 5]] [[""A"" 5]] [[""A"" 1]] [[""A"" 5]] [[""A"" 5]] [[""A"" 5]] [[""A"" 1]] [[""A"" 1]] [[""A"" 5]] [[""A"" 1]] [[""A"" 1]] [[""A"" 1]] [[""A"" 1]] [[""A"" 1]] [[""A"" 5]] [[""A"" 5]] [[""A"" 5]]]] [57 [[[""A"" 6]] [[""A"" 1]] [[""A"" 1]] [[""A"" 6]] [[""A"" 1]] [[""A"" 4]] [[""A"" 1]] [[""A"" 4]] [[""A"" 4]] [[""A"" 6]] [[""A"" 1]] [[""A"" 6]] [[""A"" 1]] [[""A"" 1]] [[""A"" 5]] [[""A"" 6]] [[""A"" 6]] [[""A"" 6]] [[""A"" 4]] [[""A"" 4]] [[""A"" 4]] [[""A"" 4]] [[""A"" 1]] [[""A"" 1]] [[""A"" 4]] [[""A"" 1]] [[""A"" 4]] [[""A"" 1]] [[""A"" 4]] [[""A"" 1]] [[""A"" 6]] [[""A"" 1]] [[""A"" 1]] [[""A"" 1]] [[""A"" 6]] [[""A"" 4]] [[""A"" 4]] [[""A"" 4]] [[""A"" 6]] [[""A"" 1]] [[""A"" 6]] [[""A"" 6]] [[""A"" 6]] [[""A"" 6]] [[""A"" 4]] [[""A"" 1]] [[""A"" 1]] [[""A"" 4]] [[""A"" 6]] [[""A"" 1]]]] [58 [[[""A"" 2]] [[""A"" 2]] [[""A"" 2]] [[""A"" 2]] [[""A"" 2]] [[""A"" 2]] [[""A"" 2]] [[""A"" 2]] [[""A"" 2]] [[""A"" 5]] [[""A"" 2]] [[""A"" 2]] [[""A"" 2]] [[""A"" 2]] [[""A"" 5]] [[""A"" 5]] [[""A"" 2]] [[""A"" 5]] [[""A"" 2]] [[""A"" 2]] [[""A"" 2]] [[""A"" 2]] [[""A"" 2]] [[""A"" 2]] [[""A"" 2]] [[""A"" 2]] [[""A"" 6]] [[""A"" 2]] [[""A"" 2]] [[""A"" 2]] [[""A"" 5]] [[""A"" 2]] [[""A"" 2]] [[""A"" 2]] [[""A"" 5]] [[""A"" 2]] [[""A"" 5]] [[""A"" 2]] [[""A"" 2]] [[""A"" 2]] [[""A"" 5]] [[""A"" 5]] [[""A"" 2]] [[""A"" 2]] [[""A"" 2]] [[""A"" 2]] [[""A"" 2]] [[""A"" 2]] [[""A"" 5]] [[""A"" 2]]]] [59 [[[""A"" 2]] [[""A"" 2]] [[""A"" 6]] [[""A"" 2]] [[""A"" 2]] [[""A"" 2]] [[""A"" 2]] [[""A"" 2]] [[""A"" 2]] [[""A"" 2]] [[""A"" 2]] [[""A"" 2]] [[""A"" 2]] [[""A"" 2]] [[""A"" 2]] [[""A"" 2]] [[""A"" 6]] [[""A"" 6]] [[""A"" 2]] [[""A"" 6]] [[""A"" 6]] [[""A"" 2]] [[""A"" 2]] [[""A"" 2]] [[""A"" 2]] [[""A"" 2]] [[""A"" 2]] [[""A"" 2]] [[""A"" 6]] [[""A"" 2]] [[""A"" 2]] [[""A"" 2]] [[""A"" 2]] [[""A"" 2]] [[""A"" 6]] [[""A"" 6]] [[""A"" 2]] [[""A"" 6]] [[""A"" 6]] [[""A"" 2]] [[""A"" 6]] [[""A"" 2]] [[""A"" 2]] [[""A"" 2]] [[""A"" 2]] [[""A"" 1]] [[""A"" 2]] [[""A"" 2]] [[""A"" 2]] [[""A"" 2]]]] [60 [[[""A"" 0]] [[""A"" 0]] [[""A"" 3]] [[""A"" 3]] [[""A"" 0]] [[""A"" 3]] [[""A"" 3]] [[""A"" 0]] [[""A"" 3]] [[""A"" 3]] [[""A"" 3]] [[""A"" 0]] [[""A"" 3]] [[""A"" 3]] [[""A"" 0]] [[""A"" 0]] [[""A"" 4]] [[""A"" 0]] [[""A"" 3]] [[""A"" 3]] [[""A"" 0]] [[""A"" 3]] [[""A"" 0]] [[""A"" 0]] [[""A"" 0]] [[""A"" 3]] [[""A"" 3]] [[""A"" 3]] [[""A"" 3]] [[""A"" 3]] [[""A"" 3]] [[""A"" 0]] [[""A"" 0]] [[""A"" 3]] [[""A"" 6]] [[""A"" 0]] [[""A"" 0]] [[""A"" 0]] [[""A"" 3]] [[""A"" 3]] [[""A"" 0]] [[""A"" 3]] [[""A"" 1]] [[""A"" 3]] [[""A"" 0]] [[""A"" 3]] [[""A"" 0]] [[""A"" 3]] [[""A"" 0]] [[""A"" 0]]]] [61 [[[""A"" 2]] [[""A"" 2]] [[""A"" 2]] [[""A"" 5]] [[""A"" 2]] [[""A"" 5]] [[""A"" 2]] [[""A"" 2]] [[""A"" 5]] [[""A"" 2]] [[""A"" 5]] [[""A"" 2]] [[""A"" 2]] [[""A"" 2]] [[""A"" 2]] [[""A"" 2]] [[""A"" 5]] [[""A"" 2]] [[""A"" 2]] [[""A"" 2]] [[""A"" 2]] [[""A"" 2]] [[""A"" 2]] [[""A"" 2]] [[""A"" 2]] [[""A"" 2]] [[""A"" 2]] [[""A"" 5]] [[""A"" 2]] [[""A"" 2]] [[""A"" 5]] [[""A"" 2]] [[""A"" 2]] [[""A"" 2]] [[""A"" 5]] [[""A"" 2]] [[""A"" 2]] [[""A"" 2]] [[""A"" 5]] [[""A"" 2]] [[""A"" 2]] [[""A"" 5]] [[""A"" 2]] [[""A"" 5]] [[""A"" 2]] [[""A"" 5]] [[""A"" 2]] [[""A"" 2]] [[""A"" 2]] [[""A"" 2]]]] [62 [[[""A"" 4]] [[""A"" 1]] [[""A"" 1]] [[""A"" 6]] [[""A"" 2]] [[""A"" 1]] [[""A"" 1]] [[""A"" 4]] [[""A"" 4]] [[""A"" 1]] [[""A"" 4]] [[""A"" 4]] [[""A"" 4]] [[""A"" 1]] [[""A"" 1]] [[""A"" 1]] [[""A"" 4]] [[""A"" 1]] [[""A"" 1]] [[""A"" 4]] [[""A"" 1]] [[""A"" 4]] [[""A"" 1]] [[""A"" 1]] [[""A"" 1]] [[""A"" 1]] [[""A"" 1]] [[""A"" 4]] [[""A"" 1]] [[""A"" 1]] [[""A"" 6]] [[""A"" 1]] [[""A"" 1]] [[""A"" 1]] [[""A"" 1]] [[""A"" 1]] [[""A"" 1]] [[""A"" 4]] [[""A"" 1]] [[""A"" 4]] [[""A"" 4]] [[""A"" 6]] [[""A"" 1]] [[""A"" 1]] [[""A"" 1]] [[""A"" 4]] [[""A"" 1]] [[""A"" 1]] [[""A"" 1]] [[""A"" 1]]]] [63 [[[""A"" 0]] [[""A"" 2]] [[""A"" 2]] [[""A"" 6]] [[""A"" 0]] [[""A"" 2]] [[""A"" 2]] [[""A"" 2]] [[""A"" 0]] [[""A"" 2]] [[""A"" 6]] [[""A"" 2]] [[""A"" 2]] [[""A"" 2]] [[""A"" 2]] [[""A"" 2]] [[""A"" 2]] [[""A"" 2]] [[""A"" 2]] [[""A"" 2]] [[""A"" 0]] [[""A"" 2]] [[""A"" 4]] [[""A"" 2]] [[""A"" 2]] [[""A"" 2]] [[""A"" 2]] [[""A"" 6]] [[""A"" 2]] [[""A"" 2]] [[""A"" 2]] [[""A"" 2]] [[""A"" 2]] [[""A"" 2]] [[""A"" 2]] [[""A"" 4]] [[""A"" 2]] [[""A"" 0]] [[""A"" 2]] [[""A"" 2]] [[""A"" 2]] [[""A"" 2]] [[""A"" 2]] [[""A"" 0]] [[""A"" 2]] [[""A"" 2]] [[""A"" 2]] [[""A"" 0]] [[""A"" 2]] [[""A"" 2]]]] [64 [[[""A"" 1]] [[""A"" 1]] [[""A"" 1]] [[""A"" 5]] [[""A"" 1]] [[""A"" 1]] [[""A"" 1]] [[""A"" 1]] [[""A"" 1]] [[""A"" 1]] [[""A"" 1]] [[""A"" 1]] [[""A"" 1]] [[""A"" 1]] [[""A"" 1]] [[""A"" 1]] [[""A"" 1]] [[""A"" 1]] [[""A"" 1]] [[""A"" 1]] [[""A"" 1]] [[""A"" 1]] [[""A"" 1]] [[""A"" 1]] [[""A"" 1]] [[""A"" 1]] [[""A"" 1]] [[""A"" 5]] [[""A"" 1]] [[""A"" 1]] [[""A"" 1]] [[""A"" 1]] [[""A"" 1]] [[""A"" 1]] [[""A"" 1]] [[""A"" 1]] [[""A"" 1]] [[""A"" 1]] [[""A"" 1]] [[""A"" 1]] [[""A"" 1]] [[""A"" 1]] [[""A"" 1]] [[""A"" 1]] [[""A"" 1]] [[""A"" 1]] [[""A"" 1]] [[""A"" 1]] [[""A"" 1]] [[""A"" 1]]]] [65 [[[""A"" 2]] [[""A"" 2]] [[""A"" 2]] [[""A"" 4]] [[""A"" 2]] [[""A"" 2]] [[""A"" 2]] [[""A"" 2]] [[""A"" 2]] [[""A"" 2]] [[""A"" 2]] [[""A"" 2]] [[""A"" 2]] [[""A"" 2]] [[""A"" 2]] [[""A"" 2]] [[""A"" 2]] [[""A"" 2]] [[""A"" 2]] [[""A"" 2]] [[""A"" 2]] [[""A"" 2]] [[""A"" 2]] [[""A"" 2]] [[""A"" 2]] [[""A"" 2]] [[""A"" 2]] [[""A"" 4]] [[""A"" 2]] [[""A"" 2]] [[""A"" 2]] [[""A"" 2]] [[""A"" 2]] [[""A"" 2]] [[""A"" 2]] [[""A"" 2]] [[""A"" 2]] [[""A"" 2]] [[""A"" 2]] [[""A"" 2]] [[""A"" 2]] [[""A"" 2]] [[""A"" 2]] [[""A"" 2]] [[""A"" 2]] [[""A"" 2]] [[""A"" 2]] [[""A"" 2]] [[""A"" 2]] [[""A"" 2]]]] [66 [[[""A"" 2]] [[""A"" 2]] [[""A"" 2]] [[""A"" 2]] [[""A"" 0]] [[""A"" 6]] [[""A"" 0]] [[""A"" 0]] [[""A"" 2]] [[""A"" 0]] [[""A"" 6]] [[""A"" 2]] [[""A"" 4]] [[""A"" 2]] [[""A"" 2]] [[""A"" 2]] [[""A"" 4]] [[""A"" 0]] [[""A"" 6]] [[""A"" 4]] [[""A"" 4]] [[""A"" 2]] [[""A"" 2]] [[""A"" 6]] [[""A"" 6]] [[""A"" 6]] [[""A"" 2]] [[""A"" 2]] [[""A"" 2]] [[""A"" 2]] [[""A"" 2]] [[""A"" 2]] [[""A"" 2]] [[""A"" 2]] [[""A"" 6]] [[""A"" 2]] [[""A"" 6]] [[""A"" 2]] [[""A"" 2]] [[""A"" 4]] [[""A"" 2]] [[""A"" 0]] [[""A"" 4]] [[""A"" 6]] [[""A"" 6]] [[""A"" 2]] [[""A"" 0]] [[""A"" 0]] [[""A"" 2]] [[""A"" 2]]]] [67 [[[""A"" 5]] [[""A"" 1]] [[""A"" 5]] [[""A"" 3]] [[""A"" 1]] [[""A"" 3]] [[""A"" 5]] [[""A"" 3]] [[""A"" 3]] [[""A"" 1]] [[""A"" 5]] [[""A"" 5]] [[""A"" 5]] [[""A"" 5]] [[""A"" 5]] [[""A"" 3]] [[""A"" 5]] [[""A"" 3]] [[""A"" 5]] [[""A"" 5]] [[""A"" 3]] [[""A"" 3]] [[""A"" 1]] [[""A"" 5]] [[""A"" 5]] [[""A"" 5]] [[""A"" 5]] [[""A"" 3]] [[""A"" 5]] [[""A"" 3]] [[""A"" 5]] [[""A"" 3]] [[""A"" 5]] [[""A"" 5]] [[""A"" 3]] [[""A"" 1]] [[""A"" 5]] [[""A"" 3]] [[""A"" 5]] [[""A"" 5]] [[""A"" 1]] [[""A"" 5]] [[""A"" 5]] [[""A"" 5]] [[""A"" 3]] [[""A"" 5]] [[""A"" 5]] [[""A"" 5]] [[""A"" 5]] [[""A"" 5]]]] [68 [[[""A"" 6]] [[""A"" 6]] [[""A"" 6]] [[""A"" 1]] [[""A"" 1]] [[""A"" 1]] [[""A"" 6]] [[""A"" 6]] [[""A"" 6]] [[""A"" 6]] [[""A"" 2]] [[""A"" 1]] [[""A"" 6]] [[""A"" 6]] [[""A"" 6]] [[""A"" 1]] [[""A"" 6]] [[""A"" 1]] [[""A"" 6]] [[""A"" 6]] [[""A"" 6]] [[""A"" 1]] [[""A"" 6]] [[""A"" 6]] [[""A"" 6]] [[""A"" 1]] [[""A"" 1]] [[""A"" 6]] [[""A"" 1]] [[""A"" 1]] [[""A"" 2]] [[""A"" 1]] [[""A"" 6]] [[""A"" 1]] [[""A"" 6]] [[""A"" 1]] [[""A"" 6]] [[""A"" 1]] [[""A"" 1]] [[""A"" 5]] [[""A"" 1]] [[""A"" 1]] [[""A"" 1]] [[""A"" 6]] [[""A"" 1]] [[""A"" 6]] [[""A"" 6]] [[""A"" 6]] [[""A"" 6]] [[""A"" 1]]]] [69 [[[""A"" 6]] [[""A"" 6]] [[""A"" 6]] [[""A"" 6]] [[""A"" 6]] [[""A"" 1]] [[""A"" 6]] [[""A"" 1]] [[""A"" 1]] [[""A"" 6]] [[""A"" 6]] [[""A"" 1]] [[""A"" 6]] [[""A"" 6]] [[""A"" 6]] [[""A"" 1]] [[""A"" 6]] [[""A"" 1]] [[""A"" 4]] [[""A"" 6]] [[""A"" 6]] [[""A"" 6]] [[""A"" 6]] [[""A"" 6]] [[""A"" 6]] [[""A"" 1]] [[""A"" 6]] [[""A"" 1]] [[""A"" 6]] [[""A"" 6]] [[""A"" 1]] [[""A"" 6]] [[""A"" 4]] [[""A"" 1]] [[""A"" 1]] [[""A"" 1]] [[""A"" 6]] [[""A"" 1]] [[""A"" 1]] [[""A"" 1]] [[""A"" 6]] [[""A"" 6]] [[""A"" 1]] [[""A"" 6]] [[""A"" 6]] [[""A"" 4]] [[""A"" 6]] [[""A"" 6]] [[""A"" 1]] [[""A"" 1]]]] [70 [[[""A"" 5]] [[""A"" 5]] [[""A"" 5]] [[""A"" 5]] [[""A"" 5]] [[""A"" 1]] [[""A"" 5]] [[""A"" 1]] [[""A"" 1]] [[""A"" 5]] [[""A"" 1]] [[""A"" 1]] [[""A"" 5]] [[""A"" 5]] [[""A"" 1]] [[""A"" 5]] [[""A"" 1]] [[""A"" 1]] [[""A"" 1]] [[""A"" 1]] [[""A"" 1]] [[""A"" 1]] [[""A"" 1]] [[""A"" 5]] [[""A"" 4]] [[""A"" 5]] [[""A"" 5]] [[""A"" 1]] [[""A"" 5]] [[""A"" 1]] [[""A"" 5]] [[""A"" 5]] [[""A"" 5]] [[""A"" 5]] [[""A"" 5]] [[""A"" 5]] [[""A"" 1]] [[""A"" 5]] [[""A"" 1]] [[""A"" 5]] [[""A"" 1]] [[""A"" 5]] [[""A"" 1]] [[""A"" 5]] [[""A"" 5]] [[""A"" 1]] [[""A"" 1]] [[""A"" 5]] [[""A"" 5]] [[""A"" 1]]]] [71 [[[""A"" 1]] [[""A"" 1]] [[""A"" 1]] [[""A"" 1]] [[""A"" 1]] [[""A"" 1]] [[""A"" 5]] [[""A"" 1]] [[""A"" 1]] [[""A"" 1]] [[""A"" 1]] [[""A"" 1]] [[""A"" 5]] [[""A"" 1]] [[""A"" 1]] [[""A"" 1]] [[""A"" 1]] [[""A"" 5]] [[""A"" 1]] [[""A"" 5]] [[""A"" 1]] [[""A"" 5]] [[""A"" 1]] [[""A"" 5]] [[""A"" 1]] [[""A"" 1]] [[""A"" 5]] [[""A"" 1]] [[""A"" 5]] [[""A"" 1]] [[""A"" 1]] [[""A"" 1]] [[""A"" 5]] [[""A"" 5]] [[""A"" 1]] [[""A"" 1]] [[""A"" 5]] [[""A"" 1]] [[""A"" 1]] [[""A"" 5]] [[""A"" 1]] [[""A"" 5]] [[""A"" 1]] [[""A"" 5]] [[""A"" 2]] [[""A"" 1]] [[""A"" 4]] [[""A"" 5]] [[""A"" 1]] [[""A"" 5]]]] [72 [[[""A"" 1]] [[""A"" 1]] [[""A"" 1]] [[""A"" 1]] [[""A"" 1]] [[""A"" 6]] [[""A"" 6]] [[""A"" 1]] [[""A"" 1]] [[""A"" 1]] [[""A"" 1]] [[""A"" 1]] [[""A"" 6]] [[""A"" 6]] [[""A"" 1]] [[""A"" 1]] [[""A"" 1]] [[""A"" 6]] [[""A"" 1]] [[""A"" 1]] [[""A"" 1]] [[""A"" 6]] [[""A"" 6]] [[""A"" 1]] [[""A"" 6]] [[""A"" 1]] [[""A"" 6]] [[""A"" 1]] [[""A"" 6]] [[""A"" 1]] [[""A"" 6]] [[""A"" 6]] [[""A"" 6]] [[""A"" 1]] [[""A"" 1]] [[""A"" 6]] [[""A"" 6]] [[""A"" 1]] [[""A"" 6]] [[""A"" 6]] [[""A"" 1]] [[""A"" 6]] [[""A"" 1]] [[""A"" 6]] [[""A"" 1]] [[""A"" 6]] [[""A"" 1]] [[""A"" 6]] [[""A"" 1]] [[""A"" 6]]]] [73 [[[""A"" 0]] [[""A"" 0]] [[""A"" 0]] [[""A"" 0]] [[""A"" 0]] [[""A"" 5]] [[""A"" 5]] [[""A"" 0]] [[""A"" 0]] [[""A"" 0]] [[""A"" 5]] [[""A"" 5]] [[""A"" 5]] [[""A"" 0]] [[""A"" 5]] [[""A"" 0]] [[""A"" 0]] [[""A"" 0]] [[""A"" 5]] [[""A"" 0]] [[""A"" 0]] [[""A"" 5]] [[""A"" 5]] [[""A"" 0]] [[""A"" 5]] [[""A"" 0]] [[""A"" 5]] [[""A"" 0]] [[""A"" 5]] [[""A"" 0]] [[""A"" 5]] [[""A"" 5]] [[""A"" 5]] [[""A"" 0]] [[""A"" 5]] [[""A"" 0]] [[""A"" 5]] [[""A"" 0]] [[""A"" 0]] [[""A"" 5]] [[""A"" 0]] [[""A"" 0]] [[""A"" 0]] [[""A"" 5]] [[""A"" 0]] [[""A"" 5]] [[""A"" 0]] [[""A"" 0]] [[""A"" 0]] [[""A"" 5]]]] [74 [[[""A"" 1]] [[""A"" 1]] [[""A"" 1]] [[""A"" 1]] [[""A"" 1]] [[""A"" 4]] [[""A"" 4]] [[""A"" 1]] [[""A"" 1]] [[""A"" 1]] [[""A"" 4]] [[""A"" 4]] [[""A"" 4]] [[""A"" 2]] [[""A"" 4]] [[""A"" 1]] [[""A"" 1]] [[""A"" 2]] [[""A"" 4]] [[""A"" 1]] [[""A"" 1]] [[""A"" 4]] [[""A"" 4]] [[""A"" 1]] [[""A"" 4]] [[""A"" 1]] [[""A"" 4]] [[""A"" 1]] [[""A"" 4]] [[""A"" 1]] [[""A"" 4]] [[""A"" 4]] [[""A"" 4]] [[""A"" 1]] [[""A"" 4]] [[""A"" 1]] [[""A"" 4]] [[""A"" 1]] [[""A"" 1]] [[""A"" 4]] [[""A"" 1]] [[""A"" 1]] [[""A"" 1]] [[""A"" 4]] [[""A"" 1]] [[""A"" 4]] [[""A"" 1]] [[""A"" 1]] [[""A"" 1]] [[""A"" 4]]]] [75 [[[""A"" 4]] [[""A"" 2]] [[""A"" 2]] [[""A"" 2]] [[""A"" 4]] [[""A"" 2]] [[""A"" 2]] [[""A"" 2]] [[""A"" 2]] [[""A"" 2]] [[""A"" 2]] [[""A"" 4]] [[""A"" 2]] [[""A"" 2]] [[""A"" 6]] [[""A"" 2]] [[""A"" 4]] [[""A"" 2]] [[""A"" 4]] [[""A"" 4]] [[""A"" 4]] [[""A"" 6]] [[""A"" 2]] [[""A"" 4]] [[""A"" 2]] [[""A"" 2]] [[""A"" 6]] [[""A"" 2]] [[""A"" 6]] [[""A"" 2]] [[""A"" 2]] [[""A"" 2]] [[""A"" 4]] [[""A"" 2]] [[""A"" 2]] [[""A"" 2]] [[""A"" 4]] [[""A"" 2]] [[""A"" 2]] [[""A"" 2]] [[""A"" 2]] [[""A"" 2]] [[""A"" 2]] [[""A"" 6]] [[""A"" 2]] [[""A"" 2]] [[""A"" 2]] [[""A"" 2]] [[""A"" 2]] [[""A"" 2]]]] [76 [[[""A"" 6]] [[""A"" 6]] [[""A"" 6]] [[""A"" 6]] [[""A"" 6]] [[""A"" 6]] [[""A"" 6]] [[""A"" 6]] [[""A"" 6]] [[""A"" 6]] [[""A"" 6]] [[""A"" 6]] [[""A"" 6]] [[""A"" 6]] [[""A"" 6]] [[""A"" 6]] [[""A"" 6]] [[""A"" 6]] [[""A"" 6]] [[""A"" 6]] [[""A"" 6]] [[""A"" 6]] [[""A"" 6]] [[""A"" 6]] [[""A"" 6]] [[""A"" 6]] [[""A"" 6]] [[""A"" 6]] [[""A"" 6]] [[""A"" 6]] [[""A"" 6]] [[""A"" 6]] [[""A"" 6]] [[""A"" 6]] [[""A"" 6]] [[""A"" 6]] [[""A"" 6]] [[""A"" 6]] [[""A"" 6]] [[""A"" 6]] [[""A"" 6]] [[""A"" 6]] [[""A"" 6]] [[""A"" 5]] [[""A"" 6]] [[""A"" 6]] [[""A"" 6]] [[""A"" 6]] [[""A"" 2]] [[""A"" 6]]]] [77 [[[""A"" 4]] [[""A"" 4]] [[""A"" 4]] [[""A"" 4]] [[""A"" 4]] [[""A"" 4]] [[""A"" 4]] [[""A"" 4]] [[""A"" 4]] [[""A"" 4]] [[""A"" 4]] [[""A"" 4]] [[""A"" 4]] [[""A"" 4]] [[""A"" 4]] [[""A"" 4]] [[""A"" 4]] [[""A"" 4]] [[""A"" 4]] [[""A"" 4]] [[""A"" 4]] [[""A"" 4]] [[""A"" 4]] [[""A"" 4]] [[""A"" 4]] [[""A"" 4]] [[""A"" 4]] [[""A"" 4]] [[""A"" 4]] [[""A"" 4]] [[""A"" 4]] [[""A"" 4]] [[""A"" 4]] [[""A"" 4]] [[""A"" 4]] [[""A"" 4]] [[""A"" 4]] [[""A"" 4]] [[""A"" 4]] [[""A"" 4]] [[""A"" 4]] [[""A"" 4]] [[""A"" 4]] [[""A"" 4]] [[""A"" 4]] [[""A"" 4]] [[""A"" 2]] [[""A"" 4]] [[""A"" 4]] [[""A"" 4]]]] [78 [[[""A"" 2]] [[""A"" 6]] [[""A"" 6]] [[""A"" 6]] [[""A"" 6]] [[""A"" 2]] [[""A"" 2]] [[""A"" 2]] [[""A"" 2]] [[""A"" 2]] [[""A"" 6]] [[""A"" 6]] [[""A"" 2]] [[""A"" 2]] [[""A"" 6]] [[""A"" 2]] [[""A"" 6]] [[""A"" 6]] [[""A"" 2]] [[""A"" 6]] [[""A"" 6]] [[""A"" 2]] [[""A"" 6]] [[""A"" 6]] [[""A"" 2]] [[""A"" 6]] [[""A"" 6]] [[""A"" 2]] [[""A"" 6]] [[""A"" 6]] [[""A"" 2]] [[""A"" 6]] [[""A"" 6]] [[""A"" 6]] [[""A"" 2]] [[""A"" 6]] [[""A"" 6]] [[""A"" 2]] [[""A"" 2]] [[""A"" 6]] [[""A"" 2]] [[""A"" 2]] [[""A"" 5]] [[""A"" 2]] [[""A"" 2]] [[""A"" 2]] [[""A"" 2]] [[""A"" 6]] [[""A"" 2]] [[""A"" 2]]]] [79 [[[""A"" 4]] [[""A"" 4]] [[""A"" 4]] [[""A"" 1]] [[""A"" 1]] [[""A"" 1]] [[""A"" 1]] [[""A"" 4]] [[""A"" 1]] [[""A"" 4]] [[""A"" 1]] [[""A"" 1]] [[""A"" 1]] [[""A"" 1]] [[""A"" 4]] [[""A"" 1]] [[""A"" 4]] [[""A"" 4]] [[""A"" 4]] [[""A"" 4]] [[""A"" 4]] [[""A"" 1]] [[""A"" 4]] [[""A"" 1]] [[""A"" 4]] [[""A"" 1]] [[""A"" 4]] [[""A"" 1]] [[""A"" 1]] [[""A"" 1]] [[""A"" 4]] [[""A"" 6]] [[""A"" 1]] [[""A"" 6]] [[""A"" 1]] [[""A"" 4]] [[""A"" 1]] [[""A"" 1]] [[""A"" 1]] [[""A"" 4]] [[""A"" 4]] [[""A"" 1]] [[""A"" 1]] [[""A"" 4]] [[""A"" 1]] [[""A"" 1]] [[""A"" 1]] [[""A"" 4]] [[""A"" 1]] [[""A"" 1]]]] [80 [[[""A"" 4]] [[""A"" 1]] [[""A"" 4]] [[""A"" 1]] [[""A"" 4]] [[""A"" 1]] [[""A"" 4]] [[""A"" 4]] [[""A"" 1]] [[""A"" 4]] [[""A"" 4]] [[""A"" 4]] [[""A"" 1]] [[""A"" 4]] [[""A"" 1]] [[""A"" 1]] [[""A"" 4]] [[""A"" 1]] [[""A"" 4]] [[""A"" 4]] [[""A"" 1]] [[""A"" 1]] [[""A"" 4]] [[""A"" 1]] [[""A"" 1]] [[""A"" 1]] [[""A"" 4]] [[""A"" 4]] [[""A"" 1]] [[""A"" 1]] [[""A"" 1]] [[""A"" 4]] [[""A"" 4]] [[""A"" 4]] [[""A"" 4]] [[""A"" 1]] [[""A"" 4]] [[""A"" 1]] [[""A"" 1]] [[""A"" 4]] [[""A"" 4]] [[""A"" 1]] [[""A"" 4]] [[""A"" 4]] [[""A"" 4]] [[""A"" 4]] [[""A"" 4]] [[""A"" 5]] [[""A"" 1]] [[""A"" 1]]]] [81 [[[""A"" 4]] [[""A"" 1]] [[""A"" 1]] [[""A"" 1]] [[""A"" 1]] [[""A"" 1]] [[""A"" 1]] [[""A"" 1]] [[""A"" 1]] [[""A"" 1]] [[""A"" 1]] [[""A"" 4]] [[""A"" 1]] [[""A"" 1]] [[""A"" 1]] [[""A"" 1]] [[""A"" 1]] [[""A"" 1]] [[""A"" 1]] [[""A"" 1]] [[""A"" 1]] [[""A"" 1]] [[""A"" 1]] [[""A"" 1]] [[""A"" 1]] [[""A"" 1]] [[""A"" 4]] [[""A"" 1]] [[""A"" 4]] [[""A"" 1]] [[""A"" 1]] [[""A"" 1]] [[""A"" 1]] [[""A"" 2]] [[""A"" 1]] [[""A"" 1]] [[""A"" 1]] [[""A"" 1]] [[""A"" 1]] [[""A"" 1]] [[""A"" 1]] [[""A"" 1]] [[""A"" 1]] [[""A"" 4]] [[""A"" 1]] [[""A"" 1]] [[""A"" 4]] [[""A"" 4]] [[""A"" 4]] [[""A"" 1]]]] [82 [[[""A"" 4]] [[""A"" 1]] [[""A"" 1]] [[""A"" 1]] [[""A"" 1]] [[""A"" 1]] [[""A"" 1]] [[""A"" 1]] [[""A"" 1]] [[""A"" 1]] [[""A"" 1]] [[""A"" 4]] [[""A"" 1]] [[""A"" 1]] [[""A"" 1]] [[""A"" 1]] [[""A"" 1]] [[""A"" 1]] [[""A"" 1]] [[""A"" 4]] [[""A"" 1]] [[""A"" 1]] [[""A"" 1]] [[""A"" 1]] [[""A"" 1]] [[""A"" 1]] [[""A"" 6]] [[""A"" 1]] [[""A"" 1]] [[""A"" 1]] [[""A"" 1]] [[""A"" 1]] [[""A"" 1]] [[""A"" 1]] [[""A"" 1]] [[""A"" 1]] [[""A"" 1]] [[""A"" 1]] [[""A"" 1]] [[""A"" 1]] [[""A"" 1]] [[""A"" 4]] [[""A"" 1]] [[""A"" 1]] [[""A"" 1]] [[""A"" 1]] [[""A"" 6]] [[""A"" 6]] [[""A"" 1]] [[""A"" 1]]]] [83 [[[""A"" 3]] [[""A"" 3]] [[""A"" 3]] [[""A"" 3]] [[""A"" 3]] [[""A"" 3]] [[""A"" 3]] [[""A"" 3]] [[""A"" 0]] [[""A"" 3]] [[""A"" 3]] [[""A"" 3]] [[""A"" 3]] [[""A"" 3]] [[""A"" 2]] [[""A"" 3]] [[""A"" 3]] [[""A"" 3]] [[""A"" 3]] [[""A"" 3]] [[""A"" 3]] [[""A"" 3]] [[""A"" 3]] [[""A"" 3]] [[""A"" 3]] [[""A"" 3]] [[""A"" 3]] [[""A"" 3]] [[""A"" 3]] [[""A"" 3]] [[""A"" 2]] [[""A"" 3]] [[""A"" 3]] [[""A"" 0]] [[""A"" 3]] [[""A"" 3]] [[""A"" 3]] [[""A"" 3]] [[""A"" 3]] [[""A"" 3]] [[""A"" 0]] [[""A"" 3]] [[""A"" 3]] [[""A"" 3]] [[""A"" 3]] [[""A"" 3]] [[""A"" 4]] [[""A"" 2]] [[""A"" 3]] [[""A"" 3]]]] [84 [[[""A"" 1]] [[""A"" 1]] [[""A"" 1]] [[""A"" 1]] [[""A"" 1]] [[""A"" 1]] [[""A"" 1]] [[""A"" 1]] [[""A"" 1]] [[""A"" 1]] [[""A"" 1]] [[""A"" 1]] [[""A"" 1]] [[""A"" 1]] [[""A"" 1]] [[""A"" 1]] [[""A"" 1]] [[""A"" 1]] [[""A"" 1]] [[""A"" 1]] [[""A"" 1]] [[""A"" 1]] [[""A"" 1]] [[""A"" 1]] [[""A"" 1]] [[""A"" 1]] [[""A"" 1]] [[""A"" 1]] [[""A"" 1]] [[""A"" 1]] [[""A"" 1]] [[""A"" 1]] [[""A"" 1]] [[""A"" 1]] [[""A"" 1]] [[""A"" 1]] [[""A"" 1]] [[""A"" 1]] [[""A"" 1]] [[""A"" 1]] [[""A"" 1]] [[""A"" 1]] [[""A"" 1]] [[""A"" 1]] [[""A"" 1]] [[""A"" 1]] [[""A"" 1]] [[""A"" 1]] [[""A"" 1]] [[""A"" 1]]]] [85 [[[""A"" 2]] [[""A"" 2]] [[""A"" 2]] [[""A"" 2]] [[""A"" 2]] [[""A"" 2]] [[""A"" 1]] [[""A"" 2]] [[""A"" 2]] [[""A"" 2]] [[""A"" 2]] [[""A"" 2]] [[""A"" 2]] [[""A"" 2]] [[""A"" 2]] [[""A"" 1]] [[""A"" 2]] [[""A"" 2]] [[""A"" 2]] [[""A"" 2]] [[""A"" 2]] [[""A"" 2]] [[""A"" 2]] [[""A"" 2]] [[""A"" 2]] [[""A"" 2]] [[""A"" 2]] [[""A"" 2]] [[""A"" 2]] [[""A"" 2]] [[""A"" 2]] [[""A"" 2]] [[""A"" 2]] [[""A"" 2]] [[""A"" 2]] [[""A"" 2]] [[""A"" 2]] [[""A"" 2]] [[""A"" 2]] [[""A"" 2]] [[""A"" 2]] [[""A"" 2]] [[""A"" 2]] [[""A"" 2]] [[""A"" 2]] [[""A"" 2]] [[""A"" 2]] [[""A"" 2]] [[""A"" 2]] [[""A"" 2]]]] [86 [[[""A"" 2]] [[""A"" 2]] [[""A"" 2]] [[""A"" 2]] [[""A"" 2]] [[""A"" 2]] [[""A"" 2]] [[""A"" 2]] [[""A"" 2]] [[""A"" 2]] [[""A"" 2]] [[""A"" 2]] [[""A"" 2]] [[""A"" 2]] [[""A"" 2]] [[""A"" 2]] [[""A"" 2]] [[""A"" 4]] [[""A"" 2]] [[""A"" 2]] [[""A"" 2]] [[""A"" 2]] [[""A"" 2]] [[""A"" 2]] [[""A"" 2]] [[""A"" 2]] [[""A"" 2]] [[""A"" 2]] [[""A"" 2]] [[""A"" 2]] [[""A"" 2]] [[""A"" 2]] [[""A"" 2]] [[""A"" 2]] [[""A"" 2]] [[""A"" 2]] [[""A"" 2]] [[""A"" 2]] [[""A"" 2]] [[""A"" 2]] [[""A"" 2]] [[""A"" 2]] [[""A"" 2]] [[""A"" 2]] [[""A"" 2]] [[""A"" 2]] [[""A"" 2]] [[""A"" 2]] [[""A"" 2]] [[""A"" 2]]]] [87 [[[""A"" 5]] [[""A"" 1]] [[""A"" 1]] [[""A"" 1]] [[""A"" 1]] [[""A"" 1]] [[""A"" 5]] [[""A"" 1]] [[""A"" 5]] [[""A"" 1]] [[""A"" 5]] [[""A"" 1]] [[""A"" 5]] [[""A"" 5]] [[""A"" 1]] [[""A"" 5]] [[""A"" 5]] [[""A"" 5]] [[""A"" 1]] [[""A"" 1]] [[""A"" 1]] [[""A"" 1]] [[""A"" 1]] [[""A"" 1]] [[""A"" 1]] [[""A"" 1]] [[""A"" 5]] [[""A"" 1]] [[""A"" 1]] [[""A"" 5]] [[""A"" 1]] [[""A"" 5]] [[""A"" 1]] [[""A"" 1]] [[""A"" 1]] [[""A"" 1]] [[""A"" 1]] [[""A"" 1]] [[""A"" 1]] [[""A"" 1]] [[""A"" 5]] [[""A"" 1]] [[""A"" 1]] [[""A"" 1]] [[""A"" 1]] [[""A"" 1]] [[""A"" 0]] [[""A"" 5]] [[""A"" 1]] [[""A"" 5]]]] [88 [[[""A"" 4]] [[""A"" 2]] [[""A"" 2]] [[""A"" 4]] [[""A"" 4]] [[""A"" 4]] [[""A"" 4]] [[""A"" 4]] [[""A"" 6]] [[""A"" 4]] [[""A"" 6]] [[""A"" 4]] [[""A"" 4]] [[""A"" 4]] [[""A"" 4]] [[""A"" 6]] [[""A"" 6]] [[""A"" 6]] [[""A"" 4]] [[""A"" 2]] [[""A"" 2]] [[""A"" 2]] [[""A"" 2]] [[""A"" 2]] [[""A"" 4]] [[""A"" 4]] [[""A"" 6]] [[""A"" 2]] [[""A"" 4]] [[""A"" 6]] [[""A"" 2]] [[""A"" 4]] [[""A"" 2]] [[""A"" 4]] [[""A"" 2]] [[""A"" 4]] [[""A"" 2]] [[""A"" 0]] [[""A"" 4]] [[""A"" 0]] [[""A"" 4]] [[""A"" 2]] [[""A"" 4]] [[""A"" 2]] [[""A"" 0]] [[""A"" 2]] [[""A"" 2]] [[""A"" 6]] [[""A"" 4]] [[""A"" 4]]]] [89 [[[""A"" 2]] [[""A"" 6]] [[""A"" 4]] [[""A"" 6]] [[""A"" 6]] [[""A"" 6]] [[""A"" 6]] [[""A"" 6]] [[""A"" 6]] [[""A"" 2]] [[""A"" 2]] [[""A"" 2]] [[""A"" 2]] [[""A"" 6]] [[""A"" 2]] [[""A"" 2]] [[""A"" 2]] [[""A"" 6]] [[""A"" 2]] [[""A"" 2]] [[""A"" 2]] [[""A"" 6]] [[""A"" 2]] [[""A"" 2]] [[""A"" 6]] [[""A"" 2]] [[""A"" 2]] [[""A"" 2]] [[""A"" 2]] [[""A"" 6]] [[""A"" 6]] [[""A"" 2]] [[""A"" 6]] [[""A"" 2]] [[""A"" 6]] [[""A"" 2]] [[""A"" 6]] [[""A"" 2]] [[""A"" 2]] [[""A"" 2]] [[""A"" 6]] [[""A"" 6]] [[""A"" 2]] [[""A"" 2]] [[""A"" 2]] [[""A"" 6]] [[""A"" 2]] [[""A"" 2]] [[""A"" 2]] [[""A"" 6]]]] [90 [[[""A"" 1]] [[""A"" 6]] [[""A"" 1]] [[""A"" 6]] [[""A"" 1]] [[""A"" 6]] [[""A"" 1]] [[""A"" 1]] [[""A"" 6]] [[""A"" 1]] [[""A"" 1]] [[""A"" 1]] [[""A"" 1]] [[""A"" 6]] [[""A"" 1]] [[""A"" 1]] [[""A"" 1]] [[""A"" 6]] [[""A"" 6]] [[""A"" 2]] [[""A"" 1]] [[""A"" 1]] [[""A"" 6]] [[""A"" 1]] [[""A"" 1]] [[""A"" 1]] [[""A"" 6]] [[""A"" 1]] [[""A"" 1]] [[""A"" 6]] [[""A"" 1]] [[""A"" 1]] [[""A"" 1]] [[""A"" 1]] [[""A"" 1]] [[""A"" 1]] [[""A"" 6]] [[""A"" 1]] [[""A"" 1]] [[""A"" 1]] [[""A"" 6]] [[""A"" 4]] [[""A"" 1]] [[""A"" 1]] [[""A"" 1]] [[""A"" 1]] [[""A"" 1]] [[""A"" 1]] [[""A"" 1]] [[""A"" 4]]]] [91 [[[""A"" 6]] [[""A"" 6]] [[""A"" 2]] [[""A"" 6]] [[""A"" 2]] [[""A"" 6]] [[""A"" 2]] [[""A"" 2]] [[""A"" 6]] [[""A"" 6]] [[""A"" 6]] [[""A"" 6]] [[""A"" 2]] [[""A"" 6]] [[""A"" 2]] [[""A"" 2]] [[""A"" 6]] [[""A"" 6]] [[""A"" 6]] [[""A"" 6]] [[""A"" 2]] [[""A"" 2]] [[""A"" 6]] [[""A"" 6]] [[""A"" 2]] [[""A"" 2]] [[""A"" 6]] [[""A"" 6]] [[""A"" 6]] [[""A"" 2]] [[""A"" 2]] [[""A"" 6]] [[""A"" 6]] [[""A"" 2]] [[""A"" 2]] [[""A"" 6]] [[""A"" 6]] [[""A"" 2]] [[""A"" 6]] [[""A"" 2]] [[""A"" 6]] [[""A"" 6]] [[""A"" 6]] [[""A"" 6]] [[""A"" 2]] [[""A"" 2]] [[""A"" 6]] [[""A"" 2]] [[""A"" 2]] [[""A"" 6]]]] [92 [[[""A"" 1]] [[""A"" 5]] [[""A"" 1]] [[""A"" 5]] [[""A"" 1]] [[""A"" 5]] [[""A"" 1]] [[""A"" 1]] [[""A"" 5]] [[""A"" 5]] [[""A"" 5]] [[""A"" 5]] [[""A"" 1]] [[""A"" 5]] [[""A"" 1]] [[""A"" 1]] [[""A"" 6]] [[""A"" 5]] [[""A"" 5]] [[""A"" 5]] [[""A"" 1]] [[""A"" 1]] [[""A"" 5]] [[""A"" 1]] [[""A"" 1]] [[""A"" 1]] [[""A"" 5]] [[""A"" 1]] [[""A"" 1]] [[""A"" 1]] [[""A"" 1]] [[""A"" 5]] [[""A"" 5]] [[""A"" 1]] [[""A"" 1]] [[""A"" 5]] [[""A"" 1]] [[""A"" 1]] [[""A"" 5]] [[""A"" 1]] [[""A"" 5]] [[""A"" 5]] [[""A"" 1]] [[""A"" 1]] [[""A"" 1]] [[""A"" 1]] [[""A"" 1]] [[""A"" 1]] [[""A"" 1]] [[""A"" 5]]]] [93 [[[""A"" 2]] [[""A"" 3]] [[""A"" 5]] [[""A"" 5]] [[""A"" 5]] [[""A"" 3]] [[""A"" 2]] [[""A"" 0]] [[""A"" 5]] [[""A"" 2]] [[""A"" 5]] [[""A"" 5]] [[""A"" 5]] [[""A"" 2]] [[""A"" 5]] [[""A"" 5]] [[""A"" 5]] [[""A"" 5]] [[""A"" 5]] [[""A"" 3]] [[""A"" 2]] [[""A"" 0]] [[""A"" 5]] [[""A"" 5]] [[""A"" 5]] [[""A"" 5]] [[""A"" 2]] [[""A"" 5]] [[""A"" 5]] [[""A"" 5]] [[""A"" 2]] [[""A"" 5]] [[""A"" 5]] [[""A"" 5]] [[""A"" 2]] [[""A"" 5]] [[""A"" 5]] [[""A"" 2]] [[""A"" 5]] [[""A"" 5]] [[""A"" 5]] [[""A"" 5]] [[""A"" 2]] [[""A"" 0]] [[""A"" 5]] [[""A"" 0]] [[""A"" 0]] [[""A"" 5]] [[""A"" 0]] [[""A"" 5]]]] [94 [[[""A"" 3]] [[""A"" 3]] [[""A"" 3]] [[""A"" 3]] [[""A"" 3]] [[""A"" 3]] [[""A"" 3]] [[""A"" 3]] [[""A"" 3]] [[""A"" 3]] [[""A"" 3]] [[""A"" 3]] [[""A"" 3]] [[""A"" 3]] [[""A"" 3]] [[""A"" 3]] [[""A"" 3]] [[""A"" 3]] [[""A"" 3]] [[""A"" 3]] [[""A"" 3]] [[""A"" 3]] [[""A"" 3]] [[""A"" 3]] [[""A"" 6]] [[""A"" 3]] [[""A"" 3]] [[""A"" 3]] [[""A"" 3]] [[""A"" 3]] [[""A"" 3]] [[""A"" 3]] [[""A"" 3]] [[""A"" 3]] [[""A"" 3]] [[""A"" 3]] [[""A"" 3]] [[""A"" 3]] [[""A"" 6]] [[""A"" 3]] [[""A"" 6]] [[""A"" 3]] [[""A"" 3]] [[""A"" 3]] [[""A"" 6]] [[""A"" 3]] [[""A"" 3]] [[""A"" 3]] [[""A"" 3]] [[""A"" 3]]]] [95 [[[""A"" 2]] [[""A"" 2]] [[""A"" 4]] [[""A"" 4]] [[""A"" 2]] [[""A"" 2]] [[""A"" 4]] [[""A"" 4]] [[""A"" 2]] [[""A"" 4]] [[""A"" 4]] [[""A"" 2]] [[""A"" 4]] [[""A"" 4]] [[""A"" 2]] [[""A"" 2]] [[""A"" 2]] [[""A"" 4]] [[""A"" 2]] [[""A"" 4]] [[""A"" 2]] [[""A"" 2]] [[""A"" 4]] [[""A"" 4]] [[""A"" 4]] [[""A"" 4]] [[""A"" 4]] [[""A"" 4]] [[""A"" 4]] [[""A"" 2]] [[""A"" 4]] [[""A"" 2]] [[""A"" 4]] [[""A"" 4]] [[""A"" 2]] [[""A"" 4]] [[""A"" 2]] [[""A"" 2]] [[""A"" 6]] [[""A"" 4]] [[""A"" 6]] [[""A"" 2]] [[""A"" 4]] [[""A"" 4]] [[""A"" 4]] [[""A"" 2]] [[""A"" 4]] [[""A"" 2]] [[""A"" 4]] [[""A"" 4]]]] [96 [[[""A"" 2]] [[""A"" 5]] [[""A"" 2]] [[""A"" 5]] [[""A"" 5]] [[""A"" 0]] [[""A"" 0]] [[""A"" 5]] [[""A"" 0]] [[""A"" 5]] [[""A"" 0]] [[""A"" 5]] [[""A"" 5]] [[""A"" 0]] [[""A"" 0]] [[""A"" 0]] [[""A"" 0]] [[""A"" 0]] [[""A"" 5]] [[""A"" 2]] [[""A"" 5]] [[""A"" 5]] [[""A"" 5]] [[""A"" 5]] [[""A"" 0]] [[""A"" 0]] [[""A"" 0]] [[""A"" 5]] [[""A"" 2]] [[""A"" 0]] [[""A"" 0]] [[""A"" 0]] [[""A"" 5]] [[""A"" 0]] [[""A"" 5]] [[""A"" 5]] [[""A"" 5]] [[""A"" 2]] [[""A"" 5]] [[""A"" 5]] [[""A"" 0]] [[""A"" 5]] [[""A"" 2]] [[""A"" 5]] [[""A"" 5]] [[""A"" 5]] [[""A"" 5]] [[""A"" 0]] [[""A"" 0]] [[""A"" 0]]]] [97 [[[""A"" 5]] [[""A"" 5]] [[""A"" 5]] [[""A"" 5]] [[""A"" 5]] [[""A"" 5]] [[""A"" 5]] [[""A"" 5]] [[""A"" 1]] [[""A"" 5]] [[""A"" 1]] [[""A"" 5]] [[""A"" 5]] [[""A"" 5]] [[""A"" 1]] [[""A"" 5]] [[""A"" 1]] [[""A"" 5]] [[""A"" 5]] [[""A"" 5]] [[""A"" 5]] [[""A"" 1]] [[""A"" 5]] [[""A"" 5]] [[""A"" 1]] [[""A"" 1]] [[""A"" 5]] [[""A"" 5]] [[""A"" 5]] [[""A"" 5]] [[""A"" 5]] [[""A"" 5]] [[""A"" 5]] [[""A"" 5]] [[""A"" 1]] [[""A"" 5]] [[""A"" 5]] [[""A"" 1]] [[""A"" 5]] [[""A"" 5]] [[""A"" 1]] [[""A"" 5]] [[""A"" 5]] [[""A"" 5]] [[""A"" 5]] [[""A"" 5]] [[""A"" 5]] [[""A"" 4]] [[""A"" 5]] [[""A"" 1]]]] [98 [[[""A"" 1]] [[""A"" 5]] [[""A"" 5]] [[""A"" 5]] [[""A"" 5]] [[""A"" 5]] [[""A"" 1]] [[""A"" 5]] [[""A"" 1]] [[""A"" 5]] [[""A"" 1]] [[""A"" 5]] [[""A"" 5]] [[""A"" 5]] [[""A"" 1]] [[""A"" 5]] [[""A"" 1]] [[""A"" 5]] [[""A"" 1]] [[""A"" 5]] [[""A"" 5]] [[""A"" 1]] [[""A"" 5]] [[""A"" 1]] [[""A"" 1]] [[""A"" 1]] [[""A"" 5]] [[""A"" 1]] [[""A"" 5]] [[""A"" 1]] [[""A"" 5]] [[""A"" 5]] [[""A"" 5]] [[""A"" 5]] [[""A"" 1]] [[""A"" 5]] [[""A"" 5]] [[""A"" 1]] [[""A"" 5]] [[""A"" 4]] [[""A"" 1]] [[""A"" 5]] [[""A"" 5]] [[""A"" 5]] [[""A"" 5]] [[""A"" 1]] [[""A"" 5]] [[""A"" 1]] [[""A"" 5]] [[""A"" 1]]]] [99 [[[""A"" 1]] [[""A"" 5]] [[""A"" 5]] [[""A"" 3]] [[""A"" 5]] [[""A"" 1]] [[""A"" 1]] [[""A"" 5]] [[""A"" 1]] [[""A"" 3]] [[""A"" 1]] [[""A"" 5]] [[""A"" 3]] [[""A"" 1]] [[""A"" 1]] [[""A"" 1]] [[""A"" 1]] [[""A"" 3]] [[""A"" 1]] [[""A"" 5]] [[""A"" 5]] [[""A"" 1]] [[""A"" 5]] [[""A"" 5]] [[""A"" 5]] [[""A"" 5]] [[""A"" 5]] [[""A"" 1]] [[""A"" 3]] [[""A"" 5]] [[""A"" 5]] [[""A"" 5]] [[""A"" 5]] [[""A"" 1]] [[""A"" 5]] [[""A"" 5]] [[""A"" 3]] [[""A"" 5]] [[""A"" 5]] [[""A"" 1]] [[""A"" 1]] [[""A"" 5]] [[""A"" 5]] [[""A"" 5]] [[""A"" 5]] [[""A"" 1]] [[""A"" 5]] [[""A"" 5]] [[""A"" 5]] [[""A"" 1]]]]]","""discrete""","3","1","10","1","true","""normal""","[""A""]","0.1","true","[]","""average-bel""","true","4","true","""sigmoid-stubborn""","20","false","2","true","0.35","""C:/Users/cknox02/Documents/nicks outputs26-Feb-2023-parameter-sweep-low-res/2/broadcast-brain/polarized/15/normal/0.75/0.5/10/2""","false","1500","0","0.05","false","""barabasi-albert""","""broadcast-brain""","5","""[[0.6,0.16,0.24],\n  [0.40,0.2,0.4],\n  [0.21,0.14,0.65]]""","""C:/Users/cknox02/Documents/nicks outputs26-Feb-2023-parameter-sweep-low-res/graphs/2-broadcast-brain-polarized-15-normal-0.75-0.5-10-2.csv""","true","0","""default""","false","true","true","1","3","1","""distribution""","""polarized""","""three-polarized""","15","""D:/school/grad-school/Tufts/research/cog-contagion-media-ecosystem/ecosystems/""","""gradual""","1","""D:/school/grad-school/Tufts/research/cog-contagion-media-ecosystem/messaging-data/""","0","50","2","""C:/Users/cknox02/Documents/nicks outputs26-Feb-2023-parameter-sweep-low-res/graphs/2-broadcast-brain-polarized-15-normal-0.75-0.5-10-0.csv""","0","true","true","true","""C:/Users/cknox02/Documents/nicks outputs""","0.15","""cognitive""","20","100","[[""Q1"" [""A""]]]","5","0.5","0.75","0.5"

"TURTLES"
"who","color","heading","xcor","ycor","shape","label","label-color","breed","hidden?","size","pen-size","pen-mode","idee","brain","messages-heard","messages-believed","messages-sent","agent-messages-memory"
"0","[213 0 42]","41.25","2.8636881749490133","3.4019916993639048","""circle""","""""","9.9","{breed citizens}","false","0.5","1","""up""",,"[[""ID"" 45] [""alpha"" 1] [""beta"" 1] [""malleable"" [""A""]] [""prior"" []] [""cont_tokens"" []] [""A"" 1]]","[[0 [0 2 4 6 7 8 9 10 11 12 13]] [1 [15 16 17 18 19 20 21 22 23 24 25 26 27 28 29]] [2 [30 31 32 33 34 35 36 37 38 39 40 41 42 43 44]] [3 [45 46 47 48 49 50 51 52 53 54 55 56 57 58 59]] [4 [60 66 67 68 70 71 72 73 74]] [5 [75 76 77 78 79 80 81 82 83 84 85 86 87 88 89]] [6 [90 92 93 94 95 96 97 98 101 102 103]] [7 [105 106 107 108 109 110 111 112 114 115 116 117 119]] [8 [120 121 122 123 124 125 126 127 128 129 130 131 132 133 134]] [9 [135 136 137 138 139 140 141 142 143 144 145 146 147 148 149]] [10 [150 151 152 153 154 155 156 157 158 159 160 161 163]] [11 [165 166 167 168 169 170 171 172 173 174 175 176 177 178 179]] [12 [181 182 183 185 188 189 190 191 192 193 194]] [13 [195 196 197 198 199 200 201 202 203 204 205 206 207 208 209]] [14 [210 211 212 213 214 215 216 217 218 219 220 221 222 224]] [15 [225 226 227 228 229 230 231 232 233 234 235 236 237 238 239]] [16 [240 241 242 243 244 245 246 247 248 249 250 251 252 253 254]] [17 [255 256 257 258 259 260 261 262 264 265 267 268 269]] [18 [270 271 272 273 274 275 276 277 278 279 280 281 282 283 284]] [19 [285 286 287 288 289 290 291 292 293 294 295 296 297 298 299]] [20 [300 301 302 303 304 305 306 307 308 309 310 311 312 313 314]] [21 [315 316 317 318 319 320 321 322 323 324 325 326 327 328 329]] [22 [330 331 332 333 334 335 336 337 338 339 340 341 342 343 344]] [23 [345 346 347 348 349 350 351 352 353 354 355 356 357 358 359]] [24 [360 361 362 363 364 365 366 367 368 369 370 371 372 373 374]] [25 [375 376 377 378 379 380 381 382 383 384 385 386 387 388 389]] [26 [390 391 392 393 394 395 396 397 398 400 401 402 403 404]] [27 [405 406 407 408 409 411 412 413 414 415 416 417 418 419]] [28 [420 421 422 423 424 425 426 427 428 429 430 431 432 433 434]] [29 [435 436 437 438 439 440 441 442 443 444 445 446 447 449]] [30 [450 451 452 453 454 455 456 457 458 459 460 461 462 463 464]] [31 [465 466 467 468 469 470 471 472 473 474 475 476 477 478 479]] [32 [481 482 484 485 486 487 488 489 490 491 492 493]] [33 [495 496 497 498 499 500 501 502 503 504 505 506 507 508 509]] [34 [510 511 512 513 514 515 517 518 519 520 521 523 524]] [35 [525 526 527 528 529 530 531 532 533 534 535 536 537 538 539]] [36 [540 541 543 545 546 547 548 549 550 551 552 553 554]] [37 [557 558 559 560 561 562 563 564 565 567 568 569]] [38 [570 571 572 574 575 576 577 578 579 580 581 582 583 584]] [39 [585 586 588 589 590 591 593 594 595 597 598]] [40 [600 601 602 603 604 605 606 607 608 609 610 611 612 613 614]] [41 [615 616 617 618 619 620 621 622 623 624 625 626 627 628 629]] [42 [630 631 632 634 635 636 637 638 639 640 641 642 643 644]] [43 [645 646 647 648 649 650 651 652 653 654 655 656 658 659]] [44 [660 661 662 664 665 667 668 670 671 672 673 674]] [45 [675 676 677 678 679 680 681 682 683 684 685 686 687 688 689]] [46 [690 691 693 694 695 696 697 698 699 700 701 702 703 704]] [47 [705 706 707 708 709 710 711 712 713 714 715 716 717 718 719]] [48 [720 721 722 723 724 725 726 728 729 730 731 732 733 734]] [49 [737 738 739 740 742 743 744 745 746 747 748 749]] [50 [750 751 752 753 754 755 756 757 758 759 760 762 764]] [51 [765 767 768 769 770 771 772 773 774 775 776 777 779]] [52 [780 781 782 783 784 785 786 787 788 789 790 791 792 793 794]] [53 [796 798 799 803 804 806 807]] [54 [810 811 812 813 814 815 816 817 818 819 820 821 823]] [55 [828 829 830 831 832 833 834 835 836 837 838 839]] [56 [840 841 842 843 844 845 846 847 848 849 850 851 852 853 854]] [57 [855 856 857 858 859 860 861 862 863 864 865 866 867 868 869]] [58 [870 871 872 873 874 875 876 877 878 879 880 881 882 883 884]] [59 [885 886 887 888 889 890 891 892 893 894 895 896 899]] [60 [900 901 902 903 904 905 906 907 908 909 911 912 913 914]] [61 [916 917 918 919 921 922 923 924 926 928 929]] [62 [930 931 932 933 934 935 936 937 938 939 940 941 942 943 944]] [63 [945 946 947 948 951 952 956 957 959]] [64 [960 962 963 964 965 969 970 972 973]] [65 [977 978 979 980 981 982 983 984 985 986 987 988 989]] [66 [990 991 992 993 994 995 996 997 998 999 1000 1001 1002 1003 1004]] [67 [1005 1006 1007 1008 1009 1010 1011 1012 1013 1014 1015 1016 1017 1018 1019]] [68 [1020 1021 1022 1023 1024 1025 1026 1027 1028 1029 1030 1031 1032 1033 1034]] [69 [1035 1036 1037 1038 1039 1040 1041 1042 1043 1044 1045 1046 1047 1048 1049]] [70 [1050 1051 1052 1053 1054 1055 1056 1057 1058 1059 1060 1061 1062 1063 1064]] [71 [1065 1066 1067 1068 1070 1073 1074 1075 1076 1077 1078 1079]] [72 [1080 1081 1082 1083 1084 1085 1086 1087 1088 1089 1090 1091 1092 1093 1094]] [73 [1095 1097 1099 1100 1101 1102 1104 1106]] [74 [1111 1113 1114 1115 1117 1118 1120 1122 1123 1124]] [75 [1125 1126 1127 1128 1129 1130 1131 1132 1133 1134 1136 1138 1139]] [76 [1141 1142 1147 1148 1150 1153]] [77 [1155 1157 1158 1159 1160 1161 1162 1163 1164 1165 1166 1167 1168 1169]] [78 [1170 1171 1172 1173 1174 1175 1176 1177 1178 1179 1180 1181 1182 1183 1184]] [79 [1185 1186 1187 1188 1189 1190 1191 1192 1193 1194 1195 1196 1197 1198 1199]] [80 [1200 1201 1202 1203 1204 1205 1206 1207 1208 1209 1210 1211 1212 1213 1214]] [81 [1215 1216 1217 1218 1219 1220 1221 1222 1223 1224 1225 1227 1228 1229]] [82 [1230 1231 1233 1234 1235 1237 1239 1240 1241 1242 1243]] [83 [1246 1247 1248 1249 1250 1251 1252 1253 1254 1256 1257 1258 1259]] [84 [1260 1261 1262 1263 1265 1267 1269 1270 1271]] [85 [1275 1276 1277 1279 1280 1281 1282 1283 1284 1286 1287]] [86 [1290 1291 1292 1293 1295 1296 1298 1299 1300 1301 1302 1303 1304]] [87 [1305 1306 1307 1308 1309 1310 1311 1312 1313 1314 1315 1316 1317 1318 1319]] [88 [1320 1321 1322 1323 1324 1325 1326 1327 1328 1329 1330 1331 1332 1333 1334]] [89 [1335 1336 1337 1338 1339 1340 1341 1342 1343 1344 1345 1346 1347 1348 1349]] [90 [1350 1351 1352 1353 1354 1355 1356 1357 1358 1359 1360 1361 1362 1363 1364]] [91 [1365 1366 1367 1368 1369 1370 1371 1373 1374 1375 1376 1377 1378 1379]] [92 [1380 1381 1382 1383 1384 1385 1386 1387 1388 1389 1390 1391 1392 1393 1394]] [93 [1395 1396 1397 1398 1399 1400 1401 1402 1403 1404 1405 1406 1407 1408]] [94 [1410 1411 1412 1414 1415 1416 1417 1418 1419 1420 1421 1422 1423 1424]] [95 [1425 1426 1427 1428 1429 1430 1431 1432 1433 1434 1435 1436 1437 1438 1439]] [96 [1440 1441 1442 1443 1444 1445 1446 1447 1448 1449 1450 1451 1452 1453 1454]] [97 [1455 1456 1457 1458 1459 1460 1461 1462 1463 1464 1465 1466 1467 1468 1469]] [98 [1470 1471 1472 1473 1474 1475 1476 1479 1480 1481 1482 1483 1484]] [99 [1485 1486 1487 1488 1489 1490 1491 1492 1493 1494 1495 1496 1497 1498 1499]]]","[[0 [2 6 8 10 12 13]] [1 [15 18 20 22 26 29]] [2 [35 37 39 41 43]] [3 [46 47 50 52 53 58]] [4 [60 66 67 68 70 72 74]] [5 [76 77 78 81 83 88 89]] [6 [90 92 93 95 98 101 103]] [7 [106 109 110 111 112 116 117 119]] [8 [121 125 127 128 131 132 134]] [9 [136 138 141 142 144 149]] [10 [150 151 152 153 154 155 156 157 158 159 160]] [11 [167 168 169 170 171 174 175 176]] [12 [181 182 183 185 194]] [13 [196 198 199 202 203 204 205 208 209]] [14 [210 211 212 214 215 216 218 221 224]] [15 [225 227 231 232 234 236 238 239]] [16 [240 241 243 244 245 248 249 250 251 252 253 254]] [17 [255 256 257 268]] [18 [270 273 275 284]] [19 [287 293 294 296 297 298]] [20 [300 301 302 304 306 307 308 309 310 311 312 314]] [21 [315 316 317 318 319 320 322 323 324 328]] [22 [331 333 334 336 337 340 341 343]] [23 [345 346 348 351 353 356 358 359]] [24 [361 364 365 367 368 369 371 372]] [25 [378 380 382 385 388]] [26 [390 391 393 398 402]] [27 [405 406 407 408 409 412 414 415 417 418]] [28 [420 421 422 424 425 427 429 430 433]] [29 [436 438 443 444 445 447]] [30 [450 451 453 458 459 460 461 463 464]] [31 [466 467 468 470 471 472 474 479]] [32 [481 482 484 485 488 489 491 492]] [33 [495 497 500 501 502 503 504 505 506 507]] [34 [513 514 517 520 521]] [35 [530 535 536 539]] [36 [540 546 547]] [37 [558 560 561 563 564 565 567 568 569]] [38 [571 572 574 575 577 578 583 584]] [39 [586 588 589 590 591 593 594 595 597 598]] [40 [601 603 607 608 612]] [41 [617 623 625 626]] [42 [630 631 632 634 635 636 637 638 642 643 644]] [43 [645 646 648 650 654 655 656 659]] [44 [660 661 662 664 665 667 668 672 674]] [45 [675 677 678 681 683 685 686 688 689]] [46 [690 691 694 701 702 704]] [47 [705 708 710 711 712 713 714 716]] [48 [722 723 724 725 726 728 730 734]] [49 [737 738 739 740 742 744 747 749]] [50 [750 755 757 758 759 760 762 764]] [51 [765 767 769 773 776]] [52 [780 782 783 786 789]] [53 [796 798 799 806 807]] [54 [811 817 819 823]] [55 [828 832 836 837]] [56 [840 841 843 846 849 851 853]] [57 [856 860 861 862 863 865 866 867 869]] [58 [872 873 876 877 878 880 881 882 883 884]] [59 [885 886 888 889 891 892 894 895 896 899]] [60 [900 906 907 908 909 911 913 914]] [61 [916 917 919 921 922 923 924 928]] [62 [931 932 936 938 940]] [63 [947 951 952 956 957 959]] [64 [960 962 963 964 965 969 972 973]] [65 [977 978 981 982 983 984 985 986 988 989]] [66 [990 992 994 995 1001 1003 1004]] [67 [1011 1014 1015 1017 1018]] [68 [1023 1025 1028 1030 1031]] [69 [1035 1038 1041 1043 1045 1047]] [70 [1050 1052 1053 1056 1058 1059 1061 1062 1063]] [71 [1065 1066 1067 1068 1070 1073 1075 1077 1078]] [72 [1080 1081 1082 1084 1088 1089 1091 1092 1093]] [73 [1095 1097 1099 1100 1101 1104 1106]] [74 [1111 1113 1114 1115 1117 1122]] [75 [1125 1127 1131 1132 1133 1134 1136 1138]] [76 [1142 1147 1148 1150 1153]] [77 [1155 1157 1158 1159 1160 1165 1166 1167 1168 1169]] [78 [1170 1171 1179 1181 1182 1184]] [79 [1187 1190 1191 1192 1196 1198]] [80 [1201 1202 1203 1210 1211 1213]] [81 [1215 1216 1218 1220 1221 1222]] [82 [1230 1231 1233 1237 1242 1243]] [83 [1248 1249 1250 1251 1252 1254 1256 1257 1259]] [84 [1260 1261 1262 1263 1267 1269 1270 1271]] [85 [1275 1276 1279 1280 1281 1282 1283 1287]] [86 [1290 1292 1293 1298 1300]] [87 [1305 1307 1308 1314 1317 1319]] [88 [1320 1321 1322 1323 1325 1327 1329 1330 1332 1333 1334]] [89 [1336 1337 1338 1339 1340 1344 1347]] [90 [1350 1352 1354 1355 1358 1359 1361]] [91 [1367 1370 1371 1373 1377]] [92 [1380 1381 1382 1383 1391 1392]] [93 [1397 1399 1400 1401 1402 1404 1405 1407 1408]] [94 [1410 1411 1414 1415 1417 1418 1424]] [95 [1425 1426 1429 1432 1433 1434 1435 1436]] [96 [1440 1441 1442 1443 1445 1446 1449 1450 1454]] [97 [1455 1456 1457 1458 1459 1460 1461 1463 1464 1467 1468]] [98 [1470 1471 1474 1480 1481 1482 1483]] [99 [1486 1487 1490 1492 1493 1494 1497 1498 1499]]]",,"[[{citizen 1} [[""A"" [4 4 2 4 2 3 1 5 6 5]]]] [{citizen 2} [[""A"" [4 2 1 3 2 2 6 5 4 5]]]] [{citizen 3} [[""A"" [3 4 4 2 4 5 4 3 2 1]]]] [{citizen 4} [[""A"" [3 2 2 1 1 3 4 4 4 6]]]] [{citizen 6} [[""A"" [1 2 1 1 0 2 2 1 2 1]]]] [{citizen 10} [[""A"" [1 0 2 1 2 1 1 1 2 1]]]] [{citizen 11} [[""A"" [4 2 3 2 1 1 4 6 6 4]]]] [{citizen 14} [[""A"" [2 1 3 2 2 1 1 1 2 1]]]] [{citizen 15} [[""A"" [2 0 2 4 1 0 2 2 2 1]]]] [{citizen 16} [[""A"" [1 3 2 1 1 0 2 2 1 2]]]] [{citizen 26} [[""A"" [2 3 4 4 2 2 1 0 2 6]]]] [{citizen 31} [[""A"" [5 2 2 4 2 2 1 2 3 5]]]] [{citizen 34} [[""A"" [1 3 2 0 0 2 4 3 5 4]]]] [{citizen 35} [[""A"" [3 2 1 3 5 6 6 2 4 4]]]] [{citizen 36} [[""A"" [1 3 4 4 2 4 6 2 2 1]]]] [{citizen 39} [[""A"" [2 2 2 4 4 4 1 0 2 1]]]] [{citizen 44} [[""A"" [1 1 2 1 2 6 6 5 5 4]]]] [{media 51} [[""A"" [2 2 2 2 2 2 2 2 2 2]]]] [{media 52} [[""A"" [0 0 0 0 0 0 0 0 0 0]]]] [{media 53} [[""A"" [6 6 6 6 6 6 6 6 6 6]]]] [{media 54} [[""A"" [2 2 2 2 2 2 2 2 2 2]]]] [{media 56} [[""A"" [5 5 5 5 5 5 5 5 5 5]]]] [{media 57} [[""A"" [2 2 2 2 2 2 2 2 2 2]]]] [{media 59} [[""A"" [2 2 2 2 2 2 2 2 2 2]]]] [{media 60} [[""A"" [1 1 1 1 1 1 1 1 1 1]]]] [{media 61} [[""A"" [6 6 6 6 6 6 6 6 6 6]]]] [{media 62} [[""A"" [3 3 3 3 3 3 3 3 3 3]]]] [{media 63} [[""A"" [1 1 1 1 1 1 1 1 1 1]]]] [{media 64} [[""A"" [4 4 4 4 4 4 4 4 4 4]]]] [{citizen 41} [[""A"" [4 6 2 3 4 4 2 4 6 5]]]] [{citizen 22} [[""A"" [2 2 4 5 6 4 2 3 4 2]]]] [{citizen 21} [[""A"" [1 1 2 1 1 0 2 2 1 2]]]] [{citizen 17} [[""A"" [4 4 4 2 5 4 1 4 2 1]]]] [{citizen 33} [[""A"" [4 4 2 2 2 0 2 1 2 1]]]] [{citizen 25} [[""A"" [2 1 3 5 5 2 2 1 3 1]]]] [{citizen 9} [[""A"" [4 4 4 6 5 1 2 2 1 2]]]] [{media 58} [[""A"" [5 5 5 5 5 5 5 5 5 5]]]] [{citizen 8} [[""A"" [0 1 1 2 1 1 2 1 2 1]]]] [{citizen 13} [[""A"" [3 2 1 2 0 1 2 2 1 4]]]] [{citizen 45} [[""A"" [2 4 5 5 0 1 2 1 1 1]]]] [{citizen 12} [[""A"" [3 4 4 4 1 0 1 3 2 1]]]] [{citizen 28} [[""A"" [4 4 2 3 2 2 4 6 5 4]]]] [{citizen 18} [[""A"" [2 5 1 1 2 1 1 1 2 1]]]] [{citizen 48} [[""A"" [4 4 2 3 2 1 1 2 2 5]]]] [{citizen 23} [[""A"" [2 3 4 4 6 0 1 4 3 5]]]] [{citizen 7} [[""A"" [2 1 1 3 4 5 4 6 6 4]]]] [{citizen 19} [[""A"" [2 2 6 5 4 5 5 4 4 6]]]] [{media 55} [[""A"" [1 1 1 1 1 1 1 1 1 1]]]] [{citizen 20} [[""A"" [3 2 1 4 4 2 4 6 6 5]]]] [{citizen 42} [[""A"" [1 2 3 2 2 6 4 5 2 1]]]] [{citizen 43} [[""A"" [0 1 1 1 2 3 4 4 4 5]]]] [{citizen 32} [[""A"" [5 2 1 2 3 4 4 4 5 3]]]] [{media 50} [[""A"" [4 4 4 4 4 4 4 4 4 4]]]] [{citizen 49} [[""A"" [1 1 2 2 0 2 2 1 2 1]]]] [{citizen 5} [[""A"" [2 4 4 2 1 0 2 2 1 2]]]] [{citizen 29} [[""A"" [4 1 3 2 1 1 2 4 3 5]]]] [{citizen 46} [[""A"" [2 3 4 4 2 3 2 6 4 1]]]] [{citizen 47} [[""A"" [1 0 1 0 1 3 5 4 4 6]]]] [{citizen 38} [[""A"" [4 1 2 4 1 1 3 4 5 6]]]] [{citizen 30} [[""A"" [4 4 4 2 1 2 4 3 5 2]]]] [{citizen 40} [[""A"" [6 6 2 4 3 2 1 2 1 1]]]] [{citizen 24} [[""A"" [1 0 1 2 3 5 6 5 1 2]]]] [{citizen 27} [[""A"" [4 0 1 2 2 2 1 1 2 2]]]] [{citizen 37} [[""A"" [1 0 1 0 1 3 5 5 5 4]]]]]"
"1","[0 0 255]","93.75","4.864170937421746","-0.25389455437130065","""circle""","""""","9.9","{breed citizens}","false","0.5","1","""up""",,"[[""ID"" 43] [""alpha"" 1] [""beta"" 1] [""malleable"" [""A""]] [""prior"" []] [""cont_tokens"" []] [""A"" 6]]","[[0 [0 2 4 6 7 8 9 10 11 12 13]] [1 [15 16 17 18 19 20 21 22 23 24 25 26 27 28 29]] [2 [30 31 32 33 34 35 36 37 38 39 40 41 42 43 44]] [3 [45 46 47 48 49 50 51 52 53 54 55 56 57 58 59]] [4 [60 61 62 63 64 65 66 67 68 69 70 71 72 73 74]] [5 [75 76 77 78 79 80 81 82 83 84 85 86 87 88 89]] [6 [90 91 92 93 94 95 96 97 98 99 100 101 102 103 104]] [7 [105 106 107 108 109 110 111 112 114 115 116 117 119]] [8 [121 125 126 127 128 130 131 132 133 134]] [9 [135 136 137 139 140 141 142 143 144 148 149]] [10 [150 151 152 153 154 155 156 157 158 159 160 161 163]] [11 [165 166 167 168 169 170 171 172 173 174 175 176 177 178 179]] [12 [180 181 182 183 184 185 186 187 188 189 190 191 192 193 194]] [13 [195 196 197 198 199 200 201 202 203 204 205 206 207 208 209]] [14 [210 211 212 213 214 215 216 217 218 219 220 221 222 224]] [15 [226 228 229 230 235 237]] [16 [240 241 242 243 244 245 246 247 248 249 250 251 252 253 254]] [17 [255 256 257 265 268 269]] [18 [270 271 273 274 275 276 277 278 279 280 282 283 284]] [19 [285 286 287 288 289 290 291 292 293 294 295 296 297 298 299]] [20 [300 301 302 304 305 306 307 308 311 312 313 314]] [21 [315 316 317 318 319 320 321 322 323 324 325 326 327 328 329]] [22 [330 331 332 333 334 335 338 339 342 343 344]] [23 [347 349 350 352 353 354 355 356 357 358 359]] [24 [360 362 363 365 367 368 369 371 372]] [25 [378 379 380 382 383 384 385 386 387 388 389]] [26 [390 391 392 393 394 395 396 397 398 400 401 402 403 404]] [27 [405 406 407 408 409 411 412 413 414 415 416 417 418 419]] [28 [420 421 422 423 424 425 426 427 428 429 430 431 432 433 434]] [29 [436 438 443 444 446 449]] [30 [451 452 453 454 455 456 457 458 459 460 461 462]] [31 [465 469 471 472 474 475 476 477 478 479]] [32 [480 483 484 485 488 489 491 492 494]] [33 [495 497 499 500 501 502 503 504 505 506 507 508 509]] [34 [510 511 512 513 514 515 516 518 519 522 524]] [35 [525 526 527 528 529 531 532 533 534 538 539]] [36 [540 541 542 543 544 545 546 547 548 549 550 551 552 553 554]] [37 [555 556 557 558 559 560 561 562 563 564 565 566 567 568 569]] [38 [570 571 572 574 575 576 577 578 579 580 581 582 583 584]] [39 [585 587 592 593 594 595 596 597 598 599]] [40 [600 604 605 606 608 612]] [41 [616 617 620 621 622 623 624 625 626 627 628 629]] [42 [630 631 632 634 635 636 637 638 639 640 641 642 643 644]] [43 [645 646 647 648 649 650 651 652 653 654 655 656 658 659]] [44 [660 661 662 664 665 667 668 670 671 672 673 674]] [45 [675 676 677 678 679 680 681 682 683 684 685 686 687 688 689]] [46 [690 691 693 694 695 696 697 698 699 700 701 702 703 704]] [47 [705 706 707 708 709 710 711 712 713 714 715 716 717 718 719]] [48 [720 722 723 724 725 726 728 730 734]] [49 [735 736 737 738 739 740 741 742 743 744 745 746 747 748 749]] [50 [750 751 752 753 754 755 756 757 758 759 760 762 764]] [51 [765 767 769 773 774 775 776]] [52 [780 782 783 785 786 789 792]] [53 [795 796 797 798 799 800 801 802 803 804 805 806 807 808 809]] [54 [810 811 812 813 814 815 816 817 818 819 820 821 822 823 824]] [55 [825 826 827 828 830 831 832 833 834 835 836 837 838 839]] [56 [840 841 842 843 844 845 846 847 848 849 850 851 852 853 854]] [57 [855 856 857 858 859 860 861 862 863 864 865 866 867 868 869]] [58 [870 871 872 873 874 875 876 877 878 879 880 881 882 883 884]] [59 [885 886 888 889 890 891 892 893 894 895 896 899]] [60 [900 901 902 903 904 905 906 907 908 909 910 911 912 913 914]] [61 [915 916 917 918 919 921 922 923 924 926 928 929]] [62 [930 931 932 935 936 937 938 939 940 941 942]] [63 [945 946 947 948 951 952 954 955 956 957 959]] [64 [960 962 963 964 965 969 970 972 973]] [65 [977 978 979 980 981 982 983 984 985 986 987 988 989]] [66 [990 991 992 993 994 995 996 997 998 999 1000 1001 1002 1003 1004]] [67 [1005 1006 1007 1008 1009 1010 1011 1012 1013 1014 1015 1016 1017 1018 1019]] [68 [1020 1021 1022 1023 1024 1025 1026 1027 1028 1030 1031 1033 1034]] [69 [1035 1036 1037 1038 1039 1040 1041 1042 1043 1044 1045 1046 1047 1049]] [70 [1050 1051 1052 1053 1054 1055 1056 1057 1058 1059 1060 1061 1062 1063 1064]] [71 [1065 1066 1067 1068 1070 1073 1074 1075 1076 1077 1078 1079]] [72 [1080 1081 1082 1083 1084 1085 1086 1087 1088 1089 1090 1091 1092 1093 1094]] [73 [1095 1097 1099 1100 1101 1102 1104 1106]] [74 [1110 1111 1112 1113 1114 1115 1116 1117 1118 1119 1120 1121 1122 1123 1124]] [75 [1125 1126 1127 1128 1129 1130 1131 1132 1133 1134 1135 1136 1137 1138 1139]] [76 [1140 1141 1142 1143 1144 1145 1147 1148 1150 1151 1152 1153]] [77 [1155 1156 1157 1158 1159 1160 1161 1162 1163 1164 1165 1166 1167 1168 1169]] [78 [1170 1171 1172 1173 1174 1175 1176 1177 1178 1179 1180 1181 1182 1183 1184]] [79 [1185 1186 1187 1188 1189 1190 1191 1192 1193 1194 1195 1196 1197 1198 1199]] [80 [1200 1201 1202 1203 1204 1208 1209 1210 1211 1212 1213 1214]] [81 [1215 1216 1217 1218 1219 1220 1221 1222 1223 1224 1225 1226 1227 1228 1229]] [82 [1231 1232 1233 1236 1237 1238 1242 1243 1244]] [83 [1245 1246 1247 1248 1249 1250 1251 1252 1253 1254 1256 1257 1258 1259]] [84 [1260 1261 1262 1263 1265 1267 1269 1270 1271]] [85 [1275 1276 1277 1279 1280 1281 1282 1283 1284 1286 1287]] [86 [1290 1291 1292 1293 1295 1296 1298 1299 1300 1301 1302 1303 1304]] [87 [1305 1306 1307 1308 1309 1310 1311 1312 1313 1314 1315 1316 1317 1318 1319]] [88 [1320 1321 1322 1323 1324 1325 1326 1327 1328 1329 1330 1331 1332 1333 1334]] [89 [1335 1336 1337 1338 1339 1340 1341 1342 1343 1344 1345 1346 1347 1348 1349]] [90 [1350 1351 1352 1353 1354 1355 1356 1357 1358 1359 1360 1361 1362 1363 1364]] [91 [1367 1374 1375 1376 1378 1379]] [92 [1380 1381 1382 1383 1384 1385 1386 1387 1388 1389 1390 1394]] [93 [1395 1396 1397 1398 1400 1401 1402 1403 1404 1405 1406 1407 1408 1409]] [94 [1410 1411 1412 1414 1415 1417 1418 1419 1420 1421 1422 1423 1424]] [95 [1425 1426 1427 1428 1429 1430 1431 1432 1433 1434 1435 1436 1437 1438 1439]] [96 [1440 1441 1442 1443 1444 1445 1446 1447 1448 1449 1450 1451 1452 1453 1454]] [97 [1455 1456 1460 1462 1465 1466 1469]] [98 [1472 1475 1476 1477 1478 1479 1484]] [99 [1485 1486 1487 1488 1489 1491 1494 1495 1496 1497 1498 1499]]]","[[0 [2 6 8 10 11 12 13]] [1 [15 17 19 21 23 24 25 26 29]] [2 [30 31 32 33 34 35 37 39 41 43]] [3 [46 47 50 54 55 56 57 59]] [4 [62 64 65 66 67 68 73]] [5 [79 80 82 84 85 86]] [6 [91 94 95 101 102 103]] [7 [106 107 108 111 112 116 117]] [8 [121 125 127 128 130]] [9 [135 136 137 139 143 144 149]] [10 [150 151 152 153 154 155 156 158 159 160 163]] [11 [165 168 170 171 174 175 176]] [12 [181 182 183 188 189 190 191 193]] [13 [195 197 200 202 203 204 205 208 209]] [14 [210 211 212 213 214 215 217 219 220 222]] [15 [226 228 229 230 235 237]] [16 [242 246 247 249 250 251 252 253 254]] [17 [255 256 257 269]] [18 [273 275 276 279 280 282 283]] [19 [285 286 288 289 290 291 292 295 297 298 299]] [20 [300 302 304 307 308]] [21 [318 321 325 326 327 329]] [22 [330 332 334 335 338 342]] [23 [347 349 352 354 355]] [24 [360 362 363 365 367 368 369 371 372]] [25 [378 380 382 383 385 388]] [26 [390 391 393 398]] [27 [407 412 414 415 417 418]] [28 [420 421 422 425 427 430 433]] [29 [436 438 446 449]] [30 [452 454 455 456 457 462]] [31 [465 469 471 472 475 476 477 478]] [32 [480 488 489 491 492 494]] [33 [495 497 501 502 503 504 508 509]] [34 [510 511 512 513 514 515 519 522]] [35 [525 526 529 531 532 533 534 538 539]] [36 [541 547 548 552 554]] [37 [557 559 562 565 567 568 569]] [38 [570 575 576 577 578 579 580 581 582]] [39 [585 587 592 596 599]] [40 [600 605 606 608 612]] [41 [616 617 623 625 626]] [42 [630 631 632 634 635 637 642 643 644]] [43 [645 646 648 651 652 653 655 658 659]] [44 [660 661 662 667 668 672 674]] [45 [675 677 678 680 682 687]] [46 [690 691 694 701 703]] [47 [705 708 709 711 712 713 714 716 717]] [48 [720 723 724 725 726 728 730 734]] [49 [737 738 739 740 742 744 745 747 749]] [50 [752 753 754 756 758 759 760 762 764]] [51 [765 769 773 776]] [52 [780 782 783 785 786 789 792]] [53 [795 797 800 801 802 805 809]] [54 [810 813 814 815 822 824]] [55 [825 826 827 831 834 835 838 839]] [56 [840 841 843 846 847 848 850 852 854]] [57 [857 859 863 865 866 867 869]] [58 [873 875 878 880 881 882 884]] [59 [885 886 888 889 890 893 894 895 896 899]] [60 [900 906 907 908 909 911 913 914]] [61 [916 917 919 921 922 923 924 926 929]] [62 [930 931 932 935 937 939 941 942]] [63 [945 946 947 948 951 952 956 957 959]] [64 [960 962 963 964 965 969 970 972 973]] [65 [978 981 982 983 984 985 986 988 989]] [66 [990 992 993 996 997 998 999 1000]] [67 [1005 1006 1007 1008 1009 1010 1013 1015 1017 1018]] [68 [1021 1023 1025 1028 1030 1031]] [69 [1035 1038 1041 1042 1043 1045 1047]] [70 [1051 1053 1057 1060 1063]] [71 [1065 1066 1067 1068 1070 1073 1075 1077 1078]] [72 [1080 1081 1084 1088 1089 1090 1091 1092 1093]] [73 [1095 1097 1099 1100 1101 1102 1104 1106]] [74 [1111 1113 1114 1115 1117 1120 1123 1124]] [75 [1126 1128 1129 1130 1132 1133 1134 1136 1138]] [76 [1141 1142 1147 1148 1150 1153]] [77 [1155 1161 1162 1163 1164]] [78 [1171 1179 1181 1182 1184]] [79 [1187 1189 1190 1193 1194 1195 1197 1199]] [80 [1200 1201 1202 1203 1208 1210 1212 1214]] [81 [1217 1219 1221 1222 1223 1224 1225 1227 1228 1229]] [82 [1231 1232 1233 1236 1237 1238 1242 1243]] [83 [1246 1248 1249 1250 1251 1252 1254 1256 1257 1258 1259]] [84 [1260 1261 1262 1265 1267 1269 1270 1271]] [85 [1275 1276 1279 1280 1282 1283 1287]] [86 [1290 1291 1292 1293 1295 1296 1299 1301 1302 1303 1304]] [87 [1306 1309 1310 1311 1312 1313 1315 1318]] [88 [1323 1324 1326 1328]] [89 [1335 1341 1343 1345 1349]] [90 [1351 1354 1355 1358 1359 1361]] [91 [1374 1375 1376 1379]] [92 [1385 1386 1387 1388 1389]] [93 [1396 1398 1403 1404 1406 1407 1408]] [94 [1410 1411 1414 1415 1417 1418 1421 1422 1423 1424]] [95 [1425 1426 1428 1429 1432 1433 1434 1435 1436 1438 1439]] [96 [1444 1446 1449 1450 1454]] [97 [1455 1456 1460 1466 1469]] [98 [1472 1475 1476 1479 1484]] [99 [1485 1488 1489 1491 1495 1496]]]",,"[[{citizen 4} [[""A"" [2 2 1 1 2 3 4 1 4 6]]]] [{citizen 5} [[""A"" [4 1 2 1 2 2 2 4 0 2]]]] [{citizen 6} [[""A"" [3 4 4 2 1 2 5 1 0 2]]]] [{citizen 10} [[""A"" [3 2 2 1 1 2 4 2 1 2]]]] [{citizen 13} [[""A"" [3 4 4 4 2 1 2 2 4 1]]]] [{citizen 25} [[""A"" [1 2 3 4 4 3 2 2 2 3]]]] [{citizen 35} [[""A"" [2 1 2 3 6 4 2 1 2 4]]]] [{media 51} [[""A"" [2 2 2 2 2 2 2 2 2 2]]]] [{media 52} [[""A"" [0 0 0 0 0 0 0 0 0 0]]]] [{media 53} [[""A"" [6 6 6 6 6 6 6 6 6 6]]]] [{media 54} [[""A"" [2 2 2 2 2 2 2 2 2 2]]]] [{media 56} [[""A"" [5 5 5 5 5 5 5 5 5 5]]]] [{media 57} [[""A"" [2 2 2 2 2 2 2 2 2 2]]]] [{media 59} [[""A"" [2 2 2 2 2 2 2 2 2 2]]]] [{media 60} [[""A"" [1 1 1 1 1 1 1 1 1 1]]]] [{media 61} [[""A"" [6 6 6 6 6 6 6 6 6 6]]]] [{media 62} [[""A"" [3 3 3 3 3 3 3 3 3 3]]]] [{media 63} [[""A"" [1 1 1 1 1 1 1 1 1 1]]]] [{citizen 0} [[""A"" [2 1 2 1 2 2 2 4 4 5]]]] [{media 64} [[""A"" [4 4 4 4 4 4 4 4 4 4]]]] [{citizen 26} [[""A"" [2 1 1 2 3 4 2 1 2 4]]]] [{citizen 41} [[""A"" [2 1 1 2 3 4 4 2 4 6]]]] [{citizen 22} [[""A"" [6 6 4 2 1 1 2 3 4 2]]]] [{citizen 21} [[""A"" [2 3 4 4 1 4 2 1 1 2]]]] [{citizen 17} [[""A"" [5 2 1 2 3 4 4 4 2 2]]]] [{citizen 33} [[""A"" [4 2 1 2 4 2 2 0 1 2]]]] [{citizen 9} [[""A"" [1 2 6 4 4 4 6 5 1 2]]]] [{citizen 44} [[""A"" [1 2 2 1 1 2 6 5 5 4]]]] [{citizen 40} [[""A"" [0 2 2 4 5 4 3 6 6 1]]]] [{citizen 11} [[""A"" [1 1 2 3 4 1 2 1 4 4]]]] [{citizen 37} [[""A"" [3 2 2 2 1 2 0 1 1 5]]]] [{citizen 8} [[""A"" [2 1 2 1 0 1 1 1 1 2]]]] [{citizen 28} [[""A"" [4 2 1 3 2 2 4 4 5 4]]]] [{citizen 36} [[""A"" [1 2 3 4 4 1 2 4 2 1]]]] [{citizen 46} [[""A"" [2 1 1 2 3 4 4 2 1 1]]]] [{citizen 38} [[""A"" [3 1 2 1 2 3 4 5 6 6]]]] [{citizen 24} [[""A"" [1 2 2 2 1 5 6 2 2 2]]]] [{citizen 12} [[""A"" [1 3 4 1 1 0 1 3 2 1]]]] [{citizen 31} [[""A"" [5 2 2 1 1 2 1 1 2 3]]]] [{citizen 15} [[""A"" [4 1 4 2 1 2 4 4 1 0]]]] [{citizen 7} [[""A"" [2 1 1 2 3 5 4 6 6 4]]]] [{citizen 39} [[""A"" [1 3 2 1 2 5 4 4 1 0]]]] [{citizen 34} [[""A"" [3 4 4 2 2 1 2 4 3 2]]]] [{citizen 18} [[""A"" [1 2 4 1 2 1 2 1 1 2]]]] [{media 58} [[""A"" [5 5 5 5 5 5 5 5 5 5]]]] [{citizen 45} [[""A"" [1 2 4 1 2 1 2 4 1 1]]]] [{citizen 48} [[""A"" [2 3 4 2 1 1 2 2 4 5]]]] [{citizen 20} [[""A"" [1 1 2 4 4 2 1 4 6 6]]]] [{citizen 16} [[""A"" [1 4 2 1 1 2 4 1 0 2]]]] [{citizen 43} [[""A"" [2 2 1 1 2 3 4 4 6 5]]]] [{citizen 32} [[""A"" [2 1 1 2 3 4 4 4 5 3]]]] [{citizen 23} [[""A"" [1 2 6 5 1 1 2 3 4 6]]]] [{citizen 19} [[""A"" [2 3 4 4 2 2 2 4 4 5]]]] [{media 55} [[""A"" [1 1 1 1 1 1 1 1 1 1]]]] [{citizen 3} [[""A"" [2 3 4 2 4 5 4 3 2 1]]]] [{citizen 42} [[""A"" [1 2 3 2 2 4 4 5 2 1]]]] [{citizen 2} [[""A"" [3 4 1 3 2 2 2 4 4 5]]]] [{media 50} [[""A"" [4 4 4 4 4 4 4 4 4 4]]]] [{citizen 49} [[""A"" [6 4 1 3 2 1 1 2 0 2]]]] [{citizen 29} [[""A"" [2 1 2 4 2 1 2 1 2 4]]]] [{citizen 30} [[""A"" [1 2 3 4 4 4 2 1 1 2]]]] [{citizen 47} [[""A"" [2 1 2 3 4 1 2 1 1 2]]]] [{citizen 14} [[""A"" [1 2 3 4 1 2 1 1 2 1]]]] [{citizen 27} [[""A"" [1 2 6 5 1 2 3 4 1 2]]]]]"
"2","[0 0 255]","3.75","-0.4993541987771013","9.36975678477308","""circle""","""""","9.9","{breed citizens}","false","0.5","1","""up""",,"[[""ID"" 34] [""alpha"" 1] [""beta"" 1] [""malleable"" [""A""]] [""prior"" []] [""cont_tokens"" []] [""A"" 6]]","[[0 [0 1 2 3 4 6 8 9 10 11 12 13 14]] [1 [15 17 18 19 20 21 22 24 25 26 27 28 29]] [2 [30 31 32 33 34 35 36 37 38 39 40 41 42 43 44]] [3 [45 46 47 48 49 50 51 52 53 54 55 56 57 58 59]] [4 [60 61 62 63 64 65 66 67 68 69 70 71 72 73 74]] [5 [75 76 77 78 81 83 87 88 89]] [6 [90 91 92 93 94 95 96 97 98 101 102 103]] [7 [105 106 107 108 109 110 111 112 114 115 116 117 119]] [8 [120 121 122 123 124 125 126 127 128 129 130 131 132 133 134]] [9 [135 136 137 138 139 140 141 142 144 145 146 147 149]] [10 [150 151 152 153 154 155 156 157 158 159 160 161 163]] [11 [165 166 167 168 169 170 171 172 173 174 175 176 177 178 179]] [12 [181 182 183 185 186 187 188 189 190 191 192 193 194]] [13 [195 196 197 198 199 200 201 202 203 204 205 206 207 208 209]] [14 [210 211 212 213 214 215 216 217 218 219 220 221 222 224]] [15 [226 228 229 230 235 237]] [16 [240 241 242 243 244 245 246 247 248 249 250 251 252 253 254]] [17 [255 256 257 258 259 260 261 262 263 264 265 267 268 269]] [18 [270 271 272 273 274 275 276 277 278 279 280 281 282 283 284]] [19 [285 286 288 289 290 291 292 295 297 298 299]] [20 [300 301 302 303 304 305 306 307 308 309 310 311 312 314]] [21 [315 316 317 318 319 320 321 322 323 324 325 326 328 329]] [22 [330 331 332 333 334 335 336 337 338 339 342 343 344]] [23 [347 349 350 352 354 355 357]] [24 [360 361 362 363 364 365 366 367 368 369 370 371 372 373 374]] [25 [375 376 377 378 379 380 381 382 383 384 385 386 387 388 389]] [26 [390 391 393 398 401 402]] [27 [405 406 407 408 409 411 412 413 414 415 416 417 418 419]] [28 [420 421 422 423 426 428 429 430 433 434]] [29 [435 436 437 438 439 440 441 442 443 444 445 446 447 448 449]] [30 [450 451 452 453 454 455 456 457 458 459 460 461 462 463 464]] [31 [465 469 471 472 474 475 476 477 478 479]] [32 [480 481 482 483 484 485 486 487 488 489 490 491 492 493 494]] [33 [495 496 497 498 499 500 501 502 503 504 505 506 507 508 509]] [34 [510 511 512 513 514 515 516 517 518 519 520 521 522 523 524]] [35 [525 526 527 528 529 530 531 532 533 534 535 536 537 538 539]] [36 [540 541 542 543 544 545 546 547 548 549 550 551 552 553 554]] [37 [555 556 557 558 559 560 561 562 563 564 565 566 567 568 569]] [38 [570 571 572 574 575 576 577 578 579 580 581 582 583 584]] [39 [585 586 587 588 589 590 591 592 593 594 595 596 597 598 599]] [40 [600 601 602 603 604 605 606 607 608 609 610 611 612 613 614]] [41 [615 616 617 618 619 620 621 622 623 624 625 626 627 628 629]] [42 [630 631 632 633 634 635 636 637 638 639 640 641 642 643 644]] [43 [645 646 647 648 650 651 652 653 654 655 656 658 659]] [44 [660 661 662 664 665 667 668 670 671 672 673 674]] [45 [675 676 677 678 679 680 681 682 683 684 685 686 687 688 689]] [46 [690 691 693 694 695 696 697 698 699 700 701 702 703 704]] [47 [705 706 707 708 709 710 711 712 713 714 715 716 717 718 719]] [48 [720 722 723 724 725 726 728 730 734]] [49 [735 736 737 738 739 740 741 742 743 744 745 746 747 748 749]] [50 [750 751 752 753 754 755 756 757 758 759 760 762 764]] [51 [765 766 767 768 769 770 771 772 773 774 775 776 777 779]] [52 [780 781 782 783 784 785 786 787 788 789 790 791 792 793 794]] [53 [795 796 797 798 799 800 801 802 803 804 805 806 807 808 809]] [54 [810 811 812 813 814 815 816 817 818 819 820 821 822 823 824]] [55 [828 829 830 831 832 833 834 835 836 837 838 839]] [56 [840 841 843 844 845 846 847 848 849 850 851 852 853 854]] [57 [855 857 858 859 861 862 863 864 865 866 867 868 869]] [58 [870 871 872 873 874 875 876 877 878 879 880 881 882 883 884]] [59 [885 886 887 888 889 890 891 892 893 894 895 896 897 898 899]] [60 [900 901 902 903 904 905 906 907 908 909 910 911 912 913 914]] [61 [915 916 917 918 919 920 921 922 923 924 925 926 927 928 929]] [62 [930 931 932 935 936 937 938 939 940 941 942]] [63 [945 946 947 948 951 952 954 955 956 957 959]] [64 [960 962 963 964 965 969 970 972 973]] [65 [977 978 979 980 981 982 983 984 985 986 987 988 989]] [66 [990 991 992 993 994 995 996 997 998 999 1000 1001 1002 1003 1004]] [67 [1005 1006 1007 1008 1009 1010 1011 1012 1013 1014 1015 1016 1017 1018 1019]] [68 [1020 1021 1022 1023 1024 1025 1026 1027 1028 1029 1030 1031 1032 1033 1034]] [69 [1035 1036 1037 1038 1039 1040 1041 1042 1043 1044 1045 1046 1047 1048 1049]] [70 [1050 1051 1052 1053 1054 1055 1056 1057 1058 1059 1060 1061 1062 1063 1064]] [71 [1065 1066 1067 1068 1069 1070 1071 1072 1073 1074 1075 1076 1077 1078 1079]] [72 [1080 1081 1082 1083 1084 1085 1086 1087 1088 1089 1090 1091 1092 1093 1094]] [73 [1095 1097 1099 1100 1101 1102 1104 1106]] [74 [1110 1111 1112 1113 1114 1115 1116 1117 1118 1119 1120 1121 1122 1123 1124]] [75 [1125 1126 1127 1128 1129 1130 1131 1132 1133 1134 1135 1136 1137 1138 1139]] [76 [1140 1141 1142 1143 1144 1145 1147 1148 1150 1151 1152 1153]] [77 [1155 1156 1157 1158 1159 1160 1161 1162 1163 1164 1165 1166 1167 1168 1169]] [78 [1170 1171 1172 1173 1174 1175 1176 1177 1178 1179 1180 1181 1182 1183 1184]] [79 [1187 1188 1189 1190 1191 1192 1193 1194 1195 1196 1197 1198 1199]] [80 [1200 1201 1202 1203 1204 1205 1206 1207 1208 1209 1210 1211 1212 1213 1214]] [81 [1215 1216 1217 1218 1219 1220 1221 1222 1223 1224 1225 1226 1227 1228 1229]] [82 [1231 1232 1233 1236 1237 1238 1242 1243 1244]] [83 [1245 1246 1247 1248 1249 1250 1251 1252 1253 1254 1256 1257 1258 1259]] [84 [1260 1261 1262 1263 1265 1267 1269 1270 1271]] [85 [1275 1276 1277 1279 1280 1281 1282 1283 1284 1286 1287]] [86 [1290 1291 1292 1293 1295 1296 1298 1299 1300 1301 1302 1303 1304]] [87 [1305 1306 1307 1308 1309 1310 1311 1312 1313 1314 1315 1316 1317 1318 1319]] [88 [1320 1321 1322 1323 1324 1325 1326 1327 1328 1329 1330 1331 1332 1333 1334]] [89 [1335 1336 1337 1338 1339 1340 1341 1342 1343 1344 1345 1346 1347 1348 1349]] [90 [1350 1351 1352 1353 1354 1355 1356 1357 1358 1359 1360 1361 1362 1363 1364]] [91 [1365 1366 1367 1368 1369 1370 1371 1372 1373 1374 1375 1376 1377 1378 1379]] [92 [1380 1381 1382 1383 1384 1385 1386 1387 1388 1389 1390 1391 1392 1393 1394]] [93 [1395 1396 1397 1398 1399 1400 1401 1402 1403 1404 1405 1406 1407 1408 1409]] [94 [1410 1411 1412 1414 1415 1416 1417 1418 1419 1420 1421 1422 1423 1424]] [95 [1425 1426 1427 1428 1429 1430 1431 1432 1433 1434 1435 1436 1437 1438 1439]] [96 [1440 1441 1442 1443 1444 1445 1446 1447 1448 1449 1450 1451 1452 1453 1454]] [97 [1455 1456 1457 1458 1459 1460 1461 1462 1463 1464 1465 1466 1467 1468 1469]] [98 [1470 1471 1472 1473 1474 1475 1476 1477 1478 1479 1480 1481 1482 1483 1484]] [99 [1485 1486 1487 1488 1489 1490 1491 1492 1493 1494 1495 1496 1497 1498 1499]]]","[[0 [2 3 6 8 10 11 12 13 14]] [1 [15 17 19 21 24 25 28 29]] [2 [30 31 32 33 34 38 40]] [3 [45 46 47 50 54 55 56 57 59]] [4 [61 62 63 64 65 69 70 72 74]] [5 [75 76 77 78 81 83 88 89]] [6 [90 92 94 95 98 101 103]] [7 [106 109 110 111 112 116 117 119]] [8 [121 125 126 127 128 130 134]] [9 [136 138 141 142 144 146 147 149]] [10 [150 151 152 153 154 155 159 160]] [11 [167 168 169 170 171 174 175 176]] [12 [181 182 183 185 188 189 190 194]] [13 [196 198 199 202 203 204 205 206 207 209]] [14 [210 211 212 213 214 215 217 219 220 222]] [15 [226 228 229 230 235 237]] [16 [242 246 247 251 252 253 254]] [17 [255 256 257 268]] [18 [270 273 275 276 277 278 280 281 282 283]] [19 [285 286 288 289 290 291 292 295]] [20 [301 302 303 310 311 312 314]] [21 [315 316 317 318 321 325 326 329]] [22 [330 335 338 339 342]] [23 [347 349 350 352 354 355]] [24 [360 362 363 371 372]] [25 [378 380 382 383 389]] [26 [391 393 398 402]] [27 [405 406 407 411 413 416 419]] [28 [422 426 428 429 430 434]] [29 [435 437 439 440 441 442 443 444 445 446 449]] [30 [452 454 455 456 457 462]] [31 [465 469 471 472 475 476 477 478]] [32 [480 485 488 489 491 492 494]] [33 [495 497 499 502 503 504 508 509]] [34 [510 511 512 515 516 518 519 522 524]] [35 [525 527 529 531 532 533 534 538]] [36 [540 542 543 544 545 549 550 551 552 554]] [37 [557 559 562 565 567 568 569]] [38 [570 571 572 574 575 576 577 578 583]] [39 [586 588 589 590 591 593 594 595 597 598]] [40 [601 602 603 607 608 612 613 614]] [41 [615 618 619 622 624 627 628 629]] [42 [633 635 636 637 638 642 643 644]] [43 [645 646 648 650 653 655 656 658 659]] [44 [660 661 662 664 667 668 671 673]] [45 [676 679 680 682 687 688 689]] [46 [690 691 694 701 702]] [47 [706 707 709 711 712 713 714 717]] [48 [720 724 725 728 730 734]] [49 [735 737 738 739 740 742 744 745 747 749]] [50 [752 753 754 756 758 759 760 762]] [51 [765 767 769 770 771 772 774 775 776]] [52 [780 783 785 786 789 792]] [53 [795 797 800 801 802 804 808 809]] [54 [810 811 817 819 821 823]] [55 [828 832 833 836 837]] [56 [841 844 845 847 848 850 852 854]] [57 [857 858 859 863 865 866 867 869]] [58 [872 873 875 879]] [59 [887 890 893 894 895]] [60 [902 904 906 907 908 909 911 913 914]] [61 [916 917 919 921 922 923 924 926 929]] [62 [930 931 932 935 937 939 942]] [63 [945 946 947 948 951 952 956 957 959]] [64 [960 962 963 964 965 969 970 972 973]] [65 [978 981 982 983 984 985 986 989]] [66 [990 992 993 996 997 999 1000 1003 1004]] [67 [1011 1014 1015 1017 1018]] [68 [1021 1023 1025 1028 1030 1031]] [69 [1035 1038 1041 1043 1045 1047]] [70 [1050 1052 1053 1055 1056 1058 1059 1061 1062 1063]] [71 [1065 1066 1067 1068 1070 1073 1075 1077 1078]] [72 [1080 1083 1085 1086 1088 1089 1090 1091 1092 1093]] [73 [1095 1097 1099 1100 1101 1102 1106]] [74 [1111 1113 1114 1115 1117 1122 1123 1124]] [75 [1126 1128 1129 1130 1132 1133 1134 1136 1138]] [76 [1142 1147 1148 1150 1153]] [77 [1155 1157 1161 1162 1163 1164]] [78 [1170 1171 1179 1181 1182 1184]] [79 [1187 1190 1191 1192 1196 1198]] [80 [1201 1202 1203 1208 1209 1210 1212 1214]] [81 [1217 1219 1221 1222 1223 1224 1225 1227 1228 1229]] [82 [1231 1232 1233 1236 1237 1238 1242 1243]] [83 [1248 1250 1251 1252 1254 1256 1257 1259]] [84 [1260 1261 1262 1265 1267 1269 1270 1271]] [85 [1275 1276 1277 1279 1280 1281 1282 1283 1287]] [86 [1290 1291 1292 1293 1295 1296 1299 1301 1302 1303 1304]] [87 [1306 1309 1310 1311 1312 1313 1315 1318]] [88 [1321 1322 1323 1324]] [89 [1335 1338 1339 1342 1344 1346 1347]] [90 [1350 1352 1353 1357 1360 1362 1363 1364]] [91 [1365 1366 1368 1369 1371 1372 1373 1377]] [92 [1380 1381 1382 1383 1384 1388 1389 1390 1394]] [93 [1395 1396 1398 1405 1408]] [94 [1410 1411 1414 1415 1417 1418 1421 1422 1423]] [95 [1427 1428 1429 1432 1433 1434 1435 1436]] [96 [1440 1441 1442 1443 1445 1446 1449 1450 1454]] [97 [1455 1462 1465 1466 1469]] [98 [1472 1475 1476 1479 1484]] [99 [1485 1488 1489 1491 1495 1496]]]",,"[[{citizen 10} [[""A"" [0 1 0 1 1 1 1 1 2 1]]]] [{citizen 37} [[""A"" [1 2 1 2 2 0 1 0 1 5]]]] [{media 50} [[""A"" [4 4 4 4 4 4 4 4 4 4]]]] [{media 53} [[""A"" [6 6 6 6 6 6 6 6 6 6]]]] [{media 54} [[""A"" [2 2 2 2 2 2 2 2 2 2]]]] [{media 55} [[""A"" [1 1 1 1 1 1 1 1 1 1]]]] [{media 56} [[""A"" [5 5 5 5 5 5 5 5 5 5]]]] [{media 57} [[""A"" [2 2 2 2 2 2 2 2 2 2]]]] [{media 59} [[""A"" [2 2 2 2 2 2 2 2 2 2]]]] [{media 60} [[""A"" [1 1 1 1 1 1 1 1 1 1]]]] [{media 61} [[""A"" [6 6 6 6 6 6 6 6 6 6]]]] [{media 62} [[""A"" [3 3 3 3 3 3 3 3 3 3]]]] [{media 63} [[""A"" [1 1 1 1 1 1 1 1 1 1]]]] [{media 64} [[""A"" [4 4 4 4 4 4 4 4 4 4]]]] [{citizen 0} [[""A"" [1 0 0 1 2 1 0 2 2 1]]]] [{media 51} [[""A"" [2 2 2 2 2 2 2 2 2 2]]]] [{citizen 26} [[""A"" [2 1 2 3 4 4 2 2 2 4]]]] [{citizen 41} [[""A"" [6 2 3 4 4 2 4 6 6 5]]]] [{citizen 22} [[""A"" [1 2 1 2 2 4 4 2 4 2]]]] [{citizen 4} [[""A"" [2 1 1 4 4 2 1 4 6 5]]]] [{citizen 21} [[""A"" [0 2 2 1 1 0 2 2 1 2]]]] [{citizen 17} [[""A"" [3 4 4 4 2 5 4 1 2 1]]]] [{citizen 33} [[""A"" [1 2 4 2 2 0 2 1 2 1]]]] [{citizen 25} [[""A"" [1 0 1 0 1 2 2 1 3 1]]]] [{citizen 9} [[""A"" [1 2 4 4 5 1 2 2 1 2]]]] [{citizen 44} [[""A"" [3 1 2 1 2 6 6 5 5 4]]]] [{citizen 40} [[""A"" [3 2 2 1 1 0 2 2 1 1]]]] [{citizen 11} [[""A"" [3 4 4 3 2 1 4 5 5 4]]]] [{citizen 34} [[""A"" [1 2 3 2 2 0 0 4 3 4]]]] [{citizen 24} [[""A"" [2 3 2 1 0 1 0 3 1 2]]]] [{citizen 38} [[""A"" [2 2 3 1 2 3 4 5 6 5]]]] [{citizen 46} [[""A"" [1 2 4 4 2 3 2 5 4 1]]]] [{citizen 36} [[""A"" [1 1 4 4 1 4 5 2 2 1]]]] [{citizen 6} [[""A"" [0 1 2 1 1 0 2 1 2 1]]]] [{media 58} [[""A"" [5 5 5 5 5 5 5 5 5 5]]]] [{citizen 8} [[""A"" [1 2 2 1 1 2 2 1 2 1]]]] [{citizen 13} [[""A"" [4 4 4 3 2 2 1 2 1 6]]]] [{citizen 45} [[""A"" [5 5 0 1 1 2 1 2 1 1]]]] [{citizen 12} [[""A"" [1 4 6 5 1 0 1 3 2 1]]]] [{citizen 28} [[""A"" [1 2 2 4 5 5 4 5 4 6]]]] [{citizen 35} [[""A"" [2 1 2 3 5 6 6 2 4 4]]]] [{citizen 18} [[""A"" [5 5 1 1 1 1 2 1 2 1]]]] [{citizen 39} [[""A"" [4 4 5 1 0 2 2 1 2 1]]]] [{citizen 23} [[""A"" [5 5 1 2 3 4 6 0 1 4]]]] [{citizen 1} [[""A"" [4 2 3 2 1 2 5 6 6 5]]]] [{citizen 3} [[""A"" [1 4 4 2 4 5 4 3 2 1]]]] [{citizen 16} [[""A"" [2 2 1 1 0 2 2 2 1 2]]]] [{citizen 43} [[""A"" [1 1 1 2 4 4 4 6 5 5]]]] [{citizen 7} [[""A"" [2 1 2 1 1 3 4 4 6 4]]]] [{citizen 19} [[""A"" [4 2 2 2 4 5 4 5 5 6]]]] [{citizen 20} [[""A"" [4 3 1 4 4 2 1 4 6 5]]]] [{citizen 48} [[""A"" [4 4 2 2 1 1 2 2 4 5]]]] [{citizen 42} [[""A"" [2 1 2 2 2 4 4 5 2 1]]]] [{citizen 32} [[""A"" [5 1 1 2 3 4 4 4 5 3]]]] [{citizen 49} [[""A"" [0 1 2 1 0 2 2 1 2 1]]]] [{citizen 5} [[""A"" [2 4 4 2 1 0 2 2 1 2]]]] [{citizen 29} [[""A"" [2 2 4 1 2 3 2 1 1 4]]]] [{citizen 30} [[""A"" [1 4 4 4 2 1 2 4 3 2]]]] [{citizen 15} [[""A"" [1 2 0 4 1 0 2 2 2 1]]]] [{citizen 47} [[""A"" [2 3 2 1 0 1 0 1 1 6]]]] [{citizen 31} [[""A"" [3 5 6 2 1 4 1 2 1 2]]]] [{media 52} [[""A"" [0 0 0 0 0 0 0 0 0 0]]]] [{citizen 14} [[""A"" [0 1 1 3 2 2 1 1 1 1]]]] [{citizen 27} [[""A"" [0 1 1 2 2 2 1 1 2 2]]]]]"
"3","[213 0 42]","112.5","4.823905323912967","-1.746218808215748","""circle""","""""","9.9","{breed citizens}","false","0.5","1","""up""",,"[[""ID"" 19] [""alpha"" 1] [""beta"" 1] [""malleable"" [""A""]] [""prior"" []] [""cont_tokens"" []] [""A"" 1]]","[[0 [0 2 4 6 7 8 9 10 11 12 13]] [1 [15 16 17 18 19 20 21 22 23 24 25 26 27 28 29]] [2 [30 31 32 33 34 35 36 37 38 39 40 41 42 43 44]] [3 [45 46 47 48 49 50 51 52 53 54 55 56 57 58 59]] [4 [60 62 63 64 65 66 67 68 70 71 72 73 74]] [5 [75 76 77 78 79 80 81 82 83 84 85 86 87 88 89]] [6 [90 92 93 94 95 96 97 98 101 102 103]] [7 [105 106 107 108 109 110 111 112 114 115 116 117 119]] [8 [120 121 122 123 124 125 126 127 128 129 130 131 132 133 134]] [9 [135 136 137 138 139 140 141 142 143 144 145 146 147 148 149]] [10 [150 151 152 153 154 155 156 157 158 159 160 161 163]] [11 [165 166 167 168 169 170 171 172 173 174 175 176 177 178 179]] [12 [181 182 183 185 186 187 188 189 190 191 192 193 194]] [13 [195 196 197 198 199 200 201 202 203 204 205 206 207 208 209]] [14 [210 211 212 213 214 215 217 219 220 222]] [15 [225 226 227 228 229 230 231 232 234 235 236 237 238 239]] [16 [240 241 242 243 244 245 246 247 248 249 250 251 252 253 254]] [17 [255 256 257 258 259 260 261 262 264 265 266 267 268 269]] [18 [270 271 272 273 274 275 276 277 278 279 280 281 282 283 284]] [19 [285 286 287 288 289 290 291 292 293 294 295 296 297 298 299]] [20 [300 301 302 304 305 306 307 308 309 311 312 313 314]] [21 [315 316 317 318 319 320 321 322 323 324 325 326 327 328 329]] [22 [330 331 332 333 334 335 336 337 338 339 340 341 342 343 344]] [23 [345 346 347 348 349 350 351 352 353 354 355 356 357 358 359]] [24 [360 361 362 363 364 365 366 367 368 369 370 371 372 373 374]] [25 [378 380 382 383 385 388 389]] [26 [390 391 392 393 394 395 396 397 398 400 401 402 403 404]] [27 [405 406 407 408 409 411 412 413 414 415 416 417 418 419]] [28 [420 421 422 423 424 425 426 427 428 429 430 431 432 434]] [29 [435 436 437 438 439 440 441 442 443 444 445 446 447 448 449]] [30 [450 451 452 453 454 455 456 457 458 459 460 461 462 463 464]] [31 [465 469 471 472 474 475 476 477 478 479]] [32 [481 482 486 487 490 493]] [33 [495 496 497 498 499 500 501 502 503 504 505 506 507 508 509]] [34 [510 511 512 513 514 515 517 519 520 521 522 523 524]] [35 [525 526 527 528 529 530 531 532 533 534 535 536 537 538 539]] [36 [540 541 542 543 544 545 546 547 548 549 550 551 552 553 554]] [37 [555 556 557 558 559 560 561 562 563 564 565 566 567 568 569]] [38 [570 571 572 574 575 576 577 578 579 580 581 582 583 584]] [39 [585 586 587 588 589 590 591 592 593 594 595 596 597 598 599]] [40 [600 601 602 603 604 605 606 607 608 609 610 611 612 613 614]] [41 [615 616 617 618 619 620 621 622 623 624 625 626 627 628 629]] [42 [630 631 632 633 634 635 636 637 638 639 640 641 642 643 644]] [43 [645 646 647 648 650 651 652 653 654 655 656 658 659]] [44 [660 661 662 664 665 667 668 670 671 672 673 674]] [45 [675 676 677 678 679 680 681 682 683 684 685 686 687 688 689]] [46 [690 691 693 694 695 696 697 698 699 700 701 702 703 704]] [47 [705 706 707 708 709 710 711 712 713 714 715 716 717 718 719]] [48 [720 722 723 724 725 726 728 730 734]] [49 [735 736 737 738 739 740 741 742 743 744 745 746 747 748 749]] [50 [750 751 752 753 754 755 756 757 758 759 760 762 764]] [51 [765 766 767 768 769 770 771 772 773 774 775 776 777 779]] [52 [780 781 782 783 784 785 786 787 788 789 790 791 792 793 794]] [53 [795 796 798 799 801 803 804 806 807 808 809]] [54 [810 811 812 813 814 815 816 817 818 819 820 821 822 823 824]] [55 [828 829 830 831 832 833 834 835 836 837 838 839]] [56 [840 841 842 843 844 845 846 847 848 849 850 851 852 853 854]] [57 [855 856 857 858 859 860 861 862 863 864 865 866 867 868 869]] [58 [870 871 872 873 874 875 876 877 878 879 880 881 882 883 884]] [59 [885 886 888 889 890 891 892 893 894 895 896 899]] [60 [900 901 902 903 904 905 906 907 908 909 910 911 912 913 914]] [61 [915 916 917 918 919 920 921 922 923 924 925 926 927 928 929]] [62 [930 931 932 933 934 935 936 937 938 939 941 942 943 944]] [63 [949 950 953 954 955 958]] [64 [960 961 962 963 964 965 966 967 968 969 970 971 972 973 974]] [65 [975 976 977 978 979 980 981 982 986 987 989]] [66 [990 991 992 993 994 995 996 997 998 999 1000 1001 1002 1003 1004]] [67 [1005 1006 1007 1008 1009 1010 1011 1012 1013 1014 1015 1016 1017 1018 1019]] [68 [1020 1021 1022 1023 1024 1025 1026 1027 1028 1029 1030 1031 1032 1033 1034]] [69 [1035 1038 1041 1044 1045 1047]] [70 [1050 1051 1052 1053 1054 1055 1056 1057 1058 1059 1060 1061 1062 1063 1064]] [71 [1065 1066 1067 1068 1069 1070 1071 1072 1073 1074 1075 1076 1077 1078 1079]] [72 [1080 1081 1082 1083 1084 1085 1086 1087 1088 1089 1090 1091 1092 1093 1094]] [73 [1095 1097 1099 1100 1101 1102 1104 1106]] [74 [1110 1111 1112 1113 1114 1115 1116 1117 1118 1119 1120 1121 1122 1123 1124]] [75 [1125 1126 1127 1128 1129 1130 1131 1132 1133 1134 1135 1136 1137 1138 1139]] [76 [1140 1141 1142 1143 1144 1145 1147 1148 1150 1151 1152 1153]] [77 [1155 1156 1157 1158 1159 1160 1161 1162 1163 1164 1165 1166 1167 1168 1169]] [78 [1170 1171 1172 1173 1174 1175 1176 1177 1178 1179 1180 1181 1182 1183 1184]] [79 [1185 1186 1188 1189 1190 1191 1192 1193 1194 1195 1196 1197 1198 1199]] [80 [1200 1201 1202 1203 1204 1208 1209 1210 1212 1213 1214]] [81 [1215 1216 1217 1218 1219 1220 1221 1222 1223 1224 1225 1226 1227 1228 1229]] [82 [1230 1231 1232 1233 1235 1236 1237 1238 1239 1240 1241 1242 1243 1244]] [83 [1245 1246 1247 1248 1249 1250 1251 1252 1253 1254 1256 1257 1258 1259]] [84 [1260 1261 1262 1263 1265 1267 1269 1270 1271]] [85 [1275 1276 1277 1279 1280 1281 1282 1283 1284 1286 1287]] [86 [1290 1291 1292 1293 1295 1296 1298 1299 1300 1301 1302 1303 1304]] [87 [1305 1306 1307 1308 1309 1310 1311 1312 1313 1314 1315 1316 1317 1318 1319]] [88 [1320 1321 1322 1323 1324 1325 1326 1327 1328 1329 1330 1331 1332 1333 1334]] [89 [1335 1336 1337 1339 1340 1341 1342 1343 1344 1345 1346 1347 1348 1349]] [90 [1351 1354 1355 1358 1359 1361]] [91 [1367 1374 1375 1376 1378 1379]] [92 [1385 1386 1387 1388 1389 1390 1394]] [93 [1395 1396 1398 1403 1405 1408 1409]] [94 [1410 1411 1412 1414 1415 1416 1417 1418 1419 1420 1421 1422 1423 1424]] [95 [1425 1426 1427 1428 1429 1430 1431 1432 1433 1434 1435 1436 1438 1439]] [96 [1440 1443 1444 1445 1446 1448 1449 1450 1454]] [97 [1455 1456 1460 1462 1465 1466 1469]] [98 [1472 1475 1476 1477 1478 1479 1484]] [99 [1485 1486 1487 1488 1489 1490 1491 1492 1493 1494 1495 1496 1497 1498 1499]]]","[[0 [2 6 7 10 11 12 13]] [1 [16 17 19 21 23 24 27 28 29]] [2 [32 33 34 35 37 39 41 43 44]] [3 [49 51 52 53 58]] [4 [60 66 67 68 71 73]] [5 [75 76 77 78 81 83 88 89]] [6 [90 92 94 95 98 101 102]] [7 [105 107 108 114 115]] [8 [120 122 123 124 126 127 128 130 131 133 134]] [9 [138 141 142 144 146 147 149]] [10 [150 151 152 153 154 155 156 158 159 160 163]] [11 [165 168 169 170 171 174 175 176]] [12 [181 182 183 185 192 194]] [13 [196 198 199 203 204 205 206 207]] [14 [212 213 214 215 219 220 222]] [15 [226 228 229 230 235 236 238 239]] [16 [240 241 243 244 245 248 249 250 251 252]] [17 [255 256 257 269]] [18 [270 273 275 279]] [19 [286 288 289 292 295 298]] [20 [300 301 302 304 306 307 308]] [21 [317 318 319 320 322 323 324 328]] [22 [331 333 334 335 338 342]] [23 [347 349 350 352 353 356 357 358 359]] [24 [361 364 366 367 368 369 371 372]] [25 [378 380 382 385 388]] [26 [390 391 393 398 402]] [27 [405 406 407 409 412 414 415 417]] [28 [420 421 422 424 425 427 430]] [29 [438 446 449]] [30 [452 454 455 456 457 462]] [31 [465 469 471 472 474 479]] [32 [481 482 486 487 490 493]] [33 [496 498 499 502 503 505 506 507]] [34 [513 514 515 519 524]] [35 [525 527 528 529 531 532 533 534]] [36 [542 543 545 549 550 551 552 554]] [37 [558 560 561 563 564 565 567 569]] [38 [570 575 577 578 583 584]] [39 [586 588 590 591 595 597 598]] [40 [600 604 605 606 608 612 613 614]] [41 [615 618 619 622 624 627 628 629]] [42 [633 635 636 637 638 642 643 644]] [43 [645 646 650 654 655 658 659]] [44 [660 661 662 664 667 668 672 674]] [45 [675 677 678 681 683 684 685 686 689]] [46 [690 691 694 703]] [47 [705 708 709 711 712 713 714 716 717]] [48 [720 722 723 724 725 726 728 730 734]] [49 [737 738 739 740 742 744 747]] [50 [751 752 753 754 756 758 759 760 762]] [51 [765 769 773 776]] [52 [780 783 785 786 789 792]] [53 [795 801 804 808 809]] [54 [810 812 813 814 816 818 821 823]] [55 [828 832 833 834 835 838 839]] [56 [842 845 846 849 851 853]] [57 [855 857 859 863 865 866 867 869]] [58 [872 874 875 878 880 881 882 883 884]] [59 [885 886 888 889 892 894 895]] [60 [901 902 903 905 912]] [61 [915 920 925 927]] [62 [933 934 943 944]] [63 [949 950 953 954 955 958]] [64 [961 966 967 968 971 974]] [65 [975 976 979 980 987 989]] [66 [990 992 994 995 1001 1003]] [67 [1005 1006 1007 1008 1009 1010 1013 1019]] [68 [1020 1021 1023 1025 1028 1030 1031]] [69 [1035 1038 1041 1044 1045 1047]] [70 [1050 1052 1055 1056 1058 1059 1061 1062 1063]] [71 [1065 1066 1067 1068 1070 1073 1075 1077 1078]] [72 [1080 1083 1085 1086 1087 1090 1091 1092 1093]] [73 [1095 1097 1099 1100 1101 1102 1106]] [74 [1111 1113 1114 1115 1117 1120 1123 1124]] [75 [1126 1128 1129 1130 1132 1133 1134 1136 1138]] [76 [1141 1143 1144 1145 1151 1152 1153]] [77 [1155 1157 1161 1163 1164]] [78 [1171 1173 1174 1175 1176 1177 1178 1180 1183]] [79 [1185 1186 1194 1195 1197 1199]] [80 [1200 1201 1202 1203 1210 1212 1214]] [81 [1217 1219 1221 1222 1223 1224 1225 1227 1228 1229]] [82 [1231 1232 1233 1236 1237 1238 1242 1243]] [83 [1247 1249 1250 1252 1254 1256 1257 1259]] [84 [1260 1261 1262 1265 1267 1269 1270 1271]] [85 [1275 1277 1279 1280 1281 1282 1283 1287]] [86 [1290 1291 1292 1293 1295 1296 1299 1301 1302 1303 1304]] [87 [1306 1309 1310 1315 1316 1318 1319]] [88 [1320 1321 1322 1324 1326 1328]] [89 [1335 1341 1343 1345 1349]] [90 [1351 1355 1358 1359 1361]] [91 [1367 1374 1376 1378 1379]] [92 [1385 1387 1388 1389 1390 1394]] [93 [1395 1396 1398 1403 1405 1408]] [94 [1410 1411 1414 1415 1417 1418 1421 1422 1423]] [95 [1427 1428 1429 1432 1433 1434 1435 1436 1438 1439]] [96 [1444 1445 1449 1450 1454]] [97 [1455 1456 1460 1466 1469]] [98 [1472 1475 1476]] [99 [1489 1491 1495 1497 1498 1499]]]",,"[[{citizen 4} [[""A"" [2 2 2 1 1 4 2 1 4 6]]]] [{citizen 5} [[""A"" [1 2 1 2 2 4 0 2 2 2]]]] [{citizen 7} [[""A"" [3 2 1 2 1 1 3 4 6 4]]]] [{citizen 9} [[""A"" [1 1 2 4 4 5 1 2 2 2]]]] [{citizen 16} [[""A"" [2 1 1 2 4 1 0 2 2 2]]]] [{citizen 18} [[""A"" [2 4 2 1 2 1 2 1 1 2]]]] [{citizen 24} [[""A"" [1 2 3 2 1 4 2 2 2 2]]]] [{media 51} [[""A"" [2 2 2 2 2 2 2 2 2 2]]]] [{media 52} [[""A"" [0 0 0 0 0 0 0 0 0 0]]]] [{media 53} [[""A"" [6 6 6 6 6 6 6 6 6 6]]]] [{media 54} [[""A"" [2 2 2 2 2 2 2 2 2 2]]]] [{media 56} [[""A"" [5 5 5 5 5 5 5 5 5 5]]]] [{media 57} [[""A"" [2 2 2 2 2 2 2 2 2 2]]]] [{media 59} [[""A"" [2 2 2 2 2 2 2 2 2 2]]]] [{media 60} [[""A"" [1 1 1 1 1 1 1 1 1 1]]]] [{media 61} [[""A"" [6 6 6 6 6 6 6 6 6 6]]]] [{media 62} [[""A"" [3 3 3 3 3 3 3 3 3 3]]]] [{media 63} [[""A"" [1 1 1 1 1 1 1 1 1 1]]]] [{citizen 0} [[""A"" [2 1 2 1 2 2 4 0 2 2]]]] [{media 64} [[""A"" [4 4 4 4 4 4 4 4 4 4]]]] [{citizen 26} [[""A"" [2 1 2 3 4 4 2 1 4 6]]]] [{citizen 41} [[""A"" [3 4 4 2 1 2 4 6 6 5]]]] [{citizen 22} [[""A"" [1 0 2 1 2 2 2 2 4 2]]]] [{citizen 21} [[""A"" [1 4 6 2 1 0 2 2 1 2]]]] [{citizen 17} [[""A"" [4 2 2 4 2 4 5 5 1 2]]]] [{citizen 33} [[""A"" [1 2 4 2 2 0 2 2 1 2]]]] [{citizen 25} [[""A"" [2 3 4 4 3 2 2 2 1 3]]]] [{citizen 44} [[""A"" [1 0 2 2 2 1 2 2 1 4]]]] [{citizen 40} [[""A"" [0 2 4 5 4 6 6 0 2 1]]]] [{citizen 11} [[""A"" [1 1 2 3 4 1 2 1 4 4]]]] [{citizen 37} [[""A"" [4 2 1 2 4 2 1 2 2 5]]]] [{citizen 8} [[""A"" [2 1 2 1 2 0 2 2 1 2]]]] [{citizen 28} [[""A"" [1 2 4 4 2 1 2 4 5 4]]]] [{citizen 6} [[""A"" [3 4 4 2 1 2 0 2 2 2]]]] [{citizen 36} [[""A"" [2 1 1 4 2 1 2 4 2 2]]]] [{citizen 46} [[""A"" [2 2 1 1 2 3 4 4 2 1]]]] [{citizen 38} [[""A"" [1 2 3 4 1 2 2 1 5 5]]]] [{citizen 34} [[""A"" [4 4 2 1 2 1 2 4 5 2]]]] [{media 58} [[""A"" [5 5 5 5 5 5 5 5 5 5]]]] [{citizen 13} [[""A"" [3 4 4 4 2 1 2 0 2 2]]]] [{citizen 45} [[""A"" [2 4 1 2 1 2 4 5 1 1]]]] [{citizen 12} [[""A"" [1 1 1 3 1 6 0 1 3 2]]]] [{citizen 39} [[""A"" [2 1 1 2 1 2 4 1 0 2]]]] [{citizen 19} [[""A"" [1 2 1 3 4 2 4 4 5 5]]]] [{citizen 42} [[""A"" [4 2 1 2 2 4 4 5 5 2]]]] [{citizen 35} [[""A"" [3 2 1 2 2 2 1 1 2 4]]]] [{citizen 48} [[""A"" [2 1 3 4 2 1 1 2 4 5]]]] [{citizen 20} [[""A"" [1 1 2 4 4 2 1 4 6 5]]]] [{citizen 43} [[""A"" [1 2 1 1 2 3 4 4 6 5]]]] [{citizen 32} [[""A"" [2 1 1 2 3 4 4 4 5 3]]]] [{citizen 23} [[""A"" [2 1 2 1 1 1 2 3 4 6]]]] [{citizen 10} [[""A"" [2 2 2 1 1 4 2 1 0 2]]]] [{citizen 1} [[""A"" [2 4 3 2 1 1 2 4 5 6]]]] [{media 55} [[""A"" [1 1 1 1 1 1 1 1 1 1]]]] [{citizen 30} [[""A"" [2 1 2 4 4 4 2 1 1 2]]]] [{citizen 2} [[""A"" [2 1 1 2 3 1 2 4 4 5]]]] [{media 50} [[""A"" [4 4 4 4 4 4 4 4 4 4]]]] [{citizen 49} [[""A"" [2 5 4 6 2 1 2 0 2 2]]]] [{citizen 29} [[""A"" [1 2 4 4 2 1 2 1 2 4]]]] [{citizen 15} [[""A"" [2 1 4 2 1 2 4 0 2 2]]]] [{citizen 47} [[""A"" [2 1 2 3 4 2 1 2 1 1]]]] [{citizen 31} [[""A"" [1 2 2 1 2 1 2 1 1 2]]]] [{citizen 14} [[""A"" [1 2 3 4 2 1 2 1 1 1]]]] [{citizen 27} [[""A"" [2 2 2 1 2 2 4 0 2 2]]]]]"
"4","[0 0 255]","180","0.9029495422927647","-0.2947644506852372","""circle""","""""","9.9","{breed citizens}","false","0.5","1","""up""",,"[[""ID"" 20] [""alpha"" 1] [""beta"" 1] [""malleable"" [""A""]] [""prior"" []] [""cont_tokens"" []] [""A"" 6]]","[[0 [0 1 2 3 5 6 7 8 9 10 11 12 13 14]] [1 [15 16 17 18 19 20 21 22 23 24 25 26 27 28 29]] [2 [30 31 32 33 34 35 36 37 38 39 40 41 42 43 44]] [3 [45 46 47 48 49 50 51 52 53 54 55 56 57 58 59]] [4 [60 66 67 68 70 71 72 73 74]] [5 [75 76 77 78 79 80 81 82 83 84 85 86 87 88 89]] [6 [90 92 93 94 95 96 97 98 101 102 103]] [7 [105 106 107 108 109 110 111 112 114 115 116 117 119]] [8 [120 121 122 123 124 125 126 127 128 130 131 132 133 134]] [9 [135 136 137 138 139 140 141 142 143 144 145 146 147 148 149]] [10 [150 151 152 153 154 155 156 157 158 159 160 161 163]] [11 [165 166 167 168 169 170 171 172 173 174 175 176 177 178 179]] [12 [181 182 183 185 186 187 188 189 190 191 192 193 194]] [13 [195 196 197 198 199 200 201 202 203 204 205 206 207 208 209]] [14 [210 211 212 213 214 215 216 217 218 219 220 221 222 224]] [15 [225 226 227 228 229 230 231 232 234 235 236 237 238 239]] [16 [240 241 242 243 244 245 246 247 248 249 250 251 252 253 254]] [17 [255 256 257 258 259 260 261 262 263 264 265 266 267 268 269]] [18 [270 271 272 273 274 275 276 277 278 279 280 281 282 283 284]] [19 [285 286 288 289 290 291 292 295 297 298 299]] [20 [300 301 302 303 304 305 306 307 308 309 310 311 312 313 314]] [21 [315 316 317 318 319 320 321 322 323 324 325 326 328 329]] [22 [331 332 333 334 335 336 337 338 339 340 341 342 343 344]] [23 [345 346 347 348 349 350 351 352 353 354 355 356 357 358 359]] [24 [360 361 362 363 364 365 366 367 368 369 371 372]] [25 [375 376 377 378 379 380 381 382 383 384 385 386 387 388 389]] [26 [390 391 393 398 401 402]] [27 [405 406 407 408 409 411 412 413 414 415 416 417 418 419]] [28 [420 421 422 423 424 425 426 427 428 429 430 431 432 433 434]] [29 [435 436 437 438 439 440 441 442 443 444 445 446 447 448 449]] [30 [450 451 452 453 454 455 456 457 458 459 460 461 462 463 464]] [31 [465 469 471 472 474 479]] [32 [481 482 486 487 490 493]] [33 [495 496 497 498 499 500 501 502 503 504 505 506 507 508 509]] [34 [510 511 512 513 514 515 516 517 518 519 520 521 522 523 524]] [35 [525 526 527 528 529 530 531 532 533 534 535 536 537 538 539]] [36 [540 541 542 543 544 545 546 547 548 549 550 551 552 553 554]] [37 [555 556 557 558 559 560 561 562 563 564 565 566 567 568 569]] [38 [570 571 572 574 575 576 577 578 579 580 581 582 583 584]] [39 [585 586 587 588 589 590 591 592 593 594 595 596 597 598 599]] [40 [600 601 602 603 604 605 606 607 608 609 610 611 612 613 614]] [41 [615 616 617 618 619 620 621 622 623 624 625 626 627 628 629]] [42 [630 631 632 633 634 635 636 637 638 639 640 641 642 643 644]] [43 [645 646 647 648 649 650 651 652 653 654 655 656 657 658 659]] [44 [660 661 662 664 665 667 668 670 671 672 673 674]] [45 [675 676 677 678 679 680 681 682 683 684 685 686 687 688 689]] [46 [690 691 693 694 695 696 697 698 699 700 701 702 703 704]] [47 [705 706 707 708 709 710 711 712 713 714 715 716 717 718 719]] [48 [721 722 723 724 725 726 727 728 729 730 731 732 733 734]] [49 [735 736 737 738 739 740 741 742 743 744 745 746 747 748 749]] [50 [750 751 752 753 754 755 756 757 758 759 760 762 764]] [51 [765 767 768 769 770 771 772 773 774 775 776 777 779]] [52 [780 782 783 785 786 787 788 789 790 791 792 793 794]] [53 [795 796 797 798 799 800 801 802 803 804 805 806 807 808 809]] [54 [810 812 813 814 815 816 818 820 821 822 823 824]] [55 [828 829 830 831 832 833 834 835 836 837 838 839]] [56 [840 841 842 843 844 845 846 847 848 850 852 854]] [57 [855 857 858 859 863 865 866 867 869]] [58 [870 871 872 873 874 875 876 877 878 879 880 881 882 883 884]] [59 [885 886 887 888 889 890 891 892 893 894 895 896 899]] [60 [900 901 902 903 904 905 906 907 908 909 910 911 912 913 914]] [61 [915 916 917 918 919 920 921 922 923 924 925 926 927 928 929]] [62 [930 931 932 935 936 937 938 939 940 941 942]] [63 [945 946 947 948 951 952 956 957 959]] [64 [960 962 963 964 965 969 970 972 973]] [65 [977 978 979 980 981 982 983 984 985 986 987 988 989]] [66 [990 992 993 994 995 996 997 998 999 1000 1001 1002 1003 1004]] [67 [1005 1006 1007 1008 1009 1010 1011 1012 1013 1014 1015 1016 1017 1018 1019]] [68 [1020 1021 1022 1023 1024 1025 1026 1027 1028 1029 1030 1031 1032 1033 1034]] [69 [1035 1036 1037 1038 1039 1040 1041 1042 1043 1044 1045 1046 1047 1049]] [70 [1050 1051 1052 1053 1054 1057 1060 1062 1063 1064]] [71 [1065 1066 1067 1068 1070 1073 1074 1075 1076 1077 1078 1079]] [72 [1080 1081 1082 1083 1084 1085 1086 1087 1088 1089 1090 1091 1092 1093 1094]] [73 [1095 1097 1099 1100 1101 1102 1104 1106]] [74 [1110 1111 1112 1113 1114 1115 1116 1117 1118 1119 1120 1121 1122 1123 1124]] [75 [1125 1126 1127 1128 1129 1130 1131 1132 1133 1134 1136 1137 1138 1139]] [76 [1140 1141 1142 1143 1144 1145 1147 1148 1150 1151 1152 1153]] [77 [1155 1156 1157 1158 1159 1160 1161 1162 1163 1164 1165 1166 1167 1168 1169]] [78 [1170 1171 1173 1174 1175 1176 1177 1178 1179 1180 1181 1182 1183 1184]] [79 [1185 1186 1187 1188 1189 1190 1191 1192 1193 1194 1195 1196 1197 1198 1199]] [80 [1200 1201 1202 1203 1204 1205 1206 1207 1208 1209 1210 1211 1212 1213 1214]] [81 [1215 1216 1217 1218 1219 1220 1221 1222 1223 1224 1225 1226 1227 1228 1229]] [82 [1230 1231 1232 1233 1235 1236 1237 1238 1239 1240 1241 1242 1243 1244]] [83 [1245 1246 1247 1248 1249 1250 1251 1252 1253 1254 1256 1257 1258 1259]] [84 [1260 1261 1262 1263 1265 1267 1269 1270 1271]] [85 [1275 1276 1277 1279 1280 1281 1282 1283 1284 1286 1287]] [86 [1290 1291 1292 1293 1295 1296 1298 1299 1300 1301 1302 1303 1304]] [87 [1305 1306 1307 1308 1309 1310 1311 1312 1313 1314 1315 1316 1317 1318 1319]] [88 [1320 1321 1322 1323 1324 1325 1326 1327 1328 1329 1330 1331 1332 1333 1334]] [89 [1335 1336 1337 1338 1339 1340 1341 1342 1343 1344 1345 1346 1347 1348 1349]] [90 [1350 1351 1352 1353 1354 1355 1356 1357 1358 1359 1360 1361 1362 1363 1364]] [91 [1365 1366 1367 1368 1369 1370 1371 1372 1373 1374 1375 1376 1377 1378 1379]] [92 [1380 1381 1382 1383 1384 1385 1386 1387 1388 1389 1390 1391 1392 1393 1394]] [93 [1395 1396 1397 1398 1400 1401 1402 1403 1404 1405 1406 1407 1408 1409]] [94 [1410 1411 1412 1414 1415 1416 1417 1418 1419 1420 1421 1422 1423 1424]] [95 [1425 1426 1427 1428 1429 1430 1431 1432 1433 1434 1435 1436 1437 1438 1439]] [96 [1440 1441 1442 1443 1444 1445 1446 1449 1450 1454]] [97 [1455 1456 1460 1462 1465 1466 1469]] [98 [1470 1472 1473 1474 1475 1476 1477 1478 1479 1484]] [99 [1485 1486 1487 1488 1489 1490 1491 1492 1493 1494 1495 1496 1497 1498 1499]]]","[[0 [2 3 5 9 14]] [1 [15 18 20 22 26 29]] [2 [32 33 34 35 37 39 41 42 43 44]] [3 [49 51 52 53 58]] [4 [60 67 68 73]] [5 [75 76 77 78 81 83 87 88 89]] [6 [90 92 93 95 98 101 103]] [7 [106 109 110 111 112 116 117]] [8 [121 125 127 128 131 133 134]] [9 [136 138 141 142 144 146 147 149]] [10 [150 151 152 153 154 155 156 158 159 160 163]] [11 [165 168 169 170 171 174 175 176]] [12 [181 182 183 185 192 194]] [13 [196 198 199 203 204 205 208 209]] [14 [210 211 212 213 214 215 217 219 220 222]] [15 [226 228 229 230 237 239]] [16 [240 241 243 244 245 248 249 250]] [17 [258 259 260 261 262 264 267]] [18 [271 274 276 279 282 283]] [19 [285 286 288 289 290 291 292 295 297 298]] [20 [300 301 302 303 310 311 312 314]] [21 [315 316 317 318 319 320 322 323 324 328]] [22 [331 333 334 335 338 339 342]] [23 [347 349 350 354 355]] [24 [360 362 363 372]] [25 [378 380 382 383 389]] [26 [391 393 398 401 402]] [27 [405 406 408 409 412 414 415 417 418]] [28 [420 421 422 426 428 429 430]] [29 [438 444 445 446 449]] [30 [452 454 455 456 457 462]] [31 [465 469 471 472 474 479]] [32 [481 482 486 487 490 493]] [33 [496 498 499 503 504 505 506 507]] [34 [513 514 517 520 521]] [35 [530 535 536 537 538]] [36 [540 543 545 549 550 551 552 554]] [37 [557 559 562 566 567 569]] [38 [571 572 574 576 577 578 579 580 581 582]] [39 [585 587 592 594 595 597 598]] [40 [602 603 609 610 611 613 614]] [41 [615 618 620 622 624 625 626]] [42 [630 631 632 639 640 641]] [43 [647 648 651 652 653 655 656 659]] [44 [660 661 662 664 667 668 672 674]] [45 [675 677 678 681 683 684 685 686 688 689]] [46 [690 691 694 703 704]] [47 [705 708 710 715 718 719]] [48 [721 727 729 731 732 733]] [49 [735 737 738 739 740 742 744 745 747 749]] [50 [750 755 757 764]] [51 [765 769 773 775 776]] [52 [780 782 783 785 787 788 790 791 793 794]] [53 [795 797 800 801 802 805]] [54 [812 813 814 816 818 820 821 823]] [55 [828 829 830 831 833 834 835 838 839]] [56 [842 844 845 847 848 850 852 854]] [57 [855 857 859 863 865 866 867 869]] [58 [873 876 877 878 880 881 882 883 884]] [59 [885 886 888 889 890 893 894 895 896 899]] [60 [900 907 908 909 911 913 914]] [61 [916 917 919 921 922 923 924]] [62 [930 931 932 936 938 940]] [63 [947 951 952 956 957 959]] [64 [960 962 963 964 965 969 970 972 973]] [65 [977 978 981 982 985 988]] [66 [990 992 993 996 997 998 999 1000]] [67 [1005 1006 1007 1008 1009 1010 1013 1019]] [68 [1020 1021 1023 1025 1028 1031]] [69 [1035 1038 1041 1043 1045 1047]] [70 [1051 1054 1057 1060 1062 1063]] [71 [1065 1066 1067 1068 1070 1073 1075 1077 1078]] [72 [1080 1083 1085 1087 1090 1091 1092 1093]] [73 [1095 1097 1099 1100 1101 1102 1104 1106]] [74 [1111 1113 1114 1115 1117 1122]] [75 [1126 1128 1129 1130 1132 1133 1134 1136 1138]] [76 [1141 1142 1147 1148 1150 1153]] [77 [1155 1157 1161 1162 1163 1164]] [78 [1170 1171 1173 1174 1175 1176 1177 1178 1180 1183]] [79 [1185 1186 1188 1189 1190 1191 1192 1196 1198]] [80 [1204 1208 1210 1212 1214]] [81 [1217 1219 1221 1222 1223 1224 1225 1227 1228 1229]] [82 [1231 1232 1233 1236 1237 1238 1242 1243]] [83 [1246 1248 1250 1251 1252 1254 1256 1257 1259]] [84 [1260 1261 1262 1265 1267 1269 1270 1271]] [85 [1275 1276 1279 1280 1281 1282 1283 1287]] [86 [1290 1292 1293 1296 1299 1301 1302 1303 1304]] [87 [1306 1309 1310 1311 1312 1313 1315 1318 1319]] [88 [1320 1321 1322 1324 1326 1328]] [89 [1335 1338 1339 1340 1342 1344 1346 1347]] [90 [1350 1352 1354 1355 1356 1357 1360 1362 1363 1364]] [91 [1365 1366 1368 1369 1370 1371 1372 1373 1377]] [92 [1380 1381 1382 1383 1384 1385 1386 1387 1390 1394]] [93 [1395 1396 1398 1403 1405 1407 1408]] [94 [1410 1411 1414 1415 1417 1418 1421 1422 1423 1424]] [95 [1425 1426 1428 1430 1431 1439]] [96 [1441 1442 1443 1450 1454]] [97 [1455 1456 1460 1466 1469]] [98 [1472 1475 1476 1479 1484]] [99 [1485 1489 1491 1495 1496]]]",,"[[{citizen 5} [[""A"" [4 2 3 2 1 0 2 2 2 1]]]] [{citizen 6} [[""A"" [4 2 3 1 2 1 0 2 2 1]]]] [{citizen 7} [[""A"" [1 2 1 1 2 3 4 5 6 4]]]] [{citizen 8} [[""A"" [2 4 3 0 1 1 2 1 2 1]]]] [{citizen 9} [[""A"" [6 5 1 0 2 2 2 1 2 1]]]] [{citizen 11} [[""A"" [3 1 1 2 3 4 2 3 4 5]]]] [{citizen 12} [[""A"" [3 1 1 3 5 1 0 1 2 1]]]] [{citizen 14} [[""A"" [2 3 4 2 3 1 1 3 1 1]]]] [{citizen 18} [[""A"" [3 2 4 5 1 1 2 1 2 1]]]] [{citizen 19} [[""A"" [4 3 2 2 2 4 6 5 4 5]]]] [{citizen 20} [[""A"" [4 1 1 2 4 2 4 6 6 5]]]] [{citizen 21} [[""A"" [5 3 1 0 2 2 2 1 2 1]]]] [{citizen 22} [[""A"" [0 2 1 2 2 2 4 6 4 2]]]] [{citizen 23} [[""A"" [2 4 6 5 5 2 3 6 1 3]]]] [{citizen 32} [[""A"" [5 5 1 1 2 3 4 4 4 5]]]] [{citizen 34} [[""A"" [2 3 4 2 2 4 5 3 3 5]]]] [{citizen 40} [[""A"" [4 4 4 3 5 6 6 3 1 1]]]] [{citizen 46} [[""A"" [4 1 1 2 3 4 4 3 5 1]]]] [{media 50} [[""A"" [4 4 4 4 4 4 4 4 4 4]]]] [{media 53} [[""A"" [6 6 6 6 6 6 6 6 6 6]]]] [{media 54} [[""A"" [2 2 2 2 2 2 2 2 2 2]]]] [{media 55} [[""A"" [1 1 1 1 1 1 1 1 1 1]]]] [{media 56} [[""A"" [5 5 5 5 5 5 5 5 5 5]]]] [{media 57} [[""A"" [2 2 2 2 2 2 2 2 2 2]]]] [{media 58} [[""A"" [5 5 5 5 5 5 5 5 5 5]]]] [{media 60} [[""A"" [1 1 1 1 1 1 1 1 1 1]]]] [{media 62} [[""A"" [3 3 3 3 3 3 3 3 3 3]]]] [{media 63} [[""A"" [1 1 1 1 1 1 1 1 1 1]]]] [{media 64} [[""A"" [4 4 4 4 4 4 4 4 4 4]]]] [{citizen 0} [[""A"" [1 2 2 1 2 2 4 1 2 1]]]] [{media 59} [[""A"" [2 2 2 2 2 2 2 2 2 2]]]] [{citizen 3} [[""A"" [0 5 4 6 1 2 3 4 2 1]]]] [{media 52} [[""A"" [0 0 0 0 0 0 0 0 0 0]]]] [{media 51} [[""A"" [2 2 2 2 2 2 2 2 2 2]]]] [{citizen 26} [[""A"" [2 4 1 2 3 4 4 0 2 4]]]] [{citizen 41} [[""A"" [4 6 3 4 4 2 2 4 6 5]]]] [{citizen 16} [[""A"" [1 2 4 3 1 0 2 2 2 1]]]] [{citizen 30} [[""A"" [2 1 3 2 4 4 1 3 5 2]]]] [{citizen 35} [[""A"" [2 1 2 4 6 6 5 2 4 4]]]] [{citizen 48} [[""A"" [4 1 2 3 4 4 1 2 2 4]]]] [{citizen 39} [[""A"" [2 2 2 2 4 5 1 0 2 1]]]] [{citizen 10} [[""A"" [2 4 4 3 2 0 1 1 2 1]]]] [{citizen 1} [[""A"" [4 2 2 2 3 1 4 5 6 5]]]] [{citizen 33} [[""A"" [1 2 4 2 0 2 2 1 2 1]]]] [{media 61} [[""A"" [6 6 6 6 6 6 6 6 6 6]]]] [{citizen 45} [[""A"" [2 2 2 4 5 5 1 1 1 1]]]] [{citizen 25} [[""A"" [4 4 3 1 3 5 5 2 1 1]]]] [{citizen 13} [[""A"" [1 2 3 4 4 4 2 0 1 2]]]] [{citizen 31} [[""A"" [4 5 4 2 1 4 1 2 3 5]]]] [{citizen 42} [[""A"" [4 4 2 3 2 3 4 5 2 1]]]] [{citizen 43} [[""A"" [6 3 1 1 2 3 4 6 5 5]]]] [{citizen 37} [[""A"" [1 2 4 4 2 1 2 3 2 3]]]] [{citizen 2} [[""A"" [2 3 5 5 2 1 2 3 3 6]]]] [{citizen 49} [[""A"" [2 1 2 3 1 2 0 2 2 1]]]] [{citizen 15} [[""A"" [1 3 4 2 0 1 0 2 2 1]]]] [{citizen 47} [[""A"" [3 4 2 1 0 1 1 3 5 5]]]] [{citizen 44} [[""A"" [3 1 1 1 1 2 6 5 5 4]]]] [{citizen 38} [[""A"" [3 2 1 2 1 2 4 5 6 5]]]] [{citizen 24} [[""A"" [1 2 3 5 5 6 2 3 2 1]]]] [{citizen 29} [[""A"" [2 4 4 2 2 3 2 0 3 5]]]] [{citizen 27} [[""A"" [4 6 5 5 2 3 4 0 1 2]]]] [{citizen 36} [[""A"" [2 1 1 2 4 2 4 5 2 1]]]] [{citizen 17} [[""A"" [2 3 4 4 4 2 2 1 2 1]]]] [{citizen 28} [[""A"" [5 2 1 1 2 3 4 3 4 5]]]]]"
"5","[213 0 42]","146.25","2.3404881966419726","-3.599040038360367","""circle""","""""","9.9","{breed citizens}","false","0.5","1","""up""",,"[[""ID"" 9] [""alpha"" 1] [""beta"" 1] [""malleable"" [""A""]] [""prior"" []] [""cont_tokens"" []] [""A"" 1]]","[[0 [0 2 3 4 5 6 7 8 9 10 11 12 13 14]] [1 [15 16 17 18 19 20 21 22 24 25 26 27 28 29]] [2 [30 31 32 33 34 35 36 37 38 39 40 41 42 43 44]] [3 [45 46 47 48 49 50 51 52 53 54 55 56 57 58 59]] [4 [60 66 67 68 70 71 72 73 74]] [5 [75 76 77 78 79 80 81 82 83 84 85 86 87 88 89]] [6 [90 92 93 94 95 96 97 98 101 102 103]] [7 [105 106 107 108 109 110 111 112 114 115 116 117 119]] [8 [120 121 122 123 124 125 126 127 128 129 130 131 132 133 134]] [9 [135 136 137 138 139 140 141 142 143 144 145 146 147 148 149]] [10 [150 151 152 153 154 155 156 157 158 159 160 161 163]] [11 [165 166 167 168 169 170 171 172 173 174 175 176 177 178 179]] [12 [181 182 183 185 186 187 188 189 190 191 192 193 194]] [13 [195 196 197 198 199 200 201 202 203 204 205 206 207 208 209]] [14 [210 211 212 213 214 215 217 219 220 222]] [15 [225 226 227 228 229 230 231 232 234 235 236 237 238 239]] [16 [242 246 247 252 253 254]] [17 [255 256 257 258 259 261 265 266 267 268 269]] [18 [270 271 272 273 274 275 276 277 278 279 280 281 282 283 284]] [19 [285 287 288 289 290 291 292 293 294 295 296 297 298 299]] [20 [300 301 302 304 305 306 307 308 309 311 312 313 314]] [21 [315 318 319 320 321 322 323 325 326 327 328 329]] [22 [330 331 332 333 334 335 336 337 338 339 340 341 342 343 344]] [23 [347 349 350 352 354 355 357]] [24 [360 362 363 365 371 372]] [25 [378 380 382 383 385 386 387 388 389]] [26 [390 391 392 393 394 395 396 397 398 400 401 402 403 404]] [27 [405 406 407 408 409 411 412 413 414 415 416 417 418 419]] [28 [420 421 422 423 424 425 426 427 428 429 430 432 433 434]] [29 [435 436 437 438 439 440 441 442 443 444 445 446 447 448 449]] [30 [450 451 452 453 454 455 456 457 458 459 460 462 463 464]] [31 [465 469 471 472 474 475 476 477 478 479]] [32 [481 482 484 485 486 487 488 489 490 491 492 493]] [33 [495 496 497 498 499 500 501 502 503 504 505 506 507 508 509]] [34 [510 511 512 513 514 515 516 517 518 519 520 521 522 524]] [35 [525 526 527 528 529 530 531 532 533 534 535 536 537 538 539]] [36 [540 541 542 543 544 545 546 547 548 549 550 551 552 553 554]] [37 [555 556 557 558 559 560 561 562 563 564 565 566 567 568 569]] [38 [570 571 572 574 575 576 577 578 579 580 581 582 583 584]] [39 [585 586 587 588 589 590 591 592 593 594 595 596 597 598 599]] [40 [600 601 602 603 604 605 606 607 608 609 610 611 612 613 614]] [41 [615 616 617 618 619 620 621 622 623 624 625 626 627 628 629]] [42 [630 631 632 633 634 635 636 637 638 639 640 641 642 643 644]] [43 [645 646 647 648 650 651 652 653 654 655 656 658 659]] [44 [660 661 662 664 665 667 668 670 671 672 673 674]] [45 [675 676 677 678 679 680 681 682 683 684 685 686 687 688 689]] [46 [690 691 692 693 694 695 696 697 698 699 700 701 702 703 704]] [47 [705 706 707 708 709 710 711 712 713 714 715 716 717 718 719]] [48 [720 722 723 724 725 726 728 729 730 731 732 733 734]] [49 [735 736 737 738 739 740 741 742 743 744 745 746 747 748 749]] [50 [750 751 752 753 754 755 756 757 758 759 760 762 764]] [51 [765 766 767 768 769 770 771 772 773 774 775 776 777 779]] [52 [780 781 782 783 784 785 786 787 788 789 790 791 792 793 794]] [53 [795 796 797 798 799 800 801 802 803 804 805 806 807 808 809]] [54 [810 811 812 813 814 815 816 817 818 819 820 821 822 823 824]] [55 [825 826 827 828 829 830 831 832 833 834 835 836 837 838 839]] [56 [840 841 842 843 844 845 846 847 848 849 850 851 852 853 854]] [57 [855 856 857 858 859 860 861 862 863 864 865 866 867 868 869]] [58 [870 871 872 873 874 875 876 877 878 879 880 881 882 883 884]] [59 [885 886 888 889 890 891 892 893 894 895 896 899]] [60 [900 901 902 903 904 905 906 907 908 909 910 911 912 913 914]] [61 [915 916 917 918 919 920 921 922 923 924 925 926 927 928 929]] [62 [930 931 932 935 936 937 938 939 940 941 942]] [63 [945 946 947 948 951 952 954 955 956 957 959]] [64 [960 962 963 964 965 969 970 972 973]] [65 [977 978 979 980 981 982 983 984 985 986 987 988 989]] [66 [990 991 992 993 994 995 996 997 998 999 1000 1001 1002 1003 1004]] [67 [1005 1006 1007 1008 1009 1010 1011 1012 1013 1014 1015 1016 1017 1018 1019]] [68 [1020 1021 1022 1023 1024 1025 1026 1027 1028 1029 1030 1031 1032 1033 1034]] [69 [1035 1036 1037 1038 1039 1040 1041 1042 1043 1045 1046 1047 1048 1049]] [70 [1050 1051 1052 1053 1054 1055 1056 1057 1058 1059 1060 1061 1062 1063 1064]] [71 [1065 1066 1067 1068 1069 1070 1071 1072 1073 1074 1075 1076 1077 1078 1079]] [72 [1080 1081 1082 1083 1084 1085 1086 1087 1088 1089 1090 1091 1092 1093 1094]] [73 [1096 1098 1103 1105 1107 1108 1109]] [74 [1110 1111 1112 1113 1114 1115 1116 1117 1119 1120 1121 1122 1123 1124]] [75 [1125 1126 1127 1128 1129 1130 1131 1132 1133 1134 1135 1136 1137 1138 1139]] [76 [1141 1142 1147 1148 1150 1153]] [77 [1155 1157 1158 1159 1160 1161 1162 1163 1164 1165 1166 1167 1168 1169]] [78 [1170 1171 1172 1173 1174 1175 1176 1177 1178 1179 1180 1181 1182 1183 1184]] [79 [1185 1186 1188 1189 1190 1191 1192 1193 1194 1195 1196 1197 1198 1199]] [80 [1200 1201 1202 1203 1204 1208 1209 1210 1212 1213 1214]] [81 [1215 1216 1217 1218 1219 1220 1221 1222 1223 1224 1225 1226 1227 1228 1229]] [82 [1231 1232 1233 1236 1237 1238 1242 1243 1244]] [83 [1246 1247 1248 1249 1250 1251 1252 1253 1254 1256 1257 1258 1259]] [84 [1260 1261 1262 1263 1265 1267 1269 1270 1271]] [85 [1275 1276 1277 1279 1280 1281 1282 1283 1284 1286 1287]] [86 [1290 1291 1292 1293 1295 1296 1298 1299 1300 1301 1302 1303 1304]] [87 [1305 1306 1307 1308 1309 1310 1311 1312 1313 1314 1315 1316 1317 1318 1319]] [88 [1320 1321 1322 1323 1324 1325 1326 1327 1328 1329 1330 1331 1332 1333 1334]] [89 [1335 1336 1337 1338 1339 1340 1341 1342 1343 1344 1345 1346 1347 1348 1349]] [90 [1351 1354 1355 1358 1359 1361]] [91 [1365 1366 1367 1368 1369 1370 1371 1372 1373 1374 1375 1376 1377 1378 1379]] [92 [1385 1386 1387 1388 1389 1390 1394]] [93 [1395 1396 1397 1398 1399 1400 1401 1402 1403 1404 1405 1406 1407 1408 1409]] [94 [1410 1411 1412 1414 1415 1416 1417 1418 1419 1420 1421 1422 1423 1424]] [95 [1425 1426 1427 1428 1429 1430 1431 1432 1433 1434 1435 1436 1437 1438 1439]] [96 [1440 1441 1442 1443 1445 1446 1447 1448 1449 1450 1451 1452 1453 1454]] [97 [1455 1456 1457 1458 1459 1460 1461 1462 1463 1464 1465 1466 1467 1468 1469]] [98 [1470 1471 1472 1473 1474 1475 1476 1477 1478 1479 1480 1481 1482 1483 1484]] [99 [1485 1486 1487 1488 1489 1490 1491 1492 1493 1494 1495 1496 1497 1498 1499]]]","[[0 [0 3 4 5 9 14]] [1 [15 18 20 22 26 29]] [2 [30 31 32 33 34 35 37 39 41 42]] [3 [45 46 48 49 51 52 53 58]] [4 [60 67 68 72 74]] [5 [76 77 78 81 83 87 88 89]] [6 [90 92 94 95 98 101 102]] [7 [106 109 110 111 112 115]] [8 [120 122 123 129 130]] [9 [135 137 139 140 141 142 144 146 147 149]] [10 [150 151 152 153 154 155 156 157 158 159 160 163]] [11 [165 168 169 170 171 174 175 176]] [12 [181 182 183 185 189 190 191 193]] [13 [195 197 200 201 207]] [14 [213 214 215 219 220 222]] [15 [226 228 229 230]] [16 [242 246 247 252]] [17 [255 256 257 265 266 267]] [18 [271 274 275 284]] [19 [287 293 294 296 297 298]] [20 [300 301 302 304 306 307 308 313]] [21 [318 319 320 322 323 328]] [22 [331 332 333 334 336 337 338 339 342]] [23 [347 349 352 354 355]] [24 [360 362 363 371 372]] [25 [378 380 382 385 387 388]] [26 [390 391 393 398 401 402]] [27 [405 407 409 412 416 419]] [28 [423 426 428 429 430]] [29 [436 438 444 445 447 448]] [30 [451 453 454 455 456 457 462]] [31 [465 469 471 472 474 479]] [32 [482 484 485 488 489 491 492]] [33 [495 497 500 501 502 503 504 508 509]] [34 [510 511 512 513 514 515 519 522 524]] [35 [525 527 529 531 532 533 534]] [36 [542 543 545 549 550 551 552 554]] [37 [557 559 562 566 567 569]] [38 [571 572 574 575 578 579 580 581 582]] [39 [585 591 593 594 595 597 598]] [40 [601 602 603 609 610 611 613 614]] [41 [615 618 619 620 622 624 625 626 627 628 629]] [42 [633 634 636 637 642 643 644]] [43 [645 646 648 651 652 653 655 656 659]] [44 [660 661 662 664 667 668 671 673]] [45 [675 677 678 681 683 684 685 686]] [46 [693 695 696 697 698 699 700 702 704]] [47 [705 708 710 715 716 717]] [48 [720 725 726 728 730 734]] [49 [737 738 739 740 742 745 747]] [50 [751 752 753 754 756 757 758 759 760 762]] [51 [765 768 770 771 772 777 779]] [52 [781 784 785 787 788 790 791 793 794]] [53 [795 797 800 801 802 805 808 809]] [54 [810 812 813 814 815 816 818 820 821 823]] [55 [828 832 836 837]] [56 [843 846 849 851]] [57 [855 857 858 859 863 865 866 867 869]] [58 [873 876 877 880 881 882 884]] [59 [885 886 888 889 890 893 894 895]] [60 [901 902 903 905 910 912]] [61 [915 918 920 921 922 923 924 929]] [62 [930 931 932 936 938 940 941 942]] [63 [945 946 948 951 952 956 957 959]] [64 [960 962 963 964 965 970 972 973]] [65 [977 979 980]] [66 [991 994 995 1001 1003]] [67 [1006 1007 1008 1009 1010 1013 1019]] [68 [1020 1022 1024 1026 1029 1030 1032 1033 1034]] [69 [1036 1037 1039 1040 1041 1043 1045 1046 1049]] [70 [1052 1055 1056 1058 1059 1061 1062 1063]] [71 [1065 1066 1067 1068 1070 1073 1074 1076 1079]] [72 [1082 1084 1088 1089 1094]] [73 [1096 1098 1103 1105 1107 1108 1109]] [74 [1110 1112 1116 1117 1122 1124]] [75 [1126 1128 1129 1130 1131 1133 1134 1136 1138]] [76 [1141 1142 1147 1148 1150 1153]] [77 [1155 1157 1158 1159 1160 1166 1167 1168 1169]] [78 [1170 1171 1173 1174 1175 1176 1177 1178 1180 1183]] [79 [1185 1186 1194 1195 1197 1199]] [80 [1200 1201 1202 1203 1208 1209 1210 1212 1214]] [81 [1217 1219 1221 1222 1223 1224 1225 1226 1227 1228 1229]] [82 [1231 1232 1233 1236 1237 1238 1242 1243]] [83 [1248 1249 1250 1251 1252 1254 1256 1257 1259]] [84 [1260 1261 1262 1265 1267 1269 1270 1271]] [85 [1275 1276 1279 1280 1281 1282 1283 1287]] [86 [1290 1291 1292 1293 1295 1296 1299 1301 1302 1303 1304]] [87 [1306 1309 1310 1311 1312 1313 1315 1318 1319]] [88 [1320 1321 1322 1323 1324 1328]] [89 [1335 1341 1343 1345 1348 1349]] [90 [1351 1355 1358 1359 1361]] [91 [1367 1374 1378 1379]] [92 [1385 1388 1389]] [93 [1397 1399 1400 1401 1402 1404 1406 1407 1408]] [94 [1410 1411 1414 1415 1417 1418 1421 1422 1423 1424]] [95 [1425 1426 1429 1432 1433 1434 1435 1436 1437]] [96 [1441 1442 1443 1445 1449 1450 1454]] [97 [1455 1462 1465 1466 1469]] [98 [1472 1475 1476 1480 1481 1482 1483]] [99 [1486 1487 1492 1493 1494 1498 1499]]]",,"[[{citizen 8} [[""A"" [0 1 1 2 2 1 1 1 2 1]]]] [{citizen 9} [[""A"" [1 1 2 5 4 4 5 1 2 1]]]] [{citizen 15} [[""A"" [4 2 1 0 4 5 1 2 2 1]]]] [{citizen 17} [[""A"" [1 2 3 4 4 4 2 4 1 1]]]] [{citizen 28} [[""A"" [2 1 3 2 2 4 6 5 5 4]]]] [{citizen 29} [[""A"" [2 2 1 0 1 2 4 3 5 5]]]] [{citizen 30} [[""A"" [3 1 4 4 4 2 1 4 3 5]]]] [{citizen 45} [[""A"" [5 5 0 1 1 2 2 1 1 1]]]] [{citizen 47} [[""A"" [2 2 2 0 0 1 1 5 5 4]]]] [{media 51} [[""A"" [2 2 2 2 2 2 2 2 2 2]]]] [{media 52} [[""A"" [0 0 0 0 0 0 0 0 0 0]]]] [{media 53} [[""A"" [6 6 6 6 6 6 6 6 6 6]]]] [{media 54} [[""A"" [2 2 2 2 2 2 2 2 2 2]]]] [{media 56} [[""A"" [5 5 5 5 5 5 5 5 5 5]]]] [{media 57} [[""A"" [2 2 2 2 2 2 2 2 2 2]]]] [{media 59} [[""A"" [2 2 2 2 2 2 2 2 2 2]]]] [{media 60} [[""A"" [1 1 1 1 1 1 1 1 1 1]]]] [{media 61} [[""A"" [6 6 6 6 6 6 6 6 6 6]]]] [{media 62} [[""A"" [3 3 3 3 3 3 3 3 3 3]]]] [{media 63} [[""A"" [1 1 1 1 1 1 1 1 1 1]]]] [{citizen 0} [[""A"" [5 2 2 2 0 1 2 2 1 1]]]] [{citizen 4} [[""A"" [3 2 2 1 1 2 1 4 6 6]]]] [{media 64} [[""A"" [4 4 4 4 4 4 4 4 4 4]]]] [{media 58} [[""A"" [5 5 5 5 5 5 5 5 5 5]]]] [{citizen 1} [[""A"" [4 2 2 4 2 3 1 5 6 5]]]] [{citizen 3} [[""A"" [4 6 1 1 1 2 4 5 4 1]]]] [{media 50} [[""A"" [4 4 4 4 4 4 4 4 4 4]]]] [{citizen 26} [[""A"" [2 4 3 1 3 4 0 2 4 6]]]] [{citizen 41} [[""A"" [6 2 1 3 4 2 2 4 6 5]]]] [{citizen 22} [[""A"" [1 1 0 2 1 2 2 1 4 6]]]] [{citizen 21} [[""A"" [1 1 2 2 2 1 1 2 1 2]]]] [{citizen 33} [[""A"" [2 1 2 4 2 2 0 2 1 1]]]] [{citizen 25} [[""A"" [0 1 2 1 1 3 5 5 1 1]]]] [{citizen 44} [[""A"" [2 1 2 2 1 2 3 1 5 6]]]] [{citizen 40} [[""A"" [3 6 6 2 4 3 2 1 1 1]]]] [{citizen 11} [[""A"" [1 1 2 3 2 2 1 5 6 4]]]] [{citizen 37} [[""A"" [1 2 0 1 0 1 1 5 5 4]]]] [{citizen 6} [[""A"" [0 1 2 2 2 1 1 1 2 1]]]] [{citizen 36} [[""A"" [2 1 1 1 4 1 2 4 5 1]]]] [{citizen 46} [[""A"" [1 1 2 3 4 2 1 6 4 1]]]] [{citizen 38} [[""A"" [2 4 4 1 2 1 3 2 1 5]]]] [{citizen 24} [[""A"" [2 2 1 0 2 4 3 1 2 1]]]] [{citizen 12} [[""A"" [1 1 5 3 1 1 4 1 1 1]]]] [{citizen 13} [[""A"" [4 4 4 2 2 0 2 1 2 1]]]] [{citizen 31} [[""A"" [2 2 1 2 1 1 0 3 5 5]]]] [{citizen 34} [[""A"" [3 2 2 0 0 2 4 3 5 4]]]] [{citizen 18} [[""A"" [1 1 2 5 1 1 1 1 1 1]]]] [{citizen 39} [[""A"" [0 1 5 2 2 2 1 4 1 1]]]] [{citizen 7} [[""A"" [1 2 2 1 1 3 5 4 6 4]]]] [{citizen 19} [[""A"" [4 2 2 2 4 6 5 4 5 4]]]] [{citizen 42} [[""A"" [1 2 3 2 2 4 6 5 5 1]]]] [{citizen 35} [[""A"" [2 1 3 2 0 2 2 1 2 4]]]] [{citizen 48} [[""A"" [3 2 1 4 1 1 0 2 4 5]]]] [{citizen 23} [[""A"" [0 1 3 6 0 1 4 3 5 5]]]] [{citizen 10} [[""A"" [0 0 2 1 1 2 1 1 2 1]]]] [{media 55} [[""A"" [1 1 1 1 1 1 1 1 1 1]]]] [{citizen 20} [[""A"" [2 2 4 3 1 4 2 1 4 5]]]] [{citizen 16} [[""A"" [1 1 3 2 2 2 1 1 2 2]]]] [{citizen 43} [[""A"" [2 2 1 1 2 3 4 4 5 5]]]] [{citizen 32} [[""A"" [4 6 5 1 1 2 3 4 4 5]]]] [{citizen 2} [[""A"" [1 3 1 3 2 2 4 6 5 5]]]] [{citizen 49} [[""A"" [0 1 1 1 2 2 1 0 1 1]]]] [{citizen 27} [[""A"" [2 4 0 1 1 2 2 1 1 2]]]] [{citizen 14} [[""A"" [1 1 3 2 2 2 1 1 1 1]]]]]"
"6","[213 0 42]","180","0.6374269789871221","-5.132516105219565","""circle""","""""","9.9","{breed citizens}","false","0.5","1","""up""",,"[[""ID"" 22] [""alpha"" 1] [""beta"" 1] [""malleable"" [""A""]] [""prior"" []] [""cont_tokens"" []] [""A"" 1]]","[[0 [0 2 3 4 5 6 7 8 9 10 11 12 13 14]] [1 [15 17 18 19 20 21 22 23 24 25 26 27 28 29]] [2 [30 31 32 33 34 35 36 37 38 39 40 41 42 43 44]] [3 [45 46 47 48 49 50 51 52 53 54 55 56 57 58 59]] [4 [61 62 63 64 65 66 67 68 69 70 71 72 73 74]] [5 [75 76 77 78 79 80 81 82 83 84 85 86 87 88 89]] [6 [90 91 92 93 94 95 96 97 98 101 102 103]] [7 [105 106 107 108 109 110 111 112 114 115 116 117 119]] [8 [120 121 122 123 124 125 126 127 128 129 130 131 132 133 134]] [9 [135 136 137 138 139 140 141 142 144 145 146 147 149]] [10 [150 151 152 153 154 155 156 157 158 159 160 161 163]] [11 [165 166 167 168 169 170 171 172 173 174 175 176 177 178 179]] [12 [180 181 182 183 184 185 186 187 188 189 190 191 192 193 194]] [13 [195 196 197 198 199 200 202 203 204 205 206 207 208 209]] [14 [210 211 212 213 214 215 216 217 218 219 220 221 222 224]] [15 [225 226 227 228 229 230 231 232 233 234 235 236 237 238 239]] [16 [240 241 242 243 244 245 246 247 248 249 250 251 252 253 254]] [17 [255 256 257 258 259 260 261 262 263 264 265 267 268 269]] [18 [270 271 272 273 274 275 276 277 278 279 280 281 282 283 284]] [19 [285 286 288 289 290 291 292 295 297 298 299]] [20 [300 301 302 303 304 306 307 308 309 310 311 312 314]] [21 [315 316 317 318 319 320 321 322 323 324 325 326 327 328 329]] [22 [330 331 332 333 334 335 336 337 338 339 342 343 344]] [23 [347 349 350 352 353 354 355 356 357 358 359]] [24 [360 361 362 363 364 365 366 367 368 369 371 372]] [25 [375 376 377 378 379 380 382 383 385 386 387 388 389]] [26 [390 391 392 393 394 395 396 397 398 400 401 402 403 404]] [27 [405 406 407 408 409 411 412 413 414 415 416 417 418 419]] [28 [420 421 422 423 424 425 426 427 428 429 430 431 432 433 434]] [29 [435 436 437 438 439 440 441 442 443 444 445 446 447 448 449]] [30 [450 451 452 453 454 455 456 457 458 459 460 461 462 463 464]] [31 [465 469 471 472 474 475 476 477 478 479]] [32 [480 481 482 483 484 485 486 487 488 489 490 491 492 493 494]] [33 [495 496 497 498 499 500 501 502 503 504 505 506 507 508 509]] [34 [510 511 512 513 514 515 516 517 518 519 520 521 522 523 524]] [35 [525 526 527 528 529 530 531 532 533 534 535 536 537 538 539]] [36 [540 541 542 543 544 545 546 547 548 549 550 551 552 553 554]] [37 [555 556 557 558 559 560 561 562 563 564 565 566 567 568 569]] [38 [570 571 572 573 574 575 576 577 578 579 580 581 582 583 584]] [39 [585 586 587 588 589 590 591 592 593 594 595 596 597 598 599]] [40 [600 601 602 603 604 605 606 607 608 609 610 611 612 613 614]] [41 [615 616 617 618 619 620 621 622 623 624 625 626 627 628 629]] [42 [630 631 632 633 634 635 636 637 638 639 640 641 642 643 644]] [43 [645 646 648 650 651 652 653 654 655 656 658 659]] [44 [660 661 662 664 665 666 667 668 669 670 671 672 673 674]] [45 [675 676 677 678 679 680 681 682 683 684 685 686 687 688 689]] [46 [690 691 693 694 695 696 697 698 699 700 701 702 703 704]] [47 [705 706 707 708 709 710 711 712 713 714 715 716 717 718 719]] [48 [720 722 723 724 725 726 728 729 730 731 732 733 734]] [49 [735 736 737 738 739 740 741 742 743 744 745 746 747 748 749]] [50 [750 751 752 753 754 755 756 757 758 759 760 762 764]] [51 [765 767 768 769 770 771 772 773 774 775 776 777 779]] [52 [780 781 782 783 784 785 786 787 788 789 790 791 792 793 794]] [53 [795 796 797 798 799 800 801 802 803 804 805 806 807 808 809]] [54 [810 811 812 813 814 815 816 817 818 819 820 821 822 823 824]] [55 [828 829 830 831 832 833 834 835 836 837 838 839]] [56 [840 841 842 843 844 845 846 847 848 850 852 854]] [57 [855 857 858 859 862 863 864 865 866 867 869]] [58 [870 871 872 873 874 875 876 877 878 879 880 881 882 883 884]] [59 [885 886 887 888 889 890 891 892 893 894 895 896 899]] [60 [900 901 902 903 904 905 906 907 908 909 910 911 912 913 914]] [61 [915 916 917 918 919 920 921 922 923 924 925 926 927 928 929]] [62 [930 931 932 935 936 937 938 939 940 941 942]] [63 [945 946 947 948 951 952 954 955 956 957 959]] [64 [960 962 963 964 965 969 970 972 973]] [65 [977 978 979 980 981 982 983 984 985 986 987 988 989]] [66 [990 992 993 994 995 996 997 998 999 1000 1001 1002 1003 1004]] [67 [1005 1006 1007 1008 1009 1010 1011 1012 1013 1014 1015 1016 1017 1018 1019]] [68 [1020 1021 1022 1023 1024 1025 1026 1027 1028 1029 1030 1031 1032 1033 1034]] [69 [1035 1036 1037 1038 1039 1040 1041 1042 1043 1044 1045 1046 1047 1049]] [70 [1050 1051 1052 1053 1054 1055 1056 1057 1058 1059 1060 1061 1062 1063 1064]] [71 [1065 1066 1067 1068 1069 1070 1071 1072 1073 1074 1075 1076 1077 1078 1079]] [72 [1081 1082 1084 1088 1089 1094]] [73 [1096 1098 1103 1105 1107 1108 1109]] [74 [1110 1112 1114 1115 1116 1117 1119 1121 1122 1123 1124]] [75 [1125 1126 1127 1128 1129 1130 1131 1132 1133 1134 1135 1136 1137 1138 1139]] [76 [1141 1142 1147 1148 1150 1153]] [77 [1155 1157 1158 1159 1160 1161 1162 1163 1164 1165 1166 1167 1168 1169]] [78 [1170 1171 1172 1173 1174 1175 1176 1177 1178 1179 1180 1181 1182 1183 1184]] [79 [1185 1186 1187 1188 1189 1190 1191 1192 1193 1194 1195 1196 1197 1198 1199]] [80 [1200 1201 1202 1203 1204 1205 1206 1207 1208 1209 1210 1211 1212 1213 1214]] [81 [1215 1216 1217 1218 1219 1220 1221 1222 1223 1224 1225 1226 1227 1228 1229]] [82 [1230 1231 1232 1233 1235 1236 1237 1238 1239 1240 1241 1242 1243 1244]] [83 [1245 1246 1247 1248 1249 1250 1251 1252 1253 1254 1256 1257 1258 1259]] [84 [1260 1261 1262 1263 1265 1267 1269 1270 1271]] [85 [1275 1276 1277 1279 1280 1281 1282 1283 1284 1286 1287]] [86 [1290 1291 1292 1293 1295 1296 1298 1299 1300 1301 1302 1303 1304]] [87 [1305 1306 1307 1308 1309 1310 1311 1312 1313 1314 1315 1316 1317 1318 1319]] [88 [1320 1321 1322 1323 1324 1325 1326 1327 1328 1329 1330 1331 1332 1333 1334]] [89 [1335 1336 1337 1338 1339 1340 1341 1342 1343 1344 1345 1346 1347 1348 1349]] [90 [1350 1351 1352 1353 1354 1355 1356 1357 1358 1359 1360 1361 1362 1363 1364]] [91 [1365 1366 1367 1368 1369 1370 1371 1372 1373 1374 1375 1376 1377 1378 1379]] [92 [1380 1381 1382 1383 1384 1385 1386 1387 1388 1389 1390 1391 1392 1393 1394]] [93 [1395 1396 1397 1398 1399 1400 1401 1402 1403 1404 1405 1406 1407 1408 1409]] [94 [1410 1411 1412 1414 1415 1417 1418 1419 1420 1421 1422 1423 1424]] [95 [1425 1426 1427 1428 1429 1430 1431 1432 1433 1434 1435 1436 1437 1438 1439]] [96 [1440 1441 1442 1443 1445 1446 1447 1448 1449 1450 1451 1452 1453 1454]] [97 [1455 1456 1457 1458 1459 1460 1461 1462 1463 1464 1465 1466 1467 1468 1469]] [98 [1470 1471 1472 1473 1474 1475 1476 1479 1480 1481 1482 1483 1484]] [99 [1485 1486 1487 1488 1489 1490 1491 1492 1493 1494 1495 1496 1497 1498 1499]]]","[[0 [2 3 4 5 9 14]] [1 [15 17 19 21 24 27 28 29]] [2 [35 37 39 41 42 43]] [3 [46 47 50 54 55 56 57]] [4 [61 62 64 65 66 67 68 71 73]] [5 [75 77 78 81 83 88 89]] [6 [90 92 93 94 98 101 103]] [7 [106 109 110 111 112 116 117 119]] [8 [121 125 126 127 128 131 132 133 134]] [9 [136 138 141 142 144 147 149]] [10 [150 151 152 153 154 155 160 163]] [11 [165 167 168 169 170 171 174 175 176]] [12 [181 182 183 185 188 189 190]] [13 [196 198 199 203 204 205 208 209]] [14 [210 211 212 213 214 215 216 218 221 224]] [15 [225 227 231 232 234 236 237]] [16 [242 246 247 250 252 253 254]] [17 [255 256 257 265 267 268 269]] [18 [270 273 274 276 277 278 280 281 282 283]] [19 [285 286 288 289 290 291 292 295]] [20 [301 302 304 307 308]] [21 [316 317 318 321 325 326 329]] [22 [330 332 334 335 338 342]] [23 [347 349 350 354 355]] [24 [360 362 363 372]] [25 [378 380 382 385 386 387 388]] [26 [390 391 393 398 401 402]] [27 [405 406 407 408 409 412 414 415 417 418]] [28 [420 421 422 427 429 430 434]] [29 [435 437 439 440 441 442 445 446 449]] [30 [452 454 455 456 457 462]] [31 [465 469 471 472 475 476 477 478]] [32 [480 488 489 491 492 494]] [33 [495 497 499 503 504 508 509]] [34 [510 511 512 515 518 519 524]] [35 [525 526 527 529 531 532 533 534]] [36 [542 543 545 549 550 551 552 554]] [37 [558 560 561 563 564 565 567 568]] [38 [570 575 576 577 578 579 580 581 582]] [39 [585 587 592 596 599]] [40 [600 604 605 606 608 612]] [41 [617 621 623 625 626 627 628 629]] [42 [633 635 636 637 642 643 644]] [43 [645 646 648 651 652 653 655 658 659]] [44 [660 661 662 664 665 667 668 672 674]] [45 [675 677 678 681 683 684 685 686 688 689]] [46 [691 694 703]] [47 [705 708 709 711 712 713 714 716 717]] [48 [720 723 724 725 728 730 734]] [49 [735 736 741 743 746 748 749]] [50 [753 754 756 758 759 760 762 764]] [51 [765 769 773 775 776]] [52 [780 783 785 787 788 790 791 793 794]] [53 [795 797 800 801 802 805 809]] [54 [810 811 817 819 820 821 823]] [55 [828 829 830 831 833 835 838 839]] [56 [842 844 845 847 848 850 852 854]] [57 [857 859 863 865 866 867 869]] [58 [872 873 877 878 880 881 882 883 884]] [59 [885 886 888 889 891 892 894 895]] [60 [902 904 906 907 908 909 911 913 914]] [61 [916 917 919 921 922 923 924 926 929]] [62 [930 931 932 936 938 940 941 942]] [63 [945 946 947 951 952 956 957 959]] [64 [960 962 963 964 965 970 972 973]] [65 [978 981 982 983 984 985 986 988]] [66 [992 994 995 1001 1002 1004]] [67 [1008 1009 1010 1013 1015 1017 1018]] [68 [1023 1025 1028 1030 1031]] [69 [1035 1038 1041 1042 1043 1045 1047]] [70 [1050 1052 1053 1057 1060 1064]] [71 [1069 1071 1072 1073 1074 1076 1079]] [72 [1082 1084 1088 1089 1094]] [73 [1096 1098 1103 1105 1108 1109]] [74 [1110 1112 1114 1115 1117 1122 1124]] [75 [1126 1128 1129 1130 1131 1133 1134 1136 1138]] [76 [1142 1147 1148 1150 1153]] [77 [1155 1157 1158 1159 1160 1166 1167 1168 1169]] [78 [1170 1171 1173 1174 1175 1176 1177 1178 1180 1183]] [79 [1185 1186 1188 1189 1190 1191 1192 1196 1198]] [80 [1204 1208 1209 1210 1212 1214]] [81 [1217 1219 1221 1222 1223 1224 1225 1227 1228 1229]] [82 [1231 1232 1233 1236 1237 1238 1242 1243]] [83 [1248 1249 1250 1251 1252 1254 1256 1257 1258 1259]] [84 [1260 1262 1265 1267 1269 1270]] [85 [1275 1276 1277 1279 1280 1281 1282 1283 1284 1286 1287]] [86 [1290 1292 1293 1298 1300]] [87 [1305 1307 1308 1314 1317 1319]] [88 [1320 1321 1322 1324 1328]] [89 [1335 1341 1342 1344 1346 1347]] [90 [1350 1353 1357 1360 1362 1363 1364]] [91 [1365 1366 1368 1369 1370 1371 1372 1373 1377]] [92 [1380 1381 1382 1383 1384 1388 1389 1391 1392]] [93 [1397 1400 1401 1402 1404 1405 1408]] [94 [1410 1411 1414 1415 1417 1418 1421 1423]] [95 [1426 1428 1429 1432 1433 1434 1435 1436 1437]] [96 [1441 1442 1443 1447 1448 1450 1454]] [97 [1455 1456 1457 1458 1459 1460 1461 1463 1464 1467 1468]] [98 [1470 1473 1474 1480 1481 1482 1483]] [99 [1486 1487 1490 1492 1493 1494 1497 1498 1499]]]",,"[[{citizen 7} [[""A"" [1 1 2 2 1 1 2 3 6 4]]]] [{citizen 8} [[""A"" [0 1 2 2 1 2 2 1 3 2]]]] [{citizen 19} [[""A"" [2 2 2 4 5 4 5 5 4 6]]]] [{citizen 48} [[""A"" [1 2 2 1 4 1 2 2 4 5]]]] [{media 51} [[""A"" [2 2 2 2 2 2 2 2 2 2]]]] [{media 52} [[""A"" [0 0 0 0 0 0 0 0 0 0]]]] [{media 53} [[""A"" [6 6 6 6 6 6 6 6 6 6]]]] [{media 54} [[""A"" [2 2 2 2 2 2 2 2 2 2]]]] [{media 56} [[""A"" [5 5 5 5 5 5 5 5 5 5]]]] [{media 57} [[""A"" [2 2 2 2 2 2 2 2 2 2]]]] [{media 59} [[""A"" [2 2 2 2 2 2 2 2 2 2]]]] [{media 60} [[""A"" [1 1 1 1 1 1 1 1 1 1]]]] [{media 61} [[""A"" [6 6 6 6 6 6 6 6 6 6]]]] [{media 62} [[""A"" [3 3 3 3 3 3 3 3 3 3]]]] [{media 63} [[""A"" [1 1 1 1 1 1 1 1 1 1]]]] [{citizen 0} [[""A"" [4 5 2 2 2 1 2 2 2 3]]]] [{citizen 4} [[""A"" [2 2 1 1 4 2 1 1 4 6]]]] [{media 64} [[""A"" [4 4 4 4 4 4 4 4 4 4]]]] [{media 58} [[""A"" [5 5 5 5 5 5 5 5 5 5]]]] [{media 50} [[""A"" [4 4 4 4 4 4 4 4 4 4]]]] [{citizen 26} [[""A"" [2 1 4 2 1 2 3 0 2 4]]]] [{citizen 41} [[""A"" [4 6 6 2 3 2 4 6 6 5]]]] [{citizen 22} [[""A"" [2 1 2 2 2 4 5 6 4 2]]]] [{citizen 21} [[""A"" [1 1 2 2 2 1 2 2 1 3]]]] [{citizen 17} [[""A"" [2 2 3 5 4 2 5 1 4 1]]]] [{citizen 33} [[""A"" [4 2 1 2 4 2 2 0 2 1]]]] [{citizen 25} [[""A"" [1 2 1 3 5 2 2 1 3 1]]]] [{citizen 9} [[""A"" [1 1 2 6 4 5 1 2 2 1]]]] [{citizen 44} [[""A"" [2 1 2 1 1 1 2 6 5 5]]]] [{citizen 40} [[""A"" [4 3 5 6 2 3 2 2 1 1]]]] [{citizen 11} [[""A"" [3 2 1 1 2 3 1 4 5 4]]]] [{citizen 37} [[""A"" [2 1 2 2 0 1 1 5 5 4]]]] [{citizen 28} [[""A"" [4 2 3 2 2 2 4 5 4 4]]]] [{citizen 34} [[""A"" [2 2 0 2 3 6 5 4 5 4]]]] [{citizen 24} [[""A"" [6 2 2 1 2 2 1 1 2 3]]]] [{citizen 38} [[""A"" [4 1 2 1 2 3 4 6 6 6]]]] [{citizen 46} [[""A"" [4 2 1 1 2 3 2 4 5 1]]]] [{citizen 36} [[""A"" [5 2 1 1 1 2 6 5 2 1]]]] [{citizen 35} [[""A"" [1 2 1 2 3 4 6 6 2 2]]]] [{citizen 18} [[""A"" [2 1 2 5 1 1 1 1 1 1]]]] [{citizen 39} [[""A"" [5 5 2 2 2 5 4 6 1 2]]]] [{citizen 10} [[""A"" [0 1 0 2 1 1 2 1 1 1]]]] [{citizen 1} [[""A"" [6 2 1 2 2 3 1 5 6 5]]]] [{citizen 3} [[""A"" [6 2 1 2 2 4 5 4 3 1]]]] [{citizen 16} [[""A"" [1 1 3 2 2 2 1 2 2 3]]]] [{citizen 43} [[""A"" [3 1 2 1 1 2 3 6 5 5]]]] [{citizen 12} [[""A"" [5 5 3 2 1 1 6 1 3 1]]]] [{citizen 45} [[""A"" [2 4 5 5 1 1 2 2 1 1]]]] [{citizen 13} [[""A"" [4 4 2 0 2 2 4 2 2 4]]]] [{media 55} [[""A"" [1 1 1 1 1 1 1 1 1 1]]]] [{citizen 20} [[""A"" [2 1 1 2 4 2 1 4 6 5]]]] [{citizen 42} [[""A"" [3 2 3 2 2 2 4 4 5 1]]]] [{citizen 30} [[""A"" [1 2 1 2 4 1 2 4 3 5]]]] [{citizen 32} [[""A"" [5 5 2 1 1 2 3 4 5 3]]]] [{citizen 2} [[""A"" [3 3 2 2 2 4 6 5 4 5]]]] [{citizen 49} [[""A"" [2 1 1 1 1 2 2 0 2 3]]]] [{citizen 5} [[""A"" [3 1 3 2 2 2 4 0 2 2]]]] [{citizen 29} [[""A"" [0 4 2 3 2 1 1 2 3 5]]]] [{citizen 15} [[""A"" [1 3 2 2 0 2 4 4 2 2]]]] [{citizen 47} [[""A"" [2 2 1 1 0 1 1 5 4 6]]]] [{citizen 31} [[""A"" [6 2 2 1 1 1 2 0 3 5]]]] [{citizen 14} [[""A"" [1 0 2 1 1 3 2 2 2 1]]]] [{citizen 23} [[""A"" [2 4 6 5 5 2 3 6 1 5]]]] [{citizen 27} [[""A"" [6 5 5 2 4 0 1 2 2 1]]]]]"
"7","[128 0 127]","191.25","-1.2831988275953163","-4.671334078211765","""circle""","""""","9.9","{breed citizens}","false","0.5","1","""up""",,"[[""ID"" 46] [""alpha"" 1] [""beta"" 1] [""malleable"" [""A""]] [""prior"" []] [""cont_tokens"" []] [""A"" 3]]","[[0 [0 1 2 3 4 5 6 7 9 10 11 12 13 14]] [1 [15 16 17 18 19 20 21 22 23 24 25 26 27 28 29]] [2 [30 31 32 33 34 35 36 37 38 39 40 41 42 43 44]] [3 [45 46 47 48 49 50 51 52 53 54 55 56 57 58 59]] [4 [60 61 62 63 64 65 66 67 68 69 70 71 72 73 74]] [5 [75 76 77 78 81 83 87 88 89]] [6 [90 91 92 93 94 95 96 97 98 101 102 103]] [7 [105 106 107 108 109 110 111 112 114 115 116 117 119]] [8 [121 125 126 127 128 130 131 132 133 134]] [9 [135 136 137 138 139 140 141 142 144 145 146 147 149]] [10 [150 151 152 153 154 155 156 157 158 159 160 161 163]] [11 [165 166 167 168 169 170 171 172 173 174 175 176 177 178 179]] [12 [180 181 182 183 184 185 186 187 188 189 190 191 192 193 194]] [13 [195 196 197 198 199 200 201 202 203 204 205 206 207 208 209]] [14 [210 211 212 213 214 215 216 217 218 219 220 221 222 224]] [15 [225 226 227 228 229 230 231 232 233 234 235 236 237 238 239]] [16 [240 241 242 243 244 245 246 247 248 249 250 251 252 253 254]] [17 [255 256 257 258 259 260 261 262 263 264 265 266 267 268 269]] [18 [270 271 272 273 274 275 276 277 278 279 280 281 282 283 284]] [19 [285 286 287 288 289 290 291 292 293 294 295 296 297 298 299]] [20 [300 305 306 307 308 313]] [21 [315 316 317 318 319 320 321 322 323 324 325 326 327 328 329]] [22 [330 332 335 338 339 342]] [23 [347 349 350 352 354 355 357]] [24 [360 362 363 365 371 372]] [25 [378 380 382 383 385 388 389]] [26 [390 391 393 398 401 402]] [27 [405 406 407 409 411 412 413 414 415 416 417 418 419]] [28 [420 421 422 423 424 425 426 427 428 429 430 431 432 433 434]] [29 [435 436 437 438 439 440 441 442 443 444 445 446 449]] [30 [450 451 452 453 454 455 456 457 458 459 460 461 462 463 464]] [31 [465 469 471 472 474 475 476 477 478 479]] [32 [480 481 482 483 484 485 486 487 488 489 490 491 492 493 494]] [33 [495 496 497 498 499 500 501 502 503 504 505 506 507 508 509]] [34 [513 514 515 517 520 521 523]] [35 [525 526 527 528 530 531 532 533 534 535 536 537 538 539]] [36 [540 541 542 543 544 545 546 547 548 549 550 551 552 553 554]] [37 [555 556 557 558 559 560 561 562 563 564 565 566 567 568 569]] [38 [570 571 572 573 574 575 576 577 578 579 580 581 582 583 584]] [39 [585 586 587 588 589 590 591 592 593 594 595 596 597 598 599]] [40 [600 601 602 603 604 605 606 607 608 612 613 614]] [41 [615 616 617 618 619 620 621 622 623 624 625 626 627 628 629]] [42 [630 631 632 633 634 635 636 637 638 639 640 641 642 643 644]] [43 [645 646 647 648 650 651 652 653 654 655 656 658 659]] [44 [660 661 662 664 665 667 668 670 671 672 673 674]] [45 [675 676 677 678 679 680 681 682 683 684 685 686 687 688 689]] [46 [690 691 693 694 695 696 697 698 699 700 701 702 703 704]] [47 [705 706 707 708 709 710 711 712 713 714 715 716 717 718 719]] [48 [720 722 723 724 725 728 730 734]] [49 [735 736 737 738 739 740 741 742 743 744 745 746 747 748 749]] [50 [750 751 752 753 754 755 756 757 758 759 760 762 764]] [51 [765 767 769 773 774 775 776]] [52 [780 781 782 783 784 785 786 787 788 789 790 791 792 793 794]] [53 [795 796 797 798 799 800 801 802 803 804 805 806 807 808 809]] [54 [810 811 812 813 814 815 816 817 818 819 820 821 822 823 824]] [55 [825 826 827 828 829 830 831 832 833 834 835 836 837 838 839]] [56 [840 841 842 843 844 845 846 847 848 849 850 851 852 853 854]] [57 [855 856 857 858 859 860 861 862 863 864 865 866 867 868 869]] [58 [870 871 872 873 874 875 876 877 878 879 880 881 882 883 884]] [59 [885 886 887 888 889 890 891 892 893 894 895 896 899]] [60 [900 902 903 905 906 907 908 909 911 912 913 914]] [61 [915 916 917 918 919 920 921 922 923 924 925 926 927 928 929]] [62 [930 931 932 933 934 935 936 937 938 939 940 941 942 943 944]] [63 [945 946 947 948 951 952 954 955 956 957 959]] [64 [960 962 963 964 965 969 970 972 973]] [65 [977 978 979 980 981 982 983 984 985 986 987 988 989]] [66 [990 992 993 994 995 996 997 998 999 1000 1001 1002 1003 1004]] [67 [1005 1006 1007 1008 1009 1010 1011 1012 1013 1014 1015 1016 1017 1018 1019]] [68 [1020 1021 1022 1023 1024 1025 1026 1027 1028 1029 1030 1031 1032 1033 1034]] [69 [1035 1036 1037 1038 1039 1040 1041 1042 1043 1045 1046 1047 1048 1049]] [70 [1050 1052 1053 1054 1055 1056 1057 1058 1059 1060 1061 1062 1063 1064]] [71 [1065 1066 1067 1068 1070 1073 1075 1077 1078]] [72 [1080 1081 1082 1083 1084 1085 1086 1087 1088 1089 1090 1091 1092 1093 1094]] [73 [1095 1097 1099 1100 1101 1102 1104 1106]] [74 [1110 1111 1112 1113 1114 1115 1116 1117 1118 1119 1120 1121 1122 1123 1124]] [75 [1125 1126 1127 1128 1129 1130 1131 1132 1133 1134 1135 1136 1137 1138 1139]] [76 [1140 1141 1142 1143 1144 1145 1147 1148 1150 1151 1152 1153]] [77 [1155 1157 1158 1159 1160 1161 1162 1163 1164 1165 1166 1167 1168 1169]] [78 [1170 1171 1172 1173 1174 1175 1176 1177 1178 1179 1180 1181 1182 1183 1184]] [79 [1185 1186 1187 1188 1189 1190 1191 1192 1193 1194 1195 1196 1197 1198 1199]] [80 [1200 1201 1202 1203 1204 1205 1206 1207 1208 1209 1210 1211 1212 1213 1214]] [81 [1215 1216 1217 1218 1219 1220 1221 1222 1223 1224 1225 1226 1227 1228 1229]] [82 [1230 1231 1232 1233 1235 1236 1237 1238 1239 1240 1241 1242 1243 1244]] [83 [1245 1246 1247 1248 1249 1250 1251 1252 1253 1254 1256 1257 1258 1259]] [84 [1260 1261 1262 1263 1265 1267 1269 1270 1271]] [85 [1275 1276 1277 1279 1280 1281 1282 1283 1284 1286 1287]] [86 [1290 1291 1292 1293 1295 1296 1298 1299 1300 1301 1302 1303 1304]] [87 [1305 1306 1307 1308 1309 1310 1311 1312 1313 1314 1315 1316 1317 1318 1319]] [88 [1320 1321 1322 1323 1324 1325 1326 1327 1328 1329 1330 1331 1332 1333 1334]] [89 [1335 1336 1337 1338 1339 1340 1341 1342 1343 1344 1345 1346 1347 1348 1349]] [90 [1350 1351 1352 1353 1354 1355 1356 1357 1358 1359 1360 1361 1362 1363 1364]] [91 [1365 1366 1367 1368 1369 1370 1371 1372 1373 1374 1375 1376 1377 1378 1379]] [92 [1380 1381 1382 1383 1384 1385 1386 1387 1388 1389 1390 1391 1392 1393 1394]] [93 [1395 1396 1397 1398 1399 1400 1401 1402 1403 1404 1405 1406 1407 1408]] [94 [1410 1411 1412 1414 1415 1416 1417 1418 1419 1420 1421 1422 1423 1424]] [95 [1425 1426 1427 1428 1429 1430 1431 1432 1433 1434 1435 1436 1437 1438 1439]] [96 [1440 1441 1442 1443 1444 1445 1446 1449 1450 1454]] [97 [1455 1456 1460 1462 1465 1466 1469]] [98 [1472 1475 1476 1477 1478 1479 1484]] [99 [1485 1488 1489 1491 1495 1496 1497]]]","[[0 [1 2 3 4 5 9 14]] [1 [15 18 20 22 26 29]] [2 [32 33 34 36 38 40]] [3 [45 46 47 50 54 55 56 57 59]] [4 [61 62 63 64 65 69 70 72 74]] [5 [75 76 77 78 81 83 88 89]] [6 [90 92 94 95 97 102]] [7 [106 107 108 111 112 116 117]] [8 [121 125 126 127 128 131 132 133 134]] [9 [136 138 141 142 144 147 149]] [10 [150 151 152 153 154 155 156 157 158 159]] [11 [166 167 169 170 171 174 175 176]] [12 [181 182 183 185 188 189 190 191 193]] [13 [195 197 200 205 208 209]] [14 [210 211 212 214 215 216 218 221 224]] [15 [225 227 231 232 238 239]] [16 [240 241 243 244 245 248 249 250 251 252]] [17 [255 256 257 265 266 267 268 269]] [18 [270 273 275 284]] [19 [287 293 294 296 297 298 299]] [20 [305 306 307 308 313]] [21 [321 325 326 329]] [22 [330 335 338 339 342]] [23 [347 349 350 352 354 355]] [24 [360 362 363 371 372]] [25 [378 380 382 383 389]] [26 [391 393 398 402]] [27 [405 406 407 412 414 415 417 418]] [28 [420 421 422 424 425 427 430 433]] [29 [436 438 443 444 445 449]] [30 [452 454 455 456 457 462]] [31 [465 469 471 472 475 476 477 478]] [32 [480 483 484 485 488 489 491 492 494]] [33 [495 497 499 503 504 505 506 507]] [34 [513 514 515 520 521]] [35 [526 527 531 532 533 534]] [36 [542 543 544 545 549 550 551 552 553]] [37 [555 556 557 559 562 565 567 568]] [38 [570 571 572 574 575 576 577 578 579 580 581 582]] [39 [585 587 592 593 594 596 599]] [40 [600 604 605 606 608 612]] [41 [621 622 624 627 628 629]] [42 [633 635 636 637 642 643 644]] [43 [645 646 648 651 652 653 655 656 659]] [44 [660 661 662 664 665 670 671 673]] [45 [676 679 682 687 688 689]] [46 [690 691 694 701 702]] [47 [706 707 709 711 712 713 714 717]] [48 [720 722 723 724 725 728 730 734]] [49 [737 738 739 740 742 744 747 749]] [50 [752 753 754 756 758 759 760 762 764]] [51 [765 769 773 776]] [52 [780 783 785 787 788 790 793 794]] [53 [795 797 800 801 802 804 806 807]] [54 [811 817 819 823]] [55 [828 832 833 836 837]] [56 [840 841 843 846 849 851]] [57 [855 857 859 863 865 866 867 869]] [58 [873 875 881 882 883 884]] [59 [885 886 888 889 891 892 895 896 899]] [60 [900 906 907 908 909 911 913 914]] [61 [916 917 919 921 922 923 924 928]] [62 [931 932 935 937 938 940 941 942]] [63 [945 946 947 948 951 952 956 957 959]] [64 [960 962 963 964 965 969 972 973]] [65 [978 981 982 984 985 986 988]] [66 [990 992 996 997 998 999 1000 1003]] [67 [1005 1006 1007 1008 1009 1010 1013 1017 1018]] [68 [1021 1023 1025 1028 1030 1032 1033 1034]] [69 [1036 1037 1039 1040 1042 1043 1045 1046 1048 1049]] [70 [1052 1055 1056 1058 1059 1061 1062 1063]] [71 [1065 1066 1067 1068 1070 1073 1075 1077 1078]] [72 [1080 1081 1082 1084 1088 1089 1090 1091 1092 1093]] [73 [1095 1097 1099 1100 1101 1102 1106]] [74 [1111 1113 1114 1115 1117 1120 1123 1124]] [75 [1126 1128 1129 1130 1131 1132 1133 1134 1136 1138]] [76 [1142 1147 1148 1150 1153]] [77 [1155 1157 1158 1159 1160 1165 1166 1167 1168 1169]] [78 [1170 1171 1179 1181 1182 1184]] [79 [1187 1189 1190 1191 1192 1196 1198]] [80 [1204 1208 1210 1212 1214]] [81 [1217 1219 1221 1222 1223 1224 1225 1227 1228 1229]] [82 [1231 1232 1233 1236 1237 1238 1242 1243]] [83 [1246 1248 1249 1250 1251 1252 1254 1256 1257 1258 1259]] [84 [1260 1261 1262 1265 1267 1269 1270 1271]] [85 [1275 1276 1279 1280 1281 1282 1283 1287]] [86 [1290 1291 1292 1293 1295 1296 1299 1301 1302 1303 1304]] [87 [1306 1309 1310 1311 1312 1313 1315 1318 1319]] [88 [1320 1321 1322 1323 1324 1328]] [89 [1335 1338 1339 1342 1344 1346 1347]] [90 [1350 1352 1353 1357 1360 1362 1363 1364]] [91 [1365 1366 1368 1369 1370 1371 1372 1373 1377]] [92 [1380 1381 1382 1383 1384 1389 1391 1392 1393]] [93 [1399 1400 1401 1402 1404 1406 1407 1408]] [94 [1410 1411 1414 1415 1417 1418 1421 1422 1423]] [95 [1427 1428 1430 1431 1439]] [96 [1440 1441 1442 1443 1450 1454]] [97 [1455 1456 1460 1466 1469]] [98 [1472 1475 1476 1479 1484]] [99 [1485 1488 1489 1491 1495 1497]]]",,"[[{citizen 11} [[""A"" [3 1 2 4 3 2 1 1 4 5]]]] [{citizen 12} [[""A"" [1 2 3 5 5 5 3 1 4 5]]]] [{citizen 15} [[""A"" [2 1 1 4 2 3 2 1 0 4]]]] [{citizen 16} [[""A"" [1 2 1 4 3 2 1 2 0 4]]]] [{citizen 26} [[""A"" [2 4 4 2 3 2 1 0 2 4]]]] [{citizen 28} [[""A"" [2 1 2 4 4 2 3 2 4 5]]]] [{citizen 29} [[""A"" [2 1 2 4 4 2 3 2 1 0]]]] [{citizen 30} [[""A"" [2 1 2 3 2 2 4 4 2 1]]]] [{citizen 32} [[""A"" [5 5 2 1 2 3 4 4 4 5]]]] [{media 50} [[""A"" [4 4 4 4 4 4 4 4 4 4]]]] [{media 53} [[""A"" [6 6 6 6 6 6 6 6 6 6]]]] [{media 54} [[""A"" [2 2 2 2 2 2 2 2 2 2]]]] [{media 55} [[""A"" [1 1 1 1 1 1 1 1 1 1]]]] [{media 56} [[""A"" [5 5 5 5 5 5 5 5 5 5]]]] [{media 57} [[""A"" [2 2 2 2 2 2 2 2 2 2]]]] [{media 59} [[""A"" [2 2 2 2 2 2 2 2 2 2]]]] [{media 60} [[""A"" [1 1 1 1 1 1 1 1 1 1]]]] [{media 61} [[""A"" [6 6 6 6 6 6 6 6 6 6]]]] [{media 62} [[""A"" [3 3 3 3 3 3 3 3 3 3]]]] [{media 63} [[""A"" [1 1 1 1 1 1 1 1 1 1]]]] [{media 64} [[""A"" [4 4 4 4 4 4 4 4 4 4]]]] [{citizen 0} [[""A"" [2 1 2 2 1 3 2 1 2 4]]]] [{citizen 4} [[""A"" [3 2 2 1 4 2 1 4 6 5]]]] [{citizen 6} [[""A"" [2 1 4 4 2 3 2 1 1 0]]]] [{media 58} [[""A"" [5 5 5 5 5 5 5 5 5 5]]]] [{citizen 3} [[""A"" [2 5 4 6 2 1 2 4 4 2]]]] [{media 52} [[""A"" [0 0 0 0 0 0 0 0 0 0]]]] [{citizen 41} [[""A"" [6 2 2 1 4 4 2 4 6 5]]]] [{citizen 22} [[""A"" [1 2 2 4 6 6 4 2 1 4]]]] [{citizen 21} [[""A"" [2 2 1 1 4 4 4 5 3 2]]]] [{citizen 17} [[""A"" [3 5 5 2 1 2 4 4 4 2]]]] [{citizen 33} [[""A"" [2 4 5 5 4 1 2 4 2 2]]]] [{citizen 25} [[""A"" [2 1 2 3 4 4 3 2 1 2]]]] [{citizen 9} [[""A"" [3 2 1 1 1 2 4 4 6 5]]]] [{citizen 44} [[""A"" [1 1 2 2 4 6 6 5 5 4]]]] [{citizen 40} [[""A"" [1 0 2 4 5 4 3 6 5 6]]]] [{citizen 37} [[""A"" [1 4 2 3 2 1 2 3 2 2]]]] [{citizen 8} [[""A"" [2 2 4 2 1 2 3 2 0 2]]]] [{citizen 36} [[""A"" [5 5 2 2 1 1 4 4 1 5]]]] [{citizen 46} [[""A"" [3 1 2 4 4 2 3 2 1 5]]]] [{citizen 38} [[""A"" [4 1 2 3 4 1 1 3 4 6]]]] [{citizen 24} [[""A"" [2 2 1 2 2 4 5 5 2 2]]]] [{citizen 13} [[""A"" [1 2 4 4 4 3 2 1 2 0]]]] [{citizen 31} [[""A"" [1 3 2 2 1 3 2 1 0 3]]]] [{citizen 5} [[""A"" [2 4 4 2 3 2 1 2 0 2]]]] [{citizen 34} [[""A"" [2 4 4 2 1 2 4 5 3 2]]]] [{citizen 45} [[""A"" [1 2 4 2 3 2 1 4 5 5]]]] [{citizen 39} [[""A"" [5 5 5 2 2 2 2 4 4 5]]]] [{media 51} [[""A"" [2 2 2 2 2 2 2 2 2 2]]]] [{citizen 35} [[""A"" [3 0 1 1 3 6 6 2 2 4]]]] [{citizen 18} [[""A"" [4 2 1 3 2 1 1 2 5 5]]]] [{citizen 48} [[""A"" [4 4 2 3 2 1 0 2 4 5]]]] [{citizen 20} [[""A"" [2 1 2 4 4 2 1 4 6 5]]]] [{citizen 23} [[""A"" [2 4 6 6 5 5 1 2 4 6]]]] [{citizen 19} [[""A"" [4 4 3 2 2 2 4 6 5 5]]]] [{citizen 10} [[""A"" [5 5 3 2 2 1 1 4 3 2]]]] [{citizen 1} [[""A"" [2 1 4 2 2 3 1 5 6 5]]]] [{citizen 42} [[""A"" [4 3 2 1 2 3 2 2 4 5]]]] [{citizen 2} [[""A"" [4 1 3 2 2 2 4 6 5 5]]]] [{citizen 43} [[""A"" [4 6 2 1 1 2 4 4 5 5]]]] [{citizen 47} [[""A"" [2 1 2 4 2 2 3 2 1 0]]]] [{citizen 49} [[""A"" [6 5 5 4 2 3 2 1 1 2]]]] [{citizen 14} [[""A"" [1 1 2 4 2 3 2 1 0 2]]]] [{citizen 27} [[""A"" [2 1 2 4 6 5 5 1 2 4]]]]]"
"8","[213 0 42]","210","-2.467926811545479","-3.8410855842148512","""circle""","""""","9.9","{breed citizens}","false","0.5","1","""up""",,"[[""ID"" 5] [""alpha"" 1] [""beta"" 1] [""malleable"" [""A""]] [""prior"" []] [""cont_tokens"" []] [""A"" 1]]","[[0 [0 2 3 4 5 6 7 8 9 10 11 12 13 14]] [1 [15 17 18 19 20 21 22 23 24 25 26 27 28 29]] [2 [30 31 32 33 34 35 36 37 38 39 40 41 42 43 44]] [3 [45 46 48 49 50 51 52 53 54 55 56 57 58 59]] [4 [60 66 67 68 70 71 72 73 74]] [5 [75 76 77 78 79 81 82 83 84 85 86 87 88 89]] [6 [90 92 93 94 95 96 97 98 101 102 103]] [7 [105 106 107 108 109 110 111 112 114 115 116 117 119]] [8 [120 121 122 123 124 125 126 127 128 129 130 131 132 133 134]] [9 [135 136 137 138 139 140 141 142 144 145 146 147 149]] [10 [150 151 152 153 154 155 156 157 158 159 160 161 163]] [11 [165 166 167 168 169 170 171 172 173 174 175 176 177 178 179]] [12 [181 182 183 185 186 187 188 189 190 191 192 193 194]] [13 [195 196 197 198 199 200 201 202 203 204 205 206 207 208 209]] [14 [210 211 212 213 214 215 216 217 218 219 220 221 222 224]] [15 [226 228 229 230 235 237]] [16 [240 241 242 243 244 245 246 247 248 249 250 251 252 253 254]] [17 [255 256 257 258 259 261 265 266 267 268 269]] [18 [270 271 272 273 274 275 276 277 278 279 280 281 282 283 284]] [19 [285 286 288 289 290 291 292 295 297 298 299]] [20 [300 301 302 303 304 305 306 307 308 309 310 311 312 314]] [21 [315 316 317 318 319 320 321 322 323 324 325 326 328 329]] [22 [331 332 333 334 335 336 337 338 339 340 341 342 343 344]] [23 [345 346 347 348 349 350 352 353 354 355 356 357 358 359]] [24 [360 361 362 363 364 365 366 367 368 369 370 371 372 373 374]] [25 [375 376 377 378 379 380 381 382 383 384 385 386 387 388 389]] [26 [390 391 392 393 394 395 396 397 398 400 401 402 403 404]] [27 [405 406 407 408 409 410 411 412 413 414 415 416 417 418 419]] [28 [420 421 422 423 424 425 426 427 428 429 430 431 432 433 434]] [29 [435 436 437 438 439 440 441 442 443 444 445 446 447 448 449]] [30 [450 451 452 453 454 455 456 457 458 459 460 461 462 463 464]] [31 [465 469 471 472 474 475 476 477 478 479]] [32 [480 481 482 483 484 485 486 487 488 489 490 491 492 493 494]] [33 [495 496 497 498 499 500 501 502 503 504 505 506 507 508 509]] [34 [513 514 517 520 521 523]] [35 [526 530 535 536 537 538 539]] [36 [540 541 542 543 544 545 546 547 548 549 550 551 552 553 554]] [37 [556 557 558 559 560 561 562 563 564 565 566 567 568 569]] [38 [570 571 572 573 574 575 576 577 578 579 580 581 582 583]] [39 [585 586 587 588 589 590 591 592 593 594 595 596 597 598 599]] [40 [600 601 602 603 604 605 606 607 608 609 610 611 612 613 614]] [41 [615 616 617 618 619 620 621 622 623 624 625 626 627 628 629]] [42 [630 631 632 633 634 635 636 637 638 639 640 641 642 643 644]] [43 [645 646 647 648 650 651 652 653 654 655 656 658 659]] [44 [660 661 662 664 665 667 668 670 671 672 673 674]] [45 [675 676 677 678 679 680 681 682 683 684 685 686 687 688 689]] [46 [690 691 693 694 695 696 697 698 699 700 701 702 703 704]] [47 [705 706 707 708 709 710 711 712 713 714 715 716 717 718 719]] [48 [720 722 723 724 725 726 728 729 730 731 732 733 734]] [49 [735 736 737 738 739 740 741 742 743 744 745 746 747 748 749]] [50 [750 751 752 753 754 755 756 757 758 759 760 762 764]] [51 [765 767 768 769 770 771 772 773 774 775 776]] [52 [780 781 782 783 784 785 786 787 788 789 790 791 792 793 794]] [53 [795 796 798 799 803 804 806 807]] [54 [811 817 819 820 821 823]] [55 [828 829 830 831 832 833 834 835 836 837 838 839]] [56 [840 841 842 843 844 845 846 847 848 849 850 851 852 853 854]] [57 [855 856 857 859 860 861 862 863 864 865 866 867 868 869]] [58 [870 871 872 873 874 875 876 877 878 879 880 881 882 883 884]] [59 [885 886 887 888 889 890 891 892 893 894 895 896 899]] [60 [900 901 902 903 904 905 906 907 908 909 910 911 912 913 914]] [61 [915 916 917 918 919 920 921 922 923 924 925 926 927 928 929]] [62 [931 932 933 934 935 936 937 938 939 940 941 942 943 944]] [63 [945 946 947 948 951 952 956 957 959]] [64 [960 962 963 964 965 969 970 972 973]] [65 [977 978 979 980 981 982 983 984 985 986 987 988 989]] [66 [990 991 992 993 994 995 996 997 998 999 1000 1001 1002 1003 1004]] [67 [1005 1006 1007 1008 1009 1010 1011 1012 1013 1014 1015 1016 1017 1018 1019]] [68 [1020 1021 1022 1023 1024 1025 1026 1027 1028 1029 1030 1031 1032 1033 1034]] [69 [1035 1036 1037 1038 1039 1040 1041 1042 1043 1045 1046 1047 1048 1049]] [70 [1050 1052 1053 1054 1055 1056 1057 1058 1059 1060 1061 1062 1063 1064]] [71 [1065 1066 1067 1068 1070 1073 1074 1075 1076 1077 1078 1079]] [72 [1080 1081 1082 1083 1084 1085 1086 1087 1088 1089 1090 1091 1092 1093 1094]] [73 [1095 1097 1099 1100 1101 1102 1104 1106]] [74 [1110 1111 1112 1113 1114 1115 1116 1117 1118 1119 1120 1121 1122 1123 1124]] [75 [1125 1126 1127 1128 1129 1130 1131 1132 1133 1134 1135 1136 1137 1138 1139]] [76 [1140 1141 1142 1143 1144 1145 1147 1148 1150 1151 1152 1153]] [77 [1155 1156 1157 1158 1159 1160 1161 1162 1163 1164 1165 1166 1167 1168 1169]] [78 [1170 1171 1172 1173 1174 1175 1176 1177 1178 1179 1180 1181 1182 1183 1184]] [79 [1185 1186 1187 1188 1189 1190 1191 1192 1193 1194 1195 1196 1197 1198 1199]] [80 [1200 1201 1202 1203 1204 1208 1209 1210 1212 1213 1214]] [81 [1215 1216 1217 1218 1219 1220 1221 1222 1223 1224 1225 1226 1227 1228 1229]] [82 [1231 1232 1233 1236 1237 1238 1242 1243 1244]] [83 [1246 1247 1248 1249 1250 1251 1252 1254 1256 1257 1258 1259]] [84 [1260 1261 1262 1263 1265 1267 1269 1270 1271]] [85 [1275 1276 1277 1279 1280 1281 1282 1283 1284 1286 1287]] [86 [1290 1291 1292 1293 1295 1296 1298 1299 1300 1301 1302 1303 1304]] [87 [1305 1306 1307 1308 1309 1310 1311 1312 1313 1314 1315 1316 1317 1318 1319]] [88 [1320 1321 1322 1323 1324 1325 1326 1327 1328 1329 1330 1331 1332 1333 1334]] [89 [1335 1336 1337 1338 1339 1340 1341 1342 1343 1344 1345 1346 1347 1348 1349]] [90 [1350 1351 1352 1353 1354 1355 1356 1357 1358 1359 1360 1361 1362 1363 1364]] [91 [1365 1366 1367 1368 1369 1370 1371 1373 1374 1375 1376 1377 1378 1379]] [92 [1380 1381 1382 1383 1384 1385 1386 1387 1388 1389 1390 1394]] [93 [1395 1396 1398 1403 1405 1407 1408 1409]] [94 [1410 1411 1412 1414 1415 1416 1417 1418 1419 1420 1421 1422 1423 1424]] [95 [1425 1426 1427 1428 1429 1430 1431 1432 1433 1434 1435 1436 1437 1438 1439]] [96 [1440 1441 1442 1443 1445 1446 1447 1448 1449 1450 1451 1452 1453 1454]] [97 [1455 1456 1457 1458 1459 1460 1461 1463 1464 1467 1468]] [98 [1470 1471 1472 1473 1474 1475 1476 1479 1480 1481 1482 1483 1484]] [99 [1485 1486 1487 1488 1489 1490 1491 1492 1493 1494 1495 1496 1497 1498 1499]]]","[[0 [0 4 5 9 14]] [1 [15 18 20 22 26 29]] [2 [30 31 32 34 36 40 42 43 44]] [3 [49 51 52 53 58]] [4 [60 67 68 70 72 74]] [5 [76 77 78 81 83 88 89]] [6 [90 92 93 95 98 101 103]] [7 [106 109 110 111 112 116 117 119]] [8 [121 125 127 128 130 131 132 133 134]] [9 [136 138 141 142 144 146 147 149]] [10 [150 151 152 153 154 155 160 161 163]] [11 [165 167 168 169 170 171 174 175 176]] [12 [181 182 183 185 188 189 190 191 193]] [13 [195 197 200 206 207 209]] [14 [210 211 212 213 215 217 219 220 222]] [15 [226 228 229 230 235 237]] [16 [246 247 249 250 251 252]] [17 [255 256 257 268]] [18 [270 273 274 276 277 278 280 281 282 283]] [19 [285 286 288 289 290 291 292 295]] [20 [301 302 304 307 308 309 310 311 312 314]] [21 [315 316 317 318 319 320 322 323 328]] [22 [331 333 334 335 338 342]] [23 [347 349 350 354 355]] [24 [360 362 363 372]] [25 [378 380 382 385 386 387 388]] [26 [390 391 396 397 400 403 404]] [27 [405 407 408 409 412 414 415 417]] [28 [420 421 422 426 428 429 430]] [29 [438 443 444 445 446 449]] [30 [452 454 455 456 457 462]] [31 [465 469 471 472 475 476 477 478]] [32 [480 488 489 491 492 493]] [33 [497 500 501 502 503 504 505 506]] [34 [514 517 520 521]] [35 [526 530 535 536 537 538 539]] [36 [540 541 546 547 548 554]] [37 [556 557 559 562 565 566 567 568]] [38 [570 572 574 575 576 577 578 583]] [39 [585 589 590 591 593 594 595 597 598]] [40 [602 603 607 608 612 613 614]] [41 [615 618 619 628 629]] [42 [633 634 636 637 638 642 643 644]] [43 [645 646 648 651 652 653 655 658 659]] [44 [660 661 662 664 667 668 672 674]] [45 [675 677 678 681 683 684 685 686 689]] [46 [690 691 694 701 702]] [47 [706 707 709 711 712 713 716 717]] [48 [720 722 723 724 725 728 730 734]] [49 [737 738 739 740 742 744 745 747]] [50 [751 752 753 754 755 757 758 759 760 762 764]] [51 [765 767 769 773 776]] [52 [780 783 786 789]] [53 [798 799 806 807]] [54 [811 817 819 820 821 823]] [55 [828 832 833 834 835 838 839]] [56 [842 845 847 848 850 851]] [57 [855 857 859 863 865 866 867 869]] [58 [873 875 878 880 881 882 883 884]] [59 [885 886 888 889 890 892 894 895]] [60 [902 903 905 912]] [61 [915 918 920 921 922 923 924 928]] [62 [931 932 935 937 938 940]] [63 [946 947 951 952 956 957 959]] [64 [960 962 963 964 965 969 972 973]] [65 [977 979 980 987 989]] [66 [990 992 993 996 997 998 999 1000 1003]] [67 [1006 1007 1008 1009 1010 1013 1015 1017 1018]] [68 [1021 1023 1025 1028 1030 1032 1033 1034]] [69 [1036 1037 1039 1040 1041 1043 1045 1046 1049]] [70 [1050 1052 1053 1054 1057 1060 1062 1063]] [71 [1065 1066 1067 1068 1070 1073 1075 1077 1078]] [72 [1080 1083 1085 1087 1090 1091 1092 1093]] [73 [1095 1097 1099 1100 1101 1102 1104 1106]] [74 [1111 1113 1114 1115 1117 1122 1123 1124]] [75 [1126 1128 1129 1130 1132 1133 1134 1136 1138]] [76 [1141 1143 1144 1145 1151 1152 1153]] [77 [1155 1157 1158 1159 1160 1166 1167 1168 1169]] [78 [1172 1174 1175 1176 1177 1178 1180 1183]] [79 [1185 1186 1188 1189 1190 1192 1196 1198 1199]] [80 [1200 1201 1202 1203 1208 1209 1210 1212 1214]] [81 [1217 1219 1221 1222 1223 1224 1225 1226 1227 1228 1229]] [82 [1231 1232 1233 1236 1237 1238 1242 1244]] [83 [1246 1248 1251 1252 1256 1257 1258 1259]] [84 [1260 1262 1265 1267 1269 1270 1271]] [85 [1275 1276 1279 1280 1281 1282 1283 1287]] [86 [1290 1292 1293 1300]] [87 [1305 1307 1308 1314 1317]] [88 [1320 1321 1322 1324 1328]] [89 [1335 1341 1343 1345 1349]] [90 [1351 1355 1358 1359 1361]] [91 [1367 1374 1378 1379]] [92 [1385 1388 1389 1394]] [93 [1395 1396 1398 1405 1407 1408]] [94 [1410 1411 1414 1415 1417 1418 1421 1422 1423 1424]] [95 [1425 1426 1428 1429 1432 1433 1434 1435 1436 1437]] [96 [1441 1442 1443 1447 1451 1452 1453]] [97 [1457 1458 1459 1460 1461 1463 1464 1467 1468]] [98 [1470 1473 1474 1480 1481 1482 1483]] [99 [1486 1487 1490 1492 1493 1494 1497 1498 1499]]]",,"[[{citizen 12} [[""A"" [5 3 1 1 3 4 5 0 3 1]]]] [{citizen 17} [[""A"" [1 2 3 4 4 4 2 5 4 1]]]] [{citizen 25} [[""A"" [2 2 1 1 5 5 2 2 3 1]]]] [{citizen 33} [[""A"" [5 6 4 1 2 4 2 2 0 2]]]] [{citizen 37} [[""A"" [2 0 1 5 6 5 4 5 4 6]]]] [{citizen 41} [[""A"" [2 1 3 4 4 2 2 4 6 5]]]] [{citizen 47} [[""A"" [6 4 2 2 2 2 1 1 5 6]]]] [{media 51} [[""A"" [2 2 2 2 2 2 2 2 2 2]]]] [{media 52} [[""A"" [0 0 0 0 0 0 0 0 0 0]]]] [{media 53} [[""A"" [6 6 6 6 6 6 6 6 6 6]]]] [{media 54} [[""A"" [2 2 2 2 2 2 2 2 2 2]]]] [{media 56} [[""A"" [5 5 5 5 5 5 5 5 5 5]]]] [{media 57} [[""A"" [2 2 2 2 2 2 2 2 2 2]]]] [{media 59} [[""A"" [2 2 2 2 2 2 2 2 2 2]]]] [{media 60} [[""A"" [1 1 1 1 1 1 1 1 1 1]]]] [{media 61} [[""A"" [6 6 6 6 6 6 6 6 6 6]]]] [{media 62} [[""A"" [3 3 3 3 3 3 3 3 3 3]]]] [{media 63} [[""A"" [1 1 1 1 1 1 1 1 1 1]]]] [{citizen 5} [[""A"" [1 1 2 2 2 4 4 0 2 2]]]] [{citizen 0} [[""A"" [5 2 2 2 2 2 0 2 2 3]]]] [{citizen 4} [[""A"" [2 1 1 3 4 2 1 2 4 6]]]] [{citizen 6} [[""A"" [1 2 0 5 1 2 1 0 2 1]]]] [{media 64} [[""A"" [4 4 4 4 4 4 4 4 4 4]]]] [{media 58} [[""A"" [5 5 5 5 5 5 5 5 5 5]]]] [{media 50} [[""A"" [4 4 4 4 4 4 4 4 4 4]]]] [{citizen 26} [[""A"" [2 3 4 4 1 1 0 2 4 6]]]] [{citizen 22} [[""A"" [2 2 2 2 4 5 6 4 1 3]]]] [{citizen 21} [[""A"" [1 1 2 2 1 0 2 2 1 3]]]] [{citizen 9} [[""A"" [1 1 2 4 4 6 5 1 2 2]]]] [{citizen 44} [[""A"" [1 2 3 1 1 2 5 6 6 4]]]] [{citizen 40} [[""A"" [6 2 4 4 3 2 0 2 2 1]]]] [{citizen 11} [[""A"" [2 3 4 2 1 1 4 5 6 4]]]] [{citizen 34} [[""A"" [2 4 5 2 2 0 4 3 5 4]]]] [{citizen 35} [[""A"" [5 5 6 4 4 2 3 2 4 4]]]] [{citizen 18} [[""A"" [1 2 4 5 5 1 1 1 2 1]]]] [{citizen 48} [[""A"" [4 4 2 2 1 1 2 2 4 5]]]] [{citizen 20} [[""A"" [3 1 1 1 4 2 2 4 6 5]]]] [{citizen 16} [[""A"" [1 1 2 2 1 0 2 2 2 3]]]] [{citizen 43} [[""A"" [2 1 1 1 2 3 4 4 5 5]]]] [{citizen 32} [[""A"" [5 5 1 2 3 4 4 4 5 3]]]] [{citizen 36} [[""A"" [1 1 3 4 2 4 4 5 2 1]]]] [{citizen 46} [[""A"" [2 3 4 4 2 1 1 6 4 1]]]] [{citizen 38} [[""A"" [2 4 1 1 1 2 3 4 5 5]]]] [{citizen 24} [[""A"" [4 5 6 2 2 2 2 1 1 3]]]] [{citizen 39} [[""A"" [4 2 3 2 2 5 4 5 1 0]]]] [{citizen 23} [[""A"" [4 1 1 5 1 2 3 6 4 5]]]] [{citizen 28} [[""A"" [3 2 2 2 4 6 5 4 5 4]]]] [{citizen 10} [[""A"" [4 2 2 2 0 1 1 2 1 1]]]] [{citizen 1} [[""A"" [2 4 2 3 1 2 4 5 6 5]]]] [{citizen 45} [[""A"" [4 5 5 1 2 2 1 2 1 1]]]] [{citizen 13} [[""A"" [1 2 0 2 2 4 1 2 4 6]]]] [{citizen 7} [[""A"" [2 1 1 1 3 4 5 4 6 4]]]] [{citizen 19} [[""A"" [2 2 2 4 6 5 4 5 5 6]]]] [{citizen 3} [[""A"" [1 1 3 4 2 4 5 4 3 1]]]] [{media 55} [[""A"" [1 1 1 1 1 1 1 1 1 1]]]] [{citizen 42} [[""A"" [2 3 2 2 2 4 6 4 5 1]]]] [{citizen 30} [[""A"" [1 2 4 4 4 1 2 4 3 5]]]] [{citizen 2} [[""A"" [1 1 3 2 2 4 6 5 4 5]]]] [{citizen 49} [[""A"" [2 1 1 1 2 2 0 2 2 3]]]] [{citizen 15} [[""A"" [1 2 0 2 4 4 0 2 2 2]]]] [{citizen 31} [[""A"" [2 1 1 4 2 1 2 0 3 5]]]] [{citizen 29} [[""A"" [1 2 0 4 2 1 1 4 5 5]]]] [{citizen 14} [[""A"" [2 1 0 1 1 3 2 2 1 1]]]] [{citizen 27} [[""A"" [1 2 3 4 4 0 2 2 0 2]]]]]"
"9","[213 0 42]","232.5","-3.833415759744175","-3.2306124645936536","""circle""","""""","9.9","{breed citizens}","false","0.5","1","""up""",,"[[""ID"" 44] [""alpha"" 1] [""beta"" 1] [""malleable"" [""A""]] [""prior"" []] [""cont_tokens"" []] [""A"" 1]]","[[0 [0 2 3 4 5 6 7 8 9 10 11 12 13 14]] [1 [15 16 17 18 19 20 21 22 23 24 25 26 27 28 29]] [2 [30 31 32 33 34 35 36 37 38 39 40 41 42 43 44]] [3 [45 46 47 48 49 50 51 52 53 54 55 56 57 58 59]] [4 [60 66 67 68 70 71 72 73 74]] [5 [75 76 77 78 79 80 81 82 83 84 85 86 87 88 89]] [6 [90 92 93 94 95 96 97 98 101 102 103]] [7 [105 106 107 108 109 110 111 112 114 115 116 117 119]] [8 [121 125 126 127 128 130 131 132 133 134]] [9 [135 136 137 138 139 140 141 142 143 144 145 146 147 148 149]] [10 [150 151 152 153 154 155 156 157 158 159 160 161 163]] [11 [165 166 167 168 169 170 171 172 173 174 175 176 177 178 179]] [12 [180 181 182 183 184 185 186 187 188 189 190 191 192 193 194]] [13 [195 196 197 198 199 200 201 202 203 204 205 206 207 208 209]] [14 [210 211 212 213 214 215 216 217 218 219 220 221 222 224]] [15 [225 226 227 228 229 230 231 232 233 234 235 236 237 238 239]] [16 [240 241 242 243 244 245 246 247 248 249 250 251 252 253 254]] [17 [255 256 257 258 259 260 261 262 264 265 267 268 269]] [18 [270 271 272 273 274 275 276 278 279 280 281 282 283 284]] [19 [285 286 287 288 289 290 291 292 293 294 295 296 297 298 299]] [20 [300 301 302 304 305 306 307 308 309 311 313]] [21 [315 316 317 318 319 320 321 322 323 324 325 326 327 328 329]] [22 [330 331 332 333 334 335 336 337 338 339 340 341 342 343 344]] [23 [347 349 350 352 354 355 357]] [24 [360 362 363 365 367 368 369 371 372]] [25 [375 376 377 378 379 380 382 383 385 386 387 388 389]] [26 [390 391 392 393 394 395 396 397 398 400 401 402 403 404]] [27 [405 406 407 408 409 411 412 413 414 415 416 417 418 419]] [28 [420 421 422 423 424 425 426 427 428 429 430 431 432 433 434]] [29 [435 436 437 438 439 440 441 442 443 444 445 446 447 448 449]] [30 [450 451 452 453 454 455 456 457 458 459 460 461 462 463 464]] [31 [465 466 467 468 469 470 471 472 473 474 475 476 477 478 479]] [32 [480 483 484 485 488 489 491 492 493 494]] [33 [495 496 497 498 499 500 501 502 503 504 505 506 507 508 509]] [34 [510 511 512 513 514 515 516 517 518 519 520 521 522 523 524]] [35 [525 526 527 528 529 530 531 532 533 534 535 536 537 538 539]] [36 [540 541 542 543 544 545 546 547 548 549 550 551 552 553 554]] [37 [555 556 557 558 559 560 561 562 563 564 565 566 567 568 569]] [38 [570 571 572 574 575 576 577 578 579 580 581 582 583 584]] [39 [585 586 587 588 589 590 591 592 593 594 595 596 597 598 599]] [40 [600 601 602 603 604 605 606 607 608 609 610 611 612 613 614]] [41 [615 616 617 618 619 620 621 622 623 624 625 626 627 628 629]] [42 [630 631 632 633 634 635 636 637 638 639 640 641 642 643 644]] [43 [645 646 647 648 650 651 652 653 654 655 656 658 659]] [44 [660 661 662 664 665 667 668 670 671 672 673 674]] [45 [675 676 677 678 679 680 681 682 683 684 685 686 687 688 689]] [46 [690 691 693 694 695 696 697 698 699 700 701 702 703 704]] [47 [705 706 707 708 709 710 711 712 713 714 715 716 717 718 719]] [48 [720 721 722 723 724 725 726 727 728 729 730 731 732 733 734]] [49 [735 736 737 738 739 740 741 742 743 744 745 746 747 748 749]] [50 [750 751 752 753 754 755 756 757 758 759 760 762 764]] [51 [765 766 767 768 769 770 771 772 773 774 775 776 777 779]] [52 [780 782 783 785 786 787 788 789 790 791 792 793 794]] [53 [796 798 799 803 804 806 807 808 809]] [54 [810 811 813 814 815 817 819 820 821 822 823 824]] [55 [828 829 830 831 832 833 834 835 836 837 838 839]] [56 [840 841 842 843 844 845 846 847 848 849 850 851 852 853 854]] [57 [855 856 857 858 859 860 861 862 863 864 865 866 867 868 869]] [58 [870 871 872 874 875 878 879 880 881 882 883 884]] [59 [885 886 887 888 889 890 891 892 893 894 895 896 899]] [60 [900 901 902 903 904 905 906 907 908 909 910 911 912 913 914]] [61 [915 916 917 918 919 920 921 922 923 924 925 926 927 928 929]] [62 [930 931 932 935 936 937 938 939 940 941 942]] [63 [945 946 947 948 951 952 954 955 956 957 959]] [64 [960 962 963 964 965 969 970 972 973]] [65 [977 978 979 980 981 982 983 984 985 986 987 988 989]] [66 [990 992 993 994 995 996 997 998 999 1000 1001 1002 1003 1004]] [67 [1005 1006 1007 1008 1009 1010 1011 1012 1013 1014 1015 1016 1017 1018 1019]] [68 [1020 1021 1022 1023 1024 1025 1026 1027 1028 1029 1030 1031 1032 1033 1034]] [69 [1035 1036 1037 1038 1039 1040 1041 1042 1043 1044 1045 1046 1047 1049]] [70 [1050 1051 1052 1053 1054 1055 1056 1057 1058 1059 1060 1061 1062 1063 1064]] [71 [1065 1066 1067 1068 1069 1070 1071 1072 1073 1074 1075 1076 1077 1078 1079]] [72 [1080 1081 1082 1083 1084 1085 1086 1087 1088 1089 1090 1091 1092 1093 1094]] [73 [1095 1097 1099 1100 1101 1102 1104 1106]] [74 [1110 1111 1112 1113 1114 1115 1116 1117 1118 1119 1120 1121 1122 1123 1124]] [75 [1125 1126 1127 1128 1129 1130 1131 1132 1133 1134 1135 1136 1137 1138 1139]] [76 [1141 1142 1143 1144 1145 1147 1148 1150 1151 1152 1153]] [77 [1155 1156 1157 1158 1159 1160 1161 1162 1163 1164 1165 1166 1167 1168 1169]] [78 [1170 1171 1172 1173 1174 1175 1176 1177 1178 1179 1180 1181 1182 1183 1184]] [79 [1185 1186 1187 1188 1189 1190 1191 1192 1193 1194 1195 1196 1197 1198 1199]] [80 [1200 1201 1202 1203 1204 1205 1206 1207 1208 1209 1210 1211 1212 1213 1214]] [81 [1215 1216 1217 1218 1219 1220 1221 1222 1223 1224 1225 1226 1227 1228 1229]] [82 [1231 1232 1233 1236 1237 1238 1242 1243 1244]] [83 [1246 1247 1248 1249 1250 1251 1252 1253 1254 1256 1257 1258 1259]] [84 [1260 1261 1262 1263 1265 1267 1269 1270 1271]] [85 [1275 1276 1277 1279 1280 1281 1282 1283 1284 1286 1287]] [86 [1290 1291 1292 1293 1295 1296 1298 1299 1300 1301 1302 1303 1304]] [87 [1305 1306 1307 1308 1309 1310 1311 1312 1313 1314 1315 1316 1317 1318 1319]] [88 [1320 1321 1322 1323 1324 1325 1326 1327 1328 1329 1330 1331 1332 1333 1334]] [89 [1335 1336 1337 1338 1339 1340 1341 1342 1343 1344 1345 1346 1347 1348 1349]] [90 [1350 1352 1353 1354 1355 1356 1357 1358 1359 1360 1361 1362 1363 1364]] [91 [1365 1366 1367 1368 1369 1370 1371 1372 1373 1374 1375 1376 1377 1378 1379]] [92 [1380 1381 1382 1383 1384 1385 1386 1387 1388 1389 1390 1391 1392 1393 1394]] [93 [1395 1396 1397 1398 1399 1400 1401 1402 1403 1404 1405 1406 1407 1408 1409]] [94 [1410 1411 1412 1414 1415 1416 1417 1418 1419 1420 1421 1422 1423 1424]] [95 [1425 1426 1427 1428 1429 1430 1431 1432 1433 1434 1435 1436 1437 1438 1439]] [96 [1440 1444 1445 1446 1449 1450 1454]] [97 [1455 1456 1460 1462 1465 1466 1469]] [98 [1472 1475 1476 1477 1478 1479 1484]] [99 [1485 1486 1487 1488 1489 1490 1491 1492 1493 1494 1495 1496 1497 1498 1499]]]","[[0 [2 3 4 5 9 14]] [1 [15 18 20 22 26 29]] [2 [30 31 32 33 34 35 37 39 41 43 44]] [3 [49 51 52 53 58]] [4 [60 66 67 68 71 73]] [5 [75 76 77 78 81 83 87 88 89]] [6 [90 92 94 95 98 101 102 103]] [7 [106 109 110 111 112 116 117]] [8 [121 125 127 128 130 131 133 134]] [9 [136 138 141 142 144 146 147 149]] [10 [150 151 152 153 154 155 156 157 158 159 160]] [11 [167 169 170 171 174 175 176]] [12 [181 182 183 185 192 194]] [13 [196 198 199 203 204 205 208 209]] [14 [210 211 212 213 214 216 218 221 224]] [15 [225 227 231 232 234 235 236 238 239]] [16 [240 241 243 244 245 248 249 250 251 252 253 254]] [17 [255 256 257 268 269]] [18 [270 273 275 276 279 280 281 282 283]] [19 [285 288 289 290 291 292 295 297 298]] [20 [300 301 302 304 306 307 308 309 311]] [21 [315 316 317 318 320 322 323 324 328]] [22 [331 333 334 335 338 342]] [23 [347 349 352 354 355]] [24 [360 362 363 371 372]] [25 [378 380 382 385 386 387 388]] [26 [390 391 393 398 401 402]] [27 [405 406 407 408 409 412 415 417 418]] [28 [420 421 422 427 431 432 434]] [29 [435 437 439 440 441 442 443 444 445 447]] [30 [450 451 453 458 459 460 461 463 464]] [31 [466 467 468 470 471 472 475 476 477 478]] [32 [483 484 485 488 489 491 492 493]] [33 [496 498 499 503 504 505 506 507]] [34 [513 514 515 519 522 524]] [35 [525 526 529 531 532 533 534 538]] [36 [540 546 547 548 554]] [37 [556 557 559 562 566 567 568 569]] [38 [570 572 574 576 577 578 583 584]] [39 [586 588 589 590 591 593 594 595 597 598]] [40 [600 602 603 609 610 611 613 614]] [41 [615 618 619 620 621 622 624 627 628 629]] [42 [633 634 636 637 642 643 644]] [43 [645 646 648 651 652 653 658]] [44 [660 661 662 664 665 667 668 671 673]] [45 [676 679 682 684 685 686 689]] [46 [691 694 701 702 704]] [47 [705 708 709 711 712 713 714 716]] [48 [720 723 724 725 726 728 730 734]] [49 [737 738 739 740 742 745 747]] [50 [751 752 753 754 755 757 758 759 760 762]] [51 [765 767 769 773 775 776]] [52 [780 782 783 786 789]] [53 [798 799 806 807]] [54 [811 817 819 821 823]] [55 [828 829 830 831 834 835 838 839]] [56 [842 844 845 847 848 850 851 853]] [57 [856 861 862 864 868]] [58 [870 871 872 874 875 878 880 881 882 883 884]] [59 [885 886 888 889 890 892 895]] [60 [902 904 906 907 908 909 911 913 914]] [61 [916 917 919 921 922 923 924 929]] [62 [930 931 932 936 937 938 940 941 942]] [63 [945 946 947 951 952 956 957 959]] [64 [960 962 963 964 965 970 973]] [65 [977 978 981 982 984 985 986 988]] [66 [992 996 997 998 999 1000]] [67 [1005 1006 1007 1008 1009 1010 1013 1015 1017 1018]] [68 [1023 1025 1028 1030 1031]] [69 [1035 1038 1041 1042 1043 1045 1047]] [70 [1050 1052 1053 1054 1057 1060 1062 1063]] [71 [1065 1066 1067 1068 1070 1073 1074 1075 1077 1078]] [72 [1080 1081 1083 1085 1086 1088 1089 1091 1092 1093]] [73 [1095 1097 1099 1100 1101 1104 1106]] [74 [1111 1113 1114 1115 1117 1122 1123 1124]] [75 [1126 1128 1129 1130 1131 1133 1134 1136 1138]] [76 [1141 1142 1147 1148 1150 1153]] [77 [1155 1157 1158 1159 1165 1166 1167 1168 1169]] [78 [1170 1171 1179 1181 1182 1184]] [79 [1187 1190 1192 1196 1198]] [80 [1200 1201 1202 1203 1210 1212 1214]] [81 [1217 1219 1221 1222 1224 1225 1227 1228 1229]] [82 [1231 1232 1233 1236 1238 1242 1243]] [83 [1246 1248 1249 1250 1251 1252 1254 1256 1257 1258 1259]] [84 [1260 1262 1263 1265 1267 1269 1270 1271]] [85 [1275 1276 1277 1279 1280 1281 1282 1283 1287]] [86 [1290 1291 1292 1293 1295 1296 1299 1301 1302 1304]] [87 [1306 1309 1310 1311 1312 1313 1315 1318 1319]] [88 [1320 1321 1322 1324 1325 1327 1329 1330 1331 1332 1333 1334]] [89 [1336 1337 1338 1339 1340 1344 1346 1347]] [90 [1350 1352 1356 1358 1359 1361]] [91 [1367 1374 1375 1376 1378 1379]] [92 [1385 1388 1389 1391 1392]] [93 [1397 1400 1401 1402 1404 1405 1407 1408]] [94 [1410 1411 1414 1415 1417 1418 1419 1420 1422 1423]] [95 [1427 1428 1430 1431 1439]] [96 [1444 1445 1449 1450 1454]] [97 [1455 1456 1460 1465 1466 1469]] [98 [1472 1475 1476]] [99 [1486 1487 1490 1492 1493 1494 1498 1499]]]",,"[[{citizen 13} [[""A"" [1 2 3 4 4 2 1 2 0 2]]]] [{citizen 23} [[""A"" [0 1 1 1 2 4 5 3 4 6]]]] [{citizen 38} [[""A"" [4 1 2 3 4 6 5 6 5 6]]]] [{media 51} [[""A"" [2 2 2 2 2 2 2 2 2 2]]]] [{media 52} [[""A"" [0 0 0 0 0 0 0 0 0 0]]]] [{media 53} [[""A"" [6 6 6 6 6 6 6 6 6 6]]]] [{media 54} [[""A"" [2 2 2 2 2 2 2 2 2 2]]]] [{media 56} [[""A"" [5 5 5 5 5 5 5 5 5 5]]]] [{media 57} [[""A"" [2 2 2 2 2 2 2 2 2 2]]]] [{media 59} [[""A"" [2 2 2 2 2 2 2 2 2 2]]]] [{media 60} [[""A"" [1 1 1 1 1 1 1 1 1 1]]]] [{media 61} [[""A"" [6 6 6 6 6 6 6 6 6 6]]]] [{media 62} [[""A"" [3 3 3 3 3 3 3 3 3 3]]]] [{media 63} [[""A"" [1 1 1 1 1 1 1 1 1 1]]]] [{citizen 0} [[""A"" [1 2 2 1 2 1 1 2 3 1]]]] [{citizen 4} [[""A"" [4 3 2 2 3 4 1 2 6 6]]]] [{media 64} [[""A"" [4 4 4 4 4 4 4 4 4 4]]]] [{citizen 5} [[""A"" [2 3 2 1 0 0 2 2 2 1]]]] [{media 58} [[""A"" [5 5 5 5 5 5 5 5 5 5]]]] [{citizen 3} [[""A"" [0 5 4 6 2 3 4 4 3 1]]]] [{media 50} [[""A"" [4 4 4 4 4 4 4 4 4 4]]]] [{citizen 26} [[""A"" [6 2 1 2 4 2 3 4 1 0]]]] [{citizen 41} [[""A"" [4 6 2 3 4 4 2 4 6 6]]]] [{citizen 22} [[""A"" [2 2 2 4 6 6 4 2 3 4]]]] [{citizen 21} [[""A"" [2 6 0 2 2 2 1 3 2 1]]]] [{citizen 17} [[""A"" [4 4 5 4 2 0 2 1 2 1]]]] [{citizen 33} [[""A"" [2 4 2 2 0 2 2 1 2 1]]]] [{citizen 25} [[""A"" [1 3 4 4 3 1 2 1 3 1]]]] [{citizen 16} [[""A"" [2 1 2 0 0 2 2 3 2 1]]]] [{citizen 30} [[""A"" [0 1 2 3 2 4 4 2 1 2]]]] [{citizen 8} [[""A"" [1 2 3 2 0 2 1 3 2 1]]]] [{citizen 45} [[""A"" [2 4 1 2 2 1 1 4 1 1]]]] [{citizen 12} [[""A"" [3 1 3 4 6 0 1 3 2 1]]]] [{citizen 28} [[""A"" [4 3 5 2 3 4 4 2 1 4]]]] [{citizen 39} [[""A"" [6 2 2 2 4 4 6 0 2 1]]]] [{citizen 7} [[""A"" [0 0 2 1 2 1 2 2 3 6]]]] [{citizen 19} [[""A"" [2 4 4 5 6 6 2 3 4 4]]]] [{citizen 42} [[""A"" [3 4 4 2 3 2 1 2 2 1]]]] [{citizen 35} [[""A"" [0 1 2 1 2 3 6 5 2 4]]]] [{citizen 18} [[""A"" [1 3 2 1 1 2 2 1 2 1]]]] [{citizen 6} [[""A"" [3 2 1 1 0 0 2 3 2 1]]]] [{citizen 48} [[""A"" [1 2 4 2 3 4 2 1 1 0]]]] [{citizen 10} [[""A"" [6 5 3 2 4 5 3 0 2 1]]]] [{citizen 1} [[""A"" [4 6 4 6 4 6 2 2 3 1]]]] [{media 55} [[""A"" [1 1 1 1 1 1 1 1 1 1]]]] [{citizen 20} [[""A"" [1 2 4 2 4 4 1 2 6 5]]]] [{citizen 31} [[""A"" [2 1 3 6 2 2 1 2 1 0]]]] [{citizen 2} [[""A"" [1 1 1 2 3 5 2 3 4 1]]]] [{citizen 37} [[""A"" [2 6 4 3 2 4 1 2 2 1]]]] [{citizen 11} [[""A"" [3 2 3 4 2 3 2 1 1 4]]]] [{citizen 40} [[""A"" [2 2 4 4 5 4 3 6 1 1]]]] [{citizen 49} [[""A"" [6 2 3 2 2 0 2 3 2 1]]]] [{citizen 29} [[""A"" [5 6 2 4 1 2 3 2 1 0]]]] [{citizen 46} [[""A"" [1 1 2 4 3 4 4 2 1 1]]]] [{citizen 15} [[""A"" [2 3 4 2 1 0 0 2 2 1]]]] [{citizen 47} [[""A"" [2 3 2 2 3 4 1 2 1 0]]]] [{citizen 24} [[""A"" [1 2 4 3 5 6 2 2 2 1]]]] [{citizen 36} [[""A"" [2 1 3 4 4 1 2 6 2 1]]]] [{citizen 32} [[""A"" [1 2 3 4 4 5 4 5 5 3]]]] [{citizen 34} [[""A"" [2 3 2 3 4 4 1 4 6 4]]]] [{citizen 27} [[""A"" [2 1 1 2 4 5 2 3 4 2]]]] [{citizen 44} [[""A"" [3 1 1 1 2 4 5 5 6 4]]]] [{citizen 14} [[""A"" [2 3 4 1 2 3 2 1 0 1]]]] [{citizen 43} [[""A"" [4 3 2 0 2 1 3 4 4 6]]]]]"
"10","[213 0 42]","11.25","2.7266928914431423","9.974160360133027","""circle""","""""","9.9","{breed citizens}","false","0.5","1","""up""",,"[[""ID"" 4] [""alpha"" 1] [""beta"" 1] [""malleable"" [""A""]] [""prior"" []] [""cont_tokens"" []] [""A"" 1]]","[[0 [0 1 2 3 4 6 8 9 10 11 12 13 14]] [1 [15 17 18 19 20 21 22 23 24 25 26 27 28 29]] [2 [30 31 32 33 34 35 36 37 38 39 40 41 42 43 44]] [3 [45 46 47 48 49 50 51 52 53 54 55 56 57 58 59]] [4 [60 61 62 63 64 65 66 67 68 69 70 71 72 73 74]] [5 [75 76 77 78 79 80 81 82 83 84 85 86 87 88 89]] [6 [90 91 92 93 94 95 96 97 98 101 102 103]] [7 [106 107 108 109 110 111 112 114 115 116 117 119]] [8 [121 125 126 127 128 130 131 132 133 134]] [9 [135 136 137 138 139 140 141 142 144 145 146 147 149]] [10 [150 151 152 153 154 155 156 157 158 159 160 161 163]] [11 [165 166 167 168 169 170 171 172 173 174 175 176 177 178 179]] [12 [181 182 183 185 186 187 188 189 190 191 192 193 194]] [13 [195 196 197 198 199 200 201 202 203 204 205 206 207 208 209]] [14 [210 211 212 213 214 215 216 217 218 219 220 221 222 224]] [15 [225 226 227 228 229 230 231 232 234 235 236 237 238 239]] [16 [240 241 242 243 244 245 246 247 248 249 250 251 252 253 254]] [17 [255 256 257 265 268 269]] [18 [270 271 272 273 274 275 276 277 278 279 280 281 282 283 284]] [19 [285 286 287 288 289 290 291 292 293 294 295 296 297 298 299]] [20 [300 301 302 303 304 305 306 307 308 309 310 311 312 313 314]] [21 [315 316 317 318 319 320 321 322 323 324 325 326 328 329]] [22 [330 331 332 333 334 335 336 337 338 339 340 341 342 343 344]] [23 [345 346 347 348 349 350 352 353 354 355 356 357 358 359]] [24 [360 361 362 363 364 365 366 367 368 369 370 371 372 373 374]] [25 [375 376 377 378 379 380 381 382 383 384 385 386 387 388 389]] [26 [390 391 392 393 394 395 396 397 398 400 401 402 403 404]] [27 [405 406 407 408 409 411 412 413 414 415 416 417 418 419]] [28 [420 421 422 423 424 425 426 427 428 429 430 431 432 433 434]] [29 [435 436 437 438 439 440 441 442 443 444 445 446 447 448 449]] [30 [450 451 452 453 454 455 456 457 458 459 460 461 462 463 464]] [31 [465 469 471 472 474 479]] [32 [481 482 486 487 490 493]] [33 [495 496 497 498 499 500 501 502 503 504 505 506 507 508 509]] [34 [510 511 512 513 514 515 516 517 518 519 520 521 522 523 524]] [35 [525 526 527 528 529 530 531 532 533 534 535 536 537 538 539]] [36 [540 541 542 543 544 545 546 547 548 549 550 551 552 553 554]] [37 [555 556 557 558 559 560 561 562 563 564 565 566 567 568 569]] [38 [570 571 572 573 574 575 576 577 578 579 580 581 582 583 584]] [39 [585 586 587 588 589 590 591 592 593 594 595 596 597 598 599]] [40 [600 601 602 603 604 605 606 607 608 609 610 611 612 613 614]] [41 [615 616 617 618 619 620 621 622 623 624 625 626 627 628 629]] [42 [630 631 632 633 634 635 636 637 638 639 640 641 642 643 644]] [43 [645 646 647 648 650 651 652 653 654 655 656 658 659]] [44 [660 661 662 664 665 667 668 670 671 672 673 674]] [45 [675 676 677 678 679 680 681 682 683 684 685 686 687 688 689]] [46 [690 691 693 694 695 696 697 698 699 700 701 702 703 704]] [47 [705 706 707 708 709 710 711 712 713 714 715 716 717 718 719]] [48 [720 721 722 723 724 725 726 727 728 729 730 731 732 733 734]] [49 [735 736 737 738 739 740 741 742 743 744 745 746 747 748 749]] [50 [750 751 752 753 754 755 756 757 758 759 760 762 764]] [51 [765 767 768 769 770 771 772 773 774 775 776 777 779]] [52 [780 782 783 785 786 787 788 789 790 791 792 793 794]] [53 [795 796 797 798 799 800 801 802 803 804 806 807 808 809]] [54 [811 817 819 820 821 823]] [55 [828 829 830 831 832 833 834 835 836 837 838 839]] [56 [840 841 842 843 844 845 846 847 848 849 850 851 852 853 854]] [57 [855 857 858 859 863 865 866 867 869]] [58 [870 871 872 873 874 875 876 877 878 880 881 882 883 884]] [59 [885 886 887 888 889 890 891 892 893 894 895 896 899]] [60 [900 901 902 903 904 905 906 907 908 909 910 911 912 913 914]] [61 [915 916 917 918 919 920 921 922 923 924 925 927 928 929]] [62 [931 932 933 934 935 937 939 941 942 943 944]] [63 [945 946 947 949 950 951 952 953 954 955 956 957 958 959]] [64 [960 962 963 964 965 969 970 972 973]] [65 [975 976 977 978 979 980 981 982 983 984 985 986 987 988 989]] [66 [991 994 995 1001 1002 1004]] [67 [1008 1009 1010 1011 1012 1013 1014 1015 1017 1018]] [68 [1020 1021 1022 1023 1024 1025 1026 1027 1028 1029 1030 1031 1032 1033 1034]] [69 [1035 1038 1041 1042 1043 1044 1045 1046 1047 1048 1049]] [70 [1050 1051 1052 1053 1054 1055 1056 1057 1058 1059 1060 1061 1062 1063 1064]] [71 [1065 1066 1067 1068 1070 1073 1074 1075 1076 1077 1078 1079]] [72 [1080 1081 1082 1083 1084 1085 1086 1087 1088 1089 1090 1091 1092 1093 1094]] [73 [1096 1098 1103 1105 1107 1108 1109]] [74 [1110 1111 1112 1113 1114 1115 1116 1117 1119 1120 1121 1122 1123 1124]] [75 [1125 1126 1127 1128 1129 1130 1131 1132 1133 1134 1135 1136 1137 1138 1139]] [76 [1141 1142 1147 1148 1150 1153]] [77 [1155 1157 1158 1159 1160 1161 1162 1163 1164 1165 1166 1167 1168 1169]] [78 [1170 1171 1172 1173 1174 1175 1176 1177 1178 1179 1180 1181 1182 1183 1184]] [79 [1185 1186 1188 1189 1190 1191 1192 1193 1194 1195 1196 1197 1198 1199]] [80 [1200 1201 1202 1203 1204 1205 1206 1207 1208 1209 1210 1211 1212 1213 1214]] [81 [1215 1216 1217 1218 1219 1220 1221 1222 1223 1224 1225 1226 1227 1228 1229]] [82 [1230 1231 1232 1233 1235 1236 1237 1238 1239 1240 1241 1242 1243 1244]] [83 [1245 1246 1247 1248 1249 1250 1251 1252 1253 1254 1256 1257 1258 1259]] [84 [1260 1261 1262 1263 1265 1267 1269 1270 1271]] [85 [1275 1276 1277 1279 1280 1281 1282 1283 1284 1286 1287]] [86 [1290 1291 1292 1293 1295 1296 1298 1299 1300 1301 1302 1303 1304]] [87 [1305 1306 1307 1308 1309 1310 1311 1312 1313 1314 1315 1316 1317 1318 1319]] [88 [1320 1321 1322 1323 1324 1325 1326 1327 1328 1329 1330 1331 1332 1333 1334]] [89 [1335 1336 1337 1338 1339 1340 1341 1342 1343 1344 1345 1346 1347 1348 1349]] [90 [1350 1351 1352 1353 1354 1355 1356 1357 1358 1359 1360 1361 1362 1363 1364]] [91 [1365 1366 1367 1368 1369 1370 1371 1372 1373 1374 1375 1376 1377 1378 1379]] [92 [1385 1386 1387 1388 1389 1390 1394]] [93 [1395 1396 1397 1398 1399 1400 1401 1402 1403 1404 1405 1406 1407 1408 1409]] [94 [1410 1411 1412 1414 1415 1416 1417 1418 1419 1420 1421 1422 1423 1424]] [95 [1425 1426 1427 1428 1429 1430 1431 1432 1433 1434 1435 1436 1437 1438 1439]] [96 [1441 1442 1443 1447 1448 1451 1452 1453]] [97 [1455 1456 1457 1458 1459 1460 1461 1462 1463 1464 1465 1466 1467 1468 1469]] [98 [1470 1471 1472 1473 1474 1475 1476 1479 1480 1481 1482 1483 1484]] [99 [1485 1486 1487 1488 1489 1490 1491 1492 1493 1494 1495 1496 1497 1498 1499]]]","[[0 [1 6 8 10 11 12 13 14]] [1 [15 17 19 21 23 24 25 26 29]] [2 [32 33 34 36 40]] [3 [45 46 47 50 52 53 58]] [4 [60 66 67 68 71 73]] [5 [75 76 77 78 81 83 88 89]] [6 [90 92 93 94 95 98 101 103]] [7 [106 109 110 111 112 116 117]] [8 [121 125 127 128 130 131 133 134]] [9 [136 138 141 142 144 147 149]] [10 [150 151 152 153 154 155 156 157 158 159 160 161 163]] [11 [165 168 169 170 171 174 175 176]] [12 [181 182 183 185 188 189 190]] [13 [196 198 199 203 204 205 208 209]] [14 [210 211 212 213 214 215 219 220 222]] [15 [226 228 229 230 235 236 238 239]] [16 [240 241 243 244 245 248 249 250 251 252 253 254]] [17 [255 256 257 268]] [18 [270 273 275 276 279 280 281 282 283]] [19 [285 288 289 290 291 292 295 297 298]] [20 [300 301 302 303 309 310 311 312 314]] [21 [315 319 320 322 323 328]] [22 [331 333 334 335 338 342]] [23 [347 349 350 354 355]] [24 [360 363 365 367 368 369 371 372]] [25 [378 380 382 385 386 387 388]] [26 [390 391 393 398 401 402]] [27 [405 407 408 409 412 415 417 418]] [28 [420 421 422 423 426 428 429 430]] [29 [438 443 444 445 447 448]] [30 [451 458 459 460 461 462]] [31 [465 469 471 472 474 479]] [32 [481 482 486 487 490 493]] [33 [496 498 499 502 503 504 508 509]] [34 [510 512 515 516 518 519 524]] [35 [525 526 530 535 536 537 538]] [36 [540 542 543 545 549 550 551 552 554]] [37 [556 557 559 562 565 567 568]] [38 [570 575 578 583 584]] [39 [586 588 589 590 591 593 594]] [40 [600 605 606 608 612 613 614]] [41 [615 618 619 620 621 622 624 627 628 629]] [42 [633 634 635 636 637 642 643 644]] [43 [645 646 648 651 652 653 658 659]] [44 [660 661 662 664 665 667 668 672 674]] [45 [675 677 678 681 683 684 685 686 688 689]] [46 [691 694 701 702 704]] [47 [705 708 710 718 719]] [48 [721 727 729 731 732 733]] [49 [735 736 741 743 746 748 749]] [50 [751 752 753 754 756 758 759 760 762 764]] [51 [765 767 769 773 775 776]] [52 [780 783 786 789]] [53 [796 798 799 803 804 806 807]] [54 [811 817 819 823]] [55 [828 829 830 831 833 834 835 838 839]] [56 [842 845 847 848 850 852 854]] [57 [857 859 863 865 866 867 869]] [58 [873 875 881 882 883 884]] [59 [885 886 888 889 890 893 894 895]] [60 [902 903 905 912]] [61 [915 920 925 927 928]] [62 [933 934 943 944]] [63 [949 950 953 954 955 956 957 959]] [64 [960 962 963 964 965 969 970 972 973]] [65 [977 979 980]] [66 [991 995 1001 1002 1004]] [67 [1008 1009 1010 1013]] [68 [1020 1021 1023 1025 1028 1031]] [69 [1035 1038 1041 1042 1043 1045 1046 1048 1049]] [70 [1050 1052 1055 1056 1058 1059 1061 1062 1063]] [71 [1065 1066 1067 1068 1070 1073 1075 1077 1078]] [72 [1080 1081 1082 1084 1088 1089 1094]] [73 [1096 1098 1103 1105 1108 1109]] [74 [1110 1112 1116 1117 1120 1123 1124]] [75 [1126 1128 1129 1130 1131 1133 1136 1138]] [76 [1142 1147 1148 1150 1153]] [77 [1155 1157 1161 1162 1163 1164]] [78 [1171 1176 1177 1178 1180 1183]] [79 [1185 1186 1188 1189 1190 1191 1192 1196 1198]] [80 [1201 1203 1212 1214]] [81 [1217 1219 1221 1222 1224 1225 1227 1228 1229]] [82 [1231 1232 1236 1237 1238 1242 1243]] [83 [1246 1248 1251 1252 1254 1256 1257 1259]] [84 [1260 1261 1262 1263 1267 1269 1270 1271]] [85 [1275 1276 1277 1279 1280 1281 1282 1283 1287]] [86 [1290 1291 1292 1293 1298 1300]] [87 [1305 1307 1308 1314 1317]] [88 [1320 1321 1322 1323 1324 1333 1334]] [89 [1336 1337 1338 1339 1341 1342 1344 1346 1347]] [90 [1350 1352 1354 1355 1358 1359 1361]] [91 [1367 1370 1371 1372 1373 1376 1378 1379]] [92 [1385 1387 1388 1389 1390 1394]] [93 [1395 1396 1398 1405 1408]] [94 [1410 1411 1414 1415 1417 1418 1421 1422 1423]] [95 [1427 1428 1429 1432 1433 1434 1435 1436 1437]] [96 [1442 1443 1447 1448 1451 1452 1453]] [97 [1457 1458 1459 1460 1461 1463 1464 1467 1468]] [98 [1470 1471 1473 1474 1480 1481 1482 1483]] [99 [1486 1487 1494 1497 1498 1499]]]",,"[[{citizen 36} [[""A"" [2 1 1 3 4 1 2 5 2 1]]]] [{citizen 43} [[""A"" [2 2 1 1 1 2 3 4 6 5]]]] [{media 50} [[""A"" [4 4 4 4 4 4 4 4 4 4]]]] [{media 53} [[""A"" [6 6 6 6 6 6 6 6 6 6]]]] [{media 54} [[""A"" [2 2 2 2 2 2 2 2 2 2]]]] [{media 55} [[""A"" [1 1 1 1 1 1 1 1 1 1]]]] [{media 56} [[""A"" [5 5 5 5 5 5 5 5 5 5]]]] [{media 57} [[""A"" [2 2 2 2 2 2 2 2 2 2]]]] [{media 59} [[""A"" [2 2 2 2 2 2 2 2 2 2]]]] [{media 60} [[""A"" [1 1 1 1 1 1 1 1 1 1]]]] [{media 61} [[""A"" [6 6 6 6 6 6 6 6 6 6]]]] [{media 62} [[""A"" [3 3 3 3 3 3 3 3 3 3]]]] [{media 63} [[""A"" [1 1 1 1 1 1 1 1 1 1]]]] [{media 64} [[""A"" [4 4 4 4 4 4 4 4 4 4]]]] [{citizen 0} [[""A"" [2 2 2 1 2 2 0 2 2 3]]]] [{citizen 1} [[""A"" [6 2 1 4 1 2 2 3 1 5]]]] [{citizen 2} [[""A"" [2 1 1 2 3 2 1 1 6 5]]]] [{media 51} [[""A"" [2 2 2 2 2 2 2 2 2 2]]]] [{citizen 26} [[""A"" [1 2 3 4 4 2 2 1 1 0]]]] [{citizen 41} [[""A"" [6 3 4 4 1 2 4 6 6 5]]]] [{citizen 22} [[""A"" [1 2 2 2 4 5 6 4 2 3]]]] [{citizen 4} [[""A"" [2 4 5 2 2 1 1 3 1 6]]]] [{citizen 21} [[""A"" [1 1 2 2 1 0 2 2 1 3]]]] [{citizen 17} [[""A"" [2 2 1 1 2 5 4 2 1 1]]]] [{citizen 33} [[""A"" [4 2 2 1 2 2 0 2 2 1]]]] [{citizen 25} [[""A"" [1 1 3 5 5 2 2 1 3 1]]]] [{citizen 9} [[""A"" [1 1 1 2 4 5 1 2 2 1]]]] [{citizen 44} [[""A"" [2 2 2 1 2 3 4 5 6 4]]]] [{citizen 40} [[""A"" [2 4 4 3 2 0 2 2 1 1]]]] [{citizen 11} [[""A"" [1 2 2 3 2 1 1 4 5 4]]]] [{citizen 37} [[""A"" [2 0 1 3 5 6 5 4 5 6]]]] [{citizen 8} [[""A"" [1 2 2 1 0 2 2 1 3 2]]]] [{citizen 28} [[""A"" [5 2 2 1 2 3 4 2 1 4]]]] [{citizen 6} [[""A"" [1 0 2 2 0 2 2 1 3 2]]]] [{citizen 46} [[""A"" [2 3 4 4 2 2 1 1 4 1]]]] [{citizen 38} [[""A"" [2 4 1 2 3 2 1 4 5 6]]]] [{citizen 24} [[""A"" [1 1 2 4 4 3 5 2 1 3]]]] [{citizen 12} [[""A"" [5 1 1 3 1 6 0 1 3 1]]]] [{citizen 13} [[""A"" [4 2 2 1 2 0 2 2 1 6]]]] [{citizen 31} [[""A"" [1 4 1 2 2 1 0 6 4 5]]]] [{citizen 5} [[""A"" [3 2 1 1 0 4 2 0 2 1]]]] [{citizen 15} [[""A"" [1 2 2 1 1 0 5 0 2 2]]]] [{citizen 7} [[""A"" [1 2 2 1 2 1 2 3 4 6]]]] [{citizen 39} [[""A"" [2 2 2 1 2 5 4 5 0 2]]]] [{citizen 35} [[""A"" [3 2 1 2 1 4 2 2 2 4]]]] [{citizen 34} [[""A"" [5 1 2 2 2 0 4 3 5 4]]]] [{citizen 18} [[""A"" [2 1 1 2 5 1 2 2 2 1]]]] [{media 58} [[""A"" [5 5 5 5 5 5 5 5 5 5]]]] [{citizen 45} [[""A"" [1 1 4 5 1 3 2 2 1 1]]]] [{citizen 48} [[""A"" [2 4 1 3 4 4 2 1 1 0]]]] [{citizen 20} [[""A"" [2 4 2 1 2 3 4 1 6 5]]]] [{citizen 16} [[""A"" [1 3 2 2 1 0 2 2 1 3]]]] [{citizen 32} [[""A"" [5 2 1 1 2 3 4 4 5 3]]]] [{citizen 23} [[""A"" [5 1 1 2 3 6 1 4 3 5]]]] [{citizen 19} [[""A"" [5 6 2 1 1 2 3 4 5 6]]]] [{media 52} [[""A"" [0 0 0 0 0 0 0 0 0 0]]]] [{citizen 42} [[""A"" [2 3 4 4 2 3 2 1 2 1]]]] [{citizen 30} [[""A"" [1 2 3 4 4 2 1 4 3 5]]]] [{citizen 3} [[""A"" [1 2 3 4 2 4 5 4 3 1]]]] [{citizen 49} [[""A"" [2 2 1 1 2 2 0 2 1 3]]]] [{citizen 29} [[""A"" [1 0 2 2 1 1 4 3 5 5]]]] [{citizen 47} [[""A"" [2 2 2 1 1 1 3 5 5 6]]]] [{citizen 27} [[""A"" [3 4 0 2 2 2 1 0 2 3]]]] [{citizen 14} [[""A"" [2 2 1 1 1 3 2 2 1 1]]]]]"
"11","[0 0 255]","247.5","-4.364565156054056","-1.7091374780583188","""circle""","""""","9.9","{breed citizens}","false","0.5","1","""up""",,"[[""ID"" 3] [""alpha"" 1] [""beta"" 1] [""malleable"" [""A""]] [""prior"" []] [""cont_tokens"" []] [""A"" 6]]","[[0 [0 1 2 3 4 5 6 7 8 9 10 11 12 13 14]] [1 [15 17 18 19 20 21 22 24 25 26 27 28 29]] [2 [30 31 32 33 34 35 36 37 38 39 40 41 42 43 44]] [3 [45 46 47 48 49 50 51 52 53 54 55 56 57 58 59]] [4 [61 62 63 64 65 66 67 68 69 70 72 74]] [5 [75 76 77 78 79 81 83 84 85 86 87 88 89]] [6 [90 91 92 93 94 95 96 97 98 99 100 101 102 103 104]] [7 [105 106 107 108 109 110 111 112 114 115 116 117 119]] [8 [120 121 122 123 124 125 126 127 128 129 130 131 132 133 134]] [9 [135 136 137 138 139 140 141 142 144 145 146 147 149]] [10 [150 151 152 153 154 155 156 157 158 159 160 161 163]] [11 [165 166 167 168 169 170 171 172 173 174 175 176 177 178 179]] [12 [181 182 183 185 186 187 188 189 190 191 192 193 194]] [13 [195 196 197 198 199 200 201 202 203 204 205 206 207 208 209]] [14 [210 211 212 213 214 215 216 217 218 219 220 221 222 224]] [15 [225 226 227 228 229 230 231 232 235 237 238 239]] [16 [240 241 242 243 244 245 246 247 248 249 250 251 252 253 254]] [17 [255 256 257 258 259 260 261 262 263 264 265 266 267 268 269]] [18 [270 273 274 275 276 279 280 281 282 283 284]] [19 [285 286 287 288 289 290 291 292 293 294 295 296 297 298 299]] [20 [300 302 303 305 306 307 308 310 311 312 313 314]] [21 [315 316 317 318 319 320 321 322 323 324 325 326 327 328 329]] [22 [330 331 332 333 334 335 336 337 338 339 340 341 342 343 344]] [23 [345 346 347 348 349 350 351 352 353 354 355 356 357 358 359]] [24 [360 362 363 365 371 372]] [25 [375 376 377 378 379 380 381 382 383 384 385 386 387 388 389]] [26 [390 391 392 393 394 395 396 397 398 400 401 402 403 404]] [27 [405 406 407 408 409 411 412 413 414 415 416 417 418 419]] [28 [420 421 422 424 425 427 431 432 434]] [29 [435 436 437 438 439 440 441 442 443 444 445 446 447 448 449]] [30 [450 451 452 453 454 455 456 457 458 459 460 461 462 463 464]] [31 [465 469 471 472 474 475 476 477 478 479]] [32 [481 482 486 487 490 493]] [33 [495 496 497 498 499 500 501 502 503 504 505 506 507 508 509]] [34 [510 511 512 513 514 515 517 519 520 521 522 523 524]] [35 [525 527 528 529 531 532 533 534]] [36 [540 541 542 543 544 545 546 547 548 549 550 551 552 553 554]] [37 [555 556 557 558 559 560 561 562 563 564 565 566 567 568 569]] [38 [570 571 572 573 574 575 576 577 578 579 580 581 582 583 584]] [39 [585 586 587 588 589 590 591 592 593 594 595 596 597 598 599]] [40 [600 601 602 603 604 605 606 607 608 609 610 611 612 613 614]] [41 [615 616 617 618 619 620 621 622 623 624 625 626 627 628 629]] [42 [630 631 632 633 634 635 636 637 638 639 640 641 642 643 644]] [43 [645 646 647 648 650 651 652 653 654 655 656 658 659]] [44 [660 661 662 664 665 667 668 670 671 672 673 674]] [45 [675 676 677 678 679 680 681 682 683 684 685 686 687 688 689]] [46 [690 691 693 694 695 696 697 698 699 700 701 702 703 704]] [47 [705 708 709 710 711 712 713 714 715 716 718 719]] [48 [720 721 722 723 724 725 726 727 728 729 730 731 732 733 734]] [49 [735 736 737 738 739 740 741 742 743 744 745 746 747 748 749]] [50 [750 751 752 753 754 755 756 757 758 759 760 762 764]] [51 [765 766 767 768 769 770 771 772 773 774 775 776 777 779]] [52 [780 782 783 785 786 787 788 789 790 791 792 793 794]] [53 [795 796 798 799 801 803 804 806 807 808 809]] [54 [811 817 819 820 821 823]] [55 [828 829 830 831 832 833 834 835 836 837 838 839]] [56 [840 841 843 844 845 846 847 848 849 850 851 852 853 854]] [57 [855 856 857 859 860 861 862 863 864 865 866 867 868 869]] [58 [870 871 872 873 874 875 876 877 878 879 880 881 882 883 884]] [59 [885 886 887 888 889 890 891 892 893 894 895 896 899]] [60 [900 901 902 903 904 905 906 907 908 909 910 911 912 913 914]] [61 [915 916 917 918 919 920 921 922 923 924 926 928 929]] [62 [930 931 932 933 934 935 936 937 938 939 940 941 942 943 944]] [63 [945 946 947 948 951 952 954 955 956 957 959]] [64 [960 962 963 964 965 969 970 972 973]] [65 [977 978 979 980 981 982 983 984 985 986 987 988 989]] [66 [990 991 992 993 994 995 996 997 998 999 1000 1001 1002 1003 1004]] [67 [1005 1006 1007 1008 1009 1010 1011 1012 1013 1014 1015 1017 1018 1019]] [68 [1020 1021 1022 1023 1024 1025 1026 1027 1028 1029 1030 1031 1032 1033 1034]] [69 [1035 1036 1037 1038 1039 1040 1041 1042 1043 1045 1046 1047 1048 1049]] [70 [1050 1052 1053 1054 1055 1056 1057 1058 1059 1060 1061 1062 1063 1064]] [71 [1065 1066 1067 1068 1070 1073 1074 1075 1076 1077 1078 1079]] [72 [1080 1081 1082 1083 1084 1085 1086 1087 1088 1089 1090 1091 1092 1093 1094]] [73 [1096 1098 1103 1105 1107 1108 1109]] [74 [1110 1111 1112 1113 1114 1115 1116 1117 1118 1119 1120 1121 1122 1123 1124]] [75 [1125 1126 1127 1128 1129 1130 1131 1132 1133 1134 1136 1138 1139]] [76 [1141 1142 1143 1144 1145 1147 1148 1150 1151 1152 1153]] [77 [1155 1157 1158 1159 1160 1161 1162 1163 1164 1165 1166 1167 1168 1169]] [78 [1170 1171 1173 1174 1175 1176 1177 1178 1179 1180 1181 1182 1183 1184]] [79 [1185 1186 1187 1188 1189 1190 1191 1192 1193 1194 1195 1196 1197 1198 1199]] [80 [1200 1201 1202 1203 1204 1205 1206 1207 1208 1209 1210 1211 1212 1213 1214]] [81 [1215 1216 1217 1218 1219 1220 1221 1222 1223 1224 1225 1226 1227 1228 1229]] [82 [1230 1231 1233 1234 1235 1237 1239 1240 1241 1242 1243]] [83 [1245 1246 1247 1248 1249 1250 1251 1252 1253 1254 1256 1257 1258 1259]] [84 [1260 1261 1262 1263 1265 1267 1269 1270 1271]] [85 [1275 1276 1277 1279 1280 1281 1282 1283 1284 1286 1287]] [86 [1290 1291 1292 1293 1295 1296 1298 1299 1300 1301 1302 1303 1304]] [87 [1305 1306 1307 1308 1309 1310 1311 1312 1313 1314 1315 1316 1317 1318 1319]] [88 [1320 1321 1322 1323 1324 1325 1326 1327 1328 1329 1330 1331 1332 1333 1334]] [89 [1335 1336 1337 1338 1339 1340 1341 1342 1343 1344 1345 1346 1347 1348 1349]] [90 [1350 1351 1352 1353 1354 1355 1356 1357 1358 1359 1360 1361 1362 1363 1364]] [91 [1365 1366 1367 1368 1369 1370 1371 1372 1373 1374 1375 1376 1377 1378 1379]] [92 [1380 1381 1382 1383 1384 1385 1386 1387 1388 1389 1390 1391 1392 1394]] [93 [1395 1396 1397 1398 1400 1401 1402 1403 1404 1405 1406 1407 1408 1409]] [94 [1410 1411 1412 1414 1415 1417 1418 1419 1420 1421 1422 1423 1424]] [95 [1425 1426 1427 1428 1429 1430 1431 1432 1433 1434 1435 1436 1437 1438 1439]] [96 [1440 1441 1442 1443 1444 1445 1446 1447 1448 1449 1450 1451 1452 1453 1454]] [97 [1455 1456 1457 1458 1459 1460 1461 1462 1463 1464 1465 1466 1467 1468 1469]] [98 [1472 1475 1476 1477 1478 1479 1484]] [99 [1485 1486 1487 1488 1489 1490 1491 1492 1493 1494 1495 1496 1497 1498 1499]]]","[[0 [0 3 5 9 14]] [1 [15 17 19 21 24 25 28 29]] [2 [34 35 37 39 41 43]] [3 [45 46 47 50 54 55 56 57]] [4 [61 62 63 64 65 66 67 68 70 72 74]] [5 [76 77 78 81 83 87 88 89]] [6 [90 92 93 95 98 101 103]] [7 [106 109 110 111 112 115 119]] [8 [121 125 126 127 128 131 132 133 134]] [9 [136 138 141 142 144 149]] [10 [150 151 152 153 154 155 160 163]] [11 [165 168 169 170 171 174 175 176]] [12 [181 182 183 185 188 189 190 191 193]] [13 [195 197 200 202 203 204 205 206 207 209]] [14 [210 211 212 213 214 215 219 220 222]] [15 [226 228 229 230 237]] [16 [242 246 247 249 250 251 252]] [17 [255 256 257 269]] [18 [270 273 275 276 279 280 281 282 283]] [19 [285 286 288 289 290 291 292 295 297 298 299]] [20 [300 302 310 311 312 314]] [21 [315 319 320 322 323 324 328]] [22 [331 333 334 335 338 342]] [23 [347 349 350 352 354 355]] [24 [360 362 363 365 371 372]] [25 [378 379 384 386 387 388]] [26 [390 391 393 398 402]] [27 [405 406 408 409 412 415 417 418]] [28 [420 421 422 424 425 427 431 432 434]] [29 [435 437 439 440 441 442 443 444 445 446 449]] [30 [452 454 455 456 457 462]] [31 [465 469 471 472 474 479]] [32 [481 482 486 487 490 493]] [33 [497 499 502 503 504 505 506 507]] [34 [513 514 515 519 522]] [35 [527 528 531 532 534]] [36 [542 543 544 545 549 550 551 552 554]] [37 [556 557 559 562 565 566 567 568]] [38 [570 571 572 574 575 576 577 578 583 584]] [39 [586 588 589 590 591 593 594 596 599]] [40 [600 604 605 606 608 612 614]] [41 [615 618 619 620 622 624 627 628 629]] [42 [633 634 636 637 642 643 644]] [43 [645 646 648 650 654 655 656 658 659]] [44 [660 661 662 664 665 667 668 671 673]] [45 [675 677 678 681 683 684 685 686 688 689]] [46 [690 691 694 701 703 704]] [47 [705 708 710 711 712 713 714 716]] [48 [722 723 724 725 728 730 734]] [49 [737 738 739 740 742 744 747]] [50 [751 752 753 754 756 758 759 760 762]] [51 [765 767 769 773 776]] [52 [780 782 783 786 789 792]] [53 [796 798 799 803 804 806 807]] [54 [811 817 819 823]] [55 [828 832 836 837]] [56 [841 844 845 847 848 850 851 853]] [57 [856 860 861 862 866 867 869]] [58 [873 875 878 880 881 882 883 884]] [59 [885 886 888 889 891 892 894 895 896 899]] [60 [900 906 907 908 909 911 913 914]] [61 [916 917 919 921 922 924 928]] [62 [931 932 935 937 939 941 942]] [63 [945 946 948 951 952 956 957 959]] [64 [960 962 963 964 965 969 970 972 973]] [65 [978 981 982 984 985 986 987 989]] [66 [990 992 994 995 1001 1002 1004]] [67 [1011 1012 1013 1019]] [68 [1020 1022 1024 1026 1027 1029 1032 1033 1034]] [69 [1036 1037 1039 1040 1041 1043 1045 1046 1049]] [70 [1050 1052 1053 1055 1056 1058 1059 1061 1062 1063]] [71 [1065 1066 1067 1068 1070 1073 1075 1077 1078]] [72 [1080 1083 1085 1086 1088 1094]] [73 [1096 1098 1103 1105 1107 1108 1109]] [74 [1110 1112 1116 1119 1121 1122]] [75 [1125 1127 1131 1132 1134 1136 1138]] [76 [1141 1142 1147 1148 1150 1153]] [77 [1155 1157 1161 1162 1163 1164]] [78 [1170 1171 1173 1174 1175 1176 1177 1178 1180 1183]] [79 [1185 1186 1188 1189 1190 1192 1196 1198]] [80 [1200 1201 1202 1203 1208 1209 1211 1213]] [81 [1215 1216 1217 1219 1221 1222]] [82 [1230 1231 1233 1237 1242 1243]] [83 [1246 1248 1250 1251 1252 1254 1256 1257 1259]] [84 [1260 1262 1263 1265 1267 1269 1270 1271]] [85 [1275 1276 1279 1280 1281 1282 1283 1287]] [86 [1290 1292 1293 1295 1296 1299 1301 1302 1303 1304]] [87 [1306 1309 1310 1311 1312 1313 1315 1318 1319]] [88 [1320 1321 1322 1324 1325 1327 1329 1330 1331 1332 1333 1334]] [89 [1336 1337 1338 1339 1340 1342 1344 1346 1347]] [90 [1350 1352 1354 1355 1356 1358 1359 1361]] [91 [1367 1374 1378 1379]] [92 [1385 1388 1390 1394]] [93 [1395 1396 1398 1408]] [94 [1410 1411 1414 1415 1417 1418 1421 1422 1423 1424]] [95 [1425 1426 1429 1432 1433 1434 1435 1436 1438 1439]] [96 [1444 1446 1449 1450 1454]] [97 [1455 1462 1465 1466 1469]] [98 [1472 1475 1476 1484]] [99 [1485 1488 1489 1491 1495 1496]]]",,"[[{citizen 27} [[""A"" [2 4 6 5 2 1 2 4 1 2]]]] [{citizen 37} [[""A"" [1 2 0 1 1 2 1 0 1 5]]]] [{citizen 39} [[""A"" [2 1 2 2 4 6 1 0 2 1]]]] [{citizen 40} [[""A"" [3 4 5 5 4 3 6 2 1 1]]]] [{media 51} [[""A"" [2 2 2 2 2 2 2 2 2 2]]]] [{media 52} [[""A"" [0 0 0 0 0 0 0 0 0 0]]]] [{media 53} [[""A"" [6 6 6 6 6 6 6 6 6 6]]]] [{media 54} [[""A"" [2 2 2 2 2 2 2 2 2 2]]]] [{media 56} [[""A"" [5 5 5 5 5 5 5 5 5 5]]]] [{media 57} [[""A"" [2 2 2 2 2 2 2 2 2 2]]]] [{media 59} [[""A"" [2 2 2 2 2 2 2 2 2 2]]]] [{media 60} [[""A"" [1 1 1 1 1 1 1 1 1 1]]]] [{media 61} [[""A"" [6 6 6 6 6 6 6 6 6 6]]]] [{media 62} [[""A"" [3 3 3 3 3 3 3 3 3 3]]]] [{media 63} [[""A"" [1 1 1 1 1 1 1 1 1 1]]]] [{media 55} [[""A"" [1 1 1 1 1 1 1 1 1 1]]]] [{citizen 7} [[""A"" [2 2 1 1 3 4 5 6 6 4]]]] [{citizen 0} [[""A"" [4 5 4 5 2 2 2 2 2 1]]]] [{citizen 4} [[""A"" [6 5 2 2 1 4 2 1 6 6]]]] [{media 64} [[""A"" [4 4 4 4 4 4 4 4 4 4]]]] [{media 58} [[""A"" [5 5 5 5 5 5 5 5 5 5]]]] [{citizen 6} [[""A"" [1 1 2 5 1 0 2 2 2 1]]]] [{media 50} [[""A"" [4 4 4 4 4 4 4 4 4 4]]]] [{citizen 26} [[""A"" [1 4 2 2 1 4 4 2 2 6]]]] [{citizen 41} [[""A"" [2 2 4 4 2 2 4 6 6 5]]]] [{citizen 22} [[""A"" [2 2 4 5 6 6 4 2 2 4]]]] [{citizen 21} [[""A"" [2 2 1 1 2 2 2 1 2 1]]]] [{citizen 17} [[""A"" [4 4 4 2 5 4 2 1 2 1]]]] [{citizen 33} [[""A"" [2 4 2 2 0 2 2 1 2 1]]]] [{citizen 25} [[""A"" [2 1 0 1 2 2 2 1 3 1]]]] [{citizen 9} [[""A"" [4 6 5 1 2 2 2 1 2 1]]]] [{citizen 44} [[""A"" [3 2 1 1 2 4 6 6 5 4]]]] [{citizen 34} [[""A"" [2 2 1 2 3 2 2 0 1 4]]]] [{citizen 24} [[""A"" [2 2 2 1 2 2 1 2 2 1]]]] [{citizen 38} [[""A"" [4 1 2 3 1 4 5 6 5 6]]]] [{citizen 46} [[""A"" [1 2 4 2 1 4 4 2 2 1]]]] [{citizen 36} [[""A"" [2 1 1 4 1 2 2 2 2 1]]]] [{citizen 8} [[""A"" [3 2 0 1 1 2 2 1 2 1]]]] [{citizen 13} [[""A"" [4 2 1 2 2 4 1 2 2 6]]]] [{citizen 45} [[""A"" [2 2 2 2 4 5 5 1 1 1]]]] [{citizen 12} [[""A"" [5 2 1 6 1 0 1 3 2 1]]]] [{citizen 28} [[""A"" [2 4 6 5 4 5 5 4 4 6]]]] [{citizen 35} [[""A"" [1 2 2 4 6 6 6 2 2 4]]]] [{citizen 18} [[""A"" [2 1 1 2 5 1 2 1 2 1]]]] [{citizen 10} [[""A"" [4 2 2 1 3 0 1 1 2 1]]]] [{citizen 1} [[""A"" [4 2 2 2 3 1 2 5 6 5]]]] [{citizen 3} [[""A"" [6 2 2 1 4 2 4 5 3 1]]]] [{citizen 16} [[""A"" [2 1 0 1 1 0 2 2 2 1]]]] [{citizen 43} [[""A"" [2 2 2 1 1 4 4 6 5 5]]]] [{citizen 19} [[""A"" [4 2 2 2 6 5 4 5 5 6]]]] [{citizen 20} [[""A"" [4 2 2 4 4 2 1 6 6 5]]]] [{citizen 48} [[""A"" [2 1 4 4 2 1 2 2 4 5]]]] [{citizen 42} [[""A"" [2 3 2 2 4 5 4 5 2 1]]]] [{citizen 30} [[""A"" [1 1 2 2 4 4 1 2 2 2]]]] [{citizen 5} [[""A"" [1 2 2 2 4 0 2 2 2 1]]]] [{citizen 32} [[""A"" [5 2 1 2 3 4 4 4 5 3]]]] [{citizen 2} [[""A"" [2 1 2 3 2 2 6 5 4 5]]]] [{citizen 49} [[""A"" [2 2 2 2 1 1 0 2 2 1]]]] [{citizen 29} [[""A"" [2 1 2 2 4 2 2 3 1 1]]]] [{citizen 15} [[""A"" [2 1 2 5 4 1 0 2 2 1]]]] [{citizen 47} [[""A"" [1 2 1 2 2 1 2 2 1 6]]]] [{citizen 31} [[""A"" [5 2 2 1 4 2 1 1 2 3]]]] [{citizen 14} [[""A"" [1 2 2 2 1 2 0 1 1 1]]]] [{citizen 23} [[""A"" [2 4 6 6 5 2 1 3 4 6]]]]]"
"12","[213 0 42]","258.75","-4.653292356758595","-2.1335339351116462","""circle""","""""","9.9","{breed citizens}","false","0.5","1","""up""",,"[[""ID"" 42] [""alpha"" 1] [""beta"" 1] [""malleable"" [""A""]] [""prior"" []] [""cont_tokens"" []] [""A"" 1]]","[[0 [0 1 2 3 4 5 6 9 10 11 12 13 14]] [1 [15 16 17 18 19 20 21 22 23 24 25 26 27 28 29]] [2 [30 31 32 33 34 35 36 37 38 39 40 41 42 43 44]] [3 [45 46 47 48 49 50 51 52 53 58]] [4 [60 66 67 68 70 71 72 73 74]] [5 [75 76 77 78 79 80 81 82 83 84 85 86 87 88 89]] [6 [90 92 93 94 95 96 97 98 101 102 103]] [7 [105 106 107 108 109 110 111 112 114 115 116 117 119]] [8 [120 121 122 123 124 125 126 127 128 129 130 131 132 133 134]] [9 [135 136 137 138 139 140 141 142 143 144 145 146 147 148 149]] [10 [150 151 152 153 154 155 156 157 158 159 160 161 163]] [11 [165 166 167 168 169 170 171 172 173 174 175 176 177 178 179]] [12 [181 182 183 185 186 187 188 189 190 191 192 193 194]] [13 [195 196 197 198 199 200 201 202 203 204 205 206 207 208 209]] [14 [210 211 212 213 214 215 216 217 218 219 220 221 222 224]] [15 [226 228 229 230 235 237]] [16 [240 241 242 243 244 245 246 247 248 249 250 251 252 253 254]] [17 [255 256 257 258 259 260 261 262 264 265 266 267 268 269]] [18 [270 273 274 275 276 277 278 279 280 281 282 283 284]] [19 [285 286 288 289 290 291 292 295 297 298 299]] [20 [300 301 302 304 305 306 307 308 309 311 312 313 314]] [21 [315 316 317 318 319 320 321 322 323 324 325 326 328 329]] [22 [331 333 334 335 336 337 338 339 340 341 342 343 344]] [23 [345 346 347 348 349 350 351 352 353 354 355 356 357 358 359]] [24 [360 361 362 363 364 365 366 367 368 369 370 371 372 373 374]] [25 [375 376 377 378 379 380 381 382 383 384 385 386 387 388 389]] [26 [390 391 392 393 394 395 396 397 398 400 401 402 403 404]] [27 [405 406 407 408 409 411 412 413 414 415 416 417 418 419]] [28 [420 421 422 423 424 425 426 427 428 429 430 431 432 433 434]] [29 [435 436 437 438 439 440 441 442 443 444 445 446 447 448 449]] [30 [450 451 452 453 454 455 456 457 458 459 460 461 462 463 464]] [31 [465 466 467 468 469 470 471 472 473 474 475 476 477 478 479]] [32 [481 482 484 485 486 487 488 489 490 491 492 493]] [33 [495 496 497 498 499 500 501 502 503 504 505 506 507 508 509]] [34 [510 511 512 513 514 515 516 517 518 519 520 521 522 523 524]] [35 [525 526 527 528 529 530 531 532 533 534 535 536 537 538 539]] [36 [540 541 542 543 544 545 546 547 548 549 550 551 552 553 554]] [37 [555 556 557 558 559 560 561 562 563 564 565 566 567 568 569]] [38 [570 571 572 573 574 575 576 577 578 579 580 581 582 583 584]] [39 [585 586 587 588 589 590 591 592 593 594 595 596 597 598 599]] [40 [600 601 603 604 605 606 607 608 612]] [41 [616 617 620 621 622 623 624 625 626 627 628]] [42 [630 631 632 633 634 635 636 637 638 639 640 641 642 643 644]] [43 [645 646 647 648 649 650 651 652 653 654 655 656 657 658 659]] [44 [660 661 662 664 665 667 668 670 671 672 673 674]] [45 [675 676 677 678 679 680 681 682 683 684 685 686 687 688 689]] [46 [690 691 693 694 695 696 697 698 699 700 701 702 703 704]] [47 [705 706 707 708 709 710 711 712 713 714 715 716 717 718 719]] [48 [720 721 722 723 724 725 726 727 728 729 730 731 732 733 734]] [49 [735 736 737 738 739 740 741 742 743 744 745 746 747 748 749]] [50 [750 751 752 753 754 755 756 757 758 759 760 762 764]] [51 [765 766 767 768 769 770 771 772 773 774 775 776 777 779]] [52 [780 782 783 785 786 787 788 789 790 791 792 793 794]] [53 [795 796 797 798 799 800 801 802 803 804 805 806 807 808 809]] [54 [810 811 812 813 814 815 816 817 818 819 820 821 822 823 824]] [55 [828 829 830 831 832 833 834 835 836 837 838 839]] [56 [840 841 842 843 844 845 846 847 848 849 850 851 852 853 854]] [57 [855 857 858 859 863 865 866 867 869]] [58 [870 871 872 873 874 875 876 877 878 879 880 881 882 883 884]] [59 [885 886 888 889 890 891 892 893 894 895 896 899]] [60 [900 901 902 903 904 905 906 907 908 909 910 911 912 913 914]] [61 [915 916 917 918 919 920 921 922 923 924 925 926 927 928 929]] [62 [930 931 932 933 934 935 936 937 938 939 940 941 942 943 944]] [63 [945 946 947 948 951 952 954 955 956 957 959]] [64 [960 962 963 964 965 969 970 972 973]] [65 [977 978 979 980 981 982 983 984 985 986 987 988 989]] [66 [990 991 992 993 994 995 996 997 998 999 1000 1001 1002 1003 1004]] [67 [1005 1006 1007 1008 1009 1010 1011 1012 1013 1014 1015 1016 1017 1018 1019]] [68 [1020 1021 1022 1023 1024 1025 1026 1027 1028 1029 1030 1031 1032 1033 1034]] [69 [1035 1036 1037 1038 1039 1040 1041 1042 1043 1044 1045 1046 1047 1048 1049]] [70 [1050 1051 1052 1053 1054 1057 1060 1062 1063 1064]] [71 [1066 1069 1071 1072 1074 1076 1079]] [72 [1081 1082 1084 1088 1089 1094]] [73 [1096 1098 1103 1105 1107 1108 1109]] [74 [1110 1111 1112 1113 1114 1115 1116 1117 1119 1120 1121 1122 1123 1124]] [75 [1125 1126 1127 1128 1129 1130 1131 1132 1133 1134 1135 1136 1137 1138 1139]] [76 [1141 1142 1147 1148 1150 1153]] [77 [1155 1156 1157 1158 1159 1160 1161 1162 1163 1164 1165 1166 1167 1168 1169]] [78 [1170 1171 1172 1173 1174 1175 1176 1177 1178 1179 1180 1181 1182 1183 1184]] [79 [1185 1186 1188 1189 1190 1191 1192 1193 1194 1195 1196 1197 1198 1199]] [80 [1200 1201 1202 1203 1204 1208 1209 1210 1212 1213 1214]] [81 [1215 1216 1217 1218 1219 1220 1221 1222 1223 1224 1225 1226 1227 1228 1229]] [82 [1230 1231 1232 1233 1235 1236 1237 1238 1239 1240 1241 1242 1243 1244]] [83 [1245 1246 1247 1248 1249 1250 1251 1252 1253 1254 1256 1257 1258 1259]] [84 [1260 1261 1262 1263 1265 1267 1269 1270 1271]] [85 [1275 1276 1277 1279 1280 1281 1282 1283 1284 1286 1287]] [86 [1290 1291 1292 1293 1295 1296 1298 1299 1300 1301 1302 1303 1304]] [87 [1305 1306 1307 1308 1309 1310 1311 1312 1313 1314 1315 1316 1317 1318 1319]] [88 [1320 1321 1322 1323 1324 1325 1326 1327 1328 1329 1330 1331 1332 1333 1334]] [89 [1335 1336 1337 1338 1339 1340 1341 1342 1343 1344 1345 1346 1347 1348 1349]] [90 [1350 1351 1352 1353 1354 1355 1356 1357 1358 1359 1360 1361 1362 1363 1364]] [91 [1365 1366 1367 1368 1369 1370 1371 1372 1373 1374 1375 1376 1377 1378 1379]] [92 [1380 1381 1382 1383 1384 1385 1386 1387 1388 1389 1390 1391 1392 1393 1394]] [93 [1395 1396 1397 1398 1399 1400 1401 1402 1403 1404 1405 1406 1407 1408 1409]] [94 [1410 1411 1412 1414 1415 1416 1417 1418 1419 1420 1421 1422 1423 1424]] [95 [1425 1426 1427 1428 1429 1430 1431 1432 1433 1434 1435 1436 1437 1438 1439]] [96 [1440 1441 1442 1443 1444 1445 1446 1447 1448 1449 1450 1451 1452 1453 1454]] [97 [1455 1456 1460 1462 1465 1466 1469]] [98 [1472 1475 1476 1477 1478 1479 1484]] [99 [1485 1486 1487 1488 1489 1490 1491 1492 1493 1494 1495 1496 1497 1498 1499]]]","[[0 [0 3 5 9 14]] [1 [15 18 20 22 26 29]] [2 [30 31 32 33 34 35 37 39 41 43 44]] [3 [49 51 52 53 58]] [4 [60 66 67 68 71 73]] [5 [75 76 77 78 81 83 88 89]] [6 [90 92 93 94 95 98 101 103]] [7 [106 107 108 109 110 111 112 115]] [8 [120 122 123 124 126 127 128 131 132 134]] [9 [136 140 142 144 149]] [10 [150 151 152 153 154 155 160 163]] [11 [165 167 169 170 171 174 175 176]] [12 [181 182 183 185 188 189 190 194]] [13 [196 198 199 202 203 204 205 208 209]] [14 [210 211 212 213 214 215 217 219 220 222]] [15 [226 228 229 230 237]] [16 [242 246 247 250 251 252 254]] [17 [255 256 257 269]] [18 [270 273 274 276 279 282 283]] [19 [285 286 288 289 290 291 292 295 297 298]] [20 [300 301 302 304 307 308 309 311 312 314]] [21 [315 316 317 318 319 320 322 323 324 328]] [22 [331 333 334 335 338 342]] [23 [347 349 350 352 353 356 357 358 359]] [24 [361 364 366 367 368 369 371 372]] [25 [378 380 382 385 386 387 388]] [26 [390 391 393 398 402]] [27 [405 407 408 409 412 414 415 417 418]] [28 [420 421 422 427 429 430]] [29 [438 443 444 445 447 448]] [30 [451 453 458 459 460 461 463 464]] [31 [466 467 468 470 471 472 474 479]] [32 [482 484 485 488 489 491 492]] [33 [495 497 501 502 503 504 505 506 507]] [34 [513 514 517 520 521 523]] [35 [525 527 528 532 533 534]] [36 [542 543 544 545 549 550 551 552 554]] [37 [557 559 562 565 567 568]] [38 [570 572 574 576 577 578 579 580 581 582]] [39 [585 587 592 596 599]] [40 [604 605 606 608 612]] [41 [617 621 622 624 627 628]] [42 [631 632 639 640 641]] [43 [647 649 651 652 653 655 658 659]] [44 [660 661 662 664 665 667 668 672 674]] [45 [675 677 678 681 683 684 685 686 689]] [46 [693 695 696 697 698 699 700 702 704]] [47 [705 708 710 715 718 719]] [48 [721 726 728 730 734]] [49 [737 738 739 740 742 745 747 749]] [50 [752 753 754 756 758 759 760 762]] [51 [765 767 769 773 775 776]] [52 [780 782 783 786 787 788 790 791 793 794]] [53 [795 797 800 801 802 804 805 808 809]] [54 [810 813 814 815 816 818 820 821 823]] [55 [828 832 836 837]] [56 [841 844 845 847 848 850 852 854]] [57 [857 858 859 863 865 866 867 869]] [58 [872 873 876 877 878 880 881 882 883 884]] [59 [885 886 888 889 891 892 895]] [60 [902 904 906 907 908 909 911 913 914]] [61 [916 917 919 921 922 923 924 928]] [62 [932 936 937 938 940 941 942]] [63 [945 946 947 948 951 952 956 957 959]] [64 [960 962 963 964 965 969 972 973]] [65 [978 981 982 983 984 985 986 987]] [66 [991 995 1001 1002 1004]] [67 [1008 1009 1010 1013 1015 1017 1018]] [68 [1023 1025 1028 1031]] [69 [1035 1038 1041 1042 1043 1045 1047]] [70 [1051 1053 1054 1057 1060 1064]] [71 [1066 1071 1072 1074 1076 1079]] [72 [1081 1082 1084 1088 1089 1094]] [73 [1096 1098 1103 1105 1108 1109]] [74 [1110 1112 1116 1117 1119 1121 1122 1124]] [75 [1126 1128 1129 1130 1132 1133 1134 1136 1138]] [76 [1142 1147 1148 1150 1153]] [77 [1155 1157 1158 1159 1160 1165 1166 1167 1168 1169]] [78 [1173 1174 1175 1176 1177 1178 1180 1183]] [79 [1185 1186 1193 1194 1195 1197 1199]] [80 [1200 1201 1202 1203 1210 1212 1214]] [81 [1217 1219 1221 1222 1225 1226 1227 1228 1229]] [82 [1231 1232 1233 1236 1237 1238 1242 1243]] [83 [1246 1248 1250 1251 1252 1254 1256 1257 1258 1259]] [84 [1260 1262 1263 1265 1267 1269 1270 1271]] [85 [1275 1276 1279 1280 1281 1282 1283 1287]] [86 [1290 1291 1292 1293 1298 1300]] [87 [1305 1307 1308 1314 1319]] [88 [1320 1321 1322 1324 1325 1327 1329 1330 1332 1333 1334]] [89 [1336 1337 1338 1339 1340 1342 1344 1346 1347]] [90 [1350 1352 1354 1355 1356 1357 1360 1362 1363 1364]] [91 [1365 1366 1368 1369 1370 1371 1372 1373 1377]] [92 [1380 1381 1382 1383 1389 1390 1394]] [93 [1395 1396 1398 1403 1405 1408]] [94 [1410 1411 1414 1415 1417 1418 1421 1422 1423]] [95 [1425 1426 1428 1430 1431 1439]] [96 [1444 1446 1449 1450 1454]] [97 [1455 1462 1465 1466 1469]] [98 [1472 1475 1476]] [99 [1486 1487 1494 1497 1498 1499]]]",,"[[{citizen 13} [[""A"" [4 4 4 2 1 2 0 1 2 2]]]] [{citizen 14} [[""A"" [2 3 4 1 2 2 1 1 0 1]]]] [{citizen 19} [[""A"" [5 2 2 1 1 2 3 4 2 2]]]] [{citizen 23} [[""A"" [4 6 5 2 1 2 3 4 4 6]]]] [{citizen 24} [[""A"" [2 1 2 4 5 5 6 2 2 2]]]] [{citizen 28} [[""A"" [5 2 2 1 2 4 4 2 1 4]]]] [{citizen 29} [[""A"" [2 2 4 4 2 1 2 2 1 0]]]] [{media 50} [[""A"" [4 4 4 4 4 4 4 4 4 4]]]] [{media 53} [[""A"" [6 6 6 6 6 6 6 6 6 6]]]] [{media 54} [[""A"" [2 2 2 2 2 2 2 2 2 2]]]] [{media 55} [[""A"" [1 1 1 1 1 1 1 1 1 1]]]] [{media 56} [[""A"" [5 5 5 5 5 5 5 5 5 5]]]] [{media 57} [[""A"" [2 2 2 2 2 2 2 2 2 2]]]] [{media 59} [[""A"" [2 2 2 2 2 2 2 2 2 2]]]] [{media 60} [[""A"" [1 1 1 1 1 1 1 1 1 1]]]] [{media 61} [[""A"" [6 6 6 6 6 6 6 6 6 6]]]] [{media 62} [[""A"" [3 3 3 3 3 3 3 3 3 3]]]] [{media 63} [[""A"" [1 1 1 1 1 1 1 1 1 1]]]] [{media 64} [[""A"" [4 4 4 4 4 4 4 4 4 4]]]] [{citizen 5} [[""A"" [2 3 2 1 0 2 0 2 2 2]]]] [{citizen 8} [[""A"" [0 1 0 1 1 1 2 2 1 2]]]] [{citizen 7} [[""A"" [2 2 1 1 2 3 4 4 6 6]]]] [{citizen 0} [[""A"" [2 1 1 2 2 1 2 1 2 2]]]] [{citizen 4} [[""A"" [2 1 4 4 2 1 2 4 6 6]]]] [{citizen 6} [[""A"" [4 2 1 1 0 1 0 2 2 2]]]] [{media 58} [[""A"" [5 5 5 5 5 5 5 5 5 5]]]] [{citizen 26} [[""A"" [2 1 2 3 4 4 1 0 2 6]]]] [{citizen 41} [[""A"" [1 3 4 4 2 2 4 6 5 5]]]] [{citizen 22} [[""A"" [2 2 4 5 6 4 2 2 1 4]]]] [{citizen 21} [[""A"" [2 1 2 4 6 1 2 2 1 2]]]] [{citizen 17} [[""A"" [2 2 2 3 4 4 5 4 2 0]]]] [{citizen 33} [[""A"" [2 2 4 2 2 0 2 2 1 2]]]] [{citizen 25} [[""A"" [1 1 2 3 4 4 3 2 2 2]]]] [{citizen 9} [[""A"" [1 1 2 4 4 6 5 1 2 2]]]] [{citizen 44} [[""A"" [2 3 1 2 1 2 6 5 5 4]]]] [{citizen 40} [[""A"" [2 4 3 4 3 5 6 6 2 1]]]] [{citizen 11} [[""A"" [3 4 4 1 2 2 1 4 5 4]]]] [{citizen 37} [[""A"" [1 1 2 2 2 1 2 0 1 1]]]] [{citizen 36} [[""A"" [2 1 4 4 1 2 6 5 2 1]]]] [{citizen 46} [[""A"" [2 1 1 2 3 4 4 2 1 1]]]] [{citizen 38} [[""A"" [4 2 3 2 3 4 5 6 5 5]]]] [{citizen 34} [[""A"" [2 1 2 3 4 4 2 1 4 5]]]] [{citizen 45} [[""A"" [4 1 2 4 2 1 4 5 1 1]]]] [{media 51} [[""A"" [2 2 2 2 2 2 2 2 2 2]]]] [{citizen 35} [[""A"" [2 1 2 3 6 2 2 2 4 4]]]] [{citizen 18} [[""A"" [4 2 1 2 1 2 5 1 1 2]]]] [{citizen 48} [[""A"" [2 1 2 4 4 2 1 1 0 2]]]] [{citizen 20} [[""A"" [2 4 4 2 1 2 4 6 6 5]]]] [{citizen 16} [[""A"" [2 1 1 2 0 1 0 2 2 2]]]] [{citizen 43} [[""A"" [2 2 1 2 3 4 4 4 6 5]]]] [{citizen 32} [[""A"" [1 1 2 3 4 4 4 5 5 3]]]] [{citizen 39} [[""A"" [2 1 2 4 4 4 5 1 0 2]]]] [{citizen 10} [[""A"" [2 2 1 2 4 4 5 0 1 2]]]] [{citizen 1} [[""A"" [4 2 2 4 3 1 5 4 4 6]]]] [{citizen 3} [[""A"" [6 2 2 1 2 4 4 4 4 1]]]] [{media 52} [[""A"" [0 0 0 0 0 0 0 0 0 0]]]] [{citizen 2} [[""A"" [5 2 2 1 2 3 4 4 1 2]]]] [{citizen 49} [[""A"" [2 3 2 1 1 2 2 0 2 2]]]] [{citizen 15} [[""A"" [2 4 2 1 0 1 0 2 2 2]]]] [{citizen 47} [[""A"" [2 2 3 4 2 1 2 1 0 2]]]] [{citizen 30} [[""A"" [2 2 2 1 2 4 4 4 2 1]]]] [{citizen 31} [[""A"" [5 2 2 1 4 1 2 1 1 0]]]] [{citizen 27} [[""A"" [4 5 5 2 2 4 4 1 2 2]]]] [{citizen 42} [[""A"" [2 1 2 3 4 4 2 2 2 1]]]]]"
"13","[0 0 255]","88.125","9.439072669254235","-0.13495526635472138","""circle""","""""","9.9","{breed citizens}","false","0.5","1","""up""",,"[[""ID"" 48] [""alpha"" 1] [""beta"" 1] [""malleable"" [""A""]] [""prior"" []] [""cont_tokens"" []] [""A"" 6]]","[[0 [0 1 2 3 4 5 6 8 9 10 11 12 13 14]] [1 [15 17 18 19 20 21 22 23 24 25 26 28 29]] [2 [30 31 32 33 34 35 36 37 38 39 40 41 42 43 44]] [3 [45 46 47 48 49 50 51 52 53 54 55 56 57 58 59]] [4 [60 61 62 63 64 65 66 67 68 69 70 71 72 73 74]] [5 [75 76 77 78 81 83 87 88 89]] [6 [90 91 92 93 94 95 96 97 98 101 102 103]] [7 [105 106 107 108 109 110 111 112 114 115 116 117 119]] [8 [120 121 122 123 124 125 126 127 128 129 130 131 132 133 134]] [9 [135 136 138 141 142 144 145 146 147 149]] [10 [150 151 152 153 154 155 156 157 158 159 160 161 163]] [11 [165 166 167 168 169 170 171 172 173 174 175 176 177 178 179]] [12 [181 182 183 185 186 187 188 189 190 191 192 193 194]] [13 [195 196 197 198 199 200 201 202 203 204 205 206 207 208 209]] [14 [210 211 212 213 214 215 216 217 218 219 220 221 222 224]] [15 [225 226 227 228 229 230 231 232 233 234 235 236 237 238 239]] [16 [240 241 242 243 244 245 246 247 248 249 250 251 252 253 254]] [17 [255 256 257 258 259 260 261 262 263 264 265 266 267 268 269]] [18 [270 271 272 273 274 275 276 277 278 279 280 281 282 283 284]] [19 [285 286 287 288 289 290 291 292 293 294 295 296 297 298 299]] [20 [300 301 302 303 304 305 306 307 308 309 310 311 312 313 314]] [21 [315 316 317 318 319 320 321 322 323 324 325 326 328 329]] [22 [331 332 333 334 335 336 337 338 339 340 341 342 343 344]] [23 [345 346 347 348 349 350 351 352 353 354 355 356 357 358 359]] [24 [360 361 362 363 364 365 366 367 368 369 370 371 372 373 374]] [25 [375 376 377 378 379 380 381 382 383 384 385 386 387 388 389]] [26 [390 391 392 393 394 395 396 397 398 400 401 402 403 404]] [27 [405 406 407 408 409 411 412 413 414 415 416 417 418 419]] [28 [420 421 422 423 424 425 426 427 428 429 430 431 432 433 434]] [29 [435 436 437 438 439 440 441 442 443 444 445 446 447 448 449]] [30 [450 451 452 453 454 455 456 457 458 459 460 461 462 463 464]] [31 [465 469 471 472 474 475 476 477 478 479]] [32 [481 482 484 485 486 487 488 489 490 491 492 493 494]] [33 [495 496 497 498 499 500 501 502 503 504 505 506 507 508 509]] [34 [510 511 512 513 514 515 516 517 518 519 520 521 522 523 524]] [35 [525 526 527 528 529 530 531 532 533 534 535 536 537 538 539]] [36 [540 541 542 543 544 545 546 547 548 549 550 551 552 553 554]] [37 [555 556 557 558 559 560 561 562 563 564 565 566 567 568 569]] [38 [570 571 572 573 574 575 576 577 578 579 580 581 582 583 584]] [39 [585 586 587 588 589 590 591 592 593 594 595 596 597 598 599]] [40 [600 601 602 603 604 605 606 607 608 612 613 614]] [41 [615 616 617 618 619 620 621 622 623 624 625 626 627 628 629]] [42 [630 631 632 633 634 635 636 637 638 639 640 641 642 643 644]] [43 [645 646 648 650 651 652 653 654 655 656 658 659]] [44 [660 661 662 664 665 667 668 670 671 672 673 674]] [45 [675 676 677 678 679 680 681 682 683 684 685 686 687 688 689]] [46 [690 691 693 694 695 696 697 698 699 700 701 702 703 704]] [47 [705 706 707 708 709 710 711 712 713 714 715 717 718 719]] [48 [720 722 723 724 725 728 730 734]] [49 [735 736 737 738 739 740 741 742 743 744 745 746 747 748 749]] [50 [750 751 752 753 754 755 756 757 758 759 760 762 764]] [51 [765 767 769 773 774 775 776]] [52 [780 781 782 783 784 785 786 787 788 789 790 791 792 793 794]] [53 [795 796 798 799 801 803 804 806 807 808 809]] [54 [810 811 812 813 814 815 816 817 818 819 820 821 822 823 824]] [55 [825 826 827 828 830 831 832 834 835 836 837 838 839]] [56 [840 841 842 843 844 845 846 847 848 850 852 854]] [57 [855 857 858 859 863 865 866 867 869]] [58 [870 871 872 873 874 875 876 877 878 879 880 881 882 883 884]] [59 [885 886 887 888 889 890 891 892 893 894 895 896 899]] [60 [900 901 902 903 904 905 906 907 908 909 910 911 912 913 914]] [61 [916 917 918 919 921 922 923 924 926 928 929]] [62 [930 931 932 935 936 937 938 939 940 941 942]] [63 [945 946 947 948 951 952 954 955 956 957 959]] [64 [960 962 963 964 965 969 970 972 973]] [65 [977 978 979 980 981 982 983 984 985 986 987 988 989]] [66 [990 991 992 993 994 995 996 997 998 999 1000 1001 1002 1003 1004]] [67 [1005 1006 1007 1008 1009 1010 1011 1012 1013 1014 1015 1016 1017 1018 1019]] [68 [1020 1021 1022 1023 1024 1025 1026 1027 1028 1029 1030 1031 1032 1033 1034]] [69 [1035 1036 1037 1038 1039 1040 1041 1042 1043 1044 1045 1046 1047 1048 1049]] [70 [1050 1051 1052 1053 1054 1055 1056 1057 1058 1059 1060 1061 1062 1063 1064]] [71 [1065 1066 1067 1068 1069 1070 1071 1072 1073 1074 1075 1076 1077 1078 1079]] [72 [1080 1081 1082 1083 1084 1085 1086 1087 1088 1089 1090 1091 1092 1093 1094]] [73 [1095 1097 1099 1100 1101 1102 1104 1106]] [74 [1110 1111 1112 1113 1114 1115 1116 1117 1118 1119 1120 1121 1122 1123 1124]] [75 [1125 1126 1127 1128 1129 1130 1131 1132 1133 1134 1135 1136 1137 1138 1139]] [76 [1140 1141 1142 1143 1144 1145 1147 1148 1150 1151 1152 1153]] [77 [1155 1157 1158 1159 1160 1161 1162 1163 1164 1165 1166 1167 1168 1169]] [78 [1170 1171 1172 1173 1174 1175 1176 1177 1178 1179 1180 1181 1182 1183 1184]] [79 [1185 1186 1187 1188 1189 1190 1191 1192 1193 1194 1195 1196 1197 1198 1199]] [80 [1200 1201 1202 1203 1204 1205 1206 1207 1208 1209 1210 1211 1212 1213 1214]] [81 [1215 1216 1217 1218 1219 1220 1221 1222 1223 1224 1225 1226 1227 1228 1229]] [82 [1230 1231 1232 1233 1235 1236 1237 1238 1239 1240 1241 1242 1243 1244]] [83 [1245 1246 1247 1248 1249 1250 1251 1252 1253 1254 1256 1257 1258 1259]] [84 [1260 1261 1262 1263 1265 1267 1269 1270 1271]] [85 [1275 1276 1277 1279 1280 1281 1282 1283 1284 1286 1287]] [86 [1290 1291 1292 1293 1295 1296 1298 1299 1300 1301 1302 1303 1304]] [87 [1305 1306 1307 1308 1309 1310 1311 1312 1313 1314 1315 1316 1317 1318 1319]] [88 [1320 1321 1322 1323 1324 1325 1326 1327 1328 1329 1330 1331 1332 1333 1334]] [89 [1335 1336 1337 1338 1339 1340 1341 1342 1343 1344 1345 1346 1347 1348 1349]] [90 [1351 1354 1355 1358 1359 1361]] [91 [1367 1374 1375 1376 1378 1379]] [92 [1385 1386 1387 1388 1389 1390 1391 1392 1394]] [93 [1395 1396 1397 1398 1399 1400 1401 1402 1403 1404 1405 1406 1407 1408 1409]] [94 [1410 1411 1412 1414 1415 1417 1418 1419 1420 1421 1422 1423 1424]] [95 [1425 1426 1427 1428 1429 1430 1431 1432 1433 1434 1435 1436 1437 1438 1439]] [96 [1440 1441 1442 1443 1445 1446 1447 1448 1449 1450 1451 1452 1453 1454]] [97 [1455 1456 1457 1458 1459 1460 1461 1462 1463 1464 1465 1466 1467 1468 1469]] [98 [1470 1472 1473 1474 1475 1476 1477 1478 1479 1480 1481 1482 1483 1484]] [99 [1485 1486 1487 1488 1489 1490 1491 1492 1493 1494 1495 1496 1497 1498 1499]]]","[[0 [1 2 5 9 14]] [1 [15 18 20 22 26 29]] [2 [30 31 32 33 34 36 38 40]] [3 [45 46 48 50 54 55 56 57 59]] [4 [61 62 63 64 65 66 67 68 70 72 74]] [5 [76 77 78 81 83 87 88 89]] [6 [90 92 94 95 98 101 102 103]] [7 [106 107 108 112 115]] [8 [120 122 123 129 130 131 132 133 134]] [9 [136 138 141 142 144 147 149]] [10 [150 151 152 153 154 155 160 163]] [11 [165 168 169 170 171 174 175 176]] [12 [181 182 183 185 188 189 190 192 194]] [13 [196 198 199 202 203 204 205 206 207 209]] [14 [210 211 212 213 214 215 216 218 221 224]] [15 [225 227 231 232 236 237 239]] [16 [240 241 243 244 245 248 249 250 251 252]] [17 [255 256 257 265 266 267 268]] [18 [270 273 274 276 277 278 280 281 282 283]] [19 [285 288 289 290 291 292 295 297 298 299]] [20 [305 306 307 308 309 310 311 312 314]] [21 [315 316 317 318 319 320 322 323 324 328]] [22 [331 333 334 335 338 342]] [23 [347 349 350 354 355]] [24 [360 362 363 365 368 369 371 372]] [25 [378 380 382 385 386 387 388]] [26 [390 391 393 398 402]] [27 [405 406 408 409 412 414 415 417 418]] [28 [420 421 422 425 427 430 433]] [29 [436 438 446 449]] [30 [452 454 455 456 457 462]] [31 [465 469 471 472 474 479]] [32 [482 484 485 488 489 491 492 493]] [33 [498 499 502 503 504 505 507]] [34 [513 514 517 520 521 523 524]] [35 [525 526 531 532 533 534 538]] [36 [540 542 543 545 549 550 551 552 554]] [37 [558 561 563 564 565 566 567 568]] [38 [570 571 572 574 575 578 579 580 581 582]] [39 [585 587 592 596 599]] [40 [600 602 603 607 608 612 614]] [41 [615 618 619 624 625 626]] [42 [630 631 632 634 636 637 638 642 643 644]] [43 [645 646 648 651 652 653 655 656 658 659]] [44 [660 661 662 664 667 668 671 673]] [45 [675 677 678 681 683 684 685 686 688 689]] [46 [690 691 694 703]] [47 [705 708 710 711 712 713 714 717]] [48 [720 724 725 728 730 734]] [49 [737 738 739 740 742 744 745 747 749]] [50 [752 753 754 756 758 759 760 762 764]] [51 [765 767 769 773 775 776]] [52 [780 782 783 786 792]] [53 [795 796 798 799 803 804 808 809]] [54 [810 812 813 814 815 822 824]] [55 [825 826 827 831 834 835 838 839]] [56 [842 844 845 847 850 852 854]] [57 [855 857 858 859 863 865 866 867 869]] [58 [873 876 877 878 880 881 882 884]] [59 [885 886 888 889 890 892 894 895]] [60 [902 904 906 907 908 910 911 913 914]] [61 [916 917 919 921 922 923 924 926 929]] [62 [930 931 932 936 938 940 941 942]] [63 [945 946 948 951 952 956 957 959]] [64 [960 962 963 964 965 970 972 973]] [65 [978 981 982 983 984 985 986 989]] [66 [990 992 994 995 1001 1002 1004]] [67 [1008 1009 1010 1013 1015 1017 1018]] [68 [1023 1025 1028 1030 1031]] [69 [1035 1038 1041 1042 1043 1045 1047]] [70 [1051 1053 1054 1057 1060 1062 1063]] [71 [1065 1066 1067 1068 1070 1073 1074 1076 1079]] [72 [1081 1084 1088 1089 1091 1092 1093]] [73 [1095 1097 1099 1100 1101 1104]] [74 [1110 1112 1116 1117 1120 1123 1124]] [75 [1126 1128 1129 1130 1132 1133 1134 1136 1138]] [76 [1141 1142 1147 1148 1150 1153]] [77 [1155 1157 1158 1159 1160 1166 1167 1168 1169]] [78 [1172 1175 1176 1177 1178 1180 1183]] [79 [1185 1186 1188 1189 1190 1191 1192 1196 1198]] [80 [1201 1202 1203 1208 1210 1212 1214]] [81 [1217 1219 1221 1222 1223 1224 1225 1226 1227 1228 1229]] [82 [1231 1232 1233 1236 1237 1238 1242 1243]] [83 [1246 1248 1250 1251 1252 1254 1256 1257 1258 1259]] [84 [1260 1261 1262 1265 1267 1269 1270 1271]] [85 [1275 1276 1277 1279 1280 1281 1282 1283 1287]] [86 [1290 1291 1292 1293 1298 1300]] [87 [1305 1307 1308 1314 1317 1319]] [88 [1320 1321 1322 1324 1328]] [89 [1335 1341 1343 1345 1348 1349]] [90 [1351 1355 1358 1359 1361]] [91 [1367 1374 1375 1376 1378 1379]] [92 [1385 1386 1387 1388 1389 1391 1392]] [93 [1397 1400 1401 1402 1406 1407 1408]] [94 [1410 1411 1414 1415 1417 1418 1421 1422 1423]] [95 [1426 1428 1429 1432 1433 1434 1435 1436 1437]] [96 [1441 1442 1443 1445 1449 1450 1454]] [97 [1455 1462 1465 1466 1469]] [98 [1472 1475 1476 1480 1481 1482 1483]] [99 [1486 1487 1490 1492 1493 1494 1495 1496]]]",,"[[{citizen 20} [[""A"" [2 1 3 1 4 2 2 4 6 5]]]] [{citizen 21} [[""A"" [2 1 2 1 0 2 2 1 3 2]]]] [{citizen 22} [[""A"" [1 2 2 1 4 5 6 4 2 2]]]] [{citizen 31} [[""A"" [5 2 2 1 2 2 1 1 3 5]]]] [{citizen 44} [[""A"" [1 3 2 1 2 1 4 6 5 5]]]] [{citizen 49} [[""A"" [2 2 1 1 1 0 2 1 3 2]]]] [{media 50} [[""A"" [4 4 4 4 4 4 4 4 4 4]]]] [{media 53} [[""A"" [6 6 6 6 6 6 6 6 6 6]]]] [{media 54} [[""A"" [2 2 2 2 2 2 2 2 2 2]]]] [{media 55} [[""A"" [1 1 1 1 1 1 1 1 1 1]]]] [{media 56} [[""A"" [5 5 5 5 5 5 5 5 5 5]]]] [{media 57} [[""A"" [2 2 2 2 2 2 2 2 2 2]]]] [{media 59} [[""A"" [2 2 2 2 2 2 2 2 2 2]]]] [{media 60} [[""A"" [1 1 1 1 1 1 1 1 1 1]]]] [{media 61} [[""A"" [6 6 6 6 6 6 6 6 6 6]]]] [{media 62} [[""A"" [3 3 3 3 3 3 3 3 3 3]]]] [{media 63} [[""A"" [1 1 1 1 1 1 1 1 1 1]]]] [{media 64} [[""A"" [4 4 4 4 4 4 4 4 4 4]]]] [{citizen 5} [[""A"" [3 1 1 2 2 4 2 0 2 2]]]] [{citizen 8} [[""A"" [1 1 2 1 0 2 2 1 3 2]]]] [{citizen 12} [[""A"" [3 1 1 2 5 0 1 3 2 1]]]] [{citizen 0} [[""A"" [4 5 4 5 2 2 1 0 2 3]]]] [{citizen 4} [[""A"" [4 5 3 2 2 1 2 1 2 6]]]] [{citizen 9} [[""A"" [2 5 6 4 5 1 2 2 1 2]]]] [{media 58} [[""A"" [5 5 5 5 5 5 5 5 5 5]]]] [{media 51} [[""A"" [2 2 2 2 2 2 2 2 2 2]]]] [{citizen 1} [[""A"" [2 1 2 2 2 3 1 5 6 5]]]] [{citizen 26} [[""A"" [1 4 3 2 1 3 2 1 2 4]]]] [{citizen 41} [[""A"" [6 6 2 1 3 4 2 2 4 5]]]] [{citizen 17} [[""A"" [1 2 3 4 4 5 4 1 2 1]]]] [{citizen 33} [[""A"" [4 2 1 2 4 2 0 2 1 2]]]] [{citizen 25} [[""A"" [1 1 3 5 5 2 2 1 3 1]]]] [{citizen 40} [[""A"" [4 3 6 3 2 0 2 2 1 1]]]] [{citizen 11} [[""A"" [1 2 3 2 2 3 1 5 5 4]]]] [{citizen 37} [[""A"" [2 1 2 0 1 0 1 5 5 4]]]] [{citizen 28} [[""A"" [1 3 2 2 4 5 5 5 5 4]]]] [{citizen 6} [[""A"" [5 0 1 2 1 0 2 1 2 1]]]] [{citizen 36} [[""A"" [5 2 2 1 1 2 5 2 2 1]]]] [{citizen 46} [[""A"" [2 3 4 2 2 3 2 1 4 1]]]] [{citizen 38} [[""A"" [3 2 1 2 1 4 6 6 5 6]]]] [{citizen 24} [[""A"" [2 3 2 2 1 0 1 3 6 2]]]] [{citizen 30} [[""A"" [1 2 3 1 4 1 2 3 5 2]]]] [{citizen 35} [[""A"" [1 2 6 6 5 5 6 2 1 2]]]] [{citizen 18} [[""A"" [1 5 5 1 1 1 2 1 2 1]]]] [{citizen 48} [[""A"" [2 1 4 2 2 1 1 2 4 5]]]] [{citizen 16} [[""A"" [1 3 2 1 0 2 2 2 3 2]]]] [{citizen 43} [[""A"" [2 2 1 1 2 3 4 6 5 5]]]] [{citizen 32} [[""A"" [1 4 5 1 1 2 3 4 5 3]]]] [{citizen 10} [[""A"" [3 2 0 0 1 1 1 0 2 1]]]] [{citizen 39} [[""A"" [5 5 2 2 1 4 5 1 0 2]]]] [{citizen 23} [[""A"" [5 5 1 3 0 1 4 3 5 5]]]] [{citizen 45} [[""A"" [1 4 5 5 1 1 2 1 2 1]]]] [{media 52} [[""A"" [0 0 0 0 0 0 0 0 0 0]]]] [{citizen 42} [[""A"" [2 3 2 2 4 5 4 5 2 1]]]] [{citizen 19} [[""A"" [2 2 2 4 5 4 5 5 4 6]]]] [{citizen 2} [[""A"" [1 3 2 2 2 4 6 5 4 5]]]] [{citizen 7} [[""A"" [2 0 2 1 2 2 1 3 6 4]]]] [{citizen 29} [[""A"" [3 1 4 3 2 1 1 3 5 5]]]] [{citizen 15} [[""A"" [1 0 2 4 5 4 0 2 2 2]]]] [{citizen 47} [[""A"" [2 2 0 0 1 1 5 5 4 6]]]] [{citizen 27} [[""A"" [0 1 1 2 2 2 1 0 2 2]]]] [{citizen 3} [[""A"" [6 2 1 2 4 5 4 3 2 1]]]] [{citizen 34} [[""A"" [5 2 1 3 2 2 0 3 5 4]]]] [{citizen 14} [[""A"" [0 1 1 3 2 2 1 1 2 1]]]]]"
"14","[213 0 42]","266.25","-4.731322357109306","-0.17431614503764403","""circle""","""""","9.9","{breed citizens}","false","0.5","1","""up""",,"[[""ID"" 35] [""alpha"" 1] [""beta"" 1] [""malleable"" [""A""]] [""prior"" []] [""cont_tokens"" []] [""A"" 1]]","[[0 [0 1 2 3 4 5 6 8 9 10 11 12 13 14]] [1 [15 16 17 18 19 20 21 22 23 24 25 26 27 28 29]] [2 [30 31 32 33 34 35 36 37 38 39 40 41 42 43 44]] [3 [45 46 47 48 49 50 51 52 53 54 55 56 57 58 59]] [4 [60 66 67 68 70 71 72 73 74]] [5 [75 76 77 78 79 80 81 82 83 84 85 86 87 88 89]] [6 [91 94 95 96 97 98 99 100 101 102 103 104]] [7 [105 106 107 108 109 110 111 112 115 116 117 119]] [8 [120 121 122 123 124 125 126 127 128 130 131 132 133 134]] [9 [135 136 137 138 139 140 141 142 144 145 146 147 149]] [10 [150 151 152 153 154 155 156 157 158 159 160 161 163]] [11 [165 166 167 168 169 170 171 172 173 174 175 176 177 178 179]] [12 [180 181 182 183 184 185 186 187 188 189 190 191 192 193 194]] [13 [195 196 197 198 199 200 201 202 203 204 205 206 207 208 209]] [14 [210 211 212 213 214 215 216 217 218 219 220 221 222 224]] [15 [225 226 227 228 229 230 231 232 233 234 235 236 237 238 239]] [16 [240 241 242 243 244 245 246 247 248 249 250 251 252 253 254]] [17 [255 256 257 265 268 269]] [18 [270 271 272 273 274 275 276 277 278 279 280 281 282 283 284]] [19 [285 286 288 289 290 291 292 295 297 298 299]] [20 [300 301 302 303 304 305 306 307 308 309 310 311 312 314]] [21 [315 316 317 318 319 320 321 322 323 324 325 326 328 329]] [22 [330 331 332 333 334 335 336 337 338 339 342 343 344]] [23 [347 349 350 352 354 355 357]] [24 [360 361 362 363 364 365 366 367 368 369 370 371 372 373 374]] [25 [375 376 377 378 379 380 381 382 383 384 385 386 387 388 389]] [26 [390 391 392 393 394 395 396 397 398 400 401 402 403 404]] [27 [405 406 407 408 409 411 412 413 414 415 416 417 418 419]] [28 [420 421 422 423 424 425 426 427 428 429 430 433 434]] [29 [435 436 437 438 439 440 441 442 443 444 445 446 447 448 449]] [30 [450 451 452 453 454 455 456 457 458 459 460 461 462 463 464]] [31 [465 469 471 472 474 475 476 477 478 479]] [32 [480 481 482 483 484 485 488 489 491 492 493 494]] [33 [495 496 497 498 499 500 501 502 503 504 505 506 507 508 509]] [34 [510 511 512 513 514 515 516 517 518 519 520 521 522 523 524]] [35 [525 526 527 528 529 530 531 532 533 534 535 536 537 538 539]] [36 [540 541 542 543 544 545 546 547 548 549 550 551 552 553 554]] [37 [555 556 557 558 559 560 561 562 563 564 565 566 567 568 569]] [38 [570 571 572 574 575 576 577 578 579 580 581 582 583 584]] [39 [585 586 587 588 589 590 591 592 593 594 595 596 597 598 599]] [40 [600 601 602 603 604 605 606 607 608 609 610 611 612 613 614]] [41 [616 617 620 621 622 623 624 625 626 627 628 629]] [42 [630 631 632 634 635 636 637 638 639 640 641 642 643 644]] [43 [645 646 648 650 651 652 653 654 655 656 658 659]] [44 [660 661 662 664 665 667 668 670 671 672 673 674]] [45 [675 676 677 678 679 680 681 682 683 684 685 686 687 688 689]] [46 [690 691 693 694 695 696 697 698 699 700 701 702 703 704]] [47 [705 706 707 708 709 710 711 712 713 714 715 716 717 718 719]] [48 [720 721 722 723 724 725 726 727 728 729 730 731 732 733 734]] [49 [735 736 737 738 739 740 741 742 743 744 745 746 747 748 749]] [50 [750 751 752 753 754 755 756 757 758 759 760 762 764]] [51 [765 767 768 769 770 771 772 773 774 775 776 777 779]] [52 [780 781 782 783 785 786 787 788 789 790 791 792 793 794]] [53 [795 796 798 799 801 803 804 806 807 808 809]] [54 [810 811 813 814 815 817 819 820 821 822 823 824]] [55 [828 829 830 831 832 833 834 835 836 837 838 839]] [56 [840 841 842 843 844 845 846 847 848 850 852 854]] [57 [855 856 857 858 859 860 861 862 863 864 865 866 867 868 869]] [58 [870 871 872 873 874 875 878 879 880 881 882 883 884]] [59 [885 886 887 888 889 890 891 892 893 894 895 896 899]] [60 [900 906 907 908 909 911 913 914]] [61 [915 916 917 918 919 920 921 922 923 924 925 926 927 928 929]] [62 [930 931 932 933 934 935 936 937 938 939 940 941 942 943 944]] [63 [945 946 947 948 951 952 954 955 956 957 959]] [64 [960 962 963 964 965 969 970 972 973]] [65 [977 978 979 980 981 982 983 984 985 986 987 988 989]] [66 [990 991 992 993 994 995 996 997 998 999 1000 1001 1002 1003 1004]] [67 [1005 1006 1007 1008 1009 1010 1011 1012 1013 1014 1015 1016 1017 1018 1019]] [68 [1020 1021 1022 1023 1024 1025 1026 1027 1028 1029 1030 1031 1032 1033 1034]] [69 [1035 1036 1037 1038 1039 1040 1041 1043 1044 1045 1046 1047 1049]] [70 [1050 1051 1052 1053 1054 1055 1056 1057 1058 1059 1060 1061 1062 1063 1064]] [71 [1065 1066 1067 1068 1070 1073 1074 1075 1076 1077 1078 1079]] [72 [1080 1081 1082 1083 1084 1085 1086 1087 1088 1089 1090 1091 1092 1093 1094]] [73 [1096 1098 1103 1105 1107 1108 1109]] [74 [1110 1111 1112 1113 1114 1115 1116 1117 1119 1120 1121 1122 1123 1124]] [75 [1125 1126 1127 1128 1129 1130 1131 1132 1133 1134 1136 1138]] [76 [1141 1142 1147 1148 1150 1153]] [77 [1155 1157 1158 1159 1160 1161 1162 1163 1164 1165 1166 1167 1168 1169]] [78 [1170 1171 1179 1181 1182 1184]] [79 [1185 1186 1187 1188 1189 1190 1191 1192 1193 1194 1195 1196 1197 1198 1199]] [80 [1200 1201 1202 1203 1204 1208 1209 1210 1211 1212 1213 1214]] [81 [1215 1216 1217 1218 1219 1220 1221 1222 1223 1224 1225 1226 1227 1228 1229]] [82 [1231 1232 1233 1236 1237 1238 1242 1243 1244]] [83 [1245 1246 1247 1248 1249 1250 1251 1252 1254 1256 1257 1258 1259]] [84 [1260 1261 1262 1263 1265 1267 1269 1270 1271]] [85 [1275 1276 1277 1279 1280 1281 1282 1283 1284 1286 1287]] [86 [1290 1291 1292 1293 1295 1296 1298 1299 1300 1301 1302 1303 1304]] [87 [1305 1306 1307 1308 1309 1310 1311 1312 1313 1314 1315 1316 1317 1318 1319]] [88 [1320 1321 1322 1323 1324 1325 1326 1327 1328 1329 1330 1331 1332 1333 1334]] [89 [1335 1336 1337 1338 1339 1340 1341 1342 1343 1344 1345 1346 1347 1348 1349]] [90 [1350 1352 1353 1354 1355 1356 1357 1358 1359 1360 1361 1362 1363 1364]] [91 [1365 1366 1367 1368 1369 1370 1371 1372 1373 1374 1375 1376 1377 1378 1379]] [92 [1380 1381 1382 1383 1384 1385 1386 1387 1388 1389 1390 1391 1392 1393 1394]] [93 [1395 1396 1397 1398 1399 1400 1401 1402 1403 1404 1405 1406 1407 1408 1409]] [94 [1410 1411 1412 1414 1415 1417 1418 1419 1421 1422 1423 1424]] [95 [1425 1426 1427 1428 1429 1430 1431 1432 1433 1434 1435 1436 1437 1438 1439]] [96 [1440 1441 1442 1443 1445 1446 1447 1448 1449 1450 1451 1452 1453 1454]] [97 [1457 1458 1459 1460 1461 1463 1464 1467 1468]] [98 [1470 1471 1472 1473 1474 1475 1476 1479 1480 1481 1482 1483 1484]] [99 [1485 1486 1487 1488 1489 1490 1491 1492 1493 1494 1495 1496 1497 1498 1499]]]","[[0 [1 6 8 10 11 12 13]] [1 [15 17 19 21 24 27 28]] [2 [30 31 32 33 34 35 37 39 41 43]] [3 [45 46 48 51 52 53 58]] [4 [60 67 68 73]] [5 [79 80 82 84 85 86]] [6 [91 96 97 98 101 103]] [7 [106 109 110 111 112 116 117]] [8 [121 125 127 128 130 131 132 134]] [9 [138 141 142 144 147 149]] [10 [150 151 152 153 154 155 159 160]] [11 [167 168 169 170 171 174 175 176]] [12 [181 182 183 185 188 189 190 191 193]] [13 [195 197 200 204 205 208 209]] [14 [210 211 212 214 215 216 218 221 224]] [15 [225 227 231 232 234 236 237]] [16 [242 246 247 249 250 251 252 254]] [17 [255 256 257 265 268]] [18 [270 273 275 279 280 281 282 283]] [19 [285 286 288 289 290 291 292 295]] [20 [301 302 303 310 311 312 314]] [21 [315 316 317 318 321 325 326 329]] [22 [330 335 338 342]] [23 [347 349 350 352 354 355]] [24 [360 362 363 372]] [25 [378 380 382 383 385 386 387 388]] [26 [390 391 393 398 402]] [27 [405 406 408 409 412 416 419]] [28 [423 426 428 429 430 433]] [29 [436 438 443 444 445 447]] [30 [450 452 454 455 456 457 462]] [31 [465 469 471 472 475 476 477 478]] [32 [480 485 488 489 491 492 493]] [33 [496 498 499 502 503 504 508 509]] [34 [510 511 512 515 518 519 523]] [35 [526 527 529 531 532 533 534]] [36 [542 543 545 549 550 551 552 554]] [37 [556 557 559 562 565 566 567 568 569]] [38 [570 575 577 578 579 580 581 582]] [39 [585 587 592 594 595 597 598]] [40 [600 605 606 608 612]] [41 [617 621 622 624 625 626]] [42 [630 631 632 634 635 636 637 638 642 643 644]] [43 [645 646 648 650 654 655 656 659]] [44 [660 661 662 664 665 667 668 671 673]] [45 [675 677 678 681 683 684 685 686 689]] [46 [693 695 697 698 699 700 701 702]] [47 [706 707 709 711 712 713 714 716]] [48 [720 723 724 725 726 728 730 734]] [49 [737 738 739 740 742 745 747]] [50 [751 752 753 754 755 757 760 762 764]] [51 [765 768 770 771 772 774 775 776]] [52 [780 782 783 786 789 792]] [53 [796 798 799 803 804 806 807]] [54 [811 817 819 821 823]] [55 [828 829 830 831 833 834 835 838 839]] [56 [840 841 843 846]] [57 [855 857 859 861 862 868]] [58 [870 871 872 874 875 878 880 881 882 883 884]] [59 [885 886 888 889 891 892 895 896 899]] [60 [900 907 908 909 911 913 914]] [61 [916 917 919 921 922 923 924 926 929]] [62 [930 931 932 936 937 939 942]] [63 [945 946 948 951 952 956 957 959]] [64 [960 962 963 964 965 969 970 972 973]] [65 [977 979 980 987 989]] [66 [990 992 993 997 998 999 1000 1003 1004]] [67 [1011 1012 1014 1015 1018]] [68 [1023 1025 1028 1030 1031]] [69 [1035 1038 1041 1043 1045 1046 1049]] [70 [1050 1052 1055 1056 1058 1059 1061 1062 1063]] [71 [1065 1066 1067 1068 1070 1073 1075 1077 1078]] [72 [1080 1081 1082 1084 1088 1089 1094]] [73 [1096 1098 1103 1105 1107 1108 1109]] [74 [1110 1112 1116 1119 1121]] [75 [1125 1127 1131 1133 1134 1136 1138]] [76 [1142 1147 1148 1150 1153]] [77 [1155 1157 1161 1162 1163 1164]] [78 [1171 1179 1181 1182 1184]] [79 [1187 1189 1190 1193 1194 1195 1197 1199]] [80 [1201 1202 1203 1208 1210 1212 1214]] [81 [1217 1219 1221 1222 1223 1224 1225 1226 1227 1228 1229]] [82 [1231 1232 1233 1237 1238 1242]] [83 [1246 1248 1251 1252 1254 1256 1257 1258 1259]] [84 [1260 1261 1262 1265 1267 1269 1270 1271]] [85 [1275 1276 1277 1279 1280 1281 1282 1283 1287]] [86 [1290 1291 1292 1293 1295 1296 1299 1301 1302 1303 1304]] [87 [1306 1309 1310 1311 1312 1313 1315 1318 1319]] [88 [1320 1321 1322 1324 1331 1332 1333 1334]] [89 [1336 1337 1338 1339 1340 1342 1344 1346 1347]] [90 [1350 1352 1356 1357 1360 1362 1363 1364]] [91 [1365 1366 1368 1369 1370 1371 1373 1377]] [92 [1380 1381 1382 1383 1384 1385 1386 1387 1388 1389 1390 1394]] [93 [1395 1396 1398 1405 1408]] [94 [1410 1411 1414 1415 1417 1418 1421 1422 1423 1424]] [95 [1425 1426 1429 1432 1433 1434 1435 1436 1437]] [96 [1442 1443 1447 1448 1452 1453]] [97 [1457 1458 1459 1460 1461 1463 1464 1467 1468]] [98 [1470 1471 1473 1474 1476 1480 1481 1482 1483]] [99 [1486 1487 1494 1498 1499]]]",,"[[{citizen 24} [[""A"" [1 2 4 5 6 2 2 2 4 2]]]] [{citizen 27} [[""A"" [5 5 2 4 0 2 1 0 2 2]]]] [{citizen 47} [[""A"" [1 0 2 2 0 1 5 4 5 6]]]] [{media 50} [[""A"" [4 4 4 4 4 4 4 4 4 4]]]] [{media 53} [[""A"" [6 6 6 6 6 6 6 6 6 6]]]] [{media 54} [[""A"" [2 2 2 2 2 2 2 2 2 2]]]] [{media 55} [[""A"" [1 1 1 1 1 1 1 1 1 1]]]] [{media 56} [[""A"" [5 5 5 5 5 5 5 5 5 5]]]] [{media 57} [[""A"" [2 2 2 2 2 2 2 2 2 2]]]] [{media 59} [[""A"" [2 2 2 2 2 2 2 2 2 2]]]] [{media 60} [[""A"" [1 1 1 1 1 1 1 1 1 1]]]] [{media 61} [[""A"" [6 6 6 6 6 6 6 6 6 6]]]] [{media 62} [[""A"" [3 3 3 3 3 3 3 3 3 3]]]] [{media 63} [[""A"" [1 1 1 1 1 1 1 1 1 1]]]] [{media 64} [[""A"" [4 4 4 4 4 4 4 4 4 4]]]] [{citizen 0} [[""A"" [5 4 5 2 2 1 2 0 2 3]]]] [{citizen 4} [[""A"" [3 2 2 1 4 2 1 4 6 6]]]] [{citizen 7} [[""A"" [1 2 2 1 3 5 4 6 6 4]]]] [{citizen 12} [[""A"" [1 1 4 6 5 0 1 3 2 1]]]] [{media 58} [[""A"" [5 5 5 5 5 5 5 5 5 5]]]] [{citizen 8} [[""A"" [2 3 0 1 2 1 0 2 1 2]]]] [{media 51} [[""A"" [2 2 2 2 2 2 2 2 2 2]]]] [{citizen 6} [[""A"" [1 2 0 5 1 0 2 1 2 1]]]] [{citizen 26} [[""A"" [1 4 3 2 2 4 0 2 4 6]]]] [{citizen 41} [[""A"" [2 1 4 4 2 2 4 6 6 5]]]] [{citizen 22} [[""A"" [2 2 4 5 6 4 2 2 4 2]]]] [{citizen 21} [[""A"" [1 2 2 1 1 0 2 2 1 2]]]] [{citizen 17} [[""A"" [2 4 4 4 2 5 4 1 2 1]]]] [{citizen 33} [[""A"" [2 1 2 4 2 2 0 2 1 2]]]] [{citizen 25} [[""A"" [1 2 1 5 5 2 2 1 3 1]]]] [{citizen 9} [[""A"" [1 4 6 6 5 1 2 2 1 2]]]] [{citizen 44} [[""A"" [2 3 1 2 1 2 6 6 5 4]]]] [{citizen 40} [[""A"" [3 6 2 4 4 2 0 2 1 1]]]] [{citizen 11} [[""A"" [5 5 3 1 4 3 1 5 6 4]]]] [{citizen 37} [[""A"" [1 2 2 0 1 6 5 5 4 6]]]] [{citizen 28} [[""A"" [2 3 2 2 4 6 5 4 5 4]]]] [{citizen 36} [[""A"" [1 4 2 1 2 6 5 2 2 1]]]] [{citizen 46} [[""A"" [3 2 1 4 4 2 5 6 4 1]]]] [{citizen 38} [[""A"" [4 4 1 2 3 2 1 4 5 6]]]] [{citizen 13} [[""A"" [4 4 4 2 0 4 0 2 4 6]]]] [{citizen 31} [[""A"" [6 2 2 1 2 1 2 0 3 5]]]] [{citizen 5} [[""A"" [3 2 2 2 4 4 0 2 2 2]]]] [{citizen 15} [[""A"" [2 1 2 0 4 5 4 0 2 2]]]] [{citizen 34} [[""A"" [1 2 3 2 0 2 4 3 5 4]]]] [{citizen 45} [[""A"" [2 1 2 4 5 5 1 2 2 1]]]] [{citizen 39} [[""A"" [2 2 1 4 4 6 5 0 2 2]]]] [{citizen 35} [[""A"" [2 2 3 1 6 5 6 2 1 4]]]] [{citizen 18} [[""A"" [1 2 5 5 1 1 1 1 2 1]]]] [{citizen 48} [[""A"" [3 2 4 1 1 2 0 2 4 5]]]] [{citizen 20} [[""A"" [2 1 4 4 2 1 4 6 6 5]]]] [{citizen 16} [[""A"" [1 0 1 2 2 1 0 2 2 2]]]] [{citizen 43} [[""A"" [1 6 2 1 1 4 4 6 5 5]]]] [{citizen 32} [[""A"" [2 1 1 2 3 4 4 4 5 3]]]] [{citizen 23} [[""A"" [6 5 5 2 1 3 4 6 1 4]]]] [{citizen 19} [[""A"" [2 4 6 5 4 5 5 4 5 6]]]] [{citizen 10} [[""A"" [3 0 0 2 1 2 1 0 2 1]]]] [{citizen 1} [[""A"" [3 2 2 2 2 3 2 5 6 5]]]] [{citizen 3} [[""A"" [6 2 4 2 4 5 4 3 2 1]]]] [{media 52} [[""A"" [0 0 0 0 0 0 0 0 0 0]]]] [{citizen 42} [[""A"" [3 2 2 4 6 5 4 5 2 1]]]] [{citizen 30} [[""A"" [2 1 4 4 2 2 4 3 5 2]]]] [{citizen 2} [[""A"" [4 1 3 2 2 4 6 5 4 5]]]] [{citizen 49} [[""A"" [2 2 2 1 1 2 0 2 1 2]]]] [{citizen 29} [[""A"" [1 3 2 0 4 2 3 1 1 4]]]]]"
"15","[213 0 42]","18.75","3.2400638319514434","9.337964898374386","""circle""","""""","9.9","{breed citizens}","false","0.5","1","""up""",,"[[""ID"" 28] [""alpha"" 1] [""beta"" 1] [""malleable"" [""A""]] [""prior"" []] [""cont_tokens"" []] [""A"" 1]]","[[0 [0 1 2 3 4 5 6 8 9 10 12 13 14]] [1 [15 17 18 19 20 21 22 24 25 26 27 28 29]] [2 [30 31 32 33 34 35 36 37 38 39 40 41 42 43 44]] [3 [45 46 47 48 49 50 51 52 53 54 55 56 57 58 59]] [4 [60 61 62 63 64 65 66 67 68 69 70 71 72 73 74]] [5 [75 76 77 78 79 80 81 82 83 84 85 86 87 88 89]] [6 [90 91 92 93 94 95 96 97 98 101 102 103]] [7 [105 106 107 108 109 110 111 112 114 115 116 117 119]] [8 [121 125 126 127 128 130 131 132 133 134]] [9 [135 136 137 138 139 140 141 142 144 145 146 147 149]] [10 [150 151 152 153 154 155 156 157 158 159 160 161 163]] [11 [165 166 167 168 169 170 171 172 173 174 175 176 177 178 179]] [12 [180 181 182 183 184 185 186 187 188 189 190 191 192 193 194]] [13 [195 196 197 198 199 200 201 202 203 204 205 206 207 208 209]] [14 [210 211 212 213 214 215 216 217 218 219 220 221 222 224]] [15 [225 226 227 228 229 230 231 234 235 236 237 238 239]] [16 [240 241 242 243 244 245 246 247 248 249 250 251 252 253 254]] [17 [255 256 257 258 259 261 265 266 267 268 269]] [18 [270 271 273 274 275 276 277 278 279 280 282 283 284]] [19 [285 286 288 289 290 291 292 295 297 298 299]] [20 [300 302 303 305 306 307 308 310 311 312 313 314]] [21 [315 316 317 318 319 320 321 322 323 324 325 326 328 329]] [22 [331 333 334 335 336 337 338 339 340 341 342 343 344]] [23 [345 346 347 348 349 350 351 352 353 354 355 356 357 358 359]] [24 [360 361 362 363 364 365 366 367 368 369 370 371 372 373 374]] [25 [375 376 377 378 379 380 381 382 383 384 385 386 387 388 389]] [26 [390 391 392 393 394 395 396 397 398 400 401 402 403 404]] [27 [405 406 407 408 409 411 412 413 414 415 416 417 418 419]] [28 [422 423 424 425 426 427 428 429 430 433 434]] [29 [435 436 437 438 439 440 441 442 443 444 445 446 447 448 449]] [30 [450 451 452 453 454 455 456 457 458 459 460 461 462 463 464]] [31 [465 466 467 468 469 470 471 472 473 474 475 476 477 478 479]] [32 [480 481 482 484 485 486 487 488 489 490 491 492 493]] [33 [495 496 497 498 499 500 501 502 503 504 505 506 507 508 509]] [34 [510 511 512 513 514 515 516 517 518 519 520 521 522 523 524]] [35 [525 526 527 528 529 530 531 532 533 534 535 536 537 538 539]] [36 [540 541 542 543 544 545 546 547 548 549 550 551 552 553 554]] [37 [555 556 557 559 562 565 566 567 568 569]] [38 [570 571 572 574 575 576 577 578 579 580 581 582 583 584]] [39 [585 586 587 588 589 590 591 592 593 594 595 596 597 598 599]] [40 [600 601 602 603 604 605 606 607 608 609 610 611 612 613 614]] [41 [615 616 617 618 619 620 621 622 623 624 625 626 627 628 629]] [42 [630 631 632 633 634 635 636 637 638 639 640 641 642 643 644]] [43 [645 646 647 648 650 651 652 653 654 655 656 658 659]] [44 [660 661 662 664 665 667 668 670 671 672 673 674]] [45 [675 676 677 678 679 680 681 682 683 684 685 686 687 688 689]] [46 [690 691 693 694 695 696 697 698 699 700 701 702 703 704]] [47 [705 706 707 708 709 710 711 712 713 714 715 717 718 719]] [48 [720 721 722 723 724 725 727 728 729 730 731 732 733 734]] [49 [735 736 737 738 739 740 741 742 743 744 745 746 747 748 749]] [50 [750 751 752 753 754 755 756 757 758 759 760 762 764]] [51 [765 767 769 773 774 775 776]] [52 [780 782 783 785 786 787 788 789 790 791 792 793 794]] [53 [796 798 799 803 804 806 807]] [54 [810 811 812 813 814 815 816 817 818 819 820 821 822 823 824]] [55 [825 826 827 828 830 831 834 835 838 839]] [56 [840 841 842 843 844 845 846 847 848 849 850 851 852 853 854]] [57 [855 856 857 858 859 860 861 862 863 864 865 866 867 868 869]] [58 [870 871 872 873 874 875 876 877 878 879 880 881 882 883 884]] [59 [885 886 887 888 889 890 891 892 893 894 895 896 899]] [60 [900 902 904 906 907 908 909 911 913 914]] [61 [915 916 917 918 919 920 921 922 923 924 925 926 927 928 929]] [62 [930 931 932 935 936 937 938 939 940 941 942]] [63 [945 946 947 948 951 952 954 955 956 957 959]] [64 [960 962 963 964 965 969 970 972 973]] [65 [977 978 979 980 981 982 983 984 985 986 987 988 989]] [66 [990 991 992 993 994 995 996 997 998 999 1000 1001 1002 1003 1004]] [67 [1005 1006 1007 1008 1009 1010 1011 1012 1013 1014 1015 1016 1017 1018 1019]] [68 [1020 1021 1022 1023 1024 1025 1026 1027 1028 1029 1030 1031 1032 1033 1034]] [69 [1035 1036 1037 1038 1039 1040 1041 1042 1043 1045 1046 1047 1048 1049]] [70 [1050 1051 1052 1053 1054 1055 1056 1057 1058 1059 1060 1061 1062 1063 1064]] [71 [1065 1066 1067 1068 1070 1073 1074 1075 1076 1077 1078 1079]] [72 [1080 1081 1082 1083 1084 1085 1086 1087 1088 1089 1090 1091 1092 1093 1094]] [73 [1095 1097 1099 1100 1101 1102 1104 1106]] [74 [1110 1111 1112 1113 1114 1115 1116 1117 1118 1119 1120 1121 1122 1123 1124]] [75 [1125 1126 1127 1128 1129 1130 1131 1132 1133 1134 1135 1136 1137 1138 1139]] [76 [1140 1141 1142 1143 1144 1145 1147 1148 1150 1151 1152 1153]] [77 [1155 1156 1157 1158 1159 1160 1161 1162 1163 1164 1165 1166 1167 1168 1169]] [78 [1170 1171 1172 1173 1174 1175 1176 1177 1178 1179 1180 1181 1182 1183 1184]] [79 [1185 1186 1187 1188 1189 1190 1191 1192 1193 1194 1195 1196 1197 1198 1199]] [80 [1200 1201 1202 1203 1204 1208 1209 1210 1212 1213 1214]] [81 [1215 1216 1217 1218 1219 1220 1221 1222 1223 1224 1225 1226 1227 1228 1229]] [82 [1230 1231 1232 1233 1235 1236 1237 1238 1239 1240 1241 1242 1243 1244]] [83 [1246 1247 1248 1249 1250 1251 1252 1253 1254 1256 1257 1258 1259]] [84 [1260 1261 1262 1263 1265 1267 1269 1270 1271]] [85 [1275 1276 1277 1279 1280 1281 1282 1283 1284 1286 1287]] [86 [1290 1291 1292 1293 1295 1296 1298 1299 1300 1301 1302 1303 1304]] [87 [1305 1306 1307 1308 1309 1310 1311 1312 1313 1314 1315 1316 1317 1318 1319]] [88 [1320 1321 1322 1323 1324 1325 1326 1327 1328 1329 1330 1331 1332 1333 1334]] [89 [1335 1336 1337 1338 1339 1340 1341 1342 1343 1344 1345 1346 1347 1348 1349]] [90 [1350 1352 1353 1354 1355 1356 1357 1358 1359 1360 1361 1362 1363 1364]] [91 [1365 1366 1367 1368 1369 1370 1371 1372 1373 1374 1375 1376 1377 1378 1379]] [92 [1380 1381 1382 1383 1384 1385 1386 1387 1388 1389 1390 1391 1392 1393 1394]] [93 [1395 1396 1397 1398 1399 1400 1401 1402 1403 1404 1405 1406 1407 1408 1409]] [94 [1410 1411 1412 1414 1415 1416 1417 1418 1419 1420 1421 1422 1423 1424]] [95 [1425 1426 1427 1428 1429 1430 1431 1432 1433 1434 1435 1436 1437 1438 1439]] [96 [1440 1441 1442 1443 1445 1446 1447 1448 1449 1450 1451 1452 1453 1454]] [97 [1455 1456 1457 1458 1459 1460 1461 1462 1463 1464 1465 1466 1467 1468 1469]] [98 [1470 1472 1473 1474 1475 1476 1477 1478 1479 1480 1481 1482 1483 1484]] [99 [1485 1486 1487 1488 1489 1490 1491 1492 1493 1494 1495 1496 1497 1498 1499]]]","[[0 [2 3 5 9 14]] [1 [15 17 19 21 24 27 28]] [2 [30 31 32 33 34 36 38 40]] [3 [45 46 47 50 54 55 56 57 59]] [4 [62 64 65 66 67 68 71 73]] [5 [75 76 77 78 81 83 87 88 89]] [6 [90 92 93 94 95 98 101 102 103]] [7 [106 108 109 110 111 112 116 117]] [8 [121 125 126 127 128 130 133 134]] [9 [136 138 141 142 144 149]] [10 [150 151 152 153 154 155 156 157 158 159 160 163]] [11 [165 168 169 170 171 174 175 176]] [12 [181 182 183 185 188 189 190 191 193]] [13 [195 197 200 204 205 206 207]] [14 [213 214 215 219 220 222]] [15 [226 228 229 230]] [16 [242 246 247 249 250 251 252]] [17 [255 256 257 269]] [18 [270 273 274 276 277 278 280 282 283]] [19 [285 288 289 290 291 292 295 297 298 299]] [20 [300 302 303 310 311 312 314]] [21 [315 320 322 323 324 328]] [22 [331 333 334 335 338 342]] [23 [347 349 350 354 355]] [24 [360 362 363 365 368 369 370 373 374]] [25 [375 376 377 379 382 385 386 387 388]] [26 [390 391 393 398 402]] [27 [405 407 411 413 416 419]] [28 [422 424 425 427 429 430]] [29 [436 438 443 444 445 447]] [30 [450 451 453 458 459 460 461 463 464]] [31 [466 467 468 470 471 472 474 479]] [32 [482 486 487 490 493]] [33 [497 500 501 502 503 504 508 509]] [34 [510 511 512 515 518 519 523]] [35 [526 527 528 531 532 533 534]] [36 [542 543 544 545 549 550 551 552 553]] [37 [555 556 557 559 562 565 567 568 569]] [38 [570 572 574 575 576 577 578 583]] [39 [585 587 592 594 596 599]] [40 [604 605 606 608 612 613 614]] [41 [615 618 619 620 621 623 625 626 627 628 629]] [42 [633 634 636 637 642 643 644]] [43 [645 646 648 651 652 653 655 658 659]] [44 [660 661 662 664 667 668 671 673]] [45 [675 677 678 681 683 684 685 686 688 689]] [46 [690 691 694 703]] [47 [705 708 709 711 712 713 714 717]] [48 [720 723 724 725 728 730 734]] [49 [737 738 739 740 742 745 747 749]] [50 [752 753 754 755 757 758 759 760 762 764]] [51 [765 767 769 773 776]] [52 [780 783 786 789]] [53 [796 798 799 803 804]] [54 [810 812 813 814 815 818 822 824]] [55 [825 827 831 834 835 838 839]] [56 [840 841 843 846 849 851 853]] [57 [856 860 861 862 864 868]] [58 [870 871 874 875 881 882 883 884]] [59 [885 886 888 889 891 892 895 896 899]] [60 [900 904 906 907 908 911 913 914]] [61 [916 917 919 921 922 923 924 926 929]] [62 [930 931 932 936 938 940 942]] [63 [945 946 948 951 952 956 957 959]] [64 [960 962 963 964 965 970 972 973]] [65 [977 979 980 987 989]] [66 [990 992 994 995 1001 1003]] [67 [1005 1006 1007 1008 1009 1010 1016 1019]] [68 [1020 1022 1024 1026 1029 1032 1033 1034]] [69 [1036 1037 1039 1040 1042 1043 1045 1047]] [70 [1051 1053 1054 1057 1060 1062 1063]] [71 [1065 1066 1067 1068 1070 1073 1075 1077 1078]] [72 [1080 1081 1084 1088 1089 1090 1091 1092 1093]] [73 [1095 1097 1099 1100 1101 1102 1104 1106]] [74 [1111 1113 1114 1115 1117 1122 1123 1124]] [75 [1126 1128 1129 1130 1132 1133 1134 1136 1138]] [76 [1141 1142 1147 1148 1150 1153]] [77 [1155 1157 1158 1159 1160 1166 1167 1168 1169]] [78 [1170 1171 1173 1174 1175 1176 1177 1178 1180 1183]] [79 [1185 1186 1195 1197 1199]] [80 [1200 1201 1202 1203 1212 1214]] [81 [1217 1219 1221 1222 1223 1224 1225 1226 1227 1228 1229]] [82 [1231 1232 1233 1236 1237 1238 1242 1243]] [83 [1246 1248 1250 1251 1252 1254 1256 1257 1259]] [84 [1260 1262 1265 1267 1269 1270]] [85 [1275 1276 1279 1280 1281 1282 1283 1287]] [86 [1290 1291 1292 1293 1298 1300]] [87 [1305 1307 1308 1314 1317]] [88 [1320 1321 1322 1323 1324 1325 1327 1329 1330 1331 1332 1333 1334]] [89 [1336 1337 1338 1339 1342 1344 1346 1347]] [90 [1350 1352 1353 1357 1360 1362 1363 1364]] [91 [1365 1366 1368 1369 1370 1371 1372 1373 1377]] [92 [1380 1381 1382 1383 1384 1385 1386 1387 1388 1389 1390 1394]] [93 [1395 1396 1398 1403 1405 1408]] [94 [1410 1411 1414 1415 1417 1418 1421 1423 1424]] [95 [1425 1426 1428 1429 1432 1433 1434 1435 1436 1437]] [96 [1441 1442 1443 1445 1449 1450 1454]] [97 [1455 1462 1465 1466 1469]] [98 [1472 1474 1480 1481 1482 1483]] [99 [1486 1487 1490 1492 1493 1494 1498 1499]]]",,"[[{media 50} [[""A"" [4 4 4 4 4 4 4 4 4 4]]]] [{media 53} [[""A"" [6 6 6 6 6 6 6 6 6 6]]]] [{media 54} [[""A"" [2 2 2 2 2 2 2 2 2 2]]]] [{media 55} [[""A"" [1 1 1 1 1 1 1 1 1 1]]]] [{media 58} [[""A"" [5 5 5 5 5 5 5 5 5 5]]]] [{media 60} [[""A"" [1 1 1 1 1 1 1 1 1 1]]]] [{media 62} [[""A"" [3 3 3 3 3 3 3 3 3 3]]]] [{media 63} [[""A"" [1 1 1 1 1 1 1 1 1 1]]]] [{media 64} [[""A"" [4 4 4 4 4 4 4 4 4 4]]]] [{citizen 5} [[""A"" [1 2 2 2 4 2 0 2 1 2]]]] [{citizen 7} [[""A"" [2 2 1 2 3 5 4 6 6 4]]]] [{media 61} [[""A"" [6 6 6 6 6 6 6 6 6 6]]]] [{citizen 4} [[""A"" [3 2 2 1 2 2 1 2 4 6]]]] [{citizen 6} [[""A"" [1 2 2 2 1 0 2 1 2 1]]]] [{media 59} [[""A"" [2 2 2 2 2 2 2 2 2 2]]]] [{citizen 0} [[""A"" [6 5 5 2 0 1 2 2 1 3]]]] [{media 51} [[""A"" [2 2 2 2 2 2 2 2 2 2]]]] [{media 56} [[""A"" [5 5 5 5 5 5 5 5 5 5]]]] [{citizen 26} [[""A"" [4 3 2 2 1 2 2 2 4 6]]]] [{citizen 41} [[""A"" [6 2 1 2 4 2 2 4 6 5]]]] [{citizen 22} [[""A"" [2 2 4 5 6 4 2 2 2 2]]]] [{citizen 21} [[""A"" [1 0 2 2 2 1 2 1 3 2]]]] [{citizen 17} [[""A"" [2 3 4 4 2 5 4 1 2 1]]]] [{citizen 33} [[""A"" [2 4 2 2 2 0 2 1 2 1]]]] [{citizen 25} [[""A"" [1 0 1 3 5 5 2 1 3 1]]]] [{citizen 9} [[""A"" [1 1 2 4 6 5 1 2 1 2]]]] [{citizen 44} [[""A"" [2 1 3 1 1 1 2 6 6 5]]]] [{citizen 40} [[""A"" [4 5 4 3 6 6 3 2 1 1]]]] [{citizen 11} [[""A"" [1 2 2 3 1 4 5 6 5 4]]]] [{citizen 37} [[""A"" [1 2 0 1 0 1 5 6 5 4]]]] [{citizen 8} [[""A"" [1 1 2 2 2 1 1 1 2 1]]]] [{citizen 28} [[""A"" [2 4 6 5 5 5 4 5 4 6]]]] [{citizen 36} [[""A"" [1 1 2 1 2 4 5 2 2 1]]]] [{citizen 46} [[""A"" [1 1 2 4 2 3 2 6 4 1]]]] [{citizen 38} [[""A"" [1 2 3 1 2 3 4 6 5 5]]]] [{citizen 24} [[""A"" [6 2 1 3 2 1 0 3 1 2]]]] [{citizen 12} [[""A"" [3 2 1 1 1 2 1 3 2 1]]]] [{citizen 13} [[""A"" [1 2 4 4 3 2 2 1 1 6]]]] [{citizen 31} [[""A"" [6 2 2 1 1 1 2 1 3 5]]]] [{citizen 34} [[""A"" [2 1 3 2 2 0 0 3 5 4]]]] [{citizen 45} [[""A"" [5 5 0 1 1 2 2 1 1 1]]]] [{citizen 39} [[""A"" [2 2 2 2 2 4 1 0 1 2]]]] [{citizen 19} [[""A"" [2 2 2 4 6 5 4 5 5 6]]]] [{citizen 42} [[""A"" [2 3 2 2 4 6 4 5 2 1]]]] [{citizen 35} [[""A"" [2 3 6 6 5 6 2 2 2 4]]]] [{citizen 18} [[""A"" [1 1 2 2 2 1 1 1 2 1]]]] [{media 57} [[""A"" [2 2 2 2 2 2 2 2 2 2]]]] [{citizen 10} [[""A"" [0 0 1 1 2 1 1 1 2 1]]]] [{citizen 1} [[""A"" [1 2 2 2 3 1 4 5 6 5]]]] [{citizen 3} [[""A"" [2 1 2 2 4 5 4 3 2 1]]]] [{citizen 16} [[""A"" [1 3 2 2 2 1 0 1 3 2]]]] [{citizen 43} [[""A"" [4 6 0 1 2 1 1 2 5 5]]]] [{citizen 20} [[""A"" [1 1 2 4 2 1 2 4 6 5]]]] [{citizen 48} [[""A"" [1 2 4 2 2 1 1 2 4 5]]]] [{citizen 30} [[""A"" [2 3 2 2 4 1 2 3 5 2]]]] [{citizen 32} [[""A"" [5 6 2 1 2 3 4 4 5 3]]]] [{citizen 2} [[""A"" [2 1 3 2 2 2 6 5 4 5]]]] [{citizen 49} [[""A"" [1 0 1 2 2 0 1 3 2 1]]]] [{citizen 29} [[""A"" [3 4 1 3 2 1 1 3 5 5]]]] [{citizen 47} [[""A"" [2 3 2 1 0 1 1 5 5 6]]]] [{citizen 27} [[""A"" [1 1 2 2 2 1 1 2 1 2]]]] [{citizen 14} [[""A"" [1 1 3 2 2 2 1 1 2 1]]]] [{media 52} [[""A"" [0 0 0 0 0 0 0 0 0 0]]]] [{citizen 23} [[""A"" [1 2 3 6 0 1 4 3 5 5]]]]]"
"16","[213 0 42]","26.25","3.7364261132505723","8.548357624604428","""circle""","""""","9.9","{breed citizens}","false","0.5","1","""up""",,"[[""ID"" 38] [""alpha"" 1] [""beta"" 1] [""malleable"" [""A""]] [""prior"" []] [""cont_tokens"" []] [""A"" 1]]","[[0 [0 1 2 3 4 5 6 7 8 9 10 11 12 13 14]] [1 [15 16 17 18 19 20 21 22 23 24 25 26 27 28 29]] [2 [30 31 32 33 34 35 36 37 38 39 40 41 42 43 44]] [3 [45 46 47 48 49 50 51 52 53 58]] [4 [61 62 63 64 65 66 67 68 69 70 71 72 73 74]] [5 [75 76 77 78 81 83 87 88 89]] [6 [90 91 92 93 94 95 96 97 98 101 102 103]] [7 [105 106 107 108 109 110 111 112 114 115 116 117 119]] [8 [120 121 122 123 124 125 126 127 128 129 130 131 132 133 134]] [9 [135 136 137 138 139 140 141 142 143 144 145 146 147 148 149]] [10 [150 151 152 153 154 155 156 157 158 159 160 161 163]] [11 [165 166 167 168 169 170 171 172 173 174 175 176 177 178 179]] [12 [180 181 182 183 184 185 186 187 188 189 190 191 192 193 194]] [13 [195 196 197 198 199 200 201 202 203 204 205 206 207 208 209]] [14 [210 211 212 213 214 215 216 217 218 219 220 221 222 224]] [15 [225 226 227 228 229 230 231 232 235 237 238 239]] [16 [240 241 242 243 244 245 246 247 248 249 250 251 252 253 254]] [17 [255 256 257 258 259 260 261 262 263 264 265 266 267 268 269]] [18 [270 273 275 276 279 284]] [19 [285 286 287 288 289 290 291 292 293 294 295 296 298 299]] [20 [300 301 302 303 304 305 306 307 308 309 310 311 312 313 314]] [21 [315 316 317 318 319 320 321 322 323 324 325 326 328 329]] [22 [330 331 332 333 334 335 336 337 338 339 340 341 342 343 344]] [23 [347 349 350 352 354 355 357]] [24 [360 362 363 365 371 372]] [25 [375 376 377 378 379 380 382 383 385 386 387 388 389]] [26 [390 391 392 393 394 395 396 397 398 400 401 402 403 404]] [27 [405 406 407 408 409 411 412 413 414 415 416 417 418 419]] [28 [420 421 422 423 424 425 426 427 428 429 430 431 432 433 434]] [29 [435 436 437 438 439 440 441 442 443 444 445 446 447 448 449]] [30 [450 451 452 453 454 455 456 457 458 459 460 461 462 463 464]] [31 [465 469 471 472 474 479]] [32 [480 481 482 484 485 486 487 488 489 490 491 492 493]] [33 [495 496 497 498 499 500 501 502 503 504 505 506 507 508 509]] [34 [510 511 512 513 514 515 516 517 518 519 520 521 522 523 524]] [35 [525 526 527 528 529 531 532 533 534 538 539]] [36 [540 541 542 543 544 545 546 547 548 549 550 551 552 553 554]] [37 [556 557 558 559 560 561 562 563 564 565 566 567 568 569]] [38 [570 571 572 573 574 575 576 577 578 579 580 581 582 583 584]] [39 [586 588 589 590 591 595 597 598]] [40 [600 601 602 603 604 605 606 607 608 609 610 611 612 613 614]] [41 [615 616 617 618 619 620 621 622 623 624 625 626 627 628 629]] [42 [630 631 632 633 634 635 636 637 639 640 641 642 643 644]] [43 [645 646 647 648 649 650 651 652 653 654 655 656 658 659]] [44 [660 661 662 664 665 667 668 670 671 672 673 674]] [45 [675 676 677 678 679 680 681 682 683 684 685 686 687 688 689]] [46 [690 691 693 694 695 696 697 698 699 700 701 702 703 704]] [47 [705 708 709 710 711 712 713 714 715 716 717 718 719]] [48 [720 722 723 724 725 728 730 734]] [49 [735 736 737 738 739 740 741 742 743 744 745 746 747 748 749]] [50 [750 751 752 753 754 755 756 757 758 759 760 762 764]] [51 [765 767 768 769 770 771 772 773 774 775 776 777 779]] [52 [780 782 783 785 786 787 788 789 790 791 792 793 794]] [53 [795 796 798 799 803 804 806 807]] [54 [810 811 813 814 815 817 819 820 821 822 823 824]] [55 [828 829 830 831 832 833 834 835 836 837 838 839]] [56 [840 841 842 843 844 845 846 847 848 849 850 851 852 853 854]] [57 [855 856 857 858 859 860 861 862 863 864 865 866 867 868 869]] [58 [870 871 872 873 874 875 876 877 878 879 880 881 882 883 884]] [59 [887 890 893 894 897 898]] [60 [900 901 902 903 904 905 906 907 908 909 910 911 912 913 914]] [61 [915 918 919 920 921 922 923 924 925 926 927 928 929]] [62 [931 932 933 934 935 936 937 938 939 941 942 943 944]] [63 [945 946 947 948 949 950 951 952 953 954 955 956 957 959]] [64 [960 962 963 964 965 969 970 972 973]] [65 [977 978 979 980 981 982 983 984 985 986 987 988 989]] [66 [990 991 992 993 994 995 996 997 998 999 1000 1001 1002 1003 1004]] [67 [1008 1011 1012 1014 1015 1017 1018]] [68 [1020 1021 1022 1023 1024 1025 1026 1027 1028 1029 1030 1031 1032 1033 1034]] [69 [1035 1036 1037 1038 1039 1040 1041 1042 1043 1044 1045 1046 1047 1048 1049]] [70 [1050 1051 1052 1053 1054 1055 1056 1057 1058 1059 1060 1061 1062 1063 1064]] [71 [1065 1066 1067 1068 1069 1070 1071 1072 1073 1074 1075 1076 1077 1078 1079]] [72 [1080 1081 1082 1083 1084 1085 1086 1087 1088 1089 1090 1091 1092 1093 1094]] [73 [1095 1097 1099 1100 1101 1102 1104 1106]] [74 [1110 1111 1112 1113 1114 1115 1116 1117 1118 1119 1120 1121 1122 1123 1124]] [75 [1125 1126 1127 1128 1129 1130 1131 1132 1133 1134 1136 1137 1138 1139]] [76 [1140 1141 1142 1143 1144 1145 1147 1148 1150 1151 1152 1153]] [77 [1155 1157 1158 1159 1160 1161 1162 1163 1164 1165 1166 1167 1168 1169]] [78 [1170 1171 1172 1173 1174 1175 1176 1177 1178 1179 1180 1181 1182 1183 1184]] [79 [1185 1186 1187 1188 1189 1190 1191 1192 1193 1194 1195 1196 1198]] [80 [1200 1201 1202 1203 1204 1205 1206 1207 1208 1209 1210 1211 1212 1213 1214]] [81 [1215 1216 1217 1218 1219 1220 1221 1222 1223 1224 1225 1226 1227 1228 1229]] [82 [1230 1231 1232 1233 1235 1236 1237 1238 1239 1240 1241 1242 1243 1244]] [83 [1245 1246 1247 1248 1249 1250 1251 1252 1253 1254 1256 1257 1258 1259]] [84 [1260 1261 1262 1263 1265 1267 1269 1270 1271]] [85 [1275 1276 1277 1279 1280 1281 1282 1283 1284 1286 1287]] [86 [1290 1291 1292 1293 1295 1296 1298 1299 1300 1301 1302 1303 1304]] [87 [1305 1306 1307 1308 1309 1310 1311 1312 1313 1314 1315 1316 1317 1318 1319]] [88 [1320 1321 1322 1323 1324 1325 1326 1327 1328 1329 1330 1331 1332 1333 1334]] [89 [1335 1336 1337 1338 1339 1340 1341 1342 1343 1344 1345 1346 1347 1348 1349]] [90 [1350 1351 1352 1353 1354 1355 1356 1357 1358 1359 1360 1361 1362 1363 1364]] [91 [1365 1366 1367 1368 1369 1370 1371 1372 1373 1374 1375 1376 1377 1378 1379]] [92 [1380 1381 1382 1383 1384 1385 1386 1387 1388 1390 1394]] [93 [1395 1396 1397 1398 1400 1401 1402 1403 1404 1405 1406 1407 1408 1409]] [94 [1410 1411 1412 1414 1415 1416 1417 1418 1419 1420 1421 1422 1423 1424]] [95 [1425 1426 1427 1428 1429 1430 1431 1432 1433 1434 1435 1436 1437 1438 1439]] [96 [1440 1441 1442 1443 1445 1446 1447 1448 1449 1450 1451 1452 1453 1454]] [97 [1455 1456 1457 1458 1459 1460 1461 1462 1463 1464 1465 1466 1467 1468 1469]] [98 [1470 1471 1472 1473 1474 1475 1476 1479 1480 1481 1482 1483 1484]] [99 [1485 1486 1487 1488 1489 1490 1491 1492 1493 1494 1495 1496 1497 1498 1499]]]","[[0 [1 6 7 8 10 11 12 13]] [1 [16 17 19 21 23 24 27 28]] [2 [30 31 32 33 34 35 37 39 41 42 43 44]] [3 [48 50]] [4 [62 63 65 68 70 72 74]] [5 [75 76 77 78 81 83 88 89]] [6 [90 92 94 95 98 101 102]] [7 [106 107 108 109 110 111 112 115 119]] [8 [121 125 128 131 133 134]] [9 [136 138 141 142 144 147 149]] [10 [150 151 152 153 154 155 156 158 159 160 163]] [11 [165 168 169 170 171 174 175 176]] [12 [181 182 183 185 188 189 190 191 193]] [13 [195 197 200 205 208 209]] [14 [210 211 212 214 215 219 220 222]] [15 [226 228 229 230 235 237 239]] [16 [240 241 243 244 245 248 249 250 251 252]] [17 [255 256 257 265 266 267 268 269]] [18 [270 273 275 284]] [19 [287 293 294 296 298]] [20 [300 302 303 309 310 311 312 314]] [21 [315 316 317 318 319 320 322 323 324 328]] [22 [331 333 334 335 338 342]] [23 [347 349 350 352 354 355]] [24 [360 362 363 365 371 372]] [25 [378 380 382 385 388]] [26 [390 391 393 398 401 402]] [27 [405 407 408 409 412 417 418]] [28 [420 421 422 425 427 430]] [29 [438 444 445 446 449]] [30 [452 454 455 456 457 462]] [31 [465 469 471 472 479]] [32 [481 482 484 485 488 489 491 492 493]] [33 [498 499 502 503 504 508 509]] [34 [510 511 512 513 514 515 519 522]] [35 [527 529 531 532 533 534 538]] [36 [540 541 546 547 548 552 554]] [37 [558 560 561 563 564 565 567 568]] [38 [570 572 574 575 576 577 578 583 584]] [39 [586 588 589 590 591 595 597 598]] [40 [600 602 603 607 608 612 613 614]] [41 [615 618 619 622 624 625 626]] [42 [630 631 632 634 636 637 642 643 644]] [43 [645 646 647 648 651 652 653 655 656 658 659]] [44 [660 661 662 664 665 667 668 671 673]] [45 [675 677 678 680 682 687 688 689]] [46 [691 694 703 704]] [47 [705 708 710 711 712 713 714 716 717]] [48 [720 723 724 725 728 730 734]] [49 [737 738 739 740 742 745 747 749]] [50 [750 755 757 762 764]] [51 [765 767 769 773 776]] [52 [780 782 783 786 789]] [53 [798 799 806 807]] [54 [811 817 819 821 823]] [55 [828 832 833 834 835 838 839]] [56 [840 841 843 846 849 851 853]] [57 [856 860 861 862 867 869]] [58 [872 874 875 879]] [59 [887 890 893 894]] [60 [901 902 903 905 912]] [61 [915 920 925 927 928]] [62 [931 932 935 937 938 941 942]] [63 [945 946 947 951 952 956 957 959]] [64 [960 962 963 964 965 970 972 973]] [65 [977 979 980 987]] [66 [994 995 1001 1002 1004]] [67 [1008 1012 1014 1015 1017 1018]] [68 [1023 1025 1028 1031]] [69 [1035 1038 1041 1043 1045 1046 1049]] [70 [1052 1055 1056 1058 1059 1061 1062 1063]] [71 [1065 1066 1067 1068 1070 1073 1075 1077 1078]] [72 [1080 1083 1085 1087 1090 1091 1092 1093]] [73 [1095 1097 1099 1100 1101 1102 1106]] [74 [1111 1113 1114 1115 1117 1122]] [75 [1125 1127 1131 1133 1134 1136 1138]] [76 [1142 1147 1148 1150 1153]] [77 [1155 1157 1161 1162 1163 1164]] [78 [1171 1179 1181 1182 1184]] [79 [1187 1189 1190 1191 1192 1196 1198]] [80 [1200 1201 1202 1203 1208 1210 1212 1214]] [81 [1217 1219 1221 1222 1223 1224 1225 1227 1228 1229]] [82 [1231 1232 1233 1236 1237 1238 1242 1243]] [83 [1247 1249 1250 1251 1252 1254 1256 1257 1258 1259]] [84 [1260 1262 1263 1267 1269 1270 1271]] [85 [1275 1276 1279 1280 1281 1282 1283 1287]] [86 [1290 1292 1293 1298 1300]] [87 [1305 1307 1308 1314 1317]] [88 [1320 1321 1322 1323 1324 1325 1327 1329 1330 1332 1333 1334]] [89 [1336 1337 1339 1342 1344 1346 1347]] [90 [1350 1352 1355 1358 1359 1361]] [91 [1367 1370 1375 1376 1378]] [92 [1385 1387 1390 1394]] [93 [1395 1396 1398 1403 1404 1405 1408]] [94 [1410 1411 1414 1415 1417 1418 1421 1422 1423 1424]] [95 [1425 1426 1429 1432 1433 1434 1435 1436 1437]] [96 [1442 1443 1445 1448 1452 1453]] [97 [1457 1458 1459 1460 1461 1463 1464 1467 1468]] [98 [1470 1473 1474 1476 1480 1481 1482 1483]] [99 [1486 1487 1490 1492 1493 1494 1497 1498 1499]]]",,"[[{citizen 17} [[""A"" [1 2 3 4 4 4 5 4 1 1]]]] [{citizen 22} [[""A"" [2 2 4 5 6 4 2 2 1 4]]]] [{citizen 26} [[""A"" [2 1 2 3 4 4 2 0 2 6]]]] [{citizen 27} [[""A"" [2 1 2 4 0 2 2 1 2 2]]]] [{citizen 42} [[""A"" [4 2 2 3 2 2 6 4 5 1]]]] [{citizen 43} [[""A"" [2 2 1 1 2 3 4 4 6 5]]]] [{media 51} [[""A"" [2 2 2 2 2 2 2 2 2 2]]]] [{media 52} [[""A"" [0 0 0 0 0 0 0 0 0 0]]]] [{media 53} [[""A"" [6 6 6 6 6 6 6 6 6 6]]]] [{media 54} [[""A"" [2 2 2 2 2 2 2 2 2 2]]]] [{media 56} [[""A"" [5 5 5 5 5 5 5 5 5 5]]]] [{media 57} [[""A"" [2 2 2 2 2 2 2 2 2 2]]]] [{media 59} [[""A"" [2 2 2 2 2 2 2 2 2 2]]]] [{media 60} [[""A"" [1 1 1 1 1 1 1 1 1 1]]]] [{media 61} [[""A"" [6 6 6 6 6 6 6 6 6 6]]]] [{media 62} [[""A"" [3 3 3 3 3 3 3 3 3 3]]]] [{media 63} [[""A"" [1 1 1 1 1 1 1 1 1 1]]]] [{media 55} [[""A"" [1 1 1 1 1 1 1 1 1 1]]]] [{citizen 7} [[""A"" [2 1 1 1 2 3 4 5 6 4]]]] [{citizen 0} [[""A"" [4 5 2 0 1 2 2 2 3 1]]]] [{citizen 4} [[""A"" [5 3 2 2 1 4 2 1 2 4]]]] [{citizen 6} [[""A"" [2 1 5 0 1 0 2 1 2 1]]]] [{media 64} [[""A"" [4 4 4 4 4 4 4 4 4 4]]]] [{media 58} [[""A"" [5 5 5 5 5 5 5 5 5 5]]]] [{citizen 3} [[""A"" [2 1 2 4 4 2 4 4 3 1]]]] [{media 50} [[""A"" [4 4 4 4 4 4 4 4 4 4]]]] [{citizen 34} [[""A"" [2 1 3 2 0 0 4 3 5 4]]]] [{citizen 24} [[""A"" [6 3 2 1 0 3 5 1 2 1]]]] [{citizen 38} [[""A"" [2 3 2 1 1 2 3 4 6 5]]]] [{citizen 46} [[""A"" [2 3 4 4 2 2 1 6 4 1]]]] [{citizen 36} [[""A"" [2 2 1 1 4 4 1 2 2 1]]]] [{citizen 18} [[""A"" [4 2 1 2 1 5 1 1 1 1]]]] [{citizen 35} [[""A"" [2 3 4 6 6 5 2 2 2 4]]]] [{citizen 48} [[""A"" [1 2 3 4 4 2 2 1 2 5]]]] [{citizen 20} [[""A"" [2 1 2 4 4 2 1 2 4 6]]]] [{citizen 39} [[""A"" [5 5 2 2 2 2 2 4 4 1]]]] [{citizen 23} [[""A"" [2 1 2 3 4 6 0 1 4 5]]]] [{citizen 28} [[""A"" [3 2 2 2 4 6 5 4 5 4]]]] [{citizen 5} [[""A"" [2 1 2 2 4 0 2 1 2 1]]]] [{citizen 8} [[""A"" [1 3 2 0 1 2 1 1 2 1]]]] [{citizen 41} [[""A"" [2 2 1 3 4 4 2 2 4 6]]]] [{citizen 25} [[""A"" [2 1 0 1 5 5 2 1 3 1]]]] [{citizen 9} [[""A"" [1 1 2 4 4 6 5 1 2 1]]]] [{citizen 13} [[""A"" [4 4 4 2 0 2 4 1 4 6]]]] [{citizen 21} [[""A"" [2 3 2 1 0 1 1 2 1 2]]]] [{citizen 10} [[""A"" [2 4 3 2 0 1 2 1 2 1]]]] [{citizen 1} [[""A"" [1 4 2 1 2 2 3 5 6 5]]]] [{citizen 12} [[""A"" [5 3 2 1 3 4 1 1 3 1]]]] [{citizen 45} [[""A"" [1 4 5 0 1 2 2 1 1 1]]]] [{citizen 19} [[""A"" [4 2 2 2 6 5 4 5 5 6]]]] [{citizen 30} [[""A"" [3 2 2 2 4 4 2 4 3 5]]]] [{citizen 2} [[""A"" [4 2 1 3 2 2 6 5 4 5]]]] [{citizen 37} [[""A"" [0 1 0 5 6 5 4 5 4 6]]]] [{citizen 11} [[""A"" [3 4 2 1 2 2 1 4 6 4]]]] [{citizen 49} [[""A"" [3 2 1 0 2 2 0 2 1 1]]]] [{citizen 29} [[""A"" [1 2 2 0 4 3 2 1 5 5]]]] [{citizen 40} [[""A"" [4 3 6 6 2 4 3 2 1 1]]]] [{citizen 15} [[""A"" [1 2 1 0 2 4 2 2 2 1]]]] [{citizen 47} [[""A"" [4 3 2 1 0 1 1 5 5 6]]]] [{citizen 31} [[""A"" [2 2 0 3 6 6 5 4 5 5]]]] [{citizen 44} [[""A"" [3 1 1 1 1 2 6 5 5 4]]]] [{citizen 33} [[""A"" [4 2 1 2 4 2 0 2 1 1]]]] [{citizen 32} [[""A"" [5 2 1 2 3 4 4 4 5 3]]]] [{citizen 14} [[""A"" [3 2 1 0 1 3 2 1 1 1]]]]]"
"17","[213 0 42]","124.375","7.864314420137455","-5.163611718560649","""circle""","""""","9.9","{breed citizens}","false","0.5","1","""up""",,"[[""ID"" 41] [""alpha"" 1] [""beta"" 1] [""malleable"" [""A""]] [""prior"" []] [""cont_tokens"" []] [""A"" 1]]","[[0 [0 1 2 3 4 5 6 7 8 9 10 11 12 13 14]] [1 [15 16 17 18 19 20 21 22 23 24 25 26 27 28 29]] [2 [30 31 32 33 34 35 36 37 38 39 40 41 42 43 44]] [3 [45 46 47 48 49 50 51 52 53 54 55 56 57 58 59]] [4 [60 66 67 68 70 71 72 73 74]] [5 [75 76 77 78 79 80 81 82 83 84 85 86 87 88 89]] [6 [90 91 92 93 94 95 96 97 98 101 102 103]] [7 [105 106 107 108 109 110 111 112 114 115 116 117 119]] [8 [120 121 122 123 124 125 126 127 128 129 130 131 132 133 134]] [9 [135 136 137 138 139 140 141 142 144 145 146 147 149]] [10 [150 151 152 153 154 155 156 157 158 159 160 161 163]] [11 [165 166 167 168 169 170 171 172 173 174 175 176 177 178 179]] [12 [180 181 182 183 184 185 186 187 188 189 190 191 192 193 194]] [13 [195 196 197 198 199 200 201 202 203 204 205 206 207 208 209]] [14 [210 211 212 213 214 215 216 217 218 219 220 221 222 224]] [15 [226 228 229 230 235 237]] [16 [240 241 242 243 244 245 246 247 248 249 250 251 252 253 254]] [17 [255 256 257 258 259 261 265 266 267 268 269]] [18 [270 273 274 275 276 277 278 279 280 281 282 283 284]] [19 [285 286 288 289 290 291 292 295 297 298 299]] [20 [300 301 302 303 304 305 306 307 308 309 310 311 312 313 314]] [21 [315 316 317 318 319 320 321 322 323 324 325 326 328 329]] [22 [330 331 332 333 334 335 336 337 338 339 340 341 342 343 344]] [23 [345 346 348 351 352 353 354 355 356 357 358 359]] [24 [360 361 362 363 364 365 366 367 368 369 370 371 372 373 374]] [25 [375 376 377 378 379 380 381 382 383 384 385 386 387 388 389]] [26 [390 391 393 398 401 402]] [27 [405 406 407 408 409 411 412 413 414 415 416 417 418 419]] [28 [420 421 422 424 425 427 431 432 434]] [29 [435 436 437 438 439 440 441 442 443 444 445 446 447 448 449]] [30 [450 451 452 453 454 455 456 457 458 459 460 461 462 463 464]] [31 [465 469 471 472 474 475 476 477 478 479]] [32 [481 482 486 487 490 493]] [33 [495 496 497 498 499 500 501 502 503 504 505 506 507 508 509]] [34 [510 511 512 513 514 515 517 519 520 521 522 523 524]] [35 [525 526 527 529 530 531 532 533 534 535 536 537 538 539]] [36 [540 541 542 543 544 545 546 547 548 549 550 551 552 553 554]] [37 [555 556 557 558 559 560 561 562 563 564 565 566 567 568 569]] [38 [570 571 572 574 575 576 577 578 579 580 581 582 583 584]] [39 [585 586 587 588 589 590 591 592 593 594 595 596 597 598 599]] [40 [600 601 602 603 604 605 606 607 608 609 610 611 612 613 614]] [41 [615 616 617 618 619 620 621 622 623 624 625 626 627 628 629]] [42 [630 631 632 633 634 635 636 637 638 639 640 641 642 643 644]] [43 [645 646 647 648 650 651 652 653 654 655 656 658 659]] [44 [660 661 662 664 665 667 668 670 671 672 673 674]] [45 [675 676 677 678 679 680 681 682 683 684 685 686 687 688 689]] [46 [690 691 693 694 695 696 697 698 699 700 701 702 703 704]] [47 [705 706 707 708 709 710 711 712 713 714 715 716 717 718 719]] [48 [720 722 723 724 725 726 728 729 730 731 732 733 734]] [49 [735 736 737 738 739 740 741 742 743 744 745 746 747 748 749]] [50 [750 751 752 753 754 755 756 757 758 759 760 762 764]] [51 [765 767 768 769 770 771 772 773 774 775 776]] [52 [780 781 782 783 785 786 787 788 789 790 791 792 793 794]] [53 [795 796 797 798 799 800 801 802 803 804 805 806 807 808 809]] [54 [810 811 812 813 814 815 816 817 818 819 820 821 822 823 824]] [55 [828 829 830 831 832 833 834 835 836 837 838 839]] [56 [840 841 842 843 844 845 846 847 848 849 850 851 852 853 854]] [57 [856 860 861 862 864 868]] [58 [870 871 872 873 874 875 876 877 878 879 880 881 882 883 884]] [59 [887 890 892 893 894 895 896 897 898 899]] [60 [900 906 907 908 909 911 913 914]] [61 [915 916 917 918 919 920 921 922 923 924 925 926 927 928 929]] [62 [930 931 932 935 936 937 938 939 940 941 942]] [63 [945 946 947 948 951 952 954 955 956 957 959]] [64 [960 962 963 964 965 969 970 972 973]] [65 [977 978 979 980 981 982 983 984 985 986 987 988 989]] [66 [990 992 993 994 995 996 997 998 999 1000 1001 1002 1003 1004]] [67 [1005 1006 1007 1008 1009 1010 1011 1012 1013 1014 1015 1016 1017 1018 1019]] [68 [1020 1021 1022 1023 1024 1025 1026 1027 1028 1029 1030 1031 1032 1033 1034]] [69 [1035 1036 1037 1038 1039 1040 1041 1042 1043 1045 1046 1047 1048 1049]] [70 [1050 1051 1052 1053 1054 1055 1056 1057 1058 1059 1060 1061 1062 1063 1064]] [71 [1065 1066 1067 1068 1069 1070 1071 1072 1073 1074 1075 1076 1077 1078 1079]] [72 [1080 1081 1082 1083 1084 1085 1086 1087 1088 1089 1090 1091 1092 1093 1094]] [73 [1095 1097 1099 1100 1101 1102 1104 1106]] [74 [1110 1111 1112 1113 1114 1115 1116 1117 1118 1119 1120 1121 1122 1123 1124]] [75 [1125 1126 1127 1128 1129 1130 1131 1132 1133 1134 1135 1136 1137 1138 1139]] [76 [1140 1141 1142 1143 1144 1145 1147 1148 1150 1151 1152 1153]] [77 [1155 1156 1157 1158 1159 1160 1161 1162 1163 1164 1165 1166 1167 1168 1169]] [78 [1170 1171 1172 1173 1174 1175 1176 1177 1178 1179 1180 1181 1182 1183 1184]] [79 [1185 1186 1187 1188 1189 1190 1191 1192 1193 1194 1195 1196 1197 1198 1199]] [80 [1200 1201 1202 1203 1204 1208 1209 1210 1212 1213 1214]] [81 [1215 1216 1217 1218 1219 1220 1221 1222 1223 1224 1225 1226 1227 1228 1229]] [82 [1230 1231 1232 1233 1235 1236 1237 1238 1239 1240 1241 1242 1243 1244]] [83 [1245 1246 1247 1248 1249 1250 1251 1252 1253 1254 1256 1257 1258 1259]] [84 [1260 1261 1262 1263 1265 1267 1269 1270 1271]] [85 [1275 1276 1277 1279 1280 1281 1282 1283 1284 1286 1287]] [86 [1290 1291 1292 1293 1294 1295 1296 1297 1298 1299 1300 1301 1302 1303 1304]] [87 [1305 1307 1308 1310 1314 1317 1319]] [88 [1320 1321 1322 1324 1326 1328]] [89 [1335 1336 1337 1339 1341 1342 1343 1345 1346 1347 1348 1349]] [90 [1351 1354 1355 1358 1359 1361]] [91 [1367 1374 1375 1376 1378 1379]] [92 [1385 1386 1387 1388 1389 1390 1394]] [93 [1395 1396 1397 1398 1399 1400 1401 1402 1403 1404 1405 1406 1407 1408 1409]] [94 [1410 1411 1412 1414 1415 1416 1417 1418 1419 1420 1421 1422 1423 1424]] [95 [1425 1426 1427 1428 1429 1430 1431 1432 1433 1434 1435 1436 1437 1438 1439]] [96 [1440 1441 1442 1443 1444 1445 1446 1447 1448 1449 1450 1451 1452 1453 1454]] [97 [1455 1456 1460 1462 1465 1466 1469]] [98 [1472 1475 1476 1477 1478 1479 1484]] [99 [1485 1486 1487 1488 1489 1490 1491 1492 1493 1494 1495 1496 1497 1498 1499]]]","[[0 [1 2 3 4 5 9 14]] [1 [15 18 20 22 26 29]] [2 [35 37 39 41 42 43]] [3 [46 47 50 52 53 58]] [4 [60 67 68 70 72 74]] [5 [76 77 78 81 83 87 88 89]] [6 [90 92 94 95 98 101 103]] [7 [106 109 110 111 112 116 117 119]] [8 [121 125 126 127 128 131 132 134]] [9 [136 138 141 142 145 146 147 149]] [10 [150 151 152 153 154 155 156 157 158 159 160 163]] [11 [165 168 169 170 171 174 175 176 177 178 179]] [12 [180 184 186 187 188 189 190 192 194]] [13 [196 198 199 203 204 205 208 209]] [14 [210 211 212 213 214 215 217 219 220 222]] [15 [226 228 229 230 235 237]] [16 [242 246 247 251 252]] [17 [255 256 257 268 269]] [18 [270 273 274 276 277 278 280 281 282 283]] [19 [285 286 288 289 290 291 292 295 297 298]] [20 [300 301 302 303 309 310 311 312 314]] [21 [315 320 322 323 324 328]] [22 [331 333 334 335 336 337 340 341 343 344]] [23 [345 346 348 356 357 358 359]] [24 [361 366 367 368 369 371 372]] [25 [378 380 382 383 389]] [26 [391 393 398 401 402]] [27 [405 406 407 412 414 415 417 418]] [28 [420 421 422 424 425 427 431 432 434]] [29 [435 437 439 440 441 442 444 445 446 449]] [30 [452 454 455 456 457 462]] [31 [465 469 471 472 474 479]] [32 [482 486 487 490 493]] [33 [497 500 501 502 504 505 507]] [34 [513 514 517 520 521 523]] [35 [525 527 529 531 532 533 534]] [36 [542 543 545 549 550 551 552 554]] [37 [557 559 562 565 567 569]] [38 [571 572 574 575 576 577 578 579 580 581 582]] [39 [585 587 592 594 596 598]] [40 [600 605 606 608 612 613 614]] [41 [615 618 619 620 622 624 625 626 627 628 629]] [42 [633 635 636 637 638 642 643 644]] [43 [645 646 648 651 652 653 655 656 659]] [44 [660 661 662 664 667 668 671 673]] [45 [675 677 678 681 683 684 685 686 689]] [46 [691 694 701 702 704]] [47 [705 708 709 711 712 713 714 716 717]] [48 [720 722 723 724 725 726 728 730 734]] [49 [737 738 739 740 742 745 747 749]] [50 [752 753 754 756 758 759 760 762 764]] [51 [765 769 773 776]] [52 [780 783 785 787 788 790 791 793 794]] [53 [795 796 798 799 806 807]] [54 [811 817 819 821 823]] [55 [828 829 830 831 833 834 835 838 839]] [56 [840 841 843 846 849 851 853]] [57 [856 860 861 862 864 868]] [58 [870 871 874 875 879]] [59 [887 890 893 894 895 896 899]] [60 [900 907 908 909 911 913 914]] [61 [916 917 919 921 922 923 924 926 929]] [62 [930 931 932 936 938 940 941 942]] [63 [945 946 947 951 952 956 957 959]] [64 [960 962 963 964 965 970 972 973]] [65 [978 981 982 986 988]] [66 [993 996 997 998 999 1000 1003]] [67 [1006 1007 1008 1009 1010 1013 1019]] [68 [1020 1022 1024 1026 1027 1033 1034]] [69 [1036 1037 1039 1040 1042 1043 1045 1046 1049]] [70 [1050 1052 1053 1054 1057 1064]] [71 [1066 1067 1068 1070 1072 1074 1076 1079]] [72 [1082 1084 1088 1089 1090 1091 1092 1093]] [73 [1095 1097 1099 1100 1101 1102 1104]] [74 [1111 1113 1114 1115 1117 1120 1123 1124]] [75 [1126 1128 1129 1130 1131 1133 1134 1136 1138]] [76 [1141 1143 1144 1145 1151 1152 1153]] [77 [1155 1157 1161 1162 1163 1164]] [78 [1171 1179 1181 1182 1184]] [79 [1187 1190 1193 1194 1195 1197 1199]] [80 [1200 1201 1202 1203 1208 1209 1210 1212 1214]] [81 [1217 1219 1221 1222 1223 1224 1225 1226 1227 1228 1229]] [82 [1231 1232 1233 1236 1237 1238 1242 1243]] [83 [1246 1248 1250 1251 1252 1254 1256 1257 1258 1259]] [84 [1260 1261 1262 1265 1267 1269 1270 1271]] [85 [1275 1276 1277 1279 1280 1281 1282 1283 1284 1286]] [86 [1290 1291 1292 1293 1298 1300]] [87 [1305 1307 1308 1314 1317]] [88 [1320 1321 1322 1324 1326 1328]] [89 [1335 1341 1343 1345 1349]] [90 [1351 1355 1358 1359 1361]] [91 [1367 1374 1375 1376 1379]] [92 [1385 1386 1387 1390 1394]] [93 [1395 1396 1398 1403 1404 1405 1408]] [94 [1410 1411 1414 1415 1417 1418 1421 1422 1423]] [95 [1427 1428 1429 1432 1433 1434 1435 1436 1437]] [96 [1443 1445 1448 1450 1454]] [97 [1455 1462 1465 1466 1469]] [98 [1472 1475 1476]] [99 [1488 1489 1490 1492 1493 1494 1495 1497 1498 1499]]]",,"[[{citizen 18} [[""A"" [2 1 1 2 4 5 5 2 1 2]]]] [{citizen 21} [[""A"" [2 6 3 2 2 2 2 1 3 2]]]] [{citizen 31} [[""A"" [2 1 1 1 2 2 2 1 0 3]]]] [{citizen 33} [[""A"" [2 1 2 0 2 2 2 1 3 2]]]] [{media 51} [[""A"" [2 2 2 2 2 2 2 2 2 2]]]] [{media 52} [[""A"" [0 0 0 0 0 0 0 0 0 0]]]] [{media 53} [[""A"" [6 6 6 6 6 6 6 6 6 6]]]] [{media 54} [[""A"" [2 2 2 2 2 2 2 2 2 2]]]] [{media 56} [[""A"" [5 5 5 5 5 5 5 5 5 5]]]] [{media 57} [[""A"" [2 2 2 2 2 2 2 2 2 2]]]] [{media 59} [[""A"" [2 2 2 2 2 2 2 2 2 2]]]] [{media 60} [[""A"" [1 1 1 1 1 1 1 1 1 1]]]] [{media 61} [[""A"" [6 6 6 6 6 6 6 6 6 6]]]] [{media 62} [[""A"" [3 3 3 3 3 3 3 3 3 3]]]] [{media 63} [[""A"" [1 1 1 1 1 1 1 1 1 1]]]] [{citizen 5} [[""A"" [2 1 1 0 2 4 0 2 2 2]]]] [{citizen 8} [[""A"" [2 3 2 0 2 2 2 1 3 2]]]] [{media 55} [[""A"" [1 1 1 1 1 1 1 1 1 1]]]] [{citizen 7} [[""A"" [2 2 1 2 2 1 1 3 6 4]]]] [{citizen 16} [[""A"" [1 1 2 0 4 0 2 2 3 2]]]] [{media 64} [[""A"" [4 4 4 4 4 4 4 4 4 4]]]] [{citizen 4} [[""A"" [3 2 2 1 1 1 2 1 2 6]]]] [{media 58} [[""A"" [5 5 5 5 5 5 5 5 5 5]]]] [{citizen 6} [[""A"" [2 1 1 0 0 2 2 2 3 2]]]] [{citizen 0} [[""A"" [2 3 1 1 2 4 2 2 2 3]]]] [{citizen 3} [[""A"" [2 1 1 2 6 4 5 4 3 1]]]] [{media 50} [[""A"" [4 4 4 4 4 4 4 4 4 4]]]] [{citizen 26} [[""A"" [1 1 2 3 2 1 1 0 2 4]]]] [{citizen 41} [[""A"" [2 2 1 1 1 2 2 4 6 5]]]] [{citizen 22} [[""A"" [1 2 4 1 1 0 1 2 2 1]]]] [{citizen 34} [[""A"" [1 4 2 2 4 5 3 2 6 4]]]] [{citizen 24} [[""A"" [2 4 1 1 0 1 2 2 3 2]]]] [{citizen 38} [[""A"" [2 1 2 1 2 4 1 1 1 2]]]] [{citizen 46} [[""A"" [2 1 1 1 2 3 2 1 1 1]]]] [{citizen 36} [[""A"" [2 1 1 1 2 6 4 5 2 1]]]] [{citizen 35} [[""A"" [2 1 1 0 2 2 2 1 1 4]]]] [{citizen 1} [[""A"" [1 2 2 2 3 1 4 5 6 5]]]] [{citizen 48} [[""A"" [4 2 2 3 1 1 0 2 4 5]]]] [{citizen 20} [[""A"" [2 1 1 1 4 2 1 2 6 5]]]] [{citizen 39} [[""A"" [2 2 2 1 1 4 6 5 0 2]]]] [{citizen 23} [[""A"" [1 0 1 1 2 1 1 1 1 3]]]] [{citizen 28} [[""A"" [1 4 2 1 3 2 4 5 5 4]]]] [{citizen 25} [[""A"" [1 3 2 3 2 1 2 2 2 3]]]] [{citizen 9} [[""A"" [3 2 1 1 1 6 5 1 2 2]]]] [{citizen 13} [[""A"" [4 2 3 2 1 2 0 2 2 4]]]] [{citizen 10} [[""A"" [3 2 1 1 1 5 3 0 3 2]]]] [{citizen 12} [[""A"" [1 1 2 6 5 0 1 3 2 1]]]] [{citizen 45} [[""A"" [2 2 3 2 1 1 4 5 5 1]]]] [{citizen 19} [[""A"" [2 2 2 4 5 4 5 5 4 6]]]] [{citizen 42} [[""A"" [1 2 3 2 2 4 4 5 2 1]]]] [{citizen 30} [[""A"" [2 1 2 3 2 1 1 4 2 1]]]] [{citizen 49} [[""A"" [1 1 2 2 1 0 2 2 3 2]]]] [{citizen 15} [[""A"" [3 2 1 1 0 4 0 2 2 2]]]] [{citizen 47} [[""A"" [2 1 2 1 2 2 3 1 0 4]]]] [{citizen 2} [[""A"" [1 3 2 2 2 4 6 5 4 5]]]] [{citizen 40} [[""A"" [2 2 0 2 4 6 5 6 2 1]]]] [{citizen 32} [[""A"" [1 2 1 1 1 3 6 4 5 3]]]] [{citizen 29} [[""A"" [2 1 2 2 3 2 1 1 0 4]]]] [{citizen 27} [[""A"" [2 1 2 2 1 1 4 2 3 2]]]] [{citizen 44} [[""A"" [2 2 1 1 0 1 1 2 2 3]]]] [{citizen 37} [[""A"" [2 2 3 2 1 3 2 2 5 4]]]] [{citizen 14} [[""A"" [3 1 2 2 3 2 1 1 0 2]]]] [{citizen 11} [[""A"" [2 2 3 2 1 1 4 5 5 4]]]] [{citizen 43} [[""A"" [1 2 2 2 1 1 1 6 5 5]]]]]"
"18","[213 0 42]","273.75","-4.82045665259097","-0.33774418932837863","""circle""","""""","9.9","{breed citizens}","false","0.5","1","""up""",,"[[""ID"" 2] [""alpha"" 1] [""beta"" 1] [""malleable"" [""A""]] [""prior"" []] [""cont_tokens"" []] [""A"" 1]]","[[0 [0 1 2 3 4 5 6 7 9 10 11 12 13 14]] [1 [15 16 17 18 19 20 21 22 23 24 25 26 27 28 29]] [2 [30 31 32 33 34 35 36 37 38 39 40 41 42 43 44]] [3 [45 46 47 48 49 50 51 52 53 54 55 56 57 58 59]] [4 [60 66 67 68 70 71 72 73 74]] [5 [75 76 77 78 79 80 81 82 83 84 85 86 87 88 89]] [6 [90 91 92 93 94 95 96 97 98 99 100 101 102 103 104]] [7 [105 106 107 108 109 110 111 112 114 115 116 117 119]] [8 [120 121 122 123 124 125 126 127 128 129 130 131 132 133 134]] [9 [135 136 137 138 139 140 141 142 143 144 145 146 147 148 149]] [10 [150 151 152 153 154 155 156 157 158 159 160 161 163]] [11 [165 166 167 168 169 170 171 172 173 174 175 176 177 178 179]] [12 [180 181 182 183 184 185 186 187 188 189 190 191 192 193 194]] [13 [195 196 197 198 199 200 201 202 203 204 205 206 207 208 209]] [14 [210 211 212 213 214 215 216 217 218 219 220 221 222 224]] [15 [226 228 229 230 235 237]] [16 [242 246 247 249 250 251 252 253 254]] [17 [255 256 257 265 266 267 268 269]] [18 [270 273 274 275 276 277 278 279 280 281 282 283 284]] [19 [285 286 288 289 290 291 292 295 297 298 299]] [20 [300 301 302 303 304 305 306 307 308 309 310 311 312 313 314]] [21 [315 316 317 318 319 320 321 322 323 324 325 326 328 329]] [22 [331 333 334 335 336 337 338 339 340 341 342 343 344]] [23 [345 346 347 348 349 350 351 352 354 355 357]] [24 [361 364 366 367 368 369 370 371 372 373 374]] [25 [375 376 377 378 379 380 381 382 383 384 385 386 387 388 389]] [26 [390 391 392 393 394 395 396 397 398 400 401 402 403 404]] [27 [405 406 407 408 409 411 412 413 414 415 416 417 418 419]] [28 [420 421 422 423 424 425 426 427 428 429 430 432 433 434]] [29 [435 436 437 438 439 440 441 442 443 444 445 446 447 448 449]] [30 [450 451 452 453 454 455 456 457 458 459 460 461 462 463 464]] [31 [466 467 468 470 471 472 473 474 475 476 477 478 479]] [32 [480 483 484 485 488 489 491 492 493 494]] [33 [495 496 497 498 499 500 501 502 503 504 505 506 507 508 509]] [34 [510 511 512 513 514 515 517 519 520 521 522 523 524]] [35 [526 530 535 536 537 539]] [36 [540 541 542 543 544 545 546 547 548 549 550 551 552 553 554]] [37 [556 557 558 559 560 561 562 563 564 565 566 567 568 569]] [38 [570 571 572 574 575 576 577 578 579 580 581 582 583 584]] [39 [585 586 587 588 589 590 591 592 594 595 596 597 598 599]] [40 [600 601 602 603 604 605 606 607 608 609 610 611 612 613 614]] [41 [615 616 617 618 619 620 621 622 623 624 625 626 627 628 629]] [42 [630 631 632 633 634 635 636 637 638 639 640 641 642 643 644]] [43 [645 646 647 648 650 651 652 653 654 655 656 658 659]] [44 [660 661 662 664 665 667 668 670 671 672 673 674]] [45 [675 676 677 678 679 680 681 682 683 684 685 686 687 688 689]] [46 [690 691 693 694 695 696 697 698 699 700 701 702 703 704]] [47 [705 708 709 710 711 712 713 714 715 716 717 718 719]] [48 [721 722 723 724 726 727 728 729 731 732 733]] [49 [735 736 737 738 739 740 741 742 743 744 745 746 747 748 749]] [50 [750 751 752 753 754 755 756 757 758 759 760 762 764]] [51 [765 767 768 769 770 771 772 773 774 775 776 777 779]] [52 [780 781 782 783 784 785 786 787 788 789 790 791 792 793 794]] [53 [795 796 797 798 799 800 801 802 803 804 805 806 807 808 809]] [54 [810 811 813 814 815 816 817 818 819 820 821 822 823 824]] [55 [828 829 830 831 832 833 834 835 836 837 838 839]] [56 [840 841 842 843 844 845 846 847 848 849 850 851 852 853 854]] [57 [855 856 857 858 859 860 861 862 863 864 865 866 867 868 869]] [58 [870 871 872 873 874 875 876 877 878 879 880 881 882 883 884]] [59 [885 886 887 888 889 890 891 892 893 894 895 896 899]] [60 [900 901 902 903 904 905 906 907 908 909 910 911 912 913 914]] [61 [915 916 917 918 919 920 921 922 923 924 925 926 927 928 929]] [62 [930 931 932 935 936 937 938 939 940 941 942]] [63 [945 946 947 948 951 952 954 955 956 957 959]] [64 [960 962 963 964 965 969 970 972 973]] [65 [977 978 979 980 981 982 983 984 985 986 987 988 989]] [66 [990 991 992 993 994 995 996 997 998 999 1000 1001 1002 1003 1004]] [67 [1005 1006 1007 1008 1009 1010 1011 1012 1013 1014 1015 1016 1017 1018 1019]] [68 [1020 1021 1022 1023 1024 1025 1026 1027 1028 1030 1031 1033 1034]] [69 [1035 1036 1037 1038 1039 1040 1041 1042 1043 1044 1045 1046 1047 1049]] [70 [1050 1051 1052 1053 1054 1055 1056 1057 1058 1059 1060 1061 1062 1063 1064]] [71 [1065 1066 1067 1068 1070 1073 1074 1075 1076 1077 1078 1079]] [72 [1080 1081 1082 1083 1084 1085 1086 1087 1088 1089 1090 1091 1092 1093 1094]] [73 [1096 1098 1103 1105 1107 1108 1109]] [74 [1110 1111 1112 1113 1114 1115 1116 1117 1119 1120 1121 1122 1123 1124]] [75 [1125 1126 1127 1128 1129 1130 1131 1132 1133 1134 1136 1138 1139]] [76 [1141 1142 1143 1144 1145 1147 1148 1150 1151 1152 1153]] [77 [1155 1157 1158 1159 1160 1161 1162 1163 1164 1165 1166 1167 1168 1169]] [78 [1170 1171 1172 1173 1174 1175 1176 1177 1178 1179 1180 1181 1182 1183 1184]] [79 [1185 1186 1187 1188 1189 1190 1191 1192 1193 1194 1195 1196 1197 1198 1199]] [80 [1200 1201 1202 1203 1204 1205 1206 1207 1208 1209 1210 1211 1212 1213 1214]] [81 [1215 1216 1217 1218 1219 1220 1221 1222 1223 1224 1225 1226 1227 1228 1229]] [82 [1230 1231 1232 1233 1235 1236 1237 1238 1239 1240 1241 1242 1243 1244]] [83 [1245 1246 1247 1248 1249 1250 1251 1252 1253 1254 1256 1257 1258 1259]] [84 [1260 1261 1262 1263 1265 1267 1269 1270 1271]] [85 [1275 1276 1277 1279 1280 1281 1282 1283 1284 1286 1287]] [86 [1290 1291 1292 1293 1295 1296 1298 1299 1300 1301 1302 1303 1304]] [87 [1305 1306 1307 1308 1309 1310 1311 1312 1313 1314 1315 1316 1317 1318 1319]] [88 [1320 1321 1322 1323 1324 1325 1326 1327 1328 1329 1330 1331 1332 1333 1334]] [89 [1335 1336 1337 1338 1339 1340 1341 1342 1343 1344 1345 1346 1347 1348 1349]] [90 [1351 1354 1355 1358 1359 1361]] [91 [1365 1366 1367 1368 1369 1370 1371 1372 1373 1374 1375 1376 1377 1378 1379]] [92 [1385 1386 1387 1388 1389 1390 1394]] [93 [1395 1396 1398 1403 1405 1408 1409]] [94 [1410 1411 1412 1414 1415 1416 1417 1418 1419 1420 1421 1422 1423 1424]] [95 [1425 1426 1427 1428 1429 1430 1431 1432 1433 1434 1435 1436 1437 1438 1439]] [96 [1440 1441 1442 1443 1444 1445 1446 1449 1450 1454]] [97 [1455 1456 1457 1458 1459 1460 1461 1462 1463 1464 1465 1466 1467 1468 1469]] [98 [1470 1471 1472 1473 1474 1475 1476 1479 1480 1481 1482 1483 1484]] [99 [1485 1486 1487 1488 1489 1490 1491 1492 1493 1494 1495 1496 1497 1498 1499]]]","[[0 [1 2 3 4 5 9 14]] [1 [15 17 19 21 24 25 26 29]] [2 [30 31 32 33 34 35 37 39 41 43]] [3 [45 46 47 48 49 51 52 53 58]] [4 [60 67 68 70 72 74]] [5 [75 76 77 78 81 83 87 88 89]] [6 [90 92 93 95 98 101 103]] [7 [106 109 110 111 112 116 117 119]] [8 [121 125 126 127 128 130 131 133 134]] [9 [136 138 141 142 144 146 147 149]] [10 [150 151 152 153 154 155 160 163]] [11 [165 168 169 170 171 174 175 176]] [12 [181 182 183 185 189 190 191 193]] [13 [195 197 200 201 207 209]] [14 [210 211 212 214 215 217 219 220 222]] [15 [226 228 229 230]] [16 [242 246 247 250 251 252 254]] [17 [255 256 257 265 266 267 268 269]] [18 [270 273 274 276 279 280 281 282 283]] [19 [285 286 288 289 290 291 292 295 297 298]] [20 [300 302 304 306 307 308 311 312 314]] [21 [315 322 323 324 328]] [22 [331 333 334 336 337 338 339 342]] [23 [345 346 348]] [24 [361 366 368 369 371 372]] [25 [378 380 382 383 385 386 387 388]] [26 [390 391 393 398 401 402]] [27 [405 407 408 409 412 416 419]] [28 [423 426 428 429 430 434]] [29 [435 437 439 440 441 442 443 444 445 447]] [30 [450 453 458 459 460 461 463 464]] [31 [466 467 468 470 475 476 477 478]] [32 [480 488 489 491 492 493]] [33 [497 501 502 503 504 505 506 507]] [34 [513 514 517 520 521]] [35 [530 535 536 539]] [36 [540 541 546 547 548 554]] [37 [560 561 563 564 565 566 567 568 569]] [38 [570 575 576 577 578 583 584]] [39 [586 588 589 590 591 595 597 598]] [40 [600 602 603 609 610 611 612]] [41 [621 622 624 627 628 629]] [42 [633 635 636 637 642 643 644]] [43 [645 646 648 650 654 655 656 659]] [44 [660 661 662 664 665 670 671 673]] [45 [675 677 678 681 683 684 685 686 688 689]] [46 [690 691 694 701 702 704]] [47 [705 708 710 715]] [48 [722 723 724 726 728 731 732 733]] [49 [735 736 741 743 746 749]] [50 [752 753 754 755 757 758 759 760 762 764]] [51 [765 768 770 771 772 777 779]] [52 [781 784 785 786 789 792]] [53 [795 797 800 801 802 804 806 807]] [54 [811 817 819 820 821 823]] [55 [828 832 833 834 835 838 839]] [56 [842 844 845 847 848 850 851]] [57 [855 857 858 859 863 865 866 867 869]] [58 [873 875 878 880 881 882 884]] [59 [885 886 888 889 891 892 895]] [60 [901 902 904 906 907 908 909 911 913 914]] [61 [916 917 919 921 922 923 924 926 929]] [62 [930 931 932 935 937 938 940 941 942]] [63 [945 946 947 948 951 952 956 957 959]] [64 [960 962 963 964 965 970 972 973]] [65 [977 979 980]] [66 [991 994 995 996 997 998 999 1000 1003 1004]] [67 [1008 1009 1010 1013 1015 1017 1018]] [68 [1023 1025 1028 1030]] [69 [1037 1039 1040 1041 1042 1043 1045 1046 1049]] [70 [1052 1055 1056 1058 1059 1061 1062 1063]] [71 [1065 1066 1067 1068 1070 1073 1075 1077 1078]] [72 [1080 1083 1085 1086 1089 1094]] [73 [1096 1098 1103 1105 1108 1109]] [74 [1110 1112 1116 1119 1121 1122]] [75 [1125 1127 1136 1138]] [76 [1142 1147 1148 1150 1153]] [77 [1155 1157 1158 1159 1160 1166 1167 1168 1169]] [78 [1170 1171 1179 1181 1182 1184]] [79 [1187 1189 1190 1191 1192 1196 1198]] [80 [1204 1208 1209 1210 1212 1214]] [81 [1217 1219 1221 1222 1223 1224 1225 1227 1228 1229]] [82 [1231 1232 1233 1236 1237 1238 1242 1243]] [83 [1246 1248 1249 1250 1251 1252 1254 1256 1257 1259]] [84 [1260 1261 1262 1263 1267 1269 1270 1271]] [85 [1275 1276 1279 1280 1281 1282 1283 1287]] [86 [1290 1291 1292 1293 1295 1296 1299 1301 1302 1304]] [87 [1306 1309 1310 1311 1312 1313 1315 1318 1319]] [88 [1320 1321 1322 1323 1324 1325 1327 1329 1330 1331 1332 1333 1334]] [89 [1335 1341 1343 1345 1349]] [90 [1351 1354 1355 1358 1359 1361]] [91 [1367 1374 1375 1376 1378 1379]] [92 [1385 1386 1387 1388 1389 1394]] [93 [1395 1396 1398 1403 1405 1408]] [94 [1410 1411 1414 1415 1417 1418 1421 1422 1423 1424]] [95 [1425 1429 1432 1433 1434 1435 1436 1438 1439]] [96 [1444 1446 1449 1450 1454]] [97 [1455 1456 1457 1458 1459 1460 1461 1463 1464 1467 1468]] [98 [1470 1473 1474 1480 1481 1482 1483]] [99 [1486 1487 1492 1493 1494 1498 1499]]]",,"[[{citizen 20} [[""A"" [2 1 1 1 2 4 2 6 6 5]]]] [{citizen 35} [[""A"" [0 1 2 2 1 1 2 4 4 4]]]] [{citizen 45} [[""A"" [5 5 0 1 3 2 2 1 0 1]]]] [{media 50} [[""A"" [4 4 4 4 4 4 4 4 4 4]]]] [{media 53} [[""A"" [6 6 6 6 6 6 6 6 6 6]]]] [{media 54} [[""A"" [2 2 2 2 2 2 2 2 2 2]]]] [{media 55} [[""A"" [1 1 1 1 1 1 1 1 1 1]]]] [{media 56} [[""A"" [5 5 5 5 5 5 5 5 5 5]]]] [{media 57} [[""A"" [2 2 2 2 2 2 2 2 2 2]]]] [{media 59} [[""A"" [2 2 2 2 2 2 2 2 2 2]]]] [{media 60} [[""A"" [1 1 1 1 1 1 1 1 1 1]]]] [{media 61} [[""A"" [6 6 6 6 6 6 6 6 6 6]]]] [{media 62} [[""A"" [3 3 3 3 3 3 3 3 3 3]]]] [{media 63} [[""A"" [1 1 1 1 1 1 1 1 1 1]]]] [{media 64} [[""A"" [4 4 4 4 4 4 4 4 4 4]]]] [{citizen 7} [[""A"" [2 1 1 2 3 4 5 6 6 4]]]] [{citizen 16} [[""A"" [2 2 2 1 0 2 2 2 3 2]]]] [{citizen 17} [[""A"" [5 2 1 1 2 3 4 4 4 1]]]] [{citizen 0} [[""A"" [2 2 0 2 2 0 2 2 2 3]]]] [{citizen 4} [[""A"" [2 2 1 1 1 3 4 2 6 6]]]] [{citizen 5} [[""A"" [2 3 2 4 4 2 0 2 2 2]]]] [{media 58} [[""A"" [5 5 5 5 5 5 5 5 5 5]]]] [{citizen 8} [[""A"" [0 2 2 2 1 0 2 2 1 2]]]] [{citizen 3} [[""A"" [1 2 3 4 2 4 5 4 3 1]]]] [{media 52} [[""A"" [0 0 0 0 0 0 0 0 0 0]]]] [{citizen 6} [[""A"" [1 0 2 2 2 0 2 2 2 2]]]] [{citizen 26} [[""A"" [6 2 1 1 2 3 4 2 2 4]]]] [{citizen 41} [[""A"" [1 1 3 4 2 2 4 6 6 5]]]] [{citizen 22} [[""A"" [0 2 2 2 2 4 6 2 1 3]]]] [{citizen 21} [[""A"" [2 2 2 1 0 2 2 2 1 2]]]] [{citizen 33} [[""A"" [1 1 2 4 4 2 2 0 2 2]]]] [{citizen 25} [[""A"" [1 0 2 3 5 5 2 2 3 1]]]] [{citizen 9} [[""A"" [1 1 1 2 4 6 5 1 2 2]]]] [{citizen 44} [[""A"" [1 2 1 2 3 1 6 6 5 6]]]] [{citizen 40} [[""A"" [6 2 4 3 2 0 2 2 1 1]]]] [{citizen 11} [[""A"" [1 1 2 3 4 2 3 4 5 4]]]] [{citizen 37} [[""A"" [2 2 2 1 0 0 3 5 5 5]]]] [{citizen 28} [[""A"" [1 2 3 4 2 3 2 4 5 4]]]] [{citizen 36} [[""A"" [2 1 1 3 4 2 4 5 2 1]]]] [{citizen 46} [[""A"" [1 1 1 2 3 4 4 2 2 1]]]] [{citizen 38} [[""A"" [2 4 1 2 3 2 2 1 1 5]]]] [{citizen 24} [[""A"" [1 2 2 0 2 4 3 5 5 2]]]] [{citizen 12} [[""A"" [2 1 1 1 3 4 6 0 3 1]]]] [{citizen 13} [[""A"" [1 1 2 3 4 4 2 0 2 2]]]] [{citizen 31} [[""A"" [1 2 2 1 1 4 1 3 3 5]]]] [{citizen 15} [[""A"" [1 1 1 3 0 4 0 2 2 2]]]] [{citizen 39} [[""A"" [1 2 1 1 2 4 4 5 0 2]]]] [{citizen 34} [[""A"" [2 1 3 2 0 0 2 4 3 5]]]] [{citizen 19} [[""A"" [4 3 2 2 2 4 6 5 4 5]]]] [{citizen 42} [[""A"" [2 3 2 3 2 2 4 4 5 1]]]] [{media 51} [[""A"" [2 2 2 2 2 2 2 2 2 2]]]] [{citizen 23} [[""A"" [1 1 2 3 4 6 0 3 5 5]]]] [{citizen 10} [[""A"" [0 0 2 1 2 1 1 0 2 1]]]] [{citizen 1} [[""A"" [4 2 2 2 3 1 4 5 6 5]]]] [{citizen 48} [[""A"" [1 1 3 4 4 2 1 2 4 5]]]] [{citizen 30} [[""A"" [1 1 2 3 4 4 1 4 3 5]]]] [{citizen 43} [[""A"" [2 1 1 1 2 3 4 6 5 5]]]] [{citizen 32} [[""A"" [1 1 1 2 3 4 4 4 5 3]]]] [{citizen 2} [[""A"" [4 2 3 2 2 2 4 6 4 5]]]] [{citizen 49} [[""A"" [2 1 0 2 2 0 2 2 3 2]]]] [{citizen 29} [[""A"" [4 2 2 4 3 1 4 3 5 5]]]] [{citizen 47} [[""A"" [1 2 1 2 2 0 1 3 5 5]]]] [{citizen 14} [[""A"" [2 0 0 2 3 2 2 2 1 0]]]] [{citizen 27} [[""A"" [4 4 0 2 2 2 1 0 2 2]]]]]"
"19","[0 0 255]","281.25","-5.139929900457381","1.8912946370020962","""circle""","""""","9.9","{breed citizens}","false","0.5","1","""up""",,"[[""ID"" 47] [""alpha"" 1] [""beta"" 1] [""malleable"" [""A""]] [""prior"" []] [""cont_tokens"" []] [""A"" 6]]","[[0 [0 2 3 4 5 6 7 8 9 10 11 12 13 14]] [1 [15 17 18 19 20 21 22 23 24 25 26 27 28 29]] [2 [30 31 32 33 34 35 36 37 38 39 40 41 42 43 44]] [3 [45 46 47 48 49 50 51 52 53 54 55 56 57 58 59]] [4 [60 66 67 68 70 71 72 73 74]] [5 [75 76 77 78 79 80 81 82 83 84 85 86 87 88 89]] [6 [90 92 93 94 95 96 97 98 101 102 103]] [7 [105 106 107 108 109 110 111 112 114 115 116 117 119]] [8 [120 121 122 123 124 125 126 127 128 129 130 131 132 133 134]] [9 [135 136 137 138 139 140 141 142 143 144 145 146 147 148 149]] [10 [150 151 152 153 154 155 156 157 158 159 160 161 163]] [11 [165 166 167 168 169 170 171 172 173 174 175 176 177 178 179]] [12 [181 182 183 185 186 187 188 189 190 191 192 193 194]] [13 [195 196 197 198 199 200 201 202 203 204 205 206 207 208 209]] [14 [210 211 212 213 214 215 216 217 218 219 220 221 222 224]] [15 [225 226 227 228 229 230 231 232 234 235 237 238 239]] [16 [240 241 242 243 244 245 246 247 248 249 250 251 252 253 254]] [17 [255 256 257 265 268 269]] [18 [270 271 272 273 274 275 276 277 278 279 280 281 282 283 284]] [19 [285 286 287 288 289 290 291 292 293 294 295 296 297 298 299]] [20 [300 301 302 303 304 305 306 307 308 309 310 311 312 314]] [21 [315 316 317 318 319 320 321 322 323 324 325 326 328 329]] [22 [331 332 333 334 335 336 337 338 339 340 341 342 343 344]] [23 [347 349 350 352 354 355 357]] [24 [360 362 363 365 371 372]] [25 [375 376 377 378 379 380 381 382 383 384 385 386 387 388 389]] [26 [390 391 393 398 401 402]] [27 [405 406 407 408 409 411 412 413 414 415 416 417 418 419]] [28 [420 421 422 424 425 427 429 430 431 432 434]] [29 [435 436 437 438 439 440 441 442 443 444 445 446 447 448 449]] [30 [450 451 452 453 454 455 456 457 458 459 460 461 462 463 464]] [31 [465 469 471 472 474 479]] [32 [481 482 484 485 486 487 488 489 490 492 493 494]] [33 [495 496 497 498 499 500 501 502 503 504 505 506 507 508 509]] [34 [512 513 514 515 517 519 520 521 522 523 524]] [35 [525 526 527 528 529 530 531 532 533 534 535 536 537 538 539]] [36 [540 541 542 543 544 545 546 547 548 549 550 551 552 553 554]] [37 [556 557 558 559 560 561 562 563 564 565 566 567 568 569]] [38 [570 571 572 574 575 576 577 578 579 580 581 582 583 584]] [39 [585 586 587 588 589 590 591 592 593 594 595 596 597 598 599]] [40 [600 601 602 603 604 605 606 607 608 609 610 611 612 613 614]] [41 [615 616 617 618 619 620 621 622 623 624 625 626 627 628 629]] [42 [630 631 632 633 634 635 636 637 638 639 640 641 642 643 644]] [43 [645 646 647 648 649 650 651 652 653 654 655 657 658 659]] [44 [660 661 662 663 664 665 666 667 668 669 670 671 672 673 674]] [45 [675 676 677 678 679 680 681 682 683 684 685 686 687 688 689]] [46 [690 691 693 694 695 696 697 698 699 700 701 702 703 704]] [47 [705 708 709 710 711 712 713 714 715 716 717 718 719]] [48 [720 721 722 723 724 725 726 727 728 729 730 731 732 733 734]] [49 [735 736 737 738 739 740 741 742 743 744 745 746 747 748 749]] [50 [750 751 752 753 754 755 756 757 758 759 760 762 764]] [51 [765 767 768 769 770 771 772 773 774 775 776 777 779]] [52 [780 782 783 785 786 787 788 789 790 791 792 793 794]] [53 [795 796 797 798 799 800 801 802 803 804 805 806 807 808 809]] [54 [811 817 819 820 821 823]] [55 [828 829 830 831 832 833 834 835 836 837 838 839]] [56 [840 841 842 843 844 845 846 847 848 849 850 851 852 853 854]] [57 [855 856 857 858 859 860 861 862 863 864 865 866 867 868 869]] [58 [870 871 872 873 874 875 876 877 878 879 880 881 882 883 884]] [59 [885 886 887 888 889 890 891 892 893 894 895 896 897 898 899]] [60 [900 901 902 903 904 905 906 907 908 909 910 911 912 913 914]] [61 [915 916 917 918 919 920 921 922 923 924 925 926 927 928 929]] [62 [930 931 932 933 934 935 936 937 938 939 940 941 942 943 944]] [63 [945 946 947 948 951 952 954 955 956 957 959]] [64 [960 962 963 964 965 969 970 972 973]] [65 [977 978 979 980 981 982 983 984 985 986 987 988 989]] [66 [990 991 992 993 994 995 996 997 998 999 1000 1001 1002 1003 1004]] [67 [1005 1006 1007 1008 1009 1010 1011 1012 1013 1014 1015 1016 1017 1018 1019]] [68 [1020 1021 1022 1023 1024 1025 1026 1027 1028 1029 1030 1031 1032 1033 1034]] [69 [1035 1036 1037 1038 1039 1040 1041 1042 1043 1044 1045 1046 1047 1048 1049]] [70 [1050 1051 1052 1053 1054 1055 1056 1057 1058 1059 1060 1061 1062 1063 1064]] [71 [1065 1066 1067 1068 1069 1070 1071 1072 1073 1074 1075 1076 1077 1078 1079]] [72 [1080 1081 1082 1083 1084 1085 1086 1087 1088 1089 1090 1091 1092 1093 1094]] [73 [1095 1097 1099 1100 1101 1102 1104 1106]] [74 [1110 1111 1112 1113 1114 1115 1116 1117 1118 1119 1120 1121 1122 1123 1124]] [75 [1125 1126 1127 1128 1129 1130 1131 1132 1133 1134 1136 1137 1138 1139]] [76 [1141 1142 1143 1144 1145 1147 1148 1150 1151 1152 1153]] [77 [1155 1157 1158 1161 1162 1163 1164 1165 1167 1168 1169]] [78 [1170 1171 1172 1173 1174 1175 1176 1177 1178 1179 1180 1181 1182 1183 1184]] [79 [1187 1188 1189 1190 1191 1192 1193 1194 1195 1196 1197 1198 1199]] [80 [1200 1201 1202 1203 1204 1205 1206 1207 1208 1209 1210 1211 1212 1213 1214]] [81 [1215 1216 1217 1218 1219 1220 1221 1222 1223 1224 1225 1226 1227 1228 1229]] [82 [1230 1231 1232 1233 1234 1235 1236 1237 1238 1239 1240 1241 1242 1243]] [83 [1246 1247 1248 1249 1250 1251 1252 1253 1254 1256 1257 1258 1259]] [84 [1260 1261 1262 1263 1265 1267 1269 1270 1271]] [85 [1275 1276 1277 1279 1280 1281 1282 1283 1284 1286 1287]] [86 [1290 1291 1292 1293 1295 1296 1298 1299 1300 1301 1302 1303 1304]] [87 [1305 1306 1307 1308 1309 1310 1311 1312 1313 1314 1315 1316 1317 1318 1319]] [88 [1320 1321 1322 1323 1324 1325 1326 1327 1328 1329 1330 1331 1332 1333 1334]] [89 [1335 1336 1337 1338 1339 1340 1341 1342 1343 1344 1345 1346 1347 1348 1349]] [90 [1350 1351 1352 1353 1354 1355 1356 1357 1358 1359 1360 1361 1362 1363 1364]] [91 [1365 1366 1367 1368 1369 1370 1371 1373 1374 1375 1376 1377 1378 1379]] [92 [1385 1386 1387 1388 1389 1390 1394]] [93 [1395 1396 1397 1398 1399 1400 1401 1402 1403 1404 1405 1406 1407 1408 1409]] [94 [1410 1411 1412 1414 1415 1417 1418 1419 1420 1421 1422 1423 1424]] [95 [1425 1426 1427 1428 1429 1430 1431 1432 1433 1434 1435 1436 1438 1439]] [96 [1440 1441 1442 1443 1444 1445 1446 1447 1448 1449 1450 1451 1452 1453 1454]] [97 [1455 1456 1457 1458 1459 1460 1461 1462 1463 1464 1465 1466 1467 1468 1469]] [98 [1472 1475 1476 1477 1478 1479 1484]] [99 [1485 1486 1487 1488 1489 1490 1491 1492 1493 1494 1495 1496 1497 1498 1499]]]","[[0 [2 3 5 9 14]] [1 [15 18 20 22 26 29]] [2 [35 37 39 41 42 43 44]] [3 [48 52 53 58]] [4 [60 67 68 70 72 74]] [5 [76 77 78 81 87 88 89]] [6 [90 92 93 94 95 98 101 102 103]] [7 [106 107 108 109 110 111 112 116 117 119]] [8 [121 125 126 127 128 130]] [9 [135 136 138 141 142 144 149]] [10 [150 151 152 153 154 155 156 157 158 159 160 163]] [11 [165 168 169 170 171 174 175 176]] [12 [181 182 183 185 192 194]] [13 [196 198 199 203 204 205 206 207 209]] [14 [210 211 212 213 214 215 219 220 222]] [15 [226 228 229 230 235 237 239]] [16 [240 241 243 244 245 248 249 250 251 252 254]] [17 [255 256 257 265 268]] [18 [270 273 275 279 280 281 282 283]] [19 [285 290 291 292 295]] [20 [301 302 304 306 307 308 311 312 314]] [21 [315 316 317 318 320 322 323 324 328]] [22 [331 333 334 335 338 339 342]] [23 [347 349 350 354 355]] [24 [360 362 363 371 372]] [25 [378 380 382 383 389]] [26 [390 391 393 398 402]] [27 [405 407 412 414 415 417 418]] [28 [420 421 422 424 425 427 429 430]] [29 [439 440 441 442 443 444 446 449]] [30 [452 454 455 456 457 462]] [31 [465 469 471 472 474 479]] [32 [481 482 486 487 490 493]] [33 [496 498 499 502 503 504 505 507]] [34 [513 514 517 520 521 523 524]] [35 [525 526 529 531 532 533 534]] [36 [542 543 545 549 550 551 552 554]] [37 [557 559 562 566 567 569]] [38 [571 572 574 575 577 578 583 584]] [39 [586 588 589 590 591 593 594 595 597 598]] [40 [601 602 603 609 610 611 612]] [41 [616 617 623 625 626]] [42 [630 631 632 639 640 641]] [43 [647 649 651 652 653]] [44 [661 662 664 665 666 669 670 671 673]] [45 [675 677 678 681 683 684 685 686 689]] [46 [693 695 696 697 698 699 700 702 704]] [47 [705 708 709 711 713 714 716]] [48 [722 723 724 725 726 729 731 732 733]] [49 [735 736 741 743 746 748 749]] [50 [750 755 757 760 762 764]] [51 [765 769 773 776]] [52 [780 783 785 786 789 792]] [53 [795 796 798 799 803 804 806 807]] [54 [811 817 819 823]] [55 [828 832 833 835 838 839]] [56 [840 841 843 846 849 851]] [57 [855 857 858 859 863 865 866 867 869]] [58 [873 875 879]] [59 [887 890 893 894 895]] [60 [901 902 904 906 907 908 909 911 913 914]] [61 [916 917 919 921 922 923 924 928]] [62 [932 936 938 940 942]] [63 [945 946 948 951 952 956 957 959]] [64 [960 962 963 964 965 970 972 973]] [65 [977 978 981 982 983 984 985 986 987]] [66 [992 996 997 998 999 1000 1003 1004]] [67 [1011 1014 1015 1017 1018]] [68 [1023 1025 1028 1030 1031]] [69 [1035 1038 1041 1043 1045 1046 1048 1049]] [70 [1050 1052 1053 1054 1057 1060 1064]] [71 [1066 1067 1068 1070 1073 1075 1077 1078]] [72 [1080 1083 1085 1086 1088 1089 1090 1091 1092 1093]] [73 [1095 1097 1099 1100 1101 1104 1106]] [74 [1111 1113 1114 1115 1117 1122]] [75 [1125 1127 1134 1136 1138]] [76 [1141 1147 1148 1150 1153]] [77 [1155 1157 1161 1163 1164]] [78 [1170 1171 1179 1181 1182 1184]] [79 [1187 1189 1190 1192 1196 1198]] [80 [1201 1202 1203 1210 1212 1214]] [81 [1217 1219 1221 1222]] [82 [1230 1231 1232 1233 1236 1237 1238 1242 1243]] [83 [1246 1248 1249 1250 1251 1252 1254 1256 1257 1258 1259]] [84 [1260 1262 1263 1265 1267 1269 1270 1271]] [85 [1275 1276 1277 1279 1280 1281 1282 1283 1287]] [86 [1290 1292 1293 1296 1299 1301 1302 1304]] [87 [1306 1309 1310 1311 1312 1313 1315 1318]] [88 [1321 1322 1324 1334]] [89 [1336 1337 1339 1342 1344 1346]] [90 [1350 1352 1354 1355 1358 1359 1361]] [91 [1367 1374 1375 1376 1378 1379]] [92 [1385 1386 1387 1388 1389]] [93 [1396 1398 1403 1405 1408]] [94 [1410 1411 1414 1415 1417 1418 1421 1422 1423]] [95 [1427 1428 1429 1432 1433 1434 1435 1436]] [96 [1440 1441 1442 1443 1445 1446 1449 1450 1454]] [97 [1455 1462 1465 1466 1469]] [98 [1472 1475 1476 1479 1484]] [99 [1485 1488 1489 1491 1495 1496]]]",,"[[{citizen 38} [[""A"" [3 2 1 1 1 2 3 4 6 6]]]] [{media 51} [[""A"" [2 2 2 2 2 2 2 2 2 2]]]] [{media 52} [[""A"" [0 0 0 0 0 0 0 0 0 0]]]] [{media 53} [[""A"" [6 6 6 6 6 6 6 6 6 6]]]] [{media 54} [[""A"" [2 2 2 2 2 2 2 2 2 2]]]] [{media 56} [[""A"" [5 5 5 5 5 5 5 5 5 5]]]] [{media 57} [[""A"" [2 2 2 2 2 2 2 2 2 2]]]] [{media 59} [[""A"" [2 2 2 2 2 2 2 2 2 2]]]] [{media 60} [[""A"" [1 1 1 1 1 1 1 1 1 1]]]] [{media 61} [[""A"" [6 6 6 6 6 6 6 6 6 6]]]] [{media 62} [[""A"" [3 3 3 3 3 3 3 3 3 3]]]] [{media 63} [[""A"" [1 1 1 1 1 1 1 1 1 1]]]] [{citizen 5} [[""A"" [1 2 4 1 2 3 0 2 2 2]]]] [{citizen 8} [[""A"" [1 3 1 0 1 2 2 1 3 2]]]] [{citizen 12} [[""A"" [1 4 1 6 1 0 1 3 2 1]]]] [{citizen 0} [[""A"" [2 1 2 1 4 2 2 2 2 3]]]] [{citizen 4} [[""A"" [2 1 3 2 2 1 1 4 1 6]]]] [{media 64} [[""A"" [4 4 4 4 4 4 4 4 4 4]]]] [{citizen 7} [[""A"" [0 1 1 2 2 1 2 3 6 4]]]] [{citizen 6} [[""A"" [3 1 1 1 0 2 2 2 3 2]]]] [{media 58} [[""A"" [5 5 5 5 5 5 5 5 5 5]]]] [{media 50} [[""A"" [4 4 4 4 4 4 4 4 4 4]]]] [{citizen 26} [[""A"" [4 3 2 2 1 2 4 2 2 4]]]] [{citizen 41} [[""A"" [6 6 2 4 1 2 4 6 6 5]]]] [{citizen 22} [[""A"" [2 1 2 4 6 4 2 1 4 2]]]] [{citizen 21} [[""A"" [2 1 1 1 2 2 2 1 3 2]]]] [{citizen 17} [[""A"" [5 4 4 2 2 2 1 3 2 1]]]] [{citizen 33} [[""A"" [2 4 2 0 2 2 2 1 3 2]]]] [{citizen 25} [[""A"" [4 3 3 2 1 0 1 2 2 3]]]] [{citizen 9} [[""A"" [6 5 4 6 6 5 1 2 2 2]]]] [{citizen 44} [[""A"" [3 1 2 2 2 1 3 1 5 4]]]] [{citizen 40} [[""A"" [1 0 2 4 5 4 3 6 2 1]]]] [{citizen 11} [[""A"" [3 1 2 4 1 2 3 4 5 4]]]] [{citizen 37} [[""A"" [3 2 1 1 1 2 0 1 5 4]]]] [{citizen 28} [[""A"" [1 2 1 2 4 2 3 4 5 4]]]] [{citizen 36} [[""A"" [1 1 4 1 6 4 5 2 2 1]]]] [{citizen 46} [[""A"" [4 3 2 1 2 4 2 2 6 1]]]] [{citizen 24} [[""A"" [1 6 2 1 3 2 1 1 3 2]]]] [{citizen 13} [[""A"" [2 1 1 2 4 2 1 2 2 4]]]] [{citizen 31} [[""A"" [2 2 1 1 3 2 2 1 1 3]]]] [{citizen 15} [[""A"" [5 4 1 4 1 1 0 2 2 2]]]] [{citizen 34} [[""A"" [4 1 4 5 3 1 3 2 0 4]]]] [{citizen 45} [[""A"" [2 4 1 2 2 4 5 5 1 1]]]] [{citizen 39} [[""A"" [2 2 5 4 4 6 5 1 0 2]]]] [{citizen 35} [[""A"" [1 3 2 1 2 3 6 2 2 4]]]] [{citizen 18} [[""A"" [2 1 1 2 4 5 1 2 1 2]]]] [{citizen 48} [[""A"" [2 4 3 2 1 4 2 1 2 4]]]] [{citizen 20} [[""A"" [3 2 1 2 4 4 2 1 6 5]]]] [{citizen 16} [[""A"" [2 2 1 0 1 0 2 2 3 2]]]] [{citizen 43} [[""A"" [6 3 2 1 1 2 4 6 5 5]]]] [{citizen 32} [[""A"" [5 5 1 2 3 4 5 4 5 3]]]] [{citizen 23} [[""A"" [2 5 3 6 2 1 1 2 4 6]]]] [{citizen 10} [[""A"" [4 5 3 1 3 2 0 1 3 2]]]] [{citizen 1} [[""A"" [2 1 1 2 3 1 4 5 6 5]]]] [{citizen 3} [[""A"" [1 2 4 2 4 5 4 3 2 1]]]] [{media 55} [[""A"" [1 1 1 1 1 1 1 1 1 1]]]] [{citizen 42} [[""A"" [2 2 4 3 2 3 4 5 2 1]]]] [{citizen 2} [[""A"" [1 1 2 2 1 2 4 2 3 6]]]] [{citizen 49} [[""A"" [2 2 2 1 1 0 2 2 3 2]]]] [{citizen 29} [[""A"" [6 2 2 4 1 2 3 2 1 1]]]] [{citizen 47} [[""A"" [2 1 2 3 2 2 1 0 1 4]]]] [{citizen 30} [[""A"" [0 1 1 2 3 2 2 4 1 2]]]] [{citizen 27} [[""A"" [6 2 1 2 2 4 1 2 3 2]]]] [{citizen 14} [[""A"" [1 2 1 3 2 2 1 0 1 1]]]]]"
"20","[213 0 42]","292.5","-4.1327310452401775","2.0898631917570283","""circle""","""""","9.9","{breed citizens}","false","0.5","1","""up""",,"[[""ID"" 24] [""alpha"" 1] [""beta"" 1] [""malleable"" [""A""]] [""prior"" []] [""cont_tokens"" []] [""A"" 1]]","[[0 [0 1 2 3 4 5 6 9 10 11 12 13 14]] [1 [15 16 17 18 19 20 21 22 23 24 25 26 27 28 29]] [2 [30 31 32 33 34 35 36 37 38 39 40 41 42 43 44]] [3 [45 46 47 48 49 50 51 52 53 54 55 56 57 58]] [4 [60 66 67 68 70 71 72 73 74]] [5 [75 76 77 78 79 80 81 82 83 84 85 86 87 88 89]] [6 [90 92 93 94 95 96 97 98 101 102 103]] [7 [105 106 107 108 109 110 111 112 114 115 116 117 119]] [8 [120 121 122 123 124 125 126 127 128 129 130 131 132 133 134]] [9 [135 136 137 138 139 140 141 142 143 144 145 146 147 148 149]] [10 [150 151 152 153 154 155 156 157 158 159 160 161 163]] [11 [165 166 167 168 169 170 171 172 173 174 175 176 177 178 179]] [12 [181 182 183 185 186 187 188 189 190 191 192 193 194]] [13 [195 196 197 198 199 200 201 202 203 204 205 206 207 208 209]] [14 [210 211 212 213 214 215 216 217 218 219 220 221 222 224]] [15 [226 228 229 230 235 237]] [16 [240 241 242 243 244 245 246 247 248 249 250 251 252 253 254]] [17 [255 256 257 265 266 267 268 269]] [18 [270 271 272 273 274 275 276 277 278 279 280 281 282 283 284]] [19 [285 286 288 289 290 291 292 295 297 298 299]] [20 [300 301 302 303 304 305 306 307 308 309 310 311 312 314]] [21 [315 316 317 318 319 320 321 322 323 324 325 326 328 329]] [22 [331 332 333 334 335 336 337 338 339 340 341 342 343 344]] [23 [345 346 347 348 349 350 351 352 353 354 355 356 357 358 359]] [24 [360 361 362 363 364 365 366 367 368 369 370 371 372 373 374]] [25 [375 376 377 378 379 380 381 382 383 384 385 386 387 388 389]] [26 [390 391 392 393 394 395 396 397 398 400 401 402 403 404]] [27 [405 406 407 408 409 411 412 413 414 415 416 417 418 419]] [28 [422 423 424 425 426 427 428 429 430 433 434]] [29 [435 436 437 438 439 440 441 442 443 444 445 446 447 448 449]] [30 [450 451 452 453 454 455 456 457 458 459 460 461 462 463 464]] [31 [465 469 471 472 474 475 476 477 478 479]] [32 [481 482 484 485 486 487 488 489 490 491 492 493]] [33 [495 496 497 498 499 500 501 502 503 504 505 506 507 508 509]] [34 [510 511 512 513 514 515 516 517 518 519 520 521 522 523 524]] [35 [525 526 527 528 529 530 531 532 533 534 535 536 537 538 539]] [36 [540 541 542 543 544 545 546 547 548 549 550 551 552 553 554]] [37 [555 556 557 558 559 560 561 562 563 564 565 566 567 568 569]] [38 [570 571 572 573 574 575 576 577 578 579 580 581 582 583 584]] [39 [585 586 587 588 589 590 591 592 593 594 595 596 597 598 599]] [40 [600 601 602 603 604 605 606 607 608 609 610 611 612 613 614]] [41 [615 616 617 618 619 620 621 622 623 624 625 626 627 628 629]] [42 [630 631 632 633 634 635 636 637 638 639 640 641 642 643 644]] [43 [645 646 648 650 651 652 653 654 655 656 658 659]] [44 [660 661 662 664 665 667 668 670 671 672 673 674]] [45 [675 676 677 678 679 680 681 682 683 684 685 686 687 688 689]] [46 [690 691 693 694 695 696 697 698 699 700 701 702 703 704]] [47 [705 708 710 715 718 719]] [48 [721 727 729 731 732 733]] [49 [735 736 737 738 739 740 741 742 743 744 745 746 748 749]] [50 [750 751 752 753 754 755 756 757 758 759 760 762 764]] [51 [765 766 767 768 769 770 771 772 773 774 775 776 777 779]] [52 [780 781 782 783 784 785 786 787 788 789 790 791 792 793 794]] [53 [795 796 797 798 799 800 801 802 803 804 805 806 807 808 809]] [54 [810 811 812 813 814 815 816 817 818 819 820 821 822 823 824]] [55 [828 829 830 831 832 833 834 835 836 837 838 839]] [56 [840 841 842 843 844 845 846 847 848 849 850 851 852 853 854]] [57 [855 856 857 858 859 860 861 862 863 864 865 866 867 868 869]] [58 [870 871 872 873 874 875 876 877 878 879 880 881 882 883 884]] [59 [885 886 887 888 889 890 891 892 893 894 895 896 897 898 899]] [60 [900 901 902 903 904 905 906 907 908 909 910 911 912 913 914]] [61 [915 916 917 918 919 920 921 922 923 924 925 926 927 928 929]] [62 [930 931 932 935 936 937 938 939 940 941 942]] [63 [945 946 947 948 951 952 956 957 959]] [64 [960 962 963 964 965 969 970 972 973]] [65 [977 978 979 980 981 982 983 984 985 986 987 988 989]] [66 [990 991 992 993 994 995 996 997 998 999 1000 1001 1002 1003 1004]] [67 [1005 1006 1007 1008 1009 1010 1011 1012 1013 1014 1015 1016 1017 1018 1019]] [68 [1021 1023 1025 1028 1030 1031]] [69 [1035 1036 1037 1038 1039 1040 1041 1043 1044 1045 1046 1047 1048 1049]] [70 [1050 1051 1052 1053 1054 1055 1056 1057 1058 1059 1060 1061 1062 1063 1064]] [71 [1065 1066 1067 1068 1069 1070 1071 1072 1073 1074 1075 1076 1077 1078 1079]] [72 [1080 1081 1082 1083 1084 1085 1086 1087 1088 1089 1090 1091 1092 1093 1094]] [73 [1095 1097 1099 1100 1101 1102 1104 1106]] [74 [1110 1111 1112 1113 1114 1115 1116 1117 1118 1119 1120 1121 1122 1123 1124]] [75 [1125 1126 1127 1128 1129 1130 1131 1132 1133 1134 1136 1137 1138 1139]] [76 [1141 1142 1147 1148 1150 1153]] [77 [1155 1157 1158 1161 1162 1163 1164 1165 1167 1168 1169]] [78 [1170 1171 1172 1173 1174 1175 1176 1177 1178 1179 1180 1181 1182 1183 1184]] [79 [1187 1188 1189 1190 1191 1192 1193 1194 1195 1196 1197 1198 1199]] [80 [1200 1201 1202 1203 1204 1208 1209 1210 1211 1212 1213 1214]] [81 [1215 1216 1217 1218 1219 1220 1221 1222 1223 1224 1225 1226 1227 1228 1229]] [82 [1231 1232 1233 1236 1237 1238 1242 1243 1244]] [83 [1245 1246 1247 1248 1249 1250 1251 1252 1253 1254 1256 1257 1258 1259]] [84 [1260 1261 1262 1263 1265 1267 1269 1270 1271]] [85 [1275 1276 1277 1279 1280 1281 1282 1283 1284 1286 1287]] [86 [1290 1291 1292 1293 1295 1296 1298 1299 1300 1301 1302 1303 1304]] [87 [1305 1306 1307 1308 1309 1310 1311 1312 1313 1314 1315 1316 1317 1318 1319]] [88 [1320 1321 1322 1323 1324 1325 1326 1327 1328 1329 1330 1331 1332 1333 1334]] [89 [1335 1336 1337 1338 1339 1340 1341 1342 1343 1344 1345 1346 1347 1348 1349]] [90 [1350 1351 1352 1353 1354 1355 1356 1357 1358 1359 1360 1361 1362 1363 1364]] [91 [1365 1366 1367 1368 1369 1370 1371 1372 1373 1374 1375 1376 1377 1378 1379]] [92 [1380 1381 1382 1383 1384 1385 1386 1387 1388 1389 1390 1391 1392 1393 1394]] [93 [1395 1396 1397 1398 1399 1400 1401 1402 1403 1404 1405 1406 1407 1408]] [94 [1410 1411 1412 1414 1415 1416 1417 1418 1419 1420 1421 1422 1423 1424]] [95 [1425 1426 1427 1428 1429 1430 1431 1432 1433 1434 1435 1436 1437 1438 1439]] [96 [1440 1444 1445 1446 1449 1450 1454]] [97 [1455 1456 1460 1462 1465 1466 1469]] [98 [1472 1475 1476 1477 1478 1479 1484]] [99 [1485 1486 1487 1488 1489 1490 1491 1492 1493 1494 1495 1496 1497 1498 1499]]]","[[0 [1 6 10 11 13]] [1 [15 18 19 21 24 25 28 29]] [2 [35 37 39 41 42 43 44]] [3 [48 51 52 53 58]] [4 [60 67 68 71 73]] [5 [75 76 77 78 81 83 88 89]] [6 [90 92 94 95 98 101 102 103]] [7 [106 107 108 114 115]] [8 [122 123 129 130 131 132 133 134]] [9 [136 141 142 144 149]] [10 [150 151 152 153 154 155 156 158 159 160]] [11 [167 169 170 171 174 175 176]] [12 [181 182 183 185 188 189 190 191 193]] [13 [195 197 200 202 203 204 205 208 209]] [14 [210 211 212 213 214 215 219 220 222]] [15 [226 228 229 230 237]] [16 [242 246 247 251 252 254]] [17 [255 256 257 265 266 267]] [18 [271 272 278 280 281 282 283]] [19 [285 289 290 291 292 295]] [20 [301 302 303 310 311 312 314]] [21 [315 319 320 322 323 324 328]] [22 [331 333 334 336 337 338 339 342]] [23 [347 349 350 352 353 356 358 359]] [24 [361 364 365 368 369 370 373 374]] [25 [375 376 377 379 381 384 386 387 388]] [26 [390 391 393 398 401 402]] [27 [405 407 408 409 412 416 419]] [28 [422 424 425 427 434]] [29 [435 437 439 440 441 442 443 444 445 446 449]] [30 [452 454 455 456 457 462]] [31 [465 469 471 472 474 479]] [32 [482 484 485 488 489 491 492 493]] [33 [496 498 499 502 503 504 508 509]] [34 [510 511 512 513 514 517 520 521]] [35 [526 529 531 532 533 534]] [36 [542 543 544 545 549 550 551 552 553]] [37 [555 556 557 559 562 565 567 568]] [38 [570 571 572 574 575 578 579 580 581 582]] [39 [585 587 592 596 599]] [40 [604 605 606 608 612 613 614]] [41 [615 618 619 620 622 624 627 628 629]] [42 [633 635 636 637 638 642 643 644]] [43 [645 646 648 650 654 655 658 659]] [44 [660 661 662 664 667 668 671 673]] [45 [676 679 682 687 688 689]] [46 [691 694 701 703]] [47 [705 708 710 715 718 719]] [48 [721 727 729 731 732 733]] [49 [735 736 741 743 746 748 749]] [50 [753 754 755 757 762]] [51 [765 768 770 771 772 774 775 777 779]] [52 [781 782 783 785 787 788 790 791 793 794]] [53 [795 797 800 801 802 804 806 807]] [54 [811 817 819 821 823]] [55 [828 829 830 831 834 835 838 839]] [56 [840 841 843 846 849 851]] [57 [855 857 859 863 865 866 867 869]] [58 [872 874 875 879]] [59 [887 890 892 894 895 896 899]] [60 [900 907 908 909 911 913 914]] [61 [916 917 919 921 922 923 924 929]] [62 [930 931 932 936 937 938 940]] [63 [946 947 951 952 956 957 959]] [64 [960 962 963 964 965 969 972 973]] [65 [978 981 982 983 984 985 986 987]] [66 [994 995 1001 1003]] [67 [1005 1007 1008 1009 1010 1012 1014 1015 1017 1018]] [68 [1023 1025 1028 1030 1031]] [69 [1035 1038 1041 1043 1045 1046 1048 1049]] [70 [1052 1053 1054 1057 1060 1062 1063]] [71 [1065 1066 1067 1068 1070 1073 1075 1077 1078]] [72 [1080 1083 1085 1086 1087 1090 1091 1092 1093]] [73 [1095 1097 1099 1100 1101 1104 1106]] [74 [1111 1113 1114 1115 1117 1122]] [75 [1125 1127 1131 1133 1134 1136 1138]] [76 [1142 1147 1148 1150 1153]] [77 [1155 1157 1158 1161 1163 1164]] [78 [1171 1179 1181 1182 1184]] [79 [1187 1190 1194 1195 1197 1199]] [80 [1200 1201 1202 1203 1212 1214]] [81 [1217 1219 1221 1222 1224 1225 1227 1228 1229]] [82 [1231 1232 1233 1236 1237 1238 1242 1243]] [83 [1248 1249 1250 1251 1252 1254 1256 1257 1258 1259]] [84 [1260 1262 1263 1265 1267 1269 1270 1271]] [85 [1275 1276 1279 1280 1281 1282 1283 1287]] [86 [1290 1291 1292 1293 1298 1300 1303 1304]] [87 [1306 1309 1310 1311 1312 1313 1315 1316 1318]] [88 [1323 1324 1325 1327 1329 1330 1332 1333 1334]] [89 [1336 1337 1338 1339 1340 1342 1344 1346 1347]] [90 [1350 1352 1353 1357 1360 1362 1363 1364]] [91 [1365 1366 1368 1369 1370 1371 1372 1373 1377]] [92 [1380 1381 1382 1383 1384 1385 1386 1387 1388 1389 1391 1392]] [93 [1397 1400 1401 1402 1404 1405 1408]] [94 [1410 1411 1414 1415 1417 1418 1421 1422 1423 1424]] [95 [1425 1426 1428 1430 1431 1439]] [96 [1444 1445 1449 1450 1454]] [97 [1455 1456 1460 1466 1469]] [98 [1472 1475 1476 1479 1484]] [99 [1485 1488 1489 1491 1495 1497 1498 1499]]]",,"[[{citizen 42} [[""A"" [2 3 4 2 3 2 1 2 2 1]]]] [{citizen 48} [[""A"" [2 1 2 4 2 1 3 4 2 1]]]] [{media 50} [[""A"" [4 4 4 4 4 4 4 4 4 4]]]] [{media 53} [[""A"" [6 6 6 6 6 6 6 6 6 6]]]] [{media 54} [[""A"" [2 2 2 2 2 2 2 2 2 2]]]] [{media 55} [[""A"" [1 1 1 1 1 1 1 1 1 1]]]] [{media 56} [[""A"" [5 5 5 5 5 5 5 5 5 5]]]] [{media 57} [[""A"" [2 2 2 2 2 2 2 2 2 2]]]] [{media 59} [[""A"" [2 2 2 2 2 2 2 2 2 2]]]] [{media 60} [[""A"" [1 1 1 1 1 1 1 1 1 1]]]] [{media 61} [[""A"" [6 6 6 6 6 6 6 6 6 6]]]] [{media 62} [[""A"" [3 3 3 3 3 3 3 3 3 3]]]] [{media 63} [[""A"" [1 1 1 1 1 1 1 1 1 1]]]] [{media 64} [[""A"" [4 4 4 4 4 4 4 4 4 4]]]] [{citizen 7} [[""A"" [0 1 1 2 2 1 1 3 5 6]]]] [{citizen 16} [[""A"" [1 3 2 1 2 0 2 2 2 1]]]] [{citizen 17} [[""A"" [5 2 2 3 4 4 2 1 2 1]]]] [{citizen 18} [[""A"" [4 1 3 2 1 1 2 1 2 1]]]] [{citizen 0} [[""A"" [2 2 1 1 2 1 2 1 2 1]]]] [{citizen 4} [[""A"" [6 5 3 2 2 1 3 4 1 2]]]] [{citizen 9} [[""A"" [6 5 1 0 2 2 2 1 2 1]]]] [{citizen 13} [[""A"" [2 2 1 1 2 3 4 2 1 2]]]] [{media 58} [[""A"" [5 5 5 5 5 5 5 5 5 5]]]] [{citizen 26} [[""A"" [4 2 2 1 2 3 4 2 2 1]]]] [{citizen 41} [[""A"" [2 4 5 6 2 3 4 2 4 6]]]] [{citizen 22} [[""A"" [2 2 4 5 6 4 2 2 3 4]]]] [{citizen 21} [[""A"" [3 4 2 0 2 2 2 1 2 1]]]] [{citizen 33} [[""A"" [2 3 4 2 0 2 2 1 2 1]]]] [{citizen 25} [[""A"" [1 2 3 4 3 2 1 2 1 1]]]] [{citizen 44} [[""A"" [1 3 2 1 1 2 6 5 5 4]]]] [{citizen 40} [[""A"" [1 1 0 5 5 4 3 6 1 1]]]] [{citizen 11} [[""A"" [3 1 1 1 2 3 2 3 2 1]]]] [{citizen 37} [[""A"" [1 1 2 3 4 2 2 3 2 1]]]] [{citizen 8} [[""A"" [3 4 1 2 3 2 2 1 2 1]]]] [{citizen 28} [[""A"" [2 4 5 5 2 1 1 2 3 2]]]] [{citizen 6} [[""A"" [4 2 2 3 2 1 0 2 2 1]]]] [{citizen 36} [[""A"" [5 5 2 2 1 1 3 2 2 1]]]] [{citizen 46} [[""A"" [1 1 2 3 4 2 3 2 1 1]]]] [{citizen 38} [[""A"" [4 2 1 3 4 5 6 5 6 6]]]] [{citizen 24} [[""A"" [2 1 2 4 5 5 6 2 2 1]]]] [{citizen 12} [[""A"" [5 5 3 1 1 3 0 1 2 1]]]] [{citizen 31} [[""A"" [2 1 3 5 2 2 1 1 2 1]]]] [{citizen 5} [[""A"" [2 2 3 2 1 0 2 2 2 1]]]] [{citizen 15} [[""A"" [2 1 3 4 2 1 0 2 2 1]]]] [{citizen 34} [[""A"" [2 2 2 3 2 1 1 2 3 4]]]] [{citizen 3} [[""A"" [2 5 6 2 2 1 1 3 2 1]]]] [{citizen 45} [[""A"" [2 2 4 2 2 2 1 5 1 1]]]] [{citizen 39} [[""A"" [6 2 2 2 2 2 4 0 2 1]]]] [{media 51} [[""A"" [2 2 2 2 2 2 2 2 2 2]]]] [{citizen 35} [[""A"" [3 1 3 4 6 6 5 2 2 4]]]] [{citizen 23} [[""A"" [4 6 5 5 2 1 2 3 4 6]]]] [{citizen 10} [[""A"" [6 5 3 2 1 1 4 3 2 1]]]] [{citizen 1} [[""A"" [6 6 2 2 1 2 2 3 1 5]]]] [{citizen 43} [[""A"" [2 1 1 6 1 2 1 1 2 3]]]] [{media 52} [[""A"" [0 0 0 0 0 0 0 0 0 0]]]] [{citizen 19} [[""A"" [2 1 4 4 5 6 2 1 1 3]]]] [{citizen 2} [[""A"" [3 5 5 2 2 1 1 2 3 1]]]] [{citizen 49} [[""A"" [4 2 3 2 1 2 0 2 2 1]]]] [{citizen 29} [[""A"" [3 5 5 6 2 4 2 3 2 1]]]] [{citizen 30} [[""A"" [2 2 3 2 2 3 4 2 1 2]]]] [{citizen 47} [[""A"" [2 3 2 1 2 3 4 2 2 1]]]] [{citizen 32} [[""A"" [5 3 5 2 1 2 3 4 4 5]]]] [{citizen 27} [[""A"" [2 4 6 5 5 1 2 3 4 2]]]] [{citizen 14} [[""A"" [1 1 2 3 2 2 3 2 1 1]]]]]"
"21","[213 0 42]","303.75","-4.361777258742436","1.9408916859209004","""circle""","""""","9.9","{breed citizens}","false","0.5","1","""up""",,"[[""ID"" 8] [""alpha"" 1] [""beta"" 1] [""malleable"" [""A""]] [""prior"" []] [""cont_tokens"" []] [""A"" 1]]","[[0 [0 1 2 3 4 5 6 9 10 11 12 13 14]] [1 [15 17 18 19 20 21 22 24 25 26 28 29]] [2 [30 31 32 33 34 35 36 37 38 39 40 41 42 43 44]] [3 [45 46 47 48 49 50 51 52 53 54 55 56 57 58 59]] [4 [60 66 67 68 70 71 72 73 74]] [5 [75 76 77 78 79 80 81 82 83 84 85 86 87 88 89]] [6 [90 92 93 94 95 96 97 98 101 102 103]] [7 [105 106 107 108 109 110 111 112 114 115 116 117 118 119]] [8 [121 125 126 127 128 130 131 132 133 134]] [9 [135 136 137 138 139 140 141 142 143 144 145 146 147 148 149]] [10 [150 151 152 153 154 155 156 157 158 159 160 161 163]] [11 [165 166 167 168 169 170 171 172 173 174 175 176 177 178 179]] [12 [181 182 183 185 186 187 188 189 190 191 192 193 194]] [13 [195 196 197 198 199 200 201 202 203 204 205 206 207 208 209]] [14 [210 211 212 213 214 215 216 217 218 219 220 221 222 224]] [15 [225 226 227 228 229 230 231 232 233 234 235 236 237 238 239]] [16 [240 241 242 243 244 245 246 247 248 249 250 251 252 253 254]] [17 [255 256 257 258 259 260 261 262 263 264 265 267 268 269]] [18 [270 271 272 273 274 275 276 277 278 279 280 281 282 283 284]] [19 [285 286 288 289 290 291 292 295 297 298 299]] [20 [300 301 302 303 304 305 306 307 308 309 310 311 312 314]] [21 [315 316 317 318 319 320 321 322 323 324 325 326 328 329]] [22 [331 332 333 334 335 336 337 338 339 340 341 342 343 344]] [23 [345 346 347 348 349 350 351 352 353 354 355 356 357 358 359]] [24 [360 361 362 363 364 365 366 367 368 369 370 371 372 373 374]] [25 [375 376 377 378 379 380 381 382 383 384 385 386 387 388 389]] [26 [390 391 393 398 401 402]] [27 [405 406 407 408 409 411 412 413 414 415 416 417 418 419]] [28 [420 421 422 423 424 425 426 427 428 429 430 431 432 433 434]] [29 [435 436 437 438 439 440 441 442 443 444 445 446 447 448 449]] [30 [450 451 452 453 454 455 456 457 458 459 460 461 462 463 464]] [31 [465 469 471 472 474 475 476 477 478 479]] [32 [480 481 482 483 484 485 486 487 488 489 490 491 492 493 494]] [33 [495 496 497 498 499 500 501 502 503 504 505 506 507 508 509]] [34 [510 511 512 513 514 515 516 517 518 519 520 521 522 523 524]] [35 [525 526 527 528 529 530 531 532 533 534 535 536 537 538 539]] [36 [540 541 542 543 544 545 546 547 548 549 550 551 552 553 554]] [37 [555 556 557 558 559 560 561 562 563 564 565 566 567 568 569]] [38 [570 571 572 574 575 576 577 578 579 580 581 582 583 584]] [39 [585 586 587 588 589 590 591 592 593 594 595 596 597 598 599]] [40 [600 601 602 603 604 605 606 607 608 612 613 614]] [41 [615 616 617 618 619 620 621 622 623 624 625 626 627 628 629]] [42 [630 631 632 634 635 636 637 638 639 640 641 642 643 644]] [43 [647 649 651 652 653 657]] [44 [660 661 663 664 665 666 667 669 670 671 673]] [45 [675 676 677 678 679 680 681 682 683 684 685 686 687 688 689]] [46 [690 691 693 694 695 696 697 698 699 700 701 702 703 704]] [47 [705 708 709 710 711 712 713 714 715 716 717 718 719]] [48 [720 721 722 723 724 725 726 727 728 729 730 731 732 733 734]] [49 [735 736 737 738 739 740 741 742 743 744 745 746 747 748 749]] [50 [750 751 752 753 754 755 756 757 758 759 760 762 764]] [51 [765 766 767 768 769 770 771 772 773 774 775 776 777 779]] [52 [780 781 782 783 784 785 786 787 788 789 790 791 792 793 794]] [53 [795 796 798 799 801 803 804 806 807 808 809]] [54 [811 817 819 820 821 823]] [55 [828 829 830 831 832 833 834 835 836 837 838 839]] [56 [840 841 843 844 845 846 847 848 849 850 851 852 853 854]] [57 [855 856 857 858 859 860 861 862 863 864 865 866 867 868 869]] [58 [870 871 872 873 874 875 876 877 878 879 880 881 882 883 884]] [59 [885 886 887 888 889 890 891 892 893 894 895 896 899]] [60 [900 901 902 903 904 905 906 907 908 909 910 911 912 913 914]] [61 [916 917 918 919 921 922 923 924 926 928 929]] [62 [930 931 932 933 934 935 936 937 938 939 940 941 942 943 944]] [63 [945 946 947 948 951 952 954 955 956 957 959]] [64 [960 962 963 964 965 969 970 972 973]] [65 [977 978 979 980 981 982 983 984 985 986 987 988 989]] [66 [990 991 992 993 994 995 996 997 998 999 1000 1001 1002 1003 1004]] [67 [1005 1006 1007 1008 1009 1010 1011 1012 1013 1014 1015 1016 1017 1018 1019]] [68 [1020 1021 1022 1023 1024 1025 1026 1027 1028 1029 1030 1031 1032 1033 1034]] [69 [1035 1036 1037 1038 1039 1040 1041 1043 1044 1045 1046 1047 1049]] [70 [1050 1051 1052 1053 1054 1055 1056 1057 1058 1059 1060 1061 1062 1063 1064]] [71 [1065 1066 1067 1068 1069 1070 1071 1072 1073 1074 1075 1076 1077 1078 1079]] [72 [1081 1082 1084 1088 1089 1094]] [73 [1096 1098 1103 1105 1107 1108 1109]] [74 [1110 1112 1114 1115 1116 1117 1119 1121 1122 1123 1124]] [75 [1125 1126 1127 1128 1129 1130 1131 1132 1133 1134 1136 1138]] [76 [1141 1142 1143 1144 1145 1147 1148 1150 1151 1152 1153]] [77 [1155 1157 1158 1159 1160 1161 1162 1163 1164 1165 1166 1167 1168 1169]] [78 [1170 1171 1172 1173 1174 1175 1176 1177 1178 1179 1180 1181 1182 1183 1184]] [79 [1185 1186 1188 1189 1190 1191 1192 1193 1194 1195 1196 1197 1198 1199]] [80 [1200 1201 1202 1203 1204 1208 1209 1210 1212 1213 1214]] [81 [1215 1216 1217 1218 1219 1220 1221 1222 1223 1224 1225 1226 1227 1228 1229]] [82 [1230 1231 1232 1233 1235 1236 1237 1238 1239 1240 1241 1242 1243 1244]] [83 [1245 1246 1247 1248 1249 1250 1251 1252 1253 1254 1256 1257 1258 1259]] [84 [1260 1261 1262 1263 1265 1267 1269 1270 1271]] [85 [1275 1276 1277 1279 1280 1281 1282 1283 1284 1286 1287]] [86 [1290 1291 1292 1293 1295 1296 1298 1299 1300 1301 1302 1303 1304]] [87 [1305 1306 1307 1308 1309 1310 1311 1312 1313 1314 1315 1316 1317 1318 1319]] [88 [1320 1321 1322 1323 1324 1325 1326 1327 1328 1329 1330 1331 1332 1333 1334]] [89 [1335 1336 1337 1338 1339 1340 1341 1342 1343 1344 1345 1346 1347 1348 1349]] [90 [1350 1351 1352 1353 1354 1355 1356 1357 1358 1359 1360 1361 1362 1363 1364]] [91 [1365 1366 1367 1368 1369 1370 1371 1372 1373 1374 1375 1376 1377 1378 1379]] [92 [1380 1381 1382 1383 1384 1385 1386 1387 1388 1389 1390 1391 1392 1393 1394]] [93 [1397 1399 1400 1401 1402 1404 1405 1406 1407 1408]] [94 [1410 1411 1412 1414 1415 1417 1418 1419 1420 1421 1422 1423 1424]] [95 [1425 1426 1427 1428 1429 1430 1431 1432 1433 1434 1435 1436 1437 1438 1439]] [96 [1440 1441 1442 1443 1444 1445 1446 1447 1448 1449 1450 1451 1452 1453 1454]] [97 [1455 1456 1457 1458 1459 1460 1461 1462 1463 1464 1465 1466 1467 1468 1469]] [98 [1470 1471 1472 1473 1474 1475 1476 1479 1480 1481 1482 1483 1484]] [99 [1485 1486 1487 1488 1489 1490 1491 1492 1493 1494 1495 1496 1497 1498 1499]]]","[[0 [0 4 5 9 14]] [1 [15 18 20 22 26 29]] [2 [34 35 37 39 41 42 43]] [3 [45 46 48 51 52 53 58]] [4 [60 67 68 72 74]] [5 [75 76 77 78 81 83 88 89]] [6 [90 92 94 95 98 101 102]] [7 [107 108 109 110 111 112 116 117]] [8 [121 125 127 128 131 132 134]] [9 [136 138 141 142 144 149]] [10 [150 151 152 153 154 155 156 157 158 159 160]] [11 [167 168 169 170 171 174 175 176]] [12 [181 182 183 185 189 190 192 194]] [13 [196 198 199 202 203 204 205 208 209]] [14 [210 211 212 213 214 215 216 218 221 224]] [15 [225 227 231 232 234 235 236 238 239]] [16 [241 243 244 245 248 249 250 251 252 253 254]] [17 [255 256 257 265 267]] [18 [271 274 276 277 278 280 281 282 283]] [19 [285 286 288 289 290 291 292 295]] [20 [301 302 304 308 309 310 311 312 314]] [21 [315 320 322 323 324 328]] [22 [331 333 334 336 337 338 342]] [23 [347 349 350 352 354 355]] [24 [360 362 363 371 372]] [25 [378 380 382 383 389]] [26 [391 393 398 401 402]] [27 [405 407 411 413 416 419]] [28 [423 426 428 429 430 434]] [29 [435 437 439 440 441 442 444 446 449]] [30 [452 454 455 456 457 462]] [31 [465 469 471 472 475 476 477 478]] [32 [480 489 491 492 493]] [33 [496 498 499 503 504 508 509]] [34 [510 511 512 513 514 517 520 521 523 524]] [35 [525 527 529 531 532 533 534]] [36 [542 543 544 545 549 550 551 552 553]] [37 [555 557 559 562 565 567 568 569]] [38 [570 575 577 578 583]] [39 [585 587 592 596 599]] [40 [604 605 606 608 612 613 614]] [41 [618 619 620 622 624 625 626]] [42 [630 631 632 639 640 641]] [43 [649 651 652 653]] [44 [660 661 664 665 667 671 673]] [45 [675 677 678 681 683 684 685 686 688 689]] [46 [690 691 694 701 702 704]] [47 [705 708 709 711 712 713 714 716]] [48 [722 723 724 725 726 728 730 734]] [49 [737 738 739 740 742 745 747]] [50 [751 752 753 754 755 757 758 759 760 762]] [51 [765 767 769 773 776]] [52 [780 783 786 789 792]] [53 [795 801 804 806 807]] [54 [811 817 819 821 823]] [55 [828 832 833 836 837]] [56 [841 843 846 849 851]] [57 [855 857 859 863 865 866 867 869]] [58 [873 876 877 878 880 881 882 884]] [59 [885 886 888 889 890 893 894 895]] [60 [901 902 904 906 907 908 909 911 913 914]] [61 [916 917 919 921 922 923 924 928]] [62 [932 936 937 939 941 942]] [63 [945 946 948 951 952 956 957 959]] [64 [960 962 963 964 965 970 972 973]] [65 [977 978 981 982 983 984 985 986 987 989]] [66 [990 992 993 996 997 998 999 1000 1003]] [67 [1006 1007 1008 1009 1010 1013 1016 1019]] [68 [1020 1021 1023 1025 1028 1031]] [69 [1035 1038 1041 1043 1045 1046 1049]] [70 [1050 1052 1053 1054 1060 1064]] [71 [1069 1071 1072 1074 1079]] [72 [1082 1084 1088 1089 1094]] [73 [1096 1098 1103 1105 1107 1108 1109]] [74 [1110 1112 1116 1119 1121]] [75 [1125 1127 1131 1133 1134 1136 1138]] [76 [1142 1147 1148 1150 1153]] [77 [1155 1157 1158 1159 1160 1165 1166 1167 1168 1169]] [78 [1173 1174 1175 1176 1177 1178 1180 1183]] [79 [1185 1186 1188 1189 1190 1194 1195 1197 1199]] [80 [1200 1201 1202 1203 1208 1210 1214]] [81 [1217 1219 1221 1222 1223 1224 1225 1227 1228 1229]] [82 [1231 1232 1233 1236 1237 1238 1242 1243]] [83 [1247 1249 1250 1251 1252 1254 1256 1257 1258 1259]] [84 [1260 1261 1262 1263 1265 1267 1269 1270 1271]] [85 [1275 1276 1279 1280 1281 1282 1283 1287]] [86 [1290 1291 1292 1293 1295 1296 1299 1301 1302 1304]] [87 [1306 1309 1310 1311 1312 1313 1315 1318]] [88 [1321 1322 1324 1326 1328]] [89 [1335 1338 1339 1342 1344 1346 1347]] [90 [1350 1352 1353 1357 1358 1363 1364]] [91 [1365 1366 1368 1369 1371 1373 1377]] [92 [1380 1381 1382 1383 1384 1385 1386 1387 1388 1389 1391 1392 1393]] [93 [1397 1400 1401 1402 1404 1405 1407 1408]] [94 [1410 1411 1414 1415 1417 1418 1421 1422 1423 1424]] [95 [1425 1426 1428 1431 1439]] [96 [1440 1441 1442 1443 1445 1448 1452 1453]] [97 [1457 1458 1459 1460 1461 1463 1464 1467 1468]] [98 [1470 1473 1474 1476 1480 1481 1482 1483]] [99 [1486 1487 1490 1492 1493 1494 1497 1498 1499]]]",,"[[{citizen 40} [[""A"" [4 5 4 3 2 4 4 3 2 1]]]] [{citizen 45} [[""A"" [4 5 5 0 1 1 2 2 1 1]]]] [{media 50} [[""A"" [4 4 4 4 4 4 4 4 4 4]]]] [{media 53} [[""A"" [6 6 6 6 6 6 6 6 6 6]]]] [{media 54} [[""A"" [2 2 2 2 2 2 2 2 2 2]]]] [{media 55} [[""A"" [1 1 1 1 1 1 1 1 1 1]]]] [{media 56} [[""A"" [5 5 5 5 5 5 5 5 5 5]]]] [{media 57} [[""A"" [2 2 2 2 2 2 2 2 2 2]]]] [{media 59} [[""A"" [2 2 2 2 2 2 2 2 2 2]]]] [{media 60} [[""A"" [1 1 1 1 1 1 1 1 1 1]]]] [{media 61} [[""A"" [6 6 6 6 6 6 6 6 6 6]]]] [{media 62} [[""A"" [3 3 3 3 3 3 3 3 3 3]]]] [{media 63} [[""A"" [1 1 1 1 1 1 1 1 1 1]]]] [{media 64} [[""A"" [4 4 4 4 4 4 4 4 4 4]]]] [{citizen 7} [[""A"" [1 1 2 1 2 3 5 6 6 4]]]] [{citizen 16} [[""A"" [1 3 2 2 2 0 2 2 3 1]]]] [{citizen 17} [[""A"" [5 5 1 2 3 4 4 4 5 1]]]] [{citizen 0} [[""A"" [2 2 0 0 1 2 2 2 3 1]]]] [{citizen 4} [[""A"" [4 6 3 2 1 1 2 1 6 6]]]] [{citizen 9} [[""A"" [3 1 1 1 2 6 4 6 5 1]]]] [{citizen 13} [[""A"" [1 2 3 4 4 0 2 4 2 6]]]] [{media 58} [[""A"" [5 5 5 5 5 5 5 5 5 5]]]] [{citizen 12} [[""A"" [3 5 3 1 1 6 5 0 3 1]]]] [{citizen 26} [[""A"" [2 4 3 1 2 3 0 2 4 6]]]] [{citizen 41} [[""A"" [4 6 1 3 4 2 2 4 6 5]]]] [{citizen 22} [[""A"" [2 1 2 2 1 2 4 6 6 4]]]] [{citizen 34} [[""A"" [3 1 3 2 0 0 2 4 3 5]]]] [{citizen 24} [[""A"" [2 1 0 0 2 4 4 3 5 1]]]] [{citizen 38} [[""A"" [4 1 2 3 2 1 4 5 6 6]]]] [{citizen 46} [[""A"" [4 3 1 1 2 3 4 2 4 1]]]] [{citizen 36} [[""A"" [5 5 2 1 1 1 2 6 5 1]]]] [{citizen 6} [[""A"" [1 0 5 0 1 1 0 2 2 1]]]] [{citizen 37} [[""A"" [0 1 1 3 5 6 5 5 4 6]]]] [{citizen 11} [[""A"" [5 3 1 2 3 2 1 4 5 4]]]] [{media 51} [[""A"" [2 2 2 2 2 2 2 2 2 2]]]] [{citizen 35} [[""A"" [3 2 1 1 4 5 6 1 2 4]]]] [{citizen 18} [[""A"" [6 1 2 1 1 5 1 1 1 1]]]] [{citizen 39} [[""A"" [2 2 2 1 2 4 5 0 2 1]]]] [{citizen 23} [[""A"" [1 2 3 6 0 1 1 4 3 5]]]] [{citizen 28} [[""A"" [1 3 2 2 4 6 5 4 5 4]]]] [{citizen 5} [[""A"" [2 4 5 4 5 4 0 2 2 1]]]] [{citizen 8} [[""A"" [3 0 0 1 1 2 1 2 2 1]]]] [{citizen 25} [[""A"" [0 1 0 2 1 3 5 5 3 1]]]] [{citizen 10} [[""A"" [2 0 0 2 1 1 2 1 2 1]]]] [{citizen 1} [[""A"" [6 2 1 2 2 2 3 5 6 5]]]] [{citizen 3} [[""A"" [6 1 1 2 2 4 5 4 3 1]]]] [{citizen 43} [[""A"" [2 1 1 1 2 3 4 6 5 5]]]] [{citizen 19} [[""A"" [2 2 2 4 6 5 4 5 5 6]]]] [{citizen 20} [[""A"" [3 1 2 4 2 1 4 6 6 5]]]] [{citizen 48} [[""A"" [4 3 1 4 2 1 1 2 4 5]]]] [{citizen 42} [[""A"" [2 4 2 2 3 2 4 4 5 1]]]] [{citizen 2} [[""A"" [1 2 3 1 3 2 2 6 4 5]]]] [{citizen 49} [[""A"" [1 0 0 1 2 2 0 2 3 1]]]] [{citizen 29} [[""A"" [4 3 2 1 0 2 4 3 5 5]]]] [{citizen 15} [[""A"" [1 3 2 1 0 4 0 2 2 1]]]] [{citizen 47} [[""A"" [2 2 0 0 1 1 3 5 5 6]]]] [{citizen 31} [[""A"" [1 3 4 5 2 1 1 0 3 5]]]] [{citizen 44} [[""A"" [2 3 1 1 1 2 4 6 6 5]]]] [{citizen 30} [[""A"" [1 3 1 2 4 2 6 4 3 5]]]] [{citizen 33} [[""A"" [6 5 1 1 2 4 2 0 2 1]]]] [{citizen 32} [[""A"" [1 5 5 1 1 2 3 4 5 3]]]] [{citizen 14} [[""A"" [2 1 0 0 2 1 1 3 2 1]]]] [{media 52} [[""A"" [0 0 0 0 0 0 0 0 0 0]]]] [{citizen 27} [[""A"" [1 1 2 4 0 1 1 2 2 1]]]]]"
"22","[213 0 42]","311.25","-3.6443429111214303","3.171846483082276","""circle""","""""","9.9","{breed citizens}","false","0.5","1","""up""",,"[[""ID"" 1] [""alpha"" 1] [""beta"" 1] [""malleable"" [""A""]] [""prior"" []] [""cont_tokens"" []] [""A"" 1]]","[[0 [0 1 2 3 5 6 7 8 9 10 11 12 13 14]] [1 [15 17 18 19 20 21 22 23 24 25 26 28 29]] [2 [30 31 32 33 34 35 36 37 38 39 40 41 42 43 44]] [3 [45 46 47 48 49 50 51 52 53 54 55 56 57 58 59]] [4 [60 61 62 63 64 65 66 67 68 69 70 71 72 73 74]] [5 [75 76 77 78 79 80 81 82 83 84 85 86 87 88 89]] [6 [90 92 93 94 95 96 97 98 101 102 103]] [7 [105 106 107 108 109 110 111 112 114 115 116 117 119]] [8 [121 125 126 127 128 130 131 132 133 134]] [9 [135 136 137 138 139 140 141 142 144 145 146 147 149]] [10 [150 151 152 153 154 155 156 157 158 159 160 161 163]] [11 [165 166 167 168 169 170 171 172 173 174 175 176 177 178 179]] [12 [181 182 183 185 186 187 188 189 190 191 192 193 194]] [13 [195 196 197 198 199 200 201 202 203 204 205 206 207 208 209]] [14 [210 211 212 213 214 215 216 217 218 219 220 221 222 224]] [15 [225 226 227 228 229 230 231 232 234 235 236 237 238 239]] [16 [240 241 242 243 244 245 246 247 248 249 250 251 252 253 254]] [17 [255 256 257 258 259 260 261 262 264 265 266 267 268 269]] [18 [270 271 272 273 274 275 276 277 278 279 280 281 282 283 284]] [19 [285 286 287 288 289 290 291 292 293 294 295 296 297 298 299]] [20 [300 301 302 303 304 305 306 307 308 309 310 311 312 314]] [21 [315 316 317 318 319 320 321 322 323 324 325 326 328 329]] [22 [330 331 332 333 334 335 336 337 338 339 340 341 342 343 344]] [23 [347 349 350 352 354 355 357]] [24 [360 362 363 365 371 372]] [25 [375 376 377 378 379 380 382 383 385 386 387 388 389]] [26 [390 391 392 393 394 395 396 397 398 400 401 402 403 404]] [27 [405 406 407 408 409 411 412 413 414 415 416 417 418 419]] [28 [420 421 422 424 425 427 429 430 431 432 434]] [29 [435 436 437 438 439 440 441 442 443 444 445 446 447 448 449]] [30 [450 451 452 453 454 455 456 457 458 459 460 461 462 463 464]] [31 [465 466 467 468 469 470 471 472 473 474 475 476 477 478 479]] [32 [480 481 482 483 484 485 486 487 488 489 490 491 492 493 494]] [33 [495 496 497 498 499 500 501 502 503 504 505 506 507 508 509]] [34 [510 511 512 513 514 515 516 517 518 519 520 521 522 523 524]] [35 [525 526 527 528 529 530 531 532 533 534 535 536 537 538 539]] [36 [540 541 542 543 544 545 546 547 548 549 550 551 552 553 554]] [37 [555 556 557 558 559 560 561 562 563 564 565 566 567 568 569]] [38 [570 571 572 573 574 575 576 577 578 579 580 581 582 583 584]] [39 [585 586 587 588 589 590 591 592 593 594 595 596 597 598 599]] [40 [600 601 602 603 604 605 606 607 608 611 612 613 614]] [41 [615 616 617 618 619 620 621 622 623 624 625 626 627 628 629]] [42 [630 631 632 633 634 635 636 637 638 639 640 641 642 643 644]] [43 [645 646 647 648 649 650 651 652 653 654 655 656 658 659]] [44 [660 661 662 664 665 667 668 670 671 672 673 674]] [45 [675 676 677 678 679 680 681 682 683 684 685 686 687 688 689]] [46 [690 691 693 694 695 696 697 698 699 700 701 702 703 704]] [47 [705 706 707 708 709 710 711 712 713 714 715 716 717 718 719]] [48 [720 721 722 723 724 725 726 727 728 729 730 731 732 733 734]] [49 [735 736 737 738 739 740 741 742 743 744 745 746 747 748 749]] [50 [750 751 752 753 754 755 756 757 758 759 760 762 764]] [51 [765 766 767 768 769 770 771 772 773 774 775 776 777 779]] [52 [780 782 783 785 786 787 788 789 790 791 792 793 794]] [53 [795 796 797 798 799 800 801 802 803 804 805 806 807 808 809]] [54 [810 811 812 813 814 815 816 817 818 819 820 821 822 823 824]] [55 [828 829 830 831 832 833 834 835 836 837 838 839]] [56 [840 841 843 844 845 846 847 848 849 850 851 852 853 854]] [57 [855 856 857 858 859 860 861 862 863 864 865 866 867 868 869]] [58 [870 871 872 873 874 875 876 877 878 879 880 881 882 883 884]] [59 [885 886 887 888 889 890 891 892 893 894 895 896 899]] [60 [900 901 902 903 904 905 906 907 908 909 910 911 912 913 914]] [61 [915 916 917 918 919 920 921 922 923 924 926 928 929]] [62 [930 931 932 935 936 937 938 939 940 941 942]] [63 [945 946 947 948 949 950 951 952 953 954 955 956 957 958 959]] [64 [960 962 963 964 965 969 970 972 973]] [65 [977 978 979 980 981 982 983 984 985 986 987 988 989]] [66 [990 991 992 993 994 995 996 997 998 999 1000 1001 1002 1003 1004]] [67 [1005 1006 1007 1008 1009 1010 1011 1012 1013 1014 1015 1016 1017 1018 1019]] [68 [1020 1021 1022 1023 1024 1025 1026 1027 1028 1029 1030 1031 1032 1033 1034]] [69 [1035 1036 1037 1038 1039 1040 1041 1042 1043 1044 1045 1046 1047 1049]] [70 [1050 1051 1052 1053 1054 1055 1056 1057 1058 1059 1060 1061 1062 1063 1064]] [71 [1065 1066 1067 1068 1070 1073 1074 1075 1076 1077 1078 1079]] [72 [1080 1081 1082 1083 1084 1085 1086 1087 1088 1089 1090 1091 1092 1093 1094]] [73 [1096 1098 1103 1105 1107 1108 1109]] [74 [1110 1112 1114 1115 1116 1117 1119 1120 1121 1122 1123 1124]] [75 [1125 1126 1127 1128 1129 1130 1131 1132 1133 1134 1135 1136 1137 1138 1139]] [76 [1141 1142 1147 1148 1150 1153]] [77 [1155 1157 1158 1159 1160 1161 1162 1163 1164 1165 1166 1167 1168 1169]] [78 [1170 1171 1173 1174 1175 1176 1177 1178 1179 1180 1181 1182 1183 1184]] [79 [1187 1188 1189 1190 1191 1192 1193 1194 1195 1196 1197 1198 1199]] [80 [1200 1201 1202 1203 1204 1205 1206 1207 1208 1209 1210 1211 1212 1213 1214]] [81 [1215 1216 1217 1218 1219 1220 1221 1222 1223 1224 1225 1226 1227 1228 1229]] [82 [1230 1231 1232 1233 1235 1236 1237 1238 1239 1240 1241 1242 1243 1244]] [83 [1245 1246 1247 1248 1249 1250 1251 1252 1253 1254 1256 1257 1258 1259]] [84 [1260 1261 1262 1263 1265 1267 1269 1270 1271]] [85 [1275 1276 1277 1279 1280 1281 1282 1283 1284 1286 1287]] [86 [1290 1291 1292 1293 1295 1296 1298 1299 1300 1301 1302 1303 1304]] [87 [1305 1306 1307 1308 1309 1310 1311 1312 1313 1314 1315 1316 1317 1318 1319]] [88 [1320 1321 1322 1323 1324 1325 1326 1327 1328 1329 1330 1331 1332 1333 1334]] [89 [1335 1336 1337 1338 1339 1340 1341 1342 1343 1344 1345 1346 1347 1348 1349]] [90 [1350 1351 1352 1353 1354 1355 1356 1357 1358 1359 1360 1361 1362 1363 1364]] [91 [1367 1374 1375 1376 1378 1379]] [92 [1385 1386 1387 1388 1389 1390 1394]] [93 [1395 1396 1398 1403 1404 1405 1406 1407 1408 1409]] [94 [1410 1411 1412 1414 1415 1416 1417 1418 1419 1420 1421 1422 1423 1424]] [95 [1425 1426 1427 1428 1429 1430 1431 1432 1433 1434 1435 1436 1437 1438 1439]] [96 [1440 1441 1442 1443 1444 1445 1446 1449 1450 1454]] [97 [1455 1456 1460 1462 1465 1466 1469]] [98 [1472 1475 1476 1477 1478 1479 1484]] [99 [1485 1486 1487 1488 1489 1490 1491 1492 1493 1494 1495 1496 1497 1498 1499]]]","[[0 [0 3 5 9 14]] [1 [15 18 20 22 26 29]] [2 [32 33 34 38 40 42 43]] [3 [45 46 48 51 52 53 54 55 56 57 59]] [4 [62 64 65 66 67 68 72 74]] [5 [76 77 78 81 83 88 89]] [6 [90 92 94 95 98 101 103]] [7 [106 109 110 111 112 116 117]] [8 [121 125 126 127 128 130 131 132 133 134]] [9 [136 138 141 142 144 146 147 149]] [10 [150 151 152 153 154 155 160 163]] [11 [165 168 169 170 171 174 175 176]] [12 [181 182 183 185 192 194]] [13 [196 198 199 203 204 205 206 207 209]] [14 [210 211 212 214 215 219 220 222]] [15 [226 228 229 230 237]] [16 [242 246 247 250 251 252]] [17 [255 256 257 265 266 267]] [18 [271 272 278 280 281 282 283]] [19 [285 286 288 289 290 291 292 295]] [20 [301 302 303 309 310 311 312 314]] [21 [315 316 317 318 321 325 326 329]] [22 [330 332 333 334 335 338 342]] [23 [347 349 350 352 354 355]] [24 [360 362 363 371 372]] [25 [378 380 382 385 386 387 388]] [26 [390 391 393 398 402]] [27 [405 406 407 409 412 414 415 417 418]] [28 [420 421 422 427 430 434]] [29 [435 437 439 440 441 442 443 444 445 447 448]] [30 [450 451 453 458 459 460 461 463 464]] [31 [466 467 468 470 471 472 474 479]] [32 [482 486 487 490 493]] [33 [496 498 499 503 504 505 506 507]] [34 [513 514 517 520 521 523 524]] [35 [525 527 529 531 532 533 534]] [36 [542 543 544 545 549 550 551 552 554]] [37 [557 559 562 565 566 567 568]] [38 [570 571 572 574 575 576 577 578 579 580 581 582]] [39 [585 587 592 596 599]] [40 [600 602 603 611 612 614]] [41 [615 618 619 622 624 627 628 629]] [42 [633 635 636 637 642 643 644]] [43 [645 646 648 651 652 653 655 656 659]] [44 [660 661 662 664 665 667 668 672 674]] [45 [675 677 678 683 685 686 689]] [46 [690 691 694 701 702 704]] [47 [705 708 710 715 718 719]] [48 [721 727 729 731 732 733]] [49 [735 739 740 742 745 747 749]] [50 [750 755 757 758 759 760 762]] [51 [765 769 773 776]] [52 [780 782 783 785 787 788 790 791 793 794]] [53 [795 796 798 799 803 804 808 809]] [54 [810 811 817 819 820 821 823]] [55 [828 832 836 837]] [56 [841 844 845 847 848 850 852 854]] [57 [855 857 863 865 866 867 869]] [58 [872 873 875 878 880 881 882 884]] [59 [885 886 888 889 890 892 895 896 899]] [60 [900 907 908 909 911 913 914]] [61 [916 917 919 921 922 923 924 926 929]] [62 [930 931 932 935 937 939]] [63 [945 946 948 951 952 956 957 959]] [64 [960 962 963 964 965 969 972 973]] [65 [978 981 982 985 986 987 989]] [66 [990 992 993 996 997 998 999 1000]] [67 [1005 1006 1007 1008 1009 1010 1013 1015 1017 1018]] [68 [1023 1025 1028 1030 1031]] [69 [1035 1038 1041 1042 1043 1045 1046 1049]] [70 [1052 1053 1055 1056 1058 1059 1061 1062 1063]] [71 [1065 1066 1067 1068 1070 1073 1074 1076 1079]] [72 [1081 1082 1084 1088 1089 1094]] [73 [1096 1098 1103 1105 1107 1108 1109]] [74 [1110 1112 1116 1117 1122 1123 1124]] [75 [1126 1128 1129 1130 1131 1133 1134 1136 1138]] [76 [1141 1147 1148 1150 1153]] [77 [1155 1157 1161 1163 1164]] [78 [1171 1179 1181 1182 1184]] [79 [1187 1189 1190 1191 1192 1196 1198]] [80 [1204 1208 1210 1212 1214]] [81 [1217 1219 1221 1222 1223 1224 1225 1226 1227 1228 1229]] [82 [1231 1232 1233 1236 1237 1238 1242 1243]] [83 [1246 1248 1250 1251 1252 1254 1256 1257 1259]] [84 [1260 1262 1265 1267 1269 1270 1271]] [85 [1275 1276 1277 1279 1280 1281 1282 1283 1287]] [86 [1290 1291 1292 1293 1296 1299 1301 1302 1304]] [87 [1306 1309 1310 1311 1312 1313 1315 1316 1318]] [88 [1321 1322 1323 1324 1325 1327 1329 1330 1331 1332 1333 1334]] [89 [1336 1337 1339 1341 1343 1345 1349]] [90 [1351 1354 1355 1358 1359 1361]] [91 [1367 1374 1375 1376 1378 1379]] [92 [1385 1387 1388 1389 1390 1394]] [93 [1395 1396 1398 1403 1405 1407 1408]] [94 [1410 1411 1414 1415 1417 1418 1421 1422 1423]] [95 [1427 1428 1431 1439]] [96 [1440 1441 1442 1443 1445 1449 1450 1454]] [97 [1455 1462 1465 1466 1469]] [98 [1472 1475 1476 1484]] [99 [1485 1488 1489 1491 1495 1497 1498 1499]]]",,"[[{citizen 25} [[""A"" [1 2 3 4 4 3 1 2 1 1]]]] [{citizen 41} [[""A"" [1 1 3 4 4 2 2 4 6 5]]]] [{media 50} [[""A"" [4 4 4 4 4 4 4 4 4 4]]]] [{media 53} [[""A"" [6 6 6 6 6 6 6 6 6 6]]]] [{media 54} [[""A"" [2 2 2 2 2 2 2 2 2 2]]]] [{media 55} [[""A"" [1 1 1 1 1 1 1 1 1 1]]]] [{media 56} [[""A"" [5 5 5 5 5 5 5 5 5 5]]]] [{media 57} [[""A"" [2 2 2 2 2 2 2 2 2 2]]]] [{media 58} [[""A"" [5 5 5 5 5 5 5 5 5 5]]]] [{media 60} [[""A"" [1 1 1 1 1 1 1 1 1 1]]]] [{media 62} [[""A"" [3 3 3 3 3 3 3 3 3 3]]]] [{media 63} [[""A"" [1 1 1 1 1 1 1 1 1 1]]]] [{media 64} [[""A"" [4 4 4 4 4 4 4 4 4 4]]]] [{citizen 0} [[""A"" [1 2 2 1 2 1 2 4 2 1]]]] [{citizen 4} [[""A"" [2 1 1 1 3 4 4 2 1 6]]]] [{citizen 9} [[""A"" [2 4 5 1 0 2 2 1 2 1]]]] [{citizen 13} [[""A"" [2 3 4 4 2 1 2 0 1 2]]]] [{media 59} [[""A"" [2 2 2 2 2 2 2 2 2 2]]]] [{citizen 16} [[""A"" [1 2 0 4 1 0 2 2 2 1]]]] [{media 52} [[""A"" [0 0 0 0 0 0 0 0 0 0]]]] [{media 51} [[""A"" [2 2 2 2 2 2 2 2 2 2]]]] [{citizen 3} [[""A"" [4 2 1 1 1 2 3 4 2 1]]]] [{citizen 26} [[""A"" [1 2 3 4 4 2 1 0 2 4]]]] [{citizen 30} [[""A"" [1 2 1 1 2 4 4 2 1 2]]]] [{citizen 21} [[""A"" [6 2 1 0 2 2 2 1 2 1]]]] [{citizen 17} [[""A"" [1 2 3 4 4 2 2 1 2 1]]]] [{citizen 8} [[""A"" [2 3 2 0 2 1 2 1 2 1]]]] [{citizen 35} [[""A"" [1 2 3 6 6 5 1 2 4 4]]]] [{citizen 18} [[""A"" [1 2 4 5 5 1 2 1 2 1]]]] [{citizen 6} [[""A"" [3 2 1 1 0 1 0 2 2 1]]]] [{citizen 48} [[""A"" [4 4 2 1 1 2 0 2 4 5]]]] [{citizen 20} [[""A"" [2 1 1 1 2 4 2 1 6 5]]]] [{citizen 43} [[""A"" [2 1 1 1 2 3 4 6 5 5]]]] [{citizen 32} [[""A"" [5 5 1 1 2 3 4 4 5 3]]]] [{citizen 36} [[""A"" [1 1 3 4 1 2 4 5 2 1]]]] [{citizen 46} [[""A"" [1 1 2 3 4 4 2 2 1 1]]]] [{citizen 10} [[""A"" [1 1 2 4 4 3 2 1 2 1]]]] [{citizen 1} [[""A"" [4 2 2 2 3 1 4 5 6 5]]]] [{citizen 33} [[""A"" [2 4 2 2 0 2 2 1 2 1]]]] [{citizen 39} [[""A"" [2 2 1 2 4 5 1 0 2 1]]]] [{citizen 23} [[""A"" [6 5 5 1 1 1 2 3 4 4]]]] [{citizen 28} [[""A"" [1 1 2 3 4 2 1 2 4 5]]]] [{citizen 5} [[""A"" [2 0 2 4 1 0 2 2 2 1]]]] [{media 61} [[""A"" [6 6 6 6 6 6 6 6 6 6]]]] [{citizen 12} [[""A"" [1 1 3 6 1 0 1 3 2 1]]]] [{citizen 45} [[""A"" [2 2 1 2 4 5 5 1 1 1]]]] [{citizen 7} [[""A"" [2 1 2 1 1 2 3 4 6 4]]]] [{citizen 19} [[""A"" [2 3 4 2 2 2 4 5 4 5]]]] [{citizen 38} [[""A"" [2 3 2 1 2 3 5 6 5 5]]]] [{citizen 24} [[""A"" [1 2 2 5 5 6 2 2 2 1]]]] [{citizen 42} [[""A"" [2 1 2 2 2 4 4 5 2 1]]]] [{citizen 49} [[""A"" [2 3 2 1 1 2 0 2 2 1]]]] [{citizen 29} [[""A"" [1 2 2 3 2 1 1 2 0 4]]]] [{citizen 40} [[""A"" [2 4 3 4 4 3 6 6 1 1]]]] [{citizen 11} [[""A"" [3 4 2 2 3 2 1 1 4 5]]]] [{citizen 15} [[""A"" [1 1 2 0 4 1 0 2 2 1]]]] [{citizen 47} [[""A"" [2 1 1 2 3 4 2 2 1 0]]]] [{citizen 31} [[""A"" [6 5 2 2 1 1 4 2 1 0]]]] [{citizen 44} [[""A"" [1 2 1 2 2 4 6 5 5 4]]]] [{citizen 2} [[""A"" [1 3 2 2 2 4 6 5 4 5]]]] [{citizen 34} [[""A"" [1 2 3 4 4 2 2 4 5 2]]]] [{citizen 37} [[""A"" [4 2 1 2 2 2 1 2 2 2]]]] [{citizen 14} [[""A"" [4 2 2 2 1 1 0 2 1 1]]]] [{citizen 27} [[""A"" [5 5 1 1 2 3 4 4 1 2]]]]]"
"23","[128 0 127]","318.75","-3.074182443699865","4.705389122903069","""circle""","""""","9.9","{breed citizens}","false","0.5","1","""up""",,"[[""ID"" 32] [""alpha"" 1] [""beta"" 1] [""malleable"" [""A""]] [""prior"" []] [""cont_tokens"" []] [""A"" 3]]","[[0 [0 1 2 3 4 5 9 10 12 13 14]] [1 [15 18 20 22 25 26 28 29]] [2 [30 31 32 33 34 35 36 37 38 39 40 41 42 43 44]] [3 [45 46 47 48 49 50 51 52 53 54 55 56 57 58 59]] [4 [60 66 67 68 70 71 72 73 74]] [5 [75 76 77 78 79 80 81 82 83 84 85 86 87 88 89]] [6 [90 92 93 94 95 96 97 98 101 102 103]] [7 [105 106 107 108 109 110 111 112 114 115 116 117 119]] [8 [120 121 122 123 124 125 126 127 128 129 130 131 132 133 134]] [9 [135 136 138 140 141 142 144 145 146 147 149]] [10 [150 151 152 153 154 155 156 157 158 159 160 161 163]] [11 [165 166 167 168 169 170 171 172 173 174 175 176 177 178 179]] [12 [180 181 182 183 184 185 186 187 188 189 190 191 193]] [13 [195 197 198 199 200 201 203 204 205 206 207 209]] [14 [210 211 212 213 214 215 216 217 218 219 220 221 222 224]] [15 [226 228 229 230 235 237]] [16 [242 243 244 246 247 249 250 251 252 253 254]] [17 [255 256 257 265 266 267 268 269]] [18 [270 273 274 275 276 277 278 279 280 281 282 283 284]] [19 [285 286 287 288 289 290 291 292 293 294 295 296 297 298 299]] [20 [300 301 302 303 304 305 306 307 308 309 310 311 312 314]] [21 [315 316 317 318 319 320 321 322 323 324 325 326 328 329]] [22 [330 331 332 333 334 335 336 337 338 339 340 341 342 343 344]] [23 [345 346 347 348 349 350 351 352 353 354 355 356 357 358 359]] [24 [360 362 363 365 371 372]] [25 [375 376 378 379 380 381 382 383 384 385 386 387 388 389]] [26 [390 391 392 393 394 395 396 397 398 400 401 402 403 404]] [27 [405 406 407 408 409 411 412 413 414 415 416 417 418 419]] [28 [420 421 422 423 424 425 426 427 428 429 430 431 432 433 434]] [29 [435 436 437 438 439 440 441 442 443 444 445 446 447 448 449]] [30 [450 451 452 453 454 455 456 457 458 459 460 461 462 463 464]] [31 [465 466 467 468 469 470 471 472 473 474 475 476 477 478 479]] [32 [480 481 482 483 484 485 486 487 488 489 490 491 492 493 494]] [33 [495 496 497 498 499 500 501 502 503 504 505 506 507 508 509]] [34 [510 511 512 513 514 515 516 517 518 519 520 521 522 523 524]] [35 [525 526 527 528 529 530 531 532 533 534 535 536 537 538 539]] [36 [540 541 542 543 544 545 546 547 548 549 550 551 552 553 554]] [37 [555 556 557 558 559 560 561 562 563 564 565 566 567 568 569]] [38 [570 571 572 574 575 576 577 578 579 580 581 582 583 584]] [39 [585 587 592 593 594 596 599]] [40 [600 602 603 604 605 606 607 608 612 613 614]] [41 [615 616 617 618 619 620 621 622 623 624 625 626 627 628 629]] [42 [630 631 632 633 634 635 636 637 638 639 640 641 642 643 644]] [43 [645 646 647 648 649 650 651 652 653 654 655 656 658 659]] [44 [660 661 662 664 665 667 668 670 671 672 673 674]] [45 [675 676 677 678 679 680 681 682 683 684 685 686 687 688 689]] [46 [690 691 693 694 695 696 697 698 699 700 701 702 703 704]] [47 [705 706 707 708 709 710 711 712 713 714 715 716 717 718 719]] [48 [720 722 723 724 725 726 728 730 734]] [49 [735 736 737 738 739 740 741 742 743 744 745 746 747 748 749]] [50 [750 751 752 753 754 755 756 757 758 759 760 762 764]] [51 [765 767 768 769 770 771 772 773 774 775 776]] [52 [780 781 782 783 784 785 786 787 788 789 790 791 792 793 794]] [53 [795 796 798 799 803 804 806 807 808 809]] [54 [810 811 813 814 815 816 817 818 819 820 821 822 823 824]] [55 [828 829 830 831 832 833 834 835 836 837 838 839]] [56 [840 841 842 843 844 845 846 847 848 850 852 854]] [57 [855 857 858 859 863 865 866 867 869]] [58 [870 871 872 873 874 875 876 877 878 879 880 881 882 883 884]] [59 [885 886 888 889 890 891 892 893 894 895 896 899]] [60 [900 902 903 905 906 907 908 909 910 911 912 913 914]] [61 [915 916 917 918 919 920 921 922 923 924 925 926 927 928 929]] [62 [930 931 932 935 936 937 938 939 940 941 942]] [63 [945 946 947 948 951 952 954 955 956 957 959]] [64 [960 962 963 964 965 969 970 972 973]] [65 [977 978 979 980 981 982 983 984 985 986 987 988 989]] [66 [990 991 992 993 994 995 996 997 998 999 1000 1001 1002 1003 1004]] [67 [1005 1006 1007 1008 1009 1010 1011 1012 1013 1014 1015 1016 1017 1018 1019]] [68 [1020 1021 1022 1023 1024 1025 1026 1027 1028 1030 1031 1033 1034]] [69 [1035 1038 1041 1044 1045 1047]] [70 [1050 1051 1052 1053 1054 1055 1056 1057 1058 1059 1060 1061 1062 1063 1064]] [71 [1065 1066 1067 1068 1069 1070 1071 1072 1073 1074 1075 1076 1077 1078 1079]] [72 [1080 1081 1082 1083 1084 1085 1086 1087 1088 1089 1090 1091 1092 1093 1094]] [73 [1095 1097 1099 1100 1101 1102 1104 1106]] [74 [1110 1111 1112 1113 1114 1115 1116 1117 1118 1119 1120 1121 1122 1123 1124]] [75 [1125 1126 1127 1128 1129 1130 1131 1132 1133 1134 1136 1137 1138 1139]] [76 [1140 1141 1142 1143 1144 1145 1147 1148 1150 1151 1152 1153]] [77 [1155 1156 1157 1158 1159 1160 1161 1162 1163 1164 1165 1166 1167 1168 1169]] [78 [1170 1171 1172 1173 1174 1175 1176 1177 1178 1179 1180 1181 1182 1183 1184]] [79 [1185 1186 1187 1188 1189 1190 1191 1192 1193 1194 1195 1196 1197 1198 1199]] [80 [1200 1201 1202 1203 1204 1208 1209 1210 1212 1213 1214]] [81 [1215 1216 1217 1218 1219 1220 1221 1222 1223 1224 1225 1226 1227 1228 1229]] [82 [1231 1232 1233 1236 1237 1238 1242 1243 1244]] [83 [1245 1246 1247 1248 1249 1250 1251 1252 1253 1254 1256 1257 1258 1259]] [84 [1260 1261 1262 1263 1265 1267 1269 1270 1271]] [85 [1275 1276 1277 1279 1280 1281 1282 1283 1284 1286 1287]] [86 [1290 1291 1292 1293 1295 1296 1298 1299 1300 1301 1302 1303 1304]] [87 [1305 1306 1307 1308 1309 1310 1311 1312 1313 1314 1315 1316 1317 1318 1319]] [88 [1320 1321 1322 1323 1324 1325 1326 1327 1328 1329 1330 1331 1332 1333 1334]] [89 [1335 1336 1337 1338 1339 1340 1341 1342 1343 1344 1345 1346 1347 1348 1349]] [90 [1350 1351 1352 1353 1354 1355 1356 1357 1358 1359 1360 1361 1362 1363 1364]] [91 [1365 1366 1367 1368 1369 1370 1371 1372 1373 1374 1375 1376 1377 1378 1379]] [92 [1380 1381 1382 1383 1384 1385 1386 1387 1388 1389 1390 1391 1392 1393 1394]] [93 [1395 1396 1397 1398 1400 1401 1402 1403 1404 1405 1408 1409]] [94 [1410 1411 1412 1414 1415 1416 1417 1418 1419 1420 1421 1422 1423 1424]] [95 [1425 1426 1427 1428 1429 1430 1431 1432 1433 1434 1435 1436 1437 1438 1439]] [96 [1440 1443 1444 1445 1446 1448 1449 1450 1454]] [97 [1455 1456 1457 1458 1459 1460 1461 1462 1463 1464 1465 1466 1467 1468 1469]] [98 [1470 1471 1472 1473 1474 1475 1476 1479 1480 1481 1482 1483 1484]] [99 [1485 1488 1489 1491 1495 1496 1497]]]","[[0 [0 3 4 5 9 14]] [1 [15 18 20 22 26 29]] [2 [34 35 37 39 41 42 43 44]] [3 [49 51 52 53 58]] [4 [60 66 67 68 70 72 74]] [5 [76 77 78 81 83 87 88 89]] [6 [90 92 94 95 98 101 102 103]] [7 [106 108 109 110 111 112 115]] [8 [120 122 123 124 126 127 128 130 131 133 134]] [9 [136 138 141 142 144 147 149]] [10 [150 151 152 153 154 155 159 160]] [11 [166 172 173 179]] [12 [180 184 186 187 189 190 191 193]] [13 [195 197 200 205 209]] [14 [210 211 212 213 214 215 219 220 222]] [15 [226 228 229 230 237]] [16 [242 246 247 250 251 252 253 254]] [17 [255 256 257 269]] [18 [270 273 274 276 277 278 280 281 283]] [19 [285 286 288 289 290 291 292 295]] [20 [301 302 304 307 308 309 310 311 312 314]] [21 [315 316 317 318 321 325 326 329]] [22 [330 332 334 336 337 338 339 342]] [23 [347 349 350 354 355]] [24 [360 362 363 372]] [25 [378 380 382 385 386 387 388]] [26 [390 391 393 398 401 402]] [27 [405 407 409 412 414 415 417 418]] [28 [420 421 422 424 425 427 432 434]] [29 [435 437 439 440 441 442 443 444 445 447 448]] [30 [450 451 453 458 459 460 461 463 464]] [31 [466 467 468 470 472 474 479]] [32 [481 482 486 487 490 493]] [33 [497 499 502 503 504 508 509]] [34 [510 511 512 515 519 522]] [35 [525 527 528 529 531 532 533 534 538]] [36 [540 541 546 547 548 552 553]] [37 [555 556 557 559 562 566 567 569]] [38 [570 571 572 574 576 577 578 579 580 581 582]] [39 [585 587 592 596 599]] [40 [600 602 603 613 614]] [41 [615 618 619 628 629]] [42 [633 635 637 638 642 643 644]] [43 [645 646 648 651 652 653 655 656 659]] [44 [660 661 662 664 667 668 671 673]] [45 [675 677 678 681 683 684 685 686 689]] [46 [690 691 694 701 704]] [47 [705 708 710 711 712 713 714 716 717]] [48 [720 722 723 724 725 726 728 730 734]] [49 [737 738 739 740 742 744 747]] [50 [751 752 753 754 756 758 759 760 762 764]] [51 [765 767 769 773 776]] [52 [780 783 786 789]] [53 [798 799 806 807]] [54 [811 817 819 820 821 823]] [55 [828 829 830 831 833 834 835 838 839]] [56 [842 844 845 847 848 850 852 854]] [57 [855 857 858 859 863 865 866 867 869]] [58 [873 875 881 882 884]] [59 [885 886 888 891 892 894 895 896 899]] [60 [900 907 908 909 911 913 914]] [61 [916 918 919 921 922 923 924 926 929]] [62 [930 931 932 935 937 938 940 941 942]] [63 [945 946 948 951 952 956 957 959]] [64 [960 962 963 964 965 970 972 973]] [65 [977 979 980]] [66 [991 994 995 1001 1003 1004]] [67 [1008 1009 1010 1013 1015 1017 1018]] [68 [1021 1023 1025 1028 1031]] [69 [1035 1038 1041 1045 1047]] [70 [1051 1053 1054 1057 1060 1064]] [71 [1066 1067 1068 1070 1073 1075 1077 1078]] [72 [1080 1083 1085 1087 1090 1091 1092 1093]] [73 [1095 1097 1099 1100 1101 1104 1106]] [74 [1111 1113 1114 1115 1117 1122]] [75 [1125 1127 1131 1132 1133 1134 1136 1138]] [76 [1141 1147 1148 1150 1153]] [77 [1155 1157 1161 1163 1164]] [78 [1170 1171 1175 1176 1177 1178 1180 1183]] [79 [1185 1186 1194 1195 1197 1199]] [80 [1200 1201 1202 1203 1208 1209 1210 1212 1214]] [81 [1217 1219 1221 1222 1223 1224 1225 1227 1228 1229]] [82 [1231 1232 1233 1236 1237 1238 1242 1243]] [83 [1245 1247 1249 1250 1251 1252 1254 1256 1257 1258 1259]] [84 [1260 1261 1262 1265 1267 1269 1270 1271]] [85 [1275 1276 1277 1279 1280 1281 1282 1283 1287]] [86 [1290 1291 1292 1293 1295 1296 1299 1301 1302 1304]] [87 [1306 1309 1310 1311 1312 1313 1315 1316 1318]] [88 [1325 1327 1329 1330 1331 1332 1333 1334]] [89 [1336 1337 1338 1339 1340 1344 1346 1347]] [90 [1350 1352 1355 1356 1358 1359 1361]] [91 [1367 1370 1371 1372 1373 1377]] [92 [1380 1381 1382 1383 1384 1385 1386 1387 1390 1394]] [93 [1395 1396 1398 1405 1408]] [94 [1410 1411 1414 1415 1417 1418 1421 1422 1423]] [95 [1426 1428 1430 1431 1439]] [96 [1440 1443 1448 1454]] [97 [1455 1456 1460 1461 1463 1464 1467 1468]] [98 [1470 1473 1474 1475 1476 1479 1484]] [99 [1485 1488 1489 1491 1495 1497]]]",,"[[{media 50} [[""A"" [4 4 4 4 4 4 4 4 4 4]]]] [{media 53} [[""A"" [6 6 6 6 6 6 6 6 6 6]]]] [{media 54} [[""A"" [2 2 2 2 2 2 2 2 2 2]]]] [{media 55} [[""A"" [1 1 1 1 1 1 1 1 1 1]]]] [{media 58} [[""A"" [5 5 5 5 5 5 5 5 5 5]]]] [{media 60} [[""A"" [1 1 1 1 1 1 1 1 1 1]]]] [{media 62} [[""A"" [3 3 3 3 3 3 3 3 3 3]]]] [{media 63} [[""A"" [1 1 1 1 1 1 1 1 1 1]]]] [{media 64} [[""A"" [4 4 4 4 4 4 4 4 4 4]]]] [{citizen 0} [[""A"" [2 1 2 3 2 2 1 0 1 2]]]] [{citizen 4} [[""A"" [2 2 1 1 1 4 4 2 1 6]]]] [{citizen 9} [[""A"" [1 3 2 2 1 1 1 2 4 5]]]] [{citizen 7} [[""A"" [0 1 2 2 1 1 3 4 6 4]]]] [{citizen 12} [[""A"" [1 1 3 5 3 2 1 1 1 6]]]] [{media 61} [[""A"" [6 6 6 6 6 6 6 6 6 6]]]] [{media 56} [[""A"" [5 5 5 5 5 5 5 5 5 5]]]] [{citizen 26} [[""A"" [3 2 2 1 2 4 4 2 0 4]]]] [{citizen 41} [[""A"" [2 2 4 4 2 1 2 4 6 5]]]] [{citizen 22} [[""A"" [4 1 2 2 2 4 5 4 2 2]]]] [{citizen 21} [[""A"" [6 2 2 1 3 2 1 1 2 2]]]] [{citizen 17} [[""A"" [2 2 4 4 2 2 4 2 4 5]]]] [{citizen 33} [[""A"" [1 1 5 2 2 1 2 4 2 2]]]] [{citizen 25} [[""A"" [1 3 2 2 1 0 1 3 5 5]]]] [{citizen 44} [[""A"" [3 2 1 1 1 1 2 6 5 4]]]] [{citizen 40} [[""A"" [2 3 2 2 1 0 1 2 3 2]]]] [{citizen 11} [[""A"" [2 4 1 2 2 3 2 1 4 5]]]] [{citizen 37} [[""A"" [2 1 2 2 1 0 1 0 1 5]]]] [{citizen 8} [[""A"" [1 3 2 1 0 0 1 1 2 1]]]] [{citizen 28} [[""A"" [4 2 1 1 2 4 2 1 2 4]]]] [{citizen 6} [[""A"" [2 3 2 1 1 0 0 1 2 2]]]] [{citizen 36} [[""A"" [2 2 1 1 4 2 1 2 4 5]]]] [{citizen 46} [[""A"" [2 1 1 2 4 4 2 2 1 4]]]] [{citizen 38} [[""A"" [2 4 2 3 1 1 3 4 5 6]]]] [{citizen 24} [[""A"" [2 2 2 1 3 2 1 0 1 3]]]] [{citizen 13} [[""A"" [2 2 1 1 2 4 4 2 2 0]]]] [{citizen 31} [[""A"" [5 2 2 1 4 2 1 1 0 5]]]] [{citizen 5} [[""A"" [2 3 2 1 1 2 0 2 4 4]]]] [{citizen 15} [[""A"" [1 1 4 2 1 2 1 0 4 1]]]] [{citizen 45} [[""A"" [1 2 2 2 1 4 5 1 2 2]]]] [{citizen 39} [[""A"" [2 1 1 1 2 2 2 5 4 5]]]] [{citizen 19} [[""A"" [4 5 2 1 3 4 2 4 4 5]]]] [{citizen 42} [[""A"" [4 2 3 2 1 2 2 4 4 5]]]] [{citizen 1} [[""A"" [1 4 2 1 2 2 3 1 4 5]]]] [{citizen 30} [[""A"" [3 2 1 4 4 2 1 4 3 5]]]] [{citizen 18} [[""A"" [3 2 1 1 2 4 5 1 1 1]]]] [{citizen 49} [[""A"" [2 1 2 3 2 1 1 1 2 2]]]] [{citizen 29} [[""A"" [0 4 1 3 2 1 1 3 5 5]]]] [{citizen 10} [[""A"" [1 3 2 1 0 1 0 1 2 1]]]] [{media 59} [[""A"" [2 2 2 2 2 2 2 2 2 2]]]] [{citizen 47} [[""A"" [2 3 2 1 0 1 0 1 5 5]]]] [{citizen 35} [[""A"" [0 2 1 2 3 6 2 2 4 4]]]] [{citizen 2} [[""A"" [2 1 1 4 2 1 2 4 4 5]]]] [{citizen 3} [[""A"" [2 5 4 6 2 2 1 1 4 2]]]] [{citizen 32} [[""A"" [4 5 2 1 1 2 3 4 4 5]]]] [{citizen 34} [[""A"" [4 5 2 1 3 2 0 4 3 5]]]] [{citizen 16} [[""A"" [1 2 2 1 0 1 1 3 2 2]]]] [{media 51} [[""A"" [2 2 2 2 2 2 2 2 2 2]]]] [{citizen 43} [[""A"" [2 2 1 1 1 2 4 6 5 5]]]] [{citizen 20} [[""A"" [2 3 2 1 1 4 2 1 6 5]]]] [{citizen 48} [[""A"" [2 1 4 4 2 1 1 0 4 5]]]] [{citizen 14} [[""A"" [2 1 0 1 0 1 3 2 2 2]]]] [{media 52} [[""A"" [0 0 0 0 0 0 0 0 0 0]]]] [{media 57} [[""A"" [2 2 2 2 2 2 2 2 2 2]]]] [{citizen 27} [[""A"" [5 5 2 4 4 0 1 2 2 1]]]]]"
"24","[213 0 42]","112.5","8.442827883162316","-3.712755273455235","""circle""","""""","9.9","{breed citizens}","false","0.5","1","""up""",,"[[""ID"" 29] [""alpha"" 1] [""beta"" 1] [""malleable"" [""A""]] [""prior"" []] [""cont_tokens"" []] [""A"" 1]]","[[0 [0 1 2 3 5 6 7 8 9 10 11 12 13 14]] [1 [15 16 17 18 19 20 21 22 23 24 25 26 27 28 29]] [2 [30 31 32 33 34 35 36 37 38 39 40 41 42 43 44]] [3 [45 46 47 48 49 50 51 52 53 54 55 56 57 58 59]] [4 [60 61 62 63 64 65 66 67 68 69 70 71 72 73 74]] [5 [75 76 77 78 81 83 87 88 89]] [6 [90 91 92 93 94 95 96 97 98 101 102 103]] [7 [105 106 107 108 109 110 111 112 114 115 116 117 119]] [8 [120 121 122 123 124 125 126 127 128 129 130 131 132 133 134]] [9 [135 136 137 138 139 140 141 142 143 144 145 146 147 148 149]] [10 [150 151 152 153 154 155 156 157 158 159 160 161 163]] [11 [165 166 167 168 169 170 171 172 173 174 175 176 177 178 179]] [12 [181 182 183 185 186 187 188 189 190 191 192 193 194]] [13 [195 196 197 198 199 200 201 202 203 204 205 206 207 208 209]] [14 [210 211 212 213 214 215 216 217 218 219 220 221 222 224]] [15 [225 226 227 228 229 230 231 232 233 234 235 236 237 238 239]] [16 [240 241 242 243 244 245 246 247 248 249 250 251 252 253 254]] [17 [255 256 257 258 259 260 261 262 263 264 265 266 267 268 269]] [18 [270 271 272 273 274 275 276 277 278 279 280 281 282 283 284]] [19 [285 286 288 289 290 291 292 295 297 298 299]] [20 [300 301 302 303 304 305 306 307 308 309 310 311 312 313 314]] [21 [315 316 317 318 319 320 321 322 323 324 325 326 328 329]] [22 [330 331 332 333 334 335 336 337 338 339 340 341 342 343 344]] [23 [345 346 347 348 349 350 351 352 354 355 357]] [24 [360 361 362 363 364 365 366 367 368 369 370 371 372 373 374]] [25 [375 376 377 378 379 380 381 382 383 384 385 386 387 388 389]] [26 [390 391 392 393 394 395 396 397 398 400 401 402 403 404]] [27 [405 406 407 408 409 411 412 413 414 415 416 417 418 419]] [28 [420 421 422 423 424 425 426 427 428 429 430 432 433 434]] [29 [435 436 437 438 439 440 441 442 443 444 445 446 447 448 449]] [30 [450 451 452 453 454 455 456 457 458 459 460 461 462 463 464]] [31 [465 466 467 468 469 470 471 472 474 475 476 477 478 479]] [32 [480 483 484 485 488 489 491 492 493 494]] [33 [495 496 497 498 499 500 501 502 503 504 505 506 507 508 509]] [34 [510 511 512 513 514 515 516 517 518 519 520 521 522 523 524]] [35 [525 526 527 528 529 531 532 533 534 538 539]] [36 [540 541 543 545 546 547 548 549 550 551 552 553 554]] [37 [556 557 558 559 560 561 562 563 564 565 566 567 568 569]] [38 [570 571 572 574 575 576 577 578 579 580 581 582 583 584]] [39 [585 586 587 588 589 590 591 592 593 594 595 596 597 598 599]] [40 [600 601 602 603 604 605 606 607 608 609 610 611 612 613 614]] [41 [615 616 617 618 619 620 621 622 623 624 625 626 627 628 629]] [42 [630 631 632 633 634 635 636 637 638 639 640 641 642 643 644]] [43 [645 646 647 648 650 651 652 653 654 655 656 658 659]] [44 [660 661 662 664 665 667 668 670 671 672 673 674]] [45 [675 676 677 678 679 680 681 682 683 684 685 686 687 688 689]] [46 [690 691 693 694 695 696 697 698 699 700 701 702 703 704]] [47 [705 708 709 710 711 712 713 715 716 718 719]] [48 [721 727 729 731 732 733]] [49 [735 736 741 743 746 748 749]] [50 [750 751 752 753 754 755 756 757 758 759 760 762 764]] [51 [765 767 768 769 770 771 772 773 774 775 776 777 779]] [52 [780 781 782 783 785 786 787 788 789 790 791 792 793 794]] [53 [795 796 797 798 799 800 801 802 803 804 805 806 807 808 809]] [54 [810 811 812 813 814 815 816 817 818 819 820 821 822 823 824]] [55 [825 826 827 830 831 834 835 838 839]] [56 [840 841 842 843 844 845 846 847 848 849 850 851 852 853 854]] [57 [855 856 857 858 859 860 861 862 863 864 865 866 867 868 869]] [58 [870 871 872 873 874 875 876 877 878 879 880 881 882 883 884]] [59 [885 886 888 889 890 891 892 893 894 895 896 899]] [60 [900 901 902 903 904 905 906 907 908 909 910 911 912 913 914]] [61 [916 917 918 919 921 922 923 924 926 928 929]] [62 [930 931 932 935 936 937 938 939 940 941 942]] [63 [945 946 947 948 951 952 954 955 956 957 959]] [64 [960 962 963 964 965 969 970 972 973]] [65 [977 978 979 980 981 982 983 984 985 986 987 988 989]] [66 [990 991 992 993 994 995 996 997 998 999 1000 1001 1002 1003 1004]] [67 [1005 1006 1007 1008 1009 1010 1011 1012 1013 1014 1015 1016 1017 1018 1019]] [68 [1020 1021 1022 1023 1024 1025 1026 1027 1028 1029 1030 1031 1032 1033 1034]] [69 [1035 1036 1037 1038 1039 1040 1041 1042 1043 1044 1045 1046 1047 1048 1049]] [70 [1050 1051 1052 1053 1054 1055 1056 1057 1060 1062 1063 1064]] [71 [1065 1066 1067 1068 1070 1073 1074 1075 1076 1077 1078 1079]] [72 [1080 1081 1082 1083 1084 1085 1086 1087 1088 1089 1090 1091 1092 1093 1094]] [73 [1096 1098 1103 1105 1107 1108 1109]] [74 [1110 1111 1112 1113 1114 1115 1116 1117 1119 1120 1121 1122 1123 1124]] [75 [1125 1126 1127 1128 1129 1130 1131 1132 1133 1134 1135 1136 1137 1138 1139]] [76 [1141 1142 1143 1144 1145 1147 1148 1150 1151 1152 1153]] [77 [1155 1157 1158 1159 1160 1161 1162 1163 1164 1165 1166 1167 1168 1169]] [78 [1170 1171 1172 1173 1174 1175 1176 1177 1178 1179 1180 1181 1182 1183 1184]] [79 [1185 1186 1187 1188 1189 1190 1191 1192 1193 1194 1195 1196 1197 1198 1199]] [80 [1200 1201 1202 1203 1204 1208 1209 1210 1211 1212 1213 1214]] [81 [1215 1216 1217 1218 1219 1220 1221 1222 1223 1224 1225 1226 1227 1228 1229]] [82 [1230 1231 1232 1233 1235 1236 1237 1238 1239 1240 1241 1242 1243 1244]] [83 [1245 1246 1247 1248 1249 1250 1251 1252 1253 1254 1256 1257 1258 1259]] [84 [1260 1261 1262 1263 1265 1267 1269 1270 1271]] [85 [1275 1276 1277 1279 1280 1281 1282 1283 1284 1286 1287]] [86 [1290 1291 1292 1293 1295 1296 1298 1299 1300 1301 1302 1303 1304]] [87 [1305 1306 1307 1308 1309 1310 1311 1312 1313 1314 1315 1316 1317 1318 1319]] [88 [1320 1321 1322 1323 1324 1325 1326 1327 1328 1329 1330 1331 1332 1333 1334]] [89 [1335 1336 1337 1338 1339 1340 1341 1342 1343 1344 1345 1346 1347 1348 1349]] [90 [1350 1351 1352 1353 1354 1355 1356 1357 1358 1359 1360 1361 1362 1363 1364]] [91 [1365 1366 1367 1368 1369 1370 1371 1372 1373 1374 1375 1376 1377 1378 1379]] [92 [1380 1381 1382 1383 1384 1385 1386 1387 1388 1389 1390 1391 1392 1393 1394]] [93 [1395 1396 1397 1398 1399 1400 1401 1402 1403 1404 1405 1406 1407 1408 1409]] [94 [1410 1411 1412 1414 1415 1416 1417 1418 1419 1420 1421 1422 1423 1424]] [95 [1425 1426 1427 1428 1429 1430 1431 1432 1433 1434 1435 1436 1437 1438 1439]] [96 [1440 1441 1442 1443 1445 1446 1447 1448 1449 1450 1451 1452 1453 1454]] [97 [1455 1456 1457 1458 1459 1460 1461 1462 1463 1464 1465 1466 1467 1468 1469]] [98 [1470 1471 1472 1473 1474 1475 1476 1479 1480 1481 1482 1483 1484]] [99 [1485 1486 1487 1488 1489 1490 1491 1492 1493 1494 1495 1496 1497 1498 1499]]]","[[0 [2 3 5 9 14]] [1 [15 17 19 21 23 24 27 28 29]] [2 [30 31 32 33 34 38 40 42 43]] [3 [46 47 50 52 53 58]] [4 [60 67 68 70 72 74]] [5 [76 77 78 81 83 88 89]] [6 [90 92 94 95 98 101 103]] [7 [106 109 110 111 112 116 117 119]] [8 [121 125 126 127 128 130]] [9 [135 136 138 141 142 144 147 149]] [10 [150 151 152 153 154 155 159 160]] [11 [167 169 170 171 174 175 176]] [12 [181 182 183 185 189 190 191 193]] [13 [195 197 200 201 207]] [14 [213 214 215 216 218 221 224]] [15 [225 227 231 232 234 236 237 239]] [16 [240 241 243 244 245 248 249 250]] [17 [258 259 260 261 262 263 264 267 268 269]] [18 [270 273 274 276 278 280 281 282 283]] [19 [285 290 291 292 295 297 298]] [20 [300 301 302 303 309 310 311 312 314]] [21 [315 322 323 324 328]] [22 [331 333 334 336 337 338 339 342]] [23 [347 349 350 354 355]] [24 [360 362 363 372]] [25 [378 380 382 385 388]] [26 [390 391 393 398 402]] [27 [405 407 408 409 412 416 419]] [28 [422 424 425 427 432 434]] [29 [435 437 439 440 441 442 445 447 448]] [30 [450 452 454 455 456 457 462]] [31 [465 469 471 472 475 476 477 478]] [32 [480 485 488 489 491 492 494]] [33 [495 497 499 503 504 505 506 507]] [34 [513 514 515 519 522]] [35 [525 526 538 539]] [36 [540 543 545 549 550 551 552 554]] [37 [557 559 562 566 567 568 569]] [38 [571 572 574 576 577 583 584]] [39 [586 588 589 590 591 593 594 596 599]] [40 [604 605 606 608 612 613 614]] [41 [615 618 619 622 624 625 626 627 628 629]] [42 [633 635 636 637 638 642 643 644]] [43 [645 646 648 651 652 653 655 658 659]] [44 [660 661 662 664 665 667 668 671 673]] [45 [675 677 678 681 683 684 685 686 689]] [46 [690 691 694 703 704]] [47 [705 708 710 715 718 719]] [48 [721 727 729 731 732 733]] [49 [735 741 743 746 748 749]] [50 [750 755 757 758 759 760 762 764]] [51 [765 768 770 771 772 774 775 776]] [52 [780 782 783 785 787 788 790 791 793 794]] [53 [797 800 801 802 804 808 809]] [54 [810 813 814 815 822 824]] [55 [825 826 827 830 831 834 835 838 839]] [56 [842 844 845 847 848 850 851]] [57 [855 857 858 859 863 865 866 867 869]] [58 [872 874 875 881 882 884]] [59 [885 886 888 889 891 892 895 896 899]] [60 [900 907 908 909 911 913 914]] [61 [916 917 919 921 922 923 924 926 929]] [62 [930 931 932 936 938 940 942]] [63 [945 946 947 948 951 952 956 957 959]] [64 [960 962 963 964 965 969 970 972 973]] [65 [977 979 980]] [66 [991 994 995 1001 1003 1004]] [67 [1011 1014 1015 1017 1018]] [68 [1021 1023 1025 1028 1031]] [69 [1035 1038 1041 1043 1045]] [70 [1050 1052 1055 1056 1062 1063]] [71 [1065 1066 1067 1068 1070 1073 1074 1076 1079]] [72 [1082 1084 1094]] [73 [1096 1098 1103 1105 1108 1109]] [74 [1110 1112 1116 1119 1121 1122 1123 1124]] [75 [1126 1128 1129 1130 1131 1132 1133 1134 1136 1138]] [76 [1141 1142 1147 1148 1150 1153]] [77 [1155 1157 1158 1159 1160 1165 1166 1167 1168 1169]] [78 [1170 1171 1179 1181 1182 1184]] [79 [1187 1190 1193 1194 1195 1197 1199]] [80 [1200 1201 1202 1203 1208 1210 1212 1214]] [81 [1217 1219 1221 1222 1225 1226 1227 1228 1229]] [82 [1231 1232 1233 1236 1237 1238 1242 1243]] [83 [1248 1249 1250 1251 1252 1254 1256 1257 1258 1259]] [84 [1260 1261 1262 1265 1267 1269 1270 1271]] [85 [1275 1276 1277 1279 1280 1281 1282 1283 1287]] [86 [1290 1291 1292 1293 1295 1296 1299 1301 1302 1304]] [87 [1306 1309 1310 1311 1313 1315 1318 1319]] [88 [1320 1321 1322 1324 1326 1328]] [89 [1335 1338 1339 1342 1344 1346 1347]] [90 [1350 1352 1353 1357 1360 1362 1363 1364]] [91 [1365 1366 1368 1369 1370 1371 1372 1377]] [92 [1380 1381 1383 1384 1388 1389 1390 1394]] [93 [1395 1396 1398 1409]] [94 [1412 1416 1419 1420 1423]] [95 [1427 1428 1432 1433 1434 1435 1436 1437]] [96 [1442 1443 1447 1448 1452 1453]] [97 [1457 1458 1459 1460 1461 1463 1464 1467 1468]] [98 [1470 1471 1472 1475 1476 1479 1484]] [99 [1485 1488 1489 1490 1491 1493 1494 1497 1498 1499]]]",,"[[{citizen 34} [[""A"" [5 3 1 3 2 0 0 4 3 5]]]] [{citizen 38} [[""A"" [1 2 3 2 1 2 1 2 5 6]]]] [{media 50} [[""A"" [4 4 4 4 4 4 4 4 4 4]]]] [{media 53} [[""A"" [6 6 6 6 6 6 6 6 6 6]]]] [{media 54} [[""A"" [2 2 2 2 2 2 2 2 2 2]]]] [{media 55} [[""A"" [1 1 1 1 1 1 1 1 1 1]]]] [{media 56} [[""A"" [5 5 5 5 5 5 5 5 5 5]]]] [{media 57} [[""A"" [2 2 2 2 2 2 2 2 2 2]]]] [{media 58} [[""A"" [5 5 5 5 5 5 5 5 5 5]]]] [{media 60} [[""A"" [1 1 1 1 1 1 1 1 1 1]]]] [{media 62} [[""A"" [3 3 3 3 3 3 3 3 3 3]]]] [{media 63} [[""A"" [1 1 1 1 1 1 1 1 1 1]]]] [{media 64} [[""A"" [4 4 4 4 4 4 4 4 4 4]]]] [{citizen 5} [[""A"" [2 3 1 1 2 4 2 0 2 2]]]] [{citizen 8} [[""A"" [1 2 1 1 2 2 1 3 2 1]]]] [{citizen 12} [[""A"" [3 4 1 2 4 6 0 1 3 1]]]] [{citizen 0} [[""A"" [2 2 0 1 2 0 2 2 3 1]]]] [{citizen 3} [[""A"" [1 2 3 4 4 4 5 4 3 1]]]] [{citizen 7} [[""A"" [1 1 1 2 3 4 4 4 6 4]]]] [{citizen 4} [[""A"" [1 1 1 3 4 4 1 2 4 6]]]] [{media 59} [[""A"" [2 2 2 2 2 2 2 2 2 2]]]] [{media 52} [[""A"" [0 0 0 0 0 0 0 0 0 0]]]] [{media 51} [[""A"" [2 2 2 2 2 2 2 2 2 2]]]] [{citizen 14} [[""A"" [0 1 0 1 3 2 2 1 1 1]]]] [{citizen 26} [[""A"" [1 2 3 4 4 1 1 2 4 6]]]] [{citizen 41} [[""A"" [1 3 4 4 1 2 4 6 6 5]]]] [{citizen 22} [[""A"" [6 6 5 4 2 2 1 1 3 4]]]] [{citizen 21} [[""A"" [2 1 1 0 2 2 2 1 3 2]]]] [{citizen 17} [[""A"" [1 1 2 3 4 4 4 2 1 1]]]] [{citizen 33} [[""A"" [1 2 3 4 2 0 2 2 1 1]]]] [{citizen 25} [[""A"" [1 0 1 5 5 2 2 1 3 1]]]] [{citizen 9} [[""A"" [1 1 2 4 4 5 1 2 2 1]]]] [{citizen 44} [[""A"" [1 3 1 1 2 4 6 5 5 4]]]] [{citizen 40} [[""A"" [5 4 3 2 4 4 2 2 1 1]]]] [{citizen 11} [[""A"" [4 4 1 2 3 1 1 4 5 4]]]] [{citizen 37} [[""A"" [2 1 2 0 1 0 1 5 5 4]]]] [{citizen 28} [[""A"" [1 3 2 2 2 4 6 5 5 4]]]] [{citizen 6} [[""A"" [2 1 1 0 2 2 1 3 2 1]]]] [{citizen 36} [[""A"" [4 4 1 2 4 4 5 2 2 1]]]] [{citizen 46} [[""A"" [2 3 4 4 2 3 2 1 4 1]]]] [{citizen 16} [[""A"" [1 0 1 1 2 1 0 2 2 3]]]] [{citizen 13} [[""A"" [0 2 6 5 1 2 2 1 4 6]]]] [{citizen 45} [[""A"" [5 5 0 1 1 2 2 1 1 1]]]] [{citizen 39} [[""A"" [1 1 2 4 4 4 1 0 2 1]]]] [{citizen 19} [[""A"" [3 2 2 2 4 6 5 4 5 6]]]] [{citizen 42} [[""A"" [4 2 3 1 2 3 2 4 5 1]]]] [{citizen 35} [[""A"" [2 6 6 6 2 1 1 2 4 4]]]] [{citizen 18} [[""A"" [2 1 1 4 1 1 1 2 1 1]]]] [{citizen 48} [[""A"" [1 3 4 4 2 1 1 2 4 5]]]] [{citizen 20} [[""A"" [2 3 4 4 2 1 2 4 6 5]]]] [{citizen 43} [[""A"" [1 1 2 3 4 4 4 6 5 5]]]] [{citizen 32} [[""A"" [1 1 1 2 3 4 4 4 5 3]]]] [{citizen 23} [[""A"" [2 3 4 4 6 0 1 4 5 5]]]] [{citizen 10} [[""A"" [1 3 2 0 0 1 1 1 2 1]]]] [{citizen 1} [[""A"" [4 1 2 4 3 1 4 5 6 5]]]] [{media 61} [[""A"" [6 6 6 6 6 6 6 6 6 6]]]] [{citizen 30} [[""A"" [2 3 4 4 4 1 2 4 3 5]]]] [{citizen 2} [[""A"" [3 4 4 1 1 3 2 2 6 5]]]] [{citizen 49} [[""A"" [1 1 0 2 2 0 2 1 3 1]]]] [{citizen 29} [[""A"" [3 1 1 3 2 1 1 4 5 5]]]] [{citizen 15} [[""A"" [2 4 2 1 1 0 0 2 2 1]]]] [{citizen 47} [[""A"" [2 2 2 0 0 1 1 5 5 6]]]] [{citizen 31} [[""A"" [4 1 2 1 1 3 6 4 5 5]]]] [{citizen 27} [[""A"" [4 4 0 1 2 2 2 1 1 2]]]]]"
"25","[213 0 42]","99.375","9.505937517040392","-1.7678856452891503","""circle""","""""","9.9","{breed citizens}","false","0.5","1","""up""",,"[[""ID"" 26] [""alpha"" 1] [""beta"" 1] [""malleable"" [""A""]] [""prior"" []] [""cont_tokens"" []] [""A"" 1]]","[[0 [0 2 3 4 5 6 7 8 9 10 11 12 13 14]] [1 [15 17 18 19 20 21 22 23 24 25 26 28 29]] [2 [30 31 32 33 34 35 36 37 38 39 40 41 42 43 44]] [3 [45 46 47 48 49 50 51 52 53 54 55 56 57 58]] [4 [60 66 67 68 70 71 72 73 74]] [5 [75 76 77 78 79 80 81 82 83 84 85 86 87 88 89]] [6 [90 91 92 93 94 95 96 97 98 99 100 101 102 103 104]] [7 [105 108 113 114 115 118]] [8 [120 121 122 123 124 125 126 127 128 129 130 131 132 133 134]] [9 [135 136 137 138 139 140 141 142 143 144 145 146 147 148 149]] [10 [150 151 152 153 154 155 156 157 158 159 160 161 163]] [11 [165 166 167 168 169 170 171 172 173 174 175 176 177 178 179]] [12 [181 182 183 185 186 187 188 189 190 191 192 193 194]] [13 [195 196 197 198 199 200 201 202 203 204 205 206 207 208 209]] [14 [213 214 215 217 219 220 222]] [15 [225 226 227 228 229 230 231 232 234 235 236 237 238 239]] [16 [240 241 242 243 244 245 246 247 248 249 250 251 252 253 254]] [17 [255 256 257 258 259 260 261 262 264 265 267 268 269]] [18 [270 271 272 273 274 275 276 277 278 279 280 281 282 283 284]] [19 [285 286 287 288 289 290 291 292 293 294 295 296 297 298 299]] [20 [300 301 302 303 304 305 306 307 308 309 310 311 312 313 314]] [21 [315 316 317 318 319 320 321 322 323 324 325 326 327 328 329]] [22 [331 332 333 334 335 336 337 338 339 340 341 342 343 344]] [23 [345 346 347 348 349 350 351 352 353 354 355 356 357 358 359]] [24 [360 361 362 363 364 365 366 367 368 369 370 371 372 373 374]] [25 [375 376 377 378 379 380 381 382 383 384 385 386 387 388 389]] [26 [390 391 393 398 401 402]] [27 [405 406 407 408 409 411 412 413 414 415 416 417 418 419]] [28 [420 421 422 424 425 426 427 428 429 430 431 432 433 434]] [29 [435 436 437 438 439 440 441 442 443 444 445 446 447 448 449]] [30 [450 451 452 453 454 455 456 457 458 459 460 461 462 463 464]] [31 [465 466 467 468 469 470 471 472 474 475 476 477 478 479]] [32 [480 481 482 483 484 485 488 489 491 492 493 494]] [33 [495 496 497 498 499 500 501 502 503 504 505 506 507 508 509]] [34 [510 511 512 513 514 515 516 517 518 519 520 521 522 523 524]] [35 [525 526 527 528 529 530 531 532 533 534 535 536 537 538 539]] [36 [540 541 542 543 544 545 546 547 548 549 550 551 552 553 554]] [37 [555 556 557 558 559 560 561 562 563 564 565 566 567 568 569]] [38 [570 571 572 574 575 576 577 578 579 580 581 582 583 584]] [39 [585 587 592 593 594 596 599]] [40 [600 604 605 606 608 612 613 614]] [41 [615 616 617 618 619 620 621 622 623 624 625 626 627 628 629]] [42 [630 631 632 634 635 637 639 640 641 642 643 644]] [43 [645 646 648 650 651 652 653 654 655 656 658 659]] [44 [660 661 662 664 665 667 668 670 671 672 673 674]] [45 [675 676 677 678 679 680 681 682 683 684 685 686 687 688 689]] [46 [690 691 693 694 695 696 697 698 699 700 701 702 703 704]] [47 [705 706 707 708 709 710 711 712 713 714 715 716 717 718 719]] [48 [720 721 722 723 724 725 726 727 728 729 730 731 732 733 734]] [49 [735 736 737 738 739 740 741 742 743 744 745 746 747 748 749]] [50 [750 751 752 753 754 755 756 757 758 759 760 762 764]] [51 [765 766 767 768 769 770 771 772 773 774 775 776 777 779]] [52 [780 782 783 785 786 787 788 789 790 791 792 793 794]] [53 [795 797 800 801 802 804 805 806 807 808 809]] [54 [810 811 812 813 814 815 816 817 818 819 820 821 822 823 824]] [55 [828 829 830 831 832 833 834 835 836 837 838 839]] [56 [840 841 842 843 844 845 846 847 848 849 850 851 852 853 854]] [57 [855 857 858 859 863 865 866 867 869]] [58 [870 871 872 873 874 875 876 877 878 879 880 881 882 883 884]] [59 [885 886 887 888 889 890 891 892 893 894 895 896 899]] [60 [900 901 902 903 904 905 906 907 908 909 910 911 912 913 914]] [61 [916 917 918 919 921 922 923 924 926 928 929]] [62 [930 931 932 935 936 937 938 939 940 941 942]] [63 [945 946 947 948 951 952 954 955 956 957 959]] [64 [960 962 963 964 965 969 970 972 973]] [65 [977 978 979 980 981 982 983 984 985 986 987 988 989]] [66 [990 991 992 993 994 995 996 997 998 999 1000 1001 1002 1003 1004]] [67 [1005 1006 1007 1008 1009 1010 1011 1012 1013 1014 1015 1017 1018 1019]] [68 [1020 1021 1022 1023 1024 1025 1026 1027 1028 1029 1030 1031 1032 1033 1034]] [69 [1035 1036 1037 1038 1039 1040 1041 1042 1043 1045 1046 1047 1048 1049]] [70 [1050 1051 1052 1053 1054 1055 1056 1057 1058 1059 1060 1061 1062 1063 1064]] [71 [1065 1066 1067 1068 1069 1070 1071 1072 1073 1074 1075 1076 1077 1078 1079]] [72 [1080 1081 1082 1083 1084 1085 1086 1087 1088 1089 1090 1091 1092 1093 1094]] [73 [1095 1097 1099 1100 1101 1102 1104 1106]] [74 [1110 1111 1112 1113 1114 1115 1116 1117 1118 1119 1120 1121 1122 1123 1124]] [75 [1125 1126 1127 1128 1129 1130 1131 1132 1133 1134 1135 1136 1137 1138 1139]] [76 [1140 1141 1142 1143 1144 1145 1147 1148 1150 1151 1152 1153]] [77 [1155 1156 1157 1158 1159 1160 1161 1162 1163 1164 1165 1166 1167 1168 1169]] [78 [1170 1171 1173 1174 1175 1176 1177 1178 1179 1180 1181 1182 1183 1184]] [79 [1185 1186 1188 1189 1190 1191 1192 1193 1194 1195 1196 1197 1198 1199]] [80 [1200 1201 1202 1203 1204 1208 1209 1210 1212 1213 1214]] [81 [1215 1216 1217 1218 1219 1220 1221 1222 1223 1224 1225 1226 1227 1228 1229]] [82 [1231 1232 1233 1236 1237 1238 1242 1243 1244]] [83 [1245 1246 1247 1248 1249 1250 1251 1252 1253 1254 1256 1257 1258 1259]] [84 [1260 1261 1262 1263 1265 1267 1269 1270 1271]] [85 [1275 1276 1277 1279 1280 1281 1282 1283 1284 1286 1287]] [86 [1290 1291 1292 1293 1295 1296 1298 1299 1300 1301 1302 1303 1304]] [87 [1305 1306 1307 1308 1309 1310 1311 1312 1313 1314 1315 1316 1317 1318 1319]] [88 [1320 1321 1322 1323 1324 1325 1326 1327 1328 1329 1330 1331 1332 1333 1334]] [89 [1335 1336 1337 1338 1339 1340 1341 1342 1343 1344 1345 1346 1347 1348 1349]] [90 [1350 1351 1352 1353 1354 1355 1356 1357 1358 1359 1360 1361 1362 1363 1364]] [91 [1365 1366 1367 1368 1369 1370 1371 1372 1373 1374 1375 1376 1377 1378 1379]] [92 [1380 1381 1382 1383 1384 1385 1386 1387 1388 1389 1390 1391 1392 1393 1394]] [93 [1395 1396 1397 1398 1399 1400 1401 1402 1403 1404 1405 1406 1407 1408 1409]] [94 [1410 1411 1412 1414 1415 1416 1417 1418 1419 1420 1421 1422 1423 1424]] [95 [1425 1426 1427 1428 1429 1430 1431 1432 1433 1434 1435 1436 1437 1438 1439]] [96 [1440 1441 1442 1443 1445 1446 1447 1448 1449 1450 1451 1452 1453 1454]] [97 [1455 1456 1457 1458 1459 1460 1461 1462 1463 1464 1465 1466 1467 1468 1469]] [98 [1470 1471 1472 1473 1474 1475 1476 1479 1480 1481 1482 1483 1484]] [99 [1485 1486 1487 1488 1489 1490 1491 1492 1493 1494 1495 1496 1497 1498 1499]]]","[[0 [2 3 4 5 9 14]] [1 [15 18 20 22 26 29]] [2 [32 33 34 35 37 39 41 42 43 44]] [3 [49 51 52 53 58]] [4 [60 67 68 73]] [5 [79 80 82 84 85 86]] [6 [91 96 97 99 100 104]] [7 [105 108 113 114 115]] [8 [120 122 123 124 126 127 128 130 131 132 134]] [9 [136 138 141 142 144 147 149]] [10 [150 151 152 153 154 155 156 158 159 160 163]] [11 [165 168 169 170 171 174 175 176]] [12 [181 182 183 185 192 194]] [13 [196 198 199 202 203 205 206 207]] [14 [213 214 215 217 219 220 222]] [15 [226 228 229 230 235 237]] [16 [242 246 247 251 252 253 254]] [17 [255 256 257 268]] [18 [270 273 274 276 277 278 280 281 282 283]] [19 [285 286 288 289 290 291 292 295]] [20 [301 302 304 306 307 308 311 312 314]] [21 [315 322 323 324 328]] [22 [331 333 334 336 337 338 339 342]] [23 [347 349 350 354 355]] [24 [360 362 363 365 367 368 369 370 373 374]] [25 [375 376 377 379 382 383 389]] [26 [390 391 393 398 402]] [27 [405 407 408 409 412 414 415 417 418]] [28 [420 421 422 424 425 427 431 432 434]] [29 [435 437 439 440 441 442 444 445 446 449]] [30 [452 454 455 456 457 462]] [31 [465 469 471 472 475 476 477 478]] [32 [480 483 484 485 488 489 491 492 494]] [33 [495 497 499 502 503 504 508 509]] [34 [510 511 512 515 519 524]] [35 [525 526 530 535 536 539]] [36 [540 541 546 547 548 554]] [37 [560 561 563 564 565 567 568 569]] [38 [571 572 574 575 577 578 579 580 581 582]] [39 [585 587 592 594 596 599]] [40 [600 604 605 606 608 612 613 614]] [41 [615 618 619 624 625 626]] [42 [630 631 632 634 637 642 643 644]] [43 [645 646 648 651 652 653 658 659]] [44 [660 661 662 664 667 668 671 673]] [45 [675 677 678 681 683 684 685 686 689]] [46 [696 697 698 699 700 701 702 704]] [47 [705 708 710 711 712 713 714 716]] [48 [720 722 723 724 725 728 730 734]] [49 [737 738 739 740 742 745 747]] [50 [751 752 753 754 755 757 758 759 760 762]] [51 [765 769 773 775 776]] [52 [782 783 786 787 788 790 791 793 794]] [53 [795 797 800 801 802 808 809]] [54 [810 811 817 819 821 823]] [55 [828 832 836 837]] [56 [841 844 845 847 848 850 852 854]] [57 [855 857 858 859 863 865 866 867 869]] [58 [872 874 875 876 877 878 880 881 882 884]] [59 [885 886 888 889 891 892 895]] [60 [902 904 906 907 908 909 911 913 914]] [61 [916 917 919 921 922 923 924 929]] [62 [930 931 932 935 937 938 940 941 942]] [63 [945 946 948 951 952 956 957 959]] [64 [960 962 963 964 965 970 972 973]] [65 [977 979 980]] [66 [991 994 995 1001 1002 1004]] [67 [1008 1009 1010 1013 1019]] [68 [1020 1022 1024 1026 1027 1033 1034]] [69 [1036 1037 1039 1040 1041 1042 1043 1045 1047]] [70 [1051 1054 1057 1060 1062 1063]] [71 [1065 1066 1067 1068 1070 1073 1075 1077 1078]] [72 [1080 1081 1082 1084 1088 1089 1091 1092 1093]] [73 [1095 1097 1099 1100 1101 1102 1104 1106]] [74 [1111 1113 1114 1115 1117 1120 1123 1124]] [75 [1126 1128 1129 1130 1132 1133 1134 1136 1138]] [76 [1141 1142 1147 1148 1150 1153]] [77 [1155 1157 1161 1162 1163 1164]] [78 [1170 1171 1173 1174 1175 1176 1177 1178 1180 1183]] [79 [1185 1186 1193 1194 1195 1197 1199]] [80 [1200 1201 1202 1203 1208 1210 1212 1214]] [81 [1217 1219 1221 1222 1225 1226 1228 1229]] [82 [1231 1232 1233 1236 1237 1238 1242 1243]] [83 [1246 1248 1249 1250 1251 1252 1254 1256 1257 1258 1259]] [84 [1260 1261 1262 1263 1265 1267 1269 1270 1271]] [85 [1275 1276 1277 1279 1280 1281 1282 1283 1287]] [86 [1290 1291 1292 1293 1295 1296 1299 1301 1302 1303 1304]] [87 [1306 1309 1310 1311 1312 1313 1315 1318 1319]] [88 [1320 1321 1322 1324 1325 1327 1329 1330 1331 1332 1333 1334]] [89 [1336 1337 1339 1342 1346 1347]] [90 [1350 1352 1353 1357 1360 1362 1363 1364]] [91 [1365 1366 1368 1369 1370 1371 1373 1377]] [92 [1380 1381 1382 1383 1384 1388 1389 1390 1394]] [93 [1395 1396 1398 1403 1405 1408]] [94 [1410 1411 1414 1415 1417 1418 1421 1422 1423]] [95 [1427 1428 1429 1432 1433 1434 1435 1437]] [96 [1441 1442 1443 1445 1448 1451 1453]] [97 [1457 1458 1459 1460 1461 1463 1464 1467 1468]] [98 [1470 1471 1473 1474 1476 1479 1484]] [99 [1485 1489 1490 1492 1493 1494 1497 1498 1499]]]",,"[[{citizen 30} [[""A"" [2 4 4 2 1 1 4 3 5 2]]]] [{citizen 33} [[""A"" [2 4 2 2 2 0 2 2 1 2]]]] [{media 51} [[""A"" [2 2 2 2 2 2 2 2 2 2]]]] [{media 52} [[""A"" [0 0 0 0 0 0 0 0 0 0]]]] [{media 56} [[""A"" [5 5 5 5 5 5 5 5 5 5]]]] [{media 57} [[""A"" [2 2 2 2 2 2 2 2 2 2]]]] [{media 59} [[""A"" [2 2 2 2 2 2 2 2 2 2]]]] [{media 61} [[""A"" [6 6 6 6 6 6 6 6 6 6]]]] [{media 62} [[""A"" [3 3 3 3 3 3 3 3 3 3]]]] [{media 53} [[""A"" [6 6 6 6 6 6 6 6 6 6]]]] [{citizen 5} [[""A"" [2 0 2 4 2 1 0 2 2 2]]]] [{citizen 8} [[""A"" [2 0 0 1 1 2 1 2 1 2]]]] [{citizen 0} [[""A"" [5 4 2 2 1 2 1 0 2 2]]]] [{citizen 1} [[""A"" [2 4 2 1 1 2 4 5 6 5]]]] [{media 64} [[""A"" [4 4 4 4 4 4 4 4 4 4]]]] [{citizen 4} [[""A"" [4 3 2 2 1 2 1 4 6 6]]]] [{citizen 22} [[""A"" [1 2 2 4 5 6 4 2 1 2]]]] [{media 58} [[""A"" [5 5 5 5 5 5 5 5 5 5]]]] [{citizen 9} [[""A"" [1 1 2 4 6 5 1 2 2 2]]]] [{citizen 13} [[""A"" [4 2 1 1 2 0 5 1 2 4]]]] [{media 60} [[""A"" [1 1 1 1 1 1 1 1 1 1]]]] [{media 63} [[""A"" [1 1 1 1 1 1 1 1 1 1]]]] [{media 54} [[""A"" [2 2 2 2 2 2 2 2 2 2]]]] [{media 50} [[""A"" [4 4 4 4 4 4 4 4 4 4]]]] [{citizen 26} [[""A"" [3 2 1 2 2 1 0 2 4 6]]]] [{citizen 41} [[""A"" [4 6 2 1 2 2 4 6 6 5]]]] [{citizen 21} [[""A"" [2 2 2 1 0 2 2 2 1 2]]]] [{citizen 17} [[""A"" [4 4 2 5 4 2 1 4 2 1]]]] [{citizen 35} [[""A"" [2 1 2 3 6 6 6 5 2 4]]]] [{citizen 18} [[""A"" [2 5 6 1 1 2 1 2 1 2]]]] [{citizen 6} [[""A"" [1 2 0 0 1 2 1 0 2 2]]]] [{citizen 48} [[""A"" [2 4 2 1 1 2 0 2 4 5]]]] [{citizen 20} [[""A"" [3 2 1 4 2 1 4 6 6 5]]]] [{citizen 16} [[""A"" [0 1 3 2 2 1 0 2 2 2]]]] [{citizen 43} [[""A"" [2 0 1 1 2 4 4 6 5 5]]]] [{citizen 32} [[""A"" [3 5 2 1 2 3 4 4 5 3]]]] [{citizen 36} [[""A"" [1 1 2 4 6 6 4 2 2 1]]]] [{citizen 46} [[""A"" [1 1 2 4 4 2 2 1 4 1]]]] [{citizen 10} [[""A"" [2 1 3 0 0 2 1 2 1 2]]]] [{citizen 39} [[""A"" [2 2 2 5 4 6 1 0 2 2]]]] [{citizen 23} [[""A"" [1 4 6 5 1 2 6 0 1 4]]]] [{citizen 28} [[""A"" [2 4 2 1 3 2 4 6 5 4]]]] [{citizen 12} [[""A"" [3 1 4 6 1 0 1 3 2 1]]]] [{citizen 45} [[""A"" [2 4 5 5 0 1 2 2 1 1]]]] [{media 55} [[""A"" [1 1 1 1 1 1 1 1 1 1]]]] [{citizen 38} [[""A"" [4 1 2 3 1 1 2 3 4 6]]]] [{citizen 24} [[""A"" [5 2 2 2 1 2 2 2 3 2]]]] [{citizen 3} [[""A"" [6 6 2 1 2 4 5 4 2 1]]]] [{citizen 42} [[""A"" [2 3 2 2 4 5 4 5 2 1]]]] [{citizen 19} [[""A"" [2 2 2 4 6 5 4 5 5 4]]]] [{citizen 7} [[""A"" [1 2 1 2 1 1 4 6 6 4]]]] [{citizen 49} [[""A"" [2 2 2 1 1 2 1 0 2 2]]]] [{citizen 29} [[""A"" [4 2 1 2 2 1 2 0 3 1]]]] [{citizen 40} [[""A"" [6 6 2 4 3 2 1 0 1 2]]]] [{citizen 11} [[""A"" [2 2 2 1 1 4 5 6 5 4]]]] [{citizen 15} [[""A"" [1 1 2 0 4 5 1 0 2 2]]]] [{citizen 47} [[""A"" [1 1 0 2 1 2 2 0 1 4]]]] [{citizen 31} [[""A"" [2 1 1 1 1 2 0 3 4 5]]]] [{citizen 44} [[""A"" [2 1 2 3 1 1 2 4 6 5]]]] [{citizen 2} [[""A"" [2 1 1 3 2 2 4 6 5 5]]]] [{citizen 34} [[""A"" [2 1 3 2 0 0 4 3 5 4]]]] [{citizen 37} [[""A"" [3 2 2 2 1 0 0 1 5 4]]]] [{citizen 14} [[""A"" [1 2 0 0 1 3 2 2 1 2]]]] [{citizen 27} [[""A"" [4 5 2 4 0 1 2 2 1 2]]]]]"
"26","[213 0 42]","37.5","6.207225017712745","7.499551977905712","""circle""","""""","9.9","{breed citizens}","false","0.5","1","""up""",,"[[""ID"" 15] [""alpha"" 1] [""beta"" 1] [""malleable"" [""A""]] [""prior"" []] [""cont_tokens"" []] [""A"" 1]]","[[0 [0 1 2 3 4 5 6 7 8 9 10 11 12 13 14]] [1 [15 16 17 18 19 20 21 22 23 24 25 26 27 28 29]] [2 [30 31 32 33 34 35 36 37 38 39 40 41 42 43 44]] [3 [45 46 47 48 49 50 51 52 53 54 55 56 57 58 59]] [4 [60 61 62 63 64 65 66 67 68 69 70 71 72 73 74]] [5 [75 76 77 78 81 83 87 88 89]] [6 [90 91 92 93 94 95 96 97 98 101 102 103]] [7 [105 106 107 108 109 110 111 112 114 115 116 117 119]] [8 [120 121 122 123 124 125 126 127 128 129 130 131 132 133 134]] [9 [135 136 137 138 139 140 141 142 143 144 145 146 147 148 149]] [10 [150 151 152 153 154 155 156 157 158 159 160 161 163]] [11 [165 166 167 168 169 170 171 172 173 174 175 176 177 178 179]] [12 [180 181 182 183 184 185 186 187 188 189 190 191 193]] [13 [195 197 200 201 206 207]] [14 [213 214 215 217 219 220 222]] [15 [226 228 229 230 235 237]] [16 [242 243 244 246 247 249 250 251 252 253 254]] [17 [255 256 257 265 268 269]] [18 [270 271 273 274 275 276 277 278 279 280 281 282 283 284]] [19 [285 286 287 288 289 290 291 292 293 294 295 296 297 298 299]] [20 [300 301 302 303 305 306 307 308 310 311 312 313 314]] [21 [315 316 317 318 319 320 321 322 323 324 325 326 327 328 329]] [22 [330 331 332 333 334 335 336 337 338 339 340 341 342 343 344]] [23 [345 346 347 348 349 350 351 353 354 355 356 358 359]] [24 [360 361 362 363 364 365 366 367 368 369 370 371 372 373 374]] [25 [375 376 377 378 379 380 381 382 383 384 385 386 387 388 389]] [26 [390 391 392 393 394 395 396 397 398 400 401 402 403 404]] [27 [405 406 407 408 409 411 412 413 414 415 416 417 418 419]] [28 [420 421 422 424 425 427 430 431 432 434]] [29 [435 436 437 438 439 440 441 442 443 444 445 446 447 448 449]] [30 [450 451 453 458 459 460 463 464]] [31 [465 466 467 468 469 470 471 472 473 474 475 476 477 478 479]] [32 [480 481 482 483 484 485 486 487 488 489 490 491 492 493 494]] [33 [495 496 497 498 499 500 501 502 503 504 505 506 507 508 509]] [34 [513 514 515 517 520 521 523 524]] [35 [525 526 527 529 530 531 532 533 534 535 536 537 538 539]] [36 [540 541 542 543 545 546 547 548 549 550 551 552 553 554]] [37 [555 556 557 558 559 560 561 562 563 564 565 566 567 568 569]] [38 [570 571 572 574 575 576 577 578 579 580 581 582 583 584]] [39 [585 586 587 588 589 590 591 592 593 594 595 596 597 598 599]] [40 [600 601 602 603 604 605 606 607 608 609 610 611 612 613 614]] [41 [615 616 617 618 619 620 621 622 623 624 625 626 627 628 629]] [42 [630 631 632 633 634 635 636 637 638 639 640 641 642 643 644]] [43 [645 646 647 648 649 650 651 652 653 654 655 656 657 658 659]] [44 [660 661 662 664 665 667 668 670 671 672 673 674]] [45 [675 676 677 678 679 680 681 682 683 684 685 686 687 688 689]] [46 [690 691 693 694 695 696 697 698 699 700 701 702 703 704]] [47 [705 708 709 710 711 712 713 714 715 716 717 718 719]] [48 [720 722 723 724 725 728 730 734]] [49 [735 736 737 738 739 740 741 742 743 744 745 746 747 748 749]] [50 [750 751 752 753 754 755 756 757 758 759 760 762 764]] [51 [765 767 768 769 770 771 772 773 774 775 776]] [52 [780 781 782 783 784 785 786 787 788 789 790 791 792 793 794]] [53 [795 796 797 798 799 800 801 802 803 804 805 806 807 808 809]] [54 [810 811 812 813 814 815 816 817 818 819 820 821 822 823 824]] [55 [828 829 830 831 832 833 834 835 836 837 838 839]] [56 [840 841 842 843 844 845 846 847 848 849 850 851 852 853 854]] [57 [855 856 857 858 859 860 861 862 863 864 865 866 867 868 869]] [58 [870 871 872 873 874 875 876 877 878 879 880 881 882 883 884]] [59 [885 886 888 889 890 891 892 893 894 895 896 899]] [60 [900 901 902 903 904 905 906 907 908 909 910 911 912 913 914]] [61 [915 916 917 918 919 920 921 922 923 924 925 926 927 928 929]] [62 [930 931 932 935 936 937 938 939 940 941 942]] [63 [945 946 947 948 951 952 954 955 956 957 959]] [64 [960 962 963 964 965 969 970 972 973]] [65 [977 978 979 980 981 982 983 984 985 986 987 988 989]] [66 [990 991 992 993 994 995 996 997 998 999 1000 1001 1002 1003 1004]] [67 [1005 1006 1007 1008 1009 1010 1011 1012 1013 1014 1015 1016 1017 1018 1019]] [68 [1020 1021 1022 1023 1024 1025 1026 1027 1028 1029 1030 1031 1032 1033 1034]] [69 [1035 1038 1041 1043 1044 1045 1047]] [70 [1050 1051 1052 1053 1054 1055 1056 1057 1060 1062 1063 1064]] [71 [1066 1067 1068 1069 1070 1071 1072 1073 1074 1075 1076 1077 1078 1079]] [72 [1081 1082 1084 1088 1089 1094]] [73 [1096 1098 1103 1105 1107 1108 1109]] [74 [1110 1112 1114 1115 1116 1117 1119 1120 1121 1122 1123 1124]] [75 [1125 1127 1131 1132 1133 1134 1136 1138]] [76 [1140 1141 1142 1143 1144 1145 1147 1148 1150 1151 1152 1153]] [77 [1155 1157 1158 1159 1160 1161 1162 1163 1164 1165 1166 1167 1168 1169]] [78 [1170 1171 1173 1174 1175 1176 1177 1178 1179 1180 1181 1182 1183 1184]] [79 [1185 1186 1187 1188 1189 1190 1191 1192 1193 1194 1195 1196 1197 1198 1199]] [80 [1200 1201 1202 1203 1204 1205 1206 1207 1208 1209 1210 1211 1212 1213 1214]] [81 [1215 1216 1217 1218 1219 1220 1221 1222 1223 1224 1225 1226 1227 1228 1229]] [82 [1230 1231 1232 1233 1234 1235 1236 1237 1238 1239 1240 1241 1242 1243]] [83 [1246 1247 1248 1249 1250 1251 1252 1253 1254 1256 1257 1258 1259]] [84 [1260 1261 1262 1263 1265 1267 1269 1270 1271]] [85 [1275 1276 1277 1279 1280 1281 1282 1283 1284 1286 1287]] [86 [1290 1291 1292 1293 1295 1296 1298 1299 1300 1301 1302 1303 1304]] [87 [1305 1306 1307 1308 1309 1310 1311 1312 1313 1314 1315 1316 1317 1318 1319]] [88 [1320 1321 1322 1323 1324 1325 1326 1327 1328 1329 1330 1331 1332 1333 1334]] [89 [1335 1336 1337 1338 1339 1340 1341 1342 1343 1344 1345 1346 1347 1348 1349]] [90 [1351 1354 1355 1358 1359 1361]] [91 [1367 1374 1375 1376 1378 1379]] [92 [1385 1386 1387 1388 1389 1390 1391 1392 1394]] [93 [1395 1396 1397 1398 1399 1400 1401 1402 1403 1404 1405 1406 1407 1408 1409]] [94 [1410 1411 1412 1414 1415 1416 1417 1418 1419 1420 1421 1422 1423 1424]] [95 [1425 1426 1427 1428 1429 1430 1431 1432 1433 1434 1435 1436 1437 1438 1439]] [96 [1440 1441 1442 1443 1445 1446 1447 1448 1449 1450 1451 1452 1453 1454]] [97 [1455 1456 1460 1462 1465 1466 1469]] [98 [1472 1475 1476 1477 1478 1479 1484]] [99 [1485 1486 1487 1488 1489 1491 1494 1495 1496 1497 1498 1499]]]","[[0 [1 2 3 5 9 14]] [1 [15 18 19 21 23 24 27 28]] [2 [30 31 32 33 34 36 40 42 43]] [3 [45 46 47 50 54 55 56 59]] [4 [62 64 65 66 67 68 70 72 74]] [5 [75 76 77 78 81 83 87 88 89]] [6 [90 92 94 95 98 101 103]] [7 [106 107 108 111 112 115]] [8 [120 122 123 129 130 131 133 134]] [9 [136 138 141 142 145 146 147 149]] [10 [150 151 152 153 154 155 160]] [11 [166 172 173 179]] [12 [180 184 186 187 189 190 191 193]] [13 [195 197 200 201 206 207]] [14 [213 214 215 217 219 220 222]] [15 [226 228 229 230 235 237]] [16 [246 247 251 252 254]] [17 [255 256 257 265 268]] [18 [270 271 274 276 279 280 281 282 283]] [19 [285 286 288 289 290 291 292 295 297 298 299]] [20 [305 306 307 308 313]] [21 [318 320 322 323 324 328]] [22 [331 333 334 335 338 339 342 343 344]] [23 [345 346 348 351 353 356 358 359]] [24 [361 364 366 367 368 369 370 373 374]] [25 [375 376 377 379 382 385 386 387 388]] [26 [390 391 393 398 402]] [27 [405 406 408 409 412 414 415 417 418]] [28 [420 421 422 427 432 434]] [29 [435 437 439 440 441 442 443 444 445 447 448]] [30 [450 453 458 459 460 463 464]] [31 [466 467 468 470 473 478]] [32 [480 483 484 485 488 489 491 492 493]] [33 [496 498 499 503 504 505 507]] [34 [513 514 515 520 521]] [35 [530 535 536 539]] [36 [540 542 543 545 549 550 551 552 553]] [37 [555 557 559 562 566 567 569]] [38 [570 571 572 574 575 578 583 584]] [39 [586 588 589 590 591 593 594 596 599]] [40 [600 604 606 608 612 613 614]] [41 [615 618 619 620 622 624 625 626 627 628 629]] [42 [631 632 639 640 641]] [43 [647 649 651 652 653 658 659]] [44 [660 661 662 664 667 671 673]] [45 [675 677 678 683 684 685 686 688 689]] [46 [691 694 703 704]] [47 [705 708 710 711 712 713 714 716 717]] [48 [720 723 724 725 728 730 734]] [49 [737 738 739 740 742 744 745 747 749]] [50 [753 754 756 758 759 760 762 764]] [51 [765 768 770 771 772]] [52 [781 782 783 785 787 788 790 791 793 794]] [53 [795 796 798 799 803 804 808 809]] [54 [810 811 817 819 821 823]] [55 [828 832 833 834 835 838 839]] [56 [842 844 845 847 848 850 851]] [57 [855 857 858 859 862 864]] [58 [870 871 874 875 878 880 881 882 883 884]] [59 [885 886 888 889 891 892 894 895]] [60 [902 903 905 910 911 913 914]] [61 [916 917 923 924 926 929]] [62 [930 931 932 935 937 938 940 942]] [63 [945 946 947 948 951 952 956 957 959]] [64 [960 962 963 964 965 970 973]] [65 [978 981 982 986 987 989]] [66 [990 992 994 995 1001 1003 1004]] [67 [1008 1009 1010 1013 1016 1019]] [68 [1020 1021 1023 1025 1028 1031]] [69 [1035 1038 1041 1043 1045 1047]] [70 [1050 1052 1053 1057 1060 1064]] [71 [1069 1071 1072 1073 1074 1076 1079]] [72 [1082 1084 1088 1089 1094]] [73 [1096 1098 1103 1105 1107 1108 1109]] [74 [1110 1112 1116 1119 1121]] [75 [1125 1127 1134 1136 1138]] [76 [1142 1147 1148 1150 1153]] [77 [1155 1157 1161 1162 1163 1164]] [78 [1171 1179 1181 1182 1184]] [79 [1187 1190 1191 1192 1196 1198]] [80 [1201 1202 1203 1208 1209 1211 1213]] [81 [1215 1216 1218 1220]] [82 [1234 1235 1239 1240 1241 1243]] [83 [1248 1249 1250 1251 1252 1254 1256 1257 1258 1259]] [84 [1260 1262 1265 1267 1269 1270 1271]] [85 [1275 1276 1277 1279 1280 1281 1282 1283 1287]] [86 [1290 1291 1292 1293 1298 1300]] [87 [1305 1307 1308 1314 1317]] [88 [1320 1321 1322 1324 1325 1327 1329 1330 1332 1333 1334]] [89 [1336 1337 1338 1339 1341 1343 1345 1348 1349]] [90 [1351 1354 1355 1358 1359 1361]] [91 [1367 1374 1378 1379]] [92 [1385 1386 1387 1388 1389 1391 1392]] [93 [1397 1400 1401 1402 1404 1405 1408]] [94 [1410 1411 1414 1415 1417 1418 1421 1422 1423]] [95 [1426 1429 1432 1433 1434 1435 1437]] [96 [1441 1442 1443 1445 1446 1449 1450 1454]] [97 [1455 1462 1465 1466 1469]] [98 [1472 1475 1476 1479 1484]] [99 [1485 1488 1489 1491 1495 1497 1498 1499]]]",,"[[{citizen 32} [[""A"" [5 1 1 2 3 4 4 4 5 3]]]] [{citizen 49} [[""A"" [5 4 1 2 3 1 1 2 0 2]]]] [{media 50} [[""A"" [4 4 4 4 4 4 4 4 4 4]]]] [{media 53} [[""A"" [6 6 6 6 6 6 6 6 6 6]]]] [{media 54} [[""A"" [2 2 2 2 2 2 2 2 2 2]]]] [{media 55} [[""A"" [1 1 1 1 1 1 1 1 1 1]]]] [{media 56} [[""A"" [5 5 5 5 5 5 5 5 5 5]]]] [{media 57} [[""A"" [2 2 2 2 2 2 2 2 2 2]]]] [{media 59} [[""A"" [2 2 2 2 2 2 2 2 2 2]]]] [{media 60} [[""A"" [1 1 1 1 1 1 1 1 1 1]]]] [{media 61} [[""A"" [6 6 6 6 6 6 6 6 6 6]]]] [{media 62} [[""A"" [3 3 3 3 3 3 3 3 3 3]]]] [{media 63} [[""A"" [1 1 1 1 1 1 1 1 1 1]]]] [{media 64} [[""A"" [4 4 4 4 4 4 4 4 4 4]]]] [{citizen 7} [[""A"" [0 1 1 2 2 1 1 3 6 4]]]] [{citizen 0} [[""A"" [1 2 3 1 2 2 4 5 4 5]]]] [{citizen 4} [[""A"" [3 2 2 1 1 2 1 2 4 6]]]] [{citizen 6} [[""A"" [2 2 3 2 1 1 5 1 0 2]]]] [{media 58} [[""A"" [5 5 5 5 5 5 5 5 5 5]]]] [{citizen 16} [[""A"" [2 3 2 1 1 2 4 1 0 2]]]] [{media 52} [[""A"" [0 0 0 0 0 0 0 0 0 0]]]] [{media 51} [[""A"" [2 2 2 2 2 2 2 2 2 2]]]] [{citizen 3} [[""A"" [2 1 1 2 4 5 4 3 2 1]]]] [{citizen 35} [[""A"" [2 2 1 3 2 1 2 1 2 4]]]] [{citizen 18} [[""A"" [1 3 2 1 1 2 5 1 1 2]]]] [{citizen 48} [[""A"" [2 4 2 2 3 1 1 2 4 5]]]] [{citizen 20} [[""A"" [3 1 1 4 2 1 2 4 6 6]]]] [{citizen 39} [[""A"" [5 5 2 1 2 2 1 4 1 0]]]] [{citizen 10} [[""A"" [5 5 3 2 1 1 5 3 1 2]]]] [{citizen 1} [[""A"" [1 4 2 2 2 3 1 5 6 5]]]] [{citizen 43} [[""A"" [4 3 2 1 2 1 1 2 4 5]]]] [{citizen 12} [[""A"" [3 1 1 2 1 0 1 3 2 1]]]] [{citizen 45} [[""A"" [1 2 2 3 2 1 4 5 1 1]]]] [{citizen 9} [[""A"" [1 1 1 2 4 4 6 5 1 2]]]] [{citizen 25} [[""A"" [1 1 3 4 4 3 2 1 2 3]]]] [{citizen 13} [[""A"" [4 4 3 2 1 2 0 2 4 1]]]] [{citizen 36} [[""A"" [2 1 1 1 4 2 1 2 2 1]]]] [{citizen 46} [[""A"" [1 1 2 4 4 2 3 2 1 1]]]] [{citizen 38} [[""A"" [2 2 4 2 3 2 1 6 5 5]]]] [{citizen 24} [[""A"" [2 4 6 2 4 3 5 2 2 2]]]] [{citizen 42} [[""A"" [2 3 2 2 4 5 4 5 2 1]]]] [{citizen 19} [[""A"" [1 1 3 4 2 2 6 5 4 5]]]] [{citizen 21} [[""A"" [4 4 2 1 2 4 2 1 1 2]]]] [{citizen 30} [[""A"" [2 1 3 1 4 4 2 1 2 2]]]] [{citizen 8} [[""A"" [3 2 2 1 0 1 1 1 1 2]]]] [{citizen 17} [[""A"" [2 1 2 3 4 4 5 4 2 2]]]] [{citizen 5} [[""A"" [2 3 2 1 1 2 2 4 0 2]]]] [{citizen 28} [[""A"" [2 1 3 2 2 4 5 4 5 4]]]] [{citizen 2} [[""A"" [1 1 1 3 2 2 6 5 4 5]]]] [{citizen 37} [[""A"" [1 3 2 2 1 2 0 1 1 5]]]] [{citizen 11} [[""A"" [2 3 1 2 3 2 1 1 4 4]]]] [{citizen 29} [[""A"" [1 4 2 1 2 3 2 1 0 4]]]] [{citizen 40} [[""A"" [2 2 1 0 2 4 4 4 3 1]]]] [{citizen 15} [[""A"" [3 2 1 1 0 2 5 4 1 0]]]] [{citizen 47} [[""A"" [1 2 4 2 1 2 2 3 1 2]]]] [{citizen 31} [[""A"" [5 2 2 1 2 1 2 2 1 3]]]] [{citizen 44} [[""A"" [3 2 2 1 2 4 5 5 6 6]]]] [{citizen 33} [[""A"" [4 2 1 2 4 2 2 0 1 2]]]] [{citizen 41} [[""A"" [2 1 1 3 4 4 2 2 4 6]]]] [{citizen 27} [[""A"" [2 2 1 4 5 1 2 4 1 2]]]] [{citizen 22} [[""A"" [4 1 2 2 4 5 6 2 1 2]]]] [{citizen 34} [[""A"" [2 3 1 1 2 4 2 4 3 2]]]] [{citizen 14} [[""A"" [4 2 1 2 2 3 2 1 1 1]]]] [{citizen 23} [[""A"" [2 1 1 4 5 6 1 1 3 6]]]]]"
"27","[213 0 42]","247.5","-9.545382479033005","-3.828852189759998","""circle""","""""","9.9","{breed citizens}","false","0.5","1","""up""",,"[[""ID"" 37] [""alpha"" 1] [""beta"" 1] [""malleable"" [""A""]] [""prior"" []] [""cont_tokens"" []] [""A"" 1]]","[[0 [0 1 2 3 4 5 6 7 8 9 10 11 12 13 14]] [1 [15 16 17 18 19 20 21 22 23 24 25 26 27 28 29]] [2 [30 31 32 33 34 35 36 37 38 39 40 41 42 43 44]] [3 [45 46 47 48 49 50 51 52 53 54 55 56 57 58 59]] [4 [60 61 62 63 64 65 66 67 68 69 70 71 72 73 74]] [5 [75 76 77 78 79 80 81 82 83 84 85 86 87 88 89]] [6 [90 91 92 93 94 95 96 97 98 101 102 103]] [7 [106 107 108 109 110 111 112 114 115 116 117 119]] [8 [120 121 122 123 124 125 126 127 128 129 130 131 132 133 134]] [9 [135 136 137 138 139 140 141 142 144 145 146 147 149]] [10 [150 151 152 153 154 155 156 157 158 159 160 161 163]] [11 [165 166 167 168 169 170 171 172 173 174 175 176 177 178 179]] [12 [180 181 182 183 184 185 186 187 188 189 190 191 192 193 194]] [13 [195 196 197 198 199 200 201 202 203 204 205 206 207 208 209]] [14 [210 211 212 213 214 215 216 217 218 219 220 221 222 224]] [15 [226 228 229 230 235 237]] [16 [240 241 242 243 244 245 246 247 248 249 250 251 252 253 254]] [17 [255 256 257 258 259 261 265 266 267 268 269]] [18 [270 271 272 273 274 275 276 277 278 279 280 281 282 283 284]] [19 [285 286 288 289 290 291 292 295 297 298 299]] [20 [300 301 302 303 304 305 306 307 308 309 310 311 312 313 314]] [21 [315 316 317 318 319 320 321 322 323 324 325 326 328 329]] [22 [330 331 332 333 334 335 336 337 338 339 342 343 344]] [23 [345 346 347 348 349 350 351 352 353 354 355 356 357 358 359]] [24 [360 361 362 363 364 365 366 367 368 369 371 372]] [25 [375 376 377 378 379 380 381 382 383 384 385 386 387 388 389]] [26 [390 391 392 393 394 395 396 397 398 400 401 402 403 404]] [27 [405 406 407 408 409 411 412 413 414 415 416 417 418 419]] [28 [420 421 422 423 424 425 426 427 428 429 430 431 432 433 434]] [29 [436 438 443 444 445 446 447 448 449]] [30 [450 451 452 453 454 455 456 457 458 459 460 461 462 463 464]] [31 [465 466 467 468 469 470 471 472 473 474 475 476 477 478 479]] [32 [480 483 484 485 488 489 491 492 493 494]] [33 [495 496 497 498 499 500 501 502 503 504 505 506 507 508 509]] [34 [510 511 512 513 514 515 516 517 518 519 520 521 522 523 524]] [35 [525 526 527 528 529 530 531 532 533 534 535 536 537 538 539]] [36 [540 541 542 543 544 545 546 547 548 549 550 551 552 553 554]] [37 [555 556 557 558 559 560 561 562 563 564 565 566 567 568 569]] [38 [570 571 572 574 575 576 577 578 579 580 581 582 583 584]] [39 [585 586 587 588 589 590 591 592 593 594 595 596 597 598 599]] [40 [600 601 602 603 604 605 606 607 608 609 610 611 612]] [41 [616 617 620 621 622 623 624 625 626 627 628]] [42 [630 631 632 633 634 635 636 637 638 639 640 641 642 643 644]] [43 [645 646 647 648 649 650 651 652 653 654 655 656 658 659]] [44 [660 661 662 664 665 667 668 670 671 672 673 674]] [45 [675 676 677 678 679 680 681 682 683 684 685 686 687 688 689]] [46 [690 691 693 694 695 696 697 698 699 700 701 702 703 704]] [47 [705 708 709 710 711 712 713 714 715 716 717 718 719]] [48 [720 721 722 723 724 725 726 727 728 729 730 731 732 733 734]] [49 [735 736 737 738 739 740 741 742 743 744 745 746 747 748 749]] [50 [750 751 752 753 754 755 756 757 758 759 760 762 764]] [51 [765 766 767 768 769 770 771 772 773 774 775 776 777 779]] [52 [780 781 782 783 784 785 786 787 788 789 790 791 792 793 794]] [53 [795 796 798 799 803 804 806 807]] [54 [810 811 812 813 814 815 817 818 819 820 821 822 823 824]] [55 [825 826 827 828 829 830 831 832 833 834 835 836 837 838 839]] [56 [840 841 842 843 844 845 846 847 848 849 850 851 852 853 854]] [57 [855 856 857 858 859 860 861 862 863 864 865 866 867 868 869]] [58 [870 871 872 873 874 875 876 877 878 879 880 881 882 883 884]] [59 [885 886 887 888 889 890 891 892 893 894 895 896 899]] [60 [900 901 902 903 904 905 906 907 908 909 910 911 912 913 914]] [61 [915 916 917 918 919 920 921 922 923 924 925 926 927 928 929]] [62 [930 931 932 933 934 935 937 938 939 940 941 942 943 944]] [63 [945 946 947 948 949 950 951 952 953 954 955 956 957 958 959]] [64 [961 966 967 968 969 971 974]] [65 [975 976 977 978 979 980 981 982 986 987 989]] [66 [990 991 992 993 994 995 996 997 998 999 1000 1001 1002 1003 1004]] [67 [1005 1006 1007 1008 1009 1010 1011 1012 1013 1014 1015 1016 1017 1018 1019]] [68 [1020 1021 1022 1023 1024 1025 1026 1027 1028 1029 1030 1031 1032 1033 1034]] [69 [1035 1036 1037 1038 1039 1040 1041 1042 1043 1045 1046 1047 1048 1049]] [70 [1050 1051 1052 1053 1054 1055 1056 1057 1058 1059 1060 1061 1062 1063 1064]] [71 [1065 1066 1067 1068 1070 1073 1074 1075 1076 1077 1078 1079]] [72 [1080 1081 1082 1083 1084 1085 1086 1087 1088 1089 1090 1091 1092 1093 1094]] [73 [1095 1097 1099 1100 1101 1102 1104 1106]] [74 [1110 1111 1112 1113 1114 1115 1116 1117 1118 1119 1120 1121 1122 1123 1124]] [75 [1125 1126 1127 1128 1129 1130 1131 1132 1133 1134 1135 1136 1137 1138 1139]] [76 [1140 1141 1142 1143 1144 1145 1147 1148 1150 1151 1152 1153]] [77 [1155 1157 1158 1159 1160 1161 1162 1163 1164 1165 1166 1167 1168 1169]] [78 [1170 1171 1172 1173 1174 1175 1176 1177 1178 1179 1180 1181 1182 1183 1184]] [79 [1185 1186 1188 1189 1190 1191 1192 1193 1194 1195 1196 1197 1198 1199]] [80 [1200 1201 1202 1203 1204 1205 1206 1207 1208 1209 1210 1211 1212 1213 1214]] [81 [1215 1216 1217 1218 1219 1220 1221 1222 1223 1224 1225 1226 1227 1228 1229]] [82 [1231 1232 1233 1236 1237 1238 1242 1243 1244]] [83 [1246 1247 1248 1249 1250 1251 1252 1253 1254 1256 1257 1258 1259]] [84 [1260 1261 1262 1263 1265 1267 1269 1270 1271]] [85 [1275 1276 1277 1279 1280 1281 1282 1283 1284 1286 1287]] [86 [1290 1291 1292 1293 1295 1296 1298 1299 1300 1301 1302 1303 1304]] [87 [1305 1306 1307 1308 1309 1310 1311 1312 1313 1314 1315 1316 1317 1318 1319]] [88 [1320 1321 1322 1323 1324 1325 1326 1327 1328 1329 1330 1331 1332 1333 1334]] [89 [1335 1336 1337 1338 1339 1340 1341 1342 1343 1344 1345 1346 1347 1348 1349]] [90 [1350 1351 1352 1353 1354 1355 1356 1357 1358 1359 1360 1361 1362 1363 1364]] [91 [1365 1366 1367 1368 1369 1370 1371 1372 1373 1374 1375 1376 1377 1378 1379]] [92 [1380 1381 1382 1383 1384 1385 1386 1387 1388 1389 1390 1391 1392 1393 1394]] [93 [1395 1396 1397 1398 1400 1401 1402 1403 1405 1406 1407 1408 1409]] [94 [1410 1411 1412 1414 1415 1416 1417 1418 1419 1420 1421 1422 1423 1424]] [95 [1425 1426 1427 1428 1429 1430 1431 1432 1433 1434 1435 1436 1437 1438 1439]] [96 [1440 1441 1442 1443 1444 1445 1446 1449 1450 1454]] [97 [1455 1456 1457 1458 1459 1460 1461 1462 1463 1464 1465 1466 1467 1468 1469]] [98 [1470 1471 1472 1473 1474 1475 1476 1479 1480 1481 1482 1483 1484]] [99 [1485 1486 1487 1488 1489 1490 1491 1492 1493 1494 1495 1496 1497 1498 1499]]]","[[0 [1 2 3 4 5 9 14]] [1 [15 18 20 22 26 29]] [2 [30 31 32 33 34 38 40]] [3 [45 46 48 50 54 55 56 57 59]] [4 [61 62 63 64 65 68 71 73]] [5 [75 76 77 78 81 83 88 89]] [6 [90 92 93 95 98 101 102 103]] [7 [106 109 110 111 112 116 119]] [8 [121 125 126 127 128 130 131 133 134]] [9 [136 138 141 142 144 149]] [10 [150 151 152 153 154 155 156 157 158 159 160 163]] [11 [168 169 170 171 174 175 176]] [12 [181 182 183 185 189 190 194]] [13 [196 198 199 203 204 205 206 207 209]] [14 [210 211 212 213 214 215 217 219 220 222]] [15 [226 228 229 230 235 237]] [16 [242 246 247 249 250 251 252]] [17 [255 256 257 265 266 267]] [18 [271 274 276 277 278 280 281 282 283]] [19 [285 286 288 289 290 291 292 295 297 298 299]] [20 [305 306 307 308 309 310 311 312 314]] [21 [315 316 317 318 321 325 326 329]] [22 [330 332 334 336 337 338 342]] [23 [347 349 350 352 354 355]] [24 [360 362 363 365 367 368 369 371 372]] [25 [378 380 382 385 388]] [26 [390 391 393 398 401 402]] [27 [405 407 411 413 416 419]] [28 [422 424 425 427 429 430 433]] [29 [436 438 443 444 445 447]] [30 [450 453 458 459 460 461 463 464]] [31 [466 467 468 470 471 472 475 476 477 478]] [32 [480 483 484 485 488 489 491 492 494]] [33 [495 497 501 502 503 504 505]] [34 [510 511 512 513 514 517 520 521 523]] [35 [526 527 529 531 532 533 534 538 539]] [36 [540 542 543 544 545 549 550 551 552 553]] [37 [555 556 557 559 562 565 567 568 569]] [38 [570 571 572 574 576 577 578 579 580 581 582]] [39 [585 587 592 596 599]] [40 [600 605 606 608 612]] [41 [616 617 623 625 626 627 628]] [42 [630 631 632 634 636 637 638 642 643 644]] [43 [645 646 648 650 654 655 658 659]] [44 [660 661 664 667 668 671 673]] [45 [676 679 682 685 686 688 689]] [46 [690 691 694 703 704]] [47 [705 708 710 711 712 713 714 716]] [48 [720 724 725 728 730 734]] [49 [737 738 739 740 742 744 747]] [50 [751 752 753 754 755 757 760 762]] [51 [765 767 769 773 775 776]] [52 [780 783 785 786 789]] [53 [796 798 799 806 807]] [54 [811 817 819 821 823]] [55 [828 832 836 837]] [56 [840 841 845 847 848 850 852 854]] [57 [855 857 859 863 865 866 867 869]] [58 [873 876 877 878 880 881 882 883 884]] [59 [885 886 888 889 891 892 895]] [60 [901 902 903 905 912]] [61 [915 918 920 925 927 928]] [62 [931 932 935 937 939 943 944]] [63 [949 950 953 958]] [64 [961 966 967 968 969 974]] [65 [975 976 979 980 987 989]] [66 [990 992 993 997 998 999 1000 1003]] [67 [1005 1006 1007 1008 1009 1010 1013 1015 1017 1018]] [68 [1021 1023 1025 1028 1030 1032 1033 1034]] [69 [1036 1037 1039 1040 1041 1043 1046 1048 1049]] [70 [1050 1052 1053 1057 1060 1062 1063]] [71 [1065 1066 1067 1068 1070 1073 1075 1077 1078]] [72 [1080 1083 1085 1086 1089 1091 1092 1093]] [73 [1095 1097 1099 1100 1101 1102 1106]] [74 [1111 1113 1114 1115 1117 1120 1123 1124]] [75 [1126 1128 1129 1130 1131 1132 1133 1134 1136 1138]] [76 [1141 1147 1148 1150 1153]] [77 [1155 1157 1161 1168 1169]] [78 [1173 1174 1175 1176 1177 1178 1180 1183]] [79 [1185 1186 1188 1189 1190 1192 1196 1198]] [80 [1200 1201 1202 1203 1208 1210 1212 1214]] [81 [1217 1219 1221 1222 1223 1224 1225 1226 1227 1228 1229]] [82 [1231 1232 1233 1236 1237 1238 1242 1243]] [83 [1248 1251 1252 1254 1256 1257 1259]] [84 [1260 1261 1262 1265 1267 1269 1270 1271]] [85 [1275 1276 1279 1280 1281 1282 1283 1287]] [86 [1290 1292 1293 1295 1296 1299 1301 1302 1303 1304]] [87 [1306 1309 1310 1311 1312 1313 1315 1316 1318]] [88 [1323 1324 1325 1327 1329 1330 1331 1332 1333 1334]] [89 [1336 1337 1339 1342 1344 1346 1347]] [90 [1350 1352 1353 1357 1358 1359 1361]] [91 [1367 1370 1371 1373 1377]] [92 [1380 1381 1382 1383 1384 1385 1387 1390 1394]] [93 [1395 1396 1398 1405 1408]] [94 [1410 1411 1414 1415 1417 1418 1421 1422 1423]] [95 [1428 1431 1438 1439]] [96 [1440 1441 1442 1443 1445 1449 1450 1454]] [97 [1455 1456 1457 1458 1459 1460 1461 1463 1464 1467 1468]] [98 [1470 1473 1474 1480 1481 1482 1483]] [99 [1486 1487 1492 1493 1494 1497 1498 1499]]]",,"[[{media 50} [[""A"" [4 4 4 4 4 4 4 4 4 4]]]] [{media 53} [[""A"" [6 6 6 6 6 6 6 6 6 6]]]] [{media 54} [[""A"" [2 2 2 2 2 2 2 2 2 2]]]] [{media 55} [[""A"" [1 1 1 1 1 1 1 1 1 1]]]] [{media 56} [[""A"" [5 5 5 5 5 5 5 5 5 5]]]] [{media 57} [[""A"" [2 2 2 2 2 2 2 2 2 2]]]] [{media 59} [[""A"" [2 2 2 2 2 2 2 2 2 2]]]] [{media 60} [[""A"" [1 1 1 1 1 1 1 1 1 1]]]] [{media 61} [[""A"" [6 6 6 6 6 6 6 6 6 6]]]] [{media 62} [[""A"" [3 3 3 3 3 3 3 3 3 3]]]] [{media 63} [[""A"" [1 1 1 1 1 1 1 1 1 1]]]] [{media 64} [[""A"" [4 4 4 4 4 4 4 4 4 4]]]] [{citizen 11} [[""A"" [4 1 2 2 3 2 1 4 5 4]]]] [{citizen 7} [[""A"" [1 2 2 2 1 1 3 4 6 4]]]] [{citizen 16} [[""A"" [1 1 2 1 0 2 2 1 3 1]]]] [{media 58} [[""A"" [5 5 5 5 5 5 5 5 5 5]]]] [{citizen 4} [[""A"" [3 2 2 1 1 1 4 2 1 6]]]] [{citizen 6} [[""A"" [1 2 1 0 2 2 1 3 2 1]]]] [{media 52} [[""A"" [0 0 0 0 0 0 0 0 0 0]]]] [{media 51} [[""A"" [2 2 2 2 2 2 2 2 2 2]]]] [{citizen 0} [[""A"" [2 1 0 1 1 0 2 1 3 1]]]] [{citizen 14} [[""A"" [0 1 1 1 3 2 2 1 1 1]]]] [{citizen 3} [[""A"" [1 1 3 4 2 4 5 4 3 1]]]] [{citizen 26} [[""A"" [2 2 1 1 3 4 2 0 2 4]]]] [{citizen 41} [[""A"" [1 3 4 2 1 2 4 6 6 5]]]] [{citizen 22} [[""A"" [2 2 2 4 5 6 4 2 2 1]]]] [{citizen 21} [[""A"" [2 1 0 2 2 2 1 3 2 1]]]] [{citizen 17} [[""A"" [1 2 3 4 2 5 4 2 1 1]]]] [{citizen 33} [[""A"" [1 2 4 2 2 0 2 2 1 1]]]] [{citizen 25} [[""A"" [1 1 5 5 2 2 2 1 3 1]]]] [{citizen 9} [[""A"" [1 1 1 4 5 1 2 2 2 1]]]] [{citizen 44} [[""A"" [1 2 2 3 1 1 2 2 6 5]]]] [{citizen 40} [[""A"" [1 0 1 4 3 2 0 2 1 1]]]] [{citizen 37} [[""A"" [2 1 0 1 1 5 5 4 5 4]]]] [{citizen 8} [[""A"" [1 2 1 1 2 2 1 3 2 1]]]] [{citizen 28} [[""A"" [1 1 3 4 2 1 3 4 5 4]]]] [{citizen 36} [[""A"" [1 4 2 1 2 4 5 2 2 1]]]] [{citizen 46} [[""A"" [2 1 1 3 4 2 2 1 4 1]]]] [{citizen 38} [[""A"" [4 2 3 1 1 2 3 4 5 6]]]] [{citizen 24} [[""A"" [1 0 1 3 5 6 2 1 3 1]]]] [{citizen 12} [[""A"" [1 1 1 3 1 6 0 1 3 1]]]] [{citizen 13} [[""A"" [3 4 2 2 0 1 2 2 1 6]]]] [{citizen 31} [[""A"" [2 2 1 4 2 1 1 0 3 5]]]] [{citizen 5} [[""A"" [1 2 0 4 2 0 2 2 1 1]]]] [{citizen 15} [[""A"" [3 2 1 2 1 0 0 2 2 1]]]] [{citizen 34} [[""A"" [5 3 1 3 2 0 4 3 5 4]]]] [{citizen 18} [[""A"" [1 2 4 5 1 1 1 2 1 1]]]] [{citizen 45} [[""A"" [1 4 5 5 1 1 2 1 1 1]]]] [{citizen 39} [[""A"" [2 1 1 5 5 1 0 2 1 1]]]] [{citizen 35} [[""A"" [2 3 6 6 2 2 2 1 1 4]]]] [{citizen 48} [[""A"" [1 3 4 4 2 1 1 0 2 4]]]] [{citizen 20} [[""A"" [3 2 2 1 1 4 2 1 6 5]]]] [{citizen 43} [[""A"" [2 2 1 1 1 3 4 6 5 5]]]] [{citizen 32} [[""A"" [5 2 1 1 1 2 3 4 5 3]]]] [{citizen 23} [[""A"" [6 2 1 1 1 3 6 1 4 5]]]] [{citizen 19} [[""A"" [3 2 2 2 4 5 4 5 5 6]]]] [{citizen 10} [[""A"" [2 1 0 1 1 1 1 1 2 1]]]] [{citizen 1} [[""A"" [4 2 1 2 2 3 1 4 5 5]]]] [{citizen 42} [[""A"" [4 2 3 2 1 2 3 4 5 1]]]] [{citizen 30} [[""A"" [2 1 1 4 4 2 1 4 3 5]]]] [{citizen 2} [[""A"" [2 2 1 1 3 2 1 3 4 3]]]] [{citizen 49} [[""A"" [3 2 1 1 1 0 2 1 3 1]]]] [{citizen 29} [[""A"" [1 2 0 1 3 2 1 1 5 5]]]] [{citizen 47} [[""A"" [3 2 1 0 1 1 1 5 5 6]]]]]"
"28","[0 0 255]","133.125","7.502965502514097","-6.877013605129733","""circle""","""""","9.9","{breed citizens}","false","0.5","1","""up""",,"[[""ID"" 7] [""alpha"" 1] [""beta"" 1] [""malleable"" [""A""]] [""prior"" []] [""cont_tokens"" []] [""A"" 6]]","[[0 [0 1 2 3 4 5 6 9 10 11 12 13 14]] [1 [15 17 18 19 20 21 22 24 25 26 27 28 29]] [2 [30 31 32 33 34 35 36 37 38 39 40 41 42 43 44]] [3 [45 46 47 48 49 50 51 52 53 54 55 56 57 58 59]] [4 [60 66 67 68 70 71 72 73 74]] [5 [75 76 77 78 79 80 81 82 83 84 85 86 87 88 89]] [6 [90 92 93 94 95 96 97 98 101 102 103]] [7 [105 106 107 108 109 110 111 112 114 115 116 117 119]] [8 [120 121 122 123 124 125 126 127 128 129 130 131 132 133 134]] [9 [135 136 137 138 139 140 141 142 143 144 145 146 147 148 149]] [10 [150 151 152 153 154 155 156 157 158 159 160 161 163]] [11 [165 166 167 168 169 170 171 172 173 174 175 176 177 178 179]] [12 [180 181 182 183 184 185 186 187 188 189 190 191 193]] [13 [195 196 197 198 199 200 201 202 203 204 205 206 207 208 209]] [14 [210 211 212 213 214 215 216 217 218 219 220 221 222 224]] [15 [226 228 229 230 235 237]] [16 [242 243 244 246 247 249 250 251 252 253 254]] [17 [255 256 257 258 259 260 261 262 263 264 265 266 267 268 269]] [18 [270 271 272 273 274 275 276 277 278 279 280 281 282 283 284]] [19 [285 286 288 289 290 291 292 295 297 298 299]] [20 [300 301 302 303 304 305 306 307 308 309 310 311 312 313 314]] [21 [315 316 317 318 319 320 321 322 323 324 325 326 328 329]] [22 [330 331 332 333 334 335 336 337 338 339 340 341 342 343 344]] [23 [345 346 347 348 349 350 352 353 354 355 356 357 358 359]] [24 [360 362 363 365 371 372]] [25 [375 376 377 378 379 380 381 382 383 384 385 386 387 388 389]] [26 [390 391 392 393 394 395 396 397 398 400 401 402 403 404]] [27 [405 406 407 408 409 411 412 413 414 415 416 417 418 419]] [28 [420 421 422 423 424 425 426 427 428 429 430 431 432 433 434]] [29 [435 436 437 438 439 440 441 442 443 444 445 446 447 448 449]] [30 [450 451 452 453 454 455 456 457 458 459 460 461 462 463 464]] [31 [465 466 467 468 469 470 471 472 473 474 475 476 477 478 479]] [32 [481 482 484 485 486 487 488 489 490 491 492 493]] [33 [495 496 497 498 499 500 501 502 503 504 505 506 507 508 509]] [34 [510 511 512 513 514 515 516 517 518 519 520 521 523 524]] [35 [525 526 527 528 529 530 531 532 533 534 535 536 537 538 539]] [36 [540 541 543 545 546 547 548 549 550 551 552 553 554]] [37 [556 557 558 559 560 561 562 563 564 565 566 567 568 569]] [38 [570 571 572 573 574 575 576 577 578 579 580 581 582 583 584]] [39 [585 586 587 588 589 590 591 592 593 594 595 596 597 598 599]] [40 [600 601 602 603 604 605 606 607 608 609 610 611 612 613 614]] [41 [615 616 617 618 619 620 621 622 623 624 625 626 627 628 629]] [42 [630 631 632 633 634 635 636 637 638 639 640 641 642 643 644]] [43 [645 646 647 648 650 651 652 653 654 655 656 658 659]] [44 [660 661 662 664 665 667 668 670 671 672 673 674]] [45 [675 676 677 678 679 680 681 682 683 684 685 686 687 688 689]] [46 [690 691 693 694 695 696 697 698 699 700 701 702 703 704]] [47 [705 706 707 708 709 710 711 712 713 714 715 716 717 718 719]] [48 [720 722 723 724 725 726 728 729 730 731 732 733 734]] [49 [735 736 737 738 739 740 741 742 743 744 745 746 747 748 749]] [50 [750 751 752 753 754 755 756 757 758 759 760 761 762 763 764]] [51 [765 766 767 768 769 770 771 772 773 774 775 776 777 779]] [52 [780 782 783 785 786 787 788 789 790 791 792 793 794]] [53 [795 796 797 798 799 800 801 802 803 804 806 807 808 809]] [54 [811 817 819 820 821 823]] [55 [828 829 830 831 832 833 834 835 836 837 838 839]] [56 [840 841 843 844 845 846 847 848 849 850 851 852 853 854]] [57 [855 856 857 858 859 860 861 862 863 864 865 866 867 868 869]] [58 [870 871 872 873 874 875 876 877 878 879 880 881 882 883 884]] [59 [885 886 887 888 889 890 891 892 893 894 895 896 897 898 899]] [60 [900 901 902 903 904 905 906 907 908 909 910 911 912 913 914]] [61 [915 916 917 918 919 920 921 922 923 924 926 928 929]] [62 [930 931 932 935 936 937 938 939 940 941 942]] [63 [945 946 947 948 951 952 954 955 956 957 959]] [64 [960 962 963 964 965 969 970 972 973]] [65 [977 978 979 980 981 982 983 984 985 986 987 988 989]] [66 [990 991 992 993 994 995 996 997 998 999 1000 1001 1002 1003 1004]] [67 [1005 1006 1007 1008 1009 1010 1011 1012 1013 1014 1015 1016 1017 1018 1019]] [68 [1020 1021 1022 1023 1024 1025 1026 1027 1028 1029 1030 1031 1032 1033 1034]] [69 [1035 1036 1037 1038 1039 1040 1041 1042 1043 1044 1045 1046 1047 1049]] [70 [1050 1051 1052 1053 1054 1055 1056 1057 1058 1059 1060 1061 1062 1063 1064]] [71 [1065 1066 1067 1068 1069 1070 1071 1072 1073 1074 1075 1076 1077 1078 1079]] [72 [1081 1082 1084 1088 1089 1094]] [73 [1096 1098 1103 1105 1107 1108 1109]] [74 [1110 1111 1112 1113 1114 1115 1116 1117 1119 1120 1121 1122 1123 1124]] [75 [1125 1126 1127 1128 1129 1130 1131 1132 1133 1134 1136 1138]] [76 [1141 1142 1143 1144 1145 1147 1148 1150 1151 1152 1153]] [77 [1155 1157 1158 1159 1160 1161 1162 1163 1164 1165 1166 1167 1168 1169]] [78 [1170 1171 1173 1174 1175 1176 1177 1178 1179 1180 1181 1182 1183 1184]] [79 [1185 1186 1187 1188 1189 1190 1191 1192 1193 1194 1195 1196 1197 1198 1199]] [80 [1200 1201 1202 1203 1204 1208 1209 1210 1212 1213 1214]] [81 [1215 1216 1217 1218 1219 1220 1221 1222 1223 1224 1225 1226 1227 1228 1229]] [82 [1230 1231 1232 1233 1235 1236 1237 1238 1239 1240 1241 1242 1243 1244]] [83 [1245 1246 1247 1248 1249 1250 1251 1252 1253 1254 1256 1257 1258 1259]] [84 [1260 1261 1262 1263 1265 1267 1269 1270 1271]] [85 [1275 1276 1277 1279 1280 1281 1282 1283 1284 1286 1287]] [86 [1290 1291 1292 1293 1295 1296 1298 1299 1300 1301 1302 1303 1304]] [87 [1305 1306 1307 1308 1309 1310 1311 1312 1313 1314 1315 1316 1317 1318 1319]] [88 [1320 1321 1322 1323 1324 1325 1326 1327 1328 1329 1330 1331 1332 1333 1334]] [89 [1335 1336 1337 1338 1339 1340 1341 1342 1343 1344 1345 1346 1347 1348 1349]] [90 [1350 1351 1352 1353 1354 1355 1356 1357 1358 1359 1360 1361 1362 1363 1364]] [91 [1365 1366 1367 1368 1369 1370 1371 1372 1373 1374 1375 1376 1377 1378 1379]] [92 [1380 1381 1382 1383 1384 1385 1386 1387 1388 1389 1390 1391 1392 1393 1394]] [93 [1395 1396 1397 1398 1399 1400 1401 1402 1403 1404 1405 1406 1407 1408 1409]] [94 [1410 1411 1412 1414 1415 1416 1417 1418 1419 1420 1421 1422 1423 1424]] [95 [1425 1426 1427 1428 1429 1430 1431 1432 1433 1434 1435 1436 1437 1438 1439]] [96 [1440 1441 1442 1443 1444 1445 1446 1447 1448 1449 1450 1451 1452 1453 1454]] [97 [1455 1456 1457 1458 1459 1460 1461 1462 1463 1464 1465 1466 1467 1468 1469]] [98 [1472 1475 1476 1477 1478 1479 1484]] [99 [1485 1486 1487 1488 1489 1490 1491 1492 1493 1494 1495 1496 1497 1498 1499]]]","[[0 [1 10 11 12 13 14]] [1 [15 18 20 22 26 29]] [2 [35 37 39 41 42 43 44]] [3 [48 51 52 53 58]] [4 [60 67 68 70 72 74]] [5 [75 76 77 78 81 83 87 88 89]] [6 [90 92 94 95 98 101 102]] [7 [105 107 108 111 112 115 119]] [8 [121 125 126 127 128 130 131 132 134]] [9 [136 138 141 142 144 146 147 149]] [10 [150 151 152 153 154 155 156 157]] [11 [166 172 173 177 178 179]] [12 [180 184 186 187 190]] [13 [198 199 203 204 205 206 207 209]] [14 [210 211 212 213 214 215 219 220 222]] [15 [226 228 229 230 237]] [16 [242 246 247 250 251 252]] [17 [255 256 257 265 266 267]] [18 [271 272 278 280 281 282 283]] [19 [285 290 291 292 295 297 298 299]] [20 [300 302 304 306 307 308 309 310 311 312 314]] [21 [315 316 317 318 319 320 322 323 324 328]] [22 [331 333 334 335 338 342]] [23 [347 349 350 352 354 355]] [24 [360 362 363 371 372]] [25 [378 380 382 383 385 386 387 388]] [26 [390 391 393 398 402]] [27 [405 406 407 408 409 412 417 418]] [28 [420 421 422 424 425 427 432 434]] [29 [435 437 439 440 441 442 444 445 447 448]] [30 [450 452 454 455 456 457 462]] [31 [465 469 471 472 474 479]] [32 [481 482 486 487 490 493]] [33 [497 500 501 502 504 505 506 507]] [34 [513 514 517 520 521 523 524]] [35 [525 526 531 532 533 534 538 539]] [36 [540 546 547 548 552 554]] [37 [556 557 559 562 565 567 568]] [38 [570 571 572 574 575 578 583 584]] [39 [586 588 589 590 591 593 594 596 599]] [40 [600 602 603 609 610 611 613 614]] [41 [615 618 619 620 622 624 627 628 629]] [42 [633 634 635 636 637 638 642 643 644]] [43 [645 646 648 650 654 655 656 659]] [44 [660 661 662 664 665 667 668 671 673]] [45 [675 677 678 681 683 684 685 686 688 689]] [46 [693 695 696 697 698 699 700 702 704]] [47 [705 708 709 711 712 713 714 716 717]] [48 [720 722 723 724 725 726 728 730 734]] [49 [737 738 739 740 742 743 746 748]] [50 [750 755 757 760 762]] [51 [765 769 773 775 776]] [52 [780 782 783 786 789 792]] [53 [796 798 799 803 804 806 807]] [54 [817 819 821 823]] [55 [828 829 830 831 833 836 837]] [56 [841 845 847 848 850 851]] [57 [855 857 859 863 865 866 867 869]] [58 [872 874 875 879]] [59 [887 890 892 895]] [60 [900 906 907 908 909 911 913 914]] [61 [916 917 919 921 922 923 924 929]] [62 [930 931 932 935 937 939 942]] [63 [945 946 948 951 952 956 957 959]] [64 [960 962 963 964 965 970 972 973]] [65 [977 978 981 982 983 984 985 986 989]] [66 [990 992 993 997 998 999 1000 1001 1003 1004]] [67 [1008 1009 1010 1013 1016 1019]] [68 [1020 1021 1023 1025 1028 1031]] [69 [1035 1038 1041 1043 1045 1047]] [70 [1051 1054 1057 1060 1064]] [71 [1069 1071 1072 1074 1076 1079]] [72 [1082 1084 1088 1089 1094]] [73 [1096 1098 1103 1105 1107 1108 1109]] [74 [1110 1112 1116 1119 1121]] [75 [1125 1127 1131 1132 1133 1134 1136 1138]] [76 [1141 1143 1144 1145 1151 1152 1153]] [77 [1155 1157 1161 1162 1163 1164]] [78 [1170 1171 1173 1174 1175 1176 1177 1178 1180 1183]] [79 [1185 1186 1193 1194 1195 1197 1199]] [80 [1200 1201 1202 1203 1208 1209 1213]] [81 [1215 1216 1218 1220 1222 1225 1227 1228 1229]] [82 [1231 1232 1233 1236 1237 1238 1242 1243]] [83 [1247 1249 1250 1251 1252 1254 1256 1257 1258 1259]] [84 [1260 1261 1262 1265 1267 1269 1270 1271]] [85 [1275 1276 1277 1279 1280 1281 1282 1283 1287]] [86 [1290 1292 1293 1296 1299 1301 1302 1303 1304]] [87 [1306 1309 1310 1311 1312 1313 1315 1318 1319]] [88 [1320 1321 1322 1324 1325 1327 1329 1330 1332 1333 1334]] [89 [1336 1337 1338 1339 1342 1344 1346 1347]] [90 [1350 1352 1354 1355 1358 1359 1361]] [91 [1367 1370 1371 1372 1373 1377]] [92 [1380 1381 1382 1383 1384 1385 1387 1388 1389 1390 1394]] [93 [1395 1396 1398 1403 1404 1406 1407 1408]] [94 [1410 1411 1414 1415 1417 1418 1421 1422 1423]] [95 [1427 1428 1429 1432 1433 1434 1435 1436]] [96 [1440 1441 1442 1443 1445 1446 1449 1450 1454]] [97 [1455 1462 1465 1466 1469]] [98 [1472 1475 1476]] [99 [1488 1489 1491 1495 1496]]]",,"[[{media 50} [[""A"" [4 4 4 4 4 4 4 4 4 4]]]] [{media 53} [[""A"" [6 6 6 6 6 6 6 6 6 6]]]] [{media 54} [[""A"" [2 2 2 2 2 2 2 2 2 2]]]] [{media 55} [[""A"" [1 1 1 1 1 1 1 1 1 1]]]] [{media 56} [[""A"" [5 5 5 5 5 5 5 5 5 5]]]] [{media 57} [[""A"" [2 2 2 2 2 2 2 2 2 2]]]] [{media 59} [[""A"" [2 2 2 2 2 2 2 2 2 2]]]] [{media 60} [[""A"" [1 1 1 1 1 1 1 1 1 1]]]] [{media 61} [[""A"" [6 6 6 6 6 6 6 6 6 6]]]] [{media 62} [[""A"" [3 3 3 3 3 3 3 3 3 3]]]] [{media 63} [[""A"" [1 1 1 1 1 1 1 1 1 1]]]] [{media 64} [[""A"" [4 4 4 4 4 4 4 4 4 4]]]] [{citizen 7} [[""A"" [1 2 2 1 1 3 4 6 6 4]]]] [{citizen 0} [[""A"" [3 2 2 1 0 1 0 2 3 1]]]] [{citizen 4} [[""A"" [6 3 2 1 4 1 2 4 6 6]]]] [{citizen 6} [[""A"" [1 2 0 1 5 0 2 3 2 1]]]] [{citizen 12} [[""A"" [1 3 1 2 4 6 0 3 2 1]]]] [{media 58} [[""A"" [5 5 5 5 5 5 5 5 5 5]]]] [{citizen 8} [[""A"" [1 3 2 1 0 0 2 3 2 1]]]] [{citizen 26} [[""A"" [2 1 2 3 4 2 1 0 2 6]]]] [{citizen 41} [[""A"" [4 6 2 3 4 1 2 4 6 6]]]] [{citizen 22} [[""A"" [0 2 2 2 4 5 6 4 2 4]]]] [{citizen 21} [[""A"" [1 3 2 1 1 0 2 3 2 1]]]] [{citizen 17} [[""A"" [4 5 4 2 5 4 2 3 2 1]]]] [{citizen 33} [[""A"" [1 2 4 2 2 0 2 3 2 1]]]] [{citizen 25} [[""A"" [1 3 2 2 1 0 1 2 3 1]]]] [{citizen 9} [[""A"" [2 5 5 4 6 5 1 2 2 1]]]] [{citizen 44} [[""A"" [3 1 1 1 2 4 6 6 5 4]]]] [{citizen 40} [[""A"" [2 3 2 2 1 0 1 0 2 1]]]] [{citizen 11} [[""A"" [3 1 2 2 3 1 1 4 6 5]]]] [{citizen 37} [[""A"" [1 2 0 1 1 2 1 0 1 5]]]] [{citizen 34} [[""A"" [1 1 2 4 2 1 3 2 0 4]]]] [{citizen 24} [[""A"" [2 1 3 2 1 0 1 3 2 1]]]] [{citizen 38} [[""A"" [1 2 3 1 2 3 4 5 6 5]]]] [{citizen 46} [[""A"" [1 1 2 3 4 2 3 2 1 1]]]] [{citizen 36} [[""A"" [2 1 1 1 2 4 6 6 4 1]]]] [{citizen 13} [[""A"" [4 3 1 2 0 2 4 0 2 6]]]] [{citizen 45} [[""A"" [2 3 2 1 1 2 4 0 1 1]]]] [{media 51} [[""A"" [2 2 2 2 2 2 2 2 2 2]]]] [{citizen 35} [[""A"" [1 2 3 5 6 6 2 2 2 4]]]] [{citizen 18} [[""A"" [2 4 1 2 3 1 1 2 2 1]]]] [{citizen 39} [[""A"" [3 5 5 2 2 2 4 6 0 1]]]] [{citizen 23} [[""A"" [4 6 6 5 5 2 1 3 4 6]]]] [{citizen 10} [[""A"" [1 3 2 1 0 1 0 3 2 1]]]] [{citizen 1} [[""A"" [4 2 3 1 2 4 5 6 6 5]]]] [{citizen 3} [[""A"" [4 6 2 1 3 2 4 5 3 1]]]] [{citizen 16} [[""A"" [2 2 1 0 1 0 2 3 2 1]]]] [{citizen 43} [[""A"" [2 2 2 1 1 2 3 4 6 5]]]] [{citizen 19} [[""A"" [3 4 2 2 2 6 4 5 5 6]]]] [{citizen 20} [[""A"" [2 1 4 4 2 1 2 4 6 6]]]] [{citizen 48} [[""A"" [3 4 2 2 1 1 2 0 2 5]]]] [{citizen 42} [[""A"" [2 3 1 2 3 2 4 5 2 1]]]] [{citizen 30} [[""A"" [1 2 3 2 4 4 1 2 2 1]]]] [{citizen 5} [[""A"" [2 3 1 2 0 2 4 0 2 1]]]] [{citizen 32} [[""A"" [5 5 1 2 3 4 5 4 5 3]]]] [{citizen 2} [[""A"" [3 4 2 1 3 2 2 6 4 5]]]] [{citizen 49} [[""A"" [1 2 3 2 1 1 0 3 2 1]]]] [{citizen 15} [[""A"" [2 3 1 2 0 4 0 2 2 1]]]] [{citizen 47} [[""A"" [2 2 1 2 3 2 1 0 1 6]]]] [{citizen 31} [[""A"" [5 2 1 1 1 2 1 2 0 3]]]] [{citizen 29} [[""A"" [3 1 2 0 4 1 3 2 1 1]]]] [{citizen 27} [[""A"" [6 5 5 2 1 2 4 0 3 2]]]] [{citizen 14} [[""A"" [1 2 1 3 2 1 0 1 0 1]]]] [{media 52} [[""A"" [0 0 0 0 0 0 0 0 0 0]]]]]"
"29","[0 0 255]","141.875","6.351393543225427","-8.037787510529949","""circle""","""""","9.9","{breed citizens}","false","0.5","1","""up""",,"[[""ID"" 13] [""alpha"" 1] [""beta"" 1] [""malleable"" [""A""]] [""prior"" []] [""cont_tokens"" []] [""A"" 6]]","[[0 [0 1 2 3 4 5 6 9 10 11 12 13 14]] [1 [15 16 17 18 20 21 22 24 25 26 27 28 29]] [2 [30 31 32 33 34 35 36 37 38 39 40 41 42 43 44]] [3 [45 46 47 48 49 50 51 52 53 54 55 56 57 58 59]] [4 [60 61 62 63 64 65 66 67 68 69 70 71 72 73 74]] [5 [75 76 77 78 79 80 81 82 83 84 85 86 87 88 89]] [6 [90 91 92 93 94 95 96 97 98 101 102 103]] [7 [106 107 108 109 110 111 112 114 115 116 117 119]] [8 [120 121 122 123 124 125 126 127 128 129 130 131 132 133 134]] [9 [135 136 137 138 139 140 141 142 144 145 146 147 149]] [10 [150 151 152 153 154 155 156 157 158 159 160 161 163]] [11 [165 166 167 168 169 170 171 172 173 174 175 176 177 178 179]] [12 [181 182 183 185 186 187 188 189 190 191 192 193 194]] [13 [195 196 197 198 199 200 201 202 203 204 205 206 207 208 209]] [14 [210 211 212 213 214 215 216 217 218 219 220 221 222 224]] [15 [225 226 227 228 229 230 231 232 234 235 236 237 238 239]] [16 [240 241 242 243 244 245 246 247 248 249 250 251 252 253 254]] [17 [255 256 257 258 259 260 261 262 263 264 265 266 267 268 269]] [18 [270 271 272 273 274 275 276 277 278 279 280 281 282 283 284]] [19 [285 286 287 288 289 290 291 292 293 294 295 296 298 299]] [20 [300 305 306 307 308 313]] [21 [315 316 317 318 319 320 321 322 323 324 325 326 327 328 329]] [22 [330 331 332 333 334 335 336 337 338 339 340 341 342 343 344]] [23 [347 349 350 352 354 355 357]] [24 [360 362 363 365 367 368 369 371 372]] [25 [378 379 380 382 383 384 385 386 387 388 389]] [26 [390 391 392 393 394 395 396 397 398 400 401 402 403 404]] [27 [405 406 407 408 409 411 412 413 414 415 416 417 418 419]] [28 [420 421 422 423 424 425 426 427 428 429 430 431 432 433 434]] [29 [435 437 439 440 441 442 443 444 445 446 447 448 449]] [30 [450 451 452 453 454 455 456 457 458 459 460 461 462 463 464]] [31 [466 467 468 470 471 472 473 474 475 476 477 478 479]] [32 [480 481 482 483 484 485 486 487 488 489 490 491 492 493 494]] [33 [495 496 497 498 499 500 501 502 503 504 505 506 507 508 509]] [34 [510 511 512 513 514 515 516 517 518 519 520 521 522 523 524]] [35 [525 526 527 528 529 530 531 532 533 534 535 536 537 538 539]] [36 [540 541 542 543 544 545 546 547 548 549 550 551 552 553 554]] [37 [555 556 557 558 559 560 561 562 563 564 565 566 567 568 569]] [38 [570 571 572 573 574 575 576 577 578 579 580 581 582 583 584]] [39 [585 586 587 588 589 590 591 592 593 594 595 596 597 598 599]] [40 [600 601 602 603 604 605 606 607 608 609 610 611 612 613 614]] [41 [615 616 617 618 619 620 621 622 623 624 625 626 627 628 629]] [42 [630 631 632 633 634 635 636 637 638 639 640 641 642 643 644]] [43 [645 646 647 648 650 651 652 653 654 655 656 658 659]] [44 [660 661 662 664 665 667 668 670 671 672 673 674]] [45 [675 676 677 678 679 680 681 682 683 684 685 686 687 688 689]] [46 [690 691 693 694 695 696 697 698 699 700 701 702 703 704]] [47 [705 706 707 708 709 710 711 712 713 714 715 716 717 718 719]] [48 [720 721 722 723 724 725 726 727 728 729 730 731 732 733 734]] [49 [735 736 737 738 739 740 741 742 743 744 745 746 747 748 749]] [50 [750 751 752 753 754 755 756 757 758 759 760 762 764]] [51 [765 766 767 768 769 770 771 772 773 774 775 776 777 779]] [52 [780 782 783 785 786 787 788 789 790 791 792 793 794]] [53 [795 796 797 798 799 800 801 802 804 805 806 807 808 809]] [54 [810 811 812 813 814 815 816 817 818 819 820 821 822 823 824]] [55 [828 829 830 831 832 833 834 835 836 837 838 839]] [56 [840 841 842 843 844 845 846 847 848 849 850 851 852 853 854]] [57 [855 857 858 859 862 863 864 865 866 867 869]] [58 [870 871 872 873 874 875 876 877 878 879 880 881 882 883 884]] [59 [885 886 887 888 889 890 891 892 893 894 895 896 899]] [60 [900 901 902 903 904 905 906 907 908 909 910 911 912 913 914]] [61 [915 916 917 918 919 920 921 922 923 924 925 926 927 928 929]] [62 [930 931 932 935 936 937 938 939 940 941 942]] [63 [945 946 947 948 951 952 954 955 956 957 959]] [64 [960 962 963 964 965 969 970 972 973]] [65 [977 978 979 980 981 982 983 984 985 986 987 988 989]] [66 [990 991 992 993 994 995 996 997 998 999 1000 1001 1002 1003 1004]] [67 [1005 1006 1007 1008 1009 1010 1011 1012 1013 1014 1015 1016 1017 1018 1019]] [68 [1020 1021 1022 1023 1024 1025 1026 1027 1028 1029 1030 1031 1032 1033 1034]] [69 [1035 1036 1037 1038 1039 1040 1041 1042 1043 1044 1045 1046 1047 1049]] [70 [1050 1051 1052 1053 1054 1055 1056 1057 1058 1059 1060 1061 1062 1063 1064]] [71 [1065 1066 1067 1068 1069 1070 1071 1072 1073 1074 1075 1076 1077 1078 1079]] [72 [1080 1081 1082 1083 1084 1085 1086 1087 1088 1089 1090 1091 1092 1093 1094]] [73 [1095 1097 1099 1100 1101 1102 1104 1106]] [74 [1110 1111 1112 1113 1114 1115 1116 1117 1118 1119 1120 1121 1122 1123 1124]] [75 [1125 1126 1127 1128 1129 1130 1131 1132 1133 1134 1135 1136 1137 1138 1139]] [76 [1140 1141 1142 1143 1144 1145 1147 1148 1150 1151 1152 1153]] [77 [1155 1156 1157 1158 1159 1160 1161 1162 1163 1164 1165 1166 1167 1168 1169]] [78 [1170 1171 1172 1173 1174 1175 1176 1177 1178 1179 1180 1181 1182 1183 1184]] [79 [1185 1186 1188 1189 1190 1191 1192 1193 1194 1195 1196 1197 1198 1199]] [80 [1200 1201 1202 1203 1204 1208 1209 1210 1212 1213 1214]] [81 [1215 1216 1217 1218 1219 1220 1221 1222 1223 1224 1225 1226 1227 1228 1229]] [82 [1230 1231 1232 1233 1235 1236 1237 1238 1239 1240 1241 1242 1243 1244]] [83 [1245 1246 1247 1248 1249 1250 1251 1252 1253 1254 1256 1257 1258 1259]] [84 [1260 1261 1262 1263 1265 1267 1269 1270 1271]] [85 [1275 1276 1277 1279 1280 1281 1282 1283 1284 1286 1287]] [86 [1290 1291 1292 1293 1295 1296 1298 1299 1300 1301 1302 1303 1304]] [87 [1305 1306 1307 1308 1309 1310 1311 1312 1313 1314 1315 1316 1317 1318 1319]] [88 [1320 1321 1322 1323 1324 1325 1326 1327 1328 1329 1330 1331 1332 1333 1334]] [89 [1335 1336 1337 1338 1339 1340 1341 1342 1343 1344 1345 1346 1347 1348 1349]] [90 [1350 1351 1352 1353 1354 1355 1356 1357 1358 1359 1360 1361 1362 1363 1364]] [91 [1365 1366 1367 1368 1369 1370 1371 1372 1373 1374 1375 1376 1377 1378 1379]] [92 [1380 1381 1382 1383 1384 1385 1386 1387 1388 1389 1390 1391 1392 1393 1394]] [93 [1395 1396 1397 1398 1399 1400 1401 1402 1403 1404 1405 1406 1407 1408 1409]] [94 [1410 1411 1412 1414 1415 1416 1417 1418 1419 1420 1421 1422 1423 1424]] [95 [1425 1426 1427 1428 1429 1430 1431 1432 1433 1434 1435 1436 1437 1438 1439]] [96 [1440 1441 1442 1443 1445 1446 1447 1448 1449 1450 1451 1452 1453 1454]] [97 [1455 1456 1457 1458 1459 1460 1461 1462 1463 1464 1465 1466 1467 1468 1469]] [98 [1470 1471 1472 1473 1474 1475 1476 1479 1480 1481 1482 1483 1484]] [99 [1485 1486 1487 1488 1489 1491 1494 1495 1496 1497 1498 1499]]]","[[0 [1 6 10 11 12]] [1 [16 17 21 24 27 28 29]] [2 [30 31 32 33 34 36 38 40]] [3 [45 46 47 50 54 55 56 57 59]] [4 [61 62 64 65 69 70 72 74]] [5 [75 76 77 78 81 83 87 88 89]] [6 [90 92 93 95 98 101 103]] [7 [106 109 110 111 112 116 117 119]] [8 [121 125 127 128 130 133 134]] [9 [136 138 141 142 144 149]] [10 [150 151 152 153 154 155 160]] [11 [166 167 169 170 171 174 175 176]] [12 [181 182 183 185 192 194]] [13 [196 198 199 203 204 205 208 209]] [14 [210 211 212 213 214 215 219 220 222]] [15 [226 228 229 230 235 236 238 239]] [16 [240 241 244 245 248 249 250 251 252]] [17 [255 256 257 268 269]] [18 [270 273 275 284]] [19 [287 293 294 296 298 299]] [20 [300 306 307 308]] [21 [316 317 318 320 322 323 324 328]] [22 [331 333 334 335 338 339 342]] [23 [347 349 350 354 355]] [24 [360 362 363 371 372]] [25 [378 380 382 383 385 388]] [26 [390 391 393 398 401 402]] [27 [405 406 408 409 412 414 415 417 418]] [28 [420 421 422 424 425 427 432 434]] [29 [435 437 439 440 441 442 444 445 447 448]] [30 [450 451 453 458 459 460 461 463 464]] [31 [466 467 468 470 471 472 474 479]] [32 [481 482 484 485 488 489 492 494]] [33 [495 497 499 502 503 504 508 509]] [34 [510 511 512 513 514 517 520 521]] [35 [530 535 536 537 538]] [36 [540 541 546 547 548 552 553]] [37 [555 559 562 566 567 568]] [38 [570 571 572 574 575 576 577 578 583 584]] [39 [586 588 591 593 594 596 599]] [40 [600 605 606 608 612 614]] [41 [615 618 619 620 622 624 627 628 629]] [42 [633 634 635 636 637 642 643 644]] [43 [645 646 648 650 654 656 659]] [44 [660 661 662 664 667 668 671 673]] [45 [676 679 680 682 687]] [46 [690 691 694 703 704]] [47 [705 708 710 715 716]] [48 [722 723 724 725 726 728 730 734]] [49 [737 738 739 740 742 744 745 747]] [50 [751 752 753 754 756 758 759 760 762]] [51 [765 769 773 775 776]] [52 [780 783 785 787 788 790 791 793 794]] [53 [795 796 798 799 806 807]] [54 [811 817 819 821 823]] [55 [828 829 830 831 834 835 838 839]] [56 [842 847 848 850 852 854]] [57 [857 859 863 865 866 867 869]] [58 [873 875 878 880 881 882 883 884]] [59 [885 886 888 889 890 892 895]] [60 [902 904 906 907 908 909 911 913 914]] [61 [916 917 919 921 922 923 924 926 929]] [62 [930 931 932 935 937 938 940 941 942]] [63 [945 946 948 951 952 956 957 959]] [64 [960 962 963 964 965 969 972 973]] [65 [978 981 982 986 989]] [66 [990 992 993 997 998 999 1000 1003]] [67 [1006 1007 1008 1009 1010 1013 1016 1019]] [68 [1020 1021 1023 1025 1030 1031]] [69 [1035 1038 1041 1043 1045 1046 1049]] [70 [1052 1055 1056 1058 1059 1061 1062 1063]] [71 [1065 1066 1067 1068 1070 1073 1075 1077 1078]] [72 [1080 1081 1084 1088 1089 1090 1091 1092 1093]] [73 [1095 1097 1099 1100 1101 1104 1106]] [74 [1111 1113 1114 1115 1117 1120 1123 1124]] [75 [1126 1128 1129 1130 1132 1133 1134 1136 1138]] [76 [1142 1147 1148 1150 1153]] [77 [1155 1161 1163 1164]] [78 [1170 1171 1173 1174 1175 1176 1177 1178 1180 1183]] [79 [1185 1186 1195 1197 1199]] [80 [1200 1201 1208 1209 1210 1212 1214]] [81 [1217 1219 1221 1222 1223 1224 1225 1227 1228 1229]] [82 [1231 1232 1233 1236 1237 1238 1242 1243]] [83 [1248 1251 1252 1254 1256 1257 1259]] [84 [1260 1262 1263 1265 1267 1269 1270 1271]] [85 [1275 1276 1281 1282 1283 1287]] [86 [1290 1292 1293 1298 1300]] [87 [1305 1307 1308 1314 1317]] [88 [1320 1321 1322 1323 1324 1326 1328]] [89 [1335 1341 1343 1345 1349]] [90 [1351 1355 1356 1357 1360 1362 1363 1364]] [91 [1365 1366 1368 1369 1370 1371 1373 1377]] [92 [1380 1381 1382 1383 1384 1389 1390 1394]] [93 [1395 1396 1398 1403 1404 1405 1408]] [94 [1410 1411 1414 1415 1417 1418 1421 1422 1423 1424]] [95 [1425 1426 1429 1432 1433 1434 1435 1436 1437]] [96 [1441 1442 1443 1445 1449 1450 1454]] [97 [1455 1456 1457 1458 1459 1460 1461 1463 1464 1467 1468]] [98 [1471 1472 1475 1476 1479 1484]] [99 [1485 1488 1489 1491 1495 1496]]]",,"[[{media 50} [[""A"" [4 4 4 4 4 4 4 4 4 4]]]] [{media 53} [[""A"" [6 6 6 6 6 6 6 6 6 6]]]] [{media 54} [[""A"" [2 2 2 2 2 2 2 2 2 2]]]] [{media 55} [[""A"" [1 1 1 1 1 1 1 1 1 1]]]] [{media 56} [[""A"" [5 5 5 5 5 5 5 5 5 5]]]] [{media 57} [[""A"" [2 2 2 2 2 2 2 2 2 2]]]] [{media 59} [[""A"" [2 2 2 2 2 2 2 2 2 2]]]] [{media 60} [[""A"" [1 1 1 1 1 1 1 1 1 1]]]] [{media 61} [[""A"" [6 6 6 6 6 6 6 6 6 6]]]] [{media 62} [[""A"" [3 3 3 3 3 3 3 3 3 3]]]] [{media 63} [[""A"" [1 1 1 1 1 1 1 1 1 1]]]] [{media 64} [[""A"" [4 4 4 4 4 4 4 4 4 4]]]] [{citizen 5} [[""A"" [1 1 2 2 2 4 4 2 0 2]]]] [{citizen 7} [[""A"" [1 2 2 1 1 3 5 6 6 4]]]] [{citizen 0} [[""A"" [6 5 5 2 2 2 0 0 2 2]]]] [{citizen 4} [[""A"" [6 3 2 2 1 1 1 3 1 6]]]] [{citizen 6} [[""A"" [1 1 5 0 1 2 1 1 0 2]]]] [{citizen 12} [[""A"" [1 1 1 3 1 0 1 3 2 1]]]] [{media 58} [[""A"" [5 5 5 5 5 5 5 5 5 5]]]] [{citizen 8} [[""A"" [2 0 0 1 2 2 1 1 1 2]]]] [{citizen 26} [[""A"" [1 1 2 3 4 2 1 2 4 6]]]] [{citizen 41} [[""A"" [2 1 1 1 3 4 2 4 6 5]]]] [{citizen 22} [[""A"" [2 2 1 4 6 4 2 1 3 2]]]] [{citizen 21} [[""A"" [1 2 2 1 2 2 1 1 1 2]]]] [{citizen 17} [[""A"" [5 1 1 2 3 4 4 4 2 2]]]] [{citizen 33} [[""A"" [1 1 2 3 4 2 2 0 1 2]]]] [{citizen 25} [[""A"" [2 2 0 1 0 2 3 5 5 3]]]] [{citizen 9} [[""A"" [1 1 1 2 5 4 6 5 1 2]]]] [{citizen 44} [[""A"" [1 1 1 2 1 2 6 6 5 5]]]] [{citizen 40} [[""A"" [4 5 4 3 5 2 4 3 2 1]]]] [{citizen 11} [[""A"" [2 3 2 3 2 1 1 5 6 4]]]] [{citizen 37} [[""A"" [2 2 2 2 1 2 0 1 0 5]]]] [{citizen 28} [[""A"" [1 3 2 2 2 4 6 5 5 4]]]] [{citizen 36} [[""A"" [2 1 1 3 4 1 2 5 2 1]]]] [{citizen 46} [[""A"" [1 2 3 4 2 2 1 6 4 1]]]] [{citizen 38} [[""A"" [1 2 1 1 2 3 4 5 6 5]]]] [{citizen 24} [[""A"" [2 1 2 2 0 0 2 4 3 2]]]] [{citizen 13} [[""A"" [3 4 4 2 1 2 0 2 2 1]]]] [{citizen 31} [[""A"" [3 5 6 2 2 1 1 1 3 5]]]] [{citizen 45} [[""A"" [1 2 4 5 5 0 1 2 1 1]]]] [{citizen 39} [[""A"" [5 2 2 2 1 1 2 4 1 0]]]] [{citizen 19} [[""A"" [4 3 2 2 2 4 6 5 4 5]]]] [{citizen 42} [[""A"" [2 2 2 4 6 5 4 5 2 1]]]] [{citizen 23} [[""A"" [5 1 1 1 2 3 6 0 1 4]]]] [{citizen 49} [[""A"" [2 2 2 1 0 0 1 2 0 2]]]] [{citizen 15} [[""A"" [2 1 1 2 0 2 4 5 1 0]]]] [{citizen 47} [[""A"" [2 1 2 1 2 2 0 0 1 5]]]] [{citizen 18} [[""A"" [1 1 2 5 1 1 1 1 1 2]]]] [{citizen 2} [[""A"" [1 1 3 2 2 2 4 6 5 5]]]] [{citizen 30} [[""A"" [3 4 4 2 1 2 4 3 5 2]]]] [{citizen 1} [[""A"" [1 1 4 2 2 3 1 5 6 5]]]] [{citizen 35} [[""A"" [1 2 3 5 6 6 1 1 2 4]]]] [{citizen 27} [[""A"" [2 3 4 0 2 2 2 1 1 2]]]] [{citizen 3} [[""A"" [1 1 3 2 4 5 4 3 2 1]]]] [{citizen 32} [[""A"" [2 1 1 1 2 3 4 4 5 3]]]] [{citizen 10} [[""A"" [1 3 2 0 0 2 1 1 1 2]]]] [{citizen 34} [[""A"" [2 1 2 2 0 0 2 4 3 5]]]] [{citizen 16} [[""A"" [2 1 0 1 3 2 2 1 0 2]]]] [{media 51} [[""A"" [2 2 2 2 2 2 2 2 2 2]]]] [{citizen 20} [[""A"" [1 1 2 3 4 2 1 6 6 5]]]] [{citizen 48} [[""A"" [1 3 4 2 1 1 2 2 4 5]]]] [{citizen 14} [[""A"" [2 2 0 0 2 1 3 2 2 1]]]] [{media 52} [[""A"" [0 0 0 0 0 0 0 0 0 0]]]] [{citizen 43} [[""A"" [2 1 1 1 2 3 4 6 5 5]]]]]"
"30","[213 0 42]","150.625","5.08186521582532","-9.129902233458353","""circle""","""""","9.9","{breed citizens}","false","0.5","1","""up""",,"[[""ID"" 40] [""alpha"" 1] [""beta"" 1] [""malleable"" [""A""]] [""prior"" []] [""cont_tokens"" []] [""A"" 1]]","[[0 [0 1 2 3 4 5 6 7 8 9 10 11 12 13 14]] [1 [15 17 18 19 20 21 22 25 26 28 29]] [2 [30 31 32 33 34 35 36 37 38 39 40 41 42 43 44]] [3 [45 46 47 48 49 50 51 52 53 54 55 56 57 58 59]] [4 [60 62 64 65 66 67 68 70 71 72 73 74]] [5 [75 76 77 78 79 80 81 82 83 84 85 86 87 88 89]] [6 [90 92 93 94 95 96 97 98 101 102 103]] [7 [105 106 107 108 109 110 111 112 114 115 116 117 119]] [8 [120 121 122 123 124 125 126 127 128 129 130 131 132 133 134]] [9 [135 136 137 138 139 140 141 142 144 145 146 147 149]] [10 [150 151 152 153 154 155 156 157 158 159 160 161 163]] [11 [165 166 167 168 169 170 171 172 173 174 175 176 177 178 179]] [12 [180 181 182 183 184 185 186 187 188 189 190 191 192 193 194]] [13 [195 196 197 198 199 200 201 202 203 204 205 206 207 208 209]] [14 [210 211 212 213 214 215 216 217 218 219 220 221 222 224]] [15 [226 228 229 230 235 237]] [16 [242 243 244 246 247 249 250 251 252 253 254]] [17 [255 256 257 265 266 267 268 269]] [18 [270 273 274 275 276 277 278 279 280 281 282 283 284]] [19 [285 286 288 289 290 291 292 295 297]] [20 [300 301 302 303 304 305 306 307 308 309 310 311 312 314]] [21 [315 316 317 318 319 320 321 322 323 324 325 326 327 328 329]] [22 [331 332 333 334 335 336 337 338 339 340 341 342 343 344]] [23 [345 346 348 351 352 353 354 355 356 357 358 359]] [24 [360 361 362 363 364 365 366 367 368 369 370 371 372 373 374]] [25 [375 376 377 378 379 380 381 382 383 384 385 386 387 388 389]] [26 [390 391 393 398 401 402]] [27 [405 406 407 408 409 411 412 413 414 415 416 417 418 419]] [28 [420 421 422 423 424 425 426 427 428 429 430 431 432 434]] [29 [435 436 437 438 439 440 441 442 443 444 445 446 447 448 449]] [30 [450 451 452 453 454 455 456 457 458 459 460 461 462 463 464]] [31 [465 469 471 472 474 475 476 477 478 479]] [32 [480 481 482 483 484 485 486 487 488 489 490 491 492 493 494]] [33 [495 496 497 498 499 500 501 502 503 504 505 506 507 508 509]] [34 [510 511 512 513 514 515 517 519 520 521 522 523 524]] [35 [525 526 527 528 529 531 532 533 534 538]] [36 [540 541 542 543 544 545 546 547 548 549 550 551 552 553 554]] [37 [555 556 557 558 559 560 561 562 563 564 565 566 567 568 569]] [38 [570 571 572 574 575 576 577 578 579 580 581 582 583 584]] [39 [585 586 587 588 589 590 591 592 593 594 595 596 597 598 599]] [40 [600 601 602 603 604 605 606 607 608 609 610 611 612 613 614]] [41 [615 616 617 618 619 620 621 622 623 624 625 626 627 628 629]] [42 [630 631 632 633 634 635 636 637 638 639 640 641 642 643 644]] [43 [645 646 647 648 650 651 652 653 654 655 656 658 659]] [44 [660 661 662 664 665 667 668 670 671 672 673 674]] [45 [675 676 677 678 679 680 681 682 683 684 685 686 687 688 689]] [46 [690 691 693 694 695 696 697 698 699 700 701 702 703 704]] [47 [705 706 707 708 709 710 711 712 713 714 715 716 717 718 719]] [48 [720 721 722 723 724 725 726 728 729 730 731 732 733 734]] [49 [735 736 737 738 739 740 741 742 743 744 745 746 747 748 749]] [50 [750 751 752 753 754 755 756 757 758 759 760 762 764]] [51 [765 767 769 773 774 775 776]] [52 [780 781 782 783 784 785 786 787 788 789 790 791 792 793 794]] [53 [795 796 797 798 799 800 801 802 803 804 805 806 807 808 809]] [54 [810 811 812 813 814 815 816 817 818 819 820 821 822 823 824]] [55 [825 826 827 828 829 830 831 832 833 834 835 836 837 838 839]] [56 [840 841 842 843 844 845 846 847 848 849 850 851 852 853 854]] [57 [855 856 857 858 859 860 861 862 863 864 865 866 867 868 869]] [58 [870 871 872 873 874 875 876 877 878 879 880 881 882 883 884]] [59 [885 886 887 888 889 890 891 892 893 894 895 896 899]] [60 [900 901 902 903 904 905 906 907 908 909 910 911 912 913 914]] [61 [915 916 917 918 919 920 921 922 923 924 925 926 927 928 929]] [62 [931 932 933 934 935 937 938 939 941 942 943 944]] [63 [945 946 947 948 951 952 954 955 956 957 959]] [64 [960 962 963 964 965 969 970 972 973]] [65 [977 978 979 980 981 982 983 984 985 986 987 988 989]] [66 [990 991 992 993 994 995 996 997 998 999 1000 1001 1002 1003 1004]] [67 [1005 1006 1007 1008 1009 1010 1011 1012 1013 1014 1015 1016 1017 1018 1019]] [68 [1020 1021 1022 1023 1024 1025 1026 1027 1028 1029 1030 1031 1032 1033 1034]] [69 [1035 1036 1037 1038 1039 1040 1041 1042 1043 1045 1046 1047 1048 1049]] [70 [1050 1051 1052 1053 1054 1055 1056 1057 1058 1059 1060 1061 1062 1063 1064]] [71 [1065 1066 1067 1068 1070 1073 1074 1075 1076 1077 1078 1079]] [72 [1080 1081 1082 1083 1084 1085 1086 1087 1088 1089 1090 1091 1092 1093 1094]] [73 [1096 1098 1103 1105 1107 1108 1109]] [74 [1110 1111 1112 1113 1114 1115 1116 1117 1119 1120 1121 1122 1123 1124]] [75 [1125 1126 1127 1128 1129 1130 1131 1132 1133 1134 1135 1136 1137 1138 1139]] [76 [1141 1142 1147 1148 1150 1153]] [77 [1155 1157 1158 1159 1160 1161 1162 1163 1164 1165 1166 1167 1168 1169]] [78 [1170 1171 1172 1173 1174 1175 1176 1177 1178 1179 1180 1181 1182 1183 1184]] [79 [1185 1186 1187 1188 1189 1190 1191 1192 1193 1194 1195 1196 1197 1198 1199]] [80 [1200 1201 1202 1203 1204 1205 1206 1207 1208 1209 1210 1211 1212 1213 1214]] [81 [1215 1216 1217 1218 1219 1220 1221 1222 1223 1224 1225 1226 1227 1228 1229]] [82 [1231 1232 1233 1236 1237 1238 1242 1243 1244]] [83 [1245 1246 1247 1248 1249 1250 1251 1252 1254 1256 1257 1258 1259]] [84 [1260 1261 1262 1263 1265 1267 1269 1270 1271]] [85 [1275 1276 1277 1279 1280 1281 1282 1283 1284 1286 1287]] [86 [1290 1291 1292 1293 1295 1296 1298 1299 1300 1301 1302 1303 1304]] [87 [1305 1306 1307 1308 1309 1310 1311 1312 1313 1314 1315 1316 1317 1318 1319]] [88 [1320 1321 1322 1323 1324 1325 1326 1327 1328 1329 1330 1331 1332 1333 1334]] [89 [1335 1336 1337 1338 1339 1340 1341 1342 1343 1344 1345 1346 1347 1348 1349]] [90 [1350 1351 1352 1353 1354 1355 1356 1357 1358 1359 1360 1361 1362 1363 1364]] [91 [1365 1366 1367 1368 1369 1370 1371 1372 1373 1374 1375 1376 1377 1378 1379]] [92 [1380 1381 1382 1383 1384 1385 1386 1387 1388 1389 1390 1391 1392 1393 1394]] [93 [1395 1396 1397 1398 1399 1400 1401 1402 1403 1404 1405 1406 1407 1408 1409]] [94 [1410 1411 1412 1414 1415 1417 1418 1419 1421 1422 1423 1424]] [95 [1425 1426 1427 1428 1429 1430 1431 1432 1433 1434 1435 1436 1437 1438 1439]] [96 [1440 1441 1442 1443 1445 1446 1447 1448 1449 1450 1451 1452 1453 1454]] [97 [1455 1456 1457 1458 1459 1460 1461 1462 1463 1464 1465 1466 1467 1468 1469]] [98 [1470 1471 1472 1473 1474 1475 1476 1477 1478 1479 1480 1481 1482 1483 1484]] [99 [1485 1486 1487 1488 1489 1490 1491 1492 1493 1494 1495 1496 1497 1498 1499]]]","[[0 [1 6 8 10 11 12 13 14]] [1 [15 17 19 21 25 26 28 29]] [2 [30 31 32 33 34 35 37 39 41 42 43]] [3 [45 46 48 51 52 53 58]] [4 [60 66 67 68 70 72 74]] [5 [75 76 77 78 81 83 87 88 89]] [6 [90 92 94 95 98 101 103]] [7 [106 107 108 109 110 111 112 115 119]] [8 [121 125 126 127 128 131 132 133 134]] [9 [136 138 141 142 146 147 149]] [10 [150 151 152 153 154 155 156 158 159 160 163]] [11 [165 168 169 170 171 174 175 176]] [12 [181 182 183 185 189 190 191 193]] [13 [195 197 200 201 207 209]] [14 [210 211 212 214 215 217 219 220 222]] [15 [226 228 229 230 235 237]] [16 [242 246 247 249 250 251 252 254]] [17 [255 256 257 268 269]] [18 [270 273 274 276 277 278 280 281 282 283]] [19 [285 289 290 291 292 295]] [20 [301 302 304 308 309 310 311 312 314]] [21 [315 316 317 318 319 320 322 323 324 328]] [22 [331 333 334 336 337 341 343 344]] [23 [345 346 348 356 357 358 359]] [24 [361 364 366 367 368 369 371 372]] [25 [378 380 382 383 389]] [26 [391 393 398 402]] [27 [405 407 408 409 412 417 418]] [28 [420 421 422 424 425 427 429 430]] [29 [438 446 449]] [30 [452 454 455 456 457 462]] [31 [465 469 471 472 475 476 477 478]] [32 [480 488 489 491 492 493]] [33 [496 498 499 503 504 505 506 507]] [34 [513 514 515 519 522]] [35 [525 526 527 528 531 532 533 534]] [36 [542 543 545 549 550 551 552 554]] [37 [557 559 562 565 566 567 568 569]] [38 [571 572 574 576 577 578 583]] [39 [586 588 589 590 591 593 594 595 597 598]] [40 [600 602 603 607 608 612 614]] [41 [615 618 619 622 624 627 628 629]] [42 [633 635 636 637 642 643 644]] [43 [645 646 648 651 652 653 655 658 659]] [44 [660 661 662 664 665 667 668 672 674]] [45 [675 677 678 681 683 684 685 686 688 689]] [46 [691 694 703 704]] [47 [705 708 710 711 712 713 714 716]] [48 [722 723 724 725 730 734]] [49 [737 738 739 740 742 744 747 749]] [50 [753 754 756 758 759 760 762 764]] [51 [765 769 773 776]] [52 [780 782 783 785 787 788 790 791 793 794]] [53 [795 797 800 801 802 805 808 809]] [54 [810 813 814 816 818 820 821 823]] [55 [828 832 836 837]] [56 [840 841 843 846 849 851 853]] [57 [856 860 861 862 864 868]] [58 [870 871 874 875 878 880 881 882 883 884]] [59 [885 886 888 889 891 892 895]] [60 [902 903 905 912]] [61 [915 920 925 927]] [62 [933 934 935 937 939 941 942]] [63 [945 946 947 948 951 952 956 957 959]] [64 [960 962 963 964 965 970 972 973]] [65 [977 978 981 982 986 989]] [66 [990 992 994 995 1001 1002 1004]] [67 [1008 1009 1010 1013]] [68 [1020 1022 1024 1026 1027 1033 1034]] [69 [1036 1037 1039 1040 1042 1043 1045 1047]] [70 [1050 1052 1053 1056 1058 1059 1061 1062 1063]] [71 [1065 1066 1067 1068 1070 1073 1074 1076 1079]] [72 [1082 1084 1088 1089 1094]] [73 [1096 1098 1103 1105 1107 1108 1109]] [74 [1110 1112 1115 1117 1120 1123 1124]] [75 [1126 1128 1129 1130 1131 1132 1133 1134 1136 1138]] [76 [1141 1147 1148 1150 1153]] [77 [1155 1157 1158 1159 1160 1166 1167 1168 1169]] [78 [1170 1171 1179 1181 1182 1184]] [79 [1187 1189 1190 1194 1195 1197 1199]] [80 [1200 1201 1202 1203 1212 1214]] [81 [1217 1219 1221 1222 1225 1226 1227 1228 1229]] [82 [1231 1232 1233 1236 1237 1238 1242]] [83 [1246 1248 1251 1252 1254 1256 1257 1258 1259]] [84 [1260 1262 1263 1269 1270 1271]] [85 [1275 1276 1279 1280 1281 1282 1283 1287]] [86 [1290 1292 1293 1296 1299 1301 1302 1304]] [87 [1306 1309 1310 1311 1312 1313 1315 1316 1318]] [88 [1323 1324 1328]] [89 [1335 1338 1339 1340 1344 1346 1347]] [90 [1350 1352 1353 1357 1360 1362 1363 1364]] [91 [1365 1366 1368 1369 1370 1371 1373 1377]] [92 [1380 1381 1382 1383 1384 1389 1391 1392]] [93 [1397 1399 1400 1401 1402 1404 1406 1407 1408]] [94 [1410 1411 1414 1415 1417 1418 1421 1422 1423]] [95 [1427 1428 1429 1432 1433 1434 1435 1436 1437]] [96 [1441 1442 1443 1447 1448 1450 1454]] [97 [1455 1462 1465 1466 1469]] [98 [1472 1475 1476 1479 1484]] [99 [1485 1488 1489 1491 1495 1497 1498 1499]]]",,"[[{media 51} [[""A"" [2 2 2 2 2 2 2 2 2 2]]]] [{media 52} [[""A"" [0 0 0 0 0 0 0 0 0 0]]]] [{media 53} [[""A"" [6 6 6 6 6 6 6 6 6 6]]]] [{media 54} [[""A"" [2 2 2 2 2 2 2 2 2 2]]]] [{media 56} [[""A"" [5 5 5 5 5 5 5 5 5 5]]]] [{media 57} [[""A"" [2 2 2 2 2 2 2 2 2 2]]]] [{media 59} [[""A"" [2 2 2 2 2 2 2 2 2 2]]]] [{media 60} [[""A"" [1 1 1 1 1 1 1 1 1 1]]]] [{media 61} [[""A"" [6 6 6 6 6 6 6 6 6 6]]]] [{media 62} [[""A"" [3 3 3 3 3 3 3 3 3 3]]]] [{media 63} [[""A"" [1 1 1 1 1 1 1 1 1 1]]]] [{citizen 5} [[""A"" [0 2 2 4 4 0 2 2 2 1]]]] [{media 55} [[""A"" [1 1 1 1 1 1 1 1 1 1]]]] [{citizen 7} [[""A"" [2 2 1 1 1 3 4 6 6 4]]]] [{media 64} [[""A"" [4 4 4 4 4 4 4 4 4 4]]]] [{citizen 8} [[""A"" [2 1 1 2 2 2 1 3 2 1]]]] [{citizen 25} [[""A"" [1 0 1 2 1 5 2 2 3 1]]]] [{media 58} [[""A"" [5 5 5 5 5 5 5 5 5 5]]]] [{citizen 4} [[""A"" [2 1 1 1 3 1 4 6 6 5]]]] [{citizen 9} [[""A"" [1 1 2 4 6 5 1 2 2 1]]]] [{citizen 13} [[""A"" [1 2 0 2 4 1 2 2 4 6]]]] [{citizen 22} [[""A"" [4 5 6 6 4 2 2 1 1 3]]]] [{media 50} [[""A"" [4 4 4 4 4 4 4 4 4 4]]]] [{citizen 26} [[""A"" [1 1 2 3 2 3 1 0 2 4]]]] [{citizen 41} [[""A"" [6 2 1 1 3 4 2 4 6 5]]]] [{citizen 21} [[""A"" [2 2 2 1 2 2 1 3 2 1]]]] [{citizen 17} [[""A"" [4 2 5 4 2 1 4 3 2 1]]]] [{citizen 33} [[""A"" [4 2 2 0 2 2 1 3 2 1]]]] [{citizen 44} [[""A"" [2 2 1 3 1 2 4 6 6 5]]]] [{citizen 0} [[""A"" [2 0 1 2 2 2 2 2 3 1]]]] [{citizen 40} [[""A"" [5 4 6 2 4 2 2 2 1 1]]]] [{citizen 11} [[""A"" [3 1 2 3 2 1 4 5 5 4]]]] [{citizen 37} [[""A"" [2 1 2 0 1 0 1 5 5 4]]]] [{citizen 28} [[""A"" [2 4 5 4 5 5 4 5 4 6]]]] [{citizen 6} [[""A"" [2 2 1 1 0 2 2 3 2 1]]]] [{citizen 36} [[""A"" [1 1 3 1 2 6 4 5 2 1]]]] [{citizen 46} [[""A"" [2 3 4 2 3 2 1 5 4 1]]]] [{citizen 38} [[""A"" [2 2 3 2 1 1 2 4 6 6]]]] [{citizen 24} [[""A"" [1 2 2 1 0 2 4 3 2 1]]]] [{citizen 12} [[""A"" [3 1 1 3 5 1 1 3 2 1]]]] [{citizen 39} [[""A"" [2 2 2 4 5 1 0 2 2 1]]]] [{citizen 45} [[""A"" [5 0 1 1 2 2 1 2 1 1]]]] [{citizen 19} [[""A"" [2 2 2 4 5 4 5 5 4 6]]]] [{citizen 42} [[""A"" [2 3 2 2 4 5 4 5 2 1]]]] [{citizen 1} [[""A"" [2 1 1 2 3 2 4 5 6 5]]]] [{citizen 49} [[""A"" [1 1 2 2 0 2 2 3 2 1]]]] [{citizen 29} [[""A"" [0 4 2 2 3 2 1 0 4 5]]]] [{citizen 10} [[""A"" [0 2 1 1 2 1 1 3 2 1]]]] [{citizen 15} [[""A"" [2 0 4 5 4 1 2 2 2 1]]]] [{citizen 47} [[""A"" [2 2 1 0 0 1 1 5 4 6]]]] [{citizen 18} [[""A"" [5 5 1 1 1 1 2 1 2 1]]]] [{citizen 31} [[""A"" [1 1 1 2 3 1 2 0 3 5]]]] [{citizen 2} [[""A"" [1 3 2 2 2 4 6 5 4 5]]]] [{citizen 35} [[""A"" [2 3 1 1 2 4 6 6 2 2]]]] [{citizen 3} [[""A"" [2 1 1 3 2 4 5 4 3 1]]]] [{citizen 32} [[""A"" [5 2 1 1 2 3 4 4 5 3]]]] [{citizen 34} [[""A"" [3 2 2 1 0 0 2 4 5 4]]]] [{citizen 16} [[""A"" [2 2 1 0 2 2 2 3 2 1]]]] [{citizen 27} [[""A"" [3 0 1 2 2 1 1 2 3 2]]]] [{citizen 20} [[""A"" [1 1 1 4 2 1 4 6 6 5]]]] [{citizen 48} [[""A"" [4 2 3 1 1 2 0 2 4 5]]]] [{citizen 14} [[""A"" [1 0 0 1 1 2 2 2 1 1]]]] [{citizen 43} [[""A"" [2 2 1 1 2 3 4 6 5 5]]]] [{citizen 23} [[""A"" [5 2 1 1 2 3 6 0 1 4]]]]]"
"31","[213 0 42]","48.75","7.283301476199872","6.176953637649524","""circle""","""""","9.9","{breed citizens}","false","0.5","1","""up""",,"[[""ID"" 21] [""alpha"" 1] [""beta"" 1] [""malleable"" [""A""]] [""prior"" []] [""cont_tokens"" []] [""A"" 1]]","[[0 [0 1 2 3 4 5 6 8 9 10 11 12 13 14]] [1 [15 17 18 19 20 21 22 24 25 26 28 29]] [2 [30 31 32 33 34 35 36 37 38 39 40 41 42 43 44]] [3 [45 46 47 48 49 50 51 52 53 54 55 56 57 58 59]] [4 [60 66 67 68 70 71 72 73 74]] [5 [75 76 77 78 79 80 81 82 83 84 85 86 87 88 89]] [6 [90 91 92 93 94 95 96 97 98 101 102 103]] [7 [105 106 107 108 109 110 111 112 114 115 116 117 119]] [8 [121 125 126 127 128 130 131 132 133 134]] [9 [135 136 137 138 139 140 141 142 144 145 146 147 149]] [10 [150 151 152 153 154 155 156 157 158 159 160 161 163]] [11 [165 166 167 168 169 170 171 172 173 174 175 176 177 178 179]] [12 [181 182 183 185 186 187 188 189 190 191 192 193 194]] [13 [195 196 197 198 199 200 201 202 203 204 205 206 207 208 209]] [14 [210 211 212 213 214 215 216 217 218 219 220 221 222 224]] [15 [225 226 227 228 229 230 231 232 233 234 235 236 237 238 239]] [16 [240 241 242 243 244 245 246 247 248 249 250 251 252 253 254]] [17 [255 256 257 258 259 260 261 262 264 265 267 268 269]] [18 [270 271 272 273 274 275 276 278 279 280 281 282 283 284]] [19 [285 286 287 288 289 290 291 292 293 294 295 296 297 298 299]] [20 [300 305 306 307 308 313]] [21 [316 317 318 319 320 321 323 325 326 327 329]] [22 [330 331 332 333 334 335 338 339 342 343 344]] [23 [347 349 350 352 354 355 357]] [24 [360 361 362 363 364 365 366 367 368 369 370 371 372 373 374]] [25 [375 376 377 378 379 380 381 382 383 384 385 386 387 388 389]] [26 [390 391 392 393 394 395 396 397 398 400 401 402 403 404]] [27 [405 406 407 408 409 411 412 413 414 415 416 417 418 419]] [28 [420 421 422 423 424 425 426 427 428 429 430 431 432 433 434]] [29 [435 436 437 438 439 440 441 442 443 444 445 446 447 448 449]] [30 [450 451 452 453 454 455 456 457 458 459 460 461 462 463 464]] [31 [465 466 467 468 469 470 471 472 473 474 475 476 477 478 479]] [32 [480 481 482 483 484 485 486 487 488 489 490 491 492 493 494]] [33 [495 496 497 498 499 500 501 502 503 504 505 506 507 508 509]] [34 [510 511 512 513 514 515 517 519 520 521 522 523 524]] [35 [525 527 528 529 531 532 533 534]] [36 [540 541 542 543 544 545 546 547 548 549 550 551 552 553 554]] [37 [555 556 557 558 559 560 561 562 563 564 565 566 567 568 569]] [38 [570 571 572 574 575 576 577 578 579 580 581 582 583 584]] [39 [585 586 587 588 589 590 591 592 593 594 595 596 597 598 599]] [40 [600 601 602 603 604 605 606 607 608 609 610 611 612 613 614]] [41 [615 616 617 618 619 620 621 622 623 624 625 626 627 628 629]] [42 [630 631 632 633 634 635 636 637 638 639 640 641 642 643 644]] [43 [645 646 647 648 649 650 651 652 653 654 655 656 657 659]] [44 [660 661 662 664 665 667 668 670 671 672 673 674]] [45 [675 676 677 678 679 680 681 682 683 684 685 686 687 688 689]] [46 [690 691 693 694 695 696 697 698 699 700 701 702 703 704]] [47 [705 706 707 708 709 710 711 712 713 714 715 716 717 718 719]] [48 [721 727 729 731 732 733]] [49 [735 736 737 738 739 740 741 742 743 744 745 746 747 748 749]] [50 [750 751 752 753 754 755 756 757 758 759 760 762 764]] [51 [765 766 767 768 769 770 771 772 773 774 775 776 777 779]] [52 [780 782 783 785 786 787 788 789 790 791 792 793 794]] [53 [795 796 797 798 799 800 801 802 803 804 805 806 807 808 809]] [54 [811 817 819 820 821 823]] [55 [828 829 830 831 832 833 834 835 836 837 838 839]] [56 [840 841 843 844 845 846 847 848 849 850 851 852 853 854]] [57 [855 856 857 858 859 860 861 862 863 864 865 866 867 868 869]] [58 [870 871 872 873 874 875 876 877 878 879 880 881 882 883 884]] [59 [885 886 887 888 889 890 891 892 893 894 895 896 899]] [60 [900 901 902 903 904 905 906 907 908 909 910 911 912 913 914]] [61 [916 917 918 919 921 922 923 924 926 928 929]] [62 [930 931 932 935 936 937 938 939 940 941 942]] [63 [945 946 947 948 951 952 954 955 956 957 959]] [64 [960 962 963 964 965 969 970 972 973]] [65 [977 978 979 980 981 982 983 984 985 986 987 988 989]] [66 [990 991 992 993 994 995 996 997 998 999 1000 1001 1002 1003 1004]] [67 [1005 1006 1007 1008 1009 1010 1011 1012 1013 1014 1015 1016 1017 1018 1019]] [68 [1020 1021 1022 1023 1024 1025 1026 1027 1028 1029 1030 1031 1032 1033 1034]] [69 [1035 1036 1037 1038 1039 1040 1041 1042 1043 1044 1045 1046 1047 1048 1049]] [70 [1050 1051 1052 1053 1054 1055 1056 1057 1058 1059 1060 1061 1062 1063 1064]] [71 [1065 1066 1067 1068 1069 1070 1071 1072 1073 1074 1075 1076 1077 1078 1079]] [72 [1080 1081 1082 1083 1084 1085 1086 1087 1088 1089 1090 1091 1092 1093 1094]] [73 [1096 1098 1103 1105 1107 1108 1109]] [74 [1110 1112 1114 1115 1116 1117 1119 1120 1121 1122 1123 1124]] [75 [1125 1126 1127 1128 1129 1130 1131 1132 1133 1134 1135 1136 1137 1138 1139]] [76 [1141 1142 1143 1144 1145 1147 1148 1150 1151 1152 1153]] [77 [1155 1157 1158 1159 1160 1161 1162 1163 1164 1165 1166 1167 1168 1169]] [78 [1170 1171 1173 1174 1175 1176 1177 1178 1179 1180 1181 1182 1183 1184]] [79 [1187 1189 1190 1191 1192 1196 1198]] [80 [1200 1201 1202 1203 1204 1205 1206 1207 1208 1209 1210 1211 1212 1213 1214]] [81 [1217 1219 1221 1222 1223 1224 1225 1226 1227 1228 1229]] [82 [1231 1232 1233 1236 1237 1238 1242 1243 1244]] [83 [1245 1246 1247 1248 1249 1250 1251 1252 1253 1254 1256 1257 1258 1259]] [84 [1260 1261 1262 1263 1265 1267 1269 1270 1271]] [85 [1275 1276 1277 1279 1280 1281 1282 1283 1284 1286 1287]] [86 [1290 1291 1292 1293 1295 1296 1298 1299 1300 1301 1302 1303 1304]] [87 [1305 1306 1307 1308 1309 1310 1311 1312 1313 1314 1315 1316 1317 1318 1319]] [88 [1320 1321 1322 1323 1324 1325 1326 1327 1328 1329 1330 1331 1332 1333 1334]] [89 [1335 1336 1337 1338 1339 1340 1341 1342 1343 1344 1345 1346 1347 1348 1349]] [90 [1350 1351 1352 1353 1354 1355 1356 1357 1358 1359 1360 1361 1362 1363 1364]] [91 [1365 1366 1367 1368 1369 1370 1371 1372 1373 1374 1375 1376 1377 1378 1379]] [92 [1380 1381 1382 1383 1384 1385 1386 1387 1388 1389 1390 1394]] [93 [1395 1396 1397 1398 1399 1400 1401 1402 1403 1404 1405 1406 1407 1408 1409]] [94 [1410 1411 1412 1414 1415 1416 1417 1418 1419 1420 1421 1422 1423 1424]] [95 [1425 1426 1427 1428 1429 1430 1431 1432 1433 1434 1435 1436 1437 1438 1439]] [96 [1440 1441 1442 1443 1445 1446 1447 1448 1449 1450 1451 1452 1453 1454]] [97 [1455 1456 1457 1458 1459 1460 1461 1462 1463 1464 1465 1466 1467 1468 1469]] [98 [1470 1471 1472 1473 1474 1475 1476 1477 1478 1479 1480 1481 1482 1483 1484]] [99 [1485 1486 1487 1488 1489 1491 1492 1493 1494 1495 1496 1497 1498 1499]]]","[[0 [2 3 5 9 14]] [1 [15 17 19 21 24 25 28 29]] [2 [30 31 32 33 34 35 37 39 41 42 43 44]] [3 [49 51 52 53 58]] [4 [60 66 67 68 72 74]] [5 [76 77 78 81 83 88 89]] [6 [90 91 96 97 98 101 103]] [7 [106 107 108 109 110 111 112 116 117]] [8 [121 125 126 127 128 130 131 132 134]] [9 [136 138 141 142 144 149]] [10 [150 151 152 153 154 155 160 163]] [11 [165 168 169 170 171 174 175 176]] [12 [181 182 183 185 189 190 191 193]] [13 [195 197 200 204 205 206 207 209]] [14 [210 211 212 214 215 216 218 221 224]] [15 [225 227 231 232 238 239]] [16 [241 243 244 245 248 249 250 251 252 253 254]] [17 [255 256 257 269]] [18 [270 273 275 284]] [19 [287 293 294 296 297 298 299]] [20 [305 306 307 308]] [21 [317 318 321 325 326 327 329]] [22 [330 332 333 334 338 342]] [23 [347 349 350 352 354 355]] [24 [360 362 363 371 372]] [25 [378 380 382 385 386 387 388]] [26 [390 391 393 398 401 402]] [27 [405 406 407 408 409 412 414 415 418]] [28 [420 421 422 424 425 427 431 432 434]] [29 [435 437 439 440 441 442 445 446 449]] [30 [452 454 455 456 457 462]] [31 [465 469 471 472 475 476 477 478]] [32 [480 488 489 491 492 493]] [33 [498 499 502 503 504 505 507]] [34 [513 514 515 519 522]] [35 [528 529 531 532 533 534]] [36 [542 543 545 549 550 551 552 554]] [37 [556 557 559 562 566 567 568 569]] [38 [571 572 574 576 577 578 583]] [39 [585 587 592 594 595 597 598]] [40 [600 602 603 607 608 612 614]] [41 [615 618 619 622 624 625 626]] [42 [630 631 632 639 640 641]] [43 [647 649 651 652 653 654 655 656 659]] [44 [660 661 662 664 667 668 672 674]] [45 [675 677 678 681 683 684 685 686 688 689]] [46 [690 691 694 703 704]] [47 [705 708 710 715 719]] [48 [721 727 729 731 732 733]] [49 [736 741 743 746 748 749]] [50 [753 754 755 757 762]] [51 [765 769 773 775 776]] [52 [780 782 783 786 789]] [53 [796 798 799 806 807]] [54 [811 817 819 821 823]] [55 [828 829 830 833 836 837]] [56 [840 841 845 847 848 850 852 854]] [57 [855 857 859 863 865 866 867 869]] [58 [872 873 876 877 880 881 882 883 884]] [59 [885 886 888 889 891 892 895 896 899]] [60 [900 906 907 908 909 911 913 914]] [61 [916 917 919 921 922 923 924 929]] [62 [930 931 932 936 938 940 941 942]] [63 [945 946 947 951 952 956 957 959]] [64 [960 962 963 964 965 969 972 973]] [65 [977 979 980 982 984 985 986 989]] [66 [990 992 996 997 998 999 1000 1003]] [67 [1005 1006 1007 1008 1009 1010 1013 1019]] [68 [1020 1021 1023 1025 1028 1031]] [69 [1035 1038 1041 1042 1043 1045 1047]] [70 [1050 1052 1055 1056 1058 1059 1061 1062 1063]] [71 [1065 1066 1067 1068 1070 1073 1074 1076 1079]] [72 [1081 1082 1084 1088 1089 1094]] [73 [1096 1098 1103 1105 1108 1109]] [74 [1110 1112 1116 1119 1121 1122 1124]] [75 [1126 1128 1129 1132 1133 1134 1136 1138]] [76 [1142 1147 1148 1150 1153]] [77 [1155 1161 1163 1164]] [78 [1171 1179 1181]] [79 [1187 1189 1190 1191 1192 1196 1198]] [80 [1201 1202 1203 1204 1208 1210 1212 1214]] [81 [1217 1219 1221 1222 1223 1224 1225 1226 1227 1228 1229]] [82 [1231 1232 1233 1236 1237 1238 1242 1243]] [83 [1246 1248 1249 1250 1251 1252 1254 1256 1257 1259]] [84 [1260 1262 1263 1265 1267 1269 1270 1271]] [85 [1275 1276 1277 1279 1280 1281 1282 1283 1287]] [86 [1290 1293 1298 1300]] [87 [1305 1307 1308 1314 1317 1319]] [88 [1320 1321 1322 1324 1333 1334]] [89 [1336 1337 1339 1340 1342 1344 1346 1347]] [90 [1350 1352 1356 1358 1359 1361]] [91 [1367 1374 1378 1379]] [92 [1385 1388 1389 1394]] [93 [1395 1396 1398 1405 1408]] [94 [1410 1411 1414 1415 1417 1418 1421 1422 1423 1424]] [95 [1425 1426 1429 1432 1433 1434 1435 1436 1437]] [96 [1440 1441 1442 1443 1445 1449 1454]] [97 [1455 1462 1465 1466 1469]] [98 [1472 1475 1476 1479 1484]] [99 [1485 1488 1489 1491 1495 1497 1498 1499]]]",,"[[{citizen 48} [[""A"" [4 2 2 3 1 1 2 2 4 5]]]] [{media 50} [[""A"" [4 4 4 4 4 4 4 4 4 4]]]] [{media 53} [[""A"" [6 6 6 6 6 6 6 6 6 6]]]] [{media 54} [[""A"" [2 2 2 2 2 2 2 2 2 2]]]] [{media 55} [[""A"" [1 1 1 1 1 1 1 1 1 1]]]] [{media 56} [[""A"" [5 5 5 5 5 5 5 5 5 5]]]] [{media 57} [[""A"" [2 2 2 2 2 2 2 2 2 2]]]] [{media 59} [[""A"" [2 2 2 2 2 2 2 2 2 2]]]] [{media 60} [[""A"" [1 1 1 1 1 1 1 1 1 1]]]] [{media 61} [[""A"" [6 6 6 6 6 6 6 6 6 6]]]] [{media 62} [[""A"" [3 3 3 3 3 3 3 3 3 3]]]] [{media 63} [[""A"" [1 1 1 1 1 1 1 1 1 1]]]] [{media 64} [[""A"" [4 4 4 4 4 4 4 4 4 4]]]] [{citizen 7} [[""A"" [1 1 2 3 4 5 4 6 6 4]]]] [{citizen 16} [[""A"" [2 2 2 1 1 0 2 2 1 2]]]] [{citizen 17} [[""A"" [1 2 3 4 4 4 2 1 2 1]]]] [{citizen 0} [[""A"" [2 0 1 2 2 1 2 2 1 1]]]] [{citizen 4} [[""A"" [2 1 1 4 2 1 2 4 6 6]]]] [{citizen 9} [[""A"" [2 4 4 4 6 5 1 2 1 2]]]] [{citizen 13} [[""A"" [3 2 2 0 2 2 4 1 2 1]]]] [{citizen 5} [[""A"" [2 4 2 1 0 2 2 1 2 1]]]] [{media 58} [[""A"" [5 5 5 5 5 5 5 5 5 5]]]] [{media 51} [[""A"" [2 2 2 2 2 2 2 2 2 2]]]] [{citizen 26} [[""A"" [3 4 4 2 3 1 0 2 4 6]]]] [{citizen 41} [[""A"" [5 1 3 4 4 2 2 4 6 6]]]] [{citizen 22} [[""A"" [2 2 2 4 6 6 4 1 4 2]]]] [{citizen 21} [[""A"" [1 0 2 2 2 1 1 2 1 2]]]] [{citizen 33} [[""A"" [2 4 2 2 2 0 2 1 2 1]]]] [{citizen 25} [[""A"" [0 1 0 2 1 3 5 2 1 1]]]] [{citizen 44} [[""A"" [1 1 1 1 2 4 6 5 5 4]]]] [{citizen 40} [[""A"" [3 6 6 2 3 2 1 2 1 1]]]] [{citizen 11} [[""A"" [1 2 3 4 2 2 3 2 1 6]]]] [{citizen 37} [[""A"" [2 2 2 1 2 1 0 1 0 3]]]] [{citizen 8} [[""A"" [2 2 2 1 1 2 2 1 2 1]]]] [{citizen 28} [[""A"" [2 1 2 2 2 4 6 5 4 5]]]] [{citizen 6} [[""A"" [2 2 2 1 1 0 2 1 2 1]]]] [{citizen 36} [[""A"" [1 4 4 1 2 4 6 2 2 1]]]] [{citizen 46} [[""A"" [1 2 3 4 4 2 3 2 1 1]]]] [{citizen 38} [[""A"" [2 2 3 2 1 2 4 5 6 5]]]] [{citizen 24} [[""A"" [2 1 0 1 0 2 3 1 2 1]]]] [{citizen 12} [[""A"" [1 1 3 4 4 6 1 1 2 1]]]] [{citizen 34} [[""A"" [2 4 2 1 3 0 1 0 3 5]]]] [{citizen 35} [[""A"" [2 1 2 4 6 6 5 1 2 4]]]] [{citizen 18} [[""A"" [1 2 2 2 1 1 2 1 2 1]]]] [{citizen 39} [[""A"" [4 4 6 1 0 2 2 1 2 1]]]] [{citizen 10} [[""A"" [1 0 2 1 2 1 1 1 2 1]]]] [{citizen 1} [[""A"" [1 4 2 2 4 2 3 5 6 5]]]] [{citizen 3} [[""A"" [0 5 1 1 2 4 4 2 2 1]]]] [{citizen 43} [[""A"" [2 1 1 2 3 4 4 4 6 5]]]] [{citizen 45} [[""A"" [1 1 3 2 2 1 1 2 1 1]]]] [{citizen 19} [[""A"" [4 4 2 2 2 4 6 5 4 5]]]] [{citizen 20} [[""A"" [1 2 4 4 2 1 2 4 6 6]]]] [{citizen 42} [[""A"" [2 2 2 4 6 5 4 5 2 1]]]] [{citizen 30} [[""A"" [2 4 4 4 2 1 2 3 5 2]]]] [{citizen 49} [[""A"" [0 2 2 1 0 2 2 1 2 1]]]] [{citizen 29} [[""A"" [3 2 1 2 0 4 3 1 1 3]]]] [{citizen 15} [[""A"" [1 2 0 2 5 4 1 2 2 1]]]] [{citizen 47} [[""A"" [1 2 2 2 1 0 1 0 1 3]]]] [{media 52} [[""A"" [0 0 0 0 0 0 0 0 0 0]]]] [{citizen 14} [[""A"" [0 1 3 2 2 2 1 1 1 1]]]] [{citizen 32} [[""A"" [5 5 1 1 2 3 4 4 4 5]]]] [{citizen 27} [[""A"" [2 4 0 2 2 2 1 1 2 2]]]] [{citizen 23} [[""A"" [5 1 1 2 3 4 6 0 1 3]]]] [{citizen 2} [[""A"" [4 2 1 3 2 2 6 5 4 5]]]]]"
"32","[213 0 42]","330","-2.4419651129428694","4.094627563403257","""circle""","""""","9.9","{breed citizens}","false","0.5","1","""up""",,"[[""ID"" 16] [""alpha"" 1] [""beta"" 1] [""malleable"" [""A""]] [""prior"" []] [""cont_tokens"" []] [""A"" 1]]","[[0 [0 1 2 3 4 5 6 7 8 9 10 11 12 13 14]] [1 [15 17 18 19 20 21 22 23 24 25 26 27 28 29]] [2 [30 31 32 33 34 35 36 37 38 39 40 41 42 43 44]] [3 [45 46 47 48 49 50 51 52 53 54 55 56 57 58 59]] [4 [60 66 67 68 70 71 72 73 74]] [5 [75 76 77 78 79 80 81 82 83 84 85 86 87 88 89]] [6 [90 92 93 94 95 96 97 98 101 102 103]] [7 [105 106 107 108 109 110 111 112 114 115 116 117 119]] [8 [120 121 122 123 124 125 126 127 128 129 130 131 132 133 134]] [9 [135 136 137 138 139 140 141 142 143 144 145 146 147 148 149]] [10 [150 151 152 153 154 155 156 157 158 159 160 162 163 164]] [11 [165 166 167 168 169 170 171 172 173 174 175 176 177 178 179]] [12 [181 182 183 185 188 189 190 191 192 193 194]] [13 [195 196 197 198 199 200 201 202 203 204 205 206 207 208 209]] [14 [210 211 212 213 214 215 216 217 218 219 220 221 222 224]] [15 [225 226 227 228 229 230 231 232 233 234 235 236 237 238 239]] [16 [240 241 242 243 244 245 246 247 248 249 250 251 252 253 254]] [17 [255 256 257 258 259 260 261 262 263 264 265 267 268 269]] [18 [270 271 272 273 274 275 276 277 278 279 280 281 282 283 284]] [19 [285 286 288 289 290 291 292 295 297 298 299]] [20 [300 301 302 303 304 305 306 307 308 309 310 311 312 313 314]] [21 [315 316 317 318 319 320 321 322 323 324 325 326 328 329]] [22 [330 331 332 333 334 335 336 337 338 339 340 341 342 343 344]] [23 [345 346 347 348 349 350 351 352 353 354 355 356 357 358 359]] [24 [360 361 362 363 364 365 366 367 368 369 370 371 372 373 374]] [25 [375 376 377 378 379 380 381 382 383 384 385 386 387 388 389]] [26 [390 391 392 393 394 395 396 397 398 400 401 402 403 404]] [27 [405 406 407 408 409 411 412 413 414 415 416 417 418 419]] [28 [420 421 422 423 424 425 426 427 428 429 430 433 434]] [29 [435 436 437 438 439 440 441 442 443 444 445 446 447 448 449]] [30 [450 451 452 453 454 455 456 457 458 459 460 462 463 464]] [31 [465 469 471 472 474 475 476 477 478 479]] [32 [480 481 482 483 484 485 486 487 488 489 490 491 492 493 494]] [33 [495 496 497 498 499 500 501 502 503 504 505 506 507 508 509]] [34 [510 511 512 513 514 515 516 517 518 519 520 521 522 523 524]] [35 [525 526 527 528 529 530 531 532 533 534 535 536 537 538 539]] [36 [540 541 542 543 544 545 546 547 548 549 550 551 552 553 554]] [37 [555 556 557 558 559 560 561 562 563 564 565 566 567 568 569]] [38 [570 571 572 574 575 576 577 578 579 580 581 582 583 584]] [39 [585 586 587 588 589 590 591 592 593 594 595 596 597 598 599]] [40 [600 601 602 603 604 605 606 607 608 609 610 611 612 613 614]] [41 [615 616 617 618 619 620 621 622 623 624 625 626 627 628 629]] [42 [630 631 632 633 634 635 636 637 638 639 640 641 642 643 644]] [43 [645 646 648 650 651 652 653 654 655 656 658 659]] [44 [660 661 662 664 665 667 668 670 671 672 673 674]] [45 [675 676 677 678 679 680 681 682 683 684 685 686 687 688 689]] [46 [690 691 693 694 695 696 697 698 699 700 701 702 703 704]] [47 [705 706 707 708 709 710 711 712 713 714 715 716 717 718 719]] [48 [720 722 723 724 725 726 728 729 730 731 732 733 734]] [49 [735 736 737 738 739 740 741 742 743 744 745 746 747 748 749]] [50 [750 751 752 753 754 755 756 757 758 759 760 762 764]] [51 [765 767 768 769 770 771 772 773 774 775 776]] [52 [780 782 783 785 786 787 788 789 790 791 792 793 794]] [53 [795 796 797 798 799 800 801 802 803 804 805 806 807 808 809]] [54 [811 817 819 820 821 823]] [55 [828 829 830 831 832 833 834 835 836 837 838 839]] [56 [840 841 842 843 844 845 846 847 848 849 850 851 852 853 854]] [57 [855 857 858 859 863 865 866 867 869]] [58 [870 871 872 873 874 875 876 877 878 879 880 881 882 883 884]] [59 [885 886 887 888 889 890 891 892 893 894 895 896 899]] [60 [900 901 902 903 904 905 906 907 908 909 911 912 913 914]] [61 [916 917 918 919 921 922 923 924 926 928 929]] [62 [930 931 932 935 936 937 938 939 940 941 942]] [63 [945 946 947 948 951 952 954 955 956 957 959]] [64 [960 962 963 964 965 969 970 972 973]] [65 [977 978 979 980 981 982 983 984 985 986 987 988 989]] [66 [990 991 992 993 994 995 996 997 998 999 1000 1001 1002 1003 1004]] [67 [1005 1006 1007 1008 1009 1010 1011 1012 1013 1014 1015 1016 1017 1018 1019]] [68 [1020 1021 1023 1025 1028 1030 1031]] [69 [1035 1037 1038 1039 1040 1041 1042 1043 1044 1045 1046 1047 1049]] [70 [1050 1051 1052 1053 1054 1055 1056 1057 1058 1059 1060 1061 1062 1063 1064]] [71 [1066 1069 1071 1072 1073 1074 1076 1079]] [72 [1081 1082 1084 1088 1089 1094]] [73 [1096 1098 1103 1105 1107 1108 1109]] [74 [1110 1111 1112 1113 1114 1115 1116 1117 1119 1120 1121 1122 1123 1124]] [75 [1125 1126 1127 1130 1131 1132 1133 1134 1136 1138 1139]] [76 [1141 1142 1147 1148 1150 1153]] [77 [1155 1156 1157 1158 1159 1160 1161 1162 1163 1164 1165 1166 1167 1168 1169]] [78 [1170 1171 1173 1174 1175 1176 1177 1178 1179 1180 1181 1182 1183 1184]] [79 [1185 1186 1187 1188 1189 1190 1191 1192 1193 1194 1195 1196 1197 1198 1199]] [80 [1200 1201 1202 1203 1204 1205 1206 1207 1208 1209 1210 1211 1212 1213 1214]] [81 [1215 1216 1217 1218 1219 1220 1221 1222 1223 1224 1225 1226 1227 1228 1229]] [82 [1230 1231 1232 1233 1235 1236 1237 1238 1239 1240 1241 1242 1243 1244]] [83 [1245 1246 1247 1248 1249 1250 1251 1252 1253 1254 1256 1257 1258 1259]] [84 [1260 1261 1262 1263 1265 1267 1269 1270 1271]] [85 [1275 1276 1277 1279 1280 1281 1282 1283 1284 1286 1287]] [86 [1290 1291 1292 1293 1295 1296 1298 1299 1300 1301 1302 1303 1304]] [87 [1305 1306 1307 1308 1309 1310 1311 1312 1313 1314 1315 1316 1317 1318 1319]] [88 [1320 1321 1322 1323 1324 1325 1326 1327 1328 1329 1330 1331 1332 1333 1334]] [89 [1335 1336 1337 1338 1339 1340 1341 1342 1343 1344 1345 1346 1347 1348 1349]] [90 [1350 1351 1352 1353 1354 1355 1356 1357 1358 1359 1360 1361 1362 1363 1364]] [91 [1367 1374 1375 1376 1378 1379]] [92 [1385 1386 1387 1388 1389 1390 1391 1392 1394]] [93 [1395 1396 1397 1398 1400 1401 1402 1403 1404 1405 1406 1407 1408 1409]] [94 [1410 1411 1412 1414 1415 1416 1417 1418 1419 1420 1421 1422 1423 1424]] [95 [1425 1426 1427 1428 1429 1430 1431 1432 1433 1434 1435 1436 1437 1438 1439]] [96 [1440 1444 1445 1446 1449 1450 1454]] [97 [1455 1456 1460 1462 1465 1466 1469]] [98 [1472 1475 1476 1477 1478 1479 1484]] [99 [1485 1486 1487 1488 1489 1490 1491 1492 1493 1494 1495 1496 1497 1498 1499]]]","[[0 [2 3 5 9 14]] [1 [15 17 19 21 24 27 28]] [2 [30 31 32 33 34 35 37 39 41 42 43 44]] [3 [48 51 52 53 58]] [4 [60 66 67 68 71 73]] [5 [75 76 77 78 81 83 88 89]] [6 [90 92 94 95 98 101 103]] [7 [106 107 108 114 115 119]] [8 [121 125 127 128 130]] [9 [135 137 139 143 148]] [10 [157 159 160 163]] [11 [165 168 169 170 171 174 175 176]] [12 [181 182 183 185 192 194]] [13 [196 198 199 202 203 204 205 208 209]] [14 [210 211 212 213 214 215 216 218 221 224]] [15 [225 231 232 234 236 238 239]] [16 [241 243 244 245 248 249 250 251 252 253 254]] [17 [255 256 257 269]] [18 [270 273 275 279 280 281 282 283]] [19 [285 286 288 289 290 291 292 295 297 298 299]] [20 [300 301 302 303 310 311 312 314]] [21 [315 322 323 324 328]] [22 [331 333 334 335 338 342]] [23 [347 349 350 354 355]] [24 [360 362 363 372]] [25 [378 380 382 385 388]] [26 [390 391 393 398 401 402]] [27 [405 406 408 409 412 416 419]] [28 [423 428 429 430 433]] [29 [436 438 443 444 445 447 448]] [30 [450 452 454 455 456 457 462]] [31 [465 469 471 472 475 476 477 478]] [32 [480 483 484 485 488 489 491 492 494]] [33 [495 497 499 502 503 504 508 509]] [34 [510 511 512 515 516 518 519 524]] [35 [525 526 527 528 532 533 534 538 539]] [36 [540 541 546 547 548 554]] [37 [557 559 562 565 567 569]] [38 [570 571 572 574 575 577 578 583]] [39 [586 588 589 590 591 593 594 595 597 598]] [40 [602 603 607 608 612 614]] [41 [615 618 619 620 621 623 625 626 627 628 629]] [42 [633 634 635 636 637 642 643 644]] [43 [645 646 648 651 652 653 655 658 659]] [44 [660 661 662 664 665 670 671 673]] [45 [675 677 678 681 683 684 685 686 689]] [46 [691 694 701 702]] [47 [706 707 708 709 711 712 713 714 716 717]] [48 [720 723 724 725 726 728 730 734]] [49 [737 738 739 740 742 744 747]] [50 [751 752 753 754 755 757 758 759 760 762 764]] [51 [765 769 773 776]] [52 [780 783 786 789 792]] [53 [796 798 799 806 807]] [54 [811 817 819 821 823]] [55 [828 829 830 831 833 834 835 838 839]] [56 [842 847 848 850 852 854]] [57 [857 858 859 863 865 866 867 869]] [58 [873 876 877 880 881 882 883 884]] [59 [885 886 888 889 891 892 894 895 896 899]] [60 [900 907 908 909 911 913 914]] [61 [916 917 919 921 922 924 926 929]] [62 [930 931 932 935 937 939 941 942]] [63 [945 946 948 951 952 956 957 959]] [64 [960 962 963 964 965 970 972 973]] [65 [977 978 981 982 983 984 985 986 988 989]] [66 [990 992 994 995 1001 1002 1004]] [67 [1011 1014 1015 1017 1018]] [68 [1021 1023 1025 1028 1030]] [69 [1035 1038 1041 1043 1045 1047]] [70 [1051 1054 1057 1060 1064]] [71 [1066 1072 1073 1074 1076 1079]] [72 [1082 1084 1088 1089 1094]] [73 [1096 1098 1103 1105 1107 1109]] [74 [1110 1112 1116 1119 1121 1122]] [75 [1125 1127 1136 1138]] [76 [1142 1147 1148 1150 1153]] [77 [1155 1157 1161 1163 1164]] [78 [1171 1173 1174 1175 1176 1177 1178 1180 1183]] [79 [1185 1186 1188 1189 1190 1192 1196 1198]] [80 [1200 1201 1202 1203 1212 1214]] [81 [1217 1219 1221 1222 1223 1224 1225 1226 1227 1228 1229]] [82 [1231 1232 1233 1236 1237 1238 1242 1243]] [83 [1246 1248 1251 1252 1254 1256 1257 1259]] [84 [1260 1262 1265 1267 1269 1270 1271]] [85 [1275 1276 1279 1280 1281 1282 1283 1287]] [86 [1290 1291 1292 1293 1296 1299 1301 1302 1303 1304]] [87 [1306 1309 1310 1311 1312 1313 1315 1318]] [88 [1321 1322 1323 1324 1326 1328]] [89 [1335 1338 1339 1340 1344 1346 1347]] [90 [1350 1352 1354 1355 1356 1358 1359 1361]] [91 [1367 1374 1375 1376 1379]] [92 [1385 1388 1389 1390 1394]] [93 [1395 1396 1398 1405 1407 1408]] [94 [1410 1411 1414 1415 1417 1418 1421 1422 1423]] [95 [1427 1428 1431 1438 1439]] [96 [1444 1446 1449 1450 1454]] [97 [1455 1462 1465 1466 1469]] [98 [1472 1475 1476 1484]] [99 [1485 1488 1489 1491 1495 1497 1498 1499]]]",,"[[{citizen 36} [[""A"" [5 2 2 1 1 2 6 4 2 1]]]] [{citizen 41} [[""A"" [6 2 1 4 2 1 2 4 6 6]]]] [{citizen 43} [[""A"" [5 6 4 3 2 1 2 1 4 6]]]] [{media 51} [[""A"" [2 2 2 2 2 2 2 2 2 2]]]] [{media 52} [[""A"" [0 0 0 0 0 0 0 0 0 0]]]] [{media 53} [[""A"" [6 6 6 6 6 6 6 6 6 6]]]] [{media 54} [[""A"" [2 2 2 2 2 2 2 2 2 2]]]] [{media 56} [[""A"" [5 5 5 5 5 5 5 5 5 5]]]] [{media 57} [[""A"" [2 2 2 2 2 2 2 2 2 2]]]] [{media 59} [[""A"" [2 2 2 2 2 2 2 2 2 2]]]] [{media 60} [[""A"" [1 1 1 1 1 1 1 1 1 1]]]] [{media 61} [[""A"" [6 6 6 6 6 6 6 6 6 6]]]] [{media 62} [[""A"" [3 3 3 3 3 3 3 3 3 3]]]] [{media 63} [[""A"" [1 1 1 1 1 1 1 1 1 1]]]] [{media 55} [[""A"" [1 1 1 1 1 1 1 1 1 1]]]] [{citizen 7} [[""A"" [3 2 2 1 2 1 2 1 1 6]]]] [{citizen 26} [[""A"" [3 2 2 1 2 3 2 1 1 0]]]] [{media 64} [[""A"" [4 4 4 4 4 4 4 4 4 4]]]] [{media 58} [[""A"" [5 5 5 5 5 5 5 5 5 5]]]] [{citizen 4} [[""A"" [2 4 5 3 2 2 1 2 1 6]]]] [{citizen 6} [[""A"" [2 3 2 1 1 0 0 2 2 1]]]] [{media 50} [[""A"" [4 4 4 4 4 4 4 4 4 4]]]] [{citizen 22} [[""A"" [1 2 4 5 6 6 4 2 2 1]]]] [{citizen 21} [[""A"" [1 2 6 0 2 2 2 1 2 1]]]] [{citizen 17} [[""A"" [2 3 2 1 2 0 2 1 2 1]]]] [{citizen 33} [[""A"" [4 2 2 2 0 2 2 1 2 1]]]] [{citizen 25} [[""A"" [1 1 4 2 3 2 1 2 1 1]]]] [{citizen 9} [[""A"" [6 6 1 0 2 2 2 1 2 1]]]] [{citizen 44} [[""A"" [2 2 3 1 2 2 4 6 5 5]]]] [{citizen 0} [[""A"" [1 2 1 2 2 3 1 1 2 1]]]] [{citizen 40} [[""A"" [0 2 4 4 5 5 4 3 1 1]]]] [{citizen 11} [[""A"" [1 1 1 2 2 3 2 1 1 4]]]] [{citizen 37} [[""A"" [2 2 1 2 1 2 2 3 2 1]]]] [{citizen 8} [[""A"" [2 1 2 3 2 0 2 1 2 1]]]] [{citizen 28} [[""A"" [3 5 5 2 2 1 1 4 2 1]]]] [{citizen 46} [[""A"" [1 1 4 4 2 3 2 1 1 1]]]] [{citizen 38} [[""A"" [1 2 2 3 4 5 6 5 6 6]]]] [{citizen 24} [[""A"" [2 2 3 5 5 6 2 2 2 1]]]] [{citizen 12} [[""A"" [5 3 2 1 1 6 0 1 2 1]]]] [{citizen 13} [[""A"" [1 4 4 2 3 2 1 2 0 2]]]] [{citizen 31} [[""A"" [6 5 2 2 1 1 2 2 1 0]]]] [{citizen 5} [[""A"" [3 2 1 1 0 0 2 2 2 1]]]] [{citizen 15} [[""A"" [2 3 2 1 1 0 0 2 2 1]]]] [{citizen 34} [[""A"" [2 1 3 2 1 4 2 1 2 4]]]] [{citizen 18} [[""A"" [3 2 1 1 2 4 2 1 2 1]]]] [{citizen 3} [[""A"" [2 0 2 5 4 6 2 1 2 1]]]] [{citizen 16} [[""A"" [2 1 1 2 0 0 2 2 2 1]]]] [{citizen 35} [[""A"" [1 2 2 3 4 6 6 5 2 4]]]] [{citizen 48} [[""A"" [2 4 3 2 4 2 3 1 1 0]]]] [{citizen 20} [[""A"" [2 4 3 2 1 1 4 2 1 6]]]] [{citizen 39} [[""A"" [2 2 2 1 5 4 6 0 2 1]]]] [{citizen 23} [[""A"" [3 4 6 4 6 5 5 2 1 6]]]] [{citizen 45} [[""A"" [1 2 2 3 2 1 1 4 1 1]]]] [{citizen 19} [[""A"" [2 4 4 5 6 2 2 1 1 4]]]] [{citizen 10} [[""A"" [5 5 3 2 1 5 3 0 2 1]]]] [{citizen 1} [[""A"" [2 2 1 2 1 2 2 3 1 4]]]] [{citizen 42} [[""A"" [1 2 4 2 3 2 1 2 2 1]]]] [{citizen 30} [[""A"" [1 2 1 3 2 1 4 2 1 2]]]] [{citizen 2} [[""A"" [2 3 5 5 2 2 1 2 1 1]]]] [{citizen 49} [[""A"" [3 2 1 1 2 2 0 2 2 1]]]] [{citizen 29} [[""A"" [4 2 1 2 2 3 2 1 1 0]]]] [{citizen 47} [[""A"" [5 2 1 3 2 1 2 3 1 0]]]] [{citizen 27} [[""A"" [2 1 4 6 4 5 5 2 4 2]]]] [{citizen 14} [[""A"" [1 1 2 2 3 2 1 1 0 1]]]]]"
"33","[213 0 42]","200","-2.9213512208871935","-9.49802589714668","""circle""","""""","9.9","{breed citizens}","false","0.5","1","""up""",,"[[""ID"" 39] [""alpha"" 1] [""beta"" 1] [""malleable"" [""A""]] [""prior"" []] [""cont_tokens"" []] [""A"" 1]]","[[0 [0 1 2 3 4 5 9 10 12 13 14]] [1 [15 17 18 19 20 21 22 23 24 25 26 28 29]] [2 [30 31 32 33 34 35 36 37 38 39 40 41 42 43 44]] [3 [48 49 51 52 53 58]] [4 [60 61 62 63 64 65 66 67 68 70 71 72 73 74]] [5 [75 76 77 78 79 80 81 82 83 84 85 86 87 88 89]] [6 [90 91 92 93 95 96 97 98 99 100 101 102 103 104]] [7 [105 107 108 109 110 111 112 113 114 115 116 117 118]] [8 [120 122 123 124 126 127 128 129 130 131 132 133 134]] [9 [135 136 137 138 139 141 142 143 144 145 146 147 148 149]] [10 [150 151 152 153 154 155 156 157 158 159 160 161 163]] [11 [165 166 167 168 169 170 171 172 173 174 175 176 177 178 179]] [12 [180 181 182 183 184 185 186 187 188 189 190 191 192 193 194]] [13 [195 196 197 198 199 200 201 202 203 204 205 206 207 208 209]] [14 [210 211 212 213 214 215 216 217 218 219 220 221 222 224]] [15 [225 226 227 228 229 230 231 232 233 234 235 236 237 238 239]] [16 [240 241 242 243 244 245 246 247 248 249 250 251 252 253 254]] [17 [255 256 257 258 259 260 261 262 263 264 265 266 267 268 269]] [18 [270 271 272 273 274 275 276 277 278 279 280 281 282 283 284]] [19 [285 286 288 289 290 291 292 295 297 298 299]] [20 [300 301 302 303 304 305 306 307 308 309 310 311 312 313 314]] [21 [315 316 317 318 319 320 321 322 323 324 325 326 328 329]] [22 [330 331 332 333 334 335 336 337 338 339 342 343 344]] [23 [345 346 347 348 349 350 352 353 354 355 356 357 358 359]] [24 [360 361 362 363 364 365 366 367 368 369 370 371 372 373 374]] [25 [375 376 377 378 379 380 381 382 383 384 385 386 387 388 389]] [26 [390 391 393 398 401 402]] [27 [405 407 411 412 413 414 415 416 417 418 419]] [28 [420 421 422 423 424 425 426 427 428 429 430 431 432 433 434]] [29 [435 437 438 439 440 441 442 443 444 445 446 447 448 449]] [30 [450 451 453 458 459 460 463 464]] [31 [465 466 467 468 469 470 471 472 473 474 475 476 477 478 479]] [32 [480 483 484 485 488 489 491 492 493 494]] [33 [495 496 497 498 499 500 501 502 503 504 505 506 507 508 509]] [34 [510 511 512 513 514 515 516 517 518 519 520 521 522 523 524]] [35 [526 530 535 536 537 539]] [36 [540 541 542 543 544 545 546 547 548 549 550 551 552 553 554]] [37 [555 556 557 559 562 565 566 567 568 569]] [38 [570 571 572 574 575 576 577 578 579 580 581 582 583 584]] [39 [585 586 587 588 589 590 591 592 595 596 597 598 599]] [40 [600 601 602 603 604 605 606 607 608 609 610 611 612 613 614]] [41 [615 616 617 618 619 620 621 622 623 624 625 626 627 628 629]] [42 [630 631 632 633 634 635 636 637 638 639 640 641 642 643 644]] [43 [645 646 647 648 650 651 652 653 654 655 656 658 659]] [44 [660 661 662 664 665 667 668 670 671 672 673 674]] [45 [675 676 677 678 679 680 681 682 683 684 685 686 687 688 689]] [46 [690 691 693 694 695 696 697 698 699 700 701 702 703 704]] [47 [705 706 707 708 709 710 711 712 713 714 715 716 717 718 719]] [48 [720 722 723 724 725 726 728 729 730 731 732 733 734]] [49 [735 736 737 738 739 740 741 742 743 744 745 746 747 748 749]] [50 [750 751 752 753 754 755 756 757 758 759 760 762 764]] [51 [765 767 768 769 770 771 772 773 774 775 776 777 779]] [52 [780 781 782 783 784 785 786 787 788 789 790 791 792 793 794]] [53 [795 796 797 798 799 800 801 802 803 804 805 806 807 808 809]] [54 [810 811 813 814 815 816 817 818 819 820 821 822 823 824]] [55 [828 829 830 831 832 833 834 835 836 837 838 839]] [56 [840 841 843 844 845 846 847 848 849 850 851 852 853 854]] [57 [855 856 857 858 859 860 861 862 863 864 865 866 867 868 869]] [58 [870 871 872 873 874 875 876 877 878 879 880 881 882 883 884]] [59 [885 886 887 888 889 890 891 892 893 894 895 896 899]] [60 [900 901 902 903 904 905 906 907 908 909 910 911 912 913 914]] [61 [916 917 918 919 921 922 923 924 926 928 929]] [62 [930 931 932 935 936 937 938 939 940 941 942]] [63 [945 946 947 948 951 952 954 955 956 957 959]] [64 [960 962 963 964 965 969 970 972 973]] [65 [977 978 979 980 981 982 983 984 985 986 987 988 989]] [66 [990 991 992 993 994 995 996 997 998 999 1000 1001 1002 1003 1004]] [67 [1005 1006 1007 1008 1009 1010 1011 1012 1013 1014 1015 1016 1017 1018 1019]] [68 [1020 1021 1022 1023 1024 1025 1026 1027 1028 1029 1030 1031 1032 1033 1034]] [69 [1035 1036 1037 1038 1039 1040 1041 1042 1043 1045 1046 1047 1048 1049]] [70 [1050 1051 1052 1053 1054 1055 1056 1057 1058 1059 1060 1061 1062 1063 1064]] [71 [1065 1066 1067 1068 1069 1070 1071 1072 1073 1074 1075 1076 1077 1078 1079]] [72 [1080 1081 1082 1083 1084 1085 1086 1087 1088 1089 1090 1091 1092 1093 1094]] [73 [1095 1097 1099 1100 1101 1102 1104 1106]] [74 [1110 1111 1112 1113 1114 1115 1116 1117 1118 1119 1120 1121 1122 1123 1124]] [75 [1125 1126 1127 1128 1129 1130 1131 1132 1133 1134 1135 1136 1137 1138 1139]] [76 [1141 1142 1147 1148 1150 1153]] [77 [1155 1156 1157 1158 1159 1160 1161 1162 1163 1164 1165 1166 1167 1168 1169]] [78 [1170 1171 1172 1173 1174 1175 1176 1177 1178 1179 1180 1181 1182 1183 1184]] [79 [1185 1186 1187 1190 1191 1192 1195 1196 1197 1198 1199]] [80 [1200 1201 1202 1203 1204 1205 1206 1207 1208 1209 1210 1211 1213]] [81 [1215 1216 1217 1218 1219 1220 1221 1222 1223 1224 1225 1226 1227 1228 1229]] [82 [1230 1231 1232 1233 1235 1236 1237 1238 1239 1240 1241 1242 1243 1244]] [83 [1246 1247 1248 1249 1250 1251 1252 1254 1256 1257 1258 1259]] [84 [1260 1261 1262 1263 1265 1267 1269 1270 1271]] [85 [1275 1276 1277 1279 1280 1281 1282 1283 1284 1286 1287]] [86 [1290 1291 1292 1293 1295 1296 1298 1299 1300 1301 1302 1303 1304]] [87 [1305 1306 1307 1308 1309 1310 1311 1312 1313 1314 1315 1316 1317 1318 1319]] [88 [1320 1321 1322 1323 1324 1325 1326 1327 1328 1329 1330 1331 1332 1333 1334]] [89 [1335 1336 1337 1338 1339 1340 1341 1342 1343 1344 1345 1346 1347 1348 1349]] [90 [1350 1352 1353 1354 1355 1356 1357 1358 1359 1360 1361 1362 1363 1364]] [91 [1365 1366 1367 1368 1369 1370 1371 1372 1373 1374 1375 1376 1377 1378 1379]] [92 [1380 1381 1382 1383 1384 1385 1386 1387 1388 1389 1390 1391 1392 1393 1394]] [93 [1395 1396 1397 1398 1399 1400 1401 1402 1403 1404 1405 1406 1407 1408 1409]] [94 [1410 1411 1412 1414 1415 1416 1417 1418 1419 1420 1421 1422 1423 1424]] [95 [1425 1426 1427 1428 1429 1430 1431 1432 1433 1434 1435 1436 1437 1438 1439]] [96 [1440 1441 1442 1443 1445 1446 1447 1448 1449 1450 1451 1452 1453 1454]] [97 [1455 1456 1460 1462 1465 1466 1469]] [98 [1470 1472 1473 1474 1475 1476 1477 1478 1479 1480 1481 1482 1483 1484]] [99 [1486 1487 1488 1489 1490 1491 1492 1493 1494 1495 1497 1498 1499]]]","[[0 [0 4 5 9 14]] [1 [15 17 19 21 23 24]] [2 [30 31 32 33 34 35 37 39 41 42 43 44]] [3 [49 51 52 53 58]] [4 [60 67 68 73]] [5 [79 84 85 86]] [6 [91 96 97 99 100 104]] [7 [105 108 114 115 118]] [8 [120 122 123 129 130 131 132 133 134]] [9 [136 138 141 142 144 146 147 149]] [10 [150 151 152 153 154 155 156 157 158 159 160]] [11 [166 167 168 169 170 171 174 175 176]] [12 [181 182 183 185 189 190 192 194]] [13 [196 198 199 202 203 204 205 208 209]] [14 [210 211 212 214 215 216 218 221 224]] [15 [225 227 231 232 234 235 237 239]] [16 [240 241 243 244 245 248 249 250 251 252]] [17 [255 256 257 265 266 267]] [18 [271 274 276 279 280 281 282 283]] [19 [285 286 288 289 290 291 292 295 297 298]] [20 [300 302 303 310 311 312 314]] [21 [315 316 317 318 321 325 326 329]] [22 [330 335 338 342]] [23 [347 349 350 354 355]] [24 [360 362 363 371 372]] [25 [378 380 382 383 389]] [26 [391 393 398]] [27 [405 407 411 413 416 419]] [28 [423 426 428 429 430 434]] [29 [435 437 439 440 441 442 443 444 445 447 448]] [30 [451 453 458 459 460 463 464]] [31 [466 467 468 470 475 476 477 478]] [32 [480 483 484 489 491 492 493]] [33 [497 500 501 502 503 504 505 506 507]] [34 [513 514 517 520 521]] [35 [530 535 536 539]] [36 [540 541 546 547 548 551 552 553]] [37 [555 557 559 562 565 567 569]] [38 [571 572 574 576 577 578 583 584]] [39 [586 588 589 590 591 595 597 598]] [40 [601 603 607 611 613 614]] [41 [615 618 619 620 621 622 624 625 626]] [42 [630 631 632 634 636 637 638 642 643 644]] [43 [645 646 648 650 654 655 658 659]] [44 [660 661 662 664 667 668 671 673]] [45 [676 679 682 687 688 689]] [46 [693 695 696 697 698 699 700 702 704]] [47 [705 708 709 711 712 713 714 716 717]] [48 [720 722 723 724 725 728 730 734]] [49 [737 738 739 740 742 745 747 749]] [50 [753 754 756 758 759 760 762 764]] [51 [765 767 769 773 775 776]] [52 [780 783 786 789]] [53 [798 799 803 804 806 807]] [54 [811 817 819 821 823]] [55 [828 832 836 837]] [56 [840 841 845 847 848 850 852 854]] [57 [855 857 858 859 863 865 866 867 869]] [58 [872 874 875 878 880 881 882 883 884]] [59 [885 886 888 889 890 892 895]] [60 [901 902 904 906 907 908 909 911 913 914]] [61 [916 917 919 921 922 923 924 929]] [62 [930 931 932 936 937 938 940 942]] [63 [945 946 948 951 952 956 957 959]] [64 [960 962 963 964 965 969 972 973]] [65 [978 981 982 983 984 985 986 987 989]] [66 [990 992 996 997 998 999 1000 1003 1004]] [67 [1008 1009 1010 1013 1016 1019]] [68 [1020 1022 1024 1026 1029 1032 1033 1034]] [69 [1036 1037 1039 1040 1042 1043 1045 1047]] [70 [1051 1053 1054 1057 1060 1064]] [71 [1069 1071 1072 1073 1075 1077 1078]] [72 [1080 1083 1085 1087 1090 1091 1092 1093]] [73 [1095 1097 1099 1100 1101 1102 1104 1106]] [74 [1111 1113 1114 1115 1118 1120 1123 1124]] [75 [1126 1128 1129 1130 1132 1133 1134 1136 1138]] [76 [1142 1147 1148 1150 1153]] [77 [1155 1157 1161 1162 1163 1164]] [78 [1171 1179 1181]] [79 [1187 1190 1192 1196 1198]] [80 [1200 1201 1202 1203 1208 1210]] [81 [1217 1219 1221 1222 1223 1224 1225 1227 1228 1229]] [82 [1231 1232 1233 1236 1237 1238 1242 1244]] [83 [1246 1248 1250 1251 1252 1254 1256 1257 1258 1259]] [84 [1260 1262 1265 1267 1269 1270 1271]] [85 [1275 1276 1277 1279 1280 1281 1282 1283 1287]] [86 [1290 1292 1293 1295 1296 1299 1301 1302 1303 1304]] [87 [1306 1309 1310 1311 1312 1313 1315 1318 1319]] [88 [1320 1321 1322 1323 1324 1325 1327 1329 1330 1332 1333 1334]] [89 [1336 1337 1340 1342 1344 1346 1347]] [90 [1350 1352 1356 1357 1360 1362 1363 1364]] [91 [1365 1366 1368 1369 1370 1371 1372 1373 1377]] [92 [1380 1381 1382 1383 1384 1385 1386 1387 1390 1394]] [93 [1395 1396 1398 1403 1404 1405 1407 1408]] [94 [1410 1411 1414 1415 1417 1418 1421 1422 1423]] [95 [1427 1428 1429 1432 1433 1434 1435 1436 1437]] [96 [1447 1448 1450 1454]] [97 [1455 1462 1465 1466 1469]] [98 [1472 1475 1476 1480 1481 1482 1483]] [99 [1486 1487 1490 1492 1493 1494 1497 1498 1499]]]",,"[[{media 50} [[""A"" [4 4 4 4 4 4 4 4 4 4]]]] [{media 53} [[""A"" [6 6 6 6 6 6 6 6 6 6]]]] [{media 54} [[""A"" [2 2 2 2 2 2 2 2 2 2]]]] [{media 55} [[""A"" [1 1 1 1 1 1 1 1 1 1]]]] [{media 58} [[""A"" [5 5 5 5 5 5 5 5 5 5]]]] [{media 60} [[""A"" [1 1 1 1 1 1 1 1 1 1]]]] [{media 62} [[""A"" [3 3 3 3 3 3 3 3 3 3]]]] [{media 63} [[""A"" [1 1 1 1 1 1 1 1 1 1]]]] [{media 64} [[""A"" [4 4 4 4 4 4 4 4 4 4]]]] [{citizen 5} [[""A"" [2 2 3 1 1 0 2 1 2 2]]]] [{citizen 8} [[""A"" [2 2 1 1 2 2 1 3 2 1]]]] [{citizen 0} [[""A"" [1 1 4 1 2 2 1 2 2 3]]]] [{citizen 1} [[""A"" [1 2 4 2 3 1 4 5 6 5]]]] [{citizen 25} [[""A"" [2 3 1 1 3 5 5 2 3 1]]]] [{media 61} [[""A"" [6 6 6 6 6 6 6 6 6 6]]]] [{citizen 17} [[""A"" [4 5 4 3 1 0 5 4 4 1]]]] [{citizen 4} [[""A"" [1 1 3 4 2 1 2 4 6 6]]]] [{citizen 9} [[""A"" [1 1 1 5 4 4 6 5 1 2]]]] [{citizen 13} [[""A"" [4 2 3 1 2 0 1 2 2 4]]]] [{citizen 22} [[""A"" [2 2 2 4 5 6 4 2 1 3]]]] [{media 56} [[""A"" [5 5 5 5 5 5 5 5 5 5]]]] [{citizen 26} [[""A"" [1 3 4 2 3 1 1 0 2 4]]]] [{citizen 41} [[""A"" [1 3 4 2 1 2 4 6 6 5]]]] [{citizen 21} [[""A"" [3 2 2 2 1 2 2 1 3 2]]]] [{media 59} [[""A"" [2 2 2 2 2 2 2 2 2 2]]]] [{citizen 34} [[""A"" [4 2 1 2 4 5 3 3 5 4]]]] [{citizen 24} [[""A"" [2 1 2 4 5 6 2 3 3 2]]]] [{citizen 38} [[""A"" [2 3 2 1 1 3 4 5 6 5]]]] [{citizen 46} [[""A"" [1 1 3 4 2 3 1 1 4 1]]]] [{citizen 36} [[""A"" [4 2 1 2 4 6 6 4 5 1]]]] [{citizen 6} [[""A"" [0 2 2 2 1 2 2 3 2 1]]]] [{citizen 18} [[""A"" [1 1 2 2 1 1 2 1 2 1]]]] [{citizen 35} [[""A"" [1 2 3 4 6 6 6 2 1 4]]]] [{media 51} [[""A"" [2 2 2 2 2 2 2 2 2 2]]]] [{citizen 48} [[""A"" [3 4 2 2 3 1 1 0 2 4]]]] [{citizen 20} [[""A"" [1 1 4 2 1 2 4 6 6 5]]]] [{citizen 16} [[""A"" [1 3 2 2 2 1 2 2 3 2]]]] [{citizen 43} [[""A"" [2 2 1 1 3 4 4 6 5 5]]]] [{citizen 32} [[""A"" [5 2 1 1 1 3 4 4 5 3]]]] [{citizen 10} [[""A"" [0 0 1 1 2 1 1 3 2 1]]]] [{citizen 39} [[""A"" [2 3 2 1 4 4 6 5 1 2]]]] [{citizen 23} [[""A"" [1 3 4 6 0 1 4 3 5 5]]]] [{citizen 28} [[""A"" [2 1 1 3 4 1 3 4 5 4]]]] [{media 57} [[""A"" [2 2 2 2 2 2 2 2 2 2]]]] [{citizen 12} [[""A"" [1 3 4 1 2 4 6 1 3 1]]]] [{citizen 45} [[""A"" [4 5 5 1 1 2 2 1 1 1]]]] [{citizen 7} [[""A"" [2 2 1 1 3 4 4 6 6 4]]]] [{citizen 19} [[""A"" [2 2 2 4 6 5 4 5 5 4]]]] [{media 52} [[""A"" [0 0 0 0 0 0 0 0 0 0]]]] [{citizen 3} [[""A"" [1 1 3 4 2 4 5 4 3 1]]]] [{citizen 42} [[""A"" [3 4 2 3 1 2 3 4 5 1]]]] [{citizen 30} [[""A"" [2 3 2 1 3 4 4 1 3 5]]]] [{citizen 49} [[""A"" [2 1 2 2 1 0 2 3 2 1]]]] [{citizen 29} [[""A"" [1 2 2 3 1 1 0 3 5 5]]]] [{citizen 40} [[""A"" [4 3 5 6 6 3 2 2 1 1]]]] [{citizen 11} [[""A"" [4 1 2 2 3 1 1 4 5 4]]]] [{citizen 15} [[""A"" [1 4 2 3 1 1 0 1 2 2]]]] [{citizen 47} [[""A"" [2 3 1 0 0 1 1 5 5 4]]]] [{citizen 31} [[""A"" [1 4 2 1 2 2 1 0 3 5]]]] [{citizen 44} [[""A"" [2 2 1 3 1 1 2 6 6 5]]]] [{citizen 2} [[""A"" [2 1 1 3 4 2 1 1 3 6]]]] [{citizen 27} [[""A"" [4 0 1 2 2 2 1 1 3 2]]]] [{citizen 37} [[""A"" [2 3 1 3 2 0 1 5 5 4]]]] [{citizen 14} [[""A"" [1 0 0 1 3 2 2 2 1 1]]]]]"
"34","[0 0 255]","341.25","-2.0728981718408117","4.707737312011304","""circle""","""""","9.9","{breed citizens}","false","0.5","1","""up""",,"[[""ID"" 36] [""alpha"" 1] [""beta"" 1] [""malleable"" [""A""]] [""prior"" []] [""cont_tokens"" []] [""A"" 6]]","[[0 [0 1 2 3 4 5 6 8 9 10 11 12 13 14]] [1 [15 17 18 19 20 21 22 23 24 25 26 27 28 29]] [2 [30 31 32 33 34 35 36 37 38 39 40 41 42 43 44]] [3 [45 46 48 49 50 51 52 53 54 55 56 57 58 59]] [4 [60 61 62 63 64 65 66 67 68 70 71 72 73 74]] [5 [75 76 77 78 81 83 87 88 89]] [6 [90 91 92 93 94 95 96 97 98 101 102 103]] [7 [106 107 108 109 110 111 112 114 115 116 117 119]] [8 [121 125 126 127 128 130 131 132 133 134]] [9 [135 136 137 138 139 140 141 142 144 145 146 147 149]] [10 [150 151 152 153 154 155 156 157 158 159 160 161 163]] [11 [165 166 167 168 169 170 171 172 173 174 175 176 177 178 179]] [12 [181 182 183 185 186 187 188 189 190 191 192 193 194]] [13 [195 196 197 198 199 200 201 202 203 204 205 206 207 208 209]] [14 [210 211 212 213 214 215 216 217 218 219 220 221 222 224]] [15 [225 226 227 228 229 230 231 232 234 235 236 237 238 239]] [16 [240 241 242 243 244 245 246 247 248 249 250 251 252 253 254]] [17 [255 256 257 265 268 269]] [18 [270 271 272 273 274 275 276 278 279 280 281 282 283 284]] [19 [285 286 287 288 289 290 291 292 293 294 295 296 297 298 299]] [20 [300 301 302 303 304 305 306 307 308 309 310 311 312 313 314]] [21 [315 316 317 318 319 320 321 322 323 324 325 326 328 329]] [22 [330 331 332 333 334 335 336 337 338 339 342 343 344]] [23 [347 349 350 352 354 355 357]] [24 [360 361 362 363 364 365 366 367 368 369 370 371 372 373 374]] [25 [375 376 377 378 379 380 381 382 383 384 385 386 387 388 389]] [26 [390 391 392 393 394 395 396 397 398 400 401 402 403 404]] [27 [405 406 407 408 409 411 412 413 414 415 416 417 418 419]] [28 [420 421 422 423 424 425 426 427 428 429 430 431 432 434]] [29 [435 436 437 438 439 440 441 442 443 444 445 446 447 448 449]] [30 [450 451 452 453 454 455 456 457 458 459 460 461 462 463 464]] [31 [466 467 468 470 471 472 473 474 475 476 477 478 479]] [32 [480 481 482 483 484 485 486 487 488 489 490 491 492 493 494]] [33 [495 496 497 498 499 500 501 502 503 504 505 506 507 508 509]] [34 [510 511 512 513 514 515 516 517 518 519 520 521 522 523 524]] [35 [525 526 527 528 529 530 531 532 533 534 535 536 537 538 539]] [36 [540 541 542 543 544 545 546 547 548 549 550 551 552 553 554]] [37 [555 556 557 558 559 560 561 562 563 564 565 566 567 568 569]] [38 [570 571 572 574 575 576 577 578 579 580 581 582 583 584]] [39 [585 586 587 588 589 590 591 592 593 594 595 596 597 598 599]] [40 [600 601 602 603 604 605 606 607 608 611 612 613 614]] [41 [615 616 617 618 619 620 621 622 623 624 625 626 627 628 629]] [42 [630 631 632 633 634 635 636 637 638 639 640 641 642 643 644]] [43 [645 646 647 648 650 651 652 653 654 655 656 658 659]] [44 [660 661 662 664 665 667 668 670 671 672 673 674]] [45 [675 676 677 678 679 680 681 682 683 684 685 686 687 688 689]] [46 [690 691 693 694 695 696 697 698 699 700 701 702 703 704]] [47 [705 708 710 711 712 713 714 715 716 717 718 719]] [48 [720 721 722 723 724 725 726 727 728 729 730 731 732 733 734]] [49 [735 736 741 743 746 748 749]] [50 [750 751 752 753 754 755 756 757 758 759 760 762 764]] [51 [765 766 767 768 769 770 771 772 773 774 775 776 777 779]] [52 [780 782 783 785 786 787 788 789 790 791 792 793 794]] [53 [795 796 797 798 799 800 801 802 803 804 805 806 807 808 809]] [54 [810 811 813 814 815 816 817 818 819 820 821 822 823 824]] [55 [828 829 830 831 832 833 834 835 836 837 838 839]] [56 [840 841 842 843 844 845 846 847 848 849 850 851 852 853 854]] [57 [856 860 861 862 864 866 867 868 869]] [58 [870 871 872 874 875 878 879 880 881 882 883 884]] [59 [887 890 893 894 897 898]] [60 [901 902 903 905 910 912]] [61 [915 916 917 918 919 920 921 922 923 924 925 926 927 928 929]] [62 [930 931 932 935 936 937 938 939 940 941 942]] [63 [945 946 947 948 951 952 954 955 956 957 959]] [64 [960 961 962 963 964 965 966 967 968 969 970 971 972 973 974]] [65 [977 978 979 980 981 982 983 984 985 986 987 988 989]] [66 [990 991 992 993 994 995 996 997 998 999 1000 1001 1002 1003 1004]] [67 [1005 1006 1007 1008 1009 1010 1011 1012 1013 1014 1015 1016 1017 1018 1019]] [68 [1020 1021 1022 1023 1024 1025 1026 1027 1028 1029 1030 1031 1032 1033 1034]] [69 [1035 1036 1037 1038 1039 1040 1041 1042 1043 1045 1046 1047 1048 1049]] [70 [1050 1051 1052 1053 1054 1055 1056 1057 1058 1059 1060 1061 1062 1063 1064]] [71 [1065 1066 1067 1068 1070 1073 1074 1075 1076 1077 1078 1079]] [72 [1080 1081 1082 1083 1084 1085 1086 1087 1088 1089 1090 1091 1092 1093 1094]] [73 [1096 1098 1103 1105 1107 1108 1109]] [74 [1110 1111 1112 1113 1114 1115 1116 1117 1119 1120 1121 1122 1123 1124]] [75 [1125 1126 1127 1128 1129 1130 1131 1132 1133 1134 1135 1136 1137 1138 1139]] [76 [1141 1142 1143 1144 1145 1147 1148 1150 1151 1152 1153]] [77 [1155 1157 1158 1159 1160 1161 1162 1163 1164 1165 1166 1167 1168 1169]] [78 [1170 1171 1172 1173 1174 1175 1176 1177 1178 1179 1180 1181 1182 1183 1184]] [79 [1185 1186 1188 1189 1190 1191 1192 1193 1194 1195 1196 1197 1198 1199]] [80 [1200 1201 1202 1203 1204 1205 1206 1207 1208 1209 1210 1211 1212 1213 1214]] [81 [1215 1216 1217 1218 1219 1220 1221 1222 1223 1224 1225 1226 1227 1228 1229]] [82 [1230 1231 1232 1233 1235 1236 1237 1238 1239 1240 1241 1242 1243 1244]] [83 [1245 1246 1247 1248 1249 1250 1251 1252 1253 1254 1256 1257 1258 1259]] [84 [1260 1261 1262 1263 1265 1267 1269 1270 1271]] [85 [1275 1276 1277 1279 1280 1281 1282 1283 1284 1286 1287]] [86 [1290 1291 1292 1293 1295 1296 1298 1299 1300 1301 1302 1303 1304]] [87 [1305 1306 1307 1308 1309 1310 1311 1312 1313 1314 1315 1316 1317 1318 1319]] [88 [1320 1321 1322 1323 1324 1325 1326 1327 1328 1329 1330 1331 1332 1333 1334]] [89 [1335 1336 1337 1338 1339 1340 1341 1342 1343 1344 1345 1346 1347 1348 1349]] [90 [1350 1352 1353 1354 1355 1356 1357 1358 1359 1360 1361 1362 1363 1364]] [91 [1365 1366 1367 1368 1369 1370 1371 1372 1373 1374 1375 1376 1377 1378 1379]] [92 [1380 1381 1382 1383 1384 1385 1386 1387 1388 1389 1390 1391 1392 1393 1394]] [93 [1395 1396 1397 1398 1399 1400 1401 1402 1403 1404 1405 1406 1407 1408 1409]] [94 [1410 1411 1412 1414 1415 1416 1417 1418 1419 1420 1421 1422 1423 1424]] [95 [1425 1426 1427 1428 1429 1430 1431 1432 1433 1434 1435 1436 1437 1438 1439]] [96 [1440 1441 1442 1443 1444 1445 1446 1447 1448 1449 1450 1451 1452 1453 1454]] [97 [1455 1456 1457 1458 1459 1460 1461 1462 1463 1464 1465 1466 1467 1468 1469]] [98 [1470 1471 1472 1473 1474 1475 1476 1479 1480 1481 1482 1483 1484]] [99 [1485 1486 1487 1488 1489 1490 1491 1492 1493 1494 1495 1496 1497 1498 1499]]]","[[0 [1 6 8 10 11 12 13 14]] [1 [15 17 19 21 23 24 27 28 29]] [2 [32 33 34 38 42 43 44]] [3 [48 51 52 53 58]] [4 [60 66 67 68 70 72 74]] [5 [76 77 78 81 83 88 89]] [6 [90 92 93 94 95 98 101 102 103]] [7 [106 109 110 111 112 116 117]] [8 [121 125 126 127 128 131 133 134]] [9 [136 138 141 142 144 149]] [10 [150 151 152 153 154 155 159 160 163]] [11 [165 168 169 170 171 174 175 176]] [12 [181 182 183 185 188 189 190 192 194]] [13 [196 198 199 203 204 205 208 209]] [14 [210 211 212 214 215 217 219 220 222]] [15 [226 228 229 230 237]] [16 [243 244 245 248 249 250 251 252 253 254]] [17 [255 256 257 265 268 269]] [18 [270 273 274 276 279 280 281 282 283]] [19 [285 286 288 289 290 291 292 295]] [20 [301 302 303 310 311 312 314]] [21 [315 316 317 318 321 325 326 329]] [22 [330 332 333 334 335 338 342]] [23 [347 349 350 354 355]] [24 [360 362 363 365 368 369 371 372]] [25 [378 380 382 385 388]] [26 [390 391 393 398 402]] [27 [405 407 408 409 412 415 417 418]] [28 [420 421 422 424 425 427 429 430 434]] [29 [435 437 439 440 441 442 443 444 445 447]] [30 [450 451 453 458 459 460 461 463 464]] [31 [466 467 468 470 472 475 476 477 478]] [32 [480 488 489 491 492 494]] [33 [495 497 499 502 503 504 508 509]] [34 [510 511 512 515 516 518 519 522]] [35 [528 531 532 533 534 538 539]] [36 [540 541 546 547 548 554]] [37 [557 559 562 565 567 569]] [38 [570 571 572 574 575 576 577 578 583]] [39 [585 587 592 594 596 599]] [40 [600 602 603 607 611 612 613 614]] [41 [615 618 619 629]] [42 [633 634 636 637 642 643 644]] [43 [645 646 648 651 652 653 655 656 659]] [44 [660 661 662 664 667 668 671 673]] [45 [676 679 682 687]] [46 [690 691 694 703]] [47 [705 708 710 715]] [48 [721 727 729 731 732 733]] [49 [735 743 746 748 749]] [50 [750 755 757 758 759 760 762]] [51 [765 767 769 773 775 776]] [52 [780 782 783 785 787 788 790 791 793 794]] [53 [795 796 798 799 803 804 806 807]] [54 [811 817 819 823]] [55 [828 832 836 837]] [56 [843 846 849 851 853]] [57 [856 860 861 862 868]] [58 [870 871 874 875 879]] [59 [887 890 893 894 898]] [60 [901 902 903 905 912]] [61 [915 918 919 921 922 923 924 926 929]] [62 [930 931 932 935 937 938 940 942]] [63 [945 946 948 951 952 956 957 959]] [64 [960 962 963 964 965 970 972 973]] [65 [977 979 980]] [66 [991 995 1001 1003]] [67 [1006 1007 1009 1010 1013 1015 1017 1018]] [68 [1023 1025 1028 1030 1032 1033 1034]] [69 [1036 1037 1040 1042 1043 1045 1047]] [70 [1050 1052 1055 1056 1058 1059 1061 1062 1063]] [71 [1065 1066 1067 1068 1070 1073 1075 1077 1078]] [72 [1080 1081 1082 1084 1088 1089 1094]] [73 [1096 1098 1103 1105 1108 1109]] [74 [1110 1112 1116 1119 1121 1122 1124]] [75 [1126 1128 1129 1130 1131 1133 1134 1136 1138]] [76 [1141 1143 1144 1145 1151 1152 1153]] [77 [1155 1157 1158 1159 1160 1165 1166 1167 1168 1169]] [78 [1172 1174 1175 1176 1177 1178 1180 1183]] [79 [1185 1186 1188 1189 1190 1191 1192 1196 1198]] [80 [1201 1202 1203 1208 1210 1212 1214]] [81 [1217 1219 1221 1222 1225 1226 1227 1228 1229]] [82 [1231 1232 1233 1236 1237 1238 1242 1243]] [83 [1246 1248 1249 1250 1251 1252 1254 1256 1257 1259]] [84 [1260 1261 1262 1265 1267 1269 1270 1271]] [85 [1275 1276 1279 1280 1281 1282 1283 1287]] [86 [1290 1291 1292 1293 1296 1299 1301 1302 1303 1304]] [87 [1306 1309 1310 1311 1312 1313 1315 1316 1318]] [88 [1321 1322 1324 1326 1328]] [89 [1335 1338 1339 1342 1344 1346 1347]] [90 [1350 1352 1353 1357 1360 1362 1363 1364]] [91 [1365 1366 1368 1369 1370 1371 1372 1373 1377]] [92 [1380 1381 1382 1383 1384 1389 1391 1392]] [93 [1397 1400 1401 1402 1404 1406 1407 1408]] [94 [1410 1411 1414 1415 1417 1418 1421 1422 1423 1424]] [95 [1425 1426 1429 1433 1434 1435 1436 1438 1439]] [96 [1440 1441 1442 1443 1447 1448 1451 1452 1453]] [97 [1457 1458 1459 1460 1461 1463 1464 1467 1468]] [98 [1470 1471 1472 1475 1476 1479 1484]] [99 [1485 1488 1489 1491 1495 1496]]]",,"[[{media 50} [[""A"" [4 4 4 4 4 4 4 4 4 4]]]] [{media 53} [[""A"" [6 6 6 6 6 6 6 6 6 6]]]] [{media 54} [[""A"" [2 2 2 2 2 2 2 2 2 2]]]] [{media 55} [[""A"" [1 1 1 1 1 1 1 1 1 1]]]] [{media 56} [[""A"" [5 5 5 5 5 5 5 5 5 5]]]] [{media 57} [[""A"" [2 2 2 2 2 2 2 2 2 2]]]] [{media 59} [[""A"" [2 2 2 2 2 2 2 2 2 2]]]] [{media 60} [[""A"" [1 1 1 1 1 1 1 1 1 1]]]] [{media 61} [[""A"" [6 6 6 6 6 6 6 6 6 6]]]] [{media 62} [[""A"" [3 3 3 3 3 3 3 3 3 3]]]] [{media 63} [[""A"" [1 1 1 1 1 1 1 1 1 1]]]] [{media 64} [[""A"" [4 4 4 4 4 4 4 4 4 4]]]] [{citizen 7} [[""A"" [1 1 2 1 3 5 4 6 6 4]]]] [{citizen 12} [[""A"" [1 1 1 2 4 1 1 3 2 1]]]] [{citizen 24} [[""A"" [2 2 2 2 1 1 2 4 1 2]]]] [{media 58} [[""A"" [5 5 5 5 5 5 5 5 5 5]]]] [{citizen 4} [[""A"" [6 2 2 1 1 4 1 2 4 6]]]] [{citizen 8} [[""A"" [1 2 2 1 1 2 2 1 3 2]]]] [{media 51} [[""A"" [2 2 2 2 2 2 2 2 2 2]]]] [{citizen 0} [[""A"" [2 2 2 1 2 2 2 2 2 3]]]] [{citizen 26} [[""A"" [3 4 2 3 2 1 1 0 2 6]]]] [{citizen 41} [[""A"" [2 5 4 6 2 3 4 2 4 6]]]] [{citizen 22} [[""A"" [2 2 2 4 5 6 4 2 2 2]]]] [{citizen 21} [[""A"" [2 2 2 1 1 2 2 1 3 2]]]] [{citizen 17} [[""A"" [3 4 4 2 5 2 2 1 4 2]]]] [{citizen 33} [[""A"" [2 4 2 2 2 0 2 2 1 2]]]] [{citizen 25} [[""A"" [2 1 1 2 1 5 2 2 1 3]]]] [{citizen 9} [[""A"" [1 2 4 6 5 1 2 2 1 2]]]] [{citizen 44} [[""A"" [1 1 1 2 4 6 6 5 5 4]]]] [{citizen 40} [[""A"" [5 6 5 4 3 2 4 2 2 1]]]] [{citizen 11} [[""A"" [2 2 3 2 1 1 6 5 5 4]]]] [{citizen 37} [[""A"" [1 1 2 0 1 0 1 5 5 4]]]] [{citizen 28} [[""A"" [3 2 2 2 4 6 5 4 5 4]]]] [{citizen 6} [[""A"" [2 1 1 0 2 2 2 1 3 2]]]] [{citizen 36} [[""A"" [2 1 1 1 2 4 2 1 2 1]]]] [{citizen 46} [[""A"" [4 2 2 3 2 1 1 6 4 1]]]] [{citizen 38} [[""A"" [1 2 2 3 4 5 6 5 6 6]]]] [{citizen 13} [[""A"" [2 0 2 2 4 1 2 2 1 4]]]] [{citizen 31} [[""A"" [2 2 3 2 1 0 3 6 4 5]]]] [{citizen 5} [[""A"" [1 2 2 4 4 2 0 2 2 2]]]] [{citizen 15} [[""A"" [1 1 0 2 5 4 1 2 2 2]]]] [{citizen 35} [[""A"" [2 1 2 2 3 4 5 6 6 4]]]] [{citizen 18} [[""A"" [1 2 5 1 1 2 1 1 1 2]]]] [{citizen 48} [[""A"" [4 2 2 3 2 1 1 2 4 5]]]] [{citizen 20} [[""A"" [2 1 4 2 1 2 4 6 6 5]]]] [{citizen 16} [[""A"" [1 1 2 2 2 1 2 2 3 2]]]] [{citizen 43} [[""A"" [6 0 2 1 1 1 3 4 6 5]]]] [{citizen 32} [[""A"" [5 2 1 1 2 3 4 4 5 3]]]] [{citizen 39} [[""A"" [1 2 5 5 2 2 5 4 1 2]]]] [{citizen 23} [[""A"" [6 5 5 2 1 3 6 0 1 4]]]] [{citizen 10} [[""A"" [1 0 2 1 1 2 2 1 1 2]]]] [{citizen 1} [[""A"" [1 1 2 4 2 3 1 5 6 5]]]] [{citizen 3} [[""A"" [2 2 1 2 4 5 4 3 2 1]]]] [{media 52} [[""A"" [0 0 0 0 0 0 0 0 0 0]]]] [{citizen 2} [[""A"" [2 1 1 3 2 2 6 5 4 5]]]] [{citizen 49} [[""A"" [1 2 2 2 0 2 2 1 3 2]]]] [{citizen 29} [[""A"" [1 0 4 2 2 3 1 1 4 5]]]] [{citizen 19} [[""A"" [3 2 2 2 6 5 4 5 5 4]]]] [{citizen 30} [[""A"" [1 4 4 2 1 2 4 3 5 2]]]] [{citizen 47} [[""A"" [2 2 2 1 1 0 1 1 5 4]]]] [{citizen 14} [[""A"" [1 1 0 1 1 2 2 2 1 1]]]] [{citizen 27} [[""A"" [4 0 1 2 2 2 1 1 2 2]]]] [{citizen 45} [[""A"" [5 5 0 1 1 2 2 2 1 1]]]] [{citizen 42} [[""A"" [3 2 2 4 6 5 4 5 2 1]]]]]"
"35","[213 0 42]","56.25","8.060377592787466","5.932237325253206","""circle""","""""","9.9","{breed citizens}","false","0.5","1","""up""",,"[[""ID"" 27] [""alpha"" 1] [""beta"" 1] [""malleable"" [""A""]] [""prior"" []] [""cont_tokens"" []] [""A"" 1]]","[[0 [0 1 2 3 4 5 6 8 9 10 11 12 13 14]] [1 [15 16 17 18 19 20 21 22 23 24 25 26 27 28 29]] [2 [30 31 32 33 34 35 36 37 38 39 40 41 42 43 44]] [3 [45 46 47 48 49 50 51 52 53 54 55 56 57 58 59]] [4 [60 61 62 63 64 65 66 67 68 70 71 72 73 74]] [5 [75 76 77 78 81 83 87 88 89]] [6 [90 91 92 93 94 95 96 97 98 101 102 103]] [7 [105 106 107 108 109 110 111 112 114 115 116 117 119]] [8 [120 121 122 123 124 125 126 127 128 129 130 131 132 133 134]] [9 [135 136 137 138 139 140 141 142 144 145 146 147 149]] [10 [150 151 152 153 154 155 156 157 158 159 160 161 163]] [11 [165 166 167 168 169 170 171 172 173 174 175 176 177 178 179]] [12 [180 181 182 183 184 185 186 187 188 189 190 191 192 193 194]] [13 [195 196 197 198 199 200 201 202 203 204 205 206 207 208 209]] [14 [210 211 212 213 214 215 216 217 218 219 220 221 222 224]] [15 [225 226 227 228 229 230 231 232 233 234 235 236 237 238 239]] [16 [240 241 242 243 244 245 246 247 248 249 250 251 252 253 254]] [17 [255 256 257 265 268 269]] [18 [270 271 272 273 274 275 276 277 278 279 280 281 282 283 284]] [19 [285 286 288 289 290 291 292 295 297 298 299]] [20 [300 301 302 303 304 305 306 307 308 309 310 311 312 314]] [21 [315 316 317 318 319 320 321 322 323 324 325 326 328 329]] [22 [331 332 333 334 335 336 337 338 339 340 341 342 343 344]] [23 [345 346 347 348 349 350 351 352 353 354 355 356 357 358 359]] [24 [360 361 362 363 364 365 366 367 368 369 370 371 372 373 374]] [25 [375 376 377 378 379 380 381 382 383 384 385 386 387 388 389]] [26 [390 391 392 393 394 395 396 397 398 400 401 402 403 404]] [27 [405 406 407 408 409 411 412 413 414 415 416 417 418 419]] [28 [420 421 422 423 424 425 426 427 428 429 430 431 432 433 434]] [29 [435 436 437 438 439 440 441 442 443 444 445 446 447 448 449]] [30 [450 451 452 454 455 456 457 458 459 460 461 462]] [31 [465 469 471 472 474 475 476 477 478 479]] [32 [480 481 482 483 484 485 486 487 488 489 490 491 492 493 494]] [33 [495 496 497 498 499 500 501 502 503 504 505 506 507 508 509]] [34 [510 511 512 513 514 515 516 517 518 519 520 521 522 523 524]] [35 [525 526 527 528 529 530 531 532 533 534 535 536 537 538 539]] [36 [540 541 542 543 544 545 546 547 548 549 550 551 552 553 554]] [37 [556 557 558 559 560 561 562 563 564 565 566 567 568 569]] [38 [570 571 572 574 575 576 577 578 579 580 581 582 583 584]] [39 [585 586 587 588 589 590 591 592 593 594 595 596 597 598 599]] [40 [600 601 602 603 604 605 606 607 608 609 610 611 612 613 614]] [41 [615 616 617 618 619 620 621 622 623 624 625 626 627 628 629]] [42 [630 631 632 633 634 635 636 637 638 639 640 641 642 643 644]] [43 [645 646 647 648 650 651 652 653 654 655 656 658 659]] [44 [660 661 662 664 665 667 668 670 671 672 673 674]] [45 [675 676 677 678 679 680 681 682 683 684 685 686 687 688 689]] [46 [690 691 693 694 695 696 697 698 699 700 701 702 703 704]] [47 [705 706 707 708 709 710 711 712 713 714 715 716 717 718 719]] [48 [720 721 722 723 724 725 726 728 729 730 731 732 733 734]] [49 [735 736 737 738 739 740 741 742 743 744 745 746 747 748 749]] [50 [750 751 752 753 754 755 756 757 758 759 760 762 764]] [51 [765 767 768 769 770 771 772 773 774 775 776 777 779]] [52 [780 781 782 783 784 785 786 787 788 789 790 791 792 793 794]] [53 [795 796 797 798 799 800 801 802 803 804 805 806 807 808 809]] [54 [810 811 812 813 814 815 816 817 818 819 820 821 822 823 824]] [55 [828 829 830 831 832 833 834 835 836 837 838 839]] [56 [840 841 842 843 844 845 846 847 848 849 850 851 852 854]] [57 [855 856 857 858 859 860 861 862 863 864 865 866 867 868 869]] [58 [870 871 872 873 874 875 876 877 878 879 880 881 882 883 884]] [59 [885 886 887 888 889 890 891 892 893 894 895 896 897 898 899]] [60 [900 901 902 904 906 907 908 909 911 913 914]] [61 [915 916 917 918 919 920 921 922 923 924 925 926 927 928 929]] [62 [930 931 932 935 936 937 938 939 940 941 942]] [63 [945 946 947 948 949 950 951 952 953 954 955 956 957 958 959]] [64 [960 962 963 964 965 969 970 972 973]] [65 [977 978 979 980 981 982 983 984 985 986 987 988 989]] [66 [990 991 992 993 994 995 996 997 998 999 1000 1001 1002 1003 1004]] [67 [1005 1006 1007 1008 1009 1010 1011 1012 1013 1014 1015 1016 1017 1018 1019]] [68 [1020 1021 1022 1023 1024 1025 1026 1027 1028 1029 1030 1031 1032 1033 1034]] [69 [1035 1036 1037 1038 1039 1040 1041 1042 1043 1045 1046 1047 1048 1049]] [70 [1050 1051 1052 1053 1054 1055 1056 1057 1058 1059 1060 1061 1062 1063 1064]] [71 [1065 1066 1067 1068 1069 1070 1071 1072 1073 1074 1075 1076 1077 1078 1079]] [72 [1080 1081 1082 1083 1084 1085 1086 1087 1088 1089 1090 1091 1092 1093 1094]] [73 [1095 1097 1099 1100 1101 1102 1104 1106]] [74 [1110 1111 1112 1113 1114 1115 1116 1117 1118 1119 1120 1121 1122 1123 1124]] [75 [1125 1126 1127 1128 1129 1130 1131 1132 1133 1134 1135 1136 1137 1138 1139]] [76 [1141 1142 1143 1144 1145 1147 1148 1150 1151 1152 1153]] [77 [1155 1157 1158 1161 1162 1163 1164 1165 1167 1168 1169]] [78 [1170 1171 1172 1173 1174 1175 1176 1177 1178 1179 1180 1181 1182 1183 1184]] [79 [1185 1186 1187 1188 1189 1190 1191 1192 1193 1194 1195 1196 1197 1198 1199]] [80 [1200 1201 1202 1203 1204 1208 1209 1210 1211 1212 1213 1214]] [81 [1215 1216 1217 1218 1219 1220 1221 1222 1223 1224 1225 1226 1227 1228 1229]] [82 [1231 1232 1233 1236 1237 1238 1242 1243 1244]] [83 [1245 1246 1247 1248 1249 1250 1251 1252 1253 1254 1256 1257 1258 1259]] [84 [1260 1261 1262 1263 1265 1267 1269 1270 1271]] [85 [1275 1276 1277 1279 1280 1281 1282 1283 1284 1286 1287]] [86 [1290 1291 1292 1293 1295 1296 1298 1299 1300 1301 1302 1303 1304]] [87 [1305 1306 1307 1308 1309 1310 1311 1312 1313 1314 1315 1316 1317 1318 1319]] [88 [1320 1321 1322 1323 1324 1325 1326 1327 1328 1329 1330 1331 1332 1333 1334]] [89 [1335 1336 1337 1338 1339 1340 1341 1342 1343 1344 1345 1346 1347 1348 1349]] [90 [1350 1352 1353 1354 1355 1356 1357 1358 1359 1360 1361 1362 1363 1364]] [91 [1365 1366 1367 1368 1369 1370 1371 1372 1373 1374 1375 1376 1377 1378 1379]] [92 [1380 1381 1382 1383 1384 1385 1386 1387 1388 1389 1390 1391 1392 1393 1394]] [93 [1395 1396 1397 1398 1399 1400 1401 1402 1403 1404 1405 1406 1407 1408 1409]] [94 [1410 1411 1412 1414 1415 1417 1418 1419 1420 1421 1422 1423 1424]] [95 [1425 1426 1427 1428 1429 1430 1431 1432 1433 1434 1435 1436 1437 1438 1439]] [96 [1440 1441 1442 1443 1444 1445 1446 1449 1450 1454]] [97 [1455 1456 1457 1458 1459 1460 1461 1462 1463 1464 1465 1466 1467 1468 1469]] [98 [1470 1472 1473 1474 1475 1476 1477 1478 1479 1480 1481 1482 1483 1484]] [99 [1485 1486 1487 1488 1489 1491 1492 1493 1494 1495 1496 1497 1498 1499]]]","[[0 [1 6 8 10 12 13]] [1 [15 17 19 21 23 24 25 27 28]] [2 [30 31 32 33 34 38 40 42 43]] [3 [45 46 48 51 52 53 58]] [4 [60 66 67 68 70 72 74]] [5 [75 76 77 78 81 83 88 89]] [6 [90 92 94 95 101 102 103]] [7 [106 107 108 111 112 115]] [8 [120 122 123 129 130 131 133 134]] [9 [136 138 141 142 144 149]] [10 [150 151 152 153 154 155 156 157 158 159 160 163]] [11 [165 168 169 170 171 174 175 176]] [12 [181 182 183 185 188 189 190 191 193]] [13 [195 197 200 206 207]] [14 [213 214 215 216 218 221 224]] [15 [225 227 231 234 236 238 239]] [16 [243 244 245 248 249 250 251 252 253 254]] [17 [255 256 257 268]] [18 [270 273 274 276 279 280 281 282 283]] [19 [285 286 288 289 290 291 292 295]] [20 [301 302 303 310 311 312 314]] [21 [316 317 318 320 322 323 324 328]] [22 [331 333 334 336 337 338 339 342]] [23 [347 349 350 354 355]] [24 [360 362 363 365 367 368 369 371 372]] [25 [378 380 382 385 386 387 388]] [26 [390 391 393 398 401 402]] [27 [405 407 408 409 412 416 419]] [28 [422 425 427 429 430 433]] [29 [436 438 446 449]] [30 [452 454 455 456 457 462]] [31 [465 469 472 475 476 477 478]] [32 [480 485 488 489 491 492 493]] [33 [496 498 499 502 503 504 505 507]] [34 [514 515 519 524]] [35 [525 527 528 529 531 532 533 534 538 539]] [36 [540 541 546 547 548 554]] [37 [557 559 562 565 566 567 569]] [38 [570 572 574 576 577 578 579 580 581 582]] [39 [585 587 592 594 598]] [40 [602 603 607 611 613 614]] [41 [615 618 619 622 624 627 628 629]] [42 [633 635 636 637 642 643 644]] [43 [645 646 648 651 652 653 658 659]] [44 [660 661 662 664 665 667 668 671 673]] [45 [675 677 678 681 683 684 685 686 689]] [46 [691 694 701 704]] [47 [705 708 710 715 716]] [48 [722 723 724 725 726 728 730 734]] [49 [737 738 739 740 742 745 747]] [50 [751 752 753 754 756 758 759 760 762 764]] [51 [765 767 769 773 775 776 779]] [52 [781 784 785 787 788 790 791 793 794]] [53 [795 797 800 801 803 804 806 807]] [54 [811 817 819 821 823]] [55 [828 829 830 831 833 835 838 839]] [56 [840 841 843 846 849 851]] [57 [855 857 859 863 865 866 867 869]] [58 [870 871 874 879]] [59 [887 890 892 894 895 896 899]] [60 [900 907 908 909 911 913 914]] [61 [916 917 919 921 922 923 924 926 929]] [62 [930 931 932 935 937 939]] [63 [945 946 948 951 952 956 957 959]] [64 [960 962 963 964 965 970 972 973]] [65 [978 981 982 983 984 985 986 987 989]] [66 [990 992 993 996 997 998 999 1000]] [67 [1005 1006 1007 1008 1009 1010 1013 1016 1019]] [68 [1020 1022 1024 1026 1029 1032 1033 1034]] [69 [1036 1037 1039 1040 1041 1042 1043 1045 1047]] [70 [1050 1052 1055 1056 1058 1059 1061 1062 1063]] [71 [1065 1066 1067 1068 1070 1073 1074 1076 1079]] [72 [1082 1084 1088 1089 1090 1091 1092 1093]] [73 [1095 1097 1099 1100 1101 1102 1106]] [74 [1111 1113 1114 1115 1117 1122 1123 1124]] [75 [1126 1128 1129 1130 1132 1133 1134 1136 1138]] [76 [1142 1147 1148 1150 1153]] [77 [1155 1157 1161 1163 1164]] [78 [1171 1179 1181 1182 1184]] [79 [1187 1189 1190 1193 1194 1195 1197 1199]] [80 [1200 1201 1202 1203 1212 1214]] [81 [1217 1219 1221 1222 1224 1225 1227 1228 1229]] [82 [1231 1232 1233 1236 1237 1238 1242 1243]] [83 [1246 1248 1250 1251 1252 1254 1256 1257 1259]] [84 [1260 1261 1262 1265 1267 1269 1270 1271]] [85 [1275 1276 1279 1280 1281 1282 1283 1287]] [86 [1290 1292 1293 1295 1296 1299 1301 1302 1303 1304]] [87 [1306 1309 1310 1311 1312 1313 1315 1318 1319]] [88 [1320 1321 1322 1324 1325 1327 1329 1330 1332 1333 1334]] [89 [1336 1337 1338 1339 1340 1342 1344 1346 1347]] [90 [1350 1352 1356 1358 1359 1361]] [91 [1367 1374 1378 1379]] [92 [1385 1386 1387 1390 1394]] [93 [1395 1396 1398 1403 1405 1407 1408]] [94 [1410 1411 1414 1415 1417 1418 1421 1422 1423]] [95 [1427 1428 1430 1431 1439]] [96 [1444 1445 1449 1450 1454]] [97 [1455 1462 1465 1466 1469]] [98 [1472 1475 1476 1479 1484]] [99 [1485 1488 1489 1491 1495 1497 1498 1499]]]",,"[[{citizen 39} [[""A"" [3 2 2 1 1 1 4 5 1 1]]]] [{citizen 49} [[""A"" [2 1 1 0 2 2 0 1 2 1]]]] [{media 50} [[""A"" [4 4 4 4 4 4 4 4 4 4]]]] [{media 53} [[""A"" [6 6 6 6 6 6 6 6 6 6]]]] [{media 54} [[""A"" [2 2 2 2 2 2 2 2 2 2]]]] [{media 55} [[""A"" [1 1 1 1 1 1 1 1 1 1]]]] [{media 56} [[""A"" [5 5 5 5 5 5 5 5 5 5]]]] [{media 57} [[""A"" [2 2 2 2 2 2 2 2 2 2]]]] [{media 58} [[""A"" [5 5 5 5 5 5 5 5 5 5]]]] [{media 60} [[""A"" [1 1 1 1 1 1 1 1 1 1]]]] [{media 62} [[""A"" [3 3 3 3 3 3 3 3 3 3]]]] [{media 63} [[""A"" [1 1 1 1 1 1 1 1 1 1]]]] [{media 64} [[""A"" [4 4 4 4 4 4 4 4 4 4]]]] [{citizen 0} [[""A"" [3 2 2 1 0 1 0 2 2 1]]]] [{citizen 4} [[""A"" [2 2 1 1 1 3 2 1 4 6]]]] [{citizen 18} [[""A"" [1 1 2 2 2 1 1 1 2 1]]]] [{media 61} [[""A"" [6 6 6 6 6 6 6 6 6 6]]]] [{citizen 17} [[""A"" [2 1 2 3 4 4 2 1 2 1]]]] [{citizen 8} [[""A"" [0 0 2 2 2 1 1 1 2 1]]]] [{media 59} [[""A"" [2 2 2 2 2 2 2 2 2 2]]]] [{citizen 1} [[""A"" [4 3 2 1 1 2 4 5 6 5]]]] [{media 51} [[""A"" [2 2 2 2 2 2 2 2 2 2]]]] [{citizen 26} [[""A"" [2 1 1 3 4 2 1 0 2 4]]]] [{citizen 41} [[""A"" [1 3 4 2 1 2 4 6 6 5]]]] [{citizen 22} [[""A"" [4 5 6 4 2 2 1 1 3 2]]]] [{citizen 21} [[""A"" [2 1 1 0 2 2 2 1 1 2]]]] [{citizen 33} [[""A"" [3 4 2 2 2 0 2 1 2 1]]]] [{citizen 25} [[""A"" [3 2 2 1 0 1 0 1 3 1]]]] [{citizen 9} [[""A"" [1 1 2 6 4 4 5 1 1 2]]]] [{citizen 44} [[""A"" [3 2 1 1 1 2 4 6 5 5]]]] [{citizen 40} [[""A"" [2 3 2 2 1 0 1 2 1 1]]]] [{citizen 11} [[""A"" [3 4 1 2 3 2 1 4 5 4]]]] [{citizen 37} [[""A"" [1 2 3 2 2 1 0 1 0 5]]]] [{citizen 28} [[""A"" [1 1 3 4 2 1 3 4 5 4]]]] [{citizen 6} [[""A"" [2 0 0 2 2 2 1 1 2 1]]]] [{citizen 36} [[""A"" [1 1 3 4 1 2 4 5 2 1]]]] [{citizen 46} [[""A"" [3 2 1 1 1 3 4 2 1 1]]]] [{citizen 38} [[""A"" [4 4 2 2 1 1 4 5 6 6]]]] [{citizen 24} [[""A"" [1 3 2 1 0 1 0 1 2 1]]]] [{citizen 12} [[""A"" [1 1 3 1 6 1 1 3 2 1]]]] [{citizen 13} [[""A"" [4 4 4 2 1 2 0 1 2 1]]]] [{citizen 31} [[""A"" [1 1 4 1 2 1 1 2 0 3]]]] [{citizen 5} [[""A"" [2 0 2 1 0 2 2 1 2 1]]]] [{citizen 15} [[""A"" [3 1 4 2 1 2 0 1 2 1]]]] [{citizen 7} [[""A"" [2 2 1 1 1 3 4 4 6 4]]]] [{citizen 34} [[""A"" [1 2 4 5 3 1 3 2 0 0]]]] [{citizen 45} [[""A"" [4 5 5 0 1 2 2 1 1 1]]]] [{citizen 23} [[""A"" [6 5 5 2 1 1 1 3 6 0]]]] [{citizen 10} [[""A"" [1 0 1 0 1 2 1 1 2 1]]]] [{citizen 19} [[""A"" [4 3 2 2 2 4 6 5 4 5]]]] [{media 52} [[""A"" [0 0 0 0 0 0 0 0 0 0]]]] [{citizen 20} [[""A"" [1 1 1 3 4 2 1 4 6 5]]]] [{citizen 48} [[""A"" [3 4 4 2 1 1 2 0 2 4]]]] [{citizen 3} [[""A"" [1 1 3 4 4 5 4 3 2 1]]]] [{citizen 42} [[""A"" [2 3 2 1 2 3 4 5 2 1]]]] [{citizen 30} [[""A"" [1 1 3 4 4 4 2 1 1 2]]]] [{citizen 29} [[""A"" [1 2 1 2 0 1 3 2 1 1]]]] [{citizen 47} [[""A"" [2 1 2 3 2 1 0 1 0 1]]]] [{citizen 2} [[""A"" [5 2 2 1 1 1 3 1 3 6]]]] [{citizen 32} [[""A"" [2 1 1 1 2 3 4 4 5 3]]]] [{citizen 16} [[""A"" [0 1 0 1 2 2 2 1 2 2]]]] [{citizen 43} [[""A"" [2 2 1 1 1 3 4 6 5 5]]]] [{citizen 14} [[""A"" [1 0 1 0 2 2 2 1 1 1]]]] [{citizen 27} [[""A"" [2 3 4 0 2 2 2 1 1 2]]]]]"
"36","[213 0 42]","63.75","9.183464919524445","4.454967025676282","""circle""","""""","9.9","{breed citizens}","false","0.5","1","""up""",,"[[""ID"" 6] [""alpha"" 1] [""beta"" 1] [""malleable"" [""A""]] [""prior"" []] [""cont_tokens"" []] [""A"" 1]]","[[0 [0 1 2 3 5 6 8 9 10 11 12 13 14]] [1 [15 17 18 19 20 21 22 23 24 25 26 27 28 29]] [2 [30 31 32 33 34 35 36 37 38 39 40 41 42 43 44]] [3 [45 46 47 48 49 50 51 52 53 54 55 56 57 58]] [4 [60 66 67 68 70 71 72 73 74]] [5 [75 76 77 78 79 80 81 82 83 84 85 86 87 88 89]] [6 [90 91 92 94 95 96 97 98 99 100 101 102 103 104]] [7 [105 106 107 108 109 110 111 112 114 115 116 117 119]] [8 [120 121 122 123 124 125 126 127 128 129 130 131 132 133 134]] [9 [135 136 137 138 139 140 141 142 143 144 145 146 147 148 149]] [10 [150 151 152 153 154 155 156 157 158 159 160 161 163]] [11 [165 166 167 168 169 170 171 172 173 174 175 176 177 178 179]] [12 [180 181 182 183 184 185 186 187 188 189 190 191 192 193 194]] [13 [195 196 197 198 199 200 201 202 203 204 205 206 207 208 209]] [14 [210 211 212 213 214 215 216 217 218 219 220 221 222 224]] [15 [226 228 229 230 235 237]] [16 [240 241 242 243 244 245 246 247 248 249 250 251 252 253 254]] [17 [255 256 257 265 266 267 268 269]] [18 [270 271 272 273 274 275 276 277 278 279 280 281 282 283 284]] [19 [285 286 287 288 289 290 291 292 293 294 295 296 297 298 299]] [20 [300 301 302 303 304 305 306 307 308 309 310 311 312 313 314]] [21 [315 316 317 318 319 320 321 322 323 324 325 326 327 328 329]] [22 [330 331 332 333 334 335 336 337 338 339 340 341 342 343 344]] [23 [345 346 347 348 349 350 351 352 353 354 355 356 357 358 359]] [24 [360 361 362 363 364 365 366 367 368 369 370 371 372 373 374]] [25 [375 376 377 378 379 380 381 382 383 384 385 386 387 388 389]] [26 [390 391 392 393 394 395 396 397 398 400 401 402 403 404]] [27 [405 406 407 408 409 411 412 413 414 415 416 417 418 419]] [28 [420 421 422 424 425 427 431 432 434]] [29 [435 436 437 438 439 440 441 442 443 444 445 446 447 448 449]] [30 [450 451 452 453 454 455 456 457 458 459 460 461 462 463 464]] [31 [465 466 467 468 469 470 471 472 473 474 475 476 477 478 479]] [32 [480 481 482 483 484 485 486 487 488 489 490 491 492 493]] [33 [495 496 497 498 499 500 501 502 503 504 505 506 507 508 509]] [34 [510 511 512 513 514 515 516 517 518 519 520 521 522 523 524]] [35 [525 526 527 528 529 530 531 532 533 534 535 536 537 538 539]] [36 [540 541 542 543 544 545 546 547 548 549 550 551 552 553 554]] [37 [555 556 557 558 559 560 561 562 563 564 565 566 567 568 569]] [38 [570 571 572 574 575 576 577 578 579 580 581 582 583 584]] [39 [585 586 587 588 589 590 591 592 593 594 595 596 597 598 599]] [40 [600 601 602 603 604 605 606 607 608 612 614]] [41 [615 616 617 618 619 620 621 622 623 624 625 626 627 628 629]] [42 [630 631 632 634 635 636 637 638 639 640 641 642 643 644]] [43 [645 646 647 648 649 650 651 652 653 654 655 656 658 659]] [44 [660 661 662 663 664 665 666 667 669 670 671 673]] [45 [675 676 677 678 679 680 681 682 683 684 685 686 687 688 689]] [46 [690 691 694 701 703 704]] [47 [705 708 709 710 711 712 713 714 715 716 717 718 719]] [48 [720 722 723 724 725 728 730 734]] [49 [735 736 737 738 739 740 741 742 743 744 745 746 747 748 749]] [50 [750 751 752 753 754 755 756 757 758 759 760 762 764]] [51 [765 766 767 768 769 770 771 772 773 774 775 776 777 779]] [52 [780 782 783 785 786 789 792]] [53 [796 798 799 803 804 806 807 808 809]] [54 [811 817 819 820 821 823]] [55 [828 829 830 831 832 833 834 835 836 837 838 839]] [56 [840 841 843 844 845 846 847 848 849 850 851 852 853 854]] [57 [855 856 857 858 859 860 861 862 863 864 865 866 867 868 869]] [58 [870 871 872 873 874 875 876 877 878 879 880 881 882 883 884]] [59 [885 886 887 888 889 890 891 892 893 894 895 896 899]] [60 [900 901 902 903 904 905 906 907 908 909 910 911 912 913 914]] [61 [916 917 918 919 921 922 923 924 926 928 929]] [62 [930 931 932 935 936 937 938 939 940 941 942]] [63 [945 946 947 948 951 952 954 955 956 957 959]] [64 [960 962 963 964 965 969 970 972 973]] [65 [977 978 979 980 981 982 983 984 985 986 987 988 989]] [66 [990 991 992 993 994 995 996 997 998 999 1000 1001 1002 1003 1004]] [67 [1005 1006 1007 1008 1009 1010 1011 1012 1013 1014 1015 1016 1017 1018 1019]] [68 [1020 1021 1022 1023 1024 1025 1026 1027 1028 1030 1031 1033 1034]] [69 [1035 1036 1037 1038 1039 1040 1041 1042 1043 1044 1045 1046 1047 1048 1049]] [70 [1050 1051 1052 1053 1054 1055 1056 1057 1058 1059 1060 1061 1062 1063 1064]] [71 [1065 1066 1067 1068 1069 1070 1071 1072 1073 1074 1075 1076 1077 1078 1079]] [72 [1081 1082 1084 1088 1089 1094]] [73 [1096 1098 1103 1105 1107 1108 1109]] [74 [1110 1112 1114 1115 1116 1117 1119 1120 1121 1122 1123 1124]] [75 [1125 1126 1127 1128 1129 1130 1131 1132 1133 1134 1136 1138 1139]] [76 [1141 1142 1143 1144 1145 1147 1148 1150 1151 1152 1153]] [77 [1155 1157 1158 1159 1160 1161 1162 1163 1164 1165 1166 1167 1168 1169]] [78 [1170 1171 1173 1174 1175 1176 1177 1178 1179 1180 1181 1182 1183 1184]] [79 [1185 1186 1187 1188 1189 1190 1191 1192 1193 1194 1195 1196 1197 1198 1199]] [80 [1200 1201 1202 1203 1204 1205 1206 1207 1208 1209 1210 1211 1212 1213 1214]] [81 [1215 1216 1217 1218 1219 1220 1221 1222 1223 1224 1225 1226 1227 1228 1229]] [82 [1231 1232 1233 1236 1237 1238 1242 1243 1244]] [83 [1245 1246 1247 1248 1249 1250 1251 1252 1253 1254 1256 1257 1258 1259]] [84 [1260 1261 1262 1263 1265 1267 1269 1270 1271]] [85 [1275 1276 1277 1279 1280 1281 1282 1283 1284 1286 1287]] [86 [1290 1291 1292 1293 1295 1296 1298 1299 1300 1301 1302 1303 1304]] [87 [1305 1306 1307 1308 1309 1310 1311 1312 1313 1314 1315 1316 1317 1318 1319]] [88 [1320 1321 1322 1323 1324 1325 1326 1327 1328 1329 1330 1331 1332 1333 1334]] [89 [1335 1336 1337 1338 1339 1340 1341 1342 1343 1344 1345 1346 1347 1348 1349]] [90 [1350 1351 1352 1353 1354 1355 1357 1358 1359 1360 1361 1362 1363 1364]] [91 [1365 1366 1367 1368 1369 1370 1371 1372 1373 1374 1375 1376 1377 1378 1379]] [92 [1380 1381 1382 1383 1384 1385 1386 1387 1388 1389 1390 1391 1392 1393 1394]] [93 [1395 1396 1398 1403 1404 1405 1406 1407 1408 1409]] [94 [1410 1411 1412 1414 1415 1417 1418 1419 1420 1421 1422 1423 1424]] [95 [1425 1426 1427 1428 1429 1430 1431 1432 1433 1434 1435 1436 1437 1438 1439]] [96 [1440 1444 1445 1446 1449 1450 1454]] [97 [1455 1456 1460 1462 1465 1466 1469]] [98 [1472 1475 1476 1477 1478 1479 1484]] [99 [1485 1486 1487 1488 1489 1490 1491 1492 1493 1494 1495 1496 1497 1498 1499]]]","[[0 [0 3 5 9 14]] [1 [15 17 19 21 24 25 26 29]] [2 [32 33 34 35 37 39 41 42 43 44]] [3 [48 49 51 52 53 58]] [4 [60 66 67 68 71 73]] [5 [79 80 82 84 85 86]] [6 [91 96 97 98 101 102]] [7 [107 108 114 115 119]] [8 [121 125 126 127 128 130 133 134]] [9 [136 138 141 142 144 146 147]] [10 [150 151 152 153 154 155 156 158 159 160]] [11 [167 169 170 171 174 175 176]] [12 [181 182 186 187 189 190 191 193]] [13 [195 197 200 202 203 204 205 208 209]] [14 [210 211 212 213 214 215 217 219 220 222]] [15 [226 228 229 230]] [16 [242 246 247 250 251 252 253 254]] [17 [255 256 257 268]] [18 [270 273 275 279 280 281 282 283]] [19 [285 286 288 289 290 291 292 295]] [20 [301 302 304 308 311 312 314]] [21 [315 316 317 319 320 322 323 324 328]] [22 [331 333 334 336 337 338 339 342]] [23 [347 349 350 354 355]] [24 [360 362 363 365 367 368 369 370 373 374]] [25 [375 376 377 379 381 384 386 387 388]] [26 [390 391 393 398 401 402]] [27 [405 406 407 409 412 415 417 418]] [28 [420 421 422 427 432 434]] [29 [435 437 439 440 441 442 443 444 445 447]] [30 [450 452 454 455 456 457 462]] [31 [465 469 471 472 474 479]] [32 [481 482 484 485 488 489 491 492]] [33 [495 497 499 503 504 508 509]] [34 [510 511 512 515 516 518 519 522]] [35 [527 529 531 532 533 534 538]] [36 [540 546 547 548 554]] [37 [556 557 559 562 566 567 569]] [38 [570 572 574 575 578 579 580 581 582]] [39 [585 587 592 596 599]] [40 [600 604 605 606 608 612]] [41 [616 617 623 625 626]] [42 [630 631 632 634 635 636 637 642 643 644]] [43 [645 646 648 651 652 653]] [44 [661 662 664 665 666 669 670 671 673]] [45 [676 679 682 687]] [46 [690 691 694 701 703]] [47 [705 708 710 711 712 713 714 716 717]] [48 [720 725 728 730 734]] [49 [737 738 739 740 742 744 745 746 748 749]] [50 [752 753 754 755 757 760 762]] [51 [765 767 769 773 776]] [52 [780 782 783 785 786 789]] [53 [796 798 799 806 807]] [54 [811 817 819 820 821 823]] [55 [828 832 836 837]] [56 [841 844 845 847 848 850 851]] [57 [855 857 858 859 862 868]] [58 [870 871 874 875 882 883 884]] [59 [885 886 888 889 890 893 894 895 896 899]] [60 [900 906 907 908 909 911 913 914]] [61 [916 917 919 921 922 923 924 929]] [62 [930 931 932 936 938 940 942]] [63 [946 947 948 951 952 957 959]] [64 [960 962 963 964 965 969 970 972 973]] [65 [977 979 980]] [66 [991 995 1001 1002 1004]] [67 [1011 1014 1015 1017 1018]] [68 [1023 1025 1028 1031]] [69 [1035 1038 1041 1042 1043 1045 1046 1048 1049]] [70 [1050 1052 1055 1056 1057 1060 1064]] [71 [1066 1067 1068 1070 1073 1074 1076 1079]] [72 [1081 1084 1088 1094]] [73 [1096 1098 1103 1105 1108 1109]] [74 [1110 1112 1116 1117 1122]] [75 [1125 1127 1131 1132 1133 1134 1136 1138]] [76 [1141 1143 1144 1145 1151 1152 1153]] [77 [1155 1157 1161 1163 1164]] [78 [1170 1171 1173 1174 1175 1176 1177 1178 1180 1183]] [79 [1185 1186 1188 1189 1190 1192 1196 1198]] [80 [1200 1201 1202 1203 1212 1214]] [81 [1217 1219 1221 1222 1223 1224 1225 1226 1228 1229]] [82 [1231 1232 1233 1236 1237 1238 1242 1243]] [83 [1247 1249 1250 1251 1252 1254 1256 1257 1259]] [84 [1260 1261 1262 1265 1267 1269 1270 1271]] [85 [1275 1276 1279 1280 1281 1282 1283 1287]] [86 [1290 1291 1292 1293 1295 1296 1299 1301 1302 1304]] [87 [1306 1309 1310 1311 1312 1313 1315 1318]] [88 [1324 1328]] [89 [1335 1338 1339 1341 1343 1345 1349]] [90 [1351 1355 1358 1359 1361]] [91 [1367 1370 1371 1372 1373 1377]] [92 [1380 1381 1382 1383 1384 1388 1390 1394]] [93 [1395 1396 1398 1403 1404 1406 1407 1408]] [94 [1410 1411 1414 1415 1417 1418 1421 1422 1423 1424]] [95 [1425 1426 1428 1430 1431 1438 1439]] [96 [1444 1446 1449 1450 1454]] [97 [1455 1456 1460 1466 1469]] [98 [1472 1475 1476]] [99 [1486 1487 1490 1492 1493 1494 1498 1499]]]",,"[[{citizen 46} [[""A"" [2 3 2 2 1 2 3 4 4 2]]]] [{media 50} [[""A"" [4 4 4 4 4 4 4 4 4 4]]]] [{media 53} [[""A"" [6 6 6 6 6 6 6 6 6 6]]]] [{media 54} [[""A"" [2 2 2 2 2 2 2 2 2 2]]]] [{media 55} [[""A"" [1 1 1 1 1 1 1 1 1 1]]]] [{media 56} [[""A"" [5 5 5 5 5 5 5 5 5 5]]]] [{media 57} [[""A"" [2 2 2 2 2 2 2 2 2 2]]]] [{media 58} [[""A"" [5 5 5 5 5 5 5 5 5 5]]]] [{media 60} [[""A"" [1 1 1 1 1 1 1 1 1 1]]]] [{media 62} [[""A"" [3 3 3 3 3 3 3 3 3 3]]]] [{media 63} [[""A"" [1 1 1 1 1 1 1 1 1 1]]]] [{media 64} [[""A"" [4 4 4 4 4 4 4 4 4 4]]]] [{citizen 32} [[""A"" [5 1 1 2 3 4 4 4 5 3]]]] [{citizen 4} [[""A"" [1 4 1 3 4 2 1 4 6 6]]]] [{citizen 6} [[""A"" [2 1 1 0 0 2 2 1 3 2]]]] [{citizen 7} [[""A"" [2 2 1 1 2 3 5 4 6 6]]]] [{media 59} [[""A"" [2 2 2 2 2 2 2 2 2 2]]]] [{citizen 10} [[""A"" [5 6 6 5 3 1 2 4 0 2]]]] [{media 51} [[""A"" [2 2 2 2 2 2 2 2 2 2]]]] [{citizen 0} [[""A"" [1 2 1 2 2 1 1 2 2 3]]]] [{citizen 2} [[""A"" [1 1 2 1 2 2 1 2 3 1]]]] [{citizen 26} [[""A"" [5 2 4 6 4 2 2 3 4 0]]]] [{citizen 41} [[""A"" [1 3 4 4 2 2 4 6 6 5]]]] [{citizen 22} [[""A"" [5 4 1 2 2 4 4 2 4 2]]]] [{citizen 21} [[""A"" [4 6 1 0 2 2 2 1 3 2]]]] [{citizen 17} [[""A"" [3 4 4 4 0 5 2 1 4 2]]]] [{citizen 33} [[""A"" [1 2 4 2 0 0 2 2 1 2]]]] [{citizen 25} [[""A"" [2 3 4 4 3 1 2 2 1 3]]]] [{citizen 9} [[""A"" [2 6 4 6 5 1 2 2 1 2]]]] [{citizen 44} [[""A"" [2 3 1 1 2 1 2 6 5 4]]]] [{citizen 40} [[""A"" [2 2 1 0 4 6 5 4 2 1]]]] [{citizen 11} [[""A"" [3 4 2 1 1 4 5 5 4 6]]]] [{citizen 37} [[""A"" [1 2 4 2 2 4 2 1 5 4]]]] [{citizen 8} [[""A"" [4 2 1 2 0 2 2 1 3 2]]]] [{citizen 28} [[""A"" [2 3 4 4 2 1 5 5 4 6]]]] [{citizen 34} [[""A"" [1 1 2 3 4 4 2 4 5 6]]]] [{citizen 24} [[""A"" [1 1 2 2 6 2 2 1 3 2]]]] [{citizen 38} [[""A"" [1 2 4 2 1 1 2 4 6 6]]]] [{citizen 13} [[""A"" [4 4 2 1 0 2 2 1 4 6]]]] [{citizen 45} [[""A"" [3 1 2 4 4 2 1 4 5 1]]]] [{citizen 12} [[""A"" [5 1 1 3 4 6 0 1 3 2]]]] [{citizen 39} [[""A"" [2 2 2 1 2 5 4 6 0 2]]]] [{citizen 35} [[""A"" [2 2 1 2 6 6 6 1 2 4]]]] [{citizen 18} [[""A"" [2 4 2 1 2 1 1 2 1 2]]]] [{citizen 48} [[""A"" [1 2 1 2 2 3 4 1 1 0]]]] [{citizen 20} [[""A"" [1 2 4 4 2 1 4 6 6 5]]]] [{citizen 16} [[""A"" [1 3 2 1 0 0 2 2 3 2]]]] [{citizen 43} [[""A"" [6 1 1 2 3 4 4 4 6 5]]]] [{citizen 1} [[""A"" [6 4 6 2 2 4 2 3 1 5]]]] [{citizen 3} [[""A"" [1 2 3 4 2 4 5 4 3 1]]]] [{media 61} [[""A"" [6 6 6 6 6 6 6 6 6 6]]]] [{media 52} [[""A"" [0 0 0 0 0 0 0 0 0 0]]]] [{citizen 42} [[""A"" [4 4 3 2 1 2 5 4 2 1]]]] [{citizen 19} [[""A"" [4 5 6 1 2 3 4 5 4 6]]]] [{citizen 30} [[""A"" [1 1 2 4 4 4 2 1 5 2]]]] [{citizen 5} [[""A"" [3 4 2 3 1 0 0 2 2 2]]]] [{citizen 49} [[""A"" [1 2 3 1 2 0 2 1 3 2]]]] [{citizen 29} [[""A"" [2 1 2 3 6 1 2 4 2 0]]]] [{citizen 15} [[""A"" [3 4 2 4 2 1 0 0 2 2]]]] [{citizen 47} [[""A"" [2 1 2 3 4 2 1 0 4 6]]]] [{citizen 31} [[""A"" [0 2 2 1 1 2 1 2 1 0]]]] [{citizen 27} [[""A"" [1 2 4 6 5 1 2 3 4 2]]]] [{citizen 14} [[""A"" [4 1 1 2 3 4 2 1 0 1]]]] [{citizen 23} [[""A"" [1 2 4 6 5 1 2 3 4 6]]]]]"
"37","[0 0 255]","210","-4.900132756036143","-8.238477037490874","""circle""","""""","9.9","{breed citizens}","false","0.5","1","""up""",,"[[""ID"" 10] [""alpha"" 1] [""beta"" 1] [""malleable"" [""A""]] [""prior"" []] [""cont_tokens"" []] [""A"" 6]]","[[0 [0 1 2 3 4 5 6 8 9 10 11 12 13 14]] [1 [15 17 18 19 20 21 22 24 25 26 27 28 29]] [2 [30 31 32 33 34 35 36 37 38 39 40 41 42 43 44]] [3 [45 46 47 48 49 50 51 52 53 54 55 56 57 58 59]] [4 [60 62 63 64 65 66 67 68 70 71 72 73 74]] [5 [75 76 77 78 79 80 81 82 83 84 85 86 87 88 89]] [6 [90 91 92 93 94 95 96 97 98 101 102 103]] [7 [105 106 107 108 109 110 111 112 114 115 116 117 119]] [8 [120 121 122 123 124 125 126 127 128 129 130 131 132 133 134]] [9 [135 136 138 140 141 142 144 145 146 147 149]] [10 [150 151 152 153 154 155 156 157 158 159 160 161 163]] [11 [165 166 167 168 169 170 171 172 173 174 175 176 177 178 179]] [12 [181 182 183 185 186 187 188 189 190 191 192 193 194]] [13 [195 196 197 198 199 200 201 202 203 204 205 206 207 208 209]] [14 [210 211 212 213 214 215 216 217 218 219 220 221 222 224]] [15 [225 226 227 228 229 230 231 232 233 234 235 236 237 238 239]] [16 [240 241 242 243 244 245 246 247 248 249 250 251 252 253 254]] [17 [255 256 257 258 259 260 261 262 263 264 265 267 268 269]] [18 [270 271 272 273 274 275 276 277 278 279 280 281 282 283 284]] [19 [285 286 287 288 289 290 291 292 293 294 295 296 297 298 299]] [20 [300 301 302 303 304 305 306 307 308 309 310 311 312 313 314]] [21 [315 316 317 318 319 320 321 322 323 324 325 326 328 329]] [22 [330 331 332 333 334 335 336 337 338 339 340 341 342 343 344]] [23 [345 346 347 348 349 350 351 352 353 354 355 356 357 358 359]] [24 [360 361 362 363 364 365 366 367 368 369 370 371 372 373 374]] [25 [375 376 377 378 379 380 381 382 383 384 385 386 387 388 389]] [26 [390 391 392 393 394 395 396 397 398 400 401 402 403 404]] [27 [405 406 407 408 409 411 412 413 414 415 416 417 418 419]] [28 [420 421 422 423 424 425 426 427 428 429 430 431 432 433 434]] [29 [435 436 437 438 439 440 441 442 443 444 445 446 447 448 449]] [30 [450 451 452 453 454 455 456 457 458 459 460 461 462 463 464]] [31 [465 469 471 472 474 475 476 477 478 479]] [32 [480 481 482 483 484 485 486 487 488 489 490 491 492 493 494]] [33 [495 496 497 498 499 500 501 502 503 504 505 506 507 508 509]] [34 [510 511 512 513 514 515 516 517 518 519 520 521 522 523 524]] [35 [525 526 530 535 536 537 538 539]] [36 [540 541 542 543 544 545 546 547 548 549 550 551 552 553 554]] [37 [556 557 558 559 560 561 562 563 564 565 566 567 568 569]] [38 [570 571 572 574 575 576 577 578 579 580 581 582 583 584]] [39 [585 586 587 588 589 590 591 592 593 594 595 596 597 598 599]] [40 [600 601 602 603 604 605 606 607 608 609 610 611 612 613 614]] [41 [615 616 617 618 619 620 621 622 623 624 625 626 627 628 629]] [42 [630 631 632 633 634 635 636 637 638 639 640 641 642 643 644]] [43 [645 646 648 650 651 652 653 654 655 656 658 659]] [44 [660 661 662 664 665 667 668 670 671 672 673 674]] [45 [675 676 677 678 679 680 681 682 683 684 685 686 687 688 689]] [46 [690 691 693 694 695 696 697 698 699 700 701 702 703 704]] [47 [705 706 707 708 709 710 711 712 713 714 715 716 717 718 719]] [48 [720 722 723 724 725 726 728 729 730 731 732 733 734]] [49 [735 736 737 738 739 740 741 742 743 744 745 746 747 748 749]] [50 [750 751 752 753 754 755 756 757 758 759 760 762 764]] [51 [765 766 767 768 769 770 771 772 773 774 775 776 777 779]] [52 [780 782 783 785 786 787 788 789 790 791 792 793 794]] [53 [795 796 797 798 799 800 801 802 803 804 806 807 808 809]] [54 [810 811 812 813 814 815 817 819 820 821 822 823 824]] [55 [828 829 830 831 832 833 834 835 836 837 838 839]] [56 [840 841 843 844 845 846 847 848 849 850 851 852 853 854]] [57 [855 856 857 858 859 860 861 862 863 864 865 866 867 868 869]] [58 [870 871 872 873 874 875 876 877 878 879 880 881 882 883 884]] [59 [885 886 887 888 889 890 891 892 893 894 895 896 897 898 899]] [60 [900 901 902 903 904 905 906 907 908 909 910 911 912 913 914]] [61 [915 916 917 918 919 920 921 922 923 924 925 926 927 928 929]] [62 [930 931 932 933 934 935 936 937 938 939 940 941 942 943 944]] [63 [945 946 947 948 951 952 956 957 959]] [64 [960 962 963 964 965 969 970 972 973]] [65 [977 978 979 980 981 982 983 984 985 986 987 988 989]] [66 [990 991 992 993 994 995 996 997 998 999 1000 1001 1002 1003 1004]] [67 [1005 1006 1007 1008 1009 1010 1011 1012 1013 1014 1015 1016 1017 1018 1019]] [68 [1020 1021 1022 1023 1024 1025 1026 1027 1028 1029 1030 1031 1032 1033 1034]] [69 [1035 1036 1037 1038 1039 1040 1041 1042 1043 1045 1046 1047 1048 1049]] [70 [1050 1051 1052 1053 1054 1055 1056 1057 1058 1059 1060 1061 1062 1063 1064]] [71 [1065 1066 1067 1068 1070 1073 1074 1075 1076 1077 1078 1079]] [72 [1080 1081 1082 1083 1084 1085 1086 1087 1088 1089 1090 1091 1092 1093 1094]] [73 [1095 1097 1099 1100 1101 1102 1104 1106]] [74 [1110 1111 1112 1113 1114 1115 1116 1117 1118 1119 1120 1121 1122 1123 1124]] [75 [1125 1126 1127 1128 1129 1130 1131 1132 1133 1134 1135 1136 1137 1138 1139]] [76 [1140 1141 1142 1143 1144 1145 1147 1148 1150 1151 1152 1153]] [77 [1155 1156 1157 1158 1159 1160 1161 1162 1163 1164 1165 1166 1167 1168 1169]] [78 [1170 1171 1172 1173 1174 1175 1176 1177 1178 1179 1180 1181 1182 1183 1184]] [79 [1185 1186 1188 1189 1190 1191 1192 1193 1194 1195 1196 1197 1198 1199]] [80 [1200 1201 1202 1203 1204 1208 1209 1210 1212 1213 1214]] [81 [1215 1216 1217 1218 1219 1220 1221 1222 1223 1224 1225 1226 1227 1228 1229]] [82 [1230 1231 1232 1233 1235 1236 1237 1238 1239 1240 1241 1242 1243 1244]] [83 [1246 1247 1248 1249 1250 1251 1252 1253 1254 1256 1257 1258 1259]] [84 [1260 1261 1262 1263 1265 1267 1269 1270 1271]] [85 [1275 1276 1277 1279 1280 1281 1282 1283 1284 1286 1287]] [86 [1290 1291 1292 1293 1295 1296 1298 1299 1300 1301 1302 1303 1304]] [87 [1305 1306 1307 1308 1309 1310 1311 1312 1313 1314 1315 1316 1317 1318 1319]] [88 [1321 1322 1323 1324 1325 1326 1327 1328 1329 1330 1331 1332 1333 1334]] [89 [1335 1336 1337 1338 1339 1340 1341 1342 1343 1344 1345 1346 1347 1348 1349]] [90 [1350 1351 1352 1353 1354 1355 1356 1357 1358 1359 1360 1361 1362 1363 1364]] [91 [1365 1366 1367 1368 1369 1370 1371 1372 1373 1374 1375 1376 1377 1378 1379]] [92 [1380 1381 1382 1383 1384 1385 1386 1387 1388 1389 1390 1391 1392 1393 1394]] [93 [1395 1396 1397 1398 1399 1400 1401 1402 1403 1404 1405 1406 1407 1408 1409]] [94 [1410 1411 1412 1414 1415 1416 1417 1418 1419 1420 1421 1422 1423 1424]] [95 [1425 1426 1427 1428 1429 1430 1431 1432 1433 1434 1435 1436 1437 1438 1439]] [96 [1440 1441 1442 1443 1444 1445 1446 1447 1448 1449 1450 1451 1452 1453 1454]] [97 [1455 1456 1457 1458 1459 1460 1461 1463 1464 1467 1468]] [98 [1470 1471 1472 1473 1474 1475 1476 1479 1480 1481 1482 1483 1484]] [99 [1485 1486 1487 1488 1489 1490 1491 1492 1493 1494 1495 1496 1497 1498 1499]]]","[[0 [2 3 5 9 14]] [1 [15 17 19 21 24 27 28 29]] [2 [32 33 34 35 37 39 41 42 43 44]] [3 [49 51 52 53 58]] [4 [60 66 67 68 71 73]] [5 [75 76 77 78 81 83 88 89]] [6 [90 92 94 95 98 101 103]] [7 [106 107 108 114 115]] [8 [120 122 123 129 130 133 134]] [9 [136 138 141 142 144 146 147 149]] [10 [150 151 152 153 154 155 156 158 159 160 163]] [11 [165 168 169 170 171 174 175 176]] [12 [181 182 183 185 192 194]] [13 [196 198 202 203 204 205 209]] [14 [210 211 212 214 215 216 218 221 224]] [15 [225 227 231 232 238 239]] [16 [241 243 244 245 248 249 250 251 252 253 254]] [17 [255 256 257 265 267]] [18 [271 274 276 277 278 281 282 283]] [19 [285 286 288 289 290 291 292 295]] [20 [301 302 303 310 311 312 314]] [21 [315 320 322 323 324 328]] [22 [331 333 334 336 337 338 339 342]] [23 [347 349 350 352 354 355 357 358 359]] [24 [361 364 366 367 368 369 370 373 374]] [25 [375 376 379 381 384 386 387 388]] [26 [390 391 393 398 401 402]] [27 [405 407 412 414 415 417]] [28 [420 421 422 427 429 430 433]] [29 [436 438 444 445 446 449]] [30 [452 454 455 456 457 462]] [31 [465 469 471 472 475 476 477 478]] [32 [480 483 484 485 488 489 491 492 494]] [33 [495 497 499 502 503 505 506 507]] [34 [513 514 517 520 521]] [35 [526 530 535 536 539]] [36 [540 541 546 547 548 554]] [37 [556 557 559 562 565 566 567 569]] [38 [570 571 572 574 576 577 578 579 580 581 582]] [39 [585 587 592 596 599]] [40 [604 605 606 608 612]] [41 [616 617 621 623 625 626 627 628 629]] [42 [633 635 636 637 642 643 644]] [43 [645 646 650 654 655 656 659]] [44 [660 661 662 667 668 671 673]] [45 [675 677 678 681 683 684 685 686 689]] [46 [691 694 701 702]] [47 [706 707 709 711 712 713 714 716 717]] [48 [720 722 723 724 725 728 730 734]] [49 [737 738 739 740 744 747]] [50 [751 752 753 754 756 758 759 760 762]] [51 [765 767 769 773 776]] [52 [780 783 786 789]] [53 [799 806 807]] [54 [811 817 819 820 821 823]] [55 [829 830 831 834 835 836 837]] [56 [840 841 843 846 849 851]] [57 [855 857 858 859 863 865 866 867 869]] [58 [872 874 879]] [59 [887 890 892 894 895 896 899]] [60 [900 907 908 909 911 913 914]] [61 [916 917 919 921 922 923 924 928]] [62 [931 932 936 938 940]] [63 [946 947 951 952 956 957 959]] [64 [960 962 963 964 965 969 972 973]] [65 [978 981 982 984 985 986 987 989]] [66 [990 992 993 996 997 998 999 1000 1003]] [67 [1006 1007 1008 1009 1010 1013 1016 1019]] [68 [1020 1022 1024 1026 1029 1032 1033 1034]] [69 [1036 1037 1039 1040 1041 1042 1043 1045 1047]] [70 [1050 1052 1053 1054 1057 1060 1062 1063]] [71 [1065 1066 1067 1068 1070 1075 1077 1078]] [72 [1080 1083 1085 1086 1088 1089 1091 1092 1093]] [73 [1095 1097 1099 1100 1101 1104 1106]] [74 [1111 1113 1114 1115 1117 1120 1123 1124]] [75 [1126 1128 1129 1130 1132 1133 1134 1136 1138]] [76 [1141 1142 1147 1148 1150 1153]] [77 [1157 1158 1159 1160 1165 1166 1167 1168 1169]] [78 [1170 1171 1173 1174 1175 1176 1177 1178 1180 1183]] [79 [1185 1186 1194 1195 1197 1199]] [80 [1200 1201 1208 1209 1210 1212 1214]] [81 [1217 1219 1221 1222 1225 1226 1227 1228 1229]] [82 [1231 1232 1233 1236 1237 1238 1242 1243]] [83 [1246 1248 1251 1252 1254 1256 1257 1259]] [84 [1260 1262 1265 1267 1269 1270 1271]] [85 [1275 1276 1279 1280 1281 1282 1283 1287]] [86 [1290 1292 1293 1295 1296 1299 1301 1302 1304]] [87 [1306 1309 1310 1311 1312 1313 1315 1316]] [88 [1327 1329 1330 1331 1332 1333 1334]] [89 [1336 1337 1339 1342 1344 1346 1347]] [90 [1350 1352 1353 1357 1360 1362 1363 1364]] [91 [1365 1366 1368 1369 1370 1371 1373 1377]] [92 [1380 1381 1382 1383 1384 1388 1389 1390 1391 1392]] [93 [1395 1396 1398 1403 1405 1408]] [94 [1410 1411 1414 1415 1417 1418 1421 1422 1423 1424]] [95 [1425 1426 1428 1429 1432 1433 1434 1435 1436]] [96 [1440 1441 1442 1443 1447 1448 1451 1452 1453]] [97 [1457 1458 1459 1460 1461 1463 1464 1467 1468]] [98 [1470 1473 1474 1476 1479 1484]] [99 [1485 1488 1489 1491 1495 1496]]]",,"[[{media 50} [[""A"" [4 4 4 4 4 4 4 4 4 4]]]] [{media 53} [[""A"" [6 6 6 6 6 6 6 6 6 6]]]] [{media 54} [[""A"" [2 2 2 2 2 2 2 2 2 2]]]] [{media 55} [[""A"" [1 1 1 1 1 1 1 1 1 1]]]] [{media 56} [[""A"" [5 5 5 5 5 5 5 5 5 5]]]] [{media 57} [[""A"" [2 2 2 2 2 2 2 2 2 2]]]] [{media 59} [[""A"" [2 2 2 2 2 2 2 2 2 2]]]] [{media 60} [[""A"" [1 1 1 1 1 1 1 1 1 1]]]] [{media 61} [[""A"" [6 6 6 6 6 6 6 6 6 6]]]] [{media 62} [[""A"" [3 3 3 3 3 3 3 3 3 3]]]] [{media 63} [[""A"" [1 1 1 1 1 1 1 1 1 1]]]] [{media 64} [[""A"" [4 4 4 4 4 4 4 4 4 4]]]] [{citizen 0} [[""A"" [4 5 2 2 1 2 2 2 3 1]]]] [{citizen 2} [[""A"" [2 2 3 1 3 2 6 5 4 5]]]] [{citizen 7} [[""A"" [1 2 2 1 1 3 5 6 6 4]]]] [{citizen 11} [[""A"" [1 1 2 3 3 2 1 4 6 4]]]] [{citizen 8} [[""A"" [1 1 2 1 1 2 2 3 2 1]]]] [{media 58} [[""A"" [5 5 5 5 5 5 5 5 5 5]]]] [{citizen 4} [[""A"" [2 2 1 1 3 2 1 4 6 6]]]] [{media 51} [[""A"" [2 2 2 2 2 2 2 2 2 2]]]] [{citizen 6} [[""A"" [0 1 2 1 0 2 2 2 3 1]]]] [{citizen 26} [[""A"" [2 1 2 3 4 2 1 0 2 6]]]] [{citizen 41} [[""A"" [2 5 4 6 2 3 4 2 4 6]]]] [{citizen 22} [[""A"" [1 2 2 2 4 5 6 4 2 3]]]] [{citizen 21} [[""A"" [3 2 1 2 1 2 2 2 3 1]]]] [{citizen 17} [[""A"" [3 4 4 4 2 5 4 2 2 1]]]] [{citizen 33} [[""A"" [1 2 4 2 2 0 2 2 2 1]]]] [{citizen 25} [[""A"" [1 2 1 3 5 5 2 2 3 1]]]] [{citizen 9} [[""A"" [1 1 2 4 4 6 5 1 2 2]]]] [{citizen 44} [[""A"" [2 1 3 1 1 2 4 6 6 5]]]] [{citizen 40} [[""A"" [3 6 6 2 4 4 3 2 2 1]]]] [{citizen 34} [[""A"" [3 2 2 1 2 4 4 3 5 4]]]] [{citizen 24} [[""A"" [2 3 2 1 2 4 4 3 5 1]]]] [{citizen 38} [[""A"" [2 3 4 2 1 1 3 4 5 6]]]] [{citizen 46} [[""A"" [2 3 4 4 2 3 2 1 4 1]]]] [{citizen 36} [[""A"" [2 2 1 1 3 4 1 4 2 1]]]] [{citizen 35} [[""A"" [1 2 3 4 5 6 6 2 2 4]]]] [{citizen 18} [[""A"" [1 2 4 5 1 1 1 1 2 1]]]] [{citizen 39} [[""A"" [2 5 5 2 2 2 4 1 2 1]]]] [{citizen 23} [[""A"" [6 5 5 2 3 6 1 4 3 5]]]] [{citizen 28} [[""A"" [3 4 2 1 3 4 6 5 5 4]]]] [{citizen 5} [[""A"" [2 2 4 4 4 2 0 2 2 1]]]] [{citizen 13} [[""A"" [4 2 1 2 0 5 1 2 2 6]]]] [{citizen 45} [[""A"" [1 4 5 5 1 1 2 1 1 1]]]] [{citizen 12} [[""A"" [1 3 5 5 3 1 1 3 3 1]]]] [{citizen 19} [[""A"" [3 4 2 2 6 5 4 5 5 6]]]] [{citizen 10} [[""A"" [2 3 2 0 2 1 1 1 1 1]]]] [{citizen 1} [[""A"" [4 2 2 3 1 4 5 6 6 5]]]] [{citizen 3} [[""A"" [6 2 1 3 4 2 4 4 3 1]]]] [{citizen 16} [[""A"" [1 1 1 3 2 1 2 2 3 1]]]] [{citizen 43} [[""A"" [4 6 2 1 1 2 3 4 6 5]]]] [{citizen 20} [[""A"" [1 2 1 4 2 1 4 6 6 5]]]] [{citizen 48} [[""A"" [1 3 4 2 1 1 0 2 4 5]]]] [{citizen 42} [[""A"" [2 3 4 3 2 3 5 4 5 1]]]] [{citizen 30} [[""A"" [2 1 3 4 4 2 1 4 3 5]]]] [{citizen 32} [[""A"" [5 1 1 2 3 4 4 4 5 3]]]] [{citizen 49} [[""A"" [3 2 1 1 2 2 0 2 3 1]]]] [{citizen 29} [[""A"" [2 3 2 1 2 4 4 3 5 5]]]] [{citizen 15} [[""A"" [3 2 1 0 5 4 2 2 2 1]]]] [{citizen 47} [[""A"" [2 3 2 1 0 1 1 5 5 6]]]] [{citizen 31} [[""A"" [5 6 2 2 1 1 1 0 3 5]]]] [{citizen 27} [[""A"" [4 0 1 2 2 2 1 1 2 1]]]] [{citizen 14} [[""A"" [1 0 2 1 1 3 2 2 1 1]]]] [{media 52} [[""A"" [0 0 0 0 0 0 0 0 0 0]]]]]"
"38","[128 0 127]","232.5","-7.718114140963746","-6.14799607853929","""circle""","""""","9.9","{breed citizens}","false","0.5","1","""up""",,"[[""ID"" 31] [""alpha"" 1] [""beta"" 1] [""malleable"" [""A""]] [""prior"" []] [""cont_tokens"" []] [""A"" 3]]","[[0 [0 1 2 3 4 5 6 9 10 11 12 13 14]] [1 [15 17 18 19 20 21 22 23 24 25 26 27 28 29]] [2 [30 31 32 33 34 35 36 37 38 39 40 41 42 43 44]] [3 [45 46 47 48 49 50 51 52 53 54 55 56 57 58 59]] [4 [60 61 62 63 64 65 66 67 68 70 71 72 73 74]] [5 [75 76 77 78 79 80 81 82 83 84 85 86 87 88 89]] [6 [90 92 93 94 95 96 97 98 101 102 103]] [7 [105 106 107 108 109 110 111 112 114 115 116 117 119]] [8 [120 121 122 123 124 125 126 127 128 129 130 131 132 133 134]] [9 [135 136 137 138 139 140 141 142 143 144 145 146 147 148 149]] [10 [150 151 152 153 154 155 156 157 158 159 160 161 163]] [11 [165 166 167 168 169 170 171 172 173 174 175 176 177 178 179]] [12 [181 182 183 185 186 187 188 189 190 191 192 193 194]] [13 [195 196 197 198 199 200 201 202 203 204 205 206 207 208 209]] [14 [210 211 212 213 214 215 216 217 218 219 220 221 222 224]] [15 [225 226 227 228 229 230 231 232 234 235 236 237 238 239]] [16 [240 241 242 243 244 245 246 247 248 249 250 251 252 253 254]] [17 [255 256 257 265 266 267 268 269]] [18 [270 271 272 273 274 275 276 277 278 279 280 281 282 283 284]] [19 [285 286 287 288 289 290 291 292 293 294 295 296 297 298 299]] [20 [300 301 302 303 304 305 306 307 308 309 310 311 312 313 314]] [21 [315 316 317 318 319 320 321 322 323 324 325 326 328 329]] [22 [331 333 334 335 336 337 338 339 340 341 342 343 344]] [23 [345 346 348 351 352 353 354 355 356 358 359]] [24 [360 361 362 363 364 365 366 367 368 369 370 371 372 373 374]] [25 [375 376 377 378 379 380 381 382 383 384 385 386 387 388 389]] [26 [390 391 392 393 394 395 396 397 398 400 401 402 403 404]] [27 [405 406 407 408 409 411 412 413 414 415 416 417 418 419]] [28 [420 421 422 424 425 427 429 430 431 432 433 434]] [29 [435 436 437 438 439 440 441 442 443 444 445 446 447 448 449]] [30 [450 451 452 453 454 455 456 457 458 459 460 461 462 463 464]] [31 [465 469 471 472 474 475 476 477 478 479]] [32 [480 481 482 483 484 485 486 487 488 489 490 491 492 493 494]] [33 [495 496 497 498 499 500 501 502 503 504 505 506 507 508 509]] [34 [510 511 512 513 514 515 516 517 518 519 520 521 522 523 524]] [35 [525 526 527 528 529 530 531 532 533 534 535 536 537 538 539]] [36 [540 541 542 543 544 545 546 547 548 549 550 551 552 553 554]] [37 [555 556 557 558 559 560 561 562 563 564 565 566 567 568 569]] [38 [570 571 572 574 575 576 577 578 579 580 581 582 583 584]] [39 [585 586 587 588 589 590 591 592 593 594 595 596 597 598 599]] [40 [600 601 602 603 604 605 606 607 608 609 610 611 612 613 614]] [41 [615 616 617 618 619 620 621 622 623 624 625 626 627 628 629]] [42 [630 631 632 633 634 635 636 637 638 639 640 641 642 643 644]] [43 [645 646 647 648 650 651 652 653 654 655 656 658 659]] [44 [660 661 662 664 665 667 668 670 671 672 673 674]] [45 [675 676 679 680 682 684 685 686 687 688 689]] [46 [690 691 693 694 695 696 697 698 699 700 701 702 703 704]] [47 [705 708 710 715 718 719]] [48 [721 727 729 731 732 733]] [49 [735 736 737 738 739 740 741 742 743 744 745 746 747 748 749]] [50 [750 751 752 753 754 755 756 757 758 759 760 762 764]] [51 [765 766 767 768 769 770 771 772 773 774 775 776 777 779]] [52 [780 782 783 785 786 787 788 789 790 791 792 793 794]] [53 [795 796 797 798 799 800 801 802 803 804 805 806 807 808 809]] [54 [810 811 812 813 814 815 816 817 818 819 820 821 822 823 824]] [55 [828 829 830 831 832 833 834 835 836 837 838 839]] [56 [840 841 843 844 845 846 847 848 849 850 851 852 853 854]] [57 [855 856 857 858 859 860 861 862 863 864 865 866 867 868 869]] [58 [870 871 872 873 874 875 876 877 878 879 880 881 882 883 884]] [59 [887 890 893 894 895 896 897 898 899]] [60 [900 901 902 903 904 905 906 907 908 909 910 911 912 913 914]] [61 [915 918 919 920 921 922 923 924 925 927 928 929]] [62 [930 931 932 935 936 937 938 939 940 941 942 943 944]] [63 [945 946 947 948 951 952 954 955 956 957 959]] [64 [960 962 963 964 965 969 970 972 973]] [65 [977 978 979 980 981 982 983 984 985 986 987 988 989]] [66 [990 991 992 993 994 995 996 997 998 999 1000 1001 1002 1003 1004]] [67 [1005 1006 1007 1008 1009 1010 1011 1012 1013 1014 1015 1016 1017 1018 1019]] [68 [1020 1021 1022 1023 1024 1025 1026 1027 1028 1029 1030 1031 1032 1033 1034]] [69 [1035 1036 1037 1038 1039 1040 1041 1042 1043 1045 1046 1047 1048 1049]] [70 [1050 1051 1052 1053 1054 1055 1056 1057 1058 1059 1060 1061 1062 1063 1064]] [71 [1065 1066 1067 1068 1070 1073 1074 1075 1076 1077 1078 1079]] [72 [1080 1081 1082 1083 1084 1085 1086 1087 1088 1089 1090 1091 1092 1093 1094]] [73 [1095 1097 1099 1100 1101 1102 1104 1106]] [74 [1110 1111 1112 1113 1114 1115 1116 1117 1118 1119 1120 1121 1122 1123 1124]] [75 [1125 1126 1127 1128 1129 1130 1131 1132 1133 1134 1135 1136 1137 1138 1139]] [76 [1141 1142 1147 1148 1150 1153]] [77 [1155 1157 1158 1159 1160 1161 1162 1163 1164 1165 1166 1167 1168 1169]] [78 [1170 1171 1172 1173 1174 1175 1176 1177 1178 1179 1180 1181 1182 1183 1184]] [79 [1185 1186 1188 1189 1190 1191 1192 1193 1194 1195 1196 1197 1198 1199]] [80 [1200 1201 1202 1203 1204 1208 1209 1210 1212 1213 1214]] [81 [1215 1216 1217 1218 1219 1220 1221 1222 1223 1224 1225 1226 1227 1228 1229]] [82 [1230 1231 1232 1233 1235 1236 1237 1238 1239 1240 1241 1242 1243 1244]] [83 [1245 1246 1247 1248 1249 1250 1251 1252 1253 1254 1256 1257 1258 1259]] [84 [1260 1261 1262 1263 1265 1267 1269 1270 1271]] [85 [1275 1276 1277 1279 1280 1281 1282 1283 1284 1286 1287]] [86 [1290 1291 1292 1293 1295 1296 1298 1299 1300 1301 1302 1303 1304]] [87 [1305 1306 1307 1308 1309 1310 1311 1312 1313 1314 1315 1316 1317 1318 1319]] [88 [1320 1321 1322 1323 1324 1325 1326 1327 1328 1329 1330 1331 1332 1333 1334]] [89 [1335 1336 1337 1338 1339 1340 1341 1342 1343 1344 1345 1346 1347 1348 1349]] [90 [1350 1351 1352 1353 1354 1355 1356 1357 1358 1359 1360 1361 1362 1363 1364]] [91 [1365 1366 1367 1368 1369 1370 1371 1372 1373 1374 1375 1376 1377 1378 1379]] [92 [1385 1386 1387 1388 1389 1390 1394]] [93 [1395 1396 1397 1398 1399 1400 1401 1402 1403 1404 1405 1406 1407 1408 1409]] [94 [1410 1411 1412 1414 1415 1416 1417 1418 1419 1420 1421 1422 1423 1424]] [95 [1425 1426 1427 1428 1429 1430 1431 1432 1433 1434 1435 1436 1437 1438 1439]] [96 [1440 1444 1445 1446 1449 1450 1454]] [97 [1455 1456 1460 1462 1465 1466 1469]] [98 [1472 1475 1476 1477 1478 1479 1484]] [99 [1485 1488 1489 1491 1495 1496 1497]]]","[[0 [2 3 4 5 9 14]] [1 [15 17 19 21 24 27 28]] [2 [30 31 32 33 34 38 40 42 43]] [3 [45 46 48 49 51 52 53 58]] [4 [60 66 67 68 71 73]] [5 [75 76 77 78 81 83 87 88 89]] [6 [90 92 94 95 98 101 102 103]] [7 [106 109 110 111 112 116 117 119]] [8 [121 125 127 128 131 132 134]] [9 [136 138 141 142 144 149]] [10 [150 151 152 153 154 155 159 160]] [11 [167 169 170 171 174 175 176]] [12 [181 182 183 185 189 190 192 194]] [13 [196 198 199 203 204 205 208 209]] [14 [210 211 212 214 215 219 220 222]] [15 [226 228 229 230 237]] [16 [242 246 247 249 250 251 252 253 254]] [17 [255 256 257 265 266 267 268]] [18 [270 273 275 284]] [19 [287 293 294 296 297 298 299]] [20 [305 306 307 308 309 310 311 312 314]] [21 [315 316 317 318 319 320 322 323 324 328]] [22 [331 333 334 336 337 340 341 343 344]] [23 [346 348 356 358 359]] [24 [361 366 367 368 369 370 373 374]] [25 [375 376 377 379 381 384 386 387 388]] [26 [390 391 393 398 401 402]] [27 [405 407 408 409 412 414 415 417 418]] [28 [420 421 422 424 425 427 429 430]] [29 [436 438 443 444 445 446 449]] [30 [452 454 455 456 457 462]] [31 [465 469 471 472]] [32 [481 482 486 487 490 493]] [33 [496 498 499 503 504 505 506 507]] [34 [513 514 517 520 521 523]] [35 [525 526 530 535 536 537 538]] [36 [540 541 546 547 548 552 553]] [37 [555 557 559 562 566 567 569]] [38 [570 571 572 574 575 576 577 578 579 580 581 582]] [39 [585 587 592 594 596 599]] [40 [604 605 606 608 612 613 614]] [41 [615 618 619 622 624 627 628 629]] [42 [633 634 635 636 637 638 642 643 644]] [43 [645 646 648 651 652 653 658 659]] [44 [660 661 662 664 665 667 668 671 673]] [45 [676 679 680 682 687 688 689]] [46 [690 691 694 703]] [47 [708 710 715 718 719]] [48 [721 727 729 731 732 733]] [49 [735 736 741 743 746 748 749]] [50 [752 753 754 755 757 760 762]] [51 [765 767 769 773 776]] [52 [780 783 785 787 788 790 791 793 794]] [53 [795 796 798 799 803 804 808 809]] [54 [810 811 817 819 821 823]] [55 [828 832 836 837]] [56 [840 841 843 846 849 851 853]] [57 [856 860 861 862 866 867 869]] [58 [872 874 875 879]] [59 [887 890 893 894 895]] [60 [901 902 903 905 912]] [61 [915 918 920 921 922 923 924 929]] [62 [930 931 932 935 937 939 941 942]] [63 [945 946 947 951 952 956 957 959]] [64 [960 962 963 964 965 969 970 972 973]] [65 [978 981 982 983 984 985 986 988 989]] [66 [990 992 993 997 998 999 1000 1003 1004]] [67 [1011 1012 1013 1019]] [68 [1020 1022 1024 1026 1027 1033 1034]] [69 [1036 1037 1039 1040 1041 1043 1045 1046 1049]] [70 [1052 1053 1054 1057 1060 1062 1063]] [71 [1065 1066 1067 1068 1070 1073 1074 1076 1079]] [72 [1082 1084 1088 1089 1091 1092 1093]] [73 [1095 1097 1099 1100 1101 1102 1106]] [74 [1111 1113 1114 1115 1117 1122 1124]] [75 [1126 1129 1130 1132 1133 1134 1136 1138]] [76 [1141 1147 1148 1150 1153]] [77 [1155 1157 1158 1159 1160 1165 1166 1167 1168 1169]] [78 [1173 1174 1175 1176 1177 1178 1180 1183]] [79 [1185 1186 1193 1194 1195 1197 1199]] [80 [1200 1201 1202 1203 1208 1209 1210 1212 1214]] [81 [1217 1219 1221 1222 1225 1227 1228 1229]] [82 [1231 1232 1233 1236 1237 1238 1242 1243]] [83 [1248 1250 1251 1252 1254 1256 1257 1258 1259]] [84 [1260 1262 1263 1267 1269 1270 1271]] [85 [1275 1276 1277 1279 1280 1281 1282 1283 1287]] [86 [1290 1291 1292 1293 1296 1299 1301 1302 1304]] [87 [1306 1309 1310 1311 1312 1313 1315 1318 1319]] [88 [1320 1321 1322 1324 1325 1327 1329 1330 1331 1332 1333 1334]] [89 [1336 1337 1338 1339 1341 1342 1344 1346 1347]] [90 [1350 1352 1356 1358 1359 1361]] [91 [1367 1374 1378 1379]] [92 [1385 1388 1389 1394]] [93 [1395 1396 1398 1409]] [94 [1412 1416 1419 1420]] [95 [1427 1428 1431 1438 1439]] [96 [1440 1445 1446 1449 1450 1454]] [97 [1455 1462 1465 1466 1469]] [98 [1472 1475 1476 1484]] [99 [1485 1488 1489 1491 1495 1497]]]",,"[[{citizen 42} [[""A"" [1 2 2 2 3 4 2 3 2 2]]]] [{citizen 46} [[""A"" [2 4 3 1 2 3 4 2 2 1]]]] [{media 50} [[""A"" [4 4 4 4 4 4 4 4 4 4]]]] [{media 53} [[""A"" [6 6 6 6 6 6 6 6 6 6]]]] [{media 54} [[""A"" [2 2 2 2 2 2 2 2 2 2]]]] [{media 55} [[""A"" [1 1 1 1 1 1 1 1 1 1]]]] [{media 56} [[""A"" [5 5 5 5 5 5 5 5 5 5]]]] [{media 57} [[""A"" [2 2 2 2 2 2 2 2 2 2]]]] [{media 59} [[""A"" [2 2 2 2 2 2 2 2 2 2]]]] [{media 60} [[""A"" [1 1 1 1 1 1 1 1 1 1]]]] [{media 61} [[""A"" [6 6 6 6 6 6 6 6 6 6]]]] [{media 62} [[""A"" [3 3 3 3 3 3 3 3 3 3]]]] [{media 63} [[""A"" [1 1 1 1 1 1 1 1 1 1]]]] [{media 64} [[""A"" [4 4 4 4 4 4 4 4 4 4]]]] [{citizen 0} [[""A"" [5 0 2 2 2 1 2 1 2 1]]]] [{citizen 4} [[""A"" [3 2 1 3 2 1 2 4 6 6]]]] [{citizen 19} [[""A"" [1 2 2 4 5 2 1 1 3 4]]]] [{citizen 7} [[""A"" [2 2 1 2 1 1 3 4 6 6]]]] [{citizen 12} [[""A"" [1 3 1 3 1 2 4 6 6 5]]]] [{citizen 24} [[""A"" [2 2 1 2 2 3 0 1 2 2]]]] [{media 58} [[""A"" [5 5 5 5 5 5 5 5 5 5]]]] [{citizen 9} [[""A"" [2 3 1 1 1 2 4 4 6 5]]]] [{citizen 26} [[""A"" [1 2 4 3 2 1 3 4 2 0]]]] [{citizen 41} [[""A"" [4 6 1 3 4 2 2 4 6 5]]]] [{citizen 22} [[""A"" [2 2 1 4 5 4 4 2 1 3]]]] [{citizen 21} [[""A"" [2 2 2 1 3 4 1 2 4 6]]]] [{citizen 17} [[""A"" [0 4 3 5 5 2 3 4 4 2]]]] [{citizen 33} [[""A"" [2 2 3 2 0 1 1 2 2 2]]]] [{citizen 25} [[""A"" [2 2 3 1 1 3 1 3 4 3]]]] [{citizen 44} [[""A"" [5 3 1 2 2 1 2 2 3 1]]]] [{citizen 40} [[""A"" [2 1 3 2 1 0 2 4 5 4]]]] [{citizen 11} [[""A"" [2 3 1 2 2 3 2 1 4 5]]]] [{citizen 37} [[""A"" [3 2 1 2 1 2 4 2 2 1]]]] [{citizen 8} [[""A"" [2 1 3 2 1 2 2 3 2 0]]]] [{citizen 28} [[""A"" [5 2 1 2 2 1 3 4 2 1]]]] [{citizen 6} [[""A"" [1 3 2 4 2 3 2 1 1 0]]]] [{citizen 36} [[""A"" [2 1 1 3 4 1 2 6 4 5]]]] [{citizen 34} [[""A"" [1 2 3 1 2 3 4 2 4 5]]]] [{citizen 13} [[""A"" [3 1 1 2 3 4 4 2 2 0]]]] [{citizen 45} [[""A"" [1 2 1 2 4 2 2 1 4 5]]]] [{citizen 39} [[""A"" [2 3 0 1 1 2 2 2 4 5]]]] [{media 51} [[""A"" [2 2 2 2 2 2 2 2 2 2]]]] [{citizen 35} [[""A"" [2 1 3 2 2 1 2 3 2 2]]]] [{citizen 18} [[""A"" [2 1 2 3 2 1 1 2 4 5]]]] [{citizen 48} [[""A"" [1 2 3 1 3 2 2 1 1 0]]]] [{citizen 20} [[""A"" [3 1 4 2 1 2 4 6 6 5]]]] [{citizen 16} [[""A"" [1 5 1 1 2 3 2 1 2 0]]]] [{citizen 43} [[""A"" [3 2 2 1 2 3 4 4 6 5]]]] [{citizen 32} [[""A"" [1 1 4 5 1 2 3 4 4 5]]]] [{citizen 10} [[""A"" [2 1 1 2 4 5 3 1 3 2]]]] [{citizen 1} [[""A"" [1 4 2 2 4 2 3 1 4 5]]]] [{citizen 3} [[""A"" [1 2 0 2 5 4 6 1 3 2]]]] [{media 52} [[""A"" [0 0 0 0 0 0 0 0 0 0]]]] [{citizen 30} [[""A"" [0 1 2 1 2 3 4 4 2 1]]]] [{citizen 5} [[""A"" [3 4 1 2 2 3 2 1 2 0]]]] [{citizen 2} [[""A"" [2 2 2 1 1 2 1 3 2 1]]]] [{citizen 49} [[""A"" [5 5 5 5 2 3 2 1 1 2]]]] [{citizen 29} [[""A"" [1 2 2 3 1 2 1 2 2 0]]]] [{citizen 15} [[""A"" [3 0 1 1 3 2 4 2 1 0]]]] [{citizen 47} [[""A"" [3 1 2 3 2 1 2 2 1 0]]]] [{citizen 31} [[""A"" [2 1 1 3 2 2 1 2 1 0]]]] [{citizen 27} [[""A"" [1 2 2 2 1 1 2 1 2 3]]]] [{citizen 14} [[""A"" [2 3 4 1 2 2 2 1 1 0]]]] [{citizen 23} [[""A"" [1 2 2 1 2 5 0 1 3 6]]]]]"
"39","[213 0 42]","71.25","9.6405342955506","2.629952628550153","""circle""","""""","9.9","{breed citizens}","false","0.5","1","""up""",,"[[""ID"" 18] [""alpha"" 1] [""beta"" 1] [""malleable"" [""A""]] [""prior"" []] [""cont_tokens"" []] [""A"" 1]]","[[0 [0 1 2 3 4 5 6 7 8 9 10 11 12 13 14]] [1 [15 17 18 19 20 21 22 23 24 25 26 27 28 29]] [2 [30 31 32 33 34 35 36 37 38 39 40 41 42 43 44]] [3 [45 46 48 49 50 51 52 53 54 55 56 57 58 59]] [4 [60 66 67 68 70 71 72 73 74]] [5 [75 76 77 78 81 83 87 88 89]] [6 [90 91 92 93 94 95 96 97 98 101 102 103]] [7 [105 106 107 108 109 110 111 112 114 115 116 117 119]] [8 [121 125 126 127 128 130 131 132 133 134]] [9 [135 136 137 138 139 140 141 142 144 145 146 147 149]] [10 [150 151 152 153 154 155 156 157 158 159 160 161 163]] [11 [165 166 167 168 169 170 171 172 173 174 175 176 177 178 179]] [12 [180 181 182 183 184 185 186 187 188 189 190 191 192 193 194]] [13 [195 196 197 198 199 200 201 202 203 204 205 206 207 208 209]] [14 [210 211 212 213 214 215 216 217 218 219 220 221 222 224]] [15 [225 226 227 228 229 230 231 232 233 234 235 236 237 238 239]] [16 [240 241 242 243 244 245 246 247 248 249 250 251 252 253 254]] [17 [255 256 257 258 259 260 261 262 263 264 265 267 268 269]] [18 [270 271 272 273 274 275 276 277 278 279 280 281 282 283 284]] [19 [285 286 288 289 290 291 292 295 297 298 299]] [20 [300 301 302 303 304 305 306 307 308 309 310 311 312 313 314]] [21 [315 316 317 318 319 320 321 322 323 324 325 326 328 329]] [22 [331 332 333 334 335 336 337 338 339 340 341 342 343 344]] [23 [345 346 347 348 349 350 351 352 353 354 355 356 357 358 359]] [24 [360 361 362 363 364 365 366 367 368 369 370 371 372 373 374]] [25 [375 376 377 378 379 380 381 382 383 384 385 386 387 388 389]] [26 [390 391 392 393 394 395 396 397 398 400 401 402 403 404]] [27 [405 406 407 408 409 410 412 414 415 417 418]] [28 [420 421 422 424 425 427 429 430 431 432 433 434]] [29 [435 437 439 440 441 442 443 444 445 446 447 448 449]] [30 [450 451 452 453 454 455 456 457 458 459 460 461 462 463 464]] [31 [466 467 468 470 471 472 473 474 475 476 477 478 479]] [32 [480 483 484 485 488 489 491 492 493 494]] [33 [495 497 499 500 501 502 503 504 505 506 507 508 509]] [34 [510 511 512 513 514 515 516 517 518 519 520 521 522 523 524]] [35 [525 526 527 528 529 531 532 533 534 535 536 537 538 539]] [36 [540 541 542 543 544 545 546 547 548 549 550 551 552 553 554]] [37 [555 556 557 558 559 560 561 562 563 564 565 566 567 568 569]] [38 [570 571 572 573 574 575 576 577 578 579 580 581 582 583 584]] [39 [585 586 587 588 589 590 591 592 593 594 595 596 597 598 599]] [40 [600 601 602 603 604 605 606 607 608 609 610 611 612 613 614]] [41 [615 616 617 618 619 620 621 622 623 624 625 626 627 628 629]] [42 [630 631 632 633 634 635 636 637 638 639 640 641 642 643 644]] [43 [645 646 647 648 650 651 652 653 654 655 656 658 659]] [44 [660 661 662 664 665 667 668 670 671 672 673 674]] [45 [675 676 677 678 679 680 681 682 683 684 685 686 687 688 689]] [46 [690 691 693 694 695 696 697 698 699 700 701 702 703 704]] [47 [705 706 707 708 709 710 711 712 713 714 715 716 717 718 719]] [48 [720 721 722 723 724 725 726 728 730 731 732 734]] [49 [735 736 737 738 739 740 741 742 743 744 745 746 747 748 749]] [50 [750 751 752 753 754 755 756 757 758 759 760 762 764]] [51 [765 766 767 768 769 770 771 772 773 774 775 776 777 779]] [52 [780 781 782 783 784 785 786 787 788 789 790 791 792 793 794]] [53 [795 796 797 798 799 800 801 802 803 804 805 806 807 808 809]] [54 [811 817 819 820 821 823]] [55 [828 829 830 831 832 833 834 835 836 837 838 839]] [56 [840 841 842 843 844 845 846 847 848 849 850 851 852 853 854]] [57 [855 857 858 859 863 865 866 867 869]] [58 [870 871 872 873 874 875 876 877 878 880 881 882 883 884]] [59 [885 886 888 889 890 891 892 893 894 895 896 899]] [60 [900 901 902 903 904 905 906 907 908 909 910 911 912 913 914]] [61 [915 916 917 918 919 920 921 922 923 924 925 926 927 928 929]] [62 [930 931 932 933 934 935 936 937 938 939 940 941 942 943 944]] [63 [945 946 947 948 951 952 954 955 956 957 959]] [64 [960 962 963 964 965 969 970 972 973]] [65 [977 978 979 980 981 982 983 984 985 986 987 988 989]] [66 [990 991 992 993 994 995 996 997 998 999 1000 1001 1002 1003 1004]] [67 [1005 1006 1007 1008 1009 1010 1011 1012 1013 1014 1015 1016 1017 1018 1019]] [68 [1020 1021 1022 1023 1024 1025 1026 1027 1028 1029 1030 1031 1032 1033 1034]] [69 [1035 1036 1037 1038 1039 1040 1041 1042 1043 1045 1046 1047 1048 1049]] [70 [1050 1051 1052 1053 1054 1055 1056 1057 1058 1059 1060 1061 1062 1063 1064]] [71 [1066 1069 1071 1072 1074 1076 1079]] [72 [1081 1082 1084 1088 1089 1094]] [73 [1096 1098 1103 1105 1107 1108 1109]] [74 [1110 1111 1112 1113 1114 1115 1116 1117 1119 1120 1121 1122 1123 1124]] [75 [1125 1126 1127 1128 1129 1130 1131 1132 1133 1134 1135 1136 1137 1138 1139]] [76 [1141 1142 1143 1144 1145 1147 1148 1150 1151 1152 1153]] [77 [1155 1157 1158 1159 1160 1161 1162 1163 1164 1165 1166 1167 1168 1169]] [78 [1170 1171 1179 1181 1182 1184]] [79 [1187 1188 1189 1190 1191 1192 1193 1194 1195 1196 1197 1198 1199]] [80 [1200 1201 1202 1203 1204 1205 1206 1207 1208 1209 1210 1211 1212 1213 1214]] [81 [1215 1216 1217 1218 1219 1220 1221 1222 1223 1224 1225 1226 1227 1228 1229]] [82 [1231 1232 1233 1236 1237 1238 1242 1243 1244]] [83 [1245 1246 1247 1248 1249 1250 1251 1252 1253 1254 1256 1257 1258 1259]] [84 [1260 1261 1262 1263 1265 1267 1269 1270 1271]] [85 [1275 1276 1277 1279 1280 1281 1282 1283 1284 1286 1287]] [86 [1290 1291 1292 1293 1295 1296 1298 1299 1300 1301 1302 1303 1304]] [87 [1305 1306 1307 1308 1309 1310 1311 1312 1313 1314 1315 1316 1317 1318 1319]] [88 [1321 1322 1323 1324 1325 1326 1327 1328 1329 1330 1331 1332 1333 1334]] [89 [1335 1336 1337 1338 1339 1340 1341 1342 1343 1344 1345 1346 1347 1348 1349]] [90 [1350 1352 1353 1354 1355 1356 1357 1358 1359 1360 1361 1362 1363 1364]] [91 [1365 1366 1367 1368 1369 1370 1371 1372 1373 1374 1375 1376 1377 1378 1379]] [92 [1380 1381 1382 1383 1384 1385 1386 1387 1388 1389 1390 1391 1392 1393 1394]] [93 [1395 1396 1397 1398 1399 1400 1401 1402 1403 1404 1405 1406 1407 1408 1409]] [94 [1410 1411 1412 1414 1415 1417 1418 1419 1421 1422 1423 1424]] [95 [1425 1426 1427 1428 1429 1430 1431 1432 1433 1434 1435 1436 1437 1438 1439]] [96 [1440 1444 1445 1446 1449 1450 1454]] [97 [1455 1456 1460 1462 1465 1466 1469]] [98 [1470 1471 1472 1473 1474 1475 1476 1477 1478 1479 1480 1481 1482 1483 1484]] [99 [1485 1486 1487 1488 1489 1490 1491 1492 1493 1494 1495 1496 1497 1498 1499]]]","[[0 [1 2 3 5 9 14]] [1 [15 18 20 22 26 29]] [2 [30 31 32 33 34 36 38 40 42 43 44]] [3 [48 50 52 53 58]] [4 [60 66 67 68 70 72 74]] [5 [75 76 77 78 81 83 87 89]] [6 [90 92 94 95 98 101 103]] [7 [106 107 108 111 112 116 117]] [8 [121 125 127 128 131 133 134]] [9 [136 138 141 142 144 147 149]] [10 [150 151 152 153 154 155 160 163]] [11 [165 168 169 170 171 174 175 176]] [12 [181 182 183 185 192 194]] [13 [196 198 199 202 203 204 205 208 209]] [14 [210 211 212 213 214 215 216 218 221 224]] [15 [225 227 231 232 234 236 237 239]] [16 [240 241 243 244 245 248 249 250 251 252 254]] [17 [255 256 257 265 267]] [18 [271 274 276 277 278 280 281 282 283]] [19 [285 290 291 292 295 297 298 299]] [20 [300 302 304 306 307 308 309 310 311 312 314]] [21 [315 322 323 324 328]] [22 [331 333 334 336 337 338 342]] [23 [347 349 350 352 353 356 358 359]] [24 [361 364 365 367 368 369 370 373 374]] [25 [375 376 377 379 381 384 386 387 388]] [26 [390 391 393 398 402 404]] [27 [406 408 409 412 414 415 417 418]] [28 [420 421 422 424 425 427 430 434]] [29 [435 437 439 440 441 442 445 447]] [30 [450 451 453 458 459 460 461 463 464]] [31 [466 467 468 470 475 476 477 478]] [32 [480 483 484 485 488 489 491 492 494]] [33 [495 497 499 502 503 504 505 506 507]] [34 [513 514 515 516 518 519 522 524]] [35 [525 527 529 531 532 533 534]] [36 [542 543 544 545 549 550 551 552 553]] [37 [555 556 557 559 562 565 567 568]] [38 [570 575 578 583 584]] [39 [586 588 589 590 591 593 594 596 599]] [40 [604 605 606 608 612 613 614]] [41 [615 618 619 620 621 623 625 626 627 628 629]] [42 [633 634 635 636 637 638 642 643 644]] [43 [645 646 650 654 655 656 658 659]] [44 [661 662 664 665 667 668 671 673]] [45 [676 679 680 682 687]] [46 [690 691 694 701 704]] [47 [705 710 711 712 713 714 716]] [48 [720 722 723 724 725 726 728 730 734]] [49 [737 738 739 740 742 744 745 747 749]] [50 [750 755 757 760 762]] [51 [765 768 770 771 772 774 775 776]] [52 [780 783 786 789 792]] [53 [796 798 799 806 807]] [54 [811 817 819 821 823]] [55 [828 829 830 831 834 835 838 839]] [56 [842 848 850 852 854]] [57 [855 857 858 859 863 865 866 867 869]] [58 [872 873 875 878 880 881 882 884]] [59 [885 886 888 889 890 892 894 895]] [60 [902 904 906 907 908 909 911 913 914]] [61 [916 917 919 921 922 923 924 928]] [62 [931 932 936 938 940 941 942]] [63 [945 946 948 951 952 956 957 959]] [64 [960 962 963 964 965 969 970 972 973]] [65 [978 981 982 986 987]] [66 [990 992 993 996 997 998 999 1000 1003 1004]] [67 [1011 1014 1015 1017]] [68 [1021 1023 1025 1028 1030 1032 1033 1034]] [69 [1036 1037 1039 1040 1041 1042 1043 1045 1047]] [70 [1051 1053 1057 1060 1064]] [71 [1069 1071 1072 1074 1076 1079]] [72 [1082 1084 1088 1089 1094]] [73 [1096 1098 1103 1105 1108 1109]] [74 [1110 1112 1116 1117 1122 1123 1124]] [75 [1126 1128 1129 1130 1132 1133 1134 1136 1138]] [76 [1142 1147 1148 1150 1153]] [77 [1155 1157 1161 1163 1164]] [78 [1171 1179 1181 1182 1184]] [79 [1187 1189 1190 1191 1192 1196 1198]] [80 [1201 1202 1203 1208 1210 1212 1214]] [81 [1217 1219 1221 1222 1223 1224 1225 1226 1227 1228 1229]] [82 [1231 1232 1233 1236 1237 1238 1242 1243]] [83 [1248 1250 1251 1252 1254 1256 1257 1258 1259]] [84 [1260 1262 1263 1267 1269 1270 1271]] [85 [1275 1276 1277 1279 1280 1281 1282 1283 1287]] [86 [1290 1292 1293 1296 1299 1301 1302 1304]] [87 [1306 1309 1310 1311 1312 1313 1315 1316]] [88 [1325 1327 1329 1330 1332 1333 1334]] [89 [1336 1337 1338 1339 1340 1344 1346 1347]] [90 [1350 1352 1354 1355 1356 1357 1360 1362 1363 1364]] [91 [1365 1366 1368 1369 1370 1371 1372 1373 1377]] [92 [1380 1381 1382 1383 1384 1389 1390 1394]] [93 [1395 1396 1398 1403 1404 1406 1407 1408]] [94 [1410 1411 1414 1415 1417 1418 1419 1422 1423]] [95 [1427 1428 1431 1439]] [96 [1440 1445 1449 1450 1454]] [97 [1455 1456 1460 1466]] [98 [1471 1473 1474 1480 1481 1482 1483]] [99 [1486 1487 1492 1493 1494 1498 1499]]]",,"[[{media 51} [[""A"" [2 2 2 2 2 2 2 2 2 2]]]] [{media 52} [[""A"" [0 0 0 0 0 0 0 0 0 0]]]] [{media 56} [[""A"" [5 5 5 5 5 5 5 5 5 5]]]] [{media 57} [[""A"" [2 2 2 2 2 2 2 2 2 2]]]] [{media 59} [[""A"" [2 2 2 2 2 2 2 2 2 2]]]] [{media 61} [[""A"" [6 6 6 6 6 6 6 6 6 6]]]] [{media 62} [[""A"" [3 3 3 3 3 3 3 3 3 3]]]] [{media 53} [[""A"" [6 6 6 6 6 6 6 6 6 6]]]] [{citizen 11} [[""A"" [2 2 3 2 1 1 4 5 5 4]]]] [{media 55} [[""A"" [1 1 1 1 1 1 1 1 1 1]]]] [{citizen 35} [[""A"" [2 3 4 6 6 5 6 2 4 4]]]] [{citizen 0} [[""A"" [2 2 3 1 1 2 2 2 1 3]]]] [{media 64} [[""A"" [4 4 4 4 4 4 4 4 4 4]]]] [{citizen 7} [[""A"" [2 1 2 1 1 1 3 4 6 6]]]] [{media 58} [[""A"" [5 5 5 5 5 5 5 5 5 5]]]] [{citizen 4} [[""A"" [2 1 1 1 4 4 1 2 6 6]]]] [{citizen 6} [[""A"" [0 1 2 0 2 2 1 3 2 1]]]] [{citizen 1} [[""A"" [2 1 1 4 2 2 3 1 1 5]]]] [{media 60} [[""A"" [1 1 1 1 1 1 1 1 1 1]]]] [{media 63} [[""A"" [1 1 1 1 1 1 1 1 1 1]]]] [{media 54} [[""A"" [2 2 2 2 2 2 2 2 2 2]]]] [{media 50} [[""A"" [4 4 4 4 4 4 4 4 4 4]]]] [{citizen 26} [[""A"" [1 1 2 4 4 2 3 1 1 0]]]] [{citizen 41} [[""A"" [1 1 3 4 4 2 4 6 6 5]]]] [{citizen 22} [[""A"" [2 4 5 6 4 2 1 1 4 2]]]] [{citizen 21} [[""A"" [4 2 6 2 1 2 2 1 3 2]]]] [{citizen 17} [[""A"" [4 4 5 3 2 0 4 1 2 1]]]] [{citizen 33} [[""A"" [4 3 2 2 0 0 2 1 2 1]]]] [{citizen 25} [[""A"" [4 2 3 1 1 2 2 1 3 1]]]] [{citizen 9} [[""A"" [1 2 4 6 5 1 2 2 1 2]]]] [{citizen 44} [[""A"" [1 3 1 2 1 1 2 4 5 4]]]] [{citizen 40} [[""A"" [4 5 4 3 6 2 2 2 1 1]]]] [{citizen 37} [[""A"" [4 1 2 2 3 2 1 1 1 5]]]] [{citizen 8} [[""A"" [1 2 1 2 2 2 1 3 2 1]]]] [{citizen 28} [[""A"" [1 1 2 4 4 2 1 5 4 6]]]] [{citizen 36} [[""A"" [1 4 4 1 2 6 5 2 2 1]]]] [{citizen 46} [[""A"" [1 1 2 4 4 2 3 2 1 1]]]] [{citizen 38} [[""A"" [1 4 1 2 3 1 1 4 5 6]]]] [{citizen 24} [[""A"" [0 2 1 4 5 6 2 2 1 2]]]] [{citizen 12} [[""A"" [5 3 1 1 2 6 1 3 2 1]]]] [{citizen 13} [[""A"" [3 2 1 1 2 0 2 2 1 6]]]] [{citizen 31} [[""A"" [1 4 1 2 2 1 1 0 6 5]]]] [{citizen 5} [[""A"" [2 1 1 0 2 0 2 2 1 2]]]] [{citizen 15} [[""A"" [2 3 2 1 1 0 2 2 2 1]]]] [{citizen 34} [[""A"" [1 1 2 4 4 2 1 4 5 4]]]] [{citizen 18} [[""A"" [1 1 2 1 1 1 2 1 2 1]]]] [{citizen 45} [[""A"" [1 4 5 1 1 2 1 2 1 1]]]] [{citizen 10} [[""A"" [4 5 3 0 1 1 1 1 2 1]]]] [{citizen 19} [[""A"" [5 6 6 1 1 1 3 4 4 6]]]] [{citizen 20} [[""A"" [1 1 1 4 4 1 2 6 6 5]]]] [{citizen 48} [[""A"" [2 1 4 4 2 2 3 1 1 0]]]] [{citizen 3} [[""A"" [1 4 4 2 4 5 4 3 2 1]]]] [{citizen 42} [[""A"" [4 4 2 3 2 1 1 2 2 1]]]] [{citizen 30} [[""A"" [3 1 1 1 4 4 2 1 1 2]]]] [{citizen 16} [[""A"" [1 2 1 0 2 2 2 1 3 2]]]] [{citizen 43} [[""A"" [2 2 1 1 1 2 4 4 6 5]]]] [{citizen 32} [[""A"" [5 5 1 1 2 3 4 4 5 3]]]] [{citizen 2} [[""A"" [2 1 1 1 4 2 1 1 5 6]]]] [{citizen 49} [[""A"" [2 0 1 0 2 2 1 3 2 1]]]] [{citizen 29} [[""A"" [4 4 1 2 2 3 2 1 1 0]]]] [{citizen 47} [[""A"" [2 2 3 1 1 0 1 1 4 6]]]] [{citizen 27} [[""A"" [4 0 1 1 2 2 2 1 2 2]]]] [{citizen 14} [[""A"" [1 1 0 1 1 2 2 1 1 1]]]] [{citizen 23} [[""A"" [5 2 1 1 1 2 3 4 6 1]]]]]"
"40","[213 0 42]","348.75","-0.38753536318911297","5.509608857222617","""circle""","""""","9.9","{breed citizens}","false","0.5","1","""up""",,"[[""ID"" 30] [""alpha"" 1] [""beta"" 1] [""malleable"" [""A""]] [""prior"" []] [""cont_tokens"" []] [""A"" 1]]","[[0 [0 1 2 3 4 5 9 10 11 12 13 14]] [1 [15 17 18 19 20 21 22 24 25 26 28 29]] [2 [30 31 32 33 34 35 36 37 38 39 40 41 42 43 44]] [3 [45 46 47 48 49 50 51 52 53 54 55 56 57 58 59]] [4 [60 61 62 63 64 65 66 67 68 69 70 71 72 73 74]] [5 [75 76 77 78 79 80 81 82 83 84 85 86 87 88 89]] [6 [90 91 92 93 94 95 96 97 98 101 102 103]] [7 [105 106 107 108 109 110 111 112 114 115 116 117 119]] [8 [120 121 122 123 124 125 126 127 128 129 130 131 132 133 134]] [9 [135 136 137 138 139 140 141 142 143 144 148 149]] [10 [150 151 152 153 154 155 156 157 158 159 160 161 163]] [11 [165 166 167 168 169 170 171 172 173 174 175 176 177 178 179]] [12 [181 182 183 185 186 187 188 189 190 191 192 193 194]] [13 [195 196 197 198 199 200 201 202 203 204 205 206 207 208 209]] [14 [210 211 212 213 214 215 216 217 218 219 220 221 222 224]] [15 [225 226 227 228 229 230 231 232 233 234 235 236 237 238 239]] [16 [240 241 242 243 244 245 246 247 248 249 250 251 252 253 254]] [17 [255 256 257 265 266 267 268 269]] [18 [270 271 272 273 274 275 276 277 278 279 280 281 282 283 284]] [19 [285 286 287 288 289 290 291 292 293 294 295 296 297 298 299]] [20 [300 301 302 303 304 305 306 307 308 309 310 311 312 314]] [21 [315 316 317 318 319 320 321 322 323 324 325 326 328 329]] [22 [330 331 332 333 334 335 336 337 338 339 340 341 342 343 344]] [23 [347 349 350 352 354 355]] [24 [360 362 363 365 371 372]] [25 [375 376 377 378 379 380 382 383 385 386 387 388 389]] [26 [390 391 393 398 401 402]] [27 [405 406 407 408 409 411 412 413 414 415 416 417 418 419]] [28 [420 421 422 423 425 426 427 428 429 430 433 434]] [29 [436 438 443 444 445 446 447 448 449]] [30 [450 451 452 453 454 455 456 457 458 459 460 462 463 464]] [31 [466 467 468 470 471 472 473 474 475 476 477 478 479]] [32 [480 483 484 485 488 489 491 492 494]] [33 [495 496 497 498 499 500 501 502 503 504 505 506 507 508 509]] [34 [510 511 512 513 514 515 516 517 518 519 520 521 522 523 524]] [35 [525 526 527 528 529 531 532 533 534 537 538 539]] [36 [540 541 542 543 544 545 546 547 548 549 550 551 552 553 554]] [37 [555 556 557 558 559 560 561 562 563 564 565 566 567 568 569]] [38 [570 571 572 574 575 576 577 578 579 580 581 582 583 584]] [39 [585 586 587 588 589 590 591 592 593 594 595 596 597 598 599]] [40 [600 601 602 603 604 605 606 607 608 609 610 611 612 613 614]] [41 [615 616 617 618 619 620 621 622 623 624 625 626 627 628 629]] [42 [630 631 632 633 634 635 636 637 638 639 640 641 642 643 644]] [43 [645 646 647 648 650 651 652 653 654 655 656 658 659]] [44 [660 661 662 664 665 667 668 670 671 672 673 674]] [45 [675 676 677 678 679 680 681 682 683 684 685 686 687 688 689]] [46 [690 691 693 694 695 696 697 698 699 700 701 702 703 704]] [47 [705 706 707 708 709 710 711 712 713 714 715 716 717 718 719]] [48 [720 722 723 724 725 726 728 730 734]] [49 [735 736 737 738 739 740 741 742 743 744 745 746 747 748 749]] [50 [750 751 752 753 754 755 756 757 758 759 760 762 764]] [51 [765 766 767 768 769 770 771 772 773 774 775 776 777 779]] [52 [780 781 782 783 784 785 786 787 788 789 790 791 792 793 794]] [53 [795 796 797 798 799 800 801 802 803 804 805 806 807 808 809]] [54 [810 811 812 813 814 815 816 817 818 819 820 821 822 823 824]] [55 [825 826 827 828 830 831 832 834 835 836 837 838 839]] [56 [840 841 842 843 844 845 846 847 848 849 850 851 852 853 854]] [57 [855 856 857 858 859 860 861 862 863 864 865 866 867 868 869]] [58 [870 871 872 873 874 875 876 877 878 879 880 881 882 883 884]] [59 [885 886 887 888 889 890 891 892 893 894 895 896 897 898 899]] [60 [900 901 902 903 904 905 906 907 908 909 910 911 912 913 914]] [61 [915 916 917 918 919 920 921 922 923 924 925 926 927 928 929]] [62 [930 931 932 933 934 935 936 937 938 939 940 941 942 943 944]] [63 [945 946 947 948 951 952 954 955 956 957 959]] [64 [960 962 963 964 965 969 970 972 973]] [65 [977 978 979 980 981 982 983 984 985 986 987 988 989]] [66 [990 991 992 993 994 995 996 997 998 999 1000 1001 1002 1003 1004]] [67 [1005 1006 1007 1008 1009 1010 1011 1012 1013 1014 1015 1016 1017 1018 1019]] [68 [1020 1021 1022 1023 1024 1025 1026 1027 1028 1029 1030 1031 1032 1033 1034]] [69 [1035 1036 1037 1038 1039 1040 1041 1042 1043 1044 1045 1046 1047 1048 1049]] [70 [1050 1051 1052 1053 1054 1055 1056 1057 1058 1059 1060 1061 1062 1063 1064]] [71 [1065 1066 1067 1068 1070 1073 1074 1075 1076 1077 1078 1079]] [72 [1080 1081 1082 1083 1084 1085 1086 1087 1088 1089 1090 1091 1092 1093 1094]] [73 [1095 1097 1099 1100 1101 1102 1104 1106]] [74 [1110 1111 1112 1113 1114 1115 1116 1117 1118 1119 1120 1121 1122 1123 1124]] [75 [1125 1126 1127 1128 1129 1130 1131 1132 1133 1134 1135 1136 1137 1138 1139]] [76 [1140 1141 1142 1143 1144 1145 1147 1148 1150 1151 1152 1153]] [77 [1155 1156 1157 1158 1159 1160 1161 1162 1163 1164 1165 1166 1167 1168 1169]] [78 [1170 1171 1172 1173 1174 1175 1176 1177 1178 1179 1180 1181 1182 1183 1184]] [79 [1185 1186 1187 1188 1189 1190 1191 1192 1193 1194 1195 1196 1197 1198 1199]] [80 [1200 1201 1202 1203 1204 1205 1206 1207 1208 1209 1210 1211 1212 1213 1214]] [81 [1215 1216 1217 1218 1219 1220 1221 1222 1223 1224 1225 1226 1227 1228 1229]] [82 [1230 1231 1232 1233 1235 1236 1237 1238 1239 1240 1241 1242 1243 1244]] [83 [1245 1246 1247 1248 1249 1250 1251 1252 1254 1256 1257 1258 1259]] [84 [1260 1261 1262 1263 1265 1267 1269 1270 1271]] [85 [1275 1276 1277 1279 1280 1281 1282 1283 1284 1286 1287]] [86 [1290 1291 1292 1293 1295 1296 1298 1299 1300 1301 1302 1303 1304]] [87 [1305 1306 1307 1308 1309 1310 1311 1312 1313 1314 1315 1316 1317 1318 1319]] [88 [1320 1321 1322 1323 1324 1325 1326 1327 1328 1329 1330 1331 1332 1333 1334]] [89 [1335 1336 1337 1338 1339 1340 1341 1342 1343 1344 1345 1346 1347 1348 1349]] [90 [1351 1354 1355 1358 1359 1361]] [91 [1365 1366 1367 1368 1369 1370 1371 1372 1373 1374 1375 1376 1377 1378 1379]] [92 [1385 1386 1387 1388 1389 1390 1394]] [93 [1395 1396 1397 1398 1399 1400 1401 1402 1403 1404 1405 1406 1407 1408 1409]] [94 [1410 1411 1412 1414 1415 1416 1417 1418 1419 1420 1421 1422 1423 1424]] [95 [1427 1428 1429 1430 1431 1432 1433 1434 1435 1436 1437 1438 1439]] [96 [1441 1442 1443 1447 1448 1451 1452 1453]] [97 [1455 1456 1457 1458 1459 1460 1461 1462 1463 1464 1465 1466 1467 1468 1469]] [98 [1470 1471 1472 1473 1474 1475 1476 1479 1480 1481 1482 1483 1484]] [99 [1485 1486 1487 1488 1489 1490 1491 1492 1493 1494 1495 1496 1497 1498 1499]]]","[[0 [2 3 5 9 14]] [1 [15 17 19 21 24 25 28 29]] [2 [30 31 32 33 34 36 38 40 42 43]] [3 [46 48 50 52 53 58]] [4 [60 67 68 70 72 74]] [5 [75 76 77 78 81 87 88 89]] [6 [90 92 94 95 98 101 102]] [7 [107 108 109 110 111 112 115]] [8 [120 122 123 129 130]] [9 [135 136 138 141 142 144 149]] [10 [150 151 152 153 154 155 156 157 158 159 160]] [11 [167 168 169 170 171 174 175 176]] [12 [181 182 183 185 188 189 190 194]] [13 [196 198 199 203 204 205 208 209]] [14 [210 211 212 214 215 216 218 221 224]] [15 [225 227 231 232 236 237]] [16 [242 246 247 251 252 253 254]] [17 [255 256 257 268]] [18 [270 273 275 276 279 282 283]] [19 [285 290 291 292 295]] [20 [301 302 303 309 310 311 312 314]] [21 [315 320 322 323 324 328]] [22 [331 333 334 335 338 339]] [23 [349 350 352 354 355]] [24 [360 362 363 372]] [25 [378 380 382 383 389]] [26 [390 391 393 398 401 402]] [27 [405 407 409 412 416 419]] [28 [423 426 428 429 430 433]] [29 [436 438 443 444 445 447 448]] [30 [450 451 453 458 459 460 463 464]] [31 [466 467 470 472 475 476 477 478]] [32 [480 483 484 485 488 489 491 492 494]] [33 [495 497 500 501 502 503 504 508 509]] [34 [510 511 512 513 514 515 516 518 519 524]] [35 [525 527 529 531 532 533 534 538]] [36 [540 546 547 548 554]] [37 [556 557 559 562 565 567 568 569]] [38 [570 572 574 575 576 577 578 583 584]] [39 [586 588 589 590 591 593 594 595 597 598]] [40 [600 604 605 606 608 612 613 614]] [41 [615 618 619 620 622 624 627 628 629]] [42 [633 634 635 636 637 642 643 644]] [43 [645 646 648 650 654 655 656 658 659]] [44 [660 661 662 664 667 668 671 673]] [45 [676 679 680 682 687 688 689]] [46 [693 695 696 697 698 699 700 701 703]] [47 [705 708 709 711 712 713 714 716 717]] [48 [720 723 724 725 728 730 734]] [49 [737 738 739 740 742 745 747 749]] [50 [750 755 757 758 759 760 762]] [51 [765 768 770 771 772 774 775 776]] [52 [780 783 786 789 792]] [53 [795 800 801 802 804 808 809]] [54 [810 813 814 816 818 822 824]] [55 [825 826 827 830 831 834 835 838 839]] [56 [840 841 843 846 849 851 853]] [57 [856 860 861 862 864 868]] [58 [870 871 872 874 875 879]] [59 [887 890 893 894 895 896 899]] [60 [900 906 907 908 909 911 913 914]] [61 [916 917 919 921 922 924 928]] [62 [931 932 935 939 941 942]] [63 [945 946 947 948 951 952 956 957 959]] [64 [960 962 963 964 965 969 972 973]] [65 [977 978 981 982 983 984 985 986 987 989]] [66 [990 992 993 996 997 998 999 1000]] [67 [1005 1006 1007 1008 1009 1010 1013 1016 1019]] [68 [1020 1021 1023 1025 1028 1031]] [69 [1035 1038 1041 1042 1043 1045 1046 1048 1049]] [70 [1050 1052 1055 1056 1058 1059 1061 1062 1063]] [71 [1065 1066 1067 1068 1070 1073 1074 1075 1077 1078]] [72 [1080 1083 1085 1086 1087 1091 1092 1093]] [73 [1095 1097 1099 1100 1101 1102 1104 1106]] [74 [1111 1113 1114 1115 1117 1120 1123 1124]] [75 [1126 1128 1129 1130 1131 1133 1134 1136 1138]] [76 [1141 1147 1148 1150 1153]] [77 [1155 1157 1158 1159 1160 1166 1167 1168 1169]] [78 [1170 1171 1179 1181 1182 1184]] [79 [1189 1190 1191 1192 1196 1198]] [80 [1200 1201 1202 1203 1212 1214]] [81 [1217 1219 1221 1222 1224 1225 1226 1227 1228 1229]] [82 [1232 1233 1236 1237 1238 1242 1243 1244]] [83 [1246 1248 1249 1250 1251 1252 1254 1256 1257 1259]] [84 [1260 1262 1263 1265 1267 1269 1270 1271]] [85 [1275 1276 1277 1279 1280 1281 1282 1283 1287]] [86 [1290 1291 1292 1293 1298 1300]] [87 [1305 1307 1308 1314 1317 1319]] [88 [1320 1321 1322 1324 1326 1328]] [89 [1335 1338 1339 1341 1343 1345 1349]] [90 [1351 1355 1358 1359 1361]] [91 [1367 1374 1378 1379]] [92 [1385 1386 1387 1390 1394]] [93 [1395 1396 1398 1409]] [94 [1412 1416 1419 1420]] [95 [1427 1428 1429 1432 1433 1434 1435 1436 1437]] [96 [1441 1442 1443 1447 1448 1452 1453]] [97 [1457 1458 1459 1460 1461 1463 1464 1467 1468]] [98 [1470 1471 1472 1475 1476 1480 1481 1482 1483]] [99 [1486 1487 1490 1492 1493 1494 1498 1499]]]",,"[[{citizen 44} [[""A"" [4 2 1 2 2 1 3 1 1 4]]]] [{media 50} [[""A"" [4 4 4 4 4 4 4 4 4 4]]]] [{media 53} [[""A"" [6 6 6 6 6 6 6 6 6 6]]]] [{media 54} [[""A"" [2 2 2 2 2 2 2 2 2 2]]]] [{media 55} [[""A"" [1 1 1 1 1 1 1 1 1 1]]]] [{media 56} [[""A"" [5 5 5 5 5 5 5 5 5 5]]]] [{media 57} [[""A"" [2 2 2 2 2 2 2 2 2 2]]]] [{media 58} [[""A"" [5 5 5 5 5 5 5 5 5 5]]]] [{media 60} [[""A"" [1 1 1 1 1 1 1 1 1 1]]]] [{media 62} [[""A"" [3 3 3 3 3 3 3 3 3 3]]]] [{media 63} [[""A"" [1 1 1 1 1 1 1 1 1 1]]]] [{media 64} [[""A"" [4 4 4 4 4 4 4 4 4 4]]]] [{citizen 11} [[""A"" [1 2 3 4 2 3 1 1 5 4]]]] [{citizen 0} [[""A"" [1 0 1 2 2 1 0 2 2 2]]]] [{citizen 4} [[""A"" [3 2 0 1 3 2 2 4 2 4]]]] [{media 61} [[""A"" [6 6 6 6 6 6 6 6 6 6]]]] [{citizen 17} [[""A"" [5 4 3 1 0 5 4 2 2 1]]]] [{citizen 21} [[""A"" [2 2 1 1 0 2 2 2 1 2]]]] [{citizen 9} [[""A"" [1 2 4 4 4 1 2 2 2 2]]]] [{citizen 13} [[""A"" [4 2 3 1 2 0 1 2 4 6]]]] [{citizen 12} [[""A"" [1 5 3 1 4 4 1 0 2 1]]]] [{citizen 26} [[""A"" [3 2 3 4 4 2 3 1 1 0]]]] [{citizen 41} [[""A"" [5 4 6 6 2 3 4 4 2 4]]]] [{citizen 22} [[""A"" [2 1 2 4 5 6 6 2 4 2]]]] [{citizen 33} [[""A"" [2 1 1 2 0 2 0 2 2 2]]]] [{citizen 25} [[""A"" [1 0 1 1 5 5 2 2 2 1]]]] [{media 59} [[""A"" [2 2 2 2 2 2 2 2 2 2]]]] [{citizen 34} [[""A"" [2 1 3 2 0 0 4 3 5 4]]]] [{citizen 24} [[""A"" [3 2 1 0 1 0 3 6 2 2]]]] [{citizen 38} [[""A"" [2 4 4 2 3 2 4 2 1 2]]]] [{citizen 46} [[""A"" [2 3 4 4 2 3 1 1 4 1]]]] [{citizen 36} [[""A"" [2 1 2 4 4 4 2 2 2 1]]]] [{citizen 6} [[""A"" [0 0 1 2 1 1 0 2 2 2]]]] [{citizen 37} [[""A"" [1 2 1 0 1 0 1 1 5 4]]]] [{citizen 8} [[""A"" [0 1 1 2 2 1 1 2 1 2]]]] [{media 51} [[""A"" [2 2 2 2 2 2 2 2 2 2]]]] [{citizen 35} [[""A"" [2 1 3 2 1 2 2 2 4 6]]]] [{citizen 18} [[""A"" [1 1 2 1 1 2 1 1 2 2]]]] [{citizen 39} [[""A"" [2 3 2 2 4 4 1 0 2 2]]]] [{citizen 23} [[""A"" [1 2 1 0 2 3 4 0 1 4]]]] [{citizen 28} [[""A"" [1 2 4 4 1 5 5 5 4 6]]]] [{citizen 5} [[""A"" [1 1 0 4 2 1 0 2 2 2]]]] [{citizen 10} [[""A"" [1 0 1 0 1 1 2 1 1 2]]]] [{citizen 1} [[""A"" [2 1 2 3 4 2 4 2 3 1]]]] [{citizen 3} [[""A"" [6 2 4 4 2 4 5 4 2 1]]]] [{citizen 16} [[""A"" [1 2 2 1 1 0 2 2 2 2]]]] [{citizen 43} [[""A"" [1 3 2 2 1 2 3 4 4 4]]]] [{citizen 45} [[""A"" [2 3 1 1 0 1 1 2 1 1]]]] [{citizen 7} [[""A"" [1 2 1 2 1 1 2 3 4 4]]]] [{citizen 19} [[""A"" [4 3 1 2 3 4 4 5 4 6]]]] [{citizen 20} [[""A"" [1 1 2 4 3 2 4 4 2 4]]]] [{citizen 48} [[""A"" [4 3 2 4 4 2 3 1 1 0]]]] [{citizen 42} [[""A"" [2 2 3 4 4 3 1 2 2 1]]]] [{citizen 2} [[""A"" [1 2 3 4 2 1 1 5 5 6]]]] [{citizen 49} [[""A"" [0 1 1 2 2 1 0 2 2 2]]]] [{citizen 29} [[""A"" [1 1 0 1 3 2 1 1 4 5]]]] [{citizen 30} [[""A"" [3 2 4 4 4 1 4 3 5 2]]]] [{citizen 15} [[""A"" [2 3 1 1 0 1 0 2 2 2]]]] [{citizen 47} [[""A"" [1 0 1 0 1 1 5 4 4 6]]]] [{citizen 31} [[""A"" [2 2 4 2 1 0 6 4 5 5]]]] [{citizen 32} [[""A"" [4 6 6 1 1 2 3 4 4 4]]]] [{citizen 14} [[""A"" [1 0 1 1 3 2 2 1 1 2]]]] [{media 52} [[""A"" [0 0 0 0 0 0 0 0 0 0]]]] [{citizen 27} [[""A"" [0 1 1 2 2 1 1 2 2 2]]]]]"
"41","[0 0 255]","220","-6.646654757289235","-7.576503865566838","""circle""","""""","9.9","{breed citizens}","false","0.5","1","""up""",,"[[""ID"" 12] [""alpha"" 1] [""beta"" 1] [""malleable"" [""A""]] [""prior"" []] [""cont_tokens"" []] [""A"" 6]]","[[0 [0 1 2 3 4 5 9 10 11 12 13 14]] [1 [15 17 18 19 20 21 22 23 24 25 26 27 28 29]] [2 [30 31 32 33 34 35 36 37 38 39 40 41 42 43 44]] [3 [45 46 47 48 49 50 51 52 53 54 55 56 57 58 59]] [4 [60 61 62 63 64 65 66 67 68 69 70 71 72 73 74]] [5 [75 76 77 78 81 83 87 88 89]] [6 [90 91 92 93 94 95 96 97 98 101 102 103]] [7 [106 107 108 109 110 111 112 114 115 116 117 119]] [8 [120 121 122 123 124 125 126 127 128 129 130 131 132 133 134]] [9 [135 136 137 138 139 140 141 142 144 145 146 147 149]] [10 [150 151 152 153 154 155 156 157 158 159 160 161 163]] [11 [165 166 167 168 169 170 171 172 173 174 175 176 177 178 179]] [12 [180 181 182 183 184 185 186 187 188 189 190 191 192 193 194]] [13 [195 197 200 201 206 207]] [14 [210 211 212 213 214 215 217 219 220 222]] [15 [225 226 227 228 229 230 231 232 235 237 238 239]] [16 [240 241 242 243 244 245 246 247 248 249 250 251 252 253 254]] [17 [255 256 257 265 268 269]] [18 [270 271 273 274 275 276 277 278 279 280 282 283 284]] [19 [285 286 287 288 289 290 291 292 293 294 295 296 297 298 299]] [20 [300 305 306 307 308 313]] [21 [318 321 325 326 327 329]] [22 [330 331 332 333 334 335 338 339 342 343 344]] [23 [347 349 350 352 354 355 357]] [24 [360 362 363 365 371 372]] [25 [378 380 382 383 385 386 387 388 389]] [26 [390 391 392 393 394 395 396 397 398 400 401 402 403 404]] [27 [405 406 407 408 409 411 412 413 414 415 416 417 418 419]] [28 [420 421 422 423 424 425 426 427 428 429 430 431 432 434]] [29 [435 436 437 438 439 440 441 442 443 444 445 446 447 448 449]] [30 [450 451 452 453 454 455 456 457 458 459 460 461 462 463 464]] [31 [465 466 467 468 469 470 471 472 474 479]] [32 [480 481 482 484 485 486 487 488 489 490 491 492 493]] [33 [495 496 497 498 499 500 501 502 503 504 505 506 507 508 509]] [34 [510 511 512 513 514 515 517 520 521 523 524]] [35 [525 526 527 528 529 530 531 532 533 534 535 536 537 538 539]] [36 [540 541 542 543 544 545 546 547 548 549 550 551 552 553 554]] [37 [556 557 558 559 560 561 562 563 564 565 566 567 568 569]] [38 [570 571 572 574 575 576 577 578 579 580 581 582 583 584]] [39 [585 586 587 588 589 590 591 592 593 594 595 596 597 598 599]] [40 [600 601 602 603 604 605 606 607 608 609 610 611 612 613 614]] [41 [615 616 617 618 619 620 621 622 623 624 625 626 627 628 629]] [42 [630 631 632 633 634 635 636 637 638 639 640 641 642 643 644]] [43 [645 646 647 648 650 651 652 653 654 655 656 658 659]] [44 [660 661 662 664 665 667 668 670 671 672 673 674]] [45 [675 676 677 678 679 680 681 682 683 684 685 686 687 688 689]] [46 [690 691 693 694 695 696 697 698 699 700 701 702 703 704]] [47 [705 706 707 708 709 710 711 712 713 714 715 716 717 718 719]] [48 [720 721 722 723 724 725 726 728 729 730 731 732 733 734]] [49 [735 736 737 738 739 740 741 742 743 744 745 746 747 748 749]] [50 [750 751 752 753 754 755 756 757 758 759 760 762 764]] [51 [765 766 767 768 769 770 771 772 773 774 775 776 777 779]] [52 [780 782 783 785 786 787 788 789 790 791 792 793 794]] [53 [796 798 799 803 804 806 807]] [54 [810 811 812 813 814 815 816 817 818 819 820 821 822 823 824]] [55 [825 826 827 828 829 830 831 832 833 834 835 836 837 838 839]] [56 [840 841 842 843 844 845 846 847 848 849 850 851 852 853 854]] [57 [855 856 857 858 859 860 861 862 863 864 865 866 867 868 869]] [58 [870 871 872 874 875 878 879 880 881 882 883 884]] [59 [885 886 887 888 889 890 891 892 893 894 895 896 899]] [60 [900 901 902 903 904 905 906 907 908 909 910 911 912 913 914]] [61 [915 918 919 920 921 922 923 924 925 926 927 928 929]] [62 [931 932 933 934 935 936 937 938 939 940 941 942 943 944]] [63 [945 946 947 948 949 950 951 952 953 954 955 956 957 958 959]] [64 [960 962 963 964 965 969 970 972 973]] [65 [977 978 979 980 981 982 983 984 985 986 987 988 989]] [66 [990 992 993 994 995 996 997 998 999 1000 1001 1002 1003 1004]] [67 [1005 1006 1007 1008 1009 1010 1011 1012 1013 1014 1015 1016 1017 1018 1019]] [68 [1020 1021 1022 1023 1024 1025 1026 1027 1028 1029 1030 1031 1032 1033 1034]] [69 [1035 1036 1037 1038 1039 1040 1041 1042 1043 1044 1045 1046 1047 1049]] [70 [1050 1051 1052 1053 1054 1055 1056 1057 1058 1059 1060 1061 1062 1063 1064]] [71 [1065 1066 1067 1068 1069 1070 1071 1072 1073 1074 1075 1076 1077 1078 1079]] [72 [1080 1081 1082 1083 1084 1085 1086 1087 1088 1089 1090 1091 1092 1093 1094]] [73 [1095 1097 1099 1100 1101 1102 1104 1106]] [74 [1110 1111 1112 1113 1114 1115 1116 1117 1118 1119 1120 1121 1122 1123 1124]] [75 [1125 1126 1127 1128 1129 1130 1131 1132 1133 1134 1135 1136 1137 1138 1139]] [76 [1141 1142 1147 1148 1150 1153]] [77 [1155 1156 1157 1158 1159 1160 1161 1162 1163 1164 1165 1166 1167 1168 1169]] [78 [1170 1171 1172 1173 1174 1175 1176 1177 1178 1179 1180 1181 1182 1183 1184]] [79 [1185 1186 1188 1189 1190 1191 1192 1193 1194 1195 1196 1197 1198 1199]] [80 [1200 1201 1202 1203 1204 1208 1209 1210 1212 1213 1214]] [81 [1215 1216 1217 1218 1219 1220 1221 1222 1223 1224 1225 1226 1227 1228 1229]] [82 [1230 1231 1232 1233 1234 1235 1236 1237 1238 1239 1240 1241 1242 1243 1244]] [83 [1245 1246 1247 1248 1249 1250 1251 1252 1253 1254 1256 1257 1258 1259]] [84 [1260 1261 1262 1263 1265 1267 1269 1270 1271]] [85 [1275 1276 1277 1279 1280 1281 1282 1283 1284 1286 1287]] [86 [1290 1291 1292 1293 1295 1296 1298 1299 1300 1301 1302 1303 1304]] [87 [1305 1306 1307 1308 1309 1310 1311 1312 1313 1314 1315 1316 1317 1318 1319]] [88 [1320 1321 1322 1323 1324 1325 1326 1327 1328 1329 1330 1331 1332 1333 1334]] [89 [1335 1336 1337 1339 1340 1341 1342 1343 1344 1345 1346 1347 1348 1349]] [90 [1351 1352 1354 1355 1356 1358 1359 1360 1361 1363 1364]] [91 [1367 1374 1375 1376 1378 1379]] [92 [1385 1386 1387 1388 1389 1390 1394]] [93 [1395 1396 1398 1403 1404 1405 1406 1407 1408 1409]] [94 [1410 1411 1412 1414 1415 1416 1417 1418 1419 1420 1421 1422 1423 1424]] [95 [1425 1426 1427 1428 1429 1430 1431 1432 1433 1434 1435 1436 1437 1438 1439]] [96 [1440 1444 1445 1446 1449 1450 1454]] [97 [1455 1456 1460 1462 1465 1466 1469]] [98 [1472 1475 1476 1477 1478 1479 1484]] [99 [1485 1486 1487 1488 1489 1491 1494 1495 1496 1497 1498 1499]]]","[[0 [1 3 5 9 14]] [1 [15 18 20 22 26 29]] [2 [30 31 32 33 34 38 40]] [3 [45 46 47 50 54 55 56 57 59]] [4 [61 62 63 64 65 68 70 72 74]] [5 [76 77 78 81 83 88 89]] [6 [90 92 94 95 98 101 103]] [7 [106 109 110 111 112 115 119]] [8 [121 125 126 127 128 130 131 133 134]] [9 [136 138 141 142 146 147 149]] [10 [150 151 152 153 154 155 156 158 159 160]] [11 [166 167 168 169 170 171 174 175 176]] [12 [181 182 183 185 188 189 190 191 193]] [13 [195 197 200 201 206 207]] [14 [213 214 215 217 219 220 222]] [15 [226 228 229 230 235 237 238 239]] [16 [241 243 244 245 248 249 250 251 252 254]] [17 [255 256 257 265 268 269]] [18 [270 273 274 276 279]] [19 [287 293 294 296 297 298 299]] [20 [300 306 307 308 313]] [21 [321 325 326 329]] [22 [330 332 334 338 339 342]] [23 [347 349 350 352 354 355]] [24 [360 362 363 372]] [25 [378 380 382 385 387 388]] [26 [390 391 393 398 401 402]] [27 [405 406 408 409 412 414 415 417 418]] [28 [420 421 422 427 429 430 434]] [29 [435 437 439 440 441 442 444 445 446 449]] [30 [452 454 455 456 457 462]] [31 [465 469 471 472 474 479]] [32 [482 484 485 488 489 491 492]] [33 [495 497 499 503 504 505 506 507]] [34 [513 514 515 523]] [35 [526 531 532 533 534]] [36 [542 543 545 549 550 551 552 554]] [37 [556 557 559 562 565 567 568 569]] [38 [571 572 574 575 577 578 583 584]] [39 [586 588 589 590 591 593 594 595 597 598]] [40 [601 603 609 610 611 613 614]] [41 [615 618 619 620 621 623 625 626 627 628 629]] [42 [633 635 636 637 642 643 644]] [43 [645 646 648 650 654 655 656 658 659]] [44 [660 661 662 664 667 668 672 674]] [45 [675 677 678 681 683 684 685 686 688 689]] [46 [691 694 703 704]] [47 [705 708 709 711 712 713 714 716]] [48 [720 724 725 726 728 730 734]] [49 [737 738 739 740 742 744 745 747]] [50 [751 752 753 754 756 759 760 762]] [51 [765 769 773 775 776]] [52 [780 783 785 786 789]] [53 [798 799 806 807]] [54 [811 817 819 823]] [55 [828 832 836 837]] [56 [840 841 843 846 849 851 853]] [57 [856 860 861 862 868]] [58 [870 871 872 874 875 878 880 881 883 884]] [59 [885 886 888 889 891 892 894 895]] [60 [901 902 903 905 910 912]] [61 [915 918 920 925 927]] [62 [933 934 935 937 938 941 942]] [63 [945 946 947 948 951 952 956 957 959]] [64 [960 962 963 964 965 970 972 973]] [65 [977 978 981 982 984 985 988]] [66 [990 992 993 996 997 998 999 1000 1003 1004]] [67 [1011 1012 1013 1016 1019]] [68 [1020 1021 1023 1025 1028 1031]] [69 [1035 1038 1041 1042 1043 1045 1047]] [70 [1051 1054 1057 1060 1064]] [71 [1066 1067 1068 1070 1073 1074 1076 1079]] [72 [1081 1082 1084 1088 1089 1090 1091 1092 1093]] [73 [1095 1097 1099 1100 1101 1102 1104 1106]] [74 [1111 1113 1114 1115 1117 1122 1123 1124]] [75 [1126 1128 1129 1130 1131 1132 1133 1134 1136 1138]] [76 [1142 1147 1148 1150 1153]] [77 [1155 1157 1158 1165 1166 1167 1168 1169]] [78 [1172 1173 1174 1175 1176 1177 1178 1180 1183]] [79 [1185 1186 1194 1195 1197 1199]] [80 [1200 1201 1202 1203 1212 1214]] [81 [1217 1219 1221 1222]] [82 [1230 1235 1239 1240 1241 1243]] [83 [1248 1249 1250 1251 1252 1254 1256 1257 1259]] [84 [1260 1261 1262 1263 1267 1269 1270 1271]] [85 [1275 1276 1277 1279 1280 1281 1282 1283 1286 1287]] [86 [1290 1291 1292 1293 1295 1296 1299 1301 1302 1303 1304]] [87 [1306 1309 1310 1311 1312 1313 1315 1318]] [88 [1321 1322 1324 1326 1328]] [89 [1335 1341 1343 1345 1348]] [90 [1352 1354 1355 1356 1358 1359 1361]] [91 [1367 1374 1375 1376 1379]] [92 [1385 1388 1389 1390 1394]] [93 [1395 1396 1398 1403 1404 1406 1407 1408]] [94 [1410 1411 1414 1415 1417 1418 1421 1422 1423 1424]] [95 [1425 1426 1428 1430 1431 1439]] [96 [1444 1446 1450 1454]] [97 [1455 1456 1460 1465 1466 1469]] [98 [1472 1475 1476 1479 1484]] [99 [1485 1488 1489 1491 1495 1496]]]",,"[[{media 50} [[""A"" [4 4 4 4 4 4 4 4 4 4]]]] [{media 53} [[""A"" [6 6 6 6 6 6 6 6 6 6]]]] [{media 54} [[""A"" [2 2 2 2 2 2 2 2 2 2]]]] [{media 55} [[""A"" [1 1 1 1 1 1 1 1 1 1]]]] [{media 56} [[""A"" [5 5 5 5 5 5 5 5 5 5]]]] [{media 57} [[""A"" [2 2 2 2 2 2 2 2 2 2]]]] [{media 58} [[""A"" [5 5 5 5 5 5 5 5 5 5]]]] [{media 60} [[""A"" [1 1 1 1 1 1 1 1 1 1]]]] [{media 62} [[""A"" [3 3 3 3 3 3 3 3 3 3]]]] [{media 63} [[""A"" [1 1 1 1 1 1 1 1 1 1]]]] [{media 64} [[""A"" [4 4 4 4 4 4 4 4 4 4]]]] [{citizen 5} [[""A"" [1 1 2 4 1 2 3 0 0 2]]]] [{citizen 8} [[""A"" [1 1 2 1 2 3 0 1 1 2]]]] [{citizen 32} [[""A"" [3 4 2 1 1 2 3 4 5 3]]]] [{citizen 7} [[""A"" [2 2 1 1 1 1 2 3 5 6]]]] [{citizen 26} [[""A"" [5 5 2 2 3 2 1 2 2 0]]]] [{media 61} [[""A"" [6 6 6 6 6 6 6 6 6 6]]]] [{media 59} [[""A"" [2 2 2 2 2 2 2 2 2 2]]]] [{citizen 34} [[""A"" [2 1 1 1 2 4 2 1 4 5]]]] [{citizen 24} [[""A"" [2 3 2 1 2 5 2 6 2 2]]]] [{citizen 38} [[""A"" [2 3 2 4 2 2 2 1 6 6]]]] [{citizen 46} [[""A"" [2 3 1 1 1 2 4 4 2 1]]]] [{citizen 36} [[""A"" [2 2 2 2 1 1 2 1 4 1]]]] [{citizen 6} [[""A"" [2 4 2 3 1 1 0 1 0 2]]]] [{citizen 18} [[""A"" [0 1 2 4 1 1 4 1 1 2]]]] [{citizen 3} [[""A"" [2 0 4 6 2 1 1 2 2 1]]]] [{citizen 16} [[""A"" [1 1 1 3 1 2 0 1 0 2]]]] [{citizen 43} [[""A"" [2 1 1 2 1 1 1 2 4 6]]]] [{citizen 4} [[""A"" [2 3 2 2 1 1 1 2 1 6]]]] [{citizen 21} [[""A"" [2 1 1 2 4 1 6 1 1 2]]]] [{citizen 17} [[""A"" [4 4 5 5 2 2 3 4 4 0]]]] [{media 51} [[""A"" [2 2 2 2 2 2 2 2 2 2]]]] [{citizen 35} [[""A"" [2 2 1 2 2 2 1 2 2 4]]]] [{citizen 48} [[""A"" [2 3 2 1 2 4 2 1 1 0]]]] [{citizen 20} [[""A"" [2 1 1 1 2 4 2 1 6 5]]]] [{citizen 39} [[""A"" [4 2 1 3 2 1 2 5 1 0]]]] [{citizen 23} [[""A"" [1 2 1 1 1 1 1 2 3 6]]]] [{citizen 0} [[""A"" [1 3 2 1 1 1 2 2 1 1]]]] [{citizen 28} [[""A"" [2 1 2 2 1 1 1 2 4 1]]]] [{citizen 10} [[""A"" [2 2 1 1 1 2 3 0 1 2]]]] [{citizen 1} [[""A"" [2 3 1 2 1 2 3 1 4 5]]]] [{citizen 12} [[""A"" [1 1 1 6 1 0 1 3 2 1]]]] [{citizen 45} [[""A"" [2 1 2 1 2 1 4 5 1 1]]]] [{citizen 9} [[""A"" [1 3 2 1 1 1 2 6 5 1]]]] [{citizen 25} [[""A"" [2 3 2 1 1 2 3 4 4 3]]]] [{citizen 13} [[""A"" [1 3 2 1 1 2 4 2 0 1]]]] [{citizen 19} [[""A"" [6 4 3 2 1 1 1 2 3 4]]]] [{media 52} [[""A"" [0 0 0 0 0 0 0 0 0 0]]]] [{citizen 42} [[""A"" [1 2 1 1 1 2 2 3 2 1]]]] [{citizen 30} [[""A"" [1 2 2 1 3 2 1 2 4 1]]]] [{citizen 2} [[""A"" [2 4 2 2 2 1 1 1 2 1]]]] [{citizen 37} [[""A"" [2 1 1 1 2 4 1 2 2 1]]]] [{citizen 11} [[""A"" [3 1 1 1 2 3 1 3 1 4]]]] [{citizen 49} [[""A"" [6 4 1 3 2 1 1 2 0 2]]]] [{citizen 29} [[""A"" [5 5 4 6 2 2 4 2 1 0]]]] [{citizen 40} [[""A"" [2 1 0 2 4 4 5 4 6 1]]]] [{citizen 22} [[""A"" [2 1 0 2 1 2 2 2 1 2]]]] [{citizen 15} [[""A"" [4 2 1 1 3 1 1 0 1 0]]]] [{citizen 47} [[""A"" [3 2 2 1 2 4 1 2 1 0]]]] [{citizen 31} [[""A"" [1 2 1 2 2 1 1 1 1 0]]]] [{citizen 44} [[""A"" [2 1 0 2 2 2 1 2 2 1]]]] [{citizen 33} [[""A"" [6 4 1 1 2 4 0 0 1 2]]]] [{citizen 27} [[""A"" [2 2 2 1 2 1 2 4 1 2]]]] [{citizen 14} [[""A"" [2 1 1 2 3 1 2 1 0 1]]]]]"
"42","[213 0 42]","292.5","-9.481931837730205","4.091264669801072","""circle""","""""","9.9","{breed citizens}","false","0.5","1","""up""",,"[[""ID"" 17] [""alpha"" 1] [""beta"" 1] [""malleable"" [""A""]] [""prior"" []] [""cont_tokens"" []] [""A"" 1]]","[[0 [1 2 3 4 5 6 7 8 9 10 11 12 13 14]] [1 [15 17 18 19 20 21 22 23 24 25 26 27 28 29]] [2 [30 31 32 33 34 35 36 37 38 39 40 41 42 43 44]] [3 [45 46 47 48 49 50 51 52 53 54 55 56 57 58 59]] [4 [60 66 67 68 70 71 72 73 74]] [5 [75 76 77 78 79 80 81 82 83 84 85 86 87 88 89]] [6 [90 92 93 94 95 96 97 98 101 102 103]] [7 [105 106 107 108 109 110 111 112 114 115 116 117 119]] [8 [120 121 122 123 124 125 126 127 128 129 130 131 132 133 134]] [9 [135 136 138 140 141 142 144 145 146 147 149]] [10 [150 151 152 153 154 155 156 157 158 159 160 161 163]] [11 [165 166 167 168 169 170 171 172 173 174 175 176 177 178 179]] [12 [180 184 186 187 190 191 193]] [13 [195 196 197 198 199 200 201 202 203 204 205 206 207 208 209]] [14 [210 211 212 213 214 215 216 217 218 219 220 221 222 224]] [15 [226 228 229 230 235 237]] [16 [242 243 244 246 247 249 250 251 252 253 254]] [17 [255 256 257 265 266 267 268 269]] [18 [270 271 272 273 274 275 276 277 278 279 280 281 282 283 284]] [19 [285 286 288 289 290 291 292 295 297 298 299]] [20 [300 301 302 303 304 306 307 308 309 310 311 312 314]] [21 [315 316 317 318 319 320 321 322 323 324 325 326 328 329]] [22 [331 332 333 334 335 336 337 338 339 340 341 342 343 344]] [23 [345 346 347 348 349 350 351 352 353 354 355 356 357 358 359]] [24 [360 361 362 363 364 365 366 367 368 369 370 371 372 373 374]] [25 [375 376 377 378 379 380 381 382 383 384 385 386 387 388 389]] [26 [390 391 393 398 401 402]] [27 [405 406 407 408 409 411 412 413 414 415 416 417 418 419]] [28 [420 421 422 423 424 425 426 427 428 429 430 431 432 434]] [29 [435 436 437 438 439 440 441 442 443 444 445 446 447 448 449]] [30 [450 451 453 458 459 460 461 463 464]] [31 [465 466 467 468 469 470 471 472 473 474 475 476 477 478 479]] [32 [480 481 482 483 484 485 486 487 488 489 490 491 492 493 494]] [33 [495 496 497 498 499 500 501 502 503 504 505 506 507 508 509]] [34 [510 511 512 513 514 515 516 517 518 519 520 521 522 523 524]] [35 [525 526 527 528 529 530 531 532 533 534 535 536 537 538 539]] [36 [540 541 542 543 544 545 546 547 548 549 550 551 552 553 554]] [37 [556 557 558 559 560 561 562 563 564 565 566 567 568 569]] [38 [570 571 572 574 575 576 577 578 579 580 581 582 583 584]] [39 [585 587 592 593 594 596 599]] [40 [600 604 605 606 608 612]] [41 [616 617 620 621 622 623 624 625 626 627 628]] [42 [630 631 632 633 634 635 636 637 638 639 640 641 642 643 644]] [43 [647 649 651 652 653 657]] [44 [661 662 663 664 665 666 669 670 671 673]] [45 [675 676 677 678 679 680 681 682 683 684 685 686 687 688 689]] [46 [690 691 693 694 695 696 697 698 699 700 701 702 703 704]] [47 [705 706 707 708 709 710 711 712 713 714 715 716 717 718 719]] [48 [720 722 723 724 725 726 728 730 734]] [49 [735 736 737 738 739 740 741 742 743 744 745 746 747 748 749]] [50 [750 751 752 753 754 755 756 757 758 759 760 762 764]] [51 [765 767 768 769 770 771 772 773 774 775 776 777 779]] [52 [780 782 783 785 786 789 792]] [53 [795 796 797 798 799 800 801 802 803 804 806 807 808 809]] [54 [811 817 819 820 821 823]] [55 [825 827 828 829 830 831 832 833 834 835 836 837 838 839]] [56 [840 841 842 843 844 845 846 847 848 849 850 851 852 853 854]] [57 [855 856 857 858 859 860 861 862 863 864 865 866 867 868 869]] [58 [870 871 872 873 874 875 876 877 878 879 880 881 882 883 884]] [59 [885 886 887 888 889 890 891 892 893 894 895 896 899]] [60 [900 901 902 903 904 905 906 907 908 909 910 911 912 913 914]] [61 [915 916 917 918 919 920 921 922 923 924 925 926 927 928 929]] [62 [930 931 932 935 936 937 938 939 940 941 942]] [63 [945 946 947 948 951 952 954 955 956 957 959]] [64 [960 962 963 964 965 969 970 972 973]] [65 [977 978 979 980 981 982 983 984 985 986 987 988 989]] [66 [990 991 992 993 994 995 996 997 998 999 1000 1001 1002 1003 1004]] [67 [1005 1006 1007 1008 1009 1010 1011 1012 1013 1014 1015 1016 1017 1018 1019]] [68 [1020 1021 1022 1023 1024 1025 1026 1027 1028 1029 1030 1031 1032 1033 1034]] [69 [1036 1037 1039 1040 1041 1042 1043 1045 1046 1047 1048 1049]] [70 [1050 1051 1052 1053 1054 1055 1056 1057 1058 1059 1060 1061 1062 1063 1064]] [71 [1065 1066 1067 1068 1070 1073 1074 1075 1076 1077 1078 1079]] [72 [1080 1081 1082 1083 1084 1085 1086 1087 1088 1089 1090 1091 1092 1093 1094]] [73 [1095 1097 1099 1100 1101 1102 1104 1106]] [74 [1110 1111 1112 1113 1114 1115 1116 1117 1118 1119 1120 1121 1122 1123 1124]] [75 [1125 1126 1127 1128 1129 1130 1131 1132 1133 1134 1135 1136 1137 1138 1139]] [76 [1140 1141 1142 1143 1144 1145 1147 1148 1150 1151 1152 1153]] [77 [1155 1156 1157 1158 1159 1160 1161 1162 1163 1164 1165 1166 1167 1168 1169]] [78 [1170 1171 1173 1174 1175 1176 1177 1178 1179 1180 1181 1182 1183 1184]] [79 [1185 1186 1187 1188 1189 1190 1191 1192 1193 1194 1195 1196 1197 1198 1199]] [80 [1200 1201 1202 1203 1204 1205 1206 1207 1208 1209 1210 1211 1212 1213 1214]] [81 [1215 1216 1217 1218 1219 1220 1221 1222 1223 1224 1225 1226 1227 1228 1229]] [82 [1231 1232 1233 1236 1237 1238 1242 1243 1244]] [83 [1245 1246 1247 1248 1249 1250 1251 1252 1253 1254 1256 1257 1258 1259]] [84 [1260 1261 1262 1263 1265 1267 1269 1270 1271]] [85 [1275 1276 1277 1279 1280 1281 1282 1283 1284 1286 1287]] [86 [1290 1291 1292 1293 1295 1296 1298 1299 1300 1301 1302 1303 1304]] [87 [1305 1306 1307 1308 1309 1310 1311 1312 1313 1314 1315 1316 1317 1318 1319]] [88 [1320 1321 1322 1323 1324 1325 1326 1327 1328 1329 1330 1331 1332 1333 1334]] [89 [1335 1336 1337 1338 1339 1340 1341 1342 1343 1344 1345 1346 1347 1348 1349]] [90 [1350 1352 1353 1354 1355 1356 1357 1358 1359 1360 1361 1362 1363 1364]] [91 [1365 1366 1367 1368 1369 1370 1371 1372 1373 1374 1375 1376 1377 1378 1379]] [92 [1380 1381 1382 1383 1384 1385 1386 1387 1388 1389 1390 1391 1392 1393 1394]] [93 [1395 1396 1397 1398 1399 1400 1401 1402 1403 1404 1405 1406 1407 1408 1409]] [94 [1410 1411 1412 1414 1415 1416 1417 1418 1419 1420 1421 1422 1423 1424]] [95 [1425 1426 1427 1428 1429 1430 1431 1432 1433 1434 1435 1436 1437 1438 1439]] [96 [1440 1441 1442 1443 1444 1445 1446 1447 1448 1449 1450 1451 1452 1453 1454]] [97 [1455 1456 1460 1462 1465 1466 1469]] [98 [1472 1475 1476 1477 1478 1479 1484]] [99 [1485 1486 1487 1488 1489 1490 1491 1492 1493 1494 1495 1496 1497 1498 1499]]]","[[0 [2 3 4 5 9 14]] [1 [15 18 22 26]] [2 [35 37 39 41 43 44]] [3 [49 51 52 53 58]] [4 [60 68 70 72 74]] [5 [75 76 77 78 81 83 87 88 89]] [6 [90 92 93 94 95 98 101 103]] [7 [106 107 108 109 110 111 112 115 119]] [8 [121 125 126 127 128 131 132 134]] [9 [136 138 141 142 144 146 147 149]] [10 [150 151 152 153 154 155 156 157 158 159 160]] [11 [166 172 173 177 178 179]] [12 [180 184 186 187 190 191 193]] [13 [195 197 200 201 207 209]] [14 [210 211 212 213 214 215 217 219 220 222]] [15 [226 228 229 230 235 237]] [16 [242 246 247 250 251 252 253 254]] [17 [255 256 257 265 266 267]] [18 [271 274 276 277 278 280 282 283]] [19 [285 286 288 289 290 291 292 295]] [20 [301 302 304 306 307 308 309 310 311 312 314]] [21 [315 319 320 322 323 324 328]] [22 [331 333 334 336 337 340 341 343]] [23 [345 346 348 351 352 354 355]] [24 [360 362 365 367 368 369 370 373 374]] [25 [375 376 377 379 382 383 389]] [26 [391 393 398 402]] [27 [405 407 408 409 412 414 415 417 418]] [28 [420 421 422 427 429 430 434]] [29 [435 437 439 440 441 442 444 445 447 448]] [30 [451 453 458 459 460 461 463 464]] [31 [466 467 468 470 471 472 474 479]] [32 [481 482 484 485 488 489 491 492 494]] [33 [495 497 501 502 503 504 505 507]] [34 [513 514 515 519 523 524]] [35 [525 526 527 529 531 532 533 534 538]] [36 [540 546 547 548 552 554]] [37 [557 559 562 565 566 567 568 569]] [38 [571 572 574 575 578 579 580 581 582]] [39 [585 587 592 599]] [40 [600 605 606 608 612]] [41 [616 617 623 625 626 627 628]] [42 [630 631 632 639 640 641]] [43 [647 649 651 652 653 657]] [44 [663 666 669 670 671 673]] [45 [675 677 678 681 683 684 685 686 689]] [46 [690 691 694 701 702 704]] [47 [705 708 710 711 712 713 714 716 717]] [48 [720 722 723 724 725 728 730 734]] [49 [737 738 739 740 742 744 745 747 749]] [50 [750 755 757 758 759 760 762 764]] [51 [765 769 773]] [52 [780 782 783 785 792]] [53 [796 798 799 803 804 806 807]] [54 [811 817 819 820 821 823]] [55 [828 830 831 834 835 838 839]] [56 [840 841 843 846 849 851 853]] [57 [856 860 861 862 866 867 869]] [58 [872 874 875 881 882 884]] [59 [885 886 888 889 890 892 894 895 896]] [60 [900 906 907 908 909 911 913 914]] [61 [916 917 919 921 922 923 924 929]] [62 [930 931 932 936 937 941 942]] [63 [945 946 947 948 951 952 956 957 959]] [64 [960 962 963 964 965 970 972 973]] [65 [977 979 980 987]] [66 [990 992 996 997 998 1000 1003 1004]] [67 [1008 1009 1010 1013 1019]] [68 [1020 1022 1024 1026 1029 1032 1033 1034]] [69 [1036 1037 1039 1040 1041 1043 1045 1046 1048 1049]] [70 [1050 1052 1055 1056 1058 1059 1061 1062 1063]] [71 [1067 1068 1070 1073 1075 1077 1078]] [72 [1080 1081 1083 1085 1087 1089 1090 1091 1092 1093]] [73 [1095 1097 1099 1100 1101 1102 1104 1106]] [74 [1111 1113 1114 1115 1117 1122 1123 1124]] [75 [1126 1128 1129 1130 1132 1133 1134 1136 1138]] [76 [1141 1142 1147 1148 1153]] [77 [1155 1157 1161 1163]] [78 [1170 1171 1173 1174 1175 1176 1177 1178 1180 1183]] [79 [1185 1186 1188 1189 1190 1191 1192 1196 1198]] [80 [1200 1201 1202 1203 1210 1212 1214]] [81 [1217 1219 1221 1222 1224 1225 1227 1228 1229]] [82 [1231 1232 1233 1236 1237 1238 1242 1243]] [83 [1246 1248 1251 1252 1254 1256 1257 1258 1259]] [84 [1260 1261 1262 1263 1267 1269 1270 1271]] [85 [1275 1276 1277 1279 1280 1281 1282 1283 1287]] [86 [1290 1291 1292 1293 1295 1296 1299 1301 1302 1303 1304]] [87 [1306 1309 1311 1312 1313 1315 1316 1318 1319]] [88 [1320 1321 1322 1323 1324 1325 1327 1329 1330 1332 1333 1334]] [89 [1336 1337 1338 1339 1340 1344 1346 1347]] [90 [1350 1352 1356 1358 1359 1361]] [91 [1367 1370 1371 1372 1373 1377]] [92 [1380 1381 1382 1383 1384 1385 1386 1387 1390 1391 1392]] [93 [1397 1400 1401 1404 1406 1407 1408]] [94 [1410 1411 1414 1415 1417 1418 1421 1422 1423]] [95 [1426 1429 1432 1433 1434 1435 1436]] [96 [1440 1441 1442 1443 1445 1446 1449 1450 1454]] [97 [1455 1456 1460 1466 1469]] [98 [1472 1475 1476 1479 1484]] [99 [1485 1488 1489 1491 1495 1497 1498 1499]]]",,"[[{media 51} [[""A"" [2 2 2 2 2 2 2 2 2 2]]]] [{media 52} [[""A"" [0 0 0 0 0 0 0 0 0 0]]]] [{media 56} [[""A"" [5 5 5 5 5 5 5 5 5 5]]]] [{media 57} [[""A"" [2 2 2 2 2 2 2 2 2 2]]]] [{media 59} [[""A"" [2 2 2 2 2 2 2 2 2 2]]]] [{media 61} [[""A"" [6 6 6 6 6 6 6 6 6 6]]]] [{media 62} [[""A"" [3 3 3 3 3 3 3 3 3 3]]]] [{media 55} [[""A"" [1 1 1 1 1 1 1 1 1 1]]]] [{citizen 7} [[""A"" [1 2 1 1 1 3 4 6 6 4]]]] [{citizen 16} [[""A"" [2 1 1 0 4 0 2 2 3 2]]]] [{citizen 0} [[""A"" [2 2 1 2 4 5 2 2 2 3]]]] [{citizen 4} [[""A"" [2 2 1 1 1 2 1 4 6 6]]]] [{citizen 19} [[""A"" [4 2 2 2 6 5 4 5 4 6]]]] [{citizen 38} [[""A"" [1 2 3 4 1 1 2 4 5 6]]]] [{media 64} [[""A"" [4 4 4 4 4 4 4 4 4 4]]]] [{citizen 12} [[""A"" [5 5 3 1 1 4 0 1 3 2]]]] [{citizen 24} [[""A"" [1 4 5 5 6 6 2 1 3 2]]]] [{media 58} [[""A"" [5 5 5 5 5 5 5 5 5 5]]]] [{citizen 9} [[""A"" [1 2 4 6 5 1 0 2 2 1]]]] [{media 60} [[""A"" [1 1 1 1 1 1 1 1 1 1]]]] [{citizen 20} [[""A"" [2 1 1 1 4 2 1 4 6 6]]]] [{citizen 3} [[""A"" [2 1 1 1 2 4 5 4 3 1]]]] [{media 63} [[""A"" [1 1 1 1 1 1 1 1 1 1]]]] [{media 54} [[""A"" [2 2 2 2 2 2 2 2 2 2]]]] [{media 50} [[""A"" [4 4 4 4 4 4 4 4 4 4]]]] [{citizen 26} [[""A"" [2 1 1 3 4 2 1 0 2 6]]]] [{citizen 41} [[""A"" [1 1 1 3 4 4 2 2 4 6]]]] [{citizen 22} [[""A"" [1 2 2 4 5 6 4 2 1 1]]]] [{citizen 21} [[""A"" [4 6 2 0 2 2 2 1 3 2]]]] [{citizen 17} [[""A"" [4 4 5 4 2 2 2 1 4 3]]]] [{citizen 33} [[""A"" [2 4 2 0 2 2 2 1 3 2]]]] [{citizen 25} [[""A"" [3 4 4 2 3 2 2 2 1 3]]]] [{citizen 44} [[""A"" [2 2 3 1 1 2 4 6 5 4]]]] [{citizen 40} [[""A"" [0 4 4 5 4 3 6 6 2 1]]]] [{citizen 11} [[""A"" [1 2 3 2 2 1 4 6 5 4]]]] [{citizen 37} [[""A"" [2 2 1 1 2 2 2 1 5 4]]]] [{citizen 8} [[""A"" [1 1 0 1 1 2 2 1 3 2]]]] [{citizen 28} [[""A"" [2 2 4 6 5 5 4 5 4 6]]]] [{citizen 6} [[""A"" [1 1 1 0 2 2 2 1 3 2]]]] [{citizen 36} [[""A"" [2 1 1 1 2 4 6 4 2 1]]]] [{citizen 46} [[""A"" [1 1 1 2 3 4 4 2 2 1]]]] [{citizen 13} [[""A"" [2 2 1 0 2 2 2 1 4 6]]]] [{citizen 31} [[""A"" [5 2 2 1 1 1 2 1 1 0]]]] [{citizen 5} [[""A"" [4 2 3 1 2 4 0 2 2 2]]]] [{citizen 15} [[""A"" [2 2 1 0 2 5 0 2 2 2]]]] [{citizen 34} [[""A"" [1 1 2 4 2 2 1 4 2 4]]]] [{citizen 45} [[""A"" [1 1 2 4 2 2 1 4 5 1]]]] [{citizen 39} [[""A"" [2 2 2 1 1 1 5 4 0 2]]]] [{citizen 35} [[""A"" [2 1 2 5 6 6 2 1 2 4]]]] [{citizen 18} [[""A"" [2 1 2 2 1 1 5 2 1 2]]]] [{citizen 48} [[""A"" [4 3 1 1 4 2 1 1 2 4]]]] [{citizen 43} [[""A"" [2 1 1 1 2 3 4 4 6 5]]]] [{citizen 32} [[""A"" [2 1 1 1 2 3 4 4 5 3]]]] [{media 53} [[""A"" [6 6 6 6 6 6 6 6 6 6]]]] [{citizen 23} [[""A"" [1 4 6 5 5 1 1 1 3 6]]]] [{citizen 10} [[""A"" [5 5 3 2 2 1 1 1 3 2]]]] [{citizen 1} [[""A"" [2 4 2 3 1 4 5 6 6 5]]]] [{citizen 2} [[""A"" [1 1 3 4 2 1 3 2 6 5]]]] [{citizen 49} [[""A"" [1 1 1 2 0 2 2 1 3 2]]]] [{citizen 29} [[""A"" [6 2 1 1 4 2 1 2 1 0]]]] [{citizen 47} [[""A"" [1 2 3 4 2 2 1 2 4 6]]]] [{citizen 30} [[""A"" [3 2 1 1 1 4 4 2 1 2]]]] [{citizen 27} [[""A"" [6 5 5 1 1 2 4 2 3 2]]]] [{citizen 14} [[""A"" [1 1 1 2 3 2 2 1 1 1]]]]]"
"43","[213 0 42]","330","-5.4818240140788745","9.011305831362714","""circle""","""""","9.9","{breed citizens}","false","0.5","1","""up""",,"[[""ID"" 23] [""alpha"" 1] [""beta"" 1] [""malleable"" [""A""]] [""prior"" []] [""cont_tokens"" []] [""A"" 1]]","[[0 [0 1 2 3 5 6 7 8 9 10 11 12 13 14]] [1 [15 16 17 18 19 20 21 23 24 25 26 27 28 29]] [2 [30 31 32 33 34 35 36 37 38 39 40 41 42 43 44]] [3 [45 46 47 48 49 50 51 52 53 54 55 56 57 58 59]] [4 [60 66 67 68 70 71 72 73 74]] [5 [75 76 77 78 81 83 87 88 89]] [6 [90 91 92 93 94 95 96 97 98 101 102 103]] [7 [105 106 107 108 109 110 111 112 115 116 117 119]] [8 [121 125 126 127 128 130 131 132 133 134]] [9 [135 136 137 138 139 140 141 142 143 144 145 146 147 148 149]] [10 [150 151 152 153 154 155 156 157 158 159 160 161 163]] [11 [165 166 167 168 169 170 171 172 173 174 175 176 177 178 179]] [12 [180 181 182 183 184 185 186 187 188 189 190 191 193]] [13 [195 196 197 198 199 200 201 202 203 204 205 206 207 208 209]] [14 [210 211 212 213 214 215 216 217 218 219 220 221 222 224]] [15 [225 226 227 228 229 230 231 232 233 234 235 236 237 238 239]] [16 [240 241 242 243 244 245 246 247 248 249 250 251 252 253 254]] [17 [255 256 257 258 259 260 261 262 263 264 265 267 268 269]] [18 [270 271 272 273 274 275 276 277 278 279 280 281 282 283 284]] [19 [285 286 287 288 289 290 291 292 293 294 295 296 297 298 299]] [20 [300 301 302 303 304 305 306 307 308 309 310 311 312 313 314]] [21 [315 316 317 318 319 320 321 322 323 324 325 326 328 329]] [22 [331 332 333 334 335 336 337 338 339 340 341 342 343 344]] [23 [347 349 350 352 354 355 357]] [24 [360 361 362 363 364 365 366 367 368 369 370 371 372 373 374]] [25 [375 376 377 378 379 380 381 382 383 384 385 386 387 388 389]] [26 [390 391 393 398 401 402]] [27 [405 407 411 413 416 419]] [28 [420 421 422 423 424 425 426 427 428 429 430 431 432 433 434]] [29 [435 436 437 438 439 440 441 442 443 444 445 446 449]] [30 [451 452 454 455 456 457 458 459 460 461 462]] [31 [465 469 471 472 474 475 476 477 478 479]] [32 [480 481 482 483 484 485 486 487 488 489 490 491 492 493 494]] [33 [495 496 497 498 499 500 501 502 503 504 505 506 507 508 509]] [34 [510 511 512 513 514 515 517 519 520 521 522 523 524]] [35 [525 526 527 528 529 530 531 532 533 534 535 536 537 538 539]] [36 [540 541 542 543 544 545 546 547 548 549 550 551 552 553 554]] [37 [555 556 557 559 562 565 566 567 568 569]] [38 [570 571 572 574 575 576 577 578 579 580 581 582 583 584]] [39 [585 586 587 588 589 590 591 592 593 594 595 596 597 598 599]] [40 [600 602 603 604 605 606 607 608 612 614]] [41 [615 616 617 618 619 620 621 622 623 624 625 626 627 628 629]] [42 [630 631 632 634 639 640 641]] [43 [647 649 651 652 653 657]] [44 [660 661 663 664 665 666 667 669 670 671 673]] [45 [675 676 679 680 682 684 685 686 687 688 689]] [46 [690 691 693 694 695 696 697 698 699 700 701 702 703 704]] [47 [705 708 709 710 711 712 713 714 715 716 718 719]] [48 [721 727 729 731 732 733]] [49 [735 736 737 738 739 740 741 742 743 744 745 746 747 748 749]] [50 [750 751 752 753 754 755 756 757 758 759 760 762 764]] [51 [765 766 767 768 769 770 771 772 773 774 775 776 777 779]] [52 [780 782 783 785 786 787 788 789 790 791 792 793 794]] [53 [795 796 797 798 799 800 801 802 803 804 805 806 807 808 809]] [54 [810 811 812 813 814 815 816 817 818 819 820 821 822 823 824]] [55 [825 826 827 828 830 831 832 834 835 836 837 838 839]] [56 [840 841 842 843 844 845 846 847 848 849 850 851 852 853 854]] [57 [855 856 857 858 859 860 861 862 863 864 865 866 867 868 869]] [58 [870 871 872 873 874 875 876 877 878 879 880 881 882 883 884]] [59 [885 886 887 888 889 890 891 892 893 894 895 896 899]] [60 [900 901 902 903 904 905 906 907 908 909 910 911 912 913 914]] [61 [915 916 917 918 919 920 921 922 923 924 925 926 927 928 929]] [62 [930 931 932 935 936 937 938 939 940 941 942]] [63 [945 946 947 948 951 952 956 957 959]] [64 [960 962 963 964 965 969 970 972 973]] [65 [977 978 979 980 981 982 983 984 985 986 987 988 989]] [66 [990 991 992 993 994 995 996 997 998 999 1000 1001 1002 1003 1004]] [67 [1005 1006 1007 1008 1009 1010 1011 1012 1013 1014 1015 1017 1018 1019]] [68 [1020 1021 1022 1023 1024 1025 1026 1027 1028 1030 1031 1033 1034]] [69 [1035 1038 1041 1044 1045 1047]] [70 [1050 1051 1053 1054 1057 1060 1064]] [71 [1066 1069 1071 1072 1074 1076 1079]] [72 [1081 1082 1084 1088 1089 1094]] [73 [1096 1098 1103 1105 1107 1108 1109]] [74 [1110 1112 1114 1115 1116 1117 1119 1120 1121 1122 1123 1124]] [75 [1125 1127 1131 1134 1136 1138]] [76 [1140 1141 1142 1147 1148 1150 1153]] [77 [1155 1157 1158 1159 1160 1161 1162 1163 1164 1165 1166 1167 1168 1169]] [78 [1170 1171 1172 1173 1174 1175 1176 1177 1178 1179 1180 1181 1182 1183 1184]] [79 [1185 1186 1187 1188 1189 1190 1191 1192 1193 1194 1195 1196 1197 1198 1199]] [80 [1200 1201 1202 1203 1204 1205 1206 1207 1208 1209 1210 1211 1212 1213 1214]] [81 [1215 1216 1217 1218 1219 1220 1221 1222 1223 1224 1225 1227 1228 1229]] [82 [1230 1231 1232 1233 1235 1236 1237 1238 1239 1240 1241 1242 1243 1244]] [83 [1245 1246 1247 1248 1249 1250 1251 1252 1253 1254 1256 1257 1258 1259]] [84 [1260 1261 1262 1263 1265 1267 1269 1270 1271]] [85 [1275 1276 1277 1279 1280 1281 1282 1283 1284 1286 1287]] [86 [1290 1291 1292 1293 1295 1296 1298 1299 1300 1301 1302 1303 1304]] [87 [1305 1306 1307 1308 1309 1310 1311 1312 1313 1314 1315 1316 1317 1318 1319]] [88 [1320 1321 1322 1323 1324 1325 1326 1327 1328 1329 1330 1331 1332 1333 1334]] [89 [1335 1336 1337 1338 1339 1340 1341 1342 1343 1344 1345 1346 1347 1348 1349]] [90 [1350 1351 1352 1353 1354 1355 1356 1357 1358 1359 1360 1361 1362 1363 1364]] [91 [1365 1366 1367 1368 1369 1370 1371 1372 1373 1374 1375 1376 1377 1378 1379]] [92 [1380 1381 1382 1383 1384 1385 1386 1387 1388 1389 1390 1391 1392 1393 1394]] [93 [1397 1399 1400 1401 1402 1404 1405 1406 1407 1408]] [94 [1410 1411 1412 1414 1415 1417 1418 1419 1420 1421 1422 1423 1424]] [95 [1425 1426 1427 1428 1429 1430 1431 1432 1433 1434 1435 1436 1437 1438 1439]] [96 [1440 1441 1442 1443 1444 1445 1446 1449 1450 1454]] [97 [1455 1456 1460 1462 1465 1466 1469]] [98 [1472 1475 1476 1477 1478 1479 1484]] [99 [1485 1486 1487 1488 1489 1491 1494 1495 1496 1497 1498 1499]]]","[[0 [1 2 3 5 9 14]] [1 [15 17 19 21 24 25 27 28 29]] [2 [34 38 40 42 43]] [3 [45 46 48 49 51 52 53 58]] [4 [60 66 68 70 72 74]] [5 [75 76 77 78 81 83 88 89]] [6 [90 92 93 95 96 97 98 101 102 103]] [7 [106 109 110 111 112 116 117]] [8 [121 125 127 128 130 133 134]] [9 [136 138 141 142 144 147 149]] [10 [150 151 152 153 154 155 156 158 159 160]] [11 [166 172 173 177 178 179]] [12 [180 184 186 187 188 189 190]] [13 [196 198 199 202 203 205 208 209]] [14 [210 211 212 214 215 216 218 221 224]] [15 [225 227 231 232 238 239]] [16 [241 243 244 245 248 249 250 251 252 254]] [17 [255 256 257 269]] [18 [270 273 275 276 277 278 280 281 282 283]] [19 [285 289 290 291 292 295 297 298]] [20 [300 301 302 303 310 311 312 314]] [21 [315 322 323 324 328]] [22 [331 333 334 335 338 342]] [23 [347 349 350 354 355]] [24 [360 362 363 372]] [25 [378 380 382 383 389]] [26 [391 393 398]] [27 [407 416 419]] [28 [423 426 428 429 430 433]] [29 [436 438 446 449]] [30 [452 454 455 456 457 462]] [31 [465 469 471 472 475 476 477 478]] [32 [480 483 484 485 488 489 491 492 494]] [33 [495 497 499 502 503 504 505 506 507]] [34 [513 514 517 520 521 523 524]] [35 [525 527 528 532 533 534 538]] [36 [540 542 543 544 545 549 550 551 552 553]] [37 [556 557 559 562 565 567 569]] [38 [570 571 572 574 575 578 579 580 581 582]] [39 [585 587 592 596 599]] [40 [600 602 603 607 608 612 614]] [41 [615 618 619 622 624 625 626]] [42 [630 631 632 639 640 641]] [43 [647 649 651 652 653]] [44 [660 661 664 667 671 673]] [45 [675 680 682 687]] [46 [690 691 694 701 703]] [47 [705 708 710 715 719]] [48 [721 727 729 732 733]] [49 [735 737 739 740 742 744 745 747]] [50 [751 752 753 754 756 758 759 760 762]] [51 [765 767 773 775 776]] [52 [780 783 785 786 789 792]] [53 [796 798 799 803 804 808 809]] [54 [810 813 814 815 816 818 822 824]] [55 [825 826 827 830 831 834 835 838 839]] [56 [840 841 843 846 849 853]] [57 [856 860 861 862 867 869]] [58 [873 876 877 880 881 882 883 884]] [59 [885 886 888 889 890 893 894 895]] [60 [902 903 905 912]] [61 [915 918 919 921 922 923 924 929]] [62 [930 931 932 935 937 938 940]] [63 [947 948 951 952 956 957 959]] [64 [960 962 963 964 965 970 972 973]] [65 [977 979 980]] [66 [991 994 995 1001 1003 1004]] [67 [1011 1017 1018]] [68 [1023 1025 1028 1031]] [69 [1035 1038 1041 1044 1045 1047]] [70 [1050 1053 1054 1057 1060 1064]] [71 [1069 1071 1072 1074 1076 1079]] [72 [1082 1084 1088 1089 1094]] [73 [1096 1098 1103 1105 1108 1109]] [74 [1110 1112 1116 1119 1121]] [75 [1125 1127 1131 1134 1136]] [76 [1140 1141 1142 1147 1148 1150 1153]] [77 [1155 1157 1159 1160 1166 1167 1168 1169]] [78 [1170 1171 1179 1181 1182 1184]] [79 [1187 1190 1191 1192 1196 1198]] [80 [1200 1201 1202 1203 1208 1209 1211 1213]] [81 [1215 1216 1218 1220 1221 1222 1224 1225 1227 1228 1229]] [82 [1231 1232 1233 1236 1237 1238 1242 1243]] [83 [1247 1249 1250 1251 1252 1254 1256 1257 1259]] [84 [1260 1261 1262 1263 1267 1269 1270 1271]] [85 [1275 1276 1277 1279 1280 1281 1282 1283 1287]] [86 [1290 1291 1292 1293 1296 1299 1301 1302 1304]] [87 [1306 1309 1310 1311 1312 1313 1315 1318]] [88 [1321 1322 1323 1324 1325 1327 1329 1330 1332 1333 1334]] [89 [1336 1337 1338 1339 1342 1344 1346 1347]] [90 [1350 1352 1353 1357 1358 1359 1361]] [91 [1367 1370 1371 1372 1373 1377]] [92 [1380 1381 1382 1383 1384 1385 1386 1387 1388 1389 1391 1392 1393]] [93 [1399 1400 1401 1402 1404 1406 1407 1408]] [94 [1410 1411 1414 1415 1417 1418 1421 1422 1423]] [95 [1426 1428 1430 1431 1439]] [96 [1444 1446 1449 1450 1454]] [97 [1455 1456 1460 1466 1469]] [98 [1472 1475 1476 1484]] [99 [1485 1488 1489 1491 1495 1497 1498 1499]]]",,"[[{media 50} [[""A"" [4 4 4 4 4 4 4 4 4 4]]]] [{media 53} [[""A"" [6 6 6 6 6 6 6 6 6 6]]]] [{media 54} [[""A"" [2 2 2 2 2 2 2 2 2 2]]]] [{media 55} [[""A"" [1 1 1 1 1 1 1 1 1 1]]]] [{media 56} [[""A"" [5 5 5 5 5 5 5 5 5 5]]]] [{media 57} [[""A"" [2 2 2 2 2 2 2 2 2 2]]]] [{media 58} [[""A"" [5 5 5 5 5 5 5 5 5 5]]]] [{media 60} [[""A"" [1 1 1 1 1 1 1 1 1 1]]]] [{media 62} [[""A"" [3 3 3 3 3 3 3 3 3 3]]]] [{media 63} [[""A"" [1 1 1 1 1 1 1 1 1 1]]]] [{media 64} [[""A"" [4 4 4 4 4 4 4 4 4 4]]]] [{citizen 7} [[""A"" [1 2 1 2 2 1 3 4 6 4]]]] [{citizen 16} [[""A"" [1 2 3 1 2 0 4 1 0 2]]]] [{citizen 32} [[""A"" [5 2 1 1 2 3 4 4 5 3]]]] [{citizen 26} [[""A"" [2 4 3 2 1 3 4 0 2 6]]]] [{media 59} [[""A"" [2 2 2 2 2 2 2 2 2 2]]]] [{media 52} [[""A"" [0 0 0 0 0 0 0 0 0 0]]]] [{media 51} [[""A"" [2 2 2 2 2 2 2 2 2 2]]]] [{citizen 0} [[""A"" [1 2 3 2 2 2 4 6 5 4]]]] [{citizen 2} [[""A"" [3 5 2 3 3 2 2 6 5 4]]]] [{citizen 10} [[""A"" [6 5 3 2 4 5 3 0 1 2]]]] [{citizen 3} [[""A"" [2 2 0 2 5 4 6 2 1 1]]]] [{citizen 41} [[""A"" [4 6 2 3 4 2 2 4 6 5]]]] [{citizen 22} [[""A"" [1 2 2 2 4 6 6 4 2 4]]]] [{citizen 4} [[""A"" [2 2 1 1 4 2 1 2 4 6]]]] [{citizen 21} [[""A"" [2 2 4 1 2 4 2 1 1 2]]]] [{citizen 17} [[""A"" [5 2 2 3 4 4 5 4 2 0]]]] [{citizen 33} [[""A"" [5 2 1 2 4 2 2 0 1 2]]]] [{citizen 25} [[""A"" [3 2 2 1 1 3 4 3 2 2]]]] [{citizen 9} [[""A"" [2 1 1 2 5 6 4 6 5 1]]]] [{citizen 44} [[""A"" [2 1 1 1 1 2 6 5 5 4]]]] [{citizen 40} [[""A"" [2 1 0 2 4 4 5 5 4 1]]]] [{citizen 11} [[""A"" [3 1 2 3 1 2 3 1 4 6]]]] [{citizen 37} [[""A"" [4 2 1 2 4 3 3 2 2 2]]]] [{citizen 8} [[""A"" [1 4 2 1 2 3 0 1 1 2]]]] [{citizen 28} [[""A"" [4 4 3 2 2 2 4 6 5 4]]]] [{citizen 6} [[""A"" [1 4 2 4 3 1 0 1 0 2]]]] [{citizen 36} [[""A"" [1 4 5 2 2 1 1 2 4 1]]]] [{citizen 46} [[""A"" [4 3 2 1 4 4 2 3 6 1]]]] [{citizen 38} [[""A"" [1 2 3 1 2 4 5 6 5 6]]]] [{citizen 24} [[""A"" [2 0 1 2 1 2 4 5 2 2]]]] [{citizen 12} [[""A"" [3 1 1 2 1 0 1 3 2 1]]]] [{citizen 13} [[""A"" [2 1 4 4 2 0 2 2 4 1]]]] [{citizen 31} [[""A"" [3 5 2 2 1 1 2 1 0 3]]]] [{citizen 5} [[""A"" [4 1 2 3 0 2 2 4 0 2]]]] [{citizen 15} [[""A"" [3 4 2 4 0 2 5 4 1 0]]]] [{citizen 34} [[""A"" [2 2 4 4 2 2 4 5 3 2]]]] [{citizen 18} [[""A"" [2 1 3 1 2 4 5 1 1 2]]]] [{citizen 35} [[""A"" [2 1 2 3 2 3 6 2 2 4]]]] [{citizen 48} [[""A"" [4 3 2 1 4 2 1 0 2 4]]]] [{citizen 20} [[""A"" [1 4 4 2 1 2 4 6 6 5]]]] [{citizen 1} [[""A"" [1 2 2 4 3 1 4 5 6 5]]]] [{citizen 47} [[""A"" [2 3 2 2 1 4 1 2 1 0]]]] [{citizen 30} [[""A"" [2 1 2 3 2 1 4 4 1 2]]]] [{citizen 49} [[""A"" [5 6 6 2 3 2 1 2 0 2]]]] [{citizen 39} [[""A"" [1 2 3 5 2 2 2 4 1 0]]]] [{citizen 45} [[""A"" [2 4 1 2 2 4 5 5 1 1]]]] [{citizen 29} [[""A"" [3 5 2 4 2 1 2 3 0 4]]]] [{citizen 27} [[""A"" [1 1 2 4 6 5 2 4 1 2]]]] [{citizen 19} [[""A"" [2 1 3 4 2 2 2 6 5 4]]]] [{citizen 14} [[""A"" [1 2 3 1 2 3 1 0 2 1]]]] [{citizen 42} [[""A"" [2 3 2 2 2 4 6 5 4 1]]]] [{citizen 23} [[""A"" [6 0 1 2 4 6 5 3 4 6]]]] [{media 61} [[""A"" [6 6 6 6 6 6 6 6 6 6]]]]]"
"44","[0 0 255]","78.75","9.88258475700076","2.212529167003327","""circle""","""""","9.9","{breed citizens}","false","0.5","1","""up""",,"[[""ID"" 14] [""alpha"" 1] [""beta"" 1] [""malleable"" [""A""]] [""prior"" []] [""cont_tokens"" []] [""A"" 6]]","[[0 [0 1 2 3 5 6 8 9 10 12 13 14]] [1 [15 17 18 19 20 21 22 24 25 26 28 29]] [2 [30 31 32 33 34 35 36 37 38 39 40 41 42 43 44]] [3 [45 46 47 48 49 50 51 52 53 54 55 56 57 58 59]] [4 [60 61 62 63 64 65 66 67 68 69 70 71 72 73 74]] [5 [75 76 77 78 81 83 87 88 89]] [6 [90 91 92 93 94 95 96 97 98 101 102 103]] [7 [105 106 107 108 109 110 111 112 114 115 116 117 119]] [8 [120 121 122 123 124 125 126 127 128 129 130 131 132 133 134]] [9 [135 136 137 138 139 140 141 142 144 145 146 147 149]] [10 [150 151 152 153 154 155 156 157 158 159 160 161 163]] [11 [165 166 167 168 169 170 171 172 173 174 175 176 177 178 179]] [12 [180 181 182 183 184 185 186 187 188 189 190 191 192 193 194]] [13 [195 196 197 198 199 200 201 202 203 204 205 206 207 208 209]] [14 [210 211 212 213 214 215 216 217 218 219 220 221 222 224]] [15 [226 228 229 230 235 237]] [16 [240 241 242 243 244 245 246 247 248 249 250 251 252 253 254]] [17 [255 256 257 265 266 267 268 269]] [18 [270 273 275 276 279 280 281 282 283 284]] [19 [285 286 287 288 289 290 291 292 293 294 295 296 297 298 299]] [20 [300 301 302 304 305 306 307 308 311 312 313 314]] [21 [318 321 325 326 327 329]] [22 [330 332 335 338 339 342]] [23 [347 349 350 352 354 355 357]] [24 [360 362 363 365 367 368 369 371 372]] [25 [375 376 377 378 379 380 382 383 384 385 386 387 388 389]] [26 [390 391 392 393 394 395 396 397 398 400 401 402 403 404]] [27 [405 406 407 408 409 411 412 413 414 415 416 417 418 419]] [28 [420 421 422 423 424 425 426 427 428 429 430 431 432 433 434]] [29 [435 436 437 438 439 440 441 442 443 444 445 446 447 448 449]] [30 [450 451 452 453 454 455 456 457 458 459 460 461 462 463 464]] [31 [465 469 471 472 474 475 476 477 478 479]] [32 [481 482 484 485 486 487 488 489 490 491 492 493]] [33 [495 496 497 498 499 500 501 502 503 504 505 506 507 508 509]] [34 [510 511 512 513 514 515 516 517 518 519 520 521 523 524]] [35 [525 526 527 528 529 530 531 532 533 534 535 536 537 538 539]] [36 [540 541 542 543 544 545 546 547 548 549 550 551 552 553 554]] [37 [556 557 558 559 560 561 562 563 564 565 566 567 568 569]] [38 [570 571 572 574 575 576 577 578 579 580 581 582 583 584]] [39 [585 586 587 588 589 590 591 592 593 594 595 596 597 598 599]] [40 [600 601 602 603 604 605 606 607 608 611 612 613 614]] [41 [615 616 617 618 619 620 621 622 623 624 625 626 627 628 629]] [42 [630 631 632 633 634 635 636 637 638 639 640 641 642 643 644]] [43 [645 646 647 648 650 651 652 653 654 655 656 658 659]] [44 [660 661 662 664 665 667 668 670 671 672 673 674]] [45 [675 676 677 678 679 680 681 682 683 684 685 686 687 688 689]] [46 [690 691 693 694 695 696 697 698 699 700 701 702 703 704]] [47 [705 706 707 708 709 710 711 712 713 714 715 716 717 718 719]] [48 [720 721 722 723 724 725 726 727 728 729 730 731 732 733 734]] [49 [737 738 739 740 742 743 744 745 746 747 748 749]] [50 [750 751 752 753 754 755 756 757 758 759 760 762 764]] [51 [765 767 768 769 770 771 772 773 774 775 776 777 779]] [52 [780 781 782 783 784 785 786 787 788 789 790 791 792 793 794]] [53 [795 796 798 799 800 801 802 803 804 806 807 808 809]] [54 [810 811 812 813 814 815 816 817 818 819 820 821 822 823 824]] [55 [828 829 830 831 832 833 834 835 836 837 838 839]] [56 [840 841 842 843 844 845 846 847 848 849 850 851 852 853 854]] [57 [855 856 857 858 859 860 861 862 863 864 865 866 867 868 869]] [58 [870 871 872 873 874 875 876 877 878 879 880 881 882 883 884]] [59 [885 886 888 889 890 891 892 893 894 895 896 899]] [60 [900 901 902 903 904 905 906 907 908 909 910 911 912 913 914]] [61 [915 916 917 918 919 920 921 922 923 924 925 926 927 928 929]] [62 [930 931 932 935 936 937 938 939 940 941 942]] [63 [945 946 947 948 951 952 954 955 956 957 959]] [64 [960 962 963 964 965 969 970 972 973]] [65 [977 978 979 980 981 982 983 984 985 986 987 988 989]] [66 [990 991 992 993 994 995 996 997 998 999 1000 1001 1002 1003 1004]] [67 [1005 1006 1007 1008 1009 1010 1011 1012 1013 1014 1015 1016 1017 1018 1019]] [68 [1020 1021 1022 1023 1024 1025 1026 1027 1028 1029 1030 1031 1032 1033 1034]] [69 [1035 1038 1041 1044 1045 1047]] [70 [1050 1051 1052 1053 1054 1055 1056 1057 1058 1059 1060 1061 1062 1063 1064]] [71 [1065 1066 1067 1068 1069 1070 1071 1072 1073 1074 1075 1076 1077 1078 1079]] [72 [1080 1081 1082 1083 1084 1085 1086 1087 1088 1089 1090 1091 1092 1093 1094]] [73 [1095 1097 1099 1100 1101 1102 1104 1106]] [74 [1110 1111 1112 1113 1114 1115 1116 1117 1118 1119 1120 1121 1122 1123 1124]] [75 [1125 1126 1127 1128 1129 1130 1131 1132 1133 1134 1135 1136 1137 1138 1139]] [76 [1140 1141 1142 1143 1144 1145 1147 1148 1150 1151 1152 1153]] [77 [1155 1156 1157 1158 1159 1160 1161 1162 1163 1164 1165 1166 1167 1168 1169]] [78 [1170 1171 1172 1173 1174 1175 1176 1177 1178 1179 1180 1181 1182 1183 1184]] [79 [1185 1186 1188 1189 1190 1191 1192 1193 1194 1195 1196 1197 1198 1199]] [80 [1200 1201 1202 1203 1204 1205 1206 1207 1208 1209 1210 1211 1212 1213 1214]] [81 [1217 1219 1221 1222 1223 1224 1225 1226 1227 1228 1229]] [82 [1230 1231 1232 1233 1235 1236 1237 1238 1239 1240 1241 1242 1243 1244]] [83 [1245 1246 1247 1248 1249 1250 1251 1252 1253 1254 1256 1257 1258 1259]] [84 [1260 1261 1262 1263 1265 1267 1269 1270 1271]] [85 [1275 1276 1277 1279 1280 1281 1282 1283 1284 1286 1287]] [86 [1290 1291 1292 1293 1295 1296 1298 1299 1300 1301 1302 1303 1304]] [87 [1305 1306 1307 1308 1309 1310 1311 1312 1313 1314 1315 1316 1317 1318 1319]] [88 [1321 1322 1323 1324 1325 1326 1327 1328 1329 1330 1331 1332 1333 1334]] [89 [1335 1336 1337 1338 1339 1340 1341 1342 1343 1344 1345 1346 1347 1348 1349]] [90 [1350 1352 1353 1354 1355 1356 1357 1358 1359 1360 1361 1362 1363 1364]] [91 [1365 1366 1367 1368 1369 1370 1371 1372 1373 1374 1375 1376 1377 1378 1379]] [92 [1380 1381 1382 1383 1384 1385 1386 1387 1388 1389 1390 1391 1392 1393 1394]] [93 [1395 1396 1397 1398 1399 1400 1401 1402 1403 1404 1405 1406 1407 1408 1409]] [94 [1410 1411 1412 1414 1415 1416 1417 1418 1419 1420 1421 1422 1423 1424]] [95 [1425 1426 1427 1428 1429 1430 1431 1432 1433 1434 1435 1436 1437 1438 1439]] [96 [1440 1441 1442 1443 1444 1445 1446 1448 1449 1450 1454]] [97 [1455 1456 1460 1462 1465 1466 1469]] [98 [1470 1472 1473 1474 1475 1476 1477 1478 1479 1480 1481 1482 1483 1484]] [99 [1485 1486 1487 1488 1489 1491 1492 1493 1494 1495 1496 1497 1498 1499]]]","[[0 [2 3 5 9 14]] [1 [15 17 19 21 24 25 29]] [2 [30 31 32 33 34 35 37 39 41 43 44]] [3 [48 50 54 55 56 57 59]] [4 [62 63 64 65 66 67 68 70 72 74]] [5 [75 76 77 78 81 83 87 88 89]] [6 [90 92 94 95 98 101 102]] [7 [105 107 108 109 110 111 112 116 117 119]] [8 [121 125 127 128 130 133 134]] [9 [136 138 141 142 144 147 149]] [10 [150 151 152 153 154 155 159 160]] [11 [166 167 168 169 170 171 174 175 176]] [12 [181 182 183 185 188 189 190]] [13 [198 199 203 205 208 209]] [14 [210 211 212 213 214 215 217 219 220 222]] [15 [226 228 230]] [16 [242 246 247 251 252 253 254]] [17 [255 256 257 265 266 267 268 269]] [18 [270 273 275 284]] [19 [287 293 294 296 297 298 299]] [20 [300 302 304 306 307 313]] [21 [318 321 325 326 329]] [22 [330 332 335 338 342]] [23 [347 349 350 352 354 355]] [24 [360 362 363 371 372]] [25 [378 380 382 383 385 387 388]] [26 [390 391 393 398 402]] [27 [405 406 407 411 413 416 419]] [28 [423 426 428 429 430 434]] [29 [435 437 439 440 441 442 443 444 445 446 449]] [30 [452 454 455 456 457 462]] [31 [465 469 471 472 474 479]] [32 [482 484 485 488 489 491 492]] [33 [495 497 500 501 502 503 504 505 506 507]] [34 [513 514 517 520 521 523 524]] [35 [525 526 535 536 537 538]] [36 [540 541 546 547 548 554]] [37 [556 557 559 562 565 566 567 569]] [38 [570 571 572 574 576 577 578 583]] [39 [585 587 592 596 599]] [40 [604 605 606 608 612 613 614]] [41 [615 618 619 622 624 625 626 627 628 629]] [42 [633 635 636 637 638 642 643 644]] [43 [645 646 648 650 654 655 656 659]] [44 [660 661 662 664 665 670 673]] [45 [676 679 680 682 687 688 689]] [46 [690 691 694 701 702]] [47 [706 707 709 711 712 713 716 717]] [48 [720 725 726 728 730 734]] [49 [737 738 739 740 742 744 747]] [50 [751 752 753 754 755 757 762 764]] [51 [765 768 770 771 772 777 779]] [52 [781 782 785 786 789 792]] [53 [795 800 801 802 804 808 809]] [54 [810 812 813 814 816 818 821 823]] [55 [828 829 830 831 833 834 835 838 839]] [56 [840 841 843 846 849 851]] [57 [855 857 859 863 865 866 867 869]] [58 [873 876 877 878 880 881 882 884]] [59 [885 886 888 889 891 892 894 895 896 899]] [60 [900 906 908 909 911 913 914]] [61 [916 917 919 921 922 923 924 926 929]] [62 [930 931 932 936 938 940 941 942]] [63 [945 946 948 951 952 956 957 959]] [64 [960 962 963 964 965 969 972 973]] [65 [977 979 980]] [66 [991 994 995 1001 1003]] [67 [1005 1006 1007 1008 1009 1010 1013 1019]] [68 [1020 1021 1023 1025 1028 1031]] [69 [1035 1038 1041 1045 1047]] [70 [1050 1052 1055 1056 1058 1059 1061 1062]] [71 [1065 1066 1067 1068 1070 1073 1075 1077 1078]] [72 [1080 1083 1085 1086 1089 1090 1091 1092 1093]] [73 [1095 1097 1099 1100 1101 1102 1106]] [74 [1111 1113 1114 1115 1117 1120 1123 1124]] [75 [1126 1128 1129 1130 1131 1132 1133 1134 1136 1138]] [76 [1142 1147 1148 1150 1153]] [77 [1155 1157 1158 1159 1160 1166 1167 1168 1169]] [78 [1170 1171 1173 1174 1175 1176 1177 1178 1180 1183]] [79 [1185 1186 1188 1189 1190 1192 1196 1198]] [80 [1200 1201 1202 1203 1212 1214]] [81 [1217 1219 1221 1222 1224 1225 1227 1228 1229]] [82 [1231 1232 1233 1236 1237 1238 1242 1243]] [83 [1246 1248 1249 1250 1251 1252 1254 1256 1257 1259]] [84 [1260 1262 1263 1267 1269 1270 1271]] [85 [1275 1277 1279 1280 1281 1282 1283 1287]] [86 [1290 1292 1293 1295 1296 1299 1301 1302 1303 1304]] [87 [1306 1309 1310 1311 1312 1313 1315 1316]] [88 [1325 1327 1329 1330 1332 1333 1334]] [89 [1336 1337 1338 1339 1341 1342 1344 1346 1347]] [90 [1350 1352 1354 1355 1356 1357 1360 1362 1363 1364]] [91 [1365 1366 1368 1369 1370 1371 1373 1377]] [92 [1380 1381 1382 1383 1384 1385 1386 1387 1390 1394]] [93 [1395 1396 1398 1409]] [94 [1412 1416 1419 1420 1422 1423]] [95 [1427 1428 1430 1431 1438 1439]] [96 [1440 1441 1442 1443 1448 1450 1454]] [97 [1455 1456 1460 1465 1466 1469]] [98 [1472 1475 1476 1479 1484]] [99 [1485 1488 1489 1491 1495 1496]]]",,"[[{media 50} [[""A"" [4 4 4 4 4 4 4 4 4 4]]]] [{media 53} [[""A"" [6 6 6 6 6 6 6 6 6 6]]]] [{media 54} [[""A"" [2 2 2 2 2 2 2 2 2 2]]]] [{media 55} [[""A"" [1 1 1 1 1 1 1 1 1 1]]]] [{media 58} [[""A"" [5 5 5 5 5 5 5 5 5 5]]]] [{media 60} [[""A"" [1 1 1 1 1 1 1 1 1 1]]]] [{media 62} [[""A"" [3 3 3 3 3 3 3 3 3 3]]]] [{media 63} [[""A"" [1 1 1 1 1 1 1 1 1 1]]]] [{media 64} [[""A"" [4 4 4 4 4 4 4 4 4 4]]]] [{citizen 13} [[""A"" [4 4 2 3 2 1 2 0 0 2]]]] [{citizen 0} [[""A"" [1 1 2 4 0 2 2 0 2 2]]]] [{citizen 4} [[""A"" [2 2 1 1 1 3 4 2 1 6]]]] [{citizen 9} [[""A"" [2 2 1 1 1 2 4 5 1 2]]]] [{citizen 40} [[""A"" [4 4 4 5 6 2 0 2 1 1]]]] [{media 59} [[""A"" [2 2 2 2 2 2 2 2 2 2]]]] [{media 51} [[""A"" [2 2 2 2 2 2 2 2 2 2]]]] [{media 56} [[""A"" [5 5 5 5 5 5 5 5 5 5]]]] [{citizen 26} [[""A"" [4 4 2 3 2 1 1 0 2 4]]]] [{citizen 41} [[""A"" [3 4 4 2 1 2 4 6 6 5]]]] [{citizen 22} [[""A"" [2 1 2 2 4 5 6 4 2 3]]]] [{citizen 21} [[""A"" [0 2 2 2 1 0 2 2 1 2]]]] [{citizen 17} [[""A"" [2 1 1 2 0 2 2 4 5 1]]]] [{citizen 33} [[""A"" [2 4 4 2 2 1 2 2 0 2]]]] [{citizen 25} [[""A"" [3 4 4 2 3 2 1 0 2 1]]]] [{citizen 34} [[""A"" [3 4 2 1 2 4 5 3 2 0]]]] [{citizen 24} [[""A"" [2 1 2 1 4 6 2 2 0 2]]]] [{citizen 38} [[""A"" [1 2 3 4 1 1 1 4 5 6]]]] [{citizen 46} [[""A"" [2 3 4 4 2 3 2 1 1 1]]]] [{citizen 36} [[""A"" [1 1 3 4 1 2 4 5 2 1]]]] [{citizen 6} [[""A"" [1 0 0 2 2 2 0 2 2 2]]]] [{citizen 37} [[""A"" [1 2 2 3 2 1 3 2 2 0]]]] [{citizen 11} [[""A"" [4 1 2 2 3 2 1 1 4 5]]]] [{citizen 8} [[""A"" [2 0 2 2 2 1 0 2 1 2]]]] [{citizen 45} [[""A"" [4 5 5 0 1 2 2 1 0 1]]]] [{citizen 12} [[""A"" [3 2 1 1 3 4 1 6 0 1]]]] [{citizen 28} [[""A"" [1 2 3 4 2 1 3 2 4 5]]]] [{citizen 39} [[""A"" [2 3 2 1 2 4 4 5 0 2]]]] [{citizen 7} [[""A"" [2 2 2 1 1 2 3 4 6 4]]]] [{citizen 19} [[""A"" [4 3 2 2 2 4 6 5 4 5]]]] [{citizen 42} [[""A"" [3 2 1 2 3 2 4 4 5 1]]]] [{citizen 35} [[""A"" [3 4 6 6 2 2 1 2 4 4]]]] [{citizen 18} [[""A"" [2 2 1 1 0 2 2 1 2 1]]]] [{citizen 23} [[""A"" [4 6 5 1 1 2 3 4 6 0]]]] [{media 57} [[""A"" [2 2 2 2 2 2 2 2 2 2]]]] [{citizen 10} [[""A"" [3 0 0 1 2 1 1 0 2 1]]]] [{citizen 1} [[""A"" [2 1 2 2 3 1 4 5 6 5]]]] [{citizen 3} [[""A"" [6 2 1 1 1 2 3 4 2 1]]]] [{citizen 16} [[""A"" [0 1 2 2 2 1 0 2 2 2]]]] [{citizen 43} [[""A"" [2 1 1 1 2 3 4 6 5 5]]]] [{media 61} [[""A"" [6 6 6 6 6 6 6 6 6 6]]]] [{citizen 20} [[""A"" [2 1 1 1 2 4 2 1 6 5]]]] [{citizen 48} [[""A"" [4 4 2 3 1 1 0 2 4 5]]]] [{citizen 2} [[""A"" [3 4 2 1 1 3 2 6 4 5]]]] [{citizen 49} [[""A"" [2 2 1 0 2 2 0 2 2 2]]]] [{citizen 5} [[""A"" [1 1 0 2 4 2 0 2 2 2]]]] [{citizen 29} [[""A"" [4 2 1 2 3 2 1 1 0 4]]]] [{citizen 30} [[""A"" [1 2 3 2 1 2 4 4 2 1]]]] [{citizen 15} [[""A"" [1 2 3 2 1 1 0 0 2 2]]]] [{citizen 47} [[""A"" [3 4 2 1 2 3 1 0 0 1]]]] [{citizen 31} [[""A"" [1 1 4 2 1 2 2 1 0 3]]]] [{citizen 32} [[""A"" [5 5 2 1 1 2 3 4 4 5]]]] [{citizen 27} [[""A"" [4 4 0 2 2 2 1 0 2 2]]]] [{citizen 14} [[""A"" [2 1 1 0 0 2 2 2 1 0]]]] [{media 52} [[""A"" [0 0 0 0 0 0 0 0 0 0]]]]]"
"45","[213 0 42]","159.375","3.2616710186875633","-9.227973945012351","""circle""","""""","9.9","{breed citizens}","false","0.5","1","""up""",,"[[""ID"" 25] [""alpha"" 1] [""beta"" 1] [""malleable"" [""A""]] [""prior"" []] [""cont_tokens"" []] [""A"" 1]]","[[0 [0 1 2 3 4 5 9 10 11 12 13 14]] [1 [15 17 18 19 20 21 22 24 25 26 28 29]] [2 [30 31 32 33 34 35 36 37 38 39 40 41 42 43 44]] [3 [45 46 47 48 49 50 51 52 53 54 55 56 57 58 59]] [4 [60 66 67 68 70 71 72 73 74]] [5 [75 76 77 78 79 80 81 82 83 84 85 86 87 88 89]] [6 [90 91 92 93 94 95 96 97 98 101 102 103]] [7 [105 106 107 108 109 110 111 112 114 115 116 117 119]] [8 [120 121 122 123 124 125 126 127 128 129 130 131 132 133 134]] [9 [135 136 137 138 139 140 141 142 143 144 145 146 147 148 149]] [10 [150 151 152 153 154 155 156 157 158 159 160 161 163]] [11 [165 166 167 168 169 170 171 172 173 174 175 176 177 178 179]] [12 [180 181 182 183 184 185 186 187 188 189 190 191 192 193 194]] [13 [195 196 197 198 199 200 201 202 203 204 205 206 207 208 209]] [14 [210 211 212 213 214 215 216 217 218 219 220 221 222 224]] [15 [226 228 229 230 235 237]] [16 [241 242 243 244 245 246 247 248 249 250 251 252 253 254]] [17 [255 256 257 258 259 261 265 266 267 268 269]] [18 [270 271 272 273 274 275 276 277 278 279 280 281 282 283 284]] [19 [285 286 288 289 290 291 292 295 297 298 299]] [20 [300 301 302 303 304 305 306 307 308 309 310 311 312 313 314]] [21 [315 316 317 318 319 320 321 322 323 324 325 326 327 328 329]] [22 [330 331 332 333 334 335 336 337 338 339 340 341 342 343 344]] [23 [347 349 350 352 354 355 357]] [24 [360 362 363 365 371 372]] [25 [375 376 377 378 379 380 382 383 385 386 387 388 389]] [26 [390 391 392 393 394 395 396 397 398 400 401 402 403 404]] [27 [405 406 407 408 409 411 412 413 414 415 416 417 418 419]] [28 [420 421 422 423 424 425 426 427 428 429 430 431 432 433 434]] [29 [435 436 437 438 439 440 441 442 443 444 445 446 447 448 449]] [30 [450 451 452 453 454 455 456 457 458 459 460 462 463 464]] [31 [465 466 467 468 469 470 471 472 473 474 475 476 477 478 479]] [32 [480 483 484 485 488 489 491 492 493 494]] [33 [495 496 497 498 499 500 501 502 503 504 505 506 507 508 509]] [34 [510 511 512 513 514 515 517 519 520 521 522 523 524]] [35 [525 526 530 535 536 537 538 539]] [36 [540 541 542 543 545 546 547 548 549 550 551 552 553 554]] [37 [556 557 558 559 560 561 562 563 564 565 566 567 568 569]] [38 [570 571 572 573 574 575 576 577 578 579 580 581 582 583 584]] [39 [585 587 592 593 594 596 599]] [40 [600 601 602 603 604 605 606 608 609 610 611 612]] [41 [616 617 621 623 625 626]] [42 [630 631 632 634 639 640 641]] [43 [647 649 651 652 653 657]] [44 [663 665 666 669 670 673]] [45 [675 676 677 678 679 680 681 682 683 684 685 686 687 688 689]] [46 [690 691 693 694 695 696 697 698 699 700 701 702 703 704]] [47 [705 708 710 711 712 713 714 715 716 718 719]] [48 [721 722 723 724 725 726 727 728 729 730 731 732 733 734]] [49 [735 736 737 738 739 740 741 742 743 744 745 746 748 749]] [50 [750 751 752 753 754 755 756 757 758 759 760 762 764]] [51 [765 767 768 769 770 771 772 773 774 775 776 777 779]] [52 [780 782 783 785 786 789 792]] [53 [795 796 798 799 803 804 806 807]] [54 [810 811 812 813 814 815 817 818 819 820 821 822 823 824]] [55 [828 829 830 831 832 833 834 835 836 837 838 839]] [56 [840 841 842 843 844 845 846 847 848 849 850 851 852 853 854]] [57 [855 857 858 859 863 865 866 867 869]] [58 [870 871 872 873 874 875 876 877 878 879 880 881 882 883 884]] [59 [885 886 888 889 890 891 892 893 894 895 896 899]] [60 [900 901 902 903 904 905 906 907 908 909 910 911 912 913 914]] [61 [915 916 917 918 919 920 921 922 923 924 925 926 927 928 929]] [62 [931 932 933 934 935 937 938 939 941 942 943 944]] [63 [945 946 947 948 951 952 954 955 956 957 959]] [64 [960 962 963 964 965 969 970 972 973]] [65 [977 978 979 980 981 982 983 984 985 986 987 988 989]] [66 [990 991 992 993 994 995 996 997 998 999 1000 1001 1002 1003 1004]] [67 [1005 1006 1007 1008 1009 1010 1011 1012 1013 1014 1015 1016 1017 1018 1019]] [68 [1020 1021 1023 1025 1028 1030 1031]] [69 [1035 1037 1038 1039 1040 1041 1042 1043 1044 1045 1046 1047 1049]] [70 [1050 1051 1052 1053 1054 1055 1056 1057 1058 1059 1060 1061 1062 1063 1064]] [71 [1065 1066 1067 1068 1069 1070 1071 1072 1073 1074 1075 1076 1077 1078 1079]] [72 [1081 1082 1084 1088 1089 1094]] [73 [1096 1098 1103 1105 1107 1108 1109]] [74 [1110 1111 1112 1113 1114 1115 1116 1117 1119 1120 1121 1122 1123 1124]] [75 [1125 1126 1127 1128 1129 1130 1131 1132 1133 1134 1135 1136 1137 1138 1139]] [76 [1141 1142 1147 1148 1150 1153]] [77 [1155 1157 1158 1159 1160 1161 1162 1163 1164 1165 1166 1167 1168 1169]] [78 [1170 1171 1172 1173 1174 1175 1176 1177 1178 1179 1180 1181 1182 1183 1184]] [79 [1185 1186 1187 1188 1189 1190 1191 1192 1193 1194 1195 1196 1197 1198 1199]] [80 [1200 1201 1202 1203 1204 1205 1206 1207 1208 1209 1210 1211 1212 1213 1214]] [81 [1215 1216 1217 1218 1219 1220 1221 1222 1223 1224 1225 1226 1227 1228 1229]] [82 [1230 1231 1232 1233 1235 1236 1237 1238 1239 1240 1241 1242 1243 1244]] [83 [1245 1246 1247 1248 1249 1250 1251 1252 1253 1254 1256 1257 1258 1259]] [84 [1260 1261 1262 1263 1265 1267 1269 1270 1271]] [85 [1275 1276 1277 1279 1280 1281 1282 1283 1284 1286 1287]] [86 [1290 1291 1292 1293 1295 1296 1298 1299 1300 1301 1302 1303 1304]] [87 [1305 1306 1307 1308 1309 1310 1311 1312 1313 1314 1315 1316 1317 1318 1319]] [88 [1320 1321 1322 1323 1324 1325 1326 1327 1328 1329 1330 1331 1332 1333 1334]] [89 [1335 1336 1337 1338 1339 1340 1341 1342 1343 1344 1345 1346 1347 1348 1349]] [90 [1350 1351 1352 1353 1354 1355 1356 1357 1358 1359 1360 1361 1362 1363 1364]] [91 [1365 1366 1367 1368 1369 1370 1371 1372 1373 1374 1375 1376 1377 1378 1379]] [92 [1380 1381 1382 1383 1384 1385 1386 1387 1388 1389 1390 1391 1392 1393 1394]] [93 [1397 1399 1400 1401 1402 1404 1405 1406 1407 1408]] [94 [1410 1411 1412 1414 1415 1416 1417 1418 1419 1420 1421 1422 1423 1424]] [95 [1425 1426 1427 1428 1429 1430 1431 1432 1433 1434 1435 1436 1437 1438 1439]] [96 [1440 1441 1442 1443 1444 1445 1446 1447 1448 1449 1450 1451 1452 1453 1454]] [97 [1455 1456 1457 1458 1459 1460 1461 1462 1463 1464 1465 1466 1467 1468 1469]] [98 [1470 1471 1472 1473 1474 1475 1476 1479 1480 1481 1482 1483 1484]] [99 [1485 1486 1487 1488 1489 1490 1491 1492 1493 1494 1495 1496 1497 1498 1499]]]","[[0 [0 4 5 9 14]] [1 [15 18 20 22 25 26 29]] [2 [32 33 34 38 40 42 43]] [3 [45 46 47 50 52 53 58]] [4 [60 67 68 70 72 74]] [5 [75 76 77 78 81 83 87 88 89]] [6 [90 92 94 95 98 101 103]] [7 [106 109 110 111 112 116 117 119]] [8 [121 125 126 127 128 130 133 134]] [9 [136 138 141 142 144 146 147 149]] [10 [150 151 152 153 154 155 156 157 158 159 160]] [11 [165 168 169 170 171 174 175 176]] [12 [181 182 183 185 188 189 190 191 193]] [13 [195 197 200 201 206 207 209]] [14 [210 211 212 213 214 215 219 220 222]] [15 [226 228 230 237]] [16 [242 246 251 252]] [17 [255 256 257 268]] [18 [270 273 275 279 280 281 282 283]] [19 [285 286 288 289 290 291 292 295 297 298]] [20 [300 301 302 303 309 310 311 312 314]] [21 [315 316 317 318 320 322 323 324 328]] [22 [331 333 334 335 338 339 342]] [23 [347 349 350 352 354 355]] [24 [360 362 363 365 371 372]] [25 [378 380 382 383 385 386 387 388]] [26 [390 391 393 398 401 402]] [27 [405 406 407 408 409 412 417 418]] [28 [420 421 422 424 425 427 431 432 434]] [29 [435 437 439 440 441 442 444 445 447 448]] [30 [450 453 458 459 460 463 464]] [31 [466 467 468 470 471 472 475 476 477 478]] [32 [480 485 488 489 491 492 493]] [33 [496 498 499 503 504 505 507]] [34 [512 513 514 517 520 521]] [35 [526 535 536 539]] [36 [540 541 546 547 548 554]] [37 [557 559 562 565 566 567 568]] [38 [570 572 574 575 576 577 578 579 580 581 582]] [39 [585 587 592 594 596 599]] [40 [600 605 606]] [41 [616 617 621 623 625 626]] [42 [630 631 632 634 639 640 641]] [43 [647 649 651 652 653 657]] [44 [663 665 666 669 670 673]] [45 [675 677 678 681 683 684 685 686 689]] [46 [691 694 703]] [47 [705 708 710 715 718 719]] [48 [721 727 729 731 732 733]] [49 [735 736 741 743 746 748 749]] [50 [753 754 755 757 758 759 760 762 764]] [51 [765 769 773 775 776]] [52 [780 783 786 789]] [53 [798 799 806 807]] [54 [811 817 819 820 821 823]] [55 [828 829 830 831 833 834 835 838 839]] [56 [840 841 844 845 847 848 850 852 854]] [57 [857 858 859 863 865 866 867 869]] [58 [873 876 877 878 880 881 882 883]] [59 [885 886 888 889 890 892 895]] [60 [902 903 905 910 912]] [61 [915 920 925 927 928]] [62 [933 934 939 941 942]] [63 [945 946 948 952 956 957 959]] [64 [960 962 963 964 965 969 970 972 973]] [65 [977 979 980 987 989]] [66 [990 992 994 995 1001 1003 1004]] [67 [1011 1014 1015 1017 1018]] [68 [1023 1025 1028 1030]] [69 [1037 1039 1040 1041 1042 1043 1045 1046 1049]] [70 [1050 1052 1053 1054 1057 1060 1062 1063]] [71 [1065 1066 1067 1068 1070 1073 1074 1076 1079]] [72 [1082 1084 1088 1089 1094]] [73 [1096 1098 1103 1109]] [74 [1110 1112 1116 1117 1120 1124]] [75 [1126 1128 1129 1130 1131 1133 1134 1136 1138]] [76 [1141 1142 1147 1148 1150 1153]] [77 [1155 1157 1158 1160 1165 1166 1167 1168 1169]] [78 [1172 1174 1175 1176 1177 1178 1180 1183]] [79 [1185 1186 1188 1189 1190 1192 1196 1198]] [80 [1201 1202 1203 1212 1214]] [81 [1217 1219 1221 1222 1224 1225 1226 1227 1228 1229]] [82 [1231 1232 1233 1236 1237 1238 1242 1243]] [83 [1246 1248 1249 1250 1251 1252 1254 1256 1257 1259]] [84 [1260 1262 1265 1267 1269 1270 1271]] [85 [1275 1276 1277 1279 1280 1282 1283 1287]] [86 [1290 1292 1293 1295 1296 1299 1301 1302 1304]] [87 [1306 1309 1310 1311 1312 1313 1315 1316 1318]] [88 [1323 1324 1326 1328]] [89 [1335 1338 1339 1340 1344 1346 1347]] [90 [1350 1352 1353 1357 1360 1362 1363 1364]] [91 [1365 1366 1368 1369 1370 1371 1373 1377]] [92 [1380 1381 1382 1383 1384 1385 1386 1387 1388 1389 1391 1392 1393]] [93 [1399 1400 1401 1402 1404 1405 1408]] [94 [1410 1411 1414 1415 1417 1418 1421 1423 1424]] [95 [1425 1426 1428 1429 1432 1433 1434 1435 1436 1438 1439]] [96 [1444 1446 1449 1450 1454]] [97 [1456 1460 1461 1463 1464 1467 1468]] [98 [1470 1473 1474 1476 1480 1481 1482 1483]] [99 [1486 1487 1490 1492 1493 1494 1498 1499]]]",,"[[{media 50} [[""A"" [4 4 4 4 4 4 4 4 4 4]]]] [{media 53} [[""A"" [6 6 6 6 6 6 6 6 6 6]]]] [{media 54} [[""A"" [2 2 2 2 2 2 2 2 2 2]]]] [{media 55} [[""A"" [1 1 1 1 1 1 1 1 1 1]]]] [{media 56} [[""A"" [5 5 5 5 5 5 5 5 5 5]]]] [{media 57} [[""A"" [2 2 2 2 2 2 2 2 2 2]]]] [{media 58} [[""A"" [5 5 5 5 5 5 5 5 5 5]]]] [{media 60} [[""A"" [1 1 1 1 1 1 1 1 1 1]]]] [{media 62} [[""A"" [3 3 3 3 3 3 3 3 3 3]]]] [{media 63} [[""A"" [1 1 1 1 1 1 1 1 1 1]]]] [{media 64} [[""A"" [4 4 4 4 4 4 4 4 4 4]]]] [{citizen 7} [[""A"" [1 2 2 1 1 3 5 4 6 4]]]] [{citizen 16} [[""A"" [1 3 2 1 0 2 2 2 3 2]]]] [{citizen 17} [[""A"" [2 3 4 4 4 2 5 4 2 1]]]] [{citizen 18} [[""A"" [1 1 2 1 2 1 2 2 2 1]]]] [{citizen 4} [[""A"" [3 2 2 1 1 3 4 2 1 4]]]] [{citizen 5} [[""A"" [1 2 2 4 4 2 0 2 2 2]]]] [{media 61} [[""A"" [6 6 6 6 6 6 6 6 6 6]]]] [{citizen 21} [[""A"" [1 2 1 1 0 2 2 2 3 2]]]] [{citizen 9} [[""A"" [1 1 1 4 4 5 1 2 2 2]]]] [{citizen 13} [[""A"" [4 4 3 1 2 2 4 0 2 6]]]] [{citizen 12} [[""A"" [5 3 2 1 1 3 0 3 2 1]]]] [{citizen 26} [[""A"" [2 1 1 3 4 4 1 2 4 6]]]] [{citizen 41} [[""A"" [2 1 1 3 4 4 2 2 4 6]]]] [{citizen 22} [[""A"" [2 4 5 6 4 2 2 1 3 2]]]] [{citizen 33} [[""A"" [1 2 3 4 2 2 2 0 2 2]]]] [{citizen 25} [[""A"" [1 2 1 3 5 5 2 2 3 1]]]] [{citizen 44} [[""A"" [2 3 2 1 1 2 6 6 5 4]]]] [{citizen 0} [[""A"" [2 2 2 1 2 1 0 2 2 3]]]] [{citizen 40} [[""A"" [2 4 4 3 2 1 0 2 2 1]]]] [{citizen 11} [[""A"" [3 1 1 1 3 3 1 1 6 5]]]] [{citizen 37} [[""A"" [1 2 2 0 1 0 3 5 6 5]]]] [{citizen 8} [[""A"" [2 1 0 1 2 1 0 2 2 2]]]] [{citizen 28} [[""A"" [2 4 6 5 4 5 5 5 4 6]]]] [{citizen 6} [[""A"" [1 5 0 2 1 0 2 2 2 1]]]] [{citizen 36} [[""A"" [1 1 3 4 2 1 2 2 2 1]]]] [{citizen 46} [[""A"" [2 1 1 1 3 4 4 3 4 1]]]] [{citizen 38} [[""A"" [2 3 2 4 2 1 2 4 5 6]]]] [{citizen 24} [[""A"" [2 2 1 1 2 4 4 3 5 2]]]] [{citizen 31} [[""A"" [5 2 2 1 1 2 1 1 3 5]]]] [{citizen 15} [[""A"" [2 4 1 2 0 4 0 2 2 2]]]] [{citizen 39} [[""A"" [5 5 2 2 2 2 4 0 2 2]]]] [{citizen 35} [[""A"" [1 3 2 2 2 6 6 2 2 4]]]] [{media 59} [[""A"" [2 2 2 2 2 2 2 2 2 2]]]] [{citizen 34} [[""A"" [1 2 2 2 0 2 4 3 5 4]]]] [{media 51} [[""A"" [2 2 2 2 2 2 2 2 2 2]]]] [{citizen 23} [[""A"" [1 1 3 4 6 0 1 4 3 5]]]] [{citizen 10} [[""A"" [0 1 0 2 1 2 1 0 2 1]]]] [{citizen 1} [[""A"" [4 2 2 4 2 3 1 5 6 5]]]] [{citizen 20} [[""A"" [2 1 1 1 3 4 2 1 4 6]]]] [{citizen 48} [[""A"" [3 2 1 3 4 1 1 2 4 5]]]] [{citizen 3} [[""A"" [2 1 1 3 2 4 5 3 2 1]]]] [{citizen 42} [[""A"" [2 3 2 2 4 6 4 5 2 1]]]] [{citizen 19} [[""A"" [2 2 2 4 6 4 5 5 4 6]]]] [{citizen 49} [[""A"" [1 1 2 2 1 0 2 2 3 2]]]] [{citizen 29} [[""A"" [3 1 4 2 2 1 1 4 3 5]]]] [{citizen 30} [[""A"" [3 4 4 4 1 2 4 3 5 2]]]] [{citizen 47} [[""A"" [2 2 1 1 0 1 3 5 4 6]]]] [{citizen 2} [[""A"" [1 1 3 1 3 2 2 6 4 5]]]] [{citizen 32} [[""A"" [5 2 1 2 3 4 4 4 5 3]]]] [{media 52} [[""A"" [0 0 0 0 0 0 0 0 0 0]]]] [{citizen 14} [[""A"" [1 0 1 3 2 1 1 0 2 1]]]] [{citizen 27} [[""A"" [1 3 4 0 2 2 1 0 2 2]]]] [{citizen 43} [[""A"" [1 2 2 1 1 3 4 4 6 5]]]]]"
"46","[213 0 42]","356.25","0.3938156777763585","5.089515293708272","""circle""","""""","9.9","{breed citizens}","false","0.5","1","""up""",,"[[""ID"" 0] [""alpha"" 1] [""beta"" 1] [""malleable"" [""A""]] [""prior"" []] [""cont_tokens"" []] [""A"" 1]]","[[0 [0 1 2 3 4 5 9 10 11 12 13 14]] [1 [15 17 18 19 20 21 22 23 24 25 26 27 28 29]] [2 [30 31 32 33 34 35 36 37 38 39 40 41 42 43 44]] [3 [45 46 47 48 49 50 51 52 53 54 55 56 57 58 59]] [4 [60 66 67 68 70 71 72 73 74]] [5 [75 76 77 78 79 80 81 82 83 84 85 86 87 88 89]] [6 [90 92 93 94 95 96 97 98 101 102 103]] [7 [105 106 107 108 109 110 111 112 115 116 117 119]] [8 [120 121 122 123 124 125 126 127 128 129 130 131 132 133 134]] [9 [135 136 137 138 139 140 141 142 143 144 145 146 147 148 149]] [10 [150 151 152 153 154 155 156 157 158 159 160 161 163]] [11 [165 166 167 168 169 170 171 172 173 174 175 176 177 178 179]] [12 [181 182 183 185 186 187 188 189 190 191 192 193 194]] [13 [195 196 197 198 199 200 201 202 203 204 205 206 207 208 209]] [14 [210 211 212 213 214 215 216 217 218 219 220 221 222 224]] [15 [225 226 227 228 229 230 231 232 234 235 236 237 238 239]] [16 [240 241 242 243 244 245 246 247 248 249 250 251 252 253 254]] [17 [255 256 257 258 259 260 261 262 264 265 266 267 268 269]] [18 [270 271 273 274 275 276 277 278 279 281 282 283 284]] [19 [285 286 287 288 289 290 291 292 293 294 295 296 297 298 299]] [20 [300 301 302 303 304 305 306 307 308 309 310 311 312 313 314]] [21 [315 316 317 318 319 320 321 322 323 324 325 326 328 329]] [22 [330 331 332 333 334 335 336 337 338 339 340 341 342 343 344]] [23 [345 346 347 348 349 350 351 352 354 355 357]] [24 [361 364 366 367 368 369 370 371 372 373 374]] [25 [375 376 377 378 379 380 381 382 383 384 385 386 387 388 389]] [26 [390 391 392 393 394 395 396 397 398 400 401 402 403 404]] [27 [405 406 407 408 409 411 412 413 414 415 416 417 418 419]] [28 [420 421 422 424 425 427 430 431 432 434]] [29 [435 436 437 438 439 440 441 442 443 444 445 446 447 448 449]] [30 [451 452 453 454 455 456 457 458 459 460 461 462]] [31 [465 469 471 472 474 475 476 477 478 479]] [32 [480 481 482 483 484 485 486 487 488 489 490 491 492 493 494]] [33 [495 496 497 498 499 500 501 502 503 504 505 506 507 508 509]] [34 [513 514 515 517 519 520 521 522 523 524]] [35 [526 530 535 536 537 538 539]] [36 [540 541 542 543 544 545 546 547 548 549 550 551 552 553 554]] [37 [555 556 557 558 559 560 561 562 563 564 565 566 567 568 569]] [38 [570 571 572 574 575 576 577 578 579 580 581 582 583 584]] [39 [585 586 587 588 589 590 591 592 593 594 595 596 597 598 599]] [40 [600 601 602 603 604 605 606 607 608 609 610 611 612 613 614]] [41 [615 616 617 618 619 620 621 622 623 624 625 626 627 628 629]] [42 [630 631 632 633 634 635 636 637 638 639 640 641 642 643 644]] [43 [645 646 647 648 650 651 652 653 654 655 656 658 659]] [44 [660 661 662 664 665 666 667 668 669 670 671 672 673 674]] [45 [675 676 677 678 679 680 681 682 683 684 685 686 687 688 689]] [46 [690 691 693 694 695 696 697 698 699 700 701 702 703 704]] [47 [705 708 709 710 711 712 713 714 715 716 717 718 719]] [48 [720 721 722 723 724 725 726 727 728 729 730 731 732 733 734]] [49 [735 736 737 738 739 740 741 742 743 744 745 746 748 749]] [50 [750 751 752 753 754 755 756 757 758 759 760 762 764]] [51 [765 766 767 768 769 770 771 772 773 774 775 776 777 779]] [52 [780 782 783 785 786 787 788 789 790 791 792 793 794]] [53 [795 796 797 798 799 800 801 802 803 804 806 807 808 809]] [54 [811 817 819 820 821 823]] [55 [828 829 830 831 832 833 834 835 836 837 838 839]] [56 [840 841 842 843 844 845 846 847 848 849 850 851 852 853 854]] [57 [855 856 857 858 859 860 861 862 863 864 865 866 867 868 869]] [58 [870 871 872 873 874 875 876 877 878 879 880 881 882 883 884]] [59 [885 886 887 888 889 890 891 892 893 894 895 896 899]] [60 [900 901 902 903 904 905 906 907 908 909 910 911 912 913 914]] [61 [915 916 917 918 919 920 921 922 923 924 926 928 929]] [62 [930 931 932 935 936 937 938 939 940 941 942]] [63 [945 946 947 948 951 952 954 955 956 957 959]] [64 [960 962 963 964 965 969 970 972 973]] [65 [977 978 979 980 981 982 983 984 985 986 987 988 989]] [66 [990 992 993 994 995 996 997 998 999 1000 1001 1002 1003 1004]] [67 [1005 1006 1007 1008 1009 1010 1011 1012 1013 1014 1015 1016 1017 1018 1019]] [68 [1020 1021 1022 1023 1024 1025 1026 1027 1028 1029 1030 1031 1032 1033 1034]] [69 [1035 1036 1037 1038 1039 1040 1041 1042 1043 1044 1045 1046 1047 1049]] [70 [1050 1051 1052 1053 1054 1055 1056 1057 1058 1059 1060 1061 1062 1063 1064]] [71 [1065 1066 1067 1068 1069 1070 1071 1072 1073 1074 1075 1076 1077 1078 1079]] [72 [1080 1081 1082 1083 1084 1085 1086 1087 1088 1089 1090 1091 1092 1093 1094]] [73 [1095 1097 1099 1100 1101 1102 1104 1106]] [74 [1110 1111 1112 1113 1114 1115 1116 1117 1118 1119 1120 1121 1122 1123 1124]] [75 [1125 1126 1127 1128 1129 1130 1131 1132 1133 1134 1135 1136 1137 1138 1139]] [76 [1140 1141 1142 1143 1144 1145 1147 1148 1150 1151 1152 1153]] [77 [1155 1156 1157 1158 1159 1160 1161 1162 1163 1164 1165 1166 1167 1168 1169]] [78 [1170 1171 1172 1173 1174 1175 1176 1177 1178 1179 1180 1181 1182 1183 1184]] [79 [1185 1186 1188 1189 1190 1191 1192 1193 1194 1195 1196 1197 1198 1199]] [80 [1200 1201 1202 1203 1204 1205 1206 1207 1208 1209 1210 1211 1212 1213 1214]] [81 [1215 1216 1217 1218 1219 1220 1221 1222 1223 1224 1225 1226 1227 1228 1229]] [82 [1230 1234 1235 1239 1240 1241]] [83 [1245 1246 1247 1248 1249 1250 1251 1252 1253 1254 1255 1256 1257 1258 1259]] [84 [1260 1261 1262 1263 1265 1267 1269 1270 1271]] [85 [1275 1276 1277 1279 1280 1281 1282 1283 1284 1286 1287]] [86 [1290 1291 1292 1293 1295 1296 1298 1299 1300 1301 1302 1303 1304]] [87 [1306 1309 1310 1311 1312 1313 1315 1316 1318 1319]] [88 [1320 1321 1322 1323 1324 1325 1326 1327 1328 1329 1330 1331 1332 1333 1334]] [89 [1335 1336 1337 1338 1339 1340 1341 1342 1343 1344 1345 1346 1347 1348 1349]] [90 [1350 1351 1352 1353 1354 1355 1356 1357 1358 1359 1360 1361 1362 1363 1364]] [91 [1365 1366 1367 1368 1369 1370 1371 1372 1373 1374 1375 1376 1377 1378 1379]] [92 [1380 1381 1382 1383 1384 1385 1386 1387 1388 1389 1390 1391 1392 1393 1394]] [93 [1395 1396 1397 1398 1399 1400 1401 1402 1403 1404 1405 1406 1407 1408]] [94 [1410 1411 1412 1414 1415 1416 1417 1418 1419 1420 1421 1422 1423 1424]] [95 [1425 1426 1427 1428 1429 1430 1431 1432 1433 1434 1435 1436 1437 1438 1439]] [96 [1440 1441 1442 1443 1444 1445 1446 1447 1448 1449 1450 1451 1452 1453 1454]] [97 [1455 1456 1457 1458 1459 1460 1461 1462 1463 1464 1465 1466 1467 1468 1469]] [98 [1470 1472 1473 1474 1475 1476 1477 1478 1479 1480 1481 1482 1483 1484]] [99 [1485 1486 1487 1488 1489 1490 1491 1492 1493 1494 1495 1496 1497 1498 1499]]]","[[0 [2 3 5 9 14]] [1 [15 17 19 21 23 24 25 27 28 29]] [2 [32 33 34 35 37 39 41 43]] [3 [46 48 49 51 52 53 58]] [4 [60 67 68 70 72 74]] [5 [75 76 77 78 81 83 88 89]] [6 [90 92 93 95 98 101 103]] [7 [106 107 108 111 112 116 117 119]] [8 [121 125 126 127 128 130 131 133 134]] [9 [136 138 141 142 144 147 149]] [10 [150 151 152 153 154 155 156 158 159 160]] [11 [166 167 168 169 170 171 174 175 176]] [12 [181 182 183 185 188 189 190 191 193]] [13 [195 197 200 202 203 204 205 208 209]] [14 [210 211 212 214 215 217 219 220 222]] [15 [226 228 229 230 235 237 239]] [16 [240 241 243 244 245 248 249 250 251 252]] [17 [255 256 257 265 266 267 268 269]] [18 [270 273 275 279 282]] [19 [285 286 288 289 290 291 292 295 297 298]] [20 [300 301 302 303 310 311 312 314]] [21 [315 319 320 322 323 324 328]] [22 [331 333 334 335 339 342]] [23 [345 346 348]] [24 [361 364 366 367 368 369 370 373 374]] [25 [375 376 377 379 381 384 386 387 388]] [26 [390 391 393 398 401 402]] [27 [405 406 408 409 412 414 415 417 418]] [28 [420 421 422 425 427 432 434]] [29 [435 437 439 440 441 442 443 444 445 446 449]] [30 [452 454 455 456 457 462]] [31 [465 469 471 472 475 476 477 478]] [32 [480 483 484 485 488 489 491 492 493]] [33 [498 499 503 504 505 506 507]] [34 [513 514 517 520 521]] [35 [526 530 535 536 537 538 539]] [36 [540 543 545 549 550 551 553]] [37 [555 556 557 559 562 565 567 569]] [38 [570 571 572 574 576 577 578 579 580 581 582]] [39 [585 587 592 596 599]] [40 [604 605 606 608 612]] [41 [616 617 623 625 626]] [42 [630 631 632 634 635 636 637 642 643 644]] [43 [645 646 648 650 654 655 658 659]] [44 [660 661 662 664 665 670 673]] [45 [676 679 682 687]] [46 [690 691 694 703 704]] [47 [705 708 710 715]] [48 [721 727 729 731 732 733]] [49 [735 740 742 744]] [50 [751 752 753 754 755 757 758 759 760 762]] [51 [765 769 773 775 776]] [52 [780 782 783 785 786 789 792]] [53 [796 798 799 806 807]] [54 [811 817 819 820 821 823]] [55 [828 832 833 834 835 838 839]] [56 [840 841 844 845 847 848 850 852 854]] [57 [855 857 858 859 863 865 866 867 869]] [58 [870 871 874 875 878 880 881 882 884]] [59 [885 886 888 889 890 892 895 896 899]] [60 [900 906 907 908 911 913 914]] [61 [916 917 919 921 922 923 924 929]] [62 [930 931 932 935 937 939 941 942]] [63 [945 946 947 951 952 956 957 959]] [64 [960 962 963 964 965 970 972 973]] [65 [978 981 982 983 984 985 986 988]] [66 [992 996 997 998 999 1000 1003 1004]] [67 [1008 1009 1010 1012 1014 1015 1017 1018]] [68 [1021 1023 1025 1028 1031]] [69 [1035 1038 1041 1042 1043 1045 1046 1049]] [70 [1050 1052 1053 1054 1057 1060]] [71 [1066 1067 1068 1070 1073 1075 1077 1078]] [72 [1080 1081 1083 1085 1086 1087 1090 1091 1092 1093]] [73 [1095 1097 1099 1100 1101 1104 1106]] [74 [1111 1113 1114 1115 1117 1122 1123 1124]] [75 [1126 1128 1129 1130 1131 1133 1134 1136 1138]] [76 [1141 1143 1144 1145 1151 1152]] [77 [1156 1158 1159 1160 1165 1166 1167 1168 1169]] [78 [1173 1174 1175 1176 1177 1178 1180 1183]] [79 [1185 1186 1188 1189 1190 1191 1192 1196 1198]] [80 [1200 1201 1202 1203 1208 1210 1213]] [81 [1215 1216 1218 1220]] [82 [1234 1235 1239 1240 1241]] [83 [1245 1247 1249 1250 1251 1252 1254 1256 1257 1259]] [84 [1260 1261 1262 1265 1267 1269 1270 1271]] [85 [1275 1276 1277 1279 1280 1281 1282 1283 1287]] [86 [1290 1291 1292 1293 1295 1296 1299 1301 1302]] [87 [1306 1309 1310 1311 1312 1313 1315 1318]] [88 [1323 1324 1333 1334]] [89 [1336 1337 1339 1340 1342 1344 1346 1347]] [90 [1350 1352 1356 1358 1359 1361]] [91 [1367 1370 1371 1372 1373 1377]] [92 [1380 1381 1383 1384 1388 1389 1391 1392 1393]] [93 [1397 1399 1400 1401 1402 1404 1405 1407 1408]] [94 [1410 1411 1414 1415 1417 1418 1421 1422 1423]] [95 [1426 1429 1432 1433 1434 1435 1436 1439]] [96 [1444 1445 1446 1449 1450 1454]] [97 [1455 1462 1465 1466 1469]] [98 [1472 1475 1476 1479 1484]] [99 [1485 1488 1489 1490 1492 1493 1494 1497 1498 1499]]]",,"[[{media 50} [[""A"" [4 4 4 4 4 4 4 4 4 4]]]] [{media 53} [[""A"" [6 6 6 6 6 6 6 6 6 6]]]] [{media 54} [[""A"" [2 2 2 2 2 2 2 2 2 2]]]] [{media 55} [[""A"" [1 1 1 1 1 1 1 1 1 1]]]] [{media 56} [[""A"" [5 5 5 5 5 5 5 5 5 5]]]] [{media 57} [[""A"" [2 2 2 2 2 2 2 2 2 2]]]] [{media 58} [[""A"" [5 5 5 5 5 5 5 5 5 5]]]] [{media 60} [[""A"" [1 1 1 1 1 1 1 1 1 1]]]] [{media 62} [[""A"" [3 3 3 3 3 3 3 3 3 3]]]] [{media 63} [[""A"" [1 1 1 1 1 1 1 1 1 1]]]] [{media 64} [[""A"" [4 4 4 4 4 4 4 4 4 4]]]] [{citizen 0} [[""A"" [4 5 2 2 2 1 2 2 2 2]]]] [{citizen 4} [[""A"" [1 1 4 3 2 2 1 1 2 6]]]] [{citizen 19} [[""A"" [2 2 2 4 6 5 4 5 5 6]]]] [{citizen 38} [[""A"" [1 2 2 3 1 2 3 4 5 6]]]] [{media 61} [[""A"" [6 6 6 6 6 6 6 6 6 6]]]] [{citizen 9} [[""A"" [1 1 1 2 5 1 2 2 1 2]]]] [{citizen 10} [[""A"" [2 3 1 0 1 1 2 1 1 2]]]] [{citizen 36} [[""A"" [2 6 5 0 2 2 2 1 2 1]]]] [{citizen 26} [[""A"" [1 4 2 1 3 1 0 2 4 6]]]] [{citizen 41} [[""A"" [6 2 2 3 2 2 4 6 6 5]]]] [{citizen 22} [[""A"" [4 1 1 2 1 4 6 4 2 2]]]] [{citizen 21} [[""A"" [2 2 2 1 0 2 2 2 1 2]]]] [{citizen 17} [[""A"" [4 4 5 4 2 5 4 2 1 2]]]] [{citizen 33} [[""A"" [2 2 4 2 2 0 2 2 1 2]]]] [{citizen 25} [[""A"" [1 1 1 3 5 5 2 2 1 3]]]] [{citizen 44} [[""A"" [2 3 1 1 1 2 4 6 5 5]]]] [{citizen 40} [[""A"" [4 4 4 3 6 6 3 2 2 1]]]] [{citizen 11} [[""A"" [2 3 1 1 2 4 5 6 5 4]]]] [{citizen 37} [[""A"" [0 1 1 2 0 1 0 1 5 5]]]] [{citizen 8} [[""A"" [0 1 2 2 1 1 2 2 1 2]]]] [{citizen 28} [[""A"" [4 6 5 4 5 5 4 5 4 6]]]] [{citizen 6} [[""A"" [2 2 2 1 1 0 2 2 1 2]]]] [{media 59} [[""A"" [2 2 2 2 2 2 2 2 2 2]]]] [{citizen 34} [[""A"" [2 3 2 2 1 0 1 3 5 4]]]] [{citizen 24} [[""A"" [2 2 2 2 1 1 3 2 1 2]]]] [{citizen 13} [[""A"" [2 0 2 2 4 1 2 2 1 6]]]] [{citizen 45} [[""A"" [2 4 5 5 1 1 2 2 1 1]]]] [{citizen 12} [[""A"" [1 1 2 6 5 1 0 1 3 2]]]] [{citizen 39} [[""A"" [5 2 2 5 4 6 5 1 0 2]]]] [{citizen 7} [[""A"" [2 1 2 2 2 1 1 3 6 4]]]] [{media 51} [[""A"" [2 2 2 2 2 2 2 2 2 2]]]] [{citizen 35} [[""A"" [2 3 4 5 6 5 2 2 2 4]]]] [{citizen 18} [[""A"" [2 5 5 1 1 1 1 2 1 2]]]] [{citizen 48} [[""A"" [1 4 2 2 1 1 2 2 4 5]]]] [{citizen 20} [[""A"" [4 2 3 2 4 2 1 2 6 5]]]] [{citizen 16} [[""A"" [1 3 2 2 2 1 0 2 2 2]]]] [{citizen 43} [[""A"" [2 2 2 1 1 2 3 6 5 5]]]] [{citizen 32} [[""A"" [4 5 5 5 2 1 2 3 5 3]]]] [{citizen 23} [[""A"" [6 5 1 3 6 0 1 3 5 5]]]] [{citizen 1} [[""A"" [2 1 2 2 3 1 2 5 6 5]]]] [{citizen 3} [[""A"" [4 2 1 2 4 5 4 3 2 1]]]] [{media 52} [[""A"" [0 0 0 0 0 0 0 0 0 0]]]] [{citizen 42} [[""A"" [2 2 2 4 6 5 4 5 2 1]]]] [{citizen 30} [[""A"" [2 3 2 4 1 2 2 3 5 2]]]] [{citizen 5} [[""A"" [3 1 2 2 2 4 0 2 2 2]]]] [{citizen 2} [[""A"" [2 3 2 2 2 4 6 5 4 5]]]] [{citizen 49} [[""A"" [1 1 1 1 2 2 0 2 1 2]]]] [{citizen 29} [[""A"" [0 4 2 2 3 1 1 3 5 5]]]] [{citizen 15} [[""A"" [2 0 2 4 5 4 1 0 2 2]]]] [{citizen 47} [[""A"" [2 2 1 1 0 1 1 5 5 6]]]] [{citizen 31} [[""A"" [5 2 2 1 2 1 2 0 3 5]]]] [{citizen 27} [[""A"" [1 2 4 0 1 2 2 1 1 2]]]] [{citizen 14} [[""A"" [1 0 1 1 3 2 2 2 1 1]]]]]"
"47","[0 0 255]","168.125","1.9648086147057175","-10.082674727270144","""circle""","""""","9.9","{breed citizens}","false","0.5","1","""up""",,"[[""ID"" 33] [""alpha"" 1] [""beta"" 1] [""malleable"" [""A""]] [""prior"" []] [""cont_tokens"" []] [""A"" 6]]","[[0 [0 1 2 3 4 5 6 8 9 10 11 12 13 14]] [1 [15 17 18 19 20 21 22 24 25 26 27 28 29]] [2 [30 31 32 33 34 35 36 37 38 39 40 41 42 43 44]] [3 [45 46 47 48 49 50 51 52 53 54 55 56 57 58 59]] [4 [60 66 67 68 70 71 72 73 74]] [5 [75 76 77 78 79 80 81 82 83 84 85 86 87 88 89]] [6 [90 91 92 93 94 95 96 97 98 99 100 101 102 103 104]] [7 [105 106 107 108 109 110 111 112 114 115 116 117 119]] [8 [120 121 122 123 124 125 126 127 128 129 130 131 132 133 134]] [9 [135 136 137 138 139 140 141 142 144 145 146 147 149]] [10 [150 151 152 153 154 155 156 157 158 159 160 162 163 164]] [11 [165 166 167 168 169 170 171 172 173 174 175 176 177 178 179]] [12 [180 181 182 183 184 185 186 187 188 189 190 191 192 193 194]] [13 [195 196 197 198 199 200 201 202 203 204 205 206 207 208 209]] [14 [210 211 212 213 214 215 216 217 218 219 220 221 222 224]] [15 [226 228 229 230 235 237]] [16 [240 241 242 243 244 245 246 247 248 249 250 251 252 253 254]] [17 [255 256 257 265 266 267 268 269]] [18 [270 273 274 275 276 277 278 279 280 281 282 283 284]] [19 [285 286 287 288 289 290 291 292 293 294 295 296 297 298 299]] [20 [300 301 302 303 304 305 306 307 308 309 310 311 312 313 314]] [21 [315 316 317 318 319 320 321 322 323 324 325 326 328 329]] [22 [330 331 332 333 334 335 336 337 338 339 340 341 342 343 344]] [23 [345 346 347 348 349 350 351 352 353 354 355 356 357 358 359]] [24 [360 361 362 363 364 365 366 367 368 369 370 371 372 373 374]] [25 [375 376 377 378 379 380 381 382 383 384 385 386 387 388 389]] [26 [390 391 392 393 394 395 396 397 398 400 401 402 403 404]] [27 [405 406 407 408 409 411 412 413 414 415 416 417 418 419]] [28 [420 421 422 424 425 426 427 428 429 430 431 432 434]] [29 [435 436 437 438 439 440 441 442 443 444 445 446 447 448 449]] [30 [450 451 452 453 454 455 456 457 458 459 460 461 462 463 464]] [31 [465 469 471 472 474 475 476 477 478 479]] [32 [481 482 484 485 486 487 488 489 490 491 492 493]] [33 [495 496 497 498 499 500 501 502 503 504 505 506 507 508 509]] [34 [510 511 512 513 514 515 516 517 518 519 520 521 522 523 524]] [35 [525 526 527 529 530 531 532 533 534 535 536 537 538 539]] [36 [540 541 542 543 544 545 546 547 548 549 550 551 552 553 554]] [37 [555 556 557 558 559 560 561 562 563 564 565 566 567 568 569]] [38 [570 571 572 574 575 576 577 578 579 580 581 582 583 584]] [39 [585 586 587 588 589 590 591 592 593 594 595 596 597 598 599]] [40 [600 601 602 603 604 605 606 607 608 609 610 611 612 613 614]] [41 [615 616 617 618 619 620 621 622 623 624 625 626 627 628 629]] [42 [630 631 632 633 634 635 636 637 638 639 640 641 642 643 644]] [43 [645 646 647 648 650 651 652 653 654 655 656 658 659]] [44 [660 661 662 664 665 667 668 670 671 672 673 674]] [45 [675 676 677 678 679 680 681 682 683 684 685 686 687 688 689]] [46 [690 691 693 694 695 696 697 698 699 700 701 702 703 704]] [47 [705 706 707 708 709 710 711 712 713 714 715 716 717 718 719]] [48 [720 722 723 724 725 726 728 729 730 731 732 733 734]] [49 [735 736 737 738 739 740 741 742 743 744 745 746 747 748 749]] [50 [750 751 752 753 754 755 756 757 758 759 760 762 764]] [51 [765 766 767 768 769 770 771 772 773 774 775 776 777 779]] [52 [780 781 782 783 784 785 786 787 788 789 790 791 792 793 794]] [53 [795 796 797 798 799 800 801 802 803 804 805 806 807 808 809]] [54 [810 811 812 813 814 815 817 819 820 821 822 823 824]] [55 [828 829 830 831 832 833 834 835 836 837 838 839]] [56 [840 841 843 844 845 846 847 848 849 850 851 852 853 854]] [57 [855 856 857 858 859 860 861 862 863 864 865 866 867 868 869]] [58 [870 871 872 873 874 875 876 877 878 879 880 881 882 883 884]] [59 [885 886 887 888 889 890 891 892 893 894 895 896 899]] [60 [900 901 902 903 904 905 906 907 908 909 910 911 912 913 914]] [61 [915 916 917 918 919 920 921 922 923 924 926 928 929]] [62 [930 931 932 935 936 937 938 939 940 941 942]] [63 [945 946 947 948 951 952 956 957 959]] [64 [960 962 963 964 965 969 970 972 973]] [65 [977 978 979 980 981 982 983 984 985 986 987 988 989]] [66 [990 992 993 994 995 996 997 998 999 1000 1001 1002 1003 1004]] [67 [1005 1006 1007 1008 1009 1010 1011 1012 1013 1014 1015 1016 1017 1018 1019]] [68 [1020 1021 1022 1023 1024 1025 1026 1027 1028 1029 1030 1031 1032 1033 1034]] [69 [1035 1036 1037 1038 1039 1040 1041 1043 1044 1045 1046 1047 1049]] [70 [1050 1051 1052 1053 1054 1055 1056 1057 1058 1059 1060 1061 1062 1063 1064]] [71 [1065 1066 1067 1068 1069 1070 1071 1072 1073 1074 1075 1076 1077 1078 1079]] [72 [1080 1081 1082 1083 1084 1085 1086 1087 1088 1089 1090 1091 1092 1093 1094]] [73 [1095 1097 1099 1100 1101 1102 1104 1106]] [74 [1110 1111 1112 1113 1114 1115 1116 1117 1118 1119 1120 1121 1122 1123 1124]] [75 [1125 1126 1127 1128 1129 1130 1131 1132 1133 1134 1135 1136 1137 1138 1139]] [76 [1141 1142 1147 1148 1150 1153]] [77 [1155 1156 1157 1158 1159 1160 1161 1162 1163 1164 1165 1166 1167 1168 1169]] [78 [1170 1171 1172 1173 1174 1175 1176 1177 1178 1179 1180 1181 1182 1183 1184]] [79 [1185 1186 1187 1188 1189 1190 1191 1192 1193 1194 1195 1196 1198]] [80 [1200 1201 1202 1203 1204 1205 1206 1207 1208 1209 1210 1211 1212 1213 1214]] [81 [1215 1216 1217 1218 1219 1220 1221 1222 1223 1224 1225 1226 1227 1228 1229]] [82 [1230 1231 1232 1233 1234 1235 1236 1237 1238 1239 1240 1241 1242 1243]] [83 [1245 1246 1247 1248 1249 1250 1251 1252 1254 1256 1257 1258 1259]] [84 [1260 1261 1262 1263 1265 1267 1269 1270 1271]] [85 [1275 1276 1277 1279 1280 1281 1282 1283 1284 1286 1287]] [86 [1290 1291 1292 1293 1295 1296 1298 1299 1300 1301 1302 1303 1304]] [87 [1305 1306 1307 1308 1309 1310 1311 1312 1313 1314 1315 1316 1317 1318 1319]] [88 [1320 1321 1322 1323 1324 1325 1326 1327 1328 1329 1330 1331 1332 1333 1334]] [89 [1335 1336 1337 1338 1339 1340 1341 1342 1343 1344 1345 1346 1347 1348 1349]] [90 [1350 1352 1353 1354 1355 1356 1357 1358 1359 1360 1361 1362 1363 1364]] [91 [1365 1366 1367 1368 1369 1370 1371 1372 1373 1374 1375 1376 1377 1378 1379]] [92 [1380 1381 1382 1383 1384 1385 1386 1387 1388 1389 1390 1391 1392 1393 1394]] [93 [1395 1396 1397 1398 1399 1400 1401 1402 1403 1404 1405 1406 1407 1408 1409]] [94 [1410 1411 1412 1414 1415 1416 1417 1418 1419 1420 1421 1422 1423 1424]] [95 [1425 1426 1427 1428 1429 1430 1431 1432 1433 1434 1435 1436 1437 1438 1439]] [96 [1440 1441 1442 1443 1445 1446 1447 1448 1449 1450 1451 1452 1453 1454]] [97 [1455 1456 1457 1458 1459 1460 1461 1462 1463 1464 1465 1466 1467 1468 1469]] [98 [1470 1471 1472 1473 1474 1475 1476 1479 1480 1481 1482 1483 1484]] [99 [1485 1486 1487 1488 1489 1490 1491 1492 1493 1494 1495 1496 1497 1498 1499]]]","[[0 [1 6 8 10 11 12 13 14]] [1 [15 17 19 21 24 25 26 29]] [2 [30 31 32 33 34 35 37 39 41 43 44]] [3 [48 50 52 53 58]] [4 [60 66 67 68 71 73]] [5 [79 82 84 85 86]] [6 [91 97 98 101 103]] [7 [106 109 110 111 112 115 119]] [8 [121 125 127 128 131 133 134]] [9 [136 137 139]] [10 [157 158 159 160 163]] [11 [165 168 169 170 171 174 175 176]] [12 [181 182 183 185 192 194]] [13 [196 198 199 202 203 204 205 206 207 209]] [14 [210 211 212 213 214 215 217 219 220 222]] [15 [226 228 229 230 235 237]] [16 [242 246 247 251 252 253 254]] [17 [255 256 257 269]] [18 [270 273 274 276 277 278 280 281 282 283]] [19 [285 288 289 290 291 292 295]] [20 [301 302 303 310 311 312 314]] [21 [315 320 322 323 324 328]] [22 [331 333 334 336 337 338 342 343]] [23 [345 346 348 353 356 357 358 359]] [24 [361 366 367 368 369 371 372]] [25 [378 380 382 383 385 386 387 388]] [26 [390 391 393 398 401 402]] [27 [405 406 408 409 412 414 415 417 418]] [28 [420 421 422 425 427 432 434]] [29 [435 437 439 440 441 442 444 445 446 449]] [30 [452 454 455 456 457 462]] [31 [465 469 471 472 474 479]] [32 [481 482 484 485 488 489 491 492 493]] [33 [496 498 499 502 503 504 508 509]] [34 [510 511 512 513 514 517 520 521]] [35 [526 529 531 532 533 534]] [36 [542 543 545 549 550 551 552 553]] [37 [555 556 557 559 562 566 567 569]] [38 [570 572 574 576 577 578 583]] [39 [586 588 589 590 591 593 594 595 597 598]] [40 [600 605 606 608 612]] [41 [616 617 621 622 624 626 627 628 629]] [42 [633 634 635 636 637 642 643 644]] [43 [645 646 648 651 652 653 658 659]] [44 [660 661 662 664 665 670 671 673]] [45 [675 677 678 681 683 684 685 686 689]] [46 [693 695 696 697 698 699 700 701 702]] [47 [706 707 709 711 712 713 714 716 717]] [48 [720 725 728 730 734]] [49 [737 738 739 740 742 744 747]] [50 [751 752 753 754 755 757 758 759 760 762]] [51 [765 769 773 776]] [52 [780 782 783 786 789 792]] [53 [795 797 800 801 804 806 807]] [54 [811 817 819 821 823]] [55 [828 832 833 836 837]] [56 [841 843 846 849 851]] [57 [855 857 858 859 863 865 866 867 869]] [58 [872 874 875 878 880 881 882 884]] [59 [885 886 888 889 890 892 894 895]] [60 [901 902 904 906 907 908 909 911 913 914]] [61 [916 917 919 921 922 923 924 929]] [62 [930 931 932 936 938 940]] [63 [947 951 952 956 957 959]] [64 [960 962 963 964 965 970 972 973]] [65 [977 978 981 982 983 984 985 986 988]] [66 [990 992 996 997 998 999 1000 1003 1004]] [67 [1008 1009 1010 1013 1015 1017 1018]] [68 [1023 1025 1028 1030 1031]] [69 [1035 1038 1041 1043 1045 1047]] [70 [1050 1052 1053 1057 1060 1064]] [71 [1066 1067 1068 1070 1073 1074 1076 1079]] [72 [1082 1084 1088 1089 1090 1091 1092 1093]] [73 [1095 1097 1100 1101 1102 1104 1106]] [74 [1111 1113 1114 1115 1117 1120 1123 1124]] [75 [1126 1128 1129 1130 1132 1133 1134 1136 1138]] [76 [1141 1147 1148 1150 1153]] [77 [1155 1157 1161 1162 1163 1164]] [78 [1171 1179 1181 1182 1184]] [79 [1187 1190 1196]] [80 [1205 1206 1207 1209 1211 1213]] [81 [1215 1216 1218 1220]] [82 [1234 1235 1239 1240 1241 1242]] [83 [1246 1248 1250 1251 1252 1254 1256 1257 1259]] [84 [1260 1261 1262 1265 1267 1269 1270 1271]] [85 [1275 1276 1279 1280 1281 1282 1283 1287]] [86 [1290 1292 1293 1298 1300]] [87 [1305 1307 1308 1314 1317]] [88 [1320 1321 1322 1324 1332 1333 1334]] [89 [1336 1337 1339 1342 1344 1346 1347]] [90 [1350 1352 1353 1357 1360 1362 1363 1364]] [91 [1365 1366 1368 1369 1370 1371 1372 1373 1377]] [92 [1380 1381 1382 1383 1384 1385 1388 1389 1390 1394]] [93 [1395 1396 1398 1403 1404 1406 1407 1408]] [94 [1410 1411 1414 1415 1417 1418 1421 1422 1423 1424]] [95 [1425 1426 1429 1432 1433 1434 1435 1437]] [96 [1447 1448 1450]] [97 [1455 1456 1457 1458 1459 1460 1461 1463 1464 1467 1468]] [98 [1470 1473 1474 1476 1479 1484]] [99 [1485 1488 1489 1491 1495 1496]]]",,"[[{media 50} [[""A"" [4 4 4 4 4 4 4 4 4 4]]]] [{media 53} [[""A"" [6 6 6 6 6 6 6 6 6 6]]]] [{media 54} [[""A"" [2 2 2 2 2 2 2 2 2 2]]]] [{media 55} [[""A"" [1 1 1 1 1 1 1 1 1 1]]]] [{media 56} [[""A"" [5 5 5 5 5 5 5 5 5 5]]]] [{media 57} [[""A"" [2 2 2 2 2 2 2 2 2 2]]]] [{media 58} [[""A"" [5 5 5 5 5 5 5 5 5 5]]]] [{media 60} [[""A"" [1 1 1 1 1 1 1 1 1 1]]]] [{media 62} [[""A"" [3 3 3 3 3 3 3 3 3 3]]]] [{media 63} [[""A"" [1 1 1 1 1 1 1 1 1 1]]]] [{media 64} [[""A"" [4 4 4 4 4 4 4 4 4 4]]]] [{citizen 5} [[""A"" [2 1 2 2 4 4 0 2 1 2]]]] [{citizen 4} [[""A"" [2 1 6 2 1 1 2 1 4 4]]]] [{media 61} [[""A"" [6 6 6 6 6 6 6 6 6 6]]]] [{citizen 8} [[""A"" [1 0 0 1 2 1 0 1 3 2]]]] [{media 59} [[""A"" [2 2 2 2 2 2 2 2 2 2]]]] [{citizen 0} [[""A"" [4 5 2 1 2 2 0 2 1 3]]]] [{citizen 14} [[""A"" [1 0 1 1 3 2 2 1 0 1]]]] [{media 51} [[""A"" [2 2 2 2 2 2 2 2 2 2]]]] [{citizen 6} [[""A"" [1 0 5 1 1 0 2 1 3 2]]]] [{citizen 26} [[""A"" [1 1 3 4 2 1 0 2 4 6]]]] [{citizen 41} [[""A"" [6 1 1 3 4 2 2 4 6 5]]]] [{citizen 22} [[""A"" [1 2 1 2 4 5 6 4 2 1]]]] [{citizen 21} [[""A"" [2 2 1 1 0 2 2 1 3 2]]]] [{citizen 17} [[""A"" [1 1 2 3 4 4 4 4 1 2]]]] [{citizen 33} [[""A"" [5 4 1 2 4 2 0 2 1 2]]]] [{citizen 25} [[""A"" [1 0 1 1 3 5 5 2 1 3]]]] [{citizen 9} [[""A"" [2 5 4 4 5 1 2 2 1 2]]]] [{citizen 44} [[""A"" [2 2 3 2 2 1 2 6 5 5]]]] [{citizen 40} [[""A"" [3 6 6 2 4 3 2 0 2 1]]]] [{citizen 11} [[""A"" [1 2 3 2 3 2 1 5 6 4]]]] [{citizen 37} [[""A"" [0 1 1 1 2 0 1 3 5 4]]]] [{citizen 28} [[""A"" [3 2 2 2 4 6 5 4 5 4]]]] [{citizen 36} [[""A"" [4 5 5 2 1 1 4 1 2 2]]]] [{citizen 46} [[""A"" [1 1 2 3 4 4 2 3 2 1]]]] [{citizen 38} [[""A"" [1 2 3 2 1 2 4 6 5 5]]]] [{citizen 24} [[""A"" [2 1 3 2 1 1 4 3 1 2]]]] [{citizen 12} [[""A"" [5 5 3 1 1 1 0 1 3 2]]]] [{citizen 13} [[""A"" [1 2 0 2 2 4 0 2 1 4]]]] [{citizen 31} [[""A"" [2 1 1 0 3 2 2 4 5 5]]]] [{citizen 15} [[""A"" [2 1 0 2 5 4 0 2 2 2]]]] [{citizen 7} [[""A"" [2 1 1 1 3 4 5 4 6 4]]]] [{citizen 27} [[""A"" [1 2 4 0 2 2 1 0 2 2]]]] [{citizen 34} [[""A"" [3 2 1 3 2 0 4 3 5 4]]]] [{citizen 35} [[""A"" [2 1 2 6 6 6 1 1 2 4]]]] [{citizen 18} [[""A"" [3 2 1 5 1 1 1 2 1 2]]]] [{citizen 48} [[""A"" [1 4 4 2 3 1 1 2 4 5]]]] [{citizen 20} [[""A"" [4 2 1 1 4 2 1 4 6 5]]]] [{citizen 16} [[""A"" [2 2 1 0 2 2 2 1 3 2]]]] [{citizen 43} [[""A"" [3 2 1 1 2 3 4 6 5 5]]]] [{citizen 32} [[""A"" [1 1 1 2 3 4 4 4 5 3]]]] [{citizen 39} [[""A"" [5 5 2 2 2 1 1 4 1 0]]]] [{citizen 23} [[""A"" [4 6 5 5 1 1 3 6 1 3]]]] [{citizen 10} [[""A"" [2 0 0 1 2 1 1 0 1 2]]]] [{citizen 1} [[""A"" [1 1 4 2 2 2 3 5 6 5]]]] [{citizen 3} [[""A"" [2 1 1 4 2 4 5 4 3 1]]]] [{citizen 45} [[""A"" [1 4 5 5 1 2 2 1 2 1]]]] [{citizen 19} [[""A"" [4 5 6 4 5 6 5 4 5 6]]]] [{citizen 42} [[""A"" [3 2 2 2 4 6 5 4 5 2]]]] [{citizen 30} [[""A"" [1 4 4 2 1 2 4 3 5 2]]]] [{citizen 2} [[""A"" [1 3 1 3 2 2 6 5 4 5]]]] [{citizen 49} [[""A"" [2 1 1 2 2 0 2 1 3 2]]]] [{citizen 29} [[""A"" [1 0 4 3 2 1 1 4 3 5]]]] [{media 52} [[""A"" [0 0 0 0 0 0 0 0 0 0]]]]]"
"48","[213 0 42]","180","0.13790399190200156","-9.558334414161065","""circle""","""""","9.9","{breed citizens}","false","0.5","1","""up""",,"[[""ID"" 49] [""alpha"" 1] [""beta"" 1] [""malleable"" [""A""]] [""prior"" []] [""cont_tokens"" []] [""A"" 1]]","[[0 [0 1 2 3 4 5 6 9 10 11 12 13 14]] [1 [15 17 18 19 20 21 22 24 25 26 27 28 29]] [2 [30 31 32 33 34 35 36 37 38 39 40 41 42 43 44]] [3 [45 46 47 48 49 50 51 52 53 54 55 56 57 58]] [4 [60 66 67 68 70 71 72 73 74]] [5 [75 76 77 78 79 80 81 82 83 84 85 86 87 88 89]] [6 [90 92 93 94 95 96 97 98 101 102 103]] [7 [105 106 107 108 109 110 111 112 114 115 116 117 119]] [8 [120 121 122 123 124 125 126 127 128 129 130 131 132 133 134]] [9 [135 136 137 138 139 140 141 142 143 144 145 146 147 148 149]] [10 [150 151 152 153 154 155 156 157 158 159 160 161 163]] [11 [165 166 167 168 169 170 171 172 173 174 175 176 177 178 179]] [12 [181 182 183 185 186 187 188 189 190 191 192 193 194]] [13 [195 196 197 198 199 200 201 202 203 204 205 206 207 208 209]] [14 [210 211 212 213 214 215 216 217 218 219 220 221 222 224]] [15 [225 226 227 228 229 230 231 232 233 234 235 236 237 238 239]] [16 [240 241 242 243 244 245 246 247 248 249 250 251 252 253 254]] [17 [255 256 257 265 266 267 268 269]] [18 [270 271 272 273 274 275 276 277 278 279 280 281 282 283 284]] [19 [285 286 288 289 290 291 292 295 297 298 299]] [20 [300 301 302 303 304 305 306 307 308 309 310 311 312 313 314]] [21 [315 316 317 318 319 320 321 322 323 324 325 326 327 328 329]] [22 [331 333 334 335 336 337 338 339 340 341 342 343 344]] [23 [345 346 347 348 349 350 351 352 353 354 355 356 357 358 359]] [24 [360 361 362 363 364 365 366 367 368 369 370 371 372 373 374]] [25 [375 376 377 378 379 380 381 382 383 384 385 386 387 388 389]] [26 [390 391 392 393 394 395 396 397 398 399 400 401 402 403 404]] [27 [405 406 407 408 409 411 412 413 414 415 416 417 418 419]] [28 [420 421 422 424 425 427 431 432 434]] [29 [435 436 437 438 439 440 441 442 443 444 445 446 447 448 449]] [30 [450 451 452 453 454 455 456 457 458 459 460 462 463 464]] [31 [465 466 467 468 469 470 471 472 473 474 475 476 477 478 479]] [32 [480 481 482 483 484 485 488 489 491 492 493 494]] [33 [495 496 497 498 499 500 501 502 503 504 505 506 507 508 509]] [34 [510 511 512 513 514 515 516 517 518 519 520 521 522 523 524]] [35 [525 526 527 528 529 530 531 532 533 534 535 536 537 538 539]] [36 [540 541 542 543 544 545 546 547 548 549 550 551 552 553 554]] [37 [555 556 557 558 559 560 561 562 563 564 565 566 567 568 569]] [38 [570 571 572 574 575 576 577 578 579 580 581 582 583 584]] [39 [585 586 587 588 589 590 591 592 593 594 595 596 597 598 599]] [40 [600 601 602 603 604 605 606 607 608 609 610 611 612 613 614]] [41 [615 616 617 618 619 620 621 622 623 624 625 626 627 628 629]] [42 [630 631 632 633 634 635 636 637 638 639 640 641 642 643 644]] [43 [645 646 647 648 650 651 652 653 654 655 656 658 659]] [44 [660 661 662 664 665 667 668 670 671 672 673 674]] [45 [675 676 677 678 679 680 681 682 683 684 685 686 687 688 689]] [46 [690 691 693 694 695 696 697 698 699 700 701 702 703 704]] [47 [705 706 707 708 709 710 711 712 713 714 715 716 717 718 719]] [48 [720 722 723 724 725 726 728 729 730 731 732 733 734]] [49 [735 736 737 738 739 740 741 742 743 744 745 746 747 748 749]] [50 [750 751 752 753 754 755 756 757 758 759 760 762 764]] [51 [765 766 767 768 769 770 771 772 773 774 775 776 777 779]] [52 [780 781 782 783 784 785 786 787 788 789 790 791 792 793 794]] [53 [795 796 797 798 799 800 801 802 803 804 805 806 807 808 809]] [54 [810 811 812 813 814 815 816 817 818 819 820 821 822 823 824]] [55 [825 826 827 828 829 830 831 832 833 834 835 836 837 838 839]] [56 [840 841 842 843 844 845 846 847 848 849 850 851 852 853 854]] [57 [855 856 857 858 859 860 861 862 863 864 865 866 867 868 869]] [58 [870 871 872 873 874 875 876 877 878 879 880 881 882 883 884]] [59 [885 886 887 888 889 890 891 892 893 894 895 896 899]] [60 [900 901 902 903 904 905 906 907 908 909 910 911 912 913 914]] [61 [915 916 917 918 919 920 921 922 923 924 925 926 927 928 929]] [62 [930 931 932 935 936 937 938 939 940 941 942]] [63 [945 946 947 948 951 952 954 955 956 957 959]] [64 [960 962 963 964 965 969 970 972 973]] [65 [977 978 979 980 981 982 983 984 985 986 987 988 989]] [66 [990 991 992 993 994 995 996 997 998 999 1000 1001 1002 1003 1004]] [67 [1005 1006 1007 1008 1009 1010 1011 1012 1013 1014 1015 1016 1017 1018 1019]] [68 [1020 1021 1022 1023 1024 1025 1026 1027 1028 1030 1031 1033 1034]] [69 [1035 1036 1037 1038 1039 1040 1041 1042 1043 1045 1046 1047 1048 1049]] [70 [1050 1051 1052 1053 1054 1055 1056 1057 1058 1059 1060 1061 1062 1063 1064]] [71 [1065 1066 1067 1068 1069 1070 1071 1072 1073 1074 1075 1076 1077 1078 1079]] [72 [1080 1081 1082 1083 1084 1085 1086 1087 1088 1089 1090 1091 1092 1093 1094]] [73 [1095 1097 1099 1100 1101 1102 1104 1106]] [74 [1110 1111 1112 1113 1114 1115 1116 1117 1118 1119 1120 1121 1122 1123 1124]] [75 [1125 1126 1127 1128 1129 1130 1131 1132 1133 1134 1135 1136 1137 1138 1139]] [76 [1140 1141 1142 1143 1144 1145 1146 1147 1148 1149 1150 1151 1152 1153 1154]] [77 [1155 1156 1157 1158 1159 1160 1161 1162 1163 1164 1165 1166 1167 1168 1169]] [78 [1170 1171 1172 1173 1174 1175 1176 1177 1178 1179 1180 1181 1182 1183 1184]] [79 [1185 1186 1187 1188 1189 1190 1191 1192 1193 1194 1195 1196 1197 1198 1199]] [80 [1200 1201 1202 1203 1204 1208 1209 1210 1212 1213 1214]] [81 [1215 1216 1217 1218 1219 1220 1221 1222 1223 1224 1225 1226 1227 1228 1229]] [82 [1231 1232 1233 1236 1237 1238 1242 1243 1244]] [83 [1245 1246 1247 1248 1249 1250 1251 1252 1253 1254 1256 1257 1258 1259]] [84 [1260 1261 1262 1263 1265 1267 1269 1270 1271]] [85 [1275 1276 1277 1279 1280 1281 1282 1283 1284 1286 1287]] [86 [1290 1291 1292 1293 1295 1296 1298 1299 1300 1301 1302 1303 1304]] [87 [1305 1306 1307 1308 1309 1310 1311 1312 1313 1314 1315 1316 1317 1318 1319]] [88 [1320 1321 1322 1323 1324 1325 1326 1327 1328 1329 1330 1331 1332 1333 1334]] [89 [1335 1336 1337 1338 1339 1340 1341 1342 1343 1344 1345 1346 1347 1348 1349]] [90 [1350 1352 1353 1354 1355 1356 1357 1358 1359 1360 1361 1362 1363 1364]] [91 [1365 1366 1367 1368 1369 1370 1371 1372 1373 1374 1375 1376 1377 1378 1379]] [92 [1380 1381 1382 1383 1384 1385 1386 1387 1388 1389 1390 1391 1392 1393 1394]] [93 [1395 1396 1397 1398 1399 1400 1401 1402 1403 1404 1405 1406 1407 1408]] [94 [1410 1411 1412 1414 1415 1417 1418 1419 1420 1421 1422 1423 1424]] [95 [1425 1426 1427 1428 1429 1430 1431 1432 1433 1434 1435 1436 1437 1438 1439]] [96 [1440 1441 1442 1443 1445 1446 1447 1448 1449 1450 1451 1452 1453 1454]] [97 [1455 1456 1460 1462 1465 1466 1469]] [98 [1472 1475 1476 1477 1478 1479 1484]] [99 [1485 1488 1489 1491 1495 1496 1497 1498 1499]]]","[[0 [1 6 10 11 12 13 14]] [1 [15 17 19 21 24 25 26 29]] [2 [35 37 39 41 42 43 44]] [3 [48 51 52 53 58]] [4 [60 67 68 72 74]] [5 [75 76 77 78 81 83 88 89]] [6 [90 92 94 95 98 101 102 103]] [7 [106 107 108 112 115]] [8 [120 122 123 129 130 131 133 134]] [9 [136 138 141 142 144 147 149]] [10 [150 151 152 153 154 155 159 160]] [11 [166 167 168 169 170 171 174 175 176]] [12 [181 182 183 185 188 189 190 191 193]] [13 [195 197 200 206 207]] [14 [213 214 215 216 218 221 224]] [15 [225 227 231 232 234 235 236 237]] [16 [242 246 247 251 252 253 254]] [17 [255 256 257 268]] [18 [270 273 274 276 279 280 281 282 283]] [19 [285 286 288 289 290 291 292 295 297 298]] [20 [300 301 302 304 308 309 310 311 312 314]] [21 [315 319 320 322 323 324 328]] [22 [331 333 334 335 337 340 341 343 344]] [23 [346 348 351 353 356 358 359]] [24 [361 364 366 367 368 369 370 373 374]] [25 [375 376 377 379 381 384 386 387]] [26 [390 391 393 398 401 402]] [27 [405 406 407 412 415 417 418]] [28 [421 422 424 425 427 432 434]] [29 [435 437 439 440 441 442 444 445 447 448]] [30 [450 453 458 459 460 463 464]] [31 [466 467 468 470 471 472 475 476 477 478]] [32 [480 488 489 491 492 494]] [33 [495 497 501 502 503 504 505 507]] [34 [513 514 515 518 519 522 524]] [35 [525 527 528 529 531 532 533 534 538 539]] [36 [540 542 543 544 545 549 550 551 552 553]] [37 [555 556 557 559 562 565 567 568 569]] [38 [570 571 572 574 575 576 577 578 583]] [39 [586 588 589 590 591 593 594 596 599]] [40 [600 602 603 607 609 610 611 612 614]] [41 [615 618 619 620 621 623 624 625 626 627 628 629]] [42 [633 635 636 637 638 642 643 644]] [43 [645 646 648 650 654 655 658 659]] [44 [660 661 662 664 667 668 671 673]] [45 [675 677 678 681 683 684 685 686 688 689]] [46 [695 696 697 698 699 700 701 702 704]] [47 [705 708 709 711 712 713 714 716 717]] [48 [720 723 724 725 726 728 730 734]] [49 [735 736 741 743 745 747 749]] [50 [753 754 756 758 759 760 762]] [51 [765 768 770 771 772 774 775 776]] [52 [780 782 783 785 787 788 790 791 793 794]] [53 [795 797 800 801 802 805 809]] [54 [810 813 814 815 816 818 820 821 823]] [55 [828 832 836 837]] [56 [840 841 846 849 851 853]] [57 [856 860 861 862 866 867 868]] [58 [870 871 872 873 875 882 883 884]] [59 [885 886 888 889 890 893 894 895 896 899]] [60 [900 907 908 909 911 913 914]] [61 [916 917 919 921 922 923 924 926 929]] [62 [930 931 932 936 937 939 941 942]] [63 [945 946 948 951 952 956 957 959]] [64 [960 962 963 964 965 969 970 972 973]] [65 [977 978 981 982 983 984 985 986 989]] [66 [990 992 994 995 1001 1002 1004]] [67 [1011 1014 1015 1017 1018]] [68 [1021 1023 1025 1028 1030 1033 1034]] [69 [1036 1037 1039 1040 1041 1043 1045 1047]] [70 [1051 1053 1055 1056 1058 1059 1061 1062 1063]] [71 [1065 1066 1067 1068 1070 1073 1075 1077 1078]] [72 [1080 1083 1085 1086 1087 1090 1091 1092 1093]] [73 [1095 1097 1099 1100 1101 1102 1104 1106]] [74 [1111 1113 1114 1115 1117 1120 1123 1124]] [75 [1126 1128 1129 1130 1132 1137 1139]] [76 [1140 1141 1143 1144 1145 1151 1152 1153]] [77 [1155 1157 1158 1159 1160 1166 1167 1168 1169]] [78 [1170 1171 1173 1174 1175 1176 1177 1178 1180 1183]] [79 [1185 1186 1188 1190 1194 1195 1197 1199]] [80 [1200 1201 1202 1203 1208 1209 1213]] [81 [1215 1216 1218 1220 1221 1222 1223 1224 1225 1226 1227 1228 1229]] [82 [1231 1232 1233 1236 1238 1242 1243]] [83 [1248 1249 1250 1251 1252 1254 1256 1257 1258 1259]] [84 [1260 1262 1263 1267 1269 1270 1271]] [85 [1275 1276 1277 1279 1280 1283 1287]] [86 [1290 1292 1293 1296 1299 1301 1302 1304]] [87 [1306 1309 1310 1311 1312 1313 1315 1318 1319]] [88 [1320 1321 1322 1323 1324 1325 1327 1329 1330 1331 1333 1334]] [89 [1336 1337 1338 1339 1340 1342 1344 1346 1347]] [90 [1350 1352 1353 1357 1360 1362 1363 1364]] [91 [1365 1366 1368 1369 1370 1371 1373 1377]] [92 [1380 1381 1382 1383 1384 1389 1391 1392 1393]] [93 [1397 1399 1400 1401 1402 1404 1405 1408]] [94 [1410 1411 1414 1415 1417 1418 1421 1422 1423]] [95 [1426 1429 1432 1433 1434 1435 1436 1437]] [96 [1441 1442 1443 1445 1446 1449 1450 1454]] [97 [1455 1456 1460 1465 1466 1469]] [98 [1472 1475 1476 1479 1484]] [99 [1485 1488 1489 1491 1495 1497 1498 1499]]]",,"[[{media 50} [[""A"" [4 4 4 4 4 4 4 4 4 4]]]] [{media 53} [[""A"" [6 6 6 6 6 6 6 6 6 6]]]] [{media 54} [[""A"" [2 2 2 2 2 2 2 2 2 2]]]] [{media 55} [[""A"" [1 1 1 1 1 1 1 1 1 1]]]] [{media 56} [[""A"" [5 5 5 5 5 5 5 5 5 5]]]] [{media 57} [[""A"" [2 2 2 2 2 2 2 2 2 2]]]] [{media 59} [[""A"" [2 2 2 2 2 2 2 2 2 2]]]] [{media 60} [[""A"" [1 1 1 1 1 1 1 1 1 1]]]] [{media 61} [[""A"" [6 6 6 6 6 6 6 6 6 6]]]] [{media 62} [[""A"" [3 3 3 3 3 3 3 3 3 3]]]] [{media 63} [[""A"" [1 1 1 1 1 1 1 1 1 1]]]] [{media 64} [[""A"" [4 4 4 4 4 4 4 4 4 4]]]] [{citizen 7} [[""A"" [1 2 1 1 2 3 4 6 6 4]]]] [{citizen 16} [[""A"" [5 1 1 3 2 1 2 0 4 2]]]] [{citizen 17} [[""A"" [5 5 2 1 2 3 4 4 2 2]]]] [{citizen 18} [[""A"" [1 2 2 3 2 1 2 5 5 2]]]] [{citizen 20} [[""A"" [1 1 2 4 2 2 4 6 6 5]]]] [{citizen 0} [[""A"" [2 2 1 2 2 2 4 6 5 4]]]] [{citizen 4} [[""A"" [2 2 1 1 2 2 4 6 6 5]]]] [{citizen 9} [[""A"" [1 1 1 2 6 4 4 6 5 2]]]] [{citizen 13} [[""A"" [2 3 4 4 3 2 2 0 2 4]]]] [{citizen 31} [[""A"" [1 3 6 2 2 1 2 2 0 3]]]] [{media 58} [[""A"" [5 5 5 5 5 5 5 5 5 5]]]] [{citizen 26} [[""A"" [1 1 1 2 3 4 2 0 2 6]]]] [{citizen 41} [[""A"" [2 1 1 3 4 2 2 4 6 5]]]] [{citizen 22} [[""A"" [1 2 4 5 6 4 2 1 1 2]]]] [{citizen 21} [[""A"" [2 3 4 2 2 4 6 5 2 2]]]] [{citizen 33} [[""A"" [6 6 5 4 1 2 4 2 2 2]]]] [{citizen 25} [[""A"" [1 1 1 2 3 4 3 2 2 3]]]] [{citizen 44} [[""A"" [1 1 2 1 2 4 6 6 5 5]]]] [{citizen 40} [[""A"" [1 2 1 0 2 4 4 5 4 3]]]] [{citizen 11} [[""A"" [1 2 3 2 3 2 1 5 6 4]]]] [{citizen 37} [[""A"" [2 2 2 2 1 2 0 1 1 5]]]] [{citizen 8} [[""A"" [4 3 2 0 2 1 0 1 1 2]]]] [{citizen 28} [[""A"" [4 2 3 2 2 4 6 5 4 4]]]] [{citizen 6} [[""A"" [2 3 2 4 2 3 2 1 0 2]]]] [{citizen 36} [[""A"" [1 1 1 4 2 2 4 6 5 2]]]] [{citizen 46} [[""A"" [3 1 1 2 3 4 3 2 5 6]]]] [{citizen 38} [[""A"" [2 3 4 1 1 2 3 4 6 6]]]] [{citizen 24} [[""A"" [2 0 2 1 2 4 5 2 2 2]]]] [{citizen 12} [[""A"" [5 5 3 1 1 3 4 5 3 2]]]] [{citizen 5} [[""A"" [4 2 2 2 3 2 2 2 4 2]]]] [{citizen 15} [[""A"" [1 3 2 4 3 2 2 0 5 4]]]] [{citizen 34} [[""A"" [1 1 2 3 4 2 2 4 5 2]]]] [{citizen 45} [[""A"" [2 2 4 2 3 2 2 4 5 5]]]] [{citizen 39} [[""A"" [5 5 2 2 1 1 2 5 4 5]]]] [{citizen 19} [[""A"" [1 2 3 4 2 2 6 5 4 5]]]] [{citizen 42} [[""A"" [2 2 3 2 2 6 5 4 5 2]]]] [{media 51} [[""A"" [2 2 2 2 2 2 2 2 2 2]]]] [{citizen 35} [[""A"" [1 2 3 6 5 6 2 2 1 2]]]] [{citizen 23} [[""A"" [2 4 6 6 5 1 1 2 3 6]]]] [{citizen 10} [[""A"" [5 3 2 2 1 1 2 3 2 2]]]] [{citizen 1} [[""A"" [1 4 2 2 4 2 3 5 6 5]]]] [{citizen 3} [[""A"" [1 2 4 2 4 5 4 3 2 1]]]] [{citizen 43} [[""A"" [2 1 1 2 3 4 4 6 5 5]]]] [{citizen 32} [[""A"" [2 1 1 1 2 3 4 4 5 3]]]] [{citizen 2} [[""A"" [1 2 3 4 3 2 2 6 5 4]]]] [{citizen 49} [[""A"" [5 5 4 2 3 2 1 1 2 2]]]] [{citizen 29} [[""A"" [2 1 2 4 2 2 3 2 0 4]]]] [{citizen 30} [[""A"" [2 3 2 1 1 2 4 4 2 2]]]] [{citizen 47} [[""A"" [2 2 1 2 3 2 2 2 0 2]]]] [{media 52} [[""A"" [0 0 0 0 0 0 0 0 0 0]]]] [{citizen 14} [[""A"" [1 2 3 4 2 2 2 3 2 2]]]] [{citizen 27} [[""A"" [2 1 1 2 4 6 5 1 2 2]]]]]"
"49","[213 0 42]","37.5","9.44972610449596","12.454604781358771","""circle""","""""","9.9","{breed citizens}","false","0.5","1","""up""",,"[[""ID"" 11] [""alpha"" 1] [""beta"" 1] [""malleable"" [""A""]] [""prior"" []] [""cont_tokens"" []] [""A"" 1]]","[[0 [0 1 2 3 4 5 6 8 9 10 11 12 13 14]] [1 [15 17 18 19 20 21 22 23 24 25 26 27 28 29]] [2 [30 31 32 33 34 35 36 37 38 39 40 41 42 43 44]] [3 [45 46 47 48 49 50 51 52 53 54 55 56 57 58 59]] [4 [60 61 62 63 64 65 66 67 68 69 70 71 72 73 74]] [5 [75 76 77 78 79 80 81 82 83 84 85 86 87 88 89]] [6 [90 91 92 93 94 95 96 97 98 101 102 103]] [7 [105 106 107 108 109 110 111 112 114 115 116 117 119]] [8 [120 121 122 123 124 125 126 127 128 129 130 131 132 133 134]] [9 [135 136 137 138 139 140 141 142 143 144 145 146 147 148 149]] [10 [150 151 152 153 154 155 156 157 158 159 160 161 163]] [11 [165 166 167 168 169 170 171 172 173 174 175 176 177 178 179]] [12 [180 181 182 183 184 185 186 187 188 189 190 191 192 193 194]] [13 [195 196 197 198 199 200 201 202 203 204 205 206 207 208 209]] [14 [210 211 212 213 214 215 216 217 218 219 220 221 222 224]] [15 [225 226 227 228 229 230 231 232 234 235 236 237 238 239]] [16 [240 241 242 243 244 245 246 247 248 249 250 251 252 253 254]] [17 [255 256 257 265 268 269]] [18 [270 271 272 273 274 275 276 277 278 279 280 281 282 283 284]] [19 [285 286 288 289 290 291 292 295 297 298 299]] [20 [300 301 302 303 304 305 306 307 308 309 310 311 312 314]] [21 [315 316 317 318 319 320 321 322 323 324 325 326 328 329]] [22 [330 331 332 333 334 335 336 337 338 339 340 341 342 343 344]] [23 [345 346 347 348 349 350 352 353 354 355 356 357 358 359]] [24 [360 361 362 363 364 365 366 367 368 369 370 371 372 373 374]] [25 [375 376 377 378 379 380 381 382 383 384 385 386 387 388 389]] [26 [390 391 393 398 401 402]] [27 [405 406 407 408 409 411 412 413 414 415 416 417 418 419]] [28 [420 421 422 423 424 425 426 427 428 429 430 431 432 433 434]] [29 [436 438 443 444 445 446 447 449]] [30 [450 451 452 453 454 455 456 457 458 459 460 461 462 463 464]] [31 [465 469 471 472 474 475 476 477 478 479]] [32 [480 481 482 483 484 485 486 487 488 489 490 491 492 493 494]] [33 [495 496 497 498 499 500 501 502 503 504 505 506 507 508 509]] [34 [510 511 512 513 514 515 516 517 518 519 520 521 522 523 524]] [35 [525 526 527 528 529 530 531 532 533 534 535 536 537 538 539]] [36 [540 541 542 543 544 545 546 547 548 549 550 551 552 553 554]] [37 [555 556 557 558 559 560 561 562 563 564 565 566 567 568 569]] [38 [570 571 572 574 575 576 577 578 579 580 581 582 583 584]] [39 [586 588 589 590 591 595 597 598]] [40 [600 601 602 603 604 605 606 607 608 609 610 611 612 613 614]] [41 [615 616 617 618 619 620 621 622 623 624 625 626 627 628 629]] [42 [630 631 632 634 635 636 637 638 639 640 641 642 643 644]] [43 [645 646 647 648 649 651 652 653 655 656 657 658 659]] [44 [660 661 662 664 665 666 667 668 669 670 671 672 673 674]] [45 [675 676 677 678 679 680 681 682 683 684 685 686 687 688 689]] [46 [690 691 693 694 695 696 697 698 699 700 701 702 703 704]] [47 [705 708 710 711 712 713 714 715 716 718 719]] [48 [720 721 722 723 724 725 726 727 728 729 730 731 732 733 734]] [49 [735 736 737 738 739 740 741 742 743 744 745 746 747 748 749]] [50 [750 751 752 753 754 755 756 757 758 759 760 762 764]] [51 [765 766 767 768 769 770 771 772 773 774 775 776 777 779]] [52 [780 782 783 785 786 787 788 789 790 791 792 793 794]] [53 [795 796 797 798 799 800 801 802 803 804 805 806 807 808 809]] [54 [811 817 819 820 821 823]] [55 [828 829 830 831 832 833 834 835 836 837 838 839]] [56 [840 841 843 844 845 846 847 848 849 850 851 852 853 854]] [57 [855 857 858 859 863 865 866 867 869]] [58 [870 871 872 873 874 875 876 877 878 879 880 881 882 883 884]] [59 [885 886 887 888 889 890 891 892 893 894 895 896 899]] [60 [900 901 902 903 904 905 906 907 908 909 910 911 912 913 914]] [61 [915 916 917 918 919 920 921 922 923 924 925 926 927 928 929]] [62 [930 931 932 935 936 937 938 939 940 941 942]] [63 [945 946 947 948 951 952 954 955 956 957 959]] [64 [960 962 963 964 965 969 970 972 973]] [65 [977 978 979 980 981 982 983 984 985 986 987 988 989]] [66 [990 991 992 993 994 995 996 997 998 999 1000 1001 1002 1003 1004]] [67 [1005 1006 1007 1008 1009 1010 1011 1012 1013 1014 1015 1016 1017 1018 1019]] [68 [1020 1021 1022 1023 1024 1025 1026 1027 1028 1029 1030 1031 1032 1033 1034]] [69 [1035 1036 1037 1038 1039 1040 1041 1042 1043 1045 1046 1047 1048 1049]] [70 [1050 1051 1052 1053 1054 1055 1056 1057 1058 1059 1060 1061 1062 1063 1064]] [71 [1065 1066 1067 1068 1069 1070 1071 1072 1073 1074 1075 1076 1077 1078 1079]] [72 [1081 1082 1084 1088 1089 1094]] [73 [1096 1098 1103 1105 1107 1108 1109]] [74 [1110 1111 1112 1113 1114 1115 1116 1117 1119 1120 1121 1122 1123 1124]] [75 [1125 1126 1127 1128 1129 1130 1131 1132 1133 1134 1135 1136 1137 1138 1139]] [76 [1141 1142 1143 1144 1145 1147 1148 1150 1151 1152 1153]] [77 [1155 1157 1158 1159 1160 1161 1162 1163 1164 1165 1166 1167 1168 1169]] [78 [1170 1171 1172 1173 1174 1175 1176 1177 1178 1179 1180 1181 1182 1183 1184]] [79 [1185 1186 1187 1188 1189 1190 1191 1192 1193 1194 1195 1196 1197 1198 1199]] [80 [1200 1201 1202 1203 1204 1208 1209 1210 1212 1213 1214]] [81 [1215 1216 1217 1218 1219 1220 1221 1222 1223 1224 1225 1226 1227 1228 1229]] [82 [1231 1232 1233 1236 1237 1238 1242 1243 1244]] [83 [1245 1246 1247 1248 1249 1250 1251 1252 1253 1254 1256 1257 1258 1259]] [84 [1260 1261 1262 1263 1265 1267 1269 1270 1271]] [85 [1275 1276 1277 1279 1280 1281 1282 1283 1284 1286 1287]] [86 [1290 1291 1292 1293 1295 1296 1298 1299 1300 1301 1302 1303 1304]] [87 [1305 1306 1307 1308 1309 1310 1311 1312 1313 1314 1315 1316 1317 1318 1319]] [88 [1320 1321 1322 1323 1324 1325 1326 1327 1328 1329 1330 1331 1332 1333 1334]] [89 [1335 1336 1337 1338 1339 1340 1341 1342 1343 1344 1345 1346 1347 1348 1349]] [90 [1350 1351 1352 1353 1354 1355 1356 1357 1358 1359 1360 1361 1363 1364]] [91 [1367 1374 1375 1376 1378 1379]] [92 [1385 1386 1387 1388 1389 1390 1391 1392 1394]] [93 [1395 1396 1398 1403 1404 1405 1406 1407 1408 1409]] [94 [1410 1411 1412 1414 1415 1416 1417 1418 1419 1420 1421 1422 1423 1424]] [95 [1425 1426 1427 1428 1429 1430 1431 1432 1433 1434 1435 1436 1437 1438 1439]] [96 [1441 1442 1443 1447 1448 1451 1452 1453]] [97 [1455 1456 1457 1458 1459 1460 1461 1462 1463 1464 1465 1466 1467 1468 1469]] [98 [1470 1471 1472 1473 1474 1475 1476 1479 1480 1481 1482 1483 1484]] [99 [1485 1486 1487 1488 1489 1490 1491 1492 1493 1494 1495 1496 1497 1498 1499]]]","[[0 [2 3 5 9 14]] [1 [15 18 20 22 26 29]] [2 [30 31 32 33 34 38 40]] [3 [45 46 48 51 52 53 58]] [4 [60 67 68 70 72 74]] [5 [75 76 77 78 81 83 88 89]] [6 [90 92 93 94 95 98 101 102]] [7 [106 107 108 109 110 111 112 116 117 119]] [8 [121 125 126 127 128 130 131 133 134]] [9 [136 138 141 142 144 146 147 149]] [10 [150 151 152 153 154 155 156 158 159 160]] [11 [167 169 170 171 174 175 176]] [12 [181 182 183 185 188 189 190 194]] [13 [196 198 199 203 204 205 206 207]] [14 [213 214 215 219 220 222]] [15 [226 228 229 230 235 236 238 239]] [16 [240 241 243 244 245 248 249 250 251 252 253 254]] [17 [255 256 257 265 268]] [18 [270 273 274 276 279 282 283]] [19 [285 286 288 289 290 291 292 295]] [20 [301 302 304 307 308 309 310 311 312 314]] [21 [315 319 320 322 323 324 328]] [22 [331 333 334 335 338 342]] [23 [347 349 350 354 355]] [24 [360 362 363 372]] [25 [378 380 382 383 385 388 389]] [26 [390 391 393 398 402]] [27 [405 406 407 408 409 412 416 419]] [28 [423 426 428 429 430 433]] [29 [436 438 443 444 445 446 449]] [30 [452 454 455 456 457 462]] [31 [465 469 471 472 475 476 477 478]] [32 [480 488 489 491 492 493]] [33 [496 498 499 503 504 508 509]] [34 [510 511 512 515 516 518 519 523]] [35 [526 527 529 531 532 533 534 538]] [36 [540 541 546 547 548 552 554]] [37 [560 561 563 564 565 566 567 569]] [38 [570 575 578 583 584]] [39 [586 588 589 590 591 595 597 598]] [40 [600 604 605 606 608 612 613 614]] [41 [615 618 619 624 625 626]] [42 [630 631 632 639 640 641]] [43 [647 649 652 653 658 659]] [44 [660 661 662 664 667 668 671 673]] [45 [676 679 682 687]] [46 [690 691 694 703]] [47 [705 708 710 715]] [48 [721 727 729 731 732 733]] [49 [735 736 741 743 746 748 749]] [50 [752 753 754 755 757 758 759 760 762]] [51 [765 767 769 773 775 776]] [52 [780 783 785 787 788 790 791 793 794]] [53 [795 796 798 799 806 807]] [54 [811 817 819 823]] [55 [828 832 836 837]] [56 [840 841 844 845 847 848 850 852 854]] [57 [857 859 863 865 866 867 869]] [58 [873 876 877 880 881 882 883 884]] [59 [885 886 888 889 890 892 894 895 896 899]] [60 [900 907 908 909 911 913 914]] [61 [916 917 919 921 922 923 924 926 929]] [62 [930 931 932 935 937 938 940 941 942]] [63 [945 946 947 951 952 956 957 959]] [64 [960 962 963 964 965 969 970 972 973]] [65 [978 981 982 985 986 987 989]] [66 [990 992 993 997 998 999 1000 1003 1004]] [67 [1008 1009 1010 1013 1019]] [68 [1020 1021 1023 1025 1028 1030 1032 1033 1034]] [69 [1036 1037 1039 1040 1042 1043 1045 1046 1048 1049]] [70 [1052 1053 1054 1057 1060 1064]] [71 [1069 1071 1072 1074 1076 1079]] [72 [1081 1088 1089 1094]] [73 [1096 1098 1103 1105 1107 1108 1109]] [74 [1110 1112 1116 1117 1122 1124]] [75 [1126 1128 1129 1130 1131 1132 1133 1134 1136 1138]] [76 [1142 1147 1148 1150 1153]] [77 [1155 1157 1158 1159 1160 1165 1166 1167 1168 1169]] [78 [1170 1171 1173 1174 1175 1176 1177 1178 1180 1183]] [79 [1185 1186 1193 1194 1195 1197 1199]] [80 [1200 1201 1202 1203 1210 1212 1214]] [81 [1217 1219 1221 1222 1223 1224 1225 1228 1229]] [82 [1231 1232 1233 1236 1237 1238 1242 1243]] [83 [1246 1248 1249 1250 1251 1252 1254 1256 1257 1258 1259]] [84 [1260 1262 1263 1267 1269 1270 1271]] [85 [1275 1276 1279 1280 1281 1282 1283 1287]] [86 [1290 1292 1293 1298 1300]] [87 [1305 1307 1308 1314 1317 1319]] [88 [1320 1321 1322 1324 1326 1328]] [89 [1335 1341 1343 1345 1348]] [90 [1354 1355 1358 1359 1361]] [91 [1367 1374 1378 1379]] [92 [1385 1386 1387 1390 1394]] [93 [1395 1396 1398 1403 1404 1406 1407 1408]] [94 [1410 1411 1414 1415 1417 1418 1421 1422 1423]] [95 [1426 1429 1432 1433 1434 1435 1436 1437]] [96 [1442 1443 1447 1448 1452 1453]] [97 [1457 1458 1459 1460 1461 1463 1464 1467 1468]] [98 [1470 1473 1474 1480 1481 1482 1483]] [99 [1486 1487 1492 1493 1494 1497 1498 1499]]]",,"[[{media 50} [[""A"" [4 4 4 4 4 4 4 4 4 4]]]] [{media 53} [[""A"" [6 6 6 6 6 6 6 6 6 6]]]] [{media 54} [[""A"" [2 2 2 2 2 2 2 2 2 2]]]] [{media 55} [[""A"" [1 1 1 1 1 1 1 1 1 1]]]] [{media 56} [[""A"" [5 5 5 5 5 5 5 5 5 5]]]] [{media 57} [[""A"" [2 2 2 2 2 2 2 2 2 2]]]] [{media 59} [[""A"" [2 2 2 2 2 2 2 2 2 2]]]] [{media 60} [[""A"" [1 1 1 1 1 1 1 1 1 1]]]] [{media 61} [[""A"" [6 6 6 6 6 6 6 6 6 6]]]] [{media 62} [[""A"" [3 3 3 3 3 3 3 3 3 3]]]] [{media 63} [[""A"" [1 1 1 1 1 1 1 1 1 1]]]] [{media 64} [[""A"" [4 4 4 4 4 4 4 4 4 4]]]] [{citizen 35} [[""A"" [1 2 1 2 3 6 5 2 4 4]]]] [{citizen 0} [[""A"" [2 0 0 2 1 2 1 1 2 3]]]] [{citizen 4} [[""A"" [1 3 4 4 2 1 2 4 6 6]]]] [{citizen 9} [[""A"" [5 4 4 4 6 5 1 2 2 1]]]] [{citizen 13} [[""A"" [3 2 1 2 0 1 2 2 4 6]]]] [{citizen 7} [[""A"" [2 2 1 2 1 3 4 4 6 6]]]] [{citizen 26} [[""A"" [2 1 3 4 4 2 3 1 1 0]]]] [{media 58} [[""A"" [5 5 5 5 5 5 5 5 5 5]]]] [{media 51} [[""A"" [2 2 2 2 2 2 2 2 2 2]]]] [{citizen 41} [[""A"" [1 3 4 4 2 2 4 6 6 5]]]] [{citizen 22} [[""A"" [2 1 4 5 4 2 1 3 4 4]]]] [{citizen 21} [[""A"" [2 1 1 2 1 1 2 2 1 2]]]] [{citizen 17} [[""A"" [5 4 3 1 2 0 5 4 1 1]]]] [{citizen 33} [[""A"" [4 3 2 1 2 0 2 2 2 1]]]] [{citizen 25} [[""A"" [0 2 1 5 5 2 2 1 3 1]]]] [{citizen 44} [[""A"" [1 1 2 3 1 4 6 5 5 4]]]] [{citizen 40} [[""A"" [6 6 2 4 3 2 1 2 1 1]]]] [{citizen 11} [[""A"" [1 2 2 3 2 1 1 5 5 4]]]] [{citizen 37} [[""A"" [2 1 0 1 0 1 5 6 5 4]]]] [{citizen 8} [[""A"" [0 0 1 2 1 1 2 1 2 1]]]] [{citizen 28} [[""A"" [1 3 4 4 2 1 5 5 4 6]]]] [{citizen 6} [[""A"" [0 0 2 1 1 2 2 1 2 1]]]] [{citizen 36} [[""A"" [1 3 4 4 1 2 6 5 2 1]]]] [{citizen 46} [[""A"" [3 4 4 2 3 2 1 1 4 1]]]] [{citizen 38} [[""A"" [3 4 1 1 1 2 3 4 6 5]]]] [{citizen 24} [[""A"" [2 2 1 3 2 0 2 3 5 2]]]] [{citizen 12} [[""A"" [1 2 4 6 6 5 1 1 3 1]]]] [{citizen 31} [[""A"" [4 2 1 2 2 1 0 6 4 5]]]] [{citizen 5} [[""A"" [1 1 2 0 6 2 1 2 2 2]]]] [{citizen 15} [[""A"" [1 1 2 0 5 5 1 2 2 2]]]] [{citizen 45} [[""A"" [1 2 5 0 1 1 2 1 1 1]]]] [{citizen 39} [[""A"" [2 2 2 4 4 5 4 6 5 1]]]] [{citizen 19} [[""A"" [4 4 2 2 1 3 4 4 5 6]]]] [{citizen 42} [[""A"" [2 3 4 4 2 3 2 1 2 1]]]] [{citizen 18} [[""A"" [1 2 5 1 1 2 1 1 1 1]]]] [{citizen 48} [[""A"" [3 4 4 2 2 3 1 1 2 0]]]] [{citizen 20} [[""A"" [3 4 4 2 1 2 4 6 6 5]]]] [{citizen 16} [[""A"" [0 1 1 2 1 1 2 2 3 2]]]] [{citizen 23} [[""A"" [1 1 3 4 4 6 0 1 4 5]]]] [{citizen 10} [[""A"" [0 0 2 1 1 2 1 1 2 1]]]] [{citizen 1} [[""A"" [1 4 2 1 2 4 2 3 1 5]]]] [{citizen 3} [[""A"" [1 3 4 4 2 4 5 4 3 1]]]] [{citizen 43} [[""A"" [2 2 1 1 3 4 4 4 6 5]]]] [{media 52} [[""A"" [0 0 0 0 0 0 0 0 0 0]]]] [{citizen 30} [[""A"" [2 3 4 4 4 2 1 4 3 5]]]] [{citizen 2} [[""A"" [2 2 1 1 3 4 4 2 1 1]]]] [{citizen 47} [[""A"" [2 3 2 0 0 1 1 5 5 6]]]] [{citizen 34} [[""A"" [1 3 2 0 0 2 4 3 5 4]]]] [{citizen 32} [[""A"" [1 1 5 1 3 4 4 4 5 3]]]] [{citizen 29} [[""A"" [1 2 0 1 3 2 1 2 5 5]]]] [{citizen 27} [[""A"" [4 0 1 2 2 2 1 1 2 2]]]] [{citizen 14} [[""A"" [0 2 1 1 3 2 2 1 1 1]]]]]"
"50","[85 0 170]","344","14.12808691971097","-5.440704935924355","""box""","""""","9.9","{breed medias}","false","1","1","""up""","0","[[""ID"" 57] [""alpha"" 1] [""beta"" 1] [""malleable"" [""A""]] [""prior"" []] [""cont_tokens"" []] [""A"" 4]]","[]","[]","[[14 [[""A"" 4]]] [29 [[""A"" 4]]] [43 [[""A"" 4]]] [48 [[""A"" 4]]] [68 [[""A"" 4]]] [85 [[""A"" 4]]] [97 [[""A"" 4]]] [108 [[""A"" 4]]] [130 [[""A"" 4]]] [140 [[""A"" 4]]] [156 [[""A"" 4]]] [178 [[""A"" 4]]] [186 [[""A"" 4]]] [200 [[""A"" 4]]] [215 [[""A"" 4]]] [237 [[""A"" 4]]] [252 [[""A"" 4]]] [268 [[""A"" 4]]] [276 [[""A"" 4]]] [298 [[""A"" 4]]] [308 [[""A"" 4]]] [327 [[""A"" 4]]] [332 [[""A"" 4]]] [352 [[""A"" 4]]] [365 [[""A"" 4]]] [385 [[""A"" 4]]] [401 [[""A"" 4]]] [405 [[""A"" 4]]] [430 [[""A"" 4]]] [443 [[""A"" 4]]] [454 [[""A"" 4]]] [471 [[""A"" 4]]] [493 [[""A"" 4]]] [499 [[""A"" 4]]] [513 [[""A"" 4]]] [526 [[""A"" 4]]] [554 [[""A"" 4]]] [564 [[""A"" 4]]] [570 [[""A"" 4]]] [585 [[""A"" 4]]] [600 [[""A"" 4]]] [625 [[""A"" 4]]] [631 [[""A"" 4]]] [651 [[""A"" 4]]] [673 [[""A"" 4]]] [680 [[""A"" 4]]] [701 [[""A"" 4]]] [715 [[""A"" 4]]] [731 [[""A"" 4]]] [735 [[""A"" 4]]] [757 [[""A"" 4]]] [775 [[""A"" 4]]] [792 [[""A"" 4]]] [803 [[""A"" 4]]] [821 [[""A"" 4]]] [833 [[""A"" 4]]] [841 [[""A"" 4]]] [862 [[""A"" 4]]] [875 [[""A"" 4]]] [894 [[""A"" 4]]] [902 [[""A"" 4]]] [918 [[""A"" 4]]] [939 [[""A"" 4]]] [955 [[""A"" 4]]] [961 [[""A"" 4]]] [987 [[""A"" 4]]] [994 [[""A"" 4]]] [1012 [[""A"" 4]]] [1021 [[""A"" 4]]] [1041 [[""A"" 4]]] [1060 [[""A"" 4]]] [1072 [[""A"" 4]]] [1089 [[""A"" 4]]] [1108 [[""A"" 4]]] [1110 [[""A"" 4]]] [1134 [[""A"" 4]]] [1153 [[""A"" 4]]] [1161 [[""A"" 4]]] [1184 [[""A"" 4]]] [1198 [[""A"" 4]]] [1213 [[""A"" 4]]] [1221 [[""A"" 4]]] [1230 [[""A"" 4]]] [1250 [[""A"" 4]]] [1274 [[""A"" 4]]] [1286 [[""A"" 4]]] [1291 [[""A"" 4]]] [1305 [[""A"" 4]]] [1324 [[""A"" 4]]] [1348 [[""A"" 4]]] [1354 [[""A"" 4]]] [1375 [[""A"" 4]]] [1388 [[""A"" 4]]] [1405 [[""A"" 4]]] [1422 [[""A"" 4]]] [1428 [[""A"" 4]]] [1445 [[""A"" 4]]] [1466 [[""A"" 4]]] [1472 [[""A"" 4]]] [1489 [[""A"" 4]]]]",
"51","[170 0 85]","144","-15.972776321509757","7.858217142726655","""box""","""""","9.9","{breed medias}","false","1","1","""up""","0","[[""ID"" 54] [""alpha"" 1] [""beta"" 1] [""malleable"" [""A""]] [""prior"" []] [""cont_tokens"" []] [""A"" 2]]","[]","[]","[[8 [[""A"" 2]]] [19 [[""A"" 2]]] [34 [[""A"" 2]]] [59 [[""A"" 2]]] [65 [[""A"" 2]]] [87 [[""A"" 2]]] [98 [[""A"" 2]]] [119 [[""A"" 2]]] [127 [[""A"" 2]]] [142 [[""A"" 2]]] [153 [[""A"" 2]]] [175 [[""A"" 2]]] [189 [[""A"" 2]]] [208 [[""A"" 2]]] [212 [[""A"" 2]]] [236 [[""A"" 2]]] [244 [[""A"" 2]]] [261 [[""A"" 2]]] [280 [[""A"" 2]]] [289 [[""A"" 2]]] [301 [[""A"" 2]]] [320 [[""A"" 2]]] [336 [[""A"" 2]]] [351 [[""A"" 2]]] [367 [[""A"" 2]]] [379 [[""A"" 2]]] [404 [[""A"" 2]]] [417 [[""A"" 2]]] [420 [[""A"" 2]]] [442 [[""A"" 2]]] [460 [[""A"" 2]]] [476 [[""A"" 2]]] [492 [[""A"" 2]]] [504 [[""A"" 2]]] [512 [[""A"" 2]]] [529 [[""A"" 2]]] [551 [[""A"" 2]]] [569 [[""A"" 2]]] [578 [[""A"" 2]]] [591 [[""A"" 2]]] [614 [[""A"" 2]]] [620 [[""A"" 2]]] [637 [[""A"" 2]]] [655 [[""A"" 2]]] [660 [[""A"" 2]]] [675 [[""A"" 2]]] [699 [[""A"" 2]]] [712 [[""A"" 2]]] [724 [[""A"" 2]]] [742 [[""A"" 2]]] [754 [[""A"" 2]]] [770 [[""A"" 2]]] [784 [[""A"" 2]]] [795 [[""A"" 2]]] [814 [[""A"" 2]]] [834 [[""A"" 2]]] [845 [[""A"" 2]]] [867 [[""A"" 2]]] [884 [[""A"" 2]]] [886 [[""A"" 2]]] [914 [[""A"" 2]]] [919 [[""A"" 2]]] [931 [[""A"" 2]]] [948 [[""A"" 2]]] [972 [[""A"" 2]]] [986 [[""A"" 2]]] [992 [[""A"" 2]]] [1013 [[""A"" 2]]] [1033 [[""A"" 2]]] [1037 [[""A"" 2]]] [1062 [[""A"" 2]]] [1067 [[""A"" 2]]] [1091 [[""A"" 2]]] [1100 [[""A"" 2]]] [1115 [[""A"" 2]]] [1132 [[""A"" 2]]] [1152 [[""A"" 2]]] [1169 [[""A"" 2]]] [1175 [[""A"" 2]]] [1188 [[""A"" 2]]] [1210 [[""A"" 2]]] [1224 [[""A"" 2]]] [1237 [[""A"" 2]]] [1256 [[""A"" 2]]] [1269 [[""A"" 2]]] [1287 [[""A"" 2]]] [1295 [[""A"" 2]]] [1315 [[""A"" 2]]] [1334 [[""A"" 2]]] [1336 [[""A"" 2]]] [1360 [[""A"" 2]]] [1371 [[""A"" 2]]] [1384 [[""A"" 2]]] [1401 [[""A"" 2]]] [1411 [[""A"" 2]]] [1433 [[""A"" 2]]] [1443 [[""A"" 2]]] [1461 [[""A"" 2]]] [1481 [[""A"" 2]]] [1490 [[""A"" 2]]]]",
"52","[255 0 0]","319","2.6665276144584773","16.28955070736084","""box""","""""","9.9","{breed medias}","false","1","1","""up""","0","[[""ID"" 58] [""alpha"" 1] [""beta"" 1] [""malleable"" [""A""]] [""prior"" []] [""cont_tokens"" []] [""A"" 0]]","[]","[]","[[7 [[""A"" 0]]] [23 [[""A"" 0]]] [36 [[""A"" 0]]] [57 [[""A"" 0]]] [61 [[""A"" 0]]] [83 [[""A"" 0]]] [93 [[""A"" 0]]] [117 [[""A"" 0]]] [132 [[""A"" 0]]] [145 [[""A"" 0]]] [161 [[""A"" 0]]] [165 [[""A"" 0]]] [185 [[""A"" 0]]] [199 [[""A"" 0]]] [223 [[""A"" 0]]] [232 [[""A"" 0]]] [240 [[""A"" 0]]] [263 [[""A"" 0]]] [272 [[""A"" 0]]] [285 [[""A"" 0]]] [303 [[""A"" 0]]] [315 [[""A"" 0]]] [344 [[""A"" 0]]] [348 [[""A"" 0]]] [361 [[""A"" 0]]] [381 [[""A"" 0]]] [399 [[""A"" 0]]] [410 [[""A"" 0]]] [431 [[""A"" 0]]] [448 [[""A"" 0]]] [451 [[""A"" 0]]] [473 [[""A"" 0]]] [480 [[""A"" 0]]] [500 [[""A"" 0]]] [522 [[""A"" 0]]] [528 [[""A"" 0]]] [544 [[""A"" 0]]] [555 [[""A"" 0]]] [584 [[""A"" 0]]] [588 [[""A"" 0]]] [601 [[""A"" 0]]] [619 [[""A"" 0]]] [638 [[""A"" 0]]] [656 [[""A"" 0]]] [672 [[""A"" 0]]] [681 [[""A"" 0]]] [692 [[""A"" 0]]] [717 [[""A"" 0]]] [720 [[""A"" 0]]] [744 [[""A"" 0]]] [751 [[""A"" 0]]] [778 [[""A"" 0]]] [791 [[""A"" 0]]] [805 [[""A"" 0]]] [815 [[""A"" 0]]] [826 [[""A"" 0]]] [842 [[""A"" 0]]] [858 [[""A"" 0]]] [877 [[""A"" 0]]] [899 [[""A"" 0]]] [900 [[""A"" 0]]] [926 [[""A"" 0]]] [940 [[""A"" 0]]] [947 [[""A"" 0]]] [960 [[""A"" 0]]] [988 [[""A"" 0]]] [993 [[""A"" 0]]] [1016 [[""A"" 0]]] [1027 [[""A"" 0]]] [1048 [[""A"" 0]]] [1059 [[""A"" 0]]] [1077 [[""A"" 0]]] [1093 [[""A"" 0]]] [1102 [[""A"" 0]]] [1118 [[""A"" 0]]] [1135 [[""A"" 0]]] [1145 [[""A"" 0]]] [1160 [[""A"" 0]]] [1172 [[""A"" 0]]] [1186 [[""A"" 0]]] [1203 [[""A"" 0]]] [1226 [[""A"" 0]]] [1244 [[""A"" 0]]] [1258 [[""A"" 0]]] [1263 [[""A"" 0]]] [1282 [[""A"" 0]]] [1302 [[""A"" 0]]] [1316 [[""A"" 0]]] [1330 [[""A"" 0]]] [1340 [[""A"" 0]]] [1353 [[""A"" 0]]] [1372 [[""A"" 0]]] [1393 [[""A"" 0]]] [1399 [[""A"" 0]]] [1413 [[""A"" 0]]] [1437 [[""A"" 0]]] [1451 [[""A"" 0]]] [1467 [[""A"" 0]]] [1470 [[""A"" 0]]] [1487 [[""A"" 0]]]]",
"53","[0 0 255]","210","15.340673050102481","-15.246411084258616","""box""","""""","9.9","{breed medias}","false","1","1","""up""","0","[[""ID"" 51] [""alpha"" 1] [""beta"" 1] [""malleable"" [""A""]] [""prior"" []] [""cont_tokens"" []] [""A"" 6]]","[]","[]","[[0 [[""A"" 6]]] [20 [[""A"" 6]]] [39 [[""A"" 6]]] [58 [[""A"" 6]]] [71 [[""A"" 6]]] [80 [[""A"" 6]]] [104 [[""A"" 6]]] [118 [[""A"" 6]]] [123 [[""A"" 6]]] [148 [[""A"" 6]]] [162 [[""A"" 6]]] [172 [[""A"" 6]]] [193 [[""A"" 6]]] [201 [[""A"" 6]]] [217 [[""A"" 6]]] [230 [[""A"" 6]]] [253 [[""A"" 6]]] [269 [[""A"" 6]]] [284 [[""A"" 6]]] [293 [[""A"" 6]]] [313 [[""A"" 6]]] [326 [[""A"" 6]]] [330 [[""A"" 6]]] [355 [[""A"" 6]]] [360 [[""A"" 6]]] [389 [[""A"" 6]]] [398 [[""A"" 6]]] [413 [[""A"" 6]]] [433 [[""A"" 6]]] [438 [[""A"" 6]]] [462 [[""A"" 6]]] [479 [[""A"" 6]]] [487 [[""A"" 6]]] [506 [[""A"" 6]]] [521 [[""A"" 6]]] [536 [[""A"" 6]]] [541 [[""A"" 6]]] [558 [[""A"" 6]]] [581 [[""A"" 6]]] [599 [[""A"" 6]]] [606 [[""A"" 6]]] [617 [[""A"" 6]]] [641 [[""A"" 6]]] [649 [[""A"" 6]]] [666 [[""A"" 6]]] [679 [[""A"" 6]]] [694 [[""A"" 6]]] [719 [[""A"" 6]]] [727 [[""A"" 6]]] [741 [[""A"" 6]]] [763 [[""A"" 6]]] [767 [[""A"" 6]]] [789 [[""A"" 6]]] [807 [[""A"" 6]]] [819 [[""A"" 6]]] [828 [[""A"" 6]]] [843 [[""A"" 6]]] [856 [[""A"" 6]]] [871 [[""A"" 6]]] [898 [[""A"" 6]]] [903 [[""A"" 6]]] [927 [[""A"" 6]]] [934 [[""A"" 6]]] [953 [[""A"" 6]]] [971 [[""A"" 6]]] [976 [[""A"" 6]]] [1002 [[""A"" 6]]] [1011 [[""A"" 6]]] [1028 [[""A"" 6]]] [1035 [[""A"" 6]]] [1051 [[""A"" 6]]] [1069 [[""A"" 6]]] [1084 [[""A"" 6]]] [1103 [[""A"" 6]]] [1121 [[""A"" 6]]] [1127 [[""A"" 6]]] [1148 [[""A"" 6]]] [1164 [[""A"" 6]]] [1179 [[""A"" 6]]] [1191 [[""A"" 6]]] [1205 [[""A"" 6]]] [1220 [[""A"" 6]]] [1239 [[""A"" 6]]] [1255 [[""A"" 6]]] [1264 [[""A"" 6]]] [1288 [[""A"" 6]]] [1297 [[""A"" 6]]] [1317 [[""A"" 6]]] [1326 [[""A"" 6]]] [1345 [[""A"" 6]]] [1361 [[""A"" 6]]] [1374 [[""A"" 6]]] [1387 [[""A"" 6]]] [1398 [[""A"" 6]]] [1416 [[""A"" 6]]] [1431 [[""A"" 6]]] [1444 [[""A"" 6]]] [1462 [[""A"" 6]]] [1478 [[""A"" 6]]] [1485 [[""A"" 6]]]]",
"54","[170 0 85]","45","7.957390209936065","1.3424040093861613","""box""","""""","9.9","{breed medias}","false","1","1","""up""","0","[[""ID"" 60] [""alpha"" 1] [""beta"" 1] [""malleable"" [""A""]] [""prior"" []] [""cont_tokens"" []] [""A"" 2]]","[]","[]","[[13 [[""A"" 2]]] [28 [[""A"" 2]]] [32 [[""A"" 2]]] [50 [[""A"" 2]]] [72 [[""A"" 2]]] [77 [[""A"" 2]]] [90 [[""A"" 2]]] [111 [[""A"" 2]]] [131 [[""A"" 2]]] [141 [[""A"" 2]]] [155 [[""A"" 2]]] [169 [[""A"" 2]]] [181 [[""A"" 2]]] [205 [[""A"" 2]]] [216 [[""A"" 2]]] [225 [[""A"" 2]]] [250 [[""A"" 2]]] [267 [[""A"" 2]]] [277 [[""A"" 2]]] [292 [[""A"" 2]]] [309 [[""A"" 2]]] [323 [[""A"" 2]]] [337 [[""A"" 2]]] [353 [[""A"" 2]]] [374 [[""A"" 2]]] [377 [[""A"" 2]]] [400 [[""A"" 2]]] [406 [[""A"" 2]]] [434 [[""A"" 2]]] [441 [[""A"" 2]]] [450 [[""A"" 2]]] [477 [[""A"" 2]]] [483 [[""A"" 2]]] [502 [[""A"" 2]]] [519 [[""A"" 2]]] [527 [[""A"" 2]]] [543 [[""A"" 2]]] [567 [[""A"" 2]]] [572 [[""A"" 2]]] [590 [[""A"" 2]]] [613 [[""A"" 2]]] [628 [[""A"" 2]]] [643 [[""A"" 2]]] [646 [[""A"" 2]]] [664 [[""A"" 2]]] [685 [[""A"" 2]]] [697 [[""A"" 2]]] [709 [[""A"" 2]]] [728 [[""A"" 2]]] [745 [[""A"" 2]]] [760 [[""A"" 2]]] [768 [[""A"" 2]]] [788 [[""A"" 2]]] [808 [[""A"" 2]]] [813 [[""A"" 2]]] [835 [[""A"" 2]]] [850 [[""A"" 2]]] [857 [[""A"" 2]]] [873 [[""A"" 2]]] [892 [[""A"" 2]]] [911 [[""A"" 2]]] [922 [[""A"" 2]]] [942 [[""A"" 2]]] [957 [[""A"" 2]]] [963 [[""A"" 2]]] [981 [[""A"" 2]]] [990 [[""A"" 2]]] [1009 [[""A"" 2]]] [1020 [[""A"" 2]]] [1042 [[""A"" 2]]] [1056 [[""A"" 2]]] [1068 [[""A"" 2]]] [1083 [[""A"" 2]]] [1099 [[""A"" 2]]] [1114 [[""A"" 2]]] [1139 [[""A"" 2]]] [1143 [[""A"" 2]]] [1165 [[""A"" 2]]] [1174 [[""A"" 2]]] [1194 [[""A"" 2]]] [1208 [[""A"" 2]]] [1217 [[""A"" 2]]] [1231 [[""A"" 2]]] [1248 [[""A"" 2]]] [1262 [[""A"" 2]]] [1275 [[""A"" 2]]] [1290 [[""A"" 2]]] [1309 [[""A"" 2]]] [1333 [[""A"" 2]]] [1346 [[""A"" 2]]] [1363 [[""A"" 2]]] [1368 [[""A"" 2]]] [1381 [[""A"" 2]]] [1407 [[""A"" 2]]] [1418 [[""A"" 2]]] [1436 [[""A"" 2]]] [1442 [[""A"" 2]]] [1459 [[""A"" 2]]] [1480 [[""A"" 2]]] [1492 [[""A"" 2]]]]",
"55","[213 0 42]","14","-3.9881255094831403","-3.02231857321274","""box""","""""","9.9","{breed medias}","false","1","1","""up""","0","[[""ID"" 50] [""alpha"" 1] [""beta"" 1] [""malleable"" [""A""]] [""prior"" []] [""cont_tokens"" []] [""A"" 1]]","[]","[]","[[1 [[""A"" 1]]] [24 [[""A"" 1]]] [33 [[""A"" 1]]] [47 [[""A"" 1]]] [69 [[""A"" 1]]] [88 [[""A"" 1]]] [101 [[""A"" 1]]] [110 [[""A"" 1]]] [134 [[""A"" 1]]] [138 [[""A"" 1]]] [151 [[""A"" 1]]] [168 [[""A"" 1]]] [183 [[""A"" 1]]] [196 [[""A"" 1]]] [221 [[""A"" 1]]] [238 [[""A"" 1]]] [248 [[""A"" 1]]] [264 [[""A"" 1]]] [278 [[""A"" 1]]] [290 [[""A"" 1]]] [310 [[""A"" 1]]] [324 [[""A"" 1]]] [341 [[""A"" 1]]] [346 [[""A"" 1]]] [366 [[""A"" 1]]] [375 [[""A"" 1]]] [395 [[""A"" 1]]] [418 [[""A"" 1]]] [432 [[""A"" 1]]] [435 [[""A"" 1]]] [453 [[""A"" 1]]] [466 [[""A"" 1]]] [489 [[""A"" 1]]] [501 [[""A"" 1]]] [516 [[""A"" 1]]] [532 [[""A"" 1]]] [553 [[""A"" 1]]] [562 [[""A"" 1]]] [576 [[""A"" 1]]] [597 [[""A"" 1]]] [603 [[""A"" 1]]] [618 [[""A"" 1]]] [635 [[""A"" 1]]] [659 [[""A"" 1]]] [662 [[""A"" 1]]] [677 [[""A"" 1]]] [693 [[""A"" 1]]] [714 [[""A"" 1]]] [725 [[""A"" 1]]] [747 [[""A"" 1]]] [752 [[""A"" 1]]] [766 [[""A"" 1]]] [793 [[""A"" 1]]] [800 [[""A"" 1]]] [824 [[""A"" 1]]] [839 [[""A"" 1]]] [848 [[""A"" 1]]] [859 [[""A"" 1]]] [883 [[""A"" 1]]] [896 [[""A"" 1]]] [913 [[""A"" 1]]] [917 [[""A"" 1]]] [936 [[""A"" 1]]] [952 [[""A"" 1]]] [962 [[""A"" 1]]] [985 [[""A"" 1]]] [999 [[""A"" 1]]] [1019 [[""A"" 1]]] [1024 [[""A"" 1]]] [1036 [[""A"" 1]]] [1063 [[""A"" 1]]] [1075 [[""A"" 1]]] [1092 [[""A"" 1]]] [1097 [[""A"" 1]]] [1113 [[""A"" 1]]] [1129 [[""A"" 1]]] [1144 [[""A"" 1]]] [1156 [[""A"" 1]]] [1183 [[""A"" 1]]] [1197 [[""A"" 1]]] [1214 [[""A"" 1]]] [1228 [[""A"" 1]]] [1238 [[""A"" 1]]] [1246 [[""A"" 1]]] [1270 [[""A"" 1]]] [1276 [[""A"" 1]]] [1301 [[""A"" 1]]] [1313 [[""A"" 1]]] [1332 [[""A"" 1]]] [1337 [[""A"" 1]]] [1357 [[""A"" 1]]] [1377 [[""A"" 1]]] [1380 [[""A"" 1]]] [1406 [[""A"" 1]]] [1414 [[""A"" 1]]] [1425 [[""A"" 1]]] [1453 [[""A"" 1]]] [1468 [[""A"" 1]]] [1473 [[""A"" 1]]] [1494 [[""A"" 1]]]]",
"56","[43 0 212]","293","-9.873712452360296","15.144179212916171","""box""","""""","9.9","{breed medias}","false","1","1","""up""","0","[[""ID"" 61] [""alpha"" 1] [""beta"" 1] [""malleable"" [""A""]] [""prior"" []] [""cont_tokens"" []] [""A"" 5]]","[]","[]","[[9 [[""A"" 5]]] [26 [[""A"" 5]]] [41 [[""A"" 5]]] [53 [[""A"" 5]]] [73 [[""A"" 5]]] [84 [[""A"" 5]]] [99 [[""A"" 5]]] [105 [[""A"" 5]]] [120 [[""A"" 5]]] [143 [[""A"" 5]]] [164 [[""A"" 5]]] [179 [[""A"" 5]]] [184 [[""A"" 5]]] [197 [[""A"" 5]]] [220 [[""A"" 5]]] [228 [[""A"" 5]]] [246 [[""A"" 5]]] [256 [[""A"" 5]]] [270 [[""A"" 5]]] [294 [[""A"" 5]]] [306 [[""A"" 5]]] [321 [[""A"" 5]]] [335 [[""A"" 5]]] [349 [[""A"" 5]]] [372 [[""A"" 5]]] [380 [[""A"" 5]]] [391 [[""A"" 5]]] [419 [[""A"" 5]]] [426 [[""A"" 5]]] [446 [[""A"" 5]]] [455 [[""A"" 5]]] [465 [[""A"" 5]]] [482 [[""A"" 5]]] [507 [[""A"" 5]]] [514 [[""A"" 5]]] [535 [[""A"" 5]]] [546 [[""A"" 5]]] [560 [[""A"" 5]]] [580 [[""A"" 5]]] [587 [[""A"" 5]]] [608 [[""A"" 5]]] [623 [[""A"" 5]]] [632 [[""A"" 5]]] [647 [[""A"" 5]]] [670 [[""A"" 5]]] [682 [[""A"" 5]]] [690 [[""A"" 5]]] [705 [[""A"" 5]]] [733 [[""A"" 5]]] [746 [[""A"" 5]]] [750 [[""A"" 5]]] [776 [[""A"" 5]]] [783 [[""A"" 5]]] [806 [[""A"" 5]]] [823 [[""A"" 5]]] [837 [[""A"" 5]]] [846 [[""A"" 5]]] [868 [[""A"" 5]]] [870 [[""A"" 5]]] [887 [[""A"" 5]]] [901 [[""A"" 5]]] [925 [[""A"" 5]]] [943 [[""A"" 5]]] [949 [[""A"" 5]]] [968 [[""A"" 5]]] [975 [[""A"" 5]]] [995 [[""A"" 5]]] [1017 [[""A"" 5]]] [1023 [[""A"" 5]]] [1038 [[""A"" 5]]] [1064 [[""A"" 5]]] [1071 [[""A"" 5]]] [1088 [[""A"" 5]]] [1098 [[""A"" 5]]] [1112 [[""A"" 5]]] [1136 [[""A"" 5]]] [1147 [[""A"" 5]]] [1163 [[""A"" 5]]] [1171 [[""A"" 5]]] [1187 [[""A"" 5]]] [1207 [[""A"" 5]]] [1216 [[""A"" 5]]] [1235 [[""A"" 5]]] [1253 [[""A"" 5]]] [1268 [[""A"" 5]]] [1289 [[""A"" 5]]] [1298 [[""A"" 5]]] [1314 [[""A"" 5]]] [1320 [[""A"" 5]]] [1343 [[""A"" 5]]] [1355 [[""A"" 5]]] [1367 [[""A"" 5]]] [1390 [[""A"" 5]]] [1396 [[""A"" 5]]] [1419 [[""A"" 5]]] [1439 [[""A"" 5]]] [1454 [[""A"" 5]]] [1469 [[""A"" 5]]] [1484 [[""A"" 5]]] [1488 [[""A"" 5]]]]",
"57","[170 0 85]","267","12.883914927710826","-9.539966290323754","""box""","""""","9.9","{breed medias}","false","1","1","""up""","0","[[""ID"" 53] [""alpha"" 1] [""beta"" 1] [""malleable"" [""A""]] [""prior"" []] [""cont_tokens"" []] [""A"" 2]]","[]","[]","[[11 [[""A"" 2]]] [21 [[""A"" 2]]] [38 [[""A"" 2]]] [54 [[""A"" 2]]] [64 [[""A"" 2]]] [89 [[""A"" 2]]] [94 [[""A"" 2]]] [112 [[""A"" 2]]] [133 [[""A"" 2]]] [149 [[""A"" 2]]] [152 [[""A"" 2]]] [174 [[""A"" 2]]] [188 [[""A"" 2]]] [202 [[""A"" 2]]] [211 [[""A"" 2]]] [234 [[""A"" 2]]] [249 [[""A"" 2]]] [258 [[""A"" 2]]] [282 [[""A"" 2]]] [288 [[""A"" 2]]] [302 [[""A"" 2]]] [319 [[""A"" 2]]] [333 [[""A"" 2]]] [345 [[""A"" 2]]] [364 [[""A"" 2]]] [387 [[""A"" 2]]] [392 [[""A"" 2]]] [408 [[""A"" 2]]] [427 [[""A"" 2]]] [439 [[""A"" 2]]] [463 [[""A"" 2]]] [470 [[""A"" 2]]] [491 [[""A"" 2]]] [497 [[""A"" 2]]] [524 [[""A"" 2]]] [531 [[""A"" 2]]] [550 [[""A"" 2]]] [556 [[""A"" 2]]] [571 [[""A"" 2]]] [595 [[""A"" 2]]] [611 [[""A"" 2]]] [624 [[""A"" 2]]] [636 [[""A"" 2]]] [645 [[""A"" 2]]] [661 [[""A"" 2]]] [684 [[""A"" 2]]] [700 [[""A"" 2]]] [713 [[""A"" 2]]] [722 [[""A"" 2]]] [739 [[""A"" 2]]] [753 [[""A"" 2]]] [779 [[""A"" 2]]] [781 [[""A"" 2]]] [801 [[""A"" 2]]] [816 [[""A"" 2]]] [825 [[""A"" 2]]] [844 [[""A"" 2]]] [869 [[""A"" 2]]] [878 [[""A"" 2]]] [889 [[""A"" 2]]] [906 [[""A"" 2]]] [916 [[""A"" 2]]] [932 [[""A"" 2]]] [946 [[""A"" 2]]] [973 [[""A"" 2]]] [978 [[""A"" 2]]] [996 [[""A"" 2]]] [1006 [[""A"" 2]]] [1026 [[""A"" 2]]] [1046 [[""A"" 2]]] [1052 [[""A"" 2]]] [1073 [[""A"" 2]]] [1090 [[""A"" 2]]] [1104 [[""A"" 2]]] [1123 [[""A"" 2]]] [1126 [[""A"" 2]]] [1149 [[""A"" 2]]] [1158 [[""A"" 2]]] [1180 [[""A"" 2]]] [1195 [[""A"" 2]]] [1200 [[""A"" 2]]] [1223 [[""A"" 2]]] [1233 [[""A"" 2]]] [1252 [[""A"" 2]]] [1265 [[""A"" 2]]] [1279 [[""A"" 2]]] [1303 [[""A"" 2]]] [1311 [[""A"" 2]]] [1325 [[""A"" 2]]] [1342 [[""A"" 2]]] [1352 [[""A"" 2]]] [1369 [[""A"" 2]]] [1391 [[""A"" 2]]] [1397 [[""A"" 2]]] [1410 [[""A"" 2]]] [1429 [[""A"" 2]]] [1441 [[""A"" 2]]] [1457 [[""A"" 2]]] [1482 [[""A"" 2]]] [1493 [[""A"" 2]]]]",
"58","[43 0 212]","270","7.176140536961441","0.2854745848038647","""box""","""""","9.9","{breed medias}","false","1","1","""up""","0","[[""ID"" 59] [""alpha"" 1] [""beta"" 1] [""malleable"" [""A""]] [""prior"" []] [""cont_tokens"" []] [""A"" 5]]","[]","[]","[[5 [[""A"" 5]]] [18 [[""A"" 5]]] [37 [[""A"" 5]]] [51 [[""A"" 5]]] [67 [[""A"" 5]]] [86 [[""A"" 5]]] [91 [[""A"" 5]]] [114 [[""A"" 5]]] [129 [[""A"" 5]]] [137 [[""A"" 5]]] [158 [[""A"" 5]]] [166 [[""A"" 5]]] [191 [[""A"" 5]]] [207 [[""A"" 5]]] [219 [[""A"" 5]]] [226 [[""A"" 5]]] [242 [[""A"" 5]]] [255 [[""A"" 5]]] [273 [[""A"" 5]]] [287 [[""A"" 5]]] [307 [[""A"" 5]]] [325 [[""A"" 5]]] [342 [[""A"" 5]]] [354 [[""A"" 5]]] [362 [[""A"" 5]]] [378 [[""A"" 5]]] [402 [[""A"" 5]]] [416 [[""A"" 5]]] [428 [[""A"" 5]]] [449 [[""A"" 5]]] [456 [[""A"" 5]]] [469 [[""A"" 5]]] [490 [[""A"" 5]]] [498 [[""A"" 5]]] [520 [[""A"" 5]]] [539 [[""A"" 5]]] [548 [[""A"" 5]]] [563 [[""A"" 5]]] [582 [[""A"" 5]]] [596 [[""A"" 5]]] [605 [[""A"" 5]]] [626 [[""A"" 5]]] [639 [[""A"" 5]]] [652 [[""A"" 5]]] [663 [[""A"" 5]]] [676 [[""A"" 5]]] [691 [[""A"" 5]]] [710 [[""A"" 5]]] [729 [[""A"" 5]]] [743 [[""A"" 5]]] [764 [[""A"" 5]]] [769 [[""A"" 5]]] [786 [[""A"" 5]]] [798 [[""A"" 5]]] [811 [[""A"" 5]]] [836 [[""A"" 5]]] [849 [[""A"" 5]]] [860 [[""A"" 5]]] [874 [[""A"" 5]]] [893 [[""A"" 5]]] [912 [[""A"" 5]]] [920 [[""A"" 5]]] [933 [[""A"" 5]]] [958 [[""A"" 5]]] [966 [[""A"" 5]]] [979 [[""A"" 5]]] [1004 [[""A"" 5]]] [1014 [[""A"" 5]]] [1025 [[""A"" 5]]] [1047 [[""A"" 5]]] [1057 [[""A"" 5]]] [1076 [[""A"" 5]]] [1094 [[""A"" 5]]] [1105 [[""A"" 5]]] [1116 [[""A"" 5]]] [1125 [[""A"" 5]]] [1150 [[""A"" 5]]] [1155 [[""A"" 5]]] [1182 [[""A"" 5]]] [1196 [[""A"" 5]]] [1211 [[""A"" 5]]] [1215 [[""A"" 5]]] [1240 [[""A"" 5]]] [1247 [[""A"" 5]]] [1272 [[""A"" 5]]] [1285 [[""A"" 5]]] [1300 [[""A"" 5]]] [1307 [[""A"" 5]]] [1322 [[""A"" 5]]] [1335 [[""A"" 5]]] [1359 [[""A"" 5]]] [1379 [[""A"" 5]]] [1394 [[""A"" 5]]] [1395 [[""A"" 5]]] [1412 [[""A"" 5]]] [1427 [[""A"" 5]]] [1449 [[""A"" 5]]] [1465 [[""A"" 5]]] [1479 [[""A"" 5]]] [1491 [[""A"" 5]]]]",
"59","[170 0 85]","300","-3.498585671194121","-12.165625496096059","""box""","""""","9.9","{breed medias}","false","1","1","""up""","0","[[""ID"" 63] [""alpha"" 1] [""beta"" 1] [""malleable"" [""A""]] [""prior"" []] [""cont_tokens"" []] [""A"" 2]]","[]","[]","[[6 [[""A"" 2]]] [17 [[""A"" 2]]] [30 [[""A"" 2]]] [45 [[""A"" 2]]] [70 [[""A"" 2]]] [76 [[""A"" 2]]] [92 [[""A"" 2]]] [109 [[""A"" 2]]] [128 [[""A"" 2]]] [136 [[""A"" 2]]] [150 [[""A"" 2]]] [170 [[""A"" 2]]] [182 [[""A"" 2]]] [204 [[""A"" 2]]] [210 [[""A"" 2]]] [239 [[""A"" 2]]] [243 [[""A"" 2]]] [259 [[""A"" 2]]] [271 [[""A"" 2]]] [286 [[""A"" 2]]] [311 [[""A"" 2]]] [316 [[""A"" 2]]] [343 [[""A"" 2]]] [358 [[""A"" 2]]] [368 [[""A"" 2]]] [386 [[""A"" 2]]] [394 [[""A"" 2]]] [409 [[""A"" 2]]] [421 [[""A"" 2]]] [447 [[""A"" 2]]] [458 [[""A"" 2]]] [467 [[""A"" 2]]] [485 [[""A"" 2]]] [508 [[""A"" 2]]] [510 [[""A"" 2]]] [525 [[""A"" 2]]] [542 [[""A"" 2]]] [557 [[""A"" 2]]] [583 [[""A"" 2]]] [598 [[""A"" 2]]] [602 [[""A"" 2]]] [622 [[""A"" 2]]] [644 [[""A"" 2]]] [658 [[""A"" 2]]] [667 [[""A"" 2]]] [686 [[""A"" 2]]] [702 [[""A"" 2]]] [716 [[""A"" 2]]] [723 [[""A"" 2]]] [737 [[""A"" 2]]] [758 [[""A"" 2]]] [777 [[""A"" 2]]] [787 [[""A"" 2]]] [809 [[""A"" 2]]] [818 [[""A"" 2]]] [831 [[""A"" 2]]] [847 [[""A"" 2]]] [866 [[""A"" 2]]] [881 [[""A"" 2]]] [885 [[""A"" 2]]] [908 [[""A"" 2]]] [924 [[""A"" 2]]] [941 [[""A"" 2]]] [956 [[""A"" 2]]] [964 [[""A"" 2]]] [989 [[""A"" 2]]] [998 [[""A"" 2]]] [1007 [[""A"" 2]]] [1029 [[""A"" 2]]] [1040 [[""A"" 2]]] [1055 [[""A"" 2]]] [1065 [[""A"" 2]]] [1080 [[""A"" 2]]] [1101 [[""A"" 2]]] [1124 [[""A"" 2]]] [1130 [[""A"" 2]]] [1146 [[""A"" 2]]] [1167 [[""A"" 2]]] [1176 [[""A"" 2]]] [1193 [[""A"" 2]]] [1201 [[""A"" 2]]] [1225 [[""A"" 2]]] [1242 [[""A"" 2]]] [1257 [[""A"" 2]]] [1271 [[""A"" 2]]] [1280 [[""A"" 2]]] [1296 [[""A"" 2]]] [1318 [[""A"" 2]]] [1331 [[""A"" 2]]] [1339 [[""A"" 2]]] [1364 [[""A"" 2]]] [1365 [[""A"" 2]]] [1392 [[""A"" 2]]] [1404 [[""A"" 2]]] [1424 [[""A"" 2]]] [1426 [[""A"" 2]]] [1448 [[""A"" 2]]] [1463 [[""A"" 2]]] [1471 [[""A"" 2]]] [1498 [[""A"" 2]]]]",
"60","[213 0 42]","63","-9.871442763613747","10.007143263650182","""box""","""""","9.9","{breed medias}","false","1","1","""up""","0","[[""ID"" 64] [""alpha"" 1] [""beta"" 1] [""malleable"" [""A""]] [""prior"" []] [""cont_tokens"" []] [""A"" 1]]","[]","[]","[[10 [[""A"" 1]]] [16 [[""A"" 1]]] [40 [[""A"" 1]]] [56 [[""A"" 1]]] [62 [[""A"" 1]]] [81 [[""A"" 1]]] [95 [[""A"" 1]]] [106 [[""A"" 1]]] [125 [[""A"" 1]]] [146 [[""A"" 1]]] [163 [[""A"" 1]]] [171 [[""A"" 1]]] [194 [[""A"" 1]]] [203 [[""A"" 1]]] [224 [[""A"" 1]]] [231 [[""A"" 1]]] [245 [[""A"" 1]]] [260 [[""A"" 1]]] [281 [[""A"" 1]]] [295 [[""A"" 1]]] [314 [[""A"" 1]]] [328 [[""A"" 1]]] [340 [[""A"" 1]]] [359 [[""A"" 1]]] [370 [[""A"" 1]]] [384 [[""A"" 1]]] [397 [[""A"" 1]]] [414 [[""A"" 1]]] [425 [[""A"" 1]]] [440 [[""A"" 1]]] [464 [[""A"" 1]]] [468 [[""A"" 1]]] [488 [[""A"" 1]]] [495 [[""A"" 1]]] [511 [[""A"" 1]]] [533 [[""A"" 1]]] [545 [[""A"" 1]]] [559 [[""A"" 1]]] [577 [[""A"" 1]]] [586 [[""A"" 1]]] [609 [[""A"" 1]]] [615 [[""A"" 1]]] [633 [[""A"" 1]]] [654 [[""A"" 1]]] [674 [[""A"" 1]]] [683 [[""A"" 1]]] [698 [[""A"" 1]]] [706 [[""A"" 1]]] [730 [[""A"" 1]]] [738 [[""A"" 1]]] [756 [[""A"" 1]]] [771 [[""A"" 1]]] [794 [[""A"" 1]]] [797 [[""A"" 1]]] [822 [[""A"" 1]]] [838 [[""A"" 1]]] [852 [[""A"" 1]]] [865 [[""A"" 1]]] [876 [[""A"" 1]]] [888 [[""A"" 1]]] [907 [[""A"" 1]]] [923 [[""A"" 1]]] [930 [[""A"" 1]]] [951 [[""A"" 1]]] [970 [[""A"" 1]]] [984 [[""A"" 1]]] [1000 [[""A"" 1]]] [1010 [[""A"" 1]]] [1034 [[""A"" 1]]] [1049 [[""A"" 1]]] [1058 [[""A"" 1]]] [1078 [[""A"" 1]]] [1085 [[""A"" 1]]] [1095 [[""A"" 1]]] [1120 [[""A"" 1]]] [1128 [[""A"" 1]]] [1151 [[""A"" 1]]] [1159 [[""A"" 1]]] [1178 [[""A"" 1]]] [1199 [[""A"" 1]]] [1202 [[""A"" 1]]] [1227 [[""A"" 1]]] [1236 [[""A"" 1]]] [1259 [[""A"" 1]]] [1267 [[""A"" 1]]] [1281 [[""A"" 1]]] [1299 [[""A"" 1]]] [1306 [[""A"" 1]]] [1329 [[""A"" 1]]] [1344 [[""A"" 1]]] [1350 [[""A"" 1]]] [1366 [[""A"" 1]]] [1382 [[""A"" 1]]] [1400 [[""A"" 1]]] [1415 [[""A"" 1]]] [1435 [[""A"" 1]]] [1447 [[""A"" 1]]] [1464 [[""A"" 1]]] [1483 [[""A"" 1]]] [1499 [[""A"" 1]]]]",
"61","[0 0 255]","339","-12.06370565021011","0.05669757981106471","""box""","""""","9.9","{breed medias}","false","1","1","""up""","0","[[""ID"" 52] [""alpha"" 1] [""beta"" 1] [""malleable"" [""A""]] [""prior"" []] [""cont_tokens"" []] [""A"" 6]]","[]","[]","[[4 [[""A"" 6]]] [22 [[""A"" 6]]] [44 [[""A"" 6]]] [49 [[""A"" 6]]] [60 [[""A"" 6]]] [82 [[""A"" 6]]] [100 [[""A"" 6]]] [113 [[""A"" 6]]] [122 [[""A"" 6]]] [139 [[""A"" 6]]] [157 [[""A"" 6]]] [173 [[""A"" 6]]] [180 [[""A"" 6]]] [195 [[""A"" 6]]] [222 [[""A"" 6]]] [229 [[""A"" 6]]] [254 [[""A"" 6]]] [257 [[""A"" 6]]] [275 [[""A"" 6]]] [299 [[""A"" 6]]] [305 [[""A"" 6]]] [329 [[""A"" 6]]] [339 [[""A"" 6]]] [350 [[""A"" 6]]] [363 [[""A"" 6]]] [383 [[""A"" 6]]] [393 [[""A"" 6]]] [411 [[""A"" 6]]] [423 [[""A"" 6]]] [436 [[""A"" 6]]] [457 [[""A"" 6]]] [474 [[""A"" 6]]] [486 [[""A"" 6]]] [496 [[""A"" 6]]] [517 [[""A"" 6]]] [530 [[""A"" 6]]] [547 [[""A"" 6]]] [561 [[""A"" 6]]] [573 [[""A"" 6]]] [592 [[""A"" 6]]] [604 [[""A"" 6]]] [616 [[""A"" 6]]] [640 [[""A"" 6]]] [657 [[""A"" 6]]] [669 [[""A"" 6]]] [687 [[""A"" 6]]] [703 [[""A"" 6]]] [718 [[""A"" 6]]] [721 [[""A"" 6]]] [736 [[""A"" 6]]] [761 [[""A"" 6]]] [773 [[""A"" 6]]] [780 [[""A"" 6]]] [799 [[""A"" 6]]] [817 [[""A"" 6]]] [832 [[""A"" 6]]] [853 [[""A"" 6]]] [864 [[""A"" 6]]] [879 [[""A"" 6]]] [897 [[""A"" 6]]] [905 [[""A"" 6]]] [915 [[""A"" 6]]] [944 [[""A"" 6]]] [950 [[""A"" 6]]] [967 [[""A"" 6]]] [980 [[""A"" 6]]] [991 [[""A"" 6]]] [1018 [[""A"" 6]]] [1031 [[""A"" 6]]] [1044 [[""A"" 6]]] [1054 [[""A"" 6]]] [1079 [[""A"" 6]]] [1082 [[""A"" 6]]] [1096 [[""A"" 6]]] [1119 [[""A"" 6]]] [1138 [[""A"" 6]]] [1142 [[""A"" 6]]] [1162 [[""A"" 6]]] [1181 [[""A"" 6]]] [1192 [[""A"" 6]]] [1206 [[""A"" 6]]] [1218 [[""A"" 6]]] [1234 [[""A"" 6]]] [1245 [[""A"" 6]]] [1266 [[""A"" 6]]] [1278 [[""A"" 6]]] [1294 [[""A"" 6]]] [1308 [[""A"" 6]]] [1328 [[""A"" 6]]] [1349 [[""A"" 6]]] [1351 [[""A"" 6]]] [1378 [[""A"" 6]]] [1386 [[""A"" 6]]] [1409 [[""A"" 6]]] [1420 [[""A"" 6]]] [1430 [[""A"" 6]]] [1446 [[""A"" 6]]] [1455 [[""A"" 6]]] [1477 [[""A"" 6]]] [1496 [[""A"" 6]]]]",
"62","[128 0 127]","328","4.35068054015499","-1.2056071747464312","""box""","""""","9.9","{breed medias}","false","1","1","""up""","0","[[""ID"" 62] [""alpha"" 1] [""beta"" 1] [""malleable"" [""A""]] [""prior"" []] [""cont_tokens"" []] [""A"" 3]]","[]","[]","[[2 [[""A"" 3]]] [25 [[""A"" 3]]] [42 [[""A"" 3]]] [46 [[""A"" 3]]] [63 [[""A"" 3]]] [75 [[""A"" 3]]] [102 [[""A"" 3]]] [107 [[""A"" 3]]] [126 [[""A"" 3]]] [144 [[""A"" 3]]] [160 [[""A"" 3]]] [167 [[""A"" 3]]] [190 [[""A"" 3]]] [209 [[""A"" 3]]] [214 [[""A"" 3]]] [233 [[""A"" 3]]] [251 [[""A"" 3]]] [266 [[""A"" 3]]] [274 [[""A"" 3]]] [297 [[""A"" 3]]] [304 [[""A"" 3]]] [317 [[""A"" 3]]] [334 [[""A"" 3]]] [357 [[""A"" 3]]] [369 [[""A"" 3]]] [388 [[""A"" 3]]] [396 [[""A"" 3]]] [412 [[""A"" 3]]] [422 [[""A"" 3]]] [445 [[""A"" 3]]] [461 [[""A"" 3]]] [475 [[""A"" 3]]] [484 [[""A"" 3]]] [503 [[""A"" 3]]] [515 [[""A"" 3]]] [538 [[""A"" 3]]] [552 [[""A"" 3]]] [565 [[""A"" 3]]] [575 [[""A"" 3]]] [593 [[""A"" 3]]] [607 [[""A"" 3]]] [627 [[""A"" 3]]] [634 [[""A"" 3]]] [648 [[""A"" 3]]] [671 [[""A"" 3]]] [689 [[""A"" 3]]] [696 [[""A"" 3]]] [711 [[""A"" 3]]] [726 [[""A"" 3]]] [749 [[""A"" 3]]] [762 [[""A"" 3]]] [774 [[""A"" 3]]] [785 [[""A"" 3]]] [804 [[""A"" 3]]] [810 [[""A"" 3]]] [830 [[""A"" 3]]] [840 [[""A"" 3]]] [855 [[""A"" 3]]] [882 [[""A"" 3]]] [895 [[""A"" 3]]] [904 [[""A"" 3]]] [921 [[""A"" 3]]] [937 [[""A"" 3]]] [945 [[""A"" 3]]] [969 [[""A"" 3]]] [982 [[""A"" 3]]] [1003 [[""A"" 3]]] [1008 [[""A"" 3]]] [1032 [[""A"" 3]]] [1043 [[""A"" 3]]] [1050 [[""A"" 3]]] [1066 [[""A"" 3]]] [1086 [[""A"" 3]]] [1107 [[""A"" 3]]] [1117 [[""A"" 3]]] [1133 [[""A"" 3]]] [1140 [[""A"" 3]]] [1168 [[""A"" 3]]] [1173 [[""A"" 3]]] [1189 [[""A"" 3]]] [1204 [[""A"" 3]]] [1219 [[""A"" 3]]] [1243 [[""A"" 3]]] [1251 [[""A"" 3]]] [1261 [[""A"" 3]]] [1277 [[""A"" 3]]] [1292 [[""A"" 3]]] [1310 [[""A"" 3]]] [1323 [[""A"" 3]]] [1338 [[""A"" 3]]] [1356 [[""A"" 3]]] [1370 [[""A"" 3]]] [1389 [[""A"" 3]]] [1408 [[""A"" 3]]] [1421 [[""A"" 3]]] [1432 [[""A"" 3]]] [1440 [[""A"" 3]]] [1460 [[""A"" 3]]] [1476 [[""A"" 3]]] [1497 [[""A"" 3]]]]",
"63","[213 0 42]","192","-12.946350489308427","-15.423406199240876","""box""","""""","9.9","{breed medias}","false","1","1","""up""","0","[[""ID"" 55] [""alpha"" 1] [""beta"" 1] [""malleable"" [""A""]] [""prior"" []] [""cont_tokens"" []] [""A"" 1]]","[]","[]","[[12 [[""A"" 1]]] [27 [[""A"" 1]]] [31 [[""A"" 1]]] [55 [[""A"" 1]]] [74 [[""A"" 1]]] [78 [[""A"" 1]]] [103 [[""A"" 1]]] [116 [[""A"" 1]]] [121 [[""A"" 1]]] [147 [[""A"" 1]]] [154 [[""A"" 1]]] [176 [[""A"" 1]]] [192 [[""A"" 1]]] [198 [[""A"" 1]]] [218 [[""A"" 1]]] [227 [[""A"" 1]]] [241 [[""A"" 1]]] [262 [[""A"" 1]]] [283 [[""A"" 1]]] [291 [[""A"" 1]]] [312 [[""A"" 1]]] [322 [[""A"" 1]]] [331 [[""A"" 1]]] [356 [[""A"" 1]]] [373 [[""A"" 1]]] [376 [[""A"" 1]]] [403 [[""A"" 1]]] [415 [[""A"" 1]]] [424 [[""A"" 1]]] [437 [[""A"" 1]]] [459 [[""A"" 1]]] [478 [[""A"" 1]]] [494 [[""A"" 1]]] [509 [[""A"" 1]]] [518 [[""A"" 1]]] [534 [[""A"" 1]]] [549 [[""A"" 1]]] [566 [[""A"" 1]]] [574 [[""A"" 1]]] [589 [[""A"" 1]]] [610 [[""A"" 1]]] [629 [[""A"" 1]]] [642 [[""A"" 1]]] [650 [[""A"" 1]]] [668 [[""A"" 1]]] [678 [[""A"" 1]]] [695 [[""A"" 1]]] [707 [[""A"" 1]]] [734 [[""A"" 1]]] [740 [[""A"" 1]]] [759 [[""A"" 1]]] [772 [[""A"" 1]]] [790 [[""A"" 1]]] [802 [[""A"" 1]]] [812 [[""A"" 1]]] [827 [[""A"" 1]]] [854 [[""A"" 1]]] [863 [[""A"" 1]]] [880 [[""A"" 1]]] [891 [[""A"" 1]]] [909 [[""A"" 1]]] [929 [[""A"" 1]]] [938 [[""A"" 1]]] [959 [[""A"" 1]]] [965 [[""A"" 1]]] [983 [[""A"" 1]]] [997 [[""A"" 1]]] [1005 [[""A"" 1]]] [1022 [[""A"" 1]]] [1039 [[""A"" 1]]] [1061 [[""A"" 1]]] [1070 [[""A"" 1]]] [1087 [[""A"" 1]]] [1106 [[""A"" 1]]] [1111 [[""A"" 1]]] [1137 [[""A"" 1]]] [1154 [[""A"" 1]]] [1166 [[""A"" 1]]] [1177 [[""A"" 1]]] [1185 [[""A"" 1]]] [1212 [[""A"" 1]]] [1229 [[""A"" 1]]] [1232 [[""A"" 1]]] [1254 [[""A"" 1]]] [1260 [[""A"" 1]]] [1283 [[""A"" 1]]] [1304 [[""A"" 1]]] [1312 [[""A"" 1]]] [1327 [[""A"" 1]]] [1347 [[""A"" 1]]] [1362 [[""A"" 1]]] [1373 [[""A"" 1]]] [1383 [[""A"" 1]]] [1402 [[""A"" 1]]] [1417 [[""A"" 1]]] [1434 [[""A"" 1]]] [1452 [[""A"" 1]]] [1458 [[""A"" 1]]] [1474 [[""A"" 1]]] [1486 [[""A"" 1]]]]",
"64","[85 0 170]","195","-6.355575476095396","-5.90937847137984","""box""","""""","9.9","{breed medias}","false","1","1","""up""","0","[[""ID"" 56] [""alpha"" 1] [""beta"" 1] [""malleable"" [""A""]] [""prior"" []] [""cont_tokens"" []] [""A"" 4]]","[]","[]","[[3 [[""A"" 4]]] [15 [[""A"" 4]]] [35 [[""A"" 4]]] [52 [[""A"" 4]]] [66 [[""A"" 4]]] [79 [[""A"" 4]]] [96 [[""A"" 4]]] [115 [[""A"" 4]]] [124 [[""A"" 4]]] [135 [[""A"" 4]]] [159 [[""A"" 4]]] [177 [[""A"" 4]]] [187 [[""A"" 4]]] [206 [[""A"" 4]]] [213 [[""A"" 4]]] [235 [[""A"" 4]]] [247 [[""A"" 4]]] [265 [[""A"" 4]]] [279 [[""A"" 4]]] [296 [[""A"" 4]]] [300 [[""A"" 4]]] [318 [[""A"" 4]]] [338 [[""A"" 4]]] [347 [[""A"" 4]]] [371 [[""A"" 4]]] [382 [[""A"" 4]]] [390 [[""A"" 4]]] [407 [[""A"" 4]]] [429 [[""A"" 4]]] [444 [[""A"" 4]]] [452 [[""A"" 4]]] [472 [[""A"" 4]]] [481 [[""A"" 4]]] [505 [[""A"" 4]]] [523 [[""A"" 4]]] [537 [[""A"" 4]]] [540 [[""A"" 4]]] [568 [[""A"" 4]]] [579 [[""A"" 4]]] [594 [[""A"" 4]]] [612 [[""A"" 4]]] [621 [[""A"" 4]]] [630 [[""A"" 4]]] [653 [[""A"" 4]]] [665 [[""A"" 4]]] [688 [[""A"" 4]]] [704 [[""A"" 4]]] [708 [[""A"" 4]]] [732 [[""A"" 4]]] [748 [[""A"" 4]]] [755 [[""A"" 4]]] [765 [[""A"" 4]]] [782 [[""A"" 4]]] [796 [[""A"" 4]]] [820 [[""A"" 4]]] [829 [[""A"" 4]]] [851 [[""A"" 4]]] [861 [[""A"" 4]]] [872 [[""A"" 4]]] [890 [[""A"" 4]]] [910 [[""A"" 4]]] [928 [[""A"" 4]]] [935 [[""A"" 4]]] [954 [[""A"" 4]]] [974 [[""A"" 4]]] [977 [[""A"" 4]]] [1001 [[""A"" 4]]] [1015 [[""A"" 4]]] [1030 [[""A"" 4]]] [1045 [[""A"" 4]]] [1053 [[""A"" 4]]] [1074 [[""A"" 4]]] [1081 [[""A"" 4]]] [1109 [[""A"" 4]]] [1122 [[""A"" 4]]] [1131 [[""A"" 4]]] [1141 [[""A"" 4]]] [1157 [[""A"" 4]]] [1170 [[""A"" 4]]] [1190 [[""A"" 4]]] [1209 [[""A"" 4]]] [1222 [[""A"" 4]]] [1241 [[""A"" 4]]] [1249 [[""A"" 4]]] [1273 [[""A"" 4]]] [1284 [[""A"" 4]]] [1293 [[""A"" 4]]] [1319 [[""A"" 4]]] [1321 [[""A"" 4]]] [1341 [[""A"" 4]]] [1358 [[""A"" 4]]] [1376 [[""A"" 4]]] [1385 [[""A"" 4]]] [1403 [[""A"" 4]]] [1423 [[""A"" 4]]] [1438 [[""A"" 4]]] [1450 [[""A"" 4]]] [1456 [[""A"" 4]]] [1475 [[""A"" 4]]] [1495 [[""A"" 4]]]]",

"PATCHES"
"pxcor","pycor","pcolor","plabel","plabel-color"
"-16","16","9.9","""""","9.9"
"-15","16","9.9","""""","9.9"
"-14","16","9.9","""""","9.9"
"-13","16","9.9","""""","9.9"
"-12","16","9.9","""""","9.9"
"-11","16","9.9","""""","9.9"
"-10","16","9.9","""""","9.9"
"-9","16","9.9","""""","9.9"
"-8","16","9.9","""""","9.9"
"-7","16","9.9","""""","9.9"
"-6","16","9.9","""""","9.9"
"-5","16","9.9","""""","9.9"
"-4","16","9.9","""""","9.9"
"-3","16","9.9","""""","9.9"
"-2","16","9.9","""""","9.9"
"-1","16","9.9","""""","9.9"
"0","16","9.9","""""","9.9"
"1","16","9.9","""""","9.9"
"2","16","9.9","""""","9.9"
"3","16","9.9","""""","9.9"
"4","16","9.9","""""","9.9"
"5","16","9.9","""""","9.9"
"6","16","9.9","""""","9.9"
"7","16","9.9","""""","9.9"
"8","16","9.9","""""","9.9"
"9","16","9.9","""""","9.9"
"10","16","9.9","""""","9.9"
"11","16","9.9","""""","9.9"
"12","16","9.9","""""","9.9"
"13","16","9.9","""""","9.9"
"14","16","9.9","""""","9.9"
"15","16","9.9","""""","9.9"
"16","16","9.9","""""","9.9"
"-16","15","9.9","""""","9.9"
"-15","15","9.9","""""","9.9"
"-14","15","9.9","""""","9.9"
"-13","15","9.9","""""","9.9"
"-12","15","9.9","""""","9.9"
"-11","15","9.9","""""","9.9"
"-10","15","9.9","""""","9.9"
"-9","15","9.9","""""","9.9"
"-8","15","9.9","""""","9.9"
"-7","15","9.9","""""","9.9"
"-6","15","9.9","""""","9.9"
"-5","15","9.9","""""","9.9"
"-4","15","9.9","""""","9.9"
"-3","15","9.9","""""","9.9"
"-2","15","9.9","""""","9.9"
"-1","15","9.9","""""","9.9"
"0","15","9.9","""""","9.9"
"1","15","9.9","""""","9.9"
"2","15","9.9","""""","9.9"
"3","15","9.9","""""","9.9"
"4","15","9.9","""""","9.9"
"5","15","9.9","""""","9.9"
"6","15","9.9","""""","9.9"
"7","15","9.9","""""","9.9"
"8","15","9.9","""""","9.9"
"9","15","9.9","""""","9.9"
"10","15","9.9","""""","9.9"
"11","15","9.9","""""","9.9"
"12","15","9.9","""""","9.9"
"13","15","9.9","""""","9.9"
"14","15","9.9","""""","9.9"
"15","15","9.9","""""","9.9"
"16","15","9.9","""""","9.9"
"-16","14","9.9","""""","9.9"
"-15","14","9.9","""""","9.9"
"-14","14","9.9","""""","9.9"
"-13","14","9.9","""""","9.9"
"-12","14","9.9","""""","9.9"
"-11","14","9.9","""""","9.9"
"-10","14","9.9","""""","9.9"
"-9","14","9.9","""""","9.9"
"-8","14","9.9","""""","9.9"
"-7","14","9.9","""""","9.9"
"-6","14","9.9","""""","9.9"
"-5","14","9.9","""""","9.9"
"-4","14","9.9","""""","9.9"
"-3","14","9.9","""""","9.9"
"-2","14","9.9","""""","9.9"
"-1","14","9.9","""""","9.9"
"0","14","9.9","""""","9.9"
"1","14","9.9","""""","9.9"
"2","14","9.9","""""","9.9"
"3","14","9.9","""""","9.9"
"4","14","9.9","""""","9.9"
"5","14","9.9","""""","9.9"
"6","14","9.9","""""","9.9"
"7","14","9.9","""""","9.9"
"8","14","9.9","""""","9.9"
"9","14","9.9","""""","9.9"
"10","14","9.9","""""","9.9"
"11","14","9.9","""""","9.9"
"12","14","9.9","""""","9.9"
"13","14","9.9","""""","9.9"
"14","14","9.9","""""","9.9"
"15","14","9.9","""""","9.9"
"16","14","9.9","""""","9.9"
"-16","13","9.9","""""","9.9"
"-15","13","9.9","""""","9.9"
"-14","13","9.9","""""","9.9"
"-13","13","9.9","""""","9.9"
"-12","13","9.9","""""","9.9"
"-11","13","9.9","""""","9.9"
"-10","13","9.9","""""","9.9"
"-9","13","9.9","""""","9.9"
"-8","13","9.9","""""","9.9"
"-7","13","9.9","""""","9.9"
"-6","13","9.9","""""","9.9"
"-5","13","9.9","""""","9.9"
"-4","13","9.9","""""","9.9"
"-3","13","9.9","""""","9.9"
"-2","13","9.9","""""","9.9"
"-1","13","9.9","""""","9.9"
"0","13","9.9","""""","9.9"
"1","13","9.9","""""","9.9"
"2","13","9.9","""""","9.9"
"3","13","9.9","""""","9.9"
"4","13","9.9","""""","9.9"
"5","13","9.9","""""","9.9"
"6","13","9.9","""""","9.9"
"7","13","9.9","""""","9.9"
"8","13","9.9","""""","9.9"
"9","13","9.9","""""","9.9"
"10","13","9.9","""""","9.9"
"11","13","9.9","""""","9.9"
"12","13","9.9","""""","9.9"
"13","13","9.9","""""","9.9"
"14","13","9.9","""""","9.9"
"15","13","9.9","""""","9.9"
"16","13","9.9","""""","9.9"
"-16","12","9.9","""""","9.9"
"-15","12","9.9","""""","9.9"
"-14","12","9.9","""""","9.9"
"-13","12","9.9","""""","9.9"
"-12","12","9.9","""""","9.9"
"-11","12","9.9","""""","9.9"
"-10","12","9.9","""""","9.9"
"-9","12","9.9","""""","9.9"
"-8","12","9.9","""""","9.9"
"-7","12","9.9","""""","9.9"
"-6","12","9.9","""""","9.9"
"-5","12","9.9","""""","9.9"
"-4","12","9.9","""""","9.9"
"-3","12","9.9","""""","9.9"
"-2","12","9.9","""""","9.9"
"-1","12","9.9","""""","9.9"
"0","12","9.9","""""","9.9"
"1","12","9.9","""""","9.9"
"2","12","9.9","""""","9.9"
"3","12","9.9","""""","9.9"
"4","12","9.9","""""","9.9"
"5","12","9.9","""""","9.9"
"6","12","9.9","""""","9.9"
"7","12","9.9","""""","9.9"
"8","12","9.9","""""","9.9"
"9","12","9.9","""""","9.9"
"10","12","9.9","""""","9.9"
"11","12","9.9","""""","9.9"
"12","12","9.9","""""","9.9"
"13","12","9.9","""""","9.9"
"14","12","9.9","""""","9.9"
"15","12","9.9","""""","9.9"
"16","12","9.9","""""","9.9"
"-16","11","9.9","""""","9.9"
"-15","11","9.9","""""","9.9"
"-14","11","9.9","""""","9.9"
"-13","11","9.9","""""","9.9"
"-12","11","9.9","""""","9.9"
"-11","11","9.9","""""","9.9"
"-10","11","9.9","""""","9.9"
"-9","11","9.9","""""","9.9"
"-8","11","9.9","""""","9.9"
"-7","11","9.9","""""","9.9"
"-6","11","9.9","""""","9.9"
"-5","11","9.9","""""","9.9"
"-4","11","9.9","""""","9.9"
"-3","11","9.9","""""","9.9"
"-2","11","9.9","""""","9.9"
"-1","11","9.9","""""","9.9"
"0","11","9.9","""""","9.9"
"1","11","9.9","""""","9.9"
"2","11","9.9","""""","9.9"
"3","11","9.9","""""","9.9"
"4","11","9.9","""""","9.9"
"5","11","9.9","""""","9.9"
"6","11","9.9","""""","9.9"
"7","11","9.9","""""","9.9"
"8","11","9.9","""""","9.9"
"9","11","9.9","""""","9.9"
"10","11","9.9","""""","9.9"
"11","11","9.9","""""","9.9"
"12","11","9.9","""""","9.9"
"13","11","9.9","""""","9.9"
"14","11","9.9","""""","9.9"
"15","11","9.9","""""","9.9"
"16","11","9.9","""""","9.9"
"-16","10","9.9","""""","9.9"
"-15","10","9.9","""""","9.9"
"-14","10","9.9","""""","9.9"
"-13","10","9.9","""""","9.9"
"-12","10","9.9","""""","9.9"
"-11","10","9.9","""""","9.9"
"-10","10","9.9","""""","9.9"
"-9","10","9.9","""""","9.9"
"-8","10","9.9","""""","9.9"
"-7","10","9.9","""""","9.9"
"-6","10","9.9","""""","9.9"
"-5","10","9.9","""""","9.9"
"-4","10","9.9","""""","9.9"
"-3","10","9.9","""""","9.9"
"-2","10","9.9","""""","9.9"
"-1","10","9.9","""""","9.9"
"0","10","9.9","""""","9.9"
"1","10","9.9","""""","9.9"
"2","10","9.9","""""","9.9"
"3","10","9.9","""""","9.9"
"4","10","9.9","""""","9.9"
"5","10","9.9","""""","9.9"
"6","10","9.9","""""","9.9"
"7","10","9.9","""""","9.9"
"8","10","9.9","""""","9.9"
"9","10","9.9","""""","9.9"
"10","10","9.9","""""","9.9"
"11","10","9.9","""""","9.9"
"12","10","9.9","""""","9.9"
"13","10","9.9","""""","9.9"
"14","10","9.9","""""","9.9"
"15","10","9.9","""""","9.9"
"16","10","9.9","""""","9.9"
"-16","9","9.9","""""","9.9"
"-15","9","9.9","""""","9.9"
"-14","9","9.9","""""","9.9"
"-13","9","9.9","""""","9.9"
"-12","9","9.9","""""","9.9"
"-11","9","9.9","""""","9.9"
"-10","9","9.9","""""","9.9"
"-9","9","9.9","""""","9.9"
"-8","9","9.9","""""","9.9"
"-7","9","9.9","""""","9.9"
"-6","9","9.9","""""","9.9"
"-5","9","9.9","""""","9.9"
"-4","9","9.9","""""","9.9"
"-3","9","9.9","""""","9.9"
"-2","9","9.9","""""","9.9"
"-1","9","9.9","""""","9.9"
"0","9","9.9","""""","9.9"
"1","9","9.9","""""","9.9"
"2","9","9.9","""""","9.9"
"3","9","9.9","""""","9.9"
"4","9","9.9","""""","9.9"
"5","9","9.9","""""","9.9"
"6","9","9.9","""""","9.9"
"7","9","9.9","""""","9.9"
"8","9","9.9","""""","9.9"
"9","9","9.9","""""","9.9"
"10","9","9.9","""""","9.9"
"11","9","9.9","""""","9.9"
"12","9","9.9","""""","9.9"
"13","9","9.9","""""","9.9"
"14","9","9.9","""""","9.9"
"15","9","9.9","""""","9.9"
"16","9","9.9","""""","9.9"
"-16","8","9.9","""""","9.9"
"-15","8","9.9","""""","9.9"
"-14","8","9.9","""""","9.9"
"-13","8","9.9","""""","9.9"
"-12","8","9.9","""""","9.9"
"-11","8","9.9","""""","9.9"
"-10","8","9.9","""""","9.9"
"-9","8","9.9","""""","9.9"
"-8","8","9.9","""""","9.9"
"-7","8","9.9","""""","9.9"
"-6","8","9.9","""""","9.9"
"-5","8","9.9","""""","9.9"
"-4","8","9.9","""""","9.9"
"-3","8","9.9","""""","9.9"
"-2","8","9.9","""""","9.9"
"-1","8","9.9","""""","9.9"
"0","8","9.9","""""","9.9"
"1","8","9.9","""""","9.9"
"2","8","9.9","""""","9.9"
"3","8","9.9","""""","9.9"
"4","8","9.9","""""","9.9"
"5","8","9.9","""""","9.9"
"6","8","9.9","""""","9.9"
"7","8","9.9","""""","9.9"
"8","8","9.9","""""","9.9"
"9","8","9.9","""""","9.9"
"10","8","9.9","""""","9.9"
"11","8","9.9","""""","9.9"
"12","8","9.9","""""","9.9"
"13","8","9.9","""""","9.9"
"14","8","9.9","""""","9.9"
"15","8","9.9","""""","9.9"
"16","8","9.9","""""","9.9"
"-16","7","9.9","""""","9.9"
"-15","7","9.9","""""","9.9"
"-14","7","9.9","""""","9.9"
"-13","7","9.9","""""","9.9"
"-12","7","9.9","""""","9.9"
"-11","7","9.9","""""","9.9"
"-10","7","9.9","""""","9.9"
"-9","7","9.9","""""","9.9"
"-8","7","9.9","""""","9.9"
"-7","7","9.9","""""","9.9"
"-6","7","9.9","""""","9.9"
"-5","7","9.9","""""","9.9"
"-4","7","9.9","""""","9.9"
"-3","7","9.9","""""","9.9"
"-2","7","9.9","""""","9.9"
"-1","7","9.9","""""","9.9"
"0","7","9.9","""""","9.9"
"1","7","9.9","""""","9.9"
"2","7","9.9","""""","9.9"
"3","7","9.9","""""","9.9"
"4","7","9.9","""""","9.9"
"5","7","9.9","""""","9.9"
"6","7","9.9","""""","9.9"
"7","7","9.9","""""","9.9"
"8","7","9.9","""""","9.9"
"9","7","9.9","""""","9.9"
"10","7","9.9","""""","9.9"
"11","7","9.9","""""","9.9"
"12","7","9.9","""""","9.9"
"13","7","9.9","""""","9.9"
"14","7","9.9","""""","9.9"
"15","7","9.9","""""","9.9"
"16","7","9.9","""""","9.9"
"-16","6","9.9","""""","9.9"
"-15","6","9.9","""""","9.9"
"-14","6","9.9","""""","9.9"
"-13","6","9.9","""""","9.9"
"-12","6","9.9","""""","9.9"
"-11","6","9.9","""""","9.9"
"-10","6","9.9","""""","9.9"
"-9","6","9.9","""""","9.9"
"-8","6","9.9","""""","9.9"
"-7","6","9.9","""""","9.9"
"-6","6","9.9","""""","9.9"
"-5","6","9.9","""""","9.9"
"-4","6","9.9","""""","9.9"
"-3","6","9.9","""""","9.9"
"-2","6","9.9","""""","9.9"
"-1","6","9.9","""""","9.9"
"0","6","9.9","""""","9.9"
"1","6","9.9","""""","9.9"
"2","6","9.9","""""","9.9"
"3","6","9.9","""""","9.9"
"4","6","9.9","""""","9.9"
"5","6","9.9","""""","9.9"
"6","6","9.9","""""","9.9"
"7","6","9.9","""""","9.9"
"8","6","9.9","""""","9.9"
"9","6","9.9","""""","9.9"
"10","6","9.9","""""","9.9"
"11","6","9.9","""""","9.9"
"12","6","9.9","""""","9.9"
"13","6","9.9","""""","9.9"
"14","6","9.9","""""","9.9"
"15","6","9.9","""""","9.9"
"16","6","9.9","""""","9.9"
"-16","5","9.9","""""","9.9"
"-15","5","9.9","""""","9.9"
"-14","5","9.9","""""","9.9"
"-13","5","9.9","""""","9.9"
"-12","5","9.9","""""","9.9"
"-11","5","9.9","""""","9.9"
"-10","5","9.9","""""","9.9"
"-9","5","9.9","""""","9.9"
"-8","5","9.9","""""","9.9"
"-7","5","9.9","""""","9.9"
"-6","5","9.9","""""","9.9"
"-5","5","9.9","""""","9.9"
"-4","5","9.9","""""","9.9"
"-3","5","9.9","""""","9.9"
"-2","5","9.9","""""","9.9"
"-1","5","9.9","""""","9.9"
"0","5","9.9","""""","9.9"
"1","5","9.9","""""","9.9"
"2","5","9.9","""""","9.9"
"3","5","9.9","""""","9.9"
"4","5","9.9","""""","9.9"
"5","5","9.9","""""","9.9"
"6","5","9.9","""""","9.9"
"7","5","9.9","""""","9.9"
"8","5","9.9","""""","9.9"
"9","5","9.9","""""","9.9"
"10","5","9.9","""""","9.9"
"11","5","9.9","""""","9.9"
"12","5","9.9","""""","9.9"
"13","5","9.9","""""","9.9"
"14","5","9.9","""""","9.9"
"15","5","9.9","""""","9.9"
"16","5","9.9","""""","9.9"
"-16","4","9.9","""""","9.9"
"-15","4","9.9","""""","9.9"
"-14","4","9.9","""""","9.9"
"-13","4","9.9","""""","9.9"
"-12","4","9.9","""""","9.9"
"-11","4","9.9","""""","9.9"
"-10","4","9.9","""""","9.9"
"-9","4","9.9","""""","9.9"
"-8","4","9.9","""""","9.9"
"-7","4","9.9","""""","9.9"
"-6","4","9.9","""""","9.9"
"-5","4","9.9","""""","9.9"
"-4","4","9.9","""""","9.9"
"-3","4","9.9","""""","9.9"
"-2","4","9.9","""""","9.9"
"-1","4","9.9","""""","9.9"
"0","4","9.9","""""","9.9"
"1","4","9.9","""""","9.9"
"2","4","9.9","""""","9.9"
"3","4","9.9","""""","9.9"
"4","4","9.9","""""","9.9"
"5","4","9.9","""""","9.9"
"6","4","9.9","""""","9.9"
"7","4","9.9","""""","9.9"
"8","4","9.9","""""","9.9"
"9","4","9.9","""""","9.9"
"10","4","9.9","""""","9.9"
"11","4","9.9","""""","9.9"
"12","4","9.9","""""","9.9"
"13","4","9.9","""""","9.9"
"14","4","9.9","""""","9.9"
"15","4","9.9","""""","9.9"
"16","4","9.9","""""","9.9"
"-16","3","9.9","""""","9.9"
"-15","3","9.9","""""","9.9"
"-14","3","9.9","""""","9.9"
"-13","3","9.9","""""","9.9"
"-12","3","9.9","""""","9.9"
"-11","3","9.9","""""","9.9"
"-10","3","9.9","""""","9.9"
"-9","3","9.9","""""","9.9"
"-8","3","9.9","""""","9.9"
"-7","3","9.9","""""","9.9"
"-6","3","9.9","""""","9.9"
"-5","3","9.9","""""","9.9"
"-4","3","9.9","""""","9.9"
"-3","3","9.9","""""","9.9"
"-2","3","9.9","""""","9.9"
"-1","3","9.9","""""","9.9"
"0","3","9.9","""""","9.9"
"1","3","9.9","""""","9.9"
"2","3","9.9","""""","9.9"
"3","3","9.9","""""","9.9"
"4","3","9.9","""""","9.9"
"5","3","9.9","""""","9.9"
"6","3","9.9","""""","9.9"
"7","3","9.9","""""","9.9"
"8","3","9.9","""""","9.9"
"9","3","9.9","""""","9.9"
"10","3","9.9","""""","9.9"
"11","3","9.9","""""","9.9"
"12","3","9.9","""""","9.9"
"13","3","9.9","""""","9.9"
"14","3","9.9","""""","9.9"
"15","3","9.9","""""","9.9"
"16","3","9.9","""""","9.9"
"-16","2","9.9","""""","9.9"
"-15","2","9.9","""""","9.9"
"-14","2","9.9","""""","9.9"
"-13","2","9.9","""""","9.9"
"-12","2","9.9","""""","9.9"
"-11","2","9.9","""""","9.9"
"-10","2","9.9","""""","9.9"
"-9","2","9.9","""""","9.9"
"-8","2","9.9","""""","9.9"
"-7","2","9.9","""""","9.9"
"-6","2","9.9","""""","9.9"
"-5","2","9.9","""""","9.9"
"-4","2","9.9","""""","9.9"
"-3","2","9.9","""""","9.9"
"-2","2","9.9","""""","9.9"
"-1","2","9.9","""""","9.9"
"0","2","9.9","""""","9.9"
"1","2","9.9","""""","9.9"
"2","2","9.9","""""","9.9"
"3","2","9.9","""""","9.9"
"4","2","9.9","""""","9.9"
"5","2","9.9","""""","9.9"
"6","2","9.9","""""","9.9"
"7","2","9.9","""""","9.9"
"8","2","9.9","""""","9.9"
"9","2","9.9","""""","9.9"
"10","2","9.9","""""","9.9"
"11","2","9.9","""""","9.9"
"12","2","9.9","""""","9.9"
"13","2","9.9","""""","9.9"
"14","2","9.9","""""","9.9"
"15","2","9.9","""""","9.9"
"16","2","9.9","""""","9.9"
"-16","1","9.9","""""","9.9"
"-15","1","9.9","""""","9.9"
"-14","1","9.9","""""","9.9"
"-13","1","9.9","""""","9.9"
"-12","1","9.9","""""","9.9"
"-11","1","9.9","""""","9.9"
"-10","1","9.9","""""","9.9"
"-9","1","9.9","""""","9.9"
"-8","1","9.9","""""","9.9"
"-7","1","9.9","""""","9.9"
"-6","1","9.9","""""","9.9"
"-5","1","9.9","""""","9.9"
"-4","1","9.9","""""","9.9"
"-3","1","9.9","""""","9.9"
"-2","1","9.9","""""","9.9"
"-1","1","9.9","""""","9.9"
"0","1","9.9","""""","9.9"
"1","1","9.9","""""","9.9"
"2","1","9.9","""""","9.9"
"3","1","9.9","""""","9.9"
"4","1","9.9","""""","9.9"
"5","1","9.9","""""","9.9"
"6","1","9.9","""""","9.9"
"7","1","9.9","""""","9.9"
"8","1","9.9","""""","9.9"
"9","1","9.9","""""","9.9"
"10","1","9.9","""""","9.9"
"11","1","9.9","""""","9.9"
"12","1","9.9","""""","9.9"
"13","1","9.9","""""","9.9"
"14","1","9.9","""""","9.9"
"15","1","9.9","""""","9.9"
"16","1","9.9","""""","9.9"
"-16","0","9.9","""""","9.9"
"-15","0","9.9","""""","9.9"
"-14","0","9.9","""""","9.9"
"-13","0","9.9","""""","9.9"
"-12","0","9.9","""""","9.9"
"-11","0","9.9","""""","9.9"
"-10","0","9.9","""""","9.9"
"-9","0","9.9","""""","9.9"
"-8","0","9.9","""""","9.9"
"-7","0","9.9","""""","9.9"
"-6","0","9.9","""""","9.9"
"-5","0","9.9","""""","9.9"
"-4","0","9.9","""""","9.9"
"-3","0","9.9","""""","9.9"
"-2","0","9.9","""""","9.9"
"-1","0","9.9","""""","9.9"
"0","0","9.9","""""","9.9"
"1","0","9.9","""""","9.9"
"2","0","9.9","""""","9.9"
"3","0","9.9","""""","9.9"
"4","0","9.9","""""","9.9"
"5","0","9.9","""""","9.9"
"6","0","9.9","""""","9.9"
"7","0","9.9","""""","9.9"
"8","0","9.9","""""","9.9"
"9","0","9.9","""""","9.9"
"10","0","9.9","""""","9.9"
"11","0","9.9","""""","9.9"
"12","0","9.9","""""","9.9"
"13","0","9.9","""""","9.9"
"14","0","9.9","""""","9.9"
"15","0","9.9","""""","9.9"
"16","0","9.9","""""","9.9"
"-16","-1","9.9","""""","9.9"
"-15","-1","9.9","""""","9.9"
"-14","-1","9.9","""""","9.9"
"-13","-1","9.9","""""","9.9"
"-12","-1","9.9","""""","9.9"
"-11","-1","9.9","""""","9.9"
"-10","-1","9.9","""""","9.9"
"-9","-1","9.9","""""","9.9"
"-8","-1","9.9","""""","9.9"
"-7","-1","9.9","""""","9.9"
"-6","-1","9.9","""""","9.9"
"-5","-1","9.9","""""","9.9"
"-4","-1","9.9","""""","9.9"
"-3","-1","9.9","""""","9.9"
"-2","-1","9.9","""""","9.9"
"-1","-1","9.9","""""","9.9"
"0","-1","9.9","""""","9.9"
"1","-1","9.9","""""","9.9"
"2","-1","9.9","""""","9.9"
"3","-1","9.9","""""","9.9"
"4","-1","9.9","""""","9.9"
"5","-1","9.9","""""","9.9"
"6","-1","9.9","""""","9.9"
"7","-1","9.9","""""","9.9"
"8","-1","9.9","""""","9.9"
"9","-1","9.9","""""","9.9"
"10","-1","9.9","""""","9.9"
"11","-1","9.9","""""","9.9"
"12","-1","9.9","""""","9.9"
"13","-1","9.9","""""","9.9"
"14","-1","9.9","""""","9.9"
"15","-1","9.9","""""","9.9"
"16","-1","9.9","""""","9.9"
"-16","-2","9.9","""""","9.9"
"-15","-2","9.9","""""","9.9"
"-14","-2","9.9","""""","9.9"
"-13","-2","9.9","""""","9.9"
"-12","-2","9.9","""""","9.9"
"-11","-2","9.9","""""","9.9"
"-10","-2","9.9","""""","9.9"
"-9","-2","9.9","""""","9.9"
"-8","-2","9.9","""""","9.9"
"-7","-2","9.9","""""","9.9"
"-6","-2","9.9","""""","9.9"
"-5","-2","9.9","""""","9.9"
"-4","-2","9.9","""""","9.9"
"-3","-2","9.9","""""","9.9"
"-2","-2","9.9","""""","9.9"
"-1","-2","9.9","""""","9.9"
"0","-2","9.9","""""","9.9"
"1","-2","9.9","""""","9.9"
"2","-2","9.9","""""","9.9"
"3","-2","9.9","""""","9.9"
"4","-2","9.9","""""","9.9"
"5","-2","9.9","""""","9.9"
"6","-2","9.9","""""","9.9"
"7","-2","9.9","""""","9.9"
"8","-2","9.9","""""","9.9"
"9","-2","9.9","""""","9.9"
"10","-2","9.9","""""","9.9"
"11","-2","9.9","""""","9.9"
"12","-2","9.9","""""","9.9"
"13","-2","9.9","""""","9.9"
"14","-2","9.9","""""","9.9"
"15","-2","9.9","""""","9.9"
"16","-2","9.9","""""","9.9"
"-16","-3","9.9","""""","9.9"
"-15","-3","9.9","""""","9.9"
"-14","-3","9.9","""""","9.9"
"-13","-3","9.9","""""","9.9"
"-12","-3","9.9","""""","9.9"
"-11","-3","9.9","""""","9.9"
"-10","-3","9.9","""""","9.9"
"-9","-3","9.9","""""","9.9"
"-8","-3","9.9","""""","9.9"
"-7","-3","9.9","""""","9.9"
"-6","-3","9.9","""""","9.9"
"-5","-3","9.9","""""","9.9"
"-4","-3","9.9","""""","9.9"
"-3","-3","9.9","""""","9.9"
"-2","-3","9.9","""""","9.9"
"-1","-3","9.9","""""","9.9"
"0","-3","9.9","""""","9.9"
"1","-3","9.9","""""","9.9"
"2","-3","9.9","""""","9.9"
"3","-3","9.9","""""","9.9"
"4","-3","9.9","""""","9.9"
"5","-3","9.9","""""","9.9"
"6","-3","9.9","""""","9.9"
"7","-3","9.9","""""","9.9"
"8","-3","9.9","""""","9.9"
"9","-3","9.9","""""","9.9"
"10","-3","9.9","""""","9.9"
"11","-3","9.9","""""","9.9"
"12","-3","9.9","""""","9.9"
"13","-3","9.9","""""","9.9"
"14","-3","9.9","""""","9.9"
"15","-3","9.9","""""","9.9"
"16","-3","9.9","""""","9.9"
"-16","-4","9.9","""""","9.9"
"-15","-4","9.9","""""","9.9"
"-14","-4","9.9","""""","9.9"
"-13","-4","9.9","""""","9.9"
"-12","-4","9.9","""""","9.9"
"-11","-4","9.9","""""","9.9"
"-10","-4","9.9","""""","9.9"
"-9","-4","9.9","""""","9.9"
"-8","-4","9.9","""""","9.9"
"-7","-4","9.9","""""","9.9"
"-6","-4","9.9","""""","9.9"
"-5","-4","9.9","""""","9.9"
"-4","-4","9.9","""""","9.9"
"-3","-4","9.9","""""","9.9"
"-2","-4","9.9","""""","9.9"
"-1","-4","9.9","""""","9.9"
"0","-4","9.9","""""","9.9"
"1","-4","9.9","""""","9.9"
"2","-4","9.9","""""","9.9"
"3","-4","9.9","""""","9.9"
"4","-4","9.9","""""","9.9"
"5","-4","9.9","""""","9.9"
"6","-4","9.9","""""","9.9"
"7","-4","9.9","""""","9.9"
"8","-4","9.9","""""","9.9"
"9","-4","9.9","""""","9.9"
"10","-4","9.9","""""","9.9"
"11","-4","9.9","""""","9.9"
"12","-4","9.9","""""","9.9"
"13","-4","9.9","""""","9.9"
"14","-4","9.9","""""","9.9"
"15","-4","9.9","""""","9.9"
"16","-4","9.9","""""","9.9"
"-16","-5","9.9","""""","9.9"
"-15","-5","9.9","""""","9.9"
"-14","-5","9.9","""""","9.9"
"-13","-5","9.9","""""","9.9"
"-12","-5","9.9","""""","9.9"
"-11","-5","9.9","""""","9.9"
"-10","-5","9.9","""""","9.9"
"-9","-5","9.9","""""","9.9"
"-8","-5","9.9","""""","9.9"
"-7","-5","9.9","""""","9.9"
"-6","-5","9.9","""""","9.9"
"-5","-5","9.9","""""","9.9"
"-4","-5","9.9","""""","9.9"
"-3","-5","9.9","""""","9.9"
"-2","-5","9.9","""""","9.9"
"-1","-5","9.9","""""","9.9"
"0","-5","9.9","""""","9.9"
"1","-5","9.9","""""","9.9"
"2","-5","9.9","""""","9.9"
"3","-5","9.9","""""","9.9"
"4","-5","9.9","""""","9.9"
"5","-5","9.9","""""","9.9"
"6","-5","9.9","""""","9.9"
"7","-5","9.9","""""","9.9"
"8","-5","9.9","""""","9.9"
"9","-5","9.9","""""","9.9"
"10","-5","9.9","""""","9.9"
"11","-5","9.9","""""","9.9"
"12","-5","9.9","""""","9.9"
"13","-5","9.9","""""","9.9"
"14","-5","9.9","""""","9.9"
"15","-5","9.9","""""","9.9"
"16","-5","9.9","""""","9.9"
"-16","-6","9.9","""""","9.9"
"-15","-6","9.9","""""","9.9"
"-14","-6","9.9","""""","9.9"
"-13","-6","9.9","""""","9.9"
"-12","-6","9.9","""""","9.9"
"-11","-6","9.9","""""","9.9"
"-10","-6","9.9","""""","9.9"
"-9","-6","9.9","""""","9.9"
"-8","-6","9.9","""""","9.9"
"-7","-6","9.9","""""","9.9"
"-6","-6","9.9","""""","9.9"
"-5","-6","9.9","""""","9.9"
"-4","-6","9.9","""""","9.9"
"-3","-6","9.9","""""","9.9"
"-2","-6","9.9","""""","9.9"
"-1","-6","9.9","""""","9.9"
"0","-6","9.9","""""","9.9"
"1","-6","9.9","""""","9.9"
"2","-6","9.9","""""","9.9"
"3","-6","9.9","""""","9.9"
"4","-6","9.9","""""","9.9"
"5","-6","9.9","""""","9.9"
"6","-6","9.9","""""","9.9"
"7","-6","9.9","""""","9.9"
"8","-6","9.9","""""","9.9"
"9","-6","9.9","""""","9.9"
"10","-6","9.9","""""","9.9"
"11","-6","9.9","""""","9.9"
"12","-6","9.9","""""","9.9"
"13","-6","9.9","""""","9.9"
"14","-6","9.9","""""","9.9"
"15","-6","9.9","""""","9.9"
"16","-6","9.9","""""","9.9"
"-16","-7","9.9","""""","9.9"
"-15","-7","9.9","""""","9.9"
"-14","-7","9.9","""""","9.9"
"-13","-7","9.9","""""","9.9"
"-12","-7","9.9","""""","9.9"
"-11","-7","9.9","""""","9.9"
"-10","-7","9.9","""""","9.9"
"-9","-7","9.9","""""","9.9"
"-8","-7","9.9","""""","9.9"
"-7","-7","9.9","""""","9.9"
"-6","-7","9.9","""""","9.9"
"-5","-7","9.9","""""","9.9"
"-4","-7","9.9","""""","9.9"
"-3","-7","9.9","""""","9.9"
"-2","-7","9.9","""""","9.9"
"-1","-7","9.9","""""","9.9"
"0","-7","9.9","""""","9.9"
"1","-7","9.9","""""","9.9"
"2","-7","9.9","""""","9.9"
"3","-7","9.9","""""","9.9"
"4","-7","9.9","""""","9.9"
"5","-7","9.9","""""","9.9"
"6","-7","9.9","""""","9.9"
"7","-7","9.9","""""","9.9"
"8","-7","9.9","""""","9.9"
"9","-7","9.9","""""","9.9"
"10","-7","9.9","""""","9.9"
"11","-7","9.9","""""","9.9"
"12","-7","9.9","""""","9.9"
"13","-7","9.9","""""","9.9"
"14","-7","9.9","""""","9.9"
"15","-7","9.9","""""","9.9"
"16","-7","9.9","""""","9.9"
"-16","-8","9.9","""""","9.9"
"-15","-8","9.9","""""","9.9"
"-14","-8","9.9","""""","9.9"
"-13","-8","9.9","""""","9.9"
"-12","-8","9.9","""""","9.9"
"-11","-8","9.9","""""","9.9"
"-10","-8","9.9","""""","9.9"
"-9","-8","9.9","""""","9.9"
"-8","-8","9.9","""""","9.9"
"-7","-8","9.9","""""","9.9"
"-6","-8","9.9","""""","9.9"
"-5","-8","9.9","""""","9.9"
"-4","-8","9.9","""""","9.9"
"-3","-8","9.9","""""","9.9"
"-2","-8","9.9","""""","9.9"
"-1","-8","9.9","""""","9.9"
"0","-8","9.9","""""","9.9"
"1","-8","9.9","""""","9.9"
"2","-8","9.9","""""","9.9"
"3","-8","9.9","""""","9.9"
"4","-8","9.9","""""","9.9"
"5","-8","9.9","""""","9.9"
"6","-8","9.9","""""","9.9"
"7","-8","9.9","""""","9.9"
"8","-8","9.9","""""","9.9"
"9","-8","9.9","""""","9.9"
"10","-8","9.9","""""","9.9"
"11","-8","9.9","""""","9.9"
"12","-8","9.9","""""","9.9"
"13","-8","9.9","""""","9.9"
"14","-8","9.9","""""","9.9"
"15","-8","9.9","""""","9.9"
"16","-8","9.9","""""","9.9"
"-16","-9","9.9","""""","9.9"
"-15","-9","9.9","""""","9.9"
"-14","-9","9.9","""""","9.9"
"-13","-9","9.9","""""","9.9"
"-12","-9","9.9","""""","9.9"
"-11","-9","9.9","""""","9.9"
"-10","-9","9.9","""""","9.9"
"-9","-9","9.9","""""","9.9"
"-8","-9","9.9","""""","9.9"
"-7","-9","9.9","""""","9.9"
"-6","-9","9.9","""""","9.9"
"-5","-9","9.9","""""","9.9"
"-4","-9","9.9","""""","9.9"
"-3","-9","9.9","""""","9.9"
"-2","-9","9.9","""""","9.9"
"-1","-9","9.9","""""","9.9"
"0","-9","9.9","""""","9.9"
"1","-9","9.9","""""","9.9"
"2","-9","9.9","""""","9.9"
"3","-9","9.9","""""","9.9"
"4","-9","9.9","""""","9.9"
"5","-9","9.9","""""","9.9"
"6","-9","9.9","""""","9.9"
"7","-9","9.9","""""","9.9"
"8","-9","9.9","""""","9.9"
"9","-9","9.9","""""","9.9"
"10","-9","9.9","""""","9.9"
"11","-9","9.9","""""","9.9"
"12","-9","9.9","""""","9.9"
"13","-9","9.9","""""","9.9"
"14","-9","9.9","""""","9.9"
"15","-9","9.9","""""","9.9"
"16","-9","9.9","""""","9.9"
"-16","-10","9.9","""""","9.9"
"-15","-10","9.9","""""","9.9"
"-14","-10","9.9","""""","9.9"
"-13","-10","9.9","""""","9.9"
"-12","-10","9.9","""""","9.9"
"-11","-10","9.9","""""","9.9"
"-10","-10","9.9","""""","9.9"
"-9","-10","9.9","""""","9.9"
"-8","-10","9.9","""""","9.9"
"-7","-10","9.9","""""","9.9"
"-6","-10","9.9","""""","9.9"
"-5","-10","9.9","""""","9.9"
"-4","-10","9.9","""""","9.9"
"-3","-10","9.9","""""","9.9"
"-2","-10","9.9","""""","9.9"
"-1","-10","9.9","""""","9.9"
"0","-10","9.9","""""","9.9"
"1","-10","9.9","""""","9.9"
"2","-10","9.9","""""","9.9"
"3","-10","9.9","""""","9.9"
"4","-10","9.9","""""","9.9"
"5","-10","9.9","""""","9.9"
"6","-10","9.9","""""","9.9"
"7","-10","9.9","""""","9.9"
"8","-10","9.9","""""","9.9"
"9","-10","9.9","""""","9.9"
"10","-10","9.9","""""","9.9"
"11","-10","9.9","""""","9.9"
"12","-10","9.9","""""","9.9"
"13","-10","9.9","""""","9.9"
"14","-10","9.9","""""","9.9"
"15","-10","9.9","""""","9.9"
"16","-10","9.9","""""","9.9"
"-16","-11","9.9","""""","9.9"
"-15","-11","9.9","""""","9.9"
"-14","-11","9.9","""""","9.9"
"-13","-11","9.9","""""","9.9"
"-12","-11","9.9","""""","9.9"
"-11","-11","9.9","""""","9.9"
"-10","-11","9.9","""""","9.9"
"-9","-11","9.9","""""","9.9"
"-8","-11","9.9","""""","9.9"
"-7","-11","9.9","""""","9.9"
"-6","-11","9.9","""""","9.9"
"-5","-11","9.9","""""","9.9"
"-4","-11","9.9","""""","9.9"
"-3","-11","9.9","""""","9.9"
"-2","-11","9.9","""""","9.9"
"-1","-11","9.9","""""","9.9"
"0","-11","9.9","""""","9.9"
"1","-11","9.9","""""","9.9"
"2","-11","9.9","""""","9.9"
"3","-11","9.9","""""","9.9"
"4","-11","9.9","""""","9.9"
"5","-11","9.9","""""","9.9"
"6","-11","9.9","""""","9.9"
"7","-11","9.9","""""","9.9"
"8","-11","9.9","""""","9.9"
"9","-11","9.9","""""","9.9"
"10","-11","9.9","""""","9.9"
"11","-11","9.9","""""","9.9"
"12","-11","9.9","""""","9.9"
"13","-11","9.9","""""","9.9"
"14","-11","9.9","""""","9.9"
"15","-11","9.9","""""","9.9"
"16","-11","9.9","""""","9.9"
"-16","-12","9.9","""""","9.9"
"-15","-12","9.9","""""","9.9"
"-14","-12","9.9","""""","9.9"
"-13","-12","9.9","""""","9.9"
"-12","-12","9.9","""""","9.9"
"-11","-12","9.9","""""","9.9"
"-10","-12","9.9","""""","9.9"
"-9","-12","9.9","""""","9.9"
"-8","-12","9.9","""""","9.9"
"-7","-12","9.9","""""","9.9"
"-6","-12","9.9","""""","9.9"
"-5","-12","9.9","""""","9.9"
"-4","-12","9.9","""""","9.9"
"-3","-12","9.9","""""","9.9"
"-2","-12","9.9","""""","9.9"
"-1","-12","9.9","""""","9.9"
"0","-12","9.9","""""","9.9"
"1","-12","9.9","""""","9.9"
"2","-12","9.9","""""","9.9"
"3","-12","9.9","""""","9.9"
"4","-12","9.9","""""","9.9"
"5","-12","9.9","""""","9.9"
"6","-12","9.9","""""","9.9"
"7","-12","9.9","""""","9.9"
"8","-12","9.9","""""","9.9"
"9","-12","9.9","""""","9.9"
"10","-12","9.9","""""","9.9"
"11","-12","9.9","""""","9.9"
"12","-12","9.9","""""","9.9"
"13","-12","9.9","""""","9.9"
"14","-12","9.9","""""","9.9"
"15","-12","9.9","""""","9.9"
"16","-12","9.9","""""","9.9"
"-16","-13","9.9","""""","9.9"
"-15","-13","9.9","""""","9.9"
"-14","-13","9.9","""""","9.9"
"-13","-13","9.9","""""","9.9"
"-12","-13","9.9","""""","9.9"
"-11","-13","9.9","""""","9.9"
"-10","-13","9.9","""""","9.9"
"-9","-13","9.9","""""","9.9"
"-8","-13","9.9","""""","9.9"
"-7","-13","9.9","""""","9.9"
"-6","-13","9.9","""""","9.9"
"-5","-13","9.9","""""","9.9"
"-4","-13","9.9","""""","9.9"
"-3","-13","9.9","""""","9.9"
"-2","-13","9.9","""""","9.9"
"-1","-13","9.9","""""","9.9"
"0","-13","9.9","""""","9.9"
"1","-13","9.9","""""","9.9"
"2","-13","9.9","""""","9.9"
"3","-13","9.9","""""","9.9"
"4","-13","9.9","""""","9.9"
"5","-13","9.9","""""","9.9"
"6","-13","9.9","""""","9.9"
"7","-13","9.9","""""","9.9"
"8","-13","9.9","""""","9.9"
"9","-13","9.9","""""","9.9"
"10","-13","9.9","""""","9.9"
"11","-13","9.9","""""","9.9"
"12","-13","9.9","""""","9.9"
"13","-13","9.9","""""","9.9"
"14","-13","9.9","""""","9.9"
"15","-13","9.9","""""","9.9"
"16","-13","9.9","""""","9.9"
"-16","-14","9.9","""""","9.9"
"-15","-14","9.9","""""","9.9"
"-14","-14","9.9","""""","9.9"
"-13","-14","9.9","""""","9.9"
"-12","-14","9.9","""""","9.9"
"-11","-14","9.9","""""","9.9"
"-10","-14","9.9","""""","9.9"
"-9","-14","9.9","""""","9.9"
"-8","-14","9.9","""""","9.9"
"-7","-14","9.9","""""","9.9"
"-6","-14","9.9","""""","9.9"
"-5","-14","9.9","""""","9.9"
"-4","-14","9.9","""""","9.9"
"-3","-14","9.9","""""","9.9"
"-2","-14","9.9","""""","9.9"
"-1","-14","9.9","""""","9.9"
"0","-14","9.9","""""","9.9"
"1","-14","9.9","""""","9.9"
"2","-14","9.9","""""","9.9"
"3","-14","9.9","""""","9.9"
"4","-14","9.9","""""","9.9"
"5","-14","9.9","""""","9.9"
"6","-14","9.9","""""","9.9"
"7","-14","9.9","""""","9.9"
"8","-14","9.9","""""","9.9"
"9","-14","9.9","""""","9.9"
"10","-14","9.9","""""","9.9"
"11","-14","9.9","""""","9.9"
"12","-14","9.9","""""","9.9"
"13","-14","9.9","""""","9.9"
"14","-14","9.9","""""","9.9"
"15","-14","9.9","""""","9.9"
"16","-14","9.9","""""","9.9"
"-16","-15","9.9","""""","9.9"
"-15","-15","9.9","""""","9.9"
"-14","-15","9.9","""""","9.9"
"-13","-15","9.9","""""","9.9"
"-12","-15","9.9","""""","9.9"
"-11","-15","9.9","""""","9.9"
"-10","-15","9.9","""""","9.9"
"-9","-15","9.9","""""","9.9"
"-8","-15","9.9","""""","9.9"
"-7","-15","9.9","""""","9.9"
"-6","-15","9.9","""""","9.9"
"-5","-15","9.9","""""","9.9"
"-4","-15","9.9","""""","9.9"
"-3","-15","9.9","""""","9.9"
"-2","-15","9.9","""""","9.9"
"-1","-15","9.9","""""","9.9"
"0","-15","9.9","""""","9.9"
"1","-15","9.9","""""","9.9"
"2","-15","9.9","""""","9.9"
"3","-15","9.9","""""","9.9"
"4","-15","9.9","""""","9.9"
"5","-15","9.9","""""","9.9"
"6","-15","9.9","""""","9.9"
"7","-15","9.9","""""","9.9"
"8","-15","9.9","""""","9.9"
"9","-15","9.9","""""","9.9"
"10","-15","9.9","""""","9.9"
"11","-15","9.9","""""","9.9"
"12","-15","9.9","""""","9.9"
"13","-15","9.9","""""","9.9"
"14","-15","9.9","""""","9.9"
"15","-15","9.9","""""","9.9"
"16","-15","9.9","""""","9.9"
"-16","-16","9.9","""""","9.9"
"-15","-16","9.9","""""","9.9"
"-14","-16","9.9","""""","9.9"
"-13","-16","9.9","""""","9.9"
"-12","-16","9.9","""""","9.9"
"-11","-16","9.9","""""","9.9"
"-10","-16","9.9","""""","9.9"
"-9","-16","9.9","""""","9.9"
"-8","-16","9.9","""""","9.9"
"-7","-16","9.9","""""","9.9"
"-6","-16","9.9","""""","9.9"
"-5","-16","9.9","""""","9.9"
"-4","-16","9.9","""""","9.9"
"-3","-16","9.9","""""","9.9"
"-2","-16","9.9","""""","9.9"
"-1","-16","9.9","""""","9.9"
"0","-16","9.9","""""","9.9"
"1","-16","9.9","""""","9.9"
"2","-16","9.9","""""","9.9"
"3","-16","9.9","""""","9.9"
"4","-16","9.9","""""","9.9"
"5","-16","9.9","""""","9.9"
"6","-16","9.9","""""","9.9"
"7","-16","9.9","""""","9.9"
"8","-16","9.9","""""","9.9"
"9","-16","9.9","""""","9.9"
"10","-16","9.9","""""","9.9"
"11","-16","9.9","""""","9.9"
"12","-16","9.9","""""","9.9"
"13","-16","9.9","""""","9.9"
"14","-16","9.9","""""","9.9"
"15","-16","9.9","""""","9.9"
"16","-16","9.9","""""","9.9"

"LINKS"
"end1","end2","color","label","label-color","hidden?","breed","thickness","shape","tie-mode","weight"
"{citizen 0}","{citizen 3}","[213 0 42 100]","""""","9.9","false","{breed social-friends}","0","""default""","""none""","0"
"{citizen 0}","{citizen 5}","[213 0 42 100]","""""","9.9","false","{breed social-friends}","0","""default""","""none""","0"
"{citizen 0}","{citizen 6}","[213 0 42 100]","""""","9.9","false","{breed social-friends}","0","""default""","""none""","0"
"{citizen 0}","{citizen 7}","[141 141 141 100]","""""","9.9","false","{breed social-friends}","0","""default""","""none""","0"
"{citizen 0}","{citizen 8}","[213 0 42 100]","""""","9.9","false","{breed social-friends}","0","""default""","""none""","0"
"{citizen 0}","{citizen 9}","[213 0 42 100]","""""","9.9","false","{breed social-friends}","0","""default""","""none""","0"
"{citizen 0}","{citizen 10}","[213 0 42 100]","""""","9.9","false","{breed social-friends}","0","""default""","""none""","0"
"{citizen 0}","{citizen 12}","[213 0 42 100]","""""","9.9","false","{breed social-friends}","0","""default""","""none""","0"
"{citizen 0}","{citizen 13}","[141 141 141 100]","""""","9.9","false","{breed social-friends}","0","""default""","""none""","0"
"{citizen 0}","{citizen 14}","[213 0 42 100]","""""","9.9","false","{breed social-friends}","0","""default""","""none""","0"
"{citizen 0}","{citizen 15}","[213 0 42 100]","""""","9.9","false","{breed social-friends}","0","""default""","""none""","0"
"{citizen 0}","{citizen 16}","[213 0 42 100]","""""","9.9","false","{breed social-friends}","0","""default""","""none""","0"
"{citizen 0}","{citizen 17}","[213 0 42 100]","""""","9.9","false","{breed social-friends}","0","""default""","""none""","0"
"{citizen 0}","{citizen 18}","[213 0 42 100]","""""","9.9","false","{breed social-friends}","0","""default""","""none""","0"
"{citizen 0}","{citizen 20}","[213 0 42 100]","""""","9.9","false","{breed social-friends}","0","""default""","""none""","0"
"{citizen 0}","{citizen 21}","[213 0 42 100]","""""","9.9","false","{breed social-friends}","0","""default""","""none""","0"
"{citizen 0}","{citizen 22}","[213 0 42 100]","""""","9.9","false","{breed social-friends}","0","""default""","""none""","0"
"{citizen 0}","{citizen 24}","[213 0 42 100]","""""","9.9","false","{breed social-friends}","0","""default""","""none""","0"
"{citizen 0}","{citizen 25}","[213 0 42 100]","""""","9.9","false","{breed social-friends}","0","""default""","""none""","0"
"{citizen 0}","{citizen 27}","[213 0 42 100]","""""","9.9","false","{breed social-friends}","0","""default""","""none""","0"
"{citizen 0}","{citizen 30}","[213 0 42 100]","""""","9.9","false","{breed social-friends}","0","""default""","""none""","0"
"{citizen 0}","{citizen 31}","[213 0 42 100]","""""","9.9","false","{breed social-friends}","0","""default""","""none""","0"
"{citizen 0}","{citizen 32}","[213 0 42 100]","""""","9.9","false","{breed social-friends}","0","""default""","""none""","0"
"{citizen 0}","{citizen 33}","[213 0 42 100]","""""","9.9","false","{breed social-friends}","0","""default""","""none""","0"
"{citizen 0}","{citizen 35}","[213 0 42 100]","""""","9.9","false","{breed social-friends}","0","""default""","""none""","0"
"{citizen 0}","{citizen 36}","[213 0 42 100]","""""","9.9","false","{breed social-friends}","0","""default""","""none""","0"
"{citizen 0}","{citizen 39}","[213 0 42 100]","""""","9.9","false","{breed social-friends}","0","""default""","""none""","0"
"{citizen 0}","{citizen 40}","[213 0 42 100]","""""","9.9","false","{breed social-friends}","0","""default""","""none""","0"
"{citizen 0}","{citizen 45}","[213 0 42 100]","""""","9.9","false","{breed social-friends}","0","""default""","""none""","0"
"{citizen 0}","{citizen 46}","[213 0 42 100]","""""","9.9","false","{breed social-friends}","0","""default""","""none""","0"
"{citizen 0}","{citizen 49}","[213 0 42 100]","""""","9.9","false","{breed social-friends}","0","""default""","""none""","0"
"{citizen 1}","{citizen 23}","[141 141 141 100]","""""","9.9","false","{breed social-friends}","0","""default""","""none""","0"
"{citizen 1}","{citizen 32}","[141 141 141 100]","""""","9.9","false","{breed social-friends}","0","""default""","""none""","0"
"{citizen 1}","{citizen 38}","[141 141 141 100]","""""","9.9","false","{breed social-friends}","0","""default""","""none""","0"
"{citizen 2}","{citizen 23}","[141 141 141 100]","""""","9.9","false","{breed social-friends}","0","""default""","""none""","0"
"{citizen 2}","{citizen 36}","[141 141 141 100]","""""","9.9","false","{breed social-friends}","0","""default""","""none""","0"
"{citizen 2}","{citizen 38}","[141 141 141 100]","""""","9.9","false","{breed social-friends}","0","""default""","""none""","0"
"{citizen 3}","{citizen 0}","[213 0 42 100]","""""","9.9","false","{breed social-friends}","0","""default""","""none""","0"
"{citizen 3}","{citizen 5}","[213 0 42 100]","""""","9.9","false","{breed social-friends}","0","""default""","""none""","0"
"{citizen 3}","{citizen 7}","[141 141 141 100]","""""","9.9","false","{breed social-friends}","0","""default""","""none""","0"
"{citizen 3}","{citizen 8}","[213 0 42 100]","""""","9.9","false","{breed social-friends}","0","""default""","""none""","0"
"{citizen 3}","{citizen 10}","[213 0 42 100]","""""","9.9","false","{breed social-friends}","0","""default""","""none""","0"
"{citizen 3}","{citizen 12}","[213 0 42 100]","""""","9.9","false","{breed social-friends}","0","""default""","""none""","0"
"{citizen 3}","{citizen 14}","[213 0 42 100]","""""","9.9","false","{breed social-friends}","0","""default""","""none""","0"
"{citizen 3}","{citizen 15}","[213 0 42 100]","""""","9.9","false","{breed social-friends}","0","""default""","""none""","0"
"{citizen 3}","{citizen 16}","[213 0 42 100]","""""","9.9","false","{breed social-friends}","0","""default""","""none""","0"
"{citizen 3}","{citizen 18}","[213 0 42 100]","""""","9.9","false","{breed social-friends}","0","""default""","""none""","0"
"{citizen 3}","{citizen 21}","[213 0 42 100]","""""","9.9","false","{breed social-friends}","0","""default""","""none""","0"
"{citizen 3}","{citizen 22}","[213 0 42 100]","""""","9.9","false","{breed social-friends}","0","""default""","""none""","0"
"{citizen 3}","{citizen 24}","[213 0 42 100]","""""","9.9","false","{breed social-friends}","0","""default""","""none""","0"
"{citizen 3}","{citizen 27}","[213 0 42 100]","""""","9.9","false","{breed social-friends}","0","""default""","""none""","0"
"{citizen 3}","{citizen 31}","[213 0 42 100]","""""","9.9","false","{breed social-friends}","0","""default""","""none""","0"
"{citizen 3}","{citizen 33}","[213 0 42 100]","""""","9.9","false","{breed social-friends}","0","""default""","""none""","0"
"{citizen 3}","{citizen 35}","[213 0 42 100]","""""","9.9","false","{breed social-friends}","0","""default""","""none""","0"
"{citizen 3}","{citizen 36}","[213 0 42 100]","""""","9.9","false","{breed social-friends}","0","""default""","""none""","0"
"{citizen 3}","{citizen 39}","[213 0 42 100]","""""","9.9","false","{breed social-friends}","0","""default""","""none""","0"
"{citizen 3}","{citizen 44}","[141 141 141 100]","""""","9.9","false","{breed social-friends}","0","""default""","""none""","0"
"{citizen 3}","{citizen 47}","[141 141 141 100]","""""","9.9","false","{breed social-friends}","0","""default""","""none""","0"
"{citizen 4}","{citizen 17}","[141 141 141 100]","""""","9.9","false","{breed social-friends}","0","""default""","""none""","0"
"{citizen 5}","{citizen 0}","[213 0 42 100]","""""","9.9","false","{breed social-friends}","0","""default""","""none""","0"
"{citizen 5}","{citizen 3}","[213 0 42 100]","""""","9.9","false","{breed social-friends}","0","""default""","""none""","0"
"{citizen 5}","{citizen 6}","[213 0 42 100]","""""","9.9","false","{breed social-friends}","0","""default""","""none""","0"
"{citizen 5}","{citizen 7}","[141 141 141 100]","""""","9.9","false","{breed social-friends}","0","""default""","""none""","0"
"{citizen 5}","{citizen 8}","[213 0 42 100]","""""","9.9","false","{breed social-friends}","0","""default""","""none""","0"
"{citizen 5}","{citizen 9}","[213 0 42 100]","""""","9.9","false","{breed social-friends}","0","""default""","""none""","0"
"{citizen 5}","{citizen 10}","[213 0 42 100]","""""","9.9","false","{breed social-friends}","0","""default""","""none""","0"
"{citizen 5}","{citizen 12}","[213 0 42 100]","""""","9.9","false","{breed social-friends}","0","""default""","""none""","0"
"{citizen 5}","{citizen 14}","[213 0 42 100]","""""","9.9","false","{breed social-friends}","0","""default""","""none""","0"
"{citizen 5}","{citizen 15}","[213 0 42 100]","""""","9.9","false","{breed social-friends}","0","""default""","""none""","0"
"{citizen 5}","{citizen 16}","[213 0 42 100]","""""","9.9","false","{breed social-friends}","0","""default""","""none""","0"
"{citizen 5}","{citizen 17}","[213 0 42 100]","""""","9.9","false","{breed social-friends}","0","""default""","""none""","0"
"{citizen 5}","{citizen 18}","[213 0 42 100]","""""","9.9","false","{breed social-friends}","0","""default""","""none""","0"
"{citizen 5}","{citizen 20}","[213 0 42 100]","""""","9.9","false","{breed social-friends}","0","""default""","""none""","0"
"{citizen 5}","{citizen 21}","[213 0 42 100]","""""","9.9","false","{breed social-friends}","0","""default""","""none""","0"
"{citizen 5}","{citizen 22}","[213 0 42 100]","""""","9.9","false","{breed social-friends}","0","""default""","""none""","0"
"{citizen 5}","{citizen 23}","[141 141 141 100]","""""","9.9","false","{breed social-friends}","0","""default""","""none""","0"
"{citizen 5}","{citizen 24}","[213 0 42 100]","""""","9.9","false","{breed social-friends}","0","""default""","""none""","0"
"{citizen 5}","{citizen 25}","[213 0 42 100]","""""","9.9","false","{breed social-friends}","0","""default""","""none""","0"
"{citizen 5}","{citizen 26}","[213 0 42 100]","""""","9.9","false","{breed social-friends}","0","""default""","""none""","0"
"{citizen 5}","{citizen 27}","[213 0 42 100]","""""","9.9","false","{breed social-friends}","0","""default""","""none""","0"
"{citizen 5}","{citizen 30}","[213 0 42 100]","""""","9.9","false","{breed social-friends}","0","""default""","""none""","0"
"{citizen 5}","{citizen 31}","[213 0 42 100]","""""","9.9","false","{breed social-friends}","0","""default""","""none""","0"
"{citizen 5}","{citizen 32}","[213 0 42 100]","""""","9.9","false","{breed social-friends}","0","""default""","""none""","0"
"{citizen 5}","{citizen 33}","[213 0 42 100]","""""","9.9","false","{breed social-friends}","0","""default""","""none""","0"
"{citizen 5}","{citizen 35}","[213 0 42 100]","""""","9.9","false","{breed social-friends}","0","""default""","""none""","0"
"{citizen 5}","{citizen 36}","[213 0 42 100]","""""","9.9","false","{breed social-friends}","0","""default""","""none""","0"
"{citizen 5}","{citizen 38}","[141 141 141 100]","""""","9.9","false","{breed social-friends}","0","""default""","""none""","0"
"{citizen 5}","{citizen 39}","[213 0 42 100]","""""","9.9","false","{breed social-friends}","0","""default""","""none""","0"
"{citizen 5}","{citizen 40}","[213 0 42 100]","""""","9.9","false","{breed social-friends}","0","""default""","""none""","0"
"{citizen 5}","{citizen 45}","[213 0 42 100]","""""","9.9","false","{breed social-friends}","0","""default""","""none""","0"
"{citizen 5}","{citizen 46}","[213 0 42 100]","""""","9.9","false","{breed social-friends}","0","""default""","""none""","0"
"{citizen 5}","{citizen 49}","[213 0 42 100]","""""","9.9","false","{breed social-friends}","0","""default""","""none""","0"
"{citizen 6}","{citizen 0}","[213 0 42 100]","""""","9.9","false","{breed social-friends}","0","""default""","""none""","0"
"{citizen 6}","{citizen 5}","[213 0 42 100]","""""","9.9","false","{breed social-friends}","0","""default""","""none""","0"
"{citizen 6}","{citizen 8}","[213 0 42 100]","""""","9.9","false","{breed social-friends}","0","""default""","""none""","0"
"{citizen 6}","{citizen 9}","[213 0 42 100]","""""","9.9","false","{breed social-friends}","0","""default""","""none""","0"
"{citizen 6}","{citizen 10}","[213 0 42 100]","""""","9.9","false","{breed social-friends}","0","""default""","""none""","0"
"{citizen 6}","{citizen 12}","[213 0 42 100]","""""","9.9","false","{breed social-friends}","0","""default""","""none""","0"
"{citizen 6}","{citizen 14}","[213 0 42 100]","""""","9.9","false","{breed social-friends}","0","""default""","""none""","0"
"{citizen 6}","{citizen 15}","[213 0 42 100]","""""","9.9","false","{breed social-friends}","0","""default""","""none""","0"
"{citizen 6}","{citizen 16}","[213 0 42 100]","""""","9.9","false","{breed social-friends}","0","""default""","""none""","0"
"{citizen 6}","{citizen 17}","[213 0 42 100]","""""","9.9","false","{breed social-friends}","0","""default""","""none""","0"
"{citizen 6}","{citizen 18}","[213 0 42 100]","""""","9.9","false","{breed social-friends}","0","""default""","""none""","0"
"{citizen 6}","{citizen 20}","[213 0 42 100]","""""","9.9","false","{breed social-friends}","0","""default""","""none""","0"
"{citizen 6}","{citizen 21}","[213 0 42 100]","""""","9.9","false","{breed social-friends}","0","""default""","""none""","0"
"{citizen 6}","{citizen 22}","[213 0 42 100]","""""","9.9","false","{breed social-friends}","0","""default""","""none""","0"
"{citizen 6}","{citizen 24}","[213 0 42 100]","""""","9.9","false","{breed social-friends}","0","""default""","""none""","0"
"{citizen 6}","{citizen 25}","[213 0 42 100]","""""","9.9","false","{breed social-friends}","0","""default""","""none""","0"
"{citizen 6}","{citizen 26}","[213 0 42 100]","""""","9.9","false","{breed social-friends}","0","""default""","""none""","0"
"{citizen 6}","{citizen 27}","[213 0 42 100]","""""","9.9","false","{breed social-friends}","0","""default""","""none""","0"
"{citizen 6}","{citizen 30}","[213 0 42 100]","""""","9.9","false","{breed social-friends}","0","""default""","""none""","0"
"{citizen 6}","{citizen 31}","[213 0 42 100]","""""","9.9","false","{breed social-friends}","0","""default""","""none""","0"
"{citizen 6}","{citizen 32}","[213 0 42 100]","""""","9.9","false","{breed social-friends}","0","""default""","""none""","0"
"{citizen 6}","{citizen 33}","[213 0 42 100]","""""","9.9","false","{breed social-friends}","0","""default""","""none""","0"
"{citizen 6}","{citizen 35}","[213 0 42 100]","""""","9.9","false","{breed social-friends}","0","""default""","""none""","0"
"{citizen 6}","{citizen 36}","[213 0 42 100]","""""","9.9","false","{breed social-friends}","0","""default""","""none""","0"
"{citizen 6}","{citizen 39}","[213 0 42 100]","""""","9.9","false","{breed social-friends}","0","""default""","""none""","0"
"{citizen 6}","{citizen 40}","[213 0 42 100]","""""","9.9","false","{breed social-friends}","0","""default""","""none""","0"
"{citizen 6}","{citizen 42}","[213 0 42 100]","""""","9.9","false","{breed social-friends}","0","""default""","""none""","0"
"{citizen 6}","{citizen 45}","[213 0 42 100]","""""","9.9","false","{breed social-friends}","0","""default""","""none""","0"
"{citizen 6}","{citizen 46}","[213 0 42 100]","""""","9.9","false","{breed social-friends}","0","""default""","""none""","0"
"{citizen 6}","{citizen 48}","[213 0 42 100]","""""","9.9","false","{breed social-friends}","0","""default""","""none""","0"
"{citizen 6}","{citizen 49}","[213 0 42 100]","""""","9.9","false","{breed social-friends}","0","""default""","""none""","0"
"{citizen 7}","{citizen 0}","[141 141 141 100]","""""","9.9","false","{breed social-friends}","0","""default""","""none""","0"
"{citizen 7}","{citizen 3}","[141 141 141 100]","""""","9.9","false","{breed social-friends}","0","""default""","""none""","0"
"{citizen 7}","{citizen 5}","[141 141 141 100]","""""","9.9","false","{breed social-friends}","0","""default""","""none""","0"
"{citizen 7}","{citizen 8}","[141 141 141 100]","""""","9.9","false","{breed social-friends}","0","""default""","""none""","0"
"{citizen 7}","{citizen 9}","[141 141 141 100]","""""","9.9","false","{breed social-friends}","0","""default""","""none""","0"
"{citizen 7}","{citizen 10}","[141 141 141 100]","""""","9.9","false","{breed social-friends}","0","""default""","""none""","0"
"{citizen 7}","{citizen 11}","[141 141 141 100]","""""","9.9","false","{breed social-friends}","0","""default""","""none""","0"
"{citizen 7}","{citizen 13}","[141 141 141 100]","""""","9.9","false","{breed social-friends}","0","""default""","""none""","0"
"{citizen 7}","{citizen 17}","[141 141 141 100]","""""","9.9","false","{breed social-friends}","0","""default""","""none""","0"
"{citizen 7}","{citizen 19}","[141 141 141 100]","""""","9.9","false","{breed social-friends}","0","""default""","""none""","0"
"{citizen 7}","{citizen 21}","[141 141 141 100]","""""","9.9","false","{breed social-friends}","0","""default""","""none""","0"
"{citizen 7}","{citizen 24}","[141 141 141 100]","""""","9.9","false","{breed social-friends}","0","""default""","""none""","0"
"{citizen 7}","{citizen 25}","[141 141 141 100]","""""","9.9","false","{breed social-friends}","0","""default""","""none""","0"
"{citizen 7}","{citizen 26}","[141 141 141 100]","""""","9.9","false","{breed social-friends}","0","""default""","""none""","0"
"{citizen 7}","{citizen 28}","[141 141 141 100]","""""","9.9","false","{breed social-friends}","0","""default""","""none""","0"
"{citizen 7}","{citizen 29}","[141 141 141 100]","""""","9.9","false","{breed social-friends}","0","""default""","""none""","0"
"{citizen 7}","{citizen 30}","[141 141 141 100]","""""","9.9","false","{breed social-friends}","0","""default""","""none""","0"
"{citizen 7}","{citizen 32}","[141 141 141 100]","""""","9.9","false","{breed social-friends}","0","""default""","""none""","0"
"{citizen 7}","{citizen 33}","[141 141 141 100]","""""","9.9","false","{breed social-friends}","0","""default""","""none""","0"
"{citizen 7}","{citizen 34}","[141 141 141 100]","""""","9.9","false","{breed social-friends}","0","""default""","""none""","0"
"{citizen 7}","{citizen 37}","[141 141 141 100]","""""","9.9","false","{breed social-friends}","0","""default""","""none""","0"
"{citizen 7}","{citizen 39}","[141 141 141 100]","""""","9.9","false","{breed social-friends}","0","""default""","""none""","0"
"{citizen 7}","{citizen 42}","[141 141 141 100]","""""","9.9","false","{breed social-friends}","0","""default""","""none""","0"
"{citizen 7}","{citizen 45}","[141 141 141 100]","""""","9.9","false","{breed social-friends}","0","""default""","""none""","0"
"{citizen 7}","{citizen 46}","[141 141 141 100]","""""","9.9","false","{breed social-friends}","0","""default""","""none""","0"
"{citizen 7}","{citizen 47}","[141 141 141 100]","""""","9.9","false","{breed social-friends}","0","""default""","""none""","0"
"{citizen 7}","{citizen 48}","[141 141 141 100]","""""","9.9","false","{breed social-friends}","0","""default""","""none""","0"
"{citizen 8}","{citizen 0}","[213 0 42 100]","""""","9.9","false","{breed social-friends}","0","""default""","""none""","0"
"{citizen 8}","{citizen 3}","[213 0 42 100]","""""","9.9","false","{breed social-friends}","0","""default""","""none""","0"
"{citizen 8}","{citizen 5}","[213 0 42 100]","""""","9.9","false","{breed social-friends}","0","""default""","""none""","0"
"{citizen 8}","{citizen 6}","[213 0 42 100]","""""","9.9","false","{breed social-friends}","0","""default""","""none""","0"
"{citizen 8}","{citizen 7}","[141 141 141 100]","""""","9.9","false","{breed social-friends}","0","""default""","""none""","0"
"{citizen 8}","{citizen 9}","[213 0 42 100]","""""","9.9","false","{breed social-friends}","0","""default""","""none""","0"
"{citizen 8}","{citizen 10}","[213 0 42 100]","""""","9.9","false","{breed social-friends}","0","""default""","""none""","0"
"{citizen 8}","{citizen 12}","[213 0 42 100]","""""","9.9","false","{breed social-friends}","0","""default""","""none""","0"
"{citizen 8}","{citizen 14}","[213 0 42 100]","""""","9.9","false","{breed social-friends}","0","""default""","""none""","0"
"{citizen 8}","{citizen 15}","[213 0 42 100]","""""","9.9","false","{breed social-friends}","0","""default""","""none""","0"
"{citizen 8}","{citizen 16}","[213 0 42 100]","""""","9.9","false","{breed social-friends}","0","""default""","""none""","0"
"{citizen 8}","{citizen 17}","[213 0 42 100]","""""","9.9","false","{breed social-friends}","0","""default""","""none""","0"
"{citizen 8}","{citizen 18}","[213 0 42 100]","""""","9.9","false","{breed social-friends}","0","""default""","""none""","0"
"{citizen 8}","{citizen 20}","[213 0 42 100]","""""","9.9","false","{breed social-friends}","0","""default""","""none""","0"
"{citizen 8}","{citizen 21}","[213 0 42 100]","""""","9.9","false","{breed social-friends}","0","""default""","""none""","0"
"{citizen 8}","{citizen 22}","[213 0 42 100]","""""","9.9","false","{breed social-friends}","0","""default""","""none""","0"
"{citizen 8}","{citizen 24}","[213 0 42 100]","""""","9.9","false","{breed social-friends}","0","""default""","""none""","0"
"{citizen 8}","{citizen 25}","[213 0 42 100]","""""","9.9","false","{breed social-friends}","0","""default""","""none""","0"
"{citizen 8}","{citizen 26}","[213 0 42 100]","""""","9.9","false","{breed social-friends}","0","""default""","""none""","0"
"{citizen 8}","{citizen 27}","[213 0 42 100]","""""","9.9","false","{breed social-friends}","0","""default""","""none""","0"
"{citizen 8}","{citizen 30}","[213 0 42 100]","""""","9.9","false","{breed social-friends}","0","""default""","""none""","0"
"{citizen 8}","{citizen 31}","[213 0 42 100]","""""","9.9","false","{breed social-friends}","0","""default""","""none""","0"
"{citizen 8}","{citizen 32}","[213 0 42 100]","""""","9.9","false","{breed social-friends}","0","""default""","""none""","0"
"{citizen 8}","{citizen 33}","[213 0 42 100]","""""","9.9","false","{breed social-friends}","0","""default""","""none""","0"
"{citizen 8}","{citizen 35}","[213 0 42 100]","""""","9.9","false","{breed social-friends}","0","""default""","""none""","0"
"{citizen 8}","{citizen 36}","[213 0 42 100]","""""","9.9","false","{breed social-friends}","0","""default""","""none""","0"
"{citizen 8}","{citizen 38}","[141 141 141 100]","""""","9.9","false","{breed social-friends}","0","""default""","""none""","0"
"{citizen 8}","{citizen 39}","[213 0 42 100]","""""","9.9","false","{breed social-friends}","0","""default""","""none""","0"
"{citizen 8}","{citizen 40}","[213 0 42 100]","""""","9.9","false","{breed social-friends}","0","""default""","""none""","0"
"{citizen 8}","{citizen 42}","[213 0 42 100]","""""","9.9","false","{breed social-friends}","0","""default""","""none""","0"
"{citizen 8}","{citizen 43}","[213 0 42 100]","""""","9.9","false","{breed social-friends}","0","""default""","""none""","0"
"{citizen 8}","{citizen 45}","[213 0 42 100]","""""","9.9","false","{breed social-friends}","0","""default""","""none""","0"
"{citizen 8}","{citizen 46}","[213 0 42 100]","""""","9.9","false","{breed social-friends}","0","""default""","""none""","0"
"{citizen 8}","{citizen 48}","[213 0 42 100]","""""","9.9","false","{breed social-friends}","0","""default""","""none""","0"
"{citizen 8}","{citizen 49}","[213 0 42 100]","""""","9.9","false","{breed social-friends}","0","""default""","""none""","0"
"{citizen 9}","{citizen 0}","[213 0 42 100]","""""","9.9","false","{breed social-friends}","0","""default""","""none""","0"
"{citizen 9}","{citizen 5}","[213 0 42 100]","""""","9.9","false","{breed social-friends}","0","""default""","""none""","0"
"{citizen 9}","{citizen 6}","[213 0 42 100]","""""","9.9","false","{breed social-friends}","0","""default""","""none""","0"
"{citizen 9}","{citizen 7}","[141 141 141 100]","""""","9.9","false","{breed social-friends}","0","""default""","""none""","0"
"{citizen 9}","{citizen 8}","[213 0 42 100]","""""","9.9","false","{breed social-friends}","0","""default""","""none""","0"
"{citizen 9}","{citizen 10}","[213 0 42 100]","""""","9.9","false","{breed social-friends}","0","""default""","""none""","0"
"{citizen 9}","{citizen 14}","[213 0 42 100]","""""","9.9","false","{breed social-friends}","0","""default""","""none""","0"
"{citizen 9}","{citizen 15}","[213 0 42 100]","""""","9.9","false","{breed social-friends}","0","""default""","""none""","0"
"{citizen 9}","{citizen 16}","[213 0 42 100]","""""","9.9","false","{breed social-friends}","0","""default""","""none""","0"
"{citizen 9}","{citizen 18}","[213 0 42 100]","""""","9.9","false","{breed social-friends}","0","""default""","""none""","0"
"{citizen 9}","{citizen 20}","[213 0 42 100]","""""","9.9","false","{breed social-friends}","0","""default""","""none""","0"
"{citizen 9}","{citizen 21}","[213 0 42 100]","""""","9.9","false","{breed social-friends}","0","""default""","""none""","0"
"{citizen 9}","{citizen 22}","[213 0 42 100]","""""","9.9","false","{breed social-friends}","0","""default""","""none""","0"
"{citizen 9}","{citizen 27}","[213 0 42 100]","""""","9.9","false","{breed social-friends}","0","""default""","""none""","0"
"{citizen 9}","{citizen 31}","[213 0 42 100]","""""","9.9","false","{breed social-friends}","0","""default""","""none""","0"
"{citizen 9}","{citizen 32}","[213 0 42 100]","""""","9.9","false","{breed social-friends}","0","""default""","""none""","0"
"{citizen 9}","{citizen 33}","[213 0 42 100]","""""","9.9","false","{breed social-friends}","0","""default""","""none""","0"
"{citizen 9}","{citizen 45}","[213 0 42 100]","""""","9.9","false","{breed social-friends}","0","""default""","""none""","0"
"{citizen 9}","{citizen 46}","[213 0 42 100]","""""","9.9","false","{breed social-friends}","0","""default""","""none""","0"
"{citizen 9}","{citizen 47}","[141 141 141 100]","""""","9.9","false","{breed social-friends}","0","""default""","""none""","0"
"{citizen 9}","{citizen 49}","[213 0 42 100]","""""","9.9","false","{breed social-friends}","0","""default""","""none""","0"
"{citizen 10}","{citizen 0}","[213 0 42 100]","""""","9.9","false","{breed social-friends}","0","""default""","""none""","0"
"{citizen 10}","{citizen 3}","[213 0 42 100]","""""","9.9","false","{breed social-friends}","0","""default""","""none""","0"
"{citizen 10}","{citizen 5}","[213 0 42 100]","""""","9.9","false","{breed social-friends}","0","""default""","""none""","0"
"{citizen 10}","{citizen 6}","[213 0 42 100]","""""","9.9","false","{breed social-friends}","0","""default""","""none""","0"
"{citizen 10}","{citizen 7}","[141 141 141 100]","""""","9.9","false","{breed social-friends}","0","""default""","""none""","0"
"{citizen 10}","{citizen 8}","[213 0 42 100]","""""","9.9","false","{breed social-friends}","0","""default""","""none""","0"
"{citizen 10}","{citizen 9}","[213 0 42 100]","""""","9.9","false","{breed social-friends}","0","""default""","""none""","0"
"{citizen 10}","{citizen 13}","[141 141 141 100]","""""","9.9","false","{breed social-friends}","0","""default""","""none""","0"
"{citizen 10}","{citizen 14}","[213 0 42 100]","""""","9.9","false","{breed social-friends}","0","""default""","""none""","0"
"{citizen 10}","{citizen 15}","[213 0 42 100]","""""","9.9","false","{breed social-friends}","0","""default""","""none""","0"
"{citizen 10}","{citizen 16}","[213 0 42 100]","""""","9.9","false","{breed social-friends}","0","""default""","""none""","0"
"{citizen 10}","{citizen 17}","[213 0 42 100]","""""","9.9","false","{breed social-friends}","0","""default""","""none""","0"
"{citizen 10}","{citizen 18}","[213 0 42 100]","""""","9.9","false","{breed social-friends}","0","""default""","""none""","0"
"{citizen 10}","{citizen 21}","[213 0 42 100]","""""","9.9","false","{breed social-friends}","0","""default""","""none""","0"
"{citizen 10}","{citizen 24}","[213 0 42 100]","""""","9.9","false","{breed social-friends}","0","""default""","""none""","0"
"{citizen 10}","{citizen 25}","[213 0 42 100]","""""","9.9","false","{breed social-friends}","0","""default""","""none""","0"
"{citizen 10}","{citizen 27}","[213 0 42 100]","""""","9.9","false","{breed social-friends}","0","""default""","""none""","0"
"{citizen 10}","{citizen 30}","[213 0 42 100]","""""","9.9","false","{breed social-friends}","0","""default""","""none""","0"
"{citizen 10}","{citizen 31}","[213 0 42 100]","""""","9.9","false","{breed social-friends}","0","""default""","""none""","0"
"{citizen 10}","{citizen 33}","[213 0 42 100]","""""","9.9","false","{breed social-friends}","0","""default""","""none""","0"
"{citizen 10}","{citizen 35}","[213 0 42 100]","""""","9.9","false","{breed social-friends}","0","""default""","""none""","0"
"{citizen 10}","{citizen 38}","[141 141 141 100]","""""","9.9","false","{breed social-friends}","0","""default""","""none""","0"
"{citizen 10}","{citizen 40}","[213 0 42 100]","""""","9.9","false","{breed social-friends}","0","""default""","""none""","0"
"{citizen 10}","{citizen 45}","[213 0 42 100]","""""","9.9","false","{breed social-friends}","0","""default""","""none""","0"
"{citizen 10}","{citizen 46}","[213 0 42 100]","""""","9.9","false","{breed social-friends}","0","""default""","""none""","0"
"{citizen 10}","{citizen 48}","[213 0 42 100]","""""","9.9","false","{breed social-friends}","0","""default""","""none""","0"
"{citizen 10}","{citizen 49}","[213 0 42 100]","""""","9.9","false","{breed social-friends}","0","""default""","""none""","0"
"{citizen 11}","{citizen 7}","[141 141 141 100]","""""","9.9","false","{breed social-friends}","0","""default""","""none""","0"
"{citizen 11}","{citizen 20}","[141 141 141 100]","""""","9.9","false","{breed social-friends}","0","""default""","""none""","0"
"{citizen 11}","{citizen 23}","[141 141 141 100]","""""","9.9","false","{breed social-friends}","0","""default""","""none""","0"
"{citizen 11}","{citizen 32}","[141 141 141 100]","""""","9.9","false","{breed social-friends}","0","""default""","""none""","0"
"{citizen 11}","{citizen 38}","[141 141 141 100]","""""","9.9","false","{breed social-friends}","0","""default""","""none""","0"
"{citizen 12}","{citizen 0}","[213 0 42 100]","""""","9.9","false","{breed social-friends}","0","""default""","""none""","0"
"{citizen 12}","{citizen 3}","[213 0 42 100]","""""","9.9","false","{breed social-friends}","0","""default""","""none""","0"
"{citizen 12}","{citizen 5}","[213 0 42 100]","""""","9.9","false","{breed social-friends}","0","""default""","""none""","0"
"{citizen 12}","{citizen 6}","[213 0 42 100]","""""","9.9","false","{breed social-friends}","0","""default""","""none""","0"
"{citizen 12}","{citizen 8}","[213 0 42 100]","""""","9.9","false","{breed social-friends}","0","""default""","""none""","0"
"{citizen 12}","{citizen 14}","[213 0 42 100]","""""","9.9","false","{breed social-friends}","0","""default""","""none""","0"
"{citizen 12}","{citizen 15}","[213 0 42 100]","""""","9.9","false","{breed social-friends}","0","""default""","""none""","0"
"{citizen 12}","{citizen 16}","[213 0 42 100]","""""","9.9","false","{breed social-friends}","0","""default""","""none""","0"
"{citizen 12}","{citizen 18}","[213 0 42 100]","""""","9.9","false","{breed social-friends}","0","""default""","""none""","0"
"{citizen 12}","{citizen 21}","[213 0 42 100]","""""","9.9","false","{breed social-friends}","0","""default""","""none""","0"
"{citizen 12}","{citizen 22}","[213 0 42 100]","""""","9.9","false","{breed social-friends}","0","""default""","""none""","0"
"{citizen 12}","{citizen 26}","[213 0 42 100]","""""","9.9","false","{breed social-friends}","0","""default""","""none""","0"
"{citizen 12}","{citizen 27}","[213 0 42 100]","""""","9.9","false","{breed social-friends}","0","""default""","""none""","0"
"{citizen 12}","{citizen 29}","[141 141 141 100]","""""","9.9","false","{breed social-friends}","0","""default""","""none""","0"
"{citizen 12}","{citizen 31}","[213 0 42 100]","""""","9.9","false","{breed social-friends}","0","""default""","""none""","0"
"{citizen 12}","{citizen 33}","[213 0 42 100]","""""","9.9","false","{breed social-friends}","0","""default""","""none""","0"
"{citizen 12}","{citizen 35}","[213 0 42 100]","""""","9.9","false","{breed social-friends}","0","""default""","""none""","0"
"{citizen 12}","{citizen 37}","[141 141 141 100]","""""","9.9","false","{breed social-friends}","0","""default""","""none""","0"
"{citizen 12}","{citizen 43}","[213 0 42 100]","""""","9.9","false","{breed social-friends}","0","""default""","""none""","0"
"{citizen 12}","{citizen 47}","[141 141 141 100]","""""","9.9","false","{breed social-friends}","0","""default""","""none""","0"
"{citizen 12}","{citizen 48}","[213 0 42 100]","""""","9.9","false","{breed social-friends}","0","""default""","""none""","0"
"{citizen 12}","{citizen 49}","[213 0 42 100]","""""","9.9","false","{breed social-friends}","0","""default""","""none""","0"
"{citizen 13}","{citizen 0}","[141 141 141 100]","""""","9.9","false","{breed social-friends}","0","""default""","""none""","0"
"{citizen 13}","{citizen 7}","[141 141 141 100]","""""","9.9","false","{breed social-friends}","0","""default""","""none""","0"
"{citizen 13}","{citizen 10}","[141 141 141 100]","""""","9.9","false","{breed social-friends}","0","""default""","""none""","0"
"{citizen 13}","{citizen 20}","[141 141 141 100]","""""","9.9","false","{breed social-friends}","0","""default""","""none""","0"
"{citizen 13}","{citizen 23}","[141 141 141 100]","""""","9.9","false","{breed social-friends}","0","""default""","""none""","0"
"{citizen 13}","{citizen 31}","[141 141 141 100]","""""","9.9","false","{breed social-friends}","0","""default""","""none""","0"
"{citizen 13}","{citizen 38}","[141 141 141 100]","""""","9.9","false","{breed social-friends}","0","""default""","""none""","0"
"{citizen 13}","{citizen 39}","[141 141 141 100]","""""","9.9","false","{breed social-friends}","0","""default""","""none""","0"
"{citizen 13}","{citizen 42}","[141 141 141 100]","""""","9.9","false","{breed social-friends}","0","""default""","""none""","0"
"{citizen 13}","{citizen 46}","[141 141 141 100]","""""","9.9","false","{breed social-friends}","0","""default""","""none""","0"
"{citizen 14}","{citizen 0}","[213 0 42 100]","""""","9.9","false","{breed social-friends}","0","""default""","""none""","0"
"{citizen 14}","{citizen 3}","[213 0 42 100]","""""","9.9","false","{breed social-friends}","0","""default""","""none""","0"
"{citizen 14}","{citizen 5}","[213 0 42 100]","""""","9.9","false","{breed social-friends}","0","""default""","""none""","0"
"{citizen 14}","{citizen 6}","[213 0 42 100]","""""","9.9","false","{breed social-friends}","0","""default""","""none""","0"
"{citizen 14}","{citizen 8}","[213 0 42 100]","""""","9.9","false","{breed social-friends}","0","""default""","""none""","0"
"{citizen 14}","{citizen 9}","[213 0 42 100]","""""","9.9","false","{breed social-friends}","0","""default""","""none""","0"
"{citizen 14}","{citizen 10}","[213 0 42 100]","""""","9.9","false","{breed social-friends}","0","""default""","""none""","0"
"{citizen 14}","{citizen 12}","[213 0 42 100]","""""","9.9","false","{breed social-friends}","0","""default""","""none""","0"
"{citizen 14}","{citizen 15}","[213 0 42 100]","""""","9.9","false","{breed social-friends}","0","""default""","""none""","0"
"{citizen 14}","{citizen 16}","[213 0 42 100]","""""","9.9","false","{breed social-friends}","0","""default""","""none""","0"
"{citizen 14}","{citizen 17}","[213 0 42 100]","""""","9.9","false","{breed social-friends}","0","""default""","""none""","0"
"{citizen 14}","{citizen 18}","[213 0 42 100]","""""","9.9","false","{breed social-friends}","0","""default""","""none""","0"
"{citizen 14}","{citizen 20}","[213 0 42 100]","""""","9.9","false","{breed social-friends}","0","""default""","""none""","0"
"{citizen 14}","{citizen 21}","[213 0 42 100]","""""","9.9","false","{breed social-friends}","0","""default""","""none""","0"
"{citizen 14}","{citizen 22}","[213 0 42 100]","""""","9.9","false","{breed social-friends}","0","""default""","""none""","0"
"{citizen 14}","{citizen 24}","[213 0 42 100]","""""","9.9","false","{breed social-friends}","0","""default""","""none""","0"
"{citizen 14}","{citizen 25}","[213 0 42 100]","""""","9.9","false","{breed social-friends}","0","""default""","""none""","0"
"{citizen 14}","{citizen 26}","[213 0 42 100]","""""","9.9","false","{breed social-friends}","0","""default""","""none""","0"
"{citizen 14}","{citizen 27}","[213 0 42 100]","""""","9.9","false","{breed social-friends}","0","""default""","""none""","0"
"{citizen 14}","{citizen 30}","[213 0 42 100]","""""","9.9","false","{breed social-friends}","0","""default""","""none""","0"
"{citizen 14}","{citizen 31}","[213 0 42 100]","""""","9.9","false","{breed social-friends}","0","""default""","""none""","0"
"{citizen 14}","{citizen 32}","[213 0 42 100]","""""","9.9","false","{breed social-friends}","0","""default""","""none""","0"
"{citizen 14}","{citizen 33}","[213 0 42 100]","""""","9.9","false","{breed social-friends}","0","""default""","""none""","0"
"{citizen 14}","{citizen 35}","[213 0 42 100]","""""","9.9","false","{breed social-friends}","0","""default""","""none""","0"
"{citizen 14}","{citizen 39}","[213 0 42 100]","""""","9.9","false","{breed social-friends}","0","""default""","""none""","0"
"{citizen 14}","{citizen 40}","[213 0 42 100]","""""","9.9","false","{breed social-friends}","0","""default""","""none""","0"
"{citizen 14}","{citizen 42}","[213 0 42 100]","""""","9.9","false","{breed social-friends}","0","""default""","""none""","0"
"{citizen 14}","{citizen 43}","[213 0 42 100]","""""","9.9","false","{breed social-friends}","0","""default""","""none""","0"
"{citizen 14}","{citizen 45}","[213 0 42 100]","""""","9.9","false","{breed social-friends}","0","""default""","""none""","0"
"{citizen 14}","{citizen 46}","[213 0 42 100]","""""","9.9","false","{breed social-friends}","0","""default""","""none""","0"
"{citizen 14}","{citizen 48}","[213 0 42 100]","""""","9.9","false","{breed social-friends}","0","""default""","""none""","0"
"{citizen 14}","{citizen 49}","[213 0 42 100]","""""","9.9","false","{breed social-friends}","0","""default""","""none""","0"
"{citizen 15}","{citizen 0}","[213 0 42 100]","""""","9.9","false","{breed social-friends}","0","""default""","""none""","0"
"{citizen 15}","{citizen 3}","[213 0 42 100]","""""","9.9","false","{breed social-friends}","0","""default""","""none""","0"
"{citizen 15}","{citizen 5}","[213 0 42 100]","""""","9.9","false","{breed social-friends}","0","""default""","""none""","0"
"{citizen 15}","{citizen 6}","[213 0 42 100]","""""","9.9","false","{breed social-friends}","0","""default""","""none""","0"
"{citizen 15}","{citizen 8}","[213 0 42 100]","""""","9.9","false","{breed social-friends}","0","""default""","""none""","0"
"{citizen 15}","{citizen 9}","[213 0 42 100]","""""","9.9","false","{breed social-friends}","0","""default""","""none""","0"
"{citizen 15}","{citizen 10}","[213 0 42 100]","""""","9.9","false","{breed social-friends}","0","""default""","""none""","0"
"{citizen 15}","{citizen 12}","[213 0 42 100]","""""","9.9","false","{breed social-friends}","0","""default""","""none""","0"
"{citizen 15}","{citizen 14}","[213 0 42 100]","""""","9.9","false","{breed social-friends}","0","""default""","""none""","0"
"{citizen 15}","{citizen 16}","[213 0 42 100]","""""","9.9","false","{breed social-friends}","0","""default""","""none""","0"
"{citizen 15}","{citizen 17}","[213 0 42 100]","""""","9.9","false","{breed social-friends}","0","""default""","""none""","0"
"{citizen 15}","{citizen 18}","[213 0 42 100]","""""","9.9","false","{breed social-friends}","0","""default""","""none""","0"
"{citizen 15}","{citizen 20}","[213 0 42 100]","""""","9.9","false","{breed social-friends}","0","""default""","""none""","0"
"{citizen 15}","{citizen 21}","[213 0 42 100]","""""","9.9","false","{breed social-friends}","0","""default""","""none""","0"
"{citizen 15}","{citizen 22}","[213 0 42 100]","""""","9.9","false","{breed social-friends}","0","""default""","""none""","0"
"{citizen 15}","{citizen 24}","[213 0 42 100]","""""","9.9","false","{breed social-friends}","0","""default""","""none""","0"
"{citizen 15}","{citizen 25}","[213 0 42 100]","""""","9.9","false","{breed social-friends}","0","""default""","""none""","0"
"{citizen 15}","{citizen 27}","[213 0 42 100]","""""","9.9","false","{breed social-friends}","0","""default""","""none""","0"
"{citizen 15}","{citizen 31}","[213 0 42 100]","""""","9.9","false","{breed social-friends}","0","""default""","""none""","0"
"{citizen 15}","{citizen 32}","[213 0 42 100]","""""","9.9","false","{breed social-friends}","0","""default""","""none""","0"
"{citizen 15}","{citizen 33}","[213 0 42 100]","""""","9.9","false","{breed social-friends}","0","""default""","""none""","0"
"{citizen 15}","{citizen 35}","[213 0 42 100]","""""","9.9","false","{breed social-friends}","0","""default""","""none""","0"
"{citizen 15}","{citizen 36}","[213 0 42 100]","""""","9.9","false","{breed social-friends}","0","""default""","""none""","0"
"{citizen 15}","{citizen 39}","[213 0 42 100]","""""","9.9","false","{breed social-friends}","0","""default""","""none""","0"
"{citizen 15}","{citizen 40}","[213 0 42 100]","""""","9.9","false","{breed social-friends}","0","""default""","""none""","0"
"{citizen 15}","{citizen 42}","[213 0 42 100]","""""","9.9","false","{breed social-friends}","0","""default""","""none""","0"
"{citizen 15}","{citizen 45}","[213 0 42 100]","""""","9.9","false","{breed social-friends}","0","""default""","""none""","0"
"{citizen 15}","{citizen 49}","[213 0 42 100]","""""","9.9","false","{breed social-friends}","0","""default""","""none""","0"
"{citizen 16}","{citizen 0}","[213 0 42 100]","""""","9.9","false","{breed social-friends}","0","""default""","""none""","0"
"{citizen 16}","{citizen 3}","[213 0 42 100]","""""","9.9","false","{breed social-friends}","0","""default""","""none""","0"
"{citizen 16}","{citizen 5}","[213 0 42 100]","""""","9.9","false","{breed social-friends}","0","""default""","""none""","0"
"{citizen 16}","{citizen 6}","[213 0 42 100]","""""","9.9","false","{breed social-friends}","0","""default""","""none""","0"
"{citizen 16}","{citizen 8}","[213 0 42 100]","""""","9.9","false","{breed social-friends}","0","""default""","""none""","0"
"{citizen 16}","{citizen 9}","[213 0 42 100]","""""","9.9","false","{breed social-friends}","0","""default""","""none""","0"
"{citizen 16}","{citizen 10}","[213 0 42 100]","""""","9.9","false","{breed social-friends}","0","""default""","""none""","0"
"{citizen 16}","{citizen 12}","[213 0 42 100]","""""","9.9","false","{breed social-friends}","0","""default""","""none""","0"
"{citizen 16}","{citizen 14}","[213 0 42 100]","""""","9.9","false","{breed social-friends}","0","""default""","""none""","0"
"{citizen 16}","{citizen 15}","[213 0 42 100]","""""","9.9","false","{breed social-friends}","0","""default""","""none""","0"
"{citizen 16}","{citizen 17}","[213 0 42 100]","""""","9.9","false","{breed social-friends}","0","""default""","""none""","0"
"{citizen 16}","{citizen 18}","[213 0 42 100]","""""","9.9","false","{breed social-friends}","0","""default""","""none""","0"
"{citizen 16}","{citizen 20}","[213 0 42 100]","""""","9.9","false","{breed social-friends}","0","""default""","""none""","0"
"{citizen 16}","{citizen 21}","[213 0 42 100]","""""","9.9","false","{breed social-friends}","0","""default""","""none""","0"
"{citizen 16}","{citizen 22}","[213 0 42 100]","""""","9.9","false","{breed social-friends}","0","""default""","""none""","0"
"{citizen 16}","{citizen 24}","[213 0 42 100]","""""","9.9","false","{breed social-friends}","0","""default""","""none""","0"
"{citizen 16}","{citizen 25}","[213 0 42 100]","""""","9.9","false","{breed social-friends}","0","""default""","""none""","0"
"{citizen 16}","{citizen 26}","[213 0 42 100]","""""","9.9","false","{breed social-friends}","0","""default""","""none""","0"
"{citizen 16}","{citizen 27}","[213 0 42 100]","""""","9.9","false","{breed social-friends}","0","""default""","""none""","0"
"{citizen 16}","{citizen 30}","[213 0 42 100]","""""","9.9","false","{breed social-friends}","0","""default""","""none""","0"
"{citizen 16}","{citizen 31}","[213 0 42 100]","""""","9.9","false","{breed social-friends}","0","""default""","""none""","0"
"{citizen 16}","{citizen 32}","[213 0 42 100]","""""","9.9","false","{breed social-friends}","0","""default""","""none""","0"
"{citizen 16}","{citizen 33}","[213 0 42 100]","""""","9.9","false","{breed social-friends}","0","""default""","""none""","0"
"{citizen 16}","{citizen 35}","[213 0 42 100]","""""","9.9","false","{breed social-friends}","0","""default""","""none""","0"
"{citizen 16}","{citizen 36}","[213 0 42 100]","""""","9.9","false","{breed social-friends}","0","""default""","""none""","0"
"{citizen 16}","{citizen 39}","[213 0 42 100]","""""","9.9","false","{breed social-friends}","0","""default""","""none""","0"
"{citizen 16}","{citizen 40}","[213 0 42 100]","""""","9.9","false","{breed social-friends}","0","""default""","""none""","0"
"{citizen 16}","{citizen 42}","[213 0 42 100]","""""","9.9","false","{breed social-friends}","0","""default""","""none""","0"
"{citizen 16}","{citizen 43}","[213 0 42 100]","""""","9.9","false","{breed social-friends}","0","""default""","""none""","0"
"{citizen 16}","{citizen 45}","[213 0 42 100]","""""","9.9","false","{breed social-friends}","0","""default""","""none""","0"
"{citizen 16}","{citizen 46}","[213 0 42 100]","""""","9.9","false","{breed social-friends}","0","""default""","""none""","0"
"{citizen 16}","{citizen 49}","[213 0 42 100]","""""","9.9","false","{breed social-friends}","0","""default""","""none""","0"
"{citizen 17}","{citizen 0}","[213 0 42 100]","""""","9.9","false","{breed social-friends}","0","""default""","""none""","0"
"{citizen 17}","{citizen 4}","[141 141 141 100]","""""","9.9","false","{breed social-friends}","0","""default""","""none""","0"
"{citizen 17}","{citizen 5}","[213 0 42 100]","""""","9.9","false","{breed social-friends}","0","""default""","""none""","0"
"{citizen 17}","{citizen 6}","[213 0 42 100]","""""","9.9","false","{breed social-friends}","0","""default""","""none""","0"
"{citizen 17}","{citizen 7}","[141 141 141 100]","""""","9.9","false","{breed social-friends}","0","""default""","""none""","0"
"{citizen 17}","{citizen 8}","[213 0 42 100]","""""","9.9","false","{breed social-friends}","0","""default""","""none""","0"
"{citizen 17}","{citizen 10}","[213 0 42 100]","""""","9.9","false","{breed social-friends}","0","""default""","""none""","0"
"{citizen 17}","{citizen 14}","[213 0 42 100]","""""","9.9","false","{breed social-friends}","0","""default""","""none""","0"
"{citizen 17}","{citizen 15}","[213 0 42 100]","""""","9.9","false","{breed social-friends}","0","""default""","""none""","0"
"{citizen 17}","{citizen 16}","[213 0 42 100]","""""","9.9","false","{breed social-friends}","0","""default""","""none""","0"
"{citizen 17}","{citizen 21}","[213 0 42 100]","""""","9.9","false","{breed social-friends}","0","""default""","""none""","0"
"{citizen 17}","{citizen 22}","[213 0 42 100]","""""","9.9","false","{breed social-friends}","0","""default""","""none""","0"
"{citizen 17}","{citizen 23}","[141 141 141 100]","""""","9.9","false","{breed social-friends}","0","""default""","""none""","0"
"{citizen 17}","{citizen 24}","[213 0 42 100]","""""","9.9","false","{breed social-friends}","0","""default""","""none""","0"
"{citizen 17}","{citizen 25}","[213 0 42 100]","""""","9.9","false","{breed social-friends}","0","""default""","""none""","0"
"{citizen 17}","{citizen 26}","[213 0 42 100]","""""","9.9","false","{breed social-friends}","0","""default""","""none""","0"
"{citizen 17}","{citizen 27}","[213 0 42 100]","""""","9.9","false","{breed social-friends}","0","""default""","""none""","0"
"{citizen 17}","{citizen 29}","[141 141 141 100]","""""","9.9","false","{breed social-friends}","0","""default""","""none""","0"
"{citizen 17}","{citizen 30}","[213 0 42 100]","""""","9.9","false","{breed social-friends}","0","""default""","""none""","0"
"{citizen 17}","{citizen 31}","[213 0 42 100]","""""","9.9","false","{breed social-friends}","0","""default""","""none""","0"
"{citizen 17}","{citizen 32}","[213 0 42 100]","""""","9.9","false","{breed social-friends}","0","""default""","""none""","0"
"{citizen 17}","{citizen 33}","[213 0 42 100]","""""","9.9","false","{breed social-friends}","0","""default""","""none""","0"
"{citizen 17}","{citizen 35}","[213 0 42 100]","""""","9.9","false","{breed social-friends}","0","""default""","""none""","0"
"{citizen 17}","{citizen 38}","[141 141 141 100]","""""","9.9","false","{breed social-friends}","0","""default""","""none""","0"
"{citizen 17}","{citizen 44}","[141 141 141 100]","""""","9.9","false","{breed social-friends}","0","""default""","""none""","0"
"{citizen 17}","{citizen 46}","[213 0 42 100]","""""","9.9","false","{breed social-friends}","0","""default""","""none""","0"
"{citizen 17}","{citizen 47}","[141 141 141 100]","""""","9.9","false","{breed social-friends}","0","""default""","""none""","0"
"{citizen 17}","{citizen 49}","[213 0 42 100]","""""","9.9","false","{breed social-friends}","0","""default""","""none""","0"
"{citizen 18}","{citizen 0}","[213 0 42 100]","""""","9.9","false","{breed social-friends}","0","""default""","""none""","0"
"{citizen 18}","{citizen 3}","[213 0 42 100]","""""","9.9","false","{breed social-friends}","0","""default""","""none""","0"
"{citizen 18}","{citizen 5}","[213 0 42 100]","""""","9.9","false","{breed social-friends}","0","""default""","""none""","0"
"{citizen 18}","{citizen 6}","[213 0 42 100]","""""","9.9","false","{breed social-friends}","0","""default""","""none""","0"
"{citizen 18}","{citizen 8}","[213 0 42 100]","""""","9.9","false","{breed social-friends}","0","""default""","""none""","0"
"{citizen 18}","{citizen 9}","[213 0 42 100]","""""","9.9","false","{breed social-friends}","0","""default""","""none""","0"
"{citizen 18}","{citizen 10}","[213 0 42 100]","""""","9.9","false","{breed social-friends}","0","""default""","""none""","0"
"{citizen 18}","{citizen 12}","[213 0 42 100]","""""","9.9","false","{breed social-friends}","0","""default""","""none""","0"
"{citizen 18}","{citizen 14}","[213 0 42 100]","""""","9.9","false","{breed social-friends}","0","""default""","""none""","0"
"{citizen 18}","{citizen 15}","[213 0 42 100]","""""","9.9","false","{breed social-friends}","0","""default""","""none""","0"
"{citizen 18}","{citizen 16}","[213 0 42 100]","""""","9.9","false","{breed social-friends}","0","""default""","""none""","0"
"{citizen 18}","{citizen 20}","[213 0 42 100]","""""","9.9","false","{breed social-friends}","0","""default""","""none""","0"
"{citizen 18}","{citizen 21}","[213 0 42 100]","""""","9.9","false","{breed social-friends}","0","""default""","""none""","0"
"{citizen 18}","{citizen 24}","[213 0 42 100]","""""","9.9","false","{breed social-friends}","0","""default""","""none""","0"
"{citizen 18}","{citizen 25}","[213 0 42 100]","""""","9.9","false","{breed social-friends}","0","""default""","""none""","0"
"{citizen 18}","{citizen 26}","[213 0 42 100]","""""","9.9","false","{breed social-friends}","0","""default""","""none""","0"
"{citizen 18}","{citizen 27}","[213 0 42 100]","""""","9.9","false","{breed social-friends}","0","""default""","""none""","0"
"{citizen 18}","{citizen 30}","[213 0 42 100]","""""","9.9","false","{breed social-friends}","0","""default""","""none""","0"
"{citizen 18}","{citizen 31}","[213 0 42 100]","""""","9.9","false","{breed social-friends}","0","""default""","""none""","0"
"{citizen 18}","{citizen 32}","[213 0 42 100]","""""","9.9","false","{breed social-friends}","0","""default""","""none""","0"
"{citizen 18}","{citizen 33}","[213 0 42 100]","""""","9.9","false","{breed social-friends}","0","""default""","""none""","0"
"{citizen 18}","{citizen 35}","[213 0 42 100]","""""","9.9","false","{breed social-friends}","0","""default""","""none""","0"
"{citizen 18}","{citizen 36}","[213 0 42 100]","""""","9.9","false","{breed social-friends}","0","""default""","""none""","0"
"{citizen 18}","{citizen 38}","[141 141 141 100]","""""","9.9","false","{breed social-friends}","0","""default""","""none""","0"
"{citizen 18}","{citizen 39}","[213 0 42 100]","""""","9.9","false","{breed social-friends}","0","""default""","""none""","0"
"{citizen 18}","{citizen 40}","[213 0 42 100]","""""","9.9","false","{breed social-friends}","0","""default""","""none""","0"
"{citizen 18}","{citizen 42}","[213 0 42 100]","""""","9.9","false","{breed social-friends}","0","""default""","""none""","0"
"{citizen 18}","{citizen 45}","[213 0 42 100]","""""","9.9","false","{breed social-friends}","0","""default""","""none""","0"
"{citizen 18}","{citizen 46}","[213 0 42 100]","""""","9.9","false","{breed social-friends}","0","""default""","""none""","0"
"{citizen 18}","{citizen 49}","[213 0 42 100]","""""","9.9","false","{breed social-friends}","0","""default""","""none""","0"
"{citizen 19}","{citizen 7}","[141 141 141 100]","""""","9.9","false","{breed social-friends}","0","""default""","""none""","0"
"{citizen 19}","{citizen 23}","[141 141 141 100]","""""","9.9","false","{breed social-friends}","0","""default""","""none""","0"
"{citizen 19}","{citizen 38}","[141 141 141 100]","""""","9.9","false","{breed social-friends}","0","""default""","""none""","0"
"{citizen 19}","{citizen 47}","[0 0 255 100]","""""","9.9","false","{breed social-friends}","0","""default""","""none""","0"
"{citizen 20}","{citizen 0}","[213 0 42 100]","""""","9.9","false","{breed social-friends}","0","""default""","""none""","0"
"{citizen 20}","{citizen 5}","[213 0 42 100]","""""","9.9","false","{breed social-friends}","0","""default""","""none""","0"
"{citizen 20}","{citizen 6}","[213 0 42 100]","""""","9.9","false","{breed social-friends}","0","""default""","""none""","0"
"{citizen 20}","{citizen 8}","[213 0 42 100]","""""","9.9","false","{breed social-friends}","0","""default""","""none""","0"
"{citizen 20}","{citizen 9}","[213 0 42 100]","""""","9.9","false","{breed social-friends}","0","""default""","""none""","0"
"{citizen 20}","{citizen 11}","[141 141 141 100]","""""","9.9","false","{breed social-friends}","0","""default""","""none""","0"
"{citizen 20}","{citizen 13}","[141 141 141 100]","""""","9.9","false","{breed social-friends}","0","""default""","""none""","0"
"{citizen 20}","{citizen 14}","[213 0 42 100]","""""","9.9","false","{breed social-friends}","0","""default""","""none""","0"
"{citizen 20}","{citizen 15}","[213 0 42 100]","""""","9.9","false","{breed social-friends}","0","""default""","""none""","0"
"{citizen 20}","{citizen 16}","[213 0 42 100]","""""","9.9","false","{breed social-friends}","0","""default""","""none""","0"
"{citizen 20}","{citizen 18}","[213 0 42 100]","""""","9.9","false","{breed social-friends}","0","""default""","""none""","0"
"{citizen 20}","{citizen 21}","[213 0 42 100]","""""","9.9","false","{breed social-friends}","0","""default""","""none""","0"
"{citizen 20}","{citizen 25}","[213 0 42 100]","""""","9.9","false","{breed social-friends}","0","""default""","""none""","0"
"{citizen 20}","{citizen 30}","[213 0 42 100]","""""","9.9","false","{breed social-friends}","0","""default""","""none""","0"
"{citizen 20}","{citizen 31}","[213 0 42 100]","""""","9.9","false","{breed social-friends}","0","""default""","""none""","0"
"{citizen 20}","{citizen 33}","[213 0 42 100]","""""","9.9","false","{breed social-friends}","0","""default""","""none""","0"
"{citizen 20}","{citizen 34}","[141 141 141 100]","""""","9.9","false","{breed social-friends}","0","""default""","""none""","0"
"{citizen 20}","{citizen 37}","[141 141 141 100]","""""","9.9","false","{breed social-friends}","0","""default""","""none""","0"
"{citizen 20}","{citizen 39}","[213 0 42 100]","""""","9.9","false","{breed social-friends}","0","""default""","""none""","0"
"{citizen 20}","{citizen 42}","[213 0 42 100]","""""","9.9","false","{breed social-friends}","0","""default""","""none""","0"
"{citizen 20}","{citizen 43}","[213 0 42 100]","""""","9.9","false","{breed social-friends}","0","""default""","""none""","0"
"{citizen 20}","{citizen 45}","[213 0 42 100]","""""","9.9","false","{breed social-friends}","0","""default""","""none""","0"
"{citizen 20}","{citizen 46}","[213 0 42 100]","""""","9.9","false","{breed social-friends}","0","""default""","""none""","0"
"{citizen 20}","{citizen 47}","[141 141 141 100]","""""","9.9","false","{breed social-friends}","0","""default""","""none""","0"
"{citizen 20}","{citizen 49}","[213 0 42 100]","""""","9.9","false","{breed social-friends}","0","""default""","""none""","0"
"{citizen 21}","{citizen 0}","[213 0 42 100]","""""","9.9","false","{breed social-friends}","0","""default""","""none""","0"
"{citizen 21}","{citizen 3}","[213 0 42 100]","""""","9.9","false","{breed social-friends}","0","""default""","""none""","0"
"{citizen 21}","{citizen 5}","[213 0 42 100]","""""","9.9","false","{breed social-friends}","0","""default""","""none""","0"
"{citizen 21}","{citizen 6}","[213 0 42 100]","""""","9.9","false","{breed social-friends}","0","""default""","""none""","0"
"{citizen 21}","{citizen 7}","[141 141 141 100]","""""","9.9","false","{breed social-friends}","0","""default""","""none""","0"
"{citizen 21}","{citizen 8}","[213 0 42 100]","""""","9.9","false","{breed social-friends}","0","""default""","""none""","0"
"{citizen 21}","{citizen 9}","[213 0 42 100]","""""","9.9","false","{breed social-friends}","0","""default""","""none""","0"
"{citizen 21}","{citizen 10}","[213 0 42 100]","""""","9.9","false","{breed social-friends}","0","""default""","""none""","0"
"{citizen 21}","{citizen 12}","[213 0 42 100]","""""","9.9","false","{breed social-friends}","0","""default""","""none""","0"
"{citizen 21}","{citizen 14}","[213 0 42 100]","""""","9.9","false","{breed social-friends}","0","""default""","""none""","0"
"{citizen 21}","{citizen 15}","[213 0 42 100]","""""","9.9","false","{breed social-friends}","0","""default""","""none""","0"
"{citizen 21}","{citizen 16}","[213 0 42 100]","""""","9.9","false","{breed social-friends}","0","""default""","""none""","0"
"{citizen 21}","{citizen 17}","[213 0 42 100]","""""","9.9","false","{breed social-friends}","0","""default""","""none""","0"
"{citizen 21}","{citizen 18}","[213 0 42 100]","""""","9.9","false","{breed social-friends}","0","""default""","""none""","0"
"{citizen 21}","{citizen 20}","[213 0 42 100]","""""","9.9","false","{breed social-friends}","0","""default""","""none""","0"
"{citizen 21}","{citizen 22}","[213 0 42 100]","""""","9.9","false","{breed social-friends}","0","""default""","""none""","0"
"{citizen 21}","{citizen 24}","[213 0 42 100]","""""","9.9","false","{breed social-friends}","0","""default""","""none""","0"
"{citizen 21}","{citizen 25}","[213 0 42 100]","""""","9.9","false","{breed social-friends}","0","""default""","""none""","0"
"{citizen 21}","{citizen 27}","[213 0 42 100]","""""","9.9","false","{breed social-friends}","0","""default""","""none""","0"
"{citizen 21}","{citizen 30}","[213 0 42 100]","""""","9.9","false","{breed social-friends}","0","""default""","""none""","0"
"{citizen 21}","{citizen 31}","[213 0 42 100]","""""","9.9","false","{breed social-friends}","0","""default""","""none""","0"
"{citizen 21}","{citizen 32}","[213 0 42 100]","""""","9.9","false","{breed social-friends}","0","""default""","""none""","0"
"{citizen 21}","{citizen 33}","[213 0 42 100]","""""","9.9","false","{breed social-friends}","0","""default""","""none""","0"
"{citizen 21}","{citizen 35}","[213 0 42 100]","""""","9.9","false","{breed social-friends}","0","""default""","""none""","0"
"{citizen 21}","{citizen 38}","[141 141 141 100]","""""","9.9","false","{breed social-friends}","0","""default""","""none""","0"
"{citizen 21}","{citizen 39}","[213 0 42 100]","""""","9.9","false","{breed social-friends}","0","""default""","""none""","0"
"{citizen 21}","{citizen 40}","[213 0 42 100]","""""","9.9","false","{breed social-friends}","0","""default""","""none""","0"
"{citizen 21}","{citizen 43}","[213 0 42 100]","""""","9.9","false","{breed social-friends}","0","""default""","""none""","0"
"{citizen 21}","{citizen 45}","[213 0 42 100]","""""","9.9","false","{breed social-friends}","0","""default""","""none""","0"
"{citizen 21}","{citizen 46}","[213 0 42 100]","""""","9.9","false","{breed social-friends}","0","""default""","""none""","0"
"{citizen 21}","{citizen 49}","[213 0 42 100]","""""","9.9","false","{breed social-friends}","0","""default""","""none""","0"
"{citizen 22}","{citizen 0}","[213 0 42 100]","""""","9.9","false","{breed social-friends}","0","""default""","""none""","0"
"{citizen 22}","{citizen 3}","[213 0 42 100]","""""","9.9","false","{breed social-friends}","0","""default""","""none""","0"
"{citizen 22}","{citizen 5}","[213 0 42 100]","""""","9.9","false","{breed social-friends}","0","""default""","""none""","0"
"{citizen 22}","{citizen 6}","[213 0 42 100]","""""","9.9","false","{breed social-friends}","0","""default""","""none""","0"
"{citizen 22}","{citizen 8}","[213 0 42 100]","""""","9.9","false","{breed social-friends}","0","""default""","""none""","0"
"{citizen 22}","{citizen 9}","[213 0 42 100]","""""","9.9","false","{breed social-friends}","0","""default""","""none""","0"
"{citizen 22}","{citizen 12}","[213 0 42 100]","""""","9.9","false","{breed social-friends}","0","""default""","""none""","0"
"{citizen 22}","{citizen 14}","[213 0 42 100]","""""","9.9","false","{breed social-friends}","0","""default""","""none""","0"
"{citizen 22}","{citizen 15}","[213 0 42 100]","""""","9.9","false","{breed social-friends}","0","""default""","""none""","0"
"{citizen 22}","{citizen 16}","[213 0 42 100]","""""","9.9","false","{breed social-friends}","0","""default""","""none""","0"
"{citizen 22}","{citizen 17}","[213 0 42 100]","""""","9.9","false","{breed social-friends}","0","""default""","""none""","0"
"{citizen 22}","{citizen 21}","[213 0 42 100]","""""","9.9","false","{breed social-friends}","0","""default""","""none""","0"
"{citizen 22}","{citizen 23}","[141 141 141 100]","""""","9.9","false","{breed social-friends}","0","""default""","""none""","0"
"{citizen 22}","{citizen 29}","[141 141 141 100]","""""","9.9","false","{breed social-friends}","0","""default""","""none""","0"
"{citizen 22}","{citizen 30}","[213 0 42 100]","""""","9.9","false","{breed social-friends}","0","""default""","""none""","0"
"{citizen 22}","{citizen 33}","[213 0 42 100]","""""","9.9","false","{breed social-friends}","0","""default""","""none""","0"
"{citizen 22}","{citizen 37}","[141 141 141 100]","""""","9.9","false","{breed social-friends}","0","""default""","""none""","0"
"{citizen 22}","{citizen 38}","[141 141 141 100]","""""","9.9","false","{breed social-friends}","0","""default""","""none""","0"
"{citizen 22}","{citizen 39}","[213 0 42 100]","""""","9.9","false","{breed social-friends}","0","""default""","""none""","0"
"{citizen 22}","{citizen 47}","[141 141 141 100]","""""","9.9","false","{breed social-friends}","0","""default""","""none""","0"
"{citizen 22}","{citizen 49}","[213 0 42 100]","""""","9.9","false","{breed social-friends}","0","""default""","""none""","0"
"{citizen 23}","{citizen 1}","[141 141 141 100]","""""","9.9","false","{breed social-friends}","0","""default""","""none""","0"
"{citizen 23}","{citizen 2}","[141 141 141 100]","""""","9.9","false","{breed social-friends}","0","""default""","""none""","0"
"{citizen 23}","{citizen 5}","[141 141 141 100]","""""","9.9","false","{breed social-friends}","0","""default""","""none""","0"
"{citizen 23}","{citizen 11}","[141 141 141 100]","""""","9.9","false","{breed social-friends}","0","""default""","""none""","0"
"{citizen 23}","{citizen 13}","[141 141 141 100]","""""","9.9","false","{breed social-friends}","0","""default""","""none""","0"
"{citizen 23}","{citizen 17}","[141 141 141 100]","""""","9.9","false","{breed social-friends}","0","""default""","""none""","0"
"{citizen 23}","{citizen 19}","[141 141 141 100]","""""","9.9","false","{breed social-friends}","0","""default""","""none""","0"
"{citizen 23}","{citizen 22}","[141 141 141 100]","""""","9.9","false","{breed social-friends}","0","""default""","""none""","0"
"{citizen 23}","{citizen 26}","[141 141 141 100]","""""","9.9","false","{breed social-friends}","0","""default""","""none""","0"
"{citizen 23}","{citizen 28}","[141 141 141 100]","""""","9.9","false","{breed social-friends}","0","""default""","""none""","0"
"{citizen 23}","{citizen 30}","[141 141 141 100]","""""","9.9","false","{breed social-friends}","0","""default""","""none""","0"
"{citizen 23}","{citizen 32}","[141 141 141 100]","""""","9.9","false","{breed social-friends}","0","""default""","""none""","0"
"{citizen 23}","{citizen 33}","[141 141 141 100]","""""","9.9","false","{breed social-friends}","0","""default""","""none""","0"
"{citizen 23}","{citizen 36}","[141 141 141 100]","""""","9.9","false","{breed social-friends}","0","""default""","""none""","0"
"{citizen 23}","{citizen 40}","[141 141 141 100]","""""","9.9","false","{breed social-friends}","0","""default""","""none""","0"
"{citizen 23}","{citizen 41}","[141 141 141 100]","""""","9.9","false","{breed social-friends}","0","""default""","""none""","0"
"{citizen 23}","{citizen 42}","[141 141 141 100]","""""","9.9","false","{breed social-friends}","0","""default""","""none""","0"
"{citizen 23}","{citizen 45}","[141 141 141 100]","""""","9.9","false","{breed social-friends}","0","""default""","""none""","0"
"{citizen 23}","{citizen 46}","[141 141 141 100]","""""","9.9","false","{breed social-friends}","0","""default""","""none""","0"
"{citizen 23}","{citizen 49}","[141 141 141 100]","""""","9.9","false","{breed social-friends}","0","""default""","""none""","0"
"{citizen 24}","{citizen 0}","[213 0 42 100]","""""","9.9","false","{breed social-friends}","0","""default""","""none""","0"
"{citizen 24}","{citizen 3}","[213 0 42 100]","""""","9.9","false","{breed social-friends}","0","""default""","""none""","0"
"{citizen 24}","{citizen 5}","[213 0 42 100]","""""","9.9","false","{breed social-friends}","0","""default""","""none""","0"
"{citizen 24}","{citizen 6}","[213 0 42 100]","""""","9.9","false","{breed social-friends}","0","""default""","""none""","0"
"{citizen 24}","{citizen 7}","[141 141 141 100]","""""","9.9","false","{breed social-friends}","0","""default""","""none""","0"
"{citizen 24}","{citizen 8}","[213 0 42 100]","""""","9.9","false","{breed social-friends}","0","""default""","""none""","0"
"{citizen 24}","{citizen 10}","[213 0 42 100]","""""","9.9","false","{breed social-friends}","0","""default""","""none""","0"
"{citizen 24}","{citizen 14}","[213 0 42 100]","""""","9.9","false","{breed social-friends}","0","""default""","""none""","0"
"{citizen 24}","{citizen 15}","[213 0 42 100]","""""","9.9","false","{breed social-friends}","0","""default""","""none""","0"
"{citizen 24}","{citizen 16}","[213 0 42 100]","""""","9.9","false","{breed social-friends}","0","""default""","""none""","0"
"{citizen 24}","{citizen 17}","[213 0 42 100]","""""","9.9","false","{breed social-friends}","0","""default""","""none""","0"
"{citizen 24}","{citizen 18}","[213 0 42 100]","""""","9.9","false","{breed social-friends}","0","""default""","""none""","0"
"{citizen 24}","{citizen 21}","[213 0 42 100]","""""","9.9","false","{breed social-friends}","0","""default""","""none""","0"
"{citizen 24}","{citizen 25}","[213 0 42 100]","""""","9.9","false","{breed social-friends}","0","""default""","""none""","0"
"{citizen 24}","{citizen 27}","[213 0 42 100]","""""","9.9","false","{breed social-friends}","0","""default""","""none""","0"
"{citizen 24}","{citizen 30}","[213 0 42 100]","""""","9.9","false","{breed social-friends}","0","""default""","""none""","0"
"{citizen 24}","{citizen 31}","[213 0 42 100]","""""","9.9","false","{breed social-friends}","0","""default""","""none""","0"
"{citizen 24}","{citizen 33}","[213 0 42 100]","""""","9.9","false","{breed social-friends}","0","""default""","""none""","0"
"{citizen 24}","{citizen 35}","[213 0 42 100]","""""","9.9","false","{breed social-friends}","0","""default""","""none""","0"
"{citizen 24}","{citizen 36}","[213 0 42 100]","""""","9.9","false","{breed social-friends}","0","""default""","""none""","0"
"{citizen 24}","{citizen 38}","[141 141 141 100]","""""","9.9","false","{breed social-friends}","0","""default""","""none""","0"
"{citizen 24}","{citizen 40}","[213 0 42 100]","""""","9.9","false","{breed social-friends}","0","""default""","""none""","0"
"{citizen 24}","{citizen 43}","[213 0 42 100]","""""","9.9","false","{breed social-friends}","0","""default""","""none""","0"
"{citizen 24}","{citizen 45}","[213 0 42 100]","""""","9.9","false","{breed social-friends}","0","""default""","""none""","0"
"{citizen 24}","{citizen 46}","[213 0 42 100]","""""","9.9","false","{breed social-friends}","0","""default""","""none""","0"
"{citizen 24}","{citizen 48}","[213 0 42 100]","""""","9.9","false","{breed social-friends}","0","""default""","""none""","0"
"{citizen 24}","{citizen 49}","[213 0 42 100]","""""","9.9","false","{breed social-friends}","0","""default""","""none""","0"
"{citizen 25}","{citizen 0}","[213 0 42 100]","""""","9.9","false","{breed social-friends}","0","""default""","""none""","0"
"{citizen 25}","{citizen 5}","[213 0 42 100]","""""","9.9","false","{breed social-friends}","0","""default""","""none""","0"
"{citizen 25}","{citizen 6}","[213 0 42 100]","""""","9.9","false","{breed social-friends}","0","""default""","""none""","0"
"{citizen 25}","{citizen 7}","[141 141 141 100]","""""","9.9","false","{breed social-friends}","0","""default""","""none""","0"
"{citizen 25}","{citizen 8}","[213 0 42 100]","""""","9.9","false","{breed social-friends}","0","""default""","""none""","0"
"{citizen 25}","{citizen 10}","[213 0 42 100]","""""","9.9","false","{breed social-friends}","0","""default""","""none""","0"
"{citizen 25}","{citizen 14}","[213 0 42 100]","""""","9.9","false","{breed social-friends}","0","""default""","""none""","0"
"{citizen 25}","{citizen 15}","[213 0 42 100]","""""","9.9","false","{breed social-friends}","0","""default""","""none""","0"
"{citizen 25}","{citizen 16}","[213 0 42 100]","""""","9.9","false","{breed social-friends}","0","""default""","""none""","0"
"{citizen 25}","{citizen 17}","[213 0 42 100]","""""","9.9","false","{breed social-friends}","0","""default""","""none""","0"
"{citizen 25}","{citizen 18}","[213 0 42 100]","""""","9.9","false","{breed social-friends}","0","""default""","""none""","0"
"{citizen 25}","{citizen 20}","[213 0 42 100]","""""","9.9","false","{breed social-friends}","0","""default""","""none""","0"
"{citizen 25}","{citizen 21}","[213 0 42 100]","""""","9.9","false","{breed social-friends}","0","""default""","""none""","0"
"{citizen 25}","{citizen 24}","[213 0 42 100]","""""","9.9","false","{breed social-friends}","0","""default""","""none""","0"
"{citizen 25}","{citizen 29}","[141 141 141 100]","""""","9.9","false","{breed social-friends}","0","""default""","""none""","0"
"{citizen 25}","{citizen 30}","[213 0 42 100]","""""","9.9","false","{breed social-friends}","0","""default""","""none""","0"
"{citizen 25}","{citizen 31}","[213 0 42 100]","""""","9.9","false","{breed social-friends}","0","""default""","""none""","0"
"{citizen 25}","{citizen 32}","[213 0 42 100]","""""","9.9","false","{breed social-friends}","0","""default""","""none""","0"
"{citizen 25}","{citizen 33}","[213 0 42 100]","""""","9.9","false","{breed social-friends}","0","""default""","""none""","0"
"{citizen 25}","{citizen 35}","[213 0 42 100]","""""","9.9","false","{breed social-friends}","0","""default""","""none""","0"
"{citizen 25}","{citizen 38}","[141 141 141 100]","""""","9.9","false","{breed social-friends}","0","""default""","""none""","0"
"{citizen 25}","{citizen 39}","[213 0 42 100]","""""","9.9","false","{breed social-friends}","0","""default""","""none""","0"
"{citizen 25}","{citizen 40}","[213 0 42 100]","""""","9.9","false","{breed social-friends}","0","""default""","""none""","0"
"{citizen 25}","{citizen 47}","[141 141 141 100]","""""","9.9","false","{breed social-friends}","0","""default""","""none""","0"
"{citizen 25}","{citizen 49}","[213 0 42 100]","""""","9.9","false","{breed social-friends}","0","""default""","""none""","0"
"{citizen 26}","{citizen 5}","[213 0 42 100]","""""","9.9","false","{breed social-friends}","0","""default""","""none""","0"
"{citizen 26}","{citizen 6}","[213 0 42 100]","""""","9.9","false","{breed social-friends}","0","""default""","""none""","0"
"{citizen 26}","{citizen 7}","[141 141 141 100]","""""","9.9","false","{breed social-friends}","0","""default""","""none""","0"
"{citizen 26}","{citizen 8}","[213 0 42 100]","""""","9.9","false","{breed social-friends}","0","""default""","""none""","0"
"{citizen 26}","{citizen 12}","[213 0 42 100]","""""","9.9","false","{breed social-friends}","0","""default""","""none""","0"
"{citizen 26}","{citizen 14}","[213 0 42 100]","""""","9.9","false","{breed social-friends}","0","""default""","""none""","0"
"{citizen 26}","{citizen 16}","[213 0 42 100]","""""","9.9","false","{breed social-friends}","0","""default""","""none""","0"
"{citizen 26}","{citizen 17}","[213 0 42 100]","""""","9.9","false","{breed social-friends}","0","""default""","""none""","0"
"{citizen 26}","{citizen 18}","[213 0 42 100]","""""","9.9","false","{breed social-friends}","0","""default""","""none""","0"
"{citizen 26}","{citizen 23}","[141 141 141 100]","""""","9.9","false","{breed social-friends}","0","""default""","""none""","0"
"{citizen 26}","{citizen 30}","[213 0 42 100]","""""","9.9","false","{breed social-friends}","0","""default""","""none""","0"
"{citizen 26}","{citizen 31}","[213 0 42 100]","""""","9.9","false","{breed social-friends}","0","""default""","""none""","0"
"{citizen 26}","{citizen 32}","[213 0 42 100]","""""","9.9","false","{breed social-friends}","0","""default""","""none""","0"
"{citizen 26}","{citizen 33}","[213 0 42 100]","""""","9.9","false","{breed social-friends}","0","""default""","""none""","0"
"{citizen 26}","{citizen 35}","[213 0 42 100]","""""","9.9","false","{breed social-friends}","0","""default""","""none""","0"
"{citizen 26}","{citizen 36}","[213 0 42 100]","""""","9.9","false","{breed social-friends}","0","""default""","""none""","0"
"{citizen 26}","{citizen 37}","[141 141 141 100]","""""","9.9","false","{breed social-friends}","0","""default""","""none""","0"
"{citizen 26}","{citizen 38}","[141 141 141 100]","""""","9.9","false","{breed social-friends}","0","""default""","""none""","0"
"{citizen 26}","{citizen 47}","[141 141 141 100]","""""","9.9","false","{breed social-friends}","0","""default""","""none""","0"
"{citizen 27}","{citizen 0}","[213 0 42 100]","""""","9.9","false","{breed social-friends}","0","""default""","""none""","0"
"{citizen 27}","{citizen 3}","[213 0 42 100]","""""","9.9","false","{breed social-friends}","0","""default""","""none""","0"
"{citizen 27}","{citizen 5}","[213 0 42 100]","""""","9.9","false","{breed social-friends}","0","""default""","""none""","0"
"{citizen 27}","{citizen 6}","[213 0 42 100]","""""","9.9","false","{breed social-friends}","0","""default""","""none""","0"
"{citizen 27}","{citizen 8}","[213 0 42 100]","""""","9.9","false","{breed social-friends}","0","""default""","""none""","0"
"{citizen 27}","{citizen 9}","[213 0 42 100]","""""","9.9","false","{breed social-friends}","0","""default""","""none""","0"
"{citizen 27}","{citizen 10}","[213 0 42 100]","""""","9.9","false","{breed social-friends}","0","""default""","""none""","0"
"{citizen 27}","{citizen 12}","[213 0 42 100]","""""","9.9","false","{breed social-friends}","0","""default""","""none""","0"
"{citizen 27}","{citizen 14}","[213 0 42 100]","""""","9.9","false","{breed social-friends}","0","""default""","""none""","0"
"{citizen 27}","{citizen 15}","[213 0 42 100]","""""","9.9","false","{breed social-friends}","0","""default""","""none""","0"
"{citizen 27}","{citizen 16}","[213 0 42 100]","""""","9.9","false","{breed social-friends}","0","""default""","""none""","0"
"{citizen 27}","{citizen 17}","[213 0 42 100]","""""","9.9","false","{breed social-friends}","0","""default""","""none""","0"
"{citizen 27}","{citizen 18}","[213 0 42 100]","""""","9.9","false","{breed social-friends}","0","""default""","""none""","0"
"{citizen 27}","{citizen 21}","[213 0 42 100]","""""","9.9","false","{breed social-friends}","0","""default""","""none""","0"
"{citizen 27}","{citizen 24}","[213 0 42 100]","""""","9.9","false","{breed social-friends}","0","""default""","""none""","0"
"{citizen 27}","{citizen 30}","[213 0 42 100]","""""","9.9","false","{breed social-friends}","0","""default""","""none""","0"
"{citizen 27}","{citizen 31}","[213 0 42 100]","""""","9.9","false","{breed social-friends}","0","""default""","""none""","0"
"{citizen 27}","{citizen 33}","[213 0 42 100]","""""","9.9","false","{breed social-friends}","0","""default""","""none""","0"
"{citizen 27}","{citizen 35}","[213 0 42 100]","""""","9.9","false","{breed social-friends}","0","""default""","""none""","0"
"{citizen 27}","{citizen 38}","[141 141 141 100]","""""","9.9","false","{breed social-friends}","0","""default""","""none""","0"
"{citizen 27}","{citizen 39}","[213 0 42 100]","""""","9.9","false","{breed social-friends}","0","""default""","""none""","0"
"{citizen 27}","{citizen 40}","[213 0 42 100]","""""","9.9","false","{breed social-friends}","0","""default""","""none""","0"
"{citizen 27}","{citizen 45}","[213 0 42 100]","""""","9.9","false","{breed social-friends}","0","""default""","""none""","0"
"{citizen 27}","{citizen 46}","[213 0 42 100]","""""","9.9","false","{breed social-friends}","0","""default""","""none""","0"
"{citizen 27}","{citizen 49}","[213 0 42 100]","""""","9.9","false","{breed social-friends}","0","""default""","""none""","0"
"{citizen 28}","{citizen 7}","[141 141 141 100]","""""","9.9","false","{breed social-friends}","0","""default""","""none""","0"
"{citizen 28}","{citizen 23}","[141 141 141 100]","""""","9.9","false","{breed social-friends}","0","""default""","""none""","0"
"{citizen 28}","{citizen 38}","[141 141 141 100]","""""","9.9","false","{breed social-friends}","0","""default""","""none""","0"
"{citizen 29}","{citizen 7}","[141 141 141 100]","""""","9.9","false","{breed social-friends}","0","""default""","""none""","0"
"{citizen 29}","{citizen 12}","[141 141 141 100]","""""","9.9","false","{breed social-friends}","0","""default""","""none""","0"
"{citizen 29}","{citizen 17}","[141 141 141 100]","""""","9.9","false","{breed social-friends}","0","""default""","""none""","0"
"{citizen 29}","{citizen 22}","[141 141 141 100]","""""","9.9","false","{breed social-friends}","0","""default""","""none""","0"
"{citizen 29}","{citizen 25}","[141 141 141 100]","""""","9.9","false","{breed social-friends}","0","""default""","""none""","0"
"{citizen 29}","{citizen 32}","[141 141 141 100]","""""","9.9","false","{breed social-friends}","0","""default""","""none""","0"
"{citizen 29}","{citizen 35}","[141 141 141 100]","""""","9.9","false","{breed social-friends}","0","""default""","""none""","0"
"{citizen 29}","{citizen 42}","[141 141 141 100]","""""","9.9","false","{breed social-friends}","0","""default""","""none""","0"
"{citizen 30}","{citizen 0}","[213 0 42 100]","""""","9.9","false","{breed social-friends}","0","""default""","""none""","0"
"{citizen 30}","{citizen 5}","[213 0 42 100]","""""","9.9","false","{breed social-friends}","0","""default""","""none""","0"
"{citizen 30}","{citizen 6}","[213 0 42 100]","""""","9.9","false","{breed social-friends}","0","""default""","""none""","0"
"{citizen 30}","{citizen 7}","[141 141 141 100]","""""","9.9","false","{breed social-friends}","0","""default""","""none""","0"
"{citizen 30}","{citizen 8}","[213 0 42 100]","""""","9.9","false","{breed social-friends}","0","""default""","""none""","0"
"{citizen 30}","{citizen 10}","[213 0 42 100]","""""","9.9","false","{breed social-friends}","0","""default""","""none""","0"
"{citizen 30}","{citizen 14}","[213 0 42 100]","""""","9.9","false","{breed social-friends}","0","""default""","""none""","0"
"{citizen 30}","{citizen 16}","[213 0 42 100]","""""","9.9","false","{breed social-friends}","0","""default""","""none""","0"
"{citizen 30}","{citizen 17}","[213 0 42 100]","""""","9.9","false","{breed social-friends}","0","""default""","""none""","0"
"{citizen 30}","{citizen 18}","[213 0 42 100]","""""","9.9","false","{breed social-friends}","0","""default""","""none""","0"
"{citizen 30}","{citizen 20}","[213 0 42 100]","""""","9.9","false","{breed social-friends}","0","""default""","""none""","0"
"{citizen 30}","{citizen 21}","[213 0 42 100]","""""","9.9","false","{breed social-friends}","0","""default""","""none""","0"
"{citizen 30}","{citizen 22}","[213 0 42 100]","""""","9.9","false","{breed social-friends}","0","""default""","""none""","0"
"{citizen 30}","{citizen 23}","[141 141 141 100]","""""","9.9","false","{breed social-friends}","0","""default""","""none""","0"
"{citizen 30}","{citizen 24}","[213 0 42 100]","""""","9.9","false","{breed social-friends}","0","""default""","""none""","0"
"{citizen 30}","{citizen 25}","[213 0 42 100]","""""","9.9","false","{breed social-friends}","0","""default""","""none""","0"
"{citizen 30}","{citizen 26}","[213 0 42 100]","""""","9.9","false","{breed social-friends}","0","""default""","""none""","0"
"{citizen 30}","{citizen 27}","[213 0 42 100]","""""","9.9","false","{breed social-friends}","0","""default""","""none""","0"
"{citizen 30}","{citizen 31}","[213 0 42 100]","""""","9.9","false","{breed social-friends}","0","""default""","""none""","0"
"{citizen 30}","{citizen 32}","[213 0 42 100]","""""","9.9","false","{breed social-friends}","0","""default""","""none""","0"
"{citizen 30}","{citizen 33}","[213 0 42 100]","""""","9.9","false","{breed social-friends}","0","""default""","""none""","0"
"{citizen 30}","{citizen 39}","[213 0 42 100]","""""","9.9","false","{breed social-friends}","0","""default""","""none""","0"
"{citizen 30}","{citizen 45}","[213 0 42 100]","""""","9.9","false","{breed social-friends}","0","""default""","""none""","0"
"{citizen 30}","{citizen 49}","[213 0 42 100]","""""","9.9","false","{breed social-friends}","0","""default""","""none""","0"
"{citizen 31}","{citizen 0}","[213 0 42 100]","""""","9.9","false","{breed social-friends}","0","""default""","""none""","0"
"{citizen 31}","{citizen 3}","[213 0 42 100]","""""","9.9","false","{breed social-friends}","0","""default""","""none""","0"
"{citizen 31}","{citizen 5}","[213 0 42 100]","""""","9.9","false","{breed social-friends}","0","""default""","""none""","0"
"{citizen 31}","{citizen 6}","[213 0 42 100]","""""","9.9","false","{breed social-friends}","0","""default""","""none""","0"
"{citizen 31}","{citizen 8}","[213 0 42 100]","""""","9.9","false","{breed social-friends}","0","""default""","""none""","0"
"{citizen 31}","{citizen 9}","[213 0 42 100]","""""","9.9","false","{breed social-friends}","0","""default""","""none""","0"
"{citizen 31}","{citizen 10}","[213 0 42 100]","""""","9.9","false","{breed social-friends}","0","""default""","""none""","0"
"{citizen 31}","{citizen 12}","[213 0 42 100]","""""","9.9","false","{breed social-friends}","0","""default""","""none""","0"
"{citizen 31}","{citizen 13}","[141 141 141 100]","""""","9.9","false","{breed social-friends}","0","""default""","""none""","0"
"{citizen 31}","{citizen 14}","[213 0 42 100]","""""","9.9","false","{breed social-friends}","0","""default""","""none""","0"
"{citizen 31}","{citizen 15}","[213 0 42 100]","""""","9.9","false","{breed social-friends}","0","""default""","""none""","0"
"{citizen 31}","{citizen 16}","[213 0 42 100]","""""","9.9","false","{breed social-friends}","0","""default""","""none""","0"
"{citizen 31}","{citizen 17}","[213 0 42 100]","""""","9.9","false","{breed social-friends}","0","""default""","""none""","0"
"{citizen 31}","{citizen 18}","[213 0 42 100]","""""","9.9","false","{breed social-friends}","0","""default""","""none""","0"
"{citizen 31}","{citizen 20}","[213 0 42 100]","""""","9.9","false","{breed social-friends}","0","""default""","""none""","0"
"{citizen 31}","{citizen 21}","[213 0 42 100]","""""","9.9","false","{breed social-friends}","0","""default""","""none""","0"
"{citizen 31}","{citizen 24}","[213 0 42 100]","""""","9.9","false","{breed social-friends}","0","""default""","""none""","0"
"{citizen 31}","{citizen 25}","[213 0 42 100]","""""","9.9","false","{breed social-friends}","0","""default""","""none""","0"
"{citizen 31}","{citizen 26}","[213 0 42 100]","""""","9.9","false","{breed social-friends}","0","""default""","""none""","0"
"{citizen 31}","{citizen 27}","[213 0 42 100]","""""","9.9","false","{breed social-friends}","0","""default""","""none""","0"
"{citizen 31}","{citizen 30}","[213 0 42 100]","""""","9.9","false","{breed social-friends}","0","""default""","""none""","0"
"{citizen 31}","{citizen 32}","[213 0 42 100]","""""","9.9","false","{breed social-friends}","0","""default""","""none""","0"
"{citizen 31}","{citizen 33}","[213 0 42 100]","""""","9.9","false","{breed social-friends}","0","""default""","""none""","0"
"{citizen 31}","{citizen 35}","[213 0 42 100]","""""","9.9","false","{breed social-friends}","0","""default""","""none""","0"
"{citizen 31}","{citizen 36}","[213 0 42 100]","""""","9.9","false","{breed social-friends}","0","""default""","""none""","0"
"{citizen 31}","{citizen 37}","[141 141 141 100]","""""","9.9","false","{breed social-friends}","0","""default""","""none""","0"
"{citizen 31}","{citizen 42}","[213 0 42 100]","""""","9.9","false","{breed social-friends}","0","""default""","""none""","0"
"{citizen 31}","{citizen 43}","[213 0 42 100]","""""","9.9","false","{breed social-friends}","0","""default""","""none""","0"
"{citizen 31}","{citizen 45}","[213 0 42 100]","""""","9.9","false","{breed social-friends}","0","""default""","""none""","0"
"{citizen 31}","{citizen 47}","[141 141 141 100]","""""","9.9","false","{breed social-friends}","0","""default""","""none""","0"
"{citizen 31}","{citizen 48}","[213 0 42 100]","""""","9.9","false","{breed social-friends}","0","""default""","""none""","0"
"{citizen 31}","{citizen 49}","[213 0 42 100]","""""","9.9","false","{breed social-friends}","0","""default""","""none""","0"
"{citizen 32}","{citizen 0}","[213 0 42 100]","""""","9.9","false","{breed social-friends}","0","""default""","""none""","0"
"{citizen 32}","{citizen 1}","[141 141 141 100]","""""","9.9","false","{breed social-friends}","0","""default""","""none""","0"
"{citizen 32}","{citizen 5}","[213 0 42 100]","""""","9.9","false","{breed social-friends}","0","""default""","""none""","0"
"{citizen 32}","{citizen 6}","[213 0 42 100]","""""","9.9","false","{breed social-friends}","0","""default""","""none""","0"
"{citizen 32}","{citizen 7}","[141 141 141 100]","""""","9.9","false","{breed social-friends}","0","""default""","""none""","0"
"{citizen 32}","{citizen 8}","[213 0 42 100]","""""","9.9","false","{breed social-friends}","0","""default""","""none""","0"
"{citizen 32}","{citizen 9}","[213 0 42 100]","""""","9.9","false","{breed social-friends}","0","""default""","""none""","0"
"{citizen 32}","{citizen 11}","[141 141 141 100]","""""","9.9","false","{breed social-friends}","0","""default""","""none""","0"
"{citizen 32}","{citizen 14}","[213 0 42 100]","""""","9.9","false","{breed social-friends}","0","""default""","""none""","0"
"{citizen 32}","{citizen 15}","[213 0 42 100]","""""","9.9","false","{breed social-friends}","0","""default""","""none""","0"
"{citizen 32}","{citizen 16}","[213 0 42 100]","""""","9.9","false","{breed social-friends}","0","""default""","""none""","0"
"{citizen 32}","{citizen 17}","[213 0 42 100]","""""","9.9","false","{breed social-friends}","0","""default""","""none""","0"
"{citizen 32}","{citizen 18}","[213 0 42 100]","""""","9.9","false","{breed social-friends}","0","""default""","""none""","0"
"{citizen 32}","{citizen 21}","[213 0 42 100]","""""","9.9","false","{breed social-friends}","0","""default""","""none""","0"
"{citizen 32}","{citizen 23}","[141 141 141 100]","""""","9.9","false","{breed social-friends}","0","""default""","""none""","0"
"{citizen 32}","{citizen 25}","[213 0 42 100]","""""","9.9","false","{breed social-friends}","0","""default""","""none""","0"
"{citizen 32}","{citizen 26}","[213 0 42 100]","""""","9.9","false","{breed social-friends}","0","""default""","""none""","0"
"{citizen 32}","{citizen 29}","[141 141 141 100]","""""","9.9","false","{breed social-friends}","0","""default""","""none""","0"
"{citizen 32}","{citizen 30}","[213 0 42 100]","""""","9.9","false","{breed social-friends}","0","""default""","""none""","0"
"{citizen 32}","{citizen 31}","[213 0 42 100]","""""","9.9","false","{breed social-friends}","0","""default""","""none""","0"
"{citizen 32}","{citizen 33}","[213 0 42 100]","""""","9.9","false","{breed social-friends}","0","""default""","""none""","0"
"{citizen 32}","{citizen 37}","[141 141 141 100]","""""","9.9","false","{breed social-friends}","0","""default""","""none""","0"
"{citizen 32}","{citizen 42}","[213 0 42 100]","""""","9.9","false","{breed social-friends}","0","""default""","""none""","0"
"{citizen 32}","{citizen 45}","[213 0 42 100]","""""","9.9","false","{breed social-friends}","0","""default""","""none""","0"
"{citizen 32}","{citizen 47}","[141 141 141 100]","""""","9.9","false","{breed social-friends}","0","""default""","""none""","0"
"{citizen 32}","{citizen 49}","[213 0 42 100]","""""","9.9","false","{breed social-friends}","0","""default""","""none""","0"
"{citizen 33}","{citizen 0}","[213 0 42 100]","""""","9.9","false","{breed social-friends}","0","""default""","""none""","0"
"{citizen 33}","{citizen 3}","[213 0 42 100]","""""","9.9","false","{breed social-friends}","0","""default""","""none""","0"
"{citizen 33}","{citizen 5}","[213 0 42 100]","""""","9.9","false","{breed social-friends}","0","""default""","""none""","0"
"{citizen 33}","{citizen 6}","[213 0 42 100]","""""","9.9","false","{breed social-friends}","0","""default""","""none""","0"
"{citizen 33}","{citizen 7}","[141 141 141 100]","""""","9.9","false","{breed social-friends}","0","""default""","""none""","0"
"{citizen 33}","{citizen 8}","[213 0 42 100]","""""","9.9","false","{breed social-friends}","0","""default""","""none""","0"
"{citizen 33}","{citizen 9}","[213 0 42 100]","""""","9.9","false","{breed social-friends}","0","""default""","""none""","0"
"{citizen 33}","{citizen 10}","[213 0 42 100]","""""","9.9","false","{breed social-friends}","0","""default""","""none""","0"
"{citizen 33}","{citizen 12}","[213 0 42 100]","""""","9.9","false","{breed social-friends}","0","""default""","""none""","0"
"{citizen 33}","{citizen 14}","[213 0 42 100]","""""","9.9","false","{breed social-friends}","0","""default""","""none""","0"
"{citizen 33}","{citizen 15}","[213 0 42 100]","""""","9.9","false","{breed social-friends}","0","""default""","""none""","0"
"{citizen 33}","{citizen 16}","[213 0 42 100]","""""","9.9","false","{breed social-friends}","0","""default""","""none""","0"
"{citizen 33}","{citizen 17}","[213 0 42 100]","""""","9.9","false","{breed social-friends}","0","""default""","""none""","0"
"{citizen 33}","{citizen 18}","[213 0 42 100]","""""","9.9","false","{breed social-friends}","0","""default""","""none""","0"
"{citizen 33}","{citizen 20}","[213 0 42 100]","""""","9.9","false","{breed social-friends}","0","""default""","""none""","0"
"{citizen 33}","{citizen 21}","[213 0 42 100]","""""","9.9","false","{breed social-friends}","0","""default""","""none""","0"
"{citizen 33}","{citizen 22}","[213 0 42 100]","""""","9.9","false","{breed social-friends}","0","""default""","""none""","0"
"{citizen 33}","{citizen 23}","[141 141 141 100]","""""","9.9","false","{breed social-friends}","0","""default""","""none""","0"
"{citizen 33}","{citizen 24}","[213 0 42 100]","""""","9.9","false","{breed social-friends}","0","""default""","""none""","0"
"{citizen 33}","{citizen 25}","[213 0 42 100]","""""","9.9","false","{breed social-friends}","0","""default""","""none""","0"
"{citizen 33}","{citizen 26}","[213 0 42 100]","""""","9.9","false","{breed social-friends}","0","""default""","""none""","0"
"{citizen 33}","{citizen 27}","[213 0 42 100]","""""","9.9","false","{breed social-friends}","0","""default""","""none""","0"
"{citizen 33}","{citizen 30}","[213 0 42 100]","""""","9.9","false","{breed social-friends}","0","""default""","""none""","0"
"{citizen 33}","{citizen 31}","[213 0 42 100]","""""","9.9","false","{breed social-friends}","0","""default""","""none""","0"
"{citizen 33}","{citizen 32}","[213 0 42 100]","""""","9.9","false","{breed social-friends}","0","""default""","""none""","0"
"{citizen 33}","{citizen 35}","[213 0 42 100]","""""","9.9","false","{breed social-friends}","0","""default""","""none""","0"
"{citizen 33}","{citizen 36}","[213 0 42 100]","""""","9.9","false","{breed social-friends}","0","""default""","""none""","0"
"{citizen 33}","{citizen 38}","[141 141 141 100]","""""","9.9","false","{breed social-friends}","0","""default""","""none""","0"
"{citizen 33}","{citizen 39}","[213 0 42 100]","""""","9.9","false","{breed social-friends}","0","""default""","""none""","0"
"{citizen 33}","{citizen 40}","[213 0 42 100]","""""","9.9","false","{breed social-friends}","0","""default""","""none""","0"
"{citizen 33}","{citizen 42}","[213 0 42 100]","""""","9.9","false","{breed social-friends}","0","""default""","""none""","0"
"{citizen 33}","{citizen 43}","[213 0 42 100]","""""","9.9","false","{breed social-friends}","0","""default""","""none""","0"
"{citizen 33}","{citizen 45}","[213 0 42 100]","""""","9.9","false","{breed social-friends}","0","""default""","""none""","0"
"{citizen 33}","{citizen 46}","[213 0 42 100]","""""","9.9","false","{breed social-friends}","0","""default""","""none""","0"
"{citizen 33}","{citizen 49}","[213 0 42 100]","""""","9.9","false","{breed social-friends}","0","""default""","""none""","0"
"{citizen 34}","{citizen 7}","[141 141 141 100]","""""","9.9","false","{breed social-friends}","0","""default""","""none""","0"
"{citizen 34}","{citizen 20}","[141 141 141 100]","""""","9.9","false","{breed social-friends}","0","""default""","""none""","0"
"{citizen 34}","{citizen 38}","[141 141 141 100]","""""","9.9","false","{breed social-friends}","0","""default""","""none""","0"
"{citizen 35}","{citizen 0}","[213 0 42 100]","""""","9.9","false","{breed social-friends}","0","""default""","""none""","0"
"{citizen 35}","{citizen 3}","[213 0 42 100]","""""","9.9","false","{breed social-friends}","0","""default""","""none""","0"
"{citizen 35}","{citizen 5}","[213 0 42 100]","""""","9.9","false","{breed social-friends}","0","""default""","""none""","0"
"{citizen 35}","{citizen 6}","[213 0 42 100]","""""","9.9","false","{breed social-friends}","0","""default""","""none""","0"
"{citizen 35}","{citizen 8}","[213 0 42 100]","""""","9.9","false","{breed social-friends}","0","""default""","""none""","0"
"{citizen 35}","{citizen 10}","[213 0 42 100]","""""","9.9","false","{breed social-friends}","0","""default""","""none""","0"
"{citizen 35}","{citizen 12}","[213 0 42 100]","""""","9.9","false","{breed social-friends}","0","""default""","""none""","0"
"{citizen 35}","{citizen 14}","[213 0 42 100]","""""","9.9","false","{breed social-friends}","0","""default""","""none""","0"
"{citizen 35}","{citizen 15}","[213 0 42 100]","""""","9.9","false","{breed social-friends}","0","""default""","""none""","0"
"{citizen 35}","{citizen 16}","[213 0 42 100]","""""","9.9","false","{breed social-friends}","0","""default""","""none""","0"
"{citizen 35}","{citizen 17}","[213 0 42 100]","""""","9.9","false","{breed social-friends}","0","""default""","""none""","0"
"{citizen 35}","{citizen 18}","[213 0 42 100]","""""","9.9","false","{breed social-friends}","0","""default""","""none""","0"
"{citizen 35}","{citizen 21}","[213 0 42 100]","""""","9.9","false","{breed social-friends}","0","""default""","""none""","0"
"{citizen 35}","{citizen 24}","[213 0 42 100]","""""","9.9","false","{breed social-friends}","0","""default""","""none""","0"
"{citizen 35}","{citizen 25}","[213 0 42 100]","""""","9.9","false","{breed social-friends}","0","""default""","""none""","0"
"{citizen 35}","{citizen 26}","[213 0 42 100]","""""","9.9","false","{breed social-friends}","0","""default""","""none""","0"
"{citizen 35}","{citizen 27}","[213 0 42 100]","""""","9.9","false","{breed social-friends}","0","""default""","""none""","0"
"{citizen 35}","{citizen 29}","[141 141 141 100]","""""","9.9","false","{breed social-friends}","0","""default""","""none""","0"
"{citizen 35}","{citizen 31}","[213 0 42 100]","""""","9.9","false","{breed social-friends}","0","""default""","""none""","0"
"{citizen 35}","{citizen 33}","[213 0 42 100]","""""","9.9","false","{breed social-friends}","0","""default""","""none""","0"
"{citizen 35}","{citizen 37}","[141 141 141 100]","""""","9.9","false","{breed social-friends}","0","""default""","""none""","0"
"{citizen 35}","{citizen 38}","[141 141 141 100]","""""","9.9","false","{breed social-friends}","0","""default""","""none""","0"
"{citizen 35}","{citizen 40}","[213 0 42 100]","""""","9.9","false","{breed social-friends}","0","""default""","""none""","0"
"{citizen 35}","{citizen 46}","[213 0 42 100]","""""","9.9","false","{breed social-friends}","0","""default""","""none""","0"
"{citizen 35}","{citizen 47}","[141 141 141 100]","""""","9.9","false","{breed social-friends}","0","""default""","""none""","0"
"{citizen 35}","{citizen 49}","[213 0 42 100]","""""","9.9","false","{breed social-friends}","0","""default""","""none""","0"
"{citizen 36}","{citizen 0}","[213 0 42 100]","""""","9.9","false","{breed social-friends}","0","""default""","""none""","0"
"{citizen 36}","{citizen 2}","[141 141 141 100]","""""","9.9","false","{breed social-friends}","0","""default""","""none""","0"
"{citizen 36}","{citizen 3}","[213 0 42 100]","""""","9.9","false","{breed social-friends}","0","""default""","""none""","0"
"{citizen 36}","{citizen 5}","[213 0 42 100]","""""","9.9","false","{breed social-friends}","0","""default""","""none""","0"
"{citizen 36}","{citizen 6}","[213 0 42 100]","""""","9.9","false","{breed social-friends}","0","""default""","""none""","0"
"{citizen 36}","{citizen 8}","[213 0 42 100]","""""","9.9","false","{breed social-friends}","0","""default""","""none""","0"
"{citizen 36}","{citizen 15}","[213 0 42 100]","""""","9.9","false","{breed social-friends}","0","""default""","""none""","0"
"{citizen 36}","{citizen 16}","[213 0 42 100]","""""","9.9","false","{breed social-friends}","0","""default""","""none""","0"
"{citizen 36}","{citizen 18}","[213 0 42 100]","""""","9.9","false","{breed social-friends}","0","""default""","""none""","0"
"{citizen 36}","{citizen 23}","[141 141 141 100]","""""","9.9","false","{breed social-friends}","0","""default""","""none""","0"
"{citizen 36}","{citizen 24}","[213 0 42 100]","""""","9.9","false","{breed social-friends}","0","""default""","""none""","0"
"{citizen 36}","{citizen 26}","[213 0 42 100]","""""","9.9","false","{breed social-friends}","0","""default""","""none""","0"
"{citizen 36}","{citizen 31}","[213 0 42 100]","""""","9.9","false","{breed social-friends}","0","""default""","""none""","0"
"{citizen 36}","{citizen 33}","[213 0 42 100]","""""","9.9","false","{breed social-friends}","0","""default""","""none""","0"
"{citizen 36}","{citizen 45}","[213 0 42 100]","""""","9.9","false","{breed social-friends}","0","""default""","""none""","0"
"{citizen 36}","{citizen 46}","[213 0 42 100]","""""","9.9","false","{breed social-friends}","0","""default""","""none""","0"
"{citizen 36}","{citizen 48}","[213 0 42 100]","""""","9.9","false","{breed social-friends}","0","""default""","""none""","0"
"{citizen 36}","{citizen 49}","[213 0 42 100]","""""","9.9","false","{breed social-friends}","0","""default""","""none""","0"
"{citizen 37}","{citizen 7}","[141 141 141 100]","""""","9.9","false","{breed social-friends}","0","""default""","""none""","0"
"{citizen 37}","{citizen 12}","[141 141 141 100]","""""","9.9","false","{breed social-friends}","0","""default""","""none""","0"
"{citizen 37}","{citizen 20}","[141 141 141 100]","""""","9.9","false","{breed social-friends}","0","""default""","""none""","0"
"{citizen 37}","{citizen 22}","[141 141 141 100]","""""","9.9","false","{breed social-friends}","0","""default""","""none""","0"
"{citizen 37}","{citizen 26}","[141 141 141 100]","""""","9.9","false","{breed social-friends}","0","""default""","""none""","0"
"{citizen 37}","{citizen 31}","[141 141 141 100]","""""","9.9","false","{breed social-friends}","0","""default""","""none""","0"
"{citizen 37}","{citizen 32}","[141 141 141 100]","""""","9.9","false","{breed social-friends}","0","""default""","""none""","0"
"{citizen 37}","{citizen 35}","[141 141 141 100]","""""","9.9","false","{breed social-friends}","0","""default""","""none""","0"
"{citizen 37}","{citizen 38}","[141 141 141 100]","""""","9.9","false","{breed social-friends}","0","""default""","""none""","0"
"{citizen 37}","{citizen 40}","[141 141 141 100]","""""","9.9","false","{breed social-friends}","0","""default""","""none""","0"
"{citizen 37}","{citizen 42}","[141 141 141 100]","""""","9.9","false","{breed social-friends}","0","""default""","""none""","0"
"{citizen 37}","{citizen 46}","[141 141 141 100]","""""","9.9","false","{breed social-friends}","0","""default""","""none""","0"
"{citizen 37}","{citizen 48}","[141 141 141 100]","""""","9.9","false","{breed social-friends}","0","""default""","""none""","0"
"{citizen 38}","{citizen 1}","[141 141 141 100]","""""","9.9","false","{breed social-friends}","0","""default""","""none""","0"
"{citizen 38}","{citizen 2}","[141 141 141 100]","""""","9.9","false","{breed social-friends}","0","""default""","""none""","0"
"{citizen 38}","{citizen 5}","[141 141 141 100]","""""","9.9","false","{breed social-friends}","0","""default""","""none""","0"
"{citizen 38}","{citizen 8}","[141 141 141 100]","""""","9.9","false","{breed social-friends}","0","""default""","""none""","0"
"{citizen 38}","{citizen 10}","[141 141 141 100]","""""","9.9","false","{breed social-friends}","0","""default""","""none""","0"
"{citizen 38}","{citizen 11}","[141 141 141 100]","""""","9.9","false","{breed social-friends}","0","""default""","""none""","0"
"{citizen 38}","{citizen 13}","[141 141 141 100]","""""","9.9","false","{breed social-friends}","0","""default""","""none""","0"
"{citizen 38}","{citizen 17}","[141 141 141 100]","""""","9.9","false","{breed social-friends}","0","""default""","""none""","0"
"{citizen 38}","{citizen 18}","[141 141 141 100]","""""","9.9","false","{breed social-friends}","0","""default""","""none""","0"
"{citizen 38}","{citizen 19}","[141 141 141 100]","""""","9.9","false","{breed social-friends}","0","""default""","""none""","0"
"{citizen 38}","{citizen 21}","[141 141 141 100]","""""","9.9","false","{breed social-friends}","0","""default""","""none""","0"
"{citizen 38}","{citizen 22}","[141 141 141 100]","""""","9.9","false","{breed social-friends}","0","""default""","""none""","0"
"{citizen 38}","{citizen 24}","[141 141 141 100]","""""","9.9","false","{breed social-friends}","0","""default""","""none""","0"
"{citizen 38}","{citizen 25}","[141 141 141 100]","""""","9.9","false","{breed social-friends}","0","""default""","""none""","0"
"{citizen 38}","{citizen 26}","[141 141 141 100]","""""","9.9","false","{breed social-friends}","0","""default""","""none""","0"
"{citizen 38}","{citizen 27}","[141 141 141 100]","""""","9.9","false","{breed social-friends}","0","""default""","""none""","0"
"{citizen 38}","{citizen 28}","[141 141 141 100]","""""","9.9","false","{breed social-friends}","0","""default""","""none""","0"
"{citizen 38}","{citizen 33}","[141 141 141 100]","""""","9.9","false","{breed social-friends}","0","""default""","""none""","0"
"{citizen 38}","{citizen 34}","[141 141 141 100]","""""","9.9","false","{breed social-friends}","0","""default""","""none""","0"
"{citizen 38}","{citizen 35}","[141 141 141 100]","""""","9.9","false","{breed social-friends}","0","""default""","""none""","0"
"{citizen 38}","{citizen 37}","[141 141 141 100]","""""","9.9","false","{breed social-friends}","0","""default""","""none""","0"
"{citizen 38}","{citizen 42}","[141 141 141 100]","""""","9.9","false","{breed social-friends}","0","""default""","""none""","0"
"{citizen 38}","{citizen 43}","[141 141 141 100]","""""","9.9","false","{breed social-friends}","0","""default""","""none""","0"
"{citizen 38}","{citizen 44}","[141 141 141 100]","""""","9.9","false","{breed social-friends}","0","""default""","""none""","0"
"{citizen 38}","{citizen 45}","[141 141 141 100]","""""","9.9","false","{breed social-friends}","0","""default""","""none""","0"
"{citizen 38}","{citizen 46}","[141 141 141 100]","""""","9.9","false","{breed social-friends}","0","""default""","""none""","0"
"{citizen 39}","{citizen 0}","[213 0 42 100]","""""","9.9","false","{breed social-friends}","0","""default""","""none""","0"
"{citizen 39}","{citizen 3}","[213 0 42 100]","""""","9.9","false","{breed social-friends}","0","""default""","""none""","0"
"{citizen 39}","{citizen 5}","[213 0 42 100]","""""","9.9","false","{breed social-friends}","0","""default""","""none""","0"
"{citizen 39}","{citizen 6}","[213 0 42 100]","""""","9.9","false","{breed social-friends}","0","""default""","""none""","0"
"{citizen 39}","{citizen 7}","[141 141 141 100]","""""","9.9","false","{breed social-friends}","0","""default""","""none""","0"
"{citizen 39}","{citizen 8}","[213 0 42 100]","""""","9.9","false","{breed social-friends}","0","""default""","""none""","0"
"{citizen 39}","{citizen 13}","[141 141 141 100]","""""","9.9","false","{breed social-friends}","0","""default""","""none""","0"
"{citizen 39}","{citizen 14}","[213 0 42 100]","""""","9.9","false","{breed social-friends}","0","""default""","""none""","0"
"{citizen 39}","{citizen 15}","[213 0 42 100]","""""","9.9","false","{breed social-friends}","0","""default""","""none""","0"
"{citizen 39}","{citizen 16}","[213 0 42 100]","""""","9.9","false","{breed social-friends}","0","""default""","""none""","0"
"{citizen 39}","{citizen 18}","[213 0 42 100]","""""","9.9","false","{breed social-friends}","0","""default""","""none""","0"
"{citizen 39}","{citizen 20}","[213 0 42 100]","""""","9.9","false","{breed social-friends}","0","""default""","""none""","0"
"{citizen 39}","{citizen 21}","[213 0 42 100]","""""","9.9","false","{breed social-friends}","0","""default""","""none""","0"
"{citizen 39}","{citizen 22}","[213 0 42 100]","""""","9.9","false","{breed social-friends}","0","""default""","""none""","0"
"{citizen 39}","{citizen 25}","[213 0 42 100]","""""","9.9","false","{breed social-friends}","0","""default""","""none""","0"
"{citizen 39}","{citizen 27}","[213 0 42 100]","""""","9.9","false","{breed social-friends}","0","""default""","""none""","0"
"{citizen 39}","{citizen 30}","[213 0 42 100]","""""","9.9","false","{breed social-friends}","0","""default""","""none""","0"
"{citizen 39}","{citizen 33}","[213 0 42 100]","""""","9.9","false","{breed social-friends}","0","""default""","""none""","0"
"{citizen 39}","{citizen 42}","[213 0 42 100]","""""","9.9","false","{breed social-friends}","0","""default""","""none""","0"
"{citizen 39}","{citizen 45}","[213 0 42 100]","""""","9.9","false","{breed social-friends}","0","""default""","""none""","0"
"{citizen 39}","{citizen 49}","[213 0 42 100]","""""","9.9","false","{breed social-friends}","0","""default""","""none""","0"
"{citizen 40}","{citizen 0}","[213 0 42 100]","""""","9.9","false","{breed social-friends}","0","""default""","""none""","0"
"{citizen 40}","{citizen 5}","[213 0 42 100]","""""","9.9","false","{breed social-friends}","0","""default""","""none""","0"
"{citizen 40}","{citizen 6}","[213 0 42 100]","""""","9.9","false","{breed social-friends}","0","""default""","""none""","0"
"{citizen 40}","{citizen 8}","[213 0 42 100]","""""","9.9","false","{breed social-friends}","0","""default""","""none""","0"
"{citizen 40}","{citizen 10}","[213 0 42 100]","""""","9.9","false","{breed social-friends}","0","""default""","""none""","0"
"{citizen 40}","{citizen 14}","[213 0 42 100]","""""","9.9","false","{breed social-friends}","0","""default""","""none""","0"
"{citizen 40}","{citizen 15}","[213 0 42 100]","""""","9.9","false","{breed social-friends}","0","""default""","""none""","0"
"{citizen 40}","{citizen 16}","[213 0 42 100]","""""","9.9","false","{breed social-friends}","0","""default""","""none""","0"
"{citizen 40}","{citizen 18}","[213 0 42 100]","""""","9.9","false","{breed social-friends}","0","""default""","""none""","0"
"{citizen 40}","{citizen 21}","[213 0 42 100]","""""","9.9","false","{breed social-friends}","0","""default""","""none""","0"
"{citizen 40}","{citizen 23}","[141 141 141 100]","""""","9.9","false","{breed social-friends}","0","""default""","""none""","0"
"{citizen 40}","{citizen 24}","[213 0 42 100]","""""","9.9","false","{breed social-friends}","0","""default""","""none""","0"
"{citizen 40}","{citizen 25}","[213 0 42 100]","""""","9.9","false","{breed social-friends}","0","""default""","""none""","0"
"{citizen 40}","{citizen 27}","[213 0 42 100]","""""","9.9","false","{breed social-friends}","0","""default""","""none""","0"
"{citizen 40}","{citizen 33}","[213 0 42 100]","""""","9.9","false","{breed social-friends}","0","""default""","""none""","0"
"{citizen 40}","{citizen 35}","[213 0 42 100]","""""","9.9","false","{breed social-friends}","0","""default""","""none""","0"
"{citizen 40}","{citizen 37}","[141 141 141 100]","""""","9.9","false","{breed social-friends}","0","""default""","""none""","0"
"{citizen 40}","{citizen 45}","[213 0 42 100]","""""","9.9","false","{breed social-friends}","0","""default""","""none""","0"
"{citizen 40}","{citizen 49}","[213 0 42 100]","""""","9.9","false","{breed social-friends}","0","""default""","""none""","0"
"{citizen 41}","{citizen 23}","[141 141 141 100]","""""","9.9","false","{breed social-friends}","0","""default""","""none""","0"
"{citizen 42}","{citizen 6}","[213 0 42 100]","""""","9.9","false","{breed social-friends}","0","""default""","""none""","0"
"{citizen 42}","{citizen 7}","[141 141 141 100]","""""","9.9","false","{breed social-friends}","0","""default""","""none""","0"
"{citizen 42}","{citizen 8}","[213 0 42 100]","""""","9.9","false","{breed social-friends}","0","""default""","""none""","0"
"{citizen 42}","{citizen 13}","[141 141 141 100]","""""","9.9","false","{breed social-friends}","0","""default""","""none""","0"
"{citizen 42}","{citizen 14}","[213 0 42 100]","""""","9.9","false","{breed social-friends}","0","""default""","""none""","0"
"{citizen 42}","{citizen 15}","[213 0 42 100]","""""","9.9","false","{breed social-friends}","0","""default""","""none""","0"
"{citizen 42}","{citizen 16}","[213 0 42 100]","""""","9.9","false","{breed social-friends}","0","""default""","""none""","0"
"{citizen 42}","{citizen 18}","[213 0 42 100]","""""","9.9","false","{breed social-friends}","0","""default""","""none""","0"
"{citizen 42}","{citizen 20}","[213 0 42 100]","""""","9.9","false","{breed social-friends}","0","""default""","""none""","0"
"{citizen 42}","{citizen 23}","[141 141 141 100]","""""","9.9","false","{breed social-friends}","0","""default""","""none""","0"
"{citizen 42}","{citizen 29}","[141 141 141 100]","""""","9.9","false","{breed social-friends}","0","""default""","""none""","0"
"{citizen 42}","{citizen 31}","[213 0 42 100]","""""","9.9","false","{breed social-friends}","0","""default""","""none""","0"
"{citizen 42}","{citizen 32}","[213 0 42 100]","""""","9.9","false","{breed social-friends}","0","""default""","""none""","0"
"{citizen 42}","{citizen 33}","[213 0 42 100]","""""","9.9","false","{breed social-friends}","0","""default""","""none""","0"
"{citizen 42}","{citizen 37}","[141 141 141 100]","""""","9.9","false","{breed social-friends}","0","""default""","""none""","0"
"{citizen 42}","{citizen 38}","[141 141 141 100]","""""","9.9","false","{breed social-friends}","0","""default""","""none""","0"
"{citizen 42}","{citizen 39}","[213 0 42 100]","""""","9.9","false","{breed social-friends}","0","""default""","""none""","0"
"{citizen 42}","{citizen 49}","[213 0 42 100]","""""","9.9","false","{breed social-friends}","0","""default""","""none""","0"
"{citizen 43}","{citizen 8}","[213 0 42 100]","""""","9.9","false","{breed social-friends}","0","""default""","""none""","0"
"{citizen 43}","{citizen 12}","[213 0 42 100]","""""","9.9","false","{breed social-friends}","0","""default""","""none""","0"
"{citizen 43}","{citizen 14}","[213 0 42 100]","""""","9.9","false","{breed social-friends}","0","""default""","""none""","0"
"{citizen 43}","{citizen 16}","[213 0 42 100]","""""","9.9","false","{breed social-friends}","0","""default""","""none""","0"
"{citizen 43}","{citizen 20}","[213 0 42 100]","""""","9.9","false","{breed social-friends}","0","""default""","""none""","0"
"{citizen 43}","{citizen 21}","[213 0 42 100]","""""","9.9","false","{breed social-friends}","0","""default""","""none""","0"
"{citizen 43}","{citizen 24}","[213 0 42 100]","""""","9.9","false","{breed social-friends}","0","""default""","""none""","0"
"{citizen 43}","{citizen 31}","[213 0 42 100]","""""","9.9","false","{breed social-friends}","0","""default""","""none""","0"
"{citizen 43}","{citizen 33}","[213 0 42 100]","""""","9.9","false","{breed social-friends}","0","""default""","""none""","0"
"{citizen 43}","{citizen 38}","[141 141 141 100]","""""","9.9","false","{breed social-friends}","0","""default""","""none""","0"
"{citizen 43}","{citizen 47}","[141 141 141 100]","""""","9.9","false","{breed social-friends}","0","""default""","""none""","0"
"{citizen 44}","{citizen 3}","[141 141 141 100]","""""","9.9","false","{breed social-friends}","0","""default""","""none""","0"
"{citizen 44}","{citizen 17}","[141 141 141 100]","""""","9.9","false","{breed social-friends}","0","""default""","""none""","0"
"{citizen 44}","{citizen 38}","[141 141 141 100]","""""","9.9","false","{breed social-friends}","0","""default""","""none""","0"
"{citizen 45}","{citizen 0}","[213 0 42 100]","""""","9.9","false","{breed social-friends}","0","""default""","""none""","0"
"{citizen 45}","{citizen 5}","[213 0 42 100]","""""","9.9","false","{breed social-friends}","0","""default""","""none""","0"
"{citizen 45}","{citizen 6}","[213 0 42 100]","""""","9.9","false","{breed social-friends}","0","""default""","""none""","0"
"{citizen 45}","{citizen 7}","[141 141 141 100]","""""","9.9","false","{breed social-friends}","0","""default""","""none""","0"
"{citizen 45}","{citizen 8}","[213 0 42 100]","""""","9.9","false","{breed social-friends}","0","""default""","""none""","0"
"{citizen 45}","{citizen 9}","[213 0 42 100]","""""","9.9","false","{breed social-friends}","0","""default""","""none""","0"
"{citizen 45}","{citizen 10}","[213 0 42 100]","""""","9.9","false","{breed social-friends}","0","""default""","""none""","0"
"{citizen 45}","{citizen 14}","[213 0 42 100]","""""","9.9","false","{breed social-friends}","0","""default""","""none""","0"
"{citizen 45}","{citizen 15}","[213 0 42 100]","""""","9.9","false","{breed social-friends}","0","""default""","""none""","0"
"{citizen 45}","{citizen 16}","[213 0 42 100]","""""","9.9","false","{breed social-friends}","0","""default""","""none""","0"
"{citizen 45}","{citizen 18}","[213 0 42 100]","""""","9.9","false","{breed social-friends}","0","""default""","""none""","0"
"{citizen 45}","{citizen 20}","[213 0 42 100]","""""","9.9","false","{breed social-friends}","0","""default""","""none""","0"
"{citizen 45}","{citizen 21}","[213 0 42 100]","""""","9.9","false","{breed social-friends}","0","""default""","""none""","0"
"{citizen 45}","{citizen 23}","[141 141 141 100]","""""","9.9","false","{breed social-friends}","0","""default""","""none""","0"
"{citizen 45}","{citizen 24}","[213 0 42 100]","""""","9.9","false","{breed social-friends}","0","""default""","""none""","0"
"{citizen 45}","{citizen 27}","[213 0 42 100]","""""","9.9","false","{breed social-friends}","0","""default""","""none""","0"
"{citizen 45}","{citizen 30}","[213 0 42 100]","""""","9.9","false","{breed social-friends}","0","""default""","""none""","0"
"{citizen 45}","{citizen 31}","[213 0 42 100]","""""","9.9","false","{breed social-friends}","0","""default""","""none""","0"
"{citizen 45}","{citizen 32}","[213 0 42 100]","""""","9.9","false","{breed social-friends}","0","""default""","""none""","0"
"{citizen 45}","{citizen 33}","[213 0 42 100]","""""","9.9","false","{breed social-friends}","0","""default""","""none""","0"
"{citizen 45}","{citizen 36}","[213 0 42 100]","""""","9.9","false","{breed social-friends}","0","""default""","""none""","0"
"{citizen 45}","{citizen 38}","[141 141 141 100]","""""","9.9","false","{breed social-friends}","0","""default""","""none""","0"
"{citizen 45}","{citizen 39}","[213 0 42 100]","""""","9.9","false","{breed social-friends}","0","""default""","""none""","0"
"{citizen 45}","{citizen 40}","[213 0 42 100]","""""","9.9","false","{breed social-friends}","0","""default""","""none""","0"
"{citizen 45}","{citizen 49}","[213 0 42 100]","""""","9.9","false","{breed social-friends}","0","""default""","""none""","0"
"{citizen 46}","{citizen 0}","[213 0 42 100]","""""","9.9","false","{breed social-friends}","0","""default""","""none""","0"
"{citizen 46}","{citizen 5}","[213 0 42 100]","""""","9.9","false","{breed social-friends}","0","""default""","""none""","0"
"{citizen 46}","{citizen 6}","[213 0 42 100]","""""","9.9","false","{breed social-friends}","0","""default""","""none""","0"
"{citizen 46}","{citizen 7}","[141 141 141 100]","""""","9.9","false","{breed social-friends}","0","""default""","""none""","0"
"{citizen 46}","{citizen 8}","[213 0 42 100]","""""","9.9","false","{breed social-friends}","0","""default""","""none""","0"
"{citizen 46}","{citizen 9}","[213 0 42 100]","""""","9.9","false","{breed social-friends}","0","""default""","""none""","0"
"{citizen 46}","{citizen 10}","[213 0 42 100]","""""","9.9","false","{breed social-friends}","0","""default""","""none""","0"
"{citizen 46}","{citizen 13}","[141 141 141 100]","""""","9.9","false","{breed social-friends}","0","""default""","""none""","0"
"{citizen 46}","{citizen 14}","[213 0 42 100]","""""","9.9","false","{breed social-friends}","0","""default""","""none""","0"
"{citizen 46}","{citizen 16}","[213 0 42 100]","""""","9.9","false","{breed social-friends}","0","""default""","""none""","0"
"{citizen 46}","{citizen 17}","[213 0 42 100]","""""","9.9","false","{breed social-friends}","0","""default""","""none""","0"
"{citizen 46}","{citizen 18}","[213 0 42 100]","""""","9.9","false","{breed social-friends}","0","""default""","""none""","0"
"{citizen 46}","{citizen 20}","[213 0 42 100]","""""","9.9","false","{breed social-friends}","0","""default""","""none""","0"
"{citizen 46}","{citizen 21}","[213 0 42 100]","""""","9.9","false","{breed social-friends}","0","""default""","""none""","0"
"{citizen 46}","{citizen 23}","[141 141 141 100]","""""","9.9","false","{breed social-friends}","0","""default""","""none""","0"
"{citizen 46}","{citizen 24}","[213 0 42 100]","""""","9.9","false","{breed social-friends}","0","""default""","""none""","0"
"{citizen 46}","{citizen 27}","[213 0 42 100]","""""","9.9","false","{breed social-friends}","0","""default""","""none""","0"
"{citizen 46}","{citizen 33}","[213 0 42 100]","""""","9.9","false","{breed social-friends}","0","""default""","""none""","0"
"{citizen 46}","{citizen 35}","[213 0 42 100]","""""","9.9","false","{breed social-friends}","0","""default""","""none""","0"
"{citizen 46}","{citizen 36}","[213 0 42 100]","""""","9.9","false","{breed social-friends}","0","""default""","""none""","0"
"{citizen 46}","{citizen 37}","[141 141 141 100]","""""","9.9","false","{breed social-friends}","0","""default""","""none""","0"
"{citizen 46}","{citizen 38}","[141 141 141 100]","""""","9.9","false","{breed social-friends}","0","""default""","""none""","0"
"{citizen 46}","{citizen 49}","[213 0 42 100]","""""","9.9","false","{breed social-friends}","0","""default""","""none""","0"
"{citizen 47}","{citizen 3}","[141 141 141 100]","""""","9.9","false","{breed social-friends}","0","""default""","""none""","0"
"{citizen 47}","{citizen 7}","[141 141 141 100]","""""","9.9","false","{breed social-friends}","0","""default""","""none""","0"
"{citizen 47}","{citizen 9}","[141 141 141 100]","""""","9.9","false","{breed social-friends}","0","""default""","""none""","0"
"{citizen 47}","{citizen 12}","[141 141 141 100]","""""","9.9","false","{breed social-friends}","0","""default""","""none""","0"
"{citizen 47}","{citizen 17}","[141 141 141 100]","""""","9.9","false","{breed social-friends}","0","""default""","""none""","0"
"{citizen 47}","{citizen 19}","[0 0 255 100]","""""","9.9","false","{breed social-friends}","0","""default""","""none""","0"
"{citizen 47}","{citizen 20}","[141 141 141 100]","""""","9.9","false","{breed social-friends}","0","""default""","""none""","0"
"{citizen 47}","{citizen 22}","[141 141 141 100]","""""","9.9","false","{breed social-friends}","0","""default""","""none""","0"
"{citizen 47}","{citizen 25}","[141 141 141 100]","""""","9.9","false","{breed social-friends}","0","""default""","""none""","0"
"{citizen 47}","{citizen 26}","[141 141 141 100]","""""","9.9","false","{breed social-friends}","0","""default""","""none""","0"
"{citizen 47}","{citizen 31}","[141 141 141 100]","""""","9.9","false","{breed social-friends}","0","""default""","""none""","0"
"{citizen 47}","{citizen 32}","[141 141 141 100]","""""","9.9","false","{breed social-friends}","0","""default""","""none""","0"
"{citizen 47}","{citizen 35}","[141 141 141 100]","""""","9.9","false","{breed social-friends}","0","""default""","""none""","0"
"{citizen 47}","{citizen 43}","[141 141 141 100]","""""","9.9","false","{breed social-friends}","0","""default""","""none""","0"
"{citizen 47}","{citizen 48}","[141 141 141 100]","""""","9.9","false","{breed social-friends}","0","""default""","""none""","0"
"{citizen 48}","{citizen 6}","[213 0 42 100]","""""","9.9","false","{breed social-friends}","0","""default""","""none""","0"
"{citizen 48}","{citizen 7}","[141 141 141 100]","""""","9.9","false","{breed social-friends}","0","""default""","""none""","0"
"{citizen 48}","{citizen 8}","[213 0 42 100]","""""","9.9","false","{breed social-friends}","0","""default""","""none""","0"
"{citizen 48}","{citizen 10}","[213 0 42 100]","""""","9.9","false","{breed social-friends}","0","""default""","""none""","0"
"{citizen 48}","{citizen 12}","[213 0 42 100]","""""","9.9","false","{breed social-friends}","0","""default""","""none""","0"
"{citizen 48}","{citizen 14}","[213 0 42 100]","""""","9.9","false","{breed social-friends}","0","""default""","""none""","0"
"{citizen 48}","{citizen 24}","[213 0 42 100]","""""","9.9","false","{breed social-friends}","0","""default""","""none""","0"
"{citizen 48}","{citizen 31}","[213 0 42 100]","""""","9.9","false","{breed social-friends}","0","""default""","""none""","0"
"{citizen 48}","{citizen 36}","[213 0 42 100]","""""","9.9","false","{breed social-friends}","0","""default""","""none""","0"
"{citizen 48}","{citizen 37}","[141 141 141 100]","""""","9.9","false","{breed social-friends}","0","""default""","""none""","0"
"{citizen 48}","{citizen 47}","[141 141 141 100]","""""","9.9","false","{breed social-friends}","0","""default""","""none""","0"
"{citizen 49}","{citizen 0}","[213 0 42 100]","""""","9.9","false","{breed social-friends}","0","""default""","""none""","0"
"{citizen 49}","{citizen 5}","[213 0 42 100]","""""","9.9","false","{breed social-friends}","0","""default""","""none""","0"
"{citizen 49}","{citizen 6}","[213 0 42 100]","""""","9.9","false","{breed social-friends}","0","""default""","""none""","0"
"{citizen 49}","{citizen 8}","[213 0 42 100]","""""","9.9","false","{breed social-friends}","0","""default""","""none""","0"
"{citizen 49}","{citizen 9}","[213 0 42 100]","""""","9.9","false","{breed social-friends}","0","""default""","""none""","0"
"{citizen 49}","{citizen 10}","[213 0 42 100]","""""","9.9","false","{breed social-friends}","0","""default""","""none""","0"
"{citizen 49}","{citizen 12}","[213 0 42 100]","""""","9.9","false","{breed social-friends}","0","""default""","""none""","0"
"{citizen 49}","{citizen 14}","[213 0 42 100]","""""","9.9","false","{breed social-friends}","0","""default""","""none""","0"
"{citizen 49}","{citizen 15}","[213 0 42 100]","""""","9.9","false","{breed social-friends}","0","""default""","""none""","0"
"{citizen 49}","{citizen 16}","[213 0 42 100]","""""","9.9","false","{breed social-friends}","0","""default""","""none""","0"
"{citizen 49}","{citizen 17}","[213 0 42 100]","""""","9.9","false","{breed social-friends}","0","""default""","""none""","0"
"{citizen 49}","{citizen 18}","[213 0 42 100]","""""","9.9","false","{breed social-friends}","0","""default""","""none""","0"
"{citizen 49}","{citizen 20}","[213 0 42 100]","""""","9.9","false","{breed social-friends}","0","""default""","""none""","0"
"{citizen 49}","{citizen 21}","[213 0 42 100]","""""","9.9","false","{breed social-friends}","0","""default""","""none""","0"
"{citizen 49}","{citizen 22}","[213 0 42 100]","""""","9.9","false","{breed social-friends}","0","""default""","""none""","0"
"{citizen 49}","{citizen 23}","[141 141 141 100]","""""","9.9","false","{breed social-friends}","0","""default""","""none""","0"
"{citizen 49}","{citizen 24}","[213 0 42 100]","""""","9.9","false","{breed social-friends}","0","""default""","""none""","0"
"{citizen 49}","{citizen 25}","[213 0 42 100]","""""","9.9","false","{breed social-friends}","0","""default""","""none""","0"
"{citizen 49}","{citizen 27}","[213 0 42 100]","""""","9.9","false","{breed social-friends}","0","""default""","""none""","0"
"{citizen 49}","{citizen 30}","[213 0 42 100]","""""","9.9","false","{breed social-friends}","0","""default""","""none""","0"
"{citizen 49}","{citizen 31}","[213 0 42 100]","""""","9.9","false","{breed social-friends}","0","""default""","""none""","0"
"{citizen 49}","{citizen 32}","[213 0 42 100]","""""","9.9","false","{breed social-friends}","0","""default""","""none""","0"
"{citizen 49}","{citizen 33}","[213 0 42 100]","""""","9.9","false","{breed social-friends}","0","""default""","""none""","0"
"{citizen 49}","{citizen 35}","[213 0 42 100]","""""","9.9","false","{breed social-friends}","0","""default""","""none""","0"
"{citizen 49}","{citizen 36}","[213 0 42 100]","""""","9.9","false","{breed social-friends}","0","""default""","""none""","0"
"{citizen 49}","{citizen 39}","[213 0 42 100]","""""","9.9","false","{breed social-friends}","0","""default""","""none""","0"
"{citizen 49}","{citizen 40}","[213 0 42 100]","""""","9.9","false","{breed social-friends}","0","""default""","""none""","0"
"{citizen 49}","{citizen 42}","[213 0 42 100]","""""","9.9","false","{breed social-friends}","0","""default""","""none""","0"
"{citizen 49}","{citizen 45}","[213 0 42 100]","""""","9.9","false","{breed social-friends}","0","""default""","""none""","0"
"{citizen 49}","{citizen 46}","[213 0 42 100]","""""","9.9","false","{breed social-friends}","0","""default""","""none""","0"
"{media 50}","{citizen 1}","[141 141 141 255]","""""","9.9","false","{breed subscribers}","0","""default""","""none""","0"
"{media 50}","{citizen 2}","[141 141 141 255]","""""","9.9","false","{breed subscribers}","0","""default""","""none""","0"
"{media 50}","{citizen 4}","[141 141 141 255]","""""","9.9","false","{breed subscribers}","0","""default""","""none""","0"
"{media 50}","{citizen 7}","[141 141 141 255]","""""","9.9","false","{breed subscribers}","0","""default""","""none""","0"
"{media 50}","{citizen 11}","[141 141 141 255]","""""","9.9","false","{breed subscribers}","0","""default""","""none""","0"
"{media 50}","{citizen 13}","[141 141 141 255]","""""","9.9","false","{breed subscribers}","0","""default""","""none""","0"
"{media 50}","{citizen 19}","[141 141 141 255]","""""","9.9","false","{breed subscribers}","0","""default""","""none""","0"
"{media 50}","{citizen 23}","[141 141 141 255]","""""","9.9","false","{breed subscribers}","0","""default""","""none""","0"
"{media 50}","{citizen 28}","[141 141 141 255]","""""","9.9","false","{breed subscribers}","0","""default""","""none""","0"
"{media 50}","{citizen 29}","[141 141 141 255]","""""","9.9","false","{breed subscribers}","0","""default""","""none""","0"
"{media 50}","{citizen 34}","[141 141 141 255]","""""","9.9","false","{breed subscribers}","0","""default""","""none""","0"
"{media 50}","{citizen 37}","[141 141 141 255]","""""","9.9","false","{breed subscribers}","0","""default""","""none""","0"
"{media 50}","{citizen 38}","[141 141 141 255]","""""","9.9","false","{breed subscribers}","0","""default""","""none""","0"
"{media 50}","{citizen 41}","[141 141 141 255]","""""","9.9","false","{breed subscribers}","0","""default""","""none""","0"
"{media 50}","{citizen 44}","[141 141 141 255]","""""","9.9","false","{breed subscribers}","0","""default""","""none""","0"
"{media 50}","{citizen 47}","[141 141 141 255]","""""","9.9","false","{breed subscribers}","0","""default""","""none""","0"
"{media 51}","{citizen 0}","[141 141 141 255]","""""","9.9","false","{breed subscribers}","0","""default""","""none""","0"
"{media 51}","{citizen 3}","[141 141 141 255]","""""","9.9","false","{breed subscribers}","0","""default""","""none""","0"
"{media 51}","{citizen 5}","[141 141 141 255]","""""","9.9","false","{breed subscribers}","0","""default""","""none""","0"
"{media 51}","{citizen 6}","[141 141 141 255]","""""","9.9","false","{breed subscribers}","0","""default""","""none""","0"
"{media 51}","{citizen 7}","[141 141 141 255]","""""","9.9","false","{breed subscribers}","0","""default""","""none""","0"
"{media 51}","{citizen 8}","[141 141 141 255]","""""","9.9","false","{breed subscribers}","0","""default""","""none""","0"
"{media 51}","{citizen 9}","[141 141 141 255]","""""","9.9","false","{breed subscribers}","0","""default""","""none""","0"
"{media 51}","{citizen 10}","[141 141 141 255]","""""","9.9","false","{breed subscribers}","0","""default""","""none""","0"
"{media 51}","{citizen 12}","[141 141 141 255]","""""","9.9","false","{breed subscribers}","0","""default""","""none""","0"
"{media 51}","{citizen 14}","[141 141 141 255]","""""","9.9","false","{breed subscribers}","0","""default""","""none""","0"
"{media 51}","{citizen 15}","[141 141 141 255]","""""","9.9","false","{breed subscribers}","0","""default""","""none""","0"
"{media 51}","{citizen 16}","[141 141 141 255]","""""","9.9","false","{breed subscribers}","0","""default""","""none""","0"
"{media 51}","{citizen 17}","[141 141 141 255]","""""","9.9","false","{breed subscribers}","0","""default""","""none""","0"
"{media 51}","{citizen 18}","[141 141 141 255]","""""","9.9","false","{breed subscribers}","0","""default""","""none""","0"
"{media 51}","{citizen 20}","[141 141 141 255]","""""","9.9","false","{breed subscribers}","0","""default""","""none""","0"
"{media 51}","{citizen 21}","[141 141 141 255]","""""","9.9","false","{breed subscribers}","0","""default""","""none""","0"
"{media 51}","{citizen 22}","[141 141 141 255]","""""","9.9","false","{breed subscribers}","0","""default""","""none""","0"
"{media 51}","{citizen 23}","[141 141 141 255]","""""","9.9","false","{breed subscribers}","0","""default""","""none""","0"
"{media 51}","{citizen 24}","[141 141 141 255]","""""","9.9","false","{breed subscribers}","0","""default""","""none""","0"
"{media 51}","{citizen 25}","[141 141 141 255]","""""","9.9","false","{breed subscribers}","0","""default""","""none""","0"
"{media 51}","{citizen 26}","[141 141 141 255]","""""","9.9","false","{breed subscribers}","0","""default""","""none""","0"
"{media 51}","{citizen 27}","[141 141 141 255]","""""","9.9","false","{breed subscribers}","0","""default""","""none""","0"
"{media 51}","{citizen 30}","[141 141 141 255]","""""","9.9","false","{breed subscribers}","0","""default""","""none""","0"
"{media 51}","{citizen 31}","[141 141 141 255]","""""","9.9","false","{breed subscribers}","0","""default""","""none""","0"
"{media 51}","{citizen 32}","[141 141 141 255]","""""","9.9","false","{breed subscribers}","0","""default""","""none""","0"
"{media 51}","{citizen 33}","[141 141 141 255]","""""","9.9","false","{breed subscribers}","0","""default""","""none""","0"
"{media 51}","{citizen 35}","[141 141 141 255]","""""","9.9","false","{breed subscribers}","0","""default""","""none""","0"
"{media 51}","{citizen 36}","[141 141 141 255]","""""","9.9","false","{breed subscribers}","0","""default""","""none""","0"
"{media 51}","{citizen 38}","[141 141 141 255]","""""","9.9","false","{breed subscribers}","0","""default""","""none""","0"
"{media 51}","{citizen 39}","[141 141 141 255]","""""","9.9","false","{breed subscribers}","0","""default""","""none""","0"
"{media 51}","{citizen 40}","[141 141 141 255]","""""","9.9","false","{breed subscribers}","0","""default""","""none""","0"
"{media 51}","{citizen 42}","[141 141 141 255]","""""","9.9","false","{breed subscribers}","0","""default""","""none""","0"
"{media 51}","{citizen 43}","[141 141 141 255]","""""","9.9","false","{breed subscribers}","0","""default""","""none""","0"
"{media 51}","{citizen 45}","[141 141 141 255]","""""","9.9","false","{breed subscribers}","0","""default""","""none""","0"
"{media 51}","{citizen 46}","[141 141 141 255]","""""","9.9","false","{breed subscribers}","0","""default""","""none""","0"
"{media 51}","{citizen 48}","[141 141 141 255]","""""","9.9","false","{breed subscribers}","0","""default""","""none""","0"
"{media 51}","{citizen 49}","[141 141 141 255]","""""","9.9","false","{breed subscribers}","0","""default""","""none""","0"
"{media 52}","{citizen 0}","[141 141 141 255]","""""","9.9","false","{breed subscribers}","0","""default""","""none""","0"
"{media 52}","{citizen 3}","[141 141 141 255]","""""","9.9","false","{breed subscribers}","0","""default""","""none""","0"
"{media 52}","{citizen 5}","[141 141 141 255]","""""","9.9","false","{breed subscribers}","0","""default""","""none""","0"
"{media 52}","{citizen 6}","[141 141 141 255]","""""","9.9","false","{breed subscribers}","0","""default""","""none""","0"
"{media 52}","{citizen 8}","[141 141 141 255]","""""","9.9","false","{breed subscribers}","0","""default""","""none""","0"
"{media 52}","{citizen 9}","[141 141 141 255]","""""","9.9","false","{breed subscribers}","0","""default""","""none""","0"
"{media 52}","{citizen 10}","[141 141 141 255]","""""","9.9","false","{breed subscribers}","0","""default""","""none""","0"
"{media 52}","{citizen 12}","[141 141 141 255]","""""","9.9","false","{breed subscribers}","0","""default""","""none""","0"
"{media 52}","{citizen 14}","[141 141 141 255]","""""","9.9","false","{breed subscribers}","0","""default""","""none""","0"
"{media 52}","{citizen 15}","[141 141 141 255]","""""","9.9","false","{breed subscribers}","0","""default""","""none""","0"
"{media 52}","{citizen 16}","[141 141 141 255]","""""","9.9","false","{breed subscribers}","0","""default""","""none""","0"
"{media 52}","{citizen 17}","[141 141 141 255]","""""","9.9","false","{breed subscribers}","0","""default""","""none""","0"
"{media 52}","{citizen 18}","[141 141 141 255]","""""","9.9","false","{breed subscribers}","0","""default""","""none""","0"
"{media 52}","{citizen 20}","[141 141 141 255]","""""","9.9","false","{breed subscribers}","0","""default""","""none""","0"
"{media 52}","{citizen 21}","[141 141 141 255]","""""","9.9","false","{breed subscribers}","0","""default""","""none""","0"
"{media 52}","{citizen 22}","[141 141 141 255]","""""","9.9","false","{breed subscribers}","0","""default""","""none""","0"
"{media 52}","{citizen 24}","[141 141 141 255]","""""","9.9","false","{breed subscribers}","0","""default""","""none""","0"
"{media 52}","{citizen 25}","[141 141 141 255]","""""","9.9","false","{breed subscribers}","0","""default""","""none""","0"
"{media 52}","{citizen 26}","[141 141 141 255]","""""","9.9","false","{breed subscribers}","0","""default""","""none""","0"
"{media 52}","{citizen 27}","[141 141 141 255]","""""","9.9","false","{breed subscribers}","0","""default""","""none""","0"
"{media 52}","{citizen 30}","[141 141 141 255]","""""","9.9","false","{breed subscribers}","0","""default""","""none""","0"
"{media 52}","{citizen 31}","[141 141 141 255]","""""","9.9","false","{breed subscribers}","0","""default""","""none""","0"
"{media 52}","{citizen 32}","[141 141 141 255]","""""","9.9","false","{breed subscribers}","0","""default""","""none""","0"
"{media 52}","{citizen 33}","[141 141 141 255]","""""","9.9","false","{breed subscribers}","0","""default""","""none""","0"
"{media 52}","{citizen 35}","[141 141 141 255]","""""","9.9","false","{breed subscribers}","0","""default""","""none""","0"
"{media 52}","{citizen 36}","[141 141 141 255]","""""","9.9","false","{breed subscribers}","0","""default""","""none""","0"
"{media 52}","{citizen 39}","[141 141 141 255]","""""","9.9","false","{breed subscribers}","0","""default""","""none""","0"
"{media 52}","{citizen 40}","[141 141 141 255]","""""","9.9","false","{breed subscribers}","0","""default""","""none""","0"
"{media 52}","{citizen 42}","[141 141 141 255]","""""","9.9","false","{breed subscribers}","0","""default""","""none""","0"
"{media 52}","{citizen 43}","[141 141 141 255]","""""","9.9","false","{breed subscribers}","0","""default""","""none""","0"
"{media 52}","{citizen 45}","[141 141 141 255]","""""","9.9","false","{breed subscribers}","0","""default""","""none""","0"
"{media 52}","{citizen 46}","[141 141 141 255]","""""","9.9","false","{breed subscribers}","0","""default""","""none""","0"
"{media 52}","{citizen 48}","[141 141 141 255]","""""","9.9","false","{breed subscribers}","0","""default""","""none""","0"
"{media 52}","{citizen 49}","[141 141 141 255]","""""","9.9","false","{breed subscribers}","0","""default""","""none""","0"
"{media 53}","{citizen 1}","[141 141 141 255]","""""","9.9","false","{breed subscribers}","0","""default""","""none""","0"
"{media 53}","{citizen 2}","[141 141 141 255]","""""","9.9","false","{breed subscribers}","0","""default""","""none""","0"
"{media 53}","{citizen 4}","[141 141 141 255]","""""","9.9","false","{breed subscribers}","0","""default""","""none""","0"
"{media 53}","{citizen 11}","[141 141 141 255]","""""","9.9","false","{breed subscribers}","0","""default""","""none""","0"
"{media 53}","{citizen 13}","[141 141 141 255]","""""","9.9","false","{breed subscribers}","0","""default""","""none""","0"
"{media 53}","{citizen 19}","[141 141 141 255]","""""","9.9","false","{breed subscribers}","0","""default""","""none""","0"
"{media 53}","{citizen 28}","[141 141 141 255]","""""","9.9","false","{breed subscribers}","0","""default""","""none""","0"
"{media 53}","{citizen 29}","[141 141 141 255]","""""","9.9","false","{breed subscribers}","0","""default""","""none""","0"
"{media 53}","{citizen 34}","[141 141 141 255]","""""","9.9","false","{breed subscribers}","0","""default""","""none""","0"
"{media 53}","{citizen 37}","[141 141 141 255]","""""","9.9","false","{breed subscribers}","0","""default""","""none""","0"
"{media 53}","{citizen 41}","[141 141 141 255]","""""","9.9","false","{breed subscribers}","0","""default""","""none""","0"
"{media 53}","{citizen 44}","[141 141 141 255]","""""","9.9","false","{breed subscribers}","0","""default""","""none""","0"
"{media 53}","{citizen 47}","[141 141 141 255]","""""","9.9","false","{breed subscribers}","0","""default""","""none""","0"
"{media 54}","{citizen 0}","[141 141 141 255]","""""","9.9","false","{breed subscribers}","0","""default""","""none""","0"
"{media 54}","{citizen 3}","[141 141 141 255]","""""","9.9","false","{breed subscribers}","0","""default""","""none""","0"
"{media 54}","{citizen 5}","[141 141 141 255]","""""","9.9","false","{breed subscribers}","0","""default""","""none""","0"
"{media 54}","{citizen 6}","[141 141 141 255]","""""","9.9","false","{breed subscribers}","0","""default""","""none""","0"
"{media 54}","{citizen 7}","[141 141 141 255]","""""","9.9","false","{breed subscribers}","0","""default""","""none""","0"
"{media 54}","{citizen 8}","[141 141 141 255]","""""","9.9","false","{breed subscribers}","0","""default""","""none""","0"
"{media 54}","{citizen 9}","[141 141 141 255]","""""","9.9","false","{breed subscribers}","0","""default""","""none""","0"
"{media 54}","{citizen 10}","[141 141 141 255]","""""","9.9","false","{breed subscribers}","0","""default""","""none""","0"
"{media 54}","{citizen 12}","[141 141 141 255]","""""","9.9","false","{breed subscribers}","0","""default""","""none""","0"
"{media 54}","{citizen 14}","[141 141 141 255]","""""","9.9","false","{breed subscribers}","0","""default""","""none""","0"
"{media 54}","{citizen 15}","[141 141 141 255]","""""","9.9","false","{breed subscribers}","0","""default""","""none""","0"
"{media 54}","{citizen 16}","[141 141 141 255]","""""","9.9","false","{breed subscribers}","0","""default""","""none""","0"
"{media 54}","{citizen 17}","[141 141 141 255]","""""","9.9","false","{breed subscribers}","0","""default""","""none""","0"
"{media 54}","{citizen 18}","[141 141 141 255]","""""","9.9","false","{breed subscribers}","0","""default""","""none""","0"
"{media 54}","{citizen 20}","[141 141 141 255]","""""","9.9","false","{breed subscribers}","0","""default""","""none""","0"
"{media 54}","{citizen 21}","[141 141 141 255]","""""","9.9","false","{breed subscribers}","0","""default""","""none""","0"
"{media 54}","{citizen 22}","[141 141 141 255]","""""","9.9","false","{breed subscribers}","0","""default""","""none""","0"
"{media 54}","{citizen 23}","[141 141 141 255]","""""","9.9","false","{breed subscribers}","0","""default""","""none""","0"
"{media 54}","{citizen 24}","[141 141 141 255]","""""","9.9","false","{breed subscribers}","0","""default""","""none""","0"
"{media 54}","{citizen 25}","[141 141 141 255]","""""","9.9","false","{breed subscribers}","0","""default""","""none""","0"
"{media 54}","{citizen 26}","[141 141 141 255]","""""","9.9","false","{breed subscribers}","0","""default""","""none""","0"
"{media 54}","{citizen 27}","[141 141 141 255]","""""","9.9","false","{breed subscribers}","0","""default""","""none""","0"
"{media 54}","{citizen 30}","[141 141 141 255]","""""","9.9","false","{breed subscribers}","0","""default""","""none""","0"
"{media 54}","{citizen 31}","[141 141 141 255]","""""","9.9","false","{breed subscribers}","0","""default""","""none""","0"
"{media 54}","{citizen 32}","[141 141 141 255]","""""","9.9","false","{breed subscribers}","0","""default""","""none""","0"
"{media 54}","{citizen 33}","[141 141 141 255]","""""","9.9","false","{breed subscribers}","0","""default""","""none""","0"
"{media 54}","{citizen 35}","[141 141 141 255]","""""","9.9","false","{breed subscribers}","0","""default""","""none""","0"
"{media 54}","{citizen 36}","[141 141 141 255]","""""","9.9","false","{breed subscribers}","0","""default""","""none""","0"
"{media 54}","{citizen 38}","[141 141 141 255]","""""","9.9","false","{breed subscribers}","0","""default""","""none""","0"
"{media 54}","{citizen 39}","[141 141 141 255]","""""","9.9","false","{breed subscribers}","0","""default""","""none""","0"
"{media 54}","{citizen 40}","[141 141 141 255]","""""","9.9","false","{breed subscribers}","0","""default""","""none""","0"
"{media 54}","{citizen 42}","[141 141 141 255]","""""","9.9","false","{breed subscribers}","0","""default""","""none""","0"
"{media 54}","{citizen 43}","[141 141 141 255]","""""","9.9","false","{breed subscribers}","0","""default""","""none""","0"
"{media 54}","{citizen 45}","[141 141 141 255]","""""","9.9","false","{breed subscribers}","0","""default""","""none""","0"
"{media 54}","{citizen 46}","[141 141 141 255]","""""","9.9","false","{breed subscribers}","0","""default""","""none""","0"
"{media 54}","{citizen 48}","[141 141 141 255]","""""","9.9","false","{breed subscribers}","0","""default""","""none""","0"
"{media 54}","{citizen 49}","[141 141 141 255]","""""","9.9","false","{breed subscribers}","0","""default""","""none""","0"
"{media 55}","{citizen 0}","[141 141 141 255]","""""","9.9","false","{breed subscribers}","0","""default""","""none""","0"
"{media 55}","{citizen 3}","[141 141 141 255]","""""","9.9","false","{breed subscribers}","0","""default""","""none""","0"
"{media 55}","{citizen 5}","[141 141 141 255]","""""","9.9","false","{breed subscribers}","0","""default""","""none""","0"
"{media 55}","{citizen 6}","[141 141 141 255]","""""","9.9","false","{breed subscribers}","0","""default""","""none""","0"
"{media 55}","{citizen 7}","[141 141 141 255]","""""","9.9","false","{breed subscribers}","0","""default""","""none""","0"
"{media 55}","{citizen 8}","[141 141 141 255]","""""","9.9","false","{breed subscribers}","0","""default""","""none""","0"
"{media 55}","{citizen 9}","[141 141 141 255]","""""","9.9","false","{breed subscribers}","0","""default""","""none""","0"
"{media 55}","{citizen 10}","[141 141 141 255]","""""","9.9","false","{breed subscribers}","0","""default""","""none""","0"
"{media 55}","{citizen 12}","[141 141 141 255]","""""","9.9","false","{breed subscribers}","0","""default""","""none""","0"
"{media 55}","{citizen 14}","[141 141 141 255]","""""","9.9","false","{breed subscribers}","0","""default""","""none""","0"
"{media 55}","{citizen 15}","[141 141 141 255]","""""","9.9","false","{breed subscribers}","0","""default""","""none""","0"
"{media 55}","{citizen 16}","[141 141 141 255]","""""","9.9","false","{breed subscribers}","0","""default""","""none""","0"
"{media 55}","{citizen 17}","[141 141 141 255]","""""","9.9","false","{breed subscribers}","0","""default""","""none""","0"
"{media 55}","{citizen 18}","[141 141 141 255]","""""","9.9","false","{breed subscribers}","0","""default""","""none""","0"
"{media 55}","{citizen 20}","[141 141 141 255]","""""","9.9","false","{breed subscribers}","0","""default""","""none""","0"
"{media 55}","{citizen 21}","[141 141 141 255]","""""","9.9","false","{breed subscribers}","0","""default""","""none""","0"
"{media 55}","{citizen 22}","[141 141 141 255]","""""","9.9","false","{breed subscribers}","0","""default""","""none""","0"
"{media 55}","{citizen 23}","[141 141 141 255]","""""","9.9","false","{breed subscribers}","0","""default""","""none""","0"
"{media 55}","{citizen 24}","[141 141 141 255]","""""","9.9","false","{breed subscribers}","0","""default""","""none""","0"
"{media 55}","{citizen 25}","[141 141 141 255]","""""","9.9","false","{breed subscribers}","0","""default""","""none""","0"
"{media 55}","{citizen 26}","[141 141 141 255]","""""","9.9","false","{breed subscribers}","0","""default""","""none""","0"
"{media 55}","{citizen 27}","[141 141 141 255]","""""","9.9","false","{breed subscribers}","0","""default""","""none""","0"
"{media 55}","{citizen 30}","[141 141 141 255]","""""","9.9","false","{breed subscribers}","0","""default""","""none""","0"
"{media 55}","{citizen 31}","[141 141 141 255]","""""","9.9","false","{breed subscribers}","0","""default""","""none""","0"
"{media 55}","{citizen 32}","[141 141 141 255]","""""","9.9","false","{breed subscribers}","0","""default""","""none""","0"
"{media 55}","{citizen 33}","[141 141 141 255]","""""","9.9","false","{breed subscribers}","0","""default""","""none""","0"
"{media 55}","{citizen 35}","[141 141 141 255]","""""","9.9","false","{breed subscribers}","0","""default""","""none""","0"
"{media 55}","{citizen 36}","[141 141 141 255]","""""","9.9","false","{breed subscribers}","0","""default""","""none""","0"
"{media 55}","{citizen 38}","[141 141 141 255]","""""","9.9","false","{breed subscribers}","0","""default""","""none""","0"
"{media 55}","{citizen 39}","[141 141 141 255]","""""","9.9","false","{breed subscribers}","0","""default""","""none""","0"
"{media 55}","{citizen 40}","[141 141 141 255]","""""","9.9","false","{breed subscribers}","0","""default""","""none""","0"
"{media 55}","{citizen 42}","[141 141 141 255]","""""","9.9","false","{breed subscribers}","0","""default""","""none""","0"
"{media 55}","{citizen 43}","[141 141 141 255]","""""","9.9","false","{breed subscribers}","0","""default""","""none""","0"
"{media 55}","{citizen 45}","[141 141 141 255]","""""","9.9","false","{breed subscribers}","0","""default""","""none""","0"
"{media 55}","{citizen 46}","[141 141 141 255]","""""","9.9","false","{breed subscribers}","0","""default""","""none""","0"
"{media 55}","{citizen 48}","[141 141 141 255]","""""","9.9","false","{breed subscribers}","0","""default""","""none""","0"
"{media 55}","{citizen 49}","[141 141 141 255]","""""","9.9","false","{breed subscribers}","0","""default""","""none""","0"
"{media 56}","{citizen 1}","[141 141 141 255]","""""","9.9","false","{breed subscribers}","0","""default""","""none""","0"
"{media 56}","{citizen 2}","[141 141 141 255]","""""","9.9","false","{breed subscribers}","0","""default""","""none""","0"
"{media 56}","{citizen 4}","[141 141 141 255]","""""","9.9","false","{breed subscribers}","0","""default""","""none""","0"
"{media 56}","{citizen 7}","[141 141 141 255]","""""","9.9","false","{breed subscribers}","0","""default""","""none""","0"
"{media 56}","{citizen 11}","[141 141 141 255]","""""","9.9","false","{breed subscribers}","0","""default""","""none""","0"
"{media 56}","{citizen 13}","[141 141 141 255]","""""","9.9","false","{breed subscribers}","0","""default""","""none""","0"
"{media 56}","{citizen 19}","[141 141 141 255]","""""","9.9","false","{breed subscribers}","0","""default""","""none""","0"
"{media 56}","{citizen 23}","[141 141 141 255]","""""","9.9","false","{breed subscribers}","0","""default""","""none""","0"
"{media 56}","{citizen 28}","[141 141 141 255]","""""","9.9","false","{breed subscribers}","0","""default""","""none""","0"
"{media 56}","{citizen 29}","[141 141 141 255]","""""","9.9","false","{breed subscribers}","0","""default""","""none""","0"
"{media 56}","{citizen 34}","[141 141 141 255]","""""","9.9","false","{breed subscribers}","0","""default""","""none""","0"
"{media 56}","{citizen 37}","[141 141 141 255]","""""","9.9","false","{breed subscribers}","0","""default""","""none""","0"
"{media 56}","{citizen 38}","[141 141 141 255]","""""","9.9","false","{breed subscribers}","0","""default""","""none""","0"
"{media 56}","{citizen 41}","[141 141 141 255]","""""","9.9","false","{breed subscribers}","0","""default""","""none""","0"
"{media 56}","{citizen 44}","[141 141 141 255]","""""","9.9","false","{breed subscribers}","0","""default""","""none""","0"
"{media 56}","{citizen 47}","[141 141 141 255]","""""","9.9","false","{breed subscribers}","0","""default""","""none""","0"
"{media 57}","{citizen 0}","[141 141 141 255]","""""","9.9","false","{breed subscribers}","0","""default""","""none""","0"
"{media 57}","{citizen 3}","[141 141 141 255]","""""","9.9","false","{breed subscribers}","0","""default""","""none""","0"
"{media 57}","{citizen 5}","[141 141 141 255]","""""","9.9","false","{breed subscribers}","0","""default""","""none""","0"
"{media 57}","{citizen 6}","[141 141 141 255]","""""","9.9","false","{breed subscribers}","0","""default""","""none""","0"
"{media 57}","{citizen 7}","[141 141 141 255]","""""","9.9","false","{breed subscribers}","0","""default""","""none""","0"
"{media 57}","{citizen 8}","[141 141 141 255]","""""","9.9","false","{breed subscribers}","0","""default""","""none""","0"
"{media 57}","{citizen 9}","[141 141 141 255]","""""","9.9","false","{breed subscribers}","0","""default""","""none""","0"
"{media 57}","{citizen 10}","[141 141 141 255]","""""","9.9","false","{breed subscribers}","0","""default""","""none""","0"
"{media 57}","{citizen 12}","[141 141 141 255]","""""","9.9","false","{breed subscribers}","0","""default""","""none""","0"
"{media 57}","{citizen 14}","[141 141 141 255]","""""","9.9","false","{breed subscribers}","0","""default""","""none""","0"
"{media 57}","{citizen 15}","[141 141 141 255]","""""","9.9","false","{breed subscribers}","0","""default""","""none""","0"
"{media 57}","{citizen 16}","[141 141 141 255]","""""","9.9","false","{breed subscribers}","0","""default""","""none""","0"
"{media 57}","{citizen 17}","[141 141 141 255]","""""","9.9","false","{breed subscribers}","0","""default""","""none""","0"
"{media 57}","{citizen 18}","[141 141 141 255]","""""","9.9","false","{breed subscribers}","0","""default""","""none""","0"
"{media 57}","{citizen 20}","[141 141 141 255]","""""","9.9","false","{breed subscribers}","0","""default""","""none""","0"
"{media 57}","{citizen 21}","[141 141 141 255]","""""","9.9","false","{breed subscribers}","0","""default""","""none""","0"
"{media 57}","{citizen 22}","[141 141 141 255]","""""","9.9","false","{breed subscribers}","0","""default""","""none""","0"
"{media 57}","{citizen 23}","[141 141 141 255]","""""","9.9","false","{breed subscribers}","0","""default""","""none""","0"
"{media 57}","{citizen 24}","[141 141 141 255]","""""","9.9","false","{breed subscribers}","0","""default""","""none""","0"
"{media 57}","{citizen 25}","[141 141 141 255]","""""","9.9","false","{breed subscribers}","0","""default""","""none""","0"
"{media 57}","{citizen 26}","[141 141 141 255]","""""","9.9","false","{breed subscribers}","0","""default""","""none""","0"
"{media 57}","{citizen 27}","[141 141 141 255]","""""","9.9","false","{breed subscribers}","0","""default""","""none""","0"
"{media 57}","{citizen 30}","[141 141 141 255]","""""","9.9","false","{breed subscribers}","0","""default""","""none""","0"
"{media 57}","{citizen 31}","[141 141 141 255]","""""","9.9","false","{breed subscribers}","0","""default""","""none""","0"
"{media 57}","{citizen 32}","[141 141 141 255]","""""","9.9","false","{breed subscribers}","0","""default""","""none""","0"
"{media 57}","{citizen 33}","[141 141 141 255]","""""","9.9","false","{breed subscribers}","0","""default""","""none""","0"
"{media 57}","{citizen 35}","[141 141 141 255]","""""","9.9","false","{breed subscribers}","0","""default""","""none""","0"
"{media 57}","{citizen 36}","[141 141 141 255]","""""","9.9","false","{breed subscribers}","0","""default""","""none""","0"
"{media 57}","{citizen 38}","[141 141 141 255]","""""","9.9","false","{breed subscribers}","0","""default""","""none""","0"
"{media 57}","{citizen 39}","[141 141 141 255]","""""","9.9","false","{breed subscribers}","0","""default""","""none""","0"
"{media 57}","{citizen 40}","[141 141 141 255]","""""","9.9","false","{breed subscribers}","0","""default""","""none""","0"
"{media 57}","{citizen 42}","[141 141 141 255]","""""","9.9","false","{breed subscribers}","0","""default""","""none""","0"
"{media 57}","{citizen 43}","[141 141 141 255]","""""","9.9","false","{breed subscribers}","0","""default""","""none""","0"
"{media 57}","{citizen 45}","[141 141 141 255]","""""","9.9","false","{breed subscribers}","0","""default""","""none""","0"
"{media 57}","{citizen 46}","[141 141 141 255]","""""","9.9","false","{breed subscribers}","0","""default""","""none""","0"
"{media 57}","{citizen 48}","[141 141 141 255]","""""","9.9","false","{breed subscribers}","0","""default""","""none""","0"
"{media 57}","{citizen 49}","[141 141 141 255]","""""","9.9","false","{breed subscribers}","0","""default""","""none""","0"
"{media 58}","{citizen 1}","[141 141 141 255]","""""","9.9","false","{breed subscribers}","0","""default""","""none""","0"
"{media 58}","{citizen 2}","[141 141 141 255]","""""","9.9","false","{breed subscribers}","0","""default""","""none""","0"
"{media 58}","{citizen 4}","[141 141 141 255]","""""","9.9","false","{breed subscribers}","0","""default""","""none""","0"
"{media 58}","{citizen 7}","[141 141 141 255]","""""","9.9","false","{breed subscribers}","0","""default""","""none""","0"
"{media 58}","{citizen 11}","[141 141 141 255]","""""","9.9","false","{breed subscribers}","0","""default""","""none""","0"
"{media 58}","{citizen 13}","[141 141 141 255]","""""","9.9","false","{breed subscribers}","0","""default""","""none""","0"
"{media 58}","{citizen 19}","[141 141 141 255]","""""","9.9","false","{breed subscribers}","0","""default""","""none""","0"
"{media 58}","{citizen 23}","[141 141 141 255]","""""","9.9","false","{breed subscribers}","0","""default""","""none""","0"
"{media 58}","{citizen 28}","[141 141 141 255]","""""","9.9","false","{breed subscribers}","0","""default""","""none""","0"
"{media 58}","{citizen 29}","[141 141 141 255]","""""","9.9","false","{breed subscribers}","0","""default""","""none""","0"
"{media 58}","{citizen 34}","[141 141 141 255]","""""","9.9","false","{breed subscribers}","0","""default""","""none""","0"
"{media 58}","{citizen 37}","[141 141 141 255]","""""","9.9","false","{breed subscribers}","0","""default""","""none""","0"
"{media 58}","{citizen 38}","[141 141 141 255]","""""","9.9","false","{breed subscribers}","0","""default""","""none""","0"
"{media 58}","{citizen 41}","[141 141 141 255]","""""","9.9","false","{breed subscribers}","0","""default""","""none""","0"
"{media 58}","{citizen 44}","[141 141 141 255]","""""","9.9","false","{breed subscribers}","0","""default""","""none""","0"
"{media 58}","{citizen 47}","[141 141 141 255]","""""","9.9","false","{breed subscribers}","0","""default""","""none""","0"
"{media 59}","{citizen 0}","[141 141 141 255]","""""","9.9","false","{breed subscribers}","0","""default""","""none""","0"
"{media 59}","{citizen 3}","[141 141 141 255]","""""","9.9","false","{breed subscribers}","0","""default""","""none""","0"
"{media 59}","{citizen 5}","[141 141 141 255]","""""","9.9","false","{breed subscribers}","0","""default""","""none""","0"
"{media 59}","{citizen 6}","[141 141 141 255]","""""","9.9","false","{breed subscribers}","0","""default""","""none""","0"
"{media 59}","{citizen 7}","[141 141 141 255]","""""","9.9","false","{breed subscribers}","0","""default""","""none""","0"
"{media 59}","{citizen 8}","[141 141 141 255]","""""","9.9","false","{breed subscribers}","0","""default""","""none""","0"
"{media 59}","{citizen 9}","[141 141 141 255]","""""","9.9","false","{breed subscribers}","0","""default""","""none""","0"
"{media 59}","{citizen 10}","[141 141 141 255]","""""","9.9","false","{breed subscribers}","0","""default""","""none""","0"
"{media 59}","{citizen 12}","[141 141 141 255]","""""","9.9","false","{breed subscribers}","0","""default""","""none""","0"
"{media 59}","{citizen 14}","[141 141 141 255]","""""","9.9","false","{breed subscribers}","0","""default""","""none""","0"
"{media 59}","{citizen 15}","[141 141 141 255]","""""","9.9","false","{breed subscribers}","0","""default""","""none""","0"
"{media 59}","{citizen 16}","[141 141 141 255]","""""","9.9","false","{breed subscribers}","0","""default""","""none""","0"
"{media 59}","{citizen 17}","[141 141 141 255]","""""","9.9","false","{breed subscribers}","0","""default""","""none""","0"
"{media 59}","{citizen 18}","[141 141 141 255]","""""","9.9","false","{breed subscribers}","0","""default""","""none""","0"
"{media 59}","{citizen 20}","[141 141 141 255]","""""","9.9","false","{breed subscribers}","0","""default""","""none""","0"
"{media 59}","{citizen 21}","[141 141 141 255]","""""","9.9","false","{breed subscribers}","0","""default""","""none""","0"
"{media 59}","{citizen 22}","[141 141 141 255]","""""","9.9","false","{breed subscribers}","0","""default""","""none""","0"
"{media 59}","{citizen 23}","[141 141 141 255]","""""","9.9","false","{breed subscribers}","0","""default""","""none""","0"
"{media 59}","{citizen 24}","[141 141 141 255]","""""","9.9","false","{breed subscribers}","0","""default""","""none""","0"
"{media 59}","{citizen 25}","[141 141 141 255]","""""","9.9","false","{breed subscribers}","0","""default""","""none""","0"
"{media 59}","{citizen 26}","[141 141 141 255]","""""","9.9","false","{breed subscribers}","0","""default""","""none""","0"
"{media 59}","{citizen 27}","[141 141 141 255]","""""","9.9","false","{breed subscribers}","0","""default""","""none""","0"
"{media 59}","{citizen 30}","[141 141 141 255]","""""","9.9","false","{breed subscribers}","0","""default""","""none""","0"
"{media 59}","{citizen 31}","[141 141 141 255]","""""","9.9","false","{breed subscribers}","0","""default""","""none""","0"
"{media 59}","{citizen 32}","[141 141 141 255]","""""","9.9","false","{breed subscribers}","0","""default""","""none""","0"
"{media 59}","{citizen 33}","[141 141 141 255]","""""","9.9","false","{breed subscribers}","0","""default""","""none""","0"
"{media 59}","{citizen 35}","[141 141 141 255]","""""","9.9","false","{breed subscribers}","0","""default""","""none""","0"
"{media 59}","{citizen 36}","[141 141 141 255]","""""","9.9","false","{breed subscribers}","0","""default""","""none""","0"
"{media 59}","{citizen 38}","[141 141 141 255]","""""","9.9","false","{breed subscribers}","0","""default""","""none""","0"
"{media 59}","{citizen 39}","[141 141 141 255]","""""","9.9","false","{breed subscribers}","0","""default""","""none""","0"
"{media 59}","{citizen 40}","[141 141 141 255]","""""","9.9","false","{breed subscribers}","0","""default""","""none""","0"
"{media 59}","{citizen 42}","[141 141 141 255]","""""","9.9","false","{breed subscribers}","0","""default""","""none""","0"
"{media 59}","{citizen 43}","[141 141 141 255]","""""","9.9","false","{breed subscribers}","0","""default""","""none""","0"
"{media 59}","{citizen 45}","[141 141 141 255]","""""","9.9","false","{breed subscribers}","0","""default""","""none""","0"
"{media 59}","{citizen 46}","[141 141 141 255]","""""","9.9","false","{breed subscribers}","0","""default""","""none""","0"
"{media 59}","{citizen 48}","[141 141 141 255]","""""","9.9","false","{breed subscribers}","0","""default""","""none""","0"
"{media 59}","{citizen 49}","[141 141 141 255]","""""","9.9","false","{breed subscribers}","0","""default""","""none""","0"
"{media 60}","{citizen 0}","[141 141 141 255]","""""","9.9","false","{breed subscribers}","0","""default""","""none""","0"
"{media 60}","{citizen 3}","[141 141 141 255]","""""","9.9","false","{breed subscribers}","0","""default""","""none""","0"
"{media 60}","{citizen 5}","[141 141 141 255]","""""","9.9","false","{breed subscribers}","0","""default""","""none""","0"
"{media 60}","{citizen 6}","[141 141 141 255]","""""","9.9","false","{breed subscribers}","0","""default""","""none""","0"
"{media 60}","{citizen 7}","[141 141 141 255]","""""","9.9","false","{breed subscribers}","0","""default""","""none""","0"
"{media 60}","{citizen 8}","[141 141 141 255]","""""","9.9","false","{breed subscribers}","0","""default""","""none""","0"
"{media 60}","{citizen 9}","[141 141 141 255]","""""","9.9","false","{breed subscribers}","0","""default""","""none""","0"
"{media 60}","{citizen 10}","[141 141 141 255]","""""","9.9","false","{breed subscribers}","0","""default""","""none""","0"
"{media 60}","{citizen 12}","[141 141 141 255]","""""","9.9","false","{breed subscribers}","0","""default""","""none""","0"
"{media 60}","{citizen 14}","[141 141 141 255]","""""","9.9","false","{breed subscribers}","0","""default""","""none""","0"
"{media 60}","{citizen 15}","[141 141 141 255]","""""","9.9","false","{breed subscribers}","0","""default""","""none""","0"
"{media 60}","{citizen 16}","[141 141 141 255]","""""","9.9","false","{breed subscribers}","0","""default""","""none""","0"
"{media 60}","{citizen 17}","[141 141 141 255]","""""","9.9","false","{breed subscribers}","0","""default""","""none""","0"
"{media 60}","{citizen 18}","[141 141 141 255]","""""","9.9","false","{breed subscribers}","0","""default""","""none""","0"
"{media 60}","{citizen 20}","[141 141 141 255]","""""","9.9","false","{breed subscribers}","0","""default""","""none""","0"
"{media 60}","{citizen 21}","[141 141 141 255]","""""","9.9","false","{breed subscribers}","0","""default""","""none""","0"
"{media 60}","{citizen 22}","[141 141 141 255]","""""","9.9","false","{breed subscribers}","0","""default""","""none""","0"
"{media 60}","{citizen 23}","[141 141 141 255]","""""","9.9","false","{breed subscribers}","0","""default""","""none""","0"
"{media 60}","{citizen 24}","[141 141 141 255]","""""","9.9","false","{breed subscribers}","0","""default""","""none""","0"
"{media 60}","{citizen 25}","[141 141 141 255]","""""","9.9","false","{breed subscribers}","0","""default""","""none""","0"
"{media 60}","{citizen 26}","[141 141 141 255]","""""","9.9","false","{breed subscribers}","0","""default""","""none""","0"
"{media 60}","{citizen 27}","[141 141 141 255]","""""","9.9","false","{breed subscribers}","0","""default""","""none""","0"
"{media 60}","{citizen 30}","[141 141 141 255]","""""","9.9","false","{breed subscribers}","0","""default""","""none""","0"
"{media 60}","{citizen 31}","[141 141 141 255]","""""","9.9","false","{breed subscribers}","0","""default""","""none""","0"
"{media 60}","{citizen 32}","[141 141 141 255]","""""","9.9","false","{breed subscribers}","0","""default""","""none""","0"
"{media 60}","{citizen 33}","[141 141 141 255]","""""","9.9","false","{breed subscribers}","0","""default""","""none""","0"
"{media 60}","{citizen 35}","[141 141 141 255]","""""","9.9","false","{breed subscribers}","0","""default""","""none""","0"
"{media 60}","{citizen 36}","[141 141 141 255]","""""","9.9","false","{breed subscribers}","0","""default""","""none""","0"
"{media 60}","{citizen 38}","[141 141 141 255]","""""","9.9","false","{breed subscribers}","0","""default""","""none""","0"
"{media 60}","{citizen 39}","[141 141 141 255]","""""","9.9","false","{breed subscribers}","0","""default""","""none""","0"
"{media 60}","{citizen 40}","[141 141 141 255]","""""","9.9","false","{breed subscribers}","0","""default""","""none""","0"
"{media 60}","{citizen 42}","[141 141 141 255]","""""","9.9","false","{breed subscribers}","0","""default""","""none""","0"
"{media 60}","{citizen 43}","[141 141 141 255]","""""","9.9","false","{breed subscribers}","0","""default""","""none""","0"
"{media 60}","{citizen 45}","[141 141 141 255]","""""","9.9","false","{breed subscribers}","0","""default""","""none""","0"
"{media 60}","{citizen 46}","[141 141 141 255]","""""","9.9","false","{breed subscribers}","0","""default""","""none""","0"
"{media 60}","{citizen 48}","[141 141 141 255]","""""","9.9","false","{breed subscribers}","0","""default""","""none""","0"
"{media 60}","{citizen 49}","[141 141 141 255]","""""","9.9","false","{breed subscribers}","0","""default""","""none""","0"
"{media 61}","{citizen 1}","[141 141 141 255]","""""","9.9","false","{breed subscribers}","0","""default""","""none""","0"
"{media 61}","{citizen 2}","[141 141 141 255]","""""","9.9","false","{breed subscribers}","0","""default""","""none""","0"
"{media 61}","{citizen 4}","[141 141 141 255]","""""","9.9","false","{breed subscribers}","0","""default""","""none""","0"
"{media 61}","{citizen 11}","[141 141 141 255]","""""","9.9","false","{breed subscribers}","0","""default""","""none""","0"
"{media 61}","{citizen 13}","[141 141 141 255]","""""","9.9","false","{breed subscribers}","0","""default""","""none""","0"
"{media 61}","{citizen 19}","[141 141 141 255]","""""","9.9","false","{breed subscribers}","0","""default""","""none""","0"
"{media 61}","{citizen 28}","[141 141 141 255]","""""","9.9","false","{breed subscribers}","0","""default""","""none""","0"
"{media 61}","{citizen 29}","[141 141 141 255]","""""","9.9","false","{breed subscribers}","0","""default""","""none""","0"
"{media 61}","{citizen 34}","[141 141 141 255]","""""","9.9","false","{breed subscribers}","0","""default""","""none""","0"
"{media 61}","{citizen 37}","[141 141 141 255]","""""","9.9","false","{breed subscribers}","0","""default""","""none""","0"
"{media 61}","{citizen 41}","[141 141 141 255]","""""","9.9","false","{breed subscribers}","0","""default""","""none""","0"
"{media 61}","{citizen 44}","[141 141 141 255]","""""","9.9","false","{breed subscribers}","0","""default""","""none""","0"
"{media 61}","{citizen 47}","[141 141 141 255]","""""","9.9","false","{breed subscribers}","0","""default""","""none""","0"
"{media 62}","{citizen 0}","[141 141 141 255]","""""","9.9","false","{breed subscribers}","0","""default""","""none""","0"
"{media 62}","{citizen 3}","[141 141 141 255]","""""","9.9","false","{breed subscribers}","0","""default""","""none""","0"
"{media 62}","{citizen 5}","[141 141 141 255]","""""","9.9","false","{breed subscribers}","0","""default""","""none""","0"
"{media 62}","{citizen 6}","[141 141 141 255]","""""","9.9","false","{breed subscribers}","0","""default""","""none""","0"
"{media 62}","{citizen 7}","[141 141 141 255]","""""","9.9","false","{breed subscribers}","0","""default""","""none""","0"
"{media 62}","{citizen 8}","[141 141 141 255]","""""","9.9","false","{breed subscribers}","0","""default""","""none""","0"
"{media 62}","{citizen 9}","[141 141 141 255]","""""","9.9","false","{breed subscribers}","0","""default""","""none""","0"
"{media 62}","{citizen 10}","[141 141 141 255]","""""","9.9","false","{breed subscribers}","0","""default""","""none""","0"
"{media 62}","{citizen 12}","[141 141 141 255]","""""","9.9","false","{breed subscribers}","0","""default""","""none""","0"
"{media 62}","{citizen 14}","[141 141 141 255]","""""","9.9","false","{breed subscribers}","0","""default""","""none""","0"
"{media 62}","{citizen 15}","[141 141 141 255]","""""","9.9","false","{breed subscribers}","0","""default""","""none""","0"
"{media 62}","{citizen 16}","[141 141 141 255]","""""","9.9","false","{breed subscribers}","0","""default""","""none""","0"
"{media 62}","{citizen 17}","[141 141 141 255]","""""","9.9","false","{breed subscribers}","0","""default""","""none""","0"
"{media 62}","{citizen 18}","[141 141 141 255]","""""","9.9","false","{breed subscribers}","0","""default""","""none""","0"
"{media 62}","{citizen 20}","[141 141 141 255]","""""","9.9","false","{breed subscribers}","0","""default""","""none""","0"
"{media 62}","{citizen 21}","[141 141 141 255]","""""","9.9","false","{breed subscribers}","0","""default""","""none""","0"
"{media 62}","{citizen 22}","[141 141 141 255]","""""","9.9","false","{breed subscribers}","0","""default""","""none""","0"
"{media 62}","{citizen 23}","[141 141 141 255]","""""","9.9","false","{breed subscribers}","0","""default""","""none""","0"
"{media 62}","{citizen 24}","[141 141 141 255]","""""","9.9","false","{breed subscribers}","0","""default""","""none""","0"
"{media 62}","{citizen 25}","[141 141 141 255]","""""","9.9","false","{breed subscribers}","0","""default""","""none""","0"
"{media 62}","{citizen 26}","[141 141 141 255]","""""","9.9","false","{breed subscribers}","0","""default""","""none""","0"
"{media 62}","{citizen 27}","[141 141 141 255]","""""","9.9","false","{breed subscribers}","0","""default""","""none""","0"
"{media 62}","{citizen 30}","[141 141 141 255]","""""","9.9","false","{breed subscribers}","0","""default""","""none""","0"
"{media 62}","{citizen 31}","[141 141 141 255]","""""","9.9","false","{breed subscribers}","0","""default""","""none""","0"
"{media 62}","{citizen 32}","[141 141 141 255]","""""","9.9","false","{breed subscribers}","0","""default""","""none""","0"
"{media 62}","{citizen 33}","[141 141 141 255]","""""","9.9","false","{breed subscribers}","0","""default""","""none""","0"
"{media 62}","{citizen 35}","[141 141 141 255]","""""","9.9","false","{breed subscribers}","0","""default""","""none""","0"
"{media 62}","{citizen 36}","[141 141 141 255]","""""","9.9","false","{breed subscribers}","0","""default""","""none""","0"
"{media 62}","{citizen 38}","[141 141 141 255]","""""","9.9","false","{breed subscribers}","0","""default""","""none""","0"
"{media 62}","{citizen 39}","[141 141 141 255]","""""","9.9","false","{breed subscribers}","0","""default""","""none""","0"
"{media 62}","{citizen 40}","[141 141 141 255]","""""","9.9","false","{breed subscribers}","0","""default""","""none""","0"
"{media 62}","{citizen 42}","[141 141 141 255]","""""","9.9","false","{breed subscribers}","0","""default""","""none""","0"
"{media 62}","{citizen 43}","[141 141 141 255]","""""","9.9","false","{breed subscribers}","0","""default""","""none""","0"
"{media 62}","{citizen 45}","[141 141 141 255]","""""","9.9","false","{breed subscribers}","0","""default""","""none""","0"
"{media 62}","{citizen 46}","[141 141 141 255]","""""","9.9","false","{breed subscribers}","0","""default""","""none""","0"
"{media 62}","{citizen 48}","[141 141 141 255]","""""","9.9","false","{breed subscribers}","0","""default""","""none""","0"
"{media 62}","{citizen 49}","[141 141 141 255]","""""","9.9","false","{breed subscribers}","0","""default""","""none""","0"
"{media 63}","{citizen 0}","[141 141 141 255]","""""","9.9","false","{breed subscribers}","0","""default""","""none""","0"
"{media 63}","{citizen 3}","[141 141 141 255]","""""","9.9","false","{breed subscribers}","0","""default""","""none""","0"
"{media 63}","{citizen 5}","[141 141 141 255]","""""","9.9","false","{breed subscribers}","0","""default""","""none""","0"
"{media 63}","{citizen 6}","[141 141 141 255]","""""","9.9","false","{breed subscribers}","0","""default""","""none""","0"
"{media 63}","{citizen 7}","[141 141 141 255]","""""","9.9","false","{breed subscribers}","0","""default""","""none""","0"
"{media 63}","{citizen 8}","[141 141 141 255]","""""","9.9","false","{breed subscribers}","0","""default""","""none""","0"
"{media 63}","{citizen 9}","[141 141 141 255]","""""","9.9","false","{breed subscribers}","0","""default""","""none""","0"
"{media 63}","{citizen 10}","[141 141 141 255]","""""","9.9","false","{breed subscribers}","0","""default""","""none""","0"
"{media 63}","{citizen 12}","[141 141 141 255]","""""","9.9","false","{breed subscribers}","0","""default""","""none""","0"
"{media 63}","{citizen 14}","[141 141 141 255]","""""","9.9","false","{breed subscribers}","0","""default""","""none""","0"
"{media 63}","{citizen 15}","[141 141 141 255]","""""","9.9","false","{breed subscribers}","0","""default""","""none""","0"
"{media 63}","{citizen 16}","[141 141 141 255]","""""","9.9","false","{breed subscribers}","0","""default""","""none""","0"
"{media 63}","{citizen 17}","[141 141 141 255]","""""","9.9","false","{breed subscribers}","0","""default""","""none""","0"
"{media 63}","{citizen 18}","[141 141 141 255]","""""","9.9","false","{breed subscribers}","0","""default""","""none""","0"
"{media 63}","{citizen 20}","[141 141 141 255]","""""","9.9","false","{breed subscribers}","0","""default""","""none""","0"
"{media 63}","{citizen 21}","[141 141 141 255]","""""","9.9","false","{breed subscribers}","0","""default""","""none""","0"
"{media 63}","{citizen 22}","[141 141 141 255]","""""","9.9","false","{breed subscribers}","0","""default""","""none""","0"
"{media 63}","{citizen 23}","[141 141 141 255]","""""","9.9","false","{breed subscribers}","0","""default""","""none""","0"
"{media 63}","{citizen 24}","[141 141 141 255]","""""","9.9","false","{breed subscribers}","0","""default""","""none""","0"
"{media 63}","{citizen 25}","[141 141 141 255]","""""","9.9","false","{breed subscribers}","0","""default""","""none""","0"
"{media 63}","{citizen 26}","[141 141 141 255]","""""","9.9","false","{breed subscribers}","0","""default""","""none""","0"
"{media 63}","{citizen 27}","[141 141 141 255]","""""","9.9","false","{breed subscribers}","0","""default""","""none""","0"
"{media 63}","{citizen 30}","[141 141 141 255]","""""","9.9","false","{breed subscribers}","0","""default""","""none""","0"
"{media 63}","{citizen 31}","[141 141 141 255]","""""","9.9","false","{breed subscribers}","0","""default""","""none""","0"
"{media 63}","{citizen 32}","[141 141 141 255]","""""","9.9","false","{breed subscribers}","0","""default""","""none""","0"
"{media 63}","{citizen 33}","[141 141 141 255]","""""","9.9","false","{breed subscribers}","0","""default""","""none""","0"
"{media 63}","{citizen 35}","[141 141 141 255]","""""","9.9","false","{breed subscribers}","0","""default""","""none""","0"
"{media 63}","{citizen 36}","[141 141 141 255]","""""","9.9","false","{breed subscribers}","0","""default""","""none""","0"
"{media 63}","{citizen 38}","[141 141 141 255]","""""","9.9","false","{breed subscribers}","0","""default""","""none""","0"
"{media 63}","{citizen 39}","[141 141 141 255]","""""","9.9","false","{breed subscribers}","0","""default""","""none""","0"
"{media 63}","{citizen 40}","[141 141 141 255]","""""","9.9","false","{breed subscribers}","0","""default""","""none""","0"
"{media 63}","{citizen 42}","[141 141 141 255]","""""","9.9","false","{breed subscribers}","0","""default""","""none""","0"
"{media 63}","{citizen 43}","[141 141 141 255]","""""","9.9","false","{breed subscribers}","0","""default""","""none""","0"
"{media 63}","{citizen 45}","[141 141 141 255]","""""","9.9","false","{breed subscribers}","0","""default""","""none""","0"
"{media 63}","{citizen 46}","[141 141 141 255]","""""","9.9","false","{breed subscribers}","0","""default""","""none""","0"
"{media 63}","{citizen 48}","[141 141 141 255]","""""","9.9","false","{breed subscribers}","0","""default""","""none""","0"
"{media 63}","{citizen 49}","[141 141 141 255]","""""","9.9","false","{breed subscribers}","0","""default""","""none""","0"
"{media 64}","{citizen 1}","[141 141 141 255]","""""","9.9","false","{breed subscribers}","0","""default""","""none""","0"
"{media 64}","{citizen 2}","[141 141 141 255]","""""","9.9","false","{breed subscribers}","0","""default""","""none""","0"
"{media 64}","{citizen 4}","[141 141 141 255]","""""","9.9","false","{breed subscribers}","0","""default""","""none""","0"
"{media 64}","{citizen 7}","[141 141 141 255]","""""","9.9","false","{breed subscribers}","0","""default""","""none""","0"
"{media 64}","{citizen 11}","[141 141 141 255]","""""","9.9","false","{breed subscribers}","0","""default""","""none""","0"
"{media 64}","{citizen 13}","[141 141 141 255]","""""","9.9","false","{breed subscribers}","0","""default""","""none""","0"
"{media 64}","{citizen 19}","[141 141 141 255]","""""","9.9","false","{breed subscribers}","0","""default""","""none""","0"
"{media 64}","{citizen 23}","[141 141 141 255]","""""","9.9","false","{breed subscribers}","0","""default""","""none""","0"
"{media 64}","{citizen 28}","[141 141 141 255]","""""","9.9","false","{breed subscribers}","0","""default""","""none""","0"
"{media 64}","{citizen 29}","[141 141 141 255]","""""","9.9","false","{breed subscribers}","0","""default""","""none""","0"
"{media 64}","{citizen 34}","[141 141 141 255]","""""","9.9","false","{breed subscribers}","0","""default""","""none""","0"
"{media 64}","{citizen 37}","[141 141 141 255]","""""","9.9","false","{breed subscribers}","0","""default""","""none""","0"
"{media 64}","{citizen 38}","[141 141 141 255]","""""","9.9","false","{breed subscribers}","0","""default""","""none""","0"
"{media 64}","{citizen 41}","[141 141 141 255]","""""","9.9","false","{breed subscribers}","0","""default""","""none""","0"
"{media 64}","{citizen 44}","[141 141 141 255]","""""","9.9","false","{breed subscribers}","0","""default""","""none""","0"
"{media 64}","{citizen 47}","[141 141 141 255]","""""","9.9","false","{breed subscribers}","0","""default""","""none""","0"


"PLOTS"
"fragmentation"
"""cit-a-histogram"""
"x min","x max","y min","y max","autoplot?","current pen","legend open?","number of pens"
"-1","8","0","50","true","""default""","false","1"

"pen name","pen down?","mode","interval","color","x"
"""default""","true","1","1","0","6"

"""default"""
"x","y","color","pen down?"
"1","34","0","true"
"3","3","0","true"
"6","13","0","true"

"""Social Friend Degree of Nodes"""
"x min","x max","y min","y max","autoplot?","current pen","legend open?","number of pens"
"0","71","0","50","true","""default""","false","1"

"pen name","pen down?","mode","interval","color","x"
"""default""","true","1","1","0","70"

"""default"""
"x","y","color","pen down?"
"2","2","0","true"
"6","5","0","true"
"8","1","0","true"
"10","1","0","true"
"16","1","0","true"
"20","1","0","true"
"22","2","0","true"
"26","1","0","true"
"30","1","0","true"
"36","2","0","true"
"38","2","0","true"
"40","1","0","true"
"42","4","0","true"
"44","1","0","true"
"46","1","0","true"
"48","1","0","true"
"50","4","0","true"
"52","3","0","true"
"54","3","0","true"
"56","2","0","true"
"60","2","0","true"
"62","3","0","true"
"64","3","0","true"
"66","1","0","true"
"70","2","0","true"

"""percent-agent-beliefs"""
"x min","x max","y min","y max","autoplot?","current pen","legend open?","number of pens"
"0","116","0","1","true","""6""","false","7"

"pen name","pen down?","mode","interval","color","x"
"""0""","true","0","1","14.9","100"
"""1""","true","0","1","14.6","100"
"""2""","true","0","1","124.7","100"
"""3""","true","0","1","124.3","100"
"""4""","true","0","1","113.5","100"
"""5""","true","0","1","104.5","100"
"""6""","true","0","1","104.7","100"

"""0""",,,,"""1""",,,,"""2""",,,,"""3""",,,,"""4""",,,,"""5""",,,,"""6"""
"x","y","color","pen down?","x","y","color","pen down?","x","y","color","pen down?","x","y","color","pen down?","x","y","color","pen down?","x","y","color","pen down?","x","y","color","pen down?"
"0","0","14.9","true","0","0.08","14.6","true","0","0.22","124.7","true","0","0.38","124.3","true","0","0.26","113.5","true","0","0.06","104.5","true","0","0","104.7","true"
"1","0","14.9","true","1","0.02","14.6","true","1","0.14","124.7","true","1","0","124.3","true","1","0.84","113.5","true","1","0","104.5","true","1","0","104.7","true"
"2","0","14.9","true","2","0.02","14.6","true","2","0.14","124.7","true","2","0","124.3","true","2","0.82","113.5","true","2","0.02","104.5","true","2","0","104.7","true"
"3","0","14.9","true","3","0.18","14.6","true","3","0","124.7","true","3","0.02","124.3","true","3","0.36","113.5","true","3","0","104.5","true","3","0.44","104.7","true"
"4","0.04","14.9","true","4","0","14.6","true","4","0.24","124.7","true","4","0","124.3","true","4","0","113.5","true","4","0","104.5","true","4","0.72","104.7","true"
"5","0","14.9","true","5","0.64","14.6","true","5","0","124.7","true","5","0","124.3","true","5","0","113.5","true","5","0.36","104.5","true","5","0","104.7","true"
"6","0","14.9","true","6","0","14.6","true","6","0.88","124.7","true","6","0","124.3","true","6","0","113.5","true","6","0.12","104.5","true","6","0","104.7","true"
"7","0","14.9","true","7","0.76","14.6","true","7","0","124.7","true","7","0.2","124.3","true","7","0","113.5","true","7","0","104.5","true","7","0.04","104.7","true"
"8","0.26","14.9","true","8","0","14.6","true","8","0.48","124.7","true","8","0","124.3","true","8","0.24","113.5","true","8","0","104.5","true","8","0.02","104.7","true"
"9","0","14.9","true","9","0.88","14.6","true","9","0","124.7","true","9","0","124.3","true","9","0.12","113.5","true","9","0","104.5","true","9","0","104.7","true"
"10","0","14.9","true","10","0.02","14.6","true","10","0.94","124.7","true","10","0","124.3","true","10","0","113.5","true","10","0","104.5","true","10","0.04","104.7","true"
"11","0","14.9","true","11","0.52","14.6","true","11","0","124.7","true","11","0.44","124.3","true","11","0.02","113.5","true","11","0","104.5","true","11","0.02","104.7","true"
"12","0","14.9","true","12","0.88","14.6","true","12","0","124.7","true","12","0","124.3","true","12","0","113.5","true","12","0.12","104.5","true","12","0","104.7","true"
"13","0","14.9","true","13","0.46","14.6","true","13","0","124.7","true","13","0.1","124.3","true","13","0","113.5","true","13","0","104.5","true","13","0.44","104.7","true"
"14","0","14.9","true","14","0","14.6","true","14","0","124.7","true","14","0.8","124.3","true","14","0","113.5","true","14","0.2","104.5","true","14","0","104.7","true"
"15","0","14.9","true","15","0.34","14.6","true","15","0","124.7","true","15","0","124.3","true","15","0","113.5","true","15","0","104.5","true","15","0.66","104.7","true"
"16","0","14.9","true","16","0","14.6","true","16","0.44","124.7","true","16","0","124.3","true","16","0.46","113.5","true","16","0","104.5","true","16","0.1","104.7","true"
"17","0","14.9","true","17","0","14.6","true","17","0.04","124.7","true","17","0","124.3","true","17","0.32","113.5","true","17","0","104.5","true","17","0.64","104.7","true"
"18","0","14.9","true","18","0","14.6","true","18","0.22","124.7","true","18","0","124.3","true","18","0.32","113.5","true","18","0","104.5","true","18","0.46","104.7","true"
"19","0","14.9","true","19","0.78","14.6","true","19","0.02","124.7","true","19","0","124.3","true","19","0.04","113.5","true","19","0","104.5","true","19","0.16","104.7","true"
"20","0","14.9","true","20","0.38","14.6","true","20","0","124.7","true","20","0","124.3","true","20","0.32","113.5","true","20","0","104.5","true","20","0.3","104.7","true"
"21","0","14.9","true","21","0.78","14.6","true","21","0.02","124.7","true","21","0","124.3","true","21","0.1","113.5","true","21","0","104.5","true","21","0.1","104.7","true"
"22","0","14.9","true","22","0.74","14.6","true","22","0","124.7","true","22","0","124.3","true","22","0","113.5","true","22","0","104.5","true","22","0.26","104.7","true"
"23","0.1","14.9","true","23","0","14.6","true","23","0.06","124.7","true","23","0","124.3","true","23","0","113.5","true","23","0.82","104.5","true","23","0.02","104.7","true"
"24","0.04","14.9","true","24","0.24","14.6","true","24","0","124.7","true","24","0","124.3","true","24","0","113.5","true","24","0","104.5","true","24","0.72","104.7","true"
"25","0","14.9","true","25","0","14.6","true","25","0.22","124.7","true","25","0","124.3","true","25","0","113.5","true","25","0.78","104.5","true","25","0","104.7","true"
"26","0","14.9","true","26","0","14.6","true","26","0.02","124.7","true","26","0.72","124.3","true","26","0","113.5","true","26","0","104.5","true","26","0.26","104.7","true"
"27","0","14.9","true","27","0","14.6","true","27","0.04","124.7","true","27","0","124.3","true","27","0","113.5","true","27","0.9","104.5","true","27","0.06","104.7","true"
"28","0","14.9","true","28","0.62","14.6","true","28","0.06","124.7","true","28","0","124.3","true","28","0","113.5","true","28","0.32","104.5","true","28","0","104.7","true"
"29","0","14.9","true","29","0","14.6","true","29","0.54","124.7","true","29","0","124.3","true","29","0.22","113.5","true","29","0","104.5","true","29","0.24","104.7","true"
"30","0.3","14.9","true","30","0","14.6","true","30","0.18","124.7","true","30","0","124.3","true","30","0","113.5","true","30","0.52","104.5","true","30","0","104.7","true"
"31","0","14.9","true","31","0.34","14.6","true","31","0","124.7","true","31","0","124.3","true","31","0","113.5","true","31","0","104.5","true","31","0.66","104.7","true"
"32","0","14.9","true","32","0.54","14.6","true","32","0","124.7","true","32","0","124.3","true","32","0.02","113.5","true","32","0","104.5","true","32","0.44","104.7","true"
"33","0","14.9","true","33","0.32","14.6","true","33","0.12","124.7","true","33","0","124.3","true","33","0.56","113.5","true","33","0","104.5","true","33","0","104.7","true"
"34","0","14.9","true","34","0.38","14.6","true","34","0","124.7","true","34","0","124.3","true","34","0.02","113.5","true","34","0.58","104.5","true","34","0.02","104.7","true"
"35","0.18","14.9","true","35","0","14.6","true","35","0.4","124.7","true","35","0","124.3","true","35","0.16","113.5","true","35","0","104.5","true","35","0.26","104.7","true"
"36","0","14.9","true","36","0.36","14.6","true","36","0","124.7","true","36","0.3","124.3","true","36","0","113.5","true","36","0.34","104.5","true","36","0","104.7","true"
"37","0","14.9","true","37","0.3","14.6","true","37","0","124.7","true","37","0","124.3","true","37","0.68","113.5","true","37","0","104.5","true","37","0.02","104.7","true"
"38","0","14.9","true","38","0","14.6","true","38","0.72","124.7","true","38","0","124.3","true","38","0.28","113.5","true","38","0","104.5","true","38","0","104.7","true"
"39","0.34","14.9","true","39","0","14.6","true","39","0.22","124.7","true","39","0","124.3","true","39","0","113.5","true","39","0.44","104.5","true","39","0","104.7","true"
"40","0","14.9","true","40","0","14.6","true","40","0.42","124.7","true","40","0","124.3","true","40","0.02","113.5","true","40","0","104.5","true","40","0.56","104.7","true"
"41","0","14.9","true","41","0","14.6","true","41","0.7","124.7","true","41","0","124.3","true","41","0.28","113.5","true","41","0","104.5","true","41","0.02","104.7","true"
"42","0","14.9","true","42","0.62","14.6","true","42","0.06","124.7","true","42","0","124.3","true","42","0","113.5","true","42","0.32","104.5","true","42","0","104.7","true"
"43","0","14.9","true","43","0","14.6","true","43","0.8","124.7","true","43","0","124.3","true","43","0","113.5","true","43","0","104.5","true","43","0.2","104.7","true"
"44","0","14.9","true","44","0.86","14.6","true","44","0.02","124.7","true","44","0","124.3","true","44","0.08","113.5","true","44","0","104.5","true","44","0.04","104.7","true"
"45","0","14.9","true","45","0.24","14.6","true","45","0","124.7","true","45","0","124.3","true","45","0.76","113.5","true","45","0","104.5","true","45","0","104.7","true"
"46","0","14.9","true","46","0","14.6","true","46","0.02","124.7","true","46","0.82","124.3","true","46","0","113.5","true","46","0","104.5","true","46","0.16","104.7","true"
"47","0","14.9","true","47","0","14.6","true","47","0.16","124.7","true","47","0","124.3","true","47","0.58","113.5","true","47","0","104.5","true","47","0.26","104.7","true"
"48","0.46","14.9","true","48","0","14.6","true","48","0.26","124.7","true","48","0","124.3","true","48","0.08","113.5","true","48","0","104.5","true","48","0.2","104.7","true"
"49","0","14.9","true","49","0.72","14.6","true","49","0","124.7","true","49","0","124.3","true","49","0","113.5","true","49","0.28","104.5","true","49","0","104.7","true"
"50","0.02","14.9","true","50","0.36","14.6","true","50","0","124.7","true","50","0.6","124.3","true","50","0.02","113.5","true","50","0","104.5","true","50","0","104.7","true"
"51","0","14.9","true","51","0","14.6","true","51","0","124.7","true","51","0.52","124.3","true","51","0","113.5","true","51","0.48","104.5","true","51","0","104.7","true"
"52","0","14.9","true","52","0.02","14.6","true","52","0.1","124.7","true","52","0","124.3","true","52","0","113.5","true","52","0.86","104.5","true","52","0.02","104.7","true"
"53","0","14.9","true","53","0.36","14.6","true","53","0","124.7","true","53","0","124.3","true","53","0.36","113.5","true","53","0","104.5","true","53","0.28","104.7","true"
"54","0.02","14.9","true","54","0","14.6","true","54","0.34","124.7","true","54","0.02","124.3","true","54","0","113.5","true","54","0","104.5","true","54","0.62","104.7","true"
"55","0","14.9","true","55","0.12","14.6","true","55","0","124.7","true","55","0","124.3","true","55","0","113.5","true","55","0.88","104.5","true","55","0","104.7","true"
"56","0","14.9","true","56","0.56","14.6","true","56","0","124.7","true","56","0","124.3","true","56","0","113.5","true","56","0.44","104.5","true","56","0","104.7","true"
"57","0","14.9","true","57","0.38","14.6","true","57","0","124.7","true","57","0","124.3","true","57","0.3","113.5","true","57","0.02","104.5","true","57","0.3","104.7","true"
"58","0","14.9","true","58","0","14.6","true","58","0.78","124.7","true","58","0","124.3","true","58","0","113.5","true","58","0.2","104.5","true","58","0.02","104.7","true"
"59","0","14.9","true","59","0.02","14.6","true","59","0.76","124.7","true","59","0","124.3","true","59","0","113.5","true","59","0","104.5","true","59","0.22","104.7","true"
"60","0.44","14.9","true","60","0.02","14.6","true","60","0","124.7","true","60","0.5","124.3","true","60","0.02","113.5","true","60","0","104.5","true","60","0.02","104.7","true"
"61","0","14.9","true","61","0","14.6","true","61","0.76","124.7","true","61","0","124.3","true","61","0","113.5","true","61","0.24","104.5","true","61","0","104.7","true"
"62","0","14.9","true","62","0.64","14.6","true","62","0.02","124.7","true","62","0","124.3","true","62","0.28","113.5","true","62","0","104.5","true","62","0.06","104.7","true"
"63","0.14","14.9","true","63","0","14.6","true","63","0.76","124.7","true","63","0","124.3","true","63","0.04","113.5","true","63","0","104.5","true","63","0.06","104.7","true"
"64","0","14.9","true","64","0.96","14.6","true","64","0","124.7","true","64","0","124.3","true","64","0","113.5","true","64","0.04","104.5","true","64","0","104.7","true"
"65","0","14.9","true","65","0","14.6","true","65","0.96","124.7","true","65","0","124.3","true","65","0.04","113.5","true","65","0","104.5","true","65","0","104.7","true"
"66","0.16","14.9","true","66","0","14.6","true","66","0.52","124.7","true","66","0","124.3","true","66","0.12","113.5","true","66","0","104.5","true","66","0.2","104.7","true"
"67","0","14.9","true","67","0.12","14.6","true","67","0","124.7","true","67","0.28","124.3","true","67","0","113.5","true","67","0.6","104.5","true","67","0","104.7","true"
"68","0","14.9","true","68","0.42","14.6","true","68","0.04","124.7","true","68","0","124.3","true","68","0","113.5","true","68","0.02","104.5","true","68","0.52","104.7","true"
"69","0","14.9","true","69","0.36","14.6","true","69","0","124.7","true","69","0","124.3","true","69","0.06","113.5","true","69","0","104.5","true","69","0.58","104.7","true"
"70","0","14.9","true","70","0.44","14.6","true","70","0","124.7","true","70","0","124.3","true","70","0.02","113.5","true","70","0.54","104.5","true","70","0","104.7","true"
"71","0","14.9","true","71","0.64","14.6","true","71","0.02","124.7","true","71","0","124.3","true","71","0.02","113.5","true","71","0.32","104.5","true","71","0","104.7","true"
"72","0","14.9","true","72","0.56","14.6","true","72","0","124.7","true","72","0","124.3","true","72","0","113.5","true","72","0","104.5","true","72","0.44","104.7","true"
"73","0.58","14.9","true","73","0","14.6","true","73","0","124.7","true","73","0","124.3","true","73","0","113.5","true","73","0.42","104.5","true","73","0","104.7","true"
"74","0","14.9","true","74","0.54","14.6","true","74","0.04","124.7","true","74","0","124.3","true","74","0.42","113.5","true","74","0","104.5","true","74","0","104.7","true"
"75","0","14.9","true","75","0","14.6","true","75","0.7","124.7","true","75","0","124.3","true","75","0.2","113.5","true","75","0","104.5","true","75","0.1","104.7","true"
"76","0","14.9","true","76","0","14.6","true","76","0.02","124.7","true","76","0","124.3","true","76","0","113.5","true","76","0.02","104.5","true","76","0.96","104.7","true"
"77","0","14.9","true","77","0","14.6","true","77","0.02","124.7","true","77","0","124.3","true","77","0.98","113.5","true","77","0","104.5","true","77","0","104.7","true"
"78","0","14.9","true","78","0","14.6","true","78","0.5","124.7","true","78","0","124.3","true","78","0","113.5","true","78","0.02","104.5","true","78","0.48","104.7","true"
"79","0","14.9","true","79","0.56","14.6","true","79","0","124.7","true","79","0","124.3","true","79","0.4","113.5","true","79","0","104.5","true","79","0.04","104.7","true"
"80","0","14.9","true","80","0.44","14.6","true","80","0","124.7","true","80","0","124.3","true","80","0.54","113.5","true","80","0.02","104.5","true","80","0","104.7","true"
"81","0","14.9","true","81","0.82","14.6","true","81","0.02","124.7","true","81","0","124.3","true","81","0.16","113.5","true","81","0","104.5","true","81","0","104.7","true"
"82","0","14.9","true","82","0.86","14.6","true","82","0","124.7","true","82","0","124.3","true","82","0.08","113.5","true","82","0","104.5","true","82","0.06","104.7","true"
"83","0.06","14.9","true","83","0","14.6","true","83","0.06","124.7","true","83","0.86","124.3","true","83","0.02","113.5","true","83","0","104.5","true","83","0","104.7","true"
"84","0","14.9","true","84","1","14.6","true","84","0","124.7","true","84","0","124.3","true","84","0","113.5","true","84","0","104.5","true","84","0","104.7","true"
"85","0","14.9","true","85","0.04","14.6","true","85","0.96","124.7","true","85","0","124.3","true","85","0","113.5","true","85","0","104.5","true","85","0","104.7","true"
"86","0","14.9","true","86","0","14.6","true","86","0.98","124.7","true","86","0","124.3","true","86","0.02","113.5","true","86","0","104.5","true","86","0","104.7","true"
"87","0.02","14.9","true","87","0.68","14.6","true","87","0","124.7","true","87","0","124.3","true","87","0","113.5","true","87","0.3","104.5","true","87","0","104.7","true"
"88","0.06","14.9","true","88","0","14.6","true","88","0.32","124.7","true","88","0","124.3","true","88","0.46","113.5","true","88","0","104.5","true","88","0.16","104.7","true"
"89","0","14.9","true","89","0","14.6","true","89","0.58","124.7","true","89","0","124.3","true","89","0.02","113.5","true","89","0","104.5","true","89","0.4","104.7","true"
"90","0","14.9","true","90","0.7","14.6","true","90","0.02","124.7","true","90","0","124.3","true","90","0.04","113.5","true","90","0","104.5","true","90","0.24","104.7","true"
"91","0","14.9","true","91","0","14.6","true","91","0.42","124.7","true","91","0","124.3","true","91","0","113.5","true","91","0","104.5","true","91","0.58","104.7","true"
"92","0","14.9","true","92","0.58","14.6","true","92","0","124.7","true","92","0","124.3","true","92","0","113.5","true","92","0.4","104.5","true","92","0.02","104.7","true"
"93","0.12","14.9","true","93","0","14.6","true","93","0.2","124.7","true","93","0.06","124.3","true","93","0","113.5","true","93","0.62","104.5","true","93","0","104.7","true"
"94","0","14.9","true","94","0","14.6","true","94","0","124.7","true","94","0.92","124.3","true","94","0","113.5","true","94","0","104.5","true","94","0.08","104.7","true"
"95","0","14.9","true","95","0","14.6","true","95","0.4","124.7","true","95","0","124.3","true","95","0.56","113.5","true","95","0","104.5","true","95","0.04","104.7","true"
"96","0.4","14.9","true","96","0","14.6","true","96","0.12","124.7","true","96","0","124.3","true","96","0","113.5","true","96","0.48","104.5","true","96","0","104.7","true"
"97","0","14.9","true","97","0.22","14.6","true","97","0","124.7","true","97","0","124.3","true","97","0.02","113.5","true","97","0.76","104.5","true","97","0","104.7","true"
"98","0","14.9","true","98","0.38","14.6","true","98","0","124.7","true","98","0","124.3","true","98","0.02","113.5","true","98","0.6","104.5","true","98","0","104.7","true"
"99","0","14.9","true","99","0.34","14.6","true","99","0","124.7","true","99","0.12","124.3","true","99","0","113.5","true","99","0.54","104.5","true","99","0","104.7","true"
"100","0","14.9","true","100","0.68","14.6","true","100","0","124.7","true","100","0.06","124.3","true","100","0","113.5","true","100","0","104.5","true","100","0.26","104.7","true"

"""polarization"""
"x min","x max","y min","y max","autoplot?","current pen","legend open?","number of pens"
"0","116","0","10","true","""0""","false","1"

"pen name","pen down?","mode","interval","color","x"
"""0""","true","0","1","0","100"

"""0"""
"x","y","color","pen down?"
"0","1.4444444444444444","0","true"
"1","0.867222222222222","0","true"
"2","0.9133333333333333","0","true"
"3","4.58","0","true"
"4","5.333333333333334","0","true"
"5","5.120000000000001","0","true"
"6","1.3200000000000005","0","true"
"7","2.0000000000000004","0","true"
"8","3.2199999999999998","0","true"
"9","1.3199999999999998","0","true"
"10","0.8894444444444445","0","true"
"11","1.886666666666667","0","true"
"12","2.346666666666667","0","true"
"13","7.833333333333334","0","true"
"14","0.8888888888888891","0","true"
"15","7.791666666666667","0","true"
"16","2.3577777777777778","0","true"
"17","1.7777777777777781","0","true"
"18","3.4577777777777787","0","true"
"19","4.856111111111112","0","true"
"20","6.011666666666667","0","true"
"21","3.8161111111111112","0","true"
"22","6.680555555555557","0","true"
"23","3.6450000000000005","0","true"
"24","7.453333333333334","0","true"
"25","2.145","0","true"
"26","2.4755555555555557","0","true"
"27","0.5783333333333334","0","true"
"28","4.700555555555555","0","true"
"29","3.8333333333333335","0","true"
"30","6.886666666666667","0","true"
"31","7.791666666666667","0","true"
"32","8.43388888888889","0","true"
"33","2.666666666666666","0","true"
"34","5.291111111111113","0","true"
"35","6.277777777777779","0","true"
"36","3.886666666666667","0","true"
"37","2.8338888888888887","0","true"
"38","1.1199999999999997","0","true"
"39","6.82","0","true"
"40","5.335555555555556","0","true"
"41","1.431111111111111","0","true"
"42","4.700555555555556","0","true"
"43","3.5555555555555562","0","true"
"44","2.1227777777777774","0","true"
"45","2.2800000000000002","0","true"
"46","1.733888888888889","0","true"
"47","2.277777777777778","0","true"
"48","7.442222222222221","0","true"
"49","4.480000000000002","0","true"
"50","1.4755555555555557","0","true"
"51","1.3866666666666672","0","true"
"52","1.5422222222222226","0","true"
"53","5.68","0","true"
"54","5.511666666666667","0","true"
"55","2.3466666666666676","0","true"
"56","5.475555555555556","0","true"
"57","6.06888888888889","0","true"
"58","2.302222222222223","0","true"
"59","3.889444444444445","0","true"
"60","3.6133333333333337","0","true"
"61","2.280000000000001","0","true"
"62","3.742222222222222","0","true"
"63","2.3311111111111114","0","true"
"64","0.8533333333333335","0","true"
"65","0.21333333333333335","0","true"
"66","5.279999999999999","0","true"
"67","2.7200000000000006","0","true"
"68","8.28","0","true"
"69","7.713333333333333","0","true"
"70","5.405000000000001","0","true"
"71","4.82","0","true"
"72","8.555555555555557","0","true"
"73","8.458333333333334","0","true"
"74","2.9583333333333326","0","true"
"75","2.4444444444444446","0","true"
"76","0.45833333333333326","0","true"
"77","0.10888888888888888","0","true"
"78","5.471666666666668","0","true"
"79","3.6666666666666665","0","true"
"80","3.180555555555555","0","true"
"81","1.6805555555555556","0","true"
"82","2.6783333333333337","0","true"
"83","0.793888888888889","0","true"
"84","3.8518598887744717E-32","0","true"
"85","0.05333333333333332","0","true"
"86","0.10888888888888888","0","true"
"87","4.760555555555557","0","true"
"88","3.5644444444444443","0","true"
"89","5.264444444444445","0","true"
"90","6.367222222222222","0","true"
"91","5.413333333333333","0","true"
"92","5.569444444444445","0","true"
"93","4.58","0","true"
"94","0.9200000000000002","0","true"
"95","1.7244444444444442","0","true"
"96","7.653333333333334","0","true"
"97","3.791666666666667","0","true"
"98","5.178333333333335","0","true"
"99","4.666666666666667","0","true"
"100","6.560555555555556","0","true"

"""media-a-histogram"""
"x min","x max","y min","y max","autoplot?","current pen","legend open?","number of pens"
"-1","8","0","10","true","""default""","false","1"

"pen name","pen down?","mode","interval","color","x"
"""default""","true","1","1","0","6"

"""default"""
"x","y","color","pen down?"
"0","1","0","true"
"1","3","0","true"
"2","4","0","true"
"3","1","0","true"
"4","2","0","true"
"5","2","0","true"
"6","2","0","true"

"""homophily"""
"x min","x max","y min","y max","autoplot?","current pen","legend open?","number of pens"
"0","116","0","1","true","""default""","false","1"

"pen name","pen down?","mode","interval","color","x"
"""default""","true","0","1","0","100"

"""default"""
"x","y","color","pen down?"
"0","0.479960742706759","0","true"
"1","0.6348258314411028","0","true"
"2","0.6271800442231339","0","true"
"3","0.34051556164576263","0","true"
"4","0.3600166467353722","0","true"
"5","0.3477080825224589","0","true"
"6","0.598490761579615","0","true"
"7","0.4955960528040053","0","true"
"8","0.3729090149083334","0","true"
"9","0.5977536719503049","0","true"
"10","0.7398709422303614","0","true"
"11","0.4714084661096592","0","true"
"12","0.5385224914729325","0","true"
"13","0.2886148936488564","0","true"
"14","0.6460314585005653","0","true"
"15","0.43614092682542427","0","true"
"16","0.4228338353081326","0","true"
"17","0.5272895754757952","0","true"
"18","0.35867919202223425","0","true"
"19","0.4394005633620835","0","true"
"20","0.3378728013364678","0","true"
"21","0.430842796184114","0","true"
"22","0.34328782475143155","0","true"
"23","0.5867055647064453","0","true"
"24","0.39396432518840246","0","true"
"25","0.47389921760579273","0","true"
"26","0.44078562221273765","0","true"
"27","0.7735676200247436","0","true"
"28","0.3660485319936881","0","true"
"29","0.3715466079273691","0","true"
"30","0.2949230226698422","0","true"
"31","0.278503406654814","0","true"
"32","0.3150802986547839","0","true"
"33","0.41421564166449343","0","true"
"34","0.3745144802106253","0","true"
"35","0.29411847147302717","0","true"
"36","0.34561880479376084","0","true"
"37","0.40667381950395637","0","true"
"38","0.5387001678425882","0","true"
"39","0.3088232606964292","0","true"
"40","0.33285995326932755","0","true"
"41","0.5518823539834251","0","true"
"42","0.37003085193886975","0","true"
"43","0.49826559450527297","0","true"
"44","0.5653963016444018","0","true"
"45","0.4494781724786229","0","true"
"46","0.5394247178053082","0","true"
"47","0.4739571233484302","0","true"
"48","0.3338132615955718","0","true"
"49","0.378749008206665","0","true"
"50","0.48166469046845556","0","true"
"51","0.5188453251672187","0","true"
"52","0.668456009593929","0","true"
"53","0.3171652502083981","0","true"
"54","0.328734816096509","0","true"
"55","0.5691916352553176","0","true"
"56","0.3169427926329253","0","true"
"57","0.3387593260244158","0","true"
"58","0.4419766315062188","0","true"
"59","0.41438372347968844","0","true"
"60","0.3784511562126767","0","true"
"61","0.4601769928429874","0","true"
"62","0.39458544293973613","0","true"
"63","0.5027254807414029","0","true"
"64","0.760175102863842","0","true"
"65","0.8646328376513874","0","true"
"66","0.33530708298045947","0","true"
"67","0.40303577076919367","0","true"
"68","0.2705221966566763","0","true"
"69","0.31602434814057206","0","true"
"70","0.33864060152317305","0","true"
"71","0.37723879534213156","0","true"
"72","0.345011689528199","0","true"
"73","0.35575131289175","0","true"
"74","0.42560626272362734","0","true"
"75","0.4456104344623021","0","true"
"76","0.8949514461482831","0","true"
"77","0.9531931972106557","0","true"
"78","0.32059332009031455","0","true"
"79","0.36373715993618194","0","true"
"80","0.3815372697427437","0","true"
"81","0.5223048502774841","0","true"
"82","0.5586920224849513","0","true"
"83","0.6823695543509337","0","true"
"84","1","0","true"
"85","0.9272985333543604","0","true"
"86","0.9259259259259258","0","true"
"87","0.3534759588054603","0","true"
"88","0.3877467268264587","0","true"
"89","0.3293134968933455","0","true"
"90","0.35839603262714564","0","true"
"91","0.40421359155181086","0","true"
"92","0.3785620450224612","0","true"
"93","0.34165801096538106","0","true"
"94","0.7084732334013275","0","true"
"95","0.470708631391424","0","true"
"96","0.3223044868336641","0","true"
"97","0.5177412436272254","0","true"
"98","0.4306612412464793","0","true"
"99","0.3676216724305652","0","true"
"100","0.3462087595457876","0","true"

"""fragmentation"""
"x min","x max","y min","y max","autoplot?","current pen","legend open?","number of pens"
"0","116","0","1","true","""default""","false","1"

"pen name","pen down?","mode","interval","color","x"
"""default""","true","0","1","0","100"

"""default"""
"x","y","color","pen down?"
"0","0.3651548483132006","0","true"
"1","0.4009002611636694","0","true"
"2","0.40970970618847896","0","true"
"3","0.3255722178374112","0","true"
"4","0.3247232472324723","0","true"
"5","0.319278329616866","0","true"
"6","0.4352249604340945","0","true"
"7","0.42654028436018965","0","true"
"8","0.3673094582185491","0","true"
"9","0.45213737668980647","0","true"
"10","0.4723733180647009","0","true"
"11","0.4201324053641147","0","true"
"12","0.44859014525776125","0","true"
"13","0.24889380530973446","0","true"
"14","0.40030499428135724","0","true"
"15","0.2733900364520049","0","true"
"16","0.3782668500687758","0","true"
"17","0.4068047337278107","0","true"
"18","0.34965034965034975","0","true"
"19","0.3664223850766157","0","true"
"20","0.33035237586759203","0","true"
"21","0.3572201775276034","0","true"
"22","0.32942898975109813","0","true"
"23","0.3719941543775741","0","true"
"24","0.2798072438986476","0","true"
"25","0.3877139979859013","0","true"
"26","0.3500583430571762","0","true"
"27","0.4904250350303598","0","true"
"28","0.3351809396674309","0","true"
"29","0.3555268261150614","0","true"
"30","0.28132735360473504","0","true"
"31","0.2837326607818411","0","true"
"32","0.3010948905109489","0","true"
"33","0.34913245873889126","0","true"
"34","0.29258530571575736","0","true"
"35","0.3214259624516035","0","true"
"36","0.3456221198156682","0","true"
"37","0.3537735849056603","0","true"
"38","0.4243827160493827","0","true"
"39","0.32803297370411","0","true"
"40","0.3384615384615385","0","true"
"41","0.43069694596711044","0","true"
"42","0.32973307322643575","0","true"
"43","0.3647214854111405","0","true"
"44","0.42580645161290326","0","true"
"45","0.36929274843330356","0","true"
"46","0.37917959324370915","0","true"
"47","0.3840782122905028","0","true"
"48","0.3113280973607868","0","true"
"49","0.34426229508196726","0","true"
"50","0.43197957914716767","0","true"
"51","0.3705010585744531","0","true"
"52","0.4217996786288163","0","true"
"53","0.30253025302530256","0","true"
"54","0.31911035899915385","0","true"
"55","0.4166666666666667","0","true"
"56","0.3186324094679344","0","true"
"57","0.30889235569422774","0","true"
"58","0.41882728360590354","0","true"
"59","0.3513628620102215","0","true"
"60","0.3539569888628686","0","true"
"61","0.3722684200348096","0","true"
"62","0.3992901508429459","0","true"
"63","0.4156040426938698","0","true"
"64","0.49952426260704086","0","true"
"65","0.5036630036630036","0","true"
"66","0.3224860744649663","0","true"
"67","0.37553648068669526","0","true"
"68","0.30973728199948153","0","true"
"69","0.296549245147376","0","true"
"70","0.2816821259887327","0","true"
"71","0.3616419483786125","0","true"
"72","0.2494456762749446","0","true"
"73","0.2506490018798675","0","true"
"74","0.3395993413830955","0","true"
"75","0.37593984962406013","0","true"
"76","0.4764065335753176","0","true"
"77","0.41952707856598015","0","true"
"78","0.3162477410875637","0","true"
"79","0.3598953031845282","0","true"
"80","0.3457911281872162","0","true"
"81","0.43785935426802297","0","true"
"82","0.43390603085554","0","true"
"83","0.41890133604138247","0","true"
"84","0.5625","0","true"
"85","0.5234771573604061","0","true"
"86","0.5135387488328664","0","true"
"87","0.3070362473347548","0","true"
"88","0.3486253070279693","0","true"
"89","0.3275759380583681","0","true"
"90","0.32567932100796104","0","true"
"91","0.3043718871057","0","true"
"92","0.32991202346041054","0","true"
"93","0.328125","0","true"
"94","0.3926701570680629","0","true"
"95","0.3751705320600273","0","true"
"96","0.2961082910321489","0","true"
"97","0.35058076004694644","0","true"
"98","0.308043810675296","0","true"
"99","0.30758714969241285","0","true"
"100","0.3116343490304709","0","true"

"EXTENSIONS"

