"export-world data (NetLogo 6.2.2)"
"cog-cascades-trust.nlogo"
"02/28/2023 13:57:47:629 -0500"

"RANDOM STATE"
"0 0 -1727483681 160 0.0 false 1870771558 -430195225 -943343252 -716551153 1089261406 -1169553107 228886936 1337081346 1591131308 1193363902 775203561 -1030069469 813185665 -1312993516 372012381 1039204757 439838789 590204500 1640643528 733385494 1371113454 779439960 -85706542 1824696732 -1257938030 -1064386924 -1035342564 -1886557866 -5872094 -2044962433 -1310591788 -640283269 -425588321 77959283 -401997864 -845063148 -1604536219 -921717159 749216131 -1348624551 -1404911177 1699492267 -2002514088 -20460710 1119017390 -1923039409 995262107 -1255185091 -1430297876 -2136348146 -1025908062 732884353 940923725 -1206850472 -1006779200 1049724428 1688717155 504503921 2029917178 -279161680 -1019159582 293873804 -862152664 288728042 176362993 1375422686 1048970260 665000819 1540087801 -127128537 1379654838 1483026305 -782633112 -484959846 182889696 1830404881 1913823570 1906293595 -177897980 -1245571426 974105182 189539425 919776697 1220457176 1175028016 -907618685 1481630622 1210322516 -454795360 -1805026860 1461382746 1872319290 -19391182 -1073056491 1797825799 -940844403 -1592983867 766197727 -1572133728 -610013321 1965136086 -802037487 -97184279 670071554 774561084 1706550034 -1778518189 -1550840406 1311228244 1621933266 1838885296 -1341385405 -1120105632 -1505832804 749176942 -402861935 -1249888673 1921487526 154406578 -1180607724 -2029543563 -972117249 -98799330 1438571564 1601218192 884020696 -328762210 1165831247 -1963209567 -1987288709 1092806892 -1078761174 -1094274673 -1192902260 2125277967 83270785 551108356 -1598151278 1607072451 -1798529804 1055764731 -234672942 -804231247 -1908280325 792593639 -2051097222 1665795805 -965333365 -1791828684 -1774765542 -297306239 -1533121408 -278428774 -1242036665 -742500675 1832504830 256367010 1900849756 856951818 294245955 1825483312 1694722727 918867103 864698912 -1163102966 -177169839 423040894 1254871167 731373550 -423571359 340142874 -1350962320 -668634549 -774484120 551769638 154931656 1481124558 -660820342 -598035250 2141379246 1694715998 975536800 -530394538 -339913837 362362906 1885298009 -1186918157 1897263505 414333441 -191880326 -897555110 -768597780 -570076879 -133494472 2066765836 765746183 2083815028 -922015864 -1753206142 -1216074443 151807008 1195173431 1115035862 -1982920472 1746069302 563184152 741890071 -418331790 -121514545 498818668 2000337897 -1067321897 -1355215749 -1189888665 -1305185617 -1568253879 -2039365538 -888303209 -251594848 -282665530 899849136 1594247972 -1664266889 -2114216641 763061332 1997014505 -729847589 866946916 921691488 -1445326065 -1886627890 -643294657 -1925117261 799003807 -380953633 -831919367 -1496487550 -1156432344 988466318 1317332059 -2115690681 -921118035 -284550734 769364341 -1110023009 -523459997 135358186 672745868 -393045455 -554473542 1414184762 -558056784 1938512891 657339354 2031220178 -1397621896 -1834683346 1092931764 -1564149342 1225667120 -522583748 1590461057 -1769221155 -517468371 -1195191894 19699440 -558453900 423487596 -661921213 -551420183 684734890 -1043455784 -914857435 1286379924 1779053639 640202879 -431404847 1693317757 2142095741 2105260672 591649445 -1986660608 -1739097775 -895610132 25909201 -538161632 -903531934 643425912 -495865348 1508533511 -1300369526 -1927927313 -1061272963 -95522600 -411969258 -686702394 -539138678 2075314141 -1977743044 1120005464 657179518 110885125 -1902991843 845043280 -47332541 1769586268 1450432278 2076932943 -957731507 246793894 -1768226729 1154576779 1532309397 591535256 1885485727 -1918399436 -945729908 354035031 -431096167 -571957974 -801072189 -349214848 1574001498 -499548027 679818736 -48499919 536632202 1210748420 -1260364773 550138100 883337706 737647683 807534211 -127275181 -1072997630 872629030 702689392 1785561484 -1385440200 495545707 1484023935 -1522905077 -1022021777 -689430169 -1640574693 78573392 1820120570 1318242946 421718402 -2005358838 -494767750 -143526285 -70317204 -445786726 -725024264 1598404571 -472528775 -513609733 -1138050246 -1304989009 -41897200 -1467105938 1579022528 -1048923709 2143267105 453111740 2100684400 -185635887 1490407769 -1140681753 -1371269177 -1765512113 816881890 330362769 177685720 -1476277226 760768720 2110580062 1995458256 1332339549 -1284835400 -1056064266 903154438 1141076970 1604463745 629108298 -1324003673 780347512 1120882223 -1898284456 432608952 -2135878760 1951556458 960072276 -1969733013 639318692 -1631817807 -164556614 -596426566 -189216101 -338285433 -1363705867 -2073164207 -28448965 1442714589 1220372973 172149243 -684022255 136342926 1736493785 -119747107 1231519479 -1003031936 -1616614619 1302516054 1843712969 -1140286190 1697455635 -275886769 -35700887 -510150330 -1410505497 910041418 113603986 -1168256681 93860005 1323992980 1723710662 -1441090231 1312402495 187588168 -1734101163 -434167825 -303518372 790433894 -851799648 -163069967 -1136561531 830666403 -1674732625 519613956 -1950799957 1905898059 -528716815 1772754873 -470771889 1461002561 -733903680 -377905992 -1605917191 1495389078 -950963279 1911279427 1176894607 -1242752354 1983664774 391707901 882518367 811556562 -1724525890 1802487625 -1655606594 1415472881 -1330722327 -410279532 1024629767 -1661378970 -268624846 1706727178 -2008754533 1858814518 -179576481 -457999421 711213331 1528865105 1491258388 -17149658 -491074675 -335131530 -399013358 -1484926759 -215463928 944169183 -1905874577 410284340 -119874275 -358643353 -2040426255 -1358171884 -1099679410 1548962849 15513557 1152144832 -1201195053 1623421875 1064453217 5339892 1899257203 -825628289 1837749490 -854331677 -329563135 -495695119 1447071786 1239731027 1898628324 1064523020 638694293 -1621033341 -1973979547 -1097762501 -1336264872 -940463622 -188933948 1759594361 679578603 -1646161028 -1818593009 1849946798 1086316504 -1849533567 1364674079 1530596246 -1667696338 -1254525202 -1371090355 273143745 -1233916886 -1139900002 -689559221 2020205991 704453090 1201973370 1986950245 1141403835 1739928802 192352833 -199114942 449731404 327273183 1886651773 1342617175 -772059145 117120680 -1492419499 735116996 -335336377 373159987 -815562505 626256963 2106214101 -872885406 -1430037658 -1929189392 313380122 -194366291 -1619581229 -1681415823 2016845060 190688619 849833210 2134978815 749041534 1479526389 1351283628 -339795571 -1352922482 -1383931557 1852080004 948819907 -1076553848 1734053941 1435028911 2057581968 982375360 1816664824 1826227446 2081833339 478032760 1061394611 121312074 -1199686636 1507611490 1114897816 -1995814425 553348323 1828370846 777026734 1657451823 1668370091 -1714420716 -2084901427 1473655309 -716817617 -747242560 -370854658 -1663133223 487912777 852117267 -1255231950 -1951693127 -1856039724 -742590028 -287429478 -1187423220 -484230024 -520526055 1320426195 -1984344528 1631967374 -1841599620 -1343665187 -322596217 -1525474132 -2015425213 -1042563392 -1869696818 123158610 -782802195 -693335154 1051523255 1354258131 -222107742 -377703166"

"GLOBALS"
"min-pxcor","max-pxcor","min-pycor","max-pycor","perspective","subject","nextIndex","directed-links","ticks","ba-m","behavior-rand","belief-resolution","beliefs-over-time","brain-type","cit-init-normal-mean","cit-init-normal-std","cit-memory-len","citizen-citizen-influence","citizen-citizen-trust?","citizen-init-dist","citizen-malleables","citizen-media-influence","citizen-media-trust?","citizen-priors","citizen-trust-fn","cits-hear-from-path?","cognitive-exponent","cognitive-exponent?","cognitive-fn","cognitive-scalar","cognitive-scalar?","cognitive-translate","cognitive-translate?","complex-spread-ratio","contagion-dir","contagion-on?","cur-message-id","epsilon","erdos-renyi-p","graph-homophily?","graph-type","institution-tactic","kronecker-k","kronecker-seed","load-graph-path","load-graph?","mag-g","mag-style","matrix-spread?","matrix-trust-conn?","media-agents?","media-citizen-influence","media-dist-normal-mean","media-dist-normal-std","media-ecosystem","media-ecosystem-dist","media-ecosystem-file","media-ecosystem-n","media-ecosystem-path","message-file","message-repeats","messages-data-path","messages-over-time","n","repetition","save-graph-path","selected-turtle","show-citizen-political?","show-media-connections?","show-social-friends?","sim-output-dir","simple-spread-chance","spread-type","threshold","tick-end","topics","watts-strogatz-k","watts-strogatz-p","zeta-cit","zeta-media"
"-16","16","-16","16","0","nobody","65","""NEITHER""","100","3","3217","7","[[0 [[[""A"" 5]] [[""A"" 2]] [[""A"" 5]] [[""A"" 6]] [[""A"" 6]] [[""A"" 5]] [[""A"" 5]] [[""A"" 1]] [[""A"" 1]] [[""A"" 5]] [[""A"" 2]] [[""A"" 6]] [[""A"" 1]] [[""A"" 5]] [[""A"" 1]] [[""A"" 1]] [[""A"" 5]] [[""A"" 2]] [[""A"" 0]] [[""A"" 2]] [[""A"" 6]] [[""A"" 1]] [[""A"" 5]] [[""A"" 1]] [[""A"" 1]] [[""A"" 0]] [[""A"" 5]] [[""A"" 1]] [[""A"" 6]] [[""A"" 2]] [[""A"" 5]] [[""A"" 4]] [[""A"" 5]] [[""A"" 0]] [[""A"" 1]] [[""A"" 6]] [[""A"" 5]] [[""A"" 2]] [[""A"" 5]] [[""A"" 1]] [[""A"" 5]] [[""A"" 5]] [[""A"" 2]] [[""A"" 1]] [[""A"" 0]] [[""A"" 5]] [[""A"" 5]] [[""A"" 1]] [[""A"" 5]] [[""A"" 1]]]] [1 [[[""A"" 4]] [[""A"" 4]] [[""A"" 4]] [[""A"" 4]] [[""A"" 4]] [[""A"" 4]] [[""A"" 4]] [[""A"" 4]] [[""A"" 4]] [[""A"" 4]] [[""A"" 4]] [[""A"" 4]] [[""A"" 4]] [[""A"" 4]] [[""A"" 4]] [[""A"" 4]] [[""A"" 4]] [[""A"" 4]] [[""A"" 0]] [[""A"" 4]] [[""A"" 4]] [[""A"" 4]] [[""A"" 4]] [[""A"" 4]] [[""A"" 4]] [[""A"" 0]] [[""A"" 4]] [[""A"" 4]] [[""A"" 4]] [[""A"" 4]] [[""A"" 4]] [[""A"" 4]] [[""A"" 4]] [[""A"" 0]] [[""A"" 4]] [[""A"" 4]] [[""A"" 4]] [[""A"" 4]] [[""A"" 4]] [[""A"" 4]] [[""A"" 4]] [[""A"" 4]] [[""A"" 4]] [[""A"" 4]] [[""A"" 4]] [[""A"" 4]] [[""A"" 4]] [[""A"" 4]] [[""A"" 4]] [[""A"" 4]]]] [2 [[[""A"" 4]] [[""A"" 4]] [[""A"" 4]] [[""A"" 4]] [[""A"" 4]] [[""A"" 4]] [[""A"" 4]] [[""A"" 4]] [[""A"" 4]] [[""A"" 4]] [[""A"" 4]] [[""A"" 4]] [[""A"" 4]] [[""A"" 4]] [[""A"" 4]] [[""A"" 4]] [[""A"" 4]] [[""A"" 4]] [[""A"" 0]] [[""A"" 4]] [[""A"" 4]] [[""A"" 4]] [[""A"" 4]] [[""A"" 4]] [[""A"" 4]] [[""A"" 0]] [[""A"" 4]] [[""A"" 4]] [[""A"" 4]] [[""A"" 4]] [[""A"" 4]] [[""A"" 4]] [[""A"" 4]] [[""A"" 0]] [[""A"" 4]] [[""A"" 4]] [[""A"" 4]] [[""A"" 4]] [[""A"" 4]] [[""A"" 4]] [[""A"" 4]] [[""A"" 4]] [[""A"" 4]] [[""A"" 4]] [[""A"" 4]] [[""A"" 4]] [[""A"" 4]] [[""A"" 4]] [[""A"" 4]] [[""A"" 4]]]] [3 [[[""A"" 4]] [[""A"" 4]] [[""A"" 4]] [[""A"" 4]] [[""A"" 4]] [[""A"" 4]] [[""A"" 4]] [[""A"" 4]] [[""A"" 4]] [[""A"" 4]] [[""A"" 4]] [[""A"" 4]] [[""A"" 4]] [[""A"" 4]] [[""A"" 4]] [[""A"" 4]] [[""A"" 4]] [[""A"" 4]] [[""A"" 0]] [[""A"" 4]] [[""A"" 4]] [[""A"" 4]] [[""A"" 4]] [[""A"" 4]] [[""A"" 4]] [[""A"" 0]] [[""A"" 4]] [[""A"" 4]] [[""A"" 4]] [[""A"" 4]] [[""A"" 4]] [[""A"" 4]] [[""A"" 4]] [[""A"" 0]] [[""A"" 4]] [[""A"" 4]] [[""A"" 4]] [[""A"" 4]] [[""A"" 4]] [[""A"" 4]] [[""A"" 4]] [[""A"" 4]] [[""A"" 4]] [[""A"" 4]] [[""A"" 4]] [[""A"" 4]] [[""A"" 4]] [[""A"" 4]] [[""A"" 4]] [[""A"" 4]]]] [4 [[[""A"" 4]] [[""A"" 4]] [[""A"" 4]] [[""A"" 4]] [[""A"" 4]] [[""A"" 4]] [[""A"" 4]] [[""A"" 4]] [[""A"" 4]] [[""A"" 4]] [[""A"" 4]] [[""A"" 4]] [[""A"" 4]] [[""A"" 4]] [[""A"" 4]] [[""A"" 4]] [[""A"" 4]] [[""A"" 4]] [[""A"" 0]] [[""A"" 4]] [[""A"" 4]] [[""A"" 4]] [[""A"" 4]] [[""A"" 4]] [[""A"" 4]] [[""A"" 0]] [[""A"" 4]] [[""A"" 4]] [[""A"" 4]] [[""A"" 4]] [[""A"" 4]] [[""A"" 4]] [[""A"" 4]] [[""A"" 0]] [[""A"" 4]] [[""A"" 4]] [[""A"" 4]] [[""A"" 4]] [[""A"" 4]] [[""A"" 4]] [[""A"" 4]] [[""A"" 4]] [[""A"" 4]] [[""A"" 4]] [[""A"" 4]] [[""A"" 4]] [[""A"" 4]] [[""A"" 4]] [[""A"" 4]] [[""A"" 4]]]] [5 [[[""A"" 4]] [[""A"" 4]] [[""A"" 4]] [[""A"" 4]] [[""A"" 4]] [[""A"" 4]] [[""A"" 4]] [[""A"" 4]] [[""A"" 4]] [[""A"" 4]] [[""A"" 4]] [[""A"" 4]] [[""A"" 4]] [[""A"" 4]] [[""A"" 4]] [[""A"" 4]] [[""A"" 4]] [[""A"" 4]] [[""A"" 0]] [[""A"" 4]] [[""A"" 4]] [[""A"" 4]] [[""A"" 4]] [[""A"" 4]] [[""A"" 4]] [[""A"" 0]] [[""A"" 4]] [[""A"" 4]] [[""A"" 4]] [[""A"" 4]] [[""A"" 4]] [[""A"" 4]] [[""A"" 4]] [[""A"" 0]] [[""A"" 4]] [[""A"" 4]] [[""A"" 4]] [[""A"" 4]] [[""A"" 4]] [[""A"" 4]] [[""A"" 4]] [[""A"" 4]] [[""A"" 4]] [[""A"" 4]] [[""A"" 4]] [[""A"" 4]] [[""A"" 4]] [[""A"" 4]] [[""A"" 4]] [[""A"" 4]]]] [6 [[[""A"" 4]] [[""A"" 4]] [[""A"" 4]] [[""A"" 4]] [[""A"" 4]] [[""A"" 4]] [[""A"" 4]] [[""A"" 4]] [[""A"" 4]] [[""A"" 4]] [[""A"" 4]] [[""A"" 4]] [[""A"" 4]] [[""A"" 4]] [[""A"" 4]] [[""A"" 4]] [[""A"" 4]] [[""A"" 4]] [[""A"" 0]] [[""A"" 4]] [[""A"" 4]] [[""A"" 4]] [[""A"" 4]] [[""A"" 4]] [[""A"" 4]] [[""A"" 0]] [[""A"" 4]] [[""A"" 4]] [[""A"" 4]] [[""A"" 4]] [[""A"" 4]] [[""A"" 4]] [[""A"" 4]] [[""A"" 0]] [[""A"" 4]] [[""A"" 4]] [[""A"" 4]] [[""A"" 4]] [[""A"" 4]] [[""A"" 4]] [[""A"" 4]] [[""A"" 4]] [[""A"" 4]] [[""A"" 4]] [[""A"" 4]] [[""A"" 4]] [[""A"" 4]] [[""A"" 4]] [[""A"" 4]] [[""A"" 4]]]] [7 [[[""A"" 4]] [[""A"" 4]] [[""A"" 4]] [[""A"" 4]] [[""A"" 4]] [[""A"" 4]] [[""A"" 4]] [[""A"" 4]] [[""A"" 4]] [[""A"" 4]] [[""A"" 4]] [[""A"" 4]] [[""A"" 4]] [[""A"" 4]] [[""A"" 4]] [[""A"" 4]] [[""A"" 4]] [[""A"" 4]] [[""A"" 0]] [[""A"" 4]] [[""A"" 4]] [[""A"" 4]] [[""A"" 4]] [[""A"" 4]] [[""A"" 4]] [[""A"" 0]] [[""A"" 4]] [[""A"" 4]] [[""A"" 4]] [[""A"" 4]] [[""A"" 4]] [[""A"" 4]] [[""A"" 4]] [[""A"" 0]] [[""A"" 4]] [[""A"" 4]] [[""A"" 4]] [[""A"" 4]] [[""A"" 4]] [[""A"" 4]] [[""A"" 4]] [[""A"" 4]] [[""A"" 4]] [[""A"" 4]] [[""A"" 4]] [[""A"" 4]] [[""A"" 4]] [[""A"" 4]] [[""A"" 4]] [[""A"" 4]]]] [8 [[[""A"" 4]] [[""A"" 4]] [[""A"" 4]] [[""A"" 4]] [[""A"" 4]] [[""A"" 4]] [[""A"" 4]] [[""A"" 4]] [[""A"" 4]] [[""A"" 4]] [[""A"" 4]] [[""A"" 4]] [[""A"" 4]] [[""A"" 4]] [[""A"" 4]] [[""A"" 4]] [[""A"" 4]] [[""A"" 4]] [[""A"" 0]] [[""A"" 4]] [[""A"" 4]] [[""A"" 4]] [[""A"" 4]] [[""A"" 4]] [[""A"" 4]] [[""A"" 0]] [[""A"" 4]] [[""A"" 4]] [[""A"" 4]] [[""A"" 4]] [[""A"" 4]] [[""A"" 4]] [[""A"" 4]] [[""A"" 0]] [[""A"" 4]] [[""A"" 4]] [[""A"" 4]] [[""A"" 4]] [[""A"" 4]] [[""A"" 4]] [[""A"" 4]] [[""A"" 4]] [[""A"" 4]] [[""A"" 4]] [[""A"" 4]] [[""A"" 4]] [[""A"" 4]] [[""A"" 4]] [[""A"" 4]] [[""A"" 4]]]] [9 [[[""A"" 4]] [[""A"" 4]] [[""A"" 4]] [[""A"" 4]] [[""A"" 4]] [[""A"" 4]] [[""A"" 4]] [[""A"" 4]] [[""A"" 4]] [[""A"" 4]] [[""A"" 4]] [[""A"" 4]] [[""A"" 4]] [[""A"" 4]] [[""A"" 4]] [[""A"" 4]] [[""A"" 4]] [[""A"" 4]] [[""A"" 0]] [[""A"" 4]] [[""A"" 4]] [[""A"" 4]] [[""A"" 4]] [[""A"" 4]] [[""A"" 4]] [[""A"" 0]] [[""A"" 4]] [[""A"" 4]] [[""A"" 4]] [[""A"" 4]] [[""A"" 4]] [[""A"" 4]] [[""A"" 4]] [[""A"" 0]] [[""A"" 4]] [[""A"" 4]] [[""A"" 4]] [[""A"" 4]] [[""A"" 4]] [[""A"" 4]] [[""A"" 4]] [[""A"" 4]] [[""A"" 4]] [[""A"" 4]] [[""A"" 4]] [[""A"" 4]] [[""A"" 4]] [[""A"" 4]] [[""A"" 4]] [[""A"" 4]]]] [10 [[[""A"" 4]] [[""A"" 4]] [[""A"" 4]] [[""A"" 4]] [[""A"" 4]] [[""A"" 4]] [[""A"" 4]] [[""A"" 4]] [[""A"" 4]] [[""A"" 4]] [[""A"" 4]] [[""A"" 4]] [[""A"" 4]] [[""A"" 4]] [[""A"" 4]] [[""A"" 4]] [[""A"" 4]] [[""A"" 4]] [[""A"" 0]] [[""A"" 4]] [[""A"" 4]] [[""A"" 4]] [[""A"" 4]] [[""A"" 4]] [[""A"" 4]] [[""A"" 0]] [[""A"" 4]] [[""A"" 4]] [[""A"" 4]] [[""A"" 4]] [[""A"" 4]] [[""A"" 4]] [[""A"" 4]] [[""A"" 0]] [[""A"" 4]] [[""A"" 4]] [[""A"" 4]] [[""A"" 4]] [[""A"" 4]] [[""A"" 4]] [[""A"" 4]] [[""A"" 4]] [[""A"" 4]] [[""A"" 4]] [[""A"" 4]] [[""A"" 4]] [[""A"" 4]] [[""A"" 4]] [[""A"" 4]] [[""A"" 4]]]] [11 [[[""A"" 4]] [[""A"" 4]] [[""A"" 4]] [[""A"" 4]] [[""A"" 4]] [[""A"" 4]] [[""A"" 4]] [[""A"" 4]] [[""A"" 4]] [[""A"" 4]] [[""A"" 4]] [[""A"" 4]] [[""A"" 4]] [[""A"" 4]] [[""A"" 4]] [[""A"" 4]] [[""A"" 4]] [[""A"" 4]] [[""A"" 0]] [[""A"" 4]] [[""A"" 4]] [[""A"" 4]] [[""A"" 4]] [[""A"" 4]] [[""A"" 4]] [[""A"" 0]] [[""A"" 4]] [[""A"" 4]] [[""A"" 4]] [[""A"" 4]] [[""A"" 4]] [[""A"" 4]] [[""A"" 4]] [[""A"" 0]] [[""A"" 4]] [[""A"" 4]] [[""A"" 4]] [[""A"" 4]] [[""A"" 4]] [[""A"" 4]] [[""A"" 4]] [[""A"" 4]] [[""A"" 4]] [[""A"" 4]] [[""A"" 4]] [[""A"" 4]] [[""A"" 4]] [[""A"" 4]] [[""A"" 4]] [[""A"" 4]]]] [12 [[[""A"" 4]] [[""A"" 4]] [[""A"" 4]] [[""A"" 4]] [[""A"" 4]] [[""A"" 4]] [[""A"" 4]] [[""A"" 4]] [[""A"" 4]] [[""A"" 4]] [[""A"" 4]] [[""A"" 4]] [[""A"" 4]] [[""A"" 4]] [[""A"" 4]] [[""A"" 4]] [[""A"" 4]] [[""A"" 4]] [[""A"" 0]] [[""A"" 4]] [[""A"" 4]] [[""A"" 4]] [[""A"" 4]] [[""A"" 4]] [[""A"" 4]] [[""A"" 0]] [[""A"" 4]] [[""A"" 4]] [[""A"" 4]] [[""A"" 4]] [[""A"" 4]] [[""A"" 4]] [[""A"" 4]] [[""A"" 0]] [[""A"" 4]] [[""A"" 4]] [[""A"" 4]] [[""A"" 4]] [[""A"" 4]] [[""A"" 4]] [[""A"" 4]] [[""A"" 4]] [[""A"" 4]] [[""A"" 4]] [[""A"" 4]] [[""A"" 4]] [[""A"" 4]] [[""A"" 4]] [[""A"" 4]] [[""A"" 4]]]] [13 [[[""A"" 4]] [[""A"" 4]] [[""A"" 4]] [[""A"" 4]] [[""A"" 4]] [[""A"" 4]] [[""A"" 4]] [[""A"" 4]] [[""A"" 4]] [[""A"" 4]] [[""A"" 4]] [[""A"" 4]] [[""A"" 4]] [[""A"" 4]] [[""A"" 4]] [[""A"" 4]] [[""A"" 4]] [[""A"" 4]] [[""A"" 0]] [[""A"" 4]] [[""A"" 4]] [[""A"" 4]] [[""A"" 4]] [[""A"" 4]] [[""A"" 4]] [[""A"" 0]] [[""A"" 4]] [[""A"" 4]] [[""A"" 4]] [[""A"" 4]] [[""A"" 4]] [[""A"" 4]] [[""A"" 4]] [[""A"" 0]] [[""A"" 4]] [[""A"" 4]] [[""A"" 4]] [[""A"" 4]] [[""A"" 4]] [[""A"" 4]] [[""A"" 4]] [[""A"" 4]] [[""A"" 4]] [[""A"" 4]] [[""A"" 4]] [[""A"" 4]] [[""A"" 4]] [[""A"" 4]] [[""A"" 4]] [[""A"" 4]]]] [14 [[[""A"" 4]] [[""A"" 4]] [[""A"" 4]] [[""A"" 4]] [[""A"" 4]] [[""A"" 4]] [[""A"" 4]] [[""A"" 4]] [[""A"" 4]] [[""A"" 4]] [[""A"" 4]] [[""A"" 4]] [[""A"" 4]] [[""A"" 4]] [[""A"" 4]] [[""A"" 4]] [[""A"" 4]] [[""A"" 4]] [[""A"" 0]] [[""A"" 4]] [[""A"" 4]] [[""A"" 4]] [[""A"" 4]] [[""A"" 4]] [[""A"" 4]] [[""A"" 0]] [[""A"" 4]] [[""A"" 4]] [[""A"" 4]] [[""A"" 4]] [[""A"" 4]] [[""A"" 4]] [[""A"" 4]] [[""A"" 0]] [[""A"" 4]] [[""A"" 4]] [[""A"" 4]] [[""A"" 4]] [[""A"" 4]] [[""A"" 4]] [[""A"" 4]] [[""A"" 4]] [[""A"" 4]] [[""A"" 4]] [[""A"" 4]] [[""A"" 4]] [[""A"" 4]] [[""A"" 4]] [[""A"" 4]] [[""A"" 4]]]] [15 [[[""A"" 4]] [[""A"" 4]] [[""A"" 4]] [[""A"" 4]] [[""A"" 4]] [[""A"" 4]] [[""A"" 4]] [[""A"" 4]] [[""A"" 4]] [[""A"" 4]] [[""A"" 4]] [[""A"" 4]] [[""A"" 4]] [[""A"" 4]] [[""A"" 4]] [[""A"" 4]] [[""A"" 4]] [[""A"" 4]] [[""A"" 0]] [[""A"" 4]] [[""A"" 4]] [[""A"" 4]] [[""A"" 4]] [[""A"" 4]] [[""A"" 4]] [[""A"" 0]] [[""A"" 4]] [[""A"" 4]] [[""A"" 4]] [[""A"" 4]] [[""A"" 4]] [[""A"" 4]] [[""A"" 4]] [[""A"" 0]] [[""A"" 4]] [[""A"" 4]] [[""A"" 4]] [[""A"" 4]] [[""A"" 4]] [[""A"" 4]] [[""A"" 4]] [[""A"" 4]] [[""A"" 4]] [[""A"" 4]] [[""A"" 4]] [[""A"" 4]] [[""A"" 4]] [[""A"" 4]] [[""A"" 4]] [[""A"" 4]]]] [16 [[[""A"" 4]] [[""A"" 4]] [[""A"" 4]] [[""A"" 4]] [[""A"" 4]] [[""A"" 4]] [[""A"" 4]] [[""A"" 4]] [[""A"" 4]] [[""A"" 4]] [[""A"" 4]] [[""A"" 4]] [[""A"" 4]] [[""A"" 4]] [[""A"" 4]] [[""A"" 4]] [[""A"" 4]] [[""A"" 4]] [[""A"" 0]] [[""A"" 4]] [[""A"" 4]] [[""A"" 4]] [[""A"" 4]] [[""A"" 4]] [[""A"" 4]] [[""A"" 0]] [[""A"" 4]] [[""A"" 4]] [[""A"" 4]] [[""A"" 4]] [[""A"" 4]] [[""A"" 4]] [[""A"" 4]] [[""A"" 0]] [[""A"" 4]] [[""A"" 4]] [[""A"" 4]] [[""A"" 4]] [[""A"" 4]] [[""A"" 4]] [[""A"" 4]] [[""A"" 4]] [[""A"" 4]] [[""A"" 4]] [[""A"" 4]] [[""A"" 4]] [[""A"" 4]] [[""A"" 4]] [[""A"" 4]] [[""A"" 4]]]] [17 [[[""A"" 4]] [[""A"" 4]] [[""A"" 4]] [[""A"" 4]] [[""A"" 4]] [[""A"" 4]] [[""A"" 4]] [[""A"" 4]] [[""A"" 4]] [[""A"" 4]] [[""A"" 4]] [[""A"" 4]] [[""A"" 4]] [[""A"" 4]] [[""A"" 4]] [[""A"" 4]] [[""A"" 4]] [[""A"" 4]] [[""A"" 0]] [[""A"" 4]] [[""A"" 4]] [[""A"" 4]] [[""A"" 4]] [[""A"" 4]] [[""A"" 4]] [[""A"" 0]] [[""A"" 4]] [[""A"" 4]] [[""A"" 4]] [[""A"" 4]] [[""A"" 4]] [[""A"" 4]] [[""A"" 4]] [[""A"" 0]] [[""A"" 4]] [[""A"" 4]] [[""A"" 4]] [[""A"" 4]] [[""A"" 4]] [[""A"" 4]] [[""A"" 4]] [[""A"" 4]] [[""A"" 4]] [[""A"" 4]] [[""A"" 4]] [[""A"" 4]] [[""A"" 4]] [[""A"" 4]] [[""A"" 4]] [[""A"" 4]]]] [18 [[[""A"" 4]] [[""A"" 4]] [[""A"" 4]] [[""A"" 4]] [[""A"" 4]] [[""A"" 4]] [[""A"" 4]] [[""A"" 4]] [[""A"" 4]] [[""A"" 4]] [[""A"" 4]] [[""A"" 4]] [[""A"" 4]] [[""A"" 4]] [[""A"" 4]] [[""A"" 4]] [[""A"" 4]] [[""A"" 4]] [[""A"" 0]] [[""A"" 4]] [[""A"" 4]] [[""A"" 4]] [[""A"" 4]] [[""A"" 4]] [[""A"" 4]] [[""A"" 0]] [[""A"" 4]] [[""A"" 4]] [[""A"" 4]] [[""A"" 4]] [[""A"" 4]] [[""A"" 4]] [[""A"" 4]] [[""A"" 0]] [[""A"" 4]] [[""A"" 4]] [[""A"" 4]] [[""A"" 4]] [[""A"" 4]] [[""A"" 4]] [[""A"" 4]] [[""A"" 4]] [[""A"" 4]] [[""A"" 4]] [[""A"" 4]] [[""A"" 4]] [[""A"" 4]] [[""A"" 4]] [[""A"" 4]] [[""A"" 4]]]] [19 [[[""A"" 4]] [[""A"" 4]] [[""A"" 4]] [[""A"" 4]] [[""A"" 4]] [[""A"" 4]] [[""A"" 4]] [[""A"" 4]] [[""A"" 4]] [[""A"" 4]] [[""A"" 4]] [[""A"" 4]] [[""A"" 4]] [[""A"" 4]] [[""A"" 4]] [[""A"" 4]] [[""A"" 4]] [[""A"" 4]] [[""A"" 0]] [[""A"" 4]] [[""A"" 4]] [[""A"" 4]] [[""A"" 4]] [[""A"" 4]] [[""A"" 4]] [[""A"" 0]] [[""A"" 4]] [[""A"" 4]] [[""A"" 4]] [[""A"" 4]] [[""A"" 4]] [[""A"" 4]] [[""A"" 4]] [[""A"" 0]] [[""A"" 4]] [[""A"" 4]] [[""A"" 4]] [[""A"" 4]] [[""A"" 4]] [[""A"" 4]] [[""A"" 4]] [[""A"" 4]] [[""A"" 4]] [[""A"" 4]] [[""A"" 4]] [[""A"" 4]] [[""A"" 4]] [[""A"" 4]] [[""A"" 4]] [[""A"" 4]]]] [20 [[[""A"" 4]] [[""A"" 4]] [[""A"" 4]] [[""A"" 4]] [[""A"" 4]] [[""A"" 4]] [[""A"" 4]] [[""A"" 4]] [[""A"" 4]] [[""A"" 4]] [[""A"" 4]] [[""A"" 4]] [[""A"" 4]] [[""A"" 4]] [[""A"" 4]] [[""A"" 4]] [[""A"" 4]] [[""A"" 4]] [[""A"" 0]] [[""A"" 4]] [[""A"" 4]] [[""A"" 4]] [[""A"" 4]] [[""A"" 4]] [[""A"" 4]] [[""A"" 0]] [[""A"" 4]] [[""A"" 4]] [[""A"" 4]] [[""A"" 4]] [[""A"" 4]] [[""A"" 4]] [[""A"" 4]] [[""A"" 0]] [[""A"" 4]] [[""A"" 4]] [[""A"" 4]] [[""A"" 4]] [[""A"" 4]] [[""A"" 4]] [[""A"" 4]] [[""A"" 4]] [[""A"" 4]] [[""A"" 4]] [[""A"" 4]] [[""A"" 4]] [[""A"" 4]] [[""A"" 4]] [[""A"" 4]] [[""A"" 4]]]] [21 [[[""A"" 4]] [[""A"" 4]] [[""A"" 4]] [[""A"" 4]] [[""A"" 4]] [[""A"" 4]] [[""A"" 4]] [[""A"" 4]] [[""A"" 4]] [[""A"" 4]] [[""A"" 4]] [[""A"" 4]] [[""A"" 4]] [[""A"" 4]] [[""A"" 4]] [[""A"" 4]] [[""A"" 4]] [[""A"" 4]] [[""A"" 0]] [[""A"" 4]] [[""A"" 4]] [[""A"" 4]] [[""A"" 4]] [[""A"" 4]] [[""A"" 4]] [[""A"" 0]] [[""A"" 4]] [[""A"" 4]] [[""A"" 4]] [[""A"" 4]] [[""A"" 4]] [[""A"" 4]] [[""A"" 4]] [[""A"" 0]] [[""A"" 4]] [[""A"" 4]] [[""A"" 4]] [[""A"" 4]] [[""A"" 4]] [[""A"" 4]] [[""A"" 4]] [[""A"" 4]] [[""A"" 4]] [[""A"" 4]] [[""A"" 4]] [[""A"" 4]] [[""A"" 4]] [[""A"" 4]] [[""A"" 4]] [[""A"" 4]]]] [22 [[[""A"" 4]] [[""A"" 4]] [[""A"" 4]] [[""A"" 4]] [[""A"" 4]] [[""A"" 4]] [[""A"" 4]] [[""A"" 4]] [[""A"" 4]] [[""A"" 4]] [[""A"" 4]] [[""A"" 4]] [[""A"" 4]] [[""A"" 4]] [[""A"" 4]] [[""A"" 4]] [[""A"" 4]] [[""A"" 4]] [[""A"" 0]] [[""A"" 4]] [[""A"" 4]] [[""A"" 4]] [[""A"" 4]] [[""A"" 4]] [[""A"" 4]] [[""A"" 0]] [[""A"" 4]] [[""A"" 4]] [[""A"" 4]] [[""A"" 4]] [[""A"" 4]] [[""A"" 4]] [[""A"" 4]] [[""A"" 0]] [[""A"" 4]] [[""A"" 4]] [[""A"" 4]] [[""A"" 4]] [[""A"" 4]] [[""A"" 4]] [[""A"" 4]] [[""A"" 4]] [[""A"" 4]] [[""A"" 4]] [[""A"" 4]] [[""A"" 4]] [[""A"" 4]] [[""A"" 4]] [[""A"" 4]] [[""A"" 4]]]] [23 [[[""A"" 4]] [[""A"" 4]] [[""A"" 4]] [[""A"" 4]] [[""A"" 4]] [[""A"" 4]] [[""A"" 4]] [[""A"" 4]] [[""A"" 4]] [[""A"" 4]] [[""A"" 4]] [[""A"" 4]] [[""A"" 4]] [[""A"" 4]] [[""A"" 4]] [[""A"" 4]] [[""A"" 4]] [[""A"" 4]] [[""A"" 0]] [[""A"" 4]] [[""A"" 4]] [[""A"" 4]] [[""A"" 4]] [[""A"" 4]] [[""A"" 4]] [[""A"" 0]] [[""A"" 4]] [[""A"" 4]] [[""A"" 4]] [[""A"" 4]] [[""A"" 4]] [[""A"" 4]] [[""A"" 4]] [[""A"" 0]] [[""A"" 4]] [[""A"" 4]] [[""A"" 4]] [[""A"" 4]] [[""A"" 4]] [[""A"" 4]] [[""A"" 4]] [[""A"" 4]] [[""A"" 4]] [[""A"" 4]] [[""A"" 4]] [[""A"" 4]] [[""A"" 4]] [[""A"" 4]] [[""A"" 4]] [[""A"" 4]]]] [24 [[[""A"" 4]] [[""A"" 4]] [[""A"" 4]] [[""A"" 4]] [[""A"" 4]] [[""A"" 4]] [[""A"" 4]] [[""A"" 4]] [[""A"" 4]] [[""A"" 4]] [[""A"" 4]] [[""A"" 4]] [[""A"" 4]] [[""A"" 4]] [[""A"" 4]] [[""A"" 4]] [[""A"" 4]] [[""A"" 4]] [[""A"" 0]] [[""A"" 4]] [[""A"" 4]] [[""A"" 4]] [[""A"" 4]] [[""A"" 4]] [[""A"" 4]] [[""A"" 0]] [[""A"" 4]] [[""A"" 4]] [[""A"" 4]] [[""A"" 4]] [[""A"" 4]] [[""A"" 4]] [[""A"" 4]] [[""A"" 0]] [[""A"" 4]] [[""A"" 4]] [[""A"" 4]] [[""A"" 4]] [[""A"" 4]] [[""A"" 4]] [[""A"" 4]] [[""A"" 4]] [[""A"" 4]] [[""A"" 4]] [[""A"" 4]] [[""A"" 4]] [[""A"" 4]] [[""A"" 4]] [[""A"" 4]] [[""A"" 4]]]] [25 [[[""A"" 4]] [[""A"" 4]] [[""A"" 4]] [[""A"" 4]] [[""A"" 4]] [[""A"" 4]] [[""A"" 4]] [[""A"" 4]] [[""A"" 4]] [[""A"" 4]] [[""A"" 4]] [[""A"" 4]] [[""A"" 4]] [[""A"" 4]] [[""A"" 4]] [[""A"" 4]] [[""A"" 4]] [[""A"" 4]] [[""A"" 0]] [[""A"" 4]] [[""A"" 4]] [[""A"" 4]] [[""A"" 4]] [[""A"" 4]] [[""A"" 4]] [[""A"" 0]] [[""A"" 4]] [[""A"" 4]] [[""A"" 4]] [[""A"" 4]] [[""A"" 4]] [[""A"" 4]] [[""A"" 4]] [[""A"" 0]] [[""A"" 4]] [[""A"" 4]] [[""A"" 4]] [[""A"" 4]] [[""A"" 4]] [[""A"" 4]] [[""A"" 4]] [[""A"" 4]] [[""A"" 4]] [[""A"" 4]] [[""A"" 4]] [[""A"" 4]] [[""A"" 4]] [[""A"" 4]] [[""A"" 4]] [[""A"" 4]]]] [26 [[[""A"" 4]] [[""A"" 4]] [[""A"" 4]] [[""A"" 4]] [[""A"" 4]] [[""A"" 4]] [[""A"" 4]] [[""A"" 4]] [[""A"" 4]] [[""A"" 4]] [[""A"" 4]] [[""A"" 4]] [[""A"" 4]] [[""A"" 4]] [[""A"" 4]] [[""A"" 4]] [[""A"" 4]] [[""A"" 4]] [[""A"" 0]] [[""A"" 4]] [[""A"" 4]] [[""A"" 4]] [[""A"" 4]] [[""A"" 4]] [[""A"" 4]] [[""A"" 0]] [[""A"" 4]] [[""A"" 4]] [[""A"" 4]] [[""A"" 4]] [[""A"" 4]] [[""A"" 4]] [[""A"" 4]] [[""A"" 0]] [[""A"" 4]] [[""A"" 4]] [[""A"" 4]] [[""A"" 4]] [[""A"" 4]] [[""A"" 4]] [[""A"" 4]] [[""A"" 4]] [[""A"" 4]] [[""A"" 4]] [[""A"" 4]] [[""A"" 4]] [[""A"" 4]] [[""A"" 4]] [[""A"" 4]] [[""A"" 4]]]] [27 [[[""A"" 4]] [[""A"" 4]] [[""A"" 4]] [[""A"" 4]] [[""A"" 4]] [[""A"" 4]] [[""A"" 4]] [[""A"" 4]] [[""A"" 4]] [[""A"" 4]] [[""A"" 4]] [[""A"" 4]] [[""A"" 4]] [[""A"" 4]] [[""A"" 4]] [[""A"" 4]] [[""A"" 4]] [[""A"" 4]] [[""A"" 0]] [[""A"" 4]] [[""A"" 4]] [[""A"" 4]] [[""A"" 4]] [[""A"" 4]] [[""A"" 4]] [[""A"" 0]] [[""A"" 4]] [[""A"" 4]] [[""A"" 4]] [[""A"" 4]] [[""A"" 4]] [[""A"" 4]] [[""A"" 4]] [[""A"" 0]] [[""A"" 4]] [[""A"" 4]] [[""A"" 4]] [[""A"" 4]] [[""A"" 4]] [[""A"" 4]] [[""A"" 4]] [[""A"" 4]] [[""A"" 4]] [[""A"" 4]] [[""A"" 4]] [[""A"" 4]] [[""A"" 4]] [[""A"" 4]] [[""A"" 4]] [[""A"" 4]]]] [28 [[[""A"" 4]] [[""A"" 4]] [[""A"" 4]] [[""A"" 4]] [[""A"" 4]] [[""A"" 4]] [[""A"" 4]] [[""A"" 4]] [[""A"" 4]] [[""A"" 4]] [[""A"" 4]] [[""A"" 4]] [[""A"" 4]] [[""A"" 4]] [[""A"" 4]] [[""A"" 4]] [[""A"" 4]] [[""A"" 4]] [[""A"" 0]] [[""A"" 4]] [[""A"" 4]] [[""A"" 4]] [[""A"" 4]] [[""A"" 4]] [[""A"" 4]] [[""A"" 0]] [[""A"" 4]] [[""A"" 4]] [[""A"" 4]] [[""A"" 4]] [[""A"" 4]] [[""A"" 4]] [[""A"" 4]] [[""A"" 0]] [[""A"" 4]] [[""A"" 4]] [[""A"" 4]] [[""A"" 4]] [[""A"" 4]] [[""A"" 4]] [[""A"" 4]] [[""A"" 4]] [[""A"" 4]] [[""A"" 4]] [[""A"" 4]] [[""A"" 4]] [[""A"" 4]] [[""A"" 4]] [[""A"" 4]] [[""A"" 4]]]] [29 [[[""A"" 4]] [[""A"" 4]] [[""A"" 4]] [[""A"" 4]] [[""A"" 4]] [[""A"" 4]] [[""A"" 4]] [[""A"" 4]] [[""A"" 4]] [[""A"" 4]] [[""A"" 4]] [[""A"" 4]] [[""A"" 4]] [[""A"" 4]] [[""A"" 4]] [[""A"" 4]] [[""A"" 4]] [[""A"" 4]] [[""A"" 0]] [[""A"" 4]] [[""A"" 4]] [[""A"" 4]] [[""A"" 4]] [[""A"" 4]] [[""A"" 4]] [[""A"" 0]] [[""A"" 4]] [[""A"" 4]] [[""A"" 4]] [[""A"" 4]] [[""A"" 4]] [[""A"" 4]] [[""A"" 4]] [[""A"" 0]] [[""A"" 4]] [[""A"" 4]] [[""A"" 4]] [[""A"" 4]] [[""A"" 4]] [[""A"" 4]] [[""A"" 4]] [[""A"" 4]] [[""A"" 4]] [[""A"" 4]] [[""A"" 4]] [[""A"" 4]] [[""A"" 4]] [[""A"" 4]] [[""A"" 4]] [[""A"" 4]]]] [30 [[[""A"" 4]] [[""A"" 4]] [[""A"" 4]] [[""A"" 4]] [[""A"" 4]] [[""A"" 4]] [[""A"" 4]] [[""A"" 4]] [[""A"" 4]] [[""A"" 4]] [[""A"" 4]] [[""A"" 4]] [[""A"" 4]] [[""A"" 4]] [[""A"" 4]] [[""A"" 4]] [[""A"" 4]] [[""A"" 4]] [[""A"" 0]] [[""A"" 4]] [[""A"" 4]] [[""A"" 4]] [[""A"" 4]] [[""A"" 4]] [[""A"" 4]] [[""A"" 0]] [[""A"" 4]] [[""A"" 4]] [[""A"" 4]] [[""A"" 4]] [[""A"" 4]] [[""A"" 4]] [[""A"" 4]] [[""A"" 0]] [[""A"" 4]] [[""A"" 4]] [[""A"" 4]] [[""A"" 4]] [[""A"" 4]] [[""A"" 4]] [[""A"" 4]] [[""A"" 4]] [[""A"" 4]] [[""A"" 4]] [[""A"" 4]] [[""A"" 4]] [[""A"" 4]] [[""A"" 4]] [[""A"" 4]] [[""A"" 4]]]] [31 [[[""A"" 4]] [[""A"" 4]] [[""A"" 4]] [[""A"" 4]] [[""A"" 4]] [[""A"" 4]] [[""A"" 4]] [[""A"" 4]] [[""A"" 4]] [[""A"" 4]] [[""A"" 4]] [[""A"" 4]] [[""A"" 4]] [[""A"" 4]] [[""A"" 4]] [[""A"" 4]] [[""A"" 4]] [[""A"" 4]] [[""A"" 0]] [[""A"" 4]] [[""A"" 4]] [[""A"" 4]] [[""A"" 4]] [[""A"" 4]] [[""A"" 4]] [[""A"" 0]] [[""A"" 4]] [[""A"" 4]] [[""A"" 4]] [[""A"" 4]] [[""A"" 4]] [[""A"" 4]] [[""A"" 4]] [[""A"" 0]] [[""A"" 4]] [[""A"" 4]] [[""A"" 4]] [[""A"" 4]] [[""A"" 4]] [[""A"" 4]] [[""A"" 4]] [[""A"" 4]] [[""A"" 4]] [[""A"" 4]] [[""A"" 4]] [[""A"" 4]] [[""A"" 4]] [[""A"" 4]] [[""A"" 4]] [[""A"" 4]]]] [32 [[[""A"" 4]] [[""A"" 4]] [[""A"" 4]] [[""A"" 4]] [[""A"" 4]] [[""A"" 4]] [[""A"" 4]] [[""A"" 4]] [[""A"" 4]] [[""A"" 4]] [[""A"" 4]] [[""A"" 4]] [[""A"" 4]] [[""A"" 4]] [[""A"" 4]] [[""A"" 4]] [[""A"" 4]] [[""A"" 4]] [[""A"" 0]] [[""A"" 4]] [[""A"" 4]] [[""A"" 4]] [[""A"" 4]] [[""A"" 4]] [[""A"" 4]] [[""A"" 0]] [[""A"" 4]] [[""A"" 4]] [[""A"" 4]] [[""A"" 4]] [[""A"" 4]] [[""A"" 4]] [[""A"" 4]] [[""A"" 0]] [[""A"" 4]] [[""A"" 4]] [[""A"" 4]] [[""A"" 4]] [[""A"" 4]] [[""A"" 4]] [[""A"" 4]] [[""A"" 4]] [[""A"" 4]] [[""A"" 4]] [[""A"" 4]] [[""A"" 4]] [[""A"" 4]] [[""A"" 4]] [[""A"" 4]] [[""A"" 4]]]] [33 [[[""A"" 4]] [[""A"" 4]] [[""A"" 4]] [[""A"" 4]] [[""A"" 4]] [[""A"" 4]] [[""A"" 4]] [[""A"" 4]] [[""A"" 4]] [[""A"" 4]] [[""A"" 4]] [[""A"" 4]] [[""A"" 4]] [[""A"" 4]] [[""A"" 4]] [[""A"" 4]] [[""A"" 4]] [[""A"" 4]] [[""A"" 0]] [[""A"" 4]] [[""A"" 4]] [[""A"" 4]] [[""A"" 4]] [[""A"" 4]] [[""A"" 4]] [[""A"" 0]] [[""A"" 4]] [[""A"" 4]] [[""A"" 4]] [[""A"" 4]] [[""A"" 4]] [[""A"" 4]] [[""A"" 4]] [[""A"" 0]] [[""A"" 4]] [[""A"" 4]] [[""A"" 4]] [[""A"" 4]] [[""A"" 4]] [[""A"" 4]] [[""A"" 4]] [[""A"" 4]] [[""A"" 4]] [[""A"" 4]] [[""A"" 4]] [[""A"" 4]] [[""A"" 4]] [[""A"" 4]] [[""A"" 4]] [[""A"" 4]]]] [34 [[[""A"" 4]] [[""A"" 4]] [[""A"" 4]] [[""A"" 4]] [[""A"" 4]] [[""A"" 4]] [[""A"" 4]] [[""A"" 4]] [[""A"" 4]] [[""A"" 4]] [[""A"" 4]] [[""A"" 4]] [[""A"" 4]] [[""A"" 4]] [[""A"" 4]] [[""A"" 4]] [[""A"" 4]] [[""A"" 4]] [[""A"" 0]] [[""A"" 4]] [[""A"" 4]] [[""A"" 4]] [[""A"" 4]] [[""A"" 4]] [[""A"" 4]] [[""A"" 0]] [[""A"" 4]] [[""A"" 4]] [[""A"" 4]] [[""A"" 4]] [[""A"" 4]] [[""A"" 4]] [[""A"" 4]] [[""A"" 0]] [[""A"" 4]] [[""A"" 4]] [[""A"" 4]] [[""A"" 4]] [[""A"" 4]] [[""A"" 4]] [[""A"" 4]] [[""A"" 4]] [[""A"" 4]] [[""A"" 4]] [[""A"" 4]] [[""A"" 4]] [[""A"" 4]] [[""A"" 4]] [[""A"" 4]] [[""A"" 4]]]] [35 [[[""A"" 4]] [[""A"" 4]] [[""A"" 4]] [[""A"" 4]] [[""A"" 4]] [[""A"" 4]] [[""A"" 4]] [[""A"" 4]] [[""A"" 4]] [[""A"" 4]] [[""A"" 4]] [[""A"" 4]] [[""A"" 4]] [[""A"" 4]] [[""A"" 4]] [[""A"" 4]] [[""A"" 4]] [[""A"" 4]] [[""A"" 0]] [[""A"" 4]] [[""A"" 4]] [[""A"" 4]] [[""A"" 4]] [[""A"" 4]] [[""A"" 4]] [[""A"" 0]] [[""A"" 4]] [[""A"" 4]] [[""A"" 4]] [[""A"" 4]] [[""A"" 4]] [[""A"" 4]] [[""A"" 4]] [[""A"" 0]] [[""A"" 4]] [[""A"" 4]] [[""A"" 4]] [[""A"" 4]] [[""A"" 4]] [[""A"" 4]] [[""A"" 4]] [[""A"" 4]] [[""A"" 4]] [[""A"" 4]] [[""A"" 4]] [[""A"" 4]] [[""A"" 4]] [[""A"" 4]] [[""A"" 4]] [[""A"" 4]]]] [36 [[[""A"" 4]] [[""A"" 4]] [[""A"" 4]] [[""A"" 4]] [[""A"" 4]] [[""A"" 4]] [[""A"" 4]] [[""A"" 4]] [[""A"" 4]] [[""A"" 4]] [[""A"" 4]] [[""A"" 4]] [[""A"" 4]] [[""A"" 4]] [[""A"" 4]] [[""A"" 4]] [[""A"" 4]] [[""A"" 4]] [[""A"" 0]] [[""A"" 4]] [[""A"" 4]] [[""A"" 4]] [[""A"" 4]] [[""A"" 4]] [[""A"" 4]] [[""A"" 0]] [[""A"" 4]] [[""A"" 4]] [[""A"" 4]] [[""A"" 4]] [[""A"" 4]] [[""A"" 4]] [[""A"" 4]] [[""A"" 0]] [[""A"" 4]] [[""A"" 4]] [[""A"" 4]] [[""A"" 4]] [[""A"" 4]] [[""A"" 4]] [[""A"" 4]] [[""A"" 4]] [[""A"" 4]] [[""A"" 4]] [[""A"" 4]] [[""A"" 4]] [[""A"" 4]] [[""A"" 4]] [[""A"" 4]] [[""A"" 4]]]] [37 [[[""A"" 4]] [[""A"" 4]] [[""A"" 4]] [[""A"" 4]] [[""A"" 4]] [[""A"" 4]] [[""A"" 4]] [[""A"" 4]] [[""A"" 4]] [[""A"" 4]] [[""A"" 4]] [[""A"" 4]] [[""A"" 4]] [[""A"" 4]] [[""A"" 4]] [[""A"" 4]] [[""A"" 4]] [[""A"" 4]] [[""A"" 0]] [[""A"" 4]] [[""A"" 4]] [[""A"" 4]] [[""A"" 4]] [[""A"" 4]] [[""A"" 4]] [[""A"" 0]] [[""A"" 4]] [[""A"" 4]] [[""A"" 4]] [[""A"" 4]] [[""A"" 4]] [[""A"" 4]] [[""A"" 4]] [[""A"" 0]] [[""A"" 4]] [[""A"" 4]] [[""A"" 4]] [[""A"" 4]] [[""A"" 4]] [[""A"" 4]] [[""A"" 4]] [[""A"" 4]] [[""A"" 4]] [[""A"" 4]] [[""A"" 4]] [[""A"" 4]] [[""A"" 4]] [[""A"" 4]] [[""A"" 4]] [[""A"" 4]]]] [38 [[[""A"" 4]] [[""A"" 4]] [[""A"" 4]] [[""A"" 4]] [[""A"" 4]] [[""A"" 4]] [[""A"" 4]] [[""A"" 4]] [[""A"" 4]] [[""A"" 4]] [[""A"" 4]] [[""A"" 4]] [[""A"" 4]] [[""A"" 4]] [[""A"" 4]] [[""A"" 4]] [[""A"" 4]] [[""A"" 4]] [[""A"" 0]] [[""A"" 4]] [[""A"" 4]] [[""A"" 4]] [[""A"" 4]] [[""A"" 4]] [[""A"" 4]] [[""A"" 0]] [[""A"" 4]] [[""A"" 4]] [[""A"" 4]] [[""A"" 4]] [[""A"" 4]] [[""A"" 4]] [[""A"" 4]] [[""A"" 0]] [[""A"" 4]] [[""A"" 4]] [[""A"" 4]] [[""A"" 4]] [[""A"" 4]] [[""A"" 4]] [[""A"" 4]] [[""A"" 4]] [[""A"" 4]] [[""A"" 4]] [[""A"" 4]] [[""A"" 4]] [[""A"" 4]] [[""A"" 4]] [[""A"" 4]] [[""A"" 4]]]] [39 [[[""A"" 4]] [[""A"" 4]] [[""A"" 4]] [[""A"" 4]] [[""A"" 4]] [[""A"" 4]] [[""A"" 4]] [[""A"" 4]] [[""A"" 4]] [[""A"" 4]] [[""A"" 4]] [[""A"" 4]] [[""A"" 4]] [[""A"" 4]] [[""A"" 4]] [[""A"" 4]] [[""A"" 4]] [[""A"" 4]] [[""A"" 0]] [[""A"" 4]] [[""A"" 4]] [[""A"" 4]] [[""A"" 4]] [[""A"" 4]] [[""A"" 4]] [[""A"" 0]] [[""A"" 4]] [[""A"" 4]] [[""A"" 4]] [[""A"" 4]] [[""A"" 4]] [[""A"" 4]] [[""A"" 4]] [[""A"" 0]] [[""A"" 4]] [[""A"" 4]] [[""A"" 4]] [[""A"" 4]] [[""A"" 4]] [[""A"" 4]] [[""A"" 4]] [[""A"" 4]] [[""A"" 4]] [[""A"" 4]] [[""A"" 4]] [[""A"" 4]] [[""A"" 4]] [[""A"" 4]] [[""A"" 4]] [[""A"" 4]]]] [40 [[[""A"" 4]] [[""A"" 4]] [[""A"" 4]] [[""A"" 4]] [[""A"" 4]] [[""A"" 4]] [[""A"" 4]] [[""A"" 4]] [[""A"" 4]] [[""A"" 4]] [[""A"" 4]] [[""A"" 4]] [[""A"" 4]] [[""A"" 4]] [[""A"" 4]] [[""A"" 4]] [[""A"" 4]] [[""A"" 4]] [[""A"" 0]] [[""A"" 4]] [[""A"" 4]] [[""A"" 4]] [[""A"" 4]] [[""A"" 4]] [[""A"" 4]] [[""A"" 0]] [[""A"" 4]] [[""A"" 4]] [[""A"" 4]] [[""A"" 4]] [[""A"" 4]] [[""A"" 4]] [[""A"" 4]] [[""A"" 0]] [[""A"" 4]] [[""A"" 4]] [[""A"" 4]] [[""A"" 4]] [[""A"" 4]] [[""A"" 4]] [[""A"" 4]] [[""A"" 4]] [[""A"" 4]] [[""A"" 4]] [[""A"" 4]] [[""A"" 4]] [[""A"" 4]] [[""A"" 4]] [[""A"" 4]] [[""A"" 4]]]] [41 [[[""A"" 4]] [[""A"" 4]] [[""A"" 4]] [[""A"" 4]] [[""A"" 4]] [[""A"" 4]] [[""A"" 4]] [[""A"" 4]] [[""A"" 4]] [[""A"" 4]] [[""A"" 4]] [[""A"" 4]] [[""A"" 4]] [[""A"" 4]] [[""A"" 4]] [[""A"" 4]] [[""A"" 4]] [[""A"" 4]] [[""A"" 0]] [[""A"" 4]] [[""A"" 4]] [[""A"" 4]] [[""A"" 4]] [[""A"" 4]] [[""A"" 4]] [[""A"" 0]] [[""A"" 4]] [[""A"" 4]] [[""A"" 4]] [[""A"" 4]] [[""A"" 4]] [[""A"" 4]] [[""A"" 4]] [[""A"" 0]] [[""A"" 4]] [[""A"" 4]] [[""A"" 4]] [[""A"" 4]] [[""A"" 4]] [[""A"" 4]] [[""A"" 4]] [[""A"" 4]] [[""A"" 4]] [[""A"" 4]] [[""A"" 4]] [[""A"" 4]] [[""A"" 4]] [[""A"" 4]] [[""A"" 4]] [[""A"" 4]]]] [42 [[[""A"" 4]] [[""A"" 4]] [[""A"" 4]] [[""A"" 4]] [[""A"" 4]] [[""A"" 4]] [[""A"" 4]] [[""A"" 4]] [[""A"" 4]] [[""A"" 4]] [[""A"" 4]] [[""A"" 4]] [[""A"" 4]] [[""A"" 4]] [[""A"" 4]] [[""A"" 4]] [[""A"" 4]] [[""A"" 4]] [[""A"" 0]] [[""A"" 4]] [[""A"" 4]] [[""A"" 4]] [[""A"" 4]] [[""A"" 4]] [[""A"" 4]] [[""A"" 0]] [[""A"" 4]] [[""A"" 4]] [[""A"" 4]] [[""A"" 4]] [[""A"" 4]] [[""A"" 4]] [[""A"" 4]] [[""A"" 0]] [[""A"" 4]] [[""A"" 4]] [[""A"" 4]] [[""A"" 4]] [[""A"" 4]] [[""A"" 4]] [[""A"" 4]] [[""A"" 4]] [[""A"" 4]] [[""A"" 4]] [[""A"" 4]] [[""A"" 4]] [[""A"" 4]] [[""A"" 4]] [[""A"" 4]] [[""A"" 4]]]] [43 [[[""A"" 4]] [[""A"" 4]] [[""A"" 4]] [[""A"" 4]] [[""A"" 4]] [[""A"" 4]] [[""A"" 4]] [[""A"" 4]] [[""A"" 4]] [[""A"" 4]] [[""A"" 4]] [[""A"" 4]] [[""A"" 4]] [[""A"" 4]] [[""A"" 4]] [[""A"" 4]] [[""A"" 4]] [[""A"" 4]] [[""A"" 0]] [[""A"" 4]] [[""A"" 4]] [[""A"" 4]] [[""A"" 4]] [[""A"" 4]] [[""A"" 4]] [[""A"" 0]] [[""A"" 4]] [[""A"" 4]] [[""A"" 4]] [[""A"" 4]] [[""A"" 4]] [[""A"" 4]] [[""A"" 4]] [[""A"" 0]] [[""A"" 4]] [[""A"" 4]] [[""A"" 4]] [[""A"" 4]] [[""A"" 4]] [[""A"" 4]] [[""A"" 4]] [[""A"" 4]] [[""A"" 4]] [[""A"" 4]] [[""A"" 4]] [[""A"" 4]] [[""A"" 4]] [[""A"" 4]] [[""A"" 4]] [[""A"" 4]]]] [44 [[[""A"" 4]] [[""A"" 4]] [[""A"" 4]] [[""A"" 4]] [[""A"" 4]] [[""A"" 4]] [[""A"" 4]] [[""A"" 4]] [[""A"" 4]] [[""A"" 4]] [[""A"" 4]] [[""A"" 4]] [[""A"" 4]] [[""A"" 4]] [[""A"" 4]] [[""A"" 4]] [[""A"" 4]] [[""A"" 4]] [[""A"" 0]] [[""A"" 4]] [[""A"" 4]] [[""A"" 4]] [[""A"" 4]] [[""A"" 4]] [[""A"" 4]] [[""A"" 0]] [[""A"" 4]] [[""A"" 4]] [[""A"" 4]] [[""A"" 4]] [[""A"" 4]] [[""A"" 4]] [[""A"" 4]] [[""A"" 0]] [[""A"" 4]] [[""A"" 4]] [[""A"" 4]] [[""A"" 4]] [[""A"" 4]] [[""A"" 4]] [[""A"" 4]] [[""A"" 4]] [[""A"" 4]] [[""A"" 4]] [[""A"" 4]] [[""A"" 4]] [[""A"" 4]] [[""A"" 4]] [[""A"" 4]] [[""A"" 4]]]] [45 [[[""A"" 4]] [[""A"" 4]] [[""A"" 4]] [[""A"" 4]] [[""A"" 4]] [[""A"" 4]] [[""A"" 4]] [[""A"" 4]] [[""A"" 4]] [[""A"" 4]] [[""A"" 4]] [[""A"" 4]] [[""A"" 4]] [[""A"" 4]] [[""A"" 4]] [[""A"" 4]] [[""A"" 4]] [[""A"" 4]] [[""A"" 0]] [[""A"" 4]] [[""A"" 4]] [[""A"" 4]] [[""A"" 4]] [[""A"" 4]] [[""A"" 4]] [[""A"" 0]] [[""A"" 4]] [[""A"" 4]] [[""A"" 4]] [[""A"" 4]] [[""A"" 4]] [[""A"" 4]] [[""A"" 4]] [[""A"" 0]] [[""A"" 4]] [[""A"" 4]] [[""A"" 4]] [[""A"" 4]] [[""A"" 4]] [[""A"" 4]] [[""A"" 4]] [[""A"" 4]] [[""A"" 4]] [[""A"" 4]] [[""A"" 4]] [[""A"" 4]] [[""A"" 4]] [[""A"" 4]] [[""A"" 4]] [[""A"" 4]]]] [46 [[[""A"" 4]] [[""A"" 4]] [[""A"" 4]] [[""A"" 4]] [[""A"" 4]] [[""A"" 4]] [[""A"" 4]] [[""A"" 4]] [[""A"" 4]] [[""A"" 4]] [[""A"" 4]] [[""A"" 4]] [[""A"" 4]] [[""A"" 4]] [[""A"" 4]] [[""A"" 4]] [[""A"" 4]] [[""A"" 4]] [[""A"" 0]] [[""A"" 4]] [[""A"" 4]] [[""A"" 4]] [[""A"" 4]] [[""A"" 4]] [[""A"" 4]] [[""A"" 0]] [[""A"" 4]] [[""A"" 4]] [[""A"" 4]] [[""A"" 4]] [[""A"" 4]] [[""A"" 4]] [[""A"" 4]] [[""A"" 0]] [[""A"" 4]] [[""A"" 4]] [[""A"" 4]] [[""A"" 4]] [[""A"" 4]] [[""A"" 4]] [[""A"" 4]] [[""A"" 4]] [[""A"" 4]] [[""A"" 4]] [[""A"" 4]] [[""A"" 4]] [[""A"" 4]] [[""A"" 4]] [[""A"" 4]] [[""A"" 4]]]] [47 [[[""A"" 4]] [[""A"" 4]] [[""A"" 4]] [[""A"" 4]] [[""A"" 4]] [[""A"" 4]] [[""A"" 4]] [[""A"" 4]] [[""A"" 4]] [[""A"" 4]] [[""A"" 4]] [[""A"" 4]] [[""A"" 4]] [[""A"" 4]] [[""A"" 4]] [[""A"" 4]] [[""A"" 4]] [[""A"" 4]] [[""A"" 0]] [[""A"" 4]] [[""A"" 4]] [[""A"" 4]] [[""A"" 4]] [[""A"" 4]] [[""A"" 4]] [[""A"" 0]] [[""A"" 4]] [[""A"" 4]] [[""A"" 4]] [[""A"" 4]] [[""A"" 4]] [[""A"" 4]] [[""A"" 4]] [[""A"" 0]] [[""A"" 4]] [[""A"" 4]] [[""A"" 4]] [[""A"" 4]] [[""A"" 4]] [[""A"" 4]] [[""A"" 4]] [[""A"" 4]] [[""A"" 4]] [[""A"" 4]] [[""A"" 4]] [[""A"" 4]] [[""A"" 4]] [[""A"" 4]] [[""A"" 4]] [[""A"" 4]]]] [48 [[[""A"" 4]] [[""A"" 4]] [[""A"" 4]] [[""A"" 4]] [[""A"" 4]] [[""A"" 4]] [[""A"" 4]] [[""A"" 4]] [[""A"" 4]] [[""A"" 4]] [[""A"" 4]] [[""A"" 4]] [[""A"" 4]] [[""A"" 4]] [[""A"" 4]] [[""A"" 4]] [[""A"" 4]] [[""A"" 4]] [[""A"" 0]] [[""A"" 4]] [[""A"" 4]] [[""A"" 4]] [[""A"" 4]] [[""A"" 4]] [[""A"" 4]] [[""A"" 0]] [[""A"" 4]] [[""A"" 4]] [[""A"" 4]] [[""A"" 4]] [[""A"" 4]] [[""A"" 4]] [[""A"" 4]] [[""A"" 0]] [[""A"" 4]] [[""A"" 4]] [[""A"" 4]] [[""A"" 4]] [[""A"" 4]] [[""A"" 4]] [[""A"" 4]] [[""A"" 4]] [[""A"" 4]] [[""A"" 4]] [[""A"" 4]] [[""A"" 4]] [[""A"" 4]] [[""A"" 4]] [[""A"" 4]] [[""A"" 4]]]] [49 [[[""A"" 4]] [[""A"" 4]] [[""A"" 4]] [[""A"" 4]] [[""A"" 4]] [[""A"" 4]] [[""A"" 4]] [[""A"" 4]] [[""A"" 4]] [[""A"" 4]] [[""A"" 4]] [[""A"" 4]] [[""A"" 4]] [[""A"" 4]] [[""A"" 4]] [[""A"" 4]] [[""A"" 4]] [[""A"" 4]] [[""A"" 0]] [[""A"" 4]] [[""A"" 4]] [[""A"" 4]] [[""A"" 4]] [[""A"" 4]] [[""A"" 4]] [[""A"" 0]] [[""A"" 4]] [[""A"" 4]] [[""A"" 4]] [[""A"" 4]] [[""A"" 4]] [[""A"" 4]] [[""A"" 4]] [[""A"" 0]] [[""A"" 4]] [[""A"" 4]] [[""A"" 4]] [[""A"" 4]] [[""A"" 4]] [[""A"" 4]] [[""A"" 4]] [[""A"" 4]] [[""A"" 4]] [[""A"" 4]] [[""A"" 4]] [[""A"" 4]] [[""A"" 4]] [[""A"" 4]] [[""A"" 4]] [[""A"" 4]]]] [50 [[[""A"" 4]] [[""A"" 4]] [[""A"" 4]] [[""A"" 4]] [[""A"" 4]] [[""A"" 4]] [[""A"" 4]] [[""A"" 4]] [[""A"" 4]] [[""A"" 4]] [[""A"" 4]] [[""A"" 4]] [[""A"" 4]] [[""A"" 4]] [[""A"" 4]] [[""A"" 4]] [[""A"" 4]] [[""A"" 4]] [[""A"" 0]] [[""A"" 4]] [[""A"" 4]] [[""A"" 4]] [[""A"" 4]] [[""A"" 4]] [[""A"" 4]] [[""A"" 0]] [[""A"" 4]] [[""A"" 4]] [[""A"" 4]] [[""A"" 4]] [[""A"" 4]] [[""A"" 4]] [[""A"" 4]] [[""A"" 0]] [[""A"" 4]] [[""A"" 4]] [[""A"" 4]] [[""A"" 4]] [[""A"" 4]] [[""A"" 4]] [[""A"" 4]] [[""A"" 4]] [[""A"" 4]] [[""A"" 4]] [[""A"" 4]] [[""A"" 4]] [[""A"" 4]] [[""A"" 4]] [[""A"" 4]] [[""A"" 4]]]] [51 [[[""A"" 4]] [[""A"" 4]] [[""A"" 4]] [[""A"" 4]] [[""A"" 4]] [[""A"" 4]] [[""A"" 4]] [[""A"" 4]] [[""A"" 4]] [[""A"" 4]] [[""A"" 4]] [[""A"" 4]] [[""A"" 4]] [[""A"" 4]] [[""A"" 4]] [[""A"" 4]] [[""A"" 4]] [[""A"" 4]] [[""A"" 0]] [[""A"" 4]] [[""A"" 4]] [[""A"" 4]] [[""A"" 4]] [[""A"" 4]] [[""A"" 4]] [[""A"" 0]] [[""A"" 4]] [[""A"" 4]] [[""A"" 4]] [[""A"" 4]] [[""A"" 4]] [[""A"" 4]] [[""A"" 4]] [[""A"" 0]] [[""A"" 4]] [[""A"" 4]] [[""A"" 4]] [[""A"" 4]] [[""A"" 4]] [[""A"" 4]] [[""A"" 4]] [[""A"" 4]] [[""A"" 4]] [[""A"" 4]] [[""A"" 4]] [[""A"" 4]] [[""A"" 4]] [[""A"" 4]] [[""A"" 4]] [[""A"" 4]]]] [52 [[[""A"" 4]] [[""A"" 4]] [[""A"" 4]] [[""A"" 4]] [[""A"" 4]] [[""A"" 4]] [[""A"" 4]] [[""A"" 4]] [[""A"" 4]] [[""A"" 4]] [[""A"" 4]] [[""A"" 4]] [[""A"" 4]] [[""A"" 4]] [[""A"" 4]] [[""A"" 4]] [[""A"" 4]] [[""A"" 4]] [[""A"" 0]] [[""A"" 4]] [[""A"" 4]] [[""A"" 4]] [[""A"" 4]] [[""A"" 4]] [[""A"" 4]] [[""A"" 0]] [[""A"" 4]] [[""A"" 4]] [[""A"" 4]] [[""A"" 4]] [[""A"" 4]] [[""A"" 4]] [[""A"" 4]] [[""A"" 0]] [[""A"" 4]] [[""A"" 4]] [[""A"" 4]] [[""A"" 4]] [[""A"" 4]] [[""A"" 4]] [[""A"" 4]] [[""A"" 4]] [[""A"" 4]] [[""A"" 4]] [[""A"" 4]] [[""A"" 4]] [[""A"" 4]] [[""A"" 4]] [[""A"" 4]] [[""A"" 4]]]] [53 [[[""A"" 4]] [[""A"" 4]] [[""A"" 4]] [[""A"" 4]] [[""A"" 4]] [[""A"" 4]] [[""A"" 4]] [[""A"" 4]] [[""A"" 4]] [[""A"" 4]] [[""A"" 4]] [[""A"" 4]] [[""A"" 4]] [[""A"" 4]] [[""A"" 4]] [[""A"" 4]] [[""A"" 4]] [[""A"" 4]] [[""A"" 0]] [[""A"" 4]] [[""A"" 4]] [[""A"" 4]] [[""A"" 4]] [[""A"" 4]] [[""A"" 4]] [[""A"" 0]] [[""A"" 4]] [[""A"" 4]] [[""A"" 4]] [[""A"" 4]] [[""A"" 4]] [[""A"" 4]] [[""A"" 4]] [[""A"" 0]] [[""A"" 4]] [[""A"" 4]] [[""A"" 4]] [[""A"" 4]] [[""A"" 4]] [[""A"" 4]] [[""A"" 4]] [[""A"" 4]] [[""A"" 4]] [[""A"" 4]] [[""A"" 4]] [[""A"" 4]] [[""A"" 4]] [[""A"" 4]] [[""A"" 4]] [[""A"" 4]]]] [54 [[[""A"" 4]] [[""A"" 4]] [[""A"" 4]] [[""A"" 4]] [[""A"" 4]] [[""A"" 4]] [[""A"" 4]] [[""A"" 4]] [[""A"" 4]] [[""A"" 4]] [[""A"" 4]] [[""A"" 4]] [[""A"" 4]] [[""A"" 4]] [[""A"" 4]] [[""A"" 4]] [[""A"" 4]] [[""A"" 4]] [[""A"" 0]] [[""A"" 4]] [[""A"" 4]] [[""A"" 4]] [[""A"" 4]] [[""A"" 4]] [[""A"" 4]] [[""A"" 0]] [[""A"" 4]] [[""A"" 4]] [[""A"" 4]] [[""A"" 4]] [[""A"" 4]] [[""A"" 4]] [[""A"" 4]] [[""A"" 0]] [[""A"" 4]] [[""A"" 4]] [[""A"" 4]] [[""A"" 4]] [[""A"" 4]] [[""A"" 4]] [[""A"" 4]] [[""A"" 4]] [[""A"" 4]] [[""A"" 4]] [[""A"" 4]] [[""A"" 4]] [[""A"" 4]] [[""A"" 4]] [[""A"" 4]] [[""A"" 4]]]] [55 [[[""A"" 4]] [[""A"" 4]] [[""A"" 4]] [[""A"" 4]] [[""A"" 4]] [[""A"" 4]] [[""A"" 4]] [[""A"" 4]] [[""A"" 4]] [[""A"" 4]] [[""A"" 4]] [[""A"" 4]] [[""A"" 4]] [[""A"" 4]] [[""A"" 4]] [[""A"" 4]] [[""A"" 4]] [[""A"" 4]] [[""A"" 0]] [[""A"" 4]] [[""A"" 4]] [[""A"" 4]] [[""A"" 4]] [[""A"" 4]] [[""A"" 4]] [[""A"" 0]] [[""A"" 4]] [[""A"" 4]] [[""A"" 4]] [[""A"" 4]] [[""A"" 4]] [[""A"" 4]] [[""A"" 4]] [[""A"" 0]] [[""A"" 4]] [[""A"" 4]] [[""A"" 4]] [[""A"" 4]] [[""A"" 4]] [[""A"" 4]] [[""A"" 4]] [[""A"" 4]] [[""A"" 4]] [[""A"" 4]] [[""A"" 4]] [[""A"" 4]] [[""A"" 4]] [[""A"" 4]] [[""A"" 4]] [[""A"" 4]]]] [56 [[[""A"" 4]] [[""A"" 4]] [[""A"" 4]] [[""A"" 4]] [[""A"" 4]] [[""A"" 4]] [[""A"" 4]] [[""A"" 4]] [[""A"" 4]] [[""A"" 4]] [[""A"" 4]] [[""A"" 4]] [[""A"" 4]] [[""A"" 4]] [[""A"" 4]] [[""A"" 4]] [[""A"" 4]] [[""A"" 4]] [[""A"" 0]] [[""A"" 4]] [[""A"" 4]] [[""A"" 4]] [[""A"" 4]] [[""A"" 4]] [[""A"" 4]] [[""A"" 0]] [[""A"" 4]] [[""A"" 4]] [[""A"" 4]] [[""A"" 4]] [[""A"" 4]] [[""A"" 4]] [[""A"" 4]] [[""A"" 0]] [[""A"" 4]] [[""A"" 4]] [[""A"" 4]] [[""A"" 4]] [[""A"" 4]] [[""A"" 4]] [[""A"" 4]] [[""A"" 4]] [[""A"" 4]] [[""A"" 4]] [[""A"" 4]] [[""A"" 4]] [[""A"" 4]] [[""A"" 4]] [[""A"" 4]] [[""A"" 4]]]] [57 [[[""A"" 4]] [[""A"" 4]] [[""A"" 4]] [[""A"" 4]] [[""A"" 4]] [[""A"" 4]] [[""A"" 4]] [[""A"" 4]] [[""A"" 4]] [[""A"" 4]] [[""A"" 4]] [[""A"" 4]] [[""A"" 4]] [[""A"" 4]] [[""A"" 4]] [[""A"" 4]] [[""A"" 4]] [[""A"" 4]] [[""A"" 0]] [[""A"" 4]] [[""A"" 4]] [[""A"" 4]] [[""A"" 4]] [[""A"" 4]] [[""A"" 4]] [[""A"" 0]] [[""A"" 4]] [[""A"" 4]] [[""A"" 4]] [[""A"" 4]] [[""A"" 4]] [[""A"" 4]] [[""A"" 4]] [[""A"" 0]] [[""A"" 4]] [[""A"" 4]] [[""A"" 4]] [[""A"" 4]] [[""A"" 4]] [[""A"" 4]] [[""A"" 4]] [[""A"" 4]] [[""A"" 4]] [[""A"" 4]] [[""A"" 4]] [[""A"" 4]] [[""A"" 4]] [[""A"" 4]] [[""A"" 4]] [[""A"" 4]]]] [58 [[[""A"" 4]] [[""A"" 4]] [[""A"" 4]] [[""A"" 4]] [[""A"" 4]] [[""A"" 4]] [[""A"" 4]] [[""A"" 4]] [[""A"" 4]] [[""A"" 4]] [[""A"" 4]] [[""A"" 4]] [[""A"" 4]] [[""A"" 4]] [[""A"" 4]] [[""A"" 4]] [[""A"" 4]] [[""A"" 4]] [[""A"" 0]] [[""A"" 4]] [[""A"" 4]] [[""A"" 4]] [[""A"" 4]] [[""A"" 4]] [[""A"" 4]] [[""A"" 0]] [[""A"" 4]] [[""A"" 4]] [[""A"" 4]] [[""A"" 4]] [[""A"" 4]] [[""A"" 4]] [[""A"" 4]] [[""A"" 0]] [[""A"" 4]] [[""A"" 4]] [[""A"" 4]] [[""A"" 4]] [[""A"" 4]] [[""A"" 4]] [[""A"" 4]] [[""A"" 4]] [[""A"" 4]] [[""A"" 4]] [[""A"" 4]] [[""A"" 4]] [[""A"" 4]] [[""A"" 4]] [[""A"" 4]] [[""A"" 4]]]] [59 [[[""A"" 4]] [[""A"" 4]] [[""A"" 4]] [[""A"" 4]] [[""A"" 4]] [[""A"" 4]] [[""A"" 4]] [[""A"" 4]] [[""A"" 4]] [[""A"" 4]] [[""A"" 4]] [[""A"" 4]] [[""A"" 4]] [[""A"" 4]] [[""A"" 4]] [[""A"" 4]] [[""A"" 4]] [[""A"" 4]] [[""A"" 0]] [[""A"" 4]] [[""A"" 4]] [[""A"" 4]] [[""A"" 4]] [[""A"" 4]] [[""A"" 4]] [[""A"" 0]] [[""A"" 4]] [[""A"" 4]] [[""A"" 4]] [[""A"" 4]] [[""A"" 4]] [[""A"" 4]] [[""A"" 4]] [[""A"" 0]] [[""A"" 4]] [[""A"" 4]] [[""A"" 4]] [[""A"" 4]] [[""A"" 4]] [[""A"" 4]] [[""A"" 4]] [[""A"" 4]] [[""A"" 4]] [[""A"" 4]] [[""A"" 4]] [[""A"" 4]] [[""A"" 4]] [[""A"" 4]] [[""A"" 4]] [[""A"" 4]]]] [60 [[[""A"" 4]] [[""A"" 4]] [[""A"" 4]] [[""A"" 4]] [[""A"" 4]] [[""A"" 4]] [[""A"" 4]] [[""A"" 4]] [[""A"" 4]] [[""A"" 4]] [[""A"" 4]] [[""A"" 4]] [[""A"" 4]] [[""A"" 4]] [[""A"" 4]] [[""A"" 4]] [[""A"" 4]] [[""A"" 4]] [[""A"" 0]] [[""A"" 4]] [[""A"" 4]] [[""A"" 4]] [[""A"" 4]] [[""A"" 4]] [[""A"" 4]] [[""A"" 0]] [[""A"" 4]] [[""A"" 4]] [[""A"" 4]] [[""A"" 4]] [[""A"" 4]] [[""A"" 4]] [[""A"" 4]] [[""A"" 0]] [[""A"" 4]] [[""A"" 4]] [[""A"" 4]] [[""A"" 4]] [[""A"" 4]] [[""A"" 4]] [[""A"" 4]] [[""A"" 4]] [[""A"" 4]] [[""A"" 4]] [[""A"" 4]] [[""A"" 4]] [[""A"" 4]] [[""A"" 4]] [[""A"" 4]] [[""A"" 4]]]] [61 [[[""A"" 4]] [[""A"" 4]] [[""A"" 4]] [[""A"" 4]] [[""A"" 4]] [[""A"" 4]] [[""A"" 4]] [[""A"" 4]] [[""A"" 4]] [[""A"" 4]] [[""A"" 4]] [[""A"" 4]] [[""A"" 4]] [[""A"" 4]] [[""A"" 4]] [[""A"" 4]] [[""A"" 4]] [[""A"" 4]] [[""A"" 0]] [[""A"" 4]] [[""A"" 4]] [[""A"" 4]] [[""A"" 4]] [[""A"" 4]] [[""A"" 4]] [[""A"" 0]] [[""A"" 4]] [[""A"" 4]] [[""A"" 4]] [[""A"" 4]] [[""A"" 4]] [[""A"" 4]] [[""A"" 4]] [[""A"" 0]] [[""A"" 4]] [[""A"" 4]] [[""A"" 4]] [[""A"" 4]] [[""A"" 4]] [[""A"" 4]] [[""A"" 4]] [[""A"" 4]] [[""A"" 4]] [[""A"" 4]] [[""A"" 4]] [[""A"" 4]] [[""A"" 4]] [[""A"" 4]] [[""A"" 4]] [[""A"" 4]]]] [62 [[[""A"" 4]] [[""A"" 4]] [[""A"" 4]] [[""A"" 4]] [[""A"" 4]] [[""A"" 4]] [[""A"" 4]] [[""A"" 4]] [[""A"" 4]] [[""A"" 4]] [[""A"" 4]] [[""A"" 4]] [[""A"" 4]] [[""A"" 4]] [[""A"" 4]] [[""A"" 4]] [[""A"" 4]] [[""A"" 4]] [[""A"" 0]] [[""A"" 4]] [[""A"" 4]] [[""A"" 4]] [[""A"" 4]] [[""A"" 4]] [[""A"" 4]] [[""A"" 0]] [[""A"" 4]] [[""A"" 4]] [[""A"" 4]] [[""A"" 4]] [[""A"" 4]] [[""A"" 4]] [[""A"" 4]] [[""A"" 0]] [[""A"" 4]] [[""A"" 4]] [[""A"" 4]] [[""A"" 4]] [[""A"" 4]] [[""A"" 4]] [[""A"" 4]] [[""A"" 4]] [[""A"" 4]] [[""A"" 4]] [[""A"" 4]] [[""A"" 4]] [[""A"" 4]] [[""A"" 4]] [[""A"" 4]] [[""A"" 4]]]] [63 [[[""A"" 4]] [[""A"" 4]] [[""A"" 4]] [[""A"" 4]] [[""A"" 4]] [[""A"" 4]] [[""A"" 4]] [[""A"" 4]] [[""A"" 4]] [[""A"" 4]] [[""A"" 4]] [[""A"" 4]] [[""A"" 4]] [[""A"" 4]] [[""A"" 4]] [[""A"" 4]] [[""A"" 4]] [[""A"" 4]] [[""A"" 0]] [[""A"" 4]] [[""A"" 4]] [[""A"" 4]] [[""A"" 4]] [[""A"" 4]] [[""A"" 4]] [[""A"" 0]] [[""A"" 4]] [[""A"" 4]] [[""A"" 4]] [[""A"" 4]] [[""A"" 4]] [[""A"" 4]] [[""A"" 4]] [[""A"" 0]] [[""A"" 4]] [[""A"" 4]] [[""A"" 4]] [[""A"" 4]] [[""A"" 4]] [[""A"" 4]] [[""A"" 4]] [[""A"" 4]] [[""A"" 4]] [[""A"" 4]] [[""A"" 4]] [[""A"" 4]] [[""A"" 4]] [[""A"" 4]] [[""A"" 4]] [[""A"" 4]]]] [64 [[[""A"" 4]] [[""A"" 4]] [[""A"" 4]] [[""A"" 4]] [[""A"" 4]] [[""A"" 4]] [[""A"" 4]] [[""A"" 4]] [[""A"" 4]] [[""A"" 4]] [[""A"" 4]] [[""A"" 4]] [[""A"" 4]] [[""A"" 4]] [[""A"" 4]] [[""A"" 4]] [[""A"" 4]] [[""A"" 4]] [[""A"" 0]] [[""A"" 4]] [[""A"" 4]] [[""A"" 4]] [[""A"" 4]] [[""A"" 4]] [[""A"" 4]] [[""A"" 0]] [[""A"" 4]] [[""A"" 4]] [[""A"" 4]] [[""A"" 4]] [[""A"" 4]] [[""A"" 4]] [[""A"" 4]] [[""A"" 0]] [[""A"" 4]] [[""A"" 4]] [[""A"" 4]] [[""A"" 4]] [[""A"" 4]] [[""A"" 4]] [[""A"" 4]] [[""A"" 4]] [[""A"" 4]] [[""A"" 4]] [[""A"" 4]] [[""A"" 4]] [[""A"" 4]] [[""A"" 4]] [[""A"" 4]] [[""A"" 4]]]] [65 [[[""A"" 4]] [[""A"" 4]] [[""A"" 4]] [[""A"" 4]] [[""A"" 4]] [[""A"" 4]] [[""A"" 4]] [[""A"" 4]] [[""A"" 4]] [[""A"" 4]] [[""A"" 4]] [[""A"" 4]] [[""A"" 4]] [[""A"" 4]] [[""A"" 4]] [[""A"" 4]] [[""A"" 4]] [[""A"" 4]] [[""A"" 0]] [[""A"" 4]] [[""A"" 4]] [[""A"" 4]] [[""A"" 4]] [[""A"" 4]] [[""A"" 4]] [[""A"" 0]] [[""A"" 4]] [[""A"" 4]] [[""A"" 4]] [[""A"" 4]] [[""A"" 4]] [[""A"" 4]] [[""A"" 4]] [[""A"" 0]] [[""A"" 4]] [[""A"" 4]] [[""A"" 4]] [[""A"" 4]] [[""A"" 4]] [[""A"" 4]] [[""A"" 4]] [[""A"" 4]] [[""A"" 4]] [[""A"" 4]] [[""A"" 4]] [[""A"" 4]] [[""A"" 4]] [[""A"" 4]] [[""A"" 4]] [[""A"" 4]]]] [66 [[[""A"" 4]] [[""A"" 4]] [[""A"" 4]] [[""A"" 4]] [[""A"" 4]] [[""A"" 4]] [[""A"" 4]] [[""A"" 4]] [[""A"" 4]] [[""A"" 4]] [[""A"" 4]] [[""A"" 4]] [[""A"" 4]] [[""A"" 4]] [[""A"" 4]] [[""A"" 4]] [[""A"" 4]] [[""A"" 4]] [[""A"" 0]] [[""A"" 4]] [[""A"" 4]] [[""A"" 4]] [[""A"" 4]] [[""A"" 4]] [[""A"" 4]] [[""A"" 0]] [[""A"" 4]] [[""A"" 4]] [[""A"" 4]] [[""A"" 4]] [[""A"" 4]] [[""A"" 4]] [[""A"" 4]] [[""A"" 0]] [[""A"" 4]] [[""A"" 4]] [[""A"" 4]] [[""A"" 4]] [[""A"" 4]] [[""A"" 4]] [[""A"" 4]] [[""A"" 4]] [[""A"" 4]] [[""A"" 4]] [[""A"" 4]] [[""A"" 4]] [[""A"" 4]] [[""A"" 4]] [[""A"" 4]] [[""A"" 4]]]] [67 [[[""A"" 4]] [[""A"" 4]] [[""A"" 4]] [[""A"" 4]] [[""A"" 4]] [[""A"" 4]] [[""A"" 4]] [[""A"" 4]] [[""A"" 4]] [[""A"" 4]] [[""A"" 4]] [[""A"" 4]] [[""A"" 4]] [[""A"" 4]] [[""A"" 4]] [[""A"" 4]] [[""A"" 4]] [[""A"" 4]] [[""A"" 0]] [[""A"" 4]] [[""A"" 4]] [[""A"" 4]] [[""A"" 4]] [[""A"" 4]] [[""A"" 4]] [[""A"" 0]] [[""A"" 4]] [[""A"" 4]] [[""A"" 4]] [[""A"" 4]] [[""A"" 4]] [[""A"" 4]] [[""A"" 4]] [[""A"" 0]] [[""A"" 4]] [[""A"" 4]] [[""A"" 4]] [[""A"" 4]] [[""A"" 4]] [[""A"" 4]] [[""A"" 4]] [[""A"" 4]] [[""A"" 4]] [[""A"" 4]] [[""A"" 4]] [[""A"" 4]] [[""A"" 4]] [[""A"" 4]] [[""A"" 4]] [[""A"" 4]]]] [68 [[[""A"" 4]] [[""A"" 4]] [[""A"" 4]] [[""A"" 4]] [[""A"" 4]] [[""A"" 4]] [[""A"" 4]] [[""A"" 4]] [[""A"" 4]] [[""A"" 4]] [[""A"" 4]] [[""A"" 4]] [[""A"" 4]] [[""A"" 4]] [[""A"" 4]] [[""A"" 4]] [[""A"" 4]] [[""A"" 4]] [[""A"" 0]] [[""A"" 4]] [[""A"" 4]] [[""A"" 4]] [[""A"" 4]] [[""A"" 4]] [[""A"" 4]] [[""A"" 0]] [[""A"" 4]] [[""A"" 4]] [[""A"" 4]] [[""A"" 4]] [[""A"" 4]] [[""A"" 4]] [[""A"" 4]] [[""A"" 0]] [[""A"" 4]] [[""A"" 4]] [[""A"" 4]] [[""A"" 4]] [[""A"" 4]] [[""A"" 4]] [[""A"" 4]] [[""A"" 4]] [[""A"" 4]] [[""A"" 4]] [[""A"" 4]] [[""A"" 4]] [[""A"" 4]] [[""A"" 4]] [[""A"" 4]] [[""A"" 4]]]] [69 [[[""A"" 4]] [[""A"" 4]] [[""A"" 4]] [[""A"" 4]] [[""A"" 4]] [[""A"" 4]] [[""A"" 4]] [[""A"" 4]] [[""A"" 4]] [[""A"" 4]] [[""A"" 4]] [[""A"" 4]] [[""A"" 4]] [[""A"" 4]] [[""A"" 4]] [[""A"" 4]] [[""A"" 4]] [[""A"" 4]] [[""A"" 0]] [[""A"" 4]] [[""A"" 4]] [[""A"" 4]] [[""A"" 4]] [[""A"" 4]] [[""A"" 4]] [[""A"" 0]] [[""A"" 4]] [[""A"" 4]] [[""A"" 4]] [[""A"" 4]] [[""A"" 4]] [[""A"" 4]] [[""A"" 4]] [[""A"" 0]] [[""A"" 4]] [[""A"" 4]] [[""A"" 4]] [[""A"" 4]] [[""A"" 4]] [[""A"" 4]] [[""A"" 4]] [[""A"" 4]] [[""A"" 4]] [[""A"" 4]] [[""A"" 4]] [[""A"" 4]] [[""A"" 4]] [[""A"" 4]] [[""A"" 4]] [[""A"" 4]]]] [70 [[[""A"" 4]] [[""A"" 4]] [[""A"" 4]] [[""A"" 4]] [[""A"" 4]] [[""A"" 4]] [[""A"" 4]] [[""A"" 4]] [[""A"" 4]] [[""A"" 4]] [[""A"" 4]] [[""A"" 4]] [[""A"" 4]] [[""A"" 4]] [[""A"" 4]] [[""A"" 4]] [[""A"" 4]] [[""A"" 4]] [[""A"" 0]] [[""A"" 4]] [[""A"" 4]] [[""A"" 4]] [[""A"" 4]] [[""A"" 4]] [[""A"" 4]] [[""A"" 0]] [[""A"" 4]] [[""A"" 4]] [[""A"" 4]] [[""A"" 4]] [[""A"" 4]] [[""A"" 4]] [[""A"" 4]] [[""A"" 0]] [[""A"" 4]] [[""A"" 4]] [[""A"" 4]] [[""A"" 4]] [[""A"" 4]] [[""A"" 4]] [[""A"" 4]] [[""A"" 4]] [[""A"" 4]] [[""A"" 4]] [[""A"" 4]] [[""A"" 4]] [[""A"" 4]] [[""A"" 4]] [[""A"" 4]] [[""A"" 4]]]] [71 [[[""A"" 4]] [[""A"" 4]] [[""A"" 4]] [[""A"" 4]] [[""A"" 4]] [[""A"" 4]] [[""A"" 4]] [[""A"" 4]] [[""A"" 4]] [[""A"" 4]] [[""A"" 4]] [[""A"" 4]] [[""A"" 4]] [[""A"" 4]] [[""A"" 4]] [[""A"" 4]] [[""A"" 4]] [[""A"" 4]] [[""A"" 0]] [[""A"" 4]] [[""A"" 4]] [[""A"" 4]] [[""A"" 4]] [[""A"" 4]] [[""A"" 4]] [[""A"" 0]] [[""A"" 4]] [[""A"" 4]] [[""A"" 4]] [[""A"" 4]] [[""A"" 4]] [[""A"" 4]] [[""A"" 4]] [[""A"" 0]] [[""A"" 4]] [[""A"" 4]] [[""A"" 4]] [[""A"" 4]] [[""A"" 4]] [[""A"" 4]] [[""A"" 4]] [[""A"" 4]] [[""A"" 4]] [[""A"" 4]] [[""A"" 4]] [[""A"" 4]] [[""A"" 4]] [[""A"" 4]] [[""A"" 4]] [[""A"" 4]]]] [72 [[[""A"" 4]] [[""A"" 4]] [[""A"" 4]] [[""A"" 4]] [[""A"" 4]] [[""A"" 4]] [[""A"" 4]] [[""A"" 4]] [[""A"" 4]] [[""A"" 4]] [[""A"" 4]] [[""A"" 4]] [[""A"" 4]] [[""A"" 4]] [[""A"" 4]] [[""A"" 4]] [[""A"" 4]] [[""A"" 4]] [[""A"" 0]] [[""A"" 4]] [[""A"" 4]] [[""A"" 4]] [[""A"" 4]] [[""A"" 4]] [[""A"" 4]] [[""A"" 0]] [[""A"" 4]] [[""A"" 4]] [[""A"" 4]] [[""A"" 4]] [[""A"" 4]] [[""A"" 4]] [[""A"" 4]] [[""A"" 0]] [[""A"" 4]] [[""A"" 4]] [[""A"" 4]] [[""A"" 4]] [[""A"" 4]] [[""A"" 4]] [[""A"" 4]] [[""A"" 4]] [[""A"" 4]] [[""A"" 4]] [[""A"" 4]] [[""A"" 4]] [[""A"" 4]] [[""A"" 4]] [[""A"" 4]] [[""A"" 4]]]] [73 [[[""A"" 4]] [[""A"" 4]] [[""A"" 4]] [[""A"" 4]] [[""A"" 4]] [[""A"" 4]] [[""A"" 4]] [[""A"" 4]] [[""A"" 4]] [[""A"" 4]] [[""A"" 4]] [[""A"" 4]] [[""A"" 4]] [[""A"" 4]] [[""A"" 4]] [[""A"" 4]] [[""A"" 4]] [[""A"" 4]] [[""A"" 0]] [[""A"" 4]] [[""A"" 4]] [[""A"" 4]] [[""A"" 4]] [[""A"" 4]] [[""A"" 4]] [[""A"" 0]] [[""A"" 4]] [[""A"" 4]] [[""A"" 4]] [[""A"" 4]] [[""A"" 4]] [[""A"" 4]] [[""A"" 4]] [[""A"" 0]] [[""A"" 4]] [[""A"" 4]] [[""A"" 4]] [[""A"" 4]] [[""A"" 4]] [[""A"" 4]] [[""A"" 4]] [[""A"" 4]] [[""A"" 4]] [[""A"" 4]] [[""A"" 4]] [[""A"" 4]] [[""A"" 4]] [[""A"" 4]] [[""A"" 4]] [[""A"" 4]]]] [74 [[[""A"" 4]] [[""A"" 4]] [[""A"" 4]] [[""A"" 4]] [[""A"" 4]] [[""A"" 4]] [[""A"" 4]] [[""A"" 4]] [[""A"" 4]] [[""A"" 4]] [[""A"" 4]] [[""A"" 4]] [[""A"" 4]] [[""A"" 4]] [[""A"" 4]] [[""A"" 4]] [[""A"" 4]] [[""A"" 4]] [[""A"" 0]] [[""A"" 4]] [[""A"" 4]] [[""A"" 4]] [[""A"" 4]] [[""A"" 4]] [[""A"" 4]] [[""A"" 0]] [[""A"" 4]] [[""A"" 4]] [[""A"" 4]] [[""A"" 4]] [[""A"" 4]] [[""A"" 4]] [[""A"" 4]] [[""A"" 0]] [[""A"" 4]] [[""A"" 4]] [[""A"" 4]] [[""A"" 4]] [[""A"" 4]] [[""A"" 4]] [[""A"" 4]] [[""A"" 4]] [[""A"" 4]] [[""A"" 4]] [[""A"" 4]] [[""A"" 4]] [[""A"" 4]] [[""A"" 4]] [[""A"" 4]] [[""A"" 4]]]] [75 [[[""A"" 4]] [[""A"" 4]] [[""A"" 4]] [[""A"" 4]] [[""A"" 4]] [[""A"" 4]] [[""A"" 4]] [[""A"" 4]] [[""A"" 4]] [[""A"" 4]] [[""A"" 4]] [[""A"" 4]] [[""A"" 4]] [[""A"" 4]] [[""A"" 4]] [[""A"" 4]] [[""A"" 4]] [[""A"" 4]] [[""A"" 0]] [[""A"" 4]] [[""A"" 4]] [[""A"" 4]] [[""A"" 4]] [[""A"" 4]] [[""A"" 4]] [[""A"" 0]] [[""A"" 4]] [[""A"" 4]] [[""A"" 4]] [[""A"" 4]] [[""A"" 4]] [[""A"" 4]] [[""A"" 4]] [[""A"" 0]] [[""A"" 4]] [[""A"" 4]] [[""A"" 4]] [[""A"" 4]] [[""A"" 4]] [[""A"" 4]] [[""A"" 4]] [[""A"" 4]] [[""A"" 4]] [[""A"" 4]] [[""A"" 4]] [[""A"" 4]] [[""A"" 4]] [[""A"" 4]] [[""A"" 4]] [[""A"" 4]]]] [76 [[[""A"" 4]] [[""A"" 4]] [[""A"" 4]] [[""A"" 4]] [[""A"" 4]] [[""A"" 4]] [[""A"" 4]] [[""A"" 4]] [[""A"" 4]] [[""A"" 4]] [[""A"" 4]] [[""A"" 4]] [[""A"" 4]] [[""A"" 4]] [[""A"" 4]] [[""A"" 4]] [[""A"" 4]] [[""A"" 4]] [[""A"" 0]] [[""A"" 4]] [[""A"" 4]] [[""A"" 4]] [[""A"" 4]] [[""A"" 4]] [[""A"" 4]] [[""A"" 0]] [[""A"" 4]] [[""A"" 4]] [[""A"" 4]] [[""A"" 4]] [[""A"" 4]] [[""A"" 4]] [[""A"" 4]] [[""A"" 0]] [[""A"" 4]] [[""A"" 4]] [[""A"" 4]] [[""A"" 4]] [[""A"" 4]] [[""A"" 4]] [[""A"" 4]] [[""A"" 4]] [[""A"" 4]] [[""A"" 4]] [[""A"" 4]] [[""A"" 4]] [[""A"" 4]] [[""A"" 4]] [[""A"" 4]] [[""A"" 4]]]] [77 [[[""A"" 4]] [[""A"" 4]] [[""A"" 4]] [[""A"" 4]] [[""A"" 4]] [[""A"" 4]] [[""A"" 4]] [[""A"" 4]] [[""A"" 4]] [[""A"" 4]] [[""A"" 4]] [[""A"" 4]] [[""A"" 4]] [[""A"" 4]] [[""A"" 4]] [[""A"" 4]] [[""A"" 4]] [[""A"" 4]] [[""A"" 0]] [[""A"" 4]] [[""A"" 4]] [[""A"" 4]] [[""A"" 4]] [[""A"" 4]] [[""A"" 4]] [[""A"" 0]] [[""A"" 4]] [[""A"" 4]] [[""A"" 4]] [[""A"" 4]] [[""A"" 4]] [[""A"" 4]] [[""A"" 4]] [[""A"" 0]] [[""A"" 4]] [[""A"" 4]] [[""A"" 4]] [[""A"" 4]] [[""A"" 4]] [[""A"" 4]] [[""A"" 4]] [[""A"" 4]] [[""A"" 4]] [[""A"" 4]] [[""A"" 4]] [[""A"" 4]] [[""A"" 4]] [[""A"" 4]] [[""A"" 4]] [[""A"" 4]]]] [78 [[[""A"" 4]] [[""A"" 4]] [[""A"" 4]] [[""A"" 4]] [[""A"" 4]] [[""A"" 4]] [[""A"" 4]] [[""A"" 4]] [[""A"" 4]] [[""A"" 4]] [[""A"" 4]] [[""A"" 4]] [[""A"" 4]] [[""A"" 4]] [[""A"" 4]] [[""A"" 4]] [[""A"" 4]] [[""A"" 4]] [[""A"" 0]] [[""A"" 4]] [[""A"" 4]] [[""A"" 4]] [[""A"" 4]] [[""A"" 4]] [[""A"" 4]] [[""A"" 0]] [[""A"" 4]] [[""A"" 4]] [[""A"" 4]] [[""A"" 4]] [[""A"" 4]] [[""A"" 4]] [[""A"" 4]] [[""A"" 0]] [[""A"" 4]] [[""A"" 4]] [[""A"" 4]] [[""A"" 4]] [[""A"" 4]] [[""A"" 4]] [[""A"" 4]] [[""A"" 4]] [[""A"" 4]] [[""A"" 4]] [[""A"" 4]] [[""A"" 4]] [[""A"" 4]] [[""A"" 4]] [[""A"" 4]] [[""A"" 4]]]] [79 [[[""A"" 4]] [[""A"" 4]] [[""A"" 4]] [[""A"" 4]] [[""A"" 4]] [[""A"" 4]] [[""A"" 4]] [[""A"" 4]] [[""A"" 4]] [[""A"" 4]] [[""A"" 4]] [[""A"" 4]] [[""A"" 4]] [[""A"" 4]] [[""A"" 4]] [[""A"" 4]] [[""A"" 4]] [[""A"" 4]] [[""A"" 0]] [[""A"" 4]] [[""A"" 4]] [[""A"" 4]] [[""A"" 4]] [[""A"" 4]] [[""A"" 4]] [[""A"" 0]] [[""A"" 4]] [[""A"" 4]] [[""A"" 4]] [[""A"" 4]] [[""A"" 4]] [[""A"" 4]] [[""A"" 4]] [[""A"" 0]] [[""A"" 4]] [[""A"" 4]] [[""A"" 4]] [[""A"" 4]] [[""A"" 4]] [[""A"" 4]] [[""A"" 4]] [[""A"" 4]] [[""A"" 4]] [[""A"" 4]] [[""A"" 4]] [[""A"" 4]] [[""A"" 4]] [[""A"" 4]] [[""A"" 4]] [[""A"" 4]]]] [80 [[[""A"" 4]] [[""A"" 4]] [[""A"" 4]] [[""A"" 4]] [[""A"" 4]] [[""A"" 4]] [[""A"" 4]] [[""A"" 4]] [[""A"" 4]] [[""A"" 4]] [[""A"" 4]] [[""A"" 4]] [[""A"" 4]] [[""A"" 4]] [[""A"" 4]] [[""A"" 4]] [[""A"" 4]] [[""A"" 4]] [[""A"" 0]] [[""A"" 4]] [[""A"" 4]] [[""A"" 4]] [[""A"" 4]] [[""A"" 4]] [[""A"" 4]] [[""A"" 0]] [[""A"" 4]] [[""A"" 4]] [[""A"" 4]] [[""A"" 4]] [[""A"" 4]] [[""A"" 4]] [[""A"" 4]] [[""A"" 0]] [[""A"" 4]] [[""A"" 4]] [[""A"" 4]] [[""A"" 4]] [[""A"" 4]] [[""A"" 4]] [[""A"" 4]] [[""A"" 4]] [[""A"" 4]] [[""A"" 4]] [[""A"" 4]] [[""A"" 4]] [[""A"" 4]] [[""A"" 4]] [[""A"" 4]] [[""A"" 4]]]] [81 [[[""A"" 4]] [[""A"" 4]] [[""A"" 4]] [[""A"" 4]] [[""A"" 4]] [[""A"" 4]] [[""A"" 4]] [[""A"" 4]] [[""A"" 4]] [[""A"" 4]] [[""A"" 4]] [[""A"" 4]] [[""A"" 4]] [[""A"" 4]] [[""A"" 4]] [[""A"" 4]] [[""A"" 4]] [[""A"" 4]] [[""A"" 0]] [[""A"" 4]] [[""A"" 4]] [[""A"" 4]] [[""A"" 4]] [[""A"" 4]] [[""A"" 4]] [[""A"" 0]] [[""A"" 4]] [[""A"" 4]] [[""A"" 4]] [[""A"" 4]] [[""A"" 4]] [[""A"" 4]] [[""A"" 4]] [[""A"" 0]] [[""A"" 4]] [[""A"" 4]] [[""A"" 4]] [[""A"" 4]] [[""A"" 4]] [[""A"" 4]] [[""A"" 4]] [[""A"" 4]] [[""A"" 4]] [[""A"" 4]] [[""A"" 4]] [[""A"" 4]] [[""A"" 4]] [[""A"" 4]] [[""A"" 4]] [[""A"" 4]]]] [82 [[[""A"" 4]] [[""A"" 4]] [[""A"" 4]] [[""A"" 4]] [[""A"" 4]] [[""A"" 4]] [[""A"" 4]] [[""A"" 4]] [[""A"" 4]] [[""A"" 4]] [[""A"" 4]] [[""A"" 4]] [[""A"" 4]] [[""A"" 4]] [[""A"" 4]] [[""A"" 4]] [[""A"" 4]] [[""A"" 4]] [[""A"" 0]] [[""A"" 4]] [[""A"" 4]] [[""A"" 4]] [[""A"" 4]] [[""A"" 4]] [[""A"" 4]] [[""A"" 0]] [[""A"" 4]] [[""A"" 4]] [[""A"" 4]] [[""A"" 4]] [[""A"" 4]] [[""A"" 4]] [[""A"" 4]] [[""A"" 0]] [[""A"" 4]] [[""A"" 4]] [[""A"" 4]] [[""A"" 4]] [[""A"" 4]] [[""A"" 4]] [[""A"" 4]] [[""A"" 4]] [[""A"" 4]] [[""A"" 4]] [[""A"" 4]] [[""A"" 4]] [[""A"" 4]] [[""A"" 4]] [[""A"" 4]] [[""A"" 4]]]] [83 [[[""A"" 4]] [[""A"" 4]] [[""A"" 4]] [[""A"" 4]] [[""A"" 4]] [[""A"" 4]] [[""A"" 4]] [[""A"" 4]] [[""A"" 4]] [[""A"" 4]] [[""A"" 4]] [[""A"" 4]] [[""A"" 4]] [[""A"" 4]] [[""A"" 4]] [[""A"" 4]] [[""A"" 4]] [[""A"" 4]] [[""A"" 0]] [[""A"" 4]] [[""A"" 4]] [[""A"" 4]] [[""A"" 4]] [[""A"" 4]] [[""A"" 4]] [[""A"" 0]] [[""A"" 4]] [[""A"" 4]] [[""A"" 4]] [[""A"" 4]] [[""A"" 4]] [[""A"" 4]] [[""A"" 4]] [[""A"" 0]] [[""A"" 4]] [[""A"" 4]] [[""A"" 4]] [[""A"" 4]] [[""A"" 4]] [[""A"" 4]] [[""A"" 4]] [[""A"" 4]] [[""A"" 4]] [[""A"" 4]] [[""A"" 4]] [[""A"" 4]] [[""A"" 4]] [[""A"" 4]] [[""A"" 4]] [[""A"" 4]]]] [84 [[[""A"" 4]] [[""A"" 4]] [[""A"" 4]] [[""A"" 4]] [[""A"" 4]] [[""A"" 4]] [[""A"" 4]] [[""A"" 4]] [[""A"" 4]] [[""A"" 4]] [[""A"" 4]] [[""A"" 4]] [[""A"" 4]] [[""A"" 4]] [[""A"" 4]] [[""A"" 4]] [[""A"" 4]] [[""A"" 4]] [[""A"" 0]] [[""A"" 4]] [[""A"" 4]] [[""A"" 4]] [[""A"" 4]] [[""A"" 4]] [[""A"" 4]] [[""A"" 0]] [[""A"" 4]] [[""A"" 4]] [[""A"" 4]] [[""A"" 4]] [[""A"" 4]] [[""A"" 4]] [[""A"" 4]] [[""A"" 0]] [[""A"" 4]] [[""A"" 4]] [[""A"" 4]] [[""A"" 4]] [[""A"" 4]] [[""A"" 4]] [[""A"" 4]] [[""A"" 4]] [[""A"" 4]] [[""A"" 4]] [[""A"" 4]] [[""A"" 4]] [[""A"" 4]] [[""A"" 4]] [[""A"" 4]] [[""A"" 4]]]] [85 [[[""A"" 4]] [[""A"" 4]] [[""A"" 4]] [[""A"" 4]] [[""A"" 4]] [[""A"" 4]] [[""A"" 4]] [[""A"" 4]] [[""A"" 4]] [[""A"" 4]] [[""A"" 4]] [[""A"" 4]] [[""A"" 4]] [[""A"" 4]] [[""A"" 4]] [[""A"" 4]] [[""A"" 4]] [[""A"" 4]] [[""A"" 0]] [[""A"" 4]] [[""A"" 4]] [[""A"" 4]] [[""A"" 4]] [[""A"" 4]] [[""A"" 4]] [[""A"" 0]] [[""A"" 4]] [[""A"" 4]] [[""A"" 4]] [[""A"" 4]] [[""A"" 4]] [[""A"" 4]] [[""A"" 4]] [[""A"" 0]] [[""A"" 4]] [[""A"" 4]] [[""A"" 4]] [[""A"" 4]] [[""A"" 4]] [[""A"" 4]] [[""A"" 4]] [[""A"" 4]] [[""A"" 4]] [[""A"" 4]] [[""A"" 4]] [[""A"" 4]] [[""A"" 4]] [[""A"" 4]] [[""A"" 4]] [[""A"" 4]]]] [86 [[[""A"" 4]] [[""A"" 4]] [[""A"" 4]] [[""A"" 4]] [[""A"" 4]] [[""A"" 4]] [[""A"" 4]] [[""A"" 4]] [[""A"" 4]] [[""A"" 4]] [[""A"" 4]] [[""A"" 4]] [[""A"" 4]] [[""A"" 4]] [[""A"" 4]] [[""A"" 4]] [[""A"" 4]] [[""A"" 4]] [[""A"" 0]] [[""A"" 4]] [[""A"" 4]] [[""A"" 4]] [[""A"" 4]] [[""A"" 4]] [[""A"" 4]] [[""A"" 0]] [[""A"" 4]] [[""A"" 4]] [[""A"" 4]] [[""A"" 4]] [[""A"" 4]] [[""A"" 4]] [[""A"" 4]] [[""A"" 0]] [[""A"" 4]] [[""A"" 4]] [[""A"" 4]] [[""A"" 4]] [[""A"" 4]] [[""A"" 4]] [[""A"" 4]] [[""A"" 4]] [[""A"" 4]] [[""A"" 4]] [[""A"" 4]] [[""A"" 4]] [[""A"" 4]] [[""A"" 4]] [[""A"" 4]] [[""A"" 4]]]] [87 [[[""A"" 4]] [[""A"" 4]] [[""A"" 4]] [[""A"" 4]] [[""A"" 4]] [[""A"" 4]] [[""A"" 4]] [[""A"" 4]] [[""A"" 4]] [[""A"" 4]] [[""A"" 4]] [[""A"" 4]] [[""A"" 4]] [[""A"" 4]] [[""A"" 4]] [[""A"" 4]] [[""A"" 4]] [[""A"" 4]] [[""A"" 0]] [[""A"" 4]] [[""A"" 4]] [[""A"" 4]] [[""A"" 4]] [[""A"" 4]] [[""A"" 4]] [[""A"" 0]] [[""A"" 4]] [[""A"" 4]] [[""A"" 4]] [[""A"" 4]] [[""A"" 4]] [[""A"" 4]] [[""A"" 4]] [[""A"" 0]] [[""A"" 4]] [[""A"" 4]] [[""A"" 4]] [[""A"" 4]] [[""A"" 4]] [[""A"" 4]] [[""A"" 4]] [[""A"" 4]] [[""A"" 4]] [[""A"" 4]] [[""A"" 4]] [[""A"" 4]] [[""A"" 4]] [[""A"" 4]] [[""A"" 4]] [[""A"" 4]]]] [88 [[[""A"" 4]] [[""A"" 4]] [[""A"" 4]] [[""A"" 4]] [[""A"" 4]] [[""A"" 4]] [[""A"" 4]] [[""A"" 4]] [[""A"" 4]] [[""A"" 4]] [[""A"" 4]] [[""A"" 4]] [[""A"" 4]] [[""A"" 4]] [[""A"" 4]] [[""A"" 4]] [[""A"" 4]] [[""A"" 4]] [[""A"" 0]] [[""A"" 4]] [[""A"" 4]] [[""A"" 4]] [[""A"" 4]] [[""A"" 4]] [[""A"" 4]] [[""A"" 0]] [[""A"" 4]] [[""A"" 4]] [[""A"" 4]] [[""A"" 4]] [[""A"" 4]] [[""A"" 4]] [[""A"" 4]] [[""A"" 0]] [[""A"" 4]] [[""A"" 4]] [[""A"" 4]] [[""A"" 4]] [[""A"" 4]] [[""A"" 4]] [[""A"" 4]] [[""A"" 4]] [[""A"" 4]] [[""A"" 4]] [[""A"" 4]] [[""A"" 4]] [[""A"" 4]] [[""A"" 4]] [[""A"" 4]] [[""A"" 4]]]] [89 [[[""A"" 4]] [[""A"" 4]] [[""A"" 4]] [[""A"" 4]] [[""A"" 4]] [[""A"" 4]] [[""A"" 4]] [[""A"" 4]] [[""A"" 4]] [[""A"" 4]] [[""A"" 4]] [[""A"" 4]] [[""A"" 4]] [[""A"" 4]] [[""A"" 4]] [[""A"" 4]] [[""A"" 4]] [[""A"" 4]] [[""A"" 0]] [[""A"" 4]] [[""A"" 4]] [[""A"" 4]] [[""A"" 4]] [[""A"" 4]] [[""A"" 4]] [[""A"" 0]] [[""A"" 4]] [[""A"" 4]] [[""A"" 4]] [[""A"" 4]] [[""A"" 4]] [[""A"" 4]] [[""A"" 4]] [[""A"" 0]] [[""A"" 4]] [[""A"" 4]] [[""A"" 4]] [[""A"" 4]] [[""A"" 4]] [[""A"" 4]] [[""A"" 4]] [[""A"" 4]] [[""A"" 4]] [[""A"" 4]] [[""A"" 4]] [[""A"" 4]] [[""A"" 4]] [[""A"" 4]] [[""A"" 4]] [[""A"" 4]]]] [90 [[[""A"" 4]] [[""A"" 4]] [[""A"" 4]] [[""A"" 4]] [[""A"" 4]] [[""A"" 4]] [[""A"" 4]] [[""A"" 4]] [[""A"" 4]] [[""A"" 4]] [[""A"" 4]] [[""A"" 4]] [[""A"" 4]] [[""A"" 4]] [[""A"" 4]] [[""A"" 4]] [[""A"" 4]] [[""A"" 4]] [[""A"" 0]] [[""A"" 4]] [[""A"" 4]] [[""A"" 4]] [[""A"" 4]] [[""A"" 4]] [[""A"" 4]] [[""A"" 0]] [[""A"" 4]] [[""A"" 4]] [[""A"" 4]] [[""A"" 4]] [[""A"" 4]] [[""A"" 4]] [[""A"" 4]] [[""A"" 0]] [[""A"" 4]] [[""A"" 4]] [[""A"" 4]] [[""A"" 4]] [[""A"" 4]] [[""A"" 4]] [[""A"" 4]] [[""A"" 4]] [[""A"" 4]] [[""A"" 4]] [[""A"" 4]] [[""A"" 4]] [[""A"" 4]] [[""A"" 4]] [[""A"" 4]] [[""A"" 4]]]] [91 [[[""A"" 4]] [[""A"" 4]] [[""A"" 4]] [[""A"" 4]] [[""A"" 4]] [[""A"" 4]] [[""A"" 4]] [[""A"" 4]] [[""A"" 4]] [[""A"" 4]] [[""A"" 4]] [[""A"" 4]] [[""A"" 4]] [[""A"" 4]] [[""A"" 4]] [[""A"" 4]] [[""A"" 4]] [[""A"" 4]] [[""A"" 0]] [[""A"" 4]] [[""A"" 4]] [[""A"" 4]] [[""A"" 4]] [[""A"" 4]] [[""A"" 4]] [[""A"" 0]] [[""A"" 4]] [[""A"" 4]] [[""A"" 4]] [[""A"" 4]] [[""A"" 4]] [[""A"" 4]] [[""A"" 4]] [[""A"" 0]] [[""A"" 4]] [[""A"" 4]] [[""A"" 4]] [[""A"" 4]] [[""A"" 4]] [[""A"" 4]] [[""A"" 4]] [[""A"" 4]] [[""A"" 4]] [[""A"" 4]] [[""A"" 4]] [[""A"" 4]] [[""A"" 4]] [[""A"" 4]] [[""A"" 4]] [[""A"" 4]]]] [92 [[[""A"" 4]] [[""A"" 4]] [[""A"" 4]] [[""A"" 4]] [[""A"" 4]] [[""A"" 4]] [[""A"" 4]] [[""A"" 4]] [[""A"" 4]] [[""A"" 4]] [[""A"" 4]] [[""A"" 4]] [[""A"" 4]] [[""A"" 4]] [[""A"" 4]] [[""A"" 4]] [[""A"" 4]] [[""A"" 4]] [[""A"" 0]] [[""A"" 4]] [[""A"" 4]] [[""A"" 4]] [[""A"" 4]] [[""A"" 4]] [[""A"" 4]] [[""A"" 0]] [[""A"" 4]] [[""A"" 4]] [[""A"" 4]] [[""A"" 4]] [[""A"" 4]] [[""A"" 4]] [[""A"" 4]] [[""A"" 0]] [[""A"" 4]] [[""A"" 4]] [[""A"" 4]] [[""A"" 4]] [[""A"" 4]] [[""A"" 4]] [[""A"" 4]] [[""A"" 4]] [[""A"" 4]] [[""A"" 4]] [[""A"" 4]] [[""A"" 4]] [[""A"" 4]] [[""A"" 4]] [[""A"" 4]] [[""A"" 4]]]] [93 [[[""A"" 4]] [[""A"" 4]] [[""A"" 4]] [[""A"" 4]] [[""A"" 4]] [[""A"" 4]] [[""A"" 4]] [[""A"" 4]] [[""A"" 4]] [[""A"" 4]] [[""A"" 4]] [[""A"" 4]] [[""A"" 4]] [[""A"" 4]] [[""A"" 4]] [[""A"" 4]] [[""A"" 4]] [[""A"" 4]] [[""A"" 0]] [[""A"" 4]] [[""A"" 4]] [[""A"" 4]] [[""A"" 4]] [[""A"" 4]] [[""A"" 4]] [[""A"" 0]] [[""A"" 4]] [[""A"" 4]] [[""A"" 4]] [[""A"" 4]] [[""A"" 4]] [[""A"" 4]] [[""A"" 4]] [[""A"" 0]] [[""A"" 4]] [[""A"" 4]] [[""A"" 4]] [[""A"" 4]] [[""A"" 4]] [[""A"" 4]] [[""A"" 4]] [[""A"" 4]] [[""A"" 4]] [[""A"" 4]] [[""A"" 4]] [[""A"" 4]] [[""A"" 4]] [[""A"" 4]] [[""A"" 4]] [[""A"" 4]]]] [94 [[[""A"" 4]] [[""A"" 4]] [[""A"" 4]] [[""A"" 4]] [[""A"" 4]] [[""A"" 4]] [[""A"" 4]] [[""A"" 4]] [[""A"" 4]] [[""A"" 4]] [[""A"" 4]] [[""A"" 4]] [[""A"" 4]] [[""A"" 4]] [[""A"" 4]] [[""A"" 4]] [[""A"" 4]] [[""A"" 4]] [[""A"" 0]] [[""A"" 4]] [[""A"" 4]] [[""A"" 4]] [[""A"" 4]] [[""A"" 4]] [[""A"" 4]] [[""A"" 0]] [[""A"" 4]] [[""A"" 4]] [[""A"" 4]] [[""A"" 4]] [[""A"" 4]] [[""A"" 4]] [[""A"" 4]] [[""A"" 0]] [[""A"" 4]] [[""A"" 4]] [[""A"" 4]] [[""A"" 4]] [[""A"" 4]] [[""A"" 4]] [[""A"" 4]] [[""A"" 4]] [[""A"" 4]] [[""A"" 4]] [[""A"" 4]] [[""A"" 4]] [[""A"" 4]] [[""A"" 4]] [[""A"" 4]] [[""A"" 4]]]] [95 [[[""A"" 4]] [[""A"" 4]] [[""A"" 4]] [[""A"" 4]] [[""A"" 4]] [[""A"" 4]] [[""A"" 4]] [[""A"" 4]] [[""A"" 4]] [[""A"" 4]] [[""A"" 4]] [[""A"" 4]] [[""A"" 4]] [[""A"" 4]] [[""A"" 4]] [[""A"" 4]] [[""A"" 4]] [[""A"" 4]] [[""A"" 0]] [[""A"" 4]] [[""A"" 4]] [[""A"" 4]] [[""A"" 4]] [[""A"" 4]] [[""A"" 4]] [[""A"" 0]] [[""A"" 4]] [[""A"" 4]] [[""A"" 4]] [[""A"" 4]] [[""A"" 4]] [[""A"" 4]] [[""A"" 4]] [[""A"" 0]] [[""A"" 4]] [[""A"" 4]] [[""A"" 4]] [[""A"" 4]] [[""A"" 4]] [[""A"" 4]] [[""A"" 4]] [[""A"" 4]] [[""A"" 4]] [[""A"" 4]] [[""A"" 4]] [[""A"" 4]] [[""A"" 4]] [[""A"" 4]] [[""A"" 4]] [[""A"" 4]]]] [96 [[[""A"" 4]] [[""A"" 4]] [[""A"" 4]] [[""A"" 4]] [[""A"" 4]] [[""A"" 4]] [[""A"" 4]] [[""A"" 4]] [[""A"" 4]] [[""A"" 4]] [[""A"" 4]] [[""A"" 4]] [[""A"" 4]] [[""A"" 4]] [[""A"" 4]] [[""A"" 4]] [[""A"" 4]] [[""A"" 4]] [[""A"" 0]] [[""A"" 4]] [[""A"" 4]] [[""A"" 4]] [[""A"" 4]] [[""A"" 4]] [[""A"" 4]] [[""A"" 0]] [[""A"" 4]] [[""A"" 4]] [[""A"" 4]] [[""A"" 4]] [[""A"" 4]] [[""A"" 4]] [[""A"" 4]] [[""A"" 0]] [[""A"" 4]] [[""A"" 4]] [[""A"" 4]] [[""A"" 4]] [[""A"" 4]] [[""A"" 4]] [[""A"" 4]] [[""A"" 4]] [[""A"" 4]] [[""A"" 4]] [[""A"" 4]] [[""A"" 4]] [[""A"" 4]] [[""A"" 4]] [[""A"" 4]] [[""A"" 4]]]] [97 [[[""A"" 4]] [[""A"" 4]] [[""A"" 4]] [[""A"" 4]] [[""A"" 4]] [[""A"" 4]] [[""A"" 4]] [[""A"" 4]] [[""A"" 4]] [[""A"" 4]] [[""A"" 4]] [[""A"" 4]] [[""A"" 4]] [[""A"" 4]] [[""A"" 4]] [[""A"" 4]] [[""A"" 4]] [[""A"" 4]] [[""A"" 0]] [[""A"" 4]] [[""A"" 4]] [[""A"" 4]] [[""A"" 4]] [[""A"" 4]] [[""A"" 4]] [[""A"" 0]] [[""A"" 4]] [[""A"" 4]] [[""A"" 4]] [[""A"" 4]] [[""A"" 4]] [[""A"" 4]] [[""A"" 4]] [[""A"" 0]] [[""A"" 4]] [[""A"" 4]] [[""A"" 4]] [[""A"" 4]] [[""A"" 4]] [[""A"" 4]] [[""A"" 4]] [[""A"" 4]] [[""A"" 4]] [[""A"" 4]] [[""A"" 4]] [[""A"" 4]] [[""A"" 4]] [[""A"" 4]] [[""A"" 4]] [[""A"" 4]]]] [98 [[[""A"" 4]] [[""A"" 4]] [[""A"" 4]] [[""A"" 4]] [[""A"" 4]] [[""A"" 4]] [[""A"" 4]] [[""A"" 4]] [[""A"" 4]] [[""A"" 4]] [[""A"" 4]] [[""A"" 4]] [[""A"" 4]] [[""A"" 4]] [[""A"" 4]] [[""A"" 4]] [[""A"" 4]] [[""A"" 4]] [[""A"" 0]] [[""A"" 4]] [[""A"" 4]] [[""A"" 4]] [[""A"" 4]] [[""A"" 4]] [[""A"" 4]] [[""A"" 0]] [[""A"" 4]] [[""A"" 4]] [[""A"" 4]] [[""A"" 4]] [[""A"" 4]] [[""A"" 4]] [[""A"" 4]] [[""A"" 0]] [[""A"" 4]] [[""A"" 4]] [[""A"" 4]] [[""A"" 4]] [[""A"" 4]] [[""A"" 4]] [[""A"" 4]] [[""A"" 4]] [[""A"" 4]] [[""A"" 4]] [[""A"" 4]] [[""A"" 4]] [[""A"" 4]] [[""A"" 4]] [[""A"" 4]] [[""A"" 4]]]] [99 [[[""A"" 4]] [[""A"" 4]] [[""A"" 4]] [[""A"" 4]] [[""A"" 4]] [[""A"" 4]] [[""A"" 4]] [[""A"" 4]] [[""A"" 4]] [[""A"" 4]] [[""A"" 4]] [[""A"" 4]] [[""A"" 4]] [[""A"" 4]] [[""A"" 4]] [[""A"" 4]] [[""A"" 4]] [[""A"" 4]] [[""A"" 0]] [[""A"" 4]] [[""A"" 4]] [[""A"" 4]] [[""A"" 4]] [[""A"" 4]] [[""A"" 4]] [[""A"" 0]] [[""A"" 4]] [[""A"" 4]] [[""A"" 4]] [[""A"" 4]] [[""A"" 4]] [[""A"" 4]] [[""A"" 4]] [[""A"" 0]] [[""A"" 4]] [[""A"" 4]] [[""A"" 4]] [[""A"" 4]] [[""A"" 4]] [[""A"" 4]] [[""A"" 4]] [[""A"" 4]] [[""A"" 4]] [[""A"" 4]] [[""A"" 4]] [[""A"" 4]] [[""A"" 4]] [[""A"" 4]] [[""A"" 4]] [[""A"" 4]]]]]","""discrete""","3","1","10","1","true","""polarized""","[""A""]","0.1","true","[]","""average-bel""","true","4","true","""sigmoid-stubborn""","20","false","2","true","0.35","""C:/Users/cknox02/Documents/nicks outputs28-Feb-2023-parameter-sweep-low-res/2/appeal-mean/normal/15/polarized/0.25/0.25/10/2""","false","1500","0","0.05","false","""barabasi-albert""","""appeal-mean""","5","""[[0.6,0.16,0.24],\n  [0.40,0.2,0.4],\n  [0.21,0.14,0.65]]""","""C:/Users/cknox02/Documents/nicks outputs28-Feb-2023-parameter-sweep-low-res/graphs/2-appeal-mean-normal-15-polarized-0.25-0.25-10-2.csv""","true","0","""default""","false","true","true","1","3","1","""distribution""","""normal""","""three-polarized""","15","""D:/school/grad-school/Tufts/research/cog-contagion-media-ecosystem/ecosystems/""","""gradual""","1","""D:/school/grad-school/Tufts/research/cog-contagion-media-ecosystem/messaging-data/""","0","50","2","""C:/Users/cknox02/Documents/nicks outputs28-Feb-2023-parameter-sweep-low-res/graphs/2-appeal-mean-normal-15-normal-0.75-0.75-2-2.csv""","0","true","true","true","""C:/Users/cknox02/Documents/nicks outputs""","0.15","""cognitive""","20","100","[[""Q1"" [""A""]]]","5","0.5","0.25","0.25"

"TURTLES"
"who","color","heading","xcor","ycor","shape","label","label-color","breed","hidden?","size","pen-size","pen-mode","idee","brain","messages-heard","messages-believed","messages-sent","agent-messages-memory"
"0","[85 0 170]","38.297872340425535","2.7442667042222855","3.6797197896247384","""circle""","""""","9.9","{breed citizens}","false","0.5","1","""up""",,"[[""ID"" 32] [""alpha"" 1] [""beta"" 1] [""malleable"" [""A""]] [""prior"" []] [""cont_tokens"" []] [""A"" 4]]","[[0 [2 3 4 6 7 8 9 11 12 13 14]] [1 [15 16 17 18 19 20 21 22 23 24 25 26 27 28 29]] [2 [30 31 32 33 34 35 36 37 38 39 40 41 42 43 44]] [3 [45 46 47 48 49 50 51 52 53 54 55 56 57 58 59]] [4 [60 61 62 63 64 65 66 67 68 69 70 71 72 73 74]] [5 [75 76 77 78 79 80 81 82 83 84 85 86 87 88 89]] [6 [90 91 92 93 94 95 96 97 98 99 100 101 102 103 104]] [7 [105 106 107 108 109 110 111 112 113 114 115 116 117 118 119]] [8 [120 121 122 123 124 125 126 127 128 129 130 131 132 133 134]] [9 [135 136 137 138 139 140 141 142 143 144 145 146 147 148 149]] [10 [150 151 152 153 154 155 156 157 158 159 160 161 162 163 164]] [11 [165 166 167 168 169 170 171 172 173 174 175 176 177 178 179]] [12 [180 181 182 183 184 185 186 187 188 189 190 191 192 193 194]] [13 [195 196 197 198 199 200 201 202 203 204 205 206 207 208 209]] [14 [210 211 212 213 214 215 216 217 218 219 220 221 222 223 224]] [15 [225 226 227 228 229 230 231 232 233 234 235 236 237 238 239]] [16 [240 241 242 243 244 245 246 247 248 249 250 251 252 253 254]] [17 [255 256 257 258 259 260 261 262 263 264 265 266 267 268 269]] [18 [270 271 272 273 274 275 276 277 278 279 280 281 282 283 284]] [19 [285 286 287 288 289 290 291 292 293 294 295 296 297 298 299]] [20 [300 301 302 303 304 305 306 307 308 309 310 311 312 313 314]] [21 [315 316 317 318 319 320 321 322 323 324 325 326 327 328 329]] [22 [330 331 332 333 334 335 336 337 338 339 340 341 342 343 344]] [23 [345 346 347 348 349 350 351 352 353 354 355 356 357 358 359]] [24 [360 361 362 363 364 365 366 367 368 369 370 371 372 373 374]] [25 [375 376 377 378 379 380 381 382 383 384 385 386 387 388 389]] [26 [390 391 392 393 394 395 396 397 398 399 400 401 402 403 404]] [27 [405 406 407 408 409 410 411 412 413 414 415 416 417 418 419]] [28 [420 421 422 423 424 425 426 427 428 429 430 431 432 433 434]] [29 [435 436 437 438 439 440 441 442 443 444 445 446 447 448 449]] [30 [450 451 452 453 454 455 456 457 458 459 460 461 462 463 464]] [31 [465 466 467 468 469 470 471 472 473 474 475 476 477 478 479]] [32 [480 481 482 483 484 485 486 487 488 489 490 491 492 493 494]] [33 [495 496 497 498 499 500 501 502 503 504 505 506 507 508 509]] [34 [510 511 512 513 514 515 516 517 518 519 520 521 522 523 524]] [35 [525 526 527 528 529 530 531 532 533 534 535 536 537 538 539]] [36 [540 541 542 543 544 545 546 547 548 549 550 551 552 553 554]] [37 [555 556 557 558 559 560 561 562 563 564 565 566 567 568 569]] [38 [570 571 572 573 574 575 576 577 578 579 580 581 582 583 584]] [39 [585 586 587 588 589 590 591 592 593 594 595 596 597 598 599]] [40 [600 601 602 603 604 605 606 607 608 609 610 611 612 613 614]] [41 [615 616 617 618 619 620 621 622 623 624 625 626 627 628 629]] [42 [630 631 632 633 634 635 636 637 638 639 640 641 642 643 644]] [43 [645 646 647 648 649 650 651 652 653 654 655 656 657 658 659]] [44 [660 661 662 663 664 665 666 667 668 669 670 671 672 673 674]] [45 [675 676 677 678 679 680 681 682 683 684 685 686 687 688 689]] [46 [690 691 692 693 694 695 696 697 698 699 700 701 702 703 704]] [47 [705 706 707 708 709 710 711 712 713 714 715 716 717 718 719]] [48 [720 721 722 723 724 725 726 727 728 729 730 731 732 733 734]] [49 [735 736 737 738 739 740 741 742 743 744 745 746 747 748 749]] [50 [750 751 752 753 754 755 756 757 758 759 760 761 762 763 764]] [51 [765 766 767 768 769 770 771 772 773 774 775 776 777 778 779]] [52 [780 781 782 783 784 785 786 787 788 789 790 791 792 793 794]] [53 [795 796 797 798 799 800 801 802 803 804 805 806 807 808 809]] [54 [810 811 812 813 814 815 816 817 818 819 820 821 822 823 824]] [55 [825 826 827 828 829 830 831 832 833 834 835 836 837 838 839]] [56 [840 841 842 843 844 845 846 847 848 849 850 851 852 853 854]] [57 [855 856 857 858 859 860 861 862 863 864 865 866 867 868 869]] [58 [870 871 872 873 874 875 876 877 878 879 880 881 882 883 884]] [59 [885 886 887 888 889 890 891 892 893 894 895 896 897 898 899]] [60 [900 901 902 903 904 905 906 907 908 909 910 911 912 913 914]] [61 [915 916 917 918 919 920 921 922 923 924 925 926 927 928 929]] [62 [930 931 932 933 934 935 936 937 938 939 940 941 942 943 944]] [63 [945 946 947 948 949 950 951 952 953 954 955 956 957 958 959]] [64 [960 961 962 963 964 965 966 967 968 969 970 971 972 973 974]] [65 [975 976 977 978 979 980 981 982 983 984 985 986 987 988 989]] [66 [990 991 992 993 994 995 996 997 998 999 1000 1001 1002 1003 1004]] [67 [1005 1006 1007 1008 1009 1010 1011 1012 1013 1014 1015 1016 1017 1018 1019]] [68 [1020 1021 1022 1023 1024 1025 1026 1027 1028 1029 1030 1031 1032 1033 1034]] [69 [1035 1036 1037 1038 1039 1040 1041 1042 1043 1044 1045 1046 1047 1048 1049]] [70 [1050 1051 1052 1053 1054 1055 1056 1057 1058 1059 1060 1061 1062 1063 1064]] [71 [1065 1066 1067 1068 1069 1070 1071 1072 1073 1074 1075 1076 1077 1078 1079]] [72 [1080 1081 1082 1083 1084 1085 1086 1087 1088 1089 1090 1091 1092 1093 1094]] [73 [1095 1096 1097 1098 1099 1100 1101 1102 1103 1104 1105 1106 1107 1108 1109]] [74 [1110 1111 1112 1113 1114 1115 1116 1117 1118 1119 1120 1121 1122 1123 1124]] [75 [1125 1126 1127 1128 1129 1130 1131 1132 1133 1134 1135 1136 1137 1138 1139]] [76 [1140 1141 1142 1143 1144 1145 1146 1147 1148 1149 1150 1151 1152 1153 1154]] [77 [1155 1156 1157 1158 1159 1160 1161 1162 1163 1164 1165 1166 1167 1168 1169]] [78 [1170 1171 1172 1173 1174 1175 1176 1177 1178 1179 1180 1181 1182 1183 1184]] [79 [1185 1186 1187 1188 1189 1190 1191 1192 1193 1194 1195 1196 1197 1198 1199]] [80 [1200 1201 1202 1203 1204 1205 1206 1207 1208 1209 1210 1211 1212 1213 1214]] [81 [1215 1216 1217 1218 1219 1220 1221 1222 1223 1224 1225 1226 1227 1228 1229]] [82 [1230 1231 1232 1233 1234 1235 1236 1237 1238 1239 1240 1241 1242 1243 1244]] [83 [1245 1246 1247 1248 1249 1250 1251 1252 1253 1254 1255 1256 1257 1258 1259]] [84 [1260 1261 1262 1263 1264 1265 1266 1267 1268 1269 1270 1271 1272 1273 1274]] [85 [1275 1276 1277 1278 1279 1280 1281 1282 1283 1284 1285 1286 1287 1288 1289]] [86 [1290 1291 1292 1293 1294 1295 1296 1297 1298 1299 1300 1301 1302 1303 1304]] [87 [1305 1306 1307 1308 1309 1310 1311 1312 1313 1314 1315 1316 1317 1318 1319]] [88 [1320 1321 1322 1323 1324 1325 1326 1327 1328 1329 1330 1331 1332 1333 1334]] [89 [1335 1336 1337 1338 1339 1340 1341 1342 1343 1344 1345 1346 1347 1348 1349]] [90 [1350 1351 1352 1353 1354 1355 1356 1357 1358 1359 1360 1361 1362 1363 1364]] [91 [1365 1366 1367 1368 1369 1370 1371 1372 1373 1374 1375 1376 1377 1378 1379]] [92 [1380 1381 1382 1383 1384 1385 1386 1387 1388 1389 1390 1391 1392 1393 1394]] [93 [1395 1396 1397 1398 1399 1400 1401 1402 1403 1404 1405 1406 1407 1408 1409]] [94 [1410 1411 1412 1413 1414 1415 1416 1417 1418 1419 1420 1421 1422 1423 1424]] [95 [1425 1426 1427 1428 1429 1430 1431 1432 1433 1434 1435 1436 1437 1438 1439]] [96 [1440 1441 1442 1443 1444 1445 1446 1447 1448 1449 1450 1451 1452 1453 1454]] [97 [1455 1456 1457 1458 1459 1460 1461 1462 1463 1464 1465 1466 1467 1468 1469]] [98 [1470 1471 1472 1473 1474 1475 1476 1477 1478 1479 1480 1481 1482 1483 1484]] [99 [1485 1486 1487 1488 1489 1490 1491 1492 1493 1494 1495 1496 1497 1498 1499]]]","[[0 [3 4 6 7 8 9 11 12 13 14]] [1 [15 16 17 18 19 20 21 22 23 24 26 27 28 29]] [2 [30 31 32 33 34 35 36 37 38 39 40 41 42 43 44]] [3 [45 46 47 48 49 50 51 52 53 54 55 56 57 58 59]] [4 [60 61 62 63 64 65 66 67 68 69 70 71 72 73 74]] [5 [75 76 77 78 79 80 81 82 83 84 85 86 87 88 89]] [6 [90 91 92 93 94 95 96 97 98 99 100 101 102 103 104]] [7 [105 106 107 108 109 110 111 112 113 114 115 116 117 118 119]] [8 [120 121 122 123 124 125 126 127 128 129 130 131 132 133 134]] [9 [135 136 137 138 139 140 141 142 143 144 145 146 147 148 149]] [10 [150 151 152 153 154 155 156 157 158 159 160 161 162 163 164]] [11 [165 166 167 168 169 170 171 172 173 174 175 176 177 178 179]] [12 [180 181 182 183 184 185 186 187 188 189 190 191 192 193 194]] [13 [195 196 197 198 199 200 201 202 203 204 205 206 207 208 209]] [14 [210 211 212 213 214 215 216 217 218 219 220 221 222 223 224]] [15 [225 226 227 228 229 230 231 232 233 234 235 236 237 238 239]] [16 [240 241 242 243 244 245 246 247 248 249 250 251 252 253 254]] [17 [255 256 257 258 259 260 261 262 263 264 265 266 267 268 269]] [18 [270 271 272 273 274 275 276 277 278 279 280 281 282 283 284]] [19 [285 286 287 288 289 290 291 292 293 294 295 296 297 298 299]] [20 [300 301 302 303 304 305 306 307 308 309 310 311 312 313 314]] [21 [315 316 317 318 319 320 321 322 323 324 325 326 327 328 329]] [22 [330 331 332 333 334 335 336 337 338 339 340 341 342 343 344]] [23 [345 346 347 348 349 350 351 352 353 354 355 356 357 358 359]] [24 [360 361 362 363 364 365 366 367 368 369 370 371 372 373 374]] [25 [375 376 377 378 379 380 381 382 383 384 385 386 387 388 389]] [26 [390 391 392 393 394 395 396 397 398 399 400 401 402 403 404]] [27 [405 406 407 408 409 410 411 412 413 414 415 416 417 418 419]] [28 [420 421 422 423 424 425 426 427 428 429 430 431 432 433 434]] [29 [435 436 437 438 439 440 441 442 443 444 445 446 447 448 449]] [30 [450 451 452 453 454 455 456 457 458 459 460 461 462 463 464]] [31 [465 466 467 468 469 470 471 472 473 474 475 476 477 478 479]] [32 [480 481 482 483 484 485 486 487 488 489 490 491 492 493 494]] [33 [495 496 497 498 499 500 501 502 503 504 505 506 507 508 509]] [34 [510 511 512 513 514 515 516 517 518 519 520 521 522 523 524]] [35 [525 526 527 528 529 530 531 532 533 534 535 536 537 538 539]] [36 [540 541 542 543 544 545 546 547 548 549 550 551 552 553 554]] [37 [555 556 557 558 559 560 561 562 563 564 565 566 567 568 569]] [38 [570 571 572 573 574 575 576 577 578 579 580 581 582 583 584]] [39 [585 586 587 588 589 590 591 592 593 594 595 596 597 598 599]] [40 [600 601 602 603 604 605 606 607 608 609 610 611 612 613 614]] [41 [615 616 617 618 619 620 621 622 623 624 625 626 627 628 629]] [42 [630 631 632 633 634 635 636 637 638 639 640 641 642 643 644]] [43 [645 646 647 648 649 650 651 652 653 654 655 656 657 658 659]] [44 [660 661 662 663 664 665 666 667 668 669 670 671 672 673 674]] [45 [675 676 677 678 679 680 681 682 683 684 685 686 687 688 689]] [46 [690 691 692 693 694 695 696 697 698 699 700 701 702 703 704]] [47 [705 706 707 708 709 710 711 712 713 714 715 716 717 718 719]] [48 [720 721 722 723 724 725 726 727 728 729 730 731 732 733 734]] [49 [735 736 737 738 739 740 741 742 743 744 745 746 747 748 749]] [50 [750 751 752 753 754 755 756 757 758 759 760 761 762 763 764]] [51 [765 766 767 768 769 770 771 772 773 774 775 776 777 778 779]] [52 [780 781 782 783 784 785 786 787 788 789 790 791 792 793 794]] [53 [795 796 797 798 799 800 801 802 803 804 805 806 807 808 809]] [54 [810 811 812 813 814 815 816 817 818 819 820 821 822 823 824]] [55 [825 826 827 828 829 830 831 832 833 834 835 836 837 838 839]] [56 [840 841 842 843 844 845 846 847 848 849 850 851 852 853 854]] [57 [855 856 857 858 859 860 861 862 863 864 865 866 867 868 869]] [58 [870 871 872 873 874 875 876 877 878 879 880 881 882 883 884]] [59 [885 886 887 888 889 890 891 892 893 894 895 896 897 898 899]] [60 [900 901 902 903 904 905 906 907 908 909 910 911 912 913 914]] [61 [915 916 917 918 919 920 921 922 923 924 925 926 927 928 929]] [62 [930 931 932 933 934 935 936 937 938 939 940 941 942 943 944]] [63 [945 946 947 948 949 950 951 952 953 954 955 956 957 958 959]] [64 [960 961 962 963 964 965 966 967 968 969 970 971 972 973 974]] [65 [975 976 977 978 979 980 981 982 983 984 985 986 987 988 989]] [66 [990 991 992 993 994 995 996 997 998 999 1000 1001 1002 1003 1004]] [67 [1005 1006 1007 1008 1009 1010 1011 1012 1013 1014 1015 1016 1017 1018 1019]] [68 [1020 1021 1022 1023 1024 1025 1026 1027 1028 1029 1030 1031 1032 1033 1034]] [69 [1035 1036 1037 1038 1039 1040 1041 1042 1043 1044 1045 1046 1047 1048 1049]] [70 [1050 1051 1052 1053 1054 1055 1056 1057 1058 1059 1060 1061 1062 1063 1064]] [71 [1065 1066 1067 1068 1069 1070 1071 1072 1073 1074 1075 1076 1077 1078 1079]] [72 [1080 1081 1082 1083 1084 1085 1086 1087 1088 1089 1090 1091 1092 1093 1094]] [73 [1095 1096 1097 1098 1099 1100 1101 1102 1103 1104 1105 1106 1107 1108 1109]] [74 [1110 1111 1112 1113 1114 1115 1116 1117 1118 1119 1120 1121 1122 1123 1124]] [75 [1125 1126 1127 1128 1129 1130 1131 1132 1133 1134 1135 1136 1137 1138 1139]] [76 [1140 1141 1142 1143 1144 1145 1146 1147 1148 1149 1150 1151 1152 1153 1154]] [77 [1155 1156 1157 1158 1159 1160 1161 1162 1163 1164 1165 1166 1167 1168 1169]] [78 [1170 1171 1172 1173 1174 1175 1176 1177 1178 1179 1180 1181 1182 1183 1184]] [79 [1185 1186 1187 1188 1189 1190 1191 1192 1193 1194 1195 1196 1197 1198 1199]] [80 [1200 1201 1202 1203 1204 1205 1206 1207 1208 1209 1210 1211 1212 1213 1214]] [81 [1215 1216 1217 1218 1219 1220 1221 1222 1223 1224 1225 1226 1227 1228 1229]] [82 [1230 1231 1232 1233 1234 1235 1236 1237 1238 1239 1240 1241 1242 1243 1244]] [83 [1245 1246 1247 1248 1249 1250 1251 1252 1253 1254 1255 1256 1257 1258 1259]] [84 [1260 1261 1262 1263 1264 1265 1266 1267 1268 1269 1270 1271 1272 1273 1274]] [85 [1275 1276 1277 1278 1279 1280 1281 1282 1283 1284 1285 1286 1287 1288 1289]] [86 [1290 1291 1292 1293 1294 1295 1296 1297 1298 1299 1300 1301 1302 1303 1304]] [87 [1305 1306 1307 1308 1309 1310 1311 1312 1313 1314 1315 1316 1317 1318 1319]] [88 [1320 1321 1322 1323 1324 1325 1326 1327 1328 1329 1330 1331 1332 1333 1334]] [89 [1335 1336 1337 1338 1339 1340 1341 1342 1343 1344 1345 1346 1347 1348 1349]] [90 [1350 1351 1352 1353 1354 1355 1356 1357 1358 1359 1360 1361 1362 1363 1364]] [91 [1365 1366 1367 1368 1369 1370 1371 1372 1373 1374 1375 1376 1377 1378 1379]] [92 [1380 1381 1382 1383 1384 1385 1386 1387 1388 1389 1390 1391 1392 1393 1394]] [93 [1395 1396 1397 1398 1399 1400 1401 1402 1403 1404 1405 1406 1407 1408 1409]] [94 [1410 1411 1412 1413 1414 1415 1416 1417 1418 1419 1420 1421 1422 1423 1424]] [95 [1425 1426 1427 1428 1429 1430 1431 1432 1433 1434 1435 1436 1437 1438 1439]] [96 [1440 1441 1442 1443 1444 1445 1446 1447 1448 1449 1450 1451 1452 1453 1454]] [97 [1455 1456 1457 1458 1459 1460 1461 1462 1463 1464 1465 1466 1467 1468 1469]] [98 [1470 1471 1472 1473 1474 1475 1476 1477 1478 1479 1480 1481 1482 1483 1484]] [99 [1485 1486 1487 1488 1489 1490 1491 1492 1493 1494 1495 1496 1497 1498 1499]]]",,"[[{citizen 1} [[""A"" [4 4 4 4 4 4 4 4 4 4]]]] [{citizen 2} [[""A"" [4 4 4 4 4 4 4 4 4 4]]]] [{citizen 3} [[""A"" [4 4 4 4 4 4 4 4 4 4]]]] [{citizen 4} [[""A"" [4 4 4 4 4 4 4 4 4 4]]]] [{citizen 5} [[""A"" [4 4 4 4 4 4 4 4 4 4]]]] [{citizen 6} [[""A"" [4 4 4 4 4 4 4 4 4 4]]]] [{citizen 7} [[""A"" [4 4 4 4 4 4 4 4 4 4]]]] [{citizen 8} [[""A"" [4 4 4 4 4 4 4 4 4 4]]]] [{citizen 9} [[""A"" [4 4 4 4 4 4 4 4 4 4]]]] [{citizen 10} [[""A"" [4 4 4 4 4 4 4 4 4 4]]]] [{citizen 12} [[""A"" [4 4 4 4 4 4 4 4 4 4]]]] [{citizen 18} [[""A"" [0 0 0 0 0 0 0 0 0 0]]]] [{citizen 24} [[""A"" [4 4 4 4 4 4 4 4 4 4]]]] [{citizen 28} [[""A"" [4 4 4 4 4 4 4 4 4 4]]]] [{citizen 30} [[""A"" [4 4 4 4 4 4 4 4 4 4]]]] [{citizen 32} [[""A"" [4 4 4 4 4 4 4 4 4 4]]]] [{media 52} [[""A"" [4 4 4 4 4 4 4 4 4 4]]]] [{media 53} [[""A"" [4 4 4 4 4 4 4 4 4 4]]]] [{media 54} [[""A"" [4 4 4 4 4 4 4 4 4 4]]]] [{media 55} [[""A"" [4 4 4 4 4 4 4 4 4 4]]]] [{media 56} [[""A"" [4 4 4 4 4 4 4 4 4 4]]]] [{media 58} [[""A"" [4 4 4 4 4 4 4 4 4 4]]]] [{media 59} [[""A"" [4 4 4 4 4 4 4 4 4 4]]]] [{media 60} [[""A"" [4 4 4 4 4 4 4 4 4 4]]]] [{media 61} [[""A"" [4 4 4 4 4 4 4 4 4 4]]]] [{media 63} [[""A"" [4 4 4 4 4 4 4 4 4 4]]]] [{media 64} [[""A"" [4 4 4 4 4 4 4 4 4 4]]]] [{citizen 49} [[""A"" [4 4 4 4 4 4 4 4 4 4]]]] [{citizen 17} [[""A"" [4 4 4 4 4 4 4 4 4 4]]]] [{citizen 46} [[""A"" [4 4 4 4 4 4 4 4 4 4]]]] [{citizen 27} [[""A"" [4 4 4 4 4 4 4 4 4 4]]]] [{citizen 45} [[""A"" [4 4 4 4 4 4 4 4 4 4]]]] [{media 51} [[""A"" [4 4 4 4 4 4 4 4 4 4]]]] [{citizen 21} [[""A"" [4 4 4 4 4 4 4 4 4 4]]]] [{citizen 23} [[""A"" [4 4 4 4 4 4 4 4 4 4]]]] [{citizen 11} [[""A"" [4 4 4 4 4 4 4 4 4 4]]]] [{citizen 44} [[""A"" [4 4 4 4 4 4 4 4 4 4]]]] [{citizen 19} [[""A"" [4 4 4 4 4 4 4 4 4 4]]]] [{citizen 42} [[""A"" [4 4 4 4 4 4 4 4 4 4]]]] [{citizen 35} [[""A"" [4 4 4 4 4 4 4 4 4 4]]]] [{media 62} [[""A"" [4 4 4 4 4 4 4 4 4 4]]]] [{citizen 20} [[""A"" [4 4 4 4 4 4 4 4 4 4]]]] [{citizen 40} [[""A"" [4 4 4 4 4 4 4 4 4 4]]]] [{citizen 37} [[""A"" [4 4 4 4 4 4 4 4 4 4]]]] [{citizen 16} [[""A"" [4 4 4 4 4 4 4 4 4 4]]]] [{citizen 15} [[""A"" [4 4 4 4 4 4 4 4 4 4]]]] [{citizen 14} [[""A"" [4 4 4 4 4 4 4 4 4 4]]]] [{citizen 39} [[""A"" [4 4 4 4 4 4 4 4 4 4]]]] [{citizen 43} [[""A"" [4 4 4 4 4 4 4 4 4 4]]]] [{citizen 48} [[""A"" [4 4 4 4 4 4 4 4 4 4]]]] [{citizen 22} [[""A"" [4 4 4 4 4 4 4 4 4 4]]]] [{citizen 13} [[""A"" [4 4 4 4 4 4 4 4 4 4]]]] [{citizen 26} [[""A"" [4 4 4 4 4 4 4 4 4 4]]]] [{citizen 38} [[""A"" [4 4 4 4 4 4 4 4 4 4]]]] [{citizen 41} [[""A"" [4 4 4 4 4 4 4 4 4 4]]]] [{citizen 34} [[""A"" [4 4 4 4 4 4 4 4 4 4]]]] [{citizen 36} [[""A"" [4 4 4 4 4 4 4 4 4 4]]]] [{citizen 29} [[""A"" [4 4 4 4 4 4 4 4 4 4]]]] [{citizen 47} [[""A"" [4 4 4 4 4 4 4 4 4 4]]]] [{citizen 31} [[""A"" [4 4 4 4 4 4 4 4 4 4]]]] [{media 50} [[""A"" [4 4 4 4 4 4 4 4 4 4]]]] [{media 57} [[""A"" [4 4 4 4 4 4 4 4 4 4]]]]]"
"1","[85 0 170]","3.4816247582205033","0.28741767017130676","9.767929318476648","""circle""","""""","9.9","{breed citizens}","false","0.5","1","""up""",,"[[""ID"" 23] [""alpha"" 1] [""beta"" 1] [""malleable"" [""A""]] [""prior"" []] [""cont_tokens"" []] [""A"" 4]]","[[0 [0 1 2 3 4 5 6 7 8 9 10 11 12 13 14]] [1 [15 16 17 18 19 20 21 22 23 24 25 26 27 28 29]] [2 [30 31 32 33 34 35 36 37 38 39 40 41 42 43 44]] [3 [45 46 47 48 49 50 51 52 53 54 55 56 57 58 59]] [4 [60 61 62 63 64 65 66 67 68 69 70 71 72 73 74]] [5 [75 76 77 78 79 80 81 82 83 84 85 86 87 88 89]] [6 [90 91 92 93 94 95 96 97 98 99 100 101 102 103 104]] [7 [105 106 107 108 109 110 111 112 113 114 115 116 117 118 119]] [8 [120 121 122 123 124 125 126 127 128 129 130 131 132 133 134]] [9 [135 136 137 138 139 140 141 142 143 144 145 146 147 148 149]] [10 [150 151 152 153 154 155 156 157 158 159 160 161 162 163 164]] [11 [165 166 167 168 169 170 171 172 173 174 175 176 177 178 179]] [12 [180 181 182 183 184 185 186 187 188 189 190 191 192 193 194]] [13 [195 196 197 198 199 200 201 202 203 204 205 206 207 208 209]] [14 [210 211 212 213 214 215 216 217 218 219 220 221 222 223 224]] [15 [225 226 227 228 229 230 231 232 233 234 235 236 237 238 239]] [16 [240 241 242 243 244 245 246 247 248 249 250 251 252 253 254]] [17 [255 256 257 258 259 260 261 262 263 264 265 266 267 268 269]] [18 [270 271 272 273 274 275 276 277 278 279 280 281 282 283 284]] [19 [285 286 287 288 289 290 291 292 293 294 295 296 297 298 299]] [20 [300 301 302 303 304 305 306 307 308 309 310 311 312 313 314]] [21 [315 316 317 318 319 320 321 322 323 324 325 326 327 328 329]] [22 [330 331 332 333 334 335 336 337 338 339 340 341 342 343 344]] [23 [345 346 347 348 349 350 351 352 353 354 355 356 357 358 359]] [24 [360 361 362 363 364 365 366 367 368 369 370 371 372 373 374]] [25 [375 376 377 378 379 380 381 382 383 384 385 386 387 388 389]] [26 [390 391 392 393 394 395 396 397 398 399 400 401 402 403 404]] [27 [405 406 407 408 409 410 411 412 413 414 415 416 417 418 419]] [28 [420 421 422 423 424 425 426 427 428 429 430 431 432 433 434]] [29 [435 436 437 438 439 440 441 442 443 444 445 446 447 448 449]] [30 [450 451 452 453 454 455 456 457 458 459 460 461 462 463 464]] [31 [465 466 467 468 469 470 471 472 473 474 475 476 477 478 479]] [32 [480 481 482 483 484 485 486 487 488 489 490 491 492 493 494]] [33 [495 496 497 498 499 500 501 502 503 504 505 506 507 508 509]] [34 [510 511 512 513 514 515 516 517 518 519 520 521 522 523 524]] [35 [525 526 527 528 529 530 531 532 533 534 535 536 537 538 539]] [36 [540 541 542 543 544 545 546 547 548 549 550 551 552 553 554]] [37 [555 556 557 558 559 560 561 562 563 564 565 566 567 568 569]] [38 [570 571 572 573 574 575 576 577 578 579 580 581 582 583 584]] [39 [585 586 587 588 589 590 591 592 593 594 595 596 597 598 599]] [40 [600 601 602 603 604 605 606 607 608 609 610 611 612 613 614]] [41 [615 616 617 618 619 620 621 622 623 624 625 626 627 628 629]] [42 [630 631 632 633 634 635 636 637 638 639 640 641 642 643 644]] [43 [645 646 647 648 649 650 651 652 653 654 655 656 657 658 659]] [44 [660 661 662 663 664 665 666 667 668 669 670 671 672 673 674]] [45 [675 676 677 678 679 680 681 682 683 684 685 686 687 688 689]] [46 [690 691 692 693 694 695 696 697 698 699 700 701 702 703 704]] [47 [705 706 707 708 709 710 711 712 713 714 715 716 717 718 719]] [48 [720 721 722 723 724 725 726 727 728 729 730 731 732 733 734]] [49 [735 736 737 738 739 740 741 742 743 744 745 746 747 748 749]] [50 [750 751 752 753 754 755 756 757 758 759 760 761 762 763 764]] [51 [765 766 767 768 769 770 771 772 773 774 775 776 777 778 779]] [52 [780 781 782 783 784 785 786 787 788 789 790 791 792 793 794]] [53 [795 796 797 798 799 800 801 802 803 804 805 806 807 808 809]] [54 [810 811 812 813 814 815 816 817 818 819 820 821 822 823 824]] [55 [825 826 827 828 829 830 831 832 833 834 835 836 837 838 839]] [56 [840 841 842 843 844 845 846 847 848 849 850 851 852 853 854]] [57 [855 856 857 858 859 860 861 862 863 864 865 866 867 868 869]] [58 [870 871 872 873 874 875 876 877 878 879 880 881 882 883 884]] [59 [885 886 887 888 889 890 891 892 893 894 895 896 897 898 899]] [60 [900 901 902 903 904 905 906 907 908 909 910 911 912 913 914]] [61 [915 916 917 918 919 920 921 922 923 924 925 926 927 928 929]] [62 [930 931 932 933 934 935 936 937 938 939 940 941 942 943 944]] [63 [945 946 947 948 949 950 951 952 953 954 955 956 957 958 959]] [64 [960 961 962 963 964 965 966 967 968 969 970 971 972 973 974]] [65 [975 976 977 978 979 980 981 982 983 984 985 986 987 988 989]] [66 [990 991 992 993 994 995 996 997 998 999 1000 1001 1002 1003 1004]] [67 [1005 1006 1007 1008 1009 1010 1011 1012 1013 1014 1015 1016 1017 1018 1019]] [68 [1020 1021 1022 1023 1024 1025 1026 1027 1028 1029 1030 1031 1032 1033 1034]] [69 [1035 1036 1037 1038 1039 1040 1041 1042 1043 1044 1045 1046 1047 1048 1049]] [70 [1050 1051 1052 1053 1054 1055 1056 1057 1058 1059 1060 1061 1062 1063 1064]] [71 [1065 1066 1067 1068 1069 1070 1071 1072 1073 1074 1075 1076 1077 1078 1079]] [72 [1080 1081 1082 1083 1084 1085 1086 1087 1088 1089 1090 1091 1092 1093 1094]] [73 [1095 1096 1097 1098 1099 1100 1101 1102 1103 1104 1105 1106 1107 1108 1109]] [74 [1110 1111 1112 1113 1114 1115 1116 1117 1118 1119 1120 1121 1122 1123 1124]] [75 [1125 1126 1127 1128 1129 1130 1131 1132 1133 1134 1135 1136 1137 1138 1139]] [76 [1140 1141 1142 1143 1144 1145 1146 1147 1148 1149 1150 1151 1152 1153 1154]] [77 [1155 1156 1157 1158 1159 1160 1161 1162 1163 1164 1165 1166 1167 1168 1169]] [78 [1170 1171 1172 1173 1174 1175 1176 1177 1178 1179 1180 1181 1182 1183 1184]] [79 [1185 1186 1187 1188 1189 1190 1191 1192 1193 1194 1195 1196 1197 1198 1199]] [80 [1200 1201 1202 1203 1204 1205 1206 1207 1208 1209 1210 1211 1212 1213 1214]] [81 [1215 1216 1217 1218 1219 1220 1221 1222 1223 1224 1225 1226 1227 1228 1229]] [82 [1230 1231 1232 1233 1234 1235 1236 1237 1238 1239 1240 1241 1242 1243 1244]] [83 [1245 1246 1247 1248 1249 1250 1251 1252 1253 1254 1255 1256 1257 1258 1259]] [84 [1260 1261 1262 1263 1264 1265 1266 1267 1268 1269 1270 1271 1272 1273 1274]] [85 [1275 1276 1277 1278 1279 1280 1281 1282 1283 1284 1285 1286 1287 1288 1289]] [86 [1290 1291 1292 1293 1294 1295 1296 1297 1298 1299 1300 1301 1302 1303 1304]] [87 [1305 1306 1307 1308 1309 1310 1311 1312 1313 1314 1315 1316 1317 1318 1319]] [88 [1320 1321 1322 1323 1324 1325 1326 1327 1328 1329 1330 1331 1332 1333 1334]] [89 [1335 1336 1337 1338 1339 1340 1341 1342 1343 1344 1345 1346 1347 1348 1349]] [90 [1350 1351 1352 1353 1354 1355 1356 1357 1358 1359 1360 1361 1362 1363 1364]] [91 [1365 1366 1367 1368 1369 1370 1371 1372 1373 1374 1375 1376 1377 1378 1379]] [92 [1380 1381 1382 1383 1384 1385 1386 1387 1388 1389 1390 1391 1392 1393 1394]] [93 [1395 1396 1397 1398 1399 1400 1401 1402 1403 1404 1405 1406 1407 1408 1409]] [94 [1410 1411 1412 1413 1414 1415 1416 1417 1418 1419 1420 1421 1422 1423 1424]] [95 [1425 1426 1427 1428 1429 1430 1431 1432 1433 1434 1435 1436 1437 1438 1439]] [96 [1440 1441 1442 1443 1444 1445 1446 1447 1448 1449 1450 1451 1452 1453 1454]] [97 [1455 1456 1457 1458 1459 1460 1461 1462 1463 1464 1465 1466 1467 1468 1469]] [98 [1470 1471 1472 1473 1474 1475 1476 1477 1478 1479 1480 1481 1482 1483 1484]] [99 [1485 1486 1487 1488 1489 1490 1491 1492 1493 1494 1495 1496 1497 1498 1499]]]","[[0 [0 1 2 3 4 5 6 7 8 9 10 11 12 13 14]] [1 [15 16 17 18 19 20 21 22 23 24 25 26 27 28 29]] [2 [30 31 32 33 34 35 36 37 38 39 40 41 42 43 44]] [3 [45 46 47 48 49 50 51 52 53 54 55 56 57 58 59]] [4 [60 61 62 63 64 65 66 67 68 69 70 71 72 73 74]] [5 [75 76 77 78 79 80 81 82 83 84 85 86 87 88 89]] [6 [90 91 92 93 94 95 96 97 98 99 100 101 102 103 104]] [7 [105 106 107 108 109 110 111 112 113 114 115 116 117 118 119]] [8 [120 121 122 123 124 125 126 127 128 129 130 131 132 133 134]] [9 [135 136 137 138 139 140 141 142 143 144 145 146 147 148 149]] [10 [150 151 152 153 154 155 156 157 158 159 160 161 162 163 164]] [11 [165 166 167 168 169 170 171 172 173 174 175 176 177 178 179]] [12 [180 181 182 183 184 185 186 187 188 189 190 191 192 193 194]] [13 [195 196 197 198 199 200 201 202 203 204 205 206 207 208 209]] [14 [210 211 212 213 214 215 216 217 218 219 220 221 222 223 224]] [15 [225 226 227 228 229 230 231 232 233 234 235 236 237 238 239]] [16 [240 241 242 243 244 245 246 247 248 249 250 251 252 253 254]] [17 [255 256 257 258 259 260 261 262 263 264 265 266 267 268 269]] [18 [270 271 272 273 274 275 276 277 278 279 280 281 282 283 284]] [19 [285 286 287 288 289 290 291 292 293 294 295 296 297 298 299]] [20 [300 301 302 303 304 305 306 307 308 309 310 311 312 313 314]] [21 [315 316 317 318 319 320 321 322 323 324 325 326 327 328 329]] [22 [330 331 332 333 334 335 336 337 338 339 340 341 342 343 344]] [23 [345 346 347 348 349 350 351 352 353 354 355 356 357 358 359]] [24 [360 361 362 363 364 365 366 367 368 369 370 371 372 373 374]] [25 [375 376 377 378 379 380 381 382 383 384 385 386 387 388 389]] [26 [390 391 392 393 394 395 396 397 398 399 400 401 402 403 404]] [27 [405 406 407 408 409 410 411 412 413 414 415 416 417 418 419]] [28 [420 421 422 423 424 425 426 427 428 429 430 431 432 433 434]] [29 [435 436 437 438 439 440 441 442 443 444 445 446 447 448 449]] [30 [450 451 452 453 454 455 456 457 458 459 460 461 462 463 464]] [31 [465 466 467 468 469 470 471 472 473 474 475 476 477 478 479]] [32 [480 481 482 483 484 485 486 487 488 489 490 491 492 493 494]] [33 [495 496 497 498 499 500 501 502 503 504 505 506 507 508 509]] [34 [510 511 512 513 514 515 516 517 518 519 520 521 522 523 524]] [35 [525 526 527 528 529 530 531 532 533 534 535 536 537 538 539]] [36 [540 541 542 543 544 545 546 547 548 549 550 551 552 553 554]] [37 [555 556 557 558 559 560 561 562 563 564 565 566 567 568 569]] [38 [570 571 572 573 574 575 576 577 578 579 580 581 582 583 584]] [39 [585 586 587 588 589 590 591 592 593 594 595 596 597 598 599]] [40 [600 601 602 603 604 605 606 607 608 609 610 611 612 613 614]] [41 [615 616 617 618 619 620 621 622 623 624 625 626 627 628 629]] [42 [630 631 632 633 634 635 636 637 638 639 640 641 642 643 644]] [43 [645 646 647 648 649 650 651 652 653 654 655 656 657 658 659]] [44 [660 661 662 663 664 665 666 667 668 669 670 671 672 673 674]] [45 [675 676 677 678 679 680 681 682 683 684 685 686 687 688 689]] [46 [690 691 692 693 694 695 696 697 698 699 700 701 702 703 704]] [47 [705 706 707 708 709 710 711 712 713 714 715 716 717 718 719]] [48 [720 721 722 723 724 725 726 727 728 729 730 731 732 733 734]] [49 [735 736 737 738 739 740 741 742 743 744 745 746 747 748 749]] [50 [750 751 752 753 754 755 756 757 758 759 760 761 762 763 764]] [51 [765 766 767 768 769 770 771 772 773 774 775 776 777 778 779]] [52 [780 781 782 783 784 785 786 787 788 789 790 791 792 793 794]] [53 [795 796 797 799 800 801 802 803 804 805 806 807 808 809]] [54 [810 811 812 813 814 815 816 817 818 819 820 821 822 823 824]] [55 [825 826 827 828 829 830 831 832 833 834 835 836 837 838 839]] [56 [840 841 842 843 844 845 846 847 848 849 850 851 852 853 854]] [57 [855 856 857 858 859 860 861 862 863 864 865 866 867 868 869]] [58 [870 871 872 873 874 875 876 877 878 879 880 881 882 883 884]] [59 [885 886 887 888 889 890 891 892 893 894 895 896 897 898 899]] [60 [900 901 902 903 904 905 906 907 908 909 910 911 912 913 914]] [61 [915 916 917 918 919 920 921 922 923 924 925 926 927 928 929]] [62 [930 931 932 933 934 935 936 937 938 939 940 941 942 943 944]] [63 [945 946 947 948 949 950 951 952 953 954 955 956 957 958 959]] [64 [960 961 962 963 964 965 966 967 968 969 970 971 972 973 974]] [65 [975 976 977 978 979 980 981 982 983 984 985 986 987 988 989]] [66 [990 991 992 993 994 995 996 997 998 999 1000 1001 1002 1003 1004]] [67 [1005 1006 1007 1008 1009 1010 1011 1012 1013 1014 1015 1016 1017 1018 1019]] [68 [1020 1021 1022 1023 1024 1025 1026 1027 1028 1029 1030 1031 1032 1033 1034]] [69 [1035 1036 1037 1038 1039 1040 1041 1042 1043 1044 1045 1046 1047 1048 1049]] [70 [1050 1051 1052 1053 1054 1055 1056 1057 1058 1059 1060 1061 1062 1063 1064]] [71 [1065 1066 1067 1068 1069 1070 1071 1072 1073 1074 1075 1076 1077 1078 1079]] [72 [1080 1081 1082 1083 1084 1085 1086 1087 1088 1089 1090 1091 1092 1093 1094]] [73 [1095 1096 1097 1098 1099 1100 1101 1102 1103 1104 1105 1106 1107 1108 1109]] [74 [1110 1111 1112 1113 1114 1115 1116 1117 1118 1119 1120 1121 1122 1123 1124]] [75 [1125 1126 1127 1128 1129 1130 1131 1132 1133 1134 1135 1136 1137 1138 1139]] [76 [1140 1141 1142 1143 1144 1145 1146 1147 1148 1149 1150 1151 1152 1153 1154]] [77 [1155 1156 1157 1158 1159 1160 1161 1162 1163 1164 1165 1166 1167 1168 1169]] [78 [1170 1171 1172 1173 1174 1175 1176 1177 1178 1179 1180 1181 1182 1183 1184]] [79 [1185 1186 1187 1188 1189 1190 1191 1192 1193 1194 1195 1196 1197 1198 1199]] [80 [1200 1201 1202 1203 1204 1205 1206 1207 1208 1209 1210 1211 1212 1213 1214]] [81 [1215 1216 1217 1218 1219 1220 1221 1222 1223 1224 1225 1226 1227 1228 1229]] [82 [1230 1231 1232 1233 1234 1235 1236 1237 1238 1239 1240 1241 1242 1243 1244]] [83 [1245 1246 1247 1248 1249 1250 1251 1252 1253 1254 1255 1256 1257 1258 1259]] [84 [1260 1261 1262 1263 1264 1265 1266 1267 1268 1269 1270 1271 1272 1273 1274]] [85 [1275 1276 1277 1278 1279 1280 1281 1282 1283 1284 1285 1286 1287 1288 1289]] [86 [1290 1291 1292 1293 1294 1295 1296 1297 1298 1299 1300 1301 1302 1303 1304]] [87 [1305 1306 1307 1308 1309 1310 1311 1312 1313 1314 1315 1316 1317 1318 1319]] [88 [1320 1321 1322 1323 1324 1325 1326 1327 1328 1329 1330 1331 1332 1333 1334]] [89 [1335 1336 1337 1338 1339 1340 1341 1342 1343 1344 1345 1346 1347 1348 1349]] [90 [1350 1351 1352 1353 1354 1355 1356 1357 1358 1359 1360 1361 1362 1363 1364]] [91 [1365 1366 1367 1368 1369 1370 1371 1372 1373 1374 1375 1376 1377 1378 1379]] [92 [1380 1381 1382 1383 1384 1385 1386 1387 1388 1389 1390 1391 1392 1393 1394]] [93 [1395 1396 1397 1398 1399 1400 1401 1402 1403 1404 1405 1406 1407 1408 1409]] [94 [1410 1411 1412 1413 1414 1415 1416 1417 1418 1419 1420 1421 1422 1423 1424]] [95 [1425 1426 1427 1428 1429 1430 1431 1432 1433 1434 1435 1436 1437 1438 1439]] [96 [1440 1441 1442 1443 1444 1445 1446 1447 1448 1449 1450 1451 1452 1453 1454]] [97 [1455 1456 1457 1458 1459 1460 1461 1462 1463 1464 1465 1466 1467 1468 1469]] [98 [1470 1471 1472 1473 1474 1475 1476 1477 1478 1479 1480 1481 1482 1483 1484]] [99 [1485 1486 1487 1488 1489 1490 1491 1492 1493 1494 1495 1496 1497 1498 1499]]]",,"[[{citizen 4} [[""A"" [4 4 4 4 4 4 4 4 4 4]]]] [{citizen 5} [[""A"" [4 4 4 4 4 4 4 4 4 4]]]] [{citizen 6} [[""A"" [4 4 4 4 4 4 4 4 4 4]]]] [{citizen 15} [[""A"" [4 4 4 4 4 4 4 4 4 4]]]] [{citizen 33} [[""A"" [0 0 0 0 0 0 0 0 0 0]]]] [{citizen 48} [[""A"" [4 4 4 4 4 4 4 4 4 4]]]] [{media 50} [[""A"" [4 4 4 4 4 4 4 4 4 4]]]] [{media 51} [[""A"" [4 4 4 4 4 4 4 4 4 4]]]] [{media 52} [[""A"" [4 4 4 4 4 4 4 4 4 4]]]] [{media 53} [[""A"" [4 4 4 4 4 4 4 4 4 4]]]] [{media 54} [[""A"" [4 4 4 4 4 4 4 4 4 4]]]] [{media 55} [[""A"" [4 4 4 4 4 4 4 4 4 4]]]] [{media 56} [[""A"" [4 4 4 4 4 4 4 4 4 4]]]] [{media 57} [[""A"" [4 4 4 4 4 4 4 4 4 4]]]] [{media 58} [[""A"" [4 4 4 4 4 4 4 4 4 4]]]] [{media 59} [[""A"" [4 4 4 4 4 4 4 4 4 4]]]] [{media 60} [[""A"" [4 4 4 4 4 4 4 4 4 4]]]] [{media 61} [[""A"" [4 4 4 4 4 4 4 4 4 4]]]] [{media 62} [[""A"" [4 4 4 4 4 4 4 4 4 4]]]] [{media 63} [[""A"" [4 4 4 4 4 4 4 4 4 4]]]] [{media 64} [[""A"" [4 4 4 4 4 4 4 4 4 4]]]] [{citizen 0} [[""A"" [4 4 4 4 4 4 4 4 4 4]]]] [{citizen 49} [[""A"" [4 4 4 4 4 4 4 4 4 4]]]] [{citizen 2} [[""A"" [4 4 4 4 4 4 4 4 4 4]]]] [{citizen 17} [[""A"" [4 4 4 4 4 4 4 4 4 4]]]] [{citizen 8} [[""A"" [4 4 4 4 4 4 4 4 4 4]]]] [{citizen 46} [[""A"" [4 4 4 4 4 4 4 4 4 4]]]] [{citizen 27} [[""A"" [4 4 4 4 4 4 4 4 4 4]]]] [{citizen 45} [[""A"" [4 4 4 4 4 4 4 4 4 4]]]] [{citizen 7} [[""A"" [4 4 4 4 4 4 4 4 4 4]]]] [{citizen 40} [[""A"" [4 4 4 4 4 4 4 4 4 4]]]] [{citizen 16} [[""A"" [4 4 4 4 4 4 4 4 4 4]]]] [{citizen 35} [[""A"" [4 4 4 4 4 4 4 4 4 4]]]] [{citizen 23} [[""A"" [4 4 4 4 4 4 4 4 4 4]]]] [{citizen 24} [[""A"" [4 4 4 4 4 4 4 4 4 4]]]] [{citizen 44} [[""A"" [4 4 4 4 4 4 4 4 4 4]]]] [{citizen 32} [[""A"" [4 4 4 4 4 4 4 4 4 4]]]] [{citizen 39} [[""A"" [4 4 4 4 4 4 4 4 4 4]]]] [{citizen 21} [[""A"" [4 4 4 4 4 4 4 4 4 4]]]] [{citizen 11} [[""A"" [4 4 4 4 4 4 4 4 4 4]]]] [{citizen 19} [[""A"" [4 4 4 4 4 4 4 4 4 4]]]] [{citizen 30} [[""A"" [4 4 4 4 4 4 4 4 4 4]]]] [{citizen 14} [[""A"" [4 4 4 4 4 4 4 4 4 4]]]] [{citizen 28} [[""A"" [4 4 4 4 4 4 4 4 4 4]]]] [{citizen 22} [[""A"" [4 4 4 4 4 4 4 4 4 4]]]] [{citizen 12} [[""A"" [4 4 4 4 4 4 4 4 4 4]]]] [{citizen 13} [[""A"" [4 4 4 4 4 4 4 4 4 4]]]] [{citizen 9} [[""A"" [4 4 4 4 4 4 4 4 4 4]]]] [{citizen 20} [[""A"" [4 4 4 4 4 4 4 4 4 4]]]] [{citizen 10} [[""A"" [4 4 4 4 4 4 4 4 4 4]]]] [{citizen 26} [[""A"" [4 4 4 4 4 4 4 4 4 4]]]] [{citizen 29} [[""A"" [4 4 4 4 4 4 4 4 4 4]]]] [{citizen 43} [[""A"" [4 4 4 4 4 4 4 4 4 4]]]] [{citizen 31} [[""A"" [4 4 4 4 4 4 4 4 4 4]]]] [{citizen 42} [[""A"" [4 4 4 4 4 4 4 4 4 4]]]] [{citizen 38} [[""A"" [4 4 4 4 4 4 4 4 4 4]]]] [{citizen 41} [[""A"" [4 4 4 4 4 4 4 4 4 4]]]] [{citizen 34} [[""A"" [4 4 4 4 4 4 4 4 4 4]]]] [{citizen 47} [[""A"" [4 4 4 4 4 4 4 4 4 4]]]] [{citizen 3} [[""A"" [4 4 4 4 4 4 4 4 4 4]]]] [{citizen 37} [[""A"" [4 4 4 4 4 4 4 4 4 4]]]] [{citizen 36} [[""A"" [4 4 4 4 4 4 4 4 4 4]]]]]"
"2","[85 0 170]","13.926499032882013","1.72944675863867","8.734815602689093","""circle""","""""","9.9","{breed citizens}","false","0.5","1","""up""",,"[[""ID"" 41] [""alpha"" 1] [""beta"" 1] [""malleable"" [""A""]] [""prior"" []] [""cont_tokens"" []] [""A"" 4]]","[[0 [2 3 4 6 7 8 9 11 12 13 14]] [1 [15 16 17 18 19 20 21 22 23 24 25 26 27 28 29]] [2 [30 31 32 33 34 35 36 37 38 39 40 41 42 43 44]] [3 [45 46 47 48 49 50 51 52 53 54 55 56 57 58 59]] [4 [60 61 62 63 64 65 66 67 68 69 70 71 72 73 74]] [5 [75 76 77 78 79 80 81 82 83 84 85 86 87 88 89]] [6 [90 91 92 93 94 95 96 97 98 99 100 101 102 103 104]] [7 [105 106 107 108 109 110 111 112 113 114 115 116 117 118 119]] [8 [120 121 122 123 124 125 126 127 128 129 130 131 132 133 134]] [9 [135 136 137 138 139 140 141 142 143 144 145 146 147 148 149]] [10 [150 151 152 153 154 155 156 157 158 159 160 161 162 163 164]] [11 [165 166 167 168 169 170 171 172 173 174 175 176 177 178 179]] [12 [180 181 182 183 184 185 186 187 188 189 190 191 192 193 194]] [13 [195 196 197 198 199 200 201 202 203 204 205 206 207 208 209]] [14 [210 211 212 213 214 215 216 217 218 219 220 221 222 223 224]] [15 [225 226 227 228 229 230 231 232 233 234 235 236 237 238 239]] [16 [240 241 242 243 244 245 246 247 248 249 250 251 252 253 254]] [17 [255 256 257 258 259 260 261 262 263 264 265 266 267 268 269]] [18 [270 271 272 273 274 275 276 277 278 279 280 281 282 283 284]] [19 [285 286 287 288 289 290 291 292 293 294 295 296 297 298 299]] [20 [300 301 302 303 304 305 306 307 308 309 310 311 312 313 314]] [21 [315 316 317 318 319 320 321 322 323 324 325 326 327 328 329]] [22 [330 331 332 333 334 335 336 337 338 339 340 341 342 343 344]] [23 [345 346 347 348 349 350 351 352 353 354 355 356 357 358 359]] [24 [360 361 362 363 364 365 366 367 368 369 370 371 372 373 374]] [25 [375 376 377 378 379 380 381 382 383 384 385 386 387 388 389]] [26 [390 391 392 393 394 395 396 397 398 399 400 401 402 403 404]] [27 [405 406 407 408 409 410 411 412 413 414 415 416 417 418 419]] [28 [420 421 422 423 424 425 426 427 428 429 430 431 432 433 434]] [29 [435 436 437 438 439 440 441 442 443 444 445 446 447 448 449]] [30 [450 451 452 453 454 455 456 457 458 459 460 461 462 463 464]] [31 [465 466 467 468 469 470 471 472 473 474 475 476 477 478 479]] [32 [480 481 482 483 484 485 486 487 488 489 490 491 492 493 494]] [33 [495 496 497 498 499 500 501 502 503 504 505 506 507 508 509]] [34 [510 511 512 513 514 515 516 517 518 519 520 521 522 523 524]] [35 [525 526 527 528 529 530 531 532 533 534 535 536 537 538 539]] [36 [540 541 542 543 544 545 546 547 548 549 550 551 552 553 554]] [37 [555 556 557 558 559 560 561 562 563 564 565 566 567 568 569]] [38 [570 571 572 573 574 575 576 577 578 579 580 581 582 583 584]] [39 [585 586 587 588 589 590 591 592 593 594 595 596 597 598 599]] [40 [600 601 602 603 604 605 606 607 608 609 610 611 612 613 614]] [41 [615 616 617 618 619 620 621 622 623 624 625 626 627 628 629]] [42 [630 631 632 633 634 635 636 637 638 639 640 641 642 643 644]] [43 [645 646 647 648 649 650 651 652 653 654 655 656 657 658 659]] [44 [660 661 662 663 664 665 666 667 668 669 670 671 672 673 674]] [45 [675 676 677 678 679 680 681 682 683 684 685 686 687 688 689]] [46 [690 691 692 693 694 695 696 697 698 699 700 701 702 703 704]] [47 [705 706 707 708 709 710 711 712 713 714 715 716 717 718 719]] [48 [720 721 722 723 724 725 726 727 728 729 730 731 732 733 734]] [49 [735 736 737 738 739 740 741 742 743 744 745 746 747 748 749]] [50 [750 751 752 753 754 755 756 757 758 759 760 761 762 763 764]] [51 [765 766 767 768 769 770 771 772 773 774 775 776 777 778 779]] [52 [780 781 782 783 784 785 786 787 788 789 790 791 792 793 794]] [53 [795 796 797 798 799 800 801 802 803 804 805 806 807 808 809]] [54 [810 811 812 813 814 815 816 817 818 819 820 821 822 823 824]] [55 [825 826 827 828 829 830 831 832 833 834 835 836 837 838 839]] [56 [840 841 842 843 844 845 846 847 848 849 850 851 852 853 854]] [57 [855 856 857 858 859 860 861 862 863 864 865 866 867 868 869]] [58 [870 871 872 873 874 875 876 877 878 879 880 881 882 883 884]] [59 [885 886 887 888 889 890 891 892 893 894 895 896 897 898 899]] [60 [900 901 902 903 904 905 906 907 908 909 910 911 912 913 914]] [61 [915 916 917 918 919 920 921 922 923 924 925 926 927 928 929]] [62 [930 931 932 933 934 935 936 937 938 939 940 941 942 943 944]] [63 [945 946 947 948 949 950 951 952 953 954 955 956 957 958 959]] [64 [960 961 962 963 964 965 966 967 968 969 970 971 972 973 974]] [65 [975 976 977 978 979 980 981 982 983 984 985 986 987 988 989]] [66 [990 991 992 993 994 995 996 997 998 999 1000 1001 1002 1003 1004]] [67 [1005 1006 1007 1008 1009 1010 1011 1012 1013 1014 1015 1016 1017 1018 1019]] [68 [1020 1021 1022 1023 1024 1025 1026 1027 1028 1029 1030 1031 1032 1033 1034]] [69 [1035 1036 1037 1038 1039 1040 1041 1042 1043 1044 1045 1046 1047 1048 1049]] [70 [1050 1051 1052 1053 1054 1055 1056 1057 1058 1059 1060 1061 1062 1063 1064]] [71 [1065 1066 1067 1068 1069 1070 1071 1072 1073 1074 1075 1076 1077 1078 1079]] [72 [1080 1081 1082 1083 1084 1085 1086 1087 1088 1089 1090 1091 1092 1093 1094]] [73 [1095 1096 1097 1098 1099 1100 1101 1102 1103 1104 1105 1106 1107 1108 1109]] [74 [1110 1111 1112 1113 1114 1115 1116 1117 1118 1119 1120 1121 1122 1123 1124]] [75 [1125 1126 1127 1128 1129 1130 1131 1132 1133 1134 1135 1136 1137 1138 1139]] [76 [1140 1141 1142 1143 1144 1145 1146 1147 1148 1149 1150 1151 1152 1153 1154]] [77 [1155 1156 1157 1158 1159 1160 1161 1162 1163 1164 1165 1166 1167 1168 1169]] [78 [1170 1171 1172 1173 1174 1175 1176 1177 1178 1179 1180 1181 1182 1183 1184]] [79 [1185 1186 1187 1188 1189 1190 1191 1192 1193 1194 1195 1196 1197 1198 1199]] [80 [1200 1201 1202 1203 1204 1205 1206 1207 1208 1209 1210 1211 1212 1213 1214]] [81 [1215 1216 1217 1218 1219 1220 1221 1222 1223 1224 1225 1226 1227 1228 1229]] [82 [1230 1231 1232 1233 1234 1235 1236 1237 1238 1239 1240 1241 1242 1243 1244]] [83 [1245 1246 1247 1248 1249 1250 1251 1252 1253 1254 1255 1256 1257 1258 1259]] [84 [1260 1261 1262 1263 1264 1265 1266 1267 1268 1269 1270 1271 1272 1273 1274]] [85 [1275 1276 1277 1278 1279 1280 1281 1282 1283 1284 1285 1286 1287 1288 1289]] [86 [1290 1291 1292 1293 1294 1295 1296 1297 1298 1299 1300 1301 1302 1303 1304]] [87 [1305 1306 1307 1308 1309 1310 1311 1312 1313 1314 1315 1316 1317 1318 1319]] [88 [1320 1321 1322 1323 1324 1325 1326 1327 1328 1329 1330 1331 1332 1333 1334]] [89 [1335 1336 1337 1338 1339 1340 1341 1342 1343 1344 1345 1346 1347 1348 1349]] [90 [1350 1351 1352 1353 1354 1355 1356 1357 1358 1359 1360 1361 1362 1363 1364]] [91 [1365 1366 1367 1368 1369 1370 1371 1372 1373 1374 1375 1376 1377 1378 1379]] [92 [1380 1381 1382 1383 1384 1385 1386 1387 1388 1389 1390 1391 1392 1393 1394]] [93 [1395 1396 1397 1398 1399 1400 1401 1402 1403 1404 1405 1406 1407 1408 1409]] [94 [1410 1411 1412 1413 1414 1415 1416 1417 1418 1419 1420 1421 1422 1423 1424]] [95 [1425 1426 1427 1428 1429 1430 1431 1432 1433 1434 1435 1436 1437 1438 1439]] [96 [1440 1441 1442 1443 1444 1445 1446 1447 1448 1449 1450 1451 1452 1453 1454]] [97 [1455 1456 1457 1458 1459 1460 1461 1462 1463 1464 1465 1466 1467 1468 1469]] [98 [1470 1471 1472 1473 1474 1475 1476 1477 1478 1479 1480 1481 1482 1483 1484]] [99 [1485 1486 1487 1488 1489 1490 1491 1492 1493 1494 1495 1496 1497 1498 1499]]]","[[0 [2 3 4 6 7 8 9 11 12 13 14]] [1 [15 16 17 18 19 20 21 22 23 24 25 26 27 28 29]] [2 [30 31 32 33 34 35 36 37 38 39 40 41 42 43 44]] [3 [45 46 47 48 49 50 51 52 53 54 55 56 57 58 59]] [4 [60 61 62 63 64 65 66 67 68 69 70 71 72 73 74]] [5 [75 76 77 78 79 80 81 82 83 84 85 86 87 88 89]] [6 [90 91 92 93 94 95 96 97 98 99 100 101 102 103 104]] [7 [105 106 107 108 109 110 111 112 113 114 115 116 117 118 119]] [8 [120 121 122 123 124 125 126 127 128 129 130 131 132 133 134]] [9 [135 136 137 138 139 140 141 142 143 144 145 146 147 148 149]] [10 [150 151 152 153 154 155 156 157 158 159 160 161 162 163 164]] [11 [165 166 167 168 169 170 171 172 173 174 175 176 177 178 179]] [12 [180 181 182 183 184 185 186 187 188 189 190 191 192 193 194]] [13 [195 196 197 198 199 200 201 202 203 204 205 206 207 208 209]] [14 [210 211 212 213 214 215 216 217 218 219 220 221 222 223 224]] [15 [225 226 227 228 229 230 231 232 233 234 235 236 237 238 239]] [16 [240 241 242 243 244 245 246 247 248 249 250 251 252 253 254]] [17 [255 256 257 258 259 260 261 262 263 264 265 266 267 268 269]] [18 [270 271 272 273 274 275 276 277 278 279 280 281 282 283 284]] [19 [285 286 287 288 289 290 291 292 293 294 295 296 297 298 299]] [20 [300 301 302 303 304 305 306 307 308 309 310 311 312 313 314]] [21 [315 316 317 318 319 320 321 322 323 324 325 326 327 328 329]] [22 [330 331 332 333 334 335 336 337 338 339 340 341 342 343 344]] [23 [345 346 347 348 349 350 351 352 353 354 355 356 357 358 359]] [24 [360 361 362 363 364 365 366 367 368 369 370 371 372 373 374]] [25 [375 376 377 378 379 380 381 382 383 384 385 386 387 388 389]] [26 [390 391 392 393 394 395 396 397 398 399 400 401 402 403 404]] [27 [405 406 407 408 409 410 411 412 413 414 415 416 417 418 419]] [28 [420 421 422 423 424 425 426 427 428 429 430 431 432 433 434]] [29 [435 436 437 438 439 440 441 442 443 444 445 446 447 448 449]] [30 [450 451 452 453 454 455 456 457 458 459 460 461 462 463 464]] [31 [465 466 467 468 469 470 471 472 473 474 475 476 477 478 479]] [32 [480 481 482 483 484 485 486 487 488 489 490 491 492 493 494]] [33 [495 496 497 498 499 500 501 502 503 504 505 506 507 508 509]] [34 [510 511 512 513 514 515 516 517 518 519 520 521 522 523 524]] [35 [525 526 527 528 529 530 531 532 533 534 535 536 537 538 539]] [36 [540 541 542 543 544 545 546 547 548 549 550 551 552 553 554]] [37 [555 556 557 558 559 560 561 562 563 564 565 566 567 568 569]] [38 [570 571 572 573 574 575 576 577 578 579 580 581 582 583 584]] [39 [585 586 587 588 589 590 591 593 594 595 596 597 598 599]] [40 [600 601 602 603 604 605 606 607 608 609 610 611 612 613 614]] [41 [615 616 617 618 619 620 621 622 623 624 625 626 627 628 629]] [42 [630 631 632 633 634 635 636 637 638 639 640 641 642 643 644]] [43 [645 646 647 648 649 650 651 652 653 654 655 656 657 658 659]] [44 [660 661 662 663 664 665 666 667 668 669 670 671 672 673 674]] [45 [675 676 677 678 679 680 681 682 683 684 685 686 687 688 689]] [46 [690 691 692 693 694 695 696 697 698 699 700 701 702 703 704]] [47 [705 706 707 708 709 710 711 712 713 714 715 716 717 718 719]] [48 [720 721 722 723 724 725 726 727 728 729 730 731 732 733 734]] [49 [735 736 737 738 739 740 741 742 743 744 745 746 747 748 749]] [50 [750 751 752 753 754 755 756 757 758 759 760 761 762 763 764]] [51 [765 766 767 768 769 770 771 772 773 774 775 776 777 778 779]] [52 [780 781 782 783 784 785 786 787 788 789 790 791 792 793 794]] [53 [795 796 797 798 799 800 801 802 803 804 805 806 807 808 809]] [54 [810 811 812 813 814 815 816 817 818 819 820 821 822 823 824]] [55 [825 826 827 828 829 830 831 832 833 834 835 836 837 838 839]] [56 [840 841 842 843 844 845 846 847 848 849 850 851 852 853 854]] [57 [855 856 857 858 859 860 861 862 863 864 865 866 867 868 869]] [58 [870 871 872 873 874 875 876 877 878 879 880 881 882 883 884]] [59 [885 886 887 888 889 890 891 892 893 894 895 896 897 898 899]] [60 [900 901 902 903 904 905 906 907 908 909 910 911 912 913 914]] [61 [915 916 917 918 919 920 921 922 923 924 925 926 927 928 929]] [62 [930 931 932 933 934 935 936 937 938 939 940 941 942 943 944]] [63 [945 946 947 948 949 950 951 952 953 954 955 956 957 958 959]] [64 [960 961 962 963 964 965 966 967 968 969 970 971 972 973 974]] [65 [975 976 977 978 979 980 981 982 983 984 985 986 987 988 989]] [66 [990 991 992 993 994 995 996 997 998 999 1000 1001 1002 1003 1004]] [67 [1005 1006 1007 1008 1009 1010 1011 1012 1013 1014 1015 1016 1017 1018 1019]] [68 [1020 1021 1022 1023 1024 1025 1026 1027 1028 1029 1030 1031 1032 1033 1034]] [69 [1035 1036 1037 1038 1039 1040 1041 1042 1043 1044 1045 1046 1047 1048 1049]] [70 [1050 1051 1052 1053 1054 1055 1056 1057 1058 1059 1060 1061 1062 1063 1064]] [71 [1065 1066 1067 1068 1069 1070 1071 1072 1073 1074 1075 1076 1077 1078 1079]] [72 [1080 1081 1082 1083 1084 1085 1086 1087 1088 1089 1090 1091 1092 1093 1094]] [73 [1095 1096 1097 1098 1099 1100 1101 1102 1103 1104 1105 1106 1107 1108 1109]] [74 [1110 1111 1112 1113 1114 1115 1116 1117 1118 1119 1120 1121 1122 1123 1124]] [75 [1125 1126 1127 1128 1129 1130 1131 1132 1133 1134 1135 1136 1137 1138 1139]] [76 [1140 1141 1142 1143 1144 1145 1146 1147 1148 1149 1150 1151 1152 1153 1154]] [77 [1155 1156 1157 1158 1159 1160 1161 1162 1163 1164 1165 1166 1167 1168 1169]] [78 [1170 1171 1172 1173 1174 1175 1176 1177 1178 1179 1180 1181 1182 1183 1184]] [79 [1185 1186 1187 1188 1189 1190 1191 1192 1193 1194 1195 1196 1197 1198 1199]] [80 [1200 1201 1202 1203 1204 1205 1206 1207 1208 1209 1210 1211 1212 1213 1214]] [81 [1215 1216 1217 1218 1219 1220 1221 1222 1223 1224 1225 1226 1227 1228 1229]] [82 [1230 1231 1232 1233 1234 1235 1236 1237 1238 1239 1240 1241 1242 1243 1244]] [83 [1245 1246 1247 1248 1249 1250 1251 1252 1253 1254 1255 1256 1257 1258 1259]] [84 [1260 1261 1262 1263 1264 1265 1266 1267 1268 1269 1270 1271 1272 1273 1274]] [85 [1275 1276 1277 1278 1279 1280 1281 1282 1283 1284 1285 1286 1287 1288 1289]] [86 [1290 1291 1292 1293 1294 1295 1296 1297 1298 1299 1300 1301 1302 1303 1304]] [87 [1305 1306 1307 1308 1309 1310 1311 1312 1313 1314 1315 1316 1317 1318 1319]] [88 [1320 1321 1322 1323 1324 1325 1326 1327 1328 1329 1330 1331 1332 1333 1334]] [89 [1335 1336 1337 1338 1339 1340 1341 1342 1343 1344 1345 1346 1347 1348 1349]] [90 [1350 1351 1352 1353 1354 1355 1356 1357 1358 1359 1360 1361 1362 1363 1364]] [91 [1365 1366 1367 1368 1369 1370 1371 1372 1373 1374 1375 1376 1377 1378 1379]] [92 [1380 1381 1382 1383 1384 1385 1386 1387 1388 1389 1390 1391 1392 1393 1394]] [93 [1395 1396 1397 1398 1399 1400 1401 1402 1403 1404 1405 1406 1407 1408 1409]] [94 [1410 1411 1412 1413 1414 1415 1416 1417 1418 1419 1420 1421 1422 1423 1424]] [95 [1425 1426 1427 1428 1429 1430 1431 1432 1433 1434 1435 1436 1437 1438 1439]] [96 [1440 1441 1442 1443 1444 1445 1446 1447 1448 1449 1450 1451 1452 1453 1454]] [97 [1455 1456 1457 1458 1459 1460 1461 1462 1463 1464 1465 1466 1467 1468 1469]] [98 [1470 1471 1472 1473 1474 1475 1476 1477 1478 1479 1480 1481 1482 1483 1484]] [99 [1485 1486 1487 1488 1489 1490 1491 1492 1493 1494 1495 1496 1497 1498 1499]]]",,"[[{citizen 4} [[""A"" [4 4 4 4 4 4 4 4 4 4]]]] [{citizen 5} [[""A"" [4 4 4 4 4 4 4 4 4 4]]]] [{citizen 9} [[""A"" [4 4 4 4 4 4 4 4 4 4]]]] [{citizen 11} [[""A"" [4 4 4 4 4 4 4 4 4 4]]]] [{citizen 13} [[""A"" [4 4 4 4 4 4 4 4 4 4]]]] [{citizen 22} [[""A"" [4 4 4 4 4 4 4 4 4 4]]]] [{citizen 27} [[""A"" [4 4 4 4 4 4 4 4 4 4]]]] [{citizen 29} [[""A"" [4 4 4 4 4 4 4 4 4 4]]]] [{citizen 31} [[""A"" [4 4 4 4 4 4 4 4 4 4]]]] [{citizen 42} [[""A"" [4 4 4 4 4 4 4 4 4 4]]]] [{citizen 44} [[""A"" [4 4 4 4 4 4 4 4 4 4]]]] [{citizen 45} [[""A"" [4 4 4 4 4 4 4 4 4 4]]]] [{citizen 48} [[""A"" [4 4 4 4 4 4 4 4 4 4]]]] [{media 52} [[""A"" [4 4 4 4 4 4 4 4 4 4]]]] [{media 53} [[""A"" [4 4 4 4 4 4 4 4 4 4]]]] [{media 54} [[""A"" [4 4 4 4 4 4 4 4 4 4]]]] [{media 55} [[""A"" [4 4 4 4 4 4 4 4 4 4]]]] [{media 56} [[""A"" [4 4 4 4 4 4 4 4 4 4]]]] [{media 58} [[""A"" [4 4 4 4 4 4 4 4 4 4]]]] [{media 59} [[""A"" [4 4 4 4 4 4 4 4 4 4]]]] [{media 60} [[""A"" [4 4 4 4 4 4 4 4 4 4]]]] [{media 61} [[""A"" [4 4 4 4 4 4 4 4 4 4]]]] [{media 63} [[""A"" [4 4 4 4 4 4 4 4 4 4]]]] [{media 64} [[""A"" [4 4 4 4 4 4 4 4 4 4]]]] [{citizen 0} [[""A"" [4 4 4 4 4 4 4 4 4 4]]]] [{citizen 49} [[""A"" [4 4 4 4 4 4 4 4 4 4]]]] [{media 51} [[""A"" [4 4 4 4 4 4 4 4 4 4]]]] [{citizen 24} [[""A"" [4 4 4 4 4 4 4 4 4 4]]]] [{citizen 6} [[""A"" [4 4 4 4 4 4 4 4 4 4]]]] [{citizen 21} [[""A"" [4 4 4 4 4 4 4 4 4 4]]]] [{citizen 7} [[""A"" [4 4 4 4 4 4 4 4 4 4]]]] [{citizen 23} [[""A"" [4 4 4 4 4 4 4 4 4 4]]]] [{citizen 32} [[""A"" [4 4 4 4 4 4 4 4 4 4]]]] [{citizen 19} [[""A"" [4 4 4 4 4 4 4 4 4 4]]]] [{citizen 1} [[""A"" [4 4 4 4 4 4 4 4 4 4]]]] [{citizen 30} [[""A"" [4 4 4 4 4 4 4 4 4 4]]]] [{citizen 16} [[""A"" [4 4 4 4 4 4 4 4 4 4]]]] [{media 62} [[""A"" [4 4 4 4 4 4 4 4 4 4]]]] [{citizen 20} [[""A"" [4 4 4 4 4 4 4 4 4 4]]]] [{citizen 8} [[""A"" [4 4 4 4 4 4 4 4 4 4]]]] [{citizen 40} [[""A"" [4 4 4 4 4 4 4 4 4 4]]]] [{citizen 46} [[""A"" [4 4 4 4 4 4 4 4 4 4]]]] [{citizen 43} [[""A"" [4 4 4 4 4 4 4 4 4 4]]]] [{citizen 17} [[""A"" [4 4 4 4 4 4 4 4 4 4]]]] [{citizen 12} [[""A"" [4 4 4 4 4 4 4 4 4 4]]]] [{citizen 26} [[""A"" [4 4 4 4 4 4 4 4 4 4]]]] [{citizen 35} [[""A"" [4 4 4 4 4 4 4 4 4 4]]]] [{citizen 38} [[""A"" [4 4 4 4 4 4 4 4 4 4]]]] [{citizen 14} [[""A"" [4 4 4 4 4 4 4 4 4 4]]]] [{citizen 41} [[""A"" [4 4 4 4 4 4 4 4 4 4]]]] [{citizen 39} [[""A"" [4 4 4 4 4 4 4 4 4 4]]]] [{citizen 34} [[""A"" [4 4 4 4 4 4 4 4 4 4]]]] [{citizen 47} [[""A"" [4 4 4 4 4 4 4 4 4 4]]]] [{citizen 15} [[""A"" [4 4 4 4 4 4 4 4 4 4]]]] [{citizen 36} [[""A"" [4 4 4 4 4 4 4 4 4 4]]]] [{media 50} [[""A"" [4 4 4 4 4 4 4 4 4 4]]]] [{citizen 10} [[""A"" [4 4 4 4 4 4 4 4 4 4]]]] [{media 57} [[""A"" [4 4 4 4 4 4 4 4 4 4]]]] [{citizen 3} [[""A"" [4 4 4 4 4 4 4 4 4 4]]]] [{citizen 37} [[""A"" [4 4 4 4 4 4 4 4 4 4]]]] [{citizen 28} [[""A"" [4 4 4 4 4 4 4 4 4 4]]]]]"
"3","[85 0 170]","24.37137330754352","4.1777613118237085","9.370458411765656","""circle""","""""","9.9","{breed citizens}","false","0.5","1","""up""",,"[[""ID"" 27] [""alpha"" 1] [""beta"" 1] [""malleable"" [""A""]] [""prior"" []] [""cont_tokens"" []] [""A"" 4]]","[[0 [2 3 4 6 7 8 9 11 12 13 14]] [1 [15 16 17 18 19 20 21 22 23 24 25 26 27 28 29]] [2 [30 31 32 33 34 35 36 37 38 39 40 41 42 43 44]] [3 [45 46 47 48 49 50 51 52 53 54 55 56 57 58 59]] [4 [60 61 62 63 64 65 66 67 68 69 70 71 72 73 74]] [5 [75 76 77 78 79 80 81 82 83 84 85 86 87 88 89]] [6 [90 91 92 93 94 95 96 97 98 99 100 101 102 103 104]] [7 [105 106 107 108 109 110 111 112 113 114 115 116 117 118 119]] [8 [120 121 122 123 124 125 126 127 128 129 130 131 132 133 134]] [9 [135 136 137 138 139 140 141 142 143 144 145 146 147 148 149]] [10 [150 151 152 153 154 155 156 157 158 159 160 161 162 163 164]] [11 [165 166 167 168 169 170 171 172 173 174 175 176 177 178 179]] [12 [180 181 182 183 184 185 186 187 188 189 190 191 192 193 194]] [13 [195 196 197 198 199 200 201 202 203 204 205 206 207 208 209]] [14 [210 211 212 213 214 215 216 217 218 219 220 221 222 223 224]] [15 [225 226 227 228 229 230 231 232 233 234 235 236 237 238 239]] [16 [240 241 242 243 244 245 246 247 248 249 250 251 252 253 254]] [17 [255 256 257 258 259 260 261 262 263 264 265 266 267 268 269]] [18 [270 271 272 273 274 275 276 277 278 279 280 281 282 283 284]] [19 [285 286 287 288 289 290 291 292 293 294 295 296 297 298 299]] [20 [300 301 302 303 304 305 306 307 308 309 310 311 312 313 314]] [21 [315 316 317 318 319 320 321 322 323 324 325 326 327 328 329]] [22 [330 331 332 333 334 335 336 337 338 339 340 341 342 343 344]] [23 [345 346 347 348 349 350 351 352 353 354 355 356 357 358 359]] [24 [360 361 362 363 364 365 366 367 368 369 370 371 372 373 374]] [25 [375 376 377 378 379 380 381 382 383 384 385 386 387 388 389]] [26 [390 391 392 393 394 395 396 397 398 399 400 401 402 403 404]] [27 [405 406 407 408 409 410 411 412 413 414 415 416 417 418 419]] [28 [420 421 422 423 424 425 426 427 428 429 430 431 432 433 434]] [29 [435 436 437 438 439 440 441 442 443 444 445 446 447 448 449]] [30 [450 451 452 453 454 455 456 457 458 459 460 461 462 463 464]] [31 [465 466 467 468 469 470 471 472 473 474 475 476 477 478 479]] [32 [480 481 482 483 484 485 486 487 488 489 490 491 492 493 494]] [33 [495 496 497 498 499 500 501 502 503 504 505 506 507 508 509]] [34 [510 511 512 513 514 515 516 517 518 519 520 521 522 523 524]] [35 [525 526 527 528 529 530 531 532 533 534 535 536 537 538 539]] [36 [540 541 542 543 544 545 546 547 548 549 550 551 552 553 554]] [37 [555 556 557 558 559 560 561 562 563 564 565 566 567 568 569]] [38 [570 571 572 573 574 575 576 577 578 579 580 581 582 583 584]] [39 [585 586 587 588 589 590 591 592 593 594 595 596 597 598 599]] [40 [600 601 602 603 604 605 606 607 608 609 610 611 612 613 614]] [41 [615 616 617 618 619 620 621 622 623 624 625 626 627 628 629]] [42 [630 631 632 633 634 635 636 637 638 639 640 641 642 643 644]] [43 [645 646 647 648 649 650 651 652 653 654 655 656 657 658 659]] [44 [660 661 662 663 664 665 666 667 668 669 670 671 672 673 674]] [45 [675 676 677 678 679 680 681 682 683 684 685 686 687 688 689]] [46 [690 691 692 693 694 695 696 697 698 699 700 701 702 703 704]] [47 [705 706 707 708 709 710 711 712 713 714 715 716 717 718 719]] [48 [720 721 722 723 724 725 726 727 728 729 730 731 732 733 734]] [49 [735 736 737 738 739 740 741 742 743 744 745 746 747 748 749]] [50 [750 751 752 753 754 755 756 757 758 759 760 761 762 763 764]] [51 [765 766 767 768 769 770 771 772 773 774 775 776 777 778 779]] [52 [780 781 782 783 784 785 786 787 788 789 790 791 792 793 794]] [53 [795 796 797 798 799 800 801 802 803 804 805 806 807 808 809]] [54 [810 811 812 813 814 815 816 817 818 819 820 821 822 823 824]] [55 [825 826 827 828 829 830 831 832 833 834 835 836 837 838 839]] [56 [840 841 842 843 844 845 846 847 848 849 850 851 852 853 854]] [57 [855 856 857 858 859 860 861 862 863 864 865 866 867 868 869]] [58 [870 871 872 873 874 875 876 877 878 879 880 881 882 883 884]] [59 [885 886 887 888 889 890 891 892 893 894 895 896 897 898 899]] [60 [900 901 902 903 904 905 906 907 908 909 910 911 912 913 914]] [61 [915 916 917 918 919 920 921 922 923 924 925 926 927 928 929]] [62 [930 931 932 933 934 935 936 937 938 939 940 941 942 943 944]] [63 [945 946 947 948 949 950 951 952 953 954 955 956 957 958 959]] [64 [960 961 962 963 964 965 966 967 968 969 970 971 972 973 974]] [65 [975 976 977 978 979 980 981 982 983 984 985 986 987 988 989]] [66 [990 991 992 993 994 995 996 997 998 999 1000 1001 1002 1003 1004]] [67 [1005 1006 1007 1008 1009 1010 1011 1012 1013 1014 1015 1016 1017 1018 1019]] [68 [1020 1021 1022 1023 1024 1025 1026 1027 1028 1029 1030 1031 1032 1033 1034]] [69 [1035 1036 1037 1038 1039 1040 1041 1042 1043 1044 1045 1046 1047 1048 1049]] [70 [1050 1051 1052 1053 1054 1055 1056 1057 1058 1059 1060 1061 1062 1063 1064]] [71 [1065 1066 1067 1068 1069 1070 1071 1072 1073 1074 1075 1076 1077 1078 1079]] [72 [1080 1081 1082 1083 1084 1085 1086 1087 1088 1089 1090 1091 1092 1093 1094]] [73 [1095 1096 1097 1098 1099 1100 1101 1102 1103 1104 1105 1106 1107 1108 1109]] [74 [1110 1111 1112 1113 1114 1115 1116 1117 1118 1119 1120 1121 1122 1123 1124]] [75 [1125 1126 1127 1128 1129 1130 1131 1132 1133 1134 1135 1136 1137 1138 1139]] [76 [1140 1141 1142 1143 1144 1145 1146 1147 1148 1149 1150 1151 1152 1153 1154]] [77 [1155 1156 1157 1158 1159 1160 1161 1162 1163 1164 1165 1166 1167 1168 1169]] [78 [1170 1171 1172 1173 1174 1175 1176 1177 1178 1179 1180 1181 1182 1183 1184]] [79 [1185 1186 1187 1188 1189 1190 1191 1192 1193 1194 1195 1196 1197 1198 1199]] [80 [1200 1201 1202 1203 1204 1205 1206 1207 1208 1209 1210 1211 1212 1213 1214]] [81 [1215 1216 1217 1218 1219 1220 1221 1222 1223 1224 1225 1226 1227 1228 1229]] [82 [1230 1231 1232 1233 1234 1235 1236 1237 1238 1239 1240 1241 1242 1243 1244]] [83 [1245 1246 1247 1248 1249 1250 1251 1252 1253 1254 1255 1256 1257 1258 1259]] [84 [1260 1261 1262 1263 1264 1265 1266 1267 1268 1269 1270 1271 1272 1273 1274]] [85 [1275 1276 1277 1278 1279 1280 1281 1282 1283 1284 1285 1286 1287 1288 1289]] [86 [1290 1291 1292 1293 1294 1295 1296 1297 1298 1299 1300 1301 1302 1303 1304]] [87 [1305 1306 1307 1308 1309 1310 1311 1312 1313 1314 1315 1316 1317 1318 1319]] [88 [1320 1321 1322 1323 1324 1325 1326 1327 1328 1329 1330 1331 1332 1333 1334]] [89 [1335 1336 1337 1338 1339 1340 1341 1342 1343 1344 1345 1346 1347 1348 1349]] [90 [1350 1351 1352 1353 1354 1355 1356 1357 1358 1359 1360 1361 1362 1363 1364]] [91 [1365 1366 1367 1368 1369 1370 1371 1372 1373 1374 1375 1376 1377 1378 1379]] [92 [1380 1381 1382 1383 1384 1385 1386 1387 1388 1389 1390 1391 1392 1393 1394]] [93 [1395 1396 1397 1398 1399 1400 1401 1402 1403 1404 1405 1406 1407 1408 1409]] [94 [1410 1411 1412 1413 1414 1415 1416 1417 1418 1419 1420 1421 1422 1423 1424]] [95 [1425 1426 1427 1428 1429 1430 1431 1432 1433 1434 1435 1436 1437 1438 1439]] [96 [1440 1441 1442 1443 1444 1445 1446 1447 1448 1449 1450 1451 1452 1453 1454]] [97 [1455 1456 1457 1458 1459 1460 1461 1462 1463 1464 1465 1466 1467 1468 1469]] [98 [1470 1471 1472 1473 1474 1475 1476 1477 1478 1479 1480 1481 1482 1483 1484]] [99 [1485 1486 1487 1488 1489 1490 1491 1492 1493 1494 1495 1496 1497 1498 1499]]]","[[0 [8 9 11 12 13 14]] [1 [15 16 17 18 19 20 21 22 23 24 25 26 27 28 29]] [2 [30 31 32 33 34 35 36 37 38 39 40 41 42 43 44]] [3 [45 46 47 48 49 50 51 52 53 54 55 56 57 58 59]] [4 [60 61 62 63 64 65 66 67 68 69 70 71 72 73 74]] [5 [75 76 77 78 79 80 81 82 83 84 85 86 87 88 89]] [6 [90 91 92 93 94 95 96 97 98 99 100 101 102 103 104]] [7 [105 106 107 108 109 110 111 112 113 114 115 116 117 118 119]] [8 [120 121 122 123 124 125 126 127 128 129 130 131 132 133 134]] [9 [135 136 137 138 139 140 141 142 143 144 145 146 147 148 149]] [10 [150 151 152 153 154 155 156 157 158 159 160 161 162 163 164]] [11 [165 166 167 168 169 170 171 172 173 174 175 176 177 178 179]] [12 [180 181 182 183 184 185 186 187 188 189 190 191 192 193 194]] [13 [195 196 197 198 199 200 201 202 203 204 205 206 207 208 209]] [14 [210 211 212 213 214 215 216 217 218 219 220 221 222 223 224]] [15 [225 226 227 228 229 230 231 232 233 234 235 236 237 238 239]] [16 [240 241 242 243 244 245 246 247 248 249 250 251 252 253 254]] [17 [255 256 257 258 259 260 261 262 263 264 265 266 267 268 269]] [18 [270 271 272 273 274 275 276 277 278 279 280 281 282 283 284]] [19 [285 286 287 288 289 290 291 292 293 294 295 296 297 298 299]] [20 [300 301 302 303 304 305 306 307 308 309 310 311 312 313 314]] [21 [315 316 317 318 319 320 321 322 323 324 325 326 327 328 329]] [22 [330 331 332 333 334 335 336 337 338 339 340 341 342 343 344]] [23 [345 346 347 348 349 350 351 352 353 354 355 356 357 358 359]] [24 [360 361 362 363 364 365 366 367 368 369 370 371 372 373 374]] [25 [375 376 377 378 379 380 381 382 383 384 385 386 387 388 389]] [26 [390 391 392 393 394 395 396 397 398 399 400 401 402 403 404]] [27 [405 406 407 408 409 410 411 412 413 414 415 416 417 418 419]] [28 [420 421 422 423 424 425 426 427 428 429 430 431 432 433 434]] [29 [435 436 437 438 439 440 441 442 443 444 445 446 447 448 449]] [30 [450 451 452 453 454 455 456 457 458 459 460 461 462 463 464]] [31 [465 466 467 468 469 470 471 472 473 474 475 476 477 478 479]] [32 [480 481 482 483 484 485 486 487 488 489 490 491 492 493 494]] [33 [495 496 497 498 499 500 501 502 503 504 505 506 507 508 509]] [34 [510 511 512 513 514 515 516 517 518 519 520 521 522 523 524]] [35 [525 526 527 528 529 530 531 532 533 534 535 536 537 538 539]] [36 [540 541 542 543 544 545 546 547 548 549 550 551 552 553 554]] [37 [555 556 557 558 559 560 561 562 563 564 565 566 567 568 569]] [38 [570 571 572 573 574 575 576 577 578 579 580 581 582 583 584]] [39 [585 586 587 588 589 590 591 592 593 594 595 596 597 598 599]] [40 [600 601 602 603 604 605 606 607 608 609 610 611 612 613 614]] [41 [615 616 617 618 619 620 621 622 623 624 625 626 627 628 629]] [42 [630 631 632 633 634 635 636 637 638 639 640 641 642 643 644]] [43 [645 646 647 648 649 650 651 652 653 654 655 656 657 658 659]] [44 [660 661 662 663 664 665 666 667 668 669 670 671 672 673 674]] [45 [675 676 677 678 679 680 681 682 683 684 685 686 687 688 689]] [46 [690 691 692 693 694 695 696 697 698 699 700 701 702 703 704]] [47 [705 706 707 708 709 710 711 712 713 714 715 716 717 718 719]] [48 [720 721 722 723 724 725 726 727 728 729 730 731 732 733 734]] [49 [735 736 737 738 739 740 741 742 743 744 745 746 747 748 749]] [50 [750 751 752 753 754 755 756 757 758 759 760 761 762 763 764]] [51 [765 766 767 768 769 770 771 772 773 774 775 776 777 778 779]] [52 [780 781 782 783 784 785 786 787 788 789 790 791 792 793 794]] [53 [795 796 797 798 799 800 801 802 803 804 805 806 807 808 809]] [54 [810 811 812 813 814 815 816 817 818 819 820 821 822 823 824]] [55 [825 826 827 828 829 830 831 832 833 834 835 836 837 838 839]] [56 [840 841 842 843 844 845 846 847 848 849 850 851 852 853 854]] [57 [855 856 857 858 859 860 861 862 863 864 865 866 867 868 869]] [58 [870 871 872 873 874 875 876 877 878 879 880 881 882 883 884]] [59 [885 886 887 888 889 890 891 892 893 894 895 896 897 898 899]] [60 [900 901 902 903 904 905 906 907 908 909 910 911 912 913 914]] [61 [915 916 917 918 919 920 921 922 923 924 925 926 927 928 929]] [62 [930 931 932 933 934 935 936 937 938 939 940 941 942 943 944]] [63 [945 946 947 948 949 950 951 952 953 954 955 956 957 958 959]] [64 [960 961 962 963 964 965 966 967 968 969 970 971 972 973 974]] [65 [975 976 977 978 979 980 981 982 983 984 985 986 987 988 989]] [66 [990 991 992 993 994 995 996 997 998 999 1000 1001 1002 1003 1004]] [67 [1005 1006 1007 1008 1009 1010 1011 1012 1013 1014 1015 1016 1017 1018 1019]] [68 [1020 1021 1022 1023 1024 1025 1026 1027 1028 1029 1030 1031 1032 1033 1034]] [69 [1035 1036 1037 1038 1039 1040 1041 1042 1043 1044 1045 1046 1047 1048 1049]] [70 [1050 1051 1052 1053 1054 1055 1056 1057 1058 1059 1060 1061 1062 1063 1064]] [71 [1065 1066 1067 1068 1069 1070 1071 1072 1073 1074 1075 1076 1077 1078 1079]] [72 [1080 1081 1082 1083 1084 1085 1086 1087 1088 1089 1090 1091 1092 1093 1094]] [73 [1095 1096 1097 1098 1099 1100 1101 1102 1103 1104 1105 1106 1107 1108 1109]] [74 [1110 1111 1112 1113 1114 1115 1116 1117 1118 1119 1120 1121 1122 1123 1124]] [75 [1125 1126 1127 1128 1129 1130 1131 1132 1133 1134 1135 1136 1137 1138 1139]] [76 [1140 1141 1142 1143 1144 1145 1146 1147 1148 1149 1150 1151 1152 1153 1154]] [77 [1155 1156 1157 1158 1159 1160 1161 1162 1163 1164 1165 1166 1167 1168 1169]] [78 [1170 1171 1172 1173 1174 1175 1176 1177 1178 1179 1180 1181 1182 1183 1184]] [79 [1185 1186 1187 1188 1189 1190 1191 1192 1193 1194 1195 1196 1197 1198 1199]] [80 [1200 1201 1202 1203 1204 1205 1206 1207 1208 1209 1210 1211 1212 1213 1214]] [81 [1215 1216 1217 1218 1219 1220 1221 1222 1223 1224 1225 1226 1227 1228 1229]] [82 [1230 1231 1232 1233 1234 1235 1236 1237 1238 1239 1240 1241 1242 1243 1244]] [83 [1245 1246 1247 1248 1249 1250 1251 1252 1253 1254 1255 1256 1257 1258 1259]] [84 [1260 1261 1262 1263 1264 1265 1266 1267 1268 1269 1270 1271 1272 1273 1274]] [85 [1275 1276 1277 1278 1279 1280 1281 1282 1283 1284 1285 1286 1287 1288 1289]] [86 [1290 1291 1292 1293 1294 1295 1296 1297 1298 1299 1300 1301 1302 1303 1304]] [87 [1305 1306 1307 1308 1309 1310 1311 1312 1313 1314 1315 1316 1317 1318 1319]] [88 [1320 1321 1322 1323 1324 1325 1326 1327 1328 1329 1330 1331 1332 1333 1334]] [89 [1335 1336 1337 1338 1339 1340 1341 1342 1343 1344 1345 1346 1347 1348 1349]] [90 [1350 1351 1352 1353 1354 1355 1356 1357 1358 1359 1360 1361 1362 1363 1364]] [91 [1365 1366 1367 1368 1369 1370 1371 1372 1373 1374 1375 1376 1377 1378 1379]] [92 [1380 1381 1382 1383 1384 1385 1386 1387 1388 1389 1390 1391 1392 1393 1394]] [93 [1395 1396 1397 1398 1399 1400 1401 1402 1403 1404 1405 1406 1407 1408 1409]] [94 [1410 1411 1412 1413 1414 1415 1416 1417 1418 1419 1420 1421 1422 1423 1424]] [95 [1425 1426 1427 1428 1429 1430 1431 1432 1433 1434 1435 1436 1437 1438 1439]] [96 [1440 1441 1442 1443 1444 1445 1446 1447 1448 1449 1450 1451 1452 1453 1454]] [97 [1455 1456 1457 1458 1459 1460 1461 1462 1463 1464 1465 1466 1467 1468 1469]] [98 [1470 1471 1472 1473 1474 1475 1476 1477 1478 1479 1480 1481 1482 1483 1484]] [99 [1485 1486 1487 1488 1489 1490 1491 1492 1493 1494 1495 1496 1497 1498 1499]]]",,"[[{media 52} [[""A"" [4 4 4 4 4 4 4 4 4 4]]]] [{media 53} [[""A"" [4 4 4 4 4 4 4 4 4 4]]]] [{media 54} [[""A"" [4 4 4 4 4 4 4 4 4 4]]]] [{media 55} [[""A"" [4 4 4 4 4 4 4 4 4 4]]]] [{media 56} [[""A"" [4 4 4 4 4 4 4 4 4 4]]]] [{media 58} [[""A"" [4 4 4 4 4 4 4 4 4 4]]]] [{media 59} [[""A"" [4 4 4 4 4 4 4 4 4 4]]]] [{media 60} [[""A"" [4 4 4 4 4 4 4 4 4 4]]]] [{media 61} [[""A"" [4 4 4 4 4 4 4 4 4 4]]]] [{media 63} [[""A"" [4 4 4 4 4 4 4 4 4 4]]]] [{media 64} [[""A"" [4 4 4 4 4 4 4 4 4 4]]]] [{citizen 0} [[""A"" [4 4 4 4 4 4 4 4 4 4]]]] [{citizen 49} [[""A"" [4 4 4 4 4 4 4 4 4 4]]]] [{citizen 2} [[""A"" [4 4 4 4 4 4 4 4 4 4]]]] [{citizen 17} [[""A"" [4 4 4 4 4 4 4 4 4 4]]]] [{citizen 8} [[""A"" [4 4 4 4 4 4 4 4 4 4]]]] [{citizen 46} [[""A"" [4 4 4 4 4 4 4 4 4 4]]]] [{citizen 5} [[""A"" [4 4 4 4 4 4 4 4 4 4]]]] [{citizen 27} [[""A"" [4 4 4 4 4 4 4 4 4 4]]]] [{citizen 45} [[""A"" [4 4 4 4 4 4 4 4 4 4]]]] [{citizen 7} [[""A"" [4 4 4 4 4 4 4 4 4 4]]]] [{media 51} [[""A"" [4 4 4 4 4 4 4 4 4 4]]]] [{citizen 24} [[""A"" [4 4 4 4 4 4 4 4 4 4]]]] [{citizen 6} [[""A"" [4 4 4 4 4 4 4 4 4 4]]]] [{citizen 21} [[""A"" [4 4 4 4 4 4 4 4 4 4]]]] [{citizen 23} [[""A"" [4 4 4 4 4 4 4 4 4 4]]]] [{citizen 11} [[""A"" [4 4 4 4 4 4 4 4 4 4]]]] [{citizen 44} [[""A"" [4 4 4 4 4 4 4 4 4 4]]]] [{citizen 4} [[""A"" [4 4 4 4 4 4 4 4 4 4]]]] [{citizen 32} [[""A"" [4 4 4 4 4 4 4 4 4 4]]]] [{citizen 19} [[""A"" [4 4 4 4 4 4 4 4 4 4]]]] [{citizen 1} [[""A"" [4 4 4 4 4 4 4 4 4 4]]]] [{citizen 42} [[""A"" [4 4 4 4 4 4 4 4 4 4]]]] [{citizen 35} [[""A"" [4 4 4 4 4 4 4 4 4 4]]]] [{citizen 30} [[""A"" [4 4 4 4 4 4 4 4 4 4]]]] [{media 62} [[""A"" [4 4 4 4 4 4 4 4 4 4]]]] [{citizen 9} [[""A"" [4 4 4 4 4 4 4 4 4 4]]]] [{citizen 20} [[""A"" [4 4 4 4 4 4 4 4 4 4]]]] [{citizen 40} [[""A"" [4 4 4 4 4 4 4 4 4 4]]]] [{citizen 37} [[""A"" [4 4 4 4 4 4 4 4 4 4]]]] [{citizen 16} [[""A"" [4 4 4 4 4 4 4 4 4 4]]]] [{citizen 15} [[""A"" [4 4 4 4 4 4 4 4 4 4]]]] [{citizen 12} [[""A"" [4 4 4 4 4 4 4 4 4 4]]]] [{citizen 10} [[""A"" [4 4 4 4 4 4 4 4 4 4]]]] [{citizen 14} [[""A"" [4 4 4 4 4 4 4 4 4 4]]]] [{citizen 39} [[""A"" [4 4 4 4 4 4 4 4 4 4]]]] [{citizen 43} [[""A"" [4 4 4 4 4 4 4 4 4 4]]]] [{citizen 48} [[""A"" [4 4 4 4 4 4 4 4 4 4]]]] [{citizen 22} [[""A"" [4 4 4 4 4 4 4 4 4 4]]]] [{citizen 13} [[""A"" [4 4 4 4 4 4 4 4 4 4]]]] [{citizen 26} [[""A"" [4 4 4 4 4 4 4 4 4 4]]]] [{citizen 38} [[""A"" [4 4 4 4 4 4 4 4 4 4]]]] [{citizen 41} [[""A"" [4 4 4 4 4 4 4 4 4 4]]]] [{citizen 34} [[""A"" [4 4 4 4 4 4 4 4 4 4]]]] [{citizen 28} [[""A"" [4 4 4 4 4 4 4 4 4 4]]]] [{citizen 36} [[""A"" [4 4 4 4 4 4 4 4 4 4]]]] [{citizen 29} [[""A"" [4 4 4 4 4 4 4 4 4 4]]]] [{media 50} [[""A"" [4 4 4 4 4 4 4 4 4 4]]]] [{media 57} [[""A"" [4 4 4 4 4 4 4 4 4 4]]]] [{citizen 31} [[""A"" [4 4 4 4 4 4 4 4 4 4]]]] [{citizen 47} [[""A"" [4 4 4 4 4 4 4 4 4 4]]]]]"
"4","[85 0 170]","34.81624758220504","5.548818595097507","6.986404143521822","""circle""","""""","9.9","{breed citizens}","false","0.5","1","""up""",,"[[""ID"" 49] [""alpha"" 1] [""beta"" 1] [""malleable"" [""A""]] [""prior"" []] [""cont_tokens"" []] [""A"" 4]]","[[0 [0 1 2 3 4 5 6 7 8 9 10 11 12 13 14]] [1 [15 16 17 18 19 20 21 22 23 24 25 26 27 28 29]] [2 [30 31 32 33 34 35 36 37 38 39 40 41 42 43 44]] [3 [45 46 47 48 49 50 51 52 53 54 55 56 57 58 59]] [4 [60 61 62 63 64 65 66 67 68 69 70 71 72 73 74]] [5 [75 76 77 78 79 80 81 82 83 84 85 86 87 88 89]] [6 [90 91 92 93 94 95 96 97 98 99 100 101 102 103 104]] [7 [105 106 107 108 109 110 111 112 113 114 115 116 117 118 119]] [8 [120 121 122 123 124 125 126 127 128 129 130 131 132 133 134]] [9 [135 136 137 138 139 140 141 142 143 144 145 146 147 148 149]] [10 [150 151 152 153 154 155 156 157 158 159 160 161 162 163 164]] [11 [165 166 167 168 169 170 171 172 173 174 175 176 177 178 179]] [12 [180 181 182 183 184 185 186 187 188 189 190 191 192 193 194]] [13 [195 196 197 198 199 200 201 202 203 204 205 206 207 208 209]] [14 [210 211 212 213 214 215 216 217 218 219 220 221 222 223 224]] [15 [225 226 227 228 229 230 231 232 233 234 235 236 237 238 239]] [16 [240 241 242 243 244 245 246 247 248 249 250 251 252 253 254]] [17 [255 256 257 258 259 260 261 262 263 264 265 266 267 268 269]] [18 [270 271 272 273 274 275 276 277 278 279 280 281 282 283 284]] [19 [285 286 287 288 289 290 291 292 293 294 295 296 297 298 299]] [20 [300 301 302 303 304 305 306 307 308 309 310 311 312 313 314]] [21 [315 316 317 318 319 320 321 322 323 324 325 326 327 328 329]] [22 [330 331 332 333 334 335 336 337 338 339 340 341 342 343 344]] [23 [345 346 347 348 349 350 351 352 353 354 355 356 357 358 359]] [24 [360 361 362 363 364 365 366 367 368 369 370 371 372 373 374]] [25 [375 376 377 378 379 380 381 382 383 384 385 386 387 388 389]] [26 [390 391 392 393 394 395 396 397 398 399 400 401 402 403 404]] [27 [405 406 407 408 409 410 411 412 413 414 415 416 417 418 419]] [28 [420 421 422 423 424 425 426 427 428 429 430 431 432 433 434]] [29 [435 436 437 438 439 440 441 442 443 444 445 446 447 448 449]] [30 [450 451 452 453 454 455 456 457 458 459 460 461 462 463 464]] [31 [465 466 467 468 469 470 471 472 473 474 475 476 477 478 479]] [32 [480 481 482 483 484 485 486 487 488 489 490 491 492 493 494]] [33 [495 496 497 498 499 500 501 502 503 504 505 506 507 508 509]] [34 [510 511 512 513 514 515 516 517 518 519 520 521 522 523 524]] [35 [525 526 527 528 529 530 531 532 533 534 535 536 537 538 539]] [36 [540 541 542 543 544 545 546 547 548 549 550 551 552 553 554]] [37 [555 556 557 558 559 560 561 562 563 564 565 566 567 568 569]] [38 [570 571 572 573 574 575 576 577 578 579 580 581 582 583 584]] [39 [585 586 587 588 589 590 591 592 593 594 595 596 597 598 599]] [40 [600 601 602 603 604 605 606 607 608 609 610 611 612 613 614]] [41 [615 616 617 618 619 620 621 622 623 624 625 626 627 628 629]] [42 [630 631 632 633 634 635 636 637 638 639 640 641 642 643 644]] [43 [645 646 647 648 649 650 651 652 653 654 655 656 657 658 659]] [44 [660 661 662 663 664 665 666 667 668 669 670 671 672 673 674]] [45 [675 676 677 678 679 680 681 682 683 684 685 686 687 688 689]] [46 [690 691 692 693 694 695 696 697 698 699 700 701 702 703 704]] [47 [705 706 707 708 709 710 711 712 713 714 715 716 717 718 719]] [48 [720 721 722 723 724 725 726 727 728 729 730 731 732 733 734]] [49 [735 736 737 738 739 740 741 742 743 744 745 746 747 748 749]] [50 [750 751 752 753 754 755 756 757 758 759 760 761 762 763 764]] [51 [765 766 767 768 769 770 771 772 773 774 775 776 777 778 779]] [52 [780 781 782 783 784 785 786 787 788 789 790 791 792 793 794]] [53 [795 796 797 798 799 800 801 802 803 804 805 806 807 808 809]] [54 [810 811 812 813 814 815 816 817 818 819 820 821 822 823 824]] [55 [825 826 827 828 829 830 831 832 833 834 835 836 837 838 839]] [56 [840 841 842 843 844 845 846 847 848 849 850 851 852 853 854]] [57 [855 856 857 858 859 860 861 862 863 864 865 866 867 868 869]] [58 [870 871 872 873 874 875 876 877 878 879 880 881 882 883 884]] [59 [885 886 887 888 889 890 891 892 893 894 895 896 897 898 899]] [60 [900 901 902 903 904 905 906 907 908 909 910 911 912 913 914]] [61 [915 916 917 918 919 920 921 922 923 924 925 926 927 928 929]] [62 [930 931 932 933 934 935 936 937 938 939 940 941 942 943 944]] [63 [945 946 947 948 949 950 951 952 953 954 955 956 957 958 959]] [64 [960 961 962 963 964 965 966 967 968 969 970 971 972 973 974]] [65 [975 976 977 978 979 980 981 982 983 984 985 986 987 988 989]] [66 [990 991 992 993 994 995 996 997 998 999 1000 1001 1002 1003 1004]] [67 [1005 1006 1007 1008 1009 1010 1011 1012 1013 1014 1015 1016 1017 1018 1019]] [68 [1020 1021 1022 1023 1024 1025 1026 1027 1028 1029 1030 1031 1032 1033 1034]] [69 [1035 1036 1037 1038 1039 1040 1041 1042 1043 1044 1045 1046 1047 1048 1049]] [70 [1050 1051 1052 1053 1054 1055 1056 1057 1058 1059 1060 1061 1062 1063 1064]] [71 [1065 1066 1067 1068 1069 1070 1071 1072 1073 1074 1075 1076 1077 1078 1079]] [72 [1080 1081 1082 1083 1084 1085 1086 1087 1088 1089 1090 1091 1092 1093 1094]] [73 [1095 1096 1097 1098 1099 1100 1101 1102 1103 1104 1105 1106 1107 1108 1109]] [74 [1110 1111 1112 1113 1114 1115 1116 1117 1118 1119 1120 1121 1122 1123 1124]] [75 [1125 1126 1127 1128 1129 1130 1131 1132 1133 1134 1135 1136 1137 1138 1139]] [76 [1140 1141 1142 1143 1144 1145 1146 1147 1148 1149 1150 1151 1152 1153 1154]] [77 [1155 1156 1157 1158 1159 1160 1161 1162 1163 1164 1165 1166 1167 1168 1169]] [78 [1170 1171 1172 1173 1174 1175 1176 1177 1178 1179 1180 1181 1182 1183 1184]] [79 [1185 1186 1187 1188 1189 1190 1191 1192 1193 1194 1195 1196 1197 1198 1199]] [80 [1200 1201 1202 1203 1204 1205 1206 1207 1208 1209 1210 1211 1212 1213 1214]] [81 [1215 1216 1217 1218 1219 1220 1221 1222 1223 1224 1225 1226 1227 1228 1229]] [82 [1230 1231 1232 1233 1234 1235 1236 1237 1238 1239 1240 1241 1242 1243 1244]] [83 [1245 1246 1247 1248 1249 1250 1251 1252 1253 1254 1255 1256 1257 1258 1259]] [84 [1260 1261 1262 1263 1264 1265 1266 1267 1268 1269 1270 1271 1272 1273 1274]] [85 [1275 1276 1277 1278 1279 1280 1281 1282 1283 1284 1285 1286 1287 1288 1289]] [86 [1290 1291 1292 1293 1294 1295 1296 1297 1298 1299 1300 1301 1302 1303 1304]] [87 [1305 1306 1307 1308 1309 1310 1311 1312 1313 1314 1315 1316 1317 1318 1319]] [88 [1320 1321 1322 1323 1324 1325 1326 1327 1328 1329 1330 1331 1332 1333 1334]] [89 [1335 1336 1337 1338 1339 1340 1341 1342 1343 1344 1345 1346 1347 1348 1349]] [90 [1350 1351 1352 1353 1354 1355 1356 1357 1358 1359 1360 1361 1362 1363 1364]] [91 [1365 1366 1367 1368 1369 1370 1371 1372 1373 1374 1375 1376 1377 1378 1379]] [92 [1380 1381 1382 1383 1384 1385 1386 1387 1388 1389 1390 1391 1392 1393 1394]] [93 [1395 1396 1397 1398 1399 1400 1401 1402 1403 1404 1405 1406 1407 1408 1409]] [94 [1410 1411 1412 1413 1414 1415 1416 1417 1418 1419 1420 1421 1422 1423 1424]] [95 [1425 1426 1427 1428 1429 1430 1431 1432 1433 1434 1435 1436 1437 1438 1439]] [96 [1440 1441 1442 1443 1444 1445 1446 1447 1448 1449 1450 1451 1452 1453 1454]] [97 [1455 1456 1457 1458 1459 1460 1461 1462 1463 1464 1465 1466 1467 1468 1469]] [98 [1470 1471 1472 1473 1474 1475 1476 1477 1478 1479 1480 1481 1482 1483 1484]] [99 [1485 1486 1487 1488 1489 1490 1491 1492 1493 1494 1495 1496 1497 1498 1499]]]","[[0 [6 7 8 9 10 11 12 13 14]] [1 [15 16 17 18 19 20 21 22 23 24 25 26 27 28 29]] [2 [30 31 32 33 34 35 36 37 38 39 40 41 42 43 44]] [3 [45 46 47 48 49 50 51 52 53 54 55 56 57 58 59]] [4 [60 61 62 63 64 65 66 67 68 69 70 71 72 73 74]] [5 [75 76 77 78 79 80 81 82 83 84 85 86 87 88 89]] [6 [90 91 92 93 94 95 96 97 98 99 100 101 102 103 104]] [7 [105 106 107 108 109 110 111 112 113 114 115 116 117 118 119]] [8 [120 121 122 123 124 125 126 127 128 129 130 131 132 133 134]] [9 [135 136 137 138 139 140 141 142 143 144 145 146 147 148 149]] [10 [150 151 152 153 154 155 156 157 158 159 160 161 162 163 164]] [11 [165 166 167 168 169 170 171 172 173 174 175 176 177 178 179]] [12 [180 181 182 183 184 185 186 187 188 189 190 191 192 193 194]] [13 [195 196 197 198 199 200 201 202 203 204 205 206 207 208 209]] [14 [210 211 212 213 214 215 216 217 218 219 220 221 222 223 224]] [15 [225 226 227 228 229 230 231 232 233 234 235 236 237 238 239]] [16 [240 241 242 243 244 245 246 247 248 249 250 251 252 253 254]] [17 [255 256 257 258 259 260 261 262 263 264 265 266 267 268 269]] [18 [270 271 272 273 274 275 276 277 278 279 280 281 282 283 284]] [19 [285 286 287 288 289 290 291 292 293 294 295 296 297 298 299]] [20 [300 301 302 303 304 305 306 307 308 309 310 311 312 313 314]] [21 [315 316 317 318 319 320 321 322 323 324 325 326 327 328 329]] [22 [330 331 332 333 334 335 336 337 338 339 340 341 342 343 344]] [23 [345 346 347 348 349 350 351 352 353 354 355 356 357 358 359]] [24 [360 361 362 363 364 365 366 367 368 369 370 371 372 373 374]] [25 [375 376 377 378 379 380 381 382 383 384 385 386 387 388 389]] [26 [390 391 392 393 394 395 396 397 398 399 400 401 402 403 404]] [27 [405 406 407 408 409 410 411 412 413 414 415 416 417 418 419]] [28 [420 421 422 423 424 425 426 427 428 429 430 431 432 433 434]] [29 [435 436 437 438 439 440 441 442 443 444 445 446 447 448 449]] [30 [450 451 452 453 454 455 456 457 458 459 460 461 462 463 464]] [31 [465 466 467 468 469 470 471 472 473 474 475 476 477 478 479]] [32 [480 481 482 483 484 485 486 487 488 489 490 491 492 493 494]] [33 [495 496 497 498 499 500 501 502 503 504 505 506 507 508 509]] [34 [510 511 512 513 514 515 516 517 518 519 520 521 522 523 524]] [35 [525 526 527 528 529 530 531 532 533 534 535 536 537 538 539]] [36 [540 541 542 543 544 545 546 547 548 549 550 551 552 553 554]] [37 [555 556 557 558 559 560 561 562 563 564 565 566 567 568 569]] [38 [570 571 572 573 574 575 576 577 578 579 580 581 582 583 584]] [39 [585 586 587 588 589 590 591 592 593 594 595 596 597 598 599]] [40 [600 601 602 603 604 605 606 607 608 609 610 611 612 613 614]] [41 [615 616 617 618 619 620 621 622 623 624 625 626 627 628 629]] [42 [630 631 632 633 634 635 636 637 638 639 640 641 642 643 644]] [43 [645 646 647 648 649 650 651 652 653 654 655 656 657 658 659]] [44 [660 661 662 663 664 665 666 667 668 669 670 671 672 673 674]] [45 [675 676 677 678 679 680 681 682 683 684 685 686 687 688 689]] [46 [690 691 692 693 694 695 696 697 698 699 700 701 702 703 704]] [47 [705 706 708 709 710 711 712 713 714 715 716 717 718 719]] [48 [720 721 722 723 724 725 726 727 728 729 730 731 732 733 734]] [49 [735 736 737 738 739 740 741 742 743 744 745 746 747 748 749]] [50 [750 751 752 753 754 755 756 757 758 759 760 761 762 763 764]] [51 [765 766 767 768 769 770 771 772 773 774 775 776 777 778 779]] [52 [780 781 782 783 784 785 786 787 788 789 790 791 792 793 794]] [53 [795 796 797 798 799 800 801 802 803 804 805 806 807 808 809]] [54 [810 811 812 813 814 815 816 817 818 819 820 821 822 823 824]] [55 [825 826 827 828 829 830 831 832 833 834 835 836 837 838 839]] [56 [840 841 842 843 844 845 846 847 848 849 850 851 852 853 854]] [57 [855 856 857 858 859 860 861 862 863 864 865 866 867 868 869]] [58 [870 871 872 873 874 875 876 877 878 879 880 881 882 883 884]] [59 [885 886 887 888 889 890 891 892 893 894 895 896 897 898 899]] [60 [900 901 902 903 904 905 906 907 908 909 910 911 912 913 914]] [61 [915 916 917 918 919 920 921 922 923 924 925 926 927 928 929]] [62 [930 931 932 933 934 935 936 937 938 939 940 941 942 943 944]] [63 [945 946 947 948 949 950 951 952 953 954 955 956 957 958 959]] [64 [960 961 962 963 964 965 966 967 968 969 970 971 972 973 974]] [65 [975 976 977 978 979 980 981 982 983 984 985 986 987 988 989]] [66 [990 991 992 993 994 995 996 997 998 999 1000 1001 1002 1003 1004]] [67 [1005 1006 1007 1008 1009 1010 1011 1012 1013 1014 1015 1016 1017 1018 1019]] [68 [1020 1021 1022 1023 1024 1025 1026 1027 1028 1029 1030 1031 1032 1033 1034]] [69 [1035 1036 1037 1038 1039 1040 1041 1042 1043 1044 1045 1046 1047 1048 1049]] [70 [1050 1051 1052 1053 1054 1055 1056 1057 1058 1059 1060 1061 1062 1063 1064]] [71 [1065 1066 1067 1068 1069 1070 1071 1072 1073 1074 1075 1076 1077 1078 1079]] [72 [1080 1081 1082 1083 1084 1085 1086 1087 1088 1089 1090 1091 1092 1093 1094]] [73 [1095 1096 1097 1098 1099 1100 1101 1102 1103 1104 1105 1106 1107 1108 1109]] [74 [1110 1111 1112 1113 1114 1115 1116 1117 1118 1119 1120 1121 1122 1123 1124]] [75 [1125 1126 1127 1128 1129 1130 1131 1132 1133 1134 1135 1136 1137 1138 1139]] [76 [1140 1141 1142 1143 1144 1145 1146 1147 1148 1149 1150 1151 1152 1153 1154]] [77 [1155 1156 1157 1158 1159 1160 1161 1162 1163 1164 1165 1166 1167 1168 1169]] [78 [1170 1171 1172 1173 1174 1175 1176 1177 1178 1179 1180 1181 1182 1183 1184]] [79 [1185 1186 1187 1188 1189 1190 1191 1192 1193 1194 1195 1196 1197 1198 1199]] [80 [1200 1201 1202 1203 1204 1205 1206 1207 1208 1209 1210 1211 1212 1213 1214]] [81 [1215 1216 1217 1218 1219 1220 1221 1222 1223 1224 1225 1226 1227 1228 1229]] [82 [1230 1231 1232 1233 1234 1235 1236 1237 1238 1239 1240 1241 1242 1243 1244]] [83 [1245 1246 1247 1248 1249 1250 1251 1252 1253 1254 1255 1256 1257 1258 1259]] [84 [1260 1261 1262 1263 1264 1265 1266 1267 1268 1269 1270 1271 1272 1273 1274]] [85 [1275 1276 1277 1278 1279 1280 1281 1282 1283 1284 1285 1286 1287 1288 1289]] [86 [1290 1291 1292 1293 1294 1295 1296 1297 1298 1299 1300 1301 1302 1303 1304]] [87 [1305 1306 1307 1308 1309 1310 1311 1312 1313 1314 1315 1316 1317 1318 1319]] [88 [1320 1321 1322 1323 1324 1325 1326 1327 1328 1329 1330 1331 1332 1333 1334]] [89 [1335 1336 1337 1338 1339 1340 1341 1342 1343 1344 1345 1346 1347 1348 1349]] [90 [1350 1351 1352 1353 1354 1355 1356 1357 1358 1359 1360 1361 1362 1363 1364]] [91 [1365 1366 1367 1368 1369 1370 1371 1372 1373 1374 1375 1376 1377 1378 1379]] [92 [1380 1381 1382 1383 1384 1385 1386 1387 1388 1389 1390 1391 1392 1393 1394]] [93 [1395 1396 1397 1398 1399 1400 1401 1402 1403 1404 1405 1406 1407 1408 1409]] [94 [1410 1411 1412 1413 1414 1415 1416 1417 1418 1419 1420 1421 1422 1423 1424]] [95 [1425 1426 1427 1428 1429 1430 1431 1432 1433 1434 1435 1436 1437 1438 1439]] [96 [1440 1441 1442 1443 1444 1445 1446 1447 1448 1449 1450 1451 1452 1453 1454]] [97 [1455 1456 1457 1458 1459 1460 1461 1462 1463 1464 1465 1466 1467 1468 1469]] [98 [1470 1471 1472 1473 1474 1475 1476 1477 1478 1479 1480 1481 1482 1483 1484]] [99 [1485 1486 1487 1488 1489 1490 1491 1492 1493 1494 1495 1496 1497 1498 1499]]]",,"[[{citizen 10} [[""A"" [4 4 4 4 4 4 4 4 4 4]]]] [{citizen 16} [[""A"" [4 4 4 4 4 4 4 4 4 4]]]] [{citizen 19} [[""A"" [4 4 4 4 4 4 4 4 4 4]]]] [{citizen 21} [[""A"" [4 4 4 4 4 4 4 4 4 4]]]] [{citizen 28} [[""A"" [4 4 4 4 4 4 4 4 4 4]]]] [{citizen 38} [[""A"" [4 4 4 4 4 4 4 4 4 4]]]] [{citizen 49} [[""A"" [4 4 4 4 4 4 4 4 4 4]]]] [{media 52} [[""A"" [4 4 4 4 4 4 4 4 4 4]]]] [{media 53} [[""A"" [4 4 4 4 4 4 4 4 4 4]]]] [{media 54} [[""A"" [4 4 4 4 4 4 4 4 4 4]]]] [{media 55} [[""A"" [4 4 4 4 4 4 4 4 4 4]]]] [{media 56} [[""A"" [4 4 4 4 4 4 4 4 4 4]]]] [{media 58} [[""A"" [4 4 4 4 4 4 4 4 4 4]]]] [{media 59} [[""A"" [4 4 4 4 4 4 4 4 4 4]]]] [{media 60} [[""A"" [4 4 4 4 4 4 4 4 4 4]]]] [{media 61} [[""A"" [4 4 4 4 4 4 4 4 4 4]]]] [{media 63} [[""A"" [4 4 4 4 4 4 4 4 4 4]]]] [{media 64} [[""A"" [4 4 4 4 4 4 4 4 4 4]]]] [{media 50} [[""A"" [4 4 4 4 4 4 4 4 4 4]]]] [{citizen 1} [[""A"" [4 4 4 4 4 4 4 4 4 4]]]] [{media 62} [[""A"" [4 4 4 4 4 4 4 4 4 4]]]] [{citizen 2} [[""A"" [4 4 4 4 4 4 4 4 4 4]]]] [{citizen 0} [[""A"" [4 4 4 4 4 4 4 4 4 4]]]] [{media 51} [[""A"" [4 4 4 4 4 4 4 4 4 4]]]] [{media 57} [[""A"" [4 4 4 4 4 4 4 4 4 4]]]] [{citizen 17} [[""A"" [4 4 4 4 4 4 4 4 4 4]]]] [{citizen 8} [[""A"" [4 4 4 4 4 4 4 4 4 4]]]] [{citizen 46} [[""A"" [4 4 4 4 4 4 4 4 4 4]]]] [{citizen 5} [[""A"" [4 4 4 4 4 4 4 4 4 4]]]] [{citizen 27} [[""A"" [4 4 4 4 4 4 4 4 4 4]]]] [{citizen 45} [[""A"" [4 4 4 4 4 4 4 4 4 4]]]] [{citizen 7} [[""A"" [4 4 4 4 4 4 4 4 4 4]]]] [{citizen 40} [[""A"" [4 4 4 4 4 4 4 4 4 4]]]] [{citizen 6} [[""A"" [4 4 4 4 4 4 4 4 4 4]]]] [{citizen 35} [[""A"" [4 4 4 4 4 4 4 4 4 4]]]] [{citizen 23} [[""A"" [4 4 4 4 4 4 4 4 4 4]]]] [{citizen 24} [[""A"" [4 4 4 4 4 4 4 4 4 4]]]] [{citizen 44} [[""A"" [4 4 4 4 4 4 4 4 4 4]]]] [{citizen 32} [[""A"" [4 4 4 4 4 4 4 4 4 4]]]] [{citizen 39} [[""A"" [4 4 4 4 4 4 4 4 4 4]]]] [{citizen 20} [[""A"" [4 4 4 4 4 4 4 4 4 4]]]] [{citizen 31} [[""A"" [4 4 4 4 4 4 4 4 4 4]]]] [{citizen 14} [[""A"" [4 4 4 4 4 4 4 4 4 4]]]] [{citizen 36} [[""A"" [4 4 4 4 4 4 4 4 4 4]]]] [{citizen 11} [[""A"" [4 4 4 4 4 4 4 4 4 4]]]] [{citizen 30} [[""A"" [4 4 4 4 4 4 4 4 4 4]]]] [{citizen 9} [[""A"" [4 4 4 4 4 4 4 4 4 4]]]] [{citizen 37} [[""A"" [4 4 4 4 4 4 4 4 4 4]]]] [{citizen 15} [[""A"" [4 4 4 4 4 4 4 4 4 4]]]] [{citizen 42} [[""A"" [4 4 4 4 4 4 4 4 4 4]]]] [{citizen 12} [[""A"" [4 4 4 4 4 4 4 4 4 4]]]] [{citizen 13} [[""A"" [4 4 4 4 4 4 4 4 4 4]]]] [{citizen 22} [[""A"" [4 4 4 4 4 4 4 4 4 4]]]] [{citizen 48} [[""A"" [4 4 4 4 4 4 4 4 4 4]]]] [{citizen 26} [[""A"" [4 4 4 4 4 4 4 4 4 4]]]] [{citizen 29} [[""A"" [4 4 4 4 4 4 4 4 4 4]]]] [{citizen 43} [[""A"" [4 4 4 4 4 4 4 4 4 4]]]] [{citizen 34} [[""A"" [4 4 4 4 4 4 4 4 4 4]]]] [{citizen 41} [[""A"" [4 4 4 4 4 4 4 4 4 4]]]] [{citizen 47} [[""A"" [4 4 4 4 4 4 4 4 4 4]]]] [{citizen 3} [[""A"" [4 4 4 4 4 4 4 4 4 4]]]]]"
"5","[85 0 170]","95.74468085106383","4.551529706801372","-0.41021175334197096","""circle""","""""","9.9","{breed citizens}","false","0.5","1","""up""",,"[[""ID"" 25] [""alpha"" 1] [""beta"" 1] [""malleable"" [""A""]] [""prior"" []] [""cont_tokens"" []] [""A"" 4]]","[[0 [0 1 2 3 4 5 6 7 8 9 10 11 12 13 14]] [1 [15 16 17 18 19 20 21 22 23 24 25 26 27 28 29]] [2 [30 31 32 33 34 35 36 37 38 39 40 41 42 43 44]] [3 [45 46 47 48 49 50 51 52 53 54 55 56 57 58 59]] [4 [60 61 62 63 64 65 66 67 68 69 70 71 72 73 74]] [5 [75 76 77 78 79 80 81 82 83 84 85 86 87 88 89]] [6 [90 91 92 93 94 95 96 97 98 99 100 101 102 103 104]] [7 [105 106 107 108 109 110 111 112 113 114 115 116 117 118 119]] [8 [120 121 122 123 124 125 126 127 128 129 130 131 132 133 134]] [9 [135 136 137 138 139 140 141 142 143 144 145 146 147 148 149]] [10 [150 151 152 153 154 155 156 157 158 159 160 161 162 163 164]] [11 [165 166 167 168 169 170 171 172 173 174 175 176 177 178 179]] [12 [180 181 182 183 184 185 186 187 188 189 190 191 192 193 194]] [13 [195 196 197 198 199 200 201 202 203 204 205 206 207 208 209]] [14 [210 211 212 213 214 215 216 217 218 219 220 221 222 223 224]] [15 [225 226 227 228 229 230 231 232 233 234 235 236 237 238 239]] [16 [240 241 242 243 244 245 246 247 248 249 250 251 252 253 254]] [17 [255 256 257 258 259 260 261 262 263 264 265 266 267 268 269]] [18 [270 271 272 273 274 275 276 277 278 279 280 281 282 283 284]] [19 [285 286 287 288 289 290 291 292 293 294 295 296 297 298 299]] [20 [300 301 302 303 304 305 306 307 308 309 310 311 312 313 314]] [21 [315 316 317 318 319 320 321 322 323 324 325 326 327 328 329]] [22 [330 331 332 333 334 335 336 337 338 339 340 341 342 343 344]] [23 [345 346 347 348 349 350 351 352 353 354 355 356 357 358 359]] [24 [360 361 362 363 364 365 366 367 368 369 370 371 372 373 374]] [25 [375 376 377 378 379 380 381 382 383 384 385 386 387 388 389]] [26 [390 391 392 393 394 395 396 397 398 399 400 401 402 403 404]] [27 [405 406 407 408 409 410 411 412 413 414 415 416 417 418 419]] [28 [420 421 422 423 424 425 426 427 428 429 430 431 432 433 434]] [29 [435 436 437 438 439 440 441 442 443 444 445 446 447 448 449]] [30 [450 451 452 453 454 455 456 457 458 459 460 461 462 463 464]] [31 [465 466 467 468 469 470 471 472 473 474 475 476 477 478 479]] [32 [480 481 482 483 484 485 486 487 488 489 490 491 492 493 494]] [33 [495 496 497 498 499 500 501 502 503 504 505 506 507 508 509]] [34 [510 511 512 513 514 515 516 517 518 519 520 521 522 523 524]] [35 [525 526 527 528 529 530 531 532 533 534 535 536 537 538 539]] [36 [540 541 542 543 544 545 546 547 548 549 550 551 552 553 554]] [37 [555 556 557 558 559 560 561 562 563 564 565 566 567 568 569]] [38 [570 571 572 573 574 575 576 577 578 579 580 581 582 583 584]] [39 [585 586 587 588 589 590 591 592 593 594 595 596 597 598 599]] [40 [600 601 602 603 604 605 606 607 608 609 610 611 612 613 614]] [41 [615 616 617 618 619 620 621 622 623 624 625 626 627 628 629]] [42 [630 631 632 633 634 635 636 637 638 639 640 641 642 643 644]] [43 [645 646 647 648 649 650 651 652 653 654 655 656 657 658 659]] [44 [660 661 662 663 664 665 666 667 668 669 670 671 672 673 674]] [45 [675 676 677 678 679 680 681 682 683 684 685 686 687 688 689]] [46 [690 691 692 693 694 695 696 697 698 699 700 701 702 703 704]] [47 [705 706 707 708 709 710 711 712 713 714 715 716 717 718 719]] [48 [720 721 722 723 724 725 726 727 728 729 730 731 732 733 734]] [49 [735 736 737 738 739 740 741 742 743 744 745 746 747 748 749]] [50 [750 751 752 753 754 755 756 757 758 759 760 761 762 763 764]] [51 [765 766 767 768 769 770 771 772 773 774 775 776 777 778 779]] [52 [780 781 782 783 784 785 786 787 788 789 790 791 792 793 794]] [53 [795 796 797 798 799 800 801 802 803 804 805 806 807 808 809]] [54 [810 811 812 813 814 815 816 817 818 819 820 821 822 823 824]] [55 [825 826 827 828 829 830 831 832 833 834 835 836 837 838 839]] [56 [840 841 842 843 844 845 846 847 848 849 850 851 852 853 854]] [57 [855 856 857 858 859 860 861 862 863 864 865 866 867 868 869]] [58 [870 871 872 873 874 875 876 877 878 879 880 881 882 883 884]] [59 [885 886 887 888 889 890 891 892 893 894 895 896 897 898 899]] [60 [900 901 902 903 904 905 906 907 908 909 910 911 912 913 914]] [61 [915 916 917 918 919 920 921 922 923 924 925 926 927 928 929]] [62 [930 931 932 933 934 935 936 937 938 939 940 941 942 943 944]] [63 [945 946 947 948 949 950 951 952 953 954 955 956 957 958 959]] [64 [960 961 962 963 964 965 966 967 968 969 970 971 972 973 974]] [65 [975 976 977 978 979 980 981 982 983 984 985 986 987 988 989]] [66 [990 991 992 993 994 995 996 997 998 999 1000 1001 1002 1003 1004]] [67 [1005 1006 1007 1008 1009 1010 1011 1012 1013 1014 1015 1016 1017 1018 1019]] [68 [1020 1021 1022 1023 1024 1025 1026 1027 1028 1029 1030 1031 1032 1033 1034]] [69 [1035 1036 1037 1038 1039 1040 1041 1042 1043 1044 1045 1046 1047 1048 1049]] [70 [1050 1051 1052 1053 1054 1055 1056 1057 1058 1059 1060 1061 1062 1063 1064]] [71 [1065 1066 1067 1068 1069 1070 1071 1072 1073 1074 1075 1076 1077 1078 1079]] [72 [1080 1081 1082 1083 1084 1085 1086 1087 1088 1089 1090 1091 1092 1093 1094]] [73 [1095 1096 1097 1098 1099 1100 1101 1102 1103 1104 1105 1106 1107 1108 1109]] [74 [1110 1111 1112 1113 1114 1115 1116 1117 1118 1119 1120 1121 1122 1123 1124]] [75 [1125 1126 1127 1128 1129 1130 1131 1132 1133 1134 1135 1136 1137 1138 1139]] [76 [1140 1141 1142 1143 1144 1145 1146 1147 1148 1149 1150 1151 1152 1153 1154]] [77 [1155 1156 1157 1158 1159 1160 1161 1162 1163 1164 1165 1166 1167 1168 1169]] [78 [1170 1171 1172 1173 1174 1175 1176 1177 1178 1179 1180 1181 1182 1183 1184]] [79 [1185 1186 1187 1188 1189 1190 1191 1192 1193 1194 1195 1196 1197 1198 1199]] [80 [1200 1201 1202 1203 1204 1205 1206 1207 1208 1209 1210 1211 1212 1213 1214]] [81 [1215 1216 1217 1218 1219 1220 1221 1222 1223 1224 1225 1226 1227 1228 1229]] [82 [1230 1231 1232 1233 1234 1235 1236 1237 1238 1239 1240 1241 1242 1243 1244]] [83 [1245 1246 1247 1248 1249 1250 1251 1252 1253 1254 1255 1256 1257 1258 1259]] [84 [1260 1261 1262 1263 1264 1265 1266 1267 1268 1269 1270 1271 1272 1273 1274]] [85 [1275 1276 1277 1278 1279 1280 1281 1282 1283 1284 1285 1286 1287 1288 1289]] [86 [1290 1291 1292 1293 1294 1295 1296 1297 1298 1299 1300 1301 1302 1303 1304]] [87 [1305 1306 1307 1308 1309 1310 1311 1312 1313 1314 1315 1316 1317 1318 1319]] [88 [1320 1321 1322 1323 1324 1325 1326 1327 1328 1329 1330 1331 1332 1333 1334]] [89 [1335 1336 1337 1338 1339 1340 1341 1342 1343 1344 1345 1346 1347 1348 1349]] [90 [1350 1351 1352 1353 1354 1355 1356 1357 1358 1359 1360 1361 1362 1363 1364]] [91 [1365 1366 1367 1368 1369 1370 1371 1372 1373 1374 1375 1376 1377 1378 1379]] [92 [1380 1381 1382 1383 1384 1385 1386 1387 1388 1389 1390 1391 1392 1393 1394]] [93 [1395 1396 1397 1398 1399 1400 1401 1402 1403 1404 1405 1406 1407 1408 1409]] [94 [1410 1411 1412 1413 1414 1415 1416 1417 1418 1419 1420 1421 1422 1423 1424]] [95 [1425 1426 1427 1428 1429 1430 1431 1432 1433 1434 1435 1436 1437 1438 1439]] [96 [1440 1441 1442 1443 1444 1445 1446 1447 1448 1449 1450 1451 1452 1453 1454]] [97 [1455 1456 1457 1458 1459 1460 1461 1462 1463 1464 1465 1466 1467 1468 1469]] [98 [1470 1471 1472 1473 1474 1475 1476 1477 1478 1479 1480 1481 1482 1483 1484]] [99 [1485 1486 1487 1488 1489 1490 1491 1492 1493 1494 1495 1496 1497 1498 1499]]]","[[0 [1 2 3 4 5 6 7 8 9 10 11 12 13 14]] [1 [15 16 17 18 19 20 21 22 23 24 25 26 27 28 29]] [2 [30 31 32 33 34 35 36 37 38 39 40 41 42 43 44]] [3 [45 46 47 48 49 50 51 52 53 54 55 56 57 58 59]] [4 [60 61 62 63 64 65 66 67 68 69 70 71 72 73 74]] [5 [75 76 77 78 79 80 81 82 83 84 85 86 87 88 89]] [6 [90 91 92 93 94 95 96 97 98 99 100 101 102 103 104]] [7 [105 106 107 108 109 110 111 112 113 114 115 116 117 118 119]] [8 [120 121 122 123 124 125 126 127 128 129 130 131 132 133 134]] [9 [135 136 137 138 139 140 141 142 143 144 145 146 147 148 149]] [10 [150 151 152 153 154 155 156 157 158 159 160 161 162 163 164]] [11 [165 166 167 168 169 170 171 172 173 174 175 176 177 178 179]] [12 [180 181 182 183 184 185 186 187 188 189 190 191 192 193 194]] [13 [195 196 197 198 199 200 201 202 203 204 205 206 207 208 209]] [14 [210 211 212 213 214 215 216 217 218 219 220 221 222 223 224]] [15 [225 226 227 228 229 230 231 232 233 234 235 236 237 238 239]] [16 [240 241 242 243 244 245 246 247 248 249 250 251 252 253 254]] [17 [255 256 257 258 259 260 261 262 263 264 265 266 267 268 269]] [18 [270 271 272 273 274 275 276 277 278 279 280 281 282 283 284]] [19 [285 286 287 288 289 290 291 292 293 294 295 296 297 298 299]] [20 [300 301 302 303 304 305 306 307 308 309 310 311 312 313 314]] [21 [315 316 317 318 319 320 321 322 323 324 325 326 327 328 329]] [22 [330 331 332 333 334 335 336 337 338 339 340 341 342 343 344]] [23 [345 346 347 348 349 350 351 352 354 355 356 357 358 359]] [24 [360 361 362 363 364 365 366 367 368 369 370 371 372 373 374]] [25 [375 376 377 378 379 380 381 382 383 384 385 386 387 388 389]] [26 [390 391 392 393 394 395 396 397 398 399 400 401 402 403 404]] [27 [405 406 407 408 409 410 411 412 413 414 415 416 417 418 419]] [28 [420 421 422 423 424 425 426 427 428 429 430 431 432 433 434]] [29 [435 436 437 438 439 440 441 442 443 444 445 446 447 448 449]] [30 [450 451 452 453 454 455 456 457 458 459 460 461 462 463 464]] [31 [465 466 467 468 469 470 471 472 473 474 475 476 477 478 479]] [32 [480 481 482 483 484 485 486 487 488 489 490 491 492 493 494]] [33 [495 496 497 498 499 500 501 502 503 504 505 506 507 508 509]] [34 [510 511 512 513 514 515 516 517 518 519 520 521 522 523 524]] [35 [525 526 527 528 529 530 531 532 533 534 535 536 537 538 539]] [36 [540 541 542 543 544 545 546 547 548 549 550 551 552 553 554]] [37 [555 556 557 558 559 560 561 562 563 564 565 566 567 568 569]] [38 [570 571 572 573 574 575 576 577 578 579 580 581 582 583 584]] [39 [585 586 587 588 589 590 591 592 593 594 595 596 597 598 599]] [40 [600 601 602 603 604 605 606 607 608 609 610 611 612 613 614]] [41 [615 616 617 618 619 620 621 622 623 624 625 626 627 628 629]] [42 [630 631 632 633 634 635 636 637 638 639 640 641 642 643 644]] [43 [645 646 647 648 649 650 651 652 653 654 655 656 657 658 659]] [44 [660 661 662 663 664 665 666 667 668 669 670 671 672 673 674]] [45 [675 676 677 678 679 680 681 682 683 684 685 686 687 688 689]] [46 [690 691 692 693 694 695 696 697 698 699 700 701 702 703 704]] [47 [705 706 707 708 709 710 711 712 713 714 715 716 717 718 719]] [48 [720 721 722 723 724 725 726 727 728 729 730 731 732 733 734]] [49 [735 736 737 738 739 740 741 742 743 744 745 746 747 748 749]] [50 [750 751 752 753 754 755 756 757 758 759 760 761 762 763 764]] [51 [765 766 767 768 769 770 771 772 773 774 775 776 777 778 779]] [52 [780 781 782 783 784 785 786 787 788 789 790 791 792 793 794]] [53 [795 796 797 798 799 800 801 802 803 804 805 806 807 808 809]] [54 [810 811 812 813 814 815 816 817 818 819 820 821 822 823 824]] [55 [825 826 827 828 829 830 831 832 833 834 835 836 837 838 839]] [56 [840 841 842 843 844 845 846 847 848 849 850 851 852 853 854]] [57 [855 856 857 858 859 860 861 862 863 864 865 866 867 868 869]] [58 [870 871 872 873 874 875 876 877 878 879 880 881 882 883 884]] [59 [885 886 887 888 889 890 891 892 893 894 895 896 897 898 899]] [60 [900 901 902 903 904 905 906 907 908 909 910 911 912 913 914]] [61 [915 916 917 918 919 920 921 922 923 924 925 926 927 928 929]] [62 [930 931 932 933 934 935 936 937 938 939 940 941 942 943 944]] [63 [945 946 947 948 949 950 951 952 953 955 956 957 958 959]] [64 [960 961 962 963 964 965 966 967 968 969 970 971 972 973 974]] [65 [975 976 977 978 979 980 981 982 983 984 985 986 987 988 989]] [66 [990 991 992 993 994 995 996 997 998 999 1000 1001 1002 1003 1004]] [67 [1005 1006 1007 1008 1009 1010 1011 1012 1013 1014 1015 1016 1017 1018 1019]] [68 [1020 1021 1022 1023 1024 1025 1026 1027 1028 1029 1030 1031 1032 1033 1034]] [69 [1035 1036 1037 1038 1039 1040 1041 1042 1043 1044 1045 1046 1047 1048 1049]] [70 [1050 1051 1052 1053 1054 1055 1056 1057 1058 1059 1060 1061 1062 1063 1064]] [71 [1065 1066 1067 1068 1069 1070 1071 1072 1073 1074 1075 1076 1077 1078 1079]] [72 [1080 1081 1082 1083 1084 1085 1086 1087 1088 1089 1090 1091 1092 1093 1094]] [73 [1095 1096 1097 1098 1099 1100 1101 1102 1103 1104 1105 1106 1107 1108 1109]] [74 [1110 1111 1112 1113 1114 1115 1116 1117 1118 1119 1120 1121 1122 1123 1124]] [75 [1125 1126 1127 1128 1129 1130 1131 1132 1133 1134 1135 1136 1137 1138 1139]] [76 [1140 1141 1142 1143 1144 1145 1146 1147 1148 1149 1150 1151 1152 1153 1154]] [77 [1155 1156 1157 1158 1159 1160 1161 1162 1163 1164 1165 1166 1167 1168 1169]] [78 [1170 1171 1172 1173 1174 1175 1176 1177 1178 1179 1180 1181 1182 1183 1184]] [79 [1185 1186 1187 1188 1189 1190 1191 1192 1193 1194 1195 1196 1197 1198 1199]] [80 [1200 1201 1202 1203 1204 1205 1206 1207 1208 1209 1210 1211 1212 1213 1214]] [81 [1215 1216 1217 1218 1219 1220 1221 1222 1223 1224 1225 1226 1227 1228 1229]] [82 [1230 1231 1232 1233 1234 1235 1236 1237 1238 1239 1240 1241 1242 1243 1244]] [83 [1245 1246 1247 1248 1249 1250 1251 1252 1253 1254 1255 1256 1257 1258 1259]] [84 [1260 1261 1262 1263 1264 1265 1266 1267 1268 1269 1270 1271 1272 1273 1274]] [85 [1275 1276 1277 1278 1279 1280 1281 1282 1283 1284 1285 1286 1287 1288 1289]] [86 [1290 1291 1292 1293 1294 1295 1296 1297 1298 1299 1300 1301 1302 1303 1304]] [87 [1305 1306 1307 1308 1309 1310 1311 1312 1313 1314 1315 1316 1317 1318 1319]] [88 [1320 1321 1322 1323 1324 1325 1326 1327 1328 1329 1330 1331 1332 1333 1334]] [89 [1335 1336 1337 1338 1339 1340 1341 1342 1343 1344 1345 1346 1347 1348 1349]] [90 [1350 1351 1352 1353 1354 1355 1356 1357 1358 1359 1360 1361 1362 1363 1364]] [91 [1365 1366 1367 1368 1369 1370 1371 1372 1373 1374 1375 1376 1377 1378 1379]] [92 [1380 1381 1382 1383 1384 1385 1386 1387 1388 1389 1390 1391 1392 1393 1394]] [93 [1395 1396 1397 1398 1399 1400 1401 1402 1403 1404 1405 1406 1407 1408 1409]] [94 [1410 1411 1412 1413 1414 1415 1416 1417 1418 1419 1420 1421 1422 1423 1424]] [95 [1425 1426 1427 1428 1429 1430 1431 1432 1433 1434 1435 1436 1437 1438 1439]] [96 [1440 1441 1442 1443 1444 1445 1446 1447 1448 1449 1450 1451 1452 1453 1454]] [97 [1455 1456 1457 1458 1459 1460 1461 1462 1463 1464 1465 1466 1467 1468 1469]] [98 [1470 1471 1472 1473 1474 1475 1476 1477 1478 1479 1480 1481 1482 1483 1484]] [99 [1485 1486 1487 1488 1489 1490 1491 1492 1493 1494 1495 1496 1497 1498 1499]]]",,"[[{citizen 6} [[""A"" [4 4 4 4 4 4 4 4 4 4]]]] [{citizen 7} [[""A"" [4 4 4 4 4 4 4 4 4 4]]]] [{citizen 8} [[""A"" [4 4 4 4 4 4 4 4 4 4]]]] [{citizen 12} [[""A"" [4 4 4 4 4 4 4 4 4 4]]]] [{citizen 13} [[""A"" [4 4 4 4 4 4 4 4 4 4]]]] [{citizen 15} [[""A"" [4 4 4 4 4 4 4 4 4 4]]]] [{citizen 18} [[""A"" [0 0 0 0 0 0 0 0 0 0]]]] [{citizen 22} [[""A"" [4 4 4 4 4 4 4 4 4 4]]]] [{citizen 27} [[""A"" [4 4 4 4 4 4 4 4 4 4]]]] [{citizen 37} [[""A"" [4 4 4 4 4 4 4 4 4 4]]]] [{citizen 39} [[""A"" [4 4 4 4 4 4 4 4 4 4]]]] [{citizen 46} [[""A"" [4 4 4 4 4 4 4 4 4 4]]]] [{media 52} [[""A"" [4 4 4 4 4 4 4 4 4 4]]]] [{media 53} [[""A"" [4 4 4 4 4 4 4 4 4 4]]]] [{media 54} [[""A"" [4 4 4 4 4 4 4 4 4 4]]]] [{media 55} [[""A"" [4 4 4 4 4 4 4 4 4 4]]]] [{media 56} [[""A"" [4 4 4 4 4 4 4 4 4 4]]]] [{media 58} [[""A"" [4 4 4 4 4 4 4 4 4 4]]]] [{media 59} [[""A"" [4 4 4 4 4 4 4 4 4 4]]]] [{media 60} [[""A"" [4 4 4 4 4 4 4 4 4 4]]]] [{media 61} [[""A"" [4 4 4 4 4 4 4 4 4 4]]]] [{media 63} [[""A"" [4 4 4 4 4 4 4 4 4 4]]]] [{media 64} [[""A"" [4 4 4 4 4 4 4 4 4 4]]]] [{media 50} [[""A"" [4 4 4 4 4 4 4 4 4 4]]]] [{citizen 1} [[""A"" [4 4 4 4 4 4 4 4 4 4]]]] [{media 62} [[""A"" [4 4 4 4 4 4 4 4 4 4]]]] [{citizen 2} [[""A"" [4 4 4 4 4 4 4 4 4 4]]]] [{citizen 0} [[""A"" [4 4 4 4 4 4 4 4 4 4]]]] [{media 51} [[""A"" [4 4 4 4 4 4 4 4 4 4]]]] [{media 57} [[""A"" [4 4 4 4 4 4 4 4 4 4]]]] [{citizen 49} [[""A"" [4 4 4 4 4 4 4 4 4 4]]]] [{citizen 17} [[""A"" [4 4 4 4 4 4 4 4 4 4]]]] [{citizen 24} [[""A"" [4 4 4 4 4 4 4 4 4 4]]]] [{citizen 21} [[""A"" [4 4 4 4 4 4 4 4 4 4]]]] [{citizen 23} [[""A"" [4 4 4 4 4 4 4 4 4 4]]]] [{citizen 11} [[""A"" [4 4 4 4 4 4 4 4 4 4]]]] [{citizen 44} [[""A"" [4 4 4 4 4 4 4 4 4 4]]]] [{citizen 4} [[""A"" [4 4 4 4 4 4 4 4 4 4]]]] [{citizen 32} [[""A"" [4 4 4 4 4 4 4 4 4 4]]]] [{citizen 19} [[""A"" [4 4 4 4 4 4 4 4 4 4]]]] [{citizen 42} [[""A"" [4 4 4 4 4 4 4 4 4 4]]]] [{citizen 35} [[""A"" [4 4 4 4 4 4 4 4 4 4]]]] [{citizen 9} [[""A"" [4 4 4 4 4 4 4 4 4 4]]]] [{citizen 30} [[""A"" [4 4 4 4 4 4 4 4 4 4]]]] [{citizen 31} [[""A"" [4 4 4 4 4 4 4 4 4 4]]]] [{citizen 14} [[""A"" [4 4 4 4 4 4 4 4 4 4]]]] [{citizen 16} [[""A"" [4 4 4 4 4 4 4 4 4 4]]]] [{citizen 28} [[""A"" [4 4 4 4 4 4 4 4 4 4]]]] [{citizen 20} [[""A"" [4 4 4 4 4 4 4 4 4 4]]]] [{citizen 40} [[""A"" [4 4 4 4 4 4 4 4 4 4]]]] [{citizen 45} [[""A"" [4 4 4 4 4 4 4 4 4 4]]]] [{citizen 10} [[""A"" [4 4 4 4 4 4 4 4 4 4]]]] [{citizen 48} [[""A"" [4 4 4 4 4 4 4 4 4 4]]]] [{citizen 26} [[""A"" [4 4 4 4 4 4 4 4 4 4]]]] [{citizen 29} [[""A"" [4 4 4 4 4 4 4 4 4 4]]]] [{citizen 43} [[""A"" [4 4 4 4 4 4 4 4 4 4]]]] [{citizen 38} [[""A"" [4 4 4 4 4 4 4 4 4 4]]]] [{citizen 41} [[""A"" [4 4 4 4 4 4 4 4 4 4]]]] [{citizen 34} [[""A"" [4 4 4 4 4 4 4 4 4 4]]]] [{citizen 47} [[""A"" [4 4 4 4 4 4 4 4 4 4]]]] [{citizen 36} [[""A"" [4 4 4 4 4 4 4 4 4 4]]]] [{citizen 3} [[""A"" [4 4 4 4 4 4 4 4 4 4]]]]]"
"6","[85 0 170]","45.26112185686654","6.357619234754846","6.71481517587801","""circle""","""""","9.9","{breed citizens}","false","0.5","1","""up""",,"[[""ID"" 38] [""alpha"" 1] [""beta"" 1] [""malleable"" [""A""]] [""prior"" []] [""cont_tokens"" []] [""A"" 4]]","[[0 [0 1 2 3 4 5 6 7 8 9 10 11 12 13 14]] [1 [15 16 17 18 19 20 21 22 23 24 25 26 27 28 29]] [2 [30 31 32 33 34 35 36 37 38 39 40 41 42 43 44]] [3 [45 46 47 48 49 50 51 52 53 54 55 56 57 58 59]] [4 [60 61 62 63 64 65 66 67 68 69 70 71 72 73 74]] [5 [75 76 77 78 79 80 81 82 83 84 85 86 87 88 89]] [6 [90 91 92 93 94 95 96 97 98 99 100 101 102 103 104]] [7 [105 106 107 108 109 110 111 112 113 114 115 116 117 118 119]] [8 [120 121 122 123 124 125 126 127 128 129 130 131 132 133 134]] [9 [135 136 137 138 139 140 141 142 143 144 145 146 147 148 149]] [10 [150 151 152 153 154 155 156 157 158 159 160 161 162 163 164]] [11 [165 166 167 168 169 170 171 172 173 174 175 176 177 178 179]] [12 [180 181 182 183 184 185 186 187 188 189 190 191 192 193 194]] [13 [195 196 197 198 199 200 201 202 203 204 205 206 207 208 209]] [14 [210 211 212 213 214 215 216 217 218 219 220 221 222 223 224]] [15 [225 226 227 228 229 230 231 232 233 234 235 236 237 238 239]] [16 [240 241 242 243 244 245 246 247 248 249 250 251 252 253 254]] [17 [255 256 257 258 259 260 261 262 263 264 265 266 267 268 269]] [18 [270 271 272 273 274 275 276 277 278 279 280 281 282 283 284]] [19 [285 286 287 288 289 290 291 292 293 294 295 296 297 298 299]] [20 [300 301 302 303 304 305 306 307 308 309 310 311 312 313 314]] [21 [315 316 317 318 319 320 321 322 323 324 325 326 327 328 329]] [22 [330 331 332 333 334 335 336 337 338 339 340 341 342 343 344]] [23 [345 346 347 348 349 350 351 352 353 354 355 356 357 358 359]] [24 [360 361 362 363 364 365 366 367 368 369 370 371 372 373 374]] [25 [375 376 377 378 379 380 381 382 383 384 385 386 387 388 389]] [26 [390 391 392 393 394 395 396 397 398 399 400 401 402 403 404]] [27 [405 406 407 408 409 410 411 412 413 414 415 416 417 418 419]] [28 [420 421 422 423 424 425 426 427 428 429 430 431 432 433 434]] [29 [435 436 437 438 439 440 441 442 443 444 445 446 447 448 449]] [30 [450 451 452 453 454 455 456 457 458 459 460 461 462 463 464]] [31 [465 466 467 468 469 470 471 472 473 474 475 476 477 478 479]] [32 [480 481 482 483 484 485 486 487 488 489 490 491 492 493 494]] [33 [495 496 497 498 499 500 501 502 503 504 505 506 507 508 509]] [34 [510 511 512 513 514 515 516 517 518 519 520 521 522 523 524]] [35 [525 526 527 528 529 530 531 532 533 534 535 536 537 538 539]] [36 [540 541 542 543 544 545 546 547 548 549 550 551 552 553 554]] [37 [555 556 557 558 559 560 561 562 563 564 565 566 567 568 569]] [38 [570 571 572 573 574 575 576 577 578 579 580 581 582 583 584]] [39 [585 586 587 588 589 590 591 592 593 594 595 596 597 598 599]] [40 [600 601 602 603 604 605 606 607 608 609 610 611 612 613 614]] [41 [615 616 617 618 619 620 621 622 623 624 625 626 627 628 629]] [42 [630 631 632 633 634 635 636 637 638 639 640 641 642 643 644]] [43 [645 646 647 648 649 650 651 652 653 654 655 656 657 658 659]] [44 [660 661 662 663 664 665 666 667 668 669 670 671 672 673 674]] [45 [675 676 677 678 679 680 681 682 683 684 685 686 687 688 689]] [46 [690 691 692 693 694 695 696 697 698 699 700 701 702 703 704]] [47 [705 706 707 708 709 710 711 712 713 714 715 716 717 718 719]] [48 [720 721 722 723 724 725 726 727 728 729 730 731 732 733 734]] [49 [735 736 737 738 739 740 741 742 743 744 745 746 747 748 749]] [50 [750 751 752 753 754 755 756 757 758 759 760 761 762 763 764]] [51 [765 766 767 768 769 770 771 772 773 774 775 776 777 778 779]] [52 [780 781 782 783 784 785 786 787 788 789 790 791 792 793 794]] [53 [795 796 797 798 799 800 801 802 803 804 805 806 807 808 809]] [54 [810 811 812 813 814 815 816 817 818 819 820 821 822 823 824]] [55 [825 826 827 828 829 830 831 832 833 834 835 836 837 838 839]] [56 [840 841 842 843 844 845 846 847 848 849 850 851 852 853 854]] [57 [855 856 857 858 859 860 861 862 863 864 865 866 867 868 869]] [58 [870 871 872 873 874 875 876 877 878 879 880 881 882 883 884]] [59 [885 886 887 888 889 890 891 892 893 894 895 896 897 898 899]] [60 [900 901 902 903 904 905 906 907 908 909 910 911 912 913 914]] [61 [915 916 917 918 919 920 921 922 923 924 925 926 927 928 929]] [62 [930 931 932 933 934 935 936 937 938 939 940 941 942 943 944]] [63 [945 946 947 948 949 950 951 952 953 954 955 956 957 958 959]] [64 [960 961 962 963 964 965 966 967 968 969 970 971 972 973 974]] [65 [975 976 977 978 979 980 981 982 983 984 985 986 987 988 989]] [66 [990 991 992 993 994 995 996 997 998 999 1000 1001 1002 1003 1004]] [67 [1005 1006 1007 1008 1009 1010 1011 1012 1013 1014 1015 1016 1017 1018 1019]] [68 [1020 1021 1022 1023 1024 1025 1026 1027 1028 1029 1030 1031 1032 1033 1034]] [69 [1035 1036 1037 1038 1039 1040 1041 1042 1043 1044 1045 1046 1047 1048 1049]] [70 [1050 1051 1052 1053 1054 1055 1056 1057 1058 1059 1060 1061 1062 1063 1064]] [71 [1065 1066 1067 1068 1069 1070 1071 1072 1073 1074 1075 1076 1077 1078 1079]] [72 [1080 1081 1082 1083 1084 1085 1086 1087 1088 1089 1090 1091 1092 1093 1094]] [73 [1095 1096 1097 1098 1099 1100 1101 1102 1103 1104 1105 1106 1107 1108 1109]] [74 [1110 1111 1112 1113 1114 1115 1116 1117 1118 1119 1120 1121 1122 1123 1124]] [75 [1125 1126 1127 1128 1129 1130 1131 1132 1133 1134 1135 1136 1137 1138 1139]] [76 [1140 1141 1142 1143 1144 1145 1146 1147 1148 1149 1150 1151 1152 1153 1154]] [77 [1155 1156 1157 1158 1159 1160 1161 1162 1163 1164 1165 1166 1167 1168 1169]] [78 [1170 1171 1172 1173 1174 1175 1176 1177 1178 1179 1180 1181 1182 1183 1184]] [79 [1185 1186 1187 1188 1189 1190 1191 1192 1193 1194 1195 1196 1197 1198 1199]] [80 [1200 1201 1202 1203 1204 1205 1206 1207 1208 1209 1210 1211 1212 1213 1214]] [81 [1215 1216 1217 1218 1219 1220 1221 1222 1223 1224 1225 1226 1227 1228 1229]] [82 [1230 1231 1232 1233 1234 1235 1236 1237 1238 1239 1240 1241 1242 1243 1244]] [83 [1245 1246 1247 1248 1249 1250 1251 1252 1253 1254 1255 1256 1257 1258 1259]] [84 [1260 1261 1262 1263 1264 1265 1266 1267 1268 1269 1270 1271 1272 1273 1274]] [85 [1275 1276 1277 1278 1279 1280 1281 1282 1283 1284 1285 1286 1287 1288 1289]] [86 [1290 1291 1292 1293 1294 1295 1296 1297 1298 1299 1300 1301 1302 1303 1304]] [87 [1305 1306 1307 1308 1309 1310 1311 1312 1313 1314 1315 1316 1317 1318 1319]] [88 [1320 1321 1322 1323 1324 1325 1326 1327 1328 1329 1330 1331 1332 1333 1334]] [89 [1335 1336 1337 1338 1339 1340 1341 1342 1343 1344 1345 1346 1347 1348 1349]] [90 [1350 1351 1352 1353 1354 1355 1356 1357 1358 1359 1360 1361 1362 1363 1364]] [91 [1365 1366 1367 1368 1369 1370 1371 1372 1373 1374 1375 1376 1377 1378 1379]] [92 [1380 1381 1382 1383 1384 1385 1386 1387 1388 1389 1390 1391 1392 1393 1394]] [93 [1395 1396 1397 1398 1399 1400 1401 1402 1403 1404 1405 1406 1407 1408 1409]] [94 [1410 1411 1412 1413 1414 1415 1416 1417 1418 1419 1420 1421 1422 1423 1424]] [95 [1425 1426 1427 1428 1429 1430 1431 1432 1433 1434 1435 1436 1437 1438 1439]] [96 [1440 1441 1442 1443 1444 1445 1446 1447 1448 1449 1450 1451 1452 1453 1454]] [97 [1455 1456 1457 1458 1459 1460 1461 1462 1463 1464 1465 1466 1467 1468 1469]] [98 [1470 1471 1472 1473 1474 1475 1476 1477 1478 1479 1480 1481 1482 1483 1484]] [99 [1485 1486 1487 1488 1489 1490 1491 1492 1493 1494 1495 1496 1497 1498 1499]]]","[[0 [4 5 6 7 8 9 10 11 12 13 14]] [1 [15 16 17 18 19 20 21 22 23 24 25 26 27 28 29]] [2 [30 31 32 33 34 35 36 37 38 39 40 41 42 43 44]] [3 [45 46 47 48 49 50 51 52 53 54 55 56 57 58 59]] [4 [60 61 62 63 64 65 66 67 68 69 70 71 72 73 74]] [5 [75 76 77 78 79 80 81 82 83 84 85 86 87 88 89]] [6 [90 91 92 93 94 95 96 97 98 99 100 101 102 103 104]] [7 [105 106 107 108 109 110 111 112 113 114 115 116 117 118 119]] [8 [120 121 122 123 124 125 126 127 128 129 130 131 132 133 134]] [9 [135 136 137 138 139 140 141 142 143 144 145 146 147 148 149]] [10 [150 151 152 153 154 155 156 157 158 159 160 161 162 163 164]] [11 [165 166 167 168 169 170 171 172 173 174 175 176 177 178 179]] [12 [180 181 182 183 184 185 186 187 188 189 190 191 192 193 194]] [13 [195 196 197 198 199 200 201 202 203 204 205 206 207 208 209]] [14 [210 211 212 213 214 215 216 217 218 219 220 221 222 223 224]] [15 [225 226 227 228 229 230 231 232 233 234 235 236 237 238 239]] [16 [240 241 242 243 244 245 246 247 248 249 250 251 252 253 254]] [17 [255 256 257 258 259 260 261 262 263 264 265 266 267 268 269]] [18 [270 271 272 273 274 275 276 277 278 279 280 281 282 283 284]] [19 [285 286 287 288 289 290 291 292 293 294 295 296 297 298 299]] [20 [300 301 302 303 304 305 306 307 308 309 310 311 312 313 314]] [21 [315 316 317 318 319 320 321 322 323 324 325 326 327 328 329]] [22 [330 331 332 333 334 335 336 337 338 339 340 341 342 343 344]] [23 [345 346 347 348 349 350 351 352 353 354 355 356 357 358 359]] [24 [360 361 362 363 364 365 366 367 368 369 370 371 372 373 374]] [25 [375 376 377 378 379 380 381 382 383 384 385 386 387 388 389]] [26 [390 391 392 393 394 395 396 397 398 399 400 401 402 403 404]] [27 [405 406 407 408 409 410 411 412 413 414 415 416 417 418 419]] [28 [420 421 422 423 424 425 426 427 428 429 430 431 432 433 434]] [29 [435 436 437 438 439 440 441 442 443 444 445 446 447 448 449]] [30 [450 451 452 453 454 455 456 457 458 459 460 461 462 463 464]] [31 [465 466 467 468 469 470 471 472 473 474 475 476 477 478 479]] [32 [480 481 482 483 484 485 486 487 488 489 490 491 492 493 494]] [33 [495 496 497 498 499 500 501 502 503 504 505 506 507 508 509]] [34 [510 511 512 513 514 515 516 517 518 519 520 521 522 523 524]] [35 [525 526 527 528 529 530 531 532 533 534 535 536 537 538 539]] [36 [540 541 542 543 544 545 546 547 548 549 550 551 552 553 554]] [37 [555 556 557 558 559 560 561 562 563 564 565 566 567 568 569]] [38 [570 571 572 573 574 575 576 577 578 579 580 581 582 583 584]] [39 [585 586 587 588 589 590 591 592 593 594 595 596 597 598 599]] [40 [600 601 602 603 604 605 606 607 608 609 610 611 612 613 614]] [41 [615 616 617 618 619 620 621 622 623 624 625 626 627 628 629]] [42 [630 631 632 633 634 635 636 637 638 639 640 641 642 643 644]] [43 [645 646 647 648 649 650 651 652 653 654 655 656 657 658 659]] [44 [660 661 662 663 664 665 666 667 668 669 670 671 672 673 674]] [45 [675 676 677 678 679 680 681 682 683 684 685 686 687 688 689]] [46 [690 691 692 693 694 695 696 697 698 699 700 701 702 703 704]] [47 [705 706 707 708 709 710 711 712 713 714 715 716 717 718 719]] [48 [720 721 722 723 724 725 726 727 728 729 730 731 732 733 734]] [49 [735 736 737 738 739 740 741 742 743 744 745 746 747 748 749]] [50 [750 751 752 753 754 755 756 757 758 759 760 761 762 763 764]] [51 [765 766 767 768 769 770 771 772 773 774 775 776 777 778 779]] [52 [780 781 782 783 784 785 786 787 788 789 790 791 792 793 794]] [53 [795 796 797 798 799 800 801 802 803 804 805 806 807 808 809]] [54 [810 811 812 813 814 815 816 817 818 819 820 821 822 823 824]] [55 [825 826 827 828 829 830 831 832 833 834 835 836 837 838 839]] [56 [840 841 842 843 844 845 846 847 848 849 850 851 852 853 854]] [57 [855 856 857 858 859 860 861 862 863 864 865 866 867 868 869]] [58 [870 871 872 873 874 875 876 877 878 879 880 881 882 883 884]] [59 [885 886 887 888 889 890 891 892 893 894 895 896 897 898 899]] [60 [900 901 902 903 904 905 906 907 908 909 910 911 912 913 914]] [61 [915 916 917 918 919 920 921 922 923 924 925 926 927 928 929]] [62 [930 931 932 933 934 935 936 937 938 939 940 941 942 943 944]] [63 [945 946 947 948 949 950 951 952 953 954 955 956 957 958 959]] [64 [960 961 962 963 964 965 966 967 968 969 970 971 972 973 974]] [65 [975 976 977 978 979 980 981 982 983 984 985 986 987 988 989]] [66 [990 991 992 993 994 995 996 997 998 999 1000 1001 1002 1003 1004]] [67 [1005 1006 1007 1008 1009 1010 1011 1012 1013 1014 1015 1016 1017 1018 1019]] [68 [1020 1021 1022 1023 1024 1025 1026 1027 1028 1029 1030 1031 1032 1033 1034]] [69 [1035 1036 1037 1038 1039 1040 1041 1042 1043 1044 1045 1046 1047 1048 1049]] [70 [1050 1051 1052 1053 1054 1055 1056 1057 1058 1059 1060 1061 1062 1063 1064]] [71 [1065 1066 1067 1068 1069 1070 1071 1072 1073 1074 1075 1076 1077 1078 1079]] [72 [1080 1081 1082 1083 1084 1085 1086 1087 1088 1089 1090 1091 1092 1093 1094]] [73 [1095 1096 1097 1098 1099 1100 1101 1102 1103 1104 1105 1106 1107 1108 1109]] [74 [1110 1111 1112 1113 1114 1115 1116 1117 1118 1119 1120 1121 1122 1123 1124]] [75 [1125 1126 1127 1128 1129 1130 1131 1132 1133 1134 1135 1136 1137 1138 1139]] [76 [1140 1141 1142 1143 1144 1145 1146 1147 1148 1149 1150 1151 1152 1153 1154]] [77 [1155 1156 1157 1158 1159 1160 1161 1162 1163 1164 1165 1166 1167 1168 1169]] [78 [1170 1171 1172 1173 1174 1175 1176 1177 1178 1179 1180 1181 1182 1183 1184]] [79 [1185 1186 1187 1188 1189 1190 1191 1192 1193 1194 1195 1196 1197 1198 1199]] [80 [1200 1201 1202 1203 1204 1205 1206 1207 1208 1209 1210 1211 1212 1213 1214]] [81 [1215 1216 1217 1218 1219 1220 1221 1222 1223 1224 1225 1226 1227 1228 1229]] [82 [1230 1231 1232 1233 1234 1235 1236 1237 1238 1239 1240 1241 1242 1243 1244]] [83 [1245 1246 1247 1248 1249 1250 1251 1252 1253 1254 1255 1256 1257 1258 1259]] [84 [1260 1261 1262 1263 1264 1265 1266 1267 1268 1269 1270 1271 1272 1273 1274]] [85 [1275 1276 1277 1278 1279 1280 1281 1282 1283 1284 1285 1286 1287 1288 1289]] [86 [1290 1291 1292 1293 1294 1295 1296 1297 1298 1299 1300 1301 1302 1303 1304]] [87 [1305 1306 1307 1308 1309 1310 1311 1312 1313 1314 1315 1316 1317 1318 1319]] [88 [1320 1321 1322 1323 1324 1325 1326 1327 1328 1329 1330 1331 1332 1333 1334]] [89 [1335 1336 1337 1338 1339 1340 1341 1342 1343 1344 1345 1346 1347 1348 1349]] [90 [1350 1351 1352 1353 1354 1355 1356 1357 1358 1359 1360 1361 1362 1363 1364]] [91 [1365 1366 1367 1368 1369 1370 1371 1372 1373 1374 1375 1376 1377 1378 1379]] [92 [1380 1381 1382 1383 1384 1385 1386 1387 1388 1389 1390 1391 1392 1393 1394]] [93 [1395 1396 1397 1398 1399 1400 1401 1402 1403 1404 1405 1406 1407 1408 1409]] [94 [1410 1411 1412 1413 1414 1415 1416 1417 1418 1419 1420 1421 1422 1423 1424]] [95 [1425 1426 1427 1428 1429 1430 1431 1432 1433 1434 1435 1436 1437 1438 1439]] [96 [1440 1441 1442 1443 1444 1445 1446 1447 1448 1449 1450 1451 1452 1453 1454]] [97 [1455 1456 1457 1458 1459 1460 1461 1462 1463 1464 1465 1466 1467 1468 1469]] [98 [1470 1471 1472 1473 1474 1475 1476 1477 1478 1479 1480 1481 1482 1483 1484]] [99 [1485 1486 1487 1488 1489 1490 1491 1492 1493 1494 1495 1496 1497 1498 1499]]]",,"[[{citizen 7} [[""A"" [4 4 4 4 4 4 4 4 4 4]]]] [{citizen 9} [[""A"" [4 4 4 4 4 4 4 4 4 4]]]] [{citizen 11} [[""A"" [4 4 4 4 4 4 4 4 4 4]]]] [{citizen 14} [[""A"" [4 4 4 4 4 4 4 4 4 4]]]] [{citizen 20} [[""A"" [4 4 4 4 4 4 4 4 4 4]]]] [{citizen 21} [[""A"" [4 4 4 4 4 4 4 4 4 4]]]] [{citizen 25} [[""A"" [0 0 0 0 0 0 0 0 0 0]]]] [{citizen 34} [[""A"" [4 4 4 4 4 4 4 4 4 4]]]] [{citizen 37} [[""A"" [4 4 4 4 4 4 4 4 4 4]]]] [{citizen 47} [[""A"" [4 4 4 4 4 4 4 4 4 4]]]] [{media 50} [[""A"" [4 4 4 4 4 4 4 4 4 4]]]] [{media 51} [[""A"" [4 4 4 4 4 4 4 4 4 4]]]] [{media 52} [[""A"" [4 4 4 4 4 4 4 4 4 4]]]] [{media 53} [[""A"" [4 4 4 4 4 4 4 4 4 4]]]] [{media 54} [[""A"" [4 4 4 4 4 4 4 4 4 4]]]] [{media 55} [[""A"" [4 4 4 4 4 4 4 4 4 4]]]] [{media 56} [[""A"" [4 4 4 4 4 4 4 4 4 4]]]] [{media 57} [[""A"" [4 4 4 4 4 4 4 4 4 4]]]] [{media 58} [[""A"" [4 4 4 4 4 4 4 4 4 4]]]] [{media 59} [[""A"" [4 4 4 4 4 4 4 4 4 4]]]] [{media 60} [[""A"" [4 4 4 4 4 4 4 4 4 4]]]] [{media 61} [[""A"" [4 4 4 4 4 4 4 4 4 4]]]] [{media 62} [[""A"" [4 4 4 4 4 4 4 4 4 4]]]] [{media 63} [[""A"" [4 4 4 4 4 4 4 4 4 4]]]] [{media 64} [[""A"" [4 4 4 4 4 4 4 4 4 4]]]] [{citizen 1} [[""A"" [4 4 4 4 4 4 4 4 4 4]]]] [{citizen 2} [[""A"" [4 4 4 4 4 4 4 4 4 4]]]] [{citizen 5} [[""A"" [4 4 4 4 4 4 4 4 4 4]]]] [{citizen 0} [[""A"" [4 4 4 4 4 4 4 4 4 4]]]] [{citizen 49} [[""A"" [4 4 4 4 4 4 4 4 4 4]]]] [{citizen 17} [[""A"" [4 4 4 4 4 4 4 4 4 4]]]] [{citizen 8} [[""A"" [4 4 4 4 4 4 4 4 4 4]]]] [{citizen 46} [[""A"" [4 4 4 4 4 4 4 4 4 4]]]] [{citizen 27} [[""A"" [4 4 4 4 4 4 4 4 4 4]]]] [{citizen 45} [[""A"" [4 4 4 4 4 4 4 4 4 4]]]] [{citizen 40} [[""A"" [4 4 4 4 4 4 4 4 4 4]]]] [{citizen 16} [[""A"" [4 4 4 4 4 4 4 4 4 4]]]] [{citizen 24} [[""A"" [4 4 4 4 4 4 4 4 4 4]]]] [{citizen 30} [[""A"" [4 4 4 4 4 4 4 4 4 4]]]] [{citizen 28} [[""A"" [4 4 4 4 4 4 4 4 4 4]]]] [{citizen 4} [[""A"" [4 4 4 4 4 4 4 4 4 4]]]] [{citizen 39} [[""A"" [4 4 4 4 4 4 4 4 4 4]]]] [{citizen 22} [[""A"" [4 4 4 4 4 4 4 4 4 4]]]] [{citizen 12} [[""A"" [4 4 4 4 4 4 4 4 4 4]]]] [{citizen 35} [[""A"" [4 4 4 4 4 4 4 4 4 4]]]] [{citizen 13} [[""A"" [4 4 4 4 4 4 4 4 4 4]]]] [{citizen 10} [[""A"" [4 4 4 4 4 4 4 4 4 4]]]] [{citizen 48} [[""A"" [4 4 4 4 4 4 4 4 4 4]]]] [{citizen 15} [[""A"" [4 4 4 4 4 4 4 4 4 4]]]] [{citizen 31} [[""A"" [4 4 4 4 4 4 4 4 4 4]]]] [{citizen 19} [[""A"" [4 4 4 4 4 4 4 4 4 4]]]] [{citizen 23} [[""A"" [4 4 4 4 4 4 4 4 4 4]]]] [{citizen 26} [[""A"" [4 4 4 4 4 4 4 4 4 4]]]] [{citizen 43} [[""A"" [4 4 4 4 4 4 4 4 4 4]]]] [{citizen 38} [[""A"" [4 4 4 4 4 4 4 4 4 4]]]] [{citizen 41} [[""A"" [4 4 4 4 4 4 4 4 4 4]]]] [{citizen 36} [[""A"" [4 4 4 4 4 4 4 4 4 4]]]] [{citizen 44} [[""A"" [4 4 4 4 4 4 4 4 4 4]]]] [{citizen 32} [[""A"" [4 4 4 4 4 4 4 4 4 4]]]] [{citizen 42} [[""A"" [4 4 4 4 4 4 4 4 4 4]]]] [{citizen 29} [[""A"" [4 4 4 4 4 4 4 4 4 4]]]] [{citizen 3} [[""A"" [4 4 4 4 4 4 4 4 4 4]]]]]"
"7","[85 0 170]","126.38297872340428","3.6782588064667867","-2.993879275986321","""circle""","""""","9.9","{breed citizens}","false","0.5","1","""up""",,"[[""ID"" 8] [""alpha"" 1] [""beta"" 1] [""malleable"" [""A""]] [""prior"" []] [""cont_tokens"" []] [""A"" 4]]","[[0 [1 2 3 4 5 6 7 8 9 10 11 12 13 14]] [1 [15 16 17 18 19 20 21 22 23 24 25 26 27 28 29]] [2 [30 31 32 33 34 35 36 37 38 39 40 41 42 43 44]] [3 [45 46 47 48 49 50 51 52 53 54 55 56 57 58 59]] [4 [60 61 62 63 64 65 66 67 68 69 70 71 72 73 74]] [5 [75 76 77 78 79 80 81 82 83 84 85 86 87 88 89]] [6 [90 91 92 93 94 95 96 97 98 99 100 101 102 103 104]] [7 [105 106 107 108 109 110 111 112 113 114 115 116 117 118 119]] [8 [120 121 122 123 124 125 126 127 128 129 130 131 132 133 134]] [9 [135 136 137 138 139 140 141 142 143 144 145 146 147 148 149]] [10 [150 151 152 153 154 155 156 157 158 159 160 161 162 163 164]] [11 [165 166 167 168 169 170 171 172 173 174 175 176 177 178 179]] [12 [180 181 182 183 184 185 186 187 188 189 190 191 192 193 194]] [13 [195 196 197 198 199 200 201 202 203 204 205 206 207 208 209]] [14 [210 211 212 213 214 215 216 217 218 219 220 221 222 223 224]] [15 [225 226 227 228 229 230 231 232 233 234 235 236 237 238 239]] [16 [240 241 242 243 244 245 246 247 248 249 250 251 252 253 254]] [17 [255 256 257 258 259 260 261 262 263 264 265 266 267 268 269]] [18 [270 271 272 273 274 275 276 277 278 279 280 281 282 283 284]] [19 [285 286 287 288 289 290 291 292 293 294 295 296 297 298 299]] [20 [300 301 302 303 304 305 306 307 308 309 310 311 312 313 314]] [21 [315 316 317 318 319 320 321 322 323 324 325 326 327 328 329]] [22 [330 331 332 333 334 335 336 337 338 339 340 341 342 343 344]] [23 [345 346 347 348 349 350 351 352 353 354 355 356 357 358 359]] [24 [360 361 362 363 364 365 366 367 368 369 370 371 372 373 374]] [25 [375 376 377 378 379 380 381 382 383 384 385 386 387 388 389]] [26 [390 391 392 393 394 395 396 397 398 399 400 401 402 403 404]] [27 [405 406 407 408 409 410 411 412 413 414 415 416 417 418 419]] [28 [420 421 422 423 424 425 426 427 428 429 430 431 432 433 434]] [29 [435 436 437 438 439 440 441 442 443 444 445 446 447 448 449]] [30 [450 451 452 453 454 455 456 457 458 459 460 461 462 463 464]] [31 [465 466 467 468 469 470 471 472 473 474 475 476 477 478 479]] [32 [480 481 482 483 484 485 486 487 488 489 490 491 492 493 494]] [33 [495 496 497 498 499 500 501 502 503 504 505 506 507 508 509]] [34 [510 511 512 513 514 515 516 517 518 519 520 521 522 523 524]] [35 [525 526 527 528 529 530 531 532 533 534 535 536 537 538 539]] [36 [540 541 542 543 544 545 546 547 548 549 550 551 552 553 554]] [37 [555 556 557 558 559 560 561 562 563 564 565 566 567 568 569]] [38 [570 571 572 573 574 575 576 577 578 579 580 581 582 583 584]] [39 [585 586 587 588 589 590 591 592 593 594 595 596 597 598 599]] [40 [600 601 602 603 604 605 606 607 608 609 610 611 612 613 614]] [41 [615 616 617 618 619 620 621 622 623 624 625 626 627 628 629]] [42 [630 631 632 633 634 635 636 637 638 639 640 641 642 643 644]] [43 [645 646 647 648 649 650 651 652 653 654 655 656 657 658 659]] [44 [660 661 662 663 664 665 666 667 668 669 670 671 672 673 674]] [45 [675 676 677 678 679 680 681 682 683 684 685 686 687 688 689]] [46 [690 691 692 693 694 695 696 697 698 699 700 701 702 703 704]] [47 [705 706 707 708 709 710 711 712 713 714 715 716 717 718 719]] [48 [720 721 722 723 724 725 726 727 728 729 730 731 732 733 734]] [49 [735 736 737 738 739 740 741 742 743 744 745 746 747 748 749]] [50 [750 751 752 753 754 755 756 757 758 759 760 761 762 763 764]] [51 [765 766 767 768 769 770 771 772 773 774 775 776 777 778 779]] [52 [780 781 782 783 784 785 786 787 788 789 790 791 792 793 794]] [53 [795 796 797 798 799 800 801 802 803 804 805 806 807 808 809]] [54 [810 811 812 813 814 815 816 817 818 819 820 821 822 823 824]] [55 [825 826 827 828 829 830 831 832 833 834 835 836 837 838 839]] [56 [840 841 842 843 844 845 846 847 848 849 850 851 852 853 854]] [57 [855 856 857 858 859 860 861 862 863 864 865 866 867 868 869]] [58 [870 871 872 873 874 875 876 877 878 879 880 881 882 883 884]] [59 [885 886 887 888 889 890 891 892 893 894 895 896 897 898 899]] [60 [900 901 902 903 904 905 906 907 908 909 910 911 912 913 914]] [61 [915 916 917 918 919 920 921 922 923 924 925 926 927 928 929]] [62 [930 931 932 933 934 935 936 937 938 939 940 941 942 943 944]] [63 [945 946 947 948 949 950 951 952 953 954 955 956 957 958 959]] [64 [960 961 962 963 964 965 966 967 968 969 970 971 972 973 974]] [65 [975 976 977 978 979 980 981 982 983 984 985 986 987 988 989]] [66 [990 991 992 993 994 995 996 997 998 999 1000 1001 1002 1003 1004]] [67 [1005 1006 1007 1008 1009 1010 1011 1012 1013 1014 1015 1016 1017 1018 1019]] [68 [1020 1021 1022 1023 1024 1025 1026 1027 1028 1029 1030 1031 1032 1033 1034]] [69 [1035 1036 1037 1038 1039 1040 1041 1042 1043 1044 1045 1046 1047 1048 1049]] [70 [1050 1051 1052 1053 1054 1055 1056 1057 1058 1059 1060 1061 1062 1063 1064]] [71 [1065 1066 1067 1068 1069 1070 1071 1072 1073 1074 1075 1076 1077 1078 1079]] [72 [1080 1081 1082 1083 1084 1085 1086 1087 1088 1089 1090 1091 1092 1093 1094]] [73 [1095 1096 1097 1098 1099 1100 1101 1102 1103 1104 1105 1106 1107 1108 1109]] [74 [1110 1111 1112 1113 1114 1115 1116 1117 1118 1119 1120 1121 1122 1123 1124]] [75 [1125 1126 1127 1128 1129 1130 1131 1132 1133 1134 1135 1136 1137 1138 1139]] [76 [1140 1141 1142 1143 1144 1145 1146 1147 1148 1149 1150 1151 1152 1153 1154]] [77 [1155 1156 1157 1158 1159 1160 1161 1162 1163 1164 1165 1166 1167 1168 1169]] [78 [1170 1171 1172 1173 1174 1175 1176 1177 1178 1179 1180 1181 1182 1183 1184]] [79 [1185 1186 1187 1188 1189 1190 1191 1192 1193 1194 1195 1196 1197 1198 1199]] [80 [1200 1201 1202 1203 1204 1205 1206 1207 1208 1209 1210 1211 1212 1213 1214]] [81 [1215 1216 1217 1218 1219 1220 1221 1222 1223 1224 1225 1226 1227 1228 1229]] [82 [1230 1231 1232 1233 1234 1235 1236 1237 1238 1239 1240 1241 1242 1243 1244]] [83 [1245 1246 1247 1248 1249 1250 1251 1252 1253 1254 1255 1256 1257 1258 1259]] [84 [1260 1261 1262 1263 1264 1265 1266 1267 1268 1269 1270 1271 1272 1273 1274]] [85 [1275 1276 1277 1278 1279 1280 1281 1282 1283 1284 1285 1286 1287 1288 1289]] [86 [1290 1291 1292 1293 1294 1295 1296 1297 1298 1299 1300 1301 1302 1303 1304]] [87 [1305 1306 1307 1308 1309 1310 1311 1312 1313 1314 1315 1316 1317 1318 1319]] [88 [1320 1321 1322 1323 1324 1325 1326 1327 1328 1329 1330 1331 1332 1333 1334]] [89 [1335 1336 1337 1338 1339 1340 1341 1342 1343 1344 1345 1346 1347 1348 1349]] [90 [1350 1351 1352 1353 1354 1355 1356 1357 1358 1359 1360 1361 1362 1363 1364]] [91 [1365 1366 1367 1368 1369 1370 1371 1372 1373 1374 1375 1376 1377 1378 1379]] [92 [1380 1381 1382 1383 1384 1385 1386 1387 1388 1389 1390 1391 1392 1393 1394]] [93 [1395 1396 1397 1398 1399 1400 1401 1402 1403 1404 1405 1406 1407 1408 1409]] [94 [1410 1411 1412 1413 1414 1415 1416 1417 1418 1419 1420 1421 1422 1423 1424]] [95 [1425 1426 1427 1428 1429 1430 1431 1432 1433 1434 1435 1436 1437 1438 1439]] [96 [1440 1441 1442 1443 1444 1445 1446 1447 1448 1449 1450 1451 1452 1453 1454]] [97 [1455 1456 1457 1458 1459 1460 1461 1462 1463 1464 1465 1466 1467 1468 1469]] [98 [1470 1471 1472 1473 1474 1475 1476 1477 1478 1479 1480 1481 1482 1483 1484]] [99 [1485 1486 1487 1488 1489 1490 1491 1492 1493 1494 1495 1496 1497 1498 1499]]]","[[0 [3 4 5 6 7 8 9 10 11 12 13 14]] [1 [15 16 17 18 19 20 21 22 23 24 25 26 27 28 29]] [2 [30 31 32 33 34 35 36 37 38 39 40 41 42 43 44]] [3 [45 46 47 48 49 50 51 52 53 54 55 56 57 58 59]] [4 [60 61 62 63 64 65 66 67 68 69 70 71 72 73 74]] [5 [75 76 77 78 79 80 81 82 83 84 85 86 87 88 89]] [6 [90 91 92 93 94 95 96 97 98 99 100 101 102 103 104]] [7 [105 106 107 108 109 110 111 112 113 114 115 116 117 118 119]] [8 [120 121 122 123 124 125 126 127 128 129 130 131 132 133 134]] [9 [135 136 137 138 139 140 141 142 143 144 145 146 147 148 149]] [10 [150 151 152 153 154 155 156 157 158 159 160 161 162 163 164]] [11 [165 166 167 168 169 170 171 172 173 174 175 176 177 178 179]] [12 [180 181 182 183 184 185 186 187 188 189 190 191 192 193 194]] [13 [195 196 197 198 199 200 201 202 203 204 205 206 207 208 209]] [14 [210 211 212 213 214 215 216 217 218 219 220 221 222 223 224]] [15 [225 226 227 228 229 230 231 232 233 234 235 236 237 238 239]] [16 [240 241 242 243 244 245 246 247 248 249 250 251 252 253 254]] [17 [255 256 257 258 259 260 261 262 263 264 265 266 267 268 269]] [18 [270 271 272 273 274 275 276 277 278 279 280 281 282 283 284]] [19 [285 286 287 288 289 290 291 292 293 294 295 296 297 298 299]] [20 [300 301 302 303 304 305 306 307 308 309 310 311 312 313 314]] [21 [315 316 317 318 319 320 321 322 323 324 325 326 327 328 329]] [22 [330 331 332 333 334 335 336 337 338 339 340 341 342 343 344]] [23 [345 346 347 348 349 350 351 352 353 354 355 356 357 358 359]] [24 [360 361 362 363 364 365 366 367 368 369 370 371 372 373 374]] [25 [375 376 377 378 379 380 381 382 383 384 385 386 387 388 389]] [26 [390 391 392 393 394 395 396 397 398 399 400 401 402 403 404]] [27 [405 406 407 408 409 410 411 412 413 414 415 416 417 418 419]] [28 [420 421 422 423 424 425 426 427 428 429 430 431 432 433 434]] [29 [435 436 437 438 439 440 441 442 443 444 445 446 447 448 449]] [30 [450 451 452 453 454 455 456 457 458 459 460 461 462 463 464]] [31 [465 466 467 468 469 470 471 472 473 475 476 477 478 479]] [32 [480 481 482 483 484 485 486 487 488 489 490 491 492 493 494]] [33 [495 496 497 498 499 500 501 502 503 504 505 506 507 508 509]] [34 [510 511 512 513 514 515 516 517 518 519 520 521 522 523 524]] [35 [525 526 527 528 529 530 531 532 533 534 535 536 537 538 539]] [36 [540 541 542 543 544 545 546 547 548 549 550 551 552 553 554]] [37 [555 556 557 558 559 560 561 562 563 564 565 566 567 568 569]] [38 [570 571 572 573 574 575 576 577 578 579 580 581 582 583 584]] [39 [585 586 587 588 589 590 591 592 593 594 595 596 597 598 599]] [40 [600 601 602 603 604 605 606 607 608 609 610 611 612 613 614]] [41 [615 616 617 618 619 620 621 622 623 624 625 626 627 628 629]] [42 [630 631 632 633 634 635 636 637 638 639 640 641 642 643 644]] [43 [645 646 647 648 649 650 651 652 653 654 655 656 657 658 659]] [44 [660 661 662 663 664 665 666 667 668 669 670 671 672 673 674]] [45 [675 676 677 678 679 680 681 682 683 684 685 686 687 688 689]] [46 [690 691 692 693 694 695 696 697 698 699 700 701 702 703 704]] [47 [705 706 707 708 709 710 711 712 713 714 715 716 717 718 719]] [48 [720 721 722 723 724 725 726 727 728 729 730 731 732 733 734]] [49 [735 736 737 738 739 740 741 742 743 744 745 746 747 748 749]] [50 [750 751 752 753 754 755 756 757 758 759 760 761 762 763 764]] [51 [765 766 767 768 769 770 771 772 773 774 775 776 777 778 779]] [52 [780 781 782 783 784 785 786 787 788 789 790 791 792 793 794]] [53 [795 796 797 798 799 800 801 802 803 804 805 806 807 808 809]] [54 [810 811 812 813 814 815 816 817 818 819 820 821 822 823 824]] [55 [825 826 827 828 829 830 831 832 833 834 835 836 837 838 839]] [56 [840 841 842 843 844 845 846 847 848 849 850 851 852 853 854]] [57 [855 856 857 858 859 860 861 862 863 864 865 866 867 868 869]] [58 [870 871 872 873 874 875 876 877 878 879 880 881 882 883 884]] [59 [885 886 887 888 889 890 891 892 893 894 895 896 897 898 899]] [60 [900 901 902 903 904 905 906 907 908 909 910 911 912 913 914]] [61 [915 916 917 918 919 920 921 922 923 924 925 926 927 928 929]] [62 [930 931 932 933 934 935 936 937 938 939 940 941 942 943 944]] [63 [945 946 947 948 949 950 951 952 953 954 955 956 957 958 959]] [64 [960 961 962 963 964 965 966 967 968 969 970 971 972 973 974]] [65 [975 976 977 978 979 980 981 982 983 984 985 986 987 988 989]] [66 [990 991 992 993 994 995 996 997 998 999 1000 1001 1002 1003 1004]] [67 [1005 1006 1007 1008 1009 1010 1011 1012 1013 1014 1015 1016 1017 1018 1019]] [68 [1020 1021 1022 1023 1024 1025 1026 1027 1028 1029 1030 1031 1032 1033 1034]] [69 [1035 1036 1037 1038 1039 1040 1041 1042 1043 1044 1045 1046 1047 1048 1049]] [70 [1050 1051 1052 1053 1054 1055 1056 1057 1058 1059 1060 1061 1062 1063 1064]] [71 [1065 1066 1067 1068 1069 1070 1071 1072 1073 1074 1075 1076 1077 1078 1079]] [72 [1080 1081 1082 1083 1084 1085 1086 1087 1088 1089 1090 1091 1092 1093 1094]] [73 [1095 1096 1097 1098 1099 1100 1101 1102 1103 1104 1105 1106 1107 1108 1109]] [74 [1110 1111 1112 1113 1114 1115 1116 1117 1118 1119 1120 1121 1122 1123 1124]] [75 [1125 1126 1127 1128 1129 1130 1131 1132 1133 1134 1135 1136 1137 1138 1139]] [76 [1140 1141 1142 1143 1144 1145 1146 1147 1148 1149 1150 1151 1152 1153 1154]] [77 [1155 1156 1157 1158 1159 1160 1161 1162 1163 1164 1165 1166 1167 1168 1169]] [78 [1170 1171 1172 1173 1174 1175 1176 1177 1178 1179 1180 1181 1182 1183 1184]] [79 [1185 1186 1187 1188 1189 1190 1191 1192 1193 1194 1195 1196 1197 1198 1199]] [80 [1200 1201 1202 1203 1204 1205 1206 1207 1208 1209 1210 1211 1212 1213 1214]] [81 [1215 1216 1217 1218 1219 1220 1221 1222 1223 1224 1225 1226 1227 1228 1229]] [82 [1230 1231 1232 1233 1234 1235 1236 1237 1238 1239 1240 1241 1242 1243 1244]] [83 [1245 1246 1247 1248 1249 1250 1251 1252 1253 1254 1255 1256 1257 1258 1259]] [84 [1260 1261 1262 1263 1264 1265 1266 1267 1268 1269 1270 1271 1272 1273 1274]] [85 [1275 1276 1277 1278 1279 1280 1281 1282 1283 1284 1285 1286 1287 1288 1289]] [86 [1290 1291 1292 1293 1294 1295 1296 1297 1298 1299 1300 1301 1302 1303 1304]] [87 [1305 1306 1307 1308 1309 1310 1311 1312 1313 1314 1315 1316 1317 1318 1319]] [88 [1320 1321 1322 1323 1324 1325 1326 1327 1328 1329 1330 1331 1332 1333 1334]] [89 [1335 1336 1337 1338 1339 1340 1341 1342 1343 1344 1345 1346 1347 1348 1349]] [90 [1350 1351 1352 1353 1354 1355 1356 1357 1358 1359 1360 1361 1362 1363 1364]] [91 [1365 1366 1367 1368 1369 1370 1371 1372 1373 1374 1375 1376 1377 1378 1379]] [92 [1380 1381 1382 1383 1384 1385 1386 1387 1388 1389 1390 1391 1392 1393 1394]] [93 [1395 1396 1397 1398 1399 1400 1401 1402 1403 1404 1405 1406 1407 1408 1409]] [94 [1410 1411 1412 1413 1414 1415 1416 1417 1418 1419 1420 1421 1422 1423 1424]] [95 [1425 1426 1427 1428 1429 1430 1431 1432 1433 1434 1435 1436 1437 1438 1439]] [96 [1440 1441 1442 1443 1444 1445 1446 1447 1448 1449 1450 1451 1452 1453 1454]] [97 [1455 1456 1457 1458 1459 1460 1461 1462 1463 1464 1465 1466 1467 1468 1469]] [98 [1470 1471 1472 1473 1474 1475 1476 1477 1478 1479 1480 1481 1482 1483 1484]] [99 [1485 1486 1487 1488 1489 1490 1491 1492 1493 1494 1495 1496 1497 1498 1499]]]",,"[[{citizen 8} [[""A"" [4 4 4 4 4 4 4 4 4 4]]]] [{citizen 19} [[""A"" [4 4 4 4 4 4 4 4 4 4]]]] [{citizen 26} [[""A"" [4 4 4 4 4 4 4 4 4 4]]]] [{media 59} [[""A"" [4 4 4 4 4 4 4 4 4 4]]]] [{media 60} [[""A"" [4 4 4 4 4 4 4 4 4 4]]]] [{media 61} [[""A"" [4 4 4 4 4 4 4 4 4 4]]]] [{media 63} [[""A"" [4 4 4 4 4 4 4 4 4 4]]]] [{media 64} [[""A"" [4 4 4 4 4 4 4 4 4 4]]]] [{media 62} [[""A"" [4 4 4 4 4 4 4 4 4 4]]]] [{citizen 1} [[""A"" [4 4 4 4 4 4 4 4 4 4]]]] [{citizen 5} [[""A"" [4 4 4 4 4 4 4 4 4 4]]]] [{media 54} [[""A"" [4 4 4 4 4 4 4 4 4 4]]]] [{citizen 2} [[""A"" [4 4 4 4 4 4 4 4 4 4]]]] [{media 58} [[""A"" [4 4 4 4 4 4 4 4 4 4]]]] [{citizen 0} [[""A"" [4 4 4 4 4 4 4 4 4 4]]]] [{citizen 6} [[""A"" [4 4 4 4 4 4 4 4 4 4]]]] [{media 51} [[""A"" [4 4 4 4 4 4 4 4 4 4]]]] [{media 55} [[""A"" [4 4 4 4 4 4 4 4 4 4]]]] [{media 56} [[""A"" [4 4 4 4 4 4 4 4 4 4]]]] [{media 57} [[""A"" [4 4 4 4 4 4 4 4 4 4]]]] [{media 53} [[""A"" [4 4 4 4 4 4 4 4 4 4]]]] [{media 52} [[""A"" [4 4 4 4 4 4 4 4 4 4]]]] [{citizen 49} [[""A"" [4 4 4 4 4 4 4 4 4 4]]]] [{citizen 17} [[""A"" [4 4 4 4 4 4 4 4 4 4]]]] [{citizen 46} [[""A"" [4 4 4 4 4 4 4 4 4 4]]]] [{citizen 27} [[""A"" [4 4 4 4 4 4 4 4 4 4]]]] [{citizen 45} [[""A"" [4 4 4 4 4 4 4 4 4 4]]]] [{citizen 24} [[""A"" [4 4 4 4 4 4 4 4 4 4]]]] [{citizen 21} [[""A"" [4 4 4 4 4 4 4 4 4 4]]]] [{citizen 30} [[""A"" [4 4 4 4 4 4 4 4 4 4]]]] [{citizen 16} [[""A"" [4 4 4 4 4 4 4 4 4 4]]]] [{citizen 14} [[""A"" [4 4 4 4 4 4 4 4 4 4]]]] [{citizen 28} [[""A"" [4 4 4 4 4 4 4 4 4 4]]]] [{citizen 4} [[""A"" [4 4 4 4 4 4 4 4 4 4]]]] [{citizen 39} [[""A"" [4 4 4 4 4 4 4 4 4 4]]]] [{citizen 22} [[""A"" [4 4 4 4 4 4 4 4 4 4]]]] [{citizen 12} [[""A"" [4 4 4 4 4 4 4 4 4 4]]]] [{citizen 35} [[""A"" [4 4 4 4 4 4 4 4 4 4]]]] [{citizen 9} [[""A"" [4 4 4 4 4 4 4 4 4 4]]]] [{citizen 20} [[""A"" [4 4 4 4 4 4 4 4 4 4]]]] [{citizen 40} [[""A"" [4 4 4 4 4 4 4 4 4 4]]]] [{citizen 37} [[""A"" [4 4 4 4 4 4 4 4 4 4]]]] [{citizen 13} [[""A"" [4 4 4 4 4 4 4 4 4 4]]]] [{citizen 32} [[""A"" [4 4 4 4 4 4 4 4 4 4]]]] [{citizen 29} [[""A"" [4 4 4 4 4 4 4 4 4 4]]]] [{citizen 48} [[""A"" [4 4 4 4 4 4 4 4 4 4]]]] [{citizen 43} [[""A"" [4 4 4 4 4 4 4 4 4 4]]]] [{citizen 44} [[""A"" [4 4 4 4 4 4 4 4 4 4]]]] [{citizen 42} [[""A"" [4 4 4 4 4 4 4 4 4 4]]]] [{citizen 10} [[""A"" [4 4 4 4 4 4 4 4 4 4]]]] [{citizen 38} [[""A"" [4 4 4 4 4 4 4 4 4 4]]]] [{citizen 11} [[""A"" [4 4 4 4 4 4 4 4 4 4]]]] [{citizen 36} [[""A"" [4 4 4 4 4 4 4 4 4 4]]]] [{citizen 23} [[""A"" [4 4 4 4 4 4 4 4 4 4]]]] [{citizen 34} [[""A"" [4 4 4 4 4 4 4 4 4 4]]]] [{citizen 47} [[""A"" [4 4 4 4 4 4 4 4 4 4]]]] [{media 50} [[""A"" [4 4 4 4 4 4 4 4 4 4]]]] [{citizen 15} [[""A"" [4 4 4 4 4 4 4 4 4 4]]]] [{citizen 31} [[""A"" [4 4 4 4 4 4 4 4 4 4]]]] [{citizen 41} [[""A"" [4 4 4 4 4 4 4 4 4 4]]]] [{citizen 3} [[""A"" [4 4 4 4 4 4 4 4 4 4]]]]]"
"8","[85 0 170]","180","0.9200649014205218","-0.2735359755105553","""circle""","""""","9.9","{breed citizens}","false","0.5","1","""up""",,"[[""ID"" 0] [""alpha"" 1] [""beta"" 1] [""malleable"" [""A""]] [""prior"" []] [""cont_tokens"" []] [""A"" 4]]","[[0 [1 2 3 4 5 6 7 8 9 10 11 12 13 14]] [1 [15 16 17 18 19 20 21 22 23 24 25 26 27 28 29]] [2 [30 31 32 33 34 35 36 37 38 39 40 41 42 43 44]] [3 [45 46 47 48 49 50 51 52 53 54 55 56 57 58 59]] [4 [60 61 62 63 64 65 66 67 68 69 70 71 72 73 74]] [5 [75 76 77 78 79 80 81 82 83 84 85 86 87 88 89]] [6 [90 91 92 93 94 95 96 97 98 99 100 101 102 103 104]] [7 [105 106 107 108 109 110 111 112 113 114 115 116 117 118 119]] [8 [120 121 122 123 124 125 126 127 128 129 130 131 132 133 134]] [9 [135 136 137 138 139 140 141 142 143 144 145 146 147 148 149]] [10 [150 151 152 153 154 155 156 157 158 159 160 161 162 163 164]] [11 [165 166 167 168 169 170 171 172 173 174 175 176 177 178 179]] [12 [180 181 182 183 184 185 186 187 188 189 190 191 192 193 194]] [13 [195 196 197 198 199 200 201 202 203 204 205 206 207 208 209]] [14 [210 211 212 213 214 215 216 217 218 219 220 221 222 223 224]] [15 [225 226 227 228 229 230 231 232 233 234 235 236 237 238 239]] [16 [240 241 242 243 244 245 246 247 248 249 250 251 252 253 254]] [17 [255 256 257 258 259 260 261 262 263 264 265 266 267 268 269]] [18 [270 271 272 273 274 275 276 277 278 279 280 281 282 283 284]] [19 [285 286 287 288 289 290 291 292 293 294 295 296 297 298 299]] [20 [300 301 302 303 304 305 306 307 308 309 310 311 312 313 314]] [21 [315 316 317 318 319 320 321 322 323 324 325 326 327 328 329]] [22 [330 331 332 333 334 335 336 337 338 339 340 341 342 343 344]] [23 [345 346 347 348 349 350 351 352 353 354 355 356 357 358 359]] [24 [360 361 362 363 364 365 366 367 368 369 370 371 372 373 374]] [25 [375 376 377 378 379 380 381 382 383 384 385 386 387 388 389]] [26 [390 391 392 393 394 395 396 397 398 399 400 401 402 403 404]] [27 [405 406 407 408 409 410 411 412 413 414 415 416 417 418 419]] [28 [420 421 422 423 424 425 426 427 428 429 430 431 432 433 434]] [29 [435 436 437 438 439 440 441 442 443 444 445 446 447 448 449]] [30 [450 451 452 453 454 455 456 457 458 459 460 461 462 463 464]] [31 [465 466 467 468 469 470 471 472 473 474 475 476 477 478 479]] [32 [480 481 482 483 484 485 486 487 488 489 490 491 492 493 494]] [33 [495 496 497 498 499 500 501 502 503 504 505 506 507 508 509]] [34 [510 511 512 513 514 515 516 517 518 519 520 521 522 523 524]] [35 [525 526 527 528 529 530 531 532 533 534 535 536 537 538 539]] [36 [540 541 542 543 544 545 546 547 548 549 550 551 552 553 554]] [37 [555 556 557 558 559 560 561 562 563 564 565 566 567 568 569]] [38 [570 571 572 573 574 575 576 577 578 579 580 581 582 583 584]] [39 [585 586 587 588 589 590 591 592 593 594 595 596 597 598 599]] [40 [600 601 602 603 604 605 606 607 608 609 610 611 612 613 614]] [41 [615 616 617 618 619 620 621 622 623 624 625 626 627 628 629]] [42 [630 631 632 633 634 635 636 637 638 639 640 641 642 643 644]] [43 [645 646 647 648 649 650 651 652 653 654 655 656 657 658 659]] [44 [660 661 662 663 664 665 666 667 668 669 670 671 672 673 674]] [45 [675 676 677 678 679 680 681 682 683 684 685 686 687 688 689]] [46 [690 691 692 693 694 695 696 697 698 699 700 701 702 703 704]] [47 [705 706 707 708 709 710 711 712 713 714 715 716 717 718 719]] [48 [720 721 722 723 724 725 726 727 728 729 730 731 732 733 734]] [49 [735 736 737 738 739 740 741 742 743 744 745 746 747 748 749]] [50 [750 751 752 753 754 755 756 757 758 759 760 761 762 763 764]] [51 [765 766 767 768 769 770 771 772 773 774 775 776 777 778 779]] [52 [780 781 782 783 784 785 786 787 788 789 790 791 792 793 794]] [53 [795 796 797 798 799 800 801 802 803 804 805 806 807 808 809]] [54 [810 811 812 813 814 815 816 817 818 819 820 821 822 823 824]] [55 [825 826 827 828 829 830 831 832 833 834 835 836 837 838 839]] [56 [840 841 842 843 844 845 846 847 848 849 850 851 852 853 854]] [57 [855 856 857 858 859 860 861 862 863 864 865 866 867 868 869]] [58 [870 871 872 873 874 875 876 877 878 879 880 881 882 883 884]] [59 [885 886 887 888 889 890 891 892 893 894 895 896 897 898 899]] [60 [900 901 902 903 904 905 906 907 908 909 910 911 912 913 914]] [61 [915 916 917 918 919 920 921 922 923 924 925 926 927 928 929]] [62 [930 931 932 933 934 935 936 937 938 939 940 941 942 943 944]] [63 [945 946 947 948 949 950 951 952 953 954 955 956 957 958 959]] [64 [960 961 962 963 964 965 966 967 968 969 970 971 972 973 974]] [65 [975 976 977 978 979 980 981 982 983 984 985 986 987 988 989]] [66 [990 991 992 993 994 995 996 997 998 999 1000 1001 1002 1003 1004]] [67 [1005 1006 1007 1008 1009 1010 1011 1012 1013 1014 1015 1016 1017 1018 1019]] [68 [1020 1021 1022 1023 1024 1025 1026 1027 1028 1029 1030 1031 1032 1033 1034]] [69 [1035 1036 1037 1038 1039 1040 1041 1042 1043 1044 1045 1046 1047 1048 1049]] [70 [1050 1051 1052 1053 1054 1055 1056 1057 1058 1059 1060 1061 1062 1063 1064]] [71 [1065 1066 1067 1068 1069 1070 1071 1072 1073 1074 1075 1076 1077 1078 1079]] [72 [1080 1081 1082 1083 1084 1085 1086 1087 1088 1089 1090 1091 1092 1093 1094]] [73 [1095 1096 1097 1098 1099 1100 1101 1102 1103 1104 1105 1106 1107 1108 1109]] [74 [1110 1111 1112 1113 1114 1115 1116 1117 1118 1119 1120 1121 1122 1123 1124]] [75 [1125 1126 1127 1128 1129 1130 1131 1132 1133 1134 1135 1136 1137 1138 1139]] [76 [1140 1141 1142 1143 1144 1145 1146 1147 1148 1149 1150 1151 1152 1153 1154]] [77 [1155 1156 1157 1158 1159 1160 1161 1162 1163 1164 1165 1166 1167 1168 1169]] [78 [1170 1171 1172 1173 1174 1175 1176 1177 1178 1179 1180 1181 1182 1183 1184]] [79 [1185 1186 1187 1188 1189 1190 1191 1192 1193 1194 1195 1196 1197 1198 1199]] [80 [1200 1201 1202 1203 1204 1205 1206 1207 1208 1209 1210 1211 1212 1213 1214]] [81 [1215 1216 1217 1218 1219 1220 1221 1222 1223 1224 1225 1226 1227 1228 1229]] [82 [1230 1231 1232 1233 1234 1235 1236 1237 1238 1239 1240 1241 1242 1243 1244]] [83 [1245 1246 1247 1248 1249 1250 1251 1252 1253 1254 1255 1256 1257 1258 1259]] [84 [1260 1261 1262 1263 1264 1265 1266 1267 1268 1269 1270 1271 1272 1273 1274]] [85 [1275 1276 1277 1278 1279 1280 1281 1282 1283 1284 1285 1286 1287 1288 1289]] [86 [1290 1291 1292 1293 1294 1295 1296 1297 1298 1299 1300 1301 1302 1303 1304]] [87 [1305 1306 1307 1308 1309 1310 1311 1312 1313 1314 1315 1316 1317 1318 1319]] [88 [1320 1321 1322 1323 1324 1325 1326 1327 1328 1329 1330 1331 1332 1333 1334]] [89 [1335 1336 1337 1338 1339 1340 1341 1342 1343 1344 1345 1346 1347 1348 1349]] [90 [1350 1351 1352 1353 1354 1355 1356 1357 1358 1359 1360 1361 1362 1363 1364]] [91 [1365 1366 1367 1368 1369 1370 1371 1372 1373 1374 1375 1376 1377 1378 1379]] [92 [1380 1381 1382 1383 1384 1385 1386 1387 1388 1389 1390 1391 1392 1393 1394]] [93 [1395 1396 1397 1398 1399 1400 1401 1402 1403 1404 1405 1406 1407 1408 1409]] [94 [1410 1411 1412 1413 1414 1415 1416 1417 1418 1419 1420 1421 1422 1423 1424]] [95 [1425 1426 1427 1428 1429 1430 1431 1432 1433 1434 1435 1436 1437 1438 1439]] [96 [1440 1441 1442 1443 1444 1445 1446 1447 1448 1449 1450 1451 1452 1453 1454]] [97 [1455 1456 1457 1458 1459 1460 1461 1462 1463 1464 1465 1466 1467 1468 1469]] [98 [1470 1471 1472 1473 1474 1475 1476 1477 1478 1479 1480 1481 1482 1483 1484]] [99 [1485 1486 1487 1488 1489 1490 1491 1492 1493 1494 1495 1496 1497 1498 1499]]]","[[0 [2 3 4 5 6 7 8 9 10 11 12 13 14]] [1 [15 16 17 18 19 20 21 22 23 24 25 26 27 28 29]] [2 [30 31 32 33 34 35 36 37 38 39 40 41 42 43 44]] [3 [45 46 47 48 49 50 51 52 53 54 55 56 57 58 59]] [4 [60 61 62 63 64 65 66 67 68 69 70 71 72 73 74]] [5 [75 76 77 78 79 80 81 82 83 84 85 86 87 88 89]] [6 [90 91 92 93 94 95 96 97 98 99 100 101 102 103 104]] [7 [105 106 107 108 109 110 111 112 113 114 115 116 117 118 119]] [8 [120 121 122 123 124 125 126 127 128 129 130 131 132 133 134]] [9 [135 136 137 138 139 140 141 142 143 144 145 146 147 148 149]] [10 [150 151 152 153 154 155 156 157 158 159 160 161 162 163 164]] [11 [165 166 167 168 169 170 171 172 173 174 175 176 177 178 179]] [12 [180 181 182 183 184 185 186 187 188 189 190 191 192 193 194]] [13 [195 196 197 198 199 200 201 202 203 204 205 206 207 208 209]] [14 [210 211 212 213 214 215 216 217 218 219 220 221 222 223 224]] [15 [225 226 227 228 229 230 231 232 233 234 235 236 237 238 239]] [16 [240 241 242 243 244 245 246 247 248 249 250 251 252 253 254]] [17 [255 256 257 258 259 260 261 262 263 264 265 266 267 268 269]] [18 [270 271 272 273 274 275 276 277 278 279 280 281 282 283 284]] [19 [285 286 287 288 289 290 291 292 293 294 295 296 297 298 299]] [20 [300 301 302 303 304 305 306 307 308 309 310 311 312 313 314]] [21 [315 316 317 318 319 320 321 322 323 324 325 326 327 328 329]] [22 [330 331 332 333 334 335 336 337 338 339 340 341 342 343 344]] [23 [345 346 347 348 349 350 351 352 353 354 355 356 357 358 359]] [24 [360 361 362 363 364 365 366 367 368 369 370 371 372 373 374]] [25 [375 376 377 378 379 380 381 382 383 384 385 386 387 388 389]] [26 [390 391 392 393 394 395 396 397 398 399 400 401 402 403 404]] [27 [405 406 407 408 409 410 411 412 413 414 415 416 417 418 419]] [28 [420 421 422 423 424 425 426 427 428 429 430 431 432 433 434]] [29 [435 436 437 438 439 440 441 442 443 444 445 446 447 448 449]] [30 [450 451 452 453 454 455 456 457 458 459 460 461 462 463 464]] [31 [465 466 467 468 469 470 471 472 473 474 475 476 477 478 479]] [32 [480 481 482 483 484 485 486 487 488 489 490 491 492 493 494]] [33 [495 496 497 498 499 500 501 502 503 504 505 506 507 508 509]] [34 [510 511 512 513 514 515 516 517 518 519 520 521 522 523 524]] [35 [525 526 527 528 529 530 531 532 533 534 535 536 537 538 539]] [36 [540 541 542 543 544 545 546 547 548 549 550 551 552 553 554]] [37 [555 556 557 558 559 560 561 562 563 564 565 566 567 568 569]] [38 [570 571 572 573 574 575 576 577 578 579 580 581 582 583 584]] [39 [585 586 587 588 589 590 591 592 593 594 595 596 597 598 599]] [40 [600 601 602 603 604 605 606 607 608 609 610 611 612 613 614]] [41 [615 616 617 618 619 620 621 622 623 624 625 626 627 628 629]] [42 [630 631 632 633 634 635 636 637 638 639 640 641 642 643 644]] [43 [645 646 647 648 649 650 651 652 653 654 655 656 657 658 659]] [44 [660 661 662 663 664 665 666 667 668 669 670 671 672 673 674]] [45 [675 676 677 678 679 680 681 682 683 684 685 686 687 688 689]] [46 [690 691 692 693 694 695 696 697 698 699 700 701 702 703 704]] [47 [705 706 707 708 709 710 711 712 713 714 715 716 717 718 719]] [48 [720 721 722 723 724 725 726 727 728 729 730 731 732 733 734]] [49 [735 736 737 738 739 740 741 742 743 744 745 746 747 748 749]] [50 [750 751 752 753 754 755 756 757 758 759 760 761 762 763 764]] [51 [765 766 767 768 769 770 771 772 773 774 775 776 777 778 779]] [52 [780 781 782 783 784 785 786 787 788 789 790 791 792 793 794]] [53 [795 796 797 798 799 800 801 802 803 804 805 806 807 808 809]] [54 [810 811 812 813 814 815 816 817 818 819 820 821 822 823 824]] [55 [825 826 827 828 829 830 831 832 833 834 835 836 837 838 839]] [56 [840 841 842 843 844 845 846 847 848 849 850 851 852 853 854]] [57 [855 856 857 858 859 860 861 862 863 864 865 866 867 868 869]] [58 [870 871 872 873 874 875 876 877 878 879 880 881 882 883 884]] [59 [885 886 887 888 889 890 891 892 893 894 895 896 897 898 899]] [60 [900 901 902 903 904 905 906 907 908 909 910 911 912 913 914]] [61 [915 916 917 918 919 920 921 922 923 924 925 926 927 928 929]] [62 [930 931 932 933 934 935 936 937 938 939 940 941 942 943 944]] [63 [945 946 947 948 949 950 951 952 953 954 955 956 957 958 959]] [64 [960 961 962 963 964 965 966 967 968 969 970 971 972 973 974]] [65 [975 976 977 978 979 980 981 982 983 984 985 986 987 988 989]] [66 [990 991 992 993 994 995 996 997 998 999 1000 1001 1002 1003 1004]] [67 [1005 1006 1007 1008 1009 1010 1011 1012 1013 1014 1015 1016 1017 1018 1019]] [68 [1020 1021 1022 1023 1024 1025 1026 1027 1028 1029 1030 1031 1032 1033 1034]] [69 [1035 1036 1037 1038 1039 1040 1041 1042 1043 1044 1045 1046 1047 1048 1049]] [70 [1050 1051 1052 1053 1054 1055 1056 1057 1058 1059 1060 1061 1062 1063 1064]] [71 [1065 1066 1067 1068 1069 1070 1071 1072 1073 1074 1075 1076 1077 1078 1079]] [72 [1080 1081 1082 1083 1084 1085 1086 1087 1088 1089 1090 1091 1092 1093 1094]] [73 [1095 1096 1097 1098 1099 1100 1101 1102 1103 1104 1105 1106 1107 1108 1109]] [74 [1110 1111 1112 1113 1114 1115 1116 1117 1118 1119 1120 1121 1122 1123 1124]] [75 [1125 1126 1127 1128 1129 1130 1131 1132 1133 1134 1135 1136 1137 1138 1139]] [76 [1140 1141 1142 1143 1144 1145 1146 1147 1148 1149 1150 1151 1152 1153 1154]] [77 [1155 1156 1157 1158 1159 1160 1161 1162 1163 1164 1165 1166 1167 1168 1169]] [78 [1170 1171 1172 1173 1174 1175 1176 1177 1178 1179 1180 1181 1182 1183 1184]] [79 [1185 1186 1187 1188 1189 1190 1191 1192 1193 1194 1195 1196 1197 1198 1199]] [80 [1200 1201 1202 1203 1204 1205 1206 1207 1208 1209 1210 1211 1212 1213 1214]] [81 [1215 1216 1217 1218 1219 1220 1221 1222 1223 1224 1225 1226 1227 1228 1229]] [82 [1230 1231 1232 1233 1234 1235 1236 1237 1238 1239 1240 1241 1242 1243 1244]] [83 [1245 1246 1247 1248 1249 1250 1251 1252 1253 1254 1255 1256 1257 1258 1259]] [84 [1260 1261 1262 1263 1264 1265 1266 1267 1268 1269 1270 1271 1272 1273 1274]] [85 [1275 1276 1277 1278 1279 1280 1281 1282 1283 1284 1285 1286 1287 1288 1289]] [86 [1290 1291 1292 1293 1294 1295 1296 1297 1298 1299 1300 1301 1302 1303 1304]] [87 [1305 1306 1307 1308 1309 1310 1311 1312 1313 1314 1315 1316 1317 1318 1319]] [88 [1320 1321 1322 1323 1324 1325 1326 1327 1328 1329 1330 1331 1332 1333 1334]] [89 [1335 1336 1337 1338 1339 1340 1341 1342 1343 1344 1345 1346 1347 1348 1349]] [90 [1350 1351 1352 1353 1354 1355 1356 1357 1358 1359 1360 1361 1362 1363 1364]] [91 [1365 1366 1367 1368 1369 1370 1371 1372 1373 1374 1375 1376 1377 1378 1379]] [92 [1380 1381 1382 1383 1384 1385 1386 1387 1388 1389 1390 1391 1392 1393 1394]] [93 [1395 1396 1397 1398 1399 1400 1401 1402 1403 1404 1405 1406 1407 1408 1409]] [94 [1410 1411 1412 1413 1414 1415 1416 1417 1418 1419 1420 1421 1422 1423 1424]] [95 [1425 1426 1427 1428 1429 1430 1431 1432 1433 1434 1435 1436 1437 1438 1439]] [96 [1440 1441 1442 1443 1444 1445 1446 1447 1448 1449 1450 1451 1452 1453 1454]] [97 [1455 1456 1457 1458 1459 1460 1461 1462 1463 1464 1465 1466 1467 1468 1469]] [98 [1470 1471 1472 1473 1474 1475 1476 1477 1478 1479 1480 1481 1482 1483 1484]] [99 [1485 1486 1487 1488 1489 1490 1491 1492 1493 1494 1495 1496 1497 1498 1499]]]",,"[[{citizen 10} [[""A"" [4 4 4 4 4 4 4 4 4 4]]]] [{citizen 13} [[""A"" [4 4 4 4 4 4 4 4 4 4]]]] [{citizen 14} [[""A"" [4 4 4 4 4 4 4 4 4 4]]]] [{citizen 16} [[""A"" [4 4 4 4 4 4 4 4 4 4]]]] [{citizen 17} [[""A"" [4 4 4 4 4 4 4 4 4 4]]]] [{citizen 22} [[""A"" [4 4 4 4 4 4 4 4 4 4]]]] [{citizen 23} [[""A"" [4 4 4 4 4 4 4 4 4 4]]]] [{citizen 24} [[""A"" [4 4 4 4 4 4 4 4 4 4]]]] [{citizen 25} [[""A"" [0 0 0 0 0 0 0 0 0 0]]]] [{citizen 27} [[""A"" [4 4 4 4 4 4 4 4 4 4]]]] [{citizen 30} [[""A"" [4 4 4 4 4 4 4 4 4 4]]]] [{citizen 31} [[""A"" [4 4 4 4 4 4 4 4 4 4]]]] [{citizen 32} [[""A"" [4 4 4 4 4 4 4 4 4 4]]]] [{citizen 33} [[""A"" [0 0 0 0 0 0 0 0 0 0]]]] [{citizen 34} [[""A"" [4 4 4 4 4 4 4 4 4 4]]]] [{citizen 40} [[""A"" [4 4 4 4 4 4 4 4 4 4]]]] [{citizen 42} [[""A"" [4 4 4 4 4 4 4 4 4 4]]]] [{media 52} [[""A"" [4 4 4 4 4 4 4 4 4 4]]]] [{media 53} [[""A"" [4 4 4 4 4 4 4 4 4 4]]]] [{media 54} [[""A"" [4 4 4 4 4 4 4 4 4 4]]]] [{media 55} [[""A"" [4 4 4 4 4 4 4 4 4 4]]]] [{media 56} [[""A"" [4 4 4 4 4 4 4 4 4 4]]]] [{media 58} [[""A"" [4 4 4 4 4 4 4 4 4 4]]]] [{media 59} [[""A"" [4 4 4 4 4 4 4 4 4 4]]]] [{media 60} [[""A"" [4 4 4 4 4 4 4 4 4 4]]]] [{media 61} [[""A"" [4 4 4 4 4 4 4 4 4 4]]]] [{media 63} [[""A"" [4 4 4 4 4 4 4 4 4 4]]]] [{media 64} [[""A"" [4 4 4 4 4 4 4 4 4 4]]]] [{media 62} [[""A"" [4 4 4 4 4 4 4 4 4 4]]]] [{citizen 1} [[""A"" [4 4 4 4 4 4 4 4 4 4]]]] [{citizen 5} [[""A"" [4 4 4 4 4 4 4 4 4 4]]]] [{citizen 2} [[""A"" [4 4 4 4 4 4 4 4 4 4]]]] [{citizen 0} [[""A"" [4 4 4 4 4 4 4 4 4 4]]]] [{citizen 6} [[""A"" [4 4 4 4 4 4 4 4 4 4]]]] [{citizen 7} [[""A"" [4 4 4 4 4 4 4 4 4 4]]]] [{media 51} [[""A"" [4 4 4 4 4 4 4 4 4 4]]]] [{media 57} [[""A"" [4 4 4 4 4 4 4 4 4 4]]]] [{citizen 49} [[""A"" [4 4 4 4 4 4 4 4 4 4]]]] [{citizen 21} [[""A"" [4 4 4 4 4 4 4 4 4 4]]]] [{citizen 11} [[""A"" [4 4 4 4 4 4 4 4 4 4]]]] [{citizen 44} [[""A"" [4 4 4 4 4 4 4 4 4 4]]]] [{citizen 4} [[""A"" [4 4 4 4 4 4 4 4 4 4]]]] [{citizen 19} [[""A"" [4 4 4 4 4 4 4 4 4 4]]]] [{citizen 35} [[""A"" [4 4 4 4 4 4 4 4 4 4]]]] [{citizen 9} [[""A"" [4 4 4 4 4 4 4 4 4 4]]]] [{citizen 37} [[""A"" [4 4 4 4 4 4 4 4 4 4]]]] [{citizen 15} [[""A"" [4 4 4 4 4 4 4 4 4 4]]]] [{citizen 36} [[""A"" [4 4 4 4 4 4 4 4 4 4]]]] [{citizen 45} [[""A"" [4 4 4 4 4 4 4 4 4 4]]]] [{citizen 41} [[""A"" [4 4 4 4 4 4 4 4 4 4]]]] [{citizen 12} [[""A"" [4 4 4 4 4 4 4 4 4 4]]]] [{citizen 43} [[""A"" [4 4 4 4 4 4 4 4 4 4]]]] [{citizen 28} [[""A"" [4 4 4 4 4 4 4 4 4 4]]]] [{citizen 39} [[""A"" [4 4 4 4 4 4 4 4 4 4]]]] [{citizen 20} [[""A"" [4 4 4 4 4 4 4 4 4 4]]]] [{citizen 48} [[""A"" [4 4 4 4 4 4 4 4 4 4]]]] [{citizen 46} [[""A"" [4 4 4 4 4 4 4 4 4 4]]]] [{citizen 26} [[""A"" [4 4 4 4 4 4 4 4 4 4]]]] [{citizen 29} [[""A"" [4 4 4 4 4 4 4 4 4 4]]]] [{citizen 38} [[""A"" [4 4 4 4 4 4 4 4 4 4]]]] [{media 50} [[""A"" [4 4 4 4 4 4 4 4 4 4]]]] [{citizen 47} [[""A"" [4 4 4 4 4 4 4 4 4 4]]]] [{citizen 3} [[""A"" [4 4 4 4 4 4 4 4 4 4]]]]]"
"9","[85 0 170]","52.22437137330755","7.781963672446372","5.503636184351377","""circle""","""""","9.9","{breed citizens}","false","0.5","1","""up""",,"[[""ID"" 40] [""alpha"" 1] [""beta"" 1] [""malleable"" [""A""]] [""prior"" []] [""cont_tokens"" []] [""A"" 4]]","[[0 [2 3 4 5 6 7 8 9 10 11 12 13 14]] [1 [15 16 17 18 19 20 21 22 23 24 25 26 27 28 29]] [2 [30 31 32 33 34 35 36 37 38 39 40 41 42 43 44]] [3 [45 46 47 48 49 50 51 52 53 54 55 56 57 58 59]] [4 [60 61 62 63 64 65 66 67 68 69 70 71 72 73 74]] [5 [75 76 77 78 79 80 81 82 83 84 85 86 87 88 89]] [6 [90 91 92 93 94 95 96 97 98 99 100 101 102 103 104]] [7 [105 106 107 108 109 110 111 112 113 114 115 116 117 118 119]] [8 [120 121 122 123 124 125 126 127 128 129 130 131 132 133 134]] [9 [135 136 137 138 139 140 141 142 143 144 145 146 147 148 149]] [10 [150 151 152 153 154 155 156 157 158 159 160 161 162 163 164]] [11 [165 166 167 168 169 170 171 172 173 174 175 176 177 178 179]] [12 [180 181 182 183 184 185 186 187 188 189 190 191 192 193 194]] [13 [195 196 197 198 199 200 201 202 203 204 205 206 207 208 209]] [14 [210 211 212 213 214 215 216 217 218 219 220 221 222 223 224]] [15 [225 226 227 228 229 230 231 232 233 234 235 236 237 238 239]] [16 [240 241 242 243 244 245 246 247 248 249 250 251 252 253 254]] [17 [255 256 257 258 259 260 261 262 263 264 265 266 267 268 269]] [18 [270 271 272 273 274 275 276 277 278 279 280 281 282 283 284]] [19 [285 286 287 288 289 290 291 292 293 294 295 296 297 298 299]] [20 [300 301 302 303 304 305 306 307 308 309 310 311 312 313 314]] [21 [315 316 317 318 319 320 321 322 323 324 325 326 327 328 329]] [22 [330 331 332 333 334 335 336 337 338 339 340 341 342 343 344]] [23 [345 346 347 348 349 350 351 352 353 354 355 356 357 358 359]] [24 [360 361 362 363 364 365 366 367 368 369 370 371 372 373 374]] [25 [375 376 377 378 379 380 381 382 383 384 385 386 387 388 389]] [26 [390 391 392 393 394 395 396 397 398 399 400 401 402 403 404]] [27 [405 406 407 408 409 410 411 412 413 414 415 416 417 418 419]] [28 [420 421 422 423 424 425 426 427 428 429 430 431 432 433 434]] [29 [435 436 437 438 439 440 441 442 443 444 445 446 447 448 449]] [30 [450 451 452 453 454 455 456 457 458 459 460 461 462 463 464]] [31 [465 466 467 468 469 470 471 472 473 474 475 476 477 478 479]] [32 [480 481 482 483 484 485 486 487 488 489 490 491 492 493 494]] [33 [495 496 497 498 499 500 501 502 503 504 505 506 507 508 509]] [34 [510 511 512 513 514 515 516 517 518 519 520 521 522 523 524]] [35 [525 526 527 528 529 530 531 532 533 534 535 536 537 538 539]] [36 [540 541 542 543 544 545 546 547 548 549 550 551 552 553 554]] [37 [555 556 557 558 559 560 561 562 563 564 565 566 567 568 569]] [38 [570 571 572 573 574 575 576 577 578 579 580 581 582 583 584]] [39 [585 586 587 588 589 590 591 592 593 594 595 596 597 598 599]] [40 [600 601 602 603 604 605 606 607 608 609 610 611 612 613 614]] [41 [615 616 617 618 619 620 621 622 623 624 625 626 627 628 629]] [42 [630 631 632 633 634 635 636 637 638 639 640 641 642 643 644]] [43 [645 646 647 648 649 650 651 652 653 654 655 656 657 658 659]] [44 [660 661 662 663 664 665 666 667 668 669 670 671 672 673 674]] [45 [675 676 677 678 679 680 681 682 683 684 685 686 687 688 689]] [46 [690 691 692 693 694 695 696 697 698 699 700 701 702 703 704]] [47 [705 706 707 708 709 710 711 712 713 714 715 716 717 718 719]] [48 [720 721 722 723 724 725 726 727 728 729 730 731 732 733 734]] [49 [735 736 737 738 739 740 741 742 743 744 745 746 747 748 749]] [50 [750 751 752 753 754 755 756 757 758 759 760 761 762 763 764]] [51 [765 766 767 768 769 770 771 772 773 774 775 776 777 778 779]] [52 [780 781 782 783 784 785 786 787 788 789 790 791 792 793 794]] [53 [795 796 797 798 799 800 801 802 803 804 805 806 807 808 809]] [54 [810 811 812 813 814 815 816 817 818 819 820 821 822 823 824]] [55 [825 826 827 828 829 830 831 832 833 834 835 836 837 838 839]] [56 [840 841 842 843 844 845 846 847 848 849 850 851 852 853 854]] [57 [855 856 857 858 859 860 861 862 863 864 865 866 867 868 869]] [58 [870 871 872 873 874 875 876 877 878 879 880 881 882 883 884]] [59 [885 886 887 888 889 890 891 892 893 894 895 896 897 898 899]] [60 [900 901 902 903 904 905 906 907 908 909 910 911 912 913 914]] [61 [915 916 917 918 919 920 921 922 923 924 925 926 927 928 929]] [62 [930 931 932 933 934 935 936 937 938 939 940 941 942 943 944]] [63 [945 946 947 948 949 950 951 952 953 954 955 956 957 958 959]] [64 [960 961 962 963 964 965 966 967 968 969 970 971 972 973 974]] [65 [975 976 977 978 979 980 981 982 983 984 985 986 987 988 989]] [66 [990 991 992 993 994 995 996 997 998 999 1000 1001 1002 1003 1004]] [67 [1005 1006 1007 1008 1009 1010 1011 1012 1013 1014 1015 1016 1017 1018 1019]] [68 [1020 1021 1022 1023 1024 1025 1026 1027 1028 1029 1030 1031 1032 1033 1034]] [69 [1035 1036 1037 1038 1039 1040 1041 1042 1043 1044 1045 1046 1047 1048 1049]] [70 [1050 1051 1052 1053 1054 1055 1056 1057 1058 1059 1060 1061 1062 1063 1064]] [71 [1065 1066 1067 1068 1069 1070 1071 1072 1073 1074 1075 1076 1077 1078 1079]] [72 [1080 1081 1082 1083 1084 1085 1086 1087 1088 1089 1090 1091 1092 1093 1094]] [73 [1095 1096 1097 1098 1099 1100 1101 1102 1103 1104 1105 1106 1107 1108 1109]] [74 [1110 1111 1112 1113 1114 1115 1116 1117 1118 1119 1120 1121 1122 1123 1124]] [75 [1125 1126 1127 1128 1129 1130 1131 1132 1133 1134 1135 1136 1137 1138 1139]] [76 [1140 1141 1142 1143 1144 1145 1146 1147 1148 1149 1150 1151 1152 1153 1154]] [77 [1155 1156 1157 1158 1159 1160 1161 1162 1163 1164 1165 1166 1167 1168 1169]] [78 [1170 1171 1172 1173 1174 1175 1176 1177 1178 1179 1180 1181 1182 1183 1184]] [79 [1185 1186 1187 1188 1189 1190 1191 1192 1193 1194 1195 1196 1197 1198 1199]] [80 [1200 1201 1202 1203 1204 1205 1206 1207 1208 1209 1210 1211 1212 1213 1214]] [81 [1215 1216 1217 1218 1219 1220 1221 1222 1223 1224 1225 1226 1227 1228 1229]] [82 [1230 1231 1232 1233 1234 1235 1236 1237 1238 1239 1240 1241 1242 1243 1244]] [83 [1245 1246 1247 1248 1249 1250 1251 1252 1253 1254 1255 1256 1257 1258 1259]] [84 [1260 1261 1262 1263 1264 1265 1266 1267 1268 1269 1270 1271 1272 1273 1274]] [85 [1275 1276 1277 1278 1279 1280 1281 1282 1283 1284 1285 1286 1287 1288 1289]] [86 [1290 1291 1292 1293 1294 1295 1296 1297 1298 1299 1300 1301 1302 1303 1304]] [87 [1305 1306 1307 1308 1309 1310 1311 1312 1313 1314 1315 1316 1317 1318 1319]] [88 [1320 1321 1322 1323 1324 1325 1326 1327 1328 1329 1330 1331 1332 1333 1334]] [89 [1335 1336 1337 1338 1339 1340 1341 1342 1343 1344 1345 1346 1347 1348 1349]] [90 [1350 1351 1352 1353 1354 1355 1356 1357 1358 1359 1360 1361 1362 1363 1364]] [91 [1365 1366 1367 1368 1369 1370 1371 1372 1373 1374 1375 1376 1377 1378 1379]] [92 [1380 1381 1382 1383 1384 1385 1386 1387 1388 1389 1390 1391 1392 1393 1394]] [93 [1395 1396 1397 1398 1399 1400 1401 1402 1403 1404 1405 1406 1407 1408 1409]] [94 [1410 1411 1412 1413 1414 1415 1416 1417 1418 1419 1420 1421 1422 1423 1424]] [95 [1425 1426 1427 1428 1429 1430 1431 1432 1433 1434 1435 1436 1437 1438 1439]] [96 [1440 1441 1442 1443 1444 1445 1446 1447 1448 1449 1450 1451 1452 1453 1454]] [97 [1455 1456 1457 1458 1459 1460 1461 1462 1463 1464 1465 1466 1467 1468 1469]] [98 [1470 1471 1472 1473 1474 1475 1476 1477 1478 1479 1480 1481 1482 1483 1484]] [99 [1485 1486 1487 1488 1489 1490 1491 1492 1493 1494 1495 1496 1497 1498 1499]]]","[[0 [3 4 5 6 7 8 9 10 11 12 13 14]] [1 [15 16 17 18 19 20 21 22 23 24 25 26 27 28 29]] [2 [30 31 32 33 34 35 36 37 38 39 40 41 42 43 44]] [3 [45 46 47 48 49 50 51 52 53 54 55 56 57 58 59]] [4 [60 61 62 63 64 65 66 67 68 69 70 71 72 73 74]] [5 [75 76 77 78 79 80 81 82 83 84 85 86 87 88 89]] [6 [90 91 92 93 94 95 96 97 98 99 100 101 102 103 104]] [7 [105 106 107 108 109 110 111 112 113 114 115 116 117 118 119]] [8 [120 121 122 123 124 125 126 127 128 129 130 131 132 133 134]] [9 [135 136 137 138 139 140 141 142 143 144 145 146 147 148 149]] [10 [150 151 152 153 154 155 156 157 158 159 160 161 162 163 164]] [11 [165 166 167 168 169 170 171 172 173 174 175 176 177 178 179]] [12 [180 181 182 183 184 185 186 187 188 189 190 191 192 193 194]] [13 [195 196 197 198 199 200 201 202 203 204 205 206 207 208 209]] [14 [210 211 212 213 214 215 216 217 218 219 220 221 222 223 224]] [15 [225 226 227 228 229 230 231 232 233 234 235 236 237 238 239]] [16 [240 241 242 243 244 245 246 247 248 249 250 251 252 253 254]] [17 [255 256 257 258 259 260 261 262 263 264 265 266 267 268 269]] [18 [270 271 272 273 274 275 276 277 278 279 280 281 282 283 284]] [19 [285 286 287 288 289 290 291 292 293 294 295 296 297 298 299]] [20 [300 301 302 303 304 305 306 307 308 309 310 311 312 313 314]] [21 [315 316 317 318 319 320 321 322 323 324 325 326 327 328 329]] [22 [330 331 332 333 334 335 336 337 338 339 340 341 342 343 344]] [23 [345 346 347 348 349 350 351 352 353 354 355 356 357 358 359]] [24 [360 361 362 363 364 365 366 367 368 369 370 371 372 373 374]] [25 [375 376 377 378 379 380 381 382 383 384 385 386 387 388 389]] [26 [390 391 392 393 394 395 396 397 398 399 400 401 402 403 404]] [27 [405 406 407 408 409 410 411 412 413 414 415 416 417 418 419]] [28 [420 421 422 423 424 425 426 427 428 429 430 431 432 433 434]] [29 [435 436 437 438 439 440 441 442 443 444 445 446 447 448 449]] [30 [450 451 452 453 454 455 456 457 458 459 460 461 462 463 464]] [31 [465 466 467 468 469 470 471 472 473 474 475 476 477 478 479]] [32 [480 481 482 483 484 485 486 487 488 489 490 491 492 493 494]] [33 [495 496 497 498 499 500 501 502 503 504 505 506 507 508 509]] [34 [510 511 512 513 514 515 516 517 518 519 520 521 522 523 524]] [35 [525 526 527 528 529 530 531 532 533 534 535 536 537 538 539]] [36 [540 541 542 543 544 545 546 547 548 549 550 551 552 553 554]] [37 [555 556 557 558 559 560 561 562 563 564 565 566 567 568 569]] [38 [570 571 572 573 574 575 576 577 578 579 580 581 582 583 584]] [39 [585 586 587 588 589 590 591 592 593 594 595 596 597 598 599]] [40 [600 601 602 603 604 605 606 607 608 609 610 611 612 613 614]] [41 [615 616 617 618 619 620 621 622 623 624 625 626 627 628 629]] [42 [630 631 632 633 634 635 636 637 638 639 640 641 642 643 644]] [43 [645 646 647 648 649 650 651 652 653 654 655 656 657 658 659]] [44 [660 661 662 663 664 665 666 667 668 669 670 671 672 673 674]] [45 [675 676 677 678 679 680 681 682 683 684 685 686 687 688 689]] [46 [690 691 692 693 694 695 696 697 698 699 700 701 702 703 704]] [47 [705 706 707 708 709 710 711 712 713 714 715 716 717 718 719]] [48 [720 721 722 723 724 725 726 727 728 729 730 731 732 733 734]] [49 [735 736 737 738 739 740 741 742 743 744 745 746 747 748 749]] [50 [750 751 752 753 754 755 756 757 758 759 760 761 762 763 764]] [51 [765 766 767 768 769 770 771 772 773 774 775 776 777 778 779]] [52 [780 781 782 783 784 785 786 787 788 789 790 791 792 793 794]] [53 [795 796 797 798 799 800 801 802 803 804 805 806 807 808 809]] [54 [810 811 812 813 814 815 816 817 818 819 820 821 822 823 824]] [55 [825 826 827 828 829 830 831 832 833 834 835 836 837 838 839]] [56 [840 841 842 843 844 845 846 847 848 849 850 851 852 853 854]] [57 [855 856 857 858 859 860 861 862 863 864 865 866 867 868 869]] [58 [870 871 872 873 874 875 876 877 878 879 880 881 882 883 884]] [59 [885 886 887 888 889 890 891 892 893 894 895 896 897 898 899]] [60 [900 901 902 903 904 905 906 907 908 909 910 911 912 913 914]] [61 [915 916 917 918 919 920 921 922 923 924 925 926 927 928 929]] [62 [930 931 932 933 934 935 936 937 938 939 940 941 942 943 944]] [63 [945 946 947 948 949 950 951 952 953 954 955 956 957 958 959]] [64 [960 961 962 963 964 965 966 967 968 969 970 971 972 973 974]] [65 [975 976 977 978 979 980 981 982 983 984 985 986 987 988 989]] [66 [990 991 992 993 994 995 996 997 998 999 1000 1001 1002 1003 1004]] [67 [1005 1006 1007 1008 1009 1010 1011 1012 1013 1014 1015 1016 1017 1018 1019]] [68 [1020 1021 1022 1023 1024 1025 1026 1027 1028 1029 1030 1031 1032 1033 1034]] [69 [1035 1036 1037 1038 1039 1040 1041 1042 1043 1044 1045 1046 1047 1048 1049]] [70 [1050 1051 1052 1053 1054 1055 1056 1057 1058 1059 1060 1061 1062 1063 1064]] [71 [1065 1066 1067 1068 1069 1070 1071 1072 1073 1074 1075 1076 1077 1078 1079]] [72 [1080 1081 1082 1083 1084 1085 1086 1087 1088 1089 1090 1091 1092 1093 1094]] [73 [1095 1096 1097 1098 1099 1100 1101 1102 1103 1104 1105 1106 1107 1108 1109]] [74 [1110 1111 1112 1113 1114 1115 1116 1117 1118 1119 1120 1121 1122 1123 1124]] [75 [1125 1126 1127 1128 1129 1130 1131 1132 1133 1134 1135 1136 1137 1138 1139]] [76 [1140 1141 1142 1143 1144 1145 1146 1147 1148 1149 1150 1151 1152 1153 1154]] [77 [1155 1156 1157 1158 1159 1160 1161 1162 1163 1164 1165 1166 1167 1168 1169]] [78 [1170 1171 1172 1173 1174 1175 1176 1177 1178 1179 1180 1181 1182 1183 1184]] [79 [1185 1186 1187 1188 1189 1190 1191 1192 1193 1194 1195 1196 1197 1198 1199]] [80 [1200 1201 1202 1203 1204 1205 1206 1207 1208 1209 1210 1211 1212 1213 1214]] [81 [1215 1216 1217 1218 1219 1220 1221 1222 1223 1224 1225 1226 1227 1228 1229]] [82 [1230 1231 1232 1233 1234 1235 1236 1237 1238 1239 1240 1241 1242 1243 1244]] [83 [1245 1246 1247 1248 1249 1250 1251 1252 1253 1254 1255 1256 1257 1258 1259]] [84 [1260 1261 1262 1263 1264 1265 1266 1267 1268 1269 1270 1271 1272 1273 1274]] [85 [1275 1276 1277 1278 1279 1280 1281 1282 1283 1284 1285 1286 1287 1288 1289]] [86 [1290 1291 1292 1293 1294 1295 1296 1297 1298 1299 1300 1301 1302 1303 1304]] [87 [1305 1306 1307 1308 1309 1310 1311 1312 1313 1314 1315 1316 1317 1318 1319]] [88 [1320 1321 1322 1323 1324 1325 1326 1327 1328 1329 1330 1331 1332 1333 1334]] [89 [1335 1336 1337 1338 1339 1340 1341 1342 1343 1344 1345 1346 1347 1348 1349]] [90 [1350 1351 1352 1353 1354 1355 1356 1357 1358 1359 1360 1361 1362 1363 1364]] [91 [1365 1366 1367 1368 1369 1370 1371 1372 1373 1374 1375 1376 1377 1378 1379]] [92 [1380 1381 1382 1383 1384 1385 1386 1387 1388 1389 1390 1391 1392 1393 1394]] [93 [1395 1396 1397 1398 1399 1400 1401 1402 1403 1404 1405 1406 1407 1408 1409]] [94 [1410 1411 1412 1413 1414 1415 1416 1417 1418 1419 1420 1421 1422 1423 1424]] [95 [1425 1426 1427 1428 1429 1430 1431 1432 1433 1434 1435 1436 1437 1438 1439]] [96 [1440 1441 1442 1443 1444 1445 1446 1447 1448 1449 1450 1451 1452 1453 1454]] [97 [1455 1456 1457 1458 1459 1460 1461 1462 1463 1464 1465 1466 1467 1468 1469]] [98 [1470 1471 1472 1473 1474 1475 1476 1477 1478 1479 1480 1481 1482 1483 1484]] [99 [1485 1486 1487 1488 1489 1490 1491 1492 1493 1494 1495 1496 1497 1498 1499]]]",,"[[{citizen 11} [[""A"" [4 4 4 4 4 4 4 4 4 4]]]] [{citizen 14} [[""A"" [4 4 4 4 4 4 4 4 4 4]]]] [{media 52} [[""A"" [4 4 4 4 4 4 4 4 4 4]]]] [{media 53} [[""A"" [4 4 4 4 4 4 4 4 4 4]]]] [{media 54} [[""A"" [4 4 4 4 4 4 4 4 4 4]]]] [{media 55} [[""A"" [4 4 4 4 4 4 4 4 4 4]]]] [{media 56} [[""A"" [4 4 4 4 4 4 4 4 4 4]]]] [{media 58} [[""A"" [4 4 4 4 4 4 4 4 4 4]]]] [{media 59} [[""A"" [4 4 4 4 4 4 4 4 4 4]]]] [{media 60} [[""A"" [4 4 4 4 4 4 4 4 4 4]]]] [{media 61} [[""A"" [4 4 4 4 4 4 4 4 4 4]]]] [{media 63} [[""A"" [4 4 4 4 4 4 4 4 4 4]]]] [{media 64} [[""A"" [4 4 4 4 4 4 4 4 4 4]]]] [{citizen 2} [[""A"" [4 4 4 4 4 4 4 4 4 4]]]] [{citizen 6} [[""A"" [4 4 4 4 4 4 4 4 4 4]]]] [{media 51} [[""A"" [4 4 4 4 4 4 4 4 4 4]]]] [{citizen 1} [[""A"" [4 4 4 4 4 4 4 4 4 4]]]] [{citizen 5} [[""A"" [4 4 4 4 4 4 4 4 4 4]]]] [{media 57} [[""A"" [4 4 4 4 4 4 4 4 4 4]]]] [{citizen 0} [[""A"" [4 4 4 4 4 4 4 4 4 4]]]] [{citizen 49} [[""A"" [4 4 4 4 4 4 4 4 4 4]]]] [{citizen 17} [[""A"" [4 4 4 4 4 4 4 4 4 4]]]] [{citizen 8} [[""A"" [4 4 4 4 4 4 4 4 4 4]]]] [{citizen 46} [[""A"" [4 4 4 4 4 4 4 4 4 4]]]] [{citizen 27} [[""A"" [4 4 4 4 4 4 4 4 4 4]]]] [{citizen 45} [[""A"" [4 4 4 4 4 4 4 4 4 4]]]] [{citizen 7} [[""A"" [4 4 4 4 4 4 4 4 4 4]]]] [{citizen 40} [[""A"" [4 4 4 4 4 4 4 4 4 4]]]] [{citizen 16} [[""A"" [4 4 4 4 4 4 4 4 4 4]]]] [{citizen 35} [[""A"" [4 4 4 4 4 4 4 4 4 4]]]] [{citizen 23} [[""A"" [4 4 4 4 4 4 4 4 4 4]]]] [{citizen 24} [[""A"" [4 4 4 4 4 4 4 4 4 4]]]] [{citizen 44} [[""A"" [4 4 4 4 4 4 4 4 4 4]]]] [{citizen 32} [[""A"" [4 4 4 4 4 4 4 4 4 4]]]] [{citizen 39} [[""A"" [4 4 4 4 4 4 4 4 4 4]]]] [{citizen 20} [[""A"" [4 4 4 4 4 4 4 4 4 4]]]] [{citizen 31} [[""A"" [4 4 4 4 4 4 4 4 4 4]]]] [{citizen 36} [[""A"" [4 4 4 4 4 4 4 4 4 4]]]] [{citizen 4} [[""A"" [4 4 4 4 4 4 4 4 4 4]]]] [{citizen 28} [[""A"" [4 4 4 4 4 4 4 4 4 4]]]] [{citizen 21} [[""A"" [4 4 4 4 4 4 4 4 4 4]]]] [{citizen 19} [[""A"" [4 4 4 4 4 4 4 4 4 4]]]] [{citizen 42} [[""A"" [4 4 4 4 4 4 4 4 4 4]]]] [{citizen 30} [[""A"" [4 4 4 4 4 4 4 4 4 4]]]] [{citizen 22} [[""A"" [4 4 4 4 4 4 4 4 4 4]]]] [{citizen 12} [[""A"" [4 4 4 4 4 4 4 4 4 4]]]] [{citizen 13} [[""A"" [4 4 4 4 4 4 4 4 4 4]]]] [{media 62} [[""A"" [4 4 4 4 4 4 4 4 4 4]]]] [{citizen 10} [[""A"" [4 4 4 4 4 4 4 4 4 4]]]] [{citizen 48} [[""A"" [4 4 4 4 4 4 4 4 4 4]]]] [{citizen 26} [[""A"" [4 4 4 4 4 4 4 4 4 4]]]] [{citizen 29} [[""A"" [4 4 4 4 4 4 4 4 4 4]]]] [{citizen 43} [[""A"" [4 4 4 4 4 4 4 4 4 4]]]] [{citizen 38} [[""A"" [4 4 4 4 4 4 4 4 4 4]]]] [{citizen 41} [[""A"" [4 4 4 4 4 4 4 4 4 4]]]] [{citizen 34} [[""A"" [4 4 4 4 4 4 4 4 4 4]]]] [{citizen 47} [[""A"" [4 4 4 4 4 4 4 4 4 4]]]] [{citizen 15} [[""A"" [4 4 4 4 4 4 4 4 4 4]]]] [{media 50} [[""A"" [4 4 4 4 4 4 4 4 4 4]]]] [{citizen 3} [[""A"" [4 4 4 4 4 4 4 4 4 4]]]] [{citizen 37} [[""A"" [4 4 4 4 4 4 4 4 4 4]]]]]"
"10","[85 0 170]","153.19148936170217","2.0244758593328105","-3.696073349310235","""circle""","""""","9.9","{breed citizens}","false","0.5","1","""up""",,"[[""ID"" 20] [""alpha"" 1] [""beta"" 1] [""malleable"" [""A""]] [""prior"" []] [""cont_tokens"" []] [""A"" 4]]","[[0 [2 3 4 5 6 7 8 9 10 11 12 13 14]] [1 [15 16 17 18 19 20 21 22 23 24 25 26 27 28 29]] [2 [30 31 32 33 34 35 36 37 38 39 40 41 42 43 44]] [3 [45 46 47 48 49 50 51 52 53 54 55 56 57 58 59]] [4 [60 61 62 63 64 65 66 67 68 69 70 71 72 73 74]] [5 [75 76 77 78 79 80 81 82 83 84 85 86 87 88 89]] [6 [90 91 92 93 94 95 96 97 98 99 100 101 102 103 104]] [7 [105 106 107 108 109 110 111 112 113 114 115 116 117 118 119]] [8 [120 121 122 123 124 125 126 127 128 129 130 131 132 133 134]] [9 [135 136 137 138 139 140 141 142 143 144 145 146 147 148 149]] [10 [150 151 152 153 154 155 156 157 158 159 160 161 162 163 164]] [11 [165 166 167 168 169 170 171 172 173 174 175 176 177 178 179]] [12 [180 181 182 183 184 185 186 187 188 189 190 191 192 193 194]] [13 [195 196 197 198 199 200 201 202 203 204 205 206 207 208 209]] [14 [210 211 212 213 214 215 216 217 218 219 220 221 222 223 224]] [15 [225 226 227 228 229 230 231 232 233 234 235 236 237 238 239]] [16 [240 241 242 243 244 245 246 247 248 249 250 251 252 253 254]] [17 [255 256 257 258 259 260 261 262 263 264 265 266 267 268 269]] [18 [270 271 272 273 274 275 276 277 278 279 280 281 282 283 284]] [19 [285 286 287 288 289 290 291 292 293 294 295 296 297 298 299]] [20 [300 301 302 303 304 305 306 307 308 309 310 311 312 313 314]] [21 [315 316 317 318 319 320 321 322 323 324 325 326 327 328 329]] [22 [330 331 332 333 334 335 336 337 338 339 340 341 342 343 344]] [23 [345 346 347 348 349 350 351 352 353 354 355 356 357 358 359]] [24 [360 361 362 363 364 365 366 367 368 369 370 371 372 373 374]] [25 [375 376 377 378 379 380 381 382 383 384 385 386 387 388 389]] [26 [390 391 392 393 394 395 396 397 398 399 400 401 402 403 404]] [27 [405 406 407 408 409 410 411 412 413 414 415 416 417 418 419]] [28 [420 421 422 423 424 425 426 427 428 429 430 431 432 433 434]] [29 [435 436 437 438 439 440 441 442 443 444 445 446 447 448 449]] [30 [450 451 452 453 454 455 456 457 458 459 460 461 462 463 464]] [31 [465 466 467 468 469 470 471 472 473 474 475 476 477 478 479]] [32 [480 481 482 483 484 485 486 487 488 489 490 491 492 493 494]] [33 [495 496 497 498 499 500 501 502 503 504 505 506 507 508 509]] [34 [510 511 512 513 514 515 516 517 518 519 520 521 522 523 524]] [35 [525 526 527 528 529 530 531 532 533 534 535 536 537 538 539]] [36 [540 541 542 543 544 545 546 547 548 549 550 551 552 553 554]] [37 [555 556 557 558 559 560 561 562 563 564 565 566 567 568 569]] [38 [570 571 572 573 574 575 576 577 578 579 580 581 582 583 584]] [39 [585 586 587 588 589 590 591 592 593 594 595 596 597 598 599]] [40 [600 601 602 603 604 605 606 607 608 609 610 611 612 613 614]] [41 [615 616 617 618 619 620 621 622 623 624 625 626 627 628 629]] [42 [630 631 632 633 634 635 636 637 638 639 640 641 642 643 644]] [43 [645 646 647 648 649 650 651 652 653 654 655 656 657 658 659]] [44 [660 661 662 663 664 665 666 667 668 669 670 671 672 673 674]] [45 [675 676 677 678 679 680 681 682 683 684 685 686 687 688 689]] [46 [690 691 692 693 694 695 696 697 698 699 700 701 702 703 704]] [47 [705 706 707 708 709 710 711 712 713 714 715 716 717 718 719]] [48 [720 721 722 723 724 725 726 727 728 729 730 731 732 733 734]] [49 [735 736 737 738 739 740 741 742 743 744 745 746 747 748 749]] [50 [750 751 752 753 754 755 756 757 758 759 760 761 762 763 764]] [51 [765 766 767 768 769 770 771 772 773 774 775 776 777 778 779]] [52 [780 781 782 783 784 785 786 787 788 789 790 791 792 793 794]] [53 [795 796 797 798 799 800 801 802 803 804 805 806 807 808 809]] [54 [810 811 812 813 814 815 816 817 818 819 820 821 822 823 824]] [55 [825 826 827 828 829 830 831 832 833 834 835 836 837 838 839]] [56 [840 841 842 843 844 845 846 847 848 849 850 851 852 853 854]] [57 [855 856 857 858 859 860 861 862 863 864 865 866 867 868 869]] [58 [870 871 872 873 874 875 876 877 878 879 880 881 882 883 884]] [59 [885 886 887 888 889 890 891 892 893 894 895 896 897 898 899]] [60 [900 901 902 903 904 905 906 907 908 909 910 911 912 913 914]] [61 [915 916 917 918 919 920 921 922 923 924 925 926 927 928 929]] [62 [930 931 932 933 934 935 936 937 938 939 940 941 942 943 944]] [63 [945 946 947 948 949 950 951 952 953 954 955 956 957 958 959]] [64 [960 961 962 963 964 965 966 967 968 969 970 971 972 973 974]] [65 [975 976 977 978 979 980 981 982 983 984 985 986 987 988 989]] [66 [990 991 992 993 994 995 996 997 998 999 1000 1001 1002 1003 1004]] [67 [1005 1006 1007 1008 1009 1010 1011 1012 1013 1014 1015 1016 1017 1018 1019]] [68 [1020 1021 1022 1023 1024 1025 1026 1027 1028 1029 1030 1031 1032 1033 1034]] [69 [1035 1036 1037 1038 1039 1040 1041 1042 1043 1044 1045 1046 1047 1048 1049]] [70 [1050 1051 1052 1053 1054 1055 1056 1057 1058 1059 1060 1061 1062 1063 1064]] [71 [1065 1066 1067 1068 1069 1070 1071 1072 1073 1074 1075 1076 1077 1078 1079]] [72 [1080 1081 1082 1083 1084 1085 1086 1087 1088 1089 1090 1091 1092 1093 1094]] [73 [1095 1096 1097 1098 1099 1100 1101 1102 1103 1104 1105 1106 1107 1108 1109]] [74 [1110 1111 1112 1113 1114 1115 1116 1117 1118 1119 1120 1121 1122 1123 1124]] [75 [1125 1126 1127 1128 1129 1130 1131 1132 1133 1134 1135 1136 1137 1138 1139]] [76 [1140 1141 1142 1143 1144 1145 1146 1147 1148 1149 1150 1151 1152 1153 1154]] [77 [1155 1156 1157 1158 1159 1160 1161 1162 1163 1164 1165 1166 1167 1168 1169]] [78 [1170 1171 1172 1173 1174 1175 1176 1177 1178 1179 1180 1181 1182 1183 1184]] [79 [1185 1186 1187 1188 1189 1190 1191 1192 1193 1194 1195 1196 1197 1198 1199]] [80 [1200 1201 1202 1203 1204 1205 1206 1207 1208 1209 1210 1211 1212 1213 1214]] [81 [1215 1216 1217 1218 1219 1220 1221 1222 1223 1224 1225 1226 1227 1228 1229]] [82 [1230 1231 1232 1233 1234 1235 1236 1237 1238 1239 1240 1241 1242 1243 1244]] [83 [1245 1246 1247 1248 1249 1250 1251 1252 1253 1254 1255 1256 1257 1258 1259]] [84 [1260 1261 1262 1263 1264 1265 1266 1267 1268 1269 1270 1271 1272 1273 1274]] [85 [1275 1276 1277 1278 1279 1280 1281 1282 1283 1284 1285 1286 1287 1288 1289]] [86 [1290 1291 1292 1293 1294 1295 1296 1297 1298 1299 1300 1301 1302 1303 1304]] [87 [1305 1306 1307 1308 1309 1310 1311 1312 1313 1314 1315 1316 1317 1318 1319]] [88 [1320 1321 1322 1323 1324 1325 1326 1327 1328 1329 1330 1331 1332 1333 1334]] [89 [1335 1336 1337 1338 1339 1340 1341 1342 1343 1344 1345 1346 1347 1348 1349]] [90 [1350 1351 1352 1353 1354 1355 1356 1357 1358 1359 1360 1361 1362 1363 1364]] [91 [1365 1366 1367 1368 1369 1370 1371 1372 1373 1374 1375 1376 1377 1378 1379]] [92 [1380 1381 1382 1383 1384 1385 1386 1387 1388 1389 1390 1391 1392 1393 1394]] [93 [1395 1396 1397 1398 1399 1400 1401 1402 1403 1404 1405 1406 1407 1408 1409]] [94 [1410 1411 1412 1413 1414 1415 1416 1417 1418 1419 1420 1421 1422 1423 1424]] [95 [1425 1426 1427 1428 1429 1430 1431 1432 1433 1434 1435 1436 1437 1438 1439]] [96 [1440 1441 1442 1443 1444 1445 1446 1447 1448 1449 1450 1451 1452 1453 1454]] [97 [1455 1456 1457 1458 1459 1460 1461 1462 1463 1464 1465 1466 1467 1468 1469]] [98 [1470 1471 1472 1473 1474 1475 1476 1477 1478 1479 1480 1481 1482 1483 1484]] [99 [1485 1486 1487 1488 1489 1490 1491 1492 1493 1494 1495 1496 1497 1498 1499]]]","[[0 [2 3 4 5 6 7 8 9 10 11 12 13 14]] [1 [15 16 17 18 19 20 21 22 23 24 25 26 27 28 29]] [2 [30 31 32 33 34 35 36 37 38 39 40 41 42 43 44]] [3 [45 46 47 48 49 50 51 52 53 54 55 56 57 58 59]] [4 [60 61 62 63 64 65 66 67 68 69 70 71 72 73 74]] [5 [75 76 77 78 79 80 81 82 83 84 85 86 87 88 89]] [6 [90 91 92 93 94 95 96 97 98 99 100 101 102 103 104]] [7 [105 106 107 108 109 110 111 112 113 114 115 116 117 118 119]] [8 [120 121 122 123 124 125 126 127 128 129 130 131 132 133 134]] [9 [135 136 137 138 139 140 141 142 143 144 145 146 147 148 149]] [10 [150 151 152 153 154 155 156 157 158 159 160 161 162 163 164]] [11 [165 166 167 168 169 170 171 172 173 174 175 176 177 178 179]] [12 [180 181 182 183 184 185 186 187 188 189 190 191 192 193 194]] [13 [195 196 197 198 199 200 201 202 203 204 205 206 207 208 209]] [14 [210 211 212 213 214 215 216 217 218 219 220 221 222 223 224]] [15 [225 226 227 228 229 230 231 232 233 234 235 236 237 238 239]] [16 [240 241 242 243 244 245 246 247 248 249 250 251 252 253 254]] [17 [255 256 257 258 259 260 261 262 263 264 265 266 267 268 269]] [18 [270 271 272 273 274 275 276 277 278 279 280 281 282 283 284]] [19 [285 286 287 288 289 290 291 292 293 294 295 296 297 298 299]] [20 [300 301 302 303 304 305 306 307 308 309 310 311 312 313 314]] [21 [315 316 317 318 319 320 321 322 323 324 325 326 327 328 329]] [22 [330 331 332 333 334 335 336 337 338 339 340 341 342 343 344]] [23 [345 346 347 348 349 350 351 352 353 354 355 356 357 358 359]] [24 [360 361 362 363 364 365 366 367 368 369 370 371 372 373 374]] [25 [375 376 377 378 379 380 381 382 383 384 385 386 387 388 389]] [26 [390 391 392 393 394 395 396 397 398 399 400 401 402 403 404]] [27 [405 406 407 408 409 410 411 412 413 414 415 416 417 418 419]] [28 [420 421 422 423 424 425 426 427 428 429 430 431 432 433 434]] [29 [435 436 437 438 439 440 441 442 443 444 445 446 447 448 449]] [30 [450 451 452 453 454 455 456 457 458 459 460 461 462 463 464]] [31 [465 466 467 468 469 470 471 472 473 474 475 476 477 478 479]] [32 [480 481 482 483 484 485 486 487 488 489 490 491 493 494]] [33 [495 496 497 498 499 500 501 502 503 504 505 506 507 508 509]] [34 [510 511 512 513 514 515 516 517 518 519 520 521 522 523 524]] [35 [525 526 527 528 529 530 531 532 533 534 535 536 537 538 539]] [36 [540 541 542 543 544 545 546 547 548 549 550 551 552 553 554]] [37 [555 556 557 558 559 560 561 562 563 564 565 566 567 568 569]] [38 [570 571 572 573 574 575 576 577 578 579 580 581 582 583 584]] [39 [585 586 587 588 589 590 591 592 593 594 595 596 597 598 599]] [40 [600 601 602 603 604 605 606 607 608 609 610 611 612 613 614]] [41 [615 616 617 618 619 620 621 622 623 624 625 626 627 628 629]] [42 [630 631 632 633 634 635 636 637 638 639 640 641 642 643 644]] [43 [645 646 647 648 649 650 651 652 653 654 655 656 657 658 659]] [44 [660 661 662 663 664 665 666 667 668 669 670 671 672 673 674]] [45 [675 676 677 678 679 680 681 682 683 684 685 686 687 688 689]] [46 [690 691 692 693 694 695 696 697 698 699 700 701 702 703 704]] [47 [705 706 707 708 709 710 711 712 713 714 715 716 717 718 719]] [48 [720 721 722 723 724 725 726 727 728 729 730 731 732 733 734]] [49 [735 736 737 738 739 740 741 742 743 744 745 746 747 748 749]] [50 [750 751 752 753 754 755 756 757 758 759 760 761 762 763 764]] [51 [765 766 767 768 769 770 771 772 773 774 775 776 777 778 779]] [52 [780 781 782 783 784 785 786 787 788 789 790 791 792 793 794]] [53 [795 796 797 798 799 800 801 802 803 804 805 806 807 808 809]] [54 [810 811 812 813 814 815 816 817 818 819 820 821 822 823 824]] [55 [825 826 827 828 829 830 831 832 833 834 835 836 837 838 839]] [56 [840 841 842 843 844 845 846 847 848 849 850 851 852 853 854]] [57 [855 856 857 858 859 860 861 862 863 864 865 866 867 868 869]] [58 [870 871 872 873 874 875 876 877 878 879 880 881 882 883 884]] [59 [885 886 887 888 889 890 891 892 893 894 895 896 897 898 899]] [60 [900 901 902 903 904 905 906 907 908 909 910 911 912 913 914]] [61 [915 916 917 918 919 920 921 922 923 924 925 926 927 928 929]] [62 [930 931 932 933 934 935 936 937 938 939 940 941 942 943 944]] [63 [945 946 947 948 949 950 951 952 953 954 955 956 957 958 959]] [64 [960 961 962 963 964 965 966 967 968 969 970 971 972 973 974]] [65 [975 976 977 978 979 980 981 982 983 984 985 986 987 988 989]] [66 [990 991 992 993 994 995 996 997 998 999 1000 1001 1002 1003 1004]] [67 [1005 1006 1007 1008 1009 1010 1011 1012 1013 1014 1015 1016 1017 1018 1019]] [68 [1020 1021 1022 1023 1024 1025 1026 1027 1028 1029 1030 1031 1032 1033 1034]] [69 [1035 1036 1037 1038 1039 1040 1041 1042 1043 1044 1045 1046 1047 1048 1049]] [70 [1050 1051 1052 1053 1054 1055 1056 1057 1058 1059 1060 1061 1062 1063 1064]] [71 [1065 1066 1067 1068 1069 1070 1071 1072 1073 1074 1075 1076 1077 1078 1079]] [72 [1080 1081 1082 1083 1084 1085 1086 1087 1088 1089 1090 1091 1092 1093 1094]] [73 [1095 1096 1097 1098 1099 1100 1101 1102 1103 1104 1105 1106 1107 1108 1109]] [74 [1110 1111 1112 1113 1114 1115 1116 1117 1118 1119 1120 1121 1122 1123 1124]] [75 [1125 1126 1127 1128 1129 1130 1131 1132 1133 1134 1135 1136 1137 1138 1139]] [76 [1140 1141 1142 1143 1144 1145 1146 1147 1148 1149 1150 1151 1152 1153 1154]] [77 [1155 1156 1157 1158 1159 1160 1161 1162 1163 1164 1165 1166 1167 1168 1169]] [78 [1170 1171 1172 1173 1174 1175 1176 1177 1178 1179 1180 1181 1182 1183 1184]] [79 [1185 1186 1187 1188 1189 1190 1191 1192 1193 1194 1195 1196 1197 1198 1199]] [80 [1200 1201 1202 1203 1204 1205 1206 1207 1208 1209 1210 1211 1212 1213 1214]] [81 [1215 1216 1217 1218 1219 1220 1221 1222 1223 1224 1225 1226 1227 1228 1229]] [82 [1230 1231 1232 1233 1234 1235 1236 1237 1238 1239 1240 1241 1242 1243 1244]] [83 [1245 1246 1247 1248 1249 1250 1251 1252 1253 1254 1255 1256 1257 1258 1259]] [84 [1260 1261 1262 1263 1264 1265 1266 1267 1268 1269 1270 1271 1272 1273 1274]] [85 [1275 1276 1277 1278 1279 1280 1281 1282 1283 1284 1285 1286 1287 1288 1289]] [86 [1290 1291 1292 1293 1294 1295 1296 1297 1298 1299 1300 1301 1302 1303 1304]] [87 [1305 1306 1307 1308 1309 1310 1311 1312 1313 1314 1315 1316 1317 1318 1319]] [88 [1320 1321 1322 1323 1324 1325 1326 1327 1328 1329 1330 1331 1332 1333 1334]] [89 [1335 1336 1337 1338 1339 1340 1341 1342 1343 1344 1345 1346 1347 1348 1349]] [90 [1350 1351 1352 1353 1354 1355 1356 1357 1358 1359 1360 1361 1362 1363 1364]] [91 [1365 1366 1367 1368 1369 1370 1371 1372 1373 1374 1375 1376 1377 1378 1379]] [92 [1380 1381 1382 1383 1384 1385 1386 1387 1388 1389 1390 1391 1392 1393 1394]] [93 [1395 1396 1397 1398 1399 1400 1401 1402 1403 1404 1405 1406 1407 1408 1409]] [94 [1410 1411 1412 1413 1414 1415 1416 1417 1418 1419 1420 1421 1422 1423 1424]] [95 [1425 1426 1427 1428 1429 1430 1431 1432 1433 1434 1435 1436 1437 1438 1439]] [96 [1440 1441 1442 1443 1444 1445 1446 1447 1448 1449 1450 1451 1452 1453 1454]] [97 [1455 1456 1457 1458 1459 1460 1461 1462 1463 1464 1465 1466 1467 1468 1469]] [98 [1470 1471 1472 1473 1474 1475 1476 1477 1478 1479 1480 1481 1482 1483 1484]] [99 [1485 1486 1487 1488 1489 1490 1491 1492 1493 1494 1495 1496 1497 1498 1499]]]",,"[[{citizen 12} [[""A"" [4 4 4 4 4 4 4 4 4 4]]]] [{citizen 43} [[""A"" [4 4 4 4 4 4 4 4 4 4]]]] [{citizen 45} [[""A"" [4 4 4 4 4 4 4 4 4 4]]]] [{citizen 49} [[""A"" [4 4 4 4 4 4 4 4 4 4]]]] [{media 52} [[""A"" [4 4 4 4 4 4 4 4 4 4]]]] [{media 53} [[""A"" [4 4 4 4 4 4 4 4 4 4]]]] [{media 54} [[""A"" [4 4 4 4 4 4 4 4 4 4]]]] [{media 55} [[""A"" [4 4 4 4 4 4 4 4 4 4]]]] [{media 56} [[""A"" [4 4 4 4 4 4 4 4 4 4]]]] [{media 58} [[""A"" [4 4 4 4 4 4 4 4 4 4]]]] [{media 59} [[""A"" [4 4 4 4 4 4 4 4 4 4]]]] [{media 60} [[""A"" [4 4 4 4 4 4 4 4 4 4]]]] [{media 61} [[""A"" [4 4 4 4 4 4 4 4 4 4]]]] [{media 63} [[""A"" [4 4 4 4 4 4 4 4 4 4]]]] [{media 64} [[""A"" [4 4 4 4 4 4 4 4 4 4]]]] [{citizen 2} [[""A"" [4 4 4 4 4 4 4 4 4 4]]]] [{citizen 5} [[""A"" [4 4 4 4 4 4 4 4 4 4]]]] [{citizen 8} [[""A"" [4 4 4 4 4 4 4 4 4 4]]]] [{citizen 0} [[""A"" [4 4 4 4 4 4 4 4 4 4]]]] [{citizen 1} [[""A"" [4 4 4 4 4 4 4 4 4 4]]]] [{citizen 6} [[""A"" [4 4 4 4 4 4 4 4 4 4]]]] [{citizen 7} [[""A"" [4 4 4 4 4 4 4 4 4 4]]]] [{media 51} [[""A"" [4 4 4 4 4 4 4 4 4 4]]]] [{media 57} [[""A"" [4 4 4 4 4 4 4 4 4 4]]]] [{citizen 4} [[""A"" [4 4 4 4 4 4 4 4 4 4]]]] [{citizen 17} [[""A"" [4 4 4 4 4 4 4 4 4 4]]]] [{citizen 46} [[""A"" [4 4 4 4 4 4 4 4 4 4]]]] [{citizen 27} [[""A"" [4 4 4 4 4 4 4 4 4 4]]]] [{citizen 40} [[""A"" [4 4 4 4 4 4 4 4 4 4]]]] [{citizen 16} [[""A"" [4 4 4 4 4 4 4 4 4 4]]]] [{citizen 35} [[""A"" [4 4 4 4 4 4 4 4 4 4]]]] [{citizen 23} [[""A"" [4 4 4 4 4 4 4 4 4 4]]]] [{citizen 24} [[""A"" [4 4 4 4 4 4 4 4 4 4]]]] [{citizen 44} [[""A"" [4 4 4 4 4 4 4 4 4 4]]]] [{citizen 32} [[""A"" [4 4 4 4 4 4 4 4 4 4]]]] [{citizen 39} [[""A"" [4 4 4 4 4 4 4 4 4 4]]]] [{citizen 20} [[""A"" [4 4 4 4 4 4 4 4 4 4]]]] [{citizen 31} [[""A"" [4 4 4 4 4 4 4 4 4 4]]]] [{citizen 14} [[""A"" [4 4 4 4 4 4 4 4 4 4]]]] [{citizen 36} [[""A"" [4 4 4 4 4 4 4 4 4 4]]]] [{citizen 28} [[""A"" [4 4 4 4 4 4 4 4 4 4]]]] [{citizen 9} [[""A"" [4 4 4 4 4 4 4 4 4 4]]]] [{citizen 29} [[""A"" [4 4 4 4 4 4 4 4 4 4]]]] [{citizen 26} [[""A"" [4 4 4 4 4 4 4 4 4 4]]]] [{citizen 15} [[""A"" [4 4 4 4 4 4 4 4 4 4]]]] [{citizen 41} [[""A"" [4 4 4 4 4 4 4 4 4 4]]]] [{citizen 38} [[""A"" [4 4 4 4 4 4 4 4 4 4]]]] [{citizen 21} [[""A"" [4 4 4 4 4 4 4 4 4 4]]]] [{citizen 11} [[""A"" [4 4 4 4 4 4 4 4 4 4]]]] [{citizen 19} [[""A"" [4 4 4 4 4 4 4 4 4 4]]]] [{citizen 42} [[""A"" [4 4 4 4 4 4 4 4 4 4]]]] [{citizen 37} [[""A"" [4 4 4 4 4 4 4 4 4 4]]]] [{citizen 30} [[""A"" [4 4 4 4 4 4 4 4 4 4]]]] [{citizen 13} [[""A"" [4 4 4 4 4 4 4 4 4 4]]]] [{citizen 22} [[""A"" [4 4 4 4 4 4 4 4 4 4]]]] [{media 62} [[""A"" [4 4 4 4 4 4 4 4 4 4]]]] [{citizen 48} [[""A"" [4 4 4 4 4 4 4 4 4 4]]]] [{citizen 34} [[""A"" [4 4 4 4 4 4 4 4 4 4]]]] [{citizen 47} [[""A"" [4 4 4 4 4 4 4 4 4 4]]]] [{media 50} [[""A"" [4 4 4 4 4 4 4 4 4 4]]]] [{citizen 3} [[""A"" [4 4 4 4 4 4 4 4 4 4]]]]]"
"11","[85 0 170]","227.87234042553195","-6.712829270649928","-5.954646803997354","""circle""","""""","9.9","{breed citizens}","false","0.5","1","""up""",,"[[""ID"" 39] [""alpha"" 1] [""beta"" 1] [""malleable"" [""A""]] [""prior"" []] [""cont_tokens"" []] [""A"" 4]]","[[0 [2 3 4 5 6 7 8 9 10 11 12 13 14]] [1 [15 16 17 18 19 20 21 22 23 24 25 26 27 28 29]] [2 [30 31 32 33 34 35 36 37 38 39 40 41 42 43 44]] [3 [45 46 47 48 49 50 51 52 53 54 55 56 57 58 59]] [4 [60 61 62 63 64 65 66 67 68 69 70 71 72 73 74]] [5 [75 76 77 78 79 80 81 82 83 84 85 86 87 88 89]] [6 [90 91 92 93 94 95 96 97 98 99 100 101 102 103 104]] [7 [105 106 107 108 109 110 111 112 113 114 115 116 117 118 119]] [8 [120 121 122 123 124 125 126 127 128 129 130 131 132 133 134]] [9 [135 136 137 138 139 140 141 142 143 144 145 146 147 148 149]] [10 [150 151 152 153 154 155 156 157 158 159 160 161 162 163 164]] [11 [165 166 167 168 169 170 171 172 173 174 175 176 177 178 179]] [12 [180 181 182 183 184 185 186 187 188 189 190 191 192 193 194]] [13 [195 196 197 198 199 200 201 202 203 204 205 206 207 208 209]] [14 [210 211 212 213 214 215 216 217 218 219 220 221 222 223 224]] [15 [225 226 227 228 229 230 231 232 233 234 235 236 237 238 239]] [16 [240 241 242 243 244 245 246 247 248 249 250 251 252 253 254]] [17 [255 256 257 258 259 260 261 262 263 264 265 266 267 268 269]] [18 [270 271 272 273 274 275 276 277 278 279 280 281 282 283 284]] [19 [285 286 287 288 289 290 291 292 293 294 295 296 297 298 299]] [20 [300 301 302 303 304 305 306 307 308 309 310 311 312 313 314]] [21 [315 316 317 318 319 320 321 322 323 324 325 326 327 328 329]] [22 [330 331 332 333 334 335 336 337 338 339 340 341 342 343 344]] [23 [345 346 347 348 349 350 351 352 353 354 355 356 357 358 359]] [24 [360 361 362 363 364 365 366 367 368 369 370 371 372 373 374]] [25 [375 376 377 378 379 380 381 382 383 384 385 386 387 388 389]] [26 [390 391 392 393 394 395 396 397 398 399 400 401 402 403 404]] [27 [405 406 407 408 409 410 411 412 413 414 415 416 417 418 419]] [28 [420 421 422 423 424 425 426 427 428 429 430 431 432 433 434]] [29 [435 436 437 438 439 440 441 442 443 444 445 446 447 448 449]] [30 [450 451 452 453 454 455 456 457 458 459 460 461 462 463 464]] [31 [465 466 467 468 469 470 471 472 473 474 475 476 477 478 479]] [32 [480 481 482 483 484 485 486 487 488 489 490 491 492 493 494]] [33 [495 496 497 498 499 500 501 502 503 504 505 506 507 508 509]] [34 [510 511 512 513 514 515 516 517 518 519 520 521 522 523 524]] [35 [525 526 527 528 529 530 531 532 533 534 535 536 537 538 539]] [36 [540 541 542 543 544 545 546 547 548 549 550 551 552 553 554]] [37 [555 556 557 558 559 560 561 562 563 564 565 566 567 568 569]] [38 [570 571 572 573 574 575 576 577 578 579 580 581 582 583 584]] [39 [585 586 587 588 589 590 591 592 593 594 595 596 597 598 599]] [40 [600 601 602 603 604 605 606 607 608 609 610 611 612 613 614]] [41 [615 616 617 618 619 620 621 622 623 624 625 626 627 628 629]] [42 [630 631 632 633 634 635 636 637 638 639 640 641 642 643 644]] [43 [645 646 647 648 649 650 651 652 653 654 655 656 657 658 659]] [44 [660 661 662 663 664 665 666 667 668 669 670 671 672 673 674]] [45 [675 676 677 678 679 680 681 682 683 684 685 686 687 688 689]] [46 [690 691 692 693 694 695 696 697 698 699 700 701 702 703 704]] [47 [705 706 707 708 709 710 711 712 713 714 715 716 717 718 719]] [48 [720 721 722 723 724 725 726 727 728 729 730 731 732 733 734]] [49 [735 736 737 738 739 740 741 742 743 744 745 746 747 748 749]] [50 [750 751 752 753 754 755 756 757 758 759 760 761 762 763 764]] [51 [765 766 767 768 769 770 771 772 773 774 775 776 777 778 779]] [52 [780 781 782 783 784 785 786 787 788 789 790 791 792 793 794]] [53 [795 796 797 798 799 800 801 802 803 804 805 806 807 808 809]] [54 [810 811 812 813 814 815 816 817 818 819 820 821 822 823 824]] [55 [825 826 827 828 829 830 831 832 833 834 835 836 837 838 839]] [56 [840 841 842 843 844 845 846 847 848 849 850 851 852 853 854]] [57 [855 856 857 858 859 860 861 862 863 864 865 866 867 868 869]] [58 [870 871 872 873 874 875 876 877 878 879 880 881 882 883 884]] [59 [885 886 887 888 889 890 891 892 893 894 895 896 897 898 899]] [60 [900 901 902 903 904 905 906 907 908 909 910 911 912 913 914]] [61 [915 916 917 918 919 920 921 922 923 924 925 926 927 928 929]] [62 [930 931 932 933 934 935 936 937 938 939 940 941 942 943 944]] [63 [945 946 947 948 949 950 951 952 953 954 955 956 957 958 959]] [64 [960 961 962 963 964 965 966 967 968 969 970 971 972 973 974]] [65 [975 976 977 978 979 980 981 982 983 984 985 986 987 988 989]] [66 [990 991 992 993 994 995 996 997 998 999 1000 1001 1002 1003 1004]] [67 [1005 1006 1007 1008 1009 1010 1011 1012 1013 1014 1015 1016 1017 1018 1019]] [68 [1020 1021 1022 1023 1024 1025 1026 1027 1028 1029 1030 1031 1032 1033 1034]] [69 [1035 1036 1037 1038 1039 1040 1041 1042 1043 1044 1045 1046 1047 1048 1049]] [70 [1050 1051 1052 1053 1054 1055 1056 1057 1058 1059 1060 1061 1062 1063 1064]] [71 [1065 1066 1067 1068 1069 1070 1071 1072 1073 1074 1075 1076 1077 1078 1079]] [72 [1080 1081 1082 1083 1084 1085 1086 1087 1088 1089 1090 1091 1092 1093 1094]] [73 [1095 1096 1097 1098 1099 1100 1101 1102 1103 1104 1105 1106 1107 1108 1109]] [74 [1110 1111 1112 1113 1114 1115 1116 1117 1118 1119 1120 1121 1122 1123 1124]] [75 [1125 1126 1127 1128 1129 1130 1131 1132 1133 1134 1135 1136 1137 1138 1139]] [76 [1140 1141 1142 1143 1144 1145 1146 1147 1148 1149 1150 1151 1152 1153 1154]] [77 [1155 1156 1157 1158 1159 1160 1161 1162 1163 1164 1165 1166 1167 1168 1169]] [78 [1170 1171 1172 1173 1174 1175 1176 1177 1178 1179 1180 1181 1182 1183 1184]] [79 [1185 1186 1187 1188 1189 1190 1191 1192 1193 1194 1195 1196 1197 1198 1199]] [80 [1200 1201 1202 1203 1204 1205 1206 1207 1208 1209 1210 1211 1212 1213 1214]] [81 [1215 1216 1217 1218 1219 1220 1221 1222 1223 1224 1225 1226 1227 1228 1229]] [82 [1230 1231 1232 1233 1234 1235 1236 1237 1238 1239 1240 1241 1242 1243 1244]] [83 [1245 1246 1247 1248 1249 1250 1251 1252 1253 1254 1255 1256 1257 1258 1259]] [84 [1260 1261 1262 1263 1264 1265 1266 1267 1268 1269 1270 1271 1272 1273 1274]] [85 [1275 1276 1277 1278 1279 1280 1281 1282 1283 1284 1285 1286 1287 1288 1289]] [86 [1290 1291 1292 1293 1294 1295 1296 1297 1298 1299 1300 1301 1302 1303 1304]] [87 [1305 1306 1307 1308 1309 1310 1311 1312 1313 1314 1315 1316 1317 1318 1319]] [88 [1320 1321 1322 1323 1324 1325 1326 1327 1328 1329 1330 1331 1332 1333 1334]] [89 [1335 1336 1337 1338 1339 1340 1341 1342 1343 1344 1345 1346 1347 1348 1349]] [90 [1350 1351 1352 1353 1354 1355 1356 1357 1358 1359 1360 1361 1362 1363 1364]] [91 [1365 1366 1367 1368 1369 1370 1371 1372 1373 1374 1375 1376 1377 1378 1379]] [92 [1380 1381 1382 1383 1384 1385 1386 1387 1388 1389 1390 1391 1392 1393 1394]] [93 [1395 1396 1397 1398 1399 1400 1401 1402 1403 1404 1405 1406 1407 1408 1409]] [94 [1410 1411 1412 1413 1414 1415 1416 1417 1418 1419 1420 1421 1422 1423 1424]] [95 [1425 1426 1427 1428 1429 1430 1431 1432 1433 1434 1435 1436 1437 1438 1439]] [96 [1440 1441 1442 1443 1444 1445 1446 1447 1448 1449 1450 1451 1452 1453 1454]] [97 [1455 1456 1457 1458 1459 1460 1461 1462 1463 1464 1465 1466 1467 1468 1469]] [98 [1470 1471 1472 1473 1474 1475 1476 1477 1478 1479 1480 1481 1482 1483 1484]] [99 [1485 1486 1487 1488 1489 1490 1491 1492 1493 1494 1495 1496 1497 1498 1499]]]","[[0 [4 5 6 7 8 9 10 11 12 13 14]] [1 [15 16 17 18 19 20 21 22 23 24 25 26 27 28 29]] [2 [30 31 32 33 34 35 36 37 38 39 40 41 42 43 44]] [3 [45 46 47 48 49 50 51 52 53 54 55 56 57 58 59]] [4 [60 61 62 63 64 65 66 67 68 69 70 71 72 73 74]] [5 [75 76 77 78 79 80 81 82 83 84 85 86 87 88 89]] [6 [90 91 92 93 94 95 96 97 98 99 100 101 102 103 104]] [7 [105 106 107 108 109 110 111 112 113 114 115 116 117 118 119]] [8 [120 121 122 123 124 125 126 127 128 129 130 131 132 133 134]] [9 [135 136 137 138 139 140 141 142 143 144 145 146 147 148 149]] [10 [150 151 152 153 154 155 156 157 158 159 160 161 162 163 164]] [11 [165 166 167 168 169 170 171 172 173 174 175 176 177 178 179]] [12 [180 181 182 183 184 185 186 187 188 189 190 191 192 193 194]] [13 [195 196 197 198 199 200 201 202 203 204 205 206 207 208 209]] [14 [210 211 212 213 214 215 216 217 218 219 220 221 222 223 224]] [15 [225 226 227 228 229 230 231 232 233 234 235 236 237 238 239]] [16 [240 241 242 243 244 245 246 247 248 249 250 251 252 253 254]] [17 [255 256 257 258 259 260 261 262 263 264 265 266 267 268 269]] [18 [270 271 272 273 274 275 276 277 278 279 280 281 282 283 284]] [19 [285 286 287 288 289 290 291 292 293 294 295 296 297 298 299]] [20 [300 301 302 303 304 305 306 307 308 309 310 311 312 313 314]] [21 [315 316 317 318 319 320 321 322 323 324 325 326 327 328 329]] [22 [330 331 332 333 334 335 336 337 338 339 340 341 342 343 344]] [23 [345 346 347 348 349 350 351 352 353 354 355 356 357 358 359]] [24 [360 361 362 363 364 365 366 367 368 369 370 371 372 373 374]] [25 [375 376 377 378 379 380 381 382 383 384 385 386 387 388 389]] [26 [390 391 392 393 394 395 396 397 398 399 400 401 402 403 404]] [27 [405 406 407 408 409 410 411 412 413 414 415 416 417 418 419]] [28 [420 421 422 423 424 425 426 427 428 429 430 431 432 433 434]] [29 [435 436 437 438 439 440 441 442 443 444 445 446 447 448 449]] [30 [450 451 452 453 454 455 456 457 458 459 460 461 462 463 464]] [31 [465 466 467 468 469 470 471 472 473 474 475 476 477 478 479]] [32 [480 481 482 483 484 485 486 487 488 489 490 491 492 493 494]] [33 [495 496 497 498 499 500 501 502 503 504 505 506 507 508 509]] [34 [510 511 512 513 514 515 516 517 518 519 520 521 522 523 524]] [35 [525 526 527 528 529 530 531 532 533 534 535 536 537 538 539]] [36 [540 541 542 543 544 545 546 547 548 549 550 551 552 553 554]] [37 [555 556 557 558 559 560 561 562 563 564 565 566 567 568 569]] [38 [570 571 572 573 574 575 576 577 578 579 580 581 582 583 584]] [39 [585 586 587 588 589 590 591 592 593 594 595 596 597 598 599]] [40 [600 601 602 603 604 605 606 607 608 609 610 611 612 613 614]] [41 [615 616 617 618 619 620 621 622 623 624 625 626 627 628 629]] [42 [630 631 632 633 634 635 636 637 638 639 640 641 642 643 644]] [43 [645 646 647 648 649 650 651 652 653 654 655 656 657 658 659]] [44 [660 661 662 663 664 665 666 667 668 669 670 671 672 673 674]] [45 [675 676 677 678 679 680 681 682 683 684 685 686 687 688 689]] [46 [690 691 692 693 694 695 696 697 698 699 700 701 702 703 704]] [47 [705 706 707 708 709 710 711 712 713 714 715 716 717 718 719]] [48 [720 721 722 723 724 725 726 727 728 729 730 731 732 733 734]] [49 [735 736 737 738 739 740 741 742 743 744 745 746 747 748 749]] [50 [750 751 752 753 754 755 756 757 758 759 760 761 762 763 764]] [51 [765 766 767 768 769 770 771 772 773 774 775 776 777 778 779]] [52 [780 781 782 783 784 785 786 787 788 789 790 791 792 793 794]] [53 [795 796 797 798 799 800 801 802 803 804 805 806 807 808 809]] [54 [810 811 812 813 814 815 816 817 818 819 820 821 822 823 824]] [55 [825 826 827 828 829 830 831 832 833 834 835 836 837 838 839]] [56 [840 841 842 843 844 845 846 847 848 849 850 851 852 853 854]] [57 [855 856 857 858 859 860 861 862 863 864 865 866 867 868 869]] [58 [870 871 872 873 874 875 876 877 878 879 880 881 882 883 884]] [59 [885 886 887 888 889 890 891 892 893 894 895 896 897 898 899]] [60 [900 901 902 903 904 905 906 907 908 909 910 911 912 913 914]] [61 [915 916 917 918 919 920 921 922 923 924 925 926 927 928 929]] [62 [930 931 932 933 934 935 936 937 938 939 940 941 942 943 944]] [63 [945 946 947 948 949 950 951 952 953 954 955 956 957 958 959]] [64 [960 961 962 963 964 965 966 967 968 969 970 971 972 973 974]] [65 [975 976 977 978 979 980 981 982 983 984 985 986 987 988 989]] [66 [990 991 992 993 994 995 996 997 998 999 1000 1001 1002 1003 1004]] [67 [1005 1006 1007 1008 1009 1010 1011 1012 1013 1014 1015 1016 1017 1018 1019]] [68 [1020 1021 1022 1023 1024 1025 1026 1027 1028 1029 1030 1031 1032 1033 1034]] [69 [1035 1036 1037 1038 1039 1040 1041 1042 1043 1044 1045 1046 1047 1048 1049]] [70 [1050 1051 1052 1053 1054 1055 1056 1057 1058 1059 1060 1061 1062 1063 1064]] [71 [1065 1066 1067 1068 1069 1070 1071 1072 1073 1074 1075 1076 1077 1078 1079]] [72 [1080 1081 1082 1083 1084 1085 1086 1087 1088 1089 1090 1091 1092 1093 1094]] [73 [1095 1096 1097 1098 1099 1100 1101 1102 1103 1104 1105 1106 1107 1108 1109]] [74 [1110 1111 1112 1113 1114 1115 1116 1117 1118 1119 1120 1121 1122 1123 1124]] [75 [1125 1126 1127 1128 1129 1130 1131 1132 1133 1134 1135 1136 1137 1138 1139]] [76 [1140 1141 1142 1143 1144 1145 1146 1147 1148 1149 1150 1151 1152 1153 1154]] [77 [1155 1156 1157 1158 1159 1160 1161 1162 1163 1164 1165 1166 1167 1168 1169]] [78 [1170 1171 1172 1173 1174 1175 1176 1177 1178 1179 1180 1181 1182 1183 1184]] [79 [1185 1186 1187 1188 1189 1190 1191 1192 1193 1194 1195 1196 1197 1198 1199]] [80 [1200 1201 1202 1203 1204 1205 1206 1207 1208 1209 1210 1211 1212 1213 1214]] [81 [1215 1216 1217 1218 1219 1220 1221 1222 1223 1224 1225 1226 1227 1228 1229]] [82 [1230 1231 1232 1233 1234 1235 1236 1237 1238 1239 1240 1241 1242 1243 1244]] [83 [1245 1246 1247 1248 1249 1250 1251 1252 1253 1254 1255 1256 1257 1258 1259]] [84 [1260 1261 1262 1263 1264 1265 1266 1267 1268 1269 1270 1271 1272 1273 1274]] [85 [1275 1276 1277 1278 1279 1280 1281 1282 1283 1284 1285 1286 1287 1288 1289]] [86 [1290 1291 1292 1293 1294 1295 1296 1297 1298 1299 1300 1301 1302 1303 1304]] [87 [1305 1306 1307 1308 1309 1310 1311 1312 1313 1314 1315 1316 1317 1318 1319]] [88 [1320 1321 1322 1323 1324 1325 1326 1327 1328 1329 1330 1331 1332 1333 1334]] [89 [1335 1336 1337 1338 1339 1340 1341 1342 1343 1344 1345 1346 1347 1348 1349]] [90 [1350 1351 1352 1353 1354 1355 1356 1357 1358 1359 1360 1361 1362 1363 1364]] [91 [1365 1366 1367 1368 1369 1370 1371 1372 1373 1374 1375 1376 1377 1378 1379]] [92 [1380 1381 1382 1383 1384 1385 1386 1387 1388 1389 1390 1391 1392 1393 1394]] [93 [1395 1396 1397 1398 1399 1400 1401 1402 1403 1404 1405 1406 1407 1408 1409]] [94 [1410 1411 1412 1413 1414 1415 1416 1417 1418 1419 1420 1421 1422 1423 1424]] [95 [1425 1426 1427 1428 1429 1430 1431 1432 1433 1434 1435 1436 1437 1438 1439]] [96 [1440 1441 1442 1443 1444 1445 1446 1447 1448 1449 1450 1451 1452 1453 1454]] [97 [1455 1456 1457 1458 1459 1460 1461 1462 1463 1464 1465 1466 1467 1468 1469]] [98 [1470 1471 1472 1473 1474 1475 1476 1477 1478 1479 1480 1481 1482 1483 1484]] [99 [1485 1486 1487 1488 1489 1490 1491 1492 1493 1494 1495 1496 1497 1498 1499]]]",,"[[{citizen 17} [[""A"" [4 4 4 4 4 4 4 4 4 4]]]] [{citizen 40} [[""A"" [4 4 4 4 4 4 4 4 4 4]]]] [{citizen 49} [[""A"" [4 4 4 4 4 4 4 4 4 4]]]] [{media 59} [[""A"" [4 4 4 4 4 4 4 4 4 4]]]] [{media 60} [[""A"" [4 4 4 4 4 4 4 4 4 4]]]] [{media 61} [[""A"" [4 4 4 4 4 4 4 4 4 4]]]] [{media 63} [[""A"" [4 4 4 4 4 4 4 4 4 4]]]] [{media 64} [[""A"" [4 4 4 4 4 4 4 4 4 4]]]] [{media 54} [[""A"" [4 4 4 4 4 4 4 4 4 4]]]] [{citizen 2} [[""A"" [4 4 4 4 4 4 4 4 4 4]]]] [{media 58} [[""A"" [4 4 4 4 4 4 4 4 4 4]]]] [{citizen 9} [[""A"" [4 4 4 4 4 4 4 4 4 4]]]] [{media 51} [[""A"" [4 4 4 4 4 4 4 4 4 4]]]] [{citizen 1} [[""A"" [4 4 4 4 4 4 4 4 4 4]]]] [{citizen 6} [[""A"" [4 4 4 4 4 4 4 4 4 4]]]] [{citizen 5} [[""A"" [4 4 4 4 4 4 4 4 4 4]]]] [{media 55} [[""A"" [4 4 4 4 4 4 4 4 4 4]]]] [{media 56} [[""A"" [4 4 4 4 4 4 4 4 4 4]]]] [{media 57} [[""A"" [4 4 4 4 4 4 4 4 4 4]]]] [{media 53} [[""A"" [4 4 4 4 4 4 4 4 4 4]]]] [{media 52} [[""A"" [4 4 4 4 4 4 4 4 4 4]]]] [{citizen 0} [[""A"" [4 4 4 4 4 4 4 4 4 4]]]] [{citizen 8} [[""A"" [4 4 4 4 4 4 4 4 4 4]]]] [{citizen 46} [[""A"" [4 4 4 4 4 4 4 4 4 4]]]] [{citizen 27} [[""A"" [4 4 4 4 4 4 4 4 4 4]]]] [{citizen 45} [[""A"" [4 4 4 4 4 4 4 4 4 4]]]] [{citizen 7} [[""A"" [4 4 4 4 4 4 4 4 4 4]]]] [{citizen 16} [[""A"" [4 4 4 4 4 4 4 4 4 4]]]] [{citizen 35} [[""A"" [4 4 4 4 4 4 4 4 4 4]]]] [{citizen 23} [[""A"" [4 4 4 4 4 4 4 4 4 4]]]] [{citizen 24} [[""A"" [4 4 4 4 4 4 4 4 4 4]]]] [{citizen 44} [[""A"" [4 4 4 4 4 4 4 4 4 4]]]] [{citizen 32} [[""A"" [4 4 4 4 4 4 4 4 4 4]]]] [{citizen 39} [[""A"" [4 4 4 4 4 4 4 4 4 4]]]] [{citizen 20} [[""A"" [4 4 4 4 4 4 4 4 4 4]]]] [{citizen 31} [[""A"" [4 4 4 4 4 4 4 4 4 4]]]] [{citizen 14} [[""A"" [4 4 4 4 4 4 4 4 4 4]]]] [{citizen 36} [[""A"" [4 4 4 4 4 4 4 4 4 4]]]] [{citizen 4} [[""A"" [4 4 4 4 4 4 4 4 4 4]]]] [{citizen 28} [[""A"" [4 4 4 4 4 4 4 4 4 4]]]] [{citizen 29} [[""A"" [4 4 4 4 4 4 4 4 4 4]]]] [{citizen 26} [[""A"" [4 4 4 4 4 4 4 4 4 4]]]] [{citizen 15} [[""A"" [4 4 4 4 4 4 4 4 4 4]]]] [{citizen 41} [[""A"" [4 4 4 4 4 4 4 4 4 4]]]] [{citizen 12} [[""A"" [4 4 4 4 4 4 4 4 4 4]]]] [{citizen 38} [[""A"" [4 4 4 4 4 4 4 4 4 4]]]] [{citizen 10} [[""A"" [4 4 4 4 4 4 4 4 4 4]]]] [{citizen 43} [[""A"" [4 4 4 4 4 4 4 4 4 4]]]] [{citizen 21} [[""A"" [4 4 4 4 4 4 4 4 4 4]]]] [{citizen 30} [[""A"" [4 4 4 4 4 4 4 4 4 4]]]] [{citizen 22} [[""A"" [4 4 4 4 4 4 4 4 4 4]]]] [{citizen 13} [[""A"" [4 4 4 4 4 4 4 4 4 4]]]] [{media 62} [[""A"" [4 4 4 4 4 4 4 4 4 4]]]] [{citizen 19} [[""A"" [4 4 4 4 4 4 4 4 4 4]]]] [{citizen 37} [[""A"" [4 4 4 4 4 4 4 4 4 4]]]] [{citizen 42} [[""A"" [4 4 4 4 4 4 4 4 4 4]]]] [{citizen 48} [[""A"" [4 4 4 4 4 4 4 4 4 4]]]] [{citizen 34} [[""A"" [4 4 4 4 4 4 4 4 4 4]]]] [{citizen 47} [[""A"" [4 4 4 4 4 4 4 4 4 4]]]] [{media 50} [[""A"" [4 4 4 4 4 4 4 4 4 4]]]] [{citizen 3} [[""A"" [4 4 4 4 4 4 4 4 4 4]]]]]"
"12","[85 0 170]","59.18762088974856","8.218461687454269","4.671657989020881","""circle""","""""","9.9","{breed citizens}","false","0.5","1","""up""",,"[[""ID"" 10] [""alpha"" 1] [""beta"" 1] [""malleable"" [""A""]] [""prior"" []] [""cont_tokens"" []] [""A"" 4]]","[[0 [1 2 3 4 5 6 7 8 9 10 11 12 13 14]] [1 [15 16 17 18 19 20 21 22 23 24 25 26 27 28 29]] [2 [30 31 32 33 34 35 36 37 38 39 40 41 42 43 44]] [3 [45 46 47 48 49 50 51 52 53 54 55 56 57 58 59]] [4 [60 61 62 63 64 65 66 67 68 69 70 71 72 73 74]] [5 [75 76 77 78 79 80 81 82 83 84 85 86 87 88 89]] [6 [90 91 92 93 94 95 96 97 98 99 100 101 102 103 104]] [7 [105 106 107 108 109 110 111 112 113 114 115 116 117 118 119]] [8 [120 121 122 123 124 125 126 127 128 129 130 131 132 133 134]] [9 [135 136 137 138 139 140 141 142 143 144 145 146 147 148 149]] [10 [150 151 152 153 154 155 156 157 158 159 160 161 162 163 164]] [11 [165 166 167 168 169 170 171 172 173 174 175 176 177 178 179]] [12 [180 181 182 183 184 185 186 187 188 189 190 191 192 193 194]] [13 [195 196 197 198 199 200 201 202 203 204 205 206 207 208 209]] [14 [210 211 212 213 214 215 216 217 218 219 220 221 222 223 224]] [15 [225 226 227 228 229 230 231 232 233 234 235 236 237 238 239]] [16 [240 241 242 243 244 245 246 247 248 249 250 251 252 253 254]] [17 [255 256 257 258 259 260 261 262 263 264 265 266 267 268 269]] [18 [270 271 272 273 274 275 276 277 278 279 280 281 282 283 284]] [19 [285 286 287 288 289 290 291 292 293 294 295 296 297 298 299]] [20 [300 301 302 303 304 305 306 307 308 309 310 311 312 313 314]] [21 [315 316 317 318 319 320 321 322 323 324 325 326 327 328 329]] [22 [330 331 332 333 334 335 336 337 338 339 340 341 342 343 344]] [23 [345 346 347 348 349 350 351 352 353 354 355 356 357 358 359]] [24 [360 361 362 363 364 365 366 367 368 369 370 371 372 373 374]] [25 [375 376 377 378 379 380 381 382 383 384 385 386 387 388 389]] [26 [390 391 392 393 394 395 396 397 398 399 400 401 402 403 404]] [27 [405 406 407 408 409 410 411 412 413 414 415 416 417 418 419]] [28 [420 421 422 423 424 425 426 427 428 429 430 431 432 433 434]] [29 [435 436 437 438 439 440 441 442 443 444 445 446 447 448 449]] [30 [450 451 452 453 454 455 456 457 458 459 460 461 462 463 464]] [31 [465 466 467 468 469 470 471 472 473 474 475 476 477 478 479]] [32 [480 481 482 483 484 485 486 487 488 489 490 491 492 493 494]] [33 [495 496 497 498 499 500 501 502 503 504 505 506 507 508 509]] [34 [510 511 512 513 514 515 516 517 518 519 520 521 522 523 524]] [35 [525 526 527 528 529 530 531 532 533 534 535 536 537 538 539]] [36 [540 541 542 543 544 545 546 547 548 549 550 551 552 553 554]] [37 [555 556 557 558 559 560 561 562 563 564 565 566 567 568 569]] [38 [570 571 572 573 574 575 576 577 578 579 580 581 582 583 584]] [39 [585 586 587 588 589 590 591 592 593 594 595 596 597 598 599]] [40 [600 601 602 603 604 605 606 607 608 609 610 611 612 613 614]] [41 [615 616 617 618 619 620 621 622 623 624 625 626 627 628 629]] [42 [630 631 632 633 634 635 636 637 638 639 640 641 642 643 644]] [43 [645 646 647 648 649 650 651 652 653 654 655 656 657 658 659]] [44 [660 661 662 663 664 665 666 667 668 669 670 671 672 673 674]] [45 [675 676 677 678 679 680 681 682 683 684 685 686 687 688 689]] [46 [690 691 692 693 694 695 696 697 698 699 700 701 702 703 704]] [47 [705 706 707 708 709 710 711 712 713 714 715 716 717 718 719]] [48 [720 721 722 723 724 725 726 727 728 729 730 731 732 733 734]] [49 [735 736 737 738 739 740 741 742 743 744 745 746 747 748 749]] [50 [750 751 752 753 754 755 756 757 758 759 760 761 762 763 764]] [51 [765 766 767 768 769 770 771 772 773 774 775 776 777 778 779]] [52 [780 781 782 783 784 785 786 787 788 789 790 791 792 793 794]] [53 [795 796 797 798 799 800 801 802 803 804 805 806 807 808 809]] [54 [810 811 812 813 814 815 816 817 818 819 820 821 822 823 824]] [55 [825 826 827 828 829 830 831 832 833 834 835 836 837 838 839]] [56 [840 841 842 843 844 845 846 847 848 849 850 851 852 853 854]] [57 [855 856 857 858 859 860 861 862 863 864 865 866 867 868 869]] [58 [870 871 872 873 874 875 876 877 878 879 880 881 882 883 884]] [59 [885 886 887 888 889 890 891 892 893 894 895 896 897 898 899]] [60 [900 901 902 903 904 905 906 907 908 909 910 911 912 913 914]] [61 [915 916 917 918 919 920 921 922 923 924 925 926 927 928 929]] [62 [930 931 932 933 934 935 936 937 938 939 940 941 942 943 944]] [63 [945 946 947 948 949 950 951 952 953 954 955 956 957 958 959]] [64 [960 961 962 963 964 965 966 967 968 969 970 971 972 973 974]] [65 [975 976 977 978 979 980 981 982 983 984 985 986 987 988 989]] [66 [990 991 992 993 994 995 996 997 998 999 1000 1001 1002 1003 1004]] [67 [1005 1006 1007 1008 1009 1010 1011 1012 1013 1014 1015 1016 1017 1018 1019]] [68 [1020 1021 1022 1023 1024 1025 1026 1027 1028 1029 1030 1031 1032 1033 1034]] [69 [1035 1036 1037 1038 1039 1040 1041 1042 1043 1044 1045 1046 1047 1048 1049]] [70 [1050 1051 1052 1053 1054 1055 1056 1057 1058 1059 1060 1061 1062 1063 1064]] [71 [1065 1066 1067 1068 1069 1070 1071 1072 1073 1074 1075 1076 1077 1078 1079]] [72 [1080 1081 1082 1083 1084 1085 1086 1087 1088 1089 1090 1091 1092 1093 1094]] [73 [1095 1096 1097 1098 1099 1100 1101 1102 1103 1104 1105 1106 1107 1108 1109]] [74 [1110 1111 1112 1113 1114 1115 1116 1117 1118 1119 1120 1121 1122 1123 1124]] [75 [1125 1126 1127 1128 1129 1130 1131 1132 1133 1134 1135 1136 1137 1138 1139]] [76 [1140 1141 1142 1143 1144 1145 1146 1147 1148 1149 1150 1151 1152 1153 1154]] [77 [1155 1156 1157 1158 1159 1160 1161 1162 1163 1164 1165 1166 1167 1168 1169]] [78 [1170 1171 1172 1173 1174 1175 1176 1177 1178 1179 1180 1181 1182 1183 1184]] [79 [1185 1186 1187 1188 1189 1190 1191 1192 1193 1194 1195 1196 1197 1198 1199]] [80 [1200 1201 1202 1203 1204 1205 1206 1207 1208 1209 1210 1211 1212 1213 1214]] [81 [1215 1216 1217 1218 1219 1220 1221 1222 1223 1224 1225 1226 1227 1228 1229]] [82 [1230 1231 1232 1233 1234 1235 1236 1237 1238 1239 1240 1241 1242 1243 1244]] [83 [1245 1246 1247 1248 1249 1250 1251 1252 1253 1254 1255 1256 1257 1258 1259]] [84 [1260 1261 1262 1263 1264 1265 1266 1267 1268 1269 1270 1271 1272 1273 1274]] [85 [1275 1276 1277 1278 1279 1280 1281 1282 1283 1284 1285 1286 1287 1288 1289]] [86 [1290 1291 1292 1293 1294 1295 1296 1297 1298 1299 1300 1301 1302 1303 1304]] [87 [1305 1306 1307 1308 1309 1310 1311 1312 1313 1314 1315 1316 1317 1318 1319]] [88 [1320 1321 1322 1323 1324 1325 1326 1327 1328 1329 1330 1331 1332 1333 1334]] [89 [1335 1336 1337 1338 1339 1340 1341 1342 1343 1344 1345 1346 1347 1348 1349]] [90 [1350 1351 1352 1353 1354 1355 1356 1357 1358 1359 1360 1361 1362 1363 1364]] [91 [1365 1366 1367 1368 1369 1370 1371 1372 1373 1374 1375 1376 1377 1378 1379]] [92 [1380 1381 1382 1383 1384 1385 1386 1387 1388 1389 1390 1391 1392 1393 1394]] [93 [1395 1396 1397 1398 1399 1400 1401 1402 1403 1404 1405 1406 1407 1408 1409]] [94 [1410 1411 1412 1413 1414 1415 1416 1417 1418 1419 1420 1421 1422 1423 1424]] [95 [1425 1426 1427 1428 1429 1430 1431 1432 1433 1434 1435 1436 1437 1438 1439]] [96 [1440 1441 1442 1443 1444 1445 1446 1447 1448 1449 1450 1451 1452 1453 1454]] [97 [1455 1456 1457 1458 1459 1460 1461 1462 1463 1464 1465 1466 1467 1468 1469]] [98 [1470 1471 1472 1473 1474 1475 1476 1477 1478 1479 1480 1481 1482 1483 1484]] [99 [1485 1486 1487 1488 1489 1490 1491 1492 1493 1494 1495 1496 1497 1498 1499]]]","[[0 [1 2 3 4 5 6 7 8 9 10 11 12 13 14]] [1 [15 16 17 18 19 20 21 22 23 24 25 26 27 28 29]] [2 [30 31 32 33 34 35 36 37 38 39 40 41 42 43 44]] [3 [45 46 47 48 49 50 51 52 53 54 55 56 57 58 59]] [4 [60 61 62 63 64 65 66 67 68 69 70 71 72 73 74]] [5 [75 76 77 78 79 80 81 82 83 84 85 86 87 88 89]] [6 [90 91 92 93 94 95 96 97 98 99 100 101 102 103 104]] [7 [105 106 107 108 109 110 111 112 113 114 115 116 117 118 119]] [8 [120 121 122 123 124 125 126 127 128 129 130 131 132 133 134]] [9 [135 136 137 138 139 140 141 142 143 144 145 146 147 148 149]] [10 [150 151 152 153 154 155 156 157 158 159 160 161 162 163 164]] [11 [165 166 167 168 169 170 171 172 173 174 175 176 177 178 179]] [12 [180 181 182 183 184 185 186 187 188 189 190 191 192 193 194]] [13 [195 196 197 198 199 200 201 202 203 204 205 206 207 208 209]] [14 [210 211 212 213 214 215 216 217 218 219 220 221 222 223 224]] [15 [225 226 227 228 229 230 231 232 233 234 235 236 237 238 239]] [16 [240 241 242 243 244 245 246 247 248 249 250 251 252 253 254]] [17 [255 256 257 258 259 260 261 262 263 264 265 266 267 268 269]] [18 [270 271 272 273 274 275 276 277 278 279 280 281 282 283 284]] [19 [285 286 287 288 289 290 291 292 293 294 295 296 297 298 299]] [20 [300 301 302 303 304 305 306 307 308 309 310 311 312 313 314]] [21 [315 316 317 318 319 320 321 322 323 324 325 326 327 328 329]] [22 [330 331 332 333 334 335 336 337 338 339 340 341 342 343 344]] [23 [345 346 347 348 349 350 351 352 353 354 355 356 357 358 359]] [24 [360 361 362 363 364 365 366 367 368 369 370 371 372 373 374]] [25 [375 376 377 378 379 380 381 382 383 384 385 386 387 388 389]] [26 [390 391 392 393 394 395 396 397 398 399 400 401 402 403 404]] [27 [405 406 407 408 409 410 411 412 413 414 415 416 417 418 419]] [28 [420 421 422 423 424 425 426 427 428 429 430 431 432 433 434]] [29 [435 436 437 438 439 440 441 442 443 444 445 446 447 448 449]] [30 [450 451 452 453 454 455 456 457 458 459 460 461 462 463 464]] [31 [465 466 467 468 469 470 471 472 473 474 475 476 477 478 479]] [32 [480 481 482 483 484 485 486 487 488 489 490 491 492 493 494]] [33 [495 496 497 498 499 500 501 502 503 504 505 506 507 508 509]] [34 [510 511 512 513 514 515 516 517 518 519 520 521 522 523 524]] [35 [525 526 527 528 529 530 531 532 533 534 535 536 537 538 539]] [36 [540 541 542 543 544 545 546 547 548 549 550 551 552 553 554]] [37 [555 556 557 558 559 560 561 562 563 564 565 566 567 568 569]] [38 [570 571 572 573 574 575 576 577 578 579 580 581 582 583 584]] [39 [585 586 587 588 589 590 591 592 593 594 595 596 597 598 599]] [40 [600 601 602 603 604 605 606 607 608 609 610 611 612 613 614]] [41 [615 616 617 618 619 620 621 622 623 624 625 626 627 628 629]] [42 [630 631 632 633 634 635 636 637 638 639 640 641 642 643 644]] [43 [645 646 647 648 649 650 651 652 653 654 655 656 657 658 659]] [44 [660 661 662 663 664 665 666 667 668 669 670 671 672 673 674]] [45 [675 676 677 678 679 680 681 682 683 684 685 686 687 688 689]] [46 [690 691 692 693 694 695 696 697 698 699 700 701 702 703 704]] [47 [705 706 707 708 709 710 711 712 713 714 715 716 717 718 719]] [48 [720 721 722 723 724 725 726 727 728 729 730 731 732 733 734]] [49 [735 736 737 738 739 740 741 742 743 744 745 746 747 748 749]] [50 [750 751 752 753 754 755 756 757 758 759 760 761 762 763 764]] [51 [765 766 767 768 769 770 771 772 773 774 775 776 777 778 779]] [52 [780 781 782 783 784 785 786 787 788 789 790 791 792 793 794]] [53 [795 796 797 798 799 800 801 802 803 804 805 806 807 808 809]] [54 [810 811 812 813 814 815 816 817 818 819 820 821 822 823 824]] [55 [825 826 827 828 829 830 831 832 833 834 835 836 837 838 839]] [56 [840 841 842 843 844 845 846 847 848 849 850 851 852 853 854]] [57 [855 856 857 858 859 860 861 862 863 864 865 866 867 868 869]] [58 [870 871 872 873 874 875 876 877 878 879 880 881 882 883 884]] [59 [885 886 887 888 889 890 891 892 893 894 895 896 897 898 899]] [60 [900 901 902 903 904 905 906 907 908 909 910 911 912 913 914]] [61 [915 916 917 918 919 920 921 922 923 924 925 926 927 928 929]] [62 [930 931 932 933 934 935 936 937 938 939 940 941 942 943 944]] [63 [945 946 947 948 949 950 951 952 953 954 955 956 957 958 959]] [64 [960 961 962 963 964 965 966 967 968 969 970 971 972 973 974]] [65 [975 976 977 978 979 980 981 982 983 984 985 986 987 988 989]] [66 [990 991 992 993 994 995 996 997 998 999 1000 1001 1002 1003 1004]] [67 [1005 1006 1007 1008 1009 1010 1011 1012 1013 1014 1015 1016 1017 1018 1019]] [68 [1020 1021 1022 1023 1024 1025 1026 1027 1028 1029 1030 1031 1032 1033 1034]] [69 [1035 1036 1037 1038 1039 1040 1041 1042 1043 1044 1045 1046 1047 1048 1049]] [70 [1050 1051 1052 1053 1054 1055 1056 1057 1058 1059 1060 1061 1062 1063 1064]] [71 [1065 1066 1067 1068 1069 1070 1071 1072 1073 1074 1075 1076 1077 1078 1079]] [72 [1080 1081 1082 1083 1084 1085 1086 1087 1088 1089 1090 1091 1092 1093 1094]] [73 [1095 1096 1097 1098 1099 1100 1101 1102 1103 1104 1105 1106 1107 1108 1109]] [74 [1110 1111 1112 1113 1114 1115 1116 1117 1118 1119 1120 1121 1122 1123 1124]] [75 [1125 1126 1127 1128 1129 1130 1131 1132 1133 1134 1135 1136 1137 1138 1139]] [76 [1140 1141 1142 1143 1144 1145 1146 1147 1148 1149 1150 1151 1152 1153 1154]] [77 [1155 1156 1157 1158 1159 1160 1161 1162 1163 1164 1165 1166 1167 1168 1169]] [78 [1170 1171 1172 1173 1174 1175 1176 1177 1178 1179 1180 1181 1182 1183 1184]] [79 [1185 1186 1187 1188 1189 1190 1191 1192 1193 1194 1195 1196 1197 1198 1199]] [80 [1200 1201 1202 1203 1204 1205 1206 1207 1208 1209 1210 1211 1212 1213 1214]] [81 [1215 1216 1217 1218 1219 1220 1221 1222 1223 1224 1225 1226 1227 1228 1229]] [82 [1230 1231 1232 1233 1234 1235 1236 1237 1238 1239 1240 1241 1242 1243 1244]] [83 [1245 1246 1247 1248 1249 1250 1251 1252 1253 1254 1255 1256 1257 1258 1259]] [84 [1260 1261 1262 1263 1264 1265 1266 1267 1268 1269 1270 1271 1272 1273 1274]] [85 [1275 1276 1277 1278 1279 1280 1281 1282 1283 1284 1285 1286 1287 1288 1289]] [86 [1290 1291 1292 1293 1294 1295 1296 1297 1298 1299 1300 1301 1302 1303 1304]] [87 [1305 1306 1307 1308 1309 1310 1311 1312 1313 1314 1315 1316 1317 1318 1319]] [88 [1320 1321 1322 1323 1324 1325 1326 1327 1328 1329 1330 1331 1332 1333 1334]] [89 [1335 1336 1337 1338 1339 1340 1341 1342 1343 1344 1345 1346 1347 1348 1349]] [90 [1350 1351 1352 1353 1354 1355 1356 1357 1358 1359 1360 1361 1362 1363 1364]] [91 [1365 1366 1367 1368 1369 1370 1371 1372 1373 1374 1375 1376 1377 1378 1379]] [92 [1380 1381 1382 1383 1384 1385 1386 1387 1388 1389 1390 1391 1392 1393 1394]] [93 [1395 1396 1397 1398 1399 1400 1401 1402 1403 1404 1405 1406 1407 1408 1409]] [94 [1410 1411 1412 1413 1414 1415 1416 1417 1418 1419 1420 1421 1422 1423 1424]] [95 [1425 1426 1427 1428 1429 1430 1431 1432 1433 1434 1435 1436 1437 1438 1439]] [96 [1440 1441 1442 1443 1444 1445 1446 1447 1448 1449 1450 1451 1452 1453 1454]] [97 [1455 1456 1457 1458 1459 1460 1461 1462 1463 1464 1465 1466 1467 1468 1469]] [98 [1470 1471 1472 1473 1474 1475 1476 1477 1478 1479 1480 1481 1482 1483 1484]] [99 [1485 1486 1487 1488 1489 1490 1491 1492 1493 1494 1495 1496 1497 1498 1499]]]",,"[[{citizen 17} [[""A"" [4 4 4 4 4 4 4 4 4 4]]]] [{citizen 29} [[""A"" [4 4 4 4 4 4 4 4 4 4]]]] [{citizen 38} [[""A"" [4 4 4 4 4 4 4 4 4 4]]]] [{media 52} [[""A"" [4 4 4 4 4 4 4 4 4 4]]]] [{media 53} [[""A"" [4 4 4 4 4 4 4 4 4 4]]]] [{media 54} [[""A"" [4 4 4 4 4 4 4 4 4 4]]]] [{media 55} [[""A"" [4 4 4 4 4 4 4 4 4 4]]]] [{media 56} [[""A"" [4 4 4 4 4 4 4 4 4 4]]]] [{media 58} [[""A"" [4 4 4 4 4 4 4 4 4 4]]]] [{media 59} [[""A"" [4 4 4 4 4 4 4 4 4 4]]]] [{media 60} [[""A"" [4 4 4 4 4 4 4 4 4 4]]]] [{media 61} [[""A"" [4 4 4 4 4 4 4 4 4 4]]]] [{media 63} [[""A"" [4 4 4 4 4 4 4 4 4 4]]]] [{media 64} [[""A"" [4 4 4 4 4 4 4 4 4 4]]]] [{media 62} [[""A"" [4 4 4 4 4 4 4 4 4 4]]]] [{citizen 1} [[""A"" [4 4 4 4 4 4 4 4 4 4]]]] [{citizen 5} [[""A"" [4 4 4 4 4 4 4 4 4 4]]]] [{citizen 2} [[""A"" [4 4 4 4 4 4 4 4 4 4]]]] [{citizen 0} [[""A"" [4 4 4 4 4 4 4 4 4 4]]]] [{citizen 8} [[""A"" [4 4 4 4 4 4 4 4 4 4]]]] [{citizen 10} [[""A"" [4 4 4 4 4 4 4 4 4 4]]]] [{citizen 6} [[""A"" [4 4 4 4 4 4 4 4 4 4]]]] [{citizen 7} [[""A"" [4 4 4 4 4 4 4 4 4 4]]]] [{media 51} [[""A"" [4 4 4 4 4 4 4 4 4 4]]]] [{media 57} [[""A"" [4 4 4 4 4 4 4 4 4 4]]]] [{citizen 4} [[""A"" [4 4 4 4 4 4 4 4 4 4]]]] [{citizen 49} [[""A"" [4 4 4 4 4 4 4 4 4 4]]]] [{citizen 46} [[""A"" [4 4 4 4 4 4 4 4 4 4]]]] [{citizen 27} [[""A"" [4 4 4 4 4 4 4 4 4 4]]]] [{citizen 45} [[""A"" [4 4 4 4 4 4 4 4 4 4]]]] [{citizen 40} [[""A"" [4 4 4 4 4 4 4 4 4 4]]]] [{citizen 16} [[""A"" [4 4 4 4 4 4 4 4 4 4]]]] [{citizen 35} [[""A"" [4 4 4 4 4 4 4 4 4 4]]]] [{citizen 23} [[""A"" [4 4 4 4 4 4 4 4 4 4]]]] [{citizen 24} [[""A"" [4 4 4 4 4 4 4 4 4 4]]]] [{citizen 44} [[""A"" [4 4 4 4 4 4 4 4 4 4]]]] [{citizen 32} [[""A"" [4 4 4 4 4 4 4 4 4 4]]]] [{citizen 39} [[""A"" [4 4 4 4 4 4 4 4 4 4]]]] [{citizen 20} [[""A"" [4 4 4 4 4 4 4 4 4 4]]]] [{citizen 31} [[""A"" [4 4 4 4 4 4 4 4 4 4]]]] [{citizen 14} [[""A"" [4 4 4 4 4 4 4 4 4 4]]]] [{citizen 36} [[""A"" [4 4 4 4 4 4 4 4 4 4]]]] [{citizen 28} [[""A"" [4 4 4 4 4 4 4 4 4 4]]]] [{citizen 9} [[""A"" [4 4 4 4 4 4 4 4 4 4]]]] [{citizen 26} [[""A"" [4 4 4 4 4 4 4 4 4 4]]]] [{citizen 15} [[""A"" [4 4 4 4 4 4 4 4 4 4]]]] [{citizen 41} [[""A"" [4 4 4 4 4 4 4 4 4 4]]]] [{citizen 21} [[""A"" [4 4 4 4 4 4 4 4 4 4]]]] [{citizen 11} [[""A"" [4 4 4 4 4 4 4 4 4 4]]]] [{citizen 19} [[""A"" [4 4 4 4 4 4 4 4 4 4]]]] [{citizen 42} [[""A"" [4 4 4 4 4 4 4 4 4 4]]]] [{citizen 37} [[""A"" [4 4 4 4 4 4 4 4 4 4]]]] [{citizen 30} [[""A"" [4 4 4 4 4 4 4 4 4 4]]]] [{citizen 13} [[""A"" [4 4 4 4 4 4 4 4 4 4]]]] [{citizen 22} [[""A"" [4 4 4 4 4 4 4 4 4 4]]]] [{citizen 48} [[""A"" [4 4 4 4 4 4 4 4 4 4]]]] [{citizen 43} [[""A"" [4 4 4 4 4 4 4 4 4 4]]]] [{citizen 34} [[""A"" [4 4 4 4 4 4 4 4 4 4]]]] [{citizen 47} [[""A"" [4 4 4 4 4 4 4 4 4 4]]]] [{media 50} [[""A"" [4 4 4 4 4 4 4 4 4 4]]]] [{citizen 3} [[""A"" [4 4 4 4 4 4 4 4 4 4]]]]]"
"13","[85 0 170]","176.17021276595747","0.4838837449945784","-4.819109058492625","""circle""","""""","9.9","{breed citizens}","false","0.5","1","""up""",,"[[""ID"" 29] [""alpha"" 1] [""beta"" 1] [""malleable"" [""A""]] [""prior"" []] [""cont_tokens"" []] [""A"" 4]]","[[0 [1 2 3 4 5 6 7 8 9 10 11 12 13 14]] [1 [15 16 17 18 19 20 21 22 23 24 25 26 27 28 29]] [2 [30 31 32 33 34 35 36 37 38 39 40 41 42 43 44]] [3 [45 46 47 48 49 50 51 52 53 54 55 56 57 58 59]] [4 [60 61 62 63 64 65 66 67 68 69 70 71 72 73 74]] [5 [75 76 77 78 79 80 81 82 83 84 85 86 87 88 89]] [6 [90 91 92 93 94 95 96 97 98 99 100 101 102 103 104]] [7 [105 106 107 108 109 110 111 112 113 114 115 116 117 118 119]] [8 [120 121 122 123 124 125 126 127 128 129 130 131 132 133 134]] [9 [135 136 137 138 139 140 141 142 143 144 145 146 147 148 149]] [10 [150 151 152 153 154 155 156 157 158 159 160 161 162 163 164]] [11 [165 166 167 168 169 170 171 172 173 174 175 176 177 178 179]] [12 [180 181 182 183 184 185 186 187 188 189 190 191 192 193 194]] [13 [195 196 197 198 199 200 201 202 203 204 205 206 207 208 209]] [14 [210 211 212 213 214 215 216 217 218 219 220 221 222 223 224]] [15 [225 226 227 228 229 230 231 232 233 234 235 236 237 238 239]] [16 [240 241 242 243 244 245 246 247 248 249 250 251 252 253 254]] [17 [255 256 257 258 259 260 261 262 263 264 265 266 267 268 269]] [18 [270 271 272 273 274 275 276 277 278 279 280 281 282 283 284]] [19 [285 286 287 288 289 290 291 292 293 294 295 296 297 298 299]] [20 [300 301 302 303 304 305 306 307 308 309 310 311 312 313 314]] [21 [315 316 317 318 319 320 321 322 323 324 325 326 327 328 329]] [22 [330 331 332 333 334 335 336 337 338 339 340 341 342 343 344]] [23 [345 346 347 348 349 350 351 352 353 354 355 356 357 358 359]] [24 [360 361 362 363 364 365 366 367 368 369 370 371 372 373 374]] [25 [375 376 377 378 379 380 381 382 383 384 385 386 387 388 389]] [26 [390 391 392 393 394 395 396 397 398 399 400 401 402 403 404]] [27 [405 406 407 408 409 410 411 412 413 414 415 416 417 418 419]] [28 [420 421 422 423 424 425 426 427 428 429 430 431 432 433 434]] [29 [435 436 437 438 439 440 441 442 443 444 445 446 447 448 449]] [30 [450 451 452 453 454 455 456 457 458 459 460 461 462 463 464]] [31 [465 466 467 468 469 470 471 472 473 474 475 476 477 478 479]] [32 [480 481 482 483 484 485 486 487 488 489 490 491 492 493 494]] [33 [495 496 497 498 499 500 501 502 503 504 505 506 507 508 509]] [34 [510 511 512 513 514 515 516 517 518 519 520 521 522 523 524]] [35 [525 526 527 528 529 530 531 532 533 534 535 536 537 538 539]] [36 [540 541 542 543 544 545 546 547 548 549 550 551 552 553 554]] [37 [555 556 557 558 559 560 561 562 563 564 565 566 567 568 569]] [38 [570 571 572 573 574 575 576 577 578 579 580 581 582 583 584]] [39 [585 586 587 588 589 590 591 592 593 594 595 596 597 598 599]] [40 [600 601 602 603 604 605 606 607 608 609 610 611 612 613 614]] [41 [615 616 617 618 619 620 621 622 623 624 625 626 627 628 629]] [42 [630 631 632 633 634 635 636 637 638 639 640 641 642 643 644]] [43 [645 646 647 648 649 650 651 652 653 654 655 656 657 658 659]] [44 [660 661 662 663 664 665 666 667 668 669 670 671 672 673 674]] [45 [675 676 677 678 679 680 681 682 683 684 685 686 687 688 689]] [46 [690 691 692 693 694 695 696 697 698 699 700 701 702 703 704]] [47 [705 706 707 708 709 710 711 712 713 714 715 716 717 718 719]] [48 [720 721 722 723 724 725 726 727 728 729 730 731 732 733 734]] [49 [735 736 737 738 739 740 741 742 743 744 745 746 747 748 749]] [50 [750 751 752 753 754 755 756 757 758 759 760 761 762 763 764]] [51 [765 766 767 768 769 770 771 772 773 774 775 776 777 778 779]] [52 [780 781 782 783 784 785 786 787 788 789 790 791 792 793 794]] [53 [795 796 797 798 799 800 801 802 803 804 805 806 807 808 809]] [54 [810 811 812 813 814 815 816 817 818 819 820 821 822 823 824]] [55 [825 826 827 828 829 830 831 832 833 834 835 836 837 838 839]] [56 [840 841 842 843 844 845 846 847 848 849 850 851 852 853 854]] [57 [855 856 857 858 859 860 861 862 863 864 865 866 867 868 869]] [58 [870 871 872 873 874 875 876 877 878 879 880 881 882 883 884]] [59 [885 886 887 888 889 890 891 892 893 894 895 896 897 898 899]] [60 [900 901 902 903 904 905 906 907 908 909 910 911 912 913 914]] [61 [915 916 917 918 919 920 921 922 923 924 925 926 927 928 929]] [62 [930 931 932 933 934 935 936 937 938 939 940 941 942 943 944]] [63 [945 946 947 948 949 950 951 952 953 954 955 956 957 958 959]] [64 [960 961 962 963 964 965 966 967 968 969 970 971 972 973 974]] [65 [975 976 977 978 979 980 981 982 983 984 985 986 987 988 989]] [66 [990 991 992 993 994 995 996 997 998 999 1000 1001 1002 1003 1004]] [67 [1005 1006 1007 1008 1009 1010 1011 1012 1013 1014 1015 1016 1017 1018 1019]] [68 [1020 1021 1022 1023 1024 1025 1026 1027 1028 1029 1030 1031 1032 1033 1034]] [69 [1035 1036 1037 1038 1039 1040 1041 1042 1043 1044 1045 1046 1047 1048 1049]] [70 [1050 1051 1052 1053 1054 1055 1056 1057 1058 1059 1060 1061 1062 1063 1064]] [71 [1065 1066 1067 1068 1069 1070 1071 1072 1073 1074 1075 1076 1077 1078 1079]] [72 [1080 1081 1082 1083 1084 1085 1086 1087 1088 1089 1090 1091 1092 1093 1094]] [73 [1095 1096 1097 1098 1099 1100 1101 1102 1103 1104 1105 1106 1107 1108 1109]] [74 [1110 1111 1112 1113 1114 1115 1116 1117 1118 1119 1120 1121 1122 1123 1124]] [75 [1125 1126 1127 1128 1129 1130 1131 1132 1133 1134 1135 1136 1137 1138 1139]] [76 [1140 1141 1142 1143 1144 1145 1146 1147 1148 1149 1150 1151 1152 1153 1154]] [77 [1155 1156 1157 1158 1159 1160 1161 1162 1163 1164 1165 1166 1167 1168 1169]] [78 [1170 1171 1172 1173 1174 1175 1176 1177 1178 1179 1180 1181 1182 1183 1184]] [79 [1185 1186 1187 1188 1189 1190 1191 1192 1193 1194 1195 1196 1197 1198 1199]] [80 [1200 1201 1202 1203 1204 1205 1206 1207 1208 1209 1210 1211 1212 1213 1214]] [81 [1215 1216 1217 1218 1219 1220 1221 1222 1223 1224 1225 1226 1227 1228 1229]] [82 [1230 1231 1232 1233 1234 1235 1236 1237 1238 1239 1240 1241 1242 1243 1244]] [83 [1245 1246 1247 1248 1249 1250 1251 1252 1253 1254 1255 1256 1257 1258 1259]] [84 [1260 1261 1262 1263 1264 1265 1266 1267 1268 1269 1270 1271 1272 1273 1274]] [85 [1275 1276 1277 1278 1279 1280 1281 1282 1283 1284 1285 1286 1287 1288 1289]] [86 [1290 1291 1292 1293 1294 1295 1296 1297 1298 1299 1300 1301 1302 1303 1304]] [87 [1305 1306 1307 1308 1309 1310 1311 1312 1313 1314 1315 1316 1317 1318 1319]] [88 [1320 1321 1322 1323 1324 1325 1326 1327 1328 1329 1330 1331 1332 1333 1334]] [89 [1335 1336 1337 1338 1339 1340 1341 1342 1343 1344 1345 1346 1347 1348 1349]] [90 [1350 1351 1352 1353 1354 1355 1356 1357 1358 1359 1360 1361 1362 1363 1364]] [91 [1365 1366 1367 1368 1369 1370 1371 1372 1373 1374 1375 1376 1377 1378 1379]] [92 [1380 1381 1382 1383 1384 1385 1386 1387 1388 1389 1390 1391 1392 1393 1394]] [93 [1395 1396 1397 1398 1399 1400 1401 1402 1403 1404 1405 1406 1407 1408 1409]] [94 [1410 1411 1412 1413 1414 1415 1416 1417 1418 1419 1420 1421 1422 1423 1424]] [95 [1425 1426 1427 1428 1429 1430 1431 1432 1433 1434 1435 1436 1437 1438 1439]] [96 [1440 1441 1442 1443 1444 1445 1446 1447 1448 1449 1450 1451 1452 1453 1454]] [97 [1455 1456 1457 1458 1459 1460 1461 1462 1463 1464 1465 1466 1467 1468 1469]] [98 [1470 1471 1472 1473 1474 1475 1476 1477 1478 1479 1480 1481 1482 1483 1484]] [99 [1485 1486 1487 1488 1489 1490 1491 1492 1493 1494 1495 1496 1497 1498 1499]]]","[[0 [2 3 4 5 6 7 8 9 10 11 12 13 14]] [1 [15 16 17 18 19 20 21 22 23 24 25 26 27 28 29]] [2 [30 31 32 33 34 35 36 37 38 39 40 41 42 43 44]] [3 [45 46 47 48 49 50 51 52 53 54 55 56 57 58 59]] [4 [60 61 62 63 64 65 66 67 68 69 70 71 72 73 74]] [5 [75 76 77 78 79 80 81 82 83 84 85 86 87 88 89]] [6 [90 91 92 93 94 95 96 97 98 99 100 101 102 103 104]] [7 [105 106 107 108 109 110 111 112 113 114 115 116 117 118 119]] [8 [120 121 122 123 124 125 126 127 128 129 130 131 132 133 134]] [9 [135 136 137 138 139 140 141 142 143 144 145 146 147 148 149]] [10 [150 151 152 153 154 155 156 157 158 159 160 161 162 163 164]] [11 [165 166 167 168 169 170 171 172 173 174 175 176 177 178 179]] [12 [180 181 182 183 184 185 186 187 188 189 190 191 192 193 194]] [13 [195 196 197 198 199 200 201 202 203 204 205 206 207 208 209]] [14 [210 211 212 213 214 215 216 217 218 219 220 221 222 223 224]] [15 [225 226 227 228 229 230 231 232 233 234 235 236 237 238 239]] [16 [240 241 242 243 244 245 246 247 248 249 250 251 252 253 254]] [17 [255 256 257 258 259 260 261 262 263 264 265 266 267 268 269]] [18 [270 271 272 273 274 275 276 277 278 279 280 281 282 283 284]] [19 [285 286 287 288 289 290 291 292 293 294 295 296 297 298 299]] [20 [300 301 302 303 304 305 306 307 308 309 310 311 312 313 314]] [21 [315 316 317 318 319 320 321 322 323 324 325 326 327 328 329]] [22 [330 331 332 333 334 335 336 337 338 339 340 341 342 343 344]] [23 [345 346 347 348 349 350 351 352 353 354 355 356 357 358 359]] [24 [360 361 362 363 364 365 366 367 368 369 370 371 372 373 374]] [25 [375 376 377 378 379 380 381 382 383 384 385 386 387 388 389]] [26 [390 391 392 393 394 395 396 397 398 399 400 401 402 403 404]] [27 [405 406 407 408 409 410 411 412 413 414 415 416 417 418 419]] [28 [420 421 422 423 424 425 426 427 428 429 430 431 432 433 434]] [29 [435 436 437 438 439 440 441 442 443 444 445 446 447 448 449]] [30 [450 451 452 453 454 455 456 457 458 459 460 461 462 463 464]] [31 [465 466 467 468 469 470 471 472 473 474 475 476 477 478 479]] [32 [480 481 482 483 484 485 486 487 488 489 490 491 492 493 494]] [33 [495 496 497 498 499 500 501 502 503 504 505 506 507 508 509]] [34 [510 511 512 513 514 515 516 517 518 519 520 521 522 523 524]] [35 [525 526 527 528 529 530 531 532 533 534 535 536 537 538 539]] [36 [540 541 542 543 544 545 546 547 548 549 550 551 552 553 554]] [37 [555 556 557 558 559 560 561 562 563 564 565 566 567 568 569]] [38 [570 571 572 573 574 575 576 577 578 579 580 581 582 583 584]] [39 [585 586 587 588 589 590 591 592 593 594 595 597 598 599]] [40 [600 601 602 603 604 605 606 607 608 609 610 611 612 613 614]] [41 [615 616 617 618 619 620 621 622 623 624 625 626 627 628 629]] [42 [630 631 632 633 634 635 636 637 638 639 640 641 642 643 644]] [43 [645 646 647 648 649 650 651 652 653 654 655 656 657 658 659]] [44 [660 661 662 663 664 665 666 667 668 669 670 671 672 673 674]] [45 [675 676 677 678 679 680 681 682 683 684 685 686 687 688 689]] [46 [690 691 692 693 694 695 696 697 698 699 700 701 702 703 704]] [47 [705 706 707 708 709 710 711 712 713 714 715 716 717 718 719]] [48 [720 721 722 723 724 725 726 727 728 729 730 731 732 733 734]] [49 [735 736 737 738 739 740 741 742 743 744 745 746 747 748 749]] [50 [750 751 752 753 754 755 756 757 758 759 760 761 762 763 764]] [51 [765 766 767 768 769 770 771 772 773 774 775 776 777 778 779]] [52 [780 781 782 783 784 785 786 787 788 789 790 791 792 793 794]] [53 [795 796 797 798 799 800 801 802 803 804 805 806 807 808 809]] [54 [810 811 812 813 814 815 816 817 818 819 820 821 822 823 824]] [55 [825 826 827 828 829 830 831 832 833 834 835 836 837 838 839]] [56 [840 841 842 843 844 845 846 847 848 849 850 851 852 853 854]] [57 [855 856 857 858 859 860 861 862 863 864 865 866 867 868 869]] [58 [870 871 872 873 874 875 876 877 878 879 880 881 882 883 884]] [59 [885 886 887 888 889 890 891 892 893 894 895 896 897 898 899]] [60 [900 901 902 903 904 905 906 907 908 909 910 911 912 913 914]] [61 [915 916 917 918 919 920 921 922 923 924 925 926 927 928 929]] [62 [930 931 932 933 934 935 936 937 938 939 940 941 942 943 944]] [63 [945 946 947 948 949 950 951 952 953 954 955 956 957 958 959]] [64 [960 961 962 963 964 965 966 967 968 969 970 971 972 973 974]] [65 [975 976 977 978 979 980 981 982 983 984 985 986 987 988 989]] [66 [990 991 992 993 994 995 996 997 998 999 1000 1001 1002 1003 1004]] [67 [1005 1006 1007 1008 1009 1010 1011 1012 1013 1014 1015 1016 1017 1018 1019]] [68 [1020 1021 1022 1023 1024 1025 1026 1027 1028 1029 1030 1031 1032 1033 1034]] [69 [1035 1036 1037 1038 1039 1040 1041 1042 1043 1044 1045 1046 1047 1048 1049]] [70 [1050 1051 1052 1053 1054 1055 1056 1057 1058 1059 1060 1061 1062 1063 1064]] [71 [1065 1066 1067 1068 1069 1070 1071 1072 1073 1074 1075 1076 1077 1078 1079]] [72 [1080 1081 1082 1083 1084 1085 1086 1087 1088 1089 1090 1091 1092 1093 1094]] [73 [1095 1096 1097 1098 1099 1100 1101 1102 1103 1104 1105 1106 1107 1108 1109]] [74 [1110 1111 1112 1113 1114 1115 1116 1117 1118 1119 1120 1121 1122 1123 1124]] [75 [1125 1126 1127 1128 1129 1130 1131 1132 1133 1134 1135 1136 1137 1138 1139]] [76 [1140 1141 1142 1143 1144 1145 1146 1147 1148 1149 1150 1151 1152 1153 1154]] [77 [1155 1156 1157 1158 1159 1160 1161 1162 1163 1164 1165 1166 1167 1168 1169]] [78 [1170 1171 1172 1173 1174 1175 1176 1177 1178 1179 1180 1181 1182 1183 1184]] [79 [1185 1186 1187 1188 1189 1190 1191 1192 1193 1194 1195 1196 1197 1198 1199]] [80 [1200 1201 1202 1203 1204 1205 1206 1207 1208 1209 1210 1211 1212 1213 1214]] [81 [1215 1216 1217 1218 1219 1220 1221 1222 1223 1224 1225 1226 1227 1228 1229]] [82 [1230 1231 1232 1233 1234 1235 1236 1237 1238 1239 1240 1241 1242 1243 1244]] [83 [1245 1246 1247 1248 1249 1250 1251 1252 1253 1254 1255 1256 1257 1258 1259]] [84 [1260 1261 1262 1263 1264 1265 1266 1267 1268 1269 1270 1271 1272 1273 1274]] [85 [1275 1276 1277 1278 1279 1280 1281 1282 1283 1284 1285 1286 1287 1288 1289]] [86 [1290 1291 1292 1293 1294 1295 1296 1297 1298 1299 1300 1301 1302 1303 1304]] [87 [1305 1306 1307 1308 1309 1310 1311 1312 1313 1314 1315 1316 1317 1318 1319]] [88 [1320 1321 1322 1323 1324 1325 1326 1327 1328 1329 1330 1331 1332 1333 1334]] [89 [1335 1336 1337 1338 1339 1340 1341 1342 1343 1344 1345 1346 1347 1348 1349]] [90 [1350 1351 1352 1353 1354 1355 1356 1357 1358 1359 1360 1361 1362 1363 1364]] [91 [1365 1366 1367 1368 1369 1370 1371 1372 1373 1374 1375 1376 1377 1378 1379]] [92 [1380 1381 1382 1383 1384 1385 1386 1387 1388 1389 1390 1391 1392 1393 1394]] [93 [1395 1396 1397 1398 1399 1400 1401 1402 1403 1404 1405 1406 1407 1408 1409]] [94 [1410 1411 1412 1413 1414 1415 1416 1417 1418 1419 1420 1421 1422 1423 1424]] [95 [1425 1426 1427 1428 1429 1430 1431 1432 1433 1434 1435 1436 1437 1438 1439]] [96 [1440 1441 1442 1443 1444 1445 1446 1447 1448 1449 1450 1451 1452 1453 1454]] [97 [1455 1456 1457 1458 1459 1460 1461 1462 1463 1464 1465 1466 1467 1468 1469]] [98 [1470 1471 1472 1473 1474 1475 1476 1477 1478 1479 1480 1481 1482 1483 1484]] [99 [1485 1486 1487 1488 1489 1490 1491 1492 1493 1494 1495 1496 1497 1498 1499]]]",,"[[{citizen 23} [[""A"" [4 4 4 4 4 4 4 4 4 4]]]] [{citizen 41} [[""A"" [4 4 4 4 4 4 4 4 4 4]]]] [{media 52} [[""A"" [4 4 4 4 4 4 4 4 4 4]]]] [{media 53} [[""A"" [4 4 4 4 4 4 4 4 4 4]]]] [{media 54} [[""A"" [4 4 4 4 4 4 4 4 4 4]]]] [{media 55} [[""A"" [4 4 4 4 4 4 4 4 4 4]]]] [{media 56} [[""A"" [4 4 4 4 4 4 4 4 4 4]]]] [{media 58} [[""A"" [4 4 4 4 4 4 4 4 4 4]]]] [{media 59} [[""A"" [4 4 4 4 4 4 4 4 4 4]]]] [{media 60} [[""A"" [4 4 4 4 4 4 4 4 4 4]]]] [{media 61} [[""A"" [4 4 4 4 4 4 4 4 4 4]]]] [{media 63} [[""A"" [4 4 4 4 4 4 4 4 4 4]]]] [{media 64} [[""A"" [4 4 4 4 4 4 4 4 4 4]]]] [{media 62} [[""A"" [4 4 4 4 4 4 4 4 4 4]]]] [{citizen 1} [[""A"" [4 4 4 4 4 4 4 4 4 4]]]] [{citizen 5} [[""A"" [4 4 4 4 4 4 4 4 4 4]]]] [{citizen 2} [[""A"" [4 4 4 4 4 4 4 4 4 4]]]] [{citizen 8} [[""A"" [4 4 4 4 4 4 4 4 4 4]]]] [{citizen 0} [[""A"" [4 4 4 4 4 4 4 4 4 4]]]] [{citizen 6} [[""A"" [4 4 4 4 4 4 4 4 4 4]]]] [{citizen 7} [[""A"" [4 4 4 4 4 4 4 4 4 4]]]] [{media 51} [[""A"" [4 4 4 4 4 4 4 4 4 4]]]] [{media 57} [[""A"" [4 4 4 4 4 4 4 4 4 4]]]] [{citizen 49} [[""A"" [4 4 4 4 4 4 4 4 4 4]]]] [{citizen 17} [[""A"" [4 4 4 4 4 4 4 4 4 4]]]] [{citizen 46} [[""A"" [4 4 4 4 4 4 4 4 4 4]]]] [{citizen 27} [[""A"" [4 4 4 4 4 4 4 4 4 4]]]] [{citizen 45} [[""A"" [4 4 4 4 4 4 4 4 4 4]]]] [{citizen 40} [[""A"" [4 4 4 4 4 4 4 4 4 4]]]] [{citizen 16} [[""A"" [4 4 4 4 4 4 4 4 4 4]]]] [{citizen 35} [[""A"" [4 4 4 4 4 4 4 4 4 4]]]] [{citizen 24} [[""A"" [4 4 4 4 4 4 4 4 4 4]]]] [{citizen 44} [[""A"" [4 4 4 4 4 4 4 4 4 4]]]] [{citizen 32} [[""A"" [4 4 4 4 4 4 4 4 4 4]]]] [{citizen 39} [[""A"" [4 4 4 4 4 4 4 4 4 4]]]] [{citizen 20} [[""A"" [4 4 4 4 4 4 4 4 4 4]]]] [{citizen 31} [[""A"" [4 4 4 4 4 4 4 4 4 4]]]] [{citizen 14} [[""A"" [4 4 4 4 4 4 4 4 4 4]]]] [{citizen 36} [[""A"" [4 4 4 4 4 4 4 4 4 4]]]] [{citizen 4} [[""A"" [4 4 4 4 4 4 4 4 4 4]]]] [{citizen 28} [[""A"" [4 4 4 4 4 4 4 4 4 4]]]] [{citizen 9} [[""A"" [4 4 4 4 4 4 4 4 4 4]]]] [{citizen 29} [[""A"" [4 4 4 4 4 4 4 4 4 4]]]] [{citizen 26} [[""A"" [4 4 4 4 4 4 4 4 4 4]]]] [{citizen 15} [[""A"" [4 4 4 4 4 4 4 4 4 4]]]] [{citizen 12} [[""A"" [4 4 4 4 4 4 4 4 4 4]]]] [{citizen 38} [[""A"" [4 4 4 4 4 4 4 4 4 4]]]] [{citizen 10} [[""A"" [4 4 4 4 4 4 4 4 4 4]]]] [{citizen 43} [[""A"" [4 4 4 4 4 4 4 4 4 4]]]] [{citizen 11} [[""A"" [4 4 4 4 4 4 4 4 4 4]]]] [{citizen 42} [[""A"" [4 4 4 4 4 4 4 4 4 4]]]] [{citizen 21} [[""A"" [4 4 4 4 4 4 4 4 4 4]]]] [{citizen 19} [[""A"" [4 4 4 4 4 4 4 4 4 4]]]] [{citizen 37} [[""A"" [4 4 4 4 4 4 4 4 4 4]]]] [{citizen 30} [[""A"" [4 4 4 4 4 4 4 4 4 4]]]] [{citizen 22} [[""A"" [4 4 4 4 4 4 4 4 4 4]]]] [{citizen 48} [[""A"" [4 4 4 4 4 4 4 4 4 4]]]] [{citizen 34} [[""A"" [4 4 4 4 4 4 4 4 4 4]]]] [{citizen 47} [[""A"" [4 4 4 4 4 4 4 4 4 4]]]] [{media 50} [[""A"" [4 4 4 4 4 4 4 4 4 4]]]] [{citizen 3} [[""A"" [4 4 4 4 4 4 4 4 4 4]]]]]"
"14","[85 0 170]","191.4893617021277","-0.924726134216367","-4.408725201984509","""circle""","""""","9.9","{breed citizens}","false","0.5","1","""up""",,"[[""ID"" 4] [""alpha"" 1] [""beta"" 1] [""malleable"" [""A""]] [""prior"" []] [""cont_tokens"" []] [""A"" 4]]","[[0 [2 3 4 5 6 7 8 9 10 11 12 13 14]] [1 [15 16 17 18 19 20 21 22 23 24 25 26 27 28 29]] [2 [30 31 32 33 34 35 36 37 38 39 40 41 42 43 44]] [3 [45 46 47 48 49 50 51 52 53 54 55 56 57 58 59]] [4 [60 61 62 63 64 65 66 67 68 69 70 71 72 73 74]] [5 [75 76 77 78 79 80 81 82 83 84 85 86 87 88 89]] [6 [90 91 92 93 94 95 96 97 98 99 100 101 102 103 104]] [7 [105 106 107 108 109 110 111 112 113 114 115 116 117 118 119]] [8 [120 121 122 123 124 125 126 127 128 129 130 131 132 133 134]] [9 [135 136 137 138 139 140 141 142 143 144 145 146 147 148 149]] [10 [150 151 152 153 154 155 156 157 158 159 160 161 162 163 164]] [11 [165 166 167 168 169 170 171 172 173 174 175 176 177 178 179]] [12 [180 181 182 183 184 185 186 187 188 189 190 191 192 193 194]] [13 [195 196 197 198 199 200 201 202 203 204 205 206 207 208 209]] [14 [210 211 212 213 214 215 216 217 218 219 220 221 222 223 224]] [15 [225 226 227 228 229 230 231 232 233 234 235 236 237 238 239]] [16 [240 241 242 243 244 245 246 247 248 249 250 251 252 253 254]] [17 [255 256 257 258 259 260 261 262 263 264 265 266 267 268 269]] [18 [270 271 272 273 274 275 276 277 278 279 280 281 282 283 284]] [19 [285 286 287 288 289 290 291 292 293 294 295 296 297 298 299]] [20 [300 301 302 303 304 305 306 307 308 309 310 311 312 313 314]] [21 [315 316 317 318 319 320 321 322 323 324 325 326 327 328 329]] [22 [330 331 332 333 334 335 336 337 338 339 340 341 342 343 344]] [23 [345 346 347 348 349 350 351 352 353 354 355 356 357 358 359]] [24 [360 361 362 363 364 365 366 367 368 369 370 371 372 373 374]] [25 [375 376 377 378 379 380 381 382 383 384 385 386 387 388 389]] [26 [390 391 392 393 394 395 396 397 398 399 400 401 402 403 404]] [27 [405 406 407 408 409 410 411 412 413 414 415 416 417 418 419]] [28 [420 421 422 423 424 425 426 427 428 429 430 431 432 433 434]] [29 [435 436 437 438 439 440 441 442 443 444 445 446 447 448 449]] [30 [450 451 452 453 454 455 456 457 458 459 460 461 462 463 464]] [31 [465 466 467 468 469 470 471 472 473 474 475 476 477 478 479]] [32 [480 481 482 483 484 485 486 487 488 489 490 491 492 493 494]] [33 [495 496 497 498 499 500 501 502 503 504 505 506 507 508 509]] [34 [510 511 512 513 514 515 516 517 518 519 520 521 522 523 524]] [35 [525 526 527 528 529 530 531 532 533 534 535 536 537 538 539]] [36 [540 541 542 543 544 545 546 547 548 549 550 551 552 553 554]] [37 [555 556 557 558 559 560 561 562 563 564 565 566 567 568 569]] [38 [570 571 572 573 574 575 576 577 578 579 580 581 582 583 584]] [39 [585 586 587 588 589 590 591 592 593 594 595 596 597 598 599]] [40 [600 601 602 603 604 605 606 607 608 609 610 611 612 613 614]] [41 [615 616 617 618 619 620 621 622 623 624 625 626 627 628 629]] [42 [630 631 632 633 634 635 636 637 638 639 640 641 642 643 644]] [43 [645 646 647 648 649 650 651 652 653 654 655 656 657 658 659]] [44 [660 661 662 663 664 665 666 667 668 669 670 671 672 673 674]] [45 [675 676 677 678 679 680 681 682 683 684 685 686 687 688 689]] [46 [690 691 692 693 694 695 696 697 698 699 700 701 702 703 704]] [47 [705 706 707 708 709 710 711 712 713 714 715 716 717 718 719]] [48 [720 721 722 723 724 725 726 727 728 729 730 731 732 733 734]] [49 [735 736 737 738 739 740 741 742 743 744 745 746 747 748 749]] [50 [750 751 752 753 754 755 756 757 758 759 760 761 762 763 764]] [51 [765 766 767 768 769 770 771 772 773 774 775 776 777 778 779]] [52 [780 781 782 783 784 785 786 787 788 789 790 791 792 793 794]] [53 [795 796 797 798 799 800 801 802 803 804 805 806 807 808 809]] [54 [810 811 812 813 814 815 816 817 818 819 820 821 822 823 824]] [55 [825 826 827 828 829 830 831 832 833 834 835 836 837 838 839]] [56 [840 841 842 843 844 845 846 847 848 849 850 851 852 853 854]] [57 [855 856 857 858 859 860 861 862 863 864 865 866 867 868 869]] [58 [870 871 872 873 874 875 876 877 878 879 880 881 882 883 884]] [59 [885 886 887 888 889 890 891 892 893 894 895 896 897 898 899]] [60 [900 901 902 903 904 905 906 907 908 909 910 911 912 913 914]] [61 [915 916 917 918 919 920 921 922 923 924 925 926 927 928 929]] [62 [930 931 932 933 934 935 936 937 938 939 940 941 942 943 944]] [63 [945 946 947 948 949 950 951 952 953 954 955 956 957 958 959]] [64 [960 961 962 963 964 965 966 967 968 969 970 971 972 973 974]] [65 [975 976 977 978 979 980 981 982 983 984 985 986 987 988 989]] [66 [990 991 992 993 994 995 996 997 998 999 1000 1001 1002 1003 1004]] [67 [1005 1006 1007 1008 1009 1010 1011 1012 1013 1014 1015 1016 1017 1018 1019]] [68 [1020 1021 1022 1023 1024 1025 1026 1027 1028 1029 1030 1031 1032 1033 1034]] [69 [1035 1036 1037 1038 1039 1040 1041 1042 1043 1044 1045 1046 1047 1048 1049]] [70 [1050 1051 1052 1053 1054 1055 1056 1057 1058 1059 1060 1061 1062 1063 1064]] [71 [1065 1066 1067 1068 1069 1070 1071 1072 1073 1074 1075 1076 1077 1078 1079]] [72 [1080 1081 1082 1083 1084 1085 1086 1087 1088 1089 1090 1091 1092 1093 1094]] [73 [1095 1096 1097 1098 1099 1100 1101 1102 1103 1104 1105 1106 1107 1108 1109]] [74 [1110 1111 1112 1113 1114 1115 1116 1117 1118 1119 1120 1121 1122 1123 1124]] [75 [1125 1126 1127 1128 1129 1130 1131 1132 1133 1134 1135 1136 1137 1138 1139]] [76 [1140 1141 1142 1143 1144 1145 1146 1147 1148 1149 1150 1151 1152 1153 1154]] [77 [1155 1156 1157 1158 1159 1160 1161 1162 1163 1164 1165 1166 1167 1168 1169]] [78 [1170 1171 1172 1173 1174 1175 1176 1177 1178 1179 1180 1181 1182 1183 1184]] [79 [1185 1186 1187 1188 1189 1190 1191 1192 1193 1194 1195 1196 1197 1198 1199]] [80 [1200 1201 1202 1203 1204 1205 1206 1207 1208 1209 1210 1211 1212 1213 1214]] [81 [1215 1216 1217 1218 1219 1220 1221 1222 1223 1224 1225 1226 1227 1228 1229]] [82 [1230 1231 1232 1233 1234 1235 1236 1237 1238 1239 1240 1241 1242 1243 1244]] [83 [1245 1246 1247 1248 1249 1250 1251 1252 1253 1254 1255 1256 1257 1258 1259]] [84 [1260 1261 1262 1263 1264 1265 1266 1267 1268 1269 1270 1271 1272 1273 1274]] [85 [1275 1276 1277 1278 1279 1280 1281 1282 1283 1284 1285 1286 1287 1288 1289]] [86 [1290 1291 1292 1293 1294 1295 1296 1297 1298 1299 1300 1301 1302 1303 1304]] [87 [1305 1306 1307 1308 1309 1310 1311 1312 1313 1314 1315 1316 1317 1318 1319]] [88 [1320 1321 1322 1323 1324 1325 1326 1327 1328 1329 1330 1331 1332 1333 1334]] [89 [1335 1336 1337 1338 1339 1340 1341 1342 1343 1344 1345 1346 1347 1348 1349]] [90 [1350 1351 1352 1353 1354 1355 1356 1357 1358 1359 1360 1361 1362 1363 1364]] [91 [1365 1366 1367 1368 1369 1370 1371 1372 1373 1374 1375 1376 1377 1378 1379]] [92 [1380 1381 1382 1383 1384 1385 1386 1387 1388 1389 1390 1391 1392 1393 1394]] [93 [1395 1396 1397 1398 1399 1400 1401 1402 1403 1404 1405 1406 1407 1408 1409]] [94 [1410 1411 1412 1413 1414 1415 1416 1417 1418 1419 1420 1421 1422 1423 1424]] [95 [1425 1426 1427 1428 1429 1430 1431 1432 1433 1434 1435 1436 1437 1438 1439]] [96 [1440 1441 1442 1443 1444 1445 1446 1447 1448 1449 1450 1451 1452 1453 1454]] [97 [1455 1456 1457 1458 1459 1460 1461 1462 1463 1464 1465 1466 1467 1468 1469]] [98 [1470 1471 1472 1473 1474 1475 1476 1477 1478 1479 1480 1481 1482 1483 1484]] [99 [1485 1486 1487 1488 1489 1490 1491 1492 1493 1494 1495 1496 1497 1498 1499]]]","[[0 [2 3 4 5 6 7 8 9 10 11 12 13 14]] [1 [15 16 17 18 19 20 21 22 23 24 25 26 27 28 29]] [2 [30 31 32 33 34 35 36 37 38 39 40 41 42 43 44]] [3 [45 46 47 48 49 50 51 52 53 54 55 56 57 58 59]] [4 [60 61 62 63 64 65 66 67 68 69 70 71 72 73 74]] [5 [75 76 77 78 79 80 81 82 83 84 85 86 87 88 89]] [6 [90 91 92 93 94 95 96 97 98 99 100 101 102 103 104]] [7 [105 106 107 108 109 110 111 112 113 114 115 116 117 118 119]] [8 [120 121 122 123 124 125 126 127 128 129 130 131 132 133 134]] [9 [135 136 137 138 139 140 141 142 143 144 145 146 147 148 149]] [10 [150 151 152 153 154 155 156 157 158 159 160 161 162 163 164]] [11 [165 166 167 168 169 170 171 172 173 174 175 176 177 178 179]] [12 [180 181 182 183 184 185 186 187 188 189 190 191 192 193 194]] [13 [195 196 197 198 199 200 201 202 203 204 205 206 207 208 209]] [14 [210 211 212 213 214 215 216 217 218 219 220 221 222 223 224]] [15 [225 226 227 228 229 230 231 232 233 234 235 236 237 238 239]] [16 [240 241 242 243 244 245 246 247 248 249 250 251 252 253 254]] [17 [255 256 257 258 259 260 261 262 263 264 265 266 267 268 269]] [18 [270 271 272 273 274 275 276 277 278 279 280 281 282 283 284]] [19 [285 286 287 288 289 290 291 292 293 294 295 296 297 298 299]] [20 [300 301 302 303 304 305 306 307 308 309 310 311 312 313 314]] [21 [315 316 317 318 319 320 321 322 323 324 325 326 327 328 329]] [22 [330 331 332 333 334 335 336 337 338 339 340 341 342 343 344]] [23 [345 346 347 348 349 350 351 352 353 354 355 356 357 358 359]] [24 [360 361 362 363 364 365 366 367 368 369 370 371 372 373 374]] [25 [375 376 377 378 379 380 381 382 383 384 385 386 387 388 389]] [26 [390 391 392 393 394 395 396 397 398 399 400 401 402 403 404]] [27 [405 406 407 408 409 410 411 412 413 414 415 416 417 418 419]] [28 [420 421 422 423 424 425 426 427 428 429 430 431 432 433 434]] [29 [435 436 437 438 439 440 441 442 443 444 445 446 447 448 449]] [30 [450 451 452 453 454 455 456 457 458 459 460 461 462 463 464]] [31 [465 466 467 468 469 470 471 472 473 474 475 476 477 478 479]] [32 [480 481 482 483 484 485 486 487 488 489 490 491 492 493 494]] [33 [495 496 497 498 499 500 501 502 503 504 505 506 507 508 509]] [34 [510 511 512 513 514 515 516 517 518 519 520 521 522 523 524]] [35 [525 526 527 528 529 530 531 532 533 534 535 536 537 538 539]] [36 [540 541 542 543 544 545 546 547 548 549 550 551 552 553 554]] [37 [555 556 557 558 559 560 561 562 563 564 565 566 567 568 569]] [38 [570 571 572 573 574 575 576 577 578 579 580 581 582 583 584]] [39 [585 586 587 588 589 590 591 592 593 594 595 596 597 598 599]] [40 [600 601 602 603 604 605 606 607 608 609 610 611 612 613 614]] [41 [615 616 617 618 619 620 621 622 623 624 625 626 627 628 629]] [42 [630 631 632 633 634 635 636 637 638 639 640 641 642 643 644]] [43 [645 646 647 648 649 650 651 652 653 654 655 656 657 658 659]] [44 [660 661 662 663 664 665 666 667 668 669 670 671 672 673 674]] [45 [675 676 677 678 679 680 681 682 683 684 685 686 687 688 689]] [46 [690 691 692 693 694 695 696 697 698 699 700 701 702 703 704]] [47 [705 706 707 708 709 710 711 712 713 714 715 716 717 718 719]] [48 [720 721 722 723 724 725 726 727 728 729 730 731 732 733 734]] [49 [735 736 737 738 739 740 741 742 743 744 745 746 747 748 749]] [50 [750 751 752 753 754 755 756 757 758 759 760 761 762 763 764]] [51 [765 766 767 768 769 770 771 772 773 774 775 776 777 778 779]] [52 [780 781 782 783 784 785 786 787 788 789 790 791 792 793 794]] [53 [795 796 797 798 799 800 801 802 803 804 805 806 807 808 809]] [54 [810 811 812 813 814 815 816 817 818 819 820 821 822 823 824]] [55 [825 826 827 828 829 830 831 832 833 834 835 836 837 838 839]] [56 [840 841 842 843 844 845 846 847 848 849 850 851 852 853 854]] [57 [855 856 857 858 859 860 861 862 863 864 865 866 867 868 869]] [58 [870 871 872 873 874 875 876 877 878 879 881 882 883 884]] [59 [885 886 887 888 889 890 891 892 893 894 895 896 897 898 899]] [60 [900 901 902 903 904 905 906 907 908 909 910 911 912 913 914]] [61 [915 916 917 918 919 920 921 922 923 924 925 926 927 928 929]] [62 [930 931 932 933 934 935 936 937 938 939 940 941 942 943 944]] [63 [945 946 947 948 949 950 951 952 953 954 955 956 957 958 959]] [64 [960 961 962 963 964 965 966 967 968 969 970 971 972 973 974]] [65 [975 976 977 978 979 980 981 982 983 984 985 986 987 988 989]] [66 [990 991 992 993 994 995 996 997 998 999 1000 1001 1002 1003 1004]] [67 [1005 1006 1007 1008 1009 1010 1011 1012 1013 1014 1015 1016 1017 1018 1019]] [68 [1020 1021 1022 1023 1024 1025 1026 1027 1028 1029 1030 1031 1032 1033 1034]] [69 [1035 1036 1037 1038 1039 1040 1041 1042 1043 1044 1045 1046 1047 1048 1049]] [70 [1050 1051 1052 1053 1054 1055 1056 1057 1058 1059 1060 1061 1062 1063 1064]] [71 [1065 1066 1067 1068 1069 1070 1071 1072 1073 1074 1075 1076 1077 1078 1079]] [72 [1080 1081 1082 1083 1084 1085 1086 1087 1088 1089 1090 1091 1092 1093 1094]] [73 [1095 1096 1097 1098 1099 1100 1101 1102 1103 1104 1105 1106 1107 1108 1109]] [74 [1110 1111 1112 1113 1114 1115 1116 1117 1118 1119 1120 1121 1122 1123 1124]] [75 [1125 1126 1127 1128 1129 1130 1131 1132 1133 1134 1135 1136 1137 1138 1139]] [76 [1140 1141 1142 1143 1144 1145 1146 1147 1148 1149 1150 1151 1152 1153 1154]] [77 [1155 1156 1157 1158 1159 1160 1161 1162 1163 1164 1165 1166 1167 1168 1169]] [78 [1170 1171 1172 1173 1174 1175 1176 1177 1178 1179 1180 1181 1182 1183 1184]] [79 [1185 1186 1187 1188 1189 1190 1191 1192 1193 1194 1195 1196 1197 1198 1199]] [80 [1200 1201 1202 1203 1204 1205 1206 1207 1208 1209 1210 1211 1212 1213 1214]] [81 [1215 1216 1217 1218 1219 1220 1221 1222 1223 1224 1225 1226 1227 1228 1229]] [82 [1230 1231 1232 1233 1234 1235 1236 1237 1238 1239 1240 1241 1242 1243 1244]] [83 [1245 1246 1247 1248 1249 1250 1251 1252 1253 1254 1255 1256 1257 1258 1259]] [84 [1260 1261 1262 1263 1264 1265 1266 1267 1268 1269 1270 1271 1272 1273 1274]] [85 [1275 1276 1277 1278 1279 1280 1281 1282 1283 1284 1285 1286 1287 1288 1289]] [86 [1290 1291 1292 1293 1294 1295 1296 1297 1298 1299 1300 1301 1302 1303 1304]] [87 [1305 1306 1307 1308 1309 1310 1311 1312 1313 1314 1315 1316 1317 1318 1319]] [88 [1320 1321 1322 1323 1324 1325 1326 1327 1328 1329 1330 1331 1332 1333 1334]] [89 [1335 1336 1337 1338 1339 1340 1341 1342 1343 1344 1345 1346 1347 1348 1349]] [90 [1350 1351 1352 1353 1354 1355 1356 1357 1358 1359 1360 1361 1362 1363 1364]] [91 [1365 1366 1367 1368 1369 1370 1371 1372 1373 1374 1375 1376 1377 1378 1379]] [92 [1380 1381 1382 1383 1384 1385 1386 1387 1388 1389 1390 1391 1392 1393 1394]] [93 [1395 1396 1397 1398 1399 1400 1401 1402 1403 1404 1405 1406 1407 1408 1409]] [94 [1410 1411 1412 1413 1414 1415 1416 1417 1418 1419 1420 1421 1422 1423 1424]] [95 [1425 1426 1427 1428 1429 1430 1431 1432 1433 1434 1435 1436 1437 1438 1439]] [96 [1440 1441 1442 1443 1444 1445 1446 1447 1448 1449 1450 1451 1452 1453 1454]] [97 [1455 1456 1457 1458 1459 1460 1461 1462 1463 1464 1465 1466 1467 1468 1469]] [98 [1470 1471 1472 1473 1474 1475 1476 1477 1478 1479 1480 1481 1482 1483 1484]] [99 [1485 1486 1487 1488 1489 1490 1491 1492 1493 1494 1495 1496 1497 1498 1499]]]",,"[[{citizen 15} [[""A"" [4 4 4 4 4 4 4 4 4 4]]]] [{citizen 19} [[""A"" [4 4 4 4 4 4 4 4 4 4]]]] [{citizen 26} [[""A"" [4 4 4 4 4 4 4 4 4 4]]]] [{citizen 38} [[""A"" [4 4 4 4 4 4 4 4 4 4]]]] [{citizen 43} [[""A"" [4 4 4 4 4 4 4 4 4 4]]]] [{media 59} [[""A"" [4 4 4 4 4 4 4 4 4 4]]]] [{media 60} [[""A"" [4 4 4 4 4 4 4 4 4 4]]]] [{media 61} [[""A"" [4 4 4 4 4 4 4 4 4 4]]]] [{media 63} [[""A"" [4 4 4 4 4 4 4 4 4 4]]]] [{media 64} [[""A"" [4 4 4 4 4 4 4 4 4 4]]]] [{media 54} [[""A"" [4 4 4 4 4 4 4 4 4 4]]]] [{citizen 2} [[""A"" [4 4 4 4 4 4 4 4 4 4]]]] [{citizen 5} [[""A"" [4 4 4 4 4 4 4 4 4 4]]]] [{citizen 8} [[""A"" [4 4 4 4 4 4 4 4 4 4]]]] [{media 58} [[""A"" [4 4 4 4 4 4 4 4 4 4]]]] [{citizen 9} [[""A"" [4 4 4 4 4 4 4 4 4 4]]]] [{citizen 6} [[""A"" [4 4 4 4 4 4 4 4 4 4]]]] [{citizen 7} [[""A"" [4 4 4 4 4 4 4 4 4 4]]]] [{media 51} [[""A"" [4 4 4 4 4 4 4 4 4 4]]]] [{citizen 1} [[""A"" [4 4 4 4 4 4 4 4 4 4]]]] [{media 55} [[""A"" [4 4 4 4 4 4 4 4 4 4]]]] [{media 56} [[""A"" [4 4 4 4 4 4 4 4 4 4]]]] [{media 57} [[""A"" [4 4 4 4 4 4 4 4 4 4]]]] [{media 53} [[""A"" [4 4 4 4 4 4 4 4 4 4]]]] [{media 52} [[""A"" [4 4 4 4 4 4 4 4 4 4]]]] [{citizen 0} [[""A"" [4 4 4 4 4 4 4 4 4 4]]]] [{citizen 49} [[""A"" [4 4 4 4 4 4 4 4 4 4]]]] [{citizen 17} [[""A"" [4 4 4 4 4 4 4 4 4 4]]]] [{citizen 46} [[""A"" [4 4 4 4 4 4 4 4 4 4]]]] [{citizen 27} [[""A"" [4 4 4 4 4 4 4 4 4 4]]]] [{citizen 45} [[""A"" [4 4 4 4 4 4 4 4 4 4]]]] [{citizen 40} [[""A"" [4 4 4 4 4 4 4 4 4 4]]]] [{citizen 16} [[""A"" [4 4 4 4 4 4 4 4 4 4]]]] [{citizen 35} [[""A"" [4 4 4 4 4 4 4 4 4 4]]]] [{citizen 23} [[""A"" [4 4 4 4 4 4 4 4 4 4]]]] [{citizen 24} [[""A"" [4 4 4 4 4 4 4 4 4 4]]]] [{citizen 44} [[""A"" [4 4 4 4 4 4 4 4 4 4]]]] [{citizen 32} [[""A"" [4 4 4 4 4 4 4 4 4 4]]]] [{citizen 39} [[""A"" [4 4 4 4 4 4 4 4 4 4]]]] [{citizen 20} [[""A"" [4 4 4 4 4 4 4 4 4 4]]]] [{citizen 31} [[""A"" [4 4 4 4 4 4 4 4 4 4]]]] [{citizen 21} [[""A"" [4 4 4 4 4 4 4 4 4 4]]]] [{citizen 11} [[""A"" [4 4 4 4 4 4 4 4 4 4]]]] [{citizen 4} [[""A"" [4 4 4 4 4 4 4 4 4 4]]]] [{citizen 42} [[""A"" [4 4 4 4 4 4 4 4 4 4]]]] [{citizen 37} [[""A"" [4 4 4 4 4 4 4 4 4 4]]]] [{citizen 30} [[""A"" [4 4 4 4 4 4 4 4 4 4]]]] [{media 62} [[""A"" [4 4 4 4 4 4 4 4 4 4]]]] [{citizen 12} [[""A"" [4 4 4 4 4 4 4 4 4 4]]]] [{citizen 10} [[""A"" [4 4 4 4 4 4 4 4 4 4]]]] [{citizen 48} [[""A"" [4 4 4 4 4 4 4 4 4 4]]]] [{citizen 22} [[""A"" [4 4 4 4 4 4 4 4 4 4]]]] [{citizen 29} [[""A"" [4 4 4 4 4 4 4 4 4 4]]]] [{citizen 13} [[""A"" [4 4 4 4 4 4 4 4 4 4]]]] [{citizen 34} [[""A"" [4 4 4 4 4 4 4 4 4 4]]]] [{citizen 47} [[""A"" [4 4 4 4 4 4 4 4 4 4]]]] [{citizen 36} [[""A"" [4 4 4 4 4 4 4 4 4 4]]]] [{citizen 41} [[""A"" [4 4 4 4 4 4 4 4 4 4]]]] [{media 50} [[""A"" [4 4 4 4 4 4 4 4 4 4]]]] [{citizen 28} [[""A"" [4 4 4 4 4 4 4 4 4 4]]]] [{citizen 3} [[""A"" [4 4 4 4 4 4 4 4 4 4]]]]]"
"15","[85 0 170]","81.38297872340426","9.395803784690715","1.626304760303101","""circle""","""""","9.9","{breed citizens}","false","0.5","1","""up""",,"[[""ID"" 5] [""alpha"" 1] [""beta"" 1] [""malleable"" [""A""]] [""prior"" []] [""cont_tokens"" []] [""A"" 4]]","[[0 [0 1 2 3 4 5 6 7 8 9 10 11 12 13 14]] [1 [15 16 17 18 19 20 21 22 23 24 25 26 27 28 29]] [2 [30 31 32 33 34 35 36 37 38 39 40 41 42 43 44]] [3 [45 46 47 48 49 50 51 52 53 54 55 56 57 58 59]] [4 [60 61 62 63 64 65 66 67 68 69 70 71 72 73 74]] [5 [75 76 77 78 79 80 81 82 83 84 85 86 87 88 89]] [6 [90 91 92 93 94 95 96 97 98 99 100 101 102 103 104]] [7 [105 106 107 108 109 110 111 112 113 114 115 116 117 118 119]] [8 [120 121 122 123 124 125 126 127 128 129 130 131 132 133 134]] [9 [135 136 137 138 139 140 141 142 143 144 145 146 147 148 149]] [10 [150 151 152 153 154 155 156 157 158 159 160 161 162 163 164]] [11 [165 166 167 168 169 170 171 172 173 174 175 176 177 178 179]] [12 [180 181 182 183 184 185 186 187 188 189 190 191 192 193 194]] [13 [195 196 197 198 199 200 201 202 203 204 205 206 207 208 209]] [14 [210 211 212 213 214 215 216 217 218 219 220 221 222 223 224]] [15 [225 226 227 228 229 230 231 232 233 234 235 236 237 238 239]] [16 [240 241 242 243 244 245 246 247 248 249 250 251 252 253 254]] [17 [255 256 257 258 259 260 261 262 263 264 265 266 267 268 269]] [18 [270 271 272 273 274 275 276 277 278 279 280 281 282 283 284]] [19 [285 286 287 288 289 290 291 292 293 294 295 296 297 298 299]] [20 [300 301 302 303 304 305 306 307 308 309 310 311 312 313 314]] [21 [315 316 317 318 319 320 321 322 323 324 325 326 327 328 329]] [22 [330 331 332 333 334 335 336 337 338 339 340 341 342 343 344]] [23 [345 346 347 348 349 350 351 352 353 354 355 356 357 358 359]] [24 [360 361 362 363 364 365 366 367 368 369 370 371 372 373 374]] [25 [375 376 377 378 379 380 381 382 383 384 385 386 387 388 389]] [26 [390 391 392 393 394 395 396 397 398 399 400 401 402 403 404]] [27 [405 406 407 408 409 410 411 412 413 414 415 416 417 418 419]] [28 [420 421 422 423 424 425 426 427 428 429 430 431 432 433 434]] [29 [435 436 437 438 439 440 441 442 443 444 445 446 447 448 449]] [30 [450 451 452 453 454 455 456 457 458 459 460 461 462 463 464]] [31 [465 466 467 468 469 470 471 472 473 474 475 476 477 478 479]] [32 [480 481 482 483 484 485 486 487 488 489 490 491 492 493 494]] [33 [495 496 497 498 499 500 501 502 503 504 505 506 507 508 509]] [34 [510 511 512 513 514 515 516 517 518 519 520 521 522 523 524]] [35 [525 526 527 528 529 530 531 532 533 534 535 536 537 538 539]] [36 [540 541 542 543 544 545 546 547 548 549 550 551 552 553 554]] [37 [555 556 557 558 559 560 561 562 563 564 565 566 567 568 569]] [38 [570 571 572 573 574 575 576 577 578 579 580 581 582 583 584]] [39 [585 586 587 588 589 590 591 592 593 594 595 596 597 598 599]] [40 [600 601 602 603 604 605 606 607 608 609 610 611 612 613 614]] [41 [615 616 617 618 619 620 621 622 623 624 625 626 627 628 629]] [42 [630 631 632 633 634 635 636 637 638 639 640 641 642 643 644]] [43 [645 646 647 648 649 650 651 652 653 654 655 656 657 658 659]] [44 [660 661 662 663 664 665 666 667 668 669 670 671 672 673 674]] [45 [675 676 677 678 679 680 681 682 683 684 685 686 687 688 689]] [46 [690 691 692 693 694 695 696 697 698 699 700 701 702 703 704]] [47 [705 706 707 708 709 710 711 712 713 714 715 716 717 718 719]] [48 [720 721 722 723 724 725 726 727 728 729 730 731 732 733 734]] [49 [735 736 737 738 739 740 741 742 743 744 745 746 747 748 749]] [50 [750 751 752 753 754 755 756 757 758 759 760 761 762 763 764]] [51 [765 766 767 768 769 770 771 772 773 774 775 776 777 778 779]] [52 [780 781 782 783 784 785 786 787 788 789 790 791 792 793 794]] [53 [795 796 797 798 799 800 801 802 803 804 805 806 807 808 809]] [54 [810 811 812 813 814 815 816 817 818 819 820 821 822 823 824]] [55 [825 826 827 828 829 830 831 832 833 834 835 836 837 838 839]] [56 [840 841 842 843 844 845 846 847 848 849 850 851 852 853 854]] [57 [855 856 857 858 859 860 861 862 863 864 865 866 867 868 869]] [58 [870 871 872 873 874 875 876 877 878 879 880 881 882 883 884]] [59 [885 886 887 888 889 890 891 892 893 894 895 896 897 898 899]] [60 [900 901 902 903 904 905 906 907 908 909 910 911 912 913 914]] [61 [915 916 917 918 919 920 921 922 923 924 925 926 927 928 929]] [62 [930 931 932 933 934 935 936 937 938 939 940 941 942 943 944]] [63 [945 946 947 948 949 950 951 952 953 954 955 956 957 958 959]] [64 [960 961 962 963 964 965 966 967 968 969 970 971 972 973 974]] [65 [975 976 977 978 979 980 981 982 983 984 985 986 987 988 989]] [66 [990 991 992 993 994 995 996 997 998 999 1000 1001 1002 1003 1004]] [67 [1005 1006 1007 1008 1009 1010 1011 1012 1013 1014 1015 1016 1017 1018 1019]] [68 [1020 1021 1022 1023 1024 1025 1026 1027 1028 1029 1030 1031 1032 1033 1034]] [69 [1035 1036 1037 1038 1039 1040 1041 1042 1043 1044 1045 1046 1047 1048 1049]] [70 [1050 1051 1052 1053 1054 1055 1056 1057 1058 1059 1060 1061 1062 1063 1064]] [71 [1065 1066 1067 1068 1069 1070 1071 1072 1073 1074 1075 1076 1077 1078 1079]] [72 [1080 1081 1082 1083 1084 1085 1086 1087 1088 1089 1090 1091 1092 1093 1094]] [73 [1095 1096 1097 1098 1099 1100 1101 1102 1103 1104 1105 1106 1107 1108 1109]] [74 [1110 1111 1112 1113 1114 1115 1116 1117 1118 1119 1120 1121 1122 1123 1124]] [75 [1125 1126 1127 1128 1129 1130 1131 1132 1133 1134 1135 1136 1137 1138 1139]] [76 [1140 1141 1142 1143 1144 1145 1146 1147 1148 1149 1150 1151 1152 1153 1154]] [77 [1155 1156 1157 1158 1159 1160 1161 1162 1163 1164 1165 1166 1167 1168 1169]] [78 [1170 1171 1172 1173 1174 1175 1176 1177 1178 1179 1180 1181 1182 1183 1184]] [79 [1185 1186 1187 1188 1189 1190 1191 1192 1193 1194 1195 1196 1197 1198 1199]] [80 [1200 1201 1202 1203 1204 1205 1206 1207 1208 1209 1210 1211 1212 1213 1214]] [81 [1215 1216 1217 1218 1219 1220 1221 1222 1223 1224 1225 1226 1227 1228 1229]] [82 [1230 1231 1232 1233 1234 1235 1236 1237 1238 1239 1240 1241 1242 1243 1244]] [83 [1245 1246 1247 1248 1249 1250 1251 1252 1253 1254 1255 1256 1257 1258 1259]] [84 [1260 1261 1262 1263 1264 1265 1266 1267 1268 1269 1270 1271 1272 1273 1274]] [85 [1275 1276 1277 1278 1279 1280 1281 1282 1283 1284 1285 1286 1287 1288 1289]] [86 [1290 1291 1292 1293 1294 1295 1296 1297 1298 1299 1300 1301 1302 1303 1304]] [87 [1305 1306 1307 1308 1309 1310 1311 1312 1313 1314 1315 1316 1317 1318 1319]] [88 [1320 1321 1322 1323 1324 1325 1326 1327 1328 1329 1330 1331 1332 1333 1334]] [89 [1335 1336 1337 1338 1339 1340 1341 1342 1343 1344 1345 1346 1347 1348 1349]] [90 [1350 1351 1352 1353 1354 1355 1356 1357 1358 1359 1360 1361 1362 1363 1364]] [91 [1365 1366 1367 1368 1369 1370 1371 1372 1373 1374 1375 1376 1377 1378 1379]] [92 [1380 1381 1382 1383 1384 1385 1386 1387 1388 1389 1390 1391 1392 1393 1394]] [93 [1395 1396 1397 1398 1399 1400 1401 1402 1403 1404 1405 1406 1407 1408 1409]] [94 [1410 1411 1412 1413 1414 1415 1416 1417 1418 1419 1420 1421 1422 1423 1424]] [95 [1425 1426 1427 1428 1429 1430 1431 1432 1433 1434 1435 1436 1437 1438 1439]] [96 [1440 1441 1442 1443 1444 1445 1446 1447 1448 1449 1450 1451 1452 1453 1454]] [97 [1455 1456 1457 1458 1459 1460 1461 1462 1463 1464 1465 1466 1467 1468 1469]] [98 [1470 1471 1472 1473 1474 1475 1476 1477 1478 1479 1480 1481 1482 1483 1484]] [99 [1485 1486 1487 1488 1489 1490 1491 1492 1493 1494 1495 1496 1497 1498 1499]]]","[[0 [1 2 3 4 5 6 7 8 9 10 11 12 13 14]] [1 [15 16 17 18 19 20 21 22 23 24 25 26 27 28 29]] [2 [30 31 32 33 34 35 36 37 38 39 40 41 42 43 44]] [3 [45 47 48 49 50 51 52 53 54 55 56 57 58 59]] [4 [60 61 62 63 64 65 66 67 68 69 70 71 72 73 74]] [5 [75 76 77 78 79 80 81 82 83 84 85 86 87 88 89]] [6 [90 91 92 93 94 95 96 97 98 99 100 101 102 103 104]] [7 [105 106 107 108 109 110 111 112 113 114 115 116 117 118 119]] [8 [120 121 122 123 124 125 126 127 128 129 130 131 132 133 134]] [9 [135 136 137 138 139 140 141 142 143 144 145 146 147 148 149]] [10 [150 151 152 153 154 155 156 157 158 159 160 161 162 163 164]] [11 [165 166 167 168 169 170 171 172 173 174 175 176 177 178 179]] [12 [180 181 182 183 184 185 186 187 188 189 190 191 192 193 194]] [13 [195 196 197 198 199 200 201 202 203 204 205 206 207 208 209]] [14 [210 211 212 213 214 215 216 217 218 219 220 221 222 223 224]] [15 [225 226 227 228 229 230 231 232 233 234 235 236 237 238 239]] [16 [240 241 242 243 244 245 246 247 248 249 250 251 252 253 254]] [17 [255 256 257 258 260 261 262 263 264 265 266 267 268 269]] [18 [270 271 272 273 274 275 276 277 278 279 280 281 282 283 284]] [19 [285 286 287 288 289 290 291 292 293 294 295 296 297 298 299]] [20 [300 301 302 303 304 305 306 307 308 309 310 311 312 313 314]] [21 [315 316 317 318 319 320 321 322 323 324 325 326 327 328 329]] [22 [330 331 332 333 334 335 336 337 338 339 340 341 342 343 344]] [23 [345 346 347 348 349 350 351 352 353 354 355 356 357 358 359]] [24 [360 361 362 363 364 365 366 367 368 369 370 371 372 373 374]] [25 [375 376 377 378 379 380 381 382 383 384 385 386 387 388 389]] [26 [390 391 392 393 394 395 396 397 398 399 400 401 402 403 404]] [27 [405 406 407 408 410 411 412 413 414 415 416 417 418 419]] [28 [420 421 422 423 424 425 426 427 428 429 430 431 432 433 434]] [29 [435 436 437 438 439 440 441 442 443 444 445 446 447 448 449]] [30 [450 451 452 453 454 455 456 457 458 459 460 461 462 463 464]] [31 [465 466 467 468 469 470 471 472 473 474 475 476 477 478 479]] [32 [480 481 482 483 484 485 486 487 488 489 490 491 492 493 494]] [33 [495 496 497 498 499 500 501 502 503 504 505 506 507 508 509]] [34 [510 511 512 513 514 515 516 517 518 519 520 521 522 523 524]] [35 [525 526 527 528 529 530 531 532 533 534 535 536 537 538 539]] [36 [540 541 542 543 544 545 546 547 548 549 550 551 552 553 554]] [37 [555 556 557 558 559 560 561 562 563 564 565 566 567 568 569]] [38 [570 571 572 573 574 575 576 577 578 579 580 581 582 583 584]] [39 [585 586 587 588 589 590 591 592 593 594 595 596 597 598 599]] [40 [600 601 602 603 604 605 606 607 608 609 610 611 612 613 614]] [41 [615 616 617 618 619 620 621 622 623 624 625 626 627 628 629]] [42 [630 631 632 633 634 635 636 637 638 639 640 641 642 643 644]] [43 [645 646 647 648 649 650 651 652 653 654 655 656 657 658 659]] [44 [660 661 662 663 664 665 666 667 668 669 670 671 672 673 674]] [45 [675 676 677 678 679 680 681 682 683 684 685 686 687 688 689]] [46 [690 691 692 693 694 695 696 697 698 699 700 701 702 703 704]] [47 [705 706 707 708 709 710 711 712 713 714 715 716 717 718 719]] [48 [720 721 722 723 724 725 726 727 728 729 730 731 732 733 734]] [49 [735 736 737 738 739 740 741 742 743 744 745 746 747 748 749]] [50 [750 751 752 753 754 755 756 757 758 759 760 761 762 763 764]] [51 [765 766 767 768 769 770 771 772 773 774 775 776 777 778 779]] [52 [780 781 782 783 784 785 786 787 788 789 790 791 792 793 794]] [53 [795 796 797 798 799 800 801 802 803 804 805 806 807 808 809]] [54 [810 811 812 813 814 815 816 817 818 819 820 821 822 823 824]] [55 [825 826 827 828 829 830 831 832 833 834 835 836 837 838 839]] [56 [840 841 842 843 844 845 846 847 848 849 850 851 852 853 854]] [57 [855 856 857 858 859 860 861 862 863 864 865 866 867 868 869]] [58 [870 871 872 873 874 875 876 877 878 879 880 881 882 883 884]] [59 [885 886 887 888 889 890 891 892 893 894 895 896 897 898 899]] [60 [900 901 902 903 904 905 906 907 908 909 910 911 912 913 914]] [61 [915 916 917 918 919 920 921 922 923 924 925 926 927 928 929]] [62 [930 931 932 933 934 935 936 937 938 939 940 941 942 943 944]] [63 [945 946 947 948 949 950 951 952 953 954 955 956 957 958 959]] [64 [960 961 962 963 964 965 966 967 968 969 970 971 972 973 974]] [65 [975 976 977 978 979 980 981 982 983 984 985 986 987 988 989]] [66 [990 991 992 993 994 995 996 997 998 999 1000 1001 1002 1003 1004]] [67 [1005 1006 1007 1008 1009 1010 1011 1012 1013 1014 1015 1016 1017 1018 1019]] [68 [1020 1021 1022 1023 1024 1025 1026 1027 1028 1029 1030 1031 1032 1033 1034]] [69 [1035 1036 1037 1038 1039 1040 1041 1042 1043 1044 1045 1046 1047 1048 1049]] [70 [1050 1051 1052 1053 1054 1055 1056 1057 1058 1059 1060 1061 1062 1063 1064]] [71 [1065 1066 1067 1068 1069 1070 1071 1072 1073 1074 1075 1076 1077 1078 1079]] [72 [1080 1081 1082 1083 1084 1085 1086 1087 1088 1089 1090 1091 1092 1093 1094]] [73 [1095 1096 1097 1098 1099 1100 1101 1102 1103 1104 1105 1106 1107 1108 1109]] [74 [1110 1111 1112 1113 1114 1115 1116 1117 1118 1119 1120 1121 1122 1123 1124]] [75 [1125 1126 1127 1128 1129 1130 1131 1132 1133 1134 1135 1136 1137 1138 1139]] [76 [1140 1141 1142 1143 1144 1145 1146 1147 1148 1149 1150 1151 1152 1153 1154]] [77 [1155 1156 1157 1158 1159 1160 1161 1162 1163 1164 1165 1166 1167 1168 1169]] [78 [1170 1171 1172 1173 1174 1175 1176 1177 1178 1179 1180 1181 1182 1183 1184]] [79 [1185 1186 1187 1188 1189 1190 1191 1192 1193 1194 1195 1196 1197 1198 1199]] [80 [1200 1201 1202 1203 1204 1205 1206 1207 1208 1209 1210 1211 1212 1213 1214]] [81 [1215 1216 1217 1218 1219 1220 1221 1222 1223 1224 1225 1226 1227 1228 1229]] [82 [1230 1231 1232 1233 1234 1235 1236 1237 1238 1239 1240 1241 1242 1243 1244]] [83 [1245 1246 1247 1248 1249 1250 1251 1252 1253 1254 1255 1256 1257 1258 1259]] [84 [1260 1261 1262 1263 1264 1265 1266 1267 1268 1269 1270 1271 1272 1273 1274]] [85 [1275 1276 1277 1278 1279 1280 1281 1282 1283 1284 1285 1286 1287 1288 1289]] [86 [1290 1291 1292 1293 1294 1295 1296 1297 1298 1299 1300 1301 1302 1303 1304]] [87 [1305 1306 1307 1308 1309 1310 1311 1312 1313 1314 1315 1316 1317 1318 1319]] [88 [1320 1321 1322 1323 1324 1325 1326 1327 1328 1329 1330 1331 1332 1333 1334]] [89 [1335 1336 1337 1338 1339 1340 1341 1342 1343 1344 1345 1346 1347 1348 1349]] [90 [1350 1351 1352 1353 1354 1355 1356 1357 1358 1359 1360 1361 1362 1363 1364]] [91 [1365 1366 1367 1368 1369 1370 1371 1372 1373 1374 1375 1376 1377 1378 1379]] [92 [1380 1381 1382 1383 1384 1385 1386 1387 1388 1389 1390 1391 1392 1393 1394]] [93 [1395 1396 1397 1398 1399 1400 1401 1402 1403 1404 1405 1406 1407 1408 1409]] [94 [1410 1411 1412 1413 1414 1415 1416 1417 1418 1419 1420 1421 1422 1423 1424]] [95 [1425 1426 1427 1428 1429 1430 1431 1432 1433 1434 1435 1436 1437 1438 1439]] [96 [1440 1441 1442 1443 1444 1445 1446 1447 1448 1449 1450 1451 1452 1453 1454]] [97 [1455 1456 1457 1458 1459 1460 1461 1462 1463 1464 1465 1466 1467 1468 1469]] [98 [1470 1471 1472 1473 1474 1475 1476 1477 1478 1479 1480 1481 1482 1483 1484]] [99 [1485 1486 1487 1488 1489 1490 1491 1492 1493 1494 1495 1496 1497 1498 1499]]]",,"[[{citizen 16} [[""A"" [4 4 4 4 4 4 4 4 4 4]]]] [{citizen 18} [[""A"" [0 0 0 0 0 0 0 0 0 0]]]] [{citizen 21} [[""A"" [4 4 4 4 4 4 4 4 4 4]]]] [{citizen 30} [[""A"" [4 4 4 4 4 4 4 4 4 4]]]] [{citizen 46} [[""A"" [4 4 4 4 4 4 4 4 4 4]]]] [{citizen 47} [[""A"" [4 4 4 4 4 4 4 4 4 4]]]] [{media 59} [[""A"" [4 4 4 4 4 4 4 4 4 4]]]] [{media 60} [[""A"" [4 4 4 4 4 4 4 4 4 4]]]] [{media 61} [[""A"" [4 4 4 4 4 4 4 4 4 4]]]] [{media 63} [[""A"" [4 4 4 4 4 4 4 4 4 4]]]] [{media 64} [[""A"" [4 4 4 4 4 4 4 4 4 4]]]] [{media 50} [[""A"" [4 4 4 4 4 4 4 4 4 4]]]] [{citizen 1} [[""A"" [4 4 4 4 4 4 4 4 4 4]]]] [{media 62} [[""A"" [4 4 4 4 4 4 4 4 4 4]]]] [{citizen 5} [[""A"" [4 4 4 4 4 4 4 4 4 4]]]] [{media 54} [[""A"" [4 4 4 4 4 4 4 4 4 4]]]] [{citizen 2} [[""A"" [4 4 4 4 4 4 4 4 4 4]]]] [{media 58} [[""A"" [4 4 4 4 4 4 4 4 4 4]]]] [{citizen 9} [[""A"" [4 4 4 4 4 4 4 4 4 4]]]] [{citizen 14} [[""A"" [4 4 4 4 4 4 4 4 4 4]]]] [{citizen 6} [[""A"" [4 4 4 4 4 4 4 4 4 4]]]] [{citizen 7} [[""A"" [4 4 4 4 4 4 4 4 4 4]]]] [{citizen 8} [[""A"" [4 4 4 4 4 4 4 4 4 4]]]] [{media 51} [[""A"" [4 4 4 4 4 4 4 4 4 4]]]] [{media 55} [[""A"" [4 4 4 4 4 4 4 4 4 4]]]] [{media 56} [[""A"" [4 4 4 4 4 4 4 4 4 4]]]] [{media 57} [[""A"" [4 4 4 4 4 4 4 4 4 4]]]] [{media 53} [[""A"" [4 4 4 4 4 4 4 4 4 4]]]] [{media 52} [[""A"" [4 4 4 4 4 4 4 4 4 4]]]] [{citizen 0} [[""A"" [4 4 4 4 4 4 4 4 4 4]]]] [{citizen 49} [[""A"" [4 4 4 4 4 4 4 4 4 4]]]] [{citizen 17} [[""A"" [4 4 4 4 4 4 4 4 4 4]]]] [{citizen 27} [[""A"" [4 4 4 4 4 4 4 4 4 4]]]] [{citizen 45} [[""A"" [4 4 4 4 4 4 4 4 4 4]]]] [{citizen 40} [[""A"" [4 4 4 4 4 4 4 4 4 4]]]] [{citizen 35} [[""A"" [4 4 4 4 4 4 4 4 4 4]]]] [{citizen 23} [[""A"" [4 4 4 4 4 4 4 4 4 4]]]] [{citizen 24} [[""A"" [4 4 4 4 4 4 4 4 4 4]]]] [{citizen 44} [[""A"" [4 4 4 4 4 4 4 4 4 4]]]] [{citizen 32} [[""A"" [4 4 4 4 4 4 4 4 4 4]]]] [{citizen 39} [[""A"" [4 4 4 4 4 4 4 4 4 4]]]] [{citizen 20} [[""A"" [4 4 4 4 4 4 4 4 4 4]]]] [{citizen 31} [[""A"" [4 4 4 4 4 4 4 4 4 4]]]] [{citizen 36} [[""A"" [4 4 4 4 4 4 4 4 4 4]]]] [{citizen 4} [[""A"" [4 4 4 4 4 4 4 4 4 4]]]] [{citizen 28} [[""A"" [4 4 4 4 4 4 4 4 4 4]]]] [{citizen 29} [[""A"" [4 4 4 4 4 4 4 4 4 4]]]] [{citizen 26} [[""A"" [4 4 4 4 4 4 4 4 4 4]]]] [{citizen 11} [[""A"" [4 4 4 4 4 4 4 4 4 4]]]] [{citizen 19} [[""A"" [4 4 4 4 4 4 4 4 4 4]]]] [{citizen 42} [[""A"" [4 4 4 4 4 4 4 4 4 4]]]] [{citizen 37} [[""A"" [4 4 4 4 4 4 4 4 4 4]]]] [{citizen 22} [[""A"" [4 4 4 4 4 4 4 4 4 4]]]] [{citizen 12} [[""A"" [4 4 4 4 4 4 4 4 4 4]]]] [{citizen 13} [[""A"" [4 4 4 4 4 4 4 4 4 4]]]] [{citizen 10} [[""A"" [4 4 4 4 4 4 4 4 4 4]]]] [{citizen 48} [[""A"" [4 4 4 4 4 4 4 4 4 4]]]] [{citizen 43} [[""A"" [4 4 4 4 4 4 4 4 4 4]]]] [{citizen 38} [[""A"" [4 4 4 4 4 4 4 4 4 4]]]] [{citizen 41} [[""A"" [4 4 4 4 4 4 4 4 4 4]]]] [{citizen 34} [[""A"" [4 4 4 4 4 4 4 4 4 4]]]] [{citizen 3} [[""A"" [4 4 4 4 4 4 4 4 4 4]]]]]"
"16","[85 0 170]","210.63829787234044","-2.0288928612635257","-3.5055169492542677","""circle""","""""","9.9","{breed citizens}","false","0.5","1","""up""",,"[[""ID"" 37] [""alpha"" 1] [""beta"" 1] [""malleable"" [""A""]] [""prior"" []] [""cont_tokens"" []] [""A"" 4]]","[[0 [0 1 2 3 4 5 6 7 8 9 10 11 12 13 14]] [1 [15 16 17 18 19 20 21 22 23 24 25 26 27 28 29]] [2 [30 31 32 33 34 35 36 37 38 39 40 41 42 43 44]] [3 [45 46 47 48 49 50 51 52 53 54 55 56 57 58 59]] [4 [60 61 62 63 64 65 66 67 68 69 70 71 72 73 74]] [5 [75 76 77 78 79 80 81 82 83 84 85 86 87 88 89]] [6 [90 91 92 93 94 95 96 97 98 99 100 101 102 103 104]] [7 [105 106 107 108 109 110 111 112 113 114 115 116 117 118 119]] [8 [120 121 122 123 124 125 126 127 128 129 130 131 132 133 134]] [9 [135 136 137 138 139 140 141 142 143 144 145 146 147 148 149]] [10 [150 151 152 153 154 155 156 157 158 159 160 161 162 163 164]] [11 [165 166 167 168 169 170 171 172 173 174 175 176 177 178 179]] [12 [180 181 182 183 184 185 186 187 188 189 190 191 192 193 194]] [13 [195 196 197 198 199 200 201 202 203 204 205 206 207 208 209]] [14 [210 211 212 213 214 215 216 217 218 219 220 221 222 223 224]] [15 [225 226 227 228 229 230 231 232 233 234 235 236 237 238 239]] [16 [240 241 242 243 244 245 246 247 248 249 250 251 252 253 254]] [17 [255 256 257 258 259 260 261 262 263 264 265 266 267 268 269]] [18 [270 271 272 273 274 275 276 277 278 279 280 281 282 283 284]] [19 [285 286 287 288 289 290 291 292 293 294 295 296 297 298 299]] [20 [300 301 302 303 304 305 306 307 308 309 310 311 312 313 314]] [21 [315 316 317 318 319 320 321 322 323 324 325 326 327 328 329]] [22 [330 331 332 333 334 335 336 337 338 339 340 341 342 343 344]] [23 [345 346 347 348 349 350 351 352 353 354 355 356 357 358 359]] [24 [360 361 362 363 364 365 366 367 368 369 370 371 372 373 374]] [25 [375 376 377 378 379 380 381 382 383 384 385 386 387 388 389]] [26 [390 391 392 393 394 395 396 397 398 399 400 401 402 403 404]] [27 [405 406 407 408 409 410 411 412 413 414 415 416 417 418 419]] [28 [420 421 422 423 424 425 426 427 428 429 430 431 432 433 434]] [29 [435 436 437 438 439 440 441 442 443 444 445 446 447 448 449]] [30 [450 451 452 453 454 455 456 457 458 459 460 461 462 463 464]] [31 [465 466 467 468 469 470 471 472 473 474 475 476 477 478 479]] [32 [480 481 482 483 484 485 486 487 488 489 490 491 492 493 494]] [33 [495 496 497 498 499 500 501 502 503 504 505 506 507 508 509]] [34 [510 511 512 513 514 515 516 517 518 519 520 521 522 523 524]] [35 [525 526 527 528 529 530 531 532 533 534 535 536 537 538 539]] [36 [540 541 542 543 544 545 546 547 548 549 550 551 552 553 554]] [37 [555 556 557 558 559 560 561 562 563 564 565 566 567 568 569]] [38 [570 571 572 573 574 575 576 577 578 579 580 581 582 583 584]] [39 [585 586 587 588 589 590 591 592 593 594 595 596 597 598 599]] [40 [600 601 602 603 604 605 606 607 608 609 610 611 612 613 614]] [41 [615 616 617 618 619 620 621 622 623 624 625 626 627 628 629]] [42 [630 631 632 633 634 635 636 637 638 639 640 641 642 643 644]] [43 [645 646 647 648 649 650 651 652 653 654 655 656 657 658 659]] [44 [660 661 662 663 664 665 666 667 668 669 670 671 672 673 674]] [45 [675 676 677 678 679 680 681 682 683 684 685 686 687 688 689]] [46 [690 691 692 693 694 695 696 697 698 699 700 701 702 703 704]] [47 [705 706 707 708 709 710 711 712 713 714 715 716 717 718 719]] [48 [720 721 722 723 724 725 726 727 728 729 730 731 732 733 734]] [49 [735 736 737 738 739 740 741 742 743 744 745 746 747 748 749]] [50 [750 751 752 753 754 755 756 757 758 759 760 761 762 763 764]] [51 [765 766 767 768 769 770 771 772 773 774 775 776 777 778 779]] [52 [780 781 782 783 784 785 786 787 788 789 790 791 792 793 794]] [53 [795 796 797 798 799 800 801 802 803 804 805 806 807 808 809]] [54 [810 811 812 813 814 815 816 817 818 819 820 821 822 823 824]] [55 [825 826 827 828 829 830 831 832 833 834 835 836 837 838 839]] [56 [840 841 842 843 844 845 846 847 848 849 850 851 852 853 854]] [57 [855 856 857 858 859 860 861 862 863 864 865 866 867 868 869]] [58 [870 871 872 873 874 875 876 877 878 879 880 881 882 883 884]] [59 [885 886 887 888 889 890 891 892 893 894 895 896 897 898 899]] [60 [900 901 902 903 904 905 906 907 908 909 910 911 912 913 914]] [61 [915 916 917 918 919 920 921 922 923 924 925 926 927 928 929]] [62 [930 931 932 933 934 935 936 937 938 939 940 941 942 943 944]] [63 [945 946 947 948 949 950 951 952 953 954 955 956 957 958 959]] [64 [960 961 962 963 964 965 966 967 968 969 970 971 972 973 974]] [65 [975 976 977 978 979 980 981 982 983 984 985 986 987 988 989]] [66 [990 991 992 993 994 995 996 997 998 999 1000 1001 1002 1003 1004]] [67 [1005 1006 1007 1008 1009 1010 1011 1012 1013 1014 1015 1016 1017 1018 1019]] [68 [1020 1021 1022 1023 1024 1025 1026 1027 1028 1029 1030 1031 1032 1033 1034]] [69 [1035 1036 1037 1038 1039 1040 1041 1042 1043 1044 1045 1046 1047 1048 1049]] [70 [1050 1051 1052 1053 1054 1055 1056 1057 1058 1059 1060 1061 1062 1063 1064]] [71 [1065 1066 1067 1068 1069 1070 1071 1072 1073 1074 1075 1076 1077 1078 1079]] [72 [1080 1081 1082 1083 1084 1085 1086 1087 1088 1089 1090 1091 1092 1093 1094]] [73 [1095 1096 1097 1098 1099 1100 1101 1102 1103 1104 1105 1106 1107 1108 1109]] [74 [1110 1111 1112 1113 1114 1115 1116 1117 1118 1119 1120 1121 1122 1123 1124]] [75 [1125 1126 1127 1128 1129 1130 1131 1132 1133 1134 1135 1136 1137 1138 1139]] [76 [1140 1141 1142 1143 1144 1145 1146 1147 1148 1149 1150 1151 1152 1153 1154]] [77 [1155 1156 1157 1158 1159 1160 1161 1162 1163 1164 1165 1166 1167 1168 1169]] [78 [1170 1171 1172 1173 1174 1175 1176 1177 1178 1179 1180 1181 1182 1183 1184]] [79 [1185 1186 1187 1188 1189 1190 1191 1192 1193 1194 1195 1196 1197 1198 1199]] [80 [1200 1201 1202 1203 1204 1205 1206 1207 1208 1209 1210 1211 1212 1213 1214]] [81 [1215 1216 1217 1218 1219 1220 1221 1222 1223 1224 1225 1226 1227 1228 1229]] [82 [1230 1231 1232 1233 1234 1235 1236 1237 1238 1239 1240 1241 1242 1243 1244]] [83 [1245 1246 1247 1248 1249 1250 1251 1252 1253 1254 1255 1256 1257 1258 1259]] [84 [1260 1261 1262 1263 1264 1265 1266 1267 1268 1269 1270 1271 1272 1273 1274]] [85 [1275 1276 1277 1278 1279 1280 1281 1282 1283 1284 1285 1286 1287 1288 1289]] [86 [1290 1291 1292 1293 1294 1295 1296 1297 1298 1299 1300 1301 1302 1303 1304]] [87 [1305 1306 1307 1308 1309 1310 1311 1312 1313 1314 1315 1316 1317 1318 1319]] [88 [1320 1321 1322 1323 1324 1325 1326 1327 1328 1329 1330 1331 1332 1333 1334]] [89 [1335 1336 1337 1338 1339 1340 1341 1342 1343 1344 1345 1346 1347 1348 1349]] [90 [1350 1351 1352 1353 1354 1355 1356 1357 1358 1359 1360 1361 1362 1363 1364]] [91 [1365 1366 1367 1368 1369 1370 1371 1372 1373 1374 1375 1376 1377 1378 1379]] [92 [1380 1381 1382 1383 1384 1385 1386 1387 1388 1389 1390 1391 1392 1393 1394]] [93 [1395 1396 1397 1398 1399 1400 1401 1402 1403 1404 1405 1406 1407 1408 1409]] [94 [1410 1411 1412 1413 1414 1415 1416 1417 1418 1419 1420 1421 1422 1423 1424]] [95 [1425 1426 1427 1428 1429 1430 1431 1432 1433 1434 1435 1436 1437 1438 1439]] [96 [1440 1441 1442 1443 1444 1445 1446 1447 1448 1449 1450 1451 1452 1453 1454]] [97 [1455 1456 1457 1458 1459 1460 1461 1462 1463 1464 1465 1466 1467 1468 1469]] [98 [1470 1471 1472 1473 1474 1475 1476 1477 1478 1479 1480 1481 1482 1483 1484]] [99 [1485 1486 1487 1488 1489 1490 1491 1492 1493 1494 1495 1496 1497 1498 1499]]]","[[0 [0 1 2 3 4 5 6 7 8 9 10 11 12 13 14]] [1 [15 16 17 18 19 20 21 22 23 24 25 26 27 28 29]] [2 [30 31 32 33 34 35 36 37 38 39 40 41 42 43 44]] [3 [45 46 47 48 49 50 51 52 53 54 55 56 57 58 59]] [4 [60 61 62 63 64 65 66 67 68 69 70 71 72 73 74]] [5 [75 76 77 78 79 80 81 82 83 84 85 86 87 88 89]] [6 [90 91 92 93 94 95 96 97 98 99 100 101 102 103 104]] [7 [105 106 107 108 109 110 111 112 113 114 115 116 117 118 119]] [8 [120 121 122 123 124 125 126 127 128 129 130 131 132 133 134]] [9 [135 136 137 138 139 140 141 142 143 144 145 146 147 148 149]] [10 [150 151 152 153 154 155 156 157 158 159 160 161 162 163 164]] [11 [165 166 167 168 169 170 171 172 173 174 175 176 177 178 179]] [12 [180 181 182 183 184 185 186 187 188 189 190 191 192 193 194]] [13 [195 196 197 198 199 200 201 202 203 204 205 206 207 208 209]] [14 [210 211 212 213 214 215 216 217 218 219 220 221 222 223 224]] [15 [225 226 227 228 229 230 231 232 233 234 235 236 237 238 239]] [16 [240 241 242 243 244 245 246 247 248 249 250 251 252 253 254]] [17 [255 256 257 258 259 260 261 262 263 264 265 266 267 268 269]] [18 [270 271 272 273 274 275 276 277 278 279 280 281 282 283 284]] [19 [285 286 287 288 289 290 291 292 293 294 295 296 297 298 299]] [20 [300 301 302 303 304 305 306 307 308 309 310 311 312 313 314]] [21 [315 316 317 318 319 320 321 322 323 324 325 326 327 328 329]] [22 [330 331 332 333 334 335 336 337 338 339 340 341 342 343 344]] [23 [345 346 347 348 349 350 351 352 353 354 355 356 357 358 359]] [24 [360 361 362 363 364 365 366 367 368 369 370 371 372 373 374]] [25 [375 376 377 378 379 380 381 382 383 384 385 386 387 388 389]] [26 [390 391 392 393 394 395 396 397 398 399 400 401 402 403 404]] [27 [405 406 407 408 409 410 411 412 413 414 415 416 417 418 419]] [28 [420 421 422 423 424 425 426 427 428 429 430 431 432 433 434]] [29 [435 436 437 438 439 440 441 442 443 444 445 446 447 448 449]] [30 [450 451 452 453 454 455 456 457 458 459 460 461 462 463 464]] [31 [465 466 467 468 469 470 471 472 473 474 475 476 477 478 479]] [32 [480 481 482 483 484 485 486 487 488 489 490 491 492 493 494]] [33 [495 496 497 498 499 500 501 502 503 504 505 506 507 508 509]] [34 [510 511 512 513 514 515 516 517 518 519 520 521 522 523 524]] [35 [525 526 527 528 529 530 531 532 533 534 535 536 537 538 539]] [36 [540 541 542 543 544 545 546 547 548 549 550 551 552 553 554]] [37 [555 556 557 558 559 560 561 562 563 564 565 566 567 568 569]] [38 [570 571 572 573 574 575 576 577 578 579 580 581 582 583 584]] [39 [585 586 587 588 589 590 591 592 593 594 595 596 597 598 599]] [40 [600 601 602 603 604 605 606 607 608 609 610 611 612 613 614]] [41 [615 616 617 618 619 620 621 622 623 624 625 626 627 628 629]] [42 [630 631 632 633 634 635 636 637 638 639 640 641 642 643 644]] [43 [645 646 647 648 649 650 651 652 653 654 655 656 657 658 659]] [44 [660 661 662 663 664 665 666 667 668 669 670 671 672 673 674]] [45 [675 676 677 678 679 680 681 682 683 684 685 686 687 688 689]] [46 [690 691 692 693 694 695 696 697 698 699 700 701 702 703 704]] [47 [705 706 707 708 709 710 711 712 713 714 715 716 717 718 719]] [48 [720 721 722 723 724 725 726 727 728 729 730 731 732 733 734]] [49 [735 736 737 738 739 740 741 742 743 744 745 746 747 748 749]] [50 [750 751 752 753 754 755 756 757 758 759 760 761 762 763 764]] [51 [765 766 767 768 769 770 771 772 773 774 775 776 777 778 779]] [52 [780 781 782 783 784 785 786 787 788 789 790 791 792 793 794]] [53 [795 796 797 798 799 800 801 802 803 804 805 806 807 808 809]] [54 [810 811 812 813 814 815 816 817 818 819 820 821 822 823 824]] [55 [825 826 827 828 829 830 831 832 833 834 835 836 837 838 839]] [56 [840 841 842 843 844 845 846 847 848 849 850 851 852 853 854]] [57 [855 856 857 858 859 860 861 862 863 864 865 866 867 868 869]] [58 [870 871 872 873 874 875 876 877 878 879 880 881 882 883 884]] [59 [885 886 887 888 889 890 891 892 893 894 895 896 897 898 899]] [60 [900 901 902 903 904 905 906 907 908 909 910 911 912 913 914]] [61 [915 916 917 918 919 920 921 922 923 924 925 926 927 928 929]] [62 [930 931 932 933 934 935 936 937 938 939 940 941 942 943 944]] [63 [945 946 947 948 949 950 951 952 953 954 955 956 957 958 959]] [64 [960 961 962 963 964 965 966 967 968 969 970 971 972 973 974]] [65 [975 976 977 978 979 980 981 982 983 984 985 986 987 988 989]] [66 [990 991 992 993 994 995 996 997 998 999 1000 1001 1002 1003 1004]] [67 [1005 1006 1007 1008 1009 1010 1011 1012 1013 1014 1015 1016 1017 1018 1019]] [68 [1020 1021 1022 1023 1024 1025 1026 1027 1028 1029 1030 1031 1032 1033 1034]] [69 [1035 1036 1037 1038 1039 1040 1041 1042 1043 1044 1045 1046 1047 1048 1049]] [70 [1050 1051 1052 1053 1054 1055 1056 1057 1058 1059 1060 1061 1062 1063 1064]] [71 [1065 1066 1067 1068 1069 1070 1071 1072 1073 1074 1075 1076 1077 1078 1079]] [72 [1080 1081 1082 1083 1084 1085 1086 1087 1088 1089 1090 1091 1092 1093 1094]] [73 [1095 1096 1097 1098 1099 1100 1101 1102 1103 1104 1105 1106 1107 1108 1109]] [74 [1110 1111 1112 1113 1114 1115 1116 1117 1118 1119 1120 1121 1122 1123 1124]] [75 [1125 1126 1127 1128 1129 1130 1131 1132 1133 1134 1135 1136 1137 1138 1139]] [76 [1140 1141 1142 1143 1144 1145 1146 1147 1148 1149 1150 1151 1152 1153 1154]] [77 [1155 1156 1157 1158 1159 1160 1161 1162 1163 1164 1165 1166 1167 1168 1169]] [78 [1170 1171 1172 1173 1174 1175 1176 1177 1178 1179 1180 1181 1182 1183 1184]] [79 [1185 1186 1187 1188 1189 1190 1191 1192 1193 1194 1195 1196 1197 1198 1199]] [80 [1200 1201 1202 1203 1204 1205 1206 1207 1208 1209 1210 1211 1212 1213 1214]] [81 [1215 1216 1217 1218 1219 1220 1221 1222 1223 1224 1225 1226 1227 1228 1229]] [82 [1230 1231 1232 1233 1234 1235 1236 1237 1238 1239 1240 1241 1242 1243 1244]] [83 [1245 1246 1247 1248 1249 1250 1251 1252 1253 1254 1255 1256 1257 1258 1259]] [84 [1260 1261 1262 1263 1264 1265 1266 1267 1268 1269 1270 1271 1272 1273 1274]] [85 [1275 1276 1277 1278 1279 1280 1281 1282 1283 1284 1285 1286 1287 1288 1289]] [86 [1290 1291 1292 1293 1294 1295 1296 1297 1298 1299 1300 1301 1302 1303 1304]] [87 [1305 1306 1307 1308 1309 1310 1311 1312 1313 1314 1315 1316 1317 1318 1319]] [88 [1320 1321 1322 1323 1324 1325 1326 1327 1328 1329 1330 1331 1332 1333 1334]] [89 [1335 1336 1337 1338 1339 1340 1341 1342 1343 1344 1345 1346 1347 1348 1349]] [90 [1350 1351 1352 1353 1354 1355 1356 1357 1358 1359 1360 1361 1362 1363 1364]] [91 [1365 1366 1367 1368 1369 1370 1371 1372 1373 1374 1375 1376 1377 1378 1379]] [92 [1380 1381 1382 1383 1384 1385 1386 1387 1388 1389 1390 1391 1392 1393 1394]] [93 [1395 1396 1397 1398 1399 1400 1401 1402 1403 1404 1405 1406 1407 1408 1409]] [94 [1410 1411 1412 1413 1414 1415 1416 1417 1418 1419 1420 1421 1422 1423 1424]] [95 [1425 1426 1427 1428 1429 1430 1431 1432 1433 1434 1435 1436 1437 1438 1439]] [96 [1440 1441 1442 1443 1444 1445 1446 1447 1448 1449 1450 1451 1452 1453 1454]] [97 [1455 1456 1457 1458 1459 1460 1461 1462 1463 1464 1465 1466 1467 1468 1469]] [98 [1470 1471 1472 1473 1474 1475 1476 1477 1478 1479 1480 1481 1482 1483 1484]] [99 [1485 1486 1487 1488 1489 1490 1491 1492 1493 1494 1495 1496 1497 1498 1499]]]",,"[[{citizen 20} [[""A"" [4 4 4 4 4 4 4 4 4 4]]]] [{citizen 28} [[""A"" [4 4 4 4 4 4 4 4 4 4]]]] [{citizen 41} [[""A"" [4 4 4 4 4 4 4 4 4 4]]]] [{citizen 48} [[""A"" [4 4 4 4 4 4 4 4 4 4]]]] [{media 50} [[""A"" [4 4 4 4 4 4 4 4 4 4]]]] [{media 51} [[""A"" [4 4 4 4 4 4 4 4 4 4]]]] [{media 52} [[""A"" [4 4 4 4 4 4 4 4 4 4]]]] [{media 53} [[""A"" [4 4 4 4 4 4 4 4 4 4]]]] [{media 54} [[""A"" [4 4 4 4 4 4 4 4 4 4]]]] [{media 55} [[""A"" [4 4 4 4 4 4 4 4 4 4]]]] [{media 56} [[""A"" [4 4 4 4 4 4 4 4 4 4]]]] [{media 57} [[""A"" [4 4 4 4 4 4 4 4 4 4]]]] [{media 58} [[""A"" [4 4 4 4 4 4 4 4 4 4]]]] [{media 59} [[""A"" [4 4 4 4 4 4 4 4 4 4]]]] [{media 60} [[""A"" [4 4 4 4 4 4 4 4 4 4]]]] [{media 61} [[""A"" [4 4 4 4 4 4 4 4 4 4]]]] [{media 62} [[""A"" [4 4 4 4 4 4 4 4 4 4]]]] [{media 63} [[""A"" [4 4 4 4 4 4 4 4 4 4]]]] [{media 64} [[""A"" [4 4 4 4 4 4 4 4 4 4]]]] [{citizen 1} [[""A"" [4 4 4 4 4 4 4 4 4 4]]]] [{citizen 5} [[""A"" [4 4 4 4 4 4 4 4 4 4]]]] [{citizen 15} [[""A"" [4 4 4 4 4 4 4 4 4 4]]]] [{citizen 9} [[""A"" [4 4 4 4 4 4 4 4 4 4]]]] [{citizen 14} [[""A"" [4 4 4 4 4 4 4 4 4 4]]]] [{citizen 6} [[""A"" [4 4 4 4 4 4 4 4 4 4]]]] [{citizen 7} [[""A"" [4 4 4 4 4 4 4 4 4 4]]]] [{citizen 8} [[""A"" [4 4 4 4 4 4 4 4 4 4]]]] [{citizen 2} [[""A"" [4 4 4 4 4 4 4 4 4 4]]]] [{citizen 4} [[""A"" [4 4 4 4 4 4 4 4 4 4]]]] [{citizen 0} [[""A"" [4 4 4 4 4 4 4 4 4 4]]]] [{citizen 49} [[""A"" [4 4 4 4 4 4 4 4 4 4]]]] [{citizen 17} [[""A"" [4 4 4 4 4 4 4 4 4 4]]]] [{citizen 46} [[""A"" [4 4 4 4 4 4 4 4 4 4]]]] [{citizen 27} [[""A"" [4 4 4 4 4 4 4 4 4 4]]]] [{citizen 45} [[""A"" [4 4 4 4 4 4 4 4 4 4]]]] [{citizen 40} [[""A"" [4 4 4 4 4 4 4 4 4 4]]]] [{citizen 24} [[""A"" [4 4 4 4 4 4 4 4 4 4]]]] [{citizen 21} [[""A"" [4 4 4 4 4 4 4 4 4 4]]]] [{citizen 23} [[""A"" [4 4 4 4 4 4 4 4 4 4]]]] [{citizen 11} [[""A"" [4 4 4 4 4 4 4 4 4 4]]]] [{citizen 44} [[""A"" [4 4 4 4 4 4 4 4 4 4]]]] [{citizen 32} [[""A"" [4 4 4 4 4 4 4 4 4 4]]]] [{citizen 19} [[""A"" [4 4 4 4 4 4 4 4 4 4]]]] [{citizen 42} [[""A"" [4 4 4 4 4 4 4 4 4 4]]]] [{citizen 35} [[""A"" [4 4 4 4 4 4 4 4 4 4]]]] [{citizen 37} [[""A"" [4 4 4 4 4 4 4 4 4 4]]]] [{citizen 30} [[""A"" [4 4 4 4 4 4 4 4 4 4]]]] [{citizen 31} [[""A"" [4 4 4 4 4 4 4 4 4 4]]]] [{citizen 36} [[""A"" [4 4 4 4 4 4 4 4 4 4]]]] [{citizen 13} [[""A"" [4 4 4 4 4 4 4 4 4 4]]]] [{citizen 22} [[""A"" [4 4 4 4 4 4 4 4 4 4]]]] [{citizen 26} [[""A"" [4 4 4 4 4 4 4 4 4 4]]]] [{citizen 43} [[""A"" [4 4 4 4 4 4 4 4 4 4]]]] [{citizen 38} [[""A"" [4 4 4 4 4 4 4 4 4 4]]]] [{citizen 39} [[""A"" [4 4 4 4 4 4 4 4 4 4]]]] [{citizen 34} [[""A"" [4 4 4 4 4 4 4 4 4 4]]]] [{citizen 10} [[""A"" [4 4 4 4 4 4 4 4 4 4]]]] [{citizen 12} [[""A"" [4 4 4 4 4 4 4 4 4 4]]]] [{citizen 29} [[""A"" [4 4 4 4 4 4 4 4 4 4]]]] [{citizen 47} [[""A"" [4 4 4 4 4 4 4 4 4 4]]]] [{citizen 3} [[""A"" [4 4 4 4 4 4 4 4 4 4]]]]]"
"17","[85 0 170]","233.61702127659578","-3.2191430481570067","-3.1514859113155853","""circle""","""""","9.9","{breed citizens}","false","0.5","1","""up""",,"[[""ID"" 16] [""alpha"" 1] [""beta"" 1] [""malleable"" [""A""]] [""prior"" []] [""cont_tokens"" []] [""A"" 4]]","[[0 [1 2 3 4 5 6 7 8 9 10 11 12 13 14]] [1 [15 16 17 18 19 20 21 22 23 24 25 26 27 28 29]] [2 [30 31 32 33 34 35 36 37 38 39 40 41 42 43 44]] [3 [45 46 47 48 49 50 51 52 53 54 55 56 57 58 59]] [4 [60 61 62 63 64 65 66 67 68 69 70 71 72 73 74]] [5 [75 76 77 78 79 80 81 82 83 84 85 86 87 88 89]] [6 [90 91 92 93 94 95 96 97 98 99 100 101 102 103 104]] [7 [105 106 107 108 109 110 111 112 113 114 115 116 117 118 119]] [8 [120 121 122 123 124 125 126 127 128 129 130 131 132 133 134]] [9 [135 136 137 138 139 140 141 142 143 144 145 146 147 148 149]] [10 [150 151 152 153 154 155 156 157 158 159 160 161 162 163 164]] [11 [165 166 167 168 169 170 171 172 173 174 175 176 177 178 179]] [12 [180 181 182 183 184 185 186 187 188 189 190 191 192 193 194]] [13 [195 196 197 198 199 200 201 202 203 204 205 206 207 208 209]] [14 [210 211 212 213 214 215 216 217 218 219 220 221 222 223 224]] [15 [225 226 227 228 229 230 231 232 233 234 235 236 237 238 239]] [16 [240 241 242 243 244 245 246 247 248 249 250 251 252 253 254]] [17 [255 256 257 258 259 260 261 262 263 264 265 266 267 268 269]] [18 [270 271 272 273 274 275 276 277 278 279 280 281 282 283 284]] [19 [285 286 287 288 289 290 291 292 293 294 295 296 297 298 299]] [20 [300 301 302 303 304 305 306 307 308 309 310 311 312 313 314]] [21 [315 316 317 318 319 320 321 322 323 324 325 326 327 328 329]] [22 [330 331 332 333 334 335 336 337 338 339 340 341 342 343 344]] [23 [345 346 347 348 349 350 351 352 353 354 355 356 357 358 359]] [24 [360 361 362 363 364 365 366 367 368 369 370 371 372 373 374]] [25 [375 376 377 378 379 380 381 382 383 384 385 386 387 388 389]] [26 [390 391 392 393 394 395 396 397 398 399 400 401 402 403 404]] [27 [405 406 407 408 409 410 411 412 413 414 415 416 417 418 419]] [28 [420 421 422 423 424 425 426 427 428 429 430 431 432 433 434]] [29 [435 436 437 438 439 440 441 442 443 444 445 446 447 448 449]] [30 [450 451 452 453 454 455 456 457 458 459 460 461 462 463 464]] [31 [465 466 467 468 469 470 471 472 473 474 475 476 477 478 479]] [32 [480 481 482 483 484 485 486 487 488 489 490 491 492 493 494]] [33 [495 496 497 498 499 500 501 502 503 504 505 506 507 508 509]] [34 [510 511 512 513 514 515 516 517 518 519 520 521 522 523 524]] [35 [525 526 527 528 529 530 531 532 533 534 535 536 537 538 539]] [36 [540 541 542 543 544 545 546 547 548 549 550 551 552 553 554]] [37 [555 556 557 558 559 560 561 562 563 564 565 566 567 568 569]] [38 [570 571 572 573 574 575 576 577 578 579 580 581 582 583 584]] [39 [585 586 587 588 589 590 591 592 593 594 595 596 597 598 599]] [40 [600 601 602 603 604 605 606 607 608 609 610 611 612 613 614]] [41 [615 616 617 618 619 620 621 622 623 624 625 626 627 628 629]] [42 [630 631 632 633 634 635 636 637 638 639 640 641 642 643 644]] [43 [645 646 647 648 649 650 651 652 653 654 655 656 657 658 659]] [44 [660 661 662 663 664 665 666 667 668 669 670 671 672 673 674]] [45 [675 676 677 678 679 680 681 682 683 684 685 686 687 688 689]] [46 [690 691 692 693 694 695 696 697 698 699 700 701 702 703 704]] [47 [705 706 707 708 709 710 711 712 713 714 715 716 717 718 719]] [48 [720 721 722 723 724 725 726 727 728 729 730 731 732 733 734]] [49 [735 736 737 738 739 740 741 742 743 744 745 746 747 748 749]] [50 [750 751 752 753 754 755 756 757 758 759 760 761 762 763 764]] [51 [765 766 767 768 769 770 771 772 773 774 775 776 777 778 779]] [52 [780 781 782 783 784 785 786 787 788 789 790 791 792 793 794]] [53 [795 796 797 798 799 800 801 802 803 804 805 806 807 808 809]] [54 [810 811 812 813 814 815 816 817 818 819 820 821 822 823 824]] [55 [825 826 827 828 829 830 831 832 833 834 835 836 837 838 839]] [56 [840 841 842 843 844 845 846 847 848 849 850 851 852 853 854]] [57 [855 856 857 858 859 860 861 862 863 864 865 866 867 868 869]] [58 [870 871 872 873 874 875 876 877 878 879 880 881 882 883 884]] [59 [885 886 887 888 889 890 891 892 893 894 895 896 897 898 899]] [60 [900 901 902 903 904 905 906 907 908 909 910 911 912 913 914]] [61 [915 916 917 918 919 920 921 922 923 924 925 926 927 928 929]] [62 [930 931 932 933 934 935 936 937 938 939 940 941 942 943 944]] [63 [945 946 947 948 949 950 951 952 953 954 955 956 957 958 959]] [64 [960 961 962 963 964 965 966 967 968 969 970 971 972 973 974]] [65 [975 976 977 978 979 980 981 982 983 984 985 986 987 988 989]] [66 [990 991 992 993 994 995 996 997 998 999 1000 1001 1002 1003 1004]] [67 [1005 1006 1007 1008 1009 1010 1011 1012 1013 1014 1015 1016 1017 1018 1019]] [68 [1020 1021 1022 1023 1024 1025 1026 1027 1028 1029 1030 1031 1032 1033 1034]] [69 [1035 1036 1037 1038 1039 1040 1041 1042 1043 1044 1045 1046 1047 1048 1049]] [70 [1050 1051 1052 1053 1054 1055 1056 1057 1058 1059 1060 1061 1062 1063 1064]] [71 [1065 1066 1067 1068 1069 1070 1071 1072 1073 1074 1075 1076 1077 1078 1079]] [72 [1080 1081 1082 1083 1084 1085 1086 1087 1088 1089 1090 1091 1092 1093 1094]] [73 [1095 1096 1097 1098 1099 1100 1101 1102 1103 1104 1105 1106 1107 1108 1109]] [74 [1110 1111 1112 1113 1114 1115 1116 1117 1118 1119 1120 1121 1122 1123 1124]] [75 [1125 1126 1127 1128 1129 1130 1131 1132 1133 1134 1135 1136 1137 1138 1139]] [76 [1140 1141 1142 1143 1144 1145 1146 1147 1148 1149 1150 1151 1152 1153 1154]] [77 [1155 1156 1157 1158 1159 1160 1161 1162 1163 1164 1165 1166 1167 1168 1169]] [78 [1170 1171 1172 1173 1174 1175 1176 1177 1178 1179 1180 1181 1182 1183 1184]] [79 [1185 1186 1187 1188 1189 1190 1191 1192 1193 1194 1195 1196 1197 1198 1199]] [80 [1200 1201 1202 1203 1204 1205 1206 1207 1208 1209 1210 1211 1212 1213 1214]] [81 [1215 1216 1217 1218 1219 1220 1221 1222 1223 1224 1225 1226 1227 1228 1229]] [82 [1230 1231 1232 1233 1234 1235 1236 1237 1238 1239 1240 1241 1242 1243 1244]] [83 [1245 1246 1247 1248 1249 1250 1251 1252 1253 1254 1255 1256 1257 1258 1259]] [84 [1260 1261 1262 1263 1264 1265 1266 1267 1268 1269 1270 1271 1272 1273 1274]] [85 [1275 1276 1277 1278 1279 1280 1281 1282 1283 1284 1285 1286 1287 1288 1289]] [86 [1290 1291 1292 1293 1294 1295 1296 1297 1298 1299 1300 1301 1302 1303 1304]] [87 [1305 1306 1307 1308 1309 1310 1311 1312 1313 1314 1315 1316 1317 1318 1319]] [88 [1320 1321 1322 1323 1324 1325 1326 1327 1328 1329 1330 1331 1332 1333 1334]] [89 [1335 1336 1337 1338 1339 1340 1341 1342 1343 1344 1345 1346 1347 1348 1349]] [90 [1350 1351 1352 1353 1354 1355 1356 1357 1358 1359 1360 1361 1362 1363 1364]] [91 [1365 1366 1367 1368 1369 1370 1371 1372 1373 1374 1375 1376 1377 1378 1379]] [92 [1380 1381 1382 1383 1384 1385 1386 1387 1388 1389 1390 1391 1392 1393 1394]] [93 [1395 1396 1397 1398 1399 1400 1401 1402 1403 1404 1405 1406 1407 1408 1409]] [94 [1410 1411 1412 1413 1414 1415 1416 1417 1418 1419 1420 1421 1422 1423 1424]] [95 [1425 1426 1427 1428 1429 1430 1431 1432 1433 1434 1435 1436 1437 1438 1439]] [96 [1440 1441 1442 1443 1444 1445 1446 1447 1448 1449 1450 1451 1452 1453 1454]] [97 [1455 1456 1457 1458 1459 1460 1461 1462 1463 1464 1465 1466 1467 1468 1469]] [98 [1470 1471 1472 1473 1474 1475 1476 1477 1478 1479 1480 1481 1482 1483 1484]] [99 [1485 1486 1487 1488 1489 1490 1491 1492 1493 1494 1495 1496 1497 1498 1499]]]","[[0 [1 2 3 4 5 6 7 8 9 10 11 12 13 14]] [1 [15 16 17 18 19 20 21 22 23 24 25 26 27 28 29]] [2 [30 31 32 33 34 35 36 37 38 39 40 41 42 43 44]] [3 [45 46 47 48 49 50 51 52 53 54 55 56 57 58 59]] [4 [60 61 62 63 64 65 66 67 68 69 70 71 72 73 74]] [5 [75 76 77 78 79 80 81 82 83 84 85 86 87 88 89]] [6 [90 91 92 93 94 95 96 97 98 99 100 101 102 103 104]] [7 [105 106 107 108 109 110 111 112 113 114 115 116 117 118 119]] [8 [120 121 122 123 124 125 126 127 128 129 130 131 132 133 134]] [9 [135 136 137 138 139 140 141 142 143 144 145 146 147 148 149]] [10 [150 151 152 153 154 155 156 157 158 159 160 161 162 163 164]] [11 [165 166 167 168 169 170 171 172 173 174 175 176 177 178 179]] [12 [180 181 182 183 184 185 186 187 188 189 190 191 192 193 194]] [13 [195 196 197 198 199 200 201 202 203 204 205 206 207 208 209]] [14 [210 211 212 213 214 215 216 217 218 219 220 221 222 223 224]] [15 [225 226 227 228 229 230 231 232 233 234 235 236 237 238 239]] [16 [240 241 242 243 244 245 246 247 248 249 250 251 252 253 254]] [17 [255 256 257 258 259 260 261 262 263 264 265 266 267 268 269]] [18 [270 271 272 273 274 275 276 277 278 279 280 281 282 283 284]] [19 [285 286 287 288 289 290 291 292 293 294 295 296 297 298 299]] [20 [300 301 302 303 304 305 306 307 308 309 310 311 312 313 314]] [21 [315 316 317 318 319 320 321 322 323 324 325 326 327 328 329]] [22 [330 331 332 333 334 335 336 337 338 339 340 341 342 343 344]] [23 [345 346 347 348 349 350 351 352 353 354 355 356 357 358 359]] [24 [360 361 362 363 364 365 366 367 368 369 370 371 372 373 374]] [25 [375 376 377 378 379 380 381 382 383 384 385 386 387 388 389]] [26 [390 391 392 393 394 395 396 397 398 399 400 401 402 403 404]] [27 [405 406 407 408 409 410 411 412 413 414 415 416 417 418 419]] [28 [420 421 422 423 424 425 426 427 428 429 430 431 432 433 434]] [29 [435 436 437 438 439 440 441 442 443 444 445 446 447 448 449]] [30 [450 451 452 453 454 455 456 457 458 459 460 461 462 463 464]] [31 [465 466 467 468 469 470 471 472 473 474 475 476 477 478 479]] [32 [480 481 482 483 484 485 486 487 488 489 490 491 492 493 494]] [33 [495 496 497 498 499 500 501 502 503 504 505 506 507 508 509]] [34 [510 511 512 513 514 515 516 517 518 519 520 521 522 523 524]] [35 [525 526 527 528 529 530 531 532 533 534 535 536 537 538 539]] [36 [540 541 542 543 544 545 546 547 548 549 550 551 552 553 554]] [37 [555 556 557 558 559 560 561 562 563 564 565 566 567 568 569]] [38 [570 571 572 573 574 575 576 577 578 579 580 581 582 583 584]] [39 [585 586 587 588 589 590 591 592 593 594 595 596 597 598 599]] [40 [600 601 602 603 604 605 606 607 608 609 610 611 612 613 614]] [41 [615 616 617 618 619 620 621 622 623 624 625 626 627 628 629]] [42 [630 631 632 633 634 635 636 637 638 639 640 641 642 643 644]] [43 [645 646 647 648 649 650 651 652 653 654 655 656 657 658 659]] [44 [660 661 662 663 664 665 666 667 668 669 670 671 672 673 674]] [45 [675 676 677 678 679 680 681 682 683 684 685 686 687 688 689]] [46 [690 691 692 693 694 695 696 697 698 699 700 701 702 703 704]] [47 [705 706 707 708 709 710 711 712 713 714 715 716 717 718 719]] [48 [720 721 722 723 724 725 726 727 728 729 730 731 732 733 734]] [49 [735 736 737 738 739 740 741 742 743 744 745 746 747 748 749]] [50 [750 751 752 753 754 755 756 757 758 759 760 761 762 763 764]] [51 [765 766 767 768 769 770 771 772 773 774 775 776 777 778 779]] [52 [780 781 782 783 784 785 786 787 788 789 790 791 792 793 794]] [53 [795 796 797 798 799 800 801 802 803 804 805 806 807 808 809]] [54 [810 811 812 813 814 815 816 817 818 819 820 821 822 823 824]] [55 [825 826 827 828 829 830 831 832 833 834 835 836 837 838 839]] [56 [840 841 842 843 844 845 846 847 848 849 850 851 852 853 854]] [57 [855 856 857 858 859 860 861 862 863 864 865 866 867 868 869]] [58 [870 871 872 873 874 875 876 877 878 879 880 881 882 883 884]] [59 [885 886 887 888 889 890 891 892 893 894 895 896 897 898 899]] [60 [900 901 902 903 904 905 906 907 908 909 910 911 912 913 914]] [61 [915 916 917 918 919 920 921 922 923 924 925 926 927 928 929]] [62 [930 931 932 933 934 935 936 937 938 939 940 941 942 943 944]] [63 [945 946 947 948 949 950 951 952 953 954 955 956 957 958 959]] [64 [960 961 962 963 964 965 966 967 968 969 970 971 972 973 974]] [65 [975 976 977 978 979 980 981 982 983 984 985 986 987 988 989]] [66 [990 991 992 993 994 995 996 997 998 999 1000 1001 1002 1003 1004]] [67 [1005 1006 1007 1008 1009 1010 1011 1012 1013 1014 1015 1016 1017 1018 1019]] [68 [1020 1021 1022 1023 1024 1025 1026 1027 1028 1029 1030 1031 1032 1033 1034]] [69 [1035 1036 1037 1038 1039 1040 1041 1042 1043 1044 1045 1046 1047 1048 1049]] [70 [1050 1051 1052 1053 1054 1055 1056 1057 1058 1059 1060 1061 1062 1063 1064]] [71 [1065 1066 1067 1068 1069 1070 1071 1072 1073 1074 1075 1076 1077 1078 1079]] [72 [1080 1081 1082 1083 1084 1085 1086 1087 1088 1089 1090 1091 1092 1093 1094]] [73 [1095 1096 1097 1098 1099 1100 1101 1102 1103 1104 1105 1106 1107 1108 1109]] [74 [1110 1111 1112 1113 1114 1115 1116 1117 1118 1119 1120 1121 1122 1123 1124]] [75 [1125 1126 1127 1128 1129 1130 1131 1132 1133 1134 1135 1136 1137 1138 1139]] [76 [1140 1141 1142 1143 1144 1145 1146 1147 1148 1149 1150 1151 1152 1153 1154]] [77 [1155 1156 1157 1158 1159 1160 1161 1162 1163 1164 1165 1166 1167 1168 1169]] [78 [1170 1171 1172 1173 1174 1175 1176 1177 1178 1179 1180 1181 1182 1183 1184]] [79 [1185 1186 1187 1188 1189 1190 1191 1192 1193 1194 1195 1196 1197 1198 1199]] [80 [1200 1201 1202 1203 1204 1205 1206 1207 1208 1209 1210 1211 1212 1213 1214]] [81 [1215 1216 1217 1218 1219 1220 1221 1222 1223 1224 1225 1226 1227 1228 1229]] [82 [1230 1231 1232 1233 1234 1235 1236 1237 1238 1239 1240 1241 1242 1243 1244]] [83 [1245 1246 1247 1248 1249 1250 1251 1252 1253 1254 1255 1256 1257 1258 1259]] [84 [1260 1261 1262 1263 1264 1265 1266 1267 1268 1269 1270 1271 1272 1273 1274]] [85 [1275 1276 1277 1278 1279 1280 1281 1282 1283 1284 1285 1286 1287 1288 1289]] [86 [1290 1291 1292 1293 1294 1295 1296 1297 1298 1299 1300 1301 1302 1303 1304]] [87 [1305 1306 1307 1308 1309 1310 1311 1312 1313 1314 1315 1316 1317 1318 1319]] [88 [1320 1321 1322 1323 1324 1325 1326 1327 1328 1329 1330 1331 1332 1333 1334]] [89 [1335 1336 1337 1338 1339 1340 1341 1342 1343 1344 1345 1346 1347 1348 1349]] [90 [1350 1351 1352 1353 1354 1355 1356 1357 1358 1359 1360 1361 1362 1363 1364]] [91 [1365 1366 1367 1368 1369 1370 1371 1372 1373 1374 1375 1376 1377 1378 1379]] [92 [1380 1381 1382 1383 1384 1385 1386 1387 1388 1389 1390 1391 1392 1393 1394]] [93 [1395 1396 1397 1398 1399 1400 1401 1402 1403 1404 1405 1406 1407 1408 1409]] [94 [1410 1411 1412 1413 1414 1415 1416 1417 1418 1419 1420 1421 1422 1423 1424]] [95 [1425 1426 1427 1428 1429 1430 1431 1432 1433 1434 1435 1436 1437 1438 1439]] [96 [1440 1441 1442 1443 1444 1445 1446 1447 1448 1449 1450 1451 1452 1453 1454]] [97 [1455 1456 1457 1458 1459 1460 1461 1462 1463 1464 1465 1466 1467 1468 1469]] [98 [1470 1471 1472 1473 1474 1475 1476 1477 1478 1479 1480 1481 1482 1483 1484]] [99 [1485 1486 1487 1488 1489 1490 1491 1492 1493 1494 1495 1496 1497 1498 1499]]]",,"[[{citizen 23} [[""A"" [4 4 4 4 4 4 4 4 4 4]]]] [{citizen 36} [[""A"" [4 4 4 4 4 4 4 4 4 4]]]] [{citizen 43} [[""A"" [4 4 4 4 4 4 4 4 4 4]]]] [{media 52} [[""A"" [4 4 4 4 4 4 4 4 4 4]]]] [{media 53} [[""A"" [4 4 4 4 4 4 4 4 4 4]]]] [{media 54} [[""A"" [4 4 4 4 4 4 4 4 4 4]]]] [{media 55} [[""A"" [4 4 4 4 4 4 4 4 4 4]]]] [{media 56} [[""A"" [4 4 4 4 4 4 4 4 4 4]]]] [{media 58} [[""A"" [4 4 4 4 4 4 4 4 4 4]]]] [{media 59} [[""A"" [4 4 4 4 4 4 4 4 4 4]]]] [{media 60} [[""A"" [4 4 4 4 4 4 4 4 4 4]]]] [{media 61} [[""A"" [4 4 4 4 4 4 4 4 4 4]]]] [{media 63} [[""A"" [4 4 4 4 4 4 4 4 4 4]]]] [{media 64} [[""A"" [4 4 4 4 4 4 4 4 4 4]]]] [{media 62} [[""A"" [4 4 4 4 4 4 4 4 4 4]]]] [{citizen 1} [[""A"" [4 4 4 4 4 4 4 4 4 4]]]] [{citizen 5} [[""A"" [4 4 4 4 4 4 4 4 4 4]]]] [{citizen 12} [[""A"" [4 4 4 4 4 4 4 4 4 4]]]] [{citizen 2} [[""A"" [4 4 4 4 4 4 4 4 4 4]]]] [{citizen 0} [[""A"" [4 4 4 4 4 4 4 4 4 4]]]] [{citizen 8} [[""A"" [4 4 4 4 4 4 4 4 4 4]]]] [{citizen 11} [[""A"" [4 4 4 4 4 4 4 4 4 4]]]] [{media 51} [[""A"" [4 4 4 4 4 4 4 4 4 4]]]] [{citizen 6} [[""A"" [4 4 4 4 4 4 4 4 4 4]]]] [{citizen 9} [[""A"" [4 4 4 4 4 4 4 4 4 4]]]] [{citizen 10} [[""A"" [4 4 4 4 4 4 4 4 4 4]]]] [{citizen 7} [[""A"" [4 4 4 4 4 4 4 4 4 4]]]] [{media 57} [[""A"" [4 4 4 4 4 4 4 4 4 4]]]] [{citizen 4} [[""A"" [4 4 4 4 4 4 4 4 4 4]]]] [{citizen 49} [[""A"" [4 4 4 4 4 4 4 4 4 4]]]] [{citizen 24} [[""A"" [4 4 4 4 4 4 4 4 4 4]]]] [{citizen 21} [[""A"" [4 4 4 4 4 4 4 4 4 4]]]] [{citizen 44} [[""A"" [4 4 4 4 4 4 4 4 4 4]]]] [{citizen 32} [[""A"" [4 4 4 4 4 4 4 4 4 4]]]] [{citizen 19} [[""A"" [4 4 4 4 4 4 4 4 4 4]]]] [{citizen 42} [[""A"" [4 4 4 4 4 4 4 4 4 4]]]] [{citizen 35} [[""A"" [4 4 4 4 4 4 4 4 4 4]]]] [{citizen 27} [[""A"" [4 4 4 4 4 4 4 4 4 4]]]] [{citizen 37} [[""A"" [4 4 4 4 4 4 4 4 4 4]]]] [{citizen 30} [[""A"" [4 4 4 4 4 4 4 4 4 4]]]] [{citizen 15} [[""A"" [4 4 4 4 4 4 4 4 4 4]]]] [{citizen 31} [[""A"" [4 4 4 4 4 4 4 4 4 4]]]] [{citizen 14} [[""A"" [4 4 4 4 4 4 4 4 4 4]]]] [{citizen 16} [[""A"" [4 4 4 4 4 4 4 4 4 4]]]] [{citizen 28} [[""A"" [4 4 4 4 4 4 4 4 4 4]]]] [{citizen 39} [[""A"" [4 4 4 4 4 4 4 4 4 4]]]] [{citizen 22} [[""A"" [4 4 4 4 4 4 4 4 4 4]]]] [{citizen 13} [[""A"" [4 4 4 4 4 4 4 4 4 4]]]] [{citizen 40} [[""A"" [4 4 4 4 4 4 4 4 4 4]]]] [{citizen 46} [[""A"" [4 4 4 4 4 4 4 4 4 4]]]] [{citizen 20} [[""A"" [4 4 4 4 4 4 4 4 4 4]]]] [{citizen 45} [[""A"" [4 4 4 4 4 4 4 4 4 4]]]] [{citizen 48} [[""A"" [4 4 4 4 4 4 4 4 4 4]]]] [{citizen 26} [[""A"" [4 4 4 4 4 4 4 4 4 4]]]] [{citizen 29} [[""A"" [4 4 4 4 4 4 4 4 4 4]]]] [{citizen 41} [[""A"" [4 4 4 4 4 4 4 4 4 4]]]] [{citizen 38} [[""A"" [4 4 4 4 4 4 4 4 4 4]]]] [{citizen 34} [[""A"" [4 4 4 4 4 4 4 4 4 4]]]] [{citizen 47} [[""A"" [4 4 4 4 4 4 4 4 4 4]]]] [{media 50} [[""A"" [4 4 4 4 4 4 4 4 4 4]]]] [{citizen 3} [[""A"" [4 4 4 4 4 4 4 4 4 4]]]]]"
"18","[255 0 0]","66.15087040618957","8.403199443203551","3.884556161192566","""circle""","""""","9.9","{breed citizens}","false","0.5","1","""up""",,"[[""ID"" 14] [""alpha"" 1] [""beta"" 1] [""malleable"" [""A""]] [""prior"" []] [""cont_tokens"" []] [""A"" 0]]","[[0 [1 2 3 4 5 6 7 8 9 10 11 12 13 14]] [1 [15 19 25 29]] [2 [36 37 41 43]] [3 [47 48 49 54]] [4 [60 61 62 65]] [5 [80 81 82 85]]]","[]",,"[[{citizen 20} [[""A"" [6 6 6 6 6 6 6 6 6 6]]]] [{citizen 36} [[""A"" [5 5 5 5 5 5 5 5 5 5]]]] [{media 52} [[""A"" [3 3 3 3 3 3 3 3 3 4]]]] [{media 53} [[""A"" [2 2 2 2 4 4 4 4 4 4]]]] [{media 54} [[""A"" [3 3 3 3 3 3 3 3 3 3]]]] [{media 55} [[""A"" [3 3 3 3 3 3 3 3 3 4]]]] [{media 56} [[""A"" [3 3 3 3 3 3 3 3 3 4]]]] [{media 58} [[""A"" [4 4 4 4 4 4 4 4 4 3]]]] [{media 59} [[""A"" [2 2 2 2 4 4 4 4 4 4]]]] [{media 60} [[""A"" [3 3 3 3 3 3 3 3 3 4]]]] [{media 61} [[""A"" [3 3 3 3 3 3 3 3 3 4]]]] [{media 63} [[""A"" [2 2 2 2 4 4 4 4 4 4]]]] [{media 64} [[""A"" [2 2 2 2 4 4 4 4 4 4]]]] [{media 62} [[""A"" [3]]]] [{citizen 1} [[""A"" [3 4 4 4]]]] [{citizen 5} [[""A"" [3 4 4 4]]]] [{citizen 9} [[""A"" [3 4 4]]]] [{citizen 14} [[""A"" [3 4 4 4 4 4 4]]]] [{citizen 15} [[""A"" [3 4 4 4 4 4 4 4 4]]]] [{citizen 6} [[""A"" [4 4 4 4]]]] [{citizen 7} [[""A"" [4 4 4]]]] [{citizen 8} [[""A"" [4 4 4 4]]]] [{media 51} [[""A"" [4]]]] [{citizen 2} [[""A"" [4 4]]]] [{media 57} [[""A"" [4]]]]]"
"19","[85 0 170]","120.63829787234044","8.318388478115605","-4.802203584045979","""circle""","""""","9.9","{breed citizens}","false","0.5","1","""up""",,"[[""ID"" 6] [""alpha"" 1] [""beta"" 1] [""malleable"" [""A""]] [""prior"" []] [""cont_tokens"" []] [""A"" 4]]","[[0 [0 1 2 3 4 5 6 7 8 9 10 11 12 13 14]] [1 [15 16 17 18 19 20 21 22 23 24 25 26 27 28 29]] [2 [30 31 32 33 34 35 36 37 38 39 40 41 42 43 44]] [3 [45 46 47 48 49 50 51 52 53 54 55 56 57 58 59]] [4 [60 61 62 63 64 65 66 67 68 69 70 71 72 73 74]] [5 [75 76 77 78 79 80 81 82 83 84 85 86 87 88 89]] [6 [90 91 92 93 94 95 96 97 98 99 100 101 102 103 104]] [7 [105 106 107 108 109 110 111 112 113 114 115 116 117 118 119]] [8 [120 121 122 123 124 125 126 127 128 129 130 131 132 133 134]] [9 [135 136 137 138 139 140 141 142 143 144 145 146 147 148 149]] [10 [150 151 152 153 154 155 156 157 158 159 160 161 162 163 164]] [11 [165 166 167 168 169 170 171 172 173 174 175 176 177 178 179]] [12 [180 181 182 183 184 185 186 187 188 189 190 191 192 193 194]] [13 [195 196 197 198 199 200 201 202 203 204 205 206 207 208 209]] [14 [210 211 212 213 214 215 216 217 218 219 220 221 222 223 224]] [15 [225 226 227 228 229 230 231 232 233 234 235 236 237 238 239]] [16 [240 241 242 243 244 245 246 247 248 249 250 251 252 253 254]] [17 [255 256 257 258 259 260 261 262 263 264 265 266 267 268 269]] [18 [270 271 272 273 274 275 276 277 278 279 280 281 282 283 284]] [19 [285 286 287 288 289 290 291 292 293 294 295 296 297 298 299]] [20 [300 301 302 303 304 305 306 307 308 309 310 311 312 313 314]] [21 [315 316 317 318 319 320 321 322 323 324 325 326 327 328 329]] [22 [330 331 332 333 334 335 336 337 338 339 340 341 342 343 344]] [23 [345 346 347 348 349 350 351 352 353 354 355 356 357 358 359]] [24 [360 361 362 363 364 365 366 367 368 369 370 371 372 373 374]] [25 [375 376 377 378 379 380 381 382 383 384 385 386 387 388 389]] [26 [390 391 392 393 394 395 396 397 398 399 400 401 402 403 404]] [27 [405 406 407 408 409 410 411 412 413 414 415 416 417 418 419]] [28 [420 421 422 423 424 425 426 427 428 429 430 431 432 433 434]] [29 [435 436 437 438 439 440 441 442 443 444 445 446 447 448 449]] [30 [450 451 452 453 454 455 456 457 458 459 460 461 462 463 464]] [31 [465 466 467 468 469 470 471 472 473 474 475 476 477 478 479]] [32 [480 481 482 483 484 485 486 487 488 489 490 491 492 493 494]] [33 [495 496 497 498 499 500 501 502 503 504 505 506 507 508 509]] [34 [510 511 512 513 514 515 516 517 518 519 520 521 522 523 524]] [35 [525 526 527 528 529 530 531 532 533 534 535 536 537 538 539]] [36 [540 541 542 543 544 545 546 547 548 549 550 551 552 553 554]] [37 [555 556 557 558 559 560 561 562 563 564 565 566 567 568 569]] [38 [570 571 572 573 574 575 576 577 578 579 580 581 582 583 584]] [39 [585 586 587 588 589 590 591 592 593 594 595 596 597 598 599]] [40 [600 601 602 603 604 605 606 607 608 609 610 611 612 613 614]] [41 [615 616 617 618 619 620 621 622 623 624 625 626 627 628 629]] [42 [630 631 632 633 634 635 636 637 638 639 640 641 642 643 644]] [43 [645 646 647 648 649 650 651 652 653 654 655 656 657 658 659]] [44 [660 661 662 663 664 665 666 667 668 669 670 671 672 673 674]] [45 [675 676 677 678 679 680 681 682 683 684 685 686 687 688 689]] [46 [690 691 692 693 694 695 696 697 698 699 700 701 702 703 704]] [47 [705 706 707 708 709 710 711 712 713 714 715 716 717 718 719]] [48 [720 721 722 723 724 725 726 727 728 729 730 731 732 733 734]] [49 [735 736 737 738 739 740 741 742 743 744 745 746 747 748 749]] [50 [750 751 752 753 754 755 756 757 758 759 760 761 762 763 764]] [51 [765 766 767 768 769 770 771 772 773 774 775 776 777 778 779]] [52 [780 781 782 783 784 785 786 787 788 789 790 791 792 793 794]] [53 [795 796 797 798 799 800 801 802 803 804 805 806 807 808 809]] [54 [810 811 812 813 814 815 816 817 818 819 820 821 822 823 824]] [55 [825 826 827 828 829 830 831 832 833 834 835 836 837 838 839]] [56 [840 841 842 843 844 845 846 847 848 849 850 851 852 853 854]] [57 [855 856 857 858 859 860 861 862 863 864 865 866 867 868 869]] [58 [870 871 872 873 874 875 876 877 878 879 880 881 882 883 884]] [59 [885 886 887 888 889 890 891 892 893 894 895 896 897 898 899]] [60 [900 901 902 903 904 905 906 907 908 909 910 911 912 913 914]] [61 [915 916 917 918 919 920 921 922 923 924 925 926 927 928 929]] [62 [930 931 932 933 934 935 936 937 938 939 940 941 942 943 944]] [63 [945 946 947 948 949 950 951 952 953 954 955 956 957 958 959]] [64 [960 961 962 963 964 965 966 967 968 969 970 971 972 973 974]] [65 [975 976 977 978 979 980 981 982 983 984 985 986 987 988 989]] [66 [990 991 992 993 994 995 996 997 998 999 1000 1001 1002 1003 1004]] [67 [1005 1006 1007 1008 1009 1010 1011 1012 1013 1014 1015 1016 1017 1018 1019]] [68 [1020 1021 1022 1023 1024 1025 1026 1027 1028 1029 1030 1031 1032 1033 1034]] [69 [1035 1036 1037 1038 1039 1040 1041 1042 1043 1044 1045 1046 1047 1048 1049]] [70 [1050 1051 1052 1053 1054 1055 1056 1057 1058 1059 1060 1061 1062 1063 1064]] [71 [1065 1066 1067 1068 1069 1070 1071 1072 1073 1074 1075 1076 1077 1078 1079]] [72 [1080 1081 1082 1083 1084 1085 1086 1087 1088 1089 1090 1091 1092 1093 1094]] [73 [1095 1096 1097 1098 1099 1100 1101 1102 1103 1104 1105 1106 1107 1108 1109]] [74 [1110 1111 1112 1113 1114 1115 1116 1117 1118 1119 1120 1121 1122 1123 1124]] [75 [1125 1126 1127 1128 1129 1130 1131 1132 1133 1134 1135 1136 1137 1138 1139]] [76 [1140 1141 1142 1143 1144 1145 1146 1147 1148 1149 1150 1151 1152 1153 1154]] [77 [1155 1156 1157 1158 1159 1160 1161 1162 1163 1164 1165 1166 1167 1168 1169]] [78 [1170 1171 1172 1173 1174 1175 1176 1177 1178 1179 1180 1181 1182 1183 1184]] [79 [1185 1186 1187 1188 1189 1190 1191 1192 1193 1194 1195 1196 1197 1198 1199]] [80 [1200 1201 1202 1203 1204 1205 1206 1207 1208 1209 1210 1211 1212 1213 1214]] [81 [1215 1216 1217 1218 1219 1220 1221 1222 1223 1224 1225 1226 1227 1228 1229]] [82 [1230 1231 1232 1233 1234 1235 1236 1237 1238 1239 1240 1241 1242 1243 1244]] [83 [1245 1246 1247 1248 1249 1250 1251 1252 1253 1254 1255 1256 1257 1258 1259]] [84 [1260 1261 1262 1263 1264 1265 1266 1267 1268 1269 1270 1271 1272 1273 1274]] [85 [1275 1276 1277 1278 1279 1280 1281 1282 1283 1284 1285 1286 1287 1288 1289]] [86 [1290 1291 1292 1293 1294 1295 1296 1297 1298 1299 1300 1301 1302 1303 1304]] [87 [1305 1306 1307 1308 1309 1310 1311 1312 1313 1314 1315 1316 1317 1318 1319]] [88 [1320 1321 1322 1323 1324 1325 1326 1327 1328 1329 1330 1331 1332 1333 1334]] [89 [1335 1336 1337 1338 1339 1340 1341 1342 1343 1344 1345 1346 1347 1348 1349]] [90 [1350 1351 1352 1353 1354 1355 1356 1357 1358 1359 1360 1361 1362 1363 1364]] [91 [1365 1366 1367 1368 1369 1370 1371 1372 1373 1374 1375 1376 1377 1378 1379]] [92 [1380 1381 1382 1383 1384 1385 1386 1387 1388 1389 1390 1391 1392 1393 1394]] [93 [1395 1396 1397 1398 1399 1400 1401 1402 1403 1404 1405 1406 1407 1408 1409]] [94 [1410 1411 1412 1413 1414 1415 1416 1417 1418 1419 1420 1421 1422 1423 1424]] [95 [1425 1426 1427 1428 1429 1430 1431 1432 1433 1434 1435 1436 1437 1438 1439]] [96 [1440 1441 1442 1443 1444 1445 1446 1447 1448 1449 1450 1451 1452 1453 1454]] [97 [1455 1456 1457 1458 1459 1460 1461 1462 1463 1464 1465 1466 1467 1468 1469]] [98 [1470 1471 1472 1473 1474 1475 1476 1477 1478 1479 1480 1481 1482 1483 1484]] [99 [1485 1486 1487 1488 1489 1490 1491 1492 1493 1494 1495 1496 1497 1498 1499]]]","[[0 [0 1 2 3 4 5 6 7 8 9 10 11 12 13 14]] [1 [15 16 17 18 19 20 21 22 23 24 25 26 27 28 29]] [2 [30 31 32 33 34 35 36 37 38 39 40 41 42 43 44]] [3 [45 46 47 48 49 50 51 52 53 54 55 56 57 58 59]] [4 [60 61 62 63 64 65 66 67 68 69 70 71 72 73 74]] [5 [75 76 77 78 79 80 81 82 83 84 85 86 87 88 89]] [6 [90 91 92 93 94 95 96 97 98 99 100 101 102 103 104]] [7 [105 106 107 108 109 110 111 112 113 114 115 116 117 118 119]] [8 [120 121 122 123 124 125 126 127 128 129 130 131 132 133 134]] [9 [135 136 137 138 139 140 141 142 143 144 145 146 147 148 149]] [10 [150 151 152 153 154 155 156 157 158 159 160 161 162 163 164]] [11 [165 166 167 168 169 170 171 172 173 174 175 176 177 178 179]] [12 [180 181 182 183 184 185 186 187 188 189 190 191 192 193 194]] [13 [195 196 197 198 199 200 201 202 203 204 205 206 207 208 209]] [14 [210 211 212 213 214 215 216 217 218 219 220 221 222 223 224]] [15 [225 226 227 228 229 230 231 232 233 234 235 236 237 238 239]] [16 [240 241 242 243 244 245 246 247 248 249 250 251 252 253 254]] [17 [255 256 257 258 259 260 261 262 263 264 265 266 267 268 269]] [18 [270 271 272 273 274 275 276 277 278 279 280 281 282 283 284]] [19 [285 286 287 288 289 290 291 292 293 294 295 296 297 298 299]] [20 [300 301 302 303 304 305 306 307 308 309 310 311 312 313 314]] [21 [315 316 317 318 319 320 321 322 323 324 325 326 327 328 329]] [22 [330 331 332 333 334 335 336 337 338 339 340 341 342 343 344]] [23 [345 346 347 348 349 350 351 352 353 354 355 356 357 358 359]] [24 [360 361 362 363 364 365 366 367 368 369 370 371 372 373 374]] [25 [375 376 377 378 379 380 381 382 383 384 385 386 387 388 389]] [26 [390 391 392 393 394 395 396 397 398 399 400 401 402 403 404]] [27 [405 406 407 408 409 410 411 412 413 414 415 416 417 418 419]] [28 [420 421 422 423 424 425 426 427 428 429 430 431 432 433 434]] [29 [435 436 437 438 439 440 441 442 443 444 445 446 447 448 449]] [30 [450 451 452 453 454 455 456 457 458 459 460 461 462 463 464]] [31 [465 466 467 468 469 470 471 472 473 474 475 476 477 478 479]] [32 [480 481 482 483 484 485 486 487 488 489 490 491 492 493 494]] [33 [495 496 497 498 499 500 501 502 503 504 505 506 507 508 509]] [34 [510 511 512 513 514 515 516 517 518 519 520 521 522 523 524]] [35 [525 526 527 528 529 530 531 532 533 534 535 536 537 538 539]] [36 [540 541 542 543 544 545 546 547 548 549 550 551 552 553 554]] [37 [555 556 557 558 559 560 561 562 563 564 565 566 567 568 569]] [38 [570 571 572 573 574 575 576 577 578 579 580 581 582 583 584]] [39 [585 586 587 588 589 590 591 592 593 594 595 596 597 598 599]] [40 [600 601 602 603 604 605 606 607 608 609 610 611 612 613 614]] [41 [615 616 617 618 619 620 621 622 623 624 625 626 627 628 629]] [42 [630 631 632 633 634 635 636 637 638 639 640 641 642 643 644]] [43 [645 646 647 648 649 650 651 652 653 654 655 656 657 658 659]] [44 [660 661 662 663 664 665 666 667 668 669 670 671 672 673 674]] [45 [675 676 677 678 679 680 681 682 683 684 685 686 687 688 689]] [46 [690 691 692 693 694 695 696 697 698 699 700 701 702 703 704]] [47 [705 706 707 708 709 710 711 712 713 714 715 716 717 718 719]] [48 [720 721 722 723 724 725 726 727 728 729 730 731 732 733 734]] [49 [735 736 737 738 739 740 741 742 743 744 745 746 747 748 749]] [50 [750 751 752 753 754 755 756 757 758 759 760 761 762 763 764]] [51 [765 766 767 768 769 770 771 772 773 774 775 776 777 778 779]] [52 [780 781 782 783 784 785 786 787 788 789 790 791 792 793 794]] [53 [795 796 797 798 799 800 801 802 803 804 805 806 807 808 809]] [54 [810 811 812 813 814 815 816 817 818 819 820 821 822 823 824]] [55 [825 826 827 828 829 830 831 832 833 834 835 836 837 838 839]] [56 [840 841 842 843 844 845 846 847 848 849 850 851 852 853 854]] [57 [855 856 857 858 859 860 861 862 863 864 865 866 867 868 869]] [58 [870 871 872 873 874 875 876 877 878 879 880 881 882 883 884]] [59 [885 886 887 888 889 890 891 892 893 894 895 896 897 898 899]] [60 [900 901 902 903 904 905 906 907 908 909 910 911 912 913 914]] [61 [915 916 917 918 919 920 921 922 923 924 925 926 927 928 929]] [62 [930 931 932 933 934 935 936 937 938 939 940 941 942 943 944]] [63 [945 946 947 948 949 950 951 952 953 954 955 956 957 958 959]] [64 [960 961 962 963 964 965 966 967 968 969 970 971 972 973 974]] [65 [975 976 977 978 979 980 981 982 983 984 985 986 987 988 989]] [66 [990 991 992 993 994 995 996 997 998 999 1000 1001 1002 1003 1004]] [67 [1005 1006 1007 1008 1009 1010 1011 1012 1013 1014 1015 1016 1017 1018 1019]] [68 [1020 1021 1022 1023 1024 1025 1026 1027 1028 1029 1030 1031 1032 1033 1034]] [69 [1035 1036 1037 1038 1039 1040 1041 1042 1043 1044 1045 1046 1047 1048 1049]] [70 [1050 1051 1052 1053 1054 1055 1056 1057 1058 1059 1060 1061 1062 1063 1064]] [71 [1065 1066 1067 1068 1069 1070 1071 1072 1073 1074 1075 1076 1077 1078 1079]] [72 [1080 1081 1082 1083 1084 1085 1086 1087 1088 1089 1090 1091 1092 1093 1094]] [73 [1095 1096 1097 1098 1099 1100 1101 1102 1103 1104 1105 1106 1107 1108 1109]] [74 [1110 1111 1112 1113 1114 1115 1116 1117 1118 1119 1120 1121 1122 1123 1124]] [75 [1125 1126 1127 1128 1129 1130 1131 1132 1133 1134 1135 1136 1137 1138 1139]] [76 [1140 1141 1142 1143 1144 1145 1146 1147 1148 1149 1150 1151 1152 1153 1154]] [77 [1155 1156 1157 1158 1159 1160 1161 1162 1163 1164 1165 1166 1167 1168 1169]] [78 [1170 1171 1172 1173 1174 1175 1176 1177 1178 1179 1180 1181 1182 1183 1184]] [79 [1185 1186 1187 1188 1189 1190 1191 1192 1193 1194 1195 1196 1197 1198 1199]] [80 [1200 1201 1202 1203 1204 1205 1206 1207 1208 1209 1210 1211 1212 1213 1214]] [81 [1215 1216 1217 1218 1219 1220 1221 1222 1223 1224 1225 1226 1227 1228 1229]] [82 [1230 1231 1232 1233 1234 1235 1236 1237 1238 1239 1240 1241 1242 1243 1244]] [83 [1245 1246 1247 1248 1249 1250 1251 1252 1253 1254 1255 1256 1257 1258 1259]] [84 [1260 1261 1262 1263 1264 1265 1266 1267 1268 1269 1270 1271 1272 1273 1274]] [85 [1275 1276 1277 1278 1279 1280 1281 1282 1283 1284 1285 1286 1287 1288 1289]] [86 [1290 1291 1292 1293 1294 1295 1296 1297 1298 1299 1300 1301 1302 1303 1304]] [87 [1305 1306 1307 1308 1309 1310 1311 1312 1313 1314 1315 1316 1317 1318 1319]] [88 [1320 1321 1322 1323 1324 1325 1326 1327 1328 1329 1330 1331 1332 1333 1334]] [89 [1335 1336 1337 1338 1339 1340 1341 1342 1343 1344 1345 1346 1347 1348 1349]] [90 [1350 1351 1352 1353 1354 1355 1356 1357 1358 1359 1360 1361 1362 1363 1364]] [91 [1365 1366 1367 1368 1369 1370 1371 1372 1373 1374 1375 1376 1377 1378 1379]] [92 [1380 1381 1382 1383 1384 1385 1386 1387 1388 1389 1390 1391 1392 1393 1394]] [93 [1395 1396 1397 1398 1399 1400 1401 1402 1403 1404 1405 1406 1407 1408 1409]] [94 [1410 1411 1412 1413 1414 1415 1416 1417 1418 1419 1420 1421 1422 1423 1424]] [95 [1425 1426 1427 1428 1429 1430 1431 1432 1433 1434 1435 1436 1437 1438 1439]] [96 [1440 1441 1442 1443 1444 1445 1446 1447 1448 1449 1450 1451 1452 1453 1454]] [97 [1455 1456 1457 1458 1459 1460 1461 1462 1463 1464 1465 1466 1467 1468 1469]] [98 [1470 1471 1472 1473 1474 1475 1476 1477 1478 1479 1480 1481 1482 1483 1484]] [99 [1485 1486 1487 1488 1489 1490 1491 1492 1493 1494 1495 1496 1497 1498 1499]]]",,"[[{citizen 25} [[""A"" [0 0 0 0 0 0 0 0 0 0]]]] [{citizen 32} [[""A"" [4 4 4 4 4 4 4 4 4 4]]]] [{media 50} [[""A"" [4 4 4 4 4 4 4 4 4 4]]]] [{media 51} [[""A"" [4 4 4 4 4 4 4 4 4 4]]]] [{media 52} [[""A"" [4 4 4 4 4 4 4 4 4 4]]]] [{media 53} [[""A"" [4 4 4 4 4 4 4 4 4 4]]]] [{media 54} [[""A"" [4 4 4 4 4 4 4 4 4 4]]]] [{media 55} [[""A"" [4 4 4 4 4 4 4 4 4 4]]]] [{media 56} [[""A"" [4 4 4 4 4 4 4 4 4 4]]]] [{media 57} [[""A"" [4 4 4 4 4 4 4 4 4 4]]]] [{media 58} [[""A"" [4 4 4 4 4 4 4 4 4 4]]]] [{media 59} [[""A"" [4 4 4 4 4 4 4 4 4 4]]]] [{media 60} [[""A"" [4 4 4 4 4 4 4 4 4 4]]]] [{media 61} [[""A"" [4 4 4 4 4 4 4 4 4 4]]]] [{media 62} [[""A"" [4 4 4 4 4 4 4 4 4 4]]]] [{media 63} [[""A"" [4 4 4 4 4 4 4 4 4 4]]]] [{media 64} [[""A"" [4 4 4 4 4 4 4 4 4 4]]]] [{citizen 2} [[""A"" [4 4 4 4 4 4 4 4 4 4]]]] [{citizen 5} [[""A"" [4 4 4 4 4 4 4 4 4 4]]]] [{citizen 8} [[""A"" [4 4 4 4 4 4 4 4 4 4]]]] [{citizen 14} [[""A"" [4 4 4 4 4 4 4 4 4 4]]]] [{citizen 6} [[""A"" [4 4 4 4 4 4 4 4 4 4]]]] [{citizen 7} [[""A"" [4 4 4 4 4 4 4 4 4 4]]]] [{citizen 1} [[""A"" [4 4 4 4 4 4 4 4 4 4]]]] [{citizen 9} [[""A"" [4 4 4 4 4 4 4 4 4 4]]]] [{citizen 4} [[""A"" [4 4 4 4 4 4 4 4 4 4]]]] [{citizen 0} [[""A"" [4 4 4 4 4 4 4 4 4 4]]]] [{citizen 49} [[""A"" [4 4 4 4 4 4 4 4 4 4]]]] [{citizen 17} [[""A"" [4 4 4 4 4 4 4 4 4 4]]]] [{citizen 46} [[""A"" [4 4 4 4 4 4 4 4 4 4]]]] [{citizen 27} [[""A"" [4 4 4 4 4 4 4 4 4 4]]]] [{citizen 45} [[""A"" [4 4 4 4 4 4 4 4 4 4]]]] [{citizen 40} [[""A"" [4 4 4 4 4 4 4 4 4 4]]]] [{citizen 16} [[""A"" [4 4 4 4 4 4 4 4 4 4]]]] [{citizen 35} [[""A"" [4 4 4 4 4 4 4 4 4 4]]]] [{citizen 23} [[""A"" [4 4 4 4 4 4 4 4 4 4]]]] [{citizen 24} [[""A"" [4 4 4 4 4 4 4 4 4 4]]]] [{citizen 44} [[""A"" [4 4 4 4 4 4 4 4 4 4]]]] [{citizen 39} [[""A"" [4 4 4 4 4 4 4 4 4 4]]]] [{citizen 20} [[""A"" [4 4 4 4 4 4 4 4 4 4]]]] [{citizen 31} [[""A"" [4 4 4 4 4 4 4 4 4 4]]]] [{citizen 36} [[""A"" [4 4 4 4 4 4 4 4 4 4]]]] [{citizen 28} [[""A"" [4 4 4 4 4 4 4 4 4 4]]]] [{citizen 21} [[""A"" [4 4 4 4 4 4 4 4 4 4]]]] [{citizen 11} [[""A"" [4 4 4 4 4 4 4 4 4 4]]]] [{citizen 30} [[""A"" [4 4 4 4 4 4 4 4 4 4]]]] [{citizen 22} [[""A"" [4 4 4 4 4 4 4 4 4 4]]]] [{citizen 12} [[""A"" [4 4 4 4 4 4 4 4 4 4]]]] [{citizen 13} [[""A"" [4 4 4 4 4 4 4 4 4 4]]]] [{citizen 10} [[""A"" [4 4 4 4 4 4 4 4 4 4]]]] [{citizen 48} [[""A"" [4 4 4 4 4 4 4 4 4 4]]]] [{citizen 15} [[""A"" [4 4 4 4 4 4 4 4 4 4]]]] [{citizen 26} [[""A"" [4 4 4 4 4 4 4 4 4 4]]]] [{citizen 29} [[""A"" [4 4 4 4 4 4 4 4 4 4]]]] [{citizen 43} [[""A"" [4 4 4 4 4 4 4 4 4 4]]]] [{citizen 42} [[""A"" [4 4 4 4 4 4 4 4 4 4]]]] [{citizen 38} [[""A"" [4 4 4 4 4 4 4 4 4 4]]]] [{citizen 41} [[""A"" [4 4 4 4 4 4 4 4 4 4]]]] [{citizen 34} [[""A"" [4 4 4 4 4 4 4 4 4 4]]]] [{citizen 47} [[""A"" [4 4 4 4 4 4 4 4 4 4]]]] [{citizen 3} [[""A"" [4 4 4 4 4 4 4 4 4 4]]]] [{citizen 37} [[""A"" [4 4 4 4 4 4 4 4 4 4]]]]]"
"20","[85 0 170]","204.8936170212766","-3.682347074178007","-8.48040100064074","""circle""","""""","9.9","{breed citizens}","false","0.5","1","""up""",,"[[""ID"" 35] [""alpha"" 1] [""beta"" 1] [""malleable"" [""A""]] [""prior"" []] [""cont_tokens"" []] [""A"" 4]]","[[0 [0 1 2 3 4 5 6 7 8 9 10 11 12 13 14]] [1 [15 16 17 18 19 20 21 22 23 24 25 26 27 28 29]] [2 [30 31 32 33 34 35 36 37 38 39 40 41 42 43 44]] [3 [45 46 47 48 49 50 51 52 53 54 55 56 57 58 59]] [4 [60 61 62 63 64 65 66 67 68 69 70 71 72 73 74]] [5 [75 76 77 78 79 80 81 82 83 84 85 86 87 88 89]] [6 [90 91 92 93 94 95 96 97 98 99 100 101 102 103 104]] [7 [105 106 107 108 109 110 111 112 113 114 115 116 117 118 119]] [8 [120 121 122 123 124 125 126 127 128 129 130 131 132 133 134]] [9 [135 136 137 138 139 140 141 142 143 144 145 146 147 148 149]] [10 [150 151 152 153 154 155 156 157 158 159 160 161 162 163 164]] [11 [165 166 167 168 169 170 171 172 173 174 175 176 177 178 179]] [12 [180 181 182 183 184 185 186 187 188 189 190 191 192 193 194]] [13 [195 196 197 198 199 200 201 202 203 204 205 206 207 208 209]] [14 [210 211 212 213 214 215 216 217 218 219 220 221 222 223 224]] [15 [225 226 227 228 229 230 231 232 233 234 235 236 237 238 239]] [16 [240 241 242 243 244 245 246 247 248 249 250 251 252 253 254]] [17 [255 256 257 258 259 260 261 262 263 264 265 266 267 268 269]] [18 [270 271 272 273 274 275 276 277 278 279 280 281 282 283 284]] [19 [285 286 287 288 289 290 291 292 293 294 295 296 297 298 299]] [20 [300 301 302 303 304 305 306 307 308 309 310 311 312 313 314]] [21 [315 316 317 318 319 320 321 322 323 324 325 326 327 328 329]] [22 [330 331 332 333 334 335 336 337 338 339 340 341 342 343 344]] [23 [345 346 347 348 349 350 351 352 353 354 355 356 357 358 359]] [24 [360 361 362 363 364 365 366 367 368 369 370 371 372 373 374]] [25 [375 376 377 378 379 380 381 382 383 384 385 386 387 388 389]] [26 [390 391 392 393 394 395 396 397 398 399 400 401 402 403 404]] [27 [405 406 407 408 409 410 411 412 413 414 415 416 417 418 419]] [28 [420 421 422 423 424 425 426 427 428 429 430 431 432 433 434]] [29 [435 436 437 438 439 440 441 442 443 444 445 446 447 448 449]] [30 [450 451 452 453 454 455 456 457 458 459 460 461 462 463 464]] [31 [465 466 467 468 469 470 471 472 473 474 475 476 477 478 479]] [32 [480 481 482 483 484 485 486 487 488 489 490 491 492 493 494]] [33 [495 496 497 498 499 500 501 502 503 504 505 506 507 508 509]] [34 [510 511 512 513 514 515 516 517 518 519 520 521 522 523 524]] [35 [525 526 527 528 529 530 531 532 533 534 535 536 537 538 539]] [36 [540 541 542 543 544 545 546 547 548 549 550 551 552 553 554]] [37 [555 556 557 558 559 560 561 562 563 564 565 566 567 568 569]] [38 [570 571 572 573 574 575 576 577 578 579 580 581 582 583 584]] [39 [585 586 587 588 589 590 591 592 593 594 595 596 597 598 599]] [40 [600 601 602 603 604 605 606 607 608 609 610 611 612 613 614]] [41 [615 616 617 618 619 620 621 622 623 624 625 626 627 628 629]] [42 [630 631 632 633 634 635 636 637 638 639 640 641 642 643 644]] [43 [645 646 647 648 649 650 651 652 653 654 655 656 657 658 659]] [44 [660 661 662 663 664 665 666 667 668 669 670 671 672 673 674]] [45 [675 676 677 678 679 680 681 682 683 684 685 686 687 688 689]] [46 [690 691 692 693 694 695 696 697 698 699 700 701 702 703 704]] [47 [705 706 707 708 709 710 711 712 713 714 715 716 717 718 719]] [48 [720 721 722 723 724 725 726 727 728 729 730 731 732 733 734]] [49 [735 736 737 738 739 740 741 742 743 744 745 746 747 748 749]] [50 [750 751 752 753 754 755 756 757 758 759 760 761 762 763 764]] [51 [765 766 767 768 769 770 771 772 773 774 775 776 777 778 779]] [52 [780 781 782 783 784 785 786 787 788 789 790 791 792 793 794]] [53 [795 796 797 798 799 800 801 802 803 804 805 806 807 808 809]] [54 [810 811 812 813 814 815 816 817 818 819 820 821 822 823 824]] [55 [825 826 827 828 829 830 831 832 833 834 835 836 837 838 839]] [56 [840 841 842 843 844 845 846 847 848 849 850 851 852 853 854]] [57 [855 856 857 858 859 860 861 862 863 864 865 866 867 868 869]] [58 [870 871 872 873 874 875 876 877 878 879 880 881 882 883 884]] [59 [885 886 887 888 889 890 891 892 893 894 895 896 897 898 899]] [60 [900 901 902 903 904 905 906 907 908 909 910 911 912 913 914]] [61 [915 916 917 918 919 920 921 922 923 924 925 926 927 928 929]] [62 [930 931 932 933 934 935 936 937 938 939 940 941 942 943 944]] [63 [945 946 947 948 949 950 951 952 953 954 955 956 957 958 959]] [64 [960 961 962 963 964 965 966 967 968 969 970 971 972 973 974]] [65 [975 976 977 978 979 980 981 982 983 984 985 986 987 988 989]] [66 [990 991 992 993 994 995 996 997 998 999 1000 1001 1002 1003 1004]] [67 [1005 1006 1007 1008 1009 1010 1011 1012 1013 1014 1015 1016 1017 1018 1019]] [68 [1020 1021 1022 1023 1024 1025 1026 1027 1028 1029 1030 1031 1032 1033 1034]] [69 [1035 1036 1037 1038 1039 1040 1041 1042 1043 1044 1045 1046 1047 1048 1049]] [70 [1050 1051 1052 1053 1054 1055 1056 1057 1058 1059 1060 1061 1062 1063 1064]] [71 [1065 1066 1067 1068 1069 1070 1071 1072 1073 1074 1075 1076 1077 1078 1079]] [72 [1080 1081 1082 1083 1084 1085 1086 1087 1088 1089 1090 1091 1092 1093 1094]] [73 [1095 1096 1097 1098 1099 1100 1101 1102 1103 1104 1105 1106 1107 1108 1109]] [74 [1110 1111 1112 1113 1114 1115 1116 1117 1118 1119 1120 1121 1122 1123 1124]] [75 [1125 1126 1127 1128 1129 1130 1131 1132 1133 1134 1135 1136 1137 1138 1139]] [76 [1140 1141 1142 1143 1144 1145 1146 1147 1148 1149 1150 1151 1152 1153 1154]] [77 [1155 1156 1157 1158 1159 1160 1161 1162 1163 1164 1165 1166 1167 1168 1169]] [78 [1170 1171 1172 1173 1174 1175 1176 1177 1178 1179 1180 1181 1182 1183 1184]] [79 [1185 1186 1187 1188 1189 1190 1191 1192 1193 1194 1195 1196 1197 1198 1199]] [80 [1200 1201 1202 1203 1204 1205 1206 1207 1208 1209 1210 1211 1212 1213 1214]] [81 [1215 1216 1217 1218 1219 1220 1221 1222 1223 1224 1225 1226 1227 1228 1229]] [82 [1230 1231 1232 1233 1234 1235 1236 1237 1238 1239 1240 1241 1242 1243 1244]] [83 [1245 1246 1247 1248 1249 1250 1251 1252 1253 1254 1255 1256 1257 1258 1259]] [84 [1260 1261 1262 1263 1264 1265 1266 1267 1268 1269 1270 1271 1272 1273 1274]] [85 [1275 1276 1277 1278 1279 1280 1281 1282 1283 1284 1285 1286 1287 1288 1289]] [86 [1290 1291 1292 1293 1294 1295 1296 1297 1298 1299 1300 1301 1302 1303 1304]] [87 [1305 1306 1307 1308 1309 1310 1311 1312 1313 1314 1315 1316 1317 1318 1319]] [88 [1320 1321 1322 1323 1324 1325 1326 1327 1328 1329 1330 1331 1332 1333 1334]] [89 [1335 1336 1337 1338 1339 1340 1341 1342 1343 1344 1345 1346 1347 1348 1349]] [90 [1350 1351 1352 1353 1354 1355 1356 1357 1358 1359 1360 1361 1362 1363 1364]] [91 [1365 1366 1367 1368 1369 1370 1371 1372 1373 1374 1375 1376 1377 1378 1379]] [92 [1380 1381 1382 1383 1384 1385 1386 1387 1388 1389 1390 1391 1392 1393 1394]] [93 [1395 1396 1397 1398 1399 1400 1401 1402 1403 1404 1405 1406 1407 1408 1409]] [94 [1410 1411 1412 1413 1414 1415 1416 1417 1418 1419 1420 1421 1422 1423 1424]] [95 [1425 1426 1427 1428 1429 1430 1431 1432 1433 1434 1435 1436 1437 1438 1439]] [96 [1440 1441 1442 1443 1444 1445 1446 1447 1448 1449 1450 1451 1452 1453 1454]] [97 [1455 1456 1457 1458 1459 1460 1461 1462 1463 1464 1465 1466 1467 1468 1469]] [98 [1470 1471 1472 1473 1474 1475 1476 1477 1478 1479 1480 1481 1482 1483 1484]] [99 [1485 1486 1487 1488 1489 1490 1491 1492 1493 1494 1495 1496 1497 1498 1499]]]","[[0 [4 5 6 7 8 9 10 11 12 13 14]] [1 [15 16 17 18 19 20 21 22 23 24 25 26 27 28 29]] [2 [30 31 32 33 34 35 36 37 38 39 40 41 42 43 44]] [3 [45 46 47 48 49 50 51 52 53 54 55 56 57 58 59]] [4 [60 61 62 63 64 65 66 67 68 69 70 71 72 73 74]] [5 [75 76 77 78 79 80 81 82 83 84 85 86 87 88 89]] [6 [90 91 92 93 94 95 96 97 98 99 100 101 102 103 104]] [7 [105 106 107 108 109 110 111 112 113 114 115 116 117 118 119]] [8 [120 121 122 123 124 125 126 127 128 129 130 131 132 133 134]] [9 [135 136 137 138 139 140 141 142 143 144 145 146 147 148 149]] [10 [150 151 152 153 154 155 156 157 158 159 160 161 162 163 164]] [11 [165 166 167 168 169 170 171 172 173 174 175 176 177 178 179]] [12 [180 181 182 183 184 185 186 187 188 189 190 191 192 193 194]] [13 [195 196 197 198 199 200 201 202 203 204 205 206 207 208 209]] [14 [210 211 212 213 214 215 216 217 218 219 220 221 222 223 224]] [15 [225 226 227 228 229 230 231 232 233 234 235 236 237 238 239]] [16 [240 241 242 243 244 245 246 247 248 249 250 251 252 253 254]] [17 [255 256 257 258 259 260 261 262 263 264 265 266 267 268 269]] [18 [270 271 272 273 274 275 276 277 278 279 280 281 282 283 284]] [19 [285 286 287 288 289 290 291 292 293 294 295 296 297 298 299]] [20 [300 301 302 303 304 305 306 307 308 309 310 311 312 313 314]] [21 [315 316 317 318 319 320 321 322 323 324 325 326 327 328 329]] [22 [330 331 332 333 334 335 336 337 338 339 340 341 342 343 344]] [23 [345 346 347 348 349 350 351 352 353 354 355 356 357 358 359]] [24 [360 361 362 363 364 365 366 367 368 369 370 371 372 373 374]] [25 [375 376 377 378 379 380 381 382 383 384 385 386 387 388 389]] [26 [390 391 392 393 394 395 396 397 398 399 400 401 402 403 404]] [27 [405 406 407 408 409 410 411 412 413 414 415 416 417 418 419]] [28 [420 421 422 423 424 425 426 427 428 429 430 431 432 433 434]] [29 [435 436 437 438 439 440 441 442 443 444 445 446 447 448 449]] [30 [450 451 452 453 454 455 456 457 458 459 460 461 462 463 464]] [31 [465 466 467 468 469 470 471 472 473 474 475 476 477 478 479]] [32 [480 481 482 483 484 485 486 487 488 489 490 491 492 493 494]] [33 [495 496 497 498 499 500 501 502 503 504 505 506 507 508 509]] [34 [510 511 512 513 514 515 516 517 518 519 520 521 522 523 524]] [35 [525 526 527 528 529 530 531 532 533 534 535 536 537 538 539]] [36 [540 541 542 543 544 545 546 547 548 549 550 551 552 553 554]] [37 [555 556 557 558 559 560 561 562 563 564 565 566 567 568 569]] [38 [570 571 572 573 574 575 576 577 578 579 580 581 582 583 584]] [39 [585 586 587 588 589 590 591 592 593 594 595 596 597 598 599]] [40 [600 601 602 603 604 605 606 607 608 609 610 611 612 613 614]] [41 [615 616 617 618 619 620 621 622 623 624 625 626 627 628 629]] [42 [630 631 632 633 634 635 636 637 638 639 640 641 642 643 644]] [43 [645 646 647 648 649 650 651 652 653 654 655 656 657 658 659]] [44 [660 661 662 663 664 665 666 667 668 669 670 671 672 673 674]] [45 [675 676 677 678 679 680 681 682 683 684 685 686 687 688 689]] [46 [690 691 692 693 694 695 696 697 698 699 700 701 702 703 704]] [47 [705 706 707 708 709 710 711 712 713 714 715 716 717 718 719]] [48 [720 721 722 723 724 725 726 727 728 729 730 731 732 733 734]] [49 [735 736 737 738 739 740 741 742 743 744 745 746 747 748 749]] [50 [750 751 752 753 754 755 756 757 758 759 760 761 762 763 764]] [51 [765 766 767 768 769 770 771 772 773 774 775 776 777 778 779]] [52 [780 781 782 783 784 785 786 787 788 789 790 791 792 793 794]] [53 [795 796 797 798 799 800 801 802 803 804 805 806 807 808 809]] [54 [810 811 812 813 814 815 816 817 818 819 820 821 822 823 824]] [55 [825 826 827 828 829 830 831 832 833 834 835 836 837 838 839]] [56 [840 841 842 843 844 845 846 847 848 849 850 851 852 853 854]] [57 [855 856 857 858 859 860 861 862 863 864 865 866 867 868 869]] [58 [870 871 872 873 874 875 876 877 878 879 880 881 882 883 884]] [59 [885 886 887 888 889 890 891 892 893 894 895 896 897 898 899]] [60 [900 901 902 903 904 905 906 907 908 909 910 911 912 913 914]] [61 [915 916 917 918 919 920 921 922 923 924 925 926 927 928 929]] [62 [930 931 932 933 934 935 936 937 938 939 940 941 942 943 944]] [63 [945 946 947 948 949 950 951 952 953 954 955 956 957 958 959]] [64 [960 961 962 963 964 965 966 967 968 969 970 971 972 973 974]] [65 [975 976 977 978 979 980 981 982 983 984 985 986 987 988 989]] [66 [990 991 992 993 994 995 996 997 998 999 1000 1001 1002 1003 1004]] [67 [1005 1006 1007 1008 1009 1010 1011 1012 1013 1014 1015 1016 1017 1018 1019]] [68 [1020 1021 1022 1023 1024 1025 1026 1027 1028 1029 1030 1031 1032 1033 1034]] [69 [1035 1036 1037 1038 1039 1040 1041 1042 1043 1044 1045 1046 1047 1048 1049]] [70 [1050 1051 1052 1053 1054 1055 1056 1057 1058 1059 1060 1061 1062 1063 1064]] [71 [1065 1066 1067 1068 1069 1070 1071 1072 1073 1074 1075 1076 1077 1078 1079]] [72 [1080 1081 1082 1083 1084 1085 1086 1087 1088 1089 1090 1091 1092 1093 1094]] [73 [1095 1096 1097 1098 1099 1100 1101 1102 1103 1104 1105 1106 1107 1108 1109]] [74 [1110 1111 1112 1113 1114 1115 1116 1117 1118 1119 1120 1121 1122 1123 1124]] [75 [1125 1126 1127 1128 1129 1130 1131 1132 1133 1134 1135 1136 1137 1138 1139]] [76 [1140 1141 1142 1143 1144 1145 1146 1147 1148 1149 1150 1151 1152 1153 1154]] [77 [1155 1156 1157 1158 1159 1160 1161 1162 1163 1164 1165 1166 1167 1168 1169]] [78 [1170 1171 1172 1173 1174 1175 1176 1177 1178 1179 1180 1181 1182 1183 1184]] [79 [1185 1186 1187 1188 1189 1190 1191 1192 1193 1194 1195 1196 1197 1198 1199]] [80 [1200 1201 1202 1203 1204 1205 1206 1207 1208 1209 1210 1211 1212 1213 1214]] [81 [1215 1216 1217 1218 1219 1220 1221 1222 1223 1224 1225 1226 1227 1228 1229]] [82 [1230 1231 1232 1233 1234 1235 1236 1237 1238 1239 1240 1241 1242 1243 1244]] [83 [1245 1246 1247 1248 1249 1250 1251 1252 1253 1254 1255 1256 1257 1258 1259]] [84 [1260 1261 1262 1263 1264 1265 1266 1267 1268 1269 1270 1271 1272 1273 1274]] [85 [1275 1276 1277 1278 1279 1280 1281 1282 1283 1284 1285 1286 1287 1288 1289]] [86 [1290 1291 1292 1293 1294 1295 1296 1297 1298 1299 1300 1301 1302 1303 1304]] [87 [1305 1306 1307 1308 1309 1310 1311 1312 1313 1314 1315 1316 1317 1318 1319]] [88 [1320 1321 1322 1323 1324 1325 1326 1327 1328 1329 1330 1331 1332 1333 1334]] [89 [1335 1336 1337 1338 1339 1340 1341 1342 1343 1344 1345 1346 1347 1348 1349]] [90 [1350 1351 1352 1353 1354 1355 1356 1357 1358 1359 1360 1361 1362 1363 1364]] [91 [1365 1366 1367 1368 1369 1370 1371 1372 1373 1374 1375 1376 1377 1378 1379]] [92 [1380 1381 1382 1383 1384 1385 1386 1387 1388 1389 1390 1391 1392 1393 1394]] [93 [1395 1396 1397 1398 1399 1400 1401 1402 1403 1404 1405 1406 1407 1408 1409]] [94 [1410 1411 1412 1413 1414 1415 1416 1417 1418 1419 1420 1421 1422 1423 1424]] [95 [1425 1426 1427 1428 1429 1430 1431 1432 1433 1434 1435 1436 1437 1438 1439]] [96 [1440 1441 1442 1443 1444 1445 1446 1447 1448 1449 1450 1451 1452 1453 1454]] [97 [1455 1456 1457 1458 1459 1460 1461 1462 1463 1464 1465 1466 1467 1468 1469]] [98 [1470 1471 1472 1473 1474 1475 1476 1477 1478 1479 1480 1481 1482 1483 1484]] [99 [1485 1486 1487 1488 1489 1490 1491 1492 1493 1494 1495 1496 1497 1498 1499]]]",,"[[{citizen 26} [[""A"" [4 4 4 4 4 4 4 4 4 4]]]] [{citizen 31} [[""A"" [4 4 4 4 4 4 4 4 4 4]]]] [{citizen 33} [[""A"" [0 0 0 0 0 0 0 0 0 0]]]] [{citizen 35} [[""A"" [4 4 4 4 4 4 4 4 4 4]]]] [{media 50} [[""A"" [4 4 4 4 4 4 4 4 4 4]]]] [{media 51} [[""A"" [4 4 4 4 4 4 4 4 4 4]]]] [{media 52} [[""A"" [4 4 4 4 4 4 4 4 4 4]]]] [{media 53} [[""A"" [4 4 4 4 4 4 4 4 4 4]]]] [{media 54} [[""A"" [4 4 4 4 4 4 4 4 4 4]]]] [{media 55} [[""A"" [4 4 4 4 4 4 4 4 4 4]]]] [{media 56} [[""A"" [4 4 4 4 4 4 4 4 4 4]]]] [{media 57} [[""A"" [4 4 4 4 4 4 4 4 4 4]]]] [{media 58} [[""A"" [4 4 4 4 4 4 4 4 4 4]]]] [{media 59} [[""A"" [4 4 4 4 4 4 4 4 4 4]]]] [{media 60} [[""A"" [4 4 4 4 4 4 4 4 4 4]]]] [{media 61} [[""A"" [4 4 4 4 4 4 4 4 4 4]]]] [{media 62} [[""A"" [4 4 4 4 4 4 4 4 4 4]]]] [{media 63} [[""A"" [4 4 4 4 4 4 4 4 4 4]]]] [{media 64} [[""A"" [4 4 4 4 4 4 4 4 4 4]]]] [{citizen 16} [[""A"" [4 4 4 4 4 4 4 4 4 4]]]] [{citizen 9} [[""A"" [4 4 4 4 4 4 4 4 4 4]]]] [{citizen 14} [[""A"" [4 4 4 4 4 4 4 4 4 4]]]] [{citizen 15} [[""A"" [4 4 4 4 4 4 4 4 4 4]]]] [{citizen 6} [[""A"" [4 4 4 4 4 4 4 4 4 4]]]] [{citizen 1} [[""A"" [4 4 4 4 4 4 4 4 4 4]]]] [{citizen 2} [[""A"" [4 4 4 4 4 4 4 4 4 4]]]] [{citizen 5} [[""A"" [4 4 4 4 4 4 4 4 4 4]]]] [{citizen 8} [[""A"" [4 4 4 4 4 4 4 4 4 4]]]] [{citizen 4} [[""A"" [4 4 4 4 4 4 4 4 4 4]]]] [{citizen 0} [[""A"" [4 4 4 4 4 4 4 4 4 4]]]] [{citizen 49} [[""A"" [4 4 4 4 4 4 4 4 4 4]]]] [{citizen 17} [[""A"" [4 4 4 4 4 4 4 4 4 4]]]] [{citizen 46} [[""A"" [4 4 4 4 4 4 4 4 4 4]]]] [{citizen 27} [[""A"" [4 4 4 4 4 4 4 4 4 4]]]] [{citizen 45} [[""A"" [4 4 4 4 4 4 4 4 4 4]]]] [{citizen 7} [[""A"" [4 4 4 4 4 4 4 4 4 4]]]] [{citizen 40} [[""A"" [4 4 4 4 4 4 4 4 4 4]]]] [{citizen 23} [[""A"" [4 4 4 4 4 4 4 4 4 4]]]] [{citizen 24} [[""A"" [4 4 4 4 4 4 4 4 4 4]]]] [{citizen 44} [[""A"" [4 4 4 4 4 4 4 4 4 4]]]] [{citizen 32} [[""A"" [4 4 4 4 4 4 4 4 4 4]]]] [{citizen 39} [[""A"" [4 4 4 4 4 4 4 4 4 4]]]] [{citizen 21} [[""A"" [4 4 4 4 4 4 4 4 4 4]]]] [{citizen 11} [[""A"" [4 4 4 4 4 4 4 4 4 4]]]] [{citizen 19} [[""A"" [4 4 4 4 4 4 4 4 4 4]]]] [{citizen 42} [[""A"" [4 4 4 4 4 4 4 4 4 4]]]] [{citizen 37} [[""A"" [4 4 4 4 4 4 4 4 4 4]]]] [{citizen 30} [[""A"" [4 4 4 4 4 4 4 4 4 4]]]] [{citizen 36} [[""A"" [4 4 4 4 4 4 4 4 4 4]]]] [{citizen 13} [[""A"" [4 4 4 4 4 4 4 4 4 4]]]] [{citizen 41} [[""A"" [4 4 4 4 4 4 4 4 4 4]]]] [{citizen 12} [[""A"" [4 4 4 4 4 4 4 4 4 4]]]] [{citizen 10} [[""A"" [4 4 4 4 4 4 4 4 4 4]]]] [{citizen 43} [[""A"" [4 4 4 4 4 4 4 4 4 4]]]] [{citizen 34} [[""A"" [4 4 4 4 4 4 4 4 4 4]]]] [{citizen 28} [[""A"" [4 4 4 4 4 4 4 4 4 4]]]] [{citizen 22} [[""A"" [4 4 4 4 4 4 4 4 4 4]]]] [{citizen 48} [[""A"" [4 4 4 4 4 4 4 4 4 4]]]] [{citizen 29} [[""A"" [4 4 4 4 4 4 4 4 4 4]]]] [{citizen 38} [[""A"" [4 4 4 4 4 4 4 4 4 4]]]] [{citizen 47} [[""A"" [4 4 4 4 4 4 4 4 4 4]]]] [{citizen 3} [[""A"" [4 4 4 4 4 4 4 4 4 4]]]]]"
"21","[85 0 170]","34.81624758220504","8.798218352286575","12.686844478958687","""circle""","""""","9.9","{breed citizens}","false","0.5","1","""up""",,"[[""ID"" 13] [""alpha"" 1] [""beta"" 1] [""malleable"" [""A""]] [""prior"" []] [""cont_tokens"" []] [""A"" 4]]","[[0 [0 1 2 3 4 5 6 7 8 9 10 11 12 13 14]] [1 [15 16 17 18 19 20 21 22 23 24 25 26 27 28 29]] [2 [30 31 32 33 34 35 36 37 38 39 40 41 42 43 44]] [3 [45 46 47 48 49 50 51 52 53 54 55 56 57 58 59]] [4 [60 61 62 63 64 65 66 67 68 69 70 71 72 73 74]] [5 [75 76 77 78 79 80 81 82 83 84 85 86 87 88 89]] [6 [90 91 92 93 94 95 96 97 98 99 100 101 102 103 104]] [7 [105 106 107 108 109 110 111 112 113 114 115 116 117 118 119]] [8 [120 121 122 123 124 125 126 127 128 129 130 131 132 133 134]] [9 [135 136 137 138 139 140 141 142 143 144 145 146 147 148 149]] [10 [150 151 152 153 154 155 156 157 158 159 160 161 162 163 164]] [11 [165 166 167 168 169 170 171 172 173 174 175 176 177 178 179]] [12 [180 181 182 183 184 185 186 187 188 189 190 191 192 193 194]] [13 [195 196 197 198 199 200 201 202 203 204 205 206 207 208 209]] [14 [210 211 212 213 214 215 216 217 218 219 220 221 222 223 224]] [15 [225 226 227 228 229 230 231 232 233 234 235 236 237 238 239]] [16 [240 241 242 243 244 245 246 247 248 249 250 251 252 253 254]] [17 [255 256 257 258 259 260 261 262 263 264 265 266 267 268 269]] [18 [270 271 272 273 274 275 276 277 278 279 280 281 282 283 284]] [19 [285 286 287 288 289 290 291 292 293 294 295 296 297 298 299]] [20 [300 301 302 303 304 305 306 307 308 309 310 311 312 313 314]] [21 [315 316 317 318 319 320 321 322 323 324 325 326 327 328 329]] [22 [330 331 332 333 334 335 336 337 338 339 340 341 342 343 344]] [23 [345 346 347 348 349 350 351 352 353 354 355 356 357 358 359]] [24 [360 361 362 363 364 365 366 367 368 369 370 371 372 373 374]] [25 [375 376 377 378 379 380 381 382 383 384 385 386 387 388 389]] [26 [390 391 392 393 394 395 396 397 398 399 400 401 402 403 404]] [27 [405 406 407 408 409 410 411 412 413 414 415 416 417 418 419]] [28 [420 421 422 423 424 425 426 427 428 429 430 431 432 433 434]] [29 [435 436 437 438 439 440 441 442 443 444 445 446 447 448 449]] [30 [450 451 452 453 454 455 456 457 458 459 460 461 462 463 464]] [31 [465 466 467 468 469 470 471 472 473 474 475 476 477 478 479]] [32 [480 481 482 483 484 485 486 487 488 489 490 491 492 493 494]] [33 [495 496 497 498 499 500 501 502 503 504 505 506 507 508 509]] [34 [510 511 512 513 514 515 516 517 518 519 520 521 522 523 524]] [35 [525 526 527 528 529 530 531 532 533 534 535 536 537 538 539]] [36 [540 541 542 543 544 545 546 547 548 549 550 551 552 553 554]] [37 [555 556 557 558 559 560 561 562 563 564 565 566 567 568 569]] [38 [570 571 572 573 574 575 576 577 578 579 580 581 582 583 584]] [39 [585 586 587 588 589 590 591 592 593 594 595 596 597 598 599]] [40 [600 601 602 603 604 605 606 607 608 609 610 611 612 613 614]] [41 [615 616 617 618 619 620 621 622 623 624 625 626 627 628 629]] [42 [630 631 632 633 634 635 636 637 638 639 640 641 642 643 644]] [43 [645 646 647 648 649 650 651 652 653 654 655 656 657 658 659]] [44 [660 661 662 663 664 665 666 667 668 669 670 671 672 673 674]] [45 [675 676 677 678 679 680 681 682 683 684 685 686 687 688 689]] [46 [690 691 692 693 694 695 696 697 698 699 700 701 702 703 704]] [47 [705 706 707 708 709 710 711 712 713 714 715 716 717 718 719]] [48 [720 721 722 723 724 725 726 727 728 729 730 731 732 733 734]] [49 [735 736 737 738 739 740 741 742 743 744 745 746 747 748 749]] [50 [750 751 752 753 754 755 756 757 758 759 760 761 762 763 764]] [51 [765 766 767 768 769 770 771 772 773 774 775 776 777 778 779]] [52 [780 781 782 783 784 785 786 787 788 789 790 791 792 793 794]] [53 [795 796 797 798 799 800 801 802 803 804 805 806 807 808 809]] [54 [810 811 812 813 814 815 816 817 818 819 820 821 822 823 824]] [55 [825 826 827 828 829 830 831 832 833 834 835 836 837 838 839]] [56 [840 841 842 843 844 845 846 847 848 849 850 851 852 853 854]] [57 [855 856 857 858 859 860 861 862 863 864 865 866 867 868 869]] [58 [870 871 872 873 874 875 876 877 878 879 880 881 882 883 884]] [59 [885 886 887 888 889 890 891 892 893 894 895 896 897 898 899]] [60 [900 901 902 903 904 905 906 907 908 909 910 911 912 913 914]] [61 [915 916 917 918 919 920 921 922 923 924 925 926 927 928 929]] [62 [930 931 932 933 934 935 936 937 938 939 940 941 942 943 944]] [63 [945 946 947 948 949 950 951 952 953 954 955 956 957 958 959]] [64 [960 961 962 963 964 965 966 967 968 969 970 971 972 973 974]] [65 [975 976 977 978 979 980 981 982 983 984 985 986 987 988 989]] [66 [990 991 992 993 994 995 996 997 998 999 1000 1001 1002 1003 1004]] [67 [1005 1006 1007 1008 1009 1010 1011 1012 1013 1014 1015 1016 1017 1018 1019]] [68 [1020 1021 1022 1023 1024 1025 1026 1027 1028 1029 1030 1031 1032 1033 1034]] [69 [1035 1036 1037 1038 1039 1040 1041 1042 1043 1044 1045 1046 1047 1048 1049]] [70 [1050 1051 1052 1053 1054 1055 1056 1057 1058 1059 1060 1061 1062 1063 1064]] [71 [1065 1066 1067 1068 1069 1070 1071 1072 1073 1074 1075 1076 1077 1078 1079]] [72 [1080 1081 1082 1083 1084 1085 1086 1087 1088 1089 1090 1091 1092 1093 1094]] [73 [1095 1096 1097 1098 1099 1100 1101 1102 1103 1104 1105 1106 1107 1108 1109]] [74 [1110 1111 1112 1113 1114 1115 1116 1117 1118 1119 1120 1121 1122 1123 1124]] [75 [1125 1126 1127 1128 1129 1130 1131 1132 1133 1134 1135 1136 1137 1138 1139]] [76 [1140 1141 1142 1143 1144 1145 1146 1147 1148 1149 1150 1151 1152 1153 1154]] [77 [1155 1156 1157 1158 1159 1160 1161 1162 1163 1164 1165 1166 1167 1168 1169]] [78 [1170 1171 1172 1173 1174 1175 1176 1177 1178 1179 1180 1181 1182 1183 1184]] [79 [1185 1186 1187 1188 1189 1190 1191 1192 1193 1194 1195 1196 1197 1198 1199]] [80 [1200 1201 1202 1203 1204 1205 1206 1207 1208 1209 1210 1211 1212 1213 1214]] [81 [1215 1216 1217 1218 1219 1220 1221 1222 1223 1224 1225 1226 1227 1228 1229]] [82 [1230 1231 1232 1233 1234 1235 1236 1237 1238 1239 1240 1241 1242 1243 1244]] [83 [1245 1246 1247 1248 1249 1250 1251 1252 1253 1254 1255 1256 1257 1258 1259]] [84 [1260 1261 1262 1263 1264 1265 1266 1267 1268 1269 1270 1271 1272 1273 1274]] [85 [1275 1276 1277 1278 1279 1280 1281 1282 1283 1284 1285 1286 1287 1288 1289]] [86 [1290 1291 1292 1293 1294 1295 1296 1297 1298 1299 1300 1301 1302 1303 1304]] [87 [1305 1306 1307 1308 1309 1310 1311 1312 1313 1314 1315 1316 1317 1318 1319]] [88 [1320 1321 1322 1323 1324 1325 1326 1327 1328 1329 1330 1331 1332 1333 1334]] [89 [1335 1336 1337 1338 1339 1340 1341 1342 1343 1344 1345 1346 1347 1348 1349]] [90 [1350 1351 1352 1353 1354 1355 1356 1357 1358 1359 1360 1361 1362 1363 1364]] [91 [1365 1366 1367 1368 1369 1370 1371 1372 1373 1374 1375 1376 1377 1378 1379]] [92 [1380 1381 1382 1383 1384 1385 1386 1387 1388 1389 1390 1391 1392 1393 1394]] [93 [1395 1396 1397 1398 1399 1400 1401 1402 1403 1404 1405 1406 1407 1408 1409]] [94 [1410 1411 1412 1413 1414 1415 1416 1417 1418 1419 1420 1421 1422 1423 1424]] [95 [1425 1426 1427 1428 1429 1430 1431 1432 1433 1434 1435 1436 1437 1438 1439]] [96 [1440 1441 1442 1443 1444 1445 1446 1447 1448 1449 1450 1451 1452 1453 1454]] [97 [1455 1456 1457 1458 1459 1460 1461 1462 1463 1464 1465 1466 1467 1468 1469]] [98 [1470 1471 1472 1473 1474 1475 1476 1477 1478 1479 1480 1481 1482 1483 1484]] [99 [1485 1486 1487 1488 1489 1490 1491 1492 1493 1494 1495 1496 1497 1498 1499]]]","[[0 [0 1 2 3 4 5 6 7 8 9 10 11 12 13 14]] [1 [15 16 17 18 19 20 21 22 23 24 25 26 27 28 29]] [2 [30 31 32 33 34 35 36 37 38 39 40 41 42 43 44]] [3 [45 46 47 48 49 50 51 52 53 54 55 56 57 58 59]] [4 [60 61 62 63 64 65 66 67 68 69 70 71 72 73 74]] [5 [75 76 77 78 79 80 81 82 83 84 85 86 87 88 89]] [6 [90 91 92 93 94 95 96 97 98 99 100 101 102 103 104]] [7 [105 106 107 108 109 110 111 112 113 114 115 116 117 118 119]] [8 [120 121 122 123 124 125 126 127 128 129 130 131 132 133 134]] [9 [135 136 137 138 139 140 141 142 143 144 145 146 147 148 149]] [10 [150 151 152 153 154 155 156 157 158 159 160 161 162 163 164]] [11 [165 166 167 168 169 170 171 172 173 174 175 176 177 178 179]] [12 [180 181 182 183 184 185 186 187 188 189 190 191 192 193 194]] [13 [195 196 197 198 199 200 201 202 203 204 205 206 207 208 209]] [14 [210 211 212 213 214 215 216 217 218 219 220 221 222 223 224]] [15 [225 226 227 228 229 230 231 232 233 234 235 236 237 238 239]] [16 [240 241 242 243 244 245 246 247 248 249 250 251 252 253 254]] [17 [255 256 257 258 259 260 261 262 263 264 265 266 267 268 269]] [18 [270 271 272 273 274 275 276 277 278 279 280 281 282 283 284]] [19 [285 286 287 288 289 290 291 292 293 294 295 296 297 298 299]] [20 [300 301 302 303 304 305 306 307 308 309 310 311 312 313 314]] [21 [315 316 317 318 319 320 321 322 323 324 325 326 327 328 329]] [22 [330 331 332 333 334 335 336 337 338 339 340 341 342 343 344]] [23 [345 346 347 348 349 350 351 352 353 354 355 356 357 358 359]] [24 [360 361 362 363 364 365 366 367 368 369 370 371 372 373 374]] [25 [375 376 377 378 379 380 381 382 383 384 385 386 387 388 389]] [26 [390 391 392 393 394 395 396 397 398 399 400 401 402 403 404]] [27 [405 406 407 408 409 410 411 412 413 414 415 416 417 418 419]] [28 [420 421 422 423 424 425 426 427 428 429 430 431 432 433 434]] [29 [435 436 437 438 439 440 441 442 443 444 445 446 447 448 449]] [30 [450 451 452 453 454 455 456 457 458 459 460 461 462 463 464]] [31 [465 466 467 468 469 470 471 472 473 474 475 476 477 478 479]] [32 [480 481 482 483 484 485 486 487 488 489 490 491 492 493 494]] [33 [495 496 497 498 499 500 501 502 503 504 505 506 507 508 509]] [34 [510 511 512 513 514 515 516 517 518 519 520 521 522 523 524]] [35 [525 526 527 528 529 530 531 532 533 534 535 536 537 538 539]] [36 [540 541 542 543 544 545 546 547 548 549 550 551 552 553 554]] [37 [555 556 557 558 559 560 561 562 563 564 565 566 567 568 569]] [38 [570 571 572 573 574 575 576 577 578 579 580 581 582 583 584]] [39 [585 586 587 588 589 590 591 592 593 594 595 596 597 598 599]] [40 [600 601 602 603 604 605 606 607 608 609 610 611 612 613 614]] [41 [615 616 617 618 619 620 621 622 623 624 625 626 627 628 629]] [42 [630 631 632 633 634 635 636 637 638 639 640 641 642 643 644]] [43 [645 646 647 648 649 650 651 652 653 654 655 656 657 658 659]] [44 [660 661 662 663 664 665 666 667 668 669 670 671 672 673 674]] [45 [675 676 677 678 679 680 681 682 683 684 685 686 687 688 689]] [46 [690 691 692 693 694 695 696 697 698 699 700 701 702 703 704]] [47 [705 706 707 708 709 710 711 712 713 714 715 716 717 718 719]] [48 [720 721 722 723 724 725 726 727 728 729 730 731 732 733 734]] [49 [735 736 737 738 739 740 741 742 743 744 745 746 747 748 749]] [50 [750 751 752 753 754 755 756 757 758 759 760 761 762 763 764]] [51 [765 766 767 768 769 770 771 772 773 774 775 776 777 778 779]] [52 [780 781 782 783 784 785 786 787 788 789 790 791 792 793 794]] [53 [795 796 797 798 799 800 801 802 803 804 805 806 807 808 809]] [54 [810 811 812 813 814 815 816 817 818 819 820 821 822 823 824]] [55 [825 826 827 828 829 830 831 832 833 834 835 836 837 838 839]] [56 [840 841 842 843 844 845 846 847 848 849 850 851 852 853 854]] [57 [855 856 857 858 859 860 861 862 863 864 865 866 867 868 869]] [58 [870 871 872 873 874 875 876 877 878 879 880 881 882 883 884]] [59 [885 886 887 888 889 890 891 892 894 895 896 897 898 899]] [60 [900 901 902 903 904 905 906 907 908 909 910 911 912 913 914]] [61 [915 916 917 918 919 920 921 922 923 924 925 926 927 928 929]] [62 [930 931 932 933 934 935 936 937 938 939 940 941 942 943 944]] [63 [945 946 947 948 949 950 951 952 953 954 955 956 957 958 959]] [64 [960 961 962 963 964 965 966 967 968 969 970 971 972 973 974]] [65 [975 976 977 978 979 980 981 982 983 984 985 986 987 988 989]] [66 [990 991 992 993 994 995 996 997 998 999 1000 1001 1002 1003 1004]] [67 [1005 1006 1007 1008 1009 1010 1011 1012 1013 1014 1015 1016 1017 1018 1019]] [68 [1020 1021 1022 1023 1024 1025 1026 1027 1028 1029 1030 1031 1032 1033 1034]] [69 [1035 1036 1037 1038 1039 1040 1041 1042 1043 1044 1045 1046 1047 1048 1049]] [70 [1050 1051 1052 1053 1054 1055 1056 1057 1058 1059 1060 1061 1062 1063 1064]] [71 [1065 1066 1067 1068 1069 1070 1071 1072 1073 1074 1075 1076 1077 1078 1079]] [72 [1080 1081 1082 1083 1084 1085 1086 1087 1088 1089 1090 1091 1092 1093 1094]] [73 [1095 1096 1097 1098 1099 1100 1101 1102 1103 1104 1105 1106 1107 1108 1109]] [74 [1110 1111 1112 1113 1114 1115 1116 1117 1118 1119 1120 1121 1122 1123 1124]] [75 [1125 1126 1127 1128 1129 1130 1131 1132 1133 1134 1135 1136 1137 1138 1139]] [76 [1140 1141 1142 1143 1144 1145 1146 1147 1148 1149 1150 1151 1152 1153 1154]] [77 [1155 1156 1157 1158 1159 1160 1161 1162 1163 1164 1165 1166 1167 1168 1169]] [78 [1170 1171 1172 1173 1174 1175 1176 1177 1178 1179 1180 1181 1182 1183 1184]] [79 [1185 1186 1187 1188 1189 1190 1191 1192 1193 1194 1195 1196 1197 1198 1199]] [80 [1200 1201 1202 1203 1204 1205 1206 1207 1208 1209 1210 1211 1212 1213 1214]] [81 [1215 1216 1217 1218 1219 1220 1221 1222 1223 1224 1225 1226 1227 1228 1229]] [82 [1230 1231 1232 1233 1234 1235 1236 1237 1238 1239 1240 1241 1242 1243 1244]] [83 [1245 1246 1247 1248 1249 1250 1251 1252 1253 1254 1255 1256 1257 1258 1259]] [84 [1260 1261 1262 1263 1264 1265 1266 1267 1268 1269 1270 1271 1272 1273 1274]] [85 [1275 1276 1277 1278 1279 1280 1281 1282 1283 1284 1285 1286 1287 1288 1289]] [86 [1290 1291 1292 1293 1294 1295 1296 1297 1298 1299 1300 1301 1302 1303 1304]] [87 [1305 1306 1307 1308 1309 1310 1311 1312 1313 1314 1315 1316 1317 1318 1319]] [88 [1320 1321 1322 1323 1324 1325 1326 1327 1328 1329 1330 1331 1332 1333 1334]] [89 [1335 1336 1337 1338 1339 1340 1341 1342 1343 1344 1345 1346 1347 1348 1349]] [90 [1350 1351 1352 1353 1354 1355 1356 1357 1358 1359 1360 1361 1362 1363 1364]] [91 [1365 1366 1367 1368 1369 1370 1371 1372 1373 1374 1375 1376 1377 1378 1379]] [92 [1380 1381 1382 1383 1384 1385 1386 1387 1388 1389 1390 1391 1392 1393 1394]] [93 [1395 1396 1397 1398 1399 1400 1401 1402 1403 1404 1405 1406 1407 1408 1409]] [94 [1410 1411 1412 1413 1414 1415 1416 1417 1418 1419 1420 1421 1422 1423 1424]] [95 [1425 1426 1427 1428 1429 1430 1431 1432 1433 1434 1435 1436 1437 1438 1439]] [96 [1440 1441 1442 1443 1444 1445 1446 1447 1448 1449 1450 1451 1452 1453 1454]] [97 [1455 1456 1457 1458 1459 1460 1461 1462 1463 1464 1465 1466 1467 1468 1469]] [98 [1470 1471 1472 1473 1474 1475 1476 1477 1478 1479 1480 1481 1482 1483 1484]] [99 [1485 1486 1487 1488 1489 1490 1491 1492 1493 1494 1495 1496 1497 1498 1499]]]",,"[[{media 50} [[""A"" [4 4 4 4 4 4 4 4 4 4]]]] [{media 51} [[""A"" [4 4 4 4 4 4 4 4 4 4]]]] [{media 52} [[""A"" [4 4 4 4 4 4 4 4 4 4]]]] [{media 53} [[""A"" [4 4 4 4 4 4 4 4 4 4]]]] [{media 54} [[""A"" [4 4 4 4 4 4 4 4 4 4]]]] [{media 55} [[""A"" [4 4 4 4 4 4 4 4 4 4]]]] [{media 56} [[""A"" [4 4 4 4 4 4 4 4 4 4]]]] [{media 57} [[""A"" [4 4 4 4 4 4 4 4 4 4]]]] [{media 58} [[""A"" [4 4 4 4 4 4 4 4 4 4]]]] [{media 59} [[""A"" [4 4 4 4 4 4 4 4 4 4]]]] [{media 60} [[""A"" [4 4 4 4 4 4 4 4 4 4]]]] [{media 61} [[""A"" [4 4 4 4 4 4 4 4 4 4]]]] [{media 62} [[""A"" [4 4 4 4 4 4 4 4 4 4]]]] [{media 63} [[""A"" [4 4 4 4 4 4 4 4 4 4]]]] [{media 64} [[""A"" [4 4 4 4 4 4 4 4 4 4]]]] [{citizen 1} [[""A"" [4 4 4 4 4 4 4 4 4 4]]]] [{citizen 5} [[""A"" [4 4 4 4 4 4 4 4 4 4]]]] [{citizen 15} [[""A"" [4 4 4 4 4 4 4 4 4 4]]]] [{citizen 2} [[""A"" [4 4 4 4 4 4 4 4 4 4]]]] [{citizen 9} [[""A"" [4 4 4 4 4 4 4 4 4 4]]]] [{citizen 14} [[""A"" [4 4 4 4 4 4 4 4 4 4]]]] [{citizen 6} [[""A"" [4 4 4 4 4 4 4 4 4 4]]]] [{citizen 8} [[""A"" [4 4 4 4 4 4 4 4 4 4]]]] [{citizen 7} [[""A"" [4 4 4 4 4 4 4 4 4 4]]]] [{citizen 0} [[""A"" [4 4 4 4 4 4 4 4 4 4]]]] [{citizen 49} [[""A"" [4 4 4 4 4 4 4 4 4 4]]]] [{citizen 17} [[""A"" [4 4 4 4 4 4 4 4 4 4]]]] [{citizen 46} [[""A"" [4 4 4 4 4 4 4 4 4 4]]]] [{citizen 27} [[""A"" [4 4 4 4 4 4 4 4 4 4]]]] [{citizen 45} [[""A"" [4 4 4 4 4 4 4 4 4 4]]]] [{citizen 40} [[""A"" [4 4 4 4 4 4 4 4 4 4]]]] [{citizen 16} [[""A"" [4 4 4 4 4 4 4 4 4 4]]]] [{citizen 35} [[""A"" [4 4 4 4 4 4 4 4 4 4]]]] [{citizen 23} [[""A"" [4 4 4 4 4 4 4 4 4 4]]]] [{citizen 24} [[""A"" [4 4 4 4 4 4 4 4 4 4]]]] [{citizen 44} [[""A"" [4 4 4 4 4 4 4 4 4 4]]]] [{citizen 32} [[""A"" [4 4 4 4 4 4 4 4 4 4]]]] [{citizen 39} [[""A"" [4 4 4 4 4 4 4 4 4 4]]]] [{citizen 20} [[""A"" [4 4 4 4 4 4 4 4 4 4]]]] [{citizen 31} [[""A"" [4 4 4 4 4 4 4 4 4 4]]]] [{citizen 36} [[""A"" [4 4 4 4 4 4 4 4 4 4]]]] [{citizen 4} [[""A"" [4 4 4 4 4 4 4 4 4 4]]]] [{citizen 28} [[""A"" [4 4 4 4 4 4 4 4 4 4]]]] [{citizen 29} [[""A"" [4 4 4 4 4 4 4 4 4 4]]]] [{citizen 26} [[""A"" [4 4 4 4 4 4 4 4 4 4]]]] [{citizen 30} [[""A"" [4 4 4 4 4 4 4 4 4 4]]]] [{citizen 22} [[""A"" [4 4 4 4 4 4 4 4 4 4]]]] [{citizen 12} [[""A"" [4 4 4 4 4 4 4 4 4 4]]]] [{citizen 13} [[""A"" [4 4 4 4 4 4 4 4 4 4]]]] [{citizen 11} [[""A"" [4 4 4 4 4 4 4 4 4 4]]]] [{citizen 10} [[""A"" [4 4 4 4 4 4 4 4 4 4]]]] [{citizen 48} [[""A"" [4 4 4 4 4 4 4 4 4 4]]]] [{citizen 19} [[""A"" [4 4 4 4 4 4 4 4 4 4]]]] [{citizen 37} [[""A"" [4 4 4 4 4 4 4 4 4 4]]]] [{citizen 42} [[""A"" [4 4 4 4 4 4 4 4 4 4]]]] [{citizen 43} [[""A"" [4 4 4 4 4 4 4 4 4 4]]]] [{citizen 38} [[""A"" [4 4 4 4 4 4 4 4 4 4]]]] [{citizen 41} [[""A"" [4 4 4 4 4 4 4 4 4 4]]]] [{citizen 34} [[""A"" [4 4 4 4 4 4 4 4 4 4]]]] [{citizen 47} [[""A"" [4 4 4 4 4 4 4 4 4 4]]]] [{citizen 3} [[""A"" [4 4 4 4 4 4 4 4 4 4]]]]]"
"22","[85 0 170]","248.936170212766","-4.375804908660706","-1.9522174594711452","""circle""","""""","9.9","{breed citizens}","false","0.5","1","""up""",,"[[""ID"" 26] [""alpha"" 1] [""beta"" 1] [""malleable"" [""A""]] [""prior"" []] [""cont_tokens"" []] [""A"" 4]]","[[0 [1 2 3 4 5 6 7 8 9 10 11 12 13 14]] [1 [15 16 17 18 19 20 21 22 23 24 25 26 27 28 29]] [2 [30 31 32 33 34 35 36 37 38 39 40 41 42 43 44]] [3 [45 46 47 48 49 50 51 52 53 54 55 56 57 58 59]] [4 [60 61 62 63 64 65 66 67 68 69 70 71 72 73 74]] [5 [75 76 77 78 79 80 81 82 83 84 85 86 87 88 89]] [6 [90 91 92 93 94 95 96 97 98 99 100 101 102 103 104]] [7 [105 106 107 108 109 110 111 112 113 114 115 116 117 118 119]] [8 [120 121 122 123 124 125 126 127 128 129 130 131 132 133 134]] [9 [135 136 137 138 139 140 141 142 143 144 145 146 147 148 149]] [10 [150 151 152 153 154 155 156 157 158 159 160 161 162 163 164]] [11 [165 166 167 168 169 170 171 172 173 174 175 176 177 178 179]] [12 [180 181 182 183 184 185 186 187 188 189 190 191 192 193 194]] [13 [195 196 197 198 199 200 201 202 203 204 205 206 207 208 209]] [14 [210 211 212 213 214 215 216 217 218 219 220 221 222 223 224]] [15 [225 226 227 228 229 230 231 232 233 234 235 236 237 238 239]] [16 [240 241 242 243 244 245 246 247 248 249 250 251 252 253 254]] [17 [255 256 257 258 259 260 261 262 263 264 265 266 267 268 269]] [18 [270 271 272 273 274 275 276 277 278 279 280 281 282 283 284]] [19 [285 286 287 288 289 290 291 292 293 294 295 296 297 298 299]] [20 [300 301 302 303 304 305 306 307 308 309 310 311 312 313 314]] [21 [315 316 317 318 319 320 321 322 323 324 325 326 327 328 329]] [22 [330 331 332 333 334 335 336 337 338 339 340 341 342 343 344]] [23 [345 346 347 348 349 350 351 352 353 354 355 356 357 358 359]] [24 [360 361 362 363 364 365 366 367 368 369 370 371 372 373 374]] [25 [375 376 377 378 379 380 381 382 383 384 385 386 387 388 389]] [26 [390 391 392 393 394 395 396 397 398 399 400 401 402 403 404]] [27 [405 406 407 408 409 410 411 412 413 414 415 416 417 418 419]] [28 [420 421 422 423 424 425 426 427 428 429 430 431 432 433 434]] [29 [435 436 437 438 439 440 441 442 443 444 445 446 447 448 449]] [30 [450 451 452 453 454 455 456 457 458 459 460 461 462 463 464]] [31 [465 466 467 468 469 470 471 472 473 474 475 476 477 478 479]] [32 [480 481 482 483 484 485 486 487 488 489 490 491 492 493 494]] [33 [495 496 497 498 499 500 501 502 503 504 505 506 507 508 509]] [34 [510 511 512 513 514 515 516 517 518 519 520 521 522 523 524]] [35 [525 526 527 528 529 530 531 532 533 534 535 536 537 538 539]] [36 [540 541 542 543 544 545 546 547 548 549 550 551 552 553 554]] [37 [555 556 557 558 559 560 561 562 563 564 565 566 567 568 569]] [38 [570 571 572 573 574 575 576 577 578 579 580 581 582 583 584]] [39 [585 586 587 588 589 590 591 592 593 594 595 596 597 598 599]] [40 [600 601 602 603 604 605 606 607 608 609 610 611 612 613 614]] [41 [615 616 617 618 619 620 621 622 623 624 625 626 627 628 629]] [42 [630 631 632 633 634 635 636 637 638 639 640 641 642 643 644]] [43 [645 646 647 648 649 650 651 652 653 654 655 656 657 658 659]] [44 [660 661 662 663 664 665 666 667 668 669 670 671 672 673 674]] [45 [675 676 677 678 679 680 681 682 683 684 685 686 687 688 689]] [46 [690 691 692 693 694 695 696 697 698 699 700 701 702 703 704]] [47 [705 706 707 708 709 710 711 712 713 714 715 716 717 718 719]] [48 [720 721 722 723 724 725 726 727 728 729 730 731 732 733 734]] [49 [735 736 737 738 739 740 741 742 743 744 745 746 747 748 749]] [50 [750 751 752 753 754 755 756 757 758 759 760 761 762 763 764]] [51 [765 766 767 768 769 770 771 772 773 774 775 776 777 778 779]] [52 [780 781 782 783 784 785 786 787 788 789 790 791 792 793 794]] [53 [795 796 797 798 799 800 801 802 803 804 805 806 807 808 809]] [54 [810 811 812 813 814 815 816 817 818 819 820 821 822 823 824]] [55 [825 826 827 828 829 830 831 832 833 834 835 836 837 838 839]] [56 [840 841 842 843 844 845 846 847 848 849 850 851 852 853 854]] [57 [855 856 857 858 859 860 861 862 863 864 865 866 867 868 869]] [58 [870 871 872 873 874 875 876 877 878 879 880 881 882 883 884]] [59 [885 886 887 888 889 890 891 892 893 894 895 896 897 898 899]] [60 [900 901 902 903 904 905 906 907 908 909 910 911 912 913 914]] [61 [915 916 917 918 919 920 921 922 923 924 925 926 927 928 929]] [62 [930 931 932 933 934 935 936 937 938 939 940 941 942 943 944]] [63 [945 946 947 948 949 950 951 952 953 954 955 956 957 958 959]] [64 [960 961 962 963 964 965 966 967 968 969 970 971 972 973 974]] [65 [975 976 977 978 979 980 981 982 983 984 985 986 987 988 989]] [66 [990 991 992 993 994 995 996 997 998 999 1000 1001 1002 1003 1004]] [67 [1005 1006 1007 1008 1009 1010 1011 1012 1013 1014 1015 1016 1017 1018 1019]] [68 [1020 1021 1022 1023 1024 1025 1026 1027 1028 1029 1030 1031 1032 1033 1034]] [69 [1035 1036 1037 1038 1039 1040 1041 1042 1043 1044 1045 1046 1047 1048 1049]] [70 [1050 1051 1052 1053 1054 1055 1056 1057 1058 1059 1060 1061 1062 1063 1064]] [71 [1065 1066 1067 1068 1069 1070 1071 1072 1073 1074 1075 1076 1077 1078 1079]] [72 [1080 1081 1082 1083 1084 1085 1086 1087 1088 1089 1090 1091 1092 1093 1094]] [73 [1095 1096 1097 1098 1099 1100 1101 1102 1103 1104 1105 1106 1107 1108 1109]] [74 [1110 1111 1112 1113 1114 1115 1116 1117 1118 1119 1120 1121 1122 1123 1124]] [75 [1125 1126 1127 1128 1129 1130 1131 1132 1133 1134 1135 1136 1137 1138 1139]] [76 [1140 1141 1142 1143 1144 1145 1146 1147 1148 1149 1150 1151 1152 1153 1154]] [77 [1155 1156 1157 1158 1159 1160 1161 1162 1163 1164 1165 1166 1167 1168 1169]] [78 [1170 1171 1172 1173 1174 1175 1176 1177 1178 1179 1180 1181 1182 1183 1184]] [79 [1185 1186 1187 1188 1189 1190 1191 1192 1193 1194 1195 1196 1197 1198 1199]] [80 [1200 1201 1202 1203 1204 1205 1206 1207 1208 1209 1210 1211 1212 1213 1214]] [81 [1215 1216 1217 1218 1219 1220 1221 1222 1223 1224 1225 1226 1227 1228 1229]] [82 [1230 1231 1232 1233 1234 1235 1236 1237 1238 1239 1240 1241 1242 1243 1244]] [83 [1245 1246 1247 1248 1249 1250 1251 1252 1253 1254 1255 1256 1257 1258 1259]] [84 [1260 1261 1262 1263 1264 1265 1266 1267 1268 1269 1270 1271 1272 1273 1274]] [85 [1275 1276 1277 1278 1279 1280 1281 1282 1283 1284 1285 1286 1287 1288 1289]] [86 [1290 1291 1292 1293 1294 1295 1296 1297 1298 1299 1300 1301 1302 1303 1304]] [87 [1305 1306 1307 1308 1309 1310 1311 1312 1313 1314 1315 1316 1317 1318 1319]] [88 [1320 1321 1322 1323 1324 1325 1326 1327 1328 1329 1330 1331 1332 1333 1334]] [89 [1335 1336 1337 1338 1339 1340 1341 1342 1343 1344 1345 1346 1347 1348 1349]] [90 [1350 1351 1352 1353 1354 1355 1356 1357 1358 1359 1360 1361 1362 1363 1364]] [91 [1365 1366 1367 1368 1369 1370 1371 1372 1373 1374 1375 1376 1377 1378 1379]] [92 [1380 1381 1382 1383 1384 1385 1386 1387 1388 1389 1390 1391 1392 1393 1394]] [93 [1395 1396 1397 1398 1399 1400 1401 1402 1403 1404 1405 1406 1407 1408 1409]] [94 [1410 1411 1412 1413 1414 1415 1416 1417 1418 1419 1420 1421 1422 1423 1424]] [95 [1425 1426 1427 1428 1429 1430 1431 1432 1433 1434 1435 1436 1437 1438 1439]] [96 [1440 1441 1442 1443 1444 1445 1446 1447 1448 1449 1450 1451 1452 1453 1454]] [97 [1455 1456 1457 1458 1459 1460 1461 1462 1463 1464 1465 1466 1467 1468 1469]] [98 [1470 1471 1472 1473 1474 1475 1476 1477 1478 1479 1480 1481 1482 1483 1484]] [99 [1485 1486 1487 1488 1489 1490 1491 1492 1493 1494 1495 1496 1497 1498 1499]]]","[[0 [1 2 3 4 5 6 7 8 9 10 11 12 13 14]] [1 [15 16 17 18 19 20 21 22 23 24 25 26 27 28 29]] [2 [30 31 32 33 34 35 36 37 38 39 40 41 42 43 44]] [3 [45 46 47 48 49 50 51 52 53 54 55 56 57 58 59]] [4 [60 61 62 63 64 65 66 67 68 69 70 71 72 73 74]] [5 [75 76 77 78 79 80 81 82 83 84 85 86 87 88 89]] [6 [90 91 92 93 94 95 96 97 98 99 100 101 102 103 104]] [7 [105 106 107 108 109 110 111 112 113 114 115 116 117 118 119]] [8 [120 121 122 123 124 125 126 127 128 129 130 131 132 133 134]] [9 [135 136 137 138 139 140 141 142 143 144 145 146 147 148 149]] [10 [150 151 152 153 154 155 156 157 158 159 160 161 162 163 164]] [11 [165 166 167 168 169 170 171 172 173 174 175 176 177 178 179]] [12 [180 181 182 183 184 185 186 187 188 189 190 191 192 193 194]] [13 [195 196 197 198 199 200 201 202 203 204 205 206 207 208 209]] [14 [210 211 212 213 214 215 216 217 218 219 220 221 222 223 224]] [15 [225 226 227 228 229 230 231 232 233 234 235 236 237 238 239]] [16 [240 241 242 243 244 245 246 247 248 249 250 251 252 253 254]] [17 [255 256 257 258 259 260 261 262 263 264 265 266 267 268 269]] [18 [270 271 272 273 274 275 276 277 278 279 280 281 282 283 284]] [19 [285 286 287 288 289 290 291 292 293 294 295 296 297 298 299]] [20 [300 301 302 303 304 305 306 307 308 309 310 311 312 313 314]] [21 [315 316 317 318 319 320 321 322 323 324 325 326 327 328 329]] [22 [330 331 332 333 334 335 336 337 338 339 340 341 342 343 344]] [23 [345 346 347 348 349 350 351 352 353 354 355 356 357 358 359]] [24 [360 361 362 363 364 365 366 367 368 369 370 371 372 373 374]] [25 [375 376 377 378 379 380 381 382 383 384 385 386 387 388 389]] [26 [390 391 392 393 394 395 396 397 398 399 400 401 402 403 404]] [27 [405 406 407 408 409 410 411 412 413 414 415 416 417 418 419]] [28 [420 421 422 423 424 425 426 427 428 429 430 431 432 433 434]] [29 [435 436 437 438 439 440 441 442 443 444 445 446 447 448 449]] [30 [450 451 452 453 454 455 456 457 458 459 460 461 462 463 464]] [31 [465 466 467 468 469 470 471 472 473 474 475 476 477 478 479]] [32 [480 481 482 483 484 485 486 487 488 489 490 491 492 493 494]] [33 [495 496 497 498 499 500 501 502 503 504 505 506 507 508 509]] [34 [510 511 512 513 514 515 516 517 518 519 520 521 522 523 524]] [35 [525 526 527 528 529 530 531 532 533 534 535 536 537 538 539]] [36 [540 541 542 543 544 545 546 547 548 549 550 551 552 553 554]] [37 [555 556 557 558 559 560 561 562 563 564 565 566 567 568 569]] [38 [570 571 572 573 574 575 576 577 578 579 580 581 582 583 584]] [39 [585 586 587 588 589 590 591 592 593 594 595 596 597 598 599]] [40 [600 601 602 603 604 605 606 607 608 609 610 611 612 613 614]] [41 [615 616 617 618 619 620 621 622 623 624 625 626 627 628 629]] [42 [630 631 632 633 634 635 636 637 638 639 640 641 642 643 644]] [43 [645 646 647 648 649 650 651 652 653 654 655 656 657 658 659]] [44 [660 661 662 663 664 665 666 667 668 669 670 671 672 673 674]] [45 [675 676 677 678 679 680 681 682 683 684 685 686 687 688 689]] [46 [690 691 692 693 694 695 696 697 698 699 700 701 702 703 704]] [47 [705 706 707 708 709 710 711 712 713 714 715 716 717 718 719]] [48 [720 721 722 723 724 725 726 727 728 729 730 731 732 733 734]] [49 [735 736 737 738 739 740 741 742 743 744 745 746 747 748 749]] [50 [750 751 752 753 754 755 756 757 758 759 760 761 762 763 764]] [51 [765 766 767 768 769 770 771 772 773 774 775 776 777 778 779]] [52 [780 782 783 784 785 786 787 788 789 790 791 792 793 794]] [53 [795 796 797 798 799 800 801 802 803 804 805 806 807 808 809]] [54 [810 811 812 813 814 815 816 817 818 819 820 821 822 823 824]] [55 [825 826 827 828 829 830 831 832 833 834 835 836 837 838 839]] [56 [840 841 842 843 844 845 846 847 848 849 850 851 852 853 854]] [57 [855 856 857 858 859 860 861 862 863 864 865 866 867 868 869]] [58 [870 871 872 873 874 875 876 877 878 879 880 881 882 883 884]] [59 [885 886 887 888 889 890 891 892 893 894 895 896 897 898 899]] [60 [900 901 902 903 904 905 906 907 908 909 910 911 912 913 914]] [61 [915 916 917 918 919 920 921 922 923 924 925 926 927 928 929]] [62 [930 931 932 933 934 935 936 937 938 939 940 941 942 943 944]] [63 [945 946 947 948 949 950 951 952 953 954 955 956 957 958 959]] [64 [960 961 962 963 964 965 966 967 968 969 970 971 972 973 974]] [65 [975 976 977 978 979 980 981 982 983 984 985 986 987 988 989]] [66 [990 991 992 993 994 995 996 997 998 999 1000 1001 1002 1003 1004]] [67 [1005 1006 1007 1008 1009 1010 1011 1012 1013 1014 1015 1016 1017 1018 1019]] [68 [1020 1021 1022 1023 1024 1025 1026 1027 1028 1029 1030 1031 1032 1033 1034]] [69 [1035 1036 1037 1038 1039 1040 1041 1042 1043 1044 1045 1046 1047 1048 1049]] [70 [1050 1051 1052 1053 1054 1055 1056 1057 1058 1059 1060 1061 1062 1063 1064]] [71 [1065 1066 1067 1068 1069 1070 1071 1072 1073 1074 1075 1076 1077 1078 1079]] [72 [1080 1081 1082 1083 1084 1085 1086 1087 1088 1089 1090 1091 1092 1093 1094]] [73 [1095 1096 1097 1098 1099 1100 1101 1102 1103 1104 1105 1106 1107 1108 1109]] [74 [1110 1111 1112 1113 1114 1115 1116 1117 1118 1119 1120 1121 1122 1123 1124]] [75 [1125 1126 1127 1128 1129 1130 1131 1132 1133 1134 1135 1136 1137 1138 1139]] [76 [1140 1141 1142 1143 1144 1145 1146 1147 1148 1149 1150 1151 1152 1153 1154]] [77 [1155 1156 1157 1158 1159 1160 1161 1162 1163 1164 1165 1166 1167 1168 1169]] [78 [1170 1171 1172 1173 1174 1175 1176 1177 1178 1179 1180 1181 1182 1183 1184]] [79 [1185 1186 1187 1188 1189 1190 1191 1192 1193 1194 1195 1196 1197 1198 1199]] [80 [1200 1201 1202 1203 1204 1205 1206 1207 1208 1209 1210 1211 1212 1213 1214]] [81 [1215 1216 1217 1218 1219 1220 1221 1222 1223 1224 1225 1226 1227 1228 1229]] [82 [1230 1231 1232 1233 1234 1235 1236 1237 1238 1239 1240 1241 1242 1243 1244]] [83 [1245 1246 1247 1248 1249 1250 1251 1252 1253 1254 1255 1256 1257 1258 1259]] [84 [1260 1261 1262 1263 1264 1265 1266 1267 1268 1269 1270 1271 1272 1273 1274]] [85 [1275 1276 1277 1278 1279 1280 1281 1282 1283 1284 1285 1286 1287 1288 1289]] [86 [1290 1291 1292 1293 1294 1295 1296 1297 1298 1299 1300 1301 1302 1303 1304]] [87 [1305 1306 1307 1308 1309 1310 1311 1312 1313 1314 1315 1316 1317 1318 1319]] [88 [1320 1321 1322 1323 1324 1325 1326 1327 1328 1329 1330 1331 1332 1333 1334]] [89 [1335 1336 1337 1338 1339 1340 1341 1342 1343 1344 1345 1346 1347 1348 1349]] [90 [1350 1351 1352 1353 1354 1355 1356 1357 1358 1359 1360 1361 1362 1363 1364]] [91 [1365 1366 1367 1368 1369 1370 1371 1372 1373 1374 1375 1376 1377 1378 1379]] [92 [1380 1381 1382 1383 1384 1385 1386 1387 1388 1389 1390 1391 1392 1393 1394]] [93 [1395 1396 1397 1398 1399 1400 1401 1402 1403 1404 1405 1406 1407 1408 1409]] [94 [1410 1411 1412 1413 1414 1415 1416 1417 1418 1419 1420 1421 1422 1423 1424]] [95 [1425 1426 1427 1428 1429 1430 1431 1432 1433 1434 1435 1436 1437 1438 1439]] [96 [1440 1441 1442 1443 1444 1445 1446 1447 1448 1449 1450 1451 1452 1453 1454]] [97 [1455 1456 1457 1458 1459 1460 1461 1462 1463 1464 1465 1466 1467 1468 1469]] [98 [1470 1471 1472 1473 1474 1475 1476 1477 1478 1479 1480 1481 1482 1483 1484]] [99 [1485 1486 1487 1488 1489 1490 1491 1492 1493 1494 1495 1496 1497 1498 1499]]]",,"[[{citizen 39} [[""A"" [4 4 4 4 4 4 4 4 4 4]]]] [{media 52} [[""A"" [4 4 4 4 4 4 4 4 4 4]]]] [{media 53} [[""A"" [4 4 4 4 4 4 4 4 4 4]]]] [{media 54} [[""A"" [4 4 4 4 4 4 4 4 4 4]]]] [{media 55} [[""A"" [4 4 4 4 4 4 4 4 4 4]]]] [{media 56} [[""A"" [4 4 4 4 4 4 4 4 4 4]]]] [{media 58} [[""A"" [4 4 4 4 4 4 4 4 4 4]]]] [{media 59} [[""A"" [4 4 4 4 4 4 4 4 4 4]]]] [{media 60} [[""A"" [4 4 4 4 4 4 4 4 4 4]]]] [{media 61} [[""A"" [4 4 4 4 4 4 4 4 4 4]]]] [{media 63} [[""A"" [4 4 4 4 4 4 4 4 4 4]]]] [{media 64} [[""A"" [4 4 4 4 4 4 4 4 4 4]]]] [{media 62} [[""A"" [4 4 4 4 4 4 4 4 4 4]]]] [{citizen 1} [[""A"" [4 4 4 4 4 4 4 4 4 4]]]] [{citizen 5} [[""A"" [4 4 4 4 4 4 4 4 4 4]]]] [{citizen 2} [[""A"" [4 4 4 4 4 4 4 4 4 4]]]] [{citizen 0} [[""A"" [4 4 4 4 4 4 4 4 4 4]]]] [{citizen 8} [[""A"" [4 4 4 4 4 4 4 4 4 4]]]] [{citizen 6} [[""A"" [4 4 4 4 4 4 4 4 4 4]]]] [{citizen 7} [[""A"" [4 4 4 4 4 4 4 4 4 4]]]] [{media 51} [[""A"" [4 4 4 4 4 4 4 4 4 4]]]] [{media 57} [[""A"" [4 4 4 4 4 4 4 4 4 4]]]] [{citizen 49} [[""A"" [4 4 4 4 4 4 4 4 4 4]]]] [{citizen 17} [[""A"" [4 4 4 4 4 4 4 4 4 4]]]] [{citizen 46} [[""A"" [4 4 4 4 4 4 4 4 4 4]]]] [{citizen 27} [[""A"" [4 4 4 4 4 4 4 4 4 4]]]] [{citizen 45} [[""A"" [4 4 4 4 4 4 4 4 4 4]]]] [{citizen 40} [[""A"" [4 4 4 4 4 4 4 4 4 4]]]] [{citizen 16} [[""A"" [4 4 4 4 4 4 4 4 4 4]]]] [{citizen 35} [[""A"" [4 4 4 4 4 4 4 4 4 4]]]] [{citizen 23} [[""A"" [4 4 4 4 4 4 4 4 4 4]]]] [{citizen 24} [[""A"" [4 4 4 4 4 4 4 4 4 4]]]] [{citizen 44} [[""A"" [4 4 4 4 4 4 4 4 4 4]]]] [{citizen 32} [[""A"" [4 4 4 4 4 4 4 4 4 4]]]] [{citizen 21} [[""A"" [4 4 4 4 4 4 4 4 4 4]]]] [{citizen 11} [[""A"" [4 4 4 4 4 4 4 4 4 4]]]] [{citizen 4} [[""A"" [4 4 4 4 4 4 4 4 4 4]]]] [{citizen 19} [[""A"" [4 4 4 4 4 4 4 4 4 4]]]] [{citizen 42} [[""A"" [4 4 4 4 4 4 4 4 4 4]]]] [{citizen 9} [[""A"" [4 4 4 4 4 4 4 4 4 4]]]] [{citizen 37} [[""A"" [4 4 4 4 4 4 4 4 4 4]]]] [{citizen 30} [[""A"" [4 4 4 4 4 4 4 4 4 4]]]] [{citizen 15} [[""A"" [4 4 4 4 4 4 4 4 4 4]]]] [{citizen 31} [[""A"" [4 4 4 4 4 4 4 4 4 4]]]] [{citizen 14} [[""A"" [4 4 4 4 4 4 4 4 4 4]]]] [{citizen 36} [[""A"" [4 4 4 4 4 4 4 4 4 4]]]] [{citizen 13} [[""A"" [4 4 4 4 4 4 4 4 4 4]]]] [{citizen 41} [[""A"" [4 4 4 4 4 4 4 4 4 4]]]] [{citizen 12} [[""A"" [4 4 4 4 4 4 4 4 4 4]]]] [{citizen 10} [[""A"" [4 4 4 4 4 4 4 4 4 4]]]] [{citizen 43} [[""A"" [4 4 4 4 4 4 4 4 4 4]]]] [{citizen 28} [[""A"" [4 4 4 4 4 4 4 4 4 4]]]] [{citizen 20} [[""A"" [4 4 4 4 4 4 4 4 4 4]]]] [{citizen 48} [[""A"" [4 4 4 4 4 4 4 4 4 4]]]] [{citizen 26} [[""A"" [4 4 4 4 4 4 4 4 4 4]]]] [{citizen 29} [[""A"" [4 4 4 4 4 4 4 4 4 4]]]] [{citizen 38} [[""A"" [4 4 4 4 4 4 4 4 4 4]]]] [{citizen 34} [[""A"" [4 4 4 4 4 4 4 4 4 4]]]] [{citizen 47} [[""A"" [4 4 4 4 4 4 4 4 4 4]]]] [{media 50} [[""A"" [4 4 4 4 4 4 4 4 4 4]]]] [{citizen 3} [[""A"" [4 4 4 4 4 4 4 4 4 4]]]]]"
"23","[85 0 170]","260.42553191489367","-5.1680575758857845","-0.7811363674711511","""circle""","""""","9.9","{breed citizens}","false","0.5","1","""up""",,"[[""ID"" 12] [""alpha"" 1] [""beta"" 1] [""malleable"" [""A""]] [""prior"" []] [""cont_tokens"" []] [""A"" 4]]","[[0 [0 1 2 3 4 5 6 7 8 9 10 11 12 13 14]] [1 [15 16 17 18 19 20 21 22 23 24 25 26 27 28 29]] [2 [30 31 32 33 34 35 36 37 38 39 40 41 42 43 44]] [3 [45 46 47 48 49 50 51 52 53 54 55 56 57 58 59]] [4 [60 61 62 63 64 65 66 67 68 69 70 71 72 73 74]] [5 [75 76 77 78 79 80 81 82 83 84 85 86 87 88 89]] [6 [90 91 92 93 94 95 96 97 98 99 100 101 102 103 104]] [7 [105 106 107 108 109 110 111 112 113 114 115 116 117 118 119]] [8 [120 121 122 123 124 125 126 127 128 129 130 131 132 133 134]] [9 [135 136 137 138 139 140 141 142 143 144 145 146 147 148 149]] [10 [150 151 152 153 154 155 156 157 158 159 160 161 162 163 164]] [11 [165 166 167 168 169 170 171 172 173 174 175 176 177 178 179]] [12 [180 181 182 183 184 185 186 187 188 189 190 191 192 193 194]] [13 [195 196 197 198 199 200 201 202 203 204 205 206 207 208 209]] [14 [210 211 212 213 214 215 216 217 218 219 220 221 222 223 224]] [15 [225 226 227 228 229 230 231 232 233 234 235 236 237 238 239]] [16 [240 241 242 243 244 245 246 247 248 249 250 251 252 253 254]] [17 [255 256 257 258 259 260 261 262 263 264 265 266 267 268 269]] [18 [270 271 272 273 274 275 276 277 278 279 280 281 282 283 284]] [19 [285 286 287 288 289 290 291 292 293 294 295 296 297 298 299]] [20 [300 301 302 303 304 305 306 307 308 309 310 311 312 313 314]] [21 [315 316 317 318 319 320 321 322 323 324 325 326 327 328 329]] [22 [330 331 332 333 334 335 336 337 338 339 340 341 342 343 344]] [23 [345 346 347 348 349 350 351 352 353 354 355 356 357 358 359]] [24 [360 361 362 363 364 365 366 367 368 369 370 371 372 373 374]] [25 [375 376 377 378 379 380 381 382 383 384 385 386 387 388 389]] [26 [390 391 392 393 394 395 396 397 398 399 400 401 402 403 404]] [27 [405 406 407 408 409 410 411 412 413 414 415 416 417 418 419]] [28 [420 421 422 423 424 425 426 427 428 429 430 431 432 433 434]] [29 [435 436 437 438 439 440 441 442 443 444 445 446 447 448 449]] [30 [450 451 452 453 454 455 456 457 458 459 460 461 462 463 464]] [31 [465 466 467 468 469 470 471 472 473 474 475 476 477 478 479]] [32 [480 481 482 483 484 485 486 487 488 489 490 491 492 493 494]] [33 [495 496 497 498 499 500 501 502 503 504 505 506 507 508 509]] [34 [510 511 512 513 514 515 516 517 518 519 520 521 522 523 524]] [35 [525 526 527 528 529 530 531 532 533 534 535 536 537 538 539]] [36 [540 541 542 543 544 545 546 547 548 549 550 551 552 553 554]] [37 [555 556 557 558 559 560 561 562 563 564 565 566 567 568 569]] [38 [570 571 572 573 574 575 576 577 578 579 580 581 582 583 584]] [39 [585 586 587 588 589 590 591 592 593 594 595 596 597 598 599]] [40 [600 601 602 603 604 605 606 607 608 609 610 611 612 613 614]] [41 [615 616 617 618 619 620 621 622 623 624 625 626 627 628 629]] [42 [630 631 632 633 634 635 636 637 638 639 640 641 642 643 644]] [43 [645 646 647 648 649 650 651 652 653 654 655 656 657 658 659]] [44 [660 661 662 663 664 665 666 667 668 669 670 671 672 673 674]] [45 [675 676 677 678 679 680 681 682 683 684 685 686 687 688 689]] [46 [690 691 692 693 694 695 696 697 698 699 700 701 702 703 704]] [47 [705 706 707 708 709 710 711 712 713 714 715 716 717 718 719]] [48 [720 721 722 723 724 725 726 727 728 729 730 731 732 733 734]] [49 [735 736 737 738 739 740 741 742 743 744 745 746 747 748 749]] [50 [750 751 752 753 754 755 756 757 758 759 760 761 762 763 764]] [51 [765 766 767 768 769 770 771 772 773 774 775 776 777 778 779]] [52 [780 781 782 783 784 785 786 787 788 789 790 791 792 793 794]] [53 [795 796 797 798 799 800 801 802 803 804 805 806 807 808 809]] [54 [810 811 812 813 814 815 816 817 818 819 820 821 822 823 824]] [55 [825 826 827 828 829 830 831 832 833 834 835 836 837 838 839]] [56 [840 841 842 843 844 845 846 847 848 849 850 851 852 853 854]] [57 [855 856 857 858 859 860 861 862 863 864 865 866 867 868 869]] [58 [870 871 872 873 874 875 876 877 878 879 880 881 882 883 884]] [59 [885 886 887 888 889 890 891 892 893 894 895 896 897 898 899]] [60 [900 901 902 903 904 905 906 907 908 909 910 911 912 913 914]] [61 [915 916 917 918 919 920 921 922 923 924 925 926 927 928 929]] [62 [930 931 932 933 934 935 936 937 938 939 940 941 942 943 944]] [63 [945 946 947 948 949 950 951 952 953 954 955 956 957 958 959]] [64 [960 961 962 963 964 965 966 967 968 969 970 971 972 973 974]] [65 [975 976 977 978 979 980 981 982 983 984 985 986 987 988 989]] [66 [990 991 992 993 994 995 996 997 998 999 1000 1001 1002 1003 1004]] [67 [1005 1006 1007 1008 1009 1010 1011 1012 1013 1014 1015 1016 1017 1018 1019]] [68 [1020 1021 1022 1023 1024 1025 1026 1027 1028 1029 1030 1031 1032 1033 1034]] [69 [1035 1036 1037 1038 1039 1040 1041 1042 1043 1044 1045 1046 1047 1048 1049]] [70 [1050 1051 1052 1053 1054 1055 1056 1057 1058 1059 1060 1061 1062 1063 1064]] [71 [1065 1066 1067 1068 1069 1070 1071 1072 1073 1074 1075 1076 1077 1078 1079]] [72 [1080 1081 1082 1083 1084 1085 1086 1087 1088 1089 1090 1091 1092 1093 1094]] [73 [1095 1096 1097 1098 1099 1100 1101 1102 1103 1104 1105 1106 1107 1108 1109]] [74 [1110 1111 1112 1113 1114 1115 1116 1117 1118 1119 1120 1121 1122 1123 1124]] [75 [1125 1126 1127 1128 1129 1130 1131 1132 1133 1134 1135 1136 1137 1138 1139]] [76 [1140 1141 1142 1143 1144 1145 1146 1147 1148 1149 1150 1151 1152 1153 1154]] [77 [1155 1156 1157 1158 1159 1160 1161 1162 1163 1164 1165 1166 1167 1168 1169]] [78 [1170 1171 1172 1173 1174 1175 1176 1177 1178 1179 1180 1181 1182 1183 1184]] [79 [1185 1186 1187 1188 1189 1190 1191 1192 1193 1194 1195 1196 1197 1198 1199]] [80 [1200 1201 1202 1203 1204 1205 1206 1207 1208 1209 1210 1211 1212 1213 1214]] [81 [1215 1216 1217 1218 1219 1220 1221 1222 1223 1224 1225 1226 1227 1228 1229]] [82 [1230 1231 1232 1233 1234 1235 1236 1237 1238 1239 1240 1241 1242 1243 1244]] [83 [1245 1246 1247 1248 1249 1250 1251 1252 1253 1254 1255 1256 1257 1258 1259]] [84 [1260 1261 1262 1263 1264 1265 1266 1267 1268 1269 1270 1271 1272 1273 1274]] [85 [1275 1276 1277 1278 1279 1280 1281 1282 1283 1284 1285 1286 1287 1288 1289]] [86 [1290 1291 1292 1293 1294 1295 1296 1297 1298 1299 1300 1301 1302 1303 1304]] [87 [1305 1306 1307 1308 1309 1310 1311 1312 1313 1314 1315 1316 1317 1318 1319]] [88 [1320 1321 1322 1323 1324 1325 1326 1327 1328 1329 1330 1331 1332 1333 1334]] [89 [1335 1336 1337 1338 1339 1340 1341 1342 1343 1344 1345 1346 1347 1348 1349]] [90 [1350 1351 1352 1353 1354 1355 1356 1357 1358 1359 1360 1361 1362 1363 1364]] [91 [1365 1366 1367 1368 1369 1370 1371 1372 1373 1374 1375 1376 1377 1378 1379]] [92 [1380 1381 1382 1383 1384 1385 1386 1387 1388 1389 1390 1391 1392 1393 1394]] [93 [1395 1396 1397 1398 1399 1400 1401 1402 1403 1404 1405 1406 1407 1408 1409]] [94 [1410 1411 1412 1413 1414 1415 1416 1417 1418 1419 1420 1421 1422 1423 1424]] [95 [1425 1426 1427 1428 1429 1430 1431 1432 1433 1434 1435 1436 1437 1438 1439]] [96 [1440 1441 1442 1443 1444 1445 1446 1447 1448 1449 1450 1451 1452 1453 1454]] [97 [1455 1456 1457 1458 1459 1460 1461 1462 1463 1464 1465 1466 1467 1468 1469]] [98 [1470 1471 1472 1473 1474 1475 1476 1477 1478 1479 1480 1481 1482 1483 1484]] [99 [1485 1486 1487 1488 1489 1490 1491 1492 1493 1494 1495 1496 1497 1498 1499]]]","[[0 [0 1 2 3 4 5 6 7 8 9 10 11 12 13 14]] [1 [15 16 17 18 19 20 21 22 23 24 25 26 27 28 29]] [2 [30 31 32 33 34 35 36 37 38 39 40 41 42 43 44]] [3 [45 46 47 48 49 50 51 52 53 54 55 56 57 58 59]] [4 [60 61 62 63 64 65 66 67 68 69 70 71 72 73 74]] [5 [75 76 77 78 79 80 81 82 83 84 85 86 87 88 89]] [6 [90 91 92 93 94 95 96 97 98 99 100 101 102 103 104]] [7 [105 106 107 108 109 110 111 112 113 114 115 116 117 118 119]] [8 [120 121 122 123 124 125 126 127 128 129 130 131 132 133 134]] [9 [135 136 137 138 139 140 141 142 143 144 145 146 147 148 149]] [10 [150 151 152 153 154 155 156 157 158 159 160 161 162 163 164]] [11 [165 166 167 168 169 170 171 172 173 174 175 176 177 178 179]] [12 [180 181 182 183 184 185 186 187 188 189 190 191 192 193 194]] [13 [195 196 197 198 199 200 201 202 203 204 205 206 207 208 209]] [14 [210 211 212 213 214 215 216 217 218 219 220 221 222 223 224]] [15 [225 226 227 228 229 230 231 232 233 234 235 236 237 238 239]] [16 [240 241 242 243 244 245 246 247 248 249 250 251 252 253 254]] [17 [255 256 257 258 259 260 261 262 263 264 265 266 267 268 269]] [18 [270 271 272 273 274 275 276 277 278 279 280 281 282 283 284]] [19 [285 286 287 288 289 290 291 292 293 294 295 296 297 298 299]] [20 [300 301 302 303 304 305 306 307 308 309 310 311 312 313 314]] [21 [315 316 317 318 319 320 321 322 323 324 325 326 327 328 329]] [22 [330 331 332 333 334 335 336 337 338 339 340 341 342 343 344]] [23 [345 346 347 348 349 350 351 352 353 354 355 356 357 358 359]] [24 [360 361 362 363 364 365 366 367 368 369 370 371 372 373 374]] [25 [375 376 377 378 379 380 381 382 383 384 385 386 387 388 389]] [26 [390 391 392 393 394 395 396 397 398 399 400 401 402 403 404]] [27 [405 406 407 408 409 410 411 412 413 414 415 416 417 418 419]] [28 [420 421 422 423 424 425 426 427 428 429 430 431 432 433 434]] [29 [435 436 437 438 439 440 441 442 443 444 445 446 447 448 449]] [30 [450 451 452 453 454 455 456 457 458 459 460 461 462 463 464]] [31 [465 466 467 468 469 470 471 472 473 474 475 476 477 478 479]] [32 [480 481 482 483 484 485 486 487 488 489 490 491 492 493 494]] [33 [495 496 497 498 499 500 501 502 503 504 505 506 507 508 509]] [34 [510 511 512 513 514 515 516 517 518 519 520 521 522 523 524]] [35 [525 526 527 528 529 530 531 532 533 534 535 536 537 538 539]] [36 [540 541 542 543 544 545 546 547 548 549 550 551 552 553 554]] [37 [555 556 557 558 559 560 561 562 563 564 565 566 567 568 569]] [38 [570 571 572 573 574 575 576 577 578 579 580 581 582 583 584]] [39 [585 586 587 588 589 590 591 592 593 594 595 596 597 598 599]] [40 [600 601 602 603 604 605 606 607 608 609 610 611 612 613 614]] [41 [615 616 617 618 619 620 621 622 623 624 625 626 627 628 629]] [42 [630 631 632 633 634 635 636 637 638 639 640 641 642 643 644]] [43 [645 646 647 648 649 650 651 652 653 654 655 656 657 658 659]] [44 [660 661 662 663 664 665 666 667 668 669 670 671 672 673 674]] [45 [675 676 677 678 679 680 681 682 683 684 685 686 687 688 689]] [46 [690 691 692 693 694 695 696 697 698 699 700 701 702 703 704]] [47 [705 706 707 708 709 710 711 712 713 714 715 716 717 718 719]] [48 [720 721 722 723 724 725 726 727 728 729 730 731 732 733 734]] [49 [735 736 737 738 739 740 741 742 743 744 745 746 747 748 749]] [50 [750 751 752 753 754 755 756 757 758 759 760 761 762 763 764]] [51 [765 766 767 768 769 770 771 772 773 774 775 776 777 778 779]] [52 [780 781 782 783 784 785 786 787 788 789 790 791 792 793 794]] [53 [795 796 797 798 799 800 801 802 803 804 805 806 807 808 809]] [54 [810 811 812 813 814 815 816 817 818 819 820 821 822 823 824]] [55 [825 826 827 828 829 830 831 832 833 834 835 836 837 838 839]] [56 [840 841 842 843 844 845 846 847 848 849 850 851 852 853 854]] [57 [855 856 857 858 859 860 861 862 863 864 865 866 867 868 869]] [58 [870 871 872 873 874 875 876 877 878 879 880 881 882 883 884]] [59 [885 886 887 888 889 890 891 892 893 894 895 896 897 898 899]] [60 [900 901 902 903 904 905 906 907 908 909 910 911 912 913 914]] [61 [915 916 917 918 919 920 921 922 923 924 925 926 927 928 929]] [62 [930 931 932 933 934 935 936 937 938 939 940 941 942 943 944]] [63 [945 946 947 948 949 950 951 952 953 954 955 956 957 958 959]] [64 [960 961 962 963 964 965 966 967 968 969 970 971 972 973 974]] [65 [975 976 977 978 979 980 981 982 983 984 985 986 987 988 989]] [66 [990 991 992 993 994 995 996 997 998 999 1000 1001 1002 1003 1004]] [67 [1005 1006 1007 1008 1009 1010 1011 1012 1013 1014 1015 1016 1017 1018 1019]] [68 [1020 1021 1022 1023 1024 1025 1026 1027 1028 1029 1030 1031 1032 1033 1034]] [69 [1035 1036 1037 1038 1039 1040 1041 1042 1043 1044 1045 1046 1047 1048 1049]] [70 [1050 1051 1052 1053 1054 1055 1056 1057 1058 1059 1060 1061 1062 1063 1064]] [71 [1065 1066 1067 1068 1069 1070 1071 1072 1073 1074 1075 1076 1077 1078 1079]] [72 [1080 1081 1082 1083 1084 1085 1086 1087 1088 1089 1090 1091 1092 1093 1094]] [73 [1095 1096 1097 1098 1099 1100 1101 1102 1103 1104 1105 1106 1107 1108 1109]] [74 [1110 1111 1112 1113 1114 1115 1116 1117 1118 1119 1120 1121 1122 1123 1124]] [75 [1125 1126 1127 1128 1129 1130 1131 1132 1133 1134 1135 1136 1137 1138 1139]] [76 [1140 1141 1142 1143 1144 1145 1146 1147 1148 1149 1150 1151 1152 1153 1154]] [77 [1155 1156 1157 1158 1159 1160 1161 1162 1163 1164 1165 1166 1167 1168 1169]] [78 [1170 1171 1172 1173 1174 1175 1176 1177 1178 1179 1180 1181 1182 1183 1184]] [79 [1185 1186 1187 1188 1189 1190 1191 1192 1193 1194 1195 1196 1197 1198 1199]] [80 [1200 1201 1202 1203 1204 1205 1206 1207 1208 1209 1210 1211 1212 1213 1214]] [81 [1215 1216 1217 1218 1219 1220 1221 1222 1223 1224 1225 1226 1227 1228 1229]] [82 [1230 1231 1232 1233 1234 1235 1236 1237 1238 1239 1240 1241 1242 1243 1244]] [83 [1245 1246 1247 1248 1249 1250 1251 1252 1253 1254 1255 1256 1257 1258 1259]] [84 [1260 1261 1262 1263 1264 1265 1266 1267 1268 1269 1270 1271 1272 1273 1274]] [85 [1275 1276 1277 1278 1279 1280 1281 1282 1283 1284 1285 1286 1287 1288 1289]] [86 [1290 1291 1292 1293 1294 1295 1296 1297 1298 1299 1300 1301 1302 1303 1304]] [87 [1305 1306 1307 1308 1309 1310 1311 1312 1313 1314 1315 1316 1317 1318 1319]] [88 [1320 1321 1322 1323 1324 1325 1326 1327 1328 1329 1330 1331 1332 1333 1334]] [89 [1335 1336 1337 1338 1339 1340 1341 1342 1343 1344 1345 1346 1347 1348 1349]] [90 [1350 1351 1352 1353 1354 1355 1356 1357 1358 1359 1360 1361 1362 1363 1364]] [91 [1365 1366 1367 1368 1369 1370 1371 1372 1373 1374 1375 1376 1377 1378 1379]] [92 [1380 1381 1382 1383 1384 1385 1386 1387 1388 1389 1390 1391 1392 1393 1394]] [93 [1395 1396 1397 1398 1399 1400 1401 1402 1403 1404 1405 1406 1407 1408 1409]] [94 [1410 1411 1412 1413 1414 1415 1416 1417 1418 1419 1420 1421 1422 1423 1424]] [95 [1425 1426 1427 1428 1429 1430 1431 1432 1433 1434 1435 1436 1437 1438 1439]] [96 [1440 1441 1442 1443 1444 1445 1446 1447 1448 1449 1450 1451 1452 1453 1454]] [97 [1455 1456 1457 1458 1459 1460 1461 1462 1463 1464 1465 1466 1467 1468 1469]] [98 [1470 1471 1472 1473 1474 1475 1476 1477 1478 1479 1480 1481 1482 1483 1484]] [99 [1485 1486 1487 1488 1489 1490 1491 1492 1493 1494 1495 1496 1497 1498 1499]]]",,"[[{citizen 24} [[""A"" [4 4 4 4 4 4 4 4 4 4]]]] [{citizen 35} [[""A"" [4 4 4 4 4 4 4 4 4 4]]]] [{media 50} [[""A"" [4 4 4 4 4 4 4 4 4 4]]]] [{media 51} [[""A"" [4 4 4 4 4 4 4 4 4 4]]]] [{media 52} [[""A"" [4 4 4 4 4 4 4 4 4 4]]]] [{media 53} [[""A"" [4 4 4 4 4 4 4 4 4 4]]]] [{media 54} [[""A"" [4 4 4 4 4 4 4 4 4 4]]]] [{media 55} [[""A"" [4 4 4 4 4 4 4 4 4 4]]]] [{media 56} [[""A"" [4 4 4 4 4 4 4 4 4 4]]]] [{media 57} [[""A"" [4 4 4 4 4 4 4 4 4 4]]]] [{media 58} [[""A"" [4 4 4 4 4 4 4 4 4 4]]]] [{media 59} [[""A"" [4 4 4 4 4 4 4 4 4 4]]]] [{media 60} [[""A"" [4 4 4 4 4 4 4 4 4 4]]]] [{media 61} [[""A"" [4 4 4 4 4 4 4 4 4 4]]]] [{media 62} [[""A"" [4 4 4 4 4 4 4 4 4 4]]]] [{media 63} [[""A"" [4 4 4 4 4 4 4 4 4 4]]]] [{media 64} [[""A"" [4 4 4 4 4 4 4 4 4 4]]]] [{citizen 1} [[""A"" [4 4 4 4 4 4 4 4 4 4]]]] [{citizen 5} [[""A"" [4 4 4 4 4 4 4 4 4 4]]]] [{citizen 12} [[""A"" [4 4 4 4 4 4 4 4 4 4]]]] [{citizen 17} [[""A"" [4 4 4 4 4 4 4 4 4 4]]]] [{citizen 2} [[""A"" [4 4 4 4 4 4 4 4 4 4]]]] [{citizen 0} [[""A"" [4 4 4 4 4 4 4 4 4 4]]]] [{citizen 8} [[""A"" [4 4 4 4 4 4 4 4 4 4]]]] [{citizen 11} [[""A"" [4 4 4 4 4 4 4 4 4 4]]]] [{citizen 6} [[""A"" [4 4 4 4 4 4 4 4 4 4]]]] [{citizen 9} [[""A"" [4 4 4 4 4 4 4 4 4 4]]]] [{citizen 7} [[""A"" [4 4 4 4 4 4 4 4 4 4]]]] [{citizen 13} [[""A"" [4 4 4 4 4 4 4 4 4 4]]]] [{citizen 4} [[""A"" [4 4 4 4 4 4 4 4 4 4]]]] [{citizen 10} [[""A"" [4 4 4 4 4 4 4 4 4 4]]]] [{citizen 49} [[""A"" [4 4 4 4 4 4 4 4 4 4]]]] [{citizen 46} [[""A"" [4 4 4 4 4 4 4 4 4 4]]]] [{citizen 27} [[""A"" [4 4 4 4 4 4 4 4 4 4]]]] [{citizen 45} [[""A"" [4 4 4 4 4 4 4 4 4 4]]]] [{citizen 40} [[""A"" [4 4 4 4 4 4 4 4 4 4]]]] [{citizen 16} [[""A"" [4 4 4 4 4 4 4 4 4 4]]]] [{citizen 21} [[""A"" [4 4 4 4 4 4 4 4 4 4]]]] [{citizen 30} [[""A"" [4 4 4 4 4 4 4 4 4 4]]]] [{citizen 14} [[""A"" [4 4 4 4 4 4 4 4 4 4]]]] [{citizen 28} [[""A"" [4 4 4 4 4 4 4 4 4 4]]]] [{citizen 39} [[""A"" [4 4 4 4 4 4 4 4 4 4]]]] [{citizen 22} [[""A"" [4 4 4 4 4 4 4 4 4 4]]]] [{citizen 20} [[""A"" [4 4 4 4 4 4 4 4 4 4]]]] [{citizen 48} [[""A"" [4 4 4 4 4 4 4 4 4 4]]]] [{citizen 15} [[""A"" [4 4 4 4 4 4 4 4 4 4]]]] [{citizen 31} [[""A"" [4 4 4 4 4 4 4 4 4 4]]]] [{citizen 19} [[""A"" [4 4 4 4 4 4 4 4 4 4]]]] [{citizen 37} [[""A"" [4 4 4 4 4 4 4 4 4 4]]]] [{citizen 42} [[""A"" [4 4 4 4 4 4 4 4 4 4]]]] [{citizen 44} [[""A"" [4 4 4 4 4 4 4 4 4 4]]]] [{citizen 32} [[""A"" [4 4 4 4 4 4 4 4 4 4]]]] [{citizen 43} [[""A"" [4 4 4 4 4 4 4 4 4 4]]]] [{citizen 29} [[""A"" [4 4 4 4 4 4 4 4 4 4]]]] [{citizen 26} [[""A"" [4 4 4 4 4 4 4 4 4 4]]]] [{citizen 38} [[""A"" [4 4 4 4 4 4 4 4 4 4]]]] [{citizen 36} [[""A"" [4 4 4 4 4 4 4 4 4 4]]]] [{citizen 34} [[""A"" [4 4 4 4 4 4 4 4 4 4]]]] [{citizen 47} [[""A"" [4 4 4 4 4 4 4 4 4 4]]]] [{citizen 41} [[""A"" [4 4 4 4 4 4 4 4 4 4]]]] [{citizen 3} [[""A"" [4 4 4 4 4 4 4 4 4 4]]]]]"
"24","[85 0 170]","275.7446808510639","-5.112065171851785","0.5609493891832744","""circle""","""""","9.9","{breed citizens}","false","0.5","1","""up""",,"[[""ID"" 24] [""alpha"" 1] [""beta"" 1] [""malleable"" [""A""]] [""prior"" []] [""cont_tokens"" []] [""A"" 4]]","[[0 [0 1 2 3 4 5 6 7 8 9 10 11 12 13 14]] [1 [15 16 17 18 19 20 21 22 23 24 25 26 27 28 29]] [2 [30 31 32 33 34 35 36 37 38 39 40 41 42 43 44]] [3 [45 46 47 48 49 50 51 52 53 54 55 56 57 58 59]] [4 [60 61 62 63 64 65 66 67 68 69 70 71 72 73 74]] [5 [75 76 77 78 79 80 81 82 83 84 85 86 87 88 89]] [6 [90 91 92 93 94 95 96 97 98 99 100 101 102 103 104]] [7 [105 106 107 108 109 110 111 112 113 114 115 116 117 118 119]] [8 [120 121 122 123 124 125 126 127 128 129 130 131 132 133 134]] [9 [135 136 137 138 139 140 141 142 143 144 145 146 147 148 149]] [10 [150 151 152 153 154 155 156 157 158 159 160 161 162 163 164]] [11 [165 166 167 168 169 170 171 172 173 174 175 176 177 178 179]] [12 [180 181 182 183 184 185 186 187 188 189 190 191 192 193 194]] [13 [195 196 197 198 199 200 201 202 203 204 205 206 207 208 209]] [14 [210 211 212 213 214 215 216 217 218 219 220 221 222 223 224]] [15 [225 226 227 228 229 230 231 232 233 234 235 236 237 238 239]] [16 [240 241 242 243 244 245 246 247 248 249 250 251 252 253 254]] [17 [255 256 257 258 259 260 261 262 263 264 265 266 267 268 269]] [18 [270 271 272 273 274 275 276 277 278 279 280 281 282 283 284]] [19 [285 286 287 288 289 290 291 292 293 294 295 296 297 298 299]] [20 [300 301 302 303 304 305 306 307 308 309 310 311 312 313 314]] [21 [315 316 317 318 319 320 321 322 323 324 325 326 327 328 329]] [22 [330 331 332 333 334 335 336 337 338 339 340 341 342 343 344]] [23 [345 346 347 348 349 350 351 352 353 354 355 356 357 358 359]] [24 [360 361 362 363 364 365 366 367 368 369 370 371 372 373 374]] [25 [375 376 377 378 379 380 381 382 383 384 385 386 387 388 389]] [26 [390 391 392 393 394 395 396 397 398 399 400 401 402 403 404]] [27 [405 406 407 408 409 410 411 412 413 414 415 416 417 418 419]] [28 [420 421 422 423 424 425 426 427 428 429 430 431 432 433 434]] [29 [435 436 437 438 439 440 441 442 443 444 445 446 447 448 449]] [30 [450 451 452 453 454 455 456 457 458 459 460 461 462 463 464]] [31 [465 466 467 468 469 470 471 472 473 474 475 476 477 478 479]] [32 [480 481 482 483 484 485 486 487 488 489 490 491 492 493 494]] [33 [495 496 497 498 499 500 501 502 503 504 505 506 507 508 509]] [34 [510 511 512 513 514 515 516 517 518 519 520 521 522 523 524]] [35 [525 526 527 528 529 530 531 532 533 534 535 536 537 538 539]] [36 [540 541 542 543 544 545 546 547 548 549 550 551 552 553 554]] [37 [555 556 557 558 559 560 561 562 563 564 565 566 567 568 569]] [38 [570 571 572 573 574 575 576 577 578 579 580 581 582 583 584]] [39 [585 586 587 588 589 590 591 592 593 594 595 596 597 598 599]] [40 [600 601 602 603 604 605 606 607 608 609 610 611 612 613 614]] [41 [615 616 617 618 619 620 621 622 623 624 625 626 627 628 629]] [42 [630 631 632 633 634 635 636 637 638 639 640 641 642 643 644]] [43 [645 646 647 648 649 650 651 652 653 654 655 656 657 658 659]] [44 [660 661 662 663 664 665 666 667 668 669 670 671 672 673 674]] [45 [675 676 677 678 679 680 681 682 683 684 685 686 687 688 689]] [46 [690 691 692 693 694 695 696 697 698 699 700 701 702 703 704]] [47 [705 706 707 708 709 710 711 712 713 714 715 716 717 718 719]] [48 [720 721 722 723 724 725 726 727 728 729 730 731 732 733 734]] [49 [735 736 737 738 739 740 741 742 743 744 745 746 747 748 749]] [50 [750 751 752 753 754 755 756 757 758 759 760 761 762 763 764]] [51 [765 766 767 768 769 770 771 772 773 774 775 776 777 778 779]] [52 [780 781 782 783 784 785 786 787 788 789 790 791 792 793 794]] [53 [795 796 797 798 799 800 801 802 803 804 805 806 807 808 809]] [54 [810 811 812 813 814 815 816 817 818 819 820 821 822 823 824]] [55 [825 826 827 828 829 830 831 832 833 834 835 836 837 838 839]] [56 [840 841 842 843 844 845 846 847 848 849 850 851 852 853 854]] [57 [855 856 857 858 859 860 861 862 863 864 865 866 867 868 869]] [58 [870 871 872 873 874 875 876 877 878 879 880 881 882 883 884]] [59 [885 886 887 888 889 890 891 892 893 894 895 896 897 898 899]] [60 [900 901 902 903 904 905 906 907 908 909 910 911 912 913 914]] [61 [915 916 917 918 919 920 921 922 923 924 925 926 927 928 929]] [62 [930 931 932 933 934 935 936 937 938 939 940 941 942 943 944]] [63 [945 946 947 948 949 950 951 952 953 954 955 956 957 958 959]] [64 [960 961 962 963 964 965 966 967 968 969 970 971 972 973 974]] [65 [975 976 977 978 979 980 981 982 983 984 985 986 987 988 989]] [66 [990 991 992 993 994 995 996 997 998 999 1000 1001 1002 1003 1004]] [67 [1005 1006 1007 1008 1009 1010 1011 1012 1013 1014 1015 1016 1017 1018 1019]] [68 [1020 1021 1022 1023 1024 1025 1026 1027 1028 1029 1030 1031 1032 1033 1034]] [69 [1035 1036 1037 1038 1039 1040 1041 1042 1043 1044 1045 1046 1047 1048 1049]] [70 [1050 1051 1052 1053 1054 1055 1056 1057 1058 1059 1060 1061 1062 1063 1064]] [71 [1065 1066 1067 1068 1069 1070 1071 1072 1073 1074 1075 1076 1077 1078 1079]] [72 [1080 1081 1082 1083 1084 1085 1086 1087 1088 1089 1090 1091 1092 1093 1094]] [73 [1095 1096 1097 1098 1099 1100 1101 1102 1103 1104 1105 1106 1107 1108 1109]] [74 [1110 1111 1112 1113 1114 1115 1116 1117 1118 1119 1120 1121 1122 1123 1124]] [75 [1125 1126 1127 1128 1129 1130 1131 1132 1133 1134 1135 1136 1137 1138 1139]] [76 [1140 1141 1142 1143 1144 1145 1146 1147 1148 1149 1150 1151 1152 1153 1154]] [77 [1155 1156 1157 1158 1159 1160 1161 1162 1163 1164 1165 1166 1167 1168 1169]] [78 [1170 1171 1172 1173 1174 1175 1176 1177 1178 1179 1180 1181 1182 1183 1184]] [79 [1185 1186 1187 1188 1189 1190 1191 1192 1193 1194 1195 1196 1197 1198 1199]] [80 [1200 1201 1202 1203 1204 1205 1206 1207 1208 1209 1210 1211 1212 1213 1214]] [81 [1215 1216 1217 1218 1219 1220 1221 1222 1223 1224 1225 1226 1227 1228 1229]] [82 [1230 1231 1232 1233 1234 1235 1236 1237 1238 1239 1240 1241 1242 1243 1244]] [83 [1245 1246 1247 1248 1249 1250 1251 1252 1253 1254 1255 1256 1257 1258 1259]] [84 [1260 1261 1262 1263 1264 1265 1266 1267 1268 1269 1270 1271 1272 1273 1274]] [85 [1275 1276 1277 1278 1279 1280 1281 1282 1283 1284 1285 1286 1287 1288 1289]] [86 [1290 1291 1292 1293 1294 1295 1296 1297 1298 1299 1300 1301 1302 1303 1304]] [87 [1305 1306 1307 1308 1309 1310 1311 1312 1313 1314 1315 1316 1317 1318 1319]] [88 [1320 1321 1322 1323 1324 1325 1326 1327 1328 1329 1330 1331 1332 1333 1334]] [89 [1335 1336 1337 1338 1339 1340 1341 1342 1343 1344 1345 1346 1347 1348 1349]] [90 [1350 1351 1352 1353 1354 1355 1356 1357 1358 1359 1360 1361 1362 1363 1364]] [91 [1365 1366 1367 1368 1369 1370 1371 1372 1373 1374 1375 1376 1377 1378 1379]] [92 [1380 1381 1382 1383 1384 1385 1386 1387 1388 1389 1390 1391 1392 1393 1394]] [93 [1395 1396 1397 1398 1399 1400 1401 1402 1403 1404 1405 1406 1407 1408 1409]] [94 [1410 1411 1412 1413 1414 1415 1416 1417 1418 1419 1420 1421 1422 1423 1424]] [95 [1425 1426 1427 1428 1429 1430 1431 1432 1433 1434 1435 1436 1437 1438 1439]] [96 [1440 1441 1442 1443 1444 1445 1446 1447 1448 1449 1450 1451 1452 1453 1454]] [97 [1455 1456 1457 1458 1459 1460 1461 1462 1463 1464 1465 1466 1467 1468 1469]] [98 [1470 1471 1472 1473 1474 1475 1476 1477 1478 1479 1480 1481 1482 1483 1484]] [99 [1485 1486 1487 1488 1489 1490 1491 1492 1493 1494 1495 1496 1497 1498 1499]]]","[[0 [0 1 2 3 4 5 6 7 8 9 10 11 12 13 14]] [1 [15 16 17 18 19 20 21 22 23 24 25 26 27 28 29]] [2 [30 31 32 33 34 35 36 37 38 39 40 41 42 43 44]] [3 [45 46 47 48 49 50 51 52 53 54 55 56 57 58 59]] [4 [60 61 62 63 64 65 66 67 68 69 70 71 72 73 74]] [5 [75 76 77 78 79 80 81 82 83 84 85 86 87 88 89]] [6 [90 91 92 93 94 95 96 97 98 99 100 101 102 103 104]] [7 [105 106 107 108 109 110 111 112 113 114 115 116 117 118 119]] [8 [120 121 122 123 124 125 126 127 128 129 130 131 132 133 134]] [9 [135 136 137 138 139 140 141 142 143 144 145 146 147 148 149]] [10 [150 151 152 153 154 155 156 157 158 159 160 161 162 163 164]] [11 [165 166 167 168 169 170 171 172 173 174 175 176 177 178 179]] [12 [180 181 182 183 184 185 186 187 188 189 190 191 192 193 194]] [13 [195 196 197 198 199 200 201 202 203 204 205 206 207 208 209]] [14 [210 211 212 213 214 215 216 217 218 219 220 221 222 223 224]] [15 [225 226 227 228 229 230 231 232 233 234 235 236 237 238 239]] [16 [240 241 242 243 244 245 246 247 248 249 250 251 252 253 254]] [17 [255 256 257 258 259 260 261 262 263 264 265 266 267 268 269]] [18 [270 271 272 273 274 275 276 277 278 279 280 281 282 283 284]] [19 [285 286 287 288 289 290 291 292 293 294 295 296 297 298 299]] [20 [300 301 302 303 304 305 306 307 308 309 310 311 312 313 314]] [21 [315 316 317 318 319 320 321 322 323 324 325 326 327 328 329]] [22 [330 331 332 333 334 335 336 337 338 339 340 341 342 343 344]] [23 [345 346 347 348 349 350 351 352 353 354 355 356 357 358 359]] [24 [360 361 362 363 364 365 366 367 368 369 370 371 372 373 374]] [25 [375 376 377 378 379 380 381 382 383 384 385 386 387 388 389]] [26 [390 391 392 393 394 395 396 397 398 399 400 401 402 403 404]] [27 [405 406 407 408 409 410 411 412 413 414 415 416 417 418 419]] [28 [420 421 422 423 424 425 426 427 428 429 430 431 432 433 434]] [29 [435 436 437 438 439 440 441 442 443 444 445 446 447 448 449]] [30 [450 451 452 453 454 455 456 457 458 459 460 461 462 463 464]] [31 [465 466 467 468 469 470 471 472 473 474 475 476 477 478 479]] [32 [480 481 482 483 484 485 486 487 488 489 490 491 492 493 494]] [33 [495 496 497 498 499 500 501 502 503 504 505 506 507 508 509]] [34 [510 511 512 513 514 515 516 517 518 519 520 521 522 523 524]] [35 [525 526 527 528 529 530 531 532 533 534 535 536 537 538 539]] [36 [540 541 542 543 544 545 546 547 548 549 550 551 552 553 554]] [37 [555 556 557 558 559 560 561 562 563 564 565 566 567 568 569]] [38 [570 571 572 573 574 575 576 577 578 579 580 581 582 583 584]] [39 [585 586 587 588 589 590 591 592 593 594 595 596 597 598 599]] [40 [600 601 602 603 604 605 606 607 608 609 610 611 612 613 614]] [41 [615 616 617 618 619 620 621 622 623 624 625 626 627 628 629]] [42 [630 631 632 633 634 635 636 637 638 639 640 641 642 643 644]] [43 [645 646 647 648 649 650 651 652 653 654 655 656 657 658 659]] [44 [660 661 662 663 664 665 666 667 668 669 670 671 672 673 674]] [45 [675 676 677 678 679 680 681 682 683 684 685 686 687 688 689]] [46 [690 691 692 693 694 695 696 697 698 699 700 701 702 703 704]] [47 [705 706 707 708 709 710 711 712 713 714 715 716 717 718 719]] [48 [720 721 722 723 724 725 726 727 728 729 730 731 732 733 734]] [49 [735 736 737 738 739 740 741 742 743 744 745 746 747 748 749]] [50 [750 751 752 753 754 755 756 757 758 759 760 761 762 763 764]] [51 [765 766 767 768 769 770 771 772 773 774 775 776 777 778 779]] [52 [780 781 782 783 784 785 786 787 788 789 790 791 792 793 794]] [53 [795 796 797 798 799 800 801 802 803 804 805 806 807 808 809]] [54 [810 811 812 813 814 815 816 817 818 819 820 821 822 823 824]] [55 [825 826 827 828 829 830 831 832 833 834 835 836 837 838 839]] [56 [840 841 842 843 844 845 846 847 848 849 850 851 852 853 854]] [57 [855 856 857 858 859 860 861 862 863 864 865 866 867 868 869]] [58 [870 871 872 873 874 875 876 877 878 879 880 881 882 883 884]] [59 [885 886 887 888 889 890 891 892 893 894 895 896 897 898 899]] [60 [900 901 902 903 904 905 906 907 908 909 910 911 912 913 914]] [61 [915 916 917 918 919 920 921 922 923 924 925 926 927 928 929]] [62 [930 931 932 933 934 935 936 937 938 939 940 941 942 943 944]] [63 [945 946 947 948 949 950 951 952 953 954 955 956 957 958 959]] [64 [960 961 962 963 964 965 966 967 968 969 970 971 972 973 974]] [65 [975 976 977 978 979 980 981 982 983 984 985 986 987 988 989]] [66 [990 991 992 993 994 995 996 997 998 999 1000 1001 1002 1003 1004]] [67 [1005 1006 1007 1008 1009 1010 1011 1012 1013 1014 1015 1016 1017 1018 1019]] [68 [1020 1021 1022 1023 1024 1025 1026 1027 1028 1029 1030 1031 1032 1033 1034]] [69 [1035 1036 1037 1038 1039 1040 1041 1042 1043 1044 1045 1046 1047 1048 1049]] [70 [1050 1051 1052 1053 1054 1055 1056 1057 1058 1059 1060 1061 1062 1063 1064]] [71 [1065 1066 1067 1068 1069 1070 1071 1072 1073 1074 1075 1076 1077 1078 1079]] [72 [1080 1081 1082 1083 1084 1085 1086 1087 1088 1089 1090 1091 1092 1093 1094]] [73 [1095 1096 1097 1098 1099 1100 1101 1102 1103 1104 1105 1106 1107 1108 1109]] [74 [1110 1111 1112 1113 1114 1115 1116 1117 1118 1119 1120 1121 1122 1123 1124]] [75 [1125 1126 1127 1128 1129 1130 1131 1132 1133 1134 1135 1136 1137 1138 1139]] [76 [1140 1141 1142 1143 1144 1145 1146 1147 1148 1149 1150 1151 1152 1153 1154]] [77 [1155 1156 1157 1158 1159 1160 1161 1162 1163 1164 1165 1166 1167 1168 1169]] [78 [1170 1171 1172 1173 1174 1175 1176 1177 1178 1179 1180 1181 1182 1183 1184]] [79 [1185 1186 1187 1188 1189 1190 1191 1192 1193 1194 1195 1196 1197 1198 1199]] [80 [1200 1201 1202 1203 1204 1205 1206 1207 1208 1209 1210 1211 1212 1213 1214]] [81 [1215 1216 1217 1218 1219 1220 1221 1222 1223 1224 1225 1226 1227 1228 1229]] [82 [1230 1231 1232 1233 1234 1235 1236 1237 1238 1239 1240 1241 1242 1243 1244]] [83 [1245 1246 1247 1248 1249 1250 1251 1252 1253 1254 1255 1256 1257 1258 1259]] [84 [1260 1261 1262 1263 1264 1265 1266 1267 1268 1269 1270 1271 1272 1273 1274]] [85 [1275 1276 1277 1278 1279 1280 1281 1282 1283 1284 1285 1286 1287 1288 1289]] [86 [1290 1291 1292 1293 1294 1295 1296 1297 1298 1299 1300 1301 1302 1303 1304]] [87 [1305 1306 1307 1308 1309 1310 1311 1312 1313 1314 1315 1316 1317 1318 1319]] [88 [1320 1321 1322 1323 1324 1325 1326 1327 1328 1329 1330 1331 1332 1333 1334]] [89 [1335 1336 1337 1338 1339 1340 1341 1342 1343 1344 1345 1346 1347 1348 1349]] [90 [1350 1351 1352 1353 1354 1355 1356 1357 1358 1359 1360 1361 1362 1363 1364]] [91 [1365 1366 1367 1368 1369 1370 1371 1372 1373 1374 1375 1376 1377 1378 1379]] [92 [1380 1381 1382 1383 1384 1385 1386 1387 1388 1389 1390 1391 1392 1393 1394]] [93 [1395 1396 1397 1398 1399 1400 1401 1402 1403 1404 1405 1406 1407 1408 1409]] [94 [1410 1411 1412 1413 1414 1415 1416 1417 1418 1419 1420 1421 1422 1423 1424]] [95 [1425 1426 1427 1428 1429 1430 1431 1432 1433 1434 1435 1436 1437 1438 1439]] [96 [1440 1441 1442 1443 1444 1445 1446 1447 1448 1449 1450 1451 1452 1453 1454]] [97 [1455 1456 1457 1458 1459 1460 1461 1462 1463 1464 1465 1466 1467 1468 1469]] [98 [1470 1471 1472 1473 1474 1475 1476 1477 1478 1479 1480 1481 1482 1483 1484]] [99 [1485 1486 1487 1488 1489 1490 1491 1492 1493 1494 1495 1496 1497 1498 1499]]]",,"[[{citizen 42} [[""A"" [4 4 4 4 4 4 4 4 4 4]]]] [{citizen 44} [[""A"" [4 4 4 4 4 4 4 4 4 4]]]] [{media 52} [[""A"" [4 4 4 4 4 4 4 4 4 4]]]] [{media 53} [[""A"" [4 4 4 4 4 4 4 4 4 4]]]] [{media 54} [[""A"" [4 4 4 4 4 4 4 4 4 4]]]] [{media 55} [[""A"" [4 4 4 4 4 4 4 4 4 4]]]] [{media 56} [[""A"" [4 4 4 4 4 4 4 4 4 4]]]] [{media 58} [[""A"" [4 4 4 4 4 4 4 4 4 4]]]] [{media 59} [[""A"" [4 4 4 4 4 4 4 4 4 4]]]] [{media 60} [[""A"" [4 4 4 4 4 4 4 4 4 4]]]] [{media 61} [[""A"" [4 4 4 4 4 4 4 4 4 4]]]] [{media 63} [[""A"" [4 4 4 4 4 4 4 4 4 4]]]] [{media 64} [[""A"" [4 4 4 4 4 4 4 4 4 4]]]] [{media 50} [[""A"" [4 4 4 4 4 4 4 4 4 4]]]] [{citizen 23} [[""A"" [4 4 4 4 4 4 4 4 4 4]]]] [{media 62} [[""A"" [4 4 4 4 4 4 4 4 4 4]]]] [{citizen 1} [[""A"" [4 4 4 4 4 4 4 4 4 4]]]] [{citizen 5} [[""A"" [4 4 4 4 4 4 4 4 4 4]]]] [{citizen 12} [[""A"" [4 4 4 4 4 4 4 4 4 4]]]] [{citizen 17} [[""A"" [4 4 4 4 4 4 4 4 4 4]]]] [{citizen 2} [[""A"" [4 4 4 4 4 4 4 4 4 4]]]] [{citizen 11} [[""A"" [4 4 4 4 4 4 4 4 4 4]]]] [{media 51} [[""A"" [4 4 4 4 4 4 4 4 4 4]]]] [{citizen 6} [[""A"" [4 4 4 4 4 4 4 4 4 4]]]] [{citizen 9} [[""A"" [4 4 4 4 4 4 4 4 4 4]]]] [{citizen 7} [[""A"" [4 4 4 4 4 4 4 4 4 4]]]] [{citizen 8} [[""A"" [4 4 4 4 4 4 4 4 4 4]]]] [{media 57} [[""A"" [4 4 4 4 4 4 4 4 4 4]]]] [{citizen 4} [[""A"" [4 4 4 4 4 4 4 4 4 4]]]] [{citizen 10} [[""A"" [4 4 4 4 4 4 4 4 4 4]]]] [{citizen 13} [[""A"" [4 4 4 4 4 4 4 4 4 4]]]] [{citizen 49} [[""A"" [4 4 4 4 4 4 4 4 4 4]]]] [{citizen 46} [[""A"" [4 4 4 4 4 4 4 4 4 4]]]] [{citizen 27} [[""A"" [4 4 4 4 4 4 4 4 4 4]]]] [{citizen 45} [[""A"" [4 4 4 4 4 4 4 4 4 4]]]] [{citizen 0} [[""A"" [4 4 4 4 4 4 4 4 4 4]]]] [{citizen 40} [[""A"" [4 4 4 4 4 4 4 4 4 4]]]] [{citizen 16} [[""A"" [4 4 4 4 4 4 4 4 4 4]]]] [{citizen 35} [[""A"" [4 4 4 4 4 4 4 4 4 4]]]] [{citizen 30} [[""A"" [4 4 4 4 4 4 4 4 4 4]]]] [{citizen 14} [[""A"" [4 4 4 4 4 4 4 4 4 4]]]] [{citizen 28} [[""A"" [4 4 4 4 4 4 4 4 4 4]]]] [{citizen 39} [[""A"" [4 4 4 4 4 4 4 4 4 4]]]] [{citizen 22} [[""A"" [4 4 4 4 4 4 4 4 4 4]]]] [{citizen 20} [[""A"" [4 4 4 4 4 4 4 4 4 4]]]] [{citizen 19} [[""A"" [4 4 4 4 4 4 4 4 4 4]]]] [{citizen 37} [[""A"" [4 4 4 4 4 4 4 4 4 4]]]] [{citizen 15} [[""A"" [4 4 4 4 4 4 4 4 4 4]]]] [{citizen 48} [[""A"" [4 4 4 4 4 4 4 4 4 4]]]] [{citizen 21} [[""A"" [4 4 4 4 4 4 4 4 4 4]]]] [{citizen 26} [[""A"" [4 4 4 4 4 4 4 4 4 4]]]] [{citizen 32} [[""A"" [4 4 4 4 4 4 4 4 4 4]]]] [{citizen 29} [[""A"" [4 4 4 4 4 4 4 4 4 4]]]] [{citizen 43} [[""A"" [4 4 4 4 4 4 4 4 4 4]]]] [{citizen 38} [[""A"" [4 4 4 4 4 4 4 4 4 4]]]] [{citizen 41} [[""A"" [4 4 4 4 4 4 4 4 4 4]]]] [{citizen 34} [[""A"" [4 4 4 4 4 4 4 4 4 4]]]] [{citizen 36} [[""A"" [4 4 4 4 4 4 4 4 4 4]]]] [{citizen 47} [[""A"" [4 4 4 4 4 4 4 4 4 4]]]] [{citizen 31} [[""A"" [4 4 4 4 4 4 4 4 4 4]]]] [{citizen 3} [[""A"" [4 4 4 4 4 4 4 4 4 4]]]]]"
"25","[255 0 0]","287.23404255319156","-4.831988811083533","0.8701407028103948","""circle""","""""","9.9","{breed citizens}","false","0.5","1","""up""",,"[[""ID"" 7] [""alpha"" 1] [""beta"" 1] [""malleable"" [""A""]] [""prior"" []] [""cont_tokens"" []] [""A"" 0]]","[[0 [0 1 2 3 4 5 6 7 8 9 10 11 12 13 14]] [1 [15 16]] [2 [34 43]] [3 [47 58]] [4 [65 68]] [5 [82 88]]]","[]",,"[[{media 50} [[""A"" [4 4 4 4 4 4 4 4 4 3]]]] [{media 51} [[""A"" [2 2 2 2 4 4 4 4 4 4]]]] [{media 52} [[""A"" [3 3 3 3 3 3 3 3 3 4]]]] [{media 53} [[""A"" [2 2 2 2 4 4 4 4 4 4]]]] [{media 54} [[""A"" [3 3 3 3 3 3 3 3 3 3]]]] [{media 55} [[""A"" [3 3 3 3 3 3 3 3 3 4]]]] [{media 56} [[""A"" [3 3 3 3 3 3 3 3 3 4]]]] [{media 57} [[""A"" [4 4 4 4 4 4 4 4 4 4]]]] [{media 58} [[""A"" [4 4 4 4 4 4 4 4 4 3]]]] [{media 62} [[""A"" [4 4 4 4 4 4 4 4 4 3]]]] [{citizen 19} [[""A"" [3 4 4 4 4 4 4 4 4 4]]]] [{citizen 2} [[""A"" [3 4 4 4]]]] [{citizen 5} [[""A"" [3 4 4 4]]]] [{citizen 8} [[""A"" [3 4 4 4 4]]]] [{media 63} [[""A"" [4]]]] [{citizen 6} [[""A"" [4 4 4 4 4]]]] [{citizen 7} [[""A"" [4 4 4]]]] [{citizen 14} [[""A"" [4 4 4 4 4 4 4 4]]]] [{citizen 1} [[""A"" [4 4 4]]]] [{citizen 9} [[""A"" [4 4 4 4]]]] [{media 59} [[""A"" [4]]]] [{media 60} [[""A"" [4]]]] [{citizen 4} [[""A"" [4]]]] [{media 64} [[""A"" [4]]]] [{media 61} [[""A"" [4]]]]]"
"26","[85 0 170]","132.1276595744681","7.094535220773406","-6.3823249430811755","""circle""","""""","9.9","{breed citizens}","false","0.5","1","""up""",,"[[""ID"" 36] [""alpha"" 1] [""beta"" 1] [""malleable"" [""A""]] [""prior"" []] [""cont_tokens"" []] [""A"" 4]]","[[0 [0 1 2 3 4 5 6 7 8 9 10 11 12 13 14]] [1 [15 16 17 18 19 20 21 22 23 24 25 26 27 28 29]] [2 [30 31 32 33 34 35 36 37 38 39 40 41 42 43 44]] [3 [45 46 47 48 49 50 51 52 53 54 55 56 57 58 59]] [4 [60 61 62 63 64 65 66 67 68 69 70 71 72 73 74]] [5 [75 76 77 78 79 80 81 82 83 84 85 86 87 88 89]] [6 [90 91 92 93 94 95 96 97 98 99 100 101 102 103 104]] [7 [105 106 107 108 109 110 111 112 113 114 115 116 117 118 119]] [8 [120 121 122 123 124 125 126 127 128 129 130 131 132 133 134]] [9 [135 136 137 138 139 140 141 142 143 144 145 146 147 148 149]] [10 [150 151 152 153 154 155 156 157 158 159 160 161 162 163 164]] [11 [165 166 167 168 169 170 171 172 173 174 175 176 177 178 179]] [12 [180 181 182 183 184 185 186 187 188 189 190 191 192 193 194]] [13 [195 196 197 198 199 200 201 202 203 204 205 206 207 208 209]] [14 [210 211 212 213 214 215 216 217 218 219 220 221 222 223 224]] [15 [225 226 227 228 229 230 231 232 233 234 235 236 237 238 239]] [16 [240 241 242 243 244 245 246 247 248 249 250 251 252 253 254]] [17 [255 256 257 258 259 260 261 262 263 264 265 266 267 268 269]] [18 [270 271 272 273 274 275 276 277 278 279 280 281 282 283 284]] [19 [285 286 287 288 289 290 291 292 293 294 295 296 297 298 299]] [20 [300 301 302 303 304 305 306 307 308 309 310 311 312 313 314]] [21 [315 316 317 318 319 320 321 322 323 324 325 326 327 328 329]] [22 [330 331 332 333 334 335 336 337 338 339 340 341 342 343 344]] [23 [345 346 347 348 349 350 351 352 353 354 355 356 357 358 359]] [24 [360 361 362 363 364 365 366 367 368 369 370 371 372 373 374]] [25 [375 376 377 378 379 380 381 382 383 384 385 386 387 388 389]] [26 [390 391 392 393 394 395 396 397 398 399 400 401 402 403 404]] [27 [405 406 407 408 409 410 411 412 413 414 415 416 417 418 419]] [28 [420 421 422 423 424 425 426 427 428 429 430 431 432 433 434]] [29 [435 436 437 438 439 440 441 442 443 444 445 446 447 448 449]] [30 [450 451 452 453 454 455 456 457 458 459 460 461 462 463 464]] [31 [465 466 467 468 469 470 471 472 473 474 475 476 477 478 479]] [32 [480 481 482 483 484 485 486 487 488 489 490 491 492 493 494]] [33 [495 496 497 498 499 500 501 502 503 504 505 506 507 508 509]] [34 [510 511 512 513 514 515 516 517 518 519 520 521 522 523 524]] [35 [525 526 527 528 529 530 531 532 533 534 535 536 537 538 539]] [36 [540 541 542 543 544 545 546 547 548 549 550 551 552 553 554]] [37 [555 556 557 558 559 560 561 562 563 564 565 566 567 568 569]] [38 [570 571 572 573 574 575 576 577 578 579 580 581 582 583 584]] [39 [585 586 587 588 589 590 591 592 593 594 595 596 597 598 599]] [40 [600 601 602 603 604 605 606 607 608 609 610 611 612 613 614]] [41 [615 616 617 618 619 620 621 622 623 624 625 626 627 628 629]] [42 [630 631 632 633 634 635 636 637 638 639 640 641 642 643 644]] [43 [645 646 647 648 649 650 651 652 653 654 655 656 657 658 659]] [44 [660 661 662 663 664 665 666 667 668 669 670 671 672 673 674]] [45 [675 676 677 678 679 680 681 682 683 684 685 686 687 688 689]] [46 [690 691 692 693 694 695 696 697 698 699 700 701 702 703 704]] [47 [705 706 707 708 709 710 711 712 713 714 715 716 717 718 719]] [48 [720 721 722 723 724 725 726 727 728 729 730 731 732 733 734]] [49 [735 736 737 738 739 740 741 742 743 744 745 746 747 748 749]] [50 [750 751 752 753 754 755 756 757 758 759 760 761 762 763 764]] [51 [765 766 767 768 769 770 771 772 773 774 775 776 777 778 779]] [52 [780 781 782 783 784 785 786 787 788 789 790 791 792 793 794]] [53 [795 796 797 798 799 800 801 802 803 804 805 806 807 808 809]] [54 [810 811 812 813 814 815 816 817 818 819 820 821 822 823 824]] [55 [825 826 827 828 829 830 831 832 833 834 835 836 837 838 839]] [56 [840 841 842 843 844 845 846 847 848 849 850 851 852 853 854]] [57 [855 856 857 858 859 860 861 862 863 864 865 866 867 868 869]] [58 [870 871 872 873 874 875 876 877 878 879 880 881 882 883 884]] [59 [885 886 887 888 889 890 891 892 893 894 895 896 897 898 899]] [60 [900 901 902 903 904 905 906 907 908 909 910 911 912 913 914]] [61 [915 916 917 918 919 920 921 922 923 924 925 926 927 928 929]] [62 [930 931 932 933 934 935 936 937 938 939 940 941 942 943 944]] [63 [945 946 947 948 949 950 951 952 953 954 955 956 957 958 959]] [64 [960 961 962 963 964 965 966 967 968 969 970 971 972 973 974]] [65 [975 976 977 978 979 980 981 982 983 984 985 986 987 988 989]] [66 [990 991 992 993 994 995 996 997 998 999 1000 1001 1002 1003 1004]] [67 [1005 1006 1007 1008 1009 1010 1011 1012 1013 1014 1015 1016 1017 1018 1019]] [68 [1020 1021 1022 1023 1024 1025 1026 1027 1028 1029 1030 1031 1032 1033 1034]] [69 [1035 1036 1037 1038 1039 1040 1041 1042 1043 1044 1045 1046 1047 1048 1049]] [70 [1050 1051 1052 1053 1054 1055 1056 1057 1058 1059 1060 1061 1062 1063 1064]] [71 [1065 1066 1067 1068 1069 1070 1071 1072 1073 1074 1075 1076 1077 1078 1079]] [72 [1080 1081 1082 1083 1084 1085 1086 1087 1088 1089 1090 1091 1092 1093 1094]] [73 [1095 1096 1097 1098 1099 1100 1101 1102 1103 1104 1105 1106 1107 1108 1109]] [74 [1110 1111 1112 1113 1114 1115 1116 1117 1118 1119 1120 1121 1122 1123 1124]] [75 [1125 1126 1127 1128 1129 1130 1131 1132 1133 1134 1135 1136 1137 1138 1139]] [76 [1140 1141 1142 1143 1144 1145 1146 1147 1148 1149 1150 1151 1152 1153 1154]] [77 [1155 1156 1157 1158 1159 1160 1161 1162 1163 1164 1165 1166 1167 1168 1169]] [78 [1170 1171 1172 1173 1174 1175 1176 1177 1178 1179 1180 1181 1182 1183 1184]] [79 [1185 1186 1187 1188 1189 1190 1191 1192 1193 1194 1195 1196 1197 1198 1199]] [80 [1200 1201 1202 1203 1204 1205 1206 1207 1208 1209 1210 1211 1212 1213 1214]] [81 [1215 1216 1217 1218 1219 1220 1221 1222 1223 1224 1225 1226 1227 1228 1229]] [82 [1230 1231 1232 1233 1234 1235 1236 1237 1238 1239 1240 1241 1242 1243 1244]] [83 [1245 1246 1247 1248 1249 1250 1251 1252 1253 1254 1255 1256 1257 1258 1259]] [84 [1260 1261 1262 1263 1264 1265 1266 1267 1268 1269 1270 1271 1272 1273 1274]] [85 [1275 1276 1277 1278 1279 1280 1281 1282 1283 1284 1285 1286 1287 1288 1289]] [86 [1290 1291 1292 1293 1294 1295 1296 1297 1298 1299 1300 1301 1302 1303 1304]] [87 [1305 1306 1307 1308 1309 1310 1311 1312 1313 1314 1315 1316 1317 1318 1319]] [88 [1320 1321 1322 1323 1324 1325 1326 1327 1328 1329 1330 1331 1332 1333 1334]] [89 [1335 1336 1337 1338 1339 1340 1341 1342 1343 1344 1345 1346 1347 1348 1349]] [90 [1350 1351 1352 1353 1354 1355 1356 1357 1358 1359 1360 1361 1362 1363 1364]] [91 [1365 1366 1367 1368 1369 1370 1371 1372 1373 1374 1375 1376 1377 1378 1379]] [92 [1380 1381 1382 1383 1384 1385 1386 1387 1388 1389 1390 1391 1392 1393 1394]] [93 [1395 1396 1397 1398 1399 1400 1401 1402 1403 1404 1405 1406 1407 1408 1409]] [94 [1410 1411 1412 1413 1414 1415 1416 1417 1418 1419 1420 1421 1422 1423 1424]] [95 [1425 1426 1427 1428 1429 1430 1431 1432 1433 1434 1435 1436 1437 1438 1439]] [96 [1440 1441 1442 1443 1444 1445 1446 1447 1448 1449 1450 1451 1452 1453 1454]] [97 [1455 1456 1457 1458 1459 1460 1461 1462 1463 1464 1465 1466 1467 1468 1469]] [98 [1470 1471 1472 1473 1474 1475 1476 1477 1478 1479 1480 1481 1482 1483 1484]] [99 [1485 1486 1487 1488 1489 1490 1491 1492 1493 1494 1495 1496 1497 1498 1499]]]","[[0 [0 1 2 3 4 5 6 7 8 9 10 11 12 13 14]] [1 [15 16 17 18 19 20 21 22 23 24 25 26 27 28 29]] [2 [30 31 32 33 34 35 36 37 38 39 40 41 42 43 44]] [3 [45 46 47 48 49 50 51 52 53 54 55 56 57 58 59]] [4 [60 61 62 63 64 65 66 67 68 69 70 71 72 73 74]] [5 [75 76 77 78 79 80 81 82 83 84 85 86 87 88 89]] [6 [90 91 92 93 94 95 96 97 98 99 100 101 102 103 104]] [7 [105 106 107 108 109 110 111 112 113 114 115 116 117 118 119]] [8 [120 121 122 123 124 125 126 127 128 129 130 131 132 133 134]] [9 [135 136 137 138 139 140 141 142 143 144 145 146 147 148 149]] [10 [150 151 152 153 154 155 156 157 158 159 160 161 162 163 164]] [11 [165 166 167 168 169 170 171 172 173 174 175 176 177 178 179]] [12 [180 181 182 183 184 185 186 187 188 189 190 191 192 193 194]] [13 [195 196 197 198 199 200 201 202 203 204 205 206 207 208 209]] [14 [210 211 212 213 214 215 216 217 218 219 220 221 222 223 224]] [15 [225 226 227 228 229 230 231 232 233 234 235 236 237 238 239]] [16 [240 241 242 243 244 245 246 247 248 249 250 251 252 253 254]] [17 [255 256 257 258 259 260 261 262 263 264 265 266 267 268 269]] [18 [270 271 272 273 274 275 276 277 278 279 280 281 282 283 284]] [19 [285 286 287 288 289 290 291 292 293 294 295 296 297 298 299]] [20 [300 301 302 303 304 305 306 307 308 309 310 311 312 313 314]] [21 [315 316 317 318 319 320 321 322 323 324 325 326 327 328 329]] [22 [330 331 332 333 334 335 336 337 338 339 340 341 342 343 344]] [23 [345 346 347 348 349 350 351 352 353 354 355 356 357 358 359]] [24 [360 361 362 363 364 365 366 367 368 369 370 371 372 373 374]] [25 [375 376 377 378 379 380 381 382 383 384 385 386 387 388 389]] [26 [390 391 392 393 394 395 396 397 398 399 400 401 402 403 404]] [27 [405 406 407 408 409 410 411 412 413 414 415 416 417 418 419]] [28 [420 421 422 423 424 425 426 427 428 429 430 431 432 433 434]] [29 [435 436 437 438 439 440 441 442 443 444 445 446 447 448 449]] [30 [450 451 452 453 454 455 456 457 458 459 460 461 462 463 464]] [31 [465 466 467 468 469 470 471 472 473 474 475 476 477 478 479]] [32 [480 481 482 483 484 485 486 487 488 489 490 491 492 493 494]] [33 [495 496 497 498 499 500 501 502 503 504 505 506 507 508 509]] [34 [510 511 512 513 514 515 516 517 518 519 520 521 522 523 524]] [35 [525 526 527 528 529 530 531 532 533 534 535 536 537 538 539]] [36 [540 541 542 543 544 545 546 547 548 549 550 551 552 553 554]] [37 [555 556 557 558 559 560 561 562 563 564 565 566 567 568 569]] [38 [570 571 572 573 574 575 576 577 578 579 580 581 582 583 584]] [39 [585 586 587 588 589 590 591 592 593 594 595 596 597 598 599]] [40 [600 601 602 603 604 605 606 607 608 609 610 611 612 613 614]] [41 [615 616 617 618 619 620 621 622 623 624 625 626 627 628 629]] [42 [630 631 632 633 634 635 636 637 638 639 640 641 642 643 644]] [43 [645 646 647 648 649 650 651 652 653 654 655 656 657 658 659]] [44 [660 661 662 663 664 665 666 667 668 669 670 671 672 673 674]] [45 [675 676 677 678 679 680 681 682 683 684 685 686 687 688 689]] [46 [690 691 692 693 694 695 696 697 698 699 700 701 702 703 704]] [47 [705 706 707 708 709 710 711 712 713 714 715 716 717 718 719]] [48 [720 721 722 723 724 725 726 727 728 729 730 731 732 733 734]] [49 [735 736 737 738 739 740 741 742 743 744 745 746 747 748 749]] [50 [750 751 752 753 754 755 756 757 758 759 760 761 762 763 764]] [51 [765 766 767 768 769 770 771 772 773 774 775 776 777 778 779]] [52 [780 781 782 783 784 785 786 787 788 789 790 791 792 793 794]] [53 [795 796 797 798 799 800 801 802 803 804 805 806 807 808 809]] [54 [810 811 812 813 814 815 816 817 818 819 820 821 822 823 824]] [55 [825 826 827 828 829 830 831 832 833 834 835 836 837 838 839]] [56 [840 841 842 843 844 845 846 847 848 849 850 851 852 853 854]] [57 [855 856 857 858 859 860 861 862 863 864 865 866 867 868 869]] [58 [870 871 872 873 874 875 876 877 878 879 880 881 882 883 884]] [59 [885 886 887 888 889 890 891 892 893 894 895 896 897 898 899]] [60 [900 901 902 903 904 905 906 907 908 909 910 911 912 913 914]] [61 [915 916 917 918 919 920 921 922 923 924 925 926 927 928 929]] [62 [930 931 932 933 934 935 936 937 938 939 940 941 942 943 944]] [63 [945 946 947 948 949 950 951 952 953 954 955 956 957 958 959]] [64 [960 961 962 963 964 965 966 967 968 969 970 971 972 973 974]] [65 [975 976 977 978 979 980 981 982 983 984 985 986 987 988 989]] [66 [990 991 992 993 994 995 996 997 998 999 1000 1001 1002 1003 1004]] [67 [1005 1006 1007 1008 1009 1010 1011 1012 1013 1014 1015 1016 1017 1018 1019]] [68 [1020 1021 1022 1023 1024 1025 1026 1027 1028 1029 1030 1031 1032 1033 1034]] [69 [1035 1036 1037 1038 1039 1040 1041 1042 1043 1044 1045 1046 1047 1048 1049]] [70 [1050 1051 1052 1053 1054 1055 1056 1057 1058 1059 1060 1061 1062 1063 1064]] [71 [1065 1066 1067 1068 1069 1070 1071 1072 1073 1074 1075 1076 1077 1078 1079]] [72 [1080 1081 1082 1083 1084 1085 1086 1087 1088 1089 1090 1091 1092 1093 1094]] [73 [1095 1096 1097 1098 1099 1100 1101 1102 1103 1104 1105 1106 1107 1108 1109]] [74 [1110 1111 1112 1113 1114 1115 1116 1117 1118 1119 1120 1121 1122 1123 1124]] [75 [1125 1126 1127 1128 1129 1130 1131 1132 1133 1134 1135 1136 1137 1138 1139]] [76 [1140 1141 1142 1143 1144 1145 1146 1147 1148 1149 1150 1151 1152 1153 1154]] [77 [1155 1156 1157 1158 1159 1160 1161 1162 1163 1164 1165 1166 1167 1168 1169]] [78 [1170 1171 1172 1173 1174 1175 1176 1177 1178 1179 1180 1181 1182 1183 1184]] [79 [1185 1186 1187 1188 1189 1190 1191 1192 1193 1194 1195 1196 1197 1198 1199]] [80 [1200 1201 1202 1203 1204 1205 1206 1207 1208 1209 1210 1211 1212 1213 1214]] [81 [1215 1216 1217 1218 1219 1220 1221 1222 1223 1224 1225 1226 1227 1228 1229]] [82 [1230 1231 1232 1233 1234 1235 1236 1237 1238 1239 1240 1241 1242 1243 1244]] [83 [1245 1246 1247 1248 1249 1250 1251 1252 1253 1254 1255 1256 1257 1258 1259]] [84 [1260 1261 1262 1263 1264 1265 1266 1267 1268 1269 1270 1271 1272 1273 1274]] [85 [1275 1276 1277 1278 1279 1280 1281 1282 1283 1284 1285 1286 1287 1288 1289]] [86 [1290 1291 1292 1293 1294 1295 1296 1297 1298 1299 1300 1301 1302 1303 1304]] [87 [1305 1306 1307 1308 1309 1310 1311 1312 1313 1314 1315 1316 1317 1318 1319]] [88 [1320 1321 1322 1323 1324 1325 1326 1327 1328 1329 1330 1331 1332 1333 1334]] [89 [1335 1336 1337 1338 1339 1340 1341 1342 1343 1344 1345 1346 1347 1348 1349]] [90 [1350 1351 1352 1353 1354 1355 1356 1357 1358 1359 1360 1361 1362 1363 1364]] [91 [1365 1366 1367 1368 1369 1370 1371 1372 1373 1374 1375 1376 1377 1378 1379]] [92 [1380 1381 1382 1383 1384 1385 1386 1387 1388 1389 1390 1391 1392 1393 1394]] [93 [1395 1396 1397 1398 1399 1400 1401 1402 1403 1404 1405 1406 1407 1408 1409]] [94 [1410 1411 1412 1413 1414 1415 1416 1417 1418 1419 1420 1421 1422 1423 1424]] [95 [1425 1426 1427 1428 1429 1430 1431 1432 1433 1434 1435 1436 1437 1438 1439]] [96 [1440 1441 1442 1443 1444 1445 1446 1447 1448 1449 1450 1451 1452 1453 1454]] [97 [1455 1456 1457 1458 1459 1460 1461 1462 1463 1464 1465 1466 1467 1468 1469]] [98 [1470 1471 1472 1473 1474 1475 1476 1477 1478 1479 1480 1481 1482 1483 1484]] [99 [1485 1486 1487 1488 1489 1490 1491 1492 1493 1494 1495 1496 1497 1498 1499]]]",,"[[{citizen 29} [[""A"" [4 4 4 4 4 4 4 4 4 4]]]] [{citizen 34} [[""A"" [4 4 4 4 4 4 4 4 4 4]]]] [{citizen 46} [[""A"" [4 4 4 4 4 4 4 4 4 4]]]] [{media 50} [[""A"" [4 4 4 4 4 4 4 4 4 4]]]] [{media 51} [[""A"" [4 4 4 4 4 4 4 4 4 4]]]] [{media 52} [[""A"" [4 4 4 4 4 4 4 4 4 4]]]] [{media 53} [[""A"" [4 4 4 4 4 4 4 4 4 4]]]] [{media 54} [[""A"" [4 4 4 4 4 4 4 4 4 4]]]] [{media 55} [[""A"" [4 4 4 4 4 4 4 4 4 4]]]] [{media 56} [[""A"" [4 4 4 4 4 4 4 4 4 4]]]] [{media 57} [[""A"" [4 4 4 4 4 4 4 4 4 4]]]] [{media 58} [[""A"" [4 4 4 4 4 4 4 4 4 4]]]] [{media 62} [[""A"" [4 4 4 4 4 4 4 4 4 4]]]] [{media 63} [[""A"" [4 4 4 4 4 4 4 4 4 4]]]] [{citizen 6} [[""A"" [4 4 4 4 4 4 4 4 4 4]]]] [{citizen 20} [[""A"" [4 4 4 4 4 4 4 4 4 4]]]] [{citizen 1} [[""A"" [4 4 4 4 4 4 4 4 4 4]]]] [{media 59} [[""A"" [4 4 4 4 4 4 4 4 4 4]]]] [{citizen 2} [[""A"" [4 4 4 4 4 4 4 4 4 4]]]] [{citizen 5} [[""A"" [4 4 4 4 4 4 4 4 4 4]]]] [{citizen 8} [[""A"" [4 4 4 4 4 4 4 4 4 4]]]] [{citizen 14} [[""A"" [4 4 4 4 4 4 4 4 4 4]]]] [{media 60} [[""A"" [4 4 4 4 4 4 4 4 4 4]]]] [{citizen 15} [[""A"" [4 4 4 4 4 4 4 4 4 4]]]] [{citizen 16} [[""A"" [4 4 4 4 4 4 4 4 4 4]]]] [{media 64} [[""A"" [4 4 4 4 4 4 4 4 4 4]]]] [{citizen 9} [[""A"" [4 4 4 4 4 4 4 4 4 4]]]] [{citizen 0} [[""A"" [4 4 4 4 4 4 4 4 4 4]]]] [{media 61} [[""A"" [4 4 4 4 4 4 4 4 4 4]]]] [{citizen 49} [[""A"" [4 4 4 4 4 4 4 4 4 4]]]] [{citizen 17} [[""A"" [4 4 4 4 4 4 4 4 4 4]]]] [{citizen 27} [[""A"" [4 4 4 4 4 4 4 4 4 4]]]] [{citizen 45} [[""A"" [4 4 4 4 4 4 4 4 4 4]]]] [{citizen 7} [[""A"" [4 4 4 4 4 4 4 4 4 4]]]] [{citizen 40} [[""A"" [4 4 4 4 4 4 4 4 4 4]]]] [{citizen 35} [[""A"" [4 4 4 4 4 4 4 4 4 4]]]] [{citizen 23} [[""A"" [4 4 4 4 4 4 4 4 4 4]]]] [{citizen 24} [[""A"" [4 4 4 4 4 4 4 4 4 4]]]] [{citizen 44} [[""A"" [4 4 4 4 4 4 4 4 4 4]]]] [{citizen 32} [[""A"" [4 4 4 4 4 4 4 4 4 4]]]] [{citizen 39} [[""A"" [4 4 4 4 4 4 4 4 4 4]]]] [{citizen 31} [[""A"" [4 4 4 4 4 4 4 4 4 4]]]] [{citizen 36} [[""A"" [4 4 4 4 4 4 4 4 4 4]]]] [{citizen 4} [[""A"" [4 4 4 4 4 4 4 4 4 4]]]] [{citizen 28} [[""A"" [4 4 4 4 4 4 4 4 4 4]]]] [{citizen 21} [[""A"" [4 4 4 4 4 4 4 4 4 4]]]] [{citizen 11} [[""A"" [4 4 4 4 4 4 4 4 4 4]]]] [{citizen 19} [[""A"" [4 4 4 4 4 4 4 4 4 4]]]] [{citizen 42} [[""A"" [4 4 4 4 4 4 4 4 4 4]]]] [{citizen 37} [[""A"" [4 4 4 4 4 4 4 4 4 4]]]] [{citizen 30} [[""A"" [4 4 4 4 4 4 4 4 4 4]]]] [{citizen 13} [[""A"" [4 4 4 4 4 4 4 4 4 4]]]] [{citizen 41} [[""A"" [4 4 4 4 4 4 4 4 4 4]]]] [{citizen 12} [[""A"" [4 4 4 4 4 4 4 4 4 4]]]] [{citizen 10} [[""A"" [4 4 4 4 4 4 4 4 4 4]]]] [{citizen 43} [[""A"" [4 4 4 4 4 4 4 4 4 4]]]] [{citizen 22} [[""A"" [4 4 4 4 4 4 4 4 4 4]]]] [{citizen 48} [[""A"" [4 4 4 4 4 4 4 4 4 4]]]] [{citizen 38} [[""A"" [4 4 4 4 4 4 4 4 4 4]]]] [{citizen 47} [[""A"" [4 4 4 4 4 4 4 4 4 4]]]] [{citizen 3} [[""A"" [4 4 4 4 4 4 4 4 4 4]]]]]"
"27","[85 0 170]","294.89361702127667","-4.662982555018316","2.3243063974656044","""circle""","""""","9.9","{breed citizens}","false","0.5","1","""up""",,"[[""ID"" 3] [""alpha"" 1] [""beta"" 1] [""malleable"" [""A""]] [""prior"" []] [""cont_tokens"" []] [""A"" 4]]","[[0 [0 1 2 3 4 5 6 7 8 9 10 11 12 13 14]] [1 [15 16 17 18 19 20 21 22 23 24 25 26 27 28 29]] [2 [30 31 32 33 34 35 36 37 38 39 40 41 42 43 44]] [3 [45 46 47 48 49 50 51 52 53 54 55 56 57 58 59]] [4 [60 61 62 63 64 65 66 67 68 69 70 71 72 73 74]] [5 [75 76 77 78 79 80 81 82 83 84 85 86 87 88 89]] [6 [90 91 92 93 94 95 96 97 98 99 100 101 102 103 104]] [7 [105 106 107 108 109 110 111 112 113 114 115 116 117 118 119]] [8 [120 121 122 123 124 125 126 127 128 129 130 131 132 133 134]] [9 [135 136 137 138 139 140 141 142 143 144 145 146 147 148 149]] [10 [150 151 152 153 154 155 156 157 158 159 160 161 162 163 164]] [11 [165 166 167 168 169 170 171 172 173 174 175 176 177 178 179]] [12 [180 181 182 183 184 185 186 187 188 189 190 191 192 193 194]] [13 [195 196 197 198 199 200 201 202 203 204 205 206 207 208 209]] [14 [210 211 212 213 214 215 216 217 218 219 220 221 222 223 224]] [15 [225 226 227 228 229 230 231 232 233 234 235 236 237 238 239]] [16 [240 241 242 243 244 245 246 247 248 249 250 251 252 253 254]] [17 [255 256 257 258 259 260 261 262 263 264 265 266 267 268 269]] [18 [270 271 272 273 274 275 276 277 278 279 280 281 282 283 284]] [19 [285 286 287 288 289 290 291 292 293 294 295 296 297 298 299]] [20 [300 301 302 303 304 305 306 307 308 309 310 311 312 313 314]] [21 [315 316 317 318 319 320 321 322 323 324 325 326 327 328 329]] [22 [330 331 332 333 334 335 336 337 338 339 340 341 342 343 344]] [23 [345 346 347 348 349 350 351 352 353 354 355 356 357 358 359]] [24 [360 361 362 363 364 365 366 367 368 369 370 371 372 373 374]] [25 [375 376 377 378 379 380 381 382 383 384 385 386 387 388 389]] [26 [390 391 392 393 394 395 396 397 398 399 400 401 402 403 404]] [27 [405 406 407 408 409 410 411 412 413 414 415 416 417 418 419]] [28 [420 421 422 423 424 425 426 427 428 429 430 431 432 433 434]] [29 [435 436 437 438 439 440 441 442 443 444 445 446 447 448 449]] [30 [450 451 452 453 454 455 456 457 458 459 460 461 462 463 464]] [31 [465 466 467 468 469 470 471 472 473 474 475 476 477 478 479]] [32 [480 481 482 483 484 485 486 487 488 489 490 491 492 493 494]] [33 [495 496 497 498 499 500 501 502 503 504 505 506 507 508 509]] [34 [510 511 512 513 514 515 516 517 518 519 520 521 522 523 524]] [35 [525 526 527 528 529 530 531 532 533 534 535 536 537 538 539]] [36 [540 541 542 543 544 545 546 547 548 549 550 551 552 553 554]] [37 [555 556 557 558 559 560 561 562 563 564 565 566 567 568 569]] [38 [570 571 572 573 574 575 576 577 578 579 580 581 582 583 584]] [39 [585 586 587 588 589 590 591 592 593 594 595 596 597 598 599]] [40 [600 601 602 603 604 605 606 607 608 609 610 611 612 613 614]] [41 [615 616 617 618 619 620 621 622 623 624 625 626 627 628 629]] [42 [630 631 632 633 634 635 636 637 638 639 640 641 642 643 644]] [43 [645 646 647 648 649 650 651 652 653 654 655 656 657 658 659]] [44 [660 661 662 663 664 665 666 667 668 669 670 671 672 673 674]] [45 [675 676 677 678 679 680 681 682 683 684 685 686 687 688 689]] [46 [690 691 692 693 694 695 696 697 698 699 700 701 702 703 704]] [47 [705 706 707 708 709 710 711 712 713 714 715 716 717 718 719]] [48 [720 721 722 723 724 725 726 727 728 729 730 731 732 733 734]] [49 [735 736 737 738 739 740 741 742 743 744 745 746 747 748 749]] [50 [750 751 752 753 754 755 756 757 758 759 760 761 762 763 764]] [51 [765 766 767 768 769 770 771 772 773 774 775 776 777 778 779]] [52 [780 781 782 783 784 785 786 787 788 789 790 791 792 793 794]] [53 [795 796 797 798 799 800 801 802 803 804 805 806 807 808 809]] [54 [810 811 812 813 814 815 816 817 818 819 820 821 822 823 824]] [55 [825 826 827 828 829 830 831 832 833 834 835 836 837 838 839]] [56 [840 841 842 843 844 845 846 847 848 849 850 851 852 853 854]] [57 [855 856 857 858 859 860 861 862 863 864 865 866 867 868 869]] [58 [870 871 872 873 874 875 876 877 878 879 880 881 882 883 884]] [59 [885 886 887 888 889 890 891 892 893 894 895 896 897 898 899]] [60 [900 901 902 903 904 905 906 907 908 909 910 911 912 913 914]] [61 [915 916 917 918 919 920 921 922 923 924 925 926 927 928 929]] [62 [930 931 932 933 934 935 936 937 938 939 940 941 942 943 944]] [63 [945 946 947 948 949 950 951 952 953 954 955 956 957 958 959]] [64 [960 961 962 963 964 965 966 967 968 969 970 971 972 973 974]] [65 [975 976 977 978 979 980 981 982 983 984 985 986 987 988 989]] [66 [990 991 992 993 994 995 996 997 998 999 1000 1001 1002 1003 1004]] [67 [1005 1006 1007 1008 1009 1010 1011 1012 1013 1014 1015 1016 1017 1018 1019]] [68 [1020 1021 1022 1023 1024 1025 1026 1027 1028 1029 1030 1031 1032 1033 1034]] [69 [1035 1036 1037 1038 1039 1040 1041 1042 1043 1044 1045 1046 1047 1048 1049]] [70 [1050 1051 1052 1053 1054 1055 1056 1057 1058 1059 1060 1061 1062 1063 1064]] [71 [1065 1066 1067 1068 1069 1070 1071 1072 1073 1074 1075 1076 1077 1078 1079]] [72 [1080 1081 1082 1083 1084 1085 1086 1087 1088 1089 1090 1091 1092 1093 1094]] [73 [1095 1096 1097 1098 1099 1100 1101 1102 1103 1104 1105 1106 1107 1108 1109]] [74 [1110 1111 1112 1113 1114 1115 1116 1117 1118 1119 1120 1121 1122 1123 1124]] [75 [1125 1126 1127 1128 1129 1130 1131 1132 1133 1134 1135 1136 1137 1138 1139]] [76 [1140 1141 1142 1143 1144 1145 1146 1147 1148 1149 1150 1151 1152 1153 1154]] [77 [1155 1156 1157 1158 1159 1160 1161 1162 1163 1164 1165 1166 1167 1168 1169]] [78 [1170 1171 1172 1173 1174 1175 1176 1177 1178 1179 1180 1181 1182 1183 1184]] [79 [1185 1186 1187 1188 1189 1190 1191 1192 1193 1194 1195 1196 1197 1198 1199]] [80 [1200 1201 1202 1203 1204 1205 1206 1207 1208 1209 1210 1211 1212 1213 1214]] [81 [1215 1216 1217 1218 1219 1220 1221 1222 1223 1224 1225 1226 1227 1228 1229]] [82 [1230 1231 1232 1233 1234 1235 1236 1237 1238 1239 1240 1241 1242 1243 1244]] [83 [1245 1246 1247 1248 1249 1250 1251 1252 1253 1254 1255 1256 1257 1258 1259]] [84 [1260 1261 1262 1263 1264 1265 1266 1267 1268 1269 1270 1271 1272 1273 1274]] [85 [1275 1276 1277 1278 1279 1280 1281 1282 1283 1284 1285 1286 1287 1288 1289]] [86 [1290 1291 1292 1293 1294 1295 1296 1297 1298 1299 1300 1301 1302 1303 1304]] [87 [1305 1306 1307 1308 1309 1310 1311 1312 1313 1314 1315 1316 1317 1318 1319]] [88 [1320 1321 1322 1323 1324 1325 1326 1327 1328 1329 1330 1331 1332 1333 1334]] [89 [1335 1336 1337 1338 1339 1340 1341 1342 1343 1344 1345 1346 1347 1348 1349]] [90 [1350 1351 1352 1353 1354 1355 1356 1357 1358 1359 1360 1361 1362 1363 1364]] [91 [1365 1366 1367 1368 1369 1370 1371 1372 1373 1374 1375 1376 1377 1378 1379]] [92 [1380 1381 1382 1383 1384 1385 1386 1387 1388 1389 1390 1391 1392 1393 1394]] [93 [1395 1396 1397 1398 1399 1400 1401 1402 1403 1404 1405 1406 1407 1408 1409]] [94 [1410 1411 1412 1413 1414 1415 1416 1417 1418 1419 1420 1421 1422 1423 1424]] [95 [1425 1426 1427 1428 1429 1430 1431 1432 1433 1434 1435 1436 1437 1438 1439]] [96 [1440 1441 1442 1443 1444 1445 1446 1447 1448 1449 1450 1451 1452 1453 1454]] [97 [1455 1456 1457 1458 1459 1460 1461 1462 1463 1464 1465 1466 1467 1468 1469]] [98 [1470 1471 1472 1473 1474 1475 1476 1477 1478 1479 1480 1481 1482 1483 1484]] [99 [1485 1486 1487 1488 1489 1490 1491 1492 1493 1494 1495 1496 1497 1498 1499]]]","[[0 [1 2 3 4 5 6 7 8 9 10 11 12 13 14]] [1 [15 16 17 18 19 20 21 22 23 24 25 26 27 28 29]] [2 [30 31 32 33 34 35 36 37 38 39 40 41 42 43 44]] [3 [45 46 47 48 49 50 51 52 53 54 55 56 57 58 59]] [4 [60 61 62 63 64 65 66 67 68 69 70 71 72 73 74]] [5 [75 76 77 78 79 80 81 82 83 84 85 86 87 88 89]] [6 [90 91 92 93 94 95 96 97 98 99 100 101 102 103 104]] [7 [105 106 107 108 109 110 111 112 113 114 115 116 117 118 119]] [8 [120 121 122 123 124 125 126 127 128 129 130 131 132 133 134]] [9 [135 136 137 138 139 140 141 142 143 144 145 146 147 148 149]] [10 [150 151 152 153 154 155 156 157 158 159 160 161 162 163 164]] [11 [165 166 167 168 169 170 171 172 173 174 175 176 177 178 179]] [12 [180 181 182 183 184 185 186 187 188 189 190 191 192 193 194]] [13 [195 196 197 198 199 200 201 202 203 204 205 206 207 208 209]] [14 [210 211 212 213 214 215 216 217 218 219 220 221 222 223 224]] [15 [225 226 227 228 229 230 231 232 233 234 235 236 237 238 239]] [16 [240 241 242 243 244 245 246 247 248 249 250 251 252 253 254]] [17 [255 256 257 258 259 260 261 262 263 264 265 266 267 268 269]] [18 [270 271 272 273 274 275 276 277 278 279 280 281 282 283 284]] [19 [285 286 287 288 289 290 291 292 293 294 295 296 297 298 299]] [20 [300 301 302 303 304 305 306 307 308 309 310 311 312 313 314]] [21 [315 316 317 318 319 320 321 322 323 324 325 326 327 328 329]] [22 [330 331 332 333 334 335 336 337 338 339 340 341 342 343 344]] [23 [345 346 347 348 349 350 351 352 353 354 355 356 357 358 359]] [24 [360 361 362 363 364 365 366 367 368 369 370 371 372 373 374]] [25 [375 376 377 378 379 380 381 382 383 384 385 386 387 388 389]] [26 [390 391 392 393 394 395 396 397 398 399 400 401 402 403 404]] [27 [405 406 407 408 409 410 411 412 413 414 415 416 417 418 419]] [28 [420 421 422 423 424 425 426 427 428 429 430 431 432 433 434]] [29 [435 436 437 438 439 440 441 442 443 444 445 446 447 448 449]] [30 [450 451 452 453 454 455 456 457 458 459 460 461 462 463 464]] [31 [465 466 467 468 469 470 471 472 473 474 475 476 477 478 479]] [32 [480 481 482 483 484 485 486 487 488 489 490 491 492 493 494]] [33 [495 496 497 498 499 500 501 502 503 504 505 506 507 508 509]] [34 [510 511 512 513 514 515 516 517 518 519 520 521 522 523 524]] [35 [525 526 527 528 529 530 531 532 533 534 535 536 537 538 539]] [36 [540 541 542 543 544 545 546 547 548 549 550 551 552 553 554]] [37 [555 556 557 558 559 560 561 562 563 564 565 566 567 568 569]] [38 [570 571 572 573 574 575 576 577 578 579 580 581 582 583 584]] [39 [585 586 587 588 589 590 591 592 593 594 595 596 597 598 599]] [40 [600 601 602 603 604 605 606 607 608 609 610 611 612 613 614]] [41 [615 616 617 618 619 620 621 622 623 624 625 626 627 628 629]] [42 [630 631 632 633 634 635 636 637 638 639 640 641 642 643 644]] [43 [645 646 647 648 649 650 651 652 653 654 655 656 657 658 659]] [44 [660 661 662 663 664 665 666 667 668 669 670 671 672 673 674]] [45 [675 676 677 678 679 680 681 682 683 684 685 686 687 688 689]] [46 [690 691 692 693 694 695 696 697 698 699 700 701 702 703 704]] [47 [705 706 707 708 709 710 711 712 713 714 715 716 717 718 719]] [48 [720 721 722 723 724 725 726 727 728 729 730 731 732 733 734]] [49 [735 736 737 738 739 740 741 742 743 744 745 746 747 748 749]] [50 [750 751 752 753 754 755 756 757 758 759 760 761 762 763 764]] [51 [765 766 767 768 769 770 771 772 773 774 775 776 777 778 779]] [52 [780 781 782 783 784 785 786 787 788 789 790 791 792 793 794]] [53 [795 796 797 798 799 800 801 802 803 804 805 806 807 808 809]] [54 [810 811 812 813 814 815 816 817 818 819 820 821 822 823 824]] [55 [825 826 827 828 829 830 831 832 833 834 835 836 837 838 839]] [56 [840 841 842 843 844 845 846 847 848 849 850 851 852 853 854]] [57 [855 856 857 858 859 860 861 862 863 864 865 866 867 868 869]] [58 [870 871 872 873 874 875 876 877 878 879 880 881 882 883 884]] [59 [885 886 887 888 889 890 891 892 893 894 895 896 897 898 899]] [60 [900 901 902 903 904 905 906 907 908 909 910 911 912 913 914]] [61 [915 916 917 918 919 920 921 922 923 924 925 926 927 928 929]] [62 [930 931 932 933 934 935 936 937 938 939 940 941 942 943 944]] [63 [945 946 947 948 949 950 951 952 953 954 955 956 957 958 959]] [64 [960 961 962 963 964 965 966 967 968 969 970 971 972 973 974]] [65 [975 976 977 978 979 980 981 982 983 984 985 986 987 988 989]] [66 [990 991 992 993 994 995 996 997 998 999 1000 1001 1002 1003 1004]] [67 [1005 1006 1007 1008 1009 1010 1011 1012 1013 1014 1015 1016 1017 1018 1019]] [68 [1020 1021 1022 1023 1024 1025 1026 1027 1028 1029 1030 1031 1032 1033 1034]] [69 [1035 1036 1037 1038 1039 1040 1041 1042 1043 1044 1045 1046 1047 1048 1049]] [70 [1050 1051 1052 1053 1054 1055 1056 1057 1058 1059 1060 1061 1062 1063 1064]] [71 [1065 1066 1067 1068 1069 1070 1071 1072 1073 1074 1075 1076 1077 1078 1079]] [72 [1080 1081 1082 1083 1084 1085 1086 1087 1088 1089 1090 1091 1092 1093 1094]] [73 [1095 1096 1097 1098 1099 1100 1101 1102 1103 1104 1105 1106 1107 1108 1109]] [74 [1110 1111 1112 1113 1114 1115 1116 1117 1118 1119 1120 1121 1122 1123 1124]] [75 [1125 1126 1127 1128 1129 1130 1131 1132 1133 1134 1135 1136 1137 1138 1139]] [76 [1140 1141 1142 1143 1144 1145 1146 1147 1148 1149 1150 1151 1152 1153 1154]] [77 [1155 1156 1157 1158 1159 1160 1161 1162 1163 1164 1165 1166 1167 1168 1169]] [78 [1170 1171 1172 1173 1174 1175 1176 1177 1178 1179 1180 1181 1182 1183 1184]] [79 [1185 1186 1187 1188 1189 1190 1191 1192 1193 1194 1195 1196 1197 1198 1199]] [80 [1200 1201 1202 1203 1204 1205 1206 1207 1208 1209 1210 1211 1212 1213 1214]] [81 [1215 1216 1217 1218 1219 1220 1221 1222 1223 1224 1225 1226 1227 1228 1229]] [82 [1230 1231 1232 1233 1234 1235 1236 1237 1238 1239 1240 1241 1242 1243 1244]] [83 [1245 1246 1247 1248 1249 1250 1251 1252 1253 1254 1255 1256 1257 1258 1259]] [84 [1260 1261 1262 1263 1264 1265 1266 1267 1268 1269 1270 1271 1272 1273 1274]] [85 [1275 1276 1277 1278 1279 1280 1281 1282 1283 1284 1285 1286 1287 1288 1289]] [86 [1290 1291 1292 1293 1294 1295 1296 1297 1298 1299 1300 1301 1302 1303 1304]] [87 [1305 1306 1307 1308 1309 1310 1311 1312 1313 1314 1315 1316 1317 1318 1319]] [88 [1320 1321 1322 1323 1324 1325 1326 1327 1328 1329 1330 1331 1332 1333 1334]] [89 [1335 1336 1337 1338 1339 1340 1341 1342 1343 1344 1345 1346 1347 1348 1349]] [90 [1350 1351 1352 1353 1354 1355 1356 1357 1358 1359 1360 1361 1362 1363 1364]] [91 [1365 1366 1367 1368 1369 1370 1371 1372 1373 1374 1375 1376 1377 1378 1379]] [92 [1380 1381 1382 1383 1384 1385 1386 1387 1388 1389 1390 1391 1392 1393 1394]] [93 [1395 1396 1397 1398 1399 1400 1401 1402 1403 1404 1405 1406 1407 1408 1409]] [94 [1410 1411 1412 1413 1414 1415 1416 1417 1418 1419 1420 1421 1422 1423 1424]] [95 [1425 1426 1427 1428 1429 1430 1431 1432 1433 1434 1435 1436 1437 1438 1439]] [96 [1440 1441 1442 1443 1444 1445 1446 1447 1448 1449 1450 1451 1452 1453 1454]] [97 [1455 1456 1457 1458 1459 1460 1461 1462 1463 1464 1465 1466 1467 1468 1469]] [98 [1470 1471 1472 1473 1474 1475 1476 1477 1478 1479 1480 1481 1482 1483 1484]] [99 [1485 1486 1487 1488 1489 1490 1491 1492 1493 1494 1495 1496 1497 1498 1499]]]",,"[[{citizen 35} [[""A"" [4 4 4 4 4 4 4 4 4 4]]]] [{media 50} [[""A"" [4 4 4 4 4 4 4 4 4 4]]]] [{media 51} [[""A"" [4 4 4 4 4 4 4 4 4 4]]]] [{media 57} [[""A"" [4 4 4 4 4 4 4 4 4 4]]]] [{media 62} [[""A"" [4 4 4 4 4 4 4 4 4 4]]]] [{citizen 1} [[""A"" [4 4 4 4 4 4 4 4 4 4]]]] [{citizen 5} [[""A"" [4 4 4 4 4 4 4 4 4 4]]]] [{media 54} [[""A"" [4 4 4 4 4 4 4 4 4 4]]]] [{citizen 2} [[""A"" [4 4 4 4 4 4 4 4 4 4]]]] [{media 58} [[""A"" [4 4 4 4 4 4 4 4 4 4]]]] [{citizen 0} [[""A"" [4 4 4 4 4 4 4 4 4 4]]]] [{citizen 8} [[""A"" [4 4 4 4 4 4 4 4 4 4]]]] [{media 63} [[""A"" [4 4 4 4 4 4 4 4 4 4]]]] [{citizen 6} [[""A"" [4 4 4 4 4 4 4 4 4 4]]]] [{citizen 7} [[""A"" [4 4 4 4 4 4 4 4 4 4]]]] [{media 59} [[""A"" [4 4 4 4 4 4 4 4 4 4]]]] [{media 55} [[""A"" [4 4 4 4 4 4 4 4 4 4]]]] [{media 56} [[""A"" [4 4 4 4 4 4 4 4 4 4]]]] [{media 60} [[""A"" [4 4 4 4 4 4 4 4 4 4]]]] [{media 53} [[""A"" [4 4 4 4 4 4 4 4 4 4]]]] [{media 64} [[""A"" [4 4 4 4 4 4 4 4 4 4]]]] [{media 52} [[""A"" [4 4 4 4 4 4 4 4 4 4]]]] [{media 61} [[""A"" [4 4 4 4 4 4 4 4 4 4]]]] [{citizen 49} [[""A"" [4 4 4 4 4 4 4 4 4 4]]]] [{citizen 17} [[""A"" [4 4 4 4 4 4 4 4 4 4]]]] [{citizen 46} [[""A"" [4 4 4 4 4 4 4 4 4 4]]]] [{citizen 24} [[""A"" [4 4 4 4 4 4 4 4 4 4]]]] [{citizen 21} [[""A"" [4 4 4 4 4 4 4 4 4 4]]]] [{citizen 23} [[""A"" [4 4 4 4 4 4 4 4 4 4]]]] [{citizen 11} [[""A"" [4 4 4 4 4 4 4 4 4 4]]]] [{citizen 44} [[""A"" [4 4 4 4 4 4 4 4 4 4]]]] [{citizen 4} [[""A"" [4 4 4 4 4 4 4 4 4 4]]]] [{citizen 32} [[""A"" [4 4 4 4 4 4 4 4 4 4]]]] [{citizen 19} [[""A"" [4 4 4 4 4 4 4 4 4 4]]]] [{citizen 42} [[""A"" [4 4 4 4 4 4 4 4 4 4]]]] [{citizen 30} [[""A"" [4 4 4 4 4 4 4 4 4 4]]]] [{citizen 16} [[""A"" [4 4 4 4 4 4 4 4 4 4]]]] [{citizen 14} [[""A"" [4 4 4 4 4 4 4 4 4 4]]]] [{citizen 28} [[""A"" [4 4 4 4 4 4 4 4 4 4]]]] [{citizen 39} [[""A"" [4 4 4 4 4 4 4 4 4 4]]]] [{citizen 22} [[""A"" [4 4 4 4 4 4 4 4 4 4]]]] [{citizen 12} [[""A"" [4 4 4 4 4 4 4 4 4 4]]]] [{citizen 13} [[""A"" [4 4 4 4 4 4 4 4 4 4]]]] [{citizen 40} [[""A"" [4 4 4 4 4 4 4 4 4 4]]]] [{citizen 9} [[""A"" [4 4 4 4 4 4 4 4 4 4]]]] [{citizen 20} [[""A"" [4 4 4 4 4 4 4 4 4 4]]]] [{citizen 45} [[""A"" [4 4 4 4 4 4 4 4 4 4]]]] [{citizen 10} [[""A"" [4 4 4 4 4 4 4 4 4 4]]]] [{citizen 48} [[""A"" [4 4 4 4 4 4 4 4 4 4]]]] [{citizen 15} [[""A"" [4 4 4 4 4 4 4 4 4 4]]]] [{citizen 31} [[""A"" [4 4 4 4 4 4 4 4 4 4]]]] [{citizen 37} [[""A"" [4 4 4 4 4 4 4 4 4 4]]]] [{citizen 43} [[""A"" [4 4 4 4 4 4 4 4 4 4]]]] [{citizen 29} [[""A"" [4 4 4 4 4 4 4 4 4 4]]]] [{citizen 26} [[""A"" [4 4 4 4 4 4 4 4 4 4]]]] [{citizen 38} [[""A"" [4 4 4 4 4 4 4 4 4 4]]]] [{citizen 36} [[""A"" [4 4 4 4 4 4 4 4 4 4]]]] [{citizen 41} [[""A"" [4 4 4 4 4 4 4 4 4 4]]]] [{citizen 34} [[""A"" [4 4 4 4 4 4 4 4 4 4]]]] [{citizen 47} [[""A"" [4 4 4 4 4 4 4 4 4 4]]]] [{citizen 3} [[""A"" [4 4 4 4 4 4 4 4 4 4]]]]]"
"28","[85 0 170]","73.11411992263058","9.67668983026865","2.5613520478769","""circle""","""""","9.9","{breed citizens}","false","0.5","1","""up""",,"[[""ID"" 30] [""alpha"" 1] [""beta"" 1] [""malleable"" [""A""]] [""prior"" []] [""cont_tokens"" []] [""A"" 4]]","[[0 [0 1 2 3 4 5 6 7 8 9 10 11 12 13 14]] [1 [15 16 17 18 19 20 21 22 23 24 25 26 27 28 29]] [2 [30 31 32 33 34 35 36 37 38 39 40 41 42 43 44]] [3 [45 46 47 48 49 50 51 52 53 54 55 56 57 58 59]] [4 [60 61 62 63 64 65 66 67 68 69 70 71 72 73 74]] [5 [75 76 77 78 79 80 81 82 83 84 85 86 87 88 89]] [6 [90 91 92 93 94 95 96 97 98 99 100 101 102 103 104]] [7 [105 106 107 108 109 110 111 112 113 114 115 116 117 118 119]] [8 [120 121 122 123 124 125 126 127 128 129 130 131 132 133 134]] [9 [135 136 137 138 139 140 141 142 143 144 145 146 147 148 149]] [10 [150 151 152 153 154 155 156 157 158 159 160 161 162 163 164]] [11 [165 166 167 168 169 170 171 172 173 174 175 176 177 178 179]] [12 [180 181 182 183 184 185 186 187 188 189 190 191 192 193 194]] [13 [195 196 197 198 199 200 201 202 203 204 205 206 207 208 209]] [14 [210 211 212 213 214 215 216 217 218 219 220 221 222 223 224]] [15 [225 226 227 228 229 230 231 232 233 234 235 236 237 238 239]] [16 [240 241 242 243 244 245 246 247 248 249 250 251 252 253 254]] [17 [255 256 257 258 259 260 261 262 263 264 265 266 267 268 269]] [18 [270 271 272 273 274 275 276 277 278 279 280 281 282 283 284]] [19 [285 286 287 288 289 290 291 292 293 294 295 296 297 298 299]] [20 [300 301 302 303 304 305 306 307 308 309 310 311 312 313 314]] [21 [315 316 317 318 319 320 321 322 323 324 325 326 327 328 329]] [22 [330 331 332 333 334 335 336 337 338 339 340 341 342 343 344]] [23 [345 346 347 348 349 350 351 352 353 354 355 356 357 358 359]] [24 [360 361 362 363 364 365 366 367 368 369 370 371 372 373 374]] [25 [375 376 377 378 379 380 381 382 383 384 385 386 387 388 389]] [26 [390 391 392 393 394 395 396 397 398 399 400 401 402 403 404]] [27 [405 406 407 408 409 410 411 412 413 414 415 416 417 418 419]] [28 [420 421 422 423 424 425 426 427 428 429 430 431 432 433 434]] [29 [435 436 437 438 439 440 441 442 443 444 445 446 447 448 449]] [30 [450 451 452 453 454 455 456 457 458 459 460 461 462 463 464]] [31 [465 466 467 468 469 470 471 472 473 474 475 476 477 478 479]] [32 [480 481 482 483 484 485 486 487 488 489 490 491 492 493 494]] [33 [495 496 497 498 499 500 501 502 503 504 505 506 507 508 509]] [34 [510 511 512 513 514 515 516 517 518 519 520 521 522 523 524]] [35 [525 526 527 528 529 530 531 532 533 534 535 536 537 538 539]] [36 [540 541 542 543 544 545 546 547 548 549 550 551 552 553 554]] [37 [555 556 557 558 559 560 561 562 563 564 565 566 567 568 569]] [38 [570 571 572 573 574 575 576 577 578 579 580 581 582 583 584]] [39 [585 586 587 588 589 590 591 592 593 594 595 596 597 598 599]] [40 [600 601 602 603 604 605 606 607 608 609 610 611 612 613 614]] [41 [615 616 617 618 619 620 621 622 623 624 625 626 627 628 629]] [42 [630 631 632 633 634 635 636 637 638 639 640 641 642 643 644]] [43 [645 646 647 648 649 650 651 652 653 654 655 656 657 658 659]] [44 [660 661 662 663 664 665 666 667 668 669 670 671 672 673 674]] [45 [675 676 677 678 679 680 681 682 683 684 685 686 687 688 689]] [46 [690 691 692 693 694 695 696 697 698 699 700 701 702 703 704]] [47 [705 706 707 708 709 710 711 712 713 714 715 716 717 718 719]] [48 [720 721 722 723 724 725 726 727 728 729 730 731 732 733 734]] [49 [735 736 737 738 739 740 741 742 743 744 745 746 747 748 749]] [50 [750 751 752 753 754 755 756 757 758 759 760 761 762 763 764]] [51 [765 766 767 768 769 770 771 772 773 774 775 776 777 778 779]] [52 [780 781 782 783 784 785 786 787 788 789 790 791 792 793 794]] [53 [795 796 797 798 799 800 801 802 803 804 805 806 807 808 809]] [54 [810 811 812 813 814 815 816 817 818 819 820 821 822 823 824]] [55 [825 826 827 828 829 830 831 832 833 834 835 836 837 838 839]] [56 [840 841 842 843 844 845 846 847 848 849 850 851 852 853 854]] [57 [855 856 857 858 859 860 861 862 863 864 865 866 867 868 869]] [58 [870 871 872 873 874 875 876 877 878 879 880 881 882 883 884]] [59 [885 886 887 888 889 890 891 892 893 894 895 896 897 898 899]] [60 [900 901 902 903 904 905 906 907 908 909 910 911 912 913 914]] [61 [915 916 917 918 919 920 921 922 923 924 925 926 927 928 929]] [62 [930 931 932 933 934 935 936 937 938 939 940 941 942 943 944]] [63 [945 946 947 948 949 950 951 952 953 954 955 956 957 958 959]] [64 [960 961 962 963 964 965 966 967 968 969 970 971 972 973 974]] [65 [975 976 977 978 979 980 981 982 983 984 985 986 987 988 989]] [66 [990 991 992 993 994 995 996 997 998 999 1000 1001 1002 1003 1004]] [67 [1005 1006 1007 1008 1009 1010 1011 1012 1013 1014 1015 1016 1017 1018 1019]] [68 [1020 1021 1022 1023 1024 1025 1026 1027 1028 1029 1030 1031 1032 1033 1034]] [69 [1035 1036 1037 1038 1039 1040 1041 1042 1043 1044 1045 1046 1047 1048 1049]] [70 [1050 1051 1052 1053 1054 1055 1056 1057 1058 1059 1060 1061 1062 1063 1064]] [71 [1065 1066 1067 1068 1069 1070 1071 1072 1073 1074 1075 1076 1077 1078 1079]] [72 [1080 1081 1082 1083 1084 1085 1086 1087 1088 1089 1090 1091 1092 1093 1094]] [73 [1095 1096 1097 1098 1099 1100 1101 1102 1103 1104 1105 1106 1107 1108 1109]] [74 [1110 1111 1112 1113 1114 1115 1116 1117 1118 1119 1120 1121 1122 1123 1124]] [75 [1125 1126 1127 1128 1129 1130 1131 1132 1133 1134 1135 1136 1137 1138 1139]] [76 [1140 1141 1142 1143 1144 1145 1146 1147 1148 1149 1150 1151 1152 1153 1154]] [77 [1155 1156 1157 1158 1159 1160 1161 1162 1163 1164 1165 1166 1167 1168 1169]] [78 [1170 1171 1172 1173 1174 1175 1176 1177 1178 1179 1180 1181 1182 1183 1184]] [79 [1185 1186 1187 1188 1189 1190 1191 1192 1193 1194 1195 1196 1197 1198 1199]] [80 [1200 1201 1202 1203 1204 1205 1206 1207 1208 1209 1210 1211 1212 1213 1214]] [81 [1215 1216 1217 1218 1219 1220 1221 1222 1223 1224 1225 1226 1227 1228 1229]] [82 [1230 1231 1232 1233 1234 1235 1236 1237 1238 1239 1240 1241 1242 1243 1244]] [83 [1245 1246 1247 1248 1249 1250 1251 1252 1253 1254 1255 1256 1257 1258 1259]] [84 [1260 1261 1262 1263 1264 1265 1266 1267 1268 1269 1270 1271 1272 1273 1274]] [85 [1275 1276 1277 1278 1279 1280 1281 1282 1283 1284 1285 1286 1287 1288 1289]] [86 [1290 1291 1292 1293 1294 1295 1296 1297 1298 1299 1300 1301 1302 1303 1304]] [87 [1305 1306 1307 1308 1309 1310 1311 1312 1313 1314 1315 1316 1317 1318 1319]] [88 [1320 1321 1322 1323 1324 1325 1326 1327 1328 1329 1330 1331 1332 1333 1334]] [89 [1335 1336 1337 1338 1339 1340 1341 1342 1343 1344 1345 1346 1347 1348 1349]] [90 [1350 1351 1352 1353 1354 1355 1356 1357 1358 1359 1360 1361 1362 1363 1364]] [91 [1365 1366 1367 1368 1369 1370 1371 1372 1373 1374 1375 1376 1377 1378 1379]] [92 [1380 1381 1382 1383 1384 1385 1386 1387 1388 1389 1390 1391 1392 1393 1394]] [93 [1395 1396 1397 1398 1399 1400 1401 1402 1403 1404 1405 1406 1407 1408 1409]] [94 [1410 1411 1412 1413 1414 1415 1416 1417 1418 1419 1420 1421 1422 1423 1424]] [95 [1425 1426 1427 1428 1429 1430 1431 1432 1433 1434 1435 1436 1437 1438 1439]] [96 [1440 1441 1442 1443 1444 1445 1446 1447 1448 1449 1450 1451 1452 1453 1454]] [97 [1455 1456 1457 1458 1459 1460 1461 1462 1463 1464 1465 1466 1467 1468 1469]] [98 [1470 1471 1472 1473 1474 1475 1476 1477 1478 1479 1480 1481 1482 1483 1484]] [99 [1485 1486 1487 1488 1489 1490 1491 1492 1493 1494 1495 1496 1497 1498 1499]]]","[[0 [6 7 8 9 10 11 12 13 14]] [1 [15 16 17 18 19 20 21 22 23 24 25 26 27 28 29]] [2 [30 31 32 33 34 35 36 37 38 39 40 41 42 43 44]] [3 [45 46 47 48 49 50 51 52 53 54 55 56 57 58 59]] [4 [60 61 62 63 64 65 66 67 68 69 70 71 72 73 74]] [5 [75 76 77 78 79 80 81 82 83 84 85 86 87 88 89]] [6 [90 91 92 93 94 95 96 97 98 99 100 101 102 103 104]] [7 [105 106 107 108 109 110 111 112 113 114 115 116 117 118 119]] [8 [120 121 122 123 124 125 126 127 128 129 130 131 132 133 134]] [9 [135 136 137 138 139 140 141 142 143 144 145 146 147 148 149]] [10 [150 151 152 153 154 155 156 157 158 159 160 161 162 163 164]] [11 [165 166 167 168 169 170 171 172 173 174 175 176 177 178 179]] [12 [180 181 182 183 184 185 186 187 188 189 190 191 192 193 194]] [13 [195 196 197 198 199 200 201 202 203 204 205 206 207 208 209]] [14 [210 211 212 213 214 215 216 217 218 219 220 221 222 223 224]] [15 [225 226 227 228 229 230 231 232 233 234 235 236 237 238 239]] [16 [240 241 242 243 244 245 246 247 248 249 250 251 252 253 254]] [17 [255 256 257 258 259 260 261 262 263 264 265 266 267 268 269]] [18 [270 271 272 273 274 275 276 277 278 279 280 281 282 283 284]] [19 [285 286 287 288 289 290 291 292 293 294 295 296 297 298 299]] [20 [300 301 302 303 304 305 306 307 308 309 310 311 312 313 314]] [21 [315 316 317 318 319 320 321 322 323 324 325 326 327 328 329]] [22 [330 331 332 333 334 335 336 337 338 339 340 341 342 343 344]] [23 [345 346 347 348 349 350 351 352 353 354 355 356 357 358 359]] [24 [360 361 362 363 364 365 366 367 368 369 370 371 372 373 374]] [25 [375 376 377 378 379 380 381 382 383 384 385 386 387 388 389]] [26 [390 391 392 393 394 395 396 397 398 399 400 401 402 403 404]] [27 [405 406 407 408 409 410 411 412 413 414 415 416 417 418 419]] [28 [420 421 422 423 424 425 426 427 428 429 430 431 432 433 434]] [29 [435 436 437 438 439 440 441 442 443 444 445 446 447 448 449]] [30 [450 451 452 453 454 455 456 457 458 459 460 461 462 463 464]] [31 [465 466 467 468 469 470 471 472 473 474 475 476 477 478 479]] [32 [480 481 482 483 484 485 486 487 488 489 490 491 492 493 494]] [33 [495 496 497 498 499 500 501 502 503 504 505 506 507 508 509]] [34 [510 511 512 513 514 515 516 517 518 519 520 521 522 523 524]] [35 [525 526 527 528 529 530 531 532 533 534 535 536 537 538 539]] [36 [540 541 542 543 544 545 546 547 548 549 550 551 552 553 554]] [37 [555 556 557 558 559 560 561 562 563 564 565 566 567 568 569]] [38 [570 571 572 573 574 575 576 577 578 579 580 581 582 583 584]] [39 [585 586 587 588 589 590 591 592 593 594 595 596 597 598 599]] [40 [600 601 602 603 604 605 606 607 608 609 610 611 612 613 614]] [41 [615 616 617 618 619 620 621 622 623 624 625 626 627 628 629]] [42 [630 631 632 633 634 635 636 637 638 639 640 641 642 643 644]] [43 [645 646 647 648 649 650 651 652 653 654 655 656 657 658 659]] [44 [660 661 662 663 664 665 666 667 668 669 670 671 672 673 674]] [45 [675 676 677 678 679 680 681 682 683 684 685 686 687 688 689]] [46 [690 691 692 693 694 695 696 697 698 699 700 701 702 703 704]] [47 [705 706 707 708 709 710 711 712 713 714 715 716 717 718 719]] [48 [720 721 722 723 724 725 726 727 728 729 730 731 732 733 734]] [49 [735 736 737 738 739 740 741 742 743 744 745 746 747 748 749]] [50 [750 751 752 753 754 755 756 757 758 759 760 761 762 763 764]] [51 [765 766 767 768 769 770 771 772 773 774 775 776 777 778 779]] [52 [780 781 782 783 784 785 786 787 788 789 790 791 792 793 794]] [53 [795 796 797 798 799 800 801 802 803 804 805 806 807 808 809]] [54 [810 811 812 813 814 815 816 817 818 819 820 821 822 823 824]] [55 [825 826 827 828 829 830 831 832 833 834 835 836 837 838 839]] [56 [840 841 842 843 844 845 846 847 848 849 850 851 852 853 854]] [57 [855 856 857 858 860 861 862 863 864 865 866 867 868 869]] [58 [870 871 872 873 874 875 876 877 878 879 880 881 882 883 884]] [59 [885 886 887 888 889 890 891 892 893 894 895 896 897 898 899]] [60 [900 901 902 903 904 905 906 907 908 909 910 911 912 913 914]] [61 [915 916 917 918 919 920 921 922 923 924 925 926 927 928 929]] [62 [930 931 932 933 934 935 936 937 938 939 940 941 942 943 944]] [63 [945 946 947 948 949 950 951 952 953 954 955 956 957 958 959]] [64 [960 961 962 963 964 965 966 967 968 969 970 971 972 973 974]] [65 [975 976 977 978 979 980 981 982 983 984 985 986 987 988 989]] [66 [990 991 992 993 994 995 996 997 998 999 1000 1001 1002 1003 1004]] [67 [1005 1006 1007 1008 1009 1010 1011 1012 1013 1014 1015 1016 1017 1018 1019]] [68 [1020 1021 1022 1023 1024 1025 1026 1027 1028 1029 1030 1031 1032 1033 1034]] [69 [1035 1036 1037 1038 1039 1040 1041 1042 1043 1044 1045 1046 1047 1048 1049]] [70 [1050 1051 1052 1053 1054 1055 1056 1057 1058 1059 1060 1061 1062 1063 1064]] [71 [1065 1066 1067 1068 1069 1070 1071 1072 1073 1074 1075 1076 1077 1078 1079]] [72 [1080 1081 1082 1083 1084 1085 1086 1087 1088 1089 1090 1091 1092 1093 1094]] [73 [1095 1096 1097 1098 1099 1100 1101 1102 1103 1104 1105 1106 1107 1108 1109]] [74 [1110 1111 1112 1113 1114 1115 1116 1117 1118 1119 1120 1121 1122 1123 1124]] [75 [1125 1126 1127 1128 1129 1130 1131 1132 1133 1134 1135 1136 1137 1138 1139]] [76 [1140 1141 1142 1143 1144 1145 1146 1147 1148 1149 1150 1151 1152 1153 1154]] [77 [1155 1156 1157 1158 1159 1160 1161 1162 1163 1164 1165 1166 1167 1168 1169]] [78 [1170 1171 1172 1173 1174 1175 1176 1177 1178 1179 1180 1181 1182 1183 1184]] [79 [1185 1186 1187 1188 1189 1190 1191 1192 1193 1194 1195 1196 1197 1198 1199]] [80 [1200 1201 1202 1203 1204 1205 1206 1207 1208 1209 1210 1211 1212 1213 1214]] [81 [1215 1216 1217 1218 1219 1220 1221 1222 1223 1224 1225 1226 1227 1228 1229]] [82 [1230 1231 1232 1233 1234 1235 1236 1237 1238 1239 1240 1241 1242 1243 1244]] [83 [1245 1246 1247 1248 1249 1250 1251 1252 1253 1254 1255 1256 1257 1258 1259]] [84 [1260 1261 1262 1263 1264 1265 1266 1267 1268 1269 1270 1271 1272 1273 1274]] [85 [1275 1276 1277 1278 1279 1280 1281 1282 1283 1284 1285 1286 1287 1288 1289]] [86 [1290 1291 1292 1293 1294 1295 1296 1297 1298 1299 1300 1301 1302 1303 1304]] [87 [1305 1306 1307 1308 1309 1310 1311 1312 1313 1314 1315 1316 1317 1318 1319]] [88 [1320 1321 1322 1323 1324 1325 1326 1327 1328 1329 1330 1331 1332 1333 1334]] [89 [1335 1336 1337 1338 1339 1340 1341 1342 1343 1344 1345 1346 1347 1348 1349]] [90 [1350 1351 1352 1353 1354 1355 1356 1357 1358 1359 1360 1361 1362 1363 1364]] [91 [1365 1366 1367 1368 1369 1370 1371 1372 1373 1374 1375 1376 1377 1378 1379]] [92 [1380 1381 1382 1383 1384 1385 1386 1387 1388 1389 1390 1391 1392 1393 1394]] [93 [1395 1396 1397 1398 1399 1400 1401 1402 1403 1404 1405 1406 1407 1408 1409]] [94 [1410 1411 1412 1413 1414 1415 1416 1417 1418 1419 1420 1421 1422 1423 1424]] [95 [1425 1426 1427 1428 1429 1430 1431 1432 1433 1434 1435 1436 1437 1438 1439]] [96 [1440 1441 1442 1443 1444 1445 1446 1447 1448 1449 1450 1451 1452 1453 1454]] [97 [1455 1456 1457 1458 1459 1460 1461 1462 1463 1464 1465 1466 1467 1468 1469]] [98 [1470 1471 1472 1473 1474 1475 1476 1477 1478 1479 1480 1481 1482 1483 1484]] [99 [1485 1486 1487 1488 1489 1490 1491 1492 1493 1494 1495 1496 1497 1498 1499]]]",,"[[{media 50} [[""A"" [4 4 4 4 4 4 4 4 4 4]]]] [{media 51} [[""A"" [4 4 4 4 4 4 4 4 4 4]]]] [{media 52} [[""A"" [4 4 4 4 4 4 4 4 4 4]]]] [{media 53} [[""A"" [4 4 4 4 4 4 4 4 4 4]]]] [{media 54} [[""A"" [4 4 4 4 4 4 4 4 4 4]]]] [{media 55} [[""A"" [4 4 4 4 4 4 4 4 4 4]]]] [{media 56} [[""A"" [4 4 4 4 4 4 4 4 4 4]]]] [{media 57} [[""A"" [4 4 4 4 4 4 4 4 4 4]]]] [{media 58} [[""A"" [4 4 4 4 4 4 4 4 4 4]]]] [{media 59} [[""A"" [4 4 4 4 4 4 4 4 4 4]]]] [{media 60} [[""A"" [4 4 4 4 4 4 4 4 4 4]]]] [{media 61} [[""A"" [4 4 4 4 4 4 4 4 4 4]]]] [{media 62} [[""A"" [4 4 4 4 4 4 4 4 4 4]]]] [{media 63} [[""A"" [4 4 4 4 4 4 4 4 4 4]]]] [{media 64} [[""A"" [4 4 4 4 4 4 4 4 4 4]]]] [{citizen 16} [[""A"" [4 4 4 4 4 4 4 4 4 4]]]] [{citizen 1} [[""A"" [4 4 4 4 4 4 4 4 4 4]]]] [{citizen 5} [[""A"" [4 4 4 4 4 4 4 4 4 4]]]] [{citizen 15} [[""A"" [4 4 4 4 4 4 4 4 4 4]]]] [{citizen 9} [[""A"" [4 4 4 4 4 4 4 4 4 4]]]] [{citizen 14} [[""A"" [4 4 4 4 4 4 4 4 4 4]]]] [{citizen 6} [[""A"" [4 4 4 4 4 4 4 4 4 4]]]] [{citizen 7} [[""A"" [4 4 4 4 4 4 4 4 4 4]]]] [{citizen 8} [[""A"" [4 4 4 4 4 4 4 4 4 4]]]] [{citizen 2} [[""A"" [4 4 4 4 4 4 4 4 4 4]]]] [{citizen 4} [[""A"" [4 4 4 4 4 4 4 4 4 4]]]] [{citizen 0} [[""A"" [4 4 4 4 4 4 4 4 4 4]]]] [{citizen 49} [[""A"" [4 4 4 4 4 4 4 4 4 4]]]] [{citizen 17} [[""A"" [4 4 4 4 4 4 4 4 4 4]]]] [{citizen 46} [[""A"" [4 4 4 4 4 4 4 4 4 4]]]] [{citizen 27} [[""A"" [4 4 4 4 4 4 4 4 4 4]]]] [{citizen 45} [[""A"" [4 4 4 4 4 4 4 4 4 4]]]] [{citizen 40} [[""A"" [4 4 4 4 4 4 4 4 4 4]]]] [{citizen 35} [[""A"" [4 4 4 4 4 4 4 4 4 4]]]] [{citizen 23} [[""A"" [4 4 4 4 4 4 4 4 4 4]]]] [{citizen 24} [[""A"" [4 4 4 4 4 4 4 4 4 4]]]] [{citizen 44} [[""A"" [4 4 4 4 4 4 4 4 4 4]]]] [{citizen 32} [[""A"" [4 4 4 4 4 4 4 4 4 4]]]] [{citizen 39} [[""A"" [4 4 4 4 4 4 4 4 4 4]]]] [{citizen 20} [[""A"" [4 4 4 4 4 4 4 4 4 4]]]] [{citizen 31} [[""A"" [4 4 4 4 4 4 4 4 4 4]]]] [{citizen 36} [[""A"" [4 4 4 4 4 4 4 4 4 4]]]] [{citizen 21} [[""A"" [4 4 4 4 4 4 4 4 4 4]]]] [{citizen 11} [[""A"" [4 4 4 4 4 4 4 4 4 4]]]] [{citizen 19} [[""A"" [4 4 4 4 4 4 4 4 4 4]]]] [{citizen 42} [[""A"" [4 4 4 4 4 4 4 4 4 4]]]] [{citizen 37} [[""A"" [4 4 4 4 4 4 4 4 4 4]]]] [{citizen 30} [[""A"" [4 4 4 4 4 4 4 4 4 4]]]] [{citizen 13} [[""A"" [4 4 4 4 4 4 4 4 4 4]]]] [{citizen 41} [[""A"" [4 4 4 4 4 4 4 4 4 4]]]] [{citizen 12} [[""A"" [4 4 4 4 4 4 4 4 4 4]]]] [{citizen 10} [[""A"" [4 4 4 4 4 4 4 4 4 4]]]] [{citizen 43} [[""A"" [4 4 4 4 4 4 4 4 4 4]]]] [{citizen 48} [[""A"" [4 4 4 4 4 4 4 4 4 4]]]] [{citizen 22} [[""A"" [4 4 4 4 4 4 4 4 4 4]]]] [{citizen 26} [[""A"" [4 4 4 4 4 4 4 4 4 4]]]] [{citizen 29} [[""A"" [4 4 4 4 4 4 4 4 4 4]]]] [{citizen 38} [[""A"" [4 4 4 4 4 4 4 4 4 4]]]] [{citizen 34} [[""A"" [4 4 4 4 4 4 4 4 4 4]]]] [{citizen 47} [[""A"" [4 4 4 4 4 4 4 4 4 4]]]] [{citizen 3} [[""A"" [4 4 4 4 4 4 4 4 4 4]]]]]"
"29","[85 0 170]","13.926499032882013","3.6423011559322296","13.239079101076603","""circle""","""""","9.9","{breed citizens}","false","0.5","1","""up""",,"[[""ID"" 1] [""alpha"" 1] [""beta"" 1] [""malleable"" [""A""]] [""prior"" []] [""cont_tokens"" []] [""A"" 4]]","[[0 [0 1 2 3 4 5 6 7 8 9 10 11 12 13 14]] [1 [15 16 17 18 19 20 21 22 23 24 25 26 27 28 29]] [2 [30 31 32 33 34 35 36 37 38 39 40 41 42 43 44]] [3 [45 46 47 48 49 50 51 52 53 54 55 56 57 58 59]] [4 [60 61 62 63 64 65 66 67 68 69 70 71 72 73 74]] [5 [75 76 77 78 79 80 81 82 83 84 85 86 87 88 89]] [6 [90 91 92 93 94 95 96 97 98 99 100 101 102 103 104]] [7 [105 106 107 108 109 110 111 112 113 114 115 116 117 118 119]] [8 [120 121 122 123 124 125 126 127 128 129 130 131 132 133 134]] [9 [135 136 137 138 139 140 141 142 143 144 145 146 147 148 149]] [10 [150 151 152 153 154 155 156 157 158 159 160 161 162 163 164]] [11 [165 166 167 168 169 170 171 172 173 174 175 176 177 178 179]] [12 [180 181 182 183 184 185 186 187 188 189 190 191 192 193 194]] [13 [195 196 197 198 199 200 201 202 203 204 205 206 207 208 209]] [14 [210 211 212 213 214 215 216 217 218 219 220 221 222 223 224]] [15 [225 226 227 228 229 230 231 232 233 234 235 236 237 238 239]] [16 [240 241 242 243 244 245 246 247 248 249 250 251 252 253 254]] [17 [255 256 257 258 259 260 261 262 263 264 265 266 267 268 269]] [18 [270 271 272 273 274 275 276 277 278 279 280 281 282 283 284]] [19 [285 286 287 288 289 290 291 292 293 294 295 296 297 298 299]] [20 [300 301 302 303 304 305 306 307 308 309 310 311 312 313 314]] [21 [315 316 317 318 319 320 321 322 323 324 325 326 327 328 329]] [22 [330 331 332 333 334 335 336 337 338 339 340 341 342 343 344]] [23 [345 346 347 348 349 350 351 352 353 354 355 356 357 358 359]] [24 [360 361 362 363 364 365 366 367 368 369 370 371 372 373 374]] [25 [375 376 377 378 379 380 381 382 383 384 385 386 387 388 389]] [26 [390 391 392 393 394 395 396 397 398 399 400 401 402 403 404]] [27 [405 406 407 408 409 410 411 412 413 414 415 416 417 418 419]] [28 [420 421 422 423 424 425 426 427 428 429 430 431 432 433 434]] [29 [435 436 437 438 439 440 441 442 443 444 445 446 447 448 449]] [30 [450 451 452 453 454 455 456 457 458 459 460 461 462 463 464]] [31 [465 466 467 468 469 470 471 472 473 474 475 476 477 478 479]] [32 [480 481 482 483 484 485 486 487 488 489 490 491 492 493 494]] [33 [495 496 497 498 499 500 501 502 503 504 505 506 507 508 509]] [34 [510 511 512 513 514 515 516 517 518 519 520 521 522 523 524]] [35 [525 526 527 528 529 530 531 532 533 534 535 536 537 538 539]] [36 [540 541 542 543 544 545 546 547 548 549 550 551 552 553 554]] [37 [555 556 557 558 559 560 561 562 563 564 565 566 567 568 569]] [38 [570 571 572 573 574 575 576 577 578 579 580 581 582 583 584]] [39 [585 586 587 588 589 590 591 592 593 594 595 596 597 598 599]] [40 [600 601 602 603 604 605 606 607 608 609 610 611 612 613 614]] [41 [615 616 617 618 619 620 621 622 623 624 625 626 627 628 629]] [42 [630 631 632 633 634 635 636 637 638 639 640 641 642 643 644]] [43 [645 646 647 648 649 650 651 652 653 654 655 656 657 658 659]] [44 [660 661 662 663 664 665 666 667 668 669 670 671 672 673 674]] [45 [675 676 677 678 679 680 681 682 683 684 685 686 687 688 689]] [46 [690 691 692 693 694 695 696 697 698 699 700 701 702 703 704]] [47 [705 706 707 708 709 710 711 712 713 714 715 716 717 718 719]] [48 [720 721 722 723 724 725 726 727 728 729 730 731 732 733 734]] [49 [735 736 737 738 739 740 741 742 743 744 745 746 747 748 749]] [50 [750 751 752 753 754 755 756 757 758 759 760 761 762 763 764]] [51 [765 766 767 768 769 770 771 772 773 774 775 776 777 778 779]] [52 [780 781 782 783 784 785 786 787 788 789 790 791 792 793 794]] [53 [795 796 797 798 799 800 801 802 803 804 805 806 807 808 809]] [54 [810 811 812 813 814 815 816 817 818 819 820 821 822 823 824]] [55 [825 826 827 828 829 830 831 832 833 834 835 836 837 838 839]] [56 [840 841 842 843 844 845 846 847 848 849 850 851 852 853 854]] [57 [855 856 857 858 859 860 861 862 863 864 865 866 867 868 869]] [58 [870 871 872 873 874 875 876 877 878 879 880 881 882 883 884]] [59 [885 886 887 888 889 890 891 892 893 894 895 896 897 898 899]] [60 [900 901 902 903 904 905 906 907 908 909 910 911 912 913 914]] [61 [915 916 917 918 919 920 921 922 923 924 925 926 927 928 929]] [62 [930 931 932 933 934 935 936 937 938 939 940 941 942 943 944]] [63 [945 946 947 948 949 950 951 952 953 954 955 956 957 958 959]] [64 [960 961 962 963 964 965 966 967 968 969 970 971 972 973 974]] [65 [975 976 977 978 979 980 981 982 983 984 985 986 987 988 989]] [66 [990 991 992 993 994 995 996 997 998 999 1000 1001 1002 1003 1004]] [67 [1005 1006 1007 1008 1009 1010 1011 1012 1013 1014 1015 1016 1017 1018 1019]] [68 [1020 1021 1022 1023 1024 1025 1026 1027 1028 1029 1030 1031 1032 1033 1034]] [69 [1035 1036 1037 1038 1039 1040 1041 1042 1043 1044 1045 1046 1047 1048 1049]] [70 [1050 1051 1052 1053 1054 1055 1056 1057 1058 1059 1060 1061 1062 1063 1064]] [71 [1065 1066 1067 1068 1069 1070 1071 1072 1073 1074 1075 1076 1077 1078 1079]] [72 [1080 1081 1082 1083 1084 1085 1086 1087 1088 1089 1090 1091 1092 1093 1094]] [73 [1095 1096 1097 1098 1099 1100 1101 1102 1103 1104 1105 1106 1107 1108 1109]] [74 [1110 1111 1112 1113 1114 1115 1116 1117 1118 1119 1120 1121 1122 1123 1124]] [75 [1125 1126 1127 1128 1129 1130 1131 1132 1133 1134 1135 1136 1137 1138 1139]] [76 [1140 1141 1142 1143 1144 1145 1146 1147 1148 1149 1150 1151 1152 1153 1154]] [77 [1155 1156 1157 1158 1159 1160 1161 1162 1163 1164 1165 1166 1167 1168 1169]] [78 [1170 1171 1172 1173 1174 1175 1176 1177 1178 1179 1180 1181 1182 1183 1184]] [79 [1185 1186 1187 1188 1189 1190 1191 1192 1193 1194 1195 1196 1197 1198 1199]] [80 [1200 1201 1202 1203 1204 1205 1206 1207 1208 1209 1210 1211 1212 1213 1214]] [81 [1215 1216 1217 1218 1219 1220 1221 1222 1223 1224 1225 1226 1227 1228 1229]] [82 [1230 1231 1232 1233 1234 1235 1236 1237 1238 1239 1240 1241 1242 1243 1244]] [83 [1245 1246 1247 1248 1249 1250 1251 1252 1253 1254 1255 1256 1257 1258 1259]] [84 [1260 1261 1262 1263 1264 1265 1266 1267 1268 1269 1270 1271 1272 1273 1274]] [85 [1275 1276 1277 1278 1279 1280 1281 1282 1283 1284 1285 1286 1287 1288 1289]] [86 [1290 1291 1292 1293 1294 1295 1296 1297 1298 1299 1300 1301 1302 1303 1304]] [87 [1305 1306 1307 1308 1309 1310 1311 1312 1313 1314 1315 1316 1317 1318 1319]] [88 [1320 1321 1322 1323 1324 1325 1326 1327 1328 1329 1330 1331 1332 1333 1334]] [89 [1335 1336 1337 1338 1339 1340 1341 1342 1343 1344 1345 1346 1347 1348 1349]] [90 [1350 1351 1352 1353 1354 1355 1356 1357 1358 1359 1360 1361 1362 1363 1364]] [91 [1365 1366 1367 1368 1369 1370 1371 1372 1373 1374 1375 1376 1377 1378 1379]] [92 [1380 1381 1382 1383 1384 1385 1386 1387 1388 1389 1390 1391 1392 1393 1394]] [93 [1395 1396 1397 1398 1399 1400 1401 1402 1403 1404 1405 1406 1407 1408 1409]] [94 [1410 1411 1412 1413 1414 1415 1416 1417 1418 1419 1420 1421 1422 1423 1424]] [95 [1425 1426 1427 1428 1429 1430 1431 1432 1433 1434 1435 1436 1437 1438 1439]] [96 [1440 1441 1442 1443 1444 1445 1446 1447 1448 1449 1450 1451 1452 1453 1454]] [97 [1455 1456 1457 1458 1459 1460 1461 1462 1463 1464 1465 1466 1467 1468 1469]] [98 [1470 1471 1472 1473 1474 1475 1476 1477 1478 1479 1480 1481 1482 1483 1484]] [99 [1485 1486 1487 1488 1489 1490 1491 1492 1493 1494 1495 1496 1497 1498 1499]]]","[[0 [0 1 2 3 4 5 6 7 8 9 10 11 12 13 14]] [1 [15 16 17 18 19 20 21 22 23 24 25 26 27 28 29]] [2 [30 31 32 33 34 35 36 37 38 39 40 41 42 43 44]] [3 [45 46 47 48 49 50 51 52 53 54 55 56 57 58 59]] [4 [60 61 62 63 64 65 66 67 68 69 70 71 72 73 74]] [5 [75 76 77 78 79 80 81 82 83 84 85 86 87 88 89]] [6 [90 91 92 93 94 95 96 97 98 99 100 101 102 103 104]] [7 [105 106 107 108 109 110 111 112 113 114 115 116 117 118 119]] [8 [120 121 122 123 124 125 126 127 128 129 130 131 132 133 134]] [9 [135 136 137 138 139 140 141 142 143 144 145 146 147 148 149]] [10 [150 151 152 153 154 155 156 157 158 159 160 161 162 163 164]] [11 [165 166 167 168 169 170 171 172 173 174 175 176 177 178 179]] [12 [180 181 182 183 184 185 186 187 188 189 190 191 192 193 194]] [13 [195 196 197 198 199 200 201 202 203 204 205 206 207 208 209]] [14 [210 211 212 213 214 215 216 217 218 219 220 221 222 223 224]] [15 [225 226 227 228 229 230 231 232 233 234 235 236 237 238 239]] [16 [240 241 242 243 244 245 246 247 248 249 250 251 252 253 254]] [17 [255 256 257 258 259 260 261 262 263 264 265 266 267 268 269]] [18 [270 271 272 273 274 275 276 277 278 279 280 281 282 283 284]] [19 [285 286 287 288 289 290 291 292 293 294 295 296 297 298 299]] [20 [300 301 302 303 304 305 306 307 308 309 310 311 312 313 314]] [21 [315 316 317 318 319 320 321 322 323 324 325 326 327 328 329]] [22 [330 331 332 333 334 335 336 337 338 339 340 341 342 343 344]] [23 [345 346 347 348 349 350 351 352 353 354 355 356 357 358 359]] [24 [360 361 362 363 364 365 366 367 368 369 370 371 372 373 374]] [25 [375 376 377 378 379 380 381 382 383 384 385 386 387 388 389]] [26 [390 391 392 393 394 395 396 397 398 399 400 401 402 403 404]] [27 [405 406 407 408 409 410 411 412 413 414 415 416 417 418 419]] [28 [420 421 422 423 424 425 426 427 428 429 430 431 432 433 434]] [29 [435 436 437 438 439 440 441 442 443 444 445 446 447 448 449]] [30 [450 451 452 453 454 455 456 457 458 459 460 461 462 463 464]] [31 [465 466 467 468 469 470 471 472 473 474 475 476 477 478 479]] [32 [480 481 482 483 484 485 486 487 488 489 490 491 492 493 494]] [33 [495 496 497 498 499 500 501 502 503 504 505 506 507 508 509]] [34 [510 511 512 513 514 515 516 517 518 519 520 521 522 523 524]] [35 [525 526 527 528 529 530 531 532 533 534 535 536 537 538 539]] [36 [540 541 542 543 544 545 546 547 548 549 550 551 552 553 554]] [37 [555 556 557 558 559 560 561 562 563 564 565 566 567 568 569]] [38 [570 571 572 573 574 575 576 577 578 579 580 581 582 583 584]] [39 [585 586 587 588 589 590 591 592 593 594 595 596 597 598 599]] [40 [600 601 602 603 604 605 606 607 608 609 610 611 612 613 614]] [41 [615 616 617 618 619 620 621 622 623 624 625 626 627 628 629]] [42 [630 631 632 633 634 635 636 637 638 639 640 641 642 643 644]] [43 [645 646 647 648 649 650 651 652 653 654 655 656 657 658 659]] [44 [660 661 662 663 664 665 666 667 668 669 670 671 672 673 674]] [45 [675 676 677 678 679 680 681 682 683 684 685 686 687 688 689]] [46 [690 691 692 693 694 695 696 697 698 699 700 701 702 703 704]] [47 [705 706 707 708 709 710 711 712 713 714 715 716 717 718 719]] [48 [720 721 722 723 724 725 726 727 728 729 730 731 732 733 734]] [49 [735 736 737 738 739 740 741 742 743 744 745 746 747 748 749]] [50 [750 751 752 753 754 755 756 757 758 759 760 761 762 763 764]] [51 [765 766 767 768 769 770 771 772 773 774 775 776 777 778 779]] [52 [780 781 782 783 784 785 786 787 788 789 790 791 792 793 794]] [53 [795 796 797 798 799 800 801 802 803 804 805 806 807 808 809]] [54 [810 811 812 813 814 815 816 817 818 819 820 821 822 823 824]] [55 [825 826 827 828 829 830 831 832 833 834 835 836 837 838 839]] [56 [840 841 842 843 844 845 846 847 848 849 850 851 852 853 854]] [57 [855 856 857 858 859 860 861 862 863 864 865 866 867 868 869]] [58 [870 871 872 873 874 875 876 877 878 879 880 881 882 883 884]] [59 [885 886 887 888 889 890 891 892 893 894 895 896 897 898 899]] [60 [900 901 902 903 904 905 906 907 908 909 910 911 912 913 914]] [61 [915 916 917 918 919 920 921 922 923 924 925 926 927 928 929]] [62 [930 931 932 933 934 935 936 937 938 939 940 941 942 943 944]] [63 [945 946 947 948 949 950 951 952 953 954 955 956 957 958 959]] [64 [960 961 962 963 964 965 966 967 968 969 970 971 972 973 974]] [65 [975 976 977 978 979 980 981 982 983 984 985 986 987 988 989]] [66 [990 991 992 993 994 995 996 997 998 999 1000 1001 1002 1003 1004]] [67 [1005 1006 1007 1008 1009 1010 1011 1012 1013 1014 1015 1016 1017 1018 1019]] [68 [1020 1021 1022 1023 1024 1025 1026 1027 1028 1029 1030 1031 1032 1033 1034]] [69 [1035 1036 1037 1038 1039 1040 1041 1042 1043 1044 1045 1046 1047 1048 1049]] [70 [1050 1051 1052 1053 1054 1055 1056 1057 1058 1059 1060 1061 1062 1063 1064]] [71 [1065 1066 1067 1068 1069 1070 1071 1072 1073 1074 1075 1076 1077 1078 1079]] [72 [1080 1081 1082 1083 1084 1085 1086 1087 1088 1089 1090 1091 1092 1093 1094]] [73 [1095 1096 1097 1098 1099 1100 1101 1102 1103 1104 1105 1106 1107 1108 1109]] [74 [1110 1111 1112 1113 1114 1115 1116 1117 1118 1119 1120 1121 1122 1123 1124]] [75 [1125 1126 1127 1128 1129 1130 1131 1132 1133 1134 1135 1136 1137 1138 1139]] [76 [1140 1141 1142 1143 1144 1145 1146 1147 1148 1149 1150 1151 1152 1153 1154]] [77 [1155 1156 1157 1158 1159 1160 1161 1162 1163 1164 1165 1166 1167 1168 1169]] [78 [1170 1171 1172 1173 1174 1175 1176 1177 1178 1179 1180 1181 1182 1183 1184]] [79 [1185 1186 1187 1188 1189 1190 1191 1192 1193 1194 1195 1196 1197 1198 1199]] [80 [1200 1201 1202 1203 1204 1205 1206 1207 1208 1209 1210 1211 1212 1213 1214]] [81 [1215 1216 1217 1218 1219 1220 1221 1222 1223 1224 1225 1226 1227 1228 1229]] [82 [1230 1231 1232 1233 1234 1235 1236 1237 1238 1239 1240 1241 1242 1243 1244]] [83 [1245 1246 1247 1248 1249 1250 1251 1252 1253 1254 1255 1256 1257 1258 1259]] [84 [1260 1261 1262 1263 1264 1265 1266 1267 1268 1269 1270 1271 1272 1273 1274]] [85 [1275 1276 1277 1278 1279 1280 1281 1282 1283 1284 1285 1286 1287 1288 1289]] [86 [1290 1291 1292 1293 1294 1295 1296 1297 1298 1299 1300 1301 1302 1303 1304]] [87 [1305 1306 1307 1308 1309 1310 1311 1312 1313 1314 1315 1316 1317 1318 1319]] [88 [1320 1321 1322 1323 1324 1325 1326 1327 1328 1329 1330 1331 1332 1333 1334]] [89 [1335 1336 1337 1338 1339 1340 1341 1342 1343 1344 1345 1346 1347 1348 1349]] [90 [1350 1351 1352 1353 1354 1355 1356 1357 1358 1359 1360 1361 1362 1363 1364]] [91 [1365 1366 1367 1368 1369 1370 1371 1372 1373 1374 1375 1376 1377 1378 1379]] [92 [1380 1381 1382 1383 1384 1385 1386 1387 1388 1389 1390 1391 1392 1393 1394]] [93 [1395 1396 1397 1398 1399 1400 1401 1402 1403 1404 1405 1406 1407 1408 1409]] [94 [1410 1411 1412 1413 1414 1415 1416 1417 1418 1419 1420 1421 1422 1423 1424]] [95 [1425 1426 1427 1428 1429 1430 1431 1432 1433 1434 1435 1436 1437 1438 1439]] [96 [1440 1441 1442 1443 1444 1445 1446 1447 1448 1449 1450 1451 1452 1453 1454]] [97 [1455 1456 1457 1458 1459 1460 1461 1462 1463 1464 1465 1466 1467 1468 1469]] [98 [1470 1471 1472 1473 1474 1475 1476 1477 1478 1479 1480 1481 1482 1483 1484]] [99 [1485 1486 1487 1488 1489 1490 1491 1492 1493 1494 1495 1496 1497 1498 1499]]]",,"[[{citizen 41} [[""A"" [4 4 4 4 4 4 4 4 4 4]]]] [{media 50} [[""A"" [4 4 4 4 4 4 4 4 4 4]]]] [{media 51} [[""A"" [4 4 4 4 4 4 4 4 4 4]]]] [{media 52} [[""A"" [4 4 4 4 4 4 4 4 4 4]]]] [{media 53} [[""A"" [4 4 4 4 4 4 4 4 4 4]]]] [{media 54} [[""A"" [4 4 4 4 4 4 4 4 4 4]]]] [{media 55} [[""A"" [4 4 4 4 4 4 4 4 4 4]]]] [{media 56} [[""A"" [4 4 4 4 4 4 4 4 4 4]]]] [{media 57} [[""A"" [4 4 4 4 4 4 4 4 4 4]]]] [{media 58} [[""A"" [4 4 4 4 4 4 4 4 4 4]]]] [{media 62} [[""A"" [4 4 4 4 4 4 4 4 4 4]]]] [{citizen 1} [[""A"" [4 4 4 4 4 4 4 4 4 4]]]] [{citizen 5} [[""A"" [4 4 4 4 4 4 4 4 4 4]]]] [{citizen 12} [[""A"" [4 4 4 4 4 4 4 4 4 4]]]] [{citizen 26} [[""A"" [4 4 4 4 4 4 4 4 4 4]]]] [{media 63} [[""A"" [4 4 4 4 4 4 4 4 4 4]]]] [{citizen 6} [[""A"" [4 4 4 4 4 4 4 4 4 4]]]] [{citizen 20} [[""A"" [4 4 4 4 4 4 4 4 4 4]]]] [{media 59} [[""A"" [4 4 4 4 4 4 4 4 4 4]]]] [{citizen 2} [[""A"" [4 4 4 4 4 4 4 4 4 4]]]] [{citizen 8} [[""A"" [4 4 4 4 4 4 4 4 4 4]]]] [{citizen 14} [[""A"" [4 4 4 4 4 4 4 4 4 4]]]] [{media 60} [[""A"" [4 4 4 4 4 4 4 4 4 4]]]] [{citizen 15} [[""A"" [4 4 4 4 4 4 4 4 4 4]]]] [{citizen 16} [[""A"" [4 4 4 4 4 4 4 4 4 4]]]] [{media 64} [[""A"" [4 4 4 4 4 4 4 4 4 4]]]] [{citizen 9} [[""A"" [4 4 4 4 4 4 4 4 4 4]]]] [{media 61} [[""A"" [4 4 4 4 4 4 4 4 4 4]]]] [{citizen 49} [[""A"" [4 4 4 4 4 4 4 4 4 4]]]] [{citizen 17} [[""A"" [4 4 4 4 4 4 4 4 4 4]]]] [{citizen 46} [[""A"" [4 4 4 4 4 4 4 4 4 4]]]] [{citizen 27} [[""A"" [4 4 4 4 4 4 4 4 4 4]]]] [{citizen 45} [[""A"" [4 4 4 4 4 4 4 4 4 4]]]] [{citizen 7} [[""A"" [4 4 4 4 4 4 4 4 4 4]]]] [{citizen 0} [[""A"" [4 4 4 4 4 4 4 4 4 4]]]] [{citizen 40} [[""A"" [4 4 4 4 4 4 4 4 4 4]]]] [{citizen 35} [[""A"" [4 4 4 4 4 4 4 4 4 4]]]] [{citizen 23} [[""A"" [4 4 4 4 4 4 4 4 4 4]]]] [{citizen 24} [[""A"" [4 4 4 4 4 4 4 4 4 4]]]] [{citizen 44} [[""A"" [4 4 4 4 4 4 4 4 4 4]]]] [{citizen 32} [[""A"" [4 4 4 4 4 4 4 4 4 4]]]] [{citizen 39} [[""A"" [4 4 4 4 4 4 4 4 4 4]]]] [{citizen 31} [[""A"" [4 4 4 4 4 4 4 4 4 4]]]] [{citizen 36} [[""A"" [4 4 4 4 4 4 4 4 4 4]]]] [{citizen 4} [[""A"" [4 4 4 4 4 4 4 4 4 4]]]] [{citizen 28} [[""A"" [4 4 4 4 4 4 4 4 4 4]]]] [{citizen 21} [[""A"" [4 4 4 4 4 4 4 4 4 4]]]] [{citizen 11} [[""A"" [4 4 4 4 4 4 4 4 4 4]]]] [{citizen 19} [[""A"" [4 4 4 4 4 4 4 4 4 4]]]] [{citizen 42} [[""A"" [4 4 4 4 4 4 4 4 4 4]]]] [{citizen 37} [[""A"" [4 4 4 4 4 4 4 4 4 4]]]] [{citizen 30} [[""A"" [4 4 4 4 4 4 4 4 4 4]]]] [{citizen 13} [[""A"" [4 4 4 4 4 4 4 4 4 4]]]] [{citizen 10} [[""A"" [4 4 4 4 4 4 4 4 4 4]]]] [{citizen 43} [[""A"" [4 4 4 4 4 4 4 4 4 4]]]] [{citizen 34} [[""A"" [4 4 4 4 4 4 4 4 4 4]]]] [{citizen 22} [[""A"" [4 4 4 4 4 4 4 4 4 4]]]] [{citizen 48} [[""A"" [4 4 4 4 4 4 4 4 4 4]]]] [{citizen 38} [[""A"" [4 4 4 4 4 4 4 4 4 4]]]] [{citizen 47} [[""A"" [4 4 4 4 4 4 4 4 4 4]]]] [{citizen 3} [[""A"" [4 4 4 4 4 4 4 4 4 4]]]]]"
"30","[85 0 170]","302.5531914893618","-4.034623656026331","2.7050163558419915","""circle""","""""","9.9","{breed citizens}","false","0.5","1","""up""",,"[[""ID"" 47] [""alpha"" 1] [""beta"" 1] [""malleable"" [""A""]] [""prior"" []] [""cont_tokens"" []] [""A"" 4]]","[[0 [0 1 2 3 4 5 6 7 8 9 10 11 12 13 14]] [1 [15 16 17 18 19 20 21 22 23 24 25 26 27 28 29]] [2 [30 31 32 33 34 35 36 37 38 39 40 41 42 43 44]] [3 [45 46 47 48 49 50 51 52 53 54 55 56 57 58 59]] [4 [60 61 62 63 64 65 66 67 68 69 70 71 72 73 74]] [5 [75 76 77 78 79 80 81 82 83 84 85 86 87 88 89]] [6 [90 91 92 93 94 95 96 97 98 99 100 101 102 103 104]] [7 [105 106 107 108 109 110 111 112 113 114 115 116 117 118 119]] [8 [120 121 122 123 124 125 126 127 128 129 130 131 132 133 134]] [9 [135 136 137 138 139 140 141 142 143 144 145 146 147 148 149]] [10 [150 151 152 153 154 155 156 157 158 159 160 161 162 163 164]] [11 [165 166 167 168 169 170 171 172 173 174 175 176 177 178 179]] [12 [180 181 182 183 184 185 186 187 188 189 190 191 192 193 194]] [13 [195 196 197 198 199 200 201 202 203 204 205 206 207 208 209]] [14 [210 211 212 213 214 215 216 217 218 219 220 221 222 223 224]] [15 [225 226 227 228 229 230 231 232 233 234 235 236 237 238 239]] [16 [240 241 242 243 244 245 246 247 248 249 250 251 252 253 254]] [17 [255 256 257 258 259 260 261 262 263 264 265 266 267 268 269]] [18 [270 271 272 273 274 275 276 277 278 279 280 281 282 283 284]] [19 [285 286 287 288 289 290 291 292 293 294 295 296 297 298 299]] [20 [300 301 302 303 304 305 306 307 308 309 310 311 312 313 314]] [21 [315 316 317 318 319 320 321 322 323 324 325 326 327 328 329]] [22 [330 331 332 333 334 335 336 337 338 339 340 341 342 343 344]] [23 [345 346 347 348 349 350 351 352 353 354 355 356 357 358 359]] [24 [360 361 362 363 364 365 366 367 368 369 370 371 372 373 374]] [25 [375 376 377 378 379 380 381 382 383 384 385 386 387 388 389]] [26 [390 391 392 393 394 395 396 397 398 399 400 401 402 403 404]] [27 [405 406 407 408 409 410 411 412 413 414 415 416 417 418 419]] [28 [420 421 422 423 424 425 426 427 428 429 430 431 432 433 434]] [29 [435 436 437 438 439 440 441 442 443 444 445 446 447 448 449]] [30 [450 451 452 453 454 455 456 457 458 459 460 461 462 463 464]] [31 [465 466 467 468 469 470 471 472 473 474 475 476 477 478 479]] [32 [480 481 482 483 484 485 486 487 488 489 490 491 492 493 494]] [33 [495 496 497 498 499 500 501 502 503 504 505 506 507 508 509]] [34 [510 511 512 513 514 515 516 517 518 519 520 521 522 523 524]] [35 [525 526 527 528 529 530 531 532 533 534 535 536 537 538 539]] [36 [540 541 542 543 544 545 546 547 548 549 550 551 552 553 554]] [37 [555 556 557 558 559 560 561 562 563 564 565 566 567 568 569]] [38 [570 571 572 573 574 575 576 577 578 579 580 581 582 583 584]] [39 [585 586 587 588 589 590 591 592 593 594 595 596 597 598 599]] [40 [600 601 602 603 604 605 606 607 608 609 610 611 612 613 614]] [41 [615 616 617 618 619 620 621 622 623 624 625 626 627 628 629]] [42 [630 631 632 633 634 635 636 637 638 639 640 641 642 643 644]] [43 [645 646 647 648 649 650 651 652 653 654 655 656 657 658 659]] [44 [660 661 662 663 664 665 666 667 668 669 670 671 672 673 674]] [45 [675 676 677 678 679 680 681 682 683 684 685 686 687 688 689]] [46 [690 691 692 693 694 695 696 697 698 699 700 701 702 703 704]] [47 [705 706 707 708 709 710 711 712 713 714 715 716 717 718 719]] [48 [720 721 722 723 724 725 726 727 728 729 730 731 732 733 734]] [49 [735 736 737 738 739 740 741 742 743 744 745 746 747 748 749]] [50 [750 751 752 753 754 755 756 757 758 759 760 761 762 763 764]] [51 [765 766 767 768 769 770 771 772 773 774 775 776 777 778 779]] [52 [780 781 782 783 784 785 786 787 788 789 790 791 792 793 794]] [53 [795 796 797 798 799 800 801 802 803 804 805 806 807 808 809]] [54 [810 811 812 813 814 815 816 817 818 819 820 821 822 823 824]] [55 [825 826 827 828 829 830 831 832 833 834 835 836 837 838 839]] [56 [840 841 842 843 844 845 846 847 848 849 850 851 852 853 854]] [57 [855 856 857 858 859 860 861 862 863 864 865 866 867 868 869]] [58 [870 871 872 873 874 875 876 877 878 879 880 881 882 883 884]] [59 [885 886 887 888 889 890 891 892 893 894 895 896 897 898 899]] [60 [900 901 902 903 904 905 906 907 908 909 910 911 912 913 914]] [61 [915 916 917 918 919 920 921 922 923 924 925 926 927 928 929]] [62 [930 931 932 933 934 935 936 937 938 939 940 941 942 943 944]] [63 [945 946 947 948 949 950 951 952 953 954 955 956 957 958 959]] [64 [960 961 962 963 964 965 966 967 968 969 970 971 972 973 974]] [65 [975 976 977 978 979 980 981 982 983 984 985 986 987 988 989]] [66 [990 991 992 993 994 995 996 997 998 999 1000 1001 1002 1003 1004]] [67 [1005 1006 1007 1008 1009 1010 1011 1012 1013 1014 1015 1016 1017 1018 1019]] [68 [1020 1021 1022 1023 1024 1025 1026 1027 1028 1029 1030 1031 1032 1033 1034]] [69 [1035 1036 1037 1038 1039 1040 1041 1042 1043 1044 1045 1046 1047 1048 1049]] [70 [1050 1051 1052 1053 1054 1055 1056 1057 1058 1059 1060 1061 1062 1063 1064]] [71 [1065 1066 1067 1068 1069 1070 1071 1072 1073 1074 1075 1076 1077 1078 1079]] [72 [1080 1081 1082 1083 1084 1085 1086 1087 1088 1089 1090 1091 1092 1093 1094]] [73 [1095 1096 1097 1098 1099 1100 1101 1102 1103 1104 1105 1106 1107 1108 1109]] [74 [1110 1111 1112 1113 1114 1115 1116 1117 1118 1119 1120 1121 1122 1123 1124]] [75 [1125 1126 1127 1128 1129 1130 1131 1132 1133 1134 1135 1136 1137 1138 1139]] [76 [1140 1141 1142 1143 1144 1145 1146 1147 1148 1149 1150 1151 1152 1153 1154]] [77 [1155 1156 1157 1158 1159 1160 1161 1162 1163 1164 1165 1166 1167 1168 1169]] [78 [1170 1171 1172 1173 1174 1175 1176 1177 1178 1179 1180 1181 1182 1183 1184]] [79 [1185 1186 1187 1188 1189 1190 1191 1192 1193 1194 1195 1196 1197 1198 1199]] [80 [1200 1201 1202 1203 1204 1205 1206 1207 1208 1209 1210 1211 1212 1213 1214]] [81 [1215 1216 1217 1218 1219 1220 1221 1222 1223 1224 1225 1226 1227 1228 1229]] [82 [1230 1231 1232 1233 1234 1235 1236 1237 1238 1239 1240 1241 1242 1243 1244]] [83 [1245 1246 1247 1248 1249 1250 1251 1252 1253 1254 1255 1256 1257 1258 1259]] [84 [1260 1261 1262 1263 1264 1265 1266 1267 1268 1269 1270 1271 1272 1273 1274]] [85 [1275 1276 1277 1278 1279 1280 1281 1282 1283 1284 1285 1286 1287 1288 1289]] [86 [1290 1291 1292 1293 1294 1295 1296 1297 1298 1299 1300 1301 1302 1303 1304]] [87 [1305 1306 1307 1308 1309 1310 1311 1312 1313 1314 1315 1316 1317 1318 1319]] [88 [1320 1321 1322 1323 1324 1325 1326 1327 1328 1329 1330 1331 1332 1333 1334]] [89 [1335 1336 1337 1338 1339 1340 1341 1342 1343 1344 1345 1346 1347 1348 1349]] [90 [1350 1351 1352 1353 1354 1355 1356 1357 1358 1359 1360 1361 1362 1363 1364]] [91 [1365 1366 1367 1368 1369 1370 1371 1372 1373 1374 1375 1376 1377 1378 1379]] [92 [1380 1381 1382 1383 1384 1385 1386 1387 1388 1389 1390 1391 1392 1393 1394]] [93 [1395 1396 1397 1398 1399 1400 1401 1402 1403 1404 1405 1406 1407 1408 1409]] [94 [1410 1411 1412 1413 1414 1415 1416 1417 1418 1419 1420 1421 1422 1423 1424]] [95 [1425 1426 1427 1428 1429 1430 1431 1432 1433 1434 1435 1436 1437 1438 1439]] [96 [1440 1441 1442 1443 1444 1445 1446 1447 1448 1449 1450 1451 1452 1453 1454]] [97 [1455 1456 1457 1458 1459 1460 1461 1462 1463 1464 1465 1466 1467 1468 1469]] [98 [1470 1471 1472 1473 1474 1475 1476 1477 1478 1479 1480 1481 1482 1483 1484]] [99 [1485 1486 1487 1488 1489 1490 1491 1492 1493 1494 1495 1496 1497 1498 1499]]]","[[0 [0 1 2 3 4 5 6 7 8 9 10 11 12 13 14]] [1 [15 16 17 18 19 20 21 22 23 24 25 26 27 28 29]] [2 [30 31 32 33 34 35 36 37 38 39 40 41 42 43 44]] [3 [45 46 47 48 49 50 51 52 53 54 55 56 57 58 59]] [4 [60 61 62 63 64 65 66 67 68 69 70 71 72 73 74]] [5 [75 76 77 78 79 80 81 82 83 84 85 86 87 88 89]] [6 [90 91 92 93 94 95 96 97 98 99 100 101 102 103 104]] [7 [105 106 107 108 109 110 111 112 113 114 115 116 117 118 119]] [8 [120 121 122 123 124 125 126 127 128 129 130 131 132 133 134]] [9 [135 136 137 138 139 140 141 142 143 144 145 146 147 148 149]] [10 [150 151 152 153 154 155 156 157 158 159 160 161 162 163 164]] [11 [165 166 167 168 169 170 171 172 173 174 175 176 177 178 179]] [12 [180 181 182 183 184 185 186 187 188 189 190 191 192 193 194]] [13 [195 196 197 198 199 200 201 202 203 204 205 206 207 208 209]] [14 [210 211 212 213 214 215 216 217 218 219 220 221 222 223 224]] [15 [225 226 227 228 229 230 231 232 233 234 235 236 237 238 239]] [16 [240 241 242 243 244 245 246 247 248 249 250 251 252 253 254]] [17 [255 256 257 258 259 260 261 262 263 264 265 266 267 268 269]] [18 [270 271 272 273 274 275 276 277 278 279 280 281 282 283 284]] [19 [285 286 287 288 289 290 291 292 293 294 295 296 297 298 299]] [20 [300 301 302 303 304 305 306 307 308 309 310 311 312 313 314]] [21 [315 316 317 318 319 320 321 322 323 324 325 326 327 328 329]] [22 [330 331 332 333 334 335 336 337 338 339 340 341 342 343 344]] [23 [345 346 347 348 349 350 351 352 353 354 355 356 357 358 359]] [24 [360 361 362 363 364 365 366 367 368 369 370 371 372 373 374]] [25 [375 376 377 378 379 380 381 382 383 384 385 386 387 388 389]] [26 [390 391 392 393 394 395 396 397 398 399 400 401 402 403 404]] [27 [405 406 407 408 409 410 411 412 413 414 415 416 417 418 419]] [28 [420 421 422 423 424 425 426 427 428 429 430 431 432 433 434]] [29 [435 436 437 438 439 440 441 442 443 444 445 446 447 448 449]] [30 [450 451 452 453 454 455 456 457 458 459 460 461 462 463 464]] [31 [465 466 467 468 469 470 471 472 473 474 475 476 477 478 479]] [32 [480 481 482 483 484 485 486 487 488 489 490 491 492 493 494]] [33 [495 496 497 498 499 500 501 502 503 504 505 506 507 508 509]] [34 [510 511 512 513 514 515 516 517 518 519 520 521 522 523 524]] [35 [525 526 527 528 529 530 531 532 533 534 535 536 537 538 539]] [36 [540 541 542 543 544 545 546 547 548 549 550 551 552 553 554]] [37 [555 556 557 558 559 560 561 562 563 564 565 566 567 568 569]] [38 [570 571 572 573 574 575 576 577 578 579 580 581 582 583 584]] [39 [585 586 587 588 589 590 591 592 593 594 595 596 597 598 599]] [40 [600 601 602 603 604 605 606 607 608 609 610 611 612 613 614]] [41 [615 616 617 618 619 620 621 622 623 624 625 626 627 628 629]] [42 [630 631 632 633 634 635 636 637 638 639 640 641 642 643 644]] [43 [645 646 647 648 649 650 651 652 653 654 655 656 657 658 659]] [44 [660 661 662 663 664 665 666 667 668 669 670 671 672 673 674]] [45 [675 676 677 678 679 680 681 682 683 684 685 686 687 688 689]] [46 [690 691 692 693 694 695 696 697 698 699 700 701 702 703 704]] [47 [705 706 707 708 709 710 711 712 713 714 715 716 717 718 719]] [48 [720 721 722 723 724 725 726 727 728 729 730 731 732 733 734]] [49 [735 736 737 738 739 740 741 742 743 744 745 746 747 748 749]] [50 [750 751 752 753 754 755 756 757 758 759 760 761 762 763 764]] [51 [765 766 767 768 769 770 771 772 773 774 775 776 777 778 779]] [52 [780 781 782 783 784 785 786 787 788 789 790 791 792 793 794]] [53 [795 796 797 798 799 800 801 802 803 804 805 806 807 808 809]] [54 [810 811 812 813 814 815 816 817 818 819 820 821 822 823 824]] [55 [825 826 827 828 829 830 831 832 833 834 835 836 837 838 839]] [56 [840 841 842 843 844 845 846 847 848 849 850 851 852 853 854]] [57 [855 856 857 858 859 860 861 862 863 864 865 866 867 868 869]] [58 [870 871 872 873 874 875 876 877 878 879 880 881 882 883 884]] [59 [885 886 887 888 889 890 891 892 893 894 895 896 897 898 899]] [60 [900 901 902 903 904 905 906 907 908 909 910 911 912 913 914]] [61 [915 916 917 918 919 920 921 922 923 924 925 926 927 928 929]] [62 [930 931 932 933 934 935 936 937 938 939 940 941 942 943 944]] [63 [945 946 947 948 949 950 951 952 953 954 955 956 957 958 959]] [64 [960 961 962 963 964 965 966 967 968 969 970 971 972 973 974]] [65 [975 976 977 978 979 980 981 982 983 984 985 986 987 988 989]] [66 [990 991 992 993 994 995 996 997 998 999 1000 1001 1002 1003 1004]] [67 [1005 1006 1007 1008 1009 1010 1011 1012 1013 1014 1015 1016 1017 1018 1019]] [68 [1020 1021 1022 1023 1024 1025 1026 1027 1028 1029 1030 1031 1032 1033 1034]] [69 [1035 1036 1037 1038 1039 1040 1041 1042 1043 1044 1045 1046 1047 1048 1049]] [70 [1050 1051 1052 1053 1054 1055 1056 1057 1058 1059 1060 1061 1062 1063 1064]] [71 [1065 1066 1067 1068 1069 1070 1071 1072 1073 1074 1075 1076 1077 1078 1079]] [72 [1080 1081 1082 1083 1084 1085 1086 1087 1088 1089 1090 1091 1092 1093 1094]] [73 [1095 1096 1097 1098 1099 1100 1101 1102 1103 1104 1105 1106 1107 1108 1109]] [74 [1110 1111 1112 1113 1114 1115 1116 1117 1118 1119 1120 1121 1122 1123 1124]] [75 [1125 1126 1127 1128 1129 1130 1131 1132 1133 1134 1135 1136 1137 1138 1139]] [76 [1140 1141 1142 1143 1144 1145 1146 1147 1148 1149 1150 1151 1152 1153 1154]] [77 [1155 1156 1157 1158 1159 1160 1161 1162 1163 1164 1165 1166 1167 1168 1169]] [78 [1170 1171 1172 1173 1174 1175 1176 1177 1178 1179 1180 1181 1182 1183 1184]] [79 [1185 1186 1187 1188 1189 1190 1191 1192 1193 1194 1196 1197 1198 1199]] [80 [1200 1201 1202 1203 1204 1205 1206 1207 1208 1209 1210 1211 1212 1213 1214]] [81 [1215 1216 1217 1218 1219 1220 1221 1222 1223 1224 1225 1226 1227 1228 1229]] [82 [1230 1231 1232 1233 1234 1235 1236 1237 1238 1239 1240 1241 1242 1243 1244]] [83 [1245 1246 1247 1248 1249 1250 1251 1252 1253 1254 1255 1256 1257 1258 1259]] [84 [1260 1261 1262 1263 1264 1265 1266 1267 1268 1269 1270 1271 1272 1273 1274]] [85 [1275 1276 1277 1278 1279 1280 1281 1282 1283 1284 1285 1286 1287 1288 1289]] [86 [1290 1291 1292 1293 1294 1295 1296 1297 1298 1299 1300 1301 1302 1303 1304]] [87 [1305 1306 1307 1308 1309 1310 1311 1312 1313 1314 1315 1316 1317 1318 1319]] [88 [1320 1321 1322 1323 1324 1325 1326 1327 1328 1329 1330 1331 1332 1333 1334]] [89 [1335 1336 1337 1338 1339 1340 1341 1342 1343 1344 1345 1346 1347 1348 1349]] [90 [1350 1351 1352 1353 1354 1355 1356 1357 1358 1359 1360 1361 1362 1363 1364]] [91 [1365 1366 1367 1368 1369 1370 1371 1372 1373 1374 1375 1376 1377 1378 1379]] [92 [1380 1381 1382 1383 1384 1385 1386 1387 1388 1389 1390 1391 1392 1393 1394]] [93 [1395 1396 1397 1398 1399 1400 1401 1402 1403 1404 1405 1406 1407 1408 1409]] [94 [1410 1411 1412 1413 1414 1415 1416 1417 1418 1419 1420 1421 1422 1423 1424]] [95 [1425 1426 1427 1428 1429 1430 1431 1432 1433 1434 1435 1436 1437 1438 1439]] [96 [1440 1441 1442 1443 1444 1445 1446 1447 1448 1449 1450 1451 1452 1453 1454]] [97 [1455 1456 1457 1458 1459 1461 1462 1463 1464 1465 1466 1467 1468 1469]] [98 [1470 1471 1472 1473 1474 1475 1476 1477 1478 1479 1480 1481 1482 1483 1484]] [99 [1485 1486 1487 1488 1489 1490 1491 1492 1493 1494 1495 1496 1497 1498 1499]]]",,"[[{citizen 37} [[""A"" [4 4 4 4 4 4 4 4 4 4]]]] [{media 50} [[""A"" [4 4 4 4 4 4 4 4 4 4]]]] [{media 51} [[""A"" [4 4 4 4 4 4 4 4 4 4]]]] [{media 57} [[""A"" [4 4 4 4 4 4 4 4 4 4]]]] [{media 62} [[""A"" [4 4 4 4 4 4 4 4 4 4]]]] [{citizen 1} [[""A"" [4 4 4 4 4 4 4 4 4 4]]]] [{citizen 5} [[""A"" [4 4 4 4 4 4 4 4 4 4]]]] [{citizen 15} [[""A"" [4 4 4 4 4 4 4 4 4 4]]]] [{media 54} [[""A"" [4 4 4 4 4 4 4 4 4 4]]]] [{citizen 2} [[""A"" [4 4 4 4 4 4 4 4 4 4]]]] [{media 58} [[""A"" [4 4 4 4 4 4 4 4 4 4]]]] [{citizen 9} [[""A"" [4 4 4 4 4 4 4 4 4 4]]]] [{citizen 14} [[""A"" [4 4 4 4 4 4 4 4 4 4]]]] [{media 63} [[""A"" [4 4 4 4 4 4 4 4 4 4]]]] [{citizen 6} [[""A"" [4 4 4 4 4 4 4 4 4 4]]]] [{citizen 7} [[""A"" [4 4 4 4 4 4 4 4 4 4]]]] [{citizen 8} [[""A"" [4 4 4 4 4 4 4 4 4 4]]]] [{media 59} [[""A"" [4 4 4 4 4 4 4 4 4 4]]]] [{media 55} [[""A"" [4 4 4 4 4 4 4 4 4 4]]]] [{media 56} [[""A"" [4 4 4 4 4 4 4 4 4 4]]]] [{media 60} [[""A"" [4 4 4 4 4 4 4 4 4 4]]]] [{media 53} [[""A"" [4 4 4 4 4 4 4 4 4 4]]]] [{media 64} [[""A"" [4 4 4 4 4 4 4 4 4 4]]]] [{media 52} [[""A"" [4 4 4 4 4 4 4 4 4 4]]]] [{citizen 0} [[""A"" [4 4 4 4 4 4 4 4 4 4]]]] [{media 61} [[""A"" [4 4 4 4 4 4 4 4 4 4]]]] [{citizen 49} [[""A"" [4 4 4 4 4 4 4 4 4 4]]]] [{citizen 17} [[""A"" [4 4 4 4 4 4 4 4 4 4]]]] [{citizen 46} [[""A"" [4 4 4 4 4 4 4 4 4 4]]]] [{citizen 27} [[""A"" [4 4 4 4 4 4 4 4 4 4]]]] [{citizen 45} [[""A"" [4 4 4 4 4 4 4 4 4 4]]]] [{citizen 40} [[""A"" [4 4 4 4 4 4 4 4 4 4]]]] [{citizen 16} [[""A"" [4 4 4 4 4 4 4 4 4 4]]]] [{citizen 35} [[""A"" [4 4 4 4 4 4 4 4 4 4]]]] [{citizen 23} [[""A"" [4 4 4 4 4 4 4 4 4 4]]]] [{citizen 24} [[""A"" [4 4 4 4 4 4 4 4 4 4]]]] [{citizen 44} [[""A"" [4 4 4 4 4 4 4 4 4 4]]]] [{citizen 32} [[""A"" [4 4 4 4 4 4 4 4 4 4]]]] [{citizen 39} [[""A"" [4 4 4 4 4 4 4 4 4 4]]]] [{citizen 20} [[""A"" [4 4 4 4 4 4 4 4 4 4]]]] [{citizen 31} [[""A"" [4 4 4 4 4 4 4 4 4 4]]]] [{citizen 36} [[""A"" [4 4 4 4 4 4 4 4 4 4]]]] [{citizen 4} [[""A"" [4 4 4 4 4 4 4 4 4 4]]]] [{citizen 28} [[""A"" [4 4 4 4 4 4 4 4 4 4]]]] [{citizen 29} [[""A"" [4 4 4 4 4 4 4 4 4 4]]]] [{citizen 26} [[""A"" [4 4 4 4 4 4 4 4 4 4]]]] [{citizen 21} [[""A"" [4 4 4 4 4 4 4 4 4 4]]]] [{citizen 11} [[""A"" [4 4 4 4 4 4 4 4 4 4]]]] [{citizen 19} [[""A"" [4 4 4 4 4 4 4 4 4 4]]]] [{citizen 42} [[""A"" [4 4 4 4 4 4 4 4 4 4]]]] [{citizen 10} [[""A"" [4 4 4 4 4 4 4 4 4 4]]]] [{citizen 48} [[""A"" [4 4 4 4 4 4 4 4 4 4]]]] [{citizen 22} [[""A"" [4 4 4 4 4 4 4 4 4 4]]]] [{citizen 43} [[""A"" [4 4 4 4 4 4 4 4 4 4]]]] [{citizen 13} [[""A"" [4 4 4 4 4 4 4 4 4 4]]]] [{citizen 12} [[""A"" [4 4 4 4 4 4 4 4 4 4]]]] [{citizen 38} [[""A"" [4 4 4 4 4 4 4 4 4 4]]]] [{citizen 41} [[""A"" [4 4 4 4 4 4 4 4 4 4]]]] [{citizen 34} [[""A"" [4 4 4 4 4 4 4 4 4 4]]]] [{citizen 47} [[""A"" [4 4 4 4 4 4 4 4 4 4]]]] [{citizen 3} [[""A"" [4 4 4 4 4 4 4 4 4 4]]]]]"
"31","[85 0 170]","310.2127659574469","-4.000908042593362","3.4242001829197637","""circle""","""""","9.9","{breed citizens}","false","0.5","1","""up""",,"[[""ID"" 28] [""alpha"" 1] [""beta"" 1] [""malleable"" [""A""]] [""prior"" []] [""cont_tokens"" []] [""A"" 4]]","[[0 [0 1 2 3 4 5 6 7 8 9 10 11 12 13 14]] [1 [15 16 17 18 19 20 21 22 23 24 25 26 27 28 29]] [2 [30 31 32 33 34 35 36 37 38 39 40 41 42 43 44]] [3 [45 46 47 48 49 50 51 52 53 54 55 56 57 58 59]] [4 [60 61 62 63 64 65 66 67 68 69 70 71 72 73 74]] [5 [75 76 77 78 79 80 81 82 83 84 85 86 87 88 89]] [6 [90 91 92 93 94 95 96 97 98 99 100 101 102 103 104]] [7 [105 106 107 108 109 110 111 112 113 114 115 116 117 118 119]] [8 [120 121 122 123 124 125 126 127 128 129 130 131 132 133 134]] [9 [135 136 137 138 139 140 141 142 143 144 145 146 147 148 149]] [10 [150 151 152 153 154 155 156 157 158 159 160 161 162 163 164]] [11 [165 166 167 168 169 170 171 172 173 174 175 176 177 178 179]] [12 [180 181 182 183 184 185 186 187 188 189 190 191 192 193 194]] [13 [195 196 197 198 199 200 201 202 203 204 205 206 207 208 209]] [14 [210 211 212 213 214 215 216 217 218 219 220 221 222 223 224]] [15 [225 226 227 228 229 230 231 232 233 234 235 236 237 238 239]] [16 [240 241 242 243 244 245 246 247 248 249 250 251 252 253 254]] [17 [255 256 257 258 259 260 261 262 263 264 265 266 267 268 269]] [18 [270 271 272 273 274 275 276 277 278 279 280 281 282 283 284]] [19 [285 286 287 288 289 290 291 292 293 294 295 296 297 298 299]] [20 [300 301 302 303 304 305 306 307 308 309 310 311 312 313 314]] [21 [315 316 317 318 319 320 321 322 323 324 325 326 327 328 329]] [22 [330 331 332 333 334 335 336 337 338 339 340 341 342 343 344]] [23 [345 346 347 348 349 350 351 352 353 354 355 356 357 358 359]] [24 [360 361 362 363 364 365 366 367 368 369 370 371 372 373 374]] [25 [375 376 377 378 379 380 381 382 383 384 385 386 387 388 389]] [26 [390 391 392 393 394 395 396 397 398 399 400 401 402 403 404]] [27 [405 406 407 408 409 410 411 412 413 414 415 416 417 418 419]] [28 [420 421 422 423 424 425 426 427 428 429 430 431 432 433 434]] [29 [435 436 437 438 439 440 441 442 443 444 445 446 447 448 449]] [30 [450 451 452 453 454 455 456 457 458 459 460 461 462 463 464]] [31 [465 466 467 468 469 470 471 472 473 474 475 476 477 478 479]] [32 [480 481 482 483 484 485 486 487 488 489 490 491 492 493 494]] [33 [495 496 497 498 499 500 501 502 503 504 505 506 507 508 509]] [34 [510 511 512 513 514 515 516 517 518 519 520 521 522 523 524]] [35 [525 526 527 528 529 530 531 532 533 534 535 536 537 538 539]] [36 [540 541 542 543 544 545 546 547 548 549 550 551 552 553 554]] [37 [555 556 557 558 559 560 561 562 563 564 565 566 567 568 569]] [38 [570 571 572 573 574 575 576 577 578 579 580 581 582 583 584]] [39 [585 586 587 588 589 590 591 592 593 594 595 596 597 598 599]] [40 [600 601 602 603 604 605 606 607 608 609 610 611 612 613 614]] [41 [615 616 617 618 619 620 621 622 623 624 625 626 627 628 629]] [42 [630 631 632 633 634 635 636 637 638 639 640 641 642 643 644]] [43 [645 646 647 648 649 650 651 652 653 654 655 656 657 658 659]] [44 [660 661 662 663 664 665 666 667 668 669 670 671 672 673 674]] [45 [675 676 677 678 679 680 681 682 683 684 685 686 687 688 689]] [46 [690 691 692 693 694 695 696 697 698 699 700 701 702 703 704]] [47 [705 706 707 708 709 710 711 712 713 714 715 716 717 718 719]] [48 [720 721 722 723 724 725 726 727 728 729 730 731 732 733 734]] [49 [735 736 737 738 739 740 741 742 743 744 745 746 747 748 749]] [50 [750 751 752 753 754 755 756 757 758 759 760 761 762 763 764]] [51 [765 766 767 768 769 770 771 772 773 774 775 776 777 778 779]] [52 [780 781 782 783 784 785 786 787 788 789 790 791 792 793 794]] [53 [795 796 797 798 799 800 801 802 803 804 805 806 807 808 809]] [54 [810 811 812 813 814 815 816 817 818 819 820 821 822 823 824]] [55 [825 826 827 828 829 830 831 832 833 834 835 836 837 838 839]] [56 [840 841 842 843 844 845 846 847 848 849 850 851 852 853 854]] [57 [855 856 857 858 859 860 861 862 863 864 865 866 867 868 869]] [58 [870 871 872 873 874 875 876 877 878 879 880 881 882 883 884]] [59 [885 886 887 888 889 890 891 892 893 894 895 896 897 898 899]] [60 [900 901 902 903 904 905 906 907 908 909 910 911 912 913 914]] [61 [915 916 917 918 919 920 921 922 923 924 925 926 927 928 929]] [62 [930 931 932 933 934 935 936 937 938 939 940 941 942 943 944]] [63 [945 946 947 948 949 950 951 952 953 954 955 956 957 958 959]] [64 [960 961 962 963 964 965 966 967 968 969 970 971 972 973 974]] [65 [975 976 977 978 979 980 981 982 983 984 985 986 987 988 989]] [66 [990 991 992 993 994 995 996 997 998 999 1000 1001 1002 1003 1004]] [67 [1005 1006 1007 1008 1009 1010 1011 1012 1013 1014 1015 1016 1017 1018 1019]] [68 [1020 1021 1022 1023 1024 1025 1026 1027 1028 1029 1030 1031 1032 1033 1034]] [69 [1035 1036 1037 1038 1039 1040 1041 1042 1043 1044 1045 1046 1047 1048 1049]] [70 [1050 1051 1052 1053 1054 1055 1056 1057 1058 1059 1060 1061 1062 1063 1064]] [71 [1065 1066 1067 1068 1069 1070 1071 1072 1073 1074 1075 1076 1077 1078 1079]] [72 [1080 1081 1082 1083 1084 1085 1086 1087 1088 1089 1090 1091 1092 1093 1094]] [73 [1095 1096 1097 1098 1099 1100 1101 1102 1103 1104 1105 1106 1107 1108 1109]] [74 [1110 1111 1112 1113 1114 1115 1116 1117 1118 1119 1120 1121 1122 1123 1124]] [75 [1125 1126 1127 1128 1129 1130 1131 1132 1133 1134 1135 1136 1137 1138 1139]] [76 [1140 1141 1142 1143 1144 1145 1146 1147 1148 1149 1150 1151 1152 1153 1154]] [77 [1155 1156 1157 1158 1159 1160 1161 1162 1163 1164 1165 1166 1167 1168 1169]] [78 [1170 1171 1172 1173 1174 1175 1176 1177 1178 1179 1180 1181 1182 1183 1184]] [79 [1185 1186 1187 1188 1189 1190 1191 1192 1193 1194 1195 1196 1197 1198 1199]] [80 [1200 1201 1202 1203 1204 1205 1206 1207 1208 1209 1210 1211 1212 1213 1214]] [81 [1215 1216 1217 1218 1219 1220 1221 1222 1223 1224 1225 1226 1227 1228 1229]] [82 [1230 1231 1232 1233 1234 1235 1236 1237 1238 1239 1240 1241 1242 1243 1244]] [83 [1245 1246 1247 1248 1249 1250 1251 1252 1253 1254 1255 1256 1257 1258 1259]] [84 [1260 1261 1262 1263 1264 1265 1266 1267 1268 1269 1270 1271 1272 1273 1274]] [85 [1275 1276 1277 1278 1279 1280 1281 1282 1283 1284 1285 1286 1287 1288 1289]] [86 [1290 1291 1292 1293 1294 1295 1296 1297 1298 1299 1300 1301 1302 1303 1304]] [87 [1305 1306 1307 1308 1309 1310 1311 1312 1313 1314 1315 1316 1317 1318 1319]] [88 [1320 1321 1322 1323 1324 1325 1326 1327 1328 1329 1330 1331 1332 1333 1334]] [89 [1335 1336 1337 1338 1339 1340 1341 1342 1343 1344 1345 1346 1347 1348 1349]] [90 [1350 1351 1352 1353 1354 1355 1356 1357 1358 1359 1360 1361 1362 1363 1364]] [91 [1365 1366 1367 1368 1369 1370 1371 1372 1373 1374 1375 1376 1377 1378 1379]] [92 [1380 1381 1382 1383 1384 1385 1386 1387 1388 1389 1390 1391 1392 1393 1394]] [93 [1395 1396 1397 1398 1399 1400 1401 1402 1403 1404 1405 1406 1407 1408 1409]] [94 [1410 1411 1412 1413 1414 1415 1416 1417 1418 1419 1420 1421 1422 1423 1424]] [95 [1425 1426 1427 1428 1429 1430 1431 1432 1433 1434 1435 1436 1437 1438 1439]] [96 [1440 1441 1442 1443 1444 1445 1446 1447 1448 1449 1450 1451 1452 1453 1454]] [97 [1455 1456 1457 1458 1459 1460 1461 1462 1463 1464 1465 1466 1467 1468 1469]] [98 [1470 1471 1472 1473 1474 1475 1476 1477 1478 1479 1480 1481 1482 1483 1484]] [99 [1485 1486 1487 1488 1489 1490 1491 1492 1493 1494 1495 1496 1497 1498 1499]]]","[[0 [0 1 2 3 4 5 6 7 8 9 10 11 12 13 14]] [1 [15 16 17 18 19 20 21 22 23 24 25 26 27 28 29]] [2 [30 31 32 33 34 35 36 37 38 39 40 41 42 43 44]] [3 [45 46 47 48 49 50 51 52 53 54 55 56 57 58 59]] [4 [60 61 62 63 64 65 66 67 68 69 70 71 72 73 74]] [5 [75 76 77 78 79 80 81 82 83 84 85 86 87 88 89]] [6 [90 91 92 93 94 95 96 97 98 99 100 101 102 103 104]] [7 [105 106 107 108 109 110 111 112 113 114 115 116 117 118 119]] [8 [120 121 122 123 124 125 126 127 128 129 130 131 132 133 134]] [9 [135 136 137 138 139 140 141 142 143 144 145 146 147 148 149]] [10 [150 151 152 153 154 155 156 157 158 159 160 161 162 163 164]] [11 [165 166 167 168 169 170 171 172 173 174 175 176 177 178 179]] [12 [180 181 182 183 184 185 186 187 188 189 190 191 192 193 194]] [13 [195 196 197 198 199 200 201 202 203 204 205 206 207 208 209]] [14 [210 211 212 213 214 215 216 217 218 219 220 221 222 223 224]] [15 [225 226 227 228 229 230 231 232 233 234 235 236 237 238 239]] [16 [240 241 242 243 244 245 246 247 248 249 250 251 252 253 254]] [17 [255 256 257 258 259 260 261 262 263 264 265 266 267 268 269]] [18 [270 271 272 273 274 275 276 277 278 279 280 281 282 283 284]] [19 [285 286 287 288 289 290 291 292 293 294 295 296 297 298 299]] [20 [300 301 302 303 304 305 306 307 308 309 310 311 312 313 314]] [21 [315 316 317 318 319 320 321 322 323 324 325 326 327 328 329]] [22 [330 331 332 333 334 335 336 337 338 339 340 341 342 343 344]] [23 [345 346 347 348 349 350 351 352 353 354 355 356 357 358 359]] [24 [360 361 362 363 364 365 366 367 368 369 370 371 372 373 374]] [25 [375 376 377 378 379 380 381 382 383 384 385 386 387 388 389]] [26 [390 391 392 393 394 395 396 397 398 399 400 401 402 403 404]] [27 [405 406 407 408 409 410 411 412 413 414 415 416 417 418 419]] [28 [420 421 422 423 424 425 426 427 428 429 430 431 432 433 434]] [29 [435 436 437 438 439 440 441 442 443 444 445 446 447 448 449]] [30 [450 451 452 453 454 455 456 457 458 459 460 461 462 463 464]] [31 [465 466 467 468 469 470 471 472 473 474 475 476 477 478 479]] [32 [480 481 482 483 484 485 486 487 488 489 490 491 492 493 494]] [33 [495 496 497 498 499 500 501 502 503 504 505 506 507 508 509]] [34 [510 511 512 513 514 515 516 517 518 519 520 521 522 523 524]] [35 [525 526 527 528 529 530 531 532 533 534 535 536 537 538 539]] [36 [540 541 542 543 544 545 546 547 548 549 550 551 552 553 554]] [37 [555 556 557 558 559 560 561 562 563 564 565 566 567 568 569]] [38 [570 571 572 573 574 575 576 577 578 579 580 581 582 583 584]] [39 [585 586 587 588 589 590 591 592 593 594 595 596 597 598 599]] [40 [600 601 602 603 604 605 606 607 608 609 610 611 612 613 614]] [41 [615 616 617 618 619 620 621 622 623 624 625 626 627 628 629]] [42 [630 631 632 633 634 635 636 637 638 639 640 641 642 643 644]] [43 [645 646 647 648 649 650 651 652 653 654 655 656 657 658 659]] [44 [660 661 662 663 664 665 666 667 668 669 670 671 672 673 674]] [45 [675 676 677 678 679 680 681 682 683 684 685 686 687 688 689]] [46 [690 691 692 693 694 695 696 697 698 699 700 701 702 703 704]] [47 [705 706 707 708 709 710 711 712 713 714 715 716 717 718 719]] [48 [720 721 722 723 724 725 726 727 728 729 730 731 732 733 734]] [49 [735 736 737 738 739 740 741 742 743 744 745 746 747 748 749]] [50 [750 751 752 753 754 755 756 757 758 759 760 761 762 763 764]] [51 [765 766 767 768 769 770 771 772 773 774 775 776 777 778 779]] [52 [780 781 782 783 784 785 786 787 788 789 790 791 792 793 794]] [53 [795 796 797 798 799 800 801 802 803 804 805 806 807 808 809]] [54 [810 811 812 813 814 815 816 817 818 819 820 821 822 823 824]] [55 [825 826 827 828 829 830 831 832 833 834 835 836 837 838 839]] [56 [840 841 842 843 844 845 846 847 848 849 850 851 852 853 854]] [57 [855 856 857 858 859 860 861 862 863 864 865 866 867 868 869]] [58 [870 871 872 873 874 875 876 877 878 879 880 881 882 883 884]] [59 [885 886 887 888 889 890 891 892 893 894 895 896 897 898 899]] [60 [900 901 902 903 904 905 906 907 908 909 910 911 912 913 914]] [61 [915 916 917 918 919 920 921 922 923 924 925 926 927 928 929]] [62 [930 931 932 933 934 935 936 937 938 939 940 941 942 943 944]] [63 [945 946 947 948 949 950 951 952 953 954 955 956 957 958 959]] [64 [960 961 962 963 964 965 966 967 968 969 970 971 972 973 974]] [65 [975 976 977 978 979 980 981 982 983 984 985 986 987 988 989]] [66 [990 991 992 993 994 995 996 997 998 999 1000 1001 1002 1003 1004]] [67 [1005 1006 1007 1008 1009 1010 1011 1012 1013 1014 1015 1016 1017 1018 1019]] [68 [1020 1021 1022 1023 1024 1025 1026 1027 1028 1029 1030 1031 1032 1033 1034]] [69 [1035 1036 1037 1038 1039 1040 1041 1042 1043 1044 1045 1046 1047 1048 1049]] [70 [1050 1051 1052 1053 1054 1055 1056 1057 1058 1059 1060 1061 1062 1063 1064]] [71 [1065 1066 1067 1068 1069 1070 1071 1072 1073 1074 1075 1076 1077 1078 1079]] [72 [1080 1081 1082 1083 1084 1085 1086 1087 1088 1089 1090 1091 1092 1093 1094]] [73 [1095 1096 1097 1098 1099 1100 1101 1102 1103 1104 1105 1106 1107 1108 1109]] [74 [1110 1111 1112 1113 1114 1115 1116 1117 1118 1119 1120 1121 1122 1123 1124]] [75 [1125 1126 1127 1128 1129 1130 1131 1132 1133 1134 1135 1136 1137 1138 1139]] [76 [1140 1141 1142 1143 1144 1145 1146 1147 1148 1149 1150 1151 1152 1153 1154]] [77 [1155 1156 1157 1158 1159 1160 1161 1162 1163 1164 1165 1166 1167 1168 1169]] [78 [1170 1171 1172 1173 1174 1175 1176 1177 1178 1179 1180 1181 1182 1183 1184]] [79 [1185 1186 1187 1188 1189 1190 1191 1192 1193 1194 1195 1196 1197 1198 1199]] [80 [1200 1201 1202 1203 1204 1205 1206 1207 1208 1209 1210 1211 1212 1213 1214]] [81 [1215 1216 1217 1218 1219 1220 1221 1222 1223 1224 1225 1226 1227 1228 1229]] [82 [1230 1231 1232 1233 1234 1235 1236 1237 1238 1239 1240 1241 1242 1243 1244]] [83 [1245 1246 1247 1248 1249 1250 1251 1252 1253 1254 1255 1256 1257 1258 1259]] [84 [1260 1261 1262 1263 1264 1265 1266 1267 1268 1269 1270 1271 1272 1273 1274]] [85 [1275 1276 1277 1278 1279 1280 1281 1282 1283 1284 1285 1286 1287 1288 1289]] [86 [1290 1291 1292 1293 1294 1295 1296 1297 1298 1299 1300 1301 1302 1303 1304]] [87 [1305 1306 1307 1308 1309 1310 1311 1312 1313 1314 1315 1316 1317 1318 1319]] [88 [1320 1321 1322 1323 1324 1325 1326 1327 1328 1329 1330 1331 1332 1333 1334]] [89 [1335 1336 1337 1338 1339 1340 1341 1342 1343 1344 1345 1346 1347 1348 1349]] [90 [1350 1351 1352 1353 1354 1355 1356 1357 1358 1359 1360 1361 1362 1363 1364]] [91 [1365 1366 1367 1368 1369 1370 1371 1372 1373 1374 1375 1376 1377 1378 1379]] [92 [1380 1381 1382 1383 1384 1385 1386 1387 1388 1389 1390 1391 1392 1393 1394]] [93 [1395 1396 1397 1398 1399 1400 1401 1402 1403 1404 1405 1406 1407 1408 1409]] [94 [1410 1411 1412 1413 1414 1415 1416 1417 1418 1419 1420 1421 1422 1423 1424]] [95 [1425 1426 1428 1429 1430 1431 1432 1433 1434 1435 1436 1437 1438 1439]] [96 [1440 1441 1442 1443 1444 1445 1446 1447 1448 1449 1450 1451 1452 1453 1454]] [97 [1455 1456 1457 1458 1459 1460 1461 1462 1463 1464 1465 1466 1467 1468 1469]] [98 [1470 1471 1472 1473 1474 1475 1476 1477 1478 1479 1480 1481 1482 1483 1484]] [99 [1485 1486 1487 1488 1489 1490 1491 1492 1493 1494 1495 1496 1497 1498 1499]]]",,"[[{media 50} [[""A"" [4 4 4 4 4 4 4 4 4 4]]]] [{media 51} [[""A"" [4 4 4 4 4 4 4 4 4 4]]]] [{media 52} [[""A"" [4 4 4 4 4 4 4 4 4 4]]]] [{media 53} [[""A"" [4 4 4 4 4 4 4 4 4 4]]]] [{media 54} [[""A"" [4 4 4 4 4 4 4 4 4 4]]]] [{media 55} [[""A"" [4 4 4 4 4 4 4 4 4 4]]]] [{media 56} [[""A"" [4 4 4 4 4 4 4 4 4 4]]]] [{media 57} [[""A"" [4 4 4 4 4 4 4 4 4 4]]]] [{media 58} [[""A"" [4 4 4 4 4 4 4 4 4 4]]]] [{media 62} [[""A"" [4 4 4 4 4 4 4 4 4 4]]]] [{citizen 0} [[""A"" [4 4 4 4 4 4 4 4 4 4]]]] [{citizen 1} [[""A"" [4 4 4 4 4 4 4 4 4 4]]]] [{citizen 5} [[""A"" [4 4 4 4 4 4 4 4 4 4]]]] [{citizen 8} [[""A"" [4 4 4 4 4 4 4 4 4 4]]]] [{media 63} [[""A"" [4 4 4 4 4 4 4 4 4 4]]]] [{citizen 6} [[""A"" [4 4 4 4 4 4 4 4 4 4]]]] [{citizen 20} [[""A"" [4 4 4 4 4 4 4 4 4 4]]]] [{media 59} [[""A"" [4 4 4 4 4 4 4 4 4 4]]]] [{citizen 2} [[""A"" [4 4 4 4 4 4 4 4 4 4]]]] [{media 60} [[""A"" [4 4 4 4 4 4 4 4 4 4]]]] [{citizen 15} [[""A"" [4 4 4 4 4 4 4 4 4 4]]]] [{citizen 16} [[""A"" [4 4 4 4 4 4 4 4 4 4]]]] [{citizen 4} [[""A"" [4 4 4 4 4 4 4 4 4 4]]]] [{media 64} [[""A"" [4 4 4 4 4 4 4 4 4 4]]]] [{citizen 9} [[""A"" [4 4 4 4 4 4 4 4 4 4]]]] [{citizen 14} [[""A"" [4 4 4 4 4 4 4 4 4 4]]]] [{media 61} [[""A"" [4 4 4 4 4 4 4 4 4 4]]]] [{citizen 49} [[""A"" [4 4 4 4 4 4 4 4 4 4]]]] [{citizen 17} [[""A"" [4 4 4 4 4 4 4 4 4 4]]]] [{citizen 46} [[""A"" [4 4 4 4 4 4 4 4 4 4]]]] [{citizen 27} [[""A"" [4 4 4 4 4 4 4 4 4 4]]]] [{citizen 45} [[""A"" [4 4 4 4 4 4 4 4 4 4]]]] [{citizen 7} [[""A"" [4 4 4 4 4 4 4 4 4 4]]]] [{citizen 40} [[""A"" [4 4 4 4 4 4 4 4 4 4]]]] [{citizen 35} [[""A"" [4 4 4 4 4 4 4 4 4 4]]]] [{citizen 23} [[""A"" [4 4 4 4 4 4 4 4 4 4]]]] [{citizen 24} [[""A"" [4 4 4 4 4 4 4 4 4 4]]]] [{citizen 44} [[""A"" [4 4 4 4 4 4 4 4 4 4]]]] [{citizen 32} [[""A"" [4 4 4 4 4 4 4 4 4 4]]]] [{citizen 39} [[""A"" [4 4 4 4 4 4 4 4 4 4]]]] [{citizen 21} [[""A"" [4 4 4 4 4 4 4 4 4 4]]]] [{citizen 11} [[""A"" [4 4 4 4 4 4 4 4 4 4]]]] [{citizen 19} [[""A"" [4 4 4 4 4 4 4 4 4 4]]]] [{citizen 42} [[""A"" [4 4 4 4 4 4 4 4 4 4]]]] [{citizen 37} [[""A"" [4 4 4 4 4 4 4 4 4 4]]]] [{citizen 30} [[""A"" [4 4 4 4 4 4 4 4 4 4]]]] [{citizen 28} [[""A"" [4 4 4 4 4 4 4 4 4 4]]]] [{citizen 22} [[""A"" [4 4 4 4 4 4 4 4 4 4]]]] [{citizen 12} [[""A"" [4 4 4 4 4 4 4 4 4 4]]]] [{citizen 13} [[""A"" [4 4 4 4 4 4 4 4 4 4]]]] [{citizen 10} [[""A"" [4 4 4 4 4 4 4 4 4 4]]]] [{citizen 48} [[""A"" [4 4 4 4 4 4 4 4 4 4]]]] [{citizen 43} [[""A"" [4 4 4 4 4 4 4 4 4 4]]]] [{citizen 26} [[""A"" [4 4 4 4 4 4 4 4 4 4]]]] [{citizen 29} [[""A"" [4 4 4 4 4 4 4 4 4 4]]]] [{citizen 38} [[""A"" [4 4 4 4 4 4 4 4 4 4]]]] [{citizen 36} [[""A"" [4 4 4 4 4 4 4 4 4 4]]]] [{citizen 41} [[""A"" [4 4 4 4 4 4 4 4 4 4]]]] [{citizen 34} [[""A"" [4 4 4 4 4 4 4 4 4 4]]]] [{citizen 47} [[""A"" [4 4 4 4 4 4 4 4 4 4]]]] [{citizen 3} [[""A"" [4 4 4 4 4 4 4 4 4 4]]]]]"
"32","[85 0 170]","317.872340425532","-2.7842901543885974","3.911372559841661","""circle""","""""","9.9","{breed citizens}","false","0.5","1","""up""",,"[[""ID"" 43] [""alpha"" 1] [""beta"" 1] [""malleable"" [""A""]] [""prior"" []] [""cont_tokens"" []] [""A"" 4]]","[[0 [0 1 2 3 4 5 6 7 8 9 10 11 12 13 14]] [1 [15 16 17 18 19 20 21 22 23 24 25 26 27 28 29]] [2 [30 31 32 33 34 35 36 37 38 39 40 41 42 43 44]] [3 [45 46 47 48 49 50 51 52 53 54 55 56 57 58 59]] [4 [60 61 62 63 64 65 66 67 68 69 70 71 72 73 74]] [5 [75 76 77 78 79 80 81 82 83 84 85 86 87 88 89]] [6 [90 91 92 93 94 95 96 97 98 99 100 101 102 103 104]] [7 [105 106 107 108 109 110 111 112 113 114 115 116 117 118 119]] [8 [120 121 122 123 124 125 126 127 128 129 130 131 132 133 134]] [9 [135 136 137 138 139 140 141 142 143 144 145 146 147 148 149]] [10 [150 151 152 153 154 155 156 157 158 159 160 161 162 163 164]] [11 [165 166 167 168 169 170 171 172 173 174 175 176 177 178 179]] [12 [180 181 182 183 184 185 186 187 188 189 190 191 192 193 194]] [13 [195 196 197 198 199 200 201 202 203 204 205 206 207 208 209]] [14 [210 211 212 213 214 215 216 217 218 219 220 221 222 223 224]] [15 [225 226 227 228 229 230 231 232 233 234 235 236 237 238 239]] [16 [240 241 242 243 244 245 246 247 248 249 250 251 252 253 254]] [17 [255 256 257 258 259 260 261 262 263 264 265 266 267 268 269]] [18 [270 271 272 273 274 275 276 277 278 279 280 281 282 283 284]] [19 [285 286 287 288 289 290 291 292 293 294 295 296 297 298 299]] [20 [300 301 302 303 304 305 306 307 308 309 310 311 312 313 314]] [21 [315 316 317 318 319 320 321 322 323 324 325 326 327 328 329]] [22 [330 331 332 333 334 335 336 337 338 339 340 341 342 343 344]] [23 [345 346 347 348 349 350 351 352 353 354 355 356 357 358 359]] [24 [360 361 362 363 364 365 366 367 368 369 370 371 372 373 374]] [25 [375 376 377 378 379 380 381 382 383 384 385 386 387 388 389]] [26 [390 391 392 393 394 395 396 397 398 399 400 401 402 403 404]] [27 [405 406 407 408 409 410 411 412 413 414 415 416 417 418 419]] [28 [420 421 422 423 424 425 426 427 428 429 430 431 432 433 434]] [29 [435 436 437 438 439 440 441 442 443 444 445 446 447 448 449]] [30 [450 451 452 453 454 455 456 457 458 459 460 461 462 463 464]] [31 [465 466 467 468 469 470 471 472 473 474 475 476 477 478 479]] [32 [480 481 482 483 484 485 486 487 488 489 490 491 492 493 494]] [33 [495 496 497 498 499 500 501 502 503 504 505 506 507 508 509]] [34 [510 511 512 513 514 515 516 517 518 519 520 521 522 523 524]] [35 [525 526 527 528 529 530 531 532 533 534 535 536 537 538 539]] [36 [540 541 542 543 544 545 546 547 548 549 550 551 552 553 554]] [37 [555 556 557 558 559 560 561 562 563 564 565 566 567 568 569]] [38 [570 571 572 573 574 575 576 577 578 579 580 581 582 583 584]] [39 [585 586 587 588 589 590 591 592 593 594 595 596 597 598 599]] [40 [600 601 602 603 604 605 606 607 608 609 610 611 612 613 614]] [41 [615 616 617 618 619 620 621 622 623 624 625 626 627 628 629]] [42 [630 631 632 633 634 635 636 637 638 639 640 641 642 643 644]] [43 [645 646 647 648 649 650 651 652 653 654 655 656 657 658 659]] [44 [660 661 662 663 664 665 666 667 668 669 670 671 672 673 674]] [45 [675 676 677 678 679 680 681 682 683 684 685 686 687 688 689]] [46 [690 691 692 693 694 695 696 697 698 699 700 701 702 703 704]] [47 [705 706 707 708 709 710 711 712 713 714 715 716 717 718 719]] [48 [720 721 722 723 724 725 726 727 728 729 730 731 732 733 734]] [49 [735 736 737 738 739 740 741 742 743 744 745 746 747 748 749]] [50 [750 751 752 753 754 755 756 757 758 759 760 761 762 763 764]] [51 [765 766 767 768 769 770 771 772 773 774 775 776 777 778 779]] [52 [780 781 782 783 784 785 786 787 788 789 790 791 792 793 794]] [53 [795 796 797 798 799 800 801 802 803 804 805 806 807 808 809]] [54 [810 811 812 813 814 815 816 817 818 819 820 821 822 823 824]] [55 [825 826 827 828 829 830 831 832 833 834 835 836 837 838 839]] [56 [840 841 842 843 844 845 846 847 848 849 850 851 852 853 854]] [57 [855 856 857 858 859 860 861 862 863 864 865 866 867 868 869]] [58 [870 871 872 873 874 875 876 877 878 879 880 881 882 883 884]] [59 [885 886 887 888 889 890 891 892 893 894 895 896 897 898 899]] [60 [900 901 902 903 904 905 906 907 908 909 910 911 912 913 914]] [61 [915 916 917 918 919 920 921 922 923 924 925 926 927 928 929]] [62 [930 931 932 933 934 935 936 937 938 939 940 941 942 943 944]] [63 [945 946 947 948 949 950 951 952 953 954 955 956 957 958 959]] [64 [960 961 962 963 964 965 966 967 968 969 970 971 972 973 974]] [65 [975 976 977 978 979 980 981 982 983 984 985 986 987 988 989]] [66 [990 991 992 993 994 995 996 997 998 999 1000 1001 1002 1003 1004]] [67 [1005 1006 1007 1008 1009 1010 1011 1012 1013 1014 1015 1016 1017 1018 1019]] [68 [1020 1021 1022 1023 1024 1025 1026 1027 1028 1029 1030 1031 1032 1033 1034]] [69 [1035 1036 1037 1038 1039 1040 1041 1042 1043 1044 1045 1046 1047 1048 1049]] [70 [1050 1051 1052 1053 1054 1055 1056 1057 1058 1059 1060 1061 1062 1063 1064]] [71 [1065 1066 1067 1068 1069 1070 1071 1072 1073 1074 1075 1076 1077 1078 1079]] [72 [1080 1081 1082 1083 1084 1085 1086 1087 1088 1089 1090 1091 1092 1093 1094]] [73 [1095 1096 1097 1098 1099 1100 1101 1102 1103 1104 1105 1106 1107 1108 1109]] [74 [1110 1111 1112 1113 1114 1115 1116 1117 1118 1119 1120 1121 1122 1123 1124]] [75 [1125 1126 1127 1128 1129 1130 1131 1132 1133 1134 1135 1136 1137 1138 1139]] [76 [1140 1141 1142 1143 1144 1145 1146 1147 1148 1149 1150 1151 1152 1153 1154]] [77 [1155 1156 1157 1158 1159 1160 1161 1162 1163 1164 1165 1166 1167 1168 1169]] [78 [1170 1171 1172 1173 1174 1175 1176 1177 1178 1179 1180 1181 1182 1183 1184]] [79 [1185 1186 1187 1188 1189 1190 1191 1192 1193 1194 1195 1196 1197 1198 1199]] [80 [1200 1201 1202 1203 1204 1205 1206 1207 1208 1209 1210 1211 1212 1213 1214]] [81 [1215 1216 1217 1218 1219 1220 1221 1222 1223 1224 1225 1226 1227 1228 1229]] [82 [1230 1231 1232 1233 1234 1235 1236 1237 1238 1239 1240 1241 1242 1243 1244]] [83 [1245 1246 1247 1248 1249 1250 1251 1252 1253 1254 1255 1256 1257 1258 1259]] [84 [1260 1261 1262 1263 1264 1265 1266 1267 1268 1269 1270 1271 1272 1273 1274]] [85 [1275 1276 1277 1278 1279 1280 1281 1282 1283 1284 1285 1286 1287 1288 1289]] [86 [1290 1291 1292 1293 1294 1295 1296 1297 1298 1299 1300 1301 1302 1303 1304]] [87 [1305 1306 1307 1308 1309 1310 1311 1312 1313 1314 1315 1316 1317 1318 1319]] [88 [1320 1321 1322 1323 1324 1325 1326 1327 1328 1329 1330 1331 1332 1333 1334]] [89 [1335 1336 1337 1338 1339 1340 1341 1342 1343 1344 1345 1346 1347 1348 1349]] [90 [1350 1351 1352 1353 1354 1355 1356 1357 1358 1359 1360 1361 1362 1363 1364]] [91 [1365 1366 1367 1368 1369 1370 1371 1372 1373 1374 1375 1376 1377 1378 1379]] [92 [1380 1381 1382 1383 1384 1385 1386 1387 1388 1389 1390 1391 1392 1393 1394]] [93 [1395 1396 1397 1398 1399 1400 1401 1402 1403 1404 1405 1406 1407 1408 1409]] [94 [1410 1411 1412 1413 1414 1415 1416 1417 1418 1419 1420 1421 1422 1423 1424]] [95 [1425 1426 1427 1428 1429 1430 1431 1432 1433 1434 1435 1436 1437 1438 1439]] [96 [1440 1441 1442 1443 1444 1445 1446 1447 1448 1449 1450 1451 1452 1453 1454]] [97 [1455 1456 1457 1458 1459 1460 1461 1462 1463 1464 1465 1466 1467 1468 1469]] [98 [1470 1471 1472 1473 1474 1475 1476 1477 1478 1479 1480 1481 1482 1483 1484]] [99 [1485 1486 1487 1488 1489 1490 1491 1492 1493 1494 1495 1496 1497 1498 1499]]]","[[0 [0 1 2 3 4 5 6 7 8 9 10 11 12 13 14]] [1 [15 16 17 18 19 20 21 22 23 24 25 26 27 28 29]] [2 [30 31 32 33 34 35 36 37 38 39 40 41 42 43 44]] [3 [45 46 47 48 49 50 51 52 53 54 55 56 57 58 59]] [4 [60 61 62 63 64 65 66 67 68 69 70 71 72 73 74]] [5 [75 76 77 78 79 80 81 82 83 84 85 86 87 88 89]] [6 [90 91 92 93 94 95 96 97 98 99 100 101 102 103 104]] [7 [105 106 107 108 109 110 111 112 113 114 115 116 117 118 119]] [8 [120 121 122 123 124 125 126 127 128 129 130 131 132 133 134]] [9 [135 136 137 138 139 140 141 142 143 144 145 146 147 148 149]] [10 [150 151 152 153 154 155 156 157 158 159 160 161 162 163 164]] [11 [165 166 167 168 169 170 171 172 173 174 175 176 177 178 179]] [12 [180 181 182 183 184 185 186 187 188 189 190 191 192 193 194]] [13 [195 196 197 198 199 200 201 202 203 204 205 206 207 208 209]] [14 [210 211 212 213 214 215 216 217 218 219 220 221 222 223 224]] [15 [225 226 227 228 229 230 231 232 233 234 235 236 237 238 239]] [16 [240 241 242 243 244 245 246 247 248 249 250 251 252 253 254]] [17 [255 256 257 258 259 260 261 262 263 264 265 266 267 268 269]] [18 [270 271 272 273 274 275 276 277 278 279 280 281 282 283 284]] [19 [285 286 287 288 289 290 291 292 293 294 295 296 297 298 299]] [20 [300 301 302 303 304 305 306 307 308 309 310 311 312 313 314]] [21 [315 316 317 318 319 320 321 322 323 324 325 326 327 328 329]] [22 [330 331 332 333 334 335 336 337 338 339 340 341 342 343 344]] [23 [345 346 347 348 349 350 351 352 353 354 355 356 357 358 359]] [24 [360 361 362 363 364 365 366 367 368 369 370 371 372 373 374]] [25 [375 376 377 378 379 380 381 382 383 384 385 386 387 388 389]] [26 [390 391 392 393 394 395 396 397 398 399 400 401 402 403 404]] [27 [405 406 407 408 409 410 411 412 413 414 415 416 417 418 419]] [28 [420 421 422 423 424 425 426 427 428 429 430 431 432 433 434]] [29 [435 436 437 438 439 440 441 442 443 444 445 446 447 448 449]] [30 [450 451 452 453 454 455 456 457 458 459 460 461 462 463 464]] [31 [465 466 467 468 469 470 471 472 473 474 475 476 477 478 479]] [32 [480 481 482 483 484 485 486 487 488 489 490 491 492 493 494]] [33 [495 496 497 498 499 500 501 502 503 504 505 506 507 508 509]] [34 [510 511 512 513 514 515 516 517 518 519 520 521 522 523 524]] [35 [525 526 527 528 529 530 531 532 533 534 535 536 537 538 539]] [36 [540 541 542 543 544 545 546 547 548 549 550 551 552 553 554]] [37 [555 556 557 558 559 560 561 562 563 564 565 566 567 568 569]] [38 [570 571 572 573 574 575 576 577 578 579 580 581 582 583 584]] [39 [585 586 587 588 589 590 591 592 593 594 595 596 597 598 599]] [40 [600 601 602 603 604 605 606 607 608 609 610 611 612 613 614]] [41 [615 616 617 618 619 620 621 622 623 624 625 626 627 628 629]] [42 [630 631 632 633 634 635 636 637 638 639 640 641 642 643 644]] [43 [645 646 647 648 649 650 651 652 653 654 655 656 657 658 659]] [44 [660 661 662 663 664 665 666 667 668 669 670 671 672 673 674]] [45 [675 676 677 678 679 680 681 682 683 684 685 686 687 688 689]] [46 [690 691 692 693 694 695 696 697 698 699 700 701 702 703 704]] [47 [705 706 707 708 709 710 711 712 713 714 715 716 717 718 719]] [48 [720 721 722 723 724 725 726 727 728 729 730 731 732 733 734]] [49 [735 736 737 738 739 740 741 742 743 744 745 746 747 748 749]] [50 [750 751 752 753 754 755 756 757 758 759 760 761 762 763 764]] [51 [765 766 767 768 769 770 771 772 773 774 775 776 777 778 779]] [52 [780 781 782 783 784 785 786 787 788 789 790 791 792 793 794]] [53 [795 796 797 798 799 800 801 802 803 804 805 806 807 808 809]] [54 [810 811 812 813 814 815 816 817 818 819 820 821 822 823 824]] [55 [825 826 827 828 829 830 831 832 833 834 835 836 837 838 839]] [56 [840 841 842 843 844 845 846 847 848 849 850 851 852 853 854]] [57 [855 856 857 858 859 860 861 862 863 864 865 866 867 868 869]] [58 [870 871 872 873 874 875 876 877 878 879 880 881 882 883 884]] [59 [885 886 887 888 889 890 891 892 893 894 895 896 897 898 899]] [60 [900 901 902 903 904 905 906 907 908 909 910 911 912 913 914]] [61 [915 916 917 918 919 920 921 922 923 924 925 926 927 928 929]] [62 [930 931 932 933 934 935 936 937 938 939 940 941 942 943 944]] [63 [945 946 947 948 949 950 951 952 953 954 955 956 957 958 959]] [64 [960 961 962 963 964 965 966 967 968 969 970 971 972 973 974]] [65 [975 976 977 978 979 980 981 982 983 984 985 986 987 988 989]] [66 [990 991 992 993 994 995 996 997 998 999 1000 1001 1002 1003 1004]] [67 [1005 1006 1007 1008 1009 1010 1011 1012 1013 1014 1015 1016 1017 1018 1019]] [68 [1020 1021 1022 1023 1024 1025 1026 1027 1028 1030 1031 1032 1033 1034]] [69 [1035 1036 1037 1038 1039 1040 1041 1042 1043 1044 1045 1046 1047 1048 1049]] [70 [1050 1051 1052 1053 1054 1055 1056 1057 1058 1059 1060 1061 1062 1063 1064]] [71 [1065 1066 1067 1068 1069 1070 1071 1072 1073 1074 1075 1076 1077 1078 1079]] [72 [1080 1081 1082 1083 1084 1085 1086 1087 1088 1089 1090 1091 1092 1093 1094]] [73 [1095 1096 1097 1098 1099 1100 1101 1102 1103 1104 1105 1106 1107 1108 1109]] [74 [1110 1111 1112 1113 1114 1115 1116 1117 1118 1119 1120 1121 1122 1123 1124]] [75 [1125 1126 1127 1128 1129 1130 1131 1132 1133 1134 1135 1136 1137 1138 1139]] [76 [1140 1141 1142 1143 1144 1145 1146 1147 1148 1149 1150 1151 1152 1153 1154]] [77 [1155 1156 1157 1158 1159 1160 1161 1162 1163 1164 1165 1166 1167 1168 1169]] [78 [1170 1171 1172 1173 1174 1175 1176 1177 1178 1179 1180 1181 1182 1183 1184]] [79 [1185 1186 1187 1188 1189 1190 1191 1192 1193 1194 1195 1196 1197 1198 1199]] [80 [1200 1201 1202 1203 1204 1205 1206 1207 1208 1209 1210 1211 1212 1213 1214]] [81 [1215 1216 1217 1218 1219 1220 1221 1222 1223 1224 1225 1226 1227 1228 1229]] [82 [1230 1231 1232 1233 1234 1235 1236 1237 1238 1239 1240 1241 1242 1243 1244]] [83 [1245 1246 1247 1248 1249 1250 1251 1252 1253 1254 1255 1256 1257 1258 1259]] [84 [1260 1261 1262 1263 1264 1265 1266 1267 1268 1269 1270 1271 1272 1273 1274]] [85 [1275 1276 1277 1278 1279 1280 1281 1282 1283 1284 1285 1286 1287 1288 1289]] [86 [1290 1291 1292 1293 1294 1295 1296 1297 1298 1299 1300 1301 1302 1303 1304]] [87 [1305 1306 1307 1308 1309 1310 1311 1312 1313 1314 1315 1316 1317 1318 1319]] [88 [1320 1321 1322 1323 1324 1325 1326 1327 1328 1329 1330 1331 1332 1333 1334]] [89 [1335 1336 1337 1338 1339 1340 1341 1342 1343 1344 1345 1346 1347 1348 1349]] [90 [1350 1351 1352 1353 1354 1355 1356 1357 1358 1359 1360 1361 1362 1363 1364]] [91 [1365 1366 1367 1368 1369 1370 1371 1372 1373 1374 1375 1376 1377 1378 1379]] [92 [1380 1381 1382 1383 1384 1385 1386 1387 1388 1389 1390 1391 1392 1393 1394]] [93 [1395 1396 1397 1398 1399 1400 1401 1402 1403 1404 1405 1406 1407 1408 1409]] [94 [1410 1411 1412 1413 1414 1415 1416 1417 1418 1419 1420 1421 1422 1423 1424]] [95 [1425 1426 1427 1428 1429 1430 1431 1432 1433 1434 1435 1436 1437 1438 1439]] [96 [1440 1441 1442 1443 1444 1445 1446 1447 1448 1449 1450 1451 1452 1453 1454]] [97 [1455 1456 1457 1458 1459 1460 1461 1462 1463 1464 1465 1466 1467 1468 1469]] [98 [1470 1471 1472 1473 1474 1475 1476 1477 1478 1479 1480 1481 1482 1483 1484]] [99 [1485 1486 1487 1488 1489 1490 1491 1492 1493 1494 1495 1496 1497 1498 1499]]]",,"[[{citizen 36} [[""A"" [4 4 4 4 4 4 4 4 4 4]]]] [{citizen 39} [[""A"" [4 4 4 4 4 4 4 4 4 4]]]] [{media 50} [[""A"" [4 4 4 4 4 4 4 4 4 4]]]] [{media 51} [[""A"" [4 4 4 4 4 4 4 4 4 4]]]] [{media 52} [[""A"" [4 4 4 4 4 4 4 4 4 4]]]] [{media 53} [[""A"" [4 4 4 4 4 4 4 4 4 4]]]] [{media 54} [[""A"" [4 4 4 4 4 4 4 4 4 4]]]] [{media 55} [[""A"" [4 4 4 4 4 4 4 4 4 4]]]] [{media 56} [[""A"" [4 4 4 4 4 4 4 4 4 4]]]] [{media 57} [[""A"" [4 4 4 4 4 4 4 4 4 4]]]] [{media 58} [[""A"" [4 4 4 4 4 4 4 4 4 4]]]] [{media 62} [[""A"" [4 4 4 4 4 4 4 4 4 4]]]] [{citizen 19} [[""A"" [4 4 4 4 4 4 4 4 4 4]]]] [{citizen 2} [[""A"" [4 4 4 4 4 4 4 4 4 4]]]] [{citizen 5} [[""A"" [4 4 4 4 4 4 4 4 4 4]]]] [{citizen 8} [[""A"" [4 4 4 4 4 4 4 4 4 4]]]] [{citizen 14} [[""A"" [4 4 4 4 4 4 4 4 4 4]]]] [{media 63} [[""A"" [4 4 4 4 4 4 4 4 4 4]]]] [{citizen 6} [[""A"" [4 4 4 4 4 4 4 4 4 4]]]] [{citizen 7} [[""A"" [4 4 4 4 4 4 4 4 4 4]]]] [{citizen 1} [[""A"" [4 4 4 4 4 4 4 4 4 4]]]] [{citizen 9} [[""A"" [4 4 4 4 4 4 4 4 4 4]]]] [{media 59} [[""A"" [4 4 4 4 4 4 4 4 4 4]]]] [{media 60} [[""A"" [4 4 4 4 4 4 4 4 4 4]]]] [{citizen 4} [[""A"" [4 4 4 4 4 4 4 4 4 4]]]] [{media 64} [[""A"" [4 4 4 4 4 4 4 4 4 4]]]] [{citizen 0} [[""A"" [4 4 4 4 4 4 4 4 4 4]]]] [{media 61} [[""A"" [4 4 4 4 4 4 4 4 4 4]]]] [{citizen 49} [[""A"" [4 4 4 4 4 4 4 4 4 4]]]] [{citizen 17} [[""A"" [4 4 4 4 4 4 4 4 4 4]]]] [{citizen 46} [[""A"" [4 4 4 4 4 4 4 4 4 4]]]] [{citizen 27} [[""A"" [4 4 4 4 4 4 4 4 4 4]]]] [{citizen 45} [[""A"" [4 4 4 4 4 4 4 4 4 4]]]] [{citizen 40} [[""A"" [4 4 4 4 4 4 4 4 4 4]]]] [{citizen 16} [[""A"" [4 4 4 4 4 4 4 4 4 4]]]] [{citizen 35} [[""A"" [4 4 4 4 4 4 4 4 4 4]]]] [{citizen 23} [[""A"" [4 4 4 4 4 4 4 4 4 4]]]] [{citizen 24} [[""A"" [4 4 4 4 4 4 4 4 4 4]]]] [{citizen 44} [[""A"" [4 4 4 4 4 4 4 4 4 4]]]] [{citizen 21} [[""A"" [4 4 4 4 4 4 4 4 4 4]]]] [{citizen 11} [[""A"" [4 4 4 4 4 4 4 4 4 4]]]] [{citizen 30} [[""A"" [4 4 4 4 4 4 4 4 4 4]]]] [{citizen 28} [[""A"" [4 4 4 4 4 4 4 4 4 4]]]] [{citizen 22} [[""A"" [4 4 4 4 4 4 4 4 4 4]]]] [{citizen 12} [[""A"" [4 4 4 4 4 4 4 4 4 4]]]] [{citizen 13} [[""A"" [4 4 4 4 4 4 4 4 4 4]]]] [{citizen 20} [[""A"" [4 4 4 4 4 4 4 4 4 4]]]] [{citizen 10} [[""A"" [4 4 4 4 4 4 4 4 4 4]]]] [{citizen 48} [[""A"" [4 4 4 4 4 4 4 4 4 4]]]] [{citizen 15} [[""A"" [4 4 4 4 4 4 4 4 4 4]]]] [{citizen 31} [[""A"" [4 4 4 4 4 4 4 4 4 4]]]] [{citizen 37} [[""A"" [4 4 4 4 4 4 4 4 4 4]]]] [{citizen 42} [[""A"" [4 4 4 4 4 4 4 4 4 4]]]] [{citizen 26} [[""A"" [4 4 4 4 4 4 4 4 4 4]]]] [{citizen 29} [[""A"" [4 4 4 4 4 4 4 4 4 4]]]] [{citizen 43} [[""A"" [4 4 4 4 4 4 4 4 4 4]]]] [{citizen 38} [[""A"" [4 4 4 4 4 4 4 4 4 4]]]] [{citizen 41} [[""A"" [4 4 4 4 4 4 4 4 4 4]]]] [{citizen 34} [[""A"" [4 4 4 4 4 4 4 4 4 4]]]] [{citizen 47} [[""A"" [4 4 4 4 4 4 4 4 4 4]]]] [{citizen 3} [[""A"" [4 4 4 4 4 4 4 4 4 4]]]]]"
"33","[255 0 0]","329.36170212765967","-2.6041380139432624","3.816437028536554","""circle""","""""","9.9","{breed citizens}","false","0.5","1","""up""",,"[[""ID"" 11] [""alpha"" 1] [""beta"" 1] [""malleable"" [""A""]] [""prior"" []] [""cont_tokens"" []] [""A"" 0]]","[[0 [0 1 2 3 4 5 6 7 8 9 10 11 12 13 14]] [1 [15 16 17 18 19 20 21 22 23 24 25 26 27 28 29]] [2 [34 43]] [3 [47 58]] [4 [65 68]] [5 [82 88]]]","[]",,"[[{citizen 47} [[""A"" [4 4 4 4 4 4 4 4 4 4]]]] [{media 50} [[""A"" [4 4 4 4 4 4 4 4 3 4]]]] [{media 51} [[""A"" [2 2 2 2 4 4 4 4 4 4]]]] [{media 52} [[""A"" [3 3 3 3 3 3 3 3 4 4]]]] [{media 53} [[""A"" [2 2 2 2 4 4 4 4 4 4]]]] [{media 54} [[""A"" [3 3 3 3 3 3 3 3 3 4]]]] [{media 55} [[""A"" [3 3 3 3 3 3 3 3 4 4]]]] [{media 56} [[""A"" [3 3 3 3 3 3 3 3 4 4]]]] [{media 57} [[""A"" [4 4 4 4 4 4 4 4 4 4]]]] [{media 58} [[""A"" [4 4 4 4 4 4 4 4 3 4]]]] [{media 62} [[""A"" [4 4 4 4 4 4 4 4 3 4]]]] [{citizen 1} [[""A"" [4 4 4 4 4 4 4 4 4 4]]]] [{citizen 2} [[""A"" [4 4 4 4 4 4 4 4 4 4]]]] [{citizen 5} [[""A"" [4 4 4 4 4 4 4 4 4 4]]]] [{citizen 8} [[""A"" [4 4 4 4 4 4 4 4 4 4]]]] [{media 63} [[""A"" [4 4]]]] [{citizen 6} [[""A"" [4 4 4 4 4 4 4 4 4 4]]]] [{citizen 20} [[""A"" [4 4 4 4 4 4 4 4 4 4]]]] [{media 59} [[""A"" [4 4]]]] [{media 60} [[""A"" [4 4]]]] [{citizen 15} [[""A"" [4 4 4 4 4 4 4 4 4 4]]]] [{citizen 16} [[""A"" [4 4 4 4 4 4 4 4 4 4]]]] [{citizen 4} [[""A"" [4 4 4 4 4 4 4 4 4 4]]]] [{media 64} [[""A"" [4 4]]]] [{citizen 9} [[""A"" [4 4 4 4 4 4 4 4 4 4]]]] [{citizen 14} [[""A"" [4 4 4 4 4 4 4 4 4 4]]]] [{citizen 0} [[""A"" [4 4 4 4 4 4 4 4 4 4]]]] [{media 61} [[""A"" [4 4]]]] [{citizen 49} [[""A"" [4 4 4 4]]]] [{citizen 17} [[""A"" [4 4 4 4 4 4 4 4 4]]]] [{citizen 46} [[""A"" [4 4 4 4 4 4 4 4 4]]]] [{citizen 27} [[""A"" [4 4 4 4 4 4]]]] [{citizen 45} [[""A"" [4 4 4 4 4 4 4 4 4 4]]]] [{citizen 7} [[""A"" [4 4 4 4 4 4 4 4 4 4]]]] [{citizen 40} [[""A"" [4 4 4 4 4 4 4 4 4 4]]]] [{citizen 35} [[""A"" [4 4 4 4 4 4 4 4 4]]]] [{citizen 23} [[""A"" [4 4 4 4 4 4 4]]]] [{citizen 24} [[""A"" [4 4 4 4 4 4 4 4 4 4]]]] [{citizen 44} [[""A"" [4 4 4 4 4 4 4 4 4 4]]]] [{citizen 32} [[""A"" [4 4 4 4 4 4 4 4]]]] [{citizen 39} [[""A"" [4 4 4 4 4 4]]]] [{citizen 31} [[""A"" [4 4 4 4 4 4 4]]]] [{citizen 36} [[""A"" [4 4 4 4 4 4]]]] [{citizen 28} [[""A"" [4 4 4 4]]]] [{citizen 29} [[""A"" [4 4 4 4 4]]]] [{citizen 26} [[""A"" [4 4 4 4 4 4]]]] [{citizen 21} [[""A"" [4 4 4 4]]]] [{citizen 11} [[""A"" [4 4 4 4 4 4 4 4 4 4]]]] [{citizen 19} [[""A"" [4 4 4 4 4]]]] [{citizen 42} [[""A"" [4 4 4 4 4 4]]]] [{citizen 37} [[""A"" [4 4 4 4]]]] [{citizen 30} [[""A"" [4 4 4 4 4 4]]]] [{citizen 13} [[""A"" [4 4 4 4 4]]]] [{citizen 41} [[""A"" [4 4 4 4]]]] [{citizen 12} [[""A"" [4 4 4 4 4 4 4 4 4 4]]]] [{citizen 10} [[""A"" [4 4 4 4 4 4 4 4 4]]]] [{citizen 43} [[""A"" [4 4 4 4 4 4 4 4 4 4]]]] [{citizen 22} [[""A"" [4 4 4]]]] [{citizen 48} [[""A"" [4 4 4 4 4 4]]]] [{citizen 38} [[""A"" [4 4 4 4 4]]]] [{citizen 34} [[""A"" [4 4 4 4]]]] [{citizen 3} [[""A"" [4]]]]]"
"34","[85 0 170]","340.85106382978734","-2.0526445493510748","4.612138801018553","""circle""","""""","9.9","{breed citizens}","false","0.5","1","""up""",,"[[""ID"" 2] [""alpha"" 1] [""beta"" 1] [""malleable"" [""A""]] [""prior"" []] [""cont_tokens"" []] [""A"" 4]]","[[0 [0 1 2 3 4 5 6 7 8 9 10 11 12 13 14]] [1 [15 16 17 18 19 20 21 22 23 24 25 26 27 28 29]] [2 [30 31 32 33 34 35 36 37 38 39 40 41 42 43 44]] [3 [45 46 47 48 49 50 51 52 53 54 55 56 57 58 59]] [4 [60 61 62 63 64 65 66 67 68 69 70 71 72 73 74]] [5 [75 76 77 78 79 80 81 82 83 84 85 86 87 88 89]] [6 [90 91 92 93 94 95 96 97 98 99 100 101 102 103 104]] [7 [105 106 107 108 109 110 111 112 113 114 115 116 117 118 119]] [8 [120 121 122 123 124 125 126 127 128 129 130 131 132 133 134]] [9 [135 136 137 138 139 140 141 142 143 144 145 146 147 148 149]] [10 [150 151 152 153 154 155 156 157 158 159 160 161 162 163 164]] [11 [165 166 167 168 169 170 171 172 173 174 175 176 177 178 179]] [12 [180 181 182 183 184 185 186 187 188 189 190 191 192 193 194]] [13 [195 196 197 198 199 200 201 202 203 204 205 206 207 208 209]] [14 [210 211 212 213 214 215 216 217 218 219 220 221 222 223 224]] [15 [225 226 227 228 229 230 231 232 233 234 235 236 237 238 239]] [16 [240 241 242 243 244 245 246 247 248 249 250 251 252 253 254]] [17 [255 256 257 258 259 260 261 262 263 264 265 266 267 268 269]] [18 [270 271 272 273 274 275 276 277 278 279 280 281 282 283 284]] [19 [285 286 287 288 289 290 291 292 293 294 295 296 297 298 299]] [20 [300 301 302 303 304 305 306 307 308 309 310 311 312 313 314]] [21 [315 316 317 318 319 320 321 322 323 324 325 326 327 328 329]] [22 [330 331 332 333 334 335 336 337 338 339 340 341 342 343 344]] [23 [345 346 347 348 349 350 351 352 353 354 355 356 357 358 359]] [24 [360 361 362 363 364 365 366 367 368 369 370 371 372 373 374]] [25 [375 376 377 378 379 380 381 382 383 384 385 386 387 388 389]] [26 [390 391 392 393 394 395 396 397 398 399 400 401 402 403 404]] [27 [405 406 407 408 409 410 411 412 413 414 415 416 417 418 419]] [28 [420 421 422 423 424 425 426 427 428 429 430 431 432 433 434]] [29 [435 436 437 438 439 440 441 442 443 444 445 446 447 448 449]] [30 [450 451 452 453 454 455 456 457 458 459 460 461 462 463 464]] [31 [465 466 467 468 469 470 471 472 473 474 475 476 477 478 479]] [32 [480 481 482 483 484 485 486 487 488 489 490 491 492 493 494]] [33 [495 496 497 498 499 500 501 502 503 504 505 506 507 508 509]] [34 [510 511 512 513 514 515 516 517 518 519 520 521 522 523 524]] [35 [525 526 527 528 529 530 531 532 533 534 535 536 537 538 539]] [36 [540 541 542 543 544 545 546 547 548 549 550 551 552 553 554]] [37 [555 556 557 558 559 560 561 562 563 564 565 566 567 568 569]] [38 [570 571 572 573 574 575 576 577 578 579 580 581 582 583 584]] [39 [585 586 587 588 589 590 591 592 593 594 595 596 597 598 599]] [40 [600 601 602 603 604 605 606 607 608 609 610 611 612 613 614]] [41 [615 616 617 618 619 620 621 622 623 624 625 626 627 628 629]] [42 [630 631 632 633 634 635 636 637 638 639 640 641 642 643 644]] [43 [645 646 647 648 649 650 651 652 653 654 655 656 657 658 659]] [44 [660 661 662 663 664 665 666 667 668 669 670 671 672 673 674]] [45 [675 676 677 678 679 680 681 682 683 684 685 686 687 688 689]] [46 [690 691 692 693 694 695 696 697 698 699 700 701 702 703 704]] [47 [705 706 707 708 709 710 711 712 713 714 715 716 717 718 719]] [48 [720 721 722 723 724 725 726 727 728 729 730 731 732 733 734]] [49 [735 736 737 738 739 740 741 742 743 744 745 746 747 748 749]] [50 [750 751 752 753 754 755 756 757 758 759 760 761 762 763 764]] [51 [765 766 767 768 769 770 771 772 773 774 775 776 777 778 779]] [52 [780 781 782 783 784 785 786 787 788 789 790 791 792 793 794]] [53 [795 796 797 798 799 800 801 802 803 804 805 806 807 808 809]] [54 [810 811 812 813 814 815 816 817 818 819 820 821 822 823 824]] [55 [825 826 827 828 829 830 831 832 833 834 835 836 837 838 839]] [56 [840 841 842 843 844 845 846 847 848 849 850 851 852 853 854]] [57 [855 856 857 858 859 860 861 862 863 864 865 866 867 868 869]] [58 [870 871 872 873 874 875 876 877 878 879 880 881 882 883 884]] [59 [885 886 887 888 889 890 891 892 893 894 895 896 897 898 899]] [60 [900 901 902 903 904 905 906 907 908 909 910 911 912 913 914]] [61 [915 916 917 918 919 920 921 922 923 924 925 926 927 928 929]] [62 [930 931 932 933 934 935 936 937 938 939 940 941 942 943 944]] [63 [945 946 947 948 949 950 951 952 953 954 955 956 957 958 959]] [64 [960 961 962 963 964 965 966 967 968 969 970 971 972 973 974]] [65 [975 976 977 978 979 980 981 982 983 984 985 986 987 988 989]] [66 [990 991 992 993 994 995 996 997 998 999 1000 1001 1002 1003 1004]] [67 [1005 1006 1007 1008 1009 1010 1011 1012 1013 1014 1015 1016 1017 1018 1019]] [68 [1020 1021 1022 1023 1024 1025 1026 1027 1028 1029 1030 1031 1032 1033 1034]] [69 [1035 1036 1037 1038 1039 1040 1041 1042 1043 1044 1045 1046 1047 1048 1049]] [70 [1050 1051 1052 1053 1054 1055 1056 1057 1058 1059 1060 1061 1062 1063 1064]] [71 [1065 1066 1067 1068 1069 1070 1071 1072 1073 1074 1075 1076 1077 1078 1079]] [72 [1080 1081 1082 1083 1084 1085 1086 1087 1088 1089 1090 1091 1092 1093 1094]] [73 [1095 1096 1097 1098 1099 1100 1101 1102 1103 1104 1105 1106 1107 1108 1109]] [74 [1110 1111 1112 1113 1114 1115 1116 1117 1118 1119 1120 1121 1122 1123 1124]] [75 [1125 1126 1127 1128 1129 1130 1131 1132 1133 1134 1135 1136 1137 1138 1139]] [76 [1140 1141 1142 1143 1144 1145 1146 1147 1148 1149 1150 1151 1152 1153 1154]] [77 [1155 1156 1157 1158 1159 1160 1161 1162 1163 1164 1165 1166 1167 1168 1169]] [78 [1170 1171 1172 1173 1174 1175 1176 1177 1178 1179 1180 1181 1182 1183 1184]] [79 [1185 1186 1187 1188 1189 1190 1191 1192 1193 1194 1195 1196 1197 1198 1199]] [80 [1200 1201 1202 1203 1204 1205 1206 1207 1208 1209 1210 1211 1212 1213 1214]] [81 [1215 1216 1217 1218 1219 1220 1221 1222 1223 1224 1225 1226 1227 1228 1229]] [82 [1230 1231 1232 1233 1234 1235 1236 1237 1238 1239 1240 1241 1242 1243 1244]] [83 [1245 1246 1247 1248 1249 1250 1251 1252 1253 1254 1255 1256 1257 1258 1259]] [84 [1260 1261 1262 1263 1264 1265 1266 1267 1268 1269 1270 1271 1272 1273 1274]] [85 [1275 1276 1277 1278 1279 1280 1281 1282 1283 1284 1285 1286 1287 1288 1289]] [86 [1290 1291 1292 1293 1294 1295 1296 1297 1298 1299 1300 1301 1302 1303 1304]] [87 [1305 1306 1307 1308 1309 1310 1311 1312 1313 1314 1315 1316 1317 1318 1319]] [88 [1320 1321 1322 1323 1324 1325 1326 1327 1328 1329 1330 1331 1332 1333 1334]] [89 [1335 1336 1337 1338 1339 1340 1341 1342 1343 1344 1345 1346 1347 1348 1349]] [90 [1350 1351 1352 1353 1354 1355 1356 1357 1358 1359 1360 1361 1362 1363 1364]] [91 [1365 1366 1367 1368 1369 1370 1371 1372 1373 1374 1375 1376 1377 1378 1379]] [92 [1380 1381 1382 1383 1384 1385 1386 1387 1388 1389 1390 1391 1392 1393 1394]] [93 [1395 1396 1397 1398 1399 1400 1401 1402 1403 1404 1405 1406 1407 1408 1409]] [94 [1410 1411 1412 1413 1414 1415 1416 1417 1418 1419 1420 1421 1422 1423 1424]] [95 [1425 1426 1427 1428 1429 1430 1431 1432 1433 1434 1435 1436 1437 1438 1439]] [96 [1440 1441 1442 1443 1444 1445 1446 1447 1448 1449 1450 1451 1452 1453 1454]] [97 [1455 1456 1457 1458 1459 1460 1461 1462 1463 1464 1465 1466 1467 1468 1469]] [98 [1470 1471 1472 1473 1474 1475 1476 1477 1478 1479 1480 1481 1482 1483 1484]] [99 [1485 1486 1487 1488 1489 1490 1491 1492 1493 1494 1495 1496 1497 1498 1499]]]","[[0 [0 1 2 3 4 5 6 7 8 9 10 11 12 13 14]] [1 [15 16 17 18 19 20 21 22 23 24 25 26 27 28 29]] [2 [30 31 32 33 34 35 36 37 38 39 40 41 42 43 44]] [3 [45 46 47 48 49 50 51 52 53 54 55 56 57 58 59]] [4 [60 61 62 63 64 65 66 67 68 69 70 71 72 73 74]] [5 [75 76 77 78 79 80 81 82 83 84 85 86 87 88 89]] [6 [90 91 92 93 94 95 96 97 98 99 100 101 102 103 104]] [7 [105 106 107 108 109 110 111 112 113 114 115 116 117 118 119]] [8 [120 121 122 123 124 125 126 127 128 129 130 131 132 133 134]] [9 [135 136 137 138 139 140 141 142 143 144 145 146 147 148 149]] [10 [150 151 152 153 154 155 156 157 158 159 160 161 162 163 164]] [11 [165 166 167 168 169 170 171 172 173 174 175 176 177 178 179]] [12 [180 181 182 183 184 185 186 187 188 189 190 191 192 193 194]] [13 [195 196 197 198 199 200 201 202 203 204 205 206 207 208 209]] [14 [210 211 212 213 214 215 216 217 218 219 220 221 222 223 224]] [15 [225 226 227 228 229 230 231 232 233 234 235 236 237 238 239]] [16 [240 241 242 243 244 245 246 247 248 249 250 251 252 253 254]] [17 [255 256 257 258 259 260 261 262 263 264 265 266 267 268 269]] [18 [270 271 272 273 274 275 276 277 278 279 280 281 282 283 284]] [19 [285 286 287 288 289 290 291 292 293 294 295 296 297 298 299]] [20 [300 301 302 303 304 305 306 307 308 309 310 311 312 313 314]] [21 [315 316 317 318 319 320 321 322 323 324 325 326 327 328 329]] [22 [330 331 332 333 334 335 336 337 338 339 340 341 342 343 344]] [23 [345 346 347 348 349 350 351 352 353 354 355 356 357 358 359]] [24 [360 361 362 363 364 365 366 367 368 369 370 371 372 373 374]] [25 [375 376 377 378 379 380 381 382 383 384 385 386 387 388 389]] [26 [390 391 392 393 394 395 396 397 398 399 400 401 402 403 404]] [27 [405 406 407 408 409 410 411 412 413 414 415 416 417 418 419]] [28 [420 421 422 423 424 425 426 427 428 429 430 431 432 433 434]] [29 [435 436 437 438 439 440 441 442 443 444 445 446 447 448 449]] [30 [450 451 452 453 454 455 456 457 458 459 460 461 462 463 464]] [31 [465 466 467 468 469 470 471 472 473 474 475 476 477 478 479]] [32 [480 481 482 483 484 485 486 487 488 489 490 491 492 493 494]] [33 [495 496 497 498 499 500 501 502 503 504 505 506 507 508 509]] [34 [510 511 512 513 514 515 516 517 518 519 520 521 522 523 524]] [35 [525 526 527 528 529 530 531 532 533 534 535 536 537 538 539]] [36 [540 541 542 543 544 545 546 547 548 549 550 551 552 553 554]] [37 [555 556 557 558 559 560 561 562 563 564 565 566 567 568 569]] [38 [570 571 572 573 574 575 576 577 578 579 580 581 582 583 584]] [39 [585 586 587 588 589 590 591 592 593 594 595 596 597 598 599]] [40 [600 601 602 603 604 605 606 607 608 609 610 611 612 613 614]] [41 [615 616 617 618 619 620 621 622 623 624 625 626 627 628 629]] [42 [630 631 632 633 634 635 636 637 638 639 640 641 642 643 644]] [43 [645 646 647 648 649 650 651 652 653 654 655 656 657 658 659]] [44 [660 661 662 663 664 665 666 667 668 669 670 671 672 673 674]] [45 [675 676 677 678 679 680 681 682 683 684 685 686 687 688 689]] [46 [690 691 692 693 694 695 696 697 698 699 700 701 702 703 704]] [47 [705 706 707 708 709 710 711 712 713 714 715 716 717 718 719]] [48 [720 721 722 723 724 725 726 727 728 729 730 731 732 733 734]] [49 [735 736 737 738 739 740 741 742 743 744 745 746 747 748 749]] [50 [750 751 752 753 754 755 756 757 758 759 760 761 762 763 764]] [51 [765 766 767 768 769 770 771 772 773 774 775 776 777 778 779]] [52 [780 781 782 783 784 785 786 787 788 789 790 791 792 793 794]] [53 [795 796 797 798 799 800 801 802 803 804 805 806 807 808 809]] [54 [810 811 812 813 814 815 816 817 818 819 820 821 822 823 824]] [55 [825 826 827 828 829 830 831 832 833 834 835 836 837 838 839]] [56 [840 841 842 843 844 845 846 847 848 849 850 851 852 853 854]] [57 [855 856 857 858 859 860 861 862 863 864 865 866 867 868 869]] [58 [870 871 872 873 874 875 876 877 878 879 880 881 882 883 884]] [59 [885 886 887 888 889 890 891 892 893 894 895 896 897 898 899]] [60 [900 901 902 903 904 905 906 907 908 909 910 911 912 913 914]] [61 [915 916 917 918 919 920 921 922 923 924 925 926 927 928 929]] [62 [930 931 932 933 934 935 936 937 938 939 940 941 942 943 944]] [63 [945 946 947 948 949 950 951 952 953 954 955 956 957 958 959]] [64 [960 961 962 963 964 965 966 967 968 969 970 971 972 973 974]] [65 [975 976 977 978 979 980 981 982 983 984 985 986 987 988 989]] [66 [990 991 992 993 994 995 996 997 998 999 1000 1001 1002 1003 1004]] [67 [1005 1006 1007 1008 1009 1010 1011 1012 1013 1014 1015 1016 1017 1018 1019]] [68 [1020 1021 1022 1023 1024 1025 1026 1027 1028 1029 1030 1031 1032 1033 1034]] [69 [1035 1036 1037 1038 1039 1040 1041 1042 1043 1044 1045 1046 1047 1048 1049]] [70 [1050 1051 1052 1053 1054 1055 1056 1057 1058 1059 1060 1061 1062 1063 1064]] [71 [1065 1066 1067 1068 1069 1070 1071 1072 1073 1074 1075 1076 1077 1078 1079]] [72 [1080 1081 1082 1083 1084 1085 1086 1087 1088 1089 1090 1091 1092 1093 1094]] [73 [1095 1096 1097 1098 1099 1100 1101 1102 1103 1104 1105 1106 1107 1108 1109]] [74 [1110 1111 1112 1113 1114 1115 1116 1117 1118 1119 1120 1121 1122 1123 1124]] [75 [1125 1126 1127 1128 1129 1130 1131 1132 1133 1134 1135 1136 1137 1138 1139]] [76 [1140 1141 1142 1143 1144 1145 1146 1147 1148 1149 1150 1151 1152 1153 1154]] [77 [1155 1156 1157 1158 1159 1160 1161 1162 1163 1164 1165 1166 1167 1168 1169]] [78 [1170 1171 1172 1173 1174 1175 1176 1177 1178 1179 1180 1181 1182 1183 1184]] [79 [1185 1186 1187 1188 1189 1190 1191 1192 1193 1194 1195 1196 1197 1198 1199]] [80 [1200 1201 1202 1203 1204 1205 1206 1207 1208 1209 1210 1211 1212 1213 1214]] [81 [1215 1216 1217 1218 1219 1220 1221 1222 1223 1224 1225 1226 1227 1228 1229]] [82 [1230 1231 1232 1233 1234 1235 1236 1237 1238 1239 1240 1241 1242 1243 1244]] [83 [1245 1246 1247 1248 1249 1250 1251 1252 1253 1254 1255 1256 1257 1258 1259]] [84 [1260 1261 1262 1263 1264 1265 1266 1267 1268 1269 1270 1271 1272 1273 1274]] [85 [1275 1276 1277 1278 1279 1280 1281 1282 1283 1284 1285 1286 1287 1288 1289]] [86 [1290 1291 1292 1293 1294 1295 1296 1297 1298 1299 1300 1301 1302 1303 1304]] [87 [1305 1306 1307 1308 1309 1310 1311 1312 1313 1314 1315 1316 1317 1318 1319]] [88 [1320 1321 1322 1323 1324 1325 1326 1327 1328 1329 1330 1331 1332 1333 1334]] [89 [1335 1336 1337 1338 1339 1340 1341 1342 1343 1344 1345 1346 1347 1348 1349]] [90 [1350 1351 1352 1353 1354 1355 1356 1357 1358 1359 1360 1361 1362 1363 1364]] [91 [1365 1366 1367 1368 1369 1370 1371 1372 1373 1374 1375 1376 1377 1378 1379]] [92 [1380 1381 1382 1383 1384 1385 1386 1387 1388 1389 1390 1391 1392 1393 1394]] [93 [1395 1396 1397 1398 1399 1400 1401 1402 1403 1404 1405 1406 1407 1408 1409]] [94 [1410 1411 1412 1413 1414 1415 1416 1417 1418 1419 1420 1421 1422 1423 1424]] [95 [1425 1426 1427 1428 1429 1430 1431 1432 1433 1434 1435 1436 1437 1438 1439]] [96 [1440 1441 1442 1443 1444 1445 1446 1447 1448 1449 1450 1451 1452 1453 1454]] [97 [1455 1456 1457 1458 1459 1460 1461 1462 1463 1464 1465 1466 1467 1468 1469]] [98 [1470 1471 1472 1473 1474 1475 1476 1477 1478 1479 1480 1481 1482 1483 1484]] [99 [1485 1486 1487 1488 1489 1490 1491 1492 1493 1494 1495 1496 1497 1498 1499]]]",,"[[{media 50} [[""A"" [4 4 4 4 4 4 4 4 4 4]]]] [{media 51} [[""A"" [4 4 4 4 4 4 4 4 4 4]]]] [{media 52} [[""A"" [4 4 4 4 4 4 4 4 4 4]]]] [{media 53} [[""A"" [4 4 4 4 4 4 4 4 4 4]]]] [{media 54} [[""A"" [4 4 4 4 4 4 4 4 4 4]]]] [{media 55} [[""A"" [4 4 4 4 4 4 4 4 4 4]]]] [{media 56} [[""A"" [4 4 4 4 4 4 4 4 4 4]]]] [{media 57} [[""A"" [4 4 4 4 4 4 4 4 4 4]]]] [{media 58} [[""A"" [4 4 4 4 4 4 4 4 4 4]]]] [{media 62} [[""A"" [4 4 4 4 4 4 4 4 4 4]]]] [{citizen 26} [[""A"" [4 4 4 4 4 4 4 4 4 4]]]] [{media 63} [[""A"" [4 4 4 4 4 4 4 4 4 4]]]] [{citizen 6} [[""A"" [4 4 4 4 4 4 4 4 4 4]]]] [{citizen 20} [[""A"" [4 4 4 4 4 4 4 4 4 4]]]] [{citizen 1} [[""A"" [4 4 4 4 4 4 4 4 4 4]]]] [{media 59} [[""A"" [4 4 4 4 4 4 4 4 4 4]]]] [{citizen 2} [[""A"" [4 4 4 4 4 4 4 4 4 4]]]] [{citizen 5} [[""A"" [4 4 4 4 4 4 4 4 4 4]]]] [{citizen 8} [[""A"" [4 4 4 4 4 4 4 4 4 4]]]] [{citizen 14} [[""A"" [4 4 4 4 4 4 4 4 4 4]]]] [{media 60} [[""A"" [4 4 4 4 4 4 4 4 4 4]]]] [{citizen 15} [[""A"" [4 4 4 4 4 4 4 4 4 4]]]] [{citizen 16} [[""A"" [4 4 4 4 4 4 4 4 4 4]]]] [{media 64} [[""A"" [4 4 4 4 4 4 4 4 4 4]]]] [{citizen 9} [[""A"" [4 4 4 4 4 4 4 4 4 4]]]] [{citizen 0} [[""A"" [4 4 4 4 4 4 4 4 4 4]]]] [{media 61} [[""A"" [4 4 4 4 4 4 4 4 4 4]]]] [{citizen 49} [[""A"" [4 4 4 4 4 4 4 4 4 4]]]] [{citizen 17} [[""A"" [4 4 4 4 4 4 4 4 4 4]]]] [{citizen 46} [[""A"" [4 4 4 4 4 4 4 4 4 4]]]] [{citizen 27} [[""A"" [4 4 4 4 4 4 4 4 4 4]]]] [{citizen 45} [[""A"" [4 4 4 4 4 4 4 4 4 4]]]] [{citizen 7} [[""A"" [4 4 4 4 4 4 4 4 4 4]]]] [{citizen 40} [[""A"" [4 4 4 4 4 4 4 4 4 4]]]] [{citizen 35} [[""A"" [4 4 4 4 4 4 4 4 4 4]]]] [{citizen 23} [[""A"" [4 4 4 4 4 4 4 4 4 4]]]] [{citizen 24} [[""A"" [4 4 4 4 4 4 4 4 4 4]]]] [{citizen 44} [[""A"" [4 4 4 4 4 4 4 4 4 4]]]] [{citizen 32} [[""A"" [4 4 4 4 4 4 4 4 4 4]]]] [{citizen 39} [[""A"" [4 4 4 4 4 4 4 4 4 4]]]] [{citizen 31} [[""A"" [4 4 4 4 4 4 4 4 4 4]]]] [{citizen 36} [[""A"" [4 4 4 4 4 4 4 4 4 4]]]] [{citizen 4} [[""A"" [4 4 4 4 4 4 4 4 4 4]]]] [{citizen 28} [[""A"" [4 4 4 4 4 4 4 4 4 4]]]] [{citizen 29} [[""A"" [4 4 4 4 4 4 4 4 4 4]]]] [{citizen 21} [[""A"" [4 4 4 4 4 4 4 4 4 4]]]] [{citizen 11} [[""A"" [4 4 4 4 4 4 4 4 4 4]]]] [{citizen 19} [[""A"" [4 4 4 4 4 4 4 4 4 4]]]] [{citizen 42} [[""A"" [4 4 4 4 4 4 4 4 4 4]]]] [{citizen 37} [[""A"" [4 4 4 4 4 4 4 4 4 4]]]] [{citizen 30} [[""A"" [4 4 4 4 4 4 4 4 4 4]]]] [{citizen 13} [[""A"" [4 4 4 4 4 4 4 4 4 4]]]] [{citizen 41} [[""A"" [4 4 4 4 4 4 4 4 4 4]]]] [{citizen 12} [[""A"" [4 4 4 4 4 4 4 4 4 4]]]] [{citizen 10} [[""A"" [4 4 4 4 4 4 4 4 4 4]]]] [{citizen 43} [[""A"" [4 4 4 4 4 4 4 4 4 4]]]] [{citizen 22} [[""A"" [4 4 4 4 4 4 4 4 4 4]]]] [{citizen 48} [[""A"" [4 4 4 4 4 4 4 4 4 4]]]] [{citizen 38} [[""A"" [4 4 4 4 4 4 4 4 4 4]]]] [{citizen 47} [[""A"" [4 4 4 4 4 4 4 4 4 4]]]] [{citizen 3} [[""A"" [4 4 4 4 4 4 4 4 4 4]]]]]"
"35","[85 0 170]","260.42553191489367","-9.98363133485045","-2.0102441218853357","""circle""","""""","9.9","{breed citizens}","false","0.5","1","""up""",,"[[""ID"" 48] [""alpha"" 1] [""beta"" 1] [""malleable"" [""A""]] [""prior"" []] [""cont_tokens"" []] [""A"" 4]]","[[0 [0 1 2 3 4 5 6 7 8 9 10 11 12 13 14]] [1 [15 16 17 18 19 20 21 22 23 24 25 26 27 28 29]] [2 [30 31 32 33 34 35 36 37 38 39 40 41 42 43 44]] [3 [45 46 47 48 49 50 51 52 53 54 55 56 57 58 59]] [4 [60 61 62 63 64 65 66 67 68 69 70 71 72 73 74]] [5 [75 76 77 78 79 80 81 82 83 84 85 86 87 88 89]] [6 [90 91 92 93 94 95 96 97 98 99 100 101 102 103 104]] [7 [105 106 107 108 109 110 111 112 113 114 115 116 117 118 119]] [8 [120 121 122 123 124 125 126 127 128 129 130 131 132 133 134]] [9 [135 136 137 138 139 140 141 142 143 144 145 146 147 148 149]] [10 [150 151 152 153 154 155 156 157 158 159 160 161 162 163 164]] [11 [165 166 167 168 169 170 171 172 173 174 175 176 177 178 179]] [12 [180 181 182 183 184 185 186 187 188 189 190 191 192 193 194]] [13 [195 196 197 198 199 200 201 202 203 204 205 206 207 208 209]] [14 [210 211 212 213 214 215 216 217 218 219 220 221 222 223 224]] [15 [225 226 227 228 229 230 231 232 233 234 235 236 237 238 239]] [16 [240 241 242 243 244 245 246 247 248 249 250 251 252 253 254]] [17 [255 256 257 258 259 260 261 262 263 264 265 266 267 268 269]] [18 [270 271 272 273 274 275 276 277 278 279 280 281 282 283 284]] [19 [285 286 287 288 289 290 291 292 293 294 295 296 297 298 299]] [20 [300 301 302 303 304 305 306 307 308 309 310 311 312 313 314]] [21 [315 316 317 318 319 320 321 322 323 324 325 326 327 328 329]] [22 [330 331 332 333 334 335 336 337 338 339 340 341 342 343 344]] [23 [345 346 347 348 349 350 351 352 353 354 355 356 357 358 359]] [24 [360 361 362 363 364 365 366 367 368 369 370 371 372 373 374]] [25 [375 376 377 378 379 380 381 382 383 384 385 386 387 388 389]] [26 [390 391 392 393 394 395 396 397 398 399 400 401 402 403 404]] [27 [405 406 407 408 409 410 411 412 413 414 415 416 417 418 419]] [28 [420 421 422 423 424 425 426 427 428 429 430 431 432 433 434]] [29 [435 436 437 438 439 440 441 442 443 444 445 446 447 448 449]] [30 [450 451 452 453 454 455 456 457 458 459 460 461 462 463 464]] [31 [465 466 467 468 469 470 471 472 473 474 475 476 477 478 479]] [32 [480 481 482 483 484 485 486 487 488 489 490 491 492 493 494]] [33 [495 496 497 498 499 500 501 502 503 504 505 506 507 508 509]] [34 [510 511 512 513 514 515 516 517 518 519 520 521 522 523 524]] [35 [525 526 527 528 529 530 531 532 533 534 535 536 537 538 539]] [36 [540 541 542 543 544 545 546 547 548 549 550 551 552 553 554]] [37 [555 556 557 558 559 560 561 562 563 564 565 566 567 568 569]] [38 [570 571 572 573 574 575 576 577 578 579 580 581 582 583 584]] [39 [585 586 587 588 589 590 591 592 593 594 595 596 597 598 599]] [40 [600 601 602 603 604 605 606 607 608 609 610 611 612 613 614]] [41 [615 616 617 618 619 620 621 622 623 624 625 626 627 628 629]] [42 [630 631 632 633 634 635 636 637 638 639 640 641 642 643 644]] [43 [645 646 647 648 649 650 651 652 653 654 655 656 657 658 659]] [44 [660 661 662 663 664 665 666 667 668 669 670 671 672 673 674]] [45 [675 676 677 678 679 680 681 682 683 684 685 686 687 688 689]] [46 [690 691 692 693 694 695 696 697 698 699 700 701 702 703 704]] [47 [705 706 707 708 709 710 711 712 713 714 715 716 717 718 719]] [48 [720 721 722 723 724 725 726 727 728 729 730 731 732 733 734]] [49 [735 736 737 738 739 740 741 742 743 744 745 746 747 748 749]] [50 [750 751 752 753 754 755 756 757 758 759 760 761 762 763 764]] [51 [765 766 767 768 769 770 771 772 773 774 775 776 777 778 779]] [52 [780 781 782 783 784 785 786 787 788 789 790 791 792 793 794]] [53 [795 796 797 798 799 800 801 802 803 804 805 806 807 808 809]] [54 [810 811 812 813 814 815 816 817 818 819 820 821 822 823 824]] [55 [825 826 827 828 829 830 831 832 833 834 835 836 837 838 839]] [56 [840 841 842 843 844 845 846 847 848 849 850 851 852 853 854]] [57 [855 856 857 858 859 860 861 862 863 864 865 866 867 868 869]] [58 [870 871 872 873 874 875 876 877 878 879 880 881 882 883 884]] [59 [885 886 887 888 889 890 891 892 893 894 895 896 897 898 899]] [60 [900 901 902 903 904 905 906 907 908 909 910 911 912 913 914]] [61 [915 916 917 918 919 920 921 922 923 924 925 926 927 928 929]] [62 [930 931 932 933 934 935 936 937 938 939 940 941 942 943 944]] [63 [945 946 947 948 949 950 951 952 953 954 955 956 957 958 959]] [64 [960 961 962 963 964 965 966 967 968 969 970 971 972 973 974]] [65 [975 976 977 978 979 980 981 982 983 984 985 986 987 988 989]] [66 [990 991 992 993 994 995 996 997 998 999 1000 1001 1002 1003 1004]] [67 [1005 1006 1007 1008 1009 1010 1011 1012 1013 1014 1015 1016 1017 1018 1019]] [68 [1020 1021 1022 1023 1024 1025 1026 1027 1028 1029 1030 1031 1032 1033 1034]] [69 [1035 1036 1037 1038 1039 1040 1041 1042 1043 1044 1045 1046 1047 1048 1049]] [70 [1050 1051 1052 1053 1054 1055 1056 1057 1058 1059 1060 1061 1062 1063 1064]] [71 [1065 1066 1067 1068 1069 1070 1071 1072 1073 1074 1075 1076 1077 1078 1079]] [72 [1080 1081 1082 1083 1084 1085 1086 1087 1088 1089 1090 1091 1092 1093 1094]] [73 [1095 1096 1097 1098 1099 1100 1101 1102 1103 1104 1105 1106 1107 1108 1109]] [74 [1110 1111 1112 1113 1114 1115 1116 1117 1118 1119 1120 1121 1122 1123 1124]] [75 [1125 1126 1127 1128 1129 1130 1131 1132 1133 1134 1135 1136 1137 1138 1139]] [76 [1140 1141 1142 1143 1144 1145 1146 1147 1148 1149 1150 1151 1152 1153 1154]] [77 [1155 1156 1157 1158 1159 1160 1161 1162 1163 1164 1165 1166 1167 1168 1169]] [78 [1170 1171 1172 1173 1174 1175 1176 1177 1178 1179 1180 1181 1182 1183 1184]] [79 [1185 1186 1187 1188 1189 1190 1191 1192 1193 1194 1195 1196 1197 1198 1199]] [80 [1200 1201 1202 1203 1204 1205 1206 1207 1208 1209 1210 1211 1212 1213 1214]] [81 [1215 1216 1217 1218 1219 1220 1221 1222 1223 1224 1225 1226 1227 1228 1229]] [82 [1230 1231 1232 1233 1234 1235 1236 1237 1238 1239 1240 1241 1242 1243 1244]] [83 [1245 1246 1247 1248 1249 1250 1251 1252 1253 1254 1255 1256 1257 1258 1259]] [84 [1260 1261 1262 1263 1264 1265 1266 1267 1268 1269 1270 1271 1272 1273 1274]] [85 [1275 1276 1277 1278 1279 1280 1281 1282 1283 1284 1285 1286 1287 1288 1289]] [86 [1290 1291 1292 1293 1294 1295 1296 1297 1298 1299 1300 1301 1302 1303 1304]] [87 [1305 1306 1307 1308 1309 1310 1311 1312 1313 1314 1315 1316 1317 1318 1319]] [88 [1320 1321 1322 1323 1324 1325 1326 1327 1328 1329 1330 1331 1332 1333 1334]] [89 [1335 1336 1337 1338 1339 1340 1341 1342 1343 1344 1345 1346 1347 1348 1349]] [90 [1350 1351 1352 1353 1354 1355 1356 1357 1358 1359 1360 1361 1362 1363 1364]] [91 [1365 1366 1367 1368 1369 1370 1371 1372 1373 1374 1375 1376 1377 1378 1379]] [92 [1380 1381 1382 1383 1384 1385 1386 1387 1388 1389 1390 1391 1392 1393 1394]] [93 [1395 1396 1397 1398 1399 1400 1401 1402 1403 1404 1405 1406 1407 1408 1409]] [94 [1410 1411 1412 1413 1414 1415 1416 1417 1418 1419 1420 1421 1422 1423 1424]] [95 [1425 1426 1427 1428 1429 1430 1431 1432 1433 1434 1435 1436 1437 1438 1439]] [96 [1440 1441 1442 1443 1444 1445 1446 1447 1448 1449 1450 1451 1452 1453 1454]] [97 [1455 1456 1457 1458 1459 1460 1461 1462 1463 1464 1465 1466 1467 1468 1469]] [98 [1470 1471 1472 1473 1474 1475 1476 1477 1478 1479 1480 1481 1482 1483 1484]] [99 [1485 1486 1487 1488 1489 1490 1491 1492 1493 1494 1495 1496 1497 1498 1499]]]","[[0 [5 6 7 8 9 10 11 12 13 14]] [1 [15 16 17 18 19 20 21 22 23 24 25 26 27 28 29]] [2 [30 31 32 33 34 35 36 37 38 39 40 41 42 43 44]] [3 [45 46 47 48 49 50 51 52 53 54 55 56 57 58 59]] [4 [60 61 62 63 64 65 66 67 68 69 70 71 72 73 74]] [5 [75 76 77 78 79 80 81 82 83 84 85 86 87 88 89]] [6 [90 91 92 93 94 95 96 97 98 99 100 101 102 103 104]] [7 [105 106 107 108 109 110 111 112 113 114 115 116 117 118 119]] [8 [120 121 122 123 124 125 126 127 128 129 130 131 132 133 134]] [9 [135 136 137 138 139 140 141 142 143 144 145 146 147 148 149]] [10 [150 151 152 153 154 155 156 157 158 159 160 161 162 163 164]] [11 [165 166 167 168 169 170 171 172 173 174 175 176 177 178 179]] [12 [180 181 182 183 184 185 186 187 188 189 190 191 192 193 194]] [13 [195 196 197 198 199 200 201 202 203 204 205 206 207 208 209]] [14 [210 211 212 213 214 215 216 217 218 219 220 221 222 223 224]] [15 [225 226 227 228 229 230 231 232 233 234 235 236 237 238 239]] [16 [240 241 242 243 244 245 246 247 248 249 250 251 252 253 254]] [17 [255 256 257 258 259 260 261 262 263 264 265 266 267 268 269]] [18 [270 271 272 273 274 276 277 278 279 280 281 282 283 284]] [19 [285 286 287 288 289 290 291 292 293 294 295 296 297 298 299]] [20 [300 301 302 303 304 305 306 307 308 309 310 311 312 313 314]] [21 [315 316 317 318 319 320 321 322 323 324 325 326 327 328 329]] [22 [330 331 332 333 334 335 336 337 338 339 340 341 342 343 344]] [23 [345 346 347 348 349 350 351 352 353 354 355 356 357 358 359]] [24 [360 361 362 363 364 365 366 367 368 369 370 371 372 373 374]] [25 [375 376 377 378 379 380 382 383 384 385 386 387 388 389]] [26 [390 391 392 393 394 395 396 397 398 399 400 401 402 403 404]] [27 [405 406 407 408 409 410 411 412 413 414 415 416 417 418 419]] [28 [420 421 422 423 424 425 426 427 428 429 430 431 432 433 434]] [29 [435 436 437 438 439 440 441 442 443 444 445 446 447 448 449]] [30 [450 451 452 453 454 455 456 457 458 459 460 461 462 463 464]] [31 [465 466 467 468 469 470 471 472 473 474 475 476 477 478 479]] [32 [480 481 482 483 484 485 486 487 488 489 490 491 492 493 494]] [33 [495 496 497 498 499 500 501 502 503 504 505 506 507 508 509]] [34 [510 511 512 513 514 515 516 517 518 519 520 521 522 523 524]] [35 [525 526 527 528 529 530 531 532 533 534 535 536 537 538 539]] [36 [540 541 542 543 544 545 546 547 548 549 550 551 552 553 554]] [37 [555 556 557 558 559 560 561 562 563 564 565 566 567 568 569]] [38 [570 571 572 573 574 575 576 577 578 579 580 581 582 583 584]] [39 [585 586 587 588 589 590 591 592 593 594 595 596 597 598 599]] [40 [600 601 602 603 604 605 606 607 608 609 610 611 612 613 614]] [41 [615 616 617 618 619 620 621 622 623 624 625 626 627 628 629]] [42 [630 631 632 633 634 635 636 637 638 639 640 641 642 643 644]] [43 [645 646 647 648 649 650 651 652 653 654 655 656 657 658 659]] [44 [660 661 662 663 664 665 666 667 668 669 670 671 672 673 674]] [45 [675 676 677 678 679 680 681 682 683 684 685 686 687 688 689]] [46 [690 691 692 693 694 695 696 697 698 699 700 701 702 703 704]] [47 [705 706 707 708 709 710 711 712 713 714 715 716 717 718 719]] [48 [720 721 722 723 724 725 726 727 728 729 730 731 732 733 734]] [49 [735 736 737 738 739 740 741 742 743 744 745 746 747 748 749]] [50 [750 751 752 753 754 755 756 757 758 759 760 761 762 763 764]] [51 [765 766 767 768 769 770 771 772 773 774 775 776 777 778 779]] [52 [780 781 782 783 784 785 786 787 788 789 790 791 792 793 794]] [53 [795 796 797 798 799 800 801 802 803 804 805 806 807 808 809]] [54 [810 811 812 813 814 815 816 817 818 819 820 821 822 823 824]] [55 [825 826 827 828 829 830 831 832 833 834 835 836 837 838 839]] [56 [840 841 842 843 844 845 846 847 848 849 850 851 852 853 854]] [57 [855 856 857 858 859 860 861 862 863 864 865 866 867 868 869]] [58 [870 871 872 873 874 875 876 877 878 879 880 881 882 883 884]] [59 [885 886 887 888 889 890 891 892 893 894 895 896 897 898 899]] [60 [900 901 902 903 904 905 906 907 908 909 910 911 912 913 914]] [61 [915 916 917 918 919 920 921 922 923 924 925 926 927 928 929]] [62 [930 931 932 933 934 935 936 937 938 939 940 941 942 943 944]] [63 [945 946 947 948 949 950 951 952 953 954 955 956 957 958 959]] [64 [960 961 962 963 964 965 966 967 968 969 970 971 972 973 974]] [65 [975 976 977 978 979 980 981 982 983 984 985 986 987 988 989]] [66 [990 991 992 993 994 995 996 997 998 999 1000 1001 1002 1003 1004]] [67 [1005 1006 1007 1008 1009 1010 1011 1012 1013 1014 1015 1016 1017 1018 1019]] [68 [1020 1021 1022 1023 1024 1025 1026 1027 1028 1029 1030 1031 1032 1033 1034]] [69 [1035 1036 1037 1038 1039 1040 1041 1042 1043 1044 1045 1046 1047 1048 1049]] [70 [1050 1051 1052 1053 1054 1055 1056 1057 1058 1059 1060 1061 1062 1063 1064]] [71 [1065 1066 1067 1068 1069 1070 1071 1072 1073 1074 1075 1076 1077 1078 1079]] [72 [1080 1081 1082 1083 1084 1085 1086 1087 1088 1089 1090 1091 1092 1093 1094]] [73 [1095 1096 1097 1098 1099 1100 1101 1102 1103 1104 1105 1106 1107 1108 1109]] [74 [1110 1111 1112 1113 1114 1115 1116 1117 1118 1119 1120 1121 1122 1123 1124]] [75 [1125 1126 1127 1128 1129 1130 1131 1132 1133 1134 1135 1136 1137 1139]] [76 [1140 1141 1142 1143 1144 1145 1146 1147 1148 1149 1150 1151 1152 1153 1154]] [77 [1155 1156 1157 1158 1159 1160 1161 1162 1163 1164 1165 1166 1167 1168 1169]] [78 [1170 1171 1172 1173 1174 1175 1176 1177 1178 1179 1180 1181 1182 1183 1184]] [79 [1185 1186 1187 1188 1189 1190 1191 1192 1193 1194 1195 1196 1197 1198 1199]] [80 [1200 1201 1202 1203 1204 1205 1206 1207 1208 1209 1210 1211 1212 1213 1214]] [81 [1215 1216 1217 1218 1219 1220 1221 1222 1223 1224 1225 1226 1227 1228 1229]] [82 [1230 1231 1232 1233 1234 1235 1236 1237 1238 1239 1240 1241 1242 1243 1244]] [83 [1245 1246 1247 1248 1249 1250 1251 1252 1253 1254 1255 1256 1257 1258 1259]] [84 [1260 1261 1262 1263 1264 1265 1266 1267 1268 1269 1270 1271 1272 1273 1274]] [85 [1275 1276 1277 1278 1279 1280 1281 1282 1283 1284 1285 1286 1287 1288 1289]] [86 [1290 1291 1292 1293 1294 1295 1296 1297 1298 1299 1300 1301 1302 1303 1304]] [87 [1305 1306 1307 1308 1309 1310 1311 1312 1313 1314 1315 1316 1317 1318 1319]] [88 [1320 1321 1322 1323 1324 1325 1326 1327 1328 1329 1330 1331 1332 1333 1334]] [89 [1335 1336 1337 1338 1339 1340 1341 1342 1343 1344 1345 1346 1347 1348 1349]] [90 [1350 1351 1352 1353 1354 1355 1356 1357 1358 1359 1360 1361 1362 1363 1364]] [91 [1365 1366 1367 1368 1369 1370 1371 1372 1373 1374 1375 1376 1377 1378 1379]] [92 [1380 1381 1382 1383 1384 1385 1386 1387 1388 1389 1390 1391 1392 1393 1394]] [93 [1395 1396 1397 1398 1399 1400 1401 1402 1403 1404 1405 1406 1407 1408 1409]] [94 [1410 1411 1412 1413 1414 1415 1416 1417 1418 1419 1420 1421 1422 1423 1424]] [95 [1425 1426 1427 1428 1429 1430 1431 1432 1433 1434 1435 1436 1437 1438 1439]] [96 [1440 1441 1442 1443 1444 1445 1446 1447 1448 1449 1450 1451 1452 1453 1454]] [97 [1455 1456 1457 1458 1459 1460 1461 1462 1463 1464 1465 1466 1467 1468 1469]] [98 [1470 1471 1472 1473 1474 1475 1476 1477 1478 1479 1480 1481 1482 1483 1484]] [99 [1485 1486 1487 1488 1489 1490 1491 1492 1493 1494 1495 1496 1497 1498 1499]]]",,"[[{citizen 40} [[""A"" [4 4 4 4 4 4 4 4 4 4]]]] [{citizen 45} [[""A"" [4 4 4 4 4 4 4 4 4 4]]]] [{media 50} [[""A"" [4 4 4 4 4 4 4 4 4 4]]]] [{media 51} [[""A"" [4 4 4 4 4 4 4 4 4 4]]]] [{media 57} [[""A"" [4 4 4 4 4 4 4 4 4 4]]]] [{media 62} [[""A"" [4 4 4 4 4 4 4 4 4 4]]]] [{citizen 1} [[""A"" [4 4 4 4 4 4 4 4 4 4]]]] [{citizen 5} [[""A"" [4 4 4 4 4 4 4 4 4 4]]]] [{citizen 12} [[""A"" [4 4 4 4 4 4 4 4 4 4]]]] [{citizen 17} [[""A"" [4 4 4 4 4 4 4 4 4 4]]]] [{citizen 23} [[""A"" [4 4 4 4 4 4 4 4 4 4]]]] [{media 54} [[""A"" [4 4 4 4 4 4 4 4 4 4]]]] [{citizen 2} [[""A"" [4 4 4 4 4 4 4 4 4 4]]]] [{media 58} [[""A"" [4 4 4 4 4 4 4 4 4 4]]]] [{citizen 0} [[""A"" [4 4 4 4 4 4 4 4 4 4]]]] [{citizen 8} [[""A"" [4 4 4 4 4 4 4 4 4 4]]]] [{media 63} [[""A"" [4 4 4 4 4 4 4 4 4 4]]]] [{citizen 11} [[""A"" [4 4 4 4 4 4 4 4 4 4]]]] [{citizen 6} [[""A"" [4 4 4 4 4 4 4 4 4 4]]]] [{citizen 20} [[""A"" [4 4 4 4 4 4 4 4 4 4]]]] [{media 59} [[""A"" [4 4 4 4 4 4 4 4 4 4]]]] [{media 55} [[""A"" [4 4 4 4 4 4 4 4 4 4]]]] [{media 56} [[""A"" [4 4 4 4 4 4 4 4 4 4]]]] [{citizen 13} [[""A"" [4 4 4 4 4 4 4 4 4 4]]]] [{media 60} [[""A"" [4 4 4 4 4 4 4 4 4 4]]]] [{citizen 15} [[""A"" [4 4 4 4 4 4 4 4 4 4]]]] [{citizen 16} [[""A"" [4 4 4 4 4 4 4 4 4 4]]]] [{citizen 27} [[""A"" [4 4 4 4 4 4 4 4 4 4]]]] [{media 53} [[""A"" [4 4 4 4 4 4 4 4 4 4]]]] [{citizen 4} [[""A"" [4 4 4 4 4 4 4 4 4 4]]]] [{media 64} [[""A"" [4 4 4 4 4 4 4 4 4 4]]]] [{citizen 9} [[""A"" [4 4 4 4 4 4 4 4 4 4]]]] [{citizen 14} [[""A"" [4 4 4 4 4 4 4 4 4 4]]]] [{media 52} [[""A"" [4 4 4 4 4 4 4 4 4 4]]]] [{media 61} [[""A"" [4 4 4 4 4 4 4 4 4 4]]]] [{citizen 49} [[""A"" [4 4 4 4 4 4 4 4 4 4]]]] [{citizen 46} [[""A"" [4 4 4 4 4 4 4 4 4 4]]]] [{citizen 7} [[""A"" [4 4 4 4 4 4 4 4 4 4]]]] [{citizen 24} [[""A"" [4 4 4 4 4 4 4 4 4 4]]]] [{citizen 21} [[""A"" [4 4 4 4 4 4 4 4 4 4]]]] [{citizen 44} [[""A"" [4 4 4 4 4 4 4 4 4 4]]]] [{citizen 32} [[""A"" [4 4 4 4 4 4 4 4 4 4]]]] [{citizen 19} [[""A"" [4 4 4 4 4 4 4 4 4 4]]]] [{citizen 42} [[""A"" [4 4 4 4 4 4 4 4 4 4]]]] [{citizen 30} [[""A"" [4 4 4 4 4 4 4 4 4 4]]]] [{citizen 28} [[""A"" [4 4 4 4 4 4 4 4 4 4]]]] [{citizen 39} [[""A"" [4 4 4 4 4 4 4 4 4 4]]]] [{citizen 22} [[""A"" [4 4 4 4 4 4 4 4 4 4]]]] [{citizen 37} [[""A"" [4 4 4 4 4 4 4 4 4 4]]]] [{citizen 10} [[""A"" [4 4 4 4 4 4 4 4 4 4]]]] [{citizen 43} [[""A"" [4 4 4 4 4 4 4 4 4 4]]]] [{citizen 48} [[""A"" [4 4 4 4 4 4 4 4 4 4]]]] [{citizen 26} [[""A"" [4 4 4 4 4 4 4 4 4 4]]]] [{citizen 29} [[""A"" [4 4 4 4 4 4 4 4 4 4]]]] [{citizen 31} [[""A"" [4 4 4 4 4 4 4 4 4 4]]]] [{citizen 41} [[""A"" [4 4 4 4 4 4 4 4 4 4]]]] [{citizen 38} [[""A"" [4 4 4 4 4 4 4 4 4 4]]]] [{citizen 36} [[""A"" [4 4 4 4 4 4 4 4 4 4]]]] [{citizen 34} [[""A"" [4 4 4 4 4 4 4 4 4 4]]]] [{citizen 47} [[""A"" [4 4 4 4 4 4 4 4 4 4]]]] [{citizen 3} [[""A"" [4 4 4 4 4 4 4 4 4 4]]]]]"
"36","[85 0 170]","239.3617021276596","-8.311586220716014","-5.22526380504902","""circle""","""""","9.9","{breed citizens}","false","0.5","1","""up""",,"[[""ID"" 42] [""alpha"" 1] [""beta"" 1] [""malleable"" [""A""]] [""prior"" []] [""cont_tokens"" []] [""A"" 4]]","[[0 [0 1 2 3 4 5 6 7 8 9 10 11 12 13 14]] [1 [15 16 17 18 19 20 21 22 23 24 25 26 27 28 29]] [2 [30 31 32 33 34 35 36 37 38 39 40 41 42 43 44]] [3 [45 46 47 48 49 50 51 52 53 54 55 56 57 58 59]] [4 [60 61 62 63 64 65 66 67 68 69 70 71 72 73 74]] [5 [75 76 77 78 79 80 81 82 83 84 85 86 87 88 89]] [6 [90 91 92 93 94 95 96 97 98 99 100 101 102 103 104]] [7 [105 106 107 108 109 110 111 112 113 114 115 116 117 118 119]] [8 [120 121 122 123 124 125 126 127 128 129 130 131 132 133 134]] [9 [135 136 137 138 139 140 141 142 143 144 145 146 147 148 149]] [10 [150 151 152 153 154 155 156 157 158 159 160 161 162 163 164]] [11 [165 166 167 168 169 170 171 172 173 174 175 176 177 178 179]] [12 [180 181 182 183 184 185 186 187 188 189 190 191 192 193 194]] [13 [195 196 197 198 199 200 201 202 203 204 205 206 207 208 209]] [14 [210 211 212 213 214 215 216 217 218 219 220 221 222 223 224]] [15 [225 226 227 228 229 230 231 232 233 234 235 236 237 238 239]] [16 [240 241 242 243 244 245 246 247 248 249 250 251 252 253 254]] [17 [255 256 257 258 259 260 261 262 263 264 265 266 267 268 269]] [18 [270 271 272 273 274 275 276 277 278 279 280 281 282 283 284]] [19 [285 286 287 288 289 290 291 292 293 294 295 296 297 298 299]] [20 [300 301 302 303 304 305 306 307 308 309 310 311 312 313 314]] [21 [315 316 317 318 319 320 321 322 323 324 325 326 327 328 329]] [22 [330 331 332 333 334 335 336 337 338 339 340 341 342 343 344]] [23 [345 346 347 348 349 350 351 352 353 354 355 356 357 358 359]] [24 [360 361 362 363 364 365 366 367 368 369 370 371 372 373 374]] [25 [375 376 377 378 379 380 381 382 383 384 385 386 387 388 389]] [26 [390 391 392 393 394 395 396 397 398 399 400 401 402 403 404]] [27 [405 406 407 408 409 410 411 412 413 414 415 416 417 418 419]] [28 [420 421 422 423 424 425 426 427 428 429 430 431 432 433 434]] [29 [435 436 437 438 439 440 441 442 443 444 445 446 447 448 449]] [30 [450 451 452 453 454 455 456 457 458 459 460 461 462 463 464]] [31 [465 466 467 468 469 470 471 472 473 474 475 476 477 478 479]] [32 [480 481 482 483 484 485 486 487 488 489 490 491 492 493 494]] [33 [495 496 497 498 499 500 501 502 503 504 505 506 507 508 509]] [34 [510 511 512 513 514 515 516 517 518 519 520 521 522 523 524]] [35 [525 526 527 528 529 530 531 532 533 534 535 536 537 538 539]] [36 [540 541 542 543 544 545 546 547 548 549 550 551 552 553 554]] [37 [555 556 557 558 559 560 561 562 563 564 565 566 567 568 569]] [38 [570 571 572 573 574 575 576 577 578 579 580 581 582 583 584]] [39 [585 586 587 588 589 590 591 592 593 594 595 596 597 598 599]] [40 [600 601 602 603 604 605 606 607 608 609 610 611 612 613 614]] [41 [615 616 617 618 619 620 621 622 623 624 625 626 627 628 629]] [42 [630 631 632 633 634 635 636 637 638 639 640 641 642 643 644]] [43 [645 646 647 648 649 650 651 652 653 654 655 656 657 658 659]] [44 [660 661 662 663 664 665 666 667 668 669 670 671 672 673 674]] [45 [675 676 677 678 679 680 681 682 683 684 685 686 687 688 689]] [46 [690 691 692 693 694 695 696 697 698 699 700 701 702 703 704]] [47 [705 706 707 708 709 710 711 712 713 714 715 716 717 718 719]] [48 [720 721 722 723 724 725 726 727 728 729 730 731 732 733 734]] [49 [735 736 737 738 739 740 741 742 743 744 745 746 747 748 749]] [50 [750 751 752 753 754 755 756 757 758 759 760 761 762 763 764]] [51 [765 766 767 768 769 770 771 772 773 774 775 776 777 778 779]] [52 [780 781 782 783 784 785 786 787 788 789 790 791 792 793 794]] [53 [795 796 797 798 799 800 801 802 803 804 805 806 807 808 809]] [54 [810 811 812 813 814 815 816 817 818 819 820 821 822 823 824]] [55 [825 826 827 828 829 830 831 832 833 834 835 836 837 838 839]] [56 [840 841 842 843 844 845 846 847 848 849 850 851 852 853 854]] [57 [855 856 857 858 859 860 861 862 863 864 865 866 867 868 869]] [58 [870 871 872 873 874 875 876 877 878 879 880 881 882 883 884]] [59 [885 886 887 888 889 890 891 892 893 894 895 896 897 898 899]] [60 [900 901 902 903 904 905 906 907 908 909 910 911 912 913 914]] [61 [915 916 917 918 919 920 921 922 923 924 925 926 927 928 929]] [62 [930 931 932 933 934 935 936 937 938 939 940 941 942 943 944]] [63 [945 946 947 948 949 950 951 952 953 954 955 956 957 958 959]] [64 [960 961 962 963 964 965 966 967 968 969 970 971 972 973 974]] [65 [975 976 977 978 979 980 981 982 983 984 985 986 987 988 989]] [66 [990 991 992 993 994 995 996 997 998 999 1000 1001 1002 1003 1004]] [67 [1005 1006 1007 1008 1009 1010 1011 1012 1013 1014 1015 1016 1017 1018 1019]] [68 [1020 1021 1022 1023 1024 1025 1026 1027 1028 1029 1030 1031 1032 1033 1034]] [69 [1035 1036 1037 1038 1039 1040 1041 1042 1043 1044 1045 1046 1047 1048 1049]] [70 [1050 1051 1052 1053 1054 1055 1056 1057 1058 1059 1060 1061 1062 1063 1064]] [71 [1065 1066 1067 1068 1069 1070 1071 1072 1073 1074 1075 1076 1077 1078 1079]] [72 [1080 1081 1082 1083 1084 1085 1086 1087 1088 1089 1090 1091 1092 1093 1094]] [73 [1095 1096 1097 1098 1099 1100 1101 1102 1103 1104 1105 1106 1107 1108 1109]] [74 [1110 1111 1112 1113 1114 1115 1116 1117 1118 1119 1120 1121 1122 1123 1124]] [75 [1125 1126 1127 1128 1129 1130 1131 1132 1133 1134 1135 1136 1137 1138 1139]] [76 [1140 1141 1142 1143 1144 1145 1146 1147 1148 1149 1150 1151 1152 1153 1154]] [77 [1155 1156 1157 1158 1159 1160 1161 1162 1163 1164 1165 1166 1167 1168 1169]] [78 [1170 1171 1172 1173 1174 1175 1176 1177 1178 1179 1180 1181 1182 1183 1184]] [79 [1185 1186 1187 1188 1189 1190 1191 1192 1193 1194 1195 1196 1197 1198 1199]] [80 [1200 1201 1202 1203 1204 1205 1206 1207 1208 1209 1210 1211 1212 1213 1214]] [81 [1215 1216 1217 1218 1219 1220 1221 1222 1223 1224 1225 1226 1227 1228 1229]] [82 [1230 1231 1232 1233 1234 1235 1236 1237 1238 1239 1240 1241 1242 1243 1244]] [83 [1245 1246 1247 1248 1249 1250 1251 1252 1253 1254 1255 1256 1257 1258 1259]] [84 [1260 1261 1262 1263 1264 1265 1266 1267 1268 1269 1270 1271 1272 1273 1274]] [85 [1275 1276 1277 1278 1279 1280 1281 1282 1283 1284 1285 1286 1287 1288 1289]] [86 [1290 1291 1292 1293 1294 1295 1296 1297 1298 1299 1300 1301 1302 1303 1304]] [87 [1305 1306 1307 1308 1309 1310 1311 1312 1313 1314 1315 1316 1317 1318 1319]] [88 [1320 1321 1322 1323 1324 1325 1326 1327 1328 1329 1330 1331 1332 1333 1334]] [89 [1335 1336 1337 1338 1339 1340 1341 1342 1343 1344 1345 1346 1347 1348 1349]] [90 [1350 1351 1352 1353 1354 1355 1356 1357 1358 1359 1360 1361 1362 1363 1364]] [91 [1365 1366 1367 1368 1369 1370 1371 1372 1373 1374 1375 1376 1377 1378 1379]] [92 [1380 1381 1382 1383 1384 1385 1386 1387 1388 1389 1390 1391 1392 1393 1394]] [93 [1395 1396 1397 1398 1399 1400 1401 1402 1403 1404 1405 1406 1407 1408 1409]] [94 [1410 1411 1412 1413 1414 1415 1416 1417 1418 1419 1420 1421 1422 1423 1424]] [95 [1425 1426 1427 1428 1429 1430 1431 1432 1433 1434 1435 1436 1437 1438 1439]] [96 [1440 1441 1442 1443 1444 1445 1446 1447 1448 1449 1450 1451 1452 1453 1454]] [97 [1455 1456 1457 1458 1459 1460 1461 1462 1463 1464 1465 1466 1467 1468 1469]] [98 [1470 1471 1472 1473 1474 1475 1476 1477 1478 1479 1480 1481 1482 1483 1484]] [99 [1485 1486 1487 1488 1489 1490 1491 1492 1493 1494 1495 1496 1497 1498 1499]]]","[[0 [2 3 4 5 6 7 8 9 10 11 12 13 14]] [1 [15 16 17 18 19 20 21 22 23 24 25 26 27 28 29]] [2 [30 31 32 33 34 35 36 37 38 39 40 41 42 43 44]] [3 [45 46 47 48 49 50 51 52 53 54 55 56 57 58 59]] [4 [60 61 62 63 64 65 66 67 68 69 70 71 72 73 74]] [5 [75 76 77 78 79 80 81 82 83 84 85 86 87 88 89]] [6 [90 91 92 93 94 95 96 97 98 99 100 101 102 103 104]] [7 [105 106 107 108 109 110 111 112 113 114 115 116 117 118 119]] [8 [120 121 122 123 124 125 126 127 128 129 130 131 132 133 134]] [9 [135 136 137 138 139 140 141 142 143 144 145 146 147 148 149]] [10 [150 151 152 153 154 155 156 157 158 159 160 161 162 163 164]] [11 [165 166 167 168 169 170 171 172 173 174 175 176 177 178 179]] [12 [180 181 182 183 184 185 186 187 188 189 190 191 192 193 194]] [13 [195 196 197 198 199 200 201 202 203 204 205 206 207 208 209]] [14 [210 211 212 213 214 215 216 217 218 219 220 221 222 223 224]] [15 [225 226 227 228 229 230 231 232 233 234 235 236 237 238 239]] [16 [240 241 242 243 244 245 246 247 248 249 250 251 252 253 254]] [17 [255 256 257 258 259 260 261 262 263 264 265 266 267 268 269]] [18 [270 271 272 273 274 275 276 277 278 279 280 281 282 283 284]] [19 [285 286 287 288 289 290 291 292 293 294 295 296 297 298 299]] [20 [300 301 302 303 304 305 306 307 308 309 310 311 312 313 314]] [21 [315 316 317 318 319 320 321 322 323 324 325 326 327 328 329]] [22 [330 331 332 333 334 335 336 337 338 339 340 341 342 343 344]] [23 [345 346 347 348 349 350 351 352 353 354 355 356 357 358 359]] [24 [360 361 362 363 364 365 366 367 368 369 370 371 372 373 374]] [25 [375 376 377 378 379 380 381 382 383 384 385 386 387 388 389]] [26 [390 391 392 393 394 395 396 397 398 399 400 401 402 403 404]] [27 [405 406 407 408 409 410 411 412 413 414 415 416 417 418 419]] [28 [420 421 422 423 424 425 426 427 428 429 430 431 432 433 434]] [29 [435 436 437 438 439 440 441 442 443 444 445 446 447 448 449]] [30 [450 451 452 453 454 455 456 457 458 459 460 461 462 463 464]] [31 [465 466 467 468 469 470 471 472 473 474 475 476 477 478 479]] [32 [480 481 482 483 484 485 486 487 488 489 490 491 492 493 494]] [33 [495 496 497 498 499 500 501 502 503 504 505 506 507 508 509]] [34 [510 511 512 513 514 515 516 517 518 519 520 521 522 523 524]] [35 [525 526 527 528 529 530 531 532 533 534 535 536 537 538 539]] [36 [540 541 542 543 544 545 546 547 548 549 550 551 552 553 554]] [37 [555 556 557 558 559 560 561 562 563 564 565 566 567 568 569]] [38 [570 571 572 573 574 575 576 577 578 579 580 581 582 583 584]] [39 [585 586 587 588 589 590 591 592 593 594 595 596 597 598 599]] [40 [600 601 602 603 604 605 606 607 608 609 610 611 612 613 614]] [41 [615 616 617 618 619 620 621 622 623 624 625 626 627 628 629]] [42 [630 631 632 633 634 635 636 637 638 639 640 641 642 643 644]] [43 [645 646 647 648 649 650 651 652 653 654 655 656 657 658 659]] [44 [660 661 662 663 664 665 666 667 668 669 670 671 672 673 674]] [45 [675 676 677 678 679 680 681 682 683 684 685 686 687 688 689]] [46 [690 691 692 693 694 695 696 697 698 699 700 701 702 703 704]] [47 [705 706 707 708 709 710 711 712 713 714 715 716 717 718 719]] [48 [720 721 722 723 724 725 726 727 728 729 730 731 732 733 734]] [49 [735 736 737 738 739 740 741 742 743 744 745 746 747 748 749]] [50 [750 751 752 753 754 755 756 757 758 759 760 761 762 763 764]] [51 [765 766 767 768 769 770 771 772 773 774 775 776 777 778 779]] [52 [780 781 782 783 784 785 786 787 788 789 790 791 792 793 794]] [53 [795 796 797 798 799 800 801 802 803 804 805 806 807 808 809]] [54 [810 811 812 813 814 815 816 817 818 819 820 821 822 823 824]] [55 [825 826 827 828 829 830 831 832 833 834 835 836 837 838 839]] [56 [840 841 842 843 844 845 846 847 848 849 850 851 852 853 854]] [57 [855 856 857 858 859 860 861 862 863 864 865 866 867 868 869]] [58 [870 871 872 873 874 875 876 877 878 879 880 881 882 883 884]] [59 [885 886 887 888 889 890 891 892 893 894 895 896 897 898 899]] [60 [900 901 902 903 904 905 906 907 908 909 910 911 912 913 914]] [61 [915 916 917 918 919 920 921 922 923 924 925 926 927 928 929]] [62 [930 931 932 933 934 935 936 937 938 939 940 941 942 943 944]] [63 [945 946 947 948 949 950 951 952 953 954 955 956 957 958 959]] [64 [960 961 962 963 964 965 966 967 968 969 970 971 972 973 974]] [65 [975 976 977 978 979 980 981 982 983 984 985 986 987 988 989]] [66 [990 991 992 993 994 995 996 997 998 999 1000 1001 1002 1003 1004]] [67 [1005 1006 1007 1008 1009 1010 1011 1012 1013 1014 1015 1016 1017 1018 1019]] [68 [1020 1021 1022 1023 1024 1025 1026 1027 1028 1029 1030 1031 1032 1033 1034]] [69 [1035 1036 1037 1038 1039 1040 1041 1042 1043 1044 1045 1046 1047 1048 1049]] [70 [1050 1051 1052 1053 1054 1055 1056 1057 1058 1059 1060 1061 1062 1063 1064]] [71 [1065 1066 1067 1068 1069 1070 1071 1072 1073 1074 1075 1076 1077 1078 1079]] [72 [1080 1081 1082 1083 1084 1085 1086 1087 1088 1089 1090 1091 1092 1093 1094]] [73 [1095 1096 1097 1098 1099 1100 1101 1102 1103 1104 1105 1106 1107 1108 1109]] [74 [1110 1111 1112 1113 1114 1115 1116 1117 1118 1119 1120 1121 1122 1123 1124]] [75 [1125 1126 1127 1128 1129 1130 1131 1132 1133 1134 1135 1136 1137 1138 1139]] [76 [1140 1141 1142 1143 1144 1145 1146 1147 1148 1149 1150 1151 1152 1153 1154]] [77 [1155 1156 1157 1158 1159 1160 1161 1162 1163 1164 1165 1166 1167 1168 1169]] [78 [1170 1171 1172 1173 1174 1175 1176 1177 1178 1179 1180 1181 1182 1183 1184]] [79 [1185 1186 1187 1188 1189 1190 1191 1192 1193 1194 1195 1196 1197 1198 1199]] [80 [1200 1201 1202 1203 1204 1205 1206 1207 1208 1209 1210 1211 1212 1213 1214]] [81 [1215 1216 1217 1218 1219 1220 1221 1222 1223 1224 1225 1226 1227 1228 1229]] [82 [1230 1231 1232 1233 1234 1235 1236 1237 1238 1239 1240 1241 1242 1243 1244]] [83 [1245 1246 1247 1248 1249 1250 1251 1252 1253 1254 1255 1256 1257 1258 1259]] [84 [1260 1261 1262 1263 1264 1265 1266 1267 1268 1269 1270 1271 1272 1273 1274]] [85 [1275 1276 1277 1278 1279 1280 1281 1282 1283 1284 1285 1286 1287 1288 1289]] [86 [1290 1291 1292 1293 1294 1295 1296 1297 1298 1299 1300 1301 1302 1303 1304]] [87 [1305 1306 1307 1308 1309 1310 1311 1312 1313 1314 1315 1316 1317 1318 1319]] [88 [1320 1321 1322 1323 1324 1325 1326 1327 1328 1329 1330 1331 1332 1333 1334]] [89 [1335 1336 1337 1338 1339 1340 1341 1342 1343 1344 1345 1346 1347 1348 1349]] [90 [1350 1351 1352 1353 1354 1355 1356 1357 1358 1359 1360 1361 1362 1363 1364]] [91 [1365 1366 1367 1368 1369 1370 1371 1372 1373 1374 1375 1376 1377 1378 1379]] [92 [1380 1381 1382 1383 1384 1385 1386 1387 1388 1389 1390 1391 1392 1393 1394]] [93 [1395 1396 1397 1398 1399 1400 1401 1402 1403 1404 1405 1406 1407 1408 1409]] [94 [1410 1411 1412 1413 1414 1415 1416 1417 1418 1419 1420 1421 1422 1423 1424]] [95 [1425 1426 1427 1428 1429 1430 1431 1432 1433 1434 1435 1436 1437 1438 1439]] [96 [1440 1441 1442 1443 1444 1445 1446 1447 1449 1450 1451 1452 1453 1454]] [97 [1455 1456 1457 1458 1459 1460 1461 1462 1463 1464 1465 1466 1467 1468 1469]] [98 [1470 1471 1472 1473 1474 1475 1476 1477 1478 1479 1480 1481 1482 1483 1484]] [99 [1485 1486 1487 1488 1489 1490 1491 1492 1493 1494 1495 1496 1497 1498 1499]]]",,"[[{citizen 44} [[""A"" [4 4 4 4 4 4 4 4 4 4]]]] [{media 50} [[""A"" [4 4 4 4 4 4 4 4 4 4]]]] [{media 51} [[""A"" [4 4 4 4 4 4 4 4 4 4]]]] [{media 52} [[""A"" [4 4 4 4 4 4 4 4 4 4]]]] [{media 53} [[""A"" [4 4 4 4 4 4 4 4 4 4]]]] [{media 54} [[""A"" [4 4 4 4 4 4 4 4 4 4]]]] [{media 55} [[""A"" [4 4 4 4 4 4 4 4 4 4]]]] [{media 56} [[""A"" [4 4 4 4 4 4 4 4 4 4]]]] [{media 57} [[""A"" [4 4 4 4 4 4 4 4 4 4]]]] [{media 58} [[""A"" [4 4 4 4 4 4 4 4 4 4]]]] [{media 62} [[""A"" [4 4 4 4 4 4 4 4 4 4]]]] [{citizen 1} [[""A"" [4 4 4 4 4 4 4 4 4 4]]]] [{citizen 5} [[""A"" [4 4 4 4 4 4 4 4 4 4]]]] [{citizen 12} [[""A"" [4 4 4 4 4 4 4 4 4 4]]]] [{citizen 17} [[""A"" [4 4 4 4 4 4 4 4 4 4]]]] [{citizen 2} [[""A"" [4 4 4 4 4 4 4 4 4 4]]]] [{citizen 19} [[""A"" [4 4 4 4 4 4 4 4 4 4]]]] [{citizen 32} [[""A"" [4 4 4 4 4 4 4 4 4 4]]]] [{media 63} [[""A"" [4 4 4 4 4 4 4 4 4 4]]]] [{citizen 11} [[""A"" [4 4 4 4 4 4 4 4 4 4]]]] [{citizen 6} [[""A"" [4 4 4 4 4 4 4 4 4 4]]]] [{citizen 9} [[""A"" [4 4 4 4 4 4 4 4 4 4]]]] [{citizen 14} [[""A"" [4 4 4 4 4 4 4 4 4 4]]]] [{media 59} [[""A"" [4 4 4 4 4 4 4 4 4 4]]]] [{citizen 8} [[""A"" [4 4 4 4 4 4 4 4 4 4]]]] [{citizen 7} [[""A"" [4 4 4 4 4 4 4 4 4 4]]]] [{media 60} [[""A"" [4 4 4 4 4 4 4 4 4 4]]]] [{citizen 4} [[""A"" [4 4 4 4 4 4 4 4 4 4]]]] [{citizen 10} [[""A"" [4 4 4 4 4 4 4 4 4 4]]]] [{media 64} [[""A"" [4 4 4 4 4 4 4 4 4 4]]]] [{media 61} [[""A"" [4 4 4 4 4 4 4 4 4 4]]]] [{citizen 49} [[""A"" [4 4 4 4 4 4 4 4 4 4]]]] [{citizen 46} [[""A"" [4 4 4 4 4 4 4 4 4 4]]]] [{citizen 27} [[""A"" [4 4 4 4 4 4 4 4 4 4]]]] [{citizen 45} [[""A"" [4 4 4 4 4 4 4 4 4 4]]]] [{citizen 0} [[""A"" [4 4 4 4 4 4 4 4 4 4]]]] [{citizen 40} [[""A"" [4 4 4 4 4 4 4 4 4 4]]]] [{citizen 16} [[""A"" [4 4 4 4 4 4 4 4 4 4]]]] [{citizen 35} [[""A"" [4 4 4 4 4 4 4 4 4 4]]]] [{citizen 23} [[""A"" [4 4 4 4 4 4 4 4 4 4]]]] [{citizen 24} [[""A"" [4 4 4 4 4 4 4 4 4 4]]]] [{citizen 39} [[""A"" [4 4 4 4 4 4 4 4 4 4]]]] [{citizen 20} [[""A"" [4 4 4 4 4 4 4 4 4 4]]]] [{citizen 31} [[""A"" [4 4 4 4 4 4 4 4 4 4]]]] [{citizen 21} [[""A"" [4 4 4 4 4 4 4 4 4 4]]]] [{citizen 42} [[""A"" [4 4 4 4 4 4 4 4 4 4]]]] [{citizen 37} [[""A"" [4 4 4 4 4 4 4 4 4 4]]]] [{citizen 30} [[""A"" [4 4 4 4 4 4 4 4 4 4]]]] [{citizen 15} [[""A"" [4 4 4 4 4 4 4 4 4 4]]]] [{citizen 28} [[""A"" [4 4 4 4 4 4 4 4 4 4]]]] [{citizen 22} [[""A"" [4 4 4 4 4 4 4 4 4 4]]]] [{citizen 13} [[""A"" [4 4 4 4 4 4 4 4 4 4]]]] [{citizen 48} [[""A"" [4 4 4 4 4 4 4 4 4 4]]]] [{citizen 43} [[""A"" [4 4 4 4 4 4 4 4 4 4]]]] [{citizen 26} [[""A"" [4 4 4 4 4 4 4 4 4 4]]]] [{citizen 29} [[""A"" [4 4 4 4 4 4 4 4 4 4]]]] [{citizen 41} [[""A"" [4 4 4 4 4 4 4 4 4 4]]]] [{citizen 38} [[""A"" [4 4 4 4 4 4 4 4 4 4]]]] [{citizen 34} [[""A"" [4 4 4 4 4 4 4 4 4 4]]]] [{citizen 47} [[""A"" [4 4 4 4 4 4 4 4 4 4]]]] [{citizen 3} [[""A"" [4 4 4 4 4 4 4 4 4 4]]]]]"
"37","[85 0 170]","90.95744680851065","9.909326079353523","-0.1156528295961109","""circle""","""""","9.9","{breed citizens}","false","0.5","1","""up""",,"[[""ID"" 21] [""alpha"" 1] [""beta"" 1] [""malleable"" [""A""]] [""prior"" []] [""cont_tokens"" []] [""A"" 4]]","[[0 [0 1 2 3 4 5 6 7 8 9 10 11 12 13 14]] [1 [15 16 17 18 19 20 21 22 23 24 25 26 27 28 29]] [2 [30 31 32 33 34 35 36 37 38 39 40 41 42 43 44]] [3 [45 46 47 48 49 50 51 52 53 54 55 56 57 58 59]] [4 [60 61 62 63 64 65 66 67 68 69 70 71 72 73 74]] [5 [75 76 77 78 79 80 81 82 83 84 85 86 87 88 89]] [6 [90 91 92 93 94 95 96 97 98 99 100 101 102 103 104]] [7 [105 106 107 108 109 110 111 112 113 114 115 116 117 118 119]] [8 [120 121 122 123 124 125 126 127 128 129 130 131 132 133 134]] [9 [135 136 137 138 139 140 141 142 143 144 145 146 147 148 149]] [10 [150 151 152 153 154 155 156 157 158 159 160 161 162 163 164]] [11 [165 166 167 168 169 170 171 172 173 174 175 176 177 178 179]] [12 [180 181 182 183 184 185 186 187 188 189 190 191 192 193 194]] [13 [195 196 197 198 199 200 201 202 203 204 205 206 207 208 209]] [14 [210 211 212 213 214 215 216 217 218 219 220 221 222 223 224]] [15 [225 226 227 228 229 230 231 232 233 234 235 236 237 238 239]] [16 [240 241 242 243 244 245 246 247 248 249 250 251 252 253 254]] [17 [255 256 257 258 259 260 261 262 263 264 265 266 267 268 269]] [18 [270 271 272 273 274 275 276 277 278 279 280 281 282 283 284]] [19 [285 286 287 288 289 290 291 292 293 294 295 296 297 298 299]] [20 [300 301 302 303 304 305 306 307 308 309 310 311 312 313 314]] [21 [315 316 317 318 319 320 321 322 323 324 325 326 327 328 329]] [22 [330 331 332 333 334 335 336 337 338 339 340 341 342 343 344]] [23 [345 346 347 348 349 350 351 352 353 354 355 356 357 358 359]] [24 [360 361 362 363 364 365 366 367 368 369 370 371 372 373 374]] [25 [375 376 377 378 379 380 381 382 383 384 385 386 387 388 389]] [26 [390 391 392 393 394 395 396 397 398 399 400 401 402 403 404]] [27 [405 406 407 408 409 410 411 412 413 414 415 416 417 418 419]] [28 [420 421 422 423 424 425 426 427 428 429 430 431 432 433 434]] [29 [435 436 437 438 439 440 441 442 443 444 445 446 447 448 449]] [30 [450 451 452 453 454 455 456 457 458 459 460 461 462 463 464]] [31 [465 466 467 468 469 470 471 472 473 474 475 476 477 478 479]] [32 [480 481 482 483 484 485 486 487 488 489 490 491 492 493 494]] [33 [495 496 497 498 499 500 501 502 503 504 505 506 507 508 509]] [34 [510 511 512 513 514 515 516 517 518 519 520 521 522 523 524]] [35 [525 526 527 528 529 530 531 532 533 534 535 536 537 538 539]] [36 [540 541 542 543 544 545 546 547 548 549 550 551 552 553 554]] [37 [555 556 557 558 559 560 561 562 563 564 565 566 567 568 569]] [38 [570 571 572 573 574 575 576 577 578 579 580 581 582 583 584]] [39 [585 586 587 588 589 590 591 592 593 594 595 596 597 598 599]] [40 [600 601 602 603 604 605 606 607 608 609 610 611 612 613 614]] [41 [615 616 617 618 619 620 621 622 623 624 625 626 627 628 629]] [42 [630 631 632 633 634 635 636 637 638 639 640 641 642 643 644]] [43 [645 646 647 648 649 650 651 652 653 654 655 656 657 658 659]] [44 [660 661 662 663 664 665 666 667 668 669 670 671 672 673 674]] [45 [675 676 677 678 679 680 681 682 683 684 685 686 687 688 689]] [46 [690 691 692 693 694 695 696 697 698 699 700 701 702 703 704]] [47 [705 706 707 708 709 710 711 712 713 714 715 716 717 718 719]] [48 [720 721 722 723 724 725 726 727 728 729 730 731 732 733 734]] [49 [735 736 737 738 739 740 741 742 743 744 745 746 747 748 749]] [50 [750 751 752 753 754 755 756 757 758 759 760 761 762 763 764]] [51 [765 766 767 768 769 770 771 772 773 774 775 776 777 778 779]] [52 [780 781 782 783 784 785 786 787 788 789 790 791 792 793 794]] [53 [795 796 797 798 799 800 801 802 803 804 805 806 807 808 809]] [54 [810 811 812 813 814 815 816 817 818 819 820 821 822 823 824]] [55 [825 826 827 828 829 830 831 832 833 834 835 836 837 838 839]] [56 [840 841 842 843 844 845 846 847 848 849 850 851 852 853 854]] [57 [855 856 857 858 859 860 861 862 863 864 865 866 867 868 869]] [58 [870 871 872 873 874 875 876 877 878 879 880 881 882 883 884]] [59 [885 886 887 888 889 890 891 892 893 894 895 896 897 898 899]] [60 [900 901 902 903 904 905 906 907 908 909 910 911 912 913 914]] [61 [915 916 917 918 919 920 921 922 923 924 925 926 927 928 929]] [62 [930 931 932 933 934 935 936 937 938 939 940 941 942 943 944]] [63 [945 946 947 948 949 950 951 952 953 954 955 956 957 958 959]] [64 [960 961 962 963 964 965 966 967 968 969 970 971 972 973 974]] [65 [975 976 977 978 979 980 981 982 983 984 985 986 987 988 989]] [66 [990 991 992 993 994 995 996 997 998 999 1000 1001 1002 1003 1004]] [67 [1005 1006 1007 1008 1009 1010 1011 1012 1013 1014 1015 1016 1017 1018 1019]] [68 [1020 1021 1022 1023 1024 1025 1026 1027 1028 1029 1030 1031 1032 1033 1034]] [69 [1035 1036 1037 1038 1039 1040 1041 1042 1043 1044 1045 1046 1047 1048 1049]] [70 [1050 1051 1052 1053 1054 1055 1056 1057 1058 1059 1060 1061 1062 1063 1064]] [71 [1065 1066 1067 1068 1069 1070 1071 1072 1073 1074 1075 1076 1077 1078 1079]] [72 [1080 1081 1082 1083 1084 1085 1086 1087 1088 1089 1090 1091 1092 1093 1094]] [73 [1095 1096 1097 1098 1099 1100 1101 1102 1103 1104 1105 1106 1107 1108 1109]] [74 [1110 1111 1112 1113 1114 1115 1116 1117 1118 1119 1120 1121 1122 1123 1124]] [75 [1125 1126 1127 1128 1129 1130 1131 1132 1133 1134 1135 1136 1137 1138 1139]] [76 [1140 1141 1142 1143 1144 1145 1146 1147 1148 1149 1150 1151 1152 1153 1154]] [77 [1155 1156 1157 1158 1159 1160 1161 1162 1163 1164 1165 1166 1167 1168 1169]] [78 [1170 1171 1172 1173 1174 1175 1176 1177 1178 1179 1180 1181 1182 1183 1184]] [79 [1185 1186 1187 1188 1189 1190 1191 1192 1193 1194 1195 1196 1197 1198 1199]] [80 [1200 1201 1202 1203 1204 1205 1206 1207 1208 1209 1210 1211 1212 1213 1214]] [81 [1215 1216 1217 1218 1219 1220 1221 1222 1223 1224 1225 1226 1227 1228 1229]] [82 [1230 1231 1232 1233 1234 1235 1236 1237 1238 1239 1240 1241 1242 1243 1244]] [83 [1245 1246 1247 1248 1249 1250 1251 1252 1253 1254 1255 1256 1257 1258 1259]] [84 [1260 1261 1262 1263 1264 1265 1266 1267 1268 1269 1270 1271 1272 1273 1274]] [85 [1275 1276 1277 1278 1279 1280 1281 1282 1283 1284 1285 1286 1287 1288 1289]] [86 [1290 1291 1292 1293 1294 1295 1296 1297 1298 1299 1300 1301 1302 1303 1304]] [87 [1305 1306 1307 1308 1309 1310 1311 1312 1313 1314 1315 1316 1317 1318 1319]] [88 [1320 1321 1322 1323 1324 1325 1326 1327 1328 1329 1330 1331 1332 1333 1334]] [89 [1335 1336 1337 1338 1339 1340 1341 1342 1343 1344 1345 1346 1347 1348 1349]] [90 [1350 1351 1352 1353 1354 1355 1356 1357 1358 1359 1360 1361 1362 1363 1364]] [91 [1365 1366 1367 1368 1369 1370 1371 1372 1373 1374 1375 1376 1377 1378 1379]] [92 [1380 1381 1382 1383 1384 1385 1386 1387 1388 1389 1390 1391 1392 1393 1394]] [93 [1395 1396 1397 1398 1399 1400 1401 1402 1403 1404 1405 1406 1407 1408 1409]] [94 [1410 1411 1412 1413 1414 1415 1416 1417 1418 1419 1420 1421 1422 1423 1424]] [95 [1425 1426 1427 1428 1429 1430 1431 1432 1433 1434 1435 1436 1437 1438 1439]] [96 [1440 1441 1442 1443 1444 1445 1446 1447 1448 1449 1450 1451 1452 1453 1454]] [97 [1455 1456 1457 1458 1459 1460 1461 1462 1463 1464 1465 1466 1467 1468 1469]] [98 [1470 1471 1472 1473 1474 1475 1476 1477 1478 1479 1480 1481 1482 1483 1484]] [99 [1485 1486 1487 1488 1489 1490 1491 1492 1493 1494 1495 1496 1497 1498 1499]]]","[[0 [0 1 2 3 4 5 6 7 8 9 10 11 12 13 14]] [1 [15 16 17 18 19 20 21 22 23 24 25 26 27 28 29]] [2 [30 31 32 33 34 35 36 37 38 39 40 41 42 43 44]] [3 [45 46 47 48 49 50 51 52 53 54 55 56 57 58 59]] [4 [60 61 62 63 64 65 66 67 68 69 70 71 72 73 74]] [5 [75 76 77 78 79 80 81 82 83 84 85 86 87 88 89]] [6 [90 91 92 93 94 95 96 97 98 99 100 101 102 103 104]] [7 [105 106 107 108 109 110 111 112 113 114 115 116 117 118 119]] [8 [120 121 122 123 124 125 126 127 128 129 130 131 132 133 134]] [9 [135 136 137 138 139 140 141 142 143 144 145 146 147 148 149]] [10 [150 151 152 153 154 155 156 157 158 159 160 161 162 163 164]] [11 [165 166 167 168 169 170 171 172 173 174 175 176 177 178 179]] [12 [180 181 182 183 184 185 186 187 188 189 190 191 192 193 194]] [13 [195 196 197 198 199 200 201 202 203 204 205 206 207 208 209]] [14 [210 211 212 213 214 215 216 217 218 219 220 221 222 223 224]] [15 [225 226 227 228 229 230 231 232 233 234 235 236 237 238 239]] [16 [240 241 242 243 244 245 246 247 248 249 250 251 252 253 254]] [17 [255 256 257 258 259 260 261 262 263 264 265 266 267 268 269]] [18 [270 271 272 273 274 275 276 277 278 279 280 281 282 283 284]] [19 [285 286 287 288 289 290 291 292 293 294 295 296 297 298 299]] [20 [300 301 302 303 304 305 306 307 308 309 310 311 312 313 314]] [21 [315 316 317 318 319 320 321 322 323 324 325 326 327 328 329]] [22 [330 331 332 333 334 335 336 337 338 339 340 341 342 343 344]] [23 [345 346 347 348 349 350 351 352 353 354 355 356 357 358 359]] [24 [360 361 362 363 364 365 366 367 368 369 370 371 372 373 374]] [25 [375 376 377 378 379 380 381 382 383 384 385 386 387 388 389]] [26 [390 391 392 393 394 395 396 397 398 399 400 401 402 403 404]] [27 [405 406 407 408 409 410 411 412 413 414 415 416 417 418 419]] [28 [420 421 422 423 424 425 426 427 428 429 430 431 432 433 434]] [29 [435 436 437 438 439 440 441 442 443 444 445 446 447 448 449]] [30 [450 451 452 453 454 455 456 457 458 459 460 461 462 463 464]] [31 [465 466 467 468 469 470 471 472 473 474 475 476 477 478 479]] [32 [480 481 482 483 484 485 486 487 488 489 490 491 492 493 494]] [33 [495 496 497 498 499 500 501 502 503 504 505 506 507 508 509]] [34 [510 511 512 513 514 515 516 517 518 519 520 521 522 523 524]] [35 [525 526 527 528 529 530 531 532 533 534 535 536 537 538 539]] [36 [540 541 542 543 544 545 546 547 548 549 550 551 552 553 554]] [37 [555 556 557 558 559 560 561 562 563 564 565 566 567 568 569]] [38 [570 571 572 573 574 575 576 577 578 579 580 581 582 583 584]] [39 [585 586 587 588 589 590 591 592 593 594 595 596 597 598 599]] [40 [600 601 602 603 604 605 606 607 608 609 610 611 612 613 614]] [41 [615 616 617 618 619 620 621 622 623 624 625 626 627 628 629]] [42 [630 631 632 633 634 635 636 637 638 639 640 641 642 643 644]] [43 [645 646 647 648 649 650 651 652 653 654 655 656 657 658 659]] [44 [660 661 662 663 664 665 666 667 668 669 670 671 672 673 674]] [45 [675 676 677 678 679 680 681 682 683 684 685 686 687 688 689]] [46 [690 691 692 693 694 695 696 697 698 699 700 701 702 703 704]] [47 [705 706 707 708 709 710 711 712 713 714 715 716 717 718 719]] [48 [720 721 722 723 724 725 726 727 728 729 730 731 732 733 734]] [49 [735 736 737 738 739 740 741 742 743 744 745 746 747 748 749]] [50 [750 751 752 753 754 755 756 757 758 759 760 761 762 763 764]] [51 [765 766 767 768 769 770 771 772 773 774 775 776 777 778 779]] [52 [780 781 782 783 784 785 786 787 788 789 790 791 792 793 794]] [53 [795 796 797 798 799 800 801 802 803 804 805 806 807 808 809]] [54 [810 811 812 813 814 815 816 817 818 819 820 821 822 823 824]] [55 [825 826 827 828 829 830 831 832 833 834 835 836 837 838 839]] [56 [840 841 842 843 844 845 846 847 848 849 850 851 852 853 854]] [57 [855 856 857 858 859 860 861 862 863 864 865 866 867 868 869]] [58 [870 871 872 873 874 875 876 877 878 879 880 881 882 883 884]] [59 [885 886 887 888 889 890 891 892 893 894 895 896 897 898 899]] [60 [900 901 902 903 904 905 906 907 908 909 910 911 912 913 914]] [61 [915 916 917 918 919 920 921 922 923 924 925 926 927 928 929]] [62 [930 931 932 933 934 935 936 937 938 939 940 941 942 943 944]] [63 [945 946 947 948 949 950 951 952 953 954 955 956 957 958 959]] [64 [960 961 962 963 964 965 966 967 968 969 970 971 972 973 974]] [65 [975 976 977 978 979 980 981 982 983 984 985 986 987 988 989]] [66 [990 991 992 993 994 995 996 997 998 999 1000 1001 1002 1003 1004]] [67 [1005 1006 1007 1008 1009 1010 1011 1012 1013 1014 1015 1016 1017 1018 1019]] [68 [1020 1021 1022 1023 1024 1025 1026 1027 1028 1029 1030 1031 1032 1033 1034]] [69 [1035 1036 1037 1038 1039 1040 1041 1042 1043 1044 1045 1046 1047 1048 1049]] [70 [1050 1051 1052 1053 1054 1055 1056 1057 1058 1059 1060 1061 1062 1063 1064]] [71 [1065 1066 1067 1068 1069 1070 1071 1072 1073 1074 1075 1076 1077 1078 1079]] [72 [1080 1081 1082 1083 1084 1085 1086 1087 1088 1089 1090 1091 1092 1093 1094]] [73 [1095 1096 1097 1098 1099 1100 1101 1102 1103 1104 1105 1106 1107 1108 1109]] [74 [1110 1111 1112 1113 1114 1115 1116 1117 1118 1119 1120 1121 1122 1123 1124]] [75 [1125 1126 1127 1128 1129 1130 1131 1132 1133 1134 1135 1136 1137 1138 1139]] [76 [1140 1141 1142 1143 1144 1145 1146 1147 1148 1149 1150 1151 1152 1153 1154]] [77 [1155 1156 1157 1158 1159 1160 1161 1162 1163 1164 1165 1166 1167 1168 1169]] [78 [1170 1171 1172 1173 1174 1175 1176 1177 1178 1179 1180 1181 1182 1183 1184]] [79 [1185 1186 1187 1188 1189 1190 1191 1192 1193 1194 1195 1196 1197 1198 1199]] [80 [1200 1201 1202 1203 1204 1205 1206 1207 1208 1209 1210 1211 1212 1213 1214]] [81 [1215 1216 1217 1218 1219 1220 1221 1222 1223 1224 1225 1226 1227 1228 1229]] [82 [1230 1231 1232 1233 1234 1235 1236 1237 1238 1239 1240 1241 1242 1243 1244]] [83 [1245 1246 1247 1248 1249 1250 1251 1252 1253 1254 1255 1256 1257 1258 1259]] [84 [1260 1261 1262 1263 1264 1265 1266 1267 1268 1269 1270 1271 1272 1273 1274]] [85 [1275 1276 1277 1278 1279 1280 1281 1282 1283 1284 1285 1286 1287 1288 1289]] [86 [1290 1291 1292 1293 1294 1295 1296 1297 1298 1299 1300 1301 1302 1303 1304]] [87 [1305 1306 1307 1308 1309 1310 1311 1312 1313 1314 1315 1316 1317 1318 1319]] [88 [1320 1321 1322 1323 1324 1325 1326 1327 1328 1329 1330 1331 1332 1333 1334]] [89 [1335 1336 1337 1338 1339 1340 1341 1342 1343 1344 1345 1346 1347 1348 1349]] [90 [1350 1351 1352 1353 1354 1355 1356 1357 1358 1359 1360 1361 1362 1363 1364]] [91 [1365 1366 1367 1368 1369 1370 1371 1372 1373 1374 1375 1376 1377 1378 1379]] [92 [1380 1381 1382 1383 1384 1385 1386 1387 1388 1389 1390 1391 1392 1393 1394]] [93 [1395 1396 1397 1398 1399 1400 1401 1402 1403 1404 1405 1406 1407 1408 1409]] [94 [1410 1411 1412 1413 1414 1415 1416 1417 1418 1419 1420 1421 1422 1423 1424]] [95 [1425 1426 1427 1428 1429 1430 1431 1432 1433 1434 1435 1436 1437 1438 1439]] [96 [1440 1441 1442 1443 1444 1445 1446 1447 1448 1449 1450 1451 1452 1453 1454]] [97 [1455 1456 1457 1458 1459 1460 1461 1462 1463 1464 1465 1466 1467 1468 1469]] [98 [1470 1471 1472 1473 1474 1475 1476 1477 1478 1479 1480 1481 1482 1483 1484]] [99 [1485 1486 1487 1488 1489 1490 1491 1492 1493 1494 1495 1496 1497 1498 1499]]]",,"[[{media 50} [[""A"" [4 4 4 4 4 4 4 4 4 4]]]] [{media 51} [[""A"" [4 4 4 4 4 4 4 4 4 4]]]] [{media 52} [[""A"" [4 4 4 4 4 4 4 4 4 4]]]] [{media 53} [[""A"" [4 4 4 4 4 4 4 4 4 4]]]] [{media 54} [[""A"" [4 4 4 4 4 4 4 4 4 4]]]] [{media 55} [[""A"" [4 4 4 4 4 4 4 4 4 4]]]] [{media 56} [[""A"" [4 4 4 4 4 4 4 4 4 4]]]] [{media 57} [[""A"" [4 4 4 4 4 4 4 4 4 4]]]] [{media 58} [[""A"" [4 4 4 4 4 4 4 4 4 4]]]] [{media 62} [[""A"" [4 4 4 4 4 4 4 4 4 4]]]] [{citizen 2} [[""A"" [4 4 4 4 4 4 4 4 4 4]]]] [{citizen 5} [[""A"" [4 4 4 4 4 4 4 4 4 4]]]] [{citizen 9} [[""A"" [4 4 4 4 4 4 4 4 4 4]]]] [{citizen 14} [[""A"" [4 4 4 4 4 4 4 4 4 4]]]] [{citizen 15} [[""A"" [4 4 4 4 4 4 4 4 4 4]]]] [{citizen 30} [[""A"" [4 4 4 4 4 4 4 4 4 4]]]] [{media 63} [[""A"" [4 4 4 4 4 4 4 4 4 4]]]] [{citizen 6} [[""A"" [4 4 4 4 4 4 4 4 4 4]]]] [{citizen 1} [[""A"" [4 4 4 4 4 4 4 4 4 4]]]] [{media 59} [[""A"" [4 4 4 4 4 4 4 4 4 4]]]] [{citizen 8} [[""A"" [4 4 4 4 4 4 4 4 4 4]]]] [{citizen 7} [[""A"" [4 4 4 4 4 4 4 4 4 4]]]] [{media 60} [[""A"" [4 4 4 4 4 4 4 4 4 4]]]] [{media 64} [[""A"" [4 4 4 4 4 4 4 4 4 4]]]] [{citizen 0} [[""A"" [4 4 4 4 4 4 4 4 4 4]]]] [{media 61} [[""A"" [4 4 4 4 4 4 4 4 4 4]]]] [{citizen 49} [[""A"" [4 4 4 4 4 4 4 4 4 4]]]] [{citizen 17} [[""A"" [4 4 4 4 4 4 4 4 4 4]]]] [{citizen 46} [[""A"" [4 4 4 4 4 4 4 4 4 4]]]] [{citizen 27} [[""A"" [4 4 4 4 4 4 4 4 4 4]]]] [{citizen 45} [[""A"" [4 4 4 4 4 4 4 4 4 4]]]] [{citizen 40} [[""A"" [4 4 4 4 4 4 4 4 4 4]]]] [{citizen 16} [[""A"" [4 4 4 4 4 4 4 4 4 4]]]] [{citizen 35} [[""A"" [4 4 4 4 4 4 4 4 4 4]]]] [{citizen 23} [[""A"" [4 4 4 4 4 4 4 4 4 4]]]] [{citizen 24} [[""A"" [4 4 4 4 4 4 4 4 4 4]]]] [{citizen 44} [[""A"" [4 4 4 4 4 4 4 4 4 4]]]] [{citizen 32} [[""A"" [4 4 4 4 4 4 4 4 4 4]]]] [{citizen 39} [[""A"" [4 4 4 4 4 4 4 4 4 4]]]] [{citizen 20} [[""A"" [4 4 4 4 4 4 4 4 4 4]]]] [{citizen 31} [[""A"" [4 4 4 4 4 4 4 4 4 4]]]] [{citizen 36} [[""A"" [4 4 4 4 4 4 4 4 4 4]]]] [{citizen 4} [[""A"" [4 4 4 4 4 4 4 4 4 4]]]] [{citizen 28} [[""A"" [4 4 4 4 4 4 4 4 4 4]]]] [{citizen 29} [[""A"" [4 4 4 4 4 4 4 4 4 4]]]] [{citizen 26} [[""A"" [4 4 4 4 4 4 4 4 4 4]]]] [{citizen 21} [[""A"" [4 4 4 4 4 4 4 4 4 4]]]] [{citizen 11} [[""A"" [4 4 4 4 4 4 4 4 4 4]]]] [{citizen 19} [[""A"" [4 4 4 4 4 4 4 4 4 4]]]] [{citizen 42} [[""A"" [4 4 4 4 4 4 4 4 4 4]]]] [{citizen 22} [[""A"" [4 4 4 4 4 4 4 4 4 4]]]] [{citizen 12} [[""A"" [4 4 4 4 4 4 4 4 4 4]]]] [{citizen 13} [[""A"" [4 4 4 4 4 4 4 4 4 4]]]] [{citizen 10} [[""A"" [4 4 4 4 4 4 4 4 4 4]]]] [{citizen 48} [[""A"" [4 4 4 4 4 4 4 4 4 4]]]] [{citizen 43} [[""A"" [4 4 4 4 4 4 4 4 4 4]]]] [{citizen 38} [[""A"" [4 4 4 4 4 4 4 4 4 4]]]] [{citizen 41} [[""A"" [4 4 4 4 4 4 4 4 4 4]]]] [{citizen 34} [[""A"" [4 4 4 4 4 4 4 4 4 4]]]] [{citizen 47} [[""A"" [4 4 4 4 4 4 4 4 4 4]]]] [{citizen 3} [[""A"" [4 4 4 4 4 4 4 4 4 4]]]]]"
"38","[85 0 170]","191.4893617021277","-1.5796180873344319","-9.30441420293385","""circle""","""""","9.9","{breed citizens}","false","0.5","1","""up""",,"[[""ID"" 34] [""alpha"" 1] [""beta"" 1] [""malleable"" [""A""]] [""prior"" []] [""cont_tokens"" []] [""A"" 4]]","[[0 [0 1 2 3 4 5 6 7 8 9 10 11 12 13 14]] [1 [15 16 17 18 19 20 21 22 23 24 25 26 27 28 29]] [2 [30 31 32 33 34 35 36 37 38 39 40 41 42 43 44]] [3 [45 46 47 48 49 50 51 52 53 54 55 56 57 58 59]] [4 [60 61 62 63 64 65 66 67 68 69 70 71 72 73 74]] [5 [75 76 77 78 79 80 81 82 83 84 85 86 87 88 89]] [6 [90 91 92 93 94 95 96 97 98 99 100 101 102 103 104]] [7 [105 106 107 108 109 110 111 112 113 114 115 116 117 118 119]] [8 [120 121 122 123 124 125 126 127 128 129 130 131 132 133 134]] [9 [135 136 137 138 139 140 141 142 143 144 145 146 147 148 149]] [10 [150 151 152 153 154 155 156 157 158 159 160 161 162 163 164]] [11 [165 166 167 168 169 170 171 172 173 174 175 176 177 178 179]] [12 [180 181 182 183 184 185 186 187 188 189 190 191 192 193 194]] [13 [195 196 197 198 199 200 201 202 203 204 205 206 207 208 209]] [14 [210 211 212 213 214 215 216 217 218 219 220 221 222 223 224]] [15 [225 226 227 228 229 230 231 232 233 234 235 236 237 238 239]] [16 [240 241 242 243 244 245 246 247 248 249 250 251 252 253 254]] [17 [255 256 257 258 259 260 261 262 263 264 265 266 267 268 269]] [18 [270 271 272 273 274 275 276 277 278 279 280 281 282 283 284]] [19 [285 286 287 288 289 290 291 292 293 294 295 296 297 298 299]] [20 [300 301 302 303 304 305 306 307 308 309 310 311 312 313 314]] [21 [315 316 317 318 319 320 321 322 323 324 325 326 327 328 329]] [22 [330 331 332 333 334 335 336 337 338 339 340 341 342 343 344]] [23 [345 346 347 348 349 350 351 352 353 354 355 356 357 358 359]] [24 [360 361 362 363 364 365 366 367 368 369 370 371 372 373 374]] [25 [375 376 377 378 379 380 381 382 383 384 385 386 387 388 389]] [26 [390 391 392 393 394 395 396 397 398 399 400 401 402 403 404]] [27 [405 406 407 408 409 410 411 412 413 414 415 416 417 418 419]] [28 [420 421 422 423 424 425 426 427 428 429 430 431 432 433 434]] [29 [435 436 437 438 439 440 441 442 443 444 445 446 447 448 449]] [30 [450 451 452 453 454 455 456 457 458 459 460 461 462 463 464]] [31 [465 466 467 468 469 470 471 472 473 474 475 476 477 478 479]] [32 [480 481 482 483 484 485 486 487 488 489 490 491 492 493 494]] [33 [495 496 497 498 499 500 501 502 503 504 505 506 507 508 509]] [34 [510 511 512 513 514 515 516 517 518 519 520 521 522 523 524]] [35 [525 526 527 528 529 530 531 532 533 534 535 536 537 538 539]] [36 [540 541 542 543 544 545 546 547 548 549 550 551 552 553 554]] [37 [555 556 557 558 559 560 561 562 563 564 565 566 567 568 569]] [38 [570 571 572 573 574 575 576 577 578 579 580 581 582 583 584]] [39 [585 586 587 588 589 590 591 592 593 594 595 596 597 598 599]] [40 [600 601 602 603 604 605 606 607 608 609 610 611 612 613 614]] [41 [615 616 617 618 619 620 621 622 623 624 625 626 627 628 629]] [42 [630 631 632 633 634 635 636 637 638 639 640 641 642 643 644]] [43 [645 646 647 648 649 650 651 652 653 654 655 656 657 658 659]] [44 [660 661 662 663 664 665 666 667 668 669 670 671 672 673 674]] [45 [675 676 677 678 679 680 681 682 683 684 685 686 687 688 689]] [46 [690 691 692 693 694 695 696 697 698 699 700 701 702 703 704]] [47 [705 706 707 708 709 710 711 712 713 714 715 716 717 718 719]] [48 [720 721 722 723 724 725 726 727 728 729 730 731 732 733 734]] [49 [735 736 737 738 739 740 741 742 743 744 745 746 747 748 749]] [50 [750 751 752 753 754 755 756 757 758 759 760 761 762 763 764]] [51 [765 766 767 768 769 770 771 772 773 774 775 776 777 778 779]] [52 [780 781 782 783 784 785 786 787 788 789 790 791 792 793 794]] [53 [795 796 797 798 799 800 801 802 803 804 805 806 807 808 809]] [54 [810 811 812 813 814 815 816 817 818 819 820 821 822 823 824]] [55 [825 826 827 828 829 830 831 832 833 834 835 836 837 838 839]] [56 [840 841 842 843 844 845 846 847 848 849 850 851 852 853 854]] [57 [855 856 857 858 859 860 861 862 863 864 865 866 867 868 869]] [58 [870 871 872 873 874 875 876 877 878 879 880 881 882 883 884]] [59 [885 886 887 888 889 890 891 892 893 894 895 896 897 898 899]] [60 [900 901 902 903 904 905 906 907 908 909 910 911 912 913 914]] [61 [915 916 917 918 919 920 921 922 923 924 925 926 927 928 929]] [62 [930 931 932 933 934 935 936 937 938 939 940 941 942 943 944]] [63 [945 946 947 948 949 950 951 952 953 954 955 956 957 958 959]] [64 [960 961 962 963 964 965 966 967 968 969 970 971 972 973 974]] [65 [975 976 977 978 979 980 981 982 983 984 985 986 987 988 989]] [66 [990 991 992 993 994 995 996 997 998 999 1000 1001 1002 1003 1004]] [67 [1005 1006 1007 1008 1009 1010 1011 1012 1013 1014 1015 1016 1017 1018 1019]] [68 [1020 1021 1022 1023 1024 1025 1026 1027 1028 1029 1030 1031 1032 1033 1034]] [69 [1035 1036 1037 1038 1039 1040 1041 1042 1043 1044 1045 1046 1047 1048 1049]] [70 [1050 1051 1052 1053 1054 1055 1056 1057 1058 1059 1060 1061 1062 1063 1064]] [71 [1065 1066 1067 1068 1069 1070 1071 1072 1073 1074 1075 1076 1077 1078 1079]] [72 [1080 1081 1082 1083 1084 1085 1086 1087 1088 1089 1090 1091 1092 1093 1094]] [73 [1095 1096 1097 1098 1099 1100 1101 1102 1103 1104 1105 1106 1107 1108 1109]] [74 [1110 1111 1112 1113 1114 1115 1116 1117 1118 1119 1120 1121 1122 1123 1124]] [75 [1125 1126 1127 1128 1129 1130 1131 1132 1133 1134 1135 1136 1137 1138 1139]] [76 [1140 1141 1142 1143 1144 1145 1146 1147 1148 1149 1150 1151 1152 1153 1154]] [77 [1155 1156 1157 1158 1159 1160 1161 1162 1163 1164 1165 1166 1167 1168 1169]] [78 [1170 1171 1172 1173 1174 1175 1176 1177 1178 1179 1180 1181 1182 1183 1184]] [79 [1185 1186 1187 1188 1189 1190 1191 1192 1193 1194 1195 1196 1197 1198 1199]] [80 [1200 1201 1202 1203 1204 1205 1206 1207 1208 1209 1210 1211 1212 1213 1214]] [81 [1215 1216 1217 1218 1219 1220 1221 1222 1223 1224 1225 1226 1227 1228 1229]] [82 [1230 1231 1232 1233 1234 1235 1236 1237 1238 1239 1240 1241 1242 1243 1244]] [83 [1245 1246 1247 1248 1249 1250 1251 1252 1253 1254 1255 1256 1257 1258 1259]] [84 [1260 1261 1262 1263 1264 1265 1266 1267 1268 1269 1270 1271 1272 1273 1274]] [85 [1275 1276 1277 1278 1279 1280 1281 1282 1283 1284 1285 1286 1287 1288 1289]] [86 [1290 1291 1292 1293 1294 1295 1296 1297 1298 1299 1300 1301 1302 1303 1304]] [87 [1305 1306 1307 1308 1309 1310 1311 1312 1313 1314 1315 1316 1317 1318 1319]] [88 [1320 1321 1322 1323 1324 1325 1326 1327 1328 1329 1330 1331 1332 1333 1334]] [89 [1335 1336 1337 1338 1339 1340 1341 1342 1343 1344 1345 1346 1347 1348 1349]] [90 [1350 1351 1352 1353 1354 1355 1356 1357 1358 1359 1360 1361 1362 1363 1364]] [91 [1365 1366 1367 1368 1369 1370 1371 1372 1373 1374 1375 1376 1377 1378 1379]] [92 [1380 1381 1382 1383 1384 1385 1386 1387 1388 1389 1390 1391 1392 1393 1394]] [93 [1395 1396 1397 1398 1399 1400 1401 1402 1403 1404 1405 1406 1407 1408 1409]] [94 [1410 1411 1412 1413 1414 1415 1416 1417 1418 1419 1420 1421 1422 1423 1424]] [95 [1425 1426 1427 1428 1429 1430 1431 1432 1433 1434 1435 1436 1437 1438 1439]] [96 [1440 1441 1442 1443 1444 1445 1446 1447 1448 1449 1450 1451 1452 1453 1454]] [97 [1455 1456 1457 1458 1459 1460 1461 1462 1463 1464 1465 1466 1467 1468 1469]] [98 [1470 1471 1472 1473 1474 1475 1476 1477 1478 1479 1480 1481 1482 1483 1484]] [99 [1485 1486 1487 1488 1489 1490 1491 1492 1493 1494 1495 1496 1497 1498 1499]]]","[[0 [4 5 6 7 8 9 10 11 12 13 14]] [1 [15 16 17 18 19 20 21 22 23 24 25 26 27 28 29]] [2 [30 31 32 33 34 35 36 37 38 39 40 41 42 43 44]] [3 [45 46 47 48 49 50 51 52 53 54 55 56 57 58 59]] [4 [60 61 62 63 64 65 66 67 68 69 70 71 72 73 74]] [5 [75 76 77 78 79 80 81 82 83 84 85 86 87 88 89]] [6 [90 91 92 93 94 95 96 97 98 99 100 101 102 103 104]] [7 [105 106 107 108 109 110 111 112 113 114 115 116 117 118 119]] [8 [120 121 122 123 124 125 126 127 128 129 130 131 132 133 134]] [9 [135 136 137 138 139 140 141 142 143 144 145 146 147 148 149]] [10 [150 151 152 153 154 155 156 157 158 159 160 161 162 163 164]] [11 [165 166 167 168 169 170 171 172 173 174 175 176 177 178 179]] [12 [180 181 182 183 184 185 186 187 188 189 190 191 192 193 194]] [13 [195 196 197 198 199 200 201 202 203 204 205 206 207 208 209]] [14 [210 211 212 213 214 215 216 217 218 219 220 221 222 223 224]] [15 [225 226 227 228 229 230 231 232 233 234 235 236 237 238 239]] [16 [240 241 242 243 244 245 246 247 248 249 250 251 252 253 254]] [17 [255 256 257 258 259 260 261 262 263 264 265 266 267 268 269]] [18 [270 271 272 273 274 275 276 277 278 279 280 281 282 283 284]] [19 [285 286 287 288 289 290 291 292 293 294 295 296 297 298 299]] [20 [300 301 302 303 304 305 306 307 308 309 310 311 312 313 314]] [21 [315 316 317 318 319 320 321 322 323 324 325 326 327 328 329]] [22 [330 331 332 333 334 335 336 337 338 339 340 341 342 343 344]] [23 [345 346 347 348 349 350 351 352 353 354 355 356 357 358 359]] [24 [360 361 362 363 364 365 366 367 368 369 370 371 372 373 374]] [25 [375 376 377 378 379 380 381 382 383 384 385 386 387 388 389]] [26 [390 391 392 393 394 395 396 397 398 399 400 401 402 403 404]] [27 [405 406 407 408 409 410 411 412 413 414 415 416 417 418 419]] [28 [420 421 422 423 424 425 426 427 428 429 430 431 432 433 434]] [29 [435 436 437 438 439 440 441 442 443 444 445 446 447 448 449]] [30 [450 451 452 453 454 455 456 457 458 459 460 461 462 463 464]] [31 [465 466 467 468 469 470 471 472 473 474 475 476 477 478 479]] [32 [480 481 482 483 484 485 486 487 488 489 490 491 492 493 494]] [33 [495 496 497 498 499 500 501 502 503 504 505 506 507 508 509]] [34 [510 511 512 513 514 515 516 517 518 519 520 521 522 523 524]] [35 [525 526 527 528 529 530 531 532 533 534 535 536 537 538 539]] [36 [540 541 542 543 544 545 546 547 548 549 550 551 552 553 554]] [37 [555 556 557 558 559 560 561 562 563 564 565 566 567 568 569]] [38 [570 571 572 573 574 575 576 577 578 579 580 581 582 583 584]] [39 [585 586 587 588 589 590 591 592 593 594 595 596 597 598 599]] [40 [600 601 602 603 604 605 606 607 608 609 610 611 612 613 614]] [41 [615 616 617 618 619 620 621 622 623 624 625 626 627 628 629]] [42 [630 631 632 633 634 635 636 637 638 639 640 641 642 643 644]] [43 [645 646 647 648 649 650 651 652 653 654 655 656 657 658 659]] [44 [660 661 662 663 664 665 666 667 668 669 670 671 672 673 674]] [45 [675 676 677 678 679 680 681 682 683 684 685 686 687 688 689]] [46 [690 691 692 693 694 695 696 697 698 699 700 701 702 703 704]] [47 [705 706 707 708 709 710 711 712 713 714 715 716 717 718 719]] [48 [720 721 722 723 724 725 726 727 728 729 730 731 732 733 734]] [49 [735 736 737 738 739 740 741 742 743 744 745 746 747 748 749]] [50 [750 751 752 753 754 755 756 757 758 759 760 761 762 763 764]] [51 [765 766 767 768 769 770 771 772 773 774 775 776 777 778 779]] [52 [780 781 782 783 784 785 786 787 788 789 790 791 792 793 794]] [53 [795 796 797 798 799 800 801 802 803 804 805 806 807 808 809]] [54 [810 811 812 813 814 815 816 817 818 819 820 821 822 823 824]] [55 [825 826 827 828 829 830 831 832 833 834 835 836 837 838 839]] [56 [840 841 842 843 844 845 846 847 848 849 850 851 852 853 854]] [57 [855 856 857 858 859 860 861 862 863 864 865 866 867 868 869]] [58 [870 871 872 873 874 875 876 877 878 879 880 881 882 883 884]] [59 [885 886 887 888 889 890 891 892 893 894 895 896 897 898 899]] [60 [900 901 902 903 904 905 906 907 908 909 910 911 912 913 914]] [61 [915 916 917 918 919 920 921 922 923 924 925 926 927 928 929]] [62 [930 931 932 933 934 935 936 937 938 939 940 941 942 943 944]] [63 [945 946 947 948 949 950 951 952 953 954 955 956 957 958 959]] [64 [960 961 962 963 964 965 966 967 968 969 970 971 972 973 974]] [65 [975 976 977 978 979 980 981 982 983 984 985 986 987 988 989]] [66 [990 991 992 993 994 995 996 997 998 999 1000 1001 1002 1003 1004]] [67 [1005 1006 1007 1008 1009 1010 1011 1012 1013 1014 1015 1016 1017 1018 1019]] [68 [1020 1021 1022 1023 1024 1025 1026 1027 1028 1029 1030 1031 1032 1033 1034]] [69 [1035 1036 1037 1038 1039 1040 1041 1042 1043 1044 1045 1046 1047 1048 1049]] [70 [1050 1051 1052 1053 1054 1055 1056 1057 1058 1059 1060 1061 1062 1063 1064]] [71 [1065 1066 1067 1068 1069 1070 1071 1072 1073 1074 1075 1076 1077 1078 1079]] [72 [1080 1081 1082 1083 1084 1085 1086 1087 1088 1089 1090 1091 1092 1093 1094]] [73 [1095 1096 1097 1098 1099 1100 1101 1102 1103 1104 1105 1106 1107 1108 1109]] [74 [1110 1111 1112 1113 1114 1115 1116 1117 1118 1119 1120 1121 1122 1123 1124]] [75 [1125 1126 1127 1128 1129 1130 1131 1132 1133 1134 1135 1136 1137 1138 1139]] [76 [1140 1141 1142 1143 1144 1145 1146 1147 1148 1149 1150 1151 1152 1153 1154]] [77 [1155 1156 1157 1158 1159 1160 1161 1162 1163 1164 1165 1166 1167 1168 1169]] [78 [1170 1171 1172 1173 1174 1175 1176 1177 1178 1179 1180 1181 1182 1183 1184]] [79 [1185 1186 1187 1188 1189 1190 1191 1192 1193 1194 1195 1196 1197 1198 1199]] [80 [1200 1201 1202 1203 1204 1205 1206 1207 1208 1209 1210 1211 1212 1213 1214]] [81 [1215 1216 1217 1218 1219 1220 1221 1222 1223 1224 1225 1226 1227 1228 1229]] [82 [1230 1231 1232 1233 1234 1235 1236 1237 1238 1239 1240 1241 1242 1243 1244]] [83 [1245 1246 1247 1248 1249 1250 1251 1252 1253 1254 1255 1256 1257 1258 1259]] [84 [1260 1261 1262 1263 1264 1265 1266 1267 1268 1269 1270 1271 1272 1273 1274]] [85 [1275 1276 1277 1278 1279 1280 1281 1282 1283 1284 1285 1286 1287 1288 1289]] [86 [1290 1291 1292 1293 1294 1295 1296 1297 1298 1299 1300 1301 1302 1303 1304]] [87 [1305 1306 1307 1308 1309 1310 1311 1312 1313 1314 1315 1316 1317 1318 1319]] [88 [1320 1321 1322 1323 1324 1325 1326 1327 1328 1329 1330 1331 1332 1333 1334]] [89 [1335 1336 1337 1338 1339 1340 1341 1342 1343 1344 1345 1346 1347 1348 1349]] [90 [1350 1351 1352 1353 1354 1355 1356 1357 1358 1359 1360 1361 1362 1363 1364]] [91 [1365 1366 1367 1368 1369 1370 1371 1372 1373 1374 1375 1376 1377 1378 1379]] [92 [1380 1381 1382 1383 1384 1385 1386 1387 1388 1389 1390 1391 1392 1393 1394]] [93 [1395 1396 1397 1398 1399 1400 1401 1402 1403 1404 1405 1406 1407 1408 1409]] [94 [1410 1411 1412 1413 1414 1415 1416 1417 1418 1419 1420 1421 1422 1423 1424]] [95 [1425 1426 1427 1428 1429 1430 1431 1432 1433 1434 1435 1436 1437 1438 1439]] [96 [1440 1441 1442 1443 1444 1445 1446 1447 1448 1449 1450 1451 1452 1453 1454]] [97 [1455 1456 1457 1458 1459 1460 1461 1462 1463 1464 1465 1466 1467 1468 1469]] [98 [1470 1471 1472 1473 1474 1475 1476 1477 1478 1479 1480 1481 1482 1483 1484]] [99 [1485 1486 1487 1488 1489 1490 1491 1492 1493 1494 1495 1496 1497 1498 1499]]]",,"[[{media 50} [[""A"" [4 4 4 4 4 4 4 4 4 4]]]] [{media 51} [[""A"" [4 4 4 4 4 4 4 4 4 4]]]] [{media 52} [[""A"" [4 4 4 4 4 4 4 4 4 4]]]] [{media 53} [[""A"" [4 4 4 4 4 4 4 4 4 4]]]] [{media 54} [[""A"" [4 4 4 4 4 4 4 4 4 4]]]] [{media 55} [[""A"" [4 4 4 4 4 4 4 4 4 4]]]] [{media 56} [[""A"" [4 4 4 4 4 4 4 4 4 4]]]] [{media 57} [[""A"" [4 4 4 4 4 4 4 4 4 4]]]] [{media 58} [[""A"" [4 4 4 4 4 4 4 4 4 4]]]] [{media 62} [[""A"" [4 4 4 4 4 4 4 4 4 4]]]] [{citizen 2} [[""A"" [4 4 4 4 4 4 4 4 4 4]]]] [{citizen 5} [[""A"" [4 4 4 4 4 4 4 4 4 4]]]] [{citizen 12} [[""A"" [4 4 4 4 4 4 4 4 4 4]]]] [{citizen 9} [[""A"" [4 4 4 4 4 4 4 4 4 4]]]] [{citizen 14} [[""A"" [4 4 4 4 4 4 4 4 4 4]]]] [{media 63} [[""A"" [4 4 4 4 4 4 4 4 4 4]]]] [{citizen 6} [[""A"" [4 4 4 4 4 4 4 4 4 4]]]] [{citizen 7} [[""A"" [4 4 4 4 4 4 4 4 4 4]]]] [{citizen 8} [[""A"" [4 4 4 4 4 4 4 4 4 4]]]] [{citizen 1} [[""A"" [4 4 4 4 4 4 4 4 4 4]]]] [{media 59} [[""A"" [4 4 4 4 4 4 4 4 4 4]]]] [{citizen 10} [[""A"" [4 4 4 4 4 4 4 4 4 4]]]] [{media 60} [[""A"" [4 4 4 4 4 4 4 4 4 4]]]] [{citizen 4} [[""A"" [4 4 4 4 4 4 4 4 4 4]]]] [{media 64} [[""A"" [4 4 4 4 4 4 4 4 4 4]]]] [{media 61} [[""A"" [4 4 4 4 4 4 4 4 4 4]]]] [{citizen 49} [[""A"" [4 4 4 4 4 4 4 4 4 4]]]] [{citizen 17} [[""A"" [4 4 4 4 4 4 4 4 4 4]]]] [{citizen 46} [[""A"" [4 4 4 4 4 4 4 4 4 4]]]] [{citizen 27} [[""A"" [4 4 4 4 4 4 4 4 4 4]]]] [{citizen 45} [[""A"" [4 4 4 4 4 4 4 4 4 4]]]] [{citizen 0} [[""A"" [4 4 4 4 4 4 4 4 4 4]]]] [{citizen 40} [[""A"" [4 4 4 4 4 4 4 4 4 4]]]] [{citizen 16} [[""A"" [4 4 4 4 4 4 4 4 4 4]]]] [{citizen 35} [[""A"" [4 4 4 4 4 4 4 4 4 4]]]] [{citizen 23} [[""A"" [4 4 4 4 4 4 4 4 4 4]]]] [{citizen 24} [[""A"" [4 4 4 4 4 4 4 4 4 4]]]] [{citizen 44} [[""A"" [4 4 4 4 4 4 4 4 4 4]]]] [{citizen 32} [[""A"" [4 4 4 4 4 4 4 4 4 4]]]] [{citizen 39} [[""A"" [4 4 4 4 4 4 4 4 4 4]]]] [{citizen 20} [[""A"" [4 4 4 4 4 4 4 4 4 4]]]] [{citizen 31} [[""A"" [4 4 4 4 4 4 4 4 4 4]]]] [{citizen 36} [[""A"" [4 4 4 4 4 4 4 4 4 4]]]] [{citizen 28} [[""A"" [4 4 4 4 4 4 4 4 4 4]]]] [{citizen 29} [[""A"" [4 4 4 4 4 4 4 4 4 4]]]] [{citizen 26} [[""A"" [4 4 4 4 4 4 4 4 4 4]]]] [{citizen 15} [[""A"" [4 4 4 4 4 4 4 4 4 4]]]] [{citizen 41} [[""A"" [4 4 4 4 4 4 4 4 4 4]]]] [{citizen 21} [[""A"" [4 4 4 4 4 4 4 4 4 4]]]] [{citizen 11} [[""A"" [4 4 4 4 4 4 4 4 4 4]]]] [{citizen 19} [[""A"" [4 4 4 4 4 4 4 4 4 4]]]] [{citizen 42} [[""A"" [4 4 4 4 4 4 4 4 4 4]]]] [{citizen 37} [[""A"" [4 4 4 4 4 4 4 4 4 4]]]] [{citizen 30} [[""A"" [4 4 4 4 4 4 4 4 4 4]]]] [{citizen 13} [[""A"" [4 4 4 4 4 4 4 4 4 4]]]] [{citizen 43} [[""A"" [4 4 4 4 4 4 4 4 4 4]]]] [{citizen 22} [[""A"" [4 4 4 4 4 4 4 4 4 4]]]] [{citizen 48} [[""A"" [4 4 4 4 4 4 4 4 4 4]]]] [{citizen 34} [[""A"" [4 4 4 4 4 4 4 4 4 4]]]] [{citizen 47} [[""A"" [4 4 4 4 4 4 4 4 4 4]]]] [{citizen 3} [[""A"" [4 4 4 4 4 4 4 4 4 4]]]]]"
"39","[85 0 170]","100.53191489361704","9.399973772381209","-1.7685787382952645","""circle""","""""","9.9","{breed citizens}","false","0.5","1","""up""",,"[[""ID"" 17] [""alpha"" 1] [""beta"" 1] [""malleable"" [""A""]] [""prior"" []] [""cont_tokens"" []] [""A"" 4]]","[[0 [0 1 2 3 4 5 6 7 8 9 10 11 12 13 14]] [1 [15 16 17 18 19 20 21 22 23 24 25 26 27 28 29]] [2 [30 31 32 33 34 35 36 37 38 39 40 41 42 43 44]] [3 [45 46 47 48 49 50 51 52 53 54 55 56 57 58 59]] [4 [60 61 62 63 64 65 66 67 68 69 70 71 72 73 74]] [5 [75 76 77 78 79 80 81 82 83 84 85 86 87 88 89]] [6 [90 91 92 93 94 95 96 97 98 99 100 101 102 103 104]] [7 [105 106 107 108 109 110 111 112 113 114 115 116 117 118 119]] [8 [120 121 122 123 124 125 126 127 128 129 130 131 132 133 134]] [9 [135 136 137 138 139 140 141 142 143 144 145 146 147 148 149]] [10 [150 151 152 153 154 155 156 157 158 159 160 161 162 163 164]] [11 [165 166 167 168 169 170 171 172 173 174 175 176 177 178 179]] [12 [180 181 182 183 184 185 186 187 188 189 190 191 192 193 194]] [13 [195 196 197 198 199 200 201 202 203 204 205 206 207 208 209]] [14 [210 211 212 213 214 215 216 217 218 219 220 221 222 223 224]] [15 [225 226 227 228 229 230 231 232 233 234 235 236 237 238 239]] [16 [240 241 242 243 244 245 246 247 248 249 250 251 252 253 254]] [17 [255 256 257 258 259 260 261 262 263 264 265 266 267 268 269]] [18 [270 271 272 273 274 275 276 277 278 279 280 281 282 283 284]] [19 [285 286 287 288 289 290 291 292 293 294 295 296 297 298 299]] [20 [300 301 302 303 304 305 306 307 308 309 310 311 312 313 314]] [21 [315 316 317 318 319 320 321 322 323 324 325 326 327 328 329]] [22 [330 331 332 333 334 335 336 337 338 339 340 341 342 343 344]] [23 [345 346 347 348 349 350 351 352 353 354 355 356 357 358 359]] [24 [360 361 362 363 364 365 366 367 368 369 370 371 372 373 374]] [25 [375 376 377 378 379 380 381 382 383 384 385 386 387 388 389]] [26 [390 391 392 393 394 395 396 397 398 399 400 401 402 403 404]] [27 [405 406 407 408 409 410 411 412 413 414 415 416 417 418 419]] [28 [420 421 422 423 424 425 426 427 428 429 430 431 432 433 434]] [29 [435 436 437 438 439 440 441 442 443 444 445 446 447 448 449]] [30 [450 451 452 453 454 455 456 457 458 459 460 461 462 463 464]] [31 [465 466 467 468 469 470 471 472 473 474 475 476 477 478 479]] [32 [480 481 482 483 484 485 486 487 488 489 490 491 492 493 494]] [33 [495 496 497 498 499 500 501 502 503 504 505 506 507 508 509]] [34 [510 511 512 513 514 515 516 517 518 519 520 521 522 523 524]] [35 [525 526 527 528 529 530 531 532 533 534 535 536 537 538 539]] [36 [540 541 542 543 544 545 546 547 548 549 550 551 552 553 554]] [37 [555 556 557 558 559 560 561 562 563 564 565 566 567 568 569]] [38 [570 571 572 573 574 575 576 577 578 579 580 581 582 583 584]] [39 [585 586 587 588 589 590 591 592 593 594 595 596 597 598 599]] [40 [600 601 602 603 604 605 606 607 608 609 610 611 612 613 614]] [41 [615 616 617 618 619 620 621 622 623 624 625 626 627 628 629]] [42 [630 631 632 633 634 635 636 637 638 639 640 641 642 643 644]] [43 [645 646 647 648 649 650 651 652 653 654 655 656 657 658 659]] [44 [660 661 662 663 664 665 666 667 668 669 670 671 672 673 674]] [45 [675 676 677 678 679 680 681 682 683 684 685 686 687 688 689]] [46 [690 691 692 693 694 695 696 697 698 699 700 701 702 703 704]] [47 [705 706 707 708 709 710 711 712 713 714 715 716 717 718 719]] [48 [720 721 722 723 724 725 726 727 728 729 730 731 732 733 734]] [49 [735 736 737 738 739 740 741 742 743 744 745 746 747 748 749]] [50 [750 751 752 753 754 755 756 757 758 759 760 761 762 763 764]] [51 [765 766 767 768 769 770 771 772 773 774 775 776 777 778 779]] [52 [780 781 782 783 784 785 786 787 788 789 790 791 792 793 794]] [53 [795 796 797 798 799 800 801 802 803 804 805 806 807 808 809]] [54 [810 811 812 813 814 815 816 817 818 819 820 821 822 823 824]] [55 [825 826 827 828 829 830 831 832 833 834 835 836 837 838 839]] [56 [840 841 842 843 844 845 846 847 848 849 850 851 852 853 854]] [57 [855 856 857 858 859 860 861 862 863 864 865 866 867 868 869]] [58 [870 871 872 873 874 875 876 877 878 879 880 881 882 883 884]] [59 [885 886 887 888 889 890 891 892 893 894 895 896 897 898 899]] [60 [900 901 902 903 904 905 906 907 908 909 910 911 912 913 914]] [61 [915 916 917 918 919 920 921 922 923 924 925 926 927 928 929]] [62 [930 931 932 933 934 935 936 937 938 939 940 941 942 943 944]] [63 [945 946 947 948 949 950 951 952 953 954 955 956 957 958 959]] [64 [960 961 962 963 964 965 966 967 968 969 970 971 972 973 974]] [65 [975 976 977 978 979 980 981 982 983 984 985 986 987 988 989]] [66 [990 991 992 993 994 995 996 997 998 999 1000 1001 1002 1003 1004]] [67 [1005 1006 1007 1008 1009 1010 1011 1012 1013 1014 1015 1016 1017 1018 1019]] [68 [1020 1021 1022 1023 1024 1025 1026 1027 1028 1029 1030 1031 1032 1033 1034]] [69 [1035 1036 1037 1038 1039 1040 1041 1042 1043 1044 1045 1046 1047 1048 1049]] [70 [1050 1051 1052 1053 1054 1055 1056 1057 1058 1059 1060 1061 1062 1063 1064]] [71 [1065 1066 1067 1068 1069 1070 1071 1072 1073 1074 1075 1076 1077 1078 1079]] [72 [1080 1081 1082 1083 1084 1085 1086 1087 1088 1089 1090 1091 1092 1093 1094]] [73 [1095 1096 1097 1098 1099 1100 1101 1102 1103 1104 1105 1106 1107 1108 1109]] [74 [1110 1111 1112 1113 1114 1115 1116 1117 1118 1119 1120 1121 1122 1123 1124]] [75 [1125 1126 1127 1128 1129 1130 1131 1132 1133 1134 1135 1136 1137 1138 1139]] [76 [1140 1141 1142 1143 1144 1145 1146 1147 1148 1149 1150 1151 1152 1153 1154]] [77 [1155 1156 1157 1158 1159 1160 1161 1162 1163 1164 1165 1166 1167 1168 1169]] [78 [1170 1171 1172 1173 1174 1175 1176 1177 1178 1179 1180 1181 1182 1183 1184]] [79 [1185 1186 1187 1188 1189 1190 1191 1192 1193 1194 1195 1196 1197 1198 1199]] [80 [1200 1201 1202 1203 1204 1205 1206 1207 1208 1209 1210 1211 1212 1213 1214]] [81 [1215 1216 1217 1218 1219 1220 1221 1222 1223 1224 1225 1226 1227 1228 1229]] [82 [1230 1231 1232 1233 1234 1235 1236 1237 1238 1239 1240 1241 1242 1243 1244]] [83 [1245 1246 1247 1248 1249 1250 1251 1252 1253 1254 1255 1256 1257 1258 1259]] [84 [1260 1261 1262 1263 1264 1265 1266 1267 1268 1269 1270 1271 1272 1273 1274]] [85 [1275 1276 1277 1278 1279 1280 1281 1282 1283 1284 1285 1286 1287 1288 1289]] [86 [1290 1291 1292 1293 1294 1295 1296 1297 1298 1299 1300 1301 1302 1303 1304]] [87 [1305 1306 1307 1308 1309 1310 1311 1312 1313 1314 1315 1316 1317 1318 1319]] [88 [1320 1321 1322 1323 1324 1325 1326 1327 1328 1329 1330 1331 1332 1333 1334]] [89 [1335 1336 1337 1338 1339 1340 1341 1342 1343 1344 1345 1346 1347 1348 1349]] [90 [1350 1351 1352 1353 1354 1355 1356 1357 1358 1359 1360 1361 1362 1363 1364]] [91 [1365 1366 1367 1368 1369 1370 1371 1372 1373 1374 1375 1376 1377 1378 1379]] [92 [1380 1381 1382 1383 1384 1385 1386 1387 1388 1389 1390 1391 1392 1393 1394]] [93 [1395 1396 1397 1398 1399 1400 1401 1402 1403 1404 1405 1406 1407 1408 1409]] [94 [1410 1411 1412 1413 1414 1415 1416 1417 1418 1419 1420 1421 1422 1423 1424]] [95 [1425 1426 1427 1428 1429 1430 1431 1432 1433 1434 1435 1436 1437 1438 1439]] [96 [1440 1441 1442 1443 1444 1445 1446 1447 1448 1449 1450 1451 1452 1453 1454]] [97 [1455 1456 1457 1458 1459 1460 1461 1462 1463 1464 1465 1466 1467 1468 1469]] [98 [1470 1471 1472 1473 1474 1475 1476 1477 1478 1479 1480 1481 1482 1483 1484]] [99 [1485 1486 1487 1488 1489 1490 1491 1492 1493 1494 1495 1496 1497 1498 1499]]]","[[0 [0 1 2 3 4 5 6 7 8 9 10 11 12 13 14]] [1 [15 16 17 18 19 20 21 22 23 24 25 26 27 28 29]] [2 [30 31 32 33 34 35 36 37 38 39 40 41 42 43 44]] [3 [45 46 47 48 49 50 51 52 53 54 55 56 57 58 59]] [4 [60 61 62 63 64 65 66 67 68 69 70 71 72 73 74]] [5 [75 76 77 78 79 80 81 82 83 84 85 86 87 88 89]] [6 [90 91 92 93 94 95 96 97 98 99 100 101 102 103 104]] [7 [105 106 107 108 109 110 111 112 113 114 115 116 117 118 119]] [8 [120 121 122 123 124 125 126 127 128 129 130 131 132 133 134]] [9 [135 136 137 138 139 140 141 142 143 144 145 146 147 148 149]] [10 [150 151 152 153 154 155 156 157 158 159 160 161 162 163 164]] [11 [165 166 167 168 169 170 171 172 173 174 175 176 177 178 179]] [12 [180 181 182 183 184 185 186 187 188 189 190 191 192 193 194]] [13 [195 196 197 198 199 200 201 202 203 204 205 206 207 208 209]] [14 [210 211 212 213 214 215 216 217 218 219 220 221 222 223 224]] [15 [225 226 227 228 229 230 231 232 233 234 235 236 237 238 239]] [16 [240 241 242 243 244 245 246 247 248 249 250 251 252 253 254]] [17 [255 256 257 258 259 260 261 262 263 264 265 266 267 268 269]] [18 [270 271 272 273 274 275 276 277 278 279 280 281 282 283 284]] [19 [285 286 287 288 289 290 291 292 293 294 295 296 297 298 299]] [20 [300 301 302 303 304 305 306 307 308 309 310 311 312 313 314]] [21 [315 316 317 318 319 320 321 322 323 324 325 326 327 328 329]] [22 [330 331 332 333 334 335 336 337 338 339 340 341 342 343 344]] [23 [345 346 347 348 349 350 351 352 353 354 355 356 357 358 359]] [24 [360 361 362 363 364 365 366 367 368 369 370 371 372 373 374]] [25 [375 376 377 378 379 380 381 382 383 384 385 386 387 388 389]] [26 [390 391 392 393 394 395 396 397 398 399 400 401 402 403 404]] [27 [405 406 407 408 409 410 411 412 413 414 415 416 417 418 419]] [28 [420 421 422 423 424 425 426 427 428 429 430 431 432 433 434]] [29 [435 436 437 438 439 440 441 442 443 444 445 446 447 448 449]] [30 [450 451 452 453 454 455 456 457 458 459 460 461 462 463 464]] [31 [465 466 467 468 469 470 471 472 473 474 475 476 477 478 479]] [32 [480 481 482 483 484 485 486 487 488 489 490 491 492 493 494]] [33 [495 496 497 498 499 500 501 502 503 504 505 506 507 508 509]] [34 [510 511 512 513 514 515 516 517 518 519 520 521 522 523 524]] [35 [525 526 527 528 529 530 531 532 533 534 535 536 537 538 539]] [36 [540 541 542 543 544 545 546 547 548 549 550 551 552 553 554]] [37 [555 556 557 558 559 560 561 562 563 564 565 566 567 568 569]] [38 [570 571 572 573 574 575 576 577 578 579 580 581 582 583 584]] [39 [585 586 587 588 589 590 591 592 593 594 595 596 597 598 599]] [40 [600 601 602 603 604 605 606 607 608 609 610 611 612 613 614]] [41 [615 616 617 618 619 620 621 622 623 624 625 626 627 628 629]] [42 [630 631 632 633 634 635 636 637 638 639 640 641 642 643 644]] [43 [645 646 647 648 649 650 651 652 653 654 655 656 657 658 659]] [44 [660 661 662 663 664 665 666 667 668 669 670 671 672 673 674]] [45 [675 676 677 678 679 680 681 682 683 684 685 686 687 688 689]] [46 [690 691 692 693 694 695 696 697 698 699 700 701 702 703 704]] [47 [705 706 707 708 709 710 711 712 713 714 715 716 717 718 719]] [48 [720 721 722 723 724 725 726 727 728 729 730 731 732 733 734]] [49 [735 736 737 738 739 740 741 742 743 744 745 746 747 748 749]] [50 [750 751 752 753 754 755 756 757 758 759 760 761 762 763 764]] [51 [765 766 767 768 769 770 771 772 773 774 775 776 777 778 779]] [52 [780 781 782 783 784 785 786 787 788 789 790 791 792 793 794]] [53 [795 796 797 798 799 800 801 802 803 804 805 806 807 808 809]] [54 [810 811 812 813 814 815 816 817 818 819 820 821 822 823 824]] [55 [825 826 827 828 829 830 831 832 833 834 835 836 837 838 839]] [56 [840 841 842 843 844 845 846 847 848 849 850 851 852 853 854]] [57 [855 856 857 858 859 860 861 862 863 864 865 866 867 868 869]] [58 [870 871 872 873 874 875 876 877 878 879 880 881 882 883 884]] [59 [885 886 887 888 889 890 891 892 893 894 895 896 897 898 899]] [60 [900 901 902 903 904 905 906 907 908 909 910 911 912 913 914]] [61 [915 916 917 918 919 920 921 922 923 924 925 926 927 928 929]] [62 [930 931 932 933 934 935 936 937 938 939 940 941 942 943 944]] [63 [945 946 947 948 949 950 951 952 953 954 955 956 957 958 959]] [64 [960 961 962 963 964 965 966 967 968 969 970 971 972 973 974]] [65 [975 976 977 978 979 980 981 982 983 984 985 986 987 988 989]] [66 [990 991 992 993 994 995 996 997 998 999 1000 1001 1002 1003 1004]] [67 [1005 1006 1007 1008 1009 1010 1011 1012 1013 1014 1015 1016 1017 1018 1019]] [68 [1020 1021 1022 1023 1024 1025 1026 1027 1028 1029 1030 1031 1032 1033 1034]] [69 [1035 1036 1037 1038 1039 1040 1041 1042 1043 1044 1045 1046 1047 1048 1049]] [70 [1050 1051 1052 1053 1054 1055 1056 1057 1058 1059 1060 1061 1062 1063 1064]] [71 [1065 1066 1067 1068 1069 1070 1071 1072 1073 1074 1075 1076 1077 1078 1079]] [72 [1080 1081 1082 1083 1084 1085 1086 1087 1088 1089 1090 1091 1092 1093 1094]] [73 [1095 1096 1097 1098 1099 1100 1101 1102 1103 1104 1105 1106 1107 1108 1109]] [74 [1110 1111 1112 1113 1114 1115 1116 1117 1118 1119 1120 1121 1122 1123 1124]] [75 [1125 1126 1127 1128 1129 1130 1131 1132 1133 1134 1135 1136 1137 1138 1139]] [76 [1140 1141 1142 1143 1144 1145 1146 1147 1148 1149 1150 1151 1152 1153 1154]] [77 [1155 1156 1157 1158 1159 1160 1161 1162 1163 1164 1165 1166 1167 1168 1169]] [78 [1170 1171 1172 1173 1174 1175 1176 1177 1178 1179 1180 1181 1182 1183 1184]] [79 [1185 1186 1187 1188 1189 1190 1191 1192 1193 1194 1195 1196 1197 1198 1199]] [80 [1200 1201 1202 1203 1204 1205 1206 1207 1208 1209 1210 1211 1212 1213 1214]] [81 [1215 1216 1217 1218 1219 1220 1221 1222 1223 1224 1225 1226 1227 1228 1229]] [82 [1230 1231 1232 1233 1234 1235 1236 1237 1238 1239 1240 1241 1242 1243 1244]] [83 [1245 1246 1247 1248 1249 1250 1251 1252 1253 1254 1255 1256 1257 1258 1259]] [84 [1260 1261 1262 1263 1264 1265 1266 1267 1268 1269 1270 1271 1272 1273 1274]] [85 [1275 1276 1277 1278 1279 1280 1281 1282 1283 1284 1285 1286 1287 1288 1289]] [86 [1290 1291 1292 1293 1294 1295 1296 1297 1298 1299 1300 1301 1302 1303 1304]] [87 [1305 1306 1307 1308 1309 1310 1311 1312 1313 1314 1315 1316 1317 1318 1319]] [88 [1320 1321 1322 1323 1324 1325 1326 1327 1328 1329 1330 1331 1332 1333 1334]] [89 [1335 1336 1337 1338 1339 1340 1341 1342 1343 1344 1345 1346 1347 1348 1349]] [90 [1350 1351 1352 1353 1354 1355 1356 1357 1358 1359 1360 1361 1362 1363 1364]] [91 [1365 1366 1367 1368 1369 1370 1371 1372 1373 1374 1375 1376 1377 1378 1379]] [92 [1380 1381 1382 1383 1384 1385 1386 1387 1388 1389 1390 1391 1392 1393 1394]] [93 [1395 1396 1397 1398 1399 1400 1401 1402 1403 1404 1405 1406 1407 1408 1409]] [94 [1410 1411 1412 1413 1414 1415 1416 1417 1418 1419 1420 1421 1422 1423 1424]] [95 [1425 1426 1427 1428 1429 1430 1431 1432 1433 1435 1436 1437 1438 1439]] [96 [1440 1441 1442 1443 1444 1445 1446 1447 1448 1449 1450 1451 1452 1453 1454]] [97 [1455 1456 1457 1458 1459 1460 1461 1462 1463 1464 1465 1466 1467 1468 1469]] [98 [1470 1471 1472 1473 1474 1475 1476 1477 1478 1479 1480 1481 1482 1483 1484]] [99 [1485 1486 1487 1488 1489 1490 1491 1492 1493 1494 1495 1496 1497 1498 1499]]]",,"[[{media 50} [[""A"" [4 4 4 4 4 4 4 4 4 4]]]] [{media 51} [[""A"" [4 4 4 4 4 4 4 4 4 4]]]] [{media 57} [[""A"" [4 4 4 4 4 4 4 4 4 4]]]] [{media 62} [[""A"" [4 4 4 4 4 4 4 4 4 4]]]] [{citizen 19} [[""A"" [4 4 4 4 4 4 4 4 4 4]]]] [{citizen 32} [[""A"" [4 4 4 4 4 4 4 4 4 4]]]] [{media 54} [[""A"" [4 4 4 4 4 4 4 4 4 4]]]] [{citizen 2} [[""A"" [4 4 4 4 4 4 4 4 4 4]]]] [{citizen 5} [[""A"" [4 4 4 4 4 4 4 4 4 4]]]] [{media 58} [[""A"" [4 4 4 4 4 4 4 4 4 4]]]] [{media 63} [[""A"" [4 4 4 4 4 4 4 4 4 4]]]] [{citizen 6} [[""A"" [4 4 4 4 4 4 4 4 4 4]]]] [{citizen 7} [[""A"" [4 4 4 4 4 4 4 4 4 4]]]] [{citizen 8} [[""A"" [4 4 4 4 4 4 4 4 4 4]]]] [{citizen 14} [[""A"" [4 4 4 4 4 4 4 4 4 4]]]] [{citizen 1} [[""A"" [4 4 4 4 4 4 4 4 4 4]]]] [{citizen 9} [[""A"" [4 4 4 4 4 4 4 4 4 4]]]] [{media 59} [[""A"" [4 4 4 4 4 4 4 4 4 4]]]] [{citizen 22} [[""A"" [4 4 4 4 4 4 4 4 4 4]]]] [{media 55} [[""A"" [4 4 4 4 4 4 4 4 4 4]]]] [{media 56} [[""A"" [4 4 4 4 4 4 4 4 4 4]]]] [{media 60} [[""A"" [4 4 4 4 4 4 4 4 4 4]]]] [{citizen 4} [[""A"" [4 4 4 4 4 4 4 4 4 4]]]] [{media 53} [[""A"" [4 4 4 4 4 4 4 4 4 4]]]] [{media 64} [[""A"" [4 4 4 4 4 4 4 4 4 4]]]] [{media 52} [[""A"" [4 4 4 4 4 4 4 4 4 4]]]] [{citizen 0} [[""A"" [4 4 4 4 4 4 4 4 4 4]]]] [{media 61} [[""A"" [4 4 4 4 4 4 4 4 4 4]]]] [{citizen 49} [[""A"" [4 4 4 4 4 4 4 4 4 4]]]] [{citizen 17} [[""A"" [4 4 4 4 4 4 4 4 4 4]]]] [{citizen 46} [[""A"" [4 4 4 4 4 4 4 4 4 4]]]] [{citizen 27} [[""A"" [4 4 4 4 4 4 4 4 4 4]]]] [{citizen 45} [[""A"" [4 4 4 4 4 4 4 4 4 4]]]] [{citizen 40} [[""A"" [4 4 4 4 4 4 4 4 4 4]]]] [{citizen 16} [[""A"" [4 4 4 4 4 4 4 4 4 4]]]] [{citizen 35} [[""A"" [4 4 4 4 4 4 4 4 4 4]]]] [{citizen 23} [[""A"" [4 4 4 4 4 4 4 4 4 4]]]] [{citizen 24} [[""A"" [4 4 4 4 4 4 4 4 4 4]]]] [{citizen 44} [[""A"" [4 4 4 4 4 4 4 4 4 4]]]] [{citizen 21} [[""A"" [4 4 4 4 4 4 4 4 4 4]]]] [{citizen 11} [[""A"" [4 4 4 4 4 4 4 4 4 4]]]] [{citizen 42} [[""A"" [4 4 4 4 4 4 4 4 4 4]]]] [{citizen 37} [[""A"" [4 4 4 4 4 4 4 4 4 4]]]] [{citizen 30} [[""A"" [4 4 4 4 4 4 4 4 4 4]]]] [{citizen 15} [[""A"" [4 4 4 4 4 4 4 4 4 4]]]] [{citizen 31} [[""A"" [4 4 4 4 4 4 4 4 4 4]]]] [{citizen 36} [[""A"" [4 4 4 4 4 4 4 4 4 4]]]] [{citizen 13} [[""A"" [4 4 4 4 4 4 4 4 4 4]]]] [{citizen 41} [[""A"" [4 4 4 4 4 4 4 4 4 4]]]] [{citizen 12} [[""A"" [4 4 4 4 4 4 4 4 4 4]]]] [{citizen 10} [[""A"" [4 4 4 4 4 4 4 4 4 4]]]] [{citizen 43} [[""A"" [4 4 4 4 4 4 4 4 4 4]]]] [{citizen 28} [[""A"" [4 4 4 4 4 4 4 4 4 4]]]] [{citizen 20} [[""A"" [4 4 4 4 4 4 4 4 4 4]]]] [{citizen 48} [[""A"" [4 4 4 4 4 4 4 4 4 4]]]] [{citizen 29} [[""A"" [4 4 4 4 4 4 4 4 4 4]]]] [{citizen 26} [[""A"" [4 4 4 4 4 4 4 4 4 4]]]] [{citizen 38} [[""A"" [4 4 4 4 4 4 4 4 4 4]]]] [{citizen 34} [[""A"" [4 4 4 4 4 4 4 4 4 4]]]] [{citizen 47} [[""A"" [4 4 4 4 4 4 4 4 4 4]]]] [{citizen 3} [[""A"" [4 4 4 4 4 4 4 4 4 4]]]]]"
"40","[85 0 170]","348.51063829787245","-1.0417268073543522","5.010653734800235","""circle""","""""","9.9","{breed citizens}","false","0.5","1","""up""",,"[[""ID"" 45] [""alpha"" 1] [""beta"" 1] [""malleable"" [""A""]] [""prior"" []] [""cont_tokens"" []] [""A"" 4]]","[[0 [0 1 2 3 4 5 6 7 8 9 10 11 12 13 14]] [1 [15 16 17 18 19 20 21 22 23 24 25 26 27 28 29]] [2 [30 31 32 33 34 35 36 37 38 39 40 41 42 43 44]] [3 [45 46 47 48 49 50 51 52 53 54 55 56 57 58 59]] [4 [60 61 62 63 64 65 66 67 68 69 70 71 72 73 74]] [5 [75 76 77 78 79 80 81 82 83 84 85 86 87 88 89]] [6 [90 91 92 93 94 95 96 97 98 99 100 101 102 103 104]] [7 [105 106 107 108 109 110 111 112 113 114 115 116 117 118 119]] [8 [120 121 122 123 124 125 126 127 128 129 130 131 132 133 134]] [9 [135 136 137 138 139 140 141 142 143 144 145 146 147 148 149]] [10 [150 151 152 153 154 155 156 157 158 159 160 161 162 163 164]] [11 [165 166 167 168 169 170 171 172 173 174 175 176 177 178 179]] [12 [180 181 182 183 184 185 186 187 188 189 190 191 192 193 194]] [13 [195 196 197 198 199 200 201 202 203 204 205 206 207 208 209]] [14 [210 211 212 213 214 215 216 217 218 219 220 221 222 223 224]] [15 [225 226 227 228 229 230 231 232 233 234 235 236 237 238 239]] [16 [240 241 242 243 244 245 246 247 248 249 250 251 252 253 254]] [17 [255 256 257 258 259 260 261 262 263 264 265 266 267 268 269]] [18 [270 271 272 273 274 275 276 277 278 279 280 281 282 283 284]] [19 [285 286 287 288 289 290 291 292 293 294 295 296 297 298 299]] [20 [300 301 302 303 304 305 306 307 308 309 310 311 312 313 314]] [21 [315 316 317 318 319 320 321 322 323 324 325 326 327 328 329]] [22 [330 331 332 333 334 335 336 337 338 339 340 341 342 343 344]] [23 [345 346 347 348 349 350 351 352 353 354 355 356 357 358 359]] [24 [360 361 362 363 364 365 366 367 368 369 370 371 372 373 374]] [25 [375 376 377 378 379 380 381 382 383 384 385 386 387 388 389]] [26 [390 391 392 393 394 395 396 397 398 399 400 401 402 403 404]] [27 [405 406 407 408 409 410 411 412 413 414 415 416 417 418 419]] [28 [420 421 422 423 424 425 426 427 428 429 430 431 432 433 434]] [29 [435 436 437 438 439 440 441 442 443 444 445 446 447 448 449]] [30 [450 451 452 453 454 455 456 457 458 459 460 461 462 463 464]] [31 [465 466 467 468 469 470 471 472 473 474 475 476 477 478 479]] [32 [480 481 482 483 484 485 486 487 488 489 490 491 492 493 494]] [33 [495 496 497 498 499 500 501 502 503 504 505 506 507 508 509]] [34 [510 511 512 513 514 515 516 517 518 519 520 521 522 523 524]] [35 [525 526 527 528 529 530 531 532 533 534 535 536 537 538 539]] [36 [540 541 542 543 544 545 546 547 548 549 550 551 552 553 554]] [37 [555 556 557 558 559 560 561 562 563 564 565 566 567 568 569]] [38 [570 571 572 573 574 575 576 577 578 579 580 581 582 583 584]] [39 [585 586 587 588 589 590 591 592 593 594 595 596 597 598 599]] [40 [600 601 602 603 604 605 606 607 608 609 610 611 612 613 614]] [41 [615 616 617 618 619 620 621 622 623 624 625 626 627 628 629]] [42 [630 631 632 633 634 635 636 637 638 639 640 641 642 643 644]] [43 [645 646 647 648 649 650 651 652 653 654 655 656 657 658 659]] [44 [660 661 662 663 664 665 666 667 668 669 670 671 672 673 674]] [45 [675 676 677 678 679 680 681 682 683 684 685 686 687 688 689]] [46 [690 691 692 693 694 695 696 697 698 699 700 701 702 703 704]] [47 [705 706 707 708 709 710 711 712 713 714 715 716 717 718 719]] [48 [720 721 722 723 724 725 726 727 728 729 730 731 732 733 734]] [49 [735 736 737 738 739 740 741 742 743 744 745 746 747 748 749]] [50 [750 751 752 753 754 755 756 757 758 759 760 761 762 763 764]] [51 [765 766 767 768 769 770 771 772 773 774 775 776 777 778 779]] [52 [780 781 782 783 784 785 786 787 788 789 790 791 792 793 794]] [53 [795 796 797 798 799 800 801 802 803 804 805 806 807 808 809]] [54 [810 811 812 813 814 815 816 817 818 819 820 821 822 823 824]] [55 [825 826 827 828 829 830 831 832 833 834 835 836 837 838 839]] [56 [840 841 842 843 844 845 846 847 848 849 850 851 852 853 854]] [57 [855 856 857 858 859 860 861 862 863 864 865 866 867 868 869]] [58 [870 871 872 873 874 875 876 877 878 879 880 881 882 883 884]] [59 [885 886 887 888 889 890 891 892 893 894 895 896 897 898 899]] [60 [900 901 902 903 904 905 906 907 908 909 910 911 912 913 914]] [61 [915 916 917 918 919 920 921 922 923 924 925 926 927 928 929]] [62 [930 931 932 933 934 935 936 937 938 939 940 941 942 943 944]] [63 [945 946 947 948 949 950 951 952 953 954 955 956 957 958 959]] [64 [960 961 962 963 964 965 966 967 968 969 970 971 972 973 974]] [65 [975 976 977 978 979 980 981 982 983 984 985 986 987 988 989]] [66 [990 991 992 993 994 995 996 997 998 999 1000 1001 1002 1003 1004]] [67 [1005 1006 1007 1008 1009 1010 1011 1012 1013 1014 1015 1016 1017 1018 1019]] [68 [1020 1021 1022 1023 1024 1025 1026 1027 1028 1029 1030 1031 1032 1033 1034]] [69 [1035 1036 1037 1038 1039 1040 1041 1042 1043 1044 1045 1046 1047 1048 1049]] [70 [1050 1051 1052 1053 1054 1055 1056 1057 1058 1059 1060 1061 1062 1063 1064]] [71 [1065 1066 1067 1068 1069 1070 1071 1072 1073 1074 1075 1076 1077 1078 1079]] [72 [1080 1081 1082 1083 1084 1085 1086 1087 1088 1089 1090 1091 1092 1093 1094]] [73 [1095 1096 1097 1098 1099 1100 1101 1102 1103 1104 1105 1106 1107 1108 1109]] [74 [1110 1111 1112 1113 1114 1115 1116 1117 1118 1119 1120 1121 1122 1123 1124]] [75 [1125 1126 1127 1128 1129 1130 1131 1132 1133 1134 1135 1136 1137 1138 1139]] [76 [1140 1141 1142 1143 1144 1145 1146 1147 1148 1149 1150 1151 1152 1153 1154]] [77 [1155 1156 1157 1158 1159 1160 1161 1162 1163 1164 1165 1166 1167 1168 1169]] [78 [1170 1171 1172 1173 1174 1175 1176 1177 1178 1179 1180 1181 1182 1183 1184]] [79 [1185 1186 1187 1188 1189 1190 1191 1192 1193 1194 1195 1196 1197 1198 1199]] [80 [1200 1201 1202 1203 1204 1205 1206 1207 1208 1209 1210 1211 1212 1213 1214]] [81 [1215 1216 1217 1218 1219 1220 1221 1222 1223 1224 1225 1226 1227 1228 1229]] [82 [1230 1231 1232 1233 1234 1235 1236 1237 1238 1239 1240 1241 1242 1243 1244]] [83 [1245 1246 1247 1248 1249 1250 1251 1252 1253 1254 1255 1256 1257 1258 1259]] [84 [1260 1261 1262 1263 1264 1265 1266 1267 1268 1269 1270 1271 1272 1273 1274]] [85 [1275 1276 1277 1278 1279 1280 1281 1282 1283 1284 1285 1286 1287 1288 1289]] [86 [1290 1291 1292 1293 1294 1295 1296 1297 1298 1299 1300 1301 1302 1303 1304]] [87 [1305 1306 1307 1308 1309 1310 1311 1312 1313 1314 1315 1316 1317 1318 1319]] [88 [1320 1321 1322 1323 1324 1325 1326 1327 1328 1329 1330 1331 1332 1333 1334]] [89 [1335 1336 1337 1338 1339 1340 1341 1342 1343 1344 1345 1346 1347 1348 1349]] [90 [1350 1351 1352 1353 1354 1355 1356 1357 1358 1359 1360 1361 1362 1363 1364]] [91 [1365 1366 1367 1368 1369 1370 1371 1372 1373 1374 1375 1376 1377 1378 1379]] [92 [1380 1381 1382 1383 1384 1385 1386 1387 1388 1389 1390 1391 1392 1393 1394]] [93 [1395 1396 1397 1398 1399 1400 1401 1402 1403 1404 1405 1406 1407 1408 1409]] [94 [1410 1411 1412 1413 1414 1415 1416 1417 1418 1419 1420 1421 1422 1423 1424]] [95 [1425 1426 1427 1428 1429 1430 1431 1432 1433 1434 1435 1436 1437 1438 1439]] [96 [1440 1441 1442 1443 1444 1445 1446 1447 1448 1449 1450 1451 1452 1453 1454]] [97 [1455 1456 1457 1458 1459 1460 1461 1462 1463 1464 1465 1466 1467 1468 1469]] [98 [1470 1471 1472 1473 1474 1475 1476 1477 1478 1479 1480 1481 1482 1483 1484]] [99 [1485 1486 1487 1488 1489 1490 1491 1492 1493 1494 1495 1496 1497 1498 1499]]]","[[0 [3 4 5 6 7 8 9 10 11 12 13 14]] [1 [15 16 17 18 19 20 21 22 23 24 25 26 27 28 29]] [2 [30 31 32 33 34 35 36 37 38 39 40 41 42 43 44]] [3 [45 46 47 48 49 50 51 52 53 54 55 56 57 58 59]] [4 [60 61 62 63 64 65 66 67 68 69 70 71 72 73 74]] [5 [75 76 77 78 79 80 81 82 83 84 85 86 87 88 89]] [6 [90 91 92 93 94 95 96 97 98 99 100 101 102 103 104]] [7 [105 106 107 108 109 110 111 112 113 114 115 116 117 118 119]] [8 [120 121 122 123 124 125 126 127 128 129 130 131 132 133 134]] [9 [135 136 137 138 139 140 141 142 143 144 145 146 147 148 149]] [10 [150 151 152 153 154 155 156 157 158 159 160 161 162 163 164]] [11 [165 166 167 168 169 170 171 172 173 174 175 176 177 178 179]] [12 [180 181 182 183 184 185 186 187 188 189 190 191 192 193 194]] [13 [195 196 197 198 199 200 201 202 203 204 205 206 207 208 209]] [14 [210 211 212 213 214 215 216 217 218 219 220 221 222 223 224]] [15 [225 226 227 228 229 230 231 232 233 234 235 236 237 238 239]] [16 [240 241 242 243 244 245 246 247 248 249 250 251 252 253 254]] [17 [255 256 257 258 259 260 261 262 263 264 265 266 267 268 269]] [18 [270 271 272 273 274 275 276 277 278 279 280 281 282 283 284]] [19 [285 286 287 288 289 290 291 292 293 294 295 296 297 298 299]] [20 [300 301 302 303 304 305 306 307 308 309 310 311 312 313 314]] [21 [315 316 317 318 319 320 321 322 323 324 325 326 327 328 329]] [22 [330 331 332 333 334 335 336 337 338 339 340 341 342 343 344]] [23 [345 346 347 348 349 350 351 352 353 354 355 356 357 358 359]] [24 [360 361 362 363 364 365 366 367 368 369 370 371 372 373 374]] [25 [375 376 377 378 379 380 381 382 383 384 385 386 387 388 389]] [26 [390 391 392 393 394 395 396 397 398 399 400 401 402 403 404]] [27 [405 406 407 408 409 410 411 412 413 414 415 416 417 418 419]] [28 [420 421 422 423 424 425 426 427 428 429 430 431 432 433 434]] [29 [435 436 437 438 439 440 441 442 443 444 445 446 447 448 449]] [30 [450 451 452 453 454 455 456 457 458 459 460 461 462 463 464]] [31 [465 466 467 468 469 470 471 472 473 474 475 476 477 478 479]] [32 [480 481 482 483 484 485 486 487 488 489 490 491 492 493 494]] [33 [495 496 497 498 499 500 501 502 503 504 505 506 507 508 509]] [34 [510 511 512 513 514 515 516 517 518 519 520 521 522 523 524]] [35 [525 526 527 528 529 530 531 532 533 534 535 536 537 538 539]] [36 [540 541 542 543 544 545 546 547 548 549 550 551 552 553 554]] [37 [555 556 557 558 559 560 561 562 563 564 565 566 567 568 569]] [38 [570 571 572 573 574 575 576 577 578 579 580 581 582 583 584]] [39 [585 586 587 588 589 590 591 592 593 594 595 596 597 598 599]] [40 [600 601 602 603 604 605 606 607 608 609 610 611 612 613 614]] [41 [615 616 617 618 619 620 621 622 623 624 625 626 627 628 629]] [42 [630 631 632 633 634 635 636 637 638 639 640 641 642 643 644]] [43 [645 646 647 648 649 650 651 652 653 654 655 656 657 658 659]] [44 [660 661 662 663 664 665 666 667 668 669 670 671 672 673 674]] [45 [675 676 677 678 679 680 681 682 683 684 685 686 687 688 689]] [46 [690 691 692 693 694 695 696 697 698 699 700 701 702 703 704]] [47 [705 706 707 708 709 710 711 712 713 714 715 716 717 718 719]] [48 [720 721 722 723 724 725 726 727 728 729 730 731 732 733 734]] [49 [735 736 737 738 739 740 741 742 743 744 745 746 747 748 749]] [50 [750 751 752 753 754 755 756 757 758 759 760 761 762 763 764]] [51 [765 766 767 768 769 770 771 772 773 774 775 776 777 778 779]] [52 [780 781 782 783 784 785 786 787 788 789 790 791 792 793 794]] [53 [795 796 797 798 799 800 801 802 803 804 805 806 807 808 809]] [54 [810 811 812 813 814 815 816 817 818 819 820 821 822 823 824]] [55 [825 826 827 828 829 830 831 832 833 834 835 836 837 838 839]] [56 [840 841 842 843 844 845 846 847 848 849 850 851 852 853 854]] [57 [855 856 857 858 859 860 861 862 863 864 865 866 867 868 869]] [58 [870 871 872 873 874 875 876 877 878 879 880 881 882 883 884]] [59 [885 886 887 888 889 890 891 892 893 894 895 896 897 898 899]] [60 [900 901 902 903 904 905 906 907 908 909 910 911 912 913 914]] [61 [915 916 917 918 919 920 921 922 923 924 925 926 927 928 929]] [62 [930 931 932 933 934 935 936 937 938 939 940 941 942 943 944]] [63 [945 946 947 948 949 950 951 952 953 954 955 956 957 958 959]] [64 [960 961 962 963 964 965 966 967 968 969 970 971 972 973 974]] [65 [975 976 977 978 979 980 981 982 983 984 985 986 987 988 989]] [66 [990 991 992 993 994 995 996 997 998 999 1000 1001 1002 1003 1004]] [67 [1005 1006 1007 1008 1009 1010 1011 1012 1013 1014 1015 1016 1017 1018 1019]] [68 [1020 1021 1022 1023 1024 1025 1026 1027 1028 1029 1030 1031 1032 1033 1034]] [69 [1035 1036 1037 1038 1039 1040 1041 1042 1043 1044 1045 1046 1047 1048 1049]] [70 [1050 1051 1052 1053 1054 1055 1056 1057 1058 1059 1060 1061 1062 1063 1064]] [71 [1065 1066 1067 1068 1069 1070 1071 1072 1073 1074 1075 1076 1077 1078 1079]] [72 [1080 1081 1082 1083 1084 1085 1086 1087 1088 1089 1090 1091 1092 1093 1094]] [73 [1095 1096 1097 1098 1099 1100 1101 1102 1103 1104 1105 1106 1107 1108 1109]] [74 [1110 1111 1112 1113 1114 1115 1116 1117 1118 1119 1120 1121 1122 1123 1124]] [75 [1125 1126 1127 1128 1129 1130 1131 1132 1133 1134 1135 1136 1137 1138 1139]] [76 [1140 1141 1142 1143 1144 1145 1146 1147 1148 1149 1150 1151 1152 1153 1154]] [77 [1155 1156 1157 1158 1159 1160 1161 1162 1163 1164 1165 1166 1167 1168 1169]] [78 [1170 1171 1172 1173 1174 1175 1176 1177 1178 1179 1180 1181 1182 1183 1184]] [79 [1185 1186 1187 1188 1189 1190 1191 1192 1193 1194 1195 1196 1197 1198 1199]] [80 [1200 1201 1202 1203 1204 1205 1206 1207 1208 1209 1210 1211 1212 1213 1214]] [81 [1215 1216 1217 1218 1219 1220 1221 1222 1223 1224 1225 1226 1227 1228 1229]] [82 [1230 1231 1232 1233 1234 1235 1236 1237 1238 1239 1240 1241 1242 1243 1244]] [83 [1245 1246 1247 1248 1249 1250 1251 1252 1253 1254 1255 1256 1257 1258 1259]] [84 [1260 1261 1262 1263 1264 1265 1266 1267 1268 1269 1270 1271 1272 1273 1274]] [85 [1275 1276 1277 1278 1279 1280 1281 1282 1283 1284 1285 1286 1287 1288 1289]] [86 [1290 1291 1292 1293 1294 1295 1296 1297 1298 1299 1300 1301 1302 1303 1304]] [87 [1305 1306 1307 1308 1309 1310 1311 1312 1313 1314 1315 1316 1317 1318 1319]] [88 [1320 1321 1322 1323 1324 1325 1326 1327 1328 1329 1330 1331 1332 1333 1334]] [89 [1335 1336 1337 1338 1339 1340 1341 1342 1343 1344 1345 1346 1347 1348 1349]] [90 [1350 1351 1352 1353 1354 1355 1356 1357 1358 1359 1360 1361 1362 1363 1364]] [91 [1365 1366 1367 1368 1369 1370 1371 1372 1373 1374 1375 1376 1377 1378 1379]] [92 [1380 1381 1382 1383 1384 1385 1386 1387 1388 1389 1390 1391 1392 1393 1394]] [93 [1395 1396 1397 1398 1399 1400 1401 1402 1403 1404 1405 1406 1407 1408 1409]] [94 [1410 1411 1412 1413 1414 1415 1416 1417 1418 1419 1420 1421 1422 1423 1424]] [95 [1425 1426 1427 1428 1429 1430 1431 1432 1433 1434 1435 1436 1437 1438 1439]] [96 [1440 1441 1442 1443 1444 1445 1446 1447 1448 1449 1450 1451 1452 1453 1454]] [97 [1455 1456 1457 1458 1459 1460 1461 1462 1463 1464 1465 1466 1467 1468 1469]] [98 [1470 1471 1472 1473 1474 1475 1476 1477 1478 1479 1480 1481 1482 1483 1484]] [99 [1485 1486 1487 1488 1489 1490 1491 1492 1493 1494 1495 1496 1497 1498 1499]]]",,"[[{media 50} [[""A"" [4 4 4 4 4 4 4 4 4 4]]]] [{media 51} [[""A"" [4 4 4 4 4 4 4 4 4 4]]]] [{media 52} [[""A"" [4 4 4 4 4 4 4 4 4 4]]]] [{media 53} [[""A"" [4 4 4 4 4 4 4 4 4 4]]]] [{media 54} [[""A"" [4 4 4 4 4 4 4 4 4 4]]]] [{media 55} [[""A"" [4 4 4 4 4 4 4 4 4 4]]]] [{media 56} [[""A"" [4 4 4 4 4 4 4 4 4 4]]]] [{media 57} [[""A"" [4 4 4 4 4 4 4 4 4 4]]]] [{media 58} [[""A"" [4 4 4 4 4 4 4 4 4 4]]]] [{media 62} [[""A"" [4 4 4 4 4 4 4 4 4 4]]]] [{citizen 0} [[""A"" [4 4 4 4 4 4 4 4 4 4]]]] [{citizen 1} [[""A"" [4 4 4 4 4 4 4 4 4 4]]]] [{citizen 5} [[""A"" [4 4 4 4 4 4 4 4 4 4]]]] [{citizen 8} [[""A"" [4 4 4 4 4 4 4 4 4 4]]]] [{media 63} [[""A"" [4 4 4 4 4 4 4 4 4 4]]]] [{citizen 11} [[""A"" [4 4 4 4 4 4 4 4 4 4]]]] [{citizen 6} [[""A"" [4 4 4 4 4 4 4 4 4 4]]]] [{citizen 20} [[""A"" [4 4 4 4 4 4 4 4 4 4]]]] [{citizen 35} [[""A"" [4 4 4 4 4 4 4 4 4 4]]]] [{media 59} [[""A"" [4 4 4 4 4 4 4 4 4 4]]]] [{citizen 23} [[""A"" [4 4 4 4 4 4 4 4 4 4]]]] [{citizen 13} [[""A"" [4 4 4 4 4 4 4 4 4 4]]]] [{media 60} [[""A"" [4 4 4 4 4 4 4 4 4 4]]]] [{citizen 15} [[""A"" [4 4 4 4 4 4 4 4 4 4]]]] [{citizen 16} [[""A"" [4 4 4 4 4 4 4 4 4 4]]]] [{media 64} [[""A"" [4 4 4 4 4 4 4 4 4 4]]]] [{citizen 9} [[""A"" [4 4 4 4 4 4 4 4 4 4]]]] [{citizen 14} [[""A"" [4 4 4 4 4 4 4 4 4 4]]]] [{citizen 12} [[""A"" [4 4 4 4 4 4 4 4 4 4]]]] [{citizen 17} [[""A"" [4 4 4 4 4 4 4 4 4 4]]]] [{media 61} [[""A"" [4 4 4 4 4 4 4 4 4 4]]]] [{citizen 49} [[""A"" [4 4 4 4 4 4 4 4 4 4]]]] [{citizen 2} [[""A"" [4 4 4 4 4 4 4 4 4 4]]]] [{citizen 46} [[""A"" [4 4 4 4 4 4 4 4 4 4]]]] [{citizen 27} [[""A"" [4 4 4 4 4 4 4 4 4 4]]]] [{citizen 45} [[""A"" [4 4 4 4 4 4 4 4 4 4]]]] [{citizen 7} [[""A"" [4 4 4 4 4 4 4 4 4 4]]]] [{citizen 24} [[""A"" [4 4 4 4 4 4 4 4 4 4]]]] [{citizen 21} [[""A"" [4 4 4 4 4 4 4 4 4 4]]]] [{citizen 44} [[""A"" [4 4 4 4 4 4 4 4 4 4]]]] [{citizen 4} [[""A"" [4 4 4 4 4 4 4 4 4 4]]]] [{citizen 32} [[""A"" [4 4 4 4 4 4 4 4 4 4]]]] [{citizen 19} [[""A"" [4 4 4 4 4 4 4 4 4 4]]]] [{citizen 42} [[""A"" [4 4 4 4 4 4 4 4 4 4]]]] [{citizen 37} [[""A"" [4 4 4 4 4 4 4 4 4 4]]]] [{citizen 30} [[""A"" [4 4 4 4 4 4 4 4 4 4]]]] [{citizen 31} [[""A"" [4 4 4 4 4 4 4 4 4 4]]]] [{citizen 36} [[""A"" [4 4 4 4 4 4 4 4 4 4]]]] [{citizen 28} [[""A"" [4 4 4 4 4 4 4 4 4 4]]]] [{citizen 39} [[""A"" [4 4 4 4 4 4 4 4 4 4]]]] [{citizen 22} [[""A"" [4 4 4 4 4 4 4 4 4 4]]]] [{citizen 10} [[""A"" [4 4 4 4 4 4 4 4 4 4]]]] [{citizen 48} [[""A"" [4 4 4 4 4 4 4 4 4 4]]]] [{citizen 26} [[""A"" [4 4 4 4 4 4 4 4 4 4]]]] [{citizen 29} [[""A"" [4 4 4 4 4 4 4 4 4 4]]]] [{citizen 43} [[""A"" [4 4 4 4 4 4 4 4 4 4]]]] [{citizen 41} [[""A"" [4 4 4 4 4 4 4 4 4 4]]]] [{citizen 38} [[""A"" [4 4 4 4 4 4 4 4 4 4]]]] [{citizen 34} [[""A"" [4 4 4 4 4 4 4 4 4 4]]]] [{citizen 47} [[""A"" [4 4 4 4 4 4 4 4 4 4]]]] [{citizen 3} [[""A"" [4 4 4 4 4 4 4 4 4 4]]]]]"
"41","[85 0 170]","176.17021276595747","0.9147060359292184","-9.382926408214963","""circle""","""""","9.9","{breed citizens}","false","0.5","1","""up""",,"[[""ID"" 33] [""alpha"" 1] [""beta"" 1] [""malleable"" [""A""]] [""prior"" []] [""cont_tokens"" []] [""A"" 4]]","[[0 [0 1 2 3 4 5 6 7 8 9 10 11 12 13 14]] [1 [15 16 17 18 19 20 21 22 23 24 25 26 27 28 29]] [2 [30 31 32 33 34 35 36 37 38 39 40 41 42 43 44]] [3 [45 46 47 48 49 50 51 52 53 54 55 56 57 58 59]] [4 [60 61 62 63 64 65 66 67 68 69 70 71 72 73 74]] [5 [75 76 77 78 79 80 81 82 83 84 85 86 87 88 89]] [6 [90 91 92 93 94 95 96 97 98 99 100 101 102 103 104]] [7 [105 106 107 108 109 110 111 112 113 114 115 116 117 118 119]] [8 [120 121 122 123 124 125 126 127 128 129 130 131 132 133 134]] [9 [135 136 137 138 139 140 141 142 143 144 145 146 147 148 149]] [10 [150 151 152 153 154 155 156 157 158 159 160 161 162 163 164]] [11 [165 166 167 168 169 170 171 172 173 174 175 176 177 178 179]] [12 [180 181 182 183 184 185 186 187 188 189 190 191 192 193 194]] [13 [195 196 197 198 199 200 201 202 203 204 205 206 207 208 209]] [14 [210 211 212 213 214 215 216 217 218 219 220 221 222 223 224]] [15 [225 226 227 228 229 230 231 232 233 234 235 236 237 238 239]] [16 [240 241 242 243 244 245 246 247 248 249 250 251 252 253 254]] [17 [255 256 257 258 259 260 261 262 263 264 265 266 267 268 269]] [18 [270 271 272 273 274 275 276 277 278 279 280 281 282 283 284]] [19 [285 286 287 288 289 290 291 292 293 294 295 296 297 298 299]] [20 [300 301 302 303 304 305 306 307 308 309 310 311 312 313 314]] [21 [315 316 317 318 319 320 321 322 323 324 325 326 327 328 329]] [22 [330 331 332 333 334 335 336 337 338 339 340 341 342 343 344]] [23 [345 346 347 348 349 350 351 352 353 354 355 356 357 358 359]] [24 [360 361 362 363 364 365 366 367 368 369 370 371 372 373 374]] [25 [375 376 377 378 379 380 381 382 383 384 385 386 387 388 389]] [26 [390 391 392 393 394 395 396 397 398 399 400 401 402 403 404]] [27 [405 406 407 408 409 410 411 412 413 414 415 416 417 418 419]] [28 [420 421 422 423 424 425 426 427 428 429 430 431 432 433 434]] [29 [435 436 437 438 439 440 441 442 443 444 445 446 447 448 449]] [30 [450 451 452 453 454 455 456 457 458 459 460 461 462 463 464]] [31 [465 466 467 468 469 470 471 472 473 474 475 476 477 478 479]] [32 [480 481 482 483 484 485 486 487 488 489 490 491 492 493 494]] [33 [495 496 497 498 499 500 501 502 503 504 505 506 507 508 509]] [34 [510 511 512 513 514 515 516 517 518 519 520 521 522 523 524]] [35 [525 526 527 528 529 530 531 532 533 534 535 536 537 538 539]] [36 [540 541 542 543 544 545 546 547 548 549 550 551 552 553 554]] [37 [555 556 557 558 559 560 561 562 563 564 565 566 567 568 569]] [38 [570 571 572 573 574 575 576 577 578 579 580 581 582 583 584]] [39 [585 586 587 588 589 590 591 592 593 594 595 596 597 598 599]] [40 [600 601 602 603 604 605 606 607 608 609 610 611 612 613 614]] [41 [615 616 617 618 619 620 621 622 623 624 625 626 627 628 629]] [42 [630 631 632 633 634 635 636 637 638 639 640 641 642 643 644]] [43 [645 646 647 648 649 650 651 652 653 654 655 656 657 658 659]] [44 [660 661 662 663 664 665 666 667 668 669 670 671 672 673 674]] [45 [675 676 677 678 679 680 681 682 683 684 685 686 687 688 689]] [46 [690 691 692 693 694 695 696 697 698 699 700 701 702 703 704]] [47 [705 706 707 708 709 710 711 712 713 714 715 716 717 718 719]] [48 [720 721 722 723 724 725 726 727 728 729 730 731 732 733 734]] [49 [735 736 737 738 739 740 741 742 743 744 745 746 747 748 749]] [50 [750 751 752 753 754 755 756 757 758 759 760 761 762 763 764]] [51 [765 766 767 768 769 770 771 772 773 774 775 776 777 778 779]] [52 [780 781 782 783 784 785 786 787 788 789 790 791 792 793 794]] [53 [795 796 797 798 799 800 801 802 803 804 805 806 807 808 809]] [54 [810 811 812 813 814 815 816 817 818 819 820 821 822 823 824]] [55 [825 826 827 828 829 830 831 832 833 834 835 836 837 838 839]] [56 [840 841 842 843 844 845 846 847 848 849 850 851 852 853 854]] [57 [855 856 857 858 859 860 861 862 863 864 865 866 867 868 869]] [58 [870 871 872 873 874 875 876 877 878 879 880 881 882 883 884]] [59 [885 886 887 888 889 890 891 892 893 894 895 896 897 898 899]] [60 [900 901 902 903 904 905 906 907 908 909 910 911 912 913 914]] [61 [915 916 917 918 919 920 921 922 923 924 925 926 927 928 929]] [62 [930 931 932 933 934 935 936 937 938 939 940 941 942 943 944]] [63 [945 946 947 948 949 950 951 952 953 954 955 956 957 958 959]] [64 [960 961 962 963 964 965 966 967 968 969 970 971 972 973 974]] [65 [975 976 977 978 979 980 981 982 983 984 985 986 987 988 989]] [66 [990 991 992 993 994 995 996 997 998 999 1000 1001 1002 1003 1004]] [67 [1005 1006 1007 1008 1009 1010 1011 1012 1013 1014 1015 1016 1017 1018 1019]] [68 [1020 1021 1022 1023 1024 1025 1026 1027 1028 1029 1030 1031 1032 1033 1034]] [69 [1035 1036 1037 1038 1039 1040 1041 1042 1043 1044 1045 1046 1047 1048 1049]] [70 [1050 1051 1052 1053 1054 1055 1056 1057 1058 1059 1060 1061 1062 1063 1064]] [71 [1065 1066 1067 1068 1069 1070 1071 1072 1073 1074 1075 1076 1077 1078 1079]] [72 [1080 1081 1082 1083 1084 1085 1086 1087 1088 1089 1090 1091 1092 1093 1094]] [73 [1095 1096 1097 1098 1099 1100 1101 1102 1103 1104 1105 1106 1107 1108 1109]] [74 [1110 1111 1112 1113 1114 1115 1116 1117 1118 1119 1120 1121 1122 1123 1124]] [75 [1125 1126 1127 1128 1129 1130 1131 1132 1133 1134 1135 1136 1137 1138 1139]] [76 [1140 1141 1142 1143 1144 1145 1146 1147 1148 1149 1150 1151 1152 1153 1154]] [77 [1155 1156 1157 1158 1159 1160 1161 1162 1163 1164 1165 1166 1167 1168 1169]] [78 [1170 1171 1172 1173 1174 1175 1176 1177 1178 1179 1180 1181 1182 1183 1184]] [79 [1185 1186 1187 1188 1189 1190 1191 1192 1193 1194 1195 1196 1197 1198 1199]] [80 [1200 1201 1202 1203 1204 1205 1206 1207 1208 1209 1210 1211 1212 1213 1214]] [81 [1215 1216 1217 1218 1219 1220 1221 1222 1223 1224 1225 1226 1227 1228 1229]] [82 [1230 1231 1232 1233 1234 1235 1236 1237 1238 1239 1240 1241 1242 1243 1244]] [83 [1245 1246 1247 1248 1249 1250 1251 1252 1253 1254 1255 1256 1257 1258 1259]] [84 [1260 1261 1262 1263 1264 1265 1266 1267 1268 1269 1270 1271 1272 1273 1274]] [85 [1275 1276 1277 1278 1279 1280 1281 1282 1283 1284 1285 1286 1287 1288 1289]] [86 [1290 1291 1292 1293 1294 1295 1296 1297 1298 1299 1300 1301 1302 1303 1304]] [87 [1305 1306 1307 1308 1309 1310 1311 1312 1313 1314 1315 1316 1317 1318 1319]] [88 [1320 1321 1322 1323 1324 1325 1326 1327 1328 1329 1330 1331 1332 1333 1334]] [89 [1335 1336 1337 1338 1339 1340 1341 1342 1343 1344 1345 1346 1347 1348 1349]] [90 [1350 1351 1352 1353 1354 1355 1356 1357 1358 1359 1360 1361 1362 1363 1364]] [91 [1365 1366 1367 1368 1369 1370 1371 1372 1373 1374 1375 1376 1377 1378 1379]] [92 [1380 1381 1382 1383 1384 1385 1386 1387 1388 1389 1390 1391 1392 1393 1394]] [93 [1395 1396 1397 1398 1399 1400 1401 1402 1403 1404 1405 1406 1407 1408 1409]] [94 [1410 1411 1412 1413 1414 1415 1416 1417 1418 1419 1420 1421 1422 1423 1424]] [95 [1425 1426 1427 1428 1429 1430 1431 1432 1433 1434 1435 1436 1437 1438 1439]] [96 [1440 1441 1442 1443 1444 1445 1446 1447 1448 1449 1450 1451 1452 1453 1454]] [97 [1455 1456 1457 1458 1459 1460 1461 1462 1463 1464 1465 1466 1467 1468 1469]] [98 [1470 1471 1472 1473 1474 1475 1476 1477 1478 1479 1480 1481 1482 1483 1484]] [99 [1485 1486 1487 1488 1489 1490 1491 1492 1493 1494 1495 1496 1497 1498 1499]]]","[[0 [0 1 2 3 4 5 6 7 8 9 10 11 12 13 14]] [1 [15 16 17 18 19 20 21 22 23 24 25 26 27 28 29]] [2 [30 31 32 33 34 35 36 37 38 39 40 41 42 43 44]] [3 [45 46 47 48 49 50 51 52 53 54 55 56 57 58 59]] [4 [60 61 62 63 64 65 66 67 68 69 70 71 72 73 74]] [5 [75 76 77 78 79 80 81 82 83 84 85 86 87 88 89]] [6 [90 91 92 93 94 95 96 97 98 99 100 101 102 103 104]] [7 [105 106 107 108 109 110 111 112 113 114 115 116 117 118 119]] [8 [120 121 122 123 124 125 126 127 128 129 130 131 132 133 134]] [9 [135 136 137 138 139 140 141 142 143 144 145 146 147 148 149]] [10 [150 151 152 153 154 155 156 157 158 159 160 161 162 163 164]] [11 [165 166 167 168 169 170 171 172 173 174 175 176 177 178 179]] [12 [180 181 182 183 184 185 186 187 188 189 190 191 192 193 194]] [13 [195 196 197 198 199 200 201 202 203 204 205 206 207 208 209]] [14 [210 211 212 213 214 215 216 217 218 219 220 221 222 223 224]] [15 [225 226 227 228 229 230 231 232 233 234 235 236 237 238 239]] [16 [240 241 242 243 244 245 246 247 248 249 250 251 252 253 254]] [17 [255 256 257 258 259 260 261 262 263 264 265 266 267 268 269]] [18 [270 271 272 273 274 275 276 277 278 279 280 281 282 283 284]] [19 [285 286 287 288 289 290 291 292 293 294 295 296 297 298 299]] [20 [300 301 302 303 304 305 306 307 308 309 310 311 312 313 314]] [21 [315 316 317 318 319 320 321 322 323 324 325 326 327 328 329]] [22 [330 331 332 333 334 335 336 337 338 339 340 341 342 343 344]] [23 [345 346 347 348 349 350 351 352 353 354 355 356 357 358 359]] [24 [360 361 362 363 364 365 366 367 368 369 370 371 372 373 374]] [25 [375 376 377 378 379 380 381 382 383 384 385 386 387 388 389]] [26 [390 391 392 393 394 395 396 397 398 399 400 401 402 403 404]] [27 [405 406 407 408 409 410 411 412 413 414 415 416 417 418 419]] [28 [420 421 422 423 424 425 426 427 428 429 430 431 432 433 434]] [29 [435 436 437 438 439 440 441 442 443 444 445 446 447 448 449]] [30 [450 451 452 453 454 455 456 457 458 459 460 461 462 463 464]] [31 [465 466 467 468 469 470 471 472 473 474 475 476 477 478 479]] [32 [480 481 482 483 484 485 486 487 488 489 490 491 492 493 494]] [33 [495 496 497 498 499 500 501 502 503 504 505 506 507 508 509]] [34 [510 511 512 513 514 515 516 517 518 519 520 521 522 523 524]] [35 [525 526 527 528 529 530 531 532 533 534 535 536 537 538 539]] [36 [540 541 542 543 544 545 546 547 548 549 550 551 552 553 554]] [37 [555 556 557 558 559 560 561 562 563 564 565 566 567 568 569]] [38 [570 571 572 573 574 575 576 577 578 579 580 581 582 583 584]] [39 [585 586 587 588 589 590 591 592 593 594 595 596 597 598 599]] [40 [600 601 602 603 604 605 606 607 608 609 610 611 612 613 614]] [41 [615 616 617 618 619 620 621 622 623 624 625 626 627 628 629]] [42 [630 631 632 633 634 635 636 637 638 639 640 641 642 643 644]] [43 [645 646 647 648 649 650 651 652 653 654 655 656 657 658 659]] [44 [660 661 662 663 664 665 666 667 668 669 670 671 672 673 674]] [45 [675 676 677 678 679 680 681 682 683 684 685 686 687 688 689]] [46 [690 691 692 693 694 695 696 697 698 699 700 701 702 703 704]] [47 [705 706 707 708 709 710 711 712 713 714 715 716 717 718 719]] [48 [720 721 722 723 724 725 726 727 728 729 730 731 732 733 734]] [49 [735 736 737 738 739 740 741 742 743 744 745 746 747 748 749]] [50 [750 751 752 753 754 755 756 757 758 759 760 761 762 763 764]] [51 [765 766 767 768 769 770 771 772 773 774 775 776 777 778 779]] [52 [780 781 782 783 784 785 786 787 788 789 790 791 792 793 794]] [53 [795 796 797 798 799 800 801 802 803 804 805 806 807 808 809]] [54 [810 811 812 813 814 815 816 817 818 819 820 821 822 823 824]] [55 [825 826 827 828 829 830 831 832 833 834 835 836 837 838 839]] [56 [840 841 842 843 844 845 846 847 848 849 850 851 852 853 854]] [57 [855 856 857 858 859 860 861 862 863 864 865 866 867 868 869]] [58 [870 871 872 873 874 875 876 877 878 879 880 881 882 883 884]] [59 [885 886 887 888 889 890 891 892 893 894 895 896 897 898 899]] [60 [900 901 902 903 904 905 906 907 908 909 910 911 912 913 914]] [61 [915 916 917 918 919 920 921 922 923 924 925 926 927 928 929]] [62 [930 931 932 933 934 935 936 937 938 939 940 941 942 943 944]] [63 [945 946 947 948 949 950 951 952 953 954 955 956 957 958 959]] [64 [960 961 962 963 964 965 966 967 968 969 970 971 972 973 974]] [65 [975 976 977 978 979 980 981 982 983 984 985 986 987 988 989]] [66 [990 991 992 993 994 995 996 997 998 999 1000 1001 1002 1003 1004]] [67 [1005 1006 1007 1008 1009 1010 1011 1012 1013 1014 1015 1016 1017 1018 1019]] [68 [1020 1021 1022 1023 1024 1025 1026 1027 1028 1029 1031 1032 1033 1034]] [69 [1035 1036 1037 1038 1039 1040 1041 1042 1043 1044 1045 1046 1047 1048 1049]] [70 [1050 1051 1052 1053 1054 1055 1056 1057 1058 1059 1060 1061 1062 1063 1064]] [71 [1065 1066 1067 1068 1069 1070 1071 1072 1073 1074 1075 1076 1077 1078 1079]] [72 [1080 1081 1082 1083 1084 1085 1086 1087 1088 1089 1090 1091 1092 1093 1094]] [73 [1095 1096 1097 1098 1099 1100 1101 1102 1103 1104 1105 1106 1107 1108 1109]] [74 [1110 1111 1112 1113 1114 1115 1116 1117 1118 1119 1120 1121 1122 1123 1124]] [75 [1125 1126 1127 1128 1129 1130 1131 1132 1133 1134 1135 1136 1137 1138 1139]] [76 [1140 1141 1142 1143 1144 1145 1146 1147 1148 1149 1150 1151 1152 1153 1154]] [77 [1155 1156 1157 1158 1159 1160 1161 1162 1163 1164 1165 1166 1167 1168 1169]] [78 [1170 1171 1172 1173 1174 1175 1176 1177 1178 1179 1180 1181 1182 1183 1184]] [79 [1185 1186 1187 1188 1189 1190 1191 1192 1193 1194 1195 1196 1197 1198 1199]] [80 [1200 1201 1202 1203 1204 1205 1206 1207 1208 1209 1210 1211 1212 1213 1214]] [81 [1215 1216 1217 1218 1219 1220 1221 1222 1223 1224 1225 1226 1227 1228 1229]] [82 [1230 1231 1232 1233 1234 1235 1236 1237 1238 1239 1240 1241 1242 1243 1244]] [83 [1245 1246 1247 1248 1249 1250 1251 1252 1253 1254 1255 1256 1257 1258 1259]] [84 [1260 1261 1262 1263 1264 1265 1266 1267 1268 1269 1270 1271 1272 1273 1274]] [85 [1275 1276 1277 1278 1279 1280 1281 1282 1283 1284 1285 1286 1287 1288 1289]] [86 [1290 1291 1292 1293 1294 1295 1296 1297 1298 1299 1300 1301 1302 1303 1304]] [87 [1305 1306 1307 1308 1309 1310 1311 1312 1313 1314 1315 1316 1317 1318 1319]] [88 [1320 1321 1322 1323 1324 1325 1326 1327 1328 1329 1330 1331 1332 1333 1334]] [89 [1335 1336 1337 1338 1339 1340 1341 1342 1343 1344 1345 1346 1347 1348 1349]] [90 [1350 1351 1352 1353 1354 1355 1356 1357 1358 1359 1360 1361 1362 1363 1364]] [91 [1365 1366 1367 1368 1369 1370 1371 1372 1373 1374 1375 1376 1377 1378 1379]] [92 [1380 1381 1382 1383 1384 1385 1386 1387 1388 1389 1390 1391 1392 1393 1394]] [93 [1395 1396 1397 1398 1399 1400 1401 1402 1403 1404 1405 1406 1407 1408 1409]] [94 [1410 1411 1412 1413 1414 1415 1416 1417 1418 1419 1420 1421 1422 1423 1424]] [95 [1425 1426 1427 1428 1429 1430 1431 1432 1433 1434 1435 1436 1437 1438 1439]] [96 [1440 1441 1442 1443 1444 1445 1446 1447 1448 1449 1450 1451 1452 1453 1454]] [97 [1455 1456 1457 1458 1459 1460 1461 1462 1463 1464 1465 1466 1467 1468 1469]] [98 [1470 1471 1472 1473 1474 1475 1476 1477 1478 1479 1480 1481 1482 1483 1484]] [99 [1485 1486 1487 1488 1489 1490 1491 1492 1493 1494 1495 1496 1497 1498 1499]]]",,"[[{media 50} [[""A"" [4 4 4 4 4 4 4 4 4 4]]]] [{media 51} [[""A"" [4 4 4 4 4 4 4 4 4 4]]]] [{media 52} [[""A"" [4 4 4 4 4 4 4 4 4 4]]]] [{media 53} [[""A"" [4 4 4 4 4 4 4 4 4 4]]]] [{media 54} [[""A"" [4 4 4 4 4 4 4 4 4 4]]]] [{media 55} [[""A"" [4 4 4 4 4 4 4 4 4 4]]]] [{media 56} [[""A"" [4 4 4 4 4 4 4 4 4 4]]]] [{media 57} [[""A"" [4 4 4 4 4 4 4 4 4 4]]]] [{media 58} [[""A"" [4 4 4 4 4 4 4 4 4 4]]]] [{media 62} [[""A"" [4 4 4 4 4 4 4 4 4 4]]]] [{citizen 16} [[""A"" [4 4 4 4 4 4 4 4 4 4]]]] [{citizen 1} [[""A"" [4 4 4 4 4 4 4 4 4 4]]]] [{citizen 5} [[""A"" [4 4 4 4 4 4 4 4 4 4]]]] [{citizen 12} [[""A"" [4 4 4 4 4 4 4 4 4 4]]]] [{citizen 29} [[""A"" [4 4 4 4 4 4 4 4 4 4]]]] [{citizen 26} [[""A"" [4 4 4 4 4 4 4 4 4 4]]]] [{media 63} [[""A"" [4 4 4 4 4 4 4 4 4 4]]]] [{citizen 6} [[""A"" [4 4 4 4 4 4 4 4 4 4]]]] [{citizen 20} [[""A"" [4 4 4 4 4 4 4 4 4 4]]]] [{media 59} [[""A"" [4 4 4 4 4 4 4 4 4 4]]]] [{citizen 2} [[""A"" [4 4 4 4 4 4 4 4 4 4]]]] [{citizen 8} [[""A"" [4 4 4 4 4 4 4 4 4 4]]]] [{citizen 14} [[""A"" [4 4 4 4 4 4 4 4 4 4]]]] [{citizen 13} [[""A"" [4 4 4 4 4 4 4 4 4 4]]]] [{media 60} [[""A"" [4 4 4 4 4 4 4 4 4 4]]]] [{citizen 15} [[""A"" [4 4 4 4 4 4 4 4 4 4]]]] [{media 64} [[""A"" [4 4 4 4 4 4 4 4 4 4]]]] [{citizen 9} [[""A"" [4 4 4 4 4 4 4 4 4 4]]]] [{media 61} [[""A"" [4 4 4 4 4 4 4 4 4 4]]]] [{citizen 49} [[""A"" [4 4 4 4 4 4 4 4 4 4]]]] [{citizen 17} [[""A"" [4 4 4 4 4 4 4 4 4 4]]]] [{citizen 46} [[""A"" [4 4 4 4 4 4 4 4 4 4]]]] [{citizen 27} [[""A"" [4 4 4 4 4 4 4 4 4 4]]]] [{citizen 45} [[""A"" [4 4 4 4 4 4 4 4 4 4]]]] [{citizen 7} [[""A"" [4 4 4 4 4 4 4 4 4 4]]]] [{citizen 0} [[""A"" [4 4 4 4 4 4 4 4 4 4]]]] [{citizen 40} [[""A"" [4 4 4 4 4 4 4 4 4 4]]]] [{citizen 35} [[""A"" [4 4 4 4 4 4 4 4 4 4]]]] [{citizen 23} [[""A"" [4 4 4 4 4 4 4 4 4 4]]]] [{citizen 24} [[""A"" [4 4 4 4 4 4 4 4 4 4]]]] [{citizen 44} [[""A"" [4 4 4 4 4 4 4 4 4 4]]]] [{citizen 32} [[""A"" [4 4 4 4 4 4 4 4 4 4]]]] [{citizen 39} [[""A"" [4 4 4 4 4 4 4 4 4 4]]]] [{citizen 31} [[""A"" [4 4 4 4 4 4 4 4 4 4]]]] [{citizen 36} [[""A"" [4 4 4 4 4 4 4 4 4 4]]]] [{citizen 4} [[""A"" [4 4 4 4 4 4 4 4 4 4]]]] [{citizen 28} [[""A"" [4 4 4 4 4 4 4 4 4 4]]]] [{citizen 21} [[""A"" [4 4 4 4 4 4 4 4 4 4]]]] [{citizen 11} [[""A"" [4 4 4 4 4 4 4 4 4 4]]]] [{citizen 19} [[""A"" [4 4 4 4 4 4 4 4 4 4]]]] [{citizen 42} [[""A"" [4 4 4 4 4 4 4 4 4 4]]]] [{citizen 37} [[""A"" [4 4 4 4 4 4 4 4 4 4]]]] [{citizen 30} [[""A"" [4 4 4 4 4 4 4 4 4 4]]]] [{citizen 22} [[""A"" [4 4 4 4 4 4 4 4 4 4]]]] [{citizen 10} [[""A"" [4 4 4 4 4 4 4 4 4 4]]]] [{citizen 48} [[""A"" [4 4 4 4 4 4 4 4 4 4]]]] [{citizen 43} [[""A"" [4 4 4 4 4 4 4 4 4 4]]]] [{citizen 34} [[""A"" [4 4 4 4 4 4 4 4 4 4]]]] [{citizen 38} [[""A"" [4 4 4 4 4 4 4 4 4 4]]]] [{citizen 47} [[""A"" [4 4 4 4 4 4 4 4 4 4]]]] [{citizen 3} [[""A"" [4 4 4 4 4 4 4 4 4 4]]]]]"
"42","[85 0 170]","356.17021276595756","0.7840447347530225","5.377510687688981","""circle""","""""","9.9","{breed citizens}","false","0.5","1","""up""",,"[[""ID"" 19] [""alpha"" 1] [""beta"" 1] [""malleable"" [""A""]] [""prior"" []] [""cont_tokens"" []] [""A"" 4]]","[[0 [0 1 2 3 4 5 6 7 8 9 10 11 12 13 14]] [1 [15 16 17 18 19 20 21 22 23 24 25 26 27 28 29]] [2 [30 31 32 33 34 35 36 37 38 39 40 41 42 43 44]] [3 [45 46 47 48 49 50 51 52 53 54 55 56 57 58 59]] [4 [60 61 62 63 64 65 66 67 68 69 70 71 72 73 74]] [5 [75 76 77 78 79 80 81 82 83 84 85 86 87 88 89]] [6 [90 91 92 93 94 95 96 97 98 99 100 101 102 103 104]] [7 [105 106 107 108 109 110 111 112 113 114 115 116 117 118 119]] [8 [120 121 122 123 124 125 126 127 128 129 130 131 132 133 134]] [9 [135 136 137 138 139 140 141 142 143 144 145 146 147 148 149]] [10 [150 151 152 153 154 155 156 157 158 159 160 161 162 163 164]] [11 [165 166 167 168 169 170 171 172 173 174 175 176 177 178 179]] [12 [180 181 182 183 184 185 186 187 188 189 190 191 192 193 194]] [13 [195 196 197 198 199 200 201 202 203 204 205 206 207 208 209]] [14 [210 211 212 213 214 215 216 217 218 219 220 221 222 223 224]] [15 [225 226 227 228 229 230 231 232 233 234 235 236 237 238 239]] [16 [240 241 242 243 244 245 246 247 248 249 250 251 252 253 254]] [17 [255 256 257 258 259 260 261 262 263 264 265 266 267 268 269]] [18 [270 271 272 273 274 275 276 277 278 279 280 281 282 283 284]] [19 [285 286 287 288 289 290 291 292 293 294 295 296 297 298 299]] [20 [300 301 302 303 304 305 306 307 308 309 310 311 312 313 314]] [21 [315 316 317 318 319 320 321 322 323 324 325 326 327 328 329]] [22 [330 331 332 333 334 335 336 337 338 339 340 341 342 343 344]] [23 [345 346 347 348 349 350 351 352 353 354 355 356 357 358 359]] [24 [360 361 362 363 364 365 366 367 368 369 370 371 372 373 374]] [25 [375 376 377 378 379 380 381 382 383 384 385 386 387 388 389]] [26 [390 391 392 393 394 395 396 397 398 399 400 401 402 403 404]] [27 [405 406 407 408 409 410 411 412 413 414 415 416 417 418 419]] [28 [420 421 422 423 424 425 426 427 428 429 430 431 432 433 434]] [29 [435 436 437 438 439 440 441 442 443 444 445 446 447 448 449]] [30 [450 451 452 453 454 455 456 457 458 459 460 461 462 463 464]] [31 [465 466 467 468 469 470 471 472 473 474 475 476 477 478 479]] [32 [480 481 482 483 484 485 486 487 488 489 490 491 492 493 494]] [33 [495 496 497 498 499 500 501 502 503 504 505 506 507 508 509]] [34 [510 511 512 513 514 515 516 517 518 519 520 521 522 523 524]] [35 [525 526 527 528 529 530 531 532 533 534 535 536 537 538 539]] [36 [540 541 542 543 544 545 546 547 548 549 550 551 552 553 554]] [37 [555 556 557 558 559 560 561 562 563 564 565 566 567 568 569]] [38 [570 571 572 573 574 575 576 577 578 579 580 581 582 583 584]] [39 [585 586 587 588 589 590 591 592 593 594 595 596 597 598 599]] [40 [600 601 602 603 604 605 606 607 608 609 610 611 612 613 614]] [41 [615 616 617 618 619 620 621 622 623 624 625 626 627 628 629]] [42 [630 631 632 633 634 635 636 637 638 639 640 641 642 643 644]] [43 [645 646 647 648 649 650 651 652 653 654 655 656 657 658 659]] [44 [660 661 662 663 664 665 666 667 668 669 670 671 672 673 674]] [45 [675 676 677 678 679 680 681 682 683 684 685 686 687 688 689]] [46 [690 691 692 693 694 695 696 697 698 699 700 701 702 703 704]] [47 [705 706 707 708 709 710 711 712 713 714 715 716 717 718 719]] [48 [720 721 722 723 724 725 726 727 728 729 730 731 732 733 734]] [49 [735 736 737 738 739 740 741 742 743 744 745 746 747 748 749]] [50 [750 751 752 753 754 755 756 757 758 759 760 761 762 763 764]] [51 [765 766 767 768 769 770 771 772 773 774 775 776 777 778 779]] [52 [780 781 782 783 784 785 786 787 788 789 790 791 792 793 794]] [53 [795 796 797 798 799 800 801 802 803 804 805 806 807 808 809]] [54 [810 811 812 813 814 815 816 817 818 819 820 821 822 823 824]] [55 [825 826 827 828 829 830 831 832 833 834 835 836 837 838 839]] [56 [840 841 842 843 844 845 846 847 848 849 850 851 852 853 854]] [57 [855 856 857 858 859 860 861 862 863 864 865 866 867 868 869]] [58 [870 871 872 873 874 875 876 877 878 879 880 881 882 883 884]] [59 [885 886 887 888 889 890 891 892 893 894 895 896 897 898 899]] [60 [900 901 902 903 904 905 906 907 908 909 910 911 912 913 914]] [61 [915 916 917 918 919 920 921 922 923 924 925 926 927 928 929]] [62 [930 931 932 933 934 935 936 937 938 939 940 941 942 943 944]] [63 [945 946 947 948 949 950 951 952 953 954 955 956 957 958 959]] [64 [960 961 962 963 964 965 966 967 968 969 970 971 972 973 974]] [65 [975 976 977 978 979 980 981 982 983 984 985 986 987 988 989]] [66 [990 991 992 993 994 995 996 997 998 999 1000 1001 1002 1003 1004]] [67 [1005 1006 1007 1008 1009 1010 1011 1012 1013 1014 1015 1016 1017 1018 1019]] [68 [1020 1021 1022 1023 1024 1025 1026 1027 1028 1029 1030 1031 1032 1033 1034]] [69 [1035 1036 1037 1038 1039 1040 1041 1042 1043 1044 1045 1046 1047 1048 1049]] [70 [1050 1051 1052 1053 1054 1055 1056 1057 1058 1059 1060 1061 1062 1063 1064]] [71 [1065 1066 1067 1068 1069 1070 1071 1072 1073 1074 1075 1076 1077 1078 1079]] [72 [1080 1081 1082 1083 1084 1085 1086 1087 1088 1089 1090 1091 1092 1093 1094]] [73 [1095 1096 1097 1098 1099 1100 1101 1102 1103 1104 1105 1106 1107 1108 1109]] [74 [1110 1111 1112 1113 1114 1115 1116 1117 1118 1119 1120 1121 1122 1123 1124]] [75 [1125 1126 1127 1128 1129 1130 1131 1132 1133 1134 1135 1136 1137 1138 1139]] [76 [1140 1141 1142 1143 1144 1145 1146 1147 1148 1149 1150 1151 1152 1153 1154]] [77 [1155 1156 1157 1158 1159 1160 1161 1162 1163 1164 1165 1166 1167 1168 1169]] [78 [1170 1171 1172 1173 1174 1175 1176 1177 1178 1179 1180 1181 1182 1183 1184]] [79 [1185 1186 1187 1188 1189 1190 1191 1192 1193 1194 1195 1196 1197 1198 1199]] [80 [1200 1201 1202 1203 1204 1205 1206 1207 1208 1209 1210 1211 1212 1213 1214]] [81 [1215 1216 1217 1218 1219 1220 1221 1222 1223 1224 1225 1226 1227 1228 1229]] [82 [1230 1231 1232 1233 1234 1235 1236 1237 1238 1239 1240 1241 1242 1243 1244]] [83 [1245 1246 1247 1248 1249 1250 1251 1252 1253 1254 1255 1256 1257 1258 1259]] [84 [1260 1261 1262 1263 1264 1265 1266 1267 1268 1269 1270 1271 1272 1273 1274]] [85 [1275 1276 1277 1278 1279 1280 1281 1282 1283 1284 1285 1286 1287 1288 1289]] [86 [1290 1291 1292 1293 1294 1295 1296 1297 1298 1299 1300 1301 1302 1303 1304]] [87 [1305 1306 1307 1308 1309 1310 1311 1312 1313 1314 1315 1316 1317 1318 1319]] [88 [1320 1321 1322 1323 1324 1325 1326 1327 1328 1329 1330 1331 1332 1333 1334]] [89 [1335 1336 1337 1338 1339 1340 1341 1342 1343 1344 1345 1346 1347 1348 1349]] [90 [1350 1351 1352 1353 1354 1355 1356 1357 1358 1359 1360 1361 1362 1363 1364]] [91 [1365 1366 1367 1368 1369 1370 1371 1372 1373 1374 1375 1376 1377 1378 1379]] [92 [1380 1381 1382 1383 1384 1385 1386 1387 1388 1389 1390 1391 1392 1393 1394]] [93 [1395 1396 1397 1398 1399 1400 1401 1402 1403 1404 1405 1406 1407 1408 1409]] [94 [1410 1411 1412 1413 1414 1415 1416 1417 1418 1419 1420 1421 1422 1423 1424]] [95 [1425 1426 1427 1428 1429 1430 1431 1432 1433 1434 1435 1436 1437 1438 1439]] [96 [1440 1441 1442 1443 1444 1445 1446 1447 1448 1449 1450 1451 1452 1453 1454]] [97 [1455 1456 1457 1458 1459 1460 1461 1462 1463 1464 1465 1466 1467 1468 1469]] [98 [1470 1471 1472 1473 1474 1475 1476 1477 1478 1479 1480 1481 1482 1483 1484]] [99 [1485 1486 1487 1488 1489 1490 1491 1492 1493 1494 1495 1496 1497 1498 1499]]]","[[0 [0 1 2 3 4 5 6 7 8 9 10 11 12 13 14]] [1 [15 16 17 18 19 20 21 22 23 24 25 26 27 28 29]] [2 [30 31 32 33 34 35 36 37 38 39 40 41 42 43 44]] [3 [45 46 47 48 49 50 51 52 53 54 55 56 57 58 59]] [4 [60 61 62 63 64 65 66 67 68 69 70 71 72 73 74]] [5 [75 76 77 78 79 80 81 82 83 84 85 86 87 88 89]] [6 [90 91 92 93 94 95 96 97 98 99 100 101 102 103 104]] [7 [105 106 107 108 109 110 111 112 113 114 115 116 117 118 119]] [8 [120 121 122 123 124 125 126 127 128 129 130 131 132 133 134]] [9 [135 136 137 138 139 140 141 142 143 144 145 146 147 148 149]] [10 [150 151 152 153 154 155 156 157 158 159 160 161 162 163 164]] [11 [165 166 167 168 169 170 171 172 173 174 175 176 177 178 179]] [12 [180 181 182 183 184 185 186 187 188 189 190 191 192 193 194]] [13 [195 196 197 198 199 200 201 202 203 204 205 206 207 208 209]] [14 [210 211 212 213 214 215 216 217 218 219 220 221 222 223 224]] [15 [225 226 227 228 229 230 231 232 233 234 235 236 237 238 239]] [16 [240 241 242 243 244 245 246 247 248 249 250 251 252 253 254]] [17 [255 256 257 258 259 260 261 262 263 264 265 266 267 268 269]] [18 [270 271 272 273 274 275 276 277 278 279 280 281 282 283 284]] [19 [285 286 287 288 289 290 291 292 293 294 295 296 297 298 299]] [20 [300 301 302 303 304 305 306 307 308 309 310 311 312 313 314]] [21 [315 316 317 318 319 320 321 322 323 324 325 326 327 328 329]] [22 [330 331 332 333 334 335 336 337 338 339 340 341 342 343 344]] [23 [345 346 347 348 349 350 351 352 353 354 355 356 357 358 359]] [24 [360 361 362 363 364 365 366 367 368 369 370 371 372 373 374]] [25 [375 376 377 378 379 380 381 382 383 384 385 386 387 388 389]] [26 [390 391 392 393 394 395 396 397 398 399 400 401 402 403 404]] [27 [405 406 407 408 409 410 411 412 413 414 415 416 417 418 419]] [28 [420 421 422 423 424 425 426 427 428 429 430 431 432 433 434]] [29 [435 436 437 438 439 440 441 442 443 444 445 446 447 448 449]] [30 [450 451 452 453 454 455 456 457 458 459 460 461 462 463 464]] [31 [465 466 467 468 469 470 471 472 473 474 475 476 477 478 479]] [32 [480 481 482 483 484 485 486 487 488 489 490 491 492 493 494]] [33 [495 496 497 498 499 500 501 502 503 504 505 506 507 508 509]] [34 [510 511 512 513 514 515 516 517 518 519 520 521 522 523 524]] [35 [525 526 527 528 529 530 531 532 533 534 535 536 537 538 539]] [36 [540 541 542 543 544 545 546 547 548 549 550 551 552 553 554]] [37 [555 556 557 558 559 560 561 562 563 564 565 566 567 568 569]] [38 [570 571 572 573 574 575 576 577 578 579 580 581 582 583 584]] [39 [585 586 587 588 589 590 591 592 593 594 595 596 597 598 599]] [40 [600 601 602 603 604 605 606 607 608 609 610 611 612 613 614]] [41 [615 616 617 618 619 620 621 622 623 624 625 626 627 628 629]] [42 [630 631 632 633 634 635 636 637 638 639 640 641 642 643 644]] [43 [645 646 647 648 649 650 651 652 653 654 655 656 657 658 659]] [44 [660 661 662 663 664 665 666 667 668 669 670 671 672 673 674]] [45 [675 676 677 678 679 680 681 682 683 684 685 686 687 688 689]] [46 [690 691 692 693 694 695 696 697 698 699 700 701 702 703 704]] [47 [705 706 707 708 709 710 711 712 713 714 715 716 717 718 719]] [48 [720 721 722 723 724 725 726 727 728 729 730 731 732 733 734]] [49 [735 736 737 738 739 740 741 742 743 744 745 746 747 748 749]] [50 [750 751 752 753 754 755 756 757 758 759 760 761 762 763 764]] [51 [765 766 767 768 769 770 771 772 773 774 775 776 777 778 779]] [52 [780 781 782 783 784 785 786 787 788 789 790 791 792 793 794]] [53 [795 796 797 798 799 800 801 802 803 804 805 806 807 808 809]] [54 [810 811 812 813 814 815 816 817 818 819 820 821 822 823 824]] [55 [825 826 827 828 829 830 831 832 833 834 835 836 837 838 839]] [56 [840 841 842 843 844 845 846 847 848 849 850 851 852 853 854]] [57 [855 856 857 858 859 860 861 862 863 864 865 866 867 868 869]] [58 [870 871 872 873 874 875 876 877 878 879 880 881 882 883 884]] [59 [885 886 887 888 889 890 891 892 893 894 895 896 897 898 899]] [60 [900 901 902 903 904 905 906 907 908 909 910 911 912 913 914]] [61 [915 916 917 918 919 920 921 922 923 924 925 926 927 928 929]] [62 [930 931 932 933 934 935 936 937 938 939 940 941 942 943 944]] [63 [945 946 947 948 949 950 951 952 953 954 955 956 957 958 959]] [64 [960 961 962 963 964 965 966 967 968 969 970 971 972 973 974]] [65 [975 976 977 978 979 980 981 982 983 984 985 986 987 988 989]] [66 [990 991 992 993 994 995 996 997 998 999 1000 1001 1002 1003 1004]] [67 [1005 1006 1007 1008 1009 1010 1011 1012 1013 1014 1015 1016 1017 1018 1019]] [68 [1020 1021 1022 1023 1024 1025 1026 1027 1028 1029 1030 1031 1032 1033 1034]] [69 [1035 1036 1037 1038 1039 1040 1041 1042 1043 1044 1045 1046 1047 1048 1049]] [70 [1050 1051 1052 1053 1054 1055 1056 1057 1058 1059 1060 1061 1062 1063 1064]] [71 [1065 1066 1067 1068 1069 1070 1071 1072 1073 1074 1075 1076 1077 1078 1079]] [72 [1080 1081 1082 1083 1084 1085 1086 1087 1088 1089 1090 1091 1092 1093 1094]] [73 [1095 1096 1097 1098 1099 1100 1101 1102 1103 1104 1105 1106 1107 1108 1109]] [74 [1110 1111 1112 1113 1114 1115 1116 1117 1118 1119 1120 1121 1122 1123 1124]] [75 [1125 1126 1127 1128 1129 1130 1131 1132 1133 1134 1135 1136 1137 1138 1139]] [76 [1140 1141 1142 1143 1144 1145 1146 1147 1148 1149 1150 1151 1152 1153 1154]] [77 [1155 1156 1157 1158 1159 1160 1161 1162 1163 1164 1165 1166 1167 1168 1169]] [78 [1170 1171 1172 1173 1174 1175 1176 1177 1178 1179 1180 1181 1182 1183 1184]] [79 [1185 1186 1187 1188 1189 1190 1191 1192 1193 1194 1195 1196 1197 1198 1199]] [80 [1200 1201 1202 1203 1204 1205 1206 1207 1208 1209 1210 1211 1212 1213 1214]] [81 [1215 1216 1217 1218 1219 1220 1221 1222 1223 1224 1225 1226 1227 1228 1229]] [82 [1230 1231 1232 1233 1234 1235 1236 1237 1238 1239 1240 1241 1242 1243 1244]] [83 [1245 1246 1247 1248 1249 1250 1251 1252 1253 1254 1255 1256 1257 1258 1259]] [84 [1260 1261 1262 1263 1264 1265 1266 1267 1268 1269 1270 1271 1272 1273 1274]] [85 [1275 1276 1277 1278 1279 1280 1281 1282 1283 1284 1285 1286 1287 1288 1289]] [86 [1290 1291 1292 1293 1294 1295 1296 1297 1298 1299 1300 1301 1302 1303 1304]] [87 [1305 1306 1307 1308 1309 1310 1311 1312 1313 1314 1315 1316 1317 1318 1319]] [88 [1320 1321 1322 1323 1324 1325 1326 1327 1328 1329 1330 1331 1332 1333 1334]] [89 [1335 1336 1337 1338 1339 1340 1341 1342 1343 1344 1345 1346 1347 1348 1349]] [90 [1350 1351 1352 1353 1354 1355 1356 1357 1358 1359 1360 1361 1362 1363 1364]] [91 [1365 1366 1367 1368 1369 1370 1371 1372 1373 1374 1375 1376 1377 1378 1379]] [92 [1380 1381 1382 1383 1384 1385 1386 1387 1388 1389 1390 1391 1392 1393 1394]] [93 [1395 1396 1397 1398 1399 1400 1401 1402 1403 1404 1405 1406 1407 1408 1409]] [94 [1410 1411 1412 1413 1414 1415 1416 1417 1418 1419 1420 1421 1422 1423 1424]] [95 [1425 1426 1427 1428 1429 1430 1431 1432 1433 1434 1435 1436 1437 1438 1439]] [96 [1440 1441 1442 1443 1444 1445 1446 1447 1448 1449 1450 1451 1452 1453 1454]] [97 [1455 1456 1457 1458 1459 1460 1461 1462 1463 1464 1465 1466 1467 1468 1469]] [98 [1470 1471 1472 1473 1474 1475 1476 1477 1478 1479 1480 1481 1482 1483 1484]] [99 [1485 1486 1487 1488 1489 1490 1491 1492 1493 1494 1495 1496 1497 1498 1499]]]",,"[[{media 50} [[""A"" [4 4 4 4 4 4 4 4 4 4]]]] [{media 51} [[""A"" [4 4 4 4 4 4 4 4 4 4]]]] [{media 52} [[""A"" [4 4 4 4 4 4 4 4 4 4]]]] [{media 53} [[""A"" [4 4 4 4 4 4 4 4 4 4]]]] [{media 54} [[""A"" [4 4 4 4 4 4 4 4 4 4]]]] [{media 55} [[""A"" [4 4 4 4 4 4 4 4 4 4]]]] [{media 56} [[""A"" [4 4 4 4 4 4 4 4 4 4]]]] [{media 57} [[""A"" [4 4 4 4 4 4 4 4 4 4]]]] [{media 58} [[""A"" [4 4 4 4 4 4 4 4 4 4]]]] [{media 62} [[""A"" [4 4 4 4 4 4 4 4 4 4]]]] [{citizen 23} [[""A"" [4 4 4 4 4 4 4 4 4 4]]]] [{citizen 24} [[""A"" [4 4 4 4 4 4 4 4 4 4]]]] [{citizen 1} [[""A"" [4 4 4 4 4 4 4 4 4 4]]]] [{citizen 5} [[""A"" [4 4 4 4 4 4 4 4 4 4]]]] [{citizen 12} [[""A"" [4 4 4 4 4 4 4 4 4 4]]]] [{citizen 17} [[""A"" [4 4 4 4 4 4 4 4 4 4]]]] [{citizen 2} [[""A"" [4 4 4 4 4 4 4 4 4 4]]]] [{media 63} [[""A"" [4 4 4 4 4 4 4 4 4 4]]]] [{citizen 11} [[""A"" [4 4 4 4 4 4 4 4 4 4]]]] [{citizen 6} [[""A"" [4 4 4 4 4 4 4 4 4 4]]]] [{citizen 9} [[""A"" [4 4 4 4 4 4 4 4 4 4]]]] [{media 59} [[""A"" [4 4 4 4 4 4 4 4 4 4]]]] [{citizen 7} [[""A"" [4 4 4 4 4 4 4 4 4 4]]]] [{citizen 8} [[""A"" [4 4 4 4 4 4 4 4 4 4]]]] [{media 60} [[""A"" [4 4 4 4 4 4 4 4 4 4]]]] [{citizen 4} [[""A"" [4 4 4 4 4 4 4 4 4 4]]]] [{citizen 10} [[""A"" [4 4 4 4 4 4 4 4 4 4]]]] [{media 64} [[""A"" [4 4 4 4 4 4 4 4 4 4]]]] [{media 61} [[""A"" [4 4 4 4 4 4 4 4 4 4]]]] [{citizen 13} [[""A"" [4 4 4 4 4 4 4 4 4 4]]]] [{citizen 49} [[""A"" [4 4 4 4 4 4 4 4 4 4]]]] [{citizen 46} [[""A"" [4 4 4 4 4 4 4 4 4 4]]]] [{citizen 27} [[""A"" [4 4 4 4 4 4 4 4 4 4]]]] [{citizen 45} [[""A"" [4 4 4 4 4 4 4 4 4 4]]]] [{citizen 0} [[""A"" [4 4 4 4 4 4 4 4 4 4]]]] [{citizen 40} [[""A"" [4 4 4 4 4 4 4 4 4 4]]]] [{citizen 16} [[""A"" [4 4 4 4 4 4 4 4 4 4]]]] [{citizen 35} [[""A"" [4 4 4 4 4 4 4 4 4 4]]]] [{citizen 44} [[""A"" [4 4 4 4 4 4 4 4 4 4]]]] [{citizen 32} [[""A"" [4 4 4 4 4 4 4 4 4 4]]]] [{citizen 39} [[""A"" [4 4 4 4 4 4 4 4 4 4]]]] [{citizen 20} [[""A"" [4 4 4 4 4 4 4 4 4 4]]]] [{citizen 31} [[""A"" [4 4 4 4 4 4 4 4 4 4]]]] [{citizen 14} [[""A"" [4 4 4 4 4 4 4 4 4 4]]]] [{citizen 36} [[""A"" [4 4 4 4 4 4 4 4 4 4]]]] [{citizen 28} [[""A"" [4 4 4 4 4 4 4 4 4 4]]]] [{citizen 29} [[""A"" [4 4 4 4 4 4 4 4 4 4]]]] [{citizen 26} [[""A"" [4 4 4 4 4 4 4 4 4 4]]]] [{citizen 15} [[""A"" [4 4 4 4 4 4 4 4 4 4]]]] [{citizen 41} [[""A"" [4 4 4 4 4 4 4 4 4 4]]]] [{citizen 38} [[""A"" [4 4 4 4 4 4 4 4 4 4]]]] [{citizen 43} [[""A"" [4 4 4 4 4 4 4 4 4 4]]]] [{citizen 21} [[""A"" [4 4 4 4 4 4 4 4 4 4]]]] [{citizen 19} [[""A"" [4 4 4 4 4 4 4 4 4 4]]]] [{citizen 30} [[""A"" [4 4 4 4 4 4 4 4 4 4]]]] [{citizen 22} [[""A"" [4 4 4 4 4 4 4 4 4 4]]]] [{citizen 48} [[""A"" [4 4 4 4 4 4 4 4 4 4]]]] [{citizen 37} [[""A"" [4 4 4 4 4 4 4 4 4 4]]]] [{citizen 34} [[""A"" [4 4 4 4 4 4 4 4 4 4]]]] [{citizen 47} [[""A"" [4 4 4 4 4 4 4 4 4 4]]]] [{citizen 3} [[""A"" [4 4 4 4 4 4 4 4 4 4]]]]]"
"43","[85 0 170]","142.97872340425533","6.375230116317366","-8.245474243024926","""circle""","""""","9.9","{breed citizens}","false","0.5","1","""up""",,"[[""ID"" 18] [""alpha"" 1] [""beta"" 1] [""malleable"" [""A""]] [""prior"" []] [""cont_tokens"" []] [""A"" 4]]","[[0 [0 1 2 3 4 5 6 7 8 9 10 11 12 13 14]] [1 [15 16 17 18 19 20 21 22 23 24 25 26 27 28 29]] [2 [30 31 32 33 34 35 36 37 38 39 40 41 42 43 44]] [3 [45 46 47 48 49 50 51 52 53 54 55 56 57 58 59]] [4 [60 61 62 63 64 65 66 67 68 69 70 71 72 73 74]] [5 [75 76 77 78 79 80 81 82 83 84 85 86 87 88 89]] [6 [90 91 92 93 94 95 96 97 98 99 100 101 102 103 104]] [7 [105 106 107 108 109 110 111 112 113 114 115 116 117 118 119]] [8 [120 121 122 123 124 125 126 127 128 129 130 131 132 133 134]] [9 [135 136 137 138 139 140 141 142 143 144 145 146 147 148 149]] [10 [150 151 152 153 154 155 156 157 158 159 160 161 162 163 164]] [11 [165 166 167 168 169 170 171 172 173 174 175 176 177 178 179]] [12 [180 181 182 183 184 185 186 187 188 189 190 191 192 193 194]] [13 [195 196 197 198 199 200 201 202 203 204 205 206 207 208 209]] [14 [210 211 212 213 214 215 216 217 218 219 220 221 222 223 224]] [15 [225 226 227 228 229 230 231 232 233 234 235 236 237 238 239]] [16 [240 241 242 243 244 245 246 247 248 249 250 251 252 253 254]] [17 [255 256 257 258 259 260 261 262 263 264 265 266 267 268 269]] [18 [270 271 272 273 274 275 276 277 278 279 280 281 282 283 284]] [19 [285 286 287 288 289 290 291 292 293 294 295 296 297 298 299]] [20 [300 301 302 303 304 305 306 307 308 309 310 311 312 313 314]] [21 [315 316 317 318 319 320 321 322 323 324 325 326 327 328 329]] [22 [330 331 332 333 334 335 336 337 338 339 340 341 342 343 344]] [23 [345 346 347 348 349 350 351 352 353 354 355 356 357 358 359]] [24 [360 361 362 363 364 365 366 367 368 369 370 371 372 373 374]] [25 [375 376 377 378 379 380 381 382 383 384 385 386 387 388 389]] [26 [390 391 392 393 394 395 396 397 398 399 400 401 402 403 404]] [27 [405 406 407 408 409 410 411 412 413 414 415 416 417 418 419]] [28 [420 421 422 423 424 425 426 427 428 429 430 431 432 433 434]] [29 [435 436 437 438 439 440 441 442 443 444 445 446 447 448 449]] [30 [450 451 452 453 454 455 456 457 458 459 460 461 462 463 464]] [31 [465 466 467 468 469 470 471 472 473 474 475 476 477 478 479]] [32 [480 481 482 483 484 485 486 487 488 489 490 491 492 493 494]] [33 [495 496 497 498 499 500 501 502 503 504 505 506 507 508 509]] [34 [510 511 512 513 514 515 516 517 518 519 520 521 522 523 524]] [35 [525 526 527 528 529 530 531 532 533 534 535 536 537 538 539]] [36 [540 541 542 543 544 545 546 547 548 549 550 551 552 553 554]] [37 [555 556 557 558 559 560 561 562 563 564 565 566 567 568 569]] [38 [570 571 572 573 574 575 576 577 578 579 580 581 582 583 584]] [39 [585 586 587 588 589 590 591 592 593 594 595 596 597 598 599]] [40 [600 601 602 603 604 605 606 607 608 609 610 611 612 613 614]] [41 [615 616 617 618 619 620 621 622 623 624 625 626 627 628 629]] [42 [630 631 632 633 634 635 636 637 638 639 640 641 642 643 644]] [43 [645 646 647 648 649 650 651 652 653 654 655 656 657 658 659]] [44 [660 661 662 663 664 665 666 667 668 669 670 671 672 673 674]] [45 [675 676 677 678 679 680 681 682 683 684 685 686 687 688 689]] [46 [690 691 692 693 694 695 696 697 698 699 700 701 702 703 704]] [47 [705 706 707 708 709 710 711 712 713 714 715 716 717 718 719]] [48 [720 721 722 723 724 725 726 727 728 729 730 731 732 733 734]] [49 [735 736 737 738 739 740 741 742 743 744 745 746 747 748 749]] [50 [750 751 752 753 754 755 756 757 758 759 760 761 762 763 764]] [51 [765 766 767 768 769 770 771 772 773 774 775 776 777 778 779]] [52 [780 781 782 783 784 785 786 787 788 789 790 791 792 793 794]] [53 [795 796 797 798 799 800 801 802 803 804 805 806 807 808 809]] [54 [810 811 812 813 814 815 816 817 818 819 820 821 822 823 824]] [55 [825 826 827 828 829 830 831 832 833 834 835 836 837 838 839]] [56 [840 841 842 843 844 845 846 847 848 849 850 851 852 853 854]] [57 [855 856 857 858 859 860 861 862 863 864 865 866 867 868 869]] [58 [870 871 872 873 874 875 876 877 878 879 880 881 882 883 884]] [59 [885 886 887 888 889 890 891 892 893 894 895 896 897 898 899]] [60 [900 901 902 903 904 905 906 907 908 909 910 911 912 913 914]] [61 [915 916 917 918 919 920 921 922 923 924 925 926 927 928 929]] [62 [930 931 932 933 934 935 936 937 938 939 940 941 942 943 944]] [63 [945 946 947 948 949 950 951 952 953 954 955 956 957 958 959]] [64 [960 961 962 963 964 965 966 967 968 969 970 971 972 973 974]] [65 [975 976 977 978 979 980 981 982 983 984 985 986 987 988 989]] [66 [990 991 992 993 994 995 996 997 998 999 1000 1001 1002 1003 1004]] [67 [1005 1006 1007 1008 1009 1010 1011 1012 1013 1014 1015 1016 1017 1018 1019]] [68 [1020 1021 1022 1023 1024 1025 1026 1027 1028 1029 1030 1031 1032 1033 1034]] [69 [1035 1036 1037 1038 1039 1040 1041 1042 1043 1044 1045 1046 1047 1048 1049]] [70 [1050 1051 1052 1053 1054 1055 1056 1057 1058 1059 1060 1061 1062 1063 1064]] [71 [1065 1066 1067 1068 1069 1070 1071 1072 1073 1074 1075 1076 1077 1078 1079]] [72 [1080 1081 1082 1083 1084 1085 1086 1087 1088 1089 1090 1091 1092 1093 1094]] [73 [1095 1096 1097 1098 1099 1100 1101 1102 1103 1104 1105 1106 1107 1108 1109]] [74 [1110 1111 1112 1113 1114 1115 1116 1117 1118 1119 1120 1121 1122 1123 1124]] [75 [1125 1126 1127 1128 1129 1130 1131 1132 1133 1134 1135 1136 1137 1138 1139]] [76 [1140 1141 1142 1143 1144 1145 1146 1147 1148 1149 1150 1151 1152 1153 1154]] [77 [1155 1156 1157 1158 1159 1160 1161 1162 1163 1164 1165 1166 1167 1168 1169]] [78 [1170 1171 1172 1173 1174 1175 1176 1177 1178 1179 1180 1181 1182 1183 1184]] [79 [1185 1186 1187 1188 1189 1190 1191 1192 1193 1194 1195 1196 1197 1198 1199]] [80 [1200 1201 1202 1203 1204 1205 1206 1207 1208 1209 1210 1211 1212 1213 1214]] [81 [1215 1216 1217 1218 1219 1220 1221 1222 1223 1224 1225 1226 1227 1228 1229]] [82 [1230 1231 1232 1233 1234 1235 1236 1237 1238 1239 1240 1241 1242 1243 1244]] [83 [1245 1246 1247 1248 1249 1250 1251 1252 1253 1254 1255 1256 1257 1258 1259]] [84 [1260 1261 1262 1263 1264 1265 1266 1267 1268 1269 1270 1271 1272 1273 1274]] [85 [1275 1276 1277 1278 1279 1280 1281 1282 1283 1284 1285 1286 1287 1288 1289]] [86 [1290 1291 1292 1293 1294 1295 1296 1297 1298 1299 1300 1301 1302 1303 1304]] [87 [1305 1306 1307 1308 1309 1310 1311 1312 1313 1314 1315 1316 1317 1318 1319]] [88 [1320 1321 1322 1323 1324 1325 1326 1327 1328 1329 1330 1331 1332 1333 1334]] [89 [1335 1336 1337 1338 1339 1340 1341 1342 1343 1344 1345 1346 1347 1348 1349]] [90 [1350 1351 1352 1353 1354 1355 1356 1357 1358 1359 1360 1361 1362 1363 1364]] [91 [1365 1366 1367 1368 1369 1370 1371 1372 1373 1374 1375 1376 1377 1378 1379]] [92 [1380 1381 1382 1383 1384 1385 1386 1387 1388 1389 1390 1391 1392 1393 1394]] [93 [1395 1396 1397 1398 1399 1400 1401 1402 1403 1404 1405 1406 1407 1408 1409]] [94 [1410 1411 1412 1413 1414 1415 1416 1417 1418 1419 1420 1421 1422 1423 1424]] [95 [1425 1426 1427 1428 1429 1430 1431 1432 1433 1434 1435 1436 1437 1438 1439]] [96 [1440 1441 1442 1443 1444 1445 1446 1447 1448 1449 1450 1451 1452 1453 1454]] [97 [1455 1456 1457 1458 1459 1460 1461 1462 1463 1464 1465 1466 1467 1468 1469]] [98 [1470 1471 1472 1473 1474 1475 1476 1477 1478 1479 1480 1481 1482 1483 1484]] [99 [1485 1486 1487 1488 1489 1490 1491 1492 1493 1494 1495 1496 1497 1498 1499]]]","[[0 [0 1 2 3 4 5 6 7 8 9 10 11 12 13 14]] [1 [15 16 17 18 19 20 21 22 23 24 25 26 27 28 29]] [2 [30 31 32 33 34 35 36 37 38 39 40 41 42 43 44]] [3 [45 46 47 48 49 50 51 52 53 54 55 56 57 58 59]] [4 [60 61 62 63 64 65 66 67 68 69 70 71 72 73 74]] [5 [75 76 77 78 79 80 81 82 83 84 85 86 87 88 89]] [6 [90 91 92 93 94 95 96 97 98 99 100 101 102 103 104]] [7 [105 106 107 108 109 110 111 112 113 114 115 116 117 118 119]] [8 [120 121 122 123 124 125 126 127 128 129 130 131 132 133 134]] [9 [135 136 137 138 139 140 141 142 143 144 145 146 147 148 149]] [10 [150 151 152 153 154 155 156 157 158 159 160 161 162 163 164]] [11 [165 166 167 168 169 170 171 172 173 174 175 176 177 178 179]] [12 [180 181 182 183 184 185 186 187 188 189 190 191 192 193 194]] [13 [195 196 197 198 199 200 201 202 203 204 205 206 207 208 209]] [14 [210 211 212 213 214 215 216 217 218 219 220 221 222 223 224]] [15 [225 226 227 228 229 230 231 232 233 234 235 236 237 238 239]] [16 [240 241 242 243 244 245 246 247 248 249 250 251 252 253 254]] [17 [255 256 257 258 259 260 261 262 263 264 265 266 267 268 269]] [18 [270 271 272 273 274 275 276 277 278 279 280 281 282 283 284]] [19 [285 286 287 288 289 290 291 292 293 294 295 296 297 298 299]] [20 [300 301 302 303 304 305 306 307 308 309 310 311 312 313 314]] [21 [315 316 317 318 319 320 321 322 323 324 325 326 327 328 329]] [22 [330 331 332 333 334 335 336 337 338 339 340 341 342 343 344]] [23 [345 346 347 348 349 350 351 352 353 354 355 356 357 358 359]] [24 [360 361 362 363 364 365 366 367 368 369 370 371 372 373 374]] [25 [375 376 377 378 379 380 381 382 383 384 385 386 387 388 389]] [26 [390 391 392 393 394 395 396 397 398 399 400 401 402 403 404]] [27 [405 406 407 408 409 410 411 412 413 414 415 416 417 418 419]] [28 [420 421 422 423 424 425 426 427 428 429 430 431 432 433 434]] [29 [435 436 437 438 439 440 441 442 443 444 445 446 447 448 449]] [30 [450 451 452 453 454 455 456 457 458 459 460 461 462 463 464]] [31 [465 466 467 468 469 470 471 472 473 474 475 476 477 478 479]] [32 [480 481 482 483 484 485 486 487 488 489 490 491 492 493 494]] [33 [495 496 497 498 499 500 501 502 503 504 505 506 507 508 509]] [34 [510 511 512 513 514 515 516 517 518 519 520 521 522 523 524]] [35 [525 526 527 528 529 530 531 532 533 534 535 536 537 538 539]] [36 [540 541 542 543 544 545 546 547 548 549 550 551 552 553 554]] [37 [555 556 557 558 559 560 561 562 563 564 565 566 567 568 569]] [38 [570 571 573 574 575 576 577 578 579 580 581 582 583 584]] [39 [585 586 587 588 589 590 591 592 593 594 595 596 597 598 599]] [40 [600 601 602 603 604 605 606 607 608 609 610 611 612 613 614]] [41 [615 616 617 618 619 620 621 622 623 624 625 626 627 628 629]] [42 [630 631 632 633 634 635 636 637 638 639 640 641 642 643 644]] [43 [645 646 647 648 649 650 651 652 653 654 655 656 657 658 659]] [44 [660 661 662 663 664 665 666 667 668 669 670 671 672 673 674]] [45 [675 676 677 678 679 680 681 682 683 684 685 686 687 688 689]] [46 [690 691 692 693 694 695 696 697 698 699 700 701 702 703 704]] [47 [705 706 707 708 709 710 711 712 713 714 715 716 717 718 719]] [48 [720 721 722 723 724 725 726 727 728 729 730 731 732 733 734]] [49 [735 736 737 738 739 740 741 742 743 744 745 746 747 748 749]] [50 [750 751 752 753 754 755 756 757 758 759 760 761 762 763 764]] [51 [765 766 767 768 769 770 771 772 773 774 775 776 777 778 779]] [52 [780 781 782 783 784 785 786 787 788 789 790 791 792 793 794]] [53 [795 796 797 798 799 800 801 802 803 804 805 806 807 808 809]] [54 [810 811 812 813 814 815 816 817 818 819 820 821 822 823 824]] [55 [825 826 827 828 829 830 831 832 833 834 835 836 837 838 839]] [56 [840 841 842 843 844 845 846 847 848 849 850 851 852 853 854]] [57 [855 856 857 858 859 860 861 862 863 864 865 866 867 868 869]] [58 [870 871 872 873 874 875 876 877 878 879 880 881 882 883 884]] [59 [885 886 887 888 889 890 891 892 893 894 895 896 897 898 899]] [60 [900 901 902 903 904 905 906 907 908 909 910 911 912 913 914]] [61 [915 916 917 918 919 920 921 922 923 924 925 926 927 928 929]] [62 [930 931 932 933 934 935 936 937 938 939 940 941 942 943 944]] [63 [945 946 947 948 949 950 951 952 953 954 955 956 957 958 959]] [64 [960 961 962 963 964 965 966 967 968 969 970 971 972 973 974]] [65 [975 976 977 978 979 980 981 982 983 984 985 986 987 988 989]] [66 [990 991 992 993 994 995 996 997 998 999 1000 1001 1002 1003 1004]] [67 [1005 1006 1007 1008 1009 1010 1011 1012 1013 1014 1015 1016 1017 1018 1019]] [68 [1020 1021 1022 1023 1024 1025 1026 1027 1028 1029 1030 1031 1032 1033 1034]] [69 [1035 1036 1037 1038 1039 1040 1041 1042 1043 1044 1045 1046 1047 1048 1049]] [70 [1050 1051 1052 1053 1054 1055 1056 1057 1058 1059 1060 1061 1062 1063 1064]] [71 [1065 1066 1067 1068 1069 1070 1071 1072 1073 1074 1075 1076 1077 1078 1079]] [72 [1080 1081 1082 1083 1084 1085 1086 1087 1088 1089 1090 1091 1092 1093 1094]] [73 [1095 1096 1097 1098 1099 1100 1101 1102 1103 1104 1105 1106 1107 1108 1109]] [74 [1110 1111 1112 1113 1114 1115 1116 1117 1118 1119 1120 1121 1122 1123 1124]] [75 [1125 1126 1127 1128 1129 1130 1131 1132 1133 1134 1135 1136 1137 1138 1139]] [76 [1140 1141 1142 1143 1144 1145 1146 1147 1148 1149 1150 1151 1152 1153 1154]] [77 [1155 1156 1157 1158 1159 1160 1161 1162 1163 1164 1165 1166 1167 1168 1169]] [78 [1170 1171 1172 1173 1174 1175 1176 1177 1178 1179 1180 1181 1182 1183 1184]] [79 [1185 1186 1187 1188 1189 1190 1191 1192 1193 1194 1195 1196 1197 1198 1199]] [80 [1200 1201 1202 1203 1204 1205 1206 1207 1208 1209 1210 1211 1212 1213 1214]] [81 [1215 1216 1217 1218 1219 1220 1221 1222 1223 1224 1225 1226 1227 1228 1229]] [82 [1230 1231 1232 1233 1234 1235 1236 1237 1238 1239 1240 1241 1242 1243 1244]] [83 [1245 1246 1247 1248 1249 1250 1251 1252 1253 1254 1255 1256 1257 1258 1259]] [84 [1260 1261 1262 1263 1264 1265 1266 1267 1268 1269 1270 1271 1272 1273 1274]] [85 [1275 1276 1277 1278 1279 1280 1281 1282 1283 1284 1285 1286 1287 1288 1289]] [86 [1290 1291 1292 1293 1294 1295 1296 1297 1298 1299 1300 1301 1302 1303 1304]] [87 [1305 1306 1307 1308 1309 1310 1311 1312 1313 1314 1315 1316 1317 1318 1319]] [88 [1320 1321 1322 1323 1324 1325 1326 1327 1328 1329 1330 1331 1332 1333 1334]] [89 [1335 1336 1337 1338 1339 1340 1341 1342 1343 1344 1345 1346 1347 1348 1349]] [90 [1350 1351 1352 1353 1354 1355 1356 1357 1358 1359 1360 1361 1362 1363 1364]] [91 [1365 1366 1367 1368 1369 1370 1371 1372 1373 1374 1375 1376 1377 1378 1379]] [92 [1380 1381 1382 1383 1384 1385 1386 1387 1388 1389 1390 1391 1392 1393 1394]] [93 [1395 1396 1397 1398 1399 1400 1401 1402 1403 1404 1405 1406 1407 1408 1409]] [94 [1410 1411 1412 1413 1414 1415 1416 1417 1418 1419 1420 1421 1422 1423 1424]] [95 [1425 1426 1427 1428 1429 1430 1431 1432 1433 1434 1435 1436 1437 1438 1439]] [96 [1440 1441 1442 1443 1444 1445 1446 1447 1448 1449 1450 1451 1452 1453 1454]] [97 [1455 1456 1457 1458 1459 1460 1461 1462 1463 1464 1465 1466 1467 1468 1469]] [98 [1470 1471 1472 1473 1474 1475 1476 1477 1478 1479 1480 1481 1482 1483 1484]] [99 [1485 1486 1487 1488 1489 1490 1491 1492 1493 1494 1495 1496 1497 1498 1499]]]",,"[[{media 50} [[""A"" [4 4 4 4 4 4 4 4 4 4]]]] [{media 51} [[""A"" [4 4 4 4 4 4 4 4 4 4]]]] [{media 52} [[""A"" [4 4 4 4 4 4 4 4 4 4]]]] [{media 53} [[""A"" [4 4 4 4 4 4 4 4 4 4]]]] [{media 54} [[""A"" [4 4 4 4 4 4 4 4 4 4]]]] [{media 55} [[""A"" [4 4 4 4 4 4 4 4 4 4]]]] [{media 56} [[""A"" [4 4 4 4 4 4 4 4 4 4]]]] [{media 57} [[""A"" [4 4 4 4 4 4 4 4 4 4]]]] [{media 58} [[""A"" [4 4 4 4 4 4 4 4 4 4]]]] [{media 62} [[""A"" [4 4 4 4 4 4 4 4 4 4]]]] [{citizen 1} [[""A"" [4 4 4 4 4 4 4 4 4 4]]]] [{citizen 5} [[""A"" [4 4 4 4 4 4 4 4 4 4]]]] [{citizen 12} [[""A"" [4 4 4 4 4 4 4 4 4 4]]]] [{citizen 17} [[""A"" [4 4 4 4 4 4 4 4 4 4]]]] [{citizen 2} [[""A"" [4 4 4 4 4 4 4 4 4 4]]]] [{citizen 9} [[""A"" [4 4 4 4 4 4 4 4 4 4]]]] [{citizen 14} [[""A"" [4 4 4 4 4 4 4 4 4 4]]]] [{media 63} [[""A"" [4 4 4 4 4 4 4 4 4 4]]]] [{citizen 11} [[""A"" [4 4 4 4 4 4 4 4 4 4]]]] [{citizen 6} [[""A"" [4 4 4 4 4 4 4 4 4 4]]]] [{media 59} [[""A"" [4 4 4 4 4 4 4 4 4 4]]]] [{citizen 8} [[""A"" [4 4 4 4 4 4 4 4 4 4]]]] [{citizen 7} [[""A"" [4 4 4 4 4 4 4 4 4 4]]]] [{media 60} [[""A"" [4 4 4 4 4 4 4 4 4 4]]]] [{citizen 4} [[""A"" [4 4 4 4 4 4 4 4 4 4]]]] [{citizen 10} [[""A"" [4 4 4 4 4 4 4 4 4 4]]]] [{media 64} [[""A"" [4 4 4 4 4 4 4 4 4 4]]]] [{media 61} [[""A"" [4 4 4 4 4 4 4 4 4 4]]]] [{citizen 49} [[""A"" [4 4 4 4 4 4 4 4 4 4]]]] [{citizen 46} [[""A"" [4 4 4 4 4 4 4 4 4 4]]]] [{citizen 27} [[""A"" [4 4 4 4 4 4 4 4 4 4]]]] [{citizen 45} [[""A"" [4 4 4 4 4 4 4 4 4 4]]]] [{citizen 0} [[""A"" [4 4 4 4 4 4 4 4 4 4]]]] [{citizen 40} [[""A"" [4 4 4 4 4 4 4 4 4 4]]]] [{citizen 16} [[""A"" [4 4 4 4 4 4 4 4 4 4]]]] [{citizen 35} [[""A"" [4 4 4 4 4 4 4 4 4 4]]]] [{citizen 23} [[""A"" [4 4 4 4 4 4 4 4 4 4]]]] [{citizen 24} [[""A"" [4 4 4 4 4 4 4 4 4 4]]]] [{citizen 44} [[""A"" [4 4 4 4 4 4 4 4 4 4]]]] [{citizen 32} [[""A"" [4 4 4 4 4 4 4 4 4 4]]]] [{citizen 39} [[""A"" [4 4 4 4 4 4 4 4 4 4]]]] [{citizen 20} [[""A"" [4 4 4 4 4 4 4 4 4 4]]]] [{citizen 31} [[""A"" [4 4 4 4 4 4 4 4 4 4]]]] [{citizen 36} [[""A"" [4 4 4 4 4 4 4 4 4 4]]]] [{citizen 28} [[""A"" [4 4 4 4 4 4 4 4 4 4]]]] [{citizen 29} [[""A"" [4 4 4 4 4 4 4 4 4 4]]]] [{citizen 26} [[""A"" [4 4 4 4 4 4 4 4 4 4]]]] [{citizen 15} [[""A"" [4 4 4 4 4 4 4 4 4 4]]]] [{citizen 41} [[""A"" [4 4 4 4 4 4 4 4 4 4]]]] [{citizen 38} [[""A"" [4 4 4 4 4 4 4 4 4 4]]]] [{citizen 21} [[""A"" [4 4 4 4 4 4 4 4 4 4]]]] [{citizen 19} [[""A"" [4 4 4 4 4 4 4 4 4 4]]]] [{citizen 42} [[""A"" [4 4 4 4 4 4 4 4 4 4]]]] [{citizen 37} [[""A"" [4 4 4 4 4 4 4 4 4 4]]]] [{citizen 30} [[""A"" [4 4 4 4 4 4 4 4 4 4]]]] [{citizen 13} [[""A"" [4 4 4 4 4 4 4 4 4 4]]]] [{citizen 22} [[""A"" [4 4 4 4 4 4 4 4 4 4]]]] [{citizen 48} [[""A"" [4 4 4 4 4 4 4 4 4 4]]]] [{citizen 34} [[""A"" [4 4 4 4 4 4 4 4 4 4]]]] [{citizen 47} [[""A"" [4 4 4 4 4 4 4 4 4 4]]]] [{citizen 3} [[""A"" [4 4 4 4 4 4 4 4 4 4]]]]]"
"44","[85 0 170]","275.7446808510639","-10.361735480199233","1.5030980068392217","""circle""","""""","9.9","{breed citizens}","false","0.5","1","""up""",,"[[""ID"" 15] [""alpha"" 1] [""beta"" 1] [""malleable"" [""A""]] [""prior"" []] [""cont_tokens"" []] [""A"" 4]]","[[0 [0 1 2 3 4 5 6 7 8 9 10 11 12 13 14]] [1 [15 16 17 18 19 20 21 22 23 24 25 26 27 28 29]] [2 [30 31 32 33 34 35 36 37 38 39 40 41 42 43 44]] [3 [45 46 47 48 49 50 51 52 53 54 55 56 57 58 59]] [4 [60 61 62 63 64 65 66 67 68 69 70 71 72 73 74]] [5 [75 76 77 78 79 80 81 82 83 84 85 86 87 88 89]] [6 [90 91 92 93 94 95 96 97 98 99 100 101 102 103 104]] [7 [105 106 107 108 109 110 111 112 113 114 115 116 117 118 119]] [8 [120 121 122 123 124 125 126 127 128 129 130 131 132 133 134]] [9 [135 136 137 138 139 140 141 142 143 144 145 146 147 148 149]] [10 [150 151 152 153 154 155 156 157 158 159 160 161 162 163 164]] [11 [165 166 167 168 169 170 171 172 173 174 175 176 177 178 179]] [12 [180 181 182 183 184 185 186 187 188 189 190 191 192 193 194]] [13 [195 196 197 198 199 200 201 202 203 204 205 206 207 208 209]] [14 [210 211 212 213 214 215 216 217 218 219 220 221 222 223 224]] [15 [225 226 227 228 229 230 231 232 233 234 235 236 237 238 239]] [16 [240 241 242 243 244 245 246 247 248 249 250 251 252 253 254]] [17 [255 256 257 258 259 260 261 262 263 264 265 266 267 268 269]] [18 [270 271 272 273 274 275 276 277 278 279 280 281 282 283 284]] [19 [285 286 287 288 289 290 291 292 293 294 295 296 297 298 299]] [20 [300 301 302 303 304 305 306 307 308 309 310 311 312 313 314]] [21 [315 316 317 318 319 320 321 322 323 324 325 326 327 328 329]] [22 [330 331 332 333 334 335 336 337 338 339 340 341 342 343 344]] [23 [345 346 347 348 349 350 351 352 353 354 355 356 357 358 359]] [24 [360 361 362 363 364 365 366 367 368 369 370 371 372 373 374]] [25 [375 376 377 378 379 380 381 382 383 384 385 386 387 388 389]] [26 [390 391 392 393 394 395 396 397 398 399 400 401 402 403 404]] [27 [405 406 407 408 409 410 411 412 413 414 415 416 417 418 419]] [28 [420 421 422 423 424 425 426 427 428 429 430 431 432 433 434]] [29 [435 436 437 438 439 440 441 442 443 444 445 446 447 448 449]] [30 [450 451 452 453 454 455 456 457 458 459 460 461 462 463 464]] [31 [465 466 467 468 469 470 471 472 473 474 475 476 477 478 479]] [32 [480 481 482 483 484 485 486 487 488 489 490 491 492 493 494]] [33 [495 496 497 498 499 500 501 502 503 504 505 506 507 508 509]] [34 [510 511 512 513 514 515 516 517 518 519 520 521 522 523 524]] [35 [525 526 527 528 529 530 531 532 533 534 535 536 537 538 539]] [36 [540 541 542 543 544 545 546 547 548 549 550 551 552 553 554]] [37 [555 556 557 558 559 560 561 562 563 564 565 566 567 568 569]] [38 [570 571 572 573 574 575 576 577 578 579 580 581 582 583 584]] [39 [585 586 587 588 589 590 591 592 593 594 595 596 597 598 599]] [40 [600 601 602 603 604 605 606 607 608 609 610 611 612 613 614]] [41 [615 616 617 618 619 620 621 622 623 624 625 626 627 628 629]] [42 [630 631 632 633 634 635 636 637 638 639 640 641 642 643 644]] [43 [645 646 647 648 649 650 651 652 653 654 655 656 657 658 659]] [44 [660 661 662 663 664 665 666 667 668 669 670 671 672 673 674]] [45 [675 676 677 678 679 680 681 682 683 684 685 686 687 688 689]] [46 [690 691 692 693 694 695 696 697 698 699 700 701 702 703 704]] [47 [705 706 707 708 709 710 711 712 713 714 715 716 717 718 719]] [48 [720 721 722 723 724 725 726 727 728 729 730 731 732 733 734]] [49 [735 736 737 738 739 740 741 742 743 744 745 746 747 748 749]] [50 [750 751 752 753 754 755 756 757 758 759 760 761 762 763 764]] [51 [765 766 767 768 769 770 771 772 773 774 775 776 777 778 779]] [52 [780 781 782 783 784 785 786 787 788 789 790 791 792 793 794]] [53 [795 796 797 798 799 800 801 802 803 804 805 806 807 808 809]] [54 [810 811 812 813 814 815 816 817 818 819 820 821 822 823 824]] [55 [825 826 827 828 829 830 831 832 833 834 835 836 837 838 839]] [56 [840 841 842 843 844 845 846 847 848 849 850 851 852 853 854]] [57 [855 856 857 858 859 860 861 862 863 864 865 866 867 868 869]] [58 [870 871 872 873 874 875 876 877 878 879 880 881 882 883 884]] [59 [885 886 887 888 889 890 891 892 893 894 895 896 897 898 899]] [60 [900 901 902 903 904 905 906 907 908 909 910 911 912 913 914]] [61 [915 916 917 918 919 920 921 922 923 924 925 926 927 928 929]] [62 [930 931 932 933 934 935 936 937 938 939 940 941 942 943 944]] [63 [945 946 947 948 949 950 951 952 953 954 955 956 957 958 959]] [64 [960 961 962 963 964 965 966 967 968 969 970 971 972 973 974]] [65 [975 976 977 978 979 980 981 982 983 984 985 986 987 988 989]] [66 [990 991 992 993 994 995 996 997 998 999 1000 1001 1002 1003 1004]] [67 [1005 1006 1007 1008 1009 1010 1011 1012 1013 1014 1015 1016 1017 1018 1019]] [68 [1020 1021 1022 1023 1024 1025 1026 1027 1028 1029 1030 1031 1032 1033 1034]] [69 [1035 1036 1037 1038 1039 1040 1041 1042 1043 1044 1045 1046 1047 1048 1049]] [70 [1050 1051 1052 1053 1054 1055 1056 1057 1058 1059 1060 1061 1062 1063 1064]] [71 [1065 1066 1067 1068 1069 1070 1071 1072 1073 1074 1075 1076 1077 1078 1079]] [72 [1080 1081 1082 1083 1084 1085 1086 1087 1088 1089 1090 1091 1092 1093 1094]] [73 [1095 1096 1097 1098 1099 1100 1101 1102 1103 1104 1105 1106 1107 1108 1109]] [74 [1110 1111 1112 1113 1114 1115 1116 1117 1118 1119 1120 1121 1122 1123 1124]] [75 [1125 1126 1127 1128 1129 1130 1131 1132 1133 1134 1135 1136 1137 1138 1139]] [76 [1140 1141 1142 1143 1144 1145 1146 1147 1148 1149 1150 1151 1152 1153 1154]] [77 [1155 1156 1157 1158 1159 1160 1161 1162 1163 1164 1165 1166 1167 1168 1169]] [78 [1170 1171 1172 1173 1174 1175 1176 1177 1178 1179 1180 1181 1182 1183 1184]] [79 [1185 1186 1187 1188 1189 1190 1191 1192 1193 1194 1195 1196 1197 1198 1199]] [80 [1200 1201 1202 1203 1204 1205 1206 1207 1208 1209 1210 1211 1212 1213 1214]] [81 [1215 1216 1217 1218 1219 1220 1221 1222 1223 1224 1225 1226 1227 1228 1229]] [82 [1230 1231 1232 1233 1234 1235 1236 1237 1238 1239 1240 1241 1242 1243 1244]] [83 [1245 1246 1247 1248 1249 1250 1251 1252 1253 1254 1255 1256 1257 1258 1259]] [84 [1260 1261 1262 1263 1264 1265 1266 1267 1268 1269 1270 1271 1272 1273 1274]] [85 [1275 1276 1277 1278 1279 1280 1281 1282 1283 1284 1285 1286 1287 1288 1289]] [86 [1290 1291 1292 1293 1294 1295 1296 1297 1298 1299 1300 1301 1302 1303 1304]] [87 [1305 1306 1307 1308 1309 1310 1311 1312 1313 1314 1315 1316 1317 1318 1319]] [88 [1320 1321 1322 1323 1324 1325 1326 1327 1328 1329 1330 1331 1332 1333 1334]] [89 [1335 1336 1337 1338 1339 1340 1341 1342 1343 1344 1345 1346 1347 1348 1349]] [90 [1350 1351 1352 1353 1354 1355 1356 1357 1358 1359 1360 1361 1362 1363 1364]] [91 [1365 1366 1367 1368 1369 1370 1371 1372 1373 1374 1375 1376 1377 1378 1379]] [92 [1380 1381 1382 1383 1384 1385 1386 1387 1388 1389 1390 1391 1392 1393 1394]] [93 [1395 1396 1397 1398 1399 1400 1401 1402 1403 1404 1405 1406 1407 1408 1409]] [94 [1410 1411 1412 1413 1414 1415 1416 1417 1418 1419 1420 1421 1422 1423 1424]] [95 [1425 1426 1427 1428 1429 1430 1431 1432 1433 1434 1435 1436 1437 1438 1439]] [96 [1440 1441 1442 1443 1444 1445 1446 1447 1448 1449 1450 1451 1452 1453 1454]] [97 [1455 1456 1457 1458 1459 1460 1461 1462 1463 1464 1465 1466 1467 1468 1469]] [98 [1470 1471 1472 1473 1474 1475 1476 1477 1478 1479 1480 1481 1482 1483 1484]] [99 [1485 1486 1487 1488 1489 1490 1491 1492 1493 1494 1495 1496 1497 1498 1499]]]","[[0 [3 4 5 6 7 8 9 10 11 12 13 14]] [1 [15 16 17 18 19 20 21 22 23 24 25 26 27 28 29]] [2 [30 31 32 33 34 35 36 37 38 39 40 41 42 43 44]] [3 [45 46 47 48 49 50 51 52 53 54 55 56 57 58 59]] [4 [60 61 62 63 64 65 66 67 68 69 70 71 72 73 74]] [5 [75 76 77 78 79 80 81 82 83 84 85 86 87 88 89]] [6 [90 91 92 93 94 95 96 97 98 99 100 101 102 103 104]] [7 [105 106 107 108 109 110 111 112 113 114 115 116 117 118 119]] [8 [120 121 122 123 124 125 126 127 128 129 130 131 132 133 134]] [9 [135 136 137 138 139 140 141 142 143 144 145 146 147 148 149]] [10 [150 151 152 153 154 155 156 157 158 159 160 161 162 163 164]] [11 [165 166 167 168 169 170 171 172 173 174 175 176 177 178 179]] [12 [180 181 182 183 184 185 186 187 188 189 190 191 192 193 194]] [13 [195 196 197 198 199 200 201 202 203 204 205 206 207 208 209]] [14 [210 211 212 213 214 215 216 217 218 219 220 221 222 223 224]] [15 [225 226 227 228 229 230 231 232 233 234 235 236 237 238 239]] [16 [240 241 242 243 244 245 246 247 248 249 250 251 252 253 254]] [17 [255 256 257 258 259 260 261 262 263 264 265 266 267 268 269]] [18 [270 271 272 273 274 275 276 277 278 279 280 281 282 283 284]] [19 [285 286 287 288 289 290 291 292 293 294 295 296 297 298 299]] [20 [300 301 302 303 304 305 306 307 308 309 310 311 312 313 314]] [21 [315 316 317 318 319 320 321 322 323 324 325 326 327 328 329]] [22 [330 331 332 333 334 335 336 337 338 339 340 341 342 343 344]] [23 [345 346 347 348 349 350 351 352 353 354 355 356 357 358 359]] [24 [360 361 362 363 364 365 366 367 368 369 370 371 372 373 374]] [25 [375 376 377 378 379 380 381 382 383 384 385 386 387 388 389]] [26 [390 391 392 393 394 395 396 397 398 399 400 401 402 403 404]] [27 [405 406 407 408 409 410 411 412 413 414 415 416 417 418 419]] [28 [420 421 422 423 424 425 426 427 428 429 430 431 432 433 434]] [29 [435 436 437 438 439 440 441 442 443 444 445 446 447 448 449]] [30 [450 451 452 453 454 455 456 457 458 459 460 461 462 463 464]] [31 [465 466 467 468 469 470 471 472 473 474 475 476 477 478 479]] [32 [480 481 482 483 484 485 486 487 488 489 490 491 492 493 494]] [33 [495 496 497 498 499 500 501 502 503 504 505 506 507 508 509]] [34 [510 511 512 513 514 515 516 517 518 519 520 521 522 523 524]] [35 [525 526 527 528 529 530 531 532 533 534 535 536 537 538 539]] [36 [540 541 542 543 544 545 546 547 548 549 550 551 552 553 554]] [37 [555 556 557 558 559 560 561 562 563 564 565 566 567 568 569]] [38 [570 571 572 573 574 575 576 577 578 579 580 581 582 583 584]] [39 [585 586 587 588 589 590 591 592 593 594 595 596 597 598 599]] [40 [600 601 602 603 604 605 606 607 608 609 610 611 612 613 614]] [41 [615 616 617 618 619 620 621 622 623 624 625 626 627 628 629]] [42 [630 631 632 633 634 635 636 637 638 639 640 641 642 643 644]] [43 [645 646 647 648 649 650 651 652 653 654 655 656 657 658 659]] [44 [660 661 662 663 664 665 666 667 668 669 670 671 672 673 674]] [45 [675 676 677 678 679 680 681 682 683 684 685 686 687 688 689]] [46 [690 691 692 693 694 695 696 697 698 699 700 701 702 703 704]] [47 [705 706 707 708 709 710 711 712 713 714 715 716 717 718 719]] [48 [720 721 722 723 724 725 726 727 728 729 730 731 732 733 734]] [49 [735 736 737 738 739 740 741 742 743 744 745 746 747 748 749]] [50 [750 751 752 753 754 755 756 757 758 759 760 761 762 763 764]] [51 [765 766 767 768 769 770 771 772 773 774 775 776 777 778 779]] [52 [780 781 782 783 784 785 786 787 788 789 790 791 792 793 794]] [53 [795 796 797 798 799 800 801 802 803 804 805 806 807 808 809]] [54 [810 811 812 813 814 815 816 817 818 819 820 821 822 823 824]] [55 [825 826 827 828 829 830 831 832 833 834 835 836 837 838 839]] [56 [840 841 842 843 844 845 846 847 848 849 850 851 852 853 854]] [57 [855 856 857 858 859 860 861 862 863 864 865 866 867 868 869]] [58 [870 871 872 873 874 875 876 877 878 879 880 881 882 883 884]] [59 [885 886 887 888 889 890 891 892 893 894 895 896 897 898 899]] [60 [900 901 902 903 904 905 906 907 908 909 910 911 912 913 914]] [61 [915 916 917 918 919 920 921 922 923 924 925 926 927 928 929]] [62 [930 931 932 933 934 935 936 937 938 939 940 941 942 943 944]] [63 [945 946 947 948 949 950 951 952 953 954 955 956 957 958 959]] [64 [960 961 962 963 964 965 966 967 968 969 970 971 972 973 974]] [65 [975 976 977 978 979 980 981 982 983 984 985 986 987 988 989]] [66 [990 991 992 993 994 995 996 997 998 999 1000 1001 1002 1003 1004]] [67 [1005 1006 1007 1008 1009 1010 1011 1012 1013 1014 1015 1016 1017 1018 1019]] [68 [1020 1021 1022 1023 1024 1025 1026 1027 1028 1029 1030 1031 1032 1033 1034]] [69 [1035 1036 1037 1038 1039 1040 1041 1042 1043 1044 1045 1046 1047 1048 1049]] [70 [1050 1051 1052 1053 1054 1055 1056 1057 1058 1059 1060 1061 1062 1063 1064]] [71 [1065 1066 1067 1068 1069 1070 1071 1072 1073 1074 1075 1076 1077 1078 1079]] [72 [1080 1081 1082 1083 1084 1085 1086 1087 1088 1089 1090 1091 1092 1093 1094]] [73 [1095 1096 1097 1098 1099 1100 1101 1102 1103 1104 1105 1106 1107 1108 1109]] [74 [1110 1111 1112 1113 1114 1115 1116 1117 1118 1119 1120 1121 1122 1123 1124]] [75 [1125 1126 1127 1128 1129 1130 1131 1132 1133 1134 1135 1136 1137 1138 1139]] [76 [1140 1141 1142 1143 1144 1145 1146 1147 1148 1149 1150 1151 1152 1153 1154]] [77 [1155 1156 1157 1158 1159 1160 1161 1162 1163 1164 1165 1166 1167 1168 1169]] [78 [1170 1171 1172 1173 1174 1175 1176 1177 1178 1179 1180 1181 1182 1183 1184]] [79 [1185 1186 1187 1188 1189 1190 1191 1192 1193 1194 1195 1196 1197 1198 1199]] [80 [1200 1201 1202 1203 1204 1205 1206 1207 1208 1209 1210 1211 1212 1213 1214]] [81 [1215 1216 1217 1218 1219 1220 1221 1222 1223 1224 1225 1226 1227 1228 1229]] [82 [1230 1231 1232 1233 1234 1235 1236 1237 1238 1239 1240 1241 1242 1243 1244]] [83 [1245 1246 1247 1248 1249 1250 1251 1252 1253 1254 1255 1256 1257 1258 1259]] [84 [1260 1261 1262 1263 1264 1265 1266 1267 1268 1269 1270 1271 1272 1273 1274]] [85 [1275 1276 1277 1278 1279 1280 1281 1282 1283 1284 1285 1286 1287 1288 1289]] [86 [1290 1291 1292 1293 1294 1295 1296 1297 1298 1299 1300 1301 1302 1303 1304]] [87 [1305 1306 1307 1308 1309 1310 1311 1312 1313 1314 1315 1316 1317 1318 1319]] [88 [1320 1321 1322 1323 1324 1325 1326 1327 1328 1329 1330 1331 1332 1333 1334]] [89 [1335 1336 1337 1338 1339 1340 1341 1342 1343 1344 1345 1346 1347 1348 1349]] [90 [1350 1351 1352 1353 1354 1355 1356 1357 1358 1359 1360 1361 1362 1363 1364]] [91 [1365 1366 1367 1368 1369 1370 1371 1372 1373 1374 1375 1376 1377 1378 1379]] [92 [1380 1381 1382 1383 1384 1385 1386 1387 1388 1389 1390 1391 1392 1393 1394]] [93 [1395 1396 1397 1398 1399 1400 1401 1402 1403 1404 1405 1406 1407 1408 1409]] [94 [1410 1411 1412 1413 1414 1415 1416 1417 1418 1419 1420 1421 1422 1423 1424]] [95 [1425 1426 1427 1428 1429 1430 1431 1432 1433 1434 1435 1436 1437 1438 1439]] [96 [1440 1441 1442 1443 1444 1445 1446 1447 1448 1449 1450 1451 1452 1453 1454]] [97 [1455 1456 1457 1458 1459 1460 1461 1462 1463 1464 1465 1466 1467 1468 1469]] [98 [1470 1471 1472 1473 1474 1475 1476 1477 1478 1479 1480 1481 1482 1483 1484]] [99 [1485 1486 1487 1488 1489 1490 1491 1492 1493 1494 1495 1496 1497 1498 1499]]]",,"[[{media 50} [[""A"" [4 4 4 4 4 4 4 4 4 4]]]] [{media 51} [[""A"" [4 4 4 4 4 4 4 4 4 4]]]] [{media 52} [[""A"" [4 4 4 4 4 4 4 4 4 4]]]] [{media 53} [[""A"" [4 4 4 4 4 4 4 4 4 4]]]] [{media 54} [[""A"" [4 4 4 4 4 4 4 4 4 4]]]] [{media 55} [[""A"" [4 4 4 4 4 4 4 4 4 4]]]] [{media 56} [[""A"" [4 4 4 4 4 4 4 4 4 4]]]] [{media 57} [[""A"" [4 4 4 4 4 4 4 4 4 4]]]] [{media 58} [[""A"" [4 4 4 4 4 4 4 4 4 4]]]] [{media 62} [[""A"" [4 4 4 4 4 4 4 4 4 4]]]] [{citizen 19} [[""A"" [4 4 4 4 4 4 4 4 4 4]]]] [{citizen 32} [[""A"" [4 4 4 4 4 4 4 4 4 4]]]] [{citizen 36} [[""A"" [4 4 4 4 4 4 4 4 4 4]]]] [{media 63} [[""A"" [4 4 4 4 4 4 4 4 4 4]]]] [{citizen 11} [[""A"" [4 4 4 4 4 4 4 4 4 4]]]] [{citizen 17} [[""A"" [4 4 4 4 4 4 4 4 4 4]]]] [{citizen 1} [[""A"" [4 4 4 4 4 4 4 4 4 4]]]] [{citizen 6} [[""A"" [4 4 4 4 4 4 4 4 4 4]]]] [{citizen 9} [[""A"" [4 4 4 4 4 4 4 4 4 4]]]] [{citizen 14} [[""A"" [4 4 4 4 4 4 4 4 4 4]]]] [{media 59} [[""A"" [4 4 4 4 4 4 4 4 4 4]]]] [{citizen 23} [[""A"" [4 4 4 4 4 4 4 4 4 4]]]] [{citizen 24} [[""A"" [4 4 4 4 4 4 4 4 4 4]]]] [{media 60} [[""A"" [4 4 4 4 4 4 4 4 4 4]]]] [{citizen 4} [[""A"" [4 4 4 4 4 4 4 4 4 4]]]] [{citizen 10} [[""A"" [4 4 4 4 4 4 4 4 4 4]]]] [{citizen 12} [[""A"" [4 4 4 4 4 4 4 4 4 4]]]] [{media 64} [[""A"" [4 4 4 4 4 4 4 4 4 4]]]] [{media 61} [[""A"" [4 4 4 4 4 4 4 4 4 4]]]] [{citizen 2} [[""A"" [4 4 4 4 4 4 4 4 4 4]]]] [{citizen 13} [[""A"" [4 4 4 4 4 4 4 4 4 4]]]] [{citizen 49} [[""A"" [4 4 4 4 4 4 4 4 4 4]]]] [{citizen 8} [[""A"" [4 4 4 4 4 4 4 4 4 4]]]] [{citizen 46} [[""A"" [4 4 4 4 4 4 4 4 4 4]]]] [{citizen 5} [[""A"" [4 4 4 4 4 4 4 4 4 4]]]] [{citizen 27} [[""A"" [4 4 4 4 4 4 4 4 4 4]]]] [{citizen 45} [[""A"" [4 4 4 4 4 4 4 4 4 4]]]] [{citizen 7} [[""A"" [4 4 4 4 4 4 4 4 4 4]]]] [{citizen 0} [[""A"" [4 4 4 4 4 4 4 4 4 4]]]] [{citizen 40} [[""A"" [4 4 4 4 4 4 4 4 4 4]]]] [{citizen 16} [[""A"" [4 4 4 4 4 4 4 4 4 4]]]] [{citizen 35} [[""A"" [4 4 4 4 4 4 4 4 4 4]]]] [{citizen 21} [[""A"" [4 4 4 4 4 4 4 4 4 4]]]] [{citizen 30} [[""A"" [4 4 4 4 4 4 4 4 4 4]]]] [{citizen 28} [[""A"" [4 4 4 4 4 4 4 4 4 4]]]] [{citizen 39} [[""A"" [4 4 4 4 4 4 4 4 4 4]]]] [{citizen 22} [[""A"" [4 4 4 4 4 4 4 4 4 4]]]] [{citizen 20} [[""A"" [4 4 4 4 4 4 4 4 4 4]]]] [{citizen 48} [[""A"" [4 4 4 4 4 4 4 4 4 4]]]] [{citizen 15} [[""A"" [4 4 4 4 4 4 4 4 4 4]]]] [{citizen 31} [[""A"" [4 4 4 4 4 4 4 4 4 4]]]] [{citizen 37} [[""A"" [4 4 4 4 4 4 4 4 4 4]]]] [{citizen 42} [[""A"" [4 4 4 4 4 4 4 4 4 4]]]] [{citizen 26} [[""A"" [4 4 4 4 4 4 4 4 4 4]]]] [{citizen 29} [[""A"" [4 4 4 4 4 4 4 4 4 4]]]] [{citizen 43} [[""A"" [4 4 4 4 4 4 4 4 4 4]]]] [{citizen 38} [[""A"" [4 4 4 4 4 4 4 4 4 4]]]] [{citizen 41} [[""A"" [4 4 4 4 4 4 4 4 4 4]]]] [{citizen 34} [[""A"" [4 4 4 4 4 4 4 4 4 4]]]] [{citizen 47} [[""A"" [4 4 4 4 4 4 4 4 4 4]]]] [{citizen 3} [[""A"" [4 4 4 4 4 4 4 4 4 4]]]]]"
"45","[85 0 170]","153.19148936170217","4.247454941761087","-8.770349853922902","""circle""","""""","9.9","{breed citizens}","false","0.5","1","""up""",,"[[""ID"" 46] [""alpha"" 1] [""beta"" 1] [""malleable"" [""A""]] [""prior"" []] [""cont_tokens"" []] [""A"" 4]]","[[0 [0 1 2 3 4 5 6 7 8 9 10 11 12 13 14]] [1 [15 16 17 18 19 20 21 22 23 24 25 26 27 28 29]] [2 [30 31 32 33 34 35 36 37 38 39 40 41 42 43 44]] [3 [45 46 47 48 49 50 51 52 53 54 55 56 57 58 59]] [4 [60 61 62 63 64 65 66 67 68 69 70 71 72 73 74]] [5 [75 76 77 78 79 80 81 82 83 84 85 86 87 88 89]] [6 [90 91 92 93 94 95 96 97 98 99 100 101 102 103 104]] [7 [105 106 107 108 109 110 111 112 113 114 115 116 117 118 119]] [8 [120 121 122 123 124 125 126 127 128 129 130 131 132 133 134]] [9 [135 136 137 138 139 140 141 142 143 144 145 146 147 148 149]] [10 [150 151 152 153 154 155 156 157 158 159 160 161 162 163 164]] [11 [165 166 167 168 169 170 171 172 173 174 175 176 177 178 179]] [12 [180 181 182 183 184 185 186 187 188 189 190 191 192 193 194]] [13 [195 196 197 198 199 200 201 202 203 204 205 206 207 208 209]] [14 [210 211 212 213 214 215 216 217 218 219 220 221 222 223 224]] [15 [225 226 227 228 229 230 231 232 233 234 235 236 237 238 239]] [16 [240 241 242 243 244 245 246 247 248 249 250 251 252 253 254]] [17 [255 256 257 258 259 260 261 262 263 264 265 266 267 268 269]] [18 [270 271 272 273 274 275 276 277 278 279 280 281 282 283 284]] [19 [285 286 287 288 289 290 291 292 293 294 295 296 297 298 299]] [20 [300 301 302 303 304 305 306 307 308 309 310 311 312 313 314]] [21 [315 316 317 318 319 320 321 322 323 324 325 326 327 328 329]] [22 [330 331 332 333 334 335 336 337 338 339 340 341 342 343 344]] [23 [345 346 347 348 349 350 351 352 353 354 355 356 357 358 359]] [24 [360 361 362 363 364 365 366 367 368 369 370 371 372 373 374]] [25 [375 376 377 378 379 380 381 382 383 384 385 386 387 388 389]] [26 [390 391 392 393 394 395 396 397 398 399 400 401 402 403 404]] [27 [405 406 407 408 409 410 411 412 413 414 415 416 417 418 419]] [28 [420 421 422 423 424 425 426 427 428 429 430 431 432 433 434]] [29 [435 436 437 438 439 440 441 442 443 444 445 446 447 448 449]] [30 [450 451 452 453 454 455 456 457 458 459 460 461 462 463 464]] [31 [465 466 467 468 469 470 471 472 473 474 475 476 477 478 479]] [32 [480 481 482 483 484 485 486 487 488 489 490 491 492 493 494]] [33 [495 496 497 498 499 500 501 502 503 504 505 506 507 508 509]] [34 [510 511 512 513 514 515 516 517 518 519 520 521 522 523 524]] [35 [525 526 527 528 529 530 531 532 533 534 535 536 537 538 539]] [36 [540 541 542 543 544 545 546 547 548 549 550 551 552 553 554]] [37 [555 556 557 558 559 560 561 562 563 564 565 566 567 568 569]] [38 [570 571 572 573 574 575 576 577 578 579 580 581 582 583 584]] [39 [585 586 587 588 589 590 591 592 593 594 595 596 597 598 599]] [40 [600 601 602 603 604 605 606 607 608 609 610 611 612 613 614]] [41 [615 616 617 618 619 620 621 622 623 624 625 626 627 628 629]] [42 [630 631 632 633 634 635 636 637 638 639 640 641 642 643 644]] [43 [645 646 647 648 649 650 651 652 653 654 655 656 657 658 659]] [44 [660 661 662 663 664 665 666 667 668 669 670 671 672 673 674]] [45 [675 676 677 678 679 680 681 682 683 684 685 686 687 688 689]] [46 [690 691 692 693 694 695 696 697 698 699 700 701 702 703 704]] [47 [705 706 707 708 709 710 711 712 713 714 715 716 717 718 719]] [48 [720 721 722 723 724 725 726 727 728 729 730 731 732 733 734]] [49 [735 736 737 738 739 740 741 742 743 744 745 746 747 748 749]] [50 [750 751 752 753 754 755 756 757 758 759 760 761 762 763 764]] [51 [765 766 767 768 769 770 771 772 773 774 775 776 777 778 779]] [52 [780 781 782 783 784 785 786 787 788 789 790 791 792 793 794]] [53 [795 796 797 798 799 800 801 802 803 804 805 806 807 808 809]] [54 [810 811 812 813 814 815 816 817 818 819 820 821 822 823 824]] [55 [825 826 827 828 829 830 831 832 833 834 835 836 837 838 839]] [56 [840 841 842 843 844 845 846 847 848 849 850 851 852 853 854]] [57 [855 856 857 858 859 860 861 862 863 864 865 866 867 868 869]] [58 [870 871 872 873 874 875 876 877 878 879 880 881 882 883 884]] [59 [885 886 887 888 889 890 891 892 893 894 895 896 897 898 899]] [60 [900 901 902 903 904 905 906 907 908 909 910 911 912 913 914]] [61 [915 916 917 918 919 920 921 922 923 924 925 926 927 928 929]] [62 [930 931 932 933 934 935 936 937 938 939 940 941 942 943 944]] [63 [945 946 947 948 949 950 951 952 953 954 955 956 957 958 959]] [64 [960 961 962 963 964 965 966 967 968 969 970 971 972 973 974]] [65 [975 976 977 978 979 980 981 982 983 984 985 986 987 988 989]] [66 [990 991 992 993 994 995 996 997 998 999 1000 1001 1002 1003 1004]] [67 [1005 1006 1007 1008 1009 1010 1011 1012 1013 1014 1015 1016 1017 1018 1019]] [68 [1020 1021 1022 1023 1024 1025 1026 1027 1028 1029 1030 1031 1032 1033 1034]] [69 [1035 1036 1037 1038 1039 1040 1041 1042 1043 1044 1045 1046 1047 1048 1049]] [70 [1050 1051 1052 1053 1054 1055 1056 1057 1058 1059 1060 1061 1062 1063 1064]] [71 [1065 1066 1067 1068 1069 1070 1071 1072 1073 1074 1075 1076 1077 1078 1079]] [72 [1080 1081 1082 1083 1084 1085 1086 1087 1088 1089 1090 1091 1092 1093 1094]] [73 [1095 1096 1097 1098 1099 1100 1101 1102 1103 1104 1105 1106 1107 1108 1109]] [74 [1110 1111 1112 1113 1114 1115 1116 1117 1118 1119 1120 1121 1122 1123 1124]] [75 [1125 1126 1127 1128 1129 1130 1131 1132 1133 1134 1135 1136 1137 1138 1139]] [76 [1140 1141 1142 1143 1144 1145 1146 1147 1148 1149 1150 1151 1152 1153 1154]] [77 [1155 1156 1157 1158 1159 1160 1161 1162 1163 1164 1165 1166 1167 1168 1169]] [78 [1170 1171 1172 1173 1174 1175 1176 1177 1178 1179 1180 1181 1182 1183 1184]] [79 [1185 1186 1187 1188 1189 1190 1191 1192 1193 1194 1195 1196 1197 1198 1199]] [80 [1200 1201 1202 1203 1204 1205 1206 1207 1208 1209 1210 1211 1212 1213 1214]] [81 [1215 1216 1217 1218 1219 1220 1221 1222 1223 1224 1225 1226 1227 1228 1229]] [82 [1230 1231 1232 1233 1234 1235 1236 1237 1238 1239 1240 1241 1242 1243 1244]] [83 [1245 1246 1247 1248 1249 1250 1251 1252 1253 1254 1255 1256 1257 1258 1259]] [84 [1260 1261 1262 1263 1264 1265 1266 1267 1268 1269 1270 1271 1272 1273 1274]] [85 [1275 1276 1277 1278 1279 1280 1281 1282 1283 1284 1285 1286 1287 1288 1289]] [86 [1290 1291 1292 1293 1294 1295 1296 1297 1298 1299 1300 1301 1302 1303 1304]] [87 [1305 1306 1307 1308 1309 1310 1311 1312 1313 1314 1315 1316 1317 1318 1319]] [88 [1320 1321 1322 1323 1324 1325 1326 1327 1328 1329 1330 1331 1332 1333 1334]] [89 [1335 1336 1337 1338 1339 1340 1341 1342 1343 1344 1345 1346 1347 1348 1349]] [90 [1350 1351 1352 1353 1354 1355 1356 1357 1358 1359 1360 1361 1362 1363 1364]] [91 [1365 1366 1367 1368 1369 1370 1371 1372 1373 1374 1375 1376 1377 1378 1379]] [92 [1380 1381 1382 1383 1384 1385 1386 1387 1388 1389 1390 1391 1392 1393 1394]] [93 [1395 1396 1397 1398 1399 1400 1401 1402 1403 1404 1405 1406 1407 1408 1409]] [94 [1410 1411 1412 1413 1414 1415 1416 1417 1418 1419 1420 1421 1422 1423 1424]] [95 [1425 1426 1427 1428 1429 1430 1431 1432 1433 1434 1435 1436 1437 1438 1439]] [96 [1440 1441 1442 1443 1444 1445 1446 1447 1448 1449 1450 1451 1452 1453 1454]] [97 [1455 1456 1457 1458 1459 1460 1461 1462 1463 1464 1465 1466 1467 1468 1469]] [98 [1470 1471 1472 1473 1474 1475 1476 1477 1478 1479 1480 1481 1482 1483 1484]] [99 [1485 1486 1487 1488 1489 1490 1491 1492 1493 1494 1495 1496 1497 1498 1499]]]","[[0 [1 2 3 4 5 6 7 8 9 10 11 12 13 14]] [1 [15 16 17 18 19 20 21 22 23 24 25 26 27 28 29]] [2 [30 31 32 33 34 35 36 37 38 39 40 41 42 43 44]] [3 [45 46 47 48 49 50 51 52 53 54 55 56 57 58 59]] [4 [60 61 62 63 64 65 66 67 68 69 70 71 72 73 74]] [5 [75 76 77 78 79 80 81 82 83 84 85 86 87 88 89]] [6 [90 91 92 93 94 95 96 97 98 99 100 101 102 103 104]] [7 [105 106 107 108 109 110 111 112 113 114 115 116 117 118 119]] [8 [120 121 122 123 124 125 126 127 128 129 130 131 132 133 134]] [9 [135 136 137 138 139 140 141 142 143 144 145 146 147 148 149]] [10 [150 151 152 153 154 155 156 157 158 159 160 161 162 163 164]] [11 [165 166 167 168 169 170 171 172 173 174 175 176 177 178 179]] [12 [180 181 182 183 184 185 186 187 188 189 190 191 192 193 194]] [13 [195 196 197 198 199 200 201 202 203 204 205 206 207 208 209]] [14 [210 211 212 213 214 215 216 217 218 219 220 221 222 223 224]] [15 [225 226 227 228 229 230 231 232 233 234 235 236 237 238 239]] [16 [240 241 242 243 244 245 246 247 248 249 250 251 252 253 254]] [17 [255 256 257 258 259 260 261 262 263 264 265 266 267 268 269]] [18 [270 271 272 273 274 275 276 277 278 279 280 281 282 283 284]] [19 [285 286 287 288 289 290 291 292 293 294 295 296 297 298 299]] [20 [300 301 302 303 304 305 306 307 308 309 310 311 312 313 314]] [21 [315 316 317 318 319 320 321 322 323 324 325 326 327 328 329]] [22 [330 331 332 333 334 335 336 337 338 339 340 341 342 343 344]] [23 [345 346 347 348 349 350 351 352 353 354 355 356 357 358 359]] [24 [360 361 362 363 364 365 366 367 368 369 370 371 372 373 374]] [25 [375 376 377 378 379 380 381 382 383 384 385 386 387 388 389]] [26 [390 391 392 393 394 395 396 397 398 399 400 401 402 403 404]] [27 [405 406 407 408 409 410 411 412 413 414 415 416 417 418 419]] [28 [420 421 422 423 424 425 426 427 428 429 430 431 432 433 434]] [29 [435 436 437 438 439 440 441 442 443 444 445 446 447 448 449]] [30 [450 451 452 453 454 455 456 457 458 459 460 461 462 463 464]] [31 [465 466 467 468 469 470 471 472 473 474 475 476 477 478 479]] [32 [480 481 482 483 484 485 486 487 488 489 490 491 492 493 494]] [33 [495 496 497 498 499 500 501 502 503 504 505 506 507 508 509]] [34 [510 511 512 513 514 515 516 517 518 519 520 521 522 523 524]] [35 [525 526 527 528 529 530 531 532 533 534 535 536 537 538 539]] [36 [540 541 542 543 544 545 546 547 548 549 550 551 552 553 554]] [37 [555 556 557 558 559 560 561 562 563 564 565 566 567 568 569]] [38 [570 571 572 573 574 575 576 577 578 579 580 581 582 583 584]] [39 [585 586 587 588 589 590 591 592 593 594 595 596 597 598 599]] [40 [600 601 602 603 604 605 606 607 608 609 610 611 612 613 614]] [41 [615 616 617 618 619 620 621 622 623 624 625 626 627 628 629]] [42 [630 631 632 633 634 635 636 637 638 639 640 641 642 643 644]] [43 [645 646 647 648 649 650 651 652 653 654 655 656 657 658 659]] [44 [660 661 662 663 664 665 666 667 668 669 670 671 672 673 674]] [45 [675 676 677 678 679 680 681 682 683 684 685 686 687 688 689]] [46 [690 691 692 693 694 695 696 697 698 699 700 701 702 703 704]] [47 [705 706 707 708 709 710 711 712 713 714 715 716 717 718 719]] [48 [720 721 722 723 724 725 726 727 728 729 730 731 732 733 734]] [49 [735 736 737 738 739 740 741 742 743 744 745 746 747 748 749]] [50 [750 751 752 753 754 755 756 757 758 759 760 761 762 763 764]] [51 [765 766 767 768 769 770 771 772 773 774 775 776 777 778 779]] [52 [780 781 782 783 784 785 786 787 788 789 790 791 792 793 794]] [53 [795 796 797 798 799 800 801 802 803 804 805 806 807 808 809]] [54 [810 811 812 813 814 815 816 817 818 819 820 821 822 823 824]] [55 [825 826 827 828 829 830 831 832 833 834 835 836 837 838 839]] [56 [840 841 842 843 844 845 846 847 848 849 850 851 852 853 854]] [57 [855 856 857 858 859 860 861 862 863 864 865 866 867 868 869]] [58 [870 871 872 873 874 875 876 877 878 879 880 881 882 883 884]] [59 [885 886 887 888 889 890 891 892 893 894 895 896 897 898 899]] [60 [900 901 902 903 904 905 906 907 908 909 910 911 912 913 914]] [61 [915 916 917 918 919 920 921 922 923 924 925 926 927 928 929]] [62 [930 931 932 933 934 935 936 937 938 939 940 941 942 943 944]] [63 [945 946 947 948 949 950 951 952 953 954 955 956 957 958 959]] [64 [960 961 962 963 964 965 966 967 968 969 970 971 972 973 974]] [65 [975 976 977 978 979 980 981 982 983 984 985 986 987 988 989]] [66 [990 991 992 993 994 995 996 997 998 999 1000 1001 1002 1003 1004]] [67 [1005 1006 1007 1008 1009 1010 1011 1012 1013 1014 1015 1016 1017 1018 1019]] [68 [1020 1021 1022 1023 1024 1025 1026 1027 1028 1029 1030 1031 1032 1033 1034]] [69 [1035 1036 1037 1038 1039 1040 1041 1042 1043 1044 1045 1046 1047 1048 1049]] [70 [1050 1051 1052 1053 1054 1055 1056 1057 1058 1059 1060 1061 1062 1063 1064]] [71 [1065 1066 1067 1068 1069 1070 1071 1072 1073 1074 1075 1076 1077 1078 1079]] [72 [1080 1081 1082 1083 1084 1085 1086 1087 1088 1089 1090 1091 1092 1093 1094]] [73 [1095 1096 1097 1098 1099 1100 1101 1102 1103 1104 1105 1106 1107 1108 1109]] [74 [1110 1111 1112 1113 1114 1115 1116 1117 1118 1119 1120 1121 1122 1123 1124]] [75 [1125 1126 1127 1128 1129 1130 1131 1132 1133 1134 1135 1136 1137 1138 1139]] [76 [1140 1141 1142 1143 1144 1145 1146 1147 1148 1149 1150 1151 1152 1153 1154]] [77 [1155 1156 1157 1158 1159 1160 1161 1162 1163 1164 1165 1166 1167 1168 1169]] [78 [1170 1171 1172 1173 1174 1175 1176 1177 1178 1179 1180 1181 1182 1183 1184]] [79 [1185 1186 1187 1188 1189 1190 1191 1192 1193 1194 1195 1196 1197 1198 1199]] [80 [1200 1201 1202 1203 1204 1205 1206 1207 1208 1209 1210 1211 1212 1213 1214]] [81 [1215 1216 1217 1218 1219 1220 1221 1222 1223 1224 1225 1226 1227 1228 1229]] [82 [1230 1231 1232 1233 1234 1235 1236 1237 1238 1239 1240 1241 1242 1243 1244]] [83 [1245 1246 1247 1248 1249 1250 1251 1252 1253 1254 1255 1256 1257 1258 1259]] [84 [1260 1261 1262 1263 1264 1265 1266 1267 1268 1269 1270 1271 1272 1273 1274]] [85 [1275 1276 1277 1278 1279 1280 1281 1282 1283 1284 1285 1286 1287 1288 1289]] [86 [1290 1291 1292 1293 1294 1295 1296 1297 1298 1299 1300 1301 1302 1303 1304]] [87 [1305 1306 1307 1308 1309 1310 1311 1312 1313 1314 1315 1316 1317 1318 1319]] [88 [1320 1321 1322 1323 1324 1325 1326 1327 1328 1329 1330 1331 1332 1333 1334]] [89 [1335 1336 1337 1338 1339 1340 1341 1342 1343 1344 1345 1346 1347 1348 1349]] [90 [1350 1351 1352 1353 1354 1355 1356 1357 1358 1359 1360 1361 1362 1363 1364]] [91 [1365 1366 1367 1368 1369 1370 1371 1372 1373 1374 1375 1376 1377 1378 1379]] [92 [1380 1381 1382 1383 1384 1385 1386 1387 1388 1389 1390 1391 1392 1393 1394]] [93 [1395 1396 1397 1398 1399 1400 1401 1402 1403 1404 1405 1406 1407 1408 1409]] [94 [1410 1411 1412 1413 1414 1415 1416 1417 1418 1419 1420 1421 1422 1423 1424]] [95 [1425 1426 1427 1428 1429 1430 1431 1432 1433 1434 1435 1436 1437 1438 1439]] [96 [1440 1441 1442 1443 1444 1445 1446 1447 1448 1449 1450 1451 1452 1453 1454]] [97 [1455 1456 1457 1458 1459 1460 1461 1462 1463 1464 1465 1466 1467 1468 1469]] [98 [1470 1471 1472 1473 1474 1475 1476 1477 1478 1479 1480 1481 1482 1483 1484]] [99 [1485 1486 1487 1488 1489 1490 1491 1492 1493 1494 1495 1496 1497 1498 1499]]]",,"[[{media 50} [[""A"" [4 4 4 4 4 4 4 4 4 4]]]] [{media 51} [[""A"" [4 4 4 4 4 4 4 4 4 4]]]] [{media 52} [[""A"" [4 4 4 4 4 4 4 4 4 4]]]] [{media 53} [[""A"" [4 4 4 4 4 4 4 4 4 4]]]] [{media 54} [[""A"" [4 4 4 4 4 4 4 4 4 4]]]] [{media 55} [[""A"" [4 4 4 4 4 4 4 4 4 4]]]] [{media 56} [[""A"" [4 4 4 4 4 4 4 4 4 4]]]] [{media 57} [[""A"" [4 4 4 4 4 4 4 4 4 4]]]] [{media 58} [[""A"" [4 4 4 4 4 4 4 4 4 4]]]] [{media 62} [[""A"" [4 4 4 4 4 4 4 4 4 4]]]] [{citizen 2} [[""A"" [4 4 4 4 4 4 4 4 4 4]]]] [{citizen 5} [[""A"" [4 4 4 4 4 4 4 4 4 4]]]] [{citizen 8} [[""A"" [4 4 4 4 4 4 4 4 4 4]]]] [{citizen 10} [[""A"" [4 4 4 4 4 4 4 4 4 4]]]] [{citizen 0} [[""A"" [4 4 4 4 4 4 4 4 4 4]]]] [{citizen 1} [[""A"" [4 4 4 4 4 4 4 4 4 4]]]] [{media 63} [[""A"" [4 4 4 4 4 4 4 4 4 4]]]] [{citizen 6} [[""A"" [4 4 4 4 4 4 4 4 4 4]]]] [{citizen 7} [[""A"" [4 4 4 4 4 4 4 4 4 4]]]] [{citizen 20} [[""A"" [4 4 4 4 4 4 4 4 4 4]]]] [{citizen 35} [[""A"" [4 4 4 4 4 4 4 4 4 4]]]] [{media 59} [[""A"" [4 4 4 4 4 4 4 4 4 4]]]] [{citizen 23} [[""A"" [4 4 4 4 4 4 4 4 4 4]]]] [{citizen 13} [[""A"" [4 4 4 4 4 4 4 4 4 4]]]] [{media 60} [[""A"" [4 4 4 4 4 4 4 4 4 4]]]] [{citizen 15} [[""A"" [4 4 4 4 4 4 4 4 4 4]]]] [{citizen 16} [[""A"" [4 4 4 4 4 4 4 4 4 4]]]] [{citizen 27} [[""A"" [4 4 4 4 4 4 4 4 4 4]]]] [{citizen 4} [[""A"" [4 4 4 4 4 4 4 4 4 4]]]] [{media 64} [[""A"" [4 4 4 4 4 4 4 4 4 4]]]] [{citizen 9} [[""A"" [4 4 4 4 4 4 4 4 4 4]]]] [{citizen 14} [[""A"" [4 4 4 4 4 4 4 4 4 4]]]] [{citizen 12} [[""A"" [4 4 4 4 4 4 4 4 4 4]]]] [{citizen 17} [[""A"" [4 4 4 4 4 4 4 4 4 4]]]] [{media 61} [[""A"" [4 4 4 4 4 4 4 4 4 4]]]] [{citizen 49} [[""A"" [4 4 4 4 4 4 4 4 4 4]]]] [{citizen 46} [[""A"" [4 4 4 4 4 4 4 4 4 4]]]] [{citizen 24} [[""A"" [4 4 4 4 4 4 4 4 4 4]]]] [{citizen 21} [[""A"" [4 4 4 4 4 4 4 4 4 4]]]] [{citizen 11} [[""A"" [4 4 4 4 4 4 4 4 4 4]]]] [{citizen 44} [[""A"" [4 4 4 4 4 4 4 4 4 4]]]] [{citizen 32} [[""A"" [4 4 4 4 4 4 4 4 4 4]]]] [{citizen 19} [[""A"" [4 4 4 4 4 4 4 4 4 4]]]] [{citizen 42} [[""A"" [4 4 4 4 4 4 4 4 4 4]]]] [{citizen 37} [[""A"" [4 4 4 4 4 4 4 4 4 4]]]] [{citizen 30} [[""A"" [4 4 4 4 4 4 4 4 4 4]]]] [{citizen 31} [[""A"" [4 4 4 4 4 4 4 4 4 4]]]] [{citizen 36} [[""A"" [4 4 4 4 4 4 4 4 4 4]]]] [{citizen 28} [[""A"" [4 4 4 4 4 4 4 4 4 4]]]] [{citizen 39} [[""A"" [4 4 4 4 4 4 4 4 4 4]]]] [{citizen 22} [[""A"" [4 4 4 4 4 4 4 4 4 4]]]] [{citizen 40} [[""A"" [4 4 4 4 4 4 4 4 4 4]]]] [{citizen 48} [[""A"" [4 4 4 4 4 4 4 4 4 4]]]] [{citizen 43} [[""A"" [4 4 4 4 4 4 4 4 4 4]]]] [{citizen 29} [[""A"" [4 4 4 4 4 4 4 4 4 4]]]] [{citizen 26} [[""A"" [4 4 4 4 4 4 4 4 4 4]]]] [{citizen 38} [[""A"" [4 4 4 4 4 4 4 4 4 4]]]] [{citizen 41} [[""A"" [4 4 4 4 4 4 4 4 4 4]]]] [{citizen 34} [[""A"" [4 4 4 4 4 4 4 4 4 4]]]] [{citizen 47} [[""A"" [4 4 4 4 4 4 4 4 4 4]]]] [{citizen 3} [[""A"" [4 4 4 4 4 4 4 4 4 4]]]]]"
"46","[85 0 170]","110.10638297872343","9.77571955640423","-3.5119528634178105","""circle""","""""","9.9","{breed citizens}","false","0.5","1","""up""",,"[[""ID"" 44] [""alpha"" 1] [""beta"" 1] [""malleable"" [""A""]] [""prior"" []] [""cont_tokens"" []] [""A"" 4]]","[[0 [0 1 2 3 4 5 6 7 8 9 10 11 12 13 14]] [1 [15 16 17 18 19 20 21 22 23 24 25 26 27 28 29]] [2 [30 31 32 33 34 35 36 37 38 39 40 41 42 43 44]] [3 [45 46 47 48 49 50 51 52 53 54 55 56 57 58 59]] [4 [60 61 62 63 64 65 66 67 68 69 70 71 72 73 74]] [5 [75 76 77 78 79 80 81 82 83 84 85 86 87 88 89]] [6 [90 91 92 93 94 95 96 97 98 99 100 101 102 103 104]] [7 [105 106 107 108 109 110 111 112 113 114 115 116 117 118 119]] [8 [120 121 122 123 124 125 126 127 128 129 130 131 132 133 134]] [9 [135 136 137 138 139 140 141 142 143 144 145 146 147 148 149]] [10 [150 151 152 153 154 155 156 157 158 159 160 161 162 163 164]] [11 [165 166 167 168 169 170 171 172 173 174 175 176 177 178 179]] [12 [180 181 182 183 184 185 186 187 188 189 190 191 192 193 194]] [13 [195 196 197 198 199 200 201 202 203 204 205 206 207 208 209]] [14 [210 211 212 213 214 215 216 217 218 219 220 221 222 223 224]] [15 [225 226 227 228 229 230 231 232 233 234 235 236 237 238 239]] [16 [240 241 242 243 244 245 246 247 248 249 250 251 252 253 254]] [17 [255 256 257 258 259 260 261 262 263 264 265 266 267 268 269]] [18 [270 271 272 273 274 275 276 277 278 279 280 281 282 283 284]] [19 [285 286 287 288 289 290 291 292 293 294 295 296 297 298 299]] [20 [300 301 302 303 304 305 306 307 308 309 310 311 312 313 314]] [21 [315 316 317 318 319 320 321 322 323 324 325 326 327 328 329]] [22 [330 331 332 333 334 335 336 337 338 339 340 341 342 343 344]] [23 [345 346 347 348 349 350 351 352 353 354 355 356 357 358 359]] [24 [360 361 362 363 364 365 366 367 368 369 370 371 372 373 374]] [25 [375 376 377 378 379 380 381 382 383 384 385 386 387 388 389]] [26 [390 391 392 393 394 395 396 397 398 399 400 401 402 403 404]] [27 [405 406 407 408 409 410 411 412 413 414 415 416 417 418 419]] [28 [420 421 422 423 424 425 426 427 428 429 430 431 432 433 434]] [29 [435 436 437 438 439 440 441 442 443 444 445 446 447 448 449]] [30 [450 451 452 453 454 455 456 457 458 459 460 461 462 463 464]] [31 [465 466 467 468 469 470 471 472 473 474 475 476 477 478 479]] [32 [480 481 482 483 484 485 486 487 488 489 490 491 492 493 494]] [33 [495 496 497 498 499 500 501 502 503 504 505 506 507 508 509]] [34 [510 511 512 513 514 515 516 517 518 519 520 521 522 523 524]] [35 [525 526 527 528 529 530 531 532 533 534 535 536 537 538 539]] [36 [540 541 542 543 544 545 546 547 548 549 550 551 552 553 554]] [37 [555 556 557 558 559 560 561 562 563 564 565 566 567 568 569]] [38 [570 571 572 573 574 575 576 577 578 579 580 581 582 583 584]] [39 [585 586 587 588 589 590 591 592 593 594 595 596 597 598 599]] [40 [600 601 602 603 604 605 606 607 608 609 610 611 612 613 614]] [41 [615 616 617 618 619 620 621 622 623 624 625 626 627 628 629]] [42 [630 631 632 633 634 635 636 637 638 639 640 641 642 643 644]] [43 [645 646 647 648 649 650 651 652 653 654 655 656 657 658 659]] [44 [660 661 662 663 664 665 666 667 668 669 670 671 672 673 674]] [45 [675 676 677 678 679 680 681 682 683 684 685 686 687 688 689]] [46 [690 691 692 693 694 695 696 697 698 699 700 701 702 703 704]] [47 [705 706 707 708 709 710 711 712 713 714 715 716 717 718 719]] [48 [720 721 722 723 724 725 726 727 728 729 730 731 732 733 734]] [49 [735 736 737 738 739 740 741 742 743 744 745 746 747 748 749]] [50 [750 751 752 753 754 755 756 757 758 759 760 761 762 763 764]] [51 [765 766 767 768 769 770 771 772 773 774 775 776 777 778 779]] [52 [780 781 782 783 784 785 786 787 788 789 790 791 792 793 794]] [53 [795 796 797 798 799 800 801 802 803 804 805 806 807 808 809]] [54 [810 811 812 813 814 815 816 817 818 819 820 821 822 823 824]] [55 [825 826 827 828 829 830 831 832 833 834 835 836 837 838 839]] [56 [840 841 842 843 844 845 846 847 848 849 850 851 852 853 854]] [57 [855 856 857 858 859 860 861 862 863 864 865 866 867 868 869]] [58 [870 871 872 873 874 875 876 877 878 879 880 881 882 883 884]] [59 [885 886 887 888 889 890 891 892 893 894 895 896 897 898 899]] [60 [900 901 902 903 904 905 906 907 908 909 910 911 912 913 914]] [61 [915 916 917 918 919 920 921 922 923 924 925 926 927 928 929]] [62 [930 931 932 933 934 935 936 937 938 939 940 941 942 943 944]] [63 [945 946 947 948 949 950 951 952 953 954 955 956 957 958 959]] [64 [960 961 962 963 964 965 966 967 968 969 970 971 972 973 974]] [65 [975 976 977 978 979 980 981 982 983 984 985 986 987 988 989]] [66 [990 991 992 993 994 995 996 997 998 999 1000 1001 1002 1003 1004]] [67 [1005 1006 1007 1008 1009 1010 1011 1012 1013 1014 1015 1016 1017 1018 1019]] [68 [1020 1021 1022 1023 1024 1025 1026 1027 1028 1029 1030 1031 1032 1033 1034]] [69 [1035 1036 1037 1038 1039 1040 1041 1042 1043 1044 1045 1046 1047 1048 1049]] [70 [1050 1051 1052 1053 1054 1055 1056 1057 1058 1059 1060 1061 1062 1063 1064]] [71 [1065 1066 1067 1068 1069 1070 1071 1072 1073 1074 1075 1076 1077 1078 1079]] [72 [1080 1081 1082 1083 1084 1085 1086 1087 1088 1089 1090 1091 1092 1093 1094]] [73 [1095 1096 1097 1098 1099 1100 1101 1102 1103 1104 1105 1106 1107 1108 1109]] [74 [1110 1111 1112 1113 1114 1115 1116 1117 1118 1119 1120 1121 1122 1123 1124]] [75 [1125 1126 1127 1128 1129 1130 1131 1132 1133 1134 1135 1136 1137 1138 1139]] [76 [1140 1141 1142 1143 1144 1145 1146 1147 1148 1149 1150 1151 1152 1153 1154]] [77 [1155 1156 1157 1158 1159 1160 1161 1162 1163 1164 1165 1166 1167 1168 1169]] [78 [1170 1171 1172 1173 1174 1175 1176 1177 1178 1179 1180 1181 1182 1183 1184]] [79 [1185 1186 1187 1188 1189 1190 1191 1192 1193 1194 1195 1196 1197 1198 1199]] [80 [1200 1201 1202 1203 1204 1205 1206 1207 1208 1209 1210 1211 1212 1213 1214]] [81 [1215 1216 1217 1218 1219 1220 1221 1222 1223 1224 1225 1226 1227 1228 1229]] [82 [1230 1231 1232 1233 1234 1235 1236 1237 1238 1239 1240 1241 1242 1243 1244]] [83 [1245 1246 1247 1248 1249 1250 1251 1252 1253 1254 1255 1256 1257 1258 1259]] [84 [1260 1261 1262 1263 1264 1265 1266 1267 1268 1269 1270 1271 1272 1273 1274]] [85 [1275 1276 1277 1278 1279 1280 1281 1282 1283 1284 1285 1286 1287 1288 1289]] [86 [1290 1291 1292 1293 1294 1295 1296 1297 1298 1299 1300 1301 1302 1303 1304]] [87 [1305 1306 1307 1308 1309 1310 1311 1312 1313 1314 1315 1316 1317 1318 1319]] [88 [1320 1321 1322 1323 1324 1325 1326 1327 1328 1329 1330 1331 1332 1333 1334]] [89 [1335 1336 1337 1338 1339 1340 1341 1342 1343 1344 1345 1346 1347 1348 1349]] [90 [1350 1351 1352 1353 1354 1355 1356 1357 1358 1359 1360 1361 1362 1363 1364]] [91 [1365 1366 1367 1368 1369 1370 1371 1372 1373 1374 1375 1376 1377 1378 1379]] [92 [1380 1381 1382 1383 1384 1385 1386 1387 1388 1389 1390 1391 1392 1393 1394]] [93 [1395 1396 1397 1398 1399 1400 1401 1402 1403 1404 1405 1406 1407 1408 1409]] [94 [1410 1411 1412 1413 1414 1415 1416 1417 1418 1419 1420 1421 1422 1423 1424]] [95 [1425 1426 1427 1428 1429 1430 1431 1432 1433 1434 1435 1436 1437 1438 1439]] [96 [1440 1441 1442 1443 1444 1445 1446 1447 1448 1449 1450 1451 1452 1453 1454]] [97 [1455 1456 1457 1458 1459 1460 1461 1462 1463 1464 1465 1466 1467 1468 1469]] [98 [1470 1471 1472 1473 1474 1475 1476 1477 1478 1479 1480 1481 1482 1483 1484]] [99 [1485 1486 1487 1488 1489 1490 1491 1492 1493 1494 1495 1496 1497 1498 1499]]]","[[0 [3 4 5 6 7 8 9 10 11 12 13 14]] [1 [15 16 17 18 19 20 21 22 23 24 25 26 27 28 29]] [2 [30 31 32 33 34 35 36 37 38 39 40 41 42 43 44]] [3 [45 46 47 48 49 50 51 52 53 54 55 56 57 58 59]] [4 [60 61 62 63 64 65 66 67 68 69 70 71 72 73 74]] [5 [75 76 77 78 79 80 81 82 83 84 85 86 87 88 89]] [6 [90 91 92 93 94 95 96 97 98 99 100 101 102 103 104]] [7 [105 106 107 108 109 110 111 112 113 114 115 116 117 118 119]] [8 [120 121 122 123 124 125 126 127 128 129 130 131 132 133 134]] [9 [135 136 137 138 139 140 141 142 143 144 145 146 147 148 149]] [10 [150 151 152 153 154 155 156 157 158 159 160 161 162 163 164]] [11 [165 166 167 168 169 170 171 172 173 174 175 176 177 178 179]] [12 [180 181 182 183 184 185 186 187 188 189 190 191 192 193 194]] [13 [195 196 197 198 199 200 201 202 203 204 205 206 207 208 209]] [14 [210 211 212 213 214 215 216 217 218 219 220 221 222 223 224]] [15 [225 226 227 228 229 230 231 232 233 234 235 236 237 238 239]] [16 [240 241 242 243 244 245 246 247 248 249 250 251 252 253 254]] [17 [255 256 257 258 259 260 261 262 263 264 265 266 267 268 269]] [18 [270 271 272 273 274 275 276 277 278 279 280 281 282 283 284]] [19 [285 286 287 288 289 290 291 292 293 294 295 296 297 298 299]] [20 [300 301 302 303 304 305 306 307 308 309 310 311 312 313 314]] [21 [315 316 317 318 319 320 321 322 323 324 325 326 327 328 329]] [22 [330 331 332 333 334 335 336 337 338 339 340 341 342 343 344]] [23 [345 346 347 348 349 350 351 352 353 354 355 356 357 358 359]] [24 [360 361 362 363 364 365 366 367 368 369 370 371 372 373 374]] [25 [375 376 377 378 379 380 381 382 383 384 385 386 387 388 389]] [26 [390 391 392 393 394 395 396 397 398 399 400 401 402 403 404]] [27 [405 406 407 408 409 410 411 412 413 414 415 416 417 418 419]] [28 [420 421 422 423 424 425 426 427 428 429 430 431 432 433 434]] [29 [435 436 437 438 439 440 441 442 443 444 445 446 447 448 449]] [30 [450 451 452 453 454 455 456 457 458 459 460 461 462 463 464]] [31 [465 466 467 468 469 470 471 472 473 474 475 476 477 478 479]] [32 [480 481 482 483 484 485 486 487 488 489 490 491 492 493 494]] [33 [495 496 497 498 499 500 501 502 503 504 505 506 507 508 509]] [34 [510 511 512 513 514 515 516 517 518 519 520 521 522 523 524]] [35 [525 526 527 528 529 530 531 532 533 534 535 536 537 538 539]] [36 [540 541 542 543 544 545 546 547 548 549 550 551 552 553 554]] [37 [555 556 557 558 559 560 561 562 563 564 565 566 567 568 569]] [38 [570 571 572 573 574 575 576 577 578 579 580 581 582 583 584]] [39 [585 586 587 588 589 590 591 592 593 594 595 596 597 598 599]] [40 [600 601 602 603 604 605 606 607 608 609 610 611 612 613 614]] [41 [615 616 617 618 619 620 621 622 623 624 625 626 627 628 629]] [42 [630 631 632 633 634 635 636 637 638 639 640 641 642 643 644]] [43 [645 646 647 648 649 650 651 652 653 654 655 656 657 658 659]] [44 [660 661 662 663 664 665 666 667 668 669 670 671 672 673 674]] [45 [675 676 677 678 679 680 681 682 683 684 685 686 687 688 689]] [46 [690 691 692 693 694 695 696 697 698 699 700 701 702 703 704]] [47 [705 706 707 708 709 710 711 712 713 714 715 716 717 718 719]] [48 [720 721 722 723 724 725 726 727 728 729 730 731 732 733 734]] [49 [735 736 737 738 739 740 741 742 743 744 745 746 747 748 749]] [50 [750 751 752 753 754 755 756 757 758 759 760 761 762 763 764]] [51 [765 766 767 768 769 770 771 772 773 774 775 776 777 778 779]] [52 [780 781 782 783 784 785 786 787 788 789 790 791 792 793 794]] [53 [795 796 797 798 799 800 801 802 803 804 805 806 807 808 809]] [54 [810 811 812 813 814 815 816 817 818 819 820 821 822 824]] [55 [825 826 827 828 829 830 831 832 833 834 835 836 837 838 839]] [56 [840 841 842 843 844 845 846 847 848 849 850 851 852 853 854]] [57 [855 856 857 858 859 860 861 862 863 864 865 866 867 868 869]] [58 [870 871 872 873 874 875 876 877 878 879 880 881 882 883 884]] [59 [885 886 887 888 889 890 891 892 893 894 895 896 897 898 899]] [60 [900 901 902 903 904 905 906 907 908 909 910 911 912 913 914]] [61 [915 916 917 918 919 920 921 922 923 924 925 926 927 928 929]] [62 [930 931 932 933 934 935 936 937 938 939 940 941 942 943 944]] [63 [945 946 947 948 949 950 951 952 953 954 955 956 957 958 959]] [64 [960 961 962 963 964 965 966 967 968 969 970 971 972 973 974]] [65 [975 976 977 978 979 980 981 982 983 984 985 986 987 988 989]] [66 [990 991 992 993 994 995 996 997 998 999 1000 1001 1002 1003 1004]] [67 [1005 1006 1007 1008 1009 1010 1011 1012 1013 1014 1015 1016 1017 1018 1019]] [68 [1020 1021 1022 1023 1024 1025 1026 1027 1028 1029 1030 1031 1032 1033 1034]] [69 [1035 1036 1037 1038 1039 1040 1041 1042 1043 1044 1045 1046 1047 1048 1049]] [70 [1050 1051 1052 1053 1054 1055 1056 1057 1058 1059 1060 1061 1062 1063 1064]] [71 [1065 1066 1067 1068 1069 1070 1071 1072 1073 1074 1075 1076 1077 1078 1079]] [72 [1080 1081 1082 1083 1084 1085 1086 1087 1088 1089 1090 1091 1092 1093 1094]] [73 [1095 1096 1097 1098 1099 1100 1101 1102 1103 1104 1105 1106 1107 1108 1109]] [74 [1110 1111 1112 1113 1114 1115 1116 1117 1118 1119 1120 1121 1122 1123 1124]] [75 [1125 1126 1127 1128 1129 1130 1131 1132 1133 1134 1135 1136 1137 1138 1139]] [76 [1140 1141 1142 1143 1144 1145 1146 1147 1148 1149 1150 1151 1152 1153 1154]] [77 [1155 1156 1157 1158 1159 1160 1161 1162 1163 1164 1165 1166 1167 1168 1169]] [78 [1170 1171 1172 1173 1174 1175 1176 1177 1178 1179 1180 1181 1182 1183 1184]] [79 [1185 1186 1187 1188 1189 1190 1191 1192 1193 1194 1195 1196 1197 1198 1199]] [80 [1200 1201 1202 1203 1204 1205 1206 1207 1208 1209 1210 1211 1212 1213 1214]] [81 [1215 1216 1217 1218 1219 1220 1221 1222 1223 1224 1225 1226 1227 1228 1229]] [82 [1230 1231 1232 1233 1234 1235 1236 1237 1238 1239 1240 1241 1242 1243 1244]] [83 [1245 1246 1247 1248 1249 1250 1251 1252 1253 1254 1255 1256 1257 1258 1259]] [84 [1260 1261 1262 1263 1264 1265 1266 1267 1268 1269 1270 1271 1272 1273 1274]] [85 [1275 1276 1277 1278 1279 1280 1281 1282 1283 1284 1285 1286 1287 1288 1289]] [86 [1290 1291 1292 1293 1294 1295 1296 1297 1298 1299 1300 1301 1302 1303 1304]] [87 [1305 1306 1307 1308 1309 1310 1311 1312 1313 1314 1315 1316 1317 1318 1319]] [88 [1320 1321 1322 1323 1324 1325 1326 1327 1328 1329 1330 1331 1332 1333 1334]] [89 [1335 1336 1337 1338 1339 1340 1341 1342 1343 1344 1345 1346 1347 1348 1349]] [90 [1350 1351 1352 1353 1354 1355 1356 1357 1358 1359 1360 1361 1362 1363 1364]] [91 [1365 1366 1367 1368 1369 1370 1371 1372 1373 1374 1375 1376 1377 1378 1379]] [92 [1380 1381 1382 1383 1384 1385 1386 1387 1388 1389 1390 1391 1392 1393 1394]] [93 [1395 1396 1397 1398 1399 1400 1401 1402 1403 1404 1405 1406 1407 1408 1409]] [94 [1410 1411 1412 1413 1414 1415 1416 1417 1418 1419 1420 1421 1422 1423 1424]] [95 [1425 1426 1427 1428 1429 1430 1431 1432 1433 1434 1435 1436 1437 1438 1439]] [96 [1440 1441 1442 1443 1444 1445 1446 1447 1448 1449 1450 1451 1452 1453 1454]] [97 [1455 1456 1457 1458 1459 1460 1461 1462 1463 1464 1465 1466 1467 1468 1469]] [98 [1470 1471 1472 1473 1474 1475 1476 1477 1478 1479 1480 1481 1482 1483 1484]] [99 [1485 1486 1487 1488 1489 1490 1491 1492 1493 1494 1495 1496 1497 1498 1499]]]",,"[[{media 50} [[""A"" [4 4 4 4 4 4 4 4 4 4]]]] [{media 51} [[""A"" [4 4 4 4 4 4 4 4 4 4]]]] [{media 52} [[""A"" [4 4 4 4 4 4 4 4 4 4]]]] [{media 53} [[""A"" [4 4 4 4 4 4 4 4 4 4]]]] [{media 54} [[""A"" [4 4 4 4 4 4 4 4 4 4]]]] [{media 55} [[""A"" [4 4 4 4 4 4 4 4 4 4]]]] [{media 56} [[""A"" [4 4 4 4 4 4 4 4 4 4]]]] [{media 57} [[""A"" [4 4 4 4 4 4 4 4 4 4]]]] [{media 58} [[""A"" [4 4 4 4 4 4 4 4 4 4]]]] [{media 62} [[""A"" [4 4 4 4 4 4 4 4 4 4]]]] [{citizen 26} [[""A"" [4 4 4 4 4 4 4 4 4 4]]]] [{media 63} [[""A"" [4 4 4 4 4 4 4 4 4 4]]]] [{citizen 6} [[""A"" [4 4 4 4 4 4 4 4 4 4]]]] [{citizen 20} [[""A"" [4 4 4 4 4 4 4 4 4 4]]]] [{citizen 1} [[""A"" [4 4 4 4 4 4 4 4 4 4]]]] [{media 59} [[""A"" [4 4 4 4 4 4 4 4 4 4]]]] [{citizen 2} [[""A"" [4 4 4 4 4 4 4 4 4 4]]]] [{citizen 5} [[""A"" [4 4 4 4 4 4 4 4 4 4]]]] [{citizen 8} [[""A"" [4 4 4 4 4 4 4 4 4 4]]]] [{citizen 14} [[""A"" [4 4 4 4 4 4 4 4 4 4]]]] [{media 60} [[""A"" [4 4 4 4 4 4 4 4 4 4]]]] [{citizen 15} [[""A"" [4 4 4 4 4 4 4 4 4 4]]]] [{media 64} [[""A"" [4 4 4 4 4 4 4 4 4 4]]]] [{citizen 9} [[""A"" [4 4 4 4 4 4 4 4 4 4]]]] [{citizen 0} [[""A"" [4 4 4 4 4 4 4 4 4 4]]]] [{media 61} [[""A"" [4 4 4 4 4 4 4 4 4 4]]]] [{citizen 49} [[""A"" [4 4 4 4 4 4 4 4 4 4]]]] [{citizen 17} [[""A"" [4 4 4 4 4 4 4 4 4 4]]]] [{citizen 24} [[""A"" [4 4 4 4 4 4 4 4 4 4]]]] [{citizen 21} [[""A"" [4 4 4 4 4 4 4 4 4 4]]]] [{citizen 7} [[""A"" [4 4 4 4 4 4 4 4 4 4]]]] [{citizen 23} [[""A"" [4 4 4 4 4 4 4 4 4 4]]]] [{citizen 11} [[""A"" [4 4 4 4 4 4 4 4 4 4]]]] [{citizen 44} [[""A"" [4 4 4 4 4 4 4 4 4 4]]]] [{citizen 4} [[""A"" [4 4 4 4 4 4 4 4 4 4]]]] [{citizen 32} [[""A"" [4 4 4 4 4 4 4 4 4 4]]]] [{citizen 19} [[""A"" [4 4 4 4 4 4 4 4 4 4]]]] [{citizen 42} [[""A"" [4 4 4 4 4 4 4 4 4 4]]]] [{citizen 35} [[""A"" [4 4 4 4 4 4 4 4 4 4]]]] [{citizen 27} [[""A"" [4 4 4 4 4 4 4 4 4 4]]]] [{citizen 37} [[""A"" [4 4 4 4 4 4 4 4 4 4]]]] [{citizen 30} [[""A"" [4 4 4 4 4 4 4 4 4 4]]]] [{citizen 31} [[""A"" [4 4 4 4 4 4 4 4 4 4]]]] [{citizen 36} [[""A"" [4 4 4 4 4 4 4 4 4 4]]]] [{citizen 45} [[""A"" [4 4 4 4 4 4 4 4 4 4]]]] [{citizen 16} [[""A"" [4 4 4 4 4 4 4 4 4 4]]]] [{citizen 40} [[""A"" [4 4 4 4 4 4 4 4 4 4]]]] [{citizen 13} [[""A"" [4 4 4 4 4 4 4 4 4 4]]]] [{citizen 41} [[""A"" [4 4 4 4 4 4 4 4 4 4]]]] [{citizen 12} [[""A"" [4 4 4 4 4 4 4 4 4 4]]]] [{citizen 10} [[""A"" [4 4 4 4 4 4 4 4 4 4]]]] [{citizen 43} [[""A"" [4 4 4 4 4 4 4 4 4 4]]]] [{citizen 34} [[""A"" [4 4 4 4 4 4 4 4 4 4]]]] [{citizen 28} [[""A"" [4 4 4 4 4 4 4 4 4 4]]]] [{citizen 39} [[""A"" [4 4 4 4 4 4 4 4 4 4]]]] [{citizen 22} [[""A"" [4 4 4 4 4 4 4 4 4 4]]]] [{citizen 29} [[""A"" [4 4 4 4 4 4 4 4 4 4]]]] [{citizen 48} [[""A"" [4 4 4 4 4 4 4 4 4 4]]]] [{citizen 38} [[""A"" [4 4 4 4 4 4 4 4 4 4]]]] [{citizen 47} [[""A"" [4 4 4 4 4 4 4 4 4 4]]]] [{citizen 3} [[""A"" [4 4 4 4 4 4 4 4 4 4]]]]]"
"47","[85 0 170]","329.36170212765967","-4.999303497755054","8.924436397001381","""circle""","""""","9.9","{breed citizens}","false","0.5","1","""up""",,"[[""ID"" 9] [""alpha"" 1] [""beta"" 1] [""malleable"" [""A""]] [""prior"" []] [""cont_tokens"" []] [""A"" 4]]","[[0 [0 1 2 3 4 5 6 7 8 9 10 11 12 13 14]] [1 [15 16 17 18 19 20 21 22 23 24 25 26 27 28 29]] [2 [30 31 32 33 34 35 36 37 38 39 40 41 42 43 44]] [3 [45 46 47 48 49 50 51 52 53 54 55 56 57 58 59]] [4 [60 61 62 63 64 65 66 67 68 69 70 71 72 73 74]] [5 [75 76 77 78 79 80 81 82 83 84 85 86 87 88 89]] [6 [90 91 92 93 94 95 96 97 98 99 100 101 102 103 104]] [7 [105 106 107 108 109 110 111 112 113 114 115 116 117 118 119]] [8 [120 121 122 123 124 125 126 127 128 129 130 131 132 133 134]] [9 [135 136 137 138 139 140 141 142 143 144 145 146 147 148 149]] [10 [150 151 152 153 154 155 156 157 158 159 160 161 162 163 164]] [11 [165 166 167 168 169 170 171 172 173 174 175 176 177 178 179]] [12 [180 181 182 183 184 185 186 187 188 189 190 191 192 193 194]] [13 [195 196 197 198 199 200 201 202 203 204 205 206 207 208 209]] [14 [210 211 212 213 214 215 216 217 218 219 220 221 222 223 224]] [15 [225 226 227 228 229 230 231 232 233 234 235 236 237 238 239]] [16 [240 241 242 243 244 245 246 247 248 249 250 251 252 253 254]] [17 [255 256 257 258 259 260 261 262 263 264 265 266 267 268 269]] [18 [270 271 272 273 274 275 276 277 278 279 280 281 282 283 284]] [19 [285 286 287 288 289 290 291 292 293 294 295 296 297 298 299]] [20 [300 301 302 303 304 305 306 307 308 309 310 311 312 313 314]] [21 [315 316 317 318 319 320 321 322 323 324 325 326 327 328 329]] [22 [330 331 332 333 334 335 336 337 338 339 340 341 342 343 344]] [23 [345 346 347 348 349 350 351 352 353 354 355 356 357 358 359]] [24 [360 361 362 363 364 365 366 367 368 369 370 371 372 373 374]] [25 [375 376 377 378 379 380 381 382 383 384 385 386 387 388 389]] [26 [390 391 392 393 394 395 396 397 398 399 400 401 402 403 404]] [27 [405 406 407 408 409 410 411 412 413 414 415 416 417 418 419]] [28 [420 421 422 423 424 425 426 427 428 429 430 431 432 433 434]] [29 [435 436 437 438 439 440 441 442 443 444 445 446 447 448 449]] [30 [450 451 452 453 454 455 456 457 458 459 460 461 462 463 464]] [31 [465 466 467 468 469 470 471 472 473 474 475 476 477 478 479]] [32 [480 481 482 483 484 485 486 487 488 489 490 491 492 493 494]] [33 [495 496 497 498 499 500 501 502 503 504 505 506 507 508 509]] [34 [510 511 512 513 514 515 516 517 518 519 520 521 522 523 524]] [35 [525 526 527 528 529 530 531 532 533 534 535 536 537 538 539]] [36 [540 541 542 543 544 545 546 547 548 549 550 551 552 553 554]] [37 [555 556 557 558 559 560 561 562 563 564 565 566 567 568 569]] [38 [570 571 572 573 574 575 576 577 578 579 580 581 582 583 584]] [39 [585 586 587 588 589 590 591 592 593 594 595 596 597 598 599]] [40 [600 601 602 603 604 605 606 607 608 609 610 611 612 613 614]] [41 [615 616 617 618 619 620 621 622 623 624 625 626 627 628 629]] [42 [630 631 632 633 634 635 636 637 638 639 640 641 642 643 644]] [43 [645 646 647 648 649 650 651 652 653 654 655 656 657 658 659]] [44 [660 661 662 663 664 665 666 667 668 669 670 671 672 673 674]] [45 [675 676 677 678 679 680 681 682 683 684 685 686 687 688 689]] [46 [690 691 692 693 694 695 696 697 698 699 700 701 702 703 704]] [47 [705 706 707 708 709 710 711 712 713 714 715 716 717 718 719]] [48 [720 721 722 723 724 725 726 727 728 729 730 731 732 733 734]] [49 [735 736 737 738 739 740 741 742 743 744 745 746 747 748 749]] [50 [750 751 752 753 754 755 756 757 758 759 760 761 762 763 764]] [51 [765 766 767 768 769 770 771 772 773 774 775 776 777 778 779]] [52 [780 781 782 783 784 785 786 787 788 789 790 791 792 793 794]] [53 [795 796 797 798 799 800 801 802 803 804 805 806 807 808 809]] [54 [810 811 812 813 814 815 816 817 818 819 820 821 822 823 824]] [55 [825 826 827 828 829 830 831 832 833 834 835 836 837 838 839]] [56 [840 841 842 843 844 845 846 847 848 849 850 851 852 853 854]] [57 [855 856 857 858 859 860 861 862 863 864 865 866 867 868 869]] [58 [870 871 872 873 874 875 876 877 878 879 880 881 882 883 884]] [59 [885 886 887 888 889 890 891 892 893 894 895 896 897 898 899]] [60 [900 901 902 903 904 905 906 907 908 909 910 911 912 913 914]] [61 [915 916 917 918 919 920 921 922 923 924 925 926 927 928 929]] [62 [930 931 932 933 934 935 936 937 938 939 940 941 942 943 944]] [63 [945 946 947 948 949 950 951 952 953 954 955 956 957 958 959]] [64 [960 961 962 963 964 965 966 967 968 969 970 971 972 973 974]] [65 [975 976 977 978 979 980 981 982 983 984 985 986 987 988 989]] [66 [990 991 992 993 994 995 996 997 998 999 1000 1001 1002 1003 1004]] [67 [1005 1006 1007 1008 1009 1010 1011 1012 1013 1014 1015 1016 1017 1018 1019]] [68 [1020 1021 1022 1023 1024 1025 1026 1027 1028 1029 1030 1031 1032 1033 1034]] [69 [1035 1036 1037 1038 1039 1040 1041 1042 1043 1044 1045 1046 1047 1048 1049]] [70 [1050 1051 1052 1053 1054 1055 1056 1057 1058 1059 1060 1061 1062 1063 1064]] [71 [1065 1066 1067 1068 1069 1070 1071 1072 1073 1074 1075 1076 1077 1078 1079]] [72 [1080 1081 1082 1083 1084 1085 1086 1087 1088 1089 1090 1091 1092 1093 1094]] [73 [1095 1096 1097 1098 1099 1100 1101 1102 1103 1104 1105 1106 1107 1108 1109]] [74 [1110 1111 1112 1113 1114 1115 1116 1117 1118 1119 1120 1121 1122 1123 1124]] [75 [1125 1126 1127 1128 1129 1130 1131 1132 1133 1134 1135 1136 1137 1138 1139]] [76 [1140 1141 1142 1143 1144 1145 1146 1147 1148 1149 1150 1151 1152 1153 1154]] [77 [1155 1156 1157 1158 1159 1160 1161 1162 1163 1164 1165 1166 1167 1168 1169]] [78 [1170 1171 1172 1173 1174 1175 1176 1177 1178 1179 1180 1181 1182 1183 1184]] [79 [1185 1186 1187 1188 1189 1190 1191 1192 1193 1194 1195 1196 1197 1198 1199]] [80 [1200 1201 1202 1203 1204 1205 1206 1207 1208 1209 1210 1211 1212 1213 1214]] [81 [1215 1216 1217 1218 1219 1220 1221 1222 1223 1224 1225 1226 1227 1228 1229]] [82 [1230 1231 1232 1233 1234 1235 1236 1237 1238 1239 1240 1241 1242 1243 1244]] [83 [1245 1246 1247 1248 1249 1250 1251 1252 1253 1254 1255 1256 1257 1258 1259]] [84 [1260 1261 1262 1263 1264 1265 1266 1267 1268 1269 1270 1271 1272 1273 1274]] [85 [1275 1276 1277 1278 1279 1280 1281 1282 1283 1284 1285 1286 1287 1288 1289]] [86 [1290 1291 1292 1293 1294 1295 1296 1297 1298 1299 1300 1301 1302 1303 1304]] [87 [1305 1306 1307 1308 1309 1310 1311 1312 1313 1314 1315 1316 1317 1318 1319]] [88 [1320 1321 1322 1323 1324 1325 1326 1327 1328 1329 1330 1331 1332 1333 1334]] [89 [1335 1336 1337 1338 1339 1340 1341 1342 1343 1344 1345 1346 1347 1348 1349]] [90 [1350 1351 1352 1353 1354 1355 1356 1357 1358 1359 1360 1361 1362 1363 1364]] [91 [1365 1366 1367 1368 1369 1370 1371 1372 1373 1374 1375 1376 1377 1378 1379]] [92 [1380 1381 1382 1383 1384 1385 1386 1387 1388 1389 1390 1391 1392 1393 1394]] [93 [1395 1396 1397 1398 1399 1400 1401 1402 1403 1404 1405 1406 1407 1408 1409]] [94 [1410 1411 1412 1413 1414 1415 1416 1417 1418 1419 1420 1421 1422 1423 1424]] [95 [1425 1426 1427 1428 1429 1430 1431 1432 1433 1434 1435 1436 1437 1438 1439]] [96 [1440 1441 1442 1443 1444 1445 1446 1447 1448 1449 1450 1451 1452 1453 1454]] [97 [1455 1456 1457 1458 1459 1460 1461 1462 1463 1464 1465 1466 1467 1468 1469]] [98 [1470 1471 1472 1473 1474 1475 1476 1477 1478 1479 1480 1481 1482 1483 1484]] [99 [1485 1486 1487 1488 1489 1490 1491 1492 1493 1494 1495 1496 1497 1498 1499]]]","[[0 [0 1 2 3 4 5 6 7 8 9 10 11 12 13 14]] [1 [15 16 17 18 19 20 21 22 23 24 25 26 27 28 29]] [2 [30 31 32 33 34 35 36 37 38 39 40 41 42 43 44]] [3 [45 46 47 48 49 50 51 52 53 54 55 56 57 58 59]] [4 [60 61 62 63 64 65 66 67 68 69 70 71 72 73 74]] [5 [75 76 77 78 79 80 81 82 83 84 85 86 87 88 89]] [6 [90 91 92 93 94 95 96 97 98 99 100 101 102 103 104]] [7 [105 106 107 108 109 110 111 112 113 114 115 116 117 118 119]] [8 [120 121 122 123 124 125 126 127 128 129 130 131 132 133 134]] [9 [135 136 137 138 139 140 141 142 143 144 145 146 147 148 149]] [10 [150 151 152 153 154 155 156 157 158 159 160 161 162 163 164]] [11 [165 166 167 168 169 170 171 172 173 174 175 176 177 178 179]] [12 [180 181 182 183 184 185 186 187 188 189 190 191 192 193 194]] [13 [195 196 197 198 199 200 201 202 203 204 205 206 207 208 209]] [14 [210 211 212 213 214 215 216 217 218 219 220 221 222 223 224]] [15 [225 226 227 228 229 230 231 232 233 234 235 236 237 238 239]] [16 [240 241 242 243 244 245 246 247 248 249 250 251 252 253 254]] [17 [255 256 257 258 259 260 261 262 263 264 265 266 267 268 269]] [18 [270 271 272 273 274 275 276 277 278 279 280 281 282 283 284]] [19 [285 286 287 288 289 290 291 292 293 294 295 296 297 298 299]] [20 [300 301 302 303 304 305 306 307 308 309 310 311 312 313 314]] [21 [315 316 317 318 319 320 321 322 323 324 325 326 327 328 329]] [22 [330 331 332 333 334 335 336 337 338 339 340 341 342 343 344]] [23 [345 346 347 348 349 350 351 352 353 354 355 356 357 358 359]] [24 [360 361 362 363 364 365 366 367 368 369 370 371 372 373 374]] [25 [375 376 377 378 379 380 381 382 383 384 385 386 387 388 389]] [26 [390 391 392 393 394 395 396 397 398 399 400 401 402 403 404]] [27 [405 406 407 408 409 410 411 412 413 414 415 416 417 418 419]] [28 [420 421 422 423 424 425 426 427 428 429 430 431 432 433 434]] [29 [435 436 437 438 439 440 441 442 443 444 445 446 447 448 449]] [30 [450 451 452 453 454 455 456 457 458 459 460 461 462 463 464]] [31 [465 466 467 468 469 470 471 472 473 474 475 476 477 478 479]] [32 [480 481 482 483 484 485 486 487 488 489 490 491 492 493 494]] [33 [495 496 497 498 499 500 501 502 503 504 505 506 507 508 509]] [34 [510 511 512 513 514 515 516 517 518 519 520 521 522 523 524]] [35 [525 526 527 528 529 530 531 532 533 534 535 536 537 538 539]] [36 [540 541 542 543 544 545 546 547 548 549 550 551 552 553 554]] [37 [555 556 557 558 559 560 561 562 563 564 565 566 567 568 569]] [38 [570 571 572 573 574 575 576 577 578 579 580 581 582 583 584]] [39 [585 586 587 588 589 590 591 592 593 594 595 596 597 598 599]] [40 [600 601 602 603 604 605 606 607 608 609 610 611 612 613 614]] [41 [615 616 617 618 619 620 621 622 623 624 625 626 627 628 629]] [42 [630 631 632 633 634 635 636 637 638 639 640 641 642 643 644]] [43 [645 646 647 648 649 650 651 652 653 654 655 656 657 658 659]] [44 [660 661 662 663 664 665 666 667 668 669 670 671 672 673 674]] [45 [675 676 677 678 679 680 681 682 683 684 685 686 687 688 689]] [46 [690 691 692 693 694 695 696 697 698 699 700 701 702 703 704]] [47 [705 706 707 708 709 710 711 712 713 714 715 716 717 718 719]] [48 [720 721 722 723 724 725 726 727 728 729 730 731 732 733 734]] [49 [735 736 737 738 739 740 741 742 743 744 745 746 747 748 749]] [50 [750 751 752 753 754 755 756 757 758 759 760 761 762 763 764]] [51 [765 766 767 768 769 770 771 772 773 774 775 776 777 778 779]] [52 [780 781 782 783 784 785 786 787 788 789 790 791 792 793 794]] [53 [795 796 797 798 799 800 801 802 803 804 805 806 807 808 809]] [54 [810 811 812 813 814 815 816 817 818 819 820 821 822 823 824]] [55 [825 826 827 828 829 830 831 832 833 834 835 836 837 838 839]] [56 [840 841 842 843 844 845 846 847 848 849 850 851 852 853 854]] [57 [855 856 857 858 859 860 861 862 863 864 865 866 867 868 869]] [58 [870 871 872 873 874 875 876 877 878 879 880 881 882 883 884]] [59 [885 886 887 888 889 890 891 892 893 894 895 896 897 898 899]] [60 [900 901 902 903 904 905 906 907 908 909 910 911 912 913 914]] [61 [915 916 917 918 919 920 921 922 923 924 925 926 927 928 929]] [62 [930 931 932 933 934 935 936 937 938 939 940 941 942 943 944]] [63 [945 946 947 948 949 950 951 952 953 954 955 956 957 958 959]] [64 [960 961 962 963 964 965 966 967 968 969 970 971 972 973 974]] [65 [975 976 977 978 979 980 981 982 983 984 985 986 987 988 989]] [66 [990 991 992 993 994 995 996 997 998 999 1000 1001 1002 1003 1004]] [67 [1005 1006 1007 1008 1009 1010 1011 1012 1013 1014 1015 1016 1017 1018 1019]] [68 [1020 1021 1022 1023 1024 1025 1026 1027 1028 1029 1030 1031 1032 1033 1034]] [69 [1035 1036 1037 1038 1039 1040 1041 1042 1043 1044 1045 1046 1047 1048 1049]] [70 [1050 1051 1052 1053 1054 1055 1056 1057 1058 1059 1060 1061 1062 1063 1064]] [71 [1065 1066 1067 1068 1069 1070 1071 1072 1073 1074 1075 1076 1077 1078 1079]] [72 [1080 1081 1082 1083 1084 1085 1086 1087 1088 1089 1090 1091 1092 1093 1094]] [73 [1095 1096 1097 1098 1099 1100 1101 1102 1103 1104 1105 1106 1107 1108 1109]] [74 [1110 1111 1112 1113 1114 1115 1116 1117 1118 1119 1120 1121 1122 1123 1124]] [75 [1125 1126 1127 1128 1129 1130 1131 1132 1133 1134 1135 1136 1137 1138 1139]] [76 [1140 1141 1142 1143 1144 1145 1146 1147 1148 1149 1150 1151 1152 1153 1154]] [77 [1155 1156 1157 1158 1159 1160 1161 1162 1163 1164 1165 1166 1167 1168 1169]] [78 [1170 1171 1172 1173 1174 1175 1176 1177 1178 1179 1180 1181 1182 1183 1184]] [79 [1185 1186 1187 1188 1189 1190 1191 1192 1193 1194 1195 1196 1197 1198 1199]] [80 [1200 1201 1202 1203 1204 1205 1206 1207 1208 1209 1210 1211 1212 1213 1214]] [81 [1215 1216 1217 1218 1219 1220 1221 1222 1223 1224 1225 1226 1227 1228 1229]] [82 [1230 1231 1232 1233 1234 1235 1236 1237 1238 1239 1240 1241 1242 1243 1244]] [83 [1245 1246 1247 1248 1249 1250 1251 1252 1253 1254 1255 1256 1257 1258 1259]] [84 [1260 1261 1262 1263 1264 1265 1266 1267 1268 1269 1270 1271 1272 1273 1274]] [85 [1275 1276 1277 1278 1279 1280 1281 1282 1283 1284 1285 1286 1287 1288 1289]] [86 [1290 1291 1292 1293 1294 1295 1296 1297 1298 1299 1300 1301 1302 1303 1304]] [87 [1305 1306 1307 1308 1309 1310 1311 1312 1313 1314 1315 1316 1317 1318 1319]] [88 [1320 1321 1322 1323 1324 1325 1326 1327 1328 1329 1330 1331 1332 1333 1334]] [89 [1335 1336 1337 1338 1339 1340 1341 1342 1343 1344 1345 1346 1347 1348 1349]] [90 [1350 1351 1352 1353 1354 1355 1356 1357 1358 1359 1360 1361 1362 1363 1364]] [91 [1365 1366 1367 1368 1369 1370 1371 1372 1373 1374 1375 1376 1377 1378 1379]] [92 [1380 1381 1382 1383 1384 1385 1386 1387 1388 1389 1390 1391 1392 1393 1394]] [93 [1395 1396 1397 1398 1399 1400 1401 1402 1403 1404 1405 1406 1407 1408 1409]] [94 [1410 1411 1412 1413 1414 1415 1416 1417 1418 1419 1420 1421 1422 1423 1424]] [95 [1425 1426 1427 1428 1429 1430 1431 1432 1433 1434 1435 1436 1437 1438 1439]] [96 [1440 1441 1442 1443 1444 1445 1446 1447 1448 1449 1450 1451 1452 1453 1454]] [97 [1455 1456 1457 1458 1459 1460 1461 1462 1463 1464 1465 1466 1467 1468 1469]] [98 [1470 1471 1472 1473 1474 1475 1476 1477 1478 1479 1480 1481 1482 1483 1484]] [99 [1485 1486 1487 1488 1489 1490 1491 1492 1493 1494 1495 1496 1497 1498 1499]]]",,"[[{media 50} [[""A"" [4 4 4 4 4 4 4 4 4 4]]]] [{media 51} [[""A"" [4 4 4 4 4 4 4 4 4 4]]]] [{media 52} [[""A"" [4 4 4 4 4 4 4 4 4 4]]]] [{media 53} [[""A"" [4 4 4 4 4 4 4 4 4 4]]]] [{media 54} [[""A"" [4 4 4 4 4 4 4 4 4 4]]]] [{media 55} [[""A"" [4 4 4 4 4 4 4 4 4 4]]]] [{media 56} [[""A"" [4 4 4 4 4 4 4 4 4 4]]]] [{media 57} [[""A"" [4 4 4 4 4 4 4 4 4 4]]]] [{media 58} [[""A"" [4 4 4 4 4 4 4 4 4 4]]]] [{media 62} [[""A"" [4 4 4 4 4 4 4 4 4 4]]]] [{citizen 2} [[""A"" [4 4 4 4 4 4 4 4 4 4]]]] [{citizen 5} [[""A"" [4 4 4 4 4 4 4 4 4 4]]]] [{citizen 15} [[""A"" [4 4 4 4 4 4 4 4 4 4]]]] [{citizen 9} [[""A"" [4 4 4 4 4 4 4 4 4 4]]]] [{citizen 14} [[""A"" [4 4 4 4 4 4 4 4 4 4]]]] [{media 63} [[""A"" [4 4 4 4 4 4 4 4 4 4]]]] [{citizen 6} [[""A"" [4 4 4 4 4 4 4 4 4 4]]]] [{citizen 7} [[""A"" [4 4 4 4 4 4 4 4 4 4]]]] [{citizen 8} [[""A"" [4 4 4 4 4 4 4 4 4 4]]]] [{citizen 1} [[""A"" [4 4 4 4 4 4 4 4 4 4]]]] [{media 59} [[""A"" [4 4 4 4 4 4 4 4 4 4]]]] [{media 60} [[""A"" [4 4 4 4 4 4 4 4 4 4]]]] [{media 64} [[""A"" [4 4 4 4 4 4 4 4 4 4]]]] [{citizen 0} [[""A"" [4 4 4 4 4 4 4 4 4 4]]]] [{media 61} [[""A"" [4 4 4 4 4 4 4 4 4 4]]]] [{citizen 49} [[""A"" [4 4 4 4 4 4 4 4 4 4]]]] [{citizen 17} [[""A"" [4 4 4 4 4 4 4 4 4 4]]]] [{citizen 46} [[""A"" [4 4 4 4 4 4 4 4 4 4]]]] [{citizen 27} [[""A"" [4 4 4 4 4 4 4 4 4 4]]]] [{citizen 45} [[""A"" [4 4 4 4 4 4 4 4 4 4]]]] [{citizen 40} [[""A"" [4 4 4 4 4 4 4 4 4 4]]]] [{citizen 16} [[""A"" [4 4 4 4 4 4 4 4 4 4]]]] [{citizen 35} [[""A"" [4 4 4 4 4 4 4 4 4 4]]]] [{citizen 23} [[""A"" [4 4 4 4 4 4 4 4 4 4]]]] [{citizen 24} [[""A"" [4 4 4 4 4 4 4 4 4 4]]]] [{citizen 44} [[""A"" [4 4 4 4 4 4 4 4 4 4]]]] [{citizen 32} [[""A"" [4 4 4 4 4 4 4 4 4 4]]]] [{citizen 39} [[""A"" [4 4 4 4 4 4 4 4 4 4]]]] [{citizen 20} [[""A"" [4 4 4 4 4 4 4 4 4 4]]]] [{citizen 31} [[""A"" [4 4 4 4 4 4 4 4 4 4]]]] [{citizen 36} [[""A"" [4 4 4 4 4 4 4 4 4 4]]]] [{citizen 4} [[""A"" [4 4 4 4 4 4 4 4 4 4]]]] [{citizen 28} [[""A"" [4 4 4 4 4 4 4 4 4 4]]]] [{citizen 29} [[""A"" [4 4 4 4 4 4 4 4 4 4]]]] [{citizen 26} [[""A"" [4 4 4 4 4 4 4 4 4 4]]]] [{citizen 21} [[""A"" [4 4 4 4 4 4 4 4 4 4]]]] [{citizen 11} [[""A"" [4 4 4 4 4 4 4 4 4 4]]]] [{citizen 19} [[""A"" [4 4 4 4 4 4 4 4 4 4]]]] [{citizen 42} [[""A"" [4 4 4 4 4 4 4 4 4 4]]]] [{citizen 37} [[""A"" [4 4 4 4 4 4 4 4 4 4]]]] [{citizen 30} [[""A"" [4 4 4 4 4 4 4 4 4 4]]]] [{citizen 13} [[""A"" [4 4 4 4 4 4 4 4 4 4]]]] [{citizen 41} [[""A"" [4 4 4 4 4 4 4 4 4 4]]]] [{citizen 12} [[""A"" [4 4 4 4 4 4 4 4 4 4]]]] [{citizen 10} [[""A"" [4 4 4 4 4 4 4 4 4 4]]]] [{citizen 43} [[""A"" [4 4 4 4 4 4 4 4 4 4]]]] [{citizen 22} [[""A"" [4 4 4 4 4 4 4 4 4 4]]]] [{citizen 48} [[""A"" [4 4 4 4 4 4 4 4 4 4]]]] [{citizen 38} [[""A"" [4 4 4 4 4 4 4 4 4 4]]]] [{citizen 34} [[""A"" [4 4 4 4 4 4 4 4 4 4]]]] [{citizen 3} [[""A"" [4 4 4 4 4 4 4 4 4 4]]]]]"
"48","[85 0 170]","216.38297872340428","-5.856456180510831","-7.5315466406602045","""circle""","""""","9.9","{breed citizens}","false","0.5","1","""up""",,"[[""ID"" 31] [""alpha"" 1] [""beta"" 1] [""malleable"" [""A""]] [""prior"" []] [""cont_tokens"" []] [""A"" 4]]","[[0 [0 1 2 3 4 5 6 7 8 9 10 11 12 13 14]] [1 [15 16 17 18 19 20 21 22 23 24 25 26 27 28 29]] [2 [30 31 32 33 34 35 36 37 38 39 40 41 42 43 44]] [3 [45 46 47 48 49 50 51 52 53 54 55 56 57 58 59]] [4 [60 61 62 63 64 65 66 67 68 69 70 71 72 73 74]] [5 [75 76 77 78 79 80 81 82 83 84 85 86 87 88 89]] [6 [90 91 92 93 94 95 96 97 98 99 100 101 102 103 104]] [7 [105 106 107 108 109 110 111 112 113 114 115 116 117 118 119]] [8 [120 121 122 123 124 125 126 127 128 129 130 131 132 133 134]] [9 [135 136 137 138 139 140 141 142 143 144 145 146 147 148 149]] [10 [150 151 152 153 154 155 156 157 158 159 160 161 162 163 164]] [11 [165 166 167 168 169 170 171 172 173 174 175 176 177 178 179]] [12 [180 181 182 183 184 185 186 187 188 189 190 191 192 193 194]] [13 [195 196 197 198 199 200 201 202 203 204 205 206 207 208 209]] [14 [210 211 212 213 214 215 216 217 218 219 220 221 222 223 224]] [15 [225 226 227 228 229 230 231 232 233 234 235 236 237 238 239]] [16 [240 241 242 243 244 245 246 247 248 249 250 251 252 253 254]] [17 [255 256 257 258 259 260 261 262 263 264 265 266 267 268 269]] [18 [270 271 272 273 274 275 276 277 278 279 280 281 282 283 284]] [19 [285 286 287 288 289 290 291 292 293 294 295 296 297 298 299]] [20 [300 301 302 303 304 305 306 307 308 309 310 311 312 313 314]] [21 [315 316 317 318 319 320 321 322 323 324 325 326 327 328 329]] [22 [330 331 332 333 334 335 336 337 338 339 340 341 342 343 344]] [23 [345 346 347 348 349 350 351 352 353 354 355 356 357 358 359]] [24 [360 361 362 363 364 365 366 367 368 369 370 371 372 373 374]] [25 [375 376 377 378 379 380 381 382 383 384 385 386 387 388 389]] [26 [390 391 392 393 394 395 396 397 398 399 400 401 402 403 404]] [27 [405 406 407 408 409 410 411 412 413 414 415 416 417 418 419]] [28 [420 421 422 423 424 425 426 427 428 429 430 431 432 433 434]] [29 [435 436 437 438 439 440 441 442 443 444 445 446 447 448 449]] [30 [450 451 452 453 454 455 456 457 458 459 460 461 462 463 464]] [31 [465 466 467 468 469 470 471 472 473 474 475 476 477 478 479]] [32 [480 481 482 483 484 485 486 487 488 489 490 491 492 493 494]] [33 [495 496 497 498 499 500 501 502 503 504 505 506 507 508 509]] [34 [510 511 512 513 514 515 516 517 518 519 520 521 522 523 524]] [35 [525 526 527 528 529 530 531 532 533 534 535 536 537 538 539]] [36 [540 541 542 543 544 545 546 547 548 549 550 551 552 553 554]] [37 [555 556 557 558 559 560 561 562 563 564 565 566 567 568 569]] [38 [570 571 572 573 574 575 576 577 578 579 580 581 582 583 584]] [39 [585 586 587 588 589 590 591 592 593 594 595 596 597 598 599]] [40 [600 601 602 603 604 605 606 607 608 609 610 611 612 613 614]] [41 [615 616 617 618 619 620 621 622 623 624 625 626 627 628 629]] [42 [630 631 632 633 634 635 636 637 638 639 640 641 642 643 644]] [43 [645 646 647 648 649 650 651 652 653 654 655 656 657 658 659]] [44 [660 661 662 663 664 665 666 667 668 669 670 671 672 673 674]] [45 [675 676 677 678 679 680 681 682 683 684 685 686 687 688 689]] [46 [690 691 692 693 694 695 696 697 698 699 700 701 702 703 704]] [47 [705 706 707 708 709 710 711 712 713 714 715 716 717 718 719]] [48 [720 721 722 723 724 725 726 727 728 729 730 731 732 733 734]] [49 [735 736 737 738 739 740 741 742 743 744 745 746 747 748 749]] [50 [750 751 752 753 754 755 756 757 758 759 760 761 762 763 764]] [51 [765 766 767 768 769 770 771 772 773 774 775 776 777 778 779]] [52 [780 781 782 783 784 785 786 787 788 789 790 791 792 793 794]] [53 [795 796 797 798 799 800 801 802 803 804 805 806 807 808 809]] [54 [810 811 812 813 814 815 816 817 818 819 820 821 822 823 824]] [55 [825 826 827 828 829 830 831 832 833 834 835 836 837 838 839]] [56 [840 841 842 843 844 845 846 847 848 849 850 851 852 853 854]] [57 [855 856 857 858 859 860 861 862 863 864 865 866 867 868 869]] [58 [870 871 872 873 874 875 876 877 878 879 880 881 882 883 884]] [59 [885 886 887 888 889 890 891 892 893 894 895 896 897 898 899]] [60 [900 901 902 903 904 905 906 907 908 909 910 911 912 913 914]] [61 [915 916 917 918 919 920 921 922 923 924 925 926 927 928 929]] [62 [930 931 932 933 934 935 936 937 938 939 940 941 942 943 944]] [63 [945 946 947 948 949 950 951 952 953 954 955 956 957 958 959]] [64 [960 961 962 963 964 965 966 967 968 969 970 971 972 973 974]] [65 [975 976 977 978 979 980 981 982 983 984 985 986 987 988 989]] [66 [990 991 992 993 994 995 996 997 998 999 1000 1001 1002 1003 1004]] [67 [1005 1006 1007 1008 1009 1010 1011 1012 1013 1014 1015 1016 1017 1018 1019]] [68 [1020 1021 1022 1023 1024 1025 1026 1027 1028 1029 1030 1031 1032 1033 1034]] [69 [1035 1036 1037 1038 1039 1040 1041 1042 1043 1044 1045 1046 1047 1048 1049]] [70 [1050 1051 1052 1053 1054 1055 1056 1057 1058 1059 1060 1061 1062 1063 1064]] [71 [1065 1066 1067 1068 1069 1070 1071 1072 1073 1074 1075 1076 1077 1078 1079]] [72 [1080 1081 1082 1083 1084 1085 1086 1087 1088 1089 1090 1091 1092 1093 1094]] [73 [1095 1096 1097 1098 1099 1100 1101 1102 1103 1104 1105 1106 1107 1108 1109]] [74 [1110 1111 1112 1113 1114 1115 1116 1117 1118 1119 1120 1121 1122 1123 1124]] [75 [1125 1126 1127 1128 1129 1130 1131 1132 1133 1134 1135 1136 1137 1138 1139]] [76 [1140 1141 1142 1143 1144 1145 1146 1147 1148 1149 1150 1151 1152 1153 1154]] [77 [1155 1156 1157 1158 1159 1160 1161 1162 1163 1164 1165 1166 1167 1168 1169]] [78 [1170 1171 1172 1173 1174 1175 1176 1177 1178 1179 1180 1181 1182 1183 1184]] [79 [1185 1186 1187 1188 1189 1190 1191 1192 1193 1194 1195 1196 1197 1198 1199]] [80 [1200 1201 1202 1203 1204 1205 1206 1207 1208 1209 1210 1211 1212 1213 1214]] [81 [1215 1216 1217 1218 1219 1220 1221 1222 1223 1224 1225 1226 1227 1228 1229]] [82 [1230 1231 1232 1233 1234 1235 1236 1237 1238 1239 1240 1241 1242 1243 1244]] [83 [1245 1246 1247 1248 1249 1250 1251 1252 1253 1254 1255 1256 1257 1258 1259]] [84 [1260 1261 1262 1263 1264 1265 1266 1267 1268 1269 1270 1271 1272 1273 1274]] [85 [1275 1276 1277 1278 1279 1280 1281 1282 1283 1284 1285 1286 1287 1288 1289]] [86 [1290 1291 1292 1293 1294 1295 1296 1297 1298 1299 1300 1301 1302 1303 1304]] [87 [1305 1306 1307 1308 1309 1310 1311 1312 1313 1314 1315 1316 1317 1318 1319]] [88 [1320 1321 1322 1323 1324 1325 1326 1327 1328 1329 1330 1331 1332 1333 1334]] [89 [1335 1336 1337 1338 1339 1340 1341 1342 1343 1344 1345 1346 1347 1348 1349]] [90 [1350 1351 1352 1353 1354 1355 1356 1357 1358 1359 1360 1361 1362 1363 1364]] [91 [1365 1366 1367 1368 1369 1370 1371 1372 1373 1374 1375 1376 1377 1378 1379]] [92 [1380 1381 1382 1383 1384 1385 1386 1387 1388 1389 1390 1391 1392 1393 1394]] [93 [1395 1396 1397 1398 1399 1400 1401 1402 1403 1404 1405 1406 1407 1408 1409]] [94 [1410 1411 1412 1413 1414 1415 1416 1417 1418 1419 1420 1421 1422 1423 1424]] [95 [1425 1426 1427 1428 1429 1430 1431 1432 1433 1434 1435 1436 1437 1438 1439]] [96 [1440 1441 1442 1443 1444 1445 1446 1447 1448 1449 1450 1451 1452 1453 1454]] [97 [1455 1456 1457 1458 1459 1460 1461 1462 1463 1464 1465 1466 1467 1468 1469]] [98 [1470 1471 1472 1473 1474 1475 1476 1477 1478 1479 1480 1481 1482 1483 1484]] [99 [1485 1486 1487 1488 1489 1490 1491 1492 1493 1494 1495 1496 1497 1498 1499]]]","[[0 [1 2 3 4 5 6 7 8 9 10 11 12 13 14]] [1 [15 16 17 18 19 20 21 22 23 24 25 26 27 28 29]] [2 [30 31 32 33 34 35 36 37 38 39 40 41 42 43 44]] [3 [45 46 47 48 49 50 51 52 53 54 55 56 57 58 59]] [4 [60 61 62 63 64 65 66 67 68 69 70 71 72 73 74]] [5 [75 76 77 78 79 80 81 82 83 84 85 86 87 88 89]] [6 [90 91 92 93 94 95 96 97 98 99 100 101 102 103 104]] [7 [105 106 107 108 109 110 111 112 113 114 115 116 117 118 119]] [8 [120 121 122 123 124 125 126 127 128 129 130 131 132 133 134]] [9 [135 136 137 138 139 140 141 142 143 144 145 146 147 148 149]] [10 [150 151 152 153 154 155 156 157 158 159 160 161 162 163 164]] [11 [165 166 167 168 169 170 171 172 173 174 175 176 177 178 179]] [12 [180 181 182 183 184 185 186 187 188 189 190 191 192 193 194]] [13 [195 196 197 198 199 200 201 202 203 204 205 206 207 208 209]] [14 [210 211 212 213 214 215 216 217 218 219 220 221 222 223 224]] [15 [225 226 227 228 229 230 231 232 233 234 235 236 237 238 239]] [16 [240 241 242 243 244 245 246 247 248 249 250 251 252 253 254]] [17 [255 256 257 258 259 260 261 262 263 264 265 266 267 268 269]] [18 [270 271 272 273 274 275 276 277 278 279 280 281 282 283 284]] [19 [285 286 287 288 289 290 291 292 293 294 295 296 297 298 299]] [20 [300 301 302 303 304 305 306 307 308 309 310 311 312 313 314]] [21 [315 316 317 318 319 320 321 322 323 324 325 326 327 328 329]] [22 [330 331 332 333 334 335 336 337 338 339 340 341 342 343 344]] [23 [345 346 347 348 349 350 351 352 353 354 355 356 357 358 359]] [24 [360 361 362 363 364 365 366 367 368 369 370 371 372 373 374]] [25 [375 376 377 378 379 380 381 382 383 384 385 386 387 388 389]] [26 [390 391 392 393 394 395 396 397 398 399 400 401 402 403 404]] [27 [405 406 407 408 409 410 411 412 413 414 415 416 417 418 419]] [28 [420 421 422 423 424 425 426 427 428 429 430 431 432 433 434]] [29 [435 436 437 438 439 440 441 442 443 444 445 446 447 448 449]] [30 [450 451 452 453 454 455 456 457 458 459 460 461 462 463 464]] [31 [465 466 467 468 469 470 471 472 473 474 475 476 477 478 479]] [32 [480 481 482 483 484 485 486 487 488 489 490 491 492 493 494]] [33 [495 496 497 498 499 500 501 502 503 504 505 506 507 508 509]] [34 [510 511 512 513 514 515 516 517 518 519 520 521 522 523 524]] [35 [525 526 527 528 529 530 531 532 533 534 535 536 537 538 539]] [36 [540 541 542 543 544 545 546 547 548 549 550 551 552 553 554]] [37 [555 556 557 558 559 560 561 562 563 564 565 566 567 568 569]] [38 [570 571 572 573 574 575 576 577 578 579 580 581 582 583 584]] [39 [585 586 587 588 589 590 591 592 593 594 595 596 597 598 599]] [40 [600 601 602 603 604 605 606 607 608 609 610 611 612 613 614]] [41 [615 616 617 618 619 620 621 622 623 624 625 626 627 628 629]] [42 [630 631 632 633 634 635 636 637 638 639 640 641 642 643 644]] [43 [645 646 647 648 649 650 651 652 653 654 655 656 657 658 659]] [44 [660 661 662 663 664 665 666 667 668 669 670 671 672 673 674]] [45 [675 676 677 678 679 680 681 682 683 684 685 686 687 688 689]] [46 [690 691 692 693 694 695 696 697 698 699 700 701 702 703 704]] [47 [705 706 707 708 709 710 711 712 713 714 715 716 717 718 719]] [48 [720 721 722 723 724 725 726 727 728 729 730 731 732 733 734]] [49 [735 736 737 738 739 740 741 742 743 744 745 746 747 748 749]] [50 [750 751 752 753 754 755 756 757 758 759 760 761 762 763 764]] [51 [765 766 767 768 769 770 771 772 773 774 775 776 777 778 779]] [52 [780 781 782 783 784 785 786 787 788 789 790 791 792 793 794]] [53 [795 796 797 798 799 800 801 802 803 804 805 806 807 808 809]] [54 [810 811 812 813 814 815 816 817 818 819 820 821 822 823 824]] [55 [825 826 827 828 829 830 831 832 833 834 835 836 837 838 839]] [56 [840 841 842 843 844 845 846 847 848 849 850 851 852 853 854]] [57 [855 856 857 858 859 860 861 862 863 864 865 866 867 868 869]] [58 [870 871 872 873 874 875 876 877 878 879 880 881 882 883 884]] [59 [885 886 887 888 889 890 891 892 893 894 895 896 897 898 899]] [60 [900 901 902 903 904 905 906 907 908 909 910 911 912 913 914]] [61 [915 916 917 918 919 920 921 922 923 924 925 926 927 928 929]] [62 [930 931 932 933 934 935 936 937 938 939 940 941 942 943 944]] [63 [945 946 947 948 949 950 951 952 953 954 955 956 957 958 959]] [64 [960 961 962 963 964 965 966 967 968 969 970 971 972 973 974]] [65 [975 976 977 978 979 980 981 982 983 984 985 986 987 988 989]] [66 [990 991 992 993 994 995 996 997 998 999 1000 1001 1002 1003 1004]] [67 [1005 1006 1007 1008 1009 1010 1011 1012 1013 1014 1015 1016 1017 1018 1019]] [68 [1020 1021 1022 1023 1024 1025 1026 1027 1028 1029 1030 1031 1032 1033 1034]] [69 [1035 1036 1037 1038 1039 1040 1041 1042 1043 1044 1045 1046 1047 1048 1049]] [70 [1050 1051 1052 1053 1054 1055 1056 1057 1058 1059 1060 1061 1062 1063 1064]] [71 [1065 1066 1067 1068 1069 1070 1071 1072 1073 1074 1075 1076 1077 1078 1079]] [72 [1080 1081 1082 1083 1084 1085 1086 1087 1088 1089 1090 1091 1092 1093 1094]] [73 [1095 1096 1097 1098 1099 1100 1101 1102 1103 1104 1105 1106 1107 1108 1109]] [74 [1110 1111 1112 1113 1114 1115 1116 1117 1118 1119 1120 1121 1122 1123 1124]] [75 [1125 1126 1127 1128 1129 1130 1131 1132 1133 1134 1135 1136 1137 1138 1139]] [76 [1140 1141 1142 1143 1144 1145 1146 1147 1148 1149 1150 1151 1152 1153 1154]] [77 [1155 1156 1157 1158 1159 1160 1161 1162 1163 1164 1165 1166 1167 1168 1169]] [78 [1170 1171 1172 1173 1174 1175 1176 1177 1178 1179 1180 1181 1182 1183 1184]] [79 [1185 1186 1187 1188 1189 1190 1191 1192 1193 1194 1195 1196 1197 1198 1199]] [80 [1200 1201 1202 1203 1204 1205 1206 1207 1208 1209 1210 1211 1212 1213 1214]] [81 [1215 1216 1217 1218 1219 1220 1221 1222 1223 1224 1225 1226 1227 1228 1229]] [82 [1230 1231 1232 1233 1234 1235 1236 1237 1238 1239 1240 1241 1242 1243 1244]] [83 [1245 1246 1247 1248 1249 1250 1251 1252 1253 1254 1255 1256 1257 1258 1259]] [84 [1260 1261 1262 1263 1264 1265 1266 1267 1268 1269 1270 1271 1272 1273 1274]] [85 [1275 1276 1277 1278 1279 1280 1281 1282 1283 1284 1285 1286 1287 1288 1289]] [86 [1290 1291 1292 1293 1294 1295 1296 1297 1298 1299 1300 1301 1302 1303 1304]] [87 [1305 1306 1307 1308 1309 1310 1311 1312 1313 1314 1315 1316 1317 1318 1319]] [88 [1320 1321 1322 1323 1324 1325 1326 1327 1328 1329 1330 1331 1332 1333 1334]] [89 [1335 1336 1337 1338 1339 1340 1341 1342 1343 1344 1345 1346 1347 1348 1349]] [90 [1350 1351 1352 1353 1354 1355 1356 1357 1358 1359 1360 1361 1362 1363 1364]] [91 [1365 1366 1367 1368 1369 1370 1371 1372 1373 1374 1375 1376 1377 1378 1379]] [92 [1380 1381 1382 1383 1384 1385 1386 1387 1388 1389 1390 1391 1392 1393 1394]] [93 [1395 1396 1397 1398 1399 1400 1401 1402 1403 1404 1405 1406 1407 1408 1409]] [94 [1410 1411 1412 1413 1414 1415 1416 1417 1418 1419 1420 1421 1422 1423 1424]] [95 [1425 1426 1427 1428 1429 1430 1431 1432 1433 1434 1435 1436 1437 1438 1439]] [96 [1440 1441 1442 1443 1444 1445 1446 1447 1448 1449 1450 1451 1452 1453 1454]] [97 [1455 1456 1457 1458 1459 1460 1461 1462 1463 1464 1465 1466 1467 1468 1469]] [98 [1470 1471 1472 1473 1474 1475 1476 1477 1478 1479 1480 1481 1482 1483 1484]] [99 [1485 1486 1487 1488 1489 1490 1491 1492 1493 1494 1495 1496 1497 1498 1499]]]",,"[[{media 50} [[""A"" [4 4 4 4 4 4 4 4 4 4]]]] [{media 51} [[""A"" [4 4 4 4 4 4 4 4 4 4]]]] [{media 57} [[""A"" [4 4 4 4 4 4 4 4 4 4]]]] [{media 62} [[""A"" [4 4 4 4 4 4 4 4 4 4]]]] [{citizen 16} [[""A"" [4 4 4 4 4 4 4 4 4 4]]]] [{citizen 1} [[""A"" [4 4 4 4 4 4 4 4 4 4]]]] [{citizen 5} [[""A"" [4 4 4 4 4 4 4 4 4 4]]]] [{citizen 15} [[""A"" [4 4 4 4 4 4 4 4 4 4]]]] [{media 54} [[""A"" [4 4 4 4 4 4 4 4 4 4]]]] [{media 58} [[""A"" [4 4 4 4 4 4 4 4 4 4]]]] [{citizen 9} [[""A"" [4 4 4 4 4 4 4 4 4 4]]]] [{citizen 14} [[""A"" [4 4 4 4 4 4 4 4 4 4]]]] [{media 63} [[""A"" [4 4 4 4 4 4 4 4 4 4]]]] [{citizen 6} [[""A"" [4 4 4 4 4 4 4 4 4 4]]]] [{citizen 7} [[""A"" [4 4 4 4 4 4 4 4 4 4]]]] [{citizen 8} [[""A"" [4 4 4 4 4 4 4 4 4 4]]]] [{media 59} [[""A"" [4 4 4 4 4 4 4 4 4 4]]]] [{citizen 2} [[""A"" [4 4 4 4 4 4 4 4 4 4]]]] [{media 55} [[""A"" [4 4 4 4 4 4 4 4 4 4]]]] [{media 56} [[""A"" [4 4 4 4 4 4 4 4 4 4]]]] [{media 60} [[""A"" [4 4 4 4 4 4 4 4 4 4]]]] [{media 53} [[""A"" [4 4 4 4 4 4 4 4 4 4]]]] [{citizen 4} [[""A"" [4 4 4 4 4 4 4 4 4 4]]]] [{media 64} [[""A"" [4 4 4 4 4 4 4 4 4 4]]]] [{media 52} [[""A"" [4 4 4 4 4 4 4 4 4 4]]]] [{citizen 0} [[""A"" [4 4 4 4 4 4 4 4 4 4]]]] [{media 61} [[""A"" [4 4 4 4 4 4 4 4 4 4]]]] [{citizen 49} [[""A"" [4 4 4 4 4 4 4 4 4 4]]]] [{citizen 17} [[""A"" [4 4 4 4 4 4 4 4 4 4]]]] [{citizen 46} [[""A"" [4 4 4 4 4 4 4 4 4 4]]]] [{citizen 27} [[""A"" [4 4 4 4 4 4 4 4 4 4]]]] [{citizen 45} [[""A"" [4 4 4 4 4 4 4 4 4 4]]]] [{citizen 40} [[""A"" [4 4 4 4 4 4 4 4 4 4]]]] [{citizen 35} [[""A"" [4 4 4 4 4 4 4 4 4 4]]]] [{citizen 23} [[""A"" [4 4 4 4 4 4 4 4 4 4]]]] [{citizen 24} [[""A"" [4 4 4 4 4 4 4 4 4 4]]]] [{citizen 44} [[""A"" [4 4 4 4 4 4 4 4 4 4]]]] [{citizen 32} [[""A"" [4 4 4 4 4 4 4 4 4 4]]]] [{citizen 39} [[""A"" [4 4 4 4 4 4 4 4 4 4]]]] [{citizen 20} [[""A"" [4 4 4 4 4 4 4 4 4 4]]]] [{citizen 31} [[""A"" [4 4 4 4 4 4 4 4 4 4]]]] [{citizen 36} [[""A"" [4 4 4 4 4 4 4 4 4 4]]]] [{citizen 28} [[""A"" [4 4 4 4 4 4 4 4 4 4]]]] [{citizen 29} [[""A"" [4 4 4 4 4 4 4 4 4 4]]]] [{citizen 26} [[""A"" [4 4 4 4 4 4 4 4 4 4]]]] [{citizen 21} [[""A"" [4 4 4 4 4 4 4 4 4 4]]]] [{citizen 11} [[""A"" [4 4 4 4 4 4 4 4 4 4]]]] [{citizen 19} [[""A"" [4 4 4 4 4 4 4 4 4 4]]]] [{citizen 42} [[""A"" [4 4 4 4 4 4 4 4 4 4]]]] [{citizen 37} [[""A"" [4 4 4 4 4 4 4 4 4 4]]]] [{citizen 30} [[""A"" [4 4 4 4 4 4 4 4 4 4]]]] [{citizen 13} [[""A"" [4 4 4 4 4 4 4 4 4 4]]]] [{citizen 41} [[""A"" [4 4 4 4 4 4 4 4 4 4]]]] [{citizen 12} [[""A"" [4 4 4 4 4 4 4 4 4 4]]]] [{citizen 10} [[""A"" [4 4 4 4 4 4 4 4 4 4]]]] [{citizen 43} [[""A"" [4 4 4 4 4 4 4 4 4 4]]]] [{citizen 22} [[""A"" [4 4 4 4 4 4 4 4 4 4]]]] [{citizen 38} [[""A"" [4 4 4 4 4 4 4 4 4 4]]]] [{citizen 34} [[""A"" [4 4 4 4 4 4 4 4 4 4]]]] [{citizen 47} [[""A"" [4 4 4 4 4 4 4 4 4 4]]]] [{citizen 3} [[""A"" [4 4 4 4 4 4 4 4 4 4]]]]]"
"49","[85 0 170]","163.40425531914894","2.880415714305502","-9.607662606820707","""circle""","""""","9.9","{breed citizens}","false","0.5","1","""up""",,"[[""ID"" 22] [""alpha"" 1] [""beta"" 1] [""malleable"" [""A""]] [""prior"" []] [""cont_tokens"" []] [""A"" 4]]","[[0 [0 1 2 3 4 5 6 7 8 9 10 11 12 13 14]] [1 [15 16 17 18 19 20 21 22 23 24 25 26 27 28 29]] [2 [30 31 32 33 34 35 36 37 38 39 40 41 42 43 44]] [3 [45 46 47 48 49 50 51 52 53 54 55 56 57 58 59]] [4 [60 61 62 63 64 65 66 67 68 69 70 71 72 73 74]] [5 [75 76 77 78 79 80 81 82 83 84 85 86 87 88 89]] [6 [90 91 92 93 94 95 96 97 98 99 100 101 102 103 104]] [7 [105 106 107 108 109 110 111 112 113 114 115 116 117 118 119]] [8 [120 121 122 123 124 125 126 127 128 129 130 131 132 133 134]] [9 [135 136 137 138 139 140 141 142 143 144 145 146 147 148 149]] [10 [150 151 152 153 154 155 156 157 158 159 160 161 162 163 164]] [11 [165 166 167 168 169 170 171 172 173 174 175 176 177 178 179]] [12 [180 181 182 183 184 185 186 187 188 189 190 191 192 193 194]] [13 [195 196 197 198 199 200 201 202 203 204 205 206 207 208 209]] [14 [210 211 212 213 214 215 216 217 218 219 220 221 222 223 224]] [15 [225 226 227 228 229 230 231 232 233 234 235 236 237 238 239]] [16 [240 241 242 243 244 245 246 247 248 249 250 251 252 253 254]] [17 [255 256 257 258 259 260 261 262 263 264 265 266 267 268 269]] [18 [270 271 272 273 274 275 276 277 278 279 280 281 282 283 284]] [19 [285 286 287 288 289 290 291 292 293 294 295 296 297 298 299]] [20 [300 301 302 303 304 305 306 307 308 309 310 311 312 313 314]] [21 [315 316 317 318 319 320 321 322 323 324 325 326 327 328 329]] [22 [330 331 332 333 334 335 336 337 338 339 340 341 342 343 344]] [23 [345 346 347 348 349 350 351 352 353 354 355 356 357 358 359]] [24 [360 361 362 363 364 365 366 367 368 369 370 371 372 373 374]] [25 [375 376 377 378 379 380 381 382 383 384 385 386 387 388 389]] [26 [390 391 392 393 394 395 396 397 398 399 400 401 402 403 404]] [27 [405 406 407 408 409 410 411 412 413 414 415 416 417 418 419]] [28 [420 421 422 423 424 425 426 427 428 429 430 431 432 433 434]] [29 [435 436 437 438 439 440 441 442 443 444 445 446 447 448 449]] [30 [450 451 452 453 454 455 456 457 458 459 460 461 462 463 464]] [31 [465 466 467 468 469 470 471 472 473 474 475 476 477 478 479]] [32 [480 481 482 483 484 485 486 487 488 489 490 491 492 493 494]] [33 [495 496 497 498 499 500 501 502 503 504 505 506 507 508 509]] [34 [510 511 512 513 514 515 516 517 518 519 520 521 522 523 524]] [35 [525 526 527 528 529 530 531 532 533 534 535 536 537 538 539]] [36 [540 541 542 543 544 545 546 547 548 549 550 551 552 553 554]] [37 [555 556 557 558 559 560 561 562 563 564 565 566 567 568 569]] [38 [570 571 572 573 574 575 576 577 578 579 580 581 582 583 584]] [39 [585 586 587 588 589 590 591 592 593 594 595 596 597 598 599]] [40 [600 601 602 603 604 605 606 607 608 609 610 611 612 613 614]] [41 [615 616 617 618 619 620 621 622 623 624 625 626 627 628 629]] [42 [630 631 632 633 634 635 636 637 638 639 640 641 642 643 644]] [43 [645 646 647 648 649 650 651 652 653 654 655 656 657 658 659]] [44 [660 661 662 663 664 665 666 667 668 669 670 671 672 673 674]] [45 [675 676 677 678 679 680 681 682 683 684 685 686 687 688 689]] [46 [690 691 692 693 694 695 696 697 698 699 700 701 702 703 704]] [47 [705 706 707 708 709 710 711 712 713 714 715 716 717 718 719]] [48 [720 721 722 723 724 725 726 727 728 729 730 731 732 733 734]] [49 [735 736 737 738 739 740 741 742 743 744 745 746 747 748 749]] [50 [750 751 752 753 754 755 756 757 758 759 760 761 762 763 764]] [51 [765 766 767 768 769 770 771 772 773 774 775 776 777 778 779]] [52 [780 781 782 783 784 785 786 787 788 789 790 791 792 793 794]] [53 [795 796 797 798 799 800 801 802 803 804 805 806 807 808 809]] [54 [810 811 812 813 814 815 816 817 818 819 820 821 822 823 824]] [55 [825 826 827 828 829 830 831 832 833 834 835 836 837 838 839]] [56 [840 841 842 843 844 845 846 847 848 849 850 851 852 853 854]] [57 [855 856 857 858 859 860 861 862 863 864 865 866 867 868 869]] [58 [870 871 872 873 874 875 876 877 878 879 880 881 882 883 884]] [59 [885 886 887 888 889 890 891 892 893 894 895 896 897 898 899]] [60 [900 901 902 903 904 905 906 907 908 909 910 911 912 913 914]] [61 [915 916 917 918 919 920 921 922 923 924 925 926 927 928 929]] [62 [930 931 932 933 934 935 936 937 938 939 940 941 942 943 944]] [63 [945 946 947 948 949 950 951 952 953 954 955 956 957 958 959]] [64 [960 961 962 963 964 965 966 967 968 969 970 971 972 973 974]] [65 [975 976 977 978 979 980 981 982 983 984 985 986 987 988 989]] [66 [990 991 992 993 994 995 996 997 998 999 1000 1001 1002 1003 1004]] [67 [1005 1006 1007 1008 1009 1010 1011 1012 1013 1014 1015 1016 1017 1018 1019]] [68 [1020 1021 1022 1023 1024 1025 1026 1027 1028 1029 1030 1031 1032 1033 1034]] [69 [1035 1036 1037 1038 1039 1040 1041 1042 1043 1044 1045 1046 1047 1048 1049]] [70 [1050 1051 1052 1053 1054 1055 1056 1057 1058 1059 1060 1061 1062 1063 1064]] [71 [1065 1066 1067 1068 1069 1070 1071 1072 1073 1074 1075 1076 1077 1078 1079]] [72 [1080 1081 1082 1083 1084 1085 1086 1087 1088 1089 1090 1091 1092 1093 1094]] [73 [1095 1096 1097 1098 1099 1100 1101 1102 1103 1104 1105 1106 1107 1108 1109]] [74 [1110 1111 1112 1113 1114 1115 1116 1117 1118 1119 1120 1121 1122 1123 1124]] [75 [1125 1126 1127 1128 1129 1130 1131 1132 1133 1134 1135 1136 1137 1138 1139]] [76 [1140 1141 1142 1143 1144 1145 1146 1147 1148 1149 1150 1151 1152 1153 1154]] [77 [1155 1156 1157 1158 1159 1160 1161 1162 1163 1164 1165 1166 1167 1168 1169]] [78 [1170 1171 1172 1173 1174 1175 1176 1177 1178 1179 1180 1181 1182 1183 1184]] [79 [1185 1186 1187 1188 1189 1190 1191 1192 1193 1194 1195 1196 1197 1198 1199]] [80 [1200 1201 1202 1203 1204 1205 1206 1207 1208 1209 1210 1211 1212 1213 1214]] [81 [1215 1216 1217 1218 1219 1220 1221 1222 1223 1224 1225 1226 1227 1228 1229]] [82 [1230 1231 1232 1233 1234 1235 1236 1237 1238 1239 1240 1241 1242 1243 1244]] [83 [1245 1246 1247 1248 1249 1250 1251 1252 1253 1254 1255 1256 1257 1258 1259]] [84 [1260 1261 1262 1263 1264 1265 1266 1267 1268 1269 1270 1271 1272 1273 1274]] [85 [1275 1276 1277 1278 1279 1280 1281 1282 1283 1284 1285 1286 1287 1288 1289]] [86 [1290 1291 1292 1293 1294 1295 1296 1297 1298 1299 1300 1301 1302 1303 1304]] [87 [1305 1306 1307 1308 1309 1310 1311 1312 1313 1314 1315 1316 1317 1318 1319]] [88 [1320 1321 1322 1323 1324 1325 1326 1327 1328 1329 1330 1331 1332 1333 1334]] [89 [1335 1336 1337 1338 1339 1340 1341 1342 1343 1344 1345 1346 1347 1348 1349]] [90 [1350 1351 1352 1353 1354 1355 1356 1357 1358 1359 1360 1361 1362 1363 1364]] [91 [1365 1366 1367 1368 1369 1370 1371 1372 1373 1374 1375 1376 1377 1378 1379]] [92 [1380 1381 1382 1383 1384 1385 1386 1387 1388 1389 1390 1391 1392 1393 1394]] [93 [1395 1396 1397 1398 1399 1400 1401 1402 1403 1404 1405 1406 1407 1408 1409]] [94 [1410 1411 1412 1413 1414 1415 1416 1417 1418 1419 1420 1421 1422 1423 1424]] [95 [1425 1426 1427 1428 1429 1430 1431 1432 1433 1434 1435 1436 1437 1438 1439]] [96 [1440 1441 1442 1443 1444 1445 1446 1447 1448 1449 1450 1451 1452 1453 1454]] [97 [1455 1456 1457 1458 1459 1460 1461 1462 1463 1464 1465 1466 1467 1468 1469]] [98 [1470 1471 1472 1473 1474 1475 1476 1477 1478 1479 1480 1481 1482 1483 1484]] [99 [1485 1486 1487 1488 1489 1490 1491 1492 1493 1494 1495 1496 1497 1498 1499]]]","[[0 [1 2 3 4 5 6 7 8 9 10 11 12 13 14]] [1 [15 16 17 18 19 20 21 22 23 24 25 26 27 28 29]] [2 [30 31 32 33 34 35 36 37 38 39 40 41 42 43 44]] [3 [45 46 47 48 49 50 51 52 53 54 55 56 57 58 59]] [4 [60 61 62 63 64 65 66 67 68 69 70 71 72 73 74]] [5 [75 76 77 78 79 80 81 82 83 84 85 86 87 88 89]] [6 [90 91 92 93 94 95 96 97 98 99 100 101 102 103 104]] [7 [105 106 107 108 109 110 111 112 113 114 115 116 117 118 119]] [8 [120 121 122 123 124 125 126 127 128 129 130 131 132 133 134]] [9 [135 136 137 138 139 140 141 142 143 144 145 146 147 148 149]] [10 [150 151 152 153 154 155 156 157 158 159 160 161 162 163 164]] [11 [165 166 167 168 169 170 171 172 173 174 175 176 177 178 179]] [12 [180 181 182 183 184 185 186 187 188 189 190 191 192 193 194]] [13 [195 196 197 198 199 200 201 202 203 204 205 206 207 208 209]] [14 [210 211 212 213 214 215 216 217 218 219 220 221 222 223 224]] [15 [225 226 227 228 229 230 231 232 233 234 235 236 237 238 239]] [16 [240 241 242 243 244 245 246 247 248 249 250 251 252 253 254]] [17 [255 256 257 258 259 260 261 262 263 264 265 266 267 268 269]] [18 [270 271 272 273 274 275 276 277 278 279 280 281 282 283 284]] [19 [285 286 287 288 289 290 291 292 293 294 295 296 297 298 299]] [20 [300 301 302 303 304 305 306 307 308 309 310 311 312 313 314]] [21 [315 316 317 318 319 320 321 322 323 324 325 326 327 328 329]] [22 [330 331 332 333 334 335 336 337 338 339 340 341 342 343 344]] [23 [345 346 347 348 349 350 351 352 353 354 355 356 357 358 359]] [24 [360 361 362 363 364 365 366 367 368 369 370 371 372 373 374]] [25 [375 376 377 378 379 380 381 382 383 384 385 386 387 388 389]] [26 [390 391 392 393 394 395 396 397 398 399 400 401 402 403 404]] [27 [405 406 407 408 409 410 411 412 413 414 415 416 417 418 419]] [28 [420 421 422 423 424 425 426 427 428 429 430 431 432 433 434]] [29 [435 436 437 438 439 440 441 442 443 444 445 446 447 448 449]] [30 [450 451 452 453 454 455 456 457 458 459 460 461 462 463 464]] [31 [465 466 467 468 469 470 471 472 473 474 475 476 477 478 479]] [32 [480 481 482 483 484 485 486 487 488 489 490 491 492 493 494]] [33 [495 496 497 498 499 500 501 502 503 504 505 506 507 508 509]] [34 [510 511 512 513 514 515 516 517 518 519 520 521 522 523 524]] [35 [525 526 527 528 529 530 531 532 533 534 535 536 537 538 539]] [36 [540 541 542 543 544 545 546 547 548 549 550 551 552 553 554]] [37 [555 556 557 558 559 560 561 562 563 564 565 566 567 568 569]] [38 [570 571 572 573 574 575 576 577 578 579 580 581 582 583 584]] [39 [585 586 587 588 589 590 591 592 593 594 595 596 597 598 599]] [40 [600 601 602 603 604 605 606 607 608 609 610 611 612 613 614]] [41 [615 616 617 618 619 620 621 623 624 625 626 627 628 629]] [42 [630 631 632 633 634 635 636 637 638 639 640 641 642 643 644]] [43 [645 646 647 648 649 650 651 652 653 654 655 656 657 658 659]] [44 [660 661 662 663 664 665 666 667 668 669 670 671 672 673 674]] [45 [675 676 677 678 679 680 681 682 683 684 685 686 687 688 689]] [46 [690 691 692 693 694 695 696 697 698 699 700 701 702 703 704]] [47 [705 706 707 708 709 710 711 712 713 714 715 716 717 718 719]] [48 [720 721 722 723 724 725 726 727 728 729 730 731 732 733 734]] [49 [735 736 737 738 739 740 741 742 743 744 745 746 747 748 749]] [50 [750 751 752 753 754 755 756 757 758 759 760 761 762 763 764]] [51 [765 766 767 768 769 770 771 772 773 774 775 776 777 778 779]] [52 [780 781 782 783 784 785 786 787 788 789 790 791 792 793 794]] [53 [795 796 797 798 799 800 801 802 803 804 805 806 807 808 809]] [54 [810 811 812 813 814 815 816 817 818 819 820 821 822 823 824]] [55 [825 826 827 828 829 830 831 832 833 834 835 836 837 838 839]] [56 [840 841 842 843 844 845 846 847 848 849 850 851 852 853 854]] [57 [855 856 857 858 859 860 861 862 863 864 865 866 867 868 869]] [58 [870 871 872 873 874 875 876 877 878 879 880 881 882 883 884]] [59 [885 886 887 888 889 890 891 892 893 894 895 896 897 898 899]] [60 [900 901 902 903 904 905 906 907 908 909 910 911 912 913 914]] [61 [915 916 917 918 919 920 921 922 923 924 925 926 927 928 929]] [62 [930 931 932 933 934 935 936 937 938 939 940 941 942 943 944]] [63 [945 946 947 948 949 950 951 952 953 954 955 956 957 958 959]] [64 [960 961 962 963 964 965 966 967 968 969 970 971 972 973 974]] [65 [975 976 977 978 979 980 981 982 983 984 985 986 987 988 989]] [66 [990 991 992 993 994 995 996 997 998 999 1000 1001 1002 1003 1004]] [67 [1005 1006 1007 1008 1009 1010 1011 1012 1013 1014 1015 1016 1017 1018 1019]] [68 [1020 1021 1022 1023 1024 1025 1026 1027 1028 1029 1030 1031 1032 1033 1034]] [69 [1035 1036 1037 1038 1039 1040 1041 1042 1043 1044 1045 1046 1047 1048 1049]] [70 [1050 1051 1052 1053 1054 1055 1056 1057 1058 1059 1060 1061 1062 1063 1064]] [71 [1065 1066 1067 1068 1069 1070 1071 1072 1073 1074 1075 1076 1077 1078 1079]] [72 [1080 1081 1082 1083 1084 1085 1086 1087 1088 1089 1090 1091 1092 1093 1094]] [73 [1095 1096 1097 1098 1099 1100 1101 1102 1103 1104 1105 1106 1107 1108 1109]] [74 [1110 1111 1112 1113 1114 1115 1116 1117 1118 1119 1120 1121 1122 1123 1124]] [75 [1125 1126 1127 1128 1129 1130 1131 1132 1133 1134 1135 1136 1137 1138 1139]] [76 [1140 1141 1142 1143 1144 1145 1146 1147 1148 1149 1150 1151 1152 1153 1154]] [77 [1155 1156 1157 1158 1159 1160 1161 1162 1163 1164 1165 1166 1167 1168 1169]] [78 [1170 1171 1172 1173 1174 1175 1176 1177 1178 1179 1180 1181 1182 1183 1184]] [79 [1185 1186 1187 1188 1189 1190 1191 1192 1193 1194 1195 1196 1197 1198 1199]] [80 [1200 1201 1202 1203 1204 1205 1206 1207 1208 1209 1210 1211 1212 1213 1214]] [81 [1215 1216 1217 1218 1219 1220 1221 1222 1223 1224 1225 1226 1227 1228 1229]] [82 [1230 1231 1232 1233 1234 1235 1236 1237 1238 1239 1240 1241 1242 1243 1244]] [83 [1245 1246 1247 1248 1249 1250 1251 1252 1253 1254 1255 1256 1257 1258 1259]] [84 [1260 1261 1262 1263 1264 1265 1266 1267 1268 1269 1270 1271 1272 1273 1274]] [85 [1275 1276 1277 1278 1279 1280 1281 1282 1283 1284 1285 1286 1287 1288 1289]] [86 [1290 1291 1292 1293 1294 1295 1296 1297 1298 1299 1300 1301 1302 1303 1304]] [87 [1305 1306 1307 1308 1309 1310 1311 1312 1313 1314 1315 1316 1317 1318 1319]] [88 [1320 1321 1322 1323 1324 1325 1326 1327 1328 1329 1330 1331 1332 1333 1334]] [89 [1335 1336 1337 1338 1339 1340 1341 1342 1343 1344 1345 1346 1347 1348 1349]] [90 [1350 1351 1352 1353 1354 1355 1356 1357 1358 1359 1360 1361 1362 1363 1364]] [91 [1365 1366 1367 1368 1369 1370 1371 1372 1373 1374 1375 1376 1377 1378 1379]] [92 [1380 1381 1382 1383 1384 1385 1386 1387 1388 1389 1390 1391 1392 1393 1394]] [93 [1395 1396 1397 1398 1399 1400 1401 1402 1403 1404 1405 1406 1407 1408 1409]] [94 [1410 1411 1412 1413 1414 1415 1416 1417 1418 1419 1420 1421 1422 1423 1424]] [95 [1425 1426 1427 1428 1429 1430 1431 1432 1433 1434 1435 1436 1437 1438 1439]] [96 [1440 1441 1442 1443 1444 1445 1446 1447 1448 1449 1450 1451 1452 1453 1454]] [97 [1455 1456 1457 1458 1459 1460 1461 1462 1463 1464 1465 1466 1467 1468 1469]] [98 [1470 1471 1472 1473 1474 1475 1476 1477 1478 1479 1480 1481 1482 1483 1484]] [99 [1485 1486 1487 1488 1489 1490 1491 1492 1493 1494 1495 1496 1497 1498 1499]]]",,"[[{media 50} [[""A"" [4 4 4 4 4 4 4 4 4 4]]]] [{media 51} [[""A"" [4 4 4 4 4 4 4 4 4 4]]]] [{media 57} [[""A"" [4 4 4 4 4 4 4 4 4 4]]]] [{media 62} [[""A"" [4 4 4 4 4 4 4 4 4 4]]]] [{media 54} [[""A"" [4 4 4 4 4 4 4 4 4 4]]]] [{citizen 2} [[""A"" [4 4 4 4 4 4 4 4 4 4]]]] [{citizen 5} [[""A"" [4 4 4 4 4 4 4 4 4 4]]]] [{citizen 8} [[""A"" [4 4 4 4 4 4 4 4 4 4]]]] [{citizen 10} [[""A"" [4 4 4 4 4 4 4 4 4 4]]]] [{media 58} [[""A"" [4 4 4 4 4 4 4 4 4 4]]]] [{citizen 0} [[""A"" [4 4 4 4 4 4 4 4 4 4]]]] [{citizen 1} [[""A"" [4 4 4 4 4 4 4 4 4 4]]]] [{media 63} [[""A"" [4 4 4 4 4 4 4 4 4 4]]]] [{citizen 11} [[""A"" [4 4 4 4 4 4 4 4 4 4]]]] [{citizen 6} [[""A"" [4 4 4 4 4 4 4 4 4 4]]]] [{citizen 9} [[""A"" [4 4 4 4 4 4 4 4 4 4]]]] [{media 59} [[""A"" [4 4 4 4 4 4 4 4 4 4]]]] [{media 55} [[""A"" [4 4 4 4 4 4 4 4 4 4]]]] [{citizen 7} [[""A"" [4 4 4 4 4 4 4 4 4 4]]]] [{media 56} [[""A"" [4 4 4 4 4 4 4 4 4 4]]]] [{media 60} [[""A"" [4 4 4 4 4 4 4 4 4 4]]]] [{media 53} [[""A"" [4 4 4 4 4 4 4 4 4 4]]]] [{citizen 4} [[""A"" [4 4 4 4 4 4 4 4 4 4]]]] [{media 64} [[""A"" [4 4 4 4 4 4 4 4 4 4]]]] [{media 52} [[""A"" [4 4 4 4 4 4 4 4 4 4]]]] [{media 61} [[""A"" [4 4 4 4 4 4 4 4 4 4]]]] [{citizen 24} [[""A"" [4 4 4 4 4 4 4 4 4 4]]]] [{citizen 21} [[""A"" [4 4 4 4 4 4 4 4 4 4]]]] [{citizen 23} [[""A"" [4 4 4 4 4 4 4 4 4 4]]]] [{citizen 44} [[""A"" [4 4 4 4 4 4 4 4 4 4]]]] [{citizen 32} [[""A"" [4 4 4 4 4 4 4 4 4 4]]]] [{citizen 19} [[""A"" [4 4 4 4 4 4 4 4 4 4]]]] [{citizen 42} [[""A"" [4 4 4 4 4 4 4 4 4 4]]]] [{citizen 35} [[""A"" [4 4 4 4 4 4 4 4 4 4]]]] [{citizen 27} [[""A"" [4 4 4 4 4 4 4 4 4 4]]]] [{citizen 30} [[""A"" [4 4 4 4 4 4 4 4 4 4]]]] [{citizen 16} [[""A"" [4 4 4 4 4 4 4 4 4 4]]]] [{citizen 14} [[""A"" [4 4 4 4 4 4 4 4 4 4]]]] [{citizen 28} [[""A"" [4 4 4 4 4 4 4 4 4 4]]]] [{citizen 39} [[""A"" [4 4 4 4 4 4 4 4 4 4]]]] [{citizen 22} [[""A"" [4 4 4 4 4 4 4 4 4 4]]]] [{citizen 12} [[""A"" [4 4 4 4 4 4 4 4 4 4]]]] [{citizen 13} [[""A"" [4 4 4 4 4 4 4 4 4 4]]]] [{citizen 40} [[""A"" [4 4 4 4 4 4 4 4 4 4]]]] [{citizen 46} [[""A"" [4 4 4 4 4 4 4 4 4 4]]]] [{citizen 20} [[""A"" [4 4 4 4 4 4 4 4 4 4]]]] [{citizen 45} [[""A"" [4 4 4 4 4 4 4 4 4 4]]]] [{citizen 48} [[""A"" [4 4 4 4 4 4 4 4 4 4]]]] [{citizen 15} [[""A"" [4 4 4 4 4 4 4 4 4 4]]]] [{citizen 31} [[""A"" [4 4 4 4 4 4 4 4 4 4]]]] [{citizen 26} [[""A"" [4 4 4 4 4 4 4 4 4 4]]]] [{citizen 29} [[""A"" [4 4 4 4 4 4 4 4 4 4]]]] [{citizen 43} [[""A"" [4 4 4 4 4 4 4 4 4 4]]]] [{citizen 17} [[""A"" [4 4 4 4 4 4 4 4 4 4]]]] [{citizen 38} [[""A"" [4 4 4 4 4 4 4 4 4 4]]]] [{citizen 36} [[""A"" [4 4 4 4 4 4 4 4 4 4]]]] [{citizen 41} [[""A"" [4 4 4 4 4 4 4 4 4 4]]]] [{citizen 34} [[""A"" [4 4 4 4 4 4 4 4 4 4]]]] [{citizen 47} [[""A"" [4 4 4 4 4 4 4 4 4 4]]]] [{citizen 3} [[""A"" [4 4 4 4 4 4 4 4 4 4]]]] [{citizen 37} [[""A"" [4 4 4 4 4 4 4 4 4 4]]]]]"
"50","[85 0 170]","101","-13.930152660451723","5.06227771711022","""box""","""""","9.9","{breed medias}","false","1","1","""up""","0","[[""ID"" 51] [""alpha"" 1] [""beta"" 1] [""malleable"" [""A""]] [""prior"" []] [""cont_tokens"" []] [""A"" 4]]","[]","[]","[[0 [[""A"" 3]]] [26 [[""A"" 4]]] [39 [[""A"" 4]]] [59 [[""A"" 4]]] [69 [[""A"" 4]]] [89 [[""A"" 4]]] [104 [[""A"" 4]]] [109 [[""A"" 4]]] [120 [[""A"" 4]]] [142 [[""A"" 4]]] [151 [[""A"" 4]]] [174 [[""A"" 4]]] [184 [[""A"" 4]]] [208 [[""A"" 4]]] [224 [[""A"" 4]]] [239 [[""A"" 4]]] [249 [[""A"" 4]]] [261 [[""A"" 4]]] [280 [[""A"" 4]]] [292 [[""A"" 4]]] [310 [[""A"" 4]]] [329 [[""A"" 4]]] [338 [[""A"" 4]]] [354 [[""A"" 4]]] [363 [[""A"" 4]]] [378 [[""A"" 4]]] [403 [[""A"" 4]]] [417 [[""A"" 4]]] [428 [[""A"" 4]]] [441 [[""A"" 4]]] [464 [[""A"" 4]]] [470 [[""A"" 4]]] [481 [[""A"" 4]]] [500 [[""A"" 4]]] [522 [[""A"" 4]]] [534 [[""A"" 4]]] [542 [[""A"" 4]]] [555 [[""A"" 4]]] [577 [[""A"" 4]]] [596 [[""A"" 4]]] [609 [[""A"" 4]]] [620 [[""A"" 4]]] [634 [[""A"" 4]]] [658 [[""A"" 4]]] [667 [[""A"" 4]]] [686 [[""A"" 4]]] [697 [[""A"" 4]]] [709 [[""A"" 4]]] [732 [[""A"" 4]]] [735 [[""A"" 4]]] [764 [[""A"" 4]]] [770 [[""A"" 4]]] [793 [[""A"" 4]]] [797 [[""A"" 4]]] [823 [[""A"" 4]]] [834 [[""A"" 4]]] [847 [[""A"" 4]]] [862 [[""A"" 4]]] [874 [[""A"" 4]]] [891 [[""A"" 4]]] [913 [[""A"" 4]]] [920 [[""A"" 4]]] [939 [[""A"" 4]]] [952 [[""A"" 4]]] [972 [[""A"" 4]]] [988 [[""A"" 4]]] [996 [[""A"" 4]]] [1017 [[""A"" 4]]] [1023 [[""A"" 4]]] [1041 [[""A"" 4]]] [1053 [[""A"" 4]]] [1075 [[""A"" 4]]] [1093 [[""A"" 4]]] [1108 [[""A"" 4]]] [1116 [[""A"" 4]]] [1136 [[""A"" 4]]] [1153 [[""A"" 4]]] [1158 [[""A"" 4]]] [1173 [[""A"" 4]]] [1185 [[""A"" 4]]] [1212 [[""A"" 4]]] [1223 [[""A"" 4]]] [1243 [[""A"" 4]]] [1254 [[""A"" 4]]] [1271 [[""A"" 4]]] [1279 [[""A"" 4]]] [1294 [[""A"" 4]]] [1306 [[""A"" 4]]] [1321 [[""A"" 4]]] [1345 [[""A"" 4]]] [1356 [[""A"" 4]]] [1371 [[""A"" 4]]] [1392 [[""A"" 4]]] [1399 [[""A"" 4]]] [1411 [[""A"" 4]]] [1434 [[""A"" 4]]] [1447 [[""A"" 4]]] [1460 [[""A"" 4]]] [1472 [[""A"" 4]]] [1485 [[""A"" 4]]]]",
"51","[170 0 85]","327","2.5929182079486495","-2.0092233042081737","""box""","""""","9.9","{breed medias}","false","1","1","""up""","0","[[""ID"" 59] [""alpha"" 1] [""beta"" 1] [""malleable"" [""A""]] [""prior"" []] [""cont_tokens"" []] [""A"" 2]]","[]","[]","[[5 [[""A"" 4]]] [16 [[""A"" 4]]] [34 [[""A"" 4]]] [58 [[""A"" 4]]] [68 [[""A"" 4]]] [88 [[""A"" 4]]] [95 [[""A"" 4]]] [110 [[""A"" 4]]] [134 [[""A"" 4]]] [146 [[""A"" 4]]] [164 [[""A"" 4]]] [172 [[""A"" 4]]] [186 [[""A"" 4]]] [200 [[""A"" 4]]] [219 [[""A"" 4]]] [229 [[""A"" 4]]] [254 [[""A"" 4]]] [258 [[""A"" 4]]] [274 [[""A"" 4]]] [293 [[""A"" 4]]] [313 [[""A"" 4]]] [321 [[""A"" 4]]] [340 [[""A"" 4]]] [346 [[""A"" 4]]] [362 [[""A"" 4]]] [376 [[""A"" 4]]] [404 [[""A"" 4]]] [406 [[""A"" 4]]] [430 [[""A"" 4]]] [443 [[""A"" 4]]] [461 [[""A"" 4]]] [466 [[""A"" 4]]] [488 [[""A"" 4]]] [502 [[""A"" 4]]] [512 [[""A"" 4]]] [526 [[""A"" 4]]] [546 [[""A"" 4]]] [569 [[""A"" 4]]] [573 [[""A"" 4]]] [585 [[""A"" 4]]] [612 [[""A"" 4]]] [629 [[""A"" 4]]] [635 [[""A"" 4]]] [648 [[""A"" 4]]] [663 [[""A"" 4]]] [684 [[""A"" 4]]] [699 [[""A"" 4]]] [716 [[""A"" 4]]] [722 [[""A"" 4]]] [739 [[""A"" 4]]] [761 [[""A"" 4]]] [777 [[""A"" 4]]] [790 [[""A"" 4]]] [798 [[""A"" 4]]] [818 [[""A"" 4]]] [833 [[""A"" 4]]] [854 [[""A"" 4]]] [861 [[""A"" 4]]] [870 [[""A"" 4]]] [888 [[""A"" 4]]] [911 [[""A"" 4]]] [918 [[""A"" 4]]] [938 [[""A"" 4]]] [957 [[""A"" 4]]] [968 [[""A"" 4]]] [975 [[""A"" 4]]] [993 [[""A"" 4]]] [1010 [[""A"" 4]]] [1030 [[""A"" 4]]] [1043 [[""A"" 4]]] [1061 [[""A"" 4]]] [1072 [[""A"" 4]]] [1090 [[""A"" 4]]] [1096 [[""A"" 4]]] [1124 [[""A"" 4]]] [1130 [[""A"" 4]]] [1149 [[""A"" 4]]] [1165 [[""A"" 4]]] [1176 [[""A"" 4]]] [1199 [[""A"" 4]]] [1214 [[""A"" 4]]] [1218 [[""A"" 4]]] [1237 [[""A"" 4]]] [1250 [[""A"" 4]]] [1265 [[""A"" 4]]] [1280 [[""A"" 4]]] [1301 [[""A"" 4]]] [1305 [[""A"" 4]]] [1324 [[""A"" 4]]] [1347 [[""A"" 4]]] [1357 [[""A"" 4]]] [1367 [[""A"" 4]]] [1394 [[""A"" 4]]] [1408 [[""A"" 4]]] [1415 [[""A"" 4]]] [1432 [[""A"" 4]]] [1446 [[""A"" 4]]] [1465 [[""A"" 4]]] [1480 [[""A"" 4]]] [1495 [[""A"" 4]]]]",
"52","[128 0 127]","151","1.2046961272652155","15.622211589964458","""box""","""""","9.9","{breed medias}","false","1","1","""up""","0","[[""ID"" 56] [""alpha"" 1] [""beta"" 1] [""malleable"" [""A""]] [""prior"" []] [""cont_tokens"" []] [""A"" 3]]","[]","[]","[[13 [[""A"" 4]]] [21 [[""A"" 4]]] [33 [[""A"" 4]]] [53 [[""A"" 4]]] [73 [[""A"" 4]]] [84 [[""A"" 4]]] [94 [[""A"" 4]]] [119 [[""A"" 4]]] [121 [[""A"" 4]]] [140 [[""A"" 4]]] [157 [[""A"" 4]]] [167 [[""A"" 4]]] [190 [[""A"" 4]]] [197 [[""A"" 4]]] [214 [[""A"" 4]]] [230 [[""A"" 4]]] [247 [[""A"" 4]]] [255 [[""A"" 4]]] [278 [[""A"" 4]]] [296 [[""A"" 4]]] [301 [[""A"" 4]]] [325 [[""A"" 4]]] [336 [[""A"" 4]]] [351 [[""A"" 4]]] [360 [[""A"" 4]]] [388 [[""A"" 4]]] [393 [[""A"" 4]]] [418 [[""A"" 4]]] [421 [[""A"" 4]]] [439 [[""A"" 4]]] [458 [[""A"" 4]]] [472 [[""A"" 4]]] [482 [[""A"" 4]]] [504 [[""A"" 4]]] [513 [[""A"" 4]]] [537 [[""A"" 4]]] [543 [[""A"" 4]]] [559 [[""A"" 4]]] [579 [[""A"" 4]]] [598 [[""A"" 4]]] [606 [[""A"" 4]]] [625 [[""A"" 4]]] [630 [[""A"" 4]]] [646 [[""A"" 4]]] [670 [[""A"" 4]]] [681 [[""A"" 4]]] [691 [[""A"" 4]]] [705 [[""A"" 4]]] [724 [[""A"" 4]]] [736 [[""A"" 4]]] [760 [[""A"" 4]]] [767 [[""A"" 4]]] [787 [[""A"" 4]]] [802 [[""A"" 4]]] [816 [[""A"" 4]]] [830 [[""A"" 4]]] [845 [[""A"" 4]]] [869 [[""A"" 4]]] [871 [[""A"" 4]]] [898 [[""A"" 4]]] [902 [[""A"" 4]]] [919 [[""A"" 4]]] [937 [[""A"" 4]]] [956 [[""A"" 4]]] [962 [[""A"" 4]]] [978 [[""A"" 4]]] [990 [[""A"" 4]]] [1005 [[""A"" 4]]] [1025 [[""A"" 4]]] [1044 [[""A"" 4]]] [1052 [[""A"" 4]]] [1066 [[""A"" 4]]] [1089 [[""A"" 4]]] [1107 [[""A"" 4]]] [1123 [[""A"" 4]]] [1125 [[""A"" 4]]] [1145 [[""A"" 4]]] [1167 [[""A"" 4]]] [1184 [[""A"" 4]]] [1193 [[""A"" 4]]] [1208 [[""A"" 4]]] [1216 [[""A"" 4]]] [1236 [[""A"" 4]]] [1248 [[""A"" 4]]] [1267 [[""A"" 4]]] [1283 [[""A"" 4]]] [1296 [[""A"" 4]]] [1314 [[""A"" 4]]] [1328 [[""A"" 4]]] [1337 [[""A"" 4]]] [1360 [[""A"" 4]]] [1366 [[""A"" 4]]] [1389 [[""A"" 4]]] [1406 [[""A"" 4]]] [1416 [[""A"" 4]]] [1435 [[""A"" 4]]] [1454 [[""A"" 4]]] [1463 [[""A"" 4]]] [1481 [[""A"" 4]]] [1494 [[""A"" 4]]]]",
"53","[170 0 85]","4","-7.691182638173677","4.86541315048855","""box""","""""","9.9","{breed medias}","false","1","1","""up""","0","[[""ID"" 61] [""alpha"" 1] [""beta"" 1] [""malleable"" [""A""]] [""prior"" []] [""cont_tokens"" []] [""A"" 2]]","[]","[]","[[11 [[""A"" 4]]] [15 [[""A"" 4]]] [43 [[""A"" 4]]] [47 [[""A"" 4]]] [65 [[""A"" 4]]] [82 [[""A"" 4]]] [103 [[""A"" 4]]] [118 [[""A"" 4]]] [132 [[""A"" 4]]] [144 [[""A"" 4]]] [150 [[""A"" 4]]] [166 [[""A"" 4]]] [187 [[""A"" 4]]] [196 [[""A"" 4]]] [216 [[""A"" 4]]] [238 [[""A"" 4]]] [248 [[""A"" 4]]] [269 [[""A"" 4]]] [273 [[""A"" 4]]] [291 [[""A"" 4]]] [314 [[""A"" 4]]] [319 [[""A"" 4]]] [339 [[""A"" 4]]] [359 [[""A"" 4]]] [370 [[""A"" 4]]] [384 [[""A"" 4]]] [398 [[""A"" 4]]] [412 [[""A"" 4]]] [427 [[""A"" 4]]] [449 [[""A"" 4]]] [453 [[""A"" 4]]] [467 [[""A"" 4]]] [486 [[""A"" 4]]] [503 [[""A"" 4]]] [515 [[""A"" 4]]] [527 [[""A"" 4]]] [551 [[""A"" 4]]] [561 [[""A"" 4]]] [580 [[""A"" 4]]] [588 [[""A"" 4]]] [613 [[""A"" 4]]] [626 [[""A"" 4]]] [636 [[""A"" 4]]] [659 [[""A"" 4]]] [669 [[""A"" 4]]] [675 [[""A"" 4]]] [695 [[""A"" 4]]] [706 [[""A"" 4]]] [733 [[""A"" 4]]] [742 [[""A"" 4]]] [753 [[""A"" 4]]] [779 [[""A"" 4]]] [789 [[""A"" 4]]] [809 [[""A"" 4]]] [811 [[""A"" 4]]] [839 [[""A"" 4]]] [842 [[""A"" 4]]] [859 [[""A"" 4]]] [884 [[""A"" 4]]] [885 [[""A"" 4]]] [912 [[""A"" 4]]] [927 [[""A"" 4]]] [936 [[""A"" 4]]] [946 [[""A"" 4]]] [965 [[""A"" 4]]] [987 [[""A"" 4]]] [1000 [[""A"" 4]]] [1018 [[""A"" 4]]] [1028 [[""A"" 4]]] [1036 [[""A"" 4]]] [1057 [[""A"" 4]]] [1073 [[""A"" 4]]] [1088 [[""A"" 4]]] [1106 [[""A"" 4]]] [1113 [[""A"" 4]]] [1132 [[""A"" 4]]] [1152 [[""A"" 4]]] [1162 [[""A"" 4]]] [1179 [[""A"" 4]]] [1188 [[""A"" 4]]] [1203 [[""A"" 4]]] [1226 [[""A"" 4]]] [1232 [[""A"" 4]]] [1245 [[""A"" 4]]] [1266 [[""A"" 4]]] [1289 [[""A"" 4]]] [1291 [[""A"" 4]]] [1313 [[""A"" 4]]] [1332 [[""A"" 4]]] [1346 [[""A"" 4]]] [1350 [[""A"" 4]]] [1374 [[""A"" 4]]] [1385 [[""A"" 4]]] [1401 [[""A"" 4]]] [1410 [[""A"" 4]]] [1426 [[""A"" 4]]] [1453 [[""A"" 4]]] [1468 [[""A"" 4]]] [1483 [[""A"" 4]]] [1493 [[""A"" 4]]]]",
"54","[128 0 127]","123","13.92754544106344","2.877017914221664","""box""","""""","9.9","{breed medias}","false","1","1","""up""","0","[[""ID"" 52] [""alpha"" 1] [""beta"" 1] [""malleable"" [""A""]] [""prior"" []] [""cont_tokens"" []] [""A"" 3]]","[]","[]","[[2 [[""A"" 3]]] [22 [[""A"" 4]]] [32 [[""A"" 4]]] [46 [[""A"" 4]]] [72 [[""A"" 4]]] [76 [[""A"" 4]]] [90 [[""A"" 4]]] [114 [[""A"" 4]]] [133 [[""A"" 4]]] [135 [[""A"" 4]]] [158 [[""A"" 4]]] [170 [[""A"" 4]]] [180 [[""A"" 4]]] [207 [[""A"" 4]]] [218 [[""A"" 4]]] [233 [[""A"" 4]]] [243 [[""A"" 4]]] [265 [[""A"" 4]]] [270 [[""A"" 4]]] [297 [[""A"" 4]]] [302 [[""A"" 4]]] [317 [[""A"" 4]]] [344 [[""A"" 4]]] [355 [[""A"" 4]]] [371 [[""A"" 4]]] [387 [[""A"" 4]]] [395 [[""A"" 4]]] [408 [[""A"" 4]]] [432 [[""A"" 4]]] [440 [[""A"" 4]]] [460 [[""A"" 4]]] [478 [[""A"" 4]]] [492 [[""A"" 4]]] [501 [[""A"" 4]]] [511 [[""A"" 4]]] [536 [[""A"" 4]]] [544 [[""A"" 4]]] [557 [[""A"" 4]]] [571 [[""A"" 4]]] [592 [[""A"" 4]]] [608 [[""A"" 4]]] [621 [[""A"" 4]]] [639 [[""A"" 4]]] [645 [[""A"" 4]]] [661 [[""A"" 4]]] [682 [[""A"" 4]]] [694 [[""A"" 4]]] [711 [[""A"" 4]]] [731 [[""A"" 4]]] [743 [[""A"" 4]]] [751 [[""A"" 4]]] [778 [[""A"" 4]]] [786 [[""A"" 4]]] [799 [[""A"" 4]]] [819 [[""A"" 4]]] [831 [[""A"" 4]]] [848 [[""A"" 4]]] [865 [[""A"" 4]]] [879 [[""A"" 4]]] [899 [[""A"" 4]]] [900 [[""A"" 4]]] [922 [[""A"" 4]]] [932 [[""A"" 4]]] [951 [[""A"" 4]]] [973 [[""A"" 4]]] [983 [[""A"" 4]]] [992 [[""A"" 4]]] [1016 [[""A"" 4]]] [1022 [[""A"" 4]]] [1038 [[""A"" 4]]] [1054 [[""A"" 4]]] [1067 [[""A"" 4]]] [1082 [[""A"" 4]]] [1104 [[""A"" 4]]] [1118 [[""A"" 4]]] [1133 [[""A"" 4]]] [1154 [[""A"" 4]]] [1155 [[""A"" 4]]] [1174 [[""A"" 4]]] [1194 [[""A"" 4]]] [1202 [[""A"" 4]]] [1227 [[""A"" 4]]] [1230 [[""A"" 4]]] [1251 [[""A"" 4]]] [1273 [[""A"" 4]]] [1277 [[""A"" 4]]] [1302 [[""A"" 4]]] [1312 [[""A"" 4]]] [1334 [[""A"" 4]]] [1340 [[""A"" 4]]] [1358 [[""A"" 4]]] [1379 [[""A"" 4]]] [1382 [[""A"" 4]]] [1403 [[""A"" 4]]] [1420 [[""A"" 4]]] [1429 [[""A"" 4]]] [1450 [[""A"" 4]]] [1461 [[""A"" 4]]] [1484 [[""A"" 4]]] [1497 [[""A"" 4]]]]",
"55","[128 0 127]","228","-11.625443974184115","-0.3789806598919796","""box""","""""","9.9","{breed medias}","false","1","1","""up""","0","[[""ID"" 53] [""alpha"" 1] [""beta"" 1] [""malleable"" [""A""]] [""prior"" []] [""cont_tokens"" []] [""A"" 3]]","[]","[]","[[7 [[""A"" 4]]] [17 [[""A"" 4]]] [42 [[""A"" 4]]] [56 [[""A"" 4]]] [74 [[""A"" 4]]] [78 [[""A"" 4]]] [101 [[""A"" 4]]] [116 [[""A"" 4]]] [127 [[""A"" 4]]] [143 [[""A"" 4]]] [159 [[""A"" 4]]] [169 [[""A"" 4]]] [183 [[""A"" 4]]] [199 [[""A"" 4]]] [223 [[""A"" 4]]] [228 [[""A"" 4]]] [252 [[""A"" 4]]] [268 [[""A"" 4]]] [272 [[""A"" 4]]] [290 [[""A"" 4]]] [306 [[""A"" 4]]] [315 [[""A"" 4]]] [333 [[""A"" 4]]] [357 [[""A"" 4]]] [361 [[""A"" 4]]] [385 [[""A"" 4]]] [396 [[""A"" 4]]] [409 [[""A"" 4]]] [429 [[""A"" 4]]] [446 [[""A"" 4]]] [450 [[""A"" 4]]] [468 [[""A"" 4]]] [483 [[""A"" 4]]] [507 [[""A"" 4]]] [517 [[""A"" 4]]] [535 [[""A"" 4]]] [540 [[""A"" 4]]] [565 [[""A"" 4]]] [583 [[""A"" 4]]] [595 [[""A"" 4]]] [614 [[""A"" 4]]] [624 [[""A"" 4]]] [643 [[""A"" 4]]] [651 [[""A"" 4]]] [664 [[""A"" 4]]] [685 [[""A"" 4]]] [701 [[""A"" 4]]] [712 [[""A"" 4]]] [721 [[""A"" 4]]] [738 [[""A"" 4]]] [752 [[""A"" 4]]] [774 [[""A"" 4]]] [792 [[""A"" 4]]] [803 [[""A"" 4]]] [814 [[""A"" 4]]] [838 [[""A"" 4]]] [849 [[""A"" 4]]] [860 [[""A"" 4]]] [882 [[""A"" 4]]] [889 [[""A"" 4]]] [909 [[""A"" 4]]] [924 [[""A"" 4]]] [931 [[""A"" 4]]] [953 [[""A"" 4]]] [967 [[""A"" 4]]] [980 [[""A"" 4]]] [994 [[""A"" 4]]] [1015 [[""A"" 4]]] [1026 [[""A"" 4]]] [1049 [[""A"" 4]]] [1050 [[""A"" 4]]] [1069 [[""A"" 4]]] [1084 [[""A"" 4]]] [1101 [[""A"" 4]]] [1119 [[""A"" 4]]] [1139 [[""A"" 4]]] [1148 [[""A"" 4]]] [1166 [[""A"" 4]]] [1181 [[""A"" 4]]] [1195 [[""A"" 4]]] [1205 [[""A"" 4]]] [1215 [[""A"" 4]]] [1238 [[""A"" 4]]] [1249 [[""A"" 4]]] [1272 [[""A"" 4]]] [1276 [[""A"" 4]]] [1303 [[""A"" 4]]] [1308 [[""A"" 4]]] [1322 [[""A"" 4]]] [1344 [[""A"" 4]]] [1361 [[""A"" 4]]] [1373 [[""A"" 4]]] [1381 [[""A"" 4]]] [1400 [[""A"" 4]]] [1419 [[""A"" 4]]] [1437 [[""A"" 4]]] [1452 [[""A"" 4]]] [1458 [[""A"" 4]]] [1482 [[""A"" 4]]] [1499 [[""A"" 4]]]]",
"56","[128 0 127]","306","6.6809045103062665","15.117937813842147","""box""","""""","9.9","{breed medias}","false","1","1","""up""","0","[[""ID"" 55] [""alpha"" 1] [""beta"" 1] [""malleable"" [""A""]] [""prior"" []] [""cont_tokens"" []] [""A"" 3]]","[]","[]","[[8 [[""A"" 4]]] [23 [[""A"" 4]]] [35 [[""A"" 4]]] [45 [[""A"" 4]]] [70 [[""A"" 4]]] [87 [[""A"" 4]]] [93 [[""A"" 4]]] [108 [[""A"" 4]]] [124 [[""A"" 4]]] [149 [[""A"" 4]]] [156 [[""A"" 4]]] [175 [[""A"" 4]]] [188 [[""A"" 4]]] [195 [[""A"" 4]]] [213 [[""A"" 4]]] [227 [[""A"" 4]]] [241 [[""A"" 4]]] [264 [[""A"" 4]]] [283 [[""A"" 4]]] [295 [[""A"" 4]]] [312 [[""A"" 4]]] [322 [[""A"" 4]]] [331 [[""A"" 4]]] [353 [[""A"" 4]]] [368 [[""A"" 4]]] [380 [[""A"" 4]]] [392 [[""A"" 4]]] [413 [[""A"" 4]]] [433 [[""A"" 4]]] [445 [[""A"" 4]]] [452 [[""A"" 4]]] [479 [[""A"" 4]]] [489 [[""A"" 4]]] [497 [[""A"" 4]]] [523 [[""A"" 4]]] [531 [[""A"" 4]]] [553 [[""A"" 4]]] [560 [[""A"" 4]]] [578 [[""A"" 4]]] [593 [[""A"" 4]]] [603 [[""A"" 4]]] [628 [[""A"" 4]]] [640 [[""A"" 4]]] [652 [[""A"" 4]]] [674 [[""A"" 4]]] [683 [[""A"" 4]]] [704 [[""A"" 4]]] [713 [[""A"" 4]]] [720 [[""A"" 4]]] [747 [[""A"" 4]]] [754 [[""A"" 4]]] [772 [[""A"" 4]]] [791 [[""A"" 4]]] [808 [[""A"" 4]]] [813 [[""A"" 4]]] [829 [[""A"" 4]]] [846 [[""A"" 4]]] [867 [[""A"" 4]]] [872 [[""A"" 4]]] [886 [[""A"" 4]]] [903 [[""A"" 4]]] [926 [[""A"" 4]]] [944 [[""A"" 4]]] [947 [[""A"" 4]]] [971 [[""A"" 4]]] [979 [[""A"" 4]]] [1001 [[""A"" 4]]] [1006 [[""A"" 4]]] [1032 [[""A"" 4]]] [1046 [[""A"" 4]]] [1051 [[""A"" 4]]] [1076 [[""A"" 4]]] [1091 [[""A"" 4]]] [1105 [[""A"" 4]]] [1110 [[""A"" 4]]] [1134 [[""A"" 4]]] [1140 [[""A"" 4]]] [1168 [[""A"" 4]]] [1180 [[""A"" 4]]] [1190 [[""A"" 4]]] [1213 [[""A"" 4]]] [1219 [[""A"" 4]]] [1235 [[""A"" 4]]] [1246 [[""A"" 4]]] [1262 [[""A"" 4]]] [1285 [[""A"" 4]]] [1293 [[""A"" 4]]] [1316 [[""A"" 4]]] [1325 [[""A"" 4]]] [1335 [[""A"" 4]]] [1352 [[""A"" 4]]] [1375 [[""A"" 4]]] [1390 [[""A"" 4]]] [1395 [[""A"" 4]]] [1412 [[""A"" 4]]] [1438 [[""A"" 4]]] [1442 [[""A"" 4]]] [1466 [[""A"" 4]]] [1474 [[""A"" 4]]] [1490 [[""A"" 4]]]]",
"57","[85 0 170]","341","-13.58053972711597","3.243775743938297","""box""","""""","9.9","{breed medias}","false","1","1","""up""","0","[[""ID"" 62] [""alpha"" 1] [""beta"" 1] [""malleable"" [""A""]] [""prior"" []] [""cont_tokens"" []] [""A"" 4]]","[]","[]","[[10 [[""A"" 4]]] [27 [[""A"" 4]]] [38 [[""A"" 4]]] [50 [[""A"" 4]]] [64 [[""A"" 4]]] [83 [[""A"" 4]]] [100 [[""A"" 4]]] [117 [[""A"" 4]]] [129 [[""A"" 4]]] [147 [[""A"" 4]]] [152 [[""A"" 4]]] [177 [[""A"" 4]]] [194 [[""A"" 4]]] [205 [[""A"" 4]]] [212 [[""A"" 4]]] [234 [[""A"" 4]]] [253 [[""A"" 4]]] [256 [[""A"" 4]]] [271 [[""A"" 4]]] [294 [[""A"" 4]]] [300 [[""A"" 4]]] [318 [[""A"" 4]]] [337 [[""A"" 4]]] [356 [[""A"" 4]]] [372 [[""A"" 4]]] [383 [[""A"" 4]]] [399 [[""A"" 4]]] [414 [[""A"" 4]]] [423 [[""A"" 4]]] [438 [[""A"" 4]]] [462 [[""A"" 4]]] [465 [[""A"" 4]]] [493 [[""A"" 4]]] [498 [[""A"" 4]]] [524 [[""A"" 4]]] [530 [[""A"" 4]]] [554 [[""A"" 4]]] [564 [[""A"" 4]]] [574 [[""A"" 4]]] [589 [[""A"" 4]]] [605 [[""A"" 4]]] [618 [[""A"" 4]]] [633 [[""A"" 4]]] [649 [[""A"" 4]]] [662 [[""A"" 4]]] [687 [[""A"" 4]]] [692 [[""A"" 4]]] [707 [[""A"" 4]]] [727 [[""A"" 4]]] [737 [[""A"" 4]]] [756 [[""A"" 4]]] [769 [[""A"" 4]]] [782 [[""A"" 4]]] [796 [[""A"" 4]]] [821 [[""A"" 4]]] [825 [[""A"" 4]]] [840 [[""A"" 4]]] [857 [[""A"" 4]]] [878 [[""A"" 4]]] [896 [[""A"" 4]]] [904 [[""A"" 4]]] [916 [[""A"" 4]]] [934 [[""A"" 4]]] [958 [[""A"" 4]]] [961 [[""A"" 4]]] [985 [[""A"" 4]]] [1004 [[""A"" 4]]] [1011 [[""A"" 4]]] [1021 [[""A"" 4]]] [1037 [[""A"" 4]]] [1063 [[""A"" 4]]] [1065 [[""A"" 4]]] [1081 [[""A"" 4]]] [1099 [[""A"" 4]]] [1114 [[""A"" 4]]] [1135 [[""A"" 4]]] [1150 [[""A"" 4]]] [1157 [[""A"" 4]]] [1183 [[""A"" 4]]] [1189 [[""A"" 4]]] [1209 [[""A"" 4]]] [1225 [[""A"" 4]]] [1241 [[""A"" 4]]] [1253 [[""A"" 4]]] [1268 [[""A"" 4]]] [1286 [[""A"" 4]]] [1290 [[""A"" 4]]] [1317 [[""A"" 4]]] [1330 [[""A"" 4]]] [1341 [[""A"" 4]]] [1364 [[""A"" 4]]] [1372 [[""A"" 4]]] [1391 [[""A"" 4]]] [1402 [[""A"" 4]]] [1424 [[""A"" 4]]] [1425 [[""A"" 4]]] [1451 [[""A"" 4]]] [1467 [[""A"" 4]]] [1471 [[""A"" 4]]] [1492 [[""A"" 4]]]]",
"58","[85 0 170]","88","-10.138430973039373","14.698742655805987","""box""","""""","9.9","{breed medias}","false","1","1","""up""","0","[[""ID"" 57] [""alpha"" 1] [""beta"" 1] [""malleable"" [""A""]] [""prior"" []] [""cont_tokens"" []] [""A"" 4]]","[]","[]","[[3 [[""A"" 3]]] [28 [[""A"" 4]]] [44 [[""A"" 4]]] [52 [[""A"" 4]]] [63 [[""A"" 4]]] [75 [[""A"" 4]]] [99 [[""A"" 4]]] [107 [[""A"" 4]]] [123 [[""A"" 4]]] [141 [[""A"" 4]]] [153 [[""A"" 4]]] [178 [[""A"" 4]]] [182 [[""A"" 4]]] [202 [[""A"" 4]]] [217 [[""A"" 4]]] [226 [[""A"" 4]]] [240 [[""A"" 4]]] [263 [[""A"" 4]]] [277 [[""A"" 4]]] [299 [[""A"" 4]]] [304 [[""A"" 4]]] [316 [[""A"" 4]]] [343 [[""A"" 4]]] [350 [[""A"" 4]]] [373 [[""A"" 4]]] [386 [[""A"" 4]]] [397 [[""A"" 4]]] [405 [[""A"" 4]]] [420 [[""A"" 4]]] [447 [[""A"" 4]]] [455 [[""A"" 4]]] [477 [[""A"" 4]]] [484 [[""A"" 4]]] [496 [[""A"" 4]]] [519 [[""A"" 4]]] [533 [[""A"" 4]]] [548 [[""A"" 4]]] [568 [[""A"" 4]]] [576 [[""A"" 4]]] [591 [[""A"" 4]]] [610 [[""A"" 4]]] [622 [[""A"" 4]]] [641 [[""A"" 4]]] [656 [[""A"" 4]]] [668 [[""A"" 4]]] [677 [[""A"" 4]]] [702 [[""A"" 4]]] [715 [[""A"" 4]]] [723 [[""A"" 4]]] [746 [[""A"" 4]]] [762 [[""A"" 4]]] [765 [[""A"" 4]]] [794 [[""A"" 4]]] [804 [[""A"" 4]]] [824 [[""A"" 4]]] [835 [[""A"" 4]]] [844 [[""A"" 4]]] [856 [[""A"" 4]]] [873 [[""A"" 4]]] [894 [[""A"" 4]]] [910 [[""A"" 4]]] [925 [[""A"" 4]]] [940 [[""A"" 4]]] [959 [[""A"" 4]]] [964 [[""A"" 4]]] [989 [[""A"" 4]]] [1002 [[""A"" 4]]] [1009 [[""A"" 4]]] [1024 [[""A"" 4]]] [1035 [[""A"" 4]]] [1062 [[""A"" 4]]] [1078 [[""A"" 4]]] [1080 [[""A"" 4]]] [1098 [[""A"" 4]]] [1122 [[""A"" 4]]] [1128 [[""A"" 4]]] [1146 [[""A"" 4]]] [1161 [[""A"" 4]]] [1182 [[""A"" 4]]] [1186 [[""A"" 4]]] [1204 [[""A"" 4]]] [1229 [[""A"" 4]]] [1242 [[""A"" 4]]] [1258 [[""A"" 4]]] [1270 [[""A"" 4]]] [1287 [[""A"" 4]]] [1304 [[""A"" 4]]] [1307 [[""A"" 4]]] [1329 [[""A"" 4]]] [1349 [[""A"" 4]]] [1351 [[""A"" 4]]] [1378 [[""A"" 4]]] [1380 [[""A"" 4]]] [1398 [[""A"" 4]]] [1423 [[""A"" 4]]] [1439 [[""A"" 4]]] [1449 [[""A"" 4]]] [1457 [[""A"" 4]]] [1476 [[""A"" 4]]] [1496 [[""A"" 4]]]]",
"59","[170 0 85]","33","0.8181000669579177","7.972089489743649","""box""","""""","9.9","{breed medias}","false","1","1","""up""","0","[[""ID"" 60] [""alpha"" 1] [""beta"" 1] [""malleable"" [""A""]] [""prior"" []] [""cont_tokens"" []] [""A"" 2]]","[]","[]","[[6 [[""A"" 4]]] [19 [[""A"" 4]]] [37 [[""A"" 4]]] [54 [[""A"" 4]]] [62 [[""A"" 4]]] [85 [[""A"" 4]]] [92 [[""A"" 4]]] [115 [[""A"" 4]]] [131 [[""A"" 4]]] [139 [[""A"" 4]]] [163 [[""A"" 4]]] [179 [[""A"" 4]]] [185 [[""A"" 4]]] [206 [[""A"" 4]]] [210 [[""A"" 4]]] [231 [[""A"" 4]]] [245 [[""A"" 4]]] [259 [[""A"" 4]]] [276 [[""A"" 4]]] [287 [[""A"" 4]]] [303 [[""A"" 4]]] [326 [[""A"" 4]]] [335 [[""A"" 4]]] [358 [[""A"" 4]]] [369 [[""A"" 4]]] [375 [[""A"" 4]]] [401 [[""A"" 4]]] [407 [[""A"" 4]]] [424 [[""A"" 4]]] [444 [[""A"" 4]]] [459 [[""A"" 4]]] [471 [[""A"" 4]]] [485 [[""A"" 4]]] [505 [[""A"" 4]]] [521 [[""A"" 4]]] [539 [[""A"" 4]]] [552 [[""A"" 4]]] [563 [[""A"" 4]]] [572 [[""A"" 4]]] [597 [[""A"" 4]]] [611 [[""A"" 4]]] [627 [[""A"" 4]]] [632 [[""A"" 4]]] [647 [[""A"" 4]]] [666 [[""A"" 4]]] [676 [[""A"" 4]]] [690 [[""A"" 4]]] [717 [[""A"" 4]]] [729 [[""A"" 4]]] [748 [[""A"" 4]]] [757 [[""A"" 4]]] [771 [[""A"" 4]]] [783 [[""A"" 4]]] [795 [[""A"" 4]]] [812 [[""A"" 4]]] [827 [[""A"" 4]]] [852 [[""A"" 4]]] [855 [[""A"" 4]]] [881 [[""A"" 4]]] [890 [[""A"" 4]]] [908 [[""A"" 4]]] [928 [[""A"" 4]]] [933 [[""A"" 4]]] [950 [[""A"" 4]]] [963 [[""A"" 4]]] [982 [[""A"" 4]]] [991 [[""A"" 4]]] [1012 [[""A"" 4]]] [1029 [[""A"" 4]]] [1039 [[""A"" 4]]] [1055 [[""A"" 4]]] [1071 [[""A"" 4]]] [1086 [[""A"" 4]]] [1109 [[""A"" 4]]] [1121 [[""A"" 4]]] [1131 [[""A"" 4]]] [1142 [[""A"" 4]]] [1160 [[""A"" 4]]] [1171 [[""A"" 4]]] [1197 [[""A"" 4]]] [1210 [[""A"" 4]]] [1224 [[""A"" 4]]] [1234 [[""A"" 4]]] [1257 [[""A"" 4]]] [1274 [[""A"" 4]]] [1275 [[""A"" 4]]] [1297 [[""A"" 4]]] [1315 [[""A"" 4]]] [1331 [[""A"" 4]]] [1348 [[""A"" 4]]] [1355 [[""A"" 4]]] [1369 [[""A"" 4]]] [1386 [[""A"" 4]]] [1405 [[""A"" 4]]] [1421 [[""A"" 4]]] [1427 [[""A"" 4]]] [1444 [[""A"" 4]]] [1459 [[""A"" 4]]] [1478 [[""A"" 4]]] [1489 [[""A"" 4]]]]",
"60","[128 0 127]","296","-16.135915128812762","-13.396824818444028","""box""","""""","9.9","{breed medias}","false","1","1","""up""","0","[[""ID"" 54] [""alpha"" 1] [""beta"" 1] [""malleable"" [""A""]] [""prior"" []] [""cont_tokens"" []] [""A"" 3]]","[]","[]","[[9 [[""A"" 4]]] [24 [[""A"" 4]]] [31 [[""A"" 4]]] [55 [[""A"" 4]]] [66 [[""A"" 4]]] [79 [[""A"" 4]]] [97 [[""A"" 4]]] [113 [[""A"" 4]]] [128 [[""A"" 4]]] [136 [[""A"" 4]]] [155 [[""A"" 4]]] [168 [[""A"" 4]]] [193 [[""A"" 4]]] [201 [[""A"" 4]]] [220 [[""A"" 4]]] [232 [[""A"" 4]]] [242 [[""A"" 4]]] [266 [[""A"" 4]]] [284 [[""A"" 4]]] [288 [[""A"" 4]]] [308 [[""A"" 4]]] [320 [[""A"" 4]]] [330 [[""A"" 4]]] [347 [[""A"" 4]]] [374 [[""A"" 4]]] [379 [[""A"" 4]]] [400 [[""A"" 4]]] [419 [[""A"" 4]]] [422 [[""A"" 4]]] [442 [[""A"" 4]]] [454 [[""A"" 4]]] [469 [[""A"" 4]]] [487 [[""A"" 4]]] [508 [[""A"" 4]]] [518 [[""A"" 4]]] [538 [[""A"" 4]]] [549 [[""A"" 4]]] [567 [[""A"" 4]]] [570 [[""A"" 4]]] [587 [[""A"" 4]]] [604 [[""A"" 4]]] [615 [[""A"" 4]]] [637 [[""A"" 4]]] [650 [[""A"" 4]]] [672 [[""A"" 4]]] [688 [[""A"" 4]]] [696 [[""A"" 4]]] [718 [[""A"" 4]]] [725 [[""A"" 4]]] [741 [[""A"" 4]]] [759 [[""A"" 4]]] [775 [[""A"" 4]]] [781 [[""A"" 4]]] [800 [[""A"" 4]]] [817 [[""A"" 4]]] [836 [[""A"" 4]]] [851 [[""A"" 4]]] [858 [[""A"" 4]]] [880 [[""A"" 4]]] [887 [[""A"" 4]]] [907 [[""A"" 4]]] [921 [[""A"" 4]]] [942 [[""A"" 4]]] [949 [[""A"" 4]]] [960 [[""A"" 4]]] [977 [[""A"" 4]]] [998 [[""A"" 4]]] [1013 [[""A"" 4]]] [1027 [[""A"" 4]]] [1048 [[""A"" 4]]] [1058 [[""A"" 4]]] [1077 [[""A"" 4]]] [1087 [[""A"" 4]]] [1097 [[""A"" 4]]] [1112 [[""A"" 4]]] [1129 [[""A"" 4]]] [1143 [[""A"" 4]]] [1159 [[""A"" 4]]] [1178 [[""A"" 4]]] [1191 [[""A"" 4]]] [1211 [[""A"" 4]]] [1221 [[""A"" 4]]] [1240 [[""A"" 4]]] [1259 [[""A"" 4]]] [1260 [[""A"" 4]]] [1282 [[""A"" 4]]] [1295 [[""A"" 4]]] [1309 [[""A"" 4]]] [1323 [[""A"" 4]]] [1338 [[""A"" 4]]] [1353 [[""A"" 4]]] [1368 [[""A"" 4]]] [1387 [[""A"" 4]]] [1407 [[""A"" 4]]] [1413 [[""A"" 4]]] [1433 [[""A"" 4]]] [1445 [[""A"" 4]]] [1469 [[""A"" 4]]] [1477 [[""A"" 4]]] [1498 [[""A"" 4]]]]",
"61","[128 0 127]","80","-5.555385559754649","16.49516758509798","""box""","""""","9.9","{breed medias}","false","1","1","""up""","0","[[""ID"" 58] [""alpha"" 1] [""beta"" 1] [""malleable"" [""A""]] [""prior"" []] [""cont_tokens"" []] [""A"" 3]]","[]","[]","[[14 [[""A"" 4]]] [20 [[""A"" 4]]] [30 [[""A"" 4]]] [51 [[""A"" 4]]] [67 [[""A"" 4]]] [77 [[""A"" 4]]] [91 [[""A"" 4]]] [111 [[""A"" 4]]] [122 [[""A"" 4]]] [148 [[""A"" 4]]] [154 [[""A"" 4]]] [165 [[""A"" 4]]] [192 [[""A"" 4]]] [204 [[""A"" 4]]] [211 [[""A"" 4]]] [235 [[""A"" 4]]] [246 [[""A"" 4]]] [257 [[""A"" 4]]] [281 [[""A"" 4]]] [298 [[""A"" 4]]] [307 [[""A"" 4]]] [324 [[""A"" 4]]] [334 [[""A"" 4]]] [352 [[""A"" 4]]] [365 [[""A"" 4]]] [381 [[""A"" 4]]] [402 [[""A"" 4]]] [411 [[""A"" 4]]] [434 [[""A"" 4]]] [437 [[""A"" 4]]] [463 [[""A"" 4]]] [474 [[""A"" 4]]] [491 [[""A"" 4]]] [499 [[""A"" 4]]] [516 [[""A"" 4]]] [529 [[""A"" 4]]] [541 [[""A"" 4]]] [566 [[""A"" 4]]] [582 [[""A"" 4]]] [594 [[""A"" 4]]] [602 [[""A"" 4]]] [623 [[""A"" 4]]] [631 [[""A"" 4]]] [657 [[""A"" 4]]] [673 [[""A"" 4]]] [678 [[""A"" 4]]] [703 [[""A"" 4]]] [719 [[""A"" 4]]] [726 [[""A"" 4]]] [740 [[""A"" 4]]] [750 [[""A"" 4]]] [768 [[""A"" 4]]] [785 [[""A"" 4]]] [801 [[""A"" 4]]] [822 [[""A"" 4]]] [837 [[""A"" 4]]] [843 [[""A"" 4]]] [864 [[""A"" 4]]] [877 [[""A"" 4]]] [895 [[""A"" 4]]] [905 [[""A"" 4]]] [917 [[""A"" 4]]] [941 [[""A"" 4]]] [954 [[""A"" 4]]] [966 [[""A"" 4]]] [976 [[""A"" 4]]] [999 [[""A"" 4]]] [1019 [[""A"" 4]]] [1020 [[""A"" 4]]] [1040 [[""A"" 4]]] [1059 [[""A"" 4]]] [1074 [[""A"" 4]]] [1094 [[""A"" 4]]] [1100 [[""A"" 4]]] [1120 [[""A"" 4]]] [1126 [[""A"" 4]]] [1144 [[""A"" 4]]] [1163 [[""A"" 4]]] [1177 [[""A"" 4]]] [1196 [[""A"" 4]]] [1207 [[""A"" 4]]] [1220 [[""A"" 4]]] [1244 [[""A"" 4]]] [1247 [[""A"" 4]]] [1261 [[""A"" 4]]] [1281 [[""A"" 4]]] [1292 [[""A"" 4]]] [1318 [[""A"" 4]]] [1320 [[""A"" 4]]] [1342 [[""A"" 4]]] [1359 [[""A"" 4]]] [1370 [[""A"" 4]]] [1388 [[""A"" 4]]] [1397 [[""A"" 4]]] [1417 [[""A"" 4]]] [1430 [[""A"" 4]]] [1441 [[""A"" 4]]] [1455 [[""A"" 4]]] [1473 [[""A"" 4]]] [1487 [[""A"" 4]]]]",
"62","[85 0 170]","280","-14.51745871976021","-10.61989082086184","""box""","""""","9.9","{breed medias}","false","1","1","""up""","0","[[""ID"" 50] [""alpha"" 1] [""beta"" 1] [""malleable"" [""A""]] [""prior"" []] [""cont_tokens"" []] [""A"" 4]]","[]","[]","[[1 [[""A"" 3]]] [18 [[""A"" 4]]] [40 [[""A"" 4]]] [57 [[""A"" 4]]] [71 [[""A"" 4]]] [86 [[""A"" 4]]] [98 [[""A"" 4]]] [112 [[""A"" 4]]] [130 [[""A"" 4]]] [138 [[""A"" 4]]] [160 [[""A"" 4]]] [171 [[""A"" 4]]] [191 [[""A"" 4]]] [198 [[""A"" 4]]] [221 [[""A"" 4]]] [236 [[""A"" 4]]] [244 [[""A"" 4]]] [260 [[""A"" 4]]] [282 [[""A"" 4]]] [289 [[""A"" 4]]] [309 [[""A"" 4]]] [327 [[""A"" 4]]] [341 [[""A"" 4]]] [345 [[""A"" 4]]] [366 [[""A"" 4]]] [389 [[""A"" 4]]] [391 [[""A"" 4]]] [410 [[""A"" 4]]] [425 [[""A"" 4]]] [448 [[""A"" 4]]] [457 [[""A"" 4]]] [476 [[""A"" 4]]] [480 [[""A"" 4]]] [495 [[""A"" 4]]] [520 [[""A"" 4]]] [528 [[""A"" 4]]] [545 [[""A"" 4]]] [556 [[""A"" 4]]] [584 [[""A"" 4]]] [586 [[""A"" 4]]] [600 [[""A"" 4]]] [619 [[""A"" 4]]] [644 [[""A"" 4]]] [655 [[""A"" 4]]] [671 [[""A"" 4]]] [689 [[""A"" 4]]] [698 [[""A"" 4]]] [708 [[""A"" 4]]] [728 [[""A"" 4]]] [744 [[""A"" 4]]] [763 [[""A"" 4]]] [776 [[""A"" 4]]] [788 [[""A"" 4]]] [807 [[""A"" 4]]] [820 [[""A"" 4]]] [828 [[""A"" 4]]] [853 [[""A"" 4]]] [868 [[""A"" 4]]] [883 [[""A"" 4]]] [897 [[""A"" 4]]] [901 [[""A"" 4]]] [929 [[""A"" 4]]] [935 [[""A"" 4]]] [948 [[""A"" 4]]] [970 [[""A"" 4]]] [984 [[""A"" 4]]] [1003 [[""A"" 4]]] [1014 [[""A"" 4]]] [1033 [[""A"" 4]]] [1045 [[""A"" 4]]] [1064 [[""A"" 4]]] [1070 [[""A"" 4]]] [1085 [[""A"" 4]]] [1095 [[""A"" 4]]] [1111 [[""A"" 4]]] [1137 [[""A"" 4]]] [1151 [[""A"" 4]]] [1169 [[""A"" 4]]] [1170 [[""A"" 4]]] [1192 [[""A"" 4]]] [1200 [[""A"" 4]]] [1222 [[""A"" 4]]] [1239 [[""A"" 4]]] [1255 [[""A"" 4]]] [1263 [[""A"" 4]]] [1288 [[""A"" 4]]] [1298 [[""A"" 4]]] [1311 [[""A"" 4]]] [1333 [[""A"" 4]]] [1336 [[""A"" 4]]] [1362 [[""A"" 4]]] [1376 [[""A"" 4]]] [1383 [[""A"" 4]]] [1396 [[""A"" 4]]] [1422 [[""A"" 4]]] [1436 [[""A"" 4]]] [1448 [[""A"" 4]]] [1462 [[""A"" 4]]] [1479 [[""A"" 4]]] [1488 [[""A"" 4]]]]",
"63","[170 0 85]","216","-3.356381348165801","-13.279779994006898","""box""","""""","9.9","{breed medias}","false","1","1","""up""","0","[[""ID"" 63] [""alpha"" 1] [""beta"" 1] [""malleable"" [""A""]] [""prior"" []] [""cont_tokens"" []] [""A"" 2]]","[]","[]","[[4 [[""A"" 4]]] [25 [[""A"" 4]]] [36 [[""A"" 4]]] [48 [[""A"" 4]]] [61 [[""A"" 4]]] [80 [[""A"" 4]]] [102 [[""A"" 4]]] [105 [[""A"" 4]]] [126 [[""A"" 4]]] [137 [[""A"" 4]]] [161 [[""A"" 4]]] [173 [[""A"" 4]]] [189 [[""A"" 4]]] [209 [[""A"" 4]]] [222 [[""A"" 4]]] [237 [[""A"" 4]]] [251 [[""A"" 4]]] [267 [[""A"" 4]]] [275 [[""A"" 4]]] [285 [[""A"" 4]]] [311 [[""A"" 4]]] [328 [[""A"" 4]]] [332 [[""A"" 4]]] [349 [[""A"" 4]]] [364 [[""A"" 4]]] [382 [[""A"" 4]]] [394 [[""A"" 4]]] [416 [[""A"" 4]]] [431 [[""A"" 4]]] [436 [[""A"" 4]]] [451 [[""A"" 4]]] [473 [[""A"" 4]]] [494 [[""A"" 4]]] [509 [[""A"" 4]]] [510 [[""A"" 4]]] [525 [[""A"" 4]]] [547 [[""A"" 4]]] [562 [[""A"" 4]]] [581 [[""A"" 4]]] [599 [[""A"" 4]]] [601 [[""A"" 4]]] [617 [[""A"" 4]]] [638 [[""A"" 4]]] [654 [[""A"" 4]]] [660 [[""A"" 4]]] [679 [[""A"" 4]]] [700 [[""A"" 4]]] [714 [[""A"" 4]]] [734 [[""A"" 4]]] [749 [[""A"" 4]]] [755 [[""A"" 4]]] [766 [[""A"" 4]]] [784 [[""A"" 4]]] [806 [[""A"" 4]]] [810 [[""A"" 4]]] [832 [[""A"" 4]]] [850 [[""A"" 4]]] [863 [[""A"" 4]]] [876 [[""A"" 4]]] [892 [[""A"" 4]]] [906 [[""A"" 4]]] [915 [[""A"" 4]]] [930 [[""A"" 4]]] [955 [[""A"" 4]]] [974 [[""A"" 4]]] [986 [[""A"" 4]]] [997 [[""A"" 4]]] [1007 [[""A"" 4]]] [1034 [[""A"" 4]]] [1047 [[""A"" 4]]] [1056 [[""A"" 4]]] [1068 [[""A"" 4]]] [1092 [[""A"" 4]]] [1102 [[""A"" 4]]] [1115 [[""A"" 4]]] [1138 [[""A"" 4]]] [1147 [[""A"" 4]]] [1156 [[""A"" 4]]] [1172 [[""A"" 4]]] [1198 [[""A"" 4]]] [1206 [[""A"" 4]]] [1217 [[""A"" 4]]] [1231 [[""A"" 4]]] [1252 [[""A"" 4]]] [1269 [[""A"" 4]]] [1278 [[""A"" 4]]] [1300 [[""A"" 4]]] [1310 [[""A"" 4]]] [1327 [[""A"" 4]]] [1339 [[""A"" 4]]] [1363 [[""A"" 4]]] [1365 [[""A"" 4]]] [1384 [[""A"" 4]]] [1409 [[""A"" 4]]] [1418 [[""A"" 4]]] [1431 [[""A"" 4]]] [1440 [[""A"" 4]]] [1456 [[""A"" 4]]] [1475 [[""A"" 4]]] [1491 [[""A"" 4]]]]",
"64","[170 0 85]","45","-4.592554880379039","3.8789386305785207","""box""","""""","9.9","{breed medias}","false","1","1","""up""","0","[[""ID"" 64] [""alpha"" 1] [""beta"" 1] [""malleable"" [""A""]] [""prior"" []] [""cont_tokens"" []] [""A"" 2]]","[]","[]","[[12 [[""A"" 4]]] [29 [[""A"" 4]]] [41 [[""A"" 4]]] [49 [[""A"" 4]]] [60 [[""A"" 4]]] [81 [[""A"" 4]]] [96 [[""A"" 4]]] [106 [[""A"" 4]]] [125 [[""A"" 4]]] [145 [[""A"" 4]]] [162 [[""A"" 4]]] [176 [[""A"" 4]]] [181 [[""A"" 4]]] [203 [[""A"" 4]]] [215 [[""A"" 4]]] [225 [[""A"" 4]]] [250 [[""A"" 4]]] [262 [[""A"" 4]]] [279 [[""A"" 4]]] [286 [[""A"" 4]]] [305 [[""A"" 4]]] [323 [[""A"" 4]]] [342 [[""A"" 4]]] [348 [[""A"" 4]]] [367 [[""A"" 4]]] [377 [[""A"" 4]]] [390 [[""A"" 4]]] [415 [[""A"" 4]]] [426 [[""A"" 4]]] [435 [[""A"" 4]]] [456 [[""A"" 4]]] [475 [[""A"" 4]]] [490 [[""A"" 4]]] [506 [[""A"" 4]]] [514 [[""A"" 4]]] [532 [[""A"" 4]]] [550 [[""A"" 4]]] [558 [[""A"" 4]]] [575 [[""A"" 4]]] [590 [[""A"" 4]]] [607 [[""A"" 4]]] [616 [[""A"" 4]]] [642 [[""A"" 4]]] [653 [[""A"" 4]]] [665 [[""A"" 4]]] [680 [[""A"" 4]]] [693 [[""A"" 4]]] [710 [[""A"" 4]]] [730 [[""A"" 4]]] [745 [[""A"" 4]]] [758 [[""A"" 4]]] [773 [[""A"" 4]]] [780 [[""A"" 4]]] [805 [[""A"" 4]]] [815 [[""A"" 4]]] [826 [[""A"" 4]]] [841 [[""A"" 4]]] [866 [[""A"" 4]]] [875 [[""A"" 4]]] [893 [[""A"" 4]]] [914 [[""A"" 4]]] [923 [[""A"" 4]]] [943 [[""A"" 4]]] [945 [[""A"" 4]]] [969 [[""A"" 4]]] [981 [[""A"" 4]]] [995 [[""A"" 4]]] [1008 [[""A"" 4]]] [1031 [[""A"" 4]]] [1042 [[""A"" 4]]] [1060 [[""A"" 4]]] [1079 [[""A"" 4]]] [1083 [[""A"" 4]]] [1103 [[""A"" 4]]] [1117 [[""A"" 4]]] [1127 [[""A"" 4]]] [1141 [[""A"" 4]]] [1164 [[""A"" 4]]] [1175 [[""A"" 4]]] [1187 [[""A"" 4]]] [1201 [[""A"" 4]]] [1228 [[""A"" 4]]] [1233 [[""A"" 4]]] [1256 [[""A"" 4]]] [1264 [[""A"" 4]]] [1284 [[""A"" 4]]] [1299 [[""A"" 4]]] [1319 [[""A"" 4]]] [1326 [[""A"" 4]]] [1343 [[""A"" 4]]] [1354 [[""A"" 4]]] [1377 [[""A"" 4]]] [1393 [[""A"" 4]]] [1404 [[""A"" 4]]] [1414 [[""A"" 4]]] [1428 [[""A"" 4]]] [1443 [[""A"" 4]]] [1464 [[""A"" 4]]] [1470 [[""A"" 4]]] [1486 [[""A"" 4]]]]",

"PATCHES"
"pxcor","pycor","pcolor","plabel","plabel-color"
"-16","16","9.9","""""","9.9"
"-15","16","9.9","""""","9.9"
"-14","16","9.9","""""","9.9"
"-13","16","9.9","""""","9.9"
"-12","16","9.9","""""","9.9"
"-11","16","9.9","""""","9.9"
"-10","16","9.9","""""","9.9"
"-9","16","9.9","""""","9.9"
"-8","16","9.9","""""","9.9"
"-7","16","9.9","""""","9.9"
"-6","16","9.9","""""","9.9"
"-5","16","9.9","""""","9.9"
"-4","16","9.9","""""","9.9"
"-3","16","9.9","""""","9.9"
"-2","16","9.9","""""","9.9"
"-1","16","9.9","""""","9.9"
"0","16","9.9","""""","9.9"
"1","16","9.9","""""","9.9"
"2","16","9.9","""""","9.9"
"3","16","9.9","""""","9.9"
"4","16","9.9","""""","9.9"
"5","16","9.9","""""","9.9"
"6","16","9.9","""""","9.9"
"7","16","9.9","""""","9.9"
"8","16","9.9","""""","9.9"
"9","16","9.9","""""","9.9"
"10","16","9.9","""""","9.9"
"11","16","9.9","""""","9.9"
"12","16","9.9","""""","9.9"
"13","16","9.9","""""","9.9"
"14","16","9.9","""""","9.9"
"15","16","9.9","""""","9.9"
"16","16","9.9","""""","9.9"
"-16","15","9.9","""""","9.9"
"-15","15","9.9","""""","9.9"
"-14","15","9.9","""""","9.9"
"-13","15","9.9","""""","9.9"
"-12","15","9.9","""""","9.9"
"-11","15","9.9","""""","9.9"
"-10","15","9.9","""""","9.9"
"-9","15","9.9","""""","9.9"
"-8","15","9.9","""""","9.9"
"-7","15","9.9","""""","9.9"
"-6","15","9.9","""""","9.9"
"-5","15","9.9","""""","9.9"
"-4","15","9.9","""""","9.9"
"-3","15","9.9","""""","9.9"
"-2","15","9.9","""""","9.9"
"-1","15","9.9","""""","9.9"
"0","15","9.9","""""","9.9"
"1","15","9.9","""""","9.9"
"2","15","9.9","""""","9.9"
"3","15","9.9","""""","9.9"
"4","15","9.9","""""","9.9"
"5","15","9.9","""""","9.9"
"6","15","9.9","""""","9.9"
"7","15","9.9","""""","9.9"
"8","15","9.9","""""","9.9"
"9","15","9.9","""""","9.9"
"10","15","9.9","""""","9.9"
"11","15","9.9","""""","9.9"
"12","15","9.9","""""","9.9"
"13","15","9.9","""""","9.9"
"14","15","9.9","""""","9.9"
"15","15","9.9","""""","9.9"
"16","15","9.9","""""","9.9"
"-16","14","9.9","""""","9.9"
"-15","14","9.9","""""","9.9"
"-14","14","9.9","""""","9.9"
"-13","14","9.9","""""","9.9"
"-12","14","9.9","""""","9.9"
"-11","14","9.9","""""","9.9"
"-10","14","9.9","""""","9.9"
"-9","14","9.9","""""","9.9"
"-8","14","9.9","""""","9.9"
"-7","14","9.9","""""","9.9"
"-6","14","9.9","""""","9.9"
"-5","14","9.9","""""","9.9"
"-4","14","9.9","""""","9.9"
"-3","14","9.9","""""","9.9"
"-2","14","9.9","""""","9.9"
"-1","14","9.9","""""","9.9"
"0","14","9.9","""""","9.9"
"1","14","9.9","""""","9.9"
"2","14","9.9","""""","9.9"
"3","14","9.9","""""","9.9"
"4","14","9.9","""""","9.9"
"5","14","9.9","""""","9.9"
"6","14","9.9","""""","9.9"
"7","14","9.9","""""","9.9"
"8","14","9.9","""""","9.9"
"9","14","9.9","""""","9.9"
"10","14","9.9","""""","9.9"
"11","14","9.9","""""","9.9"
"12","14","9.9","""""","9.9"
"13","14","9.9","""""","9.9"
"14","14","9.9","""""","9.9"
"15","14","9.9","""""","9.9"
"16","14","9.9","""""","9.9"
"-16","13","9.9","""""","9.9"
"-15","13","9.9","""""","9.9"
"-14","13","9.9","""""","9.9"
"-13","13","9.9","""""","9.9"
"-12","13","9.9","""""","9.9"
"-11","13","9.9","""""","9.9"
"-10","13","9.9","""""","9.9"
"-9","13","9.9","""""","9.9"
"-8","13","9.9","""""","9.9"
"-7","13","9.9","""""","9.9"
"-6","13","9.9","""""","9.9"
"-5","13","9.9","""""","9.9"
"-4","13","9.9","""""","9.9"
"-3","13","9.9","""""","9.9"
"-2","13","9.9","""""","9.9"
"-1","13","9.9","""""","9.9"
"0","13","9.9","""""","9.9"
"1","13","9.9","""""","9.9"
"2","13","9.9","""""","9.9"
"3","13","9.9","""""","9.9"
"4","13","9.9","""""","9.9"
"5","13","9.9","""""","9.9"
"6","13","9.9","""""","9.9"
"7","13","9.9","""""","9.9"
"8","13","9.9","""""","9.9"
"9","13","9.9","""""","9.9"
"10","13","9.9","""""","9.9"
"11","13","9.9","""""","9.9"
"12","13","9.9","""""","9.9"
"13","13","9.9","""""","9.9"
"14","13","9.9","""""","9.9"
"15","13","9.9","""""","9.9"
"16","13","9.9","""""","9.9"
"-16","12","9.9","""""","9.9"
"-15","12","9.9","""""","9.9"
"-14","12","9.9","""""","9.9"
"-13","12","9.9","""""","9.9"
"-12","12","9.9","""""","9.9"
"-11","12","9.9","""""","9.9"
"-10","12","9.9","""""","9.9"
"-9","12","9.9","""""","9.9"
"-8","12","9.9","""""","9.9"
"-7","12","9.9","""""","9.9"
"-6","12","9.9","""""","9.9"
"-5","12","9.9","""""","9.9"
"-4","12","9.9","""""","9.9"
"-3","12","9.9","""""","9.9"
"-2","12","9.9","""""","9.9"
"-1","12","9.9","""""","9.9"
"0","12","9.9","""""","9.9"
"1","12","9.9","""""","9.9"
"2","12","9.9","""""","9.9"
"3","12","9.9","""""","9.9"
"4","12","9.9","""""","9.9"
"5","12","9.9","""""","9.9"
"6","12","9.9","""""","9.9"
"7","12","9.9","""""","9.9"
"8","12","9.9","""""","9.9"
"9","12","9.9","""""","9.9"
"10","12","9.9","""""","9.9"
"11","12","9.9","""""","9.9"
"12","12","9.9","""""","9.9"
"13","12","9.9","""""","9.9"
"14","12","9.9","""""","9.9"
"15","12","9.9","""""","9.9"
"16","12","9.9","""""","9.9"
"-16","11","9.9","""""","9.9"
"-15","11","9.9","""""","9.9"
"-14","11","9.9","""""","9.9"
"-13","11","9.9","""""","9.9"
"-12","11","9.9","""""","9.9"
"-11","11","9.9","""""","9.9"
"-10","11","9.9","""""","9.9"
"-9","11","9.9","""""","9.9"
"-8","11","9.9","""""","9.9"
"-7","11","9.9","""""","9.9"
"-6","11","9.9","""""","9.9"
"-5","11","9.9","""""","9.9"
"-4","11","9.9","""""","9.9"
"-3","11","9.9","""""","9.9"
"-2","11","9.9","""""","9.9"
"-1","11","9.9","""""","9.9"
"0","11","9.9","""""","9.9"
"1","11","9.9","""""","9.9"
"2","11","9.9","""""","9.9"
"3","11","9.9","""""","9.9"
"4","11","9.9","""""","9.9"
"5","11","9.9","""""","9.9"
"6","11","9.9","""""","9.9"
"7","11","9.9","""""","9.9"
"8","11","9.9","""""","9.9"
"9","11","9.9","""""","9.9"
"10","11","9.9","""""","9.9"
"11","11","9.9","""""","9.9"
"12","11","9.9","""""","9.9"
"13","11","9.9","""""","9.9"
"14","11","9.9","""""","9.9"
"15","11","9.9","""""","9.9"
"16","11","9.9","""""","9.9"
"-16","10","9.9","""""","9.9"
"-15","10","9.9","""""","9.9"
"-14","10","9.9","""""","9.9"
"-13","10","9.9","""""","9.9"
"-12","10","9.9","""""","9.9"
"-11","10","9.9","""""","9.9"
"-10","10","9.9","""""","9.9"
"-9","10","9.9","""""","9.9"
"-8","10","9.9","""""","9.9"
"-7","10","9.9","""""","9.9"
"-6","10","9.9","""""","9.9"
"-5","10","9.9","""""","9.9"
"-4","10","9.9","""""","9.9"
"-3","10","9.9","""""","9.9"
"-2","10","9.9","""""","9.9"
"-1","10","9.9","""""","9.9"
"0","10","9.9","""""","9.9"
"1","10","9.9","""""","9.9"
"2","10","9.9","""""","9.9"
"3","10","9.9","""""","9.9"
"4","10","9.9","""""","9.9"
"5","10","9.9","""""","9.9"
"6","10","9.9","""""","9.9"
"7","10","9.9","""""","9.9"
"8","10","9.9","""""","9.9"
"9","10","9.9","""""","9.9"
"10","10","9.9","""""","9.9"
"11","10","9.9","""""","9.9"
"12","10","9.9","""""","9.9"
"13","10","9.9","""""","9.9"
"14","10","9.9","""""","9.9"
"15","10","9.9","""""","9.9"
"16","10","9.9","""""","9.9"
"-16","9","9.9","""""","9.9"
"-15","9","9.9","""""","9.9"
"-14","9","9.9","""""","9.9"
"-13","9","9.9","""""","9.9"
"-12","9","9.9","""""","9.9"
"-11","9","9.9","""""","9.9"
"-10","9","9.9","""""","9.9"
"-9","9","9.9","""""","9.9"
"-8","9","9.9","""""","9.9"
"-7","9","9.9","""""","9.9"
"-6","9","9.9","""""","9.9"
"-5","9","9.9","""""","9.9"
"-4","9","9.9","""""","9.9"
"-3","9","9.9","""""","9.9"
"-2","9","9.9","""""","9.9"
"-1","9","9.9","""""","9.9"
"0","9","9.9","""""","9.9"
"1","9","9.9","""""","9.9"
"2","9","9.9","""""","9.9"
"3","9","9.9","""""","9.9"
"4","9","9.9","""""","9.9"
"5","9","9.9","""""","9.9"
"6","9","9.9","""""","9.9"
"7","9","9.9","""""","9.9"
"8","9","9.9","""""","9.9"
"9","9","9.9","""""","9.9"
"10","9","9.9","""""","9.9"
"11","9","9.9","""""","9.9"
"12","9","9.9","""""","9.9"
"13","9","9.9","""""","9.9"
"14","9","9.9","""""","9.9"
"15","9","9.9","""""","9.9"
"16","9","9.9","""""","9.9"
"-16","8","9.9","""""","9.9"
"-15","8","9.9","""""","9.9"
"-14","8","9.9","""""","9.9"
"-13","8","9.9","""""","9.9"
"-12","8","9.9","""""","9.9"
"-11","8","9.9","""""","9.9"
"-10","8","9.9","""""","9.9"
"-9","8","9.9","""""","9.9"
"-8","8","9.9","""""","9.9"
"-7","8","9.9","""""","9.9"
"-6","8","9.9","""""","9.9"
"-5","8","9.9","""""","9.9"
"-4","8","9.9","""""","9.9"
"-3","8","9.9","""""","9.9"
"-2","8","9.9","""""","9.9"
"-1","8","9.9","""""","9.9"
"0","8","9.9","""""","9.9"
"1","8","9.9","""""","9.9"
"2","8","9.9","""""","9.9"
"3","8","9.9","""""","9.9"
"4","8","9.9","""""","9.9"
"5","8","9.9","""""","9.9"
"6","8","9.9","""""","9.9"
"7","8","9.9","""""","9.9"
"8","8","9.9","""""","9.9"
"9","8","9.9","""""","9.9"
"10","8","9.9","""""","9.9"
"11","8","9.9","""""","9.9"
"12","8","9.9","""""","9.9"
"13","8","9.9","""""","9.9"
"14","8","9.9","""""","9.9"
"15","8","9.9","""""","9.9"
"16","8","9.9","""""","9.9"
"-16","7","9.9","""""","9.9"
"-15","7","9.9","""""","9.9"
"-14","7","9.9","""""","9.9"
"-13","7","9.9","""""","9.9"
"-12","7","9.9","""""","9.9"
"-11","7","9.9","""""","9.9"
"-10","7","9.9","""""","9.9"
"-9","7","9.9","""""","9.9"
"-8","7","9.9","""""","9.9"
"-7","7","9.9","""""","9.9"
"-6","7","9.9","""""","9.9"
"-5","7","9.9","""""","9.9"
"-4","7","9.9","""""","9.9"
"-3","7","9.9","""""","9.9"
"-2","7","9.9","""""","9.9"
"-1","7","9.9","""""","9.9"
"0","7","9.9","""""","9.9"
"1","7","9.9","""""","9.9"
"2","7","9.9","""""","9.9"
"3","7","9.9","""""","9.9"
"4","7","9.9","""""","9.9"
"5","7","9.9","""""","9.9"
"6","7","9.9","""""","9.9"
"7","7","9.9","""""","9.9"
"8","7","9.9","""""","9.9"
"9","7","9.9","""""","9.9"
"10","7","9.9","""""","9.9"
"11","7","9.9","""""","9.9"
"12","7","9.9","""""","9.9"
"13","7","9.9","""""","9.9"
"14","7","9.9","""""","9.9"
"15","7","9.9","""""","9.9"
"16","7","9.9","""""","9.9"
"-16","6","9.9","""""","9.9"
"-15","6","9.9","""""","9.9"
"-14","6","9.9","""""","9.9"
"-13","6","9.9","""""","9.9"
"-12","6","9.9","""""","9.9"
"-11","6","9.9","""""","9.9"
"-10","6","9.9","""""","9.9"
"-9","6","9.9","""""","9.9"
"-8","6","9.9","""""","9.9"
"-7","6","9.9","""""","9.9"
"-6","6","9.9","""""","9.9"
"-5","6","9.9","""""","9.9"
"-4","6","9.9","""""","9.9"
"-3","6","9.9","""""","9.9"
"-2","6","9.9","""""","9.9"
"-1","6","9.9","""""","9.9"
"0","6","9.9","""""","9.9"
"1","6","9.9","""""","9.9"
"2","6","9.9","""""","9.9"
"3","6","9.9","""""","9.9"
"4","6","9.9","""""","9.9"
"5","6","9.9","""""","9.9"
"6","6","9.9","""""","9.9"
"7","6","9.9","""""","9.9"
"8","6","9.9","""""","9.9"
"9","6","9.9","""""","9.9"
"10","6","9.9","""""","9.9"
"11","6","9.9","""""","9.9"
"12","6","9.9","""""","9.9"
"13","6","9.9","""""","9.9"
"14","6","9.9","""""","9.9"
"15","6","9.9","""""","9.9"
"16","6","9.9","""""","9.9"
"-16","5","9.9","""""","9.9"
"-15","5","9.9","""""","9.9"
"-14","5","9.9","""""","9.9"
"-13","5","9.9","""""","9.9"
"-12","5","9.9","""""","9.9"
"-11","5","9.9","""""","9.9"
"-10","5","9.9","""""","9.9"
"-9","5","9.9","""""","9.9"
"-8","5","9.9","""""","9.9"
"-7","5","9.9","""""","9.9"
"-6","5","9.9","""""","9.9"
"-5","5","9.9","""""","9.9"
"-4","5","9.9","""""","9.9"
"-3","5","9.9","""""","9.9"
"-2","5","9.9","""""","9.9"
"-1","5","9.9","""""","9.9"
"0","5","9.9","""""","9.9"
"1","5","9.9","""""","9.9"
"2","5","9.9","""""","9.9"
"3","5","9.9","""""","9.9"
"4","5","9.9","""""","9.9"
"5","5","9.9","""""","9.9"
"6","5","9.9","""""","9.9"
"7","5","9.9","""""","9.9"
"8","5","9.9","""""","9.9"
"9","5","9.9","""""","9.9"
"10","5","9.9","""""","9.9"
"11","5","9.9","""""","9.9"
"12","5","9.9","""""","9.9"
"13","5","9.9","""""","9.9"
"14","5","9.9","""""","9.9"
"15","5","9.9","""""","9.9"
"16","5","9.9","""""","9.9"
"-16","4","9.9","""""","9.9"
"-15","4","9.9","""""","9.9"
"-14","4","9.9","""""","9.9"
"-13","4","9.9","""""","9.9"
"-12","4","9.9","""""","9.9"
"-11","4","9.9","""""","9.9"
"-10","4","9.9","""""","9.9"
"-9","4","9.9","""""","9.9"
"-8","4","9.9","""""","9.9"
"-7","4","9.9","""""","9.9"
"-6","4","9.9","""""","9.9"
"-5","4","9.9","""""","9.9"
"-4","4","9.9","""""","9.9"
"-3","4","9.9","""""","9.9"
"-2","4","9.9","""""","9.9"
"-1","4","9.9","""""","9.9"
"0","4","9.9","""""","9.9"
"1","4","9.9","""""","9.9"
"2","4","9.9","""""","9.9"
"3","4","9.9","""""","9.9"
"4","4","9.9","""""","9.9"
"5","4","9.9","""""","9.9"
"6","4","9.9","""""","9.9"
"7","4","9.9","""""","9.9"
"8","4","9.9","""""","9.9"
"9","4","9.9","""""","9.9"
"10","4","9.9","""""","9.9"
"11","4","9.9","""""","9.9"
"12","4","9.9","""""","9.9"
"13","4","9.9","""""","9.9"
"14","4","9.9","""""","9.9"
"15","4","9.9","""""","9.9"
"16","4","9.9","""""","9.9"
"-16","3","9.9","""""","9.9"
"-15","3","9.9","""""","9.9"
"-14","3","9.9","""""","9.9"
"-13","3","9.9","""""","9.9"
"-12","3","9.9","""""","9.9"
"-11","3","9.9","""""","9.9"
"-10","3","9.9","""""","9.9"
"-9","3","9.9","""""","9.9"
"-8","3","9.9","""""","9.9"
"-7","3","9.9","""""","9.9"
"-6","3","9.9","""""","9.9"
"-5","3","9.9","""""","9.9"
"-4","3","9.9","""""","9.9"
"-3","3","9.9","""""","9.9"
"-2","3","9.9","""""","9.9"
"-1","3","9.9","""""","9.9"
"0","3","9.9","""""","9.9"
"1","3","9.9","""""","9.9"
"2","3","9.9","""""","9.9"
"3","3","9.9","""""","9.9"
"4","3","9.9","""""","9.9"
"5","3","9.9","""""","9.9"
"6","3","9.9","""""","9.9"
"7","3","9.9","""""","9.9"
"8","3","9.9","""""","9.9"
"9","3","9.9","""""","9.9"
"10","3","9.9","""""","9.9"
"11","3","9.9","""""","9.9"
"12","3","9.9","""""","9.9"
"13","3","9.9","""""","9.9"
"14","3","9.9","""""","9.9"
"15","3","9.9","""""","9.9"
"16","3","9.9","""""","9.9"
"-16","2","9.9","""""","9.9"
"-15","2","9.9","""""","9.9"
"-14","2","9.9","""""","9.9"
"-13","2","9.9","""""","9.9"
"-12","2","9.9","""""","9.9"
"-11","2","9.9","""""","9.9"
"-10","2","9.9","""""","9.9"
"-9","2","9.9","""""","9.9"
"-8","2","9.9","""""","9.9"
"-7","2","9.9","""""","9.9"
"-6","2","9.9","""""","9.9"
"-5","2","9.9","""""","9.9"
"-4","2","9.9","""""","9.9"
"-3","2","9.9","""""","9.9"
"-2","2","9.9","""""","9.9"
"-1","2","9.9","""""","9.9"
"0","2","9.9","""""","9.9"
"1","2","9.9","""""","9.9"
"2","2","9.9","""""","9.9"
"3","2","9.9","""""","9.9"
"4","2","9.9","""""","9.9"
"5","2","9.9","""""","9.9"
"6","2","9.9","""""","9.9"
"7","2","9.9","""""","9.9"
"8","2","9.9","""""","9.9"
"9","2","9.9","""""","9.9"
"10","2","9.9","""""","9.9"
"11","2","9.9","""""","9.9"
"12","2","9.9","""""","9.9"
"13","2","9.9","""""","9.9"
"14","2","9.9","""""","9.9"
"15","2","9.9","""""","9.9"
"16","2","9.9","""""","9.9"
"-16","1","9.9","""""","9.9"
"-15","1","9.9","""""","9.9"
"-14","1","9.9","""""","9.9"
"-13","1","9.9","""""","9.9"
"-12","1","9.9","""""","9.9"
"-11","1","9.9","""""","9.9"
"-10","1","9.9","""""","9.9"
"-9","1","9.9","""""","9.9"
"-8","1","9.9","""""","9.9"
"-7","1","9.9","""""","9.9"
"-6","1","9.9","""""","9.9"
"-5","1","9.9","""""","9.9"
"-4","1","9.9","""""","9.9"
"-3","1","9.9","""""","9.9"
"-2","1","9.9","""""","9.9"
"-1","1","9.9","""""","9.9"
"0","1","9.9","""""","9.9"
"1","1","9.9","""""","9.9"
"2","1","9.9","""""","9.9"
"3","1","9.9","""""","9.9"
"4","1","9.9","""""","9.9"
"5","1","9.9","""""","9.9"
"6","1","9.9","""""","9.9"
"7","1","9.9","""""","9.9"
"8","1","9.9","""""","9.9"
"9","1","9.9","""""","9.9"
"10","1","9.9","""""","9.9"
"11","1","9.9","""""","9.9"
"12","1","9.9","""""","9.9"
"13","1","9.9","""""","9.9"
"14","1","9.9","""""","9.9"
"15","1","9.9","""""","9.9"
"16","1","9.9","""""","9.9"
"-16","0","9.9","""""","9.9"
"-15","0","9.9","""""","9.9"
"-14","0","9.9","""""","9.9"
"-13","0","9.9","""""","9.9"
"-12","0","9.9","""""","9.9"
"-11","0","9.9","""""","9.9"
"-10","0","9.9","""""","9.9"
"-9","0","9.9","""""","9.9"
"-8","0","9.9","""""","9.9"
"-7","0","9.9","""""","9.9"
"-6","0","9.9","""""","9.9"
"-5","0","9.9","""""","9.9"
"-4","0","9.9","""""","9.9"
"-3","0","9.9","""""","9.9"
"-2","0","9.9","""""","9.9"
"-1","0","9.9","""""","9.9"
"0","0","9.9","""""","9.9"
"1","0","9.9","""""","9.9"
"2","0","9.9","""""","9.9"
"3","0","9.9","""""","9.9"
"4","0","9.9","""""","9.9"
"5","0","9.9","""""","9.9"
"6","0","9.9","""""","9.9"
"7","0","9.9","""""","9.9"
"8","0","9.9","""""","9.9"
"9","0","9.9","""""","9.9"
"10","0","9.9","""""","9.9"
"11","0","9.9","""""","9.9"
"12","0","9.9","""""","9.9"
"13","0","9.9","""""","9.9"
"14","0","9.9","""""","9.9"
"15","0","9.9","""""","9.9"
"16","0","9.9","""""","9.9"
"-16","-1","9.9","""""","9.9"
"-15","-1","9.9","""""","9.9"
"-14","-1","9.9","""""","9.9"
"-13","-1","9.9","""""","9.9"
"-12","-1","9.9","""""","9.9"
"-11","-1","9.9","""""","9.9"
"-10","-1","9.9","""""","9.9"
"-9","-1","9.9","""""","9.9"
"-8","-1","9.9","""""","9.9"
"-7","-1","9.9","""""","9.9"
"-6","-1","9.9","""""","9.9"
"-5","-1","9.9","""""","9.9"
"-4","-1","9.9","""""","9.9"
"-3","-1","9.9","""""","9.9"
"-2","-1","9.9","""""","9.9"
"-1","-1","9.9","""""","9.9"
"0","-1","9.9","""""","9.9"
"1","-1","9.9","""""","9.9"
"2","-1","9.9","""""","9.9"
"3","-1","9.9","""""","9.9"
"4","-1","9.9","""""","9.9"
"5","-1","9.9","""""","9.9"
"6","-1","9.9","""""","9.9"
"7","-1","9.9","""""","9.9"
"8","-1","9.9","""""","9.9"
"9","-1","9.9","""""","9.9"
"10","-1","9.9","""""","9.9"
"11","-1","9.9","""""","9.9"
"12","-1","9.9","""""","9.9"
"13","-1","9.9","""""","9.9"
"14","-1","9.9","""""","9.9"
"15","-1","9.9","""""","9.9"
"16","-1","9.9","""""","9.9"
"-16","-2","9.9","""""","9.9"
"-15","-2","9.9","""""","9.9"
"-14","-2","9.9","""""","9.9"
"-13","-2","9.9","""""","9.9"
"-12","-2","9.9","""""","9.9"
"-11","-2","9.9","""""","9.9"
"-10","-2","9.9","""""","9.9"
"-9","-2","9.9","""""","9.9"
"-8","-2","9.9","""""","9.9"
"-7","-2","9.9","""""","9.9"
"-6","-2","9.9","""""","9.9"
"-5","-2","9.9","""""","9.9"
"-4","-2","9.9","""""","9.9"
"-3","-2","9.9","""""","9.9"
"-2","-2","9.9","""""","9.9"
"-1","-2","9.9","""""","9.9"
"0","-2","9.9","""""","9.9"
"1","-2","9.9","""""","9.9"
"2","-2","9.9","""""","9.9"
"3","-2","9.9","""""","9.9"
"4","-2","9.9","""""","9.9"
"5","-2","9.9","""""","9.9"
"6","-2","9.9","""""","9.9"
"7","-2","9.9","""""","9.9"
"8","-2","9.9","""""","9.9"
"9","-2","9.9","""""","9.9"
"10","-2","9.9","""""","9.9"
"11","-2","9.9","""""","9.9"
"12","-2","9.9","""""","9.9"
"13","-2","9.9","""""","9.9"
"14","-2","9.9","""""","9.9"
"15","-2","9.9","""""","9.9"
"16","-2","9.9","""""","9.9"
"-16","-3","9.9","""""","9.9"
"-15","-3","9.9","""""","9.9"
"-14","-3","9.9","""""","9.9"
"-13","-3","9.9","""""","9.9"
"-12","-3","9.9","""""","9.9"
"-11","-3","9.9","""""","9.9"
"-10","-3","9.9","""""","9.9"
"-9","-3","9.9","""""","9.9"
"-8","-3","9.9","""""","9.9"
"-7","-3","9.9","""""","9.9"
"-6","-3","9.9","""""","9.9"
"-5","-3","9.9","""""","9.9"
"-4","-3","9.9","""""","9.9"
"-3","-3","9.9","""""","9.9"
"-2","-3","9.9","""""","9.9"
"-1","-3","9.9","""""","9.9"
"0","-3","9.9","""""","9.9"
"1","-3","9.9","""""","9.9"
"2","-3","9.9","""""","9.9"
"3","-3","9.9","""""","9.9"
"4","-3","9.9","""""","9.9"
"5","-3","9.9","""""","9.9"
"6","-3","9.9","""""","9.9"
"7","-3","9.9","""""","9.9"
"8","-3","9.9","""""","9.9"
"9","-3","9.9","""""","9.9"
"10","-3","9.9","""""","9.9"
"11","-3","9.9","""""","9.9"
"12","-3","9.9","""""","9.9"
"13","-3","9.9","""""","9.9"
"14","-3","9.9","""""","9.9"
"15","-3","9.9","""""","9.9"
"16","-3","9.9","""""","9.9"
"-16","-4","9.9","""""","9.9"
"-15","-4","9.9","""""","9.9"
"-14","-4","9.9","""""","9.9"
"-13","-4","9.9","""""","9.9"
"-12","-4","9.9","""""","9.9"
"-11","-4","9.9","""""","9.9"
"-10","-4","9.9","""""","9.9"
"-9","-4","9.9","""""","9.9"
"-8","-4","9.9","""""","9.9"
"-7","-4","9.9","""""","9.9"
"-6","-4","9.9","""""","9.9"
"-5","-4","9.9","""""","9.9"
"-4","-4","9.9","""""","9.9"
"-3","-4","9.9","""""","9.9"
"-2","-4","9.9","""""","9.9"
"-1","-4","9.9","""""","9.9"
"0","-4","9.9","""""","9.9"
"1","-4","9.9","""""","9.9"
"2","-4","9.9","""""","9.9"
"3","-4","9.9","""""","9.9"
"4","-4","9.9","""""","9.9"
"5","-4","9.9","""""","9.9"
"6","-4","9.9","""""","9.9"
"7","-4","9.9","""""","9.9"
"8","-4","9.9","""""","9.9"
"9","-4","9.9","""""","9.9"
"10","-4","9.9","""""","9.9"
"11","-4","9.9","""""","9.9"
"12","-4","9.9","""""","9.9"
"13","-4","9.9","""""","9.9"
"14","-4","9.9","""""","9.9"
"15","-4","9.9","""""","9.9"
"16","-4","9.9","""""","9.9"
"-16","-5","9.9","""""","9.9"
"-15","-5","9.9","""""","9.9"
"-14","-5","9.9","""""","9.9"
"-13","-5","9.9","""""","9.9"
"-12","-5","9.9","""""","9.9"
"-11","-5","9.9","""""","9.9"
"-10","-5","9.9","""""","9.9"
"-9","-5","9.9","""""","9.9"
"-8","-5","9.9","""""","9.9"
"-7","-5","9.9","""""","9.9"
"-6","-5","9.9","""""","9.9"
"-5","-5","9.9","""""","9.9"
"-4","-5","9.9","""""","9.9"
"-3","-5","9.9","""""","9.9"
"-2","-5","9.9","""""","9.9"
"-1","-5","9.9","""""","9.9"
"0","-5","9.9","""""","9.9"
"1","-5","9.9","""""","9.9"
"2","-5","9.9","""""","9.9"
"3","-5","9.9","""""","9.9"
"4","-5","9.9","""""","9.9"
"5","-5","9.9","""""","9.9"
"6","-5","9.9","""""","9.9"
"7","-5","9.9","""""","9.9"
"8","-5","9.9","""""","9.9"
"9","-5","9.9","""""","9.9"
"10","-5","9.9","""""","9.9"
"11","-5","9.9","""""","9.9"
"12","-5","9.9","""""","9.9"
"13","-5","9.9","""""","9.9"
"14","-5","9.9","""""","9.9"
"15","-5","9.9","""""","9.9"
"16","-5","9.9","""""","9.9"
"-16","-6","9.9","""""","9.9"
"-15","-6","9.9","""""","9.9"
"-14","-6","9.9","""""","9.9"
"-13","-6","9.9","""""","9.9"
"-12","-6","9.9","""""","9.9"
"-11","-6","9.9","""""","9.9"
"-10","-6","9.9","""""","9.9"
"-9","-6","9.9","""""","9.9"
"-8","-6","9.9","""""","9.9"
"-7","-6","9.9","""""","9.9"
"-6","-6","9.9","""""","9.9"
"-5","-6","9.9","""""","9.9"
"-4","-6","9.9","""""","9.9"
"-3","-6","9.9","""""","9.9"
"-2","-6","9.9","""""","9.9"
"-1","-6","9.9","""""","9.9"
"0","-6","9.9","""""","9.9"
"1","-6","9.9","""""","9.9"
"2","-6","9.9","""""","9.9"
"3","-6","9.9","""""","9.9"
"4","-6","9.9","""""","9.9"
"5","-6","9.9","""""","9.9"
"6","-6","9.9","""""","9.9"
"7","-6","9.9","""""","9.9"
"8","-6","9.9","""""","9.9"
"9","-6","9.9","""""","9.9"
"10","-6","9.9","""""","9.9"
"11","-6","9.9","""""","9.9"
"12","-6","9.9","""""","9.9"
"13","-6","9.9","""""","9.9"
"14","-6","9.9","""""","9.9"
"15","-6","9.9","""""","9.9"
"16","-6","9.9","""""","9.9"
"-16","-7","9.9","""""","9.9"
"-15","-7","9.9","""""","9.9"
"-14","-7","9.9","""""","9.9"
"-13","-7","9.9","""""","9.9"
"-12","-7","9.9","""""","9.9"
"-11","-7","9.9","""""","9.9"
"-10","-7","9.9","""""","9.9"
"-9","-7","9.9","""""","9.9"
"-8","-7","9.9","""""","9.9"
"-7","-7","9.9","""""","9.9"
"-6","-7","9.9","""""","9.9"
"-5","-7","9.9","""""","9.9"
"-4","-7","9.9","""""","9.9"
"-3","-7","9.9","""""","9.9"
"-2","-7","9.9","""""","9.9"
"-1","-7","9.9","""""","9.9"
"0","-7","9.9","""""","9.9"
"1","-7","9.9","""""","9.9"
"2","-7","9.9","""""","9.9"
"3","-7","9.9","""""","9.9"
"4","-7","9.9","""""","9.9"
"5","-7","9.9","""""","9.9"
"6","-7","9.9","""""","9.9"
"7","-7","9.9","""""","9.9"
"8","-7","9.9","""""","9.9"
"9","-7","9.9","""""","9.9"
"10","-7","9.9","""""","9.9"
"11","-7","9.9","""""","9.9"
"12","-7","9.9","""""","9.9"
"13","-7","9.9","""""","9.9"
"14","-7","9.9","""""","9.9"
"15","-7","9.9","""""","9.9"
"16","-7","9.9","""""","9.9"
"-16","-8","9.9","""""","9.9"
"-15","-8","9.9","""""","9.9"
"-14","-8","9.9","""""","9.9"
"-13","-8","9.9","""""","9.9"
"-12","-8","9.9","""""","9.9"
"-11","-8","9.9","""""","9.9"
"-10","-8","9.9","""""","9.9"
"-9","-8","9.9","""""","9.9"
"-8","-8","9.9","""""","9.9"
"-7","-8","9.9","""""","9.9"
"-6","-8","9.9","""""","9.9"
"-5","-8","9.9","""""","9.9"
"-4","-8","9.9","""""","9.9"
"-3","-8","9.9","""""","9.9"
"-2","-8","9.9","""""","9.9"
"-1","-8","9.9","""""","9.9"
"0","-8","9.9","""""","9.9"
"1","-8","9.9","""""","9.9"
"2","-8","9.9","""""","9.9"
"3","-8","9.9","""""","9.9"
"4","-8","9.9","""""","9.9"
"5","-8","9.9","""""","9.9"
"6","-8","9.9","""""","9.9"
"7","-8","9.9","""""","9.9"
"8","-8","9.9","""""","9.9"
"9","-8","9.9","""""","9.9"
"10","-8","9.9","""""","9.9"
"11","-8","9.9","""""","9.9"
"12","-8","9.9","""""","9.9"
"13","-8","9.9","""""","9.9"
"14","-8","9.9","""""","9.9"
"15","-8","9.9","""""","9.9"
"16","-8","9.9","""""","9.9"
"-16","-9","9.9","""""","9.9"
"-15","-9","9.9","""""","9.9"
"-14","-9","9.9","""""","9.9"
"-13","-9","9.9","""""","9.9"
"-12","-9","9.9","""""","9.9"
"-11","-9","9.9","""""","9.9"
"-10","-9","9.9","""""","9.9"
"-9","-9","9.9","""""","9.9"
"-8","-9","9.9","""""","9.9"
"-7","-9","9.9","""""","9.9"
"-6","-9","9.9","""""","9.9"
"-5","-9","9.9","""""","9.9"
"-4","-9","9.9","""""","9.9"
"-3","-9","9.9","""""","9.9"
"-2","-9","9.9","""""","9.9"
"-1","-9","9.9","""""","9.9"
"0","-9","9.9","""""","9.9"
"1","-9","9.9","""""","9.9"
"2","-9","9.9","""""","9.9"
"3","-9","9.9","""""","9.9"
"4","-9","9.9","""""","9.9"
"5","-9","9.9","""""","9.9"
"6","-9","9.9","""""","9.9"
"7","-9","9.9","""""","9.9"
"8","-9","9.9","""""","9.9"
"9","-9","9.9","""""","9.9"
"10","-9","9.9","""""","9.9"
"11","-9","9.9","""""","9.9"
"12","-9","9.9","""""","9.9"
"13","-9","9.9","""""","9.9"
"14","-9","9.9","""""","9.9"
"15","-9","9.9","""""","9.9"
"16","-9","9.9","""""","9.9"
"-16","-10","9.9","""""","9.9"
"-15","-10","9.9","""""","9.9"
"-14","-10","9.9","""""","9.9"
"-13","-10","9.9","""""","9.9"
"-12","-10","9.9","""""","9.9"
"-11","-10","9.9","""""","9.9"
"-10","-10","9.9","""""","9.9"
"-9","-10","9.9","""""","9.9"
"-8","-10","9.9","""""","9.9"
"-7","-10","9.9","""""","9.9"
"-6","-10","9.9","""""","9.9"
"-5","-10","9.9","""""","9.9"
"-4","-10","9.9","""""","9.9"
"-3","-10","9.9","""""","9.9"
"-2","-10","9.9","""""","9.9"
"-1","-10","9.9","""""","9.9"
"0","-10","9.9","""""","9.9"
"1","-10","9.9","""""","9.9"
"2","-10","9.9","""""","9.9"
"3","-10","9.9","""""","9.9"
"4","-10","9.9","""""","9.9"
"5","-10","9.9","""""","9.9"
"6","-10","9.9","""""","9.9"
"7","-10","9.9","""""","9.9"
"8","-10","9.9","""""","9.9"
"9","-10","9.9","""""","9.9"
"10","-10","9.9","""""","9.9"
"11","-10","9.9","""""","9.9"
"12","-10","9.9","""""","9.9"
"13","-10","9.9","""""","9.9"
"14","-10","9.9","""""","9.9"
"15","-10","9.9","""""","9.9"
"16","-10","9.9","""""","9.9"
"-16","-11","9.9","""""","9.9"
"-15","-11","9.9","""""","9.9"
"-14","-11","9.9","""""","9.9"
"-13","-11","9.9","""""","9.9"
"-12","-11","9.9","""""","9.9"
"-11","-11","9.9","""""","9.9"
"-10","-11","9.9","""""","9.9"
"-9","-11","9.9","""""","9.9"
"-8","-11","9.9","""""","9.9"
"-7","-11","9.9","""""","9.9"
"-6","-11","9.9","""""","9.9"
"-5","-11","9.9","""""","9.9"
"-4","-11","9.9","""""","9.9"
"-3","-11","9.9","""""","9.9"
"-2","-11","9.9","""""","9.9"
"-1","-11","9.9","""""","9.9"
"0","-11","9.9","""""","9.9"
"1","-11","9.9","""""","9.9"
"2","-11","9.9","""""","9.9"
"3","-11","9.9","""""","9.9"
"4","-11","9.9","""""","9.9"
"5","-11","9.9","""""","9.9"
"6","-11","9.9","""""","9.9"
"7","-11","9.9","""""","9.9"
"8","-11","9.9","""""","9.9"
"9","-11","9.9","""""","9.9"
"10","-11","9.9","""""","9.9"
"11","-11","9.9","""""","9.9"
"12","-11","9.9","""""","9.9"
"13","-11","9.9","""""","9.9"
"14","-11","9.9","""""","9.9"
"15","-11","9.9","""""","9.9"
"16","-11","9.9","""""","9.9"
"-16","-12","9.9","""""","9.9"
"-15","-12","9.9","""""","9.9"
"-14","-12","9.9","""""","9.9"
"-13","-12","9.9","""""","9.9"
"-12","-12","9.9","""""","9.9"
"-11","-12","9.9","""""","9.9"
"-10","-12","9.9","""""","9.9"
"-9","-12","9.9","""""","9.9"
"-8","-12","9.9","""""","9.9"
"-7","-12","9.9","""""","9.9"
"-6","-12","9.9","""""","9.9"
"-5","-12","9.9","""""","9.9"
"-4","-12","9.9","""""","9.9"
"-3","-12","9.9","""""","9.9"
"-2","-12","9.9","""""","9.9"
"-1","-12","9.9","""""","9.9"
"0","-12","9.9","""""","9.9"
"1","-12","9.9","""""","9.9"
"2","-12","9.9","""""","9.9"
"3","-12","9.9","""""","9.9"
"4","-12","9.9","""""","9.9"
"5","-12","9.9","""""","9.9"
"6","-12","9.9","""""","9.9"
"7","-12","9.9","""""","9.9"
"8","-12","9.9","""""","9.9"
"9","-12","9.9","""""","9.9"
"10","-12","9.9","""""","9.9"
"11","-12","9.9","""""","9.9"
"12","-12","9.9","""""","9.9"
"13","-12","9.9","""""","9.9"
"14","-12","9.9","""""","9.9"
"15","-12","9.9","""""","9.9"
"16","-12","9.9","""""","9.9"
"-16","-13","9.9","""""","9.9"
"-15","-13","9.9","""""","9.9"
"-14","-13","9.9","""""","9.9"
"-13","-13","9.9","""""","9.9"
"-12","-13","9.9","""""","9.9"
"-11","-13","9.9","""""","9.9"
"-10","-13","9.9","""""","9.9"
"-9","-13","9.9","""""","9.9"
"-8","-13","9.9","""""","9.9"
"-7","-13","9.9","""""","9.9"
"-6","-13","9.9","""""","9.9"
"-5","-13","9.9","""""","9.9"
"-4","-13","9.9","""""","9.9"
"-3","-13","9.9","""""","9.9"
"-2","-13","9.9","""""","9.9"
"-1","-13","9.9","""""","9.9"
"0","-13","9.9","""""","9.9"
"1","-13","9.9","""""","9.9"
"2","-13","9.9","""""","9.9"
"3","-13","9.9","""""","9.9"
"4","-13","9.9","""""","9.9"
"5","-13","9.9","""""","9.9"
"6","-13","9.9","""""","9.9"
"7","-13","9.9","""""","9.9"
"8","-13","9.9","""""","9.9"
"9","-13","9.9","""""","9.9"
"10","-13","9.9","""""","9.9"
"11","-13","9.9","""""","9.9"
"12","-13","9.9","""""","9.9"
"13","-13","9.9","""""","9.9"
"14","-13","9.9","""""","9.9"
"15","-13","9.9","""""","9.9"
"16","-13","9.9","""""","9.9"
"-16","-14","9.9","""""","9.9"
"-15","-14","9.9","""""","9.9"
"-14","-14","9.9","""""","9.9"
"-13","-14","9.9","""""","9.9"
"-12","-14","9.9","""""","9.9"
"-11","-14","9.9","""""","9.9"
"-10","-14","9.9","""""","9.9"
"-9","-14","9.9","""""","9.9"
"-8","-14","9.9","""""","9.9"
"-7","-14","9.9","""""","9.9"
"-6","-14","9.9","""""","9.9"
"-5","-14","9.9","""""","9.9"
"-4","-14","9.9","""""","9.9"
"-3","-14","9.9","""""","9.9"
"-2","-14","9.9","""""","9.9"
"-1","-14","9.9","""""","9.9"
"0","-14","9.9","""""","9.9"
"1","-14","9.9","""""","9.9"
"2","-14","9.9","""""","9.9"
"3","-14","9.9","""""","9.9"
"4","-14","9.9","""""","9.9"
"5","-14","9.9","""""","9.9"
"6","-14","9.9","""""","9.9"
"7","-14","9.9","""""","9.9"
"8","-14","9.9","""""","9.9"
"9","-14","9.9","""""","9.9"
"10","-14","9.9","""""","9.9"
"11","-14","9.9","""""","9.9"
"12","-14","9.9","""""","9.9"
"13","-14","9.9","""""","9.9"
"14","-14","9.9","""""","9.9"
"15","-14","9.9","""""","9.9"
"16","-14","9.9","""""","9.9"
"-16","-15","9.9","""""","9.9"
"-15","-15","9.9","""""","9.9"
"-14","-15","9.9","""""","9.9"
"-13","-15","9.9","""""","9.9"
"-12","-15","9.9","""""","9.9"
"-11","-15","9.9","""""","9.9"
"-10","-15","9.9","""""","9.9"
"-9","-15","9.9","""""","9.9"
"-8","-15","9.9","""""","9.9"
"-7","-15","9.9","""""","9.9"
"-6","-15","9.9","""""","9.9"
"-5","-15","9.9","""""","9.9"
"-4","-15","9.9","""""","9.9"
"-3","-15","9.9","""""","9.9"
"-2","-15","9.9","""""","9.9"
"-1","-15","9.9","""""","9.9"
"0","-15","9.9","""""","9.9"
"1","-15","9.9","""""","9.9"
"2","-15","9.9","""""","9.9"
"3","-15","9.9","""""","9.9"
"4","-15","9.9","""""","9.9"
"5","-15","9.9","""""","9.9"
"6","-15","9.9","""""","9.9"
"7","-15","9.9","""""","9.9"
"8","-15","9.9","""""","9.9"
"9","-15","9.9","""""","9.9"
"10","-15","9.9","""""","9.9"
"11","-15","9.9","""""","9.9"
"12","-15","9.9","""""","9.9"
"13","-15","9.9","""""","9.9"
"14","-15","9.9","""""","9.9"
"15","-15","9.9","""""","9.9"
"16","-15","9.9","""""","9.9"
"-16","-16","9.9","""""","9.9"
"-15","-16","9.9","""""","9.9"
"-14","-16","9.9","""""","9.9"
"-13","-16","9.9","""""","9.9"
"-12","-16","9.9","""""","9.9"
"-11","-16","9.9","""""","9.9"
"-10","-16","9.9","""""","9.9"
"-9","-16","9.9","""""","9.9"
"-8","-16","9.9","""""","9.9"
"-7","-16","9.9","""""","9.9"
"-6","-16","9.9","""""","9.9"
"-5","-16","9.9","""""","9.9"
"-4","-16","9.9","""""","9.9"
"-3","-16","9.9","""""","9.9"
"-2","-16","9.9","""""","9.9"
"-1","-16","9.9","""""","9.9"
"0","-16","9.9","""""","9.9"
"1","-16","9.9","""""","9.9"
"2","-16","9.9","""""","9.9"
"3","-16","9.9","""""","9.9"
"4","-16","9.9","""""","9.9"
"5","-16","9.9","""""","9.9"
"6","-16","9.9","""""","9.9"
"7","-16","9.9","""""","9.9"
"8","-16","9.9","""""","9.9"
"9","-16","9.9","""""","9.9"
"10","-16","9.9","""""","9.9"
"11","-16","9.9","""""","9.9"
"12","-16","9.9","""""","9.9"
"13","-16","9.9","""""","9.9"
"14","-16","9.9","""""","9.9"
"15","-16","9.9","""""","9.9"
"16","-16","9.9","""""","9.9"

"LINKS"
"end1","end2","color","label","label-color","hidden?","breed","thickness","shape","tie-mode","weight"
"{citizen 0}","{citizen 1}","[85 0 170 100]","""""","9.9","false","{breed social-friends}","0","""default""","""none""","0"
"{citizen 0}","{citizen 2}","[85 0 170 100]","""""","9.9","false","{breed social-friends}","0","""default""","""none""","0"
"{citizen 0}","{citizen 3}","[85 0 170 100]","""""","9.9","false","{breed social-friends}","0","""default""","""none""","0"
"{citizen 0}","{citizen 4}","[85 0 170 100]","""""","9.9","false","{breed social-friends}","0","""default""","""none""","0"
"{citizen 0}","{citizen 5}","[85 0 170 100]","""""","9.9","false","{breed social-friends}","0","""default""","""none""","0"
"{citizen 0}","{citizen 6}","[85 0 170 100]","""""","9.9","false","{breed social-friends}","0","""default""","""none""","0"
"{citizen 0}","{citizen 7}","[85 0 170 100]","""""","9.9","false","{breed social-friends}","0","""default""","""none""","0"
"{citizen 0}","{citizen 8}","[85 0 170 100]","""""","9.9","false","{breed social-friends}","0","""default""","""none""","0"
"{citizen 0}","{citizen 9}","[85 0 170 100]","""""","9.9","false","{breed social-friends}","0","""default""","""none""","0"
"{citizen 0}","{citizen 10}","[85 0 170 100]","""""","9.9","false","{breed social-friends}","0","""default""","""none""","0"
"{citizen 0}","{citizen 11}","[85 0 170 100]","""""","9.9","false","{breed social-friends}","0","""default""","""none""","0"
"{citizen 0}","{citizen 12}","[85 0 170 100]","""""","9.9","false","{breed social-friends}","0","""default""","""none""","0"
"{citizen 0}","{citizen 13}","[85 0 170 100]","""""","9.9","false","{breed social-friends}","0","""default""","""none""","0"
"{citizen 0}","{citizen 14}","[85 0 170 100]","""""","9.9","false","{breed social-friends}","0","""default""","""none""","0"
"{citizen 0}","{citizen 15}","[85 0 170 100]","""""","9.9","false","{breed social-friends}","0","""default""","""none""","0"
"{citizen 0}","{citizen 16}","[85 0 170 100]","""""","9.9","false","{breed social-friends}","0","""default""","""none""","0"
"{citizen 0}","{citizen 17}","[85 0 170 100]","""""","9.9","false","{breed social-friends}","0","""default""","""none""","0"
"{citizen 0}","{citizen 19}","[85 0 170 100]","""""","9.9","false","{breed social-friends}","0","""default""","""none""","0"
"{citizen 0}","{citizen 20}","[85 0 170 100]","""""","9.9","false","{breed social-friends}","0","""default""","""none""","0"
"{citizen 0}","{citizen 21}","[85 0 170 100]","""""","9.9","false","{breed social-friends}","0","""default""","""none""","0"
"{citizen 0}","{citizen 22}","[85 0 170 100]","""""","9.9","false","{breed social-friends}","0","""default""","""none""","0"
"{citizen 0}","{citizen 23}","[85 0 170 100]","""""","9.9","false","{breed social-friends}","0","""default""","""none""","0"
"{citizen 0}","{citizen 24}","[85 0 170 100]","""""","9.9","false","{breed social-friends}","0","""default""","""none""","0"
"{citizen 0}","{citizen 26}","[85 0 170 100]","""""","9.9","false","{breed social-friends}","0","""default""","""none""","0"
"{citizen 0}","{citizen 27}","[85 0 170 100]","""""","9.9","false","{breed social-friends}","0","""default""","""none""","0"
"{citizen 0}","{citizen 28}","[85 0 170 100]","""""","9.9","false","{breed social-friends}","0","""default""","""none""","0"
"{citizen 0}","{citizen 29}","[85 0 170 100]","""""","9.9","false","{breed social-friends}","0","""default""","""none""","0"
"{citizen 0}","{citizen 30}","[85 0 170 100]","""""","9.9","false","{breed social-friends}","0","""default""","""none""","0"
"{citizen 0}","{citizen 31}","[85 0 170 100]","""""","9.9","false","{breed social-friends}","0","""default""","""none""","0"
"{citizen 0}","{citizen 32}","[85 0 170 100]","""""","9.9","false","{breed social-friends}","0","""default""","""none""","0"
"{citizen 0}","{citizen 34}","[85 0 170 100]","""""","9.9","false","{breed social-friends}","0","""default""","""none""","0"
"{citizen 0}","{citizen 35}","[85 0 170 100]","""""","9.9","false","{breed social-friends}","0","""default""","""none""","0"
"{citizen 0}","{citizen 36}","[85 0 170 100]","""""","9.9","false","{breed social-friends}","0","""default""","""none""","0"
"{citizen 0}","{citizen 37}","[85 0 170 100]","""""","9.9","false","{breed social-friends}","0","""default""","""none""","0"
"{citizen 0}","{citizen 38}","[85 0 170 100]","""""","9.9","false","{breed social-friends}","0","""default""","""none""","0"
"{citizen 0}","{citizen 39}","[85 0 170 100]","""""","9.9","false","{breed social-friends}","0","""default""","""none""","0"
"{citizen 0}","{citizen 40}","[85 0 170 100]","""""","9.9","false","{breed social-friends}","0","""default""","""none""","0"
"{citizen 0}","{citizen 41}","[85 0 170 100]","""""","9.9","false","{breed social-friends}","0","""default""","""none""","0"
"{citizen 0}","{citizen 42}","[85 0 170 100]","""""","9.9","false","{breed social-friends}","0","""default""","""none""","0"
"{citizen 0}","{citizen 43}","[85 0 170 100]","""""","9.9","false","{breed social-friends}","0","""default""","""none""","0"
"{citizen 0}","{citizen 44}","[85 0 170 100]","""""","9.9","false","{breed social-friends}","0","""default""","""none""","0"
"{citizen 0}","{citizen 45}","[85 0 170 100]","""""","9.9","false","{breed social-friends}","0","""default""","""none""","0"
"{citizen 0}","{citizen 46}","[85 0 170 100]","""""","9.9","false","{breed social-friends}","0","""default""","""none""","0"
"{citizen 0}","{citizen 47}","[85 0 170 100]","""""","9.9","false","{breed social-friends}","0","""default""","""none""","0"
"{citizen 0}","{citizen 48}","[85 0 170 100]","""""","9.9","false","{breed social-friends}","0","""default""","""none""","0"
"{citizen 0}","{citizen 49}","[85 0 170 100]","""""","9.9","false","{breed social-friends}","0","""default""","""none""","0"
"{citizen 1}","{citizen 0}","[85 0 170 100]","""""","9.9","false","{breed social-friends}","0","""default""","""none""","0"
"{citizen 1}","{citizen 2}","[85 0 170 100]","""""","9.9","false","{breed social-friends}","0","""default""","""none""","0"
"{citizen 1}","{citizen 3}","[85 0 170 100]","""""","9.9","false","{breed social-friends}","0","""default""","""none""","0"
"{citizen 1}","{citizen 4}","[85 0 170 100]","""""","9.9","false","{breed social-friends}","0","""default""","""none""","0"
"{citizen 1}","{citizen 5}","[85 0 170 100]","""""","9.9","false","{breed social-friends}","0","""default""","""none""","0"
"{citizen 1}","{citizen 6}","[85 0 170 100]","""""","9.9","false","{breed social-friends}","0","""default""","""none""","0"
"{citizen 1}","{citizen 7}","[85 0 170 100]","""""","9.9","false","{breed social-friends}","0","""default""","""none""","0"
"{citizen 1}","{citizen 8}","[85 0 170 100]","""""","9.9","false","{breed social-friends}","0","""default""","""none""","0"
"{citizen 1}","{citizen 9}","[85 0 170 100]","""""","9.9","false","{breed social-friends}","0","""default""","""none""","0"
"{citizen 1}","{citizen 10}","[85 0 170 100]","""""","9.9","false","{breed social-friends}","0","""default""","""none""","0"
"{citizen 1}","{citizen 11}","[85 0 170 100]","""""","9.9","false","{breed social-friends}","0","""default""","""none""","0"
"{citizen 1}","{citizen 12}","[85 0 170 100]","""""","9.9","false","{breed social-friends}","0","""default""","""none""","0"
"{citizen 1}","{citizen 13}","[85 0 170 100]","""""","9.9","false","{breed social-friends}","0","""default""","""none""","0"
"{citizen 1}","{citizen 14}","[85 0 170 100]","""""","9.9","false","{breed social-friends}","0","""default""","""none""","0"
"{citizen 1}","{citizen 15}","[85 0 170 100]","""""","9.9","false","{breed social-friends}","0","""default""","""none""","0"
"{citizen 1}","{citizen 16}","[85 0 170 100]","""""","9.9","false","{breed social-friends}","0","""default""","""none""","0"
"{citizen 1}","{citizen 17}","[85 0 170 100]","""""","9.9","false","{breed social-friends}","0","""default""","""none""","0"
"{citizen 1}","{citizen 19}","[85 0 170 100]","""""","9.9","false","{breed social-friends}","0","""default""","""none""","0"
"{citizen 1}","{citizen 20}","[85 0 170 100]","""""","9.9","false","{breed social-friends}","0","""default""","""none""","0"
"{citizen 1}","{citizen 21}","[85 0 170 100]","""""","9.9","false","{breed social-friends}","0","""default""","""none""","0"
"{citizen 1}","{citizen 22}","[85 0 170 100]","""""","9.9","false","{breed social-friends}","0","""default""","""none""","0"
"{citizen 1}","{citizen 23}","[85 0 170 100]","""""","9.9","false","{breed social-friends}","0","""default""","""none""","0"
"{citizen 1}","{citizen 24}","[85 0 170 100]","""""","9.9","false","{breed social-friends}","0","""default""","""none""","0"
"{citizen 1}","{citizen 26}","[85 0 170 100]","""""","9.9","false","{breed social-friends}","0","""default""","""none""","0"
"{citizen 1}","{citizen 27}","[85 0 170 100]","""""","9.9","false","{breed social-friends}","0","""default""","""none""","0"
"{citizen 1}","{citizen 28}","[85 0 170 100]","""""","9.9","false","{breed social-friends}","0","""default""","""none""","0"
"{citizen 1}","{citizen 29}","[85 0 170 100]","""""","9.9","false","{breed social-friends}","0","""default""","""none""","0"
"{citizen 1}","{citizen 30}","[85 0 170 100]","""""","9.9","false","{breed social-friends}","0","""default""","""none""","0"
"{citizen 1}","{citizen 31}","[85 0 170 100]","""""","9.9","false","{breed social-friends}","0","""default""","""none""","0"
"{citizen 1}","{citizen 32}","[85 0 170 100]","""""","9.9","false","{breed social-friends}","0","""default""","""none""","0"
"{citizen 1}","{citizen 34}","[85 0 170 100]","""""","9.9","false","{breed social-friends}","0","""default""","""none""","0"
"{citizen 1}","{citizen 35}","[85 0 170 100]","""""","9.9","false","{breed social-friends}","0","""default""","""none""","0"
"{citizen 1}","{citizen 36}","[85 0 170 100]","""""","9.9","false","{breed social-friends}","0","""default""","""none""","0"
"{citizen 1}","{citizen 37}","[85 0 170 100]","""""","9.9","false","{breed social-friends}","0","""default""","""none""","0"
"{citizen 1}","{citizen 38}","[85 0 170 100]","""""","9.9","false","{breed social-friends}","0","""default""","""none""","0"
"{citizen 1}","{citizen 39}","[85 0 170 100]","""""","9.9","false","{breed social-friends}","0","""default""","""none""","0"
"{citizen 1}","{citizen 40}","[85 0 170 100]","""""","9.9","false","{breed social-friends}","0","""default""","""none""","0"
"{citizen 1}","{citizen 41}","[85 0 170 100]","""""","9.9","false","{breed social-friends}","0","""default""","""none""","0"
"{citizen 1}","{citizen 42}","[85 0 170 100]","""""","9.9","false","{breed social-friends}","0","""default""","""none""","0"
"{citizen 1}","{citizen 43}","[85 0 170 100]","""""","9.9","false","{breed social-friends}","0","""default""","""none""","0"
"{citizen 1}","{citizen 44}","[85 0 170 100]","""""","9.9","false","{breed social-friends}","0","""default""","""none""","0"
"{citizen 1}","{citizen 45}","[85 0 170 100]","""""","9.9","false","{breed social-friends}","0","""default""","""none""","0"
"{citizen 1}","{citizen 46}","[85 0 170 100]","""""","9.9","false","{breed social-friends}","0","""default""","""none""","0"
"{citizen 1}","{citizen 47}","[85 0 170 100]","""""","9.9","false","{breed social-friends}","0","""default""","""none""","0"
"{citizen 1}","{citizen 48}","[85 0 170 100]","""""","9.9","false","{breed social-friends}","0","""default""","""none""","0"
"{citizen 1}","{citizen 49}","[85 0 170 100]","""""","9.9","false","{breed social-friends}","0","""default""","""none""","0"
"{citizen 2}","{citizen 0}","[85 0 170 100]","""""","9.9","false","{breed social-friends}","0","""default""","""none""","0"
"{citizen 2}","{citizen 1}","[85 0 170 100]","""""","9.9","false","{breed social-friends}","0","""default""","""none""","0"
"{citizen 2}","{citizen 3}","[85 0 170 100]","""""","9.9","false","{breed social-friends}","0","""default""","""none""","0"
"{citizen 2}","{citizen 4}","[85 0 170 100]","""""","9.9","false","{breed social-friends}","0","""default""","""none""","0"
"{citizen 2}","{citizen 5}","[85 0 170 100]","""""","9.9","false","{breed social-friends}","0","""default""","""none""","0"
"{citizen 2}","{citizen 6}","[85 0 170 100]","""""","9.9","false","{breed social-friends}","0","""default""","""none""","0"
"{citizen 2}","{citizen 7}","[85 0 170 100]","""""","9.9","false","{breed social-friends}","0","""default""","""none""","0"
"{citizen 2}","{citizen 8}","[85 0 170 100]","""""","9.9","false","{breed social-friends}","0","""default""","""none""","0"
"{citizen 2}","{citizen 9}","[85 0 170 100]","""""","9.9","false","{breed social-friends}","0","""default""","""none""","0"
"{citizen 2}","{citizen 10}","[85 0 170 100]","""""","9.9","false","{breed social-friends}","0","""default""","""none""","0"
"{citizen 2}","{citizen 11}","[85 0 170 100]","""""","9.9","false","{breed social-friends}","0","""default""","""none""","0"
"{citizen 2}","{citizen 12}","[85 0 170 100]","""""","9.9","false","{breed social-friends}","0","""default""","""none""","0"
"{citizen 2}","{citizen 13}","[85 0 170 100]","""""","9.9","false","{breed social-friends}","0","""default""","""none""","0"
"{citizen 2}","{citizen 14}","[85 0 170 100]","""""","9.9","false","{breed social-friends}","0","""default""","""none""","0"
"{citizen 2}","{citizen 15}","[85 0 170 100]","""""","9.9","false","{breed social-friends}","0","""default""","""none""","0"
"{citizen 2}","{citizen 16}","[85 0 170 100]","""""","9.9","false","{breed social-friends}","0","""default""","""none""","0"
"{citizen 2}","{citizen 17}","[85 0 170 100]","""""","9.9","false","{breed social-friends}","0","""default""","""none""","0"
"{citizen 2}","{citizen 19}","[85 0 170 100]","""""","9.9","false","{breed social-friends}","0","""default""","""none""","0"
"{citizen 2}","{citizen 20}","[85 0 170 100]","""""","9.9","false","{breed social-friends}","0","""default""","""none""","0"
"{citizen 2}","{citizen 21}","[85 0 170 100]","""""","9.9","false","{breed social-friends}","0","""default""","""none""","0"
"{citizen 2}","{citizen 22}","[85 0 170 100]","""""","9.9","false","{breed social-friends}","0","""default""","""none""","0"
"{citizen 2}","{citizen 23}","[85 0 170 100]","""""","9.9","false","{breed social-friends}","0","""default""","""none""","0"
"{citizen 2}","{citizen 24}","[85 0 170 100]","""""","9.9","false","{breed social-friends}","0","""default""","""none""","0"
"{citizen 2}","{citizen 26}","[85 0 170 100]","""""","9.9","false","{breed social-friends}","0","""default""","""none""","0"
"{citizen 2}","{citizen 27}","[85 0 170 100]","""""","9.9","false","{breed social-friends}","0","""default""","""none""","0"
"{citizen 2}","{citizen 28}","[85 0 170 100]","""""","9.9","false","{breed social-friends}","0","""default""","""none""","0"
"{citizen 2}","{citizen 29}","[85 0 170 100]","""""","9.9","false","{breed social-friends}","0","""default""","""none""","0"
"{citizen 2}","{citizen 30}","[85 0 170 100]","""""","9.9","false","{breed social-friends}","0","""default""","""none""","0"
"{citizen 2}","{citizen 31}","[85 0 170 100]","""""","9.9","false","{breed social-friends}","0","""default""","""none""","0"
"{citizen 2}","{citizen 32}","[85 0 170 100]","""""","9.9","false","{breed social-friends}","0","""default""","""none""","0"
"{citizen 2}","{citizen 34}","[85 0 170 100]","""""","9.9","false","{breed social-friends}","0","""default""","""none""","0"
"{citizen 2}","{citizen 35}","[85 0 170 100]","""""","9.9","false","{breed social-friends}","0","""default""","""none""","0"
"{citizen 2}","{citizen 36}","[85 0 170 100]","""""","9.9","false","{breed social-friends}","0","""default""","""none""","0"
"{citizen 2}","{citizen 37}","[85 0 170 100]","""""","9.9","false","{breed social-friends}","0","""default""","""none""","0"
"{citizen 2}","{citizen 38}","[85 0 170 100]","""""","9.9","false","{breed social-friends}","0","""default""","""none""","0"
"{citizen 2}","{citizen 39}","[85 0 170 100]","""""","9.9","false","{breed social-friends}","0","""default""","""none""","0"
"{citizen 2}","{citizen 40}","[85 0 170 100]","""""","9.9","false","{breed social-friends}","0","""default""","""none""","0"
"{citizen 2}","{citizen 41}","[85 0 170 100]","""""","9.9","false","{breed social-friends}","0","""default""","""none""","0"
"{citizen 2}","{citizen 42}","[85 0 170 100]","""""","9.9","false","{breed social-friends}","0","""default""","""none""","0"
"{citizen 2}","{citizen 43}","[85 0 170 100]","""""","9.9","false","{breed social-friends}","0","""default""","""none""","0"
"{citizen 2}","{citizen 44}","[85 0 170 100]","""""","9.9","false","{breed social-friends}","0","""default""","""none""","0"
"{citizen 2}","{citizen 45}","[85 0 170 100]","""""","9.9","false","{breed social-friends}","0","""default""","""none""","0"
"{citizen 2}","{citizen 46}","[85 0 170 100]","""""","9.9","false","{breed social-friends}","0","""default""","""none""","0"
"{citizen 2}","{citizen 47}","[85 0 170 100]","""""","9.9","false","{breed social-friends}","0","""default""","""none""","0"
"{citizen 2}","{citizen 48}","[85 0 170 100]","""""","9.9","false","{breed social-friends}","0","""default""","""none""","0"
"{citizen 2}","{citizen 49}","[85 0 170 100]","""""","9.9","false","{breed social-friends}","0","""default""","""none""","0"
"{citizen 3}","{citizen 0}","[85 0 170 100]","""""","9.9","false","{breed social-friends}","0","""default""","""none""","0"
"{citizen 3}","{citizen 1}","[85 0 170 100]","""""","9.9","false","{breed social-friends}","0","""default""","""none""","0"
"{citizen 3}","{citizen 2}","[85 0 170 100]","""""","9.9","false","{breed social-friends}","0","""default""","""none""","0"
"{citizen 3}","{citizen 4}","[85 0 170 100]","""""","9.9","false","{breed social-friends}","0","""default""","""none""","0"
"{citizen 3}","{citizen 5}","[85 0 170 100]","""""","9.9","false","{breed social-friends}","0","""default""","""none""","0"
"{citizen 3}","{citizen 6}","[85 0 170 100]","""""","9.9","false","{breed social-friends}","0","""default""","""none""","0"
"{citizen 3}","{citizen 7}","[85 0 170 100]","""""","9.9","false","{breed social-friends}","0","""default""","""none""","0"
"{citizen 3}","{citizen 8}","[85 0 170 100]","""""","9.9","false","{breed social-friends}","0","""default""","""none""","0"
"{citizen 3}","{citizen 9}","[85 0 170 100]","""""","9.9","false","{breed social-friends}","0","""default""","""none""","0"
"{citizen 3}","{citizen 10}","[85 0 170 100]","""""","9.9","false","{breed social-friends}","0","""default""","""none""","0"
"{citizen 3}","{citizen 11}","[85 0 170 100]","""""","9.9","false","{breed social-friends}","0","""default""","""none""","0"
"{citizen 3}","{citizen 12}","[85 0 170 100]","""""","9.9","false","{breed social-friends}","0","""default""","""none""","0"
"{citizen 3}","{citizen 13}","[85 0 170 100]","""""","9.9","false","{breed social-friends}","0","""default""","""none""","0"
"{citizen 3}","{citizen 14}","[85 0 170 100]","""""","9.9","false","{breed social-friends}","0","""default""","""none""","0"
"{citizen 3}","{citizen 15}","[85 0 170 100]","""""","9.9","false","{breed social-friends}","0","""default""","""none""","0"
"{citizen 3}","{citizen 16}","[85 0 170 100]","""""","9.9","false","{breed social-friends}","0","""default""","""none""","0"
"{citizen 3}","{citizen 17}","[85 0 170 100]","""""","9.9","false","{breed social-friends}","0","""default""","""none""","0"
"{citizen 3}","{citizen 19}","[85 0 170 100]","""""","9.9","false","{breed social-friends}","0","""default""","""none""","0"
"{citizen 3}","{citizen 20}","[85 0 170 100]","""""","9.9","false","{breed social-friends}","0","""default""","""none""","0"
"{citizen 3}","{citizen 21}","[85 0 170 100]","""""","9.9","false","{breed social-friends}","0","""default""","""none""","0"
"{citizen 3}","{citizen 22}","[85 0 170 100]","""""","9.9","false","{breed social-friends}","0","""default""","""none""","0"
"{citizen 3}","{citizen 23}","[85 0 170 100]","""""","9.9","false","{breed social-friends}","0","""default""","""none""","0"
"{citizen 3}","{citizen 24}","[85 0 170 100]","""""","9.9","false","{breed social-friends}","0","""default""","""none""","0"
"{citizen 3}","{citizen 26}","[85 0 170 100]","""""","9.9","false","{breed social-friends}","0","""default""","""none""","0"
"{citizen 3}","{citizen 27}","[85 0 170 100]","""""","9.9","false","{breed social-friends}","0","""default""","""none""","0"
"{citizen 3}","{citizen 28}","[85 0 170 100]","""""","9.9","false","{breed social-friends}","0","""default""","""none""","0"
"{citizen 3}","{citizen 29}","[85 0 170 100]","""""","9.9","false","{breed social-friends}","0","""default""","""none""","0"
"{citizen 3}","{citizen 30}","[85 0 170 100]","""""","9.9","false","{breed social-friends}","0","""default""","""none""","0"
"{citizen 3}","{citizen 31}","[85 0 170 100]","""""","9.9","false","{breed social-friends}","0","""default""","""none""","0"
"{citizen 3}","{citizen 32}","[85 0 170 100]","""""","9.9","false","{breed social-friends}","0","""default""","""none""","0"
"{citizen 3}","{citizen 34}","[85 0 170 100]","""""","9.9","false","{breed social-friends}","0","""default""","""none""","0"
"{citizen 3}","{citizen 35}","[85 0 170 100]","""""","9.9","false","{breed social-friends}","0","""default""","""none""","0"
"{citizen 3}","{citizen 36}","[85 0 170 100]","""""","9.9","false","{breed social-friends}","0","""default""","""none""","0"
"{citizen 3}","{citizen 37}","[85 0 170 100]","""""","9.9","false","{breed social-friends}","0","""default""","""none""","0"
"{citizen 3}","{citizen 38}","[85 0 170 100]","""""","9.9","false","{breed social-friends}","0","""default""","""none""","0"
"{citizen 3}","{citizen 39}","[85 0 170 100]","""""","9.9","false","{breed social-friends}","0","""default""","""none""","0"
"{citizen 3}","{citizen 40}","[85 0 170 100]","""""","9.9","false","{breed social-friends}","0","""default""","""none""","0"
"{citizen 3}","{citizen 41}","[85 0 170 100]","""""","9.9","false","{breed social-friends}","0","""default""","""none""","0"
"{citizen 3}","{citizen 42}","[85 0 170 100]","""""","9.9","false","{breed social-friends}","0","""default""","""none""","0"
"{citizen 3}","{citizen 43}","[85 0 170 100]","""""","9.9","false","{breed social-friends}","0","""default""","""none""","0"
"{citizen 3}","{citizen 44}","[85 0 170 100]","""""","9.9","false","{breed social-friends}","0","""default""","""none""","0"
"{citizen 3}","{citizen 45}","[85 0 170 100]","""""","9.9","false","{breed social-friends}","0","""default""","""none""","0"
"{citizen 3}","{citizen 46}","[85 0 170 100]","""""","9.9","false","{breed social-friends}","0","""default""","""none""","0"
"{citizen 3}","{citizen 47}","[85 0 170 100]","""""","9.9","false","{breed social-friends}","0","""default""","""none""","0"
"{citizen 3}","{citizen 48}","[85 0 170 100]","""""","9.9","false","{breed social-friends}","0","""default""","""none""","0"
"{citizen 3}","{citizen 49}","[85 0 170 100]","""""","9.9","false","{breed social-friends}","0","""default""","""none""","0"
"{citizen 4}","{citizen 0}","[85 0 170 100]","""""","9.9","false","{breed social-friends}","0","""default""","""none""","0"
"{citizen 4}","{citizen 1}","[85 0 170 100]","""""","9.9","false","{breed social-friends}","0","""default""","""none""","0"
"{citizen 4}","{citizen 2}","[85 0 170 100]","""""","9.9","false","{breed social-friends}","0","""default""","""none""","0"
"{citizen 4}","{citizen 3}","[85 0 170 100]","""""","9.9","false","{breed social-friends}","0","""default""","""none""","0"
"{citizen 4}","{citizen 5}","[85 0 170 100]","""""","9.9","false","{breed social-friends}","0","""default""","""none""","0"
"{citizen 4}","{citizen 6}","[85 0 170 100]","""""","9.9","false","{breed social-friends}","0","""default""","""none""","0"
"{citizen 4}","{citizen 7}","[85 0 170 100]","""""","9.9","false","{breed social-friends}","0","""default""","""none""","0"
"{citizen 4}","{citizen 8}","[85 0 170 100]","""""","9.9","false","{breed social-friends}","0","""default""","""none""","0"
"{citizen 4}","{citizen 9}","[85 0 170 100]","""""","9.9","false","{breed social-friends}","0","""default""","""none""","0"
"{citizen 4}","{citizen 10}","[85 0 170 100]","""""","9.9","false","{breed social-friends}","0","""default""","""none""","0"
"{citizen 4}","{citizen 11}","[85 0 170 100]","""""","9.9","false","{breed social-friends}","0","""default""","""none""","0"
"{citizen 4}","{citizen 12}","[85 0 170 100]","""""","9.9","false","{breed social-friends}","0","""default""","""none""","0"
"{citizen 4}","{citizen 13}","[85 0 170 100]","""""","9.9","false","{breed social-friends}","0","""default""","""none""","0"
"{citizen 4}","{citizen 14}","[85 0 170 100]","""""","9.9","false","{breed social-friends}","0","""default""","""none""","0"
"{citizen 4}","{citizen 15}","[85 0 170 100]","""""","9.9","false","{breed social-friends}","0","""default""","""none""","0"
"{citizen 4}","{citizen 16}","[85 0 170 100]","""""","9.9","false","{breed social-friends}","0","""default""","""none""","0"
"{citizen 4}","{citizen 17}","[85 0 170 100]","""""","9.9","false","{breed social-friends}","0","""default""","""none""","0"
"{citizen 4}","{citizen 19}","[85 0 170 100]","""""","9.9","false","{breed social-friends}","0","""default""","""none""","0"
"{citizen 4}","{citizen 20}","[85 0 170 100]","""""","9.9","false","{breed social-friends}","0","""default""","""none""","0"
"{citizen 4}","{citizen 21}","[85 0 170 100]","""""","9.9","false","{breed social-friends}","0","""default""","""none""","0"
"{citizen 4}","{citizen 22}","[85 0 170 100]","""""","9.9","false","{breed social-friends}","0","""default""","""none""","0"
"{citizen 4}","{citizen 23}","[85 0 170 100]","""""","9.9","false","{breed social-friends}","0","""default""","""none""","0"
"{citizen 4}","{citizen 24}","[85 0 170 100]","""""","9.9","false","{breed social-friends}","0","""default""","""none""","0"
"{citizen 4}","{citizen 26}","[85 0 170 100]","""""","9.9","false","{breed social-friends}","0","""default""","""none""","0"
"{citizen 4}","{citizen 27}","[85 0 170 100]","""""","9.9","false","{breed social-friends}","0","""default""","""none""","0"
"{citizen 4}","{citizen 28}","[85 0 170 100]","""""","9.9","false","{breed social-friends}","0","""default""","""none""","0"
"{citizen 4}","{citizen 29}","[85 0 170 100]","""""","9.9","false","{breed social-friends}","0","""default""","""none""","0"
"{citizen 4}","{citizen 30}","[85 0 170 100]","""""","9.9","false","{breed social-friends}","0","""default""","""none""","0"
"{citizen 4}","{citizen 31}","[85 0 170 100]","""""","9.9","false","{breed social-friends}","0","""default""","""none""","0"
"{citizen 4}","{citizen 32}","[85 0 170 100]","""""","9.9","false","{breed social-friends}","0","""default""","""none""","0"
"{citizen 4}","{citizen 34}","[85 0 170 100]","""""","9.9","false","{breed social-friends}","0","""default""","""none""","0"
"{citizen 4}","{citizen 35}","[85 0 170 100]","""""","9.9","false","{breed social-friends}","0","""default""","""none""","0"
"{citizen 4}","{citizen 36}","[85 0 170 100]","""""","9.9","false","{breed social-friends}","0","""default""","""none""","0"
"{citizen 4}","{citizen 37}","[85 0 170 100]","""""","9.9","false","{breed social-friends}","0","""default""","""none""","0"
"{citizen 4}","{citizen 38}","[85 0 170 100]","""""","9.9","false","{breed social-friends}","0","""default""","""none""","0"
"{citizen 4}","{citizen 39}","[85 0 170 100]","""""","9.9","false","{breed social-friends}","0","""default""","""none""","0"
"{citizen 4}","{citizen 40}","[85 0 170 100]","""""","9.9","false","{breed social-friends}","0","""default""","""none""","0"
"{citizen 4}","{citizen 41}","[85 0 170 100]","""""","9.9","false","{breed social-friends}","0","""default""","""none""","0"
"{citizen 4}","{citizen 42}","[85 0 170 100]","""""","9.9","false","{breed social-friends}","0","""default""","""none""","0"
"{citizen 4}","{citizen 43}","[85 0 170 100]","""""","9.9","false","{breed social-friends}","0","""default""","""none""","0"
"{citizen 4}","{citizen 44}","[85 0 170 100]","""""","9.9","false","{breed social-friends}","0","""default""","""none""","0"
"{citizen 4}","{citizen 45}","[85 0 170 100]","""""","9.9","false","{breed social-friends}","0","""default""","""none""","0"
"{citizen 4}","{citizen 46}","[85 0 170 100]","""""","9.9","false","{breed social-friends}","0","""default""","""none""","0"
"{citizen 4}","{citizen 47}","[85 0 170 100]","""""","9.9","false","{breed social-friends}","0","""default""","""none""","0"
"{citizen 4}","{citizen 48}","[85 0 170 100]","""""","9.9","false","{breed social-friends}","0","""default""","""none""","0"
"{citizen 4}","{citizen 49}","[85 0 170 100]","""""","9.9","false","{breed social-friends}","0","""default""","""none""","0"
"{citizen 5}","{citizen 0}","[85 0 170 100]","""""","9.9","false","{breed social-friends}","0","""default""","""none""","0"
"{citizen 5}","{citizen 1}","[85 0 170 100]","""""","9.9","false","{breed social-friends}","0","""default""","""none""","0"
"{citizen 5}","{citizen 2}","[85 0 170 100]","""""","9.9","false","{breed social-friends}","0","""default""","""none""","0"
"{citizen 5}","{citizen 3}","[85 0 170 100]","""""","9.9","false","{breed social-friends}","0","""default""","""none""","0"
"{citizen 5}","{citizen 4}","[85 0 170 100]","""""","9.9","false","{breed social-friends}","0","""default""","""none""","0"
"{citizen 5}","{citizen 6}","[85 0 170 100]","""""","9.9","false","{breed social-friends}","0","""default""","""none""","0"
"{citizen 5}","{citizen 7}","[85 0 170 100]","""""","9.9","false","{breed social-friends}","0","""default""","""none""","0"
"{citizen 5}","{citizen 8}","[85 0 170 100]","""""","9.9","false","{breed social-friends}","0","""default""","""none""","0"
"{citizen 5}","{citizen 9}","[85 0 170 100]","""""","9.9","false","{breed social-friends}","0","""default""","""none""","0"
"{citizen 5}","{citizen 10}","[85 0 170 100]","""""","9.9","false","{breed social-friends}","0","""default""","""none""","0"
"{citizen 5}","{citizen 11}","[85 0 170 100]","""""","9.9","false","{breed social-friends}","0","""default""","""none""","0"
"{citizen 5}","{citizen 12}","[85 0 170 100]","""""","9.9","false","{breed social-friends}","0","""default""","""none""","0"
"{citizen 5}","{citizen 13}","[85 0 170 100]","""""","9.9","false","{breed social-friends}","0","""default""","""none""","0"
"{citizen 5}","{citizen 14}","[85 0 170 100]","""""","9.9","false","{breed social-friends}","0","""default""","""none""","0"
"{citizen 5}","{citizen 15}","[85 0 170 100]","""""","9.9","false","{breed social-friends}","0","""default""","""none""","0"
"{citizen 5}","{citizen 16}","[85 0 170 100]","""""","9.9","false","{breed social-friends}","0","""default""","""none""","0"
"{citizen 5}","{citizen 17}","[85 0 170 100]","""""","9.9","false","{breed social-friends}","0","""default""","""none""","0"
"{citizen 5}","{citizen 19}","[85 0 170 100]","""""","9.9","false","{breed social-friends}","0","""default""","""none""","0"
"{citizen 5}","{citizen 20}","[85 0 170 100]","""""","9.9","false","{breed social-friends}","0","""default""","""none""","0"
"{citizen 5}","{citizen 21}","[85 0 170 100]","""""","9.9","false","{breed social-friends}","0","""default""","""none""","0"
"{citizen 5}","{citizen 22}","[85 0 170 100]","""""","9.9","false","{breed social-friends}","0","""default""","""none""","0"
"{citizen 5}","{citizen 23}","[85 0 170 100]","""""","9.9","false","{breed social-friends}","0","""default""","""none""","0"
"{citizen 5}","{citizen 24}","[85 0 170 100]","""""","9.9","false","{breed social-friends}","0","""default""","""none""","0"
"{citizen 5}","{citizen 26}","[85 0 170 100]","""""","9.9","false","{breed social-friends}","0","""default""","""none""","0"
"{citizen 5}","{citizen 27}","[85 0 170 100]","""""","9.9","false","{breed social-friends}","0","""default""","""none""","0"
"{citizen 5}","{citizen 28}","[85 0 170 100]","""""","9.9","false","{breed social-friends}","0","""default""","""none""","0"
"{citizen 5}","{citizen 29}","[85 0 170 100]","""""","9.9","false","{breed social-friends}","0","""default""","""none""","0"
"{citizen 5}","{citizen 30}","[85 0 170 100]","""""","9.9","false","{breed social-friends}","0","""default""","""none""","0"
"{citizen 5}","{citizen 31}","[85 0 170 100]","""""","9.9","false","{breed social-friends}","0","""default""","""none""","0"
"{citizen 5}","{citizen 32}","[85 0 170 100]","""""","9.9","false","{breed social-friends}","0","""default""","""none""","0"
"{citizen 5}","{citizen 34}","[85 0 170 100]","""""","9.9","false","{breed social-friends}","0","""default""","""none""","0"
"{citizen 5}","{citizen 35}","[85 0 170 100]","""""","9.9","false","{breed social-friends}","0","""default""","""none""","0"
"{citizen 5}","{citizen 36}","[85 0 170 100]","""""","9.9","false","{breed social-friends}","0","""default""","""none""","0"
"{citizen 5}","{citizen 37}","[85 0 170 100]","""""","9.9","false","{breed social-friends}","0","""default""","""none""","0"
"{citizen 5}","{citizen 38}","[85 0 170 100]","""""","9.9","false","{breed social-friends}","0","""default""","""none""","0"
"{citizen 5}","{citizen 39}","[85 0 170 100]","""""","9.9","false","{breed social-friends}","0","""default""","""none""","0"
"{citizen 5}","{citizen 40}","[85 0 170 100]","""""","9.9","false","{breed social-friends}","0","""default""","""none""","0"
"{citizen 5}","{citizen 41}","[85 0 170 100]","""""","9.9","false","{breed social-friends}","0","""default""","""none""","0"
"{citizen 5}","{citizen 42}","[85 0 170 100]","""""","9.9","false","{breed social-friends}","0","""default""","""none""","0"
"{citizen 5}","{citizen 43}","[85 0 170 100]","""""","9.9","false","{breed social-friends}","0","""default""","""none""","0"
"{citizen 5}","{citizen 44}","[85 0 170 100]","""""","9.9","false","{breed social-friends}","0","""default""","""none""","0"
"{citizen 5}","{citizen 45}","[85 0 170 100]","""""","9.9","false","{breed social-friends}","0","""default""","""none""","0"
"{citizen 5}","{citizen 46}","[85 0 170 100]","""""","9.9","false","{breed social-friends}","0","""default""","""none""","0"
"{citizen 5}","{citizen 47}","[85 0 170 100]","""""","9.9","false","{breed social-friends}","0","""default""","""none""","0"
"{citizen 5}","{citizen 48}","[85 0 170 100]","""""","9.9","false","{breed social-friends}","0","""default""","""none""","0"
"{citizen 5}","{citizen 49}","[85 0 170 100]","""""","9.9","false","{breed social-friends}","0","""default""","""none""","0"
"{citizen 6}","{citizen 0}","[85 0 170 100]","""""","9.9","false","{breed social-friends}","0","""default""","""none""","0"
"{citizen 6}","{citizen 1}","[85 0 170 100]","""""","9.9","false","{breed social-friends}","0","""default""","""none""","0"
"{citizen 6}","{citizen 2}","[85 0 170 100]","""""","9.9","false","{breed social-friends}","0","""default""","""none""","0"
"{citizen 6}","{citizen 3}","[85 0 170 100]","""""","9.9","false","{breed social-friends}","0","""default""","""none""","0"
"{citizen 6}","{citizen 4}","[85 0 170 100]","""""","9.9","false","{breed social-friends}","0","""default""","""none""","0"
"{citizen 6}","{citizen 5}","[85 0 170 100]","""""","9.9","false","{breed social-friends}","0","""default""","""none""","0"
"{citizen 6}","{citizen 7}","[85 0 170 100]","""""","9.9","false","{breed social-friends}","0","""default""","""none""","0"
"{citizen 6}","{citizen 8}","[85 0 170 100]","""""","9.9","false","{breed social-friends}","0","""default""","""none""","0"
"{citizen 6}","{citizen 9}","[85 0 170 100]","""""","9.9","false","{breed social-friends}","0","""default""","""none""","0"
"{citizen 6}","{citizen 10}","[85 0 170 100]","""""","9.9","false","{breed social-friends}","0","""default""","""none""","0"
"{citizen 6}","{citizen 11}","[85 0 170 100]","""""","9.9","false","{breed social-friends}","0","""default""","""none""","0"
"{citizen 6}","{citizen 12}","[85 0 170 100]","""""","9.9","false","{breed social-friends}","0","""default""","""none""","0"
"{citizen 6}","{citizen 13}","[85 0 170 100]","""""","9.9","false","{breed social-friends}","0","""default""","""none""","0"
"{citizen 6}","{citizen 14}","[85 0 170 100]","""""","9.9","false","{breed social-friends}","0","""default""","""none""","0"
"{citizen 6}","{citizen 15}","[85 0 170 100]","""""","9.9","false","{breed social-friends}","0","""default""","""none""","0"
"{citizen 6}","{citizen 16}","[85 0 170 100]","""""","9.9","false","{breed social-friends}","0","""default""","""none""","0"
"{citizen 6}","{citizen 17}","[85 0 170 100]","""""","9.9","false","{breed social-friends}","0","""default""","""none""","0"
"{citizen 6}","{citizen 19}","[85 0 170 100]","""""","9.9","false","{breed social-friends}","0","""default""","""none""","0"
"{citizen 6}","{citizen 20}","[85 0 170 100]","""""","9.9","false","{breed social-friends}","0","""default""","""none""","0"
"{citizen 6}","{citizen 21}","[85 0 170 100]","""""","9.9","false","{breed social-friends}","0","""default""","""none""","0"
"{citizen 6}","{citizen 22}","[85 0 170 100]","""""","9.9","false","{breed social-friends}","0","""default""","""none""","0"
"{citizen 6}","{citizen 23}","[85 0 170 100]","""""","9.9","false","{breed social-friends}","0","""default""","""none""","0"
"{citizen 6}","{citizen 24}","[85 0 170 100]","""""","9.9","false","{breed social-friends}","0","""default""","""none""","0"
"{citizen 6}","{citizen 26}","[85 0 170 100]","""""","9.9","false","{breed social-friends}","0","""default""","""none""","0"
"{citizen 6}","{citizen 27}","[85 0 170 100]","""""","9.9","false","{breed social-friends}","0","""default""","""none""","0"
"{citizen 6}","{citizen 28}","[85 0 170 100]","""""","9.9","false","{breed social-friends}","0","""default""","""none""","0"
"{citizen 6}","{citizen 29}","[85 0 170 100]","""""","9.9","false","{breed social-friends}","0","""default""","""none""","0"
"{citizen 6}","{citizen 30}","[85 0 170 100]","""""","9.9","false","{breed social-friends}","0","""default""","""none""","0"
"{citizen 6}","{citizen 31}","[85 0 170 100]","""""","9.9","false","{breed social-friends}","0","""default""","""none""","0"
"{citizen 6}","{citizen 32}","[85 0 170 100]","""""","9.9","false","{breed social-friends}","0","""default""","""none""","0"
"{citizen 6}","{citizen 34}","[85 0 170 100]","""""","9.9","false","{breed social-friends}","0","""default""","""none""","0"
"{citizen 6}","{citizen 35}","[85 0 170 100]","""""","9.9","false","{breed social-friends}","0","""default""","""none""","0"
"{citizen 6}","{citizen 36}","[85 0 170 100]","""""","9.9","false","{breed social-friends}","0","""default""","""none""","0"
"{citizen 6}","{citizen 37}","[85 0 170 100]","""""","9.9","false","{breed social-friends}","0","""default""","""none""","0"
"{citizen 6}","{citizen 38}","[85 0 170 100]","""""","9.9","false","{breed social-friends}","0","""default""","""none""","0"
"{citizen 6}","{citizen 39}","[85 0 170 100]","""""","9.9","false","{breed social-friends}","0","""default""","""none""","0"
"{citizen 6}","{citizen 40}","[85 0 170 100]","""""","9.9","false","{breed social-friends}","0","""default""","""none""","0"
"{citizen 6}","{citizen 41}","[85 0 170 100]","""""","9.9","false","{breed social-friends}","0","""default""","""none""","0"
"{citizen 6}","{citizen 42}","[85 0 170 100]","""""","9.9","false","{breed social-friends}","0","""default""","""none""","0"
"{citizen 6}","{citizen 43}","[85 0 170 100]","""""","9.9","false","{breed social-friends}","0","""default""","""none""","0"
"{citizen 6}","{citizen 44}","[85 0 170 100]","""""","9.9","false","{breed social-friends}","0","""default""","""none""","0"
"{citizen 6}","{citizen 45}","[85 0 170 100]","""""","9.9","false","{breed social-friends}","0","""default""","""none""","0"
"{citizen 6}","{citizen 46}","[85 0 170 100]","""""","9.9","false","{breed social-friends}","0","""default""","""none""","0"
"{citizen 6}","{citizen 47}","[85 0 170 100]","""""","9.9","false","{breed social-friends}","0","""default""","""none""","0"
"{citizen 6}","{citizen 48}","[85 0 170 100]","""""","9.9","false","{breed social-friends}","0","""default""","""none""","0"
"{citizen 6}","{citizen 49}","[85 0 170 100]","""""","9.9","false","{breed social-friends}","0","""default""","""none""","0"
"{citizen 7}","{citizen 0}","[85 0 170 100]","""""","9.9","false","{breed social-friends}","0","""default""","""none""","0"
"{citizen 7}","{citizen 1}","[85 0 170 100]","""""","9.9","false","{breed social-friends}","0","""default""","""none""","0"
"{citizen 7}","{citizen 2}","[85 0 170 100]","""""","9.9","false","{breed social-friends}","0","""default""","""none""","0"
"{citizen 7}","{citizen 3}","[85 0 170 100]","""""","9.9","false","{breed social-friends}","0","""default""","""none""","0"
"{citizen 7}","{citizen 4}","[85 0 170 100]","""""","9.9","false","{breed social-friends}","0","""default""","""none""","0"
"{citizen 7}","{citizen 5}","[85 0 170 100]","""""","9.9","false","{breed social-friends}","0","""default""","""none""","0"
"{citizen 7}","{citizen 6}","[85 0 170 100]","""""","9.9","false","{breed social-friends}","0","""default""","""none""","0"
"{citizen 7}","{citizen 8}","[85 0 170 100]","""""","9.9","false","{breed social-friends}","0","""default""","""none""","0"
"{citizen 7}","{citizen 9}","[85 0 170 100]","""""","9.9","false","{breed social-friends}","0","""default""","""none""","0"
"{citizen 7}","{citizen 10}","[85 0 170 100]","""""","9.9","false","{breed social-friends}","0","""default""","""none""","0"
"{citizen 7}","{citizen 11}","[85 0 170 100]","""""","9.9","false","{breed social-friends}","0","""default""","""none""","0"
"{citizen 7}","{citizen 12}","[85 0 170 100]","""""","9.9","false","{breed social-friends}","0","""default""","""none""","0"
"{citizen 7}","{citizen 13}","[85 0 170 100]","""""","9.9","false","{breed social-friends}","0","""default""","""none""","0"
"{citizen 7}","{citizen 14}","[85 0 170 100]","""""","9.9","false","{breed social-friends}","0","""default""","""none""","0"
"{citizen 7}","{citizen 15}","[85 0 170 100]","""""","9.9","false","{breed social-friends}","0","""default""","""none""","0"
"{citizen 7}","{citizen 16}","[85 0 170 100]","""""","9.9","false","{breed social-friends}","0","""default""","""none""","0"
"{citizen 7}","{citizen 17}","[85 0 170 100]","""""","9.9","false","{breed social-friends}","0","""default""","""none""","0"
"{citizen 7}","{citizen 19}","[85 0 170 100]","""""","9.9","false","{breed social-friends}","0","""default""","""none""","0"
"{citizen 7}","{citizen 20}","[85 0 170 100]","""""","9.9","false","{breed social-friends}","0","""default""","""none""","0"
"{citizen 7}","{citizen 21}","[85 0 170 100]","""""","9.9","false","{breed social-friends}","0","""default""","""none""","0"
"{citizen 7}","{citizen 22}","[85 0 170 100]","""""","9.9","false","{breed social-friends}","0","""default""","""none""","0"
"{citizen 7}","{citizen 23}","[85 0 170 100]","""""","9.9","false","{breed social-friends}","0","""default""","""none""","0"
"{citizen 7}","{citizen 24}","[85 0 170 100]","""""","9.9","false","{breed social-friends}","0","""default""","""none""","0"
"{citizen 7}","{citizen 26}","[85 0 170 100]","""""","9.9","false","{breed social-friends}","0","""default""","""none""","0"
"{citizen 7}","{citizen 27}","[85 0 170 100]","""""","9.9","false","{breed social-friends}","0","""default""","""none""","0"
"{citizen 7}","{citizen 28}","[85 0 170 100]","""""","9.9","false","{breed social-friends}","0","""default""","""none""","0"
"{citizen 7}","{citizen 29}","[85 0 170 100]","""""","9.9","false","{breed social-friends}","0","""default""","""none""","0"
"{citizen 7}","{citizen 30}","[85 0 170 100]","""""","9.9","false","{breed social-friends}","0","""default""","""none""","0"
"{citizen 7}","{citizen 31}","[85 0 170 100]","""""","9.9","false","{breed social-friends}","0","""default""","""none""","0"
"{citizen 7}","{citizen 32}","[85 0 170 100]","""""","9.9","false","{breed social-friends}","0","""default""","""none""","0"
"{citizen 7}","{citizen 34}","[85 0 170 100]","""""","9.9","false","{breed social-friends}","0","""default""","""none""","0"
"{citizen 7}","{citizen 35}","[85 0 170 100]","""""","9.9","false","{breed social-friends}","0","""default""","""none""","0"
"{citizen 7}","{citizen 36}","[85 0 170 100]","""""","9.9","false","{breed social-friends}","0","""default""","""none""","0"
"{citizen 7}","{citizen 37}","[85 0 170 100]","""""","9.9","false","{breed social-friends}","0","""default""","""none""","0"
"{citizen 7}","{citizen 38}","[85 0 170 100]","""""","9.9","false","{breed social-friends}","0","""default""","""none""","0"
"{citizen 7}","{citizen 39}","[85 0 170 100]","""""","9.9","false","{breed social-friends}","0","""default""","""none""","0"
"{citizen 7}","{citizen 40}","[85 0 170 100]","""""","9.9","false","{breed social-friends}","0","""default""","""none""","0"
"{citizen 7}","{citizen 41}","[85 0 170 100]","""""","9.9","false","{breed social-friends}","0","""default""","""none""","0"
"{citizen 7}","{citizen 42}","[85 0 170 100]","""""","9.9","false","{breed social-friends}","0","""default""","""none""","0"
"{citizen 7}","{citizen 43}","[85 0 170 100]","""""","9.9","false","{breed social-friends}","0","""default""","""none""","0"
"{citizen 7}","{citizen 44}","[85 0 170 100]","""""","9.9","false","{breed social-friends}","0","""default""","""none""","0"
"{citizen 7}","{citizen 45}","[85 0 170 100]","""""","9.9","false","{breed social-friends}","0","""default""","""none""","0"
"{citizen 7}","{citizen 46}","[85 0 170 100]","""""","9.9","false","{breed social-friends}","0","""default""","""none""","0"
"{citizen 7}","{citizen 47}","[85 0 170 100]","""""","9.9","false","{breed social-friends}","0","""default""","""none""","0"
"{citizen 7}","{citizen 48}","[85 0 170 100]","""""","9.9","false","{breed social-friends}","0","""default""","""none""","0"
"{citizen 7}","{citizen 49}","[85 0 170 100]","""""","9.9","false","{breed social-friends}","0","""default""","""none""","0"
"{citizen 8}","{citizen 0}","[85 0 170 100]","""""","9.9","false","{breed social-friends}","0","""default""","""none""","0"
"{citizen 8}","{citizen 1}","[85 0 170 100]","""""","9.9","false","{breed social-friends}","0","""default""","""none""","0"
"{citizen 8}","{citizen 2}","[85 0 170 100]","""""","9.9","false","{breed social-friends}","0","""default""","""none""","0"
"{citizen 8}","{citizen 3}","[85 0 170 100]","""""","9.9","false","{breed social-friends}","0","""default""","""none""","0"
"{citizen 8}","{citizen 4}","[85 0 170 100]","""""","9.9","false","{breed social-friends}","0","""default""","""none""","0"
"{citizen 8}","{citizen 5}","[85 0 170 100]","""""","9.9","false","{breed social-friends}","0","""default""","""none""","0"
"{citizen 8}","{citizen 6}","[85 0 170 100]","""""","9.9","false","{breed social-friends}","0","""default""","""none""","0"
"{citizen 8}","{citizen 7}","[85 0 170 100]","""""","9.9","false","{breed social-friends}","0","""default""","""none""","0"
"{citizen 8}","{citizen 9}","[85 0 170 100]","""""","9.9","false","{breed social-friends}","0","""default""","""none""","0"
"{citizen 8}","{citizen 10}","[85 0 170 100]","""""","9.9","false","{breed social-friends}","0","""default""","""none""","0"
"{citizen 8}","{citizen 11}","[85 0 170 100]","""""","9.9","false","{breed social-friends}","0","""default""","""none""","0"
"{citizen 8}","{citizen 12}","[85 0 170 100]","""""","9.9","false","{breed social-friends}","0","""default""","""none""","0"
"{citizen 8}","{citizen 13}","[85 0 170 100]","""""","9.9","false","{breed social-friends}","0","""default""","""none""","0"
"{citizen 8}","{citizen 14}","[85 0 170 100]","""""","9.9","false","{breed social-friends}","0","""default""","""none""","0"
"{citizen 8}","{citizen 15}","[85 0 170 100]","""""","9.9","false","{breed social-friends}","0","""default""","""none""","0"
"{citizen 8}","{citizen 16}","[85 0 170 100]","""""","9.9","false","{breed social-friends}","0","""default""","""none""","0"
"{citizen 8}","{citizen 17}","[85 0 170 100]","""""","9.9","false","{breed social-friends}","0","""default""","""none""","0"
"{citizen 8}","{citizen 19}","[85 0 170 100]","""""","9.9","false","{breed social-friends}","0","""default""","""none""","0"
"{citizen 8}","{citizen 20}","[85 0 170 100]","""""","9.9","false","{breed social-friends}","0","""default""","""none""","0"
"{citizen 8}","{citizen 21}","[85 0 170 100]","""""","9.9","false","{breed social-friends}","0","""default""","""none""","0"
"{citizen 8}","{citizen 22}","[85 0 170 100]","""""","9.9","false","{breed social-friends}","0","""default""","""none""","0"
"{citizen 8}","{citizen 23}","[85 0 170 100]","""""","9.9","false","{breed social-friends}","0","""default""","""none""","0"
"{citizen 8}","{citizen 24}","[85 0 170 100]","""""","9.9","false","{breed social-friends}","0","""default""","""none""","0"
"{citizen 8}","{citizen 26}","[85 0 170 100]","""""","9.9","false","{breed social-friends}","0","""default""","""none""","0"
"{citizen 8}","{citizen 27}","[85 0 170 100]","""""","9.9","false","{breed social-friends}","0","""default""","""none""","0"
"{citizen 8}","{citizen 28}","[85 0 170 100]","""""","9.9","false","{breed social-friends}","0","""default""","""none""","0"
"{citizen 8}","{citizen 29}","[85 0 170 100]","""""","9.9","false","{breed social-friends}","0","""default""","""none""","0"
"{citizen 8}","{citizen 30}","[85 0 170 100]","""""","9.9","false","{breed social-friends}","0","""default""","""none""","0"
"{citizen 8}","{citizen 31}","[85 0 170 100]","""""","9.9","false","{breed social-friends}","0","""default""","""none""","0"
"{citizen 8}","{citizen 32}","[85 0 170 100]","""""","9.9","false","{breed social-friends}","0","""default""","""none""","0"
"{citizen 8}","{citizen 34}","[85 0 170 100]","""""","9.9","false","{breed social-friends}","0","""default""","""none""","0"
"{citizen 8}","{citizen 35}","[85 0 170 100]","""""","9.9","false","{breed social-friends}","0","""default""","""none""","0"
"{citizen 8}","{citizen 36}","[85 0 170 100]","""""","9.9","false","{breed social-friends}","0","""default""","""none""","0"
"{citizen 8}","{citizen 37}","[85 0 170 100]","""""","9.9","false","{breed social-friends}","0","""default""","""none""","0"
"{citizen 8}","{citizen 38}","[85 0 170 100]","""""","9.9","false","{breed social-friends}","0","""default""","""none""","0"
"{citizen 8}","{citizen 39}","[85 0 170 100]","""""","9.9","false","{breed social-friends}","0","""default""","""none""","0"
"{citizen 8}","{citizen 40}","[85 0 170 100]","""""","9.9","false","{breed social-friends}","0","""default""","""none""","0"
"{citizen 8}","{citizen 41}","[85 0 170 100]","""""","9.9","false","{breed social-friends}","0","""default""","""none""","0"
"{citizen 8}","{citizen 42}","[85 0 170 100]","""""","9.9","false","{breed social-friends}","0","""default""","""none""","0"
"{citizen 8}","{citizen 43}","[85 0 170 100]","""""","9.9","false","{breed social-friends}","0","""default""","""none""","0"
"{citizen 8}","{citizen 44}","[85 0 170 100]","""""","9.9","false","{breed social-friends}","0","""default""","""none""","0"
"{citizen 8}","{citizen 45}","[85 0 170 100]","""""","9.9","false","{breed social-friends}","0","""default""","""none""","0"
"{citizen 8}","{citizen 46}","[85 0 170 100]","""""","9.9","false","{breed social-friends}","0","""default""","""none""","0"
"{citizen 8}","{citizen 47}","[85 0 170 100]","""""","9.9","false","{breed social-friends}","0","""default""","""none""","0"
"{citizen 8}","{citizen 48}","[85 0 170 100]","""""","9.9","false","{breed social-friends}","0","""default""","""none""","0"
"{citizen 8}","{citizen 49}","[85 0 170 100]","""""","9.9","false","{breed social-friends}","0","""default""","""none""","0"
"{citizen 9}","{citizen 0}","[85 0 170 100]","""""","9.9","false","{breed social-friends}","0","""default""","""none""","0"
"{citizen 9}","{citizen 1}","[85 0 170 100]","""""","9.9","false","{breed social-friends}","0","""default""","""none""","0"
"{citizen 9}","{citizen 2}","[85 0 170 100]","""""","9.9","false","{breed social-friends}","0","""default""","""none""","0"
"{citizen 9}","{citizen 3}","[85 0 170 100]","""""","9.9","false","{breed social-friends}","0","""default""","""none""","0"
"{citizen 9}","{citizen 4}","[85 0 170 100]","""""","9.9","false","{breed social-friends}","0","""default""","""none""","0"
"{citizen 9}","{citizen 5}","[85 0 170 100]","""""","9.9","false","{breed social-friends}","0","""default""","""none""","0"
"{citizen 9}","{citizen 6}","[85 0 170 100]","""""","9.9","false","{breed social-friends}","0","""default""","""none""","0"
"{citizen 9}","{citizen 7}","[85 0 170 100]","""""","9.9","false","{breed social-friends}","0","""default""","""none""","0"
"{citizen 9}","{citizen 8}","[85 0 170 100]","""""","9.9","false","{breed social-friends}","0","""default""","""none""","0"
"{citizen 9}","{citizen 10}","[85 0 170 100]","""""","9.9","false","{breed social-friends}","0","""default""","""none""","0"
"{citizen 9}","{citizen 11}","[85 0 170 100]","""""","9.9","false","{breed social-friends}","0","""default""","""none""","0"
"{citizen 9}","{citizen 12}","[85 0 170 100]","""""","9.9","false","{breed social-friends}","0","""default""","""none""","0"
"{citizen 9}","{citizen 13}","[85 0 170 100]","""""","9.9","false","{breed social-friends}","0","""default""","""none""","0"
"{citizen 9}","{citizen 14}","[85 0 170 100]","""""","9.9","false","{breed social-friends}","0","""default""","""none""","0"
"{citizen 9}","{citizen 15}","[85 0 170 100]","""""","9.9","false","{breed social-friends}","0","""default""","""none""","0"
"{citizen 9}","{citizen 16}","[85 0 170 100]","""""","9.9","false","{breed social-friends}","0","""default""","""none""","0"
"{citizen 9}","{citizen 17}","[85 0 170 100]","""""","9.9","false","{breed social-friends}","0","""default""","""none""","0"
"{citizen 9}","{citizen 19}","[85 0 170 100]","""""","9.9","false","{breed social-friends}","0","""default""","""none""","0"
"{citizen 9}","{citizen 20}","[85 0 170 100]","""""","9.9","false","{breed social-friends}","0","""default""","""none""","0"
"{citizen 9}","{citizen 21}","[85 0 170 100]","""""","9.9","false","{breed social-friends}","0","""default""","""none""","0"
"{citizen 9}","{citizen 22}","[85 0 170 100]","""""","9.9","false","{breed social-friends}","0","""default""","""none""","0"
"{citizen 9}","{citizen 23}","[85 0 170 100]","""""","9.9","false","{breed social-friends}","0","""default""","""none""","0"
"{citizen 9}","{citizen 24}","[85 0 170 100]","""""","9.9","false","{breed social-friends}","0","""default""","""none""","0"
"{citizen 9}","{citizen 26}","[85 0 170 100]","""""","9.9","false","{breed social-friends}","0","""default""","""none""","0"
"{citizen 9}","{citizen 27}","[85 0 170 100]","""""","9.9","false","{breed social-friends}","0","""default""","""none""","0"
"{citizen 9}","{citizen 28}","[85 0 170 100]","""""","9.9","false","{breed social-friends}","0","""default""","""none""","0"
"{citizen 9}","{citizen 29}","[85 0 170 100]","""""","9.9","false","{breed social-friends}","0","""default""","""none""","0"
"{citizen 9}","{citizen 30}","[85 0 170 100]","""""","9.9","false","{breed social-friends}","0","""default""","""none""","0"
"{citizen 9}","{citizen 31}","[85 0 170 100]","""""","9.9","false","{breed social-friends}","0","""default""","""none""","0"
"{citizen 9}","{citizen 32}","[85 0 170 100]","""""","9.9","false","{breed social-friends}","0","""default""","""none""","0"
"{citizen 9}","{citizen 34}","[85 0 170 100]","""""","9.9","false","{breed social-friends}","0","""default""","""none""","0"
"{citizen 9}","{citizen 35}","[85 0 170 100]","""""","9.9","false","{breed social-friends}","0","""default""","""none""","0"
"{citizen 9}","{citizen 36}","[85 0 170 100]","""""","9.9","false","{breed social-friends}","0","""default""","""none""","0"
"{citizen 9}","{citizen 37}","[85 0 170 100]","""""","9.9","false","{breed social-friends}","0","""default""","""none""","0"
"{citizen 9}","{citizen 38}","[85 0 170 100]","""""","9.9","false","{breed social-friends}","0","""default""","""none""","0"
"{citizen 9}","{citizen 39}","[85 0 170 100]","""""","9.9","false","{breed social-friends}","0","""default""","""none""","0"
"{citizen 9}","{citizen 40}","[85 0 170 100]","""""","9.9","false","{breed social-friends}","0","""default""","""none""","0"
"{citizen 9}","{citizen 41}","[85 0 170 100]","""""","9.9","false","{breed social-friends}","0","""default""","""none""","0"
"{citizen 9}","{citizen 42}","[85 0 170 100]","""""","9.9","false","{breed social-friends}","0","""default""","""none""","0"
"{citizen 9}","{citizen 43}","[85 0 170 100]","""""","9.9","false","{breed social-friends}","0","""default""","""none""","0"
"{citizen 9}","{citizen 44}","[85 0 170 100]","""""","9.9","false","{breed social-friends}","0","""default""","""none""","0"
"{citizen 9}","{citizen 45}","[85 0 170 100]","""""","9.9","false","{breed social-friends}","0","""default""","""none""","0"
"{citizen 9}","{citizen 46}","[85 0 170 100]","""""","9.9","false","{breed social-friends}","0","""default""","""none""","0"
"{citizen 9}","{citizen 47}","[85 0 170 100]","""""","9.9","false","{breed social-friends}","0","""default""","""none""","0"
"{citizen 9}","{citizen 48}","[85 0 170 100]","""""","9.9","false","{breed social-friends}","0","""default""","""none""","0"
"{citizen 9}","{citizen 49}","[85 0 170 100]","""""","9.9","false","{breed social-friends}","0","""default""","""none""","0"
"{citizen 10}","{citizen 0}","[85 0 170 100]","""""","9.9","false","{breed social-friends}","0","""default""","""none""","0"
"{citizen 10}","{citizen 1}","[85 0 170 100]","""""","9.9","false","{breed social-friends}","0","""default""","""none""","0"
"{citizen 10}","{citizen 2}","[85 0 170 100]","""""","9.9","false","{breed social-friends}","0","""default""","""none""","0"
"{citizen 10}","{citizen 3}","[85 0 170 100]","""""","9.9","false","{breed social-friends}","0","""default""","""none""","0"
"{citizen 10}","{citizen 4}","[85 0 170 100]","""""","9.9","false","{breed social-friends}","0","""default""","""none""","0"
"{citizen 10}","{citizen 5}","[85 0 170 100]","""""","9.9","false","{breed social-friends}","0","""default""","""none""","0"
"{citizen 10}","{citizen 6}","[85 0 170 100]","""""","9.9","false","{breed social-friends}","0","""default""","""none""","0"
"{citizen 10}","{citizen 7}","[85 0 170 100]","""""","9.9","false","{breed social-friends}","0","""default""","""none""","0"
"{citizen 10}","{citizen 8}","[85 0 170 100]","""""","9.9","false","{breed social-friends}","0","""default""","""none""","0"
"{citizen 10}","{citizen 9}","[85 0 170 100]","""""","9.9","false","{breed social-friends}","0","""default""","""none""","0"
"{citizen 10}","{citizen 11}","[85 0 170 100]","""""","9.9","false","{breed social-friends}","0","""default""","""none""","0"
"{citizen 10}","{citizen 12}","[85 0 170 100]","""""","9.9","false","{breed social-friends}","0","""default""","""none""","0"
"{citizen 10}","{citizen 13}","[85 0 170 100]","""""","9.9","false","{breed social-friends}","0","""default""","""none""","0"
"{citizen 10}","{citizen 14}","[85 0 170 100]","""""","9.9","false","{breed social-friends}","0","""default""","""none""","0"
"{citizen 10}","{citizen 15}","[85 0 170 100]","""""","9.9","false","{breed social-friends}","0","""default""","""none""","0"
"{citizen 10}","{citizen 16}","[85 0 170 100]","""""","9.9","false","{breed social-friends}","0","""default""","""none""","0"
"{citizen 10}","{citizen 17}","[85 0 170 100]","""""","9.9","false","{breed social-friends}","0","""default""","""none""","0"
"{citizen 10}","{citizen 19}","[85 0 170 100]","""""","9.9","false","{breed social-friends}","0","""default""","""none""","0"
"{citizen 10}","{citizen 20}","[85 0 170 100]","""""","9.9","false","{breed social-friends}","0","""default""","""none""","0"
"{citizen 10}","{citizen 21}","[85 0 170 100]","""""","9.9","false","{breed social-friends}","0","""default""","""none""","0"
"{citizen 10}","{citizen 22}","[85 0 170 100]","""""","9.9","false","{breed social-friends}","0","""default""","""none""","0"
"{citizen 10}","{citizen 23}","[85 0 170 100]","""""","9.9","false","{breed social-friends}","0","""default""","""none""","0"
"{citizen 10}","{citizen 24}","[85 0 170 100]","""""","9.9","false","{breed social-friends}","0","""default""","""none""","0"
"{citizen 10}","{citizen 26}","[85 0 170 100]","""""","9.9","false","{breed social-friends}","0","""default""","""none""","0"
"{citizen 10}","{citizen 27}","[85 0 170 100]","""""","9.9","false","{breed social-friends}","0","""default""","""none""","0"
"{citizen 10}","{citizen 28}","[85 0 170 100]","""""","9.9","false","{breed social-friends}","0","""default""","""none""","0"
"{citizen 10}","{citizen 29}","[85 0 170 100]","""""","9.9","false","{breed social-friends}","0","""default""","""none""","0"
"{citizen 10}","{citizen 30}","[85 0 170 100]","""""","9.9","false","{breed social-friends}","0","""default""","""none""","0"
"{citizen 10}","{citizen 31}","[85 0 170 100]","""""","9.9","false","{breed social-friends}","0","""default""","""none""","0"
"{citizen 10}","{citizen 32}","[85 0 170 100]","""""","9.9","false","{breed social-friends}","0","""default""","""none""","0"
"{citizen 10}","{citizen 34}","[85 0 170 100]","""""","9.9","false","{breed social-friends}","0","""default""","""none""","0"
"{citizen 10}","{citizen 35}","[85 0 170 100]","""""","9.9","false","{breed social-friends}","0","""default""","""none""","0"
"{citizen 10}","{citizen 36}","[85 0 170 100]","""""","9.9","false","{breed social-friends}","0","""default""","""none""","0"
"{citizen 10}","{citizen 37}","[85 0 170 100]","""""","9.9","false","{breed social-friends}","0","""default""","""none""","0"
"{citizen 10}","{citizen 38}","[85 0 170 100]","""""","9.9","false","{breed social-friends}","0","""default""","""none""","0"
"{citizen 10}","{citizen 39}","[85 0 170 100]","""""","9.9","false","{breed social-friends}","0","""default""","""none""","0"
"{citizen 10}","{citizen 40}","[85 0 170 100]","""""","9.9","false","{breed social-friends}","0","""default""","""none""","0"
"{citizen 10}","{citizen 41}","[85 0 170 100]","""""","9.9","false","{breed social-friends}","0","""default""","""none""","0"
"{citizen 10}","{citizen 42}","[85 0 170 100]","""""","9.9","false","{breed social-friends}","0","""default""","""none""","0"
"{citizen 10}","{citizen 43}","[85 0 170 100]","""""","9.9","false","{breed social-friends}","0","""default""","""none""","0"
"{citizen 10}","{citizen 44}","[85 0 170 100]","""""","9.9","false","{breed social-friends}","0","""default""","""none""","0"
"{citizen 10}","{citizen 45}","[85 0 170 100]","""""","9.9","false","{breed social-friends}","0","""default""","""none""","0"
"{citizen 10}","{citizen 46}","[85 0 170 100]","""""","9.9","false","{breed social-friends}","0","""default""","""none""","0"
"{citizen 10}","{citizen 47}","[85 0 170 100]","""""","9.9","false","{breed social-friends}","0","""default""","""none""","0"
"{citizen 10}","{citizen 48}","[85 0 170 100]","""""","9.9","false","{breed social-friends}","0","""default""","""none""","0"
"{citizen 10}","{citizen 49}","[85 0 170 100]","""""","9.9","false","{breed social-friends}","0","""default""","""none""","0"
"{citizen 11}","{citizen 0}","[85 0 170 100]","""""","9.9","false","{breed social-friends}","0","""default""","""none""","0"
"{citizen 11}","{citizen 1}","[85 0 170 100]","""""","9.9","false","{breed social-friends}","0","""default""","""none""","0"
"{citizen 11}","{citizen 2}","[85 0 170 100]","""""","9.9","false","{breed social-friends}","0","""default""","""none""","0"
"{citizen 11}","{citizen 3}","[85 0 170 100]","""""","9.9","false","{breed social-friends}","0","""default""","""none""","0"
"{citizen 11}","{citizen 4}","[85 0 170 100]","""""","9.9","false","{breed social-friends}","0","""default""","""none""","0"
"{citizen 11}","{citizen 5}","[85 0 170 100]","""""","9.9","false","{breed social-friends}","0","""default""","""none""","0"
"{citizen 11}","{citizen 6}","[85 0 170 100]","""""","9.9","false","{breed social-friends}","0","""default""","""none""","0"
"{citizen 11}","{citizen 7}","[85 0 170 100]","""""","9.9","false","{breed social-friends}","0","""default""","""none""","0"
"{citizen 11}","{citizen 8}","[85 0 170 100]","""""","9.9","false","{breed social-friends}","0","""default""","""none""","0"
"{citizen 11}","{citizen 9}","[85 0 170 100]","""""","9.9","false","{breed social-friends}","0","""default""","""none""","0"
"{citizen 11}","{citizen 10}","[85 0 170 100]","""""","9.9","false","{breed social-friends}","0","""default""","""none""","0"
"{citizen 11}","{citizen 12}","[85 0 170 100]","""""","9.9","false","{breed social-friends}","0","""default""","""none""","0"
"{citizen 11}","{citizen 13}","[85 0 170 100]","""""","9.9","false","{breed social-friends}","0","""default""","""none""","0"
"{citizen 11}","{citizen 14}","[85 0 170 100]","""""","9.9","false","{breed social-friends}","0","""default""","""none""","0"
"{citizen 11}","{citizen 15}","[85 0 170 100]","""""","9.9","false","{breed social-friends}","0","""default""","""none""","0"
"{citizen 11}","{citizen 16}","[85 0 170 100]","""""","9.9","false","{breed social-friends}","0","""default""","""none""","0"
"{citizen 11}","{citizen 17}","[85 0 170 100]","""""","9.9","false","{breed social-friends}","0","""default""","""none""","0"
"{citizen 11}","{citizen 19}","[85 0 170 100]","""""","9.9","false","{breed social-friends}","0","""default""","""none""","0"
"{citizen 11}","{citizen 20}","[85 0 170 100]","""""","9.9","false","{breed social-friends}","0","""default""","""none""","0"
"{citizen 11}","{citizen 21}","[85 0 170 100]","""""","9.9","false","{breed social-friends}","0","""default""","""none""","0"
"{citizen 11}","{citizen 22}","[85 0 170 100]","""""","9.9","false","{breed social-friends}","0","""default""","""none""","0"
"{citizen 11}","{citizen 23}","[85 0 170 100]","""""","9.9","false","{breed social-friends}","0","""default""","""none""","0"
"{citizen 11}","{citizen 24}","[85 0 170 100]","""""","9.9","false","{breed social-friends}","0","""default""","""none""","0"
"{citizen 11}","{citizen 26}","[85 0 170 100]","""""","9.9","false","{breed social-friends}","0","""default""","""none""","0"
"{citizen 11}","{citizen 27}","[85 0 170 100]","""""","9.9","false","{breed social-friends}","0","""default""","""none""","0"
"{citizen 11}","{citizen 28}","[85 0 170 100]","""""","9.9","false","{breed social-friends}","0","""default""","""none""","0"
"{citizen 11}","{citizen 29}","[85 0 170 100]","""""","9.9","false","{breed social-friends}","0","""default""","""none""","0"
"{citizen 11}","{citizen 30}","[85 0 170 100]","""""","9.9","false","{breed social-friends}","0","""default""","""none""","0"
"{citizen 11}","{citizen 31}","[85 0 170 100]","""""","9.9","false","{breed social-friends}","0","""default""","""none""","0"
"{citizen 11}","{citizen 32}","[85 0 170 100]","""""","9.9","false","{breed social-friends}","0","""default""","""none""","0"
"{citizen 11}","{citizen 34}","[85 0 170 100]","""""","9.9","false","{breed social-friends}","0","""default""","""none""","0"
"{citizen 11}","{citizen 35}","[85 0 170 100]","""""","9.9","false","{breed social-friends}","0","""default""","""none""","0"
"{citizen 11}","{citizen 36}","[85 0 170 100]","""""","9.9","false","{breed social-friends}","0","""default""","""none""","0"
"{citizen 11}","{citizen 37}","[85 0 170 100]","""""","9.9","false","{breed social-friends}","0","""default""","""none""","0"
"{citizen 11}","{citizen 38}","[85 0 170 100]","""""","9.9","false","{breed social-friends}","0","""default""","""none""","0"
"{citizen 11}","{citizen 39}","[85 0 170 100]","""""","9.9","false","{breed social-friends}","0","""default""","""none""","0"
"{citizen 11}","{citizen 40}","[85 0 170 100]","""""","9.9","false","{breed social-friends}","0","""default""","""none""","0"
"{citizen 11}","{citizen 41}","[85 0 170 100]","""""","9.9","false","{breed social-friends}","0","""default""","""none""","0"
"{citizen 11}","{citizen 42}","[85 0 170 100]","""""","9.9","false","{breed social-friends}","0","""default""","""none""","0"
"{citizen 11}","{citizen 43}","[85 0 170 100]","""""","9.9","false","{breed social-friends}","0","""default""","""none""","0"
"{citizen 11}","{citizen 44}","[85 0 170 100]","""""","9.9","false","{breed social-friends}","0","""default""","""none""","0"
"{citizen 11}","{citizen 45}","[85 0 170 100]","""""","9.9","false","{breed social-friends}","0","""default""","""none""","0"
"{citizen 11}","{citizen 46}","[85 0 170 100]","""""","9.9","false","{breed social-friends}","0","""default""","""none""","0"
"{citizen 11}","{citizen 47}","[85 0 170 100]","""""","9.9","false","{breed social-friends}","0","""default""","""none""","0"
"{citizen 11}","{citizen 48}","[85 0 170 100]","""""","9.9","false","{breed social-friends}","0","""default""","""none""","0"
"{citizen 11}","{citizen 49}","[85 0 170 100]","""""","9.9","false","{breed social-friends}","0","""default""","""none""","0"
"{citizen 12}","{citizen 0}","[85 0 170 100]","""""","9.9","false","{breed social-friends}","0","""default""","""none""","0"
"{citizen 12}","{citizen 1}","[85 0 170 100]","""""","9.9","false","{breed social-friends}","0","""default""","""none""","0"
"{citizen 12}","{citizen 2}","[85 0 170 100]","""""","9.9","false","{breed social-friends}","0","""default""","""none""","0"
"{citizen 12}","{citizen 3}","[85 0 170 100]","""""","9.9","false","{breed social-friends}","0","""default""","""none""","0"
"{citizen 12}","{citizen 4}","[85 0 170 100]","""""","9.9","false","{breed social-friends}","0","""default""","""none""","0"
"{citizen 12}","{citizen 5}","[85 0 170 100]","""""","9.9","false","{breed social-friends}","0","""default""","""none""","0"
"{citizen 12}","{citizen 6}","[85 0 170 100]","""""","9.9","false","{breed social-friends}","0","""default""","""none""","0"
"{citizen 12}","{citizen 7}","[85 0 170 100]","""""","9.9","false","{breed social-friends}","0","""default""","""none""","0"
"{citizen 12}","{citizen 8}","[85 0 170 100]","""""","9.9","false","{breed social-friends}","0","""default""","""none""","0"
"{citizen 12}","{citizen 9}","[85 0 170 100]","""""","9.9","false","{breed social-friends}","0","""default""","""none""","0"
"{citizen 12}","{citizen 10}","[85 0 170 100]","""""","9.9","false","{breed social-friends}","0","""default""","""none""","0"
"{citizen 12}","{citizen 11}","[85 0 170 100]","""""","9.9","false","{breed social-friends}","0","""default""","""none""","0"
"{citizen 12}","{citizen 13}","[85 0 170 100]","""""","9.9","false","{breed social-friends}","0","""default""","""none""","0"
"{citizen 12}","{citizen 14}","[85 0 170 100]","""""","9.9","false","{breed social-friends}","0","""default""","""none""","0"
"{citizen 12}","{citizen 15}","[85 0 170 100]","""""","9.9","false","{breed social-friends}","0","""default""","""none""","0"
"{citizen 12}","{citizen 16}","[85 0 170 100]","""""","9.9","false","{breed social-friends}","0","""default""","""none""","0"
"{citizen 12}","{citizen 17}","[85 0 170 100]","""""","9.9","false","{breed social-friends}","0","""default""","""none""","0"
"{citizen 12}","{citizen 19}","[85 0 170 100]","""""","9.9","false","{breed social-friends}","0","""default""","""none""","0"
"{citizen 12}","{citizen 20}","[85 0 170 100]","""""","9.9","false","{breed social-friends}","0","""default""","""none""","0"
"{citizen 12}","{citizen 21}","[85 0 170 100]","""""","9.9","false","{breed social-friends}","0","""default""","""none""","0"
"{citizen 12}","{citizen 22}","[85 0 170 100]","""""","9.9","false","{breed social-friends}","0","""default""","""none""","0"
"{citizen 12}","{citizen 23}","[85 0 170 100]","""""","9.9","false","{breed social-friends}","0","""default""","""none""","0"
"{citizen 12}","{citizen 24}","[85 0 170 100]","""""","9.9","false","{breed social-friends}","0","""default""","""none""","0"
"{citizen 12}","{citizen 26}","[85 0 170 100]","""""","9.9","false","{breed social-friends}","0","""default""","""none""","0"
"{citizen 12}","{citizen 27}","[85 0 170 100]","""""","9.9","false","{breed social-friends}","0","""default""","""none""","0"
"{citizen 12}","{citizen 28}","[85 0 170 100]","""""","9.9","false","{breed social-friends}","0","""default""","""none""","0"
"{citizen 12}","{citizen 29}","[85 0 170 100]","""""","9.9","false","{breed social-friends}","0","""default""","""none""","0"
"{citizen 12}","{citizen 30}","[85 0 170 100]","""""","9.9","false","{breed social-friends}","0","""default""","""none""","0"
"{citizen 12}","{citizen 31}","[85 0 170 100]","""""","9.9","false","{breed social-friends}","0","""default""","""none""","0"
"{citizen 12}","{citizen 32}","[85 0 170 100]","""""","9.9","false","{breed social-friends}","0","""default""","""none""","0"
"{citizen 12}","{citizen 34}","[85 0 170 100]","""""","9.9","false","{breed social-friends}","0","""default""","""none""","0"
"{citizen 12}","{citizen 35}","[85 0 170 100]","""""","9.9","false","{breed social-friends}","0","""default""","""none""","0"
"{citizen 12}","{citizen 36}","[85 0 170 100]","""""","9.9","false","{breed social-friends}","0","""default""","""none""","0"
"{citizen 12}","{citizen 37}","[85 0 170 100]","""""","9.9","false","{breed social-friends}","0","""default""","""none""","0"
"{citizen 12}","{citizen 38}","[85 0 170 100]","""""","9.9","false","{breed social-friends}","0","""default""","""none""","0"
"{citizen 12}","{citizen 39}","[85 0 170 100]","""""","9.9","false","{breed social-friends}","0","""default""","""none""","0"
"{citizen 12}","{citizen 40}","[85 0 170 100]","""""","9.9","false","{breed social-friends}","0","""default""","""none""","0"
"{citizen 12}","{citizen 41}","[85 0 170 100]","""""","9.9","false","{breed social-friends}","0","""default""","""none""","0"
"{citizen 12}","{citizen 42}","[85 0 170 100]","""""","9.9","false","{breed social-friends}","0","""default""","""none""","0"
"{citizen 12}","{citizen 43}","[85 0 170 100]","""""","9.9","false","{breed social-friends}","0","""default""","""none""","0"
"{citizen 12}","{citizen 44}","[85 0 170 100]","""""","9.9","false","{breed social-friends}","0","""default""","""none""","0"
"{citizen 12}","{citizen 45}","[85 0 170 100]","""""","9.9","false","{breed social-friends}","0","""default""","""none""","0"
"{citizen 12}","{citizen 46}","[85 0 170 100]","""""","9.9","false","{breed social-friends}","0","""default""","""none""","0"
"{citizen 12}","{citizen 47}","[85 0 170 100]","""""","9.9","false","{breed social-friends}","0","""default""","""none""","0"
"{citizen 12}","{citizen 48}","[85 0 170 100]","""""","9.9","false","{breed social-friends}","0","""default""","""none""","0"
"{citizen 12}","{citizen 49}","[85 0 170 100]","""""","9.9","false","{breed social-friends}","0","""default""","""none""","0"
"{citizen 13}","{citizen 0}","[85 0 170 100]","""""","9.9","false","{breed social-friends}","0","""default""","""none""","0"
"{citizen 13}","{citizen 1}","[85 0 170 100]","""""","9.9","false","{breed social-friends}","0","""default""","""none""","0"
"{citizen 13}","{citizen 2}","[85 0 170 100]","""""","9.9","false","{breed social-friends}","0","""default""","""none""","0"
"{citizen 13}","{citizen 3}","[85 0 170 100]","""""","9.9","false","{breed social-friends}","0","""default""","""none""","0"
"{citizen 13}","{citizen 4}","[85 0 170 100]","""""","9.9","false","{breed social-friends}","0","""default""","""none""","0"
"{citizen 13}","{citizen 5}","[85 0 170 100]","""""","9.9","false","{breed social-friends}","0","""default""","""none""","0"
"{citizen 13}","{citizen 6}","[85 0 170 100]","""""","9.9","false","{breed social-friends}","0","""default""","""none""","0"
"{citizen 13}","{citizen 7}","[85 0 170 100]","""""","9.9","false","{breed social-friends}","0","""default""","""none""","0"
"{citizen 13}","{citizen 8}","[85 0 170 100]","""""","9.9","false","{breed social-friends}","0","""default""","""none""","0"
"{citizen 13}","{citizen 9}","[85 0 170 100]","""""","9.9","false","{breed social-friends}","0","""default""","""none""","0"
"{citizen 13}","{citizen 10}","[85 0 170 100]","""""","9.9","false","{breed social-friends}","0","""default""","""none""","0"
"{citizen 13}","{citizen 11}","[85 0 170 100]","""""","9.9","false","{breed social-friends}","0","""default""","""none""","0"
"{citizen 13}","{citizen 12}","[85 0 170 100]","""""","9.9","false","{breed social-friends}","0","""default""","""none""","0"
"{citizen 13}","{citizen 14}","[85 0 170 100]","""""","9.9","false","{breed social-friends}","0","""default""","""none""","0"
"{citizen 13}","{citizen 15}","[85 0 170 100]","""""","9.9","false","{breed social-friends}","0","""default""","""none""","0"
"{citizen 13}","{citizen 16}","[85 0 170 100]","""""","9.9","false","{breed social-friends}","0","""default""","""none""","0"
"{citizen 13}","{citizen 17}","[85 0 170 100]","""""","9.9","false","{breed social-friends}","0","""default""","""none""","0"
"{citizen 13}","{citizen 19}","[85 0 170 100]","""""","9.9","false","{breed social-friends}","0","""default""","""none""","0"
"{citizen 13}","{citizen 20}","[85 0 170 100]","""""","9.9","false","{breed social-friends}","0","""default""","""none""","0"
"{citizen 13}","{citizen 21}","[85 0 170 100]","""""","9.9","false","{breed social-friends}","0","""default""","""none""","0"
"{citizen 13}","{citizen 22}","[85 0 170 100]","""""","9.9","false","{breed social-friends}","0","""default""","""none""","0"
"{citizen 13}","{citizen 23}","[85 0 170 100]","""""","9.9","false","{breed social-friends}","0","""default""","""none""","0"
"{citizen 13}","{citizen 24}","[85 0 170 100]","""""","9.9","false","{breed social-friends}","0","""default""","""none""","0"
"{citizen 13}","{citizen 26}","[85 0 170 100]","""""","9.9","false","{breed social-friends}","0","""default""","""none""","0"
"{citizen 13}","{citizen 27}","[85 0 170 100]","""""","9.9","false","{breed social-friends}","0","""default""","""none""","0"
"{citizen 13}","{citizen 28}","[85 0 170 100]","""""","9.9","false","{breed social-friends}","0","""default""","""none""","0"
"{citizen 13}","{citizen 29}","[85 0 170 100]","""""","9.9","false","{breed social-friends}","0","""default""","""none""","0"
"{citizen 13}","{citizen 30}","[85 0 170 100]","""""","9.9","false","{breed social-friends}","0","""default""","""none""","0"
"{citizen 13}","{citizen 31}","[85 0 170 100]","""""","9.9","false","{breed social-friends}","0","""default""","""none""","0"
"{citizen 13}","{citizen 32}","[85 0 170 100]","""""","9.9","false","{breed social-friends}","0","""default""","""none""","0"
"{citizen 13}","{citizen 34}","[85 0 170 100]","""""","9.9","false","{breed social-friends}","0","""default""","""none""","0"
"{citizen 13}","{citizen 35}","[85 0 170 100]","""""","9.9","false","{breed social-friends}","0","""default""","""none""","0"
"{citizen 13}","{citizen 36}","[85 0 170 100]","""""","9.9","false","{breed social-friends}","0","""default""","""none""","0"
"{citizen 13}","{citizen 37}","[85 0 170 100]","""""","9.9","false","{breed social-friends}","0","""default""","""none""","0"
"{citizen 13}","{citizen 38}","[85 0 170 100]","""""","9.9","false","{breed social-friends}","0","""default""","""none""","0"
"{citizen 13}","{citizen 39}","[85 0 170 100]","""""","9.9","false","{breed social-friends}","0","""default""","""none""","0"
"{citizen 13}","{citizen 40}","[85 0 170 100]","""""","9.9","false","{breed social-friends}","0","""default""","""none""","0"
"{citizen 13}","{citizen 41}","[85 0 170 100]","""""","9.9","false","{breed social-friends}","0","""default""","""none""","0"
"{citizen 13}","{citizen 42}","[85 0 170 100]","""""","9.9","false","{breed social-friends}","0","""default""","""none""","0"
"{citizen 13}","{citizen 43}","[85 0 170 100]","""""","9.9","false","{breed social-friends}","0","""default""","""none""","0"
"{citizen 13}","{citizen 44}","[85 0 170 100]","""""","9.9","false","{breed social-friends}","0","""default""","""none""","0"
"{citizen 13}","{citizen 45}","[85 0 170 100]","""""","9.9","false","{breed social-friends}","0","""default""","""none""","0"
"{citizen 13}","{citizen 46}","[85 0 170 100]","""""","9.9","false","{breed social-friends}","0","""default""","""none""","0"
"{citizen 13}","{citizen 47}","[85 0 170 100]","""""","9.9","false","{breed social-friends}","0","""default""","""none""","0"
"{citizen 13}","{citizen 48}","[85 0 170 100]","""""","9.9","false","{breed social-friends}","0","""default""","""none""","0"
"{citizen 13}","{citizen 49}","[85 0 170 100]","""""","9.9","false","{breed social-friends}","0","""default""","""none""","0"
"{citizen 14}","{citizen 0}","[85 0 170 100]","""""","9.9","false","{breed social-friends}","0","""default""","""none""","0"
"{citizen 14}","{citizen 1}","[85 0 170 100]","""""","9.9","false","{breed social-friends}","0","""default""","""none""","0"
"{citizen 14}","{citizen 2}","[85 0 170 100]","""""","9.9","false","{breed social-friends}","0","""default""","""none""","0"
"{citizen 14}","{citizen 3}","[85 0 170 100]","""""","9.9","false","{breed social-friends}","0","""default""","""none""","0"
"{citizen 14}","{citizen 4}","[85 0 170 100]","""""","9.9","false","{breed social-friends}","0","""default""","""none""","0"
"{citizen 14}","{citizen 5}","[85 0 170 100]","""""","9.9","false","{breed social-friends}","0","""default""","""none""","0"
"{citizen 14}","{citizen 6}","[85 0 170 100]","""""","9.9","false","{breed social-friends}","0","""default""","""none""","0"
"{citizen 14}","{citizen 7}","[85 0 170 100]","""""","9.9","false","{breed social-friends}","0","""default""","""none""","0"
"{citizen 14}","{citizen 8}","[85 0 170 100]","""""","9.9","false","{breed social-friends}","0","""default""","""none""","0"
"{citizen 14}","{citizen 9}","[85 0 170 100]","""""","9.9","false","{breed social-friends}","0","""default""","""none""","0"
"{citizen 14}","{citizen 10}","[85 0 170 100]","""""","9.9","false","{breed social-friends}","0","""default""","""none""","0"
"{citizen 14}","{citizen 11}","[85 0 170 100]","""""","9.9","false","{breed social-friends}","0","""default""","""none""","0"
"{citizen 14}","{citizen 12}","[85 0 170 100]","""""","9.9","false","{breed social-friends}","0","""default""","""none""","0"
"{citizen 14}","{citizen 13}","[85 0 170 100]","""""","9.9","false","{breed social-friends}","0","""default""","""none""","0"
"{citizen 14}","{citizen 15}","[85 0 170 100]","""""","9.9","false","{breed social-friends}","0","""default""","""none""","0"
"{citizen 14}","{citizen 16}","[85 0 170 100]","""""","9.9","false","{breed social-friends}","0","""default""","""none""","0"
"{citizen 14}","{citizen 17}","[85 0 170 100]","""""","9.9","false","{breed social-friends}","0","""default""","""none""","0"
"{citizen 14}","{citizen 19}","[85 0 170 100]","""""","9.9","false","{breed social-friends}","0","""default""","""none""","0"
"{citizen 14}","{citizen 20}","[85 0 170 100]","""""","9.9","false","{breed social-friends}","0","""default""","""none""","0"
"{citizen 14}","{citizen 21}","[85 0 170 100]","""""","9.9","false","{breed social-friends}","0","""default""","""none""","0"
"{citizen 14}","{citizen 22}","[85 0 170 100]","""""","9.9","false","{breed social-friends}","0","""default""","""none""","0"
"{citizen 14}","{citizen 23}","[85 0 170 100]","""""","9.9","false","{breed social-friends}","0","""default""","""none""","0"
"{citizen 14}","{citizen 24}","[85 0 170 100]","""""","9.9","false","{breed social-friends}","0","""default""","""none""","0"
"{citizen 14}","{citizen 26}","[85 0 170 100]","""""","9.9","false","{breed social-friends}","0","""default""","""none""","0"
"{citizen 14}","{citizen 27}","[85 0 170 100]","""""","9.9","false","{breed social-friends}","0","""default""","""none""","0"
"{citizen 14}","{citizen 28}","[85 0 170 100]","""""","9.9","false","{breed social-friends}","0","""default""","""none""","0"
"{citizen 14}","{citizen 29}","[85 0 170 100]","""""","9.9","false","{breed social-friends}","0","""default""","""none""","0"
"{citizen 14}","{citizen 30}","[85 0 170 100]","""""","9.9","false","{breed social-friends}","0","""default""","""none""","0"
"{citizen 14}","{citizen 31}","[85 0 170 100]","""""","9.9","false","{breed social-friends}","0","""default""","""none""","0"
"{citizen 14}","{citizen 32}","[85 0 170 100]","""""","9.9","false","{breed social-friends}","0","""default""","""none""","0"
"{citizen 14}","{citizen 34}","[85 0 170 100]","""""","9.9","false","{breed social-friends}","0","""default""","""none""","0"
"{citizen 14}","{citizen 35}","[85 0 170 100]","""""","9.9","false","{breed social-friends}","0","""default""","""none""","0"
"{citizen 14}","{citizen 36}","[85 0 170 100]","""""","9.9","false","{breed social-friends}","0","""default""","""none""","0"
"{citizen 14}","{citizen 37}","[85 0 170 100]","""""","9.9","false","{breed social-friends}","0","""default""","""none""","0"
"{citizen 14}","{citizen 38}","[85 0 170 100]","""""","9.9","false","{breed social-friends}","0","""default""","""none""","0"
"{citizen 14}","{citizen 39}","[85 0 170 100]","""""","9.9","false","{breed social-friends}","0","""default""","""none""","0"
"{citizen 14}","{citizen 40}","[85 0 170 100]","""""","9.9","false","{breed social-friends}","0","""default""","""none""","0"
"{citizen 14}","{citizen 41}","[85 0 170 100]","""""","9.9","false","{breed social-friends}","0","""default""","""none""","0"
"{citizen 14}","{citizen 42}","[85 0 170 100]","""""","9.9","false","{breed social-friends}","0","""default""","""none""","0"
"{citizen 14}","{citizen 43}","[85 0 170 100]","""""","9.9","false","{breed social-friends}","0","""default""","""none""","0"
"{citizen 14}","{citizen 44}","[85 0 170 100]","""""","9.9","false","{breed social-friends}","0","""default""","""none""","0"
"{citizen 14}","{citizen 45}","[85 0 170 100]","""""","9.9","false","{breed social-friends}","0","""default""","""none""","0"
"{citizen 14}","{citizen 46}","[85 0 170 100]","""""","9.9","false","{breed social-friends}","0","""default""","""none""","0"
"{citizen 14}","{citizen 47}","[85 0 170 100]","""""","9.9","false","{breed social-friends}","0","""default""","""none""","0"
"{citizen 14}","{citizen 48}","[85 0 170 100]","""""","9.9","false","{breed social-friends}","0","""default""","""none""","0"
"{citizen 14}","{citizen 49}","[85 0 170 100]","""""","9.9","false","{breed social-friends}","0","""default""","""none""","0"
"{citizen 15}","{citizen 0}","[85 0 170 100]","""""","9.9","false","{breed social-friends}","0","""default""","""none""","0"
"{citizen 15}","{citizen 1}","[85 0 170 100]","""""","9.9","false","{breed social-friends}","0","""default""","""none""","0"
"{citizen 15}","{citizen 2}","[85 0 170 100]","""""","9.9","false","{breed social-friends}","0","""default""","""none""","0"
"{citizen 15}","{citizen 3}","[85 0 170 100]","""""","9.9","false","{breed social-friends}","0","""default""","""none""","0"
"{citizen 15}","{citizen 4}","[85 0 170 100]","""""","9.9","false","{breed social-friends}","0","""default""","""none""","0"
"{citizen 15}","{citizen 5}","[85 0 170 100]","""""","9.9","false","{breed social-friends}","0","""default""","""none""","0"
"{citizen 15}","{citizen 6}","[85 0 170 100]","""""","9.9","false","{breed social-friends}","0","""default""","""none""","0"
"{citizen 15}","{citizen 7}","[85 0 170 100]","""""","9.9","false","{breed social-friends}","0","""default""","""none""","0"
"{citizen 15}","{citizen 8}","[85 0 170 100]","""""","9.9","false","{breed social-friends}","0","""default""","""none""","0"
"{citizen 15}","{citizen 9}","[85 0 170 100]","""""","9.9","false","{breed social-friends}","0","""default""","""none""","0"
"{citizen 15}","{citizen 10}","[85 0 170 100]","""""","9.9","false","{breed social-friends}","0","""default""","""none""","0"
"{citizen 15}","{citizen 11}","[85 0 170 100]","""""","9.9","false","{breed social-friends}","0","""default""","""none""","0"
"{citizen 15}","{citizen 12}","[85 0 170 100]","""""","9.9","false","{breed social-friends}","0","""default""","""none""","0"
"{citizen 15}","{citizen 13}","[85 0 170 100]","""""","9.9","false","{breed social-friends}","0","""default""","""none""","0"
"{citizen 15}","{citizen 14}","[85 0 170 100]","""""","9.9","false","{breed social-friends}","0","""default""","""none""","0"
"{citizen 15}","{citizen 16}","[85 0 170 100]","""""","9.9","false","{breed social-friends}","0","""default""","""none""","0"
"{citizen 15}","{citizen 17}","[85 0 170 100]","""""","9.9","false","{breed social-friends}","0","""default""","""none""","0"
"{citizen 15}","{citizen 19}","[85 0 170 100]","""""","9.9","false","{breed social-friends}","0","""default""","""none""","0"
"{citizen 15}","{citizen 20}","[85 0 170 100]","""""","9.9","false","{breed social-friends}","0","""default""","""none""","0"
"{citizen 15}","{citizen 21}","[85 0 170 100]","""""","9.9","false","{breed social-friends}","0","""default""","""none""","0"
"{citizen 15}","{citizen 22}","[85 0 170 100]","""""","9.9","false","{breed social-friends}","0","""default""","""none""","0"
"{citizen 15}","{citizen 23}","[85 0 170 100]","""""","9.9","false","{breed social-friends}","0","""default""","""none""","0"
"{citizen 15}","{citizen 24}","[85 0 170 100]","""""","9.9","false","{breed social-friends}","0","""default""","""none""","0"
"{citizen 15}","{citizen 26}","[85 0 170 100]","""""","9.9","false","{breed social-friends}","0","""default""","""none""","0"
"{citizen 15}","{citizen 27}","[85 0 170 100]","""""","9.9","false","{breed social-friends}","0","""default""","""none""","0"
"{citizen 15}","{citizen 28}","[85 0 170 100]","""""","9.9","false","{breed social-friends}","0","""default""","""none""","0"
"{citizen 15}","{citizen 29}","[85 0 170 100]","""""","9.9","false","{breed social-friends}","0","""default""","""none""","0"
"{citizen 15}","{citizen 30}","[85 0 170 100]","""""","9.9","false","{breed social-friends}","0","""default""","""none""","0"
"{citizen 15}","{citizen 31}","[85 0 170 100]","""""","9.9","false","{breed social-friends}","0","""default""","""none""","0"
"{citizen 15}","{citizen 32}","[85 0 170 100]","""""","9.9","false","{breed social-friends}","0","""default""","""none""","0"
"{citizen 15}","{citizen 34}","[85 0 170 100]","""""","9.9","false","{breed social-friends}","0","""default""","""none""","0"
"{citizen 15}","{citizen 35}","[85 0 170 100]","""""","9.9","false","{breed social-friends}","0","""default""","""none""","0"
"{citizen 15}","{citizen 36}","[85 0 170 100]","""""","9.9","false","{breed social-friends}","0","""default""","""none""","0"
"{citizen 15}","{citizen 37}","[85 0 170 100]","""""","9.9","false","{breed social-friends}","0","""default""","""none""","0"
"{citizen 15}","{citizen 38}","[85 0 170 100]","""""","9.9","false","{breed social-friends}","0","""default""","""none""","0"
"{citizen 15}","{citizen 39}","[85 0 170 100]","""""","9.9","false","{breed social-friends}","0","""default""","""none""","0"
"{citizen 15}","{citizen 40}","[85 0 170 100]","""""","9.9","false","{breed social-friends}","0","""default""","""none""","0"
"{citizen 15}","{citizen 41}","[85 0 170 100]","""""","9.9","false","{breed social-friends}","0","""default""","""none""","0"
"{citizen 15}","{citizen 42}","[85 0 170 100]","""""","9.9","false","{breed social-friends}","0","""default""","""none""","0"
"{citizen 15}","{citizen 43}","[85 0 170 100]","""""","9.9","false","{breed social-friends}","0","""default""","""none""","0"
"{citizen 15}","{citizen 44}","[85 0 170 100]","""""","9.9","false","{breed social-friends}","0","""default""","""none""","0"
"{citizen 15}","{citizen 45}","[85 0 170 100]","""""","9.9","false","{breed social-friends}","0","""default""","""none""","0"
"{citizen 15}","{citizen 46}","[85 0 170 100]","""""","9.9","false","{breed social-friends}","0","""default""","""none""","0"
"{citizen 15}","{citizen 47}","[85 0 170 100]","""""","9.9","false","{breed social-friends}","0","""default""","""none""","0"
"{citizen 15}","{citizen 48}","[85 0 170 100]","""""","9.9","false","{breed social-friends}","0","""default""","""none""","0"
"{citizen 15}","{citizen 49}","[85 0 170 100]","""""","9.9","false","{breed social-friends}","0","""default""","""none""","0"
"{citizen 16}","{citizen 0}","[85 0 170 100]","""""","9.9","false","{breed social-friends}","0","""default""","""none""","0"
"{citizen 16}","{citizen 1}","[85 0 170 100]","""""","9.9","false","{breed social-friends}","0","""default""","""none""","0"
"{citizen 16}","{citizen 2}","[85 0 170 100]","""""","9.9","false","{breed social-friends}","0","""default""","""none""","0"
"{citizen 16}","{citizen 3}","[85 0 170 100]","""""","9.9","false","{breed social-friends}","0","""default""","""none""","0"
"{citizen 16}","{citizen 4}","[85 0 170 100]","""""","9.9","false","{breed social-friends}","0","""default""","""none""","0"
"{citizen 16}","{citizen 5}","[85 0 170 100]","""""","9.9","false","{breed social-friends}","0","""default""","""none""","0"
"{citizen 16}","{citizen 6}","[85 0 170 100]","""""","9.9","false","{breed social-friends}","0","""default""","""none""","0"
"{citizen 16}","{citizen 7}","[85 0 170 100]","""""","9.9","false","{breed social-friends}","0","""default""","""none""","0"
"{citizen 16}","{citizen 8}","[85 0 170 100]","""""","9.9","false","{breed social-friends}","0","""default""","""none""","0"
"{citizen 16}","{citizen 9}","[85 0 170 100]","""""","9.9","false","{breed social-friends}","0","""default""","""none""","0"
"{citizen 16}","{citizen 10}","[85 0 170 100]","""""","9.9","false","{breed social-friends}","0","""default""","""none""","0"
"{citizen 16}","{citizen 11}","[85 0 170 100]","""""","9.9","false","{breed social-friends}","0","""default""","""none""","0"
"{citizen 16}","{citizen 12}","[85 0 170 100]","""""","9.9","false","{breed social-friends}","0","""default""","""none""","0"
"{citizen 16}","{citizen 13}","[85 0 170 100]","""""","9.9","false","{breed social-friends}","0","""default""","""none""","0"
"{citizen 16}","{citizen 14}","[85 0 170 100]","""""","9.9","false","{breed social-friends}","0","""default""","""none""","0"
"{citizen 16}","{citizen 15}","[85 0 170 100]","""""","9.9","false","{breed social-friends}","0","""default""","""none""","0"
"{citizen 16}","{citizen 17}","[85 0 170 100]","""""","9.9","false","{breed social-friends}","0","""default""","""none""","0"
"{citizen 16}","{citizen 19}","[85 0 170 100]","""""","9.9","false","{breed social-friends}","0","""default""","""none""","0"
"{citizen 16}","{citizen 20}","[85 0 170 100]","""""","9.9","false","{breed social-friends}","0","""default""","""none""","0"
"{citizen 16}","{citizen 21}","[85 0 170 100]","""""","9.9","false","{breed social-friends}","0","""default""","""none""","0"
"{citizen 16}","{citizen 22}","[85 0 170 100]","""""","9.9","false","{breed social-friends}","0","""default""","""none""","0"
"{citizen 16}","{citizen 23}","[85 0 170 100]","""""","9.9","false","{breed social-friends}","0","""default""","""none""","0"
"{citizen 16}","{citizen 24}","[85 0 170 100]","""""","9.9","false","{breed social-friends}","0","""default""","""none""","0"
"{citizen 16}","{citizen 26}","[85 0 170 100]","""""","9.9","false","{breed social-friends}","0","""default""","""none""","0"
"{citizen 16}","{citizen 27}","[85 0 170 100]","""""","9.9","false","{breed social-friends}","0","""default""","""none""","0"
"{citizen 16}","{citizen 28}","[85 0 170 100]","""""","9.9","false","{breed social-friends}","0","""default""","""none""","0"
"{citizen 16}","{citizen 29}","[85 0 170 100]","""""","9.9","false","{breed social-friends}","0","""default""","""none""","0"
"{citizen 16}","{citizen 30}","[85 0 170 100]","""""","9.9","false","{breed social-friends}","0","""default""","""none""","0"
"{citizen 16}","{citizen 31}","[85 0 170 100]","""""","9.9","false","{breed social-friends}","0","""default""","""none""","0"
"{citizen 16}","{citizen 32}","[85 0 170 100]","""""","9.9","false","{breed social-friends}","0","""default""","""none""","0"
"{citizen 16}","{citizen 34}","[85 0 170 100]","""""","9.9","false","{breed social-friends}","0","""default""","""none""","0"
"{citizen 16}","{citizen 35}","[85 0 170 100]","""""","9.9","false","{breed social-friends}","0","""default""","""none""","0"
"{citizen 16}","{citizen 36}","[85 0 170 100]","""""","9.9","false","{breed social-friends}","0","""default""","""none""","0"
"{citizen 16}","{citizen 37}","[85 0 170 100]","""""","9.9","false","{breed social-friends}","0","""default""","""none""","0"
"{citizen 16}","{citizen 38}","[85 0 170 100]","""""","9.9","false","{breed social-friends}","0","""default""","""none""","0"
"{citizen 16}","{citizen 39}","[85 0 170 100]","""""","9.9","false","{breed social-friends}","0","""default""","""none""","0"
"{citizen 16}","{citizen 40}","[85 0 170 100]","""""","9.9","false","{breed social-friends}","0","""default""","""none""","0"
"{citizen 16}","{citizen 41}","[85 0 170 100]","""""","9.9","false","{breed social-friends}","0","""default""","""none""","0"
"{citizen 16}","{citizen 42}","[85 0 170 100]","""""","9.9","false","{breed social-friends}","0","""default""","""none""","0"
"{citizen 16}","{citizen 43}","[85 0 170 100]","""""","9.9","false","{breed social-friends}","0","""default""","""none""","0"
"{citizen 16}","{citizen 44}","[85 0 170 100]","""""","9.9","false","{breed social-friends}","0","""default""","""none""","0"
"{citizen 16}","{citizen 45}","[85 0 170 100]","""""","9.9","false","{breed social-friends}","0","""default""","""none""","0"
"{citizen 16}","{citizen 46}","[85 0 170 100]","""""","9.9","false","{breed social-friends}","0","""default""","""none""","0"
"{citizen 16}","{citizen 47}","[85 0 170 100]","""""","9.9","false","{breed social-friends}","0","""default""","""none""","0"
"{citizen 16}","{citizen 48}","[85 0 170 100]","""""","9.9","false","{breed social-friends}","0","""default""","""none""","0"
"{citizen 16}","{citizen 49}","[85 0 170 100]","""""","9.9","false","{breed social-friends}","0","""default""","""none""","0"
"{citizen 17}","{citizen 0}","[85 0 170 100]","""""","9.9","false","{breed social-friends}","0","""default""","""none""","0"
"{citizen 17}","{citizen 1}","[85 0 170 100]","""""","9.9","false","{breed social-friends}","0","""default""","""none""","0"
"{citizen 17}","{citizen 2}","[85 0 170 100]","""""","9.9","false","{breed social-friends}","0","""default""","""none""","0"
"{citizen 17}","{citizen 3}","[85 0 170 100]","""""","9.9","false","{breed social-friends}","0","""default""","""none""","0"
"{citizen 17}","{citizen 4}","[85 0 170 100]","""""","9.9","false","{breed social-friends}","0","""default""","""none""","0"
"{citizen 17}","{citizen 5}","[85 0 170 100]","""""","9.9","false","{breed social-friends}","0","""default""","""none""","0"
"{citizen 17}","{citizen 6}","[85 0 170 100]","""""","9.9","false","{breed social-friends}","0","""default""","""none""","0"
"{citizen 17}","{citizen 7}","[85 0 170 100]","""""","9.9","false","{breed social-friends}","0","""default""","""none""","0"
"{citizen 17}","{citizen 8}","[85 0 170 100]","""""","9.9","false","{breed social-friends}","0","""default""","""none""","0"
"{citizen 17}","{citizen 9}","[85 0 170 100]","""""","9.9","false","{breed social-friends}","0","""default""","""none""","0"
"{citizen 17}","{citizen 10}","[85 0 170 100]","""""","9.9","false","{breed social-friends}","0","""default""","""none""","0"
"{citizen 17}","{citizen 11}","[85 0 170 100]","""""","9.9","false","{breed social-friends}","0","""default""","""none""","0"
"{citizen 17}","{citizen 12}","[85 0 170 100]","""""","9.9","false","{breed social-friends}","0","""default""","""none""","0"
"{citizen 17}","{citizen 13}","[85 0 170 100]","""""","9.9","false","{breed social-friends}","0","""default""","""none""","0"
"{citizen 17}","{citizen 14}","[85 0 170 100]","""""","9.9","false","{breed social-friends}","0","""default""","""none""","0"
"{citizen 17}","{citizen 15}","[85 0 170 100]","""""","9.9","false","{breed social-friends}","0","""default""","""none""","0"
"{citizen 17}","{citizen 16}","[85 0 170 100]","""""","9.9","false","{breed social-friends}","0","""default""","""none""","0"
"{citizen 17}","{citizen 19}","[85 0 170 100]","""""","9.9","false","{breed social-friends}","0","""default""","""none""","0"
"{citizen 17}","{citizen 20}","[85 0 170 100]","""""","9.9","false","{breed social-friends}","0","""default""","""none""","0"
"{citizen 17}","{citizen 21}","[85 0 170 100]","""""","9.9","false","{breed social-friends}","0","""default""","""none""","0"
"{citizen 17}","{citizen 22}","[85 0 170 100]","""""","9.9","false","{breed social-friends}","0","""default""","""none""","0"
"{citizen 17}","{citizen 23}","[85 0 170 100]","""""","9.9","false","{breed social-friends}","0","""default""","""none""","0"
"{citizen 17}","{citizen 24}","[85 0 170 100]","""""","9.9","false","{breed social-friends}","0","""default""","""none""","0"
"{citizen 17}","{citizen 26}","[85 0 170 100]","""""","9.9","false","{breed social-friends}","0","""default""","""none""","0"
"{citizen 17}","{citizen 27}","[85 0 170 100]","""""","9.9","false","{breed social-friends}","0","""default""","""none""","0"
"{citizen 17}","{citizen 28}","[85 0 170 100]","""""","9.9","false","{breed social-friends}","0","""default""","""none""","0"
"{citizen 17}","{citizen 29}","[85 0 170 100]","""""","9.9","false","{breed social-friends}","0","""default""","""none""","0"
"{citizen 17}","{citizen 30}","[85 0 170 100]","""""","9.9","false","{breed social-friends}","0","""default""","""none""","0"
"{citizen 17}","{citizen 31}","[85 0 170 100]","""""","9.9","false","{breed social-friends}","0","""default""","""none""","0"
"{citizen 17}","{citizen 32}","[85 0 170 100]","""""","9.9","false","{breed social-friends}","0","""default""","""none""","0"
"{citizen 17}","{citizen 34}","[85 0 170 100]","""""","9.9","false","{breed social-friends}","0","""default""","""none""","0"
"{citizen 17}","{citizen 35}","[85 0 170 100]","""""","9.9","false","{breed social-friends}","0","""default""","""none""","0"
"{citizen 17}","{citizen 36}","[85 0 170 100]","""""","9.9","false","{breed social-friends}","0","""default""","""none""","0"
"{citizen 17}","{citizen 37}","[85 0 170 100]","""""","9.9","false","{breed social-friends}","0","""default""","""none""","0"
"{citizen 17}","{citizen 38}","[85 0 170 100]","""""","9.9","false","{breed social-friends}","0","""default""","""none""","0"
"{citizen 17}","{citizen 39}","[85 0 170 100]","""""","9.9","false","{breed social-friends}","0","""default""","""none""","0"
"{citizen 17}","{citizen 40}","[85 0 170 100]","""""","9.9","false","{breed social-friends}","0","""default""","""none""","0"
"{citizen 17}","{citizen 41}","[85 0 170 100]","""""","9.9","false","{breed social-friends}","0","""default""","""none""","0"
"{citizen 17}","{citizen 42}","[85 0 170 100]","""""","9.9","false","{breed social-friends}","0","""default""","""none""","0"
"{citizen 17}","{citizen 43}","[85 0 170 100]","""""","9.9","false","{breed social-friends}","0","""default""","""none""","0"
"{citizen 17}","{citizen 44}","[85 0 170 100]","""""","9.9","false","{breed social-friends}","0","""default""","""none""","0"
"{citizen 17}","{citizen 45}","[85 0 170 100]","""""","9.9","false","{breed social-friends}","0","""default""","""none""","0"
"{citizen 17}","{citizen 46}","[85 0 170 100]","""""","9.9","false","{breed social-friends}","0","""default""","""none""","0"
"{citizen 17}","{citizen 47}","[85 0 170 100]","""""","9.9","false","{breed social-friends}","0","""default""","""none""","0"
"{citizen 17}","{citizen 48}","[85 0 170 100]","""""","9.9","false","{breed social-friends}","0","""default""","""none""","0"
"{citizen 17}","{citizen 49}","[85 0 170 100]","""""","9.9","false","{breed social-friends}","0","""default""","""none""","0"
"{citizen 19}","{citizen 0}","[85 0 170 100]","""""","9.9","false","{breed social-friends}","0","""default""","""none""","0"
"{citizen 19}","{citizen 1}","[85 0 170 100]","""""","9.9","false","{breed social-friends}","0","""default""","""none""","0"
"{citizen 19}","{citizen 2}","[85 0 170 100]","""""","9.9","false","{breed social-friends}","0","""default""","""none""","0"
"{citizen 19}","{citizen 3}","[85 0 170 100]","""""","9.9","false","{breed social-friends}","0","""default""","""none""","0"
"{citizen 19}","{citizen 4}","[85 0 170 100]","""""","9.9","false","{breed social-friends}","0","""default""","""none""","0"
"{citizen 19}","{citizen 5}","[85 0 170 100]","""""","9.9","false","{breed social-friends}","0","""default""","""none""","0"
"{citizen 19}","{citizen 6}","[85 0 170 100]","""""","9.9","false","{breed social-friends}","0","""default""","""none""","0"
"{citizen 19}","{citizen 7}","[85 0 170 100]","""""","9.9","false","{breed social-friends}","0","""default""","""none""","0"
"{citizen 19}","{citizen 8}","[85 0 170 100]","""""","9.9","false","{breed social-friends}","0","""default""","""none""","0"
"{citizen 19}","{citizen 9}","[85 0 170 100]","""""","9.9","false","{breed social-friends}","0","""default""","""none""","0"
"{citizen 19}","{citizen 10}","[85 0 170 100]","""""","9.9","false","{breed social-friends}","0","""default""","""none""","0"
"{citizen 19}","{citizen 11}","[85 0 170 100]","""""","9.9","false","{breed social-friends}","0","""default""","""none""","0"
"{citizen 19}","{citizen 12}","[85 0 170 100]","""""","9.9","false","{breed social-friends}","0","""default""","""none""","0"
"{citizen 19}","{citizen 13}","[85 0 170 100]","""""","9.9","false","{breed social-friends}","0","""default""","""none""","0"
"{citizen 19}","{citizen 14}","[85 0 170 100]","""""","9.9","false","{breed social-friends}","0","""default""","""none""","0"
"{citizen 19}","{citizen 15}","[85 0 170 100]","""""","9.9","false","{breed social-friends}","0","""default""","""none""","0"
"{citizen 19}","{citizen 16}","[85 0 170 100]","""""","9.9","false","{breed social-friends}","0","""default""","""none""","0"
"{citizen 19}","{citizen 17}","[85 0 170 100]","""""","9.9","false","{breed social-friends}","0","""default""","""none""","0"
"{citizen 19}","{citizen 20}","[85 0 170 100]","""""","9.9","false","{breed social-friends}","0","""default""","""none""","0"
"{citizen 19}","{citizen 21}","[85 0 170 100]","""""","9.9","false","{breed social-friends}","0","""default""","""none""","0"
"{citizen 19}","{citizen 22}","[85 0 170 100]","""""","9.9","false","{breed social-friends}","0","""default""","""none""","0"
"{citizen 19}","{citizen 23}","[85 0 170 100]","""""","9.9","false","{breed social-friends}","0","""default""","""none""","0"
"{citizen 19}","{citizen 24}","[85 0 170 100]","""""","9.9","false","{breed social-friends}","0","""default""","""none""","0"
"{citizen 19}","{citizen 26}","[85 0 170 100]","""""","9.9","false","{breed social-friends}","0","""default""","""none""","0"
"{citizen 19}","{citizen 27}","[85 0 170 100]","""""","9.9","false","{breed social-friends}","0","""default""","""none""","0"
"{citizen 19}","{citizen 28}","[85 0 170 100]","""""","9.9","false","{breed social-friends}","0","""default""","""none""","0"
"{citizen 19}","{citizen 29}","[85 0 170 100]","""""","9.9","false","{breed social-friends}","0","""default""","""none""","0"
"{citizen 19}","{citizen 30}","[85 0 170 100]","""""","9.9","false","{breed social-friends}","0","""default""","""none""","0"
"{citizen 19}","{citizen 31}","[85 0 170 100]","""""","9.9","false","{breed social-friends}","0","""default""","""none""","0"
"{citizen 19}","{citizen 32}","[85 0 170 100]","""""","9.9","false","{breed social-friends}","0","""default""","""none""","0"
"{citizen 19}","{citizen 34}","[85 0 170 100]","""""","9.9","false","{breed social-friends}","0","""default""","""none""","0"
"{citizen 19}","{citizen 35}","[85 0 170 100]","""""","9.9","false","{breed social-friends}","0","""default""","""none""","0"
"{citizen 19}","{citizen 36}","[85 0 170 100]","""""","9.9","false","{breed social-friends}","0","""default""","""none""","0"
"{citizen 19}","{citizen 37}","[85 0 170 100]","""""","9.9","false","{breed social-friends}","0","""default""","""none""","0"
"{citizen 19}","{citizen 38}","[85 0 170 100]","""""","9.9","false","{breed social-friends}","0","""default""","""none""","0"
"{citizen 19}","{citizen 39}","[85 0 170 100]","""""","9.9","false","{breed social-friends}","0","""default""","""none""","0"
"{citizen 19}","{citizen 40}","[85 0 170 100]","""""","9.9","false","{breed social-friends}","0","""default""","""none""","0"
"{citizen 19}","{citizen 41}","[85 0 170 100]","""""","9.9","false","{breed social-friends}","0","""default""","""none""","0"
"{citizen 19}","{citizen 42}","[85 0 170 100]","""""","9.9","false","{breed social-friends}","0","""default""","""none""","0"
"{citizen 19}","{citizen 43}","[85 0 170 100]","""""","9.9","false","{breed social-friends}","0","""default""","""none""","0"
"{citizen 19}","{citizen 44}","[85 0 170 100]","""""","9.9","false","{breed social-friends}","0","""default""","""none""","0"
"{citizen 19}","{citizen 45}","[85 0 170 100]","""""","9.9","false","{breed social-friends}","0","""default""","""none""","0"
"{citizen 19}","{citizen 46}","[85 0 170 100]","""""","9.9","false","{breed social-friends}","0","""default""","""none""","0"
"{citizen 19}","{citizen 47}","[85 0 170 100]","""""","9.9","false","{breed social-friends}","0","""default""","""none""","0"
"{citizen 19}","{citizen 48}","[85 0 170 100]","""""","9.9","false","{breed social-friends}","0","""default""","""none""","0"
"{citizen 19}","{citizen 49}","[85 0 170 100]","""""","9.9","false","{breed social-friends}","0","""default""","""none""","0"
"{citizen 20}","{citizen 0}","[85 0 170 100]","""""","9.9","false","{breed social-friends}","0","""default""","""none""","0"
"{citizen 20}","{citizen 1}","[85 0 170 100]","""""","9.9","false","{breed social-friends}","0","""default""","""none""","0"
"{citizen 20}","{citizen 2}","[85 0 170 100]","""""","9.9","false","{breed social-friends}","0","""default""","""none""","0"
"{citizen 20}","{citizen 3}","[85 0 170 100]","""""","9.9","false","{breed social-friends}","0","""default""","""none""","0"
"{citizen 20}","{citizen 4}","[85 0 170 100]","""""","9.9","false","{breed social-friends}","0","""default""","""none""","0"
"{citizen 20}","{citizen 5}","[85 0 170 100]","""""","9.9","false","{breed social-friends}","0","""default""","""none""","0"
"{citizen 20}","{citizen 6}","[85 0 170 100]","""""","9.9","false","{breed social-friends}","0","""default""","""none""","0"
"{citizen 20}","{citizen 7}","[85 0 170 100]","""""","9.9","false","{breed social-friends}","0","""default""","""none""","0"
"{citizen 20}","{citizen 8}","[85 0 170 100]","""""","9.9","false","{breed social-friends}","0","""default""","""none""","0"
"{citizen 20}","{citizen 9}","[85 0 170 100]","""""","9.9","false","{breed social-friends}","0","""default""","""none""","0"
"{citizen 20}","{citizen 10}","[85 0 170 100]","""""","9.9","false","{breed social-friends}","0","""default""","""none""","0"
"{citizen 20}","{citizen 11}","[85 0 170 100]","""""","9.9","false","{breed social-friends}","0","""default""","""none""","0"
"{citizen 20}","{citizen 12}","[85 0 170 100]","""""","9.9","false","{breed social-friends}","0","""default""","""none""","0"
"{citizen 20}","{citizen 13}","[85 0 170 100]","""""","9.9","false","{breed social-friends}","0","""default""","""none""","0"
"{citizen 20}","{citizen 14}","[85 0 170 100]","""""","9.9","false","{breed social-friends}","0","""default""","""none""","0"
"{citizen 20}","{citizen 15}","[85 0 170 100]","""""","9.9","false","{breed social-friends}","0","""default""","""none""","0"
"{citizen 20}","{citizen 16}","[85 0 170 100]","""""","9.9","false","{breed social-friends}","0","""default""","""none""","0"
"{citizen 20}","{citizen 17}","[85 0 170 100]","""""","9.9","false","{breed social-friends}","0","""default""","""none""","0"
"{citizen 20}","{citizen 19}","[85 0 170 100]","""""","9.9","false","{breed social-friends}","0","""default""","""none""","0"
"{citizen 20}","{citizen 21}","[85 0 170 100]","""""","9.9","false","{breed social-friends}","0","""default""","""none""","0"
"{citizen 20}","{citizen 22}","[85 0 170 100]","""""","9.9","false","{breed social-friends}","0","""default""","""none""","0"
"{citizen 20}","{citizen 23}","[85 0 170 100]","""""","9.9","false","{breed social-friends}","0","""default""","""none""","0"
"{citizen 20}","{citizen 24}","[85 0 170 100]","""""","9.9","false","{breed social-friends}","0","""default""","""none""","0"
"{citizen 20}","{citizen 26}","[85 0 170 100]","""""","9.9","false","{breed social-friends}","0","""default""","""none""","0"
"{citizen 20}","{citizen 27}","[85 0 170 100]","""""","9.9","false","{breed social-friends}","0","""default""","""none""","0"
"{citizen 20}","{citizen 28}","[85 0 170 100]","""""","9.9","false","{breed social-friends}","0","""default""","""none""","0"
"{citizen 20}","{citizen 29}","[85 0 170 100]","""""","9.9","false","{breed social-friends}","0","""default""","""none""","0"
"{citizen 20}","{citizen 30}","[85 0 170 100]","""""","9.9","false","{breed social-friends}","0","""default""","""none""","0"
"{citizen 20}","{citizen 31}","[85 0 170 100]","""""","9.9","false","{breed social-friends}","0","""default""","""none""","0"
"{citizen 20}","{citizen 32}","[85 0 170 100]","""""","9.9","false","{breed social-friends}","0","""default""","""none""","0"
"{citizen 20}","{citizen 34}","[85 0 170 100]","""""","9.9","false","{breed social-friends}","0","""default""","""none""","0"
"{citizen 20}","{citizen 35}","[85 0 170 100]","""""","9.9","false","{breed social-friends}","0","""default""","""none""","0"
"{citizen 20}","{citizen 36}","[85 0 170 100]","""""","9.9","false","{breed social-friends}","0","""default""","""none""","0"
"{citizen 20}","{citizen 37}","[85 0 170 100]","""""","9.9","false","{breed social-friends}","0","""default""","""none""","0"
"{citizen 20}","{citizen 38}","[85 0 170 100]","""""","9.9","false","{breed social-friends}","0","""default""","""none""","0"
"{citizen 20}","{citizen 39}","[85 0 170 100]","""""","9.9","false","{breed social-friends}","0","""default""","""none""","0"
"{citizen 20}","{citizen 40}","[85 0 170 100]","""""","9.9","false","{breed social-friends}","0","""default""","""none""","0"
"{citizen 20}","{citizen 41}","[85 0 170 100]","""""","9.9","false","{breed social-friends}","0","""default""","""none""","0"
"{citizen 20}","{citizen 42}","[85 0 170 100]","""""","9.9","false","{breed social-friends}","0","""default""","""none""","0"
"{citizen 20}","{citizen 43}","[85 0 170 100]","""""","9.9","false","{breed social-friends}","0","""default""","""none""","0"
"{citizen 20}","{citizen 44}","[85 0 170 100]","""""","9.9","false","{breed social-friends}","0","""default""","""none""","0"
"{citizen 20}","{citizen 45}","[85 0 170 100]","""""","9.9","false","{breed social-friends}","0","""default""","""none""","0"
"{citizen 20}","{citizen 46}","[85 0 170 100]","""""","9.9","false","{breed social-friends}","0","""default""","""none""","0"
"{citizen 20}","{citizen 47}","[85 0 170 100]","""""","9.9","false","{breed social-friends}","0","""default""","""none""","0"
"{citizen 20}","{citizen 48}","[85 0 170 100]","""""","9.9","false","{breed social-friends}","0","""default""","""none""","0"
"{citizen 20}","{citizen 49}","[85 0 170 100]","""""","9.9","false","{breed social-friends}","0","""default""","""none""","0"
"{citizen 21}","{citizen 0}","[85 0 170 100]","""""","9.9","false","{breed social-friends}","0","""default""","""none""","0"
"{citizen 21}","{citizen 1}","[85 0 170 100]","""""","9.9","false","{breed social-friends}","0","""default""","""none""","0"
"{citizen 21}","{citizen 2}","[85 0 170 100]","""""","9.9","false","{breed social-friends}","0","""default""","""none""","0"
"{citizen 21}","{citizen 3}","[85 0 170 100]","""""","9.9","false","{breed social-friends}","0","""default""","""none""","0"
"{citizen 21}","{citizen 4}","[85 0 170 100]","""""","9.9","false","{breed social-friends}","0","""default""","""none""","0"
"{citizen 21}","{citizen 5}","[85 0 170 100]","""""","9.9","false","{breed social-friends}","0","""default""","""none""","0"
"{citizen 21}","{citizen 6}","[85 0 170 100]","""""","9.9","false","{breed social-friends}","0","""default""","""none""","0"
"{citizen 21}","{citizen 7}","[85 0 170 100]","""""","9.9","false","{breed social-friends}","0","""default""","""none""","0"
"{citizen 21}","{citizen 8}","[85 0 170 100]","""""","9.9","false","{breed social-friends}","0","""default""","""none""","0"
"{citizen 21}","{citizen 9}","[85 0 170 100]","""""","9.9","false","{breed social-friends}","0","""default""","""none""","0"
"{citizen 21}","{citizen 10}","[85 0 170 100]","""""","9.9","false","{breed social-friends}","0","""default""","""none""","0"
"{citizen 21}","{citizen 11}","[85 0 170 100]","""""","9.9","false","{breed social-friends}","0","""default""","""none""","0"
"{citizen 21}","{citizen 12}","[85 0 170 100]","""""","9.9","false","{breed social-friends}","0","""default""","""none""","0"
"{citizen 21}","{citizen 13}","[85 0 170 100]","""""","9.9","false","{breed social-friends}","0","""default""","""none""","0"
"{citizen 21}","{citizen 14}","[85 0 170 100]","""""","9.9","false","{breed social-friends}","0","""default""","""none""","0"
"{citizen 21}","{citizen 15}","[85 0 170 100]","""""","9.9","false","{breed social-friends}","0","""default""","""none""","0"
"{citizen 21}","{citizen 16}","[85 0 170 100]","""""","9.9","false","{breed social-friends}","0","""default""","""none""","0"
"{citizen 21}","{citizen 17}","[85 0 170 100]","""""","9.9","false","{breed social-friends}","0","""default""","""none""","0"
"{citizen 21}","{citizen 19}","[85 0 170 100]","""""","9.9","false","{breed social-friends}","0","""default""","""none""","0"
"{citizen 21}","{citizen 20}","[85 0 170 100]","""""","9.9","false","{breed social-friends}","0","""default""","""none""","0"
"{citizen 21}","{citizen 22}","[85 0 170 100]","""""","9.9","false","{breed social-friends}","0","""default""","""none""","0"
"{citizen 21}","{citizen 23}","[85 0 170 100]","""""","9.9","false","{breed social-friends}","0","""default""","""none""","0"
"{citizen 21}","{citizen 24}","[85 0 170 100]","""""","9.9","false","{breed social-friends}","0","""default""","""none""","0"
"{citizen 21}","{citizen 26}","[85 0 170 100]","""""","9.9","false","{breed social-friends}","0","""default""","""none""","0"
"{citizen 21}","{citizen 27}","[85 0 170 100]","""""","9.9","false","{breed social-friends}","0","""default""","""none""","0"
"{citizen 21}","{citizen 28}","[85 0 170 100]","""""","9.9","false","{breed social-friends}","0","""default""","""none""","0"
"{citizen 21}","{citizen 29}","[85 0 170 100]","""""","9.9","false","{breed social-friends}","0","""default""","""none""","0"
"{citizen 21}","{citizen 30}","[85 0 170 100]","""""","9.9","false","{breed social-friends}","0","""default""","""none""","0"
"{citizen 21}","{citizen 31}","[85 0 170 100]","""""","9.9","false","{breed social-friends}","0","""default""","""none""","0"
"{citizen 21}","{citizen 32}","[85 0 170 100]","""""","9.9","false","{breed social-friends}","0","""default""","""none""","0"
"{citizen 21}","{citizen 34}","[85 0 170 100]","""""","9.9","false","{breed social-friends}","0","""default""","""none""","0"
"{citizen 21}","{citizen 35}","[85 0 170 100]","""""","9.9","false","{breed social-friends}","0","""default""","""none""","0"
"{citizen 21}","{citizen 36}","[85 0 170 100]","""""","9.9","false","{breed social-friends}","0","""default""","""none""","0"
"{citizen 21}","{citizen 37}","[85 0 170 100]","""""","9.9","false","{breed social-friends}","0","""default""","""none""","0"
"{citizen 21}","{citizen 38}","[85 0 170 100]","""""","9.9","false","{breed social-friends}","0","""default""","""none""","0"
"{citizen 21}","{citizen 39}","[85 0 170 100]","""""","9.9","false","{breed social-friends}","0","""default""","""none""","0"
"{citizen 21}","{citizen 40}","[85 0 170 100]","""""","9.9","false","{breed social-friends}","0","""default""","""none""","0"
"{citizen 21}","{citizen 41}","[85 0 170 100]","""""","9.9","false","{breed social-friends}","0","""default""","""none""","0"
"{citizen 21}","{citizen 42}","[85 0 170 100]","""""","9.9","false","{breed social-friends}","0","""default""","""none""","0"
"{citizen 21}","{citizen 43}","[85 0 170 100]","""""","9.9","false","{breed social-friends}","0","""default""","""none""","0"
"{citizen 21}","{citizen 44}","[85 0 170 100]","""""","9.9","false","{breed social-friends}","0","""default""","""none""","0"
"{citizen 21}","{citizen 45}","[85 0 170 100]","""""","9.9","false","{breed social-friends}","0","""default""","""none""","0"
"{citizen 21}","{citizen 46}","[85 0 170 100]","""""","9.9","false","{breed social-friends}","0","""default""","""none""","0"
"{citizen 21}","{citizen 47}","[85 0 170 100]","""""","9.9","false","{breed social-friends}","0","""default""","""none""","0"
"{citizen 21}","{citizen 48}","[85 0 170 100]","""""","9.9","false","{breed social-friends}","0","""default""","""none""","0"
"{citizen 21}","{citizen 49}","[85 0 170 100]","""""","9.9","false","{breed social-friends}","0","""default""","""none""","0"
"{citizen 22}","{citizen 0}","[85 0 170 100]","""""","9.9","false","{breed social-friends}","0","""default""","""none""","0"
"{citizen 22}","{citizen 1}","[85 0 170 100]","""""","9.9","false","{breed social-friends}","0","""default""","""none""","0"
"{citizen 22}","{citizen 2}","[85 0 170 100]","""""","9.9","false","{breed social-friends}","0","""default""","""none""","0"
"{citizen 22}","{citizen 3}","[85 0 170 100]","""""","9.9","false","{breed social-friends}","0","""default""","""none""","0"
"{citizen 22}","{citizen 4}","[85 0 170 100]","""""","9.9","false","{breed social-friends}","0","""default""","""none""","0"
"{citizen 22}","{citizen 5}","[85 0 170 100]","""""","9.9","false","{breed social-friends}","0","""default""","""none""","0"
"{citizen 22}","{citizen 6}","[85 0 170 100]","""""","9.9","false","{breed social-friends}","0","""default""","""none""","0"
"{citizen 22}","{citizen 7}","[85 0 170 100]","""""","9.9","false","{breed social-friends}","0","""default""","""none""","0"
"{citizen 22}","{citizen 8}","[85 0 170 100]","""""","9.9","false","{breed social-friends}","0","""default""","""none""","0"
"{citizen 22}","{citizen 9}","[85 0 170 100]","""""","9.9","false","{breed social-friends}","0","""default""","""none""","0"
"{citizen 22}","{citizen 10}","[85 0 170 100]","""""","9.9","false","{breed social-friends}","0","""default""","""none""","0"
"{citizen 22}","{citizen 11}","[85 0 170 100]","""""","9.9","false","{breed social-friends}","0","""default""","""none""","0"
"{citizen 22}","{citizen 12}","[85 0 170 100]","""""","9.9","false","{breed social-friends}","0","""default""","""none""","0"
"{citizen 22}","{citizen 13}","[85 0 170 100]","""""","9.9","false","{breed social-friends}","0","""default""","""none""","0"
"{citizen 22}","{citizen 14}","[85 0 170 100]","""""","9.9","false","{breed social-friends}","0","""default""","""none""","0"
"{citizen 22}","{citizen 15}","[85 0 170 100]","""""","9.9","false","{breed social-friends}","0","""default""","""none""","0"
"{citizen 22}","{citizen 16}","[85 0 170 100]","""""","9.9","false","{breed social-friends}","0","""default""","""none""","0"
"{citizen 22}","{citizen 17}","[85 0 170 100]","""""","9.9","false","{breed social-friends}","0","""default""","""none""","0"
"{citizen 22}","{citizen 19}","[85 0 170 100]","""""","9.9","false","{breed social-friends}","0","""default""","""none""","0"
"{citizen 22}","{citizen 20}","[85 0 170 100]","""""","9.9","false","{breed social-friends}","0","""default""","""none""","0"
"{citizen 22}","{citizen 21}","[85 0 170 100]","""""","9.9","false","{breed social-friends}","0","""default""","""none""","0"
"{citizen 22}","{citizen 23}","[85 0 170 100]","""""","9.9","false","{breed social-friends}","0","""default""","""none""","0"
"{citizen 22}","{citizen 24}","[85 0 170 100]","""""","9.9","false","{breed social-friends}","0","""default""","""none""","0"
"{citizen 22}","{citizen 26}","[85 0 170 100]","""""","9.9","false","{breed social-friends}","0","""default""","""none""","0"
"{citizen 22}","{citizen 27}","[85 0 170 100]","""""","9.9","false","{breed social-friends}","0","""default""","""none""","0"
"{citizen 22}","{citizen 28}","[85 0 170 100]","""""","9.9","false","{breed social-friends}","0","""default""","""none""","0"
"{citizen 22}","{citizen 29}","[85 0 170 100]","""""","9.9","false","{breed social-friends}","0","""default""","""none""","0"
"{citizen 22}","{citizen 30}","[85 0 170 100]","""""","9.9","false","{breed social-friends}","0","""default""","""none""","0"
"{citizen 22}","{citizen 31}","[85 0 170 100]","""""","9.9","false","{breed social-friends}","0","""default""","""none""","0"
"{citizen 22}","{citizen 32}","[85 0 170 100]","""""","9.9","false","{breed social-friends}","0","""default""","""none""","0"
"{citizen 22}","{citizen 34}","[85 0 170 100]","""""","9.9","false","{breed social-friends}","0","""default""","""none""","0"
"{citizen 22}","{citizen 35}","[85 0 170 100]","""""","9.9","false","{breed social-friends}","0","""default""","""none""","0"
"{citizen 22}","{citizen 36}","[85 0 170 100]","""""","9.9","false","{breed social-friends}","0","""default""","""none""","0"
"{citizen 22}","{citizen 37}","[85 0 170 100]","""""","9.9","false","{breed social-friends}","0","""default""","""none""","0"
"{citizen 22}","{citizen 38}","[85 0 170 100]","""""","9.9","false","{breed social-friends}","0","""default""","""none""","0"
"{citizen 22}","{citizen 39}","[85 0 170 100]","""""","9.9","false","{breed social-friends}","0","""default""","""none""","0"
"{citizen 22}","{citizen 40}","[85 0 170 100]","""""","9.9","false","{breed social-friends}","0","""default""","""none""","0"
"{citizen 22}","{citizen 41}","[85 0 170 100]","""""","9.9","false","{breed social-friends}","0","""default""","""none""","0"
"{citizen 22}","{citizen 42}","[85 0 170 100]","""""","9.9","false","{breed social-friends}","0","""default""","""none""","0"
"{citizen 22}","{citizen 43}","[85 0 170 100]","""""","9.9","false","{breed social-friends}","0","""default""","""none""","0"
"{citizen 22}","{citizen 44}","[85 0 170 100]","""""","9.9","false","{breed social-friends}","0","""default""","""none""","0"
"{citizen 22}","{citizen 45}","[85 0 170 100]","""""","9.9","false","{breed social-friends}","0","""default""","""none""","0"
"{citizen 22}","{citizen 46}","[85 0 170 100]","""""","9.9","false","{breed social-friends}","0","""default""","""none""","0"
"{citizen 22}","{citizen 47}","[85 0 170 100]","""""","9.9","false","{breed social-friends}","0","""default""","""none""","0"
"{citizen 22}","{citizen 48}","[85 0 170 100]","""""","9.9","false","{breed social-friends}","0","""default""","""none""","0"
"{citizen 22}","{citizen 49}","[85 0 170 100]","""""","9.9","false","{breed social-friends}","0","""default""","""none""","0"
"{citizen 23}","{citizen 0}","[85 0 170 100]","""""","9.9","false","{breed social-friends}","0","""default""","""none""","0"
"{citizen 23}","{citizen 1}","[85 0 170 100]","""""","9.9","false","{breed social-friends}","0","""default""","""none""","0"
"{citizen 23}","{citizen 2}","[85 0 170 100]","""""","9.9","false","{breed social-friends}","0","""default""","""none""","0"
"{citizen 23}","{citizen 3}","[85 0 170 100]","""""","9.9","false","{breed social-friends}","0","""default""","""none""","0"
"{citizen 23}","{citizen 4}","[85 0 170 100]","""""","9.9","false","{breed social-friends}","0","""default""","""none""","0"
"{citizen 23}","{citizen 5}","[85 0 170 100]","""""","9.9","false","{breed social-friends}","0","""default""","""none""","0"
"{citizen 23}","{citizen 6}","[85 0 170 100]","""""","9.9","false","{breed social-friends}","0","""default""","""none""","0"
"{citizen 23}","{citizen 7}","[85 0 170 100]","""""","9.9","false","{breed social-friends}","0","""default""","""none""","0"
"{citizen 23}","{citizen 8}","[85 0 170 100]","""""","9.9","false","{breed social-friends}","0","""default""","""none""","0"
"{citizen 23}","{citizen 9}","[85 0 170 100]","""""","9.9","false","{breed social-friends}","0","""default""","""none""","0"
"{citizen 23}","{citizen 10}","[85 0 170 100]","""""","9.9","false","{breed social-friends}","0","""default""","""none""","0"
"{citizen 23}","{citizen 11}","[85 0 170 100]","""""","9.9","false","{breed social-friends}","0","""default""","""none""","0"
"{citizen 23}","{citizen 12}","[85 0 170 100]","""""","9.9","false","{breed social-friends}","0","""default""","""none""","0"
"{citizen 23}","{citizen 13}","[85 0 170 100]","""""","9.9","false","{breed social-friends}","0","""default""","""none""","0"
"{citizen 23}","{citizen 14}","[85 0 170 100]","""""","9.9","false","{breed social-friends}","0","""default""","""none""","0"
"{citizen 23}","{citizen 15}","[85 0 170 100]","""""","9.9","false","{breed social-friends}","0","""default""","""none""","0"
"{citizen 23}","{citizen 16}","[85 0 170 100]","""""","9.9","false","{breed social-friends}","0","""default""","""none""","0"
"{citizen 23}","{citizen 17}","[85 0 170 100]","""""","9.9","false","{breed social-friends}","0","""default""","""none""","0"
"{citizen 23}","{citizen 19}","[85 0 170 100]","""""","9.9","false","{breed social-friends}","0","""default""","""none""","0"
"{citizen 23}","{citizen 20}","[85 0 170 100]","""""","9.9","false","{breed social-friends}","0","""default""","""none""","0"
"{citizen 23}","{citizen 21}","[85 0 170 100]","""""","9.9","false","{breed social-friends}","0","""default""","""none""","0"
"{citizen 23}","{citizen 22}","[85 0 170 100]","""""","9.9","false","{breed social-friends}","0","""default""","""none""","0"
"{citizen 23}","{citizen 24}","[85 0 170 100]","""""","9.9","false","{breed social-friends}","0","""default""","""none""","0"
"{citizen 23}","{citizen 26}","[85 0 170 100]","""""","9.9","false","{breed social-friends}","0","""default""","""none""","0"
"{citizen 23}","{citizen 27}","[85 0 170 100]","""""","9.9","false","{breed social-friends}","0","""default""","""none""","0"
"{citizen 23}","{citizen 28}","[85 0 170 100]","""""","9.9","false","{breed social-friends}","0","""default""","""none""","0"
"{citizen 23}","{citizen 29}","[85 0 170 100]","""""","9.9","false","{breed social-friends}","0","""default""","""none""","0"
"{citizen 23}","{citizen 30}","[85 0 170 100]","""""","9.9","false","{breed social-friends}","0","""default""","""none""","0"
"{citizen 23}","{citizen 31}","[85 0 170 100]","""""","9.9","false","{breed social-friends}","0","""default""","""none""","0"
"{citizen 23}","{citizen 32}","[85 0 170 100]","""""","9.9","false","{breed social-friends}","0","""default""","""none""","0"
"{citizen 23}","{citizen 34}","[85 0 170 100]","""""","9.9","false","{breed social-friends}","0","""default""","""none""","0"
"{citizen 23}","{citizen 35}","[85 0 170 100]","""""","9.9","false","{breed social-friends}","0","""default""","""none""","0"
"{citizen 23}","{citizen 36}","[85 0 170 100]","""""","9.9","false","{breed social-friends}","0","""default""","""none""","0"
"{citizen 23}","{citizen 37}","[85 0 170 100]","""""","9.9","false","{breed social-friends}","0","""default""","""none""","0"
"{citizen 23}","{citizen 38}","[85 0 170 100]","""""","9.9","false","{breed social-friends}","0","""default""","""none""","0"
"{citizen 23}","{citizen 39}","[85 0 170 100]","""""","9.9","false","{breed social-friends}","0","""default""","""none""","0"
"{citizen 23}","{citizen 40}","[85 0 170 100]","""""","9.9","false","{breed social-friends}","0","""default""","""none""","0"
"{citizen 23}","{citizen 41}","[85 0 170 100]","""""","9.9","false","{breed social-friends}","0","""default""","""none""","0"
"{citizen 23}","{citizen 42}","[85 0 170 100]","""""","9.9","false","{breed social-friends}","0","""default""","""none""","0"
"{citizen 23}","{citizen 43}","[85 0 170 100]","""""","9.9","false","{breed social-friends}","0","""default""","""none""","0"
"{citizen 23}","{citizen 44}","[85 0 170 100]","""""","9.9","false","{breed social-friends}","0","""default""","""none""","0"
"{citizen 23}","{citizen 45}","[85 0 170 100]","""""","9.9","false","{breed social-friends}","0","""default""","""none""","0"
"{citizen 23}","{citizen 46}","[85 0 170 100]","""""","9.9","false","{breed social-friends}","0","""default""","""none""","0"
"{citizen 23}","{citizen 47}","[85 0 170 100]","""""","9.9","false","{breed social-friends}","0","""default""","""none""","0"
"{citizen 23}","{citizen 48}","[85 0 170 100]","""""","9.9","false","{breed social-friends}","0","""default""","""none""","0"
"{citizen 23}","{citizen 49}","[85 0 170 100]","""""","9.9","false","{breed social-friends}","0","""default""","""none""","0"
"{citizen 24}","{citizen 0}","[85 0 170 100]","""""","9.9","false","{breed social-friends}","0","""default""","""none""","0"
"{citizen 24}","{citizen 1}","[85 0 170 100]","""""","9.9","false","{breed social-friends}","0","""default""","""none""","0"
"{citizen 24}","{citizen 2}","[85 0 170 100]","""""","9.9","false","{breed social-friends}","0","""default""","""none""","0"
"{citizen 24}","{citizen 3}","[85 0 170 100]","""""","9.9","false","{breed social-friends}","0","""default""","""none""","0"
"{citizen 24}","{citizen 4}","[85 0 170 100]","""""","9.9","false","{breed social-friends}","0","""default""","""none""","0"
"{citizen 24}","{citizen 5}","[85 0 170 100]","""""","9.9","false","{breed social-friends}","0","""default""","""none""","0"
"{citizen 24}","{citizen 6}","[85 0 170 100]","""""","9.9","false","{breed social-friends}","0","""default""","""none""","0"
"{citizen 24}","{citizen 7}","[85 0 170 100]","""""","9.9","false","{breed social-friends}","0","""default""","""none""","0"
"{citizen 24}","{citizen 8}","[85 0 170 100]","""""","9.9","false","{breed social-friends}","0","""default""","""none""","0"
"{citizen 24}","{citizen 9}","[85 0 170 100]","""""","9.9","false","{breed social-friends}","0","""default""","""none""","0"
"{citizen 24}","{citizen 10}","[85 0 170 100]","""""","9.9","false","{breed social-friends}","0","""default""","""none""","0"
"{citizen 24}","{citizen 11}","[85 0 170 100]","""""","9.9","false","{breed social-friends}","0","""default""","""none""","0"
"{citizen 24}","{citizen 12}","[85 0 170 100]","""""","9.9","false","{breed social-friends}","0","""default""","""none""","0"
"{citizen 24}","{citizen 13}","[85 0 170 100]","""""","9.9","false","{breed social-friends}","0","""default""","""none""","0"
"{citizen 24}","{citizen 14}","[85 0 170 100]","""""","9.9","false","{breed social-friends}","0","""default""","""none""","0"
"{citizen 24}","{citizen 15}","[85 0 170 100]","""""","9.9","false","{breed social-friends}","0","""default""","""none""","0"
"{citizen 24}","{citizen 16}","[85 0 170 100]","""""","9.9","false","{breed social-friends}","0","""default""","""none""","0"
"{citizen 24}","{citizen 17}","[85 0 170 100]","""""","9.9","false","{breed social-friends}","0","""default""","""none""","0"
"{citizen 24}","{citizen 19}","[85 0 170 100]","""""","9.9","false","{breed social-friends}","0","""default""","""none""","0"
"{citizen 24}","{citizen 20}","[85 0 170 100]","""""","9.9","false","{breed social-friends}","0","""default""","""none""","0"
"{citizen 24}","{citizen 21}","[85 0 170 100]","""""","9.9","false","{breed social-friends}","0","""default""","""none""","0"
"{citizen 24}","{citizen 22}","[85 0 170 100]","""""","9.9","false","{breed social-friends}","0","""default""","""none""","0"
"{citizen 24}","{citizen 23}","[85 0 170 100]","""""","9.9","false","{breed social-friends}","0","""default""","""none""","0"
"{citizen 24}","{citizen 26}","[85 0 170 100]","""""","9.9","false","{breed social-friends}","0","""default""","""none""","0"
"{citizen 24}","{citizen 27}","[85 0 170 100]","""""","9.9","false","{breed social-friends}","0","""default""","""none""","0"
"{citizen 24}","{citizen 28}","[85 0 170 100]","""""","9.9","false","{breed social-friends}","0","""default""","""none""","0"
"{citizen 24}","{citizen 29}","[85 0 170 100]","""""","9.9","false","{breed social-friends}","0","""default""","""none""","0"
"{citizen 24}","{citizen 30}","[85 0 170 100]","""""","9.9","false","{breed social-friends}","0","""default""","""none""","0"
"{citizen 24}","{citizen 31}","[85 0 170 100]","""""","9.9","false","{breed social-friends}","0","""default""","""none""","0"
"{citizen 24}","{citizen 32}","[85 0 170 100]","""""","9.9","false","{breed social-friends}","0","""default""","""none""","0"
"{citizen 24}","{citizen 34}","[85 0 170 100]","""""","9.9","false","{breed social-friends}","0","""default""","""none""","0"
"{citizen 24}","{citizen 35}","[85 0 170 100]","""""","9.9","false","{breed social-friends}","0","""default""","""none""","0"
"{citizen 24}","{citizen 36}","[85 0 170 100]","""""","9.9","false","{breed social-friends}","0","""default""","""none""","0"
"{citizen 24}","{citizen 37}","[85 0 170 100]","""""","9.9","false","{breed social-friends}","0","""default""","""none""","0"
"{citizen 24}","{citizen 38}","[85 0 170 100]","""""","9.9","false","{breed social-friends}","0","""default""","""none""","0"
"{citizen 24}","{citizen 39}","[85 0 170 100]","""""","9.9","false","{breed social-friends}","0","""default""","""none""","0"
"{citizen 24}","{citizen 40}","[85 0 170 100]","""""","9.9","false","{breed social-friends}","0","""default""","""none""","0"
"{citizen 24}","{citizen 41}","[85 0 170 100]","""""","9.9","false","{breed social-friends}","0","""default""","""none""","0"
"{citizen 24}","{citizen 42}","[85 0 170 100]","""""","9.9","false","{breed social-friends}","0","""default""","""none""","0"
"{citizen 24}","{citizen 43}","[85 0 170 100]","""""","9.9","false","{breed social-friends}","0","""default""","""none""","0"
"{citizen 24}","{citizen 44}","[85 0 170 100]","""""","9.9","false","{breed social-friends}","0","""default""","""none""","0"
"{citizen 24}","{citizen 45}","[85 0 170 100]","""""","9.9","false","{breed social-friends}","0","""default""","""none""","0"
"{citizen 24}","{citizen 46}","[85 0 170 100]","""""","9.9","false","{breed social-friends}","0","""default""","""none""","0"
"{citizen 24}","{citizen 47}","[85 0 170 100]","""""","9.9","false","{breed social-friends}","0","""default""","""none""","0"
"{citizen 24}","{citizen 48}","[85 0 170 100]","""""","9.9","false","{breed social-friends}","0","""default""","""none""","0"
"{citizen 24}","{citizen 49}","[85 0 170 100]","""""","9.9","false","{breed social-friends}","0","""default""","""none""","0"
"{citizen 26}","{citizen 0}","[85 0 170 100]","""""","9.9","false","{breed social-friends}","0","""default""","""none""","0"
"{citizen 26}","{citizen 1}","[85 0 170 100]","""""","9.9","false","{breed social-friends}","0","""default""","""none""","0"
"{citizen 26}","{citizen 2}","[85 0 170 100]","""""","9.9","false","{breed social-friends}","0","""default""","""none""","0"
"{citizen 26}","{citizen 3}","[85 0 170 100]","""""","9.9","false","{breed social-friends}","0","""default""","""none""","0"
"{citizen 26}","{citizen 4}","[85 0 170 100]","""""","9.9","false","{breed social-friends}","0","""default""","""none""","0"
"{citizen 26}","{citizen 5}","[85 0 170 100]","""""","9.9","false","{breed social-friends}","0","""default""","""none""","0"
"{citizen 26}","{citizen 6}","[85 0 170 100]","""""","9.9","false","{breed social-friends}","0","""default""","""none""","0"
"{citizen 26}","{citizen 7}","[85 0 170 100]","""""","9.9","false","{breed social-friends}","0","""default""","""none""","0"
"{citizen 26}","{citizen 8}","[85 0 170 100]","""""","9.9","false","{breed social-friends}","0","""default""","""none""","0"
"{citizen 26}","{citizen 9}","[85 0 170 100]","""""","9.9","false","{breed social-friends}","0","""default""","""none""","0"
"{citizen 26}","{citizen 10}","[85 0 170 100]","""""","9.9","false","{breed social-friends}","0","""default""","""none""","0"
"{citizen 26}","{citizen 11}","[85 0 170 100]","""""","9.9","false","{breed social-friends}","0","""default""","""none""","0"
"{citizen 26}","{citizen 12}","[85 0 170 100]","""""","9.9","false","{breed social-friends}","0","""default""","""none""","0"
"{citizen 26}","{citizen 13}","[85 0 170 100]","""""","9.9","false","{breed social-friends}","0","""default""","""none""","0"
"{citizen 26}","{citizen 14}","[85 0 170 100]","""""","9.9","false","{breed social-friends}","0","""default""","""none""","0"
"{citizen 26}","{citizen 15}","[85 0 170 100]","""""","9.9","false","{breed social-friends}","0","""default""","""none""","0"
"{citizen 26}","{citizen 16}","[85 0 170 100]","""""","9.9","false","{breed social-friends}","0","""default""","""none""","0"
"{citizen 26}","{citizen 17}","[85 0 170 100]","""""","9.9","false","{breed social-friends}","0","""default""","""none""","0"
"{citizen 26}","{citizen 19}","[85 0 170 100]","""""","9.9","false","{breed social-friends}","0","""default""","""none""","0"
"{citizen 26}","{citizen 20}","[85 0 170 100]","""""","9.9","false","{breed social-friends}","0","""default""","""none""","0"
"{citizen 26}","{citizen 21}","[85 0 170 100]","""""","9.9","false","{breed social-friends}","0","""default""","""none""","0"
"{citizen 26}","{citizen 22}","[85 0 170 100]","""""","9.9","false","{breed social-friends}","0","""default""","""none""","0"
"{citizen 26}","{citizen 23}","[85 0 170 100]","""""","9.9","false","{breed social-friends}","0","""default""","""none""","0"
"{citizen 26}","{citizen 24}","[85 0 170 100]","""""","9.9","false","{breed social-friends}","0","""default""","""none""","0"
"{citizen 26}","{citizen 27}","[85 0 170 100]","""""","9.9","false","{breed social-friends}","0","""default""","""none""","0"
"{citizen 26}","{citizen 28}","[85 0 170 100]","""""","9.9","false","{breed social-friends}","0","""default""","""none""","0"
"{citizen 26}","{citizen 29}","[85 0 170 100]","""""","9.9","false","{breed social-friends}","0","""default""","""none""","0"
"{citizen 26}","{citizen 30}","[85 0 170 100]","""""","9.9","false","{breed social-friends}","0","""default""","""none""","0"
"{citizen 26}","{citizen 31}","[85 0 170 100]","""""","9.9","false","{breed social-friends}","0","""default""","""none""","0"
"{citizen 26}","{citizen 32}","[85 0 170 100]","""""","9.9","false","{breed social-friends}","0","""default""","""none""","0"
"{citizen 26}","{citizen 34}","[85 0 170 100]","""""","9.9","false","{breed social-friends}","0","""default""","""none""","0"
"{citizen 26}","{citizen 35}","[85 0 170 100]","""""","9.9","false","{breed social-friends}","0","""default""","""none""","0"
"{citizen 26}","{citizen 36}","[85 0 170 100]","""""","9.9","false","{breed social-friends}","0","""default""","""none""","0"
"{citizen 26}","{citizen 37}","[85 0 170 100]","""""","9.9","false","{breed social-friends}","0","""default""","""none""","0"
"{citizen 26}","{citizen 38}","[85 0 170 100]","""""","9.9","false","{breed social-friends}","0","""default""","""none""","0"
"{citizen 26}","{citizen 39}","[85 0 170 100]","""""","9.9","false","{breed social-friends}","0","""default""","""none""","0"
"{citizen 26}","{citizen 40}","[85 0 170 100]","""""","9.9","false","{breed social-friends}","0","""default""","""none""","0"
"{citizen 26}","{citizen 41}","[85 0 170 100]","""""","9.9","false","{breed social-friends}","0","""default""","""none""","0"
"{citizen 26}","{citizen 42}","[85 0 170 100]","""""","9.9","false","{breed social-friends}","0","""default""","""none""","0"
"{citizen 26}","{citizen 43}","[85 0 170 100]","""""","9.9","false","{breed social-friends}","0","""default""","""none""","0"
"{citizen 26}","{citizen 44}","[85 0 170 100]","""""","9.9","false","{breed social-friends}","0","""default""","""none""","0"
"{citizen 26}","{citizen 45}","[85 0 170 100]","""""","9.9","false","{breed social-friends}","0","""default""","""none""","0"
"{citizen 26}","{citizen 46}","[85 0 170 100]","""""","9.9","false","{breed social-friends}","0","""default""","""none""","0"
"{citizen 26}","{citizen 47}","[85 0 170 100]","""""","9.9","false","{breed social-friends}","0","""default""","""none""","0"
"{citizen 26}","{citizen 48}","[85 0 170 100]","""""","9.9","false","{breed social-friends}","0","""default""","""none""","0"
"{citizen 26}","{citizen 49}","[85 0 170 100]","""""","9.9","false","{breed social-friends}","0","""default""","""none""","0"
"{citizen 27}","{citizen 0}","[85 0 170 100]","""""","9.9","false","{breed social-friends}","0","""default""","""none""","0"
"{citizen 27}","{citizen 1}","[85 0 170 100]","""""","9.9","false","{breed social-friends}","0","""default""","""none""","0"
"{citizen 27}","{citizen 2}","[85 0 170 100]","""""","9.9","false","{breed social-friends}","0","""default""","""none""","0"
"{citizen 27}","{citizen 3}","[85 0 170 100]","""""","9.9","false","{breed social-friends}","0","""default""","""none""","0"
"{citizen 27}","{citizen 4}","[85 0 170 100]","""""","9.9","false","{breed social-friends}","0","""default""","""none""","0"
"{citizen 27}","{citizen 5}","[85 0 170 100]","""""","9.9","false","{breed social-friends}","0","""default""","""none""","0"
"{citizen 27}","{citizen 6}","[85 0 170 100]","""""","9.9","false","{breed social-friends}","0","""default""","""none""","0"
"{citizen 27}","{citizen 7}","[85 0 170 100]","""""","9.9","false","{breed social-friends}","0","""default""","""none""","0"
"{citizen 27}","{citizen 8}","[85 0 170 100]","""""","9.9","false","{breed social-friends}","0","""default""","""none""","0"
"{citizen 27}","{citizen 9}","[85 0 170 100]","""""","9.9","false","{breed social-friends}","0","""default""","""none""","0"
"{citizen 27}","{citizen 10}","[85 0 170 100]","""""","9.9","false","{breed social-friends}","0","""default""","""none""","0"
"{citizen 27}","{citizen 11}","[85 0 170 100]","""""","9.9","false","{breed social-friends}","0","""default""","""none""","0"
"{citizen 27}","{citizen 12}","[85 0 170 100]","""""","9.9","false","{breed social-friends}","0","""default""","""none""","0"
"{citizen 27}","{citizen 13}","[85 0 170 100]","""""","9.9","false","{breed social-friends}","0","""default""","""none""","0"
"{citizen 27}","{citizen 14}","[85 0 170 100]","""""","9.9","false","{breed social-friends}","0","""default""","""none""","0"
"{citizen 27}","{citizen 15}","[85 0 170 100]","""""","9.9","false","{breed social-friends}","0","""default""","""none""","0"
"{citizen 27}","{citizen 16}","[85 0 170 100]","""""","9.9","false","{breed social-friends}","0","""default""","""none""","0"
"{citizen 27}","{citizen 17}","[85 0 170 100]","""""","9.9","false","{breed social-friends}","0","""default""","""none""","0"
"{citizen 27}","{citizen 19}","[85 0 170 100]","""""","9.9","false","{breed social-friends}","0","""default""","""none""","0"
"{citizen 27}","{citizen 20}","[85 0 170 100]","""""","9.9","false","{breed social-friends}","0","""default""","""none""","0"
"{citizen 27}","{citizen 21}","[85 0 170 100]","""""","9.9","false","{breed social-friends}","0","""default""","""none""","0"
"{citizen 27}","{citizen 22}","[85 0 170 100]","""""","9.9","false","{breed social-friends}","0","""default""","""none""","0"
"{citizen 27}","{citizen 23}","[85 0 170 100]","""""","9.9","false","{breed social-friends}","0","""default""","""none""","0"
"{citizen 27}","{citizen 24}","[85 0 170 100]","""""","9.9","false","{breed social-friends}","0","""default""","""none""","0"
"{citizen 27}","{citizen 26}","[85 0 170 100]","""""","9.9","false","{breed social-friends}","0","""default""","""none""","0"
"{citizen 27}","{citizen 28}","[85 0 170 100]","""""","9.9","false","{breed social-friends}","0","""default""","""none""","0"
"{citizen 27}","{citizen 29}","[85 0 170 100]","""""","9.9","false","{breed social-friends}","0","""default""","""none""","0"
"{citizen 27}","{citizen 30}","[85 0 170 100]","""""","9.9","false","{breed social-friends}","0","""default""","""none""","0"
"{citizen 27}","{citizen 31}","[85 0 170 100]","""""","9.9","false","{breed social-friends}","0","""default""","""none""","0"
"{citizen 27}","{citizen 32}","[85 0 170 100]","""""","9.9","false","{breed social-friends}","0","""default""","""none""","0"
"{citizen 27}","{citizen 34}","[85 0 170 100]","""""","9.9","false","{breed social-friends}","0","""default""","""none""","0"
"{citizen 27}","{citizen 35}","[85 0 170 100]","""""","9.9","false","{breed social-friends}","0","""default""","""none""","0"
"{citizen 27}","{citizen 36}","[85 0 170 100]","""""","9.9","false","{breed social-friends}","0","""default""","""none""","0"
"{citizen 27}","{citizen 37}","[85 0 170 100]","""""","9.9","false","{breed social-friends}","0","""default""","""none""","0"
"{citizen 27}","{citizen 38}","[85 0 170 100]","""""","9.9","false","{breed social-friends}","0","""default""","""none""","0"
"{citizen 27}","{citizen 39}","[85 0 170 100]","""""","9.9","false","{breed social-friends}","0","""default""","""none""","0"
"{citizen 27}","{citizen 40}","[85 0 170 100]","""""","9.9","false","{breed social-friends}","0","""default""","""none""","0"
"{citizen 27}","{citizen 41}","[85 0 170 100]","""""","9.9","false","{breed social-friends}","0","""default""","""none""","0"
"{citizen 27}","{citizen 42}","[85 0 170 100]","""""","9.9","false","{breed social-friends}","0","""default""","""none""","0"
"{citizen 27}","{citizen 43}","[85 0 170 100]","""""","9.9","false","{breed social-friends}","0","""default""","""none""","0"
"{citizen 27}","{citizen 44}","[85 0 170 100]","""""","9.9","false","{breed social-friends}","0","""default""","""none""","0"
"{citizen 27}","{citizen 45}","[85 0 170 100]","""""","9.9","false","{breed social-friends}","0","""default""","""none""","0"
"{citizen 27}","{citizen 46}","[85 0 170 100]","""""","9.9","false","{breed social-friends}","0","""default""","""none""","0"
"{citizen 27}","{citizen 47}","[85 0 170 100]","""""","9.9","false","{breed social-friends}","0","""default""","""none""","0"
"{citizen 27}","{citizen 48}","[85 0 170 100]","""""","9.9","false","{breed social-friends}","0","""default""","""none""","0"
"{citizen 27}","{citizen 49}","[85 0 170 100]","""""","9.9","false","{breed social-friends}","0","""default""","""none""","0"
"{citizen 28}","{citizen 0}","[85 0 170 100]","""""","9.9","false","{breed social-friends}","0","""default""","""none""","0"
"{citizen 28}","{citizen 1}","[85 0 170 100]","""""","9.9","false","{breed social-friends}","0","""default""","""none""","0"
"{citizen 28}","{citizen 2}","[85 0 170 100]","""""","9.9","false","{breed social-friends}","0","""default""","""none""","0"
"{citizen 28}","{citizen 3}","[85 0 170 100]","""""","9.9","false","{breed social-friends}","0","""default""","""none""","0"
"{citizen 28}","{citizen 4}","[85 0 170 100]","""""","9.9","false","{breed social-friends}","0","""default""","""none""","0"
"{citizen 28}","{citizen 5}","[85 0 170 100]","""""","9.9","false","{breed social-friends}","0","""default""","""none""","0"
"{citizen 28}","{citizen 6}","[85 0 170 100]","""""","9.9","false","{breed social-friends}","0","""default""","""none""","0"
"{citizen 28}","{citizen 7}","[85 0 170 100]","""""","9.9","false","{breed social-friends}","0","""default""","""none""","0"
"{citizen 28}","{citizen 8}","[85 0 170 100]","""""","9.9","false","{breed social-friends}","0","""default""","""none""","0"
"{citizen 28}","{citizen 9}","[85 0 170 100]","""""","9.9","false","{breed social-friends}","0","""default""","""none""","0"
"{citizen 28}","{citizen 10}","[85 0 170 100]","""""","9.9","false","{breed social-friends}","0","""default""","""none""","0"
"{citizen 28}","{citizen 11}","[85 0 170 100]","""""","9.9","false","{breed social-friends}","0","""default""","""none""","0"
"{citizen 28}","{citizen 12}","[85 0 170 100]","""""","9.9","false","{breed social-friends}","0","""default""","""none""","0"
"{citizen 28}","{citizen 13}","[85 0 170 100]","""""","9.9","false","{breed social-friends}","0","""default""","""none""","0"
"{citizen 28}","{citizen 14}","[85 0 170 100]","""""","9.9","false","{breed social-friends}","0","""default""","""none""","0"
"{citizen 28}","{citizen 15}","[85 0 170 100]","""""","9.9","false","{breed social-friends}","0","""default""","""none""","0"
"{citizen 28}","{citizen 16}","[85 0 170 100]","""""","9.9","false","{breed social-friends}","0","""default""","""none""","0"
"{citizen 28}","{citizen 17}","[85 0 170 100]","""""","9.9","false","{breed social-friends}","0","""default""","""none""","0"
"{citizen 28}","{citizen 19}","[85 0 170 100]","""""","9.9","false","{breed social-friends}","0","""default""","""none""","0"
"{citizen 28}","{citizen 20}","[85 0 170 100]","""""","9.9","false","{breed social-friends}","0","""default""","""none""","0"
"{citizen 28}","{citizen 21}","[85 0 170 100]","""""","9.9","false","{breed social-friends}","0","""default""","""none""","0"
"{citizen 28}","{citizen 22}","[85 0 170 100]","""""","9.9","false","{breed social-friends}","0","""default""","""none""","0"
"{citizen 28}","{citizen 23}","[85 0 170 100]","""""","9.9","false","{breed social-friends}","0","""default""","""none""","0"
"{citizen 28}","{citizen 24}","[85 0 170 100]","""""","9.9","false","{breed social-friends}","0","""default""","""none""","0"
"{citizen 28}","{citizen 26}","[85 0 170 100]","""""","9.9","false","{breed social-friends}","0","""default""","""none""","0"
"{citizen 28}","{citizen 27}","[85 0 170 100]","""""","9.9","false","{breed social-friends}","0","""default""","""none""","0"
"{citizen 28}","{citizen 29}","[85 0 170 100]","""""","9.9","false","{breed social-friends}","0","""default""","""none""","0"
"{citizen 28}","{citizen 30}","[85 0 170 100]","""""","9.9","false","{breed social-friends}","0","""default""","""none""","0"
"{citizen 28}","{citizen 31}","[85 0 170 100]","""""","9.9","false","{breed social-friends}","0","""default""","""none""","0"
"{citizen 28}","{citizen 32}","[85 0 170 100]","""""","9.9","false","{breed social-friends}","0","""default""","""none""","0"
"{citizen 28}","{citizen 34}","[85 0 170 100]","""""","9.9","false","{breed social-friends}","0","""default""","""none""","0"
"{citizen 28}","{citizen 35}","[85 0 170 100]","""""","9.9","false","{breed social-friends}","0","""default""","""none""","0"
"{citizen 28}","{citizen 36}","[85 0 170 100]","""""","9.9","false","{breed social-friends}","0","""default""","""none""","0"
"{citizen 28}","{citizen 37}","[85 0 170 100]","""""","9.9","false","{breed social-friends}","0","""default""","""none""","0"
"{citizen 28}","{citizen 38}","[85 0 170 100]","""""","9.9","false","{breed social-friends}","0","""default""","""none""","0"
"{citizen 28}","{citizen 39}","[85 0 170 100]","""""","9.9","false","{breed social-friends}","0","""default""","""none""","0"
"{citizen 28}","{citizen 40}","[85 0 170 100]","""""","9.9","false","{breed social-friends}","0","""default""","""none""","0"
"{citizen 28}","{citizen 41}","[85 0 170 100]","""""","9.9","false","{breed social-friends}","0","""default""","""none""","0"
"{citizen 28}","{citizen 42}","[85 0 170 100]","""""","9.9","false","{breed social-friends}","0","""default""","""none""","0"
"{citizen 28}","{citizen 43}","[85 0 170 100]","""""","9.9","false","{breed social-friends}","0","""default""","""none""","0"
"{citizen 28}","{citizen 44}","[85 0 170 100]","""""","9.9","false","{breed social-friends}","0","""default""","""none""","0"
"{citizen 28}","{citizen 45}","[85 0 170 100]","""""","9.9","false","{breed social-friends}","0","""default""","""none""","0"
"{citizen 28}","{citizen 46}","[85 0 170 100]","""""","9.9","false","{breed social-friends}","0","""default""","""none""","0"
"{citizen 28}","{citizen 47}","[85 0 170 100]","""""","9.9","false","{breed social-friends}","0","""default""","""none""","0"
"{citizen 28}","{citizen 48}","[85 0 170 100]","""""","9.9","false","{breed social-friends}","0","""default""","""none""","0"
"{citizen 28}","{citizen 49}","[85 0 170 100]","""""","9.9","false","{breed social-friends}","0","""default""","""none""","0"
"{citizen 29}","{citizen 0}","[85 0 170 100]","""""","9.9","false","{breed social-friends}","0","""default""","""none""","0"
"{citizen 29}","{citizen 1}","[85 0 170 100]","""""","9.9","false","{breed social-friends}","0","""default""","""none""","0"
"{citizen 29}","{citizen 2}","[85 0 170 100]","""""","9.9","false","{breed social-friends}","0","""default""","""none""","0"
"{citizen 29}","{citizen 3}","[85 0 170 100]","""""","9.9","false","{breed social-friends}","0","""default""","""none""","0"
"{citizen 29}","{citizen 4}","[85 0 170 100]","""""","9.9","false","{breed social-friends}","0","""default""","""none""","0"
"{citizen 29}","{citizen 5}","[85 0 170 100]","""""","9.9","false","{breed social-friends}","0","""default""","""none""","0"
"{citizen 29}","{citizen 6}","[85 0 170 100]","""""","9.9","false","{breed social-friends}","0","""default""","""none""","0"
"{citizen 29}","{citizen 7}","[85 0 170 100]","""""","9.9","false","{breed social-friends}","0","""default""","""none""","0"
"{citizen 29}","{citizen 8}","[85 0 170 100]","""""","9.9","false","{breed social-friends}","0","""default""","""none""","0"
"{citizen 29}","{citizen 9}","[85 0 170 100]","""""","9.9","false","{breed social-friends}","0","""default""","""none""","0"
"{citizen 29}","{citizen 10}","[85 0 170 100]","""""","9.9","false","{breed social-friends}","0","""default""","""none""","0"
"{citizen 29}","{citizen 11}","[85 0 170 100]","""""","9.9","false","{breed social-friends}","0","""default""","""none""","0"
"{citizen 29}","{citizen 12}","[85 0 170 100]","""""","9.9","false","{breed social-friends}","0","""default""","""none""","0"
"{citizen 29}","{citizen 13}","[85 0 170 100]","""""","9.9","false","{breed social-friends}","0","""default""","""none""","0"
"{citizen 29}","{citizen 14}","[85 0 170 100]","""""","9.9","false","{breed social-friends}","0","""default""","""none""","0"
"{citizen 29}","{citizen 15}","[85 0 170 100]","""""","9.9","false","{breed social-friends}","0","""default""","""none""","0"
"{citizen 29}","{citizen 16}","[85 0 170 100]","""""","9.9","false","{breed social-friends}","0","""default""","""none""","0"
"{citizen 29}","{citizen 17}","[85 0 170 100]","""""","9.9","false","{breed social-friends}","0","""default""","""none""","0"
"{citizen 29}","{citizen 19}","[85 0 170 100]","""""","9.9","false","{breed social-friends}","0","""default""","""none""","0"
"{citizen 29}","{citizen 20}","[85 0 170 100]","""""","9.9","false","{breed social-friends}","0","""default""","""none""","0"
"{citizen 29}","{citizen 21}","[85 0 170 100]","""""","9.9","false","{breed social-friends}","0","""default""","""none""","0"
"{citizen 29}","{citizen 22}","[85 0 170 100]","""""","9.9","false","{breed social-friends}","0","""default""","""none""","0"
"{citizen 29}","{citizen 23}","[85 0 170 100]","""""","9.9","false","{breed social-friends}","0","""default""","""none""","0"
"{citizen 29}","{citizen 24}","[85 0 170 100]","""""","9.9","false","{breed social-friends}","0","""default""","""none""","0"
"{citizen 29}","{citizen 26}","[85 0 170 100]","""""","9.9","false","{breed social-friends}","0","""default""","""none""","0"
"{citizen 29}","{citizen 27}","[85 0 170 100]","""""","9.9","false","{breed social-friends}","0","""default""","""none""","0"
"{citizen 29}","{citizen 28}","[85 0 170 100]","""""","9.9","false","{breed social-friends}","0","""default""","""none""","0"
"{citizen 29}","{citizen 30}","[85 0 170 100]","""""","9.9","false","{breed social-friends}","0","""default""","""none""","0"
"{citizen 29}","{citizen 31}","[85 0 170 100]","""""","9.9","false","{breed social-friends}","0","""default""","""none""","0"
"{citizen 29}","{citizen 32}","[85 0 170 100]","""""","9.9","false","{breed social-friends}","0","""default""","""none""","0"
"{citizen 29}","{citizen 34}","[85 0 170 100]","""""","9.9","false","{breed social-friends}","0","""default""","""none""","0"
"{citizen 29}","{citizen 35}","[85 0 170 100]","""""","9.9","false","{breed social-friends}","0","""default""","""none""","0"
"{citizen 29}","{citizen 36}","[85 0 170 100]","""""","9.9","false","{breed social-friends}","0","""default""","""none""","0"
"{citizen 29}","{citizen 37}","[85 0 170 100]","""""","9.9","false","{breed social-friends}","0","""default""","""none""","0"
"{citizen 29}","{citizen 38}","[85 0 170 100]","""""","9.9","false","{breed social-friends}","0","""default""","""none""","0"
"{citizen 29}","{citizen 39}","[85 0 170 100]","""""","9.9","false","{breed social-friends}","0","""default""","""none""","0"
"{citizen 29}","{citizen 40}","[85 0 170 100]","""""","9.9","false","{breed social-friends}","0","""default""","""none""","0"
"{citizen 29}","{citizen 41}","[85 0 170 100]","""""","9.9","false","{breed social-friends}","0","""default""","""none""","0"
"{citizen 29}","{citizen 42}","[85 0 170 100]","""""","9.9","false","{breed social-friends}","0","""default""","""none""","0"
"{citizen 29}","{citizen 43}","[85 0 170 100]","""""","9.9","false","{breed social-friends}","0","""default""","""none""","0"
"{citizen 29}","{citizen 44}","[85 0 170 100]","""""","9.9","false","{breed social-friends}","0","""default""","""none""","0"
"{citizen 29}","{citizen 45}","[85 0 170 100]","""""","9.9","false","{breed social-friends}","0","""default""","""none""","0"
"{citizen 29}","{citizen 46}","[85 0 170 100]","""""","9.9","false","{breed social-friends}","0","""default""","""none""","0"
"{citizen 29}","{citizen 47}","[85 0 170 100]","""""","9.9","false","{breed social-friends}","0","""default""","""none""","0"
"{citizen 29}","{citizen 48}","[85 0 170 100]","""""","9.9","false","{breed social-friends}","0","""default""","""none""","0"
"{citizen 29}","{citizen 49}","[85 0 170 100]","""""","9.9","false","{breed social-friends}","0","""default""","""none""","0"
"{citizen 30}","{citizen 0}","[85 0 170 100]","""""","9.9","false","{breed social-friends}","0","""default""","""none""","0"
"{citizen 30}","{citizen 1}","[85 0 170 100]","""""","9.9","false","{breed social-friends}","0","""default""","""none""","0"
"{citizen 30}","{citizen 2}","[85 0 170 100]","""""","9.9","false","{breed social-friends}","0","""default""","""none""","0"
"{citizen 30}","{citizen 3}","[85 0 170 100]","""""","9.9","false","{breed social-friends}","0","""default""","""none""","0"
"{citizen 30}","{citizen 4}","[85 0 170 100]","""""","9.9","false","{breed social-friends}","0","""default""","""none""","0"
"{citizen 30}","{citizen 5}","[85 0 170 100]","""""","9.9","false","{breed social-friends}","0","""default""","""none""","0"
"{citizen 30}","{citizen 6}","[85 0 170 100]","""""","9.9","false","{breed social-friends}","0","""default""","""none""","0"
"{citizen 30}","{citizen 7}","[85 0 170 100]","""""","9.9","false","{breed social-friends}","0","""default""","""none""","0"
"{citizen 30}","{citizen 8}","[85 0 170 100]","""""","9.9","false","{breed social-friends}","0","""default""","""none""","0"
"{citizen 30}","{citizen 9}","[85 0 170 100]","""""","9.9","false","{breed social-friends}","0","""default""","""none""","0"
"{citizen 30}","{citizen 10}","[85 0 170 100]","""""","9.9","false","{breed social-friends}","0","""default""","""none""","0"
"{citizen 30}","{citizen 11}","[85 0 170 100]","""""","9.9","false","{breed social-friends}","0","""default""","""none""","0"
"{citizen 30}","{citizen 12}","[85 0 170 100]","""""","9.9","false","{breed social-friends}","0","""default""","""none""","0"
"{citizen 30}","{citizen 13}","[85 0 170 100]","""""","9.9","false","{breed social-friends}","0","""default""","""none""","0"
"{citizen 30}","{citizen 14}","[85 0 170 100]","""""","9.9","false","{breed social-friends}","0","""default""","""none""","0"
"{citizen 30}","{citizen 15}","[85 0 170 100]","""""","9.9","false","{breed social-friends}","0","""default""","""none""","0"
"{citizen 30}","{citizen 16}","[85 0 170 100]","""""","9.9","false","{breed social-friends}","0","""default""","""none""","0"
"{citizen 30}","{citizen 17}","[85 0 170 100]","""""","9.9","false","{breed social-friends}","0","""default""","""none""","0"
"{citizen 30}","{citizen 19}","[85 0 170 100]","""""","9.9","false","{breed social-friends}","0","""default""","""none""","0"
"{citizen 30}","{citizen 20}","[85 0 170 100]","""""","9.9","false","{breed social-friends}","0","""default""","""none""","0"
"{citizen 30}","{citizen 21}","[85 0 170 100]","""""","9.9","false","{breed social-friends}","0","""default""","""none""","0"
"{citizen 30}","{citizen 22}","[85 0 170 100]","""""","9.9","false","{breed social-friends}","0","""default""","""none""","0"
"{citizen 30}","{citizen 23}","[85 0 170 100]","""""","9.9","false","{breed social-friends}","0","""default""","""none""","0"
"{citizen 30}","{citizen 24}","[85 0 170 100]","""""","9.9","false","{breed social-friends}","0","""default""","""none""","0"
"{citizen 30}","{citizen 26}","[85 0 170 100]","""""","9.9","false","{breed social-friends}","0","""default""","""none""","0"
"{citizen 30}","{citizen 27}","[85 0 170 100]","""""","9.9","false","{breed social-friends}","0","""default""","""none""","0"
"{citizen 30}","{citizen 28}","[85 0 170 100]","""""","9.9","false","{breed social-friends}","0","""default""","""none""","0"
"{citizen 30}","{citizen 29}","[85 0 170 100]","""""","9.9","false","{breed social-friends}","0","""default""","""none""","0"
"{citizen 30}","{citizen 31}","[85 0 170 100]","""""","9.9","false","{breed social-friends}","0","""default""","""none""","0"
"{citizen 30}","{citizen 32}","[85 0 170 100]","""""","9.9","false","{breed social-friends}","0","""default""","""none""","0"
"{citizen 30}","{citizen 34}","[85 0 170 100]","""""","9.9","false","{breed social-friends}","0","""default""","""none""","0"
"{citizen 30}","{citizen 35}","[85 0 170 100]","""""","9.9","false","{breed social-friends}","0","""default""","""none""","0"
"{citizen 30}","{citizen 36}","[85 0 170 100]","""""","9.9","false","{breed social-friends}","0","""default""","""none""","0"
"{citizen 30}","{citizen 37}","[85 0 170 100]","""""","9.9","false","{breed social-friends}","0","""default""","""none""","0"
"{citizen 30}","{citizen 38}","[85 0 170 100]","""""","9.9","false","{breed social-friends}","0","""default""","""none""","0"
"{citizen 30}","{citizen 39}","[85 0 170 100]","""""","9.9","false","{breed social-friends}","0","""default""","""none""","0"
"{citizen 30}","{citizen 40}","[85 0 170 100]","""""","9.9","false","{breed social-friends}","0","""default""","""none""","0"
"{citizen 30}","{citizen 41}","[85 0 170 100]","""""","9.9","false","{breed social-friends}","0","""default""","""none""","0"
"{citizen 30}","{citizen 42}","[85 0 170 100]","""""","9.9","false","{breed social-friends}","0","""default""","""none""","0"
"{citizen 30}","{citizen 43}","[85 0 170 100]","""""","9.9","false","{breed social-friends}","0","""default""","""none""","0"
"{citizen 30}","{citizen 44}","[85 0 170 100]","""""","9.9","false","{breed social-friends}","0","""default""","""none""","0"
"{citizen 30}","{citizen 45}","[85 0 170 100]","""""","9.9","false","{breed social-friends}","0","""default""","""none""","0"
"{citizen 30}","{citizen 46}","[85 0 170 100]","""""","9.9","false","{breed social-friends}","0","""default""","""none""","0"
"{citizen 30}","{citizen 47}","[85 0 170 100]","""""","9.9","false","{breed social-friends}","0","""default""","""none""","0"
"{citizen 30}","{citizen 48}","[85 0 170 100]","""""","9.9","false","{breed social-friends}","0","""default""","""none""","0"
"{citizen 30}","{citizen 49}","[85 0 170 100]","""""","9.9","false","{breed social-friends}","0","""default""","""none""","0"
"{citizen 31}","{citizen 0}","[85 0 170 100]","""""","9.9","false","{breed social-friends}","0","""default""","""none""","0"
"{citizen 31}","{citizen 1}","[85 0 170 100]","""""","9.9","false","{breed social-friends}","0","""default""","""none""","0"
"{citizen 31}","{citizen 2}","[85 0 170 100]","""""","9.9","false","{breed social-friends}","0","""default""","""none""","0"
"{citizen 31}","{citizen 3}","[85 0 170 100]","""""","9.9","false","{breed social-friends}","0","""default""","""none""","0"
"{citizen 31}","{citizen 4}","[85 0 170 100]","""""","9.9","false","{breed social-friends}","0","""default""","""none""","0"
"{citizen 31}","{citizen 5}","[85 0 170 100]","""""","9.9","false","{breed social-friends}","0","""default""","""none""","0"
"{citizen 31}","{citizen 6}","[85 0 170 100]","""""","9.9","false","{breed social-friends}","0","""default""","""none""","0"
"{citizen 31}","{citizen 7}","[85 0 170 100]","""""","9.9","false","{breed social-friends}","0","""default""","""none""","0"
"{citizen 31}","{citizen 8}","[85 0 170 100]","""""","9.9","false","{breed social-friends}","0","""default""","""none""","0"
"{citizen 31}","{citizen 9}","[85 0 170 100]","""""","9.9","false","{breed social-friends}","0","""default""","""none""","0"
"{citizen 31}","{citizen 10}","[85 0 170 100]","""""","9.9","false","{breed social-friends}","0","""default""","""none""","0"
"{citizen 31}","{citizen 11}","[85 0 170 100]","""""","9.9","false","{breed social-friends}","0","""default""","""none""","0"
"{citizen 31}","{citizen 12}","[85 0 170 100]","""""","9.9","false","{breed social-friends}","0","""default""","""none""","0"
"{citizen 31}","{citizen 13}","[85 0 170 100]","""""","9.9","false","{breed social-friends}","0","""default""","""none""","0"
"{citizen 31}","{citizen 14}","[85 0 170 100]","""""","9.9","false","{breed social-friends}","0","""default""","""none""","0"
"{citizen 31}","{citizen 15}","[85 0 170 100]","""""","9.9","false","{breed social-friends}","0","""default""","""none""","0"
"{citizen 31}","{citizen 16}","[85 0 170 100]","""""","9.9","false","{breed social-friends}","0","""default""","""none""","0"
"{citizen 31}","{citizen 17}","[85 0 170 100]","""""","9.9","false","{breed social-friends}","0","""default""","""none""","0"
"{citizen 31}","{citizen 19}","[85 0 170 100]","""""","9.9","false","{breed social-friends}","0","""default""","""none""","0"
"{citizen 31}","{citizen 20}","[85 0 170 100]","""""","9.9","false","{breed social-friends}","0","""default""","""none""","0"
"{citizen 31}","{citizen 21}","[85 0 170 100]","""""","9.9","false","{breed social-friends}","0","""default""","""none""","0"
"{citizen 31}","{citizen 22}","[85 0 170 100]","""""","9.9","false","{breed social-friends}","0","""default""","""none""","0"
"{citizen 31}","{citizen 23}","[85 0 170 100]","""""","9.9","false","{breed social-friends}","0","""default""","""none""","0"
"{citizen 31}","{citizen 24}","[85 0 170 100]","""""","9.9","false","{breed social-friends}","0","""default""","""none""","0"
"{citizen 31}","{citizen 26}","[85 0 170 100]","""""","9.9","false","{breed social-friends}","0","""default""","""none""","0"
"{citizen 31}","{citizen 27}","[85 0 170 100]","""""","9.9","false","{breed social-friends}","0","""default""","""none""","0"
"{citizen 31}","{citizen 28}","[85 0 170 100]","""""","9.9","false","{breed social-friends}","0","""default""","""none""","0"
"{citizen 31}","{citizen 29}","[85 0 170 100]","""""","9.9","false","{breed social-friends}","0","""default""","""none""","0"
"{citizen 31}","{citizen 30}","[85 0 170 100]","""""","9.9","false","{breed social-friends}","0","""default""","""none""","0"
"{citizen 31}","{citizen 32}","[85 0 170 100]","""""","9.9","false","{breed social-friends}","0","""default""","""none""","0"
"{citizen 31}","{citizen 34}","[85 0 170 100]","""""","9.9","false","{breed social-friends}","0","""default""","""none""","0"
"{citizen 31}","{citizen 35}","[85 0 170 100]","""""","9.9","false","{breed social-friends}","0","""default""","""none""","0"
"{citizen 31}","{citizen 36}","[85 0 170 100]","""""","9.9","false","{breed social-friends}","0","""default""","""none""","0"
"{citizen 31}","{citizen 37}","[85 0 170 100]","""""","9.9","false","{breed social-friends}","0","""default""","""none""","0"
"{citizen 31}","{citizen 38}","[85 0 170 100]","""""","9.9","false","{breed social-friends}","0","""default""","""none""","0"
"{citizen 31}","{citizen 39}","[85 0 170 100]","""""","9.9","false","{breed social-friends}","0","""default""","""none""","0"
"{citizen 31}","{citizen 40}","[85 0 170 100]","""""","9.9","false","{breed social-friends}","0","""default""","""none""","0"
"{citizen 31}","{citizen 41}","[85 0 170 100]","""""","9.9","false","{breed social-friends}","0","""default""","""none""","0"
"{citizen 31}","{citizen 42}","[85 0 170 100]","""""","9.9","false","{breed social-friends}","0","""default""","""none""","0"
"{citizen 31}","{citizen 43}","[85 0 170 100]","""""","9.9","false","{breed social-friends}","0","""default""","""none""","0"
"{citizen 31}","{citizen 44}","[85 0 170 100]","""""","9.9","false","{breed social-friends}","0","""default""","""none""","0"
"{citizen 31}","{citizen 45}","[85 0 170 100]","""""","9.9","false","{breed social-friends}","0","""default""","""none""","0"
"{citizen 31}","{citizen 46}","[85 0 170 100]","""""","9.9","false","{breed social-friends}","0","""default""","""none""","0"
"{citizen 31}","{citizen 47}","[85 0 170 100]","""""","9.9","false","{breed social-friends}","0","""default""","""none""","0"
"{citizen 31}","{citizen 48}","[85 0 170 100]","""""","9.9","false","{breed social-friends}","0","""default""","""none""","0"
"{citizen 31}","{citizen 49}","[85 0 170 100]","""""","9.9","false","{breed social-friends}","0","""default""","""none""","0"
"{citizen 32}","{citizen 0}","[85 0 170 100]","""""","9.9","false","{breed social-friends}","0","""default""","""none""","0"
"{citizen 32}","{citizen 1}","[85 0 170 100]","""""","9.9","false","{breed social-friends}","0","""default""","""none""","0"
"{citizen 32}","{citizen 2}","[85 0 170 100]","""""","9.9","false","{breed social-friends}","0","""default""","""none""","0"
"{citizen 32}","{citizen 3}","[85 0 170 100]","""""","9.9","false","{breed social-friends}","0","""default""","""none""","0"
"{citizen 32}","{citizen 4}","[85 0 170 100]","""""","9.9","false","{breed social-friends}","0","""default""","""none""","0"
"{citizen 32}","{citizen 5}","[85 0 170 100]","""""","9.9","false","{breed social-friends}","0","""default""","""none""","0"
"{citizen 32}","{citizen 6}","[85 0 170 100]","""""","9.9","false","{breed social-friends}","0","""default""","""none""","0"
"{citizen 32}","{citizen 7}","[85 0 170 100]","""""","9.9","false","{breed social-friends}","0","""default""","""none""","0"
"{citizen 32}","{citizen 8}","[85 0 170 100]","""""","9.9","false","{breed social-friends}","0","""default""","""none""","0"
"{citizen 32}","{citizen 9}","[85 0 170 100]","""""","9.9","false","{breed social-friends}","0","""default""","""none""","0"
"{citizen 32}","{citizen 10}","[85 0 170 100]","""""","9.9","false","{breed social-friends}","0","""default""","""none""","0"
"{citizen 32}","{citizen 11}","[85 0 170 100]","""""","9.9","false","{breed social-friends}","0","""default""","""none""","0"
"{citizen 32}","{citizen 12}","[85 0 170 100]","""""","9.9","false","{breed social-friends}","0","""default""","""none""","0"
"{citizen 32}","{citizen 13}","[85 0 170 100]","""""","9.9","false","{breed social-friends}","0","""default""","""none""","0"
"{citizen 32}","{citizen 14}","[85 0 170 100]","""""","9.9","false","{breed social-friends}","0","""default""","""none""","0"
"{citizen 32}","{citizen 15}","[85 0 170 100]","""""","9.9","false","{breed social-friends}","0","""default""","""none""","0"
"{citizen 32}","{citizen 16}","[85 0 170 100]","""""","9.9","false","{breed social-friends}","0","""default""","""none""","0"
"{citizen 32}","{citizen 17}","[85 0 170 100]","""""","9.9","false","{breed social-friends}","0","""default""","""none""","0"
"{citizen 32}","{citizen 19}","[85 0 170 100]","""""","9.9","false","{breed social-friends}","0","""default""","""none""","0"
"{citizen 32}","{citizen 20}","[85 0 170 100]","""""","9.9","false","{breed social-friends}","0","""default""","""none""","0"
"{citizen 32}","{citizen 21}","[85 0 170 100]","""""","9.9","false","{breed social-friends}","0","""default""","""none""","0"
"{citizen 32}","{citizen 22}","[85 0 170 100]","""""","9.9","false","{breed social-friends}","0","""default""","""none""","0"
"{citizen 32}","{citizen 23}","[85 0 170 100]","""""","9.9","false","{breed social-friends}","0","""default""","""none""","0"
"{citizen 32}","{citizen 24}","[85 0 170 100]","""""","9.9","false","{breed social-friends}","0","""default""","""none""","0"
"{citizen 32}","{citizen 26}","[85 0 170 100]","""""","9.9","false","{breed social-friends}","0","""default""","""none""","0"
"{citizen 32}","{citizen 27}","[85 0 170 100]","""""","9.9","false","{breed social-friends}","0","""default""","""none""","0"
"{citizen 32}","{citizen 28}","[85 0 170 100]","""""","9.9","false","{breed social-friends}","0","""default""","""none""","0"
"{citizen 32}","{citizen 29}","[85 0 170 100]","""""","9.9","false","{breed social-friends}","0","""default""","""none""","0"
"{citizen 32}","{citizen 30}","[85 0 170 100]","""""","9.9","false","{breed social-friends}","0","""default""","""none""","0"
"{citizen 32}","{citizen 31}","[85 0 170 100]","""""","9.9","false","{breed social-friends}","0","""default""","""none""","0"
"{citizen 32}","{citizen 34}","[85 0 170 100]","""""","9.9","false","{breed social-friends}","0","""default""","""none""","0"
"{citizen 32}","{citizen 35}","[85 0 170 100]","""""","9.9","false","{breed social-friends}","0","""default""","""none""","0"
"{citizen 32}","{citizen 36}","[85 0 170 100]","""""","9.9","false","{breed social-friends}","0","""default""","""none""","0"
"{citizen 32}","{citizen 37}","[85 0 170 100]","""""","9.9","false","{breed social-friends}","0","""default""","""none""","0"
"{citizen 32}","{citizen 38}","[85 0 170 100]","""""","9.9","false","{breed social-friends}","0","""default""","""none""","0"
"{citizen 32}","{citizen 39}","[85 0 170 100]","""""","9.9","false","{breed social-friends}","0","""default""","""none""","0"
"{citizen 32}","{citizen 40}","[85 0 170 100]","""""","9.9","false","{breed social-friends}","0","""default""","""none""","0"
"{citizen 32}","{citizen 41}","[85 0 170 100]","""""","9.9","false","{breed social-friends}","0","""default""","""none""","0"
"{citizen 32}","{citizen 42}","[85 0 170 100]","""""","9.9","false","{breed social-friends}","0","""default""","""none""","0"
"{citizen 32}","{citizen 43}","[85 0 170 100]","""""","9.9","false","{breed social-friends}","0","""default""","""none""","0"
"{citizen 32}","{citizen 44}","[85 0 170 100]","""""","9.9","false","{breed social-friends}","0","""default""","""none""","0"
"{citizen 32}","{citizen 45}","[85 0 170 100]","""""","9.9","false","{breed social-friends}","0","""default""","""none""","0"
"{citizen 32}","{citizen 46}","[85 0 170 100]","""""","9.9","false","{breed social-friends}","0","""default""","""none""","0"
"{citizen 32}","{citizen 47}","[85 0 170 100]","""""","9.9","false","{breed social-friends}","0","""default""","""none""","0"
"{citizen 32}","{citizen 48}","[85 0 170 100]","""""","9.9","false","{breed social-friends}","0","""default""","""none""","0"
"{citizen 32}","{citizen 49}","[85 0 170 100]","""""","9.9","false","{breed social-friends}","0","""default""","""none""","0"
"{citizen 34}","{citizen 0}","[85 0 170 100]","""""","9.9","false","{breed social-friends}","0","""default""","""none""","0"
"{citizen 34}","{citizen 1}","[85 0 170 100]","""""","9.9","false","{breed social-friends}","0","""default""","""none""","0"
"{citizen 34}","{citizen 2}","[85 0 170 100]","""""","9.9","false","{breed social-friends}","0","""default""","""none""","0"
"{citizen 34}","{citizen 3}","[85 0 170 100]","""""","9.9","false","{breed social-friends}","0","""default""","""none""","0"
"{citizen 34}","{citizen 4}","[85 0 170 100]","""""","9.9","false","{breed social-friends}","0","""default""","""none""","0"
"{citizen 34}","{citizen 5}","[85 0 170 100]","""""","9.9","false","{breed social-friends}","0","""default""","""none""","0"
"{citizen 34}","{citizen 6}","[85 0 170 100]","""""","9.9","false","{breed social-friends}","0","""default""","""none""","0"
"{citizen 34}","{citizen 7}","[85 0 170 100]","""""","9.9","false","{breed social-friends}","0","""default""","""none""","0"
"{citizen 34}","{citizen 8}","[85 0 170 100]","""""","9.9","false","{breed social-friends}","0","""default""","""none""","0"
"{citizen 34}","{citizen 9}","[85 0 170 100]","""""","9.9","false","{breed social-friends}","0","""default""","""none""","0"
"{citizen 34}","{citizen 10}","[85 0 170 100]","""""","9.9","false","{breed social-friends}","0","""default""","""none""","0"
"{citizen 34}","{citizen 11}","[85 0 170 100]","""""","9.9","false","{breed social-friends}","0","""default""","""none""","0"
"{citizen 34}","{citizen 12}","[85 0 170 100]","""""","9.9","false","{breed social-friends}","0","""default""","""none""","0"
"{citizen 34}","{citizen 13}","[85 0 170 100]","""""","9.9","false","{breed social-friends}","0","""default""","""none""","0"
"{citizen 34}","{citizen 14}","[85 0 170 100]","""""","9.9","false","{breed social-friends}","0","""default""","""none""","0"
"{citizen 34}","{citizen 15}","[85 0 170 100]","""""","9.9","false","{breed social-friends}","0","""default""","""none""","0"
"{citizen 34}","{citizen 16}","[85 0 170 100]","""""","9.9","false","{breed social-friends}","0","""default""","""none""","0"
"{citizen 34}","{citizen 17}","[85 0 170 100]","""""","9.9","false","{breed social-friends}","0","""default""","""none""","0"
"{citizen 34}","{citizen 19}","[85 0 170 100]","""""","9.9","false","{breed social-friends}","0","""default""","""none""","0"
"{citizen 34}","{citizen 20}","[85 0 170 100]","""""","9.9","false","{breed social-friends}","0","""default""","""none""","0"
"{citizen 34}","{citizen 21}","[85 0 170 100]","""""","9.9","false","{breed social-friends}","0","""default""","""none""","0"
"{citizen 34}","{citizen 22}","[85 0 170 100]","""""","9.9","false","{breed social-friends}","0","""default""","""none""","0"
"{citizen 34}","{citizen 23}","[85 0 170 100]","""""","9.9","false","{breed social-friends}","0","""default""","""none""","0"
"{citizen 34}","{citizen 24}","[85 0 170 100]","""""","9.9","false","{breed social-friends}","0","""default""","""none""","0"
"{citizen 34}","{citizen 26}","[85 0 170 100]","""""","9.9","false","{breed social-friends}","0","""default""","""none""","0"
"{citizen 34}","{citizen 27}","[85 0 170 100]","""""","9.9","false","{breed social-friends}","0","""default""","""none""","0"
"{citizen 34}","{citizen 28}","[85 0 170 100]","""""","9.9","false","{breed social-friends}","0","""default""","""none""","0"
"{citizen 34}","{citizen 29}","[85 0 170 100]","""""","9.9","false","{breed social-friends}","0","""default""","""none""","0"
"{citizen 34}","{citizen 30}","[85 0 170 100]","""""","9.9","false","{breed social-friends}","0","""default""","""none""","0"
"{citizen 34}","{citizen 31}","[85 0 170 100]","""""","9.9","false","{breed social-friends}","0","""default""","""none""","0"
"{citizen 34}","{citizen 32}","[85 0 170 100]","""""","9.9","false","{breed social-friends}","0","""default""","""none""","0"
"{citizen 34}","{citizen 35}","[85 0 170 100]","""""","9.9","false","{breed social-friends}","0","""default""","""none""","0"
"{citizen 34}","{citizen 36}","[85 0 170 100]","""""","9.9","false","{breed social-friends}","0","""default""","""none""","0"
"{citizen 34}","{citizen 37}","[85 0 170 100]","""""","9.9","false","{breed social-friends}","0","""default""","""none""","0"
"{citizen 34}","{citizen 38}","[85 0 170 100]","""""","9.9","false","{breed social-friends}","0","""default""","""none""","0"
"{citizen 34}","{citizen 39}","[85 0 170 100]","""""","9.9","false","{breed social-friends}","0","""default""","""none""","0"
"{citizen 34}","{citizen 40}","[85 0 170 100]","""""","9.9","false","{breed social-friends}","0","""default""","""none""","0"
"{citizen 34}","{citizen 41}","[85 0 170 100]","""""","9.9","false","{breed social-friends}","0","""default""","""none""","0"
"{citizen 34}","{citizen 42}","[85 0 170 100]","""""","9.9","false","{breed social-friends}","0","""default""","""none""","0"
"{citizen 34}","{citizen 43}","[85 0 170 100]","""""","9.9","false","{breed social-friends}","0","""default""","""none""","0"
"{citizen 34}","{citizen 44}","[85 0 170 100]","""""","9.9","false","{breed social-friends}","0","""default""","""none""","0"
"{citizen 34}","{citizen 45}","[85 0 170 100]","""""","9.9","false","{breed social-friends}","0","""default""","""none""","0"
"{citizen 34}","{citizen 46}","[85 0 170 100]","""""","9.9","false","{breed social-friends}","0","""default""","""none""","0"
"{citizen 34}","{citizen 47}","[85 0 170 100]","""""","9.9","false","{breed social-friends}","0","""default""","""none""","0"
"{citizen 34}","{citizen 48}","[85 0 170 100]","""""","9.9","false","{breed social-friends}","0","""default""","""none""","0"
"{citizen 34}","{citizen 49}","[85 0 170 100]","""""","9.9","false","{breed social-friends}","0","""default""","""none""","0"
"{citizen 35}","{citizen 0}","[85 0 170 100]","""""","9.9","false","{breed social-friends}","0","""default""","""none""","0"
"{citizen 35}","{citizen 1}","[85 0 170 100]","""""","9.9","false","{breed social-friends}","0","""default""","""none""","0"
"{citizen 35}","{citizen 2}","[85 0 170 100]","""""","9.9","false","{breed social-friends}","0","""default""","""none""","0"
"{citizen 35}","{citizen 3}","[85 0 170 100]","""""","9.9","false","{breed social-friends}","0","""default""","""none""","0"
"{citizen 35}","{citizen 4}","[85 0 170 100]","""""","9.9","false","{breed social-friends}","0","""default""","""none""","0"
"{citizen 35}","{citizen 5}","[85 0 170 100]","""""","9.9","false","{breed social-friends}","0","""default""","""none""","0"
"{citizen 35}","{citizen 6}","[85 0 170 100]","""""","9.9","false","{breed social-friends}","0","""default""","""none""","0"
"{citizen 35}","{citizen 7}","[85 0 170 100]","""""","9.9","false","{breed social-friends}","0","""default""","""none""","0"
"{citizen 35}","{citizen 8}","[85 0 170 100]","""""","9.9","false","{breed social-friends}","0","""default""","""none""","0"
"{citizen 35}","{citizen 9}","[85 0 170 100]","""""","9.9","false","{breed social-friends}","0","""default""","""none""","0"
"{citizen 35}","{citizen 10}","[85 0 170 100]","""""","9.9","false","{breed social-friends}","0","""default""","""none""","0"
"{citizen 35}","{citizen 11}","[85 0 170 100]","""""","9.9","false","{breed social-friends}","0","""default""","""none""","0"
"{citizen 35}","{citizen 12}","[85 0 170 100]","""""","9.9","false","{breed social-friends}","0","""default""","""none""","0"
"{citizen 35}","{citizen 13}","[85 0 170 100]","""""","9.9","false","{breed social-friends}","0","""default""","""none""","0"
"{citizen 35}","{citizen 14}","[85 0 170 100]","""""","9.9","false","{breed social-friends}","0","""default""","""none""","0"
"{citizen 35}","{citizen 15}","[85 0 170 100]","""""","9.9","false","{breed social-friends}","0","""default""","""none""","0"
"{citizen 35}","{citizen 16}","[85 0 170 100]","""""","9.9","false","{breed social-friends}","0","""default""","""none""","0"
"{citizen 35}","{citizen 17}","[85 0 170 100]","""""","9.9","false","{breed social-friends}","0","""default""","""none""","0"
"{citizen 35}","{citizen 19}","[85 0 170 100]","""""","9.9","false","{breed social-friends}","0","""default""","""none""","0"
"{citizen 35}","{citizen 20}","[85 0 170 100]","""""","9.9","false","{breed social-friends}","0","""default""","""none""","0"
"{citizen 35}","{citizen 21}","[85 0 170 100]","""""","9.9","false","{breed social-friends}","0","""default""","""none""","0"
"{citizen 35}","{citizen 22}","[85 0 170 100]","""""","9.9","false","{breed social-friends}","0","""default""","""none""","0"
"{citizen 35}","{citizen 23}","[85 0 170 100]","""""","9.9","false","{breed social-friends}","0","""default""","""none""","0"
"{citizen 35}","{citizen 24}","[85 0 170 100]","""""","9.9","false","{breed social-friends}","0","""default""","""none""","0"
"{citizen 35}","{citizen 26}","[85 0 170 100]","""""","9.9","false","{breed social-friends}","0","""default""","""none""","0"
"{citizen 35}","{citizen 27}","[85 0 170 100]","""""","9.9","false","{breed social-friends}","0","""default""","""none""","0"
"{citizen 35}","{citizen 28}","[85 0 170 100]","""""","9.9","false","{breed social-friends}","0","""default""","""none""","0"
"{citizen 35}","{citizen 29}","[85 0 170 100]","""""","9.9","false","{breed social-friends}","0","""default""","""none""","0"
"{citizen 35}","{citizen 30}","[85 0 170 100]","""""","9.9","false","{breed social-friends}","0","""default""","""none""","0"
"{citizen 35}","{citizen 31}","[85 0 170 100]","""""","9.9","false","{breed social-friends}","0","""default""","""none""","0"
"{citizen 35}","{citizen 32}","[85 0 170 100]","""""","9.9","false","{breed social-friends}","0","""default""","""none""","0"
"{citizen 35}","{citizen 34}","[85 0 170 100]","""""","9.9","false","{breed social-friends}","0","""default""","""none""","0"
"{citizen 35}","{citizen 36}","[85 0 170 100]","""""","9.9","false","{breed social-friends}","0","""default""","""none""","0"
"{citizen 35}","{citizen 37}","[85 0 170 100]","""""","9.9","false","{breed social-friends}","0","""default""","""none""","0"
"{citizen 35}","{citizen 38}","[85 0 170 100]","""""","9.9","false","{breed social-friends}","0","""default""","""none""","0"
"{citizen 35}","{citizen 39}","[85 0 170 100]","""""","9.9","false","{breed social-friends}","0","""default""","""none""","0"
"{citizen 35}","{citizen 40}","[85 0 170 100]","""""","9.9","false","{breed social-friends}","0","""default""","""none""","0"
"{citizen 35}","{citizen 41}","[85 0 170 100]","""""","9.9","false","{breed social-friends}","0","""default""","""none""","0"
"{citizen 35}","{citizen 42}","[85 0 170 100]","""""","9.9","false","{breed social-friends}","0","""default""","""none""","0"
"{citizen 35}","{citizen 43}","[85 0 170 100]","""""","9.9","false","{breed social-friends}","0","""default""","""none""","0"
"{citizen 35}","{citizen 44}","[85 0 170 100]","""""","9.9","false","{breed social-friends}","0","""default""","""none""","0"
"{citizen 35}","{citizen 45}","[85 0 170 100]","""""","9.9","false","{breed social-friends}","0","""default""","""none""","0"
"{citizen 35}","{citizen 46}","[85 0 170 100]","""""","9.9","false","{breed social-friends}","0","""default""","""none""","0"
"{citizen 35}","{citizen 47}","[85 0 170 100]","""""","9.9","false","{breed social-friends}","0","""default""","""none""","0"
"{citizen 35}","{citizen 48}","[85 0 170 100]","""""","9.9","false","{breed social-friends}","0","""default""","""none""","0"
"{citizen 35}","{citizen 49}","[85 0 170 100]","""""","9.9","false","{breed social-friends}","0","""default""","""none""","0"
"{citizen 36}","{citizen 0}","[85 0 170 100]","""""","9.9","false","{breed social-friends}","0","""default""","""none""","0"
"{citizen 36}","{citizen 1}","[85 0 170 100]","""""","9.9","false","{breed social-friends}","0","""default""","""none""","0"
"{citizen 36}","{citizen 2}","[85 0 170 100]","""""","9.9","false","{breed social-friends}","0","""default""","""none""","0"
"{citizen 36}","{citizen 3}","[85 0 170 100]","""""","9.9","false","{breed social-friends}","0","""default""","""none""","0"
"{citizen 36}","{citizen 4}","[85 0 170 100]","""""","9.9","false","{breed social-friends}","0","""default""","""none""","0"
"{citizen 36}","{citizen 5}","[85 0 170 100]","""""","9.9","false","{breed social-friends}","0","""default""","""none""","0"
"{citizen 36}","{citizen 6}","[85 0 170 100]","""""","9.9","false","{breed social-friends}","0","""default""","""none""","0"
"{citizen 36}","{citizen 7}","[85 0 170 100]","""""","9.9","false","{breed social-friends}","0","""default""","""none""","0"
"{citizen 36}","{citizen 8}","[85 0 170 100]","""""","9.9","false","{breed social-friends}","0","""default""","""none""","0"
"{citizen 36}","{citizen 9}","[85 0 170 100]","""""","9.9","false","{breed social-friends}","0","""default""","""none""","0"
"{citizen 36}","{citizen 10}","[85 0 170 100]","""""","9.9","false","{breed social-friends}","0","""default""","""none""","0"
"{citizen 36}","{citizen 11}","[85 0 170 100]","""""","9.9","false","{breed social-friends}","0","""default""","""none""","0"
"{citizen 36}","{citizen 12}","[85 0 170 100]","""""","9.9","false","{breed social-friends}","0","""default""","""none""","0"
"{citizen 36}","{citizen 13}","[85 0 170 100]","""""","9.9","false","{breed social-friends}","0","""default""","""none""","0"
"{citizen 36}","{citizen 14}","[85 0 170 100]","""""","9.9","false","{breed social-friends}","0","""default""","""none""","0"
"{citizen 36}","{citizen 15}","[85 0 170 100]","""""","9.9","false","{breed social-friends}","0","""default""","""none""","0"
"{citizen 36}","{citizen 16}","[85 0 170 100]","""""","9.9","false","{breed social-friends}","0","""default""","""none""","0"
"{citizen 36}","{citizen 17}","[85 0 170 100]","""""","9.9","false","{breed social-friends}","0","""default""","""none""","0"
"{citizen 36}","{citizen 19}","[85 0 170 100]","""""","9.9","false","{breed social-friends}","0","""default""","""none""","0"
"{citizen 36}","{citizen 20}","[85 0 170 100]","""""","9.9","false","{breed social-friends}","0","""default""","""none""","0"
"{citizen 36}","{citizen 21}","[85 0 170 100]","""""","9.9","false","{breed social-friends}","0","""default""","""none""","0"
"{citizen 36}","{citizen 22}","[85 0 170 100]","""""","9.9","false","{breed social-friends}","0","""default""","""none""","0"
"{citizen 36}","{citizen 23}","[85 0 170 100]","""""","9.9","false","{breed social-friends}","0","""default""","""none""","0"
"{citizen 36}","{citizen 24}","[85 0 170 100]","""""","9.9","false","{breed social-friends}","0","""default""","""none""","0"
"{citizen 36}","{citizen 26}","[85 0 170 100]","""""","9.9","false","{breed social-friends}","0","""default""","""none""","0"
"{citizen 36}","{citizen 27}","[85 0 170 100]","""""","9.9","false","{breed social-friends}","0","""default""","""none""","0"
"{citizen 36}","{citizen 28}","[85 0 170 100]","""""","9.9","false","{breed social-friends}","0","""default""","""none""","0"
"{citizen 36}","{citizen 29}","[85 0 170 100]","""""","9.9","false","{breed social-friends}","0","""default""","""none""","0"
"{citizen 36}","{citizen 30}","[85 0 170 100]","""""","9.9","false","{breed social-friends}","0","""default""","""none""","0"
"{citizen 36}","{citizen 31}","[85 0 170 100]","""""","9.9","false","{breed social-friends}","0","""default""","""none""","0"
"{citizen 36}","{citizen 32}","[85 0 170 100]","""""","9.9","false","{breed social-friends}","0","""default""","""none""","0"
"{citizen 36}","{citizen 34}","[85 0 170 100]","""""","9.9","false","{breed social-friends}","0","""default""","""none""","0"
"{citizen 36}","{citizen 35}","[85 0 170 100]","""""","9.9","false","{breed social-friends}","0","""default""","""none""","0"
"{citizen 36}","{citizen 37}","[85 0 170 100]","""""","9.9","false","{breed social-friends}","0","""default""","""none""","0"
"{citizen 36}","{citizen 38}","[85 0 170 100]","""""","9.9","false","{breed social-friends}","0","""default""","""none""","0"
"{citizen 36}","{citizen 39}","[85 0 170 100]","""""","9.9","false","{breed social-friends}","0","""default""","""none""","0"
"{citizen 36}","{citizen 40}","[85 0 170 100]","""""","9.9","false","{breed social-friends}","0","""default""","""none""","0"
"{citizen 36}","{citizen 41}","[85 0 170 100]","""""","9.9","false","{breed social-friends}","0","""default""","""none""","0"
"{citizen 36}","{citizen 42}","[85 0 170 100]","""""","9.9","false","{breed social-friends}","0","""default""","""none""","0"
"{citizen 36}","{citizen 43}","[85 0 170 100]","""""","9.9","false","{breed social-friends}","0","""default""","""none""","0"
"{citizen 36}","{citizen 44}","[85 0 170 100]","""""","9.9","false","{breed social-friends}","0","""default""","""none""","0"
"{citizen 36}","{citizen 45}","[85 0 170 100]","""""","9.9","false","{breed social-friends}","0","""default""","""none""","0"
"{citizen 36}","{citizen 46}","[85 0 170 100]","""""","9.9","false","{breed social-friends}","0","""default""","""none""","0"
"{citizen 36}","{citizen 47}","[85 0 170 100]","""""","9.9","false","{breed social-friends}","0","""default""","""none""","0"
"{citizen 36}","{citizen 48}","[85 0 170 100]","""""","9.9","false","{breed social-friends}","0","""default""","""none""","0"
"{citizen 36}","{citizen 49}","[85 0 170 100]","""""","9.9","false","{breed social-friends}","0","""default""","""none""","0"
"{citizen 37}","{citizen 0}","[85 0 170 100]","""""","9.9","false","{breed social-friends}","0","""default""","""none""","0"
"{citizen 37}","{citizen 1}","[85 0 170 100]","""""","9.9","false","{breed social-friends}","0","""default""","""none""","0"
"{citizen 37}","{citizen 2}","[85 0 170 100]","""""","9.9","false","{breed social-friends}","0","""default""","""none""","0"
"{citizen 37}","{citizen 3}","[85 0 170 100]","""""","9.9","false","{breed social-friends}","0","""default""","""none""","0"
"{citizen 37}","{citizen 4}","[85 0 170 100]","""""","9.9","false","{breed social-friends}","0","""default""","""none""","0"
"{citizen 37}","{citizen 5}","[85 0 170 100]","""""","9.9","false","{breed social-friends}","0","""default""","""none""","0"
"{citizen 37}","{citizen 6}","[85 0 170 100]","""""","9.9","false","{breed social-friends}","0","""default""","""none""","0"
"{citizen 37}","{citizen 7}","[85 0 170 100]","""""","9.9","false","{breed social-friends}","0","""default""","""none""","0"
"{citizen 37}","{citizen 8}","[85 0 170 100]","""""","9.9","false","{breed social-friends}","0","""default""","""none""","0"
"{citizen 37}","{citizen 9}","[85 0 170 100]","""""","9.9","false","{breed social-friends}","0","""default""","""none""","0"
"{citizen 37}","{citizen 10}","[85 0 170 100]","""""","9.9","false","{breed social-friends}","0","""default""","""none""","0"
"{citizen 37}","{citizen 11}","[85 0 170 100]","""""","9.9","false","{breed social-friends}","0","""default""","""none""","0"
"{citizen 37}","{citizen 12}","[85 0 170 100]","""""","9.9","false","{breed social-friends}","0","""default""","""none""","0"
"{citizen 37}","{citizen 13}","[85 0 170 100]","""""","9.9","false","{breed social-friends}","0","""default""","""none""","0"
"{citizen 37}","{citizen 14}","[85 0 170 100]","""""","9.9","false","{breed social-friends}","0","""default""","""none""","0"
"{citizen 37}","{citizen 15}","[85 0 170 100]","""""","9.9","false","{breed social-friends}","0","""default""","""none""","0"
"{citizen 37}","{citizen 16}","[85 0 170 100]","""""","9.9","false","{breed social-friends}","0","""default""","""none""","0"
"{citizen 37}","{citizen 17}","[85 0 170 100]","""""","9.9","false","{breed social-friends}","0","""default""","""none""","0"
"{citizen 37}","{citizen 19}","[85 0 170 100]","""""","9.9","false","{breed social-friends}","0","""default""","""none""","0"
"{citizen 37}","{citizen 20}","[85 0 170 100]","""""","9.9","false","{breed social-friends}","0","""default""","""none""","0"
"{citizen 37}","{citizen 21}","[85 0 170 100]","""""","9.9","false","{breed social-friends}","0","""default""","""none""","0"
"{citizen 37}","{citizen 22}","[85 0 170 100]","""""","9.9","false","{breed social-friends}","0","""default""","""none""","0"
"{citizen 37}","{citizen 23}","[85 0 170 100]","""""","9.9","false","{breed social-friends}","0","""default""","""none""","0"
"{citizen 37}","{citizen 24}","[85 0 170 100]","""""","9.9","false","{breed social-friends}","0","""default""","""none""","0"
"{citizen 37}","{citizen 26}","[85 0 170 100]","""""","9.9","false","{breed social-friends}","0","""default""","""none""","0"
"{citizen 37}","{citizen 27}","[85 0 170 100]","""""","9.9","false","{breed social-friends}","0","""default""","""none""","0"
"{citizen 37}","{citizen 28}","[85 0 170 100]","""""","9.9","false","{breed social-friends}","0","""default""","""none""","0"
"{citizen 37}","{citizen 29}","[85 0 170 100]","""""","9.9","false","{breed social-friends}","0","""default""","""none""","0"
"{citizen 37}","{citizen 30}","[85 0 170 100]","""""","9.9","false","{breed social-friends}","0","""default""","""none""","0"
"{citizen 37}","{citizen 31}","[85 0 170 100]","""""","9.9","false","{breed social-friends}","0","""default""","""none""","0"
"{citizen 37}","{citizen 32}","[85 0 170 100]","""""","9.9","false","{breed social-friends}","0","""default""","""none""","0"
"{citizen 37}","{citizen 34}","[85 0 170 100]","""""","9.9","false","{breed social-friends}","0","""default""","""none""","0"
"{citizen 37}","{citizen 35}","[85 0 170 100]","""""","9.9","false","{breed social-friends}","0","""default""","""none""","0"
"{citizen 37}","{citizen 36}","[85 0 170 100]","""""","9.9","false","{breed social-friends}","0","""default""","""none""","0"
"{citizen 37}","{citizen 38}","[85 0 170 100]","""""","9.9","false","{breed social-friends}","0","""default""","""none""","0"
"{citizen 37}","{citizen 39}","[85 0 170 100]","""""","9.9","false","{breed social-friends}","0","""default""","""none""","0"
"{citizen 37}","{citizen 40}","[85 0 170 100]","""""","9.9","false","{breed social-friends}","0","""default""","""none""","0"
"{citizen 37}","{citizen 41}","[85 0 170 100]","""""","9.9","false","{breed social-friends}","0","""default""","""none""","0"
"{citizen 37}","{citizen 42}","[85 0 170 100]","""""","9.9","false","{breed social-friends}","0","""default""","""none""","0"
"{citizen 37}","{citizen 43}","[85 0 170 100]","""""","9.9","false","{breed social-friends}","0","""default""","""none""","0"
"{citizen 37}","{citizen 44}","[85 0 170 100]","""""","9.9","false","{breed social-friends}","0","""default""","""none""","0"
"{citizen 37}","{citizen 45}","[85 0 170 100]","""""","9.9","false","{breed social-friends}","0","""default""","""none""","0"
"{citizen 37}","{citizen 46}","[85 0 170 100]","""""","9.9","false","{breed social-friends}","0","""default""","""none""","0"
"{citizen 37}","{citizen 47}","[85 0 170 100]","""""","9.9","false","{breed social-friends}","0","""default""","""none""","0"
"{citizen 37}","{citizen 48}","[85 0 170 100]","""""","9.9","false","{breed social-friends}","0","""default""","""none""","0"
"{citizen 37}","{citizen 49}","[85 0 170 100]","""""","9.9","false","{breed social-friends}","0","""default""","""none""","0"
"{citizen 38}","{citizen 0}","[85 0 170 100]","""""","9.9","false","{breed social-friends}","0","""default""","""none""","0"
"{citizen 38}","{citizen 1}","[85 0 170 100]","""""","9.9","false","{breed social-friends}","0","""default""","""none""","0"
"{citizen 38}","{citizen 2}","[85 0 170 100]","""""","9.9","false","{breed social-friends}","0","""default""","""none""","0"
"{citizen 38}","{citizen 3}","[85 0 170 100]","""""","9.9","false","{breed social-friends}","0","""default""","""none""","0"
"{citizen 38}","{citizen 4}","[85 0 170 100]","""""","9.9","false","{breed social-friends}","0","""default""","""none""","0"
"{citizen 38}","{citizen 5}","[85 0 170 100]","""""","9.9","false","{breed social-friends}","0","""default""","""none""","0"
"{citizen 38}","{citizen 6}","[85 0 170 100]","""""","9.9","false","{breed social-friends}","0","""default""","""none""","0"
"{citizen 38}","{citizen 7}","[85 0 170 100]","""""","9.9","false","{breed social-friends}","0","""default""","""none""","0"
"{citizen 38}","{citizen 8}","[85 0 170 100]","""""","9.9","false","{breed social-friends}","0","""default""","""none""","0"
"{citizen 38}","{citizen 9}","[85 0 170 100]","""""","9.9","false","{breed social-friends}","0","""default""","""none""","0"
"{citizen 38}","{citizen 10}","[85 0 170 100]","""""","9.9","false","{breed social-friends}","0","""default""","""none""","0"
"{citizen 38}","{citizen 11}","[85 0 170 100]","""""","9.9","false","{breed social-friends}","0","""default""","""none""","0"
"{citizen 38}","{citizen 12}","[85 0 170 100]","""""","9.9","false","{breed social-friends}","0","""default""","""none""","0"
"{citizen 38}","{citizen 13}","[85 0 170 100]","""""","9.9","false","{breed social-friends}","0","""default""","""none""","0"
"{citizen 38}","{citizen 14}","[85 0 170 100]","""""","9.9","false","{breed social-friends}","0","""default""","""none""","0"
"{citizen 38}","{citizen 15}","[85 0 170 100]","""""","9.9","false","{breed social-friends}","0","""default""","""none""","0"
"{citizen 38}","{citizen 16}","[85 0 170 100]","""""","9.9","false","{breed social-friends}","0","""default""","""none""","0"
"{citizen 38}","{citizen 17}","[85 0 170 100]","""""","9.9","false","{breed social-friends}","0","""default""","""none""","0"
"{citizen 38}","{citizen 19}","[85 0 170 100]","""""","9.9","false","{breed social-friends}","0","""default""","""none""","0"
"{citizen 38}","{citizen 20}","[85 0 170 100]","""""","9.9","false","{breed social-friends}","0","""default""","""none""","0"
"{citizen 38}","{citizen 21}","[85 0 170 100]","""""","9.9","false","{breed social-friends}","0","""default""","""none""","0"
"{citizen 38}","{citizen 22}","[85 0 170 100]","""""","9.9","false","{breed social-friends}","0","""default""","""none""","0"
"{citizen 38}","{citizen 23}","[85 0 170 100]","""""","9.9","false","{breed social-friends}","0","""default""","""none""","0"
"{citizen 38}","{citizen 24}","[85 0 170 100]","""""","9.9","false","{breed social-friends}","0","""default""","""none""","0"
"{citizen 38}","{citizen 26}","[85 0 170 100]","""""","9.9","false","{breed social-friends}","0","""default""","""none""","0"
"{citizen 38}","{citizen 27}","[85 0 170 100]","""""","9.9","false","{breed social-friends}","0","""default""","""none""","0"
"{citizen 38}","{citizen 28}","[85 0 170 100]","""""","9.9","false","{breed social-friends}","0","""default""","""none""","0"
"{citizen 38}","{citizen 29}","[85 0 170 100]","""""","9.9","false","{breed social-friends}","0","""default""","""none""","0"
"{citizen 38}","{citizen 30}","[85 0 170 100]","""""","9.9","false","{breed social-friends}","0","""default""","""none""","0"
"{citizen 38}","{citizen 31}","[85 0 170 100]","""""","9.9","false","{breed social-friends}","0","""default""","""none""","0"
"{citizen 38}","{citizen 32}","[85 0 170 100]","""""","9.9","false","{breed social-friends}","0","""default""","""none""","0"
"{citizen 38}","{citizen 34}","[85 0 170 100]","""""","9.9","false","{breed social-friends}","0","""default""","""none""","0"
"{citizen 38}","{citizen 35}","[85 0 170 100]","""""","9.9","false","{breed social-friends}","0","""default""","""none""","0"
"{citizen 38}","{citizen 36}","[85 0 170 100]","""""","9.9","false","{breed social-friends}","0","""default""","""none""","0"
"{citizen 38}","{citizen 37}","[85 0 170 100]","""""","9.9","false","{breed social-friends}","0","""default""","""none""","0"
"{citizen 38}","{citizen 39}","[85 0 170 100]","""""","9.9","false","{breed social-friends}","0","""default""","""none""","0"
"{citizen 38}","{citizen 40}","[85 0 170 100]","""""","9.9","false","{breed social-friends}","0","""default""","""none""","0"
"{citizen 38}","{citizen 41}","[85 0 170 100]","""""","9.9","false","{breed social-friends}","0","""default""","""none""","0"
"{citizen 38}","{citizen 42}","[85 0 170 100]","""""","9.9","false","{breed social-friends}","0","""default""","""none""","0"
"{citizen 38}","{citizen 43}","[85 0 170 100]","""""","9.9","false","{breed social-friends}","0","""default""","""none""","0"
"{citizen 38}","{citizen 44}","[85 0 170 100]","""""","9.9","false","{breed social-friends}","0","""default""","""none""","0"
"{citizen 38}","{citizen 45}","[85 0 170 100]","""""","9.9","false","{breed social-friends}","0","""default""","""none""","0"
"{citizen 38}","{citizen 46}","[85 0 170 100]","""""","9.9","false","{breed social-friends}","0","""default""","""none""","0"
"{citizen 38}","{citizen 47}","[85 0 170 100]","""""","9.9","false","{breed social-friends}","0","""default""","""none""","0"
"{citizen 38}","{citizen 48}","[85 0 170 100]","""""","9.9","false","{breed social-friends}","0","""default""","""none""","0"
"{citizen 38}","{citizen 49}","[85 0 170 100]","""""","9.9","false","{breed social-friends}","0","""default""","""none""","0"
"{citizen 39}","{citizen 0}","[85 0 170 100]","""""","9.9","false","{breed social-friends}","0","""default""","""none""","0"
"{citizen 39}","{citizen 1}","[85 0 170 100]","""""","9.9","false","{breed social-friends}","0","""default""","""none""","0"
"{citizen 39}","{citizen 2}","[85 0 170 100]","""""","9.9","false","{breed social-friends}","0","""default""","""none""","0"
"{citizen 39}","{citizen 3}","[85 0 170 100]","""""","9.9","false","{breed social-friends}","0","""default""","""none""","0"
"{citizen 39}","{citizen 4}","[85 0 170 100]","""""","9.9","false","{breed social-friends}","0","""default""","""none""","0"
"{citizen 39}","{citizen 5}","[85 0 170 100]","""""","9.9","false","{breed social-friends}","0","""default""","""none""","0"
"{citizen 39}","{citizen 6}","[85 0 170 100]","""""","9.9","false","{breed social-friends}","0","""default""","""none""","0"
"{citizen 39}","{citizen 7}","[85 0 170 100]","""""","9.9","false","{breed social-friends}","0","""default""","""none""","0"
"{citizen 39}","{citizen 8}","[85 0 170 100]","""""","9.9","false","{breed social-friends}","0","""default""","""none""","0"
"{citizen 39}","{citizen 9}","[85 0 170 100]","""""","9.9","false","{breed social-friends}","0","""default""","""none""","0"
"{citizen 39}","{citizen 10}","[85 0 170 100]","""""","9.9","false","{breed social-friends}","0","""default""","""none""","0"
"{citizen 39}","{citizen 11}","[85 0 170 100]","""""","9.9","false","{breed social-friends}","0","""default""","""none""","0"
"{citizen 39}","{citizen 12}","[85 0 170 100]","""""","9.9","false","{breed social-friends}","0","""default""","""none""","0"
"{citizen 39}","{citizen 13}","[85 0 170 100]","""""","9.9","false","{breed social-friends}","0","""default""","""none""","0"
"{citizen 39}","{citizen 14}","[85 0 170 100]","""""","9.9","false","{breed social-friends}","0","""default""","""none""","0"
"{citizen 39}","{citizen 15}","[85 0 170 100]","""""","9.9","false","{breed social-friends}","0","""default""","""none""","0"
"{citizen 39}","{citizen 16}","[85 0 170 100]","""""","9.9","false","{breed social-friends}","0","""default""","""none""","0"
"{citizen 39}","{citizen 17}","[85 0 170 100]","""""","9.9","false","{breed social-friends}","0","""default""","""none""","0"
"{citizen 39}","{citizen 19}","[85 0 170 100]","""""","9.9","false","{breed social-friends}","0","""default""","""none""","0"
"{citizen 39}","{citizen 20}","[85 0 170 100]","""""","9.9","false","{breed social-friends}","0","""default""","""none""","0"
"{citizen 39}","{citizen 21}","[85 0 170 100]","""""","9.9","false","{breed social-friends}","0","""default""","""none""","0"
"{citizen 39}","{citizen 22}","[85 0 170 100]","""""","9.9","false","{breed social-friends}","0","""default""","""none""","0"
"{citizen 39}","{citizen 23}","[85 0 170 100]","""""","9.9","false","{breed social-friends}","0","""default""","""none""","0"
"{citizen 39}","{citizen 24}","[85 0 170 100]","""""","9.9","false","{breed social-friends}","0","""default""","""none""","0"
"{citizen 39}","{citizen 26}","[85 0 170 100]","""""","9.9","false","{breed social-friends}","0","""default""","""none""","0"
"{citizen 39}","{citizen 27}","[85 0 170 100]","""""","9.9","false","{breed social-friends}","0","""default""","""none""","0"
"{citizen 39}","{citizen 28}","[85 0 170 100]","""""","9.9","false","{breed social-friends}","0","""default""","""none""","0"
"{citizen 39}","{citizen 29}","[85 0 170 100]","""""","9.9","false","{breed social-friends}","0","""default""","""none""","0"
"{citizen 39}","{citizen 30}","[85 0 170 100]","""""","9.9","false","{breed social-friends}","0","""default""","""none""","0"
"{citizen 39}","{citizen 31}","[85 0 170 100]","""""","9.9","false","{breed social-friends}","0","""default""","""none""","0"
"{citizen 39}","{citizen 32}","[85 0 170 100]","""""","9.9","false","{breed social-friends}","0","""default""","""none""","0"
"{citizen 39}","{citizen 34}","[85 0 170 100]","""""","9.9","false","{breed social-friends}","0","""default""","""none""","0"
"{citizen 39}","{citizen 35}","[85 0 170 100]","""""","9.9","false","{breed social-friends}","0","""default""","""none""","0"
"{citizen 39}","{citizen 36}","[85 0 170 100]","""""","9.9","false","{breed social-friends}","0","""default""","""none""","0"
"{citizen 39}","{citizen 37}","[85 0 170 100]","""""","9.9","false","{breed social-friends}","0","""default""","""none""","0"
"{citizen 39}","{citizen 38}","[85 0 170 100]","""""","9.9","false","{breed social-friends}","0","""default""","""none""","0"
"{citizen 39}","{citizen 40}","[85 0 170 100]","""""","9.9","false","{breed social-friends}","0","""default""","""none""","0"
"{citizen 39}","{citizen 41}","[85 0 170 100]","""""","9.9","false","{breed social-friends}","0","""default""","""none""","0"
"{citizen 39}","{citizen 42}","[85 0 170 100]","""""","9.9","false","{breed social-friends}","0","""default""","""none""","0"
"{citizen 39}","{citizen 43}","[85 0 170 100]","""""","9.9","false","{breed social-friends}","0","""default""","""none""","0"
"{citizen 39}","{citizen 44}","[85 0 170 100]","""""","9.9","false","{breed social-friends}","0","""default""","""none""","0"
"{citizen 39}","{citizen 45}","[85 0 170 100]","""""","9.9","false","{breed social-friends}","0","""default""","""none""","0"
"{citizen 39}","{citizen 46}","[85 0 170 100]","""""","9.9","false","{breed social-friends}","0","""default""","""none""","0"
"{citizen 39}","{citizen 47}","[85 0 170 100]","""""","9.9","false","{breed social-friends}","0","""default""","""none""","0"
"{citizen 39}","{citizen 48}","[85 0 170 100]","""""","9.9","false","{breed social-friends}","0","""default""","""none""","0"
"{citizen 39}","{citizen 49}","[85 0 170 100]","""""","9.9","false","{breed social-friends}","0","""default""","""none""","0"
"{citizen 40}","{citizen 0}","[85 0 170 100]","""""","9.9","false","{breed social-friends}","0","""default""","""none""","0"
"{citizen 40}","{citizen 1}","[85 0 170 100]","""""","9.9","false","{breed social-friends}","0","""default""","""none""","0"
"{citizen 40}","{citizen 2}","[85 0 170 100]","""""","9.9","false","{breed social-friends}","0","""default""","""none""","0"
"{citizen 40}","{citizen 3}","[85 0 170 100]","""""","9.9","false","{breed social-friends}","0","""default""","""none""","0"
"{citizen 40}","{citizen 4}","[85 0 170 100]","""""","9.9","false","{breed social-friends}","0","""default""","""none""","0"
"{citizen 40}","{citizen 5}","[85 0 170 100]","""""","9.9","false","{breed social-friends}","0","""default""","""none""","0"
"{citizen 40}","{citizen 6}","[85 0 170 100]","""""","9.9","false","{breed social-friends}","0","""default""","""none""","0"
"{citizen 40}","{citizen 7}","[85 0 170 100]","""""","9.9","false","{breed social-friends}","0","""default""","""none""","0"
"{citizen 40}","{citizen 8}","[85 0 170 100]","""""","9.9","false","{breed social-friends}","0","""default""","""none""","0"
"{citizen 40}","{citizen 9}","[85 0 170 100]","""""","9.9","false","{breed social-friends}","0","""default""","""none""","0"
"{citizen 40}","{citizen 10}","[85 0 170 100]","""""","9.9","false","{breed social-friends}","0","""default""","""none""","0"
"{citizen 40}","{citizen 11}","[85 0 170 100]","""""","9.9","false","{breed social-friends}","0","""default""","""none""","0"
"{citizen 40}","{citizen 12}","[85 0 170 100]","""""","9.9","false","{breed social-friends}","0","""default""","""none""","0"
"{citizen 40}","{citizen 13}","[85 0 170 100]","""""","9.9","false","{breed social-friends}","0","""default""","""none""","0"
"{citizen 40}","{citizen 14}","[85 0 170 100]","""""","9.9","false","{breed social-friends}","0","""default""","""none""","0"
"{citizen 40}","{citizen 15}","[85 0 170 100]","""""","9.9","false","{breed social-friends}","0","""default""","""none""","0"
"{citizen 40}","{citizen 16}","[85 0 170 100]","""""","9.9","false","{breed social-friends}","0","""default""","""none""","0"
"{citizen 40}","{citizen 17}","[85 0 170 100]","""""","9.9","false","{breed social-friends}","0","""default""","""none""","0"
"{citizen 40}","{citizen 19}","[85 0 170 100]","""""","9.9","false","{breed social-friends}","0","""default""","""none""","0"
"{citizen 40}","{citizen 20}","[85 0 170 100]","""""","9.9","false","{breed social-friends}","0","""default""","""none""","0"
"{citizen 40}","{citizen 21}","[85 0 170 100]","""""","9.9","false","{breed social-friends}","0","""default""","""none""","0"
"{citizen 40}","{citizen 22}","[85 0 170 100]","""""","9.9","false","{breed social-friends}","0","""default""","""none""","0"
"{citizen 40}","{citizen 23}","[85 0 170 100]","""""","9.9","false","{breed social-friends}","0","""default""","""none""","0"
"{citizen 40}","{citizen 24}","[85 0 170 100]","""""","9.9","false","{breed social-friends}","0","""default""","""none""","0"
"{citizen 40}","{citizen 26}","[85 0 170 100]","""""","9.9","false","{breed social-friends}","0","""default""","""none""","0"
"{citizen 40}","{citizen 27}","[85 0 170 100]","""""","9.9","false","{breed social-friends}","0","""default""","""none""","0"
"{citizen 40}","{citizen 28}","[85 0 170 100]","""""","9.9","false","{breed social-friends}","0","""default""","""none""","0"
"{citizen 40}","{citizen 29}","[85 0 170 100]","""""","9.9","false","{breed social-friends}","0","""default""","""none""","0"
"{citizen 40}","{citizen 30}","[85 0 170 100]","""""","9.9","false","{breed social-friends}","0","""default""","""none""","0"
"{citizen 40}","{citizen 31}","[85 0 170 100]","""""","9.9","false","{breed social-friends}","0","""default""","""none""","0"
"{citizen 40}","{citizen 32}","[85 0 170 100]","""""","9.9","false","{breed social-friends}","0","""default""","""none""","0"
"{citizen 40}","{citizen 34}","[85 0 170 100]","""""","9.9","false","{breed social-friends}","0","""default""","""none""","0"
"{citizen 40}","{citizen 35}","[85 0 170 100]","""""","9.9","false","{breed social-friends}","0","""default""","""none""","0"
"{citizen 40}","{citizen 36}","[85 0 170 100]","""""","9.9","false","{breed social-friends}","0","""default""","""none""","0"
"{citizen 40}","{citizen 37}","[85 0 170 100]","""""","9.9","false","{breed social-friends}","0","""default""","""none""","0"
"{citizen 40}","{citizen 38}","[85 0 170 100]","""""","9.9","false","{breed social-friends}","0","""default""","""none""","0"
"{citizen 40}","{citizen 39}","[85 0 170 100]","""""","9.9","false","{breed social-friends}","0","""default""","""none""","0"
"{citizen 40}","{citizen 41}","[85 0 170 100]","""""","9.9","false","{breed social-friends}","0","""default""","""none""","0"
"{citizen 40}","{citizen 42}","[85 0 170 100]","""""","9.9","false","{breed social-friends}","0","""default""","""none""","0"
"{citizen 40}","{citizen 43}","[85 0 170 100]","""""","9.9","false","{breed social-friends}","0","""default""","""none""","0"
"{citizen 40}","{citizen 44}","[85 0 170 100]","""""","9.9","false","{breed social-friends}","0","""default""","""none""","0"
"{citizen 40}","{citizen 45}","[85 0 170 100]","""""","9.9","false","{breed social-friends}","0","""default""","""none""","0"
"{citizen 40}","{citizen 46}","[85 0 170 100]","""""","9.9","false","{breed social-friends}","0","""default""","""none""","0"
"{citizen 40}","{citizen 47}","[85 0 170 100]","""""","9.9","false","{breed social-friends}","0","""default""","""none""","0"
"{citizen 40}","{citizen 48}","[85 0 170 100]","""""","9.9","false","{breed social-friends}","0","""default""","""none""","0"
"{citizen 40}","{citizen 49}","[85 0 170 100]","""""","9.9","false","{breed social-friends}","0","""default""","""none""","0"
"{citizen 41}","{citizen 0}","[85 0 170 100]","""""","9.9","false","{breed social-friends}","0","""default""","""none""","0"
"{citizen 41}","{citizen 1}","[85 0 170 100]","""""","9.9","false","{breed social-friends}","0","""default""","""none""","0"
"{citizen 41}","{citizen 2}","[85 0 170 100]","""""","9.9","false","{breed social-friends}","0","""default""","""none""","0"
"{citizen 41}","{citizen 3}","[85 0 170 100]","""""","9.9","false","{breed social-friends}","0","""default""","""none""","0"
"{citizen 41}","{citizen 4}","[85 0 170 100]","""""","9.9","false","{breed social-friends}","0","""default""","""none""","0"
"{citizen 41}","{citizen 5}","[85 0 170 100]","""""","9.9","false","{breed social-friends}","0","""default""","""none""","0"
"{citizen 41}","{citizen 6}","[85 0 170 100]","""""","9.9","false","{breed social-friends}","0","""default""","""none""","0"
"{citizen 41}","{citizen 7}","[85 0 170 100]","""""","9.9","false","{breed social-friends}","0","""default""","""none""","0"
"{citizen 41}","{citizen 8}","[85 0 170 100]","""""","9.9","false","{breed social-friends}","0","""default""","""none""","0"
"{citizen 41}","{citizen 9}","[85 0 170 100]","""""","9.9","false","{breed social-friends}","0","""default""","""none""","0"
"{citizen 41}","{citizen 10}","[85 0 170 100]","""""","9.9","false","{breed social-friends}","0","""default""","""none""","0"
"{citizen 41}","{citizen 11}","[85 0 170 100]","""""","9.9","false","{breed social-friends}","0","""default""","""none""","0"
"{citizen 41}","{citizen 12}","[85 0 170 100]","""""","9.9","false","{breed social-friends}","0","""default""","""none""","0"
"{citizen 41}","{citizen 13}","[85 0 170 100]","""""","9.9","false","{breed social-friends}","0","""default""","""none""","0"
"{citizen 41}","{citizen 14}","[85 0 170 100]","""""","9.9","false","{breed social-friends}","0","""default""","""none""","0"
"{citizen 41}","{citizen 15}","[85 0 170 100]","""""","9.9","false","{breed social-friends}","0","""default""","""none""","0"
"{citizen 41}","{citizen 16}","[85 0 170 100]","""""","9.9","false","{breed social-friends}","0","""default""","""none""","0"
"{citizen 41}","{citizen 17}","[85 0 170 100]","""""","9.9","false","{breed social-friends}","0","""default""","""none""","0"
"{citizen 41}","{citizen 19}","[85 0 170 100]","""""","9.9","false","{breed social-friends}","0","""default""","""none""","0"
"{citizen 41}","{citizen 20}","[85 0 170 100]","""""","9.9","false","{breed social-friends}","0","""default""","""none""","0"
"{citizen 41}","{citizen 21}","[85 0 170 100]","""""","9.9","false","{breed social-friends}","0","""default""","""none""","0"
"{citizen 41}","{citizen 22}","[85 0 170 100]","""""","9.9","false","{breed social-friends}","0","""default""","""none""","0"
"{citizen 41}","{citizen 23}","[85 0 170 100]","""""","9.9","false","{breed social-friends}","0","""default""","""none""","0"
"{citizen 41}","{citizen 24}","[85 0 170 100]","""""","9.9","false","{breed social-friends}","0","""default""","""none""","0"
"{citizen 41}","{citizen 26}","[85 0 170 100]","""""","9.9","false","{breed social-friends}","0","""default""","""none""","0"
"{citizen 41}","{citizen 27}","[85 0 170 100]","""""","9.9","false","{breed social-friends}","0","""default""","""none""","0"
"{citizen 41}","{citizen 28}","[85 0 170 100]","""""","9.9","false","{breed social-friends}","0","""default""","""none""","0"
"{citizen 41}","{citizen 29}","[85 0 170 100]","""""","9.9","false","{breed social-friends}","0","""default""","""none""","0"
"{citizen 41}","{citizen 30}","[85 0 170 100]","""""","9.9","false","{breed social-friends}","0","""default""","""none""","0"
"{citizen 41}","{citizen 31}","[85 0 170 100]","""""","9.9","false","{breed social-friends}","0","""default""","""none""","0"
"{citizen 41}","{citizen 32}","[85 0 170 100]","""""","9.9","false","{breed social-friends}","0","""default""","""none""","0"
"{citizen 41}","{citizen 34}","[85 0 170 100]","""""","9.9","false","{breed social-friends}","0","""default""","""none""","0"
"{citizen 41}","{citizen 35}","[85 0 170 100]","""""","9.9","false","{breed social-friends}","0","""default""","""none""","0"
"{citizen 41}","{citizen 36}","[85 0 170 100]","""""","9.9","false","{breed social-friends}","0","""default""","""none""","0"
"{citizen 41}","{citizen 37}","[85 0 170 100]","""""","9.9","false","{breed social-friends}","0","""default""","""none""","0"
"{citizen 41}","{citizen 38}","[85 0 170 100]","""""","9.9","false","{breed social-friends}","0","""default""","""none""","0"
"{citizen 41}","{citizen 39}","[85 0 170 100]","""""","9.9","false","{breed social-friends}","0","""default""","""none""","0"
"{citizen 41}","{citizen 40}","[85 0 170 100]","""""","9.9","false","{breed social-friends}","0","""default""","""none""","0"
"{citizen 41}","{citizen 42}","[85 0 170 100]","""""","9.9","false","{breed social-friends}","0","""default""","""none""","0"
"{citizen 41}","{citizen 43}","[85 0 170 100]","""""","9.9","false","{breed social-friends}","0","""default""","""none""","0"
"{citizen 41}","{citizen 44}","[85 0 170 100]","""""","9.9","false","{breed social-friends}","0","""default""","""none""","0"
"{citizen 41}","{citizen 45}","[85 0 170 100]","""""","9.9","false","{breed social-friends}","0","""default""","""none""","0"
"{citizen 41}","{citizen 46}","[85 0 170 100]","""""","9.9","false","{breed social-friends}","0","""default""","""none""","0"
"{citizen 41}","{citizen 47}","[85 0 170 100]","""""","9.9","false","{breed social-friends}","0","""default""","""none""","0"
"{citizen 41}","{citizen 48}","[85 0 170 100]","""""","9.9","false","{breed social-friends}","0","""default""","""none""","0"
"{citizen 41}","{citizen 49}","[85 0 170 100]","""""","9.9","false","{breed social-friends}","0","""default""","""none""","0"
"{citizen 42}","{citizen 0}","[85 0 170 100]","""""","9.9","false","{breed social-friends}","0","""default""","""none""","0"
"{citizen 42}","{citizen 1}","[85 0 170 100]","""""","9.9","false","{breed social-friends}","0","""default""","""none""","0"
"{citizen 42}","{citizen 2}","[85 0 170 100]","""""","9.9","false","{breed social-friends}","0","""default""","""none""","0"
"{citizen 42}","{citizen 3}","[85 0 170 100]","""""","9.9","false","{breed social-friends}","0","""default""","""none""","0"
"{citizen 42}","{citizen 4}","[85 0 170 100]","""""","9.9","false","{breed social-friends}","0","""default""","""none""","0"
"{citizen 42}","{citizen 5}","[85 0 170 100]","""""","9.9","false","{breed social-friends}","0","""default""","""none""","0"
"{citizen 42}","{citizen 6}","[85 0 170 100]","""""","9.9","false","{breed social-friends}","0","""default""","""none""","0"
"{citizen 42}","{citizen 7}","[85 0 170 100]","""""","9.9","false","{breed social-friends}","0","""default""","""none""","0"
"{citizen 42}","{citizen 8}","[85 0 170 100]","""""","9.9","false","{breed social-friends}","0","""default""","""none""","0"
"{citizen 42}","{citizen 9}","[85 0 170 100]","""""","9.9","false","{breed social-friends}","0","""default""","""none""","0"
"{citizen 42}","{citizen 10}","[85 0 170 100]","""""","9.9","false","{breed social-friends}","0","""default""","""none""","0"
"{citizen 42}","{citizen 11}","[85 0 170 100]","""""","9.9","false","{breed social-friends}","0","""default""","""none""","0"
"{citizen 42}","{citizen 12}","[85 0 170 100]","""""","9.9","false","{breed social-friends}","0","""default""","""none""","0"
"{citizen 42}","{citizen 13}","[85 0 170 100]","""""","9.9","false","{breed social-friends}","0","""default""","""none""","0"
"{citizen 42}","{citizen 14}","[85 0 170 100]","""""","9.9","false","{breed social-friends}","0","""default""","""none""","0"
"{citizen 42}","{citizen 15}","[85 0 170 100]","""""","9.9","false","{breed social-friends}","0","""default""","""none""","0"
"{citizen 42}","{citizen 16}","[85 0 170 100]","""""","9.9","false","{breed social-friends}","0","""default""","""none""","0"
"{citizen 42}","{citizen 17}","[85 0 170 100]","""""","9.9","false","{breed social-friends}","0","""default""","""none""","0"
"{citizen 42}","{citizen 19}","[85 0 170 100]","""""","9.9","false","{breed social-friends}","0","""default""","""none""","0"
"{citizen 42}","{citizen 20}","[85 0 170 100]","""""","9.9","false","{breed social-friends}","0","""default""","""none""","0"
"{citizen 42}","{citizen 21}","[85 0 170 100]","""""","9.9","false","{breed social-friends}","0","""default""","""none""","0"
"{citizen 42}","{citizen 22}","[85 0 170 100]","""""","9.9","false","{breed social-friends}","0","""default""","""none""","0"
"{citizen 42}","{citizen 23}","[85 0 170 100]","""""","9.9","false","{breed social-friends}","0","""default""","""none""","0"
"{citizen 42}","{citizen 24}","[85 0 170 100]","""""","9.9","false","{breed social-friends}","0","""default""","""none""","0"
"{citizen 42}","{citizen 26}","[85 0 170 100]","""""","9.9","false","{breed social-friends}","0","""default""","""none""","0"
"{citizen 42}","{citizen 27}","[85 0 170 100]","""""","9.9","false","{breed social-friends}","0","""default""","""none""","0"
"{citizen 42}","{citizen 28}","[85 0 170 100]","""""","9.9","false","{breed social-friends}","0","""default""","""none""","0"
"{citizen 42}","{citizen 29}","[85 0 170 100]","""""","9.9","false","{breed social-friends}","0","""default""","""none""","0"
"{citizen 42}","{citizen 30}","[85 0 170 100]","""""","9.9","false","{breed social-friends}","0","""default""","""none""","0"
"{citizen 42}","{citizen 31}","[85 0 170 100]","""""","9.9","false","{breed social-friends}","0","""default""","""none""","0"
"{citizen 42}","{citizen 32}","[85 0 170 100]","""""","9.9","false","{breed social-friends}","0","""default""","""none""","0"
"{citizen 42}","{citizen 34}","[85 0 170 100]","""""","9.9","false","{breed social-friends}","0","""default""","""none""","0"
"{citizen 42}","{citizen 35}","[85 0 170 100]","""""","9.9","false","{breed social-friends}","0","""default""","""none""","0"
"{citizen 42}","{citizen 36}","[85 0 170 100]","""""","9.9","false","{breed social-friends}","0","""default""","""none""","0"
"{citizen 42}","{citizen 37}","[85 0 170 100]","""""","9.9","false","{breed social-friends}","0","""default""","""none""","0"
"{citizen 42}","{citizen 38}","[85 0 170 100]","""""","9.9","false","{breed social-friends}","0","""default""","""none""","0"
"{citizen 42}","{citizen 39}","[85 0 170 100]","""""","9.9","false","{breed social-friends}","0","""default""","""none""","0"
"{citizen 42}","{citizen 40}","[85 0 170 100]","""""","9.9","false","{breed social-friends}","0","""default""","""none""","0"
"{citizen 42}","{citizen 41}","[85 0 170 100]","""""","9.9","false","{breed social-friends}","0","""default""","""none""","0"
"{citizen 42}","{citizen 43}","[85 0 170 100]","""""","9.9","false","{breed social-friends}","0","""default""","""none""","0"
"{citizen 42}","{citizen 44}","[85 0 170 100]","""""","9.9","false","{breed social-friends}","0","""default""","""none""","0"
"{citizen 42}","{citizen 45}","[85 0 170 100]","""""","9.9","false","{breed social-friends}","0","""default""","""none""","0"
"{citizen 42}","{citizen 46}","[85 0 170 100]","""""","9.9","false","{breed social-friends}","0","""default""","""none""","0"
"{citizen 42}","{citizen 47}","[85 0 170 100]","""""","9.9","false","{breed social-friends}","0","""default""","""none""","0"
"{citizen 42}","{citizen 48}","[85 0 170 100]","""""","9.9","false","{breed social-friends}","0","""default""","""none""","0"
"{citizen 42}","{citizen 49}","[85 0 170 100]","""""","9.9","false","{breed social-friends}","0","""default""","""none""","0"
"{citizen 43}","{citizen 0}","[85 0 170 100]","""""","9.9","false","{breed social-friends}","0","""default""","""none""","0"
"{citizen 43}","{citizen 1}","[85 0 170 100]","""""","9.9","false","{breed social-friends}","0","""default""","""none""","0"
"{citizen 43}","{citizen 2}","[85 0 170 100]","""""","9.9","false","{breed social-friends}","0","""default""","""none""","0"
"{citizen 43}","{citizen 3}","[85 0 170 100]","""""","9.9","false","{breed social-friends}","0","""default""","""none""","0"
"{citizen 43}","{citizen 4}","[85 0 170 100]","""""","9.9","false","{breed social-friends}","0","""default""","""none""","0"
"{citizen 43}","{citizen 5}","[85 0 170 100]","""""","9.9","false","{breed social-friends}","0","""default""","""none""","0"
"{citizen 43}","{citizen 6}","[85 0 170 100]","""""","9.9","false","{breed social-friends}","0","""default""","""none""","0"
"{citizen 43}","{citizen 7}","[85 0 170 100]","""""","9.9","false","{breed social-friends}","0","""default""","""none""","0"
"{citizen 43}","{citizen 8}","[85 0 170 100]","""""","9.9","false","{breed social-friends}","0","""default""","""none""","0"
"{citizen 43}","{citizen 9}","[85 0 170 100]","""""","9.9","false","{breed social-friends}","0","""default""","""none""","0"
"{citizen 43}","{citizen 10}","[85 0 170 100]","""""","9.9","false","{breed social-friends}","0","""default""","""none""","0"
"{citizen 43}","{citizen 11}","[85 0 170 100]","""""","9.9","false","{breed social-friends}","0","""default""","""none""","0"
"{citizen 43}","{citizen 12}","[85 0 170 100]","""""","9.9","false","{breed social-friends}","0","""default""","""none""","0"
"{citizen 43}","{citizen 13}","[85 0 170 100]","""""","9.9","false","{breed social-friends}","0","""default""","""none""","0"
"{citizen 43}","{citizen 14}","[85 0 170 100]","""""","9.9","false","{breed social-friends}","0","""default""","""none""","0"
"{citizen 43}","{citizen 15}","[85 0 170 100]","""""","9.9","false","{breed social-friends}","0","""default""","""none""","0"
"{citizen 43}","{citizen 16}","[85 0 170 100]","""""","9.9","false","{breed social-friends}","0","""default""","""none""","0"
"{citizen 43}","{citizen 17}","[85 0 170 100]","""""","9.9","false","{breed social-friends}","0","""default""","""none""","0"
"{citizen 43}","{citizen 19}","[85 0 170 100]","""""","9.9","false","{breed social-friends}","0","""default""","""none""","0"
"{citizen 43}","{citizen 20}","[85 0 170 100]","""""","9.9","false","{breed social-friends}","0","""default""","""none""","0"
"{citizen 43}","{citizen 21}","[85 0 170 100]","""""","9.9","false","{breed social-friends}","0","""default""","""none""","0"
"{citizen 43}","{citizen 22}","[85 0 170 100]","""""","9.9","false","{breed social-friends}","0","""default""","""none""","0"
"{citizen 43}","{citizen 23}","[85 0 170 100]","""""","9.9","false","{breed social-friends}","0","""default""","""none""","0"
"{citizen 43}","{citizen 24}","[85 0 170 100]","""""","9.9","false","{breed social-friends}","0","""default""","""none""","0"
"{citizen 43}","{citizen 26}","[85 0 170 100]","""""","9.9","false","{breed social-friends}","0","""default""","""none""","0"
"{citizen 43}","{citizen 27}","[85 0 170 100]","""""","9.9","false","{breed social-friends}","0","""default""","""none""","0"
"{citizen 43}","{citizen 28}","[85 0 170 100]","""""","9.9","false","{breed social-friends}","0","""default""","""none""","0"
"{citizen 43}","{citizen 29}","[85 0 170 100]","""""","9.9","false","{breed social-friends}","0","""default""","""none""","0"
"{citizen 43}","{citizen 30}","[85 0 170 100]","""""","9.9","false","{breed social-friends}","0","""default""","""none""","0"
"{citizen 43}","{citizen 31}","[85 0 170 100]","""""","9.9","false","{breed social-friends}","0","""default""","""none""","0"
"{citizen 43}","{citizen 32}","[85 0 170 100]","""""","9.9","false","{breed social-friends}","0","""default""","""none""","0"
"{citizen 43}","{citizen 34}","[85 0 170 100]","""""","9.9","false","{breed social-friends}","0","""default""","""none""","0"
"{citizen 43}","{citizen 35}","[85 0 170 100]","""""","9.9","false","{breed social-friends}","0","""default""","""none""","0"
"{citizen 43}","{citizen 36}","[85 0 170 100]","""""","9.9","false","{breed social-friends}","0","""default""","""none""","0"
"{citizen 43}","{citizen 37}","[85 0 170 100]","""""","9.9","false","{breed social-friends}","0","""default""","""none""","0"
"{citizen 43}","{citizen 38}","[85 0 170 100]","""""","9.9","false","{breed social-friends}","0","""default""","""none""","0"
"{citizen 43}","{citizen 39}","[85 0 170 100]","""""","9.9","false","{breed social-friends}","0","""default""","""none""","0"
"{citizen 43}","{citizen 40}","[85 0 170 100]","""""","9.9","false","{breed social-friends}","0","""default""","""none""","0"
"{citizen 43}","{citizen 41}","[85 0 170 100]","""""","9.9","false","{breed social-friends}","0","""default""","""none""","0"
"{citizen 43}","{citizen 42}","[85 0 170 100]","""""","9.9","false","{breed social-friends}","0","""default""","""none""","0"
"{citizen 43}","{citizen 44}","[85 0 170 100]","""""","9.9","false","{breed social-friends}","0","""default""","""none""","0"
"{citizen 43}","{citizen 45}","[85 0 170 100]","""""","9.9","false","{breed social-friends}","0","""default""","""none""","0"
"{citizen 43}","{citizen 46}","[85 0 170 100]","""""","9.9","false","{breed social-friends}","0","""default""","""none""","0"
"{citizen 43}","{citizen 47}","[85 0 170 100]","""""","9.9","false","{breed social-friends}","0","""default""","""none""","0"
"{citizen 43}","{citizen 48}","[85 0 170 100]","""""","9.9","false","{breed social-friends}","0","""default""","""none""","0"
"{citizen 43}","{citizen 49}","[85 0 170 100]","""""","9.9","false","{breed social-friends}","0","""default""","""none""","0"
"{citizen 44}","{citizen 0}","[85 0 170 100]","""""","9.9","false","{breed social-friends}","0","""default""","""none""","0"
"{citizen 44}","{citizen 1}","[85 0 170 100]","""""","9.9","false","{breed social-friends}","0","""default""","""none""","0"
"{citizen 44}","{citizen 2}","[85 0 170 100]","""""","9.9","false","{breed social-friends}","0","""default""","""none""","0"
"{citizen 44}","{citizen 3}","[85 0 170 100]","""""","9.9","false","{breed social-friends}","0","""default""","""none""","0"
"{citizen 44}","{citizen 4}","[85 0 170 100]","""""","9.9","false","{breed social-friends}","0","""default""","""none""","0"
"{citizen 44}","{citizen 5}","[85 0 170 100]","""""","9.9","false","{breed social-friends}","0","""default""","""none""","0"
"{citizen 44}","{citizen 6}","[85 0 170 100]","""""","9.9","false","{breed social-friends}","0","""default""","""none""","0"
"{citizen 44}","{citizen 7}","[85 0 170 100]","""""","9.9","false","{breed social-friends}","0","""default""","""none""","0"
"{citizen 44}","{citizen 8}","[85 0 170 100]","""""","9.9","false","{breed social-friends}","0","""default""","""none""","0"
"{citizen 44}","{citizen 9}","[85 0 170 100]","""""","9.9","false","{breed social-friends}","0","""default""","""none""","0"
"{citizen 44}","{citizen 10}","[85 0 170 100]","""""","9.9","false","{breed social-friends}","0","""default""","""none""","0"
"{citizen 44}","{citizen 11}","[85 0 170 100]","""""","9.9","false","{breed social-friends}","0","""default""","""none""","0"
"{citizen 44}","{citizen 12}","[85 0 170 100]","""""","9.9","false","{breed social-friends}","0","""default""","""none""","0"
"{citizen 44}","{citizen 13}","[85 0 170 100]","""""","9.9","false","{breed social-friends}","0","""default""","""none""","0"
"{citizen 44}","{citizen 14}","[85 0 170 100]","""""","9.9","false","{breed social-friends}","0","""default""","""none""","0"
"{citizen 44}","{citizen 15}","[85 0 170 100]","""""","9.9","false","{breed social-friends}","0","""default""","""none""","0"
"{citizen 44}","{citizen 16}","[85 0 170 100]","""""","9.9","false","{breed social-friends}","0","""default""","""none""","0"
"{citizen 44}","{citizen 17}","[85 0 170 100]","""""","9.9","false","{breed social-friends}","0","""default""","""none""","0"
"{citizen 44}","{citizen 19}","[85 0 170 100]","""""","9.9","false","{breed social-friends}","0","""default""","""none""","0"
"{citizen 44}","{citizen 20}","[85 0 170 100]","""""","9.9","false","{breed social-friends}","0","""default""","""none""","0"
"{citizen 44}","{citizen 21}","[85 0 170 100]","""""","9.9","false","{breed social-friends}","0","""default""","""none""","0"
"{citizen 44}","{citizen 22}","[85 0 170 100]","""""","9.9","false","{breed social-friends}","0","""default""","""none""","0"
"{citizen 44}","{citizen 23}","[85 0 170 100]","""""","9.9","false","{breed social-friends}","0","""default""","""none""","0"
"{citizen 44}","{citizen 24}","[85 0 170 100]","""""","9.9","false","{breed social-friends}","0","""default""","""none""","0"
"{citizen 44}","{citizen 26}","[85 0 170 100]","""""","9.9","false","{breed social-friends}","0","""default""","""none""","0"
"{citizen 44}","{citizen 27}","[85 0 170 100]","""""","9.9","false","{breed social-friends}","0","""default""","""none""","0"
"{citizen 44}","{citizen 28}","[85 0 170 100]","""""","9.9","false","{breed social-friends}","0","""default""","""none""","0"
"{citizen 44}","{citizen 29}","[85 0 170 100]","""""","9.9","false","{breed social-friends}","0","""default""","""none""","0"
"{citizen 44}","{citizen 30}","[85 0 170 100]","""""","9.9","false","{breed social-friends}","0","""default""","""none""","0"
"{citizen 44}","{citizen 31}","[85 0 170 100]","""""","9.9","false","{breed social-friends}","0","""default""","""none""","0"
"{citizen 44}","{citizen 32}","[85 0 170 100]","""""","9.9","false","{breed social-friends}","0","""default""","""none""","0"
"{citizen 44}","{citizen 34}","[85 0 170 100]","""""","9.9","false","{breed social-friends}","0","""default""","""none""","0"
"{citizen 44}","{citizen 35}","[85 0 170 100]","""""","9.9","false","{breed social-friends}","0","""default""","""none""","0"
"{citizen 44}","{citizen 36}","[85 0 170 100]","""""","9.9","false","{breed social-friends}","0","""default""","""none""","0"
"{citizen 44}","{citizen 37}","[85 0 170 100]","""""","9.9","false","{breed social-friends}","0","""default""","""none""","0"
"{citizen 44}","{citizen 38}","[85 0 170 100]","""""","9.9","false","{breed social-friends}","0","""default""","""none""","0"
"{citizen 44}","{citizen 39}","[85 0 170 100]","""""","9.9","false","{breed social-friends}","0","""default""","""none""","0"
"{citizen 44}","{citizen 40}","[85 0 170 100]","""""","9.9","false","{breed social-friends}","0","""default""","""none""","0"
"{citizen 44}","{citizen 41}","[85 0 170 100]","""""","9.9","false","{breed social-friends}","0","""default""","""none""","0"
"{citizen 44}","{citizen 42}","[85 0 170 100]","""""","9.9","false","{breed social-friends}","0","""default""","""none""","0"
"{citizen 44}","{citizen 43}","[85 0 170 100]","""""","9.9","false","{breed social-friends}","0","""default""","""none""","0"
"{citizen 44}","{citizen 45}","[85 0 170 100]","""""","9.9","false","{breed social-friends}","0","""default""","""none""","0"
"{citizen 44}","{citizen 46}","[85 0 170 100]","""""","9.9","false","{breed social-friends}","0","""default""","""none""","0"
"{citizen 44}","{citizen 47}","[85 0 170 100]","""""","9.9","false","{breed social-friends}","0","""default""","""none""","0"
"{citizen 44}","{citizen 48}","[85 0 170 100]","""""","9.9","false","{breed social-friends}","0","""default""","""none""","0"
"{citizen 44}","{citizen 49}","[85 0 170 100]","""""","9.9","false","{breed social-friends}","0","""default""","""none""","0"
"{citizen 45}","{citizen 0}","[85 0 170 100]","""""","9.9","false","{breed social-friends}","0","""default""","""none""","0"
"{citizen 45}","{citizen 1}","[85 0 170 100]","""""","9.9","false","{breed social-friends}","0","""default""","""none""","0"
"{citizen 45}","{citizen 2}","[85 0 170 100]","""""","9.9","false","{breed social-friends}","0","""default""","""none""","0"
"{citizen 45}","{citizen 3}","[85 0 170 100]","""""","9.9","false","{breed social-friends}","0","""default""","""none""","0"
"{citizen 45}","{citizen 4}","[85 0 170 100]","""""","9.9","false","{breed social-friends}","0","""default""","""none""","0"
"{citizen 45}","{citizen 5}","[85 0 170 100]","""""","9.9","false","{breed social-friends}","0","""default""","""none""","0"
"{citizen 45}","{citizen 6}","[85 0 170 100]","""""","9.9","false","{breed social-friends}","0","""default""","""none""","0"
"{citizen 45}","{citizen 7}","[85 0 170 100]","""""","9.9","false","{breed social-friends}","0","""default""","""none""","0"
"{citizen 45}","{citizen 8}","[85 0 170 100]","""""","9.9","false","{breed social-friends}","0","""default""","""none""","0"
"{citizen 45}","{citizen 9}","[85 0 170 100]","""""","9.9","false","{breed social-friends}","0","""default""","""none""","0"
"{citizen 45}","{citizen 10}","[85 0 170 100]","""""","9.9","false","{breed social-friends}","0","""default""","""none""","0"
"{citizen 45}","{citizen 11}","[85 0 170 100]","""""","9.9","false","{breed social-friends}","0","""default""","""none""","0"
"{citizen 45}","{citizen 12}","[85 0 170 100]","""""","9.9","false","{breed social-friends}","0","""default""","""none""","0"
"{citizen 45}","{citizen 13}","[85 0 170 100]","""""","9.9","false","{breed social-friends}","0","""default""","""none""","0"
"{citizen 45}","{citizen 14}","[85 0 170 100]","""""","9.9","false","{breed social-friends}","0","""default""","""none""","0"
"{citizen 45}","{citizen 15}","[85 0 170 100]","""""","9.9","false","{breed social-friends}","0","""default""","""none""","0"
"{citizen 45}","{citizen 16}","[85 0 170 100]","""""","9.9","false","{breed social-friends}","0","""default""","""none""","0"
"{citizen 45}","{citizen 17}","[85 0 170 100]","""""","9.9","false","{breed social-friends}","0","""default""","""none""","0"
"{citizen 45}","{citizen 19}","[85 0 170 100]","""""","9.9","false","{breed social-friends}","0","""default""","""none""","0"
"{citizen 45}","{citizen 20}","[85 0 170 100]","""""","9.9","false","{breed social-friends}","0","""default""","""none""","0"
"{citizen 45}","{citizen 21}","[85 0 170 100]","""""","9.9","false","{breed social-friends}","0","""default""","""none""","0"
"{citizen 45}","{citizen 22}","[85 0 170 100]","""""","9.9","false","{breed social-friends}","0","""default""","""none""","0"
"{citizen 45}","{citizen 23}","[85 0 170 100]","""""","9.9","false","{breed social-friends}","0","""default""","""none""","0"
"{citizen 45}","{citizen 24}","[85 0 170 100]","""""","9.9","false","{breed social-friends}","0","""default""","""none""","0"
"{citizen 45}","{citizen 26}","[85 0 170 100]","""""","9.9","false","{breed social-friends}","0","""default""","""none""","0"
"{citizen 45}","{citizen 27}","[85 0 170 100]","""""","9.9","false","{breed social-friends}","0","""default""","""none""","0"
"{citizen 45}","{citizen 28}","[85 0 170 100]","""""","9.9","false","{breed social-friends}","0","""default""","""none""","0"
"{citizen 45}","{citizen 29}","[85 0 170 100]","""""","9.9","false","{breed social-friends}","0","""default""","""none""","0"
"{citizen 45}","{citizen 30}","[85 0 170 100]","""""","9.9","false","{breed social-friends}","0","""default""","""none""","0"
"{citizen 45}","{citizen 31}","[85 0 170 100]","""""","9.9","false","{breed social-friends}","0","""default""","""none""","0"
"{citizen 45}","{citizen 32}","[85 0 170 100]","""""","9.9","false","{breed social-friends}","0","""default""","""none""","0"
"{citizen 45}","{citizen 34}","[85 0 170 100]","""""","9.9","false","{breed social-friends}","0","""default""","""none""","0"
"{citizen 45}","{citizen 35}","[85 0 170 100]","""""","9.9","false","{breed social-friends}","0","""default""","""none""","0"
"{citizen 45}","{citizen 36}","[85 0 170 100]","""""","9.9","false","{breed social-friends}","0","""default""","""none""","0"
"{citizen 45}","{citizen 37}","[85 0 170 100]","""""","9.9","false","{breed social-friends}","0","""default""","""none""","0"
"{citizen 45}","{citizen 38}","[85 0 170 100]","""""","9.9","false","{breed social-friends}","0","""default""","""none""","0"
"{citizen 45}","{citizen 39}","[85 0 170 100]","""""","9.9","false","{breed social-friends}","0","""default""","""none""","0"
"{citizen 45}","{citizen 40}","[85 0 170 100]","""""","9.9","false","{breed social-friends}","0","""default""","""none""","0"
"{citizen 45}","{citizen 41}","[85 0 170 100]","""""","9.9","false","{breed social-friends}","0","""default""","""none""","0"
"{citizen 45}","{citizen 42}","[85 0 170 100]","""""","9.9","false","{breed social-friends}","0","""default""","""none""","0"
"{citizen 45}","{citizen 43}","[85 0 170 100]","""""","9.9","false","{breed social-friends}","0","""default""","""none""","0"
"{citizen 45}","{citizen 44}","[85 0 170 100]","""""","9.9","false","{breed social-friends}","0","""default""","""none""","0"
"{citizen 45}","{citizen 46}","[85 0 170 100]","""""","9.9","false","{breed social-friends}","0","""default""","""none""","0"
"{citizen 45}","{citizen 47}","[85 0 170 100]","""""","9.9","false","{breed social-friends}","0","""default""","""none""","0"
"{citizen 45}","{citizen 48}","[85 0 170 100]","""""","9.9","false","{breed social-friends}","0","""default""","""none""","0"
"{citizen 45}","{citizen 49}","[85 0 170 100]","""""","9.9","false","{breed social-friends}","0","""default""","""none""","0"
"{citizen 46}","{citizen 0}","[85 0 170 100]","""""","9.9","false","{breed social-friends}","0","""default""","""none""","0"
"{citizen 46}","{citizen 1}","[85 0 170 100]","""""","9.9","false","{breed social-friends}","0","""default""","""none""","0"
"{citizen 46}","{citizen 2}","[85 0 170 100]","""""","9.9","false","{breed social-friends}","0","""default""","""none""","0"
"{citizen 46}","{citizen 3}","[85 0 170 100]","""""","9.9","false","{breed social-friends}","0","""default""","""none""","0"
"{citizen 46}","{citizen 4}","[85 0 170 100]","""""","9.9","false","{breed social-friends}","0","""default""","""none""","0"
"{citizen 46}","{citizen 5}","[85 0 170 100]","""""","9.9","false","{breed social-friends}","0","""default""","""none""","0"
"{citizen 46}","{citizen 6}","[85 0 170 100]","""""","9.9","false","{breed social-friends}","0","""default""","""none""","0"
"{citizen 46}","{citizen 7}","[85 0 170 100]","""""","9.9","false","{breed social-friends}","0","""default""","""none""","0"
"{citizen 46}","{citizen 8}","[85 0 170 100]","""""","9.9","false","{breed social-friends}","0","""default""","""none""","0"
"{citizen 46}","{citizen 9}","[85 0 170 100]","""""","9.9","false","{breed social-friends}","0","""default""","""none""","0"
"{citizen 46}","{citizen 10}","[85 0 170 100]","""""","9.9","false","{breed social-friends}","0","""default""","""none""","0"
"{citizen 46}","{citizen 11}","[85 0 170 100]","""""","9.9","false","{breed social-friends}","0","""default""","""none""","0"
"{citizen 46}","{citizen 12}","[85 0 170 100]","""""","9.9","false","{breed social-friends}","0","""default""","""none""","0"
"{citizen 46}","{citizen 13}","[85 0 170 100]","""""","9.9","false","{breed social-friends}","0","""default""","""none""","0"
"{citizen 46}","{citizen 14}","[85 0 170 100]","""""","9.9","false","{breed social-friends}","0","""default""","""none""","0"
"{citizen 46}","{citizen 15}","[85 0 170 100]","""""","9.9","false","{breed social-friends}","0","""default""","""none""","0"
"{citizen 46}","{citizen 16}","[85 0 170 100]","""""","9.9","false","{breed social-friends}","0","""default""","""none""","0"
"{citizen 46}","{citizen 17}","[85 0 170 100]","""""","9.9","false","{breed social-friends}","0","""default""","""none""","0"
"{citizen 46}","{citizen 19}","[85 0 170 100]","""""","9.9","false","{breed social-friends}","0","""default""","""none""","0"
"{citizen 46}","{citizen 20}","[85 0 170 100]","""""","9.9","false","{breed social-friends}","0","""default""","""none""","0"
"{citizen 46}","{citizen 21}","[85 0 170 100]","""""","9.9","false","{breed social-friends}","0","""default""","""none""","0"
"{citizen 46}","{citizen 22}","[85 0 170 100]","""""","9.9","false","{breed social-friends}","0","""default""","""none""","0"
"{citizen 46}","{citizen 23}","[85 0 170 100]","""""","9.9","false","{breed social-friends}","0","""default""","""none""","0"
"{citizen 46}","{citizen 24}","[85 0 170 100]","""""","9.9","false","{breed social-friends}","0","""default""","""none""","0"
"{citizen 46}","{citizen 26}","[85 0 170 100]","""""","9.9","false","{breed social-friends}","0","""default""","""none""","0"
"{citizen 46}","{citizen 27}","[85 0 170 100]","""""","9.9","false","{breed social-friends}","0","""default""","""none""","0"
"{citizen 46}","{citizen 28}","[85 0 170 100]","""""","9.9","false","{breed social-friends}","0","""default""","""none""","0"
"{citizen 46}","{citizen 29}","[85 0 170 100]","""""","9.9","false","{breed social-friends}","0","""default""","""none""","0"
"{citizen 46}","{citizen 30}","[85 0 170 100]","""""","9.9","false","{breed social-friends}","0","""default""","""none""","0"
"{citizen 46}","{citizen 31}","[85 0 170 100]","""""","9.9","false","{breed social-friends}","0","""default""","""none""","0"
"{citizen 46}","{citizen 32}","[85 0 170 100]","""""","9.9","false","{breed social-friends}","0","""default""","""none""","0"
"{citizen 46}","{citizen 34}","[85 0 170 100]","""""","9.9","false","{breed social-friends}","0","""default""","""none""","0"
"{citizen 46}","{citizen 35}","[85 0 170 100]","""""","9.9","false","{breed social-friends}","0","""default""","""none""","0"
"{citizen 46}","{citizen 36}","[85 0 170 100]","""""","9.9","false","{breed social-friends}","0","""default""","""none""","0"
"{citizen 46}","{citizen 37}","[85 0 170 100]","""""","9.9","false","{breed social-friends}","0","""default""","""none""","0"
"{citizen 46}","{citizen 38}","[85 0 170 100]","""""","9.9","false","{breed social-friends}","0","""default""","""none""","0"
"{citizen 46}","{citizen 39}","[85 0 170 100]","""""","9.9","false","{breed social-friends}","0","""default""","""none""","0"
"{citizen 46}","{citizen 40}","[85 0 170 100]","""""","9.9","false","{breed social-friends}","0","""default""","""none""","0"
"{citizen 46}","{citizen 41}","[85 0 170 100]","""""","9.9","false","{breed social-friends}","0","""default""","""none""","0"
"{citizen 46}","{citizen 42}","[85 0 170 100]","""""","9.9","false","{breed social-friends}","0","""default""","""none""","0"
"{citizen 46}","{citizen 43}","[85 0 170 100]","""""","9.9","false","{breed social-friends}","0","""default""","""none""","0"
"{citizen 46}","{citizen 44}","[85 0 170 100]","""""","9.9","false","{breed social-friends}","0","""default""","""none""","0"
"{citizen 46}","{citizen 45}","[85 0 170 100]","""""","9.9","false","{breed social-friends}","0","""default""","""none""","0"
"{citizen 46}","{citizen 47}","[85 0 170 100]","""""","9.9","false","{breed social-friends}","0","""default""","""none""","0"
"{citizen 46}","{citizen 48}","[85 0 170 100]","""""","9.9","false","{breed social-friends}","0","""default""","""none""","0"
"{citizen 46}","{citizen 49}","[85 0 170 100]","""""","9.9","false","{breed social-friends}","0","""default""","""none""","0"
"{citizen 47}","{citizen 0}","[85 0 170 100]","""""","9.9","false","{breed social-friends}","0","""default""","""none""","0"
"{citizen 47}","{citizen 1}","[85 0 170 100]","""""","9.9","false","{breed social-friends}","0","""default""","""none""","0"
"{citizen 47}","{citizen 2}","[85 0 170 100]","""""","9.9","false","{breed social-friends}","0","""default""","""none""","0"
"{citizen 47}","{citizen 3}","[85 0 170 100]","""""","9.9","false","{breed social-friends}","0","""default""","""none""","0"
"{citizen 47}","{citizen 4}","[85 0 170 100]","""""","9.9","false","{breed social-friends}","0","""default""","""none""","0"
"{citizen 47}","{citizen 5}","[85 0 170 100]","""""","9.9","false","{breed social-friends}","0","""default""","""none""","0"
"{citizen 47}","{citizen 6}","[85 0 170 100]","""""","9.9","false","{breed social-friends}","0","""default""","""none""","0"
"{citizen 47}","{citizen 7}","[85 0 170 100]","""""","9.9","false","{breed social-friends}","0","""default""","""none""","0"
"{citizen 47}","{citizen 8}","[85 0 170 100]","""""","9.9","false","{breed social-friends}","0","""default""","""none""","0"
"{citizen 47}","{citizen 9}","[85 0 170 100]","""""","9.9","false","{breed social-friends}","0","""default""","""none""","0"
"{citizen 47}","{citizen 10}","[85 0 170 100]","""""","9.9","false","{breed social-friends}","0","""default""","""none""","0"
"{citizen 47}","{citizen 11}","[85 0 170 100]","""""","9.9","false","{breed social-friends}","0","""default""","""none""","0"
"{citizen 47}","{citizen 12}","[85 0 170 100]","""""","9.9","false","{breed social-friends}","0","""default""","""none""","0"
"{citizen 47}","{citizen 13}","[85 0 170 100]","""""","9.9","false","{breed social-friends}","0","""default""","""none""","0"
"{citizen 47}","{citizen 14}","[85 0 170 100]","""""","9.9","false","{breed social-friends}","0","""default""","""none""","0"
"{citizen 47}","{citizen 15}","[85 0 170 100]","""""","9.9","false","{breed social-friends}","0","""default""","""none""","0"
"{citizen 47}","{citizen 16}","[85 0 170 100]","""""","9.9","false","{breed social-friends}","0","""default""","""none""","0"
"{citizen 47}","{citizen 17}","[85 0 170 100]","""""","9.9","false","{breed social-friends}","0","""default""","""none""","0"
"{citizen 47}","{citizen 19}","[85 0 170 100]","""""","9.9","false","{breed social-friends}","0","""default""","""none""","0"
"{citizen 47}","{citizen 20}","[85 0 170 100]","""""","9.9","false","{breed social-friends}","0","""default""","""none""","0"
"{citizen 47}","{citizen 21}","[85 0 170 100]","""""","9.9","false","{breed social-friends}","0","""default""","""none""","0"
"{citizen 47}","{citizen 22}","[85 0 170 100]","""""","9.9","false","{breed social-friends}","0","""default""","""none""","0"
"{citizen 47}","{citizen 23}","[85 0 170 100]","""""","9.9","false","{breed social-friends}","0","""default""","""none""","0"
"{citizen 47}","{citizen 24}","[85 0 170 100]","""""","9.9","false","{breed social-friends}","0","""default""","""none""","0"
"{citizen 47}","{citizen 26}","[85 0 170 100]","""""","9.9","false","{breed social-friends}","0","""default""","""none""","0"
"{citizen 47}","{citizen 27}","[85 0 170 100]","""""","9.9","false","{breed social-friends}","0","""default""","""none""","0"
"{citizen 47}","{citizen 28}","[85 0 170 100]","""""","9.9","false","{breed social-friends}","0","""default""","""none""","0"
"{citizen 47}","{citizen 29}","[85 0 170 100]","""""","9.9","false","{breed social-friends}","0","""default""","""none""","0"
"{citizen 47}","{citizen 30}","[85 0 170 100]","""""","9.9","false","{breed social-friends}","0","""default""","""none""","0"
"{citizen 47}","{citizen 31}","[85 0 170 100]","""""","9.9","false","{breed social-friends}","0","""default""","""none""","0"
"{citizen 47}","{citizen 32}","[85 0 170 100]","""""","9.9","false","{breed social-friends}","0","""default""","""none""","0"
"{citizen 47}","{citizen 34}","[85 0 170 100]","""""","9.9","false","{breed social-friends}","0","""default""","""none""","0"
"{citizen 47}","{citizen 35}","[85 0 170 100]","""""","9.9","false","{breed social-friends}","0","""default""","""none""","0"
"{citizen 47}","{citizen 36}","[85 0 170 100]","""""","9.9","false","{breed social-friends}","0","""default""","""none""","0"
"{citizen 47}","{citizen 37}","[85 0 170 100]","""""","9.9","false","{breed social-friends}","0","""default""","""none""","0"
"{citizen 47}","{citizen 38}","[85 0 170 100]","""""","9.9","false","{breed social-friends}","0","""default""","""none""","0"
"{citizen 47}","{citizen 39}","[85 0 170 100]","""""","9.9","false","{breed social-friends}","0","""default""","""none""","0"
"{citizen 47}","{citizen 40}","[85 0 170 100]","""""","9.9","false","{breed social-friends}","0","""default""","""none""","0"
"{citizen 47}","{citizen 41}","[85 0 170 100]","""""","9.9","false","{breed social-friends}","0","""default""","""none""","0"
"{citizen 47}","{citizen 42}","[85 0 170 100]","""""","9.9","false","{breed social-friends}","0","""default""","""none""","0"
"{citizen 47}","{citizen 43}","[85 0 170 100]","""""","9.9","false","{breed social-friends}","0","""default""","""none""","0"
"{citizen 47}","{citizen 44}","[85 0 170 100]","""""","9.9","false","{breed social-friends}","0","""default""","""none""","0"
"{citizen 47}","{citizen 45}","[85 0 170 100]","""""","9.9","false","{breed social-friends}","0","""default""","""none""","0"
"{citizen 47}","{citizen 46}","[85 0 170 100]","""""","9.9","false","{breed social-friends}","0","""default""","""none""","0"
"{citizen 47}","{citizen 48}","[85 0 170 100]","""""","9.9","false","{breed social-friends}","0","""default""","""none""","0"
"{citizen 47}","{citizen 49}","[85 0 170 100]","""""","9.9","false","{breed social-friends}","0","""default""","""none""","0"
"{citizen 48}","{citizen 0}","[85 0 170 100]","""""","9.9","false","{breed social-friends}","0","""default""","""none""","0"
"{citizen 48}","{citizen 1}","[85 0 170 100]","""""","9.9","false","{breed social-friends}","0","""default""","""none""","0"
"{citizen 48}","{citizen 2}","[85 0 170 100]","""""","9.9","false","{breed social-friends}","0","""default""","""none""","0"
"{citizen 48}","{citizen 3}","[85 0 170 100]","""""","9.9","false","{breed social-friends}","0","""default""","""none""","0"
"{citizen 48}","{citizen 4}","[85 0 170 100]","""""","9.9","false","{breed social-friends}","0","""default""","""none""","0"
"{citizen 48}","{citizen 5}","[85 0 170 100]","""""","9.9","false","{breed social-friends}","0","""default""","""none""","0"
"{citizen 48}","{citizen 6}","[85 0 170 100]","""""","9.9","false","{breed social-friends}","0","""default""","""none""","0"
"{citizen 48}","{citizen 7}","[85 0 170 100]","""""","9.9","false","{breed social-friends}","0","""default""","""none""","0"
"{citizen 48}","{citizen 8}","[85 0 170 100]","""""","9.9","false","{breed social-friends}","0","""default""","""none""","0"
"{citizen 48}","{citizen 9}","[85 0 170 100]","""""","9.9","false","{breed social-friends}","0","""default""","""none""","0"
"{citizen 48}","{citizen 10}","[85 0 170 100]","""""","9.9","false","{breed social-friends}","0","""default""","""none""","0"
"{citizen 48}","{citizen 11}","[85 0 170 100]","""""","9.9","false","{breed social-friends}","0","""default""","""none""","0"
"{citizen 48}","{citizen 12}","[85 0 170 100]","""""","9.9","false","{breed social-friends}","0","""default""","""none""","0"
"{citizen 48}","{citizen 13}","[85 0 170 100]","""""","9.9","false","{breed social-friends}","0","""default""","""none""","0"
"{citizen 48}","{citizen 14}","[85 0 170 100]","""""","9.9","false","{breed social-friends}","0","""default""","""none""","0"
"{citizen 48}","{citizen 15}","[85 0 170 100]","""""","9.9","false","{breed social-friends}","0","""default""","""none""","0"
"{citizen 48}","{citizen 16}","[85 0 170 100]","""""","9.9","false","{breed social-friends}","0","""default""","""none""","0"
"{citizen 48}","{citizen 17}","[85 0 170 100]","""""","9.9","false","{breed social-friends}","0","""default""","""none""","0"
"{citizen 48}","{citizen 19}","[85 0 170 100]","""""","9.9","false","{breed social-friends}","0","""default""","""none""","0"
"{citizen 48}","{citizen 20}","[85 0 170 100]","""""","9.9","false","{breed social-friends}","0","""default""","""none""","0"
"{citizen 48}","{citizen 21}","[85 0 170 100]","""""","9.9","false","{breed social-friends}","0","""default""","""none""","0"
"{citizen 48}","{citizen 22}","[85 0 170 100]","""""","9.9","false","{breed social-friends}","0","""default""","""none""","0"
"{citizen 48}","{citizen 23}","[85 0 170 100]","""""","9.9","false","{breed social-friends}","0","""default""","""none""","0"
"{citizen 48}","{citizen 24}","[85 0 170 100]","""""","9.9","false","{breed social-friends}","0","""default""","""none""","0"
"{citizen 48}","{citizen 26}","[85 0 170 100]","""""","9.9","false","{breed social-friends}","0","""default""","""none""","0"
"{citizen 48}","{citizen 27}","[85 0 170 100]","""""","9.9","false","{breed social-friends}","0","""default""","""none""","0"
"{citizen 48}","{citizen 28}","[85 0 170 100]","""""","9.9","false","{breed social-friends}","0","""default""","""none""","0"
"{citizen 48}","{citizen 29}","[85 0 170 100]","""""","9.9","false","{breed social-friends}","0","""default""","""none""","0"
"{citizen 48}","{citizen 30}","[85 0 170 100]","""""","9.9","false","{breed social-friends}","0","""default""","""none""","0"
"{citizen 48}","{citizen 31}","[85 0 170 100]","""""","9.9","false","{breed social-friends}","0","""default""","""none""","0"
"{citizen 48}","{citizen 32}","[85 0 170 100]","""""","9.9","false","{breed social-friends}","0","""default""","""none""","0"
"{citizen 48}","{citizen 34}","[85 0 170 100]","""""","9.9","false","{breed social-friends}","0","""default""","""none""","0"
"{citizen 48}","{citizen 35}","[85 0 170 100]","""""","9.9","false","{breed social-friends}","0","""default""","""none""","0"
"{citizen 48}","{citizen 36}","[85 0 170 100]","""""","9.9","false","{breed social-friends}","0","""default""","""none""","0"
"{citizen 48}","{citizen 37}","[85 0 170 100]","""""","9.9","false","{breed social-friends}","0","""default""","""none""","0"
"{citizen 48}","{citizen 38}","[85 0 170 100]","""""","9.9","false","{breed social-friends}","0","""default""","""none""","0"
"{citizen 48}","{citizen 39}","[85 0 170 100]","""""","9.9","false","{breed social-friends}","0","""default""","""none""","0"
"{citizen 48}","{citizen 40}","[85 0 170 100]","""""","9.9","false","{breed social-friends}","0","""default""","""none""","0"
"{citizen 48}","{citizen 41}","[85 0 170 100]","""""","9.9","false","{breed social-friends}","0","""default""","""none""","0"
"{citizen 48}","{citizen 42}","[85 0 170 100]","""""","9.9","false","{breed social-friends}","0","""default""","""none""","0"
"{citizen 48}","{citizen 43}","[85 0 170 100]","""""","9.9","false","{breed social-friends}","0","""default""","""none""","0"
"{citizen 48}","{citizen 44}","[85 0 170 100]","""""","9.9","false","{breed social-friends}","0","""default""","""none""","0"
"{citizen 48}","{citizen 45}","[85 0 170 100]","""""","9.9","false","{breed social-friends}","0","""default""","""none""","0"
"{citizen 48}","{citizen 46}","[85 0 170 100]","""""","9.9","false","{breed social-friends}","0","""default""","""none""","0"
"{citizen 48}","{citizen 47}","[85 0 170 100]","""""","9.9","false","{breed social-friends}","0","""default""","""none""","0"
"{citizen 48}","{citizen 49}","[85 0 170 100]","""""","9.9","false","{breed social-friends}","0","""default""","""none""","0"
"{citizen 49}","{citizen 0}","[85 0 170 100]","""""","9.9","false","{breed social-friends}","0","""default""","""none""","0"
"{citizen 49}","{citizen 1}","[85 0 170 100]","""""","9.9","false","{breed social-friends}","0","""default""","""none""","0"
"{citizen 49}","{citizen 2}","[85 0 170 100]","""""","9.9","false","{breed social-friends}","0","""default""","""none""","0"
"{citizen 49}","{citizen 3}","[85 0 170 100]","""""","9.9","false","{breed social-friends}","0","""default""","""none""","0"
"{citizen 49}","{citizen 4}","[85 0 170 100]","""""","9.9","false","{breed social-friends}","0","""default""","""none""","0"
"{citizen 49}","{citizen 5}","[85 0 170 100]","""""","9.9","false","{breed social-friends}","0","""default""","""none""","0"
"{citizen 49}","{citizen 6}","[85 0 170 100]","""""","9.9","false","{breed social-friends}","0","""default""","""none""","0"
"{citizen 49}","{citizen 7}","[85 0 170 100]","""""","9.9","false","{breed social-friends}","0","""default""","""none""","0"
"{citizen 49}","{citizen 8}","[85 0 170 100]","""""","9.9","false","{breed social-friends}","0","""default""","""none""","0"
"{citizen 49}","{citizen 9}","[85 0 170 100]","""""","9.9","false","{breed social-friends}","0","""default""","""none""","0"
"{citizen 49}","{citizen 10}","[85 0 170 100]","""""","9.9","false","{breed social-friends}","0","""default""","""none""","0"
"{citizen 49}","{citizen 11}","[85 0 170 100]","""""","9.9","false","{breed social-friends}","0","""default""","""none""","0"
"{citizen 49}","{citizen 12}","[85 0 170 100]","""""","9.9","false","{breed social-friends}","0","""default""","""none""","0"
"{citizen 49}","{citizen 13}","[85 0 170 100]","""""","9.9","false","{breed social-friends}","0","""default""","""none""","0"
"{citizen 49}","{citizen 14}","[85 0 170 100]","""""","9.9","false","{breed social-friends}","0","""default""","""none""","0"
"{citizen 49}","{citizen 15}","[85 0 170 100]","""""","9.9","false","{breed social-friends}","0","""default""","""none""","0"
"{citizen 49}","{citizen 16}","[85 0 170 100]","""""","9.9","false","{breed social-friends}","0","""default""","""none""","0"
"{citizen 49}","{citizen 17}","[85 0 170 100]","""""","9.9","false","{breed social-friends}","0","""default""","""none""","0"
"{citizen 49}","{citizen 19}","[85 0 170 100]","""""","9.9","false","{breed social-friends}","0","""default""","""none""","0"
"{citizen 49}","{citizen 20}","[85 0 170 100]","""""","9.9","false","{breed social-friends}","0","""default""","""none""","0"
"{citizen 49}","{citizen 21}","[85 0 170 100]","""""","9.9","false","{breed social-friends}","0","""default""","""none""","0"
"{citizen 49}","{citizen 22}","[85 0 170 100]","""""","9.9","false","{breed social-friends}","0","""default""","""none""","0"
"{citizen 49}","{citizen 23}","[85 0 170 100]","""""","9.9","false","{breed social-friends}","0","""default""","""none""","0"
"{citizen 49}","{citizen 24}","[85 0 170 100]","""""","9.9","false","{breed social-friends}","0","""default""","""none""","0"
"{citizen 49}","{citizen 26}","[85 0 170 100]","""""","9.9","false","{breed social-friends}","0","""default""","""none""","0"
"{citizen 49}","{citizen 27}","[85 0 170 100]","""""","9.9","false","{breed social-friends}","0","""default""","""none""","0"
"{citizen 49}","{citizen 28}","[85 0 170 100]","""""","9.9","false","{breed social-friends}","0","""default""","""none""","0"
"{citizen 49}","{citizen 29}","[85 0 170 100]","""""","9.9","false","{breed social-friends}","0","""default""","""none""","0"
"{citizen 49}","{citizen 30}","[85 0 170 100]","""""","9.9","false","{breed social-friends}","0","""default""","""none""","0"
"{citizen 49}","{citizen 31}","[85 0 170 100]","""""","9.9","false","{breed social-friends}","0","""default""","""none""","0"
"{citizen 49}","{citizen 32}","[85 0 170 100]","""""","9.9","false","{breed social-friends}","0","""default""","""none""","0"
"{citizen 49}","{citizen 34}","[85 0 170 100]","""""","9.9","false","{breed social-friends}","0","""default""","""none""","0"
"{citizen 49}","{citizen 35}","[85 0 170 100]","""""","9.9","false","{breed social-friends}","0","""default""","""none""","0"
"{citizen 49}","{citizen 36}","[85 0 170 100]","""""","9.9","false","{breed social-friends}","0","""default""","""none""","0"
"{citizen 49}","{citizen 37}","[85 0 170 100]","""""","9.9","false","{breed social-friends}","0","""default""","""none""","0"
"{citizen 49}","{citizen 38}","[85 0 170 100]","""""","9.9","false","{breed social-friends}","0","""default""","""none""","0"
"{citizen 49}","{citizen 39}","[85 0 170 100]","""""","9.9","false","{breed social-friends}","0","""default""","""none""","0"
"{citizen 49}","{citizen 40}","[85 0 170 100]","""""","9.9","false","{breed social-friends}","0","""default""","""none""","0"
"{citizen 49}","{citizen 41}","[85 0 170 100]","""""","9.9","false","{breed social-friends}","0","""default""","""none""","0"
"{citizen 49}","{citizen 42}","[85 0 170 100]","""""","9.9","false","{breed social-friends}","0","""default""","""none""","0"
"{citizen 49}","{citizen 43}","[85 0 170 100]","""""","9.9","false","{breed social-friends}","0","""default""","""none""","0"
"{citizen 49}","{citizen 44}","[85 0 170 100]","""""","9.9","false","{breed social-friends}","0","""default""","""none""","0"
"{citizen 49}","{citizen 45}","[85 0 170 100]","""""","9.9","false","{breed social-friends}","0","""default""","""none""","0"
"{citizen 49}","{citizen 46}","[85 0 170 100]","""""","9.9","false","{breed social-friends}","0","""default""","""none""","0"
"{citizen 49}","{citizen 47}","[85 0 170 100]","""""","9.9","false","{breed social-friends}","0","""default""","""none""","0"
"{citizen 49}","{citizen 48}","[85 0 170 100]","""""","9.9","false","{breed social-friends}","0","""default""","""none""","0"
"{media 50}","{citizen 0}","[141 141 141 255]","""""","9.9","false","{breed subscribers}","0","""default""","""none""","0"
"{media 50}","{citizen 1}","[141 141 141 255]","""""","9.9","false","{breed subscribers}","0","""default""","""none""","0"
"{media 50}","{citizen 2}","[141 141 141 255]","""""","9.9","false","{breed subscribers}","0","""default""","""none""","0"
"{media 50}","{citizen 3}","[141 141 141 255]","""""","9.9","false","{breed subscribers}","0","""default""","""none""","0"
"{media 50}","{citizen 4}","[141 141 141 255]","""""","9.9","false","{breed subscribers}","0","""default""","""none""","0"
"{media 50}","{citizen 5}","[141 141 141 255]","""""","9.9","false","{breed subscribers}","0","""default""","""none""","0"
"{media 50}","{citizen 6}","[141 141 141 255]","""""","9.9","false","{breed subscribers}","0","""default""","""none""","0"
"{media 50}","{citizen 7}","[141 141 141 255]","""""","9.9","false","{breed subscribers}","0","""default""","""none""","0"
"{media 50}","{citizen 8}","[141 141 141 255]","""""","9.9","false","{breed subscribers}","0","""default""","""none""","0"
"{media 50}","{citizen 9}","[141 141 141 255]","""""","9.9","false","{breed subscribers}","0","""default""","""none""","0"
"{media 50}","{citizen 10}","[141 141 141 255]","""""","9.9","false","{breed subscribers}","0","""default""","""none""","0"
"{media 50}","{citizen 11}","[141 141 141 255]","""""","9.9","false","{breed subscribers}","0","""default""","""none""","0"
"{media 50}","{citizen 12}","[141 141 141 255]","""""","9.9","false","{breed subscribers}","0","""default""","""none""","0"
"{media 50}","{citizen 13}","[141 141 141 255]","""""","9.9","false","{breed subscribers}","0","""default""","""none""","0"
"{media 50}","{citizen 14}","[141 141 141 255]","""""","9.9","false","{breed subscribers}","0","""default""","""none""","0"
"{media 50}","{citizen 15}","[141 141 141 255]","""""","9.9","false","{breed subscribers}","0","""default""","""none""","0"
"{media 50}","{citizen 16}","[141 141 141 255]","""""","9.9","false","{breed subscribers}","0","""default""","""none""","0"
"{media 50}","{citizen 17}","[141 141 141 255]","""""","9.9","false","{breed subscribers}","0","""default""","""none""","0"
"{media 50}","{citizen 19}","[141 141 141 255]","""""","9.9","false","{breed subscribers}","0","""default""","""none""","0"
"{media 50}","{citizen 20}","[141 141 141 255]","""""","9.9","false","{breed subscribers}","0","""default""","""none""","0"
"{media 50}","{citizen 21}","[141 141 141 255]","""""","9.9","false","{breed subscribers}","0","""default""","""none""","0"
"{media 50}","{citizen 22}","[141 141 141 255]","""""","9.9","false","{breed subscribers}","0","""default""","""none""","0"
"{media 50}","{citizen 23}","[141 141 141 255]","""""","9.9","false","{breed subscribers}","0","""default""","""none""","0"
"{media 50}","{citizen 24}","[141 141 141 255]","""""","9.9","false","{breed subscribers}","0","""default""","""none""","0"
"{media 50}","{citizen 26}","[141 141 141 255]","""""","9.9","false","{breed subscribers}","0","""default""","""none""","0"
"{media 50}","{citizen 27}","[141 141 141 255]","""""","9.9","false","{breed subscribers}","0","""default""","""none""","0"
"{media 50}","{citizen 28}","[141 141 141 255]","""""","9.9","false","{breed subscribers}","0","""default""","""none""","0"
"{media 50}","{citizen 29}","[141 141 141 255]","""""","9.9","false","{breed subscribers}","0","""default""","""none""","0"
"{media 50}","{citizen 30}","[141 141 141 255]","""""","9.9","false","{breed subscribers}","0","""default""","""none""","0"
"{media 50}","{citizen 31}","[141 141 141 255]","""""","9.9","false","{breed subscribers}","0","""default""","""none""","0"
"{media 50}","{citizen 32}","[141 141 141 255]","""""","9.9","false","{breed subscribers}","0","""default""","""none""","0"
"{media 50}","{citizen 34}","[141 141 141 255]","""""","9.9","false","{breed subscribers}","0","""default""","""none""","0"
"{media 50}","{citizen 35}","[141 141 141 255]","""""","9.9","false","{breed subscribers}","0","""default""","""none""","0"
"{media 50}","{citizen 36}","[141 141 141 255]","""""","9.9","false","{breed subscribers}","0","""default""","""none""","0"
"{media 50}","{citizen 37}","[141 141 141 255]","""""","9.9","false","{breed subscribers}","0","""default""","""none""","0"
"{media 50}","{citizen 38}","[141 141 141 255]","""""","9.9","false","{breed subscribers}","0","""default""","""none""","0"
"{media 50}","{citizen 39}","[141 141 141 255]","""""","9.9","false","{breed subscribers}","0","""default""","""none""","0"
"{media 50}","{citizen 40}","[141 141 141 255]","""""","9.9","false","{breed subscribers}","0","""default""","""none""","0"
"{media 50}","{citizen 41}","[141 141 141 255]","""""","9.9","false","{breed subscribers}","0","""default""","""none""","0"
"{media 50}","{citizen 42}","[141 141 141 255]","""""","9.9","false","{breed subscribers}","0","""default""","""none""","0"
"{media 50}","{citizen 43}","[141 141 141 255]","""""","9.9","false","{breed subscribers}","0","""default""","""none""","0"
"{media 50}","{citizen 44}","[141 141 141 255]","""""","9.9","false","{breed subscribers}","0","""default""","""none""","0"
"{media 50}","{citizen 45}","[141 141 141 255]","""""","9.9","false","{breed subscribers}","0","""default""","""none""","0"
"{media 50}","{citizen 46}","[141 141 141 255]","""""","9.9","false","{breed subscribers}","0","""default""","""none""","0"
"{media 50}","{citizen 47}","[141 141 141 255]","""""","9.9","false","{breed subscribers}","0","""default""","""none""","0"
"{media 50}","{citizen 48}","[141 141 141 255]","""""","9.9","false","{breed subscribers}","0","""default""","""none""","0"
"{media 50}","{citizen 49}","[141 141 141 255]","""""","9.9","false","{breed subscribers}","0","""default""","""none""","0"
"{media 51}","{citizen 0}","[141 141 141 255]","""""","9.9","false","{breed subscribers}","0","""default""","""none""","0"
"{media 51}","{citizen 1}","[141 141 141 255]","""""","9.9","false","{breed subscribers}","0","""default""","""none""","0"
"{media 51}","{citizen 2}","[141 141 141 255]","""""","9.9","false","{breed subscribers}","0","""default""","""none""","0"
"{media 51}","{citizen 3}","[141 141 141 255]","""""","9.9","false","{breed subscribers}","0","""default""","""none""","0"
"{media 51}","{citizen 4}","[141 141 141 255]","""""","9.9","false","{breed subscribers}","0","""default""","""none""","0"
"{media 51}","{citizen 5}","[141 141 141 255]","""""","9.9","false","{breed subscribers}","0","""default""","""none""","0"
"{media 51}","{citizen 6}","[141 141 141 255]","""""","9.9","false","{breed subscribers}","0","""default""","""none""","0"
"{media 51}","{citizen 7}","[141 141 141 255]","""""","9.9","false","{breed subscribers}","0","""default""","""none""","0"
"{media 51}","{citizen 8}","[141 141 141 255]","""""","9.9","false","{breed subscribers}","0","""default""","""none""","0"
"{media 51}","{citizen 9}","[141 141 141 255]","""""","9.9","false","{breed subscribers}","0","""default""","""none""","0"
"{media 51}","{citizen 10}","[141 141 141 255]","""""","9.9","false","{breed subscribers}","0","""default""","""none""","0"
"{media 51}","{citizen 11}","[141 141 141 255]","""""","9.9","false","{breed subscribers}","0","""default""","""none""","0"
"{media 51}","{citizen 12}","[141 141 141 255]","""""","9.9","false","{breed subscribers}","0","""default""","""none""","0"
"{media 51}","{citizen 13}","[141 141 141 255]","""""","9.9","false","{breed subscribers}","0","""default""","""none""","0"
"{media 51}","{citizen 14}","[141 141 141 255]","""""","9.9","false","{breed subscribers}","0","""default""","""none""","0"
"{media 51}","{citizen 15}","[141 141 141 255]","""""","9.9","false","{breed subscribers}","0","""default""","""none""","0"
"{media 51}","{citizen 16}","[141 141 141 255]","""""","9.9","false","{breed subscribers}","0","""default""","""none""","0"
"{media 51}","{citizen 17}","[141 141 141 255]","""""","9.9","false","{breed subscribers}","0","""default""","""none""","0"
"{media 51}","{citizen 19}","[141 141 141 255]","""""","9.9","false","{breed subscribers}","0","""default""","""none""","0"
"{media 51}","{citizen 20}","[141 141 141 255]","""""","9.9","false","{breed subscribers}","0","""default""","""none""","0"
"{media 51}","{citizen 21}","[141 141 141 255]","""""","9.9","false","{breed subscribers}","0","""default""","""none""","0"
"{media 51}","{citizen 22}","[141 141 141 255]","""""","9.9","false","{breed subscribers}","0","""default""","""none""","0"
"{media 51}","{citizen 23}","[141 141 141 255]","""""","9.9","false","{breed subscribers}","0","""default""","""none""","0"
"{media 51}","{citizen 24}","[141 141 141 255]","""""","9.9","false","{breed subscribers}","0","""default""","""none""","0"
"{media 51}","{citizen 26}","[141 141 141 255]","""""","9.9","false","{breed subscribers}","0","""default""","""none""","0"
"{media 51}","{citizen 27}","[141 141 141 255]","""""","9.9","false","{breed subscribers}","0","""default""","""none""","0"
"{media 51}","{citizen 28}","[141 141 141 255]","""""","9.9","false","{breed subscribers}","0","""default""","""none""","0"
"{media 51}","{citizen 29}","[141 141 141 255]","""""","9.9","false","{breed subscribers}","0","""default""","""none""","0"
"{media 51}","{citizen 30}","[141 141 141 255]","""""","9.9","false","{breed subscribers}","0","""default""","""none""","0"
"{media 51}","{citizen 31}","[141 141 141 255]","""""","9.9","false","{breed subscribers}","0","""default""","""none""","0"
"{media 51}","{citizen 32}","[141 141 141 255]","""""","9.9","false","{breed subscribers}","0","""default""","""none""","0"
"{media 51}","{citizen 34}","[141 141 141 255]","""""","9.9","false","{breed subscribers}","0","""default""","""none""","0"
"{media 51}","{citizen 35}","[141 141 141 255]","""""","9.9","false","{breed subscribers}","0","""default""","""none""","0"
"{media 51}","{citizen 36}","[141 141 141 255]","""""","9.9","false","{breed subscribers}","0","""default""","""none""","0"
"{media 51}","{citizen 37}","[141 141 141 255]","""""","9.9","false","{breed subscribers}","0","""default""","""none""","0"
"{media 51}","{citizen 38}","[141 141 141 255]","""""","9.9","false","{breed subscribers}","0","""default""","""none""","0"
"{media 51}","{citizen 39}","[141 141 141 255]","""""","9.9","false","{breed subscribers}","0","""default""","""none""","0"
"{media 51}","{citizen 40}","[141 141 141 255]","""""","9.9","false","{breed subscribers}","0","""default""","""none""","0"
"{media 51}","{citizen 41}","[141 141 141 255]","""""","9.9","false","{breed subscribers}","0","""default""","""none""","0"
"{media 51}","{citizen 42}","[141 141 141 255]","""""","9.9","false","{breed subscribers}","0","""default""","""none""","0"
"{media 51}","{citizen 43}","[141 141 141 255]","""""","9.9","false","{breed subscribers}","0","""default""","""none""","0"
"{media 51}","{citizen 44}","[141 141 141 255]","""""","9.9","false","{breed subscribers}","0","""default""","""none""","0"
"{media 51}","{citizen 45}","[141 141 141 255]","""""","9.9","false","{breed subscribers}","0","""default""","""none""","0"
"{media 51}","{citizen 46}","[141 141 141 255]","""""","9.9","false","{breed subscribers}","0","""default""","""none""","0"
"{media 51}","{citizen 47}","[141 141 141 255]","""""","9.9","false","{breed subscribers}","0","""default""","""none""","0"
"{media 51}","{citizen 48}","[141 141 141 255]","""""","9.9","false","{breed subscribers}","0","""default""","""none""","0"
"{media 51}","{citizen 49}","[141 141 141 255]","""""","9.9","false","{breed subscribers}","0","""default""","""none""","0"
"{media 52}","{citizen 0}","[141 141 141 255]","""""","9.9","false","{breed subscribers}","0","""default""","""none""","0"
"{media 52}","{citizen 1}","[141 141 141 255]","""""","9.9","false","{breed subscribers}","0","""default""","""none""","0"
"{media 52}","{citizen 2}","[141 141 141 255]","""""","9.9","false","{breed subscribers}","0","""default""","""none""","0"
"{media 52}","{citizen 3}","[141 141 141 255]","""""","9.9","false","{breed subscribers}","0","""default""","""none""","0"
"{media 52}","{citizen 4}","[141 141 141 255]","""""","9.9","false","{breed subscribers}","0","""default""","""none""","0"
"{media 52}","{citizen 5}","[141 141 141 255]","""""","9.9","false","{breed subscribers}","0","""default""","""none""","0"
"{media 52}","{citizen 6}","[141 141 141 255]","""""","9.9","false","{breed subscribers}","0","""default""","""none""","0"
"{media 52}","{citizen 7}","[141 141 141 255]","""""","9.9","false","{breed subscribers}","0","""default""","""none""","0"
"{media 52}","{citizen 8}","[141 141 141 255]","""""","9.9","false","{breed subscribers}","0","""default""","""none""","0"
"{media 52}","{citizen 9}","[141 141 141 255]","""""","9.9","false","{breed subscribers}","0","""default""","""none""","0"
"{media 52}","{citizen 10}","[141 141 141 255]","""""","9.9","false","{breed subscribers}","0","""default""","""none""","0"
"{media 52}","{citizen 11}","[141 141 141 255]","""""","9.9","false","{breed subscribers}","0","""default""","""none""","0"
"{media 52}","{citizen 12}","[141 141 141 255]","""""","9.9","false","{breed subscribers}","0","""default""","""none""","0"
"{media 52}","{citizen 13}","[141 141 141 255]","""""","9.9","false","{breed subscribers}","0","""default""","""none""","0"
"{media 52}","{citizen 14}","[141 141 141 255]","""""","9.9","false","{breed subscribers}","0","""default""","""none""","0"
"{media 52}","{citizen 15}","[141 141 141 255]","""""","9.9","false","{breed subscribers}","0","""default""","""none""","0"
"{media 52}","{citizen 16}","[141 141 141 255]","""""","9.9","false","{breed subscribers}","0","""default""","""none""","0"
"{media 52}","{citizen 17}","[141 141 141 255]","""""","9.9","false","{breed subscribers}","0","""default""","""none""","0"
"{media 52}","{citizen 19}","[141 141 141 255]","""""","9.9","false","{breed subscribers}","0","""default""","""none""","0"
"{media 52}","{citizen 20}","[141 141 141 255]","""""","9.9","false","{breed subscribers}","0","""default""","""none""","0"
"{media 52}","{citizen 21}","[141 141 141 255]","""""","9.9","false","{breed subscribers}","0","""default""","""none""","0"
"{media 52}","{citizen 22}","[141 141 141 255]","""""","9.9","false","{breed subscribers}","0","""default""","""none""","0"
"{media 52}","{citizen 23}","[141 141 141 255]","""""","9.9","false","{breed subscribers}","0","""default""","""none""","0"
"{media 52}","{citizen 24}","[141 141 141 255]","""""","9.9","false","{breed subscribers}","0","""default""","""none""","0"
"{media 52}","{citizen 26}","[141 141 141 255]","""""","9.9","false","{breed subscribers}","0","""default""","""none""","0"
"{media 52}","{citizen 27}","[141 141 141 255]","""""","9.9","false","{breed subscribers}","0","""default""","""none""","0"
"{media 52}","{citizen 28}","[141 141 141 255]","""""","9.9","false","{breed subscribers}","0","""default""","""none""","0"
"{media 52}","{citizen 29}","[141 141 141 255]","""""","9.9","false","{breed subscribers}","0","""default""","""none""","0"
"{media 52}","{citizen 30}","[141 141 141 255]","""""","9.9","false","{breed subscribers}","0","""default""","""none""","0"
"{media 52}","{citizen 31}","[141 141 141 255]","""""","9.9","false","{breed subscribers}","0","""default""","""none""","0"
"{media 52}","{citizen 32}","[141 141 141 255]","""""","9.9","false","{breed subscribers}","0","""default""","""none""","0"
"{media 52}","{citizen 34}","[141 141 141 255]","""""","9.9","false","{breed subscribers}","0","""default""","""none""","0"
"{media 52}","{citizen 35}","[141 141 141 255]","""""","9.9","false","{breed subscribers}","0","""default""","""none""","0"
"{media 52}","{citizen 36}","[141 141 141 255]","""""","9.9","false","{breed subscribers}","0","""default""","""none""","0"
"{media 52}","{citizen 37}","[141 141 141 255]","""""","9.9","false","{breed subscribers}","0","""default""","""none""","0"
"{media 52}","{citizen 38}","[141 141 141 255]","""""","9.9","false","{breed subscribers}","0","""default""","""none""","0"
"{media 52}","{citizen 39}","[141 141 141 255]","""""","9.9","false","{breed subscribers}","0","""default""","""none""","0"
"{media 52}","{citizen 40}","[141 141 141 255]","""""","9.9","false","{breed subscribers}","0","""default""","""none""","0"
"{media 52}","{citizen 41}","[141 141 141 255]","""""","9.9","false","{breed subscribers}","0","""default""","""none""","0"
"{media 52}","{citizen 42}","[141 141 141 255]","""""","9.9","false","{breed subscribers}","0","""default""","""none""","0"
"{media 52}","{citizen 43}","[141 141 141 255]","""""","9.9","false","{breed subscribers}","0","""default""","""none""","0"
"{media 52}","{citizen 44}","[141 141 141 255]","""""","9.9","false","{breed subscribers}","0","""default""","""none""","0"
"{media 52}","{citizen 45}","[141 141 141 255]","""""","9.9","false","{breed subscribers}","0","""default""","""none""","0"
"{media 52}","{citizen 46}","[141 141 141 255]","""""","9.9","false","{breed subscribers}","0","""default""","""none""","0"
"{media 52}","{citizen 47}","[141 141 141 255]","""""","9.9","false","{breed subscribers}","0","""default""","""none""","0"
"{media 52}","{citizen 48}","[141 141 141 255]","""""","9.9","false","{breed subscribers}","0","""default""","""none""","0"
"{media 52}","{citizen 49}","[141 141 141 255]","""""","9.9","false","{breed subscribers}","0","""default""","""none""","0"
"{media 53}","{citizen 0}","[141 141 141 255]","""""","9.9","false","{breed subscribers}","0","""default""","""none""","0"
"{media 53}","{citizen 1}","[141 141 141 255]","""""","9.9","false","{breed subscribers}","0","""default""","""none""","0"
"{media 53}","{citizen 2}","[141 141 141 255]","""""","9.9","false","{breed subscribers}","0","""default""","""none""","0"
"{media 53}","{citizen 3}","[141 141 141 255]","""""","9.9","false","{breed subscribers}","0","""default""","""none""","0"
"{media 53}","{citizen 4}","[141 141 141 255]","""""","9.9","false","{breed subscribers}","0","""default""","""none""","0"
"{media 53}","{citizen 5}","[141 141 141 255]","""""","9.9","false","{breed subscribers}","0","""default""","""none""","0"
"{media 53}","{citizen 6}","[141 141 141 255]","""""","9.9","false","{breed subscribers}","0","""default""","""none""","0"
"{media 53}","{citizen 7}","[141 141 141 255]","""""","9.9","false","{breed subscribers}","0","""default""","""none""","0"
"{media 53}","{citizen 8}","[141 141 141 255]","""""","9.9","false","{breed subscribers}","0","""default""","""none""","0"
"{media 53}","{citizen 9}","[141 141 141 255]","""""","9.9","false","{breed subscribers}","0","""default""","""none""","0"
"{media 53}","{citizen 10}","[141 141 141 255]","""""","9.9","false","{breed subscribers}","0","""default""","""none""","0"
"{media 53}","{citizen 11}","[141 141 141 255]","""""","9.9","false","{breed subscribers}","0","""default""","""none""","0"
"{media 53}","{citizen 12}","[141 141 141 255]","""""","9.9","false","{breed subscribers}","0","""default""","""none""","0"
"{media 53}","{citizen 13}","[141 141 141 255]","""""","9.9","false","{breed subscribers}","0","""default""","""none""","0"
"{media 53}","{citizen 14}","[141 141 141 255]","""""","9.9","false","{breed subscribers}","0","""default""","""none""","0"
"{media 53}","{citizen 15}","[141 141 141 255]","""""","9.9","false","{breed subscribers}","0","""default""","""none""","0"
"{media 53}","{citizen 16}","[141 141 141 255]","""""","9.9","false","{breed subscribers}","0","""default""","""none""","0"
"{media 53}","{citizen 17}","[141 141 141 255]","""""","9.9","false","{breed subscribers}","0","""default""","""none""","0"
"{media 53}","{citizen 19}","[141 141 141 255]","""""","9.9","false","{breed subscribers}","0","""default""","""none""","0"
"{media 53}","{citizen 20}","[141 141 141 255]","""""","9.9","false","{breed subscribers}","0","""default""","""none""","0"
"{media 53}","{citizen 21}","[141 141 141 255]","""""","9.9","false","{breed subscribers}","0","""default""","""none""","0"
"{media 53}","{citizen 22}","[141 141 141 255]","""""","9.9","false","{breed subscribers}","0","""default""","""none""","0"
"{media 53}","{citizen 23}","[141 141 141 255]","""""","9.9","false","{breed subscribers}","0","""default""","""none""","0"
"{media 53}","{citizen 24}","[141 141 141 255]","""""","9.9","false","{breed subscribers}","0","""default""","""none""","0"
"{media 53}","{citizen 26}","[141 141 141 255]","""""","9.9","false","{breed subscribers}","0","""default""","""none""","0"
"{media 53}","{citizen 27}","[141 141 141 255]","""""","9.9","false","{breed subscribers}","0","""default""","""none""","0"
"{media 53}","{citizen 28}","[141 141 141 255]","""""","9.9","false","{breed subscribers}","0","""default""","""none""","0"
"{media 53}","{citizen 29}","[141 141 141 255]","""""","9.9","false","{breed subscribers}","0","""default""","""none""","0"
"{media 53}","{citizen 30}","[141 141 141 255]","""""","9.9","false","{breed subscribers}","0","""default""","""none""","0"
"{media 53}","{citizen 31}","[141 141 141 255]","""""","9.9","false","{breed subscribers}","0","""default""","""none""","0"
"{media 53}","{citizen 32}","[141 141 141 255]","""""","9.9","false","{breed subscribers}","0","""default""","""none""","0"
"{media 53}","{citizen 34}","[141 141 141 255]","""""","9.9","false","{breed subscribers}","0","""default""","""none""","0"
"{media 53}","{citizen 35}","[141 141 141 255]","""""","9.9","false","{breed subscribers}","0","""default""","""none""","0"
"{media 53}","{citizen 36}","[141 141 141 255]","""""","9.9","false","{breed subscribers}","0","""default""","""none""","0"
"{media 53}","{citizen 37}","[141 141 141 255]","""""","9.9","false","{breed subscribers}","0","""default""","""none""","0"
"{media 53}","{citizen 38}","[141 141 141 255]","""""","9.9","false","{breed subscribers}","0","""default""","""none""","0"
"{media 53}","{citizen 39}","[141 141 141 255]","""""","9.9","false","{breed subscribers}","0","""default""","""none""","0"
"{media 53}","{citizen 40}","[141 141 141 255]","""""","9.9","false","{breed subscribers}","0","""default""","""none""","0"
"{media 53}","{citizen 41}","[141 141 141 255]","""""","9.9","false","{breed subscribers}","0","""default""","""none""","0"
"{media 53}","{citizen 42}","[141 141 141 255]","""""","9.9","false","{breed subscribers}","0","""default""","""none""","0"
"{media 53}","{citizen 43}","[141 141 141 255]","""""","9.9","false","{breed subscribers}","0","""default""","""none""","0"
"{media 53}","{citizen 44}","[141 141 141 255]","""""","9.9","false","{breed subscribers}","0","""default""","""none""","0"
"{media 53}","{citizen 45}","[141 141 141 255]","""""","9.9","false","{breed subscribers}","0","""default""","""none""","0"
"{media 53}","{citizen 46}","[141 141 141 255]","""""","9.9","false","{breed subscribers}","0","""default""","""none""","0"
"{media 53}","{citizen 47}","[141 141 141 255]","""""","9.9","false","{breed subscribers}","0","""default""","""none""","0"
"{media 53}","{citizen 48}","[141 141 141 255]","""""","9.9","false","{breed subscribers}","0","""default""","""none""","0"
"{media 53}","{citizen 49}","[141 141 141 255]","""""","9.9","false","{breed subscribers}","0","""default""","""none""","0"
"{media 54}","{citizen 0}","[141 141 141 255]","""""","9.9","false","{breed subscribers}","0","""default""","""none""","0"
"{media 54}","{citizen 1}","[141 141 141 255]","""""","9.9","false","{breed subscribers}","0","""default""","""none""","0"
"{media 54}","{citizen 2}","[141 141 141 255]","""""","9.9","false","{breed subscribers}","0","""default""","""none""","0"
"{media 54}","{citizen 3}","[141 141 141 255]","""""","9.9","false","{breed subscribers}","0","""default""","""none""","0"
"{media 54}","{citizen 4}","[141 141 141 255]","""""","9.9","false","{breed subscribers}","0","""default""","""none""","0"
"{media 54}","{citizen 5}","[141 141 141 255]","""""","9.9","false","{breed subscribers}","0","""default""","""none""","0"
"{media 54}","{citizen 6}","[141 141 141 255]","""""","9.9","false","{breed subscribers}","0","""default""","""none""","0"
"{media 54}","{citizen 7}","[141 141 141 255]","""""","9.9","false","{breed subscribers}","0","""default""","""none""","0"
"{media 54}","{citizen 8}","[141 141 141 255]","""""","9.9","false","{breed subscribers}","0","""default""","""none""","0"
"{media 54}","{citizen 9}","[141 141 141 255]","""""","9.9","false","{breed subscribers}","0","""default""","""none""","0"
"{media 54}","{citizen 10}","[141 141 141 255]","""""","9.9","false","{breed subscribers}","0","""default""","""none""","0"
"{media 54}","{citizen 11}","[141 141 141 255]","""""","9.9","false","{breed subscribers}","0","""default""","""none""","0"
"{media 54}","{citizen 12}","[141 141 141 255]","""""","9.9","false","{breed subscribers}","0","""default""","""none""","0"
"{media 54}","{citizen 13}","[141 141 141 255]","""""","9.9","false","{breed subscribers}","0","""default""","""none""","0"
"{media 54}","{citizen 14}","[141 141 141 255]","""""","9.9","false","{breed subscribers}","0","""default""","""none""","0"
"{media 54}","{citizen 15}","[141 141 141 255]","""""","9.9","false","{breed subscribers}","0","""default""","""none""","0"
"{media 54}","{citizen 16}","[141 141 141 255]","""""","9.9","false","{breed subscribers}","0","""default""","""none""","0"
"{media 54}","{citizen 17}","[141 141 141 255]","""""","9.9","false","{breed subscribers}","0","""default""","""none""","0"
"{media 54}","{citizen 19}","[141 141 141 255]","""""","9.9","false","{breed subscribers}","0","""default""","""none""","0"
"{media 54}","{citizen 20}","[141 141 141 255]","""""","9.9","false","{breed subscribers}","0","""default""","""none""","0"
"{media 54}","{citizen 21}","[141 141 141 255]","""""","9.9","false","{breed subscribers}","0","""default""","""none""","0"
"{media 54}","{citizen 22}","[141 141 141 255]","""""","9.9","false","{breed subscribers}","0","""default""","""none""","0"
"{media 54}","{citizen 23}","[141 141 141 255]","""""","9.9","false","{breed subscribers}","0","""default""","""none""","0"
"{media 54}","{citizen 24}","[141 141 141 255]","""""","9.9","false","{breed subscribers}","0","""default""","""none""","0"
"{media 54}","{citizen 26}","[141 141 141 255]","""""","9.9","false","{breed subscribers}","0","""default""","""none""","0"
"{media 54}","{citizen 27}","[141 141 141 255]","""""","9.9","false","{breed subscribers}","0","""default""","""none""","0"
"{media 54}","{citizen 28}","[141 141 141 255]","""""","9.9","false","{breed subscribers}","0","""default""","""none""","0"
"{media 54}","{citizen 29}","[141 141 141 255]","""""","9.9","false","{breed subscribers}","0","""default""","""none""","0"
"{media 54}","{citizen 30}","[141 141 141 255]","""""","9.9","false","{breed subscribers}","0","""default""","""none""","0"
"{media 54}","{citizen 31}","[141 141 141 255]","""""","9.9","false","{breed subscribers}","0","""default""","""none""","0"
"{media 54}","{citizen 32}","[141 141 141 255]","""""","9.9","false","{breed subscribers}","0","""default""","""none""","0"
"{media 54}","{citizen 34}","[141 141 141 255]","""""","9.9","false","{breed subscribers}","0","""default""","""none""","0"
"{media 54}","{citizen 35}","[141 141 141 255]","""""","9.9","false","{breed subscribers}","0","""default""","""none""","0"
"{media 54}","{citizen 36}","[141 141 141 255]","""""","9.9","false","{breed subscribers}","0","""default""","""none""","0"
"{media 54}","{citizen 37}","[141 141 141 255]","""""","9.9","false","{breed subscribers}","0","""default""","""none""","0"
"{media 54}","{citizen 38}","[141 141 141 255]","""""","9.9","false","{breed subscribers}","0","""default""","""none""","0"
"{media 54}","{citizen 39}","[141 141 141 255]","""""","9.9","false","{breed subscribers}","0","""default""","""none""","0"
"{media 54}","{citizen 40}","[141 141 141 255]","""""","9.9","false","{breed subscribers}","0","""default""","""none""","0"
"{media 54}","{citizen 41}","[141 141 141 255]","""""","9.9","false","{breed subscribers}","0","""default""","""none""","0"
"{media 54}","{citizen 42}","[141 141 141 255]","""""","9.9","false","{breed subscribers}","0","""default""","""none""","0"
"{media 54}","{citizen 43}","[141 141 141 255]","""""","9.9","false","{breed subscribers}","0","""default""","""none""","0"
"{media 54}","{citizen 44}","[141 141 141 255]","""""","9.9","false","{breed subscribers}","0","""default""","""none""","0"
"{media 54}","{citizen 45}","[141 141 141 255]","""""","9.9","false","{breed subscribers}","0","""default""","""none""","0"
"{media 54}","{citizen 46}","[141 141 141 255]","""""","9.9","false","{breed subscribers}","0","""default""","""none""","0"
"{media 54}","{citizen 47}","[141 141 141 255]","""""","9.9","false","{breed subscribers}","0","""default""","""none""","0"
"{media 54}","{citizen 48}","[141 141 141 255]","""""","9.9","false","{breed subscribers}","0","""default""","""none""","0"
"{media 54}","{citizen 49}","[141 141 141 255]","""""","9.9","false","{breed subscribers}","0","""default""","""none""","0"
"{media 55}","{citizen 0}","[141 141 141 255]","""""","9.9","false","{breed subscribers}","0","""default""","""none""","0"
"{media 55}","{citizen 1}","[141 141 141 255]","""""","9.9","false","{breed subscribers}","0","""default""","""none""","0"
"{media 55}","{citizen 2}","[141 141 141 255]","""""","9.9","false","{breed subscribers}","0","""default""","""none""","0"
"{media 55}","{citizen 3}","[141 141 141 255]","""""","9.9","false","{breed subscribers}","0","""default""","""none""","0"
"{media 55}","{citizen 4}","[141 141 141 255]","""""","9.9","false","{breed subscribers}","0","""default""","""none""","0"
"{media 55}","{citizen 5}","[141 141 141 255]","""""","9.9","false","{breed subscribers}","0","""default""","""none""","0"
"{media 55}","{citizen 6}","[141 141 141 255]","""""","9.9","false","{breed subscribers}","0","""default""","""none""","0"
"{media 55}","{citizen 7}","[141 141 141 255]","""""","9.9","false","{breed subscribers}","0","""default""","""none""","0"
"{media 55}","{citizen 8}","[141 141 141 255]","""""","9.9","false","{breed subscribers}","0","""default""","""none""","0"
"{media 55}","{citizen 9}","[141 141 141 255]","""""","9.9","false","{breed subscribers}","0","""default""","""none""","0"
"{media 55}","{citizen 10}","[141 141 141 255]","""""","9.9","false","{breed subscribers}","0","""default""","""none""","0"
"{media 55}","{citizen 11}","[141 141 141 255]","""""","9.9","false","{breed subscribers}","0","""default""","""none""","0"
"{media 55}","{citizen 12}","[141 141 141 255]","""""","9.9","false","{breed subscribers}","0","""default""","""none""","0"
"{media 55}","{citizen 13}","[141 141 141 255]","""""","9.9","false","{breed subscribers}","0","""default""","""none""","0"
"{media 55}","{citizen 14}","[141 141 141 255]","""""","9.9","false","{breed subscribers}","0","""default""","""none""","0"
"{media 55}","{citizen 15}","[141 141 141 255]","""""","9.9","false","{breed subscribers}","0","""default""","""none""","0"
"{media 55}","{citizen 16}","[141 141 141 255]","""""","9.9","false","{breed subscribers}","0","""default""","""none""","0"
"{media 55}","{citizen 17}","[141 141 141 255]","""""","9.9","false","{breed subscribers}","0","""default""","""none""","0"
"{media 55}","{citizen 19}","[141 141 141 255]","""""","9.9","false","{breed subscribers}","0","""default""","""none""","0"
"{media 55}","{citizen 20}","[141 141 141 255]","""""","9.9","false","{breed subscribers}","0","""default""","""none""","0"
"{media 55}","{citizen 21}","[141 141 141 255]","""""","9.9","false","{breed subscribers}","0","""default""","""none""","0"
"{media 55}","{citizen 22}","[141 141 141 255]","""""","9.9","false","{breed subscribers}","0","""default""","""none""","0"
"{media 55}","{citizen 23}","[141 141 141 255]","""""","9.9","false","{breed subscribers}","0","""default""","""none""","0"
"{media 55}","{citizen 24}","[141 141 141 255]","""""","9.9","false","{breed subscribers}","0","""default""","""none""","0"
"{media 55}","{citizen 26}","[141 141 141 255]","""""","9.9","false","{breed subscribers}","0","""default""","""none""","0"
"{media 55}","{citizen 27}","[141 141 141 255]","""""","9.9","false","{breed subscribers}","0","""default""","""none""","0"
"{media 55}","{citizen 28}","[141 141 141 255]","""""","9.9","false","{breed subscribers}","0","""default""","""none""","0"
"{media 55}","{citizen 29}","[141 141 141 255]","""""","9.9","false","{breed subscribers}","0","""default""","""none""","0"
"{media 55}","{citizen 30}","[141 141 141 255]","""""","9.9","false","{breed subscribers}","0","""default""","""none""","0"
"{media 55}","{citizen 31}","[141 141 141 255]","""""","9.9","false","{breed subscribers}","0","""default""","""none""","0"
"{media 55}","{citizen 32}","[141 141 141 255]","""""","9.9","false","{breed subscribers}","0","""default""","""none""","0"
"{media 55}","{citizen 34}","[141 141 141 255]","""""","9.9","false","{breed subscribers}","0","""default""","""none""","0"
"{media 55}","{citizen 35}","[141 141 141 255]","""""","9.9","false","{breed subscribers}","0","""default""","""none""","0"
"{media 55}","{citizen 36}","[141 141 141 255]","""""","9.9","false","{breed subscribers}","0","""default""","""none""","0"
"{media 55}","{citizen 37}","[141 141 141 255]","""""","9.9","false","{breed subscribers}","0","""default""","""none""","0"
"{media 55}","{citizen 38}","[141 141 141 255]","""""","9.9","false","{breed subscribers}","0","""default""","""none""","0"
"{media 55}","{citizen 39}","[141 141 141 255]","""""","9.9","false","{breed subscribers}","0","""default""","""none""","0"
"{media 55}","{citizen 40}","[141 141 141 255]","""""","9.9","false","{breed subscribers}","0","""default""","""none""","0"
"{media 55}","{citizen 41}","[141 141 141 255]","""""","9.9","false","{breed subscribers}","0","""default""","""none""","0"
"{media 55}","{citizen 42}","[141 141 141 255]","""""","9.9","false","{breed subscribers}","0","""default""","""none""","0"
"{media 55}","{citizen 43}","[141 141 141 255]","""""","9.9","false","{breed subscribers}","0","""default""","""none""","0"
"{media 55}","{citizen 44}","[141 141 141 255]","""""","9.9","false","{breed subscribers}","0","""default""","""none""","0"
"{media 55}","{citizen 45}","[141 141 141 255]","""""","9.9","false","{breed subscribers}","0","""default""","""none""","0"
"{media 55}","{citizen 46}","[141 141 141 255]","""""","9.9","false","{breed subscribers}","0","""default""","""none""","0"
"{media 55}","{citizen 47}","[141 141 141 255]","""""","9.9","false","{breed subscribers}","0","""default""","""none""","0"
"{media 55}","{citizen 48}","[141 141 141 255]","""""","9.9","false","{breed subscribers}","0","""default""","""none""","0"
"{media 55}","{citizen 49}","[141 141 141 255]","""""","9.9","false","{breed subscribers}","0","""default""","""none""","0"
"{media 56}","{citizen 0}","[141 141 141 255]","""""","9.9","false","{breed subscribers}","0","""default""","""none""","0"
"{media 56}","{citizen 1}","[141 141 141 255]","""""","9.9","false","{breed subscribers}","0","""default""","""none""","0"
"{media 56}","{citizen 2}","[141 141 141 255]","""""","9.9","false","{breed subscribers}","0","""default""","""none""","0"
"{media 56}","{citizen 3}","[141 141 141 255]","""""","9.9","false","{breed subscribers}","0","""default""","""none""","0"
"{media 56}","{citizen 4}","[141 141 141 255]","""""","9.9","false","{breed subscribers}","0","""default""","""none""","0"
"{media 56}","{citizen 5}","[141 141 141 255]","""""","9.9","false","{breed subscribers}","0","""default""","""none""","0"
"{media 56}","{citizen 6}","[141 141 141 255]","""""","9.9","false","{breed subscribers}","0","""default""","""none""","0"
"{media 56}","{citizen 7}","[141 141 141 255]","""""","9.9","false","{breed subscribers}","0","""default""","""none""","0"
"{media 56}","{citizen 8}","[141 141 141 255]","""""","9.9","false","{breed subscribers}","0","""default""","""none""","0"
"{media 56}","{citizen 9}","[141 141 141 255]","""""","9.9","false","{breed subscribers}","0","""default""","""none""","0"
"{media 56}","{citizen 10}","[141 141 141 255]","""""","9.9","false","{breed subscribers}","0","""default""","""none""","0"
"{media 56}","{citizen 11}","[141 141 141 255]","""""","9.9","false","{breed subscribers}","0","""default""","""none""","0"
"{media 56}","{citizen 12}","[141 141 141 255]","""""","9.9","false","{breed subscribers}","0","""default""","""none""","0"
"{media 56}","{citizen 13}","[141 141 141 255]","""""","9.9","false","{breed subscribers}","0","""default""","""none""","0"
"{media 56}","{citizen 14}","[141 141 141 255]","""""","9.9","false","{breed subscribers}","0","""default""","""none""","0"
"{media 56}","{citizen 15}","[141 141 141 255]","""""","9.9","false","{breed subscribers}","0","""default""","""none""","0"
"{media 56}","{citizen 16}","[141 141 141 255]","""""","9.9","false","{breed subscribers}","0","""default""","""none""","0"
"{media 56}","{citizen 17}","[141 141 141 255]","""""","9.9","false","{breed subscribers}","0","""default""","""none""","0"
"{media 56}","{citizen 19}","[141 141 141 255]","""""","9.9","false","{breed subscribers}","0","""default""","""none""","0"
"{media 56}","{citizen 20}","[141 141 141 255]","""""","9.9","false","{breed subscribers}","0","""default""","""none""","0"
"{media 56}","{citizen 21}","[141 141 141 255]","""""","9.9","false","{breed subscribers}","0","""default""","""none""","0"
"{media 56}","{citizen 22}","[141 141 141 255]","""""","9.9","false","{breed subscribers}","0","""default""","""none""","0"
"{media 56}","{citizen 23}","[141 141 141 255]","""""","9.9","false","{breed subscribers}","0","""default""","""none""","0"
"{media 56}","{citizen 24}","[141 141 141 255]","""""","9.9","false","{breed subscribers}","0","""default""","""none""","0"
"{media 56}","{citizen 26}","[141 141 141 255]","""""","9.9","false","{breed subscribers}","0","""default""","""none""","0"
"{media 56}","{citizen 27}","[141 141 141 255]","""""","9.9","false","{breed subscribers}","0","""default""","""none""","0"
"{media 56}","{citizen 28}","[141 141 141 255]","""""","9.9","false","{breed subscribers}","0","""default""","""none""","0"
"{media 56}","{citizen 29}","[141 141 141 255]","""""","9.9","false","{breed subscribers}","0","""default""","""none""","0"
"{media 56}","{citizen 30}","[141 141 141 255]","""""","9.9","false","{breed subscribers}","0","""default""","""none""","0"
"{media 56}","{citizen 31}","[141 141 141 255]","""""","9.9","false","{breed subscribers}","0","""default""","""none""","0"
"{media 56}","{citizen 32}","[141 141 141 255]","""""","9.9","false","{breed subscribers}","0","""default""","""none""","0"
"{media 56}","{citizen 34}","[141 141 141 255]","""""","9.9","false","{breed subscribers}","0","""default""","""none""","0"
"{media 56}","{citizen 35}","[141 141 141 255]","""""","9.9","false","{breed subscribers}","0","""default""","""none""","0"
"{media 56}","{citizen 36}","[141 141 141 255]","""""","9.9","false","{breed subscribers}","0","""default""","""none""","0"
"{media 56}","{citizen 37}","[141 141 141 255]","""""","9.9","false","{breed subscribers}","0","""default""","""none""","0"
"{media 56}","{citizen 38}","[141 141 141 255]","""""","9.9","false","{breed subscribers}","0","""default""","""none""","0"
"{media 56}","{citizen 39}","[141 141 141 255]","""""","9.9","false","{breed subscribers}","0","""default""","""none""","0"
"{media 56}","{citizen 40}","[141 141 141 255]","""""","9.9","false","{breed subscribers}","0","""default""","""none""","0"
"{media 56}","{citizen 41}","[141 141 141 255]","""""","9.9","false","{breed subscribers}","0","""default""","""none""","0"
"{media 56}","{citizen 42}","[141 141 141 255]","""""","9.9","false","{breed subscribers}","0","""default""","""none""","0"
"{media 56}","{citizen 43}","[141 141 141 255]","""""","9.9","false","{breed subscribers}","0","""default""","""none""","0"
"{media 56}","{citizen 44}","[141 141 141 255]","""""","9.9","false","{breed subscribers}","0","""default""","""none""","0"
"{media 56}","{citizen 45}","[141 141 141 255]","""""","9.9","false","{breed subscribers}","0","""default""","""none""","0"
"{media 56}","{citizen 46}","[141 141 141 255]","""""","9.9","false","{breed subscribers}","0","""default""","""none""","0"
"{media 56}","{citizen 47}","[141 141 141 255]","""""","9.9","false","{breed subscribers}","0","""default""","""none""","0"
"{media 56}","{citizen 48}","[141 141 141 255]","""""","9.9","false","{breed subscribers}","0","""default""","""none""","0"
"{media 56}","{citizen 49}","[141 141 141 255]","""""","9.9","false","{breed subscribers}","0","""default""","""none""","0"
"{media 57}","{citizen 0}","[141 141 141 255]","""""","9.9","false","{breed subscribers}","0","""default""","""none""","0"
"{media 57}","{citizen 1}","[141 141 141 255]","""""","9.9","false","{breed subscribers}","0","""default""","""none""","0"
"{media 57}","{citizen 2}","[141 141 141 255]","""""","9.9","false","{breed subscribers}","0","""default""","""none""","0"
"{media 57}","{citizen 3}","[141 141 141 255]","""""","9.9","false","{breed subscribers}","0","""default""","""none""","0"
"{media 57}","{citizen 4}","[141 141 141 255]","""""","9.9","false","{breed subscribers}","0","""default""","""none""","0"
"{media 57}","{citizen 5}","[141 141 141 255]","""""","9.9","false","{breed subscribers}","0","""default""","""none""","0"
"{media 57}","{citizen 6}","[141 141 141 255]","""""","9.9","false","{breed subscribers}","0","""default""","""none""","0"
"{media 57}","{citizen 7}","[141 141 141 255]","""""","9.9","false","{breed subscribers}","0","""default""","""none""","0"
"{media 57}","{citizen 8}","[141 141 141 255]","""""","9.9","false","{breed subscribers}","0","""default""","""none""","0"
"{media 57}","{citizen 9}","[141 141 141 255]","""""","9.9","false","{breed subscribers}","0","""default""","""none""","0"
"{media 57}","{citizen 10}","[141 141 141 255]","""""","9.9","false","{breed subscribers}","0","""default""","""none""","0"
"{media 57}","{citizen 11}","[141 141 141 255]","""""","9.9","false","{breed subscribers}","0","""default""","""none""","0"
"{media 57}","{citizen 12}","[141 141 141 255]","""""","9.9","false","{breed subscribers}","0","""default""","""none""","0"
"{media 57}","{citizen 13}","[141 141 141 255]","""""","9.9","false","{breed subscribers}","0","""default""","""none""","0"
"{media 57}","{citizen 14}","[141 141 141 255]","""""","9.9","false","{breed subscribers}","0","""default""","""none""","0"
"{media 57}","{citizen 15}","[141 141 141 255]","""""","9.9","false","{breed subscribers}","0","""default""","""none""","0"
"{media 57}","{citizen 16}","[141 141 141 255]","""""","9.9","false","{breed subscribers}","0","""default""","""none""","0"
"{media 57}","{citizen 17}","[141 141 141 255]","""""","9.9","false","{breed subscribers}","0","""default""","""none""","0"
"{media 57}","{citizen 19}","[141 141 141 255]","""""","9.9","false","{breed subscribers}","0","""default""","""none""","0"
"{media 57}","{citizen 20}","[141 141 141 255]","""""","9.9","false","{breed subscribers}","0","""default""","""none""","0"
"{media 57}","{citizen 21}","[141 141 141 255]","""""","9.9","false","{breed subscribers}","0","""default""","""none""","0"
"{media 57}","{citizen 22}","[141 141 141 255]","""""","9.9","false","{breed subscribers}","0","""default""","""none""","0"
"{media 57}","{citizen 23}","[141 141 141 255]","""""","9.9","false","{breed subscribers}","0","""default""","""none""","0"
"{media 57}","{citizen 24}","[141 141 141 255]","""""","9.9","false","{breed subscribers}","0","""default""","""none""","0"
"{media 57}","{citizen 26}","[141 141 141 255]","""""","9.9","false","{breed subscribers}","0","""default""","""none""","0"
"{media 57}","{citizen 27}","[141 141 141 255]","""""","9.9","false","{breed subscribers}","0","""default""","""none""","0"
"{media 57}","{citizen 28}","[141 141 141 255]","""""","9.9","false","{breed subscribers}","0","""default""","""none""","0"
"{media 57}","{citizen 29}","[141 141 141 255]","""""","9.9","false","{breed subscribers}","0","""default""","""none""","0"
"{media 57}","{citizen 30}","[141 141 141 255]","""""","9.9","false","{breed subscribers}","0","""default""","""none""","0"
"{media 57}","{citizen 31}","[141 141 141 255]","""""","9.9","false","{breed subscribers}","0","""default""","""none""","0"
"{media 57}","{citizen 32}","[141 141 141 255]","""""","9.9","false","{breed subscribers}","0","""default""","""none""","0"
"{media 57}","{citizen 34}","[141 141 141 255]","""""","9.9","false","{breed subscribers}","0","""default""","""none""","0"
"{media 57}","{citizen 35}","[141 141 141 255]","""""","9.9","false","{breed subscribers}","0","""default""","""none""","0"
"{media 57}","{citizen 36}","[141 141 141 255]","""""","9.9","false","{breed subscribers}","0","""default""","""none""","0"
"{media 57}","{citizen 37}","[141 141 141 255]","""""","9.9","false","{breed subscribers}","0","""default""","""none""","0"
"{media 57}","{citizen 38}","[141 141 141 255]","""""","9.9","false","{breed subscribers}","0","""default""","""none""","0"
"{media 57}","{citizen 39}","[141 141 141 255]","""""","9.9","false","{breed subscribers}","0","""default""","""none""","0"
"{media 57}","{citizen 40}","[141 141 141 255]","""""","9.9","false","{breed subscribers}","0","""default""","""none""","0"
"{media 57}","{citizen 41}","[141 141 141 255]","""""","9.9","false","{breed subscribers}","0","""default""","""none""","0"
"{media 57}","{citizen 42}","[141 141 141 255]","""""","9.9","false","{breed subscribers}","0","""default""","""none""","0"
"{media 57}","{citizen 43}","[141 141 141 255]","""""","9.9","false","{breed subscribers}","0","""default""","""none""","0"
"{media 57}","{citizen 44}","[141 141 141 255]","""""","9.9","false","{breed subscribers}","0","""default""","""none""","0"
"{media 57}","{citizen 45}","[141 141 141 255]","""""","9.9","false","{breed subscribers}","0","""default""","""none""","0"
"{media 57}","{citizen 46}","[141 141 141 255]","""""","9.9","false","{breed subscribers}","0","""default""","""none""","0"
"{media 57}","{citizen 47}","[141 141 141 255]","""""","9.9","false","{breed subscribers}","0","""default""","""none""","0"
"{media 57}","{citizen 48}","[141 141 141 255]","""""","9.9","false","{breed subscribers}","0","""default""","""none""","0"
"{media 57}","{citizen 49}","[141 141 141 255]","""""","9.9","false","{breed subscribers}","0","""default""","""none""","0"
"{media 58}","{citizen 0}","[141 141 141 255]","""""","9.9","false","{breed subscribers}","0","""default""","""none""","0"
"{media 58}","{citizen 1}","[141 141 141 255]","""""","9.9","false","{breed subscribers}","0","""default""","""none""","0"
"{media 58}","{citizen 2}","[141 141 141 255]","""""","9.9","false","{breed subscribers}","0","""default""","""none""","0"
"{media 58}","{citizen 3}","[141 141 141 255]","""""","9.9","false","{breed subscribers}","0","""default""","""none""","0"
"{media 58}","{citizen 4}","[141 141 141 255]","""""","9.9","false","{breed subscribers}","0","""default""","""none""","0"
"{media 58}","{citizen 5}","[141 141 141 255]","""""","9.9","false","{breed subscribers}","0","""default""","""none""","0"
"{media 58}","{citizen 6}","[141 141 141 255]","""""","9.9","false","{breed subscribers}","0","""default""","""none""","0"
"{media 58}","{citizen 7}","[141 141 141 255]","""""","9.9","false","{breed subscribers}","0","""default""","""none""","0"
"{media 58}","{citizen 8}","[141 141 141 255]","""""","9.9","false","{breed subscribers}","0","""default""","""none""","0"
"{media 58}","{citizen 9}","[141 141 141 255]","""""","9.9","false","{breed subscribers}","0","""default""","""none""","0"
"{media 58}","{citizen 10}","[141 141 141 255]","""""","9.9","false","{breed subscribers}","0","""default""","""none""","0"
"{media 58}","{citizen 11}","[141 141 141 255]","""""","9.9","false","{breed subscribers}","0","""default""","""none""","0"
"{media 58}","{citizen 12}","[141 141 141 255]","""""","9.9","false","{breed subscribers}","0","""default""","""none""","0"
"{media 58}","{citizen 13}","[141 141 141 255]","""""","9.9","false","{breed subscribers}","0","""default""","""none""","0"
"{media 58}","{citizen 14}","[141 141 141 255]","""""","9.9","false","{breed subscribers}","0","""default""","""none""","0"
"{media 58}","{citizen 15}","[141 141 141 255]","""""","9.9","false","{breed subscribers}","0","""default""","""none""","0"
"{media 58}","{citizen 16}","[141 141 141 255]","""""","9.9","false","{breed subscribers}","0","""default""","""none""","0"
"{media 58}","{citizen 17}","[141 141 141 255]","""""","9.9","false","{breed subscribers}","0","""default""","""none""","0"
"{media 58}","{citizen 19}","[141 141 141 255]","""""","9.9","false","{breed subscribers}","0","""default""","""none""","0"
"{media 58}","{citizen 20}","[141 141 141 255]","""""","9.9","false","{breed subscribers}","0","""default""","""none""","0"
"{media 58}","{citizen 21}","[141 141 141 255]","""""","9.9","false","{breed subscribers}","0","""default""","""none""","0"
"{media 58}","{citizen 22}","[141 141 141 255]","""""","9.9","false","{breed subscribers}","0","""default""","""none""","0"
"{media 58}","{citizen 23}","[141 141 141 255]","""""","9.9","false","{breed subscribers}","0","""default""","""none""","0"
"{media 58}","{citizen 24}","[141 141 141 255]","""""","9.9","false","{breed subscribers}","0","""default""","""none""","0"
"{media 58}","{citizen 26}","[141 141 141 255]","""""","9.9","false","{breed subscribers}","0","""default""","""none""","0"
"{media 58}","{citizen 27}","[141 141 141 255]","""""","9.9","false","{breed subscribers}","0","""default""","""none""","0"
"{media 58}","{citizen 28}","[141 141 141 255]","""""","9.9","false","{breed subscribers}","0","""default""","""none""","0"
"{media 58}","{citizen 29}","[141 141 141 255]","""""","9.9","false","{breed subscribers}","0","""default""","""none""","0"
"{media 58}","{citizen 30}","[141 141 141 255]","""""","9.9","false","{breed subscribers}","0","""default""","""none""","0"
"{media 58}","{citizen 31}","[141 141 141 255]","""""","9.9","false","{breed subscribers}","0","""default""","""none""","0"
"{media 58}","{citizen 32}","[141 141 141 255]","""""","9.9","false","{breed subscribers}","0","""default""","""none""","0"
"{media 58}","{citizen 34}","[141 141 141 255]","""""","9.9","false","{breed subscribers}","0","""default""","""none""","0"
"{media 58}","{citizen 35}","[141 141 141 255]","""""","9.9","false","{breed subscribers}","0","""default""","""none""","0"
"{media 58}","{citizen 36}","[141 141 141 255]","""""","9.9","false","{breed subscribers}","0","""default""","""none""","0"
"{media 58}","{citizen 37}","[141 141 141 255]","""""","9.9","false","{breed subscribers}","0","""default""","""none""","0"
"{media 58}","{citizen 38}","[141 141 141 255]","""""","9.9","false","{breed subscribers}","0","""default""","""none""","0"
"{media 58}","{citizen 39}","[141 141 141 255]","""""","9.9","false","{breed subscribers}","0","""default""","""none""","0"
"{media 58}","{citizen 40}","[141 141 141 255]","""""","9.9","false","{breed subscribers}","0","""default""","""none""","0"
"{media 58}","{citizen 41}","[141 141 141 255]","""""","9.9","false","{breed subscribers}","0","""default""","""none""","0"
"{media 58}","{citizen 42}","[141 141 141 255]","""""","9.9","false","{breed subscribers}","0","""default""","""none""","0"
"{media 58}","{citizen 43}","[141 141 141 255]","""""","9.9","false","{breed subscribers}","0","""default""","""none""","0"
"{media 58}","{citizen 44}","[141 141 141 255]","""""","9.9","false","{breed subscribers}","0","""default""","""none""","0"
"{media 58}","{citizen 45}","[141 141 141 255]","""""","9.9","false","{breed subscribers}","0","""default""","""none""","0"
"{media 58}","{citizen 46}","[141 141 141 255]","""""","9.9","false","{breed subscribers}","0","""default""","""none""","0"
"{media 58}","{citizen 47}","[141 141 141 255]","""""","9.9","false","{breed subscribers}","0","""default""","""none""","0"
"{media 58}","{citizen 48}","[141 141 141 255]","""""","9.9","false","{breed subscribers}","0","""default""","""none""","0"
"{media 58}","{citizen 49}","[141 141 141 255]","""""","9.9","false","{breed subscribers}","0","""default""","""none""","0"
"{media 59}","{citizen 0}","[141 141 141 255]","""""","9.9","false","{breed subscribers}","0","""default""","""none""","0"
"{media 59}","{citizen 1}","[141 141 141 255]","""""","9.9","false","{breed subscribers}","0","""default""","""none""","0"
"{media 59}","{citizen 2}","[141 141 141 255]","""""","9.9","false","{breed subscribers}","0","""default""","""none""","0"
"{media 59}","{citizen 3}","[141 141 141 255]","""""","9.9","false","{breed subscribers}","0","""default""","""none""","0"
"{media 59}","{citizen 4}","[141 141 141 255]","""""","9.9","false","{breed subscribers}","0","""default""","""none""","0"
"{media 59}","{citizen 5}","[141 141 141 255]","""""","9.9","false","{breed subscribers}","0","""default""","""none""","0"
"{media 59}","{citizen 6}","[141 141 141 255]","""""","9.9","false","{breed subscribers}","0","""default""","""none""","0"
"{media 59}","{citizen 7}","[141 141 141 255]","""""","9.9","false","{breed subscribers}","0","""default""","""none""","0"
"{media 59}","{citizen 8}","[141 141 141 255]","""""","9.9","false","{breed subscribers}","0","""default""","""none""","0"
"{media 59}","{citizen 9}","[141 141 141 255]","""""","9.9","false","{breed subscribers}","0","""default""","""none""","0"
"{media 59}","{citizen 10}","[141 141 141 255]","""""","9.9","false","{breed subscribers}","0","""default""","""none""","0"
"{media 59}","{citizen 11}","[141 141 141 255]","""""","9.9","false","{breed subscribers}","0","""default""","""none""","0"
"{media 59}","{citizen 12}","[141 141 141 255]","""""","9.9","false","{breed subscribers}","0","""default""","""none""","0"
"{media 59}","{citizen 13}","[141 141 141 255]","""""","9.9","false","{breed subscribers}","0","""default""","""none""","0"
"{media 59}","{citizen 14}","[141 141 141 255]","""""","9.9","false","{breed subscribers}","0","""default""","""none""","0"
"{media 59}","{citizen 15}","[141 141 141 255]","""""","9.9","false","{breed subscribers}","0","""default""","""none""","0"
"{media 59}","{citizen 16}","[141 141 141 255]","""""","9.9","false","{breed subscribers}","0","""default""","""none""","0"
"{media 59}","{citizen 17}","[141 141 141 255]","""""","9.9","false","{breed subscribers}","0","""default""","""none""","0"
"{media 59}","{citizen 19}","[141 141 141 255]","""""","9.9","false","{breed subscribers}","0","""default""","""none""","0"
"{media 59}","{citizen 20}","[141 141 141 255]","""""","9.9","false","{breed subscribers}","0","""default""","""none""","0"
"{media 59}","{citizen 21}","[141 141 141 255]","""""","9.9","false","{breed subscribers}","0","""default""","""none""","0"
"{media 59}","{citizen 22}","[141 141 141 255]","""""","9.9","false","{breed subscribers}","0","""default""","""none""","0"
"{media 59}","{citizen 23}","[141 141 141 255]","""""","9.9","false","{breed subscribers}","0","""default""","""none""","0"
"{media 59}","{citizen 24}","[141 141 141 255]","""""","9.9","false","{breed subscribers}","0","""default""","""none""","0"
"{media 59}","{citizen 26}","[141 141 141 255]","""""","9.9","false","{breed subscribers}","0","""default""","""none""","0"
"{media 59}","{citizen 27}","[141 141 141 255]","""""","9.9","false","{breed subscribers}","0","""default""","""none""","0"
"{media 59}","{citizen 28}","[141 141 141 255]","""""","9.9","false","{breed subscribers}","0","""default""","""none""","0"
"{media 59}","{citizen 29}","[141 141 141 255]","""""","9.9","false","{breed subscribers}","0","""default""","""none""","0"
"{media 59}","{citizen 30}","[141 141 141 255]","""""","9.9","false","{breed subscribers}","0","""default""","""none""","0"
"{media 59}","{citizen 31}","[141 141 141 255]","""""","9.9","false","{breed subscribers}","0","""default""","""none""","0"
"{media 59}","{citizen 32}","[141 141 141 255]","""""","9.9","false","{breed subscribers}","0","""default""","""none""","0"
"{media 59}","{citizen 34}","[141 141 141 255]","""""","9.9","false","{breed subscribers}","0","""default""","""none""","0"
"{media 59}","{citizen 35}","[141 141 141 255]","""""","9.9","false","{breed subscribers}","0","""default""","""none""","0"
"{media 59}","{citizen 36}","[141 141 141 255]","""""","9.9","false","{breed subscribers}","0","""default""","""none""","0"
"{media 59}","{citizen 37}","[141 141 141 255]","""""","9.9","false","{breed subscribers}","0","""default""","""none""","0"
"{media 59}","{citizen 38}","[141 141 141 255]","""""","9.9","false","{breed subscribers}","0","""default""","""none""","0"
"{media 59}","{citizen 39}","[141 141 141 255]","""""","9.9","false","{breed subscribers}","0","""default""","""none""","0"
"{media 59}","{citizen 40}","[141 141 141 255]","""""","9.9","false","{breed subscribers}","0","""default""","""none""","0"
"{media 59}","{citizen 41}","[141 141 141 255]","""""","9.9","false","{breed subscribers}","0","""default""","""none""","0"
"{media 59}","{citizen 42}","[141 141 141 255]","""""","9.9","false","{breed subscribers}","0","""default""","""none""","0"
"{media 59}","{citizen 43}","[141 141 141 255]","""""","9.9","false","{breed subscribers}","0","""default""","""none""","0"
"{media 59}","{citizen 44}","[141 141 141 255]","""""","9.9","false","{breed subscribers}","0","""default""","""none""","0"
"{media 59}","{citizen 45}","[141 141 141 255]","""""","9.9","false","{breed subscribers}","0","""default""","""none""","0"
"{media 59}","{citizen 46}","[141 141 141 255]","""""","9.9","false","{breed subscribers}","0","""default""","""none""","0"
"{media 59}","{citizen 47}","[141 141 141 255]","""""","9.9","false","{breed subscribers}","0","""default""","""none""","0"
"{media 59}","{citizen 48}","[141 141 141 255]","""""","9.9","false","{breed subscribers}","0","""default""","""none""","0"
"{media 59}","{citizen 49}","[141 141 141 255]","""""","9.9","false","{breed subscribers}","0","""default""","""none""","0"
"{media 60}","{citizen 0}","[141 141 141 255]","""""","9.9","false","{breed subscribers}","0","""default""","""none""","0"
"{media 60}","{citizen 1}","[141 141 141 255]","""""","9.9","false","{breed subscribers}","0","""default""","""none""","0"
"{media 60}","{citizen 2}","[141 141 141 255]","""""","9.9","false","{breed subscribers}","0","""default""","""none""","0"
"{media 60}","{citizen 3}","[141 141 141 255]","""""","9.9","false","{breed subscribers}","0","""default""","""none""","0"
"{media 60}","{citizen 4}","[141 141 141 255]","""""","9.9","false","{breed subscribers}","0","""default""","""none""","0"
"{media 60}","{citizen 5}","[141 141 141 255]","""""","9.9","false","{breed subscribers}","0","""default""","""none""","0"
"{media 60}","{citizen 6}","[141 141 141 255]","""""","9.9","false","{breed subscribers}","0","""default""","""none""","0"
"{media 60}","{citizen 7}","[141 141 141 255]","""""","9.9","false","{breed subscribers}","0","""default""","""none""","0"
"{media 60}","{citizen 8}","[141 141 141 255]","""""","9.9","false","{breed subscribers}","0","""default""","""none""","0"
"{media 60}","{citizen 9}","[141 141 141 255]","""""","9.9","false","{breed subscribers}","0","""default""","""none""","0"
"{media 60}","{citizen 10}","[141 141 141 255]","""""","9.9","false","{breed subscribers}","0","""default""","""none""","0"
"{media 60}","{citizen 11}","[141 141 141 255]","""""","9.9","false","{breed subscribers}","0","""default""","""none""","0"
"{media 60}","{citizen 12}","[141 141 141 255]","""""","9.9","false","{breed subscribers}","0","""default""","""none""","0"
"{media 60}","{citizen 13}","[141 141 141 255]","""""","9.9","false","{breed subscribers}","0","""default""","""none""","0"
"{media 60}","{citizen 14}","[141 141 141 255]","""""","9.9","false","{breed subscribers}","0","""default""","""none""","0"
"{media 60}","{citizen 15}","[141 141 141 255]","""""","9.9","false","{breed subscribers}","0","""default""","""none""","0"
"{media 60}","{citizen 16}","[141 141 141 255]","""""","9.9","false","{breed subscribers}","0","""default""","""none""","0"
"{media 60}","{citizen 17}","[141 141 141 255]","""""","9.9","false","{breed subscribers}","0","""default""","""none""","0"
"{media 60}","{citizen 19}","[141 141 141 255]","""""","9.9","false","{breed subscribers}","0","""default""","""none""","0"
"{media 60}","{citizen 20}","[141 141 141 255]","""""","9.9","false","{breed subscribers}","0","""default""","""none""","0"
"{media 60}","{citizen 21}","[141 141 141 255]","""""","9.9","false","{breed subscribers}","0","""default""","""none""","0"
"{media 60}","{citizen 22}","[141 141 141 255]","""""","9.9","false","{breed subscribers}","0","""default""","""none""","0"
"{media 60}","{citizen 23}","[141 141 141 255]","""""","9.9","false","{breed subscribers}","0","""default""","""none""","0"
"{media 60}","{citizen 24}","[141 141 141 255]","""""","9.9","false","{breed subscribers}","0","""default""","""none""","0"
"{media 60}","{citizen 26}","[141 141 141 255]","""""","9.9","false","{breed subscribers}","0","""default""","""none""","0"
"{media 60}","{citizen 27}","[141 141 141 255]","""""","9.9","false","{breed subscribers}","0","""default""","""none""","0"
"{media 60}","{citizen 28}","[141 141 141 255]","""""","9.9","false","{breed subscribers}","0","""default""","""none""","0"
"{media 60}","{citizen 29}","[141 141 141 255]","""""","9.9","false","{breed subscribers}","0","""default""","""none""","0"
"{media 60}","{citizen 30}","[141 141 141 255]","""""","9.9","false","{breed subscribers}","0","""default""","""none""","0"
"{media 60}","{citizen 31}","[141 141 141 255]","""""","9.9","false","{breed subscribers}","0","""default""","""none""","0"
"{media 60}","{citizen 32}","[141 141 141 255]","""""","9.9","false","{breed subscribers}","0","""default""","""none""","0"
"{media 60}","{citizen 34}","[141 141 141 255]","""""","9.9","false","{breed subscribers}","0","""default""","""none""","0"
"{media 60}","{citizen 35}","[141 141 141 255]","""""","9.9","false","{breed subscribers}","0","""default""","""none""","0"
"{media 60}","{citizen 36}","[141 141 141 255]","""""","9.9","false","{breed subscribers}","0","""default""","""none""","0"
"{media 60}","{citizen 37}","[141 141 141 255]","""""","9.9","false","{breed subscribers}","0","""default""","""none""","0"
"{media 60}","{citizen 38}","[141 141 141 255]","""""","9.9","false","{breed subscribers}","0","""default""","""none""","0"
"{media 60}","{citizen 39}","[141 141 141 255]","""""","9.9","false","{breed subscribers}","0","""default""","""none""","0"
"{media 60}","{citizen 40}","[141 141 141 255]","""""","9.9","false","{breed subscribers}","0","""default""","""none""","0"
"{media 60}","{citizen 41}","[141 141 141 255]","""""","9.9","false","{breed subscribers}","0","""default""","""none""","0"
"{media 60}","{citizen 42}","[141 141 141 255]","""""","9.9","false","{breed subscribers}","0","""default""","""none""","0"
"{media 60}","{citizen 43}","[141 141 141 255]","""""","9.9","false","{breed subscribers}","0","""default""","""none""","0"
"{media 60}","{citizen 44}","[141 141 141 255]","""""","9.9","false","{breed subscribers}","0","""default""","""none""","0"
"{media 60}","{citizen 45}","[141 141 141 255]","""""","9.9","false","{breed subscribers}","0","""default""","""none""","0"
"{media 60}","{citizen 46}","[141 141 141 255]","""""","9.9","false","{breed subscribers}","0","""default""","""none""","0"
"{media 60}","{citizen 47}","[141 141 141 255]","""""","9.9","false","{breed subscribers}","0","""default""","""none""","0"
"{media 60}","{citizen 48}","[141 141 141 255]","""""","9.9","false","{breed subscribers}","0","""default""","""none""","0"
"{media 60}","{citizen 49}","[141 141 141 255]","""""","9.9","false","{breed subscribers}","0","""default""","""none""","0"
"{media 61}","{citizen 0}","[141 141 141 255]","""""","9.9","false","{breed subscribers}","0","""default""","""none""","0"
"{media 61}","{citizen 1}","[141 141 141 255]","""""","9.9","false","{breed subscribers}","0","""default""","""none""","0"
"{media 61}","{citizen 2}","[141 141 141 255]","""""","9.9","false","{breed subscribers}","0","""default""","""none""","0"
"{media 61}","{citizen 3}","[141 141 141 255]","""""","9.9","false","{breed subscribers}","0","""default""","""none""","0"
"{media 61}","{citizen 4}","[141 141 141 255]","""""","9.9","false","{breed subscribers}","0","""default""","""none""","0"
"{media 61}","{citizen 5}","[141 141 141 255]","""""","9.9","false","{breed subscribers}","0","""default""","""none""","0"
"{media 61}","{citizen 6}","[141 141 141 255]","""""","9.9","false","{breed subscribers}","0","""default""","""none""","0"
"{media 61}","{citizen 7}","[141 141 141 255]","""""","9.9","false","{breed subscribers}","0","""default""","""none""","0"
"{media 61}","{citizen 8}","[141 141 141 255]","""""","9.9","false","{breed subscribers}","0","""default""","""none""","0"
"{media 61}","{citizen 9}","[141 141 141 255]","""""","9.9","false","{breed subscribers}","0","""default""","""none""","0"
"{media 61}","{citizen 10}","[141 141 141 255]","""""","9.9","false","{breed subscribers}","0","""default""","""none""","0"
"{media 61}","{citizen 11}","[141 141 141 255]","""""","9.9","false","{breed subscribers}","0","""default""","""none""","0"
"{media 61}","{citizen 12}","[141 141 141 255]","""""","9.9","false","{breed subscribers}","0","""default""","""none""","0"
"{media 61}","{citizen 13}","[141 141 141 255]","""""","9.9","false","{breed subscribers}","0","""default""","""none""","0"
"{media 61}","{citizen 14}","[141 141 141 255]","""""","9.9","false","{breed subscribers}","0","""default""","""none""","0"
"{media 61}","{citizen 15}","[141 141 141 255]","""""","9.9","false","{breed subscribers}","0","""default""","""none""","0"
"{media 61}","{citizen 16}","[141 141 141 255]","""""","9.9","false","{breed subscribers}","0","""default""","""none""","0"
"{media 61}","{citizen 17}","[141 141 141 255]","""""","9.9","false","{breed subscribers}","0","""default""","""none""","0"
"{media 61}","{citizen 19}","[141 141 141 255]","""""","9.9","false","{breed subscribers}","0","""default""","""none""","0"
"{media 61}","{citizen 20}","[141 141 141 255]","""""","9.9","false","{breed subscribers}","0","""default""","""none""","0"
"{media 61}","{citizen 21}","[141 141 141 255]","""""","9.9","false","{breed subscribers}","0","""default""","""none""","0"
"{media 61}","{citizen 22}","[141 141 141 255]","""""","9.9","false","{breed subscribers}","0","""default""","""none""","0"
"{media 61}","{citizen 23}","[141 141 141 255]","""""","9.9","false","{breed subscribers}","0","""default""","""none""","0"
"{media 61}","{citizen 24}","[141 141 141 255]","""""","9.9","false","{breed subscribers}","0","""default""","""none""","0"
"{media 61}","{citizen 26}","[141 141 141 255]","""""","9.9","false","{breed subscribers}","0","""default""","""none""","0"
"{media 61}","{citizen 27}","[141 141 141 255]","""""","9.9","false","{breed subscribers}","0","""default""","""none""","0"
"{media 61}","{citizen 28}","[141 141 141 255]","""""","9.9","false","{breed subscribers}","0","""default""","""none""","0"
"{media 61}","{citizen 29}","[141 141 141 255]","""""","9.9","false","{breed subscribers}","0","""default""","""none""","0"
"{media 61}","{citizen 30}","[141 141 141 255]","""""","9.9","false","{breed subscribers}","0","""default""","""none""","0"
"{media 61}","{citizen 31}","[141 141 141 255]","""""","9.9","false","{breed subscribers}","0","""default""","""none""","0"
"{media 61}","{citizen 32}","[141 141 141 255]","""""","9.9","false","{breed subscribers}","0","""default""","""none""","0"
"{media 61}","{citizen 34}","[141 141 141 255]","""""","9.9","false","{breed subscribers}","0","""default""","""none""","0"
"{media 61}","{citizen 35}","[141 141 141 255]","""""","9.9","false","{breed subscribers}","0","""default""","""none""","0"
"{media 61}","{citizen 36}","[141 141 141 255]","""""","9.9","false","{breed subscribers}","0","""default""","""none""","0"
"{media 61}","{citizen 37}","[141 141 141 255]","""""","9.9","false","{breed subscribers}","0","""default""","""none""","0"
"{media 61}","{citizen 38}","[141 141 141 255]","""""","9.9","false","{breed subscribers}","0","""default""","""none""","0"
"{media 61}","{citizen 39}","[141 141 141 255]","""""","9.9","false","{breed subscribers}","0","""default""","""none""","0"
"{media 61}","{citizen 40}","[141 141 141 255]","""""","9.9","false","{breed subscribers}","0","""default""","""none""","0"
"{media 61}","{citizen 41}","[141 141 141 255]","""""","9.9","false","{breed subscribers}","0","""default""","""none""","0"
"{media 61}","{citizen 42}","[141 141 141 255]","""""","9.9","false","{breed subscribers}","0","""default""","""none""","0"
"{media 61}","{citizen 43}","[141 141 141 255]","""""","9.9","false","{breed subscribers}","0","""default""","""none""","0"
"{media 61}","{citizen 44}","[141 141 141 255]","""""","9.9","false","{breed subscribers}","0","""default""","""none""","0"
"{media 61}","{citizen 45}","[141 141 141 255]","""""","9.9","false","{breed subscribers}","0","""default""","""none""","0"
"{media 61}","{citizen 46}","[141 141 141 255]","""""","9.9","false","{breed subscribers}","0","""default""","""none""","0"
"{media 61}","{citizen 47}","[141 141 141 255]","""""","9.9","false","{breed subscribers}","0","""default""","""none""","0"
"{media 61}","{citizen 48}","[141 141 141 255]","""""","9.9","false","{breed subscribers}","0","""default""","""none""","0"
"{media 61}","{citizen 49}","[141 141 141 255]","""""","9.9","false","{breed subscribers}","0","""default""","""none""","0"
"{media 62}","{citizen 0}","[141 141 141 255]","""""","9.9","false","{breed subscribers}","0","""default""","""none""","0"
"{media 62}","{citizen 1}","[141 141 141 255]","""""","9.9","false","{breed subscribers}","0","""default""","""none""","0"
"{media 62}","{citizen 2}","[141 141 141 255]","""""","9.9","false","{breed subscribers}","0","""default""","""none""","0"
"{media 62}","{citizen 3}","[141 141 141 255]","""""","9.9","false","{breed subscribers}","0","""default""","""none""","0"
"{media 62}","{citizen 4}","[141 141 141 255]","""""","9.9","false","{breed subscribers}","0","""default""","""none""","0"
"{media 62}","{citizen 5}","[141 141 141 255]","""""","9.9","false","{breed subscribers}","0","""default""","""none""","0"
"{media 62}","{citizen 6}","[141 141 141 255]","""""","9.9","false","{breed subscribers}","0","""default""","""none""","0"
"{media 62}","{citizen 7}","[141 141 141 255]","""""","9.9","false","{breed subscribers}","0","""default""","""none""","0"
"{media 62}","{citizen 8}","[141 141 141 255]","""""","9.9","false","{breed subscribers}","0","""default""","""none""","0"
"{media 62}","{citizen 9}","[141 141 141 255]","""""","9.9","false","{breed subscribers}","0","""default""","""none""","0"
"{media 62}","{citizen 10}","[141 141 141 255]","""""","9.9","false","{breed subscribers}","0","""default""","""none""","0"
"{media 62}","{citizen 11}","[141 141 141 255]","""""","9.9","false","{breed subscribers}","0","""default""","""none""","0"
"{media 62}","{citizen 12}","[141 141 141 255]","""""","9.9","false","{breed subscribers}","0","""default""","""none""","0"
"{media 62}","{citizen 13}","[141 141 141 255]","""""","9.9","false","{breed subscribers}","0","""default""","""none""","0"
"{media 62}","{citizen 14}","[141 141 141 255]","""""","9.9","false","{breed subscribers}","0","""default""","""none""","0"
"{media 62}","{citizen 15}","[141 141 141 255]","""""","9.9","false","{breed subscribers}","0","""default""","""none""","0"
"{media 62}","{citizen 16}","[141 141 141 255]","""""","9.9","false","{breed subscribers}","0","""default""","""none""","0"
"{media 62}","{citizen 17}","[141 141 141 255]","""""","9.9","false","{breed subscribers}","0","""default""","""none""","0"
"{media 62}","{citizen 19}","[141 141 141 255]","""""","9.9","false","{breed subscribers}","0","""default""","""none""","0"
"{media 62}","{citizen 20}","[141 141 141 255]","""""","9.9","false","{breed subscribers}","0","""default""","""none""","0"
"{media 62}","{citizen 21}","[141 141 141 255]","""""","9.9","false","{breed subscribers}","0","""default""","""none""","0"
"{media 62}","{citizen 22}","[141 141 141 255]","""""","9.9","false","{breed subscribers}","0","""default""","""none""","0"
"{media 62}","{citizen 23}","[141 141 141 255]","""""","9.9","false","{breed subscribers}","0","""default""","""none""","0"
"{media 62}","{citizen 24}","[141 141 141 255]","""""","9.9","false","{breed subscribers}","0","""default""","""none""","0"
"{media 62}","{citizen 26}","[141 141 141 255]","""""","9.9","false","{breed subscribers}","0","""default""","""none""","0"
"{media 62}","{citizen 27}","[141 141 141 255]","""""","9.9","false","{breed subscribers}","0","""default""","""none""","0"
"{media 62}","{citizen 28}","[141 141 141 255]","""""","9.9","false","{breed subscribers}","0","""default""","""none""","0"
"{media 62}","{citizen 29}","[141 141 141 255]","""""","9.9","false","{breed subscribers}","0","""default""","""none""","0"
"{media 62}","{citizen 30}","[141 141 141 255]","""""","9.9","false","{breed subscribers}","0","""default""","""none""","0"
"{media 62}","{citizen 31}","[141 141 141 255]","""""","9.9","false","{breed subscribers}","0","""default""","""none""","0"
"{media 62}","{citizen 32}","[141 141 141 255]","""""","9.9","false","{breed subscribers}","0","""default""","""none""","0"
"{media 62}","{citizen 34}","[141 141 141 255]","""""","9.9","false","{breed subscribers}","0","""default""","""none""","0"
"{media 62}","{citizen 35}","[141 141 141 255]","""""","9.9","false","{breed subscribers}","0","""default""","""none""","0"
"{media 62}","{citizen 36}","[141 141 141 255]","""""","9.9","false","{breed subscribers}","0","""default""","""none""","0"
"{media 62}","{citizen 37}","[141 141 141 255]","""""","9.9","false","{breed subscribers}","0","""default""","""none""","0"
"{media 62}","{citizen 38}","[141 141 141 255]","""""","9.9","false","{breed subscribers}","0","""default""","""none""","0"
"{media 62}","{citizen 39}","[141 141 141 255]","""""","9.9","false","{breed subscribers}","0","""default""","""none""","0"
"{media 62}","{citizen 40}","[141 141 141 255]","""""","9.9","false","{breed subscribers}","0","""default""","""none""","0"
"{media 62}","{citizen 41}","[141 141 141 255]","""""","9.9","false","{breed subscribers}","0","""default""","""none""","0"
"{media 62}","{citizen 42}","[141 141 141 255]","""""","9.9","false","{breed subscribers}","0","""default""","""none""","0"
"{media 62}","{citizen 43}","[141 141 141 255]","""""","9.9","false","{breed subscribers}","0","""default""","""none""","0"
"{media 62}","{citizen 44}","[141 141 141 255]","""""","9.9","false","{breed subscribers}","0","""default""","""none""","0"
"{media 62}","{citizen 45}","[141 141 141 255]","""""","9.9","false","{breed subscribers}","0","""default""","""none""","0"
"{media 62}","{citizen 46}","[141 141 141 255]","""""","9.9","false","{breed subscribers}","0","""default""","""none""","0"
"{media 62}","{citizen 47}","[141 141 141 255]","""""","9.9","false","{breed subscribers}","0","""default""","""none""","0"
"{media 62}","{citizen 48}","[141 141 141 255]","""""","9.9","false","{breed subscribers}","0","""default""","""none""","0"
"{media 62}","{citizen 49}","[141 141 141 255]","""""","9.9","false","{breed subscribers}","0","""default""","""none""","0"
"{media 63}","{citizen 0}","[141 141 141 255]","""""","9.9","false","{breed subscribers}","0","""default""","""none""","0"
"{media 63}","{citizen 1}","[141 141 141 255]","""""","9.9","false","{breed subscribers}","0","""default""","""none""","0"
"{media 63}","{citizen 2}","[141 141 141 255]","""""","9.9","false","{breed subscribers}","0","""default""","""none""","0"
"{media 63}","{citizen 3}","[141 141 141 255]","""""","9.9","false","{breed subscribers}","0","""default""","""none""","0"
"{media 63}","{citizen 4}","[141 141 141 255]","""""","9.9","false","{breed subscribers}","0","""default""","""none""","0"
"{media 63}","{citizen 5}","[141 141 141 255]","""""","9.9","false","{breed subscribers}","0","""default""","""none""","0"
"{media 63}","{citizen 6}","[141 141 141 255]","""""","9.9","false","{breed subscribers}","0","""default""","""none""","0"
"{media 63}","{citizen 7}","[141 141 141 255]","""""","9.9","false","{breed subscribers}","0","""default""","""none""","0"
"{media 63}","{citizen 8}","[141 141 141 255]","""""","9.9","false","{breed subscribers}","0","""default""","""none""","0"
"{media 63}","{citizen 9}","[141 141 141 255]","""""","9.9","false","{breed subscribers}","0","""default""","""none""","0"
"{media 63}","{citizen 10}","[141 141 141 255]","""""","9.9","false","{breed subscribers}","0","""default""","""none""","0"
"{media 63}","{citizen 11}","[141 141 141 255]","""""","9.9","false","{breed subscribers}","0","""default""","""none""","0"
"{media 63}","{citizen 12}","[141 141 141 255]","""""","9.9","false","{breed subscribers}","0","""default""","""none""","0"
"{media 63}","{citizen 13}","[141 141 141 255]","""""","9.9","false","{breed subscribers}","0","""default""","""none""","0"
"{media 63}","{citizen 14}","[141 141 141 255]","""""","9.9","false","{breed subscribers}","0","""default""","""none""","0"
"{media 63}","{citizen 15}","[141 141 141 255]","""""","9.9","false","{breed subscribers}","0","""default""","""none""","0"
"{media 63}","{citizen 16}","[141 141 141 255]","""""","9.9","false","{breed subscribers}","0","""default""","""none""","0"
"{media 63}","{citizen 17}","[141 141 141 255]","""""","9.9","false","{breed subscribers}","0","""default""","""none""","0"
"{media 63}","{citizen 19}","[141 141 141 255]","""""","9.9","false","{breed subscribers}","0","""default""","""none""","0"
"{media 63}","{citizen 20}","[141 141 141 255]","""""","9.9","false","{breed subscribers}","0","""default""","""none""","0"
"{media 63}","{citizen 21}","[141 141 141 255]","""""","9.9","false","{breed subscribers}","0","""default""","""none""","0"
"{media 63}","{citizen 22}","[141 141 141 255]","""""","9.9","false","{breed subscribers}","0","""default""","""none""","0"
"{media 63}","{citizen 23}","[141 141 141 255]","""""","9.9","false","{breed subscribers}","0","""default""","""none""","0"
"{media 63}","{citizen 24}","[141 141 141 255]","""""","9.9","false","{breed subscribers}","0","""default""","""none""","0"
"{media 63}","{citizen 26}","[141 141 141 255]","""""","9.9","false","{breed subscribers}","0","""default""","""none""","0"
"{media 63}","{citizen 27}","[141 141 141 255]","""""","9.9","false","{breed subscribers}","0","""default""","""none""","0"
"{media 63}","{citizen 28}","[141 141 141 255]","""""","9.9","false","{breed subscribers}","0","""default""","""none""","0"
"{media 63}","{citizen 29}","[141 141 141 255]","""""","9.9","false","{breed subscribers}","0","""default""","""none""","0"
"{media 63}","{citizen 30}","[141 141 141 255]","""""","9.9","false","{breed subscribers}","0","""default""","""none""","0"
"{media 63}","{citizen 31}","[141 141 141 255]","""""","9.9","false","{breed subscribers}","0","""default""","""none""","0"
"{media 63}","{citizen 32}","[141 141 141 255]","""""","9.9","false","{breed subscribers}","0","""default""","""none""","0"
"{media 63}","{citizen 34}","[141 141 141 255]","""""","9.9","false","{breed subscribers}","0","""default""","""none""","0"
"{media 63}","{citizen 35}","[141 141 141 255]","""""","9.9","false","{breed subscribers}","0","""default""","""none""","0"
"{media 63}","{citizen 36}","[141 141 141 255]","""""","9.9","false","{breed subscribers}","0","""default""","""none""","0"
"{media 63}","{citizen 37}","[141 141 141 255]","""""","9.9","false","{breed subscribers}","0","""default""","""none""","0"
"{media 63}","{citizen 38}","[141 141 141 255]","""""","9.9","false","{breed subscribers}","0","""default""","""none""","0"
"{media 63}","{citizen 39}","[141 141 141 255]","""""","9.9","false","{breed subscribers}","0","""default""","""none""","0"
"{media 63}","{citizen 40}","[141 141 141 255]","""""","9.9","false","{breed subscribers}","0","""default""","""none""","0"
"{media 63}","{citizen 41}","[141 141 141 255]","""""","9.9","false","{breed subscribers}","0","""default""","""none""","0"
"{media 63}","{citizen 42}","[141 141 141 255]","""""","9.9","false","{breed subscribers}","0","""default""","""none""","0"
"{media 63}","{citizen 43}","[141 141 141 255]","""""","9.9","false","{breed subscribers}","0","""default""","""none""","0"
"{media 63}","{citizen 44}","[141 141 141 255]","""""","9.9","false","{breed subscribers}","0","""default""","""none""","0"
"{media 63}","{citizen 45}","[141 141 141 255]","""""","9.9","false","{breed subscribers}","0","""default""","""none""","0"
"{media 63}","{citizen 46}","[141 141 141 255]","""""","9.9","false","{breed subscribers}","0","""default""","""none""","0"
"{media 63}","{citizen 47}","[141 141 141 255]","""""","9.9","false","{breed subscribers}","0","""default""","""none""","0"
"{media 63}","{citizen 48}","[141 141 141 255]","""""","9.9","false","{breed subscribers}","0","""default""","""none""","0"
"{media 63}","{citizen 49}","[141 141 141 255]","""""","9.9","false","{breed subscribers}","0","""default""","""none""","0"
"{media 64}","{citizen 0}","[141 141 141 255]","""""","9.9","false","{breed subscribers}","0","""default""","""none""","0"
"{media 64}","{citizen 1}","[141 141 141 255]","""""","9.9","false","{breed subscribers}","0","""default""","""none""","0"
"{media 64}","{citizen 2}","[141 141 141 255]","""""","9.9","false","{breed subscribers}","0","""default""","""none""","0"
"{media 64}","{citizen 3}","[141 141 141 255]","""""","9.9","false","{breed subscribers}","0","""default""","""none""","0"
"{media 64}","{citizen 4}","[141 141 141 255]","""""","9.9","false","{breed subscribers}","0","""default""","""none""","0"
"{media 64}","{citizen 5}","[141 141 141 255]","""""","9.9","false","{breed subscribers}","0","""default""","""none""","0"
"{media 64}","{citizen 6}","[141 141 141 255]","""""","9.9","false","{breed subscribers}","0","""default""","""none""","0"
"{media 64}","{citizen 7}","[141 141 141 255]","""""","9.9","false","{breed subscribers}","0","""default""","""none""","0"
"{media 64}","{citizen 8}","[141 141 141 255]","""""","9.9","false","{breed subscribers}","0","""default""","""none""","0"
"{media 64}","{citizen 9}","[141 141 141 255]","""""","9.9","false","{breed subscribers}","0","""default""","""none""","0"
"{media 64}","{citizen 10}","[141 141 141 255]","""""","9.9","false","{breed subscribers}","0","""default""","""none""","0"
"{media 64}","{citizen 11}","[141 141 141 255]","""""","9.9","false","{breed subscribers}","0","""default""","""none""","0"
"{media 64}","{citizen 12}","[141 141 141 255]","""""","9.9","false","{breed subscribers}","0","""default""","""none""","0"
"{media 64}","{citizen 13}","[141 141 141 255]","""""","9.9","false","{breed subscribers}","0","""default""","""none""","0"
"{media 64}","{citizen 14}","[141 141 141 255]","""""","9.9","false","{breed subscribers}","0","""default""","""none""","0"
"{media 64}","{citizen 15}","[141 141 141 255]","""""","9.9","false","{breed subscribers}","0","""default""","""none""","0"
"{media 64}","{citizen 16}","[141 141 141 255]","""""","9.9","false","{breed subscribers}","0","""default""","""none""","0"
"{media 64}","{citizen 17}","[141 141 141 255]","""""","9.9","false","{breed subscribers}","0","""default""","""none""","0"
"{media 64}","{citizen 19}","[141 141 141 255]","""""","9.9","false","{breed subscribers}","0","""default""","""none""","0"
"{media 64}","{citizen 20}","[141 141 141 255]","""""","9.9","false","{breed subscribers}","0","""default""","""none""","0"
"{media 64}","{citizen 21}","[141 141 141 255]","""""","9.9","false","{breed subscribers}","0","""default""","""none""","0"
"{media 64}","{citizen 22}","[141 141 141 255]","""""","9.9","false","{breed subscribers}","0","""default""","""none""","0"
"{media 64}","{citizen 23}","[141 141 141 255]","""""","9.9","false","{breed subscribers}","0","""default""","""none""","0"
"{media 64}","{citizen 24}","[141 141 141 255]","""""","9.9","false","{breed subscribers}","0","""default""","""none""","0"
"{media 64}","{citizen 26}","[141 141 141 255]","""""","9.9","false","{breed subscribers}","0","""default""","""none""","0"
"{media 64}","{citizen 27}","[141 141 141 255]","""""","9.9","false","{breed subscribers}","0","""default""","""none""","0"
"{media 64}","{citizen 28}","[141 141 141 255]","""""","9.9","false","{breed subscribers}","0","""default""","""none""","0"
"{media 64}","{citizen 29}","[141 141 141 255]","""""","9.9","false","{breed subscribers}","0","""default""","""none""","0"
"{media 64}","{citizen 30}","[141 141 141 255]","""""","9.9","false","{breed subscribers}","0","""default""","""none""","0"
"{media 64}","{citizen 31}","[141 141 141 255]","""""","9.9","false","{breed subscribers}","0","""default""","""none""","0"
"{media 64}","{citizen 32}","[141 141 141 255]","""""","9.9","false","{breed subscribers}","0","""default""","""none""","0"
"{media 64}","{citizen 34}","[141 141 141 255]","""""","9.9","false","{breed subscribers}","0","""default""","""none""","0"
"{media 64}","{citizen 35}","[141 141 141 255]","""""","9.9","false","{breed subscribers}","0","""default""","""none""","0"
"{media 64}","{citizen 36}","[141 141 141 255]","""""","9.9","false","{breed subscribers}","0","""default""","""none""","0"
"{media 64}","{citizen 37}","[141 141 141 255]","""""","9.9","false","{breed subscribers}","0","""default""","""none""","0"
"{media 64}","{citizen 38}","[141 141 141 255]","""""","9.9","false","{breed subscribers}","0","""default""","""none""","0"
"{media 64}","{citizen 39}","[141 141 141 255]","""""","9.9","false","{breed subscribers}","0","""default""","""none""","0"
"{media 64}","{citizen 40}","[141 141 141 255]","""""","9.9","false","{breed subscribers}","0","""default""","""none""","0"
"{media 64}","{citizen 41}","[141 141 141 255]","""""","9.9","false","{breed subscribers}","0","""default""","""none""","0"
"{media 64}","{citizen 42}","[141 141 141 255]","""""","9.9","false","{breed subscribers}","0","""default""","""none""","0"
"{media 64}","{citizen 43}","[141 141 141 255]","""""","9.9","false","{breed subscribers}","0","""default""","""none""","0"
"{media 64}","{citizen 44}","[141 141 141 255]","""""","9.9","false","{breed subscribers}","0","""default""","""none""","0"
"{media 64}","{citizen 45}","[141 141 141 255]","""""","9.9","false","{breed subscribers}","0","""default""","""none""","0"
"{media 64}","{citizen 46}","[141 141 141 255]","""""","9.9","false","{breed subscribers}","0","""default""","""none""","0"
"{media 64}","{citizen 47}","[141 141 141 255]","""""","9.9","false","{breed subscribers}","0","""default""","""none""","0"
"{media 64}","{citizen 48}","[141 141 141 255]","""""","9.9","false","{breed subscribers}","0","""default""","""none""","0"
"{media 64}","{citizen 49}","[141 141 141 255]","""""","9.9","false","{breed subscribers}","0","""default""","""none""","0"


"PLOTS"
"fragmentation"
"""cit-a-histogram"""
"x min","x max","y min","y max","autoplot?","current pen","legend open?","number of pens"
"-1","8","0","50","true","""default""","false","1"

"pen name","pen down?","mode","interval","color","x"
"""default""","true","1","1","0","4"

"""default"""
"x","y","color","pen down?"
"0","3","0","true"
"4","47","0","true"

"""Social Friend Degree of Nodes"""
"x min","x max","y min","y max","autoplot?","current pen","legend open?","number of pens"
"0","93","0","47","true","""default""","false","1"

"pen name","pen down?","mode","interval","color","x"
"""default""","true","1","1","0","92"

"""default"""
"x","y","color","pen down?"
"0","3","0","true"
"92","47","0","true"

"""percent-agent-beliefs"""
"x min","x max","y min","y max","autoplot?","current pen","legend open?","number of pens"
"0","116","0","1","true","""6""","false","7"

"pen name","pen down?","mode","interval","color","x"
"""0""","true","0","1","14.9","100"
"""1""","true","0","1","14.6","100"
"""2""","true","0","1","124.7","100"
"""3""","true","0","1","124.3","100"
"""4""","true","0","1","113.5","100"
"""5""","true","0","1","104.5","100"
"""6""","true","0","1","104.7","100"

"""0""",,,,"""1""",,,,"""2""",,,,"""3""",,,,"""4""",,,,"""5""",,,,"""6"""
"x","y","color","pen down?","x","y","color","pen down?","x","y","color","pen down?","x","y","color","pen down?","x","y","color","pen down?","x","y","color","pen down?","x","y","color","pen down?"
"0","0.08","14.9","true","0","0.28","14.6","true","0","0.14","124.7","true","0","0","124.3","true","0","0.02","113.5","true","0","0.36","104.5","true","0","0.12","104.7","true"
"1","0.06","14.9","true","1","0","14.6","true","1","0","124.7","true","1","0","124.3","true","1","0.94","113.5","true","1","0","104.5","true","1","0","104.7","true"
"2","0.06","14.9","true","2","0","14.6","true","2","0","124.7","true","2","0","124.3","true","2","0.94","113.5","true","2","0","104.5","true","2","0","104.7","true"
"3","0.06","14.9","true","3","0","14.6","true","3","0","124.7","true","3","0","124.3","true","3","0.94","113.5","true","3","0","104.5","true","3","0","104.7","true"
"4","0.06","14.9","true","4","0","14.6","true","4","0","124.7","true","4","0","124.3","true","4","0.94","113.5","true","4","0","104.5","true","4","0","104.7","true"
"5","0.06","14.9","true","5","0","14.6","true","5","0","124.7","true","5","0","124.3","true","5","0.94","113.5","true","5","0","104.5","true","5","0","104.7","true"
"6","0.06","14.9","true","6","0","14.6","true","6","0","124.7","true","6","0","124.3","true","6","0.94","113.5","true","6","0","104.5","true","6","0","104.7","true"
"7","0.06","14.9","true","7","0","14.6","true","7","0","124.7","true","7","0","124.3","true","7","0.94","113.5","true","7","0","104.5","true","7","0","104.7","true"
"8","0.06","14.9","true","8","0","14.6","true","8","0","124.7","true","8","0","124.3","true","8","0.94","113.5","true","8","0","104.5","true","8","0","104.7","true"
"9","0.06","14.9","true","9","0","14.6","true","9","0","124.7","true","9","0","124.3","true","9","0.94","113.5","true","9","0","104.5","true","9","0","104.7","true"
"10","0.06","14.9","true","10","0","14.6","true","10","0","124.7","true","10","0","124.3","true","10","0.94","113.5","true","10","0","104.5","true","10","0","104.7","true"
"11","0.06","14.9","true","11","0","14.6","true","11","0","124.7","true","11","0","124.3","true","11","0.94","113.5","true","11","0","104.5","true","11","0","104.7","true"
"12","0.06","14.9","true","12","0","14.6","true","12","0","124.7","true","12","0","124.3","true","12","0.94","113.5","true","12","0","104.5","true","12","0","104.7","true"
"13","0.06","14.9","true","13","0","14.6","true","13","0","124.7","true","13","0","124.3","true","13","0.94","113.5","true","13","0","104.5","true","13","0","104.7","true"
"14","0.06","14.9","true","14","0","14.6","true","14","0","124.7","true","14","0","124.3","true","14","0.94","113.5","true","14","0","104.5","true","14","0","104.7","true"
"15","0.06","14.9","true","15","0","14.6","true","15","0","124.7","true","15","0","124.3","true","15","0.94","113.5","true","15","0","104.5","true","15","0","104.7","true"
"16","0.06","14.9","true","16","0","14.6","true","16","0","124.7","true","16","0","124.3","true","16","0.94","113.5","true","16","0","104.5","true","16","0","104.7","true"
"17","0.06","14.9","true","17","0","14.6","true","17","0","124.7","true","17","0","124.3","true","17","0.94","113.5","true","17","0","104.5","true","17","0","104.7","true"
"18","0.06","14.9","true","18","0","14.6","true","18","0","124.7","true","18","0","124.3","true","18","0.94","113.5","true","18","0","104.5","true","18","0","104.7","true"
"19","0.06","14.9","true","19","0","14.6","true","19","0","124.7","true","19","0","124.3","true","19","0.94","113.5","true","19","0","104.5","true","19","0","104.7","true"
"20","0.06","14.9","true","20","0","14.6","true","20","0","124.7","true","20","0","124.3","true","20","0.94","113.5","true","20","0","104.5","true","20","0","104.7","true"
"21","0.06","14.9","true","21","0","14.6","true","21","0","124.7","true","21","0","124.3","true","21","0.94","113.5","true","21","0","104.5","true","21","0","104.7","true"
"22","0.06","14.9","true","22","0","14.6","true","22","0","124.7","true","22","0","124.3","true","22","0.94","113.5","true","22","0","104.5","true","22","0","104.7","true"
"23","0.06","14.9","true","23","0","14.6","true","23","0","124.7","true","23","0","124.3","true","23","0.94","113.5","true","23","0","104.5","true","23","0","104.7","true"
"24","0.06","14.9","true","24","0","14.6","true","24","0","124.7","true","24","0","124.3","true","24","0.94","113.5","true","24","0","104.5","true","24","0","104.7","true"
"25","0.06","14.9","true","25","0","14.6","true","25","0","124.7","true","25","0","124.3","true","25","0.94","113.5","true","25","0","104.5","true","25","0","104.7","true"
"26","0.06","14.9","true","26","0","14.6","true","26","0","124.7","true","26","0","124.3","true","26","0.94","113.5","true","26","0","104.5","true","26","0","104.7","true"
"27","0.06","14.9","true","27","0","14.6","true","27","0","124.7","true","27","0","124.3","true","27","0.94","113.5","true","27","0","104.5","true","27","0","104.7","true"
"28","0.06","14.9","true","28","0","14.6","true","28","0","124.7","true","28","0","124.3","true","28","0.94","113.5","true","28","0","104.5","true","28","0","104.7","true"
"29","0.06","14.9","true","29","0","14.6","true","29","0","124.7","true","29","0","124.3","true","29","0.94","113.5","true","29","0","104.5","true","29","0","104.7","true"
"30","0.06","14.9","true","30","0","14.6","true","30","0","124.7","true","30","0","124.3","true","30","0.94","113.5","true","30","0","104.5","true","30","0","104.7","true"
"31","0.06","14.9","true","31","0","14.6","true","31","0","124.7","true","31","0","124.3","true","31","0.94","113.5","true","31","0","104.5","true","31","0","104.7","true"
"32","0.06","14.9","true","32","0","14.6","true","32","0","124.7","true","32","0","124.3","true","32","0.94","113.5","true","32","0","104.5","true","32","0","104.7","true"
"33","0.06","14.9","true","33","0","14.6","true","33","0","124.7","true","33","0","124.3","true","33","0.94","113.5","true","33","0","104.5","true","33","0","104.7","true"
"34","0.06","14.9","true","34","0","14.6","true","34","0","124.7","true","34","0","124.3","true","34","0.94","113.5","true","34","0","104.5","true","34","0","104.7","true"
"35","0.06","14.9","true","35","0","14.6","true","35","0","124.7","true","35","0","124.3","true","35","0.94","113.5","true","35","0","104.5","true","35","0","104.7","true"
"36","0.06","14.9","true","36","0","14.6","true","36","0","124.7","true","36","0","124.3","true","36","0.94","113.5","true","36","0","104.5","true","36","0","104.7","true"
"37","0.06","14.9","true","37","0","14.6","true","37","0","124.7","true","37","0","124.3","true","37","0.94","113.5","true","37","0","104.5","true","37","0","104.7","true"
"38","0.06","14.9","true","38","0","14.6","true","38","0","124.7","true","38","0","124.3","true","38","0.94","113.5","true","38","0","104.5","true","38","0","104.7","true"
"39","0.06","14.9","true","39","0","14.6","true","39","0","124.7","true","39","0","124.3","true","39","0.94","113.5","true","39","0","104.5","true","39","0","104.7","true"
"40","0.06","14.9","true","40","0","14.6","true","40","0","124.7","true","40","0","124.3","true","40","0.94","113.5","true","40","0","104.5","true","40","0","104.7","true"
"41","0.06","14.9","true","41","0","14.6","true","41","0","124.7","true","41","0","124.3","true","41","0.94","113.5","true","41","0","104.5","true","41","0","104.7","true"
"42","0.06","14.9","true","42","0","14.6","true","42","0","124.7","true","42","0","124.3","true","42","0.94","113.5","true","42","0","104.5","true","42","0","104.7","true"
"43","0.06","14.9","true","43","0","14.6","true","43","0","124.7","true","43","0","124.3","true","43","0.94","113.5","true","43","0","104.5","true","43","0","104.7","true"
"44","0.06","14.9","true","44","0","14.6","true","44","0","124.7","true","44","0","124.3","true","44","0.94","113.5","true","44","0","104.5","true","44","0","104.7","true"
"45","0.06","14.9","true","45","0","14.6","true","45","0","124.7","true","45","0","124.3","true","45","0.94","113.5","true","45","0","104.5","true","45","0","104.7","true"
"46","0.06","14.9","true","46","0","14.6","true","46","0","124.7","true","46","0","124.3","true","46","0.94","113.5","true","46","0","104.5","true","46","0","104.7","true"
"47","0.06","14.9","true","47","0","14.6","true","47","0","124.7","true","47","0","124.3","true","47","0.94","113.5","true","47","0","104.5","true","47","0","104.7","true"
"48","0.06","14.9","true","48","0","14.6","true","48","0","124.7","true","48","0","124.3","true","48","0.94","113.5","true","48","0","104.5","true","48","0","104.7","true"
"49","0.06","14.9","true","49","0","14.6","true","49","0","124.7","true","49","0","124.3","true","49","0.94","113.5","true","49","0","104.5","true","49","0","104.7","true"
"50","0.06","14.9","true","50","0","14.6","true","50","0","124.7","true","50","0","124.3","true","50","0.94","113.5","true","50","0","104.5","true","50","0","104.7","true"
"51","0.06","14.9","true","51","0","14.6","true","51","0","124.7","true","51","0","124.3","true","51","0.94","113.5","true","51","0","104.5","true","51","0","104.7","true"
"52","0.06","14.9","true","52","0","14.6","true","52","0","124.7","true","52","0","124.3","true","52","0.94","113.5","true","52","0","104.5","true","52","0","104.7","true"
"53","0.06","14.9","true","53","0","14.6","true","53","0","124.7","true","53","0","124.3","true","53","0.94","113.5","true","53","0","104.5","true","53","0","104.7","true"
"54","0.06","14.9","true","54","0","14.6","true","54","0","124.7","true","54","0","124.3","true","54","0.94","113.5","true","54","0","104.5","true","54","0","104.7","true"
"55","0.06","14.9","true","55","0","14.6","true","55","0","124.7","true","55","0","124.3","true","55","0.94","113.5","true","55","0","104.5","true","55","0","104.7","true"
"56","0.06","14.9","true","56","0","14.6","true","56","0","124.7","true","56","0","124.3","true","56","0.94","113.5","true","56","0","104.5","true","56","0","104.7","true"
"57","0.06","14.9","true","57","0","14.6","true","57","0","124.7","true","57","0","124.3","true","57","0.94","113.5","true","57","0","104.5","true","57","0","104.7","true"
"58","0.06","14.9","true","58","0","14.6","true","58","0","124.7","true","58","0","124.3","true","58","0.94","113.5","true","58","0","104.5","true","58","0","104.7","true"
"59","0.06","14.9","true","59","0","14.6","true","59","0","124.7","true","59","0","124.3","true","59","0.94","113.5","true","59","0","104.5","true","59","0","104.7","true"
"60","0.06","14.9","true","60","0","14.6","true","60","0","124.7","true","60","0","124.3","true","60","0.94","113.5","true","60","0","104.5","true","60","0","104.7","true"
"61","0.06","14.9","true","61","0","14.6","true","61","0","124.7","true","61","0","124.3","true","61","0.94","113.5","true","61","0","104.5","true","61","0","104.7","true"
"62","0.06","14.9","true","62","0","14.6","true","62","0","124.7","true","62","0","124.3","true","62","0.94","113.5","true","62","0","104.5","true","62","0","104.7","true"
"63","0.06","14.9","true","63","0","14.6","true","63","0","124.7","true","63","0","124.3","true","63","0.94","113.5","true","63","0","104.5","true","63","0","104.7","true"
"64","0.06","14.9","true","64","0","14.6","true","64","0","124.7","true","64","0","124.3","true","64","0.94","113.5","true","64","0","104.5","true","64","0","104.7","true"
"65","0.06","14.9","true","65","0","14.6","true","65","0","124.7","true","65","0","124.3","true","65","0.94","113.5","true","65","0","104.5","true","65","0","104.7","true"
"66","0.06","14.9","true","66","0","14.6","true","66","0","124.7","true","66","0","124.3","true","66","0.94","113.5","true","66","0","104.5","true","66","0","104.7","true"
"67","0.06","14.9","true","67","0","14.6","true","67","0","124.7","true","67","0","124.3","true","67","0.94","113.5","true","67","0","104.5","true","67","0","104.7","true"
"68","0.06","14.9","true","68","0","14.6","true","68","0","124.7","true","68","0","124.3","true","68","0.94","113.5","true","68","0","104.5","true","68","0","104.7","true"
"69","0.06","14.9","true","69","0","14.6","true","69","0","124.7","true","69","0","124.3","true","69","0.94","113.5","true","69","0","104.5","true","69","0","104.7","true"
"70","0.06","14.9","true","70","0","14.6","true","70","0","124.7","true","70","0","124.3","true","70","0.94","113.5","true","70","0","104.5","true","70","0","104.7","true"
"71","0.06","14.9","true","71","0","14.6","true","71","0","124.7","true","71","0","124.3","true","71","0.94","113.5","true","71","0","104.5","true","71","0","104.7","true"
"72","0.06","14.9","true","72","0","14.6","true","72","0","124.7","true","72","0","124.3","true","72","0.94","113.5","true","72","0","104.5","true","72","0","104.7","true"
"73","0.06","14.9","true","73","0","14.6","true","73","0","124.7","true","73","0","124.3","true","73","0.94","113.5","true","73","0","104.5","true","73","0","104.7","true"
"74","0.06","14.9","true","74","0","14.6","true","74","0","124.7","true","74","0","124.3","true","74","0.94","113.5","true","74","0","104.5","true","74","0","104.7","true"
"75","0.06","14.9","true","75","0","14.6","true","75","0","124.7","true","75","0","124.3","true","75","0.94","113.5","true","75","0","104.5","true","75","0","104.7","true"
"76","0.06","14.9","true","76","0","14.6","true","76","0","124.7","true","76","0","124.3","true","76","0.94","113.5","true","76","0","104.5","true","76","0","104.7","true"
"77","0.06","14.9","true","77","0","14.6","true","77","0","124.7","true","77","0","124.3","true","77","0.94","113.5","true","77","0","104.5","true","77","0","104.7","true"
"78","0.06","14.9","true","78","0","14.6","true","78","0","124.7","true","78","0","124.3","true","78","0.94","113.5","true","78","0","104.5","true","78","0","104.7","true"
"79","0.06","14.9","true","79","0","14.6","true","79","0","124.7","true","79","0","124.3","true","79","0.94","113.5","true","79","0","104.5","true","79","0","104.7","true"
"80","0.06","14.9","true","80","0","14.6","true","80","0","124.7","true","80","0","124.3","true","80","0.94","113.5","true","80","0","104.5","true","80","0","104.7","true"
"81","0.06","14.9","true","81","0","14.6","true","81","0","124.7","true","81","0","124.3","true","81","0.94","113.5","true","81","0","104.5","true","81","0","104.7","true"
"82","0.06","14.9","true","82","0","14.6","true","82","0","124.7","true","82","0","124.3","true","82","0.94","113.5","true","82","0","104.5","true","82","0","104.7","true"
"83","0.06","14.9","true","83","0","14.6","true","83","0","124.7","true","83","0","124.3","true","83","0.94","113.5","true","83","0","104.5","true","83","0","104.7","true"
"84","0.06","14.9","true","84","0","14.6","true","84","0","124.7","true","84","0","124.3","true","84","0.94","113.5","true","84","0","104.5","true","84","0","104.7","true"
"85","0.06","14.9","true","85","0","14.6","true","85","0","124.7","true","85","0","124.3","true","85","0.94","113.5","true","85","0","104.5","true","85","0","104.7","true"
"86","0.06","14.9","true","86","0","14.6","true","86","0","124.7","true","86","0","124.3","true","86","0.94","113.5","true","86","0","104.5","true","86","0","104.7","true"
"87","0.06","14.9","true","87","0","14.6","true","87","0","124.7","true","87","0","124.3","true","87","0.94","113.5","true","87","0","104.5","true","87","0","104.7","true"
"88","0.06","14.9","true","88","0","14.6","true","88","0","124.7","true","88","0","124.3","true","88","0.94","113.5","true","88","0","104.5","true","88","0","104.7","true"
"89","0.06","14.9","true","89","0","14.6","true","89","0","124.7","true","89","0","124.3","true","89","0.94","113.5","true","89","0","104.5","true","89","0","104.7","true"
"90","0.06","14.9","true","90","0","14.6","true","90","0","124.7","true","90","0","124.3","true","90","0.94","113.5","true","90","0","104.5","true","90","0","104.7","true"
"91","0.06","14.9","true","91","0","14.6","true","91","0","124.7","true","91","0","124.3","true","91","0.94","113.5","true","91","0","104.5","true","91","0","104.7","true"
"92","0.06","14.9","true","92","0","14.6","true","92","0","124.7","true","92","0","124.3","true","92","0.94","113.5","true","92","0","104.5","true","92","0","104.7","true"
"93","0.06","14.9","true","93","0","14.6","true","93","0","124.7","true","93","0","124.3","true","93","0.94","113.5","true","93","0","104.5","true","93","0","104.7","true"
"94","0.06","14.9","true","94","0","14.6","true","94","0","124.7","true","94","0","124.3","true","94","0.94","113.5","true","94","0","104.5","true","94","0","104.7","true"
"95","0.06","14.9","true","95","0","14.6","true","95","0","124.7","true","95","0","124.3","true","95","0.94","113.5","true","95","0","104.5","true","95","0","104.7","true"
"96","0.06","14.9","true","96","0","14.6","true","96","0","124.7","true","96","0","124.3","true","96","0.94","113.5","true","96","0","104.5","true","96","0","104.7","true"
"97","0.06","14.9","true","97","0","14.6","true","97","0","124.7","true","97","0","124.3","true","97","0.94","113.5","true","97","0","104.5","true","97","0","104.7","true"
"98","0.06","14.9","true","98","0","14.6","true","98","0","124.7","true","98","0","124.3","true","98","0.94","113.5","true","98","0","104.5","true","98","0","104.7","true"
"99","0.06","14.9","true","99","0","14.6","true","99","0","124.7","true","99","0","124.3","true","99","0.94","113.5","true","99","0","104.5","true","99","0","104.7","true"
"100","0.06","14.9","true","100","0","14.6","true","100","0","124.7","true","100","0","124.3","true","100","0.94","113.5","true","100","0","104.5","true","100","0","104.7","true"

"""polarization"""
"x min","x max","y min","y max","autoplot?","current pen","legend open?","number of pens"
"0","116","0","10","true","""0""","false","1"

"pen name","pen down?","mode","interval","color","x"
"""0""","true","0","1","0","100"

"""0"""
"x","y","color","pen down?"
"0","6.242222222222223","0","true"
"1","1.2533333333333334","0","true"
"2","1.2533333333333334","0","true"
"3","1.2533333333333334","0","true"
"4","1.2533333333333334","0","true"
"5","1.2533333333333334","0","true"
"6","1.2533333333333334","0","true"
"7","1.2533333333333334","0","true"
"8","1.2533333333333334","0","true"
"9","1.2533333333333334","0","true"
"10","1.2533333333333334","0","true"
"11","1.2533333333333334","0","true"
"12","1.2533333333333334","0","true"
"13","1.2533333333333334","0","true"
"14","1.2533333333333334","0","true"
"15","1.2533333333333334","0","true"
"16","1.2533333333333334","0","true"
"17","1.2533333333333334","0","true"
"18","1.2533333333333334","0","true"
"19","1.2533333333333334","0","true"
"20","1.2533333333333334","0","true"
"21","1.2533333333333334","0","true"
"22","1.2533333333333334","0","true"
"23","1.2533333333333334","0","true"
"24","1.2533333333333334","0","true"
"25","1.2533333333333334","0","true"
"26","1.2533333333333334","0","true"
"27","1.2533333333333334","0","true"
"28","1.2533333333333334","0","true"
"29","1.2533333333333334","0","true"
"30","1.2533333333333334","0","true"
"31","1.2533333333333334","0","true"
"32","1.2533333333333334","0","true"
"33","1.2533333333333334","0","true"
"34","1.2533333333333334","0","true"
"35","1.2533333333333334","0","true"
"36","1.2533333333333334","0","true"
"37","1.2533333333333334","0","true"
"38","1.2533333333333334","0","true"
"39","1.2533333333333334","0","true"
"40","1.2533333333333334","0","true"
"41","1.2533333333333334","0","true"
"42","1.2533333333333334","0","true"
"43","1.2533333333333334","0","true"
"44","1.2533333333333334","0","true"
"45","1.2533333333333334","0","true"
"46","1.2533333333333334","0","true"
"47","1.2533333333333334","0","true"
"48","1.2533333333333334","0","true"
"49","1.2533333333333334","0","true"
"50","1.2533333333333334","0","true"
"51","1.2533333333333334","0","true"
"52","1.2533333333333334","0","true"
"53","1.2533333333333334","0","true"
"54","1.2533333333333334","0","true"
"55","1.2533333333333334","0","true"
"56","1.2533333333333334","0","true"
"57","1.2533333333333334","0","true"
"58","1.2533333333333334","0","true"
"59","1.2533333333333334","0","true"
"60","1.2533333333333334","0","true"
"61","1.2533333333333334","0","true"
"62","1.2533333333333334","0","true"
"63","1.2533333333333334","0","true"
"64","1.2533333333333334","0","true"
"65","1.2533333333333334","0","true"
"66","1.2533333333333334","0","true"
"67","1.2533333333333334","0","true"
"68","1.2533333333333334","0","true"
"69","1.2533333333333334","0","true"
"70","1.2533333333333334","0","true"
"71","1.2533333333333334","0","true"
"72","1.2533333333333334","0","true"
"73","1.2533333333333334","0","true"
"74","1.2533333333333334","0","true"
"75","1.2533333333333334","0","true"
"76","1.2533333333333334","0","true"
"77","1.2533333333333334","0","true"
"78","1.2533333333333334","0","true"
"79","1.2533333333333334","0","true"
"80","1.2533333333333334","0","true"
"81","1.2533333333333334","0","true"
"82","1.2533333333333334","0","true"
"83","1.2533333333333334","0","true"
"84","1.2533333333333334","0","true"
"85","1.2533333333333334","0","true"
"86","1.2533333333333334","0","true"
"87","1.2533333333333334","0","true"
"88","1.2533333333333334","0","true"
"89","1.2533333333333334","0","true"
"90","1.2533333333333334","0","true"
"91","1.2533333333333334","0","true"
"92","1.2533333333333334","0","true"
"93","1.2533333333333334","0","true"
"94","1.2533333333333334","0","true"
"95","1.2533333333333334","0","true"
"96","1.2533333333333334","0","true"
"97","1.2533333333333334","0","true"
"98","1.2533333333333334","0","true"
"99","1.2533333333333334","0","true"
"100","1.2533333333333334","0","true"

"""media-a-histogram"""
"x min","x max","y min","y max","autoplot?","current pen","legend open?","number of pens"
"-1","8","0","15","true","""default""","false","1"

"pen name","pen down?","mode","interval","color","x"
"""default""","true","1","1","0","4"

"""default"""
"x","y","color","pen down?"
"4","15","0","true"

"""homophily"""
"x min","x max","y min","y max","autoplot?","current pen","legend open?","number of pens"
"0","116","0","1","true","""default""","false","1"

"pen name","pen down?","mode","interval","color","x"
"""default""","true","0","1","0","100"

"""default"""
"x","y","color","pen down?"
"0","0.29463052064612577","0","true"
"1","0.6172680026366048","0","true"
"2","0.6853396901072706","0","true"
"3","0.6853396901072706","0","true"
"4","0.6853396901072706","0","true"
"5","0.6853396901072706","0","true"
"6","0.6853396901072706","0","true"
"7","0.6853396901072706","0","true"
"8","0.6853396901072706","0","true"
"9","0.6853396901072706","0","true"
"10","0.6853396901072706","0","true"
"11","0.6853396901072706","0","true"
"12","0.6853396901072706","0","true"
"13","0.6853396901072706","0","true"
"14","0.6853396901072706","0","true"
"15","0.6853396901072706","0","true"
"16","0.6853396901072706","0","true"
"17","0.6853396901072706","0","true"
"18","0.6853396901072706","0","true"
"19","0.6853396901072706","0","true"
"20","0.6853396901072706","0","true"
"21","0.6853396901072706","0","true"
"22","0.6853396901072706","0","true"
"23","0.6853396901072706","0","true"
"24","0.6853396901072706","0","true"
"25","0.6853396901072706","0","true"
"26","0.6853396901072706","0","true"
"27","0.6853396901072706","0","true"
"28","0.6853396901072706","0","true"
"29","0.6853396901072706","0","true"
"30","0.6853396901072706","0","true"
"31","0.6853396901072706","0","true"
"32","0.6853396901072706","0","true"
"33","0.6853396901072706","0","true"
"34","0.6853396901072706","0","true"
"35","0.6853396901072706","0","true"
"36","0.6853396901072706","0","true"
"37","0.6853396901072706","0","true"
"38","0.6853396901072706","0","true"
"39","0.6853396901072706","0","true"
"40","0.6853396901072706","0","true"
"41","0.6853396901072706","0","true"
"42","0.6853396901072706","0","true"
"43","0.6853396901072706","0","true"
"44","0.6853396901072706","0","true"
"45","0.6853396901072706","0","true"
"46","0.6853396901072706","0","true"
"47","0.6853396901072706","0","true"
"48","0.6853396901072706","0","true"
"49","0.6853396901072706","0","true"
"50","0.6853396901072706","0","true"
"51","0.6853396901072706","0","true"
"52","0.6853396901072706","0","true"
"53","0.6853396901072706","0","true"
"54","0.6853396901072706","0","true"
"55","0.6853396901072706","0","true"
"56","0.6853396901072706","0","true"
"57","0.6853396901072706","0","true"
"58","0.6853396901072706","0","true"
"59","0.6853396901072706","0","true"
"60","0.6853396901072706","0","true"
"61","0.6853396901072706","0","true"
"62","0.6853396901072706","0","true"
"63","0.6853396901072706","0","true"
"64","0.6853396901072706","0","true"
"65","0.6853396901072706","0","true"
"66","0.6853396901072706","0","true"
"67","0.6853396901072706","0","true"
"68","0.6853396901072706","0","true"
"69","0.6853396901072706","0","true"
"70","0.6853396901072706","0","true"
"71","0.6853396901072706","0","true"
"72","0.6853396901072706","0","true"
"73","0.6853396901072706","0","true"
"74","0.6853396901072706","0","true"
"75","0.6853396901072706","0","true"
"76","0.6853396901072706","0","true"
"77","0.6853396901072706","0","true"
"78","0.6853396901072706","0","true"
"79","0.6853396901072706","0","true"
"80","0.6853396901072706","0","true"
"81","0.6853396901072706","0","true"
"82","0.6853396901072706","0","true"
"83","0.6853396901072706","0","true"
"84","0.6853396901072706","0","true"
"85","0.6853396901072706","0","true"
"86","0.6853396901072706","0","true"
"87","0.6853396901072706","0","true"
"88","0.6853396901072706","0","true"
"89","0.6853396901072706","0","true"
"90","0.6853396901072706","0","true"
"91","0.6853396901072706","0","true"
"92","0.6853396901072706","0","true"
"93","0.6853396901072706","0","true"
"94","0.6853396901072706","0","true"
"95","0.6853396901072706","0","true"
"96","0.6853396901072706","0","true"
"97","0.6853396901072706","0","true"
"98","0.6853396901072706","0","true"
"99","0.6853396901072706","0","true"
"100","0.6853396901072706","0","true"

"""fragmentation"""
"x min","x max","y min","y max","autoplot?","current pen","legend open?","number of pens"
"0","116","0","1","true","""default""","false","1"

"pen name","pen down?","mode","interval","color","x"
"""default""","true","0","1","0","100"

"""default"""
"x","y","color","pen down?"
"0","0.32909170688898637","0","true"
"1","0.4406642569781378","0","true"
"2","0.44749403341288785","0","true"
"3","0.44749403341288785","0","true"
"4","0.44749403341288785","0","true"
"5","0.44749403341288785","0","true"
"6","0.47288776796973525","0","true"
"7","0.47288776796973525","0","true"
"8","0.47288776796973525","0","true"
"9","0.47288776796973525","0","true"
"10","0.47288776796973525","0","true"
"11","0.47288776796973525","0","true"
"12","0.47288776796973525","0","true"
"13","0.47288776796973525","0","true"
"14","0.47288776796973525","0","true"
"15","0.47288776796973525","0","true"
"16","0.47288776796973525","0","true"
"17","0.47288776796973525","0","true"
"18","0.47288776796973525","0","true"
"19","0.47288776796973525","0","true"
"20","0.47288776796973525","0","true"
"21","0.47288776796973525","0","true"
"22","0.47288776796973525","0","true"
"23","0.47288776796973525","0","true"
"24","0.47288776796973525","0","true"
"25","0.47288776796973525","0","true"
"26","0.47288776796973525","0","true"
"27","0.47288776796973525","0","true"
"28","0.47288776796973525","0","true"
"29","0.47288776796973525","0","true"
"30","0.47288776796973525","0","true"
"31","0.47288776796973525","0","true"
"32","0.47288776796973525","0","true"
"33","0.47288776796973525","0","true"
"34","0.47288776796973525","0","true"
"35","0.47288776796973525","0","true"
"36","0.47288776796973525","0","true"
"37","0.47288776796973525","0","true"
"38","0.47288776796973525","0","true"
"39","0.47288776796973525","0","true"
"40","0.47288776796973525","0","true"
"41","0.47288776796973525","0","true"
"42","0.47288776796973525","0","true"
"43","0.47288776796973525","0","true"
"44","0.47288776796973525","0","true"
"45","0.47288776796973525","0","true"
"46","0.47288776796973525","0","true"
"47","0.47288776796973525","0","true"
"48","0.47288776796973525","0","true"
"49","0.47288776796973525","0","true"
"50","0.47288776796973525","0","true"
"51","0.47288776796973525","0","true"
"52","0.47288776796973525","0","true"
"53","0.47288776796973525","0","true"
"54","0.47288776796973525","0","true"
"55","0.47288776796973525","0","true"
"56","0.47288776796973525","0","true"
"57","0.47288776796973525","0","true"
"58","0.47288776796973525","0","true"
"59","0.47288776796973525","0","true"
"60","0.47288776796973525","0","true"
"61","0.47288776796973525","0","true"
"62","0.47288776796973525","0","true"
"63","0.47288776796973525","0","true"
"64","0.47288776796973525","0","true"
"65","0.47288776796973525","0","true"
"66","0.47288776796973525","0","true"
"67","0.47288776796973525","0","true"
"68","0.47288776796973525","0","true"
"69","0.47288776796973525","0","true"
"70","0.47288776796973525","0","true"
"71","0.47288776796973525","0","true"
"72","0.47288776796973525","0","true"
"73","0.47288776796973525","0","true"
"74","0.47288776796973525","0","true"
"75","0.47288776796973525","0","true"
"76","0.47288776796973525","0","true"
"77","0.47288776796973525","0","true"
"78","0.47288776796973525","0","true"
"79","0.47288776796973525","0","true"
"80","0.47288776796973525","0","true"
"81","0.47288776796973525","0","true"
"82","0.47288776796973525","0","true"
"83","0.47288776796973525","0","true"
"84","0.47288776796973525","0","true"
"85","0.47288776796973525","0","true"
"86","0.47288776796973525","0","true"
"87","0.47288776796973525","0","true"
"88","0.47288776796973525","0","true"
"89","0.47288776796973525","0","true"
"90","0.47288776796973525","0","true"
"91","0.47288776796973525","0","true"
"92","0.47288776796973525","0","true"
"93","0.47288776796973525","0","true"
"94","0.47288776796973525","0","true"
"95","0.47288776796973525","0","true"
"96","0.47288776796973525","0","true"
"97","0.47288776796973525","0","true"
"98","0.47288776796973525","0","true"
"99","0.47288776796973525","0","true"
"100","0.47288776796973525","0","true"

"EXTENSIONS"

