"export-world data (NetLogo 6.2.2)"
"cog-cascades-trust.nlogo"
"02/27/2023 13:40:50:975 -0500"

"RANDOM STATE"
"0 0 -1727483681 604 0.0 false 1786032380 -1954691095 -1087093419 -258502271 -1961109190 236046559 -1464543156 -524147908 111680997 2058043526 -362293341 2099594784 1261663737 -1588225470 1228188219 -1367477553 865662859 1830930299 2096593626 117821796 1011442541 1174218756 -1459708846 -484635713 -1198423459 1223252085 -1545572644 -2123008296 825465890 -1440329138 666722267 -698679196 492075359 380471761 -1922774441 -1759438978 -98915830 -714276628 -304193449 1700382703 1578567891 2068426707 284697586 1759057065 -1196247168 209367916 1025055046 -235328018 1230853183 -886008839 -1131934094 -1114842085 -818216289 -645938163 318726415 2091830350 -1981455270 336068697 1280770673 614653193 1189616057 1599259510 -86170404 153858200 677871263 -1596273002 882565433 -1938188220 -760743456 548602515 2046405855 1730730086 -258868348 -1329749998 886706448 -221537159 1649490458 2130707321 1615970912 -1875074428 -126770665 79525685 -2009137970 1408546342 -1591405386 1861348088 -1913611819 615037320 992170733 -1434365762 2094733484 281111801 2043634155 1082874397 515282305 -84091499 1290259680 -1565249520 1949213177 1065973378 177797094 1277483347 -1395912227 174080310 630329665 298486166 -1006364809 -1776773987 -65697387 -1562554023 1342124177 945284038 -2127426529 -723680987 -868921944 -506392833 1379455251 -1306103502 603503304 443703933 1359564281 1817787743 -1114111386 -2086396466 -848252251 -1647620808 685482863 -970092358 1930551454 633376903 871128634 647647519 6209423 -1825688436 1291742416 -1990338503 -812447950 1861355311 -6910459 -160447699 -1672244102 -1522581686 -922535660 -1465763687 -1232316172 -1888858795 -1568295105 1529041176 -477821611 1879743239 1852912230 -1566149611 -1845748934 652078334 235558690 785707261 57626688 482956820 -839310997 696521289 -1133024772 -236973847 -1517382932 353015243 1582885056 -1946733972 -2131623303 -230655787 1029540527 -1090127473 809431621 1302642368 -1909927163 -2057320608 1425419420 -67336878 -1674743437 -1315021670 -290847194 -1433822788 -562748705 -1877518409 -124915917 -538363192 1238491816 -505067120 1386357544 1666043869 -1487343190 -2115178466 913950481 -1838684046 1007993951 -1784070985 1073362361 -1256019904 256221673 382055641 998589778 -991162677 462619595 -2083026703 1295510707 -1431792541 -1969902168 360860364 -951813956 1032839984 -2051801265 1049109027 -181941822 17254163 1030004942 -844111934 -1635266748 902286816 -1488224809 764916766 35913458 898640188 -1264726452 -650552141 1370951670 1622558360 162639856 1530750806 1594797933 1905227384 -1569018830 1772446159 -1972723188 -1924715800 675304618 -2111763056 1335890698 1002471679 -989927114 374331929 382512389 -2042888999 -186521778 739874560 939479691 1531316787 -1182927754 140260916 990291603 263202457 -587780213 -39386919 1549457866 1261169229 358693210 719643228 -579439031 -2059151683 919366357 -190339725 127359814 -897886496 -546494344 475983135 1014253733 -1731888881 -157093828 -1227053448 1638331637 -169823109 2142179674 -1431994645 -808536573 984352496 323101566 -584066391 -1004976836 1225409796 1318607795 -1118119252 -1574506901 -1357238480 -542519633 1240009786 -1157445028 -109710258 -1723081305 -1723834496 -1496641574 -1699493814 -47270823 1827214373 -572870473 867648891 -600808458 1882616666 1166825498 655374303 1166945542 112265531 246318106 822010046 -1110887651 1608525536 814452933 2103630167 -564370716 653474403 -712410956 -1190596499 -1624965463 142874815 833737751 1045857095 -1198805703 -995014347 -450136459 96737802 1103063349 -341704857 -2125512969 -1563729274 -979766773 -772414219 -244870454 -1151475926 605182232 2013712044 -1728725969 1799475754 -1023093736 2066682137 -276486846 1645657838 47550714 283900180 1221751655 1842634049 395972234 -2132855906 1961508266 872818649 148514197 1059296636 -2037479542 -1050900190 1992844589 1732343150 -2029350932 1024305525 1011767876 -1360080403 1046324420 1144166869 1233039747 623325478 -1338458132 -1946985534 -1803558514 -375997024 564775355 -1073865772 -400502941 621898186 26733706 381831174 -1728924954 1032715795 -679276734 -546122183 500017759 2024745427 -999045056 484264338 -643718504 -944748086 -1889544901 439534443 -829250555 -1705272656 -2080806398 -1309361093 1453142492 1589219754 1441932523 -1426942658 698541221 214583233 1105308741 528254022 -542542448 1282095853 2096856650 -1141606941 1278337641 978714836 -2043677446 -2131505577 -2090418050 -1181655738 -951003773 460259345 -2122490743 1984541514 -1849125816 -1945159577 939459041 -1653056109 904564036 -748254943 -425261815 -887661566 -1862014036 -242606682 541319806 -1277757614 561394744 -1023379450 -266439658 1689197743 805211035 70597129 -1513105490 587540497 361766317 1907559001 633357415 -1589928573 946405589 -888893673 299203313 1695295281 1758989616 -2012057664 1321504386 -1111423403 -1451707635 562241684 809969358 613443065 -728071172 -2216032 1710413753 -449540461 210704921 321617909 2080988666 -1968014459 -295945564 -154266118 799086131 57506782 1929932765 -914784693 -1430604129 1657552902 1091326531 -301584897 228907320 962202747 -1572115255 -1062759311 1326065696 -2115912704 1875846122 1281696786 1007934121 -2001927783 1595854913 1924857323 1217820608 1441014091 -1661264129 406461104 142083625 -1537142418 -1045517295 -543341801 1644990156 380996792 -307733290 633265249 -473591232 1364148406 -580170949 1317094687 603790478 -2102559659 90802986 980387695 -1036756268 406761157 -1826679688 -402107369 616659208 1887530212 1545380857 -247801509 2034777215 -1714255735 -1835296534 197791627 -844066411 1934073611 1040810322 487335872 -1569771825 1862793688 -588406622 -703928947 -27947389 -181494107 -2140276417 -16061745 -1888188880 -1016906585 -174745824 -1272604584 1619593557 1582856665 -144454423 -78306479 -443303351 1036708506 982423499 827939901 1430793265 -1126750509 520417894 -2061855177 -718058080 -1670042147 -1725115373 -2104818729 -100928752 -1522241093 660827988 475748360 -819705625 -38202730 -1820986057 1567631770 964006203 29888239 320848214 -990288522 1712055125 -346868351 -316524278 -807387476 1834665240 396491514 -528860564 -1910287078 1123497372 -1448039415 663636768 -1147860330 1227616735 -1746126848 -832006760 1391481698 -1444331461 -2084658263 1422224416 844481004 -988182077 -373384264 1998814 1206230310 -1111227518 -684828155 -1602012759 -1620870508 897323794 -2017279113 1711196093 -1780317290 2118627239 771773464 2127320914 -1851912049 1662128730 -764630433 -616259940 -1401819640 1285070675 -1703129617 576106896 -749486006 -2037260972 634670785 -254073748 -42436847 -294651129 -371389097 1455389669 396135832 -420763899 -506764908 -2066511681 795331332 -915300611 -188445070 -1422725201 674593939 -188554401 346678523 1936666795 -2001076167 -1402201730 1418625037 1704709154 -1612163037 141428951 1661678437 -833803284 1305009537 1032600550 -166771442 2081520362 841778368 -502576667 423621144 1423905211 -161703936"

"GLOBALS"
"min-pxcor","max-pxcor","min-pycor","max-pycor","perspective","subject","nextIndex","directed-links","ticks","ba-m","behavior-rand","belief-resolution","beliefs-over-time","brain-type","cit-init-normal-mean","cit-init-normal-std","cit-memory-len","citizen-citizen-influence","citizen-citizen-trust?","citizen-init-dist","citizen-malleables","citizen-media-influence","citizen-media-trust?","citizen-priors","citizen-trust-fn","cits-hear-from-path?","cognitive-exponent","cognitive-exponent?","cognitive-fn","cognitive-scalar","cognitive-scalar?","cognitive-translate","cognitive-translate?","complex-spread-ratio","contagion-dir","contagion-on?","cur-message-id","epsilon","erdos-renyi-p","graph-homophily?","graph-type","institution-tactic","kronecker-k","kronecker-seed","load-graph-path","load-graph?","mag-g","mag-style","matrix-spread?","matrix-trust-conn?","media-agents?","media-citizen-influence","media-dist-normal-mean","media-dist-normal-std","media-ecosystem","media-ecosystem-dist","media-ecosystem-file","media-ecosystem-n","media-ecosystem-path","message-file","message-repeats","messages-data-path","messages-over-time","n","repetition","save-graph-path","selected-turtle","show-citizen-political?","show-media-connections?","show-social-friends?","sim-output-dir","simple-spread-chance","spread-type","threshold","tick-end","topics","watts-strogatz-k","watts-strogatz-p","zeta-cit","zeta-media"
"-16","16","-16","16","0","nobody","65","""NEITHER""","100","3","1005","7","[[0 [[[""A"" 3]] [[""A"" 3]] [[""A"" 4]] [[""A"" 4]] [[""A"" 3]] [[""A"" 3]] [[""A"" 3]] [[""A"" 2]] [[""A"" 2]] [[""A"" 2]] [[""A"" 2]] [[""A"" 3]] [[""A"" 3]] [[""A"" 3]] [[""A"" 3]] [[""A"" 3]] [[""A"" 3]] [[""A"" 4]] [[""A"" 4]] [[""A"" 3]] [[""A"" 2]] [[""A"" 3]] [[""A"" 3]] [[""A"" 3]] [[""A"" 4]] [[""A"" 3]] [[""A"" 3]] [[""A"" 3]] [[""A"" 3]] [[""A"" 2]] [[""A"" 4]] [[""A"" 3]] [[""A"" 2]] [[""A"" 2]] [[""A"" 3]] [[""A"" 3]] [[""A"" 2]] [[""A"" 3]] [[""A"" 3]] [[""A"" 2]] [[""A"" 3]] [[""A"" 5]] [[""A"" 1]] [[""A"" 4]] [[""A"" 3]] [[""A"" 3]] [[""A"" 4]] [[""A"" 4]] [[""A"" 5]] [[""A"" 2]]]] [1 [[[""A"" 3]] [[""A"" 3]] [[""A"" 3]] [[""A"" 3]] [[""A"" 3]] [[""A"" 3]] [[""A"" 3]] [[""A"" 3]] [[""A"" 3]] [[""A"" 3]] [[""A"" 3]] [[""A"" 3]] [[""A"" 3]] [[""A"" 3]] [[""A"" 3]] [[""A"" 3]] [[""A"" 3]] [[""A"" 3]] [[""A"" 3]] [[""A"" 3]] [[""A"" 3]] [[""A"" 3]] [[""A"" 3]] [[""A"" 3]] [[""A"" 3]] [[""A"" 3]] [[""A"" 3]] [[""A"" 3]] [[""A"" 3]] [[""A"" 3]] [[""A"" 3]] [[""A"" 3]] [[""A"" 3]] [[""A"" 3]] [[""A"" 3]] [[""A"" 3]] [[""A"" 3]] [[""A"" 3]] [[""A"" 3]] [[""A"" 3]] [[""A"" 3]] [[""A"" 3]] [[""A"" 3]] [[""A"" 3]] [[""A"" 3]] [[""A"" 3]] [[""A"" 3]] [[""A"" 3]] [[""A"" 3]] [[""A"" 3]]]] [2 [[[""A"" 3]] [[""A"" 3]] [[""A"" 3]] [[""A"" 3]] [[""A"" 3]] [[""A"" 3]] [[""A"" 3]] [[""A"" 3]] [[""A"" 3]] [[""A"" 3]] [[""A"" 3]] [[""A"" 3]] [[""A"" 3]] [[""A"" 3]] [[""A"" 3]] [[""A"" 3]] [[""A"" 3]] [[""A"" 3]] [[""A"" 3]] [[""A"" 3]] [[""A"" 3]] [[""A"" 3]] [[""A"" 3]] [[""A"" 3]] [[""A"" 3]] [[""A"" 3]] [[""A"" 3]] [[""A"" 3]] [[""A"" 3]] [[""A"" 3]] [[""A"" 3]] [[""A"" 3]] [[""A"" 3]] [[""A"" 3]] [[""A"" 3]] [[""A"" 3]] [[""A"" 3]] [[""A"" 3]] [[""A"" 3]] [[""A"" 3]] [[""A"" 3]] [[""A"" 3]] [[""A"" 3]] [[""A"" 3]] [[""A"" 3]] [[""A"" 3]] [[""A"" 3]] [[""A"" 3]] [[""A"" 3]] [[""A"" 3]]]] [3 [[[""A"" 3]] [[""A"" 3]] [[""A"" 3]] [[""A"" 3]] [[""A"" 3]] [[""A"" 3]] [[""A"" 3]] [[""A"" 3]] [[""A"" 3]] [[""A"" 3]] [[""A"" 3]] [[""A"" 3]] [[""A"" 3]] [[""A"" 3]] [[""A"" 3]] [[""A"" 3]] [[""A"" 3]] [[""A"" 3]] [[""A"" 3]] [[""A"" 3]] [[""A"" 3]] [[""A"" 3]] [[""A"" 3]] [[""A"" 3]] [[""A"" 3]] [[""A"" 3]] [[""A"" 3]] [[""A"" 3]] [[""A"" 3]] [[""A"" 3]] [[""A"" 3]] [[""A"" 3]] [[""A"" 3]] [[""A"" 3]] [[""A"" 3]] [[""A"" 3]] [[""A"" 3]] [[""A"" 3]] [[""A"" 3]] [[""A"" 3]] [[""A"" 3]] [[""A"" 3]] [[""A"" 3]] [[""A"" 3]] [[""A"" 3]] [[""A"" 3]] [[""A"" 3]] [[""A"" 3]] [[""A"" 3]] [[""A"" 3]]]] [4 [[[""A"" 3]] [[""A"" 3]] [[""A"" 3]] [[""A"" 3]] [[""A"" 3]] [[""A"" 3]] [[""A"" 3]] [[""A"" 3]] [[""A"" 3]] [[""A"" 3]] [[""A"" 3]] [[""A"" 3]] [[""A"" 3]] [[""A"" 3]] [[""A"" 3]] [[""A"" 3]] [[""A"" 3]] [[""A"" 3]] [[""A"" 3]] [[""A"" 3]] [[""A"" 3]] [[""A"" 3]] [[""A"" 3]] [[""A"" 3]] [[""A"" 3]] [[""A"" 3]] [[""A"" 3]] [[""A"" 3]] [[""A"" 3]] [[""A"" 3]] [[""A"" 3]] [[""A"" 3]] [[""A"" 3]] [[""A"" 3]] [[""A"" 3]] [[""A"" 3]] [[""A"" 3]] [[""A"" 3]] [[""A"" 3]] [[""A"" 3]] [[""A"" 3]] [[""A"" 3]] [[""A"" 3]] [[""A"" 3]] [[""A"" 3]] [[""A"" 3]] [[""A"" 3]] [[""A"" 3]] [[""A"" 3]] [[""A"" 3]]]] [5 [[[""A"" 3]] [[""A"" 3]] [[""A"" 3]] [[""A"" 3]] [[""A"" 3]] [[""A"" 3]] [[""A"" 3]] [[""A"" 3]] [[""A"" 3]] [[""A"" 3]] [[""A"" 3]] [[""A"" 3]] [[""A"" 3]] [[""A"" 3]] [[""A"" 3]] [[""A"" 3]] [[""A"" 3]] [[""A"" 3]] [[""A"" 3]] [[""A"" 3]] [[""A"" 3]] [[""A"" 3]] [[""A"" 3]] [[""A"" 3]] [[""A"" 3]] [[""A"" 3]] [[""A"" 3]] [[""A"" 3]] [[""A"" 3]] [[""A"" 3]] [[""A"" 3]] [[""A"" 3]] [[""A"" 3]] [[""A"" 3]] [[""A"" 3]] [[""A"" 3]] [[""A"" 3]] [[""A"" 3]] [[""A"" 3]] [[""A"" 3]] [[""A"" 3]] [[""A"" 3]] [[""A"" 3]] [[""A"" 3]] [[""A"" 3]] [[""A"" 3]] [[""A"" 3]] [[""A"" 3]] [[""A"" 3]] [[""A"" 3]]]] [6 [[[""A"" 3]] [[""A"" 3]] [[""A"" 3]] [[""A"" 3]] [[""A"" 3]] [[""A"" 3]] [[""A"" 3]] [[""A"" 3]] [[""A"" 3]] [[""A"" 3]] [[""A"" 3]] [[""A"" 3]] [[""A"" 3]] [[""A"" 3]] [[""A"" 3]] [[""A"" 3]] [[""A"" 3]] [[""A"" 3]] [[""A"" 3]] [[""A"" 3]] [[""A"" 3]] [[""A"" 3]] [[""A"" 3]] [[""A"" 3]] [[""A"" 3]] [[""A"" 3]] [[""A"" 3]] [[""A"" 3]] [[""A"" 3]] [[""A"" 3]] [[""A"" 3]] [[""A"" 3]] [[""A"" 3]] [[""A"" 3]] [[""A"" 3]] [[""A"" 3]] [[""A"" 3]] [[""A"" 3]] [[""A"" 3]] [[""A"" 3]] [[""A"" 3]] [[""A"" 3]] [[""A"" 3]] [[""A"" 3]] [[""A"" 3]] [[""A"" 3]] [[""A"" 3]] [[""A"" 3]] [[""A"" 3]] [[""A"" 3]]]] [7 [[[""A"" 3]] [[""A"" 3]] [[""A"" 3]] [[""A"" 3]] [[""A"" 3]] [[""A"" 3]] [[""A"" 3]] [[""A"" 3]] [[""A"" 3]] [[""A"" 3]] [[""A"" 3]] [[""A"" 3]] [[""A"" 3]] [[""A"" 3]] [[""A"" 3]] [[""A"" 3]] [[""A"" 3]] [[""A"" 3]] [[""A"" 3]] [[""A"" 3]] [[""A"" 3]] [[""A"" 3]] [[""A"" 3]] [[""A"" 3]] [[""A"" 3]] [[""A"" 3]] [[""A"" 3]] [[""A"" 3]] [[""A"" 3]] [[""A"" 3]] [[""A"" 3]] [[""A"" 3]] [[""A"" 3]] [[""A"" 3]] [[""A"" 3]] [[""A"" 3]] [[""A"" 3]] [[""A"" 3]] [[""A"" 3]] [[""A"" 3]] [[""A"" 3]] [[""A"" 3]] [[""A"" 3]] [[""A"" 3]] [[""A"" 3]] [[""A"" 3]] [[""A"" 3]] [[""A"" 3]] [[""A"" 3]] [[""A"" 3]]]] [8 [[[""A"" 3]] [[""A"" 3]] [[""A"" 3]] [[""A"" 3]] [[""A"" 3]] [[""A"" 3]] [[""A"" 3]] [[""A"" 3]] [[""A"" 3]] [[""A"" 3]] [[""A"" 3]] [[""A"" 3]] [[""A"" 3]] [[""A"" 3]] [[""A"" 3]] [[""A"" 3]] [[""A"" 3]] [[""A"" 3]] [[""A"" 3]] [[""A"" 3]] [[""A"" 3]] [[""A"" 3]] [[""A"" 3]] [[""A"" 3]] [[""A"" 3]] [[""A"" 3]] [[""A"" 3]] [[""A"" 3]] [[""A"" 3]] [[""A"" 3]] [[""A"" 3]] [[""A"" 3]] [[""A"" 3]] [[""A"" 3]] [[""A"" 3]] [[""A"" 3]] [[""A"" 3]] [[""A"" 3]] [[""A"" 3]] [[""A"" 3]] [[""A"" 3]] [[""A"" 3]] [[""A"" 3]] [[""A"" 3]] [[""A"" 3]] [[""A"" 3]] [[""A"" 3]] [[""A"" 3]] [[""A"" 3]] [[""A"" 3]]]] [9 [[[""A"" 3]] [[""A"" 3]] [[""A"" 3]] [[""A"" 3]] [[""A"" 3]] [[""A"" 3]] [[""A"" 3]] [[""A"" 3]] [[""A"" 3]] [[""A"" 3]] [[""A"" 3]] [[""A"" 3]] [[""A"" 3]] [[""A"" 3]] [[""A"" 3]] [[""A"" 3]] [[""A"" 3]] [[""A"" 3]] [[""A"" 3]] [[""A"" 3]] [[""A"" 3]] [[""A"" 3]] [[""A"" 3]] [[""A"" 3]] [[""A"" 3]] [[""A"" 3]] [[""A"" 3]] [[""A"" 3]] [[""A"" 3]] [[""A"" 3]] [[""A"" 3]] [[""A"" 3]] [[""A"" 3]] [[""A"" 3]] [[""A"" 3]] [[""A"" 3]] [[""A"" 3]] [[""A"" 3]] [[""A"" 3]] [[""A"" 3]] [[""A"" 3]] [[""A"" 3]] [[""A"" 3]] [[""A"" 3]] [[""A"" 3]] [[""A"" 3]] [[""A"" 3]] [[""A"" 3]] [[""A"" 3]] [[""A"" 3]]]] [10 [[[""A"" 3]] [[""A"" 3]] [[""A"" 3]] [[""A"" 3]] [[""A"" 3]] [[""A"" 3]] [[""A"" 3]] [[""A"" 3]] [[""A"" 3]] [[""A"" 3]] [[""A"" 3]] [[""A"" 3]] [[""A"" 3]] [[""A"" 3]] [[""A"" 3]] [[""A"" 3]] [[""A"" 3]] [[""A"" 3]] [[""A"" 3]] [[""A"" 3]] [[""A"" 3]] [[""A"" 3]] [[""A"" 3]] [[""A"" 3]] [[""A"" 3]] [[""A"" 3]] [[""A"" 3]] [[""A"" 3]] [[""A"" 3]] [[""A"" 3]] [[""A"" 3]] [[""A"" 3]] [[""A"" 3]] [[""A"" 3]] [[""A"" 3]] [[""A"" 3]] [[""A"" 3]] [[""A"" 3]] [[""A"" 3]] [[""A"" 3]] [[""A"" 3]] [[""A"" 3]] [[""A"" 3]] [[""A"" 3]] [[""A"" 3]] [[""A"" 3]] [[""A"" 3]] [[""A"" 3]] [[""A"" 3]] [[""A"" 3]]]] [11 [[[""A"" 3]] [[""A"" 3]] [[""A"" 3]] [[""A"" 3]] [[""A"" 3]] [[""A"" 3]] [[""A"" 3]] [[""A"" 3]] [[""A"" 3]] [[""A"" 3]] [[""A"" 3]] [[""A"" 3]] [[""A"" 3]] [[""A"" 3]] [[""A"" 3]] [[""A"" 3]] [[""A"" 3]] [[""A"" 3]] [[""A"" 3]] [[""A"" 3]] [[""A"" 3]] [[""A"" 3]] [[""A"" 3]] [[""A"" 3]] [[""A"" 3]] [[""A"" 3]] [[""A"" 3]] [[""A"" 3]] [[""A"" 3]] [[""A"" 3]] [[""A"" 3]] [[""A"" 3]] [[""A"" 3]] [[""A"" 3]] [[""A"" 3]] [[""A"" 3]] [[""A"" 3]] [[""A"" 3]] [[""A"" 3]] [[""A"" 3]] [[""A"" 3]] [[""A"" 3]] [[""A"" 3]] [[""A"" 3]] [[""A"" 3]] [[""A"" 3]] [[""A"" 3]] [[""A"" 3]] [[""A"" 3]] [[""A"" 3]]]] [12 [[[""A"" 3]] [[""A"" 3]] [[""A"" 3]] [[""A"" 3]] [[""A"" 3]] [[""A"" 3]] [[""A"" 3]] [[""A"" 3]] [[""A"" 3]] [[""A"" 3]] [[""A"" 3]] [[""A"" 3]] [[""A"" 3]] [[""A"" 3]] [[""A"" 3]] [[""A"" 3]] [[""A"" 3]] [[""A"" 3]] [[""A"" 3]] [[""A"" 3]] [[""A"" 3]] [[""A"" 3]] [[""A"" 3]] [[""A"" 3]] [[""A"" 3]] [[""A"" 3]] [[""A"" 3]] [[""A"" 3]] [[""A"" 3]] [[""A"" 3]] [[""A"" 3]] [[""A"" 3]] [[""A"" 3]] [[""A"" 3]] [[""A"" 3]] [[""A"" 3]] [[""A"" 3]] [[""A"" 3]] [[""A"" 3]] [[""A"" 3]] [[""A"" 3]] [[""A"" 3]] [[""A"" 3]] [[""A"" 3]] [[""A"" 3]] [[""A"" 3]] [[""A"" 3]] [[""A"" 3]] [[""A"" 3]] [[""A"" 3]]]] [13 [[[""A"" 3]] [[""A"" 3]] [[""A"" 3]] [[""A"" 3]] [[""A"" 3]] [[""A"" 3]] [[""A"" 3]] [[""A"" 3]] [[""A"" 3]] [[""A"" 3]] [[""A"" 3]] [[""A"" 3]] [[""A"" 3]] [[""A"" 3]] [[""A"" 3]] [[""A"" 3]] [[""A"" 3]] [[""A"" 3]] [[""A"" 3]] [[""A"" 3]] [[""A"" 3]] [[""A"" 3]] [[""A"" 3]] [[""A"" 3]] [[""A"" 3]] [[""A"" 3]] [[""A"" 3]] [[""A"" 3]] [[""A"" 3]] [[""A"" 3]] [[""A"" 3]] [[""A"" 3]] [[""A"" 3]] [[""A"" 3]] [[""A"" 3]] [[""A"" 3]] [[""A"" 3]] [[""A"" 3]] [[""A"" 3]] [[""A"" 3]] [[""A"" 3]] [[""A"" 3]] [[""A"" 3]] [[""A"" 3]] [[""A"" 3]] [[""A"" 3]] [[""A"" 3]] [[""A"" 3]] [[""A"" 3]] [[""A"" 3]]]] [14 [[[""A"" 3]] [[""A"" 3]] [[""A"" 3]] [[""A"" 3]] [[""A"" 3]] [[""A"" 3]] [[""A"" 3]] [[""A"" 3]] [[""A"" 3]] [[""A"" 3]] [[""A"" 3]] [[""A"" 3]] [[""A"" 3]] [[""A"" 3]] [[""A"" 3]] [[""A"" 3]] [[""A"" 3]] [[""A"" 3]] [[""A"" 3]] [[""A"" 3]] [[""A"" 3]] [[""A"" 3]] [[""A"" 3]] [[""A"" 3]] [[""A"" 3]] [[""A"" 3]] [[""A"" 3]] [[""A"" 3]] [[""A"" 3]] [[""A"" 3]] [[""A"" 3]] [[""A"" 3]] [[""A"" 3]] [[""A"" 3]] [[""A"" 3]] [[""A"" 3]] [[""A"" 3]] [[""A"" 3]] [[""A"" 3]] [[""A"" 3]] [[""A"" 3]] [[""A"" 3]] [[""A"" 3]] [[""A"" 3]] [[""A"" 3]] [[""A"" 3]] [[""A"" 3]] [[""A"" 3]] [[""A"" 3]] [[""A"" 3]]]] [15 [[[""A"" 3]] [[""A"" 3]] [[""A"" 3]] [[""A"" 3]] [[""A"" 3]] [[""A"" 3]] [[""A"" 3]] [[""A"" 3]] [[""A"" 3]] [[""A"" 3]] [[""A"" 3]] [[""A"" 3]] [[""A"" 3]] [[""A"" 3]] [[""A"" 3]] [[""A"" 3]] [[""A"" 3]] [[""A"" 3]] [[""A"" 3]] [[""A"" 3]] [[""A"" 3]] [[""A"" 3]] [[""A"" 3]] [[""A"" 3]] [[""A"" 3]] [[""A"" 3]] [[""A"" 3]] [[""A"" 3]] [[""A"" 3]] [[""A"" 3]] [[""A"" 3]] [[""A"" 3]] [[""A"" 3]] [[""A"" 3]] [[""A"" 3]] [[""A"" 3]] [[""A"" 3]] [[""A"" 3]] [[""A"" 3]] [[""A"" 3]] [[""A"" 3]] [[""A"" 3]] [[""A"" 3]] [[""A"" 3]] [[""A"" 3]] [[""A"" 3]] [[""A"" 3]] [[""A"" 3]] [[""A"" 3]] [[""A"" 3]]]] [16 [[[""A"" 3]] [[""A"" 3]] [[""A"" 3]] [[""A"" 3]] [[""A"" 3]] [[""A"" 3]] [[""A"" 3]] [[""A"" 3]] [[""A"" 3]] [[""A"" 3]] [[""A"" 3]] [[""A"" 3]] [[""A"" 3]] [[""A"" 3]] [[""A"" 3]] [[""A"" 3]] [[""A"" 3]] [[""A"" 3]] [[""A"" 3]] [[""A"" 3]] [[""A"" 3]] [[""A"" 3]] [[""A"" 3]] [[""A"" 3]] [[""A"" 3]] [[""A"" 3]] [[""A"" 3]] [[""A"" 3]] [[""A"" 3]] [[""A"" 3]] [[""A"" 3]] [[""A"" 3]] [[""A"" 3]] [[""A"" 3]] [[""A"" 3]] [[""A"" 3]] [[""A"" 3]] [[""A"" 3]] [[""A"" 3]] [[""A"" 3]] [[""A"" 3]] [[""A"" 3]] [[""A"" 3]] [[""A"" 3]] [[""A"" 3]] [[""A"" 3]] [[""A"" 3]] [[""A"" 3]] [[""A"" 3]] [[""A"" 3]]]] [17 [[[""A"" 3]] [[""A"" 3]] [[""A"" 3]] [[""A"" 3]] [[""A"" 3]] [[""A"" 3]] [[""A"" 3]] [[""A"" 3]] [[""A"" 3]] [[""A"" 3]] [[""A"" 3]] [[""A"" 3]] [[""A"" 3]] [[""A"" 3]] [[""A"" 3]] [[""A"" 3]] [[""A"" 3]] [[""A"" 3]] [[""A"" 3]] [[""A"" 3]] [[""A"" 3]] [[""A"" 3]] [[""A"" 3]] [[""A"" 3]] [[""A"" 3]] [[""A"" 3]] [[""A"" 3]] [[""A"" 3]] [[""A"" 3]] [[""A"" 3]] [[""A"" 3]] [[""A"" 3]] [[""A"" 3]] [[""A"" 3]] [[""A"" 3]] [[""A"" 3]] [[""A"" 3]] [[""A"" 3]] [[""A"" 3]] [[""A"" 3]] [[""A"" 3]] [[""A"" 3]] [[""A"" 3]] [[""A"" 3]] [[""A"" 3]] [[""A"" 3]] [[""A"" 3]] [[""A"" 3]] [[""A"" 3]] [[""A"" 3]]]] [18 [[[""A"" 3]] [[""A"" 3]] [[""A"" 3]] [[""A"" 3]] [[""A"" 3]] [[""A"" 3]] [[""A"" 3]] [[""A"" 3]] [[""A"" 3]] [[""A"" 3]] [[""A"" 3]] [[""A"" 3]] [[""A"" 3]] [[""A"" 3]] [[""A"" 3]] [[""A"" 3]] [[""A"" 3]] [[""A"" 3]] [[""A"" 3]] [[""A"" 3]] [[""A"" 3]] [[""A"" 3]] [[""A"" 3]] [[""A"" 3]] [[""A"" 3]] [[""A"" 3]] [[""A"" 3]] [[""A"" 3]] [[""A"" 3]] [[""A"" 3]] [[""A"" 3]] [[""A"" 3]] [[""A"" 3]] [[""A"" 3]] [[""A"" 3]] [[""A"" 3]] [[""A"" 3]] [[""A"" 3]] [[""A"" 3]] [[""A"" 3]] [[""A"" 3]] [[""A"" 3]] [[""A"" 3]] [[""A"" 3]] [[""A"" 3]] [[""A"" 3]] [[""A"" 3]] [[""A"" 3]] [[""A"" 3]] [[""A"" 3]]]] [19 [[[""A"" 3]] [[""A"" 3]] [[""A"" 3]] [[""A"" 3]] [[""A"" 3]] [[""A"" 3]] [[""A"" 3]] [[""A"" 3]] [[""A"" 3]] [[""A"" 3]] [[""A"" 3]] [[""A"" 3]] [[""A"" 3]] [[""A"" 3]] [[""A"" 3]] [[""A"" 3]] [[""A"" 3]] [[""A"" 3]] [[""A"" 3]] [[""A"" 3]] [[""A"" 3]] [[""A"" 3]] [[""A"" 3]] [[""A"" 3]] [[""A"" 3]] [[""A"" 3]] [[""A"" 3]] [[""A"" 3]] [[""A"" 3]] [[""A"" 3]] [[""A"" 3]] [[""A"" 3]] [[""A"" 3]] [[""A"" 3]] [[""A"" 3]] [[""A"" 3]] [[""A"" 3]] [[""A"" 3]] [[""A"" 3]] [[""A"" 3]] [[""A"" 3]] [[""A"" 3]] [[""A"" 3]] [[""A"" 3]] [[""A"" 3]] [[""A"" 3]] [[""A"" 3]] [[""A"" 3]] [[""A"" 3]] [[""A"" 3]]]] [20 [[[""A"" 3]] [[""A"" 3]] [[""A"" 3]] [[""A"" 3]] [[""A"" 3]] [[""A"" 3]] [[""A"" 3]] [[""A"" 3]] [[""A"" 3]] [[""A"" 3]] [[""A"" 3]] [[""A"" 3]] [[""A"" 3]] [[""A"" 3]] [[""A"" 3]] [[""A"" 3]] [[""A"" 3]] [[""A"" 3]] [[""A"" 3]] [[""A"" 3]] [[""A"" 3]] [[""A"" 3]] [[""A"" 3]] [[""A"" 3]] [[""A"" 3]] [[""A"" 3]] [[""A"" 3]] [[""A"" 3]] [[""A"" 3]] [[""A"" 3]] [[""A"" 3]] [[""A"" 3]] [[""A"" 3]] [[""A"" 3]] [[""A"" 3]] [[""A"" 3]] [[""A"" 3]] [[""A"" 3]] [[""A"" 3]] [[""A"" 3]] [[""A"" 3]] [[""A"" 3]] [[""A"" 3]] [[""A"" 3]] [[""A"" 3]] [[""A"" 3]] [[""A"" 3]] [[""A"" 3]] [[""A"" 3]] [[""A"" 3]]]] [21 [[[""A"" 3]] [[""A"" 3]] [[""A"" 3]] [[""A"" 3]] [[""A"" 3]] [[""A"" 3]] [[""A"" 3]] [[""A"" 3]] [[""A"" 3]] [[""A"" 3]] [[""A"" 3]] [[""A"" 3]] [[""A"" 3]] [[""A"" 3]] [[""A"" 3]] [[""A"" 3]] [[""A"" 3]] [[""A"" 3]] [[""A"" 3]] [[""A"" 3]] [[""A"" 3]] [[""A"" 3]] [[""A"" 3]] [[""A"" 3]] [[""A"" 3]] [[""A"" 3]] [[""A"" 3]] [[""A"" 3]] [[""A"" 3]] [[""A"" 3]] [[""A"" 3]] [[""A"" 3]] [[""A"" 3]] [[""A"" 3]] [[""A"" 3]] [[""A"" 3]] [[""A"" 3]] [[""A"" 3]] [[""A"" 3]] [[""A"" 3]] [[""A"" 3]] [[""A"" 3]] [[""A"" 3]] [[""A"" 3]] [[""A"" 3]] [[""A"" 3]] [[""A"" 3]] [[""A"" 3]] [[""A"" 3]] [[""A"" 3]]]] [22 [[[""A"" 3]] [[""A"" 3]] [[""A"" 3]] [[""A"" 3]] [[""A"" 3]] [[""A"" 3]] [[""A"" 3]] [[""A"" 3]] [[""A"" 3]] [[""A"" 3]] [[""A"" 3]] [[""A"" 3]] [[""A"" 3]] [[""A"" 3]] [[""A"" 3]] [[""A"" 3]] [[""A"" 3]] [[""A"" 3]] [[""A"" 3]] [[""A"" 3]] [[""A"" 3]] [[""A"" 3]] [[""A"" 3]] [[""A"" 3]] [[""A"" 3]] [[""A"" 3]] [[""A"" 3]] [[""A"" 3]] [[""A"" 3]] [[""A"" 3]] [[""A"" 3]] [[""A"" 3]] [[""A"" 3]] [[""A"" 3]] [[""A"" 3]] [[""A"" 3]] [[""A"" 3]] [[""A"" 3]] [[""A"" 3]] [[""A"" 3]] [[""A"" 3]] [[""A"" 3]] [[""A"" 3]] [[""A"" 3]] [[""A"" 3]] [[""A"" 3]] [[""A"" 3]] [[""A"" 3]] [[""A"" 3]] [[""A"" 3]]]] [23 [[[""A"" 3]] [[""A"" 3]] [[""A"" 3]] [[""A"" 3]] [[""A"" 3]] [[""A"" 3]] [[""A"" 3]] [[""A"" 3]] [[""A"" 3]] [[""A"" 3]] [[""A"" 3]] [[""A"" 3]] [[""A"" 3]] [[""A"" 3]] [[""A"" 3]] [[""A"" 3]] [[""A"" 3]] [[""A"" 3]] [[""A"" 3]] [[""A"" 3]] [[""A"" 3]] [[""A"" 3]] [[""A"" 3]] [[""A"" 3]] [[""A"" 3]] [[""A"" 3]] [[""A"" 3]] [[""A"" 3]] [[""A"" 3]] [[""A"" 3]] [[""A"" 3]] [[""A"" 3]] [[""A"" 3]] [[""A"" 3]] [[""A"" 3]] [[""A"" 3]] [[""A"" 3]] [[""A"" 3]] [[""A"" 3]] [[""A"" 3]] [[""A"" 3]] [[""A"" 3]] [[""A"" 3]] [[""A"" 3]] [[""A"" 3]] [[""A"" 3]] [[""A"" 3]] [[""A"" 3]] [[""A"" 3]] [[""A"" 3]]]] [24 [[[""A"" 3]] [[""A"" 3]] [[""A"" 3]] [[""A"" 3]] [[""A"" 3]] [[""A"" 3]] [[""A"" 3]] [[""A"" 3]] [[""A"" 3]] [[""A"" 3]] [[""A"" 3]] [[""A"" 3]] [[""A"" 3]] [[""A"" 3]] [[""A"" 3]] [[""A"" 3]] [[""A"" 3]] [[""A"" 3]] [[""A"" 3]] [[""A"" 3]] [[""A"" 3]] [[""A"" 3]] [[""A"" 3]] [[""A"" 3]] [[""A"" 3]] [[""A"" 3]] [[""A"" 3]] [[""A"" 3]] [[""A"" 3]] [[""A"" 3]] [[""A"" 3]] [[""A"" 3]] [[""A"" 3]] [[""A"" 3]] [[""A"" 3]] [[""A"" 3]] [[""A"" 3]] [[""A"" 3]] [[""A"" 3]] [[""A"" 3]] [[""A"" 3]] [[""A"" 3]] [[""A"" 3]] [[""A"" 3]] [[""A"" 3]] [[""A"" 3]] [[""A"" 3]] [[""A"" 3]] [[""A"" 3]] [[""A"" 3]]]] [25 [[[""A"" 3]] [[""A"" 3]] [[""A"" 3]] [[""A"" 3]] [[""A"" 3]] [[""A"" 3]] [[""A"" 3]] [[""A"" 3]] [[""A"" 3]] [[""A"" 3]] [[""A"" 3]] [[""A"" 3]] [[""A"" 3]] [[""A"" 3]] [[""A"" 3]] [[""A"" 3]] [[""A"" 3]] [[""A"" 3]] [[""A"" 3]] [[""A"" 3]] [[""A"" 3]] [[""A"" 3]] [[""A"" 3]] [[""A"" 3]] [[""A"" 3]] [[""A"" 3]] [[""A"" 3]] [[""A"" 3]] [[""A"" 3]] [[""A"" 3]] [[""A"" 3]] [[""A"" 3]] [[""A"" 3]] [[""A"" 3]] [[""A"" 3]] [[""A"" 3]] [[""A"" 3]] [[""A"" 3]] [[""A"" 3]] [[""A"" 3]] [[""A"" 3]] [[""A"" 3]] [[""A"" 3]] [[""A"" 3]] [[""A"" 3]] [[""A"" 3]] [[""A"" 3]] [[""A"" 3]] [[""A"" 3]] [[""A"" 3]]]] [26 [[[""A"" 3]] [[""A"" 3]] [[""A"" 3]] [[""A"" 3]] [[""A"" 3]] [[""A"" 3]] [[""A"" 3]] [[""A"" 3]] [[""A"" 3]] [[""A"" 3]] [[""A"" 3]] [[""A"" 3]] [[""A"" 3]] [[""A"" 3]] [[""A"" 3]] [[""A"" 3]] [[""A"" 3]] [[""A"" 3]] [[""A"" 3]] [[""A"" 3]] [[""A"" 3]] [[""A"" 3]] [[""A"" 3]] [[""A"" 3]] [[""A"" 3]] [[""A"" 3]] [[""A"" 3]] [[""A"" 3]] [[""A"" 3]] [[""A"" 3]] [[""A"" 3]] [[""A"" 3]] [[""A"" 3]] [[""A"" 3]] [[""A"" 3]] [[""A"" 3]] [[""A"" 3]] [[""A"" 3]] [[""A"" 3]] [[""A"" 3]] [[""A"" 3]] [[""A"" 3]] [[""A"" 3]] [[""A"" 3]] [[""A"" 3]] [[""A"" 3]] [[""A"" 3]] [[""A"" 3]] [[""A"" 3]] [[""A"" 3]]]] [27 [[[""A"" 3]] [[""A"" 3]] [[""A"" 3]] [[""A"" 3]] [[""A"" 3]] [[""A"" 3]] [[""A"" 3]] [[""A"" 3]] [[""A"" 3]] [[""A"" 3]] [[""A"" 3]] [[""A"" 3]] [[""A"" 3]] [[""A"" 3]] [[""A"" 3]] [[""A"" 3]] [[""A"" 3]] [[""A"" 3]] [[""A"" 3]] [[""A"" 3]] [[""A"" 3]] [[""A"" 3]] [[""A"" 3]] [[""A"" 3]] [[""A"" 3]] [[""A"" 3]] [[""A"" 3]] [[""A"" 3]] [[""A"" 3]] [[""A"" 3]] [[""A"" 3]] [[""A"" 3]] [[""A"" 3]] [[""A"" 3]] [[""A"" 3]] [[""A"" 3]] [[""A"" 3]] [[""A"" 3]] [[""A"" 3]] [[""A"" 3]] [[""A"" 3]] [[""A"" 3]] [[""A"" 3]] [[""A"" 3]] [[""A"" 3]] [[""A"" 3]] [[""A"" 3]] [[""A"" 3]] [[""A"" 3]] [[""A"" 3]]]] [28 [[[""A"" 3]] [[""A"" 3]] [[""A"" 3]] [[""A"" 3]] [[""A"" 3]] [[""A"" 3]] [[""A"" 3]] [[""A"" 3]] [[""A"" 3]] [[""A"" 3]] [[""A"" 3]] [[""A"" 3]] [[""A"" 3]] [[""A"" 3]] [[""A"" 3]] [[""A"" 3]] [[""A"" 3]] [[""A"" 3]] [[""A"" 3]] [[""A"" 3]] [[""A"" 3]] [[""A"" 3]] [[""A"" 3]] [[""A"" 3]] [[""A"" 3]] [[""A"" 3]] [[""A"" 3]] [[""A"" 3]] [[""A"" 3]] [[""A"" 3]] [[""A"" 3]] [[""A"" 3]] [[""A"" 3]] [[""A"" 3]] [[""A"" 3]] [[""A"" 3]] [[""A"" 3]] [[""A"" 3]] [[""A"" 3]] [[""A"" 3]] [[""A"" 3]] [[""A"" 3]] [[""A"" 3]] [[""A"" 3]] [[""A"" 3]] [[""A"" 3]] [[""A"" 3]] [[""A"" 3]] [[""A"" 3]] [[""A"" 3]]]] [29 [[[""A"" 3]] [[""A"" 3]] [[""A"" 3]] [[""A"" 3]] [[""A"" 3]] [[""A"" 3]] [[""A"" 3]] [[""A"" 3]] [[""A"" 3]] [[""A"" 3]] [[""A"" 3]] [[""A"" 3]] [[""A"" 3]] [[""A"" 3]] [[""A"" 3]] [[""A"" 3]] [[""A"" 3]] [[""A"" 3]] [[""A"" 3]] [[""A"" 3]] [[""A"" 3]] [[""A"" 3]] [[""A"" 3]] [[""A"" 3]] [[""A"" 3]] [[""A"" 3]] [[""A"" 3]] [[""A"" 3]] [[""A"" 3]] [[""A"" 3]] [[""A"" 3]] [[""A"" 3]] [[""A"" 3]] [[""A"" 3]] [[""A"" 3]] [[""A"" 3]] [[""A"" 3]] [[""A"" 3]] [[""A"" 3]] [[""A"" 3]] [[""A"" 3]] [[""A"" 3]] [[""A"" 3]] [[""A"" 3]] [[""A"" 3]] [[""A"" 3]] [[""A"" 3]] [[""A"" 3]] [[""A"" 3]] [[""A"" 3]]]] [30 [[[""A"" 3]] [[""A"" 3]] [[""A"" 3]] [[""A"" 3]] [[""A"" 3]] [[""A"" 3]] [[""A"" 3]] [[""A"" 3]] [[""A"" 3]] [[""A"" 3]] [[""A"" 3]] [[""A"" 3]] [[""A"" 3]] [[""A"" 3]] [[""A"" 3]] [[""A"" 3]] [[""A"" 3]] [[""A"" 3]] [[""A"" 3]] [[""A"" 3]] [[""A"" 3]] [[""A"" 3]] [[""A"" 3]] [[""A"" 3]] [[""A"" 3]] [[""A"" 3]] [[""A"" 3]] [[""A"" 3]] [[""A"" 3]] [[""A"" 3]] [[""A"" 3]] [[""A"" 3]] [[""A"" 3]] [[""A"" 3]] [[""A"" 3]] [[""A"" 3]] [[""A"" 3]] [[""A"" 3]] [[""A"" 3]] [[""A"" 3]] [[""A"" 3]] [[""A"" 3]] [[""A"" 3]] [[""A"" 3]] [[""A"" 3]] [[""A"" 3]] [[""A"" 3]] [[""A"" 3]] [[""A"" 3]] [[""A"" 3]]]] [31 [[[""A"" 3]] [[""A"" 3]] [[""A"" 3]] [[""A"" 3]] [[""A"" 3]] [[""A"" 3]] [[""A"" 3]] [[""A"" 3]] [[""A"" 3]] [[""A"" 3]] [[""A"" 3]] [[""A"" 3]] [[""A"" 3]] [[""A"" 3]] [[""A"" 3]] [[""A"" 3]] [[""A"" 3]] [[""A"" 3]] [[""A"" 3]] [[""A"" 3]] [[""A"" 3]] [[""A"" 3]] [[""A"" 3]] [[""A"" 3]] [[""A"" 3]] [[""A"" 3]] [[""A"" 3]] [[""A"" 3]] [[""A"" 3]] [[""A"" 3]] [[""A"" 3]] [[""A"" 3]] [[""A"" 3]] [[""A"" 3]] [[""A"" 3]] [[""A"" 3]] [[""A"" 3]] [[""A"" 3]] [[""A"" 3]] [[""A"" 3]] [[""A"" 3]] [[""A"" 3]] [[""A"" 3]] [[""A"" 3]] [[""A"" 3]] [[""A"" 3]] [[""A"" 3]] [[""A"" 3]] [[""A"" 3]] [[""A"" 3]]]] [32 [[[""A"" 3]] [[""A"" 3]] [[""A"" 3]] [[""A"" 3]] [[""A"" 3]] [[""A"" 3]] [[""A"" 3]] [[""A"" 3]] [[""A"" 3]] [[""A"" 3]] [[""A"" 3]] [[""A"" 3]] [[""A"" 3]] [[""A"" 3]] [[""A"" 3]] [[""A"" 3]] [[""A"" 3]] [[""A"" 3]] [[""A"" 3]] [[""A"" 3]] [[""A"" 3]] [[""A"" 3]] [[""A"" 3]] [[""A"" 3]] [[""A"" 3]] [[""A"" 3]] [[""A"" 3]] [[""A"" 3]] [[""A"" 3]] [[""A"" 3]] [[""A"" 3]] [[""A"" 3]] [[""A"" 3]] [[""A"" 3]] [[""A"" 3]] [[""A"" 3]] [[""A"" 3]] [[""A"" 3]] [[""A"" 3]] [[""A"" 3]] [[""A"" 3]] [[""A"" 3]] [[""A"" 3]] [[""A"" 3]] [[""A"" 3]] [[""A"" 3]] [[""A"" 3]] [[""A"" 3]] [[""A"" 3]] [[""A"" 3]]]] [33 [[[""A"" 3]] [[""A"" 3]] [[""A"" 3]] [[""A"" 3]] [[""A"" 3]] [[""A"" 3]] [[""A"" 3]] [[""A"" 3]] [[""A"" 3]] [[""A"" 3]] [[""A"" 3]] [[""A"" 3]] [[""A"" 3]] [[""A"" 3]] [[""A"" 3]] [[""A"" 3]] [[""A"" 3]] [[""A"" 3]] [[""A"" 3]] [[""A"" 3]] [[""A"" 3]] [[""A"" 3]] [[""A"" 3]] [[""A"" 3]] [[""A"" 3]] [[""A"" 3]] [[""A"" 3]] [[""A"" 3]] [[""A"" 3]] [[""A"" 3]] [[""A"" 3]] [[""A"" 3]] [[""A"" 3]] [[""A"" 3]] [[""A"" 3]] [[""A"" 3]] [[""A"" 3]] [[""A"" 3]] [[""A"" 3]] [[""A"" 3]] [[""A"" 3]] [[""A"" 3]] [[""A"" 3]] [[""A"" 3]] [[""A"" 3]] [[""A"" 3]] [[""A"" 3]] [[""A"" 3]] [[""A"" 3]] [[""A"" 3]]]] [34 [[[""A"" 3]] [[""A"" 3]] [[""A"" 3]] [[""A"" 3]] [[""A"" 3]] [[""A"" 3]] [[""A"" 3]] [[""A"" 3]] [[""A"" 3]] [[""A"" 3]] [[""A"" 3]] [[""A"" 3]] [[""A"" 3]] [[""A"" 3]] [[""A"" 3]] [[""A"" 3]] [[""A"" 3]] [[""A"" 3]] [[""A"" 3]] [[""A"" 3]] [[""A"" 3]] [[""A"" 3]] [[""A"" 3]] [[""A"" 3]] [[""A"" 3]] [[""A"" 3]] [[""A"" 3]] [[""A"" 3]] [[""A"" 3]] [[""A"" 3]] [[""A"" 3]] [[""A"" 3]] [[""A"" 3]] [[""A"" 3]] [[""A"" 3]] [[""A"" 3]] [[""A"" 3]] [[""A"" 3]] [[""A"" 3]] [[""A"" 3]] [[""A"" 3]] [[""A"" 3]] [[""A"" 3]] [[""A"" 3]] [[""A"" 3]] [[""A"" 3]] [[""A"" 3]] [[""A"" 3]] [[""A"" 3]] [[""A"" 3]]]] [35 [[[""A"" 3]] [[""A"" 3]] [[""A"" 3]] [[""A"" 3]] [[""A"" 3]] [[""A"" 3]] [[""A"" 3]] [[""A"" 3]] [[""A"" 3]] [[""A"" 3]] [[""A"" 3]] [[""A"" 3]] [[""A"" 3]] [[""A"" 3]] [[""A"" 3]] [[""A"" 3]] [[""A"" 3]] [[""A"" 3]] [[""A"" 3]] [[""A"" 3]] [[""A"" 3]] [[""A"" 3]] [[""A"" 3]] [[""A"" 3]] [[""A"" 3]] [[""A"" 3]] [[""A"" 3]] [[""A"" 3]] [[""A"" 3]] [[""A"" 3]] [[""A"" 3]] [[""A"" 3]] [[""A"" 3]] [[""A"" 3]] [[""A"" 3]] [[""A"" 3]] [[""A"" 3]] [[""A"" 3]] [[""A"" 3]] [[""A"" 3]] [[""A"" 3]] [[""A"" 3]] [[""A"" 3]] [[""A"" 3]] [[""A"" 3]] [[""A"" 3]] [[""A"" 3]] [[""A"" 3]] [[""A"" 3]] [[""A"" 3]]]] [36 [[[""A"" 3]] [[""A"" 3]] [[""A"" 3]] [[""A"" 3]] [[""A"" 3]] [[""A"" 3]] [[""A"" 3]] [[""A"" 3]] [[""A"" 3]] [[""A"" 3]] [[""A"" 3]] [[""A"" 3]] [[""A"" 3]] [[""A"" 3]] [[""A"" 3]] [[""A"" 3]] [[""A"" 3]] [[""A"" 3]] [[""A"" 3]] [[""A"" 3]] [[""A"" 3]] [[""A"" 3]] [[""A"" 3]] [[""A"" 3]] [[""A"" 3]] [[""A"" 3]] [[""A"" 3]] [[""A"" 3]] [[""A"" 3]] [[""A"" 3]] [[""A"" 3]] [[""A"" 3]] [[""A"" 3]] [[""A"" 3]] [[""A"" 3]] [[""A"" 3]] [[""A"" 3]] [[""A"" 3]] [[""A"" 3]] [[""A"" 3]] [[""A"" 3]] [[""A"" 3]] [[""A"" 3]] [[""A"" 3]] [[""A"" 3]] [[""A"" 3]] [[""A"" 3]] [[""A"" 3]] [[""A"" 3]] [[""A"" 3]]]] [37 [[[""A"" 3]] [[""A"" 3]] [[""A"" 3]] [[""A"" 3]] [[""A"" 3]] [[""A"" 3]] [[""A"" 3]] [[""A"" 3]] [[""A"" 3]] [[""A"" 3]] [[""A"" 3]] [[""A"" 3]] [[""A"" 3]] [[""A"" 3]] [[""A"" 3]] [[""A"" 3]] [[""A"" 3]] [[""A"" 3]] [[""A"" 3]] [[""A"" 3]] [[""A"" 3]] [[""A"" 3]] [[""A"" 3]] [[""A"" 3]] [[""A"" 3]] [[""A"" 3]] [[""A"" 3]] [[""A"" 3]] [[""A"" 3]] [[""A"" 3]] [[""A"" 3]] [[""A"" 3]] [[""A"" 3]] [[""A"" 3]] [[""A"" 3]] [[""A"" 3]] [[""A"" 3]] [[""A"" 3]] [[""A"" 3]] [[""A"" 3]] [[""A"" 3]] [[""A"" 3]] [[""A"" 3]] [[""A"" 3]] [[""A"" 3]] [[""A"" 3]] [[""A"" 3]] [[""A"" 3]] [[""A"" 3]] [[""A"" 3]]]] [38 [[[""A"" 3]] [[""A"" 3]] [[""A"" 3]] [[""A"" 3]] [[""A"" 3]] [[""A"" 3]] [[""A"" 3]] [[""A"" 3]] [[""A"" 3]] [[""A"" 3]] [[""A"" 3]] [[""A"" 3]] [[""A"" 3]] [[""A"" 3]] [[""A"" 3]] [[""A"" 3]] [[""A"" 3]] [[""A"" 3]] [[""A"" 3]] [[""A"" 3]] [[""A"" 3]] [[""A"" 3]] [[""A"" 3]] [[""A"" 3]] [[""A"" 3]] [[""A"" 3]] [[""A"" 3]] [[""A"" 3]] [[""A"" 3]] [[""A"" 3]] [[""A"" 3]] [[""A"" 3]] [[""A"" 3]] [[""A"" 3]] [[""A"" 3]] [[""A"" 3]] [[""A"" 3]] [[""A"" 3]] [[""A"" 3]] [[""A"" 3]] [[""A"" 3]] [[""A"" 3]] [[""A"" 3]] [[""A"" 3]] [[""A"" 3]] [[""A"" 3]] [[""A"" 3]] [[""A"" 3]] [[""A"" 3]] [[""A"" 3]]]] [39 [[[""A"" 3]] [[""A"" 3]] [[""A"" 3]] [[""A"" 3]] [[""A"" 3]] [[""A"" 3]] [[""A"" 3]] [[""A"" 3]] [[""A"" 3]] [[""A"" 3]] [[""A"" 3]] [[""A"" 3]] [[""A"" 3]] [[""A"" 3]] [[""A"" 3]] [[""A"" 3]] [[""A"" 3]] [[""A"" 3]] [[""A"" 3]] [[""A"" 3]] [[""A"" 3]] [[""A"" 3]] [[""A"" 3]] [[""A"" 3]] [[""A"" 3]] [[""A"" 3]] [[""A"" 3]] [[""A"" 3]] [[""A"" 3]] [[""A"" 3]] [[""A"" 3]] [[""A"" 3]] [[""A"" 3]] [[""A"" 3]] [[""A"" 3]] [[""A"" 3]] [[""A"" 3]] [[""A"" 3]] [[""A"" 3]] [[""A"" 3]] [[""A"" 3]] [[""A"" 3]] [[""A"" 3]] [[""A"" 3]] [[""A"" 3]] [[""A"" 3]] [[""A"" 3]] [[""A"" 3]] [[""A"" 3]] [[""A"" 3]]]] [40 [[[""A"" 3]] [[""A"" 3]] [[""A"" 3]] [[""A"" 3]] [[""A"" 3]] [[""A"" 3]] [[""A"" 3]] [[""A"" 3]] [[""A"" 3]] [[""A"" 3]] [[""A"" 3]] [[""A"" 3]] [[""A"" 3]] [[""A"" 3]] [[""A"" 3]] [[""A"" 3]] [[""A"" 3]] [[""A"" 3]] [[""A"" 3]] [[""A"" 3]] [[""A"" 3]] [[""A"" 3]] [[""A"" 3]] [[""A"" 3]] [[""A"" 3]] [[""A"" 3]] [[""A"" 3]] [[""A"" 3]] [[""A"" 3]] [[""A"" 3]] [[""A"" 3]] [[""A"" 3]] [[""A"" 3]] [[""A"" 3]] [[""A"" 3]] [[""A"" 3]] [[""A"" 3]] [[""A"" 3]] [[""A"" 3]] [[""A"" 3]] [[""A"" 3]] [[""A"" 3]] [[""A"" 3]] [[""A"" 3]] [[""A"" 3]] [[""A"" 3]] [[""A"" 3]] [[""A"" 3]] [[""A"" 3]] [[""A"" 3]]]] [41 [[[""A"" 3]] [[""A"" 3]] [[""A"" 3]] [[""A"" 3]] [[""A"" 3]] [[""A"" 3]] [[""A"" 3]] [[""A"" 3]] [[""A"" 3]] [[""A"" 3]] [[""A"" 3]] [[""A"" 3]] [[""A"" 3]] [[""A"" 3]] [[""A"" 3]] [[""A"" 3]] [[""A"" 3]] [[""A"" 3]] [[""A"" 3]] [[""A"" 3]] [[""A"" 3]] [[""A"" 3]] [[""A"" 3]] [[""A"" 3]] [[""A"" 3]] [[""A"" 3]] [[""A"" 3]] [[""A"" 3]] [[""A"" 3]] [[""A"" 3]] [[""A"" 3]] [[""A"" 3]] [[""A"" 3]] [[""A"" 3]] [[""A"" 3]] [[""A"" 3]] [[""A"" 3]] [[""A"" 3]] [[""A"" 3]] [[""A"" 3]] [[""A"" 3]] [[""A"" 3]] [[""A"" 3]] [[""A"" 3]] [[""A"" 3]] [[""A"" 3]] [[""A"" 3]] [[""A"" 3]] [[""A"" 3]] [[""A"" 3]]]] [42 [[[""A"" 3]] [[""A"" 3]] [[""A"" 3]] [[""A"" 3]] [[""A"" 3]] [[""A"" 3]] [[""A"" 3]] [[""A"" 3]] [[""A"" 3]] [[""A"" 3]] [[""A"" 3]] [[""A"" 3]] [[""A"" 3]] [[""A"" 3]] [[""A"" 3]] [[""A"" 3]] [[""A"" 3]] [[""A"" 3]] [[""A"" 3]] [[""A"" 3]] [[""A"" 3]] [[""A"" 3]] [[""A"" 3]] [[""A"" 3]] [[""A"" 3]] [[""A"" 3]] [[""A"" 3]] [[""A"" 3]] [[""A"" 3]] [[""A"" 3]] [[""A"" 3]] [[""A"" 3]] [[""A"" 3]] [[""A"" 3]] [[""A"" 3]] [[""A"" 3]] [[""A"" 3]] [[""A"" 3]] [[""A"" 3]] [[""A"" 3]] [[""A"" 3]] [[""A"" 3]] [[""A"" 3]] [[""A"" 3]] [[""A"" 3]] [[""A"" 3]] [[""A"" 3]] [[""A"" 3]] [[""A"" 3]] [[""A"" 3]]]] [43 [[[""A"" 3]] [[""A"" 3]] [[""A"" 3]] [[""A"" 3]] [[""A"" 3]] [[""A"" 3]] [[""A"" 3]] [[""A"" 3]] [[""A"" 3]] [[""A"" 3]] [[""A"" 3]] [[""A"" 3]] [[""A"" 3]] [[""A"" 3]] [[""A"" 3]] [[""A"" 3]] [[""A"" 3]] [[""A"" 3]] [[""A"" 3]] [[""A"" 3]] [[""A"" 3]] [[""A"" 3]] [[""A"" 3]] [[""A"" 3]] [[""A"" 3]] [[""A"" 3]] [[""A"" 3]] [[""A"" 3]] [[""A"" 3]] [[""A"" 3]] [[""A"" 3]] [[""A"" 3]] [[""A"" 3]] [[""A"" 3]] [[""A"" 3]] [[""A"" 3]] [[""A"" 3]] [[""A"" 3]] [[""A"" 3]] [[""A"" 3]] [[""A"" 3]] [[""A"" 3]] [[""A"" 3]] [[""A"" 3]] [[""A"" 3]] [[""A"" 3]] [[""A"" 3]] [[""A"" 3]] [[""A"" 3]] [[""A"" 3]]]] [44 [[[""A"" 3]] [[""A"" 3]] [[""A"" 3]] [[""A"" 3]] [[""A"" 3]] [[""A"" 3]] [[""A"" 3]] [[""A"" 3]] [[""A"" 3]] [[""A"" 3]] [[""A"" 3]] [[""A"" 3]] [[""A"" 3]] [[""A"" 3]] [[""A"" 3]] [[""A"" 3]] [[""A"" 3]] [[""A"" 3]] [[""A"" 3]] [[""A"" 3]] [[""A"" 3]] [[""A"" 3]] [[""A"" 3]] [[""A"" 3]] [[""A"" 3]] [[""A"" 3]] [[""A"" 3]] [[""A"" 3]] [[""A"" 3]] [[""A"" 3]] [[""A"" 3]] [[""A"" 3]] [[""A"" 3]] [[""A"" 3]] [[""A"" 3]] [[""A"" 3]] [[""A"" 3]] [[""A"" 3]] [[""A"" 3]] [[""A"" 3]] [[""A"" 3]] [[""A"" 3]] [[""A"" 3]] [[""A"" 3]] [[""A"" 3]] [[""A"" 3]] [[""A"" 3]] [[""A"" 3]] [[""A"" 3]] [[""A"" 3]]]] [45 [[[""A"" 3]] [[""A"" 3]] [[""A"" 3]] [[""A"" 3]] [[""A"" 3]] [[""A"" 3]] [[""A"" 3]] [[""A"" 3]] [[""A"" 3]] [[""A"" 3]] [[""A"" 3]] [[""A"" 3]] [[""A"" 3]] [[""A"" 3]] [[""A"" 3]] [[""A"" 3]] [[""A"" 3]] [[""A"" 3]] [[""A"" 3]] [[""A"" 3]] [[""A"" 3]] [[""A"" 3]] [[""A"" 3]] [[""A"" 3]] [[""A"" 3]] [[""A"" 3]] [[""A"" 3]] [[""A"" 3]] [[""A"" 3]] [[""A"" 3]] [[""A"" 3]] [[""A"" 3]] [[""A"" 3]] [[""A"" 3]] [[""A"" 3]] [[""A"" 3]] [[""A"" 3]] [[""A"" 3]] [[""A"" 3]] [[""A"" 3]] [[""A"" 3]] [[""A"" 3]] [[""A"" 3]] [[""A"" 3]] [[""A"" 3]] [[""A"" 3]] [[""A"" 3]] [[""A"" 3]] [[""A"" 3]] [[""A"" 3]]]] [46 [[[""A"" 3]] [[""A"" 3]] [[""A"" 3]] [[""A"" 3]] [[""A"" 3]] [[""A"" 3]] [[""A"" 3]] [[""A"" 3]] [[""A"" 3]] [[""A"" 3]] [[""A"" 3]] [[""A"" 3]] [[""A"" 3]] [[""A"" 3]] [[""A"" 3]] [[""A"" 3]] [[""A"" 3]] [[""A"" 3]] [[""A"" 3]] [[""A"" 3]] [[""A"" 3]] [[""A"" 3]] [[""A"" 3]] [[""A"" 3]] [[""A"" 3]] [[""A"" 3]] [[""A"" 3]] [[""A"" 3]] [[""A"" 3]] [[""A"" 3]] [[""A"" 3]] [[""A"" 3]] [[""A"" 3]] [[""A"" 3]] [[""A"" 3]] [[""A"" 3]] [[""A"" 3]] [[""A"" 3]] [[""A"" 3]] [[""A"" 3]] [[""A"" 3]] [[""A"" 3]] [[""A"" 3]] [[""A"" 3]] [[""A"" 3]] [[""A"" 3]] [[""A"" 3]] [[""A"" 3]] [[""A"" 3]] [[""A"" 3]]]] [47 [[[""A"" 3]] [[""A"" 3]] [[""A"" 3]] [[""A"" 3]] [[""A"" 3]] [[""A"" 3]] [[""A"" 3]] [[""A"" 3]] [[""A"" 3]] [[""A"" 3]] [[""A"" 3]] [[""A"" 3]] [[""A"" 3]] [[""A"" 3]] [[""A"" 3]] [[""A"" 3]] [[""A"" 3]] [[""A"" 3]] [[""A"" 3]] [[""A"" 3]] [[""A"" 3]] [[""A"" 3]] [[""A"" 3]] [[""A"" 3]] [[""A"" 3]] [[""A"" 3]] [[""A"" 3]] [[""A"" 3]] [[""A"" 3]] [[""A"" 3]] [[""A"" 3]] [[""A"" 3]] [[""A"" 3]] [[""A"" 3]] [[""A"" 3]] [[""A"" 3]] [[""A"" 3]] [[""A"" 3]] [[""A"" 3]] [[""A"" 3]] [[""A"" 3]] [[""A"" 3]] [[""A"" 3]] [[""A"" 3]] [[""A"" 3]] [[""A"" 3]] [[""A"" 3]] [[""A"" 3]] [[""A"" 3]] [[""A"" 3]]]] [48 [[[""A"" 3]] [[""A"" 3]] [[""A"" 3]] [[""A"" 3]] [[""A"" 3]] [[""A"" 3]] [[""A"" 3]] [[""A"" 3]] [[""A"" 3]] [[""A"" 3]] [[""A"" 3]] [[""A"" 3]] [[""A"" 3]] [[""A"" 3]] [[""A"" 3]] [[""A"" 3]] [[""A"" 3]] [[""A"" 3]] [[""A"" 3]] [[""A"" 3]] [[""A"" 3]] [[""A"" 3]] [[""A"" 3]] [[""A"" 3]] [[""A"" 3]] [[""A"" 3]] [[""A"" 3]] [[""A"" 3]] [[""A"" 3]] [[""A"" 3]] [[""A"" 3]] [[""A"" 3]] [[""A"" 3]] [[""A"" 3]] [[""A"" 3]] [[""A"" 3]] [[""A"" 3]] [[""A"" 3]] [[""A"" 3]] [[""A"" 3]] [[""A"" 3]] [[""A"" 3]] [[""A"" 3]] [[""A"" 3]] [[""A"" 3]] [[""A"" 3]] [[""A"" 3]] [[""A"" 3]] [[""A"" 3]] [[""A"" 3]]]] [49 [[[""A"" 3]] [[""A"" 3]] [[""A"" 3]] [[""A"" 3]] [[""A"" 3]] [[""A"" 3]] [[""A"" 3]] [[""A"" 3]] [[""A"" 3]] [[""A"" 3]] [[""A"" 3]] [[""A"" 3]] [[""A"" 3]] [[""A"" 3]] [[""A"" 3]] [[""A"" 3]] [[""A"" 3]] [[""A"" 3]] [[""A"" 3]] [[""A"" 3]] [[""A"" 3]] [[""A"" 3]] [[""A"" 3]] [[""A"" 3]] [[""A"" 3]] [[""A"" 3]] [[""A"" 3]] [[""A"" 3]] [[""A"" 3]] [[""A"" 3]] [[""A"" 3]] [[""A"" 3]] [[""A"" 3]] [[""A"" 3]] [[""A"" 3]] [[""A"" 3]] [[""A"" 3]] [[""A"" 3]] [[""A"" 3]] [[""A"" 3]] [[""A"" 3]] [[""A"" 3]] [[""A"" 3]] [[""A"" 3]] [[""A"" 3]] [[""A"" 3]] [[""A"" 3]] [[""A"" 3]] [[""A"" 3]] [[""A"" 3]]]] [50 [[[""A"" 3]] [[""A"" 3]] [[""A"" 3]] [[""A"" 3]] [[""A"" 3]] [[""A"" 3]] [[""A"" 3]] [[""A"" 3]] [[""A"" 3]] [[""A"" 3]] [[""A"" 3]] [[""A"" 3]] [[""A"" 3]] [[""A"" 3]] [[""A"" 3]] [[""A"" 3]] [[""A"" 3]] [[""A"" 3]] [[""A"" 3]] [[""A"" 3]] [[""A"" 3]] [[""A"" 3]] [[""A"" 3]] [[""A"" 3]] [[""A"" 3]] [[""A"" 3]] [[""A"" 3]] [[""A"" 3]] [[""A"" 3]] [[""A"" 3]] [[""A"" 3]] [[""A"" 3]] [[""A"" 3]] [[""A"" 3]] [[""A"" 3]] [[""A"" 3]] [[""A"" 3]] [[""A"" 3]] [[""A"" 3]] [[""A"" 3]] [[""A"" 3]] [[""A"" 3]] [[""A"" 3]] [[""A"" 3]] [[""A"" 3]] [[""A"" 3]] [[""A"" 3]] [[""A"" 3]] [[""A"" 3]] [[""A"" 3]]]] [51 [[[""A"" 3]] [[""A"" 3]] [[""A"" 3]] [[""A"" 3]] [[""A"" 3]] [[""A"" 3]] [[""A"" 3]] [[""A"" 3]] [[""A"" 3]] [[""A"" 3]] [[""A"" 3]] [[""A"" 3]] [[""A"" 3]] [[""A"" 3]] [[""A"" 3]] [[""A"" 3]] [[""A"" 3]] [[""A"" 3]] [[""A"" 3]] [[""A"" 3]] [[""A"" 3]] [[""A"" 3]] [[""A"" 3]] [[""A"" 3]] [[""A"" 3]] [[""A"" 3]] [[""A"" 3]] [[""A"" 3]] [[""A"" 3]] [[""A"" 3]] [[""A"" 3]] [[""A"" 3]] [[""A"" 3]] [[""A"" 3]] [[""A"" 3]] [[""A"" 3]] [[""A"" 3]] [[""A"" 3]] [[""A"" 3]] [[""A"" 3]] [[""A"" 3]] [[""A"" 3]] [[""A"" 3]] [[""A"" 3]] [[""A"" 3]] [[""A"" 3]] [[""A"" 3]] [[""A"" 3]] [[""A"" 3]] [[""A"" 3]]]] [52 [[[""A"" 3]] [[""A"" 3]] [[""A"" 3]] [[""A"" 3]] [[""A"" 3]] [[""A"" 3]] [[""A"" 3]] [[""A"" 3]] [[""A"" 3]] [[""A"" 3]] [[""A"" 3]] [[""A"" 3]] [[""A"" 3]] [[""A"" 3]] [[""A"" 3]] [[""A"" 3]] [[""A"" 3]] [[""A"" 3]] [[""A"" 3]] [[""A"" 3]] [[""A"" 3]] [[""A"" 3]] [[""A"" 3]] [[""A"" 3]] [[""A"" 3]] [[""A"" 3]] [[""A"" 3]] [[""A"" 3]] [[""A"" 3]] [[""A"" 3]] [[""A"" 3]] [[""A"" 3]] [[""A"" 3]] [[""A"" 3]] [[""A"" 3]] [[""A"" 3]] [[""A"" 3]] [[""A"" 3]] [[""A"" 3]] [[""A"" 3]] [[""A"" 3]] [[""A"" 3]] [[""A"" 3]] [[""A"" 3]] [[""A"" 3]] [[""A"" 3]] [[""A"" 3]] [[""A"" 3]] [[""A"" 3]] [[""A"" 3]]]] [53 [[[""A"" 3]] [[""A"" 3]] [[""A"" 3]] [[""A"" 3]] [[""A"" 3]] [[""A"" 3]] [[""A"" 3]] [[""A"" 3]] [[""A"" 3]] [[""A"" 3]] [[""A"" 3]] [[""A"" 3]] [[""A"" 3]] [[""A"" 3]] [[""A"" 3]] [[""A"" 3]] [[""A"" 3]] [[""A"" 3]] [[""A"" 3]] [[""A"" 3]] [[""A"" 3]] [[""A"" 3]] [[""A"" 3]] [[""A"" 3]] [[""A"" 3]] [[""A"" 3]] [[""A"" 3]] [[""A"" 3]] [[""A"" 3]] [[""A"" 3]] [[""A"" 3]] [[""A"" 3]] [[""A"" 3]] [[""A"" 3]] [[""A"" 3]] [[""A"" 3]] [[""A"" 3]] [[""A"" 3]] [[""A"" 3]] [[""A"" 3]] [[""A"" 3]] [[""A"" 3]] [[""A"" 3]] [[""A"" 3]] [[""A"" 3]] [[""A"" 3]] [[""A"" 3]] [[""A"" 3]] [[""A"" 3]] [[""A"" 3]]]] [54 [[[""A"" 3]] [[""A"" 3]] [[""A"" 3]] [[""A"" 3]] [[""A"" 3]] [[""A"" 3]] [[""A"" 3]] [[""A"" 3]] [[""A"" 3]] [[""A"" 3]] [[""A"" 3]] [[""A"" 3]] [[""A"" 3]] [[""A"" 3]] [[""A"" 3]] [[""A"" 3]] [[""A"" 3]] [[""A"" 3]] [[""A"" 3]] [[""A"" 3]] [[""A"" 3]] [[""A"" 3]] [[""A"" 3]] [[""A"" 3]] [[""A"" 3]] [[""A"" 3]] [[""A"" 3]] [[""A"" 3]] [[""A"" 3]] [[""A"" 3]] [[""A"" 3]] [[""A"" 3]] [[""A"" 3]] [[""A"" 3]] [[""A"" 3]] [[""A"" 3]] [[""A"" 3]] [[""A"" 3]] [[""A"" 3]] [[""A"" 3]] [[""A"" 3]] [[""A"" 3]] [[""A"" 3]] [[""A"" 3]] [[""A"" 3]] [[""A"" 3]] [[""A"" 3]] [[""A"" 3]] [[""A"" 3]] [[""A"" 3]]]] [55 [[[""A"" 3]] [[""A"" 3]] [[""A"" 3]] [[""A"" 3]] [[""A"" 3]] [[""A"" 3]] [[""A"" 3]] [[""A"" 3]] [[""A"" 3]] [[""A"" 3]] [[""A"" 3]] [[""A"" 3]] [[""A"" 3]] [[""A"" 3]] [[""A"" 3]] [[""A"" 3]] [[""A"" 3]] [[""A"" 3]] [[""A"" 3]] [[""A"" 3]] [[""A"" 3]] [[""A"" 3]] [[""A"" 3]] [[""A"" 3]] [[""A"" 3]] [[""A"" 3]] [[""A"" 3]] [[""A"" 3]] [[""A"" 3]] [[""A"" 3]] [[""A"" 3]] [[""A"" 3]] [[""A"" 3]] [[""A"" 3]] [[""A"" 3]] [[""A"" 3]] [[""A"" 3]] [[""A"" 3]] [[""A"" 3]] [[""A"" 3]] [[""A"" 3]] [[""A"" 3]] [[""A"" 3]] [[""A"" 3]] [[""A"" 3]] [[""A"" 3]] [[""A"" 3]] [[""A"" 3]] [[""A"" 3]] [[""A"" 3]]]] [56 [[[""A"" 3]] [[""A"" 3]] [[""A"" 3]] [[""A"" 3]] [[""A"" 3]] [[""A"" 3]] [[""A"" 3]] [[""A"" 3]] [[""A"" 3]] [[""A"" 3]] [[""A"" 3]] [[""A"" 3]] [[""A"" 3]] [[""A"" 3]] [[""A"" 3]] [[""A"" 3]] [[""A"" 3]] [[""A"" 3]] [[""A"" 3]] [[""A"" 3]] [[""A"" 3]] [[""A"" 3]] [[""A"" 3]] [[""A"" 3]] [[""A"" 3]] [[""A"" 3]] [[""A"" 3]] [[""A"" 3]] [[""A"" 3]] [[""A"" 3]] [[""A"" 3]] [[""A"" 3]] [[""A"" 3]] [[""A"" 3]] [[""A"" 3]] [[""A"" 3]] [[""A"" 3]] [[""A"" 3]] [[""A"" 3]] [[""A"" 3]] [[""A"" 3]] [[""A"" 3]] [[""A"" 3]] [[""A"" 3]] [[""A"" 3]] [[""A"" 3]] [[""A"" 3]] [[""A"" 3]] [[""A"" 3]] [[""A"" 3]]]] [57 [[[""A"" 3]] [[""A"" 3]] [[""A"" 3]] [[""A"" 3]] [[""A"" 3]] [[""A"" 3]] [[""A"" 3]] [[""A"" 3]] [[""A"" 3]] [[""A"" 3]] [[""A"" 3]] [[""A"" 3]] [[""A"" 3]] [[""A"" 3]] [[""A"" 3]] [[""A"" 3]] [[""A"" 3]] [[""A"" 3]] [[""A"" 3]] [[""A"" 3]] [[""A"" 3]] [[""A"" 3]] [[""A"" 3]] [[""A"" 3]] [[""A"" 3]] [[""A"" 3]] [[""A"" 3]] [[""A"" 3]] [[""A"" 3]] [[""A"" 3]] [[""A"" 3]] [[""A"" 3]] [[""A"" 3]] [[""A"" 3]] [[""A"" 3]] [[""A"" 3]] [[""A"" 3]] [[""A"" 3]] [[""A"" 3]] [[""A"" 3]] [[""A"" 3]] [[""A"" 3]] [[""A"" 3]] [[""A"" 3]] [[""A"" 3]] [[""A"" 3]] [[""A"" 3]] [[""A"" 3]] [[""A"" 3]] [[""A"" 3]]]] [58 [[[""A"" 3]] [[""A"" 3]] [[""A"" 3]] [[""A"" 3]] [[""A"" 3]] [[""A"" 3]] [[""A"" 3]] [[""A"" 3]] [[""A"" 3]] [[""A"" 3]] [[""A"" 3]] [[""A"" 3]] [[""A"" 3]] [[""A"" 3]] [[""A"" 3]] [[""A"" 3]] [[""A"" 3]] [[""A"" 3]] [[""A"" 3]] [[""A"" 3]] [[""A"" 3]] [[""A"" 3]] [[""A"" 3]] [[""A"" 3]] [[""A"" 3]] [[""A"" 3]] [[""A"" 3]] [[""A"" 3]] [[""A"" 3]] [[""A"" 3]] [[""A"" 3]] [[""A"" 3]] [[""A"" 3]] [[""A"" 3]] [[""A"" 3]] [[""A"" 3]] [[""A"" 3]] [[""A"" 3]] [[""A"" 3]] [[""A"" 3]] [[""A"" 3]] [[""A"" 3]] [[""A"" 3]] [[""A"" 3]] [[""A"" 3]] [[""A"" 3]] [[""A"" 3]] [[""A"" 3]] [[""A"" 3]] [[""A"" 3]]]] [59 [[[""A"" 3]] [[""A"" 3]] [[""A"" 3]] [[""A"" 3]] [[""A"" 3]] [[""A"" 3]] [[""A"" 3]] [[""A"" 3]] [[""A"" 3]] [[""A"" 3]] [[""A"" 3]] [[""A"" 3]] [[""A"" 3]] [[""A"" 3]] [[""A"" 3]] [[""A"" 3]] [[""A"" 3]] [[""A"" 3]] [[""A"" 3]] [[""A"" 3]] [[""A"" 3]] [[""A"" 3]] [[""A"" 3]] [[""A"" 3]] [[""A"" 3]] [[""A"" 3]] [[""A"" 3]] [[""A"" 3]] [[""A"" 3]] [[""A"" 3]] [[""A"" 3]] [[""A"" 3]] [[""A"" 3]] [[""A"" 3]] [[""A"" 3]] [[""A"" 3]] [[""A"" 3]] [[""A"" 3]] [[""A"" 3]] [[""A"" 3]] [[""A"" 3]] [[""A"" 3]] [[""A"" 3]] [[""A"" 3]] [[""A"" 3]] [[""A"" 3]] [[""A"" 3]] [[""A"" 3]] [[""A"" 3]] [[""A"" 3]]]] [60 [[[""A"" 3]] [[""A"" 3]] [[""A"" 3]] [[""A"" 3]] [[""A"" 3]] [[""A"" 3]] [[""A"" 3]] [[""A"" 3]] [[""A"" 3]] [[""A"" 3]] [[""A"" 3]] [[""A"" 3]] [[""A"" 3]] [[""A"" 3]] [[""A"" 3]] [[""A"" 3]] [[""A"" 3]] [[""A"" 3]] [[""A"" 3]] [[""A"" 3]] [[""A"" 3]] [[""A"" 3]] [[""A"" 3]] [[""A"" 3]] [[""A"" 3]] [[""A"" 3]] [[""A"" 3]] [[""A"" 3]] [[""A"" 3]] [[""A"" 3]] [[""A"" 3]] [[""A"" 3]] [[""A"" 3]] [[""A"" 3]] [[""A"" 3]] [[""A"" 3]] [[""A"" 3]] [[""A"" 3]] [[""A"" 3]] [[""A"" 3]] [[""A"" 3]] [[""A"" 3]] [[""A"" 3]] [[""A"" 3]] [[""A"" 3]] [[""A"" 3]] [[""A"" 3]] [[""A"" 3]] [[""A"" 3]] [[""A"" 3]]]] [61 [[[""A"" 3]] [[""A"" 3]] [[""A"" 3]] [[""A"" 3]] [[""A"" 3]] [[""A"" 3]] [[""A"" 3]] [[""A"" 3]] [[""A"" 3]] [[""A"" 3]] [[""A"" 3]] [[""A"" 3]] [[""A"" 3]] [[""A"" 3]] [[""A"" 3]] [[""A"" 3]] [[""A"" 3]] [[""A"" 3]] [[""A"" 3]] [[""A"" 3]] [[""A"" 3]] [[""A"" 3]] [[""A"" 3]] [[""A"" 3]] [[""A"" 3]] [[""A"" 3]] [[""A"" 3]] [[""A"" 3]] [[""A"" 3]] [[""A"" 3]] [[""A"" 3]] [[""A"" 3]] [[""A"" 3]] [[""A"" 3]] [[""A"" 3]] [[""A"" 3]] [[""A"" 3]] [[""A"" 3]] [[""A"" 3]] [[""A"" 3]] [[""A"" 3]] [[""A"" 3]] [[""A"" 3]] [[""A"" 3]] [[""A"" 3]] [[""A"" 3]] [[""A"" 3]] [[""A"" 3]] [[""A"" 3]] [[""A"" 3]]]] [62 [[[""A"" 3]] [[""A"" 3]] [[""A"" 3]] [[""A"" 3]] [[""A"" 3]] [[""A"" 3]] [[""A"" 3]] [[""A"" 3]] [[""A"" 3]] [[""A"" 3]] [[""A"" 3]] [[""A"" 3]] [[""A"" 3]] [[""A"" 3]] [[""A"" 3]] [[""A"" 3]] [[""A"" 3]] [[""A"" 3]] [[""A"" 3]] [[""A"" 3]] [[""A"" 3]] [[""A"" 3]] [[""A"" 3]] [[""A"" 3]] [[""A"" 3]] [[""A"" 3]] [[""A"" 3]] [[""A"" 3]] [[""A"" 3]] [[""A"" 3]] [[""A"" 3]] [[""A"" 3]] [[""A"" 3]] [[""A"" 3]] [[""A"" 3]] [[""A"" 3]] [[""A"" 3]] [[""A"" 3]] [[""A"" 3]] [[""A"" 3]] [[""A"" 3]] [[""A"" 3]] [[""A"" 3]] [[""A"" 3]] [[""A"" 3]] [[""A"" 3]] [[""A"" 3]] [[""A"" 3]] [[""A"" 3]] [[""A"" 3]]]] [63 [[[""A"" 3]] [[""A"" 3]] [[""A"" 3]] [[""A"" 3]] [[""A"" 3]] [[""A"" 3]] [[""A"" 3]] [[""A"" 3]] [[""A"" 3]] [[""A"" 3]] [[""A"" 3]] [[""A"" 3]] [[""A"" 3]] [[""A"" 3]] [[""A"" 3]] [[""A"" 3]] [[""A"" 3]] [[""A"" 3]] [[""A"" 3]] [[""A"" 3]] [[""A"" 3]] [[""A"" 3]] [[""A"" 3]] [[""A"" 3]] [[""A"" 3]] [[""A"" 3]] [[""A"" 3]] [[""A"" 3]] [[""A"" 3]] [[""A"" 3]] [[""A"" 3]] [[""A"" 3]] [[""A"" 3]] [[""A"" 3]] [[""A"" 3]] [[""A"" 3]] [[""A"" 3]] [[""A"" 3]] [[""A"" 3]] [[""A"" 3]] [[""A"" 3]] [[""A"" 3]] [[""A"" 3]] [[""A"" 3]] [[""A"" 3]] [[""A"" 3]] [[""A"" 3]] [[""A"" 3]] [[""A"" 3]] [[""A"" 3]]]] [64 [[[""A"" 3]] [[""A"" 3]] [[""A"" 3]] [[""A"" 3]] [[""A"" 3]] [[""A"" 3]] [[""A"" 3]] [[""A"" 3]] [[""A"" 3]] [[""A"" 3]] [[""A"" 3]] [[""A"" 3]] [[""A"" 3]] [[""A"" 3]] [[""A"" 3]] [[""A"" 3]] [[""A"" 3]] [[""A"" 3]] [[""A"" 3]] [[""A"" 3]] [[""A"" 3]] [[""A"" 3]] [[""A"" 3]] [[""A"" 3]] [[""A"" 3]] [[""A"" 3]] [[""A"" 3]] [[""A"" 3]] [[""A"" 3]] [[""A"" 3]] [[""A"" 3]] [[""A"" 3]] [[""A"" 3]] [[""A"" 3]] [[""A"" 3]] [[""A"" 3]] [[""A"" 3]] [[""A"" 3]] [[""A"" 3]] [[""A"" 3]] [[""A"" 3]] [[""A"" 3]] [[""A"" 3]] [[""A"" 3]] [[""A"" 3]] [[""A"" 3]] [[""A"" 3]] [[""A"" 3]] [[""A"" 3]] [[""A"" 3]]]] [65 [[[""A"" 3]] [[""A"" 3]] [[""A"" 3]] [[""A"" 3]] [[""A"" 3]] [[""A"" 3]] [[""A"" 3]] [[""A"" 3]] [[""A"" 3]] [[""A"" 3]] [[""A"" 3]] [[""A"" 3]] [[""A"" 3]] [[""A"" 3]] [[""A"" 3]] [[""A"" 3]] [[""A"" 3]] [[""A"" 3]] [[""A"" 3]] [[""A"" 3]] [[""A"" 3]] [[""A"" 3]] [[""A"" 3]] [[""A"" 3]] [[""A"" 3]] [[""A"" 3]] [[""A"" 3]] [[""A"" 3]] [[""A"" 3]] [[""A"" 3]] [[""A"" 3]] [[""A"" 3]] [[""A"" 3]] [[""A"" 3]] [[""A"" 3]] [[""A"" 3]] [[""A"" 3]] [[""A"" 3]] [[""A"" 3]] [[""A"" 3]] [[""A"" 3]] [[""A"" 3]] [[""A"" 3]] [[""A"" 3]] [[""A"" 3]] [[""A"" 3]] [[""A"" 3]] [[""A"" 3]] [[""A"" 3]] [[""A"" 3]]]] [66 [[[""A"" 3]] [[""A"" 3]] [[""A"" 3]] [[""A"" 3]] [[""A"" 3]] [[""A"" 3]] [[""A"" 3]] [[""A"" 3]] [[""A"" 3]] [[""A"" 3]] [[""A"" 3]] [[""A"" 3]] [[""A"" 3]] [[""A"" 3]] [[""A"" 3]] [[""A"" 3]] [[""A"" 3]] [[""A"" 3]] [[""A"" 3]] [[""A"" 3]] [[""A"" 3]] [[""A"" 3]] [[""A"" 3]] [[""A"" 3]] [[""A"" 3]] [[""A"" 3]] [[""A"" 3]] [[""A"" 3]] [[""A"" 3]] [[""A"" 3]] [[""A"" 3]] [[""A"" 3]] [[""A"" 3]] [[""A"" 3]] [[""A"" 3]] [[""A"" 3]] [[""A"" 3]] [[""A"" 3]] [[""A"" 3]] [[""A"" 3]] [[""A"" 3]] [[""A"" 3]] [[""A"" 3]] [[""A"" 3]] [[""A"" 3]] [[""A"" 3]] [[""A"" 3]] [[""A"" 3]] [[""A"" 3]] [[""A"" 3]]]] [67 [[[""A"" 3]] [[""A"" 3]] [[""A"" 3]] [[""A"" 3]] [[""A"" 3]] [[""A"" 3]] [[""A"" 3]] [[""A"" 3]] [[""A"" 3]] [[""A"" 3]] [[""A"" 3]] [[""A"" 3]] [[""A"" 3]] [[""A"" 3]] [[""A"" 3]] [[""A"" 3]] [[""A"" 3]] [[""A"" 3]] [[""A"" 3]] [[""A"" 3]] [[""A"" 3]] [[""A"" 3]] [[""A"" 3]] [[""A"" 3]] [[""A"" 3]] [[""A"" 3]] [[""A"" 3]] [[""A"" 3]] [[""A"" 3]] [[""A"" 3]] [[""A"" 3]] [[""A"" 3]] [[""A"" 3]] [[""A"" 3]] [[""A"" 3]] [[""A"" 3]] [[""A"" 3]] [[""A"" 3]] [[""A"" 3]] [[""A"" 3]] [[""A"" 3]] [[""A"" 3]] [[""A"" 3]] [[""A"" 3]] [[""A"" 3]] [[""A"" 3]] [[""A"" 3]] [[""A"" 3]] [[""A"" 3]] [[""A"" 3]]]] [68 [[[""A"" 3]] [[""A"" 3]] [[""A"" 3]] [[""A"" 3]] [[""A"" 3]] [[""A"" 3]] [[""A"" 3]] [[""A"" 3]] [[""A"" 3]] [[""A"" 3]] [[""A"" 3]] [[""A"" 3]] [[""A"" 3]] [[""A"" 3]] [[""A"" 3]] [[""A"" 3]] [[""A"" 3]] [[""A"" 3]] [[""A"" 3]] [[""A"" 3]] [[""A"" 3]] [[""A"" 3]] [[""A"" 3]] [[""A"" 3]] [[""A"" 3]] [[""A"" 3]] [[""A"" 3]] [[""A"" 3]] [[""A"" 3]] [[""A"" 3]] [[""A"" 3]] [[""A"" 3]] [[""A"" 3]] [[""A"" 3]] [[""A"" 3]] [[""A"" 3]] [[""A"" 3]] [[""A"" 3]] [[""A"" 3]] [[""A"" 3]] [[""A"" 3]] [[""A"" 3]] [[""A"" 3]] [[""A"" 3]] [[""A"" 3]] [[""A"" 3]] [[""A"" 3]] [[""A"" 3]] [[""A"" 3]] [[""A"" 3]]]] [69 [[[""A"" 3]] [[""A"" 3]] [[""A"" 3]] [[""A"" 3]] [[""A"" 3]] [[""A"" 3]] [[""A"" 3]] [[""A"" 3]] [[""A"" 3]] [[""A"" 3]] [[""A"" 3]] [[""A"" 3]] [[""A"" 3]] [[""A"" 3]] [[""A"" 3]] [[""A"" 3]] [[""A"" 3]] [[""A"" 3]] [[""A"" 3]] [[""A"" 3]] [[""A"" 3]] [[""A"" 3]] [[""A"" 3]] [[""A"" 3]] [[""A"" 3]] [[""A"" 3]] [[""A"" 3]] [[""A"" 3]] [[""A"" 3]] [[""A"" 3]] [[""A"" 3]] [[""A"" 3]] [[""A"" 3]] [[""A"" 3]] [[""A"" 3]] [[""A"" 3]] [[""A"" 3]] [[""A"" 3]] [[""A"" 3]] [[""A"" 3]] [[""A"" 3]] [[""A"" 3]] [[""A"" 3]] [[""A"" 3]] [[""A"" 3]] [[""A"" 3]] [[""A"" 3]] [[""A"" 3]] [[""A"" 3]] [[""A"" 3]]]] [70 [[[""A"" 3]] [[""A"" 3]] [[""A"" 3]] [[""A"" 3]] [[""A"" 3]] [[""A"" 3]] [[""A"" 3]] [[""A"" 3]] [[""A"" 3]] [[""A"" 3]] [[""A"" 3]] [[""A"" 3]] [[""A"" 3]] [[""A"" 3]] [[""A"" 3]] [[""A"" 3]] [[""A"" 3]] [[""A"" 3]] [[""A"" 3]] [[""A"" 3]] [[""A"" 3]] [[""A"" 3]] [[""A"" 3]] [[""A"" 3]] [[""A"" 3]] [[""A"" 3]] [[""A"" 3]] [[""A"" 3]] [[""A"" 3]] [[""A"" 3]] [[""A"" 3]] [[""A"" 3]] [[""A"" 3]] [[""A"" 3]] [[""A"" 3]] [[""A"" 3]] [[""A"" 3]] [[""A"" 3]] [[""A"" 3]] [[""A"" 3]] [[""A"" 3]] [[""A"" 3]] [[""A"" 3]] [[""A"" 3]] [[""A"" 3]] [[""A"" 3]] [[""A"" 3]] [[""A"" 3]] [[""A"" 3]] [[""A"" 3]]]] [71 [[[""A"" 3]] [[""A"" 3]] [[""A"" 3]] [[""A"" 3]] [[""A"" 3]] [[""A"" 3]] [[""A"" 3]] [[""A"" 3]] [[""A"" 3]] [[""A"" 3]] [[""A"" 3]] [[""A"" 3]] [[""A"" 3]] [[""A"" 3]] [[""A"" 3]] [[""A"" 3]] [[""A"" 3]] [[""A"" 3]] [[""A"" 3]] [[""A"" 3]] [[""A"" 3]] [[""A"" 3]] [[""A"" 3]] [[""A"" 3]] [[""A"" 3]] [[""A"" 3]] [[""A"" 3]] [[""A"" 3]] [[""A"" 3]] [[""A"" 3]] [[""A"" 3]] [[""A"" 3]] [[""A"" 3]] [[""A"" 3]] [[""A"" 3]] [[""A"" 3]] [[""A"" 3]] [[""A"" 3]] [[""A"" 3]] [[""A"" 3]] [[""A"" 3]] [[""A"" 3]] [[""A"" 3]] [[""A"" 3]] [[""A"" 3]] [[""A"" 3]] [[""A"" 3]] [[""A"" 3]] [[""A"" 3]] [[""A"" 3]]]] [72 [[[""A"" 3]] [[""A"" 3]] [[""A"" 3]] [[""A"" 3]] [[""A"" 3]] [[""A"" 3]] [[""A"" 3]] [[""A"" 3]] [[""A"" 3]] [[""A"" 3]] [[""A"" 3]] [[""A"" 3]] [[""A"" 3]] [[""A"" 3]] [[""A"" 3]] [[""A"" 3]] [[""A"" 3]] [[""A"" 3]] [[""A"" 3]] [[""A"" 3]] [[""A"" 3]] [[""A"" 3]] [[""A"" 3]] [[""A"" 3]] [[""A"" 3]] [[""A"" 3]] [[""A"" 3]] [[""A"" 3]] [[""A"" 3]] [[""A"" 3]] [[""A"" 3]] [[""A"" 3]] [[""A"" 3]] [[""A"" 3]] [[""A"" 3]] [[""A"" 3]] [[""A"" 3]] [[""A"" 3]] [[""A"" 3]] [[""A"" 3]] [[""A"" 3]] [[""A"" 3]] [[""A"" 3]] [[""A"" 3]] [[""A"" 3]] [[""A"" 3]] [[""A"" 3]] [[""A"" 3]] [[""A"" 3]] [[""A"" 3]]]] [73 [[[""A"" 3]] [[""A"" 3]] [[""A"" 3]] [[""A"" 3]] [[""A"" 3]] [[""A"" 3]] [[""A"" 3]] [[""A"" 3]] [[""A"" 3]] [[""A"" 3]] [[""A"" 3]] [[""A"" 3]] [[""A"" 3]] [[""A"" 3]] [[""A"" 3]] [[""A"" 3]] [[""A"" 3]] [[""A"" 3]] [[""A"" 3]] [[""A"" 3]] [[""A"" 3]] [[""A"" 3]] [[""A"" 3]] [[""A"" 3]] [[""A"" 3]] [[""A"" 3]] [[""A"" 3]] [[""A"" 3]] [[""A"" 3]] [[""A"" 3]] [[""A"" 3]] [[""A"" 3]] [[""A"" 3]] [[""A"" 3]] [[""A"" 3]] [[""A"" 3]] [[""A"" 3]] [[""A"" 3]] [[""A"" 3]] [[""A"" 3]] [[""A"" 3]] [[""A"" 3]] [[""A"" 3]] [[""A"" 3]] [[""A"" 3]] [[""A"" 3]] [[""A"" 3]] [[""A"" 3]] [[""A"" 3]] [[""A"" 3]]]] [74 [[[""A"" 3]] [[""A"" 3]] [[""A"" 3]] [[""A"" 3]] [[""A"" 3]] [[""A"" 3]] [[""A"" 3]] [[""A"" 3]] [[""A"" 3]] [[""A"" 3]] [[""A"" 3]] [[""A"" 3]] [[""A"" 3]] [[""A"" 3]] [[""A"" 3]] [[""A"" 3]] [[""A"" 3]] [[""A"" 3]] [[""A"" 3]] [[""A"" 3]] [[""A"" 3]] [[""A"" 3]] [[""A"" 3]] [[""A"" 3]] [[""A"" 3]] [[""A"" 3]] [[""A"" 3]] [[""A"" 3]] [[""A"" 3]] [[""A"" 3]] [[""A"" 3]] [[""A"" 3]] [[""A"" 3]] [[""A"" 3]] [[""A"" 3]] [[""A"" 3]] [[""A"" 3]] [[""A"" 3]] [[""A"" 3]] [[""A"" 3]] [[""A"" 3]] [[""A"" 3]] [[""A"" 3]] [[""A"" 3]] [[""A"" 3]] [[""A"" 3]] [[""A"" 3]] [[""A"" 3]] [[""A"" 3]] [[""A"" 3]]]] [75 [[[""A"" 3]] [[""A"" 3]] [[""A"" 3]] [[""A"" 3]] [[""A"" 3]] [[""A"" 3]] [[""A"" 3]] [[""A"" 3]] [[""A"" 3]] [[""A"" 3]] [[""A"" 3]] [[""A"" 3]] [[""A"" 3]] [[""A"" 3]] [[""A"" 3]] [[""A"" 3]] [[""A"" 3]] [[""A"" 3]] [[""A"" 3]] [[""A"" 3]] [[""A"" 3]] [[""A"" 3]] [[""A"" 3]] [[""A"" 3]] [[""A"" 3]] [[""A"" 3]] [[""A"" 3]] [[""A"" 3]] [[""A"" 3]] [[""A"" 3]] [[""A"" 3]] [[""A"" 3]] [[""A"" 3]] [[""A"" 3]] [[""A"" 3]] [[""A"" 3]] [[""A"" 3]] [[""A"" 3]] [[""A"" 3]] [[""A"" 3]] [[""A"" 3]] [[""A"" 3]] [[""A"" 3]] [[""A"" 3]] [[""A"" 3]] [[""A"" 3]] [[""A"" 3]] [[""A"" 3]] [[""A"" 3]] [[""A"" 3]]]] [76 [[[""A"" 3]] [[""A"" 3]] [[""A"" 3]] [[""A"" 3]] [[""A"" 3]] [[""A"" 3]] [[""A"" 3]] [[""A"" 3]] [[""A"" 3]] [[""A"" 3]] [[""A"" 3]] [[""A"" 3]] [[""A"" 3]] [[""A"" 3]] [[""A"" 3]] [[""A"" 3]] [[""A"" 3]] [[""A"" 3]] [[""A"" 3]] [[""A"" 3]] [[""A"" 3]] [[""A"" 3]] [[""A"" 3]] [[""A"" 3]] [[""A"" 3]] [[""A"" 3]] [[""A"" 3]] [[""A"" 3]] [[""A"" 3]] [[""A"" 3]] [[""A"" 3]] [[""A"" 3]] [[""A"" 3]] [[""A"" 3]] [[""A"" 3]] [[""A"" 3]] [[""A"" 3]] [[""A"" 3]] [[""A"" 3]] [[""A"" 3]] [[""A"" 3]] [[""A"" 3]] [[""A"" 3]] [[""A"" 3]] [[""A"" 3]] [[""A"" 3]] [[""A"" 3]] [[""A"" 3]] [[""A"" 3]] [[""A"" 3]]]] [77 [[[""A"" 3]] [[""A"" 3]] [[""A"" 3]] [[""A"" 3]] [[""A"" 3]] [[""A"" 3]] [[""A"" 3]] [[""A"" 3]] [[""A"" 3]] [[""A"" 3]] [[""A"" 3]] [[""A"" 3]] [[""A"" 3]] [[""A"" 3]] [[""A"" 3]] [[""A"" 3]] [[""A"" 3]] [[""A"" 3]] [[""A"" 3]] [[""A"" 3]] [[""A"" 3]] [[""A"" 3]] [[""A"" 3]] [[""A"" 3]] [[""A"" 3]] [[""A"" 3]] [[""A"" 3]] [[""A"" 3]] [[""A"" 3]] [[""A"" 3]] [[""A"" 3]] [[""A"" 3]] [[""A"" 3]] [[""A"" 3]] [[""A"" 3]] [[""A"" 3]] [[""A"" 3]] [[""A"" 3]] [[""A"" 3]] [[""A"" 3]] [[""A"" 3]] [[""A"" 3]] [[""A"" 3]] [[""A"" 3]] [[""A"" 3]] [[""A"" 3]] [[""A"" 3]] [[""A"" 3]] [[""A"" 3]] [[""A"" 3]]]] [78 [[[""A"" 3]] [[""A"" 3]] [[""A"" 3]] [[""A"" 3]] [[""A"" 3]] [[""A"" 3]] [[""A"" 3]] [[""A"" 3]] [[""A"" 3]] [[""A"" 3]] [[""A"" 3]] [[""A"" 3]] [[""A"" 3]] [[""A"" 3]] [[""A"" 3]] [[""A"" 3]] [[""A"" 3]] [[""A"" 3]] [[""A"" 3]] [[""A"" 3]] [[""A"" 3]] [[""A"" 3]] [[""A"" 3]] [[""A"" 3]] [[""A"" 3]] [[""A"" 3]] [[""A"" 3]] [[""A"" 3]] [[""A"" 3]] [[""A"" 3]] [[""A"" 3]] [[""A"" 3]] [[""A"" 3]] [[""A"" 3]] [[""A"" 3]] [[""A"" 3]] [[""A"" 3]] [[""A"" 3]] [[""A"" 3]] [[""A"" 3]] [[""A"" 3]] [[""A"" 3]] [[""A"" 3]] [[""A"" 3]] [[""A"" 3]] [[""A"" 3]] [[""A"" 3]] [[""A"" 3]] [[""A"" 3]] [[""A"" 3]]]] [79 [[[""A"" 3]] [[""A"" 3]] [[""A"" 3]] [[""A"" 3]] [[""A"" 3]] [[""A"" 3]] [[""A"" 3]] [[""A"" 3]] [[""A"" 3]] [[""A"" 3]] [[""A"" 3]] [[""A"" 3]] [[""A"" 3]] [[""A"" 3]] [[""A"" 3]] [[""A"" 3]] [[""A"" 3]] [[""A"" 3]] [[""A"" 3]] [[""A"" 3]] [[""A"" 3]] [[""A"" 3]] [[""A"" 3]] [[""A"" 3]] [[""A"" 3]] [[""A"" 3]] [[""A"" 3]] [[""A"" 3]] [[""A"" 3]] [[""A"" 3]] [[""A"" 3]] [[""A"" 3]] [[""A"" 3]] [[""A"" 3]] [[""A"" 3]] [[""A"" 3]] [[""A"" 3]] [[""A"" 3]] [[""A"" 3]] [[""A"" 3]] [[""A"" 3]] [[""A"" 3]] [[""A"" 3]] [[""A"" 3]] [[""A"" 3]] [[""A"" 3]] [[""A"" 3]] [[""A"" 3]] [[""A"" 3]] [[""A"" 3]]]] [80 [[[""A"" 3]] [[""A"" 3]] [[""A"" 3]] [[""A"" 3]] [[""A"" 3]] [[""A"" 3]] [[""A"" 3]] [[""A"" 3]] [[""A"" 3]] [[""A"" 3]] [[""A"" 3]] [[""A"" 3]] [[""A"" 3]] [[""A"" 3]] [[""A"" 3]] [[""A"" 3]] [[""A"" 3]] [[""A"" 3]] [[""A"" 3]] [[""A"" 3]] [[""A"" 3]] [[""A"" 3]] [[""A"" 3]] [[""A"" 3]] [[""A"" 3]] [[""A"" 3]] [[""A"" 3]] [[""A"" 3]] [[""A"" 3]] [[""A"" 3]] [[""A"" 3]] [[""A"" 3]] [[""A"" 3]] [[""A"" 3]] [[""A"" 3]] [[""A"" 3]] [[""A"" 3]] [[""A"" 3]] [[""A"" 3]] [[""A"" 3]] [[""A"" 3]] [[""A"" 3]] [[""A"" 3]] [[""A"" 3]] [[""A"" 3]] [[""A"" 3]] [[""A"" 3]] [[""A"" 3]] [[""A"" 3]] [[""A"" 3]]]] [81 [[[""A"" 3]] [[""A"" 3]] [[""A"" 3]] [[""A"" 3]] [[""A"" 3]] [[""A"" 3]] [[""A"" 3]] [[""A"" 3]] [[""A"" 3]] [[""A"" 3]] [[""A"" 3]] [[""A"" 3]] [[""A"" 3]] [[""A"" 3]] [[""A"" 3]] [[""A"" 3]] [[""A"" 3]] [[""A"" 3]] [[""A"" 3]] [[""A"" 3]] [[""A"" 3]] [[""A"" 3]] [[""A"" 3]] [[""A"" 3]] [[""A"" 3]] [[""A"" 3]] [[""A"" 3]] [[""A"" 3]] [[""A"" 3]] [[""A"" 3]] [[""A"" 3]] [[""A"" 3]] [[""A"" 3]] [[""A"" 3]] [[""A"" 3]] [[""A"" 3]] [[""A"" 3]] [[""A"" 3]] [[""A"" 3]] [[""A"" 3]] [[""A"" 3]] [[""A"" 3]] [[""A"" 3]] [[""A"" 3]] [[""A"" 3]] [[""A"" 3]] [[""A"" 3]] [[""A"" 3]] [[""A"" 3]] [[""A"" 3]]]] [82 [[[""A"" 3]] [[""A"" 3]] [[""A"" 3]] [[""A"" 3]] [[""A"" 3]] [[""A"" 3]] [[""A"" 3]] [[""A"" 3]] [[""A"" 3]] [[""A"" 3]] [[""A"" 3]] [[""A"" 3]] [[""A"" 3]] [[""A"" 3]] [[""A"" 3]] [[""A"" 3]] [[""A"" 3]] [[""A"" 3]] [[""A"" 3]] [[""A"" 3]] [[""A"" 3]] [[""A"" 3]] [[""A"" 3]] [[""A"" 3]] [[""A"" 3]] [[""A"" 3]] [[""A"" 3]] [[""A"" 3]] [[""A"" 3]] [[""A"" 3]] [[""A"" 3]] [[""A"" 3]] [[""A"" 3]] [[""A"" 3]] [[""A"" 3]] [[""A"" 3]] [[""A"" 3]] [[""A"" 3]] [[""A"" 3]] [[""A"" 3]] [[""A"" 3]] [[""A"" 3]] [[""A"" 3]] [[""A"" 3]] [[""A"" 3]] [[""A"" 3]] [[""A"" 3]] [[""A"" 3]] [[""A"" 3]] [[""A"" 3]]]] [83 [[[""A"" 3]] [[""A"" 3]] [[""A"" 3]] [[""A"" 3]] [[""A"" 3]] [[""A"" 3]] [[""A"" 3]] [[""A"" 3]] [[""A"" 3]] [[""A"" 3]] [[""A"" 3]] [[""A"" 3]] [[""A"" 3]] [[""A"" 3]] [[""A"" 3]] [[""A"" 3]] [[""A"" 3]] [[""A"" 3]] [[""A"" 3]] [[""A"" 3]] [[""A"" 3]] [[""A"" 3]] [[""A"" 3]] [[""A"" 3]] [[""A"" 3]] [[""A"" 3]] [[""A"" 3]] [[""A"" 3]] [[""A"" 3]] [[""A"" 3]] [[""A"" 3]] [[""A"" 3]] [[""A"" 3]] [[""A"" 3]] [[""A"" 3]] [[""A"" 3]] [[""A"" 3]] [[""A"" 3]] [[""A"" 3]] [[""A"" 3]] [[""A"" 3]] [[""A"" 3]] [[""A"" 3]] [[""A"" 3]] [[""A"" 3]] [[""A"" 3]] [[""A"" 3]] [[""A"" 3]] [[""A"" 3]] [[""A"" 3]]]] [84 [[[""A"" 3]] [[""A"" 3]] [[""A"" 3]] [[""A"" 3]] [[""A"" 3]] [[""A"" 3]] [[""A"" 3]] [[""A"" 3]] [[""A"" 3]] [[""A"" 3]] [[""A"" 3]] [[""A"" 3]] [[""A"" 3]] [[""A"" 3]] [[""A"" 3]] [[""A"" 3]] [[""A"" 3]] [[""A"" 3]] [[""A"" 3]] [[""A"" 3]] [[""A"" 3]] [[""A"" 3]] [[""A"" 3]] [[""A"" 3]] [[""A"" 3]] [[""A"" 3]] [[""A"" 3]] [[""A"" 3]] [[""A"" 3]] [[""A"" 3]] [[""A"" 3]] [[""A"" 3]] [[""A"" 3]] [[""A"" 3]] [[""A"" 3]] [[""A"" 3]] [[""A"" 3]] [[""A"" 3]] [[""A"" 3]] [[""A"" 3]] [[""A"" 3]] [[""A"" 3]] [[""A"" 3]] [[""A"" 3]] [[""A"" 3]] [[""A"" 3]] [[""A"" 3]] [[""A"" 3]] [[""A"" 3]] [[""A"" 3]]]] [85 [[[""A"" 3]] [[""A"" 3]] [[""A"" 3]] [[""A"" 3]] [[""A"" 3]] [[""A"" 3]] [[""A"" 3]] [[""A"" 3]] [[""A"" 3]] [[""A"" 3]] [[""A"" 3]] [[""A"" 3]] [[""A"" 3]] [[""A"" 3]] [[""A"" 3]] [[""A"" 3]] [[""A"" 3]] [[""A"" 3]] [[""A"" 3]] [[""A"" 3]] [[""A"" 3]] [[""A"" 3]] [[""A"" 3]] [[""A"" 3]] [[""A"" 3]] [[""A"" 3]] [[""A"" 3]] [[""A"" 3]] [[""A"" 3]] [[""A"" 3]] [[""A"" 3]] [[""A"" 3]] [[""A"" 3]] [[""A"" 3]] [[""A"" 3]] [[""A"" 3]] [[""A"" 3]] [[""A"" 3]] [[""A"" 3]] [[""A"" 3]] [[""A"" 3]] [[""A"" 3]] [[""A"" 3]] [[""A"" 3]] [[""A"" 3]] [[""A"" 3]] [[""A"" 3]] [[""A"" 3]] [[""A"" 3]] [[""A"" 3]]]] [86 [[[""A"" 3]] [[""A"" 3]] [[""A"" 3]] [[""A"" 3]] [[""A"" 3]] [[""A"" 3]] [[""A"" 3]] [[""A"" 3]] [[""A"" 3]] [[""A"" 3]] [[""A"" 3]] [[""A"" 3]] [[""A"" 3]] [[""A"" 3]] [[""A"" 3]] [[""A"" 3]] [[""A"" 3]] [[""A"" 3]] [[""A"" 3]] [[""A"" 3]] [[""A"" 3]] [[""A"" 3]] [[""A"" 3]] [[""A"" 3]] [[""A"" 3]] [[""A"" 3]] [[""A"" 3]] [[""A"" 3]] [[""A"" 3]] [[""A"" 3]] [[""A"" 3]] [[""A"" 3]] [[""A"" 3]] [[""A"" 3]] [[""A"" 3]] [[""A"" 3]] [[""A"" 3]] [[""A"" 3]] [[""A"" 3]] [[""A"" 3]] [[""A"" 3]] [[""A"" 3]] [[""A"" 3]] [[""A"" 3]] [[""A"" 3]] [[""A"" 3]] [[""A"" 3]] [[""A"" 3]] [[""A"" 3]] [[""A"" 3]]]] [87 [[[""A"" 3]] [[""A"" 3]] [[""A"" 3]] [[""A"" 3]] [[""A"" 3]] [[""A"" 3]] [[""A"" 3]] [[""A"" 3]] [[""A"" 3]] [[""A"" 3]] [[""A"" 3]] [[""A"" 3]] [[""A"" 3]] [[""A"" 3]] [[""A"" 3]] [[""A"" 3]] [[""A"" 3]] [[""A"" 3]] [[""A"" 3]] [[""A"" 3]] [[""A"" 3]] [[""A"" 3]] [[""A"" 3]] [[""A"" 3]] [[""A"" 3]] [[""A"" 3]] [[""A"" 3]] [[""A"" 3]] [[""A"" 3]] [[""A"" 3]] [[""A"" 3]] [[""A"" 3]] [[""A"" 3]] [[""A"" 3]] [[""A"" 3]] [[""A"" 3]] [[""A"" 3]] [[""A"" 3]] [[""A"" 3]] [[""A"" 3]] [[""A"" 3]] [[""A"" 3]] [[""A"" 3]] [[""A"" 3]] [[""A"" 3]] [[""A"" 3]] [[""A"" 3]] [[""A"" 3]] [[""A"" 3]] [[""A"" 3]]]] [88 [[[""A"" 3]] [[""A"" 3]] [[""A"" 3]] [[""A"" 3]] [[""A"" 3]] [[""A"" 3]] [[""A"" 3]] [[""A"" 3]] [[""A"" 3]] [[""A"" 3]] [[""A"" 3]] [[""A"" 3]] [[""A"" 3]] [[""A"" 3]] [[""A"" 3]] [[""A"" 3]] [[""A"" 3]] [[""A"" 3]] [[""A"" 3]] [[""A"" 3]] [[""A"" 3]] [[""A"" 3]] [[""A"" 3]] [[""A"" 3]] [[""A"" 3]] [[""A"" 3]] [[""A"" 3]] [[""A"" 3]] [[""A"" 3]] [[""A"" 3]] [[""A"" 3]] [[""A"" 3]] [[""A"" 3]] [[""A"" 3]] [[""A"" 3]] [[""A"" 3]] [[""A"" 3]] [[""A"" 3]] [[""A"" 3]] [[""A"" 3]] [[""A"" 3]] [[""A"" 3]] [[""A"" 3]] [[""A"" 3]] [[""A"" 3]] [[""A"" 3]] [[""A"" 3]] [[""A"" 3]] [[""A"" 3]] [[""A"" 3]]]] [89 [[[""A"" 3]] [[""A"" 3]] [[""A"" 3]] [[""A"" 3]] [[""A"" 3]] [[""A"" 3]] [[""A"" 3]] [[""A"" 3]] [[""A"" 3]] [[""A"" 3]] [[""A"" 3]] [[""A"" 3]] [[""A"" 3]] [[""A"" 3]] [[""A"" 3]] [[""A"" 3]] [[""A"" 3]] [[""A"" 3]] [[""A"" 3]] [[""A"" 3]] [[""A"" 3]] [[""A"" 3]] [[""A"" 3]] [[""A"" 3]] [[""A"" 3]] [[""A"" 3]] [[""A"" 3]] [[""A"" 3]] [[""A"" 3]] [[""A"" 3]] [[""A"" 3]] [[""A"" 3]] [[""A"" 3]] [[""A"" 3]] [[""A"" 3]] [[""A"" 3]] [[""A"" 3]] [[""A"" 3]] [[""A"" 3]] [[""A"" 3]] [[""A"" 3]] [[""A"" 3]] [[""A"" 3]] [[""A"" 3]] [[""A"" 3]] [[""A"" 3]] [[""A"" 3]] [[""A"" 3]] [[""A"" 3]] [[""A"" 3]]]] [90 [[[""A"" 3]] [[""A"" 3]] [[""A"" 3]] [[""A"" 3]] [[""A"" 3]] [[""A"" 3]] [[""A"" 3]] [[""A"" 3]] [[""A"" 3]] [[""A"" 3]] [[""A"" 3]] [[""A"" 3]] [[""A"" 3]] [[""A"" 3]] [[""A"" 3]] [[""A"" 3]] [[""A"" 3]] [[""A"" 3]] [[""A"" 3]] [[""A"" 3]] [[""A"" 3]] [[""A"" 3]] [[""A"" 3]] [[""A"" 3]] [[""A"" 3]] [[""A"" 3]] [[""A"" 3]] [[""A"" 3]] [[""A"" 3]] [[""A"" 3]] [[""A"" 3]] [[""A"" 3]] [[""A"" 3]] [[""A"" 3]] [[""A"" 3]] [[""A"" 3]] [[""A"" 3]] [[""A"" 3]] [[""A"" 3]] [[""A"" 3]] [[""A"" 3]] [[""A"" 3]] [[""A"" 3]] [[""A"" 3]] [[""A"" 3]] [[""A"" 3]] [[""A"" 3]] [[""A"" 3]] [[""A"" 3]] [[""A"" 3]]]] [91 [[[""A"" 3]] [[""A"" 3]] [[""A"" 3]] [[""A"" 3]] [[""A"" 3]] [[""A"" 3]] [[""A"" 3]] [[""A"" 3]] [[""A"" 3]] [[""A"" 3]] [[""A"" 3]] [[""A"" 3]] [[""A"" 3]] [[""A"" 3]] [[""A"" 3]] [[""A"" 3]] [[""A"" 3]] [[""A"" 3]] [[""A"" 3]] [[""A"" 3]] [[""A"" 3]] [[""A"" 3]] [[""A"" 3]] [[""A"" 3]] [[""A"" 3]] [[""A"" 3]] [[""A"" 3]] [[""A"" 3]] [[""A"" 3]] [[""A"" 3]] [[""A"" 3]] [[""A"" 3]] [[""A"" 3]] [[""A"" 3]] [[""A"" 3]] [[""A"" 3]] [[""A"" 3]] [[""A"" 3]] [[""A"" 3]] [[""A"" 3]] [[""A"" 3]] [[""A"" 3]] [[""A"" 3]] [[""A"" 3]] [[""A"" 3]] [[""A"" 3]] [[""A"" 3]] [[""A"" 3]] [[""A"" 3]] [[""A"" 3]]]] [92 [[[""A"" 3]] [[""A"" 3]] [[""A"" 3]] [[""A"" 3]] [[""A"" 3]] [[""A"" 3]] [[""A"" 3]] [[""A"" 3]] [[""A"" 3]] [[""A"" 3]] [[""A"" 3]] [[""A"" 3]] [[""A"" 3]] [[""A"" 3]] [[""A"" 3]] [[""A"" 3]] [[""A"" 3]] [[""A"" 3]] [[""A"" 3]] [[""A"" 3]] [[""A"" 3]] [[""A"" 3]] [[""A"" 3]] [[""A"" 3]] [[""A"" 3]] [[""A"" 3]] [[""A"" 3]] [[""A"" 3]] [[""A"" 3]] [[""A"" 3]] [[""A"" 3]] [[""A"" 3]] [[""A"" 3]] [[""A"" 3]] [[""A"" 3]] [[""A"" 3]] [[""A"" 3]] [[""A"" 3]] [[""A"" 3]] [[""A"" 3]] [[""A"" 3]] [[""A"" 3]] [[""A"" 3]] [[""A"" 3]] [[""A"" 3]] [[""A"" 3]] [[""A"" 3]] [[""A"" 3]] [[""A"" 3]] [[""A"" 3]]]] [93 [[[""A"" 3]] [[""A"" 3]] [[""A"" 3]] [[""A"" 3]] [[""A"" 3]] [[""A"" 3]] [[""A"" 3]] [[""A"" 3]] [[""A"" 3]] [[""A"" 3]] [[""A"" 3]] [[""A"" 3]] [[""A"" 3]] [[""A"" 3]] [[""A"" 3]] [[""A"" 3]] [[""A"" 3]] [[""A"" 3]] [[""A"" 3]] [[""A"" 3]] [[""A"" 3]] [[""A"" 3]] [[""A"" 3]] [[""A"" 3]] [[""A"" 3]] [[""A"" 3]] [[""A"" 3]] [[""A"" 3]] [[""A"" 3]] [[""A"" 3]] [[""A"" 3]] [[""A"" 3]] [[""A"" 3]] [[""A"" 3]] [[""A"" 3]] [[""A"" 3]] [[""A"" 3]] [[""A"" 3]] [[""A"" 3]] [[""A"" 3]] [[""A"" 3]] [[""A"" 3]] [[""A"" 3]] [[""A"" 3]] [[""A"" 3]] [[""A"" 3]] [[""A"" 3]] [[""A"" 3]] [[""A"" 3]] [[""A"" 3]]]] [94 [[[""A"" 3]] [[""A"" 3]] [[""A"" 3]] [[""A"" 3]] [[""A"" 3]] [[""A"" 3]] [[""A"" 3]] [[""A"" 3]] [[""A"" 3]] [[""A"" 3]] [[""A"" 3]] [[""A"" 3]] [[""A"" 3]] [[""A"" 3]] [[""A"" 3]] [[""A"" 3]] [[""A"" 3]] [[""A"" 3]] [[""A"" 3]] [[""A"" 3]] [[""A"" 3]] [[""A"" 3]] [[""A"" 3]] [[""A"" 3]] [[""A"" 3]] [[""A"" 3]] [[""A"" 3]] [[""A"" 3]] [[""A"" 3]] [[""A"" 3]] [[""A"" 3]] [[""A"" 3]] [[""A"" 3]] [[""A"" 3]] [[""A"" 3]] [[""A"" 3]] [[""A"" 3]] [[""A"" 3]] [[""A"" 3]] [[""A"" 3]] [[""A"" 3]] [[""A"" 3]] [[""A"" 3]] [[""A"" 3]] [[""A"" 3]] [[""A"" 3]] [[""A"" 3]] [[""A"" 3]] [[""A"" 3]] [[""A"" 3]]]] [95 [[[""A"" 3]] [[""A"" 3]] [[""A"" 3]] [[""A"" 3]] [[""A"" 3]] [[""A"" 3]] [[""A"" 3]] [[""A"" 3]] [[""A"" 3]] [[""A"" 3]] [[""A"" 3]] [[""A"" 3]] [[""A"" 3]] [[""A"" 3]] [[""A"" 3]] [[""A"" 3]] [[""A"" 3]] [[""A"" 3]] [[""A"" 3]] [[""A"" 3]] [[""A"" 3]] [[""A"" 3]] [[""A"" 3]] [[""A"" 3]] [[""A"" 3]] [[""A"" 3]] [[""A"" 3]] [[""A"" 3]] [[""A"" 3]] [[""A"" 3]] [[""A"" 3]] [[""A"" 3]] [[""A"" 3]] [[""A"" 3]] [[""A"" 3]] [[""A"" 3]] [[""A"" 3]] [[""A"" 3]] [[""A"" 3]] [[""A"" 3]] [[""A"" 3]] [[""A"" 3]] [[""A"" 3]] [[""A"" 3]] [[""A"" 3]] [[""A"" 3]] [[""A"" 3]] [[""A"" 3]] [[""A"" 3]] [[""A"" 3]]]] [96 [[[""A"" 3]] [[""A"" 3]] [[""A"" 3]] [[""A"" 3]] [[""A"" 3]] [[""A"" 3]] [[""A"" 3]] [[""A"" 3]] [[""A"" 3]] [[""A"" 3]] [[""A"" 3]] [[""A"" 3]] [[""A"" 3]] [[""A"" 3]] [[""A"" 3]] [[""A"" 3]] [[""A"" 3]] [[""A"" 3]] [[""A"" 3]] [[""A"" 3]] [[""A"" 3]] [[""A"" 3]] [[""A"" 3]] [[""A"" 3]] [[""A"" 3]] [[""A"" 3]] [[""A"" 3]] [[""A"" 3]] [[""A"" 3]] [[""A"" 3]] [[""A"" 3]] [[""A"" 3]] [[""A"" 3]] [[""A"" 3]] [[""A"" 3]] [[""A"" 3]] [[""A"" 3]] [[""A"" 3]] [[""A"" 3]] [[""A"" 3]] [[""A"" 3]] [[""A"" 3]] [[""A"" 3]] [[""A"" 3]] [[""A"" 3]] [[""A"" 3]] [[""A"" 3]] [[""A"" 3]] [[""A"" 3]] [[""A"" 3]]]] [97 [[[""A"" 3]] [[""A"" 3]] [[""A"" 3]] [[""A"" 3]] [[""A"" 3]] [[""A"" 3]] [[""A"" 3]] [[""A"" 3]] [[""A"" 3]] [[""A"" 3]] [[""A"" 3]] [[""A"" 3]] [[""A"" 3]] [[""A"" 3]] [[""A"" 3]] [[""A"" 3]] [[""A"" 3]] [[""A"" 3]] [[""A"" 3]] [[""A"" 3]] [[""A"" 3]] [[""A"" 3]] [[""A"" 3]] [[""A"" 3]] [[""A"" 3]] [[""A"" 3]] [[""A"" 3]] [[""A"" 3]] [[""A"" 3]] [[""A"" 3]] [[""A"" 3]] [[""A"" 3]] [[""A"" 3]] [[""A"" 3]] [[""A"" 3]] [[""A"" 3]] [[""A"" 3]] [[""A"" 3]] [[""A"" 3]] [[""A"" 3]] [[""A"" 3]] [[""A"" 3]] [[""A"" 3]] [[""A"" 3]] [[""A"" 3]] [[""A"" 3]] [[""A"" 3]] [[""A"" 3]] [[""A"" 3]] [[""A"" 3]]]] [98 [[[""A"" 3]] [[""A"" 3]] [[""A"" 3]] [[""A"" 3]] [[""A"" 3]] [[""A"" 3]] [[""A"" 3]] [[""A"" 3]] [[""A"" 3]] [[""A"" 3]] [[""A"" 3]] [[""A"" 3]] [[""A"" 3]] [[""A"" 3]] [[""A"" 3]] [[""A"" 3]] [[""A"" 3]] [[""A"" 3]] [[""A"" 3]] [[""A"" 3]] [[""A"" 3]] [[""A"" 3]] [[""A"" 3]] [[""A"" 3]] [[""A"" 3]] [[""A"" 3]] [[""A"" 3]] [[""A"" 3]] [[""A"" 3]] [[""A"" 3]] [[""A"" 3]] [[""A"" 3]] [[""A"" 3]] [[""A"" 3]] [[""A"" 3]] [[""A"" 3]] [[""A"" 3]] [[""A"" 3]] [[""A"" 3]] [[""A"" 3]] [[""A"" 3]] [[""A"" 3]] [[""A"" 3]] [[""A"" 3]] [[""A"" 3]] [[""A"" 3]] [[""A"" 3]] [[""A"" 3]] [[""A"" 3]] [[""A"" 3]]]] [99 [[[""A"" 3]] [[""A"" 3]] [[""A"" 3]] [[""A"" 3]] [[""A"" 3]] [[""A"" 3]] [[""A"" 3]] [[""A"" 3]] [[""A"" 3]] [[""A"" 3]] [[""A"" 3]] [[""A"" 3]] [[""A"" 3]] [[""A"" 3]] [[""A"" 3]] [[""A"" 3]] [[""A"" 3]] [[""A"" 3]] [[""A"" 3]] [[""A"" 3]] [[""A"" 3]] [[""A"" 3]] [[""A"" 3]] [[""A"" 3]] [[""A"" 3]] [[""A"" 3]] [[""A"" 3]] [[""A"" 3]] [[""A"" 3]] [[""A"" 3]] [[""A"" 3]] [[""A"" 3]] [[""A"" 3]] [[""A"" 3]] [[""A"" 3]] [[""A"" 3]] [[""A"" 3]] [[""A"" 3]] [[""A"" 3]] [[""A"" 3]] [[""A"" 3]] [[""A"" 3]] [[""A"" 3]] [[""A"" 3]] [[""A"" 3]] [[""A"" 3]] [[""A"" 3]] [[""A"" 3]] [[""A"" 3]] [[""A"" 3]]]]]","""discrete""","3","1","2","1","true","""normal""","[""A""]","0.1","true","[]","""average-bel""","true","4","true","""sigmoid-stubborn""","20","false","2","true","0.35","""C:/Users/cknox02/Documents/nicks outputs27-Feb-2023-parameter-sweep-low-res/2/appeal-mean/uniform/15/normal/0.75/0.75/2/3""","false","1302","0","0.05","false","""barabasi-albert""","""appeal-mean""","5","""[[0.6,0.16,0.24],\n  [0.40,0.2,0.4],\n  [0.21,0.14,0.65]]""","""C:/Users/cknox02/Documents/nicks outputs27-Feb-2023-parameter-sweep-low-res/graphs/2-appeal-mean-uniform-15-normal-0.75-0.75-2-3.csv""","true","0","""default""","false","true","true","1","3","1","""distribution""","""uniform""","""three-polarized""","15","""D:/school/grad-school/Tufts/research/cog-contagion-media-ecosystem/ecosystems/""","""gradual""","1","""D:/school/grad-school/Tufts/research/cog-contagion-media-ecosystem/messaging-data/""","0","50","3","""C:/Users/cknox02/Documents/nicks outputs27-Feb-2023-parameter-sweep-low-res/graphs/2-appeal-mean-uniform-15-normal-0.75-0.75-2-1.csv""","0","true","true","true","""C:/Users/cknox02/Documents/nicks outputs""","0.15","""cognitive""","20","100","[[""Q1"" [""A""]]]","5","0.5","0.75","0.75"

"TURTLES"
"who","color","heading","xcor","ycor","shape","label","label-color","breed","hidden?","size","pen-size","pen-mode","idee","brain","messages-heard","messages-believed","messages-sent","agent-messages-memory"
"0","[128 0 127]","31.304347826086957","2.3112890859773843","4.179344729208205","""circle""","""""","9.9","{breed citizens}","false","0.5","1","""up""",,"[[""ID"" 41] [""alpha"" 1] [""beta"" 1] [""malleable"" [""A""]] [""prior"" []] [""cont_tokens"" []] [""A"" 3]]","[[0 [0 2 3 6 7 8 13]] [1 [15 16 17 18 19 20 21 22 23 24 25 26 27]] [2 [28 29 30 31 32 33 34 35 36 37 38 39 40]] [3 [41 42 43 44 45 46 47 48 49 50 51 52 53]] [4 [54 55 56 57 58 59 60 61 62 63 64 65 66]] [5 [67 68 69 70 71 72 73 74 75 76 77 78 79]] [6 [80 81 82 83 84 85 86 87 88 89 90 91 92]] [7 [93 94 95 96 97 98 99 100 101 102 103 104 105]] [8 [106 107 108 109 110 111 112 113 114 115 116 117 118]] [9 [119 120 121 122 123 124 125 126 127 128 129 130 131]] [10 [132 133 134 135 136 137 138 139 140 141 142 143 144]] [11 [145 146 147 148 149 150 151 152 153 154 155 156 157]] [12 [158 159 160 161 162 163 164 165 166 167 168 169 170]] [13 [171 172 173 174 175 176 177 178 179 180 181 182 183]] [14 [184 185 186 187 188 189 190 191 192 193 194 195 196]] [15 [197 198 199 200 201 202 203 204 205 206 207 208 209]] [16 [210 211 212 213 214 215 216 217 218 219 220 221 222]] [17 [223 224 225 226 227 228 229 230 231 232 233 234 235]] [18 [236 237 238 239 240 241 242 243 244 245 246 247 248]] [19 [249 250 251 252 253 254 255 256 257 258 259 260 261]] [20 [262 263 264 265 266 267 268 269 270 271 272 273 274]] [21 [275 276 277 278 279 280 281 282 283 284 285 286 287]] [22 [288 289 290 291 292 293 294 295 296 297 298 299 300]] [23 [301 302 303 304 305 306 307 308 309 310 311 312 313]] [24 [314 315 316 317 318 319 320 321 322 323 324 325 326]] [25 [327 328 329 330 331 332 333 334 335 336 337 338 339]] [26 [340 341 342 343 344 345 346 347 348 349 350 351 352]] [27 [353 354 355 356 357 358 359 360 361 362 363 364 365]] [28 [366 367 368 369 370 371 372 373 374 375 376 377 378]] [29 [379 380 381 382 383 384 385 386 387 388 389 390 391]] [30 [392 393 394 395 396 397 398 399 400 401 402 403 404]] [31 [405 406 407 408 409 410 411 412 413 414 415 416 417]] [32 [418 419 420 421 422 423 424 425 426 427 428 429 430]] [33 [431 432 433 434 435 436 437 438 439 440 441 442 443]] [34 [444 445 446 447 448 449 450 451 452 453 454 455 456]] [35 [457 458 459 460 461 462 463 464 465 466 467 468 469]] [36 [470 471 472 473 474 475 476 477 478 479 480 481 482]] [37 [483 484 485 486 487 488 489 490 491 492 493 494 495]] [38 [496 497 498 499 500 501 502 503 504 505 506 507 508]] [39 [509 510 511 512 513 514 515 516 517 518 519 520 521]] [40 [522 523 524 525 526 527 528 529 530 531 532 533 534]] [41 [535 536 537 538 539 540 541 542 543 544 545 546 547]] [42 [548 549 550 551 552 553 554 555 556 557 558 559 560]] [43 [561 562 563 564 565 566 567 568 569 570 571 572 573]] [44 [574 575 576 577 578 579 580 581 582 583 584 585 586]] [45 [587 588 589 590 591 592 593 594 595 596 597 598 599]] [46 [600 601 602 603 604 605 606 607 608 609 610 611 612]] [47 [613 614 615 616 617 618 619 620 621 622 623 624 625]] [48 [626 627 628 629 630 631 632 633 634 635 636 637 638]] [49 [639 640 641 642 643 644 645 646 647 648 649 650 651]] [50 [652 653 654 655 656 657 658 659 660 661 662 663 664]] [51 [665 666 667 668 669 670 671 672 673 674 675 676 677]] [52 [678 679 680 681 682 683 684 685 686 687 688 689 690]] [53 [691 692 693 694 695 696 697 698 699 700 701 702 703]] [54 [704 705 706 707 708 709 710 711 712 713 714 715 716]] [55 [717 718 719 720 721 722 723 724 725 726 727 728 729]] [56 [730 731 732 733 734 735 736 737 738 739 740 741 742]] [57 [743 744 745 746 747 748 749 750 751 752 753 754 755]] [58 [756 757 758 759 760 761 762 763 764 765 766 767 768]] [59 [769 770 771 772 773 774 775 776 777 778 779 780 781]] [60 [782 783 784 785 786 787 788 789 790 791 792 793 794]] [61 [795 796 797 798 799 800 801 802 803 804 805 806 807]] [62 [808 809 810 811 812 813 814 815 816 817 818 819 820]] [63 [821 822 823 824 825 826 827 828 829 830 831 832 833]] [64 [834 835 836 837 838 839 840 841 842 843 844 845 846]] [65 [847 848 849 850 851 852 853 854 855 856 857 858 859]] [66 [860 861 862 863 864 865 866 867 868 869 870 871 872]] [67 [873 874 875 876 877 878 879 880 881 882 883 884 885]] [68 [886 887 888 889 890 891 892 893 894 895 896 897 898]] [69 [899 900 901 902 903 904 905 906 907 908 909 910 911]] [70 [912 913 914 915 916 917 918 919 920 921 922 923 924]] [71 [925 926 927 928 929 930 931 932 933 934 935 936 937]] [72 [938 939 940 941 942 943 944 945 946 947 948 949 950]] [73 [951 952 953 954 955 956 957 958 959 960 961 962 963]] [74 [964 965 966 967 968 969 970 971 972 973 974 975 976]] [75 [977 978 979 980 981 982 983 984 985 986 987 988 989]] [76 [990 991 992 993 994 995 996 997 998 999 1000 1001 1002]] [77 [1003 1004 1005 1006 1007 1008 1009 1010 1011 1012 1013 1014 1015]] [78 [1016 1017 1018 1019 1020 1021 1022 1023 1024 1025 1026 1027 1028]] [79 [1029 1030 1031 1032 1033 1034 1035 1036 1037 1038 1039 1040 1041]] [80 [1042 1043 1044 1045 1046 1047 1048 1049 1050 1051 1052 1053 1054]] [81 [1055 1056 1057 1058 1059 1060 1061 1062 1063 1064 1065 1066 1067]] [82 [1068 1069 1070 1071 1072 1073 1074 1075 1076 1077 1078 1079 1080]] [83 [1081 1082 1083 1084 1085 1086 1087 1088 1089 1090 1091 1092 1093]] [84 [1094 1095 1096 1097 1098 1099 1100 1101 1102 1103 1104 1105 1106]] [85 [1107 1108 1109 1110 1111 1112 1113 1114 1115 1116 1117 1118 1119]] [86 [1120 1121 1122 1123 1124 1125 1126 1127 1128 1129 1130 1131 1132]] [87 [1133 1134 1135 1136 1137 1138 1139 1140 1141 1142 1143 1144 1145]] [88 [1146 1147 1148 1149 1150 1151 1152 1153 1154 1155 1156 1157 1158]] [89 [1159 1160 1161 1162 1163 1164 1165 1166 1167 1168 1169 1170 1171]] [90 [1172 1173 1174 1175 1176 1177 1178 1179 1180 1181 1182 1183 1184]] [91 [1185 1186 1187 1188 1189 1190 1191 1192 1193 1194 1195 1196 1197]] [92 [1198 1199 1200 1201 1202 1203 1204 1205 1206 1207 1208 1209 1210]] [93 [1211 1212 1213 1214 1215 1216 1217 1218 1219 1220 1221 1222 1223]] [94 [1224 1225 1226 1227 1228 1229 1230 1231 1232 1233 1234 1235 1236]] [95 [1237 1238 1239 1240 1241 1242 1243 1244 1245 1246 1247 1248 1249]] [96 [1250 1251 1252 1253 1254 1255 1256 1257 1258 1259 1260 1261 1262]] [97 [1263 1264 1265 1266 1267 1268 1269 1270 1271 1272 1273 1274 1275]] [98 [1276 1277 1278 1279 1280 1281 1282 1283 1284 1285 1286 1287 1288]] [99 [1289 1290 1291 1292 1293 1294 1295 1296 1297 1298 1299 1300 1301]]]","[[0 [0 2 3 6 7 8 13]] [1 [15 16 17 18 19 20 21 22 23 24 25 26 27]] [2 [28 29 30 31 32 33 34 35 36 37 38 39 40]] [3 [41 42 43 44 45 46 47 48 49 50 51 52 53]] [4 [54 55 56 57 58 59 60 61 62 63 64 65 66]] [5 [67 68 69 70 71 72 73 74 75 76 77 78 79]] [6 [80 81 82 83 84 85 86 87 88 89 90 91 92]] [7 [93 94 95 96 97 98 99 100 101 102 103 104 105]] [8 [106 107 108 109 110 111 112 113 114 115 116 117 118]] [9 [119 120 121 122 123 124 125 126 127 128 129 130 131]] [10 [132 133 134 135 136 137 138 139 140 141 142 143 144]] [11 [145 146 147 148 149 150 151 152 153 154 155 156 157]] [12 [158 159 160 161 162 163 164 165 166 167 168 169 170]] [13 [171 172 173 174 175 176 177 178 179 180 181 182 183]] [14 [184 185 186 187 188 189 190 191 192 193 194 195 196]] [15 [197 198 199 200 201 202 203 204 205 206 207 208 209]] [16 [210 211 212 213 214 215 216 217 218 219 220 221 222]] [17 [223 224 225 226 227 228 229 230 231 232 233 234 235]] [18 [236 237 238 239 240 241 242 243 244 245 246 247 248]] [19 [249 250 251 252 253 254 255 256 257 258 259 260 261]] [20 [262 263 264 265 266 267 268 269 270 271 272 273 274]] [21 [275 276 277 278 279 280 281 282 283 284 285 286]] [22 [288 289 290 291 292 293 294 295 296 297 298 299 300]] [23 [301 302 303 304 305 306 307 308 309 310 311 312 313]] [24 [314 315 316 317 318 319 320 321 322 323 324 325 326]] [25 [327 328 329 330 331 332 333 334 335 336 337 338 339]] [26 [340 341 342 343 344 345 346 347 348 349 350 351 352]] [27 [353 354 355 356 357 358 359 360 361 362 363 364 365]] [28 [366 367 368 369 370 371 372 373 374 375 376 377 378]] [29 [379 380 381 382 383 384 385 386 387 388 389 390 391]] [30 [392 393 394 395 396 397 398 399 400 401 402 403 404]] [31 [405 406 407 408 409 410 411 412 413 414 415 416 417]] [32 [418 419 420 421 422 423 424 425 426 427 428 429 430]] [33 [431 432 433 434 435 436 437 438 439 440 441 442 443]] [34 [444 445 446 447 448 449 450 451 452 453 454 455 456]] [35 [457 458 459 460 461 462 463 464 465 466 467 468 469]] [36 [470 471 472 473 474 475 476 477 478 479 480 481 482]] [37 [483 484 485 486 487 488 489 490 491 492 493 494 495]] [38 [496 497 498 499 500 501 502 503 504 505 506 507 508]] [39 [509 510 511 512 513 514 515 516 517 518 519 520 521]] [40 [522 523 524 525 526 527 528 529 530 531 532 533 534]] [41 [535 536 537 538 539 540 541 542 543 544 545 546 547]] [42 [548 549 550 551 552 553 554 555 556 557 558 559 560]] [43 [561 562 563 564 565 566 567 568 569 570 571 572 573]] [44 [574 575 576 577 578 579 580 581 582 583 584 585 586]] [45 [587 588 589 590 591 592 593 594 595 596 597 598 599]] [46 [600 601 602 603 604 605 606 607 608 609 610 611 612]] [47 [613 614 615 616 617 618 619 620 621 622 623 624 625]] [48 [626 627 628 629 630 631 632 633 634 635 636 637 638]] [49 [639 640 641 642 643 644 645 646 647 648 649 650 651]] [50 [652 653 654 655 656 657 658 659 660 661 662 663 664]] [51 [665 666 667 668 669 670 671 672 673 674 675 676 677]] [52 [678 679 680 681 682 683 684 685 686 687 688 689 690]] [53 [691 692 693 694 695 696 697 698 699 700 701 702 703]] [54 [704 705 706 707 708 709 710 711 712 713 714 715 716]] [55 [717 718 719 720 721 722 723 724 725 726 727 728 729]] [56 [730 731 732 733 734 735 736 737 738 739 740 741 742]] [57 [743 744 745 746 747 748 749 750 751 752 753 754 755]] [58 [756 757 758 759 760 761 762 763 764 765 766 767 768]] [59 [769 770 771 772 773 774 775 776 777 778 779 780 781]] [60 [782 783 784 785 786 787 788 789 790 791 792 793 794]] [61 [795 796 797 798 799 800 801 802 803 804 805 806 807]] [62 [808 809 810 811 812 813 814 815 816 817 818 819 820]] [63 [821 822 823 824 825 826 827 828 829 830 831 832 833]] [64 [834 835 836 837 838 839 840 841 842 843 844 845 846]] [65 [847 848 849 850 851 852 853 854 855 856 857 858 859]] [66 [860 861 862 863 864 865 866 867 868 869 870 871 872]] [67 [873 874 875 876 877 878 879 880 881 882 883 884 885]] [68 [886 887 888 889 890 891 892 893 894 895 896 897 898]] [69 [899 900 901 902 903 904 905 906 907 908 909 910 911]] [70 [912 913 914 915 916 917 918 919 920 921 922 923 924]] [71 [925 926 927 928 929 930 931 932 933 934 935 936 937]] [72 [938 939 940 941 942 943 944 945 946 947 948 949 950]] [73 [951 952 953 954 955 956 957 958 959 960 961 962 963]] [74 [964 965 966 967 968 969 970 971 972 973 974 975 976]] [75 [977 978 979 980 981 982 983 984 985 986 987 988 989]] [76 [990 991 992 993 994 995 996 997 998 999 1000 1001 1002]] [77 [1003 1004 1005 1006 1007 1008 1009 1010 1011 1012 1013 1014 1015]] [78 [1016 1017 1018 1019 1020 1021 1022 1023 1024 1025 1026 1027 1028]] [79 [1029 1030 1031 1032 1033 1034 1035 1036 1037 1038 1039 1040 1041]] [80 [1042 1043 1044 1045 1046 1047 1048 1049 1050 1051 1052 1053 1054]] [81 [1055 1056 1057 1058 1059 1060 1061 1062 1063 1064 1065 1066 1067]] [82 [1068 1069 1070 1071 1072 1073 1074 1075 1076 1077 1078 1079 1080]] [83 [1081 1082 1083 1084 1085 1086 1087 1088 1089 1090 1091 1092 1093]] [84 [1094 1095 1096 1097 1098 1099 1100 1101 1102 1103 1104 1105 1106]] [85 [1107 1108 1109 1110 1111 1112 1113 1114 1115 1116 1117 1118 1119]] [86 [1120 1121 1122 1123 1124 1125 1126 1127 1128 1129 1130 1131 1132]] [87 [1133 1134 1135 1136 1137 1138 1139 1140 1141 1142 1143 1144 1145]] [88 [1146 1147 1148 1149 1150 1151 1152 1153 1154 1155 1156 1157 1158]] [89 [1159 1160 1161 1162 1163 1164 1165 1166 1167 1168 1169 1170 1171]] [90 [1172 1173 1174 1175 1176 1177 1178 1179 1180 1181 1182 1183 1184]] [91 [1185 1186 1187 1188 1189 1190 1191 1192 1193 1194 1195 1196 1197]] [92 [1198 1199 1200 1201 1202 1203 1204 1205 1206 1207 1208 1209 1210]] [93 [1211 1212 1213 1214 1215 1216 1217 1218 1219 1220 1221 1222 1223]] [94 [1224 1225 1226 1227 1228 1229 1230 1231 1232 1233 1234 1235 1236]] [95 [1237 1238 1239 1240 1241 1242 1243 1244 1245 1246 1247 1248 1249]] [96 [1250 1251 1252 1253 1254 1255 1256 1257 1258 1259 1260 1261 1262]] [97 [1263 1264 1265 1266 1267 1268 1269 1270 1271 1272 1273 1274 1275]] [98 [1276 1277 1278 1279 1280 1281 1282 1283 1284 1285 1286 1287 1288]] [99 [1289 1290 1291 1292 1293 1294 1295 1296 1297 1298 1299 1300 1301]]]",,"[[{citizen 1} [[""A"" [3 3]]]] [{citizen 2} [[""A"" [3 3]]]] [{citizen 3} [[""A"" [3 3]]]] [{citizen 4} [[""A"" [3 3]]]] [{citizen 5} [[""A"" [3 3]]]] [{citizen 6} [[""A"" [3 3]]]] [{citizen 12} [[""A"" [3 3]]]] [{citizen 15} [[""A"" [3 3]]]] [{citizen 16} [[""A"" [3 3]]]] [{citizen 19} [[""A"" [3 3]]]] [{citizen 20} [[""A"" [3 3]]]] [{citizen 22} [[""A"" [3 3]]]] [{citizen 24} [[""A"" [3 3]]]] [{citizen 31} [[""A"" [3 3]]]] [{citizen 37} [[""A"" [3 3]]]] [{citizen 39} [[""A"" [3 3]]]] [{citizen 42} [[""A"" [3 3]]]] [{media 50} [[""A"" [3 3]]]] [{media 52} [[""A"" [3 3]]]] [{media 55} [[""A"" [3 3]]]] [{media 56} [[""A"" [3 3]]]] [{media 57} [[""A"" [3 3]]]] [{media 59} [[""A"" [3 3]]]] [{media 63} [[""A"" [3 3]]]] [{media 61} [[""A"" [3 3]]]] [{citizen 9} [[""A"" [3 3]]]] [{citizen 43} [[""A"" [3 3]]]] [{citizen 45} [[""A"" [3 3]]]] [{citizen 17} [[""A"" [3 3]]]] [{citizen 36} [[""A"" [3 3]]]] [{media 53} [[""A"" [3 3]]]] [{citizen 49} [[""A"" [3 3]]]] [{citizen 7} [[""A"" [3 3]]]] [{citizen 23} [[""A"" [3 3]]]] [{citizen 8} [[""A"" [3 3]]]] [{citizen 21} [[""A"" [3 3]]]] [{citizen 41} [[""A"" [3 3]]]] [{citizen 14} [[""A"" [3 3]]]] [{citizen 29} [[""A"" [3 3]]]] [{citizen 10} [[""A"" [3 3]]]] [{citizen 11} [[""A"" [3 3]]]] [{media 51} [[""A"" [3 3]]]] [{citizen 35} [[""A"" [3 3]]]] [{citizen 40} [[""A"" [3 3]]]] [{citizen 18} [[""A"" [3 3]]]] [{citizen 33} [[""A"" [3 3]]]] [{citizen 34} [[""A"" [3 3]]]] [{citizen 44} [[""A"" [3 3]]]] [{media 62} [[""A"" [3 3]]]] [{citizen 27} [[""A"" [3 3]]]] [{citizen 13} [[""A"" [3 3]]]] [{citizen 46} [[""A"" [3 3]]]] [{citizen 47} [[""A"" [3 3]]]] [{media 64} [[""A"" [3 3]]]] [{citizen 25} [[""A"" [3 3]]]] [{citizen 38} [[""A"" [3 3]]]] [{citizen 48} [[""A"" [3 3]]]] [{citizen 26} [[""A"" [3 3]]]] [{citizen 30} [[""A"" [3 3]]]] [{citizen 32} [[""A"" [3 3]]]] [{media 54} [[""A"" [3 3]]]] [{citizen 28} [[""A"" [3 3]]]]]"
"1","[128 0 127]","3.130434782608696","0.3674831734606745","8.913573379882324","""circle""","""""","9.9","{breed citizens}","false","0.5","1","""up""",,"[[""ID"" 46] [""alpha"" 1] [""beta"" 1] [""malleable"" [""A""]] [""prior"" []] [""cont_tokens"" []] [""A"" 3]]","[[0 [0 1 2 3 4 6 7 8 9 10 13]] [1 [15 16 17 18 19 20 21 22 23 24 25 26 27]] [2 [28 29 30 31 32 33 34 35 36 37 38 39 40]] [3 [41 42 43 44 45 46 47 48 49 50 51 52 53]] [4 [54 55 56 57 58 59 60 61 62 63 64 65 66]] [5 [67 68 69 70 71 72 73 74 75 76 77 78 79]] [6 [80 81 82 83 84 85 86 87 88 89 90 91 92]] [7 [93 94 95 96 97 98 99 100 101 102 103 104 105]] [8 [106 107 108 109 110 111 112 113 114 115 116 117 118]] [9 [119 120 121 122 123 124 125 126 127 128 129 130 131]] [10 [132 133 134 135 136 137 138 139 140 141 142 143 144]] [11 [145 146 147 148 149 150 151 152 153 154 155 156 157]] [12 [158 159 160 161 162 163 164 165 166 167 168 169 170]] [13 [171 172 173 174 175 176 177 178 179 180 181 182 183]] [14 [184 185 186 187 188 189 190 191 192 193 194 195 196]] [15 [197 198 199 200 201 202 203 204 205 206 207 208 209]] [16 [210 211 212 213 214 215 216 217 218 219 220 221 222]] [17 [223 224 225 226 227 228 229 230 231 232 233 234 235]] [18 [236 237 238 239 240 241 242 243 244 245 246 247 248]] [19 [249 250 251 252 253 254 255 256 257 258 259 260 261]] [20 [262 263 264 265 266 267 268 269 270 271 272 273 274]] [21 [275 276 277 278 279 280 281 282 283 284 285 286 287]] [22 [288 289 290 291 292 293 294 295 296 297 298 299 300]] [23 [301 302 303 304 305 306 307 308 309 310 311 312 313]] [24 [314 315 316 317 318 319 320 321 322 323 324 325 326]] [25 [327 328 329 330 331 332 333 334 335 336 337 338 339]] [26 [340 341 342 343 344 345 346 347 348 349 350 351 352]] [27 [353 354 355 356 357 358 359 360 361 362 363 364 365]] [28 [366 367 368 369 370 371 372 373 374 375 376 377 378]] [29 [379 380 381 382 383 384 385 386 387 388 389 390 391]] [30 [392 393 394 395 396 397 398 399 400 401 402 403 404]] [31 [405 406 407 408 409 410 411 412 413 414 415 416 417]] [32 [418 419 420 421 422 423 424 425 426 427 428 429 430]] [33 [431 432 433 434 435 436 437 438 439 440 441 442 443]] [34 [444 445 446 447 448 449 450 451 452 453 454 455 456]] [35 [457 458 459 460 461 462 463 464 465 466 467 468 469]] [36 [470 471 472 473 474 475 476 477 478 479 480 481 482]] [37 [483 484 485 486 487 488 489 490 491 492 493 494 495]] [38 [496 497 498 499 500 501 502 503 504 505 506 507 508]] [39 [509 510 511 512 513 514 515 516 517 518 519 520 521]] [40 [522 523 524 525 526 527 528 529 530 531 532 533 534]] [41 [535 536 537 538 539 540 541 542 543 544 545 546 547]] [42 [548 549 550 551 552 553 554 555 556 557 558 559 560]] [43 [561 562 563 564 565 566 567 568 569 570 571 572 573]] [44 [574 575 576 577 578 579 580 581 582 583 584 585 586]] [45 [587 588 589 590 591 592 593 594 595 596 597 598 599]] [46 [600 601 602 603 604 605 606 607 608 609 610 611 612]] [47 [613 614 615 616 617 618 619 620 621 622 623 624 625]] [48 [626 627 628 629 630 631 632 633 634 635 636 637 638]] [49 [639 640 641 642 643 644 645 646 647 648 649 650 651]] [50 [652 653 654 655 656 657 658 659 660 661 662 663 664]] [51 [665 666 667 668 669 670 671 672 673 674 675 676 677]] [52 [678 679 680 681 682 683 684 685 686 687 688 689 690]] [53 [691 692 693 694 695 696 697 698 699 700 701 702 703]] [54 [704 705 706 707 708 709 710 711 712 713 714 715 716]] [55 [717 718 719 720 721 722 723 724 725 726 727 728 729]] [56 [730 731 732 733 734 735 736 737 738 739 740 741 742]] [57 [743 744 745 746 747 748 749 750 751 752 753 754 755]] [58 [756 757 758 759 760 761 762 763 764 765 766 767 768]] [59 [769 770 771 772 773 774 775 776 777 778 779 780 781]] [60 [782 783 784 785 786 787 788 789 790 791 792 793 794]] [61 [795 796 797 798 799 800 801 802 803 804 805 806 807]] [62 [808 809 810 811 812 813 814 815 816 817 818 819 820]] [63 [821 822 823 824 825 826 827 828 829 830 831 832 833]] [64 [834 835 836 837 838 839 840 841 842 843 844 845 846]] [65 [847 848 849 850 851 852 853 854 855 856 857 858 859]] [66 [860 861 862 863 864 865 866 867 868 869 870 871 872]] [67 [873 874 875 876 877 878 879 880 881 882 883 884 885]] [68 [886 887 888 889 890 891 892 893 894 895 896 897 898]] [69 [899 900 901 902 903 904 905 906 907 908 909 910 911]] [70 [912 913 914 915 916 917 918 919 920 921 922 923 924]] [71 [925 926 927 928 929 930 931 932 933 934 935 936 937]] [72 [938 939 940 941 942 943 944 945 946 947 948 949 950]] [73 [951 952 953 954 955 956 957 958 959 960 961 962 963]] [74 [964 965 966 967 968 969 970 971 972 973 974 975 976]] [75 [977 978 979 980 981 982 983 984 985 986 987 988 989]] [76 [990 991 992 993 994 995 996 997 998 999 1000 1001 1002]] [77 [1003 1004 1005 1006 1007 1008 1009 1010 1011 1012 1013 1014 1015]] [78 [1016 1017 1018 1019 1020 1021 1022 1023 1024 1025 1026 1027 1028]] [79 [1029 1030 1031 1032 1033 1034 1035 1036 1037 1038 1039 1040 1041]] [80 [1042 1043 1044 1045 1046 1047 1048 1049 1050 1051 1052 1053 1054]] [81 [1055 1056 1057 1058 1059 1060 1061 1062 1063 1064 1065 1066 1067]] [82 [1068 1069 1070 1071 1072 1073 1074 1075 1076 1077 1078 1079 1080]] [83 [1081 1082 1083 1084 1085 1086 1087 1088 1089 1090 1091 1092 1093]] [84 [1094 1095 1096 1097 1098 1099 1100 1101 1102 1103 1104 1105 1106]] [85 [1107 1108 1109 1110 1111 1112 1113 1114 1115 1116 1117 1118 1119]] [86 [1120 1121 1122 1123 1124 1125 1126 1127 1128 1129 1130 1131 1132]] [87 [1133 1134 1135 1136 1137 1138 1139 1140 1141 1142 1143 1144 1145]] [88 [1146 1147 1148 1149 1150 1151 1152 1153 1154 1155 1156 1157 1158]] [89 [1159 1160 1161 1162 1163 1164 1165 1166 1167 1168 1169 1170 1171]] [90 [1172 1173 1174 1175 1176 1177 1178 1179 1180 1181 1182 1183 1184]] [91 [1185 1186 1187 1188 1189 1190 1191 1192 1193 1194 1195 1196 1197]] [92 [1198 1199 1200 1201 1202 1203 1204 1205 1206 1207 1208 1209 1210]] [93 [1211 1212 1213 1214 1215 1216 1217 1218 1219 1220 1221 1222 1223]] [94 [1224 1225 1226 1227 1228 1229 1230 1231 1232 1233 1234 1235 1236]] [95 [1237 1238 1239 1240 1241 1242 1243 1244 1245 1246 1247 1248 1249]] [96 [1250 1251 1252 1253 1254 1255 1256 1257 1258 1259 1260 1261 1262]] [97 [1263 1264 1265 1266 1267 1268 1269 1270 1271 1272 1273 1274 1275]] [98 [1276 1277 1278 1279 1280 1281 1282 1283 1284 1285 1286 1287 1288]] [99 [1289 1290 1291 1292 1293 1294 1295 1296 1297 1298 1299 1300 1301]]]","[[0 [0 1 2 3 4 6 7 8 9 10 13]] [1 [15 16 17 18 19 20 21 22 23 24 25 26 27]] [2 [28 29 30 31 32 33 34 35 36 37 38 39 40]] [3 [41 42 43 44 45 46 47 48 49 50 51 52 53]] [4 [54 55 56 57 58 59 60 61 62 63 64 65 66]] [5 [67 68 69 70 71 72 73 74 75 76 77 78 79]] [6 [80 81 82 83 84 85 86 87 88 89 90 91 92]] [7 [93 94 95 96 97 98 99 100 101 102 103 104 105]] [8 [106 107 108 109 110 111 112 113 114 115 116 117 118]] [9 [119 120 121 122 123 124 125 126 127 128 129 130 131]] [10 [132 133 134 135 136 137 138 139 140 141 142 143 144]] [11 [145 146 147 148 149 150 151 152 153 154 155 156 157]] [12 [158 159 160 161 162 163 164 165 166 167 168 169 170]] [13 [171 172 173 174 175 176 177 178 179 180 181 182 183]] [14 [184 185 186 187 188 189 190 191 192 193 194 195 196]] [15 [197 198 199 200 201 202 203 204 205 206 207 208 209]] [16 [210 211 212 213 214 215 216 217 218 219 220 221 222]] [17 [223 224 225 226 227 228 229 230 231 232 233 234 235]] [18 [236 237 238 239 240 241 242 243 244 245 246 247 248]] [19 [249 250 251 252 253 254 255 256 257 258 259 260 261]] [20 [262 263 264 265 266 267 268 269 270 271 272 273 274]] [21 [275 276 277 278 279 280 281 282 283 284 285 286 287]] [22 [288 289 290 291 292 293 294 295 296 297 298 299 300]] [23 [301 302 303 304 305 306 307 308 309 310 311 312 313]] [24 [314 315 316 317 318 319 320 321 322 323 324 325 326]] [25 [327 328 329 330 331 332 333 334 335 336 337 338 339]] [26 [340 341 342 343 344 345 346 347 348 349 350 351 352]] [27 [353 354 355 356 357 358 359 360 361 362 363 364 365]] [28 [366 367 368 369 370 371 372 373 374 375 376 377 378]] [29 [379 380 381 382 383 384 385 386 387 388 389 390 391]] [30 [392 393 394 395 396 397 398 399 400 401 402 403 404]] [31 [405 406 407 408 409 410 411 412 413 414 415 416 417]] [32 [418 419 420 421 422 423 424 425 426 427 428 429 430]] [33 [431 432 433 434 435 436 437 438 439 440 441 442 443]] [34 [444 445 446 447 448 449 450 451 452 453 454 455 456]] [35 [457 458 459 460 461 462 463 464 465 466 467 468 469]] [36 [470 471 472 473 474 475 476 477 478 479 480 481 482]] [37 [483 484 485 486 487 488 489 490 491 492 493 494 495]] [38 [496 497 498 499 500 501 502 503 504 505 506 507 508]] [39 [509 510 511 512 513 514 515 516 517 518 519 520 521]] [40 [522 523 524 525 526 527 528 529 530 531 532 533 534]] [41 [535 536 537 538 539 540 541 542 543 544 545 546 547]] [42 [548 549 550 551 552 553 554 555 556 557 558 559 560]] [43 [561 562 563 564 565 566 567 568 569 570 571 572 573]] [44 [574 575 576 577 578 579 580 581 582 583 584 585 586]] [45 [587 588 589 590 591 592 593 594 595 596 597 598 599]] [46 [600 601 602 603 604 605 606 607 608 609 610 611 612]] [47 [613 614 615 616 617 618 619 620 621 622 623 624 625]] [48 [626 627 628 629 630 631 632 633 634 635 636 637 638]] [49 [639 640 641 642 643 644 645 646 647 648 649 650 651]] [50 [652 653 654 655 656 657 658 659 660 661 662 663 664]] [51 [665 666 667 668 669 670 671 672 673 674 675 676 677]] [52 [678 679 680 681 682 683 684 685 686 687 688 689 690]] [53 [691 692 693 694 695 696 697 698 699 700 701 702 703]] [54 [704 705 706 707 708 709 710 711 712 713 714 715 716]] [55 [717 718 719 720 721 722 723 724 725 726 727 728 729]] [56 [730 731 732 733 734 735 736 737 738 739 740 741 742]] [57 [743 744 745 746 747 748 749 750 751 752 753 754 755]] [58 [756 757 758 759 760 761 762 763 764 765 766 767 768]] [59 [769 770 771 772 773 774 775 776 777 778 779 780 781]] [60 [782 783 784 785 786 787 788 789 790 791 792 793 794]] [61 [795 796 797 798 799 800 801 802 803 804 805 806 807]] [62 [808 809 810 811 812 813 814 815 816 817 818 819 820]] [63 [821 822 823 824 825 826 827 828 829 830 831 832 833]] [64 [834 835 836 837 838 839 840 841 842 843 844 845 846]] [65 [847 848 849 850 851 852 853 854 855 856 857 858 859]] [66 [860 861 862 863 864 865 866 867 868 869 870 871 872]] [67 [873 874 875 876 877 878 879 880 881 882 883 884 885]] [68 [886 887 888 889 890 891 892 893 894 895 896 897 898]] [69 [899 900 901 902 903 904 905 906 907 908 909 910 911]] [70 [912 913 914 915 916 917 918 919 920 921 922 923 924]] [71 [925 926 927 928 929 930 931 932 933 934 935 936 937]] [72 [938 939 940 941 942 943 944 945 946 947 948 949 950]] [73 [951 952 953 954 955 956 957 958 959 960 961 962 963]] [74 [964 965 966 967 968 969 970 971 972 973 974 975 976]] [75 [977 978 979 980 981 982 983 984 985 986 987 988 989]] [76 [990 991 992 993 994 995 996 997 998 999 1000 1001 1002]] [77 [1003 1004 1005 1006 1007 1008 1009 1010 1011 1012 1013 1014 1015]] [78 [1016 1017 1018 1019 1020 1021 1022 1023 1024 1025 1026 1027 1028]] [79 [1029 1030 1031 1032 1033 1034 1035 1036 1037 1038 1039 1040 1041]] [80 [1042 1043 1044 1045 1046 1047 1048 1049 1050 1051 1052 1053 1054]] [81 [1055 1056 1057 1058 1059 1060 1061 1062 1063 1064 1065 1066 1067]] [82 [1068 1069 1070 1071 1072 1073 1074 1075 1076 1077 1078 1079 1080]] [83 [1081 1082 1083 1084 1085 1086 1087 1088 1089 1090 1091 1092 1093]] [84 [1094 1095 1096 1097 1098 1099 1100 1101 1102 1103 1104 1105 1106]] [85 [1107 1108 1109 1110 1111 1112 1113 1114 1115 1116 1117 1118 1119]] [86 [1120 1121 1122 1123 1124 1125 1126 1127 1128 1129 1130 1131 1132]] [87 [1133 1134 1135 1136 1137 1138 1139 1140 1141 1142 1143 1144 1145]] [88 [1146 1147 1148 1149 1150 1151 1152 1153 1154 1155 1156 1157 1158]] [89 [1159 1160 1161 1162 1163 1164 1165 1166 1167 1168 1169 1170 1171]] [90 [1172 1173 1174 1175 1176 1177 1178 1179 1180 1181 1182 1183 1184]] [91 [1185 1186 1187 1188 1189 1190 1191 1192 1193 1194 1195 1196 1197]] [92 [1198 1199 1200 1201 1202 1203 1204 1205 1206 1207 1208 1209 1210]] [93 [1211 1212 1213 1214 1215 1216 1217 1218 1219 1220 1221 1222 1223]] [94 [1224 1225 1226 1227 1228 1229 1230 1231 1232 1233 1234 1235 1236]] [95 [1237 1238 1239 1240 1241 1242 1243 1244 1245 1246 1247 1248 1249]] [96 [1250 1251 1252 1253 1254 1255 1256 1257 1258 1259 1260 1261 1262]] [97 [1263 1264 1265 1266 1267 1268 1269 1270 1271 1272 1273 1274 1275]] [98 [1276 1277 1278 1279 1280 1281 1282 1283 1284 1285 1286 1287 1288]] [99 [1289 1290 1291 1292 1293 1294 1295 1296 1297 1298 1299 1300 1301]]]",,"[[{citizen 4} [[""A"" [3 3]]]] [{citizen 8} [[""A"" [3 3]]]] [{citizen 9} [[""A"" [3 3]]]] [{citizen 13} [[""A"" [3 3]]]] [{citizen 23} [[""A"" [3 3]]]] [{media 53} [[""A"" [3 3]]]] [{media 54} [[""A"" [3 3]]]] [{media 56} [[""A"" [3 3]]]] [{media 62} [[""A"" [3 3]]]] [{media 63} [[""A"" [3 3]]]] [{media 64} [[""A"" [3 3]]]] [{media 59} [[""A"" [3 3]]]] [{citizen 0} [[""A"" [3 3]]]] [{media 57} [[""A"" [3 3]]]] [{media 50} [[""A"" [3 3]]]] [{media 55} [[""A"" [3 3]]]] [{media 52} [[""A"" [3 3]]]] [{media 61} [[""A"" [3 3]]]] [{citizen 12} [[""A"" [3 3]]]] [{citizen 43} [[""A"" [3 3]]]] [{citizen 3} [[""A"" [3 3]]]] [{citizen 45} [[""A"" [3 3]]]] [{citizen 20} [[""A"" [3 3]]]] [{citizen 17} [[""A"" [3 3]]]] [{citizen 15} [[""A"" [3 3]]]] [{citizen 5} [[""A"" [3 3]]]] [{citizen 49} [[""A"" [3 3]]]] [{citizen 7} [[""A"" [3 3]]]] [{citizen 33} [[""A"" [3 3]]]] [{citizen 16} [[""A"" [3 3]]]] [{citizen 38} [[""A"" [3 3]]]] [{citizen 37} [[""A"" [3 3]]]] [{citizen 19} [[""A"" [3 3]]]] [{citizen 21} [[""A"" [3 3]]]] [{citizen 41} [[""A"" [3 3]]]] [{citizen 14} [[""A"" [3 3]]]] [{citizen 29} [[""A"" [3 3]]]] [{citizen 10} [[""A"" [3 3]]]] [{citizen 34} [[""A"" [3 3]]]] [{citizen 11} [[""A"" [3 3]]]] [{media 51} [[""A"" [3 3]]]] [{citizen 35} [[""A"" [3 3]]]] [{citizen 44} [[""A"" [3 3]]]] [{citizen 2} [[""A"" [3 3]]]] [{citizen 46} [[""A"" [3 3]]]] [{citizen 40} [[""A"" [3 3]]]] [{citizen 47} [[""A"" [3 3]]]] [{citizen 32} [[""A"" [3 3]]]] [{citizen 36} [[""A"" [3 3]]]] [{citizen 39} [[""A"" [3 3]]]] [{citizen 24} [[""A"" [3 3]]]] [{citizen 25} [[""A"" [3 3]]]] [{citizen 27} [[""A"" [3 3]]]] [{citizen 31} [[""A"" [3 3]]]] [{citizen 6} [[""A"" [3 3]]]] [{citizen 18} [[""A"" [3 3]]]] [{citizen 28} [[""A"" [3 3]]]] [{citizen 42} [[""A"" [3 3]]]] [{citizen 30} [[""A"" [3 3]]]] [{citizen 22} [[""A"" [3 3]]]] [{citizen 48} [[""A"" [3 3]]]] [{citizen 26} [[""A"" [3 3]]]]]"
"2","[128 0 127]","74.34782608695652","4.884353648947321","1.2802927080480186","""circle""","""""","9.9","{breed citizens}","false","0.5","1","""up""",,"[[""ID"" 2] [""alpha"" 1] [""beta"" 1] [""malleable"" [""A""]] [""prior"" []] [""cont_tokens"" []] [""A"" 3]]","[[0 [0 1 2 3 4 6 7 8 9 10 13]] [1 [15 16 17 18 19 20 21 22 23 24 25 26 27]] [2 [28 29 30 31 32 33 34 35 36 37 38 39 40]] [3 [41 42 43 44 45 46 47 48 49 50 51 52 53]] [4 [54 55 56 57 58 59 60 61 62 63 64 65 66]] [5 [67 68 69 70 71 72 73 74 75 76 77 78 79]] [6 [80 81 82 83 84 85 86 87 88 89 90 91 92]] [7 [93 94 95 96 97 98 99 100 101 102 103 104 105]] [8 [106 107 108 109 110 111 112 113 114 115 116 117 118]] [9 [119 120 121 122 123 124 125 126 127 128 129 130 131]] [10 [132 133 134 135 136 137 138 139 140 141 142 143 144]] [11 [145 146 147 148 149 150 151 152 153 154 155 156 157]] [12 [158 159 160 161 162 163 164 165 166 167 168 169 170]] [13 [171 172 173 174 175 176 177 178 179 180 181 182 183]] [14 [184 185 186 187 188 189 190 191 192 193 194 195 196]] [15 [197 198 199 200 201 202 203 204 205 206 207 208 209]] [16 [210 211 212 213 214 215 216 217 218 219 220 221 222]] [17 [223 224 225 226 227 228 229 230 231 232 233 234 235]] [18 [236 237 238 239 240 241 242 243 244 245 246 247 248]] [19 [249 250 251 252 253 254 255 256 257 258 259 260 261]] [20 [262 263 264 265 266 267 268 269 270 271 272 273 274]] [21 [275 276 277 278 279 280 281 282 283 284 285 286 287]] [22 [288 289 290 291 292 293 294 295 296 297 298 299 300]] [23 [301 302 303 304 305 306 307 308 309 310 311 312 313]] [24 [314 315 316 317 318 319 320 321 322 323 324 325 326]] [25 [327 328 329 330 331 332 333 334 335 336 337 338 339]] [26 [340 341 342 343 344 345 346 347 348 349 350 351 352]] [27 [353 354 355 356 357 358 359 360 361 362 363 364 365]] [28 [366 367 368 369 370 371 372 373 374 375 376 377 378]] [29 [379 380 381 382 383 384 385 386 387 388 389 390 391]] [30 [392 393 394 395 396 397 398 399 400 401 402 403 404]] [31 [405 406 407 408 409 410 411 412 413 414 415 416 417]] [32 [418 419 420 421 422 423 424 425 426 427 428 429 430]] [33 [431 432 433 434 435 436 437 438 439 440 441 442 443]] [34 [444 445 446 447 448 449 450 451 452 453 454 455 456]] [35 [457 458 459 460 461 462 463 464 465 466 467 468 469]] [36 [470 471 472 473 474 475 476 477 478 479 480 481 482]] [37 [483 484 485 486 487 488 489 490 491 492 493 494 495]] [38 [496 497 498 499 500 501 502 503 504 505 506 507 508]] [39 [509 510 511 512 513 514 515 516 517 518 519 520 521]] [40 [522 523 524 525 526 527 528 529 530 531 532 533 534]] [41 [535 536 537 538 539 540 541 542 543 544 545 546 547]] [42 [548 549 550 551 552 553 554 555 556 557 558 559 560]] [43 [561 562 563 564 565 566 567 568 569 570 571 572 573]] [44 [574 575 576 577 578 579 580 581 582 583 584 585 586]] [45 [587 588 589 590 591 592 593 594 595 596 597 598 599]] [46 [600 601 602 603 604 605 606 607 608 609 610 611 612]] [47 [613 614 615 616 617 618 619 620 621 622 623 624 625]] [48 [626 627 628 629 630 631 632 633 634 635 636 637 638]] [49 [639 640 641 642 643 644 645 646 647 648 649 650 651]] [50 [652 653 654 655 656 657 658 659 660 661 662 663 664]] [51 [665 666 667 668 669 670 671 672 673 674 675 676 677]] [52 [678 679 680 681 682 683 684 685 686 687 688 689 690]] [53 [691 692 693 694 695 696 697 698 699 700 701 702 703]] [54 [704 705 706 707 708 709 710 711 712 713 714 715 716]] [55 [717 718 719 720 721 722 723 724 725 726 727 728 729]] [56 [730 731 732 733 734 735 736 737 738 739 740 741 742]] [57 [743 744 745 746 747 748 749 750 751 752 753 754 755]] [58 [756 757 758 759 760 761 762 763 764 765 766 767 768]] [59 [769 770 771 772 773 774 775 776 777 778 779 780 781]] [60 [782 783 784 785 786 787 788 789 790 791 792 793 794]] [61 [795 796 797 798 799 800 801 802 803 804 805 806 807]] [62 [808 809 810 811 812 813 814 815 816 817 818 819 820]] [63 [821 822 823 824 825 826 827 828 829 830 831 832 833]] [64 [834 835 836 837 838 839 840 841 842 843 844 845 846]] [65 [847 848 849 850 851 852 853 854 855 856 857 858 859]] [66 [860 861 862 863 864 865 866 867 868 869 870 871 872]] [67 [873 874 875 876 877 878 879 880 881 882 883 884 885]] [68 [886 887 888 889 890 891 892 893 894 895 896 897 898]] [69 [899 900 901 902 903 904 905 906 907 908 909 910 911]] [70 [912 913 914 915 916 917 918 919 920 921 922 923 924]] [71 [925 926 927 928 929 930 931 932 933 934 935 936 937]] [72 [938 939 940 941 942 943 944 945 946 947 948 949 950]] [73 [951 952 953 954 955 956 957 958 959 960 961 962 963]] [74 [964 965 966 967 968 969 970 971 972 973 974 975 976]] [75 [977 978 979 980 981 982 983 984 985 986 987 988 989]] [76 [990 991 992 993 994 995 996 997 998 999 1000 1001 1002]] [77 [1003 1004 1005 1006 1007 1008 1009 1010 1011 1012 1013 1014 1015]] [78 [1016 1017 1018 1019 1020 1021 1022 1023 1024 1025 1026 1027 1028]] [79 [1029 1030 1031 1032 1033 1034 1035 1036 1037 1038 1039 1040 1041]] [80 [1042 1043 1044 1045 1046 1047 1048 1049 1050 1051 1052 1053 1054]] [81 [1055 1056 1057 1058 1059 1060 1061 1062 1063 1064 1065 1066 1067]] [82 [1068 1069 1070 1071 1072 1073 1074 1075 1076 1077 1078 1079 1080]] [83 [1081 1082 1083 1084 1085 1086 1087 1088 1089 1090 1091 1092 1093]] [84 [1094 1095 1096 1097 1098 1099 1100 1101 1102 1103 1104 1105 1106]] [85 [1107 1108 1109 1110 1111 1112 1113 1114 1115 1116 1117 1118 1119]] [86 [1120 1121 1122 1123 1124 1125 1126 1127 1128 1129 1130 1131 1132]] [87 [1133 1134 1135 1136 1137 1138 1139 1140 1141 1142 1143 1144 1145]] [88 [1146 1147 1148 1149 1150 1151 1152 1153 1154 1155 1156 1157 1158]] [89 [1159 1160 1161 1162 1163 1164 1165 1166 1167 1168 1169 1170 1171]] [90 [1172 1173 1174 1175 1176 1177 1178 1179 1180 1181 1182 1183 1184]] [91 [1185 1186 1187 1188 1189 1190 1191 1192 1193 1194 1195 1196 1197]] [92 [1198 1199 1200 1201 1202 1203 1204 1205 1206 1207 1208 1209 1210]] [93 [1211 1212 1213 1214 1215 1216 1217 1218 1219 1220 1221 1222 1223]] [94 [1224 1225 1226 1227 1228 1229 1230 1231 1232 1233 1234 1235 1236]] [95 [1237 1238 1239 1240 1241 1242 1243 1244 1245 1246 1247 1248 1249]] [96 [1250 1251 1252 1253 1254 1255 1256 1257 1258 1259 1260 1261 1262]] [97 [1263 1264 1265 1266 1267 1268 1269 1270 1271 1272 1273 1274 1275]] [98 [1276 1277 1278 1279 1280 1281 1282 1283 1284 1285 1286 1287 1288]] [99 [1289 1290 1291 1292 1293 1294 1295 1296 1297 1298 1299 1300 1301]]]","[[0 [0 1 2 3 4 6 7 8 9 10 13]] [1 [15 16 17 18 19 20 21 22 23 24 25 26 27]] [2 [28 29 30 31 32 33 34 35 36 37 38 39 40]] [3 [41 42 43 44 45 46 47 48 49 50 51 52 53]] [4 [54 55 56 57 58 59 60 61 62 63 64 65 66]] [5 [67 68 69 70 71 72 73 74 75 76 77 78 79]] [6 [80 81 82 83 84 85 86 87 88 89 90 91 92]] [7 [93 94 95 96 97 98 99 100 101 102 103 104 105]] [8 [106 107 108 109 110 111 112 113 114 115 116 117 118]] [9 [119 120 121 122 123 124 125 126 127 128 129 130 131]] [10 [132 133 134 135 136 137 138 139 140 141 142 143 144]] [11 [145 146 147 148 149 150 151 152 153 154 155 156 157]] [12 [158 159 160 161 162 163 164 165 166 167 168 169 170]] [13 [171 172 173 174 175 176 177 178 179 180 181 182 183]] [14 [184 185 186 187 188 189 190 191 192 193 194 195 196]] [15 [197 198 199 200 201 202 203 204 205 206 207 208 209]] [16 [210 211 212 213 214 215 216 217 218 219 220 221 222]] [17 [223 224 225 226 227 228 229 230 231 232 233 234 235]] [18 [236 237 238 239 240 241 242 243 244 245 246 247 248]] [19 [249 250 251 252 253 254 255 256 257 258 259 260 261]] [20 [262 263 264 265 266 267 268 269 270 271 272 273 274]] [21 [275 276 277 278 279 280 281 282 283 284 285 286 287]] [22 [288 289 290 291 292 293 294 295 296 297 298 299 300]] [23 [301 302 303 304 305 306 307 308 309 310 311 312 313]] [24 [314 315 316 317 318 319 320 321 322 323 324 325 326]] [25 [327 328 329 330 331 332 333 334 335 336 337 338 339]] [26 [340 341 342 343 344 345 346 347 348 349 350 351 352]] [27 [353 354 355 356 357 358 359 360 361 362 363 364 365]] [28 [366 367 368 369 370 371 372 373 374 375 376 377 378]] [29 [379 380 381 382 383 384 385 386 387 388 389 390 391]] [30 [392 393 394 395 396 397 398 399 400 401 402 403 404]] [31 [405 406 407 408 409 410 411 412 413 414 415 416 417]] [32 [418 419 420 421 422 423 424 425 426 427 428 429 430]] [33 [431 432 433 434 435 436 437 438 439 440 441 442 443]] [34 [444 445 446 447 448 449 450 451 452 453 454 455 456]] [35 [457 458 459 460 461 462 463 464 465 466 467 468 469]] [36 [470 471 472 473 474 475 476 477 478 479 480 481 482]] [37 [483 484 485 486 487 488 489 490 491 492 493 494 495]] [38 [496 497 498 499 500 501 502 503 504 505 506 507 508]] [39 [509 510 511 512 513 514 515 516 517 518 519 520 521]] [40 [522 523 524 525 526 527 528 529 530 531 532 533 534]] [41 [535 536 537 538 539 540 541 542 543 544 545 546 547]] [42 [548 549 550 551 552 553 554 555 556 557 558 559 560]] [43 [561 562 563 564 565 566 567 568 569 570 571 572 573]] [44 [574 575 576 577 578 579 580 581 582 583 584 585 586]] [45 [587 588 589 590 591 592 593 594 595 596 597 598 599]] [46 [600 601 602 603 604 605 606 607 608 609 610 611 612]] [47 [613 614 615 616 617 618 619 620 621 622 623 624 625]] [48 [626 627 628 629 630 631 632 633 634 635 636 637 638]] [49 [639 640 641 642 643 644 645 646 647 648 649 650 651]] [50 [652 653 654 655 656 657 658 659 660 661 662 663 664]] [51 [665 666 667 668 669 670 671 672 673 674 675 676 677]] [52 [678 679 680 681 682 683 684 685 686 687 688 689 690]] [53 [691 692 693 694 695 696 697 698 699 700 701 702 703]] [54 [704 705 706 707 708 709 710 711 712 713 714 715 716]] [55 [717 718 719 720 721 722 723 724 725 726 727 728 729]] [56 [730 731 732 733 734 735 736 737 738 739 740 741 742]] [57 [743 744 745 746 747 748 749 750 751 752 753 754 755]] [58 [756 757 758 759 760 761 762 763 764 765 766 767 768]] [59 [769 770 771 772 773 774 775 776 777 778 779 780 781]] [60 [782 783 784 785 786 787 788 789 790 791 792 793 794]] [61 [795 796 797 798 799 800 801 802 803 804 805 806 807]] [62 [808 809 810 811 812 813 814 815 816 817 818 819 820]] [63 [821 822 823 824 825 826 827 828 829 830 831 832 833]] [64 [834 835 836 837 838 839 840 841 842 843 844 845 846]] [65 [847 848 849 850 851 852 853 854 855 856 857 858 859]] [66 [860 861 862 863 864 865 866 867 868 869 870 871 872]] [67 [873 874 875 876 877 878 879 880 881 882 883 884 885]] [68 [886 887 888 889 890 891 892 893 894 895 896 897 898]] [69 [899 900 901 902 903 904 905 906 907 908 909 910 911]] [70 [912 913 914 915 916 917 918 919 920 921 922 923 924]] [71 [925 926 927 928 929 930 931 932 933 934 935 936 937]] [72 [938 939 940 941 942 943 944 945 946 947 948 949 950]] [73 [951 952 953 954 955 956 957 958 959 960 961 962 963]] [74 [964 965 966 967 968 969 970 971 972 973 974 975 976]] [75 [977 978 979 980 981 982 983 984 985 986 987 988 989]] [76 [990 991 992 993 994 995 996 997 998 999 1000 1001 1002]] [77 [1003 1004 1005 1006 1007 1008 1009 1010 1011 1012 1013 1014 1015]] [78 [1016 1017 1018 1019 1020 1021 1022 1023 1024 1025 1026 1027 1028]] [79 [1029 1030 1031 1032 1033 1034 1035 1036 1037 1038 1039 1040 1041]] [80 [1042 1043 1044 1045 1046 1047 1048 1049 1050 1051 1052 1053 1054]] [81 [1055 1056 1057 1058 1059 1060 1061 1062 1063 1064 1065 1066 1067]] [82 [1068 1069 1070 1071 1072 1073 1074 1075 1076 1077 1078 1079 1080]] [83 [1081 1082 1083 1084 1085 1086 1087 1088 1089 1090 1091 1092 1093]] [84 [1094 1095 1096 1097 1098 1099 1100 1101 1102 1103 1104 1105 1106]] [85 [1107 1108 1109 1110 1111 1112 1113 1114 1115 1116 1117 1118 1119]] [86 [1120 1121 1122 1123 1124 1125 1126 1127 1128 1129 1130 1131 1132]] [87 [1133 1134 1135 1136 1137 1138 1139 1140 1141 1142 1143 1144 1145]] [88 [1146 1147 1148 1149 1150 1151 1152 1153 1154 1155 1156 1157 1158]] [89 [1159 1160 1161 1162 1163 1164 1165 1166 1167 1168 1169 1170 1171]] [90 [1172 1173 1174 1175 1176 1177 1178 1179 1180 1181 1182 1183 1184]] [91 [1185 1186 1187 1188 1189 1190 1191 1192 1193 1194 1195 1196 1197]] [92 [1198 1199 1200 1201 1202 1203 1204 1205 1206 1207 1208 1209 1210]] [93 [1211 1212 1213 1214 1215 1216 1217 1218 1219 1220 1221 1222 1223]] [94 [1224 1225 1226 1227 1228 1229 1230 1231 1232 1233 1234 1235 1236]] [95 [1237 1238 1239 1240 1241 1242 1243 1244 1245 1246 1247 1248 1249]] [96 [1250 1251 1252 1253 1254 1255 1256 1257 1258 1259 1260 1261 1262]] [97 [1263 1264 1265 1266 1267 1268 1269 1270 1271 1272 1273 1274 1275]] [98 [1276 1277 1278 1279 1280 1281 1282 1283 1284 1285 1286 1287 1288]] [99 [1289 1290 1291 1292 1293 1294 1295 1296 1297 1298 1299 1300 1301]]]",,"[[{citizen 5} [[""A"" [3 3]]]] [{citizen 7} [[""A"" [3 3]]]] [{citizen 8} [[""A"" [3 3]]]] [{citizen 16} [[""A"" [3 3]]]] [{citizen 17} [[""A"" [3 3]]]] [{citizen 18} [[""A"" [3 3]]]] [{citizen 26} [[""A"" [3 3]]]] [{citizen 39} [[""A"" [3 3]]]] [{citizen 44} [[""A"" [3 3]]]] [{media 53} [[""A"" [3 3]]]] [{media 54} [[""A"" [3 3]]]] [{media 56} [[""A"" [3 3]]]] [{media 62} [[""A"" [3 3]]]] [{media 63} [[""A"" [3 3]]]] [{media 64} [[""A"" [3 3]]]] [{media 59} [[""A"" [3 3]]]] [{citizen 0} [[""A"" [3 3]]]] [{media 57} [[""A"" [3 3]]]] [{media 50} [[""A"" [3 3]]]] [{media 55} [[""A"" [3 3]]]] [{media 52} [[""A"" [3 3]]]] [{media 61} [[""A"" [3 3]]]] [{citizen 9} [[""A"" [3 3]]]] [{citizen 4} [[""A"" [3 3]]]] [{citizen 12} [[""A"" [3 3]]]] [{citizen 43} [[""A"" [3 3]]]] [{citizen 3} [[""A"" [3 3]]]] [{citizen 45} [[""A"" [3 3]]]] [{citizen 20} [[""A"" [3 3]]]] [{citizen 1} [[""A"" [3 3]]]] [{citizen 36} [[""A"" [3 3]]]] [{citizen 37} [[""A"" [3 3]]]] [{citizen 10} [[""A"" [3 3]]]] [{citizen 31} [[""A"" [3 3]]]] [{citizen 14} [[""A"" [3 3]]]] [{citizen 42} [[""A"" [3 3]]]] [{citizen 27} [[""A"" [3 3]]]] [{citizen 33} [[""A"" [3 3]]]] [{citizen 40} [[""A"" [3 3]]]] [{citizen 19} [[""A"" [3 3]]]] [{citizen 34} [[""A"" [3 3]]]] [{citizen 38} [[""A"" [3 3]]]] [{citizen 24} [[""A"" [3 3]]]] [{citizen 15} [[""A"" [3 3]]]] [{citizen 49} [[""A"" [3 3]]]] [{citizen 23} [[""A"" [3 3]]]] [{citizen 46} [[""A"" [3 3]]]] [{citizen 21} [[""A"" [3 3]]]] [{citizen 41} [[""A"" [3 3]]]] [{citizen 29} [[""A"" [3 3]]]] [{citizen 48} [[""A"" [3 3]]]] [{citizen 11} [[""A"" [3 3]]]] [{media 51} [[""A"" [3 3]]]] [{citizen 35} [[""A"" [3 3]]]] [{citizen 22} [[""A"" [3 3]]]] [{citizen 32} [[""A"" [3 3]]]] [{citizen 25} [[""A"" [3 3]]]] [{citizen 30} [[""A"" [3 3]]]] [{citizen 28} [[""A"" [3 3]]]] [{citizen 6} [[""A"" [3 3]]]] [{citizen 47} [[""A"" [3 3]]]] [{citizen 13} [[""A"" [3 3]]]]]"
"3","[128 0 127]","18.782608695652176","2.9772302716633874","8.506009902710215","""circle""","""""","9.9","{breed citizens}","false","0.5","1","""up""",,"[[""ID"" 37] [""alpha"" 1] [""beta"" 1] [""malleable"" [""A""]] [""prior"" []] [""cont_tokens"" []] [""A"" 3]]","[[0 [0 2 3 6 7 8 13]] [1 [15 16 17 18 19 20 21 22 23 24 25 26 27]] [2 [28 29 30 31 32 33 34 35 36 37 38 39 40]] [3 [41 42 43 44 45 46 47 48 49 50 51 52 53]] [4 [54 55 56 57 58 59 60 61 62 63 64 65 66]] [5 [67 68 69 70 71 72 73 74 75 76 77 78 79]] [6 [80 81 82 83 84 85 86 87 88 89 90 91 92]] [7 [93 94 95 96 97 98 99 100 101 102 103 104 105]] [8 [106 107 108 109 110 111 112 113 114 115 116 117 118]] [9 [119 120 121 122 123 124 125 126 127 128 129 130 131]] [10 [132 133 134 135 136 137 138 139 140 141 142 143 144]] [11 [145 146 147 148 149 150 151 152 153 154 155 156 157]] [12 [158 159 160 161 162 163 164 165 166 167 168 169 170]] [13 [171 172 173 174 175 176 177 178 179 180 181 182 183]] [14 [184 185 186 187 188 189 190 191 192 193 194 195 196]] [15 [197 198 199 200 201 202 203 204 205 206 207 208 209]] [16 [210 211 212 213 214 215 216 217 218 219 220 221 222]] [17 [223 224 225 226 227 228 229 230 231 232 233 234 235]] [18 [236 237 238 239 240 241 242 243 244 245 246 247 248]] [19 [249 250 251 252 253 254 255 256 257 258 259 260 261]] [20 [262 263 264 265 266 267 268 269 270 271 272 273 274]] [21 [275 276 277 278 279 280 281 282 283 284 285 286 287]] [22 [288 289 290 291 292 293 294 295 296 297 298 299 300]] [23 [301 302 303 304 305 306 307 308 309 310 311 312 313]] [24 [314 315 316 317 318 319 320 321 322 323 324 325 326]] [25 [327 328 329 330 331 332 333 334 335 336 337 338 339]] [26 [340 341 342 343 344 345 346 347 348 349 350 351 352]] [27 [353 354 355 356 357 358 359 360 361 362 363 364 365]] [28 [366 367 368 369 370 371 372 373 374 375 376 377 378]] [29 [379 380 381 382 383 384 385 386 387 388 389 390 391]] [30 [392 393 394 395 396 397 398 399 400 401 402 403 404]] [31 [405 406 407 408 409 410 411 412 413 414 415 416 417]] [32 [418 419 420 421 422 423 424 425 426 427 428 429 430]] [33 [431 432 433 434 435 436 437 438 439 440 441 442 443]] [34 [444 445 446 447 448 449 450 451 452 453 454 455 456]] [35 [457 458 459 460 461 462 463 464 465 466 467 468 469]] [36 [470 471 472 473 474 475 476 477 478 479 480 481 482]] [37 [483 484 485 486 487 488 489 490 491 492 493 494 495]] [38 [496 497 498 499 500 501 502 503 504 505 506 507 508]] [39 [509 510 511 512 513 514 515 516 517 518 519 520 521]] [40 [522 523 524 525 526 527 528 529 530 531 532 533 534]] [41 [535 536 537 538 539 540 541 542 543 544 545 546 547]] [42 [548 549 550 551 552 553 554 555 556 557 558 559 560]] [43 [561 562 563 564 565 566 567 568 569 570 571 572 573]] [44 [574 575 576 577 578 579 580 581 582 583 584 585 586]] [45 [587 588 589 590 591 592 593 594 595 596 597 598 599]] [46 [600 601 602 603 604 605 606 607 608 609 610 611 612]] [47 [613 614 615 616 617 618 619 620 621 622 623 624 625]] [48 [626 627 628 629 630 631 632 633 634 635 636 637 638]] [49 [639 640 641 642 643 644 645 646 647 648 649 650 651]] [50 [652 653 654 655 656 657 658 659 660 661 662 663 664]] [51 [665 666 667 668 669 670 671 672 673 674 675 676 677]] [52 [678 679 680 681 682 683 684 685 686 687 688 689 690]] [53 [691 692 693 694 695 696 697 698 699 700 701 702 703]] [54 [704 705 706 707 708 709 710 711 712 713 714 715 716]] [55 [717 718 719 720 721 722 723 724 725 726 727 728 729]] [56 [730 731 732 733 734 735 736 737 738 739 740 741 742]] [57 [743 744 745 746 747 748 749 750 751 752 753 754 755]] [58 [756 757 758 759 760 761 762 763 764 765 766 767 768]] [59 [769 770 771 772 773 774 775 776 777 778 779 780 781]] [60 [782 783 784 785 786 787 788 789 790 791 792 793 794]] [61 [795 796 797 798 799 800 801 802 803 804 805 806 807]] [62 [808 809 810 811 812 813 814 815 816 817 818 819 820]] [63 [821 822 823 824 825 826 827 828 829 830 831 832 833]] [64 [834 835 836 837 838 839 840 841 842 843 844 845 846]] [65 [847 848 849 850 851 852 853 854 855 856 857 858 859]] [66 [860 861 862 863 864 865 866 867 868 869 870 871 872]] [67 [873 874 875 876 877 878 879 880 881 882 883 884 885]] [68 [886 887 888 889 890 891 892 893 894 895 896 897 898]] [69 [899 900 901 902 903 904 905 906 907 908 909 910 911]] [70 [912 913 914 915 916 917 918 919 920 921 922 923 924]] [71 [925 926 927 928 929 930 931 932 933 934 935 936 937]] [72 [938 939 940 941 942 943 944 945 946 947 948 949 950]] [73 [951 952 953 954 955 956 957 958 959 960 961 962 963]] [74 [964 965 966 967 968 969 970 971 972 973 974 975 976]] [75 [977 978 979 980 981 982 983 984 985 986 987 988 989]] [76 [990 991 992 993 994 995 996 997 998 999 1000 1001 1002]] [77 [1003 1004 1005 1006 1007 1008 1009 1010 1011 1012 1013 1014 1015]] [78 [1016 1017 1018 1019 1020 1021 1022 1023 1024 1025 1026 1027 1028]] [79 [1029 1030 1031 1032 1033 1034 1035 1036 1037 1038 1039 1040 1041]] [80 [1042 1043 1044 1045 1046 1047 1048 1049 1050 1051 1052 1053 1054]] [81 [1055 1056 1057 1058 1059 1060 1061 1062 1063 1064 1065 1066 1067]] [82 [1068 1069 1070 1071 1072 1073 1074 1075 1076 1077 1078 1079 1080]] [83 [1081 1082 1083 1084 1085 1086 1087 1088 1089 1090 1091 1092 1093]] [84 [1094 1095 1096 1097 1098 1099 1100 1101 1102 1103 1104 1105 1106]] [85 [1107 1108 1109 1110 1111 1112 1113 1114 1115 1116 1117 1118 1119]] [86 [1120 1121 1122 1123 1124 1125 1126 1127 1128 1129 1130 1131 1132]] [87 [1133 1134 1135 1136 1137 1138 1139 1140 1141 1142 1143 1144 1145]] [88 [1146 1147 1148 1149 1150 1151 1152 1153 1154 1155 1156 1157 1158]] [89 [1159 1160 1161 1162 1163 1164 1165 1166 1167 1168 1169 1170 1171]] [90 [1172 1173 1174 1175 1176 1177 1178 1179 1180 1181 1182 1183 1184]] [91 [1185 1186 1187 1188 1189 1190 1191 1192 1193 1194 1195 1196 1197]] [92 [1198 1199 1200 1201 1202 1203 1204 1205 1206 1207 1208 1209 1210]] [93 [1211 1212 1213 1214 1215 1216 1217 1218 1219 1220 1221 1222 1223]] [94 [1224 1225 1226 1227 1228 1229 1230 1231 1232 1233 1234 1235 1236]] [95 [1237 1238 1239 1240 1241 1242 1243 1244 1245 1246 1247 1248 1249]] [96 [1250 1251 1252 1253 1254 1255 1256 1257 1258 1259 1260 1261 1262]] [97 [1263 1264 1265 1266 1267 1268 1269 1270 1271 1272 1273 1274 1275]] [98 [1276 1277 1278 1279 1280 1281 1282 1283 1284 1285 1286 1287 1288]] [99 [1289 1290 1291 1292 1293 1294 1295 1296 1297 1298 1299 1300 1301]]]","[[0 [0 2 3 6 7 8 13]] [1 [15 16 17 18 19 20 21 22 23 24 25 26 27]] [2 [28 29 30 31 32 33 34 35 36 37 38 39 40]] [3 [41 42 43 44 45 46 47 48 49 50 51 52 53]] [4 [54 55 56 57 58 59 60 61 62 63 64 65 66]] [5 [67 68 69 70 71 72 73 74 75 76 77 78 79]] [6 [80 81 82 83 84 85 86 87 88 89 90 91 92]] [7 [93 94 95 96 97 98 99 100 101 102 103 104 105]] [8 [106 107 108 109 110 111 112 113 114 115 116 117 118]] [9 [119 120 121 122 123 124 125 126 127 128 129 130 131]] [10 [132 133 134 135 136 137 138 139 140 141 142 143 144]] [11 [145 146 147 148 149 150 151 152 153 154 155 156 157]] [12 [158 159 160 161 162 163 164 165 166 167 168 169 170]] [13 [171 172 173 174 175 176 177 178 179 180 181 182 183]] [14 [184 185 186 187 188 189 190 191 192 193 194 195 196]] [15 [197 198 199 200 201 202 203 204 205 206 207 208 209]] [16 [210 211 212 213 214 215 216 217 218 219 220 221 222]] [17 [223 224 225 226 227 228 229 230 231 232 233 234 235]] [18 [236 237 238 239 240 241 242 243 244 245 246 247 248]] [19 [249 250 251 252 253 254 255 256 257 258 259 260 261]] [20 [262 263 264 265 266 267 268 269 270 271 272 273 274]] [21 [275 276 277 278 279 280 281 282 283 284 285 286 287]] [22 [288 289 290 291 292 293 294 295 296 297 298 299 300]] [23 [301 302 303 304 305 306 307 308 309 310 311 312 313]] [24 [314 315 316 317 318 319 320 321 322 323 324 325 326]] [25 [327 328 329 330 331 332 333 334 335 336 337 338 339]] [26 [340 341 342 343 344 345 346 347 348 349 350 351 352]] [27 [353 354 355 356 357 358 359 360 361 362 363 364 365]] [28 [366 367 368 369 370 371 372 373 374 375 376 377 378]] [29 [379 380 381 382 383 384 385 386 387 388 389 390 391]] [30 [392 393 394 395 396 397 398 399 400 401 402 403 404]] [31 [405 406 407 408 409 410 411 412 413 414 415 416 417]] [32 [418 419 420 421 422 423 424 425 426 427 428 429 430]] [33 [431 432 433 434 435 436 437 438 439 440 441 442 443]] [34 [444 445 446 447 448 449 450 451 452 453 454 455 456]] [35 [457 458 459 460 461 462 463 464 465 466 467 468 469]] [36 [470 471 472 473 474 475 476 477 478 479 480 481 482]] [37 [483 484 485 486 487 488 489 490 491 492 493 494 495]] [38 [496 497 498 499 500 501 502 503 504 505 506 507 508]] [39 [509 510 511 512 513 514 515 516 517 518 519 520 521]] [40 [522 523 524 525 526 527 528 529 530 531 532 533 534]] [41 [535 536 537 538 539 540 541 542 543 544 545 546 547]] [42 [548 549 550 551 552 553 554 555 556 557 558 559 560]] [43 [561 562 563 564 565 566 567 568 569 570 571 572 573]] [44 [574 575 576 577 578 579 580 581 582 583 584 585 586]] [45 [587 588 589 590 591 592 593 594 595 596 597 598 599]] [46 [600 601 602 603 604 605 606 607 608 609 610 611 612]] [47 [613 614 615 616 617 618 619 620 621 622 623 624 625]] [48 [626 627 628 629 630 631 632 633 634 635 636 637 638]] [49 [639 640 641 642 643 644 645 646 647 648 649 650 651]] [50 [652 653 654 655 656 657 658 659 660 661 662 663 664]] [51 [665 666 667 668 669 670 671 672 673 674 675 676 677]] [52 [678 679 680 681 682 683 684 685 686 687 688 689 690]] [53 [691 692 693 694 695 696 697 698 699 700 701 702 703]] [54 [704 705 706 707 708 709 710 711 712 713 714 715 716]] [55 [717 718 719 720 721 722 723 724 725 726 727 728 729]] [56 [730 731 732 733 734 735 736 737 738 739 740 741 742]] [57 [743 744 745 746 747 748 749 750 751 752 753 754 755]] [58 [756 757 758 759 760 761 762 763 764 765 766 767 768]] [59 [769 770 771 772 773 774 775 776 777 778 779 780 781]] [60 [782 783 784 785 786 787 788 789 790 791 792 793 794]] [61 [795 796 797 798 799 800 801 802 803 804 805 806 807]] [62 [808 809 810 811 812 813 814 815 816 817 818 819 820]] [63 [821 822 823 824 825 826 827 828 829 830 831 832 833]] [64 [834 835 836 837 838 839 840 841 842 843 844 845 846]] [65 [847 848 849 850 851 852 853 854 855 856 857 858 859]] [66 [860 861 862 863 864 865 866 867 868 869 870 871 872]] [67 [873 874 875 876 877 878 879 880 881 882 883 884 885]] [68 [886 887 888 889 890 891 892 893 894 895 896 897 898]] [69 [899 900 901 902 903 904 905 906 907 908 909 910 911]] [70 [912 913 914 915 916 917 918 919 920 921 922 923 924]] [71 [925 926 927 929 930 931 932 933 934 935 936 937]] [72 [938 939 940 941 942 943 944 945 946 947 948 949 950]] [73 [951 952 953 954 955 956 957 958 959 960 961 962 963]] [74 [964 965 966 967 968 969 970 971 972 973 974 975 976]] [75 [977 978 979 980 981 982 983 984 985 986 987 988 989]] [76 [990 991 992 993 994 995 996 997 998 999 1000 1001 1002]] [77 [1003 1004 1005 1006 1007 1008 1009 1010 1011 1012 1013 1014 1015]] [78 [1016 1017 1018 1019 1020 1021 1022 1023 1024 1025 1026 1027 1028]] [79 [1029 1030 1031 1032 1033 1034 1035 1036 1037 1038 1039 1040 1041]] [80 [1042 1043 1044 1045 1046 1047 1048 1049 1050 1051 1052 1053 1054]] [81 [1055 1056 1057 1058 1059 1060 1061 1062 1063 1064 1065 1066 1067]] [82 [1068 1069 1070 1071 1072 1073 1074 1075 1076 1077 1078 1079 1080]] [83 [1081 1082 1083 1084 1085 1086 1087 1088 1089 1090 1091 1092 1093]] [84 [1094 1095 1096 1097 1098 1099 1100 1101 1102 1103 1104 1105 1106]] [85 [1107 1108 1109 1110 1111 1112 1113 1114 1115 1116 1117 1118 1119]] [86 [1120 1121 1122 1123 1124 1125 1126 1127 1128 1129 1130 1131 1132]] [87 [1133 1134 1135 1136 1137 1138 1139 1140 1141 1142 1143 1144 1145]] [88 [1146 1147 1148 1149 1150 1151 1152 1153 1154 1155 1156 1157 1158]] [89 [1159 1160 1161 1162 1163 1164 1165 1166 1167 1168 1169 1170 1171]] [90 [1172 1173 1174 1175 1176 1177 1178 1179 1180 1181 1182 1183 1184]] [91 [1185 1186 1187 1188 1189 1191 1192 1193 1194 1195 1196 1197]] [92 [1198 1199 1200 1201 1202 1203 1204 1205 1206 1207 1208 1209 1210]] [93 [1211 1212 1213 1214 1215 1216 1217 1218 1219 1220 1221 1222 1223]] [94 [1224 1225 1226 1227 1228 1229 1230 1231 1232 1233 1234 1235 1236]] [95 [1237 1238 1239 1240 1241 1242 1243 1244 1245 1246 1247 1248 1249]] [96 [1250 1251 1252 1253 1254 1255 1256 1257 1258 1259 1260 1261 1262]] [97 [1263 1264 1265 1266 1267 1268 1269 1270 1271 1272 1273 1274 1275]] [98 [1276 1277 1278 1279 1280 1281 1282 1283 1284 1285 1286 1287 1288]] [99 [1289 1290 1291 1292 1293 1294 1295 1296 1297 1298 1299 1300 1301]]]",,"[[{citizen 4} [[""A"" [3 3]]]] [{citizen 12} [[""A"" [3 3]]]] [{citizen 17} [[""A"" [3 3]]]] [{citizen 33} [[""A"" [3 3]]]] [{citizen 34} [[""A"" [3 3]]]] [{citizen 36} [[""A"" [3 3]]]] [{citizen 45} [[""A"" [3 3]]]] [{media 50} [[""A"" [3 3]]]] [{media 52} [[""A"" [3 3]]]] [{media 55} [[""A"" [3 3]]]] [{media 56} [[""A"" [3 3]]]] [{media 57} [[""A"" [3 3]]]] [{media 59} [[""A"" [3 3]]]] [{media 63} [[""A"" [3 3]]]] [{citizen 0} [[""A"" [3 3]]]] [{media 61} [[""A"" [3 3]]]] [{citizen 9} [[""A"" [3 3]]]] [{citizen 43} [[""A"" [3 3]]]] [{media 53} [[""A"" [3 3]]]] [{citizen 15} [[""A"" [3 3]]]] [{citizen 5} [[""A"" [3 3]]]] [{citizen 49} [[""A"" [3 3]]]] [{citizen 7} [[""A"" [3 3]]]] [{citizen 23} [[""A"" [3 3]]]] [{citizen 8} [[""A"" [3 3]]]] [{citizen 20} [[""A"" [3 3]]]] [{citizen 37} [[""A"" [3 3]]]] [{citizen 19} [[""A"" [3 3]]]] [{citizen 21} [[""A"" [3 3]]]] [{citizen 11} [[""A"" [3 3]]]] [{citizen 1} [[""A"" [3 3]]]] [{citizen 41} [[""A"" [3 3]]]] [{media 51} [[""A"" [3 3]]]] [{citizen 35} [[""A"" [3 3]]]] [{citizen 40} [[""A"" [3 3]]]] [{citizen 31} [[""A"" [3 3]]]] [{citizen 18} [[""A"" [3 3]]]] [{citizen 16} [[""A"" [3 3]]]] [{citizen 44} [[""A"" [3 3]]]] [{citizen 29} [[""A"" [3 3]]]] [{media 62} [[""A"" [3 3]]]] [{citizen 2} [[""A"" [3 3]]]] [{citizen 14} [[""A"" [3 3]]]] [{citizen 46} [[""A"" [3 3]]]] [{citizen 47} [[""A"" [3 3]]]] [{citizen 32} [[""A"" [3 3]]]] [{citizen 39} [[""A"" [3 3]]]] [{citizen 30} [[""A"" [3 3]]]] [{citizen 6} [[""A"" [3 3]]]] [{citizen 25} [[""A"" [3 3]]]] [{media 64} [[""A"" [3 3]]]] [{citizen 38} [[""A"" [3 3]]]] [{citizen 48} [[""A"" [3 3]]]] [{citizen 26} [[""A"" [3 3]]]] [{citizen 24} [[""A"" [3 3]]]] [{citizen 42} [[""A"" [3 3]]]] [{citizen 22} [[""A"" [3 3]]]] [{media 54} [[""A"" [3 3]]]] [{citizen 13} [[""A"" [3 3]]]] [{citizen 28} [[""A"" [3 3]]]] [{citizen 10} [[""A"" [3 3]]]] [{citizen 27} [[""A"" [3 3]]]]]"
"4","[128 0 127]","101.7391304347826","5.0482957082405555","-0.26777407696433875","""circle""","""""","9.9","{breed citizens}","false","0.5","1","""up""",,"[[""ID"" 21] [""alpha"" 1] [""beta"" 1] [""malleable"" [""A""]] [""prior"" []] [""cont_tokens"" []] [""A"" 3]]","[[0 [0 1 2 3 4 6 7 8 9 10 13]] [1 [15 16 17 18 19 20 21 22 23 24 25 26 27]] [2 [28 29 30 31 32 33 34 35 36 37 38 39 40]] [3 [41 42 43 44 45 46 47 48 49 50 51 52 53]] [4 [54 55 56 57 58 59 60 61 62 63 64 65 66]] [5 [67 68 69 70 71 72 73 74 75 76 77 78 79]] [6 [80 81 82 83 84 85 86 87 88 89 90 91 92]] [7 [93 94 95 96 97 98 99 100 101 102 103 104 105]] [8 [106 107 108 109 110 111 112 113 114 115 116 117 118]] [9 [119 120 121 122 123 124 125 126 127 128 129 130 131]] [10 [132 133 134 135 136 137 138 139 140 141 142 143 144]] [11 [145 146 147 148 149 150 151 152 153 154 155 156 157]] [12 [158 159 160 161 162 163 164 165 166 167 168 169 170]] [13 [171 172 173 174 175 176 177 178 179 180 181 182 183]] [14 [184 185 186 187 188 189 190 191 192 193 194 195 196]] [15 [197 198 199 200 201 202 203 204 205 206 207 208 209]] [16 [210 211 212 213 214 215 216 217 218 219 220 221 222]] [17 [223 224 225 226 227 228 229 230 231 232 233 234 235]] [18 [236 237 238 239 240 241 242 243 244 245 246 247 248]] [19 [249 250 251 252 253 254 255 256 257 258 259 260 261]] [20 [262 263 264 265 266 267 268 269 270 271 272 273 274]] [21 [275 276 277 278 279 280 281 282 283 284 285 286 287]] [22 [288 289 290 291 292 293 294 295 296 297 298 299 300]] [23 [301 302 303 304 305 306 307 308 309 310 311 312 313]] [24 [314 315 316 317 318 319 320 321 322 323 324 325 326]] [25 [327 328 329 330 331 332 333 334 335 336 337 338 339]] [26 [340 341 342 343 344 345 346 347 348 349 350 351 352]] [27 [353 354 355 356 357 358 359 360 361 362 363 364 365]] [28 [366 367 368 369 370 371 372 373 374 375 376 377 378]] [29 [379 380 381 382 383 384 385 386 387 388 389 390 391]] [30 [392 393 394 395 396 397 398 399 400 401 402 403 404]] [31 [405 406 407 408 409 410 411 412 413 414 415 416 417]] [32 [418 419 420 421 422 423 424 425 426 427 428 429 430]] [33 [431 432 433 434 435 436 437 438 439 440 441 442 443]] [34 [444 445 446 447 448 449 450 451 452 453 454 455 456]] [35 [457 458 459 460 461 462 463 464 465 466 467 468 469]] [36 [470 471 472 473 474 475 476 477 478 479 480 481 482]] [37 [483 484 485 486 487 488 489 490 491 492 493 494 495]] [38 [496 497 498 499 500 501 502 503 504 505 506 507 508]] [39 [509 510 511 512 513 514 515 516 517 518 519 520 521]] [40 [522 523 524 525 526 527 528 529 530 531 532 533 534]] [41 [535 536 537 538 539 540 541 542 543 544 545 546 547]] [42 [548 549 550 551 552 553 554 555 556 557 558 559 560]] [43 [561 562 563 564 565 566 567 568 569 570 571 572 573]] [44 [574 575 576 577 578 579 580 581 582 583 584 585 586]] [45 [587 588 589 590 591 592 593 594 595 596 597 598 599]] [46 [600 601 602 603 604 605 606 607 608 609 610 611 612]] [47 [613 614 615 616 617 618 619 620 621 622 623 624 625]] [48 [626 627 628 629 630 631 632 633 634 635 636 637 638]] [49 [639 640 641 642 643 644 645 646 647 648 649 650 651]] [50 [652 653 654 655 656 657 658 659 660 661 662 663 664]] [51 [665 666 667 668 669 670 671 672 673 674 675 676 677]] [52 [678 679 680 681 682 683 684 685 686 687 688 689 690]] [53 [691 692 693 694 695 696 697 698 699 700 701 702 703]] [54 [704 705 706 707 708 709 710 711 712 713 714 715 716]] [55 [717 718 719 720 721 722 723 724 725 726 727 728 729]] [56 [730 731 732 733 734 735 736 737 738 739 740 741 742]] [57 [743 744 745 746 747 748 749 750 751 752 753 754 755]] [58 [756 757 758 759 760 761 762 763 764 765 766 767 768]] [59 [769 770 771 772 773 774 775 776 777 778 779 780 781]] [60 [782 783 784 785 786 787 788 789 790 791 792 793 794]] [61 [795 796 797 798 799 800 801 802 803 804 805 806 807]] [62 [808 809 810 811 812 813 814 815 816 817 818 819 820]] [63 [821 822 823 824 825 826 827 828 829 830 831 832 833]] [64 [834 835 836 837 838 839 840 841 842 843 844 845 846]] [65 [847 848 849 850 851 852 853 854 855 856 857 858 859]] [66 [860 861 862 863 864 865 866 867 868 869 870 871 872]] [67 [873 874 875 876 877 878 879 880 881 882 883 884 885]] [68 [886 887 888 889 890 891 892 893 894 895 896 897 898]] [69 [899 900 901 902 903 904 905 906 907 908 909 910 911]] [70 [912 913 914 915 916 917 918 919 920 921 922 923 924]] [71 [925 926 927 928 929 930 931 932 933 934 935 936 937]] [72 [938 939 940 941 942 943 944 945 946 947 948 949 950]] [73 [951 952 953 954 955 956 957 958 959 960 961 962 963]] [74 [964 965 966 967 968 969 970 971 972 973 974 975 976]] [75 [977 978 979 980 981 982 983 984 985 986 987 988 989]] [76 [990 991 992 993 994 995 996 997 998 999 1000 1001 1002]] [77 [1003 1004 1005 1006 1007 1008 1009 1010 1011 1012 1013 1014 1015]] [78 [1016 1017 1018 1019 1020 1021 1022 1023 1024 1025 1026 1027 1028]] [79 [1029 1030 1031 1032 1033 1034 1035 1036 1037 1038 1039 1040 1041]] [80 [1042 1043 1044 1045 1046 1047 1048 1049 1050 1051 1052 1053 1054]] [81 [1055 1056 1057 1058 1059 1060 1061 1062 1063 1064 1065 1066 1067]] [82 [1068 1069 1070 1071 1072 1073 1074 1075 1076 1077 1078 1079 1080]] [83 [1081 1082 1083 1084 1085 1086 1087 1088 1089 1090 1091 1092 1093]] [84 [1094 1095 1096 1097 1098 1099 1100 1101 1102 1103 1104 1105 1106]] [85 [1107 1108 1109 1110 1111 1112 1113 1114 1115 1116 1117 1118 1119]] [86 [1120 1121 1122 1123 1124 1125 1126 1127 1128 1129 1130 1131 1132]] [87 [1133 1134 1135 1136 1137 1138 1139 1140 1141 1142 1143 1144 1145]] [88 [1146 1147 1148 1149 1150 1151 1152 1153 1154 1155 1156 1157 1158]] [89 [1159 1160 1161 1162 1163 1164 1165 1166 1167 1168 1169 1170 1171]] [90 [1172 1173 1174 1175 1176 1177 1178 1179 1180 1181 1182 1183 1184]] [91 [1185 1186 1187 1188 1189 1190 1191 1192 1193 1194 1195 1196 1197]] [92 [1198 1199 1200 1201 1202 1203 1204 1205 1206 1207 1208 1209 1210]] [93 [1211 1212 1213 1214 1215 1216 1217 1218 1219 1220 1221 1222 1223]] [94 [1224 1225 1226 1227 1228 1229 1230 1231 1232 1233 1234 1235 1236]] [95 [1237 1238 1239 1240 1241 1242 1243 1244 1245 1246 1247 1248 1249]] [96 [1250 1251 1252 1253 1254 1255 1256 1257 1258 1259 1260 1261 1262]] [97 [1263 1264 1265 1266 1267 1268 1269 1270 1271 1272 1273 1274 1275]] [98 [1276 1277 1278 1279 1280 1281 1282 1283 1284 1285 1286 1287 1288]] [99 [1289 1290 1291 1292 1293 1294 1295 1296 1297 1298 1299 1300 1301]]]","[[0 [0 1 2 3 4 6 7 8 9 10 13]] [1 [15 16 17 18 19 20 21 22 23 24 25 26 27]] [2 [28 29 30 31 32 33 34 35 36 37 38 39 40]] [3 [41 42 43 44 45 46 47 48 49 50 51 52 53]] [4 [54 55 56 57 58 59 60 61 62 63 64 65 66]] [5 [67 68 69 70 71 72 73 74 75 76 77 78 79]] [6 [80 81 82 83 84 85 86 87 88 89 90 91 92]] [7 [93 94 95 96 97 98 99 100 101 102 103 104 105]] [8 [106 107 108 109 110 111 112 113 114 115 116 117 118]] [9 [119 120 121 122 123 124 125 126 127 128 129 130 131]] [10 [132 133 134 135 136 137 138 139 140 141 142 143 144]] [11 [145 146 147 148 149 150 151 152 153 154 155 156 157]] [12 [158 159 160 161 162 163 164 165 166 167 168 169 170]] [13 [171 172 173 174 175 176 177 178 179 180 181 182 183]] [14 [184 185 186 187 188 189 190 191 192 193 194 195 196]] [15 [197 198 199 200 201 202 203 204 205 206 207 208 209]] [16 [210 211 212 213 214 215 216 217 218 219 220 221 222]] [17 [223 224 225 226 227 228 229 230 231 232 233 234 235]] [18 [236 237 238 239 240 241 242 243 244 245 246 247 248]] [19 [249 250 251 252 253 254 255 256 257 258 259 260 261]] [20 [262 263 264 265 266 267 268 269 270 271 272 273 274]] [21 [275 276 277 278 279 280 281 282 283 284 285 286 287]] [22 [288 289 290 291 292 293 294 295 296 297 298 299 300]] [23 [301 302 303 304 305 306 307 308 309 310 311 312 313]] [24 [314 315 316 317 318 319 320 321 322 323 324 325 326]] [25 [327 328 329 330 331 332 333 334 335 336 337 338 339]] [26 [340 341 342 343 344 345 346 347 348 349 350 351 352]] [27 [353 354 355 356 357 358 359 360 361 362 363 364 365]] [28 [366 367 368 369 370 371 372 373 374 375 376 377 378]] [29 [379 380 381 382 383 384 385 386 387 388 389 390 391]] [30 [392 393 394 395 396 397 398 399 400 401 402 403 404]] [31 [405 406 407 408 409 410 411 412 413 414 415 416 417]] [32 [418 419 420 421 422 423 424 425 426 427 428 429 430]] [33 [431 432 433 434 435 436 437 438 439 440 441 442 443]] [34 [444 445 446 447 448 449 450 451 452 453 454 455 456]] [35 [457 458 459 460 461 462 463 464 465 466 467 468 469]] [36 [470 471 472 473 474 475 476 477 478 479 480 481 482]] [37 [483 484 485 486 487 488 489 490 491 492 493 494 495]] [38 [496 497 498 499 500 501 502 503 504 505 506 507 508]] [39 [509 510 511 512 513 514 515 516 517 518 519 520 521]] [40 [522 523 524 525 526 527 528 529 530 531 532 533 534]] [41 [535 536 537 538 539 540 541 542 543 544 545 546 547]] [42 [548 549 550 551 552 553 554 555 556 557 558 559 560]] [43 [561 562 563 564 565 566 567 568 569 570 571 572 573]] [44 [574 575 576 577 578 579 580 581 582 583 584 585 586]] [45 [587 588 589 590 591 592 593 594 595 596 597 598 599]] [46 [600 601 602 603 604 605 606 607 608 609 610 611 612]] [47 [613 614 615 616 617 618 619 620 621 622 623 624 625]] [48 [626 627 628 629 630 631 632 633 634 635 636 637 638]] [49 [639 640 641 642 643 644 645 646 647 648 649 650 651]] [50 [652 653 654 655 656 657 658 659 660 661 662 663 664]] [51 [665 666 667 668 669 670 671 672 673 674 675 676 677]] [52 [678 679 680 681 682 683 684 685 686 687 688 689 690]] [53 [691 692 693 694 695 696 697 698 699 700 701 702 703]] [54 [704 705 706 707 708 709 710 711 712 713 714 715 716]] [55 [717 718 719 720 721 722 723 724 725 726 727 728 729]] [56 [730 731 732 733 734 735 736 737 738 739 740 741 742]] [57 [743 744 745 746 747 748 749 750 751 752 753 754 755]] [58 [756 757 758 759 760 761 762 763 764 765 766 767 768]] [59 [769 770 771 772 773 774 775 776 777 778 779 780 781]] [60 [782 783 784 785 786 787 788 789 790 791 792 793 794]] [61 [795 796 797 798 799 800 801 802 803 804 805 806 807]] [62 [808 809 810 811 812 813 814 815 816 817 818 819 820]] [63 [821 822 823 824 825 826 827 828 829 830 831 832 833]] [64 [834 835 836 837 838 839 840 841 842 843 844 845 846]] [65 [847 848 849 850 851 852 853 854 855 856 857 858 859]] [66 [860 861 862 863 864 865 866 867 868 869 870 871 872]] [67 [873 874 875 876 877 878 879 880 881 882 883 884 885]] [68 [886 887 888 889 890 891 892 893 894 895 896 897 898]] [69 [899 900 901 902 903 904 905 906 907 908 909 910 911]] [70 [912 913 914 915 916 917 918 919 920 921 922 923 924]] [71 [925 926 927 928 929 930 931 932 933 934 935 936 937]] [72 [938 939 940 941 942 943 944 945 946 947 948 949 950]] [73 [951 952 953 954 955 956 957 958 959 960 961 962 963]] [74 [964 965 966 967 968 969 970 971 972 973 974 975 976]] [75 [977 978 979 980 981 982 983 984 985 986 987 988 989]] [76 [990 991 992 993 994 995 996 997 998 999 1000 1001 1002]] [77 [1003 1004 1005 1006 1007 1008 1009 1010 1011 1012 1013 1014 1015]] [78 [1016 1017 1018 1019 1020 1021 1022 1023 1024 1025 1026 1027 1028]] [79 [1029 1030 1031 1032 1033 1034 1035 1036 1037 1038 1039 1040 1041]] [80 [1042 1043 1044 1045 1046 1047 1048 1049 1050 1051 1052 1053 1054]] [81 [1055 1056 1057 1058 1059 1060 1061 1062 1063 1064 1065 1066 1067]] [82 [1068 1069 1070 1071 1072 1073 1074 1075 1076 1077 1078 1079 1080]] [83 [1081 1082 1083 1084 1085 1086 1087 1088 1089 1090 1091 1092 1093]] [84 [1094 1095 1096 1097 1098 1099 1100 1101 1102 1103 1104 1105 1106]] [85 [1107 1108 1109 1110 1111 1112 1113 1114 1115 1116 1117 1118 1119]] [86 [1120 1121 1122 1123 1124 1125 1126 1127 1128 1129 1130 1131 1132]] [87 [1133 1134 1135 1136 1137 1138 1139 1140 1141 1142 1143 1144 1145]] [88 [1146 1147 1148 1149 1150 1151 1152 1153 1154 1155 1156 1157 1158]] [89 [1159 1160 1161 1162 1163 1164 1165 1166 1167 1168 1169 1170 1171]] [90 [1172 1173 1174 1175 1176 1177 1178 1179 1180 1181 1182 1183 1184]] [91 [1185 1186 1187 1188 1189 1190 1191 1192 1193 1194 1195 1196 1197]] [92 [1198 1199 1200 1201 1202 1203 1204 1205 1206 1207 1208 1209 1210]] [93 [1211 1212 1213 1214 1215 1216 1217 1218 1219 1220 1221 1222 1223]] [94 [1224 1225 1226 1227 1228 1229 1230 1231 1232 1233 1234 1235 1236]] [95 [1237 1238 1239 1240 1241 1242 1243 1244 1245 1246 1247 1248 1249]] [96 [1250 1251 1252 1253 1254 1255 1256 1257 1258 1259 1260 1261 1262]] [97 [1263 1264 1265 1266 1267 1268 1269 1270 1271 1272 1273 1274 1275]] [98 [1276 1277 1278 1279 1280 1281 1282 1283 1284 1285 1286 1287 1288]] [99 [1289 1290 1291 1292 1293 1294 1295 1296 1297 1298 1299 1300 1301]]]",,"[[{citizen 5} [[""A"" [3 3]]]] [{citizen 6} [[""A"" [3 3]]]] [{citizen 7} [[""A"" [3 3]]]] [{citizen 9} [[""A"" [3 3]]]] [{citizen 10} [[""A"" [3 3]]]] [{citizen 11} [[""A"" [3 3]]]] [{citizen 14} [[""A"" [3 3]]]] [{citizen 27} [[""A"" [3 3]]]] [{citizen 41} [[""A"" [3 3]]]] [{citizen 43} [[""A"" [3 3]]]] [{citizen 48} [[""A"" [3 3]]]] [{media 56} [[""A"" [3 3]]]] [{media 57} [[""A"" [3 3]]]] [{media 59} [[""A"" [3 3]]]] [{media 63} [[""A"" [3 3]]]] [{media 64} [[""A"" [3 3]]]] [{citizen 3} [[""A"" [3 3]]]] [{media 54} [[""A"" [3 3]]]] [{citizen 1} [[""A"" [3 3]]]] [{citizen 0} [[""A"" [3 3]]]] [{media 50} [[""A"" [3 3]]]] [{media 55} [[""A"" [3 3]]]] [{media 62} [[""A"" [3 3]]]] [{media 53} [[""A"" [3 3]]]] [{media 52} [[""A"" [3 3]]]] [{media 61} [[""A"" [3 3]]]] [{citizen 15} [[""A"" [3 3]]]] [{citizen 49} [[""A"" [3 3]]]] [{citizen 37} [[""A"" [3 3]]]] [{citizen 19} [[""A"" [3 3]]]] [{citizen 21} [[""A"" [3 3]]]] [{citizen 8} [[""A"" [3 3]]]] [{citizen 29} [[""A"" [3 3]]]] [{citizen 34} [[""A"" [3 3]]]] [{citizen 2} [[""A"" [3 3]]]] [{citizen 42} [[""A"" [3 3]]]] [{citizen 16} [[""A"" [3 3]]]] [{media 51} [[""A"" [3 3]]]] [{citizen 35} [[""A"" [3 3]]]] [{citizen 40} [[""A"" [3 3]]]] [{citizen 31} [[""A"" [3 3]]]] [{citizen 44} [[""A"" [3 3]]]] [{citizen 17} [[""A"" [3 3]]]] [{citizen 46} [[""A"" [3 3]]]] [{citizen 12} [[""A"" [3 3]]]] [{citizen 47} [[""A"" [3 3]]]] [{citizen 32} [[""A"" [3 3]]]] [{citizen 36} [[""A"" [3 3]]]] [{citizen 25} [[""A"" [3 3]]]] [{citizen 38} [[""A"" [3 3]]]] [{citizen 33} [[""A"" [3 3]]]] [{citizen 23} [[""A"" [3 3]]]] [{citizen 24} [[""A"" [3 3]]]] [{citizen 30} [[""A"" [3 3]]]] [{citizen 22} [[""A"" [3 3]]]] [{citizen 20} [[""A"" [3 3]]]] [{citizen 28} [[""A"" [3 3]]]] [{citizen 18} [[""A"" [3 3]]]] [{citizen 13} [[""A"" [3 3]]]] [{citizen 39} [[""A"" [3 3]]]] [{citizen 26} [[""A"" [3 3]]]] [{citizen 45} [[""A"" [3 3]]]]]"
"5","[128 0 127]","180","0.7496709576002974","-0.08691994399832934","""circle""","""""","9.9","{breed citizens}","false","0.5","1","""up""",,"[[""ID"" 6] [""alpha"" 1] [""beta"" 1] [""malleable"" [""A""]] [""prior"" []] [""cont_tokens"" []] [""A"" 3]]","[[0 [0 1 2 3 4 6 7 8 9 10 13]] [1 [15 16 17 18 19 20 21 22 23 24 25 26 27]] [2 [28 29 30 31 32 33 34 35 36 37 38 39 40]] [3 [41 42 43 44 45 46 47 48 49 50 51 52 53]] [4 [54 55 56 57 58 59 60 61 62 63 64 65 66]] [5 [67 68 69 70 71 72 73 74 75 76 77 78 79]] [6 [80 81 82 83 84 85 86 87 88 89 90 91 92]] [7 [93 94 95 96 97 98 99 100 101 102 103 104 105]] [8 [106 107 108 109 110 111 112 113 114 115 116 117 118]] [9 [119 120 121 122 123 124 125 126 127 128 129 130 131]] [10 [132 133 134 135 136 137 138 139 140 141 142 143 144]] [11 [145 146 147 148 149 150 151 152 153 154 155 156 157]] [12 [158 159 160 161 162 163 164 165 166 167 168 169 170]] [13 [171 172 173 174 175 176 177 178 179 180 181 182 183]] [14 [184 185 186 187 188 189 190 191 192 193 194 195 196]] [15 [197 198 199 200 201 202 203 204 205 206 207 208 209]] [16 [210 211 212 213 214 215 216 217 218 219 220 221 222]] [17 [223 224 225 226 227 228 229 230 231 232 233 234 235]] [18 [236 237 238 239 240 241 242 243 244 245 246 247 248]] [19 [249 250 251 252 253 254 255 256 257 258 259 260 261]] [20 [262 263 264 265 266 267 268 269 270 271 272 273 274]] [21 [275 276 277 278 279 280 281 282 283 284 285 286 287]] [22 [288 289 290 291 292 293 294 295 296 297 298 299 300]] [23 [301 302 303 304 305 306 307 308 309 310 311 312 313]] [24 [314 315 316 317 318 319 320 321 322 323 324 325 326]] [25 [327 328 329 330 331 332 333 334 335 336 337 338 339]] [26 [340 341 342 343 344 345 346 347 348 349 350 351 352]] [27 [353 354 355 356 357 358 359 360 361 362 363 364 365]] [28 [366 367 368 369 370 371 372 373 374 375 376 377 378]] [29 [379 380 381 382 383 384 385 386 387 388 389 390 391]] [30 [392 393 394 395 396 397 398 399 400 401 402 403 404]] [31 [405 406 407 408 409 410 411 412 413 414 415 416 417]] [32 [418 419 420 421 422 423 424 425 426 427 428 429 430]] [33 [431 432 433 434 435 436 437 438 439 440 441 442 443]] [34 [444 445 446 447 448 449 450 451 452 453 454 455 456]] [35 [457 458 459 460 461 462 463 464 465 466 467 468 469]] [36 [470 471 472 473 474 475 476 477 478 479 480 481 482]] [37 [483 484 485 486 487 488 489 490 491 492 493 494 495]] [38 [496 497 498 499 500 501 502 503 504 505 506 507 508]] [39 [509 510 511 512 513 514 515 516 517 518 519 520 521]] [40 [522 523 524 525 526 527 528 529 530 531 532 533 534]] [41 [535 536 537 538 539 540 541 542 543 544 545 546 547]] [42 [548 549 550 551 552 553 554 555 556 557 558 559 560]] [43 [561 562 563 564 565 566 567 568 569 570 571 572 573]] [44 [574 575 576 577 578 579 580 581 582 583 584 585 586]] [45 [587 588 589 590 591 592 593 594 595 596 597 598 599]] [46 [600 601 602 603 604 605 606 607 608 609 610 611 612]] [47 [613 614 615 616 617 618 619 620 621 622 623 624 625]] [48 [626 627 628 629 630 631 632 633 634 635 636 637 638]] [49 [639 640 641 642 643 644 645 646 647 648 649 650 651]] [50 [652 653 654 655 656 657 658 659 660 661 662 663 664]] [51 [665 666 667 668 669 670 671 672 673 674 675 676 677]] [52 [678 679 680 681 682 683 684 685 686 687 688 689 690]] [53 [691 692 693 694 695 696 697 698 699 700 701 702 703]] [54 [704 705 706 707 708 709 710 711 712 713 714 715 716]] [55 [717 718 719 720 721 722 723 724 725 726 727 728 729]] [56 [730 731 732 733 734 735 736 737 738 739 740 741 742]] [57 [743 744 745 746 747 748 749 750 751 752 753 754 755]] [58 [756 757 758 759 760 761 762 763 764 765 766 767 768]] [59 [769 770 771 772 773 774 775 776 777 778 779 780 781]] [60 [782 783 784 785 786 787 788 789 790 791 792 793 794]] [61 [795 796 797 798 799 800 801 802 803 804 805 806 807]] [62 [808 809 810 811 812 813 814 815 816 817 818 819 820]] [63 [821 822 823 824 825 826 827 828 829 830 831 832 833]] [64 [834 835 836 837 838 839 840 841 842 843 844 845 846]] [65 [847 848 849 850 851 852 853 854 855 856 857 858 859]] [66 [860 861 862 863 864 865 866 867 868 869 870 871 872]] [67 [873 874 875 876 877 878 879 880 881 882 883 884 885]] [68 [886 887 888 889 890 891 892 893 894 895 896 897 898]] [69 [899 900 901 902 903 904 905 906 907 908 909 910 911]] [70 [912 913 914 915 916 917 918 919 920 921 922 923 924]] [71 [925 926 927 928 929 930 931 932 933 934 935 936 937]] [72 [938 939 940 941 942 943 944 945 946 947 948 949 950]] [73 [951 952 953 954 955 956 957 958 959 960 961 962 963]] [74 [964 965 966 967 968 969 970 971 972 973 974 975 976]] [75 [977 978 979 980 981 982 983 984 985 986 987 988 989]] [76 [990 991 992 993 994 995 996 997 998 999 1000 1001 1002]] [77 [1003 1004 1005 1006 1007 1008 1009 1010 1011 1012 1013 1014 1015]] [78 [1016 1017 1018 1019 1020 1021 1022 1023 1024 1025 1026 1027 1028]] [79 [1029 1030 1031 1032 1033 1034 1035 1036 1037 1038 1039 1040 1041]] [80 [1042 1043 1044 1045 1046 1047 1048 1049 1050 1051 1052 1053 1054]] [81 [1055 1056 1057 1058 1059 1060 1061 1062 1063 1064 1065 1066 1067]] [82 [1068 1069 1070 1071 1072 1073 1074 1075 1076 1077 1078 1079 1080]] [83 [1081 1082 1083 1084 1085 1086 1087 1088 1089 1090 1091 1092 1093]] [84 [1094 1095 1096 1097 1098 1099 1100 1101 1102 1103 1104 1105 1106]] [85 [1107 1108 1109 1110 1111 1112 1113 1114 1115 1116 1117 1118 1119]] [86 [1120 1121 1122 1123 1124 1125 1126 1127 1128 1129 1130 1131 1132]] [87 [1133 1134 1135 1136 1137 1138 1139 1140 1141 1142 1143 1144 1145]] [88 [1146 1147 1148 1149 1150 1151 1152 1153 1154 1155 1156 1157 1158]] [89 [1159 1160 1161 1162 1163 1164 1165 1166 1167 1168 1169 1170 1171]] [90 [1172 1173 1174 1175 1176 1177 1178 1179 1180 1181 1182 1183 1184]] [91 [1185 1186 1187 1188 1189 1190 1191 1192 1193 1194 1195 1196 1197]] [92 [1198 1199 1200 1201 1202 1203 1204 1205 1206 1207 1208 1209 1210]] [93 [1211 1212 1213 1214 1215 1216 1217 1218 1219 1220 1221 1222 1223]] [94 [1224 1225 1226 1227 1228 1229 1230 1231 1232 1233 1234 1235 1236]] [95 [1237 1238 1239 1240 1241 1242 1243 1244 1245 1246 1247 1248 1249]] [96 [1250 1251 1252 1253 1254 1255 1256 1257 1258 1259 1260 1261 1262]] [97 [1263 1264 1265 1266 1267 1268 1269 1270 1271 1272 1273 1274 1275]] [98 [1276 1277 1278 1279 1280 1281 1282 1283 1284 1285 1286 1287 1288]] [99 [1289 1290 1291 1292 1293 1294 1295 1296 1297 1298 1299 1300 1301]]]","[[0 [0 1 2 3 4 6 7 8 9 10 13]] [1 [15 16 17 18 19 20 21 22 23 24 25 26 27]] [2 [28 29 30 31 32 33 34 35 36 37 38 39 40]] [3 [41 42 43 44 45 46 47 48 49 50 51 52 53]] [4 [54 55 56 57 58 59 60 61 62 63 64 65 66]] [5 [67 68 69 70 71 72 73 74 75 76 77 78 79]] [6 [80 81 82 83 84 85 86 87 88 89 90 91 92]] [7 [93 94 95 96 97 98 99 100 101 102 103 104 105]] [8 [106 107 108 109 110 111 112 113 114 115 116 117 118]] [9 [119 120 121 122 123 124 125 126 127 128 129 130 131]] [10 [132 133 134 135 136 137 138 139 140 141 142 143 144]] [11 [145 146 147 148 149 150 151 152 153 154 155 156 157]] [12 [158 159 160 161 162 163 164 165 166 167 168 169 170]] [13 [171 172 173 174 175 176 177 178 179 180 181 182 183]] [14 [184 185 186 187 188 189 190 191 192 193 194 195 196]] [15 [197 198 199 200 201 202 203 204 205 206 207 208 209]] [16 [210 211 212 213 214 215 216 217 218 219 220 221 222]] [17 [223 224 225 226 227 228 229 230 231 232 233 234 235]] [18 [236 237 238 239 240 241 242 243 244 245 246 247 248]] [19 [249 250 251 252 253 254 255 256 257 258 259 260 261]] [20 [262 263 264 265 266 267 268 269 270 271 272 273 274]] [21 [275 276 277 278 279 280 281 282 283 284 285 286 287]] [22 [288 289 290 291 292 293 294 295 296 297 298 299 300]] [23 [301 302 303 304 305 306 307 308 309 310 311 312 313]] [24 [314 315 316 317 318 319 320 321 322 323 324 325 326]] [25 [327 328 329 330 331 332 333 334 335 336 337 338 339]] [26 [340 341 342 343 344 345 346 347 348 349 350 351 352]] [27 [353 354 355 356 357 358 359 360 361 362 363 364 365]] [28 [366 367 368 369 370 371 372 373 374 375 376 377 378]] [29 [379 380 381 382 383 384 385 386 387 388 389 390 391]] [30 [392 393 394 395 396 397 398 399 400 401 402 403 404]] [31 [405 406 407 408 409 410 411 412 413 414 415 416 417]] [32 [418 419 420 421 422 423 424 425 426 427 428 429 430]] [33 [431 432 433 434 435 436 437 438 439 440 441 442 443]] [34 [444 445 446 447 448 449 450 451 452 453 454 455 456]] [35 [457 458 459 460 461 462 463 464 465 466 467 468 469]] [36 [470 471 472 473 474 475 476 477 478 479 480 481 482]] [37 [483 484 485 486 487 488 489 490 491 492 493 494 495]] [38 [496 497 498 499 500 501 502 503 504 505 506 507 508]] [39 [509 510 511 512 513 514 515 516 517 518 519 520 521]] [40 [522 523 524 525 526 527 528 529 530 531 532 533 534]] [41 [535 536 537 538 539 540 541 542 543 544 545 546 547]] [42 [548 549 550 551 552 553 554 555 556 557 558 559 560]] [43 [561 562 563 564 565 566 567 568 569 570 571 572 573]] [44 [574 575 576 577 578 579 580 581 582 583 584 585 586]] [45 [587 588 589 590 591 592 593 594 595 596 597 598 599]] [46 [600 601 602 603 604 605 606 607 608 609 610 611 612]] [47 [613 614 615 616 617 618 619 620 621 622 623 624 625]] [48 [626 627 628 629 630 631 632 633 634 635 636 637 638]] [49 [639 640 641 642 643 644 645 646 647 648 649 650 651]] [50 [652 653 654 655 656 657 658 659 660 661 662 663 664]] [51 [665 666 667 668 669 670 671 672 673 674 675 676 677]] [52 [678 679 680 681 682 683 684 685 686 687 688 689 690]] [53 [691 692 693 694 695 696 697 698 699 700 701 702 703]] [54 [704 705 706 707 708 709 710 711 712 713 714 715 716]] [55 [717 718 719 720 721 722 723 724 725 726 727 728 729]] [56 [730 731 732 733 734 735 736 737 738 739 740 741 742]] [57 [743 744 745 746 747 748 749 750 751 752 753 754 755]] [58 [756 757 758 759 760 761 762 763 764 765 766 767 768]] [59 [769 770 771 772 773 774 775 776 777 778 779 780 781]] [60 [782 783 784 785 786 787 788 789 790 791 792 793 794]] [61 [795 796 797 798 799 800 801 802 803 804 805 806 807]] [62 [808 809 810 811 812 813 814 815 816 817 818 819 820]] [63 [821 822 823 824 825 826 827 828 829 830 831 832 833]] [64 [834 835 836 837 838 839 840 841 842 843 844 845 846]] [65 [847 848 849 850 851 852 853 854 855 856 857 858 859]] [66 [860 861 862 863 864 865 866 867 868 869 870 871 872]] [67 [873 874 875 876 877 878 879 880 881 882 883 884 885]] [68 [886 887 888 889 890 891 892 893 894 895 896 897 898]] [69 [899 900 901 902 903 904 905 906 907 908 909 910 911]] [70 [912 913 914 915 916 917 918 919 920 921 922 923 924]] [71 [925 926 927 928 929 930 931 932 933 934 935 936 937]] [72 [938 939 940 941 942 943 944 945 946 947 948 949 950]] [73 [951 952 953 954 955 956 957 958 959 960 961 962 963]] [74 [964 965 966 967 968 969 970 971 972 973 974 975 976]] [75 [977 978 979 980 981 982 983 984 985 986 987 988 989]] [76 [990 991 992 993 994 995 996 997 998 999 1000 1001 1002]] [77 [1003 1004 1005 1006 1007 1008 1009 1010 1011 1012 1013 1014 1015]] [78 [1016 1017 1018 1019 1020 1021 1022 1023 1024 1025 1026 1027 1028]] [79 [1029 1030 1031 1032 1033 1034 1035 1036 1037 1038 1039 1040 1041]] [80 [1042 1043 1044 1045 1046 1047 1048 1049 1050 1051 1052 1053 1054]] [81 [1055 1056 1057 1058 1059 1060 1061 1062 1063 1064 1065 1066 1067]] [82 [1068 1069 1070 1071 1072 1073 1074 1075 1076 1077 1078 1079 1080]] [83 [1081 1082 1083 1084 1085 1086 1087 1088 1089 1090 1091 1092 1093]] [84 [1094 1095 1096 1097 1098 1099 1100 1101 1102 1103 1104 1105 1106]] [85 [1107 1108 1109 1110 1111 1112 1113 1114 1115 1116 1117 1118 1119]] [86 [1120 1121 1122 1123 1124 1125 1126 1127 1128 1129 1130 1131 1132]] [87 [1133 1134 1135 1136 1137 1138 1139 1140 1141 1142 1143 1144 1145]] [88 [1146 1147 1148 1149 1150 1151 1152 1153 1154 1155 1156 1157 1158]] [89 [1159 1160 1161 1162 1163 1164 1165 1166 1167 1168 1169 1170 1171]] [90 [1172 1173 1174 1175 1176 1177 1178 1179 1180 1181 1182 1183 1184]] [91 [1185 1186 1187 1188 1189 1190 1191 1192 1193 1194 1195 1196 1197]] [92 [1198 1199 1200 1201 1202 1203 1204 1205 1206 1207 1208 1209 1210]] [93 [1211 1212 1213 1214 1215 1216 1217 1218 1219 1220 1221 1222 1223]] [94 [1224 1225 1226 1227 1228 1229 1230 1231 1232 1233 1234 1235 1236]] [95 [1237 1238 1239 1240 1241 1242 1243 1244 1245 1246 1247 1248 1249]] [96 [1250 1251 1252 1253 1254 1255 1256 1257 1258 1259 1260 1261 1262]] [97 [1263 1264 1265 1266 1267 1268 1269 1270 1271 1272 1273 1274 1275]] [98 [1276 1277 1278 1279 1280 1281 1282 1283 1284 1285 1286 1287 1288]] [99 [1289 1290 1291 1292 1293 1294 1295 1296 1297 1298 1299 1300 1301]]]",,"[[{citizen 6} [[""A"" [3 3]]]] [{citizen 7} [[""A"" [3 3]]]] [{citizen 8} [[""A"" [3 3]]]] [{citizen 9} [[""A"" [3 3]]]] [{citizen 10} [[""A"" [3 3]]]] [{citizen 11} [[""A"" [3 3]]]] [{citizen 12} [[""A"" [3 3]]]] [{citizen 13} [[""A"" [3 3]]]] [{citizen 14} [[""A"" [3 3]]]] [{citizen 15} [[""A"" [3 3]]]] [{citizen 22} [[""A"" [3 3]]]] [{citizen 24} [[""A"" [3 3]]]] [{citizen 26} [[""A"" [3 3]]]] [{citizen 28} [[""A"" [3 3]]]] [{citizen 30} [[""A"" [3 3]]]] [{citizen 31} [[""A"" [3 3]]]] [{citizen 39} [[""A"" [3 3]]]] [{citizen 41} [[""A"" [3 3]]]] [{citizen 44} [[""A"" [3 3]]]] [{citizen 46} [[""A"" [3 3]]]] [{citizen 47} [[""A"" [3 3]]]] [{citizen 49} [[""A"" [3 3]]]] [{media 53} [[""A"" [3 3]]]] [{media 54} [[""A"" [3 3]]]] [{media 56} [[""A"" [3 3]]]] [{media 62} [[""A"" [3 3]]]] [{media 63} [[""A"" [3 3]]]] [{media 64} [[""A"" [3 3]]]] [{media 59} [[""A"" [3 3]]]] [{citizen 3} [[""A"" [3 3]]]] [{citizen 4} [[""A"" [3 3]]]] [{media 57} [[""A"" [3 3]]]] [{citizen 0} [[""A"" [3 3]]]] [{media 50} [[""A"" [3 3]]]] [{media 55} [[""A"" [3 3]]]] [{citizen 1} [[""A"" [3 3]]]] [{citizen 2} [[""A"" [3 3]]]] [{media 52} [[""A"" [3 3]]]] [{media 61} [[""A"" [3 3]]]] [{citizen 43} [[""A"" [3 3]]]] [{citizen 45} [[""A"" [3 3]]]] [{citizen 20} [[""A"" [3 3]]]] [{citizen 17} [[""A"" [3 3]]]] [{citizen 36} [[""A"" [3 3]]]] [{citizen 37} [[""A"" [3 3]]]] [{citizen 42} [[""A"" [3 3]]]] [{citizen 27} [[""A"" [3 3]]]] [{citizen 33} [[""A"" [3 3]]]] [{citizen 19} [[""A"" [3 3]]]] [{citizen 16} [[""A"" [3 3]]]] [{citizen 38} [[""A"" [3 3]]]] [{citizen 34} [[""A"" [3 3]]]] [{media 51} [[""A"" [3 3]]]] [{citizen 35} [[""A"" [3 3]]]] [{citizen 40} [[""A"" [3 3]]]] [{citizen 18} [[""A"" [3 3]]]] [{citizen 23} [[""A"" [3 3]]]] [{citizen 32} [[""A"" [3 3]]]] [{citizen 29} [[""A"" [3 3]]]] [{citizen 21} [[""A"" [3 3]]]] [{citizen 25} [[""A"" [3 3]]]] [{citizen 48} [[""A"" [3 3]]]]]"
"6","[128 0 127]","121.30434782608694","4.3657160822072685","-2.9656390513704105","""circle""","""""","9.9","{breed citizens}","false","0.5","1","""up""",,"[[""ID"" 43] [""alpha"" 1] [""beta"" 1] [""malleable"" [""A""]] [""prior"" []] [""cont_tokens"" []] [""A"" 3]]","[[0 [0 1 2 3 4 6 7 8 9 10 13]] [1 [15 16 17 18 19 20 21 22 23 24 25 26 27]] [2 [28 29 30 31 32 33 34 35 36 37 38 39 40]] [3 [41 42 43 44 45 46 47 48 49 50 51 52 53]] [4 [54 55 56 57 58 59 60 61 62 63 64 65 66]] [5 [67 68 69 70 71 72 73 74 75 76 77 78 79]] [6 [80 81 82 83 84 85 86 87 88 89 90 91 92]] [7 [93 94 95 96 97 98 99 100 101 102 103 104 105]] [8 [106 107 108 109 110 111 112 113 114 115 116 117 118]] [9 [119 120 121 122 123 124 125 126 127 128 129 130 131]] [10 [132 133 134 135 136 137 138 139 140 141 142 143 144]] [11 [145 146 147 148 149 150 151 152 153 154 155 156 157]] [12 [158 159 160 161 162 163 164 165 166 167 168 169 170]] [13 [171 172 173 174 175 176 177 178 179 180 181 182 183]] [14 [184 185 186 187 188 189 190 191 192 193 194 195 196]] [15 [197 198 199 200 201 202 203 204 205 206 207 208 209]] [16 [210 211 212 213 214 215 216 217 218 219 220 221 222]] [17 [223 224 225 226 227 228 229 230 231 232 233 234 235]] [18 [236 237 238 239 240 241 242 243 244 245 246 247 248]] [19 [249 250 251 252 253 254 255 256 257 258 259 260 261]] [20 [262 263 264 265 266 267 268 269 270 271 272 273 274]] [21 [275 276 277 278 279 280 281 282 283 284 285 286 287]] [22 [288 289 290 291 292 293 294 295 296 297 298 299 300]] [23 [301 302 303 304 305 306 307 308 309 310 311 312 313]] [24 [314 315 316 317 318 319 320 321 322 323 324 325 326]] [25 [327 328 329 330 331 332 333 334 335 336 337 338 339]] [26 [340 341 342 343 344 345 346 347 348 349 350 351 352]] [27 [353 354 355 356 357 358 359 360 361 362 363 364 365]] [28 [366 367 368 369 370 371 372 373 374 375 376 377 378]] [29 [379 380 381 382 383 384 385 386 387 388 389 390 391]] [30 [392 393 394 395 396 397 398 399 400 401 402 403 404]] [31 [405 406 407 408 409 410 411 412 413 414 415 416 417]] [32 [418 419 420 421 422 423 424 425 426 427 428 429 430]] [33 [431 432 433 434 435 436 437 438 439 440 441 442 443]] [34 [444 445 446 447 448 449 450 451 452 453 454 455 456]] [35 [457 458 459 460 461 462 463 464 465 466 467 468 469]] [36 [470 471 472 473 474 475 476 477 478 479 480 481 482]] [37 [483 484 485 486 487 488 489 490 491 492 493 494 495]] [38 [496 497 498 499 500 501 502 503 504 505 506 507 508]] [39 [509 510 511 512 513 514 515 516 517 518 519 520 521]] [40 [522 523 524 525 526 527 528 529 530 531 532 533 534]] [41 [535 536 537 538 539 540 541 542 543 544 545 546 547]] [42 [548 549 550 551 552 553 554 555 556 557 558 559 560]] [43 [561 562 563 564 565 566 567 568 569 570 571 572 573]] [44 [574 575 576 577 578 579 580 581 582 583 584 585 586]] [45 [587 588 589 590 591 592 593 594 595 596 597 598 599]] [46 [600 601 602 603 604 605 606 607 608 609 610 611 612]] [47 [613 614 615 616 617 618 619 620 621 622 623 624 625]] [48 [626 627 628 629 630 631 632 633 634 635 636 637 638]] [49 [639 640 641 642 643 644 645 646 647 648 649 650 651]] [50 [652 653 654 655 656 657 658 659 660 661 662 663 664]] [51 [665 666 667 668 669 670 671 672 673 674 675 676 677]] [52 [678 679 680 681 682 683 684 685 686 687 688 689 690]] [53 [691 692 693 694 695 696 697 698 699 700 701 702 703]] [54 [704 705 706 707 708 709 710 711 712 713 714 715 716]] [55 [717 718 719 720 721 722 723 724 725 726 727 728 729]] [56 [730 731 732 733 734 735 736 737 738 739 740 741 742]] [57 [743 744 745 746 747 748 749 750 751 752 753 754 755]] [58 [756 757 758 759 760 761 762 763 764 765 766 767 768]] [59 [769 770 771 772 773 774 775 776 777 778 779 780 781]] [60 [782 783 784 785 786 787 788 789 790 791 792 793 794]] [61 [795 796 797 798 799 800 801 802 803 804 805 806 807]] [62 [808 809 810 811 812 813 814 815 816 817 818 819 820]] [63 [821 822 823 824 825 826 827 828 829 830 831 832 833]] [64 [834 835 836 837 838 839 840 841 842 843 844 845 846]] [65 [847 848 849 850 851 852 853 854 855 856 857 858 859]] [66 [860 861 862 863 864 865 866 867 868 869 870 871 872]] [67 [873 874 875 876 877 878 879 880 881 882 883 884 885]] [68 [886 887 888 889 890 891 892 893 894 895 896 897 898]] [69 [899 900 901 902 903 904 905 906 907 908 909 910 911]] [70 [912 913 914 915 916 917 918 919 920 921 922 923 924]] [71 [925 926 927 928 929 930 931 932 933 934 935 936 937]] [72 [938 939 940 941 942 943 944 945 946 947 948 949 950]] [73 [951 952 953 954 955 956 957 958 959 960 961 962 963]] [74 [964 965 966 967 968 969 970 971 972 973 974 975 976]] [75 [977 978 979 980 981 982 983 984 985 986 987 988 989]] [76 [990 991 992 993 994 995 996 997 998 999 1000 1001 1002]] [77 [1003 1004 1005 1006 1007 1008 1009 1010 1011 1012 1013 1014 1015]] [78 [1016 1017 1018 1019 1020 1021 1022 1023 1024 1025 1026 1027 1028]] [79 [1029 1030 1031 1032 1033 1034 1035 1036 1037 1038 1039 1040 1041]] [80 [1042 1043 1044 1045 1046 1047 1048 1049 1050 1051 1052 1053 1054]] [81 [1055 1056 1057 1058 1059 1060 1061 1062 1063 1064 1065 1066 1067]] [82 [1068 1069 1070 1071 1072 1073 1074 1075 1076 1077 1078 1079 1080]] [83 [1081 1082 1083 1084 1085 1086 1087 1088 1089 1090 1091 1092 1093]] [84 [1094 1095 1096 1097 1098 1099 1100 1101 1102 1103 1104 1105 1106]] [85 [1107 1108 1109 1110 1111 1112 1113 1114 1115 1116 1117 1118 1119]] [86 [1120 1121 1122 1123 1124 1125 1126 1127 1128 1129 1130 1131 1132]] [87 [1133 1134 1135 1136 1137 1138 1139 1140 1141 1142 1143 1144 1145]] [88 [1146 1147 1148 1149 1150 1151 1152 1153 1154 1155 1156 1157 1158]] [89 [1159 1160 1161 1162 1163 1164 1165 1166 1167 1168 1169 1170 1171]] [90 [1172 1173 1174 1175 1176 1177 1178 1179 1180 1181 1182 1183 1184]] [91 [1185 1186 1187 1188 1189 1190 1191 1192 1193 1194 1195 1196 1197]] [92 [1198 1199 1200 1201 1202 1203 1204 1205 1206 1207 1208 1209 1210]] [93 [1211 1212 1213 1214 1215 1216 1217 1218 1219 1220 1221 1222 1223]] [94 [1224 1225 1226 1227 1228 1229 1230 1231 1232 1233 1234 1235 1236]] [95 [1237 1238 1239 1240 1241 1242 1243 1244 1245 1246 1247 1248 1249]] [96 [1250 1251 1252 1253 1254 1255 1256 1257 1258 1259 1260 1261 1262]] [97 [1263 1264 1265 1266 1267 1268 1269 1270 1271 1272 1273 1274 1275]] [98 [1276 1277 1278 1279 1280 1281 1282 1283 1284 1285 1286 1287 1288]] [99 [1289 1290 1291 1292 1293 1294 1295 1296 1297 1298 1299 1300 1301]]]","[[0 [0 1 2 3 4 6 7 8 9 10 13]] [1 [15 16 17 18 19 20 21 22 23 24 25 26 27]] [2 [28 29 30 31 32 33 34 35 36 37 38 39 40]] [3 [41 42 43 44 45 46 47 48 49 50 51 52 53]] [4 [54 55 56 57 58 59 60 61 62 63 64 65 66]] [5 [67 68 69 70 71 72 73 74 75 76 77 78 79]] [6 [80 81 82 83 84 85 86 87 88 89 90 91 92]] [7 [93 94 95 96 97 98 99 100 101 102 103 104 105]] [8 [106 107 108 109 110 111 112 113 114 115 116 117 118]] [9 [119 120 121 122 123 124 125 126 127 128 129 130 131]] [10 [132 133 134 135 136 137 138 139 140 141 142 143 144]] [11 [145 146 147 148 149 150 151 152 153 154 155 156 157]] [12 [158 159 160 161 162 163 164 165 166 167 168 169 170]] [13 [171 172 173 174 175 176 177 178 179 180 181 182 183]] [14 [184 185 186 187 188 189 190 191 192 193 194 195 196]] [15 [197 198 199 200 201 202 203 204 205 206 207 208 209]] [16 [210 211 212 213 214 215 216 217 218 219 220 221 222]] [17 [223 224 225 226 227 228 229 230 231 232 233 234 235]] [18 [236 237 238 239 240 241 242 243 244 245 246 247 248]] [19 [249 250 251 252 253 254 255 256 257 258 259 260 261]] [20 [262 263 264 265 266 267 268 269 270 271 272 273 274]] [21 [275 276 277 278 279 280 281 282 283 284 285 286 287]] [22 [288 289 290 291 292 293 294 295 296 297 298 299 300]] [23 [301 302 303 304 305 306 307 308 309 310 311 312 313]] [24 [314 315 316 317 318 319 320 321 322 323 324 325 326]] [25 [327 328 329 330 331 332 333 334 335 336 337 338 339]] [26 [340 341 342 343 344 345 346 347 348 349 350 351 352]] [27 [353 354 355 356 357 358 359 360 361 362 363 364 365]] [28 [366 367 368 369 370 371 372 373 374 375 376 377 378]] [29 [379 380 381 382 383 384 385 386 387 388 389 390 391]] [30 [392 393 394 395 396 397 398 399 400 401 402 403 404]] [31 [405 406 407 408 409 410 411 412 413 414 415 416 417]] [32 [418 419 420 421 422 423 424 425 426 427 428 429 430]] [33 [431 432 433 434 435 436 437 438 439 440 441 442 443]] [34 [444 445 446 447 448 449 450 451 452 453 454 455 456]] [35 [457 458 459 460 461 462 463 464 465 466 467 468 469]] [36 [470 471 472 473 474 475 476 477 478 479 480 481 482]] [37 [483 484 485 486 487 488 489 490 491 492 493 494 495]] [38 [496 497 498 499 500 501 502 503 504 505 506 507 508]] [39 [509 510 511 512 513 514 515 516 517 518 519 520 521]] [40 [522 523 524 525 526 527 528 529 530 531 532 533 534]] [41 [535 536 537 538 539 540 541 542 543 544 545 546 547]] [42 [548 549 550 551 552 553 554 555 556 557 558 559 560]] [43 [561 562 563 564 565 566 567 568 569 570 571 572 573]] [44 [574 575 576 577 578 579 580 581 582 583 584 585 586]] [45 [587 588 589 590 591 592 593 594 595 596 597 598 599]] [46 [600 601 602 603 604 605 606 607 608 609 610 611 612]] [47 [613 614 615 616 617 618 619 620 621 622 623 624 625]] [48 [626 627 628 629 630 631 632 633 634 635 636 637 638]] [49 [639 640 641 642 643 644 645 646 647 648 649 650 651]] [50 [652 653 654 655 656 657 658 659 660 661 662 663 664]] [51 [665 666 667 668 669 670 671 672 673 674 675 676 677]] [52 [678 679 680 681 682 683 684 685 686 687 688 689 690]] [53 [691 692 693 694 695 696 697 698 699 700 701 702 703]] [54 [704 705 706 707 708 709 710 711 712 713 714 715 716]] [55 [717 718 719 720 721 722 723 724 725 726 727 728 729]] [56 [730 731 732 733 734 735 736 737 738 739 740 741 742]] [57 [743 744 745 746 747 748 749 750 751 752 753 754 755]] [58 [756 757 758 759 760 761 762 763 764 765 766 767 768]] [59 [769 770 771 772 773 774 775 776 777 778 779 780 781]] [60 [782 783 784 785 786 787 788 789 790 791 792 793 794]] [61 [795 796 797 798 799 800 801 802 803 804 805 806 807]] [62 [808 809 810 811 812 813 814 815 816 817 818 819 820]] [63 [821 822 823 824 825 826 827 828 829 830 831 832 833]] [64 [834 835 836 837 838 839 840 841 842 843 844 845 846]] [65 [847 848 849 850 851 852 853 854 855 856 857 858 859]] [66 [860 861 862 863 864 865 866 867 868 869 870 871 872]] [67 [873 874 875 876 877 878 879 880 881 882 883 884 885]] [68 [886 887 888 889 890 891 892 893 894 895 896 897 898]] [69 [899 900 901 902 903 904 905 906 907 908 909 910 911]] [70 [912 913 914 915 916 917 918 919 920 921 922 923 924]] [71 [925 926 927 928 929 930 931 932 933 934 935 936 937]] [72 [938 939 940 941 942 943 944 945 946 947 948 949 950]] [73 [951 952 953 954 955 956 957 958 959 960 961 962 963]] [74 [964 965 966 967 968 969 970 971 972 973 974 975 976]] [75 [977 978 979 980 981 982 983 984 985 986 987 988 989]] [76 [990 991 992 993 994 995 996 997 998 999 1000 1001 1002]] [77 [1003 1004 1005 1006 1007 1008 1009 1010 1011 1012 1013 1014 1015]] [78 [1016 1017 1018 1019 1020 1021 1022 1023 1024 1025 1026 1027 1028]] [79 [1029 1030 1031 1032 1033 1034 1035 1036 1037 1038 1039 1040 1041]] [80 [1042 1043 1044 1045 1046 1047 1048 1049 1050 1051 1052 1053 1054]] [81 [1055 1056 1057 1058 1059 1060 1061 1062 1063 1064 1065 1066 1067]] [82 [1068 1069 1070 1071 1072 1073 1074 1075 1076 1077 1078 1079 1080]] [83 [1081 1082 1083 1084 1085 1086 1087 1088 1089 1090 1091 1092 1093]] [84 [1094 1095 1096 1097 1098 1099 1100 1101 1102 1103 1104 1105 1106]] [85 [1107 1108 1109 1110 1111 1112 1113 1114 1115 1116 1117 1118 1119]] [86 [1120 1121 1122 1123 1124 1125 1126 1127 1128 1129 1130 1131 1132]] [87 [1133 1134 1135 1136 1137 1138 1139 1140 1141 1142 1143 1144 1145]] [88 [1146 1147 1148 1149 1150 1151 1152 1153 1154 1155 1156 1157 1158]] [89 [1159 1160 1161 1162 1163 1164 1165 1166 1167 1168 1169 1170 1171]] [90 [1172 1173 1174 1175 1176 1177 1178 1179 1180 1181 1182 1183 1184]] [91 [1185 1186 1187 1188 1189 1190 1191 1192 1193 1194 1195 1196 1197]] [92 [1198 1199 1200 1201 1202 1203 1204 1205 1206 1207 1208 1209 1210]] [93 [1211 1212 1213 1214 1215 1216 1217 1218 1219 1220 1221 1222 1223]] [94 [1224 1225 1226 1227 1228 1229 1230 1231 1232 1233 1234 1235 1236]] [95 [1237 1238 1239 1240 1241 1242 1243 1244 1245 1246 1247 1248 1249]] [96 [1250 1251 1252 1253 1254 1256 1257 1258 1259 1260 1261 1262]] [97 [1263 1264 1265 1266 1267 1268 1269 1270 1271 1272 1273 1274 1275]] [98 [1276 1277 1278 1279 1280 1281 1282 1283 1284 1285 1286 1287 1288]] [99 [1289 1290 1291 1292 1293 1294 1295 1296 1297 1298 1299 1300 1301]]]",,"[[{citizen 20} [[""A"" [3 3]]]] [{media 56} [[""A"" [3 3]]]] [{media 57} [[""A"" [3 3]]]] [{media 59} [[""A"" [3 3]]]] [{media 63} [[""A"" [3 3]]]] [{media 64} [[""A"" [3 3]]]] [{media 54} [[""A"" [3 3]]]] [{citizen 5} [[""A"" [3 3]]]] [{citizen 0} [[""A"" [3 3]]]] [{media 50} [[""A"" [3 3]]]] [{citizen 4} [[""A"" [3 3]]]] [{media 55} [[""A"" [3 3]]]] [{citizen 1} [[""A"" [3 3]]]] [{media 62} [[""A"" [3 3]]]] [{media 53} [[""A"" [3 3]]]] [{citizen 2} [[""A"" [3 3]]]] [{media 52} [[""A"" [3 3]]]] [{citizen 3} [[""A"" [3 3]]]] [{media 61} [[""A"" [3 3]]]] [{citizen 9} [[""A"" [3 3]]]] [{citizen 12} [[""A"" [3 3]]]] [{citizen 43} [[""A"" [3 3]]]] [{citizen 45} [[""A"" [3 3]]]] [{citizen 17} [[""A"" [3 3]]]] [{citizen 36} [[""A"" [3 3]]]] [{citizen 37} [[""A"" [3 3]]]] [{citizen 10} [[""A"" [3 3]]]] [{citizen 31} [[""A"" [3 3]]]] [{citizen 14} [[""A"" [3 3]]]] [{citizen 42} [[""A"" [3 3]]]] [{citizen 27} [[""A"" [3 3]]]] [{citizen 33} [[""A"" [3 3]]]] [{citizen 40} [[""A"" [3 3]]]] [{citizen 7} [[""A"" [3 3]]]] [{citizen 19} [[""A"" [3 3]]]] [{citizen 34} [[""A"" [3 3]]]] [{citizen 16} [[""A"" [3 3]]]] [{citizen 38} [[""A"" [3 3]]]] [{citizen 24} [[""A"" [3 3]]]] [{citizen 15} [[""A"" [3 3]]]] [{citizen 32} [[""A"" [3 3]]]] [{citizen 35} [[""A"" [3 3]]]] [{citizen 8} [[""A"" [3 3]]]] [{citizen 47} [[""A"" [3 3]]]] [{citizen 49} [[""A"" [3 3]]]] [{citizen 23} [[""A"" [3 3]]]] [{citizen 46} [[""A"" [3 3]]]] [{citizen 21} [[""A"" [3 3]]]] [{citizen 41} [[""A"" [3 3]]]] [{citizen 29} [[""A"" [3 3]]]] [{citizen 48} [[""A"" [3 3]]]] [{citizen 18} [[""A"" [3 3]]]] [{citizen 25} [[""A"" [3 3]]]] [{citizen 11} [[""A"" [3 3]]]] [{media 51} [[""A"" [3 3]]]] [{citizen 22} [[""A"" [3 3]]]] [{citizen 30} [[""A"" [3 3]]]] [{citizen 44} [[""A"" [3 3]]]] [{citizen 13} [[""A"" [3 3]]]] [{citizen 39} [[""A"" [3 3]]]] [{citizen 26} [[""A"" [3 3]]]] [{citizen 28} [[""A"" [3 3]]]]]"
"7","[128 0 127]","136.95652173913044","3.552373086338266","-3.61645907914225","""circle""","""""","9.9","{breed citizens}","false","0.5","1","""up""",,"[[""ID"" 15] [""alpha"" 1] [""beta"" 1] [""malleable"" [""A""]] [""prior"" []] [""cont_tokens"" []] [""A"" 3]]","[[0 [0 1 2 3 4 6 7 8 9 10 13]] [1 [15 16 17 18 19 20 21 22 23 24 25 26 27]] [2 [28 29 30 31 32 33 34 35 36 37 38 39 40]] [3 [41 42 43 44 45 46 47 48 49 50 51 52 53]] [4 [54 55 56 57 58 59 60 61 62 63 64 65 66]] [5 [67 68 69 70 71 72 73 74 75 76 77 78 79]] [6 [80 81 82 83 84 85 86 87 88 89 90 91 92]] [7 [93 94 95 96 97 98 99 100 101 102 103 104 105]] [8 [106 107 108 109 110 111 112 113 114 115 116 117 118]] [9 [119 120 121 122 123 124 125 126 127 128 129 130 131]] [10 [132 133 134 135 136 137 138 139 140 141 142 143 144]] [11 [145 146 147 148 149 150 151 152 153 154 155 156 157]] [12 [158 159 160 161 162 163 164 165 166 167 168 169 170]] [13 [171 172 173 174 175 176 177 178 179 180 181 182 183]] [14 [184 185 186 187 188 189 190 191 192 193 194 195 196]] [15 [197 198 199 200 201 202 203 204 205 206 207 208 209]] [16 [210 211 212 213 214 215 216 217 218 219 220 221 222]] [17 [223 224 225 226 227 228 229 230 231 232 233 234 235]] [18 [236 237 238 239 240 241 242 243 244 245 246 247 248]] [19 [249 250 251 252 253 254 255 256 257 258 259 260 261]] [20 [262 263 264 265 266 267 268 269 270 271 272 273 274]] [21 [275 276 277 278 279 280 281 282 283 284 285 286 287]] [22 [288 289 290 291 292 293 294 295 296 297 298 299 300]] [23 [301 302 303 304 305 306 307 308 309 310 311 312 313]] [24 [314 315 316 317 318 319 320 321 322 323 324 325 326]] [25 [327 328 329 330 331 332 333 334 335 336 337 338 339]] [26 [340 341 342 343 344 345 346 347 348 349 350 351 352]] [27 [353 354 355 356 357 358 359 360 361 362 363 364 365]] [28 [366 367 368 369 370 371 372 373 374 375 376 377 378]] [29 [379 380 381 382 383 384 385 386 387 388 389 390 391]] [30 [392 393 394 395 396 397 398 399 400 401 402 403 404]] [31 [405 406 407 408 409 410 411 412 413 414 415 416 417]] [32 [418 419 420 421 422 423 424 425 426 427 428 429 430]] [33 [431 432 433 434 435 436 437 438 439 440 441 442 443]] [34 [444 445 446 447 448 449 450 451 452 453 454 455 456]] [35 [457 458 459 460 461 462 463 464 465 466 467 468 469]] [36 [470 471 472 473 474 475 476 477 478 479 480 481 482]] [37 [483 484 485 486 487 488 489 490 491 492 493 494 495]] [38 [496 497 498 499 500 501 502 503 504 505 506 507 508]] [39 [509 510 511 512 513 514 515 516 517 518 519 520 521]] [40 [522 523 524 525 526 527 528 529 530 531 532 533 534]] [41 [535 536 537 538 539 540 541 542 543 544 545 546 547]] [42 [548 549 550 551 552 553 554 555 556 557 558 559 560]] [43 [561 562 563 564 565 566 567 568 569 570 571 572 573]] [44 [574 575 576 577 578 579 580 581 582 583 584 585 586]] [45 [587 588 589 590 591 592 593 594 595 596 597 598 599]] [46 [600 601 602 603 604 605 606 607 608 609 610 611 612]] [47 [613 614 615 616 617 618 619 620 621 622 623 624 625]] [48 [626 627 628 629 630 631 632 633 634 635 636 637 638]] [49 [639 640 641 642 643 644 645 646 647 648 649 650 651]] [50 [652 653 654 655 656 657 658 659 660 661 662 663 664]] [51 [665 666 667 668 669 670 671 672 673 674 675 676 677]] [52 [678 679 680 681 682 683 684 685 686 687 688 689 690]] [53 [691 692 693 694 695 696 697 698 699 700 701 702 703]] [54 [704 705 706 707 708 709 710 711 712 713 714 715 716]] [55 [717 718 719 720 721 722 723 724 725 726 727 728 729]] [56 [730 731 732 733 734 735 736 737 738 739 740 741 742]] [57 [743 744 745 746 747 748 749 750 751 752 753 754 755]] [58 [756 757 758 759 760 761 762 763 764 765 766 767 768]] [59 [769 770 771 772 773 774 775 776 777 778 779 780 781]] [60 [782 783 784 785 786 787 788 789 790 791 792 793 794]] [61 [795 796 797 798 799 800 801 802 803 804 805 806 807]] [62 [808 809 810 811 812 813 814 815 816 817 818 819 820]] [63 [821 822 823 824 825 826 827 828 829 830 831 832 833]] [64 [834 835 836 837 838 839 840 841 842 843 844 845 846]] [65 [847 848 849 850 851 852 853 854 855 856 857 858 859]] [66 [860 861 862 863 864 865 866 867 868 869 870 871 872]] [67 [873 874 875 876 877 878 879 880 881 882 883 884 885]] [68 [886 887 888 889 890 891 892 893 894 895 896 897 898]] [69 [899 900 901 902 903 904 905 906 907 908 909 910 911]] [70 [912 913 914 915 916 917 918 919 920 921 922 923 924]] [71 [925 926 927 928 929 930 931 932 933 934 935 936 937]] [72 [938 939 940 941 942 943 944 945 946 947 948 949 950]] [73 [951 952 953 954 955 956 957 958 959 960 961 962 963]] [74 [964 965 966 967 968 969 970 971 972 973 974 975 976]] [75 [977 978 979 980 981 982 983 984 985 986 987 988 989]] [76 [990 991 992 993 994 995 996 997 998 999 1000 1001 1002]] [77 [1003 1004 1005 1006 1007 1008 1009 1010 1011 1012 1013 1014 1015]] [78 [1016 1017 1018 1019 1020 1021 1022 1023 1024 1025 1026 1027 1028]] [79 [1029 1030 1031 1032 1033 1034 1035 1036 1037 1038 1039 1040 1041]] [80 [1042 1043 1044 1045 1046 1047 1048 1049 1050 1051 1052 1053 1054]] [81 [1055 1056 1057 1058 1059 1060 1061 1062 1063 1064 1065 1066 1067]] [82 [1068 1069 1070 1071 1072 1073 1074 1075 1076 1077 1078 1079 1080]] [83 [1081 1082 1083 1084 1085 1086 1087 1088 1089 1090 1091 1092 1093]] [84 [1094 1095 1096 1097 1098 1099 1100 1101 1102 1103 1104 1105 1106]] [85 [1107 1108 1109 1110 1111 1112 1113 1114 1115 1116 1117 1118 1119]] [86 [1120 1121 1122 1123 1124 1125 1126 1127 1128 1129 1130 1131 1132]] [87 [1133 1134 1135 1136 1137 1138 1139 1140 1141 1142 1143 1144 1145]] [88 [1146 1147 1148 1149 1150 1151 1152 1153 1154 1155 1156 1157 1158]] [89 [1159 1160 1161 1162 1163 1164 1165 1166 1167 1168 1169 1170 1171]] [90 [1172 1173 1174 1175 1176 1177 1178 1179 1180 1181 1182 1183 1184]] [91 [1185 1186 1187 1188 1189 1190 1191 1192 1193 1194 1195 1196 1197]] [92 [1198 1199 1200 1201 1202 1203 1204 1205 1206 1207 1208 1209 1210]] [93 [1211 1212 1213 1214 1215 1216 1217 1218 1219 1220 1221 1222 1223]] [94 [1224 1225 1226 1227 1228 1229 1230 1231 1232 1233 1234 1235 1236]] [95 [1237 1238 1239 1240 1241 1242 1243 1244 1245 1246 1247 1248 1249]] [96 [1250 1251 1252 1253 1254 1255 1256 1257 1258 1259 1260 1261 1262]] [97 [1263 1264 1265 1266 1267 1268 1269 1270 1271 1272 1273 1274 1275]] [98 [1276 1277 1278 1279 1280 1281 1282 1283 1284 1285 1286 1287 1288]] [99 [1289 1290 1291 1292 1293 1294 1295 1296 1297 1298 1299 1300 1301]]]","[[0 [0 1 2 3 4 6 7 8 9 10 13]] [1 [15 16 17 18 19 20 21 22 23 24 25 26 27]] [2 [28 29 30 31 32 33 34 35 36 37 38 39 40]] [3 [41 42 43 44 45 46 47 48 49 50 51 52 53]] [4 [54 55 56 57 58 59 60 61 62 63 64 65 66]] [5 [67 68 69 70 71 72 73 74 75 76 77 78 79]] [6 [80 81 82 83 84 85 86 87 88 89 90 91 92]] [7 [93 94 95 96 97 98 99 100 101 102 103 104 105]] [8 [106 107 108 109 110 111 112 113 114 115 116 117 118]] [9 [119 120 121 122 123 124 125 126 127 128 129 130 131]] [10 [132 133 134 135 136 137 138 139 140 141 142 143 144]] [11 [145 146 147 148 149 150 151 152 153 154 155 156 157]] [12 [158 159 160 161 162 163 164 165 166 167 168 169 170]] [13 [171 172 173 174 175 176 177 178 179 180 181 182 183]] [14 [184 185 186 187 188 189 190 191 192 193 194 195 196]] [15 [197 198 199 200 201 202 203 204 205 206 207 208 209]] [16 [210 211 212 213 214 215 216 217 218 219 220 221 222]] [17 [223 224 225 226 227 228 229 230 231 232 233 234 235]] [18 [236 237 238 239 240 241 242 243 244 245 246 247 248]] [19 [249 250 251 252 253 254 255 256 257 258 259 260 261]] [20 [262 263 264 265 266 267 268 269 270 271 272 273 274]] [21 [275 276 277 278 279 280 281 282 283 284 285 286 287]] [22 [288 289 290 291 292 293 294 295 296 297 298 299 300]] [23 [301 302 303 304 305 306 307 308 309 310 311 312 313]] [24 [314 315 316 317 318 319 320 321 322 323 324 325 326]] [25 [327 328 329 330 331 332 333 334 335 336 337 338 339]] [26 [340 341 342 343 344 345 346 347 348 349 350 351 352]] [27 [353 354 355 356 357 358 359 360 361 362 363 364 365]] [28 [366 367 368 369 370 371 372 373 374 375 376 377 378]] [29 [379 380 381 382 383 384 385 386 387 388 389 390 391]] [30 [392 393 394 395 396 397 398 399 400 401 402 403 404]] [31 [405 406 407 408 409 410 411 412 413 414 415 416 417]] [32 [418 419 420 421 422 423 424 425 426 427 428 429 430]] [33 [431 432 433 434 435 436 437 438 439 440 441 442 443]] [34 [444 445 446 447 448 449 450 451 452 453 454 455 456]] [35 [457 458 459 460 461 462 463 464 465 466 467 468 469]] [36 [470 471 472 473 474 475 476 477 478 479 480 481 482]] [37 [483 484 485 486 487 488 489 490 491 492 493 494 495]] [38 [496 497 498 499 500 501 502 503 504 505 506 507 508]] [39 [509 510 511 512 513 514 515 516 517 518 519 520 521]] [40 [522 523 524 525 526 527 528 529 530 531 532 533 534]] [41 [535 536 537 538 539 540 541 542 543 544 545 546 547]] [42 [548 549 550 551 552 553 554 555 556 557 558 559 560]] [43 [561 562 563 564 565 566 567 568 569 570 571 572 573]] [44 [574 575 576 577 578 579 580 581 582 583 584 585 586]] [45 [587 588 589 590 591 592 593 594 595 596 597 598 599]] [46 [600 601 602 603 604 605 606 607 608 609 610 611 612]] [47 [613 614 615 616 617 618 619 620 621 622 623 624 625]] [48 [626 627 628 629 630 631 632 633 634 635 636 637 638]] [49 [639 640 641 642 643 644 645 646 647 648 649 650 651]] [50 [652 653 654 655 656 657 658 659 660 661 662 663 664]] [51 [665 666 667 668 669 670 671 672 673 674 675 676 677]] [52 [678 679 680 681 682 683 684 685 686 687 688 689 690]] [53 [691 692 693 694 695 696 697 698 699 700 701 702 703]] [54 [704 705 706 707 708 709 710 711 712 713 714 715 716]] [55 [717 718 719 720 721 722 723 724 725 726 727 728 729]] [56 [730 731 732 733 734 735 736 737 738 739 740 741 742]] [57 [743 744 745 746 747 748 749 750 751 752 753 754 755]] [58 [756 757 758 759 760 761 762 763 764 765 766 767 768]] [59 [769 770 771 772 773 774 775 776 777 778 779 780 781]] [60 [782 783 784 785 786 787 788 789 790 791 792 793 794]] [61 [795 796 797 798 799 800 801 802 803 804 805 806 807]] [62 [808 809 810 811 812 813 814 815 816 817 818 819 820]] [63 [821 822 823 824 825 826 827 828 829 830 831 832 833]] [64 [834 835 836 837 838 839 840 841 842 843 844 845 846]] [65 [847 848 849 850 851 852 853 854 855 856 857 858 859]] [66 [860 861 862 863 864 865 866 867 868 869 870 871 872]] [67 [873 874 875 876 877 878 879 880 881 882 883 884 885]] [68 [886 887 888 889 890 891 892 893 894 895 896 897 898]] [69 [899 900 901 902 903 904 905 906 907 908 909 910 911]] [70 [912 913 914 915 916 917 918 919 920 921 922 923 924]] [71 [925 926 927 928 929 930 931 932 933 934 935 936 937]] [72 [938 939 940 941 942 943 944 945 946 947 948 949 950]] [73 [951 952 953 954 955 956 957 958 959 960 961 962 963]] [74 [964 965 966 967 968 969 970 971 972 973 974 975 976]] [75 [977 978 979 980 981 982 983 984 985 986 987 988 989]] [76 [990 991 992 993 994 995 996 997 998 999 1000 1001 1002]] [77 [1003 1004 1005 1006 1007 1008 1009 1010 1011 1012 1013 1014 1015]] [78 [1016 1017 1018 1019 1020 1021 1022 1023 1024 1025 1026 1027 1028]] [79 [1029 1030 1031 1032 1033 1034 1035 1036 1037 1038 1039 1040 1041]] [80 [1042 1043 1044 1045 1046 1047 1048 1049 1050 1051 1052 1053 1054]] [81 [1055 1056 1057 1058 1059 1060 1061 1062 1063 1064 1065 1066 1067]] [82 [1068 1069 1070 1071 1072 1073 1074 1075 1076 1077 1078 1079 1080]] [83 [1081 1082 1083 1084 1085 1086 1087 1088 1089 1090 1091 1092 1093]] [84 [1094 1095 1096 1097 1098 1099 1100 1101 1102 1103 1104 1105 1106]] [85 [1107 1108 1109 1110 1111 1112 1113 1114 1115 1116 1117 1118 1119]] [86 [1120 1121 1122 1123 1124 1125 1126 1127 1128 1129 1130 1131 1132]] [87 [1133 1134 1135 1136 1137 1138 1139 1140 1141 1142 1143 1144 1145]] [88 [1146 1147 1148 1149 1150 1151 1152 1153 1154 1155 1156 1157 1158]] [89 [1159 1160 1161 1162 1163 1164 1165 1166 1167 1168 1169 1170 1171]] [90 [1172 1173 1174 1175 1176 1177 1178 1179 1180 1181 1182 1183 1184]] [91 [1185 1186 1187 1188 1189 1190 1191 1192 1193 1194 1195 1196 1197]] [92 [1198 1199 1200 1201 1202 1203 1204 1205 1206 1207 1208 1209 1210]] [93 [1211 1212 1213 1214 1215 1216 1217 1218 1219 1220 1221 1222 1223]] [94 [1224 1225 1226 1227 1228 1229 1230 1231 1232 1233 1234 1235 1236]] [95 [1237 1238 1239 1240 1241 1242 1243 1244 1245 1246 1247 1248 1249]] [96 [1250 1251 1252 1253 1254 1255 1256 1257 1258 1259 1260 1261 1262]] [97 [1263 1264 1265 1266 1267 1268 1269 1270 1271 1272 1273 1274 1275]] [98 [1276 1277 1278 1279 1280 1281 1282 1283 1284 1285 1286 1287 1288]] [99 [1289 1290 1291 1292 1293 1294 1295 1296 1297 1298 1299 1300 1301]]]",,"[[{citizen 11} [[""A"" [3 3]]]] [{citizen 13} [[""A"" [3 3]]]] [{citizen 15} [[""A"" [3 3]]]] [{citizen 19} [[""A"" [3 3]]]] [{citizen 28} [[""A"" [3 3]]]] [{citizen 36} [[""A"" [3 3]]]] [{citizen 40} [[""A"" [3 3]]]] [{media 50} [[""A"" [3 3]]]] [{media 52} [[""A"" [3 3]]]] [{media 55} [[""A"" [3 3]]]] [{media 56} [[""A"" [3 3]]]] [{media 57} [[""A"" [3 3]]]] [{media 59} [[""A"" [3 3]]]] [{media 63} [[""A"" [3 3]]]] [{citizen 3} [[""A"" [3 3]]]] [{citizen 4} [[""A"" [3 3]]]] [{media 54} [[""A"" [3 3]]]] [{citizen 5} [[""A"" [3 3]]]] [{citizen 0} [[""A"" [3 3]]]] [{media 64} [[""A"" [3 3]]]] [{citizen 1} [[""A"" [3 3]]]] [{media 62} [[""A"" [3 3]]]] [{media 53} [[""A"" [3 3]]]] [{citizen 2} [[""A"" [3 3]]]] [{media 61} [[""A"" [3 3]]]] [{citizen 9} [[""A"" [3 3]]]] [{citizen 12} [[""A"" [3 3]]]] [{citizen 43} [[""A"" [3 3]]]] [{citizen 45} [[""A"" [3 3]]]] [{citizen 20} [[""A"" [3 3]]]] [{citizen 17} [[""A"" [3 3]]]] [{citizen 37} [[""A"" [3 3]]]] [{citizen 10} [[""A"" [3 3]]]] [{citizen 31} [[""A"" [3 3]]]] [{citizen 14} [[""A"" [3 3]]]] [{citizen 42} [[""A"" [3 3]]]] [{citizen 27} [[""A"" [3 3]]]] [{citizen 33} [[""A"" [3 3]]]] [{citizen 49} [[""A"" [3 3]]]] [{citizen 21} [[""A"" [3 3]]]] [{citizen 41} [[""A"" [3 3]]]] [{citizen 8} [[""A"" [3 3]]]] [{citizen 29} [[""A"" [3 3]]]] [{citizen 34} [[""A"" [3 3]]]] [{citizen 48} [[""A"" [3 3]]]] [{citizen 16} [[""A"" [3 3]]]] [{citizen 38} [[""A"" [3 3]]]] [{citizen 32} [[""A"" [3 3]]]] [{citizen 35} [[""A"" [3 3]]]] [{media 51} [[""A"" [3 3]]]] [{citizen 18} [[""A"" [3 3]]]] [{citizen 23} [[""A"" [3 3]]]] [{citizen 44} [[""A"" [3 3]]]] [{citizen 46} [[""A"" [3 3]]]] [{citizen 47} [[""A"" [3 3]]]] [{citizen 25} [[""A"" [3 3]]]] [{citizen 26} [[""A"" [3 3]]]] [{citizen 24} [[""A"" [3 3]]]] [{citizen 6} [[""A"" [3 3]]]] [{citizen 30} [[""A"" [3 3]]]] [{citizen 39} [[""A"" [3 3]]]] [{citizen 22} [[""A"" [3 3]]]]]"
"8","[128 0 127]","152.6086956521739","2.865695351558847","-4.370975705590274","""circle""","""""","9.9","{breed citizens}","false","0.5","1","""up""",,"[[""ID"" 48] [""alpha"" 1] [""beta"" 1] [""malleable"" [""A""]] [""prior"" []] [""cont_tokens"" []] [""A"" 3]]","[[0 [0 1 2 3 4 6 7 8 9 10 13]] [1 [15 16 17 18 19 20 21 22 23 24 25 26 27]] [2 [28 29 30 31 32 33 34 35 36 37 38 39 40]] [3 [41 42 43 44 45 46 47 48 49 50 51 52 53]] [4 [54 55 56 57 58 59 60 61 62 63 64 65 66]] [5 [67 68 69 70 71 72 73 74 75 76 77 78 79]] [6 [80 81 82 83 84 85 86 87 88 89 90 91 92]] [7 [93 94 95 96 97 98 99 100 101 102 103 104 105]] [8 [106 107 108 109 110 111 112 113 114 115 116 117 118]] [9 [119 120 121 122 123 124 125 126 127 128 129 130 131]] [10 [132 133 134 135 136 137 138 139 140 141 142 143 144]] [11 [145 146 147 148 149 150 151 152 153 154 155 156 157]] [12 [158 159 160 161 162 163 164 165 166 167 168 169 170]] [13 [171 172 173 174 175 176 177 178 179 180 181 182 183]] [14 [184 185 186 187 188 189 190 191 192 193 194 195 196]] [15 [197 198 199 200 201 202 203 204 205 206 207 208 209]] [16 [210 211 212 213 214 215 216 217 218 219 220 221 222]] [17 [223 224 225 226 227 228 229 230 231 232 233 234 235]] [18 [236 237 238 239 240 241 242 243 244 245 246 247 248]] [19 [249 250 251 252 253 254 255 256 257 258 259 260 261]] [20 [262 263 264 265 266 267 268 269 270 271 272 273 274]] [21 [275 276 277 278 279 280 281 282 283 284 285 286 287]] [22 [288 289 290 291 292 293 294 295 296 297 298 299 300]] [23 [301 302 303 304 305 306 307 308 309 310 311 312 313]] [24 [314 315 316 317 318 319 320 321 322 323 324 325 326]] [25 [327 328 329 330 331 332 333 334 335 336 337 338 339]] [26 [340 341 342 343 344 345 346 347 348 349 350 351 352]] [27 [353 354 355 356 357 358 359 360 361 362 363 364 365]] [28 [366 367 368 369 370 371 372 373 374 375 376 377 378]] [29 [379 380 381 382 383 384 385 386 387 388 389 390 391]] [30 [392 393 394 395 396 397 398 399 400 401 402 403 404]] [31 [405 406 407 408 409 410 411 412 413 414 415 416 417]] [32 [418 419 420 421 422 423 424 425 426 427 428 429 430]] [33 [431 432 433 434 435 436 437 438 439 440 441 442 443]] [34 [444 445 446 447 448 449 450 451 452 453 454 455 456]] [35 [457 458 459 460 461 462 463 464 465 466 467 468 469]] [36 [470 471 472 473 474 475 476 477 478 479 480 481 482]] [37 [483 484 485 486 487 488 489 490 491 492 493 494 495]] [38 [496 497 498 499 500 501 502 503 504 505 506 507 508]] [39 [509 510 511 512 513 514 515 516 517 518 519 520 521]] [40 [522 523 524 525 526 527 528 529 530 531 532 533 534]] [41 [535 536 537 538 539 540 541 542 543 544 545 546 547]] [42 [548 549 550 551 552 553 554 555 556 557 558 559 560]] [43 [561 562 563 564 565 566 567 568 569 570 571 572 573]] [44 [574 575 576 577 578 579 580 581 582 583 584 585 586]] [45 [587 588 589 590 591 592 593 594 595 596 597 598 599]] [46 [600 601 602 603 604 605 606 607 608 609 610 611 612]] [47 [613 614 615 616 617 618 619 620 621 622 623 624 625]] [48 [626 627 628 629 630 631 632 633 634 635 636 637 638]] [49 [639 640 641 642 643 644 645 646 647 648 649 650 651]] [50 [652 653 654 655 656 657 658 659 660 661 662 663 664]] [51 [665 666 667 668 669 670 671 672 673 674 675 676 677]] [52 [678 679 680 681 682 683 684 685 686 687 688 689 690]] [53 [691 692 693 694 695 696 697 698 699 700 701 702 703]] [54 [704 705 706 707 708 709 710 711 712 713 714 715 716]] [55 [717 718 719 720 721 722 723 724 725 726 727 728 729]] [56 [730 731 732 733 734 735 736 737 738 739 740 741 742]] [57 [743 744 745 746 747 748 749 750 751 752 753 754 755]] [58 [756 757 758 759 760 761 762 763 764 765 766 767 768]] [59 [769 770 771 772 773 774 775 776 777 778 779 780 781]] [60 [782 783 784 785 786 787 788 789 790 791 792 793 794]] [61 [795 796 797 798 799 800 801 802 803 804 805 806 807]] [62 [808 809 810 811 812 813 814 815 816 817 818 819 820]] [63 [821 822 823 824 825 826 827 828 829 830 831 832 833]] [64 [834 835 836 837 838 839 840 841 842 843 844 845 846]] [65 [847 848 849 850 851 852 853 854 855 856 857 858 859]] [66 [860 861 862 863 864 865 866 867 868 869 870 871 872]] [67 [873 874 875 876 877 878 879 880 881 882 883 884 885]] [68 [886 887 888 889 890 891 892 893 894 895 896 897 898]] [69 [899 900 901 902 903 904 905 906 907 908 909 910 911]] [70 [912 913 914 915 916 917 918 919 920 921 922 923 924]] [71 [925 926 927 928 929 930 931 932 933 934 935 936 937]] [72 [938 939 940 941 942 943 944 945 946 947 948 949 950]] [73 [951 952 953 954 955 956 957 958 959 960 961 962 963]] [74 [964 965 966 967 968 969 970 971 972 973 974 975 976]] [75 [977 978 979 980 981 982 983 984 985 986 987 988 989]] [76 [990 991 992 993 994 995 996 997 998 999 1000 1001 1002]] [77 [1003 1004 1005 1006 1007 1008 1009 1010 1011 1012 1013 1014 1015]] [78 [1016 1017 1018 1019 1020 1021 1022 1023 1024 1025 1026 1027 1028]] [79 [1029 1030 1031 1032 1033 1034 1035 1036 1037 1038 1039 1040 1041]] [80 [1042 1043 1044 1045 1046 1047 1048 1049 1050 1051 1052 1053 1054]] [81 [1055 1056 1057 1058 1059 1060 1061 1062 1063 1064 1065 1066 1067]] [82 [1068 1069 1070 1071 1072 1073 1074 1075 1076 1077 1078 1079 1080]] [83 [1081 1082 1083 1084 1085 1086 1087 1088 1089 1090 1091 1092 1093]] [84 [1094 1095 1096 1097 1098 1099 1100 1101 1102 1103 1104 1105 1106]] [85 [1107 1108 1109 1110 1111 1112 1113 1114 1115 1116 1117 1118 1119]] [86 [1120 1121 1122 1123 1124 1125 1126 1127 1128 1129 1130 1131 1132]] [87 [1133 1134 1135 1136 1137 1138 1139 1140 1141 1142 1143 1144 1145]] [88 [1146 1147 1148 1149 1150 1151 1152 1153 1154 1155 1156 1157 1158]] [89 [1159 1160 1161 1162 1163 1164 1165 1166 1167 1168 1169 1170 1171]] [90 [1172 1173 1174 1175 1176 1177 1178 1179 1180 1181 1182 1183 1184]] [91 [1185 1186 1187 1188 1189 1190 1191 1192 1193 1194 1195 1196 1197]] [92 [1198 1199 1200 1201 1202 1203 1204 1205 1206 1207 1208 1209 1210]] [93 [1211 1212 1213 1214 1215 1216 1217 1218 1219 1220 1221 1222 1223]] [94 [1224 1225 1226 1227 1228 1229 1230 1231 1232 1233 1234 1235 1236]] [95 [1237 1238 1239 1240 1241 1242 1243 1244 1245 1246 1247 1248 1249]] [96 [1250 1251 1252 1253 1254 1255 1256 1257 1258 1259 1260 1261 1262]] [97 [1263 1264 1265 1266 1267 1268 1269 1270 1271 1272 1273 1274 1275]] [98 [1276 1277 1278 1279 1280 1281 1282 1283 1284 1285 1286 1287 1288]] [99 [1289 1290 1291 1292 1293 1294 1295 1296 1297 1298 1299 1300 1301]]]","[[0 [0 1 2 3 4 6 7 8 9 10 13]] [1 [15 16 17 18 19 20 21 22 23 24 25 26 27]] [2 [28 29 30 31 32 33 34 35 36 37 38 39 40]] [3 [41 42 43 44 45 46 47 48 49 50 51 52 53]] [4 [54 55 56 57 58 59 60 61 62 63 64 65 66]] [5 [67 68 69 70 71 72 73 74 75 76 77 78 79]] [6 [80 81 82 83 84 85 86 87 88 89 90 91 92]] [7 [93 94 95 96 97 98 99 100 101 102 103 104 105]] [8 [106 107 108 109 110 111 112 113 114 115 116 117 118]] [9 [119 120 121 122 123 124 125 126 127 128 129 130 131]] [10 [132 133 134 135 136 137 138 139 140 141 142 143 144]] [11 [145 146 147 148 149 150 151 152 153 154 155 156 157]] [12 [158 159 160 161 162 163 164 165 166 167 168 169 170]] [13 [171 172 173 174 175 176 177 178 179 180 181 182 183]] [14 [184 185 186 187 188 189 190 191 192 193 194 195 196]] [15 [197 198 199 200 201 202 203 204 205 206 207 208 209]] [16 [210 211 212 213 214 215 216 217 218 219 220 221 222]] [17 [223 224 225 226 227 228 229 230 231 232 233 234 235]] [18 [236 237 238 239 240 241 242 243 244 245 246 247 248]] [19 [249 250 251 252 253 254 255 256 257 258 259 260 261]] [20 [262 263 264 265 266 267 268 269 270 271 272 273 274]] [21 [275 276 277 278 279 280 281 282 283 284 285 286 287]] [22 [288 289 290 291 292 293 294 295 296 297 298 299 300]] [23 [301 302 303 304 305 306 307 308 309 310 311 312 313]] [24 [314 315 316 317 318 319 320 321 322 323 324 325 326]] [25 [327 328 329 330 331 332 333 334 335 336 337 338 339]] [26 [340 341 342 343 344 345 346 347 348 349 350 351 352]] [27 [353 354 355 356 357 358 359 360 361 362 363 364 365]] [28 [366 367 368 369 370 371 372 373 374 375 376 377 378]] [29 [379 380 381 382 383 384 385 386 387 388 389 390 391]] [30 [392 393 394 395 396 397 398 399 400 401 402 403 404]] [31 [405 406 407 408 409 410 411 412 413 414 415 416 417]] [32 [418 419 420 421 422 423 424 425 426 427 428 429 430]] [33 [431 432 433 434 435 436 437 438 439 440 441 442 443]] [34 [444 445 446 447 448 449 450 451 452 453 454 455 456]] [35 [457 458 459 460 461 462 463 464 465 466 467 468 469]] [36 [470 471 472 473 474 475 476 477 478 479 480 481 482]] [37 [483 484 485 486 487 488 489 490 491 492 493 494 495]] [38 [496 497 498 499 500 501 502 503 504 505 506 507 508]] [39 [509 510 511 512 513 514 515 516 517 518 519 520 521]] [40 [522 523 524 525 526 527 528 529 530 531 532 533 534]] [41 [535 536 537 538 539 540 541 542 543 544 545 546 547]] [42 [548 549 550 551 552 553 554 555 556 557 558 559 560]] [43 [561 562 563 564 565 566 567 568 569 570 571 572 573]] [44 [574 575 576 577 578 579 580 581 582 583 584 585 586]] [45 [587 588 589 590 591 592 593 594 595 596 597 598 599]] [46 [600 601 602 603 604 605 606 607 608 609 610 611 612]] [47 [613 614 615 616 617 618 619 620 621 622 623 624 625]] [48 [626 627 628 629 630 631 632 633 634 635 636 637 638]] [49 [639 640 641 642 643 644 645 646 647 648 649 650 651]] [50 [652 653 654 655 656 657 658 659 660 661 662 663 664]] [51 [665 666 667 668 669 670 671 672 673 674 675 676 677]] [52 [678 679 680 681 682 683 684 685 686 687 688 689 690]] [53 [691 692 693 694 695 696 697 698 699 700 701 702 703]] [54 [704 705 706 707 708 709 710 711 712 713 714 715 716]] [55 [717 718 719 720 721 722 723 724 725 726 727 728 729]] [56 [730 731 732 733 734 735 736 737 738 739 740 741 742]] [57 [743 744 745 746 747 748 749 750 751 752 753 754 755]] [58 [756 757 758 759 760 761 762 763 764 765 766 767 768]] [59 [769 770 771 772 773 774 775 776 777 778 779 780 781]] [60 [782 783 784 785 786 787 788 789 790 791 792 793 794]] [61 [795 796 797 798 799 800 801 802 803 804 805 806 807]] [62 [808 809 810 811 812 813 814 815 816 817 818 819 820]] [63 [821 822 823 824 825 826 827 828 829 830 831 832 833]] [64 [834 835 836 837 838 839 840 841 842 843 844 845 846]] [65 [847 848 849 850 851 852 853 854 855 856 857 858 859]] [66 [860 861 862 863 864 865 866 867 868 869 870 871 872]] [67 [873 874 875 876 877 878 879 880 881 882 883 884 885]] [68 [886 887 888 889 890 891 892 893 894 895 896 897 898]] [69 [899 900 901 902 903 904 905 906 907 908 909 910 911]] [70 [912 913 914 915 916 917 918 919 920 921 922 923 924]] [71 [925 926 927 928 929 930 931 932 933 934 935 936 937]] [72 [938 939 940 941 942 943 944 945 946 947 948 949 950]] [73 [951 952 953 954 955 956 957 958 959 960 961 962 963]] [74 [964 965 966 967 968 969 970 971 972 973 974 975 976]] [75 [977 978 979 980 981 982 983 984 985 986 987 988 989]] [76 [990 991 992 993 994 995 996 997 998 999 1000 1001 1002]] [77 [1003 1004 1005 1006 1007 1008 1009 1010 1011 1012 1013 1014 1015]] [78 [1016 1017 1018 1019 1020 1021 1022 1023 1024 1025 1026 1027 1028]] [79 [1029 1030 1031 1032 1033 1034 1035 1036 1037 1038 1039 1040 1041]] [80 [1042 1043 1044 1045 1046 1047 1048 1049 1050 1051 1052 1053 1054]] [81 [1055 1056 1057 1058 1059 1060 1061 1062 1063 1064 1065 1066 1067]] [82 [1068 1069 1070 1071 1072 1073 1074 1075 1076 1077 1078 1079 1080]] [83 [1081 1082 1083 1084 1085 1086 1087 1088 1089 1090 1091 1092 1093]] [84 [1094 1095 1096 1097 1098 1099 1100 1101 1102 1103 1104 1105 1106]] [85 [1107 1108 1109 1110 1111 1112 1113 1114 1115 1116 1117 1118 1119]] [86 [1120 1122 1123 1124 1125 1126 1127 1128 1129 1130 1131 1132]] [87 [1133 1134 1135 1136 1137 1138 1139 1140 1141 1142 1143 1144 1145]] [88 [1146 1147 1148 1149 1150 1151 1152 1153 1154 1155 1156 1157 1158]] [89 [1159 1160 1161 1162 1163 1164 1165 1166 1167 1168 1169 1170 1171]] [90 [1172 1173 1174 1175 1176 1177 1178 1179 1180 1181 1182 1183 1184]] [91 [1185 1186 1187 1188 1189 1190 1191 1192 1193 1194 1195 1196 1197]] [92 [1198 1199 1200 1201 1202 1203 1204 1205 1206 1207 1208 1209 1210]] [93 [1211 1212 1213 1214 1215 1216 1217 1218 1219 1220 1221 1222 1223]] [94 [1224 1225 1226 1227 1228 1229 1230 1231 1232 1233 1234 1235 1236]] [95 [1237 1238 1239 1240 1241 1242 1243 1244 1245 1246 1247 1248 1249]] [96 [1250 1251 1252 1253 1254 1255 1256 1257 1258 1259 1260 1261 1262]] [97 [1263 1264 1265 1266 1267 1268 1269 1270 1271 1272 1273 1274 1275]] [98 [1276 1277 1278 1279 1280 1281 1282 1283 1284 1285 1286 1287 1288]] [99 [1289 1290 1291 1292 1293 1294 1295 1296 1297 1298 1299 1300 1301]]]",,"[[{citizen 10} [[""A"" [3 3]]]] [{citizen 14} [[""A"" [3 3]]]] [{citizen 17} [[""A"" [3 3]]]] [{citizen 18} [[""A"" [3 3]]]] [{media 56} [[""A"" [3 3]]]] [{media 57} [[""A"" [3 3]]]] [{media 59} [[""A"" [3 3]]]] [{media 63} [[""A"" [3 3]]]] [{media 64} [[""A"" [3 3]]]] [{media 54} [[""A"" [3 3]]]] [{citizen 5} [[""A"" [3 3]]]] [{citizen 0} [[""A"" [3 3]]]] [{citizen 3} [[""A"" [3 3]]]] [{citizen 4} [[""A"" [3 3]]]] [{media 50} [[""A"" [3 3]]]] [{media 55} [[""A"" [3 3]]]] [{citizen 1} [[""A"" [3 3]]]] [{media 62} [[""A"" [3 3]]]] [{media 53} [[""A"" [3 3]]]] [{citizen 2} [[""A"" [3 3]]]] [{media 52} [[""A"" [3 3]]]] [{media 61} [[""A"" [3 3]]]] [{citizen 9} [[""A"" [3 3]]]] [{citizen 12} [[""A"" [3 3]]]] [{citizen 43} [[""A"" [3 3]]]] [{citizen 45} [[""A"" [3 3]]]] [{citizen 20} [[""A"" [3 3]]]] [{citizen 36} [[""A"" [3 3]]]] [{citizen 37} [[""A"" [3 3]]]] [{citizen 31} [[""A"" [3 3]]]] [{citizen 42} [[""A"" [3 3]]]] [{citizen 27} [[""A"" [3 3]]]] [{citizen 33} [[""A"" [3 3]]]] [{citizen 40} [[""A"" [3 3]]]] [{citizen 7} [[""A"" [3 3]]]] [{citizen 19} [[""A"" [3 3]]]] [{citizen 34} [[""A"" [3 3]]]] [{citizen 16} [[""A"" [3 3]]]] [{citizen 38} [[""A"" [3 3]]]] [{citizen 24} [[""A"" [3 3]]]] [{citizen 15} [[""A"" [3 3]]]] [{citizen 32} [[""A"" [3 3]]]] [{citizen 35} [[""A"" [3 3]]]] [{citizen 49} [[""A"" [3 3]]]] [{citizen 23} [[""A"" [3 3]]]] [{citizen 21} [[""A"" [3 3]]]] [{citizen 41} [[""A"" [3 3]]]] [{citizen 11} [[""A"" [3 3]]]] [{media 51} [[""A"" [3 3]]]] [{citizen 44} [[""A"" [3 3]]]] [{citizen 46} [[""A"" [3 3]]]] [{citizen 47} [[""A"" [3 3]]]] [{citizen 39} [[""A"" [3 3]]]] [{citizen 30} [[""A"" [3 3]]]] [{citizen 25} [[""A"" [3 3]]]] [{citizen 13} [[""A"" [3 3]]]] [{citizen 28} [[""A"" [3 3]]]] [{citizen 48} [[""A"" [3 3]]]] [{citizen 29} [[""A"" [3 3]]]] [{citizen 6} [[""A"" [3 3]]]] [{citizen 26} [[""A"" [3 3]]]] [{citizen 22} [[""A"" [3 3]]]]]"
"9","[128 0 127]","164.3478260869565","1.1346044389173013","-4.486667740339056","""circle""","""""","9.9","{breed citizens}","false","0.5","1","""up""",,"[[""ID"" 0] [""alpha"" 1] [""beta"" 1] [""malleable"" [""A""]] [""prior"" []] [""cont_tokens"" []] [""A"" 3]]","[[0 [0 1 2 3 4 5 6 7 8 9 10 12 13]] [1 [15 16 17 18 19 20 21 22 23 24 25 26 27]] [2 [28 29 30 31 32 33 34 35 36 37 38 39 40]] [3 [41 42 43 44 45 46 47 48 49 50 51 52 53]] [4 [54 55 56 57 58 59 60 61 62 63 64 65 66]] [5 [67 68 69 70 71 72 73 74 75 76 77 78 79]] [6 [80 81 82 83 84 85 86 87 88 89 90 91 92]] [7 [93 94 95 96 97 98 99 100 101 102 103 104 105]] [8 [106 107 108 109 110 111 112 113 114 115 116 117 118]] [9 [119 120 121 122 123 124 125 126 127 128 129 130 131]] [10 [132 133 134 135 136 137 138 139 140 141 142 143 144]] [11 [145 146 147 148 149 150 151 152 153 154 155 156 157]] [12 [158 159 160 161 162 163 164 165 166 167 168 169 170]] [13 [171 172 173 174 175 176 177 178 179 180 181 182 183]] [14 [184 185 186 187 188 189 190 191 192 193 194 195 196]] [15 [197 198 199 200 201 202 203 204 205 206 207 208 209]] [16 [210 211 212 213 214 215 216 217 218 219 220 221 222]] [17 [223 224 225 226 227 228 229 230 231 232 233 234 235]] [18 [236 237 238 239 240 241 242 243 244 245 246 247 248]] [19 [249 250 251 252 253 254 255 256 257 258 259 260 261]] [20 [262 263 264 265 266 267 268 269 270 271 272 273 274]] [21 [275 276 277 278 279 280 281 282 283 284 285 286 287]] [22 [288 289 290 291 292 293 294 295 296 297 298 299 300]] [23 [301 302 303 304 305 306 307 308 309 310 311 312 313]] [24 [314 315 316 317 318 319 320 321 322 323 324 325 326]] [25 [327 328 329 330 331 332 333 334 335 336 337 338 339]] [26 [340 341 342 343 344 345 346 347 348 349 350 351 352]] [27 [353 354 355 356 357 358 359 360 361 362 363 364 365]] [28 [366 367 368 369 370 371 372 373 374 375 376 377 378]] [29 [379 380 381 382 383 384 385 386 387 388 389 390 391]] [30 [392 393 394 395 396 397 398 399 400 401 402 403 404]] [31 [405 406 407 408 409 410 411 412 413 414 415 416 417]] [32 [418 419 420 421 422 423 424 425 426 427 428 429 430]] [33 [431 432 433 434 435 436 437 438 439 440 441 442 443]] [34 [444 445 446 447 448 449 450 451 452 453 454 455 456]] [35 [457 458 459 460 461 462 463 464 465 466 467 468 469]] [36 [470 471 472 473 474 475 476 477 478 479 480 481 482]] [37 [483 484 485 486 487 488 489 490 491 492 493 494 495]] [38 [496 497 498 499 500 501 502 503 504 505 506 507 508]] [39 [509 510 511 512 513 514 515 516 517 518 519 520 521]] [40 [522 523 524 525 526 527 528 529 530 531 532 533 534]] [41 [535 536 537 538 539 540 541 542 543 544 545 546 547]] [42 [548 549 550 551 552 553 554 555 556 557 558 559 560]] [43 [561 562 563 564 565 566 567 568 569 570 571 572 573]] [44 [574 575 576 577 578 579 580 581 582 583 584 585 586]] [45 [587 588 589 590 591 592 593 594 595 596 597 598 599]] [46 [600 601 602 603 604 605 606 607 608 609 610 611 612]] [47 [613 614 615 616 617 618 619 620 621 622 623 624 625]] [48 [626 627 628 629 630 631 632 633 634 635 636 637 638]] [49 [639 640 641 642 643 644 645 646 647 648 649 650 651]] [50 [652 653 654 655 656 657 658 659 660 661 662 663 664]] [51 [665 666 667 668 669 670 671 672 673 674 675 676 677]] [52 [678 679 680 681 682 683 684 685 686 687 688 689 690]] [53 [691 692 693 694 695 696 697 698 699 700 701 702 703]] [54 [704 705 706 707 708 709 710 711 712 713 714 715 716]] [55 [717 718 719 720 721 722 723 724 725 726 727 728 729]] [56 [730 731 732 733 734 735 736 737 738 739 740 741 742]] [57 [743 744 745 746 747 748 749 750 751 752 753 754 755]] [58 [756 757 758 759 760 761 762 763 764 765 766 767 768]] [59 [769 770 771 772 773 774 775 776 777 778 779 780 781]] [60 [782 783 784 785 786 787 788 789 790 791 792 793 794]] [61 [795 796 797 798 799 800 801 802 803 804 805 806 807]] [62 [808 809 810 811 812 813 814 815 816 817 818 819 820]] [63 [821 822 823 824 825 826 827 828 829 830 831 832 833]] [64 [834 835 836 837 838 839 840 841 842 843 844 845 846]] [65 [847 848 849 850 851 852 853 854 855 856 857 858 859]] [66 [860 861 862 863 864 865 866 867 868 869 870 871 872]] [67 [873 874 875 876 877 878 879 880 881 882 883 884 885]] [68 [886 887 888 889 890 891 892 893 894 895 896 897 898]] [69 [899 900 901 902 903 904 905 906 907 908 909 910 911]] [70 [912 913 914 915 916 917 918 919 920 921 922 923 924]] [71 [925 926 927 928 929 930 931 932 933 934 935 936 937]] [72 [938 939 940 941 942 943 944 945 946 947 948 949 950]] [73 [951 952 953 954 955 956 957 958 959 960 961 962 963]] [74 [964 965 966 967 968 969 970 971 972 973 974 975 976]] [75 [977 978 979 980 981 982 983 984 985 986 987 988 989]] [76 [990 991 992 993 994 995 996 997 998 999 1000 1001 1002]] [77 [1003 1004 1005 1006 1007 1008 1009 1010 1011 1012 1013 1014 1015]] [78 [1016 1017 1018 1019 1020 1021 1022 1023 1024 1025 1026 1027 1028]] [79 [1029 1030 1031 1032 1033 1034 1035 1036 1037 1038 1039 1040 1041]] [80 [1042 1043 1044 1045 1046 1047 1048 1049 1050 1051 1052 1053 1054]] [81 [1055 1056 1057 1058 1059 1060 1061 1062 1063 1064 1065 1066 1067]] [82 [1068 1069 1070 1071 1072 1073 1074 1075 1076 1077 1078 1079 1080]] [83 [1081 1082 1083 1084 1085 1086 1087 1088 1089 1090 1091 1092 1093]] [84 [1094 1095 1096 1097 1098 1099 1100 1101 1102 1103 1104 1105 1106]] [85 [1107 1108 1109 1110 1111 1112 1113 1114 1115 1116 1117 1118 1119]] [86 [1120 1121 1122 1123 1124 1125 1126 1127 1128 1129 1130 1131 1132]] [87 [1133 1134 1135 1136 1137 1138 1139 1140 1141 1142 1143 1144 1145]] [88 [1146 1147 1148 1149 1150 1151 1152 1153 1154 1155 1156 1157 1158]] [89 [1159 1160 1161 1162 1163 1164 1165 1166 1167 1168 1169 1170 1171]] [90 [1172 1173 1174 1175 1176 1177 1178 1179 1180 1181 1182 1183 1184]] [91 [1185 1186 1187 1188 1189 1190 1191 1192 1193 1194 1195 1196 1197]] [92 [1198 1199 1200 1201 1202 1203 1204 1205 1206 1207 1208 1209 1210]] [93 [1211 1212 1213 1214 1215 1216 1217 1218 1219 1220 1221 1222 1223]] [94 [1224 1225 1226 1227 1228 1229 1230 1231 1232 1233 1234 1235 1236]] [95 [1237 1238 1239 1240 1241 1242 1243 1244 1245 1246 1247 1248 1249]] [96 [1250 1251 1252 1253 1254 1255 1256 1257 1258 1259 1260 1261 1262]] [97 [1263 1264 1265 1266 1267 1268 1269 1270 1271 1272 1273 1274 1275]] [98 [1276 1277 1278 1279 1280 1281 1282 1283 1284 1285 1286 1287 1288]] [99 [1289 1290 1291 1292 1293 1294 1295 1296 1297 1298 1299 1300 1301]]]","[[0 [0 1 2 3 4 5 6 7 8 9 10 12 13]] [1 [15 16 17 18 19 20 21 22 23 24 25 26 27]] [2 [28 29 30 31 32 33 34 35 36 37 38 39 40]] [3 [41 42 43 44 45 46 47 48 49 50 51 52 53]] [4 [54 55 56 57 58 59 60 61 62 63 64 65 66]] [5 [67 68 69 70 71 72 73 74 75 76 77 78 79]] [6 [80 81 82 83 84 85 86 87 88 89 90 91 92]] [7 [93 94 95 96 97 98 99 100 101 102 103 104 105]] [8 [106 107 108 109 110 111 112 113 114 115 116 117 118]] [9 [119 120 121 122 123 124 125 126 127 128 129 130 131]] [10 [132 133 134 135 136 137 138 139 140 141 142 143 144]] [11 [145 146 147 148 149 150 151 152 153 154 155 156 157]] [12 [158 159 160 161 162 163 164 165 166 167 168 169 170]] [13 [171 172 173 174 175 176 177 178 179 180 181 182 183]] [14 [184 185 186 187 188 189 190 191 192 193 194 195 196]] [15 [197 198 199 200 201 202 203 204 205 206 207 208 209]] [16 [210 211 212 213 214 215 216 217 218 219 220 221 222]] [17 [223 224 225 226 227 228 229 230 231 232 233 234 235]] [18 [236 237 238 239 240 241 242 243 244 245 246 247 248]] [19 [249 250 251 252 253 254 255 256 257 258 259 260 261]] [20 [262 263 264 265 266 267 268 269 270 271 272 273 274]] [21 [275 276 277 278 279 280 281 282 283 284 285 286 287]] [22 [288 289 290 291 292 293 294 295 296 297 298 299 300]] [23 [301 302 303 304 305 306 307 308 309 310 311 312 313]] [24 [314 315 316 317 318 319 320 321 322 323 324 325 326]] [25 [327 328 329 330 331 332 333 334 335 336 337 338 339]] [26 [340 341 342 343 344 345 346 347 348 349 350 351 352]] [27 [353 354 355 356 357 358 359 360 361 362 363 364 365]] [28 [366 367 368 369 370 371 372 373 374 375 376 377 378]] [29 [379 380 381 382 383 384 385 386 387 388 389 390 391]] [30 [392 393 394 395 396 397 398 399 400 401 402 403 404]] [31 [405 406 407 408 409 410 411 412 413 414 415 416 417]] [32 [418 419 420 421 422 423 424 425 426 427 428 429 430]] [33 [431 432 433 434 435 436 437 438 439 440 441 442 443]] [34 [444 445 446 447 448 449 450 451 452 453 454 455 456]] [35 [457 458 459 460 461 462 463 464 465 466 467 468 469]] [36 [470 471 472 473 474 475 476 477 478 479 480 481 482]] [37 [483 484 485 486 487 488 489 490 491 492 493 494 495]] [38 [496 497 498 499 500 501 502 503 504 505 506 507 508]] [39 [509 510 511 512 513 514 515 516 517 518 519 520 521]] [40 [522 523 524 525 526 527 528 529 530 531 532 533 534]] [41 [535 536 537 538 539 540 541 542 543 544 545 546 547]] [42 [548 549 550 551 552 553 554 555 556 557 558 559 560]] [43 [561 562 563 564 565 566 567 568 569 570 571 572 573]] [44 [574 575 576 577 578 579 580 581 582 583 584 585 586]] [45 [587 588 589 590 591 592 593 594 595 596 597 598 599]] [46 [600 601 602 603 604 605 606 607 608 609 610 611 612]] [47 [613 614 615 616 617 618 619 620 621 622 623 624 625]] [48 [626 627 628 629 630 631 632 633 634 635 636 637 638]] [49 [639 640 641 642 643 644 645 646 647 648 649 650 651]] [50 [652 653 654 655 656 657 658 659 660 661 662 663 664]] [51 [665 666 667 668 669 670 671 672 673 674 675 676 677]] [52 [678 679 680 681 682 683 684 685 686 687 688 689 690]] [53 [691 692 693 694 695 696 697 698 699 700 701 702 703]] [54 [704 705 706 707 708 709 710 711 712 713 714 715 716]] [55 [717 718 719 720 721 722 723 724 725 726 727 728 729]] [56 [730 731 732 733 734 735 736 737 738 739 740 741 742]] [57 [743 744 745 746 747 748 749 750 751 752 753 754 755]] [58 [756 757 758 759 760 761 762 763 764 765 766 767 768]] [59 [769 770 771 772 773 774 775 776 777 778 779 780 781]] [60 [782 783 784 785 786 787 788 789 790 791 792 793 794]] [61 [795 796 797 798 799 800 801 802 803 804 805 806 807]] [62 [808 809 810 811 812 813 814 815 816 817 818 819 820]] [63 [821 822 823 824 825 826 827 828 829 830 831 832 833]] [64 [834 835 836 837 838 839 840 841 842 843 844 845 846]] [65 [847 848 849 850 851 852 853 854 855 856 857 858 859]] [66 [860 861 862 863 864 865 866 867 868 869 870 871 872]] [67 [873 874 875 876 877 878 879 880 881 882 883 884 885]] [68 [886 887 888 889 890 891 892 893 894 895 896 897 898]] [69 [899 900 901 902 903 904 905 906 907 908 909 910 911]] [70 [912 913 914 915 916 917 918 919 920 921 922 923 924]] [71 [925 926 927 928 929 930 931 932 933 934 935 936 937]] [72 [938 939 940 941 942 943 944 945 946 947 948 949 950]] [73 [951 952 953 954 955 956 957 958 959 960 961 962 963]] [74 [964 965 966 967 968 969 970 971 972 973 974 975 976]] [75 [977 978 979 980 981 982 983 984 985 986 987 988 989]] [76 [990 991 992 993 994 995 996 997 998 999 1000 1001 1002]] [77 [1003 1004 1005 1006 1007 1008 1009 1010 1011 1012 1013 1014 1015]] [78 [1016 1017 1018 1019 1020 1021 1022 1023 1024 1025 1026 1027 1028]] [79 [1029 1030 1031 1032 1033 1034 1035 1036 1037 1038 1039 1040 1041]] [80 [1042 1043 1044 1045 1046 1047 1048 1049 1050 1051 1052 1053 1054]] [81 [1055 1056 1057 1058 1059 1060 1061 1062 1063 1064 1065 1066 1067]] [82 [1068 1069 1070 1071 1072 1073 1074 1075 1076 1077 1078 1079 1080]] [83 [1081 1082 1083 1084 1085 1086 1087 1088 1089 1090 1091 1092 1093]] [84 [1094 1095 1096 1097 1098 1099 1100 1101 1102 1103 1104 1105 1106]] [85 [1107 1108 1109 1110 1111 1112 1113 1114 1115 1116 1117 1118 1119]] [86 [1120 1121 1122 1123 1124 1125 1126 1127 1128 1129 1130 1131 1132]] [87 [1133 1134 1135 1136 1137 1138 1139 1140 1141 1142 1143 1144 1145]] [88 [1146 1147 1148 1149 1150 1151 1152 1153 1154 1155 1156 1157 1158]] [89 [1159 1160 1161 1162 1163 1164 1165 1166 1167 1168 1169 1170 1171]] [90 [1172 1173 1174 1175 1176 1177 1178 1179 1180 1181 1182 1183 1184]] [91 [1185 1186 1187 1188 1189 1190 1191 1192 1193 1194 1195 1196 1197]] [92 [1198 1199 1200 1201 1202 1203 1204 1205 1206 1207 1208 1209 1210]] [93 [1211 1212 1213 1214 1215 1216 1217 1218 1219 1220 1221 1222 1223]] [94 [1224 1225 1226 1227 1228 1229 1230 1231 1232 1233 1234 1235 1236]] [95 [1237 1238 1239 1240 1241 1242 1243 1244 1245 1246 1247 1248 1249]] [96 [1250 1251 1252 1253 1254 1255 1256 1257 1258 1259 1260 1261 1262]] [97 [1263 1264 1265 1266 1267 1268 1269 1270 1271 1272 1273 1274 1275]] [98 [1276 1277 1278 1279 1280 1281 1282 1283 1284 1285 1286 1287 1288]] [99 [1289 1290 1291 1292 1293 1294 1295 1296 1297 1298 1299 1300 1301]]]",,"[[{citizen 21} [[""A"" [3 3]]]] [{media 50} [[""A"" [3 3]]]] [{media 51} [[""A"" [3 3]]]] [{media 52} [[""A"" [3 3]]]] [{media 55} [[""A"" [3 3]]]] [{media 57} [[""A"" [3 3]]]] [{media 59} [[""A"" [3 3]]]] [{media 61} [[""A"" [3 3]]]] [{citizen 3} [[""A"" [3 3]]]] [{citizen 4} [[""A"" [3 3]]]] [{media 54} [[""A"" [3 3]]]] [{citizen 5} [[""A"" [3 3]]]] [{citizen 0} [[""A"" [3 3]]]] [{media 64} [[""A"" [3 3]]]] [{citizen 1} [[""A"" [3 3]]]] [{media 56} [[""A"" [3 3]]]] [{media 63} [[""A"" [3 3]]]] [{media 62} [[""A"" [3 3]]]] [{media 53} [[""A"" [3 3]]]] [{citizen 2} [[""A"" [3 3]]]] [{citizen 15} [[""A"" [3 3]]]] [{citizen 49} [[""A"" [3 3]]]] [{citizen 7} [[""A"" [3 3]]]] [{citizen 23} [[""A"" [3 3]]]] [{citizen 8} [[""A"" [3 3]]]] [{citizen 20} [[""A"" [3 3]]]] [{citizen 33} [[""A"" [3 3]]]] [{citizen 16} [[""A"" [3 3]]]] [{citizen 38} [[""A"" [3 3]]]] [{citizen 17} [[""A"" [3 3]]]] [{citizen 46} [[""A"" [3 3]]]] [{citizen 6} [[""A"" [3 3]]]] [{citizen 45} [[""A"" [3 3]]]] [{citizen 25} [[""A"" [3 3]]]] [{citizen 12} [[""A"" [3 3]]]] [{citizen 37} [[""A"" [3 3]]]] [{citizen 19} [[""A"" [3 3]]]] [{citizen 41} [[""A"" [3 3]]]] [{citizen 14} [[""A"" [3 3]]]] [{citizen 29} [[""A"" [3 3]]]] [{citizen 10} [[""A"" [3 3]]]] [{citizen 34} [[""A"" [3 3]]]] [{citizen 43} [[""A"" [3 3]]]] [{citizen 48} [[""A"" [3 3]]]] [{citizen 31} [[""A"" [3 3]]]] [{citizen 27} [[""A"" [3 3]]]] [{citizen 42} [[""A"" [3 3]]]] [{citizen 18} [[""A"" [3 3]]]] [{citizen 47} [[""A"" [3 3]]]] [{citizen 32} [[""A"" [3 3]]]] [{citizen 35} [[""A"" [3 3]]]] [{citizen 11} [[""A"" [3 3]]]] [{citizen 40} [[""A"" [3 3]]]] [{citizen 22} [[""A"" [3 3]]]] [{citizen 44} [[""A"" [3 3]]]] [{citizen 24} [[""A"" [3 3]]]] [{citizen 30} [[""A"" [3 3]]]] [{citizen 13} [[""A"" [3 3]]]] [{citizen 36} [[""A"" [3 3]]]] [{citizen 26} [[""A"" [3 3]]]] [{citizen 28} [[""A"" [3 3]]]] [{citizen 39} [[""A"" [3 3]]]]]"
"10","[128 0 127]","180","-0.26387033315804587","-5.218008100010551","""circle""","""""","9.9","{breed citizens}","false","0.5","1","""up""",,"[[""ID"" 23] [""alpha"" 1] [""beta"" 1] [""malleable"" [""A""]] [""prior"" []] [""cont_tokens"" []] [""A"" 3]]","[[0 [0 1 2 3 4 6 7 8 9 10 13]] [1 [15 16 17 18 19 20 21 22 23 24 25 26 27]] [2 [28 29 30 31 32 33 34 35 36 37 38 39 40]] [3 [41 42 43 44 45 46 47 48 49 50 51 52 53]] [4 [54 55 56 57 58 59 60 61 62 63 64 65 66]] [5 [67 68 69 70 71 72 73 74 75 76 77 78 79]] [6 [80 81 82 83 84 85 86 87 88 89 90 91 92]] [7 [93 94 95 96 97 98 99 100 101 102 103 104 105]] [8 [106 107 108 109 110 111 112 113 114 115 116 117 118]] [9 [119 120 121 122 123 124 125 126 127 128 129 130 131]] [10 [132 133 134 135 136 137 138 139 140 141 142 143 144]] [11 [145 146 147 148 149 150 151 152 153 154 155 156 157]] [12 [158 159 160 161 162 163 164 165 166 167 168 169 170]] [13 [171 172 173 174 175 176 177 178 179 180 181 182 183]] [14 [184 185 186 187 188 189 190 191 192 193 194 195 196]] [15 [197 198 199 200 201 202 203 204 205 206 207 208 209]] [16 [210 211 212 213 214 215 216 217 218 219 220 221 222]] [17 [223 224 225 226 227 228 229 230 231 232 233 234 235]] [18 [236 237 238 239 240 241 242 243 244 245 246 247 248]] [19 [249 250 251 252 253 254 255 256 257 258 259 260 261]] [20 [262 263 264 265 266 267 268 269 270 271 272 273 274]] [21 [275 276 277 278 279 280 281 282 283 284 285 286 287]] [22 [288 289 290 291 292 293 294 295 296 297 298 299 300]] [23 [301 302 303 304 305 306 307 308 309 310 311 312 313]] [24 [314 315 316 317 318 319 320 321 322 323 324 325 326]] [25 [327 328 329 330 331 332 333 334 335 336 337 338 339]] [26 [340 341 342 343 344 345 346 347 348 349 350 351 352]] [27 [353 354 355 356 357 358 359 360 361 362 363 364 365]] [28 [366 367 368 369 370 371 372 373 374 375 376 377 378]] [29 [379 380 381 382 383 384 385 386 387 388 389 390 391]] [30 [392 393 394 395 396 397 398 399 400 401 402 403 404]] [31 [405 406 407 408 409 410 411 412 413 414 415 416 417]] [32 [418 419 420 421 422 423 424 425 426 427 428 429 430]] [33 [431 432 433 434 435 436 437 438 439 440 441 442 443]] [34 [444 445 446 447 448 449 450 451 452 453 454 455 456]] [35 [457 458 459 460 461 462 463 464 465 466 467 468 469]] [36 [470 471 472 473 474 475 476 477 478 479 480 481 482]] [37 [483 484 485 486 487 488 489 490 491 492 493 494 495]] [38 [496 497 498 499 500 501 502 503 504 505 506 507 508]] [39 [509 510 511 512 513 514 515 516 517 518 519 520 521]] [40 [522 523 524 525 526 527 528 529 530 531 532 533 534]] [41 [535 536 537 538 539 540 541 542 543 544 545 546 547]] [42 [548 549 550 551 552 553 554 555 556 557 558 559 560]] [43 [561 562 563 564 565 566 567 568 569 570 571 572 573]] [44 [574 575 576 577 578 579 580 581 582 583 584 585 586]] [45 [587 588 589 590 591 592 593 594 595 596 597 598 599]] [46 [600 601 602 603 604 605 606 607 608 609 610 611 612]] [47 [613 614 615 616 617 618 619 620 621 622 623 624 625]] [48 [626 627 628 629 630 631 632 633 634 635 636 637 638]] [49 [639 640 641 642 643 644 645 646 647 648 649 650 651]] [50 [652 653 654 655 656 657 658 659 660 661 662 663 664]] [51 [665 666 667 668 669 670 671 672 673 674 675 676 677]] [52 [678 679 680 681 682 683 684 685 686 687 688 689 690]] [53 [691 692 693 694 695 696 697 698 699 700 701 702 703]] [54 [704 705 706 707 708 709 710 711 712 713 714 715 716]] [55 [717 718 719 720 721 722 723 724 725 726 727 728 729]] [56 [730 731 732 733 734 735 736 737 738 739 740 741 742]] [57 [743 744 745 746 747 748 749 750 751 752 753 754 755]] [58 [756 757 758 759 760 761 762 763 764 765 766 767 768]] [59 [769 770 771 772 773 774 775 776 777 778 779 780 781]] [60 [782 783 784 785 786 787 788 789 790 791 792 793 794]] [61 [795 796 797 798 799 800 801 802 803 804 805 806 807]] [62 [808 809 810 811 812 813 814 815 816 817 818 819 820]] [63 [821 822 823 824 825 826 827 828 829 830 831 832 833]] [64 [834 835 836 837 838 839 840 841 842 843 844 845 846]] [65 [847 848 849 850 851 852 853 854 855 856 857 858 859]] [66 [860 861 862 863 864 865 866 867 868 869 870 871 872]] [67 [873 874 875 876 877 878 879 880 881 882 883 884 885]] [68 [886 887 888 889 890 891 892 893 894 895 896 897 898]] [69 [899 900 901 902 903 904 905 906 907 908 909 910 911]] [70 [912 913 914 915 916 917 918 919 920 921 922 923 924]] [71 [925 926 927 928 929 930 931 932 933 934 935 936 937]] [72 [938 939 940 941 942 943 944 945 946 947 948 949 950]] [73 [951 952 953 954 955 956 957 958 959 960 961 962 963]] [74 [964 965 966 967 968 969 970 971 972 973 974 975 976]] [75 [977 978 979 980 981 982 983 984 985 986 987 988 989]] [76 [990 991 992 993 994 995 996 997 998 999 1000 1001 1002]] [77 [1003 1004 1005 1006 1007 1008 1009 1010 1011 1012 1013 1014 1015]] [78 [1016 1017 1018 1019 1020 1021 1022 1023 1024 1025 1026 1027 1028]] [79 [1029 1030 1031 1032 1033 1034 1035 1036 1037 1038 1039 1040 1041]] [80 [1042 1043 1044 1045 1046 1047 1048 1049 1050 1051 1052 1053 1054]] [81 [1055 1056 1057 1058 1059 1060 1061 1062 1063 1064 1065 1066 1067]] [82 [1068 1069 1070 1071 1072 1073 1074 1075 1076 1077 1078 1079 1080]] [83 [1081 1082 1083 1084 1085 1086 1087 1088 1089 1090 1091 1092 1093]] [84 [1094 1095 1096 1097 1098 1099 1100 1101 1102 1103 1104 1105 1106]] [85 [1107 1108 1109 1110 1111 1112 1113 1114 1115 1116 1117 1118 1119]] [86 [1120 1121 1122 1123 1124 1125 1126 1127 1128 1129 1130 1131 1132]] [87 [1133 1134 1135 1136 1137 1138 1139 1140 1141 1142 1143 1144 1145]] [88 [1146 1147 1148 1149 1150 1151 1152 1153 1154 1155 1156 1157 1158]] [89 [1159 1160 1161 1162 1163 1164 1165 1166 1167 1168 1169 1170 1171]] [90 [1172 1173 1174 1175 1176 1177 1178 1179 1180 1181 1182 1183 1184]] [91 [1185 1186 1187 1188 1189 1190 1191 1192 1193 1194 1195 1196 1197]] [92 [1198 1199 1200 1201 1202 1203 1204 1205 1206 1207 1208 1209 1210]] [93 [1211 1212 1213 1214 1215 1216 1217 1218 1219 1220 1221 1222 1223]] [94 [1224 1225 1226 1227 1228 1229 1230 1231 1232 1233 1234 1235 1236]] [95 [1237 1238 1239 1240 1241 1242 1243 1244 1245 1246 1247 1248 1249]] [96 [1250 1251 1252 1253 1254 1255 1256 1257 1258 1259 1260 1261 1262]] [97 [1263 1264 1265 1266 1267 1268 1269 1270 1271 1272 1273 1274 1275]] [98 [1276 1277 1278 1279 1280 1281 1282 1283 1284 1285 1286 1287 1288]] [99 [1289 1290 1291 1292 1293 1294 1295 1296 1297 1298 1299 1300 1301]]]","[[0 [0 1 2 3 4 6 7 8 9 10 13]] [1 [15 16 17 18 19 20 21 22 23 24 25 26 27]] [2 [28 29 30 31 32 33 34 35 36 37 38 39 40]] [3 [41 42 43 44 45 46 47 48 49 50 51 52 53]] [4 [54 55 56 57 58 59 60 61 62 63 64 65 66]] [5 [67 68 69 70 71 72 73 74 75 76 77 78 79]] [6 [80 81 82 83 84 85 86 87 88 89 90 91 92]] [7 [93 94 95 96 97 98 99 100 101 102 103 104 105]] [8 [106 107 108 109 110 111 112 113 114 115 116 117 118]] [9 [119 120 121 122 123 124 125 126 127 128 129 130 131]] [10 [132 133 134 135 136 137 138 139 140 141 142 143 144]] [11 [145 146 147 148 149 150 151 152 153 154 155 156 157]] [12 [158 159 160 161 162 163 164 165 166 167 168 169 170]] [13 [171 172 173 174 175 176 177 178 179 180 181 182 183]] [14 [184 185 186 187 188 189 190 191 192 193 194 195 196]] [15 [197 198 199 200 201 202 203 204 205 206 207 208 209]] [16 [210 211 212 213 214 215 216 217 218 219 220 221 222]] [17 [223 224 225 226 227 228 229 230 231 232 233 234 235]] [18 [236 237 238 239 240 241 242 243 244 245 246 247 248]] [19 [249 250 251 252 253 254 255 256 257 258 259 260 261]] [20 [262 263 264 265 266 267 268 269 270 271 272 273 274]] [21 [275 276 277 278 279 280 281 282 283 284 285 286 287]] [22 [288 289 290 291 292 293 294 295 296 297 298 299 300]] [23 [301 302 303 304 305 306 307 308 309 310 311 312 313]] [24 [314 315 316 317 318 319 320 321 322 323 324 325 326]] [25 [327 328 329 330 331 332 333 334 335 336 337 338 339]] [26 [340 341 342 343 344 345 346 347 348 349 350 351 352]] [27 [353 354 355 356 357 358 359 360 361 362 363 364 365]] [28 [366 367 368 369 370 371 372 373 374 375 376 377 378]] [29 [379 380 381 382 383 384 385 386 387 388 389 390 391]] [30 [392 393 394 395 396 397 398 399 400 401 402 403 404]] [31 [405 406 407 408 409 410 411 412 413 414 415 416 417]] [32 [418 419 420 421 422 423 424 425 426 427 428 429 430]] [33 [431 432 433 434 435 436 437 438 439 440 441 442 443]] [34 [444 445 446 447 448 449 450 451 452 453 454 455 456]] [35 [457 458 459 460 461 462 463 464 465 466 467 468 469]] [36 [470 471 472 473 474 475 476 477 478 479 480 481 482]] [37 [483 484 485 486 487 488 489 490 491 492 493 494 495]] [38 [496 497 498 499 500 501 502 503 504 505 506 507 508]] [39 [509 510 511 512 513 514 515 516 517 518 519 520 521]] [40 [522 523 524 525 526 527 528 529 530 531 532 533 534]] [41 [535 536 537 538 539 540 541 542 543 544 545 546 547]] [42 [548 549 550 551 552 553 554 555 556 557 558 559 560]] [43 [561 562 563 564 565 566 567 568 569 570 571 572 573]] [44 [574 575 576 577 578 579 580 581 582 583 584 585 586]] [45 [587 588 589 590 591 592 593 594 595 596 597 598 599]] [46 [600 601 602 603 604 605 606 607 608 609 610 611 612]] [47 [613 614 615 616 617 618 619 620 621 622 623 624 625]] [48 [626 627 628 629 630 631 632 633 634 635 636 637 638]] [49 [639 640 641 642 643 644 645 646 647 648 649 650 651]] [50 [652 653 654 655 656 657 658 659 660 661 662 663 664]] [51 [665 666 667 668 669 670 671 672 673 674 675 676 677]] [52 [678 679 680 681 682 683 684 685 686 687 688 689 690]] [53 [691 692 693 694 695 696 697 698 699 700 701 702 703]] [54 [704 705 706 707 708 709 710 711 712 713 714 715 716]] [55 [717 718 719 720 721 722 723 724 725 726 727 728 729]] [56 [730 731 732 733 734 735 736 737 738 739 740 741 742]] [57 [743 744 745 746 747 748 749 750 751 752 753 754 755]] [58 [756 757 758 759 760 761 762 763 764 765 766 767 768]] [59 [769 770 771 772 773 774 775 776 777 778 779 780 781]] [60 [782 783 784 785 786 787 788 789 790 791 792 793 794]] [61 [795 796 797 798 799 800 801 802 803 804 805 806 807]] [62 [808 809 810 811 812 813 814 815 816 817 818 819 820]] [63 [821 822 823 824 825 826 827 828 829 830 831 832 833]] [64 [834 835 836 837 838 839 840 841 842 843 844 845 846]] [65 [847 848 849 850 851 852 853 854 855 856 857 858 859]] [66 [860 861 862 863 864 865 866 867 868 869 870 871 872]] [67 [873 874 875 876 877 878 879 880 881 882 883 884 885]] [68 [886 887 888 889 890 891 892 893 894 895 896 897 898]] [69 [899 900 901 902 903 904 905 906 907 908 909 910 911]] [70 [912 913 914 915 916 917 918 919 920 921 922 923 924]] [71 [925 926 927 928 929 930 931 932 933 934 935 936 937]] [72 [938 939 940 941 942 943 944 945 946 947 948 949 950]] [73 [951 952 953 954 955 956 957 958 959 960 961 962 963]] [74 [964 965 966 967 968 969 970 971 972 973 974 975 976]] [75 [977 978 979 980 981 982 983 984 985 986 987 988 989]] [76 [990 991 992 993 994 995 996 997 998 999 1000 1001 1002]] [77 [1003 1004 1005 1006 1007 1008 1009 1010 1011 1012 1013 1014 1015]] [78 [1016 1017 1018 1019 1020 1021 1022 1023 1024 1025 1026 1027 1028]] [79 [1029 1030 1031 1032 1033 1034 1035 1036 1037 1038 1039 1040 1041]] [80 [1042 1043 1044 1045 1046 1047 1048 1049 1050 1051 1052 1053 1054]] [81 [1055 1056 1057 1058 1059 1060 1061 1062 1063 1064 1065 1066 1067]] [82 [1068 1069 1070 1071 1072 1073 1074 1075 1076 1077 1078 1079 1080]] [83 [1081 1082 1083 1084 1085 1086 1087 1088 1089 1090 1091 1092 1093]] [84 [1094 1095 1096 1097 1098 1099 1100 1101 1102 1103 1104 1105 1106]] [85 [1107 1108 1109 1110 1111 1112 1113 1114 1115 1116 1117 1118 1119]] [86 [1120 1121 1122 1123 1124 1125 1126 1127 1128 1129 1130 1131 1132]] [87 [1133 1134 1135 1136 1137 1138 1139 1140 1141 1142 1143 1144 1145]] [88 [1146 1147 1148 1149 1150 1151 1152 1153 1154 1155 1156 1157 1158]] [89 [1159 1160 1161 1162 1163 1164 1165 1166 1167 1168 1169 1170 1171]] [90 [1172 1173 1174 1175 1176 1177 1178 1179 1180 1181 1182 1183 1184]] [91 [1185 1186 1187 1188 1189 1190 1191 1192 1193 1194 1195 1196 1197]] [92 [1198 1199 1200 1201 1202 1203 1204 1205 1206 1207 1208 1209 1210]] [93 [1211 1212 1213 1214 1215 1216 1217 1218 1219 1220 1221 1222 1223]] [94 [1224 1225 1226 1227 1228 1229 1230 1231 1232 1233 1234 1235 1236]] [95 [1237 1238 1239 1240 1241 1242 1243 1244 1245 1246 1247 1248 1249]] [96 [1250 1251 1252 1253 1254 1255 1256 1257 1258 1259 1260 1261 1262]] [97 [1263 1264 1265 1266 1267 1268 1269 1270 1271 1272 1273 1274 1275]] [98 [1276 1277 1278 1279 1280 1281 1282 1283 1284 1285 1286 1287 1288]] [99 [1289 1290 1291 1292 1293 1294 1295 1296 1297 1298 1299 1300 1301]]]",,"[[{citizen 26} [[""A"" [3 3]]]] [{citizen 29} [[""A"" [3 3]]]] [{citizen 48} [[""A"" [3 3]]]] [{media 56} [[""A"" [3 3]]]] [{media 57} [[""A"" [3 3]]]] [{media 59} [[""A"" [3 3]]]] [{media 63} [[""A"" [3 3]]]] [{media 64} [[""A"" [3 3]]]] [{citizen 8} [[""A"" [3 3]]]] [{media 54} [[""A"" [3 3]]]] [{citizen 5} [[""A"" [3 3]]]] [{citizen 0} [[""A"" [3 3]]]] [{citizen 3} [[""A"" [3 3]]]] [{citizen 4} [[""A"" [3 3]]]] [{media 50} [[""A"" [3 3]]]] [{media 55} [[""A"" [3 3]]]] [{citizen 1} [[""A"" [3 3]]]] [{media 62} [[""A"" [3 3]]]] [{media 53} [[""A"" [3 3]]]] [{citizen 2} [[""A"" [3 3]]]] [{media 52} [[""A"" [3 3]]]] [{media 61} [[""A"" [3 3]]]] [{citizen 9} [[""A"" [3 3]]]] [{citizen 12} [[""A"" [3 3]]]] [{citizen 43} [[""A"" [3 3]]]] [{citizen 45} [[""A"" [3 3]]]] [{citizen 20} [[""A"" [3 3]]]] [{citizen 17} [[""A"" [3 3]]]] [{citizen 36} [[""A"" [3 3]]]] [{citizen 37} [[""A"" [3 3]]]] [{citizen 15} [[""A"" [3 3]]]] [{citizen 49} [[""A"" [3 3]]]] [{citizen 7} [[""A"" [3 3]]]] [{citizen 23} [[""A"" [3 3]]]] [{citizen 33} [[""A"" [3 3]]]] [{citizen 16} [[""A"" [3 3]]]] [{citizen 38} [[""A"" [3 3]]]] [{citizen 46} [[""A"" [3 3]]]] [{citizen 6} [[""A"" [3 3]]]] [{citizen 25} [[""A"" [3 3]]]] [{citizen 21} [[""A"" [3 3]]]] [{citizen 35} [[""A"" [3 3]]]] [{citizen 22} [[""A"" [3 3]]]] [{citizen 32} [[""A"" [3 3]]]] [{citizen 14} [[""A"" [3 3]]]] [{citizen 42} [[""A"" [3 3]]]] [{citizen 19} [[""A"" [3 3]]]] [{citizen 27} [[""A"" [3 3]]]] [{citizen 31} [[""A"" [3 3]]]] [{citizen 41} [[""A"" [3 3]]]] [{citizen 11} [[""A"" [3 3]]]] [{media 51} [[""A"" [3 3]]]] [{citizen 40} [[""A"" [3 3]]]] [{citizen 18} [[""A"" [3 3]]]] [{citizen 44} [[""A"" [3 3]]]] [{citizen 34} [[""A"" [3 3]]]] [{citizen 13} [[""A"" [3 3]]]] [{citizen 24} [[""A"" [3 3]]]] [{citizen 47} [[""A"" [3 3]]]] [{citizen 39} [[""A"" [3 3]]]] [{citizen 30} [[""A"" [3 3]]]] [{citizen 28} [[""A"" [3 3]]]]]"
"11","[128 0 127]","191.7391304347826","-1.5683219214561457","-5.194032064456032","""circle""","""""","9.9","{breed citizens}","false","0.5","1","""up""",,"[[""ID"" 12] [""alpha"" 1] [""beta"" 1] [""malleable"" [""A""]] [""prior"" []] [""cont_tokens"" []] [""A"" 3]]","[[0 [0 1 2 3 4 6 7 8 9 10 11 13 14]] [1 [15 16 17 18 19 20 21 22 23 24 25 26 27]] [2 [28 29 30 31 32 33 34 35 36 37 38 39 40]] [3 [41 42 43 44 45 46 47 48 49 50 51 52 53]] [4 [54 55 56 57 58 59 60 61 62 63 64 65 66]] [5 [67 68 69 70 71 72 73 74 75 76 77 78 79]] [6 [80 81 82 83 84 85 86 87 88 89 90 91 92]] [7 [93 94 95 96 97 98 99 100 101 102 103 104 105]] [8 [106 107 108 109 110 111 112 113 114 115 116 117 118]] [9 [119 120 121 122 123 124 125 126 127 128 129 130 131]] [10 [132 133 134 135 136 137 138 139 140 141 142 143 144]] [11 [145 146 147 148 149 150 151 152 153 154 155 156 157]] [12 [158 159 160 161 162 163 164 165 166 167 168 169 170]] [13 [171 172 173 174 175 176 177 178 179 180 181 182 183]] [14 [184 185 186 187 188 189 190 191 192 193 194 195 196]] [15 [197 198 199 200 201 202 203 204 205 206 207 208 209]] [16 [210 211 212 213 214 215 216 217 218 219 220 221 222]] [17 [223 224 225 226 227 228 229 230 231 232 233 234 235]] [18 [236 237 238 239 240 241 242 243 244 245 246 247 248]] [19 [249 250 251 252 253 254 255 256 257 258 259 260 261]] [20 [262 263 264 265 266 267 268 269 270 271 272 273 274]] [21 [275 276 277 278 279 280 281 282 283 284 285 286 287]] [22 [288 289 290 291 292 293 294 295 296 297 298 299 300]] [23 [301 302 303 304 305 306 307 308 309 310 311 312 313]] [24 [314 315 316 317 318 319 320 321 322 323 324 325 326]] [25 [327 328 329 330 331 332 333 334 335 336 337 338 339]] [26 [340 341 342 343 344 345 346 347 348 349 350 351 352]] [27 [353 354 355 356 357 358 359 360 361 362 363 364 365]] [28 [366 367 368 369 370 371 372 373 374 375 376 377 378]] [29 [379 380 381 382 383 384 385 386 387 388 389 390 391]] [30 [392 393 394 395 396 397 398 399 400 401 402 403 404]] [31 [405 406 407 408 409 410 411 412 413 414 415 416 417]] [32 [418 419 420 421 422 423 424 425 426 427 428 429 430]] [33 [431 432 433 434 435 436 437 438 439 440 441 442 443]] [34 [444 445 446 447 448 449 450 451 452 453 454 455 456]] [35 [457 458 459 460 461 462 463 464 465 466 467 468 469]] [36 [470 471 472 473 474 475 476 477 478 479 480 481 482]] [37 [483 484 485 486 487 488 489 490 491 492 493 494 495]] [38 [496 497 498 499 500 501 502 503 504 505 506 507 508]] [39 [509 510 511 512 513 514 515 516 517 518 519 520 521]] [40 [522 523 524 525 526 527 528 529 530 531 532 533 534]] [41 [535 536 537 538 539 540 541 542 543 544 545 546 547]] [42 [548 549 550 551 552 553 554 555 556 557 558 559 560]] [43 [561 562 563 564 565 566 567 568 569 570 571 572 573]] [44 [574 575 576 577 578 579 580 581 582 583 584 585 586]] [45 [587 588 589 590 591 592 593 594 595 596 597 598 599]] [46 [600 601 602 603 604 605 606 607 608 609 610 611 612]] [47 [613 614 615 616 617 618 619 620 621 622 623 624 625]] [48 [626 627 628 629 630 631 632 633 634 635 636 637 638]] [49 [639 640 641 642 643 644 645 646 647 648 649 650 651]] [50 [652 653 654 655 656 657 658 659 660 661 662 663 664]] [51 [665 666 667 668 669 670 671 672 673 674 675 676 677]] [52 [678 679 680 681 682 683 684 685 686 687 688 689 690]] [53 [691 692 693 694 695 696 697 698 699 700 701 702 703]] [54 [704 705 706 707 708 709 710 711 712 713 714 715 716]] [55 [717 718 719 720 721 722 723 724 725 726 727 728 729]] [56 [730 731 732 733 734 735 736 737 738 739 740 741 742]] [57 [743 744 745 746 747 748 749 750 751 752 753 754 755]] [58 [756 757 758 759 760 761 762 763 764 765 766 767 768]] [59 [769 770 771 772 773 774 775 776 777 778 779 780 781]] [60 [782 783 784 785 786 787 788 789 790 791 792 793 794]] [61 [795 796 797 798 799 800 801 802 803 804 805 806 807]] [62 [808 809 810 811 812 813 814 815 816 817 818 819 820]] [63 [821 822 823 824 825 826 827 828 829 830 831 832 833]] [64 [834 835 836 837 838 839 840 841 842 843 844 845 846]] [65 [847 848 849 850 851 852 853 854 855 856 857 858 859]] [66 [860 861 862 863 864 865 866 867 868 869 870 871 872]] [67 [873 874 875 876 877 878 879 880 881 882 883 884 885]] [68 [886 887 888 889 890 891 892 893 894 895 896 897 898]] [69 [899 900 901 902 903 904 905 906 907 908 909 910 911]] [70 [912 913 914 915 916 917 918 919 920 921 922 923 924]] [71 [925 926 927 928 929 930 931 932 933 934 935 936 937]] [72 [938 939 940 941 942 943 944 945 946 947 948 949 950]] [73 [951 952 953 954 955 956 957 958 959 960 961 962 963]] [74 [964 965 966 967 968 969 970 971 972 973 974 975 976]] [75 [977 978 979 980 981 982 983 984 985 986 987 988 989]] [76 [990 991 992 993 994 995 996 997 998 999 1000 1001 1002]] [77 [1003 1004 1005 1006 1007 1008 1009 1010 1011 1012 1013 1014 1015]] [78 [1016 1017 1018 1019 1020 1021 1022 1023 1024 1025 1026 1027 1028]] [79 [1029 1030 1031 1032 1033 1034 1035 1036 1037 1038 1039 1040 1041]] [80 [1042 1043 1044 1045 1046 1047 1048 1049 1050 1051 1052 1053 1054]] [81 [1055 1056 1057 1058 1059 1060 1061 1062 1063 1064 1065 1066 1067]] [82 [1068 1069 1070 1071 1072 1073 1074 1075 1076 1077 1078 1079 1080]] [83 [1081 1082 1083 1084 1085 1086 1087 1088 1089 1090 1091 1092 1093]] [84 [1094 1095 1096 1097 1098 1099 1100 1101 1102 1103 1104 1105 1106]] [85 [1107 1108 1109 1110 1111 1112 1113 1114 1115 1116 1117 1118 1119]] [86 [1120 1121 1122 1123 1124 1125 1126 1127 1128 1129 1130 1131 1132]] [87 [1133 1134 1135 1136 1137 1138 1139 1140 1141 1142 1143 1144 1145]] [88 [1146 1147 1148 1149 1150 1151 1152 1153 1154 1155 1156 1157 1158]] [89 [1159 1160 1161 1162 1163 1164 1165 1166 1167 1168 1169 1170 1171]] [90 [1172 1173 1174 1175 1176 1177 1178 1179 1180 1181 1182 1183 1184]] [91 [1185 1186 1187 1188 1189 1190 1191 1192 1193 1194 1195 1196 1197]] [92 [1198 1199 1200 1201 1202 1203 1204 1205 1206 1207 1208 1209 1210]] [93 [1211 1212 1213 1214 1215 1216 1217 1218 1219 1220 1221 1222 1223]] [94 [1224 1225 1226 1227 1228 1229 1230 1231 1232 1233 1234 1235 1236]] [95 [1237 1238 1239 1240 1241 1242 1243 1244 1245 1246 1247 1248 1249]] [96 [1250 1251 1252 1253 1254 1255 1256 1257 1258 1259 1260 1261 1262]] [97 [1263 1264 1265 1266 1267 1268 1269 1270 1271 1272 1273 1274 1275]] [98 [1276 1277 1278 1279 1280 1281 1282 1283 1284 1285 1286 1287 1288]] [99 [1289 1290 1291 1292 1293 1294 1295 1296 1297 1298 1299 1300 1301]]]","[[0 [0 1 2 3 4 6 7 8 9 10 11 13 14]] [1 [15 16 17 18 19 20 21 22 23 24 25 26 27]] [2 [28 29 30 31 32 33 34 35 36 37 38 39 40]] [3 [41 42 43 44 45 46 47 48 49 50 51 52 53]] [4 [54 55 56 57 58 59 60 61 62 63 64 65 66]] [5 [67 68 69 70 71 72 73 74 75 76 77 78 79]] [6 [80 81 82 83 84 85 86 87 88 89 90 91 92]] [7 [93 94 95 96 97 98 99 100 101 102 103 104 105]] [8 [106 107 108 109 110 111 112 113 114 115 116 117 118]] [9 [119 120 121 122 123 124 125 126 127 128 129 130 131]] [10 [132 133 134 135 136 137 138 139 140 141 142 143 144]] [11 [145 146 147 148 149 150 151 152 153 154 155 156 157]] [12 [158 159 160 161 162 163 164 165 166 167 168 169 170]] [13 [171 172 173 174 175 176 177 178 179 180 181 182 183]] [14 [184 185 186 187 188 189 190 191 192 193 194 195 196]] [15 [197 198 199 200 201 202 203 204 205 206 207 208 209]] [16 [210 211 212 213 214 215 216 217 218 219 220 221 222]] [17 [223 224 225 226 227 228 229 230 231 232 233 234 235]] [18 [236 237 238 239 240 241 242 243 244 245 246 247 248]] [19 [249 250 251 252 253 254 255 256 257 258 259 260 261]] [20 [262 263 264 265 266 267 268 269 270 271 272 273 274]] [21 [275 276 277 278 279 280 281 282 283 284 285 286 287]] [22 [288 289 290 291 292 293 294 295 296 297 298 299 300]] [23 [301 302 303 304 305 306 307 308 309 310 311 312 313]] [24 [314 315 316 317 318 319 320 321 322 323 324 325 326]] [25 [327 328 329 330 331 332 333 334 335 336 337 338 339]] [26 [340 341 342 343 344 345 346 347 348 349 350 351 352]] [27 [353 354 355 356 357 358 359 360 361 362 363 364 365]] [28 [366 367 368 369 370 371 372 373 374 375 376 377 378]] [29 [379 380 381 382 383 384 385 386 387 388 389 390 391]] [30 [392 393 394 395 396 397 398 399 400 401 402 403 404]] [31 [405 406 407 408 409 410 411 412 413 414 415 416 417]] [32 [418 419 420 421 422 423 424 425 426 427 428 429 430]] [33 [431 432 433 434 435 436 437 438 439 440 441 442 443]] [34 [444 445 446 447 448 449 450 451 452 453 454 455 456]] [35 [457 458 459 460 461 462 463 464 465 466 467 468 469]] [36 [470 471 472 473 474 475 476 477 478 479 480 481 482]] [37 [483 484 485 486 487 488 489 490 491 492 493 494 495]] [38 [496 497 498 499 500 501 502 503 504 505 506 507 508]] [39 [509 510 511 512 513 514 515 516 517 518 519 520 521]] [40 [522 523 524 525 526 527 528 529 530 531 532 533 534]] [41 [535 536 537 538 539 540 541 542 543 544 545 546 547]] [42 [548 549 550 551 552 553 554 555 556 557 558 559 560]] [43 [561 562 563 564 565 566 567 568 569 570 571 572 573]] [44 [574 575 576 577 578 579 580 581 582 583 584 585 586]] [45 [587 588 589 590 591 592 593 594 595 596 597 598 599]] [46 [600 601 602 603 604 605 606 607 608 609 610 611 612]] [47 [613 614 615 616 617 618 619 620 621 622 623 624 625]] [48 [626 627 628 629 630 631 632 633 634 635 636 637 638]] [49 [639 640 641 642 643 644 645 646 647 648 649 650 651]] [50 [652 653 654 655 656 657 658 659 660 661 662 663 664]] [51 [665 666 667 668 669 670 671 672 673 674 675 676 677]] [52 [678 679 680 681 682 683 684 685 686 687 688 689 690]] [53 [691 692 693 694 695 696 697 698 699 700 701 702 703]] [54 [704 705 706 707 708 709 710 711 712 713 714 715 716]] [55 [717 718 719 720 721 722 723 724 725 726 727 728 729]] [56 [730 731 732 733 734 735 736 737 738 739 740 741 742]] [57 [743 744 745 746 747 748 749 750 751 752 753 754 755]] [58 [756 757 758 759 760 761 762 763 764 765 766 767 768]] [59 [769 770 771 772 773 774 775 776 777 778 779 780 781]] [60 [782 783 784 785 786 787 788 789 790 791 792 793 794]] [61 [795 796 797 798 799 800 801 802 803 804 805 806 807]] [62 [808 809 810 811 812 813 814 815 816 817 818 819 820]] [63 [821 822 823 824 825 826 827 828 829 830 831 832 833]] [64 [834 835 836 837 838 839 840 841 842 843 844 845 846]] [65 [847 848 849 850 851 852 853 854 855 856 857 858 859]] [66 [860 861 862 863 864 865 866 867 868 869 870 871 872]] [67 [873 874 875 876 877 878 879 880 881 882 883 884 885]] [68 [886 887 888 889 890 891 892 893 894 895 896 897 898]] [69 [899 900 901 902 903 904 905 906 907 908 909 910 911]] [70 [912 913 914 915 916 917 918 919 920 921 922 923 924]] [71 [925 926 927 928 929 930 931 932 933 934 935 936 937]] [72 [938 939 940 941 942 943 944 945 946 947 948 949 950]] [73 [951 952 953 954 955 956 957 958 959 960 961 962 963]] [74 [964 965 966 967 968 969 970 971 972 973 974 975 976]] [75 [977 978 979 980 981 982 983 984 985 986 987 988 989]] [76 [990 991 992 993 994 995 996 997 998 999 1000 1001 1002]] [77 [1003 1004 1005 1006 1007 1008 1009 1010 1011 1012 1013 1014 1015]] [78 [1016 1017 1018 1019 1020 1021 1022 1023 1024 1025 1026 1027 1028]] [79 [1029 1030 1031 1032 1033 1034 1035 1036 1037 1038 1039 1040 1041]] [80 [1042 1043 1044 1045 1046 1047 1048 1049 1050 1051 1052 1053 1054]] [81 [1055 1056 1057 1058 1059 1060 1061 1062 1063 1064 1065 1066 1067]] [82 [1068 1069 1070 1071 1072 1073 1074 1075 1076 1077 1078 1079 1080]] [83 [1081 1082 1083 1084 1085 1086 1087 1088 1089 1090 1091 1092 1093]] [84 [1094 1095 1096 1097 1098 1099 1100 1101 1102 1103 1104 1105 1106]] [85 [1107 1108 1109 1110 1111 1112 1113 1114 1115 1116 1117 1118 1119]] [86 [1120 1121 1122 1123 1124 1125 1126 1127 1128 1129 1130 1131 1132]] [87 [1133 1134 1135 1136 1137 1138 1139 1140 1141 1142 1143 1144 1145]] [88 [1146 1147 1148 1149 1150 1151 1152 1153 1154 1155 1156 1157 1158]] [89 [1159 1160 1161 1162 1163 1164 1165 1166 1167 1168 1169 1170 1171]] [90 [1172 1173 1174 1175 1176 1177 1178 1179 1180 1181 1182 1183 1184]] [91 [1185 1186 1187 1188 1189 1190 1191 1192 1193 1194 1195 1196 1197]] [92 [1198 1199 1200 1201 1202 1203 1204 1205 1206 1207 1208 1209 1210]] [93 [1211 1212 1213 1214 1215 1216 1217 1218 1219 1220 1221 1222 1223]] [94 [1224 1225 1226 1227 1228 1229 1230 1231 1232 1233 1234 1235 1236]] [95 [1237 1238 1239 1240 1241 1242 1243 1244 1245 1246 1247 1248 1249]] [96 [1250 1251 1252 1253 1254 1255 1256 1257 1258 1259 1260 1261 1262]] [97 [1263 1264 1265 1266 1267 1268 1269 1270 1271 1272 1273 1274 1275]] [98 [1276 1277 1278 1279 1280 1281 1282 1283 1284 1285 1286 1287 1288]] [99 [1289 1290 1291 1292 1293 1294 1295 1296 1297 1298 1299 1300 1301]]]",,"[[{media 53} [[""A"" [3 3]]]] [{media 54} [[""A"" [3 3]]]] [{media 58} [[""A"" [5 3]]]] [{media 60} [[""A"" [6 3]]]] [{media 62} [[""A"" [3 3]]]] [{media 64} [[""A"" [3 3]]]] [{media 59} [[""A"" [3 3]]]] [{citizen 3} [[""A"" [3 3]]]] [{citizen 4} [[""A"" [3 3]]]] [{citizen 5} [[""A"" [3 3]]]] [{citizen 7} [[""A"" [3 3]]]] [{media 57} [[""A"" [3 3]]]] [{citizen 0} [[""A"" [3 3]]]] [{media 50} [[""A"" [3 3]]]] [{media 55} [[""A"" [3 3]]]] [{citizen 1} [[""A"" [3 3]]]] [{media 56} [[""A"" [3 3]]]] [{media 63} [[""A"" [3 3]]]] [{media 52} [[""A"" [3 3]]]] [{media 61} [[""A"" [3 3]]]] [{citizen 9} [[""A"" [3 3]]]] [{citizen 12} [[""A"" [3 3]]]] [{citizen 43} [[""A"" [3 3]]]] [{citizen 45} [[""A"" [3 3]]]] [{citizen 20} [[""A"" [3 3]]]] [{citizen 17} [[""A"" [3 3]]]] [{citizen 36} [[""A"" [3 3]]]] [{citizen 37} [[""A"" [3 3]]]] [{citizen 10} [[""A"" [3 3]]]] [{citizen 31} [[""A"" [3 3]]]] [{citizen 14} [[""A"" [3 3]]]] [{citizen 42} [[""A"" [3 3]]]] [{citizen 27} [[""A"" [3 3]]]] [{citizen 33} [[""A"" [3 3]]]] [{citizen 40} [[""A"" [3 3]]]] [{citizen 15} [[""A"" [3 3]]]] [{citizen 49} [[""A"" [3 3]]]] [{citizen 23} [[""A"" [3 3]]]] [{citizen 8} [[""A"" [3 3]]]] [{citizen 16} [[""A"" [3 3]]]] [{citizen 38} [[""A"" [3 3]]]] [{citizen 19} [[""A"" [3 3]]]] [{citizen 21} [[""A"" [3 3]]]] [{citizen 41} [[""A"" [3 3]]]] [{citizen 29} [[""A"" [3 3]]]] [{citizen 34} [[""A"" [3 3]]]] [{citizen 48} [[""A"" [3 3]]]] [{media 51} [[""A"" [3 3]]]] [{citizen 35} [[""A"" [3 3]]]] [{citizen 18} [[""A"" [3 3]]]] [{citizen 22} [[""A"" [3 3]]]] [{citizen 32} [[""A"" [3 3]]]] [{citizen 2} [[""A"" [3 3]]]] [{citizen 44} [[""A"" [3 3]]]] [{citizen 13} [[""A"" [3 3]]]] [{citizen 46} [[""A"" [3 3]]]] [{citizen 47} [[""A"" [3 3]]]] [{citizen 39} [[""A"" [3 3]]]] [{citizen 30} [[""A"" [3 3]]]] [{citizen 6} [[""A"" [3 3]]]] [{citizen 25} [[""A"" [3 3]]]] [{citizen 26} [[""A"" [3 3]]]] [{citizen 28} [[""A"" [3 3]]]] [{citizen 24} [[""A"" [3 3]]]]]"
"12","[128 0 127]","211.30434782608694","-2.0965023084101175","-3.754008038756595","""circle""","""""","9.9","{breed citizens}","false","0.5","1","""up""",,"[[""ID"" 35] [""alpha"" 1] [""beta"" 1] [""malleable"" [""A""]] [""prior"" []] [""cont_tokens"" []] [""A"" 3]]","[[0 [0 1 2 3 4 6 7 8 9 10 13]] [1 [15 16 17 18 19 20 21 22 23 24 25 26 27]] [2 [28 29 30 31 32 33 34 35 36 37 38 39 40]] [3 [41 42 43 44 45 46 47 48 49 50 51 52 53]] [4 [54 55 56 57 58 59 60 61 62 63 64 65 66]] [5 [67 68 69 70 71 72 73 74 75 76 77 78 79]] [6 [80 81 82 83 84 85 86 87 88 89 90 91 92]] [7 [93 94 95 96 97 98 99 100 101 102 103 104 105]] [8 [106 107 108 109 110 111 112 113 114 115 116 117 118]] [9 [119 120 121 122 123 124 125 126 127 128 129 130 131]] [10 [132 133 134 135 136 137 138 139 140 141 142 143 144]] [11 [145 146 147 148 149 150 151 152 153 154 155 156 157]] [12 [158 159 160 161 162 163 164 165 166 167 168 169 170]] [13 [171 172 173 174 175 176 177 178 179 180 181 182 183]] [14 [184 185 186 187 188 189 190 191 192 193 194 195 196]] [15 [197 198 199 200 201 202 203 204 205 206 207 208 209]] [16 [210 211 212 213 214 215 216 217 218 219 220 221 222]] [17 [223 224 225 226 227 228 229 230 231 232 233 234 235]] [18 [236 237 238 239 240 241 242 243 244 245 246 247 248]] [19 [249 250 251 252 253 254 255 256 257 258 259 260 261]] [20 [262 263 264 265 266 267 268 269 270 271 272 273 274]] [21 [275 276 277 278 279 280 281 282 283 284 285 286 287]] [22 [288 289 290 291 292 293 294 295 296 297 298 299 300]] [23 [301 302 303 304 305 306 307 308 309 310 311 312 313]] [24 [314 315 316 317 318 319 320 321 322 323 324 325 326]] [25 [327 328 329 330 331 332 333 334 335 336 337 338 339]] [26 [340 341 342 343 344 345 346 347 348 349 350 351 352]] [27 [353 354 355 356 357 358 359 360 361 362 363 364 365]] [28 [366 367 368 369 370 371 372 373 374 375 376 377 378]] [29 [379 380 381 382 383 384 385 386 387 388 389 390 391]] [30 [392 393 394 395 396 397 398 399 400 401 402 403 404]] [31 [405 406 407 408 409 410 411 412 413 414 415 416 417]] [32 [418 419 420 421 422 423 424 425 426 427 428 429 430]] [33 [431 432 433 434 435 436 437 438 439 440 441 442 443]] [34 [444 445 446 447 448 449 450 451 452 453 454 455 456]] [35 [457 458 459 460 461 462 463 464 465 466 467 468 469]] [36 [470 471 472 473 474 475 476 477 478 479 480 481 482]] [37 [483 484 485 486 487 488 489 490 491 492 493 494 495]] [38 [496 497 498 499 500 501 502 503 504 505 506 507 508]] [39 [509 510 511 512 513 514 515 516 517 518 519 520 521]] [40 [522 523 524 525 526 527 528 529 530 531 532 533 534]] [41 [535 536 537 538 539 540 541 542 543 544 545 546 547]] [42 [548 549 550 551 552 553 554 555 556 557 558 559 560]] [43 [561 562 563 564 565 566 567 568 569 570 571 572 573]] [44 [574 575 576 577 578 579 580 581 582 583 584 585 586]] [45 [587 588 589 590 591 592 593 594 595 596 597 598 599]] [46 [600 601 602 603 604 605 606 607 608 609 610 611 612]] [47 [613 614 615 616 617 618 619 620 621 622 623 624 625]] [48 [626 627 628 629 630 631 632 633 634 635 636 637 638]] [49 [639 640 641 642 643 644 645 646 647 648 649 650 651]] [50 [652 653 654 655 656 657 658 659 660 661 662 663 664]] [51 [665 666 667 668 669 670 671 672 673 674 675 676 677]] [52 [678 679 680 681 682 683 684 685 686 687 688 689 690]] [53 [691 692 693 694 695 696 697 698 699 700 701 702 703]] [54 [704 705 706 707 708 709 710 711 712 713 714 715 716]] [55 [717 718 719 720 721 722 723 724 725 726 727 728 729]] [56 [730 731 732 733 734 735 736 737 738 739 740 741 742]] [57 [743 744 745 746 747 748 749 750 751 752 753 754 755]] [58 [756 757 758 759 760 761 762 763 764 765 766 767 768]] [59 [769 770 771 772 773 774 775 776 777 778 779 780 781]] [60 [782 783 784 785 786 787 788 789 790 791 792 793 794]] [61 [795 796 797 798 799 800 801 802 803 804 805 806 807]] [62 [808 809 810 811 812 813 814 815 816 817 818 819 820]] [63 [821 822 823 824 825 826 827 828 829 830 831 832 833]] [64 [834 835 836 837 838 839 840 841 842 843 844 845 846]] [65 [847 848 849 850 851 852 853 854 855 856 857 858 859]] [66 [860 861 862 863 864 865 866 867 868 869 870 871 872]] [67 [873 874 875 876 877 878 879 880 881 882 883 884 885]] [68 [886 887 888 889 890 891 892 893 894 895 896 897 898]] [69 [899 900 901 902 903 904 905 906 907 908 909 910 911]] [70 [912 913 914 915 916 917 918 919 920 921 922 923 924]] [71 [925 926 927 928 929 930 931 932 933 934 935 936 937]] [72 [938 939 940 941 942 943 944 945 946 947 948 949 950]] [73 [951 952 953 954 955 956 957 958 959 960 961 962 963]] [74 [964 965 966 967 968 969 970 971 972 973 974 975 976]] [75 [977 978 979 980 981 982 983 984 985 986 987 988 989]] [76 [990 991 992 993 994 995 996 997 998 999 1000 1001 1002]] [77 [1003 1004 1005 1006 1007 1008 1009 1010 1011 1012 1013 1014 1015]] [78 [1016 1017 1018 1019 1020 1021 1022 1023 1024 1025 1026 1027 1028]] [79 [1029 1030 1031 1032 1033 1034 1035 1036 1037 1038 1039 1040 1041]] [80 [1042 1043 1044 1045 1046 1047 1048 1049 1050 1051 1052 1053 1054]] [81 [1055 1056 1057 1058 1059 1060 1061 1062 1063 1064 1065 1066 1067]] [82 [1068 1069 1070 1071 1072 1073 1074 1075 1076 1077 1078 1079 1080]] [83 [1081 1082 1083 1084 1085 1086 1087 1088 1089 1090 1091 1092 1093]] [84 [1094 1095 1096 1097 1098 1099 1100 1101 1102 1103 1104 1105 1106]] [85 [1107 1108 1109 1110 1111 1112 1113 1114 1115 1116 1117 1118 1119]] [86 [1120 1121 1122 1123 1124 1125 1126 1127 1128 1129 1130 1131 1132]] [87 [1133 1134 1135 1136 1137 1138 1139 1140 1141 1142 1143 1144 1145]] [88 [1146 1147 1148 1149 1150 1151 1152 1153 1154 1155 1156 1157 1158]] [89 [1159 1160 1161 1162 1163 1164 1165 1166 1167 1168 1169 1170 1171]] [90 [1172 1173 1174 1175 1176 1177 1178 1179 1180 1181 1182 1183 1184]] [91 [1185 1186 1187 1188 1189 1190 1191 1192 1193 1194 1195 1196 1197]] [92 [1198 1199 1200 1201 1202 1203 1204 1205 1206 1207 1208 1209 1210]] [93 [1211 1212 1213 1214 1215 1216 1217 1218 1219 1220 1221 1222 1223]] [94 [1224 1225 1226 1227 1228 1229 1230 1231 1232 1233 1234 1235 1236]] [95 [1237 1238 1239 1240 1241 1242 1243 1244 1245 1246 1247 1248 1249]] [96 [1250 1251 1252 1253 1254 1255 1256 1257 1258 1259 1260 1261 1262]] [97 [1263 1264 1265 1266 1267 1268 1269 1270 1271 1272 1273 1274 1275]] [98 [1276 1277 1278 1279 1280 1281 1282 1283 1284 1285 1286 1287 1288]] [99 [1289 1290 1291 1292 1293 1294 1295 1296 1297 1298 1299 1300 1301]]]","[[0 [0 1 2 3 4 6 7 8 9 10 13]] [1 [15 16 17 18 19 20 21 22 23 24 25 26 27]] [2 [28 29 30 31 32 33 34 35 36 37 38 39 40]] [3 [41 42 43 44 45 46 47 48 49 50 51 52 53]] [4 [54 55 56 57 58 59 60 61 62 63 64 65 66]] [5 [67 68 69 70 71 72 73 74 75 76 77 78 79]] [6 [80 81 82 83 84 85 86 87 88 89 90 91 92]] [7 [93 94 95 96 97 98 99 100 101 102 103 104 105]] [8 [106 107 108 109 110 111 112 113 114 115 116 117 118]] [9 [119 120 121 122 123 124 125 126 127 128 129 130 131]] [10 [132 133 134 135 136 137 138 139 140 141 142 143 144]] [11 [145 146 147 148 149 150 151 152 153 154 155 156 157]] [12 [158 159 160 161 162 163 164 165 166 167 168 169 170]] [13 [171 172 173 174 175 176 177 178 179 180 181 182 183]] [14 [184 185 186 187 188 189 190 191 192 193 194 195 196]] [15 [197 198 199 200 201 202 203 204 205 206 207 208 209]] [16 [210 211 212 213 214 215 216 217 218 219 220 221 222]] [17 [223 224 225 226 227 228 229 230 231 232 233 234 235]] [18 [236 237 238 239 240 241 242 243 244 245 246 247 248]] [19 [249 250 251 252 253 254 255 256 257 258 259 260 261]] [20 [262 263 264 265 266 267 268 269 270 271 272 273 274]] [21 [275 276 277 278 279 280 281 282 283 284 285 286 287]] [22 [288 289 290 291 292 293 294 295 296 297 298 299 300]] [23 [301 302 303 304 305 306 307 308 309 310 311 312 313]] [24 [314 315 316 317 318 319 320 321 322 323 324 325 326]] [25 [327 328 329 330 331 332 333 334 335 336 337 338 339]] [26 [340 341 342 343 344 345 346 347 348 349 350 351 352]] [27 [353 354 355 356 357 358 359 360 361 362 363 364 365]] [28 [366 367 368 369 370 371 372 373 374 375 376 377 378]] [29 [379 380 381 382 383 384 385 386 387 388 389 390 391]] [30 [392 393 394 395 396 397 398 399 400 401 402 403 404]] [31 [405 406 407 408 409 410 411 412 413 414 415 416 417]] [32 [418 419 420 421 422 423 424 425 426 427 428 429 430]] [33 [431 432 433 434 435 436 437 438 439 440 441 442 443]] [34 [444 445 446 447 448 449 450 451 452 453 454 455 456]] [35 [457 458 459 460 461 462 463 464 465 466 467 468 469]] [36 [470 471 472 473 474 475 476 477 478 479 480 481 482]] [37 [483 484 485 486 487 488 489 490 491 492 493 494 495]] [38 [496 497 498 499 500 501 502 503 504 505 506 507 508]] [39 [509 510 511 512 513 514 515 516 517 518 519 520 521]] [40 [522 523 524 525 526 527 528 529 530 531 532 533 534]] [41 [535 536 537 538 539 540 541 542 543 544 545 546 547]] [42 [548 549 550 551 552 553 554 555 556 557 558 559 560]] [43 [561 562 563 564 565 566 567 568 569 570 571 572 573]] [44 [574 575 576 577 578 579 580 581 582 583 584 585 586]] [45 [587 588 589 590 591 592 593 594 595 596 597 598 599]] [46 [600 601 602 603 604 605 606 607 608 609 610 611 612]] [47 [613 614 615 616 617 618 619 620 621 622 623 624 625]] [48 [626 627 628 629 630 631 632 633 634 635 636 637 638]] [49 [639 640 641 642 643 644 645 646 647 648 649 650 651]] [50 [652 653 654 655 656 657 658 659 660 661 662 663 664]] [51 [665 666 667 668 669 670 671 672 673 674 675 676 677]] [52 [678 679 680 681 682 683 684 685 686 687 688 689 690]] [53 [691 692 693 694 695 696 697 698 699 700 701 702 703]] [54 [704 705 706 707 708 709 710 711 712 713 714 715 716]] [55 [717 718 719 720 721 722 723 724 725 726 727 728 729]] [56 [730 731 732 733 734 735 736 737 738 739 740 741 742]] [57 [743 744 745 746 747 748 749 750 751 752 753 754 755]] [58 [756 757 758 759 760 761 762 763 764 765 766 767 768]] [59 [769 770 771 772 773 774 775 776 777 778 779 780 781]] [60 [782 783 784 785 786 787 788 789 790 791 792 793 794]] [61 [795 796 797 798 799 800 801 802 803 804 805 806 807]] [62 [808 809 810 811 812 813 814 815 816 817 818 819 820]] [63 [821 822 823 824 825 826 827 828 829 830 831 832 833]] [64 [834 835 836 837 838 839 840 841 842 843 844 845 846]] [65 [847 848 849 850 851 852 853 854 855 856 857 858 859]] [66 [860 861 862 863 864 865 866 867 868 869 870 871 872]] [67 [873 874 875 876 877 878 879 880 881 882 883 884 885]] [68 [886 887 888 889 890 891 892 893 894 895 896 897 898]] [69 [899 900 901 902 903 904 905 906 907 908 909 910 911]] [70 [912 913 914 915 916 917 918 919 920 921 922 923 924]] [71 [925 926 927 928 929 930 931 932 933 934 935 936 937]] [72 [938 939 940 941 942 943 944 945 946 947 948 949 950]] [73 [951 952 953 954 955 956 957 958 959 960 961 962 963]] [74 [964 965 966 967 968 969 970 971 972 973 974 975 976]] [75 [977 978 979 980 981 982 983 984 985 986 987 988 989]] [76 [990 991 992 993 994 995 996 997 998 999 1000 1001 1002]] [77 [1003 1004 1005 1006 1007 1008 1009 1010 1011 1012 1013 1014 1015]] [78 [1016 1017 1018 1019 1020 1021 1022 1023 1024 1025 1026 1027 1028]] [79 [1029 1030 1031 1032 1033 1034 1035 1036 1037 1038 1039 1040 1041]] [80 [1042 1043 1044 1045 1046 1047 1048 1049 1050 1051 1052 1053 1054]] [81 [1055 1056 1057 1058 1059 1060 1061 1062 1063 1064 1065 1066 1067]] [82 [1068 1069 1070 1071 1072 1073 1074 1075 1076 1077 1078 1079 1080]] [83 [1081 1082 1083 1084 1085 1086 1087 1088 1089 1090 1091 1092 1093]] [84 [1094 1095 1096 1097 1098 1099 1100 1101 1102 1103 1104 1105 1106]] [85 [1107 1108 1109 1110 1111 1112 1113 1114 1115 1116 1117 1118 1119]] [86 [1120 1121 1122 1123 1124 1125 1126 1127 1128 1129 1130 1131 1132]] [87 [1133 1134 1135 1136 1137 1138 1139 1140 1141 1142 1143 1144 1145]] [88 [1146 1147 1148 1149 1150 1151 1152 1153 1154 1155 1156 1157 1158]] [89 [1159 1160 1161 1162 1163 1164 1165 1166 1167 1168 1169 1170 1171]] [90 [1172 1173 1174 1175 1176 1177 1178 1179 1180 1181 1182 1183 1184]] [91 [1185 1186 1187 1188 1189 1190 1191 1192 1193 1194 1195 1196 1197]] [92 [1198 1199 1200 1201 1202 1203 1204 1205 1206 1207 1208 1209 1210]] [93 [1211 1212 1213 1214 1215 1216 1217 1218 1219 1220 1221 1222 1223]] [94 [1224 1225 1226 1227 1228 1229 1230 1231 1232 1233 1234 1235 1236]] [95 [1237 1238 1239 1240 1241 1242 1243 1244 1245 1246 1247 1248 1249]] [96 [1250 1251 1252 1253 1254 1255 1256 1257 1258 1259 1260 1261 1262]] [97 [1263 1264 1265 1266 1267 1268 1269 1270 1271 1272 1273 1274 1275]] [98 [1276 1277 1278 1279 1280 1281 1282 1283 1284 1285 1286 1287 1288]] [99 [1289 1290 1291 1292 1293 1294 1295 1296 1297 1298 1299 1300 1301]]]",,"[[{citizen 16} [[""A"" [3 3]]]] [{citizen 21} [[""A"" [3 3]]]] [{citizen 22} [[""A"" [3 3]]]] [{citizen 23} [[""A"" [3 3]]]] [{citizen 25} [[""A"" [3 3]]]] [{citizen 36} [[""A"" [3 3]]]] [{citizen 38} [[""A"" [3 3]]]] [{citizen 40} [[""A"" [3 3]]]] [{citizen 42} [[""A"" [3 3]]]] [{citizen 47} [[""A"" [3 3]]]] [{media 56} [[""A"" [3 3]]]] [{media 57} [[""A"" [3 3]]]] [{media 59} [[""A"" [3 3]]]] [{media 63} [[""A"" [3 3]]]] [{media 64} [[""A"" [3 3]]]] [{citizen 3} [[""A"" [3 3]]]] [{citizen 4} [[""A"" [3 3]]]] [{citizen 5} [[""A"" [3 3]]]] [{media 54} [[""A"" [3 3]]]] [{citizen 0} [[""A"" [3 3]]]] [{media 50} [[""A"" [3 3]]]] [{media 55} [[""A"" [3 3]]]] [{citizen 1} [[""A"" [3 3]]]] [{media 62} [[""A"" [3 3]]]] [{media 53} [[""A"" [3 3]]]] [{citizen 2} [[""A"" [3 3]]]] [{media 52} [[""A"" [3 3]]]] [{media 61} [[""A"" [3 3]]]] [{citizen 9} [[""A"" [3 3]]]] [{citizen 15} [[""A"" [3 3]]]] [{citizen 49} [[""A"" [3 3]]]] [{citizen 7} [[""A"" [3 3]]]] [{citizen 8} [[""A"" [3 3]]]] [{citizen 20} [[""A"" [3 3]]]] [{citizen 33} [[""A"" [3 3]]]] [{citizen 17} [[""A"" [3 3]]]] [{citizen 46} [[""A"" [3 3]]]] [{citizen 6} [[""A"" [3 3]]]] [{citizen 45} [[""A"" [3 3]]]] [{citizen 37} [[""A"" [3 3]]]] [{citizen 19} [[""A"" [3 3]]]] [{citizen 41} [[""A"" [3 3]]]] [{citizen 14} [[""A"" [3 3]]]] [{citizen 29} [[""A"" [3 3]]]] [{citizen 10} [[""A"" [3 3]]]] [{citizen 34} [[""A"" [3 3]]]] [{citizen 43} [[""A"" [3 3]]]] [{citizen 48} [[""A"" [3 3]]]] [{citizen 31} [[""A"" [3 3]]]] [{citizen 27} [[""A"" [3 3]]]] [{citizen 18} [[""A"" [3 3]]]] [{citizen 11} [[""A"" [3 3]]]] [{media 51} [[""A"" [3 3]]]] [{citizen 35} [[""A"" [3 3]]]] [{citizen 32} [[""A"" [3 3]]]] [{citizen 44} [[""A"" [3 3]]]] [{citizen 13} [[""A"" [3 3]]]] [{citizen 26} [[""A"" [3 3]]]] [{citizen 24} [[""A"" [3 3]]]] [{citizen 30} [[""A"" [3 3]]]] [{citizen 28} [[""A"" [3 3]]]] [{citizen 39} [[""A"" [3 3]]]]]"
"13","[128 0 127]","230.8695652173913","-3.9669590456759947","-3.213140399338072","""circle""","""""","9.9","{breed citizens}","false","0.5","1","""up""",,"[[""ID"" 40] [""alpha"" 1] [""beta"" 1] [""malleable"" [""A""]] [""prior"" []] [""cont_tokens"" []] [""A"" 3]]","[[0 [0 1 2 3 4 6 7 8 9 10 13]] [1 [15 16 17 18 19 20 21 22 23 24 25 26 27]] [2 [28 29 30 31 32 33 34 35 36 37 38 39 40]] [3 [41 42 43 44 45 46 47 48 49 50 51 52 53]] [4 [54 55 56 57 58 59 60 61 62 63 64 65 66]] [5 [67 68 69 70 71 72 73 74 75 76 77 78 79]] [6 [80 81 82 83 84 85 86 87 88 89 90 91 92]] [7 [93 94 95 96 97 98 99 100 101 102 103 104 105]] [8 [106 107 108 109 110 111 112 113 114 115 116 117 118]] [9 [119 120 121 122 123 124 125 126 127 128 129 130 131]] [10 [132 133 134 135 136 137 138 139 140 141 142 143 144]] [11 [145 146 147 148 149 150 151 152 153 154 155 156 157]] [12 [158 159 160 161 162 163 164 165 166 167 168 169 170]] [13 [171 172 173 174 175 176 177 178 179 180 181 182 183]] [14 [184 185 186 187 188 189 190 191 192 193 194 195 196]] [15 [197 198 199 200 201 202 203 204 205 206 207 208 209]] [16 [210 211 212 213 214 215 216 217 218 219 220 221 222]] [17 [223 224 225 226 227 228 229 230 231 232 233 234 235]] [18 [236 237 238 239 240 241 242 243 244 245 246 247 248]] [19 [249 250 251 252 253 254 255 256 257 258 259 260 261]] [20 [262 263 264 265 266 267 268 269 270 271 272 273 274]] [21 [275 276 277 278 279 280 281 282 283 284 285 286 287]] [22 [288 289 290 291 292 293 294 295 296 297 298 299 300]] [23 [301 302 303 304 305 306 307 308 309 310 311 312 313]] [24 [314 315 316 317 318 319 320 321 322 323 324 325 326]] [25 [327 328 329 330 331 332 333 334 335 336 337 338 339]] [26 [340 341 342 343 344 345 346 347 348 349 350 351 352]] [27 [353 354 355 356 357 358 359 360 361 362 363 364 365]] [28 [366 367 368 369 370 371 372 373 374 375 376 377 378]] [29 [379 380 381 382 383 384 385 386 387 388 389 390 391]] [30 [392 393 394 395 396 397 398 399 400 401 402 403 404]] [31 [405 406 407 408 409 410 411 412 413 414 415 416 417]] [32 [418 419 420 421 422 423 424 425 426 427 428 429 430]] [33 [431 432 433 434 435 436 437 438 439 440 441 442 443]] [34 [444 445 446 447 448 449 450 451 452 453 454 455 456]] [35 [457 458 459 460 461 462 463 464 465 466 467 468 469]] [36 [470 471 472 473 474 475 476 477 478 479 480 481 482]] [37 [483 484 485 486 487 488 489 490 491 492 493 494 495]] [38 [496 497 498 499 500 501 502 503 504 505 506 507 508]] [39 [509 510 511 512 513 514 515 516 517 518 519 520 521]] [40 [522 523 524 525 526 527 528 529 530 531 532 533 534]] [41 [535 536 537 538 539 540 541 542 543 544 545 546 547]] [42 [548 549 550 551 552 553 554 555 556 557 558 559 560]] [43 [561 562 563 564 565 566 567 568 569 570 571 572 573]] [44 [574 575 576 577 578 579 580 581 582 583 584 585 586]] [45 [587 588 589 590 591 592 593 594 595 596 597 598 599]] [46 [600 601 602 603 604 605 606 607 608 609 610 611 612]] [47 [613 614 615 616 617 618 619 620 621 622 623 624 625]] [48 [626 627 628 629 630 631 632 633 634 635 636 637 638]] [49 [639 640 641 642 643 644 645 646 647 648 649 650 651]] [50 [652 653 654 655 656 657 658 659 660 661 662 663 664]] [51 [665 666 667 668 669 670 671 672 673 674 675 676 677]] [52 [678 679 680 681 682 683 684 685 686 687 688 689 690]] [53 [691 692 693 694 695 696 697 698 699 700 701 702 703]] [54 [704 705 706 707 708 709 710 711 712 713 714 715 716]] [55 [717 718 719 720 721 722 723 724 725 726 727 728 729]] [56 [730 731 732 733 734 735 736 737 738 739 740 741 742]] [57 [743 744 745 746 747 748 749 750 751 752 753 754 755]] [58 [756 757 758 759 760 761 762 763 764 765 766 767 768]] [59 [769 770 771 772 773 774 775 776 777 778 779 780 781]] [60 [782 783 784 785 786 787 788 789 790 791 792 793 794]] [61 [795 796 797 798 799 800 801 802 803 804 805 806 807]] [62 [808 809 810 811 812 813 814 815 816 817 818 819 820]] [63 [821 822 823 824 825 826 827 828 829 830 831 832 833]] [64 [834 835 836 837 838 839 840 841 842 843 844 845 846]] [65 [847 848 849 850 851 852 853 854 855 856 857 858 859]] [66 [860 861 862 863 864 865 866 867 868 869 870 871 872]] [67 [873 874 875 876 877 878 879 880 881 882 883 884 885]] [68 [886 887 888 889 890 891 892 893 894 895 896 897 898]] [69 [899 900 901 902 903 904 905 906 907 908 909 910 911]] [70 [912 913 914 915 916 917 918 919 920 921 922 923 924]] [71 [925 926 927 928 929 930 931 932 933 934 935 936 937]] [72 [938 939 940 941 942 943 944 945 946 947 948 949 950]] [73 [951 952 953 954 955 956 957 958 959 960 961 962 963]] [74 [964 965 966 967 968 969 970 971 972 973 974 975 976]] [75 [977 978 979 980 981 982 983 984 985 986 987 988 989]] [76 [990 991 992 993 994 995 996 997 998 999 1000 1001 1002]] [77 [1003 1004 1005 1006 1007 1008 1009 1010 1011 1012 1013 1014 1015]] [78 [1016 1017 1018 1019 1020 1021 1022 1023 1024 1025 1026 1027 1028]] [79 [1029 1030 1031 1032 1033 1034 1035 1036 1037 1038 1039 1040 1041]] [80 [1042 1043 1044 1045 1046 1047 1048 1049 1050 1051 1052 1053 1054]] [81 [1055 1056 1057 1058 1059 1060 1061 1062 1063 1064 1065 1066 1067]] [82 [1068 1069 1070 1071 1072 1073 1074 1075 1076 1077 1078 1079 1080]] [83 [1081 1082 1083 1084 1085 1086 1087 1088 1089 1090 1091 1092 1093]] [84 [1094 1095 1096 1097 1098 1099 1100 1101 1102 1103 1104 1105 1106]] [85 [1107 1108 1109 1110 1111 1112 1113 1114 1115 1116 1117 1118 1119]] [86 [1120 1121 1122 1123 1124 1125 1126 1127 1128 1129 1130 1131 1132]] [87 [1133 1134 1135 1136 1137 1138 1139 1140 1141 1142 1143 1144 1145]] [88 [1146 1147 1148 1149 1150 1151 1152 1153 1154 1155 1156 1157 1158]] [89 [1159 1160 1161 1162 1163 1164 1165 1166 1167 1168 1169 1170 1171]] [90 [1172 1173 1174 1175 1176 1177 1178 1179 1180 1181 1182 1183 1184]] [91 [1185 1186 1187 1188 1189 1190 1191 1192 1193 1194 1195 1196 1197]] [92 [1198 1199 1200 1201 1202 1203 1204 1205 1206 1207 1208 1209 1210]] [93 [1211 1212 1213 1214 1215 1216 1217 1218 1219 1220 1221 1222 1223]] [94 [1224 1225 1226 1227 1228 1229 1230 1231 1232 1233 1234 1235 1236]] [95 [1237 1238 1239 1240 1241 1242 1243 1244 1245 1246 1247 1248 1249]] [96 [1250 1251 1252 1253 1254 1255 1256 1257 1258 1259 1260 1261 1262]] [97 [1263 1264 1265 1266 1267 1268 1269 1270 1271 1272 1273 1274 1275]] [98 [1276 1277 1278 1279 1280 1281 1282 1283 1284 1285 1286 1287 1288]] [99 [1289 1290 1291 1292 1293 1294 1295 1296 1297 1298 1299 1300 1301]]]","[[0 [0 1 2 3 4 6 7 8 9 10 13]] [1 [15 16 17 18 19 20 21 22 23 24 25 26 27]] [2 [28 29 30 31 32 33 34 35 36 37 38 39 40]] [3 [41 42 43 44 45 46 47 48 49 50 51 52 53]] [4 [54 55 56 57 58 59 60 61 62 63 64 65 66]] [5 [67 68 69 70 71 72 73 74 75 76 77 78 79]] [6 [80 81 82 83 84 85 86 87 88 89 90 91 92]] [7 [93 94 95 96 97 98 99 100 101 102 103 104 105]] [8 [106 107 108 109 110 111 112 113 114 115 116 117 118]] [9 [119 120 121 122 123 124 125 126 127 128 129 130 131]] [10 [132 133 134 135 136 137 138 139 140 141 142 143 144]] [11 [145 146 147 148 149 150 151 152 153 154 155 156 157]] [12 [158 159 160 161 162 163 164 165 166 167 168 169 170]] [13 [171 172 173 174 175 176 177 178 179 180 181 182 183]] [14 [184 185 186 187 188 189 190 191 192 193 194 195 196]] [15 [197 198 199 200 201 202 203 204 205 206 207 208 209]] [16 [210 211 212 213 214 215 216 217 218 219 220 221 222]] [17 [223 224 225 226 227 228 229 230 231 232 233 234 235]] [18 [236 237 238 239 240 241 242 243 244 245 246 247 248]] [19 [249 250 251 252 253 254 255 256 257 258 259 260 261]] [20 [262 263 264 265 266 267 268 269 270 271 272 273 274]] [21 [275 276 277 278 279 280 281 282 283 284 285 286 287]] [22 [288 289 290 291 292 293 294 295 296 297 298 299 300]] [23 [301 302 303 304 305 306 307 308 309 310 311 312 313]] [24 [314 315 316 317 318 319 320 321 322 323 324 325 326]] [25 [327 328 329 330 331 332 333 334 335 336 337 338 339]] [26 [340 341 342 343 344 345 346 347 348 349 350 351 352]] [27 [353 354 355 356 357 358 359 360 361 362 363 364 365]] [28 [366 367 368 369 370 371 372 373 374 375 376 377 378]] [29 [379 380 381 382 383 384 385 386 387 388 389 390 391]] [30 [392 393 394 395 396 397 398 399 400 401 402 403 404]] [31 [405 406 407 408 409 410 411 412 413 414 415 416 417]] [32 [418 419 420 421 422 423 424 425 426 427 428 429 430]] [33 [431 432 433 434 435 436 437 438 439 440 441 442 443]] [34 [444 445 446 447 448 449 450 451 452 453 454 455 456]] [35 [457 458 459 460 461 462 463 464 465 466 467 468 469]] [36 [470 471 472 473 474 475 476 477 478 479 480 481 482]] [37 [483 484 485 486 487 488 489 490 491 492 493 494 495]] [38 [496 497 498 499 500 501 502 503 504 505 506 507 508]] [39 [509 510 511 512 513 514 515 516 517 518 519 520 521]] [40 [522 523 524 525 526 527 528 529 530 531 532 533 534]] [41 [535 536 537 538 539 540 541 542 543 544 545 546 547]] [42 [548 549 550 551 552 553 554 555 556 557 558 559 560]] [43 [561 562 563 564 565 566 567 568 569 570 571 572 573]] [44 [574 575 576 577 578 579 580 581 582 583 584 585 586]] [45 [587 588 589 590 591 592 593 594 595 596 597 598 599]] [46 [600 601 602 603 604 605 606 607 608 609 610 611 612]] [47 [613 614 615 616 617 618 619 620 621 622 623 624 625]] [48 [626 627 628 629 630 631 632 633 634 635 636 637 638]] [49 [639 640 641 642 643 644 645 646 647 648 649 650 651]] [50 [652 653 654 655 656 657 658 659 660 661 662 663 664]] [51 [665 666 667 668 669 670 671 672 673 674 675 676 677]] [52 [678 679 680 681 682 683 684 685 686 687 688 689 690]] [53 [691 692 693 694 695 696 697 698 699 700 701 702 703]] [54 [704 705 706 707 708 709 710 711 712 713 714 715 716]] [55 [717 718 719 720 721 722 723 724 725 726 727 728 729]] [56 [730 731 732 733 734 735 736 737 738 739 740 741 742]] [57 [743 744 745 746 747 748 749 750 751 752 753 754 755]] [58 [756 757 758 759 760 761 762 763 764 765 766 767 768]] [59 [769 770 771 772 773 774 775 776 777 778 779 780 781]] [60 [782 783 784 785 786 787 788 789 790 791 792 793 794]] [61 [795 796 797 798 799 800 801 802 803 804 805 806 807]] [62 [808 809 810 811 812 813 814 815 816 817 818 819 820]] [63 [821 822 823 824 825 826 827 828 829 830 831 832 833]] [64 [834 835 836 837 838 839 840 841 842 843 844 845 846]] [65 [847 848 849 850 851 852 853 854 855 856 857 858 859]] [66 [860 861 862 863 864 865 866 867 868 869 870 871 872]] [67 [873 874 875 876 877 878 879 880 881 882 883 884 885]] [68 [886 887 888 889 890 891 892 893 894 895 896 897 898]] [69 [899 900 901 902 903 904 905 906 907 908 909 910 911]] [70 [912 913 914 915 916 917 918 919 920 921 922 923 924]] [71 [925 926 927 928 929 930 931 932 933 934 935 936 937]] [72 [938 939 940 941 942 943 944 945 946 947 948 949 950]] [73 [951 952 953 954 955 956 957 958 959 960 961 962 963]] [74 [964 965 966 967 968 969 970 971 972 973 974 975 976]] [75 [977 978 979 980 981 982 983 984 985 986 987 988 989]] [76 [990 991 992 993 994 995 996 997 998 999 1000 1001 1002]] [77 [1003 1004 1005 1006 1007 1008 1009 1010 1011 1012 1013 1014 1015]] [78 [1016 1017 1018 1019 1020 1021 1022 1023 1024 1025 1026 1027 1028]] [79 [1029 1030 1031 1032 1033 1034 1035 1036 1037 1038 1039 1040 1041]] [80 [1042 1043 1044 1045 1046 1047 1048 1049 1050 1051 1052 1053 1054]] [81 [1055 1056 1057 1058 1059 1060 1061 1062 1063 1064 1065 1066 1067]] [82 [1068 1069 1070 1071 1072 1073 1074 1075 1076 1077 1078 1079 1080]] [83 [1081 1082 1083 1084 1085 1086 1087 1088 1089 1090 1091 1092 1093]] [84 [1094 1095 1096 1097 1098 1099 1100 1101 1102 1103 1104 1105 1106]] [85 [1107 1108 1109 1110 1111 1112 1113 1114 1115 1116 1117 1118 1119]] [86 [1120 1121 1122 1123 1124 1125 1126 1127 1128 1129 1130 1131 1132]] [87 [1133 1134 1135 1136 1137 1138 1139 1140 1141 1142 1143 1144 1145]] [88 [1146 1147 1148 1149 1150 1151 1152 1153 1154 1155 1156 1157 1158]] [89 [1159 1160 1161 1162 1163 1164 1165 1166 1167 1168 1169 1170 1171]] [90 [1172 1173 1174 1175 1176 1177 1178 1179 1180 1181 1182 1183 1184]] [91 [1185 1186 1187 1188 1189 1190 1191 1192 1193 1194 1195 1196 1197]] [92 [1198 1199 1200 1201 1202 1203 1204 1205 1206 1207 1208 1209 1210]] [93 [1211 1212 1213 1214 1215 1216 1217 1218 1219 1220 1221 1222 1223]] [94 [1224 1225 1226 1227 1228 1229 1230 1231 1232 1233 1234 1235 1236]] [95 [1237 1238 1239 1240 1241 1242 1243 1244 1245 1246 1247 1248 1249]] [96 [1250 1251 1252 1253 1254 1255 1256 1257 1258 1259 1260 1261 1262]] [97 [1263 1264 1265 1266 1267 1268 1269 1270 1271 1272 1273 1274 1275]] [98 [1276 1277 1278 1279 1280 1281 1282 1283 1284 1285 1286 1287 1288]] [99 [1289 1290 1291 1292 1293 1294 1295 1296 1297 1298 1299 1300 1301]]]",,"[[{media 53} [[""A"" [3 3]]]] [{media 54} [[""A"" [3 3]]]] [{media 56} [[""A"" [3 3]]]] [{media 62} [[""A"" [3 3]]]] [{media 63} [[""A"" [3 3]]]] [{media 64} [[""A"" [3 3]]]] [{media 59} [[""A"" [3 3]]]] [{citizen 3} [[""A"" [3 3]]]] [{citizen 4} [[""A"" [3 3]]]] [{citizen 7} [[""A"" [3 3]]]] [{citizen 5} [[""A"" [3 3]]]] [{media 57} [[""A"" [3 3]]]] [{citizen 0} [[""A"" [3 3]]]] [{media 50} [[""A"" [3 3]]]] [{media 55} [[""A"" [3 3]]]] [{citizen 1} [[""A"" [3 3]]]] [{citizen 2} [[""A"" [3 3]]]] [{media 52} [[""A"" [3 3]]]] [{media 61} [[""A"" [3 3]]]] [{citizen 9} [[""A"" [3 3]]]] [{citizen 12} [[""A"" [3 3]]]] [{citizen 43} [[""A"" [3 3]]]] [{citizen 45} [[""A"" [3 3]]]] [{citizen 20} [[""A"" [3 3]]]] [{citizen 17} [[""A"" [3 3]]]] [{citizen 36} [[""A"" [3 3]]]] [{citizen 37} [[""A"" [3 3]]]] [{citizen 10} [[""A"" [3 3]]]] [{citizen 31} [[""A"" [3 3]]]] [{citizen 14} [[""A"" [3 3]]]] [{citizen 42} [[""A"" [3 3]]]] [{citizen 27} [[""A"" [3 3]]]] [{citizen 33} [[""A"" [3 3]]]] [{citizen 40} [[""A"" [3 3]]]] [{citizen 19} [[""A"" [3 3]]]] [{citizen 34} [[""A"" [3 3]]]] [{citizen 16} [[""A"" [3 3]]]] [{citizen 38} [[""A"" [3 3]]]] [{citizen 24} [[""A"" [3 3]]]] [{citizen 15} [[""A"" [3 3]]]] [{citizen 49} [[""A"" [3 3]]]] [{citizen 23} [[""A"" [3 3]]]] [{citizen 8} [[""A"" [3 3]]]] [{citizen 46} [[""A"" [3 3]]]] [{citizen 21} [[""A"" [3 3]]]] [{citizen 41} [[""A"" [3 3]]]] [{citizen 29} [[""A"" [3 3]]]] [{citizen 48} [[""A"" [3 3]]]] [{citizen 18} [[""A"" [3 3]]]] [{citizen 11} [[""A"" [3 3]]]] [{citizen 32} [[""A"" [3 3]]]] [{citizen 35} [[""A"" [3 3]]]] [{media 51} [[""A"" [3 3]]]] [{citizen 22} [[""A"" [3 3]]]] [{citizen 44} [[""A"" [3 3]]]] [{citizen 47} [[""A"" [3 3]]]] [{citizen 39} [[""A"" [3 3]]]] [{citizen 30} [[""A"" [3 3]]]] [{citizen 6} [[""A"" [3 3]]]] [{citizen 25} [[""A"" [3 3]]]] [{citizen 26} [[""A"" [3 3]]]] [{citizen 28} [[""A"" [3 3]]]]]"
"14","[128 0 127]","242.60869565217394","-4.056633342234791","-2.4515212626908975","""circle""","""""","9.9","{breed citizens}","false","0.5","1","""up""",,"[[""ID"" 32] [""alpha"" 1] [""beta"" 1] [""malleable"" [""A""]] [""prior"" []] [""cont_tokens"" []] [""A"" 3]]","[[0 [0 1 2 3 4 6 7 8 9 10 13]] [1 [15 16 17 18 19 20 21 22 23 24 25 26 27]] [2 [28 29 30 31 32 33 34 35 36 37 38 39 40]] [3 [41 42 43 44 45 46 47 48 49 50 51 52 53]] [4 [54 55 56 57 58 59 60 61 62 63 64 65 66]] [5 [67 68 69 70 71 72 73 74 75 76 77 78 79]] [6 [80 81 82 83 84 85 86 87 88 89 90 91 92]] [7 [93 94 95 96 97 98 99 100 101 102 103 104 105]] [8 [106 107 108 109 110 111 112 113 114 115 116 117 118]] [9 [119 120 121 122 123 124 125 126 127 128 129 130 131]] [10 [132 133 134 135 136 137 138 139 140 141 142 143 144]] [11 [145 146 147 148 149 150 151 152 153 154 155 156 157]] [12 [158 159 160 161 162 163 164 165 166 167 168 169 170]] [13 [171 172 173 174 175 176 177 178 179 180 181 182 183]] [14 [184 185 186 187 188 189 190 191 192 193 194 195 196]] [15 [197 198 199 200 201 202 203 204 205 206 207 208 209]] [16 [210 211 212 213 214 215 216 217 218 219 220 221 222]] [17 [223 224 225 226 227 228 229 230 231 232 233 234 235]] [18 [236 237 238 239 240 241 242 243 244 245 246 247 248]] [19 [249 250 251 252 253 254 255 256 257 258 259 260 261]] [20 [262 263 264 265 266 267 268 269 270 271 272 273 274]] [21 [275 276 277 278 279 280 281 282 283 284 285 286 287]] [22 [288 289 290 291 292 293 294 295 296 297 298 299 300]] [23 [301 302 303 304 305 306 307 308 309 310 311 312 313]] [24 [314 315 316 317 318 319 320 321 322 323 324 325 326]] [25 [327 328 329 330 331 332 333 334 335 336 337 338 339]] [26 [340 341 342 343 344 345 346 347 348 349 350 351 352]] [27 [353 354 355 356 357 358 359 360 361 362 363 364 365]] [28 [366 367 368 369 370 371 372 373 374 375 376 377 378]] [29 [379 380 381 382 383 384 385 386 387 388 389 390 391]] [30 [392 393 394 395 396 397 398 399 400 401 402 403 404]] [31 [405 406 407 408 409 410 411 412 413 414 415 416 417]] [32 [418 419 420 421 422 423 424 425 426 427 428 429 430]] [33 [431 432 433 434 435 436 437 438 439 440 441 442 443]] [34 [444 445 446 447 448 449 450 451 452 453 454 455 456]] [35 [457 458 459 460 461 462 463 464 465 466 467 468 469]] [36 [470 471 472 473 474 475 476 477 478 479 480 481 482]] [37 [483 484 485 486 487 488 489 490 491 492 493 494 495]] [38 [496 497 498 499 500 501 502 503 504 505 506 507 508]] [39 [509 510 511 512 513 514 515 516 517 518 519 520 521]] [40 [522 523 524 525 526 527 528 529 530 531 532 533 534]] [41 [535 536 537 538 539 540 541 542 543 544 545 546 547]] [42 [548 549 550 551 552 553 554 555 556 557 558 559 560]] [43 [561 562 563 564 565 566 567 568 569 570 571 572 573]] [44 [574 575 576 577 578 579 580 581 582 583 584 585 586]] [45 [587 588 589 590 591 592 593 594 595 596 597 598 599]] [46 [600 601 602 603 604 605 606 607 608 609 610 611 612]] [47 [613 614 615 616 617 618 619 620 621 622 623 624 625]] [48 [626 627 628 629 630 631 632 633 634 635 636 637 638]] [49 [639 640 641 642 643 644 645 646 647 648 649 650 651]] [50 [652 653 654 655 656 657 658 659 660 661 662 663 664]] [51 [665 666 667 668 669 670 671 672 673 674 675 676 677]] [52 [678 679 680 681 682 683 684 685 686 687 688 689 690]] [53 [691 692 693 694 695 696 697 698 699 700 701 702 703]] [54 [704 705 706 707 708 709 710 711 712 713 714 715 716]] [55 [717 718 719 720 721 722 723 724 725 726 727 728 729]] [56 [730 731 732 733 734 735 736 737 738 739 740 741 742]] [57 [743 744 745 746 747 748 749 750 751 752 753 754 755]] [58 [756 757 758 759 760 761 762 763 764 765 766 767 768]] [59 [769 770 771 772 773 774 775 776 777 778 779 780 781]] [60 [782 783 784 785 786 787 788 789 790 791 792 793 794]] [61 [795 796 797 798 799 800 801 802 803 804 805 806 807]] [62 [808 809 810 811 812 813 814 815 816 817 818 819 820]] [63 [821 822 823 824 825 826 827 828 829 830 831 832 833]] [64 [834 835 836 837 838 839 840 841 842 843 844 845 846]] [65 [847 848 849 850 851 852 853 854 855 856 857 858 859]] [66 [860 861 862 863 864 865 866 867 868 869 870 871 872]] [67 [873 874 875 876 877 878 879 880 881 882 883 884 885]] [68 [886 887 888 889 890 891 892 893 894 895 896 897 898]] [69 [899 900 901 902 903 904 905 906 907 908 909 910 911]] [70 [912 913 914 915 916 917 918 919 920 921 922 923 924]] [71 [925 926 927 928 929 930 931 932 933 934 935 936 937]] [72 [938 939 940 941 942 943 944 945 946 947 948 949 950]] [73 [951 952 953 954 955 956 957 958 959 960 961 962 963]] [74 [964 965 966 967 968 969 970 971 972 973 974 975 976]] [75 [977 978 979 980 981 982 983 984 985 986 987 988 989]] [76 [990 991 992 993 994 995 996 997 998 999 1000 1001 1002]] [77 [1003 1004 1005 1006 1007 1008 1009 1010 1011 1012 1013 1014 1015]] [78 [1016 1017 1018 1019 1020 1021 1022 1023 1024 1025 1026 1027 1028]] [79 [1029 1030 1031 1032 1033 1034 1035 1036 1037 1038 1039 1040 1041]] [80 [1042 1043 1044 1045 1046 1047 1048 1049 1050 1051 1052 1053 1054]] [81 [1055 1056 1057 1058 1059 1060 1061 1062 1063 1064 1065 1066 1067]] [82 [1068 1069 1070 1071 1072 1073 1074 1075 1076 1077 1078 1079 1080]] [83 [1081 1082 1083 1084 1085 1086 1087 1088 1089 1090 1091 1092 1093]] [84 [1094 1095 1096 1097 1098 1099 1100 1101 1102 1103 1104 1105 1106]] [85 [1107 1108 1109 1110 1111 1112 1113 1114 1115 1116 1117 1118 1119]] [86 [1120 1121 1122 1123 1124 1125 1126 1127 1128 1129 1130 1131 1132]] [87 [1133 1134 1135 1136 1137 1138 1139 1140 1141 1142 1143 1144 1145]] [88 [1146 1147 1148 1149 1150 1151 1152 1153 1154 1155 1156 1157 1158]] [89 [1159 1160 1161 1162 1163 1164 1165 1166 1167 1168 1169 1170 1171]] [90 [1172 1173 1174 1175 1176 1177 1178 1179 1180 1181 1182 1183 1184]] [91 [1185 1186 1187 1188 1189 1190 1191 1192 1193 1194 1195 1196 1197]] [92 [1198 1199 1200 1201 1202 1203 1204 1205 1206 1207 1208 1209 1210]] [93 [1211 1212 1213 1214 1215 1216 1217 1218 1219 1220 1221 1222 1223]] [94 [1224 1225 1226 1227 1228 1229 1230 1231 1232 1233 1234 1235 1236]] [95 [1237 1238 1239 1240 1241 1242 1243 1244 1245 1246 1247 1248 1249]] [96 [1250 1251 1252 1253 1254 1255 1256 1257 1258 1259 1260 1261 1262]] [97 [1263 1264 1265 1266 1267 1268 1269 1270 1271 1272 1273 1274 1275]] [98 [1276 1277 1278 1279 1280 1281 1282 1283 1284 1285 1286 1287 1288]] [99 [1289 1290 1291 1292 1293 1294 1295 1296 1297 1298 1299 1300 1301]]]","[[0 [0 1 2 3 4 6 7 8 9 10 13]] [1 [15 16 17 18 19 20 21 22 23 24 25 26 27]] [2 [28 29 30 31 32 33 34 35 36 37 38 39 40]] [3 [41 42 43 44 45 46 47 48 49 50 51 52 53]] [4 [54 55 56 57 58 59 60 61 62 63 64 65 66]] [5 [67 68 69 70 71 72 73 74 75 76 77 78 79]] [6 [80 81 82 83 84 85 86 87 88 89 90 91 92]] [7 [93 94 95 96 97 98 99 100 101 102 103 104 105]] [8 [106 107 108 109 110 111 112 113 114 115 116 117 118]] [9 [119 120 121 122 123 124 125 126 127 128 129 130 131]] [10 [132 133 134 135 136 137 138 139 140 141 142 143 144]] [11 [145 146 147 148 149 150 151 152 153 154 155 156 157]] [12 [158 159 160 161 162 163 164 165 166 167 168 169 170]] [13 [171 172 173 174 175 176 177 178 179 180 181 182 183]] [14 [184 185 186 187 188 189 190 191 192 193 194 195 196]] [15 [197 198 199 200 201 202 203 204 205 206 207 208 209]] [16 [210 211 212 213 214 215 216 217 218 219 220 221 222]] [17 [223 224 225 226 227 228 229 230 231 232 233 234 235]] [18 [236 237 238 239 240 241 242 243 244 245 246 247 248]] [19 [249 250 251 252 253 254 255 256 257 258 259 260 261]] [20 [262 263 264 265 266 267 268 269 270 271 272 273 274]] [21 [275 276 277 278 279 280 281 282 283 284 285 286 287]] [22 [288 289 290 291 292 293 294 295 296 297 298 299 300]] [23 [301 302 303 304 305 306 307 308 309 310 311 312 313]] [24 [314 315 316 317 318 319 320 321 322 323 324 325 326]] [25 [327 328 329 330 331 332 333 334 335 336 337 338 339]] [26 [340 341 342 343 344 345 346 347 348 349 350 351 352]] [27 [353 354 355 356 357 358 359 360 361 362 363 364 365]] [28 [366 367 368 369 370 371 372 373 374 375 376 377 378]] [29 [379 380 381 382 383 384 385 386 387 388 389 390 391]] [30 [392 393 394 395 396 397 398 399 400 401 402 403 404]] [31 [405 406 407 408 409 410 411 412 413 414 415 416 417]] [32 [418 419 420 421 422 423 424 425 426 427 428 429 430]] [33 [431 432 433 434 435 436 437 438 439 440 441 442 443]] [34 [444 445 446 447 448 449 450 451 452 453 454 455 456]] [35 [457 458 459 460 461 462 463 464 465 466 467 468 469]] [36 [470 471 472 473 474 475 476 477 478 479 480 481 482]] [37 [483 484 485 486 487 488 489 490 491 492 493 494 495]] [38 [496 497 498 499 500 501 502 503 504 505 506 507 508]] [39 [509 510 511 512 513 514 515 516 517 518 519 520 521]] [40 [522 523 524 525 526 527 528 529 530 531 532 533 534]] [41 [535 536 537 538 539 540 541 542 543 544 545 546 547]] [42 [548 549 550 551 552 553 554 555 556 557 558 559 560]] [43 [561 562 563 564 565 566 567 568 569 570 571 572 573]] [44 [574 575 576 577 578 579 580 581 582 583 584 585 586]] [45 [587 588 589 590 591 592 593 594 595 596 597 598 599]] [46 [600 601 602 603 604 605 606 607 608 609 610 611 612]] [47 [613 614 615 616 617 618 619 620 621 622 623 624 625]] [48 [626 627 628 629 630 631 632 633 634 635 636 637 638]] [49 [639 640 641 642 643 644 645 646 647 648 649 650 651]] [50 [652 653 654 655 656 657 658 659 660 661 662 663 664]] [51 [665 666 667 668 669 670 671 672 673 674 675 676 677]] [52 [678 679 680 681 682 683 684 685 686 687 688 689 690]] [53 [691 692 693 694 695 696 697 698 699 700 701 702 703]] [54 [704 705 706 707 708 709 710 711 712 713 714 715 716]] [55 [717 718 719 720 721 722 723 724 725 726 727 728 729]] [56 [730 731 732 733 734 735 736 737 738 739 740 741 742]] [57 [743 744 745 746 747 748 749 750 751 752 753 754 755]] [58 [756 757 758 759 760 761 762 763 764 765 766 767 768]] [59 [769 770 771 772 773 774 775 776 777 778 779 780 781]] [60 [782 783 784 785 786 787 788 789 790 791 792 793 794]] [61 [795 796 797 798 799 800 801 802 803 804 805 806 807]] [62 [808 809 810 811 812 813 814 815 816 817 818 819 820]] [63 [821 822 823 824 825 826 827 828 829 830 831 832 833]] [64 [834 835 836 837 838 839 840 841 842 843 844 845 846]] [65 [847 848 849 850 851 852 853 854 855 856 857 858 859]] [66 [860 861 862 863 864 865 866 867 868 869 870 871 872]] [67 [873 874 875 876 877 878 879 880 881 882 883 884 885]] [68 [886 887 888 889 890 891 892 893 894 895 896 897 898]] [69 [899 900 901 902 903 904 905 906 907 908 909 910 911]] [70 [912 913 914 915 916 917 918 919 920 921 922 923 924]] [71 [925 926 927 928 929 930 931 932 933 934 935 936 937]] [72 [938 939 940 941 942 943 944 945 946 947 948 949 950]] [73 [951 952 953 954 955 956 957 958 959 960 961 962 963]] [74 [964 965 966 967 968 969 970 971 972 973 974 975 976]] [75 [977 978 979 980 981 982 983 984 985 986 987 988 989]] [76 [990 991 992 993 994 995 996 997 998 999 1000 1001 1002]] [77 [1003 1004 1005 1006 1007 1008 1009 1010 1011 1012 1013 1014 1015]] [78 [1016 1017 1018 1019 1020 1021 1022 1023 1024 1025 1026 1027 1028]] [79 [1029 1030 1031 1032 1033 1034 1035 1036 1037 1038 1039 1040 1041]] [80 [1042 1043 1044 1045 1046 1047 1048 1049 1050 1051 1052 1053 1054]] [81 [1055 1056 1057 1058 1059 1060 1061 1062 1063 1064 1065 1066 1067]] [82 [1068 1069 1070 1071 1072 1073 1074 1075 1076 1077 1078 1079 1080]] [83 [1081 1082 1083 1084 1085 1086 1087 1088 1089 1090 1091 1092 1093]] [84 [1094 1095 1096 1097 1098 1099 1100 1101 1102 1103 1104 1105 1106]] [85 [1107 1108 1109 1110 1111 1112 1113 1114 1115 1116 1117 1118 1119]] [86 [1120 1121 1122 1123 1124 1125 1126 1127 1128 1129 1130 1131 1132]] [87 [1133 1134 1135 1136 1137 1138 1139 1140 1141 1142 1143 1144 1145]] [88 [1146 1147 1148 1149 1150 1151 1152 1153 1154 1155 1156 1157 1158]] [89 [1159 1160 1161 1162 1163 1164 1165 1166 1167 1168 1169 1170 1171]] [90 [1172 1173 1174 1175 1176 1177 1178 1179 1180 1181 1182 1183 1184]] [91 [1185 1186 1187 1188 1189 1190 1191 1192 1193 1194 1195 1196 1197]] [92 [1198 1199 1200 1201 1202 1203 1204 1205 1206 1207 1208 1209 1210]] [93 [1211 1212 1213 1214 1215 1216 1217 1218 1219 1220 1221 1222 1223]] [94 [1224 1225 1226 1227 1228 1229 1230 1231 1232 1233 1234 1235 1236]] [95 [1237 1238 1239 1240 1241 1242 1243 1244 1245 1246 1247 1248 1249]] [96 [1250 1251 1252 1253 1254 1255 1256 1257 1258 1259 1260 1261 1262]] [97 [1263 1264 1265 1266 1267 1268 1269 1270 1271 1272 1273 1274 1275]] [98 [1276 1277 1278 1279 1280 1281 1282 1283 1284 1285 1286 1287 1288]] [99 [1289 1290 1291 1292 1293 1294 1295 1296 1297 1298 1299 1300 1301]]]",,"[[{citizen 19} [[""A"" [3 3]]]] [{citizen 27} [[""A"" [3 3]]]] [{citizen 30} [[""A"" [3 3]]]] [{citizen 32} [[""A"" [3 3]]]] [{citizen 37} [[""A"" [3 3]]]] [{citizen 44} [[""A"" [3 3]]]] [{citizen 49} [[""A"" [3 3]]]] [{media 53} [[""A"" [3 3]]]] [{media 54} [[""A"" [3 3]]]] [{media 56} [[""A"" [3 3]]]] [{media 62} [[""A"" [3 3]]]] [{media 63} [[""A"" [3 3]]]] [{media 64} [[""A"" [3 3]]]] [{media 59} [[""A"" [3 3]]]] [{citizen 8} [[""A"" [3 3]]]] [{citizen 5} [[""A"" [3 3]]]] [{media 57} [[""A"" [3 3]]]] [{citizen 0} [[""A"" [3 3]]]] [{citizen 3} [[""A"" [3 3]]]] [{citizen 4} [[""A"" [3 3]]]] [{media 50} [[""A"" [3 3]]]] [{media 55} [[""A"" [3 3]]]] [{citizen 1} [[""A"" [3 3]]]] [{media 52} [[""A"" [3 3]]]] [{media 61} [[""A"" [3 3]]]] [{citizen 9} [[""A"" [3 3]]]] [{citizen 12} [[""A"" [3 3]]]] [{citizen 43} [[""A"" [3 3]]]] [{citizen 45} [[""A"" [3 3]]]] [{citizen 20} [[""A"" [3 3]]]] [{citizen 17} [[""A"" [3 3]]]] [{citizen 36} [[""A"" [3 3]]]] [{citizen 10} [[""A"" [3 3]]]] [{citizen 31} [[""A"" [3 3]]]] [{citizen 15} [[""A"" [3 3]]]] [{citizen 7} [[""A"" [3 3]]]] [{citizen 23} [[""A"" [3 3]]]] [{citizen 33} [[""A"" [3 3]]]] [{citizen 16} [[""A"" [3 3]]]] [{citizen 38} [[""A"" [3 3]]]] [{citizen 46} [[""A"" [3 3]]]] [{citizen 2} [[""A"" [3 3]]]] [{citizen 6} [[""A"" [3 3]]]] [{citizen 25} [[""A"" [3 3]]]] [{citizen 21} [[""A"" [3 3]]]] [{citizen 35} [[""A"" [3 3]]]] [{citizen 22} [[""A"" [3 3]]]] [{citizen 41} [[""A"" [3 3]]]] [{citizen 11} [[""A"" [3 3]]]] [{citizen 42} [[""A"" [3 3]]]] [{citizen 34} [[""A"" [3 3]]]] [{citizen 48} [[""A"" [3 3]]]] [{media 51} [[""A"" [3 3]]]] [{citizen 40} [[""A"" [3 3]]]] [{citizen 18} [[""A"" [3 3]]]] [{citizen 29} [[""A"" [3 3]]]] [{citizen 47} [[""A"" [3 3]]]] [{citizen 26} [[""A"" [3 3]]]] [{citizen 24} [[""A"" [3 3]]]] [{citizen 13} [[""A"" [3 3]]]] [{citizen 28} [[""A"" [3 3]]]] [{citizen 39} [[""A"" [3 3]]]]]"
"15","[128 0 127]","254.3478260869565","-4.696832132251934","-1.7410134536704824","""circle""","""""","9.9","{breed citizens}","false","0.5","1","""up""",,"[[""ID"" 49] [""alpha"" 1] [""beta"" 1] [""malleable"" [""A""]] [""prior"" []] [""cont_tokens"" []] [""A"" 3]]","[[0 [0 1 2 3 4 6 7 8 9 10 13]] [1 [15 16 17 18 19 20 21 22 23 24 25 26 27]] [2 [28 29 30 31 32 33 34 35 36 37 38 39 40]] [3 [41 42 43 44 45 46 47 48 49 50 51 52 53]] [4 [54 55 56 57 58 59 60 61 62 63 64 65 66]] [5 [67 68 69 70 71 72 73 74 75 76 77 78 79]] [6 [80 81 82 83 84 85 86 87 88 89 90 91 92]] [7 [93 94 95 96 97 98 99 100 101 102 103 104 105]] [8 [106 107 108 109 110 111 112 113 114 115 116 117 118]] [9 [119 120 121 122 123 124 125 126 127 128 129 130 131]] [10 [132 133 134 135 136 137 138 139 140 141 142 143 144]] [11 [145 146 147 148 149 150 151 152 153 154 155 156 157]] [12 [158 159 160 161 162 163 164 165 166 167 168 169 170]] [13 [171 172 173 174 175 176 177 178 179 180 181 182 183]] [14 [184 185 186 187 188 189 190 191 192 193 194 195 196]] [15 [197 198 199 200 201 202 203 204 205 206 207 208 209]] [16 [210 211 212 213 214 215 216 217 218 219 220 221 222]] [17 [223 224 225 226 227 228 229 230 231 232 233 234 235]] [18 [236 237 238 239 240 241 242 243 244 245 246 247 248]] [19 [249 250 251 252 253 254 255 256 257 258 259 260 261]] [20 [262 263 264 265 266 267 268 269 270 271 272 273 274]] [21 [275 276 277 278 279 280 281 282 283 284 285 286 287]] [22 [288 289 290 291 292 293 294 295 296 297 298 299 300]] [23 [301 302 303 304 305 306 307 308 309 310 311 312 313]] [24 [314 315 316 317 318 319 320 321 322 323 324 325 326]] [25 [327 328 329 330 331 332 333 334 335 336 337 338 339]] [26 [340 341 342 343 344 345 346 347 348 349 350 351 352]] [27 [353 354 355 356 357 358 359 360 361 362 363 364 365]] [28 [366 367 368 369 370 371 372 373 374 375 376 377 378]] [29 [379 380 381 382 383 384 385 386 387 388 389 390 391]] [30 [392 393 394 395 396 397 398 399 400 401 402 403 404]] [31 [405 406 407 408 409 410 411 412 413 414 415 416 417]] [32 [418 419 420 421 422 423 424 425 426 427 428 429 430]] [33 [431 432 433 434 435 436 437 438 439 440 441 442 443]] [34 [444 445 446 447 448 449 450 451 452 453 454 455 456]] [35 [457 458 459 460 461 462 463 464 465 466 467 468 469]] [36 [470 471 472 473 474 475 476 477 478 479 480 481 482]] [37 [483 484 485 486 487 488 489 490 491 492 493 494 495]] [38 [496 497 498 499 500 501 502 503 504 505 506 507 508]] [39 [509 510 511 512 513 514 515 516 517 518 519 520 521]] [40 [522 523 524 525 526 527 528 529 530 531 532 533 534]] [41 [535 536 537 538 539 540 541 542 543 544 545 546 547]] [42 [548 549 550 551 552 553 554 555 556 557 558 559 560]] [43 [561 562 563 564 565 566 567 568 569 570 571 572 573]] [44 [574 575 576 577 578 579 580 581 582 583 584 585 586]] [45 [587 588 589 590 591 592 593 594 595 596 597 598 599]] [46 [600 601 602 603 604 605 606 607 608 609 610 611 612]] [47 [613 614 615 616 617 618 619 620 621 622 623 624 625]] [48 [626 627 628 629 630 631 632 633 634 635 636 637 638]] [49 [639 640 641 642 643 644 645 646 647 648 649 650 651]] [50 [652 653 654 655 656 657 658 659 660 661 662 663 664]] [51 [665 666 667 668 669 670 671 672 673 674 675 676 677]] [52 [678 679 680 681 682 683 684 685 686 687 688 689 690]] [53 [691 692 693 694 695 696 697 698 699 700 701 702 703]] [54 [704 705 706 707 708 709 710 711 712 713 714 715 716]] [55 [717 718 719 720 721 722 723 724 725 726 727 728 729]] [56 [730 731 732 733 734 735 736 737 738 739 740 741 742]] [57 [743 744 745 746 747 748 749 750 751 752 753 754 755]] [58 [756 757 758 759 760 761 762 763 764 765 766 767 768]] [59 [769 770 771 772 773 774 775 776 777 778 779 780 781]] [60 [782 783 784 785 786 787 788 789 790 791 792 793 794]] [61 [795 796 797 798 799 800 801 802 803 804 805 806 807]] [62 [808 809 810 811 812 813 814 815 816 817 818 819 820]] [63 [821 822 823 824 825 826 827 828 829 830 831 832 833]] [64 [834 835 836 837 838 839 840 841 842 843 844 845 846]] [65 [847 848 849 850 851 852 853 854 855 856 857 858 859]] [66 [860 861 862 863 864 865 866 867 868 869 870 871 872]] [67 [873 874 875 876 877 878 879 880 881 882 883 884 885]] [68 [886 887 888 889 890 891 892 893 894 895 896 897 898]] [69 [899 900 901 902 903 904 905 906 907 908 909 910 911]] [70 [912 913 914 915 916 917 918 919 920 921 922 923 924]] [71 [925 926 927 928 929 930 931 932 933 934 935 936 937]] [72 [938 939 940 941 942 943 944 945 946 947 948 949 950]] [73 [951 952 953 954 955 956 957 958 959 960 961 962 963]] [74 [964 965 966 967 968 969 970 971 972 973 974 975 976]] [75 [977 978 979 980 981 982 983 984 985 986 987 988 989]] [76 [990 991 992 993 994 995 996 997 998 999 1000 1001 1002]] [77 [1003 1004 1005 1006 1007 1008 1009 1010 1011 1012 1013 1014 1015]] [78 [1016 1017 1018 1019 1020 1021 1022 1023 1024 1025 1026 1027 1028]] [79 [1029 1030 1031 1032 1033 1034 1035 1036 1037 1038 1039 1040 1041]] [80 [1042 1043 1044 1045 1046 1047 1048 1049 1050 1051 1052 1053 1054]] [81 [1055 1056 1057 1058 1059 1060 1061 1062 1063 1064 1065 1066 1067]] [82 [1068 1069 1070 1071 1072 1073 1074 1075 1076 1077 1078 1079 1080]] [83 [1081 1082 1083 1084 1085 1086 1087 1088 1089 1090 1091 1092 1093]] [84 [1094 1095 1096 1097 1098 1099 1100 1101 1102 1103 1104 1105 1106]] [85 [1107 1108 1109 1110 1111 1112 1113 1114 1115 1116 1117 1118 1119]] [86 [1120 1121 1122 1123 1124 1125 1126 1127 1128 1129 1130 1131 1132]] [87 [1133 1134 1135 1136 1137 1138 1139 1140 1141 1142 1143 1144 1145]] [88 [1146 1147 1148 1149 1150 1151 1152 1153 1154 1155 1156 1157 1158]] [89 [1159 1160 1161 1162 1163 1164 1165 1166 1167 1168 1169 1170 1171]] [90 [1172 1173 1174 1175 1176 1177 1178 1179 1180 1181 1182 1183 1184]] [91 [1185 1186 1187 1188 1189 1190 1191 1192 1193 1194 1195 1196 1197]] [92 [1198 1199 1200 1201 1202 1203 1204 1205 1206 1207 1208 1209 1210]] [93 [1211 1212 1213 1214 1215 1216 1217 1218 1219 1220 1221 1222 1223]] [94 [1224 1225 1226 1227 1228 1229 1230 1231 1232 1233 1234 1235 1236]] [95 [1237 1238 1239 1240 1241 1242 1243 1244 1245 1246 1247 1248 1249]] [96 [1250 1251 1252 1253 1254 1255 1256 1257 1258 1259 1260 1261 1262]] [97 [1263 1264 1265 1266 1267 1268 1269 1270 1271 1272 1273 1274 1275]] [98 [1276 1277 1278 1279 1280 1281 1282 1283 1284 1285 1286 1287 1288]] [99 [1289 1290 1291 1292 1293 1294 1295 1296 1297 1298 1299 1300 1301]]]","[[0 [0 1 2 3 4 6 7 8 9 10 13]] [1 [15 16 17 18 19 20 21 22 23 24 25 26 27]] [2 [28 29 30 31 32 33 34 35 36 37 38 39 40]] [3 [41 42 43 44 45 46 47 48 49 50 51 52 53]] [4 [54 55 56 57 58 59 60 61 62 63 64 65 66]] [5 [67 68 69 70 71 72 73 74 75 76 77 78 79]] [6 [80 81 82 83 84 85 86 87 88 89 90 91 92]] [7 [93 94 95 96 97 98 99 100 101 102 103 104 105]] [8 [106 107 108 109 110 111 112 113 114 115 116 117 118]] [9 [119 120 121 122 123 124 125 126 127 128 129 130 131]] [10 [132 133 134 135 136 137 138 139 140 141 142 143 144]] [11 [145 146 147 148 149 150 151 152 153 154 155 156 157]] [12 [158 159 160 161 162 163 164 165 166 167 168 169 170]] [13 [171 172 173 174 175 176 177 178 179 180 181 182 183]] [14 [184 185 186 187 188 189 190 191 192 193 194 195 196]] [15 [197 198 199 200 201 202 203 204 205 206 207 208 209]] [16 [210 211 212 213 214 215 216 217 218 219 220 221 222]] [17 [223 224 225 226 227 228 229 230 231 232 233 234 235]] [18 [236 237 238 239 240 241 242 243 244 245 246 247 248]] [19 [249 250 251 252 253 254 255 256 257 258 259 260 261]] [20 [262 263 264 265 266 267 268 269 270 271 272 273 274]] [21 [275 276 277 278 279 280 281 282 283 284 285 286 287]] [22 [288 289 290 291 292 293 294 295 296 297 298 299 300]] [23 [301 302 303 304 305 306 307 308 309 310 311 312 313]] [24 [314 315 316 317 318 319 320 321 322 323 324 325 326]] [25 [327 328 329 330 331 332 333 334 335 336 337 338 339]] [26 [340 341 342 343 344 345 346 347 348 349 350 351 352]] [27 [353 354 355 356 357 358 359 360 361 362 363 364 365]] [28 [366 367 368 369 370 371 372 373 374 375 376 377 378]] [29 [379 380 381 382 383 384 385 386 387 388 389 390 391]] [30 [392 393 394 395 396 397 398 399 400 401 402 403 404]] [31 [405 406 407 408 409 410 411 412 413 414 415 416 417]] [32 [418 419 420 421 422 423 424 425 426 427 428 429 430]] [33 [431 432 433 434 435 436 437 438 439 440 441 442 443]] [34 [444 445 446 447 448 449 450 451 452 453 454 455 456]] [35 [457 458 459 460 461 462 463 464 465 466 467 468 469]] [36 [470 471 472 473 474 475 476 477 478 479 480 481 482]] [37 [483 484 485 486 487 488 489 490 491 492 493 494 495]] [38 [496 497 498 499 500 501 502 503 504 505 506 507 508]] [39 [509 510 511 512 513 514 515 516 517 518 519 520 521]] [40 [522 523 524 525 526 527 528 529 530 531 532 533 534]] [41 [535 536 537 538 539 540 541 542 543 544 545 546 547]] [42 [548 549 550 551 552 553 554 555 556 557 558 559 560]] [43 [561 562 563 564 565 566 567 568 569 570 571 572 573]] [44 [574 575 576 577 578 579 580 581 582 583 584 585 586]] [45 [587 588 589 590 591 592 593 594 595 596 597 598 599]] [46 [600 601 602 603 604 605 606 607 608 609 610 611 612]] [47 [613 614 615 616 617 618 619 620 621 622 623 624 625]] [48 [626 627 628 629 630 631 632 633 634 635 636 637 638]] [49 [639 640 641 642 643 644 645 646 647 648 649 650 651]] [50 [652 653 654 655 656 657 658 659 660 661 662 663 664]] [51 [665 666 667 668 669 670 671 672 673 674 675 676 677]] [52 [678 679 680 681 682 683 684 685 686 687 688 689 690]] [53 [691 692 693 694 695 696 697 698 699 700 701 702 703]] [54 [704 705 706 707 708 709 710 711 712 713 714 715 716]] [55 [717 718 719 720 721 722 723 724 725 726 727 728 729]] [56 [730 731 732 733 734 735 736 737 738 739 740 741 742]] [57 [743 744 745 746 747 748 749 750 751 752 753 754 755]] [58 [756 757 758 759 760 761 762 763 764 765 766 767 768]] [59 [769 770 771 772 773 774 775 776 777 778 779 780 781]] [60 [782 783 784 785 786 787 788 789 790 791 792 793 794]] [61 [795 796 797 798 799 800 801 802 803 804 805 806 807]] [62 [808 809 810 811 812 813 814 815 816 817 818 819 820]] [63 [821 822 823 824 825 826 827 828 829 830 831 832 833]] [64 [834 835 836 837 838 839 840 841 842 843 844 845 846]] [65 [847 848 849 850 851 852 853 854 855 856 857 858 859]] [66 [860 861 862 863 864 865 866 867 868 869 870 871 872]] [67 [873 874 875 876 877 878 879 880 881 882 883 884 885]] [68 [886 887 888 889 890 891 892 893 894 895 896 897 898]] [69 [899 900 901 902 903 904 905 906 907 908 909 910 911]] [70 [912 913 914 915 916 917 918 919 920 921 922 923 924]] [71 [925 926 927 928 929 930 931 932 933 934 935 936 937]] [72 [938 939 940 941 942 943 944 945 946 947 948 949 950]] [73 [951 952 953 954 955 956 957 958 959 960 961 962 963]] [74 [964 965 966 967 968 969 970 971 972 973 974 975 976]] [75 [977 978 979 980 981 982 983 984 985 986 987 988 989]] [76 [990 991 992 993 994 995 996 997 998 999 1000 1001 1002]] [77 [1003 1004 1005 1006 1007 1008 1009 1010 1011 1012 1013 1014 1015]] [78 [1016 1017 1018 1019 1020 1021 1022 1023 1024 1025 1026 1027 1028]] [79 [1029 1030 1031 1032 1033 1034 1035 1036 1037 1038 1039 1040 1041]] [80 [1042 1043 1044 1045 1046 1047 1048 1049 1050 1051 1052 1053 1054]] [81 [1055 1056 1057 1058 1059 1060 1061 1062 1063 1064 1065 1066 1067]] [82 [1068 1069 1070 1071 1072 1073 1074 1075 1076 1077 1078 1079 1080]] [83 [1081 1082 1083 1084 1085 1086 1087 1088 1089 1090 1091 1092 1093]] [84 [1094 1095 1096 1097 1098 1099 1100 1101 1102 1103 1104 1105 1106]] [85 [1107 1108 1109 1110 1111 1112 1113 1114 1115 1116 1117 1118 1119]] [86 [1120 1121 1122 1123 1124 1125 1126 1127 1128 1129 1130 1131 1132]] [87 [1133 1134 1135 1136 1137 1138 1139 1140 1141 1142 1143 1144 1145]] [88 [1146 1147 1148 1149 1150 1151 1152 1153 1154 1155 1156 1157 1158]] [89 [1159 1160 1161 1162 1163 1164 1165 1166 1167 1168 1169 1170 1171]] [90 [1172 1173 1174 1175 1176 1177 1178 1179 1180 1181 1182 1183 1184]] [91 [1185 1186 1187 1188 1189 1190 1191 1192 1193 1194 1195 1196 1197]] [92 [1198 1199 1200 1201 1202 1203 1204 1205 1206 1207 1208 1209 1210]] [93 [1211 1212 1213 1214 1215 1216 1217 1218 1219 1220 1221 1222 1223]] [94 [1224 1225 1226 1227 1228 1229 1230 1231 1232 1233 1234 1235 1236]] [95 [1237 1238 1239 1240 1241 1242 1243 1244 1245 1246 1247 1248 1249]] [96 [1250 1251 1252 1253 1254 1255 1256 1257 1258 1259 1260 1261 1262]] [97 [1263 1264 1265 1266 1267 1268 1269 1270 1271 1272 1273 1274 1275]] [98 [1276 1277 1278 1279 1280 1281 1282 1283 1284 1285 1286 1287 1288]] [99 [1289 1290 1291 1292 1293 1294 1295 1296 1297 1298 1299 1300 1301]]]",,"[[{citizen 21} [[""A"" [3 3]]]] [{citizen 32} [[""A"" [3 3]]]] [{media 50} [[""A"" [3 3]]]] [{media 52} [[""A"" [3 3]]]] [{media 55} [[""A"" [3 3]]]] [{media 56} [[""A"" [3 3]]]] [{media 57} [[""A"" [3 3]]]] [{media 59} [[""A"" [3 3]]]] [{media 63} [[""A"" [3 3]]]] [{media 54} [[""A"" [3 3]]]] [{citizen 5} [[""A"" [3 3]]]] [{citizen 7} [[""A"" [3 3]]]] [{media 64} [[""A"" [3 3]]]] [{citizen 4} [[""A"" [3 3]]]] [{citizen 0} [[""A"" [3 3]]]] [{citizen 1} [[""A"" [3 3]]]] [{media 62} [[""A"" [3 3]]]] [{media 53} [[""A"" [3 3]]]] [{citizen 2} [[""A"" [3 3]]]] [{citizen 3} [[""A"" [3 3]]]] [{media 61} [[""A"" [3 3]]]] [{citizen 9} [[""A"" [3 3]]]] [{citizen 12} [[""A"" [3 3]]]] [{citizen 43} [[""A"" [3 3]]]] [{citizen 45} [[""A"" [3 3]]]] [{citizen 20} [[""A"" [3 3]]]] [{citizen 17} [[""A"" [3 3]]]] [{citizen 36} [[""A"" [3 3]]]] [{citizen 37} [[""A"" [3 3]]]] [{citizen 10} [[""A"" [3 3]]]] [{citizen 31} [[""A"" [3 3]]]] [{citizen 14} [[""A"" [3 3]]]] [{citizen 42} [[""A"" [3 3]]]] [{citizen 27} [[""A"" [3 3]]]] [{citizen 33} [[""A"" [3 3]]]] [{citizen 40} [[""A"" [3 3]]]] [{citizen 19} [[""A"" [3 3]]]] [{citizen 34} [[""A"" [3 3]]]] [{citizen 16} [[""A"" [3 3]]]] [{citizen 38} [[""A"" [3 3]]]] [{citizen 24} [[""A"" [3 3]]]] [{citizen 41} [[""A"" [3 3]]]] [{citizen 8} [[""A"" [3 3]]]] [{citizen 29} [[""A"" [3 3]]]] [{citizen 48} [[""A"" [3 3]]]] [{citizen 23} [[""A"" [3 3]]]] [{citizen 18} [[""A"" [3 3]]]] [{citizen 47} [[""A"" [3 3]]]] [{citizen 11} [[""A"" [3 3]]]] [{citizen 35} [[""A"" [3 3]]]] [{media 51} [[""A"" [3 3]]]] [{citizen 49} [[""A"" [3 3]]]] [{citizen 22} [[""A"" [3 3]]]] [{citizen 44} [[""A"" [3 3]]]] [{citizen 25} [[""A"" [3 3]]]] [{citizen 46} [[""A"" [3 3]]]] [{citizen 30} [[""A"" [3 3]]]] [{citizen 13} [[""A"" [3 3]]]] [{citizen 39} [[""A"" [3 3]]]] [{citizen 6} [[""A"" [3 3]]]] [{citizen 26} [[""A"" [3 3]]]] [{citizen 28} [[""A"" [3 3]]]]]"
"16","[128 0 127]","34.434782608695656","5.310301693562555","8.199656301773487","""circle""","""""","9.9","{breed citizens}","false","0.5","1","""up""",,"[[""ID"" 8] [""alpha"" 1] [""beta"" 1] [""malleable"" [""A""]] [""prior"" []] [""cont_tokens"" []] [""A"" 3]]","[[0 [0 1 2 3 4 6 7 8 9 10 13]] [1 [15 16 17 18 19 20 21 22 23 24 25 26 27]] [2 [28 29 30 31 32 33 34 35 36 37 38 39 40]] [3 [41 42 43 44 45 46 47 48 49 50 51 52 53]] [4 [54 55 56 57 58 59 60 61 62 63 64 65 66]] [5 [67 68 69 70 71 72 73 74 75 76 77 78 79]] [6 [80 81 82 83 84 85 86 87 88 89 90 91 92]] [7 [93 94 95 96 97 98 99 100 101 102 103 104 105]] [8 [106 107 108 109 110 111 112 113 114 115 116 117 118]] [9 [119 120 121 122 123 124 125 126 127 128 129 130 131]] [10 [132 133 134 135 136 137 138 139 140 141 142 143 144]] [11 [145 146 147 148 149 150 151 152 153 154 155 156 157]] [12 [158 159 160 161 162 163 164 165 166 167 168 169 170]] [13 [171 172 173 174 175 176 177 178 179 180 181 182 183]] [14 [184 185 186 187 188 189 190 191 192 193 194 195 196]] [15 [197 198 199 200 201 202 203 204 205 206 207 208 209]] [16 [210 211 212 213 214 215 216 217 218 219 220 221 222]] [17 [223 224 225 226 227 228 229 230 231 232 233 234 235]] [18 [236 237 238 239 240 241 242 243 244 245 246 247 248]] [19 [249 250 251 252 253 254 255 256 257 258 259 260 261]] [20 [262 263 264 265 266 267 268 269 270 271 272 273 274]] [21 [275 276 277 278 279 280 281 282 283 284 285 286 287]] [22 [288 289 290 291 292 293 294 295 296 297 298 299 300]] [23 [301 302 303 304 305 306 307 308 309 310 311 312 313]] [24 [314 315 316 317 318 319 320 321 322 323 324 325 326]] [25 [327 328 329 330 331 332 333 334 335 336 337 338 339]] [26 [340 341 342 343 344 345 346 347 348 349 350 351 352]] [27 [353 354 355 356 357 358 359 360 361 362 363 364 365]] [28 [366 367 368 369 370 371 372 373 374 375 376 377 378]] [29 [379 380 381 382 383 384 385 386 387 388 389 390 391]] [30 [392 393 394 395 396 397 398 399 400 401 402 403 404]] [31 [405 406 407 408 409 410 411 412 413 414 415 416 417]] [32 [418 419 420 421 422 423 424 425 426 427 428 429 430]] [33 [431 432 433 434 435 436 437 438 439 440 441 442 443]] [34 [444 445 446 447 448 449 450 451 452 453 454 455 456]] [35 [457 458 459 460 461 462 463 464 465 466 467 468 469]] [36 [470 471 472 473 474 475 476 477 478 479 480 481 482]] [37 [483 484 485 486 487 488 489 490 491 492 493 494 495]] [38 [496 497 498 499 500 501 502 503 504 505 506 507 508]] [39 [509 510 511 512 513 514 515 516 517 518 519 520 521]] [40 [522 523 524 525 526 527 528 529 530 531 532 533 534]] [41 [535 536 537 538 539 540 541 542 543 544 545 546 547]] [42 [548 549 550 551 552 553 554 555 556 557 558 559 560]] [43 [561 562 563 564 565 566 567 568 569 570 571 572 573]] [44 [574 575 576 577 578 579 580 581 582 583 584 585 586]] [45 [587 588 589 590 591 592 593 594 595 596 597 598 599]] [46 [600 601 602 603 604 605 606 607 608 609 610 611 612]] [47 [613 614 615 616 617 618 619 620 621 622 623 624 625]] [48 [626 627 628 629 630 631 632 633 634 635 636 637 638]] [49 [639 640 641 642 643 644 645 646 647 648 649 650 651]] [50 [652 653 654 655 656 657 658 659 660 661 662 663 664]] [51 [665 666 667 668 669 670 671 672 673 674 675 676 677]] [52 [678 679 680 681 682 683 684 685 686 687 688 689 690]] [53 [691 692 693 694 695 696 697 698 699 700 701 702 703]] [54 [704 705 706 707 708 709 710 711 712 713 714 715 716]] [55 [717 718 719 720 721 722 723 724 725 726 727 728 729]] [56 [730 731 732 733 734 735 736 737 738 739 740 741 742]] [57 [743 744 745 746 747 748 749 750 751 752 753 754 755]] [58 [756 757 758 759 760 761 762 763 764 765 766 767 768]] [59 [769 770 771 772 773 774 775 776 777 778 779 780 781]] [60 [782 783 784 785 786 787 788 789 790 791 792 793 794]] [61 [795 796 797 798 799 800 801 802 803 804 805 806 807]] [62 [808 809 810 811 812 813 814 815 816 817 818 819 820]] [63 [821 822 823 824 825 826 827 828 829 830 831 832 833]] [64 [834 835 836 837 838 839 840 841 842 843 844 845 846]] [65 [847 848 849 850 851 852 853 854 855 856 857 858 859]] [66 [860 861 862 863 864 865 866 867 868 869 870 871 872]] [67 [873 874 875 876 877 878 879 880 881 882 883 884 885]] [68 [886 887 888 889 890 891 892 893 894 895 896 897 898]] [69 [899 900 901 902 903 904 905 906 907 908 909 910 911]] [70 [912 913 914 915 916 917 918 919 920 921 922 923 924]] [71 [925 926 927 928 929 930 931 932 933 934 935 936 937]] [72 [938 939 940 941 942 943 944 945 946 947 948 949 950]] [73 [951 952 953 954 955 956 957 958 959 960 961 962 963]] [74 [964 965 966 967 968 969 970 971 972 973 974 975 976]] [75 [977 978 979 980 981 982 983 984 985 986 987 988 989]] [76 [990 991 992 993 994 995 996 997 998 999 1000 1001 1002]] [77 [1003 1004 1005 1006 1007 1008 1009 1010 1011 1012 1013 1014 1015]] [78 [1016 1017 1018 1019 1020 1021 1022 1023 1024 1025 1026 1027 1028]] [79 [1029 1030 1031 1032 1033 1034 1035 1036 1037 1038 1039 1040 1041]] [80 [1042 1043 1044 1045 1046 1047 1048 1049 1050 1051 1052 1053 1054]] [81 [1055 1056 1057 1058 1059 1060 1061 1062 1063 1064 1065 1066 1067]] [82 [1068 1069 1070 1071 1072 1073 1074 1075 1076 1077 1078 1079 1080]] [83 [1081 1082 1083 1084 1085 1086 1087 1088 1089 1090 1091 1092 1093]] [84 [1094 1095 1096 1097 1098 1099 1100 1101 1102 1103 1104 1105 1106]] [85 [1107 1108 1109 1110 1111 1112 1113 1114 1115 1116 1117 1118 1119]] [86 [1120 1121 1122 1123 1124 1125 1126 1127 1128 1129 1130 1131 1132]] [87 [1133 1134 1135 1136 1137 1138 1139 1140 1141 1142 1143 1144 1145]] [88 [1146 1147 1148 1149 1150 1151 1152 1153 1154 1155 1156 1157 1158]] [89 [1159 1160 1161 1162 1163 1164 1165 1166 1167 1168 1169 1170 1171]] [90 [1172 1173 1174 1175 1176 1177 1178 1179 1180 1181 1182 1183 1184]] [91 [1185 1186 1187 1188 1189 1190 1191 1192 1193 1194 1195 1196 1197]] [92 [1198 1199 1200 1201 1202 1203 1204 1205 1206 1207 1208 1209 1210]] [93 [1211 1212 1213 1214 1215 1216 1217 1218 1219 1220 1221 1222 1223]] [94 [1224 1225 1226 1227 1228 1229 1230 1231 1232 1233 1234 1235 1236]] [95 [1237 1238 1239 1240 1241 1242 1243 1244 1245 1246 1247 1248 1249]] [96 [1250 1251 1252 1253 1254 1255 1256 1257 1258 1259 1260 1261 1262]] [97 [1263 1264 1265 1266 1267 1268 1269 1270 1271 1272 1273 1274 1275]] [98 [1276 1277 1278 1279 1280 1281 1282 1283 1284 1285 1286 1287 1288]] [99 [1289 1290 1291 1292 1293 1294 1295 1296 1297 1298 1299 1300 1301]]]","[[0 [0 1 2 3 4 6 7 8 9 10 13]] [1 [15 16 17 18 19 20 21 22 23 24 25 26 27]] [2 [28 29 30 31 32 33 34 35 36 37 38 39 40]] [3 [41 42 43 44 45 46 47 48 49 50 51 52 53]] [4 [54 55 56 57 58 59 60 61 62 63 64 65 66]] [5 [67 68 69 70 71 72 73 74 75 76 77 78 79]] [6 [80 81 82 83 84 85 86 87 88 89 90 91 92]] [7 [93 94 95 96 97 98 99 100 101 102 103 104 105]] [8 [106 107 108 109 110 111 112 113 114 115 116 117 118]] [9 [119 120 121 122 123 124 125 126 127 128 129 130 131]] [10 [132 133 134 135 136 137 138 139 140 141 142 143 144]] [11 [145 146 147 148 149 150 151 152 153 154 155 156 157]] [12 [158 159 160 161 162 163 164 165 166 167 168 169 170]] [13 [171 172 173 174 175 176 177 178 179 180 181 182 183]] [14 [184 185 186 187 188 189 190 191 192 193 194 195 196]] [15 [197 198 199 200 201 202 203 204 205 206 207 208 209]] [16 [210 211 212 213 214 215 216 217 218 219 220 221 222]] [17 [223 224 225 226 227 228 229 230 231 232 233 234 235]] [18 [236 237 238 239 240 241 242 243 244 245 246 247 248]] [19 [249 250 251 252 253 254 255 256 257 258 259 260 261]] [20 [262 263 264 265 266 267 268 269 270 271 272 273 274]] [21 [275 276 277 278 279 280 281 282 283 284 285 286 287]] [22 [288 289 290 291 292 293 294 295 296 297 298 299 300]] [23 [301 302 303 304 305 306 307 308 309 310 311 312 313]] [24 [314 315 316 317 318 319 320 321 322 323 324 325 326]] [25 [327 328 329 330 331 332 333 334 335 336 337 338 339]] [26 [340 341 342 343 344 345 346 347 348 349 350 351 352]] [27 [353 354 355 356 357 358 359 360 361 362 363 364 365]] [28 [366 367 368 369 370 371 372 373 374 375 376 377 378]] [29 [379 380 381 382 383 384 385 386 387 388 389 390 391]] [30 [392 393 394 395 396 397 398 399 400 401 402 403 404]] [31 [405 406 407 408 409 410 411 412 413 414 415 416 417]] [32 [418 419 420 421 422 423 424 425 426 427 428 429 430]] [33 [431 432 433 434 435 436 437 438 439 440 441 442 443]] [34 [444 445 446 447 448 449 450 451 452 453 454 455 456]] [35 [457 458 459 460 461 462 463 464 465 466 467 468 469]] [36 [470 471 472 473 474 475 476 477 478 479 480 481 482]] [37 [483 484 485 486 487 488 489 490 491 492 493 494 495]] [38 [496 497 498 499 500 501 502 503 504 505 506 507 508]] [39 [509 510 511 512 513 514 515 516 517 518 519 520 521]] [40 [522 523 524 525 526 527 528 529 530 531 532 533 534]] [41 [535 536 537 538 539 540 541 542 543 544 545 546 547]] [42 [548 549 550 551 552 553 554 555 556 557 558 559 560]] [43 [561 562 563 564 565 566 567 568 569 570 571 572 573]] [44 [574 575 576 577 578 579 580 581 582 583 584 585 586]] [45 [587 588 589 590 591 592 593 594 595 596 597 598 599]] [46 [600 601 602 603 604 605 606 607 608 609 610 611 612]] [47 [613 614 615 616 617 618 619 620 621 622 623 624 625]] [48 [626 627 628 629 630 631 632 633 634 635 636 637 638]] [49 [639 640 641 642 643 644 645 646 647 648 649 650 651]] [50 [652 653 654 655 656 657 658 659 660 661 662 663 664]] [51 [665 666 667 668 669 670 671 672 673 674 675 676 677]] [52 [678 679 680 681 682 683 684 685 686 687 688 689 690]] [53 [691 692 693 694 695 696 697 698 699 700 701 702 703]] [54 [704 705 706 707 708 709 710 711 712 713 714 715 716]] [55 [717 718 719 720 721 722 723 724 725 726 727 728 729]] [56 [730 731 732 733 734 735 736 737 738 739 740 741 742]] [57 [743 744 745 746 747 748 749 750 751 752 753 754 755]] [58 [756 757 758 759 760 761 762 763 764 765 766 767 768]] [59 [769 770 771 772 773 774 775 776 777 778 779 780 781]] [60 [782 783 784 785 786 787 788 789 790 791 792 793 794]] [61 [795 796 797 798 799 800 801 802 803 804 805 806 807]] [62 [808 809 810 811 812 813 814 815 816 817 818 819 820]] [63 [821 822 823 824 825 826 827 828 829 830 831 832 833]] [64 [834 835 836 837 838 839 840 841 842 843 844 845 846]] [65 [847 848 849 850 851 852 853 854 855 856 857 858 859]] [66 [860 861 862 863 864 865 866 867 868 869 870 871 872]] [67 [873 874 875 876 877 878 879 880 881 882 883 884 885]] [68 [886 887 888 889 890 891 892 893 894 895 896 897 898]] [69 [899 900 901 902 903 904 905 906 907 908 909 910 911]] [70 [912 913 914 915 916 917 918 919 920 921 922 923 924]] [71 [925 926 927 928 929 930 931 932 933 934 935 936 937]] [72 [938 939 940 941 942 943 944 945 946 947 948 949 950]] [73 [951 952 953 954 955 956 957 958 959 960 961 962 963]] [74 [964 965 966 967 968 969 970 971 972 973 974 975 976]] [75 [977 978 979 980 981 982 983 984 985 986 987 988 989]] [76 [990 991 992 993 994 995 996 997 998 999 1000 1001 1002]] [77 [1003 1004 1005 1006 1007 1008 1009 1010 1011 1012 1013 1014 1015]] [78 [1016 1017 1018 1019 1020 1021 1022 1023 1024 1025 1026 1027 1028]] [79 [1029 1030 1031 1032 1033 1034 1035 1036 1037 1038 1039 1040 1041]] [80 [1042 1043 1044 1045 1046 1047 1048 1049 1050 1051 1052 1053 1054]] [81 [1055 1056 1057 1058 1059 1060 1061 1062 1063 1064 1065 1066 1067]] [82 [1068 1069 1070 1071 1072 1073 1074 1075 1076 1077 1078 1079 1080]] [83 [1081 1082 1083 1084 1085 1086 1087 1088 1089 1090 1091 1092 1093]] [84 [1094 1095 1096 1097 1098 1099 1100 1101 1102 1103 1104 1105 1106]] [85 [1107 1108 1109 1110 1111 1112 1113 1114 1115 1116 1117 1118 1119]] [86 [1120 1121 1122 1123 1124 1125 1126 1127 1128 1129 1130 1131 1132]] [87 [1133 1134 1135 1136 1137 1138 1139 1140 1141 1142 1143 1144 1145]] [88 [1146 1147 1148 1149 1150 1151 1152 1153 1154 1155 1156 1157 1158]] [89 [1159 1160 1161 1162 1163 1164 1165 1166 1167 1168 1169 1170 1171]] [90 [1172 1173 1174 1175 1176 1177 1178 1179 1180 1181 1182 1183 1184]] [91 [1185 1186 1187 1188 1189 1190 1191 1192 1193 1194 1195 1196 1197]] [92 [1198 1199 1200 1201 1202 1203 1204 1205 1206 1207 1208 1209 1210]] [93 [1211 1212 1213 1214 1215 1216 1217 1218 1219 1220 1221 1222 1223]] [94 [1224 1225 1226 1227 1228 1229 1230 1231 1232 1233 1234 1235 1236]] [95 [1237 1238 1239 1240 1241 1242 1243 1244 1245 1246 1247 1248 1249]] [96 [1250 1251 1252 1253 1254 1255 1256 1257 1258 1259 1260 1261 1262]] [97 [1263 1264 1265 1266 1267 1268 1269 1270 1271 1272 1273 1274 1275]] [98 [1276 1277 1278 1279 1280 1281 1282 1283 1284 1285 1286 1287 1288]] [99 [1289 1290 1291 1292 1293 1294 1295 1296 1297 1298 1299 1300 1301]]]",,"[[{citizen 18} [[""A"" [3 3]]]] [{citizen 27} [[""A"" [3 3]]]] [{citizen 28} [[""A"" [3 3]]]] [{citizen 38} [[""A"" [3 3]]]] [{citizen 46} [[""A"" [3 3]]]] [{citizen 49} [[""A"" [3 3]]]] [{media 56} [[""A"" [3 3]]]] [{media 57} [[""A"" [3 3]]]] [{media 59} [[""A"" [3 3]]]] [{media 63} [[""A"" [3 3]]]] [{media 64} [[""A"" [3 3]]]] [{citizen 3} [[""A"" [3 3]]]] [{citizen 4} [[""A"" [3 3]]]] [{citizen 5} [[""A"" [3 3]]]] [{citizen 12} [[""A"" [3 3]]]] [{media 54} [[""A"" [3 3]]]] [{citizen 0} [[""A"" [3 3]]]] [{media 50} [[""A"" [3 3]]]] [{media 55} [[""A"" [3 3]]]] [{citizen 1} [[""A"" [3 3]]]] [{media 62} [[""A"" [3 3]]]] [{media 53} [[""A"" [3 3]]]] [{citizen 2} [[""A"" [3 3]]]] [{media 52} [[""A"" [3 3]]]] [{media 61} [[""A"" [3 3]]]] [{citizen 9} [[""A"" [3 3]]]] [{citizen 43} [[""A"" [3 3]]]] [{citizen 45} [[""A"" [3 3]]]] [{citizen 20} [[""A"" [3 3]]]] [{citizen 17} [[""A"" [3 3]]]] [{citizen 36} [[""A"" [3 3]]]] [{citizen 37} [[""A"" [3 3]]]] [{citizen 10} [[""A"" [3 3]]]] [{citizen 31} [[""A"" [3 3]]]] [{citizen 14} [[""A"" [3 3]]]] [{citizen 42} [[""A"" [3 3]]]] [{citizen 33} [[""A"" [3 3]]]] [{citizen 40} [[""A"" [3 3]]]] [{citizen 7} [[""A"" [3 3]]]] [{citizen 19} [[""A"" [3 3]]]] [{citizen 34} [[""A"" [3 3]]]] [{citizen 15} [[""A"" [3 3]]]] [{citizen 23} [[""A"" [3 3]]]] [{citizen 8} [[""A"" [3 3]]]] [{citizen 21} [[""A"" [3 3]]]] [{citizen 41} [[""A"" [3 3]]]] [{citizen 29} [[""A"" [3 3]]]] [{citizen 48} [[""A"" [3 3]]]] [{citizen 11} [[""A"" [3 3]]]] [{media 51} [[""A"" [3 3]]]] [{citizen 35} [[""A"" [3 3]]]] [{citizen 44} [[""A"" [3 3]]]] [{citizen 25} [[""A"" [3 3]]]] [{citizen 13} [[""A"" [3 3]]]] [{citizen 24} [[""A"" [3 3]]]] [{citizen 47} [[""A"" [3 3]]]] [{citizen 32} [[""A"" [3 3]]]] [{citizen 39} [[""A"" [3 3]]]] [{citizen 30} [[""A"" [3 3]]]] [{citizen 6} [[""A"" [3 3]]]] [{citizen 26} [[""A"" [3 3]]]] [{citizen 22} [[""A"" [3 3]]]]]"
"17","[128 0 127]","68.47826086956522","9.134301758949018","2.965069269888767","""circle""","""""","9.9","{breed citizens}","false","0.5","1","""up""",,"[[""ID"" 18] [""alpha"" 1] [""beta"" 1] [""malleable"" [""A""]] [""prior"" []] [""cont_tokens"" []] [""A"" 3]]","[[0 [0 1 2 3 4 6 7 8 9 10 13]] [1 [15 16 17 18 19 20 21 22 23 24 25 26 27]] [2 [28 29 30 31 32 33 34 35 36 37 38 39 40]] [3 [41 42 43 44 45 46 47 48 49 50 51 52 53]] [4 [54 55 56 57 58 59 60 61 62 63 64 65 66]] [5 [67 68 69 70 71 72 73 74 75 76 77 78 79]] [6 [80 81 82 83 84 85 86 87 88 89 90 91 92]] [7 [93 94 95 96 97 98 99 100 101 102 103 104 105]] [8 [106 107 108 109 110 111 112 113 114 115 116 117 118]] [9 [119 120 121 122 123 124 125 126 127 128 129 130 131]] [10 [132 133 134 135 136 137 138 139 140 141 142 143 144]] [11 [145 146 147 148 149 150 151 152 153 154 155 156 157]] [12 [158 159 160 161 162 163 164 165 166 167 168 169 170]] [13 [171 172 173 174 175 176 177 178 179 180 181 182 183]] [14 [184 185 186 187 188 189 190 191 192 193 194 195 196]] [15 [197 198 199 200 201 202 203 204 205 206 207 208 209]] [16 [210 211 212 213 214 215 216 217 218 219 220 221 222]] [17 [223 224 225 226 227 228 229 230 231 232 233 234 235]] [18 [236 237 238 239 240 241 242 243 244 245 246 247 248]] [19 [249 250 251 252 253 254 255 256 257 258 259 260 261]] [20 [262 263 264 265 266 267 268 269 270 271 272 273 274]] [21 [275 276 277 278 279 280 281 282 283 284 285 286 287]] [22 [288 289 290 291 292 293 294 295 296 297 298 299 300]] [23 [301 302 303 304 305 306 307 308 309 310 311 312 313]] [24 [314 315 316 317 318 319 320 321 322 323 324 325 326]] [25 [327 328 329 330 331 332 333 334 335 336 337 338 339]] [26 [340 341 342 343 344 345 346 347 348 349 350 351 352]] [27 [353 354 355 356 357 358 359 360 361 362 363 364 365]] [28 [366 367 368 369 370 371 372 373 374 375 376 377 378]] [29 [379 380 381 382 383 384 385 386 387 388 389 390 391]] [30 [392 393 394 395 396 397 398 399 400 401 402 403 404]] [31 [405 406 407 408 409 410 411 412 413 414 415 416 417]] [32 [418 419 420 421 422 423 424 425 426 427 428 429 430]] [33 [431 432 433 434 435 436 437 438 439 440 441 442 443]] [34 [444 445 446 447 448 449 450 451 452 453 454 455 456]] [35 [457 458 459 460 461 462 463 464 465 466 467 468 469]] [36 [470 471 472 473 474 475 476 477 478 479 480 481 482]] [37 [483 484 485 486 487 488 489 490 491 492 493 494 495]] [38 [496 497 498 499 500 501 502 503 504 505 506 507 508]] [39 [509 510 511 512 513 514 515 516 517 518 519 520 521]] [40 [522 523 524 525 526 527 528 529 530 531 532 533 534]] [41 [535 536 537 538 539 540 541 542 543 544 545 546 547]] [42 [548 549 550 551 552 553 554 555 556 557 558 559 560]] [43 [561 562 563 564 565 566 567 568 569 570 571 572 573]] [44 [574 575 576 577 578 579 580 581 582 583 584 585 586]] [45 [587 588 589 590 591 592 593 594 595 596 597 598 599]] [46 [600 601 602 603 604 605 606 607 608 609 610 611 612]] [47 [613 614 615 616 617 618 619 620 621 622 623 624 625]] [48 [626 627 628 629 630 631 632 633 634 635 636 637 638]] [49 [639 640 641 642 643 644 645 646 647 648 649 650 651]] [50 [652 653 654 655 656 657 658 659 660 661 662 663 664]] [51 [665 666 667 668 669 670 671 672 673 674 675 676 677]] [52 [678 679 680 681 682 683 684 685 686 687 688 689 690]] [53 [691 692 693 694 695 696 697 698 699 700 701 702 703]] [54 [704 705 706 707 708 709 710 711 712 713 714 715 716]] [55 [717 718 719 720 721 722 723 724 725 726 727 728 729]] [56 [730 731 732 733 734 735 736 737 738 739 740 741 742]] [57 [743 744 745 746 747 748 749 750 751 752 753 754 755]] [58 [756 757 758 759 760 761 762 763 764 765 766 767 768]] [59 [769 770 771 772 773 774 775 776 777 778 779 780 781]] [60 [782 783 784 785 786 787 788 789 790 791 792 793 794]] [61 [795 796 797 798 799 800 801 802 803 804 805 806 807]] [62 [808 809 810 811 812 813 814 815 816 817 818 819 820]] [63 [821 822 823 824 825 826 827 828 829 830 831 832 833]] [64 [834 835 836 837 838 839 840 841 842 843 844 845 846]] [65 [847 848 849 850 851 852 853 854 855 856 857 858 859]] [66 [860 861 862 863 864 865 866 867 868 869 870 871 872]] [67 [873 874 875 876 877 878 879 880 881 882 883 884 885]] [68 [886 887 888 889 890 891 892 893 894 895 896 897 898]] [69 [899 900 901 902 903 904 905 906 907 908 909 910 911]] [70 [912 913 914 915 916 917 918 919 920 921 922 923 924]] [71 [925 926 927 928 929 930 931 932 933 934 935 936 937]] [72 [938 939 940 941 942 943 944 945 946 947 948 949 950]] [73 [951 952 953 954 955 956 957 958 959 960 961 962 963]] [74 [964 965 966 967 968 969 970 971 972 973 974 975 976]] [75 [977 978 979 980 981 982 983 984 985 986 987 988 989]] [76 [990 991 992 993 994 995 996 997 998 999 1000 1001 1002]] [77 [1003 1004 1005 1006 1007 1008 1009 1010 1011 1012 1013 1014 1015]] [78 [1016 1017 1018 1019 1020 1021 1022 1023 1024 1025 1026 1027 1028]] [79 [1029 1030 1031 1032 1033 1034 1035 1036 1037 1038 1039 1040 1041]] [80 [1042 1043 1044 1045 1046 1047 1048 1049 1050 1051 1052 1053 1054]] [81 [1055 1056 1057 1058 1059 1060 1061 1062 1063 1064 1065 1066 1067]] [82 [1068 1069 1070 1071 1072 1073 1074 1075 1076 1077 1078 1079 1080]] [83 [1081 1082 1083 1084 1085 1086 1087 1088 1089 1090 1091 1092 1093]] [84 [1094 1095 1096 1097 1098 1099 1100 1101 1102 1103 1104 1105 1106]] [85 [1107 1108 1109 1110 1111 1112 1113 1114 1115 1116 1117 1118 1119]] [86 [1120 1121 1122 1123 1124 1125 1126 1127 1128 1129 1130 1131 1132]] [87 [1133 1134 1135 1136 1137 1138 1139 1140 1141 1142 1143 1144 1145]] [88 [1146 1147 1148 1149 1150 1151 1152 1153 1154 1155 1156 1157 1158]] [89 [1159 1160 1161 1162 1163 1164 1165 1166 1167 1168 1169 1170 1171]] [90 [1172 1173 1174 1175 1176 1177 1178 1179 1180 1181 1182 1183 1184]] [91 [1185 1186 1187 1188 1189 1190 1191 1192 1193 1194 1195 1196 1197]] [92 [1198 1199 1200 1201 1202 1203 1204 1205 1206 1207 1208 1209 1210]] [93 [1211 1212 1213 1214 1215 1216 1217 1218 1219 1220 1221 1222 1223]] [94 [1224 1225 1226 1227 1228 1229 1230 1231 1232 1233 1234 1235 1236]] [95 [1237 1238 1239 1240 1241 1242 1243 1244 1245 1246 1247 1248 1249]] [96 [1250 1251 1252 1253 1254 1255 1256 1257 1258 1259 1260 1261 1262]] [97 [1263 1264 1265 1266 1267 1268 1269 1270 1271 1272 1273 1274 1275]] [98 [1276 1277 1278 1279 1280 1281 1282 1283 1284 1285 1286 1287 1288]] [99 [1289 1290 1291 1292 1293 1294 1295 1296 1297 1298 1299 1300 1301]]]","[[0 [0 1 2 3 4 6 7 8 9 10 13]] [1 [15 16 17 18 19 20 21 22 23 24 25 26 27]] [2 [28 29 30 31 32 33 34 35 36 37 38 39 40]] [3 [41 42 43 44 45 46 47 48 49 50 51 52 53]] [4 [54 55 56 57 58 59 60 61 62 63 64 65 66]] [5 [67 68 69 70 71 72 73 74 75 76 77 78 79]] [6 [80 81 82 83 84 85 86 87 88 89 90 91 92]] [7 [93 94 95 96 97 98 99 100 101 102 103 104 105]] [8 [106 107 108 109 110 111 112 113 114 115 116 117 118]] [9 [119 120 121 122 123 124 125 126 127 128 129 130 131]] [10 [132 133 134 135 136 137 138 139 140 141 142 143 144]] [11 [145 146 147 148 149 150 151 152 153 154 155 156 157]] [12 [158 159 160 161 162 163 164 165 166 167 168 169 170]] [13 [171 172 173 174 175 176 177 178 179 180 181 182 183]] [14 [184 185 186 187 188 189 190 191 192 193 194 195 196]] [15 [197 198 199 200 201 202 203 204 205 206 207 208 209]] [16 [210 211 212 213 214 215 216 217 218 219 220 221 222]] [17 [223 224 225 226 227 228 229 230 231 232 233 234 235]] [18 [236 237 238 239 240 241 242 243 244 246 247 248]] [19 [249 250 251 252 253 254 255 256 257 258 259 260 261]] [20 [262 263 264 265 266 267 268 269 270 271 272 273 274]] [21 [275 276 277 278 279 280 281 282 283 284 285 286 287]] [22 [288 289 290 291 292 293 294 295 296 297 298 299 300]] [23 [301 302 303 304 305 306 307 308 309 310 311 312 313]] [24 [314 315 316 317 318 319 320 321 322 323 324 325 326]] [25 [327 328 329 330 331 332 333 334 335 336 337 338 339]] [26 [340 341 342 343 344 345 346 347 348 349 350 351 352]] [27 [353 354 355 356 357 358 359 360 361 362 363 364 365]] [28 [366 367 368 369 370 371 372 373 374 375 376 377 378]] [29 [379 380 381 382 383 384 385 386 387 388 389 390 391]] [30 [392 393 394 395 396 397 398 399 400 401 402 403 404]] [31 [405 406 407 408 409 410 411 412 413 414 415 416 417]] [32 [418 419 420 421 422 423 424 425 426 427 428 429 430]] [33 [431 432 433 434 435 436 437 438 439 440 441 442 443]] [34 [444 445 446 447 448 449 450 451 452 453 454 455 456]] [35 [457 458 459 460 461 462 463 464 465 466 467 468 469]] [36 [470 471 472 473 474 475 476 477 478 479 480 481 482]] [37 [483 484 485 486 487 488 489 490 491 492 493 494 495]] [38 [496 497 498 499 500 501 502 503 504 505 506 507 508]] [39 [509 510 511 512 513 514 515 516 517 518 519 520 521]] [40 [522 523 524 525 526 527 528 529 530 531 532 533 534]] [41 [535 536 537 538 539 540 541 542 543 544 545 546 547]] [42 [548 549 550 551 552 553 554 555 556 557 558 559 560]] [43 [561 562 563 564 565 566 567 568 569 570 571 572 573]] [44 [574 575 576 577 578 579 580 581 582 583 584 585 586]] [45 [587 588 589 590 591 592 593 594 595 596 597 598 599]] [46 [600 601 602 603 604 605 606 607 608 609 610 611 612]] [47 [613 614 615 616 617 618 619 620 621 622 623 624 625]] [48 [626 627 628 629 630 631 632 633 634 635 636 637 638]] [49 [639 640 641 642 643 644 645 646 647 648 649 650 651]] [50 [652 653 654 655 656 657 658 659 660 661 662 663 664]] [51 [665 666 667 668 669 670 671 672 673 674 675 676 677]] [52 [678 679 680 681 682 683 684 685 686 687 688 689 690]] [53 [691 692 693 694 695 696 697 698 699 700 701 702 703]] [54 [704 705 706 707 708 709 710 711 712 713 714 715 716]] [55 [717 718 719 720 721 722 723 724 725 726 727 728 729]] [56 [730 731 732 733 734 735 736 737 738 739 740 741 742]] [57 [743 744 745 746 747 748 749 750 751 752 753 754 755]] [58 [756 757 758 759 760 761 762 763 764 765 766 767 768]] [59 [769 770 771 772 773 774 775 776 777 778 779 780 781]] [60 [782 783 784 785 786 787 788 789 790 791 792 793 794]] [61 [795 796 797 798 799 800 801 802 803 804 805 806 807]] [62 [808 809 810 811 812 813 814 815 816 817 818 819 820]] [63 [821 822 823 824 825 826 827 828 829 830 831 832 833]] [64 [834 835 836 837 838 839 840 841 842 843 844 845 846]] [65 [847 848 849 850 851 852 853 854 855 856 857 858 859]] [66 [860 861 862 863 864 865 866 867 868 869 870 871 872]] [67 [873 874 875 876 877 878 879 880 881 882 883 884 885]] [68 [886 887 888 889 890 891 892 893 894 895 896 897 898]] [69 [899 900 901 902 903 904 905 906 907 908 909 910 911]] [70 [912 913 914 915 916 917 918 919 920 921 922 923 924]] [71 [925 926 927 928 929 930 931 932 933 934 935 936 937]] [72 [938 939 940 941 942 943 944 945 946 947 948 949 950]] [73 [951 952 953 954 955 956 957 958 959 960 961 962 963]] [74 [964 965 966 967 968 969 970 971 972 973 974 975 976]] [75 [977 978 979 980 981 982 983 984 985 986 987 988 989]] [76 [990 991 992 993 994 995 996 997 998 999 1000 1001 1002]] [77 [1003 1004 1005 1006 1007 1008 1009 1010 1011 1012 1013 1014 1015]] [78 [1016 1017 1018 1019 1020 1021 1022 1023 1024 1025 1026 1027 1028]] [79 [1029 1030 1031 1032 1033 1034 1035 1036 1037 1038 1039 1040 1041]] [80 [1042 1043 1044 1045 1046 1047 1048 1049 1050 1051 1052 1053 1054]] [81 [1055 1056 1057 1058 1059 1060 1061 1062 1063 1064 1065 1066 1067]] [82 [1068 1069 1070 1071 1072 1073 1074 1075 1076 1077 1078 1079 1080]] [83 [1081 1082 1083 1084 1085 1086 1087 1088 1089 1090 1091 1092 1093]] [84 [1094 1095 1096 1097 1098 1099 1100 1101 1102 1103 1104 1105 1106]] [85 [1107 1108 1109 1110 1111 1112 1113 1114 1115 1116 1117 1118 1119]] [86 [1120 1121 1122 1123 1124 1125 1126 1127 1128 1129 1130 1131 1132]] [87 [1133 1134 1135 1136 1137 1138 1139 1140 1141 1142 1143 1144 1145]] [88 [1146 1147 1148 1149 1150 1151 1152 1153 1154 1155 1156 1157 1158]] [89 [1159 1160 1161 1162 1163 1164 1165 1166 1167 1168 1169 1170 1171]] [90 [1172 1173 1174 1175 1176 1177 1178 1179 1180 1181 1182 1183 1184]] [91 [1185 1186 1187 1188 1189 1190 1191 1192 1193 1194 1195 1196 1197]] [92 [1198 1199 1200 1201 1202 1203 1204 1205 1206 1207 1208 1209 1210]] [93 [1211 1212 1213 1214 1215 1216 1217 1218 1219 1220 1221 1222 1223]] [94 [1224 1225 1226 1227 1228 1229 1230 1231 1232 1233 1234 1235 1236]] [95 [1237 1238 1239 1240 1241 1242 1243 1244 1245 1246 1247 1248 1249]] [96 [1250 1251 1252 1253 1254 1255 1256 1257 1258 1259 1260 1261 1262]] [97 [1263 1264 1265 1266 1267 1268 1269 1270 1271 1272 1273 1274 1275]] [98 [1276 1277 1278 1279 1280 1281 1282 1283 1284 1285 1286 1287 1288]] [99 [1289 1290 1291 1292 1293 1294 1295 1296 1297 1298 1299 1300 1301]]]",,"[[{citizen 20} [[""A"" [3 3]]]] [{citizen 24} [[""A"" [3 3]]]] [{citizen 25} [[""A"" [3 3]]]] [{media 56} [[""A"" [3 3]]]] [{media 57} [[""A"" [3 3]]]] [{media 59} [[""A"" [3 3]]]] [{media 63} [[""A"" [3 3]]]] [{media 64} [[""A"" [3 3]]]] [{citizen 8} [[""A"" [3 3]]]] [{media 54} [[""A"" [3 3]]]] [{citizen 5} [[""A"" [3 3]]]] [{media 50} [[""A"" [3 3]]]] [{citizen 0} [[""A"" [3 3]]]] [{citizen 4} [[""A"" [3 3]]]] [{media 55} [[""A"" [3 3]]]] [{citizen 1} [[""A"" [3 3]]]] [{media 62} [[""A"" [3 3]]]] [{media 53} [[""A"" [3 3]]]] [{citizen 2} [[""A"" [3 3]]]] [{media 52} [[""A"" [3 3]]]] [{citizen 3} [[""A"" [3 3]]]] [{media 61} [[""A"" [3 3]]]] [{citizen 9} [[""A"" [3 3]]]] [{citizen 12} [[""A"" [3 3]]]] [{citizen 43} [[""A"" [3 3]]]] [{citizen 45} [[""A"" [3 3]]]] [{citizen 15} [[""A"" [3 3]]]] [{citizen 49} [[""A"" [3 3]]]] [{citizen 7} [[""A"" [3 3]]]] [{citizen 23} [[""A"" [3 3]]]] [{citizen 33} [[""A"" [3 3]]]] [{citizen 16} [[""A"" [3 3]]]] [{citizen 38} [[""A"" [3 3]]]] [{citizen 37} [[""A"" [3 3]]]] [{citizen 19} [[""A"" [3 3]]]] [{citizen 21} [[""A"" [3 3]]]] [{citizen 41} [[""A"" [3 3]]]] [{citizen 14} [[""A"" [3 3]]]] [{citizen 29} [[""A"" [3 3]]]] [{citizen 10} [[""A"" [3 3]]]] [{citizen 34} [[""A"" [3 3]]]] [{citizen 48} [[""A"" [3 3]]]] [{citizen 31} [[""A"" [3 3]]]] [{citizen 27} [[""A"" [3 3]]]] [{citizen 42} [[""A"" [3 3]]]] [{citizen 18} [[""A"" [3 3]]]] [{citizen 47} [[""A"" [3 3]]]] [{citizen 32} [[""A"" [3 3]]]] [{citizen 35} [[""A"" [3 3]]]] [{citizen 40} [[""A"" [3 3]]]] [{citizen 11} [[""A"" [3 3]]]] [{media 51} [[""A"" [3 3]]]] [{citizen 22} [[""A"" [3 3]]]] [{citizen 30} [[""A"" [3 3]]]] [{citizen 44} [[""A"" [3 3]]]] [{citizen 46} [[""A"" [3 3]]]] [{citizen 13} [[""A"" [3 3]]]] [{citizen 36} [[""A"" [3 3]]]] [{citizen 26} [[""A"" [3 3]]]] [{citizen 28} [[""A"" [3 3]]]] [{citizen 6} [[""A"" [3 3]]]] [{citizen 39} [[""A"" [3 3]]]]]"
"18","[128 0 127]","80.21739130434781","10.099359452128436","2.3617444123081315","""circle""","""""","9.9","{breed citizens}","false","0.5","1","""up""",,"[[""ID"" 19] [""alpha"" 1] [""beta"" 1] [""malleable"" [""A""]] [""prior"" []] [""cont_tokens"" []] [""A"" 3]]","[[0 [0 1 2 3 4 6 7 8 9 10 13]] [1 [15 16 17 18 19 20 21 22 23 24 25 26 27]] [2 [28 29 30 31 32 33 34 35 36 37 38 39 40]] [3 [41 42 43 44 45 46 47 48 49 50 51 52 53]] [4 [54 55 56 57 58 59 60 61 62 63 64 65 66]] [5 [67 68 69 70 71 72 73 74 75 76 77 78 79]] [6 [80 81 82 83 84 85 86 87 88 89 90 91 92]] [7 [93 94 95 96 97 98 99 100 101 102 103 104 105]] [8 [106 107 108 109 110 111 112 113 114 115 116 117 118]] [9 [119 120 121 122 123 124 125 126 127 128 129 130 131]] [10 [132 133 134 135 136 137 138 139 140 141 142 143 144]] [11 [145 146 147 148 149 150 151 152 153 154 155 156 157]] [12 [158 159 160 161 162 163 164 165 166 167 168 169 170]] [13 [171 172 173 174 175 176 177 178 179 180 181 182 183]] [14 [184 185 186 187 188 189 190 191 192 193 194 195 196]] [15 [197 198 199 200 201 202 203 204 205 206 207 208 209]] [16 [210 211 212 213 214 215 216 217 218 219 220 221 222]] [17 [223 224 225 226 227 228 229 230 231 232 233 234 235]] [18 [236 237 238 239 240 241 242 243 244 245 246 247 248]] [19 [249 250 251 252 253 254 255 256 257 258 259 260 261]] [20 [262 263 264 265 266 267 268 269 270 271 272 273 274]] [21 [275 276 277 278 279 280 281 282 283 284 285 286 287]] [22 [288 289 290 291 292 293 294 295 296 297 298 299 300]] [23 [301 302 303 304 305 306 307 308 309 310 311 312 313]] [24 [314 315 316 317 318 319 320 321 322 323 324 325 326]] [25 [327 328 329 330 331 332 333 334 335 336 337 338 339]] [26 [340 341 342 343 344 345 346 347 348 349 350 351 352]] [27 [353 354 355 356 357 358 359 360 361 362 363 364 365]] [28 [366 367 368 369 370 371 372 373 374 375 376 377 378]] [29 [379 380 381 382 383 384 385 386 387 388 389 390 391]] [30 [392 393 394 395 396 397 398 399 400 401 402 403 404]] [31 [405 406 407 408 409 410 411 412 413 414 415 416 417]] [32 [418 419 420 421 422 423 424 425 426 427 428 429 430]] [33 [431 432 433 434 435 436 437 438 439 440 441 442 443]] [34 [444 445 446 447 448 449 450 451 452 453 454 455 456]] [35 [457 458 459 460 461 462 463 464 465 466 467 468 469]] [36 [470 471 472 473 474 475 476 477 478 479 480 481 482]] [37 [483 484 485 486 487 488 489 490 491 492 493 494 495]] [38 [496 497 498 499 500 501 502 503 504 505 506 507 508]] [39 [509 510 511 512 513 514 515 516 517 518 519 520 521]] [40 [522 523 524 525 526 527 528 529 530 531 532 533 534]] [41 [535 536 537 538 539 540 541 542 543 544 545 546 547]] [42 [548 549 550 551 552 553 554 555 556 557 558 559 560]] [43 [561 562 563 564 565 566 567 568 569 570 571 572 573]] [44 [574 575 576 577 578 579 580 581 582 583 584 585 586]] [45 [587 588 589 590 591 592 593 594 595 596 597 598 599]] [46 [600 601 602 603 604 605 606 607 608 609 610 611 612]] [47 [613 614 615 616 617 618 619 620 621 622 623 624 625]] [48 [626 627 628 629 630 631 632 633 634 635 636 637 638]] [49 [639 640 641 642 643 644 645 646 647 648 649 650 651]] [50 [652 653 654 655 656 657 658 659 660 661 662 663 664]] [51 [665 666 667 668 669 670 671 672 673 674 675 676 677]] [52 [678 679 680 681 682 683 684 685 686 687 688 689 690]] [53 [691 692 693 694 695 696 697 698 699 700 701 702 703]] [54 [704 705 706 707 708 709 710 711 712 713 714 715 716]] [55 [717 718 719 720 721 722 723 724 725 726 727 728 729]] [56 [730 731 732 733 734 735 736 737 738 739 740 741 742]] [57 [743 744 745 746 747 748 749 750 751 752 753 754 755]] [58 [756 757 758 759 760 761 762 763 764 765 766 767 768]] [59 [769 770 771 772 773 774 775 776 777 778 779 780 781]] [60 [782 783 784 785 786 787 788 789 790 791 792 793 794]] [61 [795 796 797 798 799 800 801 802 803 804 805 806 807]] [62 [808 809 810 811 812 813 814 815 816 817 818 819 820]] [63 [821 822 823 824 825 826 827 828 829 830 831 832 833]] [64 [834 835 836 837 838 839 840 841 842 843 844 845 846]] [65 [847 848 849 850 851 852 853 854 855 856 857 858 859]] [66 [860 861 862 863 864 865 866 867 868 869 870 871 872]] [67 [873 874 875 876 877 878 879 880 881 882 883 884 885]] [68 [886 887 888 889 890 891 892 893 894 895 896 897 898]] [69 [899 900 901 902 903 904 905 906 907 908 909 910 911]] [70 [912 913 914 915 916 917 918 919 920 921 922 923 924]] [71 [925 926 927 928 929 930 931 932 933 934 935 936 937]] [72 [938 939 940 941 942 943 944 945 946 947 948 949 950]] [73 [951 952 953 954 955 956 957 958 959 960 961 962 963]] [74 [964 965 966 967 968 969 970 971 972 973 974 975 976]] [75 [977 978 979 980 981 982 983 984 985 986 987 988 989]] [76 [990 991 992 993 994 995 996 997 998 999 1000 1001 1002]] [77 [1003 1004 1005 1006 1007 1008 1009 1010 1011 1012 1013 1014 1015]] [78 [1016 1017 1018 1019 1020 1021 1022 1023 1024 1025 1026 1027 1028]] [79 [1029 1030 1031 1032 1033 1034 1035 1036 1037 1038 1039 1040 1041]] [80 [1042 1043 1044 1045 1046 1047 1048 1049 1050 1051 1052 1053 1054]] [81 [1055 1056 1057 1058 1059 1060 1061 1062 1063 1064 1065 1066 1067]] [82 [1068 1069 1070 1071 1072 1073 1074 1075 1076 1077 1078 1079 1080]] [83 [1081 1082 1083 1084 1085 1086 1087 1088 1089 1090 1091 1092 1093]] [84 [1094 1095 1096 1097 1098 1099 1100 1101 1102 1103 1104 1105 1106]] [85 [1107 1108 1109 1110 1111 1112 1113 1114 1115 1116 1117 1118 1119]] [86 [1120 1121 1122 1123 1124 1125 1126 1127 1128 1129 1130 1131 1132]] [87 [1133 1134 1135 1136 1137 1138 1139 1140 1141 1142 1143 1144 1145]] [88 [1146 1147 1148 1149 1150 1151 1152 1153 1154 1155 1156 1157 1158]] [89 [1159 1160 1161 1162 1163 1164 1165 1166 1167 1168 1169 1170 1171]] [90 [1172 1173 1174 1175 1176 1177 1178 1179 1180 1181 1182 1183 1184]] [91 [1185 1186 1187 1188 1189 1190 1191 1192 1193 1194 1195 1196 1197]] [92 [1198 1199 1200 1201 1202 1203 1204 1205 1206 1207 1208 1209 1210]] [93 [1211 1212 1213 1214 1215 1216 1217 1218 1219 1220 1221 1222 1223]] [94 [1224 1225 1226 1227 1228 1229 1230 1231 1232 1233 1234 1235 1236]] [95 [1237 1238 1239 1240 1241 1242 1243 1244 1245 1246 1247 1248 1249]] [96 [1250 1251 1252 1253 1254 1255 1256 1257 1258 1259 1260 1261 1262]] [97 [1263 1264 1265 1266 1267 1268 1269 1270 1271 1272 1273 1274 1275]] [98 [1276 1277 1278 1279 1280 1281 1282 1283 1284 1285 1286 1287 1288]] [99 [1289 1290 1291 1292 1293 1294 1295 1296 1297 1298 1299 1300 1301]]]","[[0 [1 2 3 4 6 7 8 9 10 13]] [1 [15 16 17 18 19 20 21 22 23 24 25 26 27]] [2 [28 29 30 31 32 33 34 35 36 37 38 39 40]] [3 [41 42 43 44 45 46 47 48 49 50 51 52 53]] [4 [54 55 56 57 58 59 60 61 62 63 64 65 66]] [5 [67 68 69 70 71 72 73 74 75 76 77 78 79]] [6 [80 81 82 83 84 85 86 87 88 89 90 91 92]] [7 [93 94 95 96 97 98 99 100 101 102 103 104 105]] [8 [106 107 108 109 110 111 112 113 114 115 116 117 118]] [9 [119 120 121 122 123 124 125 126 127 128 129 130 131]] [10 [132 133 134 135 136 137 138 139 140 141 142 143 144]] [11 [145 146 147 148 149 150 151 152 153 154 155 156 157]] [12 [158 159 160 161 162 163 164 165 166 167 168 169 170]] [13 [171 172 173 174 175 176 177 178 179 180 181 182 183]] [14 [184 185 186 187 188 189 190 191 192 193 194 195 196]] [15 [197 198 199 200 201 202 203 204 205 206 207 208 209]] [16 [210 211 212 213 214 215 216 217 218 219 220 221 222]] [17 [223 224 225 226 227 228 229 230 231 232 233 234 235]] [18 [236 237 238 239 240 241 242 243 244 245 246 247 248]] [19 [249 250 251 252 253 254 255 256 257 258 259 260 261]] [20 [262 263 264 265 266 267 268 269 270 271 272 273 274]] [21 [275 276 277 278 279 280 281 282 283 284 285 286 287]] [22 [288 289 290 291 292 293 294 295 296 297 298 299 300]] [23 [301 302 303 304 305 306 307 308 309 310 311 312 313]] [24 [314 315 316 317 318 319 320 321 322 323 324 325 326]] [25 [327 328 329 330 331 332 333 334 335 336 337 338 339]] [26 [340 341 342 343 344 345 346 347 348 349 350 351 352]] [27 [353 354 355 356 357 358 359 360 361 362 363 364 365]] [28 [366 367 368 369 370 371 372 373 374 375 376 377 378]] [29 [379 380 381 382 383 384 385 386 387 388 389 390 391]] [30 [392 393 394 395 396 397 398 399 400 401 402 403 404]] [31 [405 406 407 408 409 410 411 412 413 414 415 416 417]] [32 [418 419 420 421 422 423 424 425 426 427 428 429 430]] [33 [431 432 433 434 435 436 437 438 439 440 441 442 443]] [34 [444 445 446 447 448 449 450 451 452 453 454 455 456]] [35 [457 458 459 460 461 462 463 464 465 466 467 468 469]] [36 [470 471 472 473 474 475 476 477 478 479 480 481 482]] [37 [483 484 485 486 487 488 489 490 491 492 493 494 495]] [38 [496 497 498 499 500 501 502 503 504 505 506 507 508]] [39 [509 510 511 512 513 514 515 516 517 518 519 520 521]] [40 [522 523 524 525 526 527 528 529 530 531 532 533 534]] [41 [535 536 537 538 539 540 541 542 543 544 545 546 547]] [42 [548 549 550 551 552 553 554 555 556 557 558 559 560]] [43 [561 562 563 564 565 566 567 568 569 570 571 572 573]] [44 [574 575 576 577 578 579 580 581 582 583 584 585 586]] [45 [587 588 589 590 591 592 593 594 595 596 597 598 599]] [46 [600 601 602 603 604 605 606 607 608 609 610 611 612]] [47 [613 614 615 616 617 618 619 620 621 622 623 624 625]] [48 [626 627 628 629 630 631 632 633 634 635 636 637 638]] [49 [639 640 641 642 643 644 645 646 647 648 649 650 651]] [50 [652 653 654 655 656 657 658 659 660 661 662 663 664]] [51 [665 666 667 668 669 670 671 672 673 674 675 676 677]] [52 [678 679 680 681 682 683 684 685 686 687 688 689 690]] [53 [691 692 693 694 695 696 697 698 699 700 701 702 703]] [54 [704 705 706 707 708 709 710 711 712 713 714 715 716]] [55 [717 718 719 720 721 722 723 724 725 726 727 728 729]] [56 [730 731 732 733 734 735 736 737 738 739 740 741 742]] [57 [743 744 745 746 747 748 749 750 751 752 753 754 755]] [58 [756 757 758 759 760 761 762 763 764 765 766 767 768]] [59 [769 770 771 772 773 774 775 776 777 778 779 780 781]] [60 [782 783 784 785 786 787 788 789 790 791 792 793 794]] [61 [795 796 797 798 799 800 801 802 803 804 805 806 807]] [62 [808 809 810 811 812 813 814 815 816 817 818 819 820]] [63 [821 822 823 824 825 826 827 828 829 830 831 832 833]] [64 [834 835 836 837 838 839 840 841 842 843 844 845 846]] [65 [847 848 849 850 851 852 853 854 855 856 857 858 859]] [66 [860 861 862 863 864 865 866 867 868 869 870 871 872]] [67 [873 874 875 876 877 878 879 880 881 882 883 884 885]] [68 [886 887 888 889 890 891 892 893 894 895 896 897 898]] [69 [899 900 901 902 903 904 905 906 907 908 909 910 911]] [70 [912 913 914 915 916 917 918 919 920 921 922 923 924]] [71 [925 926 927 928 929 930 931 932 933 934 935 936 937]] [72 [938 939 940 941 942 943 944 945 946 947 948 949 950]] [73 [951 952 953 954 955 956 957 958 959 960 961 962 963]] [74 [964 965 966 967 968 969 970 971 972 973 974 975 976]] [75 [977 978 979 980 981 982 983 984 985 986 987 988 989]] [76 [990 991 992 993 994 995 996 997 998 999 1000 1001 1002]] [77 [1003 1004 1005 1006 1007 1008 1009 1010 1011 1012 1013 1014 1015]] [78 [1016 1017 1018 1019 1020 1021 1022 1023 1024 1025 1026 1027 1028]] [79 [1029 1030 1031 1032 1033 1034 1035 1036 1037 1038 1039 1040 1041]] [80 [1042 1043 1044 1045 1046 1047 1048 1049 1050 1051 1052 1053 1054]] [81 [1055 1056 1057 1058 1059 1060 1061 1062 1063 1064 1065 1066 1067]] [82 [1068 1069 1070 1071 1072 1073 1074 1075 1076 1077 1078 1079 1080]] [83 [1081 1082 1083 1084 1085 1086 1087 1088 1089 1090 1091 1092 1093]] [84 [1094 1095 1096 1097 1098 1099 1100 1101 1102 1103 1104 1105 1106]] [85 [1107 1108 1109 1110 1111 1112 1113 1114 1115 1116 1117 1118 1119]] [86 [1120 1121 1122 1123 1124 1125 1126 1127 1128 1129 1130 1131 1132]] [87 [1133 1134 1135 1136 1137 1138 1139 1140 1141 1142 1143 1144 1145]] [88 [1146 1147 1148 1149 1150 1151 1152 1153 1154 1155 1156 1157 1158]] [89 [1159 1160 1161 1162 1163 1164 1165 1166 1167 1168 1169 1170 1171]] [90 [1172 1173 1174 1175 1176 1177 1178 1179 1180 1181 1182 1183 1184]] [91 [1185 1186 1187 1188 1189 1190 1191 1192 1193 1194 1195 1196 1197]] [92 [1198 1199 1200 1201 1202 1203 1204 1205 1206 1207 1208 1209 1210]] [93 [1211 1212 1213 1214 1215 1216 1217 1218 1219 1220 1221 1222 1223]] [94 [1224 1225 1226 1227 1228 1229 1230 1231 1232 1233 1234 1235 1236]] [95 [1237 1238 1239 1240 1241 1242 1243 1244 1245 1246 1247 1248 1249]] [96 [1250 1251 1252 1253 1254 1255 1256 1257 1258 1259 1260 1261 1262]] [97 [1263 1264 1265 1266 1267 1268 1269 1270 1271 1272 1273 1274 1275]] [98 [1276 1277 1278 1279 1280 1281 1282 1283 1284 1285 1286 1287 1288]] [99 [1289 1290 1291 1292 1293 1294 1295 1296 1297 1298 1299 1300 1301]]]",,"[[{citizen 34} [[""A"" [3 3]]]] [{citizen 43} [[""A"" [3 3]]]] [{media 53} [[""A"" [3 3]]]] [{media 54} [[""A"" [3 3]]]] [{media 56} [[""A"" [3 3]]]] [{media 62} [[""A"" [3 3]]]] [{media 63} [[""A"" [3 3]]]] [{media 64} [[""A"" [3 3]]]] [{media 59} [[""A"" [3 3]]]] [{citizen 8} [[""A"" [3 3]]]] [{citizen 5} [[""A"" [3 3]]]] [{citizen 12} [[""A"" [3 3]]]] [{citizen 16} [[""A"" [3 3]]]] [{media 57} [[""A"" [3 3]]]] [{citizen 0} [[""A"" [3 3]]]] [{citizen 3} [[""A"" [3 3]]]] [{media 50} [[""A"" [3 3]]]] [{citizen 4} [[""A"" [3 3]]]] [{media 55} [[""A"" [3 3]]]] [{citizen 1} [[""A"" [3 3]]]] [{media 52} [[""A"" [3 3]]]] [{media 61} [[""A"" [3 3]]]] [{citizen 9} [[""A"" [3 3]]]] [{citizen 45} [[""A"" [3 3]]]] [{citizen 20} [[""A"" [3 3]]]] [{citizen 17} [[""A"" [3 3]]]] [{citizen 36} [[""A"" [3 3]]]] [{citizen 37} [[""A"" [3 3]]]] [{citizen 10} [[""A"" [3 3]]]] [{citizen 31} [[""A"" [3 3]]]] [{citizen 14} [[""A"" [3 3]]]] [{citizen 42} [[""A"" [3 3]]]] [{citizen 27} [[""A"" [3 3]]]] [{citizen 33} [[""A"" [3 3]]]] [{citizen 40} [[""A"" [3 3]]]] [{citizen 7} [[""A"" [3 3]]]] [{citizen 19} [[""A"" [3 3]]]] [{citizen 38} [[""A"" [3 3]]]] [{citizen 24} [[""A"" [3 3]]]] [{citizen 2} [[""A"" [3 3]]]] [{citizen 15} [[""A"" [3 3]]]] [{citizen 32} [[""A"" [3 3]]]] [{citizen 35} [[""A"" [3 3]]]] [{citizen 49} [[""A"" [3 3]]]] [{citizen 23} [[""A"" [3 3]]]] [{citizen 46} [[""A"" [3 3]]]] [{citizen 6} [[""A"" [3 3]]]] [{citizen 25} [[""A"" [3 3]]]] [{citizen 21} [[""A"" [3 3]]]] [{citizen 22} [[""A"" [3 3]]]] [{citizen 41} [[""A"" [3 3]]]] [{citizen 29} [[""A"" [3 3]]]] [{citizen 48} [[""A"" [3 3]]]] [{citizen 11} [[""A"" [3 3]]]] [{media 51} [[""A"" [3 3]]]] [{citizen 44} [[""A"" [3 3]]]] [{citizen 13} [[""A"" [3 3]]]] [{citizen 47} [[""A"" [3 3]]]] [{citizen 39} [[""A"" [3 3]]]] [{citizen 30} [[""A"" [3 3]]]] [{citizen 26} [[""A"" [3 3]]]] [{citizen 28} [[""A"" [3 3]]]]]"
"19","[128 0 127]","40.69565217391305","6.163100760878388","7.13685432515432","""circle""","""""","9.9","{breed citizens}","false","0.5","1","""up""",,"[[""ID"" 38] [""alpha"" 1] [""beta"" 1] [""malleable"" [""A""]] [""prior"" []] [""cont_tokens"" []] [""A"" 3]]","[[0 [0 1 2 3 4 6 7 8 9 10 13]] [1 [15 16 17 18 19 20 21 22 23 24 25 26 27]] [2 [28 29 30 31 32 33 34 35 36 37 38 39 40]] [3 [41 42 43 44 45 46 47 48 49 50 51 52 53]] [4 [54 55 56 57 58 59 60 61 62 63 64 65 66]] [5 [67 68 69 70 71 72 73 74 75 76 77 78 79]] [6 [80 81 82 83 84 85 86 87 88 89 90 91 92]] [7 [93 94 95 96 97 98 99 100 101 102 103 104 105]] [8 [106 107 108 109 110 111 112 113 114 115 116 117 118]] [9 [119 120 121 122 123 124 125 126 127 128 129 130 131]] [10 [132 133 134 135 136 137 138 139 140 141 142 143 144]] [11 [145 146 147 148 149 150 151 152 153 154 155 156 157]] [12 [158 159 160 161 162 163 164 165 166 167 168 169 170]] [13 [171 172 173 174 175 176 177 178 179 180 181 182 183]] [14 [184 185 186 187 188 189 190 191 192 193 194 195 196]] [15 [197 198 199 200 201 202 203 204 205 206 207 208 209]] [16 [210 211 212 213 214 215 216 217 218 219 220 221 222]] [17 [223 224 225 226 227 228 229 230 231 232 233 234 235]] [18 [236 237 238 239 240 241 242 243 244 245 246 247 248]] [19 [249 250 251 252 253 254 255 256 257 258 259 260 261]] [20 [262 263 264 265 266 267 268 269 270 271 272 273 274]] [21 [275 276 277 278 279 280 281 282 283 284 285 286 287]] [22 [288 289 290 291 292 293 294 295 296 297 298 299 300]] [23 [301 302 303 304 305 306 307 308 309 310 311 312 313]] [24 [314 315 316 317 318 319 320 321 322 323 324 325 326]] [25 [327 328 329 330 331 332 333 334 335 336 337 338 339]] [26 [340 341 342 343 344 345 346 347 348 349 350 351 352]] [27 [353 354 355 356 357 358 359 360 361 362 363 364 365]] [28 [366 367 368 369 370 371 372 373 374 375 376 377 378]] [29 [379 380 381 382 383 384 385 386 387 388 389 390 391]] [30 [392 393 394 395 396 397 398 399 400 401 402 403 404]] [31 [405 406 407 408 409 410 411 412 413 414 415 416 417]] [32 [418 419 420 421 422 423 424 425 426 427 428 429 430]] [33 [431 432 433 434 435 436 437 438 439 440 441 442 443]] [34 [444 445 446 447 448 449 450 451 452 453 454 455 456]] [35 [457 458 459 460 461 462 463 464 465 466 467 468 469]] [36 [470 471 472 473 474 475 476 477 478 479 480 481 482]] [37 [483 484 485 486 487 488 489 490 491 492 493 494 495]] [38 [496 497 498 499 500 501 502 503 504 505 506 507 508]] [39 [509 510 511 512 513 514 515 516 517 518 519 520 521]] [40 [522 523 524 525 526 527 528 529 530 531 532 533 534]] [41 [535 536 537 538 539 540 541 542 543 544 545 546 547]] [42 [548 549 550 551 552 553 554 555 556 557 558 559 560]] [43 [561 562 563 564 565 566 567 568 569 570 571 572 573]] [44 [574 575 576 577 578 579 580 581 582 583 584 585 586]] [45 [587 588 589 590 591 592 593 594 595 596 597 598 599]] [46 [600 601 602 603 604 605 606 607 608 609 610 611 612]] [47 [613 614 615 616 617 618 619 620 621 622 623 624 625]] [48 [626 627 628 629 630 631 632 633 634 635 636 637 638]] [49 [639 640 641 642 643 644 645 646 647 648 649 650 651]] [50 [652 653 654 655 656 657 658 659 660 661 662 663 664]] [51 [665 666 667 668 669 670 671 672 673 674 675 676 677]] [52 [678 679 680 681 682 683 684 685 686 687 688 689 690]] [53 [691 692 693 694 695 696 697 698 699 700 701 702 703]] [54 [704 705 706 707 708 709 710 711 712 713 714 715 716]] [55 [717 718 719 720 721 722 723 724 725 726 727 728 729]] [56 [730 731 732 733 734 735 736 737 738 739 740 741 742]] [57 [743 744 745 746 747 748 749 750 751 752 753 754 755]] [58 [756 757 758 759 760 761 762 763 764 765 766 767 768]] [59 [769 770 771 772 773 774 775 776 777 778 779 780 781]] [60 [782 783 784 785 786 787 788 789 790 791 792 793 794]] [61 [795 796 797 798 799 800 801 802 803 804 805 806 807]] [62 [808 809 810 811 812 813 814 815 816 817 818 819 820]] [63 [821 822 823 824 825 826 827 828 829 830 831 832 833]] [64 [834 835 836 837 838 839 840 841 842 843 844 845 846]] [65 [847 848 849 850 851 852 853 854 855 856 857 858 859]] [66 [860 861 862 863 864 865 866 867 868 869 870 871 872]] [67 [873 874 875 876 877 878 879 880 881 882 883 884 885]] [68 [886 887 888 889 890 891 892 893 894 895 896 897 898]] [69 [899 900 901 902 903 904 905 906 907 908 909 910 911]] [70 [912 913 914 915 916 917 918 919 920 921 922 923 924]] [71 [925 926 927 928 929 930 931 932 933 934 935 936 937]] [72 [938 939 940 941 942 943 944 945 946 947 948 949 950]] [73 [951 952 953 954 955 956 957 958 959 960 961 962 963]] [74 [964 965 966 967 968 969 970 971 972 973 974 975 976]] [75 [977 978 979 980 981 982 983 984 985 986 987 988 989]] [76 [990 991 992 993 994 995 996 997 998 999 1000 1001 1002]] [77 [1003 1004 1005 1006 1007 1008 1009 1010 1011 1012 1013 1014 1015]] [78 [1016 1017 1018 1019 1020 1021 1022 1023 1024 1025 1026 1027 1028]] [79 [1029 1030 1031 1032 1033 1034 1035 1036 1037 1038 1039 1040 1041]] [80 [1042 1043 1044 1045 1046 1047 1048 1049 1050 1051 1052 1053 1054]] [81 [1055 1056 1057 1058 1059 1060 1061 1062 1063 1064 1065 1066 1067]] [82 [1068 1069 1070 1071 1072 1073 1074 1075 1076 1077 1078 1079 1080]] [83 [1081 1082 1083 1084 1085 1086 1087 1088 1089 1090 1091 1092 1093]] [84 [1094 1095 1096 1097 1098 1099 1100 1101 1102 1103 1104 1105 1106]] [85 [1107 1108 1109 1110 1111 1112 1113 1114 1115 1116 1117 1118 1119]] [86 [1120 1121 1122 1123 1124 1125 1126 1127 1128 1129 1130 1131 1132]] [87 [1133 1134 1135 1136 1137 1138 1139 1140 1141 1142 1143 1144 1145]] [88 [1146 1147 1148 1149 1150 1151 1152 1153 1154 1155 1156 1157 1158]] [89 [1159 1160 1161 1162 1163 1164 1165 1166 1167 1168 1169 1170 1171]] [90 [1172 1173 1174 1175 1176 1177 1178 1179 1180 1181 1182 1183 1184]] [91 [1185 1186 1187 1188 1189 1190 1191 1192 1193 1194 1195 1196 1197]] [92 [1198 1199 1200 1201 1202 1203 1204 1205 1206 1207 1208 1209 1210]] [93 [1211 1212 1213 1214 1215 1216 1217 1218 1219 1220 1221 1222 1223]] [94 [1224 1225 1226 1227 1228 1229 1230 1231 1232 1233 1234 1235 1236]] [95 [1237 1238 1239 1240 1241 1242 1243 1244 1245 1246 1247 1248 1249]] [96 [1250 1251 1252 1253 1254 1255 1256 1257 1258 1259 1260 1261 1262]] [97 [1263 1264 1265 1266 1267 1268 1269 1270 1271 1272 1273 1274 1275]] [98 [1276 1277 1278 1279 1280 1281 1282 1283 1284 1285 1286 1287 1288]] [99 [1289 1290 1291 1292 1293 1294 1295 1296 1297 1298 1299 1300 1301]]]","[[0 [0 1 2 3 4 6 7 8 9 10 13]] [1 [15 16 17 18 19 20 21 22 23 24 25 26 27]] [2 [28 29 30 31 32 33 34 35 36 37 38 39 40]] [3 [41 42 43 44 45 46 47 48 49 50 51 52 53]] [4 [54 55 56 57 58 59 60 61 62 63 64 65 66]] [5 [67 68 69 70 71 72 73 74 75 76 77 78 79]] [6 [80 81 82 83 84 85 86 87 88 89 90 91 92]] [7 [93 94 95 96 97 98 99 100 101 102 103 104 105]] [8 [106 107 108 109 110 111 112 113 114 115 116 117 118]] [9 [119 120 121 122 123 124 125 126 127 128 129 130 131]] [10 [132 133 134 135 136 137 138 139 140 141 142 143 144]] [11 [145 146 147 148 149 150 151 152 153 154 155 156 157]] [12 [158 159 160 161 162 163 164 165 166 167 168 169 170]] [13 [171 172 173 174 175 176 177 178 179 180 181 182 183]] [14 [184 185 186 187 188 189 190 191 192 193 194 195 196]] [15 [197 198 199 200 201 202 203 204 205 206 207 208 209]] [16 [210 211 212 213 214 215 216 217 218 219 220 221 222]] [17 [223 224 225 226 227 228 229 230 231 232 233 234 235]] [18 [236 237 238 239 240 241 242 243 244 245 246 247 248]] [19 [249 250 251 252 253 254 255 256 257 258 259 260 261]] [20 [262 263 264 265 266 267 268 269 270 271 272 273 274]] [21 [275 276 277 278 279 280 281 282 283 284 285 286 287]] [22 [288 289 290 291 292 293 294 295 296 297 298 299 300]] [23 [301 302 303 304 305 306 307 308 309 310 311 312 313]] [24 [314 315 316 317 318 319 320 321 322 323 324 325 326]] [25 [327 328 329 330 331 332 333 334 335 336 337 338 339]] [26 [340 341 342 343 344 345 346 347 348 349 350 351 352]] [27 [353 354 355 356 357 358 359 360 361 362 363 364 365]] [28 [366 367 368 369 370 371 372 373 374 375 376 377 378]] [29 [379 380 381 382 383 384 385 386 387 388 389 390 391]] [30 [392 393 394 395 396 397 398 399 400 401 402 403 404]] [31 [405 406 407 408 409 410 411 412 413 414 415 416 417]] [32 [418 419 420 421 422 423 424 425 426 427 428 429 430]] [33 [431 432 433 434 435 436 437 438 439 440 441 442 443]] [34 [444 445 446 447 448 449 450 451 452 453 454 455 456]] [35 [457 458 459 460 461 462 463 464 465 466 467 468 469]] [36 [470 471 472 473 474 475 476 477 478 479 480 481 482]] [37 [483 484 485 486 487 488 489 490 491 492 493 494 495]] [38 [496 497 498 499 500 501 502 503 504 505 506 507 508]] [39 [509 510 511 512 513 514 515 516 517 518 519 520 521]] [40 [522 523 524 525 526 527 528 529 530 531 532 533 534]] [41 [535 536 537 538 539 540 541 542 543 544 545 546 547]] [42 [548 549 550 551 552 553 554 555 556 557 558 559 560]] [43 [561 562 563 564 565 566 567 568 569 570 571 572 573]] [44 [574 575 576 577 578 579 580 581 582 583 584 585 586]] [45 [587 588 589 590 591 592 593 594 595 596 597 598 599]] [46 [600 601 602 603 604 605 606 607 608 609 610 611 612]] [47 [613 614 615 616 617 618 619 620 621 622 623 624 625]] [48 [626 627 628 629 630 631 632 633 634 635 636 637 638]] [49 [639 640 641 642 643 644 645 646 647 648 649 650 651]] [50 [652 653 654 655 656 657 658 659 660 661 662 663 664]] [51 [665 666 667 668 669 670 671 672 673 674 675 676 677]] [52 [678 679 680 681 682 683 684 685 686 687 688 689 690]] [53 [691 692 693 694 695 696 697 698 699 700 701 702 703]] [54 [704 705 706 707 708 709 710 711 712 713 714 715 716]] [55 [717 718 719 720 721 722 723 724 725 726 727 728 729]] [56 [730 731 732 733 734 735 736 737 738 739 740 741 742]] [57 [743 744 745 746 747 748 749 750 751 752 753 754 755]] [58 [756 757 758 759 760 761 762 763 764 765 766 767 768]] [59 [769 770 771 772 773 774 775 776 777 778 779 780 781]] [60 [782 783 784 785 786 787 788 789 790 791 792 793 794]] [61 [795 796 797 798 799 800 801 802 803 804 805 806 807]] [62 [808 809 810 811 812 813 814 815 816 817 818 819 820]] [63 [821 822 823 824 825 826 827 828 829 830 831 832 833]] [64 [834 835 836 837 838 839 840 841 842 843 844 845 846]] [65 [847 848 849 850 851 852 853 854 855 856 857 858 859]] [66 [860 861 862 863 864 865 866 867 868 869 870 871 872]] [67 [873 874 875 876 877 878 879 880 881 882 883 884 885]] [68 [886 887 888 889 890 891 892 893 894 895 896 897 898]] [69 [899 900 901 902 903 904 905 906 907 908 909 910 911]] [70 [912 913 914 915 916 917 918 919 920 921 922 923 924]] [71 [925 926 927 928 929 930 931 932 933 934 935 936 937]] [72 [938 939 940 941 942 943 944 945 946 947 948 949 950]] [73 [951 952 953 954 955 956 957 958 959 960 961 962 963]] [74 [964 965 966 967 968 969 970 971 972 973 974 975 976]] [75 [977 978 979 980 981 982 983 984 985 986 987 988 989]] [76 [990 991 992 993 994 995 996 997 998 999 1000 1001 1002]] [77 [1003 1004 1005 1006 1007 1008 1009 1010 1011 1012 1013 1014 1015]] [78 [1016 1017 1018 1019 1020 1021 1022 1023 1024 1025 1026 1027 1028]] [79 [1029 1030 1031 1032 1033 1034 1035 1036 1037 1038 1039 1040 1041]] [80 [1042 1043 1044 1045 1046 1047 1048 1049 1050 1051 1052 1053 1054]] [81 [1055 1056 1057 1058 1059 1060 1062 1063 1064 1065 1066 1067]] [82 [1068 1069 1070 1071 1072 1073 1074 1075 1076 1077 1078 1079 1080]] [83 [1081 1082 1083 1084 1085 1086 1087 1088 1089 1090 1091 1092 1093]] [84 [1094 1095 1096 1097 1098 1099 1100 1101 1102 1103 1104 1105 1106]] [85 [1107 1108 1109 1110 1111 1112 1113 1114 1115 1116 1117 1118 1119]] [86 [1120 1121 1122 1123 1124 1125 1126 1127 1128 1129 1130 1131 1132]] [87 [1133 1134 1135 1136 1137 1138 1139 1140 1141 1142 1143 1144 1145]] [88 [1146 1147 1148 1149 1150 1151 1152 1153 1154 1155 1156 1157 1158]] [89 [1159 1160 1161 1162 1163 1164 1165 1166 1167 1168 1169 1170 1171]] [90 [1172 1173 1174 1175 1176 1177 1178 1179 1180 1181 1182 1183 1184]] [91 [1185 1186 1187 1188 1189 1190 1191 1192 1193 1194 1195 1196 1197]] [92 [1198 1199 1200 1201 1202 1203 1204 1205 1206 1207 1208 1209 1210]] [93 [1211 1212 1213 1214 1215 1216 1217 1218 1219 1220 1221 1222 1223]] [94 [1224 1225 1226 1227 1228 1229 1230 1231 1232 1233 1234 1235 1236]] [95 [1237 1238 1239 1240 1241 1242 1243 1244 1245 1246 1247 1248 1249]] [96 [1250 1251 1252 1253 1254 1255 1256 1257 1258 1259 1260 1261 1262]] [97 [1263 1264 1265 1266 1267 1268 1269 1270 1271 1272 1273 1274 1275]] [98 [1276 1277 1278 1279 1280 1281 1282 1283 1284 1285 1286 1287 1288]] [99 [1289 1290 1291 1292 1293 1294 1295 1296 1297 1298 1299 1300 1301]]]",,"[[{citizen 23} [[""A"" [3 3]]]] [{media 53} [[""A"" [3 3]]]] [{media 54} [[""A"" [3 3]]]] [{media 56} [[""A"" [3 3]]]] [{media 62} [[""A"" [3 3]]]] [{media 63} [[""A"" [3 3]]]] [{media 64} [[""A"" [3 3]]]] [{media 59} [[""A"" [3 3]]]] [{citizen 8} [[""A"" [3 3]]]] [{citizen 14} [[""A"" [3 3]]]] [{citizen 5} [[""A"" [3 3]]]] [{citizen 7} [[""A"" [3 3]]]] [{media 57} [[""A"" [3 3]]]] [{citizen 0} [[""A"" [3 3]]]] [{citizen 3} [[""A"" [3 3]]]] [{citizen 4} [[""A"" [3 3]]]] [{media 50} [[""A"" [3 3]]]] [{media 55} [[""A"" [3 3]]]] [{citizen 1} [[""A"" [3 3]]]] [{media 52} [[""A"" [3 3]]]] [{media 61} [[""A"" [3 3]]]] [{citizen 9} [[""A"" [3 3]]]] [{citizen 12} [[""A"" [3 3]]]] [{citizen 43} [[""A"" [3 3]]]] [{citizen 45} [[""A"" [3 3]]]] [{citizen 20} [[""A"" [3 3]]]] [{citizen 17} [[""A"" [3 3]]]] [{citizen 36} [[""A"" [3 3]]]] [{citizen 37} [[""A"" [3 3]]]] [{citizen 10} [[""A"" [3 3]]]] [{citizen 31} [[""A"" [3 3]]]] [{citizen 42} [[""A"" [3 3]]]] [{citizen 27} [[""A"" [3 3]]]] [{citizen 33} [[""A"" [3 3]]]] [{citizen 40} [[""A"" [3 3]]]] [{citizen 15} [[""A"" [3 3]]]] [{citizen 49} [[""A"" [3 3]]]] [{citizen 16} [[""A"" [3 3]]]] [{citizen 38} [[""A"" [3 3]]]] [{citizen 46} [[""A"" [3 3]]]] [{citizen 2} [[""A"" [3 3]]]] [{citizen 6} [[""A"" [3 3]]]] [{citizen 25} [[""A"" [3 3]]]] [{citizen 21} [[""A"" [3 3]]]] [{citizen 35} [[""A"" [3 3]]]] [{citizen 22} [[""A"" [3 3]]]] [{citizen 32} [[""A"" [3 3]]]] [{citizen 11} [[""A"" [3 3]]]] [{citizen 41} [[""A"" [3 3]]]] [{citizen 34} [[""A"" [3 3]]]] [{media 51} [[""A"" [3 3]]]] [{citizen 18} [[""A"" [3 3]]]] [{citizen 29} [[""A"" [3 3]]]] [{citizen 44} [[""A"" [3 3]]]] [{citizen 13} [[""A"" [3 3]]]] [{citizen 24} [[""A"" [3 3]]]] [{citizen 47} [[""A"" [3 3]]]] [{citizen 39} [[""A"" [3 3]]]] [{citizen 30} [[""A"" [3 3]]]] [{citizen 48} [[""A"" [3 3]]]] [{citizen 26} [[""A"" [3 3]]]] [{citizen 28} [[""A"" [3 3]]]]]"
"20","[128 0 127]","46.95652173913044","6.998081118464329","6.834874266193384","""circle""","""""","9.9","{breed citizens}","false","0.5","1","""up""",,"[[""ID"" 34] [""alpha"" 1] [""beta"" 1] [""malleable"" [""A""]] [""prior"" []] [""cont_tokens"" []] [""A"" 3]]","[[0 [0 1 2 3 4 6 7 8 9 10 13]] [1 [15 16 17 18 19 20 21 22 23 24 25 26 27]] [2 [28 29 30 31 32 33 34 35 36 37 38 39 40]] [3 [41 42 43 44 45 46 47 48 49 50 51 52 53]] [4 [54 55 56 57 58 59 60 61 62 63 64 65 66]] [5 [67 68 69 70 71 72 73 74 75 76 77 78 79]] [6 [80 81 82 83 84 85 86 87 88 89 90 91 92]] [7 [93 94 95 96 97 98 99 100 101 102 103 104 105]] [8 [106 107 108 109 110 111 112 113 114 115 116 117 118]] [9 [119 120 121 122 123 124 125 126 127 128 129 130 131]] [10 [132 133 134 135 136 137 138 139 140 141 142 143 144]] [11 [145 146 147 148 149 150 151 152 153 154 155 156 157]] [12 [158 159 160 161 162 163 164 165 166 167 168 169 170]] [13 [171 172 173 174 175 176 177 178 179 180 181 182 183]] [14 [184 185 186 187 188 189 190 191 192 193 194 195 196]] [15 [197 198 199 200 201 202 203 204 205 206 207 208 209]] [16 [210 211 212 213 214 215 216 217 218 219 220 221 222]] [17 [223 224 225 226 227 228 229 230 231 232 233 234 235]] [18 [236 237 238 239 240 241 242 243 244 245 246 247 248]] [19 [249 250 251 252 253 254 255 256 257 258 259 260 261]] [20 [262 263 264 265 266 267 268 269 270 271 272 273 274]] [21 [275 276 277 278 279 280 281 282 283 284 285 286 287]] [22 [288 289 290 291 292 293 294 295 296 297 298 299 300]] [23 [301 302 303 304 305 306 307 308 309 310 311 312 313]] [24 [314 315 316 317 318 319 320 321 322 323 324 325 326]] [25 [327 328 329 330 331 332 333 334 335 336 337 338 339]] [26 [340 341 342 343 344 345 346 347 348 349 350 351 352]] [27 [353 354 355 356 357 358 359 360 361 362 363 364 365]] [28 [366 367 368 369 370 371 372 373 374 375 376 377 378]] [29 [379 380 381 382 383 384 385 386 387 388 389 390 391]] [30 [392 393 394 395 396 397 398 399 400 401 402 403 404]] [31 [405 406 407 408 409 410 411 412 413 414 415 416 417]] [32 [418 419 420 421 422 423 424 425 426 427 428 429 430]] [33 [431 432 433 434 435 436 437 438 439 440 441 442 443]] [34 [444 445 446 447 448 449 450 451 452 453 454 455 456]] [35 [457 458 459 460 461 462 463 464 465 466 467 468 469]] [36 [470 471 472 473 474 475 476 477 478 479 480 481 482]] [37 [483 484 485 486 487 488 489 490 491 492 493 494 495]] [38 [496 497 498 499 500 501 502 503 504 505 506 507 508]] [39 [509 510 511 512 513 514 515 516 517 518 519 520 521]] [40 [522 523 524 525 526 527 528 529 530 531 532 533 534]] [41 [535 536 537 538 539 540 541 542 543 544 545 546 547]] [42 [548 549 550 551 552 553 554 555 556 557 558 559 560]] [43 [561 562 563 564 565 566 567 568 569 570 571 572 573]] [44 [574 575 576 577 578 579 580 581 582 583 584 585 586]] [45 [587 588 589 590 591 592 593 594 595 596 597 598 599]] [46 [600 601 602 603 604 605 606 607 608 609 610 611 612]] [47 [613 614 615 616 617 618 619 620 621 622 623 624 625]] [48 [626 627 628 629 630 631 632 633 634 635 636 637 638]] [49 [639 640 641 642 643 644 645 646 647 648 649 650 651]] [50 [652 653 654 655 656 657 658 659 660 661 662 663 664]] [51 [665 666 667 668 669 670 671 672 673 674 675 676 677]] [52 [678 679 680 681 682 683 684 685 686 687 688 689 690]] [53 [691 692 693 694 695 696 697 698 699 700 701 702 703]] [54 [704 705 706 707 708 709 710 711 712 713 714 715 716]] [55 [717 718 719 720 721 722 723 724 725 726 727 728 729]] [56 [730 731 732 733 734 735 736 737 738 739 740 741 742]] [57 [743 744 745 746 747 748 749 750 751 752 753 754 755]] [58 [756 757 758 759 760 761 762 763 764 765 766 767 768]] [59 [769 770 771 772 773 774 775 776 777 778 779 780 781]] [60 [782 783 784 785 786 787 788 789 790 791 792 793 794]] [61 [795 796 797 798 799 800 801 802 803 804 805 806 807]] [62 [808 809 810 811 812 813 814 815 816 817 818 819 820]] [63 [821 822 823 824 825 826 827 828 829 830 831 832 833]] [64 [834 835 836 837 838 839 840 841 842 843 844 845 846]] [65 [847 848 849 850 851 852 853 854 855 856 857 858 859]] [66 [860 861 862 863 864 865 866 867 868 869 870 871 872]] [67 [873 874 875 876 877 878 879 880 881 882 883 884 885]] [68 [886 887 888 889 890 891 892 893 894 895 896 897 898]] [69 [899 900 901 902 903 904 905 906 907 908 909 910 911]] [70 [912 913 914 915 916 917 918 919 920 921 922 923 924]] [71 [925 926 927 928 929 930 931 932 933 934 935 936 937]] [72 [938 939 940 941 942 943 944 945 946 947 948 949 950]] [73 [951 952 953 954 955 956 957 958 959 960 961 962 963]] [74 [964 965 966 967 968 969 970 971 972 973 974 975 976]] [75 [977 978 979 980 981 982 983 984 985 986 987 988 989]] [76 [990 991 992 993 994 995 996 997 998 999 1000 1001 1002]] [77 [1003 1004 1005 1006 1007 1008 1009 1010 1011 1012 1013 1014 1015]] [78 [1016 1017 1018 1019 1020 1021 1022 1023 1024 1025 1026 1027 1028]] [79 [1029 1030 1031 1032 1033 1034 1035 1036 1037 1038 1039 1040 1041]] [80 [1042 1043 1044 1045 1046 1047 1048 1049 1050 1051 1052 1053 1054]] [81 [1055 1056 1057 1058 1059 1060 1061 1062 1063 1064 1065 1066 1067]] [82 [1068 1069 1070 1071 1072 1073 1074 1075 1076 1077 1078 1079 1080]] [83 [1081 1082 1083 1084 1085 1086 1087 1088 1089 1090 1091 1092 1093]] [84 [1094 1095 1096 1097 1098 1099 1100 1101 1102 1103 1104 1105 1106]] [85 [1107 1108 1109 1110 1111 1112 1113 1114 1115 1116 1117 1118 1119]] [86 [1120 1121 1122 1123 1124 1125 1126 1127 1128 1129 1130 1131 1132]] [87 [1133 1134 1135 1136 1137 1138 1139 1140 1141 1142 1143 1144 1145]] [88 [1146 1147 1148 1149 1150 1151 1152 1153 1154 1155 1156 1157 1158]] [89 [1159 1160 1161 1162 1163 1164 1165 1166 1167 1168 1169 1170 1171]] [90 [1172 1173 1174 1175 1176 1177 1178 1179 1180 1181 1182 1183 1184]] [91 [1185 1186 1187 1188 1189 1190 1191 1192 1193 1194 1195 1196 1197]] [92 [1198 1199 1200 1201 1202 1203 1204 1205 1206 1207 1208 1209 1210]] [93 [1211 1212 1213 1214 1215 1216 1217 1218 1219 1220 1221 1222 1223]] [94 [1224 1225 1226 1227 1228 1229 1230 1231 1232 1233 1234 1235 1236]] [95 [1237 1238 1239 1240 1241 1242 1243 1244 1245 1246 1247 1248 1249]] [96 [1250 1251 1252 1253 1254 1255 1256 1257 1258 1259 1260 1261 1262]] [97 [1263 1264 1265 1266 1267 1268 1269 1270 1271 1272 1273 1274 1275]] [98 [1276 1277 1278 1279 1280 1281 1282 1283 1284 1285 1286 1287 1288]] [99 [1289 1290 1291 1292 1293 1294 1295 1296 1297 1298 1299 1300 1301]]]","[[0 [0 1 2 3 4 6 7 8 9 10 13]] [1 [15 16 17 18 19 20 21 22 23 24 25 26 27]] [2 [28 29 30 31 32 33 34 35 36 37 38 39 40]] [3 [41 42 43 44 45 46 47 48 49 50 51 52 53]] [4 [54 55 56 57 58 59 60 61 62 63 64 65 66]] [5 [67 68 69 70 71 72 73 74 75 76 77 78 79]] [6 [80 81 82 83 84 85 86 87 88 89 90 91 92]] [7 [93 94 95 96 97 98 99 100 101 102 103 104 105]] [8 [106 107 108 109 110 111 112 113 114 115 116 117 118]] [9 [119 120 121 122 123 124 125 126 127 128 129 130 131]] [10 [132 133 134 135 136 137 138 139 140 141 142 143 144]] [11 [145 146 147 148 149 150 151 152 153 154 155 156 157]] [12 [158 159 160 161 162 163 164 165 166 167 168 169 170]] [13 [171 172 173 174 175 176 177 178 179 180 181 182 183]] [14 [184 185 186 187 188 189 190 191 192 193 194 195 196]] [15 [197 198 199 200 201 202 203 204 205 206 207 208 209]] [16 [210 211 212 213 214 215 216 217 218 219 220 221 222]] [17 [223 224 225 226 227 228 229 230 231 232 233 234 235]] [18 [236 237 238 239 240 241 242 243 244 245 246 247 248]] [19 [249 250 251 252 253 254 255 256 257 258 259 260 261]] [20 [262 263 264 265 266 267 268 269 270 271 272 273 274]] [21 [275 276 277 278 279 280 281 282 283 284 285 286 287]] [22 [288 289 290 291 292 293 294 295 296 297 298 299 300]] [23 [301 302 303 304 305 306 307 308 309 310 311 312 313]] [24 [314 315 316 317 318 319 320 321 322 323 324 325 326]] [25 [327 328 329 330 331 332 333 334 335 336 337 338 339]] [26 [340 341 342 343 344 345 346 347 348 349 350 351 352]] [27 [353 354 355 356 357 358 359 360 361 362 363 364 365]] [28 [366 367 368 369 370 371 372 373 374 375 376 377 378]] [29 [379 380 381 382 383 384 385 386 387 388 389 390 391]] [30 [392 393 394 395 396 397 398 399 400 401 402 403 404]] [31 [405 406 407 408 409 410 411 412 413 414 415 416 417]] [32 [418 419 420 421 422 423 424 425 426 427 428 429 430]] [33 [431 432 433 434 435 436 437 438 439 440 441 442 443]] [34 [444 445 446 447 448 449 450 451 452 453 454 455 456]] [35 [457 458 459 460 461 462 463 464 465 466 467 468 469]] [36 [470 471 472 473 474 475 476 477 478 479 480 481 482]] [37 [483 484 485 486 487 488 489 490 491 492 493 494 495]] [38 [496 497 498 499 500 501 502 503 504 505 506 507 508]] [39 [509 510 511 512 513 514 515 516 517 518 519 520 521]] [40 [522 523 524 525 526 527 528 529 530 531 532 533 534]] [41 [535 536 537 538 539 540 541 542 543 544 545 546 547]] [42 [548 549 550 551 552 553 554 555 556 557 558 559 560]] [43 [561 562 563 564 565 566 567 568 569 570 571 572 573]] [44 [574 575 576 577 578 579 580 581 582 583 584 585 586]] [45 [587 588 589 590 591 592 593 594 595 596 597 598 599]] [46 [600 601 602 603 604 605 606 607 608 609 610 611 612]] [47 [613 614 615 616 617 618 619 620 621 622 623 624 625]] [48 [626 627 628 629 630 631 632 633 634 635 636 637 638]] [49 [639 640 641 642 643 644 645 646 647 648 649 650 651]] [50 [652 653 654 655 656 657 658 659 660 661 662 663 664]] [51 [665 666 667 668 669 670 671 672 673 674 675 676 677]] [52 [678 679 680 681 682 683 684 685 686 687 688 689 690]] [53 [691 692 693 694 695 696 697 698 699 700 701 702 703]] [54 [704 705 706 707 708 709 710 711 712 713 714 715 716]] [55 [717 718 719 720 721 722 723 724 725 726 727 728 729]] [56 [730 731 732 733 734 735 736 737 738 739 740 741 742]] [57 [743 744 745 746 747 748 749 750 751 752 753 754 755]] [58 [756 757 758 759 760 761 762 763 764 765 766 767 768]] [59 [769 770 771 772 773 774 775 776 777 778 779 780 781]] [60 [782 783 784 785 786 787 788 789 790 791 792 793 794]] [61 [795 796 797 798 799 800 801 802 803 804 805 806 807]] [62 [808 809 810 811 812 813 814 815 816 817 818 819 820]] [63 [821 822 823 824 825 826 827 828 829 830 831 832 833]] [64 [834 835 836 837 838 839 840 841 842 843 844 845 846]] [65 [847 848 849 850 851 852 853 854 855 856 857 858 859]] [66 [860 861 862 863 864 865 866 867 868 869 870 871 872]] [67 [873 874 875 876 877 878 879 880 881 882 883 884 885]] [68 [886 887 888 889 890 891 892 893 894 895 896 897 898]] [69 [899 900 901 902 903 904 905 906 907 908 909 910 911]] [70 [912 913 914 915 916 917 918 919 920 921 922 923 924]] [71 [925 926 927 928 929 930 931 932 933 934 935 936 937]] [72 [938 939 940 941 942 943 944 945 946 947 948 949 950]] [73 [951 952 953 954 955 956 957 958 959 960 961 962 963]] [74 [964 965 966 967 968 969 970 971 972 973 974 975 976]] [75 [977 978 979 980 981 982 983 984 985 986 987 988 989]] [76 [990 991 992 993 994 995 996 997 998 999 1000 1001 1002]] [77 [1003 1004 1005 1006 1007 1008 1009 1010 1011 1012 1013 1014 1015]] [78 [1016 1017 1018 1019 1020 1021 1022 1023 1024 1025 1026 1027 1028]] [79 [1029 1030 1031 1032 1033 1034 1035 1036 1037 1038 1039 1040 1041]] [80 [1042 1043 1044 1045 1046 1047 1048 1049 1050 1051 1052 1053 1054]] [81 [1055 1056 1057 1058 1059 1060 1061 1062 1063 1064 1065 1066 1067]] [82 [1068 1069 1070 1071 1072 1073 1074 1075 1076 1077 1078 1079 1080]] [83 [1081 1082 1083 1084 1085 1086 1087 1088 1089 1090 1091 1092 1093]] [84 [1094 1095 1096 1097 1098 1099 1100 1101 1102 1103 1104 1105 1106]] [85 [1107 1108 1109 1110 1111 1112 1113 1114 1115 1116 1117 1118 1119]] [86 [1120 1121 1122 1123 1124 1125 1126 1127 1128 1129 1130 1131 1132]] [87 [1133 1134 1135 1136 1137 1138 1139 1140 1141 1142 1143 1144 1145]] [88 [1146 1147 1148 1149 1150 1151 1152 1153 1154 1155 1156 1157 1158]] [89 [1159 1160 1161 1162 1163 1164 1165 1166 1167 1168 1169 1170 1171]] [90 [1172 1173 1174 1175 1176 1177 1178 1179 1180 1181 1182 1183 1184]] [91 [1185 1186 1187 1188 1189 1190 1191 1192 1193 1194 1195 1196 1197]] [92 [1198 1199 1200 1201 1202 1203 1204 1205 1206 1207 1208 1209 1210]] [93 [1211 1212 1213 1214 1215 1216 1217 1218 1219 1220 1221 1222 1223]] [94 [1224 1225 1226 1227 1228 1229 1230 1231 1232 1233 1234 1235 1236]] [95 [1237 1238 1239 1240 1241 1242 1243 1244 1245 1246 1247 1248 1249]] [96 [1250 1251 1252 1253 1254 1255 1256 1257 1258 1259 1260 1261 1262]] [97 [1263 1264 1265 1266 1267 1268 1269 1270 1271 1272 1273 1274 1275]] [98 [1276 1277 1278 1279 1280 1281 1282 1283 1284 1285 1286 1287 1288]] [99 [1289 1290 1291 1292 1293 1294 1295 1296 1297 1298 1299 1300 1301]]]",,"[[{citizen 25} [[""A"" [3 3]]]] [{citizen 43} [[""A"" [3 3]]]] [{citizen 47} [[""A"" [3 3]]]] [{media 56} [[""A"" [3 3]]]] [{media 57} [[""A"" [3 3]]]] [{media 59} [[""A"" [3 3]]]] [{media 63} [[""A"" [3 3]]]] [{media 64} [[""A"" [3 3]]]] [{citizen 6} [[""A"" [3 3]]]] [{media 54} [[""A"" [3 3]]]] [{citizen 5} [[""A"" [3 3]]]] [{citizen 17} [[""A"" [3 3]]]] [{media 50} [[""A"" [3 3]]]] [{citizen 0} [[""A"" [3 3]]]] [{citizen 4} [[""A"" [3 3]]]] [{media 55} [[""A"" [3 3]]]] [{citizen 1} [[""A"" [3 3]]]] [{citizen 8} [[""A"" [3 3]]]] [{media 62} [[""A"" [3 3]]]] [{media 53} [[""A"" [3 3]]]] [{citizen 2} [[""A"" [3 3]]]] [{media 52} [[""A"" [3 3]]]] [{citizen 3} [[""A"" [3 3]]]] [{media 61} [[""A"" [3 3]]]] [{citizen 9} [[""A"" [3 3]]]] [{citizen 12} [[""A"" [3 3]]]] [{citizen 45} [[""A"" [3 3]]]] [{citizen 15} [[""A"" [3 3]]]] [{citizen 49} [[""A"" [3 3]]]] [{citizen 7} [[""A"" [3 3]]]] [{citizen 23} [[""A"" [3 3]]]] [{citizen 37} [[""A"" [3 3]]]] [{citizen 19} [[""A"" [3 3]]]] [{citizen 21} [[""A"" [3 3]]]] [{citizen 41} [[""A"" [3 3]]]] [{citizen 14} [[""A"" [3 3]]]] [{citizen 29} [[""A"" [3 3]]]] [{citizen 10} [[""A"" [3 3]]]] [{citizen 34} [[""A"" [3 3]]]] [{citizen 11} [[""A"" [3 3]]]] [{citizen 42} [[""A"" [3 3]]]] [{citizen 16} [[""A"" [3 3]]]] [{citizen 38} [[""A"" [3 3]]]] [{media 51} [[""A"" [3 3]]]] [{citizen 35} [[""A"" [3 3]]]] [{citizen 40} [[""A"" [3 3]]]] [{citizen 31} [[""A"" [3 3]]]] [{citizen 18} [[""A"" [3 3]]]] [{citizen 33} [[""A"" [3 3]]]] [{citizen 22} [[""A"" [3 3]]]] [{citizen 32} [[""A"" [3 3]]]] [{citizen 27} [[""A"" [3 3]]]] [{citizen 30} [[""A"" [3 3]]]] [{citizen 44} [[""A"" [3 3]]]] [{citizen 13} [[""A"" [3 3]]]] [{citizen 36} [[""A"" [3 3]]]] [{citizen 46} [[""A"" [3 3]]]] [{citizen 39} [[""A"" [3 3]]]] [{citizen 48} [[""A"" [3 3]]]] [{citizen 26} [[""A"" [3 3]]]] [{citizen 24} [[""A"" [3 3]]]] [{citizen 28} [[""A"" [3 3]]]]]"
"21","[128 0 127]","164.3478260869565","2.3869867356274073","-9.526767217266064","""circle""","""""","9.9","{breed citizens}","false","0.5","1","""up""",,"[[""ID"" 24] [""alpha"" 1] [""beta"" 1] [""malleable"" [""A""]] [""prior"" []] [""cont_tokens"" []] [""A"" 3]]","[[0 [0 1 2 3 4 5 6 7 8 9 10 12 13]] [1 [15 16 17 18 19 20 21 22 23 24 25 26 27]] [2 [28 29 30 31 32 33 34 35 36 37 38 39 40]] [3 [41 42 43 44 45 46 47 48 49 50 51 52 53]] [4 [54 55 56 57 58 59 60 61 62 63 64 65 66]] [5 [67 68 69 70 71 72 73 74 75 76 77 78 79]] [6 [80 81 82 83 84 85 86 87 88 89 90 91 92]] [7 [93 94 95 96 97 98 99 100 101 102 103 104 105]] [8 [106 107 108 109 110 111 112 113 114 115 116 117 118]] [9 [119 120 121 122 123 124 125 126 127 128 129 130 131]] [10 [132 133 134 135 136 137 138 139 140 141 142 143 144]] [11 [145 146 147 148 149 150 151 152 153 154 155 156 157]] [12 [158 159 160 161 162 163 164 165 166 167 168 169 170]] [13 [171 172 173 174 175 176 177 178 179 180 181 182 183]] [14 [184 185 186 187 188 189 190 191 192 193 194 195 196]] [15 [197 198 199 200 201 202 203 204 205 206 207 208 209]] [16 [210 211 212 213 214 215 216 217 218 219 220 221 222]] [17 [223 224 225 226 227 228 229 230 231 232 233 234 235]] [18 [236 237 238 239 240 241 242 243 244 245 246 247 248]] [19 [249 250 251 252 253 254 255 256 257 258 259 260 261]] [20 [262 263 264 265 266 267 268 269 270 271 272 273 274]] [21 [275 276 277 278 279 280 281 282 283 284 285 286 287]] [22 [288 289 290 291 292 293 294 295 296 297 298 299 300]] [23 [301 302 303 304 305 306 307 308 309 310 311 312 313]] [24 [314 315 316 317 318 319 320 321 322 323 324 325 326]] [25 [327 328 329 330 331 332 333 334 335 336 337 338 339]] [26 [340 341 342 343 344 345 346 347 348 349 350 351 352]] [27 [353 354 355 356 357 358 359 360 361 362 363 364 365]] [28 [366 367 368 369 370 371 372 373 374 375 376 377 378]] [29 [379 380 381 382 383 384 385 386 387 388 389 390 391]] [30 [392 393 394 395 396 397 398 399 400 401 402 403 404]] [31 [405 406 407 408 409 410 411 412 413 414 415 416 417]] [32 [418 419 420 421 422 423 424 425 426 427 428 429 430]] [33 [431 432 433 434 435 436 437 438 439 440 441 442 443]] [34 [444 445 446 447 448 449 450 451 452 453 454 455 456]] [35 [457 458 459 460 461 462 463 464 465 466 467 468 469]] [36 [470 471 472 473 474 475 476 477 478 479 480 481 482]] [37 [483 484 485 486 487 488 489 490 491 492 493 494 495]] [38 [496 497 498 499 500 501 502 503 504 505 506 507 508]] [39 [509 510 511 512 513 514 515 516 517 518 519 520 521]] [40 [522 523 524 525 526 527 528 529 530 531 532 533 534]] [41 [535 536 537 538 539 540 541 542 543 544 545 546 547]] [42 [548 549 550 551 552 553 554 555 556 557 558 559 560]] [43 [561 562 563 564 565 566 567 568 569 570 571 572 573]] [44 [574 575 576 577 578 579 580 581 582 583 584 585 586]] [45 [587 588 589 590 591 592 593 594 595 596 597 598 599]] [46 [600 601 602 603 604 605 606 607 608 609 610 611 612]] [47 [613 614 615 616 617 618 619 620 621 622 623 624 625]] [48 [626 627 628 629 630 631 632 633 634 635 636 637 638]] [49 [639 640 641 642 643 644 645 646 647 648 649 650 651]] [50 [652 653 654 655 656 657 658 659 660 661 662 663 664]] [51 [665 666 667 668 669 670 671 672 673 674 675 676 677]] [52 [678 679 680 681 682 683 684 685 686 687 688 689 690]] [53 [691 692 693 694 695 696 697 698 699 700 701 702 703]] [54 [704 705 706 707 708 709 710 711 712 713 714 715 716]] [55 [717 718 719 720 721 722 723 724 725 726 727 728 729]] [56 [730 731 732 733 734 735 736 737 738 739 740 741 742]] [57 [743 744 745 746 747 748 749 750 751 752 753 754 755]] [58 [756 757 758 759 760 761 762 763 764 765 766 767 768]] [59 [769 770 771 772 773 774 775 776 777 778 779 780 781]] [60 [782 783 784 785 786 787 788 789 790 791 792 793 794]] [61 [795 796 797 798 799 800 801 802 803 804 805 806 807]] [62 [808 809 810 811 812 813 814 815 816 817 818 819 820]] [63 [821 822 823 824 825 826 827 828 829 830 831 832 833]] [64 [834 835 836 837 838 839 840 841 842 843 844 845 846]] [65 [847 848 849 850 851 852 853 854 855 856 857 858 859]] [66 [860 861 862 863 864 865 866 867 868 869 870 871 872]] [67 [873 874 875 876 877 878 879 880 881 882 883 884 885]] [68 [886 887 888 889 890 891 892 893 894 895 896 897 898]] [69 [899 900 901 902 903 904 905 906 907 908 909 910 911]] [70 [912 913 914 915 916 917 918 919 920 921 922 923 924]] [71 [925 926 927 928 929 930 931 932 933 934 935 936 937]] [72 [938 939 940 941 942 943 944 945 946 947 948 949 950]] [73 [951 952 953 954 955 956 957 958 959 960 961 962 963]] [74 [964 965 966 967 968 969 970 971 972 973 974 975 976]] [75 [977 978 979 980 981 982 983 984 985 986 987 988 989]] [76 [990 991 992 993 994 995 996 997 998 999 1000 1001 1002]] [77 [1003 1004 1005 1006 1007 1008 1009 1010 1011 1012 1013 1014 1015]] [78 [1016 1017 1018 1019 1020 1021 1022 1023 1024 1025 1026 1027 1028]] [79 [1029 1030 1031 1032 1033 1034 1035 1036 1037 1038 1039 1040 1041]] [80 [1042 1043 1044 1045 1046 1047 1048 1049 1050 1051 1052 1053 1054]] [81 [1055 1056 1057 1058 1059 1060 1061 1062 1063 1064 1065 1066 1067]] [82 [1068 1069 1070 1071 1072 1073 1074 1075 1076 1077 1078 1079 1080]] [83 [1081 1082 1083 1084 1085 1086 1087 1088 1089 1090 1091 1092 1093]] [84 [1094 1095 1096 1097 1098 1099 1100 1101 1102 1103 1104 1105 1106]] [85 [1107 1108 1109 1110 1111 1112 1113 1114 1115 1116 1117 1118 1119]] [86 [1120 1121 1122 1123 1124 1125 1126 1127 1128 1129 1130 1131 1132]] [87 [1133 1134 1135 1136 1137 1138 1139 1140 1141 1142 1143 1144 1145]] [88 [1146 1147 1148 1149 1150 1151 1152 1153 1154 1155 1156 1157 1158]] [89 [1159 1160 1161 1162 1163 1164 1165 1166 1167 1168 1169 1170 1171]] [90 [1172 1173 1174 1175 1176 1177 1178 1179 1180 1181 1182 1183 1184]] [91 [1185 1186 1187 1188 1189 1190 1191 1192 1193 1194 1195 1196 1197]] [92 [1198 1199 1200 1201 1202 1203 1204 1205 1206 1207 1208 1209 1210]] [93 [1211 1212 1213 1214 1215 1216 1217 1218 1219 1220 1221 1222 1223]] [94 [1224 1225 1226 1227 1228 1229 1230 1231 1232 1233 1234 1235 1236]] [95 [1237 1238 1239 1240 1241 1242 1243 1244 1245 1246 1247 1248 1249]] [96 [1250 1251 1252 1253 1254 1255 1256 1257 1258 1259 1260 1261 1262]] [97 [1263 1264 1265 1266 1267 1268 1269 1270 1271 1272 1273 1274 1275]] [98 [1276 1277 1278 1279 1280 1281 1282 1283 1284 1285 1286 1287 1288]] [99 [1289 1290 1291 1292 1293 1294 1295 1296 1297 1298 1299 1300 1301]]]","[[0 [0 1 2 3 4 5 6 7 8 9 10 12 13]] [1 [15 16 17 18 19 20 21 22 23 24 25 26 27]] [2 [28 29 30 31 32 33 34 35 36 37 38 39 40]] [3 [41 42 43 44 45 46 47 48 49 50 51 52 53]] [4 [54 55 56 57 58 59 60 61 62 63 64 65 66]] [5 [67 68 69 70 71 72 73 74 75 76 77 78 79]] [6 [80 81 82 83 84 85 86 87 88 89 90 91 92]] [7 [93 94 95 96 97 98 99 100 101 102 103 104 105]] [8 [106 107 108 109 110 111 112 113 114 115 116 117 118]] [9 [119 120 121 122 123 124 125 126 127 128 129 130 131]] [10 [132 133 134 135 136 137 138 139 140 141 142 143 144]] [11 [145 146 147 148 149 150 151 152 153 154 155 156 157]] [12 [158 159 160 161 162 163 164 165 166 167 168 169 170]] [13 [171 172 173 174 175 176 177 178 179 180 181 182 183]] [14 [184 185 186 187 188 189 190 191 192 193 194 195 196]] [15 [197 198 199 200 201 202 203 204 205 206 207 208 209]] [16 [210 211 212 213 214 215 216 217 218 219 220 221 222]] [17 [223 224 225 226 227 228 229 230 231 232 233 234 235]] [18 [236 237 238 239 240 241 242 243 244 245 246 247 248]] [19 [249 250 251 252 253 254 255 256 257 258 259 260 261]] [20 [262 263 264 265 266 267 268 269 270 271 272 273 274]] [21 [275 276 277 278 279 280 281 282 283 284 285 286 287]] [22 [288 289 290 291 292 293 294 295 296 297 298 299 300]] [23 [301 302 303 304 305 306 307 308 309 310 311 312 313]] [24 [314 315 316 317 318 319 320 321 322 323 324 325 326]] [25 [327 328 329 330 331 332 333 334 335 336 337 338 339]] [26 [340 341 342 343 344 345 346 347 348 349 350 351 352]] [27 [353 354 355 356 357 358 359 360 361 362 363 364 365]] [28 [366 367 368 369 370 371 372 373 374 375 376 377 378]] [29 [379 380 381 382 383 384 385 386 387 388 389 390 391]] [30 [392 393 394 395 396 397 398 399 400 401 402 403 404]] [31 [405 406 407 408 409 410 411 412 413 414 415 416 417]] [32 [418 419 420 421 422 423 424 425 426 427 428 429 430]] [33 [431 432 433 434 435 436 437 438 439 440 441 442 443]] [34 [444 445 446 447 448 449 450 451 452 453 454 455 456]] [35 [457 458 459 460 461 462 463 464 465 466 467 468 469]] [36 [470 471 472 473 474 475 476 477 478 479 480 481 482]] [37 [483 484 485 486 487 488 489 490 491 492 493 494 495]] [38 [496 497 498 499 500 501 502 503 504 505 506 507 508]] [39 [509 510 511 512 513 514 515 516 517 518 519 520 521]] [40 [522 523 524 525 526 527 528 529 530 531 532 533 534]] [41 [535 536 537 538 539 540 541 542 543 544 545 546 547]] [42 [548 549 550 551 552 553 554 555 556 557 558 559 560]] [43 [561 562 563 564 565 566 567 568 569 570 571 572 573]] [44 [574 575 576 577 578 579 580 581 582 583 584 585 586]] [45 [587 588 589 590 591 592 593 594 595 596 597 598 599]] [46 [600 601 602 603 604 605 606 607 608 609 610 611 612]] [47 [613 614 615 616 617 618 619 620 621 622 623 624 625]] [48 [626 627 628 629 630 631 632 633 634 635 636 637 638]] [49 [639 640 641 642 643 644 645 646 647 648 649 650 651]] [50 [652 653 654 655 656 657 658 659 660 661 662 663 664]] [51 [665 666 667 668 669 670 671 672 673 674 675 676 677]] [52 [678 679 680 681 682 683 684 685 686 687 688 689 690]] [53 [691 692 693 694 695 696 697 698 699 700 701 702 703]] [54 [704 705 706 707 708 709 710 711 712 713 714 715 716]] [55 [717 718 719 720 721 722 723 724 725 726 727 728 729]] [56 [730 731 732 733 734 735 736 737 738 739 740 741 742]] [57 [743 744 745 746 747 748 749 750 751 752 753 754 755]] [58 [756 757 758 759 760 761 762 763 764 765 766 767 768]] [59 [769 770 771 772 773 774 775 776 777 778 779 780 781]] [60 [782 783 784 785 786 787 788 789 790 791 792 793 794]] [61 [795 796 797 798 799 800 801 802 803 804 805 806 807]] [62 [808 809 810 811 812 813 814 815 816 817 818 819 820]] [63 [821 822 823 824 825 826 827 828 829 830 831 832 833]] [64 [834 835 836 837 838 839 840 841 842 843 844 845 846]] [65 [847 848 849 850 851 852 853 854 855 856 857 858 859]] [66 [860 861 862 863 864 865 866 867 868 869 870 871 872]] [67 [873 874 875 876 877 878 879 880 881 882 883 884 885]] [68 [886 887 888 889 890 891 892 893 894 895 896 897 898]] [69 [899 900 901 902 903 904 905 906 907 908 909 910 911]] [70 [912 913 914 915 916 917 918 919 920 921 922 923 924]] [71 [925 926 927 928 929 930 931 932 933 934 935 936 937]] [72 [938 939 940 941 942 943 944 945 946 947 948 949 950]] [73 [951 952 953 954 955 956 957 958 959 960 961 962 963]] [74 [964 965 966 967 968 969 970 971 972 973 974 975 976]] [75 [977 978 979 980 981 982 983 984 985 986 987 988 989]] [76 [990 991 992 993 994 995 996 997 998 999 1000 1001 1002]] [77 [1003 1004 1005 1006 1007 1008 1009 1010 1011 1012 1013 1014 1015]] [78 [1016 1017 1018 1019 1020 1021 1022 1023 1024 1025 1026 1027 1028]] [79 [1029 1030 1031 1032 1033 1034 1035 1036 1037 1038 1039 1040 1041]] [80 [1042 1043 1044 1045 1046 1047 1048 1049 1050 1051 1052 1053 1054]] [81 [1055 1056 1057 1058 1059 1060 1061 1062 1063 1064 1065 1066 1067]] [82 [1068 1069 1070 1071 1072 1073 1074 1075 1076 1077 1078 1079 1080]] [83 [1081 1082 1083 1084 1085 1086 1087 1088 1089 1090 1091 1092 1093]] [84 [1094 1095 1096 1097 1098 1099 1100 1101 1102 1103 1104 1105 1106]] [85 [1107 1108 1109 1110 1111 1112 1113 1114 1115 1116 1117 1118 1119]] [86 [1120 1121 1122 1123 1124 1125 1126 1127 1128 1129 1130 1131 1132]] [87 [1133 1134 1135 1136 1137 1138 1139 1140 1141 1142 1143 1144 1145]] [88 [1146 1147 1148 1149 1150 1151 1152 1153 1154 1155 1156 1157 1158]] [89 [1159 1160 1161 1162 1163 1164 1165 1166 1167 1168 1169 1170 1171]] [90 [1172 1173 1174 1175 1176 1177 1178 1179 1180 1181 1182 1183 1184]] [91 [1185 1186 1187 1188 1189 1190 1191 1192 1193 1194 1195 1196 1197]] [92 [1198 1199 1200 1201 1202 1203 1204 1205 1206 1207 1208 1209 1210]] [93 [1211 1212 1213 1214 1215 1216 1217 1218 1219 1220 1221 1222 1223]] [94 [1224 1225 1226 1227 1228 1229 1230 1231 1232 1233 1234 1235 1236]] [95 [1237 1238 1239 1240 1241 1242 1243 1244 1245 1246 1247 1248 1249]] [96 [1250 1251 1252 1253 1254 1255 1256 1257 1258 1259 1260 1261 1262]] [97 [1263 1264 1265 1266 1267 1268 1269 1270 1271 1272 1273 1274 1275]] [98 [1276 1277 1278 1279 1280 1281 1282 1283 1284 1285 1286 1287 1288]] [99 [1289 1290 1291 1292 1293 1294 1295 1296 1297 1298 1299 1300 1301]]]",,"[[{citizen 35} [[""A"" [3 3]]]] [{media 56} [[""A"" [3 3]]]] [{media 57} [[""A"" [3 3]]]] [{media 59} [[""A"" [3 3]]]] [{media 63} [[""A"" [3 3]]]] [{media 64} [[""A"" [3 3]]]] [{citizen 15} [[""A"" [3 3]]]] [{media 54} [[""A"" [3 3]]]] [{citizen 5} [[""A"" [3 3]]]] [{citizen 7} [[""A"" [3 3]]]] [{citizen 9} [[""A"" [3 3]]]] [{media 50} [[""A"" [3 3]]]] [{citizen 4} [[""A"" [3 3]]]] [{media 61} [[""A"" [3 3]]]] [{media 55} [[""A"" [3 3]]]] [{citizen 0} [[""A"" [3 3]]]] [{citizen 1} [[""A"" [3 3]]]] [{media 62} [[""A"" [3 3]]]] [{media 53} [[""A"" [3 3]]]] [{citizen 2} [[""A"" [3 3]]]] [{citizen 12} [[""A"" [3 3]]]] [{media 51} [[""A"" [3 3]]]] [{media 52} [[""A"" [3 3]]]] [{citizen 3} [[""A"" [3 3]]]] [{citizen 43} [[""A"" [3 3]]]] [{citizen 45} [[""A"" [3 3]]]] [{citizen 20} [[""A"" [3 3]]]] [{citizen 17} [[""A"" [3 3]]]] [{citizen 36} [[""A"" [3 3]]]] [{citizen 37} [[""A"" [3 3]]]] [{citizen 10} [[""A"" [3 3]]]] [{citizen 31} [[""A"" [3 3]]]] [{citizen 14} [[""A"" [3 3]]]] [{citizen 42} [[""A"" [3 3]]]] [{citizen 27} [[""A"" [3 3]]]] [{citizen 33} [[""A"" [3 3]]]] [{citizen 40} [[""A"" [3 3]]]] [{citizen 19} [[""A"" [3 3]]]] [{citizen 34} [[""A"" [3 3]]]] [{citizen 16} [[""A"" [3 3]]]] [{citizen 38} [[""A"" [3 3]]]] [{citizen 24} [[""A"" [3 3]]]] [{citizen 32} [[""A"" [3 3]]]] [{citizen 49} [[""A"" [3 3]]]] [{citizen 23} [[""A"" [3 3]]]] [{citizen 8} [[""A"" [3 3]]]] [{citizen 46} [[""A"" [3 3]]]] [{citizen 6} [[""A"" [3 3]]]] [{citizen 25} [[""A"" [3 3]]]] [{citizen 11} [[""A"" [3 3]]]] [{citizen 41} [[""A"" [3 3]]]] [{citizen 18} [[""A"" [3 3]]]] [{citizen 22} [[""A"" [3 3]]]] [{citizen 44} [[""A"" [3 3]]]] [{citizen 29} [[""A"" [3 3]]]] [{citizen 48} [[""A"" [3 3]]]] [{citizen 30} [[""A"" [3 3]]]] [{citizen 47} [[""A"" [3 3]]]] [{citizen 13} [[""A"" [3 3]]]] [{citizen 26} [[""A"" [3 3]]]] [{citizen 28} [[""A"" [3 3]]]] [{citizen 39} [[""A"" [3 3]]]]]"
"22","[128 0 127]","262.17391304347825","-5.128052162350802","-0.42944230248186127","""circle""","""""","9.9","{breed citizens}","false","0.5","1","""up""",,"[[""ID"" 33] [""alpha"" 1] [""beta"" 1] [""malleable"" [""A""]] [""prior"" []] [""cont_tokens"" []] [""A"" 3]]","[[0 [0 1 2 3 4 6 7 8 9 10 13]] [1 [15 16 17 18 19 20 21 22 23 24 25 26 27]] [2 [28 29 30 31 32 33 34 35 36 37 38 39 40]] [3 [41 42 43 44 45 46 47 48 49 50 51 52 53]] [4 [54 55 56 57 58 59 60 61 62 63 64 65 66]] [5 [67 68 69 70 71 72 73 74 75 76 77 78 79]] [6 [80 81 82 83 84 85 86 87 88 89 90 91 92]] [7 [93 94 95 96 97 98 99 100 101 102 103 104 105]] [8 [106 107 108 109 110 111 112 113 114 115 116 117 118]] [9 [119 120 121 122 123 124 125 126 127 128 129 130 131]] [10 [132 133 134 135 136 137 138 139 140 141 142 143 144]] [11 [145 146 147 148 149 150 151 152 153 154 155 156 157]] [12 [158 159 160 161 162 163 164 165 166 167 168 169 170]] [13 [171 172 173 174 175 176 177 178 179 180 181 182 183]] [14 [184 185 186 187 188 189 190 191 192 193 194 195 196]] [15 [197 198 199 200 201 202 203 204 205 206 207 208 209]] [16 [210 211 212 213 214 215 216 217 218 219 220 221 222]] [17 [223 224 225 226 227 228 229 230 231 232 233 234 235]] [18 [236 237 238 239 240 241 242 243 244 245 246 247 248]] [19 [249 250 251 252 253 254 255 256 257 258 259 260 261]] [20 [262 263 264 265 266 267 268 269 270 271 272 273 274]] [21 [275 276 277 278 279 280 281 282 283 284 285 286 287]] [22 [288 289 290 291 292 293 294 295 296 297 298 299 300]] [23 [301 302 303 304 305 306 307 308 309 310 311 312 313]] [24 [314 315 316 317 318 319 320 321 322 323 324 325 326]] [25 [327 328 329 330 331 332 333 334 335 336 337 338 339]] [26 [340 341 342 343 344 345 346 347 348 349 350 351 352]] [27 [353 354 355 356 357 358 359 360 361 362 363 364 365]] [28 [366 367 368 369 370 371 372 373 374 375 376 377 378]] [29 [379 380 381 382 383 384 385 386 387 388 389 390 391]] [30 [392 393 394 395 396 397 398 399 400 401 402 403 404]] [31 [405 406 407 408 409 410 411 412 413 414 415 416 417]] [32 [418 419 420 421 422 423 424 425 426 427 428 429 430]] [33 [431 432 433 434 435 436 437 438 439 440 441 442 443]] [34 [444 445 446 447 448 449 450 451 452 453 454 455 456]] [35 [457 458 459 460 461 462 463 464 465 466 467 468 469]] [36 [470 471 472 473 474 475 476 477 478 479 480 481 482]] [37 [483 484 485 486 487 488 489 490 491 492 493 494 495]] [38 [496 497 498 499 500 501 502 503 504 505 506 507 508]] [39 [509 510 511 512 513 514 515 516 517 518 519 520 521]] [40 [522 523 524 525 526 527 528 529 530 531 532 533 534]] [41 [535 536 537 538 539 540 541 542 543 544 545 546 547]] [42 [548 549 550 551 552 553 554 555 556 557 558 559 560]] [43 [561 562 563 564 565 566 567 568 569 570 571 572 573]] [44 [574 575 576 577 578 579 580 581 582 583 584 585 586]] [45 [587 588 589 590 591 592 593 594 595 596 597 598 599]] [46 [600 601 602 603 604 605 606 607 608 609 610 611 612]] [47 [613 614 615 616 617 618 619 620 621 622 623 624 625]] [48 [626 627 628 629 630 631 632 633 634 635 636 637 638]] [49 [639 640 641 642 643 644 645 646 647 648 649 650 651]] [50 [652 653 654 655 656 657 658 659 660 661 662 663 664]] [51 [665 666 667 668 669 670 671 672 673 674 675 676 677]] [52 [678 679 680 681 682 683 684 685 686 687 688 689 690]] [53 [691 692 693 694 695 696 697 698 699 700 701 702 703]] [54 [704 705 706 707 708 709 710 711 712 713 714 715 716]] [55 [717 718 719 720 721 722 723 724 725 726 727 728 729]] [56 [730 731 732 733 734 735 736 737 738 739 740 741 742]] [57 [743 744 745 746 747 748 749 750 751 752 753 754 755]] [58 [756 757 758 759 760 761 762 763 764 765 766 767 768]] [59 [769 770 771 772 773 774 775 776 777 778 779 780 781]] [60 [782 783 784 785 786 787 788 789 790 791 792 793 794]] [61 [795 796 797 798 799 800 801 802 803 804 805 806 807]] [62 [808 809 810 811 812 813 814 815 816 817 818 819 820]] [63 [821 822 823 824 825 826 827 828 829 830 831 832 833]] [64 [834 835 836 837 838 839 840 841 842 843 844 845 846]] [65 [847 848 849 850 851 852 853 854 855 856 857 858 859]] [66 [860 861 862 863 864 865 866 867 868 869 870 871 872]] [67 [873 874 875 876 877 878 879 880 881 882 883 884 885]] [68 [886 887 888 889 890 891 892 893 894 895 896 897 898]] [69 [899 900 901 902 903 904 905 906 907 908 909 910 911]] [70 [912 913 914 915 916 917 918 919 920 921 922 923 924]] [71 [925 926 927 928 929 930 931 932 933 934 935 936 937]] [72 [938 939 940 941 942 943 944 945 946 947 948 949 950]] [73 [951 952 953 954 955 956 957 958 959 960 961 962 963]] [74 [964 965 966 967 968 969 970 971 972 973 974 975 976]] [75 [977 978 979 980 981 982 983 984 985 986 987 988 989]] [76 [990 991 992 993 994 995 996 997 998 999 1000 1001 1002]] [77 [1003 1004 1005 1006 1007 1008 1009 1010 1011 1012 1013 1014 1015]] [78 [1016 1017 1018 1019 1020 1021 1022 1023 1024 1025 1026 1027 1028]] [79 [1029 1030 1031 1032 1033 1034 1035 1036 1037 1038 1039 1040 1041]] [80 [1042 1043 1044 1045 1046 1047 1048 1049 1050 1051 1052 1053 1054]] [81 [1055 1056 1057 1058 1059 1060 1061 1062 1063 1064 1065 1066 1067]] [82 [1068 1069 1070 1071 1072 1073 1074 1075 1076 1077 1078 1079 1080]] [83 [1081 1082 1083 1084 1085 1086 1087 1088 1089 1090 1091 1092 1093]] [84 [1094 1095 1096 1097 1098 1099 1100 1101 1102 1103 1104 1105 1106]] [85 [1107 1108 1109 1110 1111 1112 1113 1114 1115 1116 1117 1118 1119]] [86 [1120 1121 1122 1123 1124 1125 1126 1127 1128 1129 1130 1131 1132]] [87 [1133 1134 1135 1136 1137 1138 1139 1140 1141 1142 1143 1144 1145]] [88 [1146 1147 1148 1149 1150 1151 1152 1153 1154 1155 1156 1157 1158]] [89 [1159 1160 1161 1162 1163 1164 1165 1166 1167 1168 1169 1170 1171]] [90 [1172 1173 1174 1175 1176 1177 1178 1179 1180 1181 1182 1183 1184]] [91 [1185 1186 1187 1188 1189 1190 1191 1192 1193 1194 1195 1196 1197]] [92 [1198 1199 1200 1201 1202 1203 1204 1205 1206 1207 1208 1209 1210]] [93 [1211 1212 1213 1214 1215 1216 1217 1218 1219 1220 1221 1222 1223]] [94 [1224 1225 1226 1227 1228 1229 1230 1231 1232 1233 1234 1235 1236]] [95 [1237 1238 1239 1240 1241 1242 1243 1244 1245 1246 1247 1248 1249]] [96 [1250 1251 1252 1253 1254 1255 1256 1257 1258 1259 1260 1261 1262]] [97 [1263 1264 1265 1266 1267 1268 1269 1270 1271 1272 1273 1274 1275]] [98 [1276 1277 1278 1279 1280 1281 1282 1283 1284 1285 1286 1287 1288]] [99 [1289 1290 1291 1292 1293 1294 1295 1296 1297 1298 1299 1300 1301]]]","[[0 [0 1 2 3 4 6 7 8 9 10 13]] [1 [15 16 17 18 19 20 21 22 23 24 25 26 27]] [2 [28 29 30 31 32 33 34 35 36 37 38 39 40]] [3 [41 42 43 44 45 46 47 48 49 50 51 52 53]] [4 [54 55 56 57 58 59 60 61 62 63 64 65 66]] [5 [67 68 69 70 71 72 73 74 75 76 77 78 79]] [6 [80 81 82 83 84 85 86 87 88 89 90 91 92]] [7 [93 94 95 96 97 98 99 100 101 102 103 104 105]] [8 [106 107 108 109 110 111 112 113 114 115 116 117 118]] [9 [119 120 121 122 123 124 125 126 127 128 129 130 131]] [10 [132 133 134 135 136 137 138 139 140 141 142 143 144]] [11 [145 146 147 148 149 150 151 152 153 154 155 156 157]] [12 [158 159 160 161 162 163 164 165 166 167 168 169 170]] [13 [171 172 173 174 175 176 177 178 179 180 181 182 183]] [14 [184 185 186 187 188 189 190 191 192 193 194 195 196]] [15 [197 198 199 200 201 202 203 204 205 206 207 208 209]] [16 [210 211 212 213 214 215 216 217 218 219 220 221 222]] [17 [223 224 225 226 227 228 229 230 231 232 233 234 235]] [18 [236 237 238 239 240 241 242 243 244 245 246 247 248]] [19 [249 250 251 252 253 254 255 256 257 258 259 260 261]] [20 [262 263 264 265 266 267 268 269 270 271 272 273 274]] [21 [275 276 277 278 279 280 281 282 283 284 285 286 287]] [22 [288 289 290 291 292 293 294 295 296 297 298 299 300]] [23 [301 302 303 304 305 306 307 308 309 310 311 312 313]] [24 [314 315 316 317 318 319 320 321 322 323 324 325 326]] [25 [327 328 329 330 331 332 333 334 335 336 337 338 339]] [26 [340 341 342 343 344 345 346 347 348 349 350 351 352]] [27 [353 354 355 356 357 358 359 360 361 362 363 364 365]] [28 [366 367 368 369 370 371 372 373 374 375 376 377 378]] [29 [379 380 381 382 383 384 385 386 387 388 389 390 391]] [30 [392 393 394 395 396 397 398 399 400 401 402 403 404]] [31 [405 406 407 408 409 410 411 412 413 414 415 416 417]] [32 [418 419 420 421 422 423 424 425 426 427 428 429 430]] [33 [431 432 433 434 435 436 437 438 439 440 441 442 443]] [34 [444 445 446 447 448 449 450 451 452 453 454 455 456]] [35 [457 458 459 460 461 462 463 464 465 466 467 468 469]] [36 [470 471 472 473 474 475 476 477 478 479 480 481 482]] [37 [483 484 485 486 487 488 489 490 491 492 493 494 495]] [38 [496 497 498 499 500 501 502 503 504 505 506 507 508]] [39 [509 510 511 512 513 514 515 516 517 518 519 520 521]] [40 [522 523 524 525 526 527 528 529 530 531 532 533 534]] [41 [535 536 537 538 539 540 541 542 543 544 545 546 547]] [42 [548 549 550 551 552 553 554 555 556 557 558 559 560]] [43 [561 562 563 564 565 566 567 568 569 570 571 572 573]] [44 [574 575 576 577 578 579 580 581 582 583 584 585 586]] [45 [587 588 589 590 591 592 593 594 595 596 597 598 599]] [46 [600 601 602 603 604 605 606 607 608 609 610 611 612]] [47 [613 614 615 616 617 618 619 620 621 622 623 624 625]] [48 [626 627 628 629 630 631 632 633 634 635 636 637 638]] [49 [639 640 641 642 643 644 645 646 647 648 649 650 651]] [50 [652 653 654 655 656 657 658 659 660 661 662 663 664]] [51 [665 666 667 668 669 670 671 672 673 674 675 676 677]] [52 [678 679 680 681 682 683 684 685 686 687 688 689 690]] [53 [691 692 693 694 695 696 697 698 699 700 701 702 703]] [54 [704 705 706 707 708 709 710 711 712 713 714 715 716]] [55 [717 718 719 720 721 722 723 724 725 726 727 728 729]] [56 [730 731 732 733 734 735 736 737 738 739 740 741 742]] [57 [743 744 745 746 747 748 749 750 751 752 753 754 755]] [58 [756 757 758 759 760 761 762 763 764 765 766 767 768]] [59 [769 770 771 772 773 774 775 776 777 778 779 780 781]] [60 [782 783 784 785 786 787 788 789 790 791 792 793 794]] [61 [795 796 797 798 799 800 801 802 803 804 805 806 807]] [62 [808 809 810 811 812 813 814 815 816 817 818 819 820]] [63 [821 822 823 824 825 826 827 828 829 830 831 832 833]] [64 [834 835 836 837 838 839 840 841 842 843 844 845 846]] [65 [847 848 849 850 851 852 853 854 855 856 857 858 859]] [66 [860 861 862 863 864 865 866 867 868 869 870 871 872]] [67 [873 874 875 876 877 878 879 880 881 882 883 884 885]] [68 [886 887 888 889 890 891 892 893 894 895 896 897 898]] [69 [899 900 901 902 903 904 905 906 907 908 909 910 911]] [70 [912 913 914 915 916 917 918 919 920 921 922 923 924]] [71 [925 926 927 928 929 930 931 932 933 934 935 936 937]] [72 [938 939 940 941 942 943 944 945 946 947 948 949 950]] [73 [951 952 953 954 955 956 957 958 959 960 961 962 963]] [74 [964 965 966 967 968 969 970 971 972 973 974 975 976]] [75 [977 978 979 980 981 982 983 984 985 986 987 988 989]] [76 [990 991 992 993 994 995 996 997 998 999 1000 1001 1002]] [77 [1003 1004 1005 1006 1007 1008 1009 1010 1011 1012 1013 1014 1015]] [78 [1016 1017 1018 1019 1020 1021 1022 1023 1024 1025 1026 1027 1028]] [79 [1029 1030 1031 1032 1033 1034 1035 1036 1037 1038 1039 1040 1041]] [80 [1042 1043 1044 1045 1046 1047 1048 1049 1050 1051 1052 1053 1054]] [81 [1055 1056 1057 1058 1059 1060 1061 1062 1063 1064 1065 1066 1067]] [82 [1068 1069 1070 1071 1072 1073 1074 1075 1076 1077 1078 1079 1080]] [83 [1081 1082 1083 1084 1085 1086 1087 1088 1089 1090 1091 1092 1093]] [84 [1094 1095 1096 1097 1098 1099 1100 1101 1102 1103 1104 1105 1106]] [85 [1107 1108 1109 1110 1111 1112 1113 1114 1115 1116 1117 1118 1119]] [86 [1120 1121 1122 1123 1124 1125 1126 1127 1128 1129 1130 1131 1132]] [87 [1133 1134 1135 1136 1137 1138 1139 1140 1141 1142 1143 1144 1145]] [88 [1146 1147 1148 1149 1150 1151 1152 1153 1154 1155 1156 1157 1158]] [89 [1159 1160 1161 1162 1163 1164 1165 1166 1167 1168 1169 1170 1171]] [90 [1172 1173 1174 1175 1176 1177 1178 1179 1180 1181 1182 1183 1184]] [91 [1185 1186 1187 1188 1189 1190 1191 1192 1193 1194 1195 1196 1197]] [92 [1198 1199 1200 1201 1202 1203 1204 1205 1206 1207 1208 1209 1210]] [93 [1211 1212 1213 1214 1215 1216 1217 1218 1219 1220 1221 1222 1223]] [94 [1224 1225 1226 1227 1228 1229 1230 1231 1232 1233 1234 1235 1236]] [95 [1237 1238 1239 1240 1241 1242 1243 1244 1245 1246 1247 1248 1249]] [96 [1250 1251 1252 1253 1254 1255 1256 1257 1258 1259 1260 1261 1262]] [97 [1263 1264 1265 1266 1267 1268 1269 1270 1271 1272 1273 1274 1275]] [98 [1276 1277 1278 1279 1280 1281 1282 1283 1284 1285 1286 1287 1288]] [99 [1289 1290 1291 1292 1293 1294 1295 1296 1297 1298 1299 1300 1301]]]",,"[[{citizen 32} [[""A"" [3 3]]]] [{media 56} [[""A"" [3 3]]]] [{media 57} [[""A"" [3 3]]]] [{media 59} [[""A"" [3 3]]]] [{media 63} [[""A"" [3 3]]]] [{media 64} [[""A"" [3 3]]]] [{citizen 3} [[""A"" [3 3]]]] [{citizen 4} [[""A"" [3 3]]]] [{citizen 5} [[""A"" [3 3]]]] [{citizen 12} [[""A"" [3 3]]]] [{media 54} [[""A"" [3 3]]]] [{media 50} [[""A"" [3 3]]]] [{citizen 0} [[""A"" [3 3]]]] [{media 55} [[""A"" [3 3]]]] [{citizen 1} [[""A"" [3 3]]]] [{media 62} [[""A"" [3 3]]]] [{media 53} [[""A"" [3 3]]]] [{citizen 2} [[""A"" [3 3]]]] [{media 52} [[""A"" [3 3]]]] [{media 61} [[""A"" [3 3]]]] [{citizen 9} [[""A"" [3 3]]]] [{citizen 43} [[""A"" [3 3]]]] [{citizen 45} [[""A"" [3 3]]]] [{citizen 20} [[""A"" [3 3]]]] [{citizen 17} [[""A"" [3 3]]]] [{citizen 36} [[""A"" [3 3]]]] [{citizen 37} [[""A"" [3 3]]]] [{citizen 10} [[""A"" [3 3]]]] [{citizen 31} [[""A"" [3 3]]]] [{citizen 14} [[""A"" [3 3]]]] [{citizen 42} [[""A"" [3 3]]]] [{citizen 27} [[""A"" [3 3]]]] [{citizen 33} [[""A"" [3 3]]]] [{citizen 40} [[""A"" [3 3]]]] [{citizen 7} [[""A"" [3 3]]]] [{citizen 19} [[""A"" [3 3]]]] [{citizen 34} [[""A"" [3 3]]]] [{citizen 16} [[""A"" [3 3]]]] [{citizen 38} [[""A"" [3 3]]]] [{citizen 24} [[""A"" [3 3]]]] [{citizen 15} [[""A"" [3 3]]]] [{citizen 35} [[""A"" [3 3]]]] [{citizen 49} [[""A"" [3 3]]]] [{citizen 23} [[""A"" [3 3]]]] [{citizen 8} [[""A"" [3 3]]]] [{citizen 46} [[""A"" [3 3]]]] [{citizen 6} [[""A"" [3 3]]]] [{citizen 25} [[""A"" [3 3]]]] [{citizen 21} [[""A"" [3 3]]]] [{citizen 41} [[""A"" [3 3]]]] [{citizen 29} [[""A"" [3 3]]]] [{citizen 48} [[""A"" [3 3]]]] [{citizen 18} [[""A"" [3 3]]]] [{citizen 47} [[""A"" [3 3]]]] [{citizen 11} [[""A"" [3 3]]]] [{media 51} [[""A"" [3 3]]]] [{citizen 44} [[""A"" [3 3]]]] [{citizen 30} [[""A"" [3 3]]]] [{citizen 13} [[""A"" [3 3]]]] [{citizen 39} [[""A"" [3 3]]]] [{citizen 26} [[""A"" [3 3]]]] [{citizen 28} [[""A"" [3 3]]]]]"
"23","[128 0 127]","200.8695652173913","-2.956546942817373","-8.023938371606711","""circle""","""""","9.9","{breed citizens}","false","0.5","1","""up""",,"[[""ID"" 22] [""alpha"" 1] [""beta"" 1] [""malleable"" [""A""]] [""prior"" []] [""cont_tokens"" []] [""A"" 3]]","[[0 [0 1 2 3 4 6 7 8 9 10 13]] [1 [15 16 17 18 19 20 21 22 23 24 25 26 27]] [2 [28 29 30 31 32 33 34 35 36 37 38 39 40]] [3 [41 42 43 44 45 46 47 48 49 50 51 52 53]] [4 [54 55 56 57 58 59 60 61 62 63 64 65 66]] [5 [67 68 69 70 71 72 73 74 75 76 77 78 79]] [6 [80 81 82 83 84 85 86 87 88 89 90 91 92]] [7 [93 94 95 96 97 98 99 100 101 102 103 104 105]] [8 [106 107 108 109 110 111 112 113 114 115 116 117 118]] [9 [119 120 121 122 123 124 125 126 127 128 129 130 131]] [10 [132 133 134 135 136 137 138 139 140 141 142 143 144]] [11 [145 146 147 148 149 150 151 152 153 154 155 156 157]] [12 [158 159 160 161 162 163 164 165 166 167 168 169 170]] [13 [171 172 173 174 175 176 177 178 179 180 181 182 183]] [14 [184 185 186 187 188 189 190 191 192 193 194 195 196]] [15 [197 198 199 200 201 202 203 204 205 206 207 208 209]] [16 [210 211 212 213 214 215 216 217 218 219 220 221 222]] [17 [223 224 225 226 227 228 229 230 231 232 233 234 235]] [18 [236 237 238 239 240 241 242 243 244 245 246 247 248]] [19 [249 250 251 252 253 254 255 256 257 258 259 260 261]] [20 [262 263 264 265 266 267 268 269 270 271 272 273 274]] [21 [275 276 277 278 279 280 281 282 283 284 285 286 287]] [22 [288 289 290 291 292 293 294 295 296 297 298 299 300]] [23 [301 302 303 304 305 306 307 308 309 310 311 312 313]] [24 [314 315 316 317 318 319 320 321 322 323 324 325 326]] [25 [327 328 329 330 331 332 333 334 335 336 337 338 339]] [26 [340 341 342 343 344 345 346 347 348 349 350 351 352]] [27 [353 354 355 356 357 358 359 360 361 362 363 364 365]] [28 [366 367 368 369 370 371 372 373 374 375 376 377 378]] [29 [379 380 381 382 383 384 385 386 387 388 389 390 391]] [30 [392 393 394 395 396 397 398 399 400 401 402 403 404]] [31 [405 406 407 408 409 410 411 412 413 414 415 416 417]] [32 [418 419 420 421 422 423 424 425 426 427 428 429 430]] [33 [431 432 433 434 435 436 437 438 439 440 441 442 443]] [34 [444 445 446 447 448 449 450 451 452 453 454 455 456]] [35 [457 458 459 460 461 462 463 464 465 466 467 468 469]] [36 [470 471 472 473 474 475 476 477 478 479 480 481 482]] [37 [483 484 485 486 487 488 489 490 491 492 493 494 495]] [38 [496 497 498 499 500 501 502 503 504 505 506 507 508]] [39 [509 510 511 512 513 514 515 516 517 518 519 520 521]] [40 [522 523 524 525 526 527 528 529 530 531 532 533 534]] [41 [535 536 537 538 539 540 541 542 543 544 545 546 547]] [42 [548 549 550 551 552 553 554 555 556 557 558 559 560]] [43 [561 562 563 564 565 566 567 568 569 570 571 572 573]] [44 [574 575 576 577 578 579 580 581 582 583 584 585 586]] [45 [587 588 589 590 591 592 593 594 595 596 597 598 599]] [46 [600 601 602 603 604 605 606 607 608 609 610 611 612]] [47 [613 614 615 616 617 618 619 620 621 622 623 624 625]] [48 [626 627 628 629 630 631 632 633 634 635 636 637 638]] [49 [639 640 641 642 643 644 645 646 647 648 649 650 651]] [50 [652 653 654 655 656 657 658 659 660 661 662 663 664]] [51 [665 666 667 668 669 670 671 672 673 674 675 676 677]] [52 [678 679 680 681 682 683 684 685 686 687 688 689 690]] [53 [691 692 693 694 695 696 697 698 699 700 701 702 703]] [54 [704 705 706 707 708 709 710 711 712 713 714 715 716]] [55 [717 718 719 720 721 722 723 724 725 726 727 728 729]] [56 [730 731 732 733 734 735 736 737 738 739 740 741 742]] [57 [743 744 745 746 747 748 749 750 751 752 753 754 755]] [58 [756 757 758 759 760 761 762 763 764 765 766 767 768]] [59 [769 770 771 772 773 774 775 776 777 778 779 780 781]] [60 [782 783 784 785 786 787 788 789 790 791 792 793 794]] [61 [795 796 797 798 799 800 801 802 803 804 805 806 807]] [62 [808 809 810 811 812 813 814 815 816 817 818 819 820]] [63 [821 822 823 824 825 826 827 828 829 830 831 832 833]] [64 [834 835 836 837 838 839 840 841 842 843 844 845 846]] [65 [847 848 849 850 851 852 853 854 855 856 857 858 859]] [66 [860 861 862 863 864 865 866 867 868 869 870 871 872]] [67 [873 874 875 876 877 878 879 880 881 882 883 884 885]] [68 [886 887 888 889 890 891 892 893 894 895 896 897 898]] [69 [899 900 901 902 903 904 905 906 907 908 909 910 911]] [70 [912 913 914 915 916 917 918 919 920 921 922 923 924]] [71 [925 926 927 928 929 930 931 932 933 934 935 936 937]] [72 [938 939 940 941 942 943 944 945 946 947 948 949 950]] [73 [951 952 953 954 955 956 957 958 959 960 961 962 963]] [74 [964 965 966 967 968 969 970 971 972 973 974 975 976]] [75 [977 978 979 980 981 982 983 984 985 986 987 988 989]] [76 [990 991 992 993 994 995 996 997 998 999 1000 1001 1002]] [77 [1003 1004 1005 1006 1007 1008 1009 1010 1011 1012 1013 1014 1015]] [78 [1016 1017 1018 1019 1020 1021 1022 1023 1024 1025 1026 1027 1028]] [79 [1029 1030 1031 1032 1033 1034 1035 1036 1037 1038 1039 1040 1041]] [80 [1042 1043 1044 1045 1046 1047 1048 1049 1050 1051 1052 1053 1054]] [81 [1055 1056 1057 1058 1059 1060 1061 1062 1063 1064 1065 1066 1067]] [82 [1068 1069 1070 1071 1072 1073 1074 1075 1076 1077 1078 1079 1080]] [83 [1081 1082 1083 1084 1085 1086 1087 1088 1089 1090 1091 1092 1093]] [84 [1094 1095 1096 1097 1098 1099 1100 1101 1102 1103 1104 1105 1106]] [85 [1107 1108 1109 1110 1111 1112 1113 1114 1115 1116 1117 1118 1119]] [86 [1120 1121 1122 1123 1124 1125 1126 1127 1128 1129 1130 1131 1132]] [87 [1133 1134 1135 1136 1137 1138 1139 1140 1141 1142 1143 1144 1145]] [88 [1146 1147 1148 1149 1150 1151 1152 1153 1154 1155 1156 1157 1158]] [89 [1159 1160 1161 1162 1163 1164 1165 1166 1167 1168 1169 1170 1171]] [90 [1172 1173 1174 1175 1176 1177 1178 1179 1180 1181 1182 1183 1184]] [91 [1185 1186 1187 1188 1189 1190 1191 1192 1193 1194 1195 1196 1197]] [92 [1198 1199 1200 1201 1202 1203 1204 1205 1206 1207 1208 1209 1210]] [93 [1211 1212 1213 1214 1215 1216 1217 1218 1219 1220 1221 1222 1223]] [94 [1224 1225 1226 1227 1228 1229 1230 1231 1232 1233 1234 1235 1236]] [95 [1237 1238 1239 1240 1241 1242 1243 1244 1245 1246 1247 1248 1249]] [96 [1250 1251 1252 1253 1254 1255 1256 1257 1258 1259 1260 1261 1262]] [97 [1263 1264 1265 1266 1267 1268 1269 1270 1271 1272 1273 1274 1275]] [98 [1276 1277 1278 1279 1280 1281 1282 1283 1284 1285 1286 1287 1288]] [99 [1289 1290 1291 1292 1293 1294 1295 1296 1297 1298 1299 1300 1301]]]","[[0 [0 1 2 3 4 6 7 8 9 10 13]] [1 [15 16 17 18 19 20 21 22 23 24 25 26 27]] [2 [28 29 30 31 32 33 34 35 36 37 38 39 40]] [3 [41 42 43 44 45 46 47 48 49 50 51 52 53]] [4 [54 55 56 57 58 59 60 61 62 63 64 65 66]] [5 [67 68 69 70 71 72 73 74 75 76 77 78 79]] [6 [80 81 82 83 84 85 86 87 88 89 90 91 92]] [7 [93 94 95 96 97 98 99 100 101 102 103 104 105]] [8 [106 107 108 109 110 111 112 113 114 115 116 117 118]] [9 [119 120 121 122 123 124 125 126 127 128 129 130 131]] [10 [132 133 134 135 136 137 138 139 140 141 142 143 144]] [11 [145 146 147 148 149 150 151 152 153 154 155 156 157]] [12 [158 159 160 161 162 163 164 165 166 167 168 169 170]] [13 [171 172 173 174 175 176 177 178 179 180 181 182 183]] [14 [184 185 186 187 188 189 190 191 192 193 194 195 196]] [15 [197 198 199 200 201 202 203 204 205 206 207 208 209]] [16 [210 211 212 213 214 215 216 217 218 219 220 221 222]] [17 [223 224 225 226 227 228 229 230 231 232 233 234 235]] [18 [236 237 238 239 240 241 242 243 244 245 246 247 248]] [19 [249 250 251 252 253 254 255 256 257 258 259 260 261]] [20 [262 263 264 265 266 267 268 269 270 271 272 273 274]] [21 [275 276 277 278 279 280 281 282 283 284 285 286 287]] [22 [288 289 290 291 292 293 294 295 296 297 298 299 300]] [23 [301 302 303 304 305 306 307 308 309 310 311 312 313]] [24 [314 315 316 317 318 319 320 321 322 323 324 325 326]] [25 [327 328 329 330 331 332 333 334 335 336 337 338 339]] [26 [340 341 342 343 344 345 346 347 348 349 350 351 352]] [27 [353 354 355 356 357 358 359 360 361 362 363 364 365]] [28 [366 367 368 369 370 371 372 373 374 375 376 377 378]] [29 [379 380 381 382 383 384 385 386 387 388 389 390 391]] [30 [392 393 394 395 396 397 398 399 400 401 402 403 404]] [31 [405 406 407 408 409 410 411 412 413 414 415 416 417]] [32 [418 419 420 421 422 423 424 425 426 427 428 429 430]] [33 [431 432 433 434 435 436 437 438 439 440 441 442 443]] [34 [444 445 446 447 448 449 450 451 452 453 454 455 456]] [35 [457 458 459 460 461 462 463 464 465 466 467 468 469]] [36 [470 471 472 473 474 475 476 477 478 479 480 481 482]] [37 [483 484 485 486 487 488 489 490 491 492 493 494 495]] [38 [496 497 498 499 500 501 502 503 504 505 506 507 508]] [39 [509 510 511 512 513 514 515 516 517 518 519 520 521]] [40 [522 523 524 525 526 527 528 529 530 531 532 533 534]] [41 [535 536 537 538 539 540 541 542 543 544 545 546 547]] [42 [548 549 550 551 552 553 554 555 556 557 558 559 560]] [43 [561 562 563 564 565 566 567 568 569 570 571 572 573]] [44 [574 575 576 577 578 579 580 581 582 583 584 585 586]] [45 [587 588 589 590 591 592 593 594 595 596 597 598 599]] [46 [600 601 602 603 604 605 606 607 608 609 610 611 612]] [47 [613 614 615 616 617 618 619 620 621 622 623 624 625]] [48 [626 627 628 629 630 631 632 633 634 635 636 637 638]] [49 [639 640 641 642 643 644 645 646 647 648 649 650 651]] [50 [652 653 654 655 656 657 658 659 660 661 662 663 664]] [51 [665 666 667 668 669 670 671 672 673 674 675 676 677]] [52 [678 679 680 681 682 683 684 685 686 687 688 689 690]] [53 [691 692 693 694 695 696 697 698 699 700 701 702 703]] [54 [704 705 706 707 708 709 710 711 712 713 714 715 716]] [55 [717 718 719 720 721 722 723 724 725 726 727 728 729]] [56 [730 731 732 733 734 735 736 737 738 739 740 741 742]] [57 [743 744 745 746 747 748 749 750 751 752 753 754 755]] [58 [756 757 758 759 760 761 762 763 764 765 766 767 768]] [59 [769 770 771 772 773 774 775 776 777 778 779 780 781]] [60 [782 783 784 785 786 787 788 789 790 791 792 793 794]] [61 [795 796 797 798 799 800 801 802 803 804 805 806 807]] [62 [808 809 810 811 812 813 814 815 816 817 818 819 820]] [63 [821 822 823 824 825 826 827 828 829 830 831 832 833]] [64 [834 835 836 837 838 839 840 841 842 843 844 845 846]] [65 [847 848 849 850 851 852 853 854 855 856 857 858 859]] [66 [860 861 862 863 864 865 866 867 868 869 870 871 872]] [67 [873 874 875 876 877 878 879 880 881 882 883 884 885]] [68 [886 887 888 889 890 891 892 893 894 895 896 897 898]] [69 [899 900 901 902 903 904 905 906 907 908 909 910 911]] [70 [912 913 914 915 916 917 918 919 920 921 922 923 924]] [71 [925 926 927 928 929 930 931 932 933 934 935 936 937]] [72 [938 939 940 941 942 943 944 945 946 947 948 949 950]] [73 [951 952 953 954 955 956 957 958 959 960 961 962 963]] [74 [964 965 966 967 968 969 970 971 972 973 974 975 976]] [75 [977 978 979 980 981 982 983 984 985 986 987 988 989]] [76 [990 991 992 993 994 995 996 997 998 999 1000 1001 1002]] [77 [1003 1004 1005 1006 1007 1008 1009 1010 1011 1012 1013 1014 1015]] [78 [1016 1017 1018 1019 1020 1021 1022 1023 1024 1025 1026 1027 1028]] [79 [1029 1030 1031 1032 1033 1034 1035 1036 1037 1038 1039 1040 1041]] [80 [1042 1043 1044 1045 1046 1047 1048 1049 1050 1051 1052 1053 1054]] [81 [1055 1056 1057 1058 1059 1060 1061 1062 1063 1064 1065 1066 1067]] [82 [1068 1069 1070 1071 1072 1073 1074 1075 1076 1077 1078 1079 1080]] [83 [1081 1082 1083 1084 1085 1086 1087 1088 1089 1090 1091 1092 1093]] [84 [1094 1095 1096 1097 1098 1099 1100 1101 1102 1103 1104 1105 1106]] [85 [1107 1108 1109 1110 1111 1112 1113 1114 1115 1116 1117 1118 1119]] [86 [1120 1121 1122 1123 1124 1125 1126 1127 1128 1129 1130 1131 1132]] [87 [1133 1134 1135 1136 1137 1138 1139 1140 1141 1142 1143 1144 1145]] [88 [1146 1147 1148 1149 1150 1151 1152 1153 1154 1155 1156 1157 1158]] [89 [1159 1160 1161 1162 1163 1164 1165 1166 1167 1168 1169 1170 1171]] [90 [1172 1173 1174 1175 1176 1177 1178 1179 1180 1181 1182 1183 1184]] [91 [1185 1186 1187 1188 1189 1190 1191 1192 1193 1194 1195 1196 1197]] [92 [1198 1199 1200 1201 1202 1203 1204 1205 1206 1207 1208 1209 1210]] [93 [1211 1212 1213 1214 1215 1216 1217 1218 1219 1220 1221 1222 1223]] [94 [1224 1225 1226 1227 1228 1229 1230 1231 1232 1233 1234 1235 1236]] [95 [1237 1238 1239 1240 1241 1242 1243 1244 1245 1246 1247 1248 1249]] [96 [1250 1251 1252 1253 1254 1255 1256 1257 1258 1259 1260 1261 1262]] [97 [1263 1264 1265 1266 1267 1268 1269 1270 1271 1272 1273 1274 1275]] [98 [1276 1277 1278 1279 1280 1281 1282 1283 1284 1285 1286 1287 1288]] [99 [1289 1290 1291 1292 1293 1294 1295 1296 1297 1298 1299 1300 1301]]]",,"[[{citizen 29} [[""A"" [3 3]]]] [{citizen 34} [[""A"" [3 3]]]] [{citizen 41} [[""A"" [3 3]]]] [{citizen 48} [[""A"" [3 3]]]] [{media 50} [[""A"" [3 3]]]] [{media 52} [[""A"" [3 3]]]] [{media 55} [[""A"" [3 3]]]] [{media 56} [[""A"" [3 3]]]] [{media 57} [[""A"" [3 3]]]] [{media 59} [[""A"" [3 3]]]] [{media 63} [[""A"" [3 3]]]] [{citizen 8} [[""A"" [3 3]]]] [{citizen 14} [[""A"" [3 3]]]] [{citizen 19} [[""A"" [3 3]]]] [{media 54} [[""A"" [3 3]]]] [{citizen 5} [[""A"" [3 3]]]] [{citizen 7} [[""A"" [3 3]]]] [{citizen 0} [[""A"" [3 3]]]] [{citizen 3} [[""A"" [3 3]]]] [{citizen 12} [[""A"" [3 3]]]] [{media 64} [[""A"" [3 3]]]] [{citizen 4} [[""A"" [3 3]]]] [{citizen 1} [[""A"" [3 3]]]] [{media 62} [[""A"" [3 3]]]] [{media 53} [[""A"" [3 3]]]] [{media 61} [[""A"" [3 3]]]] [{citizen 9} [[""A"" [3 3]]]] [{citizen 43} [[""A"" [3 3]]]] [{citizen 45} [[""A"" [3 3]]]] [{citizen 20} [[""A"" [3 3]]]] [{citizen 17} [[""A"" [3 3]]]] [{citizen 36} [[""A"" [3 3]]]] [{citizen 37} [[""A"" [3 3]]]] [{citizen 10} [[""A"" [3 3]]]] [{citizen 31} [[""A"" [3 3]]]] [{citizen 42} [[""A"" [3 3]]]] [{citizen 27} [[""A"" [3 3]]]] [{citizen 33} [[""A"" [3 3]]]] [{citizen 40} [[""A"" [3 3]]]] [{citizen 16} [[""A"" [3 3]]]] [{citizen 38} [[""A"" [3 3]]]] [{citizen 24} [[""A"" [3 3]]]] [{citizen 2} [[""A"" [3 3]]]] [{citizen 15} [[""A"" [3 3]]]] [{citizen 32} [[""A"" [3 3]]]] [{citizen 35} [[""A"" [3 3]]]] [{citizen 49} [[""A"" [3 3]]]] [{citizen 21} [[""A"" [3 3]]]] [{citizen 11} [[""A"" [3 3]]]] [{media 51} [[""A"" [3 3]]]] [{citizen 18} [[""A"" [3 3]]]] [{citizen 44} [[""A"" [3 3]]]] [{citizen 46} [[""A"" [3 3]]]] [{citizen 47} [[""A"" [3 3]]]] [{citizen 39} [[""A"" [3 3]]]] [{citizen 30} [[""A"" [3 3]]]] [{citizen 6} [[""A"" [3 3]]]] [{citizen 25} [[""A"" [3 3]]]] [{citizen 26} [[""A"" [3 3]]]] [{citizen 22} [[""A"" [3 3]]]] [{citizen 13} [[""A"" [3 3]]]] [{citizen 28} [[""A"" [3 3]]]]]"
"24","[128 0 127]","270","-5.102958896476392","-0.6503396761438018","""circle""","""""","9.9","{breed citizens}","false","0.5","1","""up""",,"[[""ID"" 13] [""alpha"" 1] [""beta"" 1] [""malleable"" [""A""]] [""prior"" []] [""cont_tokens"" []] [""A"" 3]]","[[0 [0 1 2 3 4 6 7 8 9 10 13]] [1 [15 16 17 18 19 20 21 22 23 24 25 26 27]] [2 [28 29 30 31 32 33 34 35 36 37 38 39 40]] [3 [41 42 43 44 45 46 47 48 49 50 51 52 53]] [4 [54 55 56 57 58 59 60 61 62 63 64 65 66]] [5 [67 68 69 70 71 72 73 74 75 76 77 78 79]] [6 [80 81 82 83 84 85 86 87 88 89 90 91 92]] [7 [93 94 95 96 97 98 99 100 101 102 103 104 105]] [8 [106 107 108 109 110 111 112 113 114 115 116 117 118]] [9 [119 120 121 122 123 124 125 126 127 128 129 130 131]] [10 [132 133 134 135 136 137 138 139 140 141 142 143 144]] [11 [145 146 147 148 149 150 151 152 153 154 155 156 157]] [12 [158 159 160 161 162 163 164 165 166 167 168 169 170]] [13 [171 172 173 174 175 176 177 178 179 180 181 182 183]] [14 [184 185 186 187 188 189 190 191 192 193 194 195 196]] [15 [197 198 199 200 201 202 203 204 205 206 207 208 209]] [16 [210 211 212 213 214 215 216 217 218 219 220 221 222]] [17 [223 224 225 226 227 228 229 230 231 232 233 234 235]] [18 [236 237 238 239 240 241 242 243 244 245 246 247 248]] [19 [249 250 251 252 253 254 255 256 257 258 259 260 261]] [20 [262 263 264 265 266 267 268 269 270 271 272 273 274]] [21 [275 276 277 278 279 280 281 282 283 284 285 286 287]] [22 [288 289 290 291 292 293 294 295 296 297 298 299 300]] [23 [301 302 303 304 305 306 307 308 309 310 311 312 313]] [24 [314 315 316 317 318 319 320 321 322 323 324 325 326]] [25 [327 328 329 330 331 332 333 334 335 336 337 338 339]] [26 [340 341 342 343 344 345 346 347 348 349 350 351 352]] [27 [353 354 355 356 357 358 359 360 361 362 363 364 365]] [28 [366 367 368 369 370 371 372 373 374 375 376 377 378]] [29 [379 380 381 382 383 384 385 386 387 388 389 390 391]] [30 [392 393 394 395 396 397 398 399 400 401 402 403 404]] [31 [405 406 407 408 409 410 411 412 413 414 415 416 417]] [32 [418 419 420 421 422 423 424 425 426 427 428 429 430]] [33 [431 432 433 434 435 436 437 438 439 440 441 442 443]] [34 [444 445 446 447 448 449 450 451 452 453 454 455 456]] [35 [457 458 459 460 461 462 463 464 465 466 467 468 469]] [36 [470 471 472 473 474 475 476 477 478 479 480 481 482]] [37 [483 484 485 486 487 488 489 490 491 492 493 494 495]] [38 [496 497 498 499 500 501 502 503 504 505 506 507 508]] [39 [509 510 511 512 513 514 515 516 517 518 519 520 521]] [40 [522 523 524 525 526 527 528 529 530 531 532 533 534]] [41 [535 536 537 538 539 540 541 542 543 544 545 546 547]] [42 [548 549 550 551 552 553 554 555 556 557 558 559 560]] [43 [561 562 563 564 565 566 567 568 569 570 571 572 573]] [44 [574 575 576 577 578 579 580 581 582 583 584 585 586]] [45 [587 588 589 590 591 592 593 594 595 596 597 598 599]] [46 [600 601 602 603 604 605 606 607 608 609 610 611 612]] [47 [613 614 615 616 617 618 619 620 621 622 623 624 625]] [48 [626 627 628 629 630 631 632 633 634 635 636 637 638]] [49 [639 640 641 642 643 644 645 646 647 648 649 650 651]] [50 [652 653 654 655 656 657 658 659 660 661 662 663 664]] [51 [665 666 667 668 669 670 671 672 673 674 675 676 677]] [52 [678 679 680 681 682 683 684 685 686 687 688 689 690]] [53 [691 692 693 694 695 696 697 698 699 700 701 702 703]] [54 [704 705 706 707 708 709 710 711 712 713 714 715 716]] [55 [717 718 719 720 721 722 723 724 725 726 727 728 729]] [56 [730 731 732 733 734 735 736 737 738 739 740 741 742]] [57 [743 744 745 746 747 748 749 750 751 752 753 754 755]] [58 [756 757 758 759 760 761 762 763 764 765 766 767 768]] [59 [769 770 771 772 773 774 775 776 777 778 779 780 781]] [60 [782 783 784 785 786 787 788 789 790 791 792 793 794]] [61 [795 796 797 798 799 800 801 802 803 804 805 806 807]] [62 [808 809 810 811 812 813 814 815 816 817 818 819 820]] [63 [821 822 823 824 825 826 827 828 829 830 831 832 833]] [64 [834 835 836 837 838 839 840 841 842 843 844 845 846]] [65 [847 848 849 850 851 852 853 854 855 856 857 858 859]] [66 [860 861 862 863 864 865 866 867 868 869 870 871 872]] [67 [873 874 875 876 877 878 879 880 881 882 883 884 885]] [68 [886 887 888 889 890 891 892 893 894 895 896 897 898]] [69 [899 900 901 902 903 904 905 906 907 908 909 910 911]] [70 [912 913 914 915 916 917 918 919 920 921 922 923 924]] [71 [925 926 927 928 929 930 931 932 933 934 935 936 937]] [72 [938 939 940 941 942 943 944 945 946 947 948 949 950]] [73 [951 952 953 954 955 956 957 958 959 960 961 962 963]] [74 [964 965 966 967 968 969 970 971 972 973 974 975 976]] [75 [977 978 979 980 981 982 983 984 985 986 987 988 989]] [76 [990 991 992 993 994 995 996 997 998 999 1000 1001 1002]] [77 [1003 1004 1005 1006 1007 1008 1009 1010 1011 1012 1013 1014 1015]] [78 [1016 1017 1018 1019 1020 1021 1022 1023 1024 1025 1026 1027 1028]] [79 [1029 1030 1031 1032 1033 1034 1035 1036 1037 1038 1039 1040 1041]] [80 [1042 1043 1044 1045 1046 1047 1048 1049 1050 1051 1052 1053 1054]] [81 [1055 1056 1057 1058 1059 1060 1061 1062 1063 1064 1065 1066 1067]] [82 [1068 1069 1070 1071 1072 1073 1074 1075 1076 1077 1078 1079 1080]] [83 [1081 1082 1083 1084 1085 1086 1087 1088 1089 1090 1091 1092 1093]] [84 [1094 1095 1096 1097 1098 1099 1100 1101 1102 1103 1104 1105 1106]] [85 [1107 1108 1109 1110 1111 1112 1113 1114 1115 1116 1117 1118 1119]] [86 [1120 1121 1122 1123 1124 1125 1126 1127 1128 1129 1130 1131 1132]] [87 [1133 1134 1135 1136 1137 1138 1139 1140 1141 1142 1143 1144 1145]] [88 [1146 1147 1148 1149 1150 1151 1152 1153 1154 1155 1156 1157 1158]] [89 [1159 1160 1161 1162 1163 1164 1165 1166 1167 1168 1169 1170 1171]] [90 [1172 1173 1174 1175 1176 1177 1178 1179 1180 1181 1182 1183 1184]] [91 [1185 1186 1187 1188 1189 1190 1191 1192 1193 1194 1195 1196 1197]] [92 [1198 1199 1200 1201 1202 1203 1204 1205 1206 1207 1208 1209 1210]] [93 [1211 1212 1213 1214 1215 1216 1217 1218 1219 1220 1221 1222 1223]] [94 [1224 1225 1226 1227 1228 1229 1230 1231 1232 1233 1234 1235 1236]] [95 [1237 1238 1239 1240 1241 1242 1243 1244 1245 1246 1247 1248 1249]] [96 [1250 1251 1252 1253 1254 1255 1256 1257 1258 1259 1260 1261 1262]] [97 [1263 1264 1265 1266 1267 1268 1269 1270 1271 1272 1273 1274 1275]] [98 [1276 1277 1278 1279 1280 1281 1282 1283 1284 1285 1286 1287 1288]] [99 [1289 1290 1291 1292 1293 1294 1295 1296 1297 1298 1299 1300 1301]]]","[[0 [0 1 2 3 4 6 7 8 9 10 13]] [1 [15 16 17 18 19 20 21 22 23 24 25 26 27]] [2 [28 29 30 31 32 33 34 35 36 37 38 39 40]] [3 [41 42 43 44 45 46 47 48 49 50 51 52 53]] [4 [54 55 56 57 58 59 60 61 62 63 64 65 66]] [5 [67 68 69 70 71 72 73 74 75 76 77 78 79]] [6 [80 81 82 83 84 85 86 87 88 89 90 91 92]] [7 [93 94 95 96 97 98 99 100 101 102 103 104 105]] [8 [106 107 108 109 110 111 112 113 114 115 116 117 118]] [9 [119 120 121 122 123 124 125 126 127 128 129 130 131]] [10 [132 133 134 135 136 137 138 139 140 141 142 143 144]] [11 [145 146 147 148 149 150 151 152 153 154 155 156 157]] [12 [158 159 160 161 162 163 164 165 166 167 168 169 170]] [13 [171 172 173 174 175 176 177 178 179 180 181 182 183]] [14 [184 185 186 187 188 189 190 191 192 193 194 195 196]] [15 [197 198 199 200 201 202 203 204 205 206 207 208 209]] [16 [210 211 212 213 214 215 216 217 218 219 220 221 222]] [17 [223 224 225 226 227 228 229 230 231 232 233 234 235]] [18 [236 237 238 239 240 241 242 243 244 245 246 247 248]] [19 [249 250 251 252 253 254 255 256 257 258 259 260 261]] [20 [262 263 264 265 266 267 268 269 270 271 272 273 274]] [21 [275 276 277 278 279 280 281 282 283 284 285 286 287]] [22 [288 289 290 291 292 293 294 295 296 297 298 299 300]] [23 [301 302 303 304 305 306 307 308 309 310 311 312 313]] [24 [314 315 316 317 318 319 320 321 322 323 324 325 326]] [25 [327 328 329 330 331 332 333 334 335 336 337 338 339]] [26 [340 341 342 343 344 345 346 347 348 349 350 351 352]] [27 [353 354 355 356 357 358 359 360 361 362 363 364 365]] [28 [366 367 368 369 370 371 372 373 374 375 376 377 378]] [29 [379 380 381 382 383 384 385 386 387 388 389 390 391]] [30 [392 393 394 395 396 397 398 399 400 401 402 403 404]] [31 [405 406 407 408 409 410 411 412 413 414 415 416 417]] [32 [418 419 420 421 422 423 424 425 426 427 428 429 430]] [33 [431 432 433 434 435 436 437 438 439 440 441 442 443]] [34 [444 445 446 447 448 449 450 451 452 453 454 455 456]] [35 [457 458 459 460 461 462 463 464 465 466 467 468 469]] [36 [470 471 472 473 474 475 476 477 478 479 480 481 482]] [37 [483 484 485 486 487 488 489 490 491 492 493 494 495]] [38 [496 497 498 499 500 501 502 503 504 505 506 507 508]] [39 [509 510 511 512 513 514 515 516 517 518 519 520 521]] [40 [522 523 524 525 526 527 528 529 530 531 532 533 534]] [41 [535 536 537 538 539 540 541 542 543 544 545 546 547]] [42 [548 549 550 551 552 553 554 555 556 557 558 559 560]] [43 [561 562 563 564 565 566 567 568 569 570 571 572 573]] [44 [574 575 576 577 578 579 580 581 582 583 584 585 586]] [45 [587 588 589 590 591 592 593 594 595 596 597 598 599]] [46 [600 601 602 603 604 605 606 607 608 609 610 611 612]] [47 [613 614 615 616 617 618 619 620 621 622 623 624 625]] [48 [626 627 628 629 630 631 632 633 634 635 636 637 638]] [49 [639 640 641 642 643 644 645 646 647 648 649 650 651]] [50 [652 653 654 655 656 657 658 659 660 661 662 663 664]] [51 [665 666 667 668 669 670 671 672 673 674 675 676 677]] [52 [678 679 680 681 682 683 684 685 686 687 688 689 690]] [53 [691 692 693 694 695 696 697 698 699 700 701 702 703]] [54 [704 705 706 707 708 709 710 711 712 713 714 715 716]] [55 [717 718 719 720 721 722 723 724 725 726 727 728 729]] [56 [730 731 732 733 734 735 736 737 738 739 740 741 742]] [57 [743 744 745 746 747 748 749 750 751 752 753 754 755]] [58 [756 757 758 759 760 761 762 763 764 765 766 767 768]] [59 [769 770 771 772 773 774 775 776 777 778 779 780 781]] [60 [782 783 784 785 786 787 788 789 790 791 792 793 794]] [61 [795 796 797 798 799 800 801 802 803 804 805 806 807]] [62 [808 809 810 811 812 813 814 815 816 817 818 819 820]] [63 [821 822 823 824 825 826 827 828 829 830 831 832 833]] [64 [834 835 836 837 838 839 840 841 842 843 844 845 846]] [65 [847 848 849 850 851 852 853 854 855 856 857 858 859]] [66 [860 861 862 863 864 865 866 867 868 869 870 871 872]] [67 [873 874 875 876 877 878 879 880 881 882 883 884 885]] [68 [886 887 888 889 890 891 892 893 894 895 896 897 898]] [69 [899 900 901 902 903 904 905 906 907 908 909 910 911]] [70 [912 913 914 915 916 917 918 919 920 921 922 923 924]] [71 [925 926 927 928 929 930 931 932 933 934 935 936 937]] [72 [938 939 940 941 942 943 944 945 946 947 948 949 950]] [73 [951 952 953 954 955 956 957 958 959 960 961 962 963]] [74 [964 965 966 967 968 969 970 971 972 973 974 975 976]] [75 [977 978 979 980 981 982 983 984 985 986 987 988 989]] [76 [990 991 992 993 994 995 996 997 998 999 1000 1001 1002]] [77 [1003 1004 1005 1006 1007 1008 1009 1010 1011 1012 1013 1014 1015]] [78 [1016 1017 1018 1019 1020 1021 1022 1023 1024 1025 1026 1027 1028]] [79 [1029 1030 1031 1032 1033 1034 1035 1036 1037 1038 1039 1040 1041]] [80 [1042 1043 1044 1045 1046 1047 1048 1049 1050 1051 1052 1053 1054]] [81 [1055 1056 1057 1058 1059 1060 1061 1062 1063 1064 1065 1066 1067]] [82 [1068 1069 1070 1071 1072 1073 1074 1075 1076 1077 1078 1079 1080]] [83 [1081 1082 1083 1084 1085 1086 1087 1088 1089 1090 1091 1092 1093]] [84 [1094 1095 1096 1097 1098 1099 1100 1101 1102 1103 1104 1105 1106]] [85 [1107 1108 1109 1110 1111 1112 1113 1114 1115 1116 1117 1118 1119]] [86 [1120 1121 1122 1123 1124 1125 1126 1127 1128 1129 1130 1131 1132]] [87 [1133 1134 1135 1136 1137 1138 1139 1140 1141 1142 1143 1144 1145]] [88 [1146 1147 1148 1149 1150 1151 1152 1153 1154 1155 1156 1157 1158]] [89 [1159 1160 1161 1162 1163 1164 1165 1166 1167 1168 1169 1170 1171]] [90 [1172 1173 1174 1175 1176 1177 1178 1179 1180 1181 1182 1183 1184]] [91 [1185 1186 1187 1188 1189 1190 1191 1192 1193 1194 1195 1196 1197]] [92 [1198 1199 1200 1201 1202 1203 1204 1205 1206 1207 1208 1209 1210]] [93 [1211 1212 1213 1214 1215 1216 1217 1218 1219 1220 1221 1222 1223]] [94 [1224 1225 1226 1227 1228 1229 1230 1231 1232 1233 1234 1235 1236]] [95 [1237 1238 1239 1240 1241 1242 1243 1244 1245 1246 1247 1248 1249]] [96 [1250 1251 1252 1253 1254 1255 1256 1257 1258 1259 1260 1261 1262]] [97 [1263 1264 1265 1266 1267 1268 1269 1270 1271 1272 1273 1274 1275]] [98 [1276 1277 1278 1279 1280 1281 1282 1283 1284 1285 1286 1287 1288]] [99 [1289 1290 1291 1292 1293 1294 1295 1296 1297 1298 1299 1300 1301]]]",,"[[{citizen 30} [[""A"" [3 3]]]] [{citizen 38} [[""A"" [3 3]]]] [{citizen 40} [[""A"" [3 3]]]] [{citizen 46} [[""A"" [3 3]]]] [{media 56} [[""A"" [3 3]]]] [{media 57} [[""A"" [3 3]]]] [{media 59} [[""A"" [3 3]]]] [{media 63} [[""A"" [3 3]]]] [{media 64} [[""A"" [3 3]]]] [{citizen 8} [[""A"" [3 3]]]] [{citizen 17} [[""A"" [3 3]]]] [{media 54} [[""A"" [3 3]]]] [{citizen 5} [[""A"" [3 3]]]] [{media 50} [[""A"" [3 3]]]] [{citizen 0} [[""A"" [3 3]]]] [{media 55} [[""A"" [3 3]]]] [{citizen 1} [[""A"" [3 3]]]] [{media 62} [[""A"" [3 3]]]] [{media 53} [[""A"" [3 3]]]] [{citizen 2} [[""A"" [3 3]]]] [{media 52} [[""A"" [3 3]]]] [{citizen 3} [[""A"" [3 3]]]] [{media 61} [[""A"" [3 3]]]] [{citizen 9} [[""A"" [3 3]]]] [{citizen 4} [[""A"" [3 3]]]] [{citizen 12} [[""A"" [3 3]]]] [{citizen 43} [[""A"" [3 3]]]] [{citizen 45} [[""A"" [3 3]]]] [{citizen 20} [[""A"" [3 3]]]] [{citizen 36} [[""A"" [3 3]]]] [{citizen 37} [[""A"" [3 3]]]] [{citizen 10} [[""A"" [3 3]]]] [{citizen 31} [[""A"" [3 3]]]] [{citizen 14} [[""A"" [3 3]]]] [{citizen 42} [[""A"" [3 3]]]] [{citizen 27} [[""A"" [3 3]]]] [{citizen 33} [[""A"" [3 3]]]] [{citizen 7} [[""A"" [3 3]]]] [{citizen 19} [[""A"" [3 3]]]] [{citizen 34} [[""A"" [3 3]]]] [{citizen 16} [[""A"" [3 3]]]] [{citizen 15} [[""A"" [3 3]]]] [{citizen 49} [[""A"" [3 3]]]] [{citizen 23} [[""A"" [3 3]]]] [{citizen 6} [[""A"" [3 3]]]] [{citizen 25} [[""A"" [3 3]]]] [{citizen 21} [[""A"" [3 3]]]] [{citizen 35} [[""A"" [3 3]]]] [{citizen 22} [[""A"" [3 3]]]] [{citizen 32} [[""A"" [3 3]]]] [{citizen 41} [[""A"" [3 3]]]] [{citizen 29} [[""A"" [3 3]]]] [{citizen 48} [[""A"" [3 3]]]] [{citizen 18} [[""A"" [3 3]]]] [{citizen 47} [[""A"" [3 3]]]] [{citizen 11} [[""A"" [3 3]]]] [{media 51} [[""A"" [3 3]]]] [{citizen 44} [[""A"" [3 3]]]] [{citizen 13} [[""A"" [3 3]]]] [{citizen 39} [[""A"" [3 3]]]] [{citizen 26} [[""A"" [3 3]]]] [{citizen 28} [[""A"" [3 3]]]]]"
"25","[128 0 127]","211.30434782608694","-3.910745451740821","-7.224194045464888","""circle""","""""","9.9","{breed citizens}","false","0.5","1","""up""",,"[[""ID"" 30] [""alpha"" 1] [""beta"" 1] [""malleable"" [""A""]] [""prior"" []] [""cont_tokens"" []] [""A"" 3]]","[[0 [0 1 2 3 4 6 7 8 9 10 13]] [1 [15 16 17 18 19 20 21 22 23 24 25 26 27]] [2 [28 29 30 31 32 33 34 35 36 37 38 39 40]] [3 [41 42 43 44 45 46 47 48 49 50 51 52 53]] [4 [54 55 56 57 58 59 60 61 62 63 64 65 66]] [5 [67 68 69 70 71 72 73 74 75 76 77 78 79]] [6 [80 81 82 83 84 85 86 87 88 89 90 91 92]] [7 [93 94 95 96 97 98 99 100 101 102 103 104 105]] [8 [106 107 108 109 110 111 112 113 114 115 116 117 118]] [9 [119 120 121 122 123 124 125 126 127 128 129 130 131]] [10 [132 133 134 135 136 137 138 139 140 141 142 143 144]] [11 [145 146 147 148 149 150 151 152 153 154 155 156 157]] [12 [158 159 160 161 162 163 164 165 166 167 168 169 170]] [13 [171 172 173 174 175 176 177 178 179 180 181 182 183]] [14 [184 185 186 187 188 189 190 191 192 193 194 195 196]] [15 [197 198 199 200 201 202 203 204 205 206 207 208 209]] [16 [210 211 212 213 214 215 216 217 218 219 220 221 222]] [17 [223 224 225 226 227 228 229 230 231 232 233 234 235]] [18 [236 237 238 239 240 241 242 243 244 245 246 247 248]] [19 [249 250 251 252 253 254 255 256 257 258 259 260 261]] [20 [262 263 264 265 266 267 268 269 270 271 272 273 274]] [21 [275 276 277 278 279 280 281 282 283 284 285 286 287]] [22 [288 289 290 291 292 293 294 295 296 297 298 299 300]] [23 [301 302 303 304 305 306 307 308 309 310 311 312 313]] [24 [314 315 316 317 318 319 320 321 322 323 324 325 326]] [25 [327 328 329 330 331 332 333 334 335 336 337 338 339]] [26 [340 341 342 343 344 345 346 347 348 349 350 351 352]] [27 [353 354 355 356 357 358 359 360 361 362 363 364 365]] [28 [366 367 368 369 370 371 372 373 374 375 376 377 378]] [29 [379 380 381 382 383 384 385 386 387 388 389 390 391]] [30 [392 393 394 395 396 397 398 399 400 401 402 403 404]] [31 [405 406 407 408 409 410 411 412 413 414 415 416 417]] [32 [418 419 420 421 422 423 424 425 426 427 428 429 430]] [33 [431 432 433 434 435 436 437 438 439 440 441 442 443]] [34 [444 445 446 447 448 449 450 451 452 453 454 455 456]] [35 [457 458 459 460 461 462 463 464 465 466 467 468 469]] [36 [470 471 472 473 474 475 476 477 478 479 480 481 482]] [37 [483 484 485 486 487 488 489 490 491 492 493 494 495]] [38 [496 497 498 499 500 501 502 503 504 505 506 507 508]] [39 [509 510 511 512 513 514 515 516 517 518 519 520 521]] [40 [522 523 524 525 526 527 528 529 530 531 532 533 534]] [41 [535 536 537 538 539 540 541 542 543 544 545 546 547]] [42 [548 549 550 551 552 553 554 555 556 557 558 559 560]] [43 [561 562 563 564 565 566 567 568 569 570 571 572 573]] [44 [574 575 576 577 578 579 580 581 582 583 584 585 586]] [45 [587 588 589 590 591 592 593 594 595 596 597 598 599]] [46 [600 601 602 603 604 605 606 607 608 609 610 611 612]] [47 [613 614 615 616 617 618 619 620 621 622 623 624 625]] [48 [626 627 628 629 630 631 632 633 634 635 636 637 638]] [49 [639 640 641 642 643 644 645 646 647 648 649 650 651]] [50 [652 653 654 655 656 657 658 659 660 661 662 663 664]] [51 [665 666 667 668 669 670 671 672 673 674 675 676 677]] [52 [678 679 680 681 682 683 684 685 686 687 688 689 690]] [53 [691 692 693 694 695 696 697 698 699 700 701 702 703]] [54 [704 705 706 707 708 709 710 711 712 713 714 715 716]] [55 [717 718 719 720 721 722 723 724 725 726 727 728 729]] [56 [730 731 732 733 734 735 736 737 738 739 740 741 742]] [57 [743 744 745 746 747 748 749 750 751 752 753 754 755]] [58 [756 757 758 759 760 761 762 763 764 765 766 767 768]] [59 [769 770 771 772 773 774 775 776 777 778 779 780 781]] [60 [782 783 784 785 786 787 788 789 790 791 792 793 794]] [61 [795 796 797 798 799 800 801 802 803 804 805 806 807]] [62 [808 809 810 811 812 813 814 815 816 817 818 819 820]] [63 [821 822 823 824 825 826 827 828 829 830 831 832 833]] [64 [834 835 836 837 838 839 840 841 842 843 844 845 846]] [65 [847 848 849 850 851 852 853 854 855 856 857 858 859]] [66 [860 861 862 863 864 865 866 867 868 869 870 871 872]] [67 [873 874 875 876 877 878 879 880 881 882 883 884 885]] [68 [886 887 888 889 890 891 892 893 894 895 896 897 898]] [69 [899 900 901 902 903 904 905 906 907 908 909 910 911]] [70 [912 913 914 915 916 917 918 919 920 921 922 923 924]] [71 [925 926 927 928 929 930 931 932 933 934 935 936 937]] [72 [938 939 940 941 942 943 944 945 946 947 948 949 950]] [73 [951 952 953 954 955 956 957 958 959 960 961 962 963]] [74 [964 965 966 967 968 969 970 971 972 973 974 975 976]] [75 [977 978 979 980 981 982 983 984 985 986 987 988 989]] [76 [990 991 992 993 994 995 996 997 998 999 1000 1001 1002]] [77 [1003 1004 1005 1006 1007 1008 1009 1010 1011 1012 1013 1014 1015]] [78 [1016 1017 1018 1019 1020 1021 1022 1023 1024 1025 1026 1027 1028]] [79 [1029 1030 1031 1032 1033 1034 1035 1036 1037 1038 1039 1040 1041]] [80 [1042 1043 1044 1045 1046 1047 1048 1049 1050 1051 1052 1053 1054]] [81 [1055 1056 1057 1058 1059 1060 1061 1062 1063 1064 1065 1066 1067]] [82 [1068 1069 1070 1071 1072 1073 1074 1075 1076 1077 1078 1079 1080]] [83 [1081 1082 1083 1084 1085 1086 1087 1088 1089 1090 1091 1092 1093]] [84 [1094 1095 1096 1097 1098 1099 1100 1101 1102 1103 1104 1105 1106]] [85 [1107 1108 1109 1110 1111 1112 1113 1114 1115 1116 1117 1118 1119]] [86 [1120 1121 1122 1123 1124 1125 1126 1127 1128 1129 1130 1131 1132]] [87 [1133 1134 1135 1136 1137 1138 1139 1140 1141 1142 1143 1144 1145]] [88 [1146 1147 1148 1149 1150 1151 1152 1153 1154 1155 1156 1157 1158]] [89 [1159 1160 1161 1162 1163 1164 1165 1166 1167 1168 1169 1170 1171]] [90 [1172 1173 1174 1175 1176 1177 1178 1179 1180 1181 1182 1183 1184]] [91 [1185 1186 1187 1188 1189 1190 1191 1192 1193 1194 1195 1196 1197]] [92 [1198 1199 1200 1201 1202 1203 1204 1205 1206 1207 1208 1209 1210]] [93 [1211 1212 1213 1214 1215 1216 1217 1218 1219 1220 1221 1222 1223]] [94 [1224 1225 1226 1227 1228 1229 1230 1231 1232 1233 1234 1235 1236]] [95 [1237 1238 1239 1240 1241 1242 1243 1244 1245 1246 1247 1248 1249]] [96 [1250 1251 1252 1253 1254 1255 1256 1257 1258 1259 1260 1261 1262]] [97 [1263 1264 1265 1266 1267 1268 1269 1270 1271 1272 1273 1274 1275]] [98 [1276 1277 1278 1279 1280 1281 1282 1283 1284 1285 1286 1287 1288]] [99 [1289 1290 1291 1292 1293 1294 1295 1296 1297 1298 1299 1300 1301]]]","[[0 [0 1 2 3 4 6 7 8 9 10 13]] [1 [15 16 17 18 19 20 21 22 23 24 25 26 27]] [2 [28 29 30 31 32 33 34 35 36 37 38 39 40]] [3 [41 42 43 44 45 46 47 48 49 50 51 52 53]] [4 [54 55 56 57 58 59 60 61 62 63 64 65 66]] [5 [67 68 69 70 71 72 73 74 75 76 77 78 79]] [6 [80 81 82 83 84 85 86 87 88 89 90 91 92]] [7 [93 94 95 96 97 98 99 100 101 102 103 104 105]] [8 [106 107 108 109 110 111 112 113 114 115 116 117 118]] [9 [119 120 121 122 123 124 125 126 127 128 129 130 131]] [10 [132 133 134 135 136 137 138 139 140 141 142 143 144]] [11 [145 146 147 148 149 150 151 152 153 154 155 156 157]] [12 [158 159 160 161 162 163 164 165 166 167 168 169 170]] [13 [171 172 173 174 175 176 177 178 179 180 181 182 183]] [14 [184 185 186 187 188 189 190 191 192 193 194 195 196]] [15 [197 198 199 200 201 202 203 204 205 206 207 208 209]] [16 [210 211 212 213 214 215 216 217 218 219 220 221 222]] [17 [223 224 225 226 227 228 229 230 231 232 233 234 235]] [18 [236 237 238 239 240 241 242 243 244 245 246 247 248]] [19 [249 250 251 252 253 254 255 256 257 258 259 260 261]] [20 [262 263 264 265 266 267 268 269 270 271 272 273 274]] [21 [275 276 277 278 279 280 281 282 283 284 285 286 287]] [22 [288 289 290 291 292 293 294 295 296 297 298 299 300]] [23 [301 302 303 304 305 306 307 308 309 310 311 312 313]] [24 [314 315 316 317 318 319 320 321 322 323 324 325 326]] [25 [327 328 329 330 331 332 333 334 335 336 337 338 339]] [26 [340 341 342 343 344 345 346 347 348 349 350 351 352]] [27 [353 354 355 356 357 358 359 360 361 362 363 364 365]] [28 [366 367 368 369 370 371 372 373 374 375 376 377 378]] [29 [379 380 381 382 383 384 385 386 387 388 389 390 391]] [30 [392 393 394 395 396 397 398 399 400 401 402 403 404]] [31 [405 406 407 408 409 410 411 412 413 414 415 416 417]] [32 [418 419 420 421 422 423 424 425 426 427 428 429 430]] [33 [431 432 433 434 435 436 437 438 439 440 441 442 443]] [34 [444 445 446 447 448 449 450 451 452 453 454 455 456]] [35 [457 458 459 460 461 462 463 464 465 466 467 468 469]] [36 [470 471 472 473 474 475 476 477 478 479 480 481 482]] [37 [483 484 485 486 487 488 489 490 491 492 493 494 495]] [38 [496 497 498 499 500 501 502 503 504 505 506 507 508]] [39 [509 510 511 512 513 514 515 516 517 518 519 520 521]] [40 [522 523 524 525 526 527 528 529 530 531 532 533 534]] [41 [535 536 537 538 539 540 541 542 543 544 545 546 547]] [42 [548 549 550 551 552 553 554 555 556 557 558 559 560]] [43 [561 562 563 564 565 566 567 568 569 570 571 572 573]] [44 [574 575 576 577 578 579 580 581 582 583 584 585 586]] [45 [587 588 589 590 591 592 593 594 595 596 597 598 599]] [46 [600 601 602 603 604 605 606 607 608 609 610 611 612]] [47 [613 614 615 616 617 618 619 620 621 622 623 624 625]] [48 [626 627 628 629 630 631 632 633 634 635 636 637 638]] [49 [639 640 641 642 643 644 645 646 647 648 649 650 651]] [50 [652 653 654 655 656 657 658 659 660 661 662 663 664]] [51 [665 666 667 668 669 670 671 672 673 674 675 676 677]] [52 [678 679 680 681 682 683 684 685 686 687 688 689 690]] [53 [691 692 693 694 695 696 697 698 699 700 701 702 703]] [54 [704 705 706 707 708 709 710 711 712 713 714 715 716]] [55 [717 718 719 720 721 722 723 724 725 726 727 728 729]] [56 [730 731 732 733 734 735 736 737 738 739 740 741 742]] [57 [743 744 745 746 747 748 749 750 751 752 753 754 755]] [58 [756 757 758 759 760 761 762 763 764 765 766 767 768]] [59 [769 770 771 772 773 774 775 776 777 778 779 780 781]] [60 [782 783 784 785 786 787 788 789 790 791 792 793 794]] [61 [795 796 797 798 799 800 801 802 803 804 805 806 807]] [62 [808 809 810 811 812 813 814 815 816 817 818 819 820]] [63 [821 822 823 824 825 826 827 828 829 830 831 832 833]] [64 [834 835 836 837 838 839 840 841 842 843 844 845 846]] [65 [847 848 849 850 851 852 853 854 855 856 857 858 859]] [66 [860 861 862 863 864 865 866 867 868 869 870 871 872]] [67 [873 874 875 876 877 878 879 880 881 882 883 884 885]] [68 [886 887 888 889 890 891 892 893 894 895 896 897 898]] [69 [899 900 901 902 903 904 905 906 907 908 909 910 911]] [70 [912 913 914 915 916 917 918 919 920 921 922 923 924]] [71 [925 926 927 928 929 930 931 932 933 934 935 936 937]] [72 [938 939 940 941 942 943 944 945 946 947 948 949 950]] [73 [951 952 953 954 955 956 957 958 959 960 961 962 963]] [74 [964 965 966 967 968 969 970 971 972 973 974 975 976]] [75 [977 978 979 980 981 982 983 984 985 986 987 988 989]] [76 [990 991 992 993 994 995 996 997 998 999 1000 1001 1002]] [77 [1003 1004 1005 1006 1007 1008 1009 1010 1011 1012 1013 1014 1015]] [78 [1016 1017 1018 1019 1020 1021 1022 1023 1024 1025 1026 1027 1028]] [79 [1029 1030 1031 1032 1033 1034 1035 1036 1037 1038 1039 1040 1041]] [80 [1042 1043 1044 1045 1046 1047 1048 1049 1050 1051 1052 1053 1054]] [81 [1055 1056 1057 1058 1059 1060 1061 1062 1063 1064 1065 1066 1067]] [82 [1068 1069 1070 1071 1072 1073 1074 1075 1076 1077 1078 1079 1080]] [83 [1081 1082 1083 1084 1085 1086 1087 1088 1089 1090 1091 1092 1093]] [84 [1094 1095 1096 1097 1098 1099 1100 1101 1102 1103 1104 1105 1106]] [85 [1107 1108 1109 1110 1111 1112 1113 1114 1115 1116 1117 1118 1119]] [86 [1120 1121 1122 1123 1124 1125 1126 1127 1128 1129 1130 1131 1132]] [87 [1133 1134 1135 1136 1137 1138 1139 1140 1141 1142 1143 1144 1145]] [88 [1146 1147 1148 1149 1150 1151 1152 1153 1154 1155 1156 1157 1158]] [89 [1159 1160 1161 1162 1163 1164 1165 1166 1167 1168 1169 1170 1171]] [90 [1172 1173 1174 1175 1176 1177 1178 1179 1180 1181 1182 1183 1184]] [91 [1185 1186 1187 1188 1189 1190 1191 1192 1193 1194 1195 1196 1197]] [92 [1198 1199 1200 1201 1202 1203 1204 1205 1206 1207 1208 1209 1210]] [93 [1211 1212 1213 1214 1215 1216 1217 1218 1219 1220 1221 1222 1223]] [94 [1224 1225 1226 1227 1228 1229 1230 1231 1232 1233 1234 1235 1236]] [95 [1237 1238 1239 1240 1241 1242 1243 1244 1245 1246 1247 1248 1249]] [96 [1250 1251 1252 1253 1254 1255 1256 1257 1258 1259 1260 1261 1262]] [97 [1263 1264 1265 1266 1267 1268 1269 1270 1271 1272 1273 1274 1275]] [98 [1276 1277 1278 1279 1280 1281 1282 1283 1284 1285 1286 1287 1288]] [99 [1289 1290 1291 1292 1293 1294 1295 1296 1297 1298 1299 1300 1301]]]",,"[[{citizen 45} [[""A"" [3 3]]]] [{media 50} [[""A"" [3 3]]]] [{media 52} [[""A"" [3 3]]]] [{media 55} [[""A"" [3 3]]]] [{media 56} [[""A"" [3 3]]]] [{media 57} [[""A"" [3 3]]]] [{media 59} [[""A"" [3 3]]]] [{media 63} [[""A"" [3 3]]]] [{citizen 6} [[""A"" [3 3]]]] [{citizen 20} [[""A"" [3 3]]]] [{media 54} [[""A"" [3 3]]]] [{citizen 5} [[""A"" [3 3]]]] [{citizen 12} [[""A"" [3 3]]]] [{citizen 17} [[""A"" [3 3]]]] [{media 64} [[""A"" [3 3]]]] [{citizen 4} [[""A"" [3 3]]]] [{citizen 0} [[""A"" [3 3]]]] [{citizen 1} [[""A"" [3 3]]]] [{citizen 8} [[""A"" [3 3]]]] [{media 62} [[""A"" [3 3]]]] [{media 53} [[""A"" [3 3]]]] [{citizen 2} [[""A"" [3 3]]]] [{media 61} [[""A"" [3 3]]]] [{citizen 9} [[""A"" [3 3]]]] [{citizen 43} [[""A"" [3 3]]]] [{citizen 3} [[""A"" [3 3]]]] [{citizen 36} [[""A"" [3 3]]]] [{citizen 37} [[""A"" [3 3]]]] [{citizen 10} [[""A"" [3 3]]]] [{citizen 31} [[""A"" [3 3]]]] [{citizen 14} [[""A"" [3 3]]]] [{citizen 42} [[""A"" [3 3]]]] [{citizen 27} [[""A"" [3 3]]]] [{citizen 33} [[""A"" [3 3]]]] [{citizen 40} [[""A"" [3 3]]]] [{citizen 7} [[""A"" [3 3]]]] [{citizen 19} [[""A"" [3 3]]]] [{citizen 34} [[""A"" [3 3]]]] [{citizen 16} [[""A"" [3 3]]]] [{citizen 38} [[""A"" [3 3]]]] [{citizen 24} [[""A"" [3 3]]]] [{citizen 15} [[""A"" [3 3]]]] [{citizen 32} [[""A"" [3 3]]]] [{citizen 35} [[""A"" [3 3]]]] [{citizen 47} [[""A"" [3 3]]]] [{citizen 49} [[""A"" [3 3]]]] [{citizen 23} [[""A"" [3 3]]]] [{citizen 46} [[""A"" [3 3]]]] [{citizen 21} [[""A"" [3 3]]]] [{citizen 41} [[""A"" [3 3]]]] [{citizen 29} [[""A"" [3 3]]]] [{citizen 48} [[""A"" [3 3]]]] [{citizen 18} [[""A"" [3 3]]]] [{citizen 11} [[""A"" [3 3]]]] [{media 51} [[""A"" [3 3]]]] [{citizen 22} [[""A"" [3 3]]]] [{citizen 30} [[""A"" [3 3]]]] [{citizen 44} [[""A"" [3 3]]]] [{citizen 13} [[""A"" [3 3]]]] [{citizen 39} [[""A"" [3 3]]]] [{citizen 28} [[""A"" [3 3]]]] [{citizen 26} [[""A"" [3 3]]]]]"
"26","[128 0 127]","277.82608695652175","-5.441564500491385","0.6037860761979332","""circle""","""""","9.9","{breed citizens}","false","0.5","1","""up""",,"[[""ID"" 28] [""alpha"" 1] [""beta"" 1] [""malleable"" [""A""]] [""prior"" []] [""cont_tokens"" []] [""A"" 3]]","[[0 [0 1 2 3 4 6 7 8 9 10 13]] [1 [15 16 17 18 19 20 21 22 23 24 25 26 27]] [2 [28 29 30 31 32 33 34 35 36 37 38 39 40]] [3 [41 42 43 44 45 46 47 48 49 50 51 52 53]] [4 [54 55 56 57 58 59 60 61 62 63 64 65 66]] [5 [67 68 69 70 71 72 73 74 75 76 77 78 79]] [6 [80 81 82 83 84 85 86 87 88 89 90 91 92]] [7 [93 94 95 96 97 98 99 100 101 102 103 104 105]] [8 [106 107 108 109 110 111 112 113 114 115 116 117 118]] [9 [119 120 121 122 123 124 125 126 127 128 129 130 131]] [10 [132 133 134 135 136 137 138 139 140 141 142 143 144]] [11 [145 146 147 148 149 150 151 152 153 154 155 156 157]] [12 [158 159 160 161 162 163 164 165 166 167 168 169 170]] [13 [171 172 173 174 175 176 177 178 179 180 181 182 183]] [14 [184 185 186 187 188 189 190 191 192 193 194 195 196]] [15 [197 198 199 200 201 202 203 204 205 206 207 208 209]] [16 [210 211 212 213 214 215 216 217 218 219 220 221 222]] [17 [223 224 225 226 227 228 229 230 231 232 233 234 235]] [18 [236 237 238 239 240 241 242 243 244 245 246 247 248]] [19 [249 250 251 252 253 254 255 256 257 258 259 260 261]] [20 [262 263 264 265 266 267 268 269 270 271 272 273 274]] [21 [275 276 277 278 279 280 281 282 283 284 285 286 287]] [22 [288 289 290 291 292 293 294 295 296 297 298 299 300]] [23 [301 302 303 304 305 306 307 308 309 310 311 312 313]] [24 [314 315 316 317 318 319 320 321 322 323 324 325 326]] [25 [327 328 329 330 331 332 333 334 335 336 337 338 339]] [26 [340 341 342 343 344 345 346 347 348 349 350 351 352]] [27 [353 354 355 356 357 358 359 360 361 362 363 364 365]] [28 [366 367 368 369 370 371 372 373 374 375 376 377 378]] [29 [379 380 381 382 383 384 385 386 387 388 389 390 391]] [30 [392 393 394 395 396 397 398 399 400 401 402 403 404]] [31 [405 406 407 408 409 410 411 412 413 414 415 416 417]] [32 [418 419 420 421 422 423 424 425 426 427 428 429 430]] [33 [431 432 433 434 435 436 437 438 439 440 441 442 443]] [34 [444 445 446 447 448 449 450 451 452 453 454 455 456]] [35 [457 458 459 460 461 462 463 464 465 466 467 468 469]] [36 [470 471 472 473 474 475 476 477 478 479 480 481 482]] [37 [483 484 485 486 487 488 489 490 491 492 493 494 495]] [38 [496 497 498 499 500 501 502 503 504 505 506 507 508]] [39 [509 510 511 512 513 514 515 516 517 518 519 520 521]] [40 [522 523 524 525 526 527 528 529 530 531 532 533 534]] [41 [535 536 537 538 539 540 541 542 543 544 545 546 547]] [42 [548 549 550 551 552 553 554 555 556 557 558 559 560]] [43 [561 562 563 564 565 566 567 568 569 570 571 572 573]] [44 [574 575 576 577 578 579 580 581 582 583 584 585 586]] [45 [587 588 589 590 591 592 593 594 595 596 597 598 599]] [46 [600 601 602 603 604 605 606 607 608 609 610 611 612]] [47 [613 614 615 616 617 618 619 620 621 622 623 624 625]] [48 [626 627 628 629 630 631 632 633 634 635 636 637 638]] [49 [639 640 641 642 643 644 645 646 647 648 649 650 651]] [50 [652 653 654 655 656 657 658 659 660 661 662 663 664]] [51 [665 666 667 668 669 670 671 672 673 674 675 676 677]] [52 [678 679 680 681 682 683 684 685 686 687 688 689 690]] [53 [691 692 693 694 695 696 697 698 699 700 701 702 703]] [54 [704 705 706 707 708 709 710 711 712 713 714 715 716]] [55 [717 718 719 720 721 722 723 724 725 726 727 728 729]] [56 [730 731 732 733 734 735 736 737 738 739 740 741 742]] [57 [743 744 745 746 747 748 749 750 751 752 753 754 755]] [58 [756 757 758 759 760 761 762 763 764 765 766 767 768]] [59 [769 770 771 772 773 774 775 776 777 778 779 780 781]] [60 [782 783 784 785 786 787 788 789 790 791 792 793 794]] [61 [795 796 797 798 799 800 801 802 803 804 805 806 807]] [62 [808 809 810 811 812 813 814 815 816 817 818 819 820]] [63 [821 822 823 824 825 826 827 828 829 830 831 832 833]] [64 [834 835 836 837 838 839 840 841 842 843 844 845 846]] [65 [847 848 849 850 851 852 853 854 855 856 857 858 859]] [66 [860 861 862 863 864 865 866 867 868 869 870 871 872]] [67 [873 874 875 876 877 878 879 880 881 882 883 884 885]] [68 [886 887 888 889 890 891 892 893 894 895 896 897 898]] [69 [899 900 901 902 903 904 905 906 907 908 909 910 911]] [70 [912 913 914 915 916 917 918 919 920 921 922 923 924]] [71 [925 926 927 928 929 930 931 932 933 934 935 936 937]] [72 [938 939 940 941 942 943 944 945 946 947 948 949 950]] [73 [951 952 953 954 955 956 957 958 959 960 961 962 963]] [74 [964 965 966 967 968 969 970 971 972 973 974 975 976]] [75 [977 978 979 980 981 982 983 984 985 986 987 988 989]] [76 [990 991 992 993 994 995 996 997 998 999 1000 1001 1002]] [77 [1003 1004 1005 1006 1007 1008 1009 1010 1011 1012 1013 1014 1015]] [78 [1016 1017 1018 1019 1020 1021 1022 1023 1024 1025 1026 1027 1028]] [79 [1029 1030 1031 1032 1033 1034 1035 1036 1037 1038 1039 1040 1041]] [80 [1042 1043 1044 1045 1046 1047 1048 1049 1050 1051 1052 1053 1054]] [81 [1055 1056 1057 1058 1059 1060 1061 1062 1063 1064 1065 1066 1067]] [82 [1068 1069 1070 1071 1072 1073 1074 1075 1076 1077 1078 1079 1080]] [83 [1081 1082 1083 1084 1085 1086 1087 1088 1089 1090 1091 1092 1093]] [84 [1094 1095 1096 1097 1098 1099 1100 1101 1102 1103 1104 1105 1106]] [85 [1107 1108 1109 1110 1111 1112 1113 1114 1115 1116 1117 1118 1119]] [86 [1120 1121 1122 1123 1124 1125 1126 1127 1128 1129 1130 1131 1132]] [87 [1133 1134 1135 1136 1137 1138 1139 1140 1141 1142 1143 1144 1145]] [88 [1146 1147 1148 1149 1150 1151 1152 1153 1154 1155 1156 1157 1158]] [89 [1159 1160 1161 1162 1163 1164 1165 1166 1167 1168 1169 1170 1171]] [90 [1172 1173 1174 1175 1176 1177 1178 1179 1180 1181 1182 1183 1184]] [91 [1185 1186 1187 1188 1189 1190 1191 1192 1193 1194 1195 1196 1197]] [92 [1198 1199 1200 1201 1202 1203 1204 1205 1206 1207 1208 1209 1210]] [93 [1211 1212 1213 1214 1215 1216 1217 1218 1219 1220 1221 1222 1223]] [94 [1224 1225 1226 1227 1228 1229 1230 1231 1232 1233 1234 1235 1236]] [95 [1237 1238 1239 1240 1241 1242 1243 1244 1245 1246 1247 1248 1249]] [96 [1250 1251 1252 1253 1254 1255 1256 1257 1258 1259 1260 1261 1262]] [97 [1263 1264 1265 1266 1267 1268 1269 1270 1271 1272 1273 1274 1275]] [98 [1276 1277 1278 1279 1280 1281 1282 1283 1284 1285 1286 1287 1288]] [99 [1289 1290 1291 1292 1293 1294 1295 1296 1297 1298 1299 1300 1301]]]","[[0 [0 1 2 3 4 6 7 8 9 10 13]] [1 [15 16 17 18 19 20 21 22 23 24 25 26 27]] [2 [28 29 30 31 32 33 34 35 36 37 38 39 40]] [3 [41 42 43 44 45 46 47 48 49 50 51 52 53]] [4 [54 55 56 57 58 59 60 61 62 63 64 65 66]] [5 [67 68 69 70 71 72 73 74 75 76 77 78 79]] [6 [80 81 82 83 84 85 86 87 88 89 90 91 92]] [7 [93 94 95 96 97 98 99 100 101 102 103 104 105]] [8 [106 107 108 109 110 111 112 113 114 115 116 117 118]] [9 [119 120 121 122 123 124 125 126 127 128 129 130 131]] [10 [132 133 134 135 136 137 138 139 140 141 142 143 144]] [11 [145 146 147 148 149 150 151 152 153 154 155 156 157]] [12 [158 159 160 161 162 163 164 165 166 167 168 169 170]] [13 [171 172 173 174 175 176 177 178 179 180 181 182 183]] [14 [184 185 186 187 188 189 190 191 192 193 194 195 196]] [15 [197 198 199 200 201 202 203 204 205 206 207 208 209]] [16 [210 211 212 213 214 215 216 217 218 219 220 221 222]] [17 [223 224 225 226 227 228 229 230 231 232 233 234 235]] [18 [236 237 238 239 240 241 242 243 244 245 246 247 248]] [19 [249 250 251 252 253 254 255 256 257 258 259 260 261]] [20 [262 263 264 265 266 267 268 269 270 271 272 273 274]] [21 [275 276 277 278 279 280 281 282 283 284 285 286 287]] [22 [288 289 290 291 292 293 294 295 296 297 298 299 300]] [23 [301 302 303 304 305 306 307 308 309 310 311 312 313]] [24 [314 315 316 317 318 319 320 321 322 323 324 325 326]] [25 [327 328 329 330 331 332 333 334 335 336 337 338 339]] [26 [340 341 342 343 344 345 346 347 348 349 350 351 352]] [27 [353 354 355 356 357 358 359 360 361 362 363 364 365]] [28 [366 367 368 369 370 371 372 373 374 375 376 377 378]] [29 [379 380 381 382 383 384 385 386 387 388 389 390 391]] [30 [392 393 394 395 396 397 398 399 400 401 402 403 404]] [31 [405 406 407 408 409 410 411 412 413 414 415 416 417]] [32 [418 419 420 421 422 423 424 425 426 427 428 429 430]] [33 [431 432 433 434 435 436 437 438 439 440 441 442 443]] [34 [444 445 446 447 448 449 450 451 452 453 454 455 456]] [35 [457 458 459 460 461 462 463 464 465 466 467 468 469]] [36 [470 471 472 473 474 475 476 477 478 479 480 481 482]] [37 [483 484 485 486 487 488 489 490 491 492 493 494 495]] [38 [496 497 498 499 500 501 502 503 504 505 506 507 508]] [39 [509 510 511 512 513 514 515 516 517 518 519 520 521]] [40 [522 523 524 525 526 527 528 529 530 531 532 533 534]] [41 [535 536 537 538 539 540 541 542 543 544 545 546 547]] [42 [548 549 550 551 552 553 554 555 556 557 558 559 560]] [43 [561 562 563 564 565 566 567 568 569 570 571 572 573]] [44 [574 575 576 577 578 579 580 581 582 583 584 585 586]] [45 [587 588 589 590 591 592 593 594 595 596 597 598 599]] [46 [600 601 602 603 604 605 606 607 608 609 610 611 612]] [47 [613 614 615 616 617 618 619 620 621 622 623 624 625]] [48 [626 627 628 629 630 631 632 633 634 635 636 637 638]] [49 [639 640 641 642 643 644 645 646 647 648 649 650 651]] [50 [652 653 654 655 656 657 658 659 660 661 662 663 664]] [51 [665 666 667 668 669 670 671 672 673 674 675 676 677]] [52 [678 679 680 681 682 683 684 685 686 687 688 689 690]] [53 [691 692 693 694 695 696 697 698 699 700 701 702 703]] [54 [704 705 706 707 708 709 710 711 712 713 714 715 716]] [55 [717 719 720 721 722 723 724 725 726 727 728 729]] [56 [730 731 732 733 734 735 736 737 738 739 740 741 742]] [57 [743 744 745 746 747 748 749 750 751 752 753 754 755]] [58 [756 757 758 759 760 761 762 763 764 765 766 767 768]] [59 [769 770 771 772 773 774 775 776 777 778 779 780 781]] [60 [782 783 784 785 786 787 788 789 790 791 792 793 794]] [61 [795 796 797 798 799 800 801 802 803 804 805 806 807]] [62 [808 809 810 811 812 813 814 815 816 817 818 819 820]] [63 [821 822 823 824 825 826 827 828 829 830 831 832 833]] [64 [834 835 836 837 838 839 840 841 842 843 844 845 846]] [65 [847 848 849 850 851 852 853 854 855 856 857 858 859]] [66 [860 861 862 863 864 865 866 867 868 869 870 871 872]] [67 [873 874 875 876 877 878 879 880 881 882 883 884 885]] [68 [886 887 888 889 890 891 892 893 894 895 896 897 898]] [69 [899 900 901 902 903 904 905 906 907 908 909 910 911]] [70 [912 913 914 915 916 917 918 919 920 921 922 923 924]] [71 [925 926 927 928 929 930 931 932 933 934 935 936 937]] [72 [938 939 940 941 942 943 944 945 946 947 948 949 950]] [73 [951 952 953 954 955 956 957 958 959 960 961 962 963]] [74 [964 965 966 967 968 969 970 971 972 973 974 975 976]] [75 [977 978 979 980 981 982 983 984 985 986 987 988 989]] [76 [990 991 992 993 994 995 996 997 998 999 1000 1001 1002]] [77 [1003 1004 1005 1006 1007 1008 1009 1010 1011 1012 1013 1014 1015]] [78 [1016 1017 1018 1019 1020 1021 1022 1023 1024 1025 1026 1027 1028]] [79 [1029 1030 1031 1032 1033 1034 1035 1036 1037 1038 1039 1040 1041]] [80 [1042 1043 1044 1045 1046 1047 1048 1049 1050 1051 1052 1053 1054]] [81 [1055 1056 1057 1058 1059 1060 1061 1062 1063 1064 1065 1066 1067]] [82 [1068 1069 1070 1071 1072 1073 1074 1075 1076 1077 1078 1079 1080]] [83 [1081 1082 1083 1084 1085 1086 1087 1088 1089 1090 1091 1092 1093]] [84 [1094 1095 1096 1097 1098 1099 1100 1101 1102 1103 1104 1105 1106]] [85 [1107 1108 1109 1110 1111 1112 1113 1114 1115 1116 1117 1118 1119]] [86 [1120 1121 1122 1123 1124 1125 1126 1127 1128 1129 1130 1131 1132]] [87 [1133 1134 1135 1136 1137 1138 1139 1140 1141 1142 1143 1144 1145]] [88 [1146 1147 1148 1149 1150 1151 1152 1153 1154 1155 1156 1157 1158]] [89 [1159 1160 1161 1162 1163 1164 1165 1166 1167 1168 1169 1170 1171]] [90 [1172 1173 1174 1175 1176 1177 1178 1179 1180 1181 1182 1183 1184]] [91 [1185 1186 1187 1188 1189 1190 1191 1192 1193 1194 1195 1196 1197]] [92 [1198 1199 1200 1201 1202 1203 1204 1205 1206 1207 1208 1209 1210]] [93 [1211 1212 1213 1214 1215 1216 1217 1218 1219 1220 1221 1222 1223]] [94 [1224 1225 1226 1227 1228 1229 1230 1231 1232 1233 1234 1235 1236]] [95 [1237 1238 1239 1240 1241 1242 1243 1244 1245 1246 1247 1248 1249]] [96 [1250 1251 1252 1253 1254 1255 1256 1257 1258 1259 1260 1261 1262]] [97 [1263 1264 1265 1266 1267 1268 1269 1270 1271 1272 1273 1274 1275]] [98 [1276 1277 1278 1279 1280 1281 1282 1283 1284 1285 1286 1287 1288]] [99 [1289 1290 1291 1292 1293 1294 1295 1296 1297 1298 1299 1300 1301]]]",,"[[{media 56} [[""A"" [3 3]]]] [{media 57} [[""A"" [3 3]]]] [{media 59} [[""A"" [3 3]]]] [{media 63} [[""A"" [3 3]]]] [{media 64} [[""A"" [3 3]]]] [{media 54} [[""A"" [3 3]]]] [{citizen 5} [[""A"" [3 3]]]] [{citizen 8} [[""A"" [3 3]]]] [{citizen 10} [[""A"" [3 3]]]] [{citizen 0} [[""A"" [3 3]]]] [{citizen 3} [[""A"" [3 3]]]] [{citizen 4} [[""A"" [3 3]]]] [{media 50} [[""A"" [3 3]]]] [{media 55} [[""A"" [3 3]]]] [{citizen 1} [[""A"" [3 3]]]] [{media 62} [[""A"" [3 3]]]] [{media 53} [[""A"" [3 3]]]] [{citizen 2} [[""A"" [3 3]]]] [{media 52} [[""A"" [3 3]]]] [{media 61} [[""A"" [3 3]]]] [{citizen 9} [[""A"" [3 3]]]] [{citizen 12} [[""A"" [3 3]]]] [{citizen 43} [[""A"" [3 3]]]] [{citizen 45} [[""A"" [3 3]]]] [{citizen 20} [[""A"" [3 3]]]] [{citizen 17} [[""A"" [3 3]]]] [{citizen 36} [[""A"" [3 3]]]] [{citizen 37} [[""A"" [3 3]]]] [{citizen 31} [[""A"" [3 3]]]] [{citizen 14} [[""A"" [3 3]]]] [{citizen 42} [[""A"" [3 3]]]] [{citizen 27} [[""A"" [3 3]]]] [{citizen 33} [[""A"" [3 3]]]] [{citizen 40} [[""A"" [3 3]]]] [{citizen 7} [[""A"" [3 3]]]] [{citizen 19} [[""A"" [3 3]]]] [{citizen 34} [[""A"" [3 3]]]] [{citizen 16} [[""A"" [3 3]]]] [{citizen 38} [[""A"" [3 3]]]] [{citizen 24} [[""A"" [3 3]]]] [{citizen 15} [[""A"" [3 3]]]] [{citizen 32} [[""A"" [3 3]]]] [{citizen 35} [[""A"" [3 3]]]] [{citizen 49} [[""A"" [3 3]]]] [{citizen 23} [[""A"" [3 3]]]] [{citizen 46} [[""A"" [3 3]]]] [{citizen 6} [[""A"" [3 3]]]] [{citizen 25} [[""A"" [3 3]]]] [{citizen 21} [[""A"" [3 3]]]] [{citizen 22} [[""A"" [3 3]]]] [{citizen 29} [[""A"" [3 3]]]] [{citizen 41} [[""A"" [3 3]]]] [{citizen 48} [[""A"" [3 3]]]] [{citizen 18} [[""A"" [3 3]]]] [{citizen 11} [[""A"" [3 3]]]] [{media 51} [[""A"" [3 3]]]] [{citizen 44} [[""A"" [3 3]]]] [{citizen 13} [[""A"" [3 3]]]] [{citizen 47} [[""A"" [3 3]]]] [{citizen 39} [[""A"" [3 3]]]] [{citizen 30} [[""A"" [3 3]]]] [{citizen 28} [[""A"" [3 3]]]]]"
"27","[128 0 127]","91.30434782608695","9.680562763531547","0.0649092343222705","""circle""","""""","9.9","{breed citizens}","false","0.5","1","""up""",,"[[""ID"" 10] [""alpha"" 1] [""beta"" 1] [""malleable"" [""A""]] [""prior"" []] [""cont_tokens"" []] [""A"" 3]]","[[0 [0 1 2 3 4 6 7 8 9 10 13]] [1 [15 16 17 18 19 20 21 22 23 24 25 26 27]] [2 [28 29 30 31 32 33 34 35 36 37 38 39 40]] [3 [41 42 43 44 45 46 47 48 49 50 51 52 53]] [4 [54 55 56 57 58 59 60 61 62 63 64 65 66]] [5 [67 68 69 70 71 72 73 74 75 76 77 78 79]] [6 [80 81 82 83 84 85 86 87 88 89 90 91 92]] [7 [93 94 95 96 97 98 99 100 101 102 103 104 105]] [8 [106 107 108 109 110 111 112 113 114 115 116 117 118]] [9 [119 120 121 122 123 124 125 126 127 128 129 130 131]] [10 [132 133 134 135 136 137 138 139 140 141 142 143 144]] [11 [145 146 147 148 149 150 151 152 153 154 155 156 157]] [12 [158 159 160 161 162 163 164 165 166 167 168 169 170]] [13 [171 172 173 174 175 176 177 178 179 180 181 182 183]] [14 [184 185 186 187 188 189 190 191 192 193 194 195 196]] [15 [197 198 199 200 201 202 203 204 205 206 207 208 209]] [16 [210 211 212 213 214 215 216 217 218 219 220 221 222]] [17 [223 224 225 226 227 228 229 230 231 232 233 234 235]] [18 [236 237 238 239 240 241 242 243 244 245 246 247 248]] [19 [249 250 251 252 253 254 255 256 257 258 259 260 261]] [20 [262 263 264 265 266 267 268 269 270 271 272 273 274]] [21 [275 276 277 278 279 280 281 282 283 284 285 286 287]] [22 [288 289 290 291 292 293 294 295 296 297 298 299 300]] [23 [301 302 303 304 305 306 307 308 309 310 311 312 313]] [24 [314 315 316 317 318 319 320 321 322 323 324 325 326]] [25 [327 328 329 330 331 332 333 334 335 336 337 338 339]] [26 [340 341 342 343 344 345 346 347 348 349 350 351 352]] [27 [353 354 355 356 357 358 359 360 361 362 363 364 365]] [28 [366 367 368 369 370 371 372 373 374 375 376 377 378]] [29 [379 380 381 382 383 384 385 386 387 388 389 390 391]] [30 [392 393 394 395 396 397 398 399 400 401 402 403 404]] [31 [405 406 407 408 409 410 411 412 413 414 415 416 417]] [32 [418 419 420 421 422 423 424 425 426 427 428 429 430]] [33 [431 432 433 434 435 436 437 438 439 440 441 442 443]] [34 [444 445 446 447 448 449 450 451 452 453 454 455 456]] [35 [457 458 459 460 461 462 463 464 465 466 467 468 469]] [36 [470 471 472 473 474 475 476 477 478 479 480 481 482]] [37 [483 484 485 486 487 488 489 490 491 492 493 494 495]] [38 [496 497 498 499 500 501 502 503 504 505 506 507 508]] [39 [509 510 511 512 513 514 515 516 517 518 519 520 521]] [40 [522 523 524 525 526 527 528 529 530 531 532 533 534]] [41 [535 536 537 538 539 540 541 542 543 544 545 546 547]] [42 [548 549 550 551 552 553 554 555 556 557 558 559 560]] [43 [561 562 563 564 565 566 567 568 569 570 571 572 573]] [44 [574 575 576 577 578 579 580 581 582 583 584 585 586]] [45 [587 588 589 590 591 592 593 594 595 596 597 598 599]] [46 [600 601 602 603 604 605 606 607 608 609 610 611 612]] [47 [613 614 615 616 617 618 619 620 621 622 623 624 625]] [48 [626 627 628 629 630 631 632 633 634 635 636 637 638]] [49 [639 640 641 642 643 644 645 646 647 648 649 650 651]] [50 [652 653 654 655 656 657 658 659 660 661 662 663 664]] [51 [665 666 667 668 669 670 671 672 673 674 675 676 677]] [52 [678 679 680 681 682 683 684 685 686 687 688 689 690]] [53 [691 692 693 694 695 696 697 698 699 700 701 702 703]] [54 [704 705 706 707 708 709 710 711 712 713 714 715 716]] [55 [717 718 719 720 721 722 723 724 725 726 727 728 729]] [56 [730 731 732 733 734 735 736 737 738 739 740 741 742]] [57 [743 744 745 746 747 748 749 750 751 752 753 754 755]] [58 [756 757 758 759 760 761 762 763 764 765 766 767 768]] [59 [769 770 771 772 773 774 775 776 777 778 779 780 781]] [60 [782 783 784 785 786 787 788 789 790 791 792 793 794]] [61 [795 796 797 798 799 800 801 802 803 804 805 806 807]] [62 [808 809 810 811 812 813 814 815 816 817 818 819 820]] [63 [821 822 823 824 825 826 827 828 829 830 831 832 833]] [64 [834 835 836 837 838 839 840 841 842 843 844 845 846]] [65 [847 848 849 850 851 852 853 854 855 856 857 858 859]] [66 [860 861 862 863 864 865 866 867 868 869 870 871 872]] [67 [873 874 875 876 877 878 879 880 881 882 883 884 885]] [68 [886 887 888 889 890 891 892 893 894 895 896 897 898]] [69 [899 900 901 902 903 904 905 906 907 908 909 910 911]] [70 [912 913 914 915 916 917 918 919 920 921 922 923 924]] [71 [925 926 927 928 929 930 931 932 933 934 935 936 937]] [72 [938 939 940 941 942 943 944 945 946 947 948 949 950]] [73 [951 952 953 954 955 956 957 958 959 960 961 962 963]] [74 [964 965 966 967 968 969 970 971 972 973 974 975 976]] [75 [977 978 979 980 981 982 983 984 985 986 987 988 989]] [76 [990 991 992 993 994 995 996 997 998 999 1000 1001 1002]] [77 [1003 1004 1005 1006 1007 1008 1009 1010 1011 1012 1013 1014 1015]] [78 [1016 1017 1018 1019 1020 1021 1022 1023 1024 1025 1026 1027 1028]] [79 [1029 1030 1031 1032 1033 1034 1035 1036 1037 1038 1039 1040 1041]] [80 [1042 1043 1044 1045 1046 1047 1048 1049 1050 1051 1052 1053 1054]] [81 [1055 1056 1057 1058 1059 1060 1061 1062 1063 1064 1065 1066 1067]] [82 [1068 1069 1070 1071 1072 1073 1074 1075 1076 1077 1078 1079 1080]] [83 [1081 1082 1083 1084 1085 1086 1087 1088 1089 1090 1091 1092 1093]] [84 [1094 1095 1096 1097 1098 1099 1100 1101 1102 1103 1104 1105 1106]] [85 [1107 1108 1109 1110 1111 1112 1113 1114 1115 1116 1117 1118 1119]] [86 [1120 1121 1122 1123 1124 1125 1126 1127 1128 1129 1130 1131 1132]] [87 [1133 1134 1135 1136 1137 1138 1139 1140 1141 1142 1143 1144 1145]] [88 [1146 1147 1148 1149 1150 1151 1152 1153 1154 1155 1156 1157 1158]] [89 [1159 1160 1161 1162 1163 1164 1165 1166 1167 1168 1169 1170 1171]] [90 [1172 1173 1174 1175 1176 1177 1178 1179 1180 1181 1182 1183 1184]] [91 [1185 1186 1187 1188 1189 1190 1191 1192 1193 1194 1195 1196 1197]] [92 [1198 1199 1200 1201 1202 1203 1204 1205 1206 1207 1208 1209 1210]] [93 [1211 1212 1213 1214 1215 1216 1217 1218 1219 1220 1221 1222 1223]] [94 [1224 1225 1226 1227 1228 1229 1230 1231 1232 1233 1234 1235 1236]] [95 [1237 1238 1239 1240 1241 1242 1243 1244 1245 1246 1247 1248 1249]] [96 [1250 1251 1252 1253 1254 1255 1256 1257 1258 1259 1260 1261 1262]] [97 [1263 1264 1265 1266 1267 1268 1269 1270 1271 1272 1273 1274 1275]] [98 [1276 1277 1278 1279 1280 1281 1282 1283 1284 1285 1286 1287 1288]] [99 [1289 1290 1291 1292 1293 1294 1295 1296 1297 1298 1299 1300 1301]]]","[[0 [0 1 2 3 4 6 7 8 9 10 13]] [1 [15 16 17 18 19 20 21 22 23 24 25 26 27]] [2 [28 29 30 31 32 33 34 35 36 37 38 39 40]] [3 [41 42 43 44 45 46 47 48 49 50 51 52 53]] [4 [54 55 56 57 58 59 60 61 62 63 64 65 66]] [5 [67 68 69 70 71 72 73 74 75 76 77 78 79]] [6 [80 81 82 83 84 85 86 87 88 89 90 91 92]] [7 [93 94 95 96 97 98 99 100 101 102 103 104 105]] [8 [106 107 108 109 110 111 112 113 114 115 116 117 118]] [9 [119 120 121 122 123 124 125 126 127 128 129 130 131]] [10 [132 133 134 135 136 137 138 139 140 141 142 143 144]] [11 [145 146 147 148 149 150 151 152 153 154 155 156 157]] [12 [158 159 160 161 162 163 164 165 166 167 168 169 170]] [13 [171 172 173 174 175 176 177 178 179 180 181 182 183]] [14 [184 185 186 187 188 189 190 191 192 193 194 195 196]] [15 [197 198 199 200 201 202 203 204 205 206 207 208 209]] [16 [210 211 212 213 214 215 216 217 218 219 220 221 222]] [17 [223 224 225 226 227 228 229 230 231 232 233 234 235]] [18 [236 237 238 239 240 241 242 243 244 245 246 247 248]] [19 [249 250 251 252 253 254 255 256 257 258 259 260 261]] [20 [262 263 264 265 266 267 268 269 270 271 272 273 274]] [21 [275 276 277 278 279 280 281 282 283 284 285 286 287]] [22 [288 289 290 291 292 293 294 295 296 297 298 299 300]] [23 [301 302 303 304 305 306 307 308 309 310 311 312 313]] [24 [314 315 316 317 318 319 320 321 322 323 324 325 326]] [25 [327 328 329 330 331 332 333 334 335 336 337 338 339]] [26 [340 341 342 343 344 345 346 347 348 349 350 351 352]] [27 [353 354 355 356 357 358 359 360 361 362 363 364 365]] [28 [366 367 368 369 370 371 372 373 374 375 376 377 378]] [29 [379 380 381 382 383 384 385 386 387 388 389 390 391]] [30 [392 393 394 395 396 397 398 399 400 401 402 403 404]] [31 [405 406 407 408 409 410 411 412 413 414 415 416 417]] [32 [418 419 420 421 422 423 424 425 426 427 428 429 430]] [33 [431 432 433 434 435 436 437 438 439 440 441 442 443]] [34 [444 445 446 447 448 449 450 451 452 453 454 455 456]] [35 [457 458 459 460 461 462 463 464 465 466 467 468 469]] [36 [470 471 472 473 474 475 476 477 478 479 480 481 482]] [37 [483 484 485 486 487 488 489 490 491 492 493 494 495]] [38 [496 497 498 499 500 501 502 503 504 505 506 507 508]] [39 [509 510 511 512 513 514 515 516 517 518 519 520 521]] [40 [522 523 524 525 526 527 528 529 530 531 532 533 534]] [41 [535 536 537 538 539 540 541 542 543 544 545 546 547]] [42 [548 549 550 551 552 553 554 555 556 557 558 559 560]] [43 [561 562 563 564 565 566 567 568 569 570 571 572 573]] [44 [574 575 576 577 578 579 580 581 582 583 584 585 586]] [45 [587 588 589 590 591 592 593 594 595 596 597 598 599]] [46 [600 601 602 603 604 605 606 607 608 609 610 611 612]] [47 [613 614 615 616 617 618 619 620 621 622 623 624 625]] [48 [626 627 628 629 630 631 632 633 634 635 636 637 638]] [49 [639 640 641 642 643 644 645 646 647 648 649 650 651]] [50 [652 653 654 655 656 657 658 659 660 661 662 663 664]] [51 [665 666 667 668 669 670 671 672 673 674 675 676 677]] [52 [678 679 680 681 682 683 684 685 686 687 688 689 690]] [53 [691 692 693 694 695 696 697 698 699 700 701 702 703]] [54 [704 705 706 707 708 709 710 711 712 713 714 715 716]] [55 [717 718 719 720 721 722 723 724 725 726 727 728 729]] [56 [730 731 732 733 734 735 736 737 738 739 740 741 742]] [57 [743 744 745 746 747 748 749 750 751 752 753 754 755]] [58 [756 757 758 759 760 761 762 763 764 765 766 767 768]] [59 [769 770 771 772 773 774 775 776 777 778 779 780 781]] [60 [782 783 784 785 786 787 788 789 790 791 792 793 794]] [61 [795 796 797 798 799 800 801 802 803 804 805 806 807]] [62 [808 809 810 811 812 813 814 815 816 817 818 819 820]] [63 [821 822 823 824 825 826 827 828 829 830 831 832 833]] [64 [834 835 836 837 838 839 840 841 842 843 844 845 846]] [65 [847 848 849 850 851 852 853 854 855 856 857 858 859]] [66 [860 861 862 863 864 865 866 867 868 869 870 871 872]] [67 [873 874 875 876 877 878 879 880 881 882 883 884 885]] [68 [886 887 888 889 890 891 892 893 894 895 896 897 898]] [69 [899 900 901 902 903 904 905 906 907 908 909 910 911]] [70 [912 913 914 915 916 917 918 919 920 921 922 923 924]] [71 [925 926 927 928 929 930 931 932 933 934 935 936 937]] [72 [938 939 940 941 942 943 944 945 946 947 948 949 950]] [73 [951 952 953 954 955 956 957 958 959 960 961 962 963]] [74 [964 965 966 967 968 969 970 971 972 973 974 975 976]] [75 [977 978 979 980 981 982 983 984 985 986 987 988 989]] [76 [990 991 992 993 994 995 996 997 998 999 1000 1001 1002]] [77 [1003 1004 1005 1006 1007 1008 1009 1010 1011 1012 1013 1014 1015]] [78 [1016 1017 1018 1019 1020 1021 1022 1023 1024 1025 1026 1027 1028]] [79 [1029 1030 1031 1032 1033 1034 1035 1036 1037 1038 1039 1040 1041]] [80 [1042 1043 1044 1045 1046 1047 1048 1049 1050 1051 1052 1053 1054]] [81 [1055 1056 1057 1058 1059 1060 1061 1062 1063 1064 1065 1066 1067]] [82 [1068 1069 1070 1071 1072 1073 1074 1075 1076 1077 1078 1079 1080]] [83 [1081 1082 1083 1084 1085 1086 1087 1088 1089 1090 1091 1092 1093]] [84 [1094 1095 1096 1097 1098 1099 1100 1101 1102 1103 1104 1105 1106]] [85 [1107 1108 1109 1110 1111 1112 1113 1114 1115 1116 1117 1118 1119]] [86 [1120 1121 1122 1123 1124 1125 1126 1127 1128 1129 1130 1131 1132]] [87 [1133 1134 1135 1136 1137 1138 1139 1140 1141 1142 1143 1144 1145]] [88 [1146 1147 1148 1149 1150 1151 1152 1153 1154 1155 1156 1157 1158]] [89 [1159 1160 1161 1162 1163 1164 1165 1166 1167 1168 1169 1170 1171]] [90 [1172 1173 1174 1175 1176 1177 1178 1179 1180 1181 1182 1183 1184]] [91 [1185 1186 1187 1188 1189 1190 1191 1192 1193 1194 1195 1196 1197]] [92 [1198 1199 1200 1201 1202 1203 1204 1205 1206 1207 1208 1209 1210]] [93 [1211 1212 1213 1214 1215 1216 1217 1218 1219 1220 1221 1222 1223]] [94 [1224 1225 1226 1227 1228 1229 1230 1231 1232 1233 1234 1235 1236]] [95 [1237 1238 1239 1240 1241 1242 1243 1244 1245 1246 1247 1248 1249]] [96 [1250 1251 1252 1253 1254 1255 1256 1257 1258 1259 1260 1261 1262]] [97 [1263 1264 1265 1266 1267 1268 1269 1270 1271 1272 1273 1274 1275]] [98 [1276 1277 1278 1279 1280 1281 1282 1283 1284 1285 1286 1287 1288]] [99 [1289 1290 1291 1292 1293 1294 1295 1296 1297 1298 1299 1300 1301]]]",,"[[{citizen 29} [[""A"" [3 3]]]] [{citizen 33} [[""A"" [3 3]]]] [{media 56} [[""A"" [3 3]]]] [{media 57} [[""A"" [3 3]]]] [{media 59} [[""A"" [3 3]]]] [{media 63} [[""A"" [3 3]]]] [{media 64} [[""A"" [3 3]]]] [{citizen 8} [[""A"" [3 3]]]] [{citizen 14} [[""A"" [3 3]]]] [{media 54} [[""A"" [3 3]]]] [{citizen 5} [[""A"" [3 3]]]] [{citizen 12} [[""A"" [3 3]]]] [{citizen 16} [[""A"" [3 3]]]] [{citizen 0} [[""A"" [3 3]]]] [{citizen 3} [[""A"" [3 3]]]] [{media 50} [[""A"" [3 3]]]] [{citizen 4} [[""A"" [3 3]]]] [{media 55} [[""A"" [3 3]]]] [{citizen 1} [[""A"" [3 3]]]] [{media 62} [[""A"" [3 3]]]] [{media 53} [[""A"" [3 3]]]] [{media 52} [[""A"" [3 3]]]] [{media 61} [[""A"" [3 3]]]] [{citizen 9} [[""A"" [3 3]]]] [{citizen 43} [[""A"" [3 3]]]] [{citizen 45} [[""A"" [3 3]]]] [{citizen 20} [[""A"" [3 3]]]] [{citizen 17} [[""A"" [3 3]]]] [{citizen 36} [[""A"" [3 3]]]] [{citizen 37} [[""A"" [3 3]]]] [{citizen 10} [[""A"" [3 3]]]] [{citizen 31} [[""A"" [3 3]]]] [{citizen 42} [[""A"" [3 3]]]] [{citizen 15} [[""A"" [3 3]]]] [{citizen 49} [[""A"" [3 3]]]] [{citizen 7} [[""A"" [3 3]]]] [{citizen 23} [[""A"" [3 3]]]] [{citizen 38} [[""A"" [3 3]]]] [{citizen 46} [[""A"" [3 3]]]] [{citizen 2} [[""A"" [3 3]]]] [{citizen 6} [[""A"" [3 3]]]] [{citizen 25} [[""A"" [3 3]]]] [{citizen 21} [[""A"" [3 3]]]] [{citizen 35} [[""A"" [3 3]]]] [{citizen 22} [[""A"" [3 3]]]] [{citizen 32} [[""A"" [3 3]]]] [{citizen 19} [[""A"" [3 3]]]] [{citizen 41} [[""A"" [3 3]]]] [{citizen 34} [[""A"" [3 3]]]] [{citizen 48} [[""A"" [3 3]]]] [{citizen 11} [[""A"" [3 3]]]] [{media 51} [[""A"" [3 3]]]] [{citizen 40} [[""A"" [3 3]]]] [{citizen 18} [[""A"" [3 3]]]] [{citizen 44} [[""A"" [3 3]]]] [{citizen 47} [[""A"" [3 3]]]] [{citizen 39} [[""A"" [3 3]]]] [{citizen 30} [[""A"" [3 3]]]] [{citizen 26} [[""A"" [3 3]]]] [{citizen 24} [[""A"" [3 3]]]] [{citizen 13} [[""A"" [3 3]]]] [{citizen 28} [[""A"" [3 3]]]]]"
"28","[128 0 127]","285.6521739130435","-4.914602736632915","1.9824851202579672","""circle""","""""","9.9","{breed citizens}","false","0.5","1","""up""",,"[[""ID"" 4] [""alpha"" 1] [""beta"" 1] [""malleable"" [""A""]] [""prior"" []] [""cont_tokens"" []] [""A"" 3]]","[[0 [0 1 2 3 4 6 7 8 9 10 13]] [1 [15 16 17 18 19 20 21 22 23 24 25 26 27]] [2 [28 29 30 31 32 33 34 35 36 37 38 39 40]] [3 [41 42 43 44 45 46 47 48 49 50 51 52 53]] [4 [54 55 56 57 58 59 60 61 62 63 64 65 66]] [5 [67 68 69 70 71 72 73 74 75 76 77 78 79]] [6 [80 81 82 83 84 85 86 87 88 89 90 91 92]] [7 [93 94 95 96 97 98 99 100 101 102 103 104 105]] [8 [106 107 108 109 110 111 112 113 114 115 116 117 118]] [9 [119 120 121 122 123 124 125 126 127 128 129 130 131]] [10 [132 133 134 135 136 137 138 139 140 141 142 143 144]] [11 [145 146 147 148 149 150 151 152 153 154 155 156 157]] [12 [158 159 160 161 162 163 164 165 166 167 168 169 170]] [13 [171 172 173 174 175 176 177 178 179 180 181 182 183]] [14 [184 185 186 187 188 189 190 191 192 193 194 195 196]] [15 [197 198 199 200 201 202 203 204 205 206 207 208 209]] [16 [210 211 212 213 214 215 216 217 218 219 220 221 222]] [17 [223 224 225 226 227 228 229 230 231 232 233 234 235]] [18 [236 237 238 239 240 241 242 243 244 245 246 247 248]] [19 [249 250 251 252 253 254 255 256 257 258 259 260 261]] [20 [262 263 264 265 266 267 268 269 270 271 272 273 274]] [21 [275 276 277 278 279 280 281 282 283 284 285 286 287]] [22 [288 289 290 291 292 293 294 295 296 297 298 299 300]] [23 [301 302 303 304 305 306 307 308 309 310 311 312 313]] [24 [314 315 316 317 318 319 320 321 322 323 324 325 326]] [25 [327 328 329 330 331 332 333 334 335 336 337 338 339]] [26 [340 341 342 343 344 345 346 347 348 349 350 351 352]] [27 [353 354 355 356 357 358 359 360 361 362 363 364 365]] [28 [366 367 368 369 370 371 372 373 374 375 376 377 378]] [29 [379 380 381 382 383 384 385 386 387 388 389 390 391]] [30 [392 393 394 395 396 397 398 399 400 401 402 403 404]] [31 [405 406 407 408 409 410 411 412 413 414 415 416 417]] [32 [418 419 420 421 422 423 424 425 426 427 428 429 430]] [33 [431 432 433 434 435 436 437 438 439 440 441 442 443]] [34 [444 445 446 447 448 449 450 451 452 453 454 455 456]] [35 [457 458 459 460 461 462 463 464 465 466 467 468 469]] [36 [470 471 472 473 474 475 476 477 478 479 480 481 482]] [37 [483 484 485 486 487 488 489 490 491 492 493 494 495]] [38 [496 497 498 499 500 501 502 503 504 505 506 507 508]] [39 [509 510 511 512 513 514 515 516 517 518 519 520 521]] [40 [522 523 524 525 526 527 528 529 530 531 532 533 534]] [41 [535 536 537 538 539 540 541 542 543 544 545 546 547]] [42 [548 549 550 551 552 553 554 555 556 557 558 559 560]] [43 [561 562 563 564 565 566 567 568 569 570 571 572 573]] [44 [574 575 576 577 578 579 580 581 582 583 584 585 586]] [45 [587 588 589 590 591 592 593 594 595 596 597 598 599]] [46 [600 601 602 603 604 605 606 607 608 609 610 611 612]] [47 [613 614 615 616 617 618 619 620 621 622 623 624 625]] [48 [626 627 628 629 630 631 632 633 634 635 636 637 638]] [49 [639 640 641 642 643 644 645 646 647 648 649 650 651]] [50 [652 653 654 655 656 657 658 659 660 661 662 663 664]] [51 [665 666 667 668 669 670 671 672 673 674 675 676 677]] [52 [678 679 680 681 682 683 684 685 686 687 688 689 690]] [53 [691 692 693 694 695 696 697 698 699 700 701 702 703]] [54 [704 705 706 707 708 709 710 711 712 713 714 715 716]] [55 [717 718 719 720 721 722 723 724 725 726 727 728 729]] [56 [730 731 732 733 734 735 736 737 738 739 740 741 742]] [57 [743 744 745 746 747 748 749 750 751 752 753 754 755]] [58 [756 757 758 759 760 761 762 763 764 765 766 767 768]] [59 [769 770 771 772 773 774 775 776 777 778 779 780 781]] [60 [782 783 784 785 786 787 788 789 790 791 792 793 794]] [61 [795 796 797 798 799 800 801 802 803 804 805 806 807]] [62 [808 809 810 811 812 813 814 815 816 817 818 819 820]] [63 [821 822 823 824 825 826 827 828 829 830 831 832 833]] [64 [834 835 836 837 838 839 840 841 842 843 844 845 846]] [65 [847 848 849 850 851 852 853 854 855 856 857 858 859]] [66 [860 861 862 863 864 865 866 867 868 869 870 871 872]] [67 [873 874 875 876 877 878 879 880 881 882 883 884 885]] [68 [886 887 888 889 890 891 892 893 894 895 896 897 898]] [69 [899 900 901 902 903 904 905 906 907 908 909 910 911]] [70 [912 913 914 915 916 917 918 919 920 921 922 923 924]] [71 [925 926 927 928 929 930 931 932 933 934 935 936 937]] [72 [938 939 940 941 942 943 944 945 946 947 948 949 950]] [73 [951 952 953 954 955 956 957 958 959 960 961 962 963]] [74 [964 965 966 967 968 969 970 971 972 973 974 975 976]] [75 [977 978 979 980 981 982 983 984 985 986 987 988 989]] [76 [990 991 992 993 994 995 996 997 998 999 1000 1001 1002]] [77 [1003 1004 1005 1006 1007 1008 1009 1010 1011 1012 1013 1014 1015]] [78 [1016 1017 1018 1019 1020 1021 1022 1023 1024 1025 1026 1027 1028]] [79 [1029 1030 1031 1032 1033 1034 1035 1036 1037 1038 1039 1040 1041]] [80 [1042 1043 1044 1045 1046 1047 1048 1049 1050 1051 1052 1053 1054]] [81 [1055 1056 1057 1058 1059 1060 1061 1062 1063 1064 1065 1066 1067]] [82 [1068 1069 1070 1071 1072 1073 1074 1075 1076 1077 1078 1079 1080]] [83 [1081 1082 1083 1084 1085 1086 1087 1088 1089 1090 1091 1092 1093]] [84 [1094 1095 1096 1097 1098 1099 1100 1101 1102 1103 1104 1105 1106]] [85 [1107 1108 1109 1110 1111 1112 1113 1114 1115 1116 1117 1118 1119]] [86 [1120 1121 1122 1123 1124 1125 1126 1127 1128 1129 1130 1131 1132]] [87 [1133 1134 1135 1136 1137 1138 1139 1140 1141 1142 1143 1144 1145]] [88 [1146 1147 1148 1149 1150 1151 1152 1153 1154 1155 1156 1157 1158]] [89 [1159 1160 1161 1162 1163 1164 1165 1166 1167 1168 1169 1170 1171]] [90 [1172 1173 1174 1175 1176 1177 1178 1179 1180 1181 1182 1183 1184]] [91 [1185 1186 1187 1188 1189 1190 1191 1192 1193 1194 1195 1196 1197]] [92 [1198 1199 1200 1201 1202 1203 1204 1205 1206 1207 1208 1209 1210]] [93 [1211 1212 1213 1214 1215 1216 1217 1218 1219 1220 1221 1222 1223]] [94 [1224 1225 1226 1227 1228 1229 1230 1231 1232 1233 1234 1235 1236]] [95 [1237 1238 1239 1240 1241 1242 1243 1244 1245 1246 1247 1248 1249]] [96 [1250 1251 1252 1253 1254 1255 1256 1257 1258 1259 1260 1261 1262]] [97 [1263 1264 1265 1266 1267 1268 1269 1270 1271 1272 1273 1274 1275]] [98 [1276 1277 1278 1279 1280 1281 1282 1283 1284 1285 1286 1287 1288]] [99 [1289 1290 1291 1292 1293 1294 1295 1296 1297 1298 1299 1300 1301]]]","[[0 [0 1 2 3 4 6 7 8 9 10 13]] [1 [15 16 17 18 19 20 21 22 23 24 25 26 27]] [2 [28 29 30 31 32 33 34 35 36 37 38 39 40]] [3 [41 42 43 44 45 46 47 48 49 50 51 52 53]] [4 [54 55 56 57 58 59 60 61 62 63 64 65 66]] [5 [67 68 69 70 71 72 73 74 75 76 77 78 79]] [6 [80 81 82 83 84 85 86 87 88 89 90 91 92]] [7 [93 94 95 96 97 98 99 100 101 102 103 104 105]] [8 [106 107 108 109 110 111 112 113 114 115 116 117 118]] [9 [119 120 121 122 123 124 125 126 127 128 129 130 131]] [10 [132 133 134 135 136 137 138 139 140 141 142 143 144]] [11 [145 146 147 148 149 150 151 152 153 154 155 156 157]] [12 [158 159 160 161 162 163 164 165 166 167 168 169 170]] [13 [171 172 173 174 175 176 177 178 179 180 181 182 183]] [14 [184 185 186 187 188 189 190 191 192 193 194 195 196]] [15 [197 198 199 200 201 202 203 204 205 206 207 208 209]] [16 [210 211 212 213 214 215 216 217 218 219 220 221 222]] [17 [223 224 225 226 227 228 229 230 231 232 233 234 235]] [18 [236 237 238 239 240 241 242 243 244 245 246 247 248]] [19 [249 250 251 252 253 254 255 256 257 258 259 260 261]] [20 [262 263 264 265 266 267 268 269 270 271 272 273 274]] [21 [275 276 277 278 279 280 281 282 283 284 285 286 287]] [22 [288 289 290 291 292 293 294 295 296 297 298 299 300]] [23 [301 302 303 304 305 306 307 308 309 310 311 312 313]] [24 [314 315 316 317 318 319 320 321 322 323 324 325 326]] [25 [327 328 329 330 331 332 333 334 335 336 337 338 339]] [26 [340 341 342 343 344 345 346 347 348 349 350 351 352]] [27 [353 354 355 356 357 358 359 360 361 362 363 364 365]] [28 [366 367 368 369 370 371 372 373 374 375 376 377 378]] [29 [379 380 381 382 383 384 385 386 387 388 389 390 391]] [30 [392 393 394 395 396 397 398 399 400 401 402 403 404]] [31 [405 406 407 408 409 410 411 412 413 414 415 416 417]] [32 [418 419 420 421 422 423 424 425 426 427 428 429 430]] [33 [431 432 433 434 435 436 437 438 439 440 441 442 443]] [34 [444 445 446 447 448 449 450 451 452 453 454 455 456]] [35 [457 458 459 460 461 462 463 464 465 466 467 468 469]] [36 [470 471 472 473 474 475 476 477 478 479 480 481 482]] [37 [483 484 485 486 487 488 489 490 491 492 493 494 495]] [38 [496 497 498 499 500 501 502 503 504 505 506 507 508]] [39 [509 510 511 512 513 514 515 516 517 518 519 520 521]] [40 [522 523 524 525 526 527 528 529 530 531 532 533 534]] [41 [535 536 537 538 539 540 541 542 543 544 545 546 547]] [42 [548 549 550 551 552 553 554 555 556 557 558 559 560]] [43 [561 562 563 564 565 566 567 568 569 570 571 572 573]] [44 [574 575 576 577 578 579 580 581 582 583 584 585 586]] [45 [587 588 589 590 591 592 593 594 595 596 597 598 599]] [46 [600 601 602 603 604 605 606 607 608 609 610 611 612]] [47 [613 614 615 616 617 618 619 620 621 622 623 624 625]] [48 [626 627 628 629 630 631 632 633 634 635 636 637 638]] [49 [639 640 641 642 643 644 645 646 647 648 649 650 651]] [50 [652 653 654 655 656 657 658 659 660 661 662 663 664]] [51 [665 666 667 668 669 670 671 672 673 674 675 676 677]] [52 [678 679 680 681 682 683 684 685 686 687 688 689 690]] [53 [691 692 693 694 695 696 697 698 699 700 701 702 703]] [54 [704 705 706 707 708 709 710 711 712 713 714 715 716]] [55 [717 718 719 720 721 722 723 724 725 726 727 728 729]] [56 [730 731 732 733 734 735 736 737 738 739 740 741 742]] [57 [743 744 745 746 747 748 749 750 751 752 753 754 755]] [58 [756 757 758 759 760 761 762 763 764 765 766 767 768]] [59 [769 770 771 772 773 774 775 776 777 778 779 780 781]] [60 [782 783 784 785 786 787 788 789 790 791 792 793 794]] [61 [795 796 797 798 799 800 801 802 803 804 805 806 807]] [62 [808 809 810 811 812 813 814 815 816 817 818 819 820]] [63 [821 822 823 824 825 826 827 828 829 830 831 832 833]] [64 [834 835 836 837 838 839 840 841 842 843 844 845 846]] [65 [847 848 849 850 851 852 853 854 855 856 857 858 859]] [66 [860 861 862 863 864 865 866 867 868 869 870 871 872]] [67 [873 874 875 876 877 878 879 880 881 882 883 884 885]] [68 [886 887 889 890 891 892 893 894 895 896 897 898]] [69 [899 900 901 902 903 904 905 906 907 908 909 910 911]] [70 [912 913 914 915 916 917 918 919 920 921 922 923 924]] [71 [925 926 927 928 929 930 931 932 933 934 935 936 937]] [72 [938 939 940 941 942 943 944 945 946 947 948 949 950]] [73 [951 952 953 954 955 956 957 958 959 960 961 962 963]] [74 [964 965 966 967 968 969 970 971 972 973 974 975 976]] [75 [977 978 979 980 981 982 983 984 985 986 987 988 989]] [76 [990 991 992 993 994 995 996 997 998 999 1000 1001 1002]] [77 [1003 1004 1005 1006 1007 1008 1009 1010 1011 1012 1013 1014 1015]] [78 [1016 1017 1018 1019 1020 1021 1022 1023 1024 1025 1026 1027 1028]] [79 [1029 1030 1031 1032 1033 1034 1035 1036 1037 1038 1039 1040 1041]] [80 [1042 1043 1044 1045 1046 1047 1048 1049 1050 1051 1052 1053 1054]] [81 [1055 1056 1057 1058 1059 1060 1061 1062 1063 1064 1065 1066 1067]] [82 [1068 1069 1070 1071 1072 1073 1074 1075 1076 1077 1078 1079 1080]] [83 [1081 1082 1083 1084 1085 1086 1087 1088 1089 1090 1091 1092 1093]] [84 [1094 1095 1096 1097 1098 1099 1100 1101 1102 1103 1104 1105 1106]] [85 [1107 1108 1109 1110 1111 1112 1113 1114 1115 1116 1117 1118 1119]] [86 [1120 1121 1122 1123 1124 1125 1126 1127 1128 1129 1130 1131 1132]] [87 [1133 1134 1135 1136 1137 1138 1139 1140 1141 1142 1143 1144 1145]] [88 [1146 1147 1148 1149 1150 1151 1152 1153 1154 1155 1156 1157 1158]] [89 [1159 1160 1161 1162 1163 1164 1165 1166 1167 1168 1169 1170 1171]] [90 [1172 1173 1174 1175 1176 1177 1178 1179 1180 1181 1182 1183 1184]] [91 [1185 1186 1187 1188 1189 1190 1191 1192 1193 1194 1195 1196 1197]] [92 [1198 1199 1200 1201 1202 1203 1204 1205 1206 1207 1208 1209 1210]] [93 [1211 1212 1213 1214 1215 1216 1217 1218 1219 1220 1221 1222 1223]] [94 [1224 1225 1226 1227 1228 1229 1230 1231 1232 1233 1234 1235 1236]] [95 [1237 1238 1239 1240 1241 1242 1243 1244 1245 1246 1247 1248 1249]] [96 [1250 1251 1252 1253 1254 1255 1256 1257 1258 1259 1260 1261 1262]] [97 [1263 1264 1265 1266 1267 1268 1269 1270 1271 1272 1273 1274 1275]] [98 [1276 1277 1278 1279 1280 1281 1282 1283 1284 1285 1286 1287 1288]] [99 [1289 1290 1291 1292 1293 1294 1295 1296 1297 1298 1299 1300 1301]]]",,"[[{media 56} [[""A"" [3 3]]]] [{media 57} [[""A"" [3 3]]]] [{media 59} [[""A"" [3 3]]]] [{media 63} [[""A"" [3 3]]]] [{media 64} [[""A"" [3 3]]]] [{media 54} [[""A"" [3 3]]]] [{citizen 5} [[""A"" [3 3]]]] [{citizen 7} [[""A"" [3 3]]]] [{citizen 0} [[""A"" [3 3]]]] [{citizen 3} [[""A"" [3 3]]]] [{citizen 12} [[""A"" [3 3]]]] [{citizen 16} [[""A"" [3 3]]]] [{media 50} [[""A"" [3 3]]]] [{media 55} [[""A"" [3 3]]]] [{citizen 1} [[""A"" [3 3]]]] [{citizen 4} [[""A"" [3 3]]]] [{media 62} [[""A"" [3 3]]]] [{media 53} [[""A"" [3 3]]]] [{citizen 2} [[""A"" [3 3]]]] [{media 52} [[""A"" [3 3]]]] [{media 61} [[""A"" [3 3]]]] [{citizen 9} [[""A"" [3 3]]]] [{citizen 43} [[""A"" [3 3]]]] [{citizen 45} [[""A"" [3 3]]]] [{citizen 20} [[""A"" [3 3]]]] [{citizen 17} [[""A"" [3 3]]]] [{citizen 36} [[""A"" [3 3]]]] [{citizen 37} [[""A"" [3 3]]]] [{citizen 10} [[""A"" [3 3]]]] [{citizen 31} [[""A"" [3 3]]]] [{citizen 14} [[""A"" [3 3]]]] [{citizen 42} [[""A"" [3 3]]]] [{citizen 27} [[""A"" [3 3]]]] [{citizen 33} [[""A"" [3 3]]]] [{citizen 40} [[""A"" [3 3]]]] [{citizen 19} [[""A"" [3 3]]]] [{citizen 34} [[""A"" [3 3]]]] [{citizen 38} [[""A"" [3 3]]]] [{citizen 24} [[""A"" [3 3]]]] [{citizen 15} [[""A"" [3 3]]]] [{citizen 49} [[""A"" [3 3]]]] [{citizen 23} [[""A"" [3 3]]]] [{citizen 8} [[""A"" [3 3]]]] [{citizen 46} [[""A"" [3 3]]]] [{citizen 6} [[""A"" [3 3]]]] [{citizen 25} [[""A"" [3 3]]]] [{citizen 21} [[""A"" [3 3]]]] [{citizen 41} [[""A"" [3 3]]]] [{citizen 29} [[""A"" [3 3]]]] [{citizen 48} [[""A"" [3 3]]]] [{citizen 18} [[""A"" [3 3]]]] [{citizen 47} [[""A"" [3 3]]]] [{citizen 11} [[""A"" [3 3]]]] [{citizen 32} [[""A"" [3 3]]]] [{citizen 35} [[""A"" [3 3]]]] [{media 51} [[""A"" [3 3]]]] [{citizen 22} [[""A"" [3 3]]]] [{citizen 44} [[""A"" [3 3]]]] [{citizen 13} [[""A"" [3 3]]]] [{citizen 39} [[""A"" [3 3]]]] [{citizen 30} [[""A"" [3 3]]]] [{citizen 26} [[""A"" [3 3]]]]]"
"29","[128 0 127]","180","0.6826907302349109","-8.68","""circle""","""""","9.9","{breed citizens}","false","0.5","1","""up""",,"[[""ID"" 7] [""alpha"" 1] [""beta"" 1] [""malleable"" [""A""]] [""prior"" []] [""cont_tokens"" []] [""A"" 3]]","[[0 [0 1 2 3 4 6 7 8 9 10 13]] [1 [15 16 17 18 19 20 21 22 23 24 25 26 27]] [2 [28 29 30 31 32 33 34 35 36 37 38 39 40]] [3 [41 42 43 44 45 46 47 48 49 50 51 52 53]] [4 [54 55 56 57 58 59 60 61 62 63 64 65 66]] [5 [67 68 69 70 71 72 73 74 75 76 77 78 79]] [6 [80 81 82 83 84 85 86 87 88 89 90 91 92]] [7 [93 94 95 96 97 98 99 100 101 102 103 104 105]] [8 [106 107 108 109 110 111 112 113 114 115 116 117 118]] [9 [119 120 121 122 123 124 125 126 127 128 129 130 131]] [10 [132 133 134 135 136 137 138 139 140 141 142 143 144]] [11 [145 146 147 148 149 150 151 152 153 154 155 156 157]] [12 [158 159 160 161 162 163 164 165 166 167 168 169 170]] [13 [171 172 173 174 175 176 177 178 179 180 181 182 183]] [14 [184 185 186 187 188 189 190 191 192 193 194 195 196]] [15 [197 198 199 200 201 202 203 204 205 206 207 208 209]] [16 [210 211 212 213 214 215 216 217 218 219 220 221 222]] [17 [223 224 225 226 227 228 229 230 231 232 233 234 235]] [18 [236 237 238 239 240 241 242 243 244 245 246 247 248]] [19 [249 250 251 252 253 254 255 256 257 258 259 260 261]] [20 [262 263 264 265 266 267 268 269 270 271 272 273 274]] [21 [275 276 277 278 279 280 281 282 283 284 285 286 287]] [22 [288 289 290 291 292 293 294 295 296 297 298 299 300]] [23 [301 302 303 304 305 306 307 308 309 310 311 312 313]] [24 [314 315 316 317 318 319 320 321 322 323 324 325 326]] [25 [327 328 329 330 331 332 333 334 335 336 337 338 339]] [26 [340 341 342 343 344 345 346 347 348 349 350 351 352]] [27 [353 354 355 356 357 358 359 360 361 362 363 364 365]] [28 [366 367 368 369 370 371 372 373 374 375 376 377 378]] [29 [379 380 381 382 383 384 385 386 387 388 389 390 391]] [30 [392 393 394 395 396 397 398 399 400 401 402 403 404]] [31 [405 406 407 408 409 410 411 412 413 414 415 416 417]] [32 [418 419 420 421 422 423 424 425 426 427 428 429 430]] [33 [431 432 433 434 435 436 437 438 439 440 441 442 443]] [34 [444 445 446 447 448 449 450 451 452 453 454 455 456]] [35 [457 458 459 460 461 462 463 464 465 466 467 468 469]] [36 [470 471 472 473 474 475 476 477 478 479 480 481 482]] [37 [483 484 485 486 487 488 489 490 491 492 493 494 495]] [38 [496 497 498 499 500 501 502 503 504 505 506 507 508]] [39 [509 510 511 512 513 514 515 516 517 518 519 520 521]] [40 [522 523 524 525 526 527 528 529 530 531 532 533 534]] [41 [535 536 537 538 539 540 541 542 543 544 545 546 547]] [42 [548 549 550 551 552 553 554 555 556 557 558 559 560]] [43 [561 562 563 564 565 566 567 568 569 570 571 572 573]] [44 [574 575 576 577 578 579 580 581 582 583 584 585 586]] [45 [587 588 589 590 591 592 593 594 595 596 597 598 599]] [46 [600 601 602 603 604 605 606 607 608 609 610 611 612]] [47 [613 614 615 616 617 618 619 620 621 622 623 624 625]] [48 [626 627 628 629 630 631 632 633 634 635 636 637 638]] [49 [639 640 641 642 643 644 645 646 647 648 649 650 651]] [50 [652 653 654 655 656 657 658 659 660 661 662 663 664]] [51 [665 666 667 668 669 670 671 672 673 674 675 676 677]] [52 [678 679 680 681 682 683 684 685 686 687 688 689 690]] [53 [691 692 693 694 695 696 697 698 699 700 701 702 703]] [54 [704 705 706 707 708 709 710 711 712 713 714 715 716]] [55 [717 718 719 720 721 722 723 724 725 726 727 728 729]] [56 [730 731 732 733 734 735 736 737 738 739 740 741 742]] [57 [743 744 745 746 747 748 749 750 751 752 753 754 755]] [58 [756 757 758 759 760 761 762 763 764 765 766 767 768]] [59 [769 770 771 772 773 774 775 776 777 778 779 780 781]] [60 [782 783 784 785 786 787 788 789 790 791 792 793 794]] [61 [795 796 797 798 799 800 801 802 803 804 805 806 807]] [62 [808 809 810 811 812 813 814 815 816 817 818 819 820]] [63 [821 822 823 824 825 826 827 828 829 830 831 832 833]] [64 [834 835 836 837 838 839 840 841 842 843 844 845 846]] [65 [847 848 849 850 851 852 853 854 855 856 857 858 859]] [66 [860 861 862 863 864 865 866 867 868 869 870 871 872]] [67 [873 874 875 876 877 878 879 880 881 882 883 884 885]] [68 [886 887 888 889 890 891 892 893 894 895 896 897 898]] [69 [899 900 901 902 903 904 905 906 907 908 909 910 911]] [70 [912 913 914 915 916 917 918 919 920 921 922 923 924]] [71 [925 926 927 928 929 930 931 932 933 934 935 936 937]] [72 [938 939 940 941 942 943 944 945 946 947 948 949 950]] [73 [951 952 953 954 955 956 957 958 959 960 961 962 963]] [74 [964 965 966 967 968 969 970 971 972 973 974 975 976]] [75 [977 978 979 980 981 982 983 984 985 986 987 988 989]] [76 [990 991 992 993 994 995 996 997 998 999 1000 1001 1002]] [77 [1003 1004 1005 1006 1007 1008 1009 1010 1011 1012 1013 1014 1015]] [78 [1016 1017 1018 1019 1020 1021 1022 1023 1024 1025 1026 1027 1028]] [79 [1029 1030 1031 1032 1033 1034 1035 1036 1037 1038 1039 1040 1041]] [80 [1042 1043 1044 1045 1046 1047 1048 1049 1050 1051 1052 1053 1054]] [81 [1055 1056 1057 1058 1059 1060 1061 1062 1063 1064 1065 1066 1067]] [82 [1068 1069 1070 1071 1072 1073 1074 1075 1076 1077 1078 1079 1080]] [83 [1081 1082 1083 1084 1085 1086 1087 1088 1089 1090 1091 1092 1093]] [84 [1094 1095 1096 1097 1098 1099 1100 1101 1102 1103 1104 1105 1106]] [85 [1107 1108 1109 1110 1111 1112 1113 1114 1115 1116 1117 1118 1119]] [86 [1120 1121 1122 1123 1124 1125 1126 1127 1128 1129 1130 1131 1132]] [87 [1133 1134 1135 1136 1137 1138 1139 1140 1141 1142 1143 1144 1145]] [88 [1146 1147 1148 1149 1150 1151 1152 1153 1154 1155 1156 1157 1158]] [89 [1159 1160 1161 1162 1163 1164 1165 1166 1167 1168 1169 1170 1171]] [90 [1172 1173 1174 1175 1176 1177 1178 1179 1180 1181 1182 1183 1184]] [91 [1185 1186 1187 1188 1189 1190 1191 1192 1193 1194 1195 1196 1197]] [92 [1198 1199 1200 1201 1202 1203 1204 1205 1206 1207 1208 1209 1210]] [93 [1211 1212 1213 1214 1215 1216 1217 1218 1219 1220 1221 1222 1223]] [94 [1224 1225 1226 1227 1228 1229 1230 1231 1232 1233 1234 1235 1236]] [95 [1237 1238 1239 1240 1241 1242 1243 1244 1245 1246 1247 1248 1249]] [96 [1250 1251 1252 1253 1254 1255 1256 1257 1258 1259 1260 1261 1262]] [97 [1263 1264 1265 1266 1267 1268 1269 1270 1271 1272 1273 1274 1275]] [98 [1276 1277 1278 1279 1280 1281 1282 1283 1284 1285 1286 1287 1288]] [99 [1289 1290 1291 1292 1293 1294 1295 1296 1297 1298 1299 1300 1301]]]","[[0 [0 1 2 3 4 6 7 8 9 10 13]] [1 [15 16 17 18 19 20 21 22 23 24 25 26 27]] [2 [28 29 30 31 32 33 34 35 36 37 38 39 40]] [3 [41 42 43 44 45 46 47 48 49 50 51 52 53]] [4 [54 55 56 57 58 59 60 61 62 63 64 65 66]] [5 [67 68 69 70 71 72 73 74 75 76 77 78 79]] [6 [80 81 82 83 84 85 86 87 88 89 90 91 92]] [7 [93 94 95 96 97 98 99 100 101 102 103 104 105]] [8 [106 107 108 109 110 111 112 113 114 115 116 117 118]] [9 [119 120 121 122 123 124 125 126 127 128 129 130 131]] [10 [132 133 134 135 136 137 138 139 140 141 142 143 144]] [11 [145 146 147 148 149 150 151 152 153 154 155 156 157]] [12 [158 159 160 161 162 163 164 165 166 167 168 169 170]] [13 [171 172 173 174 175 176 177 178 179 180 181 182 183]] [14 [184 185 186 187 188 189 190 191 192 193 194 195 196]] [15 [197 198 199 200 201 202 203 204 205 206 207 208 209]] [16 [210 211 212 213 214 215 216 217 218 219 220 221 222]] [17 [223 224 225 226 227 228 229 230 231 232 233 234 235]] [18 [236 237 238 239 240 241 242 243 244 245 246 247 248]] [19 [249 250 251 252 253 254 255 256 257 258 259 260 261]] [20 [262 263 264 265 266 267 268 269 270 271 272 273 274]] [21 [275 276 277 278 279 280 281 282 283 284 285 286 287]] [22 [288 289 290 291 292 293 294 295 296 297 298 299 300]] [23 [301 302 303 304 305 306 307 308 309 310 311 312 313]] [24 [314 315 316 317 318 319 320 321 322 323 324 325 326]] [25 [327 328 329 330 331 332 333 334 335 336 337 338 339]] [26 [340 341 342 343 344 345 346 347 348 349 350 351 352]] [27 [353 354 355 356 357 358 359 360 361 362 363 364 365]] [28 [366 367 368 369 370 371 372 373 374 375 376 377 378]] [29 [379 380 381 382 383 384 385 386 387 388 389 390 391]] [30 [392 393 394 395 396 397 398 399 400 401 402 403 404]] [31 [405 406 407 408 409 410 411 412 413 414 415 416 417]] [32 [418 419 420 421 422 423 424 425 426 427 428 429 430]] [33 [431 432 433 434 435 436 437 438 439 440 441 442 443]] [34 [444 445 446 447 448 449 450 451 452 453 454 455 456]] [35 [457 458 459 460 461 462 463 464 465 466 467 468 469]] [36 [470 471 472 473 474 475 476 477 478 479 480 481 482]] [37 [483 484 485 486 487 488 489 490 491 492 493 494 495]] [38 [496 497 498 499 500 501 502 503 504 505 506 507 508]] [39 [509 510 511 512 513 514 515 516 517 518 519 520 521]] [40 [522 523 524 525 526 527 528 529 530 531 532 533 534]] [41 [535 536 537 538 539 540 541 542 543 544 545 546 547]] [42 [548 549 550 551 552 553 554 555 556 557 558 559 560]] [43 [561 562 563 564 565 566 567 568 569 570 571 572 573]] [44 [574 575 576 577 578 579 580 581 582 583 584 585 586]] [45 [587 588 589 590 591 592 593 594 595 596 597 598 599]] [46 [600 601 602 603 604 605 606 607 608 609 610 611 612]] [47 [613 614 615 616 617 618 619 620 621 622 623 624 625]] [48 [626 627 628 629 630 631 632 633 634 635 636 637 638]] [49 [639 640 641 642 643 644 645 646 647 648 649 650 651]] [50 [652 653 654 655 656 657 658 659 660 661 662 663 664]] [51 [665 666 667 668 669 670 671 672 673 674 675 676 677]] [52 [678 679 680 681 682 684 685 686 687 688 689 690]] [53 [691 692 693 694 695 696 697 698 699 700 701 702 703]] [54 [704 705 706 707 708 709 710 711 712 713 714 715 716]] [55 [717 718 719 720 721 722 723 724 725 726 727 728 729]] [56 [730 731 732 733 734 735 736 737 738 739 740 741 742]] [57 [743 744 745 746 747 748 749 750 751 752 753 754 755]] [58 [756 757 758 759 760 761 762 763 764 765 766 767 768]] [59 [769 770 771 772 773 774 775 776 777 778 779 780 781]] [60 [782 783 784 785 786 787 788 789 790 791 792 793 794]] [61 [795 796 797 798 799 800 801 802 803 804 805 806 807]] [62 [808 809 810 811 812 813 814 815 816 817 818 819 820]] [63 [821 822 823 824 825 826 827 828 829 830 831 832 833]] [64 [834 835 836 837 838 839 840 841 842 843 844 845 846]] [65 [847 848 849 850 851 852 853 854 855 856 857 858 859]] [66 [860 861 862 863 864 865 866 867 868 869 870 871 872]] [67 [873 874 875 876 877 878 879 880 881 882 883 884 885]] [68 [886 887 888 889 890 891 892 893 894 895 896 897 898]] [69 [899 900 901 902 903 904 905 906 907 908 909 910 911]] [70 [912 913 914 915 916 917 918 919 920 921 922 923 924]] [71 [925 926 927 928 929 930 931 932 933 934 935 936 937]] [72 [938 939 940 941 942 943 944 945 946 947 948 949 950]] [73 [951 952 953 954 955 956 957 958 959 960 961 962 963]] [74 [964 965 966 967 968 969 970 971 972 973 974 975 976]] [75 [977 978 979 980 981 982 983 984 985 986 987 988 989]] [76 [990 991 992 993 994 995 996 997 998 999 1000 1001 1002]] [77 [1003 1004 1005 1006 1007 1008 1009 1010 1011 1012 1013 1014 1015]] [78 [1016 1017 1018 1019 1020 1021 1022 1023 1024 1025 1026 1027 1028]] [79 [1029 1030 1031 1032 1033 1034 1035 1036 1037 1038 1039 1040 1041]] [80 [1042 1043 1044 1045 1046 1047 1048 1049 1050 1051 1052 1053 1054]] [81 [1055 1056 1057 1058 1059 1060 1061 1062 1063 1064 1065 1066 1067]] [82 [1068 1069 1070 1071 1072 1073 1074 1075 1076 1077 1078 1079 1080]] [83 [1081 1082 1083 1084 1085 1086 1087 1088 1089 1090 1091 1092 1093]] [84 [1094 1095 1096 1097 1098 1099 1100 1101 1102 1103 1104 1105 1106]] [85 [1107 1108 1109 1110 1111 1112 1113 1114 1115 1116 1117 1118 1119]] [86 [1120 1121 1122 1123 1124 1125 1126 1127 1128 1129 1130 1131 1132]] [87 [1133 1134 1135 1136 1137 1138 1139 1140 1141 1142 1143 1144 1145]] [88 [1146 1147 1148 1149 1150 1151 1152 1153 1154 1155 1156 1157 1158]] [89 [1159 1160 1161 1162 1163 1164 1165 1166 1167 1168 1169 1170 1171]] [90 [1172 1173 1174 1175 1176 1177 1178 1179 1180 1181 1182 1183 1184]] [91 [1185 1186 1187 1188 1189 1190 1191 1192 1193 1194 1195 1196 1197]] [92 [1198 1199 1200 1201 1202 1203 1204 1205 1206 1207 1208 1209 1210]] [93 [1211 1212 1213 1214 1215 1216 1217 1218 1219 1220 1221 1222 1223]] [94 [1224 1225 1226 1227 1228 1229 1230 1231 1232 1233 1234 1235 1236]] [95 [1237 1238 1239 1240 1241 1242 1243 1244 1245 1246 1247 1248 1249]] [96 [1250 1251 1252 1253 1254 1255 1256 1257 1258 1259 1260 1261 1262]] [97 [1263 1264 1265 1266 1267 1268 1269 1270 1271 1272 1273 1274 1275]] [98 [1276 1277 1278 1279 1280 1281 1282 1283 1284 1285 1286 1287 1288]] [99 [1289 1290 1291 1292 1293 1294 1295 1296 1297 1298 1299 1300 1301]]]",,"[[{citizen 31} [[""A"" [3 3]]]] [{citizen 33} [[""A"" [3 3]]]] [{citizen 37} [[""A"" [3 3]]]] [{media 56} [[""A"" [3 3]]]] [{media 57} [[""A"" [3 3]]]] [{media 59} [[""A"" [3 3]]]] [{media 63} [[""A"" [3 3]]]] [{media 64} [[""A"" [3 3]]]] [{citizen 8} [[""A"" [3 3]]]] [{citizen 10} [[""A"" [3 3]]]] [{media 54} [[""A"" [3 3]]]] [{citizen 5} [[""A"" [3 3]]]] [{citizen 7} [[""A"" [3 3]]]] [{citizen 19} [[""A"" [3 3]]]] [{citizen 23} [[""A"" [3 3]]]] [{media 50} [[""A"" [3 3]]]] [{citizen 0} [[""A"" [3 3]]]] [{citizen 16} [[""A"" [3 3]]]] [{citizen 27} [[""A"" [3 3]]]] [{citizen 4} [[""A"" [3 3]]]] [{media 55} [[""A"" [3 3]]]] [{citizen 1} [[""A"" [3 3]]]] [{citizen 14} [[""A"" [3 3]]]] [{media 62} [[""A"" [3 3]]]] [{media 53} [[""A"" [3 3]]]] [{media 52} [[""A"" [3 3]]]] [{media 61} [[""A"" [3 3]]]] [{citizen 9} [[""A"" [3 3]]]] [{citizen 12} [[""A"" [3 3]]]] [{citizen 43} [[""A"" [3 3]]]] [{citizen 3} [[""A"" [3 3]]]] [{citizen 45} [[""A"" [3 3]]]] [{citizen 20} [[""A"" [3 3]]]] [{citizen 17} [[""A"" [3 3]]]] [{citizen 36} [[""A"" [3 3]]]] [{citizen 42} [[""A"" [3 3]]]] [{citizen 40} [[""A"" [3 3]]]] [{citizen 34} [[""A"" [3 3]]]] [{citizen 38} [[""A"" [3 3]]]] [{citizen 24} [[""A"" [3 3]]]] [{citizen 2} [[""A"" [3 3]]]] [{citizen 15} [[""A"" [3 3]]]] [{citizen 32} [[""A"" [3 3]]]] [{citizen 35} [[""A"" [3 3]]]] [{citizen 48} [[""A"" [3 3]]]] [{citizen 49} [[""A"" [3 3]]]] [{citizen 46} [[""A"" [3 3]]]] [{citizen 6} [[""A"" [3 3]]]] [{citizen 25} [[""A"" [3 3]]]] [{citizen 21} [[""A"" [3 3]]]] [{citizen 22} [[""A"" [3 3]]]] [{citizen 41} [[""A"" [3 3]]]] [{citizen 11} [[""A"" [3 3]]]] [{media 51} [[""A"" [3 3]]]] [{citizen 18} [[""A"" [3 3]]]] [{citizen 44} [[""A"" [3 3]]]] [{citizen 47} [[""A"" [3 3]]]] [{citizen 39} [[""A"" [3 3]]]] [{citizen 30} [[""A"" [3 3]]]] [{citizen 26} [[""A"" [3 3]]]] [{citizen 13} [[""A"" [3 3]]]] [{citizen 28} [[""A"" [3 3]]]]]"
"30","[128 0 127]","297.3913043478261","-4.237004394065372","2.844905711475178","""circle""","""""","9.9","{breed citizens}","false","0.5","1","""up""",,"[[""ID"" 5] [""alpha"" 1] [""beta"" 1] [""malleable"" [""A""]] [""prior"" []] [""cont_tokens"" []] [""A"" 3]]","[[0 [0 1 2 3 4 6 7 8 9 10 13]] [1 [15 16 17 18 19 20 21 22 23 24 25 26 27]] [2 [28 29 30 31 32 33 34 35 36 37 38 39 40]] [3 [41 42 43 44 45 46 47 48 49 50 51 52 53]] [4 [54 55 56 57 58 59 60 61 62 63 64 65 66]] [5 [67 68 69 70 71 72 73 74 75 76 77 78 79]] [6 [80 81 82 83 84 85 86 87 88 89 90 91 92]] [7 [93 94 95 96 97 98 99 100 101 102 103 104 105]] [8 [106 107 108 109 110 111 112 113 114 115 116 117 118]] [9 [119 120 121 122 123 124 125 126 127 128 129 130 131]] [10 [132 133 134 135 136 137 138 139 140 141 142 143 144]] [11 [145 146 147 148 149 150 151 152 153 154 155 156 157]] [12 [158 159 160 161 162 163 164 165 166 167 168 169 170]] [13 [171 172 173 174 175 176 177 178 179 180 181 182 183]] [14 [184 185 186 187 188 189 190 191 192 193 194 195 196]] [15 [197 198 199 200 201 202 203 204 205 206 207 208 209]] [16 [210 211 212 213 214 215 216 217 218 219 220 221 222]] [17 [223 224 225 226 227 228 229 230 231 232 233 234 235]] [18 [236 237 238 239 240 241 242 243 244 245 246 247 248]] [19 [249 250 251 252 253 254 255 256 257 258 259 260 261]] [20 [262 263 264 265 266 267 268 269 270 271 272 273 274]] [21 [275 276 277 278 279 280 281 282 283 284 285 286 287]] [22 [288 289 290 291 292 293 294 295 296 297 298 299 300]] [23 [301 302 303 304 305 306 307 308 309 310 311 312 313]] [24 [314 315 316 317 318 319 320 321 322 323 324 325 326]] [25 [327 328 329 330 331 332 333 334 335 336 337 338 339]] [26 [340 341 342 343 344 345 346 347 348 349 350 351 352]] [27 [353 354 355 356 357 358 359 360 361 362 363 364 365]] [28 [366 367 368 369 370 371 372 373 374 375 376 377 378]] [29 [379 380 381 382 383 384 385 386 387 388 389 390 391]] [30 [392 393 394 395 396 397 398 399 400 401 402 403 404]] [31 [405 406 407 408 409 410 411 412 413 414 415 416 417]] [32 [418 419 420 421 422 423 424 425 426 427 428 429 430]] [33 [431 432 433 434 435 436 437 438 439 440 441 442 443]] [34 [444 445 446 447 448 449 450 451 452 453 454 455 456]] [35 [457 458 459 460 461 462 463 464 465 466 467 468 469]] [36 [470 471 472 473 474 475 476 477 478 479 480 481 482]] [37 [483 484 485 486 487 488 489 490 491 492 493 494 495]] [38 [496 497 498 499 500 501 502 503 504 505 506 507 508]] [39 [509 510 511 512 513 514 515 516 517 518 519 520 521]] [40 [522 523 524 525 526 527 528 529 530 531 532 533 534]] [41 [535 536 537 538 539 540 541 542 543 544 545 546 547]] [42 [548 549 550 551 552 553 554 555 556 557 558 559 560]] [43 [561 562 563 564 565 566 567 568 569 570 571 572 573]] [44 [574 575 576 577 578 579 580 581 582 583 584 585 586]] [45 [587 588 589 590 591 592 593 594 595 596 597 598 599]] [46 [600 601 602 603 604 605 606 607 608 609 610 611 612]] [47 [613 614 615 616 617 618 619 620 621 622 623 624 625]] [48 [626 627 628 629 630 631 632 633 634 635 636 637 638]] [49 [639 640 641 642 643 644 645 646 647 648 649 650 651]] [50 [652 653 654 655 656 657 658 659 660 661 662 663 664]] [51 [665 666 667 668 669 670 671 672 673 674 675 676 677]] [52 [678 679 680 681 682 683 684 685 686 687 688 689 690]] [53 [691 692 693 694 695 696 697 698 699 700 701 702 703]] [54 [704 705 706 707 708 709 710 711 712 713 714 715 716]] [55 [717 718 719 720 721 722 723 724 725 726 727 728 729]] [56 [730 731 732 733 734 735 736 737 738 739 740 741 742]] [57 [743 744 745 746 747 748 749 750 751 752 753 754 755]] [58 [756 757 758 759 760 761 762 763 764 765 766 767 768]] [59 [769 770 771 772 773 774 775 776 777 778 779 780 781]] [60 [782 783 784 785 786 787 788 789 790 791 792 793 794]] [61 [795 796 797 798 799 800 801 802 803 804 805 806 807]] [62 [808 809 810 811 812 813 814 815 816 817 818 819 820]] [63 [821 822 823 824 825 826 827 828 829 830 831 832 833]] [64 [834 835 836 837 838 839 840 841 842 843 844 845 846]] [65 [847 848 849 850 851 852 853 854 855 856 857 858 859]] [66 [860 861 862 863 864 865 866 867 868 869 870 871 872]] [67 [873 874 875 876 877 878 879 880 881 882 883 884 885]] [68 [886 887 888 889 890 891 892 893 894 895 896 897 898]] [69 [899 900 901 902 903 904 905 906 907 908 909 910 911]] [70 [912 913 914 915 916 917 918 919 920 921 922 923 924]] [71 [925 926 927 928 929 930 931 932 933 934 935 936 937]] [72 [938 939 940 941 942 943 944 945 946 947 948 949 950]] [73 [951 952 953 954 955 956 957 958 959 960 961 962 963]] [74 [964 965 966 967 968 969 970 971 972 973 974 975 976]] [75 [977 978 979 980 981 982 983 984 985 986 987 988 989]] [76 [990 991 992 993 994 995 996 997 998 999 1000 1001 1002]] [77 [1003 1004 1005 1006 1007 1008 1009 1010 1011 1012 1013 1014 1015]] [78 [1016 1017 1018 1019 1020 1021 1022 1023 1024 1025 1026 1027 1028]] [79 [1029 1030 1031 1032 1033 1034 1035 1036 1037 1038 1039 1040 1041]] [80 [1042 1043 1044 1045 1046 1047 1048 1049 1050 1051 1052 1053 1054]] [81 [1055 1056 1057 1058 1059 1060 1061 1062 1063 1064 1065 1066 1067]] [82 [1068 1069 1070 1071 1072 1073 1074 1075 1076 1077 1078 1079 1080]] [83 [1081 1082 1083 1084 1085 1086 1087 1088 1089 1090 1091 1092 1093]] [84 [1094 1095 1096 1097 1098 1099 1100 1101 1102 1103 1104 1105 1106]] [85 [1107 1108 1109 1110 1111 1112 1113 1114 1115 1116 1117 1118 1119]] [86 [1120 1121 1122 1123 1124 1125 1126 1127 1128 1129 1130 1131 1132]] [87 [1133 1134 1135 1136 1137 1138 1139 1140 1141 1142 1143 1144 1145]] [88 [1146 1147 1148 1149 1150 1151 1152 1153 1154 1155 1156 1157 1158]] [89 [1159 1160 1161 1162 1163 1164 1165 1166 1167 1168 1169 1170 1171]] [90 [1172 1173 1174 1175 1176 1177 1178 1179 1180 1181 1182 1183 1184]] [91 [1185 1186 1187 1188 1189 1190 1191 1192 1193 1194 1195 1196 1197]] [92 [1198 1199 1200 1201 1202 1203 1204 1205 1206 1207 1208 1209 1210]] [93 [1211 1212 1213 1214 1215 1216 1217 1218 1219 1220 1221 1222 1223]] [94 [1224 1225 1226 1227 1228 1229 1230 1231 1232 1233 1234 1235 1236]] [95 [1237 1238 1239 1240 1241 1242 1243 1244 1245 1246 1247 1248 1249]] [96 [1250 1251 1252 1253 1254 1255 1256 1257 1258 1259 1260 1261 1262]] [97 [1263 1264 1265 1266 1267 1268 1269 1270 1271 1272 1273 1274 1275]] [98 [1276 1277 1278 1279 1280 1281 1282 1283 1284 1285 1286 1287 1288]] [99 [1289 1290 1291 1292 1293 1294 1295 1296 1297 1298 1299 1300 1301]]]","[[0 [0 1 2 3 4 6 7 8 9 10 13]] [1 [15 16 17 18 19 20 21 22 23 24 25 26 27]] [2 [28 29 30 31 32 33 34 35 36 37 38 39 40]] [3 [41 42 43 44 45 46 47 48 49 50 51 52 53]] [4 [54 55 56 57 58 59 60 61 62 63 64 65 66]] [5 [67 68 69 70 71 72 73 74 75 76 77 78 79]] [6 [80 81 82 83 84 85 86 87 88 89 90 91 92]] [7 [93 94 95 96 97 98 99 100 101 102 103 104 105]] [8 [106 107 108 109 110 111 112 113 114 115 116 117 118]] [9 [119 120 121 122 123 124 125 126 127 128 129 130 131]] [10 [132 133 134 135 136 137 138 139 140 141 142 143 144]] [11 [145 146 147 148 149 150 151 152 153 154 155 156 157]] [12 [158 159 160 161 162 163 164 165 166 167 168 169 170]] [13 [171 172 173 174 175 176 177 178 179 180 181 182 183]] [14 [184 185 186 187 188 189 190 191 192 193 194 195 196]] [15 [197 198 199 200 201 202 203 204 205 206 207 208 209]] [16 [210 211 212 213 214 215 216 217 218 219 220 221 222]] [17 [223 224 225 226 227 228 229 230 231 232 233 234 235]] [18 [236 237 238 239 240 241 242 243 244 245 246 247 248]] [19 [249 250 251 252 253 254 255 256 257 258 259 260 261]] [20 [262 263 264 265 266 267 268 269 270 271 272 273 274]] [21 [275 276 277 278 279 280 281 282 283 284 285 286 287]] [22 [288 289 290 291 292 293 294 295 296 297 298 299 300]] [23 [301 302 303 304 305 306 307 308 309 310 311 312 313]] [24 [314 315 316 317 318 319 320 321 322 323 324 325 326]] [25 [327 328 329 330 331 332 333 334 335 336 337 338 339]] [26 [340 341 342 343 344 345 346 347 348 349 350 351 352]] [27 [353 354 355 356 357 358 359 360 361 362 363 364 365]] [28 [366 367 368 369 370 371 372 373 374 375 376 377 378]] [29 [379 380 381 382 383 384 385 386 387 388 389 390 391]] [30 [392 393 394 395 396 397 398 399 400 401 402 403 404]] [31 [405 406 407 408 409 410 411 412 413 414 415 416 417]] [32 [418 419 420 421 422 423 424 425 426 427 428 429 430]] [33 [431 432 433 434 435 436 437 438 439 440 441 442 443]] [34 [444 445 446 447 448 449 450 451 452 453 454 455 456]] [35 [457 458 459 460 461 462 463 464 465 466 467 468 469]] [36 [470 471 472 473 474 475 476 477 478 479 480 481 482]] [37 [483 484 485 486 487 488 489 490 491 492 493 494 495]] [38 [496 497 498 499 500 501 502 503 504 505 506 507 508]] [39 [509 510 511 512 513 514 515 516 517 518 519 520 521]] [40 [522 523 524 525 526 527 528 529 530 531 532 533 534]] [41 [535 536 537 538 539 540 541 542 543 544 545 546 547]] [42 [548 549 550 551 552 553 554 555 556 557 558 559 560]] [43 [561 562 563 564 565 566 567 568 569 570 571 572 573]] [44 [574 575 576 577 578 579 580 581 582 583 584 585 586]] [45 [587 588 589 590 591 592 593 594 595 596 597 598 599]] [46 [600 601 602 603 604 605 606 607 608 609 610 611 612]] [47 [613 614 615 616 617 618 619 620 621 622 623 624 625]] [48 [626 627 628 629 630 631 632 633 634 635 636 637 638]] [49 [639 640 641 642 643 644 645 646 647 648 649 650 651]] [50 [652 653 654 655 656 657 658 659 660 661 662 663 664]] [51 [665 666 667 668 669 670 671 672 673 674 675 676 677]] [52 [678 679 680 681 682 683 684 685 686 687 688 689 690]] [53 [691 692 693 694 695 696 697 698 699 700 701 702 703]] [54 [704 705 706 707 708 709 710 711 712 713 714 715 716]] [55 [717 718 719 720 721 722 723 724 725 726 727 728 729]] [56 [730 731 732 733 734 735 736 737 738 739 740 741 742]] [57 [743 744 745 746 747 748 749 750 751 752 753 754 755]] [58 [756 757 758 759 760 761 762 763 764 765 766 767 768]] [59 [769 770 771 772 773 774 775 776 777 778 779 780 781]] [60 [782 783 784 785 786 787 788 789 790 791 792 793 794]] [61 [795 796 797 798 799 800 801 802 803 804 805 806 807]] [62 [808 809 810 811 812 813 814 815 816 817 818 819 820]] [63 [821 822 823 824 825 826 827 828 829 830 831 832 833]] [64 [834 835 836 837 838 839 840 841 842 843 844 845 846]] [65 [847 848 849 850 851 852 853 854 855 856 857 858 859]] [66 [860 861 862 863 864 865 866 867 868 869 870 871 872]] [67 [873 874 875 876 877 878 879 880 881 882 883 884 885]] [68 [886 887 888 889 890 891 892 893 894 895 896 897 898]] [69 [899 900 901 902 903 904 905 906 907 908 909 910 911]] [70 [912 913 914 915 916 917 918 919 920 921 922 923 924]] [71 [925 926 927 928 929 930 931 932 933 934 935 936 937]] [72 [938 939 940 941 942 943 944 945 946 947 948 949 950]] [73 [951 952 953 954 955 956 958 959 960 961 962 963]] [74 [964 965 966 967 968 969 970 971 972 973 974 975 976]] [75 [977 978 979 980 981 982 983 984 985 986 987 988 989]] [76 [990 991 992 993 994 995 996 997 998 999 1000 1001 1002]] [77 [1003 1004 1005 1006 1007 1008 1009 1010 1011 1012 1013 1014 1015]] [78 [1016 1017 1018 1019 1020 1021 1022 1023 1024 1025 1026 1027 1028]] [79 [1029 1030 1031 1032 1033 1034 1035 1036 1037 1038 1039 1040 1041]] [80 [1042 1043 1044 1045 1046 1047 1048 1049 1050 1051 1052 1053 1054]] [81 [1055 1056 1057 1058 1059 1060 1061 1062 1063 1064 1065 1066 1067]] [82 [1068 1069 1070 1071 1072 1073 1074 1075 1076 1077 1078 1079 1080]] [83 [1081 1082 1083 1084 1085 1086 1087 1088 1089 1090 1091 1092 1093]] [84 [1094 1095 1096 1097 1098 1099 1100 1101 1102 1103 1104 1105 1106]] [85 [1107 1108 1109 1110 1111 1112 1113 1114 1115 1116 1117 1118 1119]] [86 [1120 1121 1122 1123 1124 1125 1126 1127 1128 1129 1130 1131 1132]] [87 [1133 1134 1135 1136 1137 1138 1139 1140 1141 1142 1143 1144 1145]] [88 [1146 1147 1148 1149 1150 1151 1152 1153 1154 1155 1156 1157 1158]] [89 [1159 1160 1161 1162 1163 1164 1165 1166 1167 1168 1169 1170 1171]] [90 [1172 1173 1174 1175 1176 1177 1178 1179 1180 1181 1182 1183 1184]] [91 [1185 1186 1187 1188 1189 1190 1191 1192 1193 1194 1195 1196 1197]] [92 [1198 1199 1200 1201 1202 1203 1204 1205 1206 1207 1208 1209 1210]] [93 [1211 1212 1213 1214 1215 1216 1217 1218 1219 1220 1221 1222 1223]] [94 [1224 1225 1226 1227 1228 1229 1230 1231 1232 1233 1234 1235 1236]] [95 [1237 1238 1239 1240 1241 1242 1243 1244 1245 1246 1247 1248 1249]] [96 [1250 1251 1252 1253 1254 1255 1256 1257 1258 1259 1260 1261 1262]] [97 [1263 1264 1265 1266 1267 1268 1269 1270 1271 1272 1273 1274 1275]] [98 [1276 1277 1278 1279 1280 1281 1282 1283 1284 1285 1286 1287 1288]] [99 [1289 1290 1291 1292 1293 1294 1295 1296 1297 1298 1299 1300 1301]]]",,"[[{citizen 35} [[""A"" [3 3]]]] [{media 56} [[""A"" [3 3]]]] [{media 57} [[""A"" [3 3]]]] [{media 59} [[""A"" [3 3]]]] [{media 63} [[""A"" [3 3]]]] [{media 64} [[""A"" [3 3]]]] [{media 54} [[""A"" [3 3]]]] [{citizen 5} [[""A"" [3 3]]]] [{citizen 24} [[""A"" [3 3]]]] [{citizen 17} [[""A"" [3 3]]]] [{media 50} [[""A"" [3 3]]]] [{citizen 0} [[""A"" [3 3]]]] [{media 55} [[""A"" [3 3]]]] [{citizen 1} [[""A"" [3 3]]]] [{citizen 8} [[""A"" [3 3]]]] [{citizen 14} [[""A"" [3 3]]]] [{media 62} [[""A"" [3 3]]]] [{media 53} [[""A"" [3 3]]]] [{media 52} [[""A"" [3 3]]]] [{citizen 3} [[""A"" [3 3]]]] [{media 61} [[""A"" [3 3]]]] [{citizen 9} [[""A"" [3 3]]]] [{citizen 4} [[""A"" [3 3]]]] [{citizen 12} [[""A"" [3 3]]]] [{citizen 43} [[""A"" [3 3]]]] [{citizen 45} [[""A"" [3 3]]]] [{citizen 20} [[""A"" [3 3]]]] [{citizen 36} [[""A"" [3 3]]]] [{citizen 37} [[""A"" [3 3]]]] [{citizen 10} [[""A"" [3 3]]]] [{citizen 31} [[""A"" [3 3]]]] [{citizen 42} [[""A"" [3 3]]]] [{citizen 27} [[""A"" [3 3]]]] [{citizen 33} [[""A"" [3 3]]]] [{citizen 40} [[""A"" [3 3]]]] [{citizen 7} [[""A"" [3 3]]]] [{citizen 19} [[""A"" [3 3]]]] [{citizen 34} [[""A"" [3 3]]]] [{citizen 16} [[""A"" [3 3]]]] [{citizen 38} [[""A"" [3 3]]]] [{citizen 2} [[""A"" [3 3]]]] [{citizen 15} [[""A"" [3 3]]]] [{citizen 32} [[""A"" [3 3]]]] [{citizen 49} [[""A"" [3 3]]]] [{citizen 23} [[""A"" [3 3]]]] [{citizen 46} [[""A"" [3 3]]]] [{citizen 6} [[""A"" [3 3]]]] [{citizen 25} [[""A"" [3 3]]]] [{citizen 21} [[""A"" [3 3]]]] [{citizen 22} [[""A"" [3 3]]]] [{citizen 41} [[""A"" [3 3]]]] [{citizen 29} [[""A"" [3 3]]]] [{citizen 48} [[""A"" [3 3]]]] [{citizen 18} [[""A"" [3 3]]]] [{citizen 47} [[""A"" [3 3]]]] [{citizen 11} [[""A"" [3 3]]]] [{media 51} [[""A"" [3 3]]]] [{citizen 44} [[""A"" [3 3]]]] [{citizen 13} [[""A"" [3 3]]]] [{citizen 39} [[""A"" [3 3]]]] [{citizen 26} [[""A"" [3 3]]]] [{citizen 28} [[""A"" [3 3]]]]]"
"31","[128 0 127]","309.13043478260875","-4.565188200245931","2.6395851109743997","""circle""","""""","9.9","{breed citizens}","false","0.5","1","""up""",,"[[""ID"" 42] [""alpha"" 1] [""beta"" 1] [""malleable"" [""A""]] [""prior"" []] [""cont_tokens"" []] [""A"" 3]]","[[0 [0 1 2 3 4 6 7 8 9 10 13]] [1 [15 16 17 18 19 20 21 22 23 24 25 26 27]] [2 [28 29 30 31 32 33 34 35 36 37 38 39 40]] [3 [41 42 43 44 45 46 47 48 49 50 51 52 53]] [4 [54 55 56 57 58 59 60 61 62 63 64 65 66]] [5 [67 68 69 70 71 72 73 74 75 76 77 78 79]] [6 [80 81 82 83 84 85 86 87 88 89 90 91 92]] [7 [93 94 95 96 97 98 99 100 101 102 103 104 105]] [8 [106 107 108 109 110 111 112 113 114 115 116 117 118]] [9 [119 120 121 122 123 124 125 126 127 128 129 130 131]] [10 [132 133 134 135 136 137 138 139 140 141 142 143 144]] [11 [145 146 147 148 149 150 151 152 153 154 155 156 157]] [12 [158 159 160 161 162 163 164 165 166 167 168 169 170]] [13 [171 172 173 174 175 176 177 178 179 180 181 182 183]] [14 [184 185 186 187 188 189 190 191 192 193 194 195 196]] [15 [197 198 199 200 201 202 203 204 205 206 207 208 209]] [16 [210 211 212 213 214 215 216 217 218 219 220 221 222]] [17 [223 224 225 226 227 228 229 230 231 232 233 234 235]] [18 [236 237 238 239 240 241 242 243 244 245 246 247 248]] [19 [249 250 251 252 253 254 255 256 257 258 259 260 261]] [20 [262 263 264 265 266 267 268 269 270 271 272 273 274]] [21 [275 276 277 278 279 280 281 282 283 284 285 286 287]] [22 [288 289 290 291 292 293 294 295 296 297 298 299 300]] [23 [301 302 303 304 305 306 307 308 309 310 311 312 313]] [24 [314 315 316 317 318 319 320 321 322 323 324 325 326]] [25 [327 328 329 330 331 332 333 334 335 336 337 338 339]] [26 [340 341 342 343 344 345 346 347 348 349 350 351 352]] [27 [353 354 355 356 357 358 359 360 361 362 363 364 365]] [28 [366 367 368 369 370 371 372 373 374 375 376 377 378]] [29 [379 380 381 382 383 384 385 386 387 388 389 390 391]] [30 [392 393 394 395 396 397 398 399 400 401 402 403 404]] [31 [405 406 407 408 409 410 411 412 413 414 415 416 417]] [32 [418 419 420 421 422 423 424 425 426 427 428 429 430]] [33 [431 432 433 434 435 436 437 438 439 440 441 442 443]] [34 [444 445 446 447 448 449 450 451 452 453 454 455 456]] [35 [457 458 459 460 461 462 463 464 465 466 467 468 469]] [36 [470 471 472 473 474 475 476 477 478 479 480 481 482]] [37 [483 484 485 486 487 488 489 490 491 492 493 494 495]] [38 [496 497 498 499 500 501 502 503 504 505 506 507 508]] [39 [509 510 511 512 513 514 515 516 517 518 519 520 521]] [40 [522 523 524 525 526 527 528 529 530 531 532 533 534]] [41 [535 536 537 538 539 540 541 542 543 544 545 546 547]] [42 [548 549 550 551 552 553 554 555 556 557 558 559 560]] [43 [561 562 563 564 565 566 567 568 569 570 571 572 573]] [44 [574 575 576 577 578 579 580 581 582 583 584 585 586]] [45 [587 588 589 590 591 592 593 594 595 596 597 598 599]] [46 [600 601 602 603 604 605 606 607 608 609 610 611 612]] [47 [613 614 615 616 617 618 619 620 621 622 623 624 625]] [48 [626 627 628 629 630 631 632 633 634 635 636 637 638]] [49 [639 640 641 642 643 644 645 646 647 648 649 650 651]] [50 [652 653 654 655 656 657 658 659 660 661 662 663 664]] [51 [665 666 667 668 669 670 671 672 673 674 675 676 677]] [52 [678 679 680 681 682 683 684 685 686 687 688 689 690]] [53 [691 692 693 694 695 696 697 698 699 700 701 702 703]] [54 [704 705 706 707 708 709 710 711 712 713 714 715 716]] [55 [717 718 719 720 721 722 723 724 725 726 727 728 729]] [56 [730 731 732 733 734 735 736 737 738 739 740 741 742]] [57 [743 744 745 746 747 748 749 750 751 752 753 754 755]] [58 [756 757 758 759 760 761 762 763 764 765 766 767 768]] [59 [769 770 771 772 773 774 775 776 777 778 779 780 781]] [60 [782 783 784 785 786 787 788 789 790 791 792 793 794]] [61 [795 796 797 798 799 800 801 802 803 804 805 806 807]] [62 [808 809 810 811 812 813 814 815 816 817 818 819 820]] [63 [821 822 823 824 825 826 827 828 829 830 831 832 833]] [64 [834 835 836 837 838 839 840 841 842 843 844 845 846]] [65 [847 848 849 850 851 852 853 854 855 856 857 858 859]] [66 [860 861 862 863 864 865 866 867 868 869 870 871 872]] [67 [873 874 875 876 877 878 879 880 881 882 883 884 885]] [68 [886 887 888 889 890 891 892 893 894 895 896 897 898]] [69 [899 900 901 902 903 904 905 906 907 908 909 910 911]] [70 [912 913 914 915 916 917 918 919 920 921 922 923 924]] [71 [925 926 927 928 929 930 931 932 933 934 935 936 937]] [72 [938 939 940 941 942 943 944 945 946 947 948 949 950]] [73 [951 952 953 954 955 956 957 958 959 960 961 962 963]] [74 [964 965 966 967 968 969 970 971 972 973 974 975 976]] [75 [977 978 979 980 981 982 983 984 985 986 987 988 989]] [76 [990 991 992 993 994 995 996 997 998 999 1000 1001 1002]] [77 [1003 1004 1005 1006 1007 1008 1009 1010 1011 1012 1013 1014 1015]] [78 [1016 1017 1018 1019 1020 1021 1022 1023 1024 1025 1026 1027 1028]] [79 [1029 1030 1031 1032 1033 1034 1035 1036 1037 1038 1039 1040 1041]] [80 [1042 1043 1044 1045 1046 1047 1048 1049 1050 1051 1052 1053 1054]] [81 [1055 1056 1057 1058 1059 1060 1061 1062 1063 1064 1065 1066 1067]] [82 [1068 1069 1070 1071 1072 1073 1074 1075 1076 1077 1078 1079 1080]] [83 [1081 1082 1083 1084 1085 1086 1087 1088 1089 1090 1091 1092 1093]] [84 [1094 1095 1096 1097 1098 1099 1100 1101 1102 1103 1104 1105 1106]] [85 [1107 1108 1109 1110 1111 1112 1113 1114 1115 1116 1117 1118 1119]] [86 [1120 1121 1122 1123 1124 1125 1126 1127 1128 1129 1130 1131 1132]] [87 [1133 1134 1135 1136 1137 1138 1139 1140 1141 1142 1143 1144 1145]] [88 [1146 1147 1148 1149 1150 1151 1152 1153 1154 1155 1156 1157 1158]] [89 [1159 1160 1161 1162 1163 1164 1165 1166 1167 1168 1169 1170 1171]] [90 [1172 1173 1174 1175 1176 1177 1178 1179 1180 1181 1182 1183 1184]] [91 [1185 1186 1187 1188 1189 1190 1191 1192 1193 1194 1195 1196 1197]] [92 [1198 1199 1200 1201 1202 1203 1204 1205 1206 1207 1208 1209 1210]] [93 [1211 1212 1213 1214 1215 1216 1217 1218 1219 1220 1221 1222 1223]] [94 [1224 1225 1226 1227 1228 1229 1230 1231 1232 1233 1234 1235 1236]] [95 [1237 1238 1239 1240 1241 1242 1243 1244 1245 1246 1247 1248 1249]] [96 [1250 1251 1252 1253 1254 1255 1256 1257 1258 1259 1260 1261 1262]] [97 [1263 1264 1265 1266 1267 1268 1269 1270 1271 1272 1273 1274 1275]] [98 [1276 1277 1278 1279 1280 1281 1282 1283 1284 1285 1286 1287 1288]] [99 [1289 1290 1291 1292 1293 1294 1295 1296 1297 1298 1299 1300 1301]]]","[[0 [0 1 2 3 4 6 7 8 9 10 13]] [1 [15 16 17 18 19 20 21 22 23 24 25 26 27]] [2 [28 29 30 31 32 33 34 35 36 37 38 39 40]] [3 [41 42 43 44 45 46 47 48 49 50 51 52 53]] [4 [54 55 56 57 58 59 60 61 62 63 64 65 66]] [5 [67 68 69 70 71 72 73 74 75 76 77 78 79]] [6 [80 81 82 83 84 85 86 87 88 89 90 91 92]] [7 [93 94 95 96 97 98 99 100 101 102 103 104 105]] [8 [106 107 108 109 110 111 112 113 114 115 116 117 118]] [9 [119 120 121 122 123 124 125 126 127 128 129 130 131]] [10 [132 133 134 135 136 137 138 139 140 141 142 143 144]] [11 [145 146 147 148 149 150 151 152 153 154 155 156 157]] [12 [158 159 160 161 162 163 164 165 166 167 168 169 170]] [13 [171 172 173 174 175 176 177 178 179 180 181 182 183]] [14 [184 185 186 187 188 189 190 191 192 193 194 195 196]] [15 [197 198 199 200 201 202 203 204 205 206 207 208 209]] [16 [210 211 212 213 214 215 216 217 218 219 220 221 222]] [17 [223 224 225 226 227 228 229 230 231 232 233 234 235]] [18 [236 237 238 239 240 241 242 243 244 245 246 247 248]] [19 [249 250 251 252 253 254 255 256 257 258 259 260 261]] [20 [262 263 264 265 266 267 268 269 270 271 272 273 274]] [21 [275 276 277 278 279 280 281 282 283 284 285 286 287]] [22 [288 289 290 291 292 293 294 295 296 297 298 299 300]] [23 [301 302 303 304 305 306 307 308 309 310 311 312 313]] [24 [314 315 316 317 318 319 320 321 322 323 324 325 326]] [25 [327 328 329 330 331 332 333 334 335 336 337 338 339]] [26 [340 341 342 343 344 345 346 347 348 349 350 351 352]] [27 [353 354 355 356 357 358 359 360 361 362 363 364 365]] [28 [366 367 368 369 370 371 372 373 374 375 376 377 378]] [29 [379 380 381 382 383 384 385 386 387 388 389 390 391]] [30 [392 393 394 395 396 397 398 399 400 401 402 403 404]] [31 [405 406 407 408 409 410 411 412 413 414 415 416 417]] [32 [418 419 420 421 422 423 424 425 426 427 428 429 430]] [33 [431 432 433 434 435 436 437 438 439 440 441 442 443]] [34 [444 445 446 447 448 449 450 451 452 453 454 455 456]] [35 [457 458 459 460 461 462 463 464 465 466 467 468 469]] [36 [470 471 472 473 474 475 476 477 478 479 480 481 482]] [37 [483 484 485 486 487 488 489 490 491 492 493 494 495]] [38 [496 497 498 499 500 501 502 503 504 505 506 507 508]] [39 [509 510 511 512 513 514 515 516 517 518 519 520 521]] [40 [522 523 524 525 526 527 528 529 530 531 532 533 534]] [41 [535 536 537 538 539 540 541 542 543 544 545 546 547]] [42 [548 549 550 551 552 553 554 555 556 557 558 559 560]] [43 [561 562 563 564 565 566 567 568 569 570 571 572 573]] [44 [574 575 576 577 578 579 580 581 582 583 584 585 586]] [45 [587 588 589 590 591 592 593 594 595 596 597 598 599]] [46 [600 601 602 603 604 605 606 607 608 609 610 611 612]] [47 [613 614 615 616 617 618 619 620 621 622 623 624 625]] [48 [626 627 628 629 630 631 632 633 634 635 636 637 638]] [49 [639 640 641 642 643 644 645 646 647 648 649 650 651]] [50 [652 653 654 655 656 657 658 659 660 661 662 663 664]] [51 [665 666 667 668 669 670 671 672 673 674 675 676 677]] [52 [678 679 680 681 682 683 684 685 686 687 688 689 690]] [53 [691 692 693 694 695 696 697 698 699 700 701 702 703]] [54 [704 705 706 707 708 709 710 711 712 713 714 715 716]] [55 [717 718 719 720 721 722 723 724 725 726 727 728 729]] [56 [730 731 732 733 734 735 736 737 738 739 740 741 742]] [57 [743 744 745 746 747 748 749 750 751 752 753 754 755]] [58 [756 757 758 759 760 761 762 763 764 765 766 767 768]] [59 [769 770 771 772 773 774 775 776 777 778 779 780 781]] [60 [782 783 784 785 786 787 788 789 790 791 792 793 794]] [61 [795 796 797 798 799 800 801 802 803 804 805 806 807]] [62 [808 809 810 811 812 813 814 815 816 817 818 819 820]] [63 [821 822 823 824 825 826 827 828 829 830 831 832 833]] [64 [834 835 836 837 838 839 840 841 842 843 844 845 846]] [65 [847 848 849 850 851 852 853 854 855 856 857 858 859]] [66 [860 861 862 863 864 865 866 867 868 869 870 871 872]] [67 [873 874 875 876 877 878 879 880 881 882 883 884 885]] [68 [886 887 888 889 890 891 892 893 894 895 896 897 898]] [69 [899 900 901 902 903 904 905 906 907 908 909 910 911]] [70 [912 913 914 915 916 917 918 919 920 921 922 923 924]] [71 [925 926 927 928 929 930 931 932 933 934 935 936 937]] [72 [938 939 940 941 942 943 944 945 946 947 948 949 950]] [73 [951 952 953 954 955 956 957 958 959 960 961 962 963]] [74 [964 965 966 967 968 969 970 971 972 973 974 975 976]] [75 [977 978 979 980 981 982 983 984 985 986 987 988 989]] [76 [990 991 992 993 994 995 996 997 998 999 1000 1001 1002]] [77 [1003 1004 1005 1006 1007 1008 1009 1010 1011 1012 1013 1014 1015]] [78 [1016 1017 1018 1019 1020 1021 1022 1023 1024 1025 1026 1027 1028]] [79 [1029 1030 1031 1032 1033 1034 1035 1036 1037 1038 1039 1040 1041]] [80 [1042 1043 1044 1045 1046 1047 1048 1049 1050 1051 1052 1053 1054]] [81 [1055 1056 1057 1058 1059 1060 1061 1062 1063 1064 1065 1066 1067]] [82 [1068 1069 1070 1071 1072 1073 1074 1075 1076 1077 1078 1079 1080]] [83 [1081 1082 1083 1084 1085 1086 1087 1088 1089 1090 1091 1092 1093]] [84 [1094 1095 1096 1097 1098 1099 1100 1101 1102 1103 1104 1105 1106]] [85 [1107 1108 1109 1110 1111 1112 1113 1114 1115 1116 1117 1118 1119]] [86 [1120 1121 1122 1123 1124 1125 1126 1127 1128 1129 1130 1131 1132]] [87 [1133 1134 1135 1136 1137 1138 1139 1140 1141 1142 1143 1144 1145]] [88 [1146 1147 1148 1149 1150 1151 1152 1153 1154 1155 1156 1157 1158]] [89 [1159 1160 1161 1162 1163 1164 1165 1166 1167 1168 1169 1170 1171]] [90 [1172 1173 1174 1175 1176 1177 1178 1179 1180 1181 1182 1183 1184]] [91 [1185 1186 1187 1188 1189 1190 1191 1192 1193 1194 1195 1196 1197]] [92 [1198 1199 1200 1201 1202 1203 1204 1205 1206 1207 1208 1209 1210]] [93 [1211 1212 1213 1214 1215 1216 1217 1218 1219 1220 1221 1222 1223]] [94 [1224 1225 1226 1227 1228 1229 1230 1231 1232 1233 1234 1235 1236]] [95 [1237 1238 1239 1240 1241 1242 1243 1244 1245 1246 1247 1248 1249]] [96 [1250 1251 1252 1253 1254 1255 1256 1257 1258 1259 1260 1261 1262]] [97 [1263 1264 1265 1266 1267 1268 1269 1270 1271 1272 1273 1274 1275]] [98 [1276 1277 1278 1279 1280 1281 1282 1283 1284 1285 1286 1287 1288]] [99 [1289 1290 1291 1292 1293 1294 1295 1296 1297 1298 1299 1300 1301]]]",,"[[{media 50} [[""A"" [3 3]]]] [{media 52} [[""A"" [3 3]]]] [{media 55} [[""A"" [3 3]]]] [{media 56} [[""A"" [3 3]]]] [{media 57} [[""A"" [3 3]]]] [{media 59} [[""A"" [3 3]]]] [{media 63} [[""A"" [3 3]]]] [{citizen 8} [[""A"" [3 3]]]] [{citizen 10} [[""A"" [3 3]]]] [{citizen 29} [[""A"" [3 3]]]] [{media 54} [[""A"" [3 3]]]] [{citizen 5} [[""A"" [3 3]]]] [{citizen 7} [[""A"" [3 3]]]] [{citizen 19} [[""A"" [3 3]]]] [{citizen 23} [[""A"" [3 3]]]] [{citizen 0} [[""A"" [3 3]]]] [{citizen 16} [[""A"" [3 3]]]] [{citizen 27} [[""A"" [3 3]]]] [{media 64} [[""A"" [3 3]]]] [{citizen 4} [[""A"" [3 3]]]] [{citizen 1} [[""A"" [3 3]]]] [{citizen 14} [[""A"" [3 3]]]] [{media 62} [[""A"" [3 3]]]] [{media 53} [[""A"" [3 3]]]] [{media 61} [[""A"" [3 3]]]] [{citizen 9} [[""A"" [3 3]]]] [{citizen 12} [[""A"" [3 3]]]] [{citizen 43} [[""A"" [3 3]]]] [{citizen 3} [[""A"" [3 3]]]] [{citizen 45} [[""A"" [3 3]]]] [{citizen 20} [[""A"" [3 3]]]] [{citizen 17} [[""A"" [3 3]]]] [{citizen 36} [[""A"" [3 3]]]] [{citizen 37} [[""A"" [3 3]]]] [{citizen 15} [[""A"" [3 3]]]] [{citizen 49} [[""A"" [3 3]]]] [{citizen 33} [[""A"" [3 3]]]] [{citizen 38} [[""A"" [3 3]]]] [{citizen 46} [[""A"" [3 3]]]] [{citizen 2} [[""A"" [3 3]]]] [{citizen 6} [[""A"" [3 3]]]] [{citizen 25} [[""A"" [3 3]]]] [{citizen 21} [[""A"" [3 3]]]] [{citizen 35} [[""A"" [3 3]]]] [{citizen 22} [[""A"" [3 3]]]] [{citizen 32} [[""A"" [3 3]]]] [{citizen 42} [[""A"" [3 3]]]] [{citizen 41} [[""A"" [3 3]]]] [{citizen 34} [[""A"" [3 3]]]] [{citizen 48} [[""A"" [3 3]]]] [{citizen 11} [[""A"" [3 3]]]] [{media 51} [[""A"" [3 3]]]] [{citizen 40} [[""A"" [3 3]]]] [{citizen 44} [[""A"" [3 3]]]] [{citizen 18} [[""A"" [3 3]]]] [{citizen 13} [[""A"" [3 3]]]] [{citizen 24} [[""A"" [3 3]]]] [{citizen 47} [[""A"" [3 3]]]] [{citizen 39} [[""A"" [3 3]]]] [{citizen 30} [[""A"" [3 3]]]] [{citizen 26} [[""A"" [3 3]]]] [{citizen 28} [[""A"" [3 3]]]]]"
"32","[128 0 127]","242.60869565217394","-9.657129872427083","-5.2313615124317","""circle""","""""","9.9","{breed citizens}","false","0.5","1","""up""",,"[[""ID"" 47] [""alpha"" 1] [""beta"" 1] [""malleable"" [""A""]] [""prior"" []] [""cont_tokens"" []] [""A"" 3]]","[[0 [0 1 2 3 4 6 7 8 9 10 13]] [1 [15 16 17 18 19 20 21 22 23 24 25 26 27]] [2 [28 29 30 31 32 33 34 35 36 37 38 39 40]] [3 [41 42 43 44 45 46 47 48 49 50 51 52 53]] [4 [54 55 56 57 58 59 60 61 62 63 64 65 66]] [5 [67 68 69 70 71 72 73 74 75 76 77 78 79]] [6 [80 81 82 83 84 85 86 87 88 89 90 91 92]] [7 [93 94 95 96 97 98 99 100 101 102 103 104 105]] [8 [106 107 108 109 110 111 112 113 114 115 116 117 118]] [9 [119 120 121 122 123 124 125 126 127 128 129 130 131]] [10 [132 133 134 135 136 137 138 139 140 141 142 143 144]] [11 [145 146 147 148 149 150 151 152 153 154 155 156 157]] [12 [158 159 160 161 162 163 164 165 166 167 168 169 170]] [13 [171 172 173 174 175 176 177 178 179 180 181 182 183]] [14 [184 185 186 187 188 189 190 191 192 193 194 195 196]] [15 [197 198 199 200 201 202 203 204 205 206 207 208 209]] [16 [210 211 212 213 214 215 216 217 218 219 220 221 222]] [17 [223 224 225 226 227 228 229 230 231 232 233 234 235]] [18 [236 237 238 239 240 241 242 243 244 245 246 247 248]] [19 [249 250 251 252 253 254 255 256 257 258 259 260 261]] [20 [262 263 264 265 266 267 268 269 270 271 272 273 274]] [21 [275 276 277 278 279 280 281 282 283 284 285 286 287]] [22 [288 289 290 291 292 293 294 295 296 297 298 299 300]] [23 [301 302 303 304 305 306 307 308 309 310 311 312 313]] [24 [314 315 316 317 318 319 320 321 322 323 324 325 326]] [25 [327 328 329 330 331 332 333 334 335 336 337 338 339]] [26 [340 341 342 343 344 345 346 347 348 349 350 351 352]] [27 [353 354 355 356 357 358 359 360 361 362 363 364 365]] [28 [366 367 368 369 370 371 372 373 374 375 376 377 378]] [29 [379 380 381 382 383 384 385 386 387 388 389 390 391]] [30 [392 393 394 395 396 397 398 399 400 401 402 403 404]] [31 [405 406 407 408 409 410 411 412 413 414 415 416 417]] [32 [418 419 420 421 422 423 424 425 426 427 428 429 430]] [33 [431 432 433 434 435 436 437 438 439 440 441 442 443]] [34 [444 445 446 447 448 449 450 451 452 453 454 455 456]] [35 [457 458 459 460 461 462 463 464 465 466 467 468 469]] [36 [470 471 472 473 474 475 476 477 478 479 480 481 482]] [37 [483 484 485 486 487 488 489 490 491 492 493 494 495]] [38 [496 497 498 499 500 501 502 503 504 505 506 507 508]] [39 [509 510 511 512 513 514 515 516 517 518 519 520 521]] [40 [522 523 524 525 526 527 528 529 530 531 532 533 534]] [41 [535 536 537 538 539 540 541 542 543 544 545 546 547]] [42 [548 549 550 551 552 553 554 555 556 557 558 559 560]] [43 [561 562 563 564 565 566 567 568 569 570 571 572 573]] [44 [574 575 576 577 578 579 580 581 582 583 584 585 586]] [45 [587 588 589 590 591 592 593 594 595 596 597 598 599]] [46 [600 601 602 603 604 605 606 607 608 609 610 611 612]] [47 [613 614 615 616 617 618 619 620 621 622 623 624 625]] [48 [626 627 628 629 630 631 632 633 634 635 636 637 638]] [49 [639 640 641 642 643 644 645 646 647 648 649 650 651]] [50 [652 653 654 655 656 657 658 659 660 661 662 663 664]] [51 [665 666 667 668 669 670 671 672 673 674 675 676 677]] [52 [678 679 680 681 682 683 684 685 686 687 688 689 690]] [53 [691 692 693 694 695 696 697 698 699 700 701 702 703]] [54 [704 705 706 707 708 709 710 711 712 713 714 715 716]] [55 [717 718 719 720 721 722 723 724 725 726 727 728 729]] [56 [730 731 732 733 734 735 736 737 738 739 740 741 742]] [57 [743 744 745 746 747 748 749 750 751 752 753 754 755]] [58 [756 757 758 759 760 761 762 763 764 765 766 767 768]] [59 [769 770 771 772 773 774 775 776 777 778 779 780 781]] [60 [782 783 784 785 786 787 788 789 790 791 792 793 794]] [61 [795 796 797 798 799 800 801 802 803 804 805 806 807]] [62 [808 809 810 811 812 813 814 815 816 817 818 819 820]] [63 [821 822 823 824 825 826 827 828 829 830 831 832 833]] [64 [834 835 836 837 838 839 840 841 842 843 844 845 846]] [65 [847 848 849 850 851 852 853 854 855 856 857 858 859]] [66 [860 861 862 863 864 865 866 867 868 869 870 871 872]] [67 [873 874 875 876 877 878 879 880 881 882 883 884 885]] [68 [886 887 888 889 890 891 892 893 894 895 896 897 898]] [69 [899 900 901 902 903 904 905 906 907 908 909 910 911]] [70 [912 913 914 915 916 917 918 919 920 921 922 923 924]] [71 [925 926 927 928 929 930 931 932 933 934 935 936 937]] [72 [938 939 940 941 942 943 944 945 946 947 948 949 950]] [73 [951 952 953 954 955 956 957 958 959 960 961 962 963]] [74 [964 965 966 967 968 969 970 971 972 973 974 975 976]] [75 [977 978 979 980 981 982 983 984 985 986 987 988 989]] [76 [990 991 992 993 994 995 996 997 998 999 1000 1001 1002]] [77 [1003 1004 1005 1006 1007 1008 1009 1010 1011 1012 1013 1014 1015]] [78 [1016 1017 1018 1019 1020 1021 1022 1023 1024 1025 1026 1027 1028]] [79 [1029 1030 1031 1032 1033 1034 1035 1036 1037 1038 1039 1040 1041]] [80 [1042 1043 1044 1045 1046 1047 1048 1049 1050 1051 1052 1053 1054]] [81 [1055 1056 1057 1058 1059 1060 1061 1062 1063 1064 1065 1066 1067]] [82 [1068 1069 1070 1071 1072 1073 1074 1075 1076 1077 1078 1079 1080]] [83 [1081 1082 1083 1084 1085 1086 1087 1088 1089 1090 1091 1092 1093]] [84 [1094 1095 1096 1097 1098 1099 1100 1101 1102 1103 1104 1105 1106]] [85 [1107 1108 1109 1110 1111 1112 1113 1114 1115 1116 1117 1118 1119]] [86 [1120 1121 1122 1123 1124 1125 1126 1127 1128 1129 1130 1131 1132]] [87 [1133 1134 1135 1136 1137 1138 1139 1140 1141 1142 1143 1144 1145]] [88 [1146 1147 1148 1149 1150 1151 1152 1153 1154 1155 1156 1157 1158]] [89 [1159 1160 1161 1162 1163 1164 1165 1166 1167 1168 1169 1170 1171]] [90 [1172 1173 1174 1175 1176 1177 1178 1179 1180 1181 1182 1183 1184]] [91 [1185 1186 1187 1188 1189 1190 1191 1192 1193 1194 1195 1196 1197]] [92 [1198 1199 1200 1201 1202 1203 1204 1205 1206 1207 1208 1209 1210]] [93 [1211 1212 1213 1214 1215 1216 1217 1218 1219 1220 1221 1222 1223]] [94 [1224 1225 1226 1227 1228 1229 1230 1231 1232 1233 1234 1235 1236]] [95 [1237 1238 1239 1240 1241 1242 1243 1244 1245 1246 1247 1248 1249]] [96 [1250 1251 1252 1253 1254 1255 1256 1257 1258 1259 1260 1261 1262]] [97 [1263 1264 1265 1266 1267 1268 1269 1270 1271 1272 1273 1274 1275]] [98 [1276 1277 1278 1279 1280 1281 1282 1283 1284 1285 1286 1287 1288]] [99 [1289 1290 1291 1292 1293 1294 1295 1296 1297 1298 1299 1300 1301]]]","[[0 [0 1 2 3 4 6 7 8 9 10 13]] [1 [15 16 17 18 19 20 21 22 23 24 25 26 27]] [2 [28 29 30 31 32 33 34 35 36 37 38 39 40]] [3 [41 42 43 44 45 46 47 48 49 50 51 52 53]] [4 [54 55 56 57 58 59 60 61 62 63 64 65 66]] [5 [67 68 69 70 71 72 73 74 75 76 77 78 79]] [6 [80 81 82 83 84 85 86 87 88 89 90 91 92]] [7 [93 94 95 96 97 98 99 100 101 102 103 104 105]] [8 [106 107 108 109 110 111 112 113 114 115 116 117 118]] [9 [119 120 121 122 123 124 125 126 127 128 129 130 131]] [10 [132 133 134 135 136 137 138 139 140 141 142 143 144]] [11 [145 146 147 148 149 150 151 152 153 154 155 156 157]] [12 [158 159 160 161 162 163 164 165 166 167 168 169 170]] [13 [171 172 173 174 175 176 177 178 179 180 181 182 183]] [14 [184 185 186 187 188 189 190 191 192 193 194 195 196]] [15 [197 198 199 200 201 202 203 204 205 206 207 208 209]] [16 [210 211 212 213 214 215 216 217 218 219 220 221 222]] [17 [223 224 225 226 227 228 229 230 231 232 233 234 235]] [18 [236 237 238 239 240 241 242 243 244 245 246 247 248]] [19 [249 250 251 252 253 254 255 256 257 258 259 260 261]] [20 [262 263 264 265 266 267 268 269 270 271 272 273 274]] [21 [275 276 277 278 279 280 281 283 284 285 286 287]] [22 [288 289 290 291 292 293 294 295 296 297 298 299 300]] [23 [301 302 303 304 305 306 307 308 309 310 311 312 313]] [24 [314 315 316 317 318 319 320 321 322 323 324 325 326]] [25 [327 328 329 330 331 332 333 334 335 336 337 338 339]] [26 [340 341 342 343 344 345 346 347 348 349 350 351 352]] [27 [353 354 355 356 357 358 359 360 361 362 363 364 365]] [28 [366 367 368 369 370 371 372 373 374 375 376 377 378]] [29 [379 380 381 382 383 384 385 386 387 388 389 390 391]] [30 [392 393 394 395 396 397 398 399 400 401 402 403 404]] [31 [405 406 407 408 409 410 411 412 413 414 415 416 417]] [32 [418 419 420 421 422 423 424 425 426 427 428 429 430]] [33 [431 432 433 434 435 436 437 438 439 440 441 442 443]] [34 [444 445 446 447 448 449 450 451 452 453 454 455 456]] [35 [457 458 459 460 461 462 463 464 465 466 467 468 469]] [36 [470 471 472 473 474 475 476 477 478 479 480 481 482]] [37 [483 484 485 486 487 488 489 490 491 492 493 494 495]] [38 [496 497 498 499 500 501 502 503 504 505 506 507 508]] [39 [509 510 511 512 513 514 515 516 517 518 519 520 521]] [40 [522 523 524 525 526 527 528 529 530 531 532 533 534]] [41 [535 536 537 538 539 540 541 542 543 544 545 546 547]] [42 [548 549 550 551 552 553 554 555 556 557 558 559 560]] [43 [561 562 563 564 565 566 567 568 569 570 571 572 573]] [44 [574 575 576 577 578 579 580 581 582 583 584 585 586]] [45 [587 588 589 590 591 592 593 594 595 596 597 598 599]] [46 [600 601 602 603 604 605 606 607 608 609 610 611 612]] [47 [613 614 615 616 617 618 619 620 621 622 623 624 625]] [48 [626 627 628 629 630 631 632 633 634 635 636 637 638]] [49 [639 640 641 642 643 644 645 646 647 648 649 650 651]] [50 [652 653 654 655 656 657 658 659 660 661 662 663 664]] [51 [665 666 667 668 669 670 671 672 673 674 675 676 677]] [52 [678 679 680 681 682 683 684 685 686 687 688 689 690]] [53 [691 692 693 694 695 696 697 698 699 700 701 702 703]] [54 [704 705 706 707 708 709 710 711 712 713 714 715 716]] [55 [717 718 719 720 721 722 723 724 725 726 727 728 729]] [56 [730 731 732 733 734 735 736 737 738 739 740 741 742]] [57 [743 744 745 746 747 748 749 750 751 752 753 754 755]] [58 [756 757 758 759 760 761 762 763 764 765 766 767 768]] [59 [769 770 771 772 773 774 775 776 777 778 779 780 781]] [60 [782 783 784 785 786 787 788 789 790 791 792 793 794]] [61 [795 796 797 798 799 800 801 802 803 804 805 806 807]] [62 [808 809 810 811 812 813 814 815 816 817 818 819 820]] [63 [821 822 823 824 825 826 827 828 829 830 831 832 833]] [64 [834 835 836 837 838 839 840 841 842 843 844 846]] [65 [847 848 849 850 851 852 853 854 855 856 857 858 859]] [66 [860 861 862 863 864 865 866 867 868 869 870 871 872]] [67 [873 874 875 876 877 878 879 880 881 882 883 884 885]] [68 [886 887 888 889 890 891 892 893 894 895 896 897 898]] [69 [899 900 901 902 903 904 905 906 907 908 909 910 911]] [70 [912 913 914 915 916 917 918 919 920 921 922 923 924]] [71 [925 926 927 928 929 930 931 932 933 934 935 936 937]] [72 [938 939 940 941 942 943 944 945 946 947 948 949 950]] [73 [951 952 953 954 955 956 957 958 959 960 961 962 963]] [74 [964 965 966 967 968 969 970 971 972 973 974 975 976]] [75 [977 978 979 980 981 982 983 984 985 986 987 988 989]] [76 [990 991 992 993 994 995 996 997 998 999 1000 1001 1002]] [77 [1003 1004 1005 1006 1007 1008 1009 1010 1011 1012 1013 1014 1015]] [78 [1016 1017 1018 1019 1020 1021 1022 1023 1024 1025 1026 1027 1028]] [79 [1029 1030 1031 1032 1033 1034 1035 1036 1037 1038 1039 1040 1041]] [80 [1042 1043 1044 1045 1046 1047 1048 1049 1050 1051 1052 1053 1054]] [81 [1055 1056 1057 1058 1059 1060 1061 1062 1063 1064 1065 1066 1067]] [82 [1068 1069 1070 1071 1072 1073 1074 1075 1076 1077 1078 1079 1080]] [83 [1081 1082 1083 1084 1085 1086 1087 1088 1089 1090 1091 1092 1093]] [84 [1094 1095 1096 1097 1098 1099 1100 1101 1102 1103 1104 1105 1106]] [85 [1107 1108 1109 1110 1111 1112 1113 1114 1115 1116 1117 1118 1119]] [86 [1120 1121 1122 1123 1124 1125 1126 1127 1128 1129 1130 1131 1132]] [87 [1133 1134 1135 1136 1137 1138 1139 1140 1141 1142 1143 1144 1145]] [88 [1146 1147 1148 1149 1150 1151 1152 1153 1154 1155 1156 1157 1158]] [89 [1159 1160 1161 1162 1163 1164 1165 1166 1167 1168 1169 1170 1171]] [90 [1172 1173 1174 1175 1176 1177 1178 1179 1180 1181 1182 1183 1184]] [91 [1185 1186 1187 1188 1189 1190 1191 1192 1193 1194 1195 1196 1197]] [92 [1198 1199 1200 1201 1202 1203 1204 1205 1206 1207 1208 1209 1210]] [93 [1211 1212 1213 1214 1215 1216 1217 1218 1219 1220 1221 1222 1223]] [94 [1224 1225 1226 1227 1228 1229 1230 1231 1232 1233 1234 1235 1236]] [95 [1237 1238 1239 1240 1241 1242 1243 1244 1245 1246 1247 1248 1249]] [96 [1250 1251 1252 1253 1254 1255 1256 1257 1258 1259 1260 1261 1262]] [97 [1263 1264 1265 1266 1267 1268 1269 1270 1271 1272 1273 1274 1275]] [98 [1276 1277 1278 1279 1280 1281 1282 1283 1284 1285 1286 1287 1288]] [99 [1289 1290 1291 1292 1293 1294 1295 1296 1297 1298 1299 1300 1301]]]",,"[[{citizen 35} [[""A"" [3 3]]]] [{media 56} [[""A"" [3 3]]]] [{media 57} [[""A"" [3 3]]]] [{media 59} [[""A"" [3 3]]]] [{media 63} [[""A"" [3 3]]]] [{media 64} [[""A"" [3 3]]]] [{citizen 15} [[""A"" [3 3]]]] [{media 54} [[""A"" [3 3]]]] [{citizen 5} [[""A"" [3 3]]]] [{citizen 7} [[""A"" [3 3]]]] [{citizen 22} [[""A"" [3 3]]]] [{media 50} [[""A"" [3 3]]]] [{citizen 4} [[""A"" [3 3]]]] [{media 55} [[""A"" [3 3]]]] [{citizen 0} [[""A"" [3 3]]]] [{citizen 1} [[""A"" [3 3]]]] [{citizen 8} [[""A"" [3 3]]]] [{citizen 14} [[""A"" [3 3]]]] [{media 62} [[""A"" [3 3]]]] [{media 53} [[""A"" [3 3]]]] [{media 52} [[""A"" [3 3]]]] [{citizen 3} [[""A"" [3 3]]]] [{citizen 12} [[""A"" [3 3]]]] [{media 61} [[""A"" [3 3]]]] [{citizen 9} [[""A"" [3 3]]]] [{citizen 43} [[""A"" [3 3]]]] [{citizen 45} [[""A"" [3 3]]]] [{citizen 20} [[""A"" [3 3]]]] [{citizen 17} [[""A"" [3 3]]]] [{citizen 36} [[""A"" [3 3]]]] [{citizen 37} [[""A"" [3 3]]]] [{citizen 10} [[""A"" [3 3]]]] [{citizen 31} [[""A"" [3 3]]]] [{citizen 42} [[""A"" [3 3]]]] [{citizen 27} [[""A"" [3 3]]]] [{citizen 33} [[""A"" [3 3]]]] [{citizen 40} [[""A"" [3 3]]]] [{citizen 19} [[""A"" [3 3]]]] [{citizen 34} [[""A"" [3 3]]]] [{citizen 16} [[""A"" [3 3]]]] [{citizen 38} [[""A"" [3 3]]]] [{citizen 24} [[""A"" [3 3]]]] [{citizen 2} [[""A"" [3 3]]]] [{citizen 49} [[""A"" [3 3]]]] [{citizen 23} [[""A"" [3 3]]]] [{citizen 46} [[""A"" [3 3]]]] [{citizen 6} [[""A"" [3 3]]]] [{citizen 25} [[""A"" [3 3]]]] [{citizen 21} [[""A"" [3 3]]]] [{citizen 41} [[""A"" [3 3]]]] [{citizen 29} [[""A"" [3 3]]]] [{citizen 48} [[""A"" [3 3]]]] [{citizen 18} [[""A"" [3 3]]]] [{citizen 47} [[""A"" [3 3]]]] [{citizen 11} [[""A"" [3 3]]]] [{media 51} [[""A"" [3 3]]]] [{citizen 44} [[""A"" [3 3]]]] [{citizen 30} [[""A"" [3 3]]]] [{citizen 13} [[""A"" [3 3]]]] [{citizen 26} [[""A"" [3 3]]]] [{citizen 28} [[""A"" [3 3]]]] [{citizen 39} [[""A"" [3 3]]]]]"
"33","[128 0 127]","10.434782608695652","2.7235918662156027","13.660559029999861","""circle""","""""","9.9","{breed citizens}","false","0.5","1","""up""",,"[[""ID"" 39] [""alpha"" 1] [""beta"" 1] [""malleable"" [""A""]] [""prior"" []] [""cont_tokens"" []] [""A"" 3]]","[[0 [0 1 2 3 4 6 7 8 9 10 13]] [1 [15 16 17 18 19 20 21 22 23 24 25 26 27]] [2 [28 29 30 31 32 33 34 35 36 37 38 39 40]] [3 [41 42 43 44 45 46 47 48 49 50 51 52 53]] [4 [54 55 56 57 58 59 60 61 62 63 64 65 66]] [5 [67 68 69 70 71 72 73 74 75 76 77 78 79]] [6 [80 81 82 83 84 85 86 87 88 89 90 91 92]] [7 [93 94 95 96 97 98 99 100 101 102 103 104 105]] [8 [106 107 108 109 110 111 112 113 114 115 116 117 118]] [9 [119 120 121 122 123 124 125 126 127 128 129 130 131]] [10 [132 133 134 135 136 137 138 139 140 141 142 143 144]] [11 [145 146 147 148 149 150 151 152 153 154 155 156 157]] [12 [158 159 160 161 162 163 164 165 166 167 168 169 170]] [13 [171 172 173 174 175 176 177 178 179 180 181 182 183]] [14 [184 185 186 187 188 189 190 191 192 193 194 195 196]] [15 [197 198 199 200 201 202 203 204 205 206 207 208 209]] [16 [210 211 212 213 214 215 216 217 218 219 220 221 222]] [17 [223 224 225 226 227 228 229 230 231 232 233 234 235]] [18 [236 237 238 239 240 241 242 243 244 245 246 247 248]] [19 [249 250 251 252 253 254 255 256 257 258 259 260 261]] [20 [262 263 264 265 266 267 268 269 270 271 272 273 274]] [21 [275 276 277 278 279 280 281 282 283 284 285 286 287]] [22 [288 289 290 291 292 293 294 295 296 297 298 299 300]] [23 [301 302 303 304 305 306 307 308 309 310 311 312 313]] [24 [314 315 316 317 318 319 320 321 322 323 324 325 326]] [25 [327 328 329 330 331 332 333 334 335 336 337 338 339]] [26 [340 341 342 343 344 345 346 347 348 349 350 351 352]] [27 [353 354 355 356 357 358 359 360 361 362 363 364 365]] [28 [366 367 368 369 370 371 372 373 374 375 376 377 378]] [29 [379 380 381 382 383 384 385 386 387 388 389 390 391]] [30 [392 393 394 395 396 397 398 399 400 401 402 403 404]] [31 [405 406 407 408 409 410 411 412 413 414 415 416 417]] [32 [418 419 420 421 422 423 424 425 426 427 428 429 430]] [33 [431 432 433 434 435 436 437 438 439 440 441 442 443]] [34 [444 445 446 447 448 449 450 451 452 453 454 455 456]] [35 [457 458 459 460 461 462 463 464 465 466 467 468 469]] [36 [470 471 472 473 474 475 476 477 478 479 480 481 482]] [37 [483 484 485 486 487 488 489 490 491 492 493 494 495]] [38 [496 497 498 499 500 501 502 503 504 505 506 507 508]] [39 [509 510 511 512 513 514 515 516 517 518 519 520 521]] [40 [522 523 524 525 526 527 528 529 530 531 532 533 534]] [41 [535 536 537 538 539 540 541 542 543 544 545 546 547]] [42 [548 549 550 551 552 553 554 555 556 557 558 559 560]] [43 [561 562 563 564 565 566 567 568 569 570 571 572 573]] [44 [574 575 576 577 578 579 580 581 582 583 584 585 586]] [45 [587 588 589 590 591 592 593 594 595 596 597 598 599]] [46 [600 601 602 603 604 605 606 607 608 609 610 611 612]] [47 [613 614 615 616 617 618 619 620 621 622 623 624 625]] [48 [626 627 628 629 630 631 632 633 634 635 636 637 638]] [49 [639 640 641 642 643 644 645 646 647 648 649 650 651]] [50 [652 653 654 655 656 657 658 659 660 661 662 663 664]] [51 [665 666 667 668 669 670 671 672 673 674 675 676 677]] [52 [678 679 680 681 682 683 684 685 686 687 688 689 690]] [53 [691 692 693 694 695 696 697 698 699 700 701 702 703]] [54 [704 705 706 707 708 709 710 711 712 713 714 715 716]] [55 [717 718 719 720 721 722 723 724 725 726 727 728 729]] [56 [730 731 732 733 734 735 736 737 738 739 740 741 742]] [57 [743 744 745 746 747 748 749 750 751 752 753 754 755]] [58 [756 757 758 759 760 761 762 763 764 765 766 767 768]] [59 [769 770 771 772 773 774 775 776 777 778 779 780 781]] [60 [782 783 784 785 786 787 788 789 790 791 792 793 794]] [61 [795 796 797 798 799 800 801 802 803 804 805 806 807]] [62 [808 809 810 811 812 813 814 815 816 817 818 819 820]] [63 [821 822 823 824 825 826 827 828 829 830 831 832 833]] [64 [834 835 836 837 838 839 840 841 842 843 844 845 846]] [65 [847 848 849 850 851 852 853 854 855 856 857 858 859]] [66 [860 861 862 863 864 865 866 867 868 869 870 871 872]] [67 [873 874 875 876 877 878 879 880 881 882 883 884 885]] [68 [886 887 888 889 890 891 892 893 894 895 896 897 898]] [69 [899 900 901 902 903 904 905 906 907 908 909 910 911]] [70 [912 913 914 915 916 917 918 919 920 921 922 923 924]] [71 [925 926 927 928 929 930 931 932 933 934 935 936 937]] [72 [938 939 940 941 942 943 944 945 946 947 948 949 950]] [73 [951 952 953 954 955 956 957 958 959 960 961 962 963]] [74 [964 965 966 967 968 969 970 971 972 973 974 975 976]] [75 [977 978 979 980 981 982 983 984 985 986 987 988 989]] [76 [990 991 992 993 994 995 996 997 998 999 1000 1001 1002]] [77 [1003 1004 1005 1006 1007 1008 1009 1010 1011 1012 1013 1014 1015]] [78 [1016 1017 1018 1019 1020 1021 1022 1023 1024 1025 1026 1027 1028]] [79 [1029 1030 1031 1032 1033 1034 1035 1036 1037 1038 1039 1040 1041]] [80 [1042 1043 1044 1045 1046 1047 1048 1049 1050 1051 1052 1053 1054]] [81 [1055 1056 1057 1058 1059 1060 1061 1062 1063 1064 1065 1066 1067]] [82 [1068 1069 1070 1071 1072 1073 1074 1075 1076 1077 1078 1079 1080]] [83 [1081 1082 1083 1084 1085 1086 1087 1088 1089 1090 1091 1092 1093]] [84 [1094 1095 1096 1097 1098 1099 1100 1101 1102 1103 1104 1105 1106]] [85 [1107 1108 1109 1110 1111 1112 1113 1114 1115 1116 1117 1118 1119]] [86 [1120 1121 1122 1123 1124 1125 1126 1127 1128 1129 1130 1131 1132]] [87 [1133 1134 1135 1136 1137 1138 1139 1140 1141 1142 1143 1144 1145]] [88 [1146 1147 1148 1149 1150 1151 1152 1153 1154 1155 1156 1157 1158]] [89 [1159 1160 1161 1162 1163 1164 1165 1166 1167 1168 1169 1170 1171]] [90 [1172 1173 1174 1175 1176 1177 1178 1179 1180 1181 1182 1183 1184]] [91 [1185 1186 1187 1188 1189 1190 1191 1192 1193 1194 1195 1196 1197]] [92 [1198 1199 1200 1201 1202 1203 1204 1205 1206 1207 1208 1209 1210]] [93 [1211 1212 1213 1214 1215 1216 1217 1218 1219 1220 1221 1222 1223]] [94 [1224 1225 1226 1227 1228 1229 1230 1231 1232 1233 1234 1235 1236]] [95 [1237 1238 1239 1240 1241 1242 1243 1244 1245 1246 1247 1248 1249]] [96 [1250 1251 1252 1253 1254 1255 1256 1257 1258 1259 1260 1261 1262]] [97 [1263 1264 1265 1266 1267 1268 1269 1270 1271 1272 1273 1274 1275]] [98 [1276 1277 1278 1279 1280 1281 1282 1283 1284 1285 1286 1287 1288]] [99 [1289 1290 1291 1292 1293 1294 1295 1296 1297 1298 1299 1300 1301]]]","[[0 [0 1 2 3 4 6 7 8 9 10 13]] [1 [15 16 17 18 19 20 21 22 23 24 25 26 27]] [2 [28 29 30 31 32 33 34 35 36 37 38 39 40]] [3 [41 42 43 44 45 46 47 48 49 50 51 52 53]] [4 [54 55 56 57 58 59 60 61 62 63 64 65 66]] [5 [67 68 69 70 71 72 73 74 75 76 77 78 79]] [6 [80 81 82 83 84 85 86 87 88 89 90 91 92]] [7 [93 94 95 96 97 98 99 100 101 102 103 104 105]] [8 [106 107 108 109 110 111 112 113 114 115 116 117 118]] [9 [119 120 121 122 123 124 125 126 127 128 129 130 131]] [10 [132 133 134 135 136 137 138 139 140 141 142 143 144]] [11 [145 146 147 148 149 150 151 152 153 154 155 156 157]] [12 [158 159 160 161 162 163 164 165 166 167 168 169 170]] [13 [171 172 173 174 175 176 177 178 179 180 181 182 183]] [14 [184 185 186 187 188 189 190 191 192 193 194 195 196]] [15 [197 198 199 200 201 202 203 204 205 206 207 208 209]] [16 [210 211 212 213 214 215 216 217 218 219 220 221 222]] [17 [223 224 225 226 227 228 229 230 231 232 233 234 235]] [18 [236 237 238 239 240 241 242 243 244 245 246 247 248]] [19 [249 250 251 252 253 254 255 256 257 258 259 260 261]] [20 [262 263 264 265 266 267 268 269 270 271 272 273 274]] [21 [275 276 277 278 279 280 281 282 283 284 285 286 287]] [22 [288 289 290 291 292 293 294 295 296 297 298 299 300]] [23 [301 302 303 304 305 306 307 308 309 310 311 312 313]] [24 [314 315 316 317 318 319 320 321 322 323 324 325 326]] [25 [327 328 329 330 331 332 333 334 335 336 337 338 339]] [26 [340 341 342 343 344 345 346 347 348 349 350 351 352]] [27 [353 354 355 356 357 358 359 360 361 362 363 364 365]] [28 [366 367 368 369 370 371 372 373 374 375 376 377 378]] [29 [379 380 381 382 383 384 385 386 387 388 389 390 391]] [30 [392 393 394 395 396 397 398 399 400 401 402 403 404]] [31 [405 406 407 408 409 410 411 412 413 414 415 416 417]] [32 [418 419 420 421 422 423 424 425 426 427 428 429 430]] [33 [431 432 433 434 435 436 437 438 439 440 441 442 443]] [34 [444 445 446 447 448 449 450 451 452 453 454 455 456]] [35 [457 458 459 460 461 462 463 464 465 466 467 468 469]] [36 [470 471 472 473 474 475 476 477 478 479 480 481 482]] [37 [483 484 485 486 487 488 489 490 491 492 493 494 495]] [38 [496 497 498 499 500 501 502 503 504 505 506 507 508]] [39 [509 510 511 512 513 514 515 516 517 518 519 520 521]] [40 [522 523 524 525 526 527 528 529 530 531 532 533 534]] [41 [535 536 537 538 539 540 541 542 543 544 545 546 547]] [42 [548 549 550 551 552 553 554 555 556 557 558 559 560]] [43 [561 562 563 564 565 566 567 568 569 570 571 572 573]] [44 [574 575 576 577 578 579 580 581 582 583 584 585 586]] [45 [587 588 589 590 591 592 593 594 595 596 597 598 599]] [46 [600 601 602 603 604 605 606 607 608 609 610 611 612]] [47 [613 614 615 616 617 618 619 620 621 622 623 624 625]] [48 [626 627 628 629 630 631 632 633 634 635 636 637 638]] [49 [639 640 641 642 643 644 645 646 647 648 649 650 651]] [50 [652 653 654 655 656 657 658 659 660 661 662 663 664]] [51 [665 666 667 668 669 670 671 672 673 674 675 676 677]] [52 [678 679 680 681 682 683 684 685 686 687 688 689 690]] [53 [691 692 693 694 695 696 697 698 699 700 701 702 703]] [54 [704 705 706 707 708 709 710 711 712 713 714 715 716]] [55 [717 718 719 720 721 722 723 724 725 726 727 728 729]] [56 [730 731 732 733 734 735 736 737 738 739 740 741 742]] [57 [743 744 745 746 747 748 749 750 751 752 753 754 755]] [58 [756 757 758 759 760 761 762 763 764 765 766 767 768]] [59 [769 770 771 772 773 774 775 776 777 778 779 780 781]] [60 [782 783 784 785 786 787 788 789 790 791 792 793 794]] [61 [795 796 797 798 799 800 801 802 803 804 805 806 807]] [62 [808 809 810 811 812 813 814 815 816 817 818 819 820]] [63 [821 822 823 824 825 826 827 828 829 830 831 832 833]] [64 [834 835 836 837 838 839 840 841 842 843 844 845 846]] [65 [847 848 849 850 851 852 853 854 855 856 857 858 859]] [66 [860 861 862 863 864 865 866 867 868 869 870 871 872]] [67 [873 874 875 876 877 878 879 880 881 882 883 884 885]] [68 [886 887 888 889 890 891 892 893 894 895 896 897 898]] [69 [899 900 901 902 903 904 905 906 907 908 909 910 911]] [70 [912 913 914 915 916 917 918 919 920 921 922 923 924]] [71 [925 926 927 928 929 930 931 932 933 934 935 936 937]] [72 [938 939 940 941 942 943 944 945 946 947 948 949 950]] [73 [951 952 953 954 955 956 957 958 959 960 961 962 963]] [74 [964 965 966 967 968 969 970 971 972 973 974 975 976]] [75 [977 978 979 980 981 982 983 984 985 986 987 988 989]] [76 [990 991 992 993 994 995 996 997 998 999 1000 1001 1002]] [77 [1003 1004 1005 1006 1007 1008 1009 1010 1011 1012 1013 1014 1015]] [78 [1016 1017 1018 1019 1020 1021 1022 1023 1024 1025 1026 1027 1028]] [79 [1029 1030 1031 1032 1033 1034 1035 1036 1037 1038 1039 1040 1041]] [80 [1042 1043 1044 1045 1046 1047 1048 1049 1050 1051 1052 1053 1054]] [81 [1055 1056 1057 1058 1059 1060 1061 1062 1063 1064 1065 1066 1067]] [82 [1068 1069 1070 1071 1072 1073 1074 1075 1076 1077 1078 1079 1080]] [83 [1081 1082 1083 1084 1085 1086 1087 1088 1089 1090 1091 1092 1093]] [84 [1094 1095 1096 1097 1098 1099 1100 1101 1102 1103 1104 1105 1106]] [85 [1107 1108 1109 1110 1111 1112 1113 1114 1115 1116 1117 1118 1119]] [86 [1120 1121 1122 1123 1124 1125 1126 1127 1128 1129 1130 1131 1132]] [87 [1133 1134 1135 1136 1137 1138 1139 1140 1141 1142 1143 1144 1145]] [88 [1146 1147 1148 1149 1150 1151 1152 1153 1154 1155 1156 1157 1158]] [89 [1159 1160 1161 1162 1163 1164 1165 1166 1167 1168 1169 1170 1171]] [90 [1172 1173 1174 1175 1176 1177 1178 1179 1180 1181 1182 1183 1184]] [91 [1185 1186 1187 1188 1189 1190 1191 1192 1193 1194 1195 1196 1197]] [92 [1198 1199 1200 1201 1202 1203 1204 1205 1206 1207 1208 1209 1210]] [93 [1211 1212 1213 1214 1215 1216 1217 1218 1219 1220 1221 1222 1223]] [94 [1224 1225 1226 1227 1228 1229 1230 1231 1232 1233 1234 1235 1236]] [95 [1237 1238 1239 1240 1241 1242 1243 1244 1245 1246 1247 1248 1249]] [96 [1250 1251 1252 1253 1254 1255 1256 1257 1258 1259 1260 1261 1262]] [97 [1263 1264 1265 1266 1267 1268 1269 1270 1271 1272 1273 1274 1275]] [98 [1276 1277 1278 1279 1280 1281 1282 1283 1284 1285 1286 1287 1288]] [99 [1289 1290 1291 1292 1293 1294 1295 1296 1297 1298 1299 1300 1301]]]",,"[[{media 56} [[""A"" [3 3]]]] [{media 57} [[""A"" [3 3]]]] [{media 59} [[""A"" [3 3]]]] [{media 63} [[""A"" [3 3]]]] [{media 64} [[""A"" [3 3]]]] [{citizen 8} [[""A"" [3 3]]]] [{citizen 10} [[""A"" [3 3]]]] [{citizen 29} [[""A"" [3 3]]]] [{media 54} [[""A"" [3 3]]]] [{citizen 5} [[""A"" [3 3]]]] [{citizen 7} [[""A"" [3 3]]]] [{citizen 19} [[""A"" [3 3]]]] [{citizen 23} [[""A"" [3 3]]]] [{media 50} [[""A"" [3 3]]]] [{citizen 0} [[""A"" [3 3]]]] [{citizen 16} [[""A"" [3 3]]]] [{citizen 27} [[""A"" [3 3]]]] [{media 55} [[""A"" [3 3]]]] [{citizen 1} [[""A"" [3 3]]]] [{citizen 14} [[""A"" [3 3]]]] [{media 62} [[""A"" [3 3]]]] [{media 53} [[""A"" [3 3]]]] [{media 52} [[""A"" [3 3]]]] [{media 61} [[""A"" [3 3]]]] [{citizen 9} [[""A"" [3 3]]]] [{citizen 4} [[""A"" [3 3]]]] [{citizen 12} [[""A"" [3 3]]]] [{citizen 43} [[""A"" [3 3]]]] [{citizen 3} [[""A"" [3 3]]]] [{citizen 45} [[""A"" [3 3]]]] [{citizen 20} [[""A"" [3 3]]]] [{citizen 17} [[""A"" [3 3]]]] [{citizen 36} [[""A"" [3 3]]]] [{citizen 37} [[""A"" [3 3]]]] [{citizen 31} [[""A"" [3 3]]]] [{citizen 42} [[""A"" [3 3]]]] [{citizen 15} [[""A"" [3 3]]]] [{citizen 49} [[""A"" [3 3]]]] [{citizen 21} [[""A"" [3 3]]]] [{citizen 41} [[""A"" [3 3]]]] [{citizen 34} [[""A"" [3 3]]]] [{citizen 48} [[""A"" [3 3]]]] [{citizen 11} [[""A"" [3 3]]]] [{citizen 2} [[""A"" [3 3]]]] [{citizen 38} [[""A"" [3 3]]]] [{citizen 32} [[""A"" [3 3]]]] [{citizen 35} [[""A"" [3 3]]]] [{media 51} [[""A"" [3 3]]]] [{citizen 40} [[""A"" [3 3]]]] [{citizen 18} [[""A"" [3 3]]]] [{citizen 44} [[""A"" [3 3]]]] [{citizen 25} [[""A"" [3 3]]]] [{citizen 13} [[""A"" [3 3]]]] [{citizen 46} [[""A"" [3 3]]]] [{citizen 47} [[""A"" [3 3]]]] [{citizen 39} [[""A"" [3 3]]]] [{citizen 30} [[""A"" [3 3]]]] [{citizen 6} [[""A"" [3 3]]]] [{citizen 26} [[""A"" [3 3]]]] [{citizen 24} [[""A"" [3 3]]]] [{citizen 22} [[""A"" [3 3]]]] [{citizen 28} [[""A"" [3 3]]]]]"
"34","[128 0 127]","18.782608695652176","4.730708655649926","13.44841690706615","""circle""","""""","9.9","{breed citizens}","false","0.5","1","""up""",,"[[""ID"" 26] [""alpha"" 1] [""beta"" 1] [""malleable"" [""A""]] [""prior"" []] [""cont_tokens"" []] [""A"" 3]]","[[0 [0 1 2 3 4 6 7 8 9 10 13]] [1 [15 16 17 18 19 20 21 22 23 24 25 26 27]] [2 [28 29 30 31 32 33 34 35 36 37 38 39 40]] [3 [41 42 43 44 45 46 47 48 49 50 51 52 53]] [4 [54 55 56 57 58 59 60 61 62 63 64 65 66]] [5 [67 68 69 70 71 72 73 74 75 76 77 78 79]] [6 [80 81 82 83 84 85 86 87 88 89 90 91 92]] [7 [93 94 95 96 97 98 99 100 101 102 103 104 105]] [8 [106 107 108 109 110 111 112 113 114 115 116 117 118]] [9 [119 120 121 122 123 124 125 126 127 128 129 130 131]] [10 [132 133 134 135 136 137 138 139 140 141 142 143 144]] [11 [145 146 147 148 149 150 151 152 153 154 155 156 157]] [12 [158 159 160 161 162 163 164 165 166 167 168 169 170]] [13 [171 172 173 174 175 176 177 178 179 180 181 182 183]] [14 [184 185 186 187 188 189 190 191 192 193 194 195 196]] [15 [197 198 199 200 201 202 203 204 205 206 207 208 209]] [16 [210 211 212 213 214 215 216 217 218 219 220 221 222]] [17 [223 224 225 226 227 228 229 230 231 232 233 234 235]] [18 [236 237 238 239 240 241 242 243 244 245 246 247 248]] [19 [249 250 251 252 253 254 255 256 257 258 259 260 261]] [20 [262 263 264 265 266 267 268 269 270 271 272 273 274]] [21 [275 276 277 278 279 280 281 282 283 284 285 286 287]] [22 [288 289 290 291 292 293 294 295 296 297 298 299 300]] [23 [301 302 303 304 305 306 307 308 309 310 311 312 313]] [24 [314 315 316 317 318 319 320 321 322 323 324 325 326]] [25 [327 328 329 330 331 332 333 334 335 336 337 338 339]] [26 [340 341 342 343 344 345 346 347 348 349 350 351 352]] [27 [353 354 355 356 357 358 359 360 361 362 363 364 365]] [28 [366 367 368 369 370 371 372 373 374 375 376 377 378]] [29 [379 380 381 382 383 384 385 386 387 388 389 390 391]] [30 [392 393 394 395 396 397 398 399 400 401 402 403 404]] [31 [405 406 407 408 409 410 411 412 413 414 415 416 417]] [32 [418 419 420 421 422 423 424 425 426 427 428 429 430]] [33 [431 432 433 434 435 436 437 438 439 440 441 442 443]] [34 [444 445 446 447 448 449 450 451 452 453 454 455 456]] [35 [457 458 459 460 461 462 463 464 465 466 467 468 469]] [36 [470 471 472 473 474 475 476 477 478 479 480 481 482]] [37 [483 484 485 486 487 488 489 490 491 492 493 494 495]] [38 [496 497 498 499 500 501 502 503 504 505 506 507 508]] [39 [509 510 511 512 513 514 515 516 517 518 519 520 521]] [40 [522 523 524 525 526 527 528 529 530 531 532 533 534]] [41 [535 536 537 538 539 540 541 542 543 544 545 546 547]] [42 [548 549 550 551 552 553 554 555 556 557 558 559 560]] [43 [561 562 563 564 565 566 567 568 569 570 571 572 573]] [44 [574 575 576 577 578 579 580 581 582 583 584 585 586]] [45 [587 588 589 590 591 592 593 594 595 596 597 598 599]] [46 [600 601 602 603 604 605 606 607 608 609 610 611 612]] [47 [613 614 615 616 617 618 619 620 621 622 623 624 625]] [48 [626 627 628 629 630 631 632 633 634 635 636 637 638]] [49 [639 640 641 642 643 644 645 646 647 648 649 650 651]] [50 [652 653 654 655 656 657 658 659 660 661 662 663 664]] [51 [665 666 667 668 669 670 671 672 673 674 675 676 677]] [52 [678 679 680 681 682 683 684 685 686 687 688 689 690]] [53 [691 692 693 694 695 696 697 698 699 700 701 702 703]] [54 [704 705 706 707 708 709 710 711 712 713 714 715 716]] [55 [717 718 719 720 721 722 723 724 725 726 727 728 729]] [56 [730 731 732 733 734 735 736 737 738 739 740 741 742]] [57 [743 744 745 746 747 748 749 750 751 752 753 754 755]] [58 [756 757 758 759 760 761 762 763 764 765 766 767 768]] [59 [769 770 771 772 773 774 775 776 777 778 779 780 781]] [60 [782 783 784 785 786 787 788 789 790 791 792 793 794]] [61 [795 796 797 798 799 800 801 802 803 804 805 806 807]] [62 [808 809 810 811 812 813 814 815 816 817 818 819 820]] [63 [821 822 823 824 825 826 827 828 829 830 831 832 833]] [64 [834 835 836 837 838 839 840 841 842 843 844 845 846]] [65 [847 848 849 850 851 852 853 854 855 856 857 858 859]] [66 [860 861 862 863 864 865 866 867 868 869 870 871 872]] [67 [873 874 875 876 877 878 879 880 881 882 883 884 885]] [68 [886 887 888 889 890 891 892 893 894 895 896 897 898]] [69 [899 900 901 902 903 904 905 906 907 908 909 910 911]] [70 [912 913 914 915 916 917 918 919 920 921 922 923 924]] [71 [925 926 927 928 929 930 931 932 933 934 935 936 937]] [72 [938 939 940 941 942 943 944 945 946 947 948 949 950]] [73 [951 952 953 954 955 956 957 958 959 960 961 962 963]] [74 [964 965 966 967 968 969 970 971 972 973 974 975 976]] [75 [977 978 979 980 981 982 983 984 985 986 987 988 989]] [76 [990 991 992 993 994 995 996 997 998 999 1000 1001 1002]] [77 [1003 1004 1005 1006 1007 1008 1009 1010 1011 1012 1013 1014 1015]] [78 [1016 1017 1018 1019 1020 1021 1022 1023 1024 1025 1026 1027 1028]] [79 [1029 1030 1031 1032 1033 1034 1035 1036 1037 1038 1039 1040 1041]] [80 [1042 1043 1044 1045 1046 1047 1048 1049 1050 1051 1052 1053 1054]] [81 [1055 1056 1057 1058 1059 1060 1061 1062 1063 1064 1065 1066 1067]] [82 [1068 1069 1070 1071 1072 1073 1074 1075 1076 1077 1078 1079 1080]] [83 [1081 1082 1083 1084 1085 1086 1087 1088 1089 1090 1091 1092 1093]] [84 [1094 1095 1096 1097 1098 1099 1100 1101 1102 1103 1104 1105 1106]] [85 [1107 1108 1109 1110 1111 1112 1113 1114 1115 1116 1117 1118 1119]] [86 [1120 1121 1122 1123 1124 1125 1126 1127 1128 1129 1130 1131 1132]] [87 [1133 1134 1135 1136 1137 1138 1139 1140 1141 1142 1143 1144 1145]] [88 [1146 1147 1148 1149 1150 1151 1152 1153 1154 1155 1156 1157 1158]] [89 [1159 1160 1161 1162 1163 1164 1165 1166 1167 1168 1169 1170 1171]] [90 [1172 1173 1174 1175 1176 1177 1178 1179 1180 1181 1182 1183 1184]] [91 [1185 1186 1187 1188 1189 1190 1191 1192 1193 1194 1195 1196 1197]] [92 [1198 1199 1200 1201 1202 1203 1204 1205 1206 1207 1208 1209 1210]] [93 [1211 1212 1213 1214 1215 1216 1217 1218 1219 1220 1221 1222 1223]] [94 [1224 1225 1226 1227 1228 1229 1230 1231 1232 1233 1234 1235 1236]] [95 [1237 1238 1239 1240 1241 1242 1243 1244 1245 1246 1247 1248 1249]] [96 [1250 1251 1252 1253 1254 1255 1256 1257 1258 1259 1260 1261 1262]] [97 [1263 1264 1265 1266 1267 1268 1269 1270 1271 1272 1273 1274 1275]] [98 [1276 1277 1278 1279 1280 1281 1282 1283 1284 1285 1286 1287 1288]] [99 [1289 1290 1291 1292 1293 1294 1295 1296 1297 1298 1299 1300 1301]]]","[[0 [0 1 2 3 4 6 7 8 9 10 13]] [1 [15 16 17 18 19 20 21 22 23 24 25 26 27]] [2 [28 29 30 31 32 33 34 35 36 37 38 39 40]] [3 [41 42 43 44 45 46 47 48 49 50 51 52 53]] [4 [54 55 56 57 58 59 60 61 62 63 64 65 66]] [5 [67 68 69 70 71 72 73 74 75 76 77 78 79]] [6 [80 81 82 83 84 85 86 87 88 89 90 91 92]] [7 [93 94 95 96 97 98 99 100 101 102 103 104 105]] [8 [106 107 108 109 110 111 112 113 114 115 116 117 118]] [9 [119 120 121 122 123 124 125 126 127 128 129 130 131]] [10 [132 133 134 135 136 137 138 139 140 141 142 143 144]] [11 [145 146 147 148 149 150 151 152 153 154 155 156 157]] [12 [158 159 160 161 162 163 164 165 166 167 168 169 170]] [13 [171 172 173 174 175 176 177 178 179 180 181 182 183]] [14 [184 185 186 187 188 189 190 191 192 193 194 195 196]] [15 [197 198 199 200 201 202 203 204 205 206 207 208 209]] [16 [210 211 212 213 214 215 216 217 218 219 220 221 222]] [17 [223 224 225 226 227 228 229 230 231 232 233 234 235]] [18 [236 237 238 239 240 241 242 243 244 245 246 247 248]] [19 [249 250 251 252 253 254 255 256 257 258 259 260 261]] [20 [262 263 264 265 266 267 268 269 270 271 272 273 274]] [21 [275 276 277 278 279 280 281 282 283 284 285 286 287]] [22 [288 289 290 291 292 293 294 295 296 297 298 299 300]] [23 [301 302 303 304 305 306 307 308 309 310 311 312 313]] [24 [314 315 316 317 318 319 320 321 322 323 324 325 326]] [25 [327 328 329 330 331 332 333 334 335 336 337 338 339]] [26 [340 341 342 343 344 345 346 347 348 349 350 351 352]] [27 [353 354 355 356 357 358 359 360 361 362 363 364 365]] [28 [366 367 368 369 370 371 372 373 374 375 376 377 378]] [29 [379 380 381 382 383 384 385 386 387 388 389 390 391]] [30 [392 393 394 395 396 397 398 399 400 401 402 403 404]] [31 [405 406 407 408 409 410 411 412 413 414 415 416 417]] [32 [418 419 420 421 422 423 424 425 426 427 428 429 430]] [33 [431 432 433 434 435 436 437 438 439 440 441 442 443]] [34 [444 445 446 447 448 449 450 451 452 453 454 455 456]] [35 [457 458 459 460 461 462 463 464 465 466 467 468 469]] [36 [470 471 472 473 474 475 477 478 479 480 481 482]] [37 [483 484 485 486 487 488 489 490 491 492 493 494 495]] [38 [496 497 498 499 500 501 502 503 504 505 506 507 508]] [39 [509 510 511 512 513 514 515 516 517 518 519 520 521]] [40 [522 523 524 525 526 527 528 529 530 531 532 533 534]] [41 [535 536 537 538 539 540 541 542 543 544 545 546 547]] [42 [548 549 550 551 552 553 554 555 556 557 558 559 560]] [43 [561 562 563 564 565 566 567 568 569 570 571 572 573]] [44 [574 575 576 577 578 579 580 581 582 583 584 585 586]] [45 [587 588 589 590 591 592 593 594 595 596 597 598 599]] [46 [600 601 602 603 604 605 606 607 608 609 610 611 612]] [47 [613 614 615 616 617 618 619 620 621 622 623 624 625]] [48 [626 627 628 629 630 631 632 633 634 635 636 637 638]] [49 [639 640 641 642 643 644 645 646 647 648 649 650 651]] [50 [653 654 655 656 657 658 659 660 661 662 663 664]] [51 [665 666 667 668 669 670 671 672 673 674 675 676 677]] [52 [678 679 680 681 682 683 684 685 686 687 688 689 690]] [53 [691 692 693 694 695 696 697 698 699 700 701 702 703]] [54 [704 705 706 707 708 709 710 711 712 713 714 715 716]] [55 [717 718 719 720 721 722 723 724 725 726 727 728]] [56 [730 731 732 733 734 735 736 737 738 739 740 741 742]] [57 [743 744 745 746 747 748 749 750 751 752 753 754 755]] [58 [756 757 758 759 760 761 762 763 764 765 766 767 768]] [59 [769 770 771 772 773 774 775 776 777 778 779 780 781]] [60 [782 783 784 785 786 787 788 789 790 791 792 793 794]] [61 [795 796 797 798 799 800 801 802 803 804 805 806 807]] [62 [808 809 810 811 812 813 814 815 816 817 818 819 820]] [63 [821 822 823 824 825 826 827 828 829 830 831 832 833]] [64 [834 835 836 837 838 839 840 841 842 843 844 845 846]] [65 [847 848 849 850 851 852 853 854 855 856 857 858 859]] [66 [860 861 862 863 864 865 866 867 868 869 870 871 872]] [67 [873 874 875 876 877 878 879 880 881 882 883 884 885]] [68 [886 887 888 889 890 891 892 893 894 895 896 897 898]] [69 [899 900 901 902 903 904 905 906 907 908 909 910 911]] [70 [912 913 914 915 916 917 918 919 920 921 922 923 924]] [71 [925 926 927 928 929 930 931 932 933 934 935 936 937]] [72 [938 939 940 941 942 943 944 945 946 947 948 949 950]] [73 [951 952 953 954 955 956 957 958 959 960 961 962 963]] [74 [964 965 966 967 968 969 970 971 972 973 974 975 976]] [75 [977 978 979 980 981 982 983 984 985 986 987 988 989]] [76 [990 991 992 993 994 995 996 997 998 999 1000 1001 1002]] [77 [1003 1004 1005 1006 1007 1008 1009 1010 1011 1012 1013 1014 1015]] [78 [1016 1017 1018 1019 1020 1021 1022 1023 1024 1025 1026 1027 1028]] [79 [1029 1030 1031 1032 1033 1034 1035 1036 1037 1038 1039 1040 1041]] [80 [1042 1043 1044 1045 1046 1047 1048 1049 1050 1051 1052 1053 1054]] [81 [1055 1056 1057 1058 1059 1060 1061 1062 1063 1064 1065 1066 1067]] [82 [1068 1069 1070 1071 1072 1073 1074 1075 1076 1077 1078 1079 1080]] [83 [1081 1082 1083 1084 1085 1086 1087 1088 1089 1090 1091 1092 1093]] [84 [1094 1095 1096 1097 1098 1099 1100 1101 1102 1103 1104 1105 1106]] [85 [1107 1108 1109 1110 1111 1112 1113 1114 1115 1116 1117 1118 1119]] [86 [1120 1121 1122 1123 1124 1125 1126 1127 1128 1129 1130 1131 1132]] [87 [1133 1134 1135 1136 1137 1138 1139 1140 1141 1142 1143 1144 1145]] [88 [1146 1147 1148 1149 1150 1151 1152 1153 1154 1155 1156 1157 1158]] [89 [1159 1160 1161 1162 1163 1164 1165 1166 1167 1168 1169 1170 1171]] [90 [1172 1173 1174 1175 1176 1177 1178 1179 1180 1181 1182 1183 1184]] [91 [1185 1186 1187 1188 1189 1190 1191 1192 1193 1194 1195 1196 1197]] [92 [1198 1199 1200 1201 1202 1203 1204 1205 1206 1207 1208 1209 1210]] [93 [1211 1212 1213 1214 1215 1216 1217 1218 1219 1220 1221 1222 1223]] [94 [1224 1225 1226 1227 1228 1229 1230 1231 1232 1233 1234 1235 1236]] [95 [1237 1238 1239 1240 1241 1242 1243 1244 1245 1246 1247 1248 1249]] [96 [1250 1251 1252 1253 1254 1255 1256 1257 1258 1259 1260 1261 1262]] [97 [1263 1264 1265 1266 1267 1268 1269 1270 1271 1272 1273 1274 1275]] [98 [1276 1277 1278 1279 1280 1281 1282 1283 1284 1285 1286 1287 1288]] [99 [1289 1290 1291 1292 1293 1294 1295 1296 1297 1298 1299 1300 1301]]]",,"[[{media 50} [[""A"" [3 3]]]] [{media 52} [[""A"" [3 3]]]] [{media 55} [[""A"" [3 3]]]] [{media 56} [[""A"" [3 3]]]] [{media 57} [[""A"" [3 3]]]] [{media 59} [[""A"" [3 3]]]] [{media 63} [[""A"" [3 3]]]] [{citizen 8} [[""A"" [3 3]]]] [{citizen 14} [[""A"" [3 3]]]] [{citizen 19} [[""A"" [3 3]]]] [{citizen 23} [[""A"" [3 3]]]] [{media 54} [[""A"" [3 3]]]] [{citizen 5} [[""A"" [3 3]]]] [{citizen 7} [[""A"" [3 3]]]] [{citizen 0} [[""A"" [3 3]]]] [{citizen 3} [[""A"" [3 3]]]] [{citizen 12} [[""A"" [3 3]]]] [{citizen 16} [[""A"" [3 3]]]] [{citizen 18} [[""A"" [3 3]]]] [{media 64} [[""A"" [3 3]]]] [{citizen 4} [[""A"" [3 3]]]] [{citizen 1} [[""A"" [3 3]]]] [{media 62} [[""A"" [3 3]]]] [{media 53} [[""A"" [3 3]]]] [{media 61} [[""A"" [3 3]]]] [{citizen 9} [[""A"" [3 3]]]] [{citizen 43} [[""A"" [3 3]]]] [{citizen 45} [[""A"" [3 3]]]] [{citizen 20} [[""A"" [3 3]]]] [{citizen 17} [[""A"" [3 3]]]] [{citizen 36} [[""A"" [3 3]]]] [{citizen 37} [[""A"" [3 3]]]] [{citizen 10} [[""A"" [3 3]]]] [{citizen 31} [[""A"" [3 3]]]] [{citizen 42} [[""A"" [3 3]]]] [{citizen 27} [[""A"" [3 3]]]] [{citizen 33} [[""A"" [3 3]]]] [{citizen 40} [[""A"" [3 3]]]] [{citizen 15} [[""A"" [3 3]]]] [{citizen 49} [[""A"" [3 3]]]] [{citizen 38} [[""A"" [3 3]]]] [{citizen 46} [[""A"" [3 3]]]] [{citizen 2} [[""A"" [3 3]]]] [{citizen 6} [[""A"" [3 3]]]] [{citizen 25} [[""A"" [3 3]]]] [{citizen 21} [[""A"" [3 3]]]] [{citizen 35} [[""A"" [3 3]]]] [{citizen 22} [[""A"" [3 3]]]] [{citizen 32} [[""A"" [3 3]]]] [{citizen 41} [[""A"" [3 3]]]] [{citizen 29} [[""A"" [3 3]]]] [{citizen 11} [[""A"" [3 3]]]] [{media 51} [[""A"" [3 3]]]] [{citizen 44} [[""A"" [3 3]]]] [{citizen 13} [[""A"" [3 3]]]] [{citizen 24} [[""A"" [3 3]]]] [{citizen 47} [[""A"" [3 3]]]] [{citizen 39} [[""A"" [3 3]]]] [{citizen 30} [[""A"" [3 3]]]] [{citizen 48} [[""A"" [3 3]]]] [{citizen 26} [[""A"" [3 3]]]] [{citizen 28} [[""A"" [3 3]]]]]"
"35","[128 0 127]","297.3913043478261","-8.931000519486275","4.370384253719358","""circle""","""""","9.9","{breed citizens}","false","0.5","1","""up""",,"[[""ID"" 36] [""alpha"" 1] [""beta"" 1] [""malleable"" [""A""]] [""prior"" []] [""cont_tokens"" []] [""A"" 3]]","[[0 [0 1 2 3 4 5 6 7 8 9 10 12 13]] [1 [15 16 17 18 19 20 21 22 23 24 25 26 27]] [2 [28 29 30 31 32 33 34 35 36 37 38 39 40]] [3 [41 42 43 44 45 46 47 48 49 50 51 52 53]] [4 [54 55 56 57 58 59 60 61 62 63 64 65 66]] [5 [67 68 69 70 71 72 73 74 75 76 77 78 79]] [6 [80 81 82 83 84 85 86 87 88 89 90 91 92]] [7 [93 94 95 96 97 98 99 100 101 102 103 104 105]] [8 [106 107 108 109 110 111 112 113 114 115 116 117 118]] [9 [119 120 121 122 123 124 125 126 127 128 129 130 131]] [10 [132 133 134 135 136 137 138 139 140 141 142 143 144]] [11 [145 146 147 148 149 150 151 152 153 154 155 156 157]] [12 [158 159 160 161 162 163 164 165 166 167 168 169 170]] [13 [171 172 173 174 175 176 177 178 179 180 181 182 183]] [14 [184 185 186 187 188 189 190 191 192 193 194 195 196]] [15 [197 198 199 200 201 202 203 204 205 206 207 208 209]] [16 [210 211 212 213 214 215 216 217 218 219 220 221 222]] [17 [223 224 225 226 227 228 229 230 231 232 233 234 235]] [18 [236 237 238 239 240 241 242 243 244 245 246 247 248]] [19 [249 250 251 252 253 254 255 256 257 258 259 260 261]] [20 [262 263 264 265 266 267 268 269 270 271 272 273 274]] [21 [275 276 277 278 279 280 281 282 283 284 285 286 287]] [22 [288 289 290 291 292 293 294 295 296 297 298 299 300]] [23 [301 302 303 304 305 306 307 308 309 310 311 312 313]] [24 [314 315 316 317 318 319 320 321 322 323 324 325 326]] [25 [327 328 329 330 331 332 333 334 335 336 337 338 339]] [26 [340 341 342 343 344 345 346 347 348 349 350 351 352]] [27 [353 354 355 356 357 358 359 360 361 362 363 364 365]] [28 [366 367 368 369 370 371 372 373 374 375 376 377 378]] [29 [379 380 381 382 383 384 385 386 387 388 389 390 391]] [30 [392 393 394 395 396 397 398 399 400 401 402 403 404]] [31 [405 406 407 408 409 410 411 412 413 414 415 416 417]] [32 [418 419 420 421 422 423 424 425 426 427 428 429 430]] [33 [431 432 433 434 435 436 437 438 439 440 441 442 443]] [34 [444 445 446 447 448 449 450 451 452 453 454 455 456]] [35 [457 458 459 460 461 462 463 464 465 466 467 468 469]] [36 [470 471 472 473 474 475 476 477 478 479 480 481 482]] [37 [483 484 485 486 487 488 489 490 491 492 493 494 495]] [38 [496 497 498 499 500 501 502 503 504 505 506 507 508]] [39 [509 510 511 512 513 514 515 516 517 518 519 520 521]] [40 [522 523 524 525 526 527 528 529 530 531 532 533 534]] [41 [535 536 537 538 539 540 541 542 543 544 545 546 547]] [42 [548 549 550 551 552 553 554 555 556 557 558 559 560]] [43 [561 562 563 564 565 566 567 568 569 570 571 572 573]] [44 [574 575 576 577 578 579 580 581 582 583 584 585 586]] [45 [587 588 589 590 591 592 593 594 595 596 597 598 599]] [46 [600 601 602 603 604 605 606 607 608 609 610 611 612]] [47 [613 614 615 616 617 618 619 620 621 622 623 624 625]] [48 [626 627 628 629 630 631 632 633 634 635 636 637 638]] [49 [639 640 641 642 643 644 645 646 647 648 649 650 651]] [50 [652 653 654 655 656 657 658 659 660 661 662 663 664]] [51 [665 666 667 668 669 670 671 672 673 674 675 676 677]] [52 [678 679 680 681 682 683 684 685 686 687 688 689 690]] [53 [691 692 693 694 695 696 697 698 699 700 701 702 703]] [54 [704 705 706 707 708 709 710 711 712 713 714 715 716]] [55 [717 718 719 720 721 722 723 724 725 726 727 728 729]] [56 [730 731 732 733 734 735 736 737 738 739 740 741 742]] [57 [743 744 745 746 747 748 749 750 751 752 753 754 755]] [58 [756 757 758 759 760 761 762 763 764 765 766 767 768]] [59 [769 770 771 772 773 774 775 776 777 778 779 780 781]] [60 [782 783 784 785 786 787 788 789 790 791 792 793 794]] [61 [795 796 797 798 799 800 801 802 803 804 805 806 807]] [62 [808 809 810 811 812 813 814 815 816 817 818 819 820]] [63 [821 822 823 824 825 826 827 828 829 830 831 832 833]] [64 [834 835 836 837 838 839 840 841 842 843 844 845 846]] [65 [847 848 849 850 851 852 853 854 855 856 857 858 859]] [66 [860 861 862 863 864 865 866 867 868 869 870 871 872]] [67 [873 874 875 876 877 878 879 880 881 882 883 884 885]] [68 [886 887 888 889 890 891 892 893 894 895 896 897 898]] [69 [899 900 901 902 903 904 905 906 907 908 909 910 911]] [70 [912 913 914 915 916 917 918 919 920 921 922 923 924]] [71 [925 926 927 928 929 930 931 932 933 934 935 936 937]] [72 [938 939 940 941 942 943 944 945 946 947 948 949 950]] [73 [951 952 953 954 955 956 957 958 959 960 961 962 963]] [74 [964 965 966 967 968 969 970 971 972 973 974 975 976]] [75 [977 978 979 980 981 982 983 984 985 986 987 988 989]] [76 [990 991 992 993 994 995 996 997 998 999 1000 1001 1002]] [77 [1003 1004 1005 1006 1007 1008 1009 1010 1011 1012 1013 1014 1015]] [78 [1016 1017 1018 1019 1020 1021 1022 1023 1024 1025 1026 1027 1028]] [79 [1029 1030 1031 1032 1033 1034 1035 1036 1037 1038 1039 1040 1041]] [80 [1042 1043 1044 1045 1046 1047 1048 1049 1050 1051 1052 1053 1054]] [81 [1055 1056 1057 1058 1059 1060 1061 1062 1063 1064 1065 1066 1067]] [82 [1068 1069 1070 1071 1072 1073 1074 1075 1076 1077 1078 1079 1080]] [83 [1081 1082 1083 1084 1085 1086 1087 1088 1089 1090 1091 1092 1093]] [84 [1094 1095 1096 1097 1098 1099 1100 1101 1102 1103 1104 1105 1106]] [85 [1107 1108 1109 1110 1111 1112 1113 1114 1115 1116 1117 1118 1119]] [86 [1120 1121 1122 1123 1124 1125 1126 1127 1128 1129 1130 1131 1132]] [87 [1133 1134 1135 1136 1137 1138 1139 1140 1141 1142 1143 1144 1145]] [88 [1146 1147 1148 1149 1150 1151 1152 1153 1154 1155 1156 1157 1158]] [89 [1159 1160 1161 1162 1163 1164 1165 1166 1167 1168 1169 1170 1171]] [90 [1172 1173 1174 1175 1176 1177 1178 1179 1180 1181 1182 1183 1184]] [91 [1185 1186 1187 1188 1189 1190 1191 1192 1193 1194 1195 1196 1197]] [92 [1198 1199 1200 1201 1202 1203 1204 1205 1206 1207 1208 1209 1210]] [93 [1211 1212 1213 1214 1215 1216 1217 1218 1219 1220 1221 1222 1223]] [94 [1224 1225 1226 1227 1228 1229 1230 1231 1232 1233 1234 1235 1236]] [95 [1237 1238 1239 1240 1241 1242 1243 1244 1245 1246 1247 1248 1249]] [96 [1250 1251 1252 1253 1254 1255 1256 1257 1258 1259 1260 1261 1262]] [97 [1263 1264 1265 1266 1267 1268 1269 1270 1271 1272 1273 1274 1275]] [98 [1276 1277 1278 1279 1280 1281 1282 1283 1284 1285 1286 1287 1288]] [99 [1289 1290 1291 1292 1293 1294 1295 1296 1297 1298 1299 1300 1301]]]","[[0 [0 1 2 3 4 5 6 7 8 9 10 12 13]] [1 [15 16 17 18 19 20 21 22 23 24 25 26 27]] [2 [28 29 30 31 32 33 34 35 36 37 38 39 40]] [3 [41 42 43 44 45 46 47 48 49 50 51 52 53]] [4 [54 55 56 57 58 59 60 61 62 63 64 65 66]] [5 [67 68 69 70 71 72 73 74 75 76 77 78 79]] [6 [80 81 82 83 84 85 86 87 88 89 90 91 92]] [7 [93 94 95 96 97 98 99 100 101 102 103 104 105]] [8 [106 107 108 109 110 111 112 113 114 115 116 117 118]] [9 [119 120 121 122 123 124 125 126 127 128 129 130 131]] [10 [132 133 134 135 136 137 138 139 140 141 142 143 144]] [11 [145 146 147 148 149 150 151 152 153 154 155 156 157]] [12 [158 159 160 161 162 163 164 165 166 167 168 169 170]] [13 [171 172 173 174 175 176 177 178 179 180 181 182 183]] [14 [184 185 186 187 188 189 190 191 192 193 194 195 196]] [15 [197 198 199 200 201 202 203 204 205 206 207 208 209]] [16 [210 211 212 213 214 215 216 217 218 219 220 221 222]] [17 [223 224 225 226 227 228 229 230 231 232 233 234 235]] [18 [236 237 238 239 240 241 242 243 244 245 246 247 248]] [19 [249 250 251 252 253 254 255 256 257 258 259 260 261]] [20 [262 263 264 265 266 267 268 269 270 271 272 273 274]] [21 [275 276 277 278 279 280 281 282 283 284 285 286 287]] [22 [288 289 290 291 292 293 294 295 296 297 298 299 300]] [23 [301 302 303 304 305 306 307 308 309 310 311 312 313]] [24 [314 315 316 317 318 319 320 321 322 323 324 325 326]] [25 [327 328 329 330 331 332 333 334 335 336 337 338 339]] [26 [340 341 342 343 344 345 346 347 348 349 350 351 352]] [27 [353 354 355 356 357 358 359 360 361 362 363 364 365]] [28 [366 367 368 369 370 371 372 373 374 375 376 377 378]] [29 [379 380 381 382 383 384 385 386 387 388 389 390 391]] [30 [392 393 394 395 396 397 398 399 400 401 402 403 404]] [31 [405 406 407 408 409 410 411 412 413 414 415 416 417]] [32 [418 419 420 421 422 423 424 425 426 427 428 429 430]] [33 [431 432 433 434 435 436 437 438 439 440 441 442 443]] [34 [444 445 446 447 448 449 450 451 452 453 454 455 456]] [35 [457 458 459 460 461 462 463 464 465 466 467 468 469]] [36 [470 471 472 473 474 475 476 477 478 479 480 481 482]] [37 [483 484 485 486 487 488 489 490 491 492 493 494 495]] [38 [496 497 498 499 500 501 502 503 504 505 506 507 508]] [39 [509 510 511 512 513 514 515 516 517 518 519 520 521]] [40 [522 523 524 525 526 527 528 529 530 531 532 533 534]] [41 [535 536 537 538 539 540 541 542 543 544 545 546 547]] [42 [548 549 550 551 552 553 554 555 556 557 558 559 560]] [43 [561 562 563 564 565 566 567 568 569 570 571 572 573]] [44 [574 575 576 577 578 579 580 581 582 583 584 585 586]] [45 [587 588 589 590 591 592 593 594 595 596 597 598 599]] [46 [600 601 602 603 604 605 606 607 608 609 610 611 612]] [47 [613 614 615 616 617 618 619 620 621 622 623 624 625]] [48 [626 627 628 629 630 631 632 633 634 635 636 637 638]] [49 [639 640 641 642 643 644 645 646 647 648 649 650 651]] [50 [652 653 654 655 656 657 658 659 660 661 662 663 664]] [51 [665 666 667 668 669 670 671 672 673 674 675 676 677]] [52 [678 679 680 681 682 683 684 685 686 687 688 689 690]] [53 [691 692 693 694 695 696 697 698 699 700 701 702 703]] [54 [704 705 706 707 708 709 710 711 712 713 714 715 716]] [55 [717 718 719 720 721 722 723 724 725 726 727 728 729]] [56 [730 731 732 733 734 735 736 737 738 739 740 741 742]] [57 [743 744 745 746 747 748 749 750 751 752 753 754 755]] [58 [756 757 758 759 760 761 762 763 764 765 766 767 768]] [59 [769 770 771 772 773 774 775 776 777 778 779 780 781]] [60 [782 783 784 785 786 787 788 789 790 791 792 793 794]] [61 [795 796 797 798 799 800 801 802 803 804 805 806 807]] [62 [808 809 810 811 812 813 814 815 816 817 818 819 820]] [63 [821 822 823 824 825 826 827 828 829 830 831 832 833]] [64 [834 835 836 837 838 839 840 841 842 843 844 845 846]] [65 [847 848 849 850 851 852 853 854 855 856 857 858 859]] [66 [860 861 862 863 864 865 866 867 868 869 870 871 872]] [67 [873 874 875 876 877 878 879 880 881 882 883 884 885]] [68 [886 887 888 889 890 891 892 893 894 895 896 897 898]] [69 [899 900 901 902 903 904 905 906 907 908 909 910 911]] [70 [912 913 914 915 916 917 918 919 920 921 922 923 924]] [71 [925 926 927 928 929 930 931 932 933 934 935 936 937]] [72 [938 939 940 941 942 943 944 945 946 947 948 949 950]] [73 [951 952 953 954 955 956 957 958 959 960 961 962 963]] [74 [964 965 966 967 968 969 970 971 972 973 974 975 976]] [75 [977 978 979 980 981 982 983 984 985 986 987 988 989]] [76 [990 991 992 993 994 995 996 997 998 999 1000 1001 1002]] [77 [1003 1004 1005 1006 1007 1008 1009 1010 1011 1012 1013 1014 1015]] [78 [1016 1017 1018 1019 1020 1021 1022 1023 1024 1025 1026 1027 1028]] [79 [1029 1030 1031 1032 1033 1034 1035 1036 1037 1038 1039 1040 1041]] [80 [1042 1043 1044 1045 1046 1047 1048 1049 1050 1051 1052 1053 1054]] [81 [1055 1056 1057 1058 1059 1060 1061 1062 1063 1064 1065 1066 1067]] [82 [1068 1069 1070 1071 1072 1073 1074 1075 1076 1077 1078 1079 1080]] [83 [1081 1082 1083 1084 1085 1086 1087 1088 1089 1090 1091 1092 1093]] [84 [1094 1095 1096 1097 1098 1099 1100 1101 1102 1103 1104 1105 1106]] [85 [1107 1108 1109 1110 1111 1112 1113 1114 1115 1116 1117 1118 1119]] [86 [1120 1121 1122 1123 1124 1125 1126 1127 1128 1129 1130 1131 1132]] [87 [1133 1134 1135 1136 1137 1138 1139 1140 1141 1142 1143 1144 1145]] [88 [1146 1147 1148 1149 1150 1151 1152 1153 1154 1155 1156 1157 1158]] [89 [1159 1160 1161 1162 1163 1164 1165 1166 1167 1168 1169 1170 1171]] [90 [1172 1173 1174 1175 1176 1177 1178 1179 1180 1181 1182 1183 1184]] [91 [1185 1186 1187 1188 1189 1190 1191 1192 1193 1194 1195 1196 1197]] [92 [1198 1199 1200 1201 1202 1203 1204 1205 1206 1207 1208 1209 1210]] [93 [1211 1212 1213 1214 1215 1216 1217 1218 1219 1220 1221 1222 1223]] [94 [1224 1225 1226 1227 1228 1229 1230 1231 1232 1233 1234 1235 1236]] [95 [1237 1238 1239 1240 1241 1242 1243 1244 1245 1246 1247 1248 1249]] [96 [1250 1251 1252 1253 1254 1255 1256 1257 1258 1259 1260 1261 1262]] [97 [1263 1264 1265 1266 1267 1268 1269 1270 1271 1272 1273 1274 1275]] [98 [1276 1277 1278 1279 1280 1282 1283 1284 1285 1286 1287 1288]] [99 [1289 1290 1291 1292 1293 1294 1295 1296 1297 1298 1299 1300 1301]]]",,"[[{media 56} [[""A"" [3 3]]]] [{media 57} [[""A"" [3 3]]]] [{media 59} [[""A"" [3 3]]]] [{media 63} [[""A"" [3 3]]]] [{media 64} [[""A"" [3 3]]]] [{citizen 15} [[""A"" [3 3]]]] [{citizen 21} [[""A"" [3 3]]]] [{media 54} [[""A"" [3 3]]]] [{citizen 5} [[""A"" [3 3]]]] [{citizen 7} [[""A"" [3 3]]]] [{citizen 9} [[""A"" [3 3]]]] [{media 50} [[""A"" [3 3]]]] [{citizen 32} [[""A"" [3 3]]]] [{citizen 24} [[""A"" [3 3]]]] [{citizen 30} [[""A"" [3 3]]]] [{media 61} [[""A"" [3 3]]]] [{media 55} [[""A"" [3 3]]]] [{citizen 0} [[""A"" [3 3]]]] [{citizen 1} [[""A"" [3 3]]]] [{citizen 8} [[""A"" [3 3]]]] [{citizen 17} [[""A"" [3 3]]]] [{media 62} [[""A"" [3 3]]]] [{media 53} [[""A"" [3 3]]]] [{citizen 14} [[""A"" [3 3]]]] [{media 51} [[""A"" [3 3]]]] [{media 52} [[""A"" [3 3]]]] [{citizen 3} [[""A"" [3 3]]]] [{citizen 12} [[""A"" [3 3]]]] [{citizen 22} [[""A"" [3 3]]]] [{citizen 4} [[""A"" [3 3]]]] [{citizen 43} [[""A"" [3 3]]]] [{citizen 45} [[""A"" [3 3]]]] [{citizen 20} [[""A"" [3 3]]]] [{citizen 36} [[""A"" [3 3]]]] [{citizen 37} [[""A"" [3 3]]]] [{citizen 10} [[""A"" [3 3]]]] [{citizen 31} [[""A"" [3 3]]]] [{citizen 42} [[""A"" [3 3]]]] [{citizen 27} [[""A"" [3 3]]]] [{citizen 33} [[""A"" [3 3]]]] [{citizen 40} [[""A"" [3 3]]]] [{citizen 19} [[""A"" [3 3]]]] [{citizen 34} [[""A"" [3 3]]]] [{citizen 16} [[""A"" [3 3]]]] [{citizen 38} [[""A"" [3 3]]]] [{citizen 2} [[""A"" [3 3]]]] [{citizen 49} [[""A"" [3 3]]]] [{citizen 23} [[""A"" [3 3]]]] [{citizen 46} [[""A"" [3 3]]]] [{citizen 6} [[""A"" [3 3]]]] [{citizen 25} [[""A"" [3 3]]]] [{citizen 41} [[""A"" [3 3]]]] [{citizen 29} [[""A"" [3 3]]]] [{citizen 48} [[""A"" [3 3]]]] [{citizen 18} [[""A"" [3 3]]]] [{citizen 47} [[""A"" [3 3]]]] [{citizen 11} [[""A"" [3 3]]]] [{citizen 44} [[""A"" [3 3]]]] [{citizen 13} [[""A"" [3 3]]]] [{citizen 26} [[""A"" [3 3]]]] [{citizen 28} [[""A"" [3 3]]]] [{citizen 39} [[""A"" [3 3]]]]]"
"36","[128 0 127]","131.08695652173913","7.672406643768122","-5.553778225055324","""circle""","""""","9.9","{breed citizens}","false","0.5","1","""up""",,"[[""ID"" 31] [""alpha"" 1] [""beta"" 1] [""malleable"" [""A""]] [""prior"" []] [""cont_tokens"" []] [""A"" 3]]","[[0 [0 1 2 3 4 6 7 8 9 10 13]] [1 [15 16 17 18 19 20 21 22 23 24 25 26 27]] [2 [28 29 30 31 32 33 34 35 36 37 38 39 40]] [3 [41 42 43 44 45 46 47 48 49 50 51 52 53]] [4 [54 55 56 57 58 59 60 61 62 63 64 65 66]] [5 [67 68 69 70 71 72 73 74 75 76 77 78 79]] [6 [80 81 82 83 84 85 86 87 88 89 90 91 92]] [7 [93 94 95 96 97 98 99 100 101 102 103 104 105]] [8 [106 107 108 109 110 111 112 113 114 115 116 117 118]] [9 [119 120 121 122 123 124 125 126 127 128 129 130 131]] [10 [132 133 134 135 136 137 138 139 140 141 142 143 144]] [11 [145 146 147 148 149 150 151 152 153 154 155 156 157]] [12 [158 159 160 161 162 163 164 165 166 167 168 169 170]] [13 [171 172 173 174 175 176 177 178 179 180 181 182 183]] [14 [184 185 186 187 188 189 190 191 192 193 194 195 196]] [15 [197 198 199 200 201 202 203 204 205 206 207 208 209]] [16 [210 211 212 213 214 215 216 217 218 219 220 221 222]] [17 [223 224 225 226 227 228 229 230 231 232 233 234 235]] [18 [236 237 238 239 240 241 242 243 244 245 246 247 248]] [19 [249 250 251 252 253 254 255 256 257 258 259 260 261]] [20 [262 263 264 265 266 267 268 269 270 271 272 273 274]] [21 [275 276 277 278 279 280 281 282 283 284 285 286 287]] [22 [288 289 290 291 292 293 294 295 296 297 298 299 300]] [23 [301 302 303 304 305 306 307 308 309 310 311 312 313]] [24 [314 315 316 317 318 319 320 321 322 323 324 325 326]] [25 [327 328 329 330 331 332 333 334 335 336 337 338 339]] [26 [340 341 342 343 344 345 346 347 348 349 350 351 352]] [27 [353 354 355 356 357 358 359 360 361 362 363 364 365]] [28 [366 367 368 369 370 371 372 373 374 375 376 377 378]] [29 [379 380 381 382 383 384 385 386 387 388 389 390 391]] [30 [392 393 394 395 396 397 398 399 400 401 402 403 404]] [31 [405 406 407 408 409 410 411 412 413 414 415 416 417]] [32 [418 419 420 421 422 423 424 425 426 427 428 429 430]] [33 [431 432 433 434 435 436 437 438 439 440 441 442 443]] [34 [444 445 446 447 448 449 450 451 452 453 454 455 456]] [35 [457 458 459 460 461 462 463 464 465 466 467 468 469]] [36 [470 471 472 473 474 475 476 477 478 479 480 481 482]] [37 [483 484 485 486 487 488 489 490 491 492 493 494 495]] [38 [496 497 498 499 500 501 502 503 504 505 506 507 508]] [39 [509 510 511 512 513 514 515 516 517 518 519 520 521]] [40 [522 523 524 525 526 527 528 529 530 531 532 533 534]] [41 [535 536 537 538 539 540 541 542 543 544 545 546 547]] [42 [548 549 550 551 552 553 554 555 556 557 558 559 560]] [43 [561 562 563 564 565 566 567 568 569 570 571 572 573]] [44 [574 575 576 577 578 579 580 581 582 583 584 585 586]] [45 [587 588 589 590 591 592 593 594 595 596 597 598 599]] [46 [600 601 602 603 604 605 606 607 608 609 610 611 612]] [47 [613 614 615 616 617 618 619 620 621 622 623 624 625]] [48 [626 627 628 629 630 631 632 633 634 635 636 637 638]] [49 [639 640 641 642 643 644 645 646 647 648 649 650 651]] [50 [652 653 654 655 656 657 658 659 660 661 662 663 664]] [51 [665 666 667 668 669 670 671 672 673 674 675 676 677]] [52 [678 679 680 681 682 683 684 685 686 687 688 689 690]] [53 [691 692 693 694 695 696 697 698 699 700 701 702 703]] [54 [704 705 706 707 708 709 710 711 712 713 714 715 716]] [55 [717 718 719 720 721 722 723 724 725 726 727 728 729]] [56 [730 731 732 733 734 735 736 737 738 739 740 741 742]] [57 [743 744 745 746 747 748 749 750 751 752 753 754 755]] [58 [756 757 758 759 760 761 762 763 764 765 766 767 768]] [59 [769 770 771 772 773 774 775 776 777 778 779 780 781]] [60 [782 783 784 785 786 787 788 789 790 791 792 793 794]] [61 [795 796 797 798 799 800 801 802 803 804 805 806 807]] [62 [808 809 810 811 812 813 814 815 816 817 818 819 820]] [63 [821 822 823 824 825 826 827 828 829 830 831 832 833]] [64 [834 835 836 837 838 839 840 841 842 843 844 845 846]] [65 [847 848 849 850 851 852 853 854 855 856 857 858 859]] [66 [860 861 862 863 864 865 866 867 868 869 870 871 872]] [67 [873 874 875 876 877 878 879 880 881 882 883 884 885]] [68 [886 887 888 889 890 891 892 893 894 895 896 897 898]] [69 [899 900 901 902 903 904 905 906 907 908 909 910 911]] [70 [912 913 914 915 916 917 918 919 920 921 922 923 924]] [71 [925 926 927 928 929 930 931 932 933 934 935 936 937]] [72 [938 939 940 941 942 943 944 945 946 947 948 949 950]] [73 [951 952 953 954 955 956 957 958 959 960 961 962 963]] [74 [964 965 966 967 968 969 970 971 972 973 974 975 976]] [75 [977 978 979 980 981 982 983 984 985 986 987 988 989]] [76 [990 991 992 993 994 995 996 997 998 999 1000 1001 1002]] [77 [1003 1004 1005 1006 1007 1008 1009 1010 1011 1012 1013 1014 1015]] [78 [1016 1017 1018 1019 1020 1021 1022 1023 1024 1025 1026 1027 1028]] [79 [1029 1030 1031 1032 1033 1034 1035 1036 1037 1038 1039 1040 1041]] [80 [1042 1043 1044 1045 1046 1047 1048 1049 1050 1051 1052 1053 1054]] [81 [1055 1056 1057 1058 1059 1060 1061 1062 1063 1064 1065 1066 1067]] [82 [1068 1069 1070 1071 1072 1073 1074 1075 1076 1077 1078 1079 1080]] [83 [1081 1082 1083 1084 1085 1086 1087 1088 1089 1090 1091 1092 1093]] [84 [1094 1095 1096 1097 1098 1099 1100 1101 1102 1103 1104 1105 1106]] [85 [1107 1108 1109 1110 1111 1112 1113 1114 1115 1116 1117 1118 1119]] [86 [1120 1121 1122 1123 1124 1125 1126 1127 1128 1129 1130 1131 1132]] [87 [1133 1134 1135 1136 1137 1138 1139 1140 1141 1142 1143 1144 1145]] [88 [1146 1147 1148 1149 1150 1151 1152 1153 1154 1155 1156 1157 1158]] [89 [1159 1160 1161 1162 1163 1164 1165 1166 1167 1168 1169 1170 1171]] [90 [1172 1173 1174 1175 1176 1177 1178 1179 1180 1181 1182 1183 1184]] [91 [1185 1186 1187 1188 1189 1190 1191 1192 1193 1194 1195 1196 1197]] [92 [1198 1199 1200 1201 1202 1203 1204 1205 1206 1207 1208 1209 1210]] [93 [1211 1212 1213 1214 1215 1216 1217 1218 1219 1220 1221 1222 1223]] [94 [1224 1225 1226 1227 1228 1229 1230 1231 1232 1233 1234 1235 1236]] [95 [1237 1238 1239 1240 1241 1242 1243 1244 1245 1246 1247 1248 1249]] [96 [1250 1251 1252 1253 1254 1255 1256 1257 1258 1259 1260 1261 1262]] [97 [1263 1264 1265 1266 1267 1268 1269 1270 1271 1272 1273 1274 1275]] [98 [1276 1277 1278 1279 1280 1281 1282 1283 1284 1285 1286 1287 1288]] [99 [1289 1290 1291 1292 1293 1294 1295 1296 1297 1298 1299 1300 1301]]]","[[0 [0 1 2 3 4 6 7 8 9 10 13]] [1 [15 16 17 18 19 20 21 22 23 24 25 26 27]] [2 [28 29 30 31 32 33 34 35 36 37 38 39 40]] [3 [41 42 43 44 45 46 47 48 49 50 51 52 53]] [4 [54 55 56 57 58 59 60 61 62 63 64 65 66]] [5 [67 68 69 70 71 72 73 74 75 76 77 78 79]] [6 [80 81 82 83 84 85 86 87 88 89 90 91 92]] [7 [93 94 95 96 97 98 99 100 101 102 103 104 105]] [8 [106 107 108 109 110 111 112 113 114 115 116 117 118]] [9 [119 120 121 122 123 124 125 126 127 128 129 130 131]] [10 [132 133 134 135 136 137 138 139 140 141 142 143 144]] [11 [145 146 147 148 149 150 151 152 153 154 155 156 157]] [12 [158 159 160 161 162 163 164 165 166 167 168 169 170]] [13 [171 172 173 174 175 176 177 178 179 180 181 182 183]] [14 [184 185 186 187 188 189 190 191 192 193 194 195 196]] [15 [197 198 199 200 201 202 203 204 205 206 207 208 209]] [16 [210 211 212 213 214 215 216 217 218 219 220 221 222]] [17 [223 224 225 226 227 228 229 230 231 232 233 234 235]] [18 [236 237 238 239 240 241 242 243 244 245 246 247 248]] [19 [249 250 251 252 253 254 255 256 257 258 259 260 261]] [20 [262 263 264 265 266 267 268 269 270 271 272 273 274]] [21 [275 276 277 278 279 280 281 282 283 284 285 286 287]] [22 [288 289 290 291 292 293 294 295 296 297 298 299 300]] [23 [301 302 303 304 305 306 307 308 309 310 311 312 313]] [24 [314 315 316 317 318 319 320 321 322 323 324 325 326]] [25 [327 328 329 330 331 332 333 334 335 336 337 338 339]] [26 [340 341 342 343 344 345 346 347 348 349 350 351 352]] [27 [353 354 355 356 357 358 359 360 361 362 363 364 365]] [28 [366 367 368 369 370 371 372 373 374 375 376 377 378]] [29 [379 380 381 382 383 384 385 386 387 388 389 390 391]] [30 [392 393 394 395 396 397 398 399 400 401 402 403 404]] [31 [405 406 407 408 409 410 411 412 413 414 415 416 417]] [32 [418 419 420 421 422 423 424 425 426 427 428 429 430]] [33 [431 432 433 434 435 436 437 438 439 440 441 442 443]] [34 [444 445 446 447 448 449 450 451 452 453 454 455 456]] [35 [457 458 459 460 461 462 463 464 465 466 467 468 469]] [36 [470 471 472 473 474 475 476 477 478 479 480 481 482]] [37 [483 484 485 486 487 488 489 490 491 492 493 494 495]] [38 [496 497 498 499 500 501 502 503 504 505 506 507 508]] [39 [509 510 511 512 513 514 515 516 517 518 519 520 521]] [40 [522 523 524 525 526 527 528 529 530 531 532 533 534]] [41 [535 536 537 538 539 540 541 542 543 544 545 546 547]] [42 [548 549 550 551 552 553 554 555 556 557 558 559 560]] [43 [561 562 563 564 565 566 567 568 569 570 571 572 573]] [44 [574 575 576 577 578 579 580 581 582 583 584 585 586]] [45 [587 588 589 590 591 592 593 594 595 596 597 598 599]] [46 [600 601 602 603 604 605 606 607 608 609 610 611 612]] [47 [613 614 615 616 617 618 619 620 621 622 623 624 625]] [48 [626 627 628 629 630 631 632 633 634 635 636 637 638]] [49 [639 640 641 642 643 644 645 646 647 648 649 650 651]] [50 [652 653 654 655 656 657 658 659 660 661 662 663 664]] [51 [665 666 667 668 670 671 672 673 674 675 676 677]] [52 [678 679 680 681 682 683 684 685 686 687 688 689 690]] [53 [691 692 693 694 695 696 697 698 699 700 701 702 703]] [54 [704 705 706 707 708 709 710 711 712 713 714 715 716]] [55 [717 718 719 720 721 722 723 724 725 726 727 728 729]] [56 [730 731 732 733 734 735 736 737 738 739 740 741 742]] [57 [743 744 745 746 747 748 749 750 751 752 753 754 755]] [58 [756 757 758 759 760 761 762 763 764 765 766 767 768]] [59 [769 770 771 772 773 774 775 776 777 778 779 780 781]] [60 [782 783 784 785 786 787 788 789 790 791 792 793 794]] [61 [795 796 798 799 800 801 802 803 804 805 806 807]] [62 [808 809 810 811 812 813 814 815 816 817 818 819 820]] [63 [821 822 823 824 825 826 827 828 829 830 831 832 833]] [64 [834 835 836 837 838 839 840 841 842 843 844 845 846]] [65 [847 848 849 850 851 852 853 854 855 856 857 858 859]] [66 [860 861 862 863 864 865 866 867 868 869 870 871 872]] [67 [873 874 875 876 877 878 879 880 881 882 883 884 885]] [68 [886 887 888 889 890 891 892 893 894 895 896 897 898]] [69 [899 900 901 902 903 904 905 906 907 908 909 910 911]] [70 [912 913 914 915 916 917 918 919 920 921 922 923 924]] [71 [925 926 927 928 929 930 931 932 933 934 935 936 937]] [72 [938 939 940 941 942 943 944 945 946 947 948 949 950]] [73 [951 952 953 954 955 956 957 958 959 960 961 962 963]] [74 [964 965 966 967 968 969 970 971 972 973 974 975 976]] [75 [977 978 979 980 981 982 983 984 985 986 987 988 989]] [76 [990 991 992 993 994 995 996 997 998 999 1000 1001 1002]] [77 [1003 1004 1005 1006 1007 1008 1009 1010 1011 1012 1013 1014 1015]] [78 [1016 1017 1018 1019 1020 1021 1022 1023 1024 1025 1026 1027 1028]] [79 [1029 1030 1031 1032 1033 1034 1035 1036 1037 1038 1039 1040 1041]] [80 [1042 1043 1044 1045 1046 1047 1048 1049 1050 1051 1052 1053 1054]] [81 [1055 1056 1057 1058 1059 1060 1061 1062 1063 1064 1065 1066 1067]] [82 [1068 1069 1070 1071 1072 1073 1074 1075 1076 1077 1078 1079 1080]] [83 [1081 1082 1083 1084 1085 1086 1087 1088 1089 1090 1091 1092 1093]] [84 [1094 1095 1096 1097 1098 1099 1100 1101 1102 1103 1104 1105 1106]] [85 [1107 1108 1109 1110 1111 1112 1113 1114 1115 1116 1117 1118 1119]] [86 [1120 1121 1122 1123 1124 1125 1126 1127 1128 1129 1130 1131]] [87 [1133 1134 1135 1136 1137 1138 1139 1140 1141 1142 1143 1144 1145]] [88 [1146 1147 1148 1149 1150 1151 1152 1153 1154 1155 1156 1157 1158]] [89 [1159 1160 1161 1162 1163 1164 1165 1166 1167 1168 1169 1170 1171]] [90 [1172 1173 1174 1175 1176 1177 1178 1179 1180 1181 1182 1183 1184]] [91 [1185 1186 1187 1188 1189 1190 1191 1192 1193 1194 1195 1196 1197]] [92 [1198 1199 1200 1201 1202 1203 1204 1205 1206 1207 1208 1209 1210]] [93 [1211 1212 1213 1214 1215 1216 1217 1218 1219 1220 1221 1222 1223]] [94 [1224 1225 1226 1227 1228 1229 1230 1231 1232 1233 1234 1235 1236]] [95 [1237 1238 1239 1240 1241 1242 1243 1244 1245 1246 1247 1248 1249]] [96 [1250 1251 1252 1253 1254 1255 1256 1257 1258 1259 1260 1261 1262]] [97 [1263 1264 1265 1266 1267 1268 1269 1270 1271 1272 1273 1274 1275]] [98 [1276 1277 1278 1279 1280 1281 1282 1283 1284 1285 1286 1287 1288]] [99 [1289 1290 1291 1292 1293 1294 1295 1296 1297 1298 1299 1300 1301]]]",,"[[{citizen 45} [[""A"" [3 3]]]] [{media 56} [[""A"" [3 3]]]] [{media 57} [[""A"" [3 3]]]] [{media 59} [[""A"" [3 3]]]] [{media 63} [[""A"" [3 3]]]] [{media 64} [[""A"" [3 3]]]] [{citizen 3} [[""A"" [3 3]]]] [{media 54} [[""A"" [3 3]]]] [{citizen 5} [[""A"" [3 3]]]] [{citizen 7} [[""A"" [3 3]]]] [{citizen 0} [[""A"" [3 3]]]] [{citizen 12} [[""A"" [3 3]]]] [{media 50} [[""A"" [3 3]]]] [{citizen 4} [[""A"" [3 3]]]] [{media 55} [[""A"" [3 3]]]] [{citizen 1} [[""A"" [3 3]]]] [{media 62} [[""A"" [3 3]]]] [{media 53} [[""A"" [3 3]]]] [{citizen 2} [[""A"" [3 3]]]] [{media 52} [[""A"" [3 3]]]] [{media 61} [[""A"" [3 3]]]] [{citizen 9} [[""A"" [3 3]]]] [{citizen 43} [[""A"" [3 3]]]] [{citizen 20} [[""A"" [3 3]]]] [{citizen 17} [[""A"" [3 3]]]] [{citizen 15} [[""A"" [3 3]]]] [{citizen 49} [[""A"" [3 3]]]] [{citizen 23} [[""A"" [3 3]]]] [{citizen 8} [[""A"" [3 3]]]] [{citizen 33} [[""A"" [3 3]]]] [{citizen 16} [[""A"" [3 3]]]] [{citizen 38} [[""A"" [3 3]]]] [{citizen 46} [[""A"" [3 3]]]] [{citizen 6} [[""A"" [3 3]]]] [{citizen 25} [[""A"" [3 3]]]] [{citizen 37} [[""A"" [3 3]]]] [{citizen 19} [[""A"" [3 3]]]] [{citizen 21} [[""A"" [3 3]]]] [{citizen 41} [[""A"" [3 3]]]] [{citizen 14} [[""A"" [3 3]]]] [{citizen 29} [[""A"" [3 3]]]] [{citizen 10} [[""A"" [3 3]]]] [{citizen 34} [[""A"" [3 3]]]] [{citizen 48} [[""A"" [3 3]]]] [{citizen 31} [[""A"" [3 3]]]] [{citizen 27} [[""A"" [3 3]]]] [{citizen 42} [[""A"" [3 3]]]] [{citizen 18} [[""A"" [3 3]]]] [{citizen 47} [[""A"" [3 3]]]] [{citizen 32} [[""A"" [3 3]]]] [{citizen 35} [[""A"" [3 3]]]] [{citizen 24} [[""A"" [3 3]]]] [{citizen 40} [[""A"" [3 3]]]] [{citizen 11} [[""A"" [3 3]]]] [{media 51} [[""A"" [3 3]]]] [{citizen 22} [[""A"" [3 3]]]] [{citizen 44} [[""A"" [3 3]]]] [{citizen 13} [[""A"" [3 3]]]] [{citizen 26} [[""A"" [3 3]]]] [{citizen 30} [[""A"" [3 3]]]] [{citizen 28} [[""A"" [3 3]]]] [{citizen 39} [[""A"" [3 3]]]]]"
"37","[128 0 127]","53.21739130434783","7.368536399164206","6.20224837424458","""circle""","""""","9.9","{breed citizens}","false","0.5","1","""up""",,"[[""ID"" 20] [""alpha"" 1] [""beta"" 1] [""malleable"" [""A""]] [""prior"" []] [""cont_tokens"" []] [""A"" 3]]","[[0 [0 1 2 3 4 6 7 8 9 10 13]] [1 [15 16 17 18 19 20 21 22 23 24 25 26 27]] [2 [28 29 30 31 32 33 34 35 36 37 38 39 40]] [3 [41 42 43 44 45 46 47 48 49 50 51 52 53]] [4 [54 55 56 57 58 59 60 61 62 63 64 65 66]] [5 [67 68 69 70 71 72 73 74 75 76 77 78 79]] [6 [80 81 82 83 84 85 86 87 88 89 90 91 92]] [7 [93 94 95 96 97 98 99 100 101 102 103 104 105]] [8 [106 107 108 109 110 111 112 113 114 115 116 117 118]] [9 [119 120 121 122 123 124 125 126 127 128 129 130 131]] [10 [132 133 134 135 136 137 138 139 140 141 142 143 144]] [11 [145 146 147 148 149 150 151 152 153 154 155 156 157]] [12 [158 159 160 161 162 163 164 165 166 167 168 169 170]] [13 [171 172 173 174 175 176 177 178 179 180 181 182 183]] [14 [184 185 186 187 188 189 190 191 192 193 194 195 196]] [15 [197 198 199 200 201 202 203 204 205 206 207 208 209]] [16 [210 211 212 213 214 215 216 217 218 219 220 221 222]] [17 [223 224 225 226 227 228 229 230 231 232 233 234 235]] [18 [236 237 238 239 240 241 242 243 244 245 246 247 248]] [19 [249 250 251 252 253 254 255 256 257 258 259 260 261]] [20 [262 263 264 265 266 267 268 269 270 271 272 273 274]] [21 [275 276 277 278 279 280 281 282 283 284 285 286 287]] [22 [288 289 290 291 292 293 294 295 296 297 298 299 300]] [23 [301 302 303 304 305 306 307 308 309 310 311 312 313]] [24 [314 315 316 317 318 319 320 321 322 323 324 325 326]] [25 [327 328 329 330 331 332 333 334 335 336 337 338 339]] [26 [340 341 342 343 344 345 346 347 348 349 350 351 352]] [27 [353 354 355 356 357 358 359 360 361 362 363 364 365]] [28 [366 367 368 369 370 371 372 373 374 375 376 377 378]] [29 [379 380 381 382 383 384 385 386 387 388 389 390 391]] [30 [392 393 394 395 396 397 398 399 400 401 402 403 404]] [31 [405 406 407 408 409 410 411 412 413 414 415 416 417]] [32 [418 419 420 421 422 423 424 425 426 427 428 429 430]] [33 [431 432 433 434 435 436 437 438 439 440 441 442 443]] [34 [444 445 446 447 448 449 450 451 452 453 454 455 456]] [35 [457 458 459 460 461 462 463 464 465 466 467 468 469]] [36 [470 471 472 473 474 475 476 477 478 479 480 481 482]] [37 [483 484 485 486 487 488 489 490 491 492 493 494 495]] [38 [496 497 498 499 500 501 502 503 504 505 506 507 508]] [39 [509 510 511 512 513 514 515 516 517 518 519 520 521]] [40 [522 523 524 525 526 527 528 529 530 531 532 533 534]] [41 [535 536 537 538 539 540 541 542 543 544 545 546 547]] [42 [548 549 550 551 552 553 554 555 556 557 558 559 560]] [43 [561 562 563 564 565 566 567 568 569 570 571 572 573]] [44 [574 575 576 577 578 579 580 581 582 583 584 585 586]] [45 [587 588 589 590 591 592 593 594 595 596 597 598 599]] [46 [600 601 602 603 604 605 606 607 608 609 610 611 612]] [47 [613 614 615 616 617 618 619 620 621 622 623 624 625]] [48 [626 627 628 629 630 631 632 633 634 635 636 637 638]] [49 [639 640 641 642 643 644 645 646 647 648 649 650 651]] [50 [652 653 654 655 656 657 658 659 660 661 662 663 664]] [51 [665 666 667 668 669 670 671 672 673 674 675 676 677]] [52 [678 679 680 681 682 683 684 685 686 687 688 689 690]] [53 [691 692 693 694 695 696 697 698 699 700 701 702 703]] [54 [704 705 706 707 708 709 710 711 712 713 714 715 716]] [55 [717 718 719 720 721 722 723 724 725 726 727 728 729]] [56 [730 731 732 733 734 735 736 737 738 739 740 741 742]] [57 [743 744 745 746 747 748 749 750 751 752 753 754 755]] [58 [756 757 758 759 760 761 762 763 764 765 766 767 768]] [59 [769 770 771 772 773 774 775 776 777 778 779 780 781]] [60 [782 783 784 785 786 787 788 789 790 791 792 793 794]] [61 [795 796 797 798 799 800 801 802 803 804 805 806 807]] [62 [808 809 810 811 812 813 814 815 816 817 818 819 820]] [63 [821 822 823 824 825 826 827 828 829 830 831 832 833]] [64 [834 835 836 837 838 839 840 841 842 843 844 845 846]] [65 [847 848 849 850 851 852 853 854 855 856 857 858 859]] [66 [860 861 862 863 864 865 866 867 868 869 870 871 872]] [67 [873 874 875 876 877 878 879 880 881 882 883 884 885]] [68 [886 887 888 889 890 891 892 893 894 895 896 897 898]] [69 [899 900 901 902 903 904 905 906 907 908 909 910 911]] [70 [912 913 914 915 916 917 918 919 920 921 922 923 924]] [71 [925 926 927 928 929 930 931 932 933 934 935 936 937]] [72 [938 939 940 941 942 943 944 945 946 947 948 949 950]] [73 [951 952 953 954 955 956 957 958 959 960 961 962 963]] [74 [964 965 966 967 968 969 970 971 972 973 974 975 976]] [75 [977 978 979 980 981 982 983 984 985 986 987 988 989]] [76 [990 991 992 993 994 995 996 997 998 999 1000 1001 1002]] [77 [1003 1004 1005 1006 1007 1008 1009 1010 1011 1012 1013 1014 1015]] [78 [1016 1017 1018 1019 1020 1021 1022 1023 1024 1025 1026 1027 1028]] [79 [1029 1030 1031 1032 1033 1034 1035 1036 1037 1038 1039 1040 1041]] [80 [1042 1043 1044 1045 1046 1047 1048 1049 1050 1051 1052 1053 1054]] [81 [1055 1056 1057 1058 1059 1060 1061 1062 1063 1064 1065 1066 1067]] [82 [1068 1069 1070 1071 1072 1073 1074 1075 1076 1077 1078 1079 1080]] [83 [1081 1082 1083 1084 1085 1086 1087 1088 1089 1090 1091 1092 1093]] [84 [1094 1095 1096 1097 1098 1099 1100 1101 1102 1103 1104 1105 1106]] [85 [1107 1108 1109 1110 1111 1112 1113 1114 1115 1116 1117 1118 1119]] [86 [1120 1121 1122 1123 1124 1125 1126 1127 1128 1129 1130 1131 1132]] [87 [1133 1134 1135 1136 1137 1138 1139 1140 1141 1142 1143 1144 1145]] [88 [1146 1147 1148 1149 1150 1151 1152 1153 1154 1155 1156 1157 1158]] [89 [1159 1160 1161 1162 1163 1164 1165 1166 1167 1168 1169 1170 1171]] [90 [1172 1173 1174 1175 1176 1177 1178 1179 1180 1181 1182 1183 1184]] [91 [1185 1186 1187 1188 1189 1190 1191 1192 1193 1194 1195 1196 1197]] [92 [1198 1199 1200 1201 1202 1203 1204 1205 1206 1207 1208 1209 1210]] [93 [1211 1212 1213 1214 1215 1216 1217 1218 1219 1220 1221 1222 1223]] [94 [1224 1225 1226 1227 1228 1229 1230 1231 1232 1233 1234 1235 1236]] [95 [1237 1238 1239 1240 1241 1242 1243 1244 1245 1246 1247 1248 1249]] [96 [1250 1251 1252 1253 1254 1255 1256 1257 1258 1259 1260 1261 1262]] [97 [1263 1264 1265 1266 1267 1268 1269 1270 1271 1272 1273 1274 1275]] [98 [1276 1277 1278 1279 1280 1281 1282 1283 1284 1285 1286 1287 1288]] [99 [1289 1290 1291 1292 1293 1294 1295 1296 1297 1298 1299 1300 1301]]]","[[0 [0 1 2 3 4 6 7 8 9 10 13]] [1 [15 16 17 18 19 20 21 22 23 24 25 26 27]] [2 [28 29 30 31 32 33 34 35 36 37 38 39 40]] [3 [41 42 43 44 45 46 47 48 49 50 51 52 53]] [4 [54 55 56 57 58 59 60 61 62 63 64 65 66]] [5 [67 68 69 70 71 72 73 74 75 76 77 78 79]] [6 [80 81 82 83 84 85 86 87 88 89 90 91 92]] [7 [93 94 95 96 97 98 99 100 101 102 103 104 105]] [8 [106 107 108 109 110 111 112 113 114 115 116 117 118]] [9 [119 120 121 122 123 124 125 126 127 128 129 130 131]] [10 [132 133 134 135 136 137 138 139 140 141 142 143 144]] [11 [145 146 147 148 149 150 151 152 153 154 155 156 157]] [12 [158 159 160 161 162 163 164 165 166 167 168 169 170]] [13 [171 172 173 174 175 176 177 178 179 180 181 182 183]] [14 [184 185 186 187 188 189 190 191 192 193 194 195 196]] [15 [197 198 199 200 201 202 203 204 205 206 207 208 209]] [16 [210 211 212 213 214 215 216 217 218 219 220 221 222]] [17 [223 224 225 226 227 228 229 230 231 232 233 234 235]] [18 [236 237 238 239 240 241 242 243 244 245 246 247 248]] [19 [249 250 251 252 253 254 255 256 257 258 259 260 261]] [20 [262 263 264 265 266 267 268 269 270 271 272 273 274]] [21 [275 276 277 278 279 280 281 282 283 284 285 286 287]] [22 [288 289 290 291 292 293 294 295 296 297 298 299 300]] [23 [301 302 303 304 305 306 307 308 309 310 311 312 313]] [24 [314 315 316 317 318 319 320 321 322 323 324 325 326]] [25 [327 328 329 330 331 332 333 334 335 336 337 338 339]] [26 [340 341 342 343 344 345 346 347 348 349 350 351 352]] [27 [353 354 355 356 357 358 359 360 361 362 363 364 365]] [28 [366 367 368 369 370 371 372 373 374 375 376 377 378]] [29 [379 380 381 382 383 384 385 386 387 388 389 390 391]] [30 [392 393 394 395 396 397 398 399 400 401 402 403 404]] [31 [405 406 407 408 409 410 411 412 413 414 415 416 417]] [32 [418 419 420 421 422 423 424 425 426 427 428 429 430]] [33 [431 432 433 434 435 436 437 438 439 440 441 442 443]] [34 [444 445 446 447 448 449 450 451 452 453 454 455 456]] [35 [457 458 459 460 461 462 463 464 465 466 467 468 469]] [36 [470 471 472 473 474 475 476 477 478 479 480 481 482]] [37 [483 484 485 486 487 488 489 490 491 492 493 494 495]] [38 [496 497 498 499 500 501 502 503 504 505 506 507 508]] [39 [509 510 511 512 513 514 515 516 517 518 519 520 521]] [40 [522 523 524 525 526 527 528 529 530 531 532 533 534]] [41 [535 536 537 538 539 540 541 542 543 544 545 546 547]] [42 [548 549 550 551 552 553 554 555 556 557 558 559 560]] [43 [561 562 563 564 565 566 567 568 569 570 571 572 573]] [44 [574 575 576 577 578 579 580 581 582 583 584 585 586]] [45 [587 588 589 590 591 592 593 594 595 596 597 598 599]] [46 [600 601 602 603 604 605 606 607 608 609 610 611 612]] [47 [613 614 615 616 617 618 619 620 621 622 623 624 625]] [48 [626 627 628 629 630 631 632 633 634 635 636 637 638]] [49 [639 640 641 642 643 644 645 646 647 648 649 650 651]] [50 [652 653 654 655 656 657 658 659 660 661 662 663 664]] [51 [665 666 667 668 669 670 671 672 673 674 675 676 677]] [52 [678 679 680 681 682 683 684 685 686 687 688 689 690]] [53 [691 692 693 694 695 696 697 698 699 700 701 702 703]] [54 [704 705 706 707 708 709 710 711 712 713 714 715 716]] [55 [717 718 719 720 721 722 723 724 725 726 727 728 729]] [56 [730 731 732 733 734 735 736 737 738 739 740 741 742]] [57 [743 744 745 746 747 748 749 750 751 752 753 754 755]] [58 [756 757 758 759 760 761 762 763 764 765 766 767 768]] [59 [769 770 771 772 773 774 775 776 777 778 779 780 781]] [60 [782 783 784 785 786 787 788 789 790 791 792 793 794]] [61 [795 796 797 798 799 800 801 802 803 804 805 806 807]] [62 [808 809 810 811 812 813 814 815 816 817 818 819 820]] [63 [821 822 823 824 825 826 827 828 829 830 831 832 833]] [64 [834 835 836 837 838 839 840 841 842 843 844 845 846]] [65 [847 848 849 850 851 852 853 854 855 856 857 858 859]] [66 [860 861 862 863 864 865 866 867 868 869 870 871 872]] [67 [873 874 875 876 877 878 879 880 881 882 883 884 885]] [68 [886 887 888 889 890 891 892 893 894 895 896 897 898]] [69 [899 900 901 902 903 904 905 906 907 908 909 910 911]] [70 [912 913 914 915 916 917 918 919 920 921 922 923 924]] [71 [925 926 927 928 929 930 931 932 933 934 935 936 937]] [72 [938 939 940 941 942 943 944 945 946 947 948 949 950]] [73 [951 952 953 954 955 956 957 958 959 960 961 962 963]] [74 [964 965 966 967 968 969 970 971 972 973 974 975 976]] [75 [977 978 979 980 981 982 983 984 985 986 987 988 989]] [76 [990 991 992 993 994 995 996 997 998 999 1000 1001 1002]] [77 [1003 1004 1005 1006 1007 1008 1009 1010 1011 1012 1013 1014 1015]] [78 [1016 1017 1018 1019 1020 1021 1022 1023 1024 1025 1026 1027 1028]] [79 [1029 1030 1031 1032 1033 1034 1035 1036 1037 1038 1039 1040 1041]] [80 [1042 1043 1044 1045 1046 1047 1048 1049 1050 1051 1052 1053 1054]] [81 [1055 1056 1057 1058 1059 1060 1061 1062 1063 1064 1065 1066 1067]] [82 [1068 1069 1070 1071 1072 1073 1074 1075 1076 1077 1078 1079 1080]] [83 [1081 1082 1083 1084 1085 1086 1087 1088 1089 1090 1091 1092 1093]] [84 [1094 1095 1096 1097 1098 1099 1100 1101 1102 1103 1104 1105 1106]] [85 [1107 1108 1109 1110 1111 1112 1113 1114 1115 1116 1117 1118 1119]] [86 [1120 1121 1122 1123 1124 1125 1126 1127 1128 1129 1130 1131 1132]] [87 [1133 1134 1135 1136 1137 1138 1139 1140 1141 1142 1143 1144 1145]] [88 [1146 1147 1148 1149 1150 1151 1152 1153 1154 1155 1156 1157 1158]] [89 [1159 1160 1161 1162 1163 1164 1165 1166 1167 1168 1169 1170 1171]] [90 [1172 1173 1174 1175 1176 1177 1178 1179 1180 1181 1182 1183 1184]] [91 [1185 1186 1187 1188 1189 1190 1191 1192 1193 1194 1195 1196 1197]] [92 [1198 1199 1200 1201 1202 1203 1204 1205 1206 1207 1208 1209 1210]] [93 [1211 1212 1213 1214 1215 1216 1217 1218 1219 1220 1221 1222 1223]] [94 [1224 1225 1226 1227 1228 1229 1230 1231 1232 1233 1234 1235 1236]] [95 [1237 1238 1239 1240 1241 1242 1243 1244 1245 1246 1247 1248 1249]] [96 [1250 1251 1252 1253 1254 1255 1256 1257 1258 1259 1260 1261 1262]] [97 [1263 1264 1265 1266 1267 1268 1269 1270 1271 1272 1273 1274 1275]] [98 [1276 1277 1278 1279 1280 1281 1282 1283 1284 1285 1286 1287 1288]] [99 [1289 1290 1291 1292 1293 1294 1295 1296 1297 1298 1299 1300 1301]]]",,"[[{citizen 42} [[""A"" [3 3]]]] [{media 53} [[""A"" [3 3]]]] [{media 54} [[""A"" [3 3]]]] [{media 56} [[""A"" [3 3]]]] [{media 62} [[""A"" [3 3]]]] [{media 63} [[""A"" [3 3]]]] [{media 64} [[""A"" [3 3]]]] [{media 59} [[""A"" [3 3]]]] [{citizen 8} [[""A"" [3 3]]]] [{citizen 10} [[""A"" [3 3]]]] [{citizen 29} [[""A"" [3 3]]]] [{citizen 5} [[""A"" [3 3]]]] [{citizen 7} [[""A"" [3 3]]]] [{citizen 19} [[""A"" [3 3]]]] [{citizen 23} [[""A"" [3 3]]]] [{media 57} [[""A"" [3 3]]]] [{media 50} [[""A"" [3 3]]]] [{citizen 0} [[""A"" [3 3]]]] [{citizen 16} [[""A"" [3 3]]]] [{citizen 27} [[""A"" [3 3]]]] [{citizen 4} [[""A"" [3 3]]]] [{media 55} [[""A"" [3 3]]]] [{citizen 1} [[""A"" [3 3]]]] [{citizen 14} [[""A"" [3 3]]]] [{media 52} [[""A"" [3 3]]]] [{media 61} [[""A"" [3 3]]]] [{citizen 9} [[""A"" [3 3]]]] [{citizen 12} [[""A"" [3 3]]]] [{citizen 43} [[""A"" [3 3]]]] [{citizen 3} [[""A"" [3 3]]]] [{citizen 45} [[""A"" [3 3]]]] [{citizen 20} [[""A"" [3 3]]]] [{citizen 17} [[""A"" [3 3]]]] [{citizen 36} [[""A"" [3 3]]]] [{citizen 15} [[""A"" [3 3]]]] [{citizen 49} [[""A"" [3 3]]]] [{citizen 33} [[""A"" [3 3]]]] [{citizen 38} [[""A"" [3 3]]]] [{citizen 46} [[""A"" [3 3]]]] [{citizen 2} [[""A"" [3 3]]]] [{citizen 6} [[""A"" [3 3]]]] [{citizen 25} [[""A"" [3 3]]]] [{citizen 21} [[""A"" [3 3]]]] [{citizen 35} [[""A"" [3 3]]]] [{citizen 22} [[""A"" [3 3]]]] [{citizen 32} [[""A"" [3 3]]]] [{citizen 31} [[""A"" [3 3]]]] [{citizen 11} [[""A"" [3 3]]]] [{citizen 41} [[""A"" [3 3]]]] [{citizen 34} [[""A"" [3 3]]]] [{citizen 48} [[""A"" [3 3]]]] [{media 51} [[""A"" [3 3]]]] [{citizen 40} [[""A"" [3 3]]]] [{citizen 18} [[""A"" [3 3]]]] [{citizen 44} [[""A"" [3 3]]]] [{citizen 13} [[""A"" [3 3]]]] [{citizen 24} [[""A"" [3 3]]]] [{citizen 47} [[""A"" [3 3]]]] [{citizen 39} [[""A"" [3 3]]]] [{citizen 30} [[""A"" [3 3]]]] [{citizen 26} [[""A"" [3 3]]]] [{citizen 28} [[""A"" [3 3]]]]]"
"38","[128 0 127]","221.73913043478262","-6.657323715171947","-7.352742780670779","""circle""","""""","9.9","{breed citizens}","false","0.5","1","""up""",,"[[""ID"" 17] [""alpha"" 1] [""beta"" 1] [""malleable"" [""A""]] [""prior"" []] [""cont_tokens"" []] [""A"" 3]]","[[0 [0 1 2 3 4 6 7 8 9 10 13]] [1 [15 16 17 18 19 20 21 22 23 24 25 26 27]] [2 [28 29 30 31 32 33 34 35 36 37 38 39 40]] [3 [41 42 43 44 45 46 47 48 49 50 51 52 53]] [4 [54 55 56 57 58 59 60 61 62 63 64 65 66]] [5 [67 68 69 70 71 72 73 74 75 76 77 78 79]] [6 [80 81 82 83 84 85 86 87 88 89 90 91 92]] [7 [93 94 95 96 97 98 99 100 101 102 103 104 105]] [8 [106 107 108 109 110 111 112 113 114 115 116 117 118]] [9 [119 120 121 122 123 124 125 126 127 128 129 130 131]] [10 [132 133 134 135 136 137 138 139 140 141 142 143 144]] [11 [145 146 147 148 149 150 151 152 153 154 155 156 157]] [12 [158 159 160 161 162 163 164 165 166 167 168 169 170]] [13 [171 172 173 174 175 176 177 178 179 180 181 182 183]] [14 [184 185 186 187 188 189 190 191 192 193 194 195 196]] [15 [197 198 199 200 201 202 203 204 205 206 207 208 209]] [16 [210 211 212 213 214 215 216 217 218 219 220 221 222]] [17 [223 224 225 226 227 228 229 230 231 232 233 234 235]] [18 [236 237 238 239 240 241 242 243 244 245 246 247 248]] [19 [249 250 251 252 253 254 255 256 257 258 259 260 261]] [20 [262 263 264 265 266 267 268 269 270 271 272 273 274]] [21 [275 276 277 278 279 280 281 282 283 284 285 286 287]] [22 [288 289 290 291 292 293 294 295 296 297 298 299 300]] [23 [301 302 303 304 305 306 307 308 309 310 311 312 313]] [24 [314 315 316 317 318 319 320 321 322 323 324 325 326]] [25 [327 328 329 330 331 332 333 334 335 336 337 338 339]] [26 [340 341 342 343 344 345 346 347 348 349 350 351 352]] [27 [353 354 355 356 357 358 359 360 361 362 363 364 365]] [28 [366 367 368 369 370 371 372 373 374 375 376 377 378]] [29 [379 380 381 382 383 384 385 386 387 388 389 390 391]] [30 [392 393 394 395 396 397 398 399 400 401 402 403 404]] [31 [405 406 407 408 409 410 411 412 413 414 415 416 417]] [32 [418 419 420 421 422 423 424 425 426 427 428 429 430]] [33 [431 432 433 434 435 436 437 438 439 440 441 442 443]] [34 [444 445 446 447 448 449 450 451 452 453 454 455 456]] [35 [457 458 459 460 461 462 463 464 465 466 467 468 469]] [36 [470 471 472 473 474 475 476 477 478 479 480 481 482]] [37 [483 484 485 486 487 488 489 490 491 492 493 494 495]] [38 [496 497 498 499 500 501 502 503 504 505 506 507 508]] [39 [509 510 511 512 513 514 515 516 517 518 519 520 521]] [40 [522 523 524 525 526 527 528 529 530 531 532 533 534]] [41 [535 536 537 538 539 540 541 542 543 544 545 546 547]] [42 [548 549 550 551 552 553 554 555 556 557 558 559 560]] [43 [561 562 563 564 565 566 567 568 569 570 571 572 573]] [44 [574 575 576 577 578 579 580 581 582 583 584 585 586]] [45 [587 588 589 590 591 592 593 594 595 596 597 598 599]] [46 [600 601 602 603 604 605 606 607 608 609 610 611 612]] [47 [613 614 615 616 617 618 619 620 621 622 623 624 625]] [48 [626 627 628 629 630 631 632 633 634 635 636 637 638]] [49 [639 640 641 642 643 644 645 646 647 648 649 650 651]] [50 [652 653 654 655 656 657 658 659 660 661 662 663 664]] [51 [665 666 667 668 669 670 671 672 673 674 675 676 677]] [52 [678 679 680 681 682 683 684 685 686 687 688 689 690]] [53 [691 692 693 694 695 696 697 698 699 700 701 702 703]] [54 [704 705 706 707 708 709 710 711 712 713 714 715 716]] [55 [717 718 719 720 721 722 723 724 725 726 727 728 729]] [56 [730 731 732 733 734 735 736 737 738 739 740 741 742]] [57 [743 744 745 746 747 748 749 750 751 752 753 754 755]] [58 [756 757 758 759 760 761 762 763 764 765 766 767 768]] [59 [769 770 771 772 773 774 775 776 777 778 779 780 781]] [60 [782 783 784 785 786 787 788 789 790 791 792 793 794]] [61 [795 796 797 798 799 800 801 802 803 804 805 806 807]] [62 [808 809 810 811 812 813 814 815 816 817 818 819 820]] [63 [821 822 823 824 825 826 827 828 829 830 831 832 833]] [64 [834 835 836 837 838 839 840 841 842 843 844 845 846]] [65 [847 848 849 850 851 852 853 854 855 856 857 858 859]] [66 [860 861 862 863 864 865 866 867 868 869 870 871 872]] [67 [873 874 875 876 877 878 879 880 881 882 883 884 885]] [68 [886 887 888 889 890 891 892 893 894 895 896 897 898]] [69 [899 900 901 902 903 904 905 906 907 908 909 910 911]] [70 [912 913 914 915 916 917 918 919 920 921 922 923 924]] [71 [925 926 927 928 929 930 931 932 933 934 935 936 937]] [72 [938 939 940 941 942 943 944 945 946 947 948 949 950]] [73 [951 952 953 954 955 956 957 958 959 960 961 962 963]] [74 [964 965 966 967 968 969 970 971 972 973 974 975 976]] [75 [977 978 979 980 981 982 983 984 985 986 987 988 989]] [76 [990 991 992 993 994 995 996 997 998 999 1000 1001 1002]] [77 [1003 1004 1005 1006 1007 1008 1009 1010 1011 1012 1013 1014 1015]] [78 [1016 1017 1018 1019 1020 1021 1022 1023 1024 1025 1026 1027 1028]] [79 [1029 1030 1031 1032 1033 1034 1035 1036 1037 1038 1039 1040 1041]] [80 [1042 1043 1044 1045 1046 1047 1048 1049 1050 1051 1052 1053 1054]] [81 [1055 1056 1057 1058 1059 1060 1061 1062 1063 1064 1065 1066 1067]] [82 [1068 1069 1070 1071 1072 1073 1074 1075 1076 1077 1078 1079 1080]] [83 [1081 1082 1083 1084 1085 1086 1087 1088 1089 1090 1091 1092 1093]] [84 [1094 1095 1096 1097 1098 1099 1100 1101 1102 1103 1104 1105 1106]] [85 [1107 1108 1109 1110 1111 1112 1113 1114 1115 1116 1117 1118 1119]] [86 [1120 1121 1122 1123 1124 1125 1126 1127 1128 1129 1130 1131 1132]] [87 [1133 1134 1135 1136 1137 1138 1139 1140 1141 1142 1143 1144 1145]] [88 [1146 1147 1148 1149 1150 1151 1152 1153 1154 1155 1156 1157 1158]] [89 [1159 1160 1161 1162 1163 1164 1165 1166 1167 1168 1169 1170 1171]] [90 [1172 1173 1174 1175 1176 1177 1178 1179 1180 1181 1182 1183 1184]] [91 [1185 1186 1187 1188 1189 1190 1191 1192 1193 1194 1195 1196 1197]] [92 [1198 1199 1200 1201 1202 1203 1204 1205 1206 1207 1208 1209 1210]] [93 [1211 1212 1213 1214 1215 1216 1217 1218 1219 1220 1221 1222 1223]] [94 [1224 1225 1226 1227 1228 1229 1230 1231 1232 1233 1234 1235 1236]] [95 [1237 1238 1239 1240 1241 1242 1243 1244 1245 1246 1247 1248 1249]] [96 [1250 1251 1252 1253 1254 1255 1256 1257 1258 1259 1260 1261 1262]] [97 [1263 1264 1265 1266 1267 1268 1269 1270 1271 1272 1273 1274 1275]] [98 [1276 1277 1278 1279 1280 1281 1282 1283 1284 1285 1286 1287 1288]] [99 [1289 1290 1291 1292 1293 1294 1295 1296 1297 1298 1299 1300 1301]]]","[[0 [0 1 2 3 4 6 7 8 9 10 13]] [1 [15 16 17 18 19 20 21 22 23 24 25 26 27]] [2 [28 29 30 31 32 33 34 35 36 37 38 39 40]] [3 [41 42 43 44 45 46 47 48 49 50 51 52 53]] [4 [54 55 56 57 58 59 60 61 62 63 64 65 66]] [5 [67 68 69 70 71 72 73 74 75 76 77 78 79]] [6 [80 81 82 83 84 85 86 87 88 89 90 91 92]] [7 [93 94 95 96 97 98 99 100 101 102 103 104 105]] [8 [106 107 108 109 110 111 112 113 114 115 116 117 118]] [9 [119 120 121 122 123 124 125 126 127 128 129 130 131]] [10 [132 133 134 135 136 137 138 139 140 141 142 143 144]] [11 [145 146 147 148 149 150 151 152 153 154 155 156 157]] [12 [158 159 160 161 162 163 164 165 166 167 168 169 170]] [13 [171 172 173 174 175 176 177 178 179 180 181 182 183]] [14 [184 185 186 187 188 189 190 191 192 193 194 195 196]] [15 [197 198 199 200 201 202 203 204 205 206 207 208 209]] [16 [210 211 212 213 214 215 216 217 218 219 220 221 222]] [17 [223 224 225 226 227 228 229 230 231 232 233 234 235]] [18 [236 237 238 239 240 241 242 243 244 245 246 247 248]] [19 [249 250 251 252 253 254 255 256 257 258 259 260 261]] [20 [262 263 264 265 266 267 268 269 270 271 272 273 274]] [21 [275 276 277 278 279 280 281 282 283 284 285 286 287]] [22 [288 289 290 291 292 293 294 295 296 297 298 299 300]] [23 [301 302 303 304 305 306 307 308 309 310 311 312 313]] [24 [314 315 316 317 318 319 320 321 322 323 324 325 326]] [25 [327 328 329 330 331 332 333 334 335 336 337 338 339]] [26 [340 341 342 343 344 345 346 347 348 349 350 351 352]] [27 [353 354 355 356 357 358 359 360 361 362 363 364 365]] [28 [366 367 368 369 370 371 372 373 374 375 376 377 378]] [29 [379 380 381 382 383 384 385 386 387 388 389 390 391]] [30 [392 393 394 395 396 397 398 399 400 401 402 403 404]] [31 [405 406 407 408 409 410 411 412 413 414 415 416 417]] [32 [418 419 420 421 422 423 424 425 426 427 428 429 430]] [33 [431 432 433 434 435 436 437 438 439 440 441 442 443]] [34 [444 445 446 447 448 449 450 451 452 453 454 455 456]] [35 [457 458 459 460 461 462 463 464 465 466 467 468 469]] [36 [470 471 472 473 474 475 476 477 478 479 480 481 482]] [37 [483 484 485 486 487 488 489 490 491 492 493 494 495]] [38 [496 497 498 499 500 501 502 503 504 505 506 507 508]] [39 [509 510 511 512 513 514 515 516 517 518 519 520 521]] [40 [522 523 524 525 526 527 528 529 530 531 532 533 534]] [41 [535 536 537 538 539 540 541 542 543 544 545 546 547]] [42 [548 549 550 551 552 553 554 555 556 557 558 559 560]] [43 [561 562 563 564 565 566 567 568 569 570 571 572 573]] [44 [574 575 576 577 578 579 580 581 582 583 584 585 586]] [45 [587 588 589 590 591 592 593 594 595 596 597 598 599]] [46 [600 601 602 603 604 605 606 607 608 609 610 611 612]] [47 [613 614 615 616 617 618 619 620 621 622 623 624 625]] [48 [626 627 628 629 630 631 632 633 634 635 636 637 638]] [49 [639 640 641 642 643 644 645 646 647 648 649 650 651]] [50 [652 653 654 655 656 657 658 659 660 661 662 663 664]] [51 [665 666 667 668 669 670 671 672 673 674 675 676 677]] [52 [678 679 680 681 682 683 684 685 686 687 688 689 690]] [53 [691 692 693 694 695 696 697 698 699 700 701 702 703]] [54 [704 705 706 707 708 709 710 711 712 713 714 715 716]] [55 [717 718 719 720 721 722 723 724 725 726 727 728 729]] [56 [730 731 732 733 734 735 736 737 738 739 740 741 742]] [57 [743 744 745 746 747 748 749 750 751 752 753 754 755]] [58 [756 757 758 759 760 761 762 763 764 765 766 767 768]] [59 [769 770 771 772 773 774 775 776 777 778 779 780 781]] [60 [782 783 784 785 786 787 788 789 790 791 792 793 794]] [61 [795 796 797 798 799 800 801 802 803 804 805 806 807]] [62 [808 809 810 811 812 813 814 815 816 817 818 819 820]] [63 [821 822 823 824 825 826 827 828 829 830 831 832 833]] [64 [834 835 836 837 838 839 840 841 842 843 844 845 846]] [65 [847 848 849 850 851 852 853 854 855 856 857 858 859]] [66 [860 861 862 863 864 865 866 867 868 869 870 871 872]] [67 [873 874 875 876 877 878 879 880 881 882 883 884 885]] [68 [886 887 888 889 890 891 892 893 894 895 896 897 898]] [69 [899 900 901 902 903 904 905 906 907 908 909 910 911]] [70 [912 913 914 915 916 917 918 919 920 921 922 923 924]] [71 [925 926 927 928 929 930 931 932 933 934 935 936 937]] [72 [938 939 940 941 942 943 944 945 946 947 948 949 950]] [73 [951 952 953 954 955 956 957 958 959 960 961 962 963]] [74 [964 965 966 967 968 969 970 971 972 973 974 975 976]] [75 [977 978 979 980 981 982 983 984 985 986 987 988 989]] [76 [990 991 992 993 994 995 996 997 998 999 1000 1001 1002]] [77 [1003 1004 1005 1006 1007 1008 1009 1010 1011 1012 1013 1014 1015]] [78 [1016 1017 1018 1019 1020 1021 1022 1023 1024 1025 1026 1027 1028]] [79 [1029 1030 1031 1032 1033 1034 1035 1036 1037 1038 1039 1040 1041]] [80 [1042 1043 1044 1045 1046 1047 1048 1049 1050 1051 1052 1053 1054]] [81 [1055 1056 1057 1058 1059 1060 1061 1062 1063 1064 1065 1066 1067]] [82 [1068 1069 1070 1071 1072 1073 1074 1075 1076 1077 1078 1079 1080]] [83 [1081 1082 1083 1084 1085 1086 1087 1088 1089 1090 1091 1092 1093]] [84 [1094 1095 1096 1097 1098 1099 1100 1101 1102 1103 1104 1105 1106]] [85 [1107 1108 1109 1110 1111 1112 1113 1114 1115 1116 1117 1118 1119]] [86 [1120 1121 1122 1123 1124 1125 1126 1127 1128 1129 1130 1131 1132]] [87 [1133 1134 1135 1136 1137 1138 1139 1140 1141 1142 1143 1144 1145]] [88 [1146 1147 1148 1149 1150 1151 1152 1153 1154 1155 1156 1157 1158]] [89 [1159 1160 1161 1162 1163 1164 1165 1166 1167 1168 1169 1170 1171]] [90 [1172 1173 1174 1175 1176 1177 1178 1179 1180 1181 1182 1183 1184]] [91 [1185 1186 1187 1188 1189 1190 1191 1192 1193 1194 1195 1196 1197]] [92 [1198 1199 1200 1201 1202 1203 1204 1205 1206 1207 1208 1209 1210]] [93 [1211 1212 1213 1214 1215 1216 1217 1218 1219 1220 1221 1222 1223]] [94 [1224 1225 1226 1227 1228 1229 1230 1231 1232 1233 1234 1235 1236]] [95 [1237 1238 1239 1240 1241 1242 1243 1244 1245 1246 1247 1248 1249]] [96 [1250 1251 1252 1253 1254 1255 1256 1257 1258 1259 1260 1261 1262]] [97 [1263 1264 1265 1266 1267 1268 1269 1270 1271 1272 1273 1274 1275]] [98 [1276 1277 1278 1279 1280 1281 1282 1283 1284 1285 1286 1287 1288]] [99 [1289 1290 1291 1292 1293 1294 1295 1296 1297 1298 1299 1300 1301]]]",,"[[{media 56} [[""A"" [3 3]]]] [{media 57} [[""A"" [3 3]]]] [{media 59} [[""A"" [3 3]]]] [{media 63} [[""A"" [3 3]]]] [{media 64} [[""A"" [3 3]]]] [{citizen 8} [[""A"" [3 3]]]] [{citizen 17} [[""A"" [3 3]]]] [{citizen 24} [[""A"" [3 3]]]] [{media 54} [[""A"" [3 3]]]] [{citizen 5} [[""A"" [3 3]]]] [{media 50} [[""A"" [3 3]]]] [{citizen 0} [[""A"" [3 3]]]] [{citizen 16} [[""A"" [3 3]]]] [{media 55} [[""A"" [3 3]]]] [{citizen 1} [[""A"" [3 3]]]] [{media 62} [[""A"" [3 3]]]] [{media 53} [[""A"" [3 3]]]] [{citizen 2} [[""A"" [3 3]]]] [{citizen 12} [[""A"" [3 3]]]] [{media 52} [[""A"" [3 3]]]] [{citizen 3} [[""A"" [3 3]]]] [{media 61} [[""A"" [3 3]]]] [{citizen 9} [[""A"" [3 3]]]] [{citizen 4} [[""A"" [3 3]]]] [{citizen 43} [[""A"" [3 3]]]] [{citizen 45} [[""A"" [3 3]]]] [{citizen 20} [[""A"" [3 3]]]] [{citizen 36} [[""A"" [3 3]]]] [{citizen 37} [[""A"" [3 3]]]] [{citizen 10} [[""A"" [3 3]]]] [{citizen 31} [[""A"" [3 3]]]] [{citizen 14} [[""A"" [3 3]]]] [{citizen 42} [[""A"" [3 3]]]] [{citizen 27} [[""A"" [3 3]]]] [{citizen 33} [[""A"" [3 3]]]] [{citizen 40} [[""A"" [3 3]]]] [{citizen 7} [[""A"" [3 3]]]] [{citizen 19} [[""A"" [3 3]]]] [{citizen 34} [[""A"" [3 3]]]] [{citizen 15} [[""A"" [3 3]]]] [{citizen 49} [[""A"" [3 3]]]] [{citizen 23} [[""A"" [3 3]]]] [{citizen 21} [[""A"" [3 3]]]] [{citizen 41} [[""A"" [3 3]]]] [{citizen 29} [[""A"" [3 3]]]] [{citizen 48} [[""A"" [3 3]]]] [{citizen 18} [[""A"" [3 3]]]] [{citizen 47} [[""A"" [3 3]]]] [{citizen 32} [[""A"" [3 3]]]] [{citizen 35} [[""A"" [3 3]]]] [{citizen 11} [[""A"" [3 3]]]] [{media 51} [[""A"" [3 3]]]] [{citizen 22} [[""A"" [3 3]]]] [{citizen 30} [[""A"" [3 3]]]] [{citizen 46} [[""A"" [3 3]]]] [{citizen 44} [[""A"" [3 3]]]] [{citizen 25} [[""A"" [3 3]]]] [{citizen 13} [[""A"" [3 3]]]] [{citizen 39} [[""A"" [3 3]]]] [{citizen 6} [[""A"" [3 3]]]] [{citizen 26} [[""A"" [3 3]]]] [{citizen 28} [[""A"" [3 3]]]]]"
"39","[128 0 127]","316.9565217391305","-3.937806961391675","3.8391148931697225","""circle""","""""","9.9","{breed citizens}","false","0.5","1","""up""",,"[[""ID"" 25] [""alpha"" 1] [""beta"" 1] [""malleable"" [""A""]] [""prior"" []] [""cont_tokens"" []] [""A"" 3]]","[[0 [0 1 2 3 4 6 7 8 9 10 13]] [1 [15 16 17 18 19 20 21 22 23 24 25 26 27]] [2 [28 29 30 31 32 33 34 35 36 37 38 39 40]] [3 [41 42 43 44 45 46 47 48 49 50 51 52 53]] [4 [54 55 56 57 58 59 60 61 62 63 64 65 66]] [5 [67 68 69 70 71 72 73 74 75 76 77 78 79]] [6 [80 81 82 83 84 85 86 87 88 89 90 91 92]] [7 [93 94 95 96 97 98 99 100 101 102 103 104 105]] [8 [106 107 108 109 110 111 112 113 114 115 116 117 118]] [9 [119 120 121 122 123 124 125 126 127 128 129 130 131]] [10 [132 133 134 135 136 137 138 139 140 141 142 143 144]] [11 [145 146 147 148 149 150 151 152 153 154 155 156 157]] [12 [158 159 160 161 162 163 164 165 166 167 168 169 170]] [13 [171 172 173 174 175 176 177 178 179 180 181 182 183]] [14 [184 185 186 187 188 189 190 191 192 193 194 195 196]] [15 [197 198 199 200 201 202 203 204 205 206 207 208 209]] [16 [210 211 212 213 214 215 216 217 218 219 220 221 222]] [17 [223 224 225 226 227 228 229 230 231 232 233 234 235]] [18 [236 237 238 239 240 241 242 243 244 245 246 247 248]] [19 [249 250 251 252 253 254 255 256 257 258 259 260 261]] [20 [262 263 264 265 266 267 268 269 270 271 272 273 274]] [21 [275 276 277 278 279 280 281 282 283 284 285 286 287]] [22 [288 289 290 291 292 293 294 295 296 297 298 299 300]] [23 [301 302 303 304 305 306 307 308 309 310 311 312 313]] [24 [314 315 316 317 318 319 320 321 322 323 324 325 326]] [25 [327 328 329 330 331 332 333 334 335 336 337 338 339]] [26 [340 341 342 343 344 345 346 347 348 349 350 351 352]] [27 [353 354 355 356 357 358 359 360 361 362 363 364 365]] [28 [366 367 368 369 370 371 372 373 374 375 376 377 378]] [29 [379 380 381 382 383 384 385 386 387 388 389 390 391]] [30 [392 393 394 395 396 397 398 399 400 401 402 403 404]] [31 [405 406 407 408 409 410 411 412 413 414 415 416 417]] [32 [418 419 420 421 422 423 424 425 426 427 428 429 430]] [33 [431 432 433 434 435 436 437 438 439 440 441 442 443]] [34 [444 445 446 447 448 449 450 451 452 453 454 455 456]] [35 [457 458 459 460 461 462 463 464 465 466 467 468 469]] [36 [470 471 472 473 474 475 476 477 478 479 480 481 482]] [37 [483 484 485 486 487 488 489 490 491 492 493 494 495]] [38 [496 497 498 499 500 501 502 503 504 505 506 507 508]] [39 [509 510 511 512 513 514 515 516 517 518 519 520 521]] [40 [522 523 524 525 526 527 528 529 530 531 532 533 534]] [41 [535 536 537 538 539 540 541 542 543 544 545 546 547]] [42 [548 549 550 551 552 553 554 555 556 557 558 559 560]] [43 [561 562 563 564 565 566 567 568 569 570 571 572 573]] [44 [574 575 576 577 578 579 580 581 582 583 584 585 586]] [45 [587 588 589 590 591 592 593 594 595 596 597 598 599]] [46 [600 601 602 603 604 605 606 607 608 609 610 611 612]] [47 [613 614 615 616 617 618 619 620 621 622 623 624 625]] [48 [626 627 628 629 630 631 632 633 634 635 636 637 638]] [49 [639 640 641 642 643 644 645 646 647 648 649 650 651]] [50 [652 653 654 655 656 657 658 659 660 661 662 663 664]] [51 [665 666 667 668 669 670 671 672 673 674 675 676 677]] [52 [678 679 680 681 682 683 684 685 686 687 688 689 690]] [53 [691 692 693 694 695 696 697 698 699 700 701 702 703]] [54 [704 705 706 707 708 709 710 711 712 713 714 715 716]] [55 [717 718 719 720 721 722 723 724 725 726 727 728 729]] [56 [730 731 732 733 734 735 736 737 738 739 740 741 742]] [57 [743 744 745 746 747 748 749 750 751 752 753 754 755]] [58 [756 757 758 759 760 761 762 763 764 765 766 767 768]] [59 [769 770 771 772 773 774 775 776 777 778 779 780 781]] [60 [782 783 784 785 786 787 788 789 790 791 792 793 794]] [61 [795 796 797 798 799 800 801 802 803 804 805 806 807]] [62 [808 809 810 811 812 813 814 815 816 817 818 819 820]] [63 [821 822 823 824 825 826 827 828 829 830 831 832 833]] [64 [834 835 836 837 838 839 840 841 842 843 844 845 846]] [65 [847 848 849 850 851 852 853 854 855 856 857 858 859]] [66 [860 861 862 863 864 865 866 867 868 869 870 871 872]] [67 [873 874 875 876 877 878 879 880 881 882 883 884 885]] [68 [886 887 888 889 890 891 892 893 894 895 896 897 898]] [69 [899 900 901 902 903 904 905 906 907 908 909 910 911]] [70 [912 913 914 915 916 917 918 919 920 921 922 923 924]] [71 [925 926 927 928 929 930 931 932 933 934 935 936 937]] [72 [938 939 940 941 942 943 944 945 946 947 948 949 950]] [73 [951 952 953 954 955 956 957 958 959 960 961 962 963]] [74 [964 965 966 967 968 969 970 971 972 973 974 975 976]] [75 [977 978 979 980 981 982 983 984 985 986 987 988 989]] [76 [990 991 992 993 994 995 996 997 998 999 1000 1001 1002]] [77 [1003 1004 1005 1006 1007 1008 1009 1010 1011 1012 1013 1014 1015]] [78 [1016 1017 1018 1019 1020 1021 1022 1023 1024 1025 1026 1027 1028]] [79 [1029 1030 1031 1032 1033 1034 1035 1036 1037 1038 1039 1040 1041]] [80 [1042 1043 1044 1045 1046 1047 1048 1049 1050 1051 1052 1053 1054]] [81 [1055 1056 1057 1058 1059 1060 1061 1062 1063 1064 1065 1066 1067]] [82 [1068 1069 1070 1071 1072 1073 1074 1075 1076 1077 1078 1079 1080]] [83 [1081 1082 1083 1084 1085 1086 1087 1088 1089 1090 1091 1092 1093]] [84 [1094 1095 1096 1097 1098 1099 1100 1101 1102 1103 1104 1105 1106]] [85 [1107 1108 1109 1110 1111 1112 1113 1114 1115 1116 1117 1118 1119]] [86 [1120 1121 1122 1123 1124 1125 1126 1127 1128 1129 1130 1131 1132]] [87 [1133 1134 1135 1136 1137 1138 1139 1140 1141 1142 1143 1144 1145]] [88 [1146 1147 1148 1149 1150 1151 1152 1153 1154 1155 1156 1157 1158]] [89 [1159 1160 1161 1162 1163 1164 1165 1166 1167 1168 1169 1170 1171]] [90 [1172 1173 1174 1175 1176 1177 1178 1179 1180 1181 1182 1183 1184]] [91 [1185 1186 1187 1188 1189 1190 1191 1192 1193 1194 1195 1196 1197]] [92 [1198 1199 1200 1201 1202 1203 1204 1205 1206 1207 1208 1209 1210]] [93 [1211 1212 1213 1214 1215 1216 1217 1218 1219 1220 1221 1222 1223]] [94 [1224 1225 1226 1227 1228 1229 1230 1231 1232 1233 1234 1235 1236]] [95 [1237 1238 1239 1240 1241 1242 1243 1244 1245 1246 1247 1248 1249]] [96 [1250 1251 1252 1253 1254 1255 1256 1257 1258 1259 1260 1261 1262]] [97 [1263 1264 1265 1266 1267 1268 1269 1270 1271 1272 1273 1274 1275]] [98 [1276 1277 1278 1279 1280 1281 1282 1283 1284 1285 1286 1287 1288]] [99 [1289 1290 1291 1292 1293 1294 1295 1296 1297 1298 1299 1300 1301]]]","[[0 [0 1 2 3 4 6 7 8 9 10 13]] [1 [15 16 17 18 19 20 21 22 23 24 25 26 27]] [2 [28 29 30 31 32 33 34 35 36 37 38 39 40]] [3 [41 42 43 44 45 46 47 48 49 50 51 52 53]] [4 [54 55 56 57 58 59 60 61 62 63 64 65 66]] [5 [67 68 69 70 71 72 73 74 75 76 77 78 79]] [6 [80 81 82 83 84 85 86 87 88 89 90 91 92]] [7 [93 94 95 96 97 98 99 100 101 102 103 104 105]] [8 [106 107 108 109 110 111 112 113 114 115 116 117 118]] [9 [119 120 121 122 123 124 125 126 127 128 129 130 131]] [10 [132 133 134 135 136 137 138 139 140 141 142 143 144]] [11 [145 146 147 148 149 150 151 152 153 154 155 156 157]] [12 [158 159 160 161 162 163 164 165 166 167 168 169 170]] [13 [171 172 173 174 175 176 177 178 179 180 181 182 183]] [14 [184 185 186 187 188 189 190 191 192 193 194 195 196]] [15 [197 198 199 200 201 202 203 204 205 206 207 208 209]] [16 [210 211 212 213 214 215 216 217 218 219 220 221 222]] [17 [223 224 225 226 227 228 229 230 231 232 233 234 235]] [18 [236 237 238 239 240 241 242 243 244 245 246 247 248]] [19 [249 250 251 252 253 254 255 256 257 258 259 260 261]] [20 [262 263 264 265 266 267 268 269 270 271 272 273 274]] [21 [275 276 277 278 279 280 281 282 283 284 285 286 287]] [22 [288 289 290 291 292 293 294 295 296 297 298 299 300]] [23 [301 302 303 304 305 306 307 308 309 310 311 312 313]] [24 [314 315 316 317 318 319 320 321 322 323 324 325 326]] [25 [327 328 329 330 331 332 333 334 335 336 337 338 339]] [26 [340 341 342 343 344 345 346 347 348 349 350 351 352]] [27 [353 354 355 356 357 358 359 360 361 362 363 364 365]] [28 [366 367 368 369 370 371 372 373 374 375 376 377 378]] [29 [379 380 381 382 383 384 385 386 387 388 389 390 391]] [30 [392 393 394 395 396 397 398 399 400 401 402 403 404]] [31 [405 406 407 408 409 410 411 412 413 414 415 416 417]] [32 [418 419 420 421 422 423 424 425 426 427 428 429 430]] [33 [431 432 433 434 435 436 437 438 439 440 441 442 443]] [34 [444 445 446 447 448 449 450 451 452 453 454 455 456]] [35 [457 458 459 460 461 462 463 464 465 466 467 468 469]] [36 [470 471 472 473 474 475 476 477 478 479 480 481 482]] [37 [483 484 485 486 487 488 489 490 491 492 493 494 495]] [38 [496 497 498 499 500 501 502 503 504 505 506 507 508]] [39 [509 510 511 512 513 514 515 516 517 518 519 520 521]] [40 [522 523 524 525 526 527 528 529 530 531 532 533 534]] [41 [535 536 537 538 539 540 541 542 543 544 545 546 547]] [42 [548 549 550 551 552 553 554 555 556 557 558 559 560]] [43 [561 562 563 564 565 566 567 568 569 570 571 572 573]] [44 [574 575 576 577 578 579 580 581 582 583 584 585 586]] [45 [587 588 589 590 591 592 593 594 595 596 597 598 599]] [46 [600 601 602 603 604 605 606 607 608 609 610 611 612]] [47 [613 614 615 616 617 618 619 620 621 622 623 624 625]] [48 [626 627 628 629 630 631 632 633 634 635 636 637 638]] [49 [639 640 641 642 643 644 645 646 647 648 649 650 651]] [50 [652 653 654 655 656 657 658 659 660 661 662 663 664]] [51 [665 666 667 668 669 670 671 672 673 674 675 676 677]] [52 [678 679 680 681 682 683 684 685 686 687 688 689 690]] [53 [691 692 693 694 695 696 697 698 699 700 701 702 703]] [54 [704 705 706 707 708 709 710 711 712 713 714 715 716]] [55 [717 718 719 720 721 722 723 724 725 726 727 728 729]] [56 [730 731 732 733 734 735 736 737 738 739 740 741 742]] [57 [743 744 745 746 747 748 749 750 751 752 753 754 755]] [58 [756 757 758 759 760 761 762 763 764 765 766 767 768]] [59 [769 770 771 772 773 774 775 776 777 778 779 780 781]] [60 [782 783 784 785 786 787 788 789 790 791 792 793 794]] [61 [795 796 797 798 799 800 801 802 803 804 805 806 807]] [62 [808 809 810 811 812 813 814 815 816 817 818 819 820]] [63 [821 822 823 824 825 826 827 828 829 830 831 832 833]] [64 [834 835 836 837 838 839 840 841 842 843 844 845 846]] [65 [847 848 849 850 851 852 853 854 855 856 857 858 859]] [66 [860 861 862 863 864 865 866 867 868 869 870 871 872]] [67 [873 874 875 876 877 878 879 880 881 882 883 884 885]] [68 [886 887 888 889 890 891 892 893 894 895 896 897 898]] [69 [899 900 901 902 903 904 905 906 907 908 909 910 911]] [70 [912 913 914 915 916 917 918 919 920 921 922 923 924]] [71 [925 926 927 928 929 930 931 932 933 934 935 936 937]] [72 [938 939 940 941 942 943 944 945 946 947 948 949 950]] [73 [951 952 953 954 955 956 957 958 959 960 961 962 963]] [74 [964 965 966 967 968 969 970 971 972 973 974 975 976]] [75 [977 978 979 980 981 982 983 984 985 986 987 988 989]] [76 [990 991 992 993 994 995 996 997 998 999 1000 1001 1002]] [77 [1003 1004 1005 1006 1007 1008 1009 1010 1011 1012 1013 1014 1015]] [78 [1016 1017 1018 1019 1020 1021 1022 1023 1024 1025 1026 1027 1028]] [79 [1029 1030 1031 1032 1033 1034 1035 1036 1037 1038 1039 1040 1041]] [80 [1042 1043 1044 1045 1046 1047 1048 1049 1050 1051 1052 1053 1054]] [81 [1055 1056 1057 1058 1059 1060 1061 1062 1063 1064 1065 1066 1067]] [82 [1068 1069 1070 1071 1072 1073 1074 1075 1076 1077 1078 1079 1080]] [83 [1081 1082 1083 1084 1085 1086 1087 1088 1089 1090 1091 1092 1093]] [84 [1094 1095 1096 1097 1098 1099 1100 1101 1102 1103 1104 1105 1106]] [85 [1107 1108 1109 1110 1111 1112 1113 1114 1115 1116 1117 1118 1119]] [86 [1120 1121 1122 1123 1124 1125 1126 1127 1128 1129 1130 1131 1132]] [87 [1133 1134 1135 1136 1137 1138 1139 1140 1141 1142 1143 1144 1145]] [88 [1146 1147 1148 1149 1150 1151 1152 1153 1154 1155 1156 1157 1158]] [89 [1159 1160 1161 1162 1163 1164 1165 1166 1167 1168 1169 1170 1171]] [90 [1172 1173 1174 1175 1176 1177 1178 1179 1180 1181 1182 1183 1184]] [91 [1185 1186 1187 1188 1189 1190 1191 1192 1193 1194 1195 1196 1197]] [92 [1198 1199 1200 1201 1202 1203 1204 1205 1206 1207 1208 1209 1210]] [93 [1211 1212 1213 1214 1215 1216 1217 1218 1219 1220 1221 1222 1223]] [94 [1224 1225 1226 1227 1228 1229 1230 1231 1232 1233 1234 1235 1236]] [95 [1237 1238 1239 1240 1241 1242 1243 1244 1245 1246 1247 1248 1249]] [96 [1250 1251 1252 1253 1254 1255 1256 1257 1258 1259 1260 1261 1262]] [97 [1263 1264 1265 1266 1267 1268 1269 1270 1271 1272 1273 1274 1275]] [98 [1276 1277 1278 1279 1280 1281 1282 1283 1284 1285 1286 1287 1288]] [99 [1289 1290 1291 1292 1293 1294 1295 1296 1297 1298 1299 1300 1301]]]",,"[[{media 50} [[""A"" [3 3]]]] [{media 52} [[""A"" [3 3]]]] [{media 55} [[""A"" [3 3]]]] [{media 56} [[""A"" [3 3]]]] [{media 57} [[""A"" [3 3]]]] [{media 59} [[""A"" [3 3]]]] [{media 63} [[""A"" [3 3]]]] [{citizen 3} [[""A"" [3 3]]]] [{citizen 4} [[""A"" [3 3]]]] [{citizen 5} [[""A"" [3 3]]]] [{media 54} [[""A"" [3 3]]]] [{citizen 0} [[""A"" [3 3]]]] [{media 64} [[""A"" [3 3]]]] [{citizen 1} [[""A"" [3 3]]]] [{media 62} [[""A"" [3 3]]]] [{media 53} [[""A"" [3 3]]]] [{citizen 2} [[""A"" [3 3]]]] [{media 61} [[""A"" [3 3]]]] [{citizen 9} [[""A"" [3 3]]]] [{citizen 12} [[""A"" [3 3]]]] [{citizen 43} [[""A"" [3 3]]]] [{citizen 45} [[""A"" [3 3]]]] [{citizen 20} [[""A"" [3 3]]]] [{citizen 17} [[""A"" [3 3]]]] [{citizen 36} [[""A"" [3 3]]]] [{citizen 37} [[""A"" [3 3]]]] [{citizen 10} [[""A"" [3 3]]]] [{citizen 31} [[""A"" [3 3]]]] [{citizen 14} [[""A"" [3 3]]]] [{citizen 42} [[""A"" [3 3]]]] [{citizen 27} [[""A"" [3 3]]]] [{citizen 33} [[""A"" [3 3]]]] [{citizen 40} [[""A"" [3 3]]]] [{citizen 7} [[""A"" [3 3]]]] [{citizen 19} [[""A"" [3 3]]]] [{citizen 34} [[""A"" [3 3]]]] [{citizen 16} [[""A"" [3 3]]]] [{citizen 38} [[""A"" [3 3]]]] [{citizen 24} [[""A"" [3 3]]]] [{citizen 15} [[""A"" [3 3]]]] [{citizen 49} [[""A"" [3 3]]]] [{citizen 23} [[""A"" [3 3]]]] [{citizen 8} [[""A"" [3 3]]]] [{citizen 46} [[""A"" [3 3]]]] [{citizen 21} [[""A"" [3 3]]]] [{citizen 41} [[""A"" [3 3]]]] [{citizen 29} [[""A"" [3 3]]]] [{citizen 48} [[""A"" [3 3]]]] [{citizen 18} [[""A"" [3 3]]]] [{citizen 11} [[""A"" [3 3]]]] [{media 51} [[""A"" [3 3]]]] [{citizen 35} [[""A"" [3 3]]]] [{citizen 22} [[""A"" [3 3]]]] [{citizen 32} [[""A"" [3 3]]]] [{citizen 44} [[""A"" [3 3]]]] [{citizen 13} [[""A"" [3 3]]]] [{citizen 47} [[""A"" [3 3]]]] [{citizen 25} [[""A"" [3 3]]]] [{citizen 26} [[""A"" [3 3]]]] [{citizen 30} [[""A"" [3 3]]]] [{citizen 6} [[""A"" [3 3]]]] [{citizen 28} [[""A"" [3 3]]]]]"
"40","[128 0 127]","142.82608695652175","6.021284655150892","-8.162124831410207","""circle""","""""","9.9","{breed citizens}","false","0.5","1","""up""",,"[[""ID"" 16] [""alpha"" 1] [""beta"" 1] [""malleable"" [""A""]] [""prior"" []] [""cont_tokens"" []] [""A"" 3]]","[[0 [0 1 2 3 4 6 7 8 9 10 13]] [1 [15 16 17 18 19 20 21 22 23 24 25 26 27]] [2 [28 29 30 31 32 33 34 35 36 37 38 39 40]] [3 [41 42 43 44 45 46 47 48 49 50 51 52 53]] [4 [54 55 56 57 58 59 60 61 62 63 64 65 66]] [5 [67 68 69 70 71 72 73 74 75 76 77 78 79]] [6 [80 81 82 83 84 85 86 87 88 89 90 91 92]] [7 [93 94 95 96 97 98 99 100 101 102 103 104 105]] [8 [106 107 108 109 110 111 112 113 114 115 116 117 118]] [9 [119 120 121 122 123 124 125 126 127 128 129 130 131]] [10 [132 133 134 135 136 137 138 139 140 141 142 143 144]] [11 [145 146 147 148 149 150 151 152 153 154 155 156 157]] [12 [158 159 160 161 162 163 164 165 166 167 168 169 170]] [13 [171 172 173 174 175 176 177 178 179 180 181 182 183]] [14 [184 185 186 187 188 189 190 191 192 193 194 195 196]] [15 [197 198 199 200 201 202 203 204 205 206 207 208 209]] [16 [210 211 212 213 214 215 216 217 218 219 220 221 222]] [17 [223 224 225 226 227 228 229 230 231 232 233 234 235]] [18 [236 237 238 239 240 241 242 243 244 245 246 247 248]] [19 [249 250 251 252 253 254 255 256 257 258 259 260 261]] [20 [262 263 264 265 266 267 268 269 270 271 272 273 274]] [21 [275 276 277 278 279 280 281 282 283 284 285 286 287]] [22 [288 289 290 291 292 293 294 295 296 297 298 299 300]] [23 [301 302 303 304 305 306 307 308 309 310 311 312 313]] [24 [314 315 316 317 318 319 320 321 322 323 324 325 326]] [25 [327 328 329 330 331 332 333 334 335 336 337 338 339]] [26 [340 341 342 343 344 345 346 347 348 349 350 351 352]] [27 [353 354 355 356 357 358 359 360 361 362 363 364 365]] [28 [366 367 368 369 370 371 372 373 374 375 376 377 378]] [29 [379 380 381 382 383 384 385 386 387 388 389 390 391]] [30 [392 393 394 395 396 397 398 399 400 401 402 403 404]] [31 [405 406 407 408 409 410 411 412 413 414 415 416 417]] [32 [418 419 420 421 422 423 424 425 426 427 428 429 430]] [33 [431 432 433 434 435 436 437 438 439 440 441 442 443]] [34 [444 445 446 447 448 449 450 451 452 453 454 455 456]] [35 [457 458 459 460 461 462 463 464 465 466 467 468 469]] [36 [470 471 472 473 474 475 476 477 478 479 480 481 482]] [37 [483 484 485 486 487 488 489 490 491 492 493 494 495]] [38 [496 497 498 499 500 501 502 503 504 505 506 507 508]] [39 [509 510 511 512 513 514 515 516 517 518 519 520 521]] [40 [522 523 524 525 526 527 528 529 530 531 532 533 534]] [41 [535 536 537 538 539 540 541 542 543 544 545 546 547]] [42 [548 549 550 551 552 553 554 555 556 557 558 559 560]] [43 [561 562 563 564 565 566 567 568 569 570 571 572 573]] [44 [574 575 576 577 578 579 580 581 582 583 584 585 586]] [45 [587 588 589 590 591 592 593 594 595 596 597 598 599]] [46 [600 601 602 603 604 605 606 607 608 609 610 611 612]] [47 [613 614 615 616 617 618 619 620 621 622 623 624 625]] [48 [626 627 628 629 630 631 632 633 634 635 636 637 638]] [49 [639 640 641 642 643 644 645 646 647 648 649 650 651]] [50 [652 653 654 655 656 657 658 659 660 661 662 663 664]] [51 [665 666 667 668 669 670 671 672 673 674 675 676 677]] [52 [678 679 680 681 682 683 684 685 686 687 688 689 690]] [53 [691 692 693 694 695 696 697 698 699 700 701 702 703]] [54 [704 705 706 707 708 709 710 711 712 713 714 715 716]] [55 [717 718 719 720 721 722 723 724 725 726 727 728 729]] [56 [730 731 732 733 734 735 736 737 738 739 740 741 742]] [57 [743 744 745 746 747 748 749 750 751 752 753 754 755]] [58 [756 757 758 759 760 761 762 763 764 765 766 767 768]] [59 [769 770 771 772 773 774 775 776 777 778 779 780 781]] [60 [782 783 784 785 786 787 788 789 790 791 792 793 794]] [61 [795 796 797 798 799 800 801 802 803 804 805 806 807]] [62 [808 809 810 811 812 813 814 815 816 817 818 819 820]] [63 [821 822 823 824 825 826 827 828 829 830 831 832 833]] [64 [834 835 836 837 838 839 840 841 842 843 844 845 846]] [65 [847 848 849 850 851 852 853 854 855 856 857 858 859]] [66 [860 861 862 863 864 865 866 867 868 869 870 871 872]] [67 [873 874 875 876 877 878 879 880 881 882 883 884 885]] [68 [886 887 888 889 890 891 892 893 894 895 896 897 898]] [69 [899 900 901 902 903 904 905 906 907 908 909 910 911]] [70 [912 913 914 915 916 917 918 919 920 921 922 923 924]] [71 [925 926 927 928 929 930 931 932 933 934 935 936 937]] [72 [938 939 940 941 942 943 944 945 946 947 948 949 950]] [73 [951 952 953 954 955 956 957 958 959 960 961 962 963]] [74 [964 965 966 967 968 969 970 971 972 973 974 975 976]] [75 [977 978 979 980 981 982 983 984 985 986 987 988 989]] [76 [990 991 992 993 994 995 996 997 998 999 1000 1001 1002]] [77 [1003 1004 1005 1006 1007 1008 1009 1010 1011 1012 1013 1014 1015]] [78 [1016 1017 1018 1019 1020 1021 1022 1023 1024 1025 1026 1027 1028]] [79 [1029 1030 1031 1032 1033 1034 1035 1036 1037 1038 1039 1040 1041]] [80 [1042 1043 1044 1045 1046 1047 1048 1049 1050 1051 1052 1053 1054]] [81 [1055 1056 1057 1058 1059 1060 1061 1062 1063 1064 1065 1066 1067]] [82 [1068 1069 1070 1071 1072 1073 1074 1075 1076 1077 1078 1079 1080]] [83 [1081 1082 1083 1084 1085 1086 1087 1088 1089 1090 1091 1092 1093]] [84 [1094 1095 1096 1097 1098 1099 1100 1101 1102 1103 1104 1105 1106]] [85 [1107 1108 1109 1110 1111 1112 1113 1114 1115 1116 1117 1118 1119]] [86 [1120 1121 1122 1123 1124 1125 1126 1127 1128 1129 1130 1131 1132]] [87 [1133 1134 1135 1136 1137 1138 1139 1140 1141 1142 1143 1144 1145]] [88 [1146 1147 1148 1149 1150 1151 1152 1153 1154 1155 1156 1157 1158]] [89 [1159 1160 1161 1162 1163 1164 1165 1166 1167 1168 1169 1170 1171]] [90 [1172 1173 1174 1175 1176 1177 1178 1179 1180 1181 1182 1183 1184]] [91 [1185 1186 1187 1188 1189 1190 1191 1192 1193 1194 1195 1196 1197]] [92 [1198 1199 1200 1201 1202 1203 1204 1205 1206 1207 1208 1209 1210]] [93 [1211 1212 1213 1214 1215 1216 1217 1218 1219 1220 1221 1222 1223]] [94 [1224 1225 1226 1227 1228 1229 1230 1231 1232 1233 1234 1235 1236]] [95 [1237 1238 1239 1240 1241 1242 1243 1244 1245 1246 1247 1248 1249]] [96 [1250 1251 1252 1253 1254 1255 1256 1257 1258 1259 1260 1261 1262]] [97 [1263 1264 1265 1266 1267 1268 1269 1270 1271 1272 1273 1274 1275]] [98 [1276 1277 1278 1279 1280 1281 1282 1283 1284 1285 1286 1287 1288]] [99 [1289 1290 1291 1292 1293 1294 1295 1296 1297 1298 1299 1300 1301]]]","[[0 [0 1 2 3 4 6 7 8 9 10 13]] [1 [15 16 17 18 19 20 21 22 23 24 25 26 27]] [2 [28 29 30 31 32 33 34 35 36 37 38 39 40]] [3 [41 42 43 44 45 46 47 48 49 50 51 52 53]] [4 [54 55 56 57 58 59 60 61 62 63 64 65 66]] [5 [67 68 69 70 71 72 73 74 75 76 77 78 79]] [6 [80 81 82 83 84 85 86 87 88 89 90 91 92]] [7 [93 94 95 96 97 98 99 100 101 102 103 104 105]] [8 [106 107 108 109 110 111 112 113 114 115 116 117 118]] [9 [119 120 121 122 123 124 125 126 127 128 129 130 131]] [10 [132 133 134 135 136 137 138 139 140 141 142 143 144]] [11 [145 146 147 148 149 150 151 152 153 154 155 156 157]] [12 [158 159 160 161 162 163 164 165 166 167 168 169 170]] [13 [171 172 173 174 175 176 177 178 179 180 181 182 183]] [14 [184 185 186 187 188 189 190 191 192 193 194 195 196]] [15 [197 198 199 200 201 202 203 204 205 206 207 208 209]] [16 [210 211 212 213 214 215 216 217 218 219 220 221 222]] [17 [223 224 225 226 227 228 229 230 231 232 233 234 235]] [18 [236 237 238 239 240 241 242 243 244 245 246 247 248]] [19 [249 250 251 252 253 254 255 256 257 258 259 260 261]] [20 [262 263 264 265 266 267 268 269 270 271 272 273 274]] [21 [275 276 277 278 279 280 281 282 283 284 285 286 287]] [22 [288 289 290 291 292 293 294 295 296 297 298 299 300]] [23 [301 302 303 304 305 306 307 308 309 310 311 312 313]] [24 [314 315 316 317 318 319 320 321 322 323 324 325 326]] [25 [327 328 329 330 331 332 333 334 335 336 337 338 339]] [26 [340 341 342 343 344 345 346 347 348 349 350 351 352]] [27 [353 354 355 356 357 358 359 360 361 362 363 364 365]] [28 [366 367 368 369 370 371 372 373 374 375 376 377 378]] [29 [379 380 381 382 383 384 385 386 387 388 389 390 391]] [30 [392 393 394 395 396 397 398 399 400 401 402 403 404]] [31 [405 406 407 408 409 410 411 412 413 414 415 416 417]] [32 [418 419 420 421 422 423 424 425 426 427 428 429 430]] [33 [431 432 433 434 435 436 437 438 439 440 441 442 443]] [34 [444 445 446 447 448 449 450 451 452 453 454 455 456]] [35 [457 458 459 460 461 462 463 464 465 466 467 468 469]] [36 [470 471 472 473 474 475 476 477 478 479 480 481 482]] [37 [483 484 485 486 487 488 489 490 491 492 493 494 495]] [38 [496 497 498 499 500 501 502 503 504 505 506 507 508]] [39 [509 510 511 512 513 514 515 516 517 518 519 520 521]] [40 [522 523 524 525 526 527 528 529 530 531 532 533 534]] [41 [535 536 537 538 539 540 541 542 543 544 545 546 547]] [42 [548 549 550 551 552 553 554 555 556 557 558 559 560]] [43 [561 562 563 564 565 566 567 568 569 570 571 572 573]] [44 [574 575 576 577 578 579 580 581 582 583 584 585 586]] [45 [587 588 589 590 591 592 593 594 595 596 597 598 599]] [46 [600 601 602 603 604 605 606 607 608 609 610 611 612]] [47 [613 614 615 616 617 618 619 620 621 622 623 624 625]] [48 [626 627 628 629 630 631 632 633 634 635 636 637 638]] [49 [639 640 641 642 643 644 645 646 647 648 649 650 651]] [50 [652 653 654 655 656 657 658 659 660 661 662 663 664]] [51 [665 666 667 668 669 670 671 672 673 674 675 676 677]] [52 [678 679 680 681 682 683 684 685 686 687 688 689 690]] [53 [691 692 693 694 695 696 697 698 699 700 701 702 703]] [54 [704 705 706 707 708 709 710 711 712 713 714 715 716]] [55 [717 718 719 720 721 722 723 724 725 726 727 728 729]] [56 [730 731 732 733 734 735 736 737 738 739 740 741 742]] [57 [743 744 745 746 747 748 749 750 751 752 753 754 755]] [58 [756 757 758 759 760 761 762 763 764 765 766 767 768]] [59 [769 770 771 772 773 774 775 776 777 778 779 780 781]] [60 [782 783 784 785 786 787 788 789 790 791 792 793 794]] [61 [795 796 797 798 799 800 801 802 803 804 805 806 807]] [62 [808 809 810 811 812 813 814 815 816 817 818 819 820]] [63 [821 822 823 824 825 826 827 828 829 830 831 832 833]] [64 [834 835 836 837 838 839 840 841 842 843 844 845 846]] [65 [847 848 849 850 851 852 853 854 855 856 857 858 859]] [66 [860 861 862 863 864 865 866 867 868 869 870 871 872]] [67 [873 874 875 876 877 878 879 880 881 882 883 884 885]] [68 [886 887 888 889 890 891 892 893 894 895 896 897 898]] [69 [899 900 901 902 903 904 905 906 907 908 909 910 911]] [70 [912 913 914 915 916 917 918 919 920 921 922 923 924]] [71 [925 926 927 928 929 930 931 932 933 934 935 936 937]] [72 [938 939 940 941 942 943 944 945 946 947 948 949 950]] [73 [951 952 953 954 955 956 957 958 959 960 961 962 963]] [74 [964 965 966 967 968 969 970 971 972 973 974 975 976]] [75 [977 978 979 980 981 982 983 984 985 986 987 988 989]] [76 [990 991 992 993 994 995 996 997 998 999 1000 1001 1002]] [77 [1003 1004 1005 1006 1007 1008 1009 1010 1011 1012 1013 1014 1015]] [78 [1016 1017 1018 1019 1020 1021 1022 1023 1024 1025 1026 1027 1028]] [79 [1029 1030 1031 1032 1033 1034 1035 1036 1037 1038 1039 1040 1041]] [80 [1042 1043 1044 1045 1046 1047 1048 1049 1050 1051 1052 1053 1054]] [81 [1055 1056 1057 1058 1059 1060 1061 1062 1063 1064 1065 1066 1067]] [82 [1068 1069 1070 1071 1072 1073 1074 1075 1076 1077 1078 1079 1080]] [83 [1081 1082 1083 1084 1085 1086 1087 1088 1089 1090 1091 1092 1093]] [84 [1094 1095 1096 1097 1098 1099 1100 1101 1102 1103 1104 1105 1106]] [85 [1107 1108 1109 1110 1111 1112 1113 1114 1115 1116 1117 1118 1119]] [86 [1120 1121 1122 1123 1124 1125 1126 1127 1128 1129 1130 1131 1132]] [87 [1133 1134 1135 1136 1137 1138 1139 1140 1141 1142 1143 1144 1145]] [88 [1146 1147 1148 1149 1150 1151 1152 1153 1154 1155 1156 1157 1158]] [89 [1159 1160 1161 1162 1163 1164 1165 1166 1167 1168 1169 1170 1171]] [90 [1172 1173 1174 1175 1176 1177 1178 1179 1180 1181 1182 1183 1184]] [91 [1185 1186 1187 1188 1189 1190 1191 1192 1193 1194 1195 1196 1197]] [92 [1198 1199 1200 1201 1202 1203 1204 1205 1206 1207 1208 1209 1210]] [93 [1211 1212 1213 1214 1215 1216 1217 1218 1219 1220 1221 1222 1223]] [94 [1224 1225 1226 1227 1228 1229 1230 1231 1232 1233 1234 1235 1236]] [95 [1237 1238 1239 1240 1241 1242 1243 1244 1245 1246 1247 1248 1249]] [96 [1250 1251 1252 1253 1254 1255 1256 1257 1258 1259 1260 1261 1262]] [97 [1263 1264 1265 1266 1267 1268 1269 1270 1271 1272 1273 1274 1275]] [98 [1276 1277 1278 1279 1280 1281 1282 1283 1284 1285 1286 1287 1288]] [99 [1289 1290 1291 1292 1293 1294 1295 1296 1297 1298 1299 1300 1301]]]",,"[[{media 56} [[""A"" [3 3]]]] [{media 57} [[""A"" [3 3]]]] [{media 59} [[""A"" [3 3]]]] [{media 63} [[""A"" [3 3]]]] [{media 64} [[""A"" [3 3]]]] [{citizen 8} [[""A"" [3 3]]]] [{citizen 17} [[""A"" [3 3]]]] [{citizen 24} [[""A"" [3 3]]]] [{media 54} [[""A"" [3 3]]]] [{citizen 5} [[""A"" [3 3]]]] [{citizen 7} [[""A"" [3 3]]]] [{media 50} [[""A"" [3 3]]]] [{citizen 0} [[""A"" [3 3]]]] [{media 55} [[""A"" [3 3]]]] [{citizen 1} [[""A"" [3 3]]]] [{media 62} [[""A"" [3 3]]]] [{media 53} [[""A"" [3 3]]]] [{citizen 2} [[""A"" [3 3]]]] [{citizen 12} [[""A"" [3 3]]]] [{media 52} [[""A"" [3 3]]]] [{citizen 3} [[""A"" [3 3]]]] [{media 61} [[""A"" [3 3]]]] [{citizen 9} [[""A"" [3 3]]]] [{citizen 4} [[""A"" [3 3]]]] [{citizen 43} [[""A"" [3 3]]]] [{citizen 45} [[""A"" [3 3]]]] [{citizen 20} [[""A"" [3 3]]]] [{citizen 36} [[""A"" [3 3]]]] [{citizen 37} [[""A"" [3 3]]]] [{citizen 10} [[""A"" [3 3]]]] [{citizen 31} [[""A"" [3 3]]]] [{citizen 14} [[""A"" [3 3]]]] [{citizen 42} [[""A"" [3 3]]]] [{citizen 27} [[""A"" [3 3]]]] [{citizen 33} [[""A"" [3 3]]]] [{citizen 15} [[""A"" [3 3]]]] [{citizen 49} [[""A"" [3 3]]]] [{citizen 23} [[""A"" [3 3]]]] [{citizen 16} [[""A"" [3 3]]]] [{citizen 38} [[""A"" [3 3]]]] [{citizen 46} [[""A"" [3 3]]]] [{citizen 6} [[""A"" [3 3]]]] [{citizen 25} [[""A"" [3 3]]]] [{citizen 21} [[""A"" [3 3]]]] [{citizen 35} [[""A"" [3 3]]]] [{citizen 22} [[""A"" [3 3]]]] [{citizen 32} [[""A"" [3 3]]]] [{citizen 30} [[""A"" [3 3]]]] [{citizen 19} [[""A"" [3 3]]]] [{citizen 41} [[""A"" [3 3]]]] [{citizen 29} [[""A"" [3 3]]]] [{citizen 34} [[""A"" [3 3]]]] [{citizen 48} [[""A"" [3 3]]]] [{citizen 18} [[""A"" [3 3]]]] [{citizen 47} [[""A"" [3 3]]]] [{citizen 11} [[""A"" [3 3]]]] [{media 51} [[""A"" [3 3]]]] [{citizen 44} [[""A"" [3 3]]]] [{citizen 13} [[""A"" [3 3]]]] [{citizen 26} [[""A"" [3 3]]]] [{citizen 28} [[""A"" [3 3]]]] [{citizen 39} [[""A"" [3 3]]]]]"
"41","[128 0 127]","324.78260869565224","-3.1358480950608905","4.185766054826891","""circle""","""""","9.9","{breed citizens}","false","0.5","1","""up""",,"[[""ID"" 11] [""alpha"" 1] [""beta"" 1] [""malleable"" [""A""]] [""prior"" []] [""cont_tokens"" []] [""A"" 3]]","[[0 [0 1 2 3 4 6 7 8 9 10 13]] [1 [15 16 17 18 19 20 21 22 23 24 25 26 27]] [2 [28 29 30 31 32 33 34 35 36 37 38 39 40]] [3 [41 42 43 44 45 46 47 48 49 50 51 52 53]] [4 [54 55 56 57 58 59 60 61 62 63 64 65 66]] [5 [67 68 69 70 71 72 73 74 75 76 77 78 79]] [6 [80 81 82 83 84 85 86 87 88 89 90 91 92]] [7 [93 94 95 96 97 98 99 100 101 102 103 104 105]] [8 [106 107 108 109 110 111 112 113 114 115 116 117 118]] [9 [119 120 121 122 123 124 125 126 127 128 129 130 131]] [10 [132 133 134 135 136 137 138 139 140 141 142 143 144]] [11 [145 146 147 148 149 150 151 152 153 154 155 156 157]] [12 [158 159 160 161 162 163 164 165 166 167 168 169 170]] [13 [171 172 173 174 175 176 177 178 179 180 181 182 183]] [14 [184 185 186 187 188 189 190 191 192 193 194 195 196]] [15 [197 198 199 200 201 202 203 204 205 206 207 208 209]] [16 [210 211 212 213 214 215 216 217 218 219 220 221 222]] [17 [223 224 225 226 227 228 229 230 231 232 233 234 235]] [18 [236 237 238 239 240 241 242 243 244 245 246 247 248]] [19 [249 250 251 252 253 254 255 256 257 258 259 260 261]] [20 [262 263 264 265 266 267 268 269 270 271 272 273 274]] [21 [275 276 277 278 279 280 281 282 283 284 285 286 287]] [22 [288 289 290 291 292 293 294 295 296 297 298 299 300]] [23 [301 302 303 304 305 306 307 308 309 310 311 312 313]] [24 [314 315 316 317 318 319 320 321 322 323 324 325 326]] [25 [327 328 329 330 331 332 333 334 335 336 337 338 339]] [26 [340 341 342 343 344 345 346 347 348 349 350 351 352]] [27 [353 354 355 356 357 358 359 360 361 362 363 364 365]] [28 [366 367 368 369 370 371 372 373 374 375 376 377 378]] [29 [379 380 381 382 383 384 385 386 387 388 389 390 391]] [30 [392 393 394 395 396 397 398 399 400 401 402 403 404]] [31 [405 406 407 408 409 410 411 412 413 414 415 416 417]] [32 [418 419 420 421 422 423 424 425 426 427 428 429 430]] [33 [431 432 433 434 435 436 437 438 439 440 441 442 443]] [34 [444 445 446 447 448 449 450 451 452 453 454 455 456]] [35 [457 458 459 460 461 462 463 464 465 466 467 468 469]] [36 [470 471 472 473 474 475 476 477 478 479 480 481 482]] [37 [483 484 485 486 487 488 489 490 491 492 493 494 495]] [38 [496 497 498 499 500 501 502 503 504 505 506 507 508]] [39 [509 510 511 512 513 514 515 516 517 518 519 520 521]] [40 [522 523 524 525 526 527 528 529 530 531 532 533 534]] [41 [535 536 537 538 539 540 541 542 543 544 545 546 547]] [42 [548 549 550 551 552 553 554 555 556 557 558 559 560]] [43 [561 562 563 564 565 566 567 568 569 570 571 572 573]] [44 [574 575 576 577 578 579 580 581 582 583 584 585 586]] [45 [587 588 589 590 591 592 593 594 595 596 597 598 599]] [46 [600 601 602 603 604 605 606 607 608 609 610 611 612]] [47 [613 614 615 616 617 618 619 620 621 622 623 624 625]] [48 [626 627 628 629 630 631 632 633 634 635 636 637 638]] [49 [639 640 641 642 643 644 645 646 647 648 649 650 651]] [50 [652 653 654 655 656 657 658 659 660 661 662 663 664]] [51 [665 666 667 668 669 670 671 672 673 674 675 676 677]] [52 [678 679 680 681 682 683 684 685 686 687 688 689 690]] [53 [691 692 693 694 695 696 697 698 699 700 701 702 703]] [54 [704 705 706 707 708 709 710 711 712 713 714 715 716]] [55 [717 718 719 720 721 722 723 724 725 726 727 728 729]] [56 [730 731 732 733 734 735 736 737 738 739 740 741 742]] [57 [743 744 745 746 747 748 749 750 751 752 753 754 755]] [58 [756 757 758 759 760 761 762 763 764 765 766 767 768]] [59 [769 770 771 772 773 774 775 776 777 778 779 780 781]] [60 [782 783 784 785 786 787 788 789 790 791 792 793 794]] [61 [795 796 797 798 799 800 801 802 803 804 805 806 807]] [62 [808 809 810 811 812 813 814 815 816 817 818 819 820]] [63 [821 822 823 824 825 826 827 828 829 830 831 832 833]] [64 [834 835 836 837 838 839 840 841 842 843 844 845 846]] [65 [847 848 849 850 851 852 853 854 855 856 857 858 859]] [66 [860 861 862 863 864 865 866 867 868 869 870 871 872]] [67 [873 874 875 876 877 878 879 880 881 882 883 884 885]] [68 [886 887 888 889 890 891 892 893 894 895 896 897 898]] [69 [899 900 901 902 903 904 905 906 907 908 909 910 911]] [70 [912 913 914 915 916 917 918 919 920 921 922 923 924]] [71 [925 926 927 928 929 930 931 932 933 934 935 936 937]] [72 [938 939 940 941 942 943 944 945 946 947 948 949 950]] [73 [951 952 953 954 955 956 957 958 959 960 961 962 963]] [74 [964 965 966 967 968 969 970 971 972 973 974 975 976]] [75 [977 978 979 980 981 982 983 984 985 986 987 988 989]] [76 [990 991 992 993 994 995 996 997 998 999 1000 1001 1002]] [77 [1003 1004 1005 1006 1007 1008 1009 1010 1011 1012 1013 1014 1015]] [78 [1016 1017 1018 1019 1020 1021 1022 1023 1024 1025 1026 1027 1028]] [79 [1029 1030 1031 1032 1033 1034 1035 1036 1037 1038 1039 1040 1041]] [80 [1042 1043 1044 1045 1046 1047 1048 1049 1050 1051 1052 1053 1054]] [81 [1055 1056 1057 1058 1059 1060 1061 1062 1063 1064 1065 1066 1067]] [82 [1068 1069 1070 1071 1072 1073 1074 1075 1076 1077 1078 1079 1080]] [83 [1081 1082 1083 1084 1085 1086 1087 1088 1089 1090 1091 1092 1093]] [84 [1094 1095 1096 1097 1098 1099 1100 1101 1102 1103 1104 1105 1106]] [85 [1107 1108 1109 1110 1111 1112 1113 1114 1115 1116 1117 1118 1119]] [86 [1120 1121 1122 1123 1124 1125 1126 1127 1128 1129 1130 1131 1132]] [87 [1133 1134 1135 1136 1137 1138 1139 1140 1141 1142 1143 1144 1145]] [88 [1146 1147 1148 1149 1150 1151 1152 1153 1154 1155 1156 1157 1158]] [89 [1159 1160 1161 1162 1163 1164 1165 1166 1167 1168 1169 1170 1171]] [90 [1172 1173 1174 1175 1176 1177 1178 1179 1180 1181 1182 1183 1184]] [91 [1185 1186 1187 1188 1189 1190 1191 1192 1193 1194 1195 1196 1197]] [92 [1198 1199 1200 1201 1202 1203 1204 1205 1206 1207 1208 1209 1210]] [93 [1211 1212 1213 1214 1215 1216 1217 1218 1219 1220 1221 1222 1223]] [94 [1224 1225 1226 1227 1228 1229 1230 1231 1232 1233 1234 1235 1236]] [95 [1237 1238 1239 1240 1241 1242 1243 1244 1245 1246 1247 1248 1249]] [96 [1250 1251 1252 1253 1254 1255 1256 1257 1258 1259 1260 1261 1262]] [97 [1263 1264 1265 1266 1267 1268 1269 1270 1271 1272 1273 1274 1275]] [98 [1276 1277 1278 1279 1280 1281 1282 1283 1284 1285 1286 1287 1288]] [99 [1289 1290 1291 1292 1293 1294 1295 1296 1297 1298 1299 1300 1301]]]","[[0 [1 2 3 4 6 7 8 9 10 13]] [1 [15 16 17 18 19 20 21 22 23 24 25 26 27]] [2 [28 29 30 31 32 33 34 35 36 37 38 39 40]] [3 [41 42 43 44 45 46 47 48 49 50 51 52 53]] [4 [54 55 56 57 58 59 60 61 62 63 64 65 66]] [5 [67 68 69 70 71 72 73 74 75 76 77 78 79]] [6 [80 81 82 83 84 85 86 87 88 89 90 91 92]] [7 [93 94 95 96 97 98 99 100 101 102 103 104 105]] [8 [106 107 108 109 110 111 112 113 114 115 116 117 118]] [9 [119 120 121 122 123 124 125 126 127 128 129 130 131]] [10 [132 133 134 135 136 137 138 139 140 141 142 143 144]] [11 [145 146 147 148 149 150 151 152 153 154 155 156 157]] [12 [158 159 160 161 162 163 164 165 166 167 168 169 170]] [13 [171 172 173 174 175 176 177 178 179 180 181 182 183]] [14 [184 185 186 187 188 189 190 191 192 193 194 195 196]] [15 [197 198 199 200 201 202 203 204 205 206 207 208 209]] [16 [210 211 212 213 214 215 216 217 218 219 220 221 222]] [17 [223 224 225 226 227 228 229 230 231 232 233 234 235]] [18 [236 237 238 239 240 241 242 243 244 245 246 247 248]] [19 [249 250 251 252 253 254 255 256 257 258 259 260 261]] [20 [262 263 264 265 266 267 268 269 270 271 272 273 274]] [21 [275 276 277 278 279 280 281 282 283 284 285 286 287]] [22 [288 289 290 291 292 293 294 295 296 297 298 299 300]] [23 [301 302 303 304 305 306 307 308 309 310 311 312 313]] [24 [314 315 316 317 318 319 320 321 322 323 324 325 326]] [25 [327 328 329 330 331 332 333 334 335 336 337 338 339]] [26 [340 341 342 343 344 345 346 347 348 349 350 351 352]] [27 [353 354 355 356 357 358 359 360 361 362 363 364 365]] [28 [366 367 368 369 370 371 372 373 374 375 376 377 378]] [29 [379 380 381 382 383 384 385 386 387 388 389 390 391]] [30 [392 393 394 395 396 397 398 399 400 401 402 403 404]] [31 [405 406 407 408 409 410 411 412 413 414 415 416 417]] [32 [418 419 420 421 422 423 424 425 426 427 428 429 430]] [33 [431 432 433 434 435 436 437 438 439 440 441 442 443]] [34 [444 445 446 447 448 449 450 451 452 453 454 455 456]] [35 [457 458 459 460 461 462 463 464 465 466 467 468 469]] [36 [470 471 472 473 474 475 476 477 478 479 480 481 482]] [37 [483 484 485 486 487 488 489 490 491 492 493 494 495]] [38 [496 497 498 499 500 501 502 503 504 505 506 507 508]] [39 [509 510 511 512 513 514 515 516 517 518 519 520 521]] [40 [522 523 524 525 526 527 528 529 530 531 532 533 534]] [41 [535 536 537 538 539 540 541 542 543 544 545 546 547]] [42 [548 549 550 551 552 553 554 555 556 557 558 559 560]] [43 [561 562 563 564 565 566 567 568 569 570 571 572 573]] [44 [574 575 576 577 578 579 580 581 582 583 584 585 586]] [45 [587 588 589 590 591 592 593 594 595 596 597 598 599]] [46 [600 601 602 603 604 605 606 607 608 609 610 611 612]] [47 [613 614 615 616 617 618 619 620 621 622 623 624 625]] [48 [626 627 628 629 630 631 632 633 634 635 636 637 638]] [49 [639 640 641 642 643 644 645 646 647 648 649 650 651]] [50 [652 653 654 655 656 657 658 659 660 661 662 663 664]] [51 [665 666 667 668 669 670 671 672 673 674 675 676 677]] [52 [678 679 680 681 682 683 684 685 686 687 688 689 690]] [53 [691 692 693 694 695 696 697 698 699 700 701 702 703]] [54 [704 705 706 707 708 709 710 711 712 713 714 715 716]] [55 [717 718 719 720 721 722 723 724 725 726 727 728 729]] [56 [730 731 732 733 734 735 736 737 738 739 740 741 742]] [57 [743 744 745 746 747 748 749 750 751 752 753 754 755]] [58 [756 757 758 759 760 761 762 763 764 765 766 767 768]] [59 [769 770 771 772 773 774 775 776 777 778 779 780 781]] [60 [782 783 784 785 786 787 788 789 790 791 792 793 794]] [61 [795 796 797 798 799 800 801 802 803 804 805 806 807]] [62 [808 809 810 811 812 813 814 815 816 817 818 819 820]] [63 [821 822 823 824 825 826 827 828 829 830 831 832 833]] [64 [834 835 836 837 838 839 840 841 842 843 844 845 846]] [65 [847 848 849 850 851 852 853 854 855 856 857 858 859]] [66 [860 861 862 863 864 865 866 867 868 869 870 871 872]] [67 [873 874 875 876 877 878 879 880 881 882 883 884 885]] [68 [886 887 888 889 890 891 892 893 894 895 896 897 898]] [69 [899 900 901 902 903 904 905 906 907 908 909 910 911]] [70 [912 913 914 915 916 917 918 919 920 921 922 923 924]] [71 [925 926 927 928 929 930 931 932 933 934 935 936 937]] [72 [938 939 940 941 942 943 944 945 946 947 948 949 950]] [73 [951 952 953 954 955 956 957 958 959 960 961 962 963]] [74 [964 965 966 967 968 969 970 971 972 973 974 975 976]] [75 [977 978 979 980 981 982 983 984 985 986 987 988 989]] [76 [990 991 992 993 994 995 996 997 998 999 1000 1001 1002]] [77 [1003 1004 1005 1006 1007 1008 1009 1010 1011 1012 1013 1014 1015]] [78 [1016 1017 1018 1019 1020 1021 1022 1023 1024 1025 1026 1027 1028]] [79 [1029 1030 1031 1032 1033 1034 1035 1036 1037 1038 1039 1040 1041]] [80 [1042 1043 1044 1045 1046 1047 1048 1049 1050 1051 1052 1053 1054]] [81 [1055 1056 1057 1058 1059 1060 1061 1062 1063 1064 1065 1066 1067]] [82 [1068 1069 1070 1071 1072 1073 1074 1075 1076 1077 1078 1079 1080]] [83 [1081 1082 1083 1084 1085 1086 1087 1088 1089 1090 1091 1092 1093]] [84 [1094 1095 1096 1097 1098 1099 1100 1101 1102 1103 1104 1105 1106]] [85 [1107 1108 1109 1110 1111 1112 1113 1114 1115 1116 1117 1118 1119]] [86 [1120 1121 1122 1123 1124 1125 1126 1127 1128 1129 1130 1131 1132]] [87 [1133 1134 1135 1136 1137 1138 1139 1140 1141 1142 1143 1144 1145]] [88 [1146 1147 1148 1149 1150 1151 1152 1153 1154 1155 1156 1157 1158]] [89 [1159 1160 1161 1162 1163 1164 1165 1166 1167 1168 1169 1170 1171]] [90 [1172 1173 1174 1175 1176 1177 1178 1179 1180 1181 1182 1183 1184]] [91 [1185 1186 1187 1188 1189 1190 1191 1192 1193 1194 1195 1196 1197]] [92 [1198 1199 1200 1201 1202 1203 1204 1205 1206 1207 1208 1209 1210]] [93 [1211 1212 1213 1214 1215 1216 1217 1218 1219 1220 1221 1222 1223]] [94 [1224 1225 1226 1227 1228 1229 1230 1231 1232 1233 1234 1235 1236]] [95 [1237 1238 1239 1240 1241 1242 1243 1244 1245 1246 1247 1248 1249]] [96 [1250 1251 1252 1253 1254 1255 1256 1257 1258 1259 1260 1261 1262]] [97 [1263 1264 1265 1266 1267 1268 1269 1270 1271 1272 1273 1274 1275]] [98 [1276 1277 1278 1279 1280 1281 1282 1283 1284 1285 1286 1287 1288]] [99 [1289 1290 1291 1292 1293 1294 1295 1296 1297 1298 1299 1300 1301]]]",,"[[{media 56} [[""A"" [3 3]]]] [{media 57} [[""A"" [3 3]]]] [{media 59} [[""A"" [3 3]]]] [{media 63} [[""A"" [3 3]]]] [{media 64} [[""A"" [3 3]]]] [{citizen 8} [[""A"" [3 3]]]] [{citizen 14} [[""A"" [3 3]]]] [{citizen 19} [[""A"" [3 3]]]] [{citizen 23} [[""A"" [3 3]]]] [{media 54} [[""A"" [3 3]]]] [{citizen 5} [[""A"" [3 3]]]] [{citizen 7} [[""A"" [3 3]]]] [{citizen 0} [[""A"" [3 3]]]] [{citizen 3} [[""A"" [3 3]]]] [{citizen 12} [[""A"" [3 3]]]] [{media 50} [[""A"" [3 3]]]] [{citizen 4} [[""A"" [3 3]]]] [{media 55} [[""A"" [3 3]]]] [{citizen 1} [[""A"" [3 3]]]] [{media 62} [[""A"" [3 3]]]] [{media 53} [[""A"" [3 3]]]] [{media 52} [[""A"" [3 3]]]] [{media 61} [[""A"" [3 3]]]] [{citizen 9} [[""A"" [3 3]]]] [{citizen 43} [[""A"" [3 3]]]] [{citizen 45} [[""A"" [3 3]]]] [{citizen 20} [[""A"" [3 3]]]] [{citizen 17} [[""A"" [3 3]]]] [{citizen 36} [[""A"" [3 3]]]] [{citizen 37} [[""A"" [3 3]]]] [{citizen 10} [[""A"" [3 3]]]] [{citizen 31} [[""A"" [3 3]]]] [{citizen 42} [[""A"" [3 3]]]] [{citizen 27} [[""A"" [3 3]]]] [{citizen 33} [[""A"" [3 3]]]] [{citizen 40} [[""A"" [3 3]]]] [{citizen 34} [[""A"" [3 3]]]] [{citizen 16} [[""A"" [3 3]]]] [{citizen 38} [[""A"" [3 3]]]] [{citizen 24} [[""A"" [3 3]]]] [{citizen 2} [[""A"" [3 3]]]] [{citizen 15} [[""A"" [3 3]]]] [{citizen 32} [[""A"" [3 3]]]] [{citizen 35} [[""A"" [3 3]]]] [{citizen 48} [[""A"" [3 3]]]] [{citizen 49} [[""A"" [3 3]]]] [{citizen 46} [[""A"" [3 3]]]] [{citizen 6} [[""A"" [3 3]]]] [{citizen 25} [[""A"" [3 3]]]] [{citizen 21} [[""A"" [3 3]]]] [{citizen 22} [[""A"" [3 3]]]] [{citizen 11} [[""A"" [3 3]]]] [{media 51} [[""A"" [3 3]]]] [{citizen 18} [[""A"" [3 3]]]] [{citizen 29} [[""A"" [3 3]]]] [{citizen 44} [[""A"" [3 3]]]] [{citizen 47} [[""A"" [3 3]]]] [{citizen 39} [[""A"" [3 3]]]] [{citizen 30} [[""A"" [3 3]]]] [{citizen 26} [[""A"" [3 3]]]] [{citizen 13} [[""A"" [3 3]]]] [{citizen 28} [[""A"" [3 3]]]]]"
"42","[128 0 127]","59.47826086956522","9.215047313470468","4.217461747067504","""circle""","""""","9.9","{breed citizens}","false","0.5","1","""up""",,"[[""ID"" 9] [""alpha"" 1] [""beta"" 1] [""malleable"" [""A""]] [""prior"" []] [""cont_tokens"" []] [""A"" 3]]","[[0 [0 1 2 3 4 6 7 8 9 10 13]] [1 [15 16 17 18 19 20 21 22 23 24 25 26 27]] [2 [28 29 30 31 32 33 34 35 36 37 38 39 40]] [3 [41 42 43 44 45 46 47 48 49 50 51 52 53]] [4 [54 55 56 57 58 59 60 61 62 63 64 65 66]] [5 [67 68 69 70 71 72 73 74 75 76 77 78 79]] [6 [80 81 82 83 84 85 86 87 88 89 90 91 92]] [7 [93 94 95 96 97 98 99 100 101 102 103 104 105]] [8 [106 107 108 109 110 111 112 113 114 115 116 117 118]] [9 [119 120 121 122 123 124 125 126 127 128 129 130 131]] [10 [132 133 134 135 136 137 138 139 140 141 142 143 144]] [11 [145 146 147 148 149 150 151 152 153 154 155 156 157]] [12 [158 159 160 161 162 163 164 165 166 167 168 169 170]] [13 [171 172 173 174 175 176 177 178 179 180 181 182 183]] [14 [184 185 186 187 188 189 190 191 192 193 194 195 196]] [15 [197 198 199 200 201 202 203 204 205 206 207 208 209]] [16 [210 211 212 213 214 215 216 217 218 219 220 221 222]] [17 [223 224 225 226 227 228 229 230 231 232 233 234 235]] [18 [236 237 238 239 240 241 242 243 244 245 246 247 248]] [19 [249 250 251 252 253 254 255 256 257 258 259 260 261]] [20 [262 263 264 265 266 267 268 269 270 271 272 273 274]] [21 [275 276 277 278 279 280 281 282 283 284 285 286 287]] [22 [288 289 290 291 292 293 294 295 296 297 298 299 300]] [23 [301 302 303 304 305 306 307 308 309 310 311 312 313]] [24 [314 315 316 317 318 319 320 321 322 323 324 325 326]] [25 [327 328 329 330 331 332 333 334 335 336 337 338 339]] [26 [340 341 342 343 344 345 346 347 348 349 350 351 352]] [27 [353 354 355 356 357 358 359 360 361 362 363 364 365]] [28 [366 367 368 369 370 371 372 373 374 375 376 377 378]] [29 [379 380 381 382 383 384 385 386 387 388 389 390 391]] [30 [392 393 394 395 396 397 398 399 400 401 402 403 404]] [31 [405 406 407 408 409 410 411 412 413 414 415 416 417]] [32 [418 419 420 421 422 423 424 425 426 427 428 429 430]] [33 [431 432 433 434 435 436 437 438 439 440 441 442 443]] [34 [444 445 446 447 448 449 450 451 452 453 454 455 456]] [35 [457 458 459 460 461 462 463 464 465 466 467 468 469]] [36 [470 471 472 473 474 475 476 477 478 479 480 481 482]] [37 [483 484 485 486 487 488 489 490 491 492 493 494 495]] [38 [496 497 498 499 500 501 502 503 504 505 506 507 508]] [39 [509 510 511 512 513 514 515 516 517 518 519 520 521]] [40 [522 523 524 525 526 527 528 529 530 531 532 533 534]] [41 [535 536 537 538 539 540 541 542 543 544 545 546 547]] [42 [548 549 550 551 552 553 554 555 556 557 558 559 560]] [43 [561 562 563 564 565 566 567 568 569 570 571 572 573]] [44 [574 575 576 577 578 579 580 581 582 583 584 585 586]] [45 [587 588 589 590 591 592 593 594 595 596 597 598 599]] [46 [600 601 602 603 604 605 606 607 608 609 610 611 612]] [47 [613 614 615 616 617 618 619 620 621 622 623 624 625]] [48 [626 627 628 629 630 631 632 633 634 635 636 637 638]] [49 [639 640 641 642 643 644 645 646 647 648 649 650 651]] [50 [652 653 654 655 656 657 658 659 660 661 662 663 664]] [51 [665 666 667 668 669 670 671 672 673 674 675 676 677]] [52 [678 679 680 681 682 683 684 685 686 687 688 689 690]] [53 [691 692 693 694 695 696 697 698 699 700 701 702 703]] [54 [704 705 706 707 708 709 710 711 712 713 714 715 716]] [55 [717 718 719 720 721 722 723 724 725 726 727 728 729]] [56 [730 731 732 733 734 735 736 737 738 739 740 741 742]] [57 [743 744 745 746 747 748 749 750 751 752 753 754 755]] [58 [756 757 758 759 760 761 762 763 764 765 766 767 768]] [59 [769 770 771 772 773 774 775 776 777 778 779 780 781]] [60 [782 783 784 785 786 787 788 789 790 791 792 793 794]] [61 [795 796 797 798 799 800 801 802 803 804 805 806 807]] [62 [808 809 810 811 812 813 814 815 816 817 818 819 820]] [63 [821 822 823 824 825 826 827 828 829 830 831 832 833]] [64 [834 835 836 837 838 839 840 841 842 843 844 845 846]] [65 [847 848 849 850 851 852 853 854 855 856 857 858 859]] [66 [860 861 862 863 864 865 866 867 868 869 870 871 872]] [67 [873 874 875 876 877 878 879 880 881 882 883 884 885]] [68 [886 887 888 889 890 891 892 893 894 895 896 897 898]] [69 [899 900 901 902 903 904 905 906 907 908 909 910 911]] [70 [912 913 914 915 916 917 918 919 920 921 922 923 924]] [71 [925 926 927 928 929 930 931 932 933 934 935 936 937]] [72 [938 939 940 941 942 943 944 945 946 947 948 949 950]] [73 [951 952 953 954 955 956 957 958 959 960 961 962 963]] [74 [964 965 966 967 968 969 970 971 972 973 974 975 976]] [75 [977 978 979 980 981 982 983 984 985 986 987 988 989]] [76 [990 991 992 993 994 995 996 997 998 999 1000 1001 1002]] [77 [1003 1004 1005 1006 1007 1008 1009 1010 1011 1012 1013 1014 1015]] [78 [1016 1017 1018 1019 1020 1021 1022 1023 1024 1025 1026 1027 1028]] [79 [1029 1030 1031 1032 1033 1034 1035 1036 1037 1038 1039 1040 1041]] [80 [1042 1043 1044 1045 1046 1047 1048 1049 1050 1051 1052 1053 1054]] [81 [1055 1056 1057 1058 1059 1060 1061 1062 1063 1064 1065 1066 1067]] [82 [1068 1069 1070 1071 1072 1073 1074 1075 1076 1077 1078 1079 1080]] [83 [1081 1082 1083 1084 1085 1086 1087 1088 1089 1090 1091 1092 1093]] [84 [1094 1095 1096 1097 1098 1099 1100 1101 1102 1103 1104 1105 1106]] [85 [1107 1108 1109 1110 1111 1112 1113 1114 1115 1116 1117 1118 1119]] [86 [1120 1121 1122 1123 1124 1125 1126 1127 1128 1129 1130 1131 1132]] [87 [1133 1134 1135 1136 1137 1138 1139 1140 1141 1142 1143 1144 1145]] [88 [1146 1147 1148 1149 1150 1151 1152 1153 1154 1155 1156 1157 1158]] [89 [1159 1160 1161 1162 1163 1164 1165 1166 1167 1168 1169 1170 1171]] [90 [1172 1173 1174 1175 1176 1177 1178 1179 1180 1181 1182 1183 1184]] [91 [1185 1186 1187 1188 1189 1190 1191 1192 1193 1194 1195 1196 1197]] [92 [1198 1199 1200 1201 1202 1203 1204 1205 1206 1207 1208 1209 1210]] [93 [1211 1212 1213 1214 1215 1216 1217 1218 1219 1220 1221 1222 1223]] [94 [1224 1225 1226 1227 1228 1229 1230 1231 1232 1233 1234 1235 1236]] [95 [1237 1238 1239 1240 1241 1242 1243 1244 1245 1246 1247 1248 1249]] [96 [1250 1251 1252 1253 1254 1255 1256 1257 1258 1259 1260 1261 1262]] [97 [1263 1264 1265 1266 1267 1268 1269 1270 1271 1272 1273 1274 1275]] [98 [1276 1277 1278 1279 1280 1281 1282 1283 1284 1285 1286 1287 1288]] [99 [1289 1290 1291 1292 1293 1294 1295 1296 1297 1298 1299 1300 1301]]]","[[0 [0 1 2 3 4 6 7 8 9 10 13]] [1 [15 16 17 18 19 20 21 22 23 24 25 26 27]] [2 [28 29 30 31 32 33 34 35 36 37 38 39 40]] [3 [41 42 43 44 45 46 47 48 49 50 51 52 53]] [4 [54 55 56 57 58 59 60 61 62 63 64 65 66]] [5 [67 68 69 70 71 72 73 74 75 76 77 78 79]] [6 [80 81 82 83 84 85 86 87 88 89 90 91 92]] [7 [93 94 95 96 97 98 99 100 101 102 103 104 105]] [8 [106 107 108 109 110 111 112 113 114 115 116 117 118]] [9 [119 120 121 122 123 124 125 126 127 128 129 130 131]] [10 [132 133 134 135 136 137 138 139 140 141 142 143 144]] [11 [145 146 147 148 149 150 151 152 153 154 155 156 157]] [12 [158 159 160 161 162 163 164 165 166 167 168 169 170]] [13 [171 172 173 174 175 176 177 178 179 180 181 182 183]] [14 [184 185 186 187 188 189 190 191 192 193 194 195 196]] [15 [197 198 199 200 201 202 203 204 205 206 207 208 209]] [16 [210 211 212 213 214 215 216 217 218 219 220 221 222]] [17 [223 224 225 226 227 228 229 230 231 232 233 234 235]] [18 [236 237 238 239 240 241 242 243 244 245 246 247 248]] [19 [249 250 251 252 253 254 255 256 257 258 259 260 261]] [20 [262 263 264 265 266 267 268 269 270 271 272 273 274]] [21 [275 276 277 278 279 280 281 282 283 284 285 286 287]] [22 [288 289 290 291 292 293 294 295 296 297 298 299 300]] [23 [301 302 303 304 305 306 307 308 309 310 311 312 313]] [24 [314 315 316 317 318 319 320 321 322 323 324 325 326]] [25 [327 328 329 330 331 332 333 334 335 336 337 338 339]] [26 [340 341 342 343 344 345 346 347 348 349 350 351 352]] [27 [353 354 355 356 357 358 359 360 361 362 363 364 365]] [28 [366 367 368 369 370 371 372 373 374 375 376 377 378]] [29 [379 380 381 382 383 384 385 386 387 388 389 390 391]] [30 [392 393 394 395 396 397 398 399 400 401 402 403 404]] [31 [405 406 407 408 409 410 411 412 413 414 415 416 417]] [32 [418 419 420 421 422 423 424 425 426 427 428 429 430]] [33 [431 432 433 434 435 436 437 438 439 440 441 442 443]] [34 [444 445 446 447 448 449 450 451 452 453 454 455 456]] [35 [457 458 459 460 461 462 463 464 465 466 467 468 469]] [36 [470 471 472 473 474 475 476 477 478 479 480 481 482]] [37 [483 484 485 486 487 488 489 490 491 492 493 494 495]] [38 [496 497 498 499 500 501 502 503 504 505 506 507 508]] [39 [509 510 511 512 513 514 515 516 517 518 519 520 521]] [40 [522 523 524 525 526 527 528 529 530 531 532 533 534]] [41 [535 536 537 538 539 540 541 542 543 544 545 546 547]] [42 [548 549 550 551 552 553 554 555 556 557 558 559 560]] [43 [561 562 563 564 565 566 567 568 569 570 571 572 573]] [44 [574 575 576 577 578 579 580 581 582 583 584 585 586]] [45 [587 588 589 590 591 592 593 594 595 596 597 598 599]] [46 [600 601 602 603 604 605 606 607 608 609 610 611 612]] [47 [613 614 615 616 617 618 619 620 621 622 623 624 625]] [48 [626 627 628 629 630 631 632 633 634 635 636 637 638]] [49 [639 640 641 642 643 644 645 646 647 648 649 650 651]] [50 [652 653 654 655 656 657 658 659 660 661 662 663 664]] [51 [665 666 667 668 669 670 671 672 673 674 675 676 677]] [52 [678 679 680 681 682 683 684 685 686 687 688 689 690]] [53 [691 692 693 694 695 696 697 698 699 700 701 702 703]] [54 [704 705 706 707 708 709 710 711 712 713 714 715 716]] [55 [717 718 719 720 721 722 723 724 725 726 727 728 729]] [56 [730 731 732 733 734 735 736 737 738 739 740 741 742]] [57 [743 744 745 746 747 748 749 750 751 752 753 754 755]] [58 [756 757 758 759 760 761 762 763 764 765 766 767 768]] [59 [769 770 771 772 773 774 775 776 777 778 779 780 781]] [60 [782 783 784 785 786 787 788 789 790 791 792 793 794]] [61 [795 796 797 798 799 800 801 802 803 804 805 806 807]] [62 [808 809 810 811 812 813 814 815 816 817 818 819 820]] [63 [821 822 823 824 825 826 827 828 829 830 831 832 833]] [64 [834 835 836 837 838 839 840 841 842 843 844 845 846]] [65 [847 848 849 850 851 852 853 854 855 856 857 858 859]] [66 [860 861 862 863 864 865 866 867 868 869 870 871 872]] [67 [873 874 875 876 877 878 879 880 881 882 883 884 885]] [68 [886 887 888 889 890 891 892 893 894 895 896 897 898]] [69 [899 900 901 902 903 904 905 906 907 908 909 910 911]] [70 [912 913 914 915 916 917 918 919 920 921 922 923 924]] [71 [925 926 927 928 929 930 931 932 933 934 935 936 937]] [72 [938 939 940 941 942 943 944 945 946 947 948 949 950]] [73 [951 952 953 954 955 956 957 958 959 960 961 962 963]] [74 [964 965 966 967 968 969 970 971 972 973 974 975 976]] [75 [977 978 979 980 981 982 983 984 985 986 987 988 989]] [76 [990 991 992 993 994 995 996 997 998 999 1000 1001 1002]] [77 [1003 1004 1005 1006 1007 1008 1009 1010 1011 1012 1013 1014 1015]] [78 [1016 1017 1018 1019 1020 1021 1022 1023 1024 1025 1026 1027 1028]] [79 [1029 1030 1031 1032 1033 1034 1035 1036 1037 1038 1039 1040 1041]] [80 [1042 1043 1044 1045 1046 1047 1048 1049 1050 1051 1052 1053 1054]] [81 [1055 1056 1057 1058 1059 1060 1061 1062 1063 1064 1065 1066 1067]] [82 [1068 1069 1070 1071 1072 1073 1074 1075 1076 1077 1078 1079 1080]] [83 [1081 1082 1083 1084 1085 1086 1087 1088 1089 1090 1091 1092 1093]] [84 [1094 1095 1096 1097 1098 1099 1100 1101 1102 1103 1104 1105 1106]] [85 [1107 1108 1109 1110 1111 1112 1113 1114 1115 1116 1117 1118 1119]] [86 [1120 1121 1122 1123 1124 1125 1126 1127 1128 1129 1130 1131 1132]] [87 [1133 1134 1135 1136 1137 1138 1139 1140 1141 1142 1143 1144 1145]] [88 [1146 1147 1148 1149 1150 1151 1152 1153 1154 1155 1156 1157 1158]] [89 [1159 1160 1161 1162 1163 1164 1165 1166 1167 1168 1169 1170 1171]] [90 [1172 1173 1174 1175 1176 1177 1178 1179 1180 1181 1182 1183 1184]] [91 [1185 1186 1187 1188 1189 1190 1191 1192 1193 1194 1195 1196 1197]] [92 [1198 1199 1200 1201 1202 1203 1204 1205 1206 1207 1208 1209 1210]] [93 [1211 1212 1213 1214 1215 1216 1217 1218 1219 1220 1221 1222 1223]] [94 [1224 1225 1226 1227 1228 1229 1230 1231 1232 1233 1234 1235 1236]] [95 [1237 1238 1239 1240 1241 1242 1243 1244 1245 1246 1247 1248 1249]] [96 [1250 1251 1252 1253 1254 1255 1256 1257 1258 1259 1260 1261 1262]] [97 [1263 1264 1265 1266 1267 1268 1269 1270 1271 1272 1273 1274 1275]] [98 [1276 1277 1278 1279 1280 1281 1282 1283 1284 1285 1286 1287 1288]] [99 [1289 1290 1291 1292 1293 1294 1295 1296 1297 1298 1299 1300 1301]]]",,"[[{media 56} [[""A"" [3 3]]]] [{media 57} [[""A"" [3 3]]]] [{media 59} [[""A"" [3 3]]]] [{media 63} [[""A"" [3 3]]]] [{media 64} [[""A"" [3 3]]]] [{citizen 8} [[""A"" [3 3]]]] [{citizen 10} [[""A"" [3 3]]]] [{citizen 29} [[""A"" [3 3]]]] [{citizen 37} [[""A"" [3 3]]]] [{media 54} [[""A"" [3 3]]]] [{citizen 5} [[""A"" [3 3]]]] [{citizen 7} [[""A"" [3 3]]]] [{citizen 19} [[""A"" [3 3]]]] [{citizen 23} [[""A"" [3 3]]]] [{media 50} [[""A"" [3 3]]]] [{citizen 0} [[""A"" [3 3]]]] [{citizen 16} [[""A"" [3 3]]]] [{citizen 27} [[""A"" [3 3]]]] [{citizen 4} [[""A"" [3 3]]]] [{media 55} [[""A"" [3 3]]]] [{citizen 1} [[""A"" [3 3]]]] [{citizen 14} [[""A"" [3 3]]]] [{media 62} [[""A"" [3 3]]]] [{media 53} [[""A"" [3 3]]]] [{media 52} [[""A"" [3 3]]]] [{media 61} [[""A"" [3 3]]]] [{citizen 9} [[""A"" [3 3]]]] [{citizen 12} [[""A"" [3 3]]]] [{citizen 43} [[""A"" [3 3]]]] [{citizen 3} [[""A"" [3 3]]]] [{citizen 45} [[""A"" [3 3]]]] [{citizen 20} [[""A"" [3 3]]]] [{citizen 17} [[""A"" [3 3]]]] [{citizen 36} [[""A"" [3 3]]]] [{citizen 31} [[""A"" [3 3]]]] [{citizen 15} [[""A"" [3 3]]]] [{citizen 49} [[""A"" [3 3]]]] [{citizen 33} [[""A"" [3 3]]]] [{citizen 38} [[""A"" [3 3]]]] [{citizen 46} [[""A"" [3 3]]]] [{citizen 2} [[""A"" [3 3]]]] [{citizen 6} [[""A"" [3 3]]]] [{citizen 25} [[""A"" [3 3]]]] [{citizen 21} [[""A"" [3 3]]]] [{citizen 35} [[""A"" [3 3]]]] [{citizen 22} [[""A"" [3 3]]]] [{citizen 32} [[""A"" [3 3]]]] [{citizen 41} [[""A"" [3 3]]]] [{citizen 34} [[""A"" [3 3]]]] [{citizen 48} [[""A"" [3 3]]]] [{citizen 11} [[""A"" [3 3]]]] [{media 51} [[""A"" [3 3]]]] [{citizen 40} [[""A"" [3 3]]]] [{citizen 18} [[""A"" [3 3]]]] [{citizen 44} [[""A"" [3 3]]]] [{citizen 47} [[""A"" [3 3]]]] [{citizen 39} [[""A"" [3 3]]]] [{citizen 30} [[""A"" [3 3]]]] [{citizen 26} [[""A"" [3 3]]]] [{citizen 24} [[""A"" [3 3]]]] [{citizen 13} [[""A"" [3 3]]]] [{citizen 28} [[""A"" [3 3]]]]]"
"43","[128 0 127]","101.73913043478261","10.068426558563733","-2.603371916654565","""circle""","""""","9.9","{breed citizens}","false","0.5","1","""up""",,"[[""ID"" 1] [""alpha"" 1] [""beta"" 1] [""malleable"" [""A""]] [""prior"" []] [""cont_tokens"" []] [""A"" 3]]","[[0 [0 1 2 3 4 6 7 8 9 10 13]] [1 [15 16 17 18 19 20 21 22 23 24 25 26 27]] [2 [28 29 30 31 32 33 34 35 36 37 38 39 40]] [3 [41 42 43 44 45 46 47 48 49 50 51 52 53]] [4 [54 55 56 57 58 59 60 61 62 63 64 65 66]] [5 [67 68 69 70 71 72 73 74 75 76 77 78 79]] [6 [80 81 82 83 84 85 86 87 88 89 90 91 92]] [7 [93 94 95 96 97 98 99 100 101 102 103 104 105]] [8 [106 107 108 109 110 111 112 113 114 115 116 117 118]] [9 [119 120 121 122 123 124 125 126 127 128 129 130 131]] [10 [132 133 134 135 136 137 138 139 140 141 142 143 144]] [11 [145 146 147 148 149 150 151 152 153 154 155 156 157]] [12 [158 159 160 161 162 163 164 165 166 167 168 169 170]] [13 [171 172 173 174 175 176 177 178 179 180 181 182 183]] [14 [184 185 186 187 188 189 190 191 192 193 194 195 196]] [15 [197 198 199 200 201 202 203 204 205 206 207 208 209]] [16 [210 211 212 213 214 215 216 217 218 219 220 221 222]] [17 [223 224 225 226 227 228 229 230 231 232 233 234 235]] [18 [236 237 238 239 240 241 242 243 244 245 246 247 248]] [19 [249 250 251 252 253 254 255 256 257 258 259 260 261]] [20 [262 263 264 265 266 267 268 269 270 271 272 273 274]] [21 [275 276 277 278 279 280 281 282 283 284 285 286 287]] [22 [288 289 290 291 292 293 294 295 296 297 298 299 300]] [23 [301 302 303 304 305 306 307 308 309 310 311 312 313]] [24 [314 315 316 317 318 319 320 321 322 323 324 325 326]] [25 [327 328 329 330 331 332 333 334 335 336 337 338 339]] [26 [340 341 342 343 344 345 346 347 348 349 350 351 352]] [27 [353 354 355 356 357 358 359 360 361 362 363 364 365]] [28 [366 367 368 369 370 371 372 373 374 375 376 377 378]] [29 [379 380 381 382 383 384 385 386 387 388 389 390 391]] [30 [392 393 394 395 396 397 398 399 400 401 402 403 404]] [31 [405 406 407 408 409 410 411 412 413 414 415 416 417]] [32 [418 419 420 421 422 423 424 425 426 427 428 429 430]] [33 [431 432 433 434 435 436 437 438 439 440 441 442 443]] [34 [444 445 446 447 448 449 450 451 452 453 454 455 456]] [35 [457 458 459 460 461 462 463 464 465 466 467 468 469]] [36 [470 471 472 473 474 475 476 477 478 479 480 481 482]] [37 [483 484 485 486 487 488 489 490 491 492 493 494 495]] [38 [496 497 498 499 500 501 502 503 504 505 506 507 508]] [39 [509 510 511 512 513 514 515 516 517 518 519 520 521]] [40 [522 523 524 525 526 527 528 529 530 531 532 533 534]] [41 [535 536 537 538 539 540 541 542 543 544 545 546 547]] [42 [548 549 550 551 552 553 554 555 556 557 558 559 560]] [43 [561 562 563 564 565 566 567 568 569 570 571 572 573]] [44 [574 575 576 577 578 579 580 581 582 583 584 585 586]] [45 [587 588 589 590 591 592 593 594 595 596 597 598 599]] [46 [600 601 602 603 604 605 606 607 608 609 610 611 612]] [47 [613 614 615 616 617 618 619 620 621 622 623 624 625]] [48 [626 627 628 629 630 631 632 633 634 635 636 637 638]] [49 [639 640 641 642 643 644 645 646 647 648 649 650 651]] [50 [652 653 654 655 656 657 658 659 660 661 662 663 664]] [51 [665 666 667 668 669 670 671 672 673 674 675 676 677]] [52 [678 679 680 681 682 683 684 685 686 687 688 689 690]] [53 [691 692 693 694 695 696 697 698 699 700 701 702 703]] [54 [704 705 706 707 708 709 710 711 712 713 714 715 716]] [55 [717 718 719 720 721 722 723 724 725 726 727 728 729]] [56 [730 731 732 733 734 735 736 737 738 739 740 741 742]] [57 [743 744 745 746 747 748 749 750 751 752 753 754 755]] [58 [756 757 758 759 760 761 762 763 764 765 766 767 768]] [59 [769 770 771 772 773 774 775 776 777 778 779 780 781]] [60 [782 783 784 785 786 787 788 789 790 791 792 793 794]] [61 [795 796 797 798 799 800 801 802 803 804 805 806 807]] [62 [808 809 810 811 812 813 814 815 816 817 818 819 820]] [63 [821 822 823 824 825 826 827 828 829 830 831 832 833]] [64 [834 835 836 837 838 839 840 841 842 843 844 845 846]] [65 [847 848 849 850 851 852 853 854 855 856 857 858 859]] [66 [860 861 862 863 864 865 866 867 868 869 870 871 872]] [67 [873 874 875 876 877 878 879 880 881 882 883 884 885]] [68 [886 887 888 889 890 891 892 893 894 895 896 897 898]] [69 [899 900 901 902 903 904 905 906 907 908 909 910 911]] [70 [912 913 914 915 916 917 918 919 920 921 922 923 924]] [71 [925 926 927 928 929 930 931 932 933 934 935 936 937]] [72 [938 939 940 941 942 943 944 945 946 947 948 949 950]] [73 [951 952 953 954 955 956 957 958 959 960 961 962 963]] [74 [964 965 966 967 968 969 970 971 972 973 974 975 976]] [75 [977 978 979 980 981 982 983 984 985 986 987 988 989]] [76 [990 991 992 993 994 995 996 997 998 999 1000 1001 1002]] [77 [1003 1004 1005 1006 1007 1008 1009 1010 1011 1012 1013 1014 1015]] [78 [1016 1017 1018 1019 1020 1021 1022 1023 1024 1025 1026 1027 1028]] [79 [1029 1030 1031 1032 1033 1034 1035 1036 1037 1038 1039 1040 1041]] [80 [1042 1043 1044 1045 1046 1047 1048 1049 1050 1051 1052 1053 1054]] [81 [1055 1056 1057 1058 1059 1060 1061 1062 1063 1064 1065 1066 1067]] [82 [1068 1069 1070 1071 1072 1073 1074 1075 1076 1077 1078 1079 1080]] [83 [1081 1082 1083 1084 1085 1086 1087 1088 1089 1090 1091 1092 1093]] [84 [1094 1095 1096 1097 1098 1099 1100 1101 1102 1103 1104 1105 1106]] [85 [1107 1108 1109 1110 1111 1112 1113 1114 1115 1116 1117 1118 1119]] [86 [1120 1121 1122 1123 1124 1125 1126 1127 1128 1129 1130 1131 1132]] [87 [1133 1134 1135 1136 1137 1138 1139 1140 1141 1142 1143 1144 1145]] [88 [1146 1147 1148 1149 1150 1151 1152 1153 1154 1155 1156 1157 1158]] [89 [1159 1160 1161 1162 1163 1164 1165 1166 1167 1168 1169 1170 1171]] [90 [1172 1173 1174 1175 1176 1177 1178 1179 1180 1181 1182 1183 1184]] [91 [1185 1186 1187 1188 1189 1190 1191 1192 1193 1194 1195 1196 1197]] [92 [1198 1199 1200 1201 1202 1203 1204 1205 1206 1207 1208 1209 1210]] [93 [1211 1212 1213 1214 1215 1216 1217 1218 1219 1220 1221 1222 1223]] [94 [1224 1225 1226 1227 1228 1229 1230 1231 1232 1233 1234 1235 1236]] [95 [1237 1238 1239 1240 1241 1242 1243 1244 1245 1246 1247 1248 1249]] [96 [1250 1251 1252 1253 1254 1255 1256 1257 1258 1259 1260 1261 1262]] [97 [1263 1264 1265 1266 1267 1268 1269 1270 1271 1272 1273 1274 1275]] [98 [1276 1277 1278 1279 1280 1281 1282 1283 1284 1285 1286 1287 1288]] [99 [1289 1290 1291 1292 1293 1294 1295 1296 1297 1298 1299 1300 1301]]]","[[0 [0 1 2 3 4 6 7 8 9 10 13]] [1 [15 16 17 18 19 20 21 22 23 24 25 26 27]] [2 [28 29 30 31 32 33 34 35 36 37 38 39 40]] [3 [41 42 43 44 45 46 47 48 49 50 51 52 53]] [4 [54 55 56 57 58 59 60 61 62 63 64 65 66]] [5 [67 68 69 70 71 72 73 74 75 76 77 78 79]] [6 [80 81 82 83 84 85 86 87 88 89 90 91 92]] [7 [93 94 95 96 97 98 99 100 101 102 103 104 105]] [8 [106 107 108 109 110 111 112 113 114 115 116 117 118]] [9 [119 120 121 122 123 124 125 126 127 128 129 130 131]] [10 [132 133 134 135 136 137 138 139 140 141 142 143 144]] [11 [145 146 147 148 149 150 151 152 153 154 155 156 157]] [12 [158 159 160 161 162 163 164 165 166 167 168 169 170]] [13 [171 172 173 174 175 176 177 178 179 180 181 182 183]] [14 [184 185 186 187 188 189 190 191 192 193 194 195 196]] [15 [197 198 199 200 201 202 203 204 205 206 207 208 209]] [16 [210 211 212 213 214 215 216 217 218 219 220 221 222]] [17 [223 224 225 226 227 228 229 230 231 232 233 234 235]] [18 [236 237 238 239 240 241 242 243 244 245 246 247 248]] [19 [249 250 251 252 253 254 255 256 257 258 259 260 261]] [20 [262 263 264 265 266 267 268 269 270 271 272 273 274]] [21 [275 276 277 278 279 280 281 282 283 284 285 286 287]] [22 [288 289 290 291 292 293 294 295 296 297 298 299 300]] [23 [301 302 303 304 305 306 307 308 309 310 311 312 313]] [24 [314 315 316 317 318 319 320 321 322 323 324 325 326]] [25 [327 328 329 330 331 332 333 334 335 336 337 338 339]] [26 [340 341 342 343 344 345 346 347 348 349 350 351 352]] [27 [353 354 355 356 357 358 359 360 361 362 363 364 365]] [28 [366 367 368 369 370 371 372 373 374 375 376 377 378]] [29 [379 380 381 382 383 384 385 386 387 388 389 390 391]] [30 [392 393 394 395 396 397 398 399 400 401 402 403 404]] [31 [405 406 407 408 409 410 411 412 413 414 415 416 417]] [32 [418 419 420 421 422 423 424 425 426 427 428 429 430]] [33 [431 432 433 434 435 436 437 438 439 440 441 442 443]] [34 [444 445 446 447 448 449 450 451 452 453 454 455 456]] [35 [457 458 459 460 461 462 463 464 465 466 467 468 469]] [36 [470 471 472 473 474 475 476 477 478 479 480 481 482]] [37 [483 484 485 486 487 488 489 490 491 492 493 494 495]] [38 [496 497 498 499 500 501 502 503 504 505 506 507 508]] [39 [509 510 511 512 513 514 515 516 517 518 519 520 521]] [40 [522 523 524 525 526 527 528 529 530 531 532 533 534]] [41 [535 536 537 538 539 540 541 542 543 544 545 546 547]] [42 [548 549 550 551 552 553 554 555 556 557 558 559 560]] [43 [561 562 563 564 565 566 567 568 569 570 571 572 573]] [44 [574 575 576 577 578 579 580 581 582 583 584 585 586]] [45 [587 588 589 590 591 592 593 594 595 596 597 598 599]] [46 [600 601 602 603 604 605 606 607 608 609 610 611 612]] [47 [613 614 615 616 617 618 619 620 621 622 623 624 625]] [48 [626 627 628 629 630 631 632 633 634 635 636 637 638]] [49 [639 640 641 642 643 644 645 646 647 648 649 650 651]] [50 [652 653 654 655 656 657 658 659 660 661 662 663 664]] [51 [665 666 667 668 669 670 671 672 673 674 675 676 677]] [52 [678 679 680 681 682 683 684 685 686 687 688 689 690]] [53 [691 692 693 694 695 696 697 698 699 700 701 702 703]] [54 [704 705 706 707 708 709 710 711 712 713 714 715 716]] [55 [717 718 719 720 721 722 723 724 725 726 727 728 729]] [56 [730 731 732 733 734 735 736 737 738 739 740 741 742]] [57 [743 744 745 746 747 748 749 750 751 752 753 754 755]] [58 [756 757 758 759 760 761 762 763 764 765 766 767 768]] [59 [769 770 771 772 773 774 775 776 777 778 779 780 781]] [60 [782 783 784 785 786 787 788 789 790 791 792 793 794]] [61 [795 796 797 798 799 800 801 802 803 804 805 806 807]] [62 [808 809 810 811 812 813 814 815 816 817 818 819 820]] [63 [821 822 823 824 825 826 827 828 829 830 831 832 833]] [64 [834 835 836 837 838 839 840 841 842 843 844 845 846]] [65 [847 848 849 850 851 852 853 854 855 856 857 858 859]] [66 [860 861 862 863 864 865 866 867 868 869 870 871 872]] [67 [873 874 875 876 877 878 879 880 881 882 883 884 885]] [68 [886 887 888 889 890 891 892 893 894 895 896 897 898]] [69 [899 900 901 902 903 904 905 906 907 908 909 910 911]] [70 [912 913 914 915 916 917 918 919 920 921 922 923 924]] [71 [925 926 927 928 929 930 931 932 933 934 935 936 937]] [72 [938 939 940 941 942 943 944 945 946 947 948 949 950]] [73 [951 952 953 954 955 956 957 958 959 960 961 962 963]] [74 [964 965 966 967 968 969 970 971 972 973 974 975 976]] [75 [977 978 979 980 981 982 983 984 985 986 987 988 989]] [76 [990 991 992 993 994 995 996 997 998 999 1000 1001 1002]] [77 [1003 1004 1005 1006 1007 1008 1009 1010 1011 1012 1013 1014 1015]] [78 [1016 1017 1018 1019 1020 1021 1022 1023 1024 1025 1026 1027 1028]] [79 [1029 1030 1031 1032 1033 1034 1035 1036 1037 1038 1039 1040 1041]] [80 [1042 1043 1044 1045 1046 1047 1048 1049 1050 1051 1052 1053 1054]] [81 [1055 1056 1057 1058 1059 1060 1061 1062 1063 1064 1065 1066 1067]] [82 [1068 1069 1070 1071 1072 1073 1074 1075 1076 1077 1078 1079 1080]] [83 [1081 1082 1083 1084 1085 1086 1087 1088 1089 1090 1091 1092 1093]] [84 [1094 1095 1096 1097 1098 1099 1100 1101 1102 1103 1104 1105 1106]] [85 [1107 1108 1109 1110 1111 1112 1113 1114 1115 1116 1117 1118 1119]] [86 [1120 1121 1122 1123 1124 1125 1126 1127 1128 1129 1130 1131 1132]] [87 [1133 1134 1135 1136 1137 1138 1139 1140 1141 1142 1143 1144 1145]] [88 [1146 1147 1148 1149 1150 1151 1152 1153 1154 1155 1156 1157 1158]] [89 [1159 1160 1161 1162 1163 1164 1165 1166 1167 1168 1169 1170 1171]] [90 [1172 1173 1174 1175 1176 1177 1178 1179 1180 1181 1182 1183 1184]] [91 [1185 1186 1187 1188 1189 1190 1191 1192 1193 1194 1195 1196 1197]] [92 [1198 1199 1200 1201 1202 1203 1204 1205 1206 1207 1208 1209 1210]] [93 [1211 1212 1213 1214 1215 1216 1217 1218 1219 1220 1221 1222 1223]] [94 [1224 1225 1226 1227 1228 1229 1230 1231 1232 1233 1234 1235 1236]] [95 [1237 1238 1239 1240 1241 1242 1243 1244 1245 1246 1247 1248 1249]] [96 [1250 1251 1252 1253 1254 1255 1256 1257 1258 1259 1260 1261 1262]] [97 [1263 1264 1265 1266 1267 1268 1269 1270 1271 1272 1273 1274 1275]] [98 [1276 1277 1278 1279 1280 1281 1282 1283 1284 1285 1286 1287 1288]] [99 [1289 1290 1291 1292 1293 1294 1295 1296 1297 1298 1299 1300 1301]]]",,"[[{media 56} [[""A"" [3 3]]]] [{media 57} [[""A"" [3 3]]]] [{media 59} [[""A"" [3 3]]]] [{media 63} [[""A"" [3 3]]]] [{media 64} [[""A"" [3 3]]]] [{citizen 6} [[""A"" [3 3]]]] [{citizen 20} [[""A"" [3 3]]]] [{media 54} [[""A"" [3 3]]]] [{citizen 5} [[""A"" [3 3]]]] [{citizen 12} [[""A"" [3 3]]]] [{citizen 16} [[""A"" [3 3]]]] [{citizen 18} [[""A"" [3 3]]]] [{citizen 17} [[""A"" [3 3]]]] [{media 50} [[""A"" [3 3]]]] [{citizen 0} [[""A"" [3 3]]]] [{citizen 4} [[""A"" [3 3]]]] [{media 55} [[""A"" [3 3]]]] [{citizen 1} [[""A"" [3 3]]]] [{citizen 8} [[""A"" [3 3]]]] [{media 62} [[""A"" [3 3]]]] [{media 53} [[""A"" [3 3]]]] [{media 52} [[""A"" [3 3]]]] [{citizen 3} [[""A"" [3 3]]]] [{media 61} [[""A"" [3 3]]]] [{citizen 9} [[""A"" [3 3]]]] [{citizen 15} [[""A"" [3 3]]]] [{citizen 49} [[""A"" [3 3]]]] [{citizen 7} [[""A"" [3 3]]]] [{citizen 23} [[""A"" [3 3]]]] [{citizen 33} [[""A"" [3 3]]]] [{citizen 38} [[""A"" [3 3]]]] [{citizen 46} [[""A"" [3 3]]]] [{citizen 2} [[""A"" [3 3]]]] [{citizen 45} [[""A"" [3 3]]]] [{citizen 25} [[""A"" [3 3]]]] [{citizen 21} [[""A"" [3 3]]]] [{citizen 35} [[""A"" [3 3]]]] [{citizen 22} [[""A"" [3 3]]]] [{citizen 32} [[""A"" [3 3]]]] [{citizen 14} [[""A"" [3 3]]]] [{citizen 42} [[""A"" [3 3]]]] [{citizen 19} [[""A"" [3 3]]]] [{citizen 34} [[""A"" [3 3]]]] [{citizen 37} [[""A"" [3 3]]]] [{citizen 41} [[""A"" [3 3]]]] [{citizen 29} [[""A"" [3 3]]]] [{citizen 10} [[""A"" [3 3]]]] [{citizen 11} [[""A"" [3 3]]]] [{media 51} [[""A"" [3 3]]]] [{citizen 40} [[""A"" [3 3]]]] [{citizen 31} [[""A"" [3 3]]]] [{citizen 44} [[""A"" [3 3]]]] [{citizen 27} [[""A"" [3 3]]]] [{citizen 13} [[""A"" [3 3]]]] [{citizen 36} [[""A"" [3 3]]]] [{citizen 47} [[""A"" [3 3]]]] [{citizen 39} [[""A"" [3 3]]]] [{citizen 30} [[""A"" [3 3]]]] [{citizen 48} [[""A"" [3 3]]]] [{citizen 26} [[""A"" [3 3]]]] [{citizen 24} [[""A"" [3 3]]]] [{citizen 28} [[""A"" [3 3]]]]]"
"44","[128 0 127]","332.608695652174","-2.4655114313094604","4.960960616879372","""circle""","""""","9.9","{breed citizens}","false","0.5","1","""up""",,"[[""ID"" 29] [""alpha"" 1] [""beta"" 1] [""malleable"" [""A""]] [""prior"" []] [""cont_tokens"" []] [""A"" 3]]","[[0 [0 1 2 3 4 6 7 8 9 10 11 13 14]] [1 [15 16 17 18 19 20 21 22 23 24 25 26 27]] [2 [28 29 30 31 32 33 34 35 36 37 38 39 40]] [3 [41 42 43 44 45 46 47 48 49 50 51 52 53]] [4 [54 55 56 57 58 59 60 61 62 63 64 65 66]] [5 [67 68 69 70 71 72 73 74 75 76 77 78 79]] [6 [80 81 82 83 84 85 86 87 88 89 90 91 92]] [7 [93 94 95 96 97 98 99 100 101 102 103 104 105]] [8 [106 107 108 109 110 111 112 113 114 115 116 117 118]] [9 [119 120 121 122 123 124 125 126 127 128 129 130 131]] [10 [132 133 134 135 136 137 138 139 140 141 142 143 144]] [11 [145 146 147 148 149 150 151 152 153 154 155 156 157]] [12 [158 159 160 161 162 163 164 165 166 167 168 169 170]] [13 [171 172 173 174 175 176 177 178 179 180 181 182 183]] [14 [184 185 186 187 188 189 190 191 192 193 194 195 196]] [15 [197 198 199 200 201 202 203 204 205 206 207 208 209]] [16 [210 211 212 213 214 215 216 217 218 219 220 221 222]] [17 [223 224 225 226 227 228 229 230 231 232 233 234 235]] [18 [236 237 238 239 240 241 242 243 244 245 246 247 248]] [19 [249 250 251 252 253 254 255 256 257 258 259 260 261]] [20 [262 263 264 265 266 267 268 269 270 271 272 273 274]] [21 [275 276 277 278 279 280 281 282 283 284 285 286 287]] [22 [288 289 290 291 292 293 294 295 296 297 298 299 300]] [23 [301 302 303 304 305 306 307 308 309 310 311 312 313]] [24 [314 315 316 317 318 319 320 321 322 323 324 325 326]] [25 [327 328 329 330 331 332 333 334 335 336 337 338 339]] [26 [340 341 342 343 344 345 346 347 348 349 350 351 352]] [27 [353 354 355 356 357 358 359 360 361 362 363 364 365]] [28 [366 367 368 369 370 371 372 373 374 375 376 377 378]] [29 [379 380 381 382 383 384 385 386 387 388 389 390 391]] [30 [392 393 394 395 396 397 398 399 400 401 402 403 404]] [31 [405 406 407 408 409 410 411 412 413 414 415 416 417]] [32 [418 419 420 421 422 423 424 425 426 427 428 429 430]] [33 [431 432 433 434 435 436 437 438 439 440 441 442 443]] [34 [444 445 446 447 448 449 450 451 452 453 454 455 456]] [35 [457 458 459 460 461 462 463 464 465 466 467 468 469]] [36 [470 471 472 473 474 475 476 477 478 479 480 481 482]] [37 [483 484 485 486 487 488 489 490 491 492 493 494 495]] [38 [496 497 498 499 500 501 502 503 504 505 506 507 508]] [39 [509 510 511 512 513 514 515 516 517 518 519 520 521]] [40 [522 523 524 525 526 527 528 529 530 531 532 533 534]] [41 [535 536 537 538 539 540 541 542 543 544 545 546 547]] [42 [548 549 550 551 552 553 554 555 556 557 558 559 560]] [43 [561 562 563 564 565 566 567 568 569 570 571 572 573]] [44 [574 575 576 577 578 579 580 581 582 583 584 585 586]] [45 [587 588 589 590 591 592 593 594 595 596 597 598 599]] [46 [600 601 602 603 604 605 606 607 608 609 610 611 612]] [47 [613 614 615 616 617 618 619 620 621 622 623 624 625]] [48 [626 627 628 629 630 631 632 633 634 635 636 637 638]] [49 [639 640 641 642 643 644 645 646 647 648 649 650 651]] [50 [652 653 654 655 656 657 658 659 660 661 662 663 664]] [51 [665 666 667 668 669 670 671 672 673 674 675 676 677]] [52 [678 679 680 681 682 683 684 685 686 687 688 689 690]] [53 [691 692 693 694 695 696 697 698 699 700 701 702 703]] [54 [704 705 706 707 708 709 710 711 712 713 714 715 716]] [55 [717 718 719 720 721 722 723 724 725 726 727 728 729]] [56 [730 731 732 733 734 735 736 737 738 739 740 741 742]] [57 [743 744 745 746 747 748 749 750 751 752 753 754 755]] [58 [756 757 758 759 760 761 762 763 764 765 766 767 768]] [59 [769 770 771 772 773 774 775 776 777 778 779 780 781]] [60 [782 783 784 785 786 787 788 789 790 791 792 793 794]] [61 [795 796 797 798 799 800 801 802 803 804 805 806 807]] [62 [808 809 810 811 812 813 814 815 816 817 818 819 820]] [63 [821 822 823 824 825 826 827 828 829 830 831 832 833]] [64 [834 835 836 837 838 839 840 841 842 843 844 845 846]] [65 [847 848 849 850 851 852 853 854 855 856 857 858 859]] [66 [860 861 862 863 864 865 866 867 868 869 870 871 872]] [67 [873 874 875 876 877 878 879 880 881 882 883 884 885]] [68 [886 887 888 889 890 891 892 893 894 895 896 897 898]] [69 [899 900 901 902 903 904 905 906 907 908 909 910 911]] [70 [912 913 914 915 916 917 918 919 920 921 922 923 924]] [71 [925 926 927 928 929 930 931 932 933 934 935 936 937]] [72 [938 939 940 941 942 943 944 945 946 947 948 949 950]] [73 [951 952 953 954 955 956 957 958 959 960 961 962 963]] [74 [964 965 966 967 968 969 970 971 972 973 974 975 976]] [75 [977 978 979 980 981 982 983 984 985 986 987 988 989]] [76 [990 991 992 993 994 995 996 997 998 999 1000 1001 1002]] [77 [1003 1004 1005 1006 1007 1008 1009 1010 1011 1012 1013 1014 1015]] [78 [1016 1017 1018 1019 1020 1021 1022 1023 1024 1025 1026 1027 1028]] [79 [1029 1030 1031 1032 1033 1034 1035 1036 1037 1038 1039 1040 1041]] [80 [1042 1043 1044 1045 1046 1047 1048 1049 1050 1051 1052 1053 1054]] [81 [1055 1056 1057 1058 1059 1060 1061 1062 1063 1064 1065 1066 1067]] [82 [1068 1069 1070 1071 1072 1073 1074 1075 1076 1077 1078 1079 1080]] [83 [1081 1082 1083 1084 1085 1086 1087 1088 1089 1090 1091 1092 1093]] [84 [1094 1095 1096 1097 1098 1099 1100 1101 1102 1103 1104 1105 1106]] [85 [1107 1108 1109 1110 1111 1112 1113 1114 1115 1116 1117 1118 1119]] [86 [1120 1121 1122 1123 1124 1125 1126 1127 1128 1129 1130 1131 1132]] [87 [1133 1134 1135 1136 1137 1138 1139 1140 1141 1142 1143 1144 1145]] [88 [1146 1147 1148 1149 1150 1151 1152 1153 1154 1155 1156 1157 1158]] [89 [1159 1160 1161 1162 1163 1164 1165 1166 1167 1168 1169 1170 1171]] [90 [1172 1173 1174 1175 1176 1177 1178 1179 1180 1181 1182 1183 1184]] [91 [1185 1186 1187 1188 1189 1190 1191 1192 1193 1194 1195 1196 1197]] [92 [1198 1199 1200 1201 1202 1203 1204 1205 1206 1207 1208 1209 1210]] [93 [1211 1212 1213 1214 1215 1216 1217 1218 1219 1220 1221 1222 1223]] [94 [1224 1225 1226 1227 1228 1229 1230 1231 1232 1233 1234 1235 1236]] [95 [1237 1238 1239 1240 1241 1242 1243 1244 1245 1246 1247 1248 1249]] [96 [1250 1251 1252 1253 1254 1255 1256 1257 1258 1259 1260 1261 1262]] [97 [1263 1264 1265 1266 1267 1268 1269 1270 1271 1272 1273 1274 1275]] [98 [1276 1277 1278 1279 1280 1281 1282 1283 1284 1285 1286 1287 1288]] [99 [1289 1290 1291 1292 1293 1294 1295 1296 1297 1298 1299 1300 1301]]]","[[0 [0 1 2 3 4 6 7 8 9 10 11 13 14]] [1 [15 16 17 18 19 20 21 22 23 24 25 26 27]] [2 [28 29 30 31 32 33 34 35 36 37 38 39 40]] [3 [41 42 43 44 45 46 47 48 49 50 51 52 53]] [4 [54 55 56 57 58 59 60 61 62 63 64 65 66]] [5 [67 68 69 70 71 72 73 74 75 76 77 78 79]] [6 [80 81 82 83 84 85 86 87 88 89 90 91 92]] [7 [93 94 95 96 97 98 99 100 101 102 103 104 105]] [8 [106 107 108 109 110 111 112 113 114 115 116 117 118]] [9 [119 120 121 122 123 124 125 126 127 128 129 130 131]] [10 [132 133 134 135 136 137 138 139 140 141 142 143 144]] [11 [145 146 147 148 149 150 151 152 153 154 155 156 157]] [12 [158 159 160 161 162 163 164 165 166 167 168 169 170]] [13 [171 172 173 174 175 176 177 178 179 180 181 182 183]] [14 [184 185 186 187 188 189 190 191 192 193 194 195 196]] [15 [197 198 199 200 201 202 203 204 205 206 207 208 209]] [16 [210 211 212 213 214 215 216 217 218 219 220 221 222]] [17 [223 224 225 226 227 228 229 230 231 232 233 234 235]] [18 [236 237 238 239 240 241 242 243 244 245 246 247 248]] [19 [249 250 251 252 253 254 255 256 257 258 259 260 261]] [20 [262 263 264 265 266 267 268 269 270 271 272 273 274]] [21 [275 276 277 278 279 280 281 282 283 284 285 286 287]] [22 [288 289 290 291 292 293 294 295 296 297 298 299 300]] [23 [301 302 303 304 305 306 307 308 309 310 311 312 313]] [24 [314 315 316 317 318 319 320 321 322 323 324 325 326]] [25 [327 328 329 330 331 332 333 334 335 336 337 338 339]] [26 [340 341 342 343 344 345 346 347 348 349 350 351 352]] [27 [353 354 355 356 357 358 359 360 361 362 363 364 365]] [28 [366 367 368 369 370 371 372 373 374 375 376 377 378]] [29 [379 380 381 382 383 384 385 386 387 388 390 391]] [30 [392 393 394 395 396 397 398 399 400 401 402 403 404]] [31 [405 406 407 408 409 410 411 412 413 414 415 416 417]] [32 [418 419 420 421 422 423 424 425 426 427 428 429 430]] [33 [431 432 433 434 435 436 437 438 439 440 441 442 443]] [34 [444 445 446 448 449 450 451 452 453 454 455 456]] [35 [457 458 459 460 461 462 463 464 465 466 467 468 469]] [36 [470 471 472 473 474 475 476 477 478 479 480 481 482]] [37 [483 484 485 486 487 488 489 490 491 492 493 494 495]] [38 [496 497 498 499 500 501 502 503 504 505 506 507 508]] [39 [509 510 511 512 513 514 515 516 517 518 519 520 521]] [40 [522 523 524 525 526 527 528 529 530 531 532 533 534]] [41 [535 536 537 538 539 540 541 542 543 544 545 546 547]] [42 [548 549 550 551 552 553 554 555 556 557 558 559 560]] [43 [561 562 563 564 565 566 567 568 569 570 571 572 573]] [44 [574 575 576 577 578 579 580 581 582 583 584 585 586]] [45 [587 588 589 590 591 592 593 594 595 596 597 598 599]] [46 [600 601 602 603 604 605 606 607 608 609 610 611 612]] [47 [613 614 615 616 617 618 619 620 621 622 623 624 625]] [48 [626 627 628 629 630 631 632 633 634 635 636 637 638]] [49 [639 640 641 642 643 644 645 646 647 648 649 650 651]] [50 [652 653 654 655 656 657 658 659 660 661 662 663 664]] [51 [665 666 667 668 669 670 671 672 673 674 675 676 677]] [52 [678 679 680 681 682 683 684 685 686 687 688 689 690]] [53 [691 692 693 694 695 696 697 698 699 700 701 702 703]] [54 [704 705 706 707 708 709 710 711 712 713 714 715 716]] [55 [717 718 719 720 721 722 723 724 725 726 727 728 729]] [56 [730 731 732 733 734 735 736 737 738 739 740 741 742]] [57 [743 744 745 746 747 748 749 750 751 752 753 754 755]] [58 [756 757 758 759 760 761 762 763 764 765 766 767 768]] [59 [769 770 771 772 773 774 775 776 777 778 779 780 781]] [60 [782 783 784 785 786 787 788 789 790 791 792 793 794]] [61 [795 796 797 798 799 800 801 802 803 804 805 806 807]] [62 [808 809 810 811 812 813 814 815 816 817 818 819 820]] [63 [821 822 823 824 825 826 827 828 829 830 831 832 833]] [64 [834 835 836 837 838 839 840 841 842 843 844 845 846]] [65 [847 848 849 850 851 852 853 854 855 856 857 858 859]] [66 [860 861 862 863 864 865 866 867 868 869 870 871 872]] [67 [873 874 875 876 877 878 879 880 881 882 883 884 885]] [68 [886 887 888 889 890 891 892 893 894 895 896 897 898]] [69 [899 900 901 902 903 904 905 906 907 908 909 910 911]] [70 [912 913 914 915 916 917 918 919 920 921 922 923 924]] [71 [925 926 927 928 929 930 931 932 933 934 935 936 937]] [72 [938 939 940 941 942 943 944 945 946 947 948 949 950]] [73 [951 952 953 954 955 956 957 958 959 960 961 962 963]] [74 [964 965 966 967 968 969 970 971 972 973 974 975 976]] [75 [977 978 979 980 981 982 983 984 985 986 987 988 989]] [76 [990 991 992 993 994 995 996 997 998 999 1000 1001 1002]] [77 [1003 1004 1005 1006 1007 1008 1009 1010 1011 1012 1013 1014 1015]] [78 [1016 1017 1018 1019 1020 1021 1022 1023 1024 1025 1026 1027 1028]] [79 [1029 1030 1031 1032 1033 1034 1035 1036 1037 1038 1039 1040 1041]] [80 [1042 1043 1044 1045 1046 1047 1048 1049 1050 1051 1052 1053 1054]] [81 [1055 1056 1057 1058 1059 1060 1061 1062 1063 1064 1065 1066 1067]] [82 [1068 1069 1070 1071 1072 1073 1074 1075 1076 1077 1078 1079 1080]] [83 [1081 1082 1083 1084 1085 1086 1087 1088 1089 1090 1091 1092 1093]] [84 [1094 1095 1096 1097 1098 1099 1100 1101 1102 1103 1104 1105 1106]] [85 [1107 1108 1109 1110 1111 1112 1113 1114 1115 1116 1117 1118 1119]] [86 [1120 1121 1122 1123 1124 1125 1126 1127 1128 1129 1130 1131 1132]] [87 [1133 1134 1135 1136 1137 1138 1139 1140 1141 1142 1143 1144 1145]] [88 [1146 1147 1148 1149 1150 1151 1152 1153 1154 1155 1156 1157 1158]] [89 [1159 1160 1161 1162 1163 1164 1165 1166 1167 1168 1169 1170 1171]] [90 [1172 1173 1174 1175 1176 1177 1178 1179 1180 1181 1182 1183 1184]] [91 [1185 1186 1187 1188 1189 1190 1191 1192 1193 1194 1195 1196 1197]] [92 [1198 1199 1200 1201 1202 1203 1204 1205 1206 1207 1208 1209 1210]] [93 [1211 1212 1213 1214 1215 1216 1217 1218 1219 1220 1221 1222 1223]] [94 [1224 1225 1226 1227 1228 1229 1230 1231 1232 1233 1234 1235 1236]] [95 [1237 1238 1239 1240 1241 1242 1243 1244 1245 1246 1247 1248 1249]] [96 [1250 1251 1252 1253 1254 1255 1256 1257 1258 1259 1260 1261 1262]] [97 [1263 1264 1265 1266 1267 1268 1269 1270 1271 1272 1273 1274 1275]] [98 [1276 1277 1278 1279 1280 1281 1282 1283 1284 1285 1286 1287 1288]] [99 [1289 1290 1291 1292 1293 1294 1295 1296 1297 1298 1299 1300 1301]]]",,"[[{media 53} [[""A"" [3 3]]]] [{media 54} [[""A"" [3 3]]]] [{media 58} [[""A"" [5 3]]]] [{media 60} [[""A"" [6 3]]]] [{media 62} [[""A"" [3 3]]]] [{media 64} [[""A"" [3 3]]]] [{media 59} [[""A"" [3 3]]]] [{citizen 8} [[""A"" [3 3]]]] [{citizen 14} [[""A"" [3 3]]]] [{media 57} [[""A"" [3 3]]]] [{citizen 0} [[""A"" [3 3]]]] [{citizen 3} [[""A"" [3 3]]]] [{citizen 4} [[""A"" [3 3]]]] [{media 50} [[""A"" [3 3]]]] [{citizen 5} [[""A"" [3 3]]]] [{media 55} [[""A"" [3 3]]]] [{citizen 1} [[""A"" [3 3]]]] [{media 56} [[""A"" [3 3]]]] [{media 63} [[""A"" [3 3]]]] [{media 52} [[""A"" [3 3]]]] [{media 61} [[""A"" [3 3]]]] [{citizen 9} [[""A"" [3 3]]]] [{citizen 12} [[""A"" [3 3]]]] [{citizen 43} [[""A"" [3 3]]]] [{citizen 45} [[""A"" [3 3]]]] [{citizen 20} [[""A"" [3 3]]]] [{citizen 17} [[""A"" [3 3]]]] [{citizen 36} [[""A"" [3 3]]]] [{citizen 37} [[""A"" [3 3]]]] [{citizen 10} [[""A"" [3 3]]]] [{citizen 31} [[""A"" [3 3]]]] [{citizen 42} [[""A"" [3 3]]]] [{citizen 27} [[""A"" [3 3]]]] [{citizen 33} [[""A"" [3 3]]]] [{citizen 40} [[""A"" [3 3]]]] [{citizen 7} [[""A"" [3 3]]]] [{citizen 19} [[""A"" [3 3]]]] [{citizen 34} [[""A"" [3 3]]]] [{citizen 16} [[""A"" [3 3]]]] [{citizen 38} [[""A"" [3 3]]]] [{citizen 24} [[""A"" [3 3]]]] [{citizen 2} [[""A"" [3 3]]]] [{citizen 15} [[""A"" [3 3]]]] [{citizen 32} [[""A"" [3 3]]]] [{citizen 35} [[""A"" [3 3]]]] [{citizen 49} [[""A"" [3 3]]]] [{citizen 23} [[""A"" [3 3]]]] [{citizen 46} [[""A"" [3 3]]]] [{citizen 6} [[""A"" [3 3]]]] [{citizen 25} [[""A"" [3 3]]]] [{citizen 21} [[""A"" [3 3]]]] [{citizen 22} [[""A"" [3 3]]]] [{citizen 41} [[""A"" [3 3]]]] [{citizen 29} [[""A"" [3 3]]]] [{citizen 48} [[""A"" [3 3]]]] [{citizen 18} [[""A"" [3 3]]]] [{citizen 11} [[""A"" [3 3]]]] [{media 51} [[""A"" [3 3]]]] [{citizen 47} [[""A"" [3 3]]]] [{citizen 39} [[""A"" [3 3]]]] [{citizen 30} [[""A"" [3 3]]]] [{citizen 26} [[""A"" [3 3]]]] [{citizen 13} [[""A"" [3 3]]]] [{citizen 28} [[""A"" [3 3]]]]]"
"45","[128 0 127]","27.1304347826087","6.532062327387672","12.029560491362782","""circle""","""""","9.9","{breed citizens}","false","0.5","1","""up""",,"[[""ID"" 27] [""alpha"" 1] [""beta"" 1] [""malleable"" [""A""]] [""prior"" []] [""cont_tokens"" []] [""A"" 3]]","[[0 [0 1 2 3 4 6 7 8 9 10 13]] [1 [15 16 17 18 19 20 21 22 23 24 25 26 27]] [2 [28 29 30 31 32 33 34 35 36 37 38 39 40]] [3 [41 42 43 44 45 46 47 48 49 50 51 52 53]] [4 [54 55 56 57 58 59 60 61 62 63 64 65 66]] [5 [67 68 69 70 71 72 73 74 75 76 77 78 79]] [6 [80 81 82 83 84 85 86 87 88 89 90 91 92]] [7 [93 94 95 96 97 98 99 100 101 102 103 104 105]] [8 [106 107 108 109 110 111 112 113 114 115 116 117 118]] [9 [119 120 121 122 123 124 125 126 127 128 129 130 131]] [10 [132 133 134 135 136 137 138 139 140 141 142 143 144]] [11 [145 146 147 148 149 150 151 152 153 154 155 156 157]] [12 [158 159 160 161 162 163 164 165 166 167 168 169 170]] [13 [171 172 173 174 175 176 177 178 179 180 181 182 183]] [14 [184 185 186 187 188 189 190 191 192 193 194 195 196]] [15 [197 198 199 200 201 202 203 204 205 206 207 208 209]] [16 [210 211 212 213 214 215 216 217 218 219 220 221 222]] [17 [223 224 225 226 227 228 229 230 231 232 233 234 235]] [18 [236 237 238 239 240 241 242 243 244 245 246 247 248]] [19 [249 250 251 252 253 254 255 256 257 258 259 260 261]] [20 [262 263 264 265 266 267 268 269 270 271 272 273 274]] [21 [275 276 277 278 279 280 281 282 283 284 285 286 287]] [22 [288 289 290 291 292 293 294 295 296 297 298 299 300]] [23 [301 302 303 304 305 306 307 308 309 310 311 312 313]] [24 [314 315 316 317 318 319 320 321 322 323 324 325 326]] [25 [327 328 329 330 331 332 333 334 335 336 337 338 339]] [26 [340 341 342 343 344 345 346 347 348 349 350 351 352]] [27 [353 354 355 356 357 358 359 360 361 362 363 364 365]] [28 [366 367 368 369 370 371 372 373 374 375 376 377 378]] [29 [379 380 381 382 383 384 385 386 387 388 389 390 391]] [30 [392 393 394 395 396 397 398 399 400 401 402 403 404]] [31 [405 406 407 408 409 410 411 412 413 414 415 416 417]] [32 [418 419 420 421 422 423 424 425 426 427 428 429 430]] [33 [431 432 433 434 435 436 437 438 439 440 441 442 443]] [34 [444 445 446 447 448 449 450 451 452 453 454 455 456]] [35 [457 458 459 460 461 462 463 464 465 466 467 468 469]] [36 [470 471 472 473 474 475 476 477 478 479 480 481 482]] [37 [483 484 485 486 487 488 489 490 491 492 493 494 495]] [38 [496 497 498 499 500 501 502 503 504 505 506 507 508]] [39 [509 510 511 512 513 514 515 516 517 518 519 520 521]] [40 [522 523 524 525 526 527 528 529 530 531 532 533 534]] [41 [535 536 537 538 539 540 541 542 543 544 545 546 547]] [42 [548 549 550 551 552 553 554 555 556 557 558 559 560]] [43 [561 562 563 564 565 566 567 568 569 570 571 572 573]] [44 [574 575 576 577 578 579 580 581 582 583 584 585 586]] [45 [587 588 589 590 591 592 593 594 595 596 597 598 599]] [46 [600 601 602 603 604 605 606 607 608 609 610 611 612]] [47 [613 614 615 616 617 618 619 620 621 622 623 624 625]] [48 [626 627 628 629 630 631 632 633 634 635 636 637 638]] [49 [639 640 641 642 643 644 645 646 647 648 649 650 651]] [50 [652 653 654 655 656 657 658 659 660 661 662 663 664]] [51 [665 666 667 668 669 670 671 672 673 674 675 676 677]] [52 [678 679 680 681 682 683 684 685 686 687 688 689 690]] [53 [691 692 693 694 695 696 697 698 699 700 701 702 703]] [54 [704 705 706 707 708 709 710 711 712 713 714 715 716]] [55 [717 718 719 720 721 722 723 724 725 726 727 728 729]] [56 [730 731 732 733 734 735 736 737 738 739 740 741 742]] [57 [743 744 745 746 747 748 749 750 751 752 753 754 755]] [58 [756 757 758 759 760 761 762 763 764 765 766 767 768]] [59 [769 770 771 772 773 774 775 776 777 778 779 780 781]] [60 [782 783 784 785 786 787 788 789 790 791 792 793 794]] [61 [795 796 797 798 799 800 801 802 803 804 805 806 807]] [62 [808 809 810 811 812 813 814 815 816 817 818 819 820]] [63 [821 822 823 824 825 826 827 828 829 830 831 832 833]] [64 [834 835 836 837 838 839 840 841 842 843 844 845 846]] [65 [847 848 849 850 851 852 853 854 855 856 857 858 859]] [66 [860 861 862 863 864 865 866 867 868 869 870 871 872]] [67 [873 874 875 876 877 878 879 880 881 882 883 884 885]] [68 [886 887 888 889 890 891 892 893 894 895 896 897 898]] [69 [899 900 901 902 903 904 905 906 907 908 909 910 911]] [70 [912 913 914 915 916 917 918 919 920 921 922 923 924]] [71 [925 926 927 928 929 930 931 932 933 934 935 936 937]] [72 [938 939 940 941 942 943 944 945 946 947 948 949 950]] [73 [951 952 953 954 955 956 957 958 959 960 961 962 963]] [74 [964 965 966 967 968 969 970 971 972 973 974 975 976]] [75 [977 978 979 980 981 982 983 984 985 986 987 988 989]] [76 [990 991 992 993 994 995 996 997 998 999 1000 1001 1002]] [77 [1003 1004 1005 1006 1007 1008 1009 1010 1011 1012 1013 1014 1015]] [78 [1016 1017 1018 1019 1020 1021 1022 1023 1024 1025 1026 1027 1028]] [79 [1029 1030 1031 1032 1033 1034 1035 1036 1037 1038 1039 1040 1041]] [80 [1042 1043 1044 1045 1046 1047 1048 1049 1050 1051 1052 1053 1054]] [81 [1055 1056 1057 1058 1059 1060 1061 1062 1063 1064 1065 1066 1067]] [82 [1068 1069 1070 1071 1072 1073 1074 1075 1076 1077 1078 1079 1080]] [83 [1081 1082 1083 1084 1085 1086 1087 1088 1089 1090 1091 1092 1093]] [84 [1094 1095 1096 1097 1098 1099 1100 1101 1102 1103 1104 1105 1106]] [85 [1107 1108 1109 1110 1111 1112 1113 1114 1115 1116 1117 1118 1119]] [86 [1120 1121 1122 1123 1124 1125 1126 1127 1128 1129 1130 1131 1132]] [87 [1133 1134 1135 1136 1137 1138 1139 1140 1141 1142 1143 1144 1145]] [88 [1146 1147 1148 1149 1150 1151 1152 1153 1154 1155 1156 1157 1158]] [89 [1159 1160 1161 1162 1163 1164 1165 1166 1167 1168 1169 1170 1171]] [90 [1172 1173 1174 1175 1176 1177 1178 1179 1180 1181 1182 1183 1184]] [91 [1185 1186 1187 1188 1189 1190 1191 1192 1193 1194 1195 1196 1197]] [92 [1198 1199 1200 1201 1202 1203 1204 1205 1206 1207 1208 1209 1210]] [93 [1211 1212 1213 1214 1215 1216 1217 1218 1219 1220 1221 1222 1223]] [94 [1224 1225 1226 1227 1228 1229 1230 1231 1232 1233 1234 1235 1236]] [95 [1237 1238 1239 1240 1241 1242 1243 1244 1245 1246 1247 1248 1249]] [96 [1250 1251 1252 1253 1254 1255 1256 1257 1258 1259 1260 1261 1262]] [97 [1263 1264 1265 1266 1267 1268 1269 1270 1271 1272 1273 1274 1275]] [98 [1276 1277 1278 1279 1280 1281 1282 1283 1284 1285 1286 1287 1288]] [99 [1289 1290 1291 1292 1293 1294 1295 1296 1297 1298 1299 1300 1301]]]","[[0 [0 1 2 3 4 6 7 8 9 10 13]] [1 [15 16 17 18 19 20 21 22 23 24 25 26 27]] [2 [28 29 30 31 32 33 34 35 36 37 38 39 40]] [3 [41 42 43 44 45 46 47 48 49 50 51 52 53]] [4 [54 55 56 57 58 59 60 61 62 63 64 65 66]] [5 [67 68 69 70 71 72 73 74 75 76 77 78 79]] [6 [80 81 82 83 84 85 86 87 88 89 90 91 92]] [7 [93 94 95 96 97 98 99 100 101 102 103 104 105]] [8 [106 107 108 109 110 111 112 113 114 115 116 117 118]] [9 [119 120 121 122 123 124 125 126 127 128 129 130 131]] [10 [132 133 134 135 136 137 138 139 140 141 142 143 144]] [11 [145 146 147 148 149 150 151 152 153 154 155 156 157]] [12 [158 159 160 161 162 163 164 165 166 167 168 169 170]] [13 [171 172 173 174 175 176 177 178 179 180 181 182 183]] [14 [184 185 186 187 188 189 190 191 192 193 194 195 196]] [15 [197 198 199 200 201 202 203 204 205 206 207 208 209]] [16 [210 211 212 213 214 215 216 217 218 219 220 221 222]] [17 [223 224 225 226 227 228 229 230 231 232 233 234 235]] [18 [236 237 238 239 240 241 242 243 244 245 246 247 248]] [19 [249 250 251 252 253 254 255 256 257 258 259 260 261]] [20 [262 263 264 265 266 267 268 269 270 271 272 273 274]] [21 [275 276 277 278 279 280 281 282 283 284 285 286 287]] [22 [288 289 290 291 292 293 294 295 296 297 298 299 300]] [23 [301 302 303 304 305 306 307 308 309 310 311 312 313]] [24 [314 315 316 317 318 319 320 321 322 323 324 325 326]] [25 [327 328 329 330 331 332 333 334 335 336 337 338 339]] [26 [340 341 342 343 344 345 346 347 348 349 350 351 352]] [27 [353 354 355 356 357 358 359 360 361 362 363 364 365]] [28 [366 367 368 369 370 371 372 373 374 375 376 377 378]] [29 [379 380 381 382 383 384 385 386 387 388 389 390 391]] [30 [392 393 394 395 396 397 398 399 400 401 402 403 404]] [31 [405 406 407 408 409 410 411 412 413 414 415 416 417]] [32 [418 419 420 421 422 423 424 425 426 427 428 429 430]] [33 [431 432 433 434 435 436 437 438 439 440 441 442 443]] [34 [444 445 446 447 448 449 450 451 452 453 454 455 456]] [35 [457 458 459 460 461 462 463 464 465 466 467 468 469]] [36 [470 471 472 473 474 475 476 477 478 479 480 481 482]] [37 [483 484 485 486 487 488 489 490 491 492 493 494 495]] [38 [496 497 498 499 500 501 502 503 504 505 506 507 508]] [39 [509 510 511 512 513 514 515 516 517 518 519 520 521]] [40 [522 523 524 525 526 527 528 529 530 531 532 533 534]] [41 [535 536 537 538 539 540 541 542 543 544 545 546 547]] [42 [548 549 550 551 552 553 554 555 556 557 558 559 560]] [43 [561 562 563 564 565 566 567 568 569 570 571 572 573]] [44 [574 575 576 577 578 579 580 581 582 583 584 585 586]] [45 [587 588 589 590 591 592 593 594 595 596 597 598 599]] [46 [600 601 602 603 604 605 606 607 608 609 610 611 612]] [47 [613 614 615 616 617 618 619 620 621 622 623 624 625]] [48 [626 627 628 629 630 631 632 633 634 635 636 637 638]] [49 [639 640 641 642 643 644 645 646 647 648 649 650 651]] [50 [652 653 654 655 656 657 658 659 660 661 662 663 664]] [51 [665 666 667 668 669 670 671 672 673 674 675 676 677]] [52 [678 679 680 681 682 683 684 685 686 687 688 689 690]] [53 [691 692 693 694 695 696 697 698 699 700 701 702 703]] [54 [704 705 706 707 708 709 710 711 712 713 714 715 716]] [55 [717 718 719 720 721 722 723 724 725 726 727 728 729]] [56 [730 731 732 733 734 735 736 737 738 739 740 741 742]] [57 [743 744 745 746 747 748 749 750 751 752 753 754 755]] [58 [756 757 758 759 760 761 762 763 764 765 766 767 768]] [59 [769 770 771 772 773 774 775 776 777 778 779 780 781]] [60 [782 783 784 785 786 787 788 789 790 791 792 793 794]] [61 [795 796 797 798 799 800 801 802 803 804 805 806 807]] [62 [808 809 810 811 812 813 814 815 816 817 818 819 820]] [63 [821 822 823 824 825 826 827 828 829 830 831 832 833]] [64 [834 835 836 837 838 839 840 841 842 843 844 845 846]] [65 [847 848 849 850 851 852 853 854 855 856 857 858 859]] [66 [860 861 862 863 864 865 866 867 868 869 870 871 872]] [67 [873 874 875 876 877 878 879 880 881 882 883 884 885]] [68 [886 887 888 889 890 891 892 893 894 895 896 897 898]] [69 [899 900 901 902 903 904 905 906 907 908 909 910 911]] [70 [912 913 914 915 916 917 918 919 920 921 922 923 924]] [71 [925 926 927 928 929 930 931 932 933 934 935 936 937]] [72 [938 939 940 941 942 943 944 945 946 947 948 949 950]] [73 [951 952 953 954 955 956 957 958 959 960 961 962 963]] [74 [964 965 966 967 968 969 970 971 972 973 974 975 976]] [75 [977 978 979 980 981 982 983 984 985 986 987 988 989]] [76 [990 991 992 993 994 995 996 997 998 999 1000 1001 1002]] [77 [1003 1004 1005 1006 1007 1008 1009 1010 1011 1012 1013 1014 1015]] [78 [1016 1017 1018 1019 1020 1021 1022 1023 1024 1025 1026 1027 1028]] [79 [1029 1030 1031 1032 1033 1034 1035 1036 1037 1038 1039 1040 1041]] [80 [1042 1043 1044 1045 1046 1047 1048 1049 1050 1051 1052 1053 1054]] [81 [1055 1056 1057 1058 1059 1060 1061 1062 1063 1064 1065 1066 1067]] [82 [1068 1069 1070 1071 1072 1073 1074 1075 1076 1077 1078 1079 1080]] [83 [1081 1082 1083 1084 1085 1086 1087 1088 1089 1090 1091 1092 1093]] [84 [1094 1095 1096 1097 1098 1099 1100 1101 1102 1103 1104 1105 1106]] [85 [1107 1108 1109 1110 1111 1112 1113 1114 1115 1116 1117 1118 1119]] [86 [1120 1121 1122 1123 1124 1125 1126 1127 1128 1129 1130 1131 1132]] [87 [1133 1134 1135 1136 1137 1138 1139 1140 1141 1142 1143 1144 1145]] [88 [1146 1147 1148 1149 1150 1151 1152 1153 1154 1155 1156 1157 1158]] [89 [1159 1160 1161 1162 1163 1164 1165 1166 1167 1168 1169 1170 1171]] [90 [1172 1173 1174 1175 1176 1177 1178 1179 1180 1181 1182 1183 1184]] [91 [1185 1186 1187 1188 1189 1190 1191 1192 1193 1194 1195 1196 1197]] [92 [1198 1199 1200 1201 1202 1203 1204 1205 1206 1207 1208 1209 1210]] [93 [1211 1212 1213 1214 1215 1216 1217 1218 1219 1220 1221 1222 1223]] [94 [1224 1225 1226 1227 1228 1229 1230 1231 1232 1233 1234 1235 1236]] [95 [1237 1238 1239 1240 1241 1242 1243 1244 1245 1246 1247 1248 1249]] [96 [1250 1251 1252 1253 1254 1255 1256 1257 1258 1259 1260 1261 1262]] [97 [1263 1264 1265 1266 1267 1268 1269 1270 1271 1272 1273 1274 1275]] [98 [1276 1277 1278 1279 1280 1281 1282 1283 1284 1285 1286 1287 1288]] [99 [1289 1290 1291 1292 1293 1294 1295 1296 1297 1298 1299 1300 1301]]]",,"[[{media 53} [[""A"" [3 3]]]] [{media 54} [[""A"" [3 3]]]] [{media 56} [[""A"" [3 3]]]] [{media 62} [[""A"" [3 3]]]] [{media 63} [[""A"" [3 3]]]] [{media 64} [[""A"" [3 3]]]] [{media 59} [[""A"" [3 3]]]] [{citizen 6} [[""A"" [3 3]]]] [{citizen 20} [[""A"" [3 3]]]] [{citizen 25} [[""A"" [3 3]]]] [{citizen 5} [[""A"" [3 3]]]] [{citizen 7} [[""A"" [3 3]]]] [{citizen 36} [[""A"" [3 3]]]] [{media 57} [[""A"" [3 3]]]] [{citizen 17} [[""A"" [3 3]]]] [{media 50} [[""A"" [3 3]]]] [{citizen 4} [[""A"" [3 3]]]] [{media 55} [[""A"" [3 3]]]] [{citizen 0} [[""A"" [3 3]]]] [{citizen 1} [[""A"" [3 3]]]] [{citizen 8} [[""A"" [3 3]]]] [{citizen 2} [[""A"" [3 3]]]] [{citizen 12} [[""A"" [3 3]]]] [{media 52} [[""A"" [3 3]]]] [{media 61} [[""A"" [3 3]]]] [{citizen 9} [[""A"" [3 3]]]] [{citizen 43} [[""A"" [3 3]]]] [{citizen 3} [[""A"" [3 3]]]] [{citizen 15} [[""A"" [3 3]]]] [{citizen 49} [[""A"" [3 3]]]] [{citizen 23} [[""A"" [3 3]]]] [{citizen 33} [[""A"" [3 3]]]] [{citizen 16} [[""A"" [3 3]]]] [{citizen 38} [[""A"" [3 3]]]] [{citizen 46} [[""A"" [3 3]]]] [{citizen 37} [[""A"" [3 3]]]] [{citizen 19} [[""A"" [3 3]]]] [{citizen 21} [[""A"" [3 3]]]] [{citizen 41} [[""A"" [3 3]]]] [{citizen 14} [[""A"" [3 3]]]] [{citizen 29} [[""A"" [3 3]]]] [{citizen 10} [[""A"" [3 3]]]] [{citizen 34} [[""A"" [3 3]]]] [{citizen 48} [[""A"" [3 3]]]] [{citizen 31} [[""A"" [3 3]]]] [{citizen 27} [[""A"" [3 3]]]] [{citizen 42} [[""A"" [3 3]]]] [{citizen 18} [[""A"" [3 3]]]] [{citizen 47} [[""A"" [3 3]]]] [{citizen 32} [[""A"" [3 3]]]] [{citizen 35} [[""A"" [3 3]]]] [{citizen 24} [[""A"" [3 3]]]] [{citizen 40} [[""A"" [3 3]]]] [{citizen 11} [[""A"" [3 3]]]] [{media 51} [[""A"" [3 3]]]] [{citizen 22} [[""A"" [3 3]]]] [{citizen 44} [[""A"" [3 3]]]] [{citizen 13} [[""A"" [3 3]]]] [{citizen 39} [[""A"" [3 3]]]] [{citizen 30} [[""A"" [3 3]]]] [{citizen 26} [[""A"" [3 3]]]] [{citizen 28} [[""A"" [3 3]]]]]"
"46","[128 0 127]","340.43478260869574","-1.5842998872747889","5.260411163145303","""circle""","""""","9.9","{breed citizens}","false","0.5","1","""up""",,"[[""ID"" 45] [""alpha"" 1] [""beta"" 1] [""malleable"" [""A""]] [""prior"" []] [""cont_tokens"" []] [""A"" 3]]","[[0 [0 1 2 3 4 6 7 8 9 10 13]] [1 [15 16 17 18 19 20 21 22 23 24 25 26 27]] [2 [28 29 30 31 32 33 34 35 36 37 38 39 40]] [3 [41 42 43 44 45 46 47 48 49 50 51 52 53]] [4 [54 55 56 57 58 59 60 61 62 63 64 65 66]] [5 [67 68 69 70 71 72 73 74 75 76 77 78 79]] [6 [80 81 82 83 84 85 86 87 88 89 90 91 92]] [7 [93 94 95 96 97 98 99 100 101 102 103 104 105]] [8 [106 107 108 109 110 111 112 113 114 115 116 117 118]] [9 [119 120 121 122 123 124 125 126 127 128 129 130 131]] [10 [132 133 134 135 136 137 138 139 140 141 142 143 144]] [11 [145 146 147 148 149 150 151 152 153 154 155 156 157]] [12 [158 159 160 161 162 163 164 165 166 167 168 169 170]] [13 [171 172 173 174 175 176 177 178 179 180 181 182 183]] [14 [184 185 186 187 188 189 190 191 192 193 194 195 196]] [15 [197 198 199 200 201 202 203 204 205 206 207 208 209]] [16 [210 211 212 213 214 215 216 217 218 219 220 221 222]] [17 [223 224 225 226 227 228 229 230 231 232 233 234 235]] [18 [236 237 238 239 240 241 242 243 244 245 246 247 248]] [19 [249 250 251 252 253 254 255 256 257 258 259 260 261]] [20 [262 263 264 265 266 267 268 269 270 271 272 273 274]] [21 [275 276 277 278 279 280 281 282 283 284 285 286 287]] [22 [288 289 290 291 292 293 294 295 296 297 298 299 300]] [23 [301 302 303 304 305 306 307 308 309 310 311 312 313]] [24 [314 315 316 317 318 319 320 321 322 323 324 325 326]] [25 [327 328 329 330 331 332 333 334 335 336 337 338 339]] [26 [340 341 342 343 344 345 346 347 348 349 350 351 352]] [27 [353 354 355 356 357 358 359 360 361 362 363 364 365]] [28 [366 367 368 369 370 371 372 373 374 375 376 377 378]] [29 [379 380 381 382 383 384 385 386 387 388 389 390 391]] [30 [392 393 394 395 396 397 398 399 400 401 402 403 404]] [31 [405 406 407 408 409 410 411 412 413 414 415 416 417]] [32 [418 419 420 421 422 423 424 425 426 427 428 429 430]] [33 [431 432 433 434 435 436 437 438 439 440 441 442 443]] [34 [444 445 446 447 448 449 450 451 452 453 454 455 456]] [35 [457 458 459 460 461 462 463 464 465 466 467 468 469]] [36 [470 471 472 473 474 475 476 477 478 479 480 481 482]] [37 [483 484 485 486 487 488 489 490 491 492 493 494 495]] [38 [496 497 498 499 500 501 502 503 504 505 506 507 508]] [39 [509 510 511 512 513 514 515 516 517 518 519 520 521]] [40 [522 523 524 525 526 527 528 529 530 531 532 533 534]] [41 [535 536 537 538 539 540 541 542 543 544 545 546 547]] [42 [548 549 550 551 552 553 554 555 556 557 558 559 560]] [43 [561 562 563 564 565 566 567 568 569 570 571 572 573]] [44 [574 575 576 577 578 579 580 581 582 583 584 585 586]] [45 [587 588 589 590 591 592 593 594 595 596 597 598 599]] [46 [600 601 602 603 604 605 606 607 608 609 610 611 612]] [47 [613 614 615 616 617 618 619 620 621 622 623 624 625]] [48 [626 627 628 629 630 631 632 633 634 635 636 637 638]] [49 [639 640 641 642 643 644 645 646 647 648 649 650 651]] [50 [652 653 654 655 656 657 658 659 660 661 662 663 664]] [51 [665 666 667 668 669 670 671 672 673 674 675 676 677]] [52 [678 679 680 681 682 683 684 685 686 687 688 689 690]] [53 [691 692 693 694 695 696 697 698 699 700 701 702 703]] [54 [704 705 706 707 708 709 710 711 712 713 714 715 716]] [55 [717 718 719 720 721 722 723 724 725 726 727 728 729]] [56 [730 731 732 733 734 735 736 737 738 739 740 741 742]] [57 [743 744 745 746 747 748 749 750 751 752 753 754 755]] [58 [756 757 758 759 760 761 762 763 764 765 766 767 768]] [59 [769 770 771 772 773 774 775 776 777 778 779 780 781]] [60 [782 783 784 785 786 787 788 789 790 791 792 793 794]] [61 [795 796 797 798 799 800 801 802 803 804 805 806 807]] [62 [808 809 810 811 812 813 814 815 816 817 818 819 820]] [63 [821 822 823 824 825 826 827 828 829 830 831 832 833]] [64 [834 835 836 837 838 839 840 841 842 843 844 845 846]] [65 [847 848 849 850 851 852 853 854 855 856 857 858 859]] [66 [860 861 862 863 864 865 866 867 868 869 870 871 872]] [67 [873 874 875 876 877 878 879 880 881 882 883 884 885]] [68 [886 887 888 889 890 891 892 893 894 895 896 897 898]] [69 [899 900 901 902 903 904 905 906 907 908 909 910 911]] [70 [912 913 914 915 916 917 918 919 920 921 922 923 924]] [71 [925 926 927 928 929 930 931 932 933 934 935 936 937]] [72 [938 939 940 941 942 943 944 945 946 947 948 949 950]] [73 [951 952 953 954 955 956 957 958 959 960 961 962 963]] [74 [964 965 966 967 968 969 970 971 972 973 974 975 976]] [75 [977 978 979 980 981 982 983 984 985 986 987 988 989]] [76 [990 991 992 993 994 995 996 997 998 999 1000 1001 1002]] [77 [1003 1004 1005 1006 1007 1008 1009 1010 1011 1012 1013 1014 1015]] [78 [1016 1017 1018 1019 1020 1021 1022 1023 1024 1025 1026 1027 1028]] [79 [1029 1030 1031 1032 1033 1034 1035 1036 1037 1038 1039 1040 1041]] [80 [1042 1043 1044 1045 1046 1047 1048 1049 1050 1051 1052 1053 1054]] [81 [1055 1056 1057 1058 1059 1060 1061 1062 1063 1064 1065 1066 1067]] [82 [1068 1069 1070 1071 1072 1073 1074 1075 1076 1077 1078 1079 1080]] [83 [1081 1082 1083 1084 1085 1086 1087 1088 1089 1090 1091 1092 1093]] [84 [1094 1095 1096 1097 1098 1099 1100 1101 1102 1103 1104 1105 1106]] [85 [1107 1108 1109 1110 1111 1112 1113 1114 1115 1116 1117 1118 1119]] [86 [1120 1121 1122 1123 1124 1125 1126 1127 1128 1129 1130 1131 1132]] [87 [1133 1134 1135 1136 1137 1138 1139 1140 1141 1142 1143 1144 1145]] [88 [1146 1147 1148 1149 1150 1151 1152 1153 1154 1155 1156 1157 1158]] [89 [1159 1160 1161 1162 1163 1164 1165 1166 1167 1168 1169 1170 1171]] [90 [1172 1173 1174 1175 1176 1177 1178 1179 1180 1181 1182 1183 1184]] [91 [1185 1186 1187 1188 1189 1190 1191 1192 1193 1194 1195 1196 1197]] [92 [1198 1199 1200 1201 1202 1203 1204 1205 1206 1207 1208 1209 1210]] [93 [1211 1212 1213 1214 1215 1216 1217 1218 1219 1220 1221 1222 1223]] [94 [1224 1225 1226 1227 1228 1229 1230 1231 1232 1233 1234 1235 1236]] [95 [1237 1238 1239 1240 1241 1242 1243 1244 1245 1246 1247 1248 1249]] [96 [1250 1251 1252 1253 1254 1255 1256 1257 1258 1259 1260 1261 1262]] [97 [1263 1264 1265 1266 1267 1268 1269 1270 1271 1272 1273 1274 1275]] [98 [1276 1277 1278 1279 1280 1281 1282 1283 1284 1285 1286 1287 1288]] [99 [1289 1290 1291 1292 1293 1294 1295 1296 1297 1298 1299 1300 1301]]]","[[0 [0 1 2 3 4 6 7 8 9 10 13]] [1 [15 16 17 18 19 20 21 22 23 24 25 26 27]] [2 [28 29 30 31 32 33 34 35 36 37 38 39 40]] [3 [41 42 43 44 45 46 47 48 49 50 51 52 53]] [4 [54 55 56 57 58 59 60 61 62 63 64 65 66]] [5 [67 68 69 70 71 72 73 74 75 76 77 78 79]] [6 [80 81 82 83 84 85 86 87 88 89 90 91 92]] [7 [93 94 95 96 97 98 99 100 101 102 103 104 105]] [8 [106 107 108 109 110 111 112 113 114 115 116 117 118]] [9 [119 120 121 122 123 124 125 126 127 128 129 130 131]] [10 [132 133 134 135 136 137 138 139 140 141 142 143 144]] [11 [145 146 147 148 149 150 151 152 153 154 155 156 157]] [12 [158 159 160 161 162 163 164 165 166 167 168 169 170]] [13 [171 172 173 174 175 176 177 178 179 180 181 182 183]] [14 [184 185 186 187 188 189 190 191 192 193 194 195 196]] [15 [197 198 199 200 201 202 203 204 205 206 207 208 209]] [16 [210 211 212 213 214 215 216 217 218 219 220 221 222]] [17 [223 224 225 226 227 228 229 230 231 232 233 234 235]] [18 [236 237 238 239 240 241 242 243 244 245 246 247 248]] [19 [249 250 251 252 253 254 255 256 257 258 259 260 261]] [20 [262 263 264 265 266 267 268 269 270 271 272 273 274]] [21 [275 276 277 278 279 280 281 282 283 284 285 286 287]] [22 [288 289 290 291 292 293 294 295 296 297 298 299 300]] [23 [301 302 303 304 305 306 307 308 309 310 311 312 313]] [24 [314 315 316 317 318 319 320 321 322 323 324 325 326]] [25 [327 328 329 330 331 332 333 334 335 336 337 338 339]] [26 [340 341 342 343 344 345 346 347 348 349 350 351 352]] [27 [353 354 355 356 357 358 359 360 361 362 363 364 365]] [28 [366 367 368 369 370 371 372 373 374 375 376 377 378]] [29 [379 380 381 382 383 384 385 386 387 388 389 390 391]] [30 [392 393 394 395 396 397 398 399 400 401 402 403 404]] [31 [405 406 407 408 409 410 411 412 413 414 415 416 417]] [32 [418 419 420 421 422 423 424 425 426 427 428 429 430]] [33 [431 432 433 434 435 436 437 438 439 440 441 442 443]] [34 [444 445 446 447 448 449 450 451 452 453 454 455 456]] [35 [457 458 459 460 461 462 463 464 465 466 467 468 469]] [36 [470 471 472 473 474 475 476 477 478 479 480 481 482]] [37 [483 484 485 486 487 488 489 490 491 492 493 494 495]] [38 [496 497 498 499 500 501 502 503 504 505 506 507 508]] [39 [509 510 511 512 513 514 515 516 517 518 519 520 521]] [40 [522 523 524 525 526 527 528 529 530 531 532 533 534]] [41 [535 536 537 538 539 540 541 542 543 544 545 546 547]] [42 [548 549 550 551 552 553 554 555 556 557 558 559 560]] [43 [561 562 563 564 565 566 567 568 569 570 571 572 573]] [44 [574 575 576 577 578 579 580 581 582 583 584 585 586]] [45 [587 588 589 590 591 592 593 594 595 596 597 598 599]] [46 [600 601 602 603 604 605 606 607 608 609 610 611 612]] [47 [613 614 615 616 617 618 619 620 621 622 623 624 625]] [48 [626 627 628 629 630 631 632 633 634 635 636 637 638]] [49 [639 640 641 642 643 644 645 646 647 648 649 650 651]] [50 [652 653 654 655 656 657 658 659 660 661 662 663 664]] [51 [665 666 667 668 669 670 671 672 673 674 675 676 677]] [52 [678 679 680 681 682 683 684 685 686 687 688 689 690]] [53 [691 692 693 694 695 696 697 698 699 700 701 702 703]] [54 [704 705 706 707 708 709 710 711 712 713 714 715 716]] [55 [717 718 719 720 721 722 723 724 725 726 727 728 729]] [56 [730 731 732 733 734 735 736 737 738 739 740 741 742]] [57 [743 744 745 746 747 748 749 750 751 752 753 754 755]] [58 [756 757 758 759 760 761 762 763 764 765 766 767 768]] [59 [769 770 771 772 773 774 775 776 777 778 779 780 781]] [60 [782 783 784 785 786 787 788 789 790 791 792 793 794]] [61 [795 796 797 798 799 800 801 802 803 804 805 806 807]] [62 [808 809 810 811 812 813 814 815 816 817 818 819 820]] [63 [821 822 823 824 825 826 827 828 829 830 831 832 833]] [64 [834 835 836 837 838 839 840 841 842 843 844 845 846]] [65 [847 848 849 850 851 852 853 854 855 856 857 858 859]] [66 [860 861 862 863 864 865 866 867 868 869 870 871 872]] [67 [873 874 875 876 877 878 879 880 881 882 883 884 885]] [68 [886 887 888 889 890 891 892 893 894 895 896 897 898]] [69 [899 900 901 902 903 904 905 906 907 908 909 910 911]] [70 [912 913 914 915 916 917 918 919 920 921 922 923 924]] [71 [925 926 927 928 929 930 931 932 933 934 935 936 937]] [72 [938 939 940 941 942 943 944 945 946 947 948 949 950]] [73 [951 952 953 954 955 956 957 958 959 960 961 962 963]] [74 [964 965 966 967 968 969 970 971 972 973 974 975 976]] [75 [977 978 979 980 981 982 983 984 985 986 987 988 989]] [76 [990 991 992 993 994 995 996 997 998 999 1000 1001 1002]] [77 [1003 1004 1005 1006 1007 1008 1009 1010 1011 1012 1013 1014 1015]] [78 [1016 1017 1018 1019 1020 1021 1022 1023 1024 1025 1026 1027 1028]] [79 [1029 1030 1031 1032 1033 1034 1035 1036 1037 1038 1039 1040 1041]] [80 [1042 1043 1044 1045 1046 1047 1048 1049 1050 1051 1052 1053 1054]] [81 [1055 1056 1057 1058 1059 1060 1061 1062 1063 1064 1065 1066 1067]] [82 [1068 1069 1070 1071 1072 1073 1074 1075 1076 1077 1078 1079 1080]] [83 [1081 1082 1083 1084 1085 1086 1087 1088 1089 1090 1091 1092 1093]] [84 [1094 1095 1096 1097 1098 1099 1100 1101 1102 1103 1104 1105 1106]] [85 [1107 1108 1109 1110 1111 1112 1113 1114 1115 1116 1117 1118 1119]] [86 [1120 1121 1122 1123 1124 1125 1126 1127 1128 1129 1130 1131 1132]] [87 [1133 1134 1135 1136 1137 1138 1139 1140 1141 1142 1143 1144 1145]] [88 [1146 1147 1148 1149 1150 1151 1152 1153 1154 1155 1156 1157 1158]] [89 [1159 1160 1161 1162 1163 1164 1165 1166 1167 1168 1169 1170 1171]] [90 [1172 1173 1174 1175 1176 1177 1178 1179 1180 1181 1182 1183 1184]] [91 [1185 1186 1187 1188 1189 1190 1191 1192 1193 1194 1195 1196 1197]] [92 [1198 1199 1200 1201 1202 1203 1204 1205 1206 1207 1208 1209 1210]] [93 [1211 1212 1213 1214 1215 1216 1217 1218 1219 1220 1221 1222 1223]] [94 [1224 1225 1226 1227 1228 1229 1230 1231 1232 1233 1234 1235 1236]] [95 [1237 1238 1239 1240 1241 1242 1243 1244 1245 1246 1247 1248 1249]] [96 [1250 1251 1252 1253 1254 1255 1256 1257 1258 1259 1260 1261 1262]] [97 [1263 1264 1265 1266 1267 1268 1269 1270 1271 1272 1273 1274 1275]] [98 [1276 1277 1278 1279 1280 1281 1282 1283 1284 1285 1286 1287 1288]] [99 [1289 1290 1291 1292 1293 1294 1295 1296 1297 1298 1299 1300 1301]]]",,"[[{media 56} [[""A"" [3 3]]]] [{media 57} [[""A"" [3 3]]]] [{media 59} [[""A"" [3 3]]]] [{media 63} [[""A"" [3 3]]]] [{media 64} [[""A"" [3 3]]]] [{citizen 8} [[""A"" [3 3]]]] [{citizen 17} [[""A"" [3 3]]]] [{citizen 24} [[""A"" [3 3]]]] [{media 54} [[""A"" [3 3]]]] [{citizen 5} [[""A"" [3 3]]]] [{media 50} [[""A"" [3 3]]]] [{citizen 0} [[""A"" [3 3]]]] [{citizen 16} [[""A"" [3 3]]]] [{media 55} [[""A"" [3 3]]]] [{citizen 1} [[""A"" [3 3]]]] [{media 62} [[""A"" [3 3]]]] [{media 53} [[""A"" [3 3]]]] [{citizen 2} [[""A"" [3 3]]]] [{citizen 12} [[""A"" [3 3]]]] [{media 52} [[""A"" [3 3]]]] [{citizen 3} [[""A"" [3 3]]]] [{media 61} [[""A"" [3 3]]]] [{citizen 9} [[""A"" [3 3]]]] [{citizen 4} [[""A"" [3 3]]]] [{citizen 43} [[""A"" [3 3]]]] [{citizen 45} [[""A"" [3 3]]]] [{citizen 20} [[""A"" [3 3]]]] [{citizen 36} [[""A"" [3 3]]]] [{citizen 37} [[""A"" [3 3]]]] [{citizen 10} [[""A"" [3 3]]]] [{citizen 31} [[""A"" [3 3]]]] [{citizen 14} [[""A"" [3 3]]]] [{citizen 42} [[""A"" [3 3]]]] [{citizen 27} [[""A"" [3 3]]]] [{citizen 33} [[""A"" [3 3]]]] [{citizen 40} [[""A"" [3 3]]]] [{citizen 7} [[""A"" [3 3]]]] [{citizen 19} [[""A"" [3 3]]]] [{citizen 34} [[""A"" [3 3]]]] [{citizen 38} [[""A"" [3 3]]]] [{citizen 15} [[""A"" [3 3]]]] [{citizen 32} [[""A"" [3 3]]]] [{citizen 35} [[""A"" [3 3]]]] [{citizen 49} [[""A"" [3 3]]]] [{citizen 23} [[""A"" [3 3]]]] [{citizen 21} [[""A"" [3 3]]]] [{citizen 41} [[""A"" [3 3]]]] [{citizen 29} [[""A"" [3 3]]]] [{citizen 48} [[""A"" [3 3]]]] [{citizen 18} [[""A"" [3 3]]]] [{citizen 47} [[""A"" [3 3]]]] [{citizen 11} [[""A"" [3 3]]]] [{citizen 30} [[""A"" [3 3]]]] [{media 51} [[""A"" [3 3]]]] [{citizen 22} [[""A"" [3 3]]]] [{citizen 44} [[""A"" [3 3]]]] [{citizen 25} [[""A"" [3 3]]]] [{citizen 13} [[""A"" [3 3]]]] [{citizen 26} [[""A"" [3 3]]]] [{citizen 6} [[""A"" [3 3]]]] [{citizen 28} [[""A"" [3 3]]]] [{citizen 39} [[""A"" [3 3]]]]]"
"47","[128 0 127]","348.2608695652175","-0.8448360843407912","5.2883925688570255","""circle""","""""","9.9","{breed citizens}","false","0.5","1","""up""",,"[[""ID"" 14] [""alpha"" 1] [""beta"" 1] [""malleable"" [""A""]] [""prior"" []] [""cont_tokens"" []] [""A"" 3]]","[[0 [0 1 2 3 4 6 7 8 9 10 13]] [1 [15 16 17 18 19 20 21 22 23 24 25 26 27]] [2 [28 29 30 31 32 33 34 35 36 37 38 39 40]] [3 [41 42 43 44 45 46 47 48 49 50 51 52 53]] [4 [54 55 56 57 58 59 60 61 62 63 64 65 66]] [5 [67 68 69 70 71 72 73 74 75 76 77 78 79]] [6 [80 81 82 83 84 85 86 87 88 89 90 91 92]] [7 [93 94 95 96 97 98 99 100 101 102 103 104 105]] [8 [106 107 108 109 110 111 112 113 114 115 116 117 118]] [9 [119 120 121 122 123 124 125 126 127 128 129 130 131]] [10 [132 133 134 135 136 137 138 139 140 141 142 143 144]] [11 [145 146 147 148 149 150 151 152 153 154 155 156 157]] [12 [158 159 160 161 162 163 164 165 166 167 168 169 170]] [13 [171 172 173 174 175 176 177 178 179 180 181 182 183]] [14 [184 185 186 187 188 189 190 191 192 193 194 195 196]] [15 [197 198 199 200 201 202 203 204 205 206 207 208 209]] [16 [210 211 212 213 214 215 216 217 218 219 220 221 222]] [17 [223 224 225 226 227 228 229 230 231 232 233 234 235]] [18 [236 237 238 239 240 241 242 243 244 245 246 247 248]] [19 [249 250 251 252 253 254 255 256 257 258 259 260 261]] [20 [262 263 264 265 266 267 268 269 270 271 272 273 274]] [21 [275 276 277 278 279 280 281 282 283 284 285 286 287]] [22 [288 289 290 291 292 293 294 295 296 297 298 299 300]] [23 [301 302 303 304 305 306 307 308 309 310 311 312 313]] [24 [314 315 316 317 318 319 320 321 322 323 324 325 326]] [25 [327 328 329 330 331 332 333 334 335 336 337 338 339]] [26 [340 341 342 343 344 345 346 347 348 349 350 351 352]] [27 [353 354 355 356 357 358 359 360 361 362 363 364 365]] [28 [366 367 368 369 370 371 372 373 374 375 376 377 378]] [29 [379 380 381 382 383 384 385 386 387 388 389 390 391]] [30 [392 393 394 395 396 397 398 399 400 401 402 403 404]] [31 [405 406 407 408 409 410 411 412 413 414 415 416 417]] [32 [418 419 420 421 422 423 424 425 426 427 428 429 430]] [33 [431 432 433 434 435 436 437 438 439 440 441 442 443]] [34 [444 445 446 447 448 449 450 451 452 453 454 455 456]] [35 [457 458 459 460 461 462 463 464 465 466 467 468 469]] [36 [470 471 472 473 474 475 476 477 478 479 480 481 482]] [37 [483 484 485 486 487 488 489 490 491 492 493 494 495]] [38 [496 497 498 499 500 501 502 503 504 505 506 507 508]] [39 [509 510 511 512 513 514 515 516 517 518 519 520 521]] [40 [522 523 524 525 526 527 528 529 530 531 532 533 534]] [41 [535 536 537 538 539 540 541 542 543 544 545 546 547]] [42 [548 549 550 551 552 553 554 555 556 557 558 559 560]] [43 [561 562 563 564 565 566 567 568 569 570 571 572 573]] [44 [574 575 576 577 578 579 580 581 582 583 584 585 586]] [45 [587 588 589 590 591 592 593 594 595 596 597 598 599]] [46 [600 601 602 603 604 605 606 607 608 609 610 611 612]] [47 [613 614 615 616 617 618 619 620 621 622 623 624 625]] [48 [626 627 628 629 630 631 632 633 634 635 636 637 638]] [49 [639 640 641 642 643 644 645 646 647 648 649 650 651]] [50 [652 653 654 655 656 657 658 659 660 661 662 663 664]] [51 [665 666 667 668 669 670 671 672 673 674 675 676 677]] [52 [678 679 680 681 682 683 684 685 686 687 688 689 690]] [53 [691 692 693 694 695 696 697 698 699 700 701 702 703]] [54 [704 705 706 707 708 709 710 711 712 713 714 715 716]] [55 [717 718 719 720 721 722 723 724 725 726 727 728 729]] [56 [730 731 732 733 734 735 736 737 738 739 740 741 742]] [57 [743 744 745 746 747 748 749 750 751 752 753 754 755]] [58 [756 757 758 759 760 761 762 763 764 765 766 767 768]] [59 [769 770 771 772 773 774 775 776 777 778 779 780 781]] [60 [782 783 784 785 786 787 788 789 790 791 792 793 794]] [61 [795 796 797 798 799 800 801 802 803 804 805 806 807]] [62 [808 809 810 811 812 813 814 815 816 817 818 819 820]] [63 [821 822 823 824 825 826 827 828 829 830 831 832 833]] [64 [834 835 836 837 838 839 840 841 842 843 844 845 846]] [65 [847 848 849 850 851 852 853 854 855 856 857 858 859]] [66 [860 861 862 863 864 865 866 867 868 869 870 871 872]] [67 [873 874 875 876 877 878 879 880 881 882 883 884 885]] [68 [886 887 888 889 890 891 892 893 894 895 896 897 898]] [69 [899 900 901 902 903 904 905 906 907 908 909 910 911]] [70 [912 913 914 915 916 917 918 919 920 921 922 923 924]] [71 [925 926 927 928 929 930 931 932 933 934 935 936 937]] [72 [938 939 940 941 942 943 944 945 946 947 948 949 950]] [73 [951 952 953 954 955 956 957 958 959 960 961 962 963]] [74 [964 965 966 967 968 969 970 971 972 973 974 975 976]] [75 [977 978 979 980 981 982 983 984 985 986 987 988 989]] [76 [990 991 992 993 994 995 996 997 998 999 1000 1001 1002]] [77 [1003 1004 1005 1006 1007 1008 1009 1010 1011 1012 1013 1014 1015]] [78 [1016 1017 1018 1019 1020 1021 1022 1023 1024 1025 1026 1027 1028]] [79 [1029 1030 1031 1032 1033 1034 1035 1036 1037 1038 1039 1040 1041]] [80 [1042 1043 1044 1045 1046 1047 1048 1049 1050 1051 1052 1053 1054]] [81 [1055 1056 1057 1058 1059 1060 1061 1062 1063 1064 1065 1066 1067]] [82 [1068 1069 1070 1071 1072 1073 1074 1075 1076 1077 1078 1079 1080]] [83 [1081 1082 1083 1084 1085 1086 1087 1088 1089 1090 1091 1092 1093]] [84 [1094 1095 1096 1097 1098 1099 1100 1101 1102 1103 1104 1105 1106]] [85 [1107 1108 1109 1110 1111 1112 1113 1114 1115 1116 1117 1118 1119]] [86 [1120 1121 1122 1123 1124 1125 1126 1127 1128 1129 1130 1131 1132]] [87 [1133 1134 1135 1136 1137 1138 1139 1140 1141 1142 1143 1144 1145]] [88 [1146 1147 1148 1149 1150 1151 1152 1153 1154 1155 1156 1157 1158]] [89 [1159 1160 1161 1162 1163 1164 1165 1166 1167 1168 1169 1170 1171]] [90 [1172 1173 1174 1175 1176 1177 1178 1179 1180 1181 1182 1183 1184]] [91 [1185 1186 1187 1188 1189 1190 1191 1192 1193 1194 1195 1196 1197]] [92 [1198 1199 1200 1201 1202 1203 1204 1205 1206 1207 1208 1209 1210]] [93 [1211 1212 1213 1214 1215 1216 1217 1218 1219 1220 1221 1222 1223]] [94 [1224 1225 1226 1227 1228 1229 1230 1231 1232 1233 1234 1235 1236]] [95 [1237 1238 1239 1240 1241 1242 1243 1244 1245 1246 1247 1248 1249]] [96 [1250 1251 1252 1253 1254 1255 1256 1257 1258 1259 1260 1261 1262]] [97 [1263 1264 1265 1266 1267 1268 1269 1270 1271 1272 1273 1274 1275]] [98 [1276 1277 1278 1279 1280 1281 1282 1283 1284 1285 1286 1287 1288]] [99 [1289 1290 1291 1292 1293 1294 1295 1296 1297 1298 1299 1300 1301]]]","[[0 [0 1 2 3 4 6 7 8 9 10 13]] [1 [15 16 17 18 19 20 21 22 23 24 25 26 27]] [2 [28 29 30 31 32 33 34 35 36 37 38 39 40]] [3 [41 42 43 44 45 46 47 48 49 50 51 52 53]] [4 [54 55 56 57 58 59 60 61 62 63 64 65 66]] [5 [67 68 69 70 71 72 73 74 75 76 77 78 79]] [6 [80 81 82 83 84 85 86 87 88 89 90 91 92]] [7 [93 94 95 96 97 98 99 100 101 102 103 104 105]] [8 [106 107 108 109 110 111 112 113 114 115 116 117 118]] [9 [119 120 121 122 123 124 125 126 127 128 129 130 131]] [10 [132 133 134 135 136 137 138 139 140 141 142 143 144]] [11 [145 146 147 148 149 150 151 152 153 154 156 157]] [12 [158 159 160 161 162 163 164 165 166 167 168 169 170]] [13 [171 172 173 174 175 176 177 178 179 180 181 182 183]] [14 [184 185 186 187 188 189 190 191 192 193 194 195 196]] [15 [197 198 199 200 201 202 203 204 205 206 207 208 209]] [16 [210 211 212 213 214 215 216 217 218 219 220 221 222]] [17 [223 224 225 226 227 228 229 230 231 232 233 234 235]] [18 [236 237 238 239 240 241 242 243 244 245 246 247 248]] [19 [249 250 251 252 253 254 255 256 257 258 259 260 261]] [20 [262 263 264 265 266 267 268 269 270 271 272 273 274]] [21 [275 276 277 278 279 280 281 282 283 284 285 286 287]] [22 [288 289 290 291 292 293 294 295 296 297 298 299 300]] [23 [301 302 303 304 305 306 307 308 309 310 311 312 313]] [24 [314 315 316 317 318 319 320 321 322 323 324 325 326]] [25 [327 328 329 330 331 332 333 334 335 336 337 338 339]] [26 [340 341 342 343 344 345 346 347 348 349 350 351 352]] [27 [353 354 355 356 357 358 359 360 361 362 363 364 365]] [28 [366 367 368 369 370 371 372 373 374 375 376 377 378]] [29 [379 380 381 382 383 384 385 386 387 388 389 390 391]] [30 [392 393 394 395 396 397 398 399 400 401 402 403 404]] [31 [405 406 407 408 409 410 411 412 413 414 415 416 417]] [32 [418 419 420 421 422 423 424 425 426 427 428 429 430]] [33 [431 432 433 434 435 436 437 438 439 440 441 442 443]] [34 [444 445 446 447 448 449 450 451 452 453 454 455 456]] [35 [457 458 459 460 461 462 463 464 465 466 467 468 469]] [36 [470 471 472 473 474 475 476 477 478 479 480 481 482]] [37 [483 484 485 486 487 488 489 490 491 492 493 494 495]] [38 [496 497 498 499 500 501 502 503 504 505 506 507 508]] [39 [509 510 511 512 513 514 515 516 517 518 519 520 521]] [40 [522 523 524 525 526 527 528 529 530 531 532 533 534]] [41 [535 536 537 538 539 540 541 542 543 544 545 546 547]] [42 [548 549 550 551 552 553 554 555 556 557 558 559 560]] [43 [561 562 563 564 565 566 567 568 569 570 571 572 573]] [44 [574 575 576 577 578 579 580 581 582 583 584 585 586]] [45 [587 588 589 590 591 592 593 594 595 596 597 598 599]] [46 [600 601 602 603 604 605 606 607 608 609 610 611 612]] [47 [613 614 615 616 617 618 619 620 621 622 623 624 625]] [48 [626 627 628 629 630 631 632 633 634 635 636 637 638]] [49 [639 640 641 642 643 644 645 646 647 648 649 650 651]] [50 [652 653 654 655 656 657 659 660 661 662 663 664]] [51 [665 666 667 668 669 670 671 672 673 674 675 676 677]] [52 [678 679 680 681 682 683 684 685 686 687 688 689 690]] [53 [691 692 693 694 695 696 697 698 699 700 701 702 703]] [54 [704 705 706 707 708 709 710 711 712 713 714 715 716]] [55 [717 718 719 720 721 722 723 724 725 726 727 728 729]] [56 [730 731 732 733 734 735 736 737 738 739 740 741 742]] [57 [743 744 745 746 747 748 749 750 751 752 753 754 755]] [58 [756 757 758 759 760 761 762 763 764 765 766 767 768]] [59 [769 770 771 772 773 774 775 776 777 778 779 780 781]] [60 [782 783 784 785 786 787 788 789 790 791 792 793 794]] [61 [795 796 797 798 799 800 801 802 803 804 805 806 807]] [62 [808 809 810 811 812 813 814 815 816 817 818 819 820]] [63 [821 822 823 824 825 826 827 828 829 830 831 832 833]] [64 [834 835 836 837 838 839 840 841 842 843 844 845 846]] [65 [847 848 849 850 851 852 853 854 855 856 857 858 859]] [66 [860 861 862 863 864 865 866 867 868 869 870 871 872]] [67 [873 874 875 876 877 878 879 880 881 882 883 884 885]] [68 [886 887 888 889 890 891 892 893 894 895 896 897 898]] [69 [899 900 901 902 903 904 905 906 907 908 909 910 911]] [70 [912 913 914 915 916 917 918 919 920 921 922 923 924]] [71 [925 926 927 928 929 930 931 932 933 934 935 936 937]] [72 [938 939 940 941 942 943 944 945 946 947 948 949 950]] [73 [951 952 953 954 955 956 957 958 959 960 961 962 963]] [74 [964 965 966 967 968 969 970 971 972 973 974 975 976]] [75 [977 978 979 980 981 982 983 984 985 986 987 988 989]] [76 [990 991 992 993 994 995 996 997 998 999 1000 1001 1002]] [77 [1003 1004 1005 1006 1007 1008 1009 1010 1011 1012 1013 1014 1015]] [78 [1016 1017 1018 1019 1020 1021 1022 1023 1024 1025 1026 1027 1028]] [79 [1029 1030 1031 1032 1033 1034 1035 1036 1037 1038 1039 1040 1041]] [80 [1042 1043 1044 1045 1046 1047 1048 1049 1050 1051 1052 1053 1054]] [81 [1055 1056 1057 1058 1059 1060 1061 1062 1063 1064 1065 1066 1067]] [82 [1068 1069 1070 1071 1072 1073 1074 1075 1076 1077 1078 1079 1080]] [83 [1081 1082 1083 1084 1085 1086 1087 1088 1089 1090 1091 1092 1093]] [84 [1094 1095 1096 1097 1098 1099 1100 1101 1102 1103 1104 1105 1106]] [85 [1107 1108 1109 1110 1111 1112 1113 1114 1115 1116 1117 1118 1119]] [86 [1120 1121 1122 1123 1124 1125 1126 1127 1128 1129 1130 1131 1132]] [87 [1133 1134 1135 1136 1137 1138 1139 1140 1141 1142 1143 1144 1145]] [88 [1146 1147 1148 1149 1150 1151 1152 1153 1154 1155 1156 1157 1158]] [89 [1159 1160 1161 1162 1163 1164 1165 1166 1167 1168 1169 1170 1171]] [90 [1172 1173 1174 1175 1176 1177 1178 1179 1180 1181 1182 1183 1184]] [91 [1185 1186 1187 1188 1189 1190 1191 1192 1193 1194 1195 1196 1197]] [92 [1198 1199 1200 1201 1202 1203 1204 1205 1206 1207 1208 1209 1210]] [93 [1211 1212 1213 1214 1215 1216 1217 1218 1219 1220 1221 1222 1223]] [94 [1224 1225 1226 1227 1228 1229 1230 1231 1232 1233 1234 1235 1236]] [95 [1237 1238 1239 1240 1241 1242 1243 1244 1245 1246 1247 1248 1249]] [96 [1250 1251 1252 1253 1254 1255 1256 1257 1258 1259 1260 1261 1262]] [97 [1263 1264 1265 1266 1267 1268 1269 1270 1271 1272 1273 1274 1275]] [98 [1276 1277 1278 1279 1280 1281 1282 1283 1284 1285 1286 1287 1288]] [99 [1289 1290 1291 1292 1293 1294 1295 1296 1297 1298 1299 1300 1301]]]",,"[[{media 50} [[""A"" [3 3]]]] [{media 52} [[""A"" [3 3]]]] [{media 55} [[""A"" [3 3]]]] [{media 56} [[""A"" [3 3]]]] [{media 57} [[""A"" [3 3]]]] [{media 59} [[""A"" [3 3]]]] [{media 63} [[""A"" [3 3]]]] [{citizen 6} [[""A"" [3 3]]]] [{citizen 20} [[""A"" [3 3]]]] [{media 54} [[""A"" [3 3]]]] [{citizen 5} [[""A"" [3 3]]]] [{citizen 17} [[""A"" [3 3]]]] [{citizen 0} [[""A"" [3 3]]]] [{media 64} [[""A"" [3 3]]]] [{citizen 4} [[""A"" [3 3]]]] [{citizen 1} [[""A"" [3 3]]]] [{citizen 8} [[""A"" [3 3]]]] [{media 62} [[""A"" [3 3]]]] [{media 53} [[""A"" [3 3]]]] [{citizen 2} [[""A"" [3 3]]]] [{citizen 12} [[""A"" [3 3]]]] [{media 61} [[""A"" [3 3]]]] [{citizen 9} [[""A"" [3 3]]]] [{citizen 43} [[""A"" [3 3]]]] [{citizen 3} [[""A"" [3 3]]]] [{citizen 45} [[""A"" [3 3]]]] [{citizen 36} [[""A"" [3 3]]]] [{citizen 37} [[""A"" [3 3]]]] [{citizen 10} [[""A"" [3 3]]]] [{citizen 31} [[""A"" [3 3]]]] [{citizen 14} [[""A"" [3 3]]]] [{citizen 42} [[""A"" [3 3]]]] [{citizen 27} [[""A"" [3 3]]]] [{citizen 33} [[""A"" [3 3]]]] [{citizen 40} [[""A"" [3 3]]]] [{citizen 7} [[""A"" [3 3]]]] [{citizen 19} [[""A"" [3 3]]]] [{citizen 34} [[""A"" [3 3]]]] [{citizen 16} [[""A"" [3 3]]]] [{citizen 38} [[""A"" [3 3]]]] [{citizen 24} [[""A"" [3 3]]]] [{citizen 15} [[""A"" [3 3]]]] [{citizen 32} [[""A"" [3 3]]]] [{citizen 35} [[""A"" [3 3]]]] [{citizen 49} [[""A"" [3 3]]]] [{citizen 23} [[""A"" [3 3]]]] [{citizen 46} [[""A"" [3 3]]]] [{citizen 25} [[""A"" [3 3]]]] [{citizen 21} [[""A"" [3 3]]]] [{citizen 41} [[""A"" [3 3]]]] [{citizen 29} [[""A"" [3 3]]]] [{citizen 48} [[""A"" [3 3]]]] [{citizen 18} [[""A"" [3 3]]]] [{citizen 11} [[""A"" [3 3]]]] [{media 51} [[""A"" [3 3]]]] [{citizen 22} [[""A"" [3 3]]]] [{citizen 30} [[""A"" [3 3]]]] [{citizen 44} [[""A"" [3 3]]]] [{citizen 13} [[""A"" [3 3]]]] [{citizen 26} [[""A"" [3 3]]]] [{citizen 28} [[""A"" [3 3]]]] [{citizen 39} [[""A"" [3 3]]]]]"
"48","[128 0 127]","112.17391304347827","9.285740816154116","-4.078254623422937","""circle""","""""","9.9","{breed citizens}","false","0.5","1","""up""",,"[[""ID"" 44] [""alpha"" 1] [""beta"" 1] [""malleable"" [""A""]] [""prior"" []] [""cont_tokens"" []] [""A"" 3]]","[[0 [0 1 2 3 4 6 7 8 9 10 13]] [1 [15 16 17 18 19 20 21 22 23 24 25 26 27]] [2 [28 29 30 31 32 33 34 35 36 37 38 39 40]] [3 [41 42 43 44 45 46 47 48 49 50 51 52 53]] [4 [54 55 56 57 58 59 60 61 62 63 64 65 66]] [5 [67 68 69 70 71 72 73 74 75 76 77 78 79]] [6 [80 81 82 83 84 85 86 87 88 89 90 91 92]] [7 [93 94 95 96 97 98 99 100 101 102 103 104 105]] [8 [106 107 108 109 110 111 112 113 114 115 116 117 118]] [9 [119 120 121 122 123 124 125 126 127 128 129 130 131]] [10 [132 133 134 135 136 137 138 139 140 141 142 143 144]] [11 [145 146 147 148 149 150 151 152 153 154 155 156 157]] [12 [158 159 160 161 162 163 164 165 166 167 168 169 170]] [13 [171 172 173 174 175 176 177 178 179 180 181 182 183]] [14 [184 185 186 187 188 189 190 191 192 193 194 195 196]] [15 [197 198 199 200 201 202 203 204 205 206 207 208 209]] [16 [210 211 212 213 214 215 216 217 218 219 220 221 222]] [17 [223 224 225 226 227 228 229 230 231 232 233 234 235]] [18 [236 237 238 239 240 241 242 243 244 245 246 247 248]] [19 [249 250 251 252 253 254 255 256 257 258 259 260 261]] [20 [262 263 264 265 266 267 268 269 270 271 272 273 274]] [21 [275 276 277 278 279 280 281 282 283 284 285 286 287]] [22 [288 289 290 291 292 293 294 295 296 297 298 299 300]] [23 [301 302 303 304 305 306 307 308 309 310 311 312 313]] [24 [314 315 316 317 318 319 320 321 322 323 324 325 326]] [25 [327 328 329 330 331 332 333 334 335 336 337 338 339]] [26 [340 341 342 343 344 345 346 347 348 349 350 351 352]] [27 [353 354 355 356 357 358 359 360 361 362 363 364 365]] [28 [366 367 368 369 370 371 372 373 374 375 376 377 378]] [29 [379 380 381 382 383 384 385 386 387 388 389 390 391]] [30 [392 393 394 395 396 397 398 399 400 401 402 403 404]] [31 [405 406 407 408 409 410 411 412 413 414 415 416 417]] [32 [418 419 420 421 422 423 424 425 426 427 428 429 430]] [33 [431 432 433 434 435 436 437 438 439 440 441 442 443]] [34 [444 445 446 447 448 449 450 451 452 453 454 455 456]] [35 [457 458 459 460 461 462 463 464 465 466 467 468 469]] [36 [470 471 472 473 474 475 476 477 478 479 480 481 482]] [37 [483 484 485 486 487 488 489 490 491 492 493 494 495]] [38 [496 497 498 499 500 501 502 503 504 505 506 507 508]] [39 [509 510 511 512 513 514 515 516 517 518 519 520 521]] [40 [522 523 524 525 526 527 528 529 530 531 532 533 534]] [41 [535 536 537 538 539 540 541 542 543 544 545 546 547]] [42 [548 549 550 551 552 553 554 555 556 557 558 559 560]] [43 [561 562 563 564 565 566 567 568 569 570 571 572 573]] [44 [574 575 576 577 578 579 580 581 582 583 584 585 586]] [45 [587 588 589 590 591 592 593 594 595 596 597 598 599]] [46 [600 601 602 603 604 605 606 607 608 609 610 611 612]] [47 [613 614 615 616 617 618 619 620 621 622 623 624 625]] [48 [626 627 628 629 630 631 632 633 634 635 636 637 638]] [49 [639 640 641 642 643 644 645 646 647 648 649 650 651]] [50 [652 653 654 655 656 657 658 659 660 661 662 663 664]] [51 [665 666 667 668 669 670 671 672 673 674 675 676 677]] [52 [678 679 680 681 682 683 684 685 686 687 688 689 690]] [53 [691 692 693 694 695 696 697 698 699 700 701 702 703]] [54 [704 705 706 707 708 709 710 711 712 713 714 715 716]] [55 [717 718 719 720 721 722 723 724 725 726 727 728 729]] [56 [730 731 732 733 734 735 736 737 738 739 740 741 742]] [57 [743 744 745 746 747 748 749 750 751 752 753 754 755]] [58 [756 757 758 759 760 761 762 763 764 765 766 767 768]] [59 [769 770 771 772 773 774 775 776 777 778 779 780 781]] [60 [782 783 784 785 786 787 788 789 790 791 792 793 794]] [61 [795 796 797 798 799 800 801 802 803 804 805 806 807]] [62 [808 809 810 811 812 813 814 815 816 817 818 819 820]] [63 [821 822 823 824 825 826 827 828 829 830 831 832 833]] [64 [834 835 836 837 838 839 840 841 842 843 844 845 846]] [65 [847 848 849 850 851 852 853 854 855 856 857 858 859]] [66 [860 861 862 863 864 865 866 867 868 869 870 871 872]] [67 [873 874 875 876 877 878 879 880 881 882 883 884 885]] [68 [886 887 888 889 890 891 892 893 894 895 896 897 898]] [69 [899 900 901 902 903 904 905 906 907 908 909 910 911]] [70 [912 913 914 915 916 917 918 919 920 921 922 923 924]] [71 [925 926 927 928 929 930 931 932 933 934 935 936 937]] [72 [938 939 940 941 942 943 944 945 946 947 948 949 950]] [73 [951 952 953 954 955 956 957 958 959 960 961 962 963]] [74 [964 965 966 967 968 969 970 971 972 973 974 975 976]] [75 [977 978 979 980 981 982 983 984 985 986 987 988 989]] [76 [990 991 992 993 994 995 996 997 998 999 1000 1001 1002]] [77 [1003 1004 1005 1006 1007 1008 1009 1010 1011 1012 1013 1014 1015]] [78 [1016 1017 1018 1019 1020 1021 1022 1023 1024 1025 1026 1027 1028]] [79 [1029 1030 1031 1032 1033 1034 1035 1036 1037 1038 1039 1040 1041]] [80 [1042 1043 1044 1045 1046 1047 1048 1049 1050 1051 1052 1053 1054]] [81 [1055 1056 1057 1058 1059 1060 1061 1062 1063 1064 1065 1066 1067]] [82 [1068 1069 1070 1071 1072 1073 1074 1075 1076 1077 1078 1079 1080]] [83 [1081 1082 1083 1084 1085 1086 1087 1088 1089 1090 1091 1092 1093]] [84 [1094 1095 1096 1097 1098 1099 1100 1101 1102 1103 1104 1105 1106]] [85 [1107 1108 1109 1110 1111 1112 1113 1114 1115 1116 1117 1118 1119]] [86 [1120 1121 1122 1123 1124 1125 1126 1127 1128 1129 1130 1131 1132]] [87 [1133 1134 1135 1136 1137 1138 1139 1140 1141 1142 1143 1144 1145]] [88 [1146 1147 1148 1149 1150 1151 1152 1153 1154 1155 1156 1157 1158]] [89 [1159 1160 1161 1162 1163 1164 1165 1166 1167 1168 1169 1170 1171]] [90 [1172 1173 1174 1175 1176 1177 1178 1179 1180 1181 1182 1183 1184]] [91 [1185 1186 1187 1188 1189 1190 1191 1192 1193 1194 1195 1196 1197]] [92 [1198 1199 1200 1201 1202 1203 1204 1205 1206 1207 1208 1209 1210]] [93 [1211 1212 1213 1214 1215 1216 1217 1218 1219 1220 1221 1222 1223]] [94 [1224 1225 1226 1227 1228 1229 1230 1231 1232 1233 1234 1235 1236]] [95 [1237 1238 1239 1240 1241 1242 1243 1244 1245 1246 1247 1248 1249]] [96 [1250 1251 1252 1253 1254 1255 1256 1257 1258 1259 1260 1261 1262]] [97 [1263 1264 1265 1266 1267 1268 1269 1270 1271 1272 1273 1274 1275]] [98 [1276 1277 1278 1279 1280 1281 1282 1283 1284 1285 1286 1287 1288]] [99 [1289 1290 1291 1292 1293 1294 1295 1296 1297 1298 1299 1300 1301]]]","[[0 [3 4 6 7 8 9 10 13]] [1 [15 16 17 18 19 20 21 22 23 24 25 26 27]] [2 [28 29 30 31 32 33 34 35 36 37 38 39 40]] [3 [41 42 43 44 45 46 47 48 49 50 51 52 53]] [4 [54 55 56 57 58 59 60 61 62 63 64 65 66]] [5 [67 68 69 70 71 72 73 74 75 76 77 78 79]] [6 [80 81 82 83 84 85 86 87 88 89 90 91 92]] [7 [93 94 95 96 97 98 99 100 101 102 103 104 105]] [8 [106 107 108 109 110 111 112 113 114 115 116 117 118]] [9 [119 120 121 122 123 124 125 126 127 128 129 130 131]] [10 [132 133 134 135 136 137 138 139 140 141 142 143 144]] [11 [145 146 147 148 149 150 151 152 153 154 155 156 157]] [12 [158 159 160 161 162 163 164 165 166 167 168 169 170]] [13 [171 172 173 174 175 176 177 178 179 180 181 182 183]] [14 [184 185 186 187 188 189 190 191 192 193 194 195 196]] [15 [197 198 199 200 201 202 203 204 205 206 207 208 209]] [16 [210 211 212 213 214 215 216 217 218 219 220 221 222]] [17 [223 224 225 226 227 228 229 230 231 232 233 234 235]] [18 [236 237 238 239 240 241 242 243 244 245 246 247 248]] [19 [249 250 251 252 253 254 255 256 257 258 259 260 261]] [20 [262 263 264 265 266 267 268 269 270 271 272 273 274]] [21 [275 276 277 278 279 280 281 282 283 284 285 286 287]] [22 [288 289 290 291 292 293 294 295 296 297 298 299 300]] [23 [301 302 303 304 305 306 307 308 309 310 311 312 313]] [24 [314 315 316 317 318 319 320 321 322 323 324 325 326]] [25 [327 328 329 330 331 332 333 334 335 336 337 338 339]] [26 [340 341 342 343 344 345 346 347 348 349 350 351 352]] [27 [353 354 355 356 357 358 359 360 361 362 363 364 365]] [28 [366 367 368 369 370 371 372 373 374 375 376 377 378]] [29 [379 380 381 382 383 384 385 386 387 388 389 390 391]] [30 [392 393 394 395 396 397 398 399 400 401 402 403 404]] [31 [405 406 407 408 409 410 411 412 413 414 415 416 417]] [32 [418 419 420 421 422 423 424 425 426 427 428 429 430]] [33 [431 432 433 434 435 436 437 438 439 440 441 442 443]] [34 [444 445 446 447 448 449 450 451 452 453 454 455 456]] [35 [457 458 459 460 461 462 463 464 465 466 467 468 469]] [36 [470 471 472 473 474 475 476 477 478 479 480 481 482]] [37 [483 484 485 486 487 488 489 490 491 492 493 494 495]] [38 [496 497 498 499 500 501 502 503 504 505 506 507 508]] [39 [509 510 511 512 513 514 515 516 517 518 519 520 521]] [40 [522 523 524 525 526 527 528 529 530 531 532 533 534]] [41 [535 536 537 538 539 540 541 542 543 544 545 546 547]] [42 [548 549 550 551 552 553 554 555 556 557 558 559 560]] [43 [561 562 563 564 565 566 567 568 569 570 571 572 573]] [44 [574 575 576 577 578 579 580 581 582 583 584 585 586]] [45 [587 588 589 590 591 592 593 594 595 596 597 598 599]] [46 [600 601 602 603 604 605 606 607 608 609 610 611 612]] [47 [613 614 615 616 617 618 619 620 621 622 623 624 625]] [48 [626 627 628 629 630 631 632 633 634 635 636 637 638]] [49 [639 640 641 642 643 644 645 646 647 648 649 650 651]] [50 [652 653 654 655 656 657 658 659 660 661 662 663 664]] [51 [665 666 667 668 669 670 671 672 673 674 675 676 677]] [52 [678 679 680 681 682 683 684 685 686 687 688 689 690]] [53 [691 692 693 694 695 696 697 698 699 700 701 702 703]] [54 [704 705 706 707 708 709 710 711 712 713 714 715 716]] [55 [717 718 719 720 721 722 723 724 725 726 727 728 729]] [56 [730 731 732 733 734 735 736 737 738 739 740 741 742]] [57 [743 744 745 746 747 748 749 750 751 752 753 754 755]] [58 [756 757 758 759 760 761 762 763 764 765 766 767 768]] [59 [769 770 771 772 773 774 775 776 777 778 779 780 781]] [60 [782 783 784 785 786 787 788 789 790 791 792 793 794]] [61 [795 796 797 798 799 800 801 802 803 804 805 806 807]] [62 [808 809 810 811 812 813 814 815 816 817 818 819 820]] [63 [821 822 823 824 825 826 827 828 829 830 831 832 833]] [64 [834 835 836 837 838 839 840 841 842 843 844 845 846]] [65 [847 848 849 850 851 852 853 854 855 856 857 858 859]] [66 [860 861 862 863 864 865 866 867 868 869 870 871 872]] [67 [873 874 875 876 877 878 879 880 881 882 883 884 885]] [68 [886 887 888 889 890 891 892 893 894 895 896 897 898]] [69 [899 900 901 902 903 904 905 906 907 908 909 910 911]] [70 [912 913 914 915 916 917 918 919 920 921 922 923 924]] [71 [925 926 927 928 929 930 931 932 933 934 935 936 937]] [72 [938 939 940 941 942 943 944 945 946 947 948 949 950]] [73 [951 952 953 954 955 956 957 958 959 960 961 962 963]] [74 [964 965 966 967 968 969 970 971 972 973 974 975 976]] [75 [977 978 979 980 981 982 983 984 985 986 987 988 989]] [76 [990 991 992 993 994 995 996 997 998 999 1000 1001 1002]] [77 [1003 1004 1005 1006 1007 1008 1009 1010 1011 1012 1013 1014 1015]] [78 [1016 1017 1018 1019 1020 1021 1022 1023 1024 1025 1026 1027 1028]] [79 [1029 1030 1031 1032 1033 1034 1035 1036 1037 1038 1039 1040 1041]] [80 [1042 1043 1044 1045 1046 1047 1048 1049 1050 1051 1052 1053 1054]] [81 [1055 1056 1057 1058 1059 1060 1061 1062 1063 1064 1065 1066 1067]] [82 [1068 1069 1070 1071 1072 1073 1074 1075 1076 1077 1078 1079 1080]] [83 [1081 1082 1083 1084 1085 1086 1087 1088 1089 1090 1091 1092 1093]] [84 [1094 1095 1096 1097 1098 1099 1100 1101 1102 1103 1104 1105 1106]] [85 [1107 1108 1109 1110 1111 1112 1113 1114 1115 1116 1117 1118 1119]] [86 [1120 1121 1122 1123 1124 1125 1126 1127 1128 1129 1130 1131 1132]] [87 [1133 1134 1135 1136 1137 1138 1139 1140 1141 1142 1143 1144 1145]] [88 [1146 1147 1148 1149 1150 1151 1152 1153 1154 1155 1156 1157 1158]] [89 [1159 1160 1161 1162 1163 1164 1165 1166 1167 1168 1169 1170 1171]] [90 [1172 1173 1174 1175 1176 1177 1178 1179 1180 1181 1182 1183 1184]] [91 [1185 1186 1187 1188 1189 1190 1191 1192 1193 1194 1195 1196 1197]] [92 [1198 1199 1200 1201 1202 1203 1204 1205 1206 1207 1208 1209 1210]] [93 [1211 1212 1213 1214 1215 1216 1217 1218 1219 1220 1221 1222 1223]] [94 [1224 1225 1226 1227 1228 1229 1230 1231 1232 1233 1234 1235 1236]] [95 [1237 1238 1239 1240 1241 1242 1243 1244 1245 1246 1247 1248 1249]] [96 [1250 1251 1252 1253 1254 1255 1256 1257 1258 1259 1260 1261 1262]] [97 [1263 1264 1265 1266 1267 1268 1269 1270 1271 1272 1273 1274 1275]] [98 [1276 1277 1278 1279 1280 1281 1282 1283 1284 1285 1286 1287 1288]] [99 [1289 1290 1291 1292 1293 1294 1295 1296 1297 1298 1299 1300 1301]]]",,"[[{media 50} [[""A"" [3 3]]]] [{media 52} [[""A"" [3 3]]]] [{media 55} [[""A"" [3 3]]]] [{media 56} [[""A"" [3 3]]]] [{media 57} [[""A"" [3 3]]]] [{media 59} [[""A"" [3 3]]]] [{media 63} [[""A"" [3 3]]]] [{citizen 8} [[""A"" [3 3]]]] [{citizen 10} [[""A"" [3 3]]]] [{media 54} [[""A"" [3 3]]]] [{citizen 5} [[""A"" [3 3]]]] [{citizen 7} [[""A"" [3 3]]]] [{citizen 19} [[""A"" [3 3]]]] [{citizen 23} [[""A"" [3 3]]]] [{citizen 0} [[""A"" [3 3]]]] [{citizen 3} [[""A"" [3 3]]]] [{citizen 12} [[""A"" [3 3]]]] [{media 64} [[""A"" [3 3]]]] [{citizen 4} [[""A"" [3 3]]]] [{citizen 1} [[""A"" [3 3]]]] [{citizen 14} [[""A"" [3 3]]]] [{media 62} [[""A"" [3 3]]]] [{media 53} [[""A"" [3 3]]]] [{media 61} [[""A"" [3 3]]]] [{citizen 9} [[""A"" [3 3]]]] [{citizen 43} [[""A"" [3 3]]]] [{citizen 45} [[""A"" [3 3]]]] [{citizen 20} [[""A"" [3 3]]]] [{citizen 17} [[""A"" [3 3]]]] [{citizen 36} [[""A"" [3 3]]]] [{citizen 37} [[""A"" [3 3]]]] [{citizen 31} [[""A"" [3 3]]]] [{citizen 42} [[""A"" [3 3]]]] [{citizen 27} [[""A"" [3 3]]]] [{citizen 33} [[""A"" [3 3]]]] [{citizen 40} [[""A"" [3 3]]]] [{citizen 34} [[""A"" [3 3]]]] [{citizen 16} [[""A"" [3 3]]]] [{citizen 38} [[""A"" [3 3]]]] [{citizen 24} [[""A"" [3 3]]]] [{citizen 2} [[""A"" [3 3]]]] [{citizen 15} [[""A"" [3 3]]]] [{citizen 32} [[""A"" [3 3]]]] [{citizen 35} [[""A"" [3 3]]]] [{citizen 49} [[""A"" [3 3]]]] [{citizen 46} [[""A"" [3 3]]]] [{citizen 6} [[""A"" [3 3]]]] [{citizen 25} [[""A"" [3 3]]]] [{citizen 21} [[""A"" [3 3]]]] [{citizen 22} [[""A"" [3 3]]]] [{citizen 29} [[""A"" [3 3]]]] [{citizen 41} [[""A"" [3 3]]]] [{citizen 11} [[""A"" [3 3]]]] [{media 51} [[""A"" [3 3]]]] [{citizen 18} [[""A"" [3 3]]]] [{citizen 44} [[""A"" [3 3]]]] [{citizen 13} [[""A"" [3 3]]]] [{citizen 47} [[""A"" [3 3]]]] [{citizen 39} [[""A"" [3 3]]]] [{citizen 30} [[""A"" [3 3]]]] [{citizen 26} [[""A"" [3 3]]]] [{citizen 28} [[""A"" [3 3]]]]]"
"49","[128 0 127]","356.08695652173924","0.5848122742527508","5.3275143146194965","""circle""","""""","9.9","{breed citizens}","false","0.5","1","""up""",,"[[""ID"" 3] [""alpha"" 1] [""beta"" 1] [""malleable"" [""A""]] [""prior"" []] [""cont_tokens"" []] [""A"" 3]]","[[0 [0 1 2 3 4 6 7 8 9 10 13]] [1 [15 16 17 18 19 20 21 22 23 24 25 26 27]] [2 [28 29 30 31 32 33 34 35 36 37 38 39 40]] [3 [41 42 43 44 45 46 47 48 49 50 51 52 53]] [4 [54 55 56 57 58 59 60 61 62 63 64 65 66]] [5 [67 68 69 70 71 72 73 74 75 76 77 78 79]] [6 [80 81 82 83 84 85 86 87 88 89 90 91 92]] [7 [93 94 95 96 97 98 99 100 101 102 103 104 105]] [8 [106 107 108 109 110 111 112 113 114 115 116 117 118]] [9 [119 120 121 122 123 124 125 126 127 128 129 130 131]] [10 [132 133 134 135 136 137 138 139 140 141 142 143 144]] [11 [145 146 147 148 149 150 151 152 153 154 155 156 157]] [12 [158 159 160 161 162 163 164 165 166 167 168 169 170]] [13 [171 172 173 174 175 176 177 178 179 180 181 182 183]] [14 [184 185 186 187 188 189 190 191 192 193 194 195 196]] [15 [197 198 199 200 201 202 203 204 205 206 207 208 209]] [16 [210 211 212 213 214 215 216 217 218 219 220 221 222]] [17 [223 224 225 226 227 228 229 230 231 232 233 234 235]] [18 [236 237 238 239 240 241 242 243 244 245 246 247 248]] [19 [249 250 251 252 253 254 255 256 257 258 259 260 261]] [20 [262 263 264 265 266 267 268 269 270 271 272 273 274]] [21 [275 276 277 278 279 280 281 282 283 284 285 286 287]] [22 [288 289 290 291 292 293 294 295 296 297 298 299 300]] [23 [301 302 303 304 305 306 307 308 309 310 311 312 313]] [24 [314 315 316 317 318 319 320 321 322 323 324 325 326]] [25 [327 328 329 330 331 332 333 334 335 336 337 338 339]] [26 [340 341 342 343 344 345 346 347 348 349 350 351 352]] [27 [353 354 355 356 357 358 359 360 361 362 363 364 365]] [28 [366 367 368 369 370 371 372 373 374 375 376 377 378]] [29 [379 380 381 382 383 384 385 386 387 388 389 390 391]] [30 [392 393 394 395 396 397 398 399 400 401 402 403 404]] [31 [405 406 407 408 409 410 411 412 413 414 415 416 417]] [32 [418 419 420 421 422 423 424 425 426 427 428 429 430]] [33 [431 432 433 434 435 436 437 438 439 440 441 442 443]] [34 [444 445 446 447 448 449 450 451 452 453 454 455 456]] [35 [457 458 459 460 461 462 463 464 465 466 467 468 469]] [36 [470 471 472 473 474 475 476 477 478 479 480 481 482]] [37 [483 484 485 486 487 488 489 490 491 492 493 494 495]] [38 [496 497 498 499 500 501 502 503 504 505 506 507 508]] [39 [509 510 511 512 513 514 515 516 517 518 519 520 521]] [40 [522 523 524 525 526 527 528 529 530 531 532 533 534]] [41 [535 536 537 538 539 540 541 542 543 544 545 546 547]] [42 [548 549 550 551 552 553 554 555 556 557 558 559 560]] [43 [561 562 563 564 565 566 567 568 569 570 571 572 573]] [44 [574 575 576 577 578 579 580 581 582 583 584 585 586]] [45 [587 588 589 590 591 592 593 594 595 596 597 598 599]] [46 [600 601 602 603 604 605 606 607 608 609 610 611 612]] [47 [613 614 615 616 617 618 619 620 621 622 623 624 625]] [48 [626 627 628 629 630 631 632 633 634 635 636 637 638]] [49 [639 640 641 642 643 644 645 646 647 648 649 650 651]] [50 [652 653 654 655 656 657 658 659 660 661 662 663 664]] [51 [665 666 667 668 669 670 671 672 673 674 675 676 677]] [52 [678 679 680 681 682 683 684 685 686 687 688 689 690]] [53 [691 692 693 694 695 696 697 698 699 700 701 702 703]] [54 [704 705 706 707 708 709 710 711 712 713 714 715 716]] [55 [717 718 719 720 721 722 723 724 725 726 727 728 729]] [56 [730 731 732 733 734 735 736 737 738 739 740 741 742]] [57 [743 744 745 746 747 748 749 750 751 752 753 754 755]] [58 [756 757 758 759 760 761 762 763 764 765 766 767 768]] [59 [769 770 771 772 773 774 775 776 777 778 779 780 781]] [60 [782 783 784 785 786 787 788 789 790 791 792 793 794]] [61 [795 796 797 798 799 800 801 802 803 804 805 806 807]] [62 [808 809 810 811 812 813 814 815 816 817 818 819 820]] [63 [821 822 823 824 825 826 827 828 829 830 831 832 833]] [64 [834 835 836 837 838 839 840 841 842 843 844 845 846]] [65 [847 848 849 850 851 852 853 854 855 856 857 858 859]] [66 [860 861 862 863 864 865 866 867 868 869 870 871 872]] [67 [873 874 875 876 877 878 879 880 881 882 883 884 885]] [68 [886 887 888 889 890 891 892 893 894 895 896 897 898]] [69 [899 900 901 902 903 904 905 906 907 908 909 910 911]] [70 [912 913 914 915 916 917 918 919 920 921 922 923 924]] [71 [925 926 927 928 929 930 931 932 933 934 935 936 937]] [72 [938 939 940 941 942 943 944 945 946 947 948 949 950]] [73 [951 952 953 954 955 956 957 958 959 960 961 962 963]] [74 [964 965 966 967 968 969 970 971 972 973 974 975 976]] [75 [977 978 979 980 981 982 983 984 985 986 987 988 989]] [76 [990 991 992 993 994 995 996 997 998 999 1000 1001 1002]] [77 [1003 1004 1005 1006 1007 1008 1009 1010 1011 1012 1013 1014 1015]] [78 [1016 1017 1018 1019 1020 1021 1022 1023 1024 1025 1026 1027 1028]] [79 [1029 1030 1031 1032 1033 1034 1035 1036 1037 1038 1039 1040 1041]] [80 [1042 1043 1044 1045 1046 1047 1048 1049 1050 1051 1052 1053 1054]] [81 [1055 1056 1057 1058 1059 1060 1061 1062 1063 1064 1065 1066 1067]] [82 [1068 1069 1070 1071 1072 1073 1074 1075 1076 1077 1078 1079 1080]] [83 [1081 1082 1083 1084 1085 1086 1087 1088 1089 1090 1091 1092 1093]] [84 [1094 1095 1096 1097 1098 1099 1100 1101 1102 1103 1104 1105 1106]] [85 [1107 1108 1109 1110 1111 1112 1113 1114 1115 1116 1117 1118 1119]] [86 [1120 1121 1122 1123 1124 1125 1126 1127 1128 1129 1130 1131 1132]] [87 [1133 1134 1135 1136 1137 1138 1139 1140 1141 1142 1143 1144 1145]] [88 [1146 1147 1148 1149 1150 1151 1152 1153 1154 1155 1156 1157 1158]] [89 [1159 1160 1161 1162 1163 1164 1165 1166 1167 1168 1169 1170 1171]] [90 [1172 1173 1174 1175 1176 1177 1178 1179 1180 1181 1182 1183 1184]] [91 [1185 1186 1187 1188 1189 1190 1191 1192 1193 1194 1195 1196 1197]] [92 [1198 1199 1200 1201 1202 1203 1204 1205 1206 1207 1208 1209 1210]] [93 [1211 1212 1213 1214 1215 1216 1217 1218 1219 1220 1221 1222 1223]] [94 [1224 1225 1226 1227 1228 1229 1230 1231 1232 1233 1234 1235 1236]] [95 [1237 1238 1239 1240 1241 1242 1243 1244 1245 1246 1247 1248 1249]] [96 [1250 1251 1252 1253 1254 1255 1256 1257 1258 1259 1260 1261 1262]] [97 [1263 1264 1265 1266 1267 1268 1269 1270 1271 1272 1273 1274 1275]] [98 [1276 1277 1278 1279 1280 1281 1282 1283 1284 1285 1286 1287 1288]] [99 [1289 1290 1291 1292 1293 1294 1295 1296 1297 1298 1299 1300 1301]]]","[[0 [0 1 2 3 4 6 7 8 9 10 13]] [1 [15 16 17 18 19 20 21 22 23 24 25 26 27]] [2 [28 29 30 31 32 33 34 35 36 37 38 39 40]] [3 [41 42 43 44 45 46 47 48 49 50 51 52 53]] [4 [54 55 56 57 58 59 60 61 62 63 64 65 66]] [5 [67 68 69 70 71 72 73 74 75 76 77 78 79]] [6 [80 81 82 83 84 85 86 87 88 89 90 91 92]] [7 [93 94 95 96 97 98 99 100 101 102 103 104 105]] [8 [106 107 108 109 110 111 112 113 114 115 116 117 118]] [9 [119 120 121 122 123 124 125 126 127 128 129 130 131]] [10 [132 133 134 135 136 137 138 139 140 141 142 143 144]] [11 [145 146 147 148 149 150 151 152 153 154 155 156 157]] [12 [158 159 160 161 162 163 164 165 166 167 168 169 170]] [13 [171 172 173 174 175 176 177 178 179 180 181 182 183]] [14 [184 185 186 187 188 189 190 191 192 193 194 195 196]] [15 [197 198 199 200 201 202 203 204 205 206 207 208 209]] [16 [210 211 212 213 214 215 216 217 218 219 220 221 222]] [17 [223 224 225 226 227 228 229 230 231 232 233 234 235]] [18 [236 237 238 239 240 241 242 243 244 245 246 247 248]] [19 [249 250 251 252 253 254 255 256 257 258 259 260 261]] [20 [262 263 264 265 266 267 268 269 270 271 272 273 274]] [21 [275 276 277 278 279 280 281 282 283 284 285 286 287]] [22 [288 289 290 291 292 293 294 295 296 297 298 299 300]] [23 [301 302 303 304 305 306 307 308 309 310 311 312 313]] [24 [314 315 316 317 318 319 320 321 322 323 324 325 326]] [25 [327 328 329 330 331 332 333 334 335 336 337 338 339]] [26 [340 341 342 343 344 345 346 347 348 349 350 351 352]] [27 [353 354 355 356 357 358 359 360 361 362 363 364 365]] [28 [366 367 368 369 370 371 372 373 374 375 376 377 378]] [29 [379 380 381 382 383 384 385 386 387 388 389 390 391]] [30 [392 393 394 395 396 397 398 399 400 401 402 403 404]] [31 [405 406 407 408 409 410 411 412 413 414 415 416 417]] [32 [418 419 420 421 422 423 424 425 426 427 428 429 430]] [33 [431 432 433 434 435 436 437 438 439 440 441 442 443]] [34 [444 445 446 447 448 449 450 451 452 453 454 455 456]] [35 [457 458 459 460 461 462 463 464 465 466 467 468 469]] [36 [470 471 472 473 474 475 476 477 478 479 480 481 482]] [37 [483 484 485 486 487 488 489 490 491 492 493 494 495]] [38 [496 497 498 499 500 501 502 503 504 505 506 507 508]] [39 [509 510 511 512 513 514 515 516 517 518 519 520 521]] [40 [522 523 524 525 526 527 528 529 530 531 532 533 534]] [41 [535 536 537 538 539 540 541 542 543 544 545 546 547]] [42 [548 549 550 551 552 553 554 555 556 557 558 559 560]] [43 [561 562 563 564 565 566 567 568 569 570 571 572 573]] [44 [574 575 576 577 578 579 580 581 582 583 584 585 586]] [45 [587 588 589 590 591 592 593 594 595 596 597 598 599]] [46 [600 601 602 603 604 605 606 607 608 609 610 611 612]] [47 [613 614 615 616 617 618 619 620 621 622 623 624 625]] [48 [626 627 628 629 630 631 632 633 634 635 636 637 638]] [49 [639 640 641 642 643 644 645 646 647 648 649 650 651]] [50 [652 653 654 655 656 657 658 659 660 661 662 663 664]] [51 [665 666 667 668 669 670 671 672 673 674 675 676 677]] [52 [678 679 680 681 682 683 684 685 686 687 688 689 690]] [53 [691 692 693 694 695 696 697 698 699 700 701 702 703]] [54 [704 705 706 707 708 709 710 711 712 713 714 715 716]] [55 [717 718 719 720 721 722 723 724 725 726 727 728 729]] [56 [730 731 732 733 734 735 736 737 738 739 740 741 742]] [57 [743 744 745 746 747 748 749 750 751 752 753 754 755]] [58 [756 757 758 759 760 761 762 763 764 765 766 767 768]] [59 [769 770 771 772 773 774 775 776 777 778 779 780 781]] [60 [782 783 784 785 786 787 788 789 790 791 792 793 794]] [61 [795 796 797 798 799 800 801 802 803 804 805 806 807]] [62 [808 809 810 811 812 813 814 815 816 817 818 819 820]] [63 [821 822 823 824 825 826 827 828 829 830 831 832 833]] [64 [834 835 836 837 838 839 840 841 842 843 844 845 846]] [65 [847 848 849 850 851 852 853 854 855 856 857 858 859]] [66 [860 861 862 863 864 865 866 867 868 869 870 871 872]] [67 [873 874 875 876 877 878 879 880 881 882 883 884 885]] [68 [886 887 888 889 890 891 892 893 894 895 896 897 898]] [69 [899 900 901 902 903 904 905 906 907 908 909 910 911]] [70 [912 913 914 915 916 917 918 919 920 921 922 923 924]] [71 [925 926 927 928 929 930 931 932 933 934 935 936 937]] [72 [938 939 940 941 942 943 944 945 946 947 948 949 950]] [73 [951 952 953 954 955 956 957 958 959 960 961 962 963]] [74 [964 965 966 967 968 969 970 971 972 973 974 975 976]] [75 [977 978 979 980 981 982 983 984 985 986 987 988 989]] [76 [990 991 992 993 994 995 996 997 998 999 1000 1001 1002]] [77 [1003 1004 1005 1006 1007 1008 1009 1010 1011 1012 1013 1014 1015]] [78 [1016 1017 1018 1019 1020 1021 1022 1023 1024 1025 1026 1027 1028]] [79 [1029 1030 1031 1032 1033 1034 1035 1036 1037 1038 1039 1040 1041]] [80 [1042 1043 1044 1045 1046 1047 1048 1049 1050 1051 1052 1053 1054]] [81 [1055 1056 1057 1058 1059 1060 1061 1062 1063 1064 1065 1066 1067]] [82 [1068 1069 1070 1071 1072 1073 1074 1075 1076 1077 1078 1079 1080]] [83 [1081 1082 1083 1084 1085 1086 1087 1088 1089 1090 1091 1092 1093]] [84 [1094 1095 1096 1097 1098 1099 1100 1101 1102 1103 1104 1105 1106]] [85 [1107 1108 1109 1110 1111 1112 1113 1114 1115 1116 1117 1118 1119]] [86 [1120 1121 1122 1123 1124 1125 1126 1127 1128 1129 1130 1131 1132]] [87 [1133 1134 1135 1136 1137 1138 1139 1140 1141 1142 1143 1144 1145]] [88 [1146 1147 1148 1149 1150 1151 1152 1153 1154 1155 1156 1157 1158]] [89 [1159 1160 1161 1162 1163 1164 1165 1166 1167 1168 1169 1170 1171]] [90 [1172 1173 1174 1175 1176 1177 1178 1179 1180 1181 1182 1183 1184]] [91 [1185 1186 1187 1188 1189 1190 1191 1192 1193 1194 1195 1196 1197]] [92 [1198 1199 1200 1201 1202 1203 1204 1205 1206 1207 1208 1209 1210]] [93 [1211 1212 1213 1214 1215 1216 1217 1218 1219 1220 1221 1222 1223]] [94 [1224 1225 1226 1227 1228 1229 1230 1231 1232 1233 1234 1235 1236]] [95 [1237 1238 1239 1240 1241 1242 1243 1244 1245 1246 1247 1248 1249]] [96 [1250 1251 1252 1253 1254 1255 1256 1257 1258 1259 1260 1261 1262]] [97 [1263 1264 1265 1266 1267 1268 1269 1270 1271 1272 1273 1274 1275]] [98 [1276 1277 1278 1279 1280 1281 1282 1283 1284 1285 1286 1287 1288]] [99 [1289 1290 1291 1292 1293 1294 1295 1296 1297 1298 1299 1300 1301]]]",,"[[{media 56} [[""A"" [3 3]]]] [{media 57} [[""A"" [3 3]]]] [{media 59} [[""A"" [3 3]]]] [{media 63} [[""A"" [3 3]]]] [{media 64} [[""A"" [3 3]]]] [{citizen 8} [[""A"" [3 3]]]] [{citizen 14} [[""A"" [3 3]]]] [{media 54} [[""A"" [3 3]]]] [{citizen 5} [[""A"" [3 3]]]] [{citizen 12} [[""A"" [3 3]]]] [{citizen 16} [[""A"" [3 3]]]] [{media 50} [[""A"" [3 3]]]] [{citizen 0} [[""A"" [3 3]]]] [{citizen 4} [[""A"" [3 3]]]] [{media 55} [[""A"" [3 3]]]] [{citizen 1} [[""A"" [3 3]]]] [{media 62} [[""A"" [3 3]]]] [{media 53} [[""A"" [3 3]]]] [{media 52} [[""A"" [3 3]]]] [{citizen 3} [[""A"" [3 3]]]] [{media 61} [[""A"" [3 3]]]] [{citizen 9} [[""A"" [3 3]]]] [{citizen 43} [[""A"" [3 3]]]] [{citizen 45} [[""A"" [3 3]]]] [{citizen 20} [[""A"" [3 3]]]] [{citizen 17} [[""A"" [3 3]]]] [{citizen 36} [[""A"" [3 3]]]] [{citizen 37} [[""A"" [3 3]]]] [{citizen 10} [[""A"" [3 3]]]] [{citizen 31} [[""A"" [3 3]]]] [{citizen 42} [[""A"" [3 3]]]] [{citizen 27} [[""A"" [3 3]]]] [{citizen 33} [[""A"" [3 3]]]] [{citizen 40} [[""A"" [3 3]]]] [{citizen 7} [[""A"" [3 3]]]] [{citizen 19} [[""A"" [3 3]]]] [{citizen 34} [[""A"" [3 3]]]] [{citizen 38} [[""A"" [3 3]]]] [{citizen 24} [[""A"" [3 3]]]] [{citizen 2} [[""A"" [3 3]]]] [{citizen 15} [[""A"" [3 3]]]] [{citizen 32} [[""A"" [3 3]]]] [{citizen 35} [[""A"" [3 3]]]] [{citizen 21} [[""A"" [3 3]]]] [{citizen 41} [[""A"" [3 3]]]] [{citizen 29} [[""A"" [3 3]]]] [{citizen 48} [[""A"" [3 3]]]] [{citizen 23} [[""A"" [3 3]]]] [{citizen 18} [[""A"" [3 3]]]] [{citizen 47} [[""A"" [3 3]]]] [{citizen 11} [[""A"" [3 3]]]] [{media 51} [[""A"" [3 3]]]] [{citizen 44} [[""A"" [3 3]]]] [{citizen 25} [[""A"" [3 3]]]] [{citizen 13} [[""A"" [3 3]]]] [{citizen 46} [[""A"" [3 3]]]] [{citizen 39} [[""A"" [3 3]]]] [{citizen 30} [[""A"" [3 3]]]] [{citizen 6} [[""A"" [3 3]]]] [{citizen 26} [[""A"" [3 3]]]] [{citizen 22} [[""A"" [3 3]]]] [{citizen 28} [[""A"" [3 3]]]]]"
"50","[43 0 212]","246","15.315946001892243","-15.867851335292526","""box""","""""","9.9","{breed medias}","false","1","1","""up""","0","[[""ID"" 54] [""alpha"" 1] [""beta"" 1] [""malleable"" [""A""]] [""prior"" []] [""cont_tokens"" []] [""A"" 5]]","[]","[]","[[3 [[""A"" 3]]] [24 [[""A"" 3]]] [29 [[""A"" 3]]] [45 [[""A"" 3]]] [54 [[""A"" 3]]] [74 [[""A"" 3]]] [85 [[""A"" 3]]] [97 [[""A"" 3]]] [117 [[""A"" 3]]] [126 [[""A"" 3]]] [142 [[""A"" 3]]] [150 [[""A"" 3]]] [163 [[""A"" 3]]] [179 [[""A"" 3]]] [184 [[""A"" 3]]] [198 [[""A"" 3]]] [210 [[""A"" 3]]] [228 [[""A"" 3]]] [248 [[""A"" 3]]] [256 [[""A"" 3]]] [273 [[""A"" 3]]] [279 [[""A"" 3]]] [297 [[""A"" 3]]] [310 [[""A"" 3]]] [326 [[""A"" 3]]] [336 [[""A"" 3]]] [349 [[""A"" 3]]] [361 [[""A"" 3]]] [372 [[""A"" 3]]] [383 [[""A"" 3]]] [400 [[""A"" 3]]] [415 [[""A"" 3]]] [422 [[""A"" 3]]] [435 [[""A"" 3]]] [456 [[""A"" 3]]] [458 [[""A"" 3]]] [471 [[""A"" 3]]] [489 [[""A"" 3]]] [505 [[""A"" 3]]] [515 [[""A"" 3]]] [526 [[""A"" 3]]] [547 [[""A"" 3]]] [558 [[""A"" 3]]] [567 [[""A"" 3]]] [581 [[""A"" 3]]] [591 [[""A"" 3]]] [604 [[""A"" 3]]] [615 [[""A"" 3]]] [631 [[""A"" 3]]] [651 [[""A"" 3]]] [660 [[""A"" 3]]] [674 [[""A"" 3]]] [687 [[""A"" 3]]] [703 [[""A"" 3]]] [706 [[""A"" 3]]] [723 [[""A"" 3]]] [738 [[""A"" 3]]] [755 [[""A"" 3]]] [767 [[""A"" 3]]] [776 [[""A"" 3]]] [783 [[""A"" 3]]] [806 [[""A"" 3]]] [811 [[""A"" 3]]] [821 [[""A"" 3]]] [837 [[""A"" 3]]] [853 [[""A"" 3]]] [863 [[""A"" 3]]] [873 [[""A"" 3]]] [891 [[""A"" 3]]] [900 [[""A"" 3]]] [919 [[""A"" 3]]] [934 [[""A"" 3]]] [945 [[""A"" 3]]] [961 [[""A"" 3]]] [971 [[""A"" 3]]] [987 [[""A"" 3]]] [994 [[""A"" 3]]] [1007 [[""A"" 3]]] [1027 [[""A"" 3]]] [1036 [[""A"" 3]]] [1049 [[""A"" 3]]] [1063 [[""A"" 3]]] [1071 [[""A"" 3]]] [1085 [[""A"" 3]]] [1106 [[""A"" 3]]] [1111 [[""A"" 3]]] [1124 [[""A"" 3]]] [1134 [[""A"" 3]]] [1148 [[""A"" 3]]] [1165 [[""A"" 3]]] [1177 [[""A"" 3]]] [1196 [[""A"" 3]]] [1204 [[""A"" 3]]] [1221 [[""A"" 3]]] [1227 [[""A"" 3]]] [1245 [[""A"" 3]]] [1251 [[""A"" 3]]] [1268 [[""A"" 3]]] [1279 [[""A"" 3]]] [1299 [[""A"" 3]]]]",
"51","[43 0 212]","111","-15.08794064372455","0.8354933578254027","""box""","""""","9.9","{breed medias}","false","1","1","""up""","0","[[""ID"" 53] [""alpha"" 1] [""beta"" 1] [""malleable"" [""A""]] [""prior"" []] [""cont_tokens"" []] [""A"" 5]]","[]","[]","[[12 [[""A"" 3]]] [19 [[""A"" 3]]] [35 [[""A"" 3]]] [52 [[""A"" 3]]] [65 [[""A"" 3]]] [68 [[""A"" 3]]] [83 [[""A"" 3]]] [101 [[""A"" 3]]] [109 [[""A"" 3]]] [130 [[""A"" 3]]] [137 [[""A"" 3]]] [147 [[""A"" 3]]] [168 [[""A"" 3]]] [172 [[""A"" 3]]] [189 [[""A"" 3]]] [197 [[""A"" 3]]] [211 [[""A"" 3]]] [224 [[""A"" 3]]] [243 [[""A"" 3]]] [253 [[""A"" 3]]] [263 [[""A"" 3]]] [275 [[""A"" 3]]] [294 [[""A"" 3]]] [308 [[""A"" 3]]] [317 [[""A"" 3]]] [334 [[""A"" 3]]] [348 [[""A"" 3]]] [360 [[""A"" 3]]] [375 [[""A"" 3]]] [388 [[""A"" 3]]] [404 [[""A"" 3]]] [409 [[""A"" 3]]] [427 [[""A"" 3]]] [431 [[""A"" 3]]] [446 [[""A"" 3]]] [465 [[""A"" 3]]] [478 [[""A"" 3]]] [490 [[""A"" 3]]] [497 [[""A"" 3]]] [516 [[""A"" 3]]] [534 [[""A"" 3]]] [537 [[""A"" 3]]] [560 [[""A"" 3]]] [572 [[""A"" 3]]] [578 [[""A"" 3]]] [599 [[""A"" 3]]] [607 [[""A"" 3]]] [613 [[""A"" 3]]] [638 [[""A"" 3]]] [644 [[""A"" 3]]] [661 [[""A"" 3]]] [669 [[""A"" 3]]] [680 [[""A"" 3]]] [695 [[""A"" 3]]] [713 [[""A"" 3]]] [717 [[""A"" 3]]] [730 [[""A"" 3]]] [746 [[""A"" 3]]] [764 [[""A"" 3]]] [769 [[""A"" 3]]] [787 [[""A"" 3]]] [800 [[""A"" 3]]] [815 [[""A"" 3]]] [832 [[""A"" 3]]] [842 [[""A"" 3]]] [855 [[""A"" 3]]] [867 [[""A"" 3]]] [876 [[""A"" 3]]] [892 [[""A"" 3]]] [902 [[""A"" 3]]] [922 [[""A"" 3]]] [927 [[""A"" 3]]] [949 [[""A"" 3]]] [955 [[""A"" 3]]] [965 [[""A"" 3]]] [983 [[""A"" 3]]] [1002 [[""A"" 3]]] [1004 [[""A"" 3]]] [1025 [[""A"" 3]]] [1035 [[""A"" 3]]] [1046 [[""A"" 3]]] [1057 [[""A"" 3]]] [1072 [[""A"" 3]]] [1086 [[""A"" 3]]] [1096 [[""A"" 3]]] [1114 [[""A"" 3]]] [1123 [[""A"" 3]]] [1145 [[""A"" 3]]] [1146 [[""A"" 3]]] [1159 [[""A"" 3]]] [1174 [[""A"" 3]]] [1194 [[""A"" 3]]] [1198 [[""A"" 3]]] [1212 [[""A"" 3]]] [1234 [[""A"" 3]]] [1237 [[""A"" 3]]] [1253 [[""A"" 3]]] [1274 [[""A"" 3]]] [1284 [[""A"" 3]]] [1291 [[""A"" 3]]]]",
"52","[170 0 85]","359","6.39157013988121","4.681324567218507","""box""","""""","9.9","{breed medias}","false","1","1","""up""","0","[[""ID"" 57] [""alpha"" 1] [""beta"" 1] [""malleable"" [""A""]] [""prior"" []] [""cont_tokens"" []] [""A"" 2]]","[]","[]","[[13 [[""A"" 3]]] [18 [[""A"" 3]]] [40 [[""A"" 3]]] [42 [[""A"" 3]]] [58 [[""A"" 3]]] [67 [[""A"" 3]]] [88 [[""A"" 3]]] [105 [[""A"" 3]]] [118 [[""A"" 3]]] [124 [[""A"" 3]]] [139 [[""A"" 3]]] [157 [[""A"" 3]]] [162 [[""A"" 3]]] [176 [[""A"" 3]]] [190 [[""A"" 3]]] [203 [[""A"" 3]]] [220 [[""A"" 3]]] [233 [[""A"" 3]]] [244 [[""A"" 3]]] [261 [[""A"" 3]]] [265 [[""A"" 3]]] [285 [[""A"" 3]]] [300 [[""A"" 3]]] [309 [[""A"" 3]]] [316 [[""A"" 3]]] [330 [[""A"" 3]]] [352 [[""A"" 3]]] [364 [[""A"" 3]]] [371 [[""A"" 3]]] [391 [[""A"" 3]]] [397 [[""A"" 3]]] [408 [[""A"" 3]]] [425 [[""A"" 3]]] [439 [[""A"" 3]]] [444 [[""A"" 3]]] [466 [[""A"" 3]]] [475 [[""A"" 3]]] [487 [[""A"" 3]]] [501 [[""A"" 3]]] [509 [[""A"" 3]]] [527 [[""A"" 3]]] [543 [[""A"" 3]]] [555 [[""A"" 3]]] [569 [[""A"" 3]]] [574 [[""A"" 3]]] [596 [[""A"" 3]]] [601 [[""A"" 3]]] [622 [[""A"" 3]]] [636 [[""A"" 3]]] [641 [[""A"" 3]]] [658 [[""A"" 3]]] [677 [[""A"" 3]]] [679 [[""A"" 3]]] [699 [[""A"" 3]]] [710 [[""A"" 3]]] [722 [[""A"" 3]]] [733 [[""A"" 3]]] [747 [[""A"" 3]]] [762 [[""A"" 3]]] [779 [[""A"" 3]]] [789 [[""A"" 3]]] [807 [[""A"" 3]]] [816 [[""A"" 3]]] [826 [[""A"" 3]]] [841 [[""A"" 3]]] [847 [[""A"" 3]]] [862 [[""A"" 3]]] [882 [[""A"" 3]]] [888 [[""A"" 3]]] [899 [[""A"" 3]]] [916 [[""A"" 3]]] [926 [[""A"" 3]]] [948 [[""A"" 3]]] [963 [[""A"" 3]]] [969 [[""A"" 3]]] [981 [[""A"" 3]]] [991 [[""A"" 3]]] [1006 [[""A"" 3]]] [1017 [[""A"" 3]]] [1031 [[""A"" 3]]] [1052 [[""A"" 3]]] [1059 [[""A"" 3]]] [1069 [[""A"" 3]]] [1087 [[""A"" 3]]] [1095 [[""A"" 3]]] [1110 [[""A"" 3]]] [1122 [[""A"" 3]]] [1136 [[""A"" 3]]] [1156 [[""A"" 3]]] [1160 [[""A"" 3]]] [1184 [[""A"" 3]]] [1192 [[""A"" 3]]] [1207 [[""A"" 3]]] [1211 [[""A"" 3]]] [1235 [[""A"" 3]]] [1248 [[""A"" 3]]] [1262 [[""A"" 3]]] [1267 [[""A"" 3]]] [1278 [[""A"" 3]]] [1294 [[""A"" 3]]]]",
"53","[213 0 42]","84","2.8342771862964327","-0.21008974365391353","""box""","""""","9.9","{breed medias}","false","1","1","""up""","0","[[""ID"" 52] [""alpha"" 1] [""beta"" 1] [""malleable"" [""A""]] [""prior"" []] [""cont_tokens"" []] [""A"" 1]]","[]","[]","[[10 [[""A"" 3]]] [16 [[""A"" 3]]] [30 [[""A"" 3]]] [41 [[""A"" 3]]] [63 [[""A"" 3]]] [69 [[""A"" 3]]] [92 [[""A"" 3]]] [96 [[""A"" 3]]] [113 [[""A"" 3]]] [128 [[""A"" 3]]] [140 [[""A"" 3]]] [153 [[""A"" 3]]] [158 [[""A"" 3]]] [174 [[""A"" 3]]] [186 [[""A"" 3]]] [206 [[""A"" 3]]] [217 [[""A"" 3]]] [226 [[""A"" 3]]] [237 [[""A"" 3]]] [260 [[""A"" 3]]] [271 [[""A"" 3]]] [283 [[""A"" 3]]] [296 [[""A"" 3]]] [306 [[""A"" 3]]] [321 [[""A"" 3]]] [332 [[""A"" 3]]] [340 [[""A"" 3]]] [353 [[""A"" 3]]] [370 [[""A"" 3]]] [387 [[""A"" 3]]] [398 [[""A"" 3]]] [417 [[""A"" 3]]] [421 [[""A"" 3]]] [436 [[""A"" 3]]] [454 [[""A"" 3]]] [468 [[""A"" 3]]] [479 [[""A"" 3]]] [484 [[""A"" 3]]] [500 [[""A"" 3]]] [513 [[""A"" 3]]] [525 [[""A"" 3]]] [546 [[""A"" 3]]] [557 [[""A"" 3]]] [571 [[""A"" 3]]] [585 [[""A"" 3]]] [597 [[""A"" 3]]] [600 [[""A"" 3]]] [618 [[""A"" 3]]] [634 [[""A"" 3]]] [649 [[""A"" 3]]] [657 [[""A"" 3]]] [675 [[""A"" 3]]] [686 [[""A"" 3]]] [697 [[""A"" 3]]] [714 [[""A"" 3]]] [718 [[""A"" 3]]] [735 [[""A"" 3]]] [745 [[""A"" 3]]] [756 [[""A"" 3]]] [780 [[""A"" 3]]] [794 [[""A"" 3]]] [803 [[""A"" 3]]] [812 [[""A"" 3]]] [831 [[""A"" 3]]] [843 [[""A"" 3]]] [858 [[""A"" 3]]] [870 [[""A"" 3]]] [877 [[""A"" 3]]] [896 [[""A"" 3]]] [904 [[""A"" 3]]] [923 [[""A"" 3]]] [937 [[""A"" 3]]] [950 [[""A"" 3]]] [951 [[""A"" 3]]] [970 [[""A"" 3]]] [980 [[""A"" 3]]] [990 [[""A"" 3]]] [1009 [[""A"" 3]]] [1026 [[""A"" 3]]] [1039 [[""A"" 3]]] [1043 [[""A"" 3]]] [1064 [[""A"" 3]]] [1075 [[""A"" 3]]] [1089 [[""A"" 3]]] [1098 [[""A"" 3]]] [1119 [[""A"" 3]]] [1128 [[""A"" 3]]] [1135 [[""A"" 3]]] [1154 [[""A"" 3]]] [1161 [[""A"" 3]]] [1173 [[""A"" 3]]] [1197 [[""A"" 3]]] [1201 [[""A"" 3]]] [1214 [[""A"" 3]]] [1231 [[""A"" 3]]] [1247 [[""A"" 3]]] [1254 [[""A"" 3]]] [1264 [[""A"" 3]]] [1288 [[""A"" 3]]] [1290 [[""A"" 3]]]]",
"54","[128 0 127]","177","4.650450208212941","11.077891758946635","""box""","""""","9.9","{breed medias}","false","1","1","""up""","0","[[""ID"" 63] [""alpha"" 1] [""beta"" 1] [""malleable"" [""A""]] [""prior"" []] [""cont_tokens"" []] [""A"" 3]]","[]","[]","[[1 [[""A"" 3]]] [26 [[""A"" 3]]] [37 [[""A"" 3]]] [44 [[""A"" 3]]] [55 [[""A"" 3]]] [76 [[""A"" 3]]] [80 [[""A"" 3]]] [93 [[""A"" 3]]] [110 [[""A"" 3]]] [119 [[""A"" 3]]] [136 [[""A"" 3]]] [154 [[""A"" 3]]] [164 [[""A"" 3]]] [180 [[""A"" 3]]] [187 [[""A"" 3]]] [202 [[""A"" 3]]] [213 [[""A"" 3]]] [229 [[""A"" 3]]] [238 [[""A"" 3]]] [259 [[""A"" 3]]] [267 [[""A"" 3]]] [280 [[""A"" 3]]] [293 [[""A"" 3]]] [302 [[""A"" 3]]] [318 [[""A"" 3]]] [328 [[""A"" 3]]] [341 [[""A"" 3]]] [358 [[""A"" 3]]] [373 [[""A"" 3]]] [390 [[""A"" 3]]] [402 [[""A"" 3]]] [407 [[""A"" 3]]] [420 [[""A"" 3]]] [440 [[""A"" 3]]] [448 [[""A"" 3]]] [459 [[""A"" 3]]] [476 [[""A"" 3]]] [493 [[""A"" 3]]] [496 [[""A"" 3]]] [519 [[""A"" 3]]] [523 [[""A"" 3]]] [538 [[""A"" 3]]] [551 [[""A"" 3]]] [570 [[""A"" 3]]] [583 [[""A"" 3]]] [593 [[""A"" 3]]] [611 [[""A"" 3]]] [620 [[""A"" 3]]] [627 [[""A"" 3]]] [645 [[""A"" 3]]] [654 [[""A"" 3]]] [665 [[""A"" 3]]] [689 [[""A"" 3]]] [701 [[""A"" 3]]] [716 [[""A"" 3]]] [728 [[""A"" 3]]] [734 [[""A"" 3]]] [754 [[""A"" 3]]] [761 [[""A"" 3]]] [775 [[""A"" 3]]] [782 [[""A"" 3]]] [801 [[""A"" 3]]] [813 [[""A"" 3]]] [833 [[""A"" 3]]] [845 [[""A"" 3]]] [848 [[""A"" 3]]] [872 [[""A"" 3]]] [881 [[""A"" 3]]] [897 [[""A"" 3]]] [908 [[""A"" 3]]] [913 [[""A"" 3]]] [931 [[""A"" 3]]] [942 [[""A"" 3]]] [952 [[""A"" 3]]] [964 [[""A"" 3]]] [986 [[""A"" 3]]] [997 [[""A"" 3]]] [1010 [[""A"" 3]]] [1019 [[""A"" 3]]] [1038 [[""A"" 3]]] [1044 [[""A"" 3]]] [1056 [[""A"" 3]]] [1080 [[""A"" 3]]] [1083 [[""A"" 3]]] [1105 [[""A"" 3]]] [1117 [[""A"" 3]]] [1125 [[""A"" 3]]] [1138 [[""A"" 3]]] [1151 [[""A"" 3]]] [1171 [[""A"" 3]]] [1172 [[""A"" 3]]] [1189 [[""A"" 3]]] [1200 [[""A"" 3]]] [1218 [[""A"" 3]]] [1228 [[""A"" 3]]] [1246 [[""A"" 3]]] [1252 [[""A"" 3]]] [1269 [[""A"" 3]]] [1285 [[""A"" 3]]] [1297 [[""A"" 3]]]]",
"55","[0 0 255]","280","5.013308947193966","-13.008756144940616","""box""","""""","9.9","{breed medias}","false","1","1","""up""","0","[[""ID"" 58] [""alpha"" 1] [""beta"" 1] [""malleable"" [""A""]] [""prior"" []] [""cont_tokens"" []] [""A"" 6]]","[]","[]","[[6 [[""A"" 3]]] [22 [[""A"" 3]]] [28 [[""A"" 3]]] [47 [[""A"" 3]]] [59 [[""A"" 3]]] [75 [[""A"" 3]]] [89 [[""A"" 3]]] [102 [[""A"" 3]]] [108 [[""A"" 3]]] [125 [[""A"" 3]]] [144 [[""A"" 3]]] [155 [[""A"" 3]]] [170 [[""A"" 3]]] [171 [[""A"" 3]]] [192 [[""A"" 3]]] [200 [[""A"" 3]]] [212 [[""A"" 3]]] [235 [[""A"" 3]]] [245 [[""A"" 3]]] [252 [[""A"" 3]]] [266 [[""A"" 3]]] [287 [[""A"" 3]]] [290 [[""A"" 3]]] [301 [[""A"" 3]]] [323 [[""A"" 3]]] [335 [[""A"" 3]]] [345 [[""A"" 3]]] [354 [[""A"" 3]]] [368 [[""A"" 3]]] [379 [[""A"" 3]]] [395 [[""A"" 3]]] [416 [[""A"" 3]]] [423 [[""A"" 3]]] [443 [[""A"" 3]]] [451 [[""A"" 3]]] [467 [[""A"" 3]]] [474 [[""A"" 3]]] [486 [[""A"" 3]]] [503 [[""A"" 3]]] [512 [[""A"" 3]]] [530 [[""A"" 3]]] [542 [[""A"" 3]]] [554 [[""A"" 3]]] [565 [[""A"" 3]]] [584 [[""A"" 3]]] [589 [[""A"" 3]]] [610 [[""A"" 3]]] [619 [[""A"" 3]]] [632 [[""A"" 3]]] [640 [[""A"" 3]]] [659 [[""A"" 3]]] [676 [[""A"" 3]]] [684 [[""A"" 3]]] [700 [[""A"" 3]]] [704 [[""A"" 3]]] [721 [[""A"" 3]]] [732 [[""A"" 3]]] [750 [[""A"" 3]]] [760 [[""A"" 3]]] [772 [[""A"" 3]]] [792 [[""A"" 3]]] [795 [[""A"" 3]]] [814 [[""A"" 3]]] [823 [[""A"" 3]]] [846 [[""A"" 3]]] [857 [[""A"" 3]]] [871 [[""A"" 3]]] [883 [[""A"" 3]]] [886 [[""A"" 3]]] [910 [[""A"" 3]]] [918 [[""A"" 3]]] [933 [[""A"" 3]]] [940 [[""A"" 3]]] [956 [[""A"" 3]]] [968 [[""A"" 3]]] [989 [[""A"" 3]]] [995 [[""A"" 3]]] [1011 [[""A"" 3]]] [1018 [[""A"" 3]]] [1030 [[""A"" 3]]] [1051 [[""A"" 3]]] [1062 [[""A"" 3]]] [1068 [[""A"" 3]]] [1093 [[""A"" 3]]] [1104 [[""A"" 3]]] [1107 [[""A"" 3]]] [1126 [[""A"" 3]]] [1143 [[""A"" 3]]] [1157 [[""A"" 3]]] [1163 [[""A"" 3]]] [1181 [[""A"" 3]]] [1193 [[""A"" 3]]] [1206 [[""A"" 3]]] [1220 [[""A"" 3]]] [1229 [[""A"" 3]]] [1240 [[""A"" 3]]] [1260 [[""A"" 3]]] [1272 [[""A"" 3]]] [1287 [[""A"" 3]]] [1295 [[""A"" 3]]]]",
"56","[255 0 0]","147","-4.558503283821837","-4.647404185585646","""box""","""""","9.9","{breed medias}","false","1","1","""up""","0","[[""ID"" 51] [""alpha"" 1] [""beta"" 1] [""malleable"" [""A""]] [""prior"" []] [""cont_tokens"" []] [""A"" 0]]","[]","[]","[[7 [[""A"" 3]]] [20 [[""A"" 3]]] [36 [[""A"" 3]]] [49 [[""A"" 3]]] [64 [[""A"" 3]]] [77 [[""A"" 3]]] [90 [[""A"" 3]]] [103 [[""A"" 3]]] [111 [[""A"" 3]]] [131 [[""A"" 3]]] [143 [[""A"" 3]]] [145 [[""A"" 3]]] [159 [[""A"" 3]]] [178 [[""A"" 3]]] [195 [[""A"" 3]]] [204 [[""A"" 3]]] [219 [[""A"" 3]]] [223 [[""A"" 3]]] [239 [[""A"" 3]]] [255 [[""A"" 3]]] [269 [[""A"" 3]]] [276 [[""A"" 3]]] [298 [[""A"" 3]]] [304 [[""A"" 3]]] [324 [[""A"" 3]]] [331 [[""A"" 3]]] [350 [[""A"" 3]]] [357 [[""A"" 3]]] [378 [[""A"" 3]]] [381 [[""A"" 3]]] [401 [[""A"" 3]]] [414 [[""A"" 3]]] [428 [[""A"" 3]]] [433 [[""A"" 3]]] [449 [[""A"" 3]]] [457 [[""A"" 3]]] [481 [[""A"" 3]]] [485 [[""A"" 3]]] [502 [[""A"" 3]]] [518 [[""A"" 3]]] [529 [[""A"" 3]]] [539 [[""A"" 3]]] [553 [[""A"" 3]]] [568 [[""A"" 3]]] [579 [[""A"" 3]]] [598 [[""A"" 3]]] [612 [[""A"" 3]]] [614 [[""A"" 3]]] [635 [[""A"" 3]]] [639 [[""A"" 3]]] [662 [[""A"" 3]]] [668 [[""A"" 3]]] [683 [[""A"" 3]]] [693 [[""A"" 3]]] [705 [[""A"" 3]]] [725 [[""A"" 3]]] [737 [[""A"" 3]]] [753 [[""A"" 3]]] [766 [[""A"" 3]]] [773 [[""A"" 3]]] [785 [[""A"" 3]]] [802 [[""A"" 3]]] [819 [[""A"" 3]]] [824 [[""A"" 3]]] [840 [[""A"" 3]]] [856 [[""A"" 3]]] [861 [[""A"" 3]]] [875 [[""A"" 3]]] [887 [[""A"" 3]]] [901 [[""A"" 3]]] [921 [[""A"" 3]]] [932 [[""A"" 3]]] [944 [[""A"" 3]]] [953 [[""A"" 3]]] [975 [[""A"" 3]]] [988 [[""A"" 3]]] [1001 [[""A"" 3]]] [1013 [[""A"" 3]]] [1020 [[""A"" 3]]] [1033 [[""A"" 3]]] [1053 [[""A"" 3]]] [1065 [[""A"" 3]]] [1076 [[""A"" 3]]] [1082 [[""A"" 3]]] [1101 [[""A"" 3]]] [1108 [[""A"" 3]]] [1130 [[""A"" 3]]] [1137 [[""A"" 3]]] [1158 [[""A"" 3]]] [1169 [[""A"" 3]]] [1176 [[""A"" 3]]] [1186 [[""A"" 3]]] [1209 [[""A"" 3]]] [1215 [[""A"" 3]]] [1233 [[""A"" 3]]] [1241 [[""A"" 3]]] [1255 [[""A"" 3]]] [1271 [[""A"" 3]]] [1280 [[""A"" 3]]] [1296 [[""A"" 3]]]]",
"57","[255 0 0]","306","6.47065637167093","1.6595016083803564","""box""","""""","9.9","{breed medias}","false","1","1","""up""","0","[[""ID"" 61] [""alpha"" 1] [""beta"" 1] [""malleable"" [""A""]] [""prior"" []] [""cont_tokens"" []] [""A"" 0]]","[]","[]","[[2 [[""A"" 3]]] [17 [[""A"" 3]]] [38 [[""A"" 3]]] [43 [[""A"" 3]]] [60 [[""A"" 3]]] [78 [[""A"" 3]]] [82 [[""A"" 3]]] [98 [[""A"" 3]]] [106 [[""A"" 3]]] [120 [[""A"" 3]]] [135 [[""A"" 3]]] [148 [[""A"" 3]]] [169 [[""A"" 3]]] [175 [[""A"" 3]]] [185 [[""A"" 3]]] [208 [[""A"" 3]]] [221 [[""A"" 3]]] [231 [[""A"" 3]]] [240 [[""A"" 3]]] [257 [[""A"" 3]]] [262 [[""A"" 3]]] [282 [[""A"" 3]]] [299 [[""A"" 3]]] [305 [[""A"" 3]]] [315 [[""A"" 3]]] [338 [[""A"" 3]]] [351 [[""A"" 3]]] [355 [[""A"" 3]]] [366 [[""A"" 3]]] [386 [[""A"" 3]]] [399 [[""A"" 3]]] [411 [[""A"" 3]]] [426 [[""A"" 3]]] [442 [[""A"" 3]]] [453 [[""A"" 3]]] [461 [[""A"" 3]]] [473 [[""A"" 3]]] [491 [[""A"" 3]]] [499 [[""A"" 3]]] [510 [[""A"" 3]]] [528 [[""A"" 3]]] [541 [[""A"" 3]]] [559 [[""A"" 3]]] [563 [[""A"" 3]]] [586 [[""A"" 3]]] [595 [[""A"" 3]]] [608 [[""A"" 3]]] [617 [[""A"" 3]]] [626 [[""A"" 3]]] [650 [[""A"" 3]]] [655 [[""A"" 3]]] [667 [[""A"" 3]]] [685 [[""A"" 3]]] [698 [[""A"" 3]]] [709 [[""A"" 3]]] [724 [[""A"" 3]]] [741 [[""A"" 3]]] [748 [[""A"" 3]]] [759 [[""A"" 3]]] [778 [[""A"" 3]]] [786 [[""A"" 3]]] [805 [[""A"" 3]]] [809 [[""A"" 3]]] [827 [[""A"" 3]]] [835 [[""A"" 3]]] [852 [[""A"" 3]]] [868 [[""A"" 3]]] [874 [[""A"" 3]]] [890 [[""A"" 3]]] [909 [[""A"" 3]]] [915 [[""A"" 3]]] [936 [[""A"" 3]]] [946 [[""A"" 3]]] [954 [[""A"" 3]]] [972 [[""A"" 3]]] [982 [[""A"" 3]]] [992 [[""A"" 3]]] [1015 [[""A"" 3]]] [1021 [[""A"" 3]]] [1037 [[""A"" 3]]] [1050 [[""A"" 3]]] [1058 [[""A"" 3]]] [1078 [[""A"" 3]]] [1092 [[""A"" 3]]] [1103 [[""A"" 3]]] [1116 [[""A"" 3]]] [1132 [[""A"" 3]]] [1144 [[""A"" 3]]] [1147 [[""A"" 3]]] [1168 [[""A"" 3]]] [1175 [[""A"" 3]]] [1187 [[""A"" 3]]] [1199 [[""A"" 3]]] [1213 [[""A"" 3]]] [1225 [[""A"" 3]]] [1242 [[""A"" 3]]] [1259 [[""A"" 3]]] [1263 [[""A"" 3]]] [1286 [[""A"" 3]]] [1298 [[""A"" 3]]]]",
"58","[43 0 212]","308","-2.0010621962890696","3.7202731275356875","""box""","""""","9.9","{breed medias}","false","1","1","""up""","0","[[""ID"" 62] [""alpha"" 1] [""beta"" 1] [""malleable"" [""A""]] [""prior"" []] [""cont_tokens"" []] [""A"" 5]]","[]","[]","[[11 [[""A"" 3]]]]",
"59","[85 0 170]","317","15.29999027403937","-11.579146860842997","""box""","""""","9.9","{breed medias}","false","1","1","""up""","0","[[""ID"" 64] [""alpha"" 1] [""beta"" 1] [""malleable"" [""A""]] [""prior"" []] [""cont_tokens"" []] [""A"" 4]]","[]","[]","[[0 [[""A"" 3]]] [27 [[""A"" 3]]] [32 [[""A"" 3]]] [50 [[""A"" 3]]] [61 [[""A"" 3]]] [70 [[""A"" 3]]] [86 [[""A"" 3]]] [104 [[""A"" 3]]] [114 [[""A"" 3]]] [121 [[""A"" 3]]] [132 [[""A"" 3]]] [146 [[""A"" 3]]] [161 [[""A"" 3]]] [182 [[""A"" 3]]] [193 [[""A"" 3]]] [205 [[""A"" 3]]] [218 [[""A"" 3]]] [230 [[""A"" 3]]] [236 [[""A"" 3]]] [254 [[""A"" 3]]] [270 [[""A"" 3]]] [286 [[""A"" 3]]] [295 [[""A"" 3]]] [311 [[""A"" 3]]] [314 [[""A"" 3]]] [327 [[""A"" 3]]] [347 [[""A"" 3]]] [363 [[""A"" 3]]] [377 [[""A"" 3]]] [382 [[""A"" 3]]] [393 [[""A"" 3]]] [412 [[""A"" 3]]] [430 [[""A"" 3]]] [441 [[""A"" 3]]] [452 [[""A"" 3]]] [469 [[""A"" 3]]] [477 [[""A"" 3]]] [483 [[""A"" 3]]] [506 [[""A"" 3]]] [521 [[""A"" 3]]] [522 [[""A"" 3]]] [535 [[""A"" 3]]] [548 [[""A"" 3]]] [566 [[""A"" 3]]] [576 [[""A"" 3]]] [594 [[""A"" 3]]] [605 [[""A"" 3]]] [616 [[""A"" 3]]] [630 [[""A"" 3]]] [643 [[""A"" 3]]] [653 [[""A"" 3]]] [666 [[""A"" 3]]] [678 [[""A"" 3]]] [702 [[""A"" 3]]] [708 [[""A"" 3]]] [719 [[""A"" 3]]] [739 [[""A"" 3]]] [744 [[""A"" 3]]] [758 [[""A"" 3]]] [774 [[""A"" 3]]] [791 [[""A"" 3]]] [797 [[""A"" 3]]] [818 [[""A"" 3]]] [828 [[""A"" 3]]] [834 [[""A"" 3]]] [850 [[""A"" 3]]] [864 [[""A"" 3]]] [885 [[""A"" 3]]] [894 [[""A"" 3]]] [906 [[""A"" 3]]] [924 [[""A"" 3]]] [929 [[""A"" 3]]] [939 [[""A"" 3]]] [958 [[""A"" 3]]] [967 [[""A"" 3]]] [978 [[""A"" 3]]] [998 [[""A"" 3]]] [1005 [[""A"" 3]]] [1024 [[""A"" 3]]] [1041 [[""A"" 3]]] [1048 [[""A"" 3]]] [1067 [[""A"" 3]]] [1079 [[""A"" 3]]] [1091 [[""A"" 3]]] [1100 [[""A"" 3]]] [1118 [[""A"" 3]]] [1120 [[""A"" 3]]] [1140 [[""A"" 3]]] [1152 [[""A"" 3]]] [1162 [[""A"" 3]]] [1182 [[""A"" 3]]] [1188 [[""A"" 3]]] [1210 [[""A"" 3]]] [1223 [[""A"" 3]]] [1236 [[""A"" 3]]] [1243 [[""A"" 3]]] [1250 [[""A"" 3]]] [1266 [[""A"" 3]]] [1282 [[""A"" 3]]] [1301 [[""A"" 3]]]]",
"60","[0 0 255]","199","14.470700434674704","-6.313749156188145","""box""","""""","9.9","{breed medias}","false","1","1","""up""","0","[[""ID"" 60] [""alpha"" 1] [""beta"" 1] [""malleable"" [""A""]] [""prior"" []] [""cont_tokens"" []] [""A"" 6]]","[]","[]","[[14 [[""A"" 3]]]]",
"61","[170 0 85]","319","6.073157636479223","5.115841593319786","""box""","""""","9.9","{breed medias}","false","1","1","""up""","0","[[""ID"" 59] [""alpha"" 1] [""beta"" 1] [""malleable"" [""A""]] [""prior"" []] [""cont_tokens"" []] [""A"" 2]]","[]","[]","[[5 [[""A"" 3]]] [15 [[""A"" 3]]] [39 [[""A"" 3]]] [53 [[""A"" 3]]] [66 [[""A"" 3]]] [72 [[""A"" 3]]] [84 [[""A"" 3]]] [95 [[""A"" 3]]] [116 [[""A"" 3]]] [122 [[""A"" 3]]] [133 [[""A"" 3]]] [156 [[""A"" 3]]] [160 [[""A"" 3]]] [181 [[""A"" 3]]] [196 [[""A"" 3]]] [209 [[""A"" 3]]] [215 [[""A"" 3]]] [232 [[""A"" 3]]] [246 [[""A"" 3]]] [251 [[""A"" 3]]] [268 [[""A"" 3]]] [281 [[""A"" 3]]] [291 [[""A"" 3]]] [313 [[""A"" 3]]] [320 [[""A"" 3]]] [339 [[""A"" 3]]] [346 [[""A"" 3]]] [362 [[""A"" 3]]] [367 [[""A"" 3]]] [389 [[""A"" 3]]] [392 [[""A"" 3]]] [405 [[""A"" 3]]] [419 [[""A"" 3]]] [437 [[""A"" 3]]] [455 [[""A"" 3]]] [463 [[""A"" 3]]] [470 [[""A"" 3]]] [495 [[""A"" 3]]] [504 [[""A"" 3]]] [511 [[""A"" 3]]] [533 [[""A"" 3]]] [536 [[""A"" 3]]] [556 [[""A"" 3]]] [562 [[""A"" 3]]] [575 [[""A"" 3]]] [592 [[""A"" 3]]] [606 [[""A"" 3]]] [621 [[""A"" 3]]] [633 [[""A"" 3]]] [647 [[""A"" 3]]] [652 [[""A"" 3]]] [670 [[""A"" 3]]] [688 [[""A"" 3]]] [692 [[""A"" 3]]] [707 [[""A"" 3]]] [720 [[""A"" 3]]] [736 [[""A"" 3]]] [749 [[""A"" 3]]] [768 [[""A"" 3]]] [777 [[""A"" 3]]] [788 [[""A"" 3]]] [799 [[""A"" 3]]] [810 [[""A"" 3]]] [830 [[""A"" 3]]] [839 [[""A"" 3]]] [859 [[""A"" 3]]] [865 [[""A"" 3]]] [879 [[""A"" 3]]] [898 [[""A"" 3]]] [903 [[""A"" 3]]] [912 [[""A"" 3]]] [935 [[""A"" 3]]] [947 [[""A"" 3]]] [959 [[""A"" 3]]] [976 [[""A"" 3]]] [979 [[""A"" 3]]] [996 [[""A"" 3]]] [1012 [[""A"" 3]]] [1028 [[""A"" 3]]] [1032 [[""A"" 3]]] [1047 [[""A"" 3]]] [1066 [[""A"" 3]]] [1074 [[""A"" 3]]] [1081 [[""A"" 3]]] [1094 [[""A"" 3]]] [1113 [[""A"" 3]]] [1131 [[""A"" 3]]] [1142 [[""A"" 3]]] [1149 [[""A"" 3]]] [1164 [[""A"" 3]]] [1180 [[""A"" 3]]] [1185 [[""A"" 3]]] [1202 [[""A"" 3]]] [1216 [[""A"" 3]]] [1224 [[""A"" 3]]] [1249 [[""A"" 3]]] [1261 [[""A"" 3]]] [1273 [[""A"" 3]]] [1281 [[""A"" 3]]] [1300 [[""A"" 3]]]]",
"62","[213 0 42]","44","-1.0700668875748764","9.426358599885951","""box""","""""","9.9","{breed medias}","false","1","1","""up""","0","[[""ID"" 55] [""alpha"" 1] [""beta"" 1] [""malleable"" [""A""]] [""prior"" []] [""cont_tokens"" []] [""A"" 1]]","[]","[]","[[9 [[""A"" 3]]] [21 [[""A"" 3]]] [31 [[""A"" 3]]] [51 [[""A"" 3]]] [56 [[""A"" 3]]] [79 [[""A"" 3]]] [87 [[""A"" 3]]] [99 [[""A"" 3]]] [115 [[""A"" 3]]] [123 [[""A"" 3]]] [141 [[""A"" 3]]] [149 [[""A"" 3]]] [166 [[""A"" 3]]] [177 [[""A"" 3]]] [191 [[""A"" 3]]] [199 [[""A"" 3]]] [214 [[""A"" 3]]] [227 [[""A"" 3]]] [247 [[""A"" 3]]] [249 [[""A"" 3]]] [264 [[""A"" 3]]] [284 [[""A"" 3]]] [288 [[""A"" 3]]] [312 [[""A"" 3]]] [319 [[""A"" 3]]] [333 [[""A"" 3]]] [344 [[""A"" 3]]] [356 [[""A"" 3]]] [369 [[""A"" 3]]] [380 [[""A"" 3]]] [396 [[""A"" 3]]] [413 [[""A"" 3]]] [424 [[""A"" 3]]] [434 [[""A"" 3]]] [447 [[""A"" 3]]] [464 [[""A"" 3]]] [472 [[""A"" 3]]] [488 [[""A"" 3]]] [508 [[""A"" 3]]] [520 [[""A"" 3]]] [532 [[""A"" 3]]] [540 [[""A"" 3]]] [549 [[""A"" 3]]] [564 [[""A"" 3]]] [582 [[""A"" 3]]] [587 [[""A"" 3]]] [602 [[""A"" 3]]] [624 [[""A"" 3]]] [637 [[""A"" 3]]] [648 [[""A"" 3]]] [663 [[""A"" 3]]] [671 [[""A"" 3]]] [682 [[""A"" 3]]] [694 [[""A"" 3]]] [711 [[""A"" 3]]] [726 [[""A"" 3]]] [740 [[""A"" 3]]] [743 [[""A"" 3]]] [763 [[""A"" 3]]] [770 [[""A"" 3]]] [793 [[""A"" 3]]] [796 [[""A"" 3]]] [808 [[""A"" 3]]] [822 [[""A"" 3]]] [838 [[""A"" 3]]] [854 [[""A"" 3]]] [869 [[""A"" 3]]] [884 [[""A"" 3]]] [889 [[""A"" 3]]] [907 [[""A"" 3]]] [914 [[""A"" 3]]] [925 [[""A"" 3]]] [943 [[""A"" 3]]] [962 [[""A"" 3]]] [973 [[""A"" 3]]] [984 [[""A"" 3]]] [993 [[""A"" 3]]] [1014 [[""A"" 3]]] [1023 [[""A"" 3]]] [1040 [[""A"" 3]]] [1054 [[""A"" 3]]] [1055 [[""A"" 3]]] [1073 [[""A"" 3]]] [1088 [[""A"" 3]]] [1097 [[""A"" 3]]] [1115 [[""A"" 3]]] [1121 [[""A"" 3]]] [1139 [[""A"" 3]]] [1155 [[""A"" 3]]] [1170 [[""A"" 3]]] [1179 [[""A"" 3]]] [1190 [[""A"" 3]]] [1208 [[""A"" 3]]] [1219 [[""A"" 3]]] [1230 [[""A"" 3]]] [1238 [[""A"" 3]]] [1257 [[""A"" 3]]] [1275 [[""A"" 3]]] [1277 [[""A"" 3]]] [1293 [[""A"" 3]]]]",
"63","[213 0 42]","107","14.599953184589168","3.4399334709118037","""box""","""""","9.9","{breed medias}","false","1","1","""up""","0","[[""ID"" 50] [""alpha"" 1] [""beta"" 1] [""malleable"" [""A""]] [""prior"" []] [""cont_tokens"" []] [""A"" 1]]","[]","[]","[[8 [[""A"" 3]]] [25 [[""A"" 3]]] [34 [[""A"" 3]]] [48 [[""A"" 3]]] [57 [[""A"" 3]]] [71 [[""A"" 3]]] [91 [[""A"" 3]]] [94 [[""A"" 3]]] [107 [[""A"" 3]]] [129 [[""A"" 3]]] [134 [[""A"" 3]]] [151 [[""A"" 3]]] [167 [[""A"" 3]]] [173 [[""A"" 3]]] [188 [[""A"" 3]]] [207 [[""A"" 3]]] [216 [[""A"" 3]]] [225 [[""A"" 3]]] [242 [[""A"" 3]]] [250 [[""A"" 3]]] [274 [[""A"" 3]]] [278 [[""A"" 3]]] [289 [[""A"" 3]]] [307 [[""A"" 3]]] [325 [[""A"" 3]]] [337 [[""A"" 3]]] [342 [[""A"" 3]]] [359 [[""A"" 3]]] [376 [[""A"" 3]]] [384 [[""A"" 3]]] [394 [[""A"" 3]]] [406 [[""A"" 3]]] [418 [[""A"" 3]]] [432 [[""A"" 3]]] [445 [[""A"" 3]]] [462 [[""A"" 3]]] [482 [[""A"" 3]]] [492 [[""A"" 3]]] [507 [[""A"" 3]]] [517 [[""A"" 3]]] [531 [[""A"" 3]]] [545 [[""A"" 3]]] [552 [[""A"" 3]]] [573 [[""A"" 3]]] [580 [[""A"" 3]]] [590 [[""A"" 3]]] [603 [[""A"" 3]]] [623 [[""A"" 3]]] [628 [[""A"" 3]]] [646 [[""A"" 3]]] [656 [[""A"" 3]]] [673 [[""A"" 3]]] [690 [[""A"" 3]]] [691 [[""A"" 3]]] [715 [[""A"" 3]]] [729 [[""A"" 3]]] [731 [[""A"" 3]]] [752 [[""A"" 3]]] [765 [[""A"" 3]]] [781 [[""A"" 3]]] [790 [[""A"" 3]]] [798 [[""A"" 3]]] [817 [[""A"" 3]]] [825 [[""A"" 3]]] [844 [[""A"" 3]]] [851 [[""A"" 3]]] [866 [[""A"" 3]]] [880 [[""A"" 3]]] [893 [[""A"" 3]]] [905 [[""A"" 3]]] [917 [[""A"" 3]]] [928 [[""A"" 3]]] [938 [[""A"" 3]]] [957 [[""A"" 3]]] [966 [[""A"" 3]]] [985 [[""A"" 3]]] [1000 [[""A"" 3]]] [1008 [[""A"" 3]]] [1016 [[""A"" 3]]] [1029 [[""A"" 3]]] [1045 [[""A"" 3]]] [1060 [[""A"" 3]]] [1070 [[""A"" 3]]] [1090 [[""A"" 3]]] [1099 [[""A"" 3]]] [1109 [[""A"" 3]]] [1129 [[""A"" 3]]] [1133 [[""A"" 3]]] [1153 [[""A"" 3]]] [1166 [[""A"" 3]]] [1178 [[""A"" 3]]] [1191 [[""A"" 3]]] [1203 [[""A"" 3]]] [1222 [[""A"" 3]]] [1226 [[""A"" 3]]] [1239 [[""A"" 3]]] [1258 [[""A"" 3]]] [1265 [[""A"" 3]]] [1283 [[""A"" 3]]] [1289 [[""A"" 3]]]]",
"64","[128 0 127]","331","2.3000446597227686","7.792173859203601","""box""","""""","9.9","{breed medias}","false","1","1","""up""","0","[[""ID"" 56] [""alpha"" 1] [""beta"" 1] [""malleable"" [""A""]] [""prior"" []] [""cont_tokens"" []] [""A"" 3]]","[]","[]","[[4 [[""A"" 3]]] [23 [[""A"" 3]]] [33 [[""A"" 3]]] [46 [[""A"" 3]]] [62 [[""A"" 3]]] [73 [[""A"" 3]]] [81 [[""A"" 3]]] [100 [[""A"" 3]]] [112 [[""A"" 3]]] [127 [[""A"" 3]]] [138 [[""A"" 3]]] [152 [[""A"" 3]]] [165 [[""A"" 3]]] [183 [[""A"" 3]]] [194 [[""A"" 3]]] [201 [[""A"" 3]]] [222 [[""A"" 3]]] [234 [[""A"" 3]]] [241 [[""A"" 3]]] [258 [[""A"" 3]]] [272 [[""A"" 3]]] [277 [[""A"" 3]]] [292 [[""A"" 3]]] [303 [[""A"" 3]]] [322 [[""A"" 3]]] [329 [[""A"" 3]]] [343 [[""A"" 3]]] [365 [[""A"" 3]]] [374 [[""A"" 3]]] [385 [[""A"" 3]]] [403 [[""A"" 3]]] [410 [[""A"" 3]]] [429 [[""A"" 3]]] [438 [[""A"" 3]]] [450 [[""A"" 3]]] [460 [[""A"" 3]]] [480 [[""A"" 3]]] [494 [[""A"" 3]]] [498 [[""A"" 3]]] [514 [[""A"" 3]]] [524 [[""A"" 3]]] [544 [[""A"" 3]]] [550 [[""A"" 3]]] [561 [[""A"" 3]]] [577 [[""A"" 3]]] [588 [[""A"" 3]]] [609 [[""A"" 3]]] [625 [[""A"" 3]]] [629 [[""A"" 3]]] [642 [[""A"" 3]]] [664 [[""A"" 3]]] [672 [[""A"" 3]]] [681 [[""A"" 3]]] [696 [[""A"" 3]]] [712 [[""A"" 3]]] [727 [[""A"" 3]]] [742 [[""A"" 3]]] [751 [[""A"" 3]]] [757 [[""A"" 3]]] [771 [[""A"" 3]]] [784 [[""A"" 3]]] [804 [[""A"" 3]]] [820 [[""A"" 3]]] [829 [[""A"" 3]]] [836 [[""A"" 3]]] [849 [[""A"" 3]]] [860 [[""A"" 3]]] [878 [[""A"" 3]]] [895 [[""A"" 3]]] [911 [[""A"" 3]]] [920 [[""A"" 3]]] [930 [[""A"" 3]]] [941 [[""A"" 3]]] [960 [[""A"" 3]]] [974 [[""A"" 3]]] [977 [[""A"" 3]]] [999 [[""A"" 3]]] [1003 [[""A"" 3]]] [1022 [[""A"" 3]]] [1034 [[""A"" 3]]] [1042 [[""A"" 3]]] [1061 [[""A"" 3]]] [1077 [[""A"" 3]]] [1084 [[""A"" 3]]] [1102 [[""A"" 3]]] [1112 [[""A"" 3]]] [1127 [[""A"" 3]]] [1141 [[""A"" 3]]] [1150 [[""A"" 3]]] [1167 [[""A"" 3]]] [1183 [[""A"" 3]]] [1195 [[""A"" 3]]] [1205 [[""A"" 3]]] [1217 [[""A"" 3]]] [1232 [[""A"" 3]]] [1244 [[""A"" 3]]] [1256 [[""A"" 3]]] [1270 [[""A"" 3]]] [1276 [[""A"" 3]]] [1292 [[""A"" 3]]]]",

"PATCHES"
"pxcor","pycor","pcolor","plabel","plabel-color"
"-16","16","9.9","""""","9.9"
"-15","16","9.9","""""","9.9"
"-14","16","9.9","""""","9.9"
"-13","16","9.9","""""","9.9"
"-12","16","9.9","""""","9.9"
"-11","16","9.9","""""","9.9"
"-10","16","9.9","""""","9.9"
"-9","16","9.9","""""","9.9"
"-8","16","9.9","""""","9.9"
"-7","16","9.9","""""","9.9"
"-6","16","9.9","""""","9.9"
"-5","16","9.9","""""","9.9"
"-4","16","9.9","""""","9.9"
"-3","16","9.9","""""","9.9"
"-2","16","9.9","""""","9.9"
"-1","16","9.9","""""","9.9"
"0","16","9.9","""""","9.9"
"1","16","9.9","""""","9.9"
"2","16","9.9","""""","9.9"
"3","16","9.9","""""","9.9"
"4","16","9.9","""""","9.9"
"5","16","9.9","""""","9.9"
"6","16","9.9","""""","9.9"
"7","16","9.9","""""","9.9"
"8","16","9.9","""""","9.9"
"9","16","9.9","""""","9.9"
"10","16","9.9","""""","9.9"
"11","16","9.9","""""","9.9"
"12","16","9.9","""""","9.9"
"13","16","9.9","""""","9.9"
"14","16","9.9","""""","9.9"
"15","16","9.9","""""","9.9"
"16","16","9.9","""""","9.9"
"-16","15","9.9","""""","9.9"
"-15","15","9.9","""""","9.9"
"-14","15","9.9","""""","9.9"
"-13","15","9.9","""""","9.9"
"-12","15","9.9","""""","9.9"
"-11","15","9.9","""""","9.9"
"-10","15","9.9","""""","9.9"
"-9","15","9.9","""""","9.9"
"-8","15","9.9","""""","9.9"
"-7","15","9.9","""""","9.9"
"-6","15","9.9","""""","9.9"
"-5","15","9.9","""""","9.9"
"-4","15","9.9","""""","9.9"
"-3","15","9.9","""""","9.9"
"-2","15","9.9","""""","9.9"
"-1","15","9.9","""""","9.9"
"0","15","9.9","""""","9.9"
"1","15","9.9","""""","9.9"
"2","15","9.9","""""","9.9"
"3","15","9.9","""""","9.9"
"4","15","9.9","""""","9.9"
"5","15","9.9","""""","9.9"
"6","15","9.9","""""","9.9"
"7","15","9.9","""""","9.9"
"8","15","9.9","""""","9.9"
"9","15","9.9","""""","9.9"
"10","15","9.9","""""","9.9"
"11","15","9.9","""""","9.9"
"12","15","9.9","""""","9.9"
"13","15","9.9","""""","9.9"
"14","15","9.9","""""","9.9"
"15","15","9.9","""""","9.9"
"16","15","9.9","""""","9.9"
"-16","14","9.9","""""","9.9"
"-15","14","9.9","""""","9.9"
"-14","14","9.9","""""","9.9"
"-13","14","9.9","""""","9.9"
"-12","14","9.9","""""","9.9"
"-11","14","9.9","""""","9.9"
"-10","14","9.9","""""","9.9"
"-9","14","9.9","""""","9.9"
"-8","14","9.9","""""","9.9"
"-7","14","9.9","""""","9.9"
"-6","14","9.9","""""","9.9"
"-5","14","9.9","""""","9.9"
"-4","14","9.9","""""","9.9"
"-3","14","9.9","""""","9.9"
"-2","14","9.9","""""","9.9"
"-1","14","9.9","""""","9.9"
"0","14","9.9","""""","9.9"
"1","14","9.9","""""","9.9"
"2","14","9.9","""""","9.9"
"3","14","9.9","""""","9.9"
"4","14","9.9","""""","9.9"
"5","14","9.9","""""","9.9"
"6","14","9.9","""""","9.9"
"7","14","9.9","""""","9.9"
"8","14","9.9","""""","9.9"
"9","14","9.9","""""","9.9"
"10","14","9.9","""""","9.9"
"11","14","9.9","""""","9.9"
"12","14","9.9","""""","9.9"
"13","14","9.9","""""","9.9"
"14","14","9.9","""""","9.9"
"15","14","9.9","""""","9.9"
"16","14","9.9","""""","9.9"
"-16","13","9.9","""""","9.9"
"-15","13","9.9","""""","9.9"
"-14","13","9.9","""""","9.9"
"-13","13","9.9","""""","9.9"
"-12","13","9.9","""""","9.9"
"-11","13","9.9","""""","9.9"
"-10","13","9.9","""""","9.9"
"-9","13","9.9","""""","9.9"
"-8","13","9.9","""""","9.9"
"-7","13","9.9","""""","9.9"
"-6","13","9.9","""""","9.9"
"-5","13","9.9","""""","9.9"
"-4","13","9.9","""""","9.9"
"-3","13","9.9","""""","9.9"
"-2","13","9.9","""""","9.9"
"-1","13","9.9","""""","9.9"
"0","13","9.9","""""","9.9"
"1","13","9.9","""""","9.9"
"2","13","9.9","""""","9.9"
"3","13","9.9","""""","9.9"
"4","13","9.9","""""","9.9"
"5","13","9.9","""""","9.9"
"6","13","9.9","""""","9.9"
"7","13","9.9","""""","9.9"
"8","13","9.9","""""","9.9"
"9","13","9.9","""""","9.9"
"10","13","9.9","""""","9.9"
"11","13","9.9","""""","9.9"
"12","13","9.9","""""","9.9"
"13","13","9.9","""""","9.9"
"14","13","9.9","""""","9.9"
"15","13","9.9","""""","9.9"
"16","13","9.9","""""","9.9"
"-16","12","9.9","""""","9.9"
"-15","12","9.9","""""","9.9"
"-14","12","9.9","""""","9.9"
"-13","12","9.9","""""","9.9"
"-12","12","9.9","""""","9.9"
"-11","12","9.9","""""","9.9"
"-10","12","9.9","""""","9.9"
"-9","12","9.9","""""","9.9"
"-8","12","9.9","""""","9.9"
"-7","12","9.9","""""","9.9"
"-6","12","9.9","""""","9.9"
"-5","12","9.9","""""","9.9"
"-4","12","9.9","""""","9.9"
"-3","12","9.9","""""","9.9"
"-2","12","9.9","""""","9.9"
"-1","12","9.9","""""","9.9"
"0","12","9.9","""""","9.9"
"1","12","9.9","""""","9.9"
"2","12","9.9","""""","9.9"
"3","12","9.9","""""","9.9"
"4","12","9.9","""""","9.9"
"5","12","9.9","""""","9.9"
"6","12","9.9","""""","9.9"
"7","12","9.9","""""","9.9"
"8","12","9.9","""""","9.9"
"9","12","9.9","""""","9.9"
"10","12","9.9","""""","9.9"
"11","12","9.9","""""","9.9"
"12","12","9.9","""""","9.9"
"13","12","9.9","""""","9.9"
"14","12","9.9","""""","9.9"
"15","12","9.9","""""","9.9"
"16","12","9.9","""""","9.9"
"-16","11","9.9","""""","9.9"
"-15","11","9.9","""""","9.9"
"-14","11","9.9","""""","9.9"
"-13","11","9.9","""""","9.9"
"-12","11","9.9","""""","9.9"
"-11","11","9.9","""""","9.9"
"-10","11","9.9","""""","9.9"
"-9","11","9.9","""""","9.9"
"-8","11","9.9","""""","9.9"
"-7","11","9.9","""""","9.9"
"-6","11","9.9","""""","9.9"
"-5","11","9.9","""""","9.9"
"-4","11","9.9","""""","9.9"
"-3","11","9.9","""""","9.9"
"-2","11","9.9","""""","9.9"
"-1","11","9.9","""""","9.9"
"0","11","9.9","""""","9.9"
"1","11","9.9","""""","9.9"
"2","11","9.9","""""","9.9"
"3","11","9.9","""""","9.9"
"4","11","9.9","""""","9.9"
"5","11","9.9","""""","9.9"
"6","11","9.9","""""","9.9"
"7","11","9.9","""""","9.9"
"8","11","9.9","""""","9.9"
"9","11","9.9","""""","9.9"
"10","11","9.9","""""","9.9"
"11","11","9.9","""""","9.9"
"12","11","9.9","""""","9.9"
"13","11","9.9","""""","9.9"
"14","11","9.9","""""","9.9"
"15","11","9.9","""""","9.9"
"16","11","9.9","""""","9.9"
"-16","10","9.9","""""","9.9"
"-15","10","9.9","""""","9.9"
"-14","10","9.9","""""","9.9"
"-13","10","9.9","""""","9.9"
"-12","10","9.9","""""","9.9"
"-11","10","9.9","""""","9.9"
"-10","10","9.9","""""","9.9"
"-9","10","9.9","""""","9.9"
"-8","10","9.9","""""","9.9"
"-7","10","9.9","""""","9.9"
"-6","10","9.9","""""","9.9"
"-5","10","9.9","""""","9.9"
"-4","10","9.9","""""","9.9"
"-3","10","9.9","""""","9.9"
"-2","10","9.9","""""","9.9"
"-1","10","9.9","""""","9.9"
"0","10","9.9","""""","9.9"
"1","10","9.9","""""","9.9"
"2","10","9.9","""""","9.9"
"3","10","9.9","""""","9.9"
"4","10","9.9","""""","9.9"
"5","10","9.9","""""","9.9"
"6","10","9.9","""""","9.9"
"7","10","9.9","""""","9.9"
"8","10","9.9","""""","9.9"
"9","10","9.9","""""","9.9"
"10","10","9.9","""""","9.9"
"11","10","9.9","""""","9.9"
"12","10","9.9","""""","9.9"
"13","10","9.9","""""","9.9"
"14","10","9.9","""""","9.9"
"15","10","9.9","""""","9.9"
"16","10","9.9","""""","9.9"
"-16","9","9.9","""""","9.9"
"-15","9","9.9","""""","9.9"
"-14","9","9.9","""""","9.9"
"-13","9","9.9","""""","9.9"
"-12","9","9.9","""""","9.9"
"-11","9","9.9","""""","9.9"
"-10","9","9.9","""""","9.9"
"-9","9","9.9","""""","9.9"
"-8","9","9.9","""""","9.9"
"-7","9","9.9","""""","9.9"
"-6","9","9.9","""""","9.9"
"-5","9","9.9","""""","9.9"
"-4","9","9.9","""""","9.9"
"-3","9","9.9","""""","9.9"
"-2","9","9.9","""""","9.9"
"-1","9","9.9","""""","9.9"
"0","9","9.9","""""","9.9"
"1","9","9.9","""""","9.9"
"2","9","9.9","""""","9.9"
"3","9","9.9","""""","9.9"
"4","9","9.9","""""","9.9"
"5","9","9.9","""""","9.9"
"6","9","9.9","""""","9.9"
"7","9","9.9","""""","9.9"
"8","9","9.9","""""","9.9"
"9","9","9.9","""""","9.9"
"10","9","9.9","""""","9.9"
"11","9","9.9","""""","9.9"
"12","9","9.9","""""","9.9"
"13","9","9.9","""""","9.9"
"14","9","9.9","""""","9.9"
"15","9","9.9","""""","9.9"
"16","9","9.9","""""","9.9"
"-16","8","9.9","""""","9.9"
"-15","8","9.9","""""","9.9"
"-14","8","9.9","""""","9.9"
"-13","8","9.9","""""","9.9"
"-12","8","9.9","""""","9.9"
"-11","8","9.9","""""","9.9"
"-10","8","9.9","""""","9.9"
"-9","8","9.9","""""","9.9"
"-8","8","9.9","""""","9.9"
"-7","8","9.9","""""","9.9"
"-6","8","9.9","""""","9.9"
"-5","8","9.9","""""","9.9"
"-4","8","9.9","""""","9.9"
"-3","8","9.9","""""","9.9"
"-2","8","9.9","""""","9.9"
"-1","8","9.9","""""","9.9"
"0","8","9.9","""""","9.9"
"1","8","9.9","""""","9.9"
"2","8","9.9","""""","9.9"
"3","8","9.9","""""","9.9"
"4","8","9.9","""""","9.9"
"5","8","9.9","""""","9.9"
"6","8","9.9","""""","9.9"
"7","8","9.9","""""","9.9"
"8","8","9.9","""""","9.9"
"9","8","9.9","""""","9.9"
"10","8","9.9","""""","9.9"
"11","8","9.9","""""","9.9"
"12","8","9.9","""""","9.9"
"13","8","9.9","""""","9.9"
"14","8","9.9","""""","9.9"
"15","8","9.9","""""","9.9"
"16","8","9.9","""""","9.9"
"-16","7","9.9","""""","9.9"
"-15","7","9.9","""""","9.9"
"-14","7","9.9","""""","9.9"
"-13","7","9.9","""""","9.9"
"-12","7","9.9","""""","9.9"
"-11","7","9.9","""""","9.9"
"-10","7","9.9","""""","9.9"
"-9","7","9.9","""""","9.9"
"-8","7","9.9","""""","9.9"
"-7","7","9.9","""""","9.9"
"-6","7","9.9","""""","9.9"
"-5","7","9.9","""""","9.9"
"-4","7","9.9","""""","9.9"
"-3","7","9.9","""""","9.9"
"-2","7","9.9","""""","9.9"
"-1","7","9.9","""""","9.9"
"0","7","9.9","""""","9.9"
"1","7","9.9","""""","9.9"
"2","7","9.9","""""","9.9"
"3","7","9.9","""""","9.9"
"4","7","9.9","""""","9.9"
"5","7","9.9","""""","9.9"
"6","7","9.9","""""","9.9"
"7","7","9.9","""""","9.9"
"8","7","9.9","""""","9.9"
"9","7","9.9","""""","9.9"
"10","7","9.9","""""","9.9"
"11","7","9.9","""""","9.9"
"12","7","9.9","""""","9.9"
"13","7","9.9","""""","9.9"
"14","7","9.9","""""","9.9"
"15","7","9.9","""""","9.9"
"16","7","9.9","""""","9.9"
"-16","6","9.9","""""","9.9"
"-15","6","9.9","""""","9.9"
"-14","6","9.9","""""","9.9"
"-13","6","9.9","""""","9.9"
"-12","6","9.9","""""","9.9"
"-11","6","9.9","""""","9.9"
"-10","6","9.9","""""","9.9"
"-9","6","9.9","""""","9.9"
"-8","6","9.9","""""","9.9"
"-7","6","9.9","""""","9.9"
"-6","6","9.9","""""","9.9"
"-5","6","9.9","""""","9.9"
"-4","6","9.9","""""","9.9"
"-3","6","9.9","""""","9.9"
"-2","6","9.9","""""","9.9"
"-1","6","9.9","""""","9.9"
"0","6","9.9","""""","9.9"
"1","6","9.9","""""","9.9"
"2","6","9.9","""""","9.9"
"3","6","9.9","""""","9.9"
"4","6","9.9","""""","9.9"
"5","6","9.9","""""","9.9"
"6","6","9.9","""""","9.9"
"7","6","9.9","""""","9.9"
"8","6","9.9","""""","9.9"
"9","6","9.9","""""","9.9"
"10","6","9.9","""""","9.9"
"11","6","9.9","""""","9.9"
"12","6","9.9","""""","9.9"
"13","6","9.9","""""","9.9"
"14","6","9.9","""""","9.9"
"15","6","9.9","""""","9.9"
"16","6","9.9","""""","9.9"
"-16","5","9.9","""""","9.9"
"-15","5","9.9","""""","9.9"
"-14","5","9.9","""""","9.9"
"-13","5","9.9","""""","9.9"
"-12","5","9.9","""""","9.9"
"-11","5","9.9","""""","9.9"
"-10","5","9.9","""""","9.9"
"-9","5","9.9","""""","9.9"
"-8","5","9.9","""""","9.9"
"-7","5","9.9","""""","9.9"
"-6","5","9.9","""""","9.9"
"-5","5","9.9","""""","9.9"
"-4","5","9.9","""""","9.9"
"-3","5","9.9","""""","9.9"
"-2","5","9.9","""""","9.9"
"-1","5","9.9","""""","9.9"
"0","5","9.9","""""","9.9"
"1","5","9.9","""""","9.9"
"2","5","9.9","""""","9.9"
"3","5","9.9","""""","9.9"
"4","5","9.9","""""","9.9"
"5","5","9.9","""""","9.9"
"6","5","9.9","""""","9.9"
"7","5","9.9","""""","9.9"
"8","5","9.9","""""","9.9"
"9","5","9.9","""""","9.9"
"10","5","9.9","""""","9.9"
"11","5","9.9","""""","9.9"
"12","5","9.9","""""","9.9"
"13","5","9.9","""""","9.9"
"14","5","9.9","""""","9.9"
"15","5","9.9","""""","9.9"
"16","5","9.9","""""","9.9"
"-16","4","9.9","""""","9.9"
"-15","4","9.9","""""","9.9"
"-14","4","9.9","""""","9.9"
"-13","4","9.9","""""","9.9"
"-12","4","9.9","""""","9.9"
"-11","4","9.9","""""","9.9"
"-10","4","9.9","""""","9.9"
"-9","4","9.9","""""","9.9"
"-8","4","9.9","""""","9.9"
"-7","4","9.9","""""","9.9"
"-6","4","9.9","""""","9.9"
"-5","4","9.9","""""","9.9"
"-4","4","9.9","""""","9.9"
"-3","4","9.9","""""","9.9"
"-2","4","9.9","""""","9.9"
"-1","4","9.9","""""","9.9"
"0","4","9.9","""""","9.9"
"1","4","9.9","""""","9.9"
"2","4","9.9","""""","9.9"
"3","4","9.9","""""","9.9"
"4","4","9.9","""""","9.9"
"5","4","9.9","""""","9.9"
"6","4","9.9","""""","9.9"
"7","4","9.9","""""","9.9"
"8","4","9.9","""""","9.9"
"9","4","9.9","""""","9.9"
"10","4","9.9","""""","9.9"
"11","4","9.9","""""","9.9"
"12","4","9.9","""""","9.9"
"13","4","9.9","""""","9.9"
"14","4","9.9","""""","9.9"
"15","4","9.9","""""","9.9"
"16","4","9.9","""""","9.9"
"-16","3","9.9","""""","9.9"
"-15","3","9.9","""""","9.9"
"-14","3","9.9","""""","9.9"
"-13","3","9.9","""""","9.9"
"-12","3","9.9","""""","9.9"
"-11","3","9.9","""""","9.9"
"-10","3","9.9","""""","9.9"
"-9","3","9.9","""""","9.9"
"-8","3","9.9","""""","9.9"
"-7","3","9.9","""""","9.9"
"-6","3","9.9","""""","9.9"
"-5","3","9.9","""""","9.9"
"-4","3","9.9","""""","9.9"
"-3","3","9.9","""""","9.9"
"-2","3","9.9","""""","9.9"
"-1","3","9.9","""""","9.9"
"0","3","9.9","""""","9.9"
"1","3","9.9","""""","9.9"
"2","3","9.9","""""","9.9"
"3","3","9.9","""""","9.9"
"4","3","9.9","""""","9.9"
"5","3","9.9","""""","9.9"
"6","3","9.9","""""","9.9"
"7","3","9.9","""""","9.9"
"8","3","9.9","""""","9.9"
"9","3","9.9","""""","9.9"
"10","3","9.9","""""","9.9"
"11","3","9.9","""""","9.9"
"12","3","9.9","""""","9.9"
"13","3","9.9","""""","9.9"
"14","3","9.9","""""","9.9"
"15","3","9.9","""""","9.9"
"16","3","9.9","""""","9.9"
"-16","2","9.9","""""","9.9"
"-15","2","9.9","""""","9.9"
"-14","2","9.9","""""","9.9"
"-13","2","9.9","""""","9.9"
"-12","2","9.9","""""","9.9"
"-11","2","9.9","""""","9.9"
"-10","2","9.9","""""","9.9"
"-9","2","9.9","""""","9.9"
"-8","2","9.9","""""","9.9"
"-7","2","9.9","""""","9.9"
"-6","2","9.9","""""","9.9"
"-5","2","9.9","""""","9.9"
"-4","2","9.9","""""","9.9"
"-3","2","9.9","""""","9.9"
"-2","2","9.9","""""","9.9"
"-1","2","9.9","""""","9.9"
"0","2","9.9","""""","9.9"
"1","2","9.9","""""","9.9"
"2","2","9.9","""""","9.9"
"3","2","9.9","""""","9.9"
"4","2","9.9","""""","9.9"
"5","2","9.9","""""","9.9"
"6","2","9.9","""""","9.9"
"7","2","9.9","""""","9.9"
"8","2","9.9","""""","9.9"
"9","2","9.9","""""","9.9"
"10","2","9.9","""""","9.9"
"11","2","9.9","""""","9.9"
"12","2","9.9","""""","9.9"
"13","2","9.9","""""","9.9"
"14","2","9.9","""""","9.9"
"15","2","9.9","""""","9.9"
"16","2","9.9","""""","9.9"
"-16","1","9.9","""""","9.9"
"-15","1","9.9","""""","9.9"
"-14","1","9.9","""""","9.9"
"-13","1","9.9","""""","9.9"
"-12","1","9.9","""""","9.9"
"-11","1","9.9","""""","9.9"
"-10","1","9.9","""""","9.9"
"-9","1","9.9","""""","9.9"
"-8","1","9.9","""""","9.9"
"-7","1","9.9","""""","9.9"
"-6","1","9.9","""""","9.9"
"-5","1","9.9","""""","9.9"
"-4","1","9.9","""""","9.9"
"-3","1","9.9","""""","9.9"
"-2","1","9.9","""""","9.9"
"-1","1","9.9","""""","9.9"
"0","1","9.9","""""","9.9"
"1","1","9.9","""""","9.9"
"2","1","9.9","""""","9.9"
"3","1","9.9","""""","9.9"
"4","1","9.9","""""","9.9"
"5","1","9.9","""""","9.9"
"6","1","9.9","""""","9.9"
"7","1","9.9","""""","9.9"
"8","1","9.9","""""","9.9"
"9","1","9.9","""""","9.9"
"10","1","9.9","""""","9.9"
"11","1","9.9","""""","9.9"
"12","1","9.9","""""","9.9"
"13","1","9.9","""""","9.9"
"14","1","9.9","""""","9.9"
"15","1","9.9","""""","9.9"
"16","1","9.9","""""","9.9"
"-16","0","9.9","""""","9.9"
"-15","0","9.9","""""","9.9"
"-14","0","9.9","""""","9.9"
"-13","0","9.9","""""","9.9"
"-12","0","9.9","""""","9.9"
"-11","0","9.9","""""","9.9"
"-10","0","9.9","""""","9.9"
"-9","0","9.9","""""","9.9"
"-8","0","9.9","""""","9.9"
"-7","0","9.9","""""","9.9"
"-6","0","9.9","""""","9.9"
"-5","0","9.9","""""","9.9"
"-4","0","9.9","""""","9.9"
"-3","0","9.9","""""","9.9"
"-2","0","9.9","""""","9.9"
"-1","0","9.9","""""","9.9"
"0","0","9.9","""""","9.9"
"1","0","9.9","""""","9.9"
"2","0","9.9","""""","9.9"
"3","0","9.9","""""","9.9"
"4","0","9.9","""""","9.9"
"5","0","9.9","""""","9.9"
"6","0","9.9","""""","9.9"
"7","0","9.9","""""","9.9"
"8","0","9.9","""""","9.9"
"9","0","9.9","""""","9.9"
"10","0","9.9","""""","9.9"
"11","0","9.9","""""","9.9"
"12","0","9.9","""""","9.9"
"13","0","9.9","""""","9.9"
"14","0","9.9","""""","9.9"
"15","0","9.9","""""","9.9"
"16","0","9.9","""""","9.9"
"-16","-1","9.9","""""","9.9"
"-15","-1","9.9","""""","9.9"
"-14","-1","9.9","""""","9.9"
"-13","-1","9.9","""""","9.9"
"-12","-1","9.9","""""","9.9"
"-11","-1","9.9","""""","9.9"
"-10","-1","9.9","""""","9.9"
"-9","-1","9.9","""""","9.9"
"-8","-1","9.9","""""","9.9"
"-7","-1","9.9","""""","9.9"
"-6","-1","9.9","""""","9.9"
"-5","-1","9.9","""""","9.9"
"-4","-1","9.9","""""","9.9"
"-3","-1","9.9","""""","9.9"
"-2","-1","9.9","""""","9.9"
"-1","-1","9.9","""""","9.9"
"0","-1","9.9","""""","9.9"
"1","-1","9.9","""""","9.9"
"2","-1","9.9","""""","9.9"
"3","-1","9.9","""""","9.9"
"4","-1","9.9","""""","9.9"
"5","-1","9.9","""""","9.9"
"6","-1","9.9","""""","9.9"
"7","-1","9.9","""""","9.9"
"8","-1","9.9","""""","9.9"
"9","-1","9.9","""""","9.9"
"10","-1","9.9","""""","9.9"
"11","-1","9.9","""""","9.9"
"12","-1","9.9","""""","9.9"
"13","-1","9.9","""""","9.9"
"14","-1","9.9","""""","9.9"
"15","-1","9.9","""""","9.9"
"16","-1","9.9","""""","9.9"
"-16","-2","9.9","""""","9.9"
"-15","-2","9.9","""""","9.9"
"-14","-2","9.9","""""","9.9"
"-13","-2","9.9","""""","9.9"
"-12","-2","9.9","""""","9.9"
"-11","-2","9.9","""""","9.9"
"-10","-2","9.9","""""","9.9"
"-9","-2","9.9","""""","9.9"
"-8","-2","9.9","""""","9.9"
"-7","-2","9.9","""""","9.9"
"-6","-2","9.9","""""","9.9"
"-5","-2","9.9","""""","9.9"
"-4","-2","9.9","""""","9.9"
"-3","-2","9.9","""""","9.9"
"-2","-2","9.9","""""","9.9"
"-1","-2","9.9","""""","9.9"
"0","-2","9.9","""""","9.9"
"1","-2","9.9","""""","9.9"
"2","-2","9.9","""""","9.9"
"3","-2","9.9","""""","9.9"
"4","-2","9.9","""""","9.9"
"5","-2","9.9","""""","9.9"
"6","-2","9.9","""""","9.9"
"7","-2","9.9","""""","9.9"
"8","-2","9.9","""""","9.9"
"9","-2","9.9","""""","9.9"
"10","-2","9.9","""""","9.9"
"11","-2","9.9","""""","9.9"
"12","-2","9.9","""""","9.9"
"13","-2","9.9","""""","9.9"
"14","-2","9.9","""""","9.9"
"15","-2","9.9","""""","9.9"
"16","-2","9.9","""""","9.9"
"-16","-3","9.9","""""","9.9"
"-15","-3","9.9","""""","9.9"
"-14","-3","9.9","""""","9.9"
"-13","-3","9.9","""""","9.9"
"-12","-3","9.9","""""","9.9"
"-11","-3","9.9","""""","9.9"
"-10","-3","9.9","""""","9.9"
"-9","-3","9.9","""""","9.9"
"-8","-3","9.9","""""","9.9"
"-7","-3","9.9","""""","9.9"
"-6","-3","9.9","""""","9.9"
"-5","-3","9.9","""""","9.9"
"-4","-3","9.9","""""","9.9"
"-3","-3","9.9","""""","9.9"
"-2","-3","9.9","""""","9.9"
"-1","-3","9.9","""""","9.9"
"0","-3","9.9","""""","9.9"
"1","-3","9.9","""""","9.9"
"2","-3","9.9","""""","9.9"
"3","-3","9.9","""""","9.9"
"4","-3","9.9","""""","9.9"
"5","-3","9.9","""""","9.9"
"6","-3","9.9","""""","9.9"
"7","-3","9.9","""""","9.9"
"8","-3","9.9","""""","9.9"
"9","-3","9.9","""""","9.9"
"10","-3","9.9","""""","9.9"
"11","-3","9.9","""""","9.9"
"12","-3","9.9","""""","9.9"
"13","-3","9.9","""""","9.9"
"14","-3","9.9","""""","9.9"
"15","-3","9.9","""""","9.9"
"16","-3","9.9","""""","9.9"
"-16","-4","9.9","""""","9.9"
"-15","-4","9.9","""""","9.9"
"-14","-4","9.9","""""","9.9"
"-13","-4","9.9","""""","9.9"
"-12","-4","9.9","""""","9.9"
"-11","-4","9.9","""""","9.9"
"-10","-4","9.9","""""","9.9"
"-9","-4","9.9","""""","9.9"
"-8","-4","9.9","""""","9.9"
"-7","-4","9.9","""""","9.9"
"-6","-4","9.9","""""","9.9"
"-5","-4","9.9","""""","9.9"
"-4","-4","9.9","""""","9.9"
"-3","-4","9.9","""""","9.9"
"-2","-4","9.9","""""","9.9"
"-1","-4","9.9","""""","9.9"
"0","-4","9.9","""""","9.9"
"1","-4","9.9","""""","9.9"
"2","-4","9.9","""""","9.9"
"3","-4","9.9","""""","9.9"
"4","-4","9.9","""""","9.9"
"5","-4","9.9","""""","9.9"
"6","-4","9.9","""""","9.9"
"7","-4","9.9","""""","9.9"
"8","-4","9.9","""""","9.9"
"9","-4","9.9","""""","9.9"
"10","-4","9.9","""""","9.9"
"11","-4","9.9","""""","9.9"
"12","-4","9.9","""""","9.9"
"13","-4","9.9","""""","9.9"
"14","-4","9.9","""""","9.9"
"15","-4","9.9","""""","9.9"
"16","-4","9.9","""""","9.9"
"-16","-5","9.9","""""","9.9"
"-15","-5","9.9","""""","9.9"
"-14","-5","9.9","""""","9.9"
"-13","-5","9.9","""""","9.9"
"-12","-5","9.9","""""","9.9"
"-11","-5","9.9","""""","9.9"
"-10","-5","9.9","""""","9.9"
"-9","-5","9.9","""""","9.9"
"-8","-5","9.9","""""","9.9"
"-7","-5","9.9","""""","9.9"
"-6","-5","9.9","""""","9.9"
"-5","-5","9.9","""""","9.9"
"-4","-5","9.9","""""","9.9"
"-3","-5","9.9","""""","9.9"
"-2","-5","9.9","""""","9.9"
"-1","-5","9.9","""""","9.9"
"0","-5","9.9","""""","9.9"
"1","-5","9.9","""""","9.9"
"2","-5","9.9","""""","9.9"
"3","-5","9.9","""""","9.9"
"4","-5","9.9","""""","9.9"
"5","-5","9.9","""""","9.9"
"6","-5","9.9","""""","9.9"
"7","-5","9.9","""""","9.9"
"8","-5","9.9","""""","9.9"
"9","-5","9.9","""""","9.9"
"10","-5","9.9","""""","9.9"
"11","-5","9.9","""""","9.9"
"12","-5","9.9","""""","9.9"
"13","-5","9.9","""""","9.9"
"14","-5","9.9","""""","9.9"
"15","-5","9.9","""""","9.9"
"16","-5","9.9","""""","9.9"
"-16","-6","9.9","""""","9.9"
"-15","-6","9.9","""""","9.9"
"-14","-6","9.9","""""","9.9"
"-13","-6","9.9","""""","9.9"
"-12","-6","9.9","""""","9.9"
"-11","-6","9.9","""""","9.9"
"-10","-6","9.9","""""","9.9"
"-9","-6","9.9","""""","9.9"
"-8","-6","9.9","""""","9.9"
"-7","-6","9.9","""""","9.9"
"-6","-6","9.9","""""","9.9"
"-5","-6","9.9","""""","9.9"
"-4","-6","9.9","""""","9.9"
"-3","-6","9.9","""""","9.9"
"-2","-6","9.9","""""","9.9"
"-1","-6","9.9","""""","9.9"
"0","-6","9.9","""""","9.9"
"1","-6","9.9","""""","9.9"
"2","-6","9.9","""""","9.9"
"3","-6","9.9","""""","9.9"
"4","-6","9.9","""""","9.9"
"5","-6","9.9","""""","9.9"
"6","-6","9.9","""""","9.9"
"7","-6","9.9","""""","9.9"
"8","-6","9.9","""""","9.9"
"9","-6","9.9","""""","9.9"
"10","-6","9.9","""""","9.9"
"11","-6","9.9","""""","9.9"
"12","-6","9.9","""""","9.9"
"13","-6","9.9","""""","9.9"
"14","-6","9.9","""""","9.9"
"15","-6","9.9","""""","9.9"
"16","-6","9.9","""""","9.9"
"-16","-7","9.9","""""","9.9"
"-15","-7","9.9","""""","9.9"
"-14","-7","9.9","""""","9.9"
"-13","-7","9.9","""""","9.9"
"-12","-7","9.9","""""","9.9"
"-11","-7","9.9","""""","9.9"
"-10","-7","9.9","""""","9.9"
"-9","-7","9.9","""""","9.9"
"-8","-7","9.9","""""","9.9"
"-7","-7","9.9","""""","9.9"
"-6","-7","9.9","""""","9.9"
"-5","-7","9.9","""""","9.9"
"-4","-7","9.9","""""","9.9"
"-3","-7","9.9","""""","9.9"
"-2","-7","9.9","""""","9.9"
"-1","-7","9.9","""""","9.9"
"0","-7","9.9","""""","9.9"
"1","-7","9.9","""""","9.9"
"2","-7","9.9","""""","9.9"
"3","-7","9.9","""""","9.9"
"4","-7","9.9","""""","9.9"
"5","-7","9.9","""""","9.9"
"6","-7","9.9","""""","9.9"
"7","-7","9.9","""""","9.9"
"8","-7","9.9","""""","9.9"
"9","-7","9.9","""""","9.9"
"10","-7","9.9","""""","9.9"
"11","-7","9.9","""""","9.9"
"12","-7","9.9","""""","9.9"
"13","-7","9.9","""""","9.9"
"14","-7","9.9","""""","9.9"
"15","-7","9.9","""""","9.9"
"16","-7","9.9","""""","9.9"
"-16","-8","9.9","""""","9.9"
"-15","-8","9.9","""""","9.9"
"-14","-8","9.9","""""","9.9"
"-13","-8","9.9","""""","9.9"
"-12","-8","9.9","""""","9.9"
"-11","-8","9.9","""""","9.9"
"-10","-8","9.9","""""","9.9"
"-9","-8","9.9","""""","9.9"
"-8","-8","9.9","""""","9.9"
"-7","-8","9.9","""""","9.9"
"-6","-8","9.9","""""","9.9"
"-5","-8","9.9","""""","9.9"
"-4","-8","9.9","""""","9.9"
"-3","-8","9.9","""""","9.9"
"-2","-8","9.9","""""","9.9"
"-1","-8","9.9","""""","9.9"
"0","-8","9.9","""""","9.9"
"1","-8","9.9","""""","9.9"
"2","-8","9.9","""""","9.9"
"3","-8","9.9","""""","9.9"
"4","-8","9.9","""""","9.9"
"5","-8","9.9","""""","9.9"
"6","-8","9.9","""""","9.9"
"7","-8","9.9","""""","9.9"
"8","-8","9.9","""""","9.9"
"9","-8","9.9","""""","9.9"
"10","-8","9.9","""""","9.9"
"11","-8","9.9","""""","9.9"
"12","-8","9.9","""""","9.9"
"13","-8","9.9","""""","9.9"
"14","-8","9.9","""""","9.9"
"15","-8","9.9","""""","9.9"
"16","-8","9.9","""""","9.9"
"-16","-9","9.9","""""","9.9"
"-15","-9","9.9","""""","9.9"
"-14","-9","9.9","""""","9.9"
"-13","-9","9.9","""""","9.9"
"-12","-9","9.9","""""","9.9"
"-11","-9","9.9","""""","9.9"
"-10","-9","9.9","""""","9.9"
"-9","-9","9.9","""""","9.9"
"-8","-9","9.9","""""","9.9"
"-7","-9","9.9","""""","9.9"
"-6","-9","9.9","""""","9.9"
"-5","-9","9.9","""""","9.9"
"-4","-9","9.9","""""","9.9"
"-3","-9","9.9","""""","9.9"
"-2","-9","9.9","""""","9.9"
"-1","-9","9.9","""""","9.9"
"0","-9","9.9","""""","9.9"
"1","-9","9.9","""""","9.9"
"2","-9","9.9","""""","9.9"
"3","-9","9.9","""""","9.9"
"4","-9","9.9","""""","9.9"
"5","-9","9.9","""""","9.9"
"6","-9","9.9","""""","9.9"
"7","-9","9.9","""""","9.9"
"8","-9","9.9","""""","9.9"
"9","-9","9.9","""""","9.9"
"10","-9","9.9","""""","9.9"
"11","-9","9.9","""""","9.9"
"12","-9","9.9","""""","9.9"
"13","-9","9.9","""""","9.9"
"14","-9","9.9","""""","9.9"
"15","-9","9.9","""""","9.9"
"16","-9","9.9","""""","9.9"
"-16","-10","9.9","""""","9.9"
"-15","-10","9.9","""""","9.9"
"-14","-10","9.9","""""","9.9"
"-13","-10","9.9","""""","9.9"
"-12","-10","9.9","""""","9.9"
"-11","-10","9.9","""""","9.9"
"-10","-10","9.9","""""","9.9"
"-9","-10","9.9","""""","9.9"
"-8","-10","9.9","""""","9.9"
"-7","-10","9.9","""""","9.9"
"-6","-10","9.9","""""","9.9"
"-5","-10","9.9","""""","9.9"
"-4","-10","9.9","""""","9.9"
"-3","-10","9.9","""""","9.9"
"-2","-10","9.9","""""","9.9"
"-1","-10","9.9","""""","9.9"
"0","-10","9.9","""""","9.9"
"1","-10","9.9","""""","9.9"
"2","-10","9.9","""""","9.9"
"3","-10","9.9","""""","9.9"
"4","-10","9.9","""""","9.9"
"5","-10","9.9","""""","9.9"
"6","-10","9.9","""""","9.9"
"7","-10","9.9","""""","9.9"
"8","-10","9.9","""""","9.9"
"9","-10","9.9","""""","9.9"
"10","-10","9.9","""""","9.9"
"11","-10","9.9","""""","9.9"
"12","-10","9.9","""""","9.9"
"13","-10","9.9","""""","9.9"
"14","-10","9.9","""""","9.9"
"15","-10","9.9","""""","9.9"
"16","-10","9.9","""""","9.9"
"-16","-11","9.9","""""","9.9"
"-15","-11","9.9","""""","9.9"
"-14","-11","9.9","""""","9.9"
"-13","-11","9.9","""""","9.9"
"-12","-11","9.9","""""","9.9"
"-11","-11","9.9","""""","9.9"
"-10","-11","9.9","""""","9.9"
"-9","-11","9.9","""""","9.9"
"-8","-11","9.9","""""","9.9"
"-7","-11","9.9","""""","9.9"
"-6","-11","9.9","""""","9.9"
"-5","-11","9.9","""""","9.9"
"-4","-11","9.9","""""","9.9"
"-3","-11","9.9","""""","9.9"
"-2","-11","9.9","""""","9.9"
"-1","-11","9.9","""""","9.9"
"0","-11","9.9","""""","9.9"
"1","-11","9.9","""""","9.9"
"2","-11","9.9","""""","9.9"
"3","-11","9.9","""""","9.9"
"4","-11","9.9","""""","9.9"
"5","-11","9.9","""""","9.9"
"6","-11","9.9","""""","9.9"
"7","-11","9.9","""""","9.9"
"8","-11","9.9","""""","9.9"
"9","-11","9.9","""""","9.9"
"10","-11","9.9","""""","9.9"
"11","-11","9.9","""""","9.9"
"12","-11","9.9","""""","9.9"
"13","-11","9.9","""""","9.9"
"14","-11","9.9","""""","9.9"
"15","-11","9.9","""""","9.9"
"16","-11","9.9","""""","9.9"
"-16","-12","9.9","""""","9.9"
"-15","-12","9.9","""""","9.9"
"-14","-12","9.9","""""","9.9"
"-13","-12","9.9","""""","9.9"
"-12","-12","9.9","""""","9.9"
"-11","-12","9.9","""""","9.9"
"-10","-12","9.9","""""","9.9"
"-9","-12","9.9","""""","9.9"
"-8","-12","9.9","""""","9.9"
"-7","-12","9.9","""""","9.9"
"-6","-12","9.9","""""","9.9"
"-5","-12","9.9","""""","9.9"
"-4","-12","9.9","""""","9.9"
"-3","-12","9.9","""""","9.9"
"-2","-12","9.9","""""","9.9"
"-1","-12","9.9","""""","9.9"
"0","-12","9.9","""""","9.9"
"1","-12","9.9","""""","9.9"
"2","-12","9.9","""""","9.9"
"3","-12","9.9","""""","9.9"
"4","-12","9.9","""""","9.9"
"5","-12","9.9","""""","9.9"
"6","-12","9.9","""""","9.9"
"7","-12","9.9","""""","9.9"
"8","-12","9.9","""""","9.9"
"9","-12","9.9","""""","9.9"
"10","-12","9.9","""""","9.9"
"11","-12","9.9","""""","9.9"
"12","-12","9.9","""""","9.9"
"13","-12","9.9","""""","9.9"
"14","-12","9.9","""""","9.9"
"15","-12","9.9","""""","9.9"
"16","-12","9.9","""""","9.9"
"-16","-13","9.9","""""","9.9"
"-15","-13","9.9","""""","9.9"
"-14","-13","9.9","""""","9.9"
"-13","-13","9.9","""""","9.9"
"-12","-13","9.9","""""","9.9"
"-11","-13","9.9","""""","9.9"
"-10","-13","9.9","""""","9.9"
"-9","-13","9.9","""""","9.9"
"-8","-13","9.9","""""","9.9"
"-7","-13","9.9","""""","9.9"
"-6","-13","9.9","""""","9.9"
"-5","-13","9.9","""""","9.9"
"-4","-13","9.9","""""","9.9"
"-3","-13","9.9","""""","9.9"
"-2","-13","9.9","""""","9.9"
"-1","-13","9.9","""""","9.9"
"0","-13","9.9","""""","9.9"
"1","-13","9.9","""""","9.9"
"2","-13","9.9","""""","9.9"
"3","-13","9.9","""""","9.9"
"4","-13","9.9","""""","9.9"
"5","-13","9.9","""""","9.9"
"6","-13","9.9","""""","9.9"
"7","-13","9.9","""""","9.9"
"8","-13","9.9","""""","9.9"
"9","-13","9.9","""""","9.9"
"10","-13","9.9","""""","9.9"
"11","-13","9.9","""""","9.9"
"12","-13","9.9","""""","9.9"
"13","-13","9.9","""""","9.9"
"14","-13","9.9","""""","9.9"
"15","-13","9.9","""""","9.9"
"16","-13","9.9","""""","9.9"
"-16","-14","9.9","""""","9.9"
"-15","-14","9.9","""""","9.9"
"-14","-14","9.9","""""","9.9"
"-13","-14","9.9","""""","9.9"
"-12","-14","9.9","""""","9.9"
"-11","-14","9.9","""""","9.9"
"-10","-14","9.9","""""","9.9"
"-9","-14","9.9","""""","9.9"
"-8","-14","9.9","""""","9.9"
"-7","-14","9.9","""""","9.9"
"-6","-14","9.9","""""","9.9"
"-5","-14","9.9","""""","9.9"
"-4","-14","9.9","""""","9.9"
"-3","-14","9.9","""""","9.9"
"-2","-14","9.9","""""","9.9"
"-1","-14","9.9","""""","9.9"
"0","-14","9.9","""""","9.9"
"1","-14","9.9","""""","9.9"
"2","-14","9.9","""""","9.9"
"3","-14","9.9","""""","9.9"
"4","-14","9.9","""""","9.9"
"5","-14","9.9","""""","9.9"
"6","-14","9.9","""""","9.9"
"7","-14","9.9","""""","9.9"
"8","-14","9.9","""""","9.9"
"9","-14","9.9","""""","9.9"
"10","-14","9.9","""""","9.9"
"11","-14","9.9","""""","9.9"
"12","-14","9.9","""""","9.9"
"13","-14","9.9","""""","9.9"
"14","-14","9.9","""""","9.9"
"15","-14","9.9","""""","9.9"
"16","-14","9.9","""""","9.9"
"-16","-15","9.9","""""","9.9"
"-15","-15","9.9","""""","9.9"
"-14","-15","9.9","""""","9.9"
"-13","-15","9.9","""""","9.9"
"-12","-15","9.9","""""","9.9"
"-11","-15","9.9","""""","9.9"
"-10","-15","9.9","""""","9.9"
"-9","-15","9.9","""""","9.9"
"-8","-15","9.9","""""","9.9"
"-7","-15","9.9","""""","9.9"
"-6","-15","9.9","""""","9.9"
"-5","-15","9.9","""""","9.9"
"-4","-15","9.9","""""","9.9"
"-3","-15","9.9","""""","9.9"
"-2","-15","9.9","""""","9.9"
"-1","-15","9.9","""""","9.9"
"0","-15","9.9","""""","9.9"
"1","-15","9.9","""""","9.9"
"2","-15","9.9","""""","9.9"
"3","-15","9.9","""""","9.9"
"4","-15","9.9","""""","9.9"
"5","-15","9.9","""""","9.9"
"6","-15","9.9","""""","9.9"
"7","-15","9.9","""""","9.9"
"8","-15","9.9","""""","9.9"
"9","-15","9.9","""""","9.9"
"10","-15","9.9","""""","9.9"
"11","-15","9.9","""""","9.9"
"12","-15","9.9","""""","9.9"
"13","-15","9.9","""""","9.9"
"14","-15","9.9","""""","9.9"
"15","-15","9.9","""""","9.9"
"16","-15","9.9","""""","9.9"
"-16","-16","9.9","""""","9.9"
"-15","-16","9.9","""""","9.9"
"-14","-16","9.9","""""","9.9"
"-13","-16","9.9","""""","9.9"
"-12","-16","9.9","""""","9.9"
"-11","-16","9.9","""""","9.9"
"-10","-16","9.9","""""","9.9"
"-9","-16","9.9","""""","9.9"
"-8","-16","9.9","""""","9.9"
"-7","-16","9.9","""""","9.9"
"-6","-16","9.9","""""","9.9"
"-5","-16","9.9","""""","9.9"
"-4","-16","9.9","""""","9.9"
"-3","-16","9.9","""""","9.9"
"-2","-16","9.9","""""","9.9"
"-1","-16","9.9","""""","9.9"
"0","-16","9.9","""""","9.9"
"1","-16","9.9","""""","9.9"
"2","-16","9.9","""""","9.9"
"3","-16","9.9","""""","9.9"
"4","-16","9.9","""""","9.9"
"5","-16","9.9","""""","9.9"
"6","-16","9.9","""""","9.9"
"7","-16","9.9","""""","9.9"
"8","-16","9.9","""""","9.9"
"9","-16","9.9","""""","9.9"
"10","-16","9.9","""""","9.9"
"11","-16","9.9","""""","9.9"
"12","-16","9.9","""""","9.9"
"13","-16","9.9","""""","9.9"
"14","-16","9.9","""""","9.9"
"15","-16","9.9","""""","9.9"
"16","-16","9.9","""""","9.9"

"LINKS"
"end1","end2","color","label","label-color","hidden?","breed","thickness","shape","tie-mode","weight"
"{citizen 0}","{citizen 1}","[128 0 127 100]","""""","9.9","false","{breed social-friends}","0","""default""","""none""","0"
"{citizen 0}","{citizen 2}","[128 0 127 100]","""""","9.9","false","{breed social-friends}","0","""default""","""none""","0"
"{citizen 0}","{citizen 3}","[128 0 127 100]","""""","9.9","false","{breed social-friends}","0","""default""","""none""","0"
"{citizen 0}","{citizen 4}","[128 0 127 100]","""""","9.9","false","{breed social-friends}","0","""default""","""none""","0"
"{citizen 0}","{citizen 5}","[128 0 127 100]","""""","9.9","false","{breed social-friends}","0","""default""","""none""","0"
"{citizen 0}","{citizen 6}","[128 0 127 100]","""""","9.9","false","{breed social-friends}","0","""default""","""none""","0"
"{citizen 0}","{citizen 7}","[128 0 127 100]","""""","9.9","false","{breed social-friends}","0","""default""","""none""","0"
"{citizen 0}","{citizen 8}","[128 0 127 100]","""""","9.9","false","{breed social-friends}","0","""default""","""none""","0"
"{citizen 0}","{citizen 9}","[128 0 127 100]","""""","9.9","false","{breed social-friends}","0","""default""","""none""","0"
"{citizen 0}","{citizen 10}","[128 0 127 100]","""""","9.9","false","{breed social-friends}","0","""default""","""none""","0"
"{citizen 0}","{citizen 11}","[128 0 127 100]","""""","9.9","false","{breed social-friends}","0","""default""","""none""","0"
"{citizen 0}","{citizen 12}","[128 0 127 100]","""""","9.9","false","{breed social-friends}","0","""default""","""none""","0"
"{citizen 0}","{citizen 13}","[128 0 127 100]","""""","9.9","false","{breed social-friends}","0","""default""","""none""","0"
"{citizen 0}","{citizen 14}","[128 0 127 100]","""""","9.9","false","{breed social-friends}","0","""default""","""none""","0"
"{citizen 0}","{citizen 15}","[128 0 127 100]","""""","9.9","false","{breed social-friends}","0","""default""","""none""","0"
"{citizen 0}","{citizen 16}","[128 0 127 100]","""""","9.9","false","{breed social-friends}","0","""default""","""none""","0"
"{citizen 0}","{citizen 17}","[128 0 127 100]","""""","9.9","false","{breed social-friends}","0","""default""","""none""","0"
"{citizen 0}","{citizen 18}","[128 0 127 100]","""""","9.9","false","{breed social-friends}","0","""default""","""none""","0"
"{citizen 0}","{citizen 19}","[128 0 127 100]","""""","9.9","false","{breed social-friends}","0","""default""","""none""","0"
"{citizen 0}","{citizen 20}","[128 0 127 100]","""""","9.9","false","{breed social-friends}","0","""default""","""none""","0"
"{citizen 0}","{citizen 21}","[128 0 127 100]","""""","9.9","false","{breed social-friends}","0","""default""","""none""","0"
"{citizen 0}","{citizen 22}","[128 0 127 100]","""""","9.9","false","{breed social-friends}","0","""default""","""none""","0"
"{citizen 0}","{citizen 23}","[128 0 127 100]","""""","9.9","false","{breed social-friends}","0","""default""","""none""","0"
"{citizen 0}","{citizen 24}","[128 0 127 100]","""""","9.9","false","{breed social-friends}","0","""default""","""none""","0"
"{citizen 0}","{citizen 25}","[128 0 127 100]","""""","9.9","false","{breed social-friends}","0","""default""","""none""","0"
"{citizen 0}","{citizen 26}","[128 0 127 100]","""""","9.9","false","{breed social-friends}","0","""default""","""none""","0"
"{citizen 0}","{citizen 27}","[128 0 127 100]","""""","9.9","false","{breed social-friends}","0","""default""","""none""","0"
"{citizen 0}","{citizen 28}","[128 0 127 100]","""""","9.9","false","{breed social-friends}","0","""default""","""none""","0"
"{citizen 0}","{citizen 29}","[128 0 127 100]","""""","9.9","false","{breed social-friends}","0","""default""","""none""","0"
"{citizen 0}","{citizen 30}","[128 0 127 100]","""""","9.9","false","{breed social-friends}","0","""default""","""none""","0"
"{citizen 0}","{citizen 31}","[128 0 127 100]","""""","9.9","false","{breed social-friends}","0","""default""","""none""","0"
"{citizen 0}","{citizen 32}","[128 0 127 100]","""""","9.9","false","{breed social-friends}","0","""default""","""none""","0"
"{citizen 0}","{citizen 33}","[128 0 127 100]","""""","9.9","false","{breed social-friends}","0","""default""","""none""","0"
"{citizen 0}","{citizen 34}","[128 0 127 100]","""""","9.9","false","{breed social-friends}","0","""default""","""none""","0"
"{citizen 0}","{citizen 35}","[128 0 127 100]","""""","9.9","false","{breed social-friends}","0","""default""","""none""","0"
"{citizen 0}","{citizen 36}","[128 0 127 100]","""""","9.9","false","{breed social-friends}","0","""default""","""none""","0"
"{citizen 0}","{citizen 37}","[128 0 127 100]","""""","9.9","false","{breed social-friends}","0","""default""","""none""","0"
"{citizen 0}","{citizen 38}","[128 0 127 100]","""""","9.9","false","{breed social-friends}","0","""default""","""none""","0"
"{citizen 0}","{citizen 39}","[128 0 127 100]","""""","9.9","false","{breed social-friends}","0","""default""","""none""","0"
"{citizen 0}","{citizen 40}","[128 0 127 100]","""""","9.9","false","{breed social-friends}","0","""default""","""none""","0"
"{citizen 0}","{citizen 41}","[128 0 127 100]","""""","9.9","false","{breed social-friends}","0","""default""","""none""","0"
"{citizen 0}","{citizen 42}","[128 0 127 100]","""""","9.9","false","{breed social-friends}","0","""default""","""none""","0"
"{citizen 0}","{citizen 43}","[128 0 127 100]","""""","9.9","false","{breed social-friends}","0","""default""","""none""","0"
"{citizen 0}","{citizen 44}","[128 0 127 100]","""""","9.9","false","{breed social-friends}","0","""default""","""none""","0"
"{citizen 0}","{citizen 45}","[128 0 127 100]","""""","9.9","false","{breed social-friends}","0","""default""","""none""","0"
"{citizen 0}","{citizen 46}","[128 0 127 100]","""""","9.9","false","{breed social-friends}","0","""default""","""none""","0"
"{citizen 0}","{citizen 47}","[128 0 127 100]","""""","9.9","false","{breed social-friends}","0","""default""","""none""","0"
"{citizen 0}","{citizen 48}","[128 0 127 100]","""""","9.9","false","{breed social-friends}","0","""default""","""none""","0"
"{citizen 0}","{citizen 49}","[128 0 127 100]","""""","9.9","false","{breed social-friends}","0","""default""","""none""","0"
"{citizen 1}","{citizen 0}","[128 0 127 100]","""""","9.9","false","{breed social-friends}","0","""default""","""none""","0"
"{citizen 1}","{citizen 2}","[128 0 127 100]","""""","9.9","false","{breed social-friends}","0","""default""","""none""","0"
"{citizen 1}","{citizen 3}","[128 0 127 100]","""""","9.9","false","{breed social-friends}","0","""default""","""none""","0"
"{citizen 1}","{citizen 4}","[128 0 127 100]","""""","9.9","false","{breed social-friends}","0","""default""","""none""","0"
"{citizen 1}","{citizen 5}","[128 0 127 100]","""""","9.9","false","{breed social-friends}","0","""default""","""none""","0"
"{citizen 1}","{citizen 6}","[128 0 127 100]","""""","9.9","false","{breed social-friends}","0","""default""","""none""","0"
"{citizen 1}","{citizen 7}","[128 0 127 100]","""""","9.9","false","{breed social-friends}","0","""default""","""none""","0"
"{citizen 1}","{citizen 8}","[128 0 127 100]","""""","9.9","false","{breed social-friends}","0","""default""","""none""","0"
"{citizen 1}","{citizen 9}","[128 0 127 100]","""""","9.9","false","{breed social-friends}","0","""default""","""none""","0"
"{citizen 1}","{citizen 10}","[128 0 127 100]","""""","9.9","false","{breed social-friends}","0","""default""","""none""","0"
"{citizen 1}","{citizen 11}","[128 0 127 100]","""""","9.9","false","{breed social-friends}","0","""default""","""none""","0"
"{citizen 1}","{citizen 12}","[128 0 127 100]","""""","9.9","false","{breed social-friends}","0","""default""","""none""","0"
"{citizen 1}","{citizen 13}","[128 0 127 100]","""""","9.9","false","{breed social-friends}","0","""default""","""none""","0"
"{citizen 1}","{citizen 14}","[128 0 127 100]","""""","9.9","false","{breed social-friends}","0","""default""","""none""","0"
"{citizen 1}","{citizen 15}","[128 0 127 100]","""""","9.9","false","{breed social-friends}","0","""default""","""none""","0"
"{citizen 1}","{citizen 16}","[128 0 127 100]","""""","9.9","false","{breed social-friends}","0","""default""","""none""","0"
"{citizen 1}","{citizen 17}","[128 0 127 100]","""""","9.9","false","{breed social-friends}","0","""default""","""none""","0"
"{citizen 1}","{citizen 18}","[128 0 127 100]","""""","9.9","false","{breed social-friends}","0","""default""","""none""","0"
"{citizen 1}","{citizen 19}","[128 0 127 100]","""""","9.9","false","{breed social-friends}","0","""default""","""none""","0"
"{citizen 1}","{citizen 20}","[128 0 127 100]","""""","9.9","false","{breed social-friends}","0","""default""","""none""","0"
"{citizen 1}","{citizen 21}","[128 0 127 100]","""""","9.9","false","{breed social-friends}","0","""default""","""none""","0"
"{citizen 1}","{citizen 22}","[128 0 127 100]","""""","9.9","false","{breed social-friends}","0","""default""","""none""","0"
"{citizen 1}","{citizen 23}","[128 0 127 100]","""""","9.9","false","{breed social-friends}","0","""default""","""none""","0"
"{citizen 1}","{citizen 24}","[128 0 127 100]","""""","9.9","false","{breed social-friends}","0","""default""","""none""","0"
"{citizen 1}","{citizen 25}","[128 0 127 100]","""""","9.9","false","{breed social-friends}","0","""default""","""none""","0"
"{citizen 1}","{citizen 26}","[128 0 127 100]","""""","9.9","false","{breed social-friends}","0","""default""","""none""","0"
"{citizen 1}","{citizen 27}","[128 0 127 100]","""""","9.9","false","{breed social-friends}","0","""default""","""none""","0"
"{citizen 1}","{citizen 28}","[128 0 127 100]","""""","9.9","false","{breed social-friends}","0","""default""","""none""","0"
"{citizen 1}","{citizen 29}","[128 0 127 100]","""""","9.9","false","{breed social-friends}","0","""default""","""none""","0"
"{citizen 1}","{citizen 30}","[128 0 127 100]","""""","9.9","false","{breed social-friends}","0","""default""","""none""","0"
"{citizen 1}","{citizen 31}","[128 0 127 100]","""""","9.9","false","{breed social-friends}","0","""default""","""none""","0"
"{citizen 1}","{citizen 32}","[128 0 127 100]","""""","9.9","false","{breed social-friends}","0","""default""","""none""","0"
"{citizen 1}","{citizen 33}","[128 0 127 100]","""""","9.9","false","{breed social-friends}","0","""default""","""none""","0"
"{citizen 1}","{citizen 34}","[128 0 127 100]","""""","9.9","false","{breed social-friends}","0","""default""","""none""","0"
"{citizen 1}","{citizen 35}","[128 0 127 100]","""""","9.9","false","{breed social-friends}","0","""default""","""none""","0"
"{citizen 1}","{citizen 36}","[128 0 127 100]","""""","9.9","false","{breed social-friends}","0","""default""","""none""","0"
"{citizen 1}","{citizen 37}","[128 0 127 100]","""""","9.9","false","{breed social-friends}","0","""default""","""none""","0"
"{citizen 1}","{citizen 38}","[128 0 127 100]","""""","9.9","false","{breed social-friends}","0","""default""","""none""","0"
"{citizen 1}","{citizen 39}","[128 0 127 100]","""""","9.9","false","{breed social-friends}","0","""default""","""none""","0"
"{citizen 1}","{citizen 40}","[128 0 127 100]","""""","9.9","false","{breed social-friends}","0","""default""","""none""","0"
"{citizen 1}","{citizen 41}","[128 0 127 100]","""""","9.9","false","{breed social-friends}","0","""default""","""none""","0"
"{citizen 1}","{citizen 42}","[128 0 127 100]","""""","9.9","false","{breed social-friends}","0","""default""","""none""","0"
"{citizen 1}","{citizen 43}","[128 0 127 100]","""""","9.9","false","{breed social-friends}","0","""default""","""none""","0"
"{citizen 1}","{citizen 44}","[128 0 127 100]","""""","9.9","false","{breed social-friends}","0","""default""","""none""","0"
"{citizen 1}","{citizen 45}","[128 0 127 100]","""""","9.9","false","{breed social-friends}","0","""default""","""none""","0"
"{citizen 1}","{citizen 46}","[128 0 127 100]","""""","9.9","false","{breed social-friends}","0","""default""","""none""","0"
"{citizen 1}","{citizen 47}","[128 0 127 100]","""""","9.9","false","{breed social-friends}","0","""default""","""none""","0"
"{citizen 1}","{citizen 48}","[128 0 127 100]","""""","9.9","false","{breed social-friends}","0","""default""","""none""","0"
"{citizen 1}","{citizen 49}","[128 0 127 100]","""""","9.9","false","{breed social-friends}","0","""default""","""none""","0"
"{citizen 2}","{citizen 0}","[128 0 127 100]","""""","9.9","false","{breed social-friends}","0","""default""","""none""","0"
"{citizen 2}","{citizen 1}","[128 0 127 100]","""""","9.9","false","{breed social-friends}","0","""default""","""none""","0"
"{citizen 2}","{citizen 3}","[128 0 127 100]","""""","9.9","false","{breed social-friends}","0","""default""","""none""","0"
"{citizen 2}","{citizen 4}","[128 0 127 100]","""""","9.9","false","{breed social-friends}","0","""default""","""none""","0"
"{citizen 2}","{citizen 5}","[128 0 127 100]","""""","9.9","false","{breed social-friends}","0","""default""","""none""","0"
"{citizen 2}","{citizen 6}","[128 0 127 100]","""""","9.9","false","{breed social-friends}","0","""default""","""none""","0"
"{citizen 2}","{citizen 7}","[128 0 127 100]","""""","9.9","false","{breed social-friends}","0","""default""","""none""","0"
"{citizen 2}","{citizen 8}","[128 0 127 100]","""""","9.9","false","{breed social-friends}","0","""default""","""none""","0"
"{citizen 2}","{citizen 9}","[128 0 127 100]","""""","9.9","false","{breed social-friends}","0","""default""","""none""","0"
"{citizen 2}","{citizen 10}","[128 0 127 100]","""""","9.9","false","{breed social-friends}","0","""default""","""none""","0"
"{citizen 2}","{citizen 11}","[128 0 127 100]","""""","9.9","false","{breed social-friends}","0","""default""","""none""","0"
"{citizen 2}","{citizen 12}","[128 0 127 100]","""""","9.9","false","{breed social-friends}","0","""default""","""none""","0"
"{citizen 2}","{citizen 13}","[128 0 127 100]","""""","9.9","false","{breed social-friends}","0","""default""","""none""","0"
"{citizen 2}","{citizen 14}","[128 0 127 100]","""""","9.9","false","{breed social-friends}","0","""default""","""none""","0"
"{citizen 2}","{citizen 15}","[128 0 127 100]","""""","9.9","false","{breed social-friends}","0","""default""","""none""","0"
"{citizen 2}","{citizen 16}","[128 0 127 100]","""""","9.9","false","{breed social-friends}","0","""default""","""none""","0"
"{citizen 2}","{citizen 17}","[128 0 127 100]","""""","9.9","false","{breed social-friends}","0","""default""","""none""","0"
"{citizen 2}","{citizen 18}","[128 0 127 100]","""""","9.9","false","{breed social-friends}","0","""default""","""none""","0"
"{citizen 2}","{citizen 19}","[128 0 127 100]","""""","9.9","false","{breed social-friends}","0","""default""","""none""","0"
"{citizen 2}","{citizen 20}","[128 0 127 100]","""""","9.9","false","{breed social-friends}","0","""default""","""none""","0"
"{citizen 2}","{citizen 21}","[128 0 127 100]","""""","9.9","false","{breed social-friends}","0","""default""","""none""","0"
"{citizen 2}","{citizen 22}","[128 0 127 100]","""""","9.9","false","{breed social-friends}","0","""default""","""none""","0"
"{citizen 2}","{citizen 23}","[128 0 127 100]","""""","9.9","false","{breed social-friends}","0","""default""","""none""","0"
"{citizen 2}","{citizen 24}","[128 0 127 100]","""""","9.9","false","{breed social-friends}","0","""default""","""none""","0"
"{citizen 2}","{citizen 25}","[128 0 127 100]","""""","9.9","false","{breed social-friends}","0","""default""","""none""","0"
"{citizen 2}","{citizen 26}","[128 0 127 100]","""""","9.9","false","{breed social-friends}","0","""default""","""none""","0"
"{citizen 2}","{citizen 27}","[128 0 127 100]","""""","9.9","false","{breed social-friends}","0","""default""","""none""","0"
"{citizen 2}","{citizen 28}","[128 0 127 100]","""""","9.9","false","{breed social-friends}","0","""default""","""none""","0"
"{citizen 2}","{citizen 29}","[128 0 127 100]","""""","9.9","false","{breed social-friends}","0","""default""","""none""","0"
"{citizen 2}","{citizen 30}","[128 0 127 100]","""""","9.9","false","{breed social-friends}","0","""default""","""none""","0"
"{citizen 2}","{citizen 31}","[128 0 127 100]","""""","9.9","false","{breed social-friends}","0","""default""","""none""","0"
"{citizen 2}","{citizen 32}","[128 0 127 100]","""""","9.9","false","{breed social-friends}","0","""default""","""none""","0"
"{citizen 2}","{citizen 33}","[128 0 127 100]","""""","9.9","false","{breed social-friends}","0","""default""","""none""","0"
"{citizen 2}","{citizen 34}","[128 0 127 100]","""""","9.9","false","{breed social-friends}","0","""default""","""none""","0"
"{citizen 2}","{citizen 35}","[128 0 127 100]","""""","9.9","false","{breed social-friends}","0","""default""","""none""","0"
"{citizen 2}","{citizen 36}","[128 0 127 100]","""""","9.9","false","{breed social-friends}","0","""default""","""none""","0"
"{citizen 2}","{citizen 37}","[128 0 127 100]","""""","9.9","false","{breed social-friends}","0","""default""","""none""","0"
"{citizen 2}","{citizen 38}","[128 0 127 100]","""""","9.9","false","{breed social-friends}","0","""default""","""none""","0"
"{citizen 2}","{citizen 39}","[128 0 127 100]","""""","9.9","false","{breed social-friends}","0","""default""","""none""","0"
"{citizen 2}","{citizen 40}","[128 0 127 100]","""""","9.9","false","{breed social-friends}","0","""default""","""none""","0"
"{citizen 2}","{citizen 41}","[128 0 127 100]","""""","9.9","false","{breed social-friends}","0","""default""","""none""","0"
"{citizen 2}","{citizen 42}","[128 0 127 100]","""""","9.9","false","{breed social-friends}","0","""default""","""none""","0"
"{citizen 2}","{citizen 43}","[128 0 127 100]","""""","9.9","false","{breed social-friends}","0","""default""","""none""","0"
"{citizen 2}","{citizen 44}","[128 0 127 100]","""""","9.9","false","{breed social-friends}","0","""default""","""none""","0"
"{citizen 2}","{citizen 45}","[128 0 127 100]","""""","9.9","false","{breed social-friends}","0","""default""","""none""","0"
"{citizen 2}","{citizen 46}","[128 0 127 100]","""""","9.9","false","{breed social-friends}","0","""default""","""none""","0"
"{citizen 2}","{citizen 47}","[128 0 127 100]","""""","9.9","false","{breed social-friends}","0","""default""","""none""","0"
"{citizen 2}","{citizen 48}","[128 0 127 100]","""""","9.9","false","{breed social-friends}","0","""default""","""none""","0"
"{citizen 2}","{citizen 49}","[128 0 127 100]","""""","9.9","false","{breed social-friends}","0","""default""","""none""","0"
"{citizen 3}","{citizen 0}","[128 0 127 100]","""""","9.9","false","{breed social-friends}","0","""default""","""none""","0"
"{citizen 3}","{citizen 1}","[128 0 127 100]","""""","9.9","false","{breed social-friends}","0","""default""","""none""","0"
"{citizen 3}","{citizen 2}","[128 0 127 100]","""""","9.9","false","{breed social-friends}","0","""default""","""none""","0"
"{citizen 3}","{citizen 4}","[128 0 127 100]","""""","9.9","false","{breed social-friends}","0","""default""","""none""","0"
"{citizen 3}","{citizen 5}","[128 0 127 100]","""""","9.9","false","{breed social-friends}","0","""default""","""none""","0"
"{citizen 3}","{citizen 6}","[128 0 127 100]","""""","9.9","false","{breed social-friends}","0","""default""","""none""","0"
"{citizen 3}","{citizen 7}","[128 0 127 100]","""""","9.9","false","{breed social-friends}","0","""default""","""none""","0"
"{citizen 3}","{citizen 8}","[128 0 127 100]","""""","9.9","false","{breed social-friends}","0","""default""","""none""","0"
"{citizen 3}","{citizen 9}","[128 0 127 100]","""""","9.9","false","{breed social-friends}","0","""default""","""none""","0"
"{citizen 3}","{citizen 10}","[128 0 127 100]","""""","9.9","false","{breed social-friends}","0","""default""","""none""","0"
"{citizen 3}","{citizen 11}","[128 0 127 100]","""""","9.9","false","{breed social-friends}","0","""default""","""none""","0"
"{citizen 3}","{citizen 12}","[128 0 127 100]","""""","9.9","false","{breed social-friends}","0","""default""","""none""","0"
"{citizen 3}","{citizen 13}","[128 0 127 100]","""""","9.9","false","{breed social-friends}","0","""default""","""none""","0"
"{citizen 3}","{citizen 14}","[128 0 127 100]","""""","9.9","false","{breed social-friends}","0","""default""","""none""","0"
"{citizen 3}","{citizen 15}","[128 0 127 100]","""""","9.9","false","{breed social-friends}","0","""default""","""none""","0"
"{citizen 3}","{citizen 16}","[128 0 127 100]","""""","9.9","false","{breed social-friends}","0","""default""","""none""","0"
"{citizen 3}","{citizen 17}","[128 0 127 100]","""""","9.9","false","{breed social-friends}","0","""default""","""none""","0"
"{citizen 3}","{citizen 18}","[128 0 127 100]","""""","9.9","false","{breed social-friends}","0","""default""","""none""","0"
"{citizen 3}","{citizen 19}","[128 0 127 100]","""""","9.9","false","{breed social-friends}","0","""default""","""none""","0"
"{citizen 3}","{citizen 20}","[128 0 127 100]","""""","9.9","false","{breed social-friends}","0","""default""","""none""","0"
"{citizen 3}","{citizen 21}","[128 0 127 100]","""""","9.9","false","{breed social-friends}","0","""default""","""none""","0"
"{citizen 3}","{citizen 22}","[128 0 127 100]","""""","9.9","false","{breed social-friends}","0","""default""","""none""","0"
"{citizen 3}","{citizen 23}","[128 0 127 100]","""""","9.9","false","{breed social-friends}","0","""default""","""none""","0"
"{citizen 3}","{citizen 24}","[128 0 127 100]","""""","9.9","false","{breed social-friends}","0","""default""","""none""","0"
"{citizen 3}","{citizen 25}","[128 0 127 100]","""""","9.9","false","{breed social-friends}","0","""default""","""none""","0"
"{citizen 3}","{citizen 26}","[128 0 127 100]","""""","9.9","false","{breed social-friends}","0","""default""","""none""","0"
"{citizen 3}","{citizen 27}","[128 0 127 100]","""""","9.9","false","{breed social-friends}","0","""default""","""none""","0"
"{citizen 3}","{citizen 28}","[128 0 127 100]","""""","9.9","false","{breed social-friends}","0","""default""","""none""","0"
"{citizen 3}","{citizen 29}","[128 0 127 100]","""""","9.9","false","{breed social-friends}","0","""default""","""none""","0"
"{citizen 3}","{citizen 30}","[128 0 127 100]","""""","9.9","false","{breed social-friends}","0","""default""","""none""","0"
"{citizen 3}","{citizen 31}","[128 0 127 100]","""""","9.9","false","{breed social-friends}","0","""default""","""none""","0"
"{citizen 3}","{citizen 32}","[128 0 127 100]","""""","9.9","false","{breed social-friends}","0","""default""","""none""","0"
"{citizen 3}","{citizen 33}","[128 0 127 100]","""""","9.9","false","{breed social-friends}","0","""default""","""none""","0"
"{citizen 3}","{citizen 34}","[128 0 127 100]","""""","9.9","false","{breed social-friends}","0","""default""","""none""","0"
"{citizen 3}","{citizen 35}","[128 0 127 100]","""""","9.9","false","{breed social-friends}","0","""default""","""none""","0"
"{citizen 3}","{citizen 36}","[128 0 127 100]","""""","9.9","false","{breed social-friends}","0","""default""","""none""","0"
"{citizen 3}","{citizen 37}","[128 0 127 100]","""""","9.9","false","{breed social-friends}","0","""default""","""none""","0"
"{citizen 3}","{citizen 38}","[128 0 127 100]","""""","9.9","false","{breed social-friends}","0","""default""","""none""","0"
"{citizen 3}","{citizen 39}","[128 0 127 100]","""""","9.9","false","{breed social-friends}","0","""default""","""none""","0"
"{citizen 3}","{citizen 40}","[128 0 127 100]","""""","9.9","false","{breed social-friends}","0","""default""","""none""","0"
"{citizen 3}","{citizen 41}","[128 0 127 100]","""""","9.9","false","{breed social-friends}","0","""default""","""none""","0"
"{citizen 3}","{citizen 42}","[128 0 127 100]","""""","9.9","false","{breed social-friends}","0","""default""","""none""","0"
"{citizen 3}","{citizen 43}","[128 0 127 100]","""""","9.9","false","{breed social-friends}","0","""default""","""none""","0"
"{citizen 3}","{citizen 44}","[128 0 127 100]","""""","9.9","false","{breed social-friends}","0","""default""","""none""","0"
"{citizen 3}","{citizen 45}","[128 0 127 100]","""""","9.9","false","{breed social-friends}","0","""default""","""none""","0"
"{citizen 3}","{citizen 46}","[128 0 127 100]","""""","9.9","false","{breed social-friends}","0","""default""","""none""","0"
"{citizen 3}","{citizen 47}","[128 0 127 100]","""""","9.9","false","{breed social-friends}","0","""default""","""none""","0"
"{citizen 3}","{citizen 48}","[128 0 127 100]","""""","9.9","false","{breed social-friends}","0","""default""","""none""","0"
"{citizen 3}","{citizen 49}","[128 0 127 100]","""""","9.9","false","{breed social-friends}","0","""default""","""none""","0"
"{citizen 4}","{citizen 0}","[128 0 127 100]","""""","9.9","false","{breed social-friends}","0","""default""","""none""","0"
"{citizen 4}","{citizen 1}","[128 0 127 100]","""""","9.9","false","{breed social-friends}","0","""default""","""none""","0"
"{citizen 4}","{citizen 2}","[128 0 127 100]","""""","9.9","false","{breed social-friends}","0","""default""","""none""","0"
"{citizen 4}","{citizen 3}","[128 0 127 100]","""""","9.9","false","{breed social-friends}","0","""default""","""none""","0"
"{citizen 4}","{citizen 5}","[128 0 127 100]","""""","9.9","false","{breed social-friends}","0","""default""","""none""","0"
"{citizen 4}","{citizen 6}","[128 0 127 100]","""""","9.9","false","{breed social-friends}","0","""default""","""none""","0"
"{citizen 4}","{citizen 7}","[128 0 127 100]","""""","9.9","false","{breed social-friends}","0","""default""","""none""","0"
"{citizen 4}","{citizen 8}","[128 0 127 100]","""""","9.9","false","{breed social-friends}","0","""default""","""none""","0"
"{citizen 4}","{citizen 9}","[128 0 127 100]","""""","9.9","false","{breed social-friends}","0","""default""","""none""","0"
"{citizen 4}","{citizen 10}","[128 0 127 100]","""""","9.9","false","{breed social-friends}","0","""default""","""none""","0"
"{citizen 4}","{citizen 11}","[128 0 127 100]","""""","9.9","false","{breed social-friends}","0","""default""","""none""","0"
"{citizen 4}","{citizen 12}","[128 0 127 100]","""""","9.9","false","{breed social-friends}","0","""default""","""none""","0"
"{citizen 4}","{citizen 13}","[128 0 127 100]","""""","9.9","false","{breed social-friends}","0","""default""","""none""","0"
"{citizen 4}","{citizen 14}","[128 0 127 100]","""""","9.9","false","{breed social-friends}","0","""default""","""none""","0"
"{citizen 4}","{citizen 15}","[128 0 127 100]","""""","9.9","false","{breed social-friends}","0","""default""","""none""","0"
"{citizen 4}","{citizen 16}","[128 0 127 100]","""""","9.9","false","{breed social-friends}","0","""default""","""none""","0"
"{citizen 4}","{citizen 17}","[128 0 127 100]","""""","9.9","false","{breed social-friends}","0","""default""","""none""","0"
"{citizen 4}","{citizen 18}","[128 0 127 100]","""""","9.9","false","{breed social-friends}","0","""default""","""none""","0"
"{citizen 4}","{citizen 19}","[128 0 127 100]","""""","9.9","false","{breed social-friends}","0","""default""","""none""","0"
"{citizen 4}","{citizen 20}","[128 0 127 100]","""""","9.9","false","{breed social-friends}","0","""default""","""none""","0"
"{citizen 4}","{citizen 21}","[128 0 127 100]","""""","9.9","false","{breed social-friends}","0","""default""","""none""","0"
"{citizen 4}","{citizen 22}","[128 0 127 100]","""""","9.9","false","{breed social-friends}","0","""default""","""none""","0"
"{citizen 4}","{citizen 23}","[128 0 127 100]","""""","9.9","false","{breed social-friends}","0","""default""","""none""","0"
"{citizen 4}","{citizen 24}","[128 0 127 100]","""""","9.9","false","{breed social-friends}","0","""default""","""none""","0"
"{citizen 4}","{citizen 25}","[128 0 127 100]","""""","9.9","false","{breed social-friends}","0","""default""","""none""","0"
"{citizen 4}","{citizen 26}","[128 0 127 100]","""""","9.9","false","{breed social-friends}","0","""default""","""none""","0"
"{citizen 4}","{citizen 27}","[128 0 127 100]","""""","9.9","false","{breed social-friends}","0","""default""","""none""","0"
"{citizen 4}","{citizen 28}","[128 0 127 100]","""""","9.9","false","{breed social-friends}","0","""default""","""none""","0"
"{citizen 4}","{citizen 29}","[128 0 127 100]","""""","9.9","false","{breed social-friends}","0","""default""","""none""","0"
"{citizen 4}","{citizen 30}","[128 0 127 100]","""""","9.9","false","{breed social-friends}","0","""default""","""none""","0"
"{citizen 4}","{citizen 31}","[128 0 127 100]","""""","9.9","false","{breed social-friends}","0","""default""","""none""","0"
"{citizen 4}","{citizen 32}","[128 0 127 100]","""""","9.9","false","{breed social-friends}","0","""default""","""none""","0"
"{citizen 4}","{citizen 33}","[128 0 127 100]","""""","9.9","false","{breed social-friends}","0","""default""","""none""","0"
"{citizen 4}","{citizen 34}","[128 0 127 100]","""""","9.9","false","{breed social-friends}","0","""default""","""none""","0"
"{citizen 4}","{citizen 35}","[128 0 127 100]","""""","9.9","false","{breed social-friends}","0","""default""","""none""","0"
"{citizen 4}","{citizen 36}","[128 0 127 100]","""""","9.9","false","{breed social-friends}","0","""default""","""none""","0"
"{citizen 4}","{citizen 37}","[128 0 127 100]","""""","9.9","false","{breed social-friends}","0","""default""","""none""","0"
"{citizen 4}","{citizen 38}","[128 0 127 100]","""""","9.9","false","{breed social-friends}","0","""default""","""none""","0"
"{citizen 4}","{citizen 39}","[128 0 127 100]","""""","9.9","false","{breed social-friends}","0","""default""","""none""","0"
"{citizen 4}","{citizen 40}","[128 0 127 100]","""""","9.9","false","{breed social-friends}","0","""default""","""none""","0"
"{citizen 4}","{citizen 41}","[128 0 127 100]","""""","9.9","false","{breed social-friends}","0","""default""","""none""","0"
"{citizen 4}","{citizen 42}","[128 0 127 100]","""""","9.9","false","{breed social-friends}","0","""default""","""none""","0"
"{citizen 4}","{citizen 43}","[128 0 127 100]","""""","9.9","false","{breed social-friends}","0","""default""","""none""","0"
"{citizen 4}","{citizen 44}","[128 0 127 100]","""""","9.9","false","{breed social-friends}","0","""default""","""none""","0"
"{citizen 4}","{citizen 45}","[128 0 127 100]","""""","9.9","false","{breed social-friends}","0","""default""","""none""","0"
"{citizen 4}","{citizen 46}","[128 0 127 100]","""""","9.9","false","{breed social-friends}","0","""default""","""none""","0"
"{citizen 4}","{citizen 47}","[128 0 127 100]","""""","9.9","false","{breed social-friends}","0","""default""","""none""","0"
"{citizen 4}","{citizen 48}","[128 0 127 100]","""""","9.9","false","{breed social-friends}","0","""default""","""none""","0"
"{citizen 4}","{citizen 49}","[128 0 127 100]","""""","9.9","false","{breed social-friends}","0","""default""","""none""","0"
"{citizen 5}","{citizen 0}","[128 0 127 100]","""""","9.9","false","{breed social-friends}","0","""default""","""none""","0"
"{citizen 5}","{citizen 1}","[128 0 127 100]","""""","9.9","false","{breed social-friends}","0","""default""","""none""","0"
"{citizen 5}","{citizen 2}","[128 0 127 100]","""""","9.9","false","{breed social-friends}","0","""default""","""none""","0"
"{citizen 5}","{citizen 3}","[128 0 127 100]","""""","9.9","false","{breed social-friends}","0","""default""","""none""","0"
"{citizen 5}","{citizen 4}","[128 0 127 100]","""""","9.9","false","{breed social-friends}","0","""default""","""none""","0"
"{citizen 5}","{citizen 6}","[128 0 127 100]","""""","9.9","false","{breed social-friends}","0","""default""","""none""","0"
"{citizen 5}","{citizen 7}","[128 0 127 100]","""""","9.9","false","{breed social-friends}","0","""default""","""none""","0"
"{citizen 5}","{citizen 8}","[128 0 127 100]","""""","9.9","false","{breed social-friends}","0","""default""","""none""","0"
"{citizen 5}","{citizen 9}","[128 0 127 100]","""""","9.9","false","{breed social-friends}","0","""default""","""none""","0"
"{citizen 5}","{citizen 10}","[128 0 127 100]","""""","9.9","false","{breed social-friends}","0","""default""","""none""","0"
"{citizen 5}","{citizen 11}","[128 0 127 100]","""""","9.9","false","{breed social-friends}","0","""default""","""none""","0"
"{citizen 5}","{citizen 12}","[128 0 127 100]","""""","9.9","false","{breed social-friends}","0","""default""","""none""","0"
"{citizen 5}","{citizen 13}","[128 0 127 100]","""""","9.9","false","{breed social-friends}","0","""default""","""none""","0"
"{citizen 5}","{citizen 14}","[128 0 127 100]","""""","9.9","false","{breed social-friends}","0","""default""","""none""","0"
"{citizen 5}","{citizen 15}","[128 0 127 100]","""""","9.9","false","{breed social-friends}","0","""default""","""none""","0"
"{citizen 5}","{citizen 16}","[128 0 127 100]","""""","9.9","false","{breed social-friends}","0","""default""","""none""","0"
"{citizen 5}","{citizen 17}","[128 0 127 100]","""""","9.9","false","{breed social-friends}","0","""default""","""none""","0"
"{citizen 5}","{citizen 18}","[128 0 127 100]","""""","9.9","false","{breed social-friends}","0","""default""","""none""","0"
"{citizen 5}","{citizen 19}","[128 0 127 100]","""""","9.9","false","{breed social-friends}","0","""default""","""none""","0"
"{citizen 5}","{citizen 20}","[128 0 127 100]","""""","9.9","false","{breed social-friends}","0","""default""","""none""","0"
"{citizen 5}","{citizen 21}","[128 0 127 100]","""""","9.9","false","{breed social-friends}","0","""default""","""none""","0"
"{citizen 5}","{citizen 22}","[128 0 127 100]","""""","9.9","false","{breed social-friends}","0","""default""","""none""","0"
"{citizen 5}","{citizen 23}","[128 0 127 100]","""""","9.9","false","{breed social-friends}","0","""default""","""none""","0"
"{citizen 5}","{citizen 24}","[128 0 127 100]","""""","9.9","false","{breed social-friends}","0","""default""","""none""","0"
"{citizen 5}","{citizen 25}","[128 0 127 100]","""""","9.9","false","{breed social-friends}","0","""default""","""none""","0"
"{citizen 5}","{citizen 26}","[128 0 127 100]","""""","9.9","false","{breed social-friends}","0","""default""","""none""","0"
"{citizen 5}","{citizen 27}","[128 0 127 100]","""""","9.9","false","{breed social-friends}","0","""default""","""none""","0"
"{citizen 5}","{citizen 28}","[128 0 127 100]","""""","9.9","false","{breed social-friends}","0","""default""","""none""","0"
"{citizen 5}","{citizen 29}","[128 0 127 100]","""""","9.9","false","{breed social-friends}","0","""default""","""none""","0"
"{citizen 5}","{citizen 30}","[128 0 127 100]","""""","9.9","false","{breed social-friends}","0","""default""","""none""","0"
"{citizen 5}","{citizen 31}","[128 0 127 100]","""""","9.9","false","{breed social-friends}","0","""default""","""none""","0"
"{citizen 5}","{citizen 32}","[128 0 127 100]","""""","9.9","false","{breed social-friends}","0","""default""","""none""","0"
"{citizen 5}","{citizen 33}","[128 0 127 100]","""""","9.9","false","{breed social-friends}","0","""default""","""none""","0"
"{citizen 5}","{citizen 34}","[128 0 127 100]","""""","9.9","false","{breed social-friends}","0","""default""","""none""","0"
"{citizen 5}","{citizen 35}","[128 0 127 100]","""""","9.9","false","{breed social-friends}","0","""default""","""none""","0"
"{citizen 5}","{citizen 36}","[128 0 127 100]","""""","9.9","false","{breed social-friends}","0","""default""","""none""","0"
"{citizen 5}","{citizen 37}","[128 0 127 100]","""""","9.9","false","{breed social-friends}","0","""default""","""none""","0"
"{citizen 5}","{citizen 38}","[128 0 127 100]","""""","9.9","false","{breed social-friends}","0","""default""","""none""","0"
"{citizen 5}","{citizen 39}","[128 0 127 100]","""""","9.9","false","{breed social-friends}","0","""default""","""none""","0"
"{citizen 5}","{citizen 40}","[128 0 127 100]","""""","9.9","false","{breed social-friends}","0","""default""","""none""","0"
"{citizen 5}","{citizen 41}","[128 0 127 100]","""""","9.9","false","{breed social-friends}","0","""default""","""none""","0"
"{citizen 5}","{citizen 42}","[128 0 127 100]","""""","9.9","false","{breed social-friends}","0","""default""","""none""","0"
"{citizen 5}","{citizen 43}","[128 0 127 100]","""""","9.9","false","{breed social-friends}","0","""default""","""none""","0"
"{citizen 5}","{citizen 44}","[128 0 127 100]","""""","9.9","false","{breed social-friends}","0","""default""","""none""","0"
"{citizen 5}","{citizen 45}","[128 0 127 100]","""""","9.9","false","{breed social-friends}","0","""default""","""none""","0"
"{citizen 5}","{citizen 46}","[128 0 127 100]","""""","9.9","false","{breed social-friends}","0","""default""","""none""","0"
"{citizen 5}","{citizen 47}","[128 0 127 100]","""""","9.9","false","{breed social-friends}","0","""default""","""none""","0"
"{citizen 5}","{citizen 48}","[128 0 127 100]","""""","9.9","false","{breed social-friends}","0","""default""","""none""","0"
"{citizen 5}","{citizen 49}","[128 0 127 100]","""""","9.9","false","{breed social-friends}","0","""default""","""none""","0"
"{citizen 6}","{citizen 0}","[128 0 127 100]","""""","9.9","false","{breed social-friends}","0","""default""","""none""","0"
"{citizen 6}","{citizen 1}","[128 0 127 100]","""""","9.9","false","{breed social-friends}","0","""default""","""none""","0"
"{citizen 6}","{citizen 2}","[128 0 127 100]","""""","9.9","false","{breed social-friends}","0","""default""","""none""","0"
"{citizen 6}","{citizen 3}","[128 0 127 100]","""""","9.9","false","{breed social-friends}","0","""default""","""none""","0"
"{citizen 6}","{citizen 4}","[128 0 127 100]","""""","9.9","false","{breed social-friends}","0","""default""","""none""","0"
"{citizen 6}","{citizen 5}","[128 0 127 100]","""""","9.9","false","{breed social-friends}","0","""default""","""none""","0"
"{citizen 6}","{citizen 7}","[128 0 127 100]","""""","9.9","false","{breed social-friends}","0","""default""","""none""","0"
"{citizen 6}","{citizen 8}","[128 0 127 100]","""""","9.9","false","{breed social-friends}","0","""default""","""none""","0"
"{citizen 6}","{citizen 9}","[128 0 127 100]","""""","9.9","false","{breed social-friends}","0","""default""","""none""","0"
"{citizen 6}","{citizen 10}","[128 0 127 100]","""""","9.9","false","{breed social-friends}","0","""default""","""none""","0"
"{citizen 6}","{citizen 11}","[128 0 127 100]","""""","9.9","false","{breed social-friends}","0","""default""","""none""","0"
"{citizen 6}","{citizen 12}","[128 0 127 100]","""""","9.9","false","{breed social-friends}","0","""default""","""none""","0"
"{citizen 6}","{citizen 13}","[128 0 127 100]","""""","9.9","false","{breed social-friends}","0","""default""","""none""","0"
"{citizen 6}","{citizen 14}","[128 0 127 100]","""""","9.9","false","{breed social-friends}","0","""default""","""none""","0"
"{citizen 6}","{citizen 15}","[128 0 127 100]","""""","9.9","false","{breed social-friends}","0","""default""","""none""","0"
"{citizen 6}","{citizen 16}","[128 0 127 100]","""""","9.9","false","{breed social-friends}","0","""default""","""none""","0"
"{citizen 6}","{citizen 17}","[128 0 127 100]","""""","9.9","false","{breed social-friends}","0","""default""","""none""","0"
"{citizen 6}","{citizen 18}","[128 0 127 100]","""""","9.9","false","{breed social-friends}","0","""default""","""none""","0"
"{citizen 6}","{citizen 19}","[128 0 127 100]","""""","9.9","false","{breed social-friends}","0","""default""","""none""","0"
"{citizen 6}","{citizen 20}","[128 0 127 100]","""""","9.9","false","{breed social-friends}","0","""default""","""none""","0"
"{citizen 6}","{citizen 21}","[128 0 127 100]","""""","9.9","false","{breed social-friends}","0","""default""","""none""","0"
"{citizen 6}","{citizen 22}","[128 0 127 100]","""""","9.9","false","{breed social-friends}","0","""default""","""none""","0"
"{citizen 6}","{citizen 23}","[128 0 127 100]","""""","9.9","false","{breed social-friends}","0","""default""","""none""","0"
"{citizen 6}","{citizen 24}","[128 0 127 100]","""""","9.9","false","{breed social-friends}","0","""default""","""none""","0"
"{citizen 6}","{citizen 25}","[128 0 127 100]","""""","9.9","false","{breed social-friends}","0","""default""","""none""","0"
"{citizen 6}","{citizen 26}","[128 0 127 100]","""""","9.9","false","{breed social-friends}","0","""default""","""none""","0"
"{citizen 6}","{citizen 27}","[128 0 127 100]","""""","9.9","false","{breed social-friends}","0","""default""","""none""","0"
"{citizen 6}","{citizen 28}","[128 0 127 100]","""""","9.9","false","{breed social-friends}","0","""default""","""none""","0"
"{citizen 6}","{citizen 29}","[128 0 127 100]","""""","9.9","false","{breed social-friends}","0","""default""","""none""","0"
"{citizen 6}","{citizen 30}","[128 0 127 100]","""""","9.9","false","{breed social-friends}","0","""default""","""none""","0"
"{citizen 6}","{citizen 31}","[128 0 127 100]","""""","9.9","false","{breed social-friends}","0","""default""","""none""","0"
"{citizen 6}","{citizen 32}","[128 0 127 100]","""""","9.9","false","{breed social-friends}","0","""default""","""none""","0"
"{citizen 6}","{citizen 33}","[128 0 127 100]","""""","9.9","false","{breed social-friends}","0","""default""","""none""","0"
"{citizen 6}","{citizen 34}","[128 0 127 100]","""""","9.9","false","{breed social-friends}","0","""default""","""none""","0"
"{citizen 6}","{citizen 35}","[128 0 127 100]","""""","9.9","false","{breed social-friends}","0","""default""","""none""","0"
"{citizen 6}","{citizen 36}","[128 0 127 100]","""""","9.9","false","{breed social-friends}","0","""default""","""none""","0"
"{citizen 6}","{citizen 37}","[128 0 127 100]","""""","9.9","false","{breed social-friends}","0","""default""","""none""","0"
"{citizen 6}","{citizen 38}","[128 0 127 100]","""""","9.9","false","{breed social-friends}","0","""default""","""none""","0"
"{citizen 6}","{citizen 39}","[128 0 127 100]","""""","9.9","false","{breed social-friends}","0","""default""","""none""","0"
"{citizen 6}","{citizen 40}","[128 0 127 100]","""""","9.9","false","{breed social-friends}","0","""default""","""none""","0"
"{citizen 6}","{citizen 41}","[128 0 127 100]","""""","9.9","false","{breed social-friends}","0","""default""","""none""","0"
"{citizen 6}","{citizen 42}","[128 0 127 100]","""""","9.9","false","{breed social-friends}","0","""default""","""none""","0"
"{citizen 6}","{citizen 43}","[128 0 127 100]","""""","9.9","false","{breed social-friends}","0","""default""","""none""","0"
"{citizen 6}","{citizen 44}","[128 0 127 100]","""""","9.9","false","{breed social-friends}","0","""default""","""none""","0"
"{citizen 6}","{citizen 45}","[128 0 127 100]","""""","9.9","false","{breed social-friends}","0","""default""","""none""","0"
"{citizen 6}","{citizen 46}","[128 0 127 100]","""""","9.9","false","{breed social-friends}","0","""default""","""none""","0"
"{citizen 6}","{citizen 47}","[128 0 127 100]","""""","9.9","false","{breed social-friends}","0","""default""","""none""","0"
"{citizen 6}","{citizen 48}","[128 0 127 100]","""""","9.9","false","{breed social-friends}","0","""default""","""none""","0"
"{citizen 6}","{citizen 49}","[128 0 127 100]","""""","9.9","false","{breed social-friends}","0","""default""","""none""","0"
"{citizen 7}","{citizen 0}","[128 0 127 100]","""""","9.9","false","{breed social-friends}","0","""default""","""none""","0"
"{citizen 7}","{citizen 1}","[128 0 127 100]","""""","9.9","false","{breed social-friends}","0","""default""","""none""","0"
"{citizen 7}","{citizen 2}","[128 0 127 100]","""""","9.9","false","{breed social-friends}","0","""default""","""none""","0"
"{citizen 7}","{citizen 3}","[128 0 127 100]","""""","9.9","false","{breed social-friends}","0","""default""","""none""","0"
"{citizen 7}","{citizen 4}","[128 0 127 100]","""""","9.9","false","{breed social-friends}","0","""default""","""none""","0"
"{citizen 7}","{citizen 5}","[128 0 127 100]","""""","9.9","false","{breed social-friends}","0","""default""","""none""","0"
"{citizen 7}","{citizen 6}","[128 0 127 100]","""""","9.9","false","{breed social-friends}","0","""default""","""none""","0"
"{citizen 7}","{citizen 8}","[128 0 127 100]","""""","9.9","false","{breed social-friends}","0","""default""","""none""","0"
"{citizen 7}","{citizen 9}","[128 0 127 100]","""""","9.9","false","{breed social-friends}","0","""default""","""none""","0"
"{citizen 7}","{citizen 10}","[128 0 127 100]","""""","9.9","false","{breed social-friends}","0","""default""","""none""","0"
"{citizen 7}","{citizen 11}","[128 0 127 100]","""""","9.9","false","{breed social-friends}","0","""default""","""none""","0"
"{citizen 7}","{citizen 12}","[128 0 127 100]","""""","9.9","false","{breed social-friends}","0","""default""","""none""","0"
"{citizen 7}","{citizen 13}","[128 0 127 100]","""""","9.9","false","{breed social-friends}","0","""default""","""none""","0"
"{citizen 7}","{citizen 14}","[128 0 127 100]","""""","9.9","false","{breed social-friends}","0","""default""","""none""","0"
"{citizen 7}","{citizen 15}","[128 0 127 100]","""""","9.9","false","{breed social-friends}","0","""default""","""none""","0"
"{citizen 7}","{citizen 16}","[128 0 127 100]","""""","9.9","false","{breed social-friends}","0","""default""","""none""","0"
"{citizen 7}","{citizen 17}","[128 0 127 100]","""""","9.9","false","{breed social-friends}","0","""default""","""none""","0"
"{citizen 7}","{citizen 18}","[128 0 127 100]","""""","9.9","false","{breed social-friends}","0","""default""","""none""","0"
"{citizen 7}","{citizen 19}","[128 0 127 100]","""""","9.9","false","{breed social-friends}","0","""default""","""none""","0"
"{citizen 7}","{citizen 20}","[128 0 127 100]","""""","9.9","false","{breed social-friends}","0","""default""","""none""","0"
"{citizen 7}","{citizen 21}","[128 0 127 100]","""""","9.9","false","{breed social-friends}","0","""default""","""none""","0"
"{citizen 7}","{citizen 22}","[128 0 127 100]","""""","9.9","false","{breed social-friends}","0","""default""","""none""","0"
"{citizen 7}","{citizen 23}","[128 0 127 100]","""""","9.9","false","{breed social-friends}","0","""default""","""none""","0"
"{citizen 7}","{citizen 24}","[128 0 127 100]","""""","9.9","false","{breed social-friends}","0","""default""","""none""","0"
"{citizen 7}","{citizen 25}","[128 0 127 100]","""""","9.9","false","{breed social-friends}","0","""default""","""none""","0"
"{citizen 7}","{citizen 26}","[128 0 127 100]","""""","9.9","false","{breed social-friends}","0","""default""","""none""","0"
"{citizen 7}","{citizen 27}","[128 0 127 100]","""""","9.9","false","{breed social-friends}","0","""default""","""none""","0"
"{citizen 7}","{citizen 28}","[128 0 127 100]","""""","9.9","false","{breed social-friends}","0","""default""","""none""","0"
"{citizen 7}","{citizen 29}","[128 0 127 100]","""""","9.9","false","{breed social-friends}","0","""default""","""none""","0"
"{citizen 7}","{citizen 30}","[128 0 127 100]","""""","9.9","false","{breed social-friends}","0","""default""","""none""","0"
"{citizen 7}","{citizen 31}","[128 0 127 100]","""""","9.9","false","{breed social-friends}","0","""default""","""none""","0"
"{citizen 7}","{citizen 32}","[128 0 127 100]","""""","9.9","false","{breed social-friends}","0","""default""","""none""","0"
"{citizen 7}","{citizen 33}","[128 0 127 100]","""""","9.9","false","{breed social-friends}","0","""default""","""none""","0"
"{citizen 7}","{citizen 34}","[128 0 127 100]","""""","9.9","false","{breed social-friends}","0","""default""","""none""","0"
"{citizen 7}","{citizen 35}","[128 0 127 100]","""""","9.9","false","{breed social-friends}","0","""default""","""none""","0"
"{citizen 7}","{citizen 36}","[128 0 127 100]","""""","9.9","false","{breed social-friends}","0","""default""","""none""","0"
"{citizen 7}","{citizen 37}","[128 0 127 100]","""""","9.9","false","{breed social-friends}","0","""default""","""none""","0"
"{citizen 7}","{citizen 38}","[128 0 127 100]","""""","9.9","false","{breed social-friends}","0","""default""","""none""","0"
"{citizen 7}","{citizen 39}","[128 0 127 100]","""""","9.9","false","{breed social-friends}","0","""default""","""none""","0"
"{citizen 7}","{citizen 40}","[128 0 127 100]","""""","9.9","false","{breed social-friends}","0","""default""","""none""","0"
"{citizen 7}","{citizen 41}","[128 0 127 100]","""""","9.9","false","{breed social-friends}","0","""default""","""none""","0"
"{citizen 7}","{citizen 42}","[128 0 127 100]","""""","9.9","false","{breed social-friends}","0","""default""","""none""","0"
"{citizen 7}","{citizen 43}","[128 0 127 100]","""""","9.9","false","{breed social-friends}","0","""default""","""none""","0"
"{citizen 7}","{citizen 44}","[128 0 127 100]","""""","9.9","false","{breed social-friends}","0","""default""","""none""","0"
"{citizen 7}","{citizen 45}","[128 0 127 100]","""""","9.9","false","{breed social-friends}","0","""default""","""none""","0"
"{citizen 7}","{citizen 46}","[128 0 127 100]","""""","9.9","false","{breed social-friends}","0","""default""","""none""","0"
"{citizen 7}","{citizen 47}","[128 0 127 100]","""""","9.9","false","{breed social-friends}","0","""default""","""none""","0"
"{citizen 7}","{citizen 48}","[128 0 127 100]","""""","9.9","false","{breed social-friends}","0","""default""","""none""","0"
"{citizen 7}","{citizen 49}","[128 0 127 100]","""""","9.9","false","{breed social-friends}","0","""default""","""none""","0"
"{citizen 8}","{citizen 0}","[128 0 127 100]","""""","9.9","false","{breed social-friends}","0","""default""","""none""","0"
"{citizen 8}","{citizen 1}","[128 0 127 100]","""""","9.9","false","{breed social-friends}","0","""default""","""none""","0"
"{citizen 8}","{citizen 2}","[128 0 127 100]","""""","9.9","false","{breed social-friends}","0","""default""","""none""","0"
"{citizen 8}","{citizen 3}","[128 0 127 100]","""""","9.9","false","{breed social-friends}","0","""default""","""none""","0"
"{citizen 8}","{citizen 4}","[128 0 127 100]","""""","9.9","false","{breed social-friends}","0","""default""","""none""","0"
"{citizen 8}","{citizen 5}","[128 0 127 100]","""""","9.9","false","{breed social-friends}","0","""default""","""none""","0"
"{citizen 8}","{citizen 6}","[128 0 127 100]","""""","9.9","false","{breed social-friends}","0","""default""","""none""","0"
"{citizen 8}","{citizen 7}","[128 0 127 100]","""""","9.9","false","{breed social-friends}","0","""default""","""none""","0"
"{citizen 8}","{citizen 9}","[128 0 127 100]","""""","9.9","false","{breed social-friends}","0","""default""","""none""","0"
"{citizen 8}","{citizen 10}","[128 0 127 100]","""""","9.9","false","{breed social-friends}","0","""default""","""none""","0"
"{citizen 8}","{citizen 11}","[128 0 127 100]","""""","9.9","false","{breed social-friends}","0","""default""","""none""","0"
"{citizen 8}","{citizen 12}","[128 0 127 100]","""""","9.9","false","{breed social-friends}","0","""default""","""none""","0"
"{citizen 8}","{citizen 13}","[128 0 127 100]","""""","9.9","false","{breed social-friends}","0","""default""","""none""","0"
"{citizen 8}","{citizen 14}","[128 0 127 100]","""""","9.9","false","{breed social-friends}","0","""default""","""none""","0"
"{citizen 8}","{citizen 15}","[128 0 127 100]","""""","9.9","false","{breed social-friends}","0","""default""","""none""","0"
"{citizen 8}","{citizen 16}","[128 0 127 100]","""""","9.9","false","{breed social-friends}","0","""default""","""none""","0"
"{citizen 8}","{citizen 17}","[128 0 127 100]","""""","9.9","false","{breed social-friends}","0","""default""","""none""","0"
"{citizen 8}","{citizen 18}","[128 0 127 100]","""""","9.9","false","{breed social-friends}","0","""default""","""none""","0"
"{citizen 8}","{citizen 19}","[128 0 127 100]","""""","9.9","false","{breed social-friends}","0","""default""","""none""","0"
"{citizen 8}","{citizen 20}","[128 0 127 100]","""""","9.9","false","{breed social-friends}","0","""default""","""none""","0"
"{citizen 8}","{citizen 21}","[128 0 127 100]","""""","9.9","false","{breed social-friends}","0","""default""","""none""","0"
"{citizen 8}","{citizen 22}","[128 0 127 100]","""""","9.9","false","{breed social-friends}","0","""default""","""none""","0"
"{citizen 8}","{citizen 23}","[128 0 127 100]","""""","9.9","false","{breed social-friends}","0","""default""","""none""","0"
"{citizen 8}","{citizen 24}","[128 0 127 100]","""""","9.9","false","{breed social-friends}","0","""default""","""none""","0"
"{citizen 8}","{citizen 25}","[128 0 127 100]","""""","9.9","false","{breed social-friends}","0","""default""","""none""","0"
"{citizen 8}","{citizen 26}","[128 0 127 100]","""""","9.9","false","{breed social-friends}","0","""default""","""none""","0"
"{citizen 8}","{citizen 27}","[128 0 127 100]","""""","9.9","false","{breed social-friends}","0","""default""","""none""","0"
"{citizen 8}","{citizen 28}","[128 0 127 100]","""""","9.9","false","{breed social-friends}","0","""default""","""none""","0"
"{citizen 8}","{citizen 29}","[128 0 127 100]","""""","9.9","false","{breed social-friends}","0","""default""","""none""","0"
"{citizen 8}","{citizen 30}","[128 0 127 100]","""""","9.9","false","{breed social-friends}","0","""default""","""none""","0"
"{citizen 8}","{citizen 31}","[128 0 127 100]","""""","9.9","false","{breed social-friends}","0","""default""","""none""","0"
"{citizen 8}","{citizen 32}","[128 0 127 100]","""""","9.9","false","{breed social-friends}","0","""default""","""none""","0"
"{citizen 8}","{citizen 33}","[128 0 127 100]","""""","9.9","false","{breed social-friends}","0","""default""","""none""","0"
"{citizen 8}","{citizen 34}","[128 0 127 100]","""""","9.9","false","{breed social-friends}","0","""default""","""none""","0"
"{citizen 8}","{citizen 35}","[128 0 127 100]","""""","9.9","false","{breed social-friends}","0","""default""","""none""","0"
"{citizen 8}","{citizen 36}","[128 0 127 100]","""""","9.9","false","{breed social-friends}","0","""default""","""none""","0"
"{citizen 8}","{citizen 37}","[128 0 127 100]","""""","9.9","false","{breed social-friends}","0","""default""","""none""","0"
"{citizen 8}","{citizen 38}","[128 0 127 100]","""""","9.9","false","{breed social-friends}","0","""default""","""none""","0"
"{citizen 8}","{citizen 39}","[128 0 127 100]","""""","9.9","false","{breed social-friends}","0","""default""","""none""","0"
"{citizen 8}","{citizen 40}","[128 0 127 100]","""""","9.9","false","{breed social-friends}","0","""default""","""none""","0"
"{citizen 8}","{citizen 41}","[128 0 127 100]","""""","9.9","false","{breed social-friends}","0","""default""","""none""","0"
"{citizen 8}","{citizen 42}","[128 0 127 100]","""""","9.9","false","{breed social-friends}","0","""default""","""none""","0"
"{citizen 8}","{citizen 43}","[128 0 127 100]","""""","9.9","false","{breed social-friends}","0","""default""","""none""","0"
"{citizen 8}","{citizen 44}","[128 0 127 100]","""""","9.9","false","{breed social-friends}","0","""default""","""none""","0"
"{citizen 8}","{citizen 45}","[128 0 127 100]","""""","9.9","false","{breed social-friends}","0","""default""","""none""","0"
"{citizen 8}","{citizen 46}","[128 0 127 100]","""""","9.9","false","{breed social-friends}","0","""default""","""none""","0"
"{citizen 8}","{citizen 47}","[128 0 127 100]","""""","9.9","false","{breed social-friends}","0","""default""","""none""","0"
"{citizen 8}","{citizen 48}","[128 0 127 100]","""""","9.9","false","{breed social-friends}","0","""default""","""none""","0"
"{citizen 8}","{citizen 49}","[128 0 127 100]","""""","9.9","false","{breed social-friends}","0","""default""","""none""","0"
"{citizen 9}","{citizen 0}","[128 0 127 100]","""""","9.9","false","{breed social-friends}","0","""default""","""none""","0"
"{citizen 9}","{citizen 1}","[128 0 127 100]","""""","9.9","false","{breed social-friends}","0","""default""","""none""","0"
"{citizen 9}","{citizen 2}","[128 0 127 100]","""""","9.9","false","{breed social-friends}","0","""default""","""none""","0"
"{citizen 9}","{citizen 3}","[128 0 127 100]","""""","9.9","false","{breed social-friends}","0","""default""","""none""","0"
"{citizen 9}","{citizen 4}","[128 0 127 100]","""""","9.9","false","{breed social-friends}","0","""default""","""none""","0"
"{citizen 9}","{citizen 5}","[128 0 127 100]","""""","9.9","false","{breed social-friends}","0","""default""","""none""","0"
"{citizen 9}","{citizen 6}","[128 0 127 100]","""""","9.9","false","{breed social-friends}","0","""default""","""none""","0"
"{citizen 9}","{citizen 7}","[128 0 127 100]","""""","9.9","false","{breed social-friends}","0","""default""","""none""","0"
"{citizen 9}","{citizen 8}","[128 0 127 100]","""""","9.9","false","{breed social-friends}","0","""default""","""none""","0"
"{citizen 9}","{citizen 10}","[128 0 127 100]","""""","9.9","false","{breed social-friends}","0","""default""","""none""","0"
"{citizen 9}","{citizen 11}","[128 0 127 100]","""""","9.9","false","{breed social-friends}","0","""default""","""none""","0"
"{citizen 9}","{citizen 12}","[128 0 127 100]","""""","9.9","false","{breed social-friends}","0","""default""","""none""","0"
"{citizen 9}","{citizen 13}","[128 0 127 100]","""""","9.9","false","{breed social-friends}","0","""default""","""none""","0"
"{citizen 9}","{citizen 14}","[128 0 127 100]","""""","9.9","false","{breed social-friends}","0","""default""","""none""","0"
"{citizen 9}","{citizen 15}","[128 0 127 100]","""""","9.9","false","{breed social-friends}","0","""default""","""none""","0"
"{citizen 9}","{citizen 16}","[128 0 127 100]","""""","9.9","false","{breed social-friends}","0","""default""","""none""","0"
"{citizen 9}","{citizen 17}","[128 0 127 100]","""""","9.9","false","{breed social-friends}","0","""default""","""none""","0"
"{citizen 9}","{citizen 18}","[128 0 127 100]","""""","9.9","false","{breed social-friends}","0","""default""","""none""","0"
"{citizen 9}","{citizen 19}","[128 0 127 100]","""""","9.9","false","{breed social-friends}","0","""default""","""none""","0"
"{citizen 9}","{citizen 20}","[128 0 127 100]","""""","9.9","false","{breed social-friends}","0","""default""","""none""","0"
"{citizen 9}","{citizen 21}","[128 0 127 100]","""""","9.9","false","{breed social-friends}","0","""default""","""none""","0"
"{citizen 9}","{citizen 22}","[128 0 127 100]","""""","9.9","false","{breed social-friends}","0","""default""","""none""","0"
"{citizen 9}","{citizen 23}","[128 0 127 100]","""""","9.9","false","{breed social-friends}","0","""default""","""none""","0"
"{citizen 9}","{citizen 24}","[128 0 127 100]","""""","9.9","false","{breed social-friends}","0","""default""","""none""","0"
"{citizen 9}","{citizen 25}","[128 0 127 100]","""""","9.9","false","{breed social-friends}","0","""default""","""none""","0"
"{citizen 9}","{citizen 26}","[128 0 127 100]","""""","9.9","false","{breed social-friends}","0","""default""","""none""","0"
"{citizen 9}","{citizen 27}","[128 0 127 100]","""""","9.9","false","{breed social-friends}","0","""default""","""none""","0"
"{citizen 9}","{citizen 28}","[128 0 127 100]","""""","9.9","false","{breed social-friends}","0","""default""","""none""","0"
"{citizen 9}","{citizen 29}","[128 0 127 100]","""""","9.9","false","{breed social-friends}","0","""default""","""none""","0"
"{citizen 9}","{citizen 30}","[128 0 127 100]","""""","9.9","false","{breed social-friends}","0","""default""","""none""","0"
"{citizen 9}","{citizen 31}","[128 0 127 100]","""""","9.9","false","{breed social-friends}","0","""default""","""none""","0"
"{citizen 9}","{citizen 32}","[128 0 127 100]","""""","9.9","false","{breed social-friends}","0","""default""","""none""","0"
"{citizen 9}","{citizen 33}","[128 0 127 100]","""""","9.9","false","{breed social-friends}","0","""default""","""none""","0"
"{citizen 9}","{citizen 34}","[128 0 127 100]","""""","9.9","false","{breed social-friends}","0","""default""","""none""","0"
"{citizen 9}","{citizen 35}","[128 0 127 100]","""""","9.9","false","{breed social-friends}","0","""default""","""none""","0"
"{citizen 9}","{citizen 36}","[128 0 127 100]","""""","9.9","false","{breed social-friends}","0","""default""","""none""","0"
"{citizen 9}","{citizen 37}","[128 0 127 100]","""""","9.9","false","{breed social-friends}","0","""default""","""none""","0"
"{citizen 9}","{citizen 38}","[128 0 127 100]","""""","9.9","false","{breed social-friends}","0","""default""","""none""","0"
"{citizen 9}","{citizen 39}","[128 0 127 100]","""""","9.9","false","{breed social-friends}","0","""default""","""none""","0"
"{citizen 9}","{citizen 40}","[128 0 127 100]","""""","9.9","false","{breed social-friends}","0","""default""","""none""","0"
"{citizen 9}","{citizen 41}","[128 0 127 100]","""""","9.9","false","{breed social-friends}","0","""default""","""none""","0"
"{citizen 9}","{citizen 42}","[128 0 127 100]","""""","9.9","false","{breed social-friends}","0","""default""","""none""","0"
"{citizen 9}","{citizen 43}","[128 0 127 100]","""""","9.9","false","{breed social-friends}","0","""default""","""none""","0"
"{citizen 9}","{citizen 44}","[128 0 127 100]","""""","9.9","false","{breed social-friends}","0","""default""","""none""","0"
"{citizen 9}","{citizen 45}","[128 0 127 100]","""""","9.9","false","{breed social-friends}","0","""default""","""none""","0"
"{citizen 9}","{citizen 46}","[128 0 127 100]","""""","9.9","false","{breed social-friends}","0","""default""","""none""","0"
"{citizen 9}","{citizen 47}","[128 0 127 100]","""""","9.9","false","{breed social-friends}","0","""default""","""none""","0"
"{citizen 9}","{citizen 48}","[128 0 127 100]","""""","9.9","false","{breed social-friends}","0","""default""","""none""","0"
"{citizen 9}","{citizen 49}","[128 0 127 100]","""""","9.9","false","{breed social-friends}","0","""default""","""none""","0"
"{citizen 10}","{citizen 0}","[128 0 127 100]","""""","9.9","false","{breed social-friends}","0","""default""","""none""","0"
"{citizen 10}","{citizen 1}","[128 0 127 100]","""""","9.9","false","{breed social-friends}","0","""default""","""none""","0"
"{citizen 10}","{citizen 2}","[128 0 127 100]","""""","9.9","false","{breed social-friends}","0","""default""","""none""","0"
"{citizen 10}","{citizen 3}","[128 0 127 100]","""""","9.9","false","{breed social-friends}","0","""default""","""none""","0"
"{citizen 10}","{citizen 4}","[128 0 127 100]","""""","9.9","false","{breed social-friends}","0","""default""","""none""","0"
"{citizen 10}","{citizen 5}","[128 0 127 100]","""""","9.9","false","{breed social-friends}","0","""default""","""none""","0"
"{citizen 10}","{citizen 6}","[128 0 127 100]","""""","9.9","false","{breed social-friends}","0","""default""","""none""","0"
"{citizen 10}","{citizen 7}","[128 0 127 100]","""""","9.9","false","{breed social-friends}","0","""default""","""none""","0"
"{citizen 10}","{citizen 8}","[128 0 127 100]","""""","9.9","false","{breed social-friends}","0","""default""","""none""","0"
"{citizen 10}","{citizen 9}","[128 0 127 100]","""""","9.9","false","{breed social-friends}","0","""default""","""none""","0"
"{citizen 10}","{citizen 11}","[128 0 127 100]","""""","9.9","false","{breed social-friends}","0","""default""","""none""","0"
"{citizen 10}","{citizen 12}","[128 0 127 100]","""""","9.9","false","{breed social-friends}","0","""default""","""none""","0"
"{citizen 10}","{citizen 13}","[128 0 127 100]","""""","9.9","false","{breed social-friends}","0","""default""","""none""","0"
"{citizen 10}","{citizen 14}","[128 0 127 100]","""""","9.9","false","{breed social-friends}","0","""default""","""none""","0"
"{citizen 10}","{citizen 15}","[128 0 127 100]","""""","9.9","false","{breed social-friends}","0","""default""","""none""","0"
"{citizen 10}","{citizen 16}","[128 0 127 100]","""""","9.9","false","{breed social-friends}","0","""default""","""none""","0"
"{citizen 10}","{citizen 17}","[128 0 127 100]","""""","9.9","false","{breed social-friends}","0","""default""","""none""","0"
"{citizen 10}","{citizen 18}","[128 0 127 100]","""""","9.9","false","{breed social-friends}","0","""default""","""none""","0"
"{citizen 10}","{citizen 19}","[128 0 127 100]","""""","9.9","false","{breed social-friends}","0","""default""","""none""","0"
"{citizen 10}","{citizen 20}","[128 0 127 100]","""""","9.9","false","{breed social-friends}","0","""default""","""none""","0"
"{citizen 10}","{citizen 21}","[128 0 127 100]","""""","9.9","false","{breed social-friends}","0","""default""","""none""","0"
"{citizen 10}","{citizen 22}","[128 0 127 100]","""""","9.9","false","{breed social-friends}","0","""default""","""none""","0"
"{citizen 10}","{citizen 23}","[128 0 127 100]","""""","9.9","false","{breed social-friends}","0","""default""","""none""","0"
"{citizen 10}","{citizen 24}","[128 0 127 100]","""""","9.9","false","{breed social-friends}","0","""default""","""none""","0"
"{citizen 10}","{citizen 25}","[128 0 127 100]","""""","9.9","false","{breed social-friends}","0","""default""","""none""","0"
"{citizen 10}","{citizen 26}","[128 0 127 100]","""""","9.9","false","{breed social-friends}","0","""default""","""none""","0"
"{citizen 10}","{citizen 27}","[128 0 127 100]","""""","9.9","false","{breed social-friends}","0","""default""","""none""","0"
"{citizen 10}","{citizen 28}","[128 0 127 100]","""""","9.9","false","{breed social-friends}","0","""default""","""none""","0"
"{citizen 10}","{citizen 29}","[128 0 127 100]","""""","9.9","false","{breed social-friends}","0","""default""","""none""","0"
"{citizen 10}","{citizen 30}","[128 0 127 100]","""""","9.9","false","{breed social-friends}","0","""default""","""none""","0"
"{citizen 10}","{citizen 31}","[128 0 127 100]","""""","9.9","false","{breed social-friends}","0","""default""","""none""","0"
"{citizen 10}","{citizen 32}","[128 0 127 100]","""""","9.9","false","{breed social-friends}","0","""default""","""none""","0"
"{citizen 10}","{citizen 33}","[128 0 127 100]","""""","9.9","false","{breed social-friends}","0","""default""","""none""","0"
"{citizen 10}","{citizen 34}","[128 0 127 100]","""""","9.9","false","{breed social-friends}","0","""default""","""none""","0"
"{citizen 10}","{citizen 35}","[128 0 127 100]","""""","9.9","false","{breed social-friends}","0","""default""","""none""","0"
"{citizen 10}","{citizen 36}","[128 0 127 100]","""""","9.9","false","{breed social-friends}","0","""default""","""none""","0"
"{citizen 10}","{citizen 37}","[128 0 127 100]","""""","9.9","false","{breed social-friends}","0","""default""","""none""","0"
"{citizen 10}","{citizen 38}","[128 0 127 100]","""""","9.9","false","{breed social-friends}","0","""default""","""none""","0"
"{citizen 10}","{citizen 39}","[128 0 127 100]","""""","9.9","false","{breed social-friends}","0","""default""","""none""","0"
"{citizen 10}","{citizen 40}","[128 0 127 100]","""""","9.9","false","{breed social-friends}","0","""default""","""none""","0"
"{citizen 10}","{citizen 41}","[128 0 127 100]","""""","9.9","false","{breed social-friends}","0","""default""","""none""","0"
"{citizen 10}","{citizen 42}","[128 0 127 100]","""""","9.9","false","{breed social-friends}","0","""default""","""none""","0"
"{citizen 10}","{citizen 43}","[128 0 127 100]","""""","9.9","false","{breed social-friends}","0","""default""","""none""","0"
"{citizen 10}","{citizen 44}","[128 0 127 100]","""""","9.9","false","{breed social-friends}","0","""default""","""none""","0"
"{citizen 10}","{citizen 45}","[128 0 127 100]","""""","9.9","false","{breed social-friends}","0","""default""","""none""","0"
"{citizen 10}","{citizen 46}","[128 0 127 100]","""""","9.9","false","{breed social-friends}","0","""default""","""none""","0"
"{citizen 10}","{citizen 47}","[128 0 127 100]","""""","9.9","false","{breed social-friends}","0","""default""","""none""","0"
"{citizen 10}","{citizen 48}","[128 0 127 100]","""""","9.9","false","{breed social-friends}","0","""default""","""none""","0"
"{citizen 10}","{citizen 49}","[128 0 127 100]","""""","9.9","false","{breed social-friends}","0","""default""","""none""","0"
"{citizen 11}","{citizen 0}","[128 0 127 100]","""""","9.9","false","{breed social-friends}","0","""default""","""none""","0"
"{citizen 11}","{citizen 1}","[128 0 127 100]","""""","9.9","false","{breed social-friends}","0","""default""","""none""","0"
"{citizen 11}","{citizen 2}","[128 0 127 100]","""""","9.9","false","{breed social-friends}","0","""default""","""none""","0"
"{citizen 11}","{citizen 3}","[128 0 127 100]","""""","9.9","false","{breed social-friends}","0","""default""","""none""","0"
"{citizen 11}","{citizen 4}","[128 0 127 100]","""""","9.9","false","{breed social-friends}","0","""default""","""none""","0"
"{citizen 11}","{citizen 5}","[128 0 127 100]","""""","9.9","false","{breed social-friends}","0","""default""","""none""","0"
"{citizen 11}","{citizen 6}","[128 0 127 100]","""""","9.9","false","{breed social-friends}","0","""default""","""none""","0"
"{citizen 11}","{citizen 7}","[128 0 127 100]","""""","9.9","false","{breed social-friends}","0","""default""","""none""","0"
"{citizen 11}","{citizen 8}","[128 0 127 100]","""""","9.9","false","{breed social-friends}","0","""default""","""none""","0"
"{citizen 11}","{citizen 9}","[128 0 127 100]","""""","9.9","false","{breed social-friends}","0","""default""","""none""","0"
"{citizen 11}","{citizen 10}","[128 0 127 100]","""""","9.9","false","{breed social-friends}","0","""default""","""none""","0"
"{citizen 11}","{citizen 12}","[128 0 127 100]","""""","9.9","false","{breed social-friends}","0","""default""","""none""","0"
"{citizen 11}","{citizen 13}","[128 0 127 100]","""""","9.9","false","{breed social-friends}","0","""default""","""none""","0"
"{citizen 11}","{citizen 14}","[128 0 127 100]","""""","9.9","false","{breed social-friends}","0","""default""","""none""","0"
"{citizen 11}","{citizen 15}","[128 0 127 100]","""""","9.9","false","{breed social-friends}","0","""default""","""none""","0"
"{citizen 11}","{citizen 16}","[128 0 127 100]","""""","9.9","false","{breed social-friends}","0","""default""","""none""","0"
"{citizen 11}","{citizen 17}","[128 0 127 100]","""""","9.9","false","{breed social-friends}","0","""default""","""none""","0"
"{citizen 11}","{citizen 18}","[128 0 127 100]","""""","9.9","false","{breed social-friends}","0","""default""","""none""","0"
"{citizen 11}","{citizen 19}","[128 0 127 100]","""""","9.9","false","{breed social-friends}","0","""default""","""none""","0"
"{citizen 11}","{citizen 20}","[128 0 127 100]","""""","9.9","false","{breed social-friends}","0","""default""","""none""","0"
"{citizen 11}","{citizen 21}","[128 0 127 100]","""""","9.9","false","{breed social-friends}","0","""default""","""none""","0"
"{citizen 11}","{citizen 22}","[128 0 127 100]","""""","9.9","false","{breed social-friends}","0","""default""","""none""","0"
"{citizen 11}","{citizen 23}","[128 0 127 100]","""""","9.9","false","{breed social-friends}","0","""default""","""none""","0"
"{citizen 11}","{citizen 24}","[128 0 127 100]","""""","9.9","false","{breed social-friends}","0","""default""","""none""","0"
"{citizen 11}","{citizen 25}","[128 0 127 100]","""""","9.9","false","{breed social-friends}","0","""default""","""none""","0"
"{citizen 11}","{citizen 26}","[128 0 127 100]","""""","9.9","false","{breed social-friends}","0","""default""","""none""","0"
"{citizen 11}","{citizen 27}","[128 0 127 100]","""""","9.9","false","{breed social-friends}","0","""default""","""none""","0"
"{citizen 11}","{citizen 28}","[128 0 127 100]","""""","9.9","false","{breed social-friends}","0","""default""","""none""","0"
"{citizen 11}","{citizen 29}","[128 0 127 100]","""""","9.9","false","{breed social-friends}","0","""default""","""none""","0"
"{citizen 11}","{citizen 30}","[128 0 127 100]","""""","9.9","false","{breed social-friends}","0","""default""","""none""","0"
"{citizen 11}","{citizen 31}","[128 0 127 100]","""""","9.9","false","{breed social-friends}","0","""default""","""none""","0"
"{citizen 11}","{citizen 32}","[128 0 127 100]","""""","9.9","false","{breed social-friends}","0","""default""","""none""","0"
"{citizen 11}","{citizen 33}","[128 0 127 100]","""""","9.9","false","{breed social-friends}","0","""default""","""none""","0"
"{citizen 11}","{citizen 34}","[128 0 127 100]","""""","9.9","false","{breed social-friends}","0","""default""","""none""","0"
"{citizen 11}","{citizen 35}","[128 0 127 100]","""""","9.9","false","{breed social-friends}","0","""default""","""none""","0"
"{citizen 11}","{citizen 36}","[128 0 127 100]","""""","9.9","false","{breed social-friends}","0","""default""","""none""","0"
"{citizen 11}","{citizen 37}","[128 0 127 100]","""""","9.9","false","{breed social-friends}","0","""default""","""none""","0"
"{citizen 11}","{citizen 38}","[128 0 127 100]","""""","9.9","false","{breed social-friends}","0","""default""","""none""","0"
"{citizen 11}","{citizen 39}","[128 0 127 100]","""""","9.9","false","{breed social-friends}","0","""default""","""none""","0"
"{citizen 11}","{citizen 40}","[128 0 127 100]","""""","9.9","false","{breed social-friends}","0","""default""","""none""","0"
"{citizen 11}","{citizen 41}","[128 0 127 100]","""""","9.9","false","{breed social-friends}","0","""default""","""none""","0"
"{citizen 11}","{citizen 42}","[128 0 127 100]","""""","9.9","false","{breed social-friends}","0","""default""","""none""","0"
"{citizen 11}","{citizen 43}","[128 0 127 100]","""""","9.9","false","{breed social-friends}","0","""default""","""none""","0"
"{citizen 11}","{citizen 44}","[128 0 127 100]","""""","9.9","false","{breed social-friends}","0","""default""","""none""","0"
"{citizen 11}","{citizen 45}","[128 0 127 100]","""""","9.9","false","{breed social-friends}","0","""default""","""none""","0"
"{citizen 11}","{citizen 46}","[128 0 127 100]","""""","9.9","false","{breed social-friends}","0","""default""","""none""","0"
"{citizen 11}","{citizen 47}","[128 0 127 100]","""""","9.9","false","{breed social-friends}","0","""default""","""none""","0"
"{citizen 11}","{citizen 48}","[128 0 127 100]","""""","9.9","false","{breed social-friends}","0","""default""","""none""","0"
"{citizen 11}","{citizen 49}","[128 0 127 100]","""""","9.9","false","{breed social-friends}","0","""default""","""none""","0"
"{citizen 12}","{citizen 0}","[128 0 127 100]","""""","9.9","false","{breed social-friends}","0","""default""","""none""","0"
"{citizen 12}","{citizen 1}","[128 0 127 100]","""""","9.9","false","{breed social-friends}","0","""default""","""none""","0"
"{citizen 12}","{citizen 2}","[128 0 127 100]","""""","9.9","false","{breed social-friends}","0","""default""","""none""","0"
"{citizen 12}","{citizen 3}","[128 0 127 100]","""""","9.9","false","{breed social-friends}","0","""default""","""none""","0"
"{citizen 12}","{citizen 4}","[128 0 127 100]","""""","9.9","false","{breed social-friends}","0","""default""","""none""","0"
"{citizen 12}","{citizen 5}","[128 0 127 100]","""""","9.9","false","{breed social-friends}","0","""default""","""none""","0"
"{citizen 12}","{citizen 6}","[128 0 127 100]","""""","9.9","false","{breed social-friends}","0","""default""","""none""","0"
"{citizen 12}","{citizen 7}","[128 0 127 100]","""""","9.9","false","{breed social-friends}","0","""default""","""none""","0"
"{citizen 12}","{citizen 8}","[128 0 127 100]","""""","9.9","false","{breed social-friends}","0","""default""","""none""","0"
"{citizen 12}","{citizen 9}","[128 0 127 100]","""""","9.9","false","{breed social-friends}","0","""default""","""none""","0"
"{citizen 12}","{citizen 10}","[128 0 127 100]","""""","9.9","false","{breed social-friends}","0","""default""","""none""","0"
"{citizen 12}","{citizen 11}","[128 0 127 100]","""""","9.9","false","{breed social-friends}","0","""default""","""none""","0"
"{citizen 12}","{citizen 13}","[128 0 127 100]","""""","9.9","false","{breed social-friends}","0","""default""","""none""","0"
"{citizen 12}","{citizen 14}","[128 0 127 100]","""""","9.9","false","{breed social-friends}","0","""default""","""none""","0"
"{citizen 12}","{citizen 15}","[128 0 127 100]","""""","9.9","false","{breed social-friends}","0","""default""","""none""","0"
"{citizen 12}","{citizen 16}","[128 0 127 100]","""""","9.9","false","{breed social-friends}","0","""default""","""none""","0"
"{citizen 12}","{citizen 17}","[128 0 127 100]","""""","9.9","false","{breed social-friends}","0","""default""","""none""","0"
"{citizen 12}","{citizen 18}","[128 0 127 100]","""""","9.9","false","{breed social-friends}","0","""default""","""none""","0"
"{citizen 12}","{citizen 19}","[128 0 127 100]","""""","9.9","false","{breed social-friends}","0","""default""","""none""","0"
"{citizen 12}","{citizen 20}","[128 0 127 100]","""""","9.9","false","{breed social-friends}","0","""default""","""none""","0"
"{citizen 12}","{citizen 21}","[128 0 127 100]","""""","9.9","false","{breed social-friends}","0","""default""","""none""","0"
"{citizen 12}","{citizen 22}","[128 0 127 100]","""""","9.9","false","{breed social-friends}","0","""default""","""none""","0"
"{citizen 12}","{citizen 23}","[128 0 127 100]","""""","9.9","false","{breed social-friends}","0","""default""","""none""","0"
"{citizen 12}","{citizen 24}","[128 0 127 100]","""""","9.9","false","{breed social-friends}","0","""default""","""none""","0"
"{citizen 12}","{citizen 25}","[128 0 127 100]","""""","9.9","false","{breed social-friends}","0","""default""","""none""","0"
"{citizen 12}","{citizen 26}","[128 0 127 100]","""""","9.9","false","{breed social-friends}","0","""default""","""none""","0"
"{citizen 12}","{citizen 27}","[128 0 127 100]","""""","9.9","false","{breed social-friends}","0","""default""","""none""","0"
"{citizen 12}","{citizen 28}","[128 0 127 100]","""""","9.9","false","{breed social-friends}","0","""default""","""none""","0"
"{citizen 12}","{citizen 29}","[128 0 127 100]","""""","9.9","false","{breed social-friends}","0","""default""","""none""","0"
"{citizen 12}","{citizen 30}","[128 0 127 100]","""""","9.9","false","{breed social-friends}","0","""default""","""none""","0"
"{citizen 12}","{citizen 31}","[128 0 127 100]","""""","9.9","false","{breed social-friends}","0","""default""","""none""","0"
"{citizen 12}","{citizen 32}","[128 0 127 100]","""""","9.9","false","{breed social-friends}","0","""default""","""none""","0"
"{citizen 12}","{citizen 33}","[128 0 127 100]","""""","9.9","false","{breed social-friends}","0","""default""","""none""","0"
"{citizen 12}","{citizen 34}","[128 0 127 100]","""""","9.9","false","{breed social-friends}","0","""default""","""none""","0"
"{citizen 12}","{citizen 35}","[128 0 127 100]","""""","9.9","false","{breed social-friends}","0","""default""","""none""","0"
"{citizen 12}","{citizen 36}","[128 0 127 100]","""""","9.9","false","{breed social-friends}","0","""default""","""none""","0"
"{citizen 12}","{citizen 37}","[128 0 127 100]","""""","9.9","false","{breed social-friends}","0","""default""","""none""","0"
"{citizen 12}","{citizen 38}","[128 0 127 100]","""""","9.9","false","{breed social-friends}","0","""default""","""none""","0"
"{citizen 12}","{citizen 39}","[128 0 127 100]","""""","9.9","false","{breed social-friends}","0","""default""","""none""","0"
"{citizen 12}","{citizen 40}","[128 0 127 100]","""""","9.9","false","{breed social-friends}","0","""default""","""none""","0"
"{citizen 12}","{citizen 41}","[128 0 127 100]","""""","9.9","false","{breed social-friends}","0","""default""","""none""","0"
"{citizen 12}","{citizen 42}","[128 0 127 100]","""""","9.9","false","{breed social-friends}","0","""default""","""none""","0"
"{citizen 12}","{citizen 43}","[128 0 127 100]","""""","9.9","false","{breed social-friends}","0","""default""","""none""","0"
"{citizen 12}","{citizen 44}","[128 0 127 100]","""""","9.9","false","{breed social-friends}","0","""default""","""none""","0"
"{citizen 12}","{citizen 45}","[128 0 127 100]","""""","9.9","false","{breed social-friends}","0","""default""","""none""","0"
"{citizen 12}","{citizen 46}","[128 0 127 100]","""""","9.9","false","{breed social-friends}","0","""default""","""none""","0"
"{citizen 12}","{citizen 47}","[128 0 127 100]","""""","9.9","false","{breed social-friends}","0","""default""","""none""","0"
"{citizen 12}","{citizen 48}","[128 0 127 100]","""""","9.9","false","{breed social-friends}","0","""default""","""none""","0"
"{citizen 12}","{citizen 49}","[128 0 127 100]","""""","9.9","false","{breed social-friends}","0","""default""","""none""","0"
"{citizen 13}","{citizen 0}","[128 0 127 100]","""""","9.9","false","{breed social-friends}","0","""default""","""none""","0"
"{citizen 13}","{citizen 1}","[128 0 127 100]","""""","9.9","false","{breed social-friends}","0","""default""","""none""","0"
"{citizen 13}","{citizen 2}","[128 0 127 100]","""""","9.9","false","{breed social-friends}","0","""default""","""none""","0"
"{citizen 13}","{citizen 3}","[128 0 127 100]","""""","9.9","false","{breed social-friends}","0","""default""","""none""","0"
"{citizen 13}","{citizen 4}","[128 0 127 100]","""""","9.9","false","{breed social-friends}","0","""default""","""none""","0"
"{citizen 13}","{citizen 5}","[128 0 127 100]","""""","9.9","false","{breed social-friends}","0","""default""","""none""","0"
"{citizen 13}","{citizen 6}","[128 0 127 100]","""""","9.9","false","{breed social-friends}","0","""default""","""none""","0"
"{citizen 13}","{citizen 7}","[128 0 127 100]","""""","9.9","false","{breed social-friends}","0","""default""","""none""","0"
"{citizen 13}","{citizen 8}","[128 0 127 100]","""""","9.9","false","{breed social-friends}","0","""default""","""none""","0"
"{citizen 13}","{citizen 9}","[128 0 127 100]","""""","9.9","false","{breed social-friends}","0","""default""","""none""","0"
"{citizen 13}","{citizen 10}","[128 0 127 100]","""""","9.9","false","{breed social-friends}","0","""default""","""none""","0"
"{citizen 13}","{citizen 11}","[128 0 127 100]","""""","9.9","false","{breed social-friends}","0","""default""","""none""","0"
"{citizen 13}","{citizen 12}","[128 0 127 100]","""""","9.9","false","{breed social-friends}","0","""default""","""none""","0"
"{citizen 13}","{citizen 14}","[128 0 127 100]","""""","9.9","false","{breed social-friends}","0","""default""","""none""","0"
"{citizen 13}","{citizen 15}","[128 0 127 100]","""""","9.9","false","{breed social-friends}","0","""default""","""none""","0"
"{citizen 13}","{citizen 16}","[128 0 127 100]","""""","9.9","false","{breed social-friends}","0","""default""","""none""","0"
"{citizen 13}","{citizen 17}","[128 0 127 100]","""""","9.9","false","{breed social-friends}","0","""default""","""none""","0"
"{citizen 13}","{citizen 18}","[128 0 127 100]","""""","9.9","false","{breed social-friends}","0","""default""","""none""","0"
"{citizen 13}","{citizen 19}","[128 0 127 100]","""""","9.9","false","{breed social-friends}","0","""default""","""none""","0"
"{citizen 13}","{citizen 20}","[128 0 127 100]","""""","9.9","false","{breed social-friends}","0","""default""","""none""","0"
"{citizen 13}","{citizen 21}","[128 0 127 100]","""""","9.9","false","{breed social-friends}","0","""default""","""none""","0"
"{citizen 13}","{citizen 22}","[128 0 127 100]","""""","9.9","false","{breed social-friends}","0","""default""","""none""","0"
"{citizen 13}","{citizen 23}","[128 0 127 100]","""""","9.9","false","{breed social-friends}","0","""default""","""none""","0"
"{citizen 13}","{citizen 24}","[128 0 127 100]","""""","9.9","false","{breed social-friends}","0","""default""","""none""","0"
"{citizen 13}","{citizen 25}","[128 0 127 100]","""""","9.9","false","{breed social-friends}","0","""default""","""none""","0"
"{citizen 13}","{citizen 26}","[128 0 127 100]","""""","9.9","false","{breed social-friends}","0","""default""","""none""","0"
"{citizen 13}","{citizen 27}","[128 0 127 100]","""""","9.9","false","{breed social-friends}","0","""default""","""none""","0"
"{citizen 13}","{citizen 28}","[128 0 127 100]","""""","9.9","false","{breed social-friends}","0","""default""","""none""","0"
"{citizen 13}","{citizen 29}","[128 0 127 100]","""""","9.9","false","{breed social-friends}","0","""default""","""none""","0"
"{citizen 13}","{citizen 30}","[128 0 127 100]","""""","9.9","false","{breed social-friends}","0","""default""","""none""","0"
"{citizen 13}","{citizen 31}","[128 0 127 100]","""""","9.9","false","{breed social-friends}","0","""default""","""none""","0"
"{citizen 13}","{citizen 32}","[128 0 127 100]","""""","9.9","false","{breed social-friends}","0","""default""","""none""","0"
"{citizen 13}","{citizen 33}","[128 0 127 100]","""""","9.9","false","{breed social-friends}","0","""default""","""none""","0"
"{citizen 13}","{citizen 34}","[128 0 127 100]","""""","9.9","false","{breed social-friends}","0","""default""","""none""","0"
"{citizen 13}","{citizen 35}","[128 0 127 100]","""""","9.9","false","{breed social-friends}","0","""default""","""none""","0"
"{citizen 13}","{citizen 36}","[128 0 127 100]","""""","9.9","false","{breed social-friends}","0","""default""","""none""","0"
"{citizen 13}","{citizen 37}","[128 0 127 100]","""""","9.9","false","{breed social-friends}","0","""default""","""none""","0"
"{citizen 13}","{citizen 38}","[128 0 127 100]","""""","9.9","false","{breed social-friends}","0","""default""","""none""","0"
"{citizen 13}","{citizen 39}","[128 0 127 100]","""""","9.9","false","{breed social-friends}","0","""default""","""none""","0"
"{citizen 13}","{citizen 40}","[128 0 127 100]","""""","9.9","false","{breed social-friends}","0","""default""","""none""","0"
"{citizen 13}","{citizen 41}","[128 0 127 100]","""""","9.9","false","{breed social-friends}","0","""default""","""none""","0"
"{citizen 13}","{citizen 42}","[128 0 127 100]","""""","9.9","false","{breed social-friends}","0","""default""","""none""","0"
"{citizen 13}","{citizen 43}","[128 0 127 100]","""""","9.9","false","{breed social-friends}","0","""default""","""none""","0"
"{citizen 13}","{citizen 44}","[128 0 127 100]","""""","9.9","false","{breed social-friends}","0","""default""","""none""","0"
"{citizen 13}","{citizen 45}","[128 0 127 100]","""""","9.9","false","{breed social-friends}","0","""default""","""none""","0"
"{citizen 13}","{citizen 46}","[128 0 127 100]","""""","9.9","false","{breed social-friends}","0","""default""","""none""","0"
"{citizen 13}","{citizen 47}","[128 0 127 100]","""""","9.9","false","{breed social-friends}","0","""default""","""none""","0"
"{citizen 13}","{citizen 48}","[128 0 127 100]","""""","9.9","false","{breed social-friends}","0","""default""","""none""","0"
"{citizen 13}","{citizen 49}","[128 0 127 100]","""""","9.9","false","{breed social-friends}","0","""default""","""none""","0"
"{citizen 14}","{citizen 0}","[128 0 127 100]","""""","9.9","false","{breed social-friends}","0","""default""","""none""","0"
"{citizen 14}","{citizen 1}","[128 0 127 100]","""""","9.9","false","{breed social-friends}","0","""default""","""none""","0"
"{citizen 14}","{citizen 2}","[128 0 127 100]","""""","9.9","false","{breed social-friends}","0","""default""","""none""","0"
"{citizen 14}","{citizen 3}","[128 0 127 100]","""""","9.9","false","{breed social-friends}","0","""default""","""none""","0"
"{citizen 14}","{citizen 4}","[128 0 127 100]","""""","9.9","false","{breed social-friends}","0","""default""","""none""","0"
"{citizen 14}","{citizen 5}","[128 0 127 100]","""""","9.9","false","{breed social-friends}","0","""default""","""none""","0"
"{citizen 14}","{citizen 6}","[128 0 127 100]","""""","9.9","false","{breed social-friends}","0","""default""","""none""","0"
"{citizen 14}","{citizen 7}","[128 0 127 100]","""""","9.9","false","{breed social-friends}","0","""default""","""none""","0"
"{citizen 14}","{citizen 8}","[128 0 127 100]","""""","9.9","false","{breed social-friends}","0","""default""","""none""","0"
"{citizen 14}","{citizen 9}","[128 0 127 100]","""""","9.9","false","{breed social-friends}","0","""default""","""none""","0"
"{citizen 14}","{citizen 10}","[128 0 127 100]","""""","9.9","false","{breed social-friends}","0","""default""","""none""","0"
"{citizen 14}","{citizen 11}","[128 0 127 100]","""""","9.9","false","{breed social-friends}","0","""default""","""none""","0"
"{citizen 14}","{citizen 12}","[128 0 127 100]","""""","9.9","false","{breed social-friends}","0","""default""","""none""","0"
"{citizen 14}","{citizen 13}","[128 0 127 100]","""""","9.9","false","{breed social-friends}","0","""default""","""none""","0"
"{citizen 14}","{citizen 15}","[128 0 127 100]","""""","9.9","false","{breed social-friends}","0","""default""","""none""","0"
"{citizen 14}","{citizen 16}","[128 0 127 100]","""""","9.9","false","{breed social-friends}","0","""default""","""none""","0"
"{citizen 14}","{citizen 17}","[128 0 127 100]","""""","9.9","false","{breed social-friends}","0","""default""","""none""","0"
"{citizen 14}","{citizen 18}","[128 0 127 100]","""""","9.9","false","{breed social-friends}","0","""default""","""none""","0"
"{citizen 14}","{citizen 19}","[128 0 127 100]","""""","9.9","false","{breed social-friends}","0","""default""","""none""","0"
"{citizen 14}","{citizen 20}","[128 0 127 100]","""""","9.9","false","{breed social-friends}","0","""default""","""none""","0"
"{citizen 14}","{citizen 21}","[128 0 127 100]","""""","9.9","false","{breed social-friends}","0","""default""","""none""","0"
"{citizen 14}","{citizen 22}","[128 0 127 100]","""""","9.9","false","{breed social-friends}","0","""default""","""none""","0"
"{citizen 14}","{citizen 23}","[128 0 127 100]","""""","9.9","false","{breed social-friends}","0","""default""","""none""","0"
"{citizen 14}","{citizen 24}","[128 0 127 100]","""""","9.9","false","{breed social-friends}","0","""default""","""none""","0"
"{citizen 14}","{citizen 25}","[128 0 127 100]","""""","9.9","false","{breed social-friends}","0","""default""","""none""","0"
"{citizen 14}","{citizen 26}","[128 0 127 100]","""""","9.9","false","{breed social-friends}","0","""default""","""none""","0"
"{citizen 14}","{citizen 27}","[128 0 127 100]","""""","9.9","false","{breed social-friends}","0","""default""","""none""","0"
"{citizen 14}","{citizen 28}","[128 0 127 100]","""""","9.9","false","{breed social-friends}","0","""default""","""none""","0"
"{citizen 14}","{citizen 29}","[128 0 127 100]","""""","9.9","false","{breed social-friends}","0","""default""","""none""","0"
"{citizen 14}","{citizen 30}","[128 0 127 100]","""""","9.9","false","{breed social-friends}","0","""default""","""none""","0"
"{citizen 14}","{citizen 31}","[128 0 127 100]","""""","9.9","false","{breed social-friends}","0","""default""","""none""","0"
"{citizen 14}","{citizen 32}","[128 0 127 100]","""""","9.9","false","{breed social-friends}","0","""default""","""none""","0"
"{citizen 14}","{citizen 33}","[128 0 127 100]","""""","9.9","false","{breed social-friends}","0","""default""","""none""","0"
"{citizen 14}","{citizen 34}","[128 0 127 100]","""""","9.9","false","{breed social-friends}","0","""default""","""none""","0"
"{citizen 14}","{citizen 35}","[128 0 127 100]","""""","9.9","false","{breed social-friends}","0","""default""","""none""","0"
"{citizen 14}","{citizen 36}","[128 0 127 100]","""""","9.9","false","{breed social-friends}","0","""default""","""none""","0"
"{citizen 14}","{citizen 37}","[128 0 127 100]","""""","9.9","false","{breed social-friends}","0","""default""","""none""","0"
"{citizen 14}","{citizen 38}","[128 0 127 100]","""""","9.9","false","{breed social-friends}","0","""default""","""none""","0"
"{citizen 14}","{citizen 39}","[128 0 127 100]","""""","9.9","false","{breed social-friends}","0","""default""","""none""","0"
"{citizen 14}","{citizen 40}","[128 0 127 100]","""""","9.9","false","{breed social-friends}","0","""default""","""none""","0"
"{citizen 14}","{citizen 41}","[128 0 127 100]","""""","9.9","false","{breed social-friends}","0","""default""","""none""","0"
"{citizen 14}","{citizen 42}","[128 0 127 100]","""""","9.9","false","{breed social-friends}","0","""default""","""none""","0"
"{citizen 14}","{citizen 43}","[128 0 127 100]","""""","9.9","false","{breed social-friends}","0","""default""","""none""","0"
"{citizen 14}","{citizen 44}","[128 0 127 100]","""""","9.9","false","{breed social-friends}","0","""default""","""none""","0"
"{citizen 14}","{citizen 45}","[128 0 127 100]","""""","9.9","false","{breed social-friends}","0","""default""","""none""","0"
"{citizen 14}","{citizen 46}","[128 0 127 100]","""""","9.9","false","{breed social-friends}","0","""default""","""none""","0"
"{citizen 14}","{citizen 47}","[128 0 127 100]","""""","9.9","false","{breed social-friends}","0","""default""","""none""","0"
"{citizen 14}","{citizen 48}","[128 0 127 100]","""""","9.9","false","{breed social-friends}","0","""default""","""none""","0"
"{citizen 14}","{citizen 49}","[128 0 127 100]","""""","9.9","false","{breed social-friends}","0","""default""","""none""","0"
"{citizen 15}","{citizen 0}","[128 0 127 100]","""""","9.9","false","{breed social-friends}","0","""default""","""none""","0"
"{citizen 15}","{citizen 1}","[128 0 127 100]","""""","9.9","false","{breed social-friends}","0","""default""","""none""","0"
"{citizen 15}","{citizen 2}","[128 0 127 100]","""""","9.9","false","{breed social-friends}","0","""default""","""none""","0"
"{citizen 15}","{citizen 3}","[128 0 127 100]","""""","9.9","false","{breed social-friends}","0","""default""","""none""","0"
"{citizen 15}","{citizen 4}","[128 0 127 100]","""""","9.9","false","{breed social-friends}","0","""default""","""none""","0"
"{citizen 15}","{citizen 5}","[128 0 127 100]","""""","9.9","false","{breed social-friends}","0","""default""","""none""","0"
"{citizen 15}","{citizen 6}","[128 0 127 100]","""""","9.9","false","{breed social-friends}","0","""default""","""none""","0"
"{citizen 15}","{citizen 7}","[128 0 127 100]","""""","9.9","false","{breed social-friends}","0","""default""","""none""","0"
"{citizen 15}","{citizen 8}","[128 0 127 100]","""""","9.9","false","{breed social-friends}","0","""default""","""none""","0"
"{citizen 15}","{citizen 9}","[128 0 127 100]","""""","9.9","false","{breed social-friends}","0","""default""","""none""","0"
"{citizen 15}","{citizen 10}","[128 0 127 100]","""""","9.9","false","{breed social-friends}","0","""default""","""none""","0"
"{citizen 15}","{citizen 11}","[128 0 127 100]","""""","9.9","false","{breed social-friends}","0","""default""","""none""","0"
"{citizen 15}","{citizen 12}","[128 0 127 100]","""""","9.9","false","{breed social-friends}","0","""default""","""none""","0"
"{citizen 15}","{citizen 13}","[128 0 127 100]","""""","9.9","false","{breed social-friends}","0","""default""","""none""","0"
"{citizen 15}","{citizen 14}","[128 0 127 100]","""""","9.9","false","{breed social-friends}","0","""default""","""none""","0"
"{citizen 15}","{citizen 16}","[128 0 127 100]","""""","9.9","false","{breed social-friends}","0","""default""","""none""","0"
"{citizen 15}","{citizen 17}","[128 0 127 100]","""""","9.9","false","{breed social-friends}","0","""default""","""none""","0"
"{citizen 15}","{citizen 18}","[128 0 127 100]","""""","9.9","false","{breed social-friends}","0","""default""","""none""","0"
"{citizen 15}","{citizen 19}","[128 0 127 100]","""""","9.9","false","{breed social-friends}","0","""default""","""none""","0"
"{citizen 15}","{citizen 20}","[128 0 127 100]","""""","9.9","false","{breed social-friends}","0","""default""","""none""","0"
"{citizen 15}","{citizen 21}","[128 0 127 100]","""""","9.9","false","{breed social-friends}","0","""default""","""none""","0"
"{citizen 15}","{citizen 22}","[128 0 127 100]","""""","9.9","false","{breed social-friends}","0","""default""","""none""","0"
"{citizen 15}","{citizen 23}","[128 0 127 100]","""""","9.9","false","{breed social-friends}","0","""default""","""none""","0"
"{citizen 15}","{citizen 24}","[128 0 127 100]","""""","9.9","false","{breed social-friends}","0","""default""","""none""","0"
"{citizen 15}","{citizen 25}","[128 0 127 100]","""""","9.9","false","{breed social-friends}","0","""default""","""none""","0"
"{citizen 15}","{citizen 26}","[128 0 127 100]","""""","9.9","false","{breed social-friends}","0","""default""","""none""","0"
"{citizen 15}","{citizen 27}","[128 0 127 100]","""""","9.9","false","{breed social-friends}","0","""default""","""none""","0"
"{citizen 15}","{citizen 28}","[128 0 127 100]","""""","9.9","false","{breed social-friends}","0","""default""","""none""","0"
"{citizen 15}","{citizen 29}","[128 0 127 100]","""""","9.9","false","{breed social-friends}","0","""default""","""none""","0"
"{citizen 15}","{citizen 30}","[128 0 127 100]","""""","9.9","false","{breed social-friends}","0","""default""","""none""","0"
"{citizen 15}","{citizen 31}","[128 0 127 100]","""""","9.9","false","{breed social-friends}","0","""default""","""none""","0"
"{citizen 15}","{citizen 32}","[128 0 127 100]","""""","9.9","false","{breed social-friends}","0","""default""","""none""","0"
"{citizen 15}","{citizen 33}","[128 0 127 100]","""""","9.9","false","{breed social-friends}","0","""default""","""none""","0"
"{citizen 15}","{citizen 34}","[128 0 127 100]","""""","9.9","false","{breed social-friends}","0","""default""","""none""","0"
"{citizen 15}","{citizen 35}","[128 0 127 100]","""""","9.9","false","{breed social-friends}","0","""default""","""none""","0"
"{citizen 15}","{citizen 36}","[128 0 127 100]","""""","9.9","false","{breed social-friends}","0","""default""","""none""","0"
"{citizen 15}","{citizen 37}","[128 0 127 100]","""""","9.9","false","{breed social-friends}","0","""default""","""none""","0"
"{citizen 15}","{citizen 38}","[128 0 127 100]","""""","9.9","false","{breed social-friends}","0","""default""","""none""","0"
"{citizen 15}","{citizen 39}","[128 0 127 100]","""""","9.9","false","{breed social-friends}","0","""default""","""none""","0"
"{citizen 15}","{citizen 40}","[128 0 127 100]","""""","9.9","false","{breed social-friends}","0","""default""","""none""","0"
"{citizen 15}","{citizen 41}","[128 0 127 100]","""""","9.9","false","{breed social-friends}","0","""default""","""none""","0"
"{citizen 15}","{citizen 42}","[128 0 127 100]","""""","9.9","false","{breed social-friends}","0","""default""","""none""","0"
"{citizen 15}","{citizen 43}","[128 0 127 100]","""""","9.9","false","{breed social-friends}","0","""default""","""none""","0"
"{citizen 15}","{citizen 44}","[128 0 127 100]","""""","9.9","false","{breed social-friends}","0","""default""","""none""","0"
"{citizen 15}","{citizen 45}","[128 0 127 100]","""""","9.9","false","{breed social-friends}","0","""default""","""none""","0"
"{citizen 15}","{citizen 46}","[128 0 127 100]","""""","9.9","false","{breed social-friends}","0","""default""","""none""","0"
"{citizen 15}","{citizen 47}","[128 0 127 100]","""""","9.9","false","{breed social-friends}","0","""default""","""none""","0"
"{citizen 15}","{citizen 48}","[128 0 127 100]","""""","9.9","false","{breed social-friends}","0","""default""","""none""","0"
"{citizen 15}","{citizen 49}","[128 0 127 100]","""""","9.9","false","{breed social-friends}","0","""default""","""none""","0"
"{citizen 16}","{citizen 0}","[128 0 127 100]","""""","9.9","false","{breed social-friends}","0","""default""","""none""","0"
"{citizen 16}","{citizen 1}","[128 0 127 100]","""""","9.9","false","{breed social-friends}","0","""default""","""none""","0"
"{citizen 16}","{citizen 2}","[128 0 127 100]","""""","9.9","false","{breed social-friends}","0","""default""","""none""","0"
"{citizen 16}","{citizen 3}","[128 0 127 100]","""""","9.9","false","{breed social-friends}","0","""default""","""none""","0"
"{citizen 16}","{citizen 4}","[128 0 127 100]","""""","9.9","false","{breed social-friends}","0","""default""","""none""","0"
"{citizen 16}","{citizen 5}","[128 0 127 100]","""""","9.9","false","{breed social-friends}","0","""default""","""none""","0"
"{citizen 16}","{citizen 6}","[128 0 127 100]","""""","9.9","false","{breed social-friends}","0","""default""","""none""","0"
"{citizen 16}","{citizen 7}","[128 0 127 100]","""""","9.9","false","{breed social-friends}","0","""default""","""none""","0"
"{citizen 16}","{citizen 8}","[128 0 127 100]","""""","9.9","false","{breed social-friends}","0","""default""","""none""","0"
"{citizen 16}","{citizen 9}","[128 0 127 100]","""""","9.9","false","{breed social-friends}","0","""default""","""none""","0"
"{citizen 16}","{citizen 10}","[128 0 127 100]","""""","9.9","false","{breed social-friends}","0","""default""","""none""","0"
"{citizen 16}","{citizen 11}","[128 0 127 100]","""""","9.9","false","{breed social-friends}","0","""default""","""none""","0"
"{citizen 16}","{citizen 12}","[128 0 127 100]","""""","9.9","false","{breed social-friends}","0","""default""","""none""","0"
"{citizen 16}","{citizen 13}","[128 0 127 100]","""""","9.9","false","{breed social-friends}","0","""default""","""none""","0"
"{citizen 16}","{citizen 14}","[128 0 127 100]","""""","9.9","false","{breed social-friends}","0","""default""","""none""","0"
"{citizen 16}","{citizen 15}","[128 0 127 100]","""""","9.9","false","{breed social-friends}","0","""default""","""none""","0"
"{citizen 16}","{citizen 17}","[128 0 127 100]","""""","9.9","false","{breed social-friends}","0","""default""","""none""","0"
"{citizen 16}","{citizen 18}","[128 0 127 100]","""""","9.9","false","{breed social-friends}","0","""default""","""none""","0"
"{citizen 16}","{citizen 19}","[128 0 127 100]","""""","9.9","false","{breed social-friends}","0","""default""","""none""","0"
"{citizen 16}","{citizen 20}","[128 0 127 100]","""""","9.9","false","{breed social-friends}","0","""default""","""none""","0"
"{citizen 16}","{citizen 21}","[128 0 127 100]","""""","9.9","false","{breed social-friends}","0","""default""","""none""","0"
"{citizen 16}","{citizen 22}","[128 0 127 100]","""""","9.9","false","{breed social-friends}","0","""default""","""none""","0"
"{citizen 16}","{citizen 23}","[128 0 127 100]","""""","9.9","false","{breed social-friends}","0","""default""","""none""","0"
"{citizen 16}","{citizen 24}","[128 0 127 100]","""""","9.9","false","{breed social-friends}","0","""default""","""none""","0"
"{citizen 16}","{citizen 25}","[128 0 127 100]","""""","9.9","false","{breed social-friends}","0","""default""","""none""","0"
"{citizen 16}","{citizen 26}","[128 0 127 100]","""""","9.9","false","{breed social-friends}","0","""default""","""none""","0"
"{citizen 16}","{citizen 27}","[128 0 127 100]","""""","9.9","false","{breed social-friends}","0","""default""","""none""","0"
"{citizen 16}","{citizen 28}","[128 0 127 100]","""""","9.9","false","{breed social-friends}","0","""default""","""none""","0"
"{citizen 16}","{citizen 29}","[128 0 127 100]","""""","9.9","false","{breed social-friends}","0","""default""","""none""","0"
"{citizen 16}","{citizen 30}","[128 0 127 100]","""""","9.9","false","{breed social-friends}","0","""default""","""none""","0"
"{citizen 16}","{citizen 31}","[128 0 127 100]","""""","9.9","false","{breed social-friends}","0","""default""","""none""","0"
"{citizen 16}","{citizen 32}","[128 0 127 100]","""""","9.9","false","{breed social-friends}","0","""default""","""none""","0"
"{citizen 16}","{citizen 33}","[128 0 127 100]","""""","9.9","false","{breed social-friends}","0","""default""","""none""","0"
"{citizen 16}","{citizen 34}","[128 0 127 100]","""""","9.9","false","{breed social-friends}","0","""default""","""none""","0"
"{citizen 16}","{citizen 35}","[128 0 127 100]","""""","9.9","false","{breed social-friends}","0","""default""","""none""","0"
"{citizen 16}","{citizen 36}","[128 0 127 100]","""""","9.9","false","{breed social-friends}","0","""default""","""none""","0"
"{citizen 16}","{citizen 37}","[128 0 127 100]","""""","9.9","false","{breed social-friends}","0","""default""","""none""","0"
"{citizen 16}","{citizen 38}","[128 0 127 100]","""""","9.9","false","{breed social-friends}","0","""default""","""none""","0"
"{citizen 16}","{citizen 39}","[128 0 127 100]","""""","9.9","false","{breed social-friends}","0","""default""","""none""","0"
"{citizen 16}","{citizen 40}","[128 0 127 100]","""""","9.9","false","{breed social-friends}","0","""default""","""none""","0"
"{citizen 16}","{citizen 41}","[128 0 127 100]","""""","9.9","false","{breed social-friends}","0","""default""","""none""","0"
"{citizen 16}","{citizen 42}","[128 0 127 100]","""""","9.9","false","{breed social-friends}","0","""default""","""none""","0"
"{citizen 16}","{citizen 43}","[128 0 127 100]","""""","9.9","false","{breed social-friends}","0","""default""","""none""","0"
"{citizen 16}","{citizen 44}","[128 0 127 100]","""""","9.9","false","{breed social-friends}","0","""default""","""none""","0"
"{citizen 16}","{citizen 45}","[128 0 127 100]","""""","9.9","false","{breed social-friends}","0","""default""","""none""","0"
"{citizen 16}","{citizen 46}","[128 0 127 100]","""""","9.9","false","{breed social-friends}","0","""default""","""none""","0"
"{citizen 16}","{citizen 47}","[128 0 127 100]","""""","9.9","false","{breed social-friends}","0","""default""","""none""","0"
"{citizen 16}","{citizen 48}","[128 0 127 100]","""""","9.9","false","{breed social-friends}","0","""default""","""none""","0"
"{citizen 16}","{citizen 49}","[128 0 127 100]","""""","9.9","false","{breed social-friends}","0","""default""","""none""","0"
"{citizen 17}","{citizen 0}","[128 0 127 100]","""""","9.9","false","{breed social-friends}","0","""default""","""none""","0"
"{citizen 17}","{citizen 1}","[128 0 127 100]","""""","9.9","false","{breed social-friends}","0","""default""","""none""","0"
"{citizen 17}","{citizen 2}","[128 0 127 100]","""""","9.9","false","{breed social-friends}","0","""default""","""none""","0"
"{citizen 17}","{citizen 3}","[128 0 127 100]","""""","9.9","false","{breed social-friends}","0","""default""","""none""","0"
"{citizen 17}","{citizen 4}","[128 0 127 100]","""""","9.9","false","{breed social-friends}","0","""default""","""none""","0"
"{citizen 17}","{citizen 5}","[128 0 127 100]","""""","9.9","false","{breed social-friends}","0","""default""","""none""","0"
"{citizen 17}","{citizen 6}","[128 0 127 100]","""""","9.9","false","{breed social-friends}","0","""default""","""none""","0"
"{citizen 17}","{citizen 7}","[128 0 127 100]","""""","9.9","false","{breed social-friends}","0","""default""","""none""","0"
"{citizen 17}","{citizen 8}","[128 0 127 100]","""""","9.9","false","{breed social-friends}","0","""default""","""none""","0"
"{citizen 17}","{citizen 9}","[128 0 127 100]","""""","9.9","false","{breed social-friends}","0","""default""","""none""","0"
"{citizen 17}","{citizen 10}","[128 0 127 100]","""""","9.9","false","{breed social-friends}","0","""default""","""none""","0"
"{citizen 17}","{citizen 11}","[128 0 127 100]","""""","9.9","false","{breed social-friends}","0","""default""","""none""","0"
"{citizen 17}","{citizen 12}","[128 0 127 100]","""""","9.9","false","{breed social-friends}","0","""default""","""none""","0"
"{citizen 17}","{citizen 13}","[128 0 127 100]","""""","9.9","false","{breed social-friends}","0","""default""","""none""","0"
"{citizen 17}","{citizen 14}","[128 0 127 100]","""""","9.9","false","{breed social-friends}","0","""default""","""none""","0"
"{citizen 17}","{citizen 15}","[128 0 127 100]","""""","9.9","false","{breed social-friends}","0","""default""","""none""","0"
"{citizen 17}","{citizen 16}","[128 0 127 100]","""""","9.9","false","{breed social-friends}","0","""default""","""none""","0"
"{citizen 17}","{citizen 18}","[128 0 127 100]","""""","9.9","false","{breed social-friends}","0","""default""","""none""","0"
"{citizen 17}","{citizen 19}","[128 0 127 100]","""""","9.9","false","{breed social-friends}","0","""default""","""none""","0"
"{citizen 17}","{citizen 20}","[128 0 127 100]","""""","9.9","false","{breed social-friends}","0","""default""","""none""","0"
"{citizen 17}","{citizen 21}","[128 0 127 100]","""""","9.9","false","{breed social-friends}","0","""default""","""none""","0"
"{citizen 17}","{citizen 22}","[128 0 127 100]","""""","9.9","false","{breed social-friends}","0","""default""","""none""","0"
"{citizen 17}","{citizen 23}","[128 0 127 100]","""""","9.9","false","{breed social-friends}","0","""default""","""none""","0"
"{citizen 17}","{citizen 24}","[128 0 127 100]","""""","9.9","false","{breed social-friends}","0","""default""","""none""","0"
"{citizen 17}","{citizen 25}","[128 0 127 100]","""""","9.9","false","{breed social-friends}","0","""default""","""none""","0"
"{citizen 17}","{citizen 26}","[128 0 127 100]","""""","9.9","false","{breed social-friends}","0","""default""","""none""","0"
"{citizen 17}","{citizen 27}","[128 0 127 100]","""""","9.9","false","{breed social-friends}","0","""default""","""none""","0"
"{citizen 17}","{citizen 28}","[128 0 127 100]","""""","9.9","false","{breed social-friends}","0","""default""","""none""","0"
"{citizen 17}","{citizen 29}","[128 0 127 100]","""""","9.9","false","{breed social-friends}","0","""default""","""none""","0"
"{citizen 17}","{citizen 30}","[128 0 127 100]","""""","9.9","false","{breed social-friends}","0","""default""","""none""","0"
"{citizen 17}","{citizen 31}","[128 0 127 100]","""""","9.9","false","{breed social-friends}","0","""default""","""none""","0"
"{citizen 17}","{citizen 32}","[128 0 127 100]","""""","9.9","false","{breed social-friends}","0","""default""","""none""","0"
"{citizen 17}","{citizen 33}","[128 0 127 100]","""""","9.9","false","{breed social-friends}","0","""default""","""none""","0"
"{citizen 17}","{citizen 34}","[128 0 127 100]","""""","9.9","false","{breed social-friends}","0","""default""","""none""","0"
"{citizen 17}","{citizen 35}","[128 0 127 100]","""""","9.9","false","{breed social-friends}","0","""default""","""none""","0"
"{citizen 17}","{citizen 36}","[128 0 127 100]","""""","9.9","false","{breed social-friends}","0","""default""","""none""","0"
"{citizen 17}","{citizen 37}","[128 0 127 100]","""""","9.9","false","{breed social-friends}","0","""default""","""none""","0"
"{citizen 17}","{citizen 38}","[128 0 127 100]","""""","9.9","false","{breed social-friends}","0","""default""","""none""","0"
"{citizen 17}","{citizen 39}","[128 0 127 100]","""""","9.9","false","{breed social-friends}","0","""default""","""none""","0"
"{citizen 17}","{citizen 40}","[128 0 127 100]","""""","9.9","false","{breed social-friends}","0","""default""","""none""","0"
"{citizen 17}","{citizen 41}","[128 0 127 100]","""""","9.9","false","{breed social-friends}","0","""default""","""none""","0"
"{citizen 17}","{citizen 42}","[128 0 127 100]","""""","9.9","false","{breed social-friends}","0","""default""","""none""","0"
"{citizen 17}","{citizen 43}","[128 0 127 100]","""""","9.9","false","{breed social-friends}","0","""default""","""none""","0"
"{citizen 17}","{citizen 44}","[128 0 127 100]","""""","9.9","false","{breed social-friends}","0","""default""","""none""","0"
"{citizen 17}","{citizen 45}","[128 0 127 100]","""""","9.9","false","{breed social-friends}","0","""default""","""none""","0"
"{citizen 17}","{citizen 46}","[128 0 127 100]","""""","9.9","false","{breed social-friends}","0","""default""","""none""","0"
"{citizen 17}","{citizen 47}","[128 0 127 100]","""""","9.9","false","{breed social-friends}","0","""default""","""none""","0"
"{citizen 17}","{citizen 48}","[128 0 127 100]","""""","9.9","false","{breed social-friends}","0","""default""","""none""","0"
"{citizen 17}","{citizen 49}","[128 0 127 100]","""""","9.9","false","{breed social-friends}","0","""default""","""none""","0"
"{citizen 18}","{citizen 0}","[128 0 127 100]","""""","9.9","false","{breed social-friends}","0","""default""","""none""","0"
"{citizen 18}","{citizen 1}","[128 0 127 100]","""""","9.9","false","{breed social-friends}","0","""default""","""none""","0"
"{citizen 18}","{citizen 2}","[128 0 127 100]","""""","9.9","false","{breed social-friends}","0","""default""","""none""","0"
"{citizen 18}","{citizen 3}","[128 0 127 100]","""""","9.9","false","{breed social-friends}","0","""default""","""none""","0"
"{citizen 18}","{citizen 4}","[128 0 127 100]","""""","9.9","false","{breed social-friends}","0","""default""","""none""","0"
"{citizen 18}","{citizen 5}","[128 0 127 100]","""""","9.9","false","{breed social-friends}","0","""default""","""none""","0"
"{citizen 18}","{citizen 6}","[128 0 127 100]","""""","9.9","false","{breed social-friends}","0","""default""","""none""","0"
"{citizen 18}","{citizen 7}","[128 0 127 100]","""""","9.9","false","{breed social-friends}","0","""default""","""none""","0"
"{citizen 18}","{citizen 8}","[128 0 127 100]","""""","9.9","false","{breed social-friends}","0","""default""","""none""","0"
"{citizen 18}","{citizen 9}","[128 0 127 100]","""""","9.9","false","{breed social-friends}","0","""default""","""none""","0"
"{citizen 18}","{citizen 10}","[128 0 127 100]","""""","9.9","false","{breed social-friends}","0","""default""","""none""","0"
"{citizen 18}","{citizen 11}","[128 0 127 100]","""""","9.9","false","{breed social-friends}","0","""default""","""none""","0"
"{citizen 18}","{citizen 12}","[128 0 127 100]","""""","9.9","false","{breed social-friends}","0","""default""","""none""","0"
"{citizen 18}","{citizen 13}","[128 0 127 100]","""""","9.9","false","{breed social-friends}","0","""default""","""none""","0"
"{citizen 18}","{citizen 14}","[128 0 127 100]","""""","9.9","false","{breed social-friends}","0","""default""","""none""","0"
"{citizen 18}","{citizen 15}","[128 0 127 100]","""""","9.9","false","{breed social-friends}","0","""default""","""none""","0"
"{citizen 18}","{citizen 16}","[128 0 127 100]","""""","9.9","false","{breed social-friends}","0","""default""","""none""","0"
"{citizen 18}","{citizen 17}","[128 0 127 100]","""""","9.9","false","{breed social-friends}","0","""default""","""none""","0"
"{citizen 18}","{citizen 19}","[128 0 127 100]","""""","9.9","false","{breed social-friends}","0","""default""","""none""","0"
"{citizen 18}","{citizen 20}","[128 0 127 100]","""""","9.9","false","{breed social-friends}","0","""default""","""none""","0"
"{citizen 18}","{citizen 21}","[128 0 127 100]","""""","9.9","false","{breed social-friends}","0","""default""","""none""","0"
"{citizen 18}","{citizen 22}","[128 0 127 100]","""""","9.9","false","{breed social-friends}","0","""default""","""none""","0"
"{citizen 18}","{citizen 23}","[128 0 127 100]","""""","9.9","false","{breed social-friends}","0","""default""","""none""","0"
"{citizen 18}","{citizen 24}","[128 0 127 100]","""""","9.9","false","{breed social-friends}","0","""default""","""none""","0"
"{citizen 18}","{citizen 25}","[128 0 127 100]","""""","9.9","false","{breed social-friends}","0","""default""","""none""","0"
"{citizen 18}","{citizen 26}","[128 0 127 100]","""""","9.9","false","{breed social-friends}","0","""default""","""none""","0"
"{citizen 18}","{citizen 27}","[128 0 127 100]","""""","9.9","false","{breed social-friends}","0","""default""","""none""","0"
"{citizen 18}","{citizen 28}","[128 0 127 100]","""""","9.9","false","{breed social-friends}","0","""default""","""none""","0"
"{citizen 18}","{citizen 29}","[128 0 127 100]","""""","9.9","false","{breed social-friends}","0","""default""","""none""","0"
"{citizen 18}","{citizen 30}","[128 0 127 100]","""""","9.9","false","{breed social-friends}","0","""default""","""none""","0"
"{citizen 18}","{citizen 31}","[128 0 127 100]","""""","9.9","false","{breed social-friends}","0","""default""","""none""","0"
"{citizen 18}","{citizen 32}","[128 0 127 100]","""""","9.9","false","{breed social-friends}","0","""default""","""none""","0"
"{citizen 18}","{citizen 33}","[128 0 127 100]","""""","9.9","false","{breed social-friends}","0","""default""","""none""","0"
"{citizen 18}","{citizen 34}","[128 0 127 100]","""""","9.9","false","{breed social-friends}","0","""default""","""none""","0"
"{citizen 18}","{citizen 35}","[128 0 127 100]","""""","9.9","false","{breed social-friends}","0","""default""","""none""","0"
"{citizen 18}","{citizen 36}","[128 0 127 100]","""""","9.9","false","{breed social-friends}","0","""default""","""none""","0"
"{citizen 18}","{citizen 37}","[128 0 127 100]","""""","9.9","false","{breed social-friends}","0","""default""","""none""","0"
"{citizen 18}","{citizen 38}","[128 0 127 100]","""""","9.9","false","{breed social-friends}","0","""default""","""none""","0"
"{citizen 18}","{citizen 39}","[128 0 127 100]","""""","9.9","false","{breed social-friends}","0","""default""","""none""","0"
"{citizen 18}","{citizen 40}","[128 0 127 100]","""""","9.9","false","{breed social-friends}","0","""default""","""none""","0"
"{citizen 18}","{citizen 41}","[128 0 127 100]","""""","9.9","false","{breed social-friends}","0","""default""","""none""","0"
"{citizen 18}","{citizen 42}","[128 0 127 100]","""""","9.9","false","{breed social-friends}","0","""default""","""none""","0"
"{citizen 18}","{citizen 43}","[128 0 127 100]","""""","9.9","false","{breed social-friends}","0","""default""","""none""","0"
"{citizen 18}","{citizen 44}","[128 0 127 100]","""""","9.9","false","{breed social-friends}","0","""default""","""none""","0"
"{citizen 18}","{citizen 45}","[128 0 127 100]","""""","9.9","false","{breed social-friends}","0","""default""","""none""","0"
"{citizen 18}","{citizen 46}","[128 0 127 100]","""""","9.9","false","{breed social-friends}","0","""default""","""none""","0"
"{citizen 18}","{citizen 47}","[128 0 127 100]","""""","9.9","false","{breed social-friends}","0","""default""","""none""","0"
"{citizen 18}","{citizen 48}","[128 0 127 100]","""""","9.9","false","{breed social-friends}","0","""default""","""none""","0"
"{citizen 18}","{citizen 49}","[128 0 127 100]","""""","9.9","false","{breed social-friends}","0","""default""","""none""","0"
"{citizen 19}","{citizen 0}","[128 0 127 100]","""""","9.9","false","{breed social-friends}","0","""default""","""none""","0"
"{citizen 19}","{citizen 1}","[128 0 127 100]","""""","9.9","false","{breed social-friends}","0","""default""","""none""","0"
"{citizen 19}","{citizen 2}","[128 0 127 100]","""""","9.9","false","{breed social-friends}","0","""default""","""none""","0"
"{citizen 19}","{citizen 3}","[128 0 127 100]","""""","9.9","false","{breed social-friends}","0","""default""","""none""","0"
"{citizen 19}","{citizen 4}","[128 0 127 100]","""""","9.9","false","{breed social-friends}","0","""default""","""none""","0"
"{citizen 19}","{citizen 5}","[128 0 127 100]","""""","9.9","false","{breed social-friends}","0","""default""","""none""","0"
"{citizen 19}","{citizen 6}","[128 0 127 100]","""""","9.9","false","{breed social-friends}","0","""default""","""none""","0"
"{citizen 19}","{citizen 7}","[128 0 127 100]","""""","9.9","false","{breed social-friends}","0","""default""","""none""","0"
"{citizen 19}","{citizen 8}","[128 0 127 100]","""""","9.9","false","{breed social-friends}","0","""default""","""none""","0"
"{citizen 19}","{citizen 9}","[128 0 127 100]","""""","9.9","false","{breed social-friends}","0","""default""","""none""","0"
"{citizen 19}","{citizen 10}","[128 0 127 100]","""""","9.9","false","{breed social-friends}","0","""default""","""none""","0"
"{citizen 19}","{citizen 11}","[128 0 127 100]","""""","9.9","false","{breed social-friends}","0","""default""","""none""","0"
"{citizen 19}","{citizen 12}","[128 0 127 100]","""""","9.9","false","{breed social-friends}","0","""default""","""none""","0"
"{citizen 19}","{citizen 13}","[128 0 127 100]","""""","9.9","false","{breed social-friends}","0","""default""","""none""","0"
"{citizen 19}","{citizen 14}","[128 0 127 100]","""""","9.9","false","{breed social-friends}","0","""default""","""none""","0"
"{citizen 19}","{citizen 15}","[128 0 127 100]","""""","9.9","false","{breed social-friends}","0","""default""","""none""","0"
"{citizen 19}","{citizen 16}","[128 0 127 100]","""""","9.9","false","{breed social-friends}","0","""default""","""none""","0"
"{citizen 19}","{citizen 17}","[128 0 127 100]","""""","9.9","false","{breed social-friends}","0","""default""","""none""","0"
"{citizen 19}","{citizen 18}","[128 0 127 100]","""""","9.9","false","{breed social-friends}","0","""default""","""none""","0"
"{citizen 19}","{citizen 20}","[128 0 127 100]","""""","9.9","false","{breed social-friends}","0","""default""","""none""","0"
"{citizen 19}","{citizen 21}","[128 0 127 100]","""""","9.9","false","{breed social-friends}","0","""default""","""none""","0"
"{citizen 19}","{citizen 22}","[128 0 127 100]","""""","9.9","false","{breed social-friends}","0","""default""","""none""","0"
"{citizen 19}","{citizen 23}","[128 0 127 100]","""""","9.9","false","{breed social-friends}","0","""default""","""none""","0"
"{citizen 19}","{citizen 24}","[128 0 127 100]","""""","9.9","false","{breed social-friends}","0","""default""","""none""","0"
"{citizen 19}","{citizen 25}","[128 0 127 100]","""""","9.9","false","{breed social-friends}","0","""default""","""none""","0"
"{citizen 19}","{citizen 26}","[128 0 127 100]","""""","9.9","false","{breed social-friends}","0","""default""","""none""","0"
"{citizen 19}","{citizen 27}","[128 0 127 100]","""""","9.9","false","{breed social-friends}","0","""default""","""none""","0"
"{citizen 19}","{citizen 28}","[128 0 127 100]","""""","9.9","false","{breed social-friends}","0","""default""","""none""","0"
"{citizen 19}","{citizen 29}","[128 0 127 100]","""""","9.9","false","{breed social-friends}","0","""default""","""none""","0"
"{citizen 19}","{citizen 30}","[128 0 127 100]","""""","9.9","false","{breed social-friends}","0","""default""","""none""","0"
"{citizen 19}","{citizen 31}","[128 0 127 100]","""""","9.9","false","{breed social-friends}","0","""default""","""none""","0"
"{citizen 19}","{citizen 32}","[128 0 127 100]","""""","9.9","false","{breed social-friends}","0","""default""","""none""","0"
"{citizen 19}","{citizen 33}","[128 0 127 100]","""""","9.9","false","{breed social-friends}","0","""default""","""none""","0"
"{citizen 19}","{citizen 34}","[128 0 127 100]","""""","9.9","false","{breed social-friends}","0","""default""","""none""","0"
"{citizen 19}","{citizen 35}","[128 0 127 100]","""""","9.9","false","{breed social-friends}","0","""default""","""none""","0"
"{citizen 19}","{citizen 36}","[128 0 127 100]","""""","9.9","false","{breed social-friends}","0","""default""","""none""","0"
"{citizen 19}","{citizen 37}","[128 0 127 100]","""""","9.9","false","{breed social-friends}","0","""default""","""none""","0"
"{citizen 19}","{citizen 38}","[128 0 127 100]","""""","9.9","false","{breed social-friends}","0","""default""","""none""","0"
"{citizen 19}","{citizen 39}","[128 0 127 100]","""""","9.9","false","{breed social-friends}","0","""default""","""none""","0"
"{citizen 19}","{citizen 40}","[128 0 127 100]","""""","9.9","false","{breed social-friends}","0","""default""","""none""","0"
"{citizen 19}","{citizen 41}","[128 0 127 100]","""""","9.9","false","{breed social-friends}","0","""default""","""none""","0"
"{citizen 19}","{citizen 42}","[128 0 127 100]","""""","9.9","false","{breed social-friends}","0","""default""","""none""","0"
"{citizen 19}","{citizen 43}","[128 0 127 100]","""""","9.9","false","{breed social-friends}","0","""default""","""none""","0"
"{citizen 19}","{citizen 44}","[128 0 127 100]","""""","9.9","false","{breed social-friends}","0","""default""","""none""","0"
"{citizen 19}","{citizen 45}","[128 0 127 100]","""""","9.9","false","{breed social-friends}","0","""default""","""none""","0"
"{citizen 19}","{citizen 46}","[128 0 127 100]","""""","9.9","false","{breed social-friends}","0","""default""","""none""","0"
"{citizen 19}","{citizen 47}","[128 0 127 100]","""""","9.9","false","{breed social-friends}","0","""default""","""none""","0"
"{citizen 19}","{citizen 48}","[128 0 127 100]","""""","9.9","false","{breed social-friends}","0","""default""","""none""","0"
"{citizen 19}","{citizen 49}","[128 0 127 100]","""""","9.9","false","{breed social-friends}","0","""default""","""none""","0"
"{citizen 20}","{citizen 0}","[128 0 127 100]","""""","9.9","false","{breed social-friends}","0","""default""","""none""","0"
"{citizen 20}","{citizen 1}","[128 0 127 100]","""""","9.9","false","{breed social-friends}","0","""default""","""none""","0"
"{citizen 20}","{citizen 2}","[128 0 127 100]","""""","9.9","false","{breed social-friends}","0","""default""","""none""","0"
"{citizen 20}","{citizen 3}","[128 0 127 100]","""""","9.9","false","{breed social-friends}","0","""default""","""none""","0"
"{citizen 20}","{citizen 4}","[128 0 127 100]","""""","9.9","false","{breed social-friends}","0","""default""","""none""","0"
"{citizen 20}","{citizen 5}","[128 0 127 100]","""""","9.9","false","{breed social-friends}","0","""default""","""none""","0"
"{citizen 20}","{citizen 6}","[128 0 127 100]","""""","9.9","false","{breed social-friends}","0","""default""","""none""","0"
"{citizen 20}","{citizen 7}","[128 0 127 100]","""""","9.9","false","{breed social-friends}","0","""default""","""none""","0"
"{citizen 20}","{citizen 8}","[128 0 127 100]","""""","9.9","false","{breed social-friends}","0","""default""","""none""","0"
"{citizen 20}","{citizen 9}","[128 0 127 100]","""""","9.9","false","{breed social-friends}","0","""default""","""none""","0"
"{citizen 20}","{citizen 10}","[128 0 127 100]","""""","9.9","false","{breed social-friends}","0","""default""","""none""","0"
"{citizen 20}","{citizen 11}","[128 0 127 100]","""""","9.9","false","{breed social-friends}","0","""default""","""none""","0"
"{citizen 20}","{citizen 12}","[128 0 127 100]","""""","9.9","false","{breed social-friends}","0","""default""","""none""","0"
"{citizen 20}","{citizen 13}","[128 0 127 100]","""""","9.9","false","{breed social-friends}","0","""default""","""none""","0"
"{citizen 20}","{citizen 14}","[128 0 127 100]","""""","9.9","false","{breed social-friends}","0","""default""","""none""","0"
"{citizen 20}","{citizen 15}","[128 0 127 100]","""""","9.9","false","{breed social-friends}","0","""default""","""none""","0"
"{citizen 20}","{citizen 16}","[128 0 127 100]","""""","9.9","false","{breed social-friends}","0","""default""","""none""","0"
"{citizen 20}","{citizen 17}","[128 0 127 100]","""""","9.9","false","{breed social-friends}","0","""default""","""none""","0"
"{citizen 20}","{citizen 18}","[128 0 127 100]","""""","9.9","false","{breed social-friends}","0","""default""","""none""","0"
"{citizen 20}","{citizen 19}","[128 0 127 100]","""""","9.9","false","{breed social-friends}","0","""default""","""none""","0"
"{citizen 20}","{citizen 21}","[128 0 127 100]","""""","9.9","false","{breed social-friends}","0","""default""","""none""","0"
"{citizen 20}","{citizen 22}","[128 0 127 100]","""""","9.9","false","{breed social-friends}","0","""default""","""none""","0"
"{citizen 20}","{citizen 23}","[128 0 127 100]","""""","9.9","false","{breed social-friends}","0","""default""","""none""","0"
"{citizen 20}","{citizen 24}","[128 0 127 100]","""""","9.9","false","{breed social-friends}","0","""default""","""none""","0"
"{citizen 20}","{citizen 25}","[128 0 127 100]","""""","9.9","false","{breed social-friends}","0","""default""","""none""","0"
"{citizen 20}","{citizen 26}","[128 0 127 100]","""""","9.9","false","{breed social-friends}","0","""default""","""none""","0"
"{citizen 20}","{citizen 27}","[128 0 127 100]","""""","9.9","false","{breed social-friends}","0","""default""","""none""","0"
"{citizen 20}","{citizen 28}","[128 0 127 100]","""""","9.9","false","{breed social-friends}","0","""default""","""none""","0"
"{citizen 20}","{citizen 29}","[128 0 127 100]","""""","9.9","false","{breed social-friends}","0","""default""","""none""","0"
"{citizen 20}","{citizen 30}","[128 0 127 100]","""""","9.9","false","{breed social-friends}","0","""default""","""none""","0"
"{citizen 20}","{citizen 31}","[128 0 127 100]","""""","9.9","false","{breed social-friends}","0","""default""","""none""","0"
"{citizen 20}","{citizen 32}","[128 0 127 100]","""""","9.9","false","{breed social-friends}","0","""default""","""none""","0"
"{citizen 20}","{citizen 33}","[128 0 127 100]","""""","9.9","false","{breed social-friends}","0","""default""","""none""","0"
"{citizen 20}","{citizen 34}","[128 0 127 100]","""""","9.9","false","{breed social-friends}","0","""default""","""none""","0"
"{citizen 20}","{citizen 35}","[128 0 127 100]","""""","9.9","false","{breed social-friends}","0","""default""","""none""","0"
"{citizen 20}","{citizen 36}","[128 0 127 100]","""""","9.9","false","{breed social-friends}","0","""default""","""none""","0"
"{citizen 20}","{citizen 37}","[128 0 127 100]","""""","9.9","false","{breed social-friends}","0","""default""","""none""","0"
"{citizen 20}","{citizen 38}","[128 0 127 100]","""""","9.9","false","{breed social-friends}","0","""default""","""none""","0"
"{citizen 20}","{citizen 39}","[128 0 127 100]","""""","9.9","false","{breed social-friends}","0","""default""","""none""","0"
"{citizen 20}","{citizen 40}","[128 0 127 100]","""""","9.9","false","{breed social-friends}","0","""default""","""none""","0"
"{citizen 20}","{citizen 41}","[128 0 127 100]","""""","9.9","false","{breed social-friends}","0","""default""","""none""","0"
"{citizen 20}","{citizen 42}","[128 0 127 100]","""""","9.9","false","{breed social-friends}","0","""default""","""none""","0"
"{citizen 20}","{citizen 43}","[128 0 127 100]","""""","9.9","false","{breed social-friends}","0","""default""","""none""","0"
"{citizen 20}","{citizen 44}","[128 0 127 100]","""""","9.9","false","{breed social-friends}","0","""default""","""none""","0"
"{citizen 20}","{citizen 45}","[128 0 127 100]","""""","9.9","false","{breed social-friends}","0","""default""","""none""","0"
"{citizen 20}","{citizen 46}","[128 0 127 100]","""""","9.9","false","{breed social-friends}","0","""default""","""none""","0"
"{citizen 20}","{citizen 47}","[128 0 127 100]","""""","9.9","false","{breed social-friends}","0","""default""","""none""","0"
"{citizen 20}","{citizen 48}","[128 0 127 100]","""""","9.9","false","{breed social-friends}","0","""default""","""none""","0"
"{citizen 20}","{citizen 49}","[128 0 127 100]","""""","9.9","false","{breed social-friends}","0","""default""","""none""","0"
"{citizen 21}","{citizen 0}","[128 0 127 100]","""""","9.9","false","{breed social-friends}","0","""default""","""none""","0"
"{citizen 21}","{citizen 1}","[128 0 127 100]","""""","9.9","false","{breed social-friends}","0","""default""","""none""","0"
"{citizen 21}","{citizen 2}","[128 0 127 100]","""""","9.9","false","{breed social-friends}","0","""default""","""none""","0"
"{citizen 21}","{citizen 3}","[128 0 127 100]","""""","9.9","false","{breed social-friends}","0","""default""","""none""","0"
"{citizen 21}","{citizen 4}","[128 0 127 100]","""""","9.9","false","{breed social-friends}","0","""default""","""none""","0"
"{citizen 21}","{citizen 5}","[128 0 127 100]","""""","9.9","false","{breed social-friends}","0","""default""","""none""","0"
"{citizen 21}","{citizen 6}","[128 0 127 100]","""""","9.9","false","{breed social-friends}","0","""default""","""none""","0"
"{citizen 21}","{citizen 7}","[128 0 127 100]","""""","9.9","false","{breed social-friends}","0","""default""","""none""","0"
"{citizen 21}","{citizen 8}","[128 0 127 100]","""""","9.9","false","{breed social-friends}","0","""default""","""none""","0"
"{citizen 21}","{citizen 9}","[128 0 127 100]","""""","9.9","false","{breed social-friends}","0","""default""","""none""","0"
"{citizen 21}","{citizen 10}","[128 0 127 100]","""""","9.9","false","{breed social-friends}","0","""default""","""none""","0"
"{citizen 21}","{citizen 11}","[128 0 127 100]","""""","9.9","false","{breed social-friends}","0","""default""","""none""","0"
"{citizen 21}","{citizen 12}","[128 0 127 100]","""""","9.9","false","{breed social-friends}","0","""default""","""none""","0"
"{citizen 21}","{citizen 13}","[128 0 127 100]","""""","9.9","false","{breed social-friends}","0","""default""","""none""","0"
"{citizen 21}","{citizen 14}","[128 0 127 100]","""""","9.9","false","{breed social-friends}","0","""default""","""none""","0"
"{citizen 21}","{citizen 15}","[128 0 127 100]","""""","9.9","false","{breed social-friends}","0","""default""","""none""","0"
"{citizen 21}","{citizen 16}","[128 0 127 100]","""""","9.9","false","{breed social-friends}","0","""default""","""none""","0"
"{citizen 21}","{citizen 17}","[128 0 127 100]","""""","9.9","false","{breed social-friends}","0","""default""","""none""","0"
"{citizen 21}","{citizen 18}","[128 0 127 100]","""""","9.9","false","{breed social-friends}","0","""default""","""none""","0"
"{citizen 21}","{citizen 19}","[128 0 127 100]","""""","9.9","false","{breed social-friends}","0","""default""","""none""","0"
"{citizen 21}","{citizen 20}","[128 0 127 100]","""""","9.9","false","{breed social-friends}","0","""default""","""none""","0"
"{citizen 21}","{citizen 22}","[128 0 127 100]","""""","9.9","false","{breed social-friends}","0","""default""","""none""","0"
"{citizen 21}","{citizen 23}","[128 0 127 100]","""""","9.9","false","{breed social-friends}","0","""default""","""none""","0"
"{citizen 21}","{citizen 24}","[128 0 127 100]","""""","9.9","false","{breed social-friends}","0","""default""","""none""","0"
"{citizen 21}","{citizen 25}","[128 0 127 100]","""""","9.9","false","{breed social-friends}","0","""default""","""none""","0"
"{citizen 21}","{citizen 26}","[128 0 127 100]","""""","9.9","false","{breed social-friends}","0","""default""","""none""","0"
"{citizen 21}","{citizen 27}","[128 0 127 100]","""""","9.9","false","{breed social-friends}","0","""default""","""none""","0"
"{citizen 21}","{citizen 28}","[128 0 127 100]","""""","9.9","false","{breed social-friends}","0","""default""","""none""","0"
"{citizen 21}","{citizen 29}","[128 0 127 100]","""""","9.9","false","{breed social-friends}","0","""default""","""none""","0"
"{citizen 21}","{citizen 30}","[128 0 127 100]","""""","9.9","false","{breed social-friends}","0","""default""","""none""","0"
"{citizen 21}","{citizen 31}","[128 0 127 100]","""""","9.9","false","{breed social-friends}","0","""default""","""none""","0"
"{citizen 21}","{citizen 32}","[128 0 127 100]","""""","9.9","false","{breed social-friends}","0","""default""","""none""","0"
"{citizen 21}","{citizen 33}","[128 0 127 100]","""""","9.9","false","{breed social-friends}","0","""default""","""none""","0"
"{citizen 21}","{citizen 34}","[128 0 127 100]","""""","9.9","false","{breed social-friends}","0","""default""","""none""","0"
"{citizen 21}","{citizen 35}","[128 0 127 100]","""""","9.9","false","{breed social-friends}","0","""default""","""none""","0"
"{citizen 21}","{citizen 36}","[128 0 127 100]","""""","9.9","false","{breed social-friends}","0","""default""","""none""","0"
"{citizen 21}","{citizen 37}","[128 0 127 100]","""""","9.9","false","{breed social-friends}","0","""default""","""none""","0"
"{citizen 21}","{citizen 38}","[128 0 127 100]","""""","9.9","false","{breed social-friends}","0","""default""","""none""","0"
"{citizen 21}","{citizen 39}","[128 0 127 100]","""""","9.9","false","{breed social-friends}","0","""default""","""none""","0"
"{citizen 21}","{citizen 40}","[128 0 127 100]","""""","9.9","false","{breed social-friends}","0","""default""","""none""","0"
"{citizen 21}","{citizen 41}","[128 0 127 100]","""""","9.9","false","{breed social-friends}","0","""default""","""none""","0"
"{citizen 21}","{citizen 42}","[128 0 127 100]","""""","9.9","false","{breed social-friends}","0","""default""","""none""","0"
"{citizen 21}","{citizen 43}","[128 0 127 100]","""""","9.9","false","{breed social-friends}","0","""default""","""none""","0"
"{citizen 21}","{citizen 44}","[128 0 127 100]","""""","9.9","false","{breed social-friends}","0","""default""","""none""","0"
"{citizen 21}","{citizen 45}","[128 0 127 100]","""""","9.9","false","{breed social-friends}","0","""default""","""none""","0"
"{citizen 21}","{citizen 46}","[128 0 127 100]","""""","9.9","false","{breed social-friends}","0","""default""","""none""","0"
"{citizen 21}","{citizen 47}","[128 0 127 100]","""""","9.9","false","{breed social-friends}","0","""default""","""none""","0"
"{citizen 21}","{citizen 48}","[128 0 127 100]","""""","9.9","false","{breed social-friends}","0","""default""","""none""","0"
"{citizen 21}","{citizen 49}","[128 0 127 100]","""""","9.9","false","{breed social-friends}","0","""default""","""none""","0"
"{citizen 22}","{citizen 0}","[128 0 127 100]","""""","9.9","false","{breed social-friends}","0","""default""","""none""","0"
"{citizen 22}","{citizen 1}","[128 0 127 100]","""""","9.9","false","{breed social-friends}","0","""default""","""none""","0"
"{citizen 22}","{citizen 2}","[128 0 127 100]","""""","9.9","false","{breed social-friends}","0","""default""","""none""","0"
"{citizen 22}","{citizen 3}","[128 0 127 100]","""""","9.9","false","{breed social-friends}","0","""default""","""none""","0"
"{citizen 22}","{citizen 4}","[128 0 127 100]","""""","9.9","false","{breed social-friends}","0","""default""","""none""","0"
"{citizen 22}","{citizen 5}","[128 0 127 100]","""""","9.9","false","{breed social-friends}","0","""default""","""none""","0"
"{citizen 22}","{citizen 6}","[128 0 127 100]","""""","9.9","false","{breed social-friends}","0","""default""","""none""","0"
"{citizen 22}","{citizen 7}","[128 0 127 100]","""""","9.9","false","{breed social-friends}","0","""default""","""none""","0"
"{citizen 22}","{citizen 8}","[128 0 127 100]","""""","9.9","false","{breed social-friends}","0","""default""","""none""","0"
"{citizen 22}","{citizen 9}","[128 0 127 100]","""""","9.9","false","{breed social-friends}","0","""default""","""none""","0"
"{citizen 22}","{citizen 10}","[128 0 127 100]","""""","9.9","false","{breed social-friends}","0","""default""","""none""","0"
"{citizen 22}","{citizen 11}","[128 0 127 100]","""""","9.9","false","{breed social-friends}","0","""default""","""none""","0"
"{citizen 22}","{citizen 12}","[128 0 127 100]","""""","9.9","false","{breed social-friends}","0","""default""","""none""","0"
"{citizen 22}","{citizen 13}","[128 0 127 100]","""""","9.9","false","{breed social-friends}","0","""default""","""none""","0"
"{citizen 22}","{citizen 14}","[128 0 127 100]","""""","9.9","false","{breed social-friends}","0","""default""","""none""","0"
"{citizen 22}","{citizen 15}","[128 0 127 100]","""""","9.9","false","{breed social-friends}","0","""default""","""none""","0"
"{citizen 22}","{citizen 16}","[128 0 127 100]","""""","9.9","false","{breed social-friends}","0","""default""","""none""","0"
"{citizen 22}","{citizen 17}","[128 0 127 100]","""""","9.9","false","{breed social-friends}","0","""default""","""none""","0"
"{citizen 22}","{citizen 18}","[128 0 127 100]","""""","9.9","false","{breed social-friends}","0","""default""","""none""","0"
"{citizen 22}","{citizen 19}","[128 0 127 100]","""""","9.9","false","{breed social-friends}","0","""default""","""none""","0"
"{citizen 22}","{citizen 20}","[128 0 127 100]","""""","9.9","false","{breed social-friends}","0","""default""","""none""","0"
"{citizen 22}","{citizen 21}","[128 0 127 100]","""""","9.9","false","{breed social-friends}","0","""default""","""none""","0"
"{citizen 22}","{citizen 23}","[128 0 127 100]","""""","9.9","false","{breed social-friends}","0","""default""","""none""","0"
"{citizen 22}","{citizen 24}","[128 0 127 100]","""""","9.9","false","{breed social-friends}","0","""default""","""none""","0"
"{citizen 22}","{citizen 25}","[128 0 127 100]","""""","9.9","false","{breed social-friends}","0","""default""","""none""","0"
"{citizen 22}","{citizen 26}","[128 0 127 100]","""""","9.9","false","{breed social-friends}","0","""default""","""none""","0"
"{citizen 22}","{citizen 27}","[128 0 127 100]","""""","9.9","false","{breed social-friends}","0","""default""","""none""","0"
"{citizen 22}","{citizen 28}","[128 0 127 100]","""""","9.9","false","{breed social-friends}","0","""default""","""none""","0"
"{citizen 22}","{citizen 29}","[128 0 127 100]","""""","9.9","false","{breed social-friends}","0","""default""","""none""","0"
"{citizen 22}","{citizen 30}","[128 0 127 100]","""""","9.9","false","{breed social-friends}","0","""default""","""none""","0"
"{citizen 22}","{citizen 31}","[128 0 127 100]","""""","9.9","false","{breed social-friends}","0","""default""","""none""","0"
"{citizen 22}","{citizen 32}","[128 0 127 100]","""""","9.9","false","{breed social-friends}","0","""default""","""none""","0"
"{citizen 22}","{citizen 33}","[128 0 127 100]","""""","9.9","false","{breed social-friends}","0","""default""","""none""","0"
"{citizen 22}","{citizen 34}","[128 0 127 100]","""""","9.9","false","{breed social-friends}","0","""default""","""none""","0"
"{citizen 22}","{citizen 35}","[128 0 127 100]","""""","9.9","false","{breed social-friends}","0","""default""","""none""","0"
"{citizen 22}","{citizen 36}","[128 0 127 100]","""""","9.9","false","{breed social-friends}","0","""default""","""none""","0"
"{citizen 22}","{citizen 37}","[128 0 127 100]","""""","9.9","false","{breed social-friends}","0","""default""","""none""","0"
"{citizen 22}","{citizen 38}","[128 0 127 100]","""""","9.9","false","{breed social-friends}","0","""default""","""none""","0"
"{citizen 22}","{citizen 39}","[128 0 127 100]","""""","9.9","false","{breed social-friends}","0","""default""","""none""","0"
"{citizen 22}","{citizen 40}","[128 0 127 100]","""""","9.9","false","{breed social-friends}","0","""default""","""none""","0"
"{citizen 22}","{citizen 41}","[128 0 127 100]","""""","9.9","false","{breed social-friends}","0","""default""","""none""","0"
"{citizen 22}","{citizen 42}","[128 0 127 100]","""""","9.9","false","{breed social-friends}","0","""default""","""none""","0"
"{citizen 22}","{citizen 43}","[128 0 127 100]","""""","9.9","false","{breed social-friends}","0","""default""","""none""","0"
"{citizen 22}","{citizen 44}","[128 0 127 100]","""""","9.9","false","{breed social-friends}","0","""default""","""none""","0"
"{citizen 22}","{citizen 45}","[128 0 127 100]","""""","9.9","false","{breed social-friends}","0","""default""","""none""","0"
"{citizen 22}","{citizen 46}","[128 0 127 100]","""""","9.9","false","{breed social-friends}","0","""default""","""none""","0"
"{citizen 22}","{citizen 47}","[128 0 127 100]","""""","9.9","false","{breed social-friends}","0","""default""","""none""","0"
"{citizen 22}","{citizen 48}","[128 0 127 100]","""""","9.9","false","{breed social-friends}","0","""default""","""none""","0"
"{citizen 22}","{citizen 49}","[128 0 127 100]","""""","9.9","false","{breed social-friends}","0","""default""","""none""","0"
"{citizen 23}","{citizen 0}","[128 0 127 100]","""""","9.9","false","{breed social-friends}","0","""default""","""none""","0"
"{citizen 23}","{citizen 1}","[128 0 127 100]","""""","9.9","false","{breed social-friends}","0","""default""","""none""","0"
"{citizen 23}","{citizen 2}","[128 0 127 100]","""""","9.9","false","{breed social-friends}","0","""default""","""none""","0"
"{citizen 23}","{citizen 3}","[128 0 127 100]","""""","9.9","false","{breed social-friends}","0","""default""","""none""","0"
"{citizen 23}","{citizen 4}","[128 0 127 100]","""""","9.9","false","{breed social-friends}","0","""default""","""none""","0"
"{citizen 23}","{citizen 5}","[128 0 127 100]","""""","9.9","false","{breed social-friends}","0","""default""","""none""","0"
"{citizen 23}","{citizen 6}","[128 0 127 100]","""""","9.9","false","{breed social-friends}","0","""default""","""none""","0"
"{citizen 23}","{citizen 7}","[128 0 127 100]","""""","9.9","false","{breed social-friends}","0","""default""","""none""","0"
"{citizen 23}","{citizen 8}","[128 0 127 100]","""""","9.9","false","{breed social-friends}","0","""default""","""none""","0"
"{citizen 23}","{citizen 9}","[128 0 127 100]","""""","9.9","false","{breed social-friends}","0","""default""","""none""","0"
"{citizen 23}","{citizen 10}","[128 0 127 100]","""""","9.9","false","{breed social-friends}","0","""default""","""none""","0"
"{citizen 23}","{citizen 11}","[128 0 127 100]","""""","9.9","false","{breed social-friends}","0","""default""","""none""","0"
"{citizen 23}","{citizen 12}","[128 0 127 100]","""""","9.9","false","{breed social-friends}","0","""default""","""none""","0"
"{citizen 23}","{citizen 13}","[128 0 127 100]","""""","9.9","false","{breed social-friends}","0","""default""","""none""","0"
"{citizen 23}","{citizen 14}","[128 0 127 100]","""""","9.9","false","{breed social-friends}","0","""default""","""none""","0"
"{citizen 23}","{citizen 15}","[128 0 127 100]","""""","9.9","false","{breed social-friends}","0","""default""","""none""","0"
"{citizen 23}","{citizen 16}","[128 0 127 100]","""""","9.9","false","{breed social-friends}","0","""default""","""none""","0"
"{citizen 23}","{citizen 17}","[128 0 127 100]","""""","9.9","false","{breed social-friends}","0","""default""","""none""","0"
"{citizen 23}","{citizen 18}","[128 0 127 100]","""""","9.9","false","{breed social-friends}","0","""default""","""none""","0"
"{citizen 23}","{citizen 19}","[128 0 127 100]","""""","9.9","false","{breed social-friends}","0","""default""","""none""","0"
"{citizen 23}","{citizen 20}","[128 0 127 100]","""""","9.9","false","{breed social-friends}","0","""default""","""none""","0"
"{citizen 23}","{citizen 21}","[128 0 127 100]","""""","9.9","false","{breed social-friends}","0","""default""","""none""","0"
"{citizen 23}","{citizen 22}","[128 0 127 100]","""""","9.9","false","{breed social-friends}","0","""default""","""none""","0"
"{citizen 23}","{citizen 24}","[128 0 127 100]","""""","9.9","false","{breed social-friends}","0","""default""","""none""","0"
"{citizen 23}","{citizen 25}","[128 0 127 100]","""""","9.9","false","{breed social-friends}","0","""default""","""none""","0"
"{citizen 23}","{citizen 26}","[128 0 127 100]","""""","9.9","false","{breed social-friends}","0","""default""","""none""","0"
"{citizen 23}","{citizen 27}","[128 0 127 100]","""""","9.9","false","{breed social-friends}","0","""default""","""none""","0"
"{citizen 23}","{citizen 28}","[128 0 127 100]","""""","9.9","false","{breed social-friends}","0","""default""","""none""","0"
"{citizen 23}","{citizen 29}","[128 0 127 100]","""""","9.9","false","{breed social-friends}","0","""default""","""none""","0"
"{citizen 23}","{citizen 30}","[128 0 127 100]","""""","9.9","false","{breed social-friends}","0","""default""","""none""","0"
"{citizen 23}","{citizen 31}","[128 0 127 100]","""""","9.9","false","{breed social-friends}","0","""default""","""none""","0"
"{citizen 23}","{citizen 32}","[128 0 127 100]","""""","9.9","false","{breed social-friends}","0","""default""","""none""","0"
"{citizen 23}","{citizen 33}","[128 0 127 100]","""""","9.9","false","{breed social-friends}","0","""default""","""none""","0"
"{citizen 23}","{citizen 34}","[128 0 127 100]","""""","9.9","false","{breed social-friends}","0","""default""","""none""","0"
"{citizen 23}","{citizen 35}","[128 0 127 100]","""""","9.9","false","{breed social-friends}","0","""default""","""none""","0"
"{citizen 23}","{citizen 36}","[128 0 127 100]","""""","9.9","false","{breed social-friends}","0","""default""","""none""","0"
"{citizen 23}","{citizen 37}","[128 0 127 100]","""""","9.9","false","{breed social-friends}","0","""default""","""none""","0"
"{citizen 23}","{citizen 38}","[128 0 127 100]","""""","9.9","false","{breed social-friends}","0","""default""","""none""","0"
"{citizen 23}","{citizen 39}","[128 0 127 100]","""""","9.9","false","{breed social-friends}","0","""default""","""none""","0"
"{citizen 23}","{citizen 40}","[128 0 127 100]","""""","9.9","false","{breed social-friends}","0","""default""","""none""","0"
"{citizen 23}","{citizen 41}","[128 0 127 100]","""""","9.9","false","{breed social-friends}","0","""default""","""none""","0"
"{citizen 23}","{citizen 42}","[128 0 127 100]","""""","9.9","false","{breed social-friends}","0","""default""","""none""","0"
"{citizen 23}","{citizen 43}","[128 0 127 100]","""""","9.9","false","{breed social-friends}","0","""default""","""none""","0"
"{citizen 23}","{citizen 44}","[128 0 127 100]","""""","9.9","false","{breed social-friends}","0","""default""","""none""","0"
"{citizen 23}","{citizen 45}","[128 0 127 100]","""""","9.9","false","{breed social-friends}","0","""default""","""none""","0"
"{citizen 23}","{citizen 46}","[128 0 127 100]","""""","9.9","false","{breed social-friends}","0","""default""","""none""","0"
"{citizen 23}","{citizen 47}","[128 0 127 100]","""""","9.9","false","{breed social-friends}","0","""default""","""none""","0"
"{citizen 23}","{citizen 48}","[128 0 127 100]","""""","9.9","false","{breed social-friends}","0","""default""","""none""","0"
"{citizen 23}","{citizen 49}","[128 0 127 100]","""""","9.9","false","{breed social-friends}","0","""default""","""none""","0"
"{citizen 24}","{citizen 0}","[128 0 127 100]","""""","9.9","false","{breed social-friends}","0","""default""","""none""","0"
"{citizen 24}","{citizen 1}","[128 0 127 100]","""""","9.9","false","{breed social-friends}","0","""default""","""none""","0"
"{citizen 24}","{citizen 2}","[128 0 127 100]","""""","9.9","false","{breed social-friends}","0","""default""","""none""","0"
"{citizen 24}","{citizen 3}","[128 0 127 100]","""""","9.9","false","{breed social-friends}","0","""default""","""none""","0"
"{citizen 24}","{citizen 4}","[128 0 127 100]","""""","9.9","false","{breed social-friends}","0","""default""","""none""","0"
"{citizen 24}","{citizen 5}","[128 0 127 100]","""""","9.9","false","{breed social-friends}","0","""default""","""none""","0"
"{citizen 24}","{citizen 6}","[128 0 127 100]","""""","9.9","false","{breed social-friends}","0","""default""","""none""","0"
"{citizen 24}","{citizen 7}","[128 0 127 100]","""""","9.9","false","{breed social-friends}","0","""default""","""none""","0"
"{citizen 24}","{citizen 8}","[128 0 127 100]","""""","9.9","false","{breed social-friends}","0","""default""","""none""","0"
"{citizen 24}","{citizen 9}","[128 0 127 100]","""""","9.9","false","{breed social-friends}","0","""default""","""none""","0"
"{citizen 24}","{citizen 10}","[128 0 127 100]","""""","9.9","false","{breed social-friends}","0","""default""","""none""","0"
"{citizen 24}","{citizen 11}","[128 0 127 100]","""""","9.9","false","{breed social-friends}","0","""default""","""none""","0"
"{citizen 24}","{citizen 12}","[128 0 127 100]","""""","9.9","false","{breed social-friends}","0","""default""","""none""","0"
"{citizen 24}","{citizen 13}","[128 0 127 100]","""""","9.9","false","{breed social-friends}","0","""default""","""none""","0"
"{citizen 24}","{citizen 14}","[128 0 127 100]","""""","9.9","false","{breed social-friends}","0","""default""","""none""","0"
"{citizen 24}","{citizen 15}","[128 0 127 100]","""""","9.9","false","{breed social-friends}","0","""default""","""none""","0"
"{citizen 24}","{citizen 16}","[128 0 127 100]","""""","9.9","false","{breed social-friends}","0","""default""","""none""","0"
"{citizen 24}","{citizen 17}","[128 0 127 100]","""""","9.9","false","{breed social-friends}","0","""default""","""none""","0"
"{citizen 24}","{citizen 18}","[128 0 127 100]","""""","9.9","false","{breed social-friends}","0","""default""","""none""","0"
"{citizen 24}","{citizen 19}","[128 0 127 100]","""""","9.9","false","{breed social-friends}","0","""default""","""none""","0"
"{citizen 24}","{citizen 20}","[128 0 127 100]","""""","9.9","false","{breed social-friends}","0","""default""","""none""","0"
"{citizen 24}","{citizen 21}","[128 0 127 100]","""""","9.9","false","{breed social-friends}","0","""default""","""none""","0"
"{citizen 24}","{citizen 22}","[128 0 127 100]","""""","9.9","false","{breed social-friends}","0","""default""","""none""","0"
"{citizen 24}","{citizen 23}","[128 0 127 100]","""""","9.9","false","{breed social-friends}","0","""default""","""none""","0"
"{citizen 24}","{citizen 25}","[128 0 127 100]","""""","9.9","false","{breed social-friends}","0","""default""","""none""","0"
"{citizen 24}","{citizen 26}","[128 0 127 100]","""""","9.9","false","{breed social-friends}","0","""default""","""none""","0"
"{citizen 24}","{citizen 27}","[128 0 127 100]","""""","9.9","false","{breed social-friends}","0","""default""","""none""","0"
"{citizen 24}","{citizen 28}","[128 0 127 100]","""""","9.9","false","{breed social-friends}","0","""default""","""none""","0"
"{citizen 24}","{citizen 29}","[128 0 127 100]","""""","9.9","false","{breed social-friends}","0","""default""","""none""","0"
"{citizen 24}","{citizen 30}","[128 0 127 100]","""""","9.9","false","{breed social-friends}","0","""default""","""none""","0"
"{citizen 24}","{citizen 31}","[128 0 127 100]","""""","9.9","false","{breed social-friends}","0","""default""","""none""","0"
"{citizen 24}","{citizen 32}","[128 0 127 100]","""""","9.9","false","{breed social-friends}","0","""default""","""none""","0"
"{citizen 24}","{citizen 33}","[128 0 127 100]","""""","9.9","false","{breed social-friends}","0","""default""","""none""","0"
"{citizen 24}","{citizen 34}","[128 0 127 100]","""""","9.9","false","{breed social-friends}","0","""default""","""none""","0"
"{citizen 24}","{citizen 35}","[128 0 127 100]","""""","9.9","false","{breed social-friends}","0","""default""","""none""","0"
"{citizen 24}","{citizen 36}","[128 0 127 100]","""""","9.9","false","{breed social-friends}","0","""default""","""none""","0"
"{citizen 24}","{citizen 37}","[128 0 127 100]","""""","9.9","false","{breed social-friends}","0","""default""","""none""","0"
"{citizen 24}","{citizen 38}","[128 0 127 100]","""""","9.9","false","{breed social-friends}","0","""default""","""none""","0"
"{citizen 24}","{citizen 39}","[128 0 127 100]","""""","9.9","false","{breed social-friends}","0","""default""","""none""","0"
"{citizen 24}","{citizen 40}","[128 0 127 100]","""""","9.9","false","{breed social-friends}","0","""default""","""none""","0"
"{citizen 24}","{citizen 41}","[128 0 127 100]","""""","9.9","false","{breed social-friends}","0","""default""","""none""","0"
"{citizen 24}","{citizen 42}","[128 0 127 100]","""""","9.9","false","{breed social-friends}","0","""default""","""none""","0"
"{citizen 24}","{citizen 43}","[128 0 127 100]","""""","9.9","false","{breed social-friends}","0","""default""","""none""","0"
"{citizen 24}","{citizen 44}","[128 0 127 100]","""""","9.9","false","{breed social-friends}","0","""default""","""none""","0"
"{citizen 24}","{citizen 45}","[128 0 127 100]","""""","9.9","false","{breed social-friends}","0","""default""","""none""","0"
"{citizen 24}","{citizen 46}","[128 0 127 100]","""""","9.9","false","{breed social-friends}","0","""default""","""none""","0"
"{citizen 24}","{citizen 47}","[128 0 127 100]","""""","9.9","false","{breed social-friends}","0","""default""","""none""","0"
"{citizen 24}","{citizen 48}","[128 0 127 100]","""""","9.9","false","{breed social-friends}","0","""default""","""none""","0"
"{citizen 24}","{citizen 49}","[128 0 127 100]","""""","9.9","false","{breed social-friends}","0","""default""","""none""","0"
"{citizen 25}","{citizen 0}","[128 0 127 100]","""""","9.9","false","{breed social-friends}","0","""default""","""none""","0"
"{citizen 25}","{citizen 1}","[128 0 127 100]","""""","9.9","false","{breed social-friends}","0","""default""","""none""","0"
"{citizen 25}","{citizen 2}","[128 0 127 100]","""""","9.9","false","{breed social-friends}","0","""default""","""none""","0"
"{citizen 25}","{citizen 3}","[128 0 127 100]","""""","9.9","false","{breed social-friends}","0","""default""","""none""","0"
"{citizen 25}","{citizen 4}","[128 0 127 100]","""""","9.9","false","{breed social-friends}","0","""default""","""none""","0"
"{citizen 25}","{citizen 5}","[128 0 127 100]","""""","9.9","false","{breed social-friends}","0","""default""","""none""","0"
"{citizen 25}","{citizen 6}","[128 0 127 100]","""""","9.9","false","{breed social-friends}","0","""default""","""none""","0"
"{citizen 25}","{citizen 7}","[128 0 127 100]","""""","9.9","false","{breed social-friends}","0","""default""","""none""","0"
"{citizen 25}","{citizen 8}","[128 0 127 100]","""""","9.9","false","{breed social-friends}","0","""default""","""none""","0"
"{citizen 25}","{citizen 9}","[128 0 127 100]","""""","9.9","false","{breed social-friends}","0","""default""","""none""","0"
"{citizen 25}","{citizen 10}","[128 0 127 100]","""""","9.9","false","{breed social-friends}","0","""default""","""none""","0"
"{citizen 25}","{citizen 11}","[128 0 127 100]","""""","9.9","false","{breed social-friends}","0","""default""","""none""","0"
"{citizen 25}","{citizen 12}","[128 0 127 100]","""""","9.9","false","{breed social-friends}","0","""default""","""none""","0"
"{citizen 25}","{citizen 13}","[128 0 127 100]","""""","9.9","false","{breed social-friends}","0","""default""","""none""","0"
"{citizen 25}","{citizen 14}","[128 0 127 100]","""""","9.9","false","{breed social-friends}","0","""default""","""none""","0"
"{citizen 25}","{citizen 15}","[128 0 127 100]","""""","9.9","false","{breed social-friends}","0","""default""","""none""","0"
"{citizen 25}","{citizen 16}","[128 0 127 100]","""""","9.9","false","{breed social-friends}","0","""default""","""none""","0"
"{citizen 25}","{citizen 17}","[128 0 127 100]","""""","9.9","false","{breed social-friends}","0","""default""","""none""","0"
"{citizen 25}","{citizen 18}","[128 0 127 100]","""""","9.9","false","{breed social-friends}","0","""default""","""none""","0"
"{citizen 25}","{citizen 19}","[128 0 127 100]","""""","9.9","false","{breed social-friends}","0","""default""","""none""","0"
"{citizen 25}","{citizen 20}","[128 0 127 100]","""""","9.9","false","{breed social-friends}","0","""default""","""none""","0"
"{citizen 25}","{citizen 21}","[128 0 127 100]","""""","9.9","false","{breed social-friends}","0","""default""","""none""","0"
"{citizen 25}","{citizen 22}","[128 0 127 100]","""""","9.9","false","{breed social-friends}","0","""default""","""none""","0"
"{citizen 25}","{citizen 23}","[128 0 127 100]","""""","9.9","false","{breed social-friends}","0","""default""","""none""","0"
"{citizen 25}","{citizen 24}","[128 0 127 100]","""""","9.9","false","{breed social-friends}","0","""default""","""none""","0"
"{citizen 25}","{citizen 26}","[128 0 127 100]","""""","9.9","false","{breed social-friends}","0","""default""","""none""","0"
"{citizen 25}","{citizen 27}","[128 0 127 100]","""""","9.9","false","{breed social-friends}","0","""default""","""none""","0"
"{citizen 25}","{citizen 28}","[128 0 127 100]","""""","9.9","false","{breed social-friends}","0","""default""","""none""","0"
"{citizen 25}","{citizen 29}","[128 0 127 100]","""""","9.9","false","{breed social-friends}","0","""default""","""none""","0"
"{citizen 25}","{citizen 30}","[128 0 127 100]","""""","9.9","false","{breed social-friends}","0","""default""","""none""","0"
"{citizen 25}","{citizen 31}","[128 0 127 100]","""""","9.9","false","{breed social-friends}","0","""default""","""none""","0"
"{citizen 25}","{citizen 32}","[128 0 127 100]","""""","9.9","false","{breed social-friends}","0","""default""","""none""","0"
"{citizen 25}","{citizen 33}","[128 0 127 100]","""""","9.9","false","{breed social-friends}","0","""default""","""none""","0"
"{citizen 25}","{citizen 34}","[128 0 127 100]","""""","9.9","false","{breed social-friends}","0","""default""","""none""","0"
"{citizen 25}","{citizen 35}","[128 0 127 100]","""""","9.9","false","{breed social-friends}","0","""default""","""none""","0"
"{citizen 25}","{citizen 36}","[128 0 127 100]","""""","9.9","false","{breed social-friends}","0","""default""","""none""","0"
"{citizen 25}","{citizen 37}","[128 0 127 100]","""""","9.9","false","{breed social-friends}","0","""default""","""none""","0"
"{citizen 25}","{citizen 38}","[128 0 127 100]","""""","9.9","false","{breed social-friends}","0","""default""","""none""","0"
"{citizen 25}","{citizen 39}","[128 0 127 100]","""""","9.9","false","{breed social-friends}","0","""default""","""none""","0"
"{citizen 25}","{citizen 40}","[128 0 127 100]","""""","9.9","false","{breed social-friends}","0","""default""","""none""","0"
"{citizen 25}","{citizen 41}","[128 0 127 100]","""""","9.9","false","{breed social-friends}","0","""default""","""none""","0"
"{citizen 25}","{citizen 42}","[128 0 127 100]","""""","9.9","false","{breed social-friends}","0","""default""","""none""","0"
"{citizen 25}","{citizen 43}","[128 0 127 100]","""""","9.9","false","{breed social-friends}","0","""default""","""none""","0"
"{citizen 25}","{citizen 44}","[128 0 127 100]","""""","9.9","false","{breed social-friends}","0","""default""","""none""","0"
"{citizen 25}","{citizen 45}","[128 0 127 100]","""""","9.9","false","{breed social-friends}","0","""default""","""none""","0"
"{citizen 25}","{citizen 46}","[128 0 127 100]","""""","9.9","false","{breed social-friends}","0","""default""","""none""","0"
"{citizen 25}","{citizen 47}","[128 0 127 100]","""""","9.9","false","{breed social-friends}","0","""default""","""none""","0"
"{citizen 25}","{citizen 48}","[128 0 127 100]","""""","9.9","false","{breed social-friends}","0","""default""","""none""","0"
"{citizen 25}","{citizen 49}","[128 0 127 100]","""""","9.9","false","{breed social-friends}","0","""default""","""none""","0"
"{citizen 26}","{citizen 0}","[128 0 127 100]","""""","9.9","false","{breed social-friends}","0","""default""","""none""","0"
"{citizen 26}","{citizen 1}","[128 0 127 100]","""""","9.9","false","{breed social-friends}","0","""default""","""none""","0"
"{citizen 26}","{citizen 2}","[128 0 127 100]","""""","9.9","false","{breed social-friends}","0","""default""","""none""","0"
"{citizen 26}","{citizen 3}","[128 0 127 100]","""""","9.9","false","{breed social-friends}","0","""default""","""none""","0"
"{citizen 26}","{citizen 4}","[128 0 127 100]","""""","9.9","false","{breed social-friends}","0","""default""","""none""","0"
"{citizen 26}","{citizen 5}","[128 0 127 100]","""""","9.9","false","{breed social-friends}","0","""default""","""none""","0"
"{citizen 26}","{citizen 6}","[128 0 127 100]","""""","9.9","false","{breed social-friends}","0","""default""","""none""","0"
"{citizen 26}","{citizen 7}","[128 0 127 100]","""""","9.9","false","{breed social-friends}","0","""default""","""none""","0"
"{citizen 26}","{citizen 8}","[128 0 127 100]","""""","9.9","false","{breed social-friends}","0","""default""","""none""","0"
"{citizen 26}","{citizen 9}","[128 0 127 100]","""""","9.9","false","{breed social-friends}","0","""default""","""none""","0"
"{citizen 26}","{citizen 10}","[128 0 127 100]","""""","9.9","false","{breed social-friends}","0","""default""","""none""","0"
"{citizen 26}","{citizen 11}","[128 0 127 100]","""""","9.9","false","{breed social-friends}","0","""default""","""none""","0"
"{citizen 26}","{citizen 12}","[128 0 127 100]","""""","9.9","false","{breed social-friends}","0","""default""","""none""","0"
"{citizen 26}","{citizen 13}","[128 0 127 100]","""""","9.9","false","{breed social-friends}","0","""default""","""none""","0"
"{citizen 26}","{citizen 14}","[128 0 127 100]","""""","9.9","false","{breed social-friends}","0","""default""","""none""","0"
"{citizen 26}","{citizen 15}","[128 0 127 100]","""""","9.9","false","{breed social-friends}","0","""default""","""none""","0"
"{citizen 26}","{citizen 16}","[128 0 127 100]","""""","9.9","false","{breed social-friends}","0","""default""","""none""","0"
"{citizen 26}","{citizen 17}","[128 0 127 100]","""""","9.9","false","{breed social-friends}","0","""default""","""none""","0"
"{citizen 26}","{citizen 18}","[128 0 127 100]","""""","9.9","false","{breed social-friends}","0","""default""","""none""","0"
"{citizen 26}","{citizen 19}","[128 0 127 100]","""""","9.9","false","{breed social-friends}","0","""default""","""none""","0"
"{citizen 26}","{citizen 20}","[128 0 127 100]","""""","9.9","false","{breed social-friends}","0","""default""","""none""","0"
"{citizen 26}","{citizen 21}","[128 0 127 100]","""""","9.9","false","{breed social-friends}","0","""default""","""none""","0"
"{citizen 26}","{citizen 22}","[128 0 127 100]","""""","9.9","false","{breed social-friends}","0","""default""","""none""","0"
"{citizen 26}","{citizen 23}","[128 0 127 100]","""""","9.9","false","{breed social-friends}","0","""default""","""none""","0"
"{citizen 26}","{citizen 24}","[128 0 127 100]","""""","9.9","false","{breed social-friends}","0","""default""","""none""","0"
"{citizen 26}","{citizen 25}","[128 0 127 100]","""""","9.9","false","{breed social-friends}","0","""default""","""none""","0"
"{citizen 26}","{citizen 27}","[128 0 127 100]","""""","9.9","false","{breed social-friends}","0","""default""","""none""","0"
"{citizen 26}","{citizen 28}","[128 0 127 100]","""""","9.9","false","{breed social-friends}","0","""default""","""none""","0"
"{citizen 26}","{citizen 29}","[128 0 127 100]","""""","9.9","false","{breed social-friends}","0","""default""","""none""","0"
"{citizen 26}","{citizen 30}","[128 0 127 100]","""""","9.9","false","{breed social-friends}","0","""default""","""none""","0"
"{citizen 26}","{citizen 31}","[128 0 127 100]","""""","9.9","false","{breed social-friends}","0","""default""","""none""","0"
"{citizen 26}","{citizen 32}","[128 0 127 100]","""""","9.9","false","{breed social-friends}","0","""default""","""none""","0"
"{citizen 26}","{citizen 33}","[128 0 127 100]","""""","9.9","false","{breed social-friends}","0","""default""","""none""","0"
"{citizen 26}","{citizen 34}","[128 0 127 100]","""""","9.9","false","{breed social-friends}","0","""default""","""none""","0"
"{citizen 26}","{citizen 35}","[128 0 127 100]","""""","9.9","false","{breed social-friends}","0","""default""","""none""","0"
"{citizen 26}","{citizen 36}","[128 0 127 100]","""""","9.9","false","{breed social-friends}","0","""default""","""none""","0"
"{citizen 26}","{citizen 37}","[128 0 127 100]","""""","9.9","false","{breed social-friends}","0","""default""","""none""","0"
"{citizen 26}","{citizen 38}","[128 0 127 100]","""""","9.9","false","{breed social-friends}","0","""default""","""none""","0"
"{citizen 26}","{citizen 39}","[128 0 127 100]","""""","9.9","false","{breed social-friends}","0","""default""","""none""","0"
"{citizen 26}","{citizen 40}","[128 0 127 100]","""""","9.9","false","{breed social-friends}","0","""default""","""none""","0"
"{citizen 26}","{citizen 41}","[128 0 127 100]","""""","9.9","false","{breed social-friends}","0","""default""","""none""","0"
"{citizen 26}","{citizen 42}","[128 0 127 100]","""""","9.9","false","{breed social-friends}","0","""default""","""none""","0"
"{citizen 26}","{citizen 43}","[128 0 127 100]","""""","9.9","false","{breed social-friends}","0","""default""","""none""","0"
"{citizen 26}","{citizen 44}","[128 0 127 100]","""""","9.9","false","{breed social-friends}","0","""default""","""none""","0"
"{citizen 26}","{citizen 45}","[128 0 127 100]","""""","9.9","false","{breed social-friends}","0","""default""","""none""","0"
"{citizen 26}","{citizen 46}","[128 0 127 100]","""""","9.9","false","{breed social-friends}","0","""default""","""none""","0"
"{citizen 26}","{citizen 47}","[128 0 127 100]","""""","9.9","false","{breed social-friends}","0","""default""","""none""","0"
"{citizen 26}","{citizen 48}","[128 0 127 100]","""""","9.9","false","{breed social-friends}","0","""default""","""none""","0"
"{citizen 26}","{citizen 49}","[128 0 127 100]","""""","9.9","false","{breed social-friends}","0","""default""","""none""","0"
"{citizen 27}","{citizen 0}","[128 0 127 100]","""""","9.9","false","{breed social-friends}","0","""default""","""none""","0"
"{citizen 27}","{citizen 1}","[128 0 127 100]","""""","9.9","false","{breed social-friends}","0","""default""","""none""","0"
"{citizen 27}","{citizen 2}","[128 0 127 100]","""""","9.9","false","{breed social-friends}","0","""default""","""none""","0"
"{citizen 27}","{citizen 3}","[128 0 127 100]","""""","9.9","false","{breed social-friends}","0","""default""","""none""","0"
"{citizen 27}","{citizen 4}","[128 0 127 100]","""""","9.9","false","{breed social-friends}","0","""default""","""none""","0"
"{citizen 27}","{citizen 5}","[128 0 127 100]","""""","9.9","false","{breed social-friends}","0","""default""","""none""","0"
"{citizen 27}","{citizen 6}","[128 0 127 100]","""""","9.9","false","{breed social-friends}","0","""default""","""none""","0"
"{citizen 27}","{citizen 7}","[128 0 127 100]","""""","9.9","false","{breed social-friends}","0","""default""","""none""","0"
"{citizen 27}","{citizen 8}","[128 0 127 100]","""""","9.9","false","{breed social-friends}","0","""default""","""none""","0"
"{citizen 27}","{citizen 9}","[128 0 127 100]","""""","9.9","false","{breed social-friends}","0","""default""","""none""","0"
"{citizen 27}","{citizen 10}","[128 0 127 100]","""""","9.9","false","{breed social-friends}","0","""default""","""none""","0"
"{citizen 27}","{citizen 11}","[128 0 127 100]","""""","9.9","false","{breed social-friends}","0","""default""","""none""","0"
"{citizen 27}","{citizen 12}","[128 0 127 100]","""""","9.9","false","{breed social-friends}","0","""default""","""none""","0"
"{citizen 27}","{citizen 13}","[128 0 127 100]","""""","9.9","false","{breed social-friends}","0","""default""","""none""","0"
"{citizen 27}","{citizen 14}","[128 0 127 100]","""""","9.9","false","{breed social-friends}","0","""default""","""none""","0"
"{citizen 27}","{citizen 15}","[128 0 127 100]","""""","9.9","false","{breed social-friends}","0","""default""","""none""","0"
"{citizen 27}","{citizen 16}","[128 0 127 100]","""""","9.9","false","{breed social-friends}","0","""default""","""none""","0"
"{citizen 27}","{citizen 17}","[128 0 127 100]","""""","9.9","false","{breed social-friends}","0","""default""","""none""","0"
"{citizen 27}","{citizen 18}","[128 0 127 100]","""""","9.9","false","{breed social-friends}","0","""default""","""none""","0"
"{citizen 27}","{citizen 19}","[128 0 127 100]","""""","9.9","false","{breed social-friends}","0","""default""","""none""","0"
"{citizen 27}","{citizen 20}","[128 0 127 100]","""""","9.9","false","{breed social-friends}","0","""default""","""none""","0"
"{citizen 27}","{citizen 21}","[128 0 127 100]","""""","9.9","false","{breed social-friends}","0","""default""","""none""","0"
"{citizen 27}","{citizen 22}","[128 0 127 100]","""""","9.9","false","{breed social-friends}","0","""default""","""none""","0"
"{citizen 27}","{citizen 23}","[128 0 127 100]","""""","9.9","false","{breed social-friends}","0","""default""","""none""","0"
"{citizen 27}","{citizen 24}","[128 0 127 100]","""""","9.9","false","{breed social-friends}","0","""default""","""none""","0"
"{citizen 27}","{citizen 25}","[128 0 127 100]","""""","9.9","false","{breed social-friends}","0","""default""","""none""","0"
"{citizen 27}","{citizen 26}","[128 0 127 100]","""""","9.9","false","{breed social-friends}","0","""default""","""none""","0"
"{citizen 27}","{citizen 28}","[128 0 127 100]","""""","9.9","false","{breed social-friends}","0","""default""","""none""","0"
"{citizen 27}","{citizen 29}","[128 0 127 100]","""""","9.9","false","{breed social-friends}","0","""default""","""none""","0"
"{citizen 27}","{citizen 30}","[128 0 127 100]","""""","9.9","false","{breed social-friends}","0","""default""","""none""","0"
"{citizen 27}","{citizen 31}","[128 0 127 100]","""""","9.9","false","{breed social-friends}","0","""default""","""none""","0"
"{citizen 27}","{citizen 32}","[128 0 127 100]","""""","9.9","false","{breed social-friends}","0","""default""","""none""","0"
"{citizen 27}","{citizen 33}","[128 0 127 100]","""""","9.9","false","{breed social-friends}","0","""default""","""none""","0"
"{citizen 27}","{citizen 34}","[128 0 127 100]","""""","9.9","false","{breed social-friends}","0","""default""","""none""","0"
"{citizen 27}","{citizen 35}","[128 0 127 100]","""""","9.9","false","{breed social-friends}","0","""default""","""none""","0"
"{citizen 27}","{citizen 36}","[128 0 127 100]","""""","9.9","false","{breed social-friends}","0","""default""","""none""","0"
"{citizen 27}","{citizen 37}","[128 0 127 100]","""""","9.9","false","{breed social-friends}","0","""default""","""none""","0"
"{citizen 27}","{citizen 38}","[128 0 127 100]","""""","9.9","false","{breed social-friends}","0","""default""","""none""","0"
"{citizen 27}","{citizen 39}","[128 0 127 100]","""""","9.9","false","{breed social-friends}","0","""default""","""none""","0"
"{citizen 27}","{citizen 40}","[128 0 127 100]","""""","9.9","false","{breed social-friends}","0","""default""","""none""","0"
"{citizen 27}","{citizen 41}","[128 0 127 100]","""""","9.9","false","{breed social-friends}","0","""default""","""none""","0"
"{citizen 27}","{citizen 42}","[128 0 127 100]","""""","9.9","false","{breed social-friends}","0","""default""","""none""","0"
"{citizen 27}","{citizen 43}","[128 0 127 100]","""""","9.9","false","{breed social-friends}","0","""default""","""none""","0"
"{citizen 27}","{citizen 44}","[128 0 127 100]","""""","9.9","false","{breed social-friends}","0","""default""","""none""","0"
"{citizen 27}","{citizen 45}","[128 0 127 100]","""""","9.9","false","{breed social-friends}","0","""default""","""none""","0"
"{citizen 27}","{citizen 46}","[128 0 127 100]","""""","9.9","false","{breed social-friends}","0","""default""","""none""","0"
"{citizen 27}","{citizen 47}","[128 0 127 100]","""""","9.9","false","{breed social-friends}","0","""default""","""none""","0"
"{citizen 27}","{citizen 48}","[128 0 127 100]","""""","9.9","false","{breed social-friends}","0","""default""","""none""","0"
"{citizen 27}","{citizen 49}","[128 0 127 100]","""""","9.9","false","{breed social-friends}","0","""default""","""none""","0"
"{citizen 28}","{citizen 0}","[128 0 127 100]","""""","9.9","false","{breed social-friends}","0","""default""","""none""","0"
"{citizen 28}","{citizen 1}","[128 0 127 100]","""""","9.9","false","{breed social-friends}","0","""default""","""none""","0"
"{citizen 28}","{citizen 2}","[128 0 127 100]","""""","9.9","false","{breed social-friends}","0","""default""","""none""","0"
"{citizen 28}","{citizen 3}","[128 0 127 100]","""""","9.9","false","{breed social-friends}","0","""default""","""none""","0"
"{citizen 28}","{citizen 4}","[128 0 127 100]","""""","9.9","false","{breed social-friends}","0","""default""","""none""","0"
"{citizen 28}","{citizen 5}","[128 0 127 100]","""""","9.9","false","{breed social-friends}","0","""default""","""none""","0"
"{citizen 28}","{citizen 6}","[128 0 127 100]","""""","9.9","false","{breed social-friends}","0","""default""","""none""","0"
"{citizen 28}","{citizen 7}","[128 0 127 100]","""""","9.9","false","{breed social-friends}","0","""default""","""none""","0"
"{citizen 28}","{citizen 8}","[128 0 127 100]","""""","9.9","false","{breed social-friends}","0","""default""","""none""","0"
"{citizen 28}","{citizen 9}","[128 0 127 100]","""""","9.9","false","{breed social-friends}","0","""default""","""none""","0"
"{citizen 28}","{citizen 10}","[128 0 127 100]","""""","9.9","false","{breed social-friends}","0","""default""","""none""","0"
"{citizen 28}","{citizen 11}","[128 0 127 100]","""""","9.9","false","{breed social-friends}","0","""default""","""none""","0"
"{citizen 28}","{citizen 12}","[128 0 127 100]","""""","9.9","false","{breed social-friends}","0","""default""","""none""","0"
"{citizen 28}","{citizen 13}","[128 0 127 100]","""""","9.9","false","{breed social-friends}","0","""default""","""none""","0"
"{citizen 28}","{citizen 14}","[128 0 127 100]","""""","9.9","false","{breed social-friends}","0","""default""","""none""","0"
"{citizen 28}","{citizen 15}","[128 0 127 100]","""""","9.9","false","{breed social-friends}","0","""default""","""none""","0"
"{citizen 28}","{citizen 16}","[128 0 127 100]","""""","9.9","false","{breed social-friends}","0","""default""","""none""","0"
"{citizen 28}","{citizen 17}","[128 0 127 100]","""""","9.9","false","{breed social-friends}","0","""default""","""none""","0"
"{citizen 28}","{citizen 18}","[128 0 127 100]","""""","9.9","false","{breed social-friends}","0","""default""","""none""","0"
"{citizen 28}","{citizen 19}","[128 0 127 100]","""""","9.9","false","{breed social-friends}","0","""default""","""none""","0"
"{citizen 28}","{citizen 20}","[128 0 127 100]","""""","9.9","false","{breed social-friends}","0","""default""","""none""","0"
"{citizen 28}","{citizen 21}","[128 0 127 100]","""""","9.9","false","{breed social-friends}","0","""default""","""none""","0"
"{citizen 28}","{citizen 22}","[128 0 127 100]","""""","9.9","false","{breed social-friends}","0","""default""","""none""","0"
"{citizen 28}","{citizen 23}","[128 0 127 100]","""""","9.9","false","{breed social-friends}","0","""default""","""none""","0"
"{citizen 28}","{citizen 24}","[128 0 127 100]","""""","9.9","false","{breed social-friends}","0","""default""","""none""","0"
"{citizen 28}","{citizen 25}","[128 0 127 100]","""""","9.9","false","{breed social-friends}","0","""default""","""none""","0"
"{citizen 28}","{citizen 26}","[128 0 127 100]","""""","9.9","false","{breed social-friends}","0","""default""","""none""","0"
"{citizen 28}","{citizen 27}","[128 0 127 100]","""""","9.9","false","{breed social-friends}","0","""default""","""none""","0"
"{citizen 28}","{citizen 29}","[128 0 127 100]","""""","9.9","false","{breed social-friends}","0","""default""","""none""","0"
"{citizen 28}","{citizen 30}","[128 0 127 100]","""""","9.9","false","{breed social-friends}","0","""default""","""none""","0"
"{citizen 28}","{citizen 31}","[128 0 127 100]","""""","9.9","false","{breed social-friends}","0","""default""","""none""","0"
"{citizen 28}","{citizen 32}","[128 0 127 100]","""""","9.9","false","{breed social-friends}","0","""default""","""none""","0"
"{citizen 28}","{citizen 33}","[128 0 127 100]","""""","9.9","false","{breed social-friends}","0","""default""","""none""","0"
"{citizen 28}","{citizen 34}","[128 0 127 100]","""""","9.9","false","{breed social-friends}","0","""default""","""none""","0"
"{citizen 28}","{citizen 35}","[128 0 127 100]","""""","9.9","false","{breed social-friends}","0","""default""","""none""","0"
"{citizen 28}","{citizen 36}","[128 0 127 100]","""""","9.9","false","{breed social-friends}","0","""default""","""none""","0"
"{citizen 28}","{citizen 37}","[128 0 127 100]","""""","9.9","false","{breed social-friends}","0","""default""","""none""","0"
"{citizen 28}","{citizen 38}","[128 0 127 100]","""""","9.9","false","{breed social-friends}","0","""default""","""none""","0"
"{citizen 28}","{citizen 39}","[128 0 127 100]","""""","9.9","false","{breed social-friends}","0","""default""","""none""","0"
"{citizen 28}","{citizen 40}","[128 0 127 100]","""""","9.9","false","{breed social-friends}","0","""default""","""none""","0"
"{citizen 28}","{citizen 41}","[128 0 127 100]","""""","9.9","false","{breed social-friends}","0","""default""","""none""","0"
"{citizen 28}","{citizen 42}","[128 0 127 100]","""""","9.9","false","{breed social-friends}","0","""default""","""none""","0"
"{citizen 28}","{citizen 43}","[128 0 127 100]","""""","9.9","false","{breed social-friends}","0","""default""","""none""","0"
"{citizen 28}","{citizen 44}","[128 0 127 100]","""""","9.9","false","{breed social-friends}","0","""default""","""none""","0"
"{citizen 28}","{citizen 45}","[128 0 127 100]","""""","9.9","false","{breed social-friends}","0","""default""","""none""","0"
"{citizen 28}","{citizen 46}","[128 0 127 100]","""""","9.9","false","{breed social-friends}","0","""default""","""none""","0"
"{citizen 28}","{citizen 47}","[128 0 127 100]","""""","9.9","false","{breed social-friends}","0","""default""","""none""","0"
"{citizen 28}","{citizen 48}","[128 0 127 100]","""""","9.9","false","{breed social-friends}","0","""default""","""none""","0"
"{citizen 28}","{citizen 49}","[128 0 127 100]","""""","9.9","false","{breed social-friends}","0","""default""","""none""","0"
"{citizen 29}","{citizen 0}","[128 0 127 100]","""""","9.9","false","{breed social-friends}","0","""default""","""none""","0"
"{citizen 29}","{citizen 1}","[128 0 127 100]","""""","9.9","false","{breed social-friends}","0","""default""","""none""","0"
"{citizen 29}","{citizen 2}","[128 0 127 100]","""""","9.9","false","{breed social-friends}","0","""default""","""none""","0"
"{citizen 29}","{citizen 3}","[128 0 127 100]","""""","9.9","false","{breed social-friends}","0","""default""","""none""","0"
"{citizen 29}","{citizen 4}","[128 0 127 100]","""""","9.9","false","{breed social-friends}","0","""default""","""none""","0"
"{citizen 29}","{citizen 5}","[128 0 127 100]","""""","9.9","false","{breed social-friends}","0","""default""","""none""","0"
"{citizen 29}","{citizen 6}","[128 0 127 100]","""""","9.9","false","{breed social-friends}","0","""default""","""none""","0"
"{citizen 29}","{citizen 7}","[128 0 127 100]","""""","9.9","false","{breed social-friends}","0","""default""","""none""","0"
"{citizen 29}","{citizen 8}","[128 0 127 100]","""""","9.9","false","{breed social-friends}","0","""default""","""none""","0"
"{citizen 29}","{citizen 9}","[128 0 127 100]","""""","9.9","false","{breed social-friends}","0","""default""","""none""","0"
"{citizen 29}","{citizen 10}","[128 0 127 100]","""""","9.9","false","{breed social-friends}","0","""default""","""none""","0"
"{citizen 29}","{citizen 11}","[128 0 127 100]","""""","9.9","false","{breed social-friends}","0","""default""","""none""","0"
"{citizen 29}","{citizen 12}","[128 0 127 100]","""""","9.9","false","{breed social-friends}","0","""default""","""none""","0"
"{citizen 29}","{citizen 13}","[128 0 127 100]","""""","9.9","false","{breed social-friends}","0","""default""","""none""","0"
"{citizen 29}","{citizen 14}","[128 0 127 100]","""""","9.9","false","{breed social-friends}","0","""default""","""none""","0"
"{citizen 29}","{citizen 15}","[128 0 127 100]","""""","9.9","false","{breed social-friends}","0","""default""","""none""","0"
"{citizen 29}","{citizen 16}","[128 0 127 100]","""""","9.9","false","{breed social-friends}","0","""default""","""none""","0"
"{citizen 29}","{citizen 17}","[128 0 127 100]","""""","9.9","false","{breed social-friends}","0","""default""","""none""","0"
"{citizen 29}","{citizen 18}","[128 0 127 100]","""""","9.9","false","{breed social-friends}","0","""default""","""none""","0"
"{citizen 29}","{citizen 19}","[128 0 127 100]","""""","9.9","false","{breed social-friends}","0","""default""","""none""","0"
"{citizen 29}","{citizen 20}","[128 0 127 100]","""""","9.9","false","{breed social-friends}","0","""default""","""none""","0"
"{citizen 29}","{citizen 21}","[128 0 127 100]","""""","9.9","false","{breed social-friends}","0","""default""","""none""","0"
"{citizen 29}","{citizen 22}","[128 0 127 100]","""""","9.9","false","{breed social-friends}","0","""default""","""none""","0"
"{citizen 29}","{citizen 23}","[128 0 127 100]","""""","9.9","false","{breed social-friends}","0","""default""","""none""","0"
"{citizen 29}","{citizen 24}","[128 0 127 100]","""""","9.9","false","{breed social-friends}","0","""default""","""none""","0"
"{citizen 29}","{citizen 25}","[128 0 127 100]","""""","9.9","false","{breed social-friends}","0","""default""","""none""","0"
"{citizen 29}","{citizen 26}","[128 0 127 100]","""""","9.9","false","{breed social-friends}","0","""default""","""none""","0"
"{citizen 29}","{citizen 27}","[128 0 127 100]","""""","9.9","false","{breed social-friends}","0","""default""","""none""","0"
"{citizen 29}","{citizen 28}","[128 0 127 100]","""""","9.9","false","{breed social-friends}","0","""default""","""none""","0"
"{citizen 29}","{citizen 30}","[128 0 127 100]","""""","9.9","false","{breed social-friends}","0","""default""","""none""","0"
"{citizen 29}","{citizen 31}","[128 0 127 100]","""""","9.9","false","{breed social-friends}","0","""default""","""none""","0"
"{citizen 29}","{citizen 32}","[128 0 127 100]","""""","9.9","false","{breed social-friends}","0","""default""","""none""","0"
"{citizen 29}","{citizen 33}","[128 0 127 100]","""""","9.9","false","{breed social-friends}","0","""default""","""none""","0"
"{citizen 29}","{citizen 34}","[128 0 127 100]","""""","9.9","false","{breed social-friends}","0","""default""","""none""","0"
"{citizen 29}","{citizen 35}","[128 0 127 100]","""""","9.9","false","{breed social-friends}","0","""default""","""none""","0"
"{citizen 29}","{citizen 36}","[128 0 127 100]","""""","9.9","false","{breed social-friends}","0","""default""","""none""","0"
"{citizen 29}","{citizen 37}","[128 0 127 100]","""""","9.9","false","{breed social-friends}","0","""default""","""none""","0"
"{citizen 29}","{citizen 38}","[128 0 127 100]","""""","9.9","false","{breed social-friends}","0","""default""","""none""","0"
"{citizen 29}","{citizen 39}","[128 0 127 100]","""""","9.9","false","{breed social-friends}","0","""default""","""none""","0"
"{citizen 29}","{citizen 40}","[128 0 127 100]","""""","9.9","false","{breed social-friends}","0","""default""","""none""","0"
"{citizen 29}","{citizen 41}","[128 0 127 100]","""""","9.9","false","{breed social-friends}","0","""default""","""none""","0"
"{citizen 29}","{citizen 42}","[128 0 127 100]","""""","9.9","false","{breed social-friends}","0","""default""","""none""","0"
"{citizen 29}","{citizen 43}","[128 0 127 100]","""""","9.9","false","{breed social-friends}","0","""default""","""none""","0"
"{citizen 29}","{citizen 44}","[128 0 127 100]","""""","9.9","false","{breed social-friends}","0","""default""","""none""","0"
"{citizen 29}","{citizen 45}","[128 0 127 100]","""""","9.9","false","{breed social-friends}","0","""default""","""none""","0"
"{citizen 29}","{citizen 46}","[128 0 127 100]","""""","9.9","false","{breed social-friends}","0","""default""","""none""","0"
"{citizen 29}","{citizen 47}","[128 0 127 100]","""""","9.9","false","{breed social-friends}","0","""default""","""none""","0"
"{citizen 29}","{citizen 48}","[128 0 127 100]","""""","9.9","false","{breed social-friends}","0","""default""","""none""","0"
"{citizen 29}","{citizen 49}","[128 0 127 100]","""""","9.9","false","{breed social-friends}","0","""default""","""none""","0"
"{citizen 30}","{citizen 0}","[128 0 127 100]","""""","9.9","false","{breed social-friends}","0","""default""","""none""","0"
"{citizen 30}","{citizen 1}","[128 0 127 100]","""""","9.9","false","{breed social-friends}","0","""default""","""none""","0"
"{citizen 30}","{citizen 2}","[128 0 127 100]","""""","9.9","false","{breed social-friends}","0","""default""","""none""","0"
"{citizen 30}","{citizen 3}","[128 0 127 100]","""""","9.9","false","{breed social-friends}","0","""default""","""none""","0"
"{citizen 30}","{citizen 4}","[128 0 127 100]","""""","9.9","false","{breed social-friends}","0","""default""","""none""","0"
"{citizen 30}","{citizen 5}","[128 0 127 100]","""""","9.9","false","{breed social-friends}","0","""default""","""none""","0"
"{citizen 30}","{citizen 6}","[128 0 127 100]","""""","9.9","false","{breed social-friends}","0","""default""","""none""","0"
"{citizen 30}","{citizen 7}","[128 0 127 100]","""""","9.9","false","{breed social-friends}","0","""default""","""none""","0"
"{citizen 30}","{citizen 8}","[128 0 127 100]","""""","9.9","false","{breed social-friends}","0","""default""","""none""","0"
"{citizen 30}","{citizen 9}","[128 0 127 100]","""""","9.9","false","{breed social-friends}","0","""default""","""none""","0"
"{citizen 30}","{citizen 10}","[128 0 127 100]","""""","9.9","false","{breed social-friends}","0","""default""","""none""","0"
"{citizen 30}","{citizen 11}","[128 0 127 100]","""""","9.9","false","{breed social-friends}","0","""default""","""none""","0"
"{citizen 30}","{citizen 12}","[128 0 127 100]","""""","9.9","false","{breed social-friends}","0","""default""","""none""","0"
"{citizen 30}","{citizen 13}","[128 0 127 100]","""""","9.9","false","{breed social-friends}","0","""default""","""none""","0"
"{citizen 30}","{citizen 14}","[128 0 127 100]","""""","9.9","false","{breed social-friends}","0","""default""","""none""","0"
"{citizen 30}","{citizen 15}","[128 0 127 100]","""""","9.9","false","{breed social-friends}","0","""default""","""none""","0"
"{citizen 30}","{citizen 16}","[128 0 127 100]","""""","9.9","false","{breed social-friends}","0","""default""","""none""","0"
"{citizen 30}","{citizen 17}","[128 0 127 100]","""""","9.9","false","{breed social-friends}","0","""default""","""none""","0"
"{citizen 30}","{citizen 18}","[128 0 127 100]","""""","9.9","false","{breed social-friends}","0","""default""","""none""","0"
"{citizen 30}","{citizen 19}","[128 0 127 100]","""""","9.9","false","{breed social-friends}","0","""default""","""none""","0"
"{citizen 30}","{citizen 20}","[128 0 127 100]","""""","9.9","false","{breed social-friends}","0","""default""","""none""","0"
"{citizen 30}","{citizen 21}","[128 0 127 100]","""""","9.9","false","{breed social-friends}","0","""default""","""none""","0"
"{citizen 30}","{citizen 22}","[128 0 127 100]","""""","9.9","false","{breed social-friends}","0","""default""","""none""","0"
"{citizen 30}","{citizen 23}","[128 0 127 100]","""""","9.9","false","{breed social-friends}","0","""default""","""none""","0"
"{citizen 30}","{citizen 24}","[128 0 127 100]","""""","9.9","false","{breed social-friends}","0","""default""","""none""","0"
"{citizen 30}","{citizen 25}","[128 0 127 100]","""""","9.9","false","{breed social-friends}","0","""default""","""none""","0"
"{citizen 30}","{citizen 26}","[128 0 127 100]","""""","9.9","false","{breed social-friends}","0","""default""","""none""","0"
"{citizen 30}","{citizen 27}","[128 0 127 100]","""""","9.9","false","{breed social-friends}","0","""default""","""none""","0"
"{citizen 30}","{citizen 28}","[128 0 127 100]","""""","9.9","false","{breed social-friends}","0","""default""","""none""","0"
"{citizen 30}","{citizen 29}","[128 0 127 100]","""""","9.9","false","{breed social-friends}","0","""default""","""none""","0"
"{citizen 30}","{citizen 31}","[128 0 127 100]","""""","9.9","false","{breed social-friends}","0","""default""","""none""","0"
"{citizen 30}","{citizen 32}","[128 0 127 100]","""""","9.9","false","{breed social-friends}","0","""default""","""none""","0"
"{citizen 30}","{citizen 33}","[128 0 127 100]","""""","9.9","false","{breed social-friends}","0","""default""","""none""","0"
"{citizen 30}","{citizen 34}","[128 0 127 100]","""""","9.9","false","{breed social-friends}","0","""default""","""none""","0"
"{citizen 30}","{citizen 35}","[128 0 127 100]","""""","9.9","false","{breed social-friends}","0","""default""","""none""","0"
"{citizen 30}","{citizen 36}","[128 0 127 100]","""""","9.9","false","{breed social-friends}","0","""default""","""none""","0"
"{citizen 30}","{citizen 37}","[128 0 127 100]","""""","9.9","false","{breed social-friends}","0","""default""","""none""","0"
"{citizen 30}","{citizen 38}","[128 0 127 100]","""""","9.9","false","{breed social-friends}","0","""default""","""none""","0"
"{citizen 30}","{citizen 39}","[128 0 127 100]","""""","9.9","false","{breed social-friends}","0","""default""","""none""","0"
"{citizen 30}","{citizen 40}","[128 0 127 100]","""""","9.9","false","{breed social-friends}","0","""default""","""none""","0"
"{citizen 30}","{citizen 41}","[128 0 127 100]","""""","9.9","false","{breed social-friends}","0","""default""","""none""","0"
"{citizen 30}","{citizen 42}","[128 0 127 100]","""""","9.9","false","{breed social-friends}","0","""default""","""none""","0"
"{citizen 30}","{citizen 43}","[128 0 127 100]","""""","9.9","false","{breed social-friends}","0","""default""","""none""","0"
"{citizen 30}","{citizen 44}","[128 0 127 100]","""""","9.9","false","{breed social-friends}","0","""default""","""none""","0"
"{citizen 30}","{citizen 45}","[128 0 127 100]","""""","9.9","false","{breed social-friends}","0","""default""","""none""","0"
"{citizen 30}","{citizen 46}","[128 0 127 100]","""""","9.9","false","{breed social-friends}","0","""default""","""none""","0"
"{citizen 30}","{citizen 47}","[128 0 127 100]","""""","9.9","false","{breed social-friends}","0","""default""","""none""","0"
"{citizen 30}","{citizen 48}","[128 0 127 100]","""""","9.9","false","{breed social-friends}","0","""default""","""none""","0"
"{citizen 30}","{citizen 49}","[128 0 127 100]","""""","9.9","false","{breed social-friends}","0","""default""","""none""","0"
"{citizen 31}","{citizen 0}","[128 0 127 100]","""""","9.9","false","{breed social-friends}","0","""default""","""none""","0"
"{citizen 31}","{citizen 1}","[128 0 127 100]","""""","9.9","false","{breed social-friends}","0","""default""","""none""","0"
"{citizen 31}","{citizen 2}","[128 0 127 100]","""""","9.9","false","{breed social-friends}","0","""default""","""none""","0"
"{citizen 31}","{citizen 3}","[128 0 127 100]","""""","9.9","false","{breed social-friends}","0","""default""","""none""","0"
"{citizen 31}","{citizen 4}","[128 0 127 100]","""""","9.9","false","{breed social-friends}","0","""default""","""none""","0"
"{citizen 31}","{citizen 5}","[128 0 127 100]","""""","9.9","false","{breed social-friends}","0","""default""","""none""","0"
"{citizen 31}","{citizen 6}","[128 0 127 100]","""""","9.9","false","{breed social-friends}","0","""default""","""none""","0"
"{citizen 31}","{citizen 7}","[128 0 127 100]","""""","9.9","false","{breed social-friends}","0","""default""","""none""","0"
"{citizen 31}","{citizen 8}","[128 0 127 100]","""""","9.9","false","{breed social-friends}","0","""default""","""none""","0"
"{citizen 31}","{citizen 9}","[128 0 127 100]","""""","9.9","false","{breed social-friends}","0","""default""","""none""","0"
"{citizen 31}","{citizen 10}","[128 0 127 100]","""""","9.9","false","{breed social-friends}","0","""default""","""none""","0"
"{citizen 31}","{citizen 11}","[128 0 127 100]","""""","9.9","false","{breed social-friends}","0","""default""","""none""","0"
"{citizen 31}","{citizen 12}","[128 0 127 100]","""""","9.9","false","{breed social-friends}","0","""default""","""none""","0"
"{citizen 31}","{citizen 13}","[128 0 127 100]","""""","9.9","false","{breed social-friends}","0","""default""","""none""","0"
"{citizen 31}","{citizen 14}","[128 0 127 100]","""""","9.9","false","{breed social-friends}","0","""default""","""none""","0"
"{citizen 31}","{citizen 15}","[128 0 127 100]","""""","9.9","false","{breed social-friends}","0","""default""","""none""","0"
"{citizen 31}","{citizen 16}","[128 0 127 100]","""""","9.9","false","{breed social-friends}","0","""default""","""none""","0"
"{citizen 31}","{citizen 17}","[128 0 127 100]","""""","9.9","false","{breed social-friends}","0","""default""","""none""","0"
"{citizen 31}","{citizen 18}","[128 0 127 100]","""""","9.9","false","{breed social-friends}","0","""default""","""none""","0"
"{citizen 31}","{citizen 19}","[128 0 127 100]","""""","9.9","false","{breed social-friends}","0","""default""","""none""","0"
"{citizen 31}","{citizen 20}","[128 0 127 100]","""""","9.9","false","{breed social-friends}","0","""default""","""none""","0"
"{citizen 31}","{citizen 21}","[128 0 127 100]","""""","9.9","false","{breed social-friends}","0","""default""","""none""","0"
"{citizen 31}","{citizen 22}","[128 0 127 100]","""""","9.9","false","{breed social-friends}","0","""default""","""none""","0"
"{citizen 31}","{citizen 23}","[128 0 127 100]","""""","9.9","false","{breed social-friends}","0","""default""","""none""","0"
"{citizen 31}","{citizen 24}","[128 0 127 100]","""""","9.9","false","{breed social-friends}","0","""default""","""none""","0"
"{citizen 31}","{citizen 25}","[128 0 127 100]","""""","9.9","false","{breed social-friends}","0","""default""","""none""","0"
"{citizen 31}","{citizen 26}","[128 0 127 100]","""""","9.9","false","{breed social-friends}","0","""default""","""none""","0"
"{citizen 31}","{citizen 27}","[128 0 127 100]","""""","9.9","false","{breed social-friends}","0","""default""","""none""","0"
"{citizen 31}","{citizen 28}","[128 0 127 100]","""""","9.9","false","{breed social-friends}","0","""default""","""none""","0"
"{citizen 31}","{citizen 29}","[128 0 127 100]","""""","9.9","false","{breed social-friends}","0","""default""","""none""","0"
"{citizen 31}","{citizen 30}","[128 0 127 100]","""""","9.9","false","{breed social-friends}","0","""default""","""none""","0"
"{citizen 31}","{citizen 32}","[128 0 127 100]","""""","9.9","false","{breed social-friends}","0","""default""","""none""","0"
"{citizen 31}","{citizen 33}","[128 0 127 100]","""""","9.9","false","{breed social-friends}","0","""default""","""none""","0"
"{citizen 31}","{citizen 34}","[128 0 127 100]","""""","9.9","false","{breed social-friends}","0","""default""","""none""","0"
"{citizen 31}","{citizen 35}","[128 0 127 100]","""""","9.9","false","{breed social-friends}","0","""default""","""none""","0"
"{citizen 31}","{citizen 36}","[128 0 127 100]","""""","9.9","false","{breed social-friends}","0","""default""","""none""","0"
"{citizen 31}","{citizen 37}","[128 0 127 100]","""""","9.9","false","{breed social-friends}","0","""default""","""none""","0"
"{citizen 31}","{citizen 38}","[128 0 127 100]","""""","9.9","false","{breed social-friends}","0","""default""","""none""","0"
"{citizen 31}","{citizen 39}","[128 0 127 100]","""""","9.9","false","{breed social-friends}","0","""default""","""none""","0"
"{citizen 31}","{citizen 40}","[128 0 127 100]","""""","9.9","false","{breed social-friends}","0","""default""","""none""","0"
"{citizen 31}","{citizen 41}","[128 0 127 100]","""""","9.9","false","{breed social-friends}","0","""default""","""none""","0"
"{citizen 31}","{citizen 42}","[128 0 127 100]","""""","9.9","false","{breed social-friends}","0","""default""","""none""","0"
"{citizen 31}","{citizen 43}","[128 0 127 100]","""""","9.9","false","{breed social-friends}","0","""default""","""none""","0"
"{citizen 31}","{citizen 44}","[128 0 127 100]","""""","9.9","false","{breed social-friends}","0","""default""","""none""","0"
"{citizen 31}","{citizen 45}","[128 0 127 100]","""""","9.9","false","{breed social-friends}","0","""default""","""none""","0"
"{citizen 31}","{citizen 46}","[128 0 127 100]","""""","9.9","false","{breed social-friends}","0","""default""","""none""","0"
"{citizen 31}","{citizen 47}","[128 0 127 100]","""""","9.9","false","{breed social-friends}","0","""default""","""none""","0"
"{citizen 31}","{citizen 48}","[128 0 127 100]","""""","9.9","false","{breed social-friends}","0","""default""","""none""","0"
"{citizen 31}","{citizen 49}","[128 0 127 100]","""""","9.9","false","{breed social-friends}","0","""default""","""none""","0"
"{citizen 32}","{citizen 0}","[128 0 127 100]","""""","9.9","false","{breed social-friends}","0","""default""","""none""","0"
"{citizen 32}","{citizen 1}","[128 0 127 100]","""""","9.9","false","{breed social-friends}","0","""default""","""none""","0"
"{citizen 32}","{citizen 2}","[128 0 127 100]","""""","9.9","false","{breed social-friends}","0","""default""","""none""","0"
"{citizen 32}","{citizen 3}","[128 0 127 100]","""""","9.9","false","{breed social-friends}","0","""default""","""none""","0"
"{citizen 32}","{citizen 4}","[128 0 127 100]","""""","9.9","false","{breed social-friends}","0","""default""","""none""","0"
"{citizen 32}","{citizen 5}","[128 0 127 100]","""""","9.9","false","{breed social-friends}","0","""default""","""none""","0"
"{citizen 32}","{citizen 6}","[128 0 127 100]","""""","9.9","false","{breed social-friends}","0","""default""","""none""","0"
"{citizen 32}","{citizen 7}","[128 0 127 100]","""""","9.9","false","{breed social-friends}","0","""default""","""none""","0"
"{citizen 32}","{citizen 8}","[128 0 127 100]","""""","9.9","false","{breed social-friends}","0","""default""","""none""","0"
"{citizen 32}","{citizen 9}","[128 0 127 100]","""""","9.9","false","{breed social-friends}","0","""default""","""none""","0"
"{citizen 32}","{citizen 10}","[128 0 127 100]","""""","9.9","false","{breed social-friends}","0","""default""","""none""","0"
"{citizen 32}","{citizen 11}","[128 0 127 100]","""""","9.9","false","{breed social-friends}","0","""default""","""none""","0"
"{citizen 32}","{citizen 12}","[128 0 127 100]","""""","9.9","false","{breed social-friends}","0","""default""","""none""","0"
"{citizen 32}","{citizen 13}","[128 0 127 100]","""""","9.9","false","{breed social-friends}","0","""default""","""none""","0"
"{citizen 32}","{citizen 14}","[128 0 127 100]","""""","9.9","false","{breed social-friends}","0","""default""","""none""","0"
"{citizen 32}","{citizen 15}","[128 0 127 100]","""""","9.9","false","{breed social-friends}","0","""default""","""none""","0"
"{citizen 32}","{citizen 16}","[128 0 127 100]","""""","9.9","false","{breed social-friends}","0","""default""","""none""","0"
"{citizen 32}","{citizen 17}","[128 0 127 100]","""""","9.9","false","{breed social-friends}","0","""default""","""none""","0"
"{citizen 32}","{citizen 18}","[128 0 127 100]","""""","9.9","false","{breed social-friends}","0","""default""","""none""","0"
"{citizen 32}","{citizen 19}","[128 0 127 100]","""""","9.9","false","{breed social-friends}","0","""default""","""none""","0"
"{citizen 32}","{citizen 20}","[128 0 127 100]","""""","9.9","false","{breed social-friends}","0","""default""","""none""","0"
"{citizen 32}","{citizen 21}","[128 0 127 100]","""""","9.9","false","{breed social-friends}","0","""default""","""none""","0"
"{citizen 32}","{citizen 22}","[128 0 127 100]","""""","9.9","false","{breed social-friends}","0","""default""","""none""","0"
"{citizen 32}","{citizen 23}","[128 0 127 100]","""""","9.9","false","{breed social-friends}","0","""default""","""none""","0"
"{citizen 32}","{citizen 24}","[128 0 127 100]","""""","9.9","false","{breed social-friends}","0","""default""","""none""","0"
"{citizen 32}","{citizen 25}","[128 0 127 100]","""""","9.9","false","{breed social-friends}","0","""default""","""none""","0"
"{citizen 32}","{citizen 26}","[128 0 127 100]","""""","9.9","false","{breed social-friends}","0","""default""","""none""","0"
"{citizen 32}","{citizen 27}","[128 0 127 100]","""""","9.9","false","{breed social-friends}","0","""default""","""none""","0"
"{citizen 32}","{citizen 28}","[128 0 127 100]","""""","9.9","false","{breed social-friends}","0","""default""","""none""","0"
"{citizen 32}","{citizen 29}","[128 0 127 100]","""""","9.9","false","{breed social-friends}","0","""default""","""none""","0"
"{citizen 32}","{citizen 30}","[128 0 127 100]","""""","9.9","false","{breed social-friends}","0","""default""","""none""","0"
"{citizen 32}","{citizen 31}","[128 0 127 100]","""""","9.9","false","{breed social-friends}","0","""default""","""none""","0"
"{citizen 32}","{citizen 33}","[128 0 127 100]","""""","9.9","false","{breed social-friends}","0","""default""","""none""","0"
"{citizen 32}","{citizen 34}","[128 0 127 100]","""""","9.9","false","{breed social-friends}","0","""default""","""none""","0"
"{citizen 32}","{citizen 35}","[128 0 127 100]","""""","9.9","false","{breed social-friends}","0","""default""","""none""","0"
"{citizen 32}","{citizen 36}","[128 0 127 100]","""""","9.9","false","{breed social-friends}","0","""default""","""none""","0"
"{citizen 32}","{citizen 37}","[128 0 127 100]","""""","9.9","false","{breed social-friends}","0","""default""","""none""","0"
"{citizen 32}","{citizen 38}","[128 0 127 100]","""""","9.9","false","{breed social-friends}","0","""default""","""none""","0"
"{citizen 32}","{citizen 39}","[128 0 127 100]","""""","9.9","false","{breed social-friends}","0","""default""","""none""","0"
"{citizen 32}","{citizen 40}","[128 0 127 100]","""""","9.9","false","{breed social-friends}","0","""default""","""none""","0"
"{citizen 32}","{citizen 41}","[128 0 127 100]","""""","9.9","false","{breed social-friends}","0","""default""","""none""","0"
"{citizen 32}","{citizen 42}","[128 0 127 100]","""""","9.9","false","{breed social-friends}","0","""default""","""none""","0"
"{citizen 32}","{citizen 43}","[128 0 127 100]","""""","9.9","false","{breed social-friends}","0","""default""","""none""","0"
"{citizen 32}","{citizen 44}","[128 0 127 100]","""""","9.9","false","{breed social-friends}","0","""default""","""none""","0"
"{citizen 32}","{citizen 45}","[128 0 127 100]","""""","9.9","false","{breed social-friends}","0","""default""","""none""","0"
"{citizen 32}","{citizen 46}","[128 0 127 100]","""""","9.9","false","{breed social-friends}","0","""default""","""none""","0"
"{citizen 32}","{citizen 47}","[128 0 127 100]","""""","9.9","false","{breed social-friends}","0","""default""","""none""","0"
"{citizen 32}","{citizen 48}","[128 0 127 100]","""""","9.9","false","{breed social-friends}","0","""default""","""none""","0"
"{citizen 32}","{citizen 49}","[128 0 127 100]","""""","9.9","false","{breed social-friends}","0","""default""","""none""","0"
"{citizen 33}","{citizen 0}","[128 0 127 100]","""""","9.9","false","{breed social-friends}","0","""default""","""none""","0"
"{citizen 33}","{citizen 1}","[128 0 127 100]","""""","9.9","false","{breed social-friends}","0","""default""","""none""","0"
"{citizen 33}","{citizen 2}","[128 0 127 100]","""""","9.9","false","{breed social-friends}","0","""default""","""none""","0"
"{citizen 33}","{citizen 3}","[128 0 127 100]","""""","9.9","false","{breed social-friends}","0","""default""","""none""","0"
"{citizen 33}","{citizen 4}","[128 0 127 100]","""""","9.9","false","{breed social-friends}","0","""default""","""none""","0"
"{citizen 33}","{citizen 5}","[128 0 127 100]","""""","9.9","false","{breed social-friends}","0","""default""","""none""","0"
"{citizen 33}","{citizen 6}","[128 0 127 100]","""""","9.9","false","{breed social-friends}","0","""default""","""none""","0"
"{citizen 33}","{citizen 7}","[128 0 127 100]","""""","9.9","false","{breed social-friends}","0","""default""","""none""","0"
"{citizen 33}","{citizen 8}","[128 0 127 100]","""""","9.9","false","{breed social-friends}","0","""default""","""none""","0"
"{citizen 33}","{citizen 9}","[128 0 127 100]","""""","9.9","false","{breed social-friends}","0","""default""","""none""","0"
"{citizen 33}","{citizen 10}","[128 0 127 100]","""""","9.9","false","{breed social-friends}","0","""default""","""none""","0"
"{citizen 33}","{citizen 11}","[128 0 127 100]","""""","9.9","false","{breed social-friends}","0","""default""","""none""","0"
"{citizen 33}","{citizen 12}","[128 0 127 100]","""""","9.9","false","{breed social-friends}","0","""default""","""none""","0"
"{citizen 33}","{citizen 13}","[128 0 127 100]","""""","9.9","false","{breed social-friends}","0","""default""","""none""","0"
"{citizen 33}","{citizen 14}","[128 0 127 100]","""""","9.9","false","{breed social-friends}","0","""default""","""none""","0"
"{citizen 33}","{citizen 15}","[128 0 127 100]","""""","9.9","false","{breed social-friends}","0","""default""","""none""","0"
"{citizen 33}","{citizen 16}","[128 0 127 100]","""""","9.9","false","{breed social-friends}","0","""default""","""none""","0"
"{citizen 33}","{citizen 17}","[128 0 127 100]","""""","9.9","false","{breed social-friends}","0","""default""","""none""","0"
"{citizen 33}","{citizen 18}","[128 0 127 100]","""""","9.9","false","{breed social-friends}","0","""default""","""none""","0"
"{citizen 33}","{citizen 19}","[128 0 127 100]","""""","9.9","false","{breed social-friends}","0","""default""","""none""","0"
"{citizen 33}","{citizen 20}","[128 0 127 100]","""""","9.9","false","{breed social-friends}","0","""default""","""none""","0"
"{citizen 33}","{citizen 21}","[128 0 127 100]","""""","9.9","false","{breed social-friends}","0","""default""","""none""","0"
"{citizen 33}","{citizen 22}","[128 0 127 100]","""""","9.9","false","{breed social-friends}","0","""default""","""none""","0"
"{citizen 33}","{citizen 23}","[128 0 127 100]","""""","9.9","false","{breed social-friends}","0","""default""","""none""","0"
"{citizen 33}","{citizen 24}","[128 0 127 100]","""""","9.9","false","{breed social-friends}","0","""default""","""none""","0"
"{citizen 33}","{citizen 25}","[128 0 127 100]","""""","9.9","false","{breed social-friends}","0","""default""","""none""","0"
"{citizen 33}","{citizen 26}","[128 0 127 100]","""""","9.9","false","{breed social-friends}","0","""default""","""none""","0"
"{citizen 33}","{citizen 27}","[128 0 127 100]","""""","9.9","false","{breed social-friends}","0","""default""","""none""","0"
"{citizen 33}","{citizen 28}","[128 0 127 100]","""""","9.9","false","{breed social-friends}","0","""default""","""none""","0"
"{citizen 33}","{citizen 29}","[128 0 127 100]","""""","9.9","false","{breed social-friends}","0","""default""","""none""","0"
"{citizen 33}","{citizen 30}","[128 0 127 100]","""""","9.9","false","{breed social-friends}","0","""default""","""none""","0"
"{citizen 33}","{citizen 31}","[128 0 127 100]","""""","9.9","false","{breed social-friends}","0","""default""","""none""","0"
"{citizen 33}","{citizen 32}","[128 0 127 100]","""""","9.9","false","{breed social-friends}","0","""default""","""none""","0"
"{citizen 33}","{citizen 34}","[128 0 127 100]","""""","9.9","false","{breed social-friends}","0","""default""","""none""","0"
"{citizen 33}","{citizen 35}","[128 0 127 100]","""""","9.9","false","{breed social-friends}","0","""default""","""none""","0"
"{citizen 33}","{citizen 36}","[128 0 127 100]","""""","9.9","false","{breed social-friends}","0","""default""","""none""","0"
"{citizen 33}","{citizen 37}","[128 0 127 100]","""""","9.9","false","{breed social-friends}","0","""default""","""none""","0"
"{citizen 33}","{citizen 38}","[128 0 127 100]","""""","9.9","false","{breed social-friends}","0","""default""","""none""","0"
"{citizen 33}","{citizen 39}","[128 0 127 100]","""""","9.9","false","{breed social-friends}","0","""default""","""none""","0"
"{citizen 33}","{citizen 40}","[128 0 127 100]","""""","9.9","false","{breed social-friends}","0","""default""","""none""","0"
"{citizen 33}","{citizen 41}","[128 0 127 100]","""""","9.9","false","{breed social-friends}","0","""default""","""none""","0"
"{citizen 33}","{citizen 42}","[128 0 127 100]","""""","9.9","false","{breed social-friends}","0","""default""","""none""","0"
"{citizen 33}","{citizen 43}","[128 0 127 100]","""""","9.9","false","{breed social-friends}","0","""default""","""none""","0"
"{citizen 33}","{citizen 44}","[128 0 127 100]","""""","9.9","false","{breed social-friends}","0","""default""","""none""","0"
"{citizen 33}","{citizen 45}","[128 0 127 100]","""""","9.9","false","{breed social-friends}","0","""default""","""none""","0"
"{citizen 33}","{citizen 46}","[128 0 127 100]","""""","9.9","false","{breed social-friends}","0","""default""","""none""","0"
"{citizen 33}","{citizen 47}","[128 0 127 100]","""""","9.9","false","{breed social-friends}","0","""default""","""none""","0"
"{citizen 33}","{citizen 48}","[128 0 127 100]","""""","9.9","false","{breed social-friends}","0","""default""","""none""","0"
"{citizen 33}","{citizen 49}","[128 0 127 100]","""""","9.9","false","{breed social-friends}","0","""default""","""none""","0"
"{citizen 34}","{citizen 0}","[128 0 127 100]","""""","9.9","false","{breed social-friends}","0","""default""","""none""","0"
"{citizen 34}","{citizen 1}","[128 0 127 100]","""""","9.9","false","{breed social-friends}","0","""default""","""none""","0"
"{citizen 34}","{citizen 2}","[128 0 127 100]","""""","9.9","false","{breed social-friends}","0","""default""","""none""","0"
"{citizen 34}","{citizen 3}","[128 0 127 100]","""""","9.9","false","{breed social-friends}","0","""default""","""none""","0"
"{citizen 34}","{citizen 4}","[128 0 127 100]","""""","9.9","false","{breed social-friends}","0","""default""","""none""","0"
"{citizen 34}","{citizen 5}","[128 0 127 100]","""""","9.9","false","{breed social-friends}","0","""default""","""none""","0"
"{citizen 34}","{citizen 6}","[128 0 127 100]","""""","9.9","false","{breed social-friends}","0","""default""","""none""","0"
"{citizen 34}","{citizen 7}","[128 0 127 100]","""""","9.9","false","{breed social-friends}","0","""default""","""none""","0"
"{citizen 34}","{citizen 8}","[128 0 127 100]","""""","9.9","false","{breed social-friends}","0","""default""","""none""","0"
"{citizen 34}","{citizen 9}","[128 0 127 100]","""""","9.9","false","{breed social-friends}","0","""default""","""none""","0"
"{citizen 34}","{citizen 10}","[128 0 127 100]","""""","9.9","false","{breed social-friends}","0","""default""","""none""","0"
"{citizen 34}","{citizen 11}","[128 0 127 100]","""""","9.9","false","{breed social-friends}","0","""default""","""none""","0"
"{citizen 34}","{citizen 12}","[128 0 127 100]","""""","9.9","false","{breed social-friends}","0","""default""","""none""","0"
"{citizen 34}","{citizen 13}","[128 0 127 100]","""""","9.9","false","{breed social-friends}","0","""default""","""none""","0"
"{citizen 34}","{citizen 14}","[128 0 127 100]","""""","9.9","false","{breed social-friends}","0","""default""","""none""","0"
"{citizen 34}","{citizen 15}","[128 0 127 100]","""""","9.9","false","{breed social-friends}","0","""default""","""none""","0"
"{citizen 34}","{citizen 16}","[128 0 127 100]","""""","9.9","false","{breed social-friends}","0","""default""","""none""","0"
"{citizen 34}","{citizen 17}","[128 0 127 100]","""""","9.9","false","{breed social-friends}","0","""default""","""none""","0"
"{citizen 34}","{citizen 18}","[128 0 127 100]","""""","9.9","false","{breed social-friends}","0","""default""","""none""","0"
"{citizen 34}","{citizen 19}","[128 0 127 100]","""""","9.9","false","{breed social-friends}","0","""default""","""none""","0"
"{citizen 34}","{citizen 20}","[128 0 127 100]","""""","9.9","false","{breed social-friends}","0","""default""","""none""","0"
"{citizen 34}","{citizen 21}","[128 0 127 100]","""""","9.9","false","{breed social-friends}","0","""default""","""none""","0"
"{citizen 34}","{citizen 22}","[128 0 127 100]","""""","9.9","false","{breed social-friends}","0","""default""","""none""","0"
"{citizen 34}","{citizen 23}","[128 0 127 100]","""""","9.9","false","{breed social-friends}","0","""default""","""none""","0"
"{citizen 34}","{citizen 24}","[128 0 127 100]","""""","9.9","false","{breed social-friends}","0","""default""","""none""","0"
"{citizen 34}","{citizen 25}","[128 0 127 100]","""""","9.9","false","{breed social-friends}","0","""default""","""none""","0"
"{citizen 34}","{citizen 26}","[128 0 127 100]","""""","9.9","false","{breed social-friends}","0","""default""","""none""","0"
"{citizen 34}","{citizen 27}","[128 0 127 100]","""""","9.9","false","{breed social-friends}","0","""default""","""none""","0"
"{citizen 34}","{citizen 28}","[128 0 127 100]","""""","9.9","false","{breed social-friends}","0","""default""","""none""","0"
"{citizen 34}","{citizen 29}","[128 0 127 100]","""""","9.9","false","{breed social-friends}","0","""default""","""none""","0"
"{citizen 34}","{citizen 30}","[128 0 127 100]","""""","9.9","false","{breed social-friends}","0","""default""","""none""","0"
"{citizen 34}","{citizen 31}","[128 0 127 100]","""""","9.9","false","{breed social-friends}","0","""default""","""none""","0"
"{citizen 34}","{citizen 32}","[128 0 127 100]","""""","9.9","false","{breed social-friends}","0","""default""","""none""","0"
"{citizen 34}","{citizen 33}","[128 0 127 100]","""""","9.9","false","{breed social-friends}","0","""default""","""none""","0"
"{citizen 34}","{citizen 35}","[128 0 127 100]","""""","9.9","false","{breed social-friends}","0","""default""","""none""","0"
"{citizen 34}","{citizen 36}","[128 0 127 100]","""""","9.9","false","{breed social-friends}","0","""default""","""none""","0"
"{citizen 34}","{citizen 37}","[128 0 127 100]","""""","9.9","false","{breed social-friends}","0","""default""","""none""","0"
"{citizen 34}","{citizen 38}","[128 0 127 100]","""""","9.9","false","{breed social-friends}","0","""default""","""none""","0"
"{citizen 34}","{citizen 39}","[128 0 127 100]","""""","9.9","false","{breed social-friends}","0","""default""","""none""","0"
"{citizen 34}","{citizen 40}","[128 0 127 100]","""""","9.9","false","{breed social-friends}","0","""default""","""none""","0"
"{citizen 34}","{citizen 41}","[128 0 127 100]","""""","9.9","false","{breed social-friends}","0","""default""","""none""","0"
"{citizen 34}","{citizen 42}","[128 0 127 100]","""""","9.9","false","{breed social-friends}","0","""default""","""none""","0"
"{citizen 34}","{citizen 43}","[128 0 127 100]","""""","9.9","false","{breed social-friends}","0","""default""","""none""","0"
"{citizen 34}","{citizen 44}","[128 0 127 100]","""""","9.9","false","{breed social-friends}","0","""default""","""none""","0"
"{citizen 34}","{citizen 45}","[128 0 127 100]","""""","9.9","false","{breed social-friends}","0","""default""","""none""","0"
"{citizen 34}","{citizen 46}","[128 0 127 100]","""""","9.9","false","{breed social-friends}","0","""default""","""none""","0"
"{citizen 34}","{citizen 47}","[128 0 127 100]","""""","9.9","false","{breed social-friends}","0","""default""","""none""","0"
"{citizen 34}","{citizen 48}","[128 0 127 100]","""""","9.9","false","{breed social-friends}","0","""default""","""none""","0"
"{citizen 34}","{citizen 49}","[128 0 127 100]","""""","9.9","false","{breed social-friends}","0","""default""","""none""","0"
"{citizen 35}","{citizen 0}","[128 0 127 100]","""""","9.9","false","{breed social-friends}","0","""default""","""none""","0"
"{citizen 35}","{citizen 1}","[128 0 127 100]","""""","9.9","false","{breed social-friends}","0","""default""","""none""","0"
"{citizen 35}","{citizen 2}","[128 0 127 100]","""""","9.9","false","{breed social-friends}","0","""default""","""none""","0"
"{citizen 35}","{citizen 3}","[128 0 127 100]","""""","9.9","false","{breed social-friends}","0","""default""","""none""","0"
"{citizen 35}","{citizen 4}","[128 0 127 100]","""""","9.9","false","{breed social-friends}","0","""default""","""none""","0"
"{citizen 35}","{citizen 5}","[128 0 127 100]","""""","9.9","false","{breed social-friends}","0","""default""","""none""","0"
"{citizen 35}","{citizen 6}","[128 0 127 100]","""""","9.9","false","{breed social-friends}","0","""default""","""none""","0"
"{citizen 35}","{citizen 7}","[128 0 127 100]","""""","9.9","false","{breed social-friends}","0","""default""","""none""","0"
"{citizen 35}","{citizen 8}","[128 0 127 100]","""""","9.9","false","{breed social-friends}","0","""default""","""none""","0"
"{citizen 35}","{citizen 9}","[128 0 127 100]","""""","9.9","false","{breed social-friends}","0","""default""","""none""","0"
"{citizen 35}","{citizen 10}","[128 0 127 100]","""""","9.9","false","{breed social-friends}","0","""default""","""none""","0"
"{citizen 35}","{citizen 11}","[128 0 127 100]","""""","9.9","false","{breed social-friends}","0","""default""","""none""","0"
"{citizen 35}","{citizen 12}","[128 0 127 100]","""""","9.9","false","{breed social-friends}","0","""default""","""none""","0"
"{citizen 35}","{citizen 13}","[128 0 127 100]","""""","9.9","false","{breed social-friends}","0","""default""","""none""","0"
"{citizen 35}","{citizen 14}","[128 0 127 100]","""""","9.9","false","{breed social-friends}","0","""default""","""none""","0"
"{citizen 35}","{citizen 15}","[128 0 127 100]","""""","9.9","false","{breed social-friends}","0","""default""","""none""","0"
"{citizen 35}","{citizen 16}","[128 0 127 100]","""""","9.9","false","{breed social-friends}","0","""default""","""none""","0"
"{citizen 35}","{citizen 17}","[128 0 127 100]","""""","9.9","false","{breed social-friends}","0","""default""","""none""","0"
"{citizen 35}","{citizen 18}","[128 0 127 100]","""""","9.9","false","{breed social-friends}","0","""default""","""none""","0"
"{citizen 35}","{citizen 19}","[128 0 127 100]","""""","9.9","false","{breed social-friends}","0","""default""","""none""","0"
"{citizen 35}","{citizen 20}","[128 0 127 100]","""""","9.9","false","{breed social-friends}","0","""default""","""none""","0"
"{citizen 35}","{citizen 21}","[128 0 127 100]","""""","9.9","false","{breed social-friends}","0","""default""","""none""","0"
"{citizen 35}","{citizen 22}","[128 0 127 100]","""""","9.9","false","{breed social-friends}","0","""default""","""none""","0"
"{citizen 35}","{citizen 23}","[128 0 127 100]","""""","9.9","false","{breed social-friends}","0","""default""","""none""","0"
"{citizen 35}","{citizen 24}","[128 0 127 100]","""""","9.9","false","{breed social-friends}","0","""default""","""none""","0"
"{citizen 35}","{citizen 25}","[128 0 127 100]","""""","9.9","false","{breed social-friends}","0","""default""","""none""","0"
"{citizen 35}","{citizen 26}","[128 0 127 100]","""""","9.9","false","{breed social-friends}","0","""default""","""none""","0"
"{citizen 35}","{citizen 27}","[128 0 127 100]","""""","9.9","false","{breed social-friends}","0","""default""","""none""","0"
"{citizen 35}","{citizen 28}","[128 0 127 100]","""""","9.9","false","{breed social-friends}","0","""default""","""none""","0"
"{citizen 35}","{citizen 29}","[128 0 127 100]","""""","9.9","false","{breed social-friends}","0","""default""","""none""","0"
"{citizen 35}","{citizen 30}","[128 0 127 100]","""""","9.9","false","{breed social-friends}","0","""default""","""none""","0"
"{citizen 35}","{citizen 31}","[128 0 127 100]","""""","9.9","false","{breed social-friends}","0","""default""","""none""","0"
"{citizen 35}","{citizen 32}","[128 0 127 100]","""""","9.9","false","{breed social-friends}","0","""default""","""none""","0"
"{citizen 35}","{citizen 33}","[128 0 127 100]","""""","9.9","false","{breed social-friends}","0","""default""","""none""","0"
"{citizen 35}","{citizen 34}","[128 0 127 100]","""""","9.9","false","{breed social-friends}","0","""default""","""none""","0"
"{citizen 35}","{citizen 36}","[128 0 127 100]","""""","9.9","false","{breed social-friends}","0","""default""","""none""","0"
"{citizen 35}","{citizen 37}","[128 0 127 100]","""""","9.9","false","{breed social-friends}","0","""default""","""none""","0"
"{citizen 35}","{citizen 38}","[128 0 127 100]","""""","9.9","false","{breed social-friends}","0","""default""","""none""","0"
"{citizen 35}","{citizen 39}","[128 0 127 100]","""""","9.9","false","{breed social-friends}","0","""default""","""none""","0"
"{citizen 35}","{citizen 40}","[128 0 127 100]","""""","9.9","false","{breed social-friends}","0","""default""","""none""","0"
"{citizen 35}","{citizen 41}","[128 0 127 100]","""""","9.9","false","{breed social-friends}","0","""default""","""none""","0"
"{citizen 35}","{citizen 42}","[128 0 127 100]","""""","9.9","false","{breed social-friends}","0","""default""","""none""","0"
"{citizen 35}","{citizen 43}","[128 0 127 100]","""""","9.9","false","{breed social-friends}","0","""default""","""none""","0"
"{citizen 35}","{citizen 44}","[128 0 127 100]","""""","9.9","false","{breed social-friends}","0","""default""","""none""","0"
"{citizen 35}","{citizen 45}","[128 0 127 100]","""""","9.9","false","{breed social-friends}","0","""default""","""none""","0"
"{citizen 35}","{citizen 46}","[128 0 127 100]","""""","9.9","false","{breed social-friends}","0","""default""","""none""","0"
"{citizen 35}","{citizen 47}","[128 0 127 100]","""""","9.9","false","{breed social-friends}","0","""default""","""none""","0"
"{citizen 35}","{citizen 48}","[128 0 127 100]","""""","9.9","false","{breed social-friends}","0","""default""","""none""","0"
"{citizen 35}","{citizen 49}","[128 0 127 100]","""""","9.9","false","{breed social-friends}","0","""default""","""none""","0"
"{citizen 36}","{citizen 0}","[128 0 127 100]","""""","9.9","false","{breed social-friends}","0","""default""","""none""","0"
"{citizen 36}","{citizen 1}","[128 0 127 100]","""""","9.9","false","{breed social-friends}","0","""default""","""none""","0"
"{citizen 36}","{citizen 2}","[128 0 127 100]","""""","9.9","false","{breed social-friends}","0","""default""","""none""","0"
"{citizen 36}","{citizen 3}","[128 0 127 100]","""""","9.9","false","{breed social-friends}","0","""default""","""none""","0"
"{citizen 36}","{citizen 4}","[128 0 127 100]","""""","9.9","false","{breed social-friends}","0","""default""","""none""","0"
"{citizen 36}","{citizen 5}","[128 0 127 100]","""""","9.9","false","{breed social-friends}","0","""default""","""none""","0"
"{citizen 36}","{citizen 6}","[128 0 127 100]","""""","9.9","false","{breed social-friends}","0","""default""","""none""","0"
"{citizen 36}","{citizen 7}","[128 0 127 100]","""""","9.9","false","{breed social-friends}","0","""default""","""none""","0"
"{citizen 36}","{citizen 8}","[128 0 127 100]","""""","9.9","false","{breed social-friends}","0","""default""","""none""","0"
"{citizen 36}","{citizen 9}","[128 0 127 100]","""""","9.9","false","{breed social-friends}","0","""default""","""none""","0"
"{citizen 36}","{citizen 10}","[128 0 127 100]","""""","9.9","false","{breed social-friends}","0","""default""","""none""","0"
"{citizen 36}","{citizen 11}","[128 0 127 100]","""""","9.9","false","{breed social-friends}","0","""default""","""none""","0"
"{citizen 36}","{citizen 12}","[128 0 127 100]","""""","9.9","false","{breed social-friends}","0","""default""","""none""","0"
"{citizen 36}","{citizen 13}","[128 0 127 100]","""""","9.9","false","{breed social-friends}","0","""default""","""none""","0"
"{citizen 36}","{citizen 14}","[128 0 127 100]","""""","9.9","false","{breed social-friends}","0","""default""","""none""","0"
"{citizen 36}","{citizen 15}","[128 0 127 100]","""""","9.9","false","{breed social-friends}","0","""default""","""none""","0"
"{citizen 36}","{citizen 16}","[128 0 127 100]","""""","9.9","false","{breed social-friends}","0","""default""","""none""","0"
"{citizen 36}","{citizen 17}","[128 0 127 100]","""""","9.9","false","{breed social-friends}","0","""default""","""none""","0"
"{citizen 36}","{citizen 18}","[128 0 127 100]","""""","9.9","false","{breed social-friends}","0","""default""","""none""","0"
"{citizen 36}","{citizen 19}","[128 0 127 100]","""""","9.9","false","{breed social-friends}","0","""default""","""none""","0"
"{citizen 36}","{citizen 20}","[128 0 127 100]","""""","9.9","false","{breed social-friends}","0","""default""","""none""","0"
"{citizen 36}","{citizen 21}","[128 0 127 100]","""""","9.9","false","{breed social-friends}","0","""default""","""none""","0"
"{citizen 36}","{citizen 22}","[128 0 127 100]","""""","9.9","false","{breed social-friends}","0","""default""","""none""","0"
"{citizen 36}","{citizen 23}","[128 0 127 100]","""""","9.9","false","{breed social-friends}","0","""default""","""none""","0"
"{citizen 36}","{citizen 24}","[128 0 127 100]","""""","9.9","false","{breed social-friends}","0","""default""","""none""","0"
"{citizen 36}","{citizen 25}","[128 0 127 100]","""""","9.9","false","{breed social-friends}","0","""default""","""none""","0"
"{citizen 36}","{citizen 26}","[128 0 127 100]","""""","9.9","false","{breed social-friends}","0","""default""","""none""","0"
"{citizen 36}","{citizen 27}","[128 0 127 100]","""""","9.9","false","{breed social-friends}","0","""default""","""none""","0"
"{citizen 36}","{citizen 28}","[128 0 127 100]","""""","9.9","false","{breed social-friends}","0","""default""","""none""","0"
"{citizen 36}","{citizen 29}","[128 0 127 100]","""""","9.9","false","{breed social-friends}","0","""default""","""none""","0"
"{citizen 36}","{citizen 30}","[128 0 127 100]","""""","9.9","false","{breed social-friends}","0","""default""","""none""","0"
"{citizen 36}","{citizen 31}","[128 0 127 100]","""""","9.9","false","{breed social-friends}","0","""default""","""none""","0"
"{citizen 36}","{citizen 32}","[128 0 127 100]","""""","9.9","false","{breed social-friends}","0","""default""","""none""","0"
"{citizen 36}","{citizen 33}","[128 0 127 100]","""""","9.9","false","{breed social-friends}","0","""default""","""none""","0"
"{citizen 36}","{citizen 34}","[128 0 127 100]","""""","9.9","false","{breed social-friends}","0","""default""","""none""","0"
"{citizen 36}","{citizen 35}","[128 0 127 100]","""""","9.9","false","{breed social-friends}","0","""default""","""none""","0"
"{citizen 36}","{citizen 37}","[128 0 127 100]","""""","9.9","false","{breed social-friends}","0","""default""","""none""","0"
"{citizen 36}","{citizen 38}","[128 0 127 100]","""""","9.9","false","{breed social-friends}","0","""default""","""none""","0"
"{citizen 36}","{citizen 39}","[128 0 127 100]","""""","9.9","false","{breed social-friends}","0","""default""","""none""","0"
"{citizen 36}","{citizen 40}","[128 0 127 100]","""""","9.9","false","{breed social-friends}","0","""default""","""none""","0"
"{citizen 36}","{citizen 41}","[128 0 127 100]","""""","9.9","false","{breed social-friends}","0","""default""","""none""","0"
"{citizen 36}","{citizen 42}","[128 0 127 100]","""""","9.9","false","{breed social-friends}","0","""default""","""none""","0"
"{citizen 36}","{citizen 43}","[128 0 127 100]","""""","9.9","false","{breed social-friends}","0","""default""","""none""","0"
"{citizen 36}","{citizen 44}","[128 0 127 100]","""""","9.9","false","{breed social-friends}","0","""default""","""none""","0"
"{citizen 36}","{citizen 45}","[128 0 127 100]","""""","9.9","false","{breed social-friends}","0","""default""","""none""","0"
"{citizen 36}","{citizen 46}","[128 0 127 100]","""""","9.9","false","{breed social-friends}","0","""default""","""none""","0"
"{citizen 36}","{citizen 47}","[128 0 127 100]","""""","9.9","false","{breed social-friends}","0","""default""","""none""","0"
"{citizen 36}","{citizen 48}","[128 0 127 100]","""""","9.9","false","{breed social-friends}","0","""default""","""none""","0"
"{citizen 36}","{citizen 49}","[128 0 127 100]","""""","9.9","false","{breed social-friends}","0","""default""","""none""","0"
"{citizen 37}","{citizen 0}","[128 0 127 100]","""""","9.9","false","{breed social-friends}","0","""default""","""none""","0"
"{citizen 37}","{citizen 1}","[128 0 127 100]","""""","9.9","false","{breed social-friends}","0","""default""","""none""","0"
"{citizen 37}","{citizen 2}","[128 0 127 100]","""""","9.9","false","{breed social-friends}","0","""default""","""none""","0"
"{citizen 37}","{citizen 3}","[128 0 127 100]","""""","9.9","false","{breed social-friends}","0","""default""","""none""","0"
"{citizen 37}","{citizen 4}","[128 0 127 100]","""""","9.9","false","{breed social-friends}","0","""default""","""none""","0"
"{citizen 37}","{citizen 5}","[128 0 127 100]","""""","9.9","false","{breed social-friends}","0","""default""","""none""","0"
"{citizen 37}","{citizen 6}","[128 0 127 100]","""""","9.9","false","{breed social-friends}","0","""default""","""none""","0"
"{citizen 37}","{citizen 7}","[128 0 127 100]","""""","9.9","false","{breed social-friends}","0","""default""","""none""","0"
"{citizen 37}","{citizen 8}","[128 0 127 100]","""""","9.9","false","{breed social-friends}","0","""default""","""none""","0"
"{citizen 37}","{citizen 9}","[128 0 127 100]","""""","9.9","false","{breed social-friends}","0","""default""","""none""","0"
"{citizen 37}","{citizen 10}","[128 0 127 100]","""""","9.9","false","{breed social-friends}","0","""default""","""none""","0"
"{citizen 37}","{citizen 11}","[128 0 127 100]","""""","9.9","false","{breed social-friends}","0","""default""","""none""","0"
"{citizen 37}","{citizen 12}","[128 0 127 100]","""""","9.9","false","{breed social-friends}","0","""default""","""none""","0"
"{citizen 37}","{citizen 13}","[128 0 127 100]","""""","9.9","false","{breed social-friends}","0","""default""","""none""","0"
"{citizen 37}","{citizen 14}","[128 0 127 100]","""""","9.9","false","{breed social-friends}","0","""default""","""none""","0"
"{citizen 37}","{citizen 15}","[128 0 127 100]","""""","9.9","false","{breed social-friends}","0","""default""","""none""","0"
"{citizen 37}","{citizen 16}","[128 0 127 100]","""""","9.9","false","{breed social-friends}","0","""default""","""none""","0"
"{citizen 37}","{citizen 17}","[128 0 127 100]","""""","9.9","false","{breed social-friends}","0","""default""","""none""","0"
"{citizen 37}","{citizen 18}","[128 0 127 100]","""""","9.9","false","{breed social-friends}","0","""default""","""none""","0"
"{citizen 37}","{citizen 19}","[128 0 127 100]","""""","9.9","false","{breed social-friends}","0","""default""","""none""","0"
"{citizen 37}","{citizen 20}","[128 0 127 100]","""""","9.9","false","{breed social-friends}","0","""default""","""none""","0"
"{citizen 37}","{citizen 21}","[128 0 127 100]","""""","9.9","false","{breed social-friends}","0","""default""","""none""","0"
"{citizen 37}","{citizen 22}","[128 0 127 100]","""""","9.9","false","{breed social-friends}","0","""default""","""none""","0"
"{citizen 37}","{citizen 23}","[128 0 127 100]","""""","9.9","false","{breed social-friends}","0","""default""","""none""","0"
"{citizen 37}","{citizen 24}","[128 0 127 100]","""""","9.9","false","{breed social-friends}","0","""default""","""none""","0"
"{citizen 37}","{citizen 25}","[128 0 127 100]","""""","9.9","false","{breed social-friends}","0","""default""","""none""","0"
"{citizen 37}","{citizen 26}","[128 0 127 100]","""""","9.9","false","{breed social-friends}","0","""default""","""none""","0"
"{citizen 37}","{citizen 27}","[128 0 127 100]","""""","9.9","false","{breed social-friends}","0","""default""","""none""","0"
"{citizen 37}","{citizen 28}","[128 0 127 100]","""""","9.9","false","{breed social-friends}","0","""default""","""none""","0"
"{citizen 37}","{citizen 29}","[128 0 127 100]","""""","9.9","false","{breed social-friends}","0","""default""","""none""","0"
"{citizen 37}","{citizen 30}","[128 0 127 100]","""""","9.9","false","{breed social-friends}","0","""default""","""none""","0"
"{citizen 37}","{citizen 31}","[128 0 127 100]","""""","9.9","false","{breed social-friends}","0","""default""","""none""","0"
"{citizen 37}","{citizen 32}","[128 0 127 100]","""""","9.9","false","{breed social-friends}","0","""default""","""none""","0"
"{citizen 37}","{citizen 33}","[128 0 127 100]","""""","9.9","false","{breed social-friends}","0","""default""","""none""","0"
"{citizen 37}","{citizen 34}","[128 0 127 100]","""""","9.9","false","{breed social-friends}","0","""default""","""none""","0"
"{citizen 37}","{citizen 35}","[128 0 127 100]","""""","9.9","false","{breed social-friends}","0","""default""","""none""","0"
"{citizen 37}","{citizen 36}","[128 0 127 100]","""""","9.9","false","{breed social-friends}","0","""default""","""none""","0"
"{citizen 37}","{citizen 38}","[128 0 127 100]","""""","9.9","false","{breed social-friends}","0","""default""","""none""","0"
"{citizen 37}","{citizen 39}","[128 0 127 100]","""""","9.9","false","{breed social-friends}","0","""default""","""none""","0"
"{citizen 37}","{citizen 40}","[128 0 127 100]","""""","9.9","false","{breed social-friends}","0","""default""","""none""","0"
"{citizen 37}","{citizen 41}","[128 0 127 100]","""""","9.9","false","{breed social-friends}","0","""default""","""none""","0"
"{citizen 37}","{citizen 42}","[128 0 127 100]","""""","9.9","false","{breed social-friends}","0","""default""","""none""","0"
"{citizen 37}","{citizen 43}","[128 0 127 100]","""""","9.9","false","{breed social-friends}","0","""default""","""none""","0"
"{citizen 37}","{citizen 44}","[128 0 127 100]","""""","9.9","false","{breed social-friends}","0","""default""","""none""","0"
"{citizen 37}","{citizen 45}","[128 0 127 100]","""""","9.9","false","{breed social-friends}","0","""default""","""none""","0"
"{citizen 37}","{citizen 46}","[128 0 127 100]","""""","9.9","false","{breed social-friends}","0","""default""","""none""","0"
"{citizen 37}","{citizen 47}","[128 0 127 100]","""""","9.9","false","{breed social-friends}","0","""default""","""none""","0"
"{citizen 37}","{citizen 48}","[128 0 127 100]","""""","9.9","false","{breed social-friends}","0","""default""","""none""","0"
"{citizen 37}","{citizen 49}","[128 0 127 100]","""""","9.9","false","{breed social-friends}","0","""default""","""none""","0"
"{citizen 38}","{citizen 0}","[128 0 127 100]","""""","9.9","false","{breed social-friends}","0","""default""","""none""","0"
"{citizen 38}","{citizen 1}","[128 0 127 100]","""""","9.9","false","{breed social-friends}","0","""default""","""none""","0"
"{citizen 38}","{citizen 2}","[128 0 127 100]","""""","9.9","false","{breed social-friends}","0","""default""","""none""","0"
"{citizen 38}","{citizen 3}","[128 0 127 100]","""""","9.9","false","{breed social-friends}","0","""default""","""none""","0"
"{citizen 38}","{citizen 4}","[128 0 127 100]","""""","9.9","false","{breed social-friends}","0","""default""","""none""","0"
"{citizen 38}","{citizen 5}","[128 0 127 100]","""""","9.9","false","{breed social-friends}","0","""default""","""none""","0"
"{citizen 38}","{citizen 6}","[128 0 127 100]","""""","9.9","false","{breed social-friends}","0","""default""","""none""","0"
"{citizen 38}","{citizen 7}","[128 0 127 100]","""""","9.9","false","{breed social-friends}","0","""default""","""none""","0"
"{citizen 38}","{citizen 8}","[128 0 127 100]","""""","9.9","false","{breed social-friends}","0","""default""","""none""","0"
"{citizen 38}","{citizen 9}","[128 0 127 100]","""""","9.9","false","{breed social-friends}","0","""default""","""none""","0"
"{citizen 38}","{citizen 10}","[128 0 127 100]","""""","9.9","false","{breed social-friends}","0","""default""","""none""","0"
"{citizen 38}","{citizen 11}","[128 0 127 100]","""""","9.9","false","{breed social-friends}","0","""default""","""none""","0"
"{citizen 38}","{citizen 12}","[128 0 127 100]","""""","9.9","false","{breed social-friends}","0","""default""","""none""","0"
"{citizen 38}","{citizen 13}","[128 0 127 100]","""""","9.9","false","{breed social-friends}","0","""default""","""none""","0"
"{citizen 38}","{citizen 14}","[128 0 127 100]","""""","9.9","false","{breed social-friends}","0","""default""","""none""","0"
"{citizen 38}","{citizen 15}","[128 0 127 100]","""""","9.9","false","{breed social-friends}","0","""default""","""none""","0"
"{citizen 38}","{citizen 16}","[128 0 127 100]","""""","9.9","false","{breed social-friends}","0","""default""","""none""","0"
"{citizen 38}","{citizen 17}","[128 0 127 100]","""""","9.9","false","{breed social-friends}","0","""default""","""none""","0"
"{citizen 38}","{citizen 18}","[128 0 127 100]","""""","9.9","false","{breed social-friends}","0","""default""","""none""","0"
"{citizen 38}","{citizen 19}","[128 0 127 100]","""""","9.9","false","{breed social-friends}","0","""default""","""none""","0"
"{citizen 38}","{citizen 20}","[128 0 127 100]","""""","9.9","false","{breed social-friends}","0","""default""","""none""","0"
"{citizen 38}","{citizen 21}","[128 0 127 100]","""""","9.9","false","{breed social-friends}","0","""default""","""none""","0"
"{citizen 38}","{citizen 22}","[128 0 127 100]","""""","9.9","false","{breed social-friends}","0","""default""","""none""","0"
"{citizen 38}","{citizen 23}","[128 0 127 100]","""""","9.9","false","{breed social-friends}","0","""default""","""none""","0"
"{citizen 38}","{citizen 24}","[128 0 127 100]","""""","9.9","false","{breed social-friends}","0","""default""","""none""","0"
"{citizen 38}","{citizen 25}","[128 0 127 100]","""""","9.9","false","{breed social-friends}","0","""default""","""none""","0"
"{citizen 38}","{citizen 26}","[128 0 127 100]","""""","9.9","false","{breed social-friends}","0","""default""","""none""","0"
"{citizen 38}","{citizen 27}","[128 0 127 100]","""""","9.9","false","{breed social-friends}","0","""default""","""none""","0"
"{citizen 38}","{citizen 28}","[128 0 127 100]","""""","9.9","false","{breed social-friends}","0","""default""","""none""","0"
"{citizen 38}","{citizen 29}","[128 0 127 100]","""""","9.9","false","{breed social-friends}","0","""default""","""none""","0"
"{citizen 38}","{citizen 30}","[128 0 127 100]","""""","9.9","false","{breed social-friends}","0","""default""","""none""","0"
"{citizen 38}","{citizen 31}","[128 0 127 100]","""""","9.9","false","{breed social-friends}","0","""default""","""none""","0"
"{citizen 38}","{citizen 32}","[128 0 127 100]","""""","9.9","false","{breed social-friends}","0","""default""","""none""","0"
"{citizen 38}","{citizen 33}","[128 0 127 100]","""""","9.9","false","{breed social-friends}","0","""default""","""none""","0"
"{citizen 38}","{citizen 34}","[128 0 127 100]","""""","9.9","false","{breed social-friends}","0","""default""","""none""","0"
"{citizen 38}","{citizen 35}","[128 0 127 100]","""""","9.9","false","{breed social-friends}","0","""default""","""none""","0"
"{citizen 38}","{citizen 36}","[128 0 127 100]","""""","9.9","false","{breed social-friends}","0","""default""","""none""","0"
"{citizen 38}","{citizen 37}","[128 0 127 100]","""""","9.9","false","{breed social-friends}","0","""default""","""none""","0"
"{citizen 38}","{citizen 39}","[128 0 127 100]","""""","9.9","false","{breed social-friends}","0","""default""","""none""","0"
"{citizen 38}","{citizen 40}","[128 0 127 100]","""""","9.9","false","{breed social-friends}","0","""default""","""none""","0"
"{citizen 38}","{citizen 41}","[128 0 127 100]","""""","9.9","false","{breed social-friends}","0","""default""","""none""","0"
"{citizen 38}","{citizen 42}","[128 0 127 100]","""""","9.9","false","{breed social-friends}","0","""default""","""none""","0"
"{citizen 38}","{citizen 43}","[128 0 127 100]","""""","9.9","false","{breed social-friends}","0","""default""","""none""","0"
"{citizen 38}","{citizen 44}","[128 0 127 100]","""""","9.9","false","{breed social-friends}","0","""default""","""none""","0"
"{citizen 38}","{citizen 45}","[128 0 127 100]","""""","9.9","false","{breed social-friends}","0","""default""","""none""","0"
"{citizen 38}","{citizen 46}","[128 0 127 100]","""""","9.9","false","{breed social-friends}","0","""default""","""none""","0"
"{citizen 38}","{citizen 47}","[128 0 127 100]","""""","9.9","false","{breed social-friends}","0","""default""","""none""","0"
"{citizen 38}","{citizen 48}","[128 0 127 100]","""""","9.9","false","{breed social-friends}","0","""default""","""none""","0"
"{citizen 38}","{citizen 49}","[128 0 127 100]","""""","9.9","false","{breed social-friends}","0","""default""","""none""","0"
"{citizen 39}","{citizen 0}","[128 0 127 100]","""""","9.9","false","{breed social-friends}","0","""default""","""none""","0"
"{citizen 39}","{citizen 1}","[128 0 127 100]","""""","9.9","false","{breed social-friends}","0","""default""","""none""","0"
"{citizen 39}","{citizen 2}","[128 0 127 100]","""""","9.9","false","{breed social-friends}","0","""default""","""none""","0"
"{citizen 39}","{citizen 3}","[128 0 127 100]","""""","9.9","false","{breed social-friends}","0","""default""","""none""","0"
"{citizen 39}","{citizen 4}","[128 0 127 100]","""""","9.9","false","{breed social-friends}","0","""default""","""none""","0"
"{citizen 39}","{citizen 5}","[128 0 127 100]","""""","9.9","false","{breed social-friends}","0","""default""","""none""","0"
"{citizen 39}","{citizen 6}","[128 0 127 100]","""""","9.9","false","{breed social-friends}","0","""default""","""none""","0"
"{citizen 39}","{citizen 7}","[128 0 127 100]","""""","9.9","false","{breed social-friends}","0","""default""","""none""","0"
"{citizen 39}","{citizen 8}","[128 0 127 100]","""""","9.9","false","{breed social-friends}","0","""default""","""none""","0"
"{citizen 39}","{citizen 9}","[128 0 127 100]","""""","9.9","false","{breed social-friends}","0","""default""","""none""","0"
"{citizen 39}","{citizen 10}","[128 0 127 100]","""""","9.9","false","{breed social-friends}","0","""default""","""none""","0"
"{citizen 39}","{citizen 11}","[128 0 127 100]","""""","9.9","false","{breed social-friends}","0","""default""","""none""","0"
"{citizen 39}","{citizen 12}","[128 0 127 100]","""""","9.9","false","{breed social-friends}","0","""default""","""none""","0"
"{citizen 39}","{citizen 13}","[128 0 127 100]","""""","9.9","false","{breed social-friends}","0","""default""","""none""","0"
"{citizen 39}","{citizen 14}","[128 0 127 100]","""""","9.9","false","{breed social-friends}","0","""default""","""none""","0"
"{citizen 39}","{citizen 15}","[128 0 127 100]","""""","9.9","false","{breed social-friends}","0","""default""","""none""","0"
"{citizen 39}","{citizen 16}","[128 0 127 100]","""""","9.9","false","{breed social-friends}","0","""default""","""none""","0"
"{citizen 39}","{citizen 17}","[128 0 127 100]","""""","9.9","false","{breed social-friends}","0","""default""","""none""","0"
"{citizen 39}","{citizen 18}","[128 0 127 100]","""""","9.9","false","{breed social-friends}","0","""default""","""none""","0"
"{citizen 39}","{citizen 19}","[128 0 127 100]","""""","9.9","false","{breed social-friends}","0","""default""","""none""","0"
"{citizen 39}","{citizen 20}","[128 0 127 100]","""""","9.9","false","{breed social-friends}","0","""default""","""none""","0"
"{citizen 39}","{citizen 21}","[128 0 127 100]","""""","9.9","false","{breed social-friends}","0","""default""","""none""","0"
"{citizen 39}","{citizen 22}","[128 0 127 100]","""""","9.9","false","{breed social-friends}","0","""default""","""none""","0"
"{citizen 39}","{citizen 23}","[128 0 127 100]","""""","9.9","false","{breed social-friends}","0","""default""","""none""","0"
"{citizen 39}","{citizen 24}","[128 0 127 100]","""""","9.9","false","{breed social-friends}","0","""default""","""none""","0"
"{citizen 39}","{citizen 25}","[128 0 127 100]","""""","9.9","false","{breed social-friends}","0","""default""","""none""","0"
"{citizen 39}","{citizen 26}","[128 0 127 100]","""""","9.9","false","{breed social-friends}","0","""default""","""none""","0"
"{citizen 39}","{citizen 27}","[128 0 127 100]","""""","9.9","false","{breed social-friends}","0","""default""","""none""","0"
"{citizen 39}","{citizen 28}","[128 0 127 100]","""""","9.9","false","{breed social-friends}","0","""default""","""none""","0"
"{citizen 39}","{citizen 29}","[128 0 127 100]","""""","9.9","false","{breed social-friends}","0","""default""","""none""","0"
"{citizen 39}","{citizen 30}","[128 0 127 100]","""""","9.9","false","{breed social-friends}","0","""default""","""none""","0"
"{citizen 39}","{citizen 31}","[128 0 127 100]","""""","9.9","false","{breed social-friends}","0","""default""","""none""","0"
"{citizen 39}","{citizen 32}","[128 0 127 100]","""""","9.9","false","{breed social-friends}","0","""default""","""none""","0"
"{citizen 39}","{citizen 33}","[128 0 127 100]","""""","9.9","false","{breed social-friends}","0","""default""","""none""","0"
"{citizen 39}","{citizen 34}","[128 0 127 100]","""""","9.9","false","{breed social-friends}","0","""default""","""none""","0"
"{citizen 39}","{citizen 35}","[128 0 127 100]","""""","9.9","false","{breed social-friends}","0","""default""","""none""","0"
"{citizen 39}","{citizen 36}","[128 0 127 100]","""""","9.9","false","{breed social-friends}","0","""default""","""none""","0"
"{citizen 39}","{citizen 37}","[128 0 127 100]","""""","9.9","false","{breed social-friends}","0","""default""","""none""","0"
"{citizen 39}","{citizen 38}","[128 0 127 100]","""""","9.9","false","{breed social-friends}","0","""default""","""none""","0"
"{citizen 39}","{citizen 40}","[128 0 127 100]","""""","9.9","false","{breed social-friends}","0","""default""","""none""","0"
"{citizen 39}","{citizen 41}","[128 0 127 100]","""""","9.9","false","{breed social-friends}","0","""default""","""none""","0"
"{citizen 39}","{citizen 42}","[128 0 127 100]","""""","9.9","false","{breed social-friends}","0","""default""","""none""","0"
"{citizen 39}","{citizen 43}","[128 0 127 100]","""""","9.9","false","{breed social-friends}","0","""default""","""none""","0"
"{citizen 39}","{citizen 44}","[128 0 127 100]","""""","9.9","false","{breed social-friends}","0","""default""","""none""","0"
"{citizen 39}","{citizen 45}","[128 0 127 100]","""""","9.9","false","{breed social-friends}","0","""default""","""none""","0"
"{citizen 39}","{citizen 46}","[128 0 127 100]","""""","9.9","false","{breed social-friends}","0","""default""","""none""","0"
"{citizen 39}","{citizen 47}","[128 0 127 100]","""""","9.9","false","{breed social-friends}","0","""default""","""none""","0"
"{citizen 39}","{citizen 48}","[128 0 127 100]","""""","9.9","false","{breed social-friends}","0","""default""","""none""","0"
"{citizen 39}","{citizen 49}","[128 0 127 100]","""""","9.9","false","{breed social-friends}","0","""default""","""none""","0"
"{citizen 40}","{citizen 0}","[128 0 127 100]","""""","9.9","false","{breed social-friends}","0","""default""","""none""","0"
"{citizen 40}","{citizen 1}","[128 0 127 100]","""""","9.9","false","{breed social-friends}","0","""default""","""none""","0"
"{citizen 40}","{citizen 2}","[128 0 127 100]","""""","9.9","false","{breed social-friends}","0","""default""","""none""","0"
"{citizen 40}","{citizen 3}","[128 0 127 100]","""""","9.9","false","{breed social-friends}","0","""default""","""none""","0"
"{citizen 40}","{citizen 4}","[128 0 127 100]","""""","9.9","false","{breed social-friends}","0","""default""","""none""","0"
"{citizen 40}","{citizen 5}","[128 0 127 100]","""""","9.9","false","{breed social-friends}","0","""default""","""none""","0"
"{citizen 40}","{citizen 6}","[128 0 127 100]","""""","9.9","false","{breed social-friends}","0","""default""","""none""","0"
"{citizen 40}","{citizen 7}","[128 0 127 100]","""""","9.9","false","{breed social-friends}","0","""default""","""none""","0"
"{citizen 40}","{citizen 8}","[128 0 127 100]","""""","9.9","false","{breed social-friends}","0","""default""","""none""","0"
"{citizen 40}","{citizen 9}","[128 0 127 100]","""""","9.9","false","{breed social-friends}","0","""default""","""none""","0"
"{citizen 40}","{citizen 10}","[128 0 127 100]","""""","9.9","false","{breed social-friends}","0","""default""","""none""","0"
"{citizen 40}","{citizen 11}","[128 0 127 100]","""""","9.9","false","{breed social-friends}","0","""default""","""none""","0"
"{citizen 40}","{citizen 12}","[128 0 127 100]","""""","9.9","false","{breed social-friends}","0","""default""","""none""","0"
"{citizen 40}","{citizen 13}","[128 0 127 100]","""""","9.9","false","{breed social-friends}","0","""default""","""none""","0"
"{citizen 40}","{citizen 14}","[128 0 127 100]","""""","9.9","false","{breed social-friends}","0","""default""","""none""","0"
"{citizen 40}","{citizen 15}","[128 0 127 100]","""""","9.9","false","{breed social-friends}","0","""default""","""none""","0"
"{citizen 40}","{citizen 16}","[128 0 127 100]","""""","9.9","false","{breed social-friends}","0","""default""","""none""","0"
"{citizen 40}","{citizen 17}","[128 0 127 100]","""""","9.9","false","{breed social-friends}","0","""default""","""none""","0"
"{citizen 40}","{citizen 18}","[128 0 127 100]","""""","9.9","false","{breed social-friends}","0","""default""","""none""","0"
"{citizen 40}","{citizen 19}","[128 0 127 100]","""""","9.9","false","{breed social-friends}","0","""default""","""none""","0"
"{citizen 40}","{citizen 20}","[128 0 127 100]","""""","9.9","false","{breed social-friends}","0","""default""","""none""","0"
"{citizen 40}","{citizen 21}","[128 0 127 100]","""""","9.9","false","{breed social-friends}","0","""default""","""none""","0"
"{citizen 40}","{citizen 22}","[128 0 127 100]","""""","9.9","false","{breed social-friends}","0","""default""","""none""","0"
"{citizen 40}","{citizen 23}","[128 0 127 100]","""""","9.9","false","{breed social-friends}","0","""default""","""none""","0"
"{citizen 40}","{citizen 24}","[128 0 127 100]","""""","9.9","false","{breed social-friends}","0","""default""","""none""","0"
"{citizen 40}","{citizen 25}","[128 0 127 100]","""""","9.9","false","{breed social-friends}","0","""default""","""none""","0"
"{citizen 40}","{citizen 26}","[128 0 127 100]","""""","9.9","false","{breed social-friends}","0","""default""","""none""","0"
"{citizen 40}","{citizen 27}","[128 0 127 100]","""""","9.9","false","{breed social-friends}","0","""default""","""none""","0"
"{citizen 40}","{citizen 28}","[128 0 127 100]","""""","9.9","false","{breed social-friends}","0","""default""","""none""","0"
"{citizen 40}","{citizen 29}","[128 0 127 100]","""""","9.9","false","{breed social-friends}","0","""default""","""none""","0"
"{citizen 40}","{citizen 30}","[128 0 127 100]","""""","9.9","false","{breed social-friends}","0","""default""","""none""","0"
"{citizen 40}","{citizen 31}","[128 0 127 100]","""""","9.9","false","{breed social-friends}","0","""default""","""none""","0"
"{citizen 40}","{citizen 32}","[128 0 127 100]","""""","9.9","false","{breed social-friends}","0","""default""","""none""","0"
"{citizen 40}","{citizen 33}","[128 0 127 100]","""""","9.9","false","{breed social-friends}","0","""default""","""none""","0"
"{citizen 40}","{citizen 34}","[128 0 127 100]","""""","9.9","false","{breed social-friends}","0","""default""","""none""","0"
"{citizen 40}","{citizen 35}","[128 0 127 100]","""""","9.9","false","{breed social-friends}","0","""default""","""none""","0"
"{citizen 40}","{citizen 36}","[128 0 127 100]","""""","9.9","false","{breed social-friends}","0","""default""","""none""","0"
"{citizen 40}","{citizen 37}","[128 0 127 100]","""""","9.9","false","{breed social-friends}","0","""default""","""none""","0"
"{citizen 40}","{citizen 38}","[128 0 127 100]","""""","9.9","false","{breed social-friends}","0","""default""","""none""","0"
"{citizen 40}","{citizen 39}","[128 0 127 100]","""""","9.9","false","{breed social-friends}","0","""default""","""none""","0"
"{citizen 40}","{citizen 41}","[128 0 127 100]","""""","9.9","false","{breed social-friends}","0","""default""","""none""","0"
"{citizen 40}","{citizen 42}","[128 0 127 100]","""""","9.9","false","{breed social-friends}","0","""default""","""none""","0"
"{citizen 40}","{citizen 43}","[128 0 127 100]","""""","9.9","false","{breed social-friends}","0","""default""","""none""","0"
"{citizen 40}","{citizen 44}","[128 0 127 100]","""""","9.9","false","{breed social-friends}","0","""default""","""none""","0"
"{citizen 40}","{citizen 45}","[128 0 127 100]","""""","9.9","false","{breed social-friends}","0","""default""","""none""","0"
"{citizen 40}","{citizen 46}","[128 0 127 100]","""""","9.9","false","{breed social-friends}","0","""default""","""none""","0"
"{citizen 40}","{citizen 47}","[128 0 127 100]","""""","9.9","false","{breed social-friends}","0","""default""","""none""","0"
"{citizen 40}","{citizen 48}","[128 0 127 100]","""""","9.9","false","{breed social-friends}","0","""default""","""none""","0"
"{citizen 40}","{citizen 49}","[128 0 127 100]","""""","9.9","false","{breed social-friends}","0","""default""","""none""","0"
"{citizen 41}","{citizen 0}","[128 0 127 100]","""""","9.9","false","{breed social-friends}","0","""default""","""none""","0"
"{citizen 41}","{citizen 1}","[128 0 127 100]","""""","9.9","false","{breed social-friends}","0","""default""","""none""","0"
"{citizen 41}","{citizen 2}","[128 0 127 100]","""""","9.9","false","{breed social-friends}","0","""default""","""none""","0"
"{citizen 41}","{citizen 3}","[128 0 127 100]","""""","9.9","false","{breed social-friends}","0","""default""","""none""","0"
"{citizen 41}","{citizen 4}","[128 0 127 100]","""""","9.9","false","{breed social-friends}","0","""default""","""none""","0"
"{citizen 41}","{citizen 5}","[128 0 127 100]","""""","9.9","false","{breed social-friends}","0","""default""","""none""","0"
"{citizen 41}","{citizen 6}","[128 0 127 100]","""""","9.9","false","{breed social-friends}","0","""default""","""none""","0"
"{citizen 41}","{citizen 7}","[128 0 127 100]","""""","9.9","false","{breed social-friends}","0","""default""","""none""","0"
"{citizen 41}","{citizen 8}","[128 0 127 100]","""""","9.9","false","{breed social-friends}","0","""default""","""none""","0"
"{citizen 41}","{citizen 9}","[128 0 127 100]","""""","9.9","false","{breed social-friends}","0","""default""","""none""","0"
"{citizen 41}","{citizen 10}","[128 0 127 100]","""""","9.9","false","{breed social-friends}","0","""default""","""none""","0"
"{citizen 41}","{citizen 11}","[128 0 127 100]","""""","9.9","false","{breed social-friends}","0","""default""","""none""","0"
"{citizen 41}","{citizen 12}","[128 0 127 100]","""""","9.9","false","{breed social-friends}","0","""default""","""none""","0"
"{citizen 41}","{citizen 13}","[128 0 127 100]","""""","9.9","false","{breed social-friends}","0","""default""","""none""","0"
"{citizen 41}","{citizen 14}","[128 0 127 100]","""""","9.9","false","{breed social-friends}","0","""default""","""none""","0"
"{citizen 41}","{citizen 15}","[128 0 127 100]","""""","9.9","false","{breed social-friends}","0","""default""","""none""","0"
"{citizen 41}","{citizen 16}","[128 0 127 100]","""""","9.9","false","{breed social-friends}","0","""default""","""none""","0"
"{citizen 41}","{citizen 17}","[128 0 127 100]","""""","9.9","false","{breed social-friends}","0","""default""","""none""","0"
"{citizen 41}","{citizen 18}","[128 0 127 100]","""""","9.9","false","{breed social-friends}","0","""default""","""none""","0"
"{citizen 41}","{citizen 19}","[128 0 127 100]","""""","9.9","false","{breed social-friends}","0","""default""","""none""","0"
"{citizen 41}","{citizen 20}","[128 0 127 100]","""""","9.9","false","{breed social-friends}","0","""default""","""none""","0"
"{citizen 41}","{citizen 21}","[128 0 127 100]","""""","9.9","false","{breed social-friends}","0","""default""","""none""","0"
"{citizen 41}","{citizen 22}","[128 0 127 100]","""""","9.9","false","{breed social-friends}","0","""default""","""none""","0"
"{citizen 41}","{citizen 23}","[128 0 127 100]","""""","9.9","false","{breed social-friends}","0","""default""","""none""","0"
"{citizen 41}","{citizen 24}","[128 0 127 100]","""""","9.9","false","{breed social-friends}","0","""default""","""none""","0"
"{citizen 41}","{citizen 25}","[128 0 127 100]","""""","9.9","false","{breed social-friends}","0","""default""","""none""","0"
"{citizen 41}","{citizen 26}","[128 0 127 100]","""""","9.9","false","{breed social-friends}","0","""default""","""none""","0"
"{citizen 41}","{citizen 27}","[128 0 127 100]","""""","9.9","false","{breed social-friends}","0","""default""","""none""","0"
"{citizen 41}","{citizen 28}","[128 0 127 100]","""""","9.9","false","{breed social-friends}","0","""default""","""none""","0"
"{citizen 41}","{citizen 29}","[128 0 127 100]","""""","9.9","false","{breed social-friends}","0","""default""","""none""","0"
"{citizen 41}","{citizen 30}","[128 0 127 100]","""""","9.9","false","{breed social-friends}","0","""default""","""none""","0"
"{citizen 41}","{citizen 31}","[128 0 127 100]","""""","9.9","false","{breed social-friends}","0","""default""","""none""","0"
"{citizen 41}","{citizen 32}","[128 0 127 100]","""""","9.9","false","{breed social-friends}","0","""default""","""none""","0"
"{citizen 41}","{citizen 33}","[128 0 127 100]","""""","9.9","false","{breed social-friends}","0","""default""","""none""","0"
"{citizen 41}","{citizen 34}","[128 0 127 100]","""""","9.9","false","{breed social-friends}","0","""default""","""none""","0"
"{citizen 41}","{citizen 35}","[128 0 127 100]","""""","9.9","false","{breed social-friends}","0","""default""","""none""","0"
"{citizen 41}","{citizen 36}","[128 0 127 100]","""""","9.9","false","{breed social-friends}","0","""default""","""none""","0"
"{citizen 41}","{citizen 37}","[128 0 127 100]","""""","9.9","false","{breed social-friends}","0","""default""","""none""","0"
"{citizen 41}","{citizen 38}","[128 0 127 100]","""""","9.9","false","{breed social-friends}","0","""default""","""none""","0"
"{citizen 41}","{citizen 39}","[128 0 127 100]","""""","9.9","false","{breed social-friends}","0","""default""","""none""","0"
"{citizen 41}","{citizen 40}","[128 0 127 100]","""""","9.9","false","{breed social-friends}","0","""default""","""none""","0"
"{citizen 41}","{citizen 42}","[128 0 127 100]","""""","9.9","false","{breed social-friends}","0","""default""","""none""","0"
"{citizen 41}","{citizen 43}","[128 0 127 100]","""""","9.9","false","{breed social-friends}","0","""default""","""none""","0"
"{citizen 41}","{citizen 44}","[128 0 127 100]","""""","9.9","false","{breed social-friends}","0","""default""","""none""","0"
"{citizen 41}","{citizen 45}","[128 0 127 100]","""""","9.9","false","{breed social-friends}","0","""default""","""none""","0"
"{citizen 41}","{citizen 46}","[128 0 127 100]","""""","9.9","false","{breed social-friends}","0","""default""","""none""","0"
"{citizen 41}","{citizen 47}","[128 0 127 100]","""""","9.9","false","{breed social-friends}","0","""default""","""none""","0"
"{citizen 41}","{citizen 48}","[128 0 127 100]","""""","9.9","false","{breed social-friends}","0","""default""","""none""","0"
"{citizen 41}","{citizen 49}","[128 0 127 100]","""""","9.9","false","{breed social-friends}","0","""default""","""none""","0"
"{citizen 42}","{citizen 0}","[128 0 127 100]","""""","9.9","false","{breed social-friends}","0","""default""","""none""","0"
"{citizen 42}","{citizen 1}","[128 0 127 100]","""""","9.9","false","{breed social-friends}","0","""default""","""none""","0"
"{citizen 42}","{citizen 2}","[128 0 127 100]","""""","9.9","false","{breed social-friends}","0","""default""","""none""","0"
"{citizen 42}","{citizen 3}","[128 0 127 100]","""""","9.9","false","{breed social-friends}","0","""default""","""none""","0"
"{citizen 42}","{citizen 4}","[128 0 127 100]","""""","9.9","false","{breed social-friends}","0","""default""","""none""","0"
"{citizen 42}","{citizen 5}","[128 0 127 100]","""""","9.9","false","{breed social-friends}","0","""default""","""none""","0"
"{citizen 42}","{citizen 6}","[128 0 127 100]","""""","9.9","false","{breed social-friends}","0","""default""","""none""","0"
"{citizen 42}","{citizen 7}","[128 0 127 100]","""""","9.9","false","{breed social-friends}","0","""default""","""none""","0"
"{citizen 42}","{citizen 8}","[128 0 127 100]","""""","9.9","false","{breed social-friends}","0","""default""","""none""","0"
"{citizen 42}","{citizen 9}","[128 0 127 100]","""""","9.9","false","{breed social-friends}","0","""default""","""none""","0"
"{citizen 42}","{citizen 10}","[128 0 127 100]","""""","9.9","false","{breed social-friends}","0","""default""","""none""","0"
"{citizen 42}","{citizen 11}","[128 0 127 100]","""""","9.9","false","{breed social-friends}","0","""default""","""none""","0"
"{citizen 42}","{citizen 12}","[128 0 127 100]","""""","9.9","false","{breed social-friends}","0","""default""","""none""","0"
"{citizen 42}","{citizen 13}","[128 0 127 100]","""""","9.9","false","{breed social-friends}","0","""default""","""none""","0"
"{citizen 42}","{citizen 14}","[128 0 127 100]","""""","9.9","false","{breed social-friends}","0","""default""","""none""","0"
"{citizen 42}","{citizen 15}","[128 0 127 100]","""""","9.9","false","{breed social-friends}","0","""default""","""none""","0"
"{citizen 42}","{citizen 16}","[128 0 127 100]","""""","9.9","false","{breed social-friends}","0","""default""","""none""","0"
"{citizen 42}","{citizen 17}","[128 0 127 100]","""""","9.9","false","{breed social-friends}","0","""default""","""none""","0"
"{citizen 42}","{citizen 18}","[128 0 127 100]","""""","9.9","false","{breed social-friends}","0","""default""","""none""","0"
"{citizen 42}","{citizen 19}","[128 0 127 100]","""""","9.9","false","{breed social-friends}","0","""default""","""none""","0"
"{citizen 42}","{citizen 20}","[128 0 127 100]","""""","9.9","false","{breed social-friends}","0","""default""","""none""","0"
"{citizen 42}","{citizen 21}","[128 0 127 100]","""""","9.9","false","{breed social-friends}","0","""default""","""none""","0"
"{citizen 42}","{citizen 22}","[128 0 127 100]","""""","9.9","false","{breed social-friends}","0","""default""","""none""","0"
"{citizen 42}","{citizen 23}","[128 0 127 100]","""""","9.9","false","{breed social-friends}","0","""default""","""none""","0"
"{citizen 42}","{citizen 24}","[128 0 127 100]","""""","9.9","false","{breed social-friends}","0","""default""","""none""","0"
"{citizen 42}","{citizen 25}","[128 0 127 100]","""""","9.9","false","{breed social-friends}","0","""default""","""none""","0"
"{citizen 42}","{citizen 26}","[128 0 127 100]","""""","9.9","false","{breed social-friends}","0","""default""","""none""","0"
"{citizen 42}","{citizen 27}","[128 0 127 100]","""""","9.9","false","{breed social-friends}","0","""default""","""none""","0"
"{citizen 42}","{citizen 28}","[128 0 127 100]","""""","9.9","false","{breed social-friends}","0","""default""","""none""","0"
"{citizen 42}","{citizen 29}","[128 0 127 100]","""""","9.9","false","{breed social-friends}","0","""default""","""none""","0"
"{citizen 42}","{citizen 30}","[128 0 127 100]","""""","9.9","false","{breed social-friends}","0","""default""","""none""","0"
"{citizen 42}","{citizen 31}","[128 0 127 100]","""""","9.9","false","{breed social-friends}","0","""default""","""none""","0"
"{citizen 42}","{citizen 32}","[128 0 127 100]","""""","9.9","false","{breed social-friends}","0","""default""","""none""","0"
"{citizen 42}","{citizen 33}","[128 0 127 100]","""""","9.9","false","{breed social-friends}","0","""default""","""none""","0"
"{citizen 42}","{citizen 34}","[128 0 127 100]","""""","9.9","false","{breed social-friends}","0","""default""","""none""","0"
"{citizen 42}","{citizen 35}","[128 0 127 100]","""""","9.9","false","{breed social-friends}","0","""default""","""none""","0"
"{citizen 42}","{citizen 36}","[128 0 127 100]","""""","9.9","false","{breed social-friends}","0","""default""","""none""","0"
"{citizen 42}","{citizen 37}","[128 0 127 100]","""""","9.9","false","{breed social-friends}","0","""default""","""none""","0"
"{citizen 42}","{citizen 38}","[128 0 127 100]","""""","9.9","false","{breed social-friends}","0","""default""","""none""","0"
"{citizen 42}","{citizen 39}","[128 0 127 100]","""""","9.9","false","{breed social-friends}","0","""default""","""none""","0"
"{citizen 42}","{citizen 40}","[128 0 127 100]","""""","9.9","false","{breed social-friends}","0","""default""","""none""","0"
"{citizen 42}","{citizen 41}","[128 0 127 100]","""""","9.9","false","{breed social-friends}","0","""default""","""none""","0"
"{citizen 42}","{citizen 43}","[128 0 127 100]","""""","9.9","false","{breed social-friends}","0","""default""","""none""","0"
"{citizen 42}","{citizen 44}","[128 0 127 100]","""""","9.9","false","{breed social-friends}","0","""default""","""none""","0"
"{citizen 42}","{citizen 45}","[128 0 127 100]","""""","9.9","false","{breed social-friends}","0","""default""","""none""","0"
"{citizen 42}","{citizen 46}","[128 0 127 100]","""""","9.9","false","{breed social-friends}","0","""default""","""none""","0"
"{citizen 42}","{citizen 47}","[128 0 127 100]","""""","9.9","false","{breed social-friends}","0","""default""","""none""","0"
"{citizen 42}","{citizen 48}","[128 0 127 100]","""""","9.9","false","{breed social-friends}","0","""default""","""none""","0"
"{citizen 42}","{citizen 49}","[128 0 127 100]","""""","9.9","false","{breed social-friends}","0","""default""","""none""","0"
"{citizen 43}","{citizen 0}","[128 0 127 100]","""""","9.9","false","{breed social-friends}","0","""default""","""none""","0"
"{citizen 43}","{citizen 1}","[128 0 127 100]","""""","9.9","false","{breed social-friends}","0","""default""","""none""","0"
"{citizen 43}","{citizen 2}","[128 0 127 100]","""""","9.9","false","{breed social-friends}","0","""default""","""none""","0"
"{citizen 43}","{citizen 3}","[128 0 127 100]","""""","9.9","false","{breed social-friends}","0","""default""","""none""","0"
"{citizen 43}","{citizen 4}","[128 0 127 100]","""""","9.9","false","{breed social-friends}","0","""default""","""none""","0"
"{citizen 43}","{citizen 5}","[128 0 127 100]","""""","9.9","false","{breed social-friends}","0","""default""","""none""","0"
"{citizen 43}","{citizen 6}","[128 0 127 100]","""""","9.9","false","{breed social-friends}","0","""default""","""none""","0"
"{citizen 43}","{citizen 7}","[128 0 127 100]","""""","9.9","false","{breed social-friends}","0","""default""","""none""","0"
"{citizen 43}","{citizen 8}","[128 0 127 100]","""""","9.9","false","{breed social-friends}","0","""default""","""none""","0"
"{citizen 43}","{citizen 9}","[128 0 127 100]","""""","9.9","false","{breed social-friends}","0","""default""","""none""","0"
"{citizen 43}","{citizen 10}","[128 0 127 100]","""""","9.9","false","{breed social-friends}","0","""default""","""none""","0"
"{citizen 43}","{citizen 11}","[128 0 127 100]","""""","9.9","false","{breed social-friends}","0","""default""","""none""","0"
"{citizen 43}","{citizen 12}","[128 0 127 100]","""""","9.9","false","{breed social-friends}","0","""default""","""none""","0"
"{citizen 43}","{citizen 13}","[128 0 127 100]","""""","9.9","false","{breed social-friends}","0","""default""","""none""","0"
"{citizen 43}","{citizen 14}","[128 0 127 100]","""""","9.9","false","{breed social-friends}","0","""default""","""none""","0"
"{citizen 43}","{citizen 15}","[128 0 127 100]","""""","9.9","false","{breed social-friends}","0","""default""","""none""","0"
"{citizen 43}","{citizen 16}","[128 0 127 100]","""""","9.9","false","{breed social-friends}","0","""default""","""none""","0"
"{citizen 43}","{citizen 17}","[128 0 127 100]","""""","9.9","false","{breed social-friends}","0","""default""","""none""","0"
"{citizen 43}","{citizen 18}","[128 0 127 100]","""""","9.9","false","{breed social-friends}","0","""default""","""none""","0"
"{citizen 43}","{citizen 19}","[128 0 127 100]","""""","9.9","false","{breed social-friends}","0","""default""","""none""","0"
"{citizen 43}","{citizen 20}","[128 0 127 100]","""""","9.9","false","{breed social-friends}","0","""default""","""none""","0"
"{citizen 43}","{citizen 21}","[128 0 127 100]","""""","9.9","false","{breed social-friends}","0","""default""","""none""","0"
"{citizen 43}","{citizen 22}","[128 0 127 100]","""""","9.9","false","{breed social-friends}","0","""default""","""none""","0"
"{citizen 43}","{citizen 23}","[128 0 127 100]","""""","9.9","false","{breed social-friends}","0","""default""","""none""","0"
"{citizen 43}","{citizen 24}","[128 0 127 100]","""""","9.9","false","{breed social-friends}","0","""default""","""none""","0"
"{citizen 43}","{citizen 25}","[128 0 127 100]","""""","9.9","false","{breed social-friends}","0","""default""","""none""","0"
"{citizen 43}","{citizen 26}","[128 0 127 100]","""""","9.9","false","{breed social-friends}","0","""default""","""none""","0"
"{citizen 43}","{citizen 27}","[128 0 127 100]","""""","9.9","false","{breed social-friends}","0","""default""","""none""","0"
"{citizen 43}","{citizen 28}","[128 0 127 100]","""""","9.9","false","{breed social-friends}","0","""default""","""none""","0"
"{citizen 43}","{citizen 29}","[128 0 127 100]","""""","9.9","false","{breed social-friends}","0","""default""","""none""","0"
"{citizen 43}","{citizen 30}","[128 0 127 100]","""""","9.9","false","{breed social-friends}","0","""default""","""none""","0"
"{citizen 43}","{citizen 31}","[128 0 127 100]","""""","9.9","false","{breed social-friends}","0","""default""","""none""","0"
"{citizen 43}","{citizen 32}","[128 0 127 100]","""""","9.9","false","{breed social-friends}","0","""default""","""none""","0"
"{citizen 43}","{citizen 33}","[128 0 127 100]","""""","9.9","false","{breed social-friends}","0","""default""","""none""","0"
"{citizen 43}","{citizen 34}","[128 0 127 100]","""""","9.9","false","{breed social-friends}","0","""default""","""none""","0"
"{citizen 43}","{citizen 35}","[128 0 127 100]","""""","9.9","false","{breed social-friends}","0","""default""","""none""","0"
"{citizen 43}","{citizen 36}","[128 0 127 100]","""""","9.9","false","{breed social-friends}","0","""default""","""none""","0"
"{citizen 43}","{citizen 37}","[128 0 127 100]","""""","9.9","false","{breed social-friends}","0","""default""","""none""","0"
"{citizen 43}","{citizen 38}","[128 0 127 100]","""""","9.9","false","{breed social-friends}","0","""default""","""none""","0"
"{citizen 43}","{citizen 39}","[128 0 127 100]","""""","9.9","false","{breed social-friends}","0","""default""","""none""","0"
"{citizen 43}","{citizen 40}","[128 0 127 100]","""""","9.9","false","{breed social-friends}","0","""default""","""none""","0"
"{citizen 43}","{citizen 41}","[128 0 127 100]","""""","9.9","false","{breed social-friends}","0","""default""","""none""","0"
"{citizen 43}","{citizen 42}","[128 0 127 100]","""""","9.9","false","{breed social-friends}","0","""default""","""none""","0"
"{citizen 43}","{citizen 44}","[128 0 127 100]","""""","9.9","false","{breed social-friends}","0","""default""","""none""","0"
"{citizen 43}","{citizen 45}","[128 0 127 100]","""""","9.9","false","{breed social-friends}","0","""default""","""none""","0"
"{citizen 43}","{citizen 46}","[128 0 127 100]","""""","9.9","false","{breed social-friends}","0","""default""","""none""","0"
"{citizen 43}","{citizen 47}","[128 0 127 100]","""""","9.9","false","{breed social-friends}","0","""default""","""none""","0"
"{citizen 43}","{citizen 48}","[128 0 127 100]","""""","9.9","false","{breed social-friends}","0","""default""","""none""","0"
"{citizen 43}","{citizen 49}","[128 0 127 100]","""""","9.9","false","{breed social-friends}","0","""default""","""none""","0"
"{citizen 44}","{citizen 0}","[128 0 127 100]","""""","9.9","false","{breed social-friends}","0","""default""","""none""","0"
"{citizen 44}","{citizen 1}","[128 0 127 100]","""""","9.9","false","{breed social-friends}","0","""default""","""none""","0"
"{citizen 44}","{citizen 2}","[128 0 127 100]","""""","9.9","false","{breed social-friends}","0","""default""","""none""","0"
"{citizen 44}","{citizen 3}","[128 0 127 100]","""""","9.9","false","{breed social-friends}","0","""default""","""none""","0"
"{citizen 44}","{citizen 4}","[128 0 127 100]","""""","9.9","false","{breed social-friends}","0","""default""","""none""","0"
"{citizen 44}","{citizen 5}","[128 0 127 100]","""""","9.9","false","{breed social-friends}","0","""default""","""none""","0"
"{citizen 44}","{citizen 6}","[128 0 127 100]","""""","9.9","false","{breed social-friends}","0","""default""","""none""","0"
"{citizen 44}","{citizen 7}","[128 0 127 100]","""""","9.9","false","{breed social-friends}","0","""default""","""none""","0"
"{citizen 44}","{citizen 8}","[128 0 127 100]","""""","9.9","false","{breed social-friends}","0","""default""","""none""","0"
"{citizen 44}","{citizen 9}","[128 0 127 100]","""""","9.9","false","{breed social-friends}","0","""default""","""none""","0"
"{citizen 44}","{citizen 10}","[128 0 127 100]","""""","9.9","false","{breed social-friends}","0","""default""","""none""","0"
"{citizen 44}","{citizen 11}","[128 0 127 100]","""""","9.9","false","{breed social-friends}","0","""default""","""none""","0"
"{citizen 44}","{citizen 12}","[128 0 127 100]","""""","9.9","false","{breed social-friends}","0","""default""","""none""","0"
"{citizen 44}","{citizen 13}","[128 0 127 100]","""""","9.9","false","{breed social-friends}","0","""default""","""none""","0"
"{citizen 44}","{citizen 14}","[128 0 127 100]","""""","9.9","false","{breed social-friends}","0","""default""","""none""","0"
"{citizen 44}","{citizen 15}","[128 0 127 100]","""""","9.9","false","{breed social-friends}","0","""default""","""none""","0"
"{citizen 44}","{citizen 16}","[128 0 127 100]","""""","9.9","false","{breed social-friends}","0","""default""","""none""","0"
"{citizen 44}","{citizen 17}","[128 0 127 100]","""""","9.9","false","{breed social-friends}","0","""default""","""none""","0"
"{citizen 44}","{citizen 18}","[128 0 127 100]","""""","9.9","false","{breed social-friends}","0","""default""","""none""","0"
"{citizen 44}","{citizen 19}","[128 0 127 100]","""""","9.9","false","{breed social-friends}","0","""default""","""none""","0"
"{citizen 44}","{citizen 20}","[128 0 127 100]","""""","9.9","false","{breed social-friends}","0","""default""","""none""","0"
"{citizen 44}","{citizen 21}","[128 0 127 100]","""""","9.9","false","{breed social-friends}","0","""default""","""none""","0"
"{citizen 44}","{citizen 22}","[128 0 127 100]","""""","9.9","false","{breed social-friends}","0","""default""","""none""","0"
"{citizen 44}","{citizen 23}","[128 0 127 100]","""""","9.9","false","{breed social-friends}","0","""default""","""none""","0"
"{citizen 44}","{citizen 24}","[128 0 127 100]","""""","9.9","false","{breed social-friends}","0","""default""","""none""","0"
"{citizen 44}","{citizen 25}","[128 0 127 100]","""""","9.9","false","{breed social-friends}","0","""default""","""none""","0"
"{citizen 44}","{citizen 26}","[128 0 127 100]","""""","9.9","false","{breed social-friends}","0","""default""","""none""","0"
"{citizen 44}","{citizen 27}","[128 0 127 100]","""""","9.9","false","{breed social-friends}","0","""default""","""none""","0"
"{citizen 44}","{citizen 28}","[128 0 127 100]","""""","9.9","false","{breed social-friends}","0","""default""","""none""","0"
"{citizen 44}","{citizen 29}","[128 0 127 100]","""""","9.9","false","{breed social-friends}","0","""default""","""none""","0"
"{citizen 44}","{citizen 30}","[128 0 127 100]","""""","9.9","false","{breed social-friends}","0","""default""","""none""","0"
"{citizen 44}","{citizen 31}","[128 0 127 100]","""""","9.9","false","{breed social-friends}","0","""default""","""none""","0"
"{citizen 44}","{citizen 32}","[128 0 127 100]","""""","9.9","false","{breed social-friends}","0","""default""","""none""","0"
"{citizen 44}","{citizen 33}","[128 0 127 100]","""""","9.9","false","{breed social-friends}","0","""default""","""none""","0"
"{citizen 44}","{citizen 34}","[128 0 127 100]","""""","9.9","false","{breed social-friends}","0","""default""","""none""","0"
"{citizen 44}","{citizen 35}","[128 0 127 100]","""""","9.9","false","{breed social-friends}","0","""default""","""none""","0"
"{citizen 44}","{citizen 36}","[128 0 127 100]","""""","9.9","false","{breed social-friends}","0","""default""","""none""","0"
"{citizen 44}","{citizen 37}","[128 0 127 100]","""""","9.9","false","{breed social-friends}","0","""default""","""none""","0"
"{citizen 44}","{citizen 38}","[128 0 127 100]","""""","9.9","false","{breed social-friends}","0","""default""","""none""","0"
"{citizen 44}","{citizen 39}","[128 0 127 100]","""""","9.9","false","{breed social-friends}","0","""default""","""none""","0"
"{citizen 44}","{citizen 40}","[128 0 127 100]","""""","9.9","false","{breed social-friends}","0","""default""","""none""","0"
"{citizen 44}","{citizen 41}","[128 0 127 100]","""""","9.9","false","{breed social-friends}","0","""default""","""none""","0"
"{citizen 44}","{citizen 42}","[128 0 127 100]","""""","9.9","false","{breed social-friends}","0","""default""","""none""","0"
"{citizen 44}","{citizen 43}","[128 0 127 100]","""""","9.9","false","{breed social-friends}","0","""default""","""none""","0"
"{citizen 44}","{citizen 45}","[128 0 127 100]","""""","9.9","false","{breed social-friends}","0","""default""","""none""","0"
"{citizen 44}","{citizen 46}","[128 0 127 100]","""""","9.9","false","{breed social-friends}","0","""default""","""none""","0"
"{citizen 44}","{citizen 47}","[128 0 127 100]","""""","9.9","false","{breed social-friends}","0","""default""","""none""","0"
"{citizen 44}","{citizen 48}","[128 0 127 100]","""""","9.9","false","{breed social-friends}","0","""default""","""none""","0"
"{citizen 44}","{citizen 49}","[128 0 127 100]","""""","9.9","false","{breed social-friends}","0","""default""","""none""","0"
"{citizen 45}","{citizen 0}","[128 0 127 100]","""""","9.9","false","{breed social-friends}","0","""default""","""none""","0"
"{citizen 45}","{citizen 1}","[128 0 127 100]","""""","9.9","false","{breed social-friends}","0","""default""","""none""","0"
"{citizen 45}","{citizen 2}","[128 0 127 100]","""""","9.9","false","{breed social-friends}","0","""default""","""none""","0"
"{citizen 45}","{citizen 3}","[128 0 127 100]","""""","9.9","false","{breed social-friends}","0","""default""","""none""","0"
"{citizen 45}","{citizen 4}","[128 0 127 100]","""""","9.9","false","{breed social-friends}","0","""default""","""none""","0"
"{citizen 45}","{citizen 5}","[128 0 127 100]","""""","9.9","false","{breed social-friends}","0","""default""","""none""","0"
"{citizen 45}","{citizen 6}","[128 0 127 100]","""""","9.9","false","{breed social-friends}","0","""default""","""none""","0"
"{citizen 45}","{citizen 7}","[128 0 127 100]","""""","9.9","false","{breed social-friends}","0","""default""","""none""","0"
"{citizen 45}","{citizen 8}","[128 0 127 100]","""""","9.9","false","{breed social-friends}","0","""default""","""none""","0"
"{citizen 45}","{citizen 9}","[128 0 127 100]","""""","9.9","false","{breed social-friends}","0","""default""","""none""","0"
"{citizen 45}","{citizen 10}","[128 0 127 100]","""""","9.9","false","{breed social-friends}","0","""default""","""none""","0"
"{citizen 45}","{citizen 11}","[128 0 127 100]","""""","9.9","false","{breed social-friends}","0","""default""","""none""","0"
"{citizen 45}","{citizen 12}","[128 0 127 100]","""""","9.9","false","{breed social-friends}","0","""default""","""none""","0"
"{citizen 45}","{citizen 13}","[128 0 127 100]","""""","9.9","false","{breed social-friends}","0","""default""","""none""","0"
"{citizen 45}","{citizen 14}","[128 0 127 100]","""""","9.9","false","{breed social-friends}","0","""default""","""none""","0"
"{citizen 45}","{citizen 15}","[128 0 127 100]","""""","9.9","false","{breed social-friends}","0","""default""","""none""","0"
"{citizen 45}","{citizen 16}","[128 0 127 100]","""""","9.9","false","{breed social-friends}","0","""default""","""none""","0"
"{citizen 45}","{citizen 17}","[128 0 127 100]","""""","9.9","false","{breed social-friends}","0","""default""","""none""","0"
"{citizen 45}","{citizen 18}","[128 0 127 100]","""""","9.9","false","{breed social-friends}","0","""default""","""none""","0"
"{citizen 45}","{citizen 19}","[128 0 127 100]","""""","9.9","false","{breed social-friends}","0","""default""","""none""","0"
"{citizen 45}","{citizen 20}","[128 0 127 100]","""""","9.9","false","{breed social-friends}","0","""default""","""none""","0"
"{citizen 45}","{citizen 21}","[128 0 127 100]","""""","9.9","false","{breed social-friends}","0","""default""","""none""","0"
"{citizen 45}","{citizen 22}","[128 0 127 100]","""""","9.9","false","{breed social-friends}","0","""default""","""none""","0"
"{citizen 45}","{citizen 23}","[128 0 127 100]","""""","9.9","false","{breed social-friends}","0","""default""","""none""","0"
"{citizen 45}","{citizen 24}","[128 0 127 100]","""""","9.9","false","{breed social-friends}","0","""default""","""none""","0"
"{citizen 45}","{citizen 25}","[128 0 127 100]","""""","9.9","false","{breed social-friends}","0","""default""","""none""","0"
"{citizen 45}","{citizen 26}","[128 0 127 100]","""""","9.9","false","{breed social-friends}","0","""default""","""none""","0"
"{citizen 45}","{citizen 27}","[128 0 127 100]","""""","9.9","false","{breed social-friends}","0","""default""","""none""","0"
"{citizen 45}","{citizen 28}","[128 0 127 100]","""""","9.9","false","{breed social-friends}","0","""default""","""none""","0"
"{citizen 45}","{citizen 29}","[128 0 127 100]","""""","9.9","false","{breed social-friends}","0","""default""","""none""","0"
"{citizen 45}","{citizen 30}","[128 0 127 100]","""""","9.9","false","{breed social-friends}","0","""default""","""none""","0"
"{citizen 45}","{citizen 31}","[128 0 127 100]","""""","9.9","false","{breed social-friends}","0","""default""","""none""","0"
"{citizen 45}","{citizen 32}","[128 0 127 100]","""""","9.9","false","{breed social-friends}","0","""default""","""none""","0"
"{citizen 45}","{citizen 33}","[128 0 127 100]","""""","9.9","false","{breed social-friends}","0","""default""","""none""","0"
"{citizen 45}","{citizen 34}","[128 0 127 100]","""""","9.9","false","{breed social-friends}","0","""default""","""none""","0"
"{citizen 45}","{citizen 35}","[128 0 127 100]","""""","9.9","false","{breed social-friends}","0","""default""","""none""","0"
"{citizen 45}","{citizen 36}","[128 0 127 100]","""""","9.9","false","{breed social-friends}","0","""default""","""none""","0"
"{citizen 45}","{citizen 37}","[128 0 127 100]","""""","9.9","false","{breed social-friends}","0","""default""","""none""","0"
"{citizen 45}","{citizen 38}","[128 0 127 100]","""""","9.9","false","{breed social-friends}","0","""default""","""none""","0"
"{citizen 45}","{citizen 39}","[128 0 127 100]","""""","9.9","false","{breed social-friends}","0","""default""","""none""","0"
"{citizen 45}","{citizen 40}","[128 0 127 100]","""""","9.9","false","{breed social-friends}","0","""default""","""none""","0"
"{citizen 45}","{citizen 41}","[128 0 127 100]","""""","9.9","false","{breed social-friends}","0","""default""","""none""","0"
"{citizen 45}","{citizen 42}","[128 0 127 100]","""""","9.9","false","{breed social-friends}","0","""default""","""none""","0"
"{citizen 45}","{citizen 43}","[128 0 127 100]","""""","9.9","false","{breed social-friends}","0","""default""","""none""","0"
"{citizen 45}","{citizen 44}","[128 0 127 100]","""""","9.9","false","{breed social-friends}","0","""default""","""none""","0"
"{citizen 45}","{citizen 46}","[128 0 127 100]","""""","9.9","false","{breed social-friends}","0","""default""","""none""","0"
"{citizen 45}","{citizen 47}","[128 0 127 100]","""""","9.9","false","{breed social-friends}","0","""default""","""none""","0"
"{citizen 45}","{citizen 48}","[128 0 127 100]","""""","9.9","false","{breed social-friends}","0","""default""","""none""","0"
"{citizen 45}","{citizen 49}","[128 0 127 100]","""""","9.9","false","{breed social-friends}","0","""default""","""none""","0"
"{citizen 46}","{citizen 0}","[128 0 127 100]","""""","9.9","false","{breed social-friends}","0","""default""","""none""","0"
"{citizen 46}","{citizen 1}","[128 0 127 100]","""""","9.9","false","{breed social-friends}","0","""default""","""none""","0"
"{citizen 46}","{citizen 2}","[128 0 127 100]","""""","9.9","false","{breed social-friends}","0","""default""","""none""","0"
"{citizen 46}","{citizen 3}","[128 0 127 100]","""""","9.9","false","{breed social-friends}","0","""default""","""none""","0"
"{citizen 46}","{citizen 4}","[128 0 127 100]","""""","9.9","false","{breed social-friends}","0","""default""","""none""","0"
"{citizen 46}","{citizen 5}","[128 0 127 100]","""""","9.9","false","{breed social-friends}","0","""default""","""none""","0"
"{citizen 46}","{citizen 6}","[128 0 127 100]","""""","9.9","false","{breed social-friends}","0","""default""","""none""","0"
"{citizen 46}","{citizen 7}","[128 0 127 100]","""""","9.9","false","{breed social-friends}","0","""default""","""none""","0"
"{citizen 46}","{citizen 8}","[128 0 127 100]","""""","9.9","false","{breed social-friends}","0","""default""","""none""","0"
"{citizen 46}","{citizen 9}","[128 0 127 100]","""""","9.9","false","{breed social-friends}","0","""default""","""none""","0"
"{citizen 46}","{citizen 10}","[128 0 127 100]","""""","9.9","false","{breed social-friends}","0","""default""","""none""","0"
"{citizen 46}","{citizen 11}","[128 0 127 100]","""""","9.9","false","{breed social-friends}","0","""default""","""none""","0"
"{citizen 46}","{citizen 12}","[128 0 127 100]","""""","9.9","false","{breed social-friends}","0","""default""","""none""","0"
"{citizen 46}","{citizen 13}","[128 0 127 100]","""""","9.9","false","{breed social-friends}","0","""default""","""none""","0"
"{citizen 46}","{citizen 14}","[128 0 127 100]","""""","9.9","false","{breed social-friends}","0","""default""","""none""","0"
"{citizen 46}","{citizen 15}","[128 0 127 100]","""""","9.9","false","{breed social-friends}","0","""default""","""none""","0"
"{citizen 46}","{citizen 16}","[128 0 127 100]","""""","9.9","false","{breed social-friends}","0","""default""","""none""","0"
"{citizen 46}","{citizen 17}","[128 0 127 100]","""""","9.9","false","{breed social-friends}","0","""default""","""none""","0"
"{citizen 46}","{citizen 18}","[128 0 127 100]","""""","9.9","false","{breed social-friends}","0","""default""","""none""","0"
"{citizen 46}","{citizen 19}","[128 0 127 100]","""""","9.9","false","{breed social-friends}","0","""default""","""none""","0"
"{citizen 46}","{citizen 20}","[128 0 127 100]","""""","9.9","false","{breed social-friends}","0","""default""","""none""","0"
"{citizen 46}","{citizen 21}","[128 0 127 100]","""""","9.9","false","{breed social-friends}","0","""default""","""none""","0"
"{citizen 46}","{citizen 22}","[128 0 127 100]","""""","9.9","false","{breed social-friends}","0","""default""","""none""","0"
"{citizen 46}","{citizen 23}","[128 0 127 100]","""""","9.9","false","{breed social-friends}","0","""default""","""none""","0"
"{citizen 46}","{citizen 24}","[128 0 127 100]","""""","9.9","false","{breed social-friends}","0","""default""","""none""","0"
"{citizen 46}","{citizen 25}","[128 0 127 100]","""""","9.9","false","{breed social-friends}","0","""default""","""none""","0"
"{citizen 46}","{citizen 26}","[128 0 127 100]","""""","9.9","false","{breed social-friends}","0","""default""","""none""","0"
"{citizen 46}","{citizen 27}","[128 0 127 100]","""""","9.9","false","{breed social-friends}","0","""default""","""none""","0"
"{citizen 46}","{citizen 28}","[128 0 127 100]","""""","9.9","false","{breed social-friends}","0","""default""","""none""","0"
"{citizen 46}","{citizen 29}","[128 0 127 100]","""""","9.9","false","{breed social-friends}","0","""default""","""none""","0"
"{citizen 46}","{citizen 30}","[128 0 127 100]","""""","9.9","false","{breed social-friends}","0","""default""","""none""","0"
"{citizen 46}","{citizen 31}","[128 0 127 100]","""""","9.9","false","{breed social-friends}","0","""default""","""none""","0"
"{citizen 46}","{citizen 32}","[128 0 127 100]","""""","9.9","false","{breed social-friends}","0","""default""","""none""","0"
"{citizen 46}","{citizen 33}","[128 0 127 100]","""""","9.9","false","{breed social-friends}","0","""default""","""none""","0"
"{citizen 46}","{citizen 34}","[128 0 127 100]","""""","9.9","false","{breed social-friends}","0","""default""","""none""","0"
"{citizen 46}","{citizen 35}","[128 0 127 100]","""""","9.9","false","{breed social-friends}","0","""default""","""none""","0"
"{citizen 46}","{citizen 36}","[128 0 127 100]","""""","9.9","false","{breed social-friends}","0","""default""","""none""","0"
"{citizen 46}","{citizen 37}","[128 0 127 100]","""""","9.9","false","{breed social-friends}","0","""default""","""none""","0"
"{citizen 46}","{citizen 38}","[128 0 127 100]","""""","9.9","false","{breed social-friends}","0","""default""","""none""","0"
"{citizen 46}","{citizen 39}","[128 0 127 100]","""""","9.9","false","{breed social-friends}","0","""default""","""none""","0"
"{citizen 46}","{citizen 40}","[128 0 127 100]","""""","9.9","false","{breed social-friends}","0","""default""","""none""","0"
"{citizen 46}","{citizen 41}","[128 0 127 100]","""""","9.9","false","{breed social-friends}","0","""default""","""none""","0"
"{citizen 46}","{citizen 42}","[128 0 127 100]","""""","9.9","false","{breed social-friends}","0","""default""","""none""","0"
"{citizen 46}","{citizen 43}","[128 0 127 100]","""""","9.9","false","{breed social-friends}","0","""default""","""none""","0"
"{citizen 46}","{citizen 44}","[128 0 127 100]","""""","9.9","false","{breed social-friends}","0","""default""","""none""","0"
"{citizen 46}","{citizen 45}","[128 0 127 100]","""""","9.9","false","{breed social-friends}","0","""default""","""none""","0"
"{citizen 46}","{citizen 47}","[128 0 127 100]","""""","9.9","false","{breed social-friends}","0","""default""","""none""","0"
"{citizen 46}","{citizen 48}","[128 0 127 100]","""""","9.9","false","{breed social-friends}","0","""default""","""none""","0"
"{citizen 46}","{citizen 49}","[128 0 127 100]","""""","9.9","false","{breed social-friends}","0","""default""","""none""","0"
"{citizen 47}","{citizen 0}","[128 0 127 100]","""""","9.9","false","{breed social-friends}","0","""default""","""none""","0"
"{citizen 47}","{citizen 1}","[128 0 127 100]","""""","9.9","false","{breed social-friends}","0","""default""","""none""","0"
"{citizen 47}","{citizen 2}","[128 0 127 100]","""""","9.9","false","{breed social-friends}","0","""default""","""none""","0"
"{citizen 47}","{citizen 3}","[128 0 127 100]","""""","9.9","false","{breed social-friends}","0","""default""","""none""","0"
"{citizen 47}","{citizen 4}","[128 0 127 100]","""""","9.9","false","{breed social-friends}","0","""default""","""none""","0"
"{citizen 47}","{citizen 5}","[128 0 127 100]","""""","9.9","false","{breed social-friends}","0","""default""","""none""","0"
"{citizen 47}","{citizen 6}","[128 0 127 100]","""""","9.9","false","{breed social-friends}","0","""default""","""none""","0"
"{citizen 47}","{citizen 7}","[128 0 127 100]","""""","9.9","false","{breed social-friends}","0","""default""","""none""","0"
"{citizen 47}","{citizen 8}","[128 0 127 100]","""""","9.9","false","{breed social-friends}","0","""default""","""none""","0"
"{citizen 47}","{citizen 9}","[128 0 127 100]","""""","9.9","false","{breed social-friends}","0","""default""","""none""","0"
"{citizen 47}","{citizen 10}","[128 0 127 100]","""""","9.9","false","{breed social-friends}","0","""default""","""none""","0"
"{citizen 47}","{citizen 11}","[128 0 127 100]","""""","9.9","false","{breed social-friends}","0","""default""","""none""","0"
"{citizen 47}","{citizen 12}","[128 0 127 100]","""""","9.9","false","{breed social-friends}","0","""default""","""none""","0"
"{citizen 47}","{citizen 13}","[128 0 127 100]","""""","9.9","false","{breed social-friends}","0","""default""","""none""","0"
"{citizen 47}","{citizen 14}","[128 0 127 100]","""""","9.9","false","{breed social-friends}","0","""default""","""none""","0"
"{citizen 47}","{citizen 15}","[128 0 127 100]","""""","9.9","false","{breed social-friends}","0","""default""","""none""","0"
"{citizen 47}","{citizen 16}","[128 0 127 100]","""""","9.9","false","{breed social-friends}","0","""default""","""none""","0"
"{citizen 47}","{citizen 17}","[128 0 127 100]","""""","9.9","false","{breed social-friends}","0","""default""","""none""","0"
"{citizen 47}","{citizen 18}","[128 0 127 100]","""""","9.9","false","{breed social-friends}","0","""default""","""none""","0"
"{citizen 47}","{citizen 19}","[128 0 127 100]","""""","9.9","false","{breed social-friends}","0","""default""","""none""","0"
"{citizen 47}","{citizen 20}","[128 0 127 100]","""""","9.9","false","{breed social-friends}","0","""default""","""none""","0"
"{citizen 47}","{citizen 21}","[128 0 127 100]","""""","9.9","false","{breed social-friends}","0","""default""","""none""","0"
"{citizen 47}","{citizen 22}","[128 0 127 100]","""""","9.9","false","{breed social-friends}","0","""default""","""none""","0"
"{citizen 47}","{citizen 23}","[128 0 127 100]","""""","9.9","false","{breed social-friends}","0","""default""","""none""","0"
"{citizen 47}","{citizen 24}","[128 0 127 100]","""""","9.9","false","{breed social-friends}","0","""default""","""none""","0"
"{citizen 47}","{citizen 25}","[128 0 127 100]","""""","9.9","false","{breed social-friends}","0","""default""","""none""","0"
"{citizen 47}","{citizen 26}","[128 0 127 100]","""""","9.9","false","{breed social-friends}","0","""default""","""none""","0"
"{citizen 47}","{citizen 27}","[128 0 127 100]","""""","9.9","false","{breed social-friends}","0","""default""","""none""","0"
"{citizen 47}","{citizen 28}","[128 0 127 100]","""""","9.9","false","{breed social-friends}","0","""default""","""none""","0"
"{citizen 47}","{citizen 29}","[128 0 127 100]","""""","9.9","false","{breed social-friends}","0","""default""","""none""","0"
"{citizen 47}","{citizen 30}","[128 0 127 100]","""""","9.9","false","{breed social-friends}","0","""default""","""none""","0"
"{citizen 47}","{citizen 31}","[128 0 127 100]","""""","9.9","false","{breed social-friends}","0","""default""","""none""","0"
"{citizen 47}","{citizen 32}","[128 0 127 100]","""""","9.9","false","{breed social-friends}","0","""default""","""none""","0"
"{citizen 47}","{citizen 33}","[128 0 127 100]","""""","9.9","false","{breed social-friends}","0","""default""","""none""","0"
"{citizen 47}","{citizen 34}","[128 0 127 100]","""""","9.9","false","{breed social-friends}","0","""default""","""none""","0"
"{citizen 47}","{citizen 35}","[128 0 127 100]","""""","9.9","false","{breed social-friends}","0","""default""","""none""","0"
"{citizen 47}","{citizen 36}","[128 0 127 100]","""""","9.9","false","{breed social-friends}","0","""default""","""none""","0"
"{citizen 47}","{citizen 37}","[128 0 127 100]","""""","9.9","false","{breed social-friends}","0","""default""","""none""","0"
"{citizen 47}","{citizen 38}","[128 0 127 100]","""""","9.9","false","{breed social-friends}","0","""default""","""none""","0"
"{citizen 47}","{citizen 39}","[128 0 127 100]","""""","9.9","false","{breed social-friends}","0","""default""","""none""","0"
"{citizen 47}","{citizen 40}","[128 0 127 100]","""""","9.9","false","{breed social-friends}","0","""default""","""none""","0"
"{citizen 47}","{citizen 41}","[128 0 127 100]","""""","9.9","false","{breed social-friends}","0","""default""","""none""","0"
"{citizen 47}","{citizen 42}","[128 0 127 100]","""""","9.9","false","{breed social-friends}","0","""default""","""none""","0"
"{citizen 47}","{citizen 43}","[128 0 127 100]","""""","9.9","false","{breed social-friends}","0","""default""","""none""","0"
"{citizen 47}","{citizen 44}","[128 0 127 100]","""""","9.9","false","{breed social-friends}","0","""default""","""none""","0"
"{citizen 47}","{citizen 45}","[128 0 127 100]","""""","9.9","false","{breed social-friends}","0","""default""","""none""","0"
"{citizen 47}","{citizen 46}","[128 0 127 100]","""""","9.9","false","{breed social-friends}","0","""default""","""none""","0"
"{citizen 47}","{citizen 48}","[128 0 127 100]","""""","9.9","false","{breed social-friends}","0","""default""","""none""","0"
"{citizen 47}","{citizen 49}","[128 0 127 100]","""""","9.9","false","{breed social-friends}","0","""default""","""none""","0"
"{citizen 48}","{citizen 0}","[128 0 127 100]","""""","9.9","false","{breed social-friends}","0","""default""","""none""","0"
"{citizen 48}","{citizen 1}","[128 0 127 100]","""""","9.9","false","{breed social-friends}","0","""default""","""none""","0"
"{citizen 48}","{citizen 2}","[128 0 127 100]","""""","9.9","false","{breed social-friends}","0","""default""","""none""","0"
"{citizen 48}","{citizen 3}","[128 0 127 100]","""""","9.9","false","{breed social-friends}","0","""default""","""none""","0"
"{citizen 48}","{citizen 4}","[128 0 127 100]","""""","9.9","false","{breed social-friends}","0","""default""","""none""","0"
"{citizen 48}","{citizen 5}","[128 0 127 100]","""""","9.9","false","{breed social-friends}","0","""default""","""none""","0"
"{citizen 48}","{citizen 6}","[128 0 127 100]","""""","9.9","false","{breed social-friends}","0","""default""","""none""","0"
"{citizen 48}","{citizen 7}","[128 0 127 100]","""""","9.9","false","{breed social-friends}","0","""default""","""none""","0"
"{citizen 48}","{citizen 8}","[128 0 127 100]","""""","9.9","false","{breed social-friends}","0","""default""","""none""","0"
"{citizen 48}","{citizen 9}","[128 0 127 100]","""""","9.9","false","{breed social-friends}","0","""default""","""none""","0"
"{citizen 48}","{citizen 10}","[128 0 127 100]","""""","9.9","false","{breed social-friends}","0","""default""","""none""","0"
"{citizen 48}","{citizen 11}","[128 0 127 100]","""""","9.9","false","{breed social-friends}","0","""default""","""none""","0"
"{citizen 48}","{citizen 12}","[128 0 127 100]","""""","9.9","false","{breed social-friends}","0","""default""","""none""","0"
"{citizen 48}","{citizen 13}","[128 0 127 100]","""""","9.9","false","{breed social-friends}","0","""default""","""none""","0"
"{citizen 48}","{citizen 14}","[128 0 127 100]","""""","9.9","false","{breed social-friends}","0","""default""","""none""","0"
"{citizen 48}","{citizen 15}","[128 0 127 100]","""""","9.9","false","{breed social-friends}","0","""default""","""none""","0"
"{citizen 48}","{citizen 16}","[128 0 127 100]","""""","9.9","false","{breed social-friends}","0","""default""","""none""","0"
"{citizen 48}","{citizen 17}","[128 0 127 100]","""""","9.9","false","{breed social-friends}","0","""default""","""none""","0"
"{citizen 48}","{citizen 18}","[128 0 127 100]","""""","9.9","false","{breed social-friends}","0","""default""","""none""","0"
"{citizen 48}","{citizen 19}","[128 0 127 100]","""""","9.9","false","{breed social-friends}","0","""default""","""none""","0"
"{citizen 48}","{citizen 20}","[128 0 127 100]","""""","9.9","false","{breed social-friends}","0","""default""","""none""","0"
"{citizen 48}","{citizen 21}","[128 0 127 100]","""""","9.9","false","{breed social-friends}","0","""default""","""none""","0"
"{citizen 48}","{citizen 22}","[128 0 127 100]","""""","9.9","false","{breed social-friends}","0","""default""","""none""","0"
"{citizen 48}","{citizen 23}","[128 0 127 100]","""""","9.9","false","{breed social-friends}","0","""default""","""none""","0"
"{citizen 48}","{citizen 24}","[128 0 127 100]","""""","9.9","false","{breed social-friends}","0","""default""","""none""","0"
"{citizen 48}","{citizen 25}","[128 0 127 100]","""""","9.9","false","{breed social-friends}","0","""default""","""none""","0"
"{citizen 48}","{citizen 26}","[128 0 127 100]","""""","9.9","false","{breed social-friends}","0","""default""","""none""","0"
"{citizen 48}","{citizen 27}","[128 0 127 100]","""""","9.9","false","{breed social-friends}","0","""default""","""none""","0"
"{citizen 48}","{citizen 28}","[128 0 127 100]","""""","9.9","false","{breed social-friends}","0","""default""","""none""","0"
"{citizen 48}","{citizen 29}","[128 0 127 100]","""""","9.9","false","{breed social-friends}","0","""default""","""none""","0"
"{citizen 48}","{citizen 30}","[128 0 127 100]","""""","9.9","false","{breed social-friends}","0","""default""","""none""","0"
"{citizen 48}","{citizen 31}","[128 0 127 100]","""""","9.9","false","{breed social-friends}","0","""default""","""none""","0"
"{citizen 48}","{citizen 32}","[128 0 127 100]","""""","9.9","false","{breed social-friends}","0","""default""","""none""","0"
"{citizen 48}","{citizen 33}","[128 0 127 100]","""""","9.9","false","{breed social-friends}","0","""default""","""none""","0"
"{citizen 48}","{citizen 34}","[128 0 127 100]","""""","9.9","false","{breed social-friends}","0","""default""","""none""","0"
"{citizen 48}","{citizen 35}","[128 0 127 100]","""""","9.9","false","{breed social-friends}","0","""default""","""none""","0"
"{citizen 48}","{citizen 36}","[128 0 127 100]","""""","9.9","false","{breed social-friends}","0","""default""","""none""","0"
"{citizen 48}","{citizen 37}","[128 0 127 100]","""""","9.9","false","{breed social-friends}","0","""default""","""none""","0"
"{citizen 48}","{citizen 38}","[128 0 127 100]","""""","9.9","false","{breed social-friends}","0","""default""","""none""","0"
"{citizen 48}","{citizen 39}","[128 0 127 100]","""""","9.9","false","{breed social-friends}","0","""default""","""none""","0"
"{citizen 48}","{citizen 40}","[128 0 127 100]","""""","9.9","false","{breed social-friends}","0","""default""","""none""","0"
"{citizen 48}","{citizen 41}","[128 0 127 100]","""""","9.9","false","{breed social-friends}","0","""default""","""none""","0"
"{citizen 48}","{citizen 42}","[128 0 127 100]","""""","9.9","false","{breed social-friends}","0","""default""","""none""","0"
"{citizen 48}","{citizen 43}","[128 0 127 100]","""""","9.9","false","{breed social-friends}","0","""default""","""none""","0"
"{citizen 48}","{citizen 44}","[128 0 127 100]","""""","9.9","false","{breed social-friends}","0","""default""","""none""","0"
"{citizen 48}","{citizen 45}","[128 0 127 100]","""""","9.9","false","{breed social-friends}","0","""default""","""none""","0"
"{citizen 48}","{citizen 46}","[128 0 127 100]","""""","9.9","false","{breed social-friends}","0","""default""","""none""","0"
"{citizen 48}","{citizen 47}","[128 0 127 100]","""""","9.9","false","{breed social-friends}","0","""default""","""none""","0"
"{citizen 48}","{citizen 49}","[128 0 127 100]","""""","9.9","false","{breed social-friends}","0","""default""","""none""","0"
"{citizen 49}","{citizen 0}","[128 0 127 100]","""""","9.9","false","{breed social-friends}","0","""default""","""none""","0"
"{citizen 49}","{citizen 1}","[128 0 127 100]","""""","9.9","false","{breed social-friends}","0","""default""","""none""","0"
"{citizen 49}","{citizen 2}","[128 0 127 100]","""""","9.9","false","{breed social-friends}","0","""default""","""none""","0"
"{citizen 49}","{citizen 3}","[128 0 127 100]","""""","9.9","false","{breed social-friends}","0","""default""","""none""","0"
"{citizen 49}","{citizen 4}","[128 0 127 100]","""""","9.9","false","{breed social-friends}","0","""default""","""none""","0"
"{citizen 49}","{citizen 5}","[128 0 127 100]","""""","9.9","false","{breed social-friends}","0","""default""","""none""","0"
"{citizen 49}","{citizen 6}","[128 0 127 100]","""""","9.9","false","{breed social-friends}","0","""default""","""none""","0"
"{citizen 49}","{citizen 7}","[128 0 127 100]","""""","9.9","false","{breed social-friends}","0","""default""","""none""","0"
"{citizen 49}","{citizen 8}","[128 0 127 100]","""""","9.9","false","{breed social-friends}","0","""default""","""none""","0"
"{citizen 49}","{citizen 9}","[128 0 127 100]","""""","9.9","false","{breed social-friends}","0","""default""","""none""","0"
"{citizen 49}","{citizen 10}","[128 0 127 100]","""""","9.9","false","{breed social-friends}","0","""default""","""none""","0"
"{citizen 49}","{citizen 11}","[128 0 127 100]","""""","9.9","false","{breed social-friends}","0","""default""","""none""","0"
"{citizen 49}","{citizen 12}","[128 0 127 100]","""""","9.9","false","{breed social-friends}","0","""default""","""none""","0"
"{citizen 49}","{citizen 13}","[128 0 127 100]","""""","9.9","false","{breed social-friends}","0","""default""","""none""","0"
"{citizen 49}","{citizen 14}","[128 0 127 100]","""""","9.9","false","{breed social-friends}","0","""default""","""none""","0"
"{citizen 49}","{citizen 15}","[128 0 127 100]","""""","9.9","false","{breed social-friends}","0","""default""","""none""","0"
"{citizen 49}","{citizen 16}","[128 0 127 100]","""""","9.9","false","{breed social-friends}","0","""default""","""none""","0"
"{citizen 49}","{citizen 17}","[128 0 127 100]","""""","9.9","false","{breed social-friends}","0","""default""","""none""","0"
"{citizen 49}","{citizen 18}","[128 0 127 100]","""""","9.9","false","{breed social-friends}","0","""default""","""none""","0"
"{citizen 49}","{citizen 19}","[128 0 127 100]","""""","9.9","false","{breed social-friends}","0","""default""","""none""","0"
"{citizen 49}","{citizen 20}","[128 0 127 100]","""""","9.9","false","{breed social-friends}","0","""default""","""none""","0"
"{citizen 49}","{citizen 21}","[128 0 127 100]","""""","9.9","false","{breed social-friends}","0","""default""","""none""","0"
"{citizen 49}","{citizen 22}","[128 0 127 100]","""""","9.9","false","{breed social-friends}","0","""default""","""none""","0"
"{citizen 49}","{citizen 23}","[128 0 127 100]","""""","9.9","false","{breed social-friends}","0","""default""","""none""","0"
"{citizen 49}","{citizen 24}","[128 0 127 100]","""""","9.9","false","{breed social-friends}","0","""default""","""none""","0"
"{citizen 49}","{citizen 25}","[128 0 127 100]","""""","9.9","false","{breed social-friends}","0","""default""","""none""","0"
"{citizen 49}","{citizen 26}","[128 0 127 100]","""""","9.9","false","{breed social-friends}","0","""default""","""none""","0"
"{citizen 49}","{citizen 27}","[128 0 127 100]","""""","9.9","false","{breed social-friends}","0","""default""","""none""","0"
"{citizen 49}","{citizen 28}","[128 0 127 100]","""""","9.9","false","{breed social-friends}","0","""default""","""none""","0"
"{citizen 49}","{citizen 29}","[128 0 127 100]","""""","9.9","false","{breed social-friends}","0","""default""","""none""","0"
"{citizen 49}","{citizen 30}","[128 0 127 100]","""""","9.9","false","{breed social-friends}","0","""default""","""none""","0"
"{citizen 49}","{citizen 31}","[128 0 127 100]","""""","9.9","false","{breed social-friends}","0","""default""","""none""","0"
"{citizen 49}","{citizen 32}","[128 0 127 100]","""""","9.9","false","{breed social-friends}","0","""default""","""none""","0"
"{citizen 49}","{citizen 33}","[128 0 127 100]","""""","9.9","false","{breed social-friends}","0","""default""","""none""","0"
"{citizen 49}","{citizen 34}","[128 0 127 100]","""""","9.9","false","{breed social-friends}","0","""default""","""none""","0"
"{citizen 49}","{citizen 35}","[128 0 127 100]","""""","9.9","false","{breed social-friends}","0","""default""","""none""","0"
"{citizen 49}","{citizen 36}","[128 0 127 100]","""""","9.9","false","{breed social-friends}","0","""default""","""none""","0"
"{citizen 49}","{citizen 37}","[128 0 127 100]","""""","9.9","false","{breed social-friends}","0","""default""","""none""","0"
"{citizen 49}","{citizen 38}","[128 0 127 100]","""""","9.9","false","{breed social-friends}","0","""default""","""none""","0"
"{citizen 49}","{citizen 39}","[128 0 127 100]","""""","9.9","false","{breed social-friends}","0","""default""","""none""","0"
"{citizen 49}","{citizen 40}","[128 0 127 100]","""""","9.9","false","{breed social-friends}","0","""default""","""none""","0"
"{citizen 49}","{citizen 41}","[128 0 127 100]","""""","9.9","false","{breed social-friends}","0","""default""","""none""","0"
"{citizen 49}","{citizen 42}","[128 0 127 100]","""""","9.9","false","{breed social-friends}","0","""default""","""none""","0"
"{citizen 49}","{citizen 43}","[128 0 127 100]","""""","9.9","false","{breed social-friends}","0","""default""","""none""","0"
"{citizen 49}","{citizen 44}","[128 0 127 100]","""""","9.9","false","{breed social-friends}","0","""default""","""none""","0"
"{citizen 49}","{citizen 45}","[128 0 127 100]","""""","9.9","false","{breed social-friends}","0","""default""","""none""","0"
"{citizen 49}","{citizen 46}","[128 0 127 100]","""""","9.9","false","{breed social-friends}","0","""default""","""none""","0"
"{citizen 49}","{citizen 47}","[128 0 127 100]","""""","9.9","false","{breed social-friends}","0","""default""","""none""","0"
"{citizen 49}","{citizen 48}","[128 0 127 100]","""""","9.9","false","{breed social-friends}","0","""default""","""none""","0"
"{media 50}","{citizen 0}","[141 141 141 255]","""""","9.9","false","{breed subscribers}","0","""default""","""none""","0"
"{media 50}","{citizen 1}","[141 141 141 255]","""""","9.9","false","{breed subscribers}","0","""default""","""none""","0"
"{media 50}","{citizen 2}","[141 141 141 255]","""""","9.9","false","{breed subscribers}","0","""default""","""none""","0"
"{media 50}","{citizen 3}","[141 141 141 255]","""""","9.9","false","{breed subscribers}","0","""default""","""none""","0"
"{media 50}","{citizen 4}","[141 141 141 255]","""""","9.9","false","{breed subscribers}","0","""default""","""none""","0"
"{media 50}","{citizen 5}","[141 141 141 255]","""""","9.9","false","{breed subscribers}","0","""default""","""none""","0"
"{media 50}","{citizen 6}","[141 141 141 255]","""""","9.9","false","{breed subscribers}","0","""default""","""none""","0"
"{media 50}","{citizen 7}","[141 141 141 255]","""""","9.9","false","{breed subscribers}","0","""default""","""none""","0"
"{media 50}","{citizen 8}","[141 141 141 255]","""""","9.9","false","{breed subscribers}","0","""default""","""none""","0"
"{media 50}","{citizen 9}","[141 141 141 255]","""""","9.9","false","{breed subscribers}","0","""default""","""none""","0"
"{media 50}","{citizen 10}","[141 141 141 255]","""""","9.9","false","{breed subscribers}","0","""default""","""none""","0"
"{media 50}","{citizen 11}","[141 141 141 255]","""""","9.9","false","{breed subscribers}","0","""default""","""none""","0"
"{media 50}","{citizen 12}","[141 141 141 255]","""""","9.9","false","{breed subscribers}","0","""default""","""none""","0"
"{media 50}","{citizen 13}","[141 141 141 255]","""""","9.9","false","{breed subscribers}","0","""default""","""none""","0"
"{media 50}","{citizen 14}","[141 141 141 255]","""""","9.9","false","{breed subscribers}","0","""default""","""none""","0"
"{media 50}","{citizen 15}","[141 141 141 255]","""""","9.9","false","{breed subscribers}","0","""default""","""none""","0"
"{media 50}","{citizen 16}","[141 141 141 255]","""""","9.9","false","{breed subscribers}","0","""default""","""none""","0"
"{media 50}","{citizen 17}","[141 141 141 255]","""""","9.9","false","{breed subscribers}","0","""default""","""none""","0"
"{media 50}","{citizen 18}","[141 141 141 255]","""""","9.9","false","{breed subscribers}","0","""default""","""none""","0"
"{media 50}","{citizen 19}","[141 141 141 255]","""""","9.9","false","{breed subscribers}","0","""default""","""none""","0"
"{media 50}","{citizen 20}","[141 141 141 255]","""""","9.9","false","{breed subscribers}","0","""default""","""none""","0"
"{media 50}","{citizen 21}","[141 141 141 255]","""""","9.9","false","{breed subscribers}","0","""default""","""none""","0"
"{media 50}","{citizen 22}","[141 141 141 255]","""""","9.9","false","{breed subscribers}","0","""default""","""none""","0"
"{media 50}","{citizen 23}","[141 141 141 255]","""""","9.9","false","{breed subscribers}","0","""default""","""none""","0"
"{media 50}","{citizen 24}","[141 141 141 255]","""""","9.9","false","{breed subscribers}","0","""default""","""none""","0"
"{media 50}","{citizen 25}","[141 141 141 255]","""""","9.9","false","{breed subscribers}","0","""default""","""none""","0"
"{media 50}","{citizen 26}","[141 141 141 255]","""""","9.9","false","{breed subscribers}","0","""default""","""none""","0"
"{media 50}","{citizen 27}","[141 141 141 255]","""""","9.9","false","{breed subscribers}","0","""default""","""none""","0"
"{media 50}","{citizen 28}","[141 141 141 255]","""""","9.9","false","{breed subscribers}","0","""default""","""none""","0"
"{media 50}","{citizen 29}","[141 141 141 255]","""""","9.9","false","{breed subscribers}","0","""default""","""none""","0"
"{media 50}","{citizen 30}","[141 141 141 255]","""""","9.9","false","{breed subscribers}","0","""default""","""none""","0"
"{media 50}","{citizen 31}","[141 141 141 255]","""""","9.9","false","{breed subscribers}","0","""default""","""none""","0"
"{media 50}","{citizen 32}","[141 141 141 255]","""""","9.9","false","{breed subscribers}","0","""default""","""none""","0"
"{media 50}","{citizen 33}","[141 141 141 255]","""""","9.9","false","{breed subscribers}","0","""default""","""none""","0"
"{media 50}","{citizen 34}","[141 141 141 255]","""""","9.9","false","{breed subscribers}","0","""default""","""none""","0"
"{media 50}","{citizen 35}","[141 141 141 255]","""""","9.9","false","{breed subscribers}","0","""default""","""none""","0"
"{media 50}","{citizen 36}","[141 141 141 255]","""""","9.9","false","{breed subscribers}","0","""default""","""none""","0"
"{media 50}","{citizen 37}","[141 141 141 255]","""""","9.9","false","{breed subscribers}","0","""default""","""none""","0"
"{media 50}","{citizen 38}","[141 141 141 255]","""""","9.9","false","{breed subscribers}","0","""default""","""none""","0"
"{media 50}","{citizen 39}","[141 141 141 255]","""""","9.9","false","{breed subscribers}","0","""default""","""none""","0"
"{media 50}","{citizen 40}","[141 141 141 255]","""""","9.9","false","{breed subscribers}","0","""default""","""none""","0"
"{media 50}","{citizen 41}","[141 141 141 255]","""""","9.9","false","{breed subscribers}","0","""default""","""none""","0"
"{media 50}","{citizen 42}","[141 141 141 255]","""""","9.9","false","{breed subscribers}","0","""default""","""none""","0"
"{media 50}","{citizen 43}","[141 141 141 255]","""""","9.9","false","{breed subscribers}","0","""default""","""none""","0"
"{media 50}","{citizen 44}","[141 141 141 255]","""""","9.9","false","{breed subscribers}","0","""default""","""none""","0"
"{media 50}","{citizen 45}","[141 141 141 255]","""""","9.9","false","{breed subscribers}","0","""default""","""none""","0"
"{media 50}","{citizen 46}","[141 141 141 255]","""""","9.9","false","{breed subscribers}","0","""default""","""none""","0"
"{media 50}","{citizen 47}","[141 141 141 255]","""""","9.9","false","{breed subscribers}","0","""default""","""none""","0"
"{media 50}","{citizen 48}","[141 141 141 255]","""""","9.9","false","{breed subscribers}","0","""default""","""none""","0"
"{media 50}","{citizen 49}","[141 141 141 255]","""""","9.9","false","{breed subscribers}","0","""default""","""none""","0"
"{media 51}","{citizen 0}","[141 141 141 255]","""""","9.9","false","{breed subscribers}","0","""default""","""none""","0"
"{media 51}","{citizen 1}","[141 141 141 255]","""""","9.9","false","{breed subscribers}","0","""default""","""none""","0"
"{media 51}","{citizen 2}","[141 141 141 255]","""""","9.9","false","{breed subscribers}","0","""default""","""none""","0"
"{media 51}","{citizen 3}","[141 141 141 255]","""""","9.9","false","{breed subscribers}","0","""default""","""none""","0"
"{media 51}","{citizen 4}","[141 141 141 255]","""""","9.9","false","{breed subscribers}","0","""default""","""none""","0"
"{media 51}","{citizen 5}","[141 141 141 255]","""""","9.9","false","{breed subscribers}","0","""default""","""none""","0"
"{media 51}","{citizen 6}","[141 141 141 255]","""""","9.9","false","{breed subscribers}","0","""default""","""none""","0"
"{media 51}","{citizen 7}","[141 141 141 255]","""""","9.9","false","{breed subscribers}","0","""default""","""none""","0"
"{media 51}","{citizen 8}","[141 141 141 255]","""""","9.9","false","{breed subscribers}","0","""default""","""none""","0"
"{media 51}","{citizen 9}","[141 141 141 255]","""""","9.9","false","{breed subscribers}","0","""default""","""none""","0"
"{media 51}","{citizen 10}","[141 141 141 255]","""""","9.9","false","{breed subscribers}","0","""default""","""none""","0"
"{media 51}","{citizen 11}","[141 141 141 255]","""""","9.9","false","{breed subscribers}","0","""default""","""none""","0"
"{media 51}","{citizen 12}","[141 141 141 255]","""""","9.9","false","{breed subscribers}","0","""default""","""none""","0"
"{media 51}","{citizen 13}","[141 141 141 255]","""""","9.9","false","{breed subscribers}","0","""default""","""none""","0"
"{media 51}","{citizen 14}","[141 141 141 255]","""""","9.9","false","{breed subscribers}","0","""default""","""none""","0"
"{media 51}","{citizen 15}","[141 141 141 255]","""""","9.9","false","{breed subscribers}","0","""default""","""none""","0"
"{media 51}","{citizen 16}","[141 141 141 255]","""""","9.9","false","{breed subscribers}","0","""default""","""none""","0"
"{media 51}","{citizen 17}","[141 141 141 255]","""""","9.9","false","{breed subscribers}","0","""default""","""none""","0"
"{media 51}","{citizen 18}","[141 141 141 255]","""""","9.9","false","{breed subscribers}","0","""default""","""none""","0"
"{media 51}","{citizen 19}","[141 141 141 255]","""""","9.9","false","{breed subscribers}","0","""default""","""none""","0"
"{media 51}","{citizen 20}","[141 141 141 255]","""""","9.9","false","{breed subscribers}","0","""default""","""none""","0"
"{media 51}","{citizen 21}","[141 141 141 255]","""""","9.9","false","{breed subscribers}","0","""default""","""none""","0"
"{media 51}","{citizen 22}","[141 141 141 255]","""""","9.9","false","{breed subscribers}","0","""default""","""none""","0"
"{media 51}","{citizen 23}","[141 141 141 255]","""""","9.9","false","{breed subscribers}","0","""default""","""none""","0"
"{media 51}","{citizen 24}","[141 141 141 255]","""""","9.9","false","{breed subscribers}","0","""default""","""none""","0"
"{media 51}","{citizen 25}","[141 141 141 255]","""""","9.9","false","{breed subscribers}","0","""default""","""none""","0"
"{media 51}","{citizen 26}","[141 141 141 255]","""""","9.9","false","{breed subscribers}","0","""default""","""none""","0"
"{media 51}","{citizen 27}","[141 141 141 255]","""""","9.9","false","{breed subscribers}","0","""default""","""none""","0"
"{media 51}","{citizen 28}","[141 141 141 255]","""""","9.9","false","{breed subscribers}","0","""default""","""none""","0"
"{media 51}","{citizen 29}","[141 141 141 255]","""""","9.9","false","{breed subscribers}","0","""default""","""none""","0"
"{media 51}","{citizen 30}","[141 141 141 255]","""""","9.9","false","{breed subscribers}","0","""default""","""none""","0"
"{media 51}","{citizen 31}","[141 141 141 255]","""""","9.9","false","{breed subscribers}","0","""default""","""none""","0"
"{media 51}","{citizen 32}","[141 141 141 255]","""""","9.9","false","{breed subscribers}","0","""default""","""none""","0"
"{media 51}","{citizen 33}","[141 141 141 255]","""""","9.9","false","{breed subscribers}","0","""default""","""none""","0"
"{media 51}","{citizen 34}","[141 141 141 255]","""""","9.9","false","{breed subscribers}","0","""default""","""none""","0"
"{media 51}","{citizen 35}","[141 141 141 255]","""""","9.9","false","{breed subscribers}","0","""default""","""none""","0"
"{media 51}","{citizen 36}","[141 141 141 255]","""""","9.9","false","{breed subscribers}","0","""default""","""none""","0"
"{media 51}","{citizen 37}","[141 141 141 255]","""""","9.9","false","{breed subscribers}","0","""default""","""none""","0"
"{media 51}","{citizen 38}","[141 141 141 255]","""""","9.9","false","{breed subscribers}","0","""default""","""none""","0"
"{media 51}","{citizen 39}","[141 141 141 255]","""""","9.9","false","{breed subscribers}","0","""default""","""none""","0"
"{media 51}","{citizen 40}","[141 141 141 255]","""""","9.9","false","{breed subscribers}","0","""default""","""none""","0"
"{media 51}","{citizen 41}","[141 141 141 255]","""""","9.9","false","{breed subscribers}","0","""default""","""none""","0"
"{media 51}","{citizen 42}","[141 141 141 255]","""""","9.9","false","{breed subscribers}","0","""default""","""none""","0"
"{media 51}","{citizen 43}","[141 141 141 255]","""""","9.9","false","{breed subscribers}","0","""default""","""none""","0"
"{media 51}","{citizen 44}","[141 141 141 255]","""""","9.9","false","{breed subscribers}","0","""default""","""none""","0"
"{media 51}","{citizen 45}","[141 141 141 255]","""""","9.9","false","{breed subscribers}","0","""default""","""none""","0"
"{media 51}","{citizen 46}","[141 141 141 255]","""""","9.9","false","{breed subscribers}","0","""default""","""none""","0"
"{media 51}","{citizen 47}","[141 141 141 255]","""""","9.9","false","{breed subscribers}","0","""default""","""none""","0"
"{media 51}","{citizen 48}","[141 141 141 255]","""""","9.9","false","{breed subscribers}","0","""default""","""none""","0"
"{media 51}","{citizen 49}","[141 141 141 255]","""""","9.9","false","{breed subscribers}","0","""default""","""none""","0"
"{media 52}","{citizen 0}","[141 141 141 255]","""""","9.9","false","{breed subscribers}","0","""default""","""none""","0"
"{media 52}","{citizen 1}","[141 141 141 255]","""""","9.9","false","{breed subscribers}","0","""default""","""none""","0"
"{media 52}","{citizen 2}","[141 141 141 255]","""""","9.9","false","{breed subscribers}","0","""default""","""none""","0"
"{media 52}","{citizen 3}","[141 141 141 255]","""""","9.9","false","{breed subscribers}","0","""default""","""none""","0"
"{media 52}","{citizen 4}","[141 141 141 255]","""""","9.9","false","{breed subscribers}","0","""default""","""none""","0"
"{media 52}","{citizen 5}","[141 141 141 255]","""""","9.9","false","{breed subscribers}","0","""default""","""none""","0"
"{media 52}","{citizen 6}","[141 141 141 255]","""""","9.9","false","{breed subscribers}","0","""default""","""none""","0"
"{media 52}","{citizen 7}","[141 141 141 255]","""""","9.9","false","{breed subscribers}","0","""default""","""none""","0"
"{media 52}","{citizen 8}","[141 141 141 255]","""""","9.9","false","{breed subscribers}","0","""default""","""none""","0"
"{media 52}","{citizen 9}","[141 141 141 255]","""""","9.9","false","{breed subscribers}","0","""default""","""none""","0"
"{media 52}","{citizen 10}","[141 141 141 255]","""""","9.9","false","{breed subscribers}","0","""default""","""none""","0"
"{media 52}","{citizen 11}","[141 141 141 255]","""""","9.9","false","{breed subscribers}","0","""default""","""none""","0"
"{media 52}","{citizen 12}","[141 141 141 255]","""""","9.9","false","{breed subscribers}","0","""default""","""none""","0"
"{media 52}","{citizen 13}","[141 141 141 255]","""""","9.9","false","{breed subscribers}","0","""default""","""none""","0"
"{media 52}","{citizen 14}","[141 141 141 255]","""""","9.9","false","{breed subscribers}","0","""default""","""none""","0"
"{media 52}","{citizen 15}","[141 141 141 255]","""""","9.9","false","{breed subscribers}","0","""default""","""none""","0"
"{media 52}","{citizen 16}","[141 141 141 255]","""""","9.9","false","{breed subscribers}","0","""default""","""none""","0"
"{media 52}","{citizen 17}","[141 141 141 255]","""""","9.9","false","{breed subscribers}","0","""default""","""none""","0"
"{media 52}","{citizen 18}","[141 141 141 255]","""""","9.9","false","{breed subscribers}","0","""default""","""none""","0"
"{media 52}","{citizen 19}","[141 141 141 255]","""""","9.9","false","{breed subscribers}","0","""default""","""none""","0"
"{media 52}","{citizen 20}","[141 141 141 255]","""""","9.9","false","{breed subscribers}","0","""default""","""none""","0"
"{media 52}","{citizen 21}","[141 141 141 255]","""""","9.9","false","{breed subscribers}","0","""default""","""none""","0"
"{media 52}","{citizen 22}","[141 141 141 255]","""""","9.9","false","{breed subscribers}","0","""default""","""none""","0"
"{media 52}","{citizen 23}","[141 141 141 255]","""""","9.9","false","{breed subscribers}","0","""default""","""none""","0"
"{media 52}","{citizen 24}","[141 141 141 255]","""""","9.9","false","{breed subscribers}","0","""default""","""none""","0"
"{media 52}","{citizen 25}","[141 141 141 255]","""""","9.9","false","{breed subscribers}","0","""default""","""none""","0"
"{media 52}","{citizen 26}","[141 141 141 255]","""""","9.9","false","{breed subscribers}","0","""default""","""none""","0"
"{media 52}","{citizen 27}","[141 141 141 255]","""""","9.9","false","{breed subscribers}","0","""default""","""none""","0"
"{media 52}","{citizen 28}","[141 141 141 255]","""""","9.9","false","{breed subscribers}","0","""default""","""none""","0"
"{media 52}","{citizen 29}","[141 141 141 255]","""""","9.9","false","{breed subscribers}","0","""default""","""none""","0"
"{media 52}","{citizen 30}","[141 141 141 255]","""""","9.9","false","{breed subscribers}","0","""default""","""none""","0"
"{media 52}","{citizen 31}","[141 141 141 255]","""""","9.9","false","{breed subscribers}","0","""default""","""none""","0"
"{media 52}","{citizen 32}","[141 141 141 255]","""""","9.9","false","{breed subscribers}","0","""default""","""none""","0"
"{media 52}","{citizen 33}","[141 141 141 255]","""""","9.9","false","{breed subscribers}","0","""default""","""none""","0"
"{media 52}","{citizen 34}","[141 141 141 255]","""""","9.9","false","{breed subscribers}","0","""default""","""none""","0"
"{media 52}","{citizen 35}","[141 141 141 255]","""""","9.9","false","{breed subscribers}","0","""default""","""none""","0"
"{media 52}","{citizen 36}","[141 141 141 255]","""""","9.9","false","{breed subscribers}","0","""default""","""none""","0"
"{media 52}","{citizen 37}","[141 141 141 255]","""""","9.9","false","{breed subscribers}","0","""default""","""none""","0"
"{media 52}","{citizen 38}","[141 141 141 255]","""""","9.9","false","{breed subscribers}","0","""default""","""none""","0"
"{media 52}","{citizen 39}","[141 141 141 255]","""""","9.9","false","{breed subscribers}","0","""default""","""none""","0"
"{media 52}","{citizen 40}","[141 141 141 255]","""""","9.9","false","{breed subscribers}","0","""default""","""none""","0"
"{media 52}","{citizen 41}","[141 141 141 255]","""""","9.9","false","{breed subscribers}","0","""default""","""none""","0"
"{media 52}","{citizen 42}","[141 141 141 255]","""""","9.9","false","{breed subscribers}","0","""default""","""none""","0"
"{media 52}","{citizen 43}","[141 141 141 255]","""""","9.9","false","{breed subscribers}","0","""default""","""none""","0"
"{media 52}","{citizen 44}","[141 141 141 255]","""""","9.9","false","{breed subscribers}","0","""default""","""none""","0"
"{media 52}","{citizen 45}","[141 141 141 255]","""""","9.9","false","{breed subscribers}","0","""default""","""none""","0"
"{media 52}","{citizen 46}","[141 141 141 255]","""""","9.9","false","{breed subscribers}","0","""default""","""none""","0"
"{media 52}","{citizen 47}","[141 141 141 255]","""""","9.9","false","{breed subscribers}","0","""default""","""none""","0"
"{media 52}","{citizen 48}","[141 141 141 255]","""""","9.9","false","{breed subscribers}","0","""default""","""none""","0"
"{media 52}","{citizen 49}","[141 141 141 255]","""""","9.9","false","{breed subscribers}","0","""default""","""none""","0"
"{media 53}","{citizen 0}","[141 141 141 255]","""""","9.9","false","{breed subscribers}","0","""default""","""none""","0"
"{media 53}","{citizen 1}","[141 141 141 255]","""""","9.9","false","{breed subscribers}","0","""default""","""none""","0"
"{media 53}","{citizen 2}","[141 141 141 255]","""""","9.9","false","{breed subscribers}","0","""default""","""none""","0"
"{media 53}","{citizen 3}","[141 141 141 255]","""""","9.9","false","{breed subscribers}","0","""default""","""none""","0"
"{media 53}","{citizen 4}","[141 141 141 255]","""""","9.9","false","{breed subscribers}","0","""default""","""none""","0"
"{media 53}","{citizen 5}","[141 141 141 255]","""""","9.9","false","{breed subscribers}","0","""default""","""none""","0"
"{media 53}","{citizen 6}","[141 141 141 255]","""""","9.9","false","{breed subscribers}","0","""default""","""none""","0"
"{media 53}","{citizen 7}","[141 141 141 255]","""""","9.9","false","{breed subscribers}","0","""default""","""none""","0"
"{media 53}","{citizen 8}","[141 141 141 255]","""""","9.9","false","{breed subscribers}","0","""default""","""none""","0"
"{media 53}","{citizen 9}","[141 141 141 255]","""""","9.9","false","{breed subscribers}","0","""default""","""none""","0"
"{media 53}","{citizen 10}","[141 141 141 255]","""""","9.9","false","{breed subscribers}","0","""default""","""none""","0"
"{media 53}","{citizen 11}","[141 141 141 255]","""""","9.9","false","{breed subscribers}","0","""default""","""none""","0"
"{media 53}","{citizen 12}","[141 141 141 255]","""""","9.9","false","{breed subscribers}","0","""default""","""none""","0"
"{media 53}","{citizen 13}","[141 141 141 255]","""""","9.9","false","{breed subscribers}","0","""default""","""none""","0"
"{media 53}","{citizen 14}","[141 141 141 255]","""""","9.9","false","{breed subscribers}","0","""default""","""none""","0"
"{media 53}","{citizen 15}","[141 141 141 255]","""""","9.9","false","{breed subscribers}","0","""default""","""none""","0"
"{media 53}","{citizen 16}","[141 141 141 255]","""""","9.9","false","{breed subscribers}","0","""default""","""none""","0"
"{media 53}","{citizen 17}","[141 141 141 255]","""""","9.9","false","{breed subscribers}","0","""default""","""none""","0"
"{media 53}","{citizen 18}","[141 141 141 255]","""""","9.9","false","{breed subscribers}","0","""default""","""none""","0"
"{media 53}","{citizen 19}","[141 141 141 255]","""""","9.9","false","{breed subscribers}","0","""default""","""none""","0"
"{media 53}","{citizen 20}","[141 141 141 255]","""""","9.9","false","{breed subscribers}","0","""default""","""none""","0"
"{media 53}","{citizen 21}","[141 141 141 255]","""""","9.9","false","{breed subscribers}","0","""default""","""none""","0"
"{media 53}","{citizen 22}","[141 141 141 255]","""""","9.9","false","{breed subscribers}","0","""default""","""none""","0"
"{media 53}","{citizen 23}","[141 141 141 255]","""""","9.9","false","{breed subscribers}","0","""default""","""none""","0"
"{media 53}","{citizen 24}","[141 141 141 255]","""""","9.9","false","{breed subscribers}","0","""default""","""none""","0"
"{media 53}","{citizen 25}","[141 141 141 255]","""""","9.9","false","{breed subscribers}","0","""default""","""none""","0"
"{media 53}","{citizen 26}","[141 141 141 255]","""""","9.9","false","{breed subscribers}","0","""default""","""none""","0"
"{media 53}","{citizen 27}","[141 141 141 255]","""""","9.9","false","{breed subscribers}","0","""default""","""none""","0"
"{media 53}","{citizen 28}","[141 141 141 255]","""""","9.9","false","{breed subscribers}","0","""default""","""none""","0"
"{media 53}","{citizen 29}","[141 141 141 255]","""""","9.9","false","{breed subscribers}","0","""default""","""none""","0"
"{media 53}","{citizen 30}","[141 141 141 255]","""""","9.9","false","{breed subscribers}","0","""default""","""none""","0"
"{media 53}","{citizen 31}","[141 141 141 255]","""""","9.9","false","{breed subscribers}","0","""default""","""none""","0"
"{media 53}","{citizen 32}","[141 141 141 255]","""""","9.9","false","{breed subscribers}","0","""default""","""none""","0"
"{media 53}","{citizen 33}","[141 141 141 255]","""""","9.9","false","{breed subscribers}","0","""default""","""none""","0"
"{media 53}","{citizen 34}","[141 141 141 255]","""""","9.9","false","{breed subscribers}","0","""default""","""none""","0"
"{media 53}","{citizen 35}","[141 141 141 255]","""""","9.9","false","{breed subscribers}","0","""default""","""none""","0"
"{media 53}","{citizen 36}","[141 141 141 255]","""""","9.9","false","{breed subscribers}","0","""default""","""none""","0"
"{media 53}","{citizen 37}","[141 141 141 255]","""""","9.9","false","{breed subscribers}","0","""default""","""none""","0"
"{media 53}","{citizen 38}","[141 141 141 255]","""""","9.9","false","{breed subscribers}","0","""default""","""none""","0"
"{media 53}","{citizen 39}","[141 141 141 255]","""""","9.9","false","{breed subscribers}","0","""default""","""none""","0"
"{media 53}","{citizen 40}","[141 141 141 255]","""""","9.9","false","{breed subscribers}","0","""default""","""none""","0"
"{media 53}","{citizen 41}","[141 141 141 255]","""""","9.9","false","{breed subscribers}","0","""default""","""none""","0"
"{media 53}","{citizen 42}","[141 141 141 255]","""""","9.9","false","{breed subscribers}","0","""default""","""none""","0"
"{media 53}","{citizen 43}","[141 141 141 255]","""""","9.9","false","{breed subscribers}","0","""default""","""none""","0"
"{media 53}","{citizen 44}","[141 141 141 255]","""""","9.9","false","{breed subscribers}","0","""default""","""none""","0"
"{media 53}","{citizen 45}","[141 141 141 255]","""""","9.9","false","{breed subscribers}","0","""default""","""none""","0"
"{media 53}","{citizen 46}","[141 141 141 255]","""""","9.9","false","{breed subscribers}","0","""default""","""none""","0"
"{media 53}","{citizen 47}","[141 141 141 255]","""""","9.9","false","{breed subscribers}","0","""default""","""none""","0"
"{media 53}","{citizen 48}","[141 141 141 255]","""""","9.9","false","{breed subscribers}","0","""default""","""none""","0"
"{media 53}","{citizen 49}","[141 141 141 255]","""""","9.9","false","{breed subscribers}","0","""default""","""none""","0"
"{media 54}","{citizen 0}","[141 141 141 255]","""""","9.9","false","{breed subscribers}","0","""default""","""none""","0"
"{media 54}","{citizen 1}","[141 141 141 255]","""""","9.9","false","{breed subscribers}","0","""default""","""none""","0"
"{media 54}","{citizen 2}","[141 141 141 255]","""""","9.9","false","{breed subscribers}","0","""default""","""none""","0"
"{media 54}","{citizen 3}","[141 141 141 255]","""""","9.9","false","{breed subscribers}","0","""default""","""none""","0"
"{media 54}","{citizen 4}","[141 141 141 255]","""""","9.9","false","{breed subscribers}","0","""default""","""none""","0"
"{media 54}","{citizen 5}","[141 141 141 255]","""""","9.9","false","{breed subscribers}","0","""default""","""none""","0"
"{media 54}","{citizen 6}","[141 141 141 255]","""""","9.9","false","{breed subscribers}","0","""default""","""none""","0"
"{media 54}","{citizen 7}","[141 141 141 255]","""""","9.9","false","{breed subscribers}","0","""default""","""none""","0"
"{media 54}","{citizen 8}","[141 141 141 255]","""""","9.9","false","{breed subscribers}","0","""default""","""none""","0"
"{media 54}","{citizen 9}","[141 141 141 255]","""""","9.9","false","{breed subscribers}","0","""default""","""none""","0"
"{media 54}","{citizen 10}","[141 141 141 255]","""""","9.9","false","{breed subscribers}","0","""default""","""none""","0"
"{media 54}","{citizen 11}","[141 141 141 255]","""""","9.9","false","{breed subscribers}","0","""default""","""none""","0"
"{media 54}","{citizen 12}","[141 141 141 255]","""""","9.9","false","{breed subscribers}","0","""default""","""none""","0"
"{media 54}","{citizen 13}","[141 141 141 255]","""""","9.9","false","{breed subscribers}","0","""default""","""none""","0"
"{media 54}","{citizen 14}","[141 141 141 255]","""""","9.9","false","{breed subscribers}","0","""default""","""none""","0"
"{media 54}","{citizen 15}","[141 141 141 255]","""""","9.9","false","{breed subscribers}","0","""default""","""none""","0"
"{media 54}","{citizen 16}","[141 141 141 255]","""""","9.9","false","{breed subscribers}","0","""default""","""none""","0"
"{media 54}","{citizen 17}","[141 141 141 255]","""""","9.9","false","{breed subscribers}","0","""default""","""none""","0"
"{media 54}","{citizen 18}","[141 141 141 255]","""""","9.9","false","{breed subscribers}","0","""default""","""none""","0"
"{media 54}","{citizen 19}","[141 141 141 255]","""""","9.9","false","{breed subscribers}","0","""default""","""none""","0"
"{media 54}","{citizen 20}","[141 141 141 255]","""""","9.9","false","{breed subscribers}","0","""default""","""none""","0"
"{media 54}","{citizen 21}","[141 141 141 255]","""""","9.9","false","{breed subscribers}","0","""default""","""none""","0"
"{media 54}","{citizen 22}","[141 141 141 255]","""""","9.9","false","{breed subscribers}","0","""default""","""none""","0"
"{media 54}","{citizen 23}","[141 141 141 255]","""""","9.9","false","{breed subscribers}","0","""default""","""none""","0"
"{media 54}","{citizen 24}","[141 141 141 255]","""""","9.9","false","{breed subscribers}","0","""default""","""none""","0"
"{media 54}","{citizen 25}","[141 141 141 255]","""""","9.9","false","{breed subscribers}","0","""default""","""none""","0"
"{media 54}","{citizen 26}","[141 141 141 255]","""""","9.9","false","{breed subscribers}","0","""default""","""none""","0"
"{media 54}","{citizen 27}","[141 141 141 255]","""""","9.9","false","{breed subscribers}","0","""default""","""none""","0"
"{media 54}","{citizen 28}","[141 141 141 255]","""""","9.9","false","{breed subscribers}","0","""default""","""none""","0"
"{media 54}","{citizen 29}","[141 141 141 255]","""""","9.9","false","{breed subscribers}","0","""default""","""none""","0"
"{media 54}","{citizen 30}","[141 141 141 255]","""""","9.9","false","{breed subscribers}","0","""default""","""none""","0"
"{media 54}","{citizen 31}","[141 141 141 255]","""""","9.9","false","{breed subscribers}","0","""default""","""none""","0"
"{media 54}","{citizen 32}","[141 141 141 255]","""""","9.9","false","{breed subscribers}","0","""default""","""none""","0"
"{media 54}","{citizen 33}","[141 141 141 255]","""""","9.9","false","{breed subscribers}","0","""default""","""none""","0"
"{media 54}","{citizen 34}","[141 141 141 255]","""""","9.9","false","{breed subscribers}","0","""default""","""none""","0"
"{media 54}","{citizen 35}","[141 141 141 255]","""""","9.9","false","{breed subscribers}","0","""default""","""none""","0"
"{media 54}","{citizen 36}","[141 141 141 255]","""""","9.9","false","{breed subscribers}","0","""default""","""none""","0"
"{media 54}","{citizen 37}","[141 141 141 255]","""""","9.9","false","{breed subscribers}","0","""default""","""none""","0"
"{media 54}","{citizen 38}","[141 141 141 255]","""""","9.9","false","{breed subscribers}","0","""default""","""none""","0"
"{media 54}","{citizen 39}","[141 141 141 255]","""""","9.9","false","{breed subscribers}","0","""default""","""none""","0"
"{media 54}","{citizen 40}","[141 141 141 255]","""""","9.9","false","{breed subscribers}","0","""default""","""none""","0"
"{media 54}","{citizen 41}","[141 141 141 255]","""""","9.9","false","{breed subscribers}","0","""default""","""none""","0"
"{media 54}","{citizen 42}","[141 141 141 255]","""""","9.9","false","{breed subscribers}","0","""default""","""none""","0"
"{media 54}","{citizen 43}","[141 141 141 255]","""""","9.9","false","{breed subscribers}","0","""default""","""none""","0"
"{media 54}","{citizen 44}","[141 141 141 255]","""""","9.9","false","{breed subscribers}","0","""default""","""none""","0"
"{media 54}","{citizen 45}","[141 141 141 255]","""""","9.9","false","{breed subscribers}","0","""default""","""none""","0"
"{media 54}","{citizen 46}","[141 141 141 255]","""""","9.9","false","{breed subscribers}","0","""default""","""none""","0"
"{media 54}","{citizen 47}","[141 141 141 255]","""""","9.9","false","{breed subscribers}","0","""default""","""none""","0"
"{media 54}","{citizen 48}","[141 141 141 255]","""""","9.9","false","{breed subscribers}","0","""default""","""none""","0"
"{media 54}","{citizen 49}","[141 141 141 255]","""""","9.9","false","{breed subscribers}","0","""default""","""none""","0"
"{media 55}","{citizen 0}","[141 141 141 255]","""""","9.9","false","{breed subscribers}","0","""default""","""none""","0"
"{media 55}","{citizen 1}","[141 141 141 255]","""""","9.9","false","{breed subscribers}","0","""default""","""none""","0"
"{media 55}","{citizen 2}","[141 141 141 255]","""""","9.9","false","{breed subscribers}","0","""default""","""none""","0"
"{media 55}","{citizen 3}","[141 141 141 255]","""""","9.9","false","{breed subscribers}","0","""default""","""none""","0"
"{media 55}","{citizen 4}","[141 141 141 255]","""""","9.9","false","{breed subscribers}","0","""default""","""none""","0"
"{media 55}","{citizen 5}","[141 141 141 255]","""""","9.9","false","{breed subscribers}","0","""default""","""none""","0"
"{media 55}","{citizen 6}","[141 141 141 255]","""""","9.9","false","{breed subscribers}","0","""default""","""none""","0"
"{media 55}","{citizen 7}","[141 141 141 255]","""""","9.9","false","{breed subscribers}","0","""default""","""none""","0"
"{media 55}","{citizen 8}","[141 141 141 255]","""""","9.9","false","{breed subscribers}","0","""default""","""none""","0"
"{media 55}","{citizen 9}","[141 141 141 255]","""""","9.9","false","{breed subscribers}","0","""default""","""none""","0"
"{media 55}","{citizen 10}","[141 141 141 255]","""""","9.9","false","{breed subscribers}","0","""default""","""none""","0"
"{media 55}","{citizen 11}","[141 141 141 255]","""""","9.9","false","{breed subscribers}","0","""default""","""none""","0"
"{media 55}","{citizen 12}","[141 141 141 255]","""""","9.9","false","{breed subscribers}","0","""default""","""none""","0"
"{media 55}","{citizen 13}","[141 141 141 255]","""""","9.9","false","{breed subscribers}","0","""default""","""none""","0"
"{media 55}","{citizen 14}","[141 141 141 255]","""""","9.9","false","{breed subscribers}","0","""default""","""none""","0"
"{media 55}","{citizen 15}","[141 141 141 255]","""""","9.9","false","{breed subscribers}","0","""default""","""none""","0"
"{media 55}","{citizen 16}","[141 141 141 255]","""""","9.9","false","{breed subscribers}","0","""default""","""none""","0"
"{media 55}","{citizen 17}","[141 141 141 255]","""""","9.9","false","{breed subscribers}","0","""default""","""none""","0"
"{media 55}","{citizen 18}","[141 141 141 255]","""""","9.9","false","{breed subscribers}","0","""default""","""none""","0"
"{media 55}","{citizen 19}","[141 141 141 255]","""""","9.9","false","{breed subscribers}","0","""default""","""none""","0"
"{media 55}","{citizen 20}","[141 141 141 255]","""""","9.9","false","{breed subscribers}","0","""default""","""none""","0"
"{media 55}","{citizen 21}","[141 141 141 255]","""""","9.9","false","{breed subscribers}","0","""default""","""none""","0"
"{media 55}","{citizen 22}","[141 141 141 255]","""""","9.9","false","{breed subscribers}","0","""default""","""none""","0"
"{media 55}","{citizen 23}","[141 141 141 255]","""""","9.9","false","{breed subscribers}","0","""default""","""none""","0"
"{media 55}","{citizen 24}","[141 141 141 255]","""""","9.9","false","{breed subscribers}","0","""default""","""none""","0"
"{media 55}","{citizen 25}","[141 141 141 255]","""""","9.9","false","{breed subscribers}","0","""default""","""none""","0"
"{media 55}","{citizen 26}","[141 141 141 255]","""""","9.9","false","{breed subscribers}","0","""default""","""none""","0"
"{media 55}","{citizen 27}","[141 141 141 255]","""""","9.9","false","{breed subscribers}","0","""default""","""none""","0"
"{media 55}","{citizen 28}","[141 141 141 255]","""""","9.9","false","{breed subscribers}","0","""default""","""none""","0"
"{media 55}","{citizen 29}","[141 141 141 255]","""""","9.9","false","{breed subscribers}","0","""default""","""none""","0"
"{media 55}","{citizen 30}","[141 141 141 255]","""""","9.9","false","{breed subscribers}","0","""default""","""none""","0"
"{media 55}","{citizen 31}","[141 141 141 255]","""""","9.9","false","{breed subscribers}","0","""default""","""none""","0"
"{media 55}","{citizen 32}","[141 141 141 255]","""""","9.9","false","{breed subscribers}","0","""default""","""none""","0"
"{media 55}","{citizen 33}","[141 141 141 255]","""""","9.9","false","{breed subscribers}","0","""default""","""none""","0"
"{media 55}","{citizen 34}","[141 141 141 255]","""""","9.9","false","{breed subscribers}","0","""default""","""none""","0"
"{media 55}","{citizen 35}","[141 141 141 255]","""""","9.9","false","{breed subscribers}","0","""default""","""none""","0"
"{media 55}","{citizen 36}","[141 141 141 255]","""""","9.9","false","{breed subscribers}","0","""default""","""none""","0"
"{media 55}","{citizen 37}","[141 141 141 255]","""""","9.9","false","{breed subscribers}","0","""default""","""none""","0"
"{media 55}","{citizen 38}","[141 141 141 255]","""""","9.9","false","{breed subscribers}","0","""default""","""none""","0"
"{media 55}","{citizen 39}","[141 141 141 255]","""""","9.9","false","{breed subscribers}","0","""default""","""none""","0"
"{media 55}","{citizen 40}","[141 141 141 255]","""""","9.9","false","{breed subscribers}","0","""default""","""none""","0"
"{media 55}","{citizen 41}","[141 141 141 255]","""""","9.9","false","{breed subscribers}","0","""default""","""none""","0"
"{media 55}","{citizen 42}","[141 141 141 255]","""""","9.9","false","{breed subscribers}","0","""default""","""none""","0"
"{media 55}","{citizen 43}","[141 141 141 255]","""""","9.9","false","{breed subscribers}","0","""default""","""none""","0"
"{media 55}","{citizen 44}","[141 141 141 255]","""""","9.9","false","{breed subscribers}","0","""default""","""none""","0"
"{media 55}","{citizen 45}","[141 141 141 255]","""""","9.9","false","{breed subscribers}","0","""default""","""none""","0"
"{media 55}","{citizen 46}","[141 141 141 255]","""""","9.9","false","{breed subscribers}","0","""default""","""none""","0"
"{media 55}","{citizen 47}","[141 141 141 255]","""""","9.9","false","{breed subscribers}","0","""default""","""none""","0"
"{media 55}","{citizen 48}","[141 141 141 255]","""""","9.9","false","{breed subscribers}","0","""default""","""none""","0"
"{media 55}","{citizen 49}","[141 141 141 255]","""""","9.9","false","{breed subscribers}","0","""default""","""none""","0"
"{media 56}","{citizen 0}","[141 141 141 255]","""""","9.9","false","{breed subscribers}","0","""default""","""none""","0"
"{media 56}","{citizen 1}","[141 141 141 255]","""""","9.9","false","{breed subscribers}","0","""default""","""none""","0"
"{media 56}","{citizen 2}","[141 141 141 255]","""""","9.9","false","{breed subscribers}","0","""default""","""none""","0"
"{media 56}","{citizen 3}","[141 141 141 255]","""""","9.9","false","{breed subscribers}","0","""default""","""none""","0"
"{media 56}","{citizen 4}","[141 141 141 255]","""""","9.9","false","{breed subscribers}","0","""default""","""none""","0"
"{media 56}","{citizen 5}","[141 141 141 255]","""""","9.9","false","{breed subscribers}","0","""default""","""none""","0"
"{media 56}","{citizen 6}","[141 141 141 255]","""""","9.9","false","{breed subscribers}","0","""default""","""none""","0"
"{media 56}","{citizen 7}","[141 141 141 255]","""""","9.9","false","{breed subscribers}","0","""default""","""none""","0"
"{media 56}","{citizen 8}","[141 141 141 255]","""""","9.9","false","{breed subscribers}","0","""default""","""none""","0"
"{media 56}","{citizen 9}","[141 141 141 255]","""""","9.9","false","{breed subscribers}","0","""default""","""none""","0"
"{media 56}","{citizen 10}","[141 141 141 255]","""""","9.9","false","{breed subscribers}","0","""default""","""none""","0"
"{media 56}","{citizen 11}","[141 141 141 255]","""""","9.9","false","{breed subscribers}","0","""default""","""none""","0"
"{media 56}","{citizen 12}","[141 141 141 255]","""""","9.9","false","{breed subscribers}","0","""default""","""none""","0"
"{media 56}","{citizen 13}","[141 141 141 255]","""""","9.9","false","{breed subscribers}","0","""default""","""none""","0"
"{media 56}","{citizen 14}","[141 141 141 255]","""""","9.9","false","{breed subscribers}","0","""default""","""none""","0"
"{media 56}","{citizen 15}","[141 141 141 255]","""""","9.9","false","{breed subscribers}","0","""default""","""none""","0"
"{media 56}","{citizen 16}","[141 141 141 255]","""""","9.9","false","{breed subscribers}","0","""default""","""none""","0"
"{media 56}","{citizen 17}","[141 141 141 255]","""""","9.9","false","{breed subscribers}","0","""default""","""none""","0"
"{media 56}","{citizen 18}","[141 141 141 255]","""""","9.9","false","{breed subscribers}","0","""default""","""none""","0"
"{media 56}","{citizen 19}","[141 141 141 255]","""""","9.9","false","{breed subscribers}","0","""default""","""none""","0"
"{media 56}","{citizen 20}","[141 141 141 255]","""""","9.9","false","{breed subscribers}","0","""default""","""none""","0"
"{media 56}","{citizen 21}","[141 141 141 255]","""""","9.9","false","{breed subscribers}","0","""default""","""none""","0"
"{media 56}","{citizen 22}","[141 141 141 255]","""""","9.9","false","{breed subscribers}","0","""default""","""none""","0"
"{media 56}","{citizen 23}","[141 141 141 255]","""""","9.9","false","{breed subscribers}","0","""default""","""none""","0"
"{media 56}","{citizen 24}","[141 141 141 255]","""""","9.9","false","{breed subscribers}","0","""default""","""none""","0"
"{media 56}","{citizen 25}","[141 141 141 255]","""""","9.9","false","{breed subscribers}","0","""default""","""none""","0"
"{media 56}","{citizen 26}","[141 141 141 255]","""""","9.9","false","{breed subscribers}","0","""default""","""none""","0"
"{media 56}","{citizen 27}","[141 141 141 255]","""""","9.9","false","{breed subscribers}","0","""default""","""none""","0"
"{media 56}","{citizen 28}","[141 141 141 255]","""""","9.9","false","{breed subscribers}","0","""default""","""none""","0"
"{media 56}","{citizen 29}","[141 141 141 255]","""""","9.9","false","{breed subscribers}","0","""default""","""none""","0"
"{media 56}","{citizen 30}","[141 141 141 255]","""""","9.9","false","{breed subscribers}","0","""default""","""none""","0"
"{media 56}","{citizen 31}","[141 141 141 255]","""""","9.9","false","{breed subscribers}","0","""default""","""none""","0"
"{media 56}","{citizen 32}","[141 141 141 255]","""""","9.9","false","{breed subscribers}","0","""default""","""none""","0"
"{media 56}","{citizen 33}","[141 141 141 255]","""""","9.9","false","{breed subscribers}","0","""default""","""none""","0"
"{media 56}","{citizen 34}","[141 141 141 255]","""""","9.9","false","{breed subscribers}","0","""default""","""none""","0"
"{media 56}","{citizen 35}","[141 141 141 255]","""""","9.9","false","{breed subscribers}","0","""default""","""none""","0"
"{media 56}","{citizen 36}","[141 141 141 255]","""""","9.9","false","{breed subscribers}","0","""default""","""none""","0"
"{media 56}","{citizen 37}","[141 141 141 255]","""""","9.9","false","{breed subscribers}","0","""default""","""none""","0"
"{media 56}","{citizen 38}","[141 141 141 255]","""""","9.9","false","{breed subscribers}","0","""default""","""none""","0"
"{media 56}","{citizen 39}","[141 141 141 255]","""""","9.9","false","{breed subscribers}","0","""default""","""none""","0"
"{media 56}","{citizen 40}","[141 141 141 255]","""""","9.9","false","{breed subscribers}","0","""default""","""none""","0"
"{media 56}","{citizen 41}","[141 141 141 255]","""""","9.9","false","{breed subscribers}","0","""default""","""none""","0"
"{media 56}","{citizen 42}","[141 141 141 255]","""""","9.9","false","{breed subscribers}","0","""default""","""none""","0"
"{media 56}","{citizen 43}","[141 141 141 255]","""""","9.9","false","{breed subscribers}","0","""default""","""none""","0"
"{media 56}","{citizen 44}","[141 141 141 255]","""""","9.9","false","{breed subscribers}","0","""default""","""none""","0"
"{media 56}","{citizen 45}","[141 141 141 255]","""""","9.9","false","{breed subscribers}","0","""default""","""none""","0"
"{media 56}","{citizen 46}","[141 141 141 255]","""""","9.9","false","{breed subscribers}","0","""default""","""none""","0"
"{media 56}","{citizen 47}","[141 141 141 255]","""""","9.9","false","{breed subscribers}","0","""default""","""none""","0"
"{media 56}","{citizen 48}","[141 141 141 255]","""""","9.9","false","{breed subscribers}","0","""default""","""none""","0"
"{media 56}","{citizen 49}","[141 141 141 255]","""""","9.9","false","{breed subscribers}","0","""default""","""none""","0"
"{media 57}","{citizen 0}","[141 141 141 255]","""""","9.9","false","{breed subscribers}","0","""default""","""none""","0"
"{media 57}","{citizen 1}","[141 141 141 255]","""""","9.9","false","{breed subscribers}","0","""default""","""none""","0"
"{media 57}","{citizen 2}","[141 141 141 255]","""""","9.9","false","{breed subscribers}","0","""default""","""none""","0"
"{media 57}","{citizen 3}","[141 141 141 255]","""""","9.9","false","{breed subscribers}","0","""default""","""none""","0"
"{media 57}","{citizen 4}","[141 141 141 255]","""""","9.9","false","{breed subscribers}","0","""default""","""none""","0"
"{media 57}","{citizen 5}","[141 141 141 255]","""""","9.9","false","{breed subscribers}","0","""default""","""none""","0"
"{media 57}","{citizen 6}","[141 141 141 255]","""""","9.9","false","{breed subscribers}","0","""default""","""none""","0"
"{media 57}","{citizen 7}","[141 141 141 255]","""""","9.9","false","{breed subscribers}","0","""default""","""none""","0"
"{media 57}","{citizen 8}","[141 141 141 255]","""""","9.9","false","{breed subscribers}","0","""default""","""none""","0"
"{media 57}","{citizen 9}","[141 141 141 255]","""""","9.9","false","{breed subscribers}","0","""default""","""none""","0"
"{media 57}","{citizen 10}","[141 141 141 255]","""""","9.9","false","{breed subscribers}","0","""default""","""none""","0"
"{media 57}","{citizen 11}","[141 141 141 255]","""""","9.9","false","{breed subscribers}","0","""default""","""none""","0"
"{media 57}","{citizen 12}","[141 141 141 255]","""""","9.9","false","{breed subscribers}","0","""default""","""none""","0"
"{media 57}","{citizen 13}","[141 141 141 255]","""""","9.9","false","{breed subscribers}","0","""default""","""none""","0"
"{media 57}","{citizen 14}","[141 141 141 255]","""""","9.9","false","{breed subscribers}","0","""default""","""none""","0"
"{media 57}","{citizen 15}","[141 141 141 255]","""""","9.9","false","{breed subscribers}","0","""default""","""none""","0"
"{media 57}","{citizen 16}","[141 141 141 255]","""""","9.9","false","{breed subscribers}","0","""default""","""none""","0"
"{media 57}","{citizen 17}","[141 141 141 255]","""""","9.9","false","{breed subscribers}","0","""default""","""none""","0"
"{media 57}","{citizen 18}","[141 141 141 255]","""""","9.9","false","{breed subscribers}","0","""default""","""none""","0"
"{media 57}","{citizen 19}","[141 141 141 255]","""""","9.9","false","{breed subscribers}","0","""default""","""none""","0"
"{media 57}","{citizen 20}","[141 141 141 255]","""""","9.9","false","{breed subscribers}","0","""default""","""none""","0"
"{media 57}","{citizen 21}","[141 141 141 255]","""""","9.9","false","{breed subscribers}","0","""default""","""none""","0"
"{media 57}","{citizen 22}","[141 141 141 255]","""""","9.9","false","{breed subscribers}","0","""default""","""none""","0"
"{media 57}","{citizen 23}","[141 141 141 255]","""""","9.9","false","{breed subscribers}","0","""default""","""none""","0"
"{media 57}","{citizen 24}","[141 141 141 255]","""""","9.9","false","{breed subscribers}","0","""default""","""none""","0"
"{media 57}","{citizen 25}","[141 141 141 255]","""""","9.9","false","{breed subscribers}","0","""default""","""none""","0"
"{media 57}","{citizen 26}","[141 141 141 255]","""""","9.9","false","{breed subscribers}","0","""default""","""none""","0"
"{media 57}","{citizen 27}","[141 141 141 255]","""""","9.9","false","{breed subscribers}","0","""default""","""none""","0"
"{media 57}","{citizen 28}","[141 141 141 255]","""""","9.9","false","{breed subscribers}","0","""default""","""none""","0"
"{media 57}","{citizen 29}","[141 141 141 255]","""""","9.9","false","{breed subscribers}","0","""default""","""none""","0"
"{media 57}","{citizen 30}","[141 141 141 255]","""""","9.9","false","{breed subscribers}","0","""default""","""none""","0"
"{media 57}","{citizen 31}","[141 141 141 255]","""""","9.9","false","{breed subscribers}","0","""default""","""none""","0"
"{media 57}","{citizen 32}","[141 141 141 255]","""""","9.9","false","{breed subscribers}","0","""default""","""none""","0"
"{media 57}","{citizen 33}","[141 141 141 255]","""""","9.9","false","{breed subscribers}","0","""default""","""none""","0"
"{media 57}","{citizen 34}","[141 141 141 255]","""""","9.9","false","{breed subscribers}","0","""default""","""none""","0"
"{media 57}","{citizen 35}","[141 141 141 255]","""""","9.9","false","{breed subscribers}","0","""default""","""none""","0"
"{media 57}","{citizen 36}","[141 141 141 255]","""""","9.9","false","{breed subscribers}","0","""default""","""none""","0"
"{media 57}","{citizen 37}","[141 141 141 255]","""""","9.9","false","{breed subscribers}","0","""default""","""none""","0"
"{media 57}","{citizen 38}","[141 141 141 255]","""""","9.9","false","{breed subscribers}","0","""default""","""none""","0"
"{media 57}","{citizen 39}","[141 141 141 255]","""""","9.9","false","{breed subscribers}","0","""default""","""none""","0"
"{media 57}","{citizen 40}","[141 141 141 255]","""""","9.9","false","{breed subscribers}","0","""default""","""none""","0"
"{media 57}","{citizen 41}","[141 141 141 255]","""""","9.9","false","{breed subscribers}","0","""default""","""none""","0"
"{media 57}","{citizen 42}","[141 141 141 255]","""""","9.9","false","{breed subscribers}","0","""default""","""none""","0"
"{media 57}","{citizen 43}","[141 141 141 255]","""""","9.9","false","{breed subscribers}","0","""default""","""none""","0"
"{media 57}","{citizen 44}","[141 141 141 255]","""""","9.9","false","{breed subscribers}","0","""default""","""none""","0"
"{media 57}","{citizen 45}","[141 141 141 255]","""""","9.9","false","{breed subscribers}","0","""default""","""none""","0"
"{media 57}","{citizen 46}","[141 141 141 255]","""""","9.9","false","{breed subscribers}","0","""default""","""none""","0"
"{media 57}","{citizen 47}","[141 141 141 255]","""""","9.9","false","{breed subscribers}","0","""default""","""none""","0"
"{media 57}","{citizen 48}","[141 141 141 255]","""""","9.9","false","{breed subscribers}","0","""default""","""none""","0"
"{media 57}","{citizen 49}","[141 141 141 255]","""""","9.9","false","{breed subscribers}","0","""default""","""none""","0"
"{media 59}","{citizen 0}","[141 141 141 255]","""""","9.9","false","{breed subscribers}","0","""default""","""none""","0"
"{media 59}","{citizen 1}","[141 141 141 255]","""""","9.9","false","{breed subscribers}","0","""default""","""none""","0"
"{media 59}","{citizen 2}","[141 141 141 255]","""""","9.9","false","{breed subscribers}","0","""default""","""none""","0"
"{media 59}","{citizen 3}","[141 141 141 255]","""""","9.9","false","{breed subscribers}","0","""default""","""none""","0"
"{media 59}","{citizen 4}","[141 141 141 255]","""""","9.9","false","{breed subscribers}","0","""default""","""none""","0"
"{media 59}","{citizen 5}","[141 141 141 255]","""""","9.9","false","{breed subscribers}","0","""default""","""none""","0"
"{media 59}","{citizen 6}","[141 141 141 255]","""""","9.9","false","{breed subscribers}","0","""default""","""none""","0"
"{media 59}","{citizen 7}","[141 141 141 255]","""""","9.9","false","{breed subscribers}","0","""default""","""none""","0"
"{media 59}","{citizen 8}","[141 141 141 255]","""""","9.9","false","{breed subscribers}","0","""default""","""none""","0"
"{media 59}","{citizen 9}","[141 141 141 255]","""""","9.9","false","{breed subscribers}","0","""default""","""none""","0"
"{media 59}","{citizen 10}","[141 141 141 255]","""""","9.9","false","{breed subscribers}","0","""default""","""none""","0"
"{media 59}","{citizen 11}","[141 141 141 255]","""""","9.9","false","{breed subscribers}","0","""default""","""none""","0"
"{media 59}","{citizen 12}","[141 141 141 255]","""""","9.9","false","{breed subscribers}","0","""default""","""none""","0"
"{media 59}","{citizen 13}","[141 141 141 255]","""""","9.9","false","{breed subscribers}","0","""default""","""none""","0"
"{media 59}","{citizen 14}","[141 141 141 255]","""""","9.9","false","{breed subscribers}","0","""default""","""none""","0"
"{media 59}","{citizen 15}","[141 141 141 255]","""""","9.9","false","{breed subscribers}","0","""default""","""none""","0"
"{media 59}","{citizen 16}","[141 141 141 255]","""""","9.9","false","{breed subscribers}","0","""default""","""none""","0"
"{media 59}","{citizen 17}","[141 141 141 255]","""""","9.9","false","{breed subscribers}","0","""default""","""none""","0"
"{media 59}","{citizen 18}","[141 141 141 255]","""""","9.9","false","{breed subscribers}","0","""default""","""none""","0"
"{media 59}","{citizen 19}","[141 141 141 255]","""""","9.9","false","{breed subscribers}","0","""default""","""none""","0"
"{media 59}","{citizen 20}","[141 141 141 255]","""""","9.9","false","{breed subscribers}","0","""default""","""none""","0"
"{media 59}","{citizen 21}","[141 141 141 255]","""""","9.9","false","{breed subscribers}","0","""default""","""none""","0"
"{media 59}","{citizen 22}","[141 141 141 255]","""""","9.9","false","{breed subscribers}","0","""default""","""none""","0"
"{media 59}","{citizen 23}","[141 141 141 255]","""""","9.9","false","{breed subscribers}","0","""default""","""none""","0"
"{media 59}","{citizen 24}","[141 141 141 255]","""""","9.9","false","{breed subscribers}","0","""default""","""none""","0"
"{media 59}","{citizen 25}","[141 141 141 255]","""""","9.9","false","{breed subscribers}","0","""default""","""none""","0"
"{media 59}","{citizen 26}","[141 141 141 255]","""""","9.9","false","{breed subscribers}","0","""default""","""none""","0"
"{media 59}","{citizen 27}","[141 141 141 255]","""""","9.9","false","{breed subscribers}","0","""default""","""none""","0"
"{media 59}","{citizen 28}","[141 141 141 255]","""""","9.9","false","{breed subscribers}","0","""default""","""none""","0"
"{media 59}","{citizen 29}","[141 141 141 255]","""""","9.9","false","{breed subscribers}","0","""default""","""none""","0"
"{media 59}","{citizen 30}","[141 141 141 255]","""""","9.9","false","{breed subscribers}","0","""default""","""none""","0"
"{media 59}","{citizen 31}","[141 141 141 255]","""""","9.9","false","{breed subscribers}","0","""default""","""none""","0"
"{media 59}","{citizen 32}","[141 141 141 255]","""""","9.9","false","{breed subscribers}","0","""default""","""none""","0"
"{media 59}","{citizen 33}","[141 141 141 255]","""""","9.9","false","{breed subscribers}","0","""default""","""none""","0"
"{media 59}","{citizen 34}","[141 141 141 255]","""""","9.9","false","{breed subscribers}","0","""default""","""none""","0"
"{media 59}","{citizen 35}","[141 141 141 255]","""""","9.9","false","{breed subscribers}","0","""default""","""none""","0"
"{media 59}","{citizen 36}","[141 141 141 255]","""""","9.9","false","{breed subscribers}","0","""default""","""none""","0"
"{media 59}","{citizen 37}","[141 141 141 255]","""""","9.9","false","{breed subscribers}","0","""default""","""none""","0"
"{media 59}","{citizen 38}","[141 141 141 255]","""""","9.9","false","{breed subscribers}","0","""default""","""none""","0"
"{media 59}","{citizen 39}","[141 141 141 255]","""""","9.9","false","{breed subscribers}","0","""default""","""none""","0"
"{media 59}","{citizen 40}","[141 141 141 255]","""""","9.9","false","{breed subscribers}","0","""default""","""none""","0"
"{media 59}","{citizen 41}","[141 141 141 255]","""""","9.9","false","{breed subscribers}","0","""default""","""none""","0"
"{media 59}","{citizen 42}","[141 141 141 255]","""""","9.9","false","{breed subscribers}","0","""default""","""none""","0"
"{media 59}","{citizen 43}","[141 141 141 255]","""""","9.9","false","{breed subscribers}","0","""default""","""none""","0"
"{media 59}","{citizen 44}","[141 141 141 255]","""""","9.9","false","{breed subscribers}","0","""default""","""none""","0"
"{media 59}","{citizen 45}","[141 141 141 255]","""""","9.9","false","{breed subscribers}","0","""default""","""none""","0"
"{media 59}","{citizen 46}","[141 141 141 255]","""""","9.9","false","{breed subscribers}","0","""default""","""none""","0"
"{media 59}","{citizen 47}","[141 141 141 255]","""""","9.9","false","{breed subscribers}","0","""default""","""none""","0"
"{media 59}","{citizen 48}","[141 141 141 255]","""""","9.9","false","{breed subscribers}","0","""default""","""none""","0"
"{media 59}","{citizen 49}","[141 141 141 255]","""""","9.9","false","{breed subscribers}","0","""default""","""none""","0"
"{media 61}","{citizen 0}","[141 141 141 255]","""""","9.9","false","{breed subscribers}","0","""default""","""none""","0"
"{media 61}","{citizen 1}","[141 141 141 255]","""""","9.9","false","{breed subscribers}","0","""default""","""none""","0"
"{media 61}","{citizen 2}","[141 141 141 255]","""""","9.9","false","{breed subscribers}","0","""default""","""none""","0"
"{media 61}","{citizen 3}","[141 141 141 255]","""""","9.9","false","{breed subscribers}","0","""default""","""none""","0"
"{media 61}","{citizen 4}","[141 141 141 255]","""""","9.9","false","{breed subscribers}","0","""default""","""none""","0"
"{media 61}","{citizen 5}","[141 141 141 255]","""""","9.9","false","{breed subscribers}","0","""default""","""none""","0"
"{media 61}","{citizen 6}","[141 141 141 255]","""""","9.9","false","{breed subscribers}","0","""default""","""none""","0"
"{media 61}","{citizen 7}","[141 141 141 255]","""""","9.9","false","{breed subscribers}","0","""default""","""none""","0"
"{media 61}","{citizen 8}","[141 141 141 255]","""""","9.9","false","{breed subscribers}","0","""default""","""none""","0"
"{media 61}","{citizen 9}","[141 141 141 255]","""""","9.9","false","{breed subscribers}","0","""default""","""none""","0"
"{media 61}","{citizen 10}","[141 141 141 255]","""""","9.9","false","{breed subscribers}","0","""default""","""none""","0"
"{media 61}","{citizen 11}","[141 141 141 255]","""""","9.9","false","{breed subscribers}","0","""default""","""none""","0"
"{media 61}","{citizen 12}","[141 141 141 255]","""""","9.9","false","{breed subscribers}","0","""default""","""none""","0"
"{media 61}","{citizen 13}","[141 141 141 255]","""""","9.9","false","{breed subscribers}","0","""default""","""none""","0"
"{media 61}","{citizen 14}","[141 141 141 255]","""""","9.9","false","{breed subscribers}","0","""default""","""none""","0"
"{media 61}","{citizen 15}","[141 141 141 255]","""""","9.9","false","{breed subscribers}","0","""default""","""none""","0"
"{media 61}","{citizen 16}","[141 141 141 255]","""""","9.9","false","{breed subscribers}","0","""default""","""none""","0"
"{media 61}","{citizen 17}","[141 141 141 255]","""""","9.9","false","{breed subscribers}","0","""default""","""none""","0"
"{media 61}","{citizen 18}","[141 141 141 255]","""""","9.9","false","{breed subscribers}","0","""default""","""none""","0"
"{media 61}","{citizen 19}","[141 141 141 255]","""""","9.9","false","{breed subscribers}","0","""default""","""none""","0"
"{media 61}","{citizen 20}","[141 141 141 255]","""""","9.9","false","{breed subscribers}","0","""default""","""none""","0"
"{media 61}","{citizen 21}","[141 141 141 255]","""""","9.9","false","{breed subscribers}","0","""default""","""none""","0"
"{media 61}","{citizen 22}","[141 141 141 255]","""""","9.9","false","{breed subscribers}","0","""default""","""none""","0"
"{media 61}","{citizen 23}","[141 141 141 255]","""""","9.9","false","{breed subscribers}","0","""default""","""none""","0"
"{media 61}","{citizen 24}","[141 141 141 255]","""""","9.9","false","{breed subscribers}","0","""default""","""none""","0"
"{media 61}","{citizen 25}","[141 141 141 255]","""""","9.9","false","{breed subscribers}","0","""default""","""none""","0"
"{media 61}","{citizen 26}","[141 141 141 255]","""""","9.9","false","{breed subscribers}","0","""default""","""none""","0"
"{media 61}","{citizen 27}","[141 141 141 255]","""""","9.9","false","{breed subscribers}","0","""default""","""none""","0"
"{media 61}","{citizen 28}","[141 141 141 255]","""""","9.9","false","{breed subscribers}","0","""default""","""none""","0"
"{media 61}","{citizen 29}","[141 141 141 255]","""""","9.9","false","{breed subscribers}","0","""default""","""none""","0"
"{media 61}","{citizen 30}","[141 141 141 255]","""""","9.9","false","{breed subscribers}","0","""default""","""none""","0"
"{media 61}","{citizen 31}","[141 141 141 255]","""""","9.9","false","{breed subscribers}","0","""default""","""none""","0"
"{media 61}","{citizen 32}","[141 141 141 255]","""""","9.9","false","{breed subscribers}","0","""default""","""none""","0"
"{media 61}","{citizen 33}","[141 141 141 255]","""""","9.9","false","{breed subscribers}","0","""default""","""none""","0"
"{media 61}","{citizen 34}","[141 141 141 255]","""""","9.9","false","{breed subscribers}","0","""default""","""none""","0"
"{media 61}","{citizen 35}","[141 141 141 255]","""""","9.9","false","{breed subscribers}","0","""default""","""none""","0"
"{media 61}","{citizen 36}","[141 141 141 255]","""""","9.9","false","{breed subscribers}","0","""default""","""none""","0"
"{media 61}","{citizen 37}","[141 141 141 255]","""""","9.9","false","{breed subscribers}","0","""default""","""none""","0"
"{media 61}","{citizen 38}","[141 141 141 255]","""""","9.9","false","{breed subscribers}","0","""default""","""none""","0"
"{media 61}","{citizen 39}","[141 141 141 255]","""""","9.9","false","{breed subscribers}","0","""default""","""none""","0"
"{media 61}","{citizen 40}","[141 141 141 255]","""""","9.9","false","{breed subscribers}","0","""default""","""none""","0"
"{media 61}","{citizen 41}","[141 141 141 255]","""""","9.9","false","{breed subscribers}","0","""default""","""none""","0"
"{media 61}","{citizen 42}","[141 141 141 255]","""""","9.9","false","{breed subscribers}","0","""default""","""none""","0"
"{media 61}","{citizen 43}","[141 141 141 255]","""""","9.9","false","{breed subscribers}","0","""default""","""none""","0"
"{media 61}","{citizen 44}","[141 141 141 255]","""""","9.9","false","{breed subscribers}","0","""default""","""none""","0"
"{media 61}","{citizen 45}","[141 141 141 255]","""""","9.9","false","{breed subscribers}","0","""default""","""none""","0"
"{media 61}","{citizen 46}","[141 141 141 255]","""""","9.9","false","{breed subscribers}","0","""default""","""none""","0"
"{media 61}","{citizen 47}","[141 141 141 255]","""""","9.9","false","{breed subscribers}","0","""default""","""none""","0"
"{media 61}","{citizen 48}","[141 141 141 255]","""""","9.9","false","{breed subscribers}","0","""default""","""none""","0"
"{media 61}","{citizen 49}","[141 141 141 255]","""""","9.9","false","{breed subscribers}","0","""default""","""none""","0"
"{media 62}","{citizen 0}","[141 141 141 255]","""""","9.9","false","{breed subscribers}","0","""default""","""none""","0"
"{media 62}","{citizen 1}","[141 141 141 255]","""""","9.9","false","{breed subscribers}","0","""default""","""none""","0"
"{media 62}","{citizen 2}","[141 141 141 255]","""""","9.9","false","{breed subscribers}","0","""default""","""none""","0"
"{media 62}","{citizen 3}","[141 141 141 255]","""""","9.9","false","{breed subscribers}","0","""default""","""none""","0"
"{media 62}","{citizen 4}","[141 141 141 255]","""""","9.9","false","{breed subscribers}","0","""default""","""none""","0"
"{media 62}","{citizen 5}","[141 141 141 255]","""""","9.9","false","{breed subscribers}","0","""default""","""none""","0"
"{media 62}","{citizen 6}","[141 141 141 255]","""""","9.9","false","{breed subscribers}","0","""default""","""none""","0"
"{media 62}","{citizen 7}","[141 141 141 255]","""""","9.9","false","{breed subscribers}","0","""default""","""none""","0"
"{media 62}","{citizen 8}","[141 141 141 255]","""""","9.9","false","{breed subscribers}","0","""default""","""none""","0"
"{media 62}","{citizen 9}","[141 141 141 255]","""""","9.9","false","{breed subscribers}","0","""default""","""none""","0"
"{media 62}","{citizen 10}","[141 141 141 255]","""""","9.9","false","{breed subscribers}","0","""default""","""none""","0"
"{media 62}","{citizen 11}","[141 141 141 255]","""""","9.9","false","{breed subscribers}","0","""default""","""none""","0"
"{media 62}","{citizen 12}","[141 141 141 255]","""""","9.9","false","{breed subscribers}","0","""default""","""none""","0"
"{media 62}","{citizen 13}","[141 141 141 255]","""""","9.9","false","{breed subscribers}","0","""default""","""none""","0"
"{media 62}","{citizen 14}","[141 141 141 255]","""""","9.9","false","{breed subscribers}","0","""default""","""none""","0"
"{media 62}","{citizen 15}","[141 141 141 255]","""""","9.9","false","{breed subscribers}","0","""default""","""none""","0"
"{media 62}","{citizen 16}","[141 141 141 255]","""""","9.9","false","{breed subscribers}","0","""default""","""none""","0"
"{media 62}","{citizen 17}","[141 141 141 255]","""""","9.9","false","{breed subscribers}","0","""default""","""none""","0"
"{media 62}","{citizen 18}","[141 141 141 255]","""""","9.9","false","{breed subscribers}","0","""default""","""none""","0"
"{media 62}","{citizen 19}","[141 141 141 255]","""""","9.9","false","{breed subscribers}","0","""default""","""none""","0"
"{media 62}","{citizen 20}","[141 141 141 255]","""""","9.9","false","{breed subscribers}","0","""default""","""none""","0"
"{media 62}","{citizen 21}","[141 141 141 255]","""""","9.9","false","{breed subscribers}","0","""default""","""none""","0"
"{media 62}","{citizen 22}","[141 141 141 255]","""""","9.9","false","{breed subscribers}","0","""default""","""none""","0"
"{media 62}","{citizen 23}","[141 141 141 255]","""""","9.9","false","{breed subscribers}","0","""default""","""none""","0"
"{media 62}","{citizen 24}","[141 141 141 255]","""""","9.9","false","{breed subscribers}","0","""default""","""none""","0"
"{media 62}","{citizen 25}","[141 141 141 255]","""""","9.9","false","{breed subscribers}","0","""default""","""none""","0"
"{media 62}","{citizen 26}","[141 141 141 255]","""""","9.9","false","{breed subscribers}","0","""default""","""none""","0"
"{media 62}","{citizen 27}","[141 141 141 255]","""""","9.9","false","{breed subscribers}","0","""default""","""none""","0"
"{media 62}","{citizen 28}","[141 141 141 255]","""""","9.9","false","{breed subscribers}","0","""default""","""none""","0"
"{media 62}","{citizen 29}","[141 141 141 255]","""""","9.9","false","{breed subscribers}","0","""default""","""none""","0"
"{media 62}","{citizen 30}","[141 141 141 255]","""""","9.9","false","{breed subscribers}","0","""default""","""none""","0"
"{media 62}","{citizen 31}","[141 141 141 255]","""""","9.9","false","{breed subscribers}","0","""default""","""none""","0"
"{media 62}","{citizen 32}","[141 141 141 255]","""""","9.9","false","{breed subscribers}","0","""default""","""none""","0"
"{media 62}","{citizen 33}","[141 141 141 255]","""""","9.9","false","{breed subscribers}","0","""default""","""none""","0"
"{media 62}","{citizen 34}","[141 141 141 255]","""""","9.9","false","{breed subscribers}","0","""default""","""none""","0"
"{media 62}","{citizen 35}","[141 141 141 255]","""""","9.9","false","{breed subscribers}","0","""default""","""none""","0"
"{media 62}","{citizen 36}","[141 141 141 255]","""""","9.9","false","{breed subscribers}","0","""default""","""none""","0"
"{media 62}","{citizen 37}","[141 141 141 255]","""""","9.9","false","{breed subscribers}","0","""default""","""none""","0"
"{media 62}","{citizen 38}","[141 141 141 255]","""""","9.9","false","{breed subscribers}","0","""default""","""none""","0"
"{media 62}","{citizen 39}","[141 141 141 255]","""""","9.9","false","{breed subscribers}","0","""default""","""none""","0"
"{media 62}","{citizen 40}","[141 141 141 255]","""""","9.9","false","{breed subscribers}","0","""default""","""none""","0"
"{media 62}","{citizen 41}","[141 141 141 255]","""""","9.9","false","{breed subscribers}","0","""default""","""none""","0"
"{media 62}","{citizen 42}","[141 141 141 255]","""""","9.9","false","{breed subscribers}","0","""default""","""none""","0"
"{media 62}","{citizen 43}","[141 141 141 255]","""""","9.9","false","{breed subscribers}","0","""default""","""none""","0"
"{media 62}","{citizen 44}","[141 141 141 255]","""""","9.9","false","{breed subscribers}","0","""default""","""none""","0"
"{media 62}","{citizen 45}","[141 141 141 255]","""""","9.9","false","{breed subscribers}","0","""default""","""none""","0"
"{media 62}","{citizen 46}","[141 141 141 255]","""""","9.9","false","{breed subscribers}","0","""default""","""none""","0"
"{media 62}","{citizen 47}","[141 141 141 255]","""""","9.9","false","{breed subscribers}","0","""default""","""none""","0"
"{media 62}","{citizen 48}","[141 141 141 255]","""""","9.9","false","{breed subscribers}","0","""default""","""none""","0"
"{media 62}","{citizen 49}","[141 141 141 255]","""""","9.9","false","{breed subscribers}","0","""default""","""none""","0"
"{media 63}","{citizen 0}","[141 141 141 255]","""""","9.9","false","{breed subscribers}","0","""default""","""none""","0"
"{media 63}","{citizen 1}","[141 141 141 255]","""""","9.9","false","{breed subscribers}","0","""default""","""none""","0"
"{media 63}","{citizen 2}","[141 141 141 255]","""""","9.9","false","{breed subscribers}","0","""default""","""none""","0"
"{media 63}","{citizen 3}","[141 141 141 255]","""""","9.9","false","{breed subscribers}","0","""default""","""none""","0"
"{media 63}","{citizen 4}","[141 141 141 255]","""""","9.9","false","{breed subscribers}","0","""default""","""none""","0"
"{media 63}","{citizen 5}","[141 141 141 255]","""""","9.9","false","{breed subscribers}","0","""default""","""none""","0"
"{media 63}","{citizen 6}","[141 141 141 255]","""""","9.9","false","{breed subscribers}","0","""default""","""none""","0"
"{media 63}","{citizen 7}","[141 141 141 255]","""""","9.9","false","{breed subscribers}","0","""default""","""none""","0"
"{media 63}","{citizen 8}","[141 141 141 255]","""""","9.9","false","{breed subscribers}","0","""default""","""none""","0"
"{media 63}","{citizen 9}","[141 141 141 255]","""""","9.9","false","{breed subscribers}","0","""default""","""none""","0"
"{media 63}","{citizen 10}","[141 141 141 255]","""""","9.9","false","{breed subscribers}","0","""default""","""none""","0"
"{media 63}","{citizen 11}","[141 141 141 255]","""""","9.9","false","{breed subscribers}","0","""default""","""none""","0"
"{media 63}","{citizen 12}","[141 141 141 255]","""""","9.9","false","{breed subscribers}","0","""default""","""none""","0"
"{media 63}","{citizen 13}","[141 141 141 255]","""""","9.9","false","{breed subscribers}","0","""default""","""none""","0"
"{media 63}","{citizen 14}","[141 141 141 255]","""""","9.9","false","{breed subscribers}","0","""default""","""none""","0"
"{media 63}","{citizen 15}","[141 141 141 255]","""""","9.9","false","{breed subscribers}","0","""default""","""none""","0"
"{media 63}","{citizen 16}","[141 141 141 255]","""""","9.9","false","{breed subscribers}","0","""default""","""none""","0"
"{media 63}","{citizen 17}","[141 141 141 255]","""""","9.9","false","{breed subscribers}","0","""default""","""none""","0"
"{media 63}","{citizen 18}","[141 141 141 255]","""""","9.9","false","{breed subscribers}","0","""default""","""none""","0"
"{media 63}","{citizen 19}","[141 141 141 255]","""""","9.9","false","{breed subscribers}","0","""default""","""none""","0"
"{media 63}","{citizen 20}","[141 141 141 255]","""""","9.9","false","{breed subscribers}","0","""default""","""none""","0"
"{media 63}","{citizen 21}","[141 141 141 255]","""""","9.9","false","{breed subscribers}","0","""default""","""none""","0"
"{media 63}","{citizen 22}","[141 141 141 255]","""""","9.9","false","{breed subscribers}","0","""default""","""none""","0"
"{media 63}","{citizen 23}","[141 141 141 255]","""""","9.9","false","{breed subscribers}","0","""default""","""none""","0"
"{media 63}","{citizen 24}","[141 141 141 255]","""""","9.9","false","{breed subscribers}","0","""default""","""none""","0"
"{media 63}","{citizen 25}","[141 141 141 255]","""""","9.9","false","{breed subscribers}","0","""default""","""none""","0"
"{media 63}","{citizen 26}","[141 141 141 255]","""""","9.9","false","{breed subscribers}","0","""default""","""none""","0"
"{media 63}","{citizen 27}","[141 141 141 255]","""""","9.9","false","{breed subscribers}","0","""default""","""none""","0"
"{media 63}","{citizen 28}","[141 141 141 255]","""""","9.9","false","{breed subscribers}","0","""default""","""none""","0"
"{media 63}","{citizen 29}","[141 141 141 255]","""""","9.9","false","{breed subscribers}","0","""default""","""none""","0"
"{media 63}","{citizen 30}","[141 141 141 255]","""""","9.9","false","{breed subscribers}","0","""default""","""none""","0"
"{media 63}","{citizen 31}","[141 141 141 255]","""""","9.9","false","{breed subscribers}","0","""default""","""none""","0"
"{media 63}","{citizen 32}","[141 141 141 255]","""""","9.9","false","{breed subscribers}","0","""default""","""none""","0"
"{media 63}","{citizen 33}","[141 141 141 255]","""""","9.9","false","{breed subscribers}","0","""default""","""none""","0"
"{media 63}","{citizen 34}","[141 141 141 255]","""""","9.9","false","{breed subscribers}","0","""default""","""none""","0"
"{media 63}","{citizen 35}","[141 141 141 255]","""""","9.9","false","{breed subscribers}","0","""default""","""none""","0"
"{media 63}","{citizen 36}","[141 141 141 255]","""""","9.9","false","{breed subscribers}","0","""default""","""none""","0"
"{media 63}","{citizen 37}","[141 141 141 255]","""""","9.9","false","{breed subscribers}","0","""default""","""none""","0"
"{media 63}","{citizen 38}","[141 141 141 255]","""""","9.9","false","{breed subscribers}","0","""default""","""none""","0"
"{media 63}","{citizen 39}","[141 141 141 255]","""""","9.9","false","{breed subscribers}","0","""default""","""none""","0"
"{media 63}","{citizen 40}","[141 141 141 255]","""""","9.9","false","{breed subscribers}","0","""default""","""none""","0"
"{media 63}","{citizen 41}","[141 141 141 255]","""""","9.9","false","{breed subscribers}","0","""default""","""none""","0"
"{media 63}","{citizen 42}","[141 141 141 255]","""""","9.9","false","{breed subscribers}","0","""default""","""none""","0"
"{media 63}","{citizen 43}","[141 141 141 255]","""""","9.9","false","{breed subscribers}","0","""default""","""none""","0"
"{media 63}","{citizen 44}","[141 141 141 255]","""""","9.9","false","{breed subscribers}","0","""default""","""none""","0"
"{media 63}","{citizen 45}","[141 141 141 255]","""""","9.9","false","{breed subscribers}","0","""default""","""none""","0"
"{media 63}","{citizen 46}","[141 141 141 255]","""""","9.9","false","{breed subscribers}","0","""default""","""none""","0"
"{media 63}","{citizen 47}","[141 141 141 255]","""""","9.9","false","{breed subscribers}","0","""default""","""none""","0"
"{media 63}","{citizen 48}","[141 141 141 255]","""""","9.9","false","{breed subscribers}","0","""default""","""none""","0"
"{media 63}","{citizen 49}","[141 141 141 255]","""""","9.9","false","{breed subscribers}","0","""default""","""none""","0"
"{media 64}","{citizen 0}","[141 141 141 255]","""""","9.9","false","{breed subscribers}","0","""default""","""none""","0"
"{media 64}","{citizen 1}","[141 141 141 255]","""""","9.9","false","{breed subscribers}","0","""default""","""none""","0"
"{media 64}","{citizen 2}","[141 141 141 255]","""""","9.9","false","{breed subscribers}","0","""default""","""none""","0"
"{media 64}","{citizen 3}","[141 141 141 255]","""""","9.9","false","{breed subscribers}","0","""default""","""none""","0"
"{media 64}","{citizen 4}","[141 141 141 255]","""""","9.9","false","{breed subscribers}","0","""default""","""none""","0"
"{media 64}","{citizen 5}","[141 141 141 255]","""""","9.9","false","{breed subscribers}","0","""default""","""none""","0"
"{media 64}","{citizen 6}","[141 141 141 255]","""""","9.9","false","{breed subscribers}","0","""default""","""none""","0"
"{media 64}","{citizen 7}","[141 141 141 255]","""""","9.9","false","{breed subscribers}","0","""default""","""none""","0"
"{media 64}","{citizen 8}","[141 141 141 255]","""""","9.9","false","{breed subscribers}","0","""default""","""none""","0"
"{media 64}","{citizen 9}","[141 141 141 255]","""""","9.9","false","{breed subscribers}","0","""default""","""none""","0"
"{media 64}","{citizen 10}","[141 141 141 255]","""""","9.9","false","{breed subscribers}","0","""default""","""none""","0"
"{media 64}","{citizen 11}","[141 141 141 255]","""""","9.9","false","{breed subscribers}","0","""default""","""none""","0"
"{media 64}","{citizen 12}","[141 141 141 255]","""""","9.9","false","{breed subscribers}","0","""default""","""none""","0"
"{media 64}","{citizen 13}","[141 141 141 255]","""""","9.9","false","{breed subscribers}","0","""default""","""none""","0"
"{media 64}","{citizen 14}","[141 141 141 255]","""""","9.9","false","{breed subscribers}","0","""default""","""none""","0"
"{media 64}","{citizen 15}","[141 141 141 255]","""""","9.9","false","{breed subscribers}","0","""default""","""none""","0"
"{media 64}","{citizen 16}","[141 141 141 255]","""""","9.9","false","{breed subscribers}","0","""default""","""none""","0"
"{media 64}","{citizen 17}","[141 141 141 255]","""""","9.9","false","{breed subscribers}","0","""default""","""none""","0"
"{media 64}","{citizen 18}","[141 141 141 255]","""""","9.9","false","{breed subscribers}","0","""default""","""none""","0"
"{media 64}","{citizen 19}","[141 141 141 255]","""""","9.9","false","{breed subscribers}","0","""default""","""none""","0"
"{media 64}","{citizen 20}","[141 141 141 255]","""""","9.9","false","{breed subscribers}","0","""default""","""none""","0"
"{media 64}","{citizen 21}","[141 141 141 255]","""""","9.9","false","{breed subscribers}","0","""default""","""none""","0"
"{media 64}","{citizen 22}","[141 141 141 255]","""""","9.9","false","{breed subscribers}","0","""default""","""none""","0"
"{media 64}","{citizen 23}","[141 141 141 255]","""""","9.9","false","{breed subscribers}","0","""default""","""none""","0"
"{media 64}","{citizen 24}","[141 141 141 255]","""""","9.9","false","{breed subscribers}","0","""default""","""none""","0"
"{media 64}","{citizen 25}","[141 141 141 255]","""""","9.9","false","{breed subscribers}","0","""default""","""none""","0"
"{media 64}","{citizen 26}","[141 141 141 255]","""""","9.9","false","{breed subscribers}","0","""default""","""none""","0"
"{media 64}","{citizen 27}","[141 141 141 255]","""""","9.9","false","{breed subscribers}","0","""default""","""none""","0"
"{media 64}","{citizen 28}","[141 141 141 255]","""""","9.9","false","{breed subscribers}","0","""default""","""none""","0"
"{media 64}","{citizen 29}","[141 141 141 255]","""""","9.9","false","{breed subscribers}","0","""default""","""none""","0"
"{media 64}","{citizen 30}","[141 141 141 255]","""""","9.9","false","{breed subscribers}","0","""default""","""none""","0"
"{media 64}","{citizen 31}","[141 141 141 255]","""""","9.9","false","{breed subscribers}","0","""default""","""none""","0"
"{media 64}","{citizen 32}","[141 141 141 255]","""""","9.9","false","{breed subscribers}","0","""default""","""none""","0"
"{media 64}","{citizen 33}","[141 141 141 255]","""""","9.9","false","{breed subscribers}","0","""default""","""none""","0"
"{media 64}","{citizen 34}","[141 141 141 255]","""""","9.9","false","{breed subscribers}","0","""default""","""none""","0"
"{media 64}","{citizen 35}","[141 141 141 255]","""""","9.9","false","{breed subscribers}","0","""default""","""none""","0"
"{media 64}","{citizen 36}","[141 141 141 255]","""""","9.9","false","{breed subscribers}","0","""default""","""none""","0"
"{media 64}","{citizen 37}","[141 141 141 255]","""""","9.9","false","{breed subscribers}","0","""default""","""none""","0"
"{media 64}","{citizen 38}","[141 141 141 255]","""""","9.9","false","{breed subscribers}","0","""default""","""none""","0"
"{media 64}","{citizen 39}","[141 141 141 255]","""""","9.9","false","{breed subscribers}","0","""default""","""none""","0"
"{media 64}","{citizen 40}","[141 141 141 255]","""""","9.9","false","{breed subscribers}","0","""default""","""none""","0"
"{media 64}","{citizen 41}","[141 141 141 255]","""""","9.9","false","{breed subscribers}","0","""default""","""none""","0"
"{media 64}","{citizen 42}","[141 141 141 255]","""""","9.9","false","{breed subscribers}","0","""default""","""none""","0"
"{media 64}","{citizen 43}","[141 141 141 255]","""""","9.9","false","{breed subscribers}","0","""default""","""none""","0"
"{media 64}","{citizen 44}","[141 141 141 255]","""""","9.9","false","{breed subscribers}","0","""default""","""none""","0"
"{media 64}","{citizen 45}","[141 141 141 255]","""""","9.9","false","{breed subscribers}","0","""default""","""none""","0"
"{media 64}","{citizen 46}","[141 141 141 255]","""""","9.9","false","{breed subscribers}","0","""default""","""none""","0"
"{media 64}","{citizen 47}","[141 141 141 255]","""""","9.9","false","{breed subscribers}","0","""default""","""none""","0"
"{media 64}","{citizen 48}","[141 141 141 255]","""""","9.9","false","{breed subscribers}","0","""default""","""none""","0"
"{media 64}","{citizen 49}","[141 141 141 255]","""""","9.9","false","{breed subscribers}","0","""default""","""none""","0"


"PLOTS"
"fragmentation"
"""cit-a-histogram"""
"x min","x max","y min","y max","autoplot?","current pen","legend open?","number of pens"
"-1","8","0","50","true","""default""","false","1"

"pen name","pen down?","mode","interval","color","x"
"""default""","true","1","1","0","3"

"""default"""
"x","y","color","pen down?"
"3","50","0","true"

"""Social Friend Degree of Nodes"""
"x min","x max","y min","y max","autoplot?","current pen","legend open?","number of pens"
"0","99","0","50","true","""default""","false","1"

"pen name","pen down?","mode","interval","color","x"
"""default""","true","1","1","0","98"

"""default"""
"x","y","color","pen down?"
"98","50","0","true"

"""percent-agent-beliefs"""
"x min","x max","y min","y max","autoplot?","current pen","legend open?","number of pens"
"0","116","0","1","true","""6""","false","7"

"pen name","pen down?","mode","interval","color","x"
"""0""","true","0","1","14.9","100"
"""1""","true","0","1","14.6","100"
"""2""","true","0","1","124.7","100"
"""3""","true","0","1","124.3","100"
"""4""","true","0","1","113.5","100"
"""5""","true","0","1","104.5","100"
"""6""","true","0","1","104.7","100"

"""0""",,,,"""1""",,,,"""2""",,,,"""3""",,,,"""4""",,,,"""5""",,,,"""6"""
"x","y","color","pen down?","x","y","color","pen down?","x","y","color","pen down?","x","y","color","pen down?","x","y","color","pen down?","x","y","color","pen down?","x","y","color","pen down?"
"0","0","14.9","true","0","0.02","14.6","true","0","0.22","124.7","true","0","0.54","124.3","true","0","0.18","113.5","true","0","0.04","104.5","true","0","0","104.7","true"
"1","0","14.9","true","1","0","14.6","true","1","0","124.7","true","1","1","124.3","true","1","0","113.5","true","1","0","104.5","true","1","0","104.7","true"
"2","0","14.9","true","2","0","14.6","true","2","0","124.7","true","2","1","124.3","true","2","0","113.5","true","2","0","104.5","true","2","0","104.7","true"
"3","0","14.9","true","3","0","14.6","true","3","0","124.7","true","3","1","124.3","true","3","0","113.5","true","3","0","104.5","true","3","0","104.7","true"
"4","0","14.9","true","4","0","14.6","true","4","0","124.7","true","4","1","124.3","true","4","0","113.5","true","4","0","104.5","true","4","0","104.7","true"
"5","0","14.9","true","5","0","14.6","true","5","0","124.7","true","5","1","124.3","true","5","0","113.5","true","5","0","104.5","true","5","0","104.7","true"
"6","0","14.9","true","6","0","14.6","true","6","0","124.7","true","6","1","124.3","true","6","0","113.5","true","6","0","104.5","true","6","0","104.7","true"
"7","0","14.9","true","7","0","14.6","true","7","0","124.7","true","7","1","124.3","true","7","0","113.5","true","7","0","104.5","true","7","0","104.7","true"
"8","0","14.9","true","8","0","14.6","true","8","0","124.7","true","8","1","124.3","true","8","0","113.5","true","8","0","104.5","true","8","0","104.7","true"
"9","0","14.9","true","9","0","14.6","true","9","0","124.7","true","9","1","124.3","true","9","0","113.5","true","9","0","104.5","true","9","0","104.7","true"
"10","0","14.9","true","10","0","14.6","true","10","0","124.7","true","10","1","124.3","true","10","0","113.5","true","10","0","104.5","true","10","0","104.7","true"
"11","0","14.9","true","11","0","14.6","true","11","0","124.7","true","11","1","124.3","true","11","0","113.5","true","11","0","104.5","true","11","0","104.7","true"
"12","0","14.9","true","12","0","14.6","true","12","0","124.7","true","12","1","124.3","true","12","0","113.5","true","12","0","104.5","true","12","0","104.7","true"
"13","0","14.9","true","13","0","14.6","true","13","0","124.7","true","13","1","124.3","true","13","0","113.5","true","13","0","104.5","true","13","0","104.7","true"
"14","0","14.9","true","14","0","14.6","true","14","0","124.7","true","14","1","124.3","true","14","0","113.5","true","14","0","104.5","true","14","0","104.7","true"
"15","0","14.9","true","15","0","14.6","true","15","0","124.7","true","15","1","124.3","true","15","0","113.5","true","15","0","104.5","true","15","0","104.7","true"
"16","0","14.9","true","16","0","14.6","true","16","0","124.7","true","16","1","124.3","true","16","0","113.5","true","16","0","104.5","true","16","0","104.7","true"
"17","0","14.9","true","17","0","14.6","true","17","0","124.7","true","17","1","124.3","true","17","0","113.5","true","17","0","104.5","true","17","0","104.7","true"
"18","0","14.9","true","18","0","14.6","true","18","0","124.7","true","18","1","124.3","true","18","0","113.5","true","18","0","104.5","true","18","0","104.7","true"
"19","0","14.9","true","19","0","14.6","true","19","0","124.7","true","19","1","124.3","true","19","0","113.5","true","19","0","104.5","true","19","0","104.7","true"
"20","0","14.9","true","20","0","14.6","true","20","0","124.7","true","20","1","124.3","true","20","0","113.5","true","20","0","104.5","true","20","0","104.7","true"
"21","0","14.9","true","21","0","14.6","true","21","0","124.7","true","21","1","124.3","true","21","0","113.5","true","21","0","104.5","true","21","0","104.7","true"
"22","0","14.9","true","22","0","14.6","true","22","0","124.7","true","22","1","124.3","true","22","0","113.5","true","22","0","104.5","true","22","0","104.7","true"
"23","0","14.9","true","23","0","14.6","true","23","0","124.7","true","23","1","124.3","true","23","0","113.5","true","23","0","104.5","true","23","0","104.7","true"
"24","0","14.9","true","24","0","14.6","true","24","0","124.7","true","24","1","124.3","true","24","0","113.5","true","24","0","104.5","true","24","0","104.7","true"
"25","0","14.9","true","25","0","14.6","true","25","0","124.7","true","25","1","124.3","true","25","0","113.5","true","25","0","104.5","true","25","0","104.7","true"
"26","0","14.9","true","26","0","14.6","true","26","0","124.7","true","26","1","124.3","true","26","0","113.5","true","26","0","104.5","true","26","0","104.7","true"
"27","0","14.9","true","27","0","14.6","true","27","0","124.7","true","27","1","124.3","true","27","0","113.5","true","27","0","104.5","true","27","0","104.7","true"
"28","0","14.9","true","28","0","14.6","true","28","0","124.7","true","28","1","124.3","true","28","0","113.5","true","28","0","104.5","true","28","0","104.7","true"
"29","0","14.9","true","29","0","14.6","true","29","0","124.7","true","29","1","124.3","true","29","0","113.5","true","29","0","104.5","true","29","0","104.7","true"
"30","0","14.9","true","30","0","14.6","true","30","0","124.7","true","30","1","124.3","true","30","0","113.5","true","30","0","104.5","true","30","0","104.7","true"
"31","0","14.9","true","31","0","14.6","true","31","0","124.7","true","31","1","124.3","true","31","0","113.5","true","31","0","104.5","true","31","0","104.7","true"
"32","0","14.9","true","32","0","14.6","true","32","0","124.7","true","32","1","124.3","true","32","0","113.5","true","32","0","104.5","true","32","0","104.7","true"
"33","0","14.9","true","33","0","14.6","true","33","0","124.7","true","33","1","124.3","true","33","0","113.5","true","33","0","104.5","true","33","0","104.7","true"
"34","0","14.9","true","34","0","14.6","true","34","0","124.7","true","34","1","124.3","true","34","0","113.5","true","34","0","104.5","true","34","0","104.7","true"
"35","0","14.9","true","35","0","14.6","true","35","0","124.7","true","35","1","124.3","true","35","0","113.5","true","35","0","104.5","true","35","0","104.7","true"
"36","0","14.9","true","36","0","14.6","true","36","0","124.7","true","36","1","124.3","true","36","0","113.5","true","36","0","104.5","true","36","0","104.7","true"
"37","0","14.9","true","37","0","14.6","true","37","0","124.7","true","37","1","124.3","true","37","0","113.5","true","37","0","104.5","true","37","0","104.7","true"
"38","0","14.9","true","38","0","14.6","true","38","0","124.7","true","38","1","124.3","true","38","0","113.5","true","38","0","104.5","true","38","0","104.7","true"
"39","0","14.9","true","39","0","14.6","true","39","0","124.7","true","39","1","124.3","true","39","0","113.5","true","39","0","104.5","true","39","0","104.7","true"
"40","0","14.9","true","40","0","14.6","true","40","0","124.7","true","40","1","124.3","true","40","0","113.5","true","40","0","104.5","true","40","0","104.7","true"
"41","0","14.9","true","41","0","14.6","true","41","0","124.7","true","41","1","124.3","true","41","0","113.5","true","41","0","104.5","true","41","0","104.7","true"
"42","0","14.9","true","42","0","14.6","true","42","0","124.7","true","42","1","124.3","true","42","0","113.5","true","42","0","104.5","true","42","0","104.7","true"
"43","0","14.9","true","43","0","14.6","true","43","0","124.7","true","43","1","124.3","true","43","0","113.5","true","43","0","104.5","true","43","0","104.7","true"
"44","0","14.9","true","44","0","14.6","true","44","0","124.7","true","44","1","124.3","true","44","0","113.5","true","44","0","104.5","true","44","0","104.7","true"
"45","0","14.9","true","45","0","14.6","true","45","0","124.7","true","45","1","124.3","true","45","0","113.5","true","45","0","104.5","true","45","0","104.7","true"
"46","0","14.9","true","46","0","14.6","true","46","0","124.7","true","46","1","124.3","true","46","0","113.5","true","46","0","104.5","true","46","0","104.7","true"
"47","0","14.9","true","47","0","14.6","true","47","0","124.7","true","47","1","124.3","true","47","0","113.5","true","47","0","104.5","true","47","0","104.7","true"
"48","0","14.9","true","48","0","14.6","true","48","0","124.7","true","48","1","124.3","true","48","0","113.5","true","48","0","104.5","true","48","0","104.7","true"
"49","0","14.9","true","49","0","14.6","true","49","0","124.7","true","49","1","124.3","true","49","0","113.5","true","49","0","104.5","true","49","0","104.7","true"
"50","0","14.9","true","50","0","14.6","true","50","0","124.7","true","50","1","124.3","true","50","0","113.5","true","50","0","104.5","true","50","0","104.7","true"
"51","0","14.9","true","51","0","14.6","true","51","0","124.7","true","51","1","124.3","true","51","0","113.5","true","51","0","104.5","true","51","0","104.7","true"
"52","0","14.9","true","52","0","14.6","true","52","0","124.7","true","52","1","124.3","true","52","0","113.5","true","52","0","104.5","true","52","0","104.7","true"
"53","0","14.9","true","53","0","14.6","true","53","0","124.7","true","53","1","124.3","true","53","0","113.5","true","53","0","104.5","true","53","0","104.7","true"
"54","0","14.9","true","54","0","14.6","true","54","0","124.7","true","54","1","124.3","true","54","0","113.5","true","54","0","104.5","true","54","0","104.7","true"
"55","0","14.9","true","55","0","14.6","true","55","0","124.7","true","55","1","124.3","true","55","0","113.5","true","55","0","104.5","true","55","0","104.7","true"
"56","0","14.9","true","56","0","14.6","true","56","0","124.7","true","56","1","124.3","true","56","0","113.5","true","56","0","104.5","true","56","0","104.7","true"
"57","0","14.9","true","57","0","14.6","true","57","0","124.7","true","57","1","124.3","true","57","0","113.5","true","57","0","104.5","true","57","0","104.7","true"
"58","0","14.9","true","58","0","14.6","true","58","0","124.7","true","58","1","124.3","true","58","0","113.5","true","58","0","104.5","true","58","0","104.7","true"
"59","0","14.9","true","59","0","14.6","true","59","0","124.7","true","59","1","124.3","true","59","0","113.5","true","59","0","104.5","true","59","0","104.7","true"
"60","0","14.9","true","60","0","14.6","true","60","0","124.7","true","60","1","124.3","true","60","0","113.5","true","60","0","104.5","true","60","0","104.7","true"
"61","0","14.9","true","61","0","14.6","true","61","0","124.7","true","61","1","124.3","true","61","0","113.5","true","61","0","104.5","true","61","0","104.7","true"
"62","0","14.9","true","62","0","14.6","true","62","0","124.7","true","62","1","124.3","true","62","0","113.5","true","62","0","104.5","true","62","0","104.7","true"
"63","0","14.9","true","63","0","14.6","true","63","0","124.7","true","63","1","124.3","true","63","0","113.5","true","63","0","104.5","true","63","0","104.7","true"
"64","0","14.9","true","64","0","14.6","true","64","0","124.7","true","64","1","124.3","true","64","0","113.5","true","64","0","104.5","true","64","0","104.7","true"
"65","0","14.9","true","65","0","14.6","true","65","0","124.7","true","65","1","124.3","true","65","0","113.5","true","65","0","104.5","true","65","0","104.7","true"
"66","0","14.9","true","66","0","14.6","true","66","0","124.7","true","66","1","124.3","true","66","0","113.5","true","66","0","104.5","true","66","0","104.7","true"
"67","0","14.9","true","67","0","14.6","true","67","0","124.7","true","67","1","124.3","true","67","0","113.5","true","67","0","104.5","true","67","0","104.7","true"
"68","0","14.9","true","68","0","14.6","true","68","0","124.7","true","68","1","124.3","true","68","0","113.5","true","68","0","104.5","true","68","0","104.7","true"
"69","0","14.9","true","69","0","14.6","true","69","0","124.7","true","69","1","124.3","true","69","0","113.5","true","69","0","104.5","true","69","0","104.7","true"
"70","0","14.9","true","70","0","14.6","true","70","0","124.7","true","70","1","124.3","true","70","0","113.5","true","70","0","104.5","true","70","0","104.7","true"
"71","0","14.9","true","71","0","14.6","true","71","0","124.7","true","71","1","124.3","true","71","0","113.5","true","71","0","104.5","true","71","0","104.7","true"
"72","0","14.9","true","72","0","14.6","true","72","0","124.7","true","72","1","124.3","true","72","0","113.5","true","72","0","104.5","true","72","0","104.7","true"
"73","0","14.9","true","73","0","14.6","true","73","0","124.7","true","73","1","124.3","true","73","0","113.5","true","73","0","104.5","true","73","0","104.7","true"
"74","0","14.9","true","74","0","14.6","true","74","0","124.7","true","74","1","124.3","true","74","0","113.5","true","74","0","104.5","true","74","0","104.7","true"
"75","0","14.9","true","75","0","14.6","true","75","0","124.7","true","75","1","124.3","true","75","0","113.5","true","75","0","104.5","true","75","0","104.7","true"
"76","0","14.9","true","76","0","14.6","true","76","0","124.7","true","76","1","124.3","true","76","0","113.5","true","76","0","104.5","true","76","0","104.7","true"
"77","0","14.9","true","77","0","14.6","true","77","0","124.7","true","77","1","124.3","true","77","0","113.5","true","77","0","104.5","true","77","0","104.7","true"
"78","0","14.9","true","78","0","14.6","true","78","0","124.7","true","78","1","124.3","true","78","0","113.5","true","78","0","104.5","true","78","0","104.7","true"
"79","0","14.9","true","79","0","14.6","true","79","0","124.7","true","79","1","124.3","true","79","0","113.5","true","79","0","104.5","true","79","0","104.7","true"
"80","0","14.9","true","80","0","14.6","true","80","0","124.7","true","80","1","124.3","true","80","0","113.5","true","80","0","104.5","true","80","0","104.7","true"
"81","0","14.9","true","81","0","14.6","true","81","0","124.7","true","81","1","124.3","true","81","0","113.5","true","81","0","104.5","true","81","0","104.7","true"
"82","0","14.9","true","82","0","14.6","true","82","0","124.7","true","82","1","124.3","true","82","0","113.5","true","82","0","104.5","true","82","0","104.7","true"
"83","0","14.9","true","83","0","14.6","true","83","0","124.7","true","83","1","124.3","true","83","0","113.5","true","83","0","104.5","true","83","0","104.7","true"
"84","0","14.9","true","84","0","14.6","true","84","0","124.7","true","84","1","124.3","true","84","0","113.5","true","84","0","104.5","true","84","0","104.7","true"
"85","0","14.9","true","85","0","14.6","true","85","0","124.7","true","85","1","124.3","true","85","0","113.5","true","85","0","104.5","true","85","0","104.7","true"
"86","0","14.9","true","86","0","14.6","true","86","0","124.7","true","86","1","124.3","true","86","0","113.5","true","86","0","104.5","true","86","0","104.7","true"
"87","0","14.9","true","87","0","14.6","true","87","0","124.7","true","87","1","124.3","true","87","0","113.5","true","87","0","104.5","true","87","0","104.7","true"
"88","0","14.9","true","88","0","14.6","true","88","0","124.7","true","88","1","124.3","true","88","0","113.5","true","88","0","104.5","true","88","0","104.7","true"
"89","0","14.9","true","89","0","14.6","true","89","0","124.7","true","89","1","124.3","true","89","0","113.5","true","89","0","104.5","true","89","0","104.7","true"
"90","0","14.9","true","90","0","14.6","true","90","0","124.7","true","90","1","124.3","true","90","0","113.5","true","90","0","104.5","true","90","0","104.7","true"
"91","0","14.9","true","91","0","14.6","true","91","0","124.7","true","91","1","124.3","true","91","0","113.5","true","91","0","104.5","true","91","0","104.7","true"
"92","0","14.9","true","92","0","14.6","true","92","0","124.7","true","92","1","124.3","true","92","0","113.5","true","92","0","104.5","true","92","0","104.7","true"
"93","0","14.9","true","93","0","14.6","true","93","0","124.7","true","93","1","124.3","true","93","0","113.5","true","93","0","104.5","true","93","0","104.7","true"
"94","0","14.9","true","94","0","14.6","true","94","0","124.7","true","94","1","124.3","true","94","0","113.5","true","94","0","104.5","true","94","0","104.7","true"
"95","0","14.9","true","95","0","14.6","true","95","0","124.7","true","95","1","124.3","true","95","0","113.5","true","95","0","104.5","true","95","0","104.7","true"
"96","0","14.9","true","96","0","14.6","true","96","0","124.7","true","96","1","124.3","true","96","0","113.5","true","96","0","104.5","true","96","0","104.7","true"
"97","0","14.9","true","97","0","14.6","true","97","0","124.7","true","97","1","124.3","true","97","0","113.5","true","97","0","104.5","true","97","0","104.7","true"
"98","0","14.9","true","98","0","14.6","true","98","0","124.7","true","98","1","124.3","true","98","0","113.5","true","98","0","104.5","true","98","0","104.7","true"
"99","0","14.9","true","99","0","14.6","true","99","0","124.7","true","99","1","124.3","true","99","0","113.5","true","99","0","104.5","true","99","0","104.7","true"
"100","0","14.9","true","100","0","14.6","true","100","0","124.7","true","100","1","124.3","true","100","0","113.5","true","100","0","104.5","true","100","0","104.7","true"

"""polarization"""
"x min","x max","y min","y max","autoplot?","current pen","legend open?","number of pens"
"0","116","0","10","true","""0""","false","1"

"pen name","pen down?","mode","interval","color","x"
"""0""","true","0","1","0","100"

"""0"""
"x","y","color","pen down?"
"0","0.888888888888889","0","true"
"1","0","0","true"
"2","0","0","true"
"3","0","0","true"
"4","0","0","true"
"5","0","0","true"
"6","0","0","true"
"7","0","0","true"
"8","0","0","true"
"9","0","0","true"
"10","0","0","true"
"11","0","0","true"
"12","0","0","true"
"13","0","0","true"
"14","0","0","true"
"15","0","0","true"
"16","0","0","true"
"17","0","0","true"
"18","0","0","true"
"19","0","0","true"
"20","0","0","true"
"21","0","0","true"
"22","0","0","true"
"23","0","0","true"
"24","0","0","true"
"25","0","0","true"
"26","0","0","true"
"27","0","0","true"
"28","0","0","true"
"29","0","0","true"
"30","0","0","true"
"31","0","0","true"
"32","0","0","true"
"33","0","0","true"
"34","0","0","true"
"35","0","0","true"
"36","0","0","true"
"37","0","0","true"
"38","0","0","true"
"39","0","0","true"
"40","0","0","true"
"41","0","0","true"
"42","0","0","true"
"43","0","0","true"
"44","0","0","true"
"45","0","0","true"
"46","0","0","true"
"47","0","0","true"
"48","0","0","true"
"49","0","0","true"
"50","0","0","true"
"51","0","0","true"
"52","0","0","true"
"53","0","0","true"
"54","0","0","true"
"55","0","0","true"
"56","0","0","true"
"57","0","0","true"
"58","0","0","true"
"59","0","0","true"
"60","0","0","true"
"61","0","0","true"
"62","0","0","true"
"63","0","0","true"
"64","0","0","true"
"65","0","0","true"
"66","0","0","true"
"67","0","0","true"
"68","0","0","true"
"69","0","0","true"
"70","0","0","true"
"71","0","0","true"
"72","0","0","true"
"73","0","0","true"
"74","0","0","true"
"75","0","0","true"
"76","0","0","true"
"77","0","0","true"
"78","0","0","true"
"79","0","0","true"
"80","0","0","true"
"81","0","0","true"
"82","0","0","true"
"83","0","0","true"
"84","0","0","true"
"85","0","0","true"
"86","0","0","true"
"87","0","0","true"
"88","0","0","true"
"89","0","0","true"
"90","0","0","true"
"91","0","0","true"
"92","0","0","true"
"93","0","0","true"
"94","0","0","true"
"95","0","0","true"
"96","0","0","true"
"97","0","0","true"
"98","0","0","true"
"99","0","0","true"
"100","0","0","true"

"""media-a-histogram"""
"x min","x max","y min","y max","autoplot?","current pen","legend open?","number of pens"
"-1","8","0","15","true","""default""","false","1"

"pen name","pen down?","mode","interval","color","x"
"""default""","true","1","1","0","3"

"""default"""
"x","y","color","pen down?"
"3","15","0","true"

"""homophily"""
"x min","x max","y min","y max","autoplot?","current pen","legend open?","number of pens"
"0","116","0","1","true","""default""","false","1"

"pen name","pen down?","mode","interval","color","x"
"""default""","true","0","1","0","100"

"""default"""
"x","y","color","pen down?"
"0","0.5549528586021131","0","true"
"1","1","0","true"
"2","1","0","true"
"3","1","0","true"
"4","1","0","true"
"5","1","0","true"
"6","1","0","true"
"7","1","0","true"
"8","1","0","true"
"9","1","0","true"
"10","1","0","true"
"11","1","0","true"
"12","1","0","true"
"13","1","0","true"
"14","1","0","true"
"15","1","0","true"
"16","1","0","true"
"17","1","0","true"
"18","1","0","true"
"19","1","0","true"
"20","1","0","true"
"21","1","0","true"
"22","1","0","true"
"23","1","0","true"
"24","1","0","true"
"25","1","0","true"
"26","1","0","true"
"27","1","0","true"
"28","1","0","true"
"29","1","0","true"
"30","1","0","true"
"31","1","0","true"
"32","1","0","true"
"33","1","0","true"
"34","1","0","true"
"35","1","0","true"
"36","1","0","true"
"37","1","0","true"
"38","1","0","true"
"39","1","0","true"
"40","1","0","true"
"41","1","0","true"
"42","1","0","true"
"43","1","0","true"
"44","1","0","true"
"45","1","0","true"
"46","1","0","true"
"47","1","0","true"
"48","1","0","true"
"49","1","0","true"
"50","1","0","true"
"51","1","0","true"
"52","1","0","true"
"53","1","0","true"
"54","1","0","true"
"55","1","0","true"
"56","1","0","true"
"57","1","0","true"
"58","1","0","true"
"59","1","0","true"
"60","1","0","true"
"61","1","0","true"
"62","1","0","true"
"63","1","0","true"
"64","1","0","true"
"65","1","0","true"
"66","1","0","true"
"67","1","0","true"
"68","1","0","true"
"69","1","0","true"
"70","1","0","true"
"71","1","0","true"
"72","1","0","true"
"73","1","0","true"
"74","1","0","true"
"75","1","0","true"
"76","1","0","true"
"77","1","0","true"
"78","1","0","true"
"79","1","0","true"
"80","1","0","true"
"81","1","0","true"
"82","1","0","true"
"83","1","0","true"
"84","1","0","true"
"85","1","0","true"
"86","1","0","true"
"87","1","0","true"
"88","1","0","true"
"89","1","0","true"
"90","1","0","true"
"91","1","0","true"
"92","1","0","true"
"93","1","0","true"
"94","1","0","true"
"95","1","0","true"
"96","1","0","true"
"97","1","0","true"
"98","1","0","true"
"99","1","0","true"
"100","1","0","true"

"""fragmentation"""
"x min","x max","y min","y max","autoplot?","current pen","legend open?","number of pens"
"0","116","0","1","true","""default""","false","1"

"pen name","pen down?","mode","interval","color","x"
"""default""","true","0","1","0","100"

"""default"""
"x","y","color","pen down?"
"0","0.34114168751421425","0","true"
"1","0.43215656414952613","0","true"
"2","0.3714285714285714","0","true"
"3","0.3714285714285714","0","true"
"4","0.3714285714285714","0","true"
"5","0.3714285714285714","0","true"
"6","0.3714285714285714","0","true"
"7","0.3714285714285714","0","true"
"8","0.3714285714285714","0","true"
"9","0.3714285714285714","0","true"
"10","0.3714285714285714","0","true"
"11","0.3714285714285714","0","true"
"12","0.3714285714285714","0","true"
"13","0.3714285714285714","0","true"
"14","0.3714285714285714","0","true"
"15","0.3714285714285714","0","true"
"16","0.3714285714285714","0","true"
"17","0.3714285714285714","0","true"
"18","0.3714285714285714","0","true"
"19","0.3714285714285714","0","true"
"20","0.3714285714285714","0","true"
"21","0.3714285714285714","0","true"
"22","0.3714285714285714","0","true"
"23","0.3714285714285714","0","true"
"24","0.3714285714285714","0","true"
"25","0.3714285714285714","0","true"
"26","0.3714285714285714","0","true"
"27","0.3714285714285714","0","true"
"28","0.3714285714285714","0","true"
"29","0.3714285714285714","0","true"
"30","0.3714285714285714","0","true"
"31","0.3714285714285714","0","true"
"32","0.3714285714285714","0","true"
"33","0.3714285714285714","0","true"
"34","0.3714285714285714","0","true"
"35","0.3714285714285714","0","true"
"36","0.3714285714285714","0","true"
"37","0.3714285714285714","0","true"
"38","0.3714285714285714","0","true"
"39","0.3714285714285714","0","true"
"40","0.3714285714285714","0","true"
"41","0.3714285714285714","0","true"
"42","0.3714285714285714","0","true"
"43","0.3714285714285714","0","true"
"44","0.3714285714285714","0","true"
"45","0.3714285714285714","0","true"
"46","0.3714285714285714","0","true"
"47","0.3714285714285714","0","true"
"48","0.3714285714285714","0","true"
"49","0.3714285714285714","0","true"
"50","0.3714285714285714","0","true"
"51","0.3714285714285714","0","true"
"52","0.3714285714285714","0","true"
"53","0.3714285714285714","0","true"
"54","0.3714285714285714","0","true"
"55","0.3714285714285714","0","true"
"56","0.3714285714285714","0","true"
"57","0.3714285714285714","0","true"
"58","0.3714285714285714","0","true"
"59","0.3714285714285714","0","true"
"60","0.3714285714285714","0","true"
"61","0.3714285714285714","0","true"
"62","0.3714285714285714","0","true"
"63","0.3714285714285714","0","true"
"64","0.3714285714285714","0","true"
"65","0.3714285714285714","0","true"
"66","0.3714285714285714","0","true"
"67","0.3714285714285714","0","true"
"68","0.3714285714285714","0","true"
"69","0.3714285714285714","0","true"
"70","0.3714285714285714","0","true"
"71","0.3714285714285714","0","true"
"72","0.3714285714285714","0","true"
"73","0.3714285714285714","0","true"
"74","0.3714285714285714","0","true"
"75","0.3714285714285714","0","true"
"76","0.3714285714285714","0","true"
"77","0.3714285714285714","0","true"
"78","0.3714285714285714","0","true"
"79","0.3714285714285714","0","true"
"80","0.3714285714285714","0","true"
"81","0.3714285714285714","0","true"
"82","0.3714285714285714","0","true"
"83","0.3714285714285714","0","true"
"84","0.3714285714285714","0","true"
"85","0.3714285714285714","0","true"
"86","0.3714285714285714","0","true"
"87","0.3714285714285714","0","true"
"88","0.3714285714285714","0","true"
"89","0.3714285714285714","0","true"
"90","0.3714285714285714","0","true"
"91","0.3714285714285714","0","true"
"92","0.3714285714285714","0","true"
"93","0.3714285714285714","0","true"
"94","0.3714285714285714","0","true"
"95","0.3714285714285714","0","true"
"96","0.3714285714285714","0","true"
"97","0.3714285714285714","0","true"
"98","0.3714285714285714","0","true"
"99","0.3714285714285714","0","true"
"100","0.3714285714285714","0","true"

"EXTENSIONS"

