"export-world data (NetLogo 6.2.2)"
"cog-cascades-trust.nlogo"
"02/25/2023 23:36:57:283 -0500"

"RANDOM STATE"
"0 0 -1727483681 376 0.0 false -1907576938 -1036547937 1057973674 1726354421 -1793357738 -597040835 570675300 -495924145 -1524120978 -1274955979 -901371546 478835173 1345592720 835282135 1055976501 1043321430 1127900121 -1431050603 425557085 -2079446711 1045943730 -939435083 -672073506 -543539028 314668915 1554495191 1856401516 -1241608019 492143925 1391634335 1428276632 -1225543527 2120806972 476433287 1094966353 -1563642780 -1928321006 -187549826 -1681737929 -1815366405 -2084838002 1945981318 1664448838 223105299 -763557907 210161381 1462932535 -1008172250 2068433165 305196933 -818387057 -923444204 375039305 -577769735 -903539152 1479432407 958393971 -1201042294 1487728742 -336989776 -1619888556 1147786948 1770702909 741520479 -433026293 -1413384401 1488758416 667578865 -1186010054 2030636812 -2140527159 1773889995 2120592683 -760472432 933526151 -572980508 -1483881977 -1552545170 -1628765566 -135482700 543735071 436555377 2132832499 867033829 -2079308204 -2087187104 932522542 -1050548468 1679866216 -1937973760 1735819139 1315255137 490694101 953615062 -975365671 467201872 -1870108703 1150373470 237397504 -1523716248 1903023222 1328390364 535971617 -1967226735 1890641126 2077099989 -1373121193 -1473836334 1603184365 -1223878745 1675355077 1486220381 1431519965 -1623033642 -1959365701 -173024600 -261656916 -921506550 -1007883903 2014216028 732031107 -1742483763 -620461155 1667507044 -2118139875 -2121481792 -1454296355 712912280 1374200120 1467556861 1721740872 -1776778893 -748869727 -1158751015 498079008 1612527913 720796233 -1984445793 1693786022 -1806711741 668364422 -1240428922 144267548 226553253 -1656873583 -197071415 -1721372066 -1767936848 579106048 -1912532920 2022024756 2030878238 1671805513 -2045943901 -328294656 -160871133 664251861 -146252099 -696414953 551357320 -2143306034 280712975 -423307276 -1025591811 -1614194955 -163134066 -1562332155 -1213153577 1899312862 1451558270 1448947005 -1959866338 -1977205010 1376828451 2069066257 337471611 479573337 1756687450 -1655171670 -1684602627 634476893 -1098631549 843173350 1922307257 -785516050 2030335367 -458992155 140414458 -1501986794 -1509742634 760187666 1270674189 637137646 1917853202 1019550895 632907771 -663168237 -1764077357 -146407415 -1890764841 -1270120890 859052106 1230292073 -1474697243 571322577 -290154302 -482488818 -1460417747 -1130444118 -1088346942 -404947709 1484182536 -1711211980 590523087 -2134906763 -1546838387 1303156695 -1634441442 -569943427 2033612586 -1425846126 -306114790 -379429026 -786511306 -1689588249 1769518229 233194700 1718495196 197184802 455893091 -1626391147 1884951262 1367060741 -866084719 1508491781 1803491886 313126005 -685033159 1610481163 -1726792522 836627213 1061364763 -2142056611 -538659195 207560598 2111176643 1304250358 -1611255566 1020619512 -1579878138 -852276010 -1432566440 1689058485 1343912859 -1848386616 878588680 -1890310060 -1019981130 -689050720 -331375561 -2081103802 -2038184278 -1803526389 -283640756 -29931649 -2013362289 299500001 634945631 -67708364 1293088775 531450702 1051370450 1298288090 1360514323 -55089331 -1572133136 985286222 1807021234 -1113169869 1657414142 785259322 -1149756454 1742359702 -438856304 1426248440 630869770 1144519624 -1240866780 657311849 -891749841 1639512156 1878255036 -1363020662 -1217779924 -1137284406 -1831631575 -2118476427 2577545 -143287010 -1512373120 -1341571542 -358601808 -1279924696 994537606 1007738551 318187944 -1142093853 66444580 1174985625 770768112 2054130345 -1566325633 -225385147 -543257436 1925449833 1739763309 -935148353 -1420898658 -1242809948 -1434410099 45290683 -927246753 -2075681489 -2026749322 303566373 -435744366 654232433 214106859 -1529836002 -1961606883 2035591993 -1178230345 1996419122 -1418299997 1378285611 -341204403 874867220 1125878412 -1345426518 -1762819060 -1607366457 -461848916 708234204 2141090212 1711545662 -79726730 336102258 -1445911222 -1223424906 -119793708 2037581743 1168654104 2027052336 -1204336871 81376114 1457626876 563286384 -1257338028 820361568 -530139545 1709786071 1917332071 -2113014679 -1124522531 2019247474 872526161 -1961654442 577340086 -1043196654 672468615 -2020602678 -1652364811 1844818300 -97112941 -1897632467 1120605853 -482138943 -959044807 -436241874 610415706 1000572043 1885761611 -1064633777 -970044767 1585467402 377193573 14769606 1160325365 1045041804 -628174565 -1651181557 -580857023 -1589413446 571833845 -383950512 -927757205 91705696 -1984274457 -1019615800 -2006239922 784245545 -1422871292 309953394 -2061711878 -394065967 -417218387 -2092546186 756014572 566084232 -963743742 -1549104084 -1913988589 1363043497 1589889094 328361270 -873420141 1391460615 -321575722 1573407944 37851756 313479816 79839658 1994075566 -536360971 1896375267 -200178722 -1166998379 1757899973 -1803473442 962240915 -1898144915 -871946069 -1012869521 -485536901 1663850339 -514254163 -214916720 1195038156 -784382551 1937046300 -2112208598 -1343310066 459253601 -233489505 1301014331 -807833998 -1186506760 1140848361 2046655720 190397140 -720340609 -285800888 319457461 -377696102 -1505683302 632844061 -856234303 -289991137 -1374651466 -317042070 -592417254 -1572125758 -1275552001 -792260255 -1419664695 480900663 -175539577 1996790379 -713498429 -1580121669 756691521 -562477094 -648754514 1113751371 745564907 570244737 1816722748 2097796895 -1629455703 -1972959933 -497085594 -706859728 -2066417013 1867482778 -2019986165 -577235690 -1947103763 -1734977688 679329124 -41833102 -95907499 -2146650331 231262500 -411162345 -1367479876 -1571404075 1297204552 -1356810797 -1923573198 -2076544705 -1632282491 1020629159 1554158008 617618054 1323861602 -1915244389 -1393797838 -228953780 800092770 429835626 1285088712 -1793624118 -1935928204 -67013221 229317465 828490175 1611150291 -479948295 263811294 94077061 -1478036308 42799249 -913329053 14115771 -1058701706 -1181605514 -1897045857 377762353 -1077719241 2142775946 1370339715 -245693823 -1986314030 475135646 1194656932 -341966456 1292016023 -1973610248 286835231 -1391284466 -1806690966 539161906 -201524538 -942586523 1158393851 -789043587 -76220099 -1024752077 175697250 -1649387171 -145808558 -1788891387 -1827656246 252992862 912576949 -427383401 -1168081298 -1531849003 2067446167 -1788594781 1142003815 -1548171959 -737908075 1517032243 1336731427 1261231630 -1664978698 1084814404 1757555488 -169224151 1057309467 1328853213 -1696453660 -62464758 11346971 -1033480601 -843860992 -470642314 455828236 -1927796413 -1023074205 1653724572 -1893655992 -19647709 -1717859664 -1914897659 1452125240 658491922 356073936 194971324 -239642517 -1920362801 -2117708139 2071347613 1287412208 350092968 159942435 -2123150741 1564964302 -1267703623 -1047407353 2115042867 35453303 1482007936 2111417273 -516720584 -96415728 753906981 973082652 742354965 610876407 1119495966 360816383 -1624800162 482643894 1651143897 625611583 1059168121 -1212715506 -1645946783 -212609447 468724847 -52737904 38864555"

"GLOBALS"
"min-pxcor","max-pxcor","min-pycor","max-pycor","perspective","subject","nextIndex","directed-links","ticks","ba-m","behavior-rand","belief-resolution","beliefs-over-time","brain-type","cit-init-normal-mean","cit-init-normal-std","cit-memory-len","citizen-citizen-influence","citizen-citizen-trust?","citizen-init-dist","citizen-malleables","citizen-media-influence","citizen-media-trust?","citizen-priors","citizen-trust-fn","cits-hear-from-path?","cognitive-exponent","cognitive-exponent?","cognitive-fn","cognitive-scalar","cognitive-scalar?","cognitive-translate","cognitive-translate?","complex-spread-ratio","contagion-dir","contagion-on?","cur-message-id","epsilon","erdos-renyi-p","graph-homophily?","graph-type","institution-tactic","kronecker-k","kronecker-seed","load-graph-path","load-graph?","mag-g","mag-style","matrix-spread?","matrix-trust-conn?","media-agents?","media-citizen-influence","media-dist-normal-mean","media-dist-normal-std","media-ecosystem","media-ecosystem-dist","media-ecosystem-file","media-ecosystem-n","media-ecosystem-path","message-file","message-repeats","messages-data-path","messages-over-time","n","repetition","save-graph-path","selected-turtle","show-citizen-political?","show-media-connections?","show-social-friends?","sim-output-dir","simple-spread-chance","spread-type","threshold","tick-end","topics","watts-strogatz-k","watts-strogatz-p","zeta-cit","zeta-media"
"-16","16","-16","16","0","nobody","65","""NEITHER""","100","3","6627","7","[[0 [[[""A"" 1]] [[""A"" 5]] [[""A"" 1]] [[""A"" 1]] [[""A"" 5]] [[""A"" 4]] [[""A"" 6]] [[""A"" 1]] [[""A"" 1]] [[""A"" 1]] [[""A"" 2]] [[""A"" 5]] [[""A"" 1]] [[""A"" 1]] [[""A"" 0]] [[""A"" 5]] [[""A"" 5]] [[""A"" 1]] [[""A"" 1]] [[""A"" 2]] [[""A"" 5]] [[""A"" 1]] [[""A"" 2]] [[""A"" 1]] [[""A"" 5]] [[""A"" 5]] [[""A"" 1]] [[""A"" 5]] [[""A"" 1]] [[""A"" 5]] [[""A"" 5]] [[""A"" 0]] [[""A"" 5]] [[""A"" 6]] [[""A"" 1]] [[""A"" 6]] [[""A"" 5]] [[""A"" 5]] [[""A"" 1]] [[""A"" 5]] [[""A"" 1]] [[""A"" 1]] [[""A"" 5]] [[""A"" 5]] [[""A"" 4]] [[""A"" 1]] [[""A"" 5]] [[""A"" 2]] [[""A"" 5]] [[""A"" 5]]]] [1 [[[""A"" 3]] [[""A"" 2]] [[""A"" 4]] [[""A"" 2]] [[""A"" 2]] [[""A"" 2]] [[""A"" 2]] [[""A"" 2]] [[""A"" 2]] [[""A"" 4]] [[""A"" 2]] [[""A"" 2]] [[""A"" 2]] [[""A"" 2]] [[""A"" 2]] [[""A"" 4]] [[""A"" 2]] [[""A"" 4]] [[""A"" 2]] [[""A"" 4]] [[""A"" 2]] [[""A"" 4]] [[""A"" 2]] [[""A"" 2]] [[""A"" 2]] [[""A"" 2]] [[""A"" 4]] [[""A"" 2]] [[""A"" 4]] [[""A"" 2]] [[""A"" 1]] [[""A"" 4]] [[""A"" 4]] [[""A"" 4]] [[""A"" 2]] [[""A"" 2]] [[""A"" 4]] [[""A"" 4]] [[""A"" 4]] [[""A"" 1]] [[""A"" 2]] [[""A"" 2]] [[""A"" 2]] [[""A"" 4]] [[""A"" 4]] [[""A"" 2]] [[""A"" 2]] [[""A"" 4]] [[""A"" 2]] [[""A"" 2]]]] [2 [[[""A"" 2]] [[""A"" 4]] [[""A"" 4]] [[""A"" 4]] [[""A"" 4]] [[""A"" 4]] [[""A"" 2]] [[""A"" 2]] [[""A"" 2]] [[""A"" 4]] [[""A"" 2]] [[""A"" 4]] [[""A"" 4]] [[""A"" 2]] [[""A"" 2]] [[""A"" 1]] [[""A"" 4]] [[""A"" 4]] [[""A"" 2]] [[""A"" 2]] [[""A"" 2]] [[""A"" 4]] [[""A"" 4]] [[""A"" 4]] [[""A"" 4]] [[""A"" 2]] [[""A"" 2]] [[""A"" 4]] [[""A"" 4]] [[""A"" 2]] [[""A"" 4]] [[""A"" 4]] [[""A"" 4]] [[""A"" 4]] [[""A"" 4]] [[""A"" 4]] [[""A"" 2]] [[""A"" 4]] [[""A"" 4]] [[""A"" 4]] [[""A"" 4]] [[""A"" 2]] [[""A"" 4]] [[""A"" 4]] [[""A"" 2]] [[""A"" 4]] [[""A"" 4]] [[""A"" 4]] [[""A"" 2]] [[""A"" 4]]]] [3 [[[""A"" 3]] [[""A"" 3]] [[""A"" 3]] [[""A"" 3]] [[""A"" 3]] [[""A"" 3]] [[""A"" 3]] [[""A"" 3]] [[""A"" 3]] [[""A"" 3]] [[""A"" 3]] [[""A"" 3]] [[""A"" 3]] [[""A"" 3]] [[""A"" 3]] [[""A"" 3]] [[""A"" 3]] [[""A"" 3]] [[""A"" 3]] [[""A"" 3]] [[""A"" 3]] [[""A"" 3]] [[""A"" 3]] [[""A"" 3]] [[""A"" 3]] [[""A"" 3]] [[""A"" 3]] [[""A"" 3]] [[""A"" 3]] [[""A"" 3]] [[""A"" 3]] [[""A"" 3]] [[""A"" 3]] [[""A"" 3]] [[""A"" 3]] [[""A"" 3]] [[""A"" 2]] [[""A"" 3]] [[""A"" 3]] [[""A"" 3]] [[""A"" 3]] [[""A"" 3]] [[""A"" 3]] [[""A"" 3]] [[""A"" 3]] [[""A"" 3]] [[""A"" 3]] [[""A"" 3]] [[""A"" 3]] [[""A"" 3]]]] [4 [[[""A"" 2]] [[""A"" 2]] [[""A"" 4]] [[""A"" 4]] [[""A"" 4]] [[""A"" 2]] [[""A"" 2]] [[""A"" 4]] [[""A"" 2]] [[""A"" 2]] [[""A"" 2]] [[""A"" 2]] [[""A"" 2]] [[""A"" 2]] [[""A"" 2]] [[""A"" 2]] [[""A"" 2]] [[""A"" 2]] [[""A"" 2]] [[""A"" 4]] [[""A"" 2]] [[""A"" 4]] [[""A"" 4]] [[""A"" 4]] [[""A"" 2]] [[""A"" 4]] [[""A"" 4]] [[""A"" 4]] [[""A"" 4]] [[""A"" 2]] [[""A"" 4]] [[""A"" 2]] [[""A"" 2]] [[""A"" 2]] [[""A"" 2]] [[""A"" 4]] [[""A"" 2]] [[""A"" 4]] [[""A"" 4]] [[""A"" 4]] [[""A"" 4]] [[""A"" 4]] [[""A"" 2]] [[""A"" 4]] [[""A"" 2]] [[""A"" 2]] [[""A"" 2]] [[""A"" 2]] [[""A"" 2]] [[""A"" 4]]]] [5 [[[""A"" 4]] [[""A"" 2]] [[""A"" 2]] [[""A"" 2]] [[""A"" 2]] [[""A"" 4]] [[""A"" 2]] [[""A"" 2]] [[""A"" 2]] [[""A"" 4]] [[""A"" 2]] [[""A"" 4]] [[""A"" 2]] [[""A"" 2]] [[""A"" 2]] [[""A"" 2]] [[""A"" 2]] [[""A"" 2]] [[""A"" 4]] [[""A"" 2]] [[""A"" 4]] [[""A"" 2]] [[""A"" 4]] [[""A"" 2]] [[""A"" 2]] [[""A"" 2]] [[""A"" 4]] [[""A"" 2]] [[""A"" 4]] [[""A"" 4]] [[""A"" 4]] [[""A"" 2]] [[""A"" 2]] [[""A"" 4]] [[""A"" 4]] [[""A"" 2]] [[""A"" 4]] [[""A"" 2]] [[""A"" 2]] [[""A"" 2]] [[""A"" 2]] [[""A"" 2]] [[""A"" 2]] [[""A"" 2]] [[""A"" 2]] [[""A"" 2]] [[""A"" 2]] [[""A"" 4]] [[""A"" 2]] [[""A"" 4]]]] [6 [[[""A"" 3]] [[""A"" 1]] [[""A"" 1]] [[""A"" 3]] [[""A"" 3]] [[""A"" 3]] [[""A"" 3]] [[""A"" 1]] [[""A"" 1]] [[""A"" 3]] [[""A"" 1]] [[""A"" 3]] [[""A"" 3]] [[""A"" 3]] [[""A"" 3]] [[""A"" 1]] [[""A"" 1]] [[""A"" 3]] [[""A"" 3]] [[""A"" 3]] [[""A"" 3]] [[""A"" 1]] [[""A"" 3]] [[""A"" 1]] [[""A"" 1]] [[""A"" 1]] [[""A"" 3]] [[""A"" 3]] [[""A"" 1]] [[""A"" 3]] [[""A"" 4]] [[""A"" 1]] [[""A"" 3]] [[""A"" 3]] [[""A"" 3]] [[""A"" 3]] [[""A"" 3]] [[""A"" 1]] [[""A"" 1]] [[""A"" 1]] [[""A"" 3]] [[""A"" 3]] [[""A"" 1]] [[""A"" 1]] [[""A"" 1]] [[""A"" 3]] [[""A"" 1]] [[""A"" 1]] [[""A"" 3]] [[""A"" 1]]]] [7 [[[""A"" 4]] [[""A"" 4]] [[""A"" 4]] [[""A"" 4]] [[""A"" 4]] [[""A"" 4]] [[""A"" 4]] [[""A"" 4]] [[""A"" 4]] [[""A"" 4]] [[""A"" 4]] [[""A"" 4]] [[""A"" 4]] [[""A"" 4]] [[""A"" 4]] [[""A"" 4]] [[""A"" 4]] [[""A"" 4]] [[""A"" 4]] [[""A"" 4]] [[""A"" 4]] [[""A"" 4]] [[""A"" 4]] [[""A"" 4]] [[""A"" 4]] [[""A"" 4]] [[""A"" 4]] [[""A"" 4]] [[""A"" 4]] [[""A"" 4]] [[""A"" 4]] [[""A"" 4]] [[""A"" 4]] [[""A"" 4]] [[""A"" 4]] [[""A"" 4]] [[""A"" 4]] [[""A"" 4]] [[""A"" 4]] [[""A"" 4]] [[""A"" 4]] [[""A"" 4]] [[""A"" 4]] [[""A"" 3]] [[""A"" 4]] [[""A"" 4]] [[""A"" 4]] [[""A"" 4]] [[""A"" 4]] [[""A"" 4]]]] [8 [[[""A"" 3]] [[""A"" 3]] [[""A"" 3]] [[""A"" 3]] [[""A"" 3]] [[""A"" 3]] [[""A"" 3]] [[""A"" 3]] [[""A"" 3]] [[""A"" 3]] [[""A"" 3]] [[""A"" 3]] [[""A"" 3]] [[""A"" 3]] [[""A"" 3]] [[""A"" 3]] [[""A"" 3]] [[""A"" 3]] [[""A"" 3]] [[""A"" 3]] [[""A"" 3]] [[""A"" 3]] [[""A"" 3]] [[""A"" 3]] [[""A"" 3]] [[""A"" 3]] [[""A"" 3]] [[""A"" 3]] [[""A"" 3]] [[""A"" 3]] [[""A"" 3]] [[""A"" 3]] [[""A"" 3]] [[""A"" 3]] [[""A"" 3]] [[""A"" 3]] [[""A"" 3]] [[""A"" 3]] [[""A"" 3]] [[""A"" 3]] [[""A"" 3]] [[""A"" 3]] [[""A"" 3]] [[""A"" 3]] [[""A"" 3]] [[""A"" 3]] [[""A"" 3]] [[""A"" 3]] [[""A"" 3]] [[""A"" 3]]]] [9 [[[""A"" 2]] [[""A"" 2]] [[""A"" 2]] [[""A"" 2]] [[""A"" 2]] [[""A"" 2]] [[""A"" 2]] [[""A"" 2]] [[""A"" 2]] [[""A"" 2]] [[""A"" 2]] [[""A"" 2]] [[""A"" 2]] [[""A"" 2]] [[""A"" 2]] [[""A"" 2]] [[""A"" 2]] [[""A"" 2]] [[""A"" 2]] [[""A"" 2]] [[""A"" 2]] [[""A"" 2]] [[""A"" 2]] [[""A"" 2]] [[""A"" 2]] [[""A"" 2]] [[""A"" 2]] [[""A"" 2]] [[""A"" 2]] [[""A"" 3]] [[""A"" 2]] [[""A"" 2]] [[""A"" 2]] [[""A"" 2]] [[""A"" 2]] [[""A"" 2]] [[""A"" 2]] [[""A"" 2]] [[""A"" 2]] [[""A"" 2]] [[""A"" 2]] [[""A"" 2]] [[""A"" 2]] [[""A"" 2]] [[""A"" 2]] [[""A"" 2]] [[""A"" 2]] [[""A"" 2]] [[""A"" 2]] [[""A"" 2]]]] [10 [[[""A"" 4]] [[""A"" 4]] [[""A"" 1]] [[""A"" 1]] [[""A"" 4]] [[""A"" 1]] [[""A"" 4]] [[""A"" 4]] [[""A"" 4]] [[""A"" 4]] [[""A"" 4]] [[""A"" 4]] [[""A"" 1]] [[""A"" 4]] [[""A"" 4]] [[""A"" 4]] [[""A"" 4]] [[""A"" 1]] [[""A"" 1]] [[""A"" 1]] [[""A"" 1]] [[""A"" 4]] [[""A"" 1]] [[""A"" 1]] [[""A"" 1]] [[""A"" 1]] [[""A"" 4]] [[""A"" 4]] [[""A"" 4]] [[""A"" 1]] [[""A"" 4]] [[""A"" 1]] [[""A"" 1]] [[""A"" 1]] [[""A"" 1]] [[""A"" 1]] [[""A"" 1]] [[""A"" 4]] [[""A"" 4]] [[""A"" 1]] [[""A"" 4]] [[""A"" 1]] [[""A"" 4]] [[""A"" 4]] [[""A"" 4]] [[""A"" 4]] [[""A"" 1]] [[""A"" 4]] [[""A"" 1]] [[""A"" 4]]]] [11 [[[""A"" 4]] [[""A"" 2]] [[""A"" 2]] [[""A"" 2]] [[""A"" 4]] [[""A"" 2]] [[""A"" 2]] [[""A"" 2]] [[""A"" 4]] [[""A"" 2]] [[""A"" 2]] [[""A"" 4]] [[""A"" 2]] [[""A"" 4]] [[""A"" 2]] [[""A"" 2]] [[""A"" 2]] [[""A"" 4]] [[""A"" 4]] [[""A"" 2]] [[""A"" 2]] [[""A"" 4]] [[""A"" 2]] [[""A"" 4]] [[""A"" 4]] [[""A"" 2]] [[""A"" 2]] [[""A"" 2]] [[""A"" 2]] [[""A"" 4]] [[""A"" 2]] [[""A"" 2]] [[""A"" 2]] [[""A"" 4]] [[""A"" 2]] [[""A"" 2]] [[""A"" 2]] [[""A"" 2]] [[""A"" 4]] [[""A"" 2]] [[""A"" 2]] [[""A"" 2]] [[""A"" 2]] [[""A"" 2]] [[""A"" 2]] [[""A"" 2]] [[""A"" 2]] [[""A"" 2]] [[""A"" 2]] [[""A"" 2]]]] [12 [[[""A"" 4]] [[""A"" 4]] [[""A"" 4]] [[""A"" 4]] [[""A"" 4]] [[""A"" 4]] [[""A"" 4]] [[""A"" 4]] [[""A"" 4]] [[""A"" 4]] [[""A"" 4]] [[""A"" 4]] [[""A"" 4]] [[""A"" 4]] [[""A"" 4]] [[""A"" 4]] [[""A"" 4]] [[""A"" 4]] [[""A"" 4]] [[""A"" 4]] [[""A"" 4]] [[""A"" 4]] [[""A"" 4]] [[""A"" 4]] [[""A"" 4]] [[""A"" 4]] [[""A"" 4]] [[""A"" 4]] [[""A"" 4]] [[""A"" 4]] [[""A"" 4]] [[""A"" 4]] [[""A"" 4]] [[""A"" 4]] [[""A"" 4]] [[""A"" 4]] [[""A"" 4]] [[""A"" 4]] [[""A"" 4]] [[""A"" 4]] [[""A"" 4]] [[""A"" 4]] [[""A"" 4]] [[""A"" 4]] [[""A"" 4]] [[""A"" 4]] [[""A"" 4]] [[""A"" 4]] [[""A"" 4]] [[""A"" 4]]]] [13 [[[""A"" 4]] [[""A"" 4]] [[""A"" 2]] [[""A"" 2]] [[""A"" 2]] [[""A"" 4]] [[""A"" 2]] [[""A"" 2]] [[""A"" 2]] [[""A"" 2]] [[""A"" 4]] [[""A"" 4]] [[""A"" 2]] [[""A"" 4]] [[""A"" 4]] [[""A"" 2]] [[""A"" 4]] [[""A"" 4]] [[""A"" 2]] [[""A"" 4]] [[""A"" 4]] [[""A"" 2]] [[""A"" 4]] [[""A"" 2]] [[""A"" 4]] [[""A"" 4]] [[""A"" 2]] [[""A"" 4]] [[""A"" 4]] [[""A"" 4]] [[""A"" 4]] [[""A"" 2]] [[""A"" 4]] [[""A"" 4]] [[""A"" 4]] [[""A"" 4]] [[""A"" 4]] [[""A"" 4]] [[""A"" 4]] [[""A"" 4]] [[""A"" 2]] [[""A"" 2]] [[""A"" 2]] [[""A"" 2]] [[""A"" 4]] [[""A"" 2]] [[""A"" 4]] [[""A"" 2]] [[""A"" 2]] [[""A"" 4]]]] [14 [[[""A"" 1]] [[""A"" 1]] [[""A"" 1]] [[""A"" 3]] [[""A"" 1]] [[""A"" 1]] [[""A"" 1]] [[""A"" 1]] [[""A"" 3]] [[""A"" 1]] [[""A"" 3]] [[""A"" 3]] [[""A"" 3]] [[""A"" 1]] [[""A"" 1]] [[""A"" 1]] [[""A"" 4]] [[""A"" 1]] [[""A"" 3]] [[""A"" 1]] [[""A"" 3]] [[""A"" 3]] [[""A"" 1]] [[""A"" 1]] [[""A"" 1]] [[""A"" 1]] [[""A"" 3]] [[""A"" 3]] [[""A"" 1]] [[""A"" 1]] [[""A"" 3]] [[""A"" 1]] [[""A"" 3]] [[""A"" 3]] [[""A"" 1]] [[""A"" 1]] [[""A"" 1]] [[""A"" 1]] [[""A"" 1]] [[""A"" 3]] [[""A"" 1]] [[""A"" 1]] [[""A"" 1]] [[""A"" 1]] [[""A"" 3]] [[""A"" 3]] [[""A"" 1]] [[""A"" 1]] [[""A"" 1]] [[""A"" 3]]]] [15 [[[""A"" 3]] [[""A"" 3]] [[""A"" 3]] [[""A"" 3]] [[""A"" 3]] [[""A"" 3]] [[""A"" 3]] [[""A"" 3]] [[""A"" 3]] [[""A"" 3]] [[""A"" 3]] [[""A"" 3]] [[""A"" 3]] [[""A"" 3]] [[""A"" 3]] [[""A"" 3]] [[""A"" 3]] [[""A"" 3]] [[""A"" 3]] [[""A"" 3]] [[""A"" 3]] [[""A"" 3]] [[""A"" 3]] [[""A"" 3]] [[""A"" 3]] [[""A"" 3]] [[""A"" 3]] [[""A"" 3]] [[""A"" 2]] [[""A"" 3]] [[""A"" 3]] [[""A"" 3]] [[""A"" 3]] [[""A"" 3]] [[""A"" 3]] [[""A"" 3]] [[""A"" 3]] [[""A"" 3]] [[""A"" 3]] [[""A"" 3]] [[""A"" 3]] [[""A"" 3]] [[""A"" 3]] [[""A"" 3]] [[""A"" 3]] [[""A"" 3]] [[""A"" 3]] [[""A"" 3]] [[""A"" 3]] [[""A"" 3]]]] [16 [[[""A"" 4]] [[""A"" 4]] [[""A"" 4]] [[""A"" 4]] [[""A"" 4]] [[""A"" 4]] [[""A"" 4]] [[""A"" 4]] [[""A"" 4]] [[""A"" 4]] [[""A"" 4]] [[""A"" 4]] [[""A"" 4]] [[""A"" 4]] [[""A"" 4]] [[""A"" 4]] [[""A"" 4]] [[""A"" 4]] [[""A"" 4]] [[""A"" 4]] [[""A"" 4]] [[""A"" 4]] [[""A"" 4]] [[""A"" 4]] [[""A"" 4]] [[""A"" 4]] [[""A"" 4]] [[""A"" 4]] [[""A"" 4]] [[""A"" 4]] [[""A"" 4]] [[""A"" 4]] [[""A"" 4]] [[""A"" 4]] [[""A"" 4]] [[""A"" 4]] [[""A"" 4]] [[""A"" 4]] [[""A"" 4]] [[""A"" 4]] [[""A"" 4]] [[""A"" 4]] [[""A"" 4]] [[""A"" 4]] [[""A"" 4]] [[""A"" 4]] [[""A"" 4]] [[""A"" 4]] [[""A"" 4]] [[""A"" 4]]]] [17 [[[""A"" 4]] [[""A"" 4]] [[""A"" 2]] [[""A"" 2]] [[""A"" 4]] [[""A"" 4]] [[""A"" 2]] [[""A"" 4]] [[""A"" 4]] [[""A"" 4]] [[""A"" 4]] [[""A"" 4]] [[""A"" 2]] [[""A"" 4]] [[""A"" 4]] [[""A"" 2]] [[""A"" 4]] [[""A"" 4]] [[""A"" 4]] [[""A"" 4]] [[""A"" 4]] [[""A"" 2]] [[""A"" 4]] [[""A"" 2]] [[""A"" 4]] [[""A"" 4]] [[""A"" 2]] [[""A"" 4]] [[""A"" 4]] [[""A"" 4]] [[""A"" 2]] [[""A"" 4]] [[""A"" 4]] [[""A"" 4]] [[""A"" 4]] [[""A"" 4]] [[""A"" 4]] [[""A"" 2]] [[""A"" 4]] [[""A"" 2]] [[""A"" 4]] [[""A"" 4]] [[""A"" 4]] [[""A"" 4]] [[""A"" 4]] [[""A"" 4]] [[""A"" 4]] [[""A"" 4]] [[""A"" 4]] [[""A"" 2]]]] [18 [[[""A"" 3]] [[""A"" 3]] [[""A"" 3]] [[""A"" 2]] [[""A"" 3]] [[""A"" 3]] [[""A"" 3]] [[""A"" 3]] [[""A"" 3]] [[""A"" 3]] [[""A"" 3]] [[""A"" 3]] [[""A"" 3]] [[""A"" 3]] [[""A"" 3]] [[""A"" 3]] [[""A"" 3]] [[""A"" 3]] [[""A"" 3]] [[""A"" 3]] [[""A"" 3]] [[""A"" 3]] [[""A"" 3]] [[""A"" 3]] [[""A"" 3]] [[""A"" 3]] [[""A"" 3]] [[""A"" 3]] [[""A"" 3]] [[""A"" 3]] [[""A"" 3]] [[""A"" 3]] [[""A"" 3]] [[""A"" 3]] [[""A"" 3]] [[""A"" 3]] [[""A"" 3]] [[""A"" 3]] [[""A"" 3]] [[""A"" 3]] [[""A"" 3]] [[""A"" 3]] [[""A"" 3]] [[""A"" 3]] [[""A"" 3]] [[""A"" 3]] [[""A"" 3]] [[""A"" 3]] [[""A"" 3]] [[""A"" 3]]]] [19 [[[""A"" 3]] [[""A"" 3]] [[""A"" 3]] [[""A"" 3]] [[""A"" 3]] [[""A"" 3]] [[""A"" 3]] [[""A"" 3]] [[""A"" 3]] [[""A"" 3]] [[""A"" 3]] [[""A"" 3]] [[""A"" 3]] [[""A"" 3]] [[""A"" 3]] [[""A"" 3]] [[""A"" 3]] [[""A"" 3]] [[""A"" 3]] [[""A"" 3]] [[""A"" 3]] [[""A"" 3]] [[""A"" 3]] [[""A"" 3]] [[""A"" 3]] [[""A"" 3]] [[""A"" 3]] [[""A"" 3]] [[""A"" 3]] [[""A"" 3]] [[""A"" 3]] [[""A"" 3]] [[""A"" 3]] [[""A"" 3]] [[""A"" 3]] [[""A"" 3]] [[""A"" 3]] [[""A"" 3]] [[""A"" 3]] [[""A"" 3]] [[""A"" 3]] [[""A"" 3]] [[""A"" 3]] [[""A"" 3]] [[""A"" 3]] [[""A"" 3]] [[""A"" 3]] [[""A"" 3]] [[""A"" 3]] [[""A"" 3]]]] [20 [[[""A"" 4]] [[""A"" 4]] [[""A"" 2]] [[""A"" 2]] [[""A"" 4]] [[""A"" 4]] [[""A"" 4]] [[""A"" 4]] [[""A"" 4]] [[""A"" 2]] [[""A"" 4]] [[""A"" 2]] [[""A"" 4]] [[""A"" 2]] [[""A"" 4]] [[""A"" 2]] [[""A"" 4]] [[""A"" 4]] [[""A"" 2]] [[""A"" 4]] [[""A"" 4]] [[""A"" 2]] [[""A"" 4]] [[""A"" 2]] [[""A"" 4]] [[""A"" 2]] [[""A"" 4]] [[""A"" 4]] [[""A"" 4]] [[""A"" 2]] [[""A"" 2]] [[""A"" 2]] [[""A"" 2]] [[""A"" 4]] [[""A"" 2]] [[""A"" 2]] [[""A"" 4]] [[""A"" 2]] [[""A"" 4]] [[""A"" 4]] [[""A"" 2]] [[""A"" 4]] [[""A"" 4]] [[""A"" 4]] [[""A"" 2]] [[""A"" 4]] [[""A"" 4]] [[""A"" 2]] [[""A"" 4]] [[""A"" 2]]]] [21 [[[""A"" 4]] [[""A"" 4]] [[""A"" 4]] [[""A"" 4]] [[""A"" 1]] [[""A"" 4]] [[""A"" 4]] [[""A"" 3]] [[""A"" 4]] [[""A"" 4]] [[""A"" 4]] [[""A"" 4]] [[""A"" 1]] [[""A"" 1]] [[""A"" 4]] [[""A"" 4]] [[""A"" 4]] [[""A"" 4]] [[""A"" 4]] [[""A"" 4]] [[""A"" 1]] [[""A"" 3]] [[""A"" 4]] [[""A"" 4]] [[""A"" 4]] [[""A"" 4]] [[""A"" 4]] [[""A"" 1]] [[""A"" 1]] [[""A"" 4]] [[""A"" 1]] [[""A"" 4]] [[""A"" 1]] [[""A"" 4]] [[""A"" 4]] [[""A"" 4]] [[""A"" 4]] [[""A"" 1]] [[""A"" 4]] [[""A"" 4]] [[""A"" 4]] [[""A"" 1]] [[""A"" 4]] [[""A"" 4]] [[""A"" 4]] [[""A"" 4]] [[""A"" 1]] [[""A"" 1]] [[""A"" 1]] [[""A"" 4]]]] [22 [[[""A"" 3]] [[""A"" 3]] [[""A"" 3]] [[""A"" 3]] [[""A"" 3]] [[""A"" 3]] [[""A"" 3]] [[""A"" 3]] [[""A"" 3]] [[""A"" 3]] [[""A"" 3]] [[""A"" 3]] [[""A"" 3]] [[""A"" 3]] [[""A"" 3]] [[""A"" 3]] [[""A"" 3]] [[""A"" 3]] [[""A"" 3]] [[""A"" 3]] [[""A"" 3]] [[""A"" 3]] [[""A"" 3]] [[""A"" 3]] [[""A"" 3]] [[""A"" 3]] [[""A"" 3]] [[""A"" 3]] [[""A"" 3]] [[""A"" 3]] [[""A"" 3]] [[""A"" 3]] [[""A"" 3]] [[""A"" 3]] [[""A"" 3]] [[""A"" 3]] [[""A"" 3]] [[""A"" 3]] [[""A"" 3]] [[""A"" 3]] [[""A"" 3]] [[""A"" 3]] [[""A"" 3]] [[""A"" 3]] [[""A"" 3]] [[""A"" 3]] [[""A"" 3]] [[""A"" 3]] [[""A"" 3]] [[""A"" 3]]]] [23 [[[""A"" 3]] [[""A"" 3]] [[""A"" 3]] [[""A"" 3]] [[""A"" 3]] [[""A"" 3]] [[""A"" 3]] [[""A"" 3]] [[""A"" 3]] [[""A"" 3]] [[""A"" 3]] [[""A"" 3]] [[""A"" 3]] [[""A"" 3]] [[""A"" 3]] [[""A"" 3]] [[""A"" 3]] [[""A"" 3]] [[""A"" 3]] [[""A"" 3]] [[""A"" 3]] [[""A"" 3]] [[""A"" 3]] [[""A"" 3]] [[""A"" 3]] [[""A"" 3]] [[""A"" 3]] [[""A"" 3]] [[""A"" 3]] [[""A"" 3]] [[""A"" 3]] [[""A"" 3]] [[""A"" 3]] [[""A"" 3]] [[""A"" 3]] [[""A"" 3]] [[""A"" 3]] [[""A"" 3]] [[""A"" 3]] [[""A"" 3]] [[""A"" 3]] [[""A"" 3]] [[""A"" 3]] [[""A"" 3]] [[""A"" 3]] [[""A"" 3]] [[""A"" 3]] [[""A"" 3]] [[""A"" 3]] [[""A"" 3]]]] [24 [[[""A"" 4]] [[""A"" 1]] [[""A"" 4]] [[""A"" 4]] [[""A"" 1]] [[""A"" 4]] [[""A"" 1]] [[""A"" 1]] [[""A"" 1]] [[""A"" 1]] [[""A"" 4]] [[""A"" 4]] [[""A"" 1]] [[""A"" 4]] [[""A"" 4]] [[""A"" 1]] [[""A"" 4]] [[""A"" 4]] [[""A"" 4]] [[""A"" 1]] [[""A"" 1]] [[""A"" 1]] [[""A"" 1]] [[""A"" 1]] [[""A"" 4]] [[""A"" 1]] [[""A"" 1]] [[""A"" 1]] [[""A"" 1]] [[""A"" 1]] [[""A"" 1]] [[""A"" 1]] [[""A"" 4]] [[""A"" 4]] [[""A"" 4]] [[""A"" 1]] [[""A"" 4]] [[""A"" 1]] [[""A"" 1]] [[""A"" 1]] [[""A"" 4]] [[""A"" 1]] [[""A"" 4]] [[""A"" 1]] [[""A"" 4]] [[""A"" 4]] [[""A"" 4]] [[""A"" 4]] [[""A"" 1]] [[""A"" 1]]]] [25 [[[""A"" 1]] [[""A"" 1]] [[""A"" 4]] [[""A"" 4]] [[""A"" 1]] [[""A"" 1]] [[""A"" 1]] [[""A"" 4]] [[""A"" 1]] [[""A"" 1]] [[""A"" 1]] [[""A"" 1]] [[""A"" 4]] [[""A"" 1]] [[""A"" 4]] [[""A"" 1]] [[""A"" 1]] [[""A"" 1]] [[""A"" 1]] [[""A"" 1]] [[""A"" 1]] [[""A"" 1]] [[""A"" 1]] [[""A"" 1]] [[""A"" 4]] [[""A"" 1]] [[""A"" 4]] [[""A"" 1]] [[""A"" 1]] [[""A"" 1]] [[""A"" 1]] [[""A"" 1]] [[""A"" 1]] [[""A"" 1]] [[""A"" 4]] [[""A"" 1]] [[""A"" 1]] [[""A"" 1]] [[""A"" 1]] [[""A"" 1]] [[""A"" 4]] [[""A"" 1]] [[""A"" 1]] [[""A"" 4]] [[""A"" 1]] [[""A"" 1]] [[""A"" 1]] [[""A"" 4]] [[""A"" 1]] [[""A"" 1]]]] [26 [[[""A"" 2]] [[""A"" 2]] [[""A"" 2]] [[""A"" 2]] [[""A"" 2]] [[""A"" 2]] [[""A"" 2]] [[""A"" 2]] [[""A"" 2]] [[""A"" 2]] [[""A"" 2]] [[""A"" 2]] [[""A"" 2]] [[""A"" 2]] [[""A"" 2]] [[""A"" 2]] [[""A"" 2]] [[""A"" 2]] [[""A"" 2]] [[""A"" 2]] [[""A"" 2]] [[""A"" 2]] [[""A"" 1]] [[""A"" 2]] [[""A"" 2]] [[""A"" 2]] [[""A"" 2]] [[""A"" 2]] [[""A"" 2]] [[""A"" 2]] [[""A"" 2]] [[""A"" 2]] [[""A"" 2]] [[""A"" 2]] [[""A"" 2]] [[""A"" 2]] [[""A"" 2]] [[""A"" 2]] [[""A"" 2]] [[""A"" 2]] [[""A"" 2]] [[""A"" 2]] [[""A"" 2]] [[""A"" 2]] [[""A"" 2]] [[""A"" 2]] [[""A"" 2]] [[""A"" 2]] [[""A"" 2]] [[""A"" 2]]]] [27 [[[""A"" 4]] [[""A"" 4]] [[""A"" 4]] [[""A"" 4]] [[""A"" 4]] [[""A"" 4]] [[""A"" 4]] [[""A"" 4]] [[""A"" 4]] [[""A"" 4]] [[""A"" 4]] [[""A"" 4]] [[""A"" 4]] [[""A"" 4]] [[""A"" 4]] [[""A"" 4]] [[""A"" 4]] [[""A"" 4]] [[""A"" 4]] [[""A"" 4]] [[""A"" 3]] [[""A"" 4]] [[""A"" 4]] [[""A"" 4]] [[""A"" 4]] [[""A"" 4]] [[""A"" 4]] [[""A"" 4]] [[""A"" 4]] [[""A"" 4]] [[""A"" 4]] [[""A"" 4]] [[""A"" 4]] [[""A"" 4]] [[""A"" 4]] [[""A"" 4]] [[""A"" 4]] [[""A"" 4]] [[""A"" 4]] [[""A"" 4]] [[""A"" 4]] [[""A"" 4]] [[""A"" 4]] [[""A"" 4]] [[""A"" 4]] [[""A"" 4]] [[""A"" 4]] [[""A"" 4]] [[""A"" 4]] [[""A"" 4]]]] [28 [[[""A"" 4]] [[""A"" 4]] [[""A"" 4]] [[""A"" 4]] [[""A"" 4]] [[""A"" 4]] [[""A"" 4]] [[""A"" 4]] [[""A"" 4]] [[""A"" 4]] [[""A"" 4]] [[""A"" 4]] [[""A"" 4]] [[""A"" 4]] [[""A"" 4]] [[""A"" 4]] [[""A"" 4]] [[""A"" 4]] [[""A"" 4]] [[""A"" 4]] [[""A"" 4]] [[""A"" 4]] [[""A"" 4]] [[""A"" 4]] [[""A"" 4]] [[""A"" 4]] [[""A"" 4]] [[""A"" 4]] [[""A"" 4]] [[""A"" 4]] [[""A"" 4]] [[""A"" 4]] [[""A"" 4]] [[""A"" 4]] [[""A"" 4]] [[""A"" 4]] [[""A"" 4]] [[""A"" 4]] [[""A"" 4]] [[""A"" 4]] [[""A"" 4]] [[""A"" 4]] [[""A"" 4]] [[""A"" 4]] [[""A"" 4]] [[""A"" 4]] [[""A"" 4]] [[""A"" 4]] [[""A"" 4]] [[""A"" 4]]]] [29 [[[""A"" 2]] [[""A"" 2]] [[""A"" 2]] [[""A"" 2]] [[""A"" 2]] [[""A"" 2]] [[""A"" 2]] [[""A"" 2]] [[""A"" 2]] [[""A"" 2]] [[""A"" 2]] [[""A"" 2]] [[""A"" 2]] [[""A"" 2]] [[""A"" 2]] [[""A"" 2]] [[""A"" 2]] [[""A"" 2]] [[""A"" 2]] [[""A"" 2]] [[""A"" 2]] [[""A"" 2]] [[""A"" 2]] [[""A"" 2]] [[""A"" 2]] [[""A"" 2]] [[""A"" 2]] [[""A"" 2]] [[""A"" 2]] [[""A"" 2]] [[""A"" 2]] [[""A"" 2]] [[""A"" 2]] [[""A"" 2]] [[""A"" 2]] [[""A"" 2]] [[""A"" 2]] [[""A"" 2]] [[""A"" 2]] [[""A"" 2]] [[""A"" 2]] [[""A"" 2]] [[""A"" 2]] [[""A"" 3]] [[""A"" 2]] [[""A"" 2]] [[""A"" 2]] [[""A"" 2]] [[""A"" 2]] [[""A"" 2]]]] [30 [[[""A"" 3]] [[""A"" 3]] [[""A"" 3]] [[""A"" 3]] [[""A"" 3]] [[""A"" 1]] [[""A"" 3]] [[""A"" 3]] [[""A"" 3]] [[""A"" 1]] [[""A"" 3]] [[""A"" 3]] [[""A"" 3]] [[""A"" 3]] [[""A"" 1]] [[""A"" 3]] [[""A"" 3]] [[""A"" 1]] [[""A"" 3]] [[""A"" 1]] [[""A"" 1]] [[""A"" 3]] [[""A"" 3]] [[""A"" 3]] [[""A"" 3]] [[""A"" 3]] [[""A"" 3]] [[""A"" 3]] [[""A"" 1]] [[""A"" 1]] [[""A"" 1]] [[""A"" 3]] [[""A"" 1]] [[""A"" 3]] [[""A"" 1]] [[""A"" 3]] [[""A"" 3]] [[""A"" 3]] [[""A"" 3]] [[""A"" 3]] [[""A"" 3]] [[""A"" 1]] [[""A"" 3]] [[""A"" 1]] [[""A"" 3]] [[""A"" 3]] [[""A"" 3]] [[""A"" 3]] [[""A"" 1]] [[""A"" 1]]]] [31 [[[""A"" 4]] [[""A"" 4]] [[""A"" 1]] [[""A"" 4]] [[""A"" 4]] [[""A"" 4]] [[""A"" 4]] [[""A"" 4]] [[""A"" 4]] [[""A"" 4]] [[""A"" 4]] [[""A"" 1]] [[""A"" 4]] [[""A"" 4]] [[""A"" 4]] [[""A"" 4]] [[""A"" 4]] [[""A"" 4]] [[""A"" 4]] [[""A"" 4]] [[""A"" 4]] [[""A"" 4]] [[""A"" 4]] [[""A"" 4]] [[""A"" 4]] [[""A"" 4]] [[""A"" 4]] [[""A"" 4]] [[""A"" 4]] [[""A"" 4]] [[""A"" 4]] [[""A"" 1]] [[""A"" 4]] [[""A"" 4]] [[""A"" 4]] [[""A"" 4]] [[""A"" 1]] [[""A"" 4]] [[""A"" 4]] [[""A"" 4]] [[""A"" 4]] [[""A"" 4]] [[""A"" 4]] [[""A"" 4]] [[""A"" 4]] [[""A"" 4]] [[""A"" 4]] [[""A"" 4]] [[""A"" 4]] [[""A"" 4]]]] [32 [[[""A"" 1]] [[""A"" 1]] [[""A"" 1]] [[""A"" 1]] [[""A"" 1]] [[""A"" 1]] [[""A"" 1]] [[""A"" 1]] [[""A"" 1]] [[""A"" 1]] [[""A"" 1]] [[""A"" 1]] [[""A"" 1]] [[""A"" 1]] [[""A"" 1]] [[""A"" 1]] [[""A"" 3]] [[""A"" 1]] [[""A"" 1]] [[""A"" 1]] [[""A"" 1]] [[""A"" 1]] [[""A"" 1]] [[""A"" 1]] [[""A"" 1]] [[""A"" 1]] [[""A"" 1]] [[""A"" 1]] [[""A"" 1]] [[""A"" 1]] [[""A"" 1]] [[""A"" 1]] [[""A"" 1]] [[""A"" 4]] [[""A"" 4]] [[""A"" 1]] [[""A"" 1]] [[""A"" 1]] [[""A"" 1]] [[""A"" 1]] [[""A"" 1]] [[""A"" 1]] [[""A"" 1]] [[""A"" 1]] [[""A"" 1]] [[""A"" 1]] [[""A"" 3]] [[""A"" 1]] [[""A"" 1]] [[""A"" 2]]]] [33 [[[""A"" 4]] [[""A"" 3]] [[""A"" 4]] [[""A"" 4]] [[""A"" 4]] [[""A"" 4]] [[""A"" 4]] [[""A"" 4]] [[""A"" 4]] [[""A"" 4]] [[""A"" 4]] [[""A"" 4]] [[""A"" 4]] [[""A"" 4]] [[""A"" 4]] [[""A"" 3]] [[""A"" 4]] [[""A"" 4]] [[""A"" 4]] [[""A"" 4]] [[""A"" 4]] [[""A"" 4]] [[""A"" 4]] [[""A"" 4]] [[""A"" 4]] [[""A"" 4]] [[""A"" 4]] [[""A"" 4]] [[""A"" 4]] [[""A"" 4]] [[""A"" 4]] [[""A"" 4]] [[""A"" 4]] [[""A"" 4]] [[""A"" 4]] [[""A"" 4]] [[""A"" 4]] [[""A"" 4]] [[""A"" 4]] [[""A"" 4]] [[""A"" 4]] [[""A"" 4]] [[""A"" 4]] [[""A"" 4]] [[""A"" 4]] [[""A"" 4]] [[""A"" 4]] [[""A"" 4]] [[""A"" 4]] [[""A"" 4]]]] [34 [[[""A"" 1]] [[""A"" 1]] [[""A"" 1]] [[""A"" 1]] [[""A"" 4]] [[""A"" 1]] [[""A"" 4]] [[""A"" 1]] [[""A"" 4]] [[""A"" 4]] [[""A"" 4]] [[""A"" 1]] [[""A"" 4]] [[""A"" 4]] [[""A"" 4]] [[""A"" 1]] [[""A"" 4]] [[""A"" 1]] [[""A"" 4]] [[""A"" 4]] [[""A"" 4]] [[""A"" 1]] [[""A"" 4]] [[""A"" 1]] [[""A"" 4]] [[""A"" 1]] [[""A"" 4]] [[""A"" 4]] [[""A"" 4]] [[""A"" 1]] [[""A"" 4]] [[""A"" 1]] [[""A"" 1]] [[""A"" 1]] [[""A"" 1]] [[""A"" 4]] [[""A"" 1]] [[""A"" 4]] [[""A"" 1]] [[""A"" 1]] [[""A"" 4]] [[""A"" 1]] [[""A"" 4]] [[""A"" 4]] [[""A"" 1]] [[""A"" 4]] [[""A"" 4]] [[""A"" 4]] [[""A"" 1]] [[""A"" 1]]]] [35 [[[""A"" 4]] [[""A"" 4]] [[""A"" 4]] [[""A"" 4]] [[""A"" 2]] [[""A"" 4]] [[""A"" 4]] [[""A"" 4]] [[""A"" 2]] [[""A"" 4]] [[""A"" 4]] [[""A"" 4]] [[""A"" 4]] [[""A"" 4]] [[""A"" 4]] [[""A"" 2]] [[""A"" 4]] [[""A"" 2]] [[""A"" 4]] [[""A"" 2]] [[""A"" 4]] [[""A"" 4]] [[""A"" 4]] [[""A"" 4]] [[""A"" 4]] [[""A"" 4]] [[""A"" 4]] [[""A"" 4]] [[""A"" 4]] [[""A"" 4]] [[""A"" 4]] [[""A"" 4]] [[""A"" 2]] [[""A"" 4]] [[""A"" 4]] [[""A"" 4]] [[""A"" 4]] [[""A"" 4]] [[""A"" 4]] [[""A"" 4]] [[""A"" 4]] [[""A"" 2]] [[""A"" 4]] [[""A"" 4]] [[""A"" 4]] [[""A"" 4]] [[""A"" 4]] [[""A"" 4]] [[""A"" 4]] [[""A"" 4]]]] [36 [[[""A"" 4]] [[""A"" 1]] [[""A"" 1]] [[""A"" 4]] [[""A"" 1]] [[""A"" 4]] [[""A"" 1]] [[""A"" 1]] [[""A"" 4]] [[""A"" 4]] [[""A"" 4]] [[""A"" 4]] [[""A"" 1]] [[""A"" 4]] [[""A"" 4]] [[""A"" 4]] [[""A"" 4]] [[""A"" 4]] [[""A"" 1]] [[""A"" 4]] [[""A"" 4]] [[""A"" 1]] [[""A"" 1]] [[""A"" 4]] [[""A"" 4]] [[""A"" 1]] [[""A"" 1]] [[""A"" 1]] [[""A"" 1]] [[""A"" 1]] [[""A"" 4]] [[""A"" 1]] [[""A"" 1]] [[""A"" 1]] [[""A"" 1]] [[""A"" 1]] [[""A"" 4]] [[""A"" 4]] [[""A"" 4]] [[""A"" 4]] [[""A"" 1]] [[""A"" 4]] [[""A"" 4]] [[""A"" 1]] [[""A"" 1]] [[""A"" 1]] [[""A"" 4]] [[""A"" 4]] [[""A"" 1]] [[""A"" 1]]]] [37 [[[""A"" 4]] [[""A"" 2]] [[""A"" 4]] [[""A"" 4]] [[""A"" 4]] [[""A"" 4]] [[""A"" 4]] [[""A"" 4]] [[""A"" 2]] [[""A"" 4]] [[""A"" 4]] [[""A"" 4]] [[""A"" 4]] [[""A"" 4]] [[""A"" 2]] [[""A"" 4]] [[""A"" 4]] [[""A"" 4]] [[""A"" 2]] [[""A"" 2]] [[""A"" 4]] [[""A"" 4]] [[""A"" 2]] [[""A"" 4]] [[""A"" 4]] [[""A"" 4]] [[""A"" 2]] [[""A"" 4]] [[""A"" 2]] [[""A"" 4]] [[""A"" 2]] [[""A"" 2]] [[""A"" 4]] [[""A"" 2]] [[""A"" 4]] [[""A"" 4]] [[""A"" 2]] [[""A"" 2]] [[""A"" 4]] [[""A"" 4]] [[""A"" 4]] [[""A"" 2]] [[""A"" 4]] [[""A"" 4]] [[""A"" 4]] [[""A"" 2]] [[""A"" 2]] [[""A"" 4]] [[""A"" 4]] [[""A"" 4]]]] [38 [[[""A"" 3]] [[""A"" 3]] [[""A"" 3]] [[""A"" 3]] [[""A"" 3]] [[""A"" 3]] [[""A"" 3]] [[""A"" 3]] [[""A"" 3]] [[""A"" 3]] [[""A"" 3]] [[""A"" 3]] [[""A"" 3]] [[""A"" 3]] [[""A"" 3]] [[""A"" 3]] [[""A"" 4]] [[""A"" 3]] [[""A"" 3]] [[""A"" 3]] [[""A"" 3]] [[""A"" 3]] [[""A"" 3]] [[""A"" 3]] [[""A"" 3]] [[""A"" 3]] [[""A"" 3]] [[""A"" 3]] [[""A"" 3]] [[""A"" 3]] [[""A"" 3]] [[""A"" 3]] [[""A"" 3]] [[""A"" 3]] [[""A"" 3]] [[""A"" 3]] [[""A"" 3]] [[""A"" 3]] [[""A"" 3]] [[""A"" 3]] [[""A"" 3]] [[""A"" 3]] [[""A"" 3]] [[""A"" 3]] [[""A"" 3]] [[""A"" 3]] [[""A"" 3]] [[""A"" 3]] [[""A"" 3]] [[""A"" 3]]]] [39 [[[""A"" 4]] [[""A"" 4]] [[""A"" 4]] [[""A"" 4]] [[""A"" 4]] [[""A"" 4]] [[""A"" 4]] [[""A"" 4]] [[""A"" 4]] [[""A"" 4]] [[""A"" 4]] [[""A"" 4]] [[""A"" 4]] [[""A"" 4]] [[""A"" 4]] [[""A"" 4]] [[""A"" 4]] [[""A"" 4]] [[""A"" 4]] [[""A"" 4]] [[""A"" 4]] [[""A"" 4]] [[""A"" 4]] [[""A"" 4]] [[""A"" 4]] [[""A"" 4]] [[""A"" 4]] [[""A"" 4]] [[""A"" 4]] [[""A"" 4]] [[""A"" 4]] [[""A"" 4]] [[""A"" 4]] [[""A"" 4]] [[""A"" 4]] [[""A"" 4]] [[""A"" 4]] [[""A"" 4]] [[""A"" 4]] [[""A"" 4]] [[""A"" 4]] [[""A"" 4]] [[""A"" 4]] [[""A"" 4]] [[""A"" 3]] [[""A"" 4]] [[""A"" 4]] [[""A"" 4]] [[""A"" 4]] [[""A"" 4]]]] [40 [[[""A"" 4]] [[""A"" 3]] [[""A"" 4]] [[""A"" 4]] [[""A"" 4]] [[""A"" 4]] [[""A"" 4]] [[""A"" 4]] [[""A"" 4]] [[""A"" 4]] [[""A"" 4]] [[""A"" 4]] [[""A"" 4]] [[""A"" 4]] [[""A"" 4]] [[""A"" 4]] [[""A"" 4]] [[""A"" 4]] [[""A"" 4]] [[""A"" 4]] [[""A"" 4]] [[""A"" 4]] [[""A"" 4]] [[""A"" 4]] [[""A"" 4]] [[""A"" 4]] [[""A"" 4]] [[""A"" 4]] [[""A"" 4]] [[""A"" 4]] [[""A"" 4]] [[""A"" 4]] [[""A"" 4]] [[""A"" 4]] [[""A"" 4]] [[""A"" 4]] [[""A"" 4]] [[""A"" 4]] [[""A"" 4]] [[""A"" 4]] [[""A"" 2]] [[""A"" 4]] [[""A"" 4]] [[""A"" 4]] [[""A"" 4]] [[""A"" 4]] [[""A"" 4]] [[""A"" 4]] [[""A"" 4]] [[""A"" 4]]]] [41 [[[""A"" 4]] [[""A"" 4]] [[""A"" 4]] [[""A"" 4]] [[""A"" 4]] [[""A"" 4]] [[""A"" 4]] [[""A"" 3]] [[""A"" 4]] [[""A"" 4]] [[""A"" 4]] [[""A"" 4]] [[""A"" 4]] [[""A"" 4]] [[""A"" 4]] [[""A"" 4]] [[""A"" 4]] [[""A"" 4]] [[""A"" 4]] [[""A"" 4]] [[""A"" 4]] [[""A"" 4]] [[""A"" 4]] [[""A"" 4]] [[""A"" 4]] [[""A"" 4]] [[""A"" 3]] [[""A"" 4]] [[""A"" 4]] [[""A"" 4]] [[""A"" 4]] [[""A"" 4]] [[""A"" 4]] [[""A"" 4]] [[""A"" 4]] [[""A"" 4]] [[""A"" 4]] [[""A"" 4]] [[""A"" 4]] [[""A"" 4]] [[""A"" 4]] [[""A"" 4]] [[""A"" 4]] [[""A"" 4]] [[""A"" 4]] [[""A"" 4]] [[""A"" 4]] [[""A"" 4]] [[""A"" 4]] [[""A"" 4]]]] [42 [[[""A"" 4]] [[""A"" 4]] [[""A"" 4]] [[""A"" 4]] [[""A"" 4]] [[""A"" 4]] [[""A"" 4]] [[""A"" 4]] [[""A"" 4]] [[""A"" 4]] [[""A"" 4]] [[""A"" 4]] [[""A"" 4]] [[""A"" 4]] [[""A"" 4]] [[""A"" 4]] [[""A"" 4]] [[""A"" 4]] [[""A"" 4]] [[""A"" 4]] [[""A"" 4]] [[""A"" 4]] [[""A"" 4]] [[""A"" 4]] [[""A"" 4]] [[""A"" 4]] [[""A"" 4]] [[""A"" 4]] [[""A"" 4]] [[""A"" 4]] [[""A"" 4]] [[""A"" 4]] [[""A"" 3]] [[""A"" 4]] [[""A"" 4]] [[""A"" 4]] [[""A"" 4]] [[""A"" 4]] [[""A"" 4]] [[""A"" 4]] [[""A"" 4]] [[""A"" 4]] [[""A"" 4]] [[""A"" 4]] [[""A"" 4]] [[""A"" 4]] [[""A"" 4]] [[""A"" 4]] [[""A"" 4]] [[""A"" 4]]]] [43 [[[""A"" 3]] [[""A"" 3]] [[""A"" 3]] [[""A"" 3]] [[""A"" 3]] [[""A"" 3]] [[""A"" 3]] [[""A"" 3]] [[""A"" 3]] [[""A"" 3]] [[""A"" 3]] [[""A"" 3]] [[""A"" 3]] [[""A"" 3]] [[""A"" 3]] [[""A"" 3]] [[""A"" 3]] [[""A"" 3]] [[""A"" 3]] [[""A"" 3]] [[""A"" 3]] [[""A"" 3]] [[""A"" 3]] [[""A"" 3]] [[""A"" 3]] [[""A"" 3]] [[""A"" 3]] [[""A"" 3]] [[""A"" 3]] [[""A"" 3]] [[""A"" 3]] [[""A"" 3]] [[""A"" 3]] [[""A"" 3]] [[""A"" 3]] [[""A"" 3]] [[""A"" 3]] [[""A"" 3]] [[""A"" 3]] [[""A"" 3]] [[""A"" 3]] [[""A"" 3]] [[""A"" 3]] [[""A"" 3]] [[""A"" 3]] [[""A"" 3]] [[""A"" 3]] [[""A"" 3]] [[""A"" 3]] [[""A"" 3]]]] [44 [[[""A"" 4]] [[""A"" 4]] [[""A"" 4]] [[""A"" 4]] [[""A"" 2]] [[""A"" 2]] [[""A"" 2]] [[""A"" 2]] [[""A"" 2]] [[""A"" 2]] [[""A"" 2]] [[""A"" 2]] [[""A"" 2]] [[""A"" 2]] [[""A"" 4]] [[""A"" 2]] [[""A"" 2]] [[""A"" 4]] [[""A"" 2]] [[""A"" 2]] [[""A"" 4]] [[""A"" 2]] [[""A"" 4]] [[""A"" 2]] [[""A"" 4]] [[""A"" 2]] [[""A"" 2]] [[""A"" 4]] [[""A"" 2]] [[""A"" 2]] [[""A"" 2]] [[""A"" 2]] [[""A"" 4]] [[""A"" 2]] [[""A"" 2]] [[""A"" 4]] [[""A"" 2]] [[""A"" 4]] [[""A"" 2]] [[""A"" 2]] [[""A"" 2]] [[""A"" 4]] [[""A"" 2]] [[""A"" 2]] [[""A"" 4]] [[""A"" 2]] [[""A"" 2]] [[""A"" 2]] [[""A"" 2]] [[""A"" 2]]]] [45 [[[""A"" 4]] [[""A"" 4]] [[""A"" 4]] [[""A"" 4]] [[""A"" 4]] [[""A"" 4]] [[""A"" 4]] [[""A"" 4]] [[""A"" 4]] [[""A"" 4]] [[""A"" 4]] [[""A"" 4]] [[""A"" 4]] [[""A"" 4]] [[""A"" 4]] [[""A"" 4]] [[""A"" 4]] [[""A"" 4]] [[""A"" 4]] [[""A"" 4]] [[""A"" 4]] [[""A"" 4]] [[""A"" 4]] [[""A"" 4]] [[""A"" 4]] [[""A"" 4]] [[""A"" 4]] [[""A"" 4]] [[""A"" 4]] [[""A"" 4]] [[""A"" 4]] [[""A"" 4]] [[""A"" 4]] [[""A"" 4]] [[""A"" 4]] [[""A"" 4]] [[""A"" 4]] [[""A"" 4]] [[""A"" 4]] [[""A"" 4]] [[""A"" 4]] [[""A"" 4]] [[""A"" 4]] [[""A"" 4]] [[""A"" 4]] [[""A"" 4]] [[""A"" 4]] [[""A"" 4]] [[""A"" 4]] [[""A"" 4]]]] [46 [[[""A"" 4]] [[""A"" 3]] [[""A"" 4]] [[""A"" 4]] [[""A"" 4]] [[""A"" 4]] [[""A"" 4]] [[""A"" 3]] [[""A"" 4]] [[""A"" 4]] [[""A"" 4]] [[""A"" 4]] [[""A"" 3]] [[""A"" 4]] [[""A"" 4]] [[""A"" 4]] [[""A"" 4]] [[""A"" 4]] [[""A"" 4]] [[""A"" 4]] [[""A"" 4]] [[""A"" 4]] [[""A"" 4]] [[""A"" 4]] [[""A"" 4]] [[""A"" 4]] [[""A"" 4]] [[""A"" 4]] [[""A"" 4]] [[""A"" 4]] [[""A"" 4]] [[""A"" 4]] [[""A"" 4]] [[""A"" 4]] [[""A"" 4]] [[""A"" 4]] [[""A"" 4]] [[""A"" 4]] [[""A"" 4]] [[""A"" 4]] [[""A"" 4]] [[""A"" 4]] [[""A"" 4]] [[""A"" 4]] [[""A"" 4]] [[""A"" 4]] [[""A"" 4]] [[""A"" 4]] [[""A"" 4]] [[""A"" 4]]]] [47 [[[""A"" 1]] [[""A"" 1]] [[""A"" 4]] [[""A"" 4]] [[""A"" 4]] [[""A"" 4]] [[""A"" 3]] [[""A"" 4]] [[""A"" 4]] [[""A"" 1]] [[""A"" 4]] [[""A"" 4]] [[""A"" 4]] [[""A"" 4]] [[""A"" 4]] [[""A"" 4]] [[""A"" 4]] [[""A"" 4]] [[""A"" 4]] [[""A"" 1]] [[""A"" 4]] [[""A"" 4]] [[""A"" 4]] [[""A"" 1]] [[""A"" 1]] [[""A"" 4]] [[""A"" 4]] [[""A"" 4]] [[""A"" 4]] [[""A"" 4]] [[""A"" 4]] [[""A"" 4]] [[""A"" 4]] [[""A"" 1]] [[""A"" 1]] [[""A"" 4]] [[""A"" 1]] [[""A"" 4]] [[""A"" 4]] [[""A"" 4]] [[""A"" 4]] [[""A"" 4]] [[""A"" 4]] [[""A"" 4]] [[""A"" 4]] [[""A"" 4]] [[""A"" 1]] [[""A"" 4]] [[""A"" 1]] [[""A"" 1]]]] [48 [[[""A"" 4]] [[""A"" 4]] [[""A"" 4]] [[""A"" 4]] [[""A"" 4]] [[""A"" 4]] [[""A"" 4]] [[""A"" 2]] [[""A"" 2]] [[""A"" 4]] [[""A"" 4]] [[""A"" 4]] [[""A"" 4]] [[""A"" 4]] [[""A"" 4]] [[""A"" 4]] [[""A"" 4]] [[""A"" 4]] [[""A"" 4]] [[""A"" 2]] [[""A"" 2]] [[""A"" 4]] [[""A"" 2]] [[""A"" 4]] [[""A"" 4]] [[""A"" 4]] [[""A"" 2]] [[""A"" 4]] [[""A"" 4]] [[""A"" 4]] [[""A"" 4]] [[""A"" 4]] [[""A"" 4]] [[""A"" 2]] [[""A"" 4]] [[""A"" 4]] [[""A"" 4]] [[""A"" 4]] [[""A"" 2]] [[""A"" 4]] [[""A"" 2]] [[""A"" 4]] [[""A"" 4]] [[""A"" 2]] [[""A"" 4]] [[""A"" 4]] [[""A"" 4]] [[""A"" 4]] [[""A"" 4]] [[""A"" 4]]]] [49 [[[""A"" 4]] [[""A"" 2]] [[""A"" 2]] [[""A"" 4]] [[""A"" 2]] [[""A"" 4]] [[""A"" 4]] [[""A"" 2]] [[""A"" 4]] [[""A"" 4]] [[""A"" 4]] [[""A"" 2]] [[""A"" 4]] [[""A"" 4]] [[""A"" 4]] [[""A"" 2]] [[""A"" 4]] [[""A"" 4]] [[""A"" 4]] [[""A"" 4]] [[""A"" 4]] [[""A"" 4]] [[""A"" 4]] [[""A"" 2]] [[""A"" 2]] [[""A"" 2]] [[""A"" 4]] [[""A"" 4]] [[""A"" 2]] [[""A"" 2]] [[""A"" 2]] [[""A"" 4]] [[""A"" 2]] [[""A"" 4]] [[""A"" 4]] [[""A"" 2]] [[""A"" 2]] [[""A"" 2]] [[""A"" 4]] [[""A"" 4]] [[""A"" 2]] [[""A"" 2]] [[""A"" 4]] [[""A"" 4]] [[""A"" 2]] [[""A"" 2]] [[""A"" 4]] [[""A"" 4]] [[""A"" 2]] [[""A"" 4]]]] [50 [[[""A"" 3]] [[""A"" 3]] [[""A"" 3]] [[""A"" 3]] [[""A"" 3]] [[""A"" 3]] [[""A"" 3]] [[""A"" 3]] [[""A"" 3]] [[""A"" 3]] [[""A"" 3]] [[""A"" 3]] [[""A"" 3]] [[""A"" 3]] [[""A"" 3]] [[""A"" 3]] [[""A"" 3]] [[""A"" 3]] [[""A"" 3]] [[""A"" 3]] [[""A"" 2]] [[""A"" 3]] [[""A"" 3]] [[""A"" 3]] [[""A"" 3]] [[""A"" 3]] [[""A"" 3]] [[""A"" 3]] [[""A"" 3]] [[""A"" 3]] [[""A"" 3]] [[""A"" 2]] [[""A"" 3]] [[""A"" 3]] [[""A"" 3]] [[""A"" 3]] [[""A"" 3]] [[""A"" 3]] [[""A"" 3]] [[""A"" 3]] [[""A"" 3]] [[""A"" 3]] [[""A"" 3]] [[""A"" 3]] [[""A"" 3]] [[""A"" 3]] [[""A"" 3]] [[""A"" 3]] [[""A"" 3]] [[""A"" 3]]]] [51 [[[""A"" 3]] [[""A"" 3]] [[""A"" 3]] [[""A"" 3]] [[""A"" 3]] [[""A"" 3]] [[""A"" 3]] [[""A"" 3]] [[""A"" 3]] [[""A"" 3]] [[""A"" 3]] [[""A"" 3]] [[""A"" 3]] [[""A"" 3]] [[""A"" 3]] [[""A"" 3]] [[""A"" 3]] [[""A"" 3]] [[""A"" 3]] [[""A"" 3]] [[""A"" 3]] [[""A"" 3]] [[""A"" 3]] [[""A"" 3]] [[""A"" 3]] [[""A"" 3]] [[""A"" 3]] [[""A"" 3]] [[""A"" 3]] [[""A"" 3]] [[""A"" 3]] [[""A"" 3]] [[""A"" 3]] [[""A"" 3]] [[""A"" 3]] [[""A"" 3]] [[""A"" 3]] [[""A"" 3]] [[""A"" 3]] [[""A"" 3]] [[""A"" 3]] [[""A"" 3]] [[""A"" 3]] [[""A"" 3]] [[""A"" 3]] [[""A"" 3]] [[""A"" 3]] [[""A"" 3]] [[""A"" 3]] [[""A"" 3]]]] [52 [[[""A"" 3]] [[""A"" 3]] [[""A"" 3]] [[""A"" 3]] [[""A"" 3]] [[""A"" 3]] [[""A"" 3]] [[""A"" 3]] [[""A"" 3]] [[""A"" 3]] [[""A"" 3]] [[""A"" 3]] [[""A"" 3]] [[""A"" 3]] [[""A"" 3]] [[""A"" 1]] [[""A"" 3]] [[""A"" 3]] [[""A"" 3]] [[""A"" 3]] [[""A"" 3]] [[""A"" 3]] [[""A"" 3]] [[""A"" 3]] [[""A"" 3]] [[""A"" 3]] [[""A"" 1]] [[""A"" 3]] [[""A"" 3]] [[""A"" 3]] [[""A"" 1]] [[""A"" 3]] [[""A"" 3]] [[""A"" 3]] [[""A"" 3]] [[""A"" 3]] [[""A"" 3]] [[""A"" 1]] [[""A"" 3]] [[""A"" 3]] [[""A"" 3]] [[""A"" 3]] [[""A"" 1]] [[""A"" 3]] [[""A"" 1]] [[""A"" 3]] [[""A"" 3]] [[""A"" 3]] [[""A"" 1]] [[""A"" 3]]]] [53 [[[""A"" 1]] [[""A"" 1]] [[""A"" 4]] [[""A"" 4]] [[""A"" 1]] [[""A"" 1]] [[""A"" 1]] [[""A"" 1]] [[""A"" 1]] [[""A"" 4]] [[""A"" 4]] [[""A"" 4]] [[""A"" 1]] [[""A"" 1]] [[""A"" 1]] [[""A"" 4]] [[""A"" 1]] [[""A"" 1]] [[""A"" 1]] [[""A"" 1]] [[""A"" 1]] [[""A"" 4]] [[""A"" 1]] [[""A"" 1]] [[""A"" 4]] [[""A"" 1]] [[""A"" 1]] [[""A"" 1]] [[""A"" 1]] [[""A"" 1]] [[""A"" 1]] [[""A"" 4]] [[""A"" 1]] [[""A"" 1]] [[""A"" 1]] [[""A"" 1]] [[""A"" 1]] [[""A"" 4]] [[""A"" 1]] [[""A"" 4]] [[""A"" 4]] [[""A"" 4]] [[""A"" 1]] [[""A"" 4]] [[""A"" 1]] [[""A"" 1]] [[""A"" 1]] [[""A"" 1]] [[""A"" 1]] [[""A"" 1]]]] [54 [[[""A"" 3]] [[""A"" 3]] [[""A"" 4]] [[""A"" 3]] [[""A"" 3]] [[""A"" 3]] [[""A"" 3]] [[""A"" 3]] [[""A"" 3]] [[""A"" 3]] [[""A"" 3]] [[""A"" 3]] [[""A"" 3]] [[""A"" 3]] [[""A"" 3]] [[""A"" 3]] [[""A"" 3]] [[""A"" 3]] [[""A"" 3]] [[""A"" 3]] [[""A"" 3]] [[""A"" 3]] [[""A"" 3]] [[""A"" 3]] [[""A"" 3]] [[""A"" 3]] [[""A"" 3]] [[""A"" 3]] [[""A"" 3]] [[""A"" 3]] [[""A"" 3]] [[""A"" 3]] [[""A"" 3]] [[""A"" 3]] [[""A"" 3]] [[""A"" 3]] [[""A"" 3]] [[""A"" 3]] [[""A"" 3]] [[""A"" 3]] [[""A"" 3]] [[""A"" 3]] [[""A"" 3]] [[""A"" 3]] [[""A"" 3]] [[""A"" 3]] [[""A"" 3]] [[""A"" 3]] [[""A"" 3]] [[""A"" 3]]]] [55 [[[""A"" 4]] [[""A"" 4]] [[""A"" 2]] [[""A"" 4]] [[""A"" 4]] [[""A"" 4]] [[""A"" 2]] [[""A"" 2]] [[""A"" 4]] [[""A"" 4]] [[""A"" 2]] [[""A"" 4]] [[""A"" 2]] [[""A"" 4]] [[""A"" 4]] [[""A"" 4]] [[""A"" 4]] [[""A"" 4]] [[""A"" 4]] [[""A"" 4]] [[""A"" 4]] [[""A"" 2]] [[""A"" 4]] [[""A"" 4]] [[""A"" 4]] [[""A"" 4]] [[""A"" 4]] [[""A"" 4]] [[""A"" 2]] [[""A"" 4]] [[""A"" 1]] [[""A"" 4]] [[""A"" 2]] [[""A"" 4]] [[""A"" 4]] [[""A"" 4]] [[""A"" 4]] [[""A"" 4]] [[""A"" 4]] [[""A"" 2]] [[""A"" 2]] [[""A"" 2]] [[""A"" 4]] [[""A"" 4]] [[""A"" 2]] [[""A"" 4]] [[""A"" 2]] [[""A"" 4]] [[""A"" 4]] [[""A"" 4]]]] [56 [[[""A"" 3]] [[""A"" 3]] [[""A"" 3]] [[""A"" 3]] [[""A"" 3]] [[""A"" 3]] [[""A"" 3]] [[""A"" 3]] [[""A"" 1]] [[""A"" 3]] [[""A"" 3]] [[""A"" 3]] [[""A"" 1]] [[""A"" 3]] [[""A"" 1]] [[""A"" 3]] [[""A"" 3]] [[""A"" 3]] [[""A"" 3]] [[""A"" 3]] [[""A"" 3]] [[""A"" 1]] [[""A"" 3]] [[""A"" 1]] [[""A"" 3]] [[""A"" 3]] [[""A"" 3]] [[""A"" 3]] [[""A"" 3]] [[""A"" 3]] [[""A"" 3]] [[""A"" 3]] [[""A"" 3]] [[""A"" 3]] [[""A"" 3]] [[""A"" 3]] [[""A"" 3]] [[""A"" 3]] [[""A"" 3]] [[""A"" 3]] [[""A"" 3]] [[""A"" 3]] [[""A"" 3]] [[""A"" 3]] [[""A"" 3]] [[""A"" 3]] [[""A"" 3]] [[""A"" 1]] [[""A"" 3]] [[""A"" 3]]]] [57 [[[""A"" 3]] [[""A"" 3]] [[""A"" 3]] [[""A"" 3]] [[""A"" 3]] [[""A"" 3]] [[""A"" 3]] [[""A"" 3]] [[""A"" 3]] [[""A"" 3]] [[""A"" 3]] [[""A"" 3]] [[""A"" 3]] [[""A"" 3]] [[""A"" 3]] [[""A"" 3]] [[""A"" 3]] [[""A"" 3]] [[""A"" 3]] [[""A"" 3]] [[""A"" 3]] [[""A"" 3]] [[""A"" 3]] [[""A"" 3]] [[""A"" 3]] [[""A"" 3]] [[""A"" 3]] [[""A"" 3]] [[""A"" 3]] [[""A"" 3]] [[""A"" 3]] [[""A"" 3]] [[""A"" 3]] [[""A"" 3]] [[""A"" 3]] [[""A"" 3]] [[""A"" 3]] [[""A"" 3]] [[""A"" 3]] [[""A"" 3]] [[""A"" 3]] [[""A"" 3]] [[""A"" 3]] [[""A"" 2]] [[""A"" 3]] [[""A"" 3]] [[""A"" 3]] [[""A"" 3]] [[""A"" 3]] [[""A"" 3]]]] [58 [[[""A"" 4]] [[""A"" 4]] [[""A"" 4]] [[""A"" 4]] [[""A"" 4]] [[""A"" 4]] [[""A"" 4]] [[""A"" 4]] [[""A"" 4]] [[""A"" 4]] [[""A"" 4]] [[""A"" 4]] [[""A"" 4]] [[""A"" 4]] [[""A"" 4]] [[""A"" 4]] [[""A"" 4]] [[""A"" 4]] [[""A"" 4]] [[""A"" 4]] [[""A"" 4]] [[""A"" 4]] [[""A"" 4]] [[""A"" 4]] [[""A"" 4]] [[""A"" 4]] [[""A"" 4]] [[""A"" 4]] [[""A"" 4]] [[""A"" 4]] [[""A"" 4]] [[""A"" 4]] [[""A"" 4]] [[""A"" 4]] [[""A"" 4]] [[""A"" 4]] [[""A"" 4]] [[""A"" 4]] [[""A"" 4]] [[""A"" 4]] [[""A"" 4]] [[""A"" 4]] [[""A"" 4]] [[""A"" 4]] [[""A"" 4]] [[""A"" 4]] [[""A"" 4]] [[""A"" 4]] [[""A"" 4]] [[""A"" 4]]]] [59 [[[""A"" 3]] [[""A"" 3]] [[""A"" 3]] [[""A"" 3]] [[""A"" 3]] [[""A"" 3]] [[""A"" 3]] [[""A"" 3]] [[""A"" 3]] [[""A"" 3]] [[""A"" 3]] [[""A"" 3]] [[""A"" 3]] [[""A"" 3]] [[""A"" 3]] [[""A"" 3]] [[""A"" 3]] [[""A"" 3]] [[""A"" 3]] [[""A"" 3]] [[""A"" 3]] [[""A"" 3]] [[""A"" 3]] [[""A"" 3]] [[""A"" 3]] [[""A"" 3]] [[""A"" 3]] [[""A"" 3]] [[""A"" 3]] [[""A"" 3]] [[""A"" 3]] [[""A"" 3]] [[""A"" 3]] [[""A"" 3]] [[""A"" 3]] [[""A"" 3]] [[""A"" 3]] [[""A"" 3]] [[""A"" 3]] [[""A"" 3]] [[""A"" 3]] [[""A"" 3]] [[""A"" 3]] [[""A"" 3]] [[""A"" 2]] [[""A"" 3]] [[""A"" 3]] [[""A"" 3]] [[""A"" 3]] [[""A"" 3]]]] [60 [[[""A"" 1]] [[""A"" 1]] [[""A"" 1]] [[""A"" 3]] [[""A"" 3]] [[""A"" 3]] [[""A"" 1]] [[""A"" 3]] [[""A"" 1]] [[""A"" 1]] [[""A"" 1]] [[""A"" 3]] [[""A"" 3]] [[""A"" 1]] [[""A"" 1]] [[""A"" 3]] [[""A"" 3]] [[""A"" 1]] [[""A"" 3]] [[""A"" 3]] [[""A"" 1]] [[""A"" 3]] [[""A"" 3]] [[""A"" 3]] [[""A"" 3]] [[""A"" 3]] [[""A"" 3]] [[""A"" 1]] [[""A"" 1]] [[""A"" 3]] [[""A"" 3]] [[""A"" 3]] [[""A"" 1]] [[""A"" 1]] [[""A"" 1]] [[""A"" 1]] [[""A"" 1]] [[""A"" 1]] [[""A"" 3]] [[""A"" 3]] [[""A"" 3]] [[""A"" 1]] [[""A"" 3]] [[""A"" 3]] [[""A"" 3]] [[""A"" 1]] [[""A"" 3]] [[""A"" 1]] [[""A"" 1]] [[""A"" 1]]]] [61 [[[""A"" 4]] [[""A"" 4]] [[""A"" 4]] [[""A"" 2]] [[""A"" 2]] [[""A"" 4]] [[""A"" 4]] [[""A"" 2]] [[""A"" 2]] [[""A"" 4]] [[""A"" 4]] [[""A"" 4]] [[""A"" 2]] [[""A"" 2]] [[""A"" 4]] [[""A"" 4]] [[""A"" 2]] [[""A"" 4]] [[""A"" 4]] [[""A"" 2]] [[""A"" 4]] [[""A"" 2]] [[""A"" 2]] [[""A"" 2]] [[""A"" 4]] [[""A"" 2]] [[""A"" 4]] [[""A"" 4]] [[""A"" 2]] [[""A"" 4]] [[""A"" 4]] [[""A"" 2]] [[""A"" 2]] [[""A"" 2]] [[""A"" 4]] [[""A"" 2]] [[""A"" 2]] [[""A"" 4]] [[""A"" 4]] [[""A"" 4]] [[""A"" 4]] [[""A"" 4]] [[""A"" 2]] [[""A"" 4]] [[""A"" 4]] [[""A"" 2]] [[""A"" 4]] [[""A"" 4]] [[""A"" 4]] [[""A"" 2]]]] [62 [[[""A"" 3]] [[""A"" 1]] [[""A"" 1]] [[""A"" 3]] [[""A"" 1]] [[""A"" 1]] [[""A"" 3]] [[""A"" 1]] [[""A"" 3]] [[""A"" 1]] [[""A"" 3]] [[""A"" 3]] [[""A"" 3]] [[""A"" 3]] [[""A"" 3]] [[""A"" 1]] [[""A"" 1]] [[""A"" 1]] [[""A"" 1]] [[""A"" 1]] [[""A"" 3]] [[""A"" 3]] [[""A"" 1]] [[""A"" 1]] [[""A"" 3]] [[""A"" 3]] [[""A"" 3]] [[""A"" 1]] [[""A"" 3]] [[""A"" 1]] [[""A"" 3]] [[""A"" 1]] [[""A"" 1]] [[""A"" 3]] [[""A"" 3]] [[""A"" 1]] [[""A"" 3]] [[""A"" 1]] [[""A"" 3]] [[""A"" 1]] [[""A"" 1]] [[""A"" 3]] [[""A"" 1]] [[""A"" 1]] [[""A"" 1]] [[""A"" 3]] [[""A"" 3]] [[""A"" 3]] [[""A"" 3]] [[""A"" 1]]]] [63 [[[""A"" 4]] [[""A"" 4]] [[""A"" 4]] [[""A"" 4]] [[""A"" 4]] [[""A"" 4]] [[""A"" 4]] [[""A"" 4]] [[""A"" 4]] [[""A"" 4]] [[""A"" 4]] [[""A"" 4]] [[""A"" 4]] [[""A"" 4]] [[""A"" 4]] [[""A"" 4]] [[""A"" 4]] [[""A"" 4]] [[""A"" 3]] [[""A"" 4]] [[""A"" 4]] [[""A"" 4]] [[""A"" 4]] [[""A"" 4]] [[""A"" 4]] [[""A"" 4]] [[""A"" 4]] [[""A"" 3]] [[""A"" 4]] [[""A"" 4]] [[""A"" 4]] [[""A"" 4]] [[""A"" 4]] [[""A"" 4]] [[""A"" 4]] [[""A"" 4]] [[""A"" 4]] [[""A"" 4]] [[""A"" 4]] [[""A"" 4]] [[""A"" 4]] [[""A"" 4]] [[""A"" 4]] [[""A"" 4]] [[""A"" 4]] [[""A"" 4]] [[""A"" 4]] [[""A"" 4]] [[""A"" 4]] [[""A"" 4]]]] [64 [[[""A"" 4]] [[""A"" 2]] [[""A"" 4]] [[""A"" 2]] [[""A"" 4]] [[""A"" 2]] [[""A"" 4]] [[""A"" 4]] [[""A"" 4]] [[""A"" 2]] [[""A"" 2]] [[""A"" 2]] [[""A"" 2]] [[""A"" 4]] [[""A"" 4]] [[""A"" 4]] [[""A"" 4]] [[""A"" 4]] [[""A"" 4]] [[""A"" 4]] [[""A"" 4]] [[""A"" 4]] [[""A"" 4]] [[""A"" 2]] [[""A"" 4]] [[""A"" 4]] [[""A"" 2]] [[""A"" 4]] [[""A"" 2]] [[""A"" 4]] [[""A"" 2]] [[""A"" 4]] [[""A"" 2]] [[""A"" 2]] [[""A"" 2]] [[""A"" 4]] [[""A"" 4]] [[""A"" 4]] [[""A"" 2]] [[""A"" 2]] [[""A"" 2]] [[""A"" 4]] [[""A"" 2]] [[""A"" 4]] [[""A"" 4]] [[""A"" 4]] [[""A"" 2]] [[""A"" 4]] [[""A"" 2]] [[""A"" 4]]]] [65 [[[""A"" 3]] [[""A"" 3]] [[""A"" 3]] [[""A"" 3]] [[""A"" 3]] [[""A"" 3]] [[""A"" 3]] [[""A"" 3]] [[""A"" 3]] [[""A"" 3]] [[""A"" 3]] [[""A"" 3]] [[""A"" 3]] [[""A"" 3]] [[""A"" 3]] [[""A"" 3]] [[""A"" 3]] [[""A"" 3]] [[""A"" 3]] [[""A"" 3]] [[""A"" 3]] [[""A"" 3]] [[""A"" 3]] [[""A"" 3]] [[""A"" 3]] [[""A"" 3]] [[""A"" 3]] [[""A"" 3]] [[""A"" 3]] [[""A"" 3]] [[""A"" 3]] [[""A"" 3]] [[""A"" 3]] [[""A"" 3]] [[""A"" 3]] [[""A"" 3]] [[""A"" 3]] [[""A"" 3]] [[""A"" 3]] [[""A"" 3]] [[""A"" 3]] [[""A"" 3]] [[""A"" 3]] [[""A"" 3]] [[""A"" 3]] [[""A"" 3]] [[""A"" 3]] [[""A"" 3]] [[""A"" 3]] [[""A"" 3]]]] [66 [[[""A"" 2]] [[""A"" 2]] [[""A"" 2]] [[""A"" 2]] [[""A"" 2]] [[""A"" 2]] [[""A"" 2]] [[""A"" 2]] [[""A"" 2]] [[""A"" 2]] [[""A"" 2]] [[""A"" 2]] [[""A"" 2]] [[""A"" 2]] [[""A"" 2]] [[""A"" 2]] [[""A"" 2]] [[""A"" 2]] [[""A"" 2]] [[""A"" 2]] [[""A"" 1]] [[""A"" 2]] [[""A"" 2]] [[""A"" 2]] [[""A"" 2]] [[""A"" 2]] [[""A"" 2]] [[""A"" 2]] [[""A"" 2]] [[""A"" 2]] [[""A"" 2]] [[""A"" 3]] [[""A"" 2]] [[""A"" 2]] [[""A"" 2]] [[""A"" 2]] [[""A"" 2]] [[""A"" 2]] [[""A"" 2]] [[""A"" 2]] [[""A"" 2]] [[""A"" 2]] [[""A"" 2]] [[""A"" 2]] [[""A"" 2]] [[""A"" 2]] [[""A"" 2]] [[""A"" 2]] [[""A"" 2]] [[""A"" 2]]]] [67 [[[""A"" 4]] [[""A"" 4]] [[""A"" 4]] [[""A"" 4]] [[""A"" 4]] [[""A"" 4]] [[""A"" 4]] [[""A"" 4]] [[""A"" 4]] [[""A"" 4]] [[""A"" 4]] [[""A"" 4]] [[""A"" 4]] [[""A"" 4]] [[""A"" 4]] [[""A"" 4]] [[""A"" 4]] [[""A"" 4]] [[""A"" 4]] [[""A"" 4]] [[""A"" 4]] [[""A"" 4]] [[""A"" 4]] [[""A"" 4]] [[""A"" 4]] [[""A"" 4]] [[""A"" 4]] [[""A"" 4]] [[""A"" 4]] [[""A"" 4]] [[""A"" 4]] [[""A"" 4]] [[""A"" 4]] [[""A"" 4]] [[""A"" 4]] [[""A"" 4]] [[""A"" 4]] [[""A"" 4]] [[""A"" 4]] [[""A"" 4]] [[""A"" 4]] [[""A"" 4]] [[""A"" 4]] [[""A"" 4]] [[""A"" 4]] [[""A"" 4]] [[""A"" 4]] [[""A"" 4]] [[""A"" 4]] [[""A"" 4]]]] [68 [[[""A"" 4]] [[""A"" 4]] [[""A"" 4]] [[""A"" 4]] [[""A"" 4]] [[""A"" 4]] [[""A"" 4]] [[""A"" 4]] [[""A"" 4]] [[""A"" 4]] [[""A"" 4]] [[""A"" 4]] [[""A"" 4]] [[""A"" 4]] [[""A"" 3]] [[""A"" 4]] [[""A"" 4]] [[""A"" 4]] [[""A"" 4]] [[""A"" 4]] [[""A"" 4]] [[""A"" 4]] [[""A"" 3]] [[""A"" 4]] [[""A"" 4]] [[""A"" 4]] [[""A"" 4]] [[""A"" 4]] [[""A"" 4]] [[""A"" 4]] [[""A"" 4]] [[""A"" 4]] [[""A"" 4]] [[""A"" 4]] [[""A"" 4]] [[""A"" 4]] [[""A"" 4]] [[""A"" 4]] [[""A"" 4]] [[""A"" 4]] [[""A"" 4]] [[""A"" 4]] [[""A"" 4]] [[""A"" 4]] [[""A"" 4]] [[""A"" 4]] [[""A"" 4]] [[""A"" 4]] [[""A"" 4]] [[""A"" 4]]]] [69 [[[""A"" 1]] [[""A"" 1]] [[""A"" 1]] [[""A"" 1]] [[""A"" 1]] [[""A"" 1]] [[""A"" 1]] [[""A"" 1]] [[""A"" 1]] [[""A"" 1]] [[""A"" 1]] [[""A"" 1]] [[""A"" 1]] [[""A"" 1]] [[""A"" 1]] [[""A"" 1]] [[""A"" 1]] [[""A"" 1]] [[""A"" 1]] [[""A"" 1]] [[""A"" 1]] [[""A"" 1]] [[""A"" 1]] [[""A"" 1]] [[""A"" 1]] [[""A"" 1]] [[""A"" 1]] [[""A"" 1]] [[""A"" 1]] [[""A"" 1]] [[""A"" 1]] [[""A"" 1]] [[""A"" 1]] [[""A"" 2]] [[""A"" 1]] [[""A"" 1]] [[""A"" 1]] [[""A"" 1]] [[""A"" 1]] [[""A"" 1]] [[""A"" 1]] [[""A"" 1]] [[""A"" 1]] [[""A"" 1]] [[""A"" 1]] [[""A"" 1]] [[""A"" 1]] [[""A"" 1]] [[""A"" 1]] [[""A"" 1]]]] [70 [[[""A"" 2]] [[""A"" 2]] [[""A"" 2]] [[""A"" 2]] [[""A"" 3]] [[""A"" 2]] [[""A"" 2]] [[""A"" 2]] [[""A"" 2]] [[""A"" 2]] [[""A"" 2]] [[""A"" 2]] [[""A"" 2]] [[""A"" 2]] [[""A"" 2]] [[""A"" 2]] [[""A"" 2]] [[""A"" 2]] [[""A"" 2]] [[""A"" 2]] [[""A"" 2]] [[""A"" 2]] [[""A"" 2]] [[""A"" 2]] [[""A"" 2]] [[""A"" 2]] [[""A"" 2]] [[""A"" 2]] [[""A"" 2]] [[""A"" 2]] [[""A"" 2]] [[""A"" 2]] [[""A"" 2]] [[""A"" 2]] [[""A"" 2]] [[""A"" 2]] [[""A"" 2]] [[""A"" 2]] [[""A"" 2]] [[""A"" 2]] [[""A"" 2]] [[""A"" 2]] [[""A"" 2]] [[""A"" 2]] [[""A"" 2]] [[""A"" 2]] [[""A"" 2]] [[""A"" 2]] [[""A"" 2]] [[""A"" 2]]]] [71 [[[""A"" 4]] [[""A"" 4]] [[""A"" 4]] [[""A"" 2]] [[""A"" 4]] [[""A"" 4]] [[""A"" 4]] [[""A"" 4]] [[""A"" 4]] [[""A"" 4]] [[""A"" 2]] [[""A"" 4]] [[""A"" 4]] [[""A"" 2]] [[""A"" 2]] [[""A"" 2]] [[""A"" 2]] [[""A"" 2]] [[""A"" 2]] [[""A"" 4]] [[""A"" 2]] [[""A"" 4]] [[""A"" 4]] [[""A"" 2]] [[""A"" 2]] [[""A"" 2]] [[""A"" 2]] [[""A"" 2]] [[""A"" 2]] [[""A"" 2]] [[""A"" 2]] [[""A"" 4]] [[""A"" 2]] [[""A"" 4]] [[""A"" 4]] [[""A"" 2]] [[""A"" 4]] [[""A"" 2]] [[""A"" 2]] [[""A"" 2]] [[""A"" 2]] [[""A"" 2]] [[""A"" 2]] [[""A"" 4]] [[""A"" 4]] [[""A"" 2]] [[""A"" 4]] [[""A"" 4]] [[""A"" 2]] [[""A"" 2]]]] [72 [[[""A"" 4]] [[""A"" 2]] [[""A"" 4]] [[""A"" 4]] [[""A"" 2]] [[""A"" 2]] [[""A"" 2]] [[""A"" 4]] [[""A"" 2]] [[""A"" 2]] [[""A"" 2]] [[""A"" 4]] [[""A"" 2]] [[""A"" 2]] [[""A"" 4]] [[""A"" 2]] [[""A"" 4]] [[""A"" 2]] [[""A"" 2]] [[""A"" 2]] [[""A"" 4]] [[""A"" 2]] [[""A"" 2]] [[""A"" 2]] [[""A"" 4]] [[""A"" 4]] [[""A"" 4]] [[""A"" 2]] [[""A"" 2]] [[""A"" 2]] [[""A"" 4]] [[""A"" 4]] [[""A"" 4]] [[""A"" 4]] [[""A"" 2]] [[""A"" 4]] [[""A"" 4]] [[""A"" 4]] [[""A"" 2]] [[""A"" 2]] [[""A"" 2]] [[""A"" 2]] [[""A"" 2]] [[""A"" 2]] [[""A"" 4]] [[""A"" 4]] [[""A"" 4]] [[""A"" 4]] [[""A"" 4]] [[""A"" 2]]]] [73 [[[""A"" 2]] [[""A"" 2]] [[""A"" 2]] [[""A"" 2]] [[""A"" 2]] [[""A"" 2]] [[""A"" 2]] [[""A"" 2]] [[""A"" 2]] [[""A"" 2]] [[""A"" 2]] [[""A"" 2]] [[""A"" 2]] [[""A"" 2]] [[""A"" 2]] [[""A"" 2]] [[""A"" 2]] [[""A"" 2]] [[""A"" 3]] [[""A"" 2]] [[""A"" 2]] [[""A"" 2]] [[""A"" 2]] [[""A"" 2]] [[""A"" 2]] [[""A"" 2]] [[""A"" 2]] [[""A"" 2]] [[""A"" 2]] [[""A"" 2]] [[""A"" 2]] [[""A"" 2]] [[""A"" 2]] [[""A"" 2]] [[""A"" 2]] [[""A"" 2]] [[""A"" 2]] [[""A"" 2]] [[""A"" 2]] [[""A"" 2]] [[""A"" 2]] [[""A"" 2]] [[""A"" 2]] [[""A"" 2]] [[""A"" 2]] [[""A"" 2]] [[""A"" 2]] [[""A"" 2]] [[""A"" 2]] [[""A"" 2]]]] [74 [[[""A"" 4]] [[""A"" 4]] [[""A"" 4]] [[""A"" 4]] [[""A"" 2]] [[""A"" 2]] [[""A"" 2]] [[""A"" 2]] [[""A"" 4]] [[""A"" 2]] [[""A"" 4]] [[""A"" 2]] [[""A"" 2]] [[""A"" 4]] [[""A"" 4]] [[""A"" 2]] [[""A"" 4]] [[""A"" 2]] [[""A"" 4]] [[""A"" 2]] [[""A"" 4]] [[""A"" 4]] [[""A"" 2]] [[""A"" 4]] [[""A"" 2]] [[""A"" 4]] [[""A"" 2]] [[""A"" 2]] [[""A"" 4]] [[""A"" 2]] [[""A"" 2]] [[""A"" 4]] [[""A"" 4]] [[""A"" 4]] [[""A"" 4]] [[""A"" 2]] [[""A"" 2]] [[""A"" 4]] [[""A"" 2]] [[""A"" 2]] [[""A"" 2]] [[""A"" 4]] [[""A"" 4]] [[""A"" 4]] [[""A"" 4]] [[""A"" 2]] [[""A"" 4]] [[""A"" 4]] [[""A"" 4]] [[""A"" 4]]]] [75 [[[""A"" 2]] [[""A"" 4]] [[""A"" 4]] [[""A"" 2]] [[""A"" 2]] [[""A"" 2]] [[""A"" 2]] [[""A"" 2]] [[""A"" 4]] [[""A"" 4]] [[""A"" 2]] [[""A"" 4]] [[""A"" 2]] [[""A"" 4]] [[""A"" 4]] [[""A"" 2]] [[""A"" 2]] [[""A"" 4]] [[""A"" 2]] [[""A"" 4]] [[""A"" 2]] [[""A"" 2]] [[""A"" 2]] [[""A"" 4]] [[""A"" 4]] [[""A"" 2]] [[""A"" 4]] [[""A"" 2]] [[""A"" 2]] [[""A"" 4]] [[""A"" 2]] [[""A"" 2]] [[""A"" 2]] [[""A"" 4]] [[""A"" 4]] [[""A"" 2]] [[""A"" 2]] [[""A"" 4]] [[""A"" 4]] [[""A"" 4]] [[""A"" 2]] [[""A"" 2]] [[""A"" 2]] [[""A"" 2]] [[""A"" 2]] [[""A"" 4]] [[""A"" 4]] [[""A"" 4]] [[""A"" 2]] [[""A"" 4]]]] [76 [[[""A"" 3]] [[""A"" 3]] [[""A"" 3]] [[""A"" 3]] [[""A"" 3]] [[""A"" 3]] [[""A"" 3]] [[""A"" 3]] [[""A"" 3]] [[""A"" 3]] [[""A"" 3]] [[""A"" 3]] [[""A"" 3]] [[""A"" 3]] [[""A"" 3]] [[""A"" 3]] [[""A"" 3]] [[""A"" 2]] [[""A"" 3]] [[""A"" 3]] [[""A"" 3]] [[""A"" 3]] [[""A"" 3]] [[""A"" 3]] [[""A"" 3]] [[""A"" 3]] [[""A"" 3]] [[""A"" 3]] [[""A"" 3]] [[""A"" 3]] [[""A"" 3]] [[""A"" 3]] [[""A"" 3]] [[""A"" 3]] [[""A"" 3]] [[""A"" 3]] [[""A"" 3]] [[""A"" 3]] [[""A"" 3]] [[""A"" 3]] [[""A"" 3]] [[""A"" 3]] [[""A"" 3]] [[""A"" 3]] [[""A"" 3]] [[""A"" 3]] [[""A"" 3]] [[""A"" 3]] [[""A"" 3]] [[""A"" 3]]]] [77 [[[""A"" 4]] [[""A"" 4]] [[""A"" 4]] [[""A"" 4]] [[""A"" 2]] [[""A"" 2]] [[""A"" 4]] [[""A"" 2]] [[""A"" 4]] [[""A"" 2]] [[""A"" 4]] [[""A"" 2]] [[""A"" 2]] [[""A"" 2]] [[""A"" 2]] [[""A"" 4]] [[""A"" 4]] [[""A"" 4]] [[""A"" 2]] [[""A"" 2]] [[""A"" 4]] [[""A"" 4]] [[""A"" 4]] [[""A"" 4]] [[""A"" 4]] [[""A"" 2]] [[""A"" 2]] [[""A"" 4]] [[""A"" 4]] [[""A"" 2]] [[""A"" 2]] [[""A"" 2]] [[""A"" 4]] [[""A"" 4]] [[""A"" 4]] [[""A"" 4]] [[""A"" 4]] [[""A"" 4]] [[""A"" 2]] [[""A"" 2]] [[""A"" 2]] [[""A"" 4]] [[""A"" 4]] [[""A"" 4]] [[""A"" 2]] [[""A"" 4]] [[""A"" 4]] [[""A"" 2]] [[""A"" 4]] [[""A"" 2]]]] [78 [[[""A"" 4]] [[""A"" 2]] [[""A"" 4]] [[""A"" 4]] [[""A"" 4]] [[""A"" 2]] [[""A"" 4]] [[""A"" 4]] [[""A"" 4]] [[""A"" 4]] [[""A"" 4]] [[""A"" 4]] [[""A"" 4]] [[""A"" 2]] [[""A"" 4]] [[""A"" 4]] [[""A"" 4]] [[""A"" 4]] [[""A"" 4]] [[""A"" 2]] [[""A"" 2]] [[""A"" 4]] [[""A"" 4]] [[""A"" 4]] [[""A"" 4]] [[""A"" 4]] [[""A"" 4]] [[""A"" 2]] [[""A"" 4]] [[""A"" 2]] [[""A"" 4]] [[""A"" 2]] [[""A"" 4]] [[""A"" 4]] [[""A"" 4]] [[""A"" 4]] [[""A"" 2]] [[""A"" 4]] [[""A"" 2]] [[""A"" 4]] [[""A"" 4]] [[""A"" 4]] [[""A"" 4]] [[""A"" 4]] [[""A"" 4]] [[""A"" 4]] [[""A"" 4]] [[""A"" 4]] [[""A"" 4]] [[""A"" 4]]]] [79 [[[""A"" 3]] [[""A"" 3]] [[""A"" 1]] [[""A"" 3]] [[""A"" 1]] [[""A"" 3]] [[""A"" 1]] [[""A"" 1]] [[""A"" 1]] [[""A"" 1]] [[""A"" 3]] [[""A"" 3]] [[""A"" 3]] [[""A"" 3]] [[""A"" 1]] [[""A"" 3]] [[""A"" 1]] [[""A"" 3]] [[""A"" 1]] [[""A"" 1]] [[""A"" 3]] [[""A"" 3]] [[""A"" 3]] [[""A"" 1]] [[""A"" 1]] [[""A"" 3]] [[""A"" 1]] [[""A"" 1]] [[""A"" 1]] [[""A"" 3]] [[""A"" 1]] [[""A"" 4]] [[""A"" 1]] [[""A"" 3]] [[""A"" 3]] [[""A"" 3]] [[""A"" 1]] [[""A"" 1]] [[""A"" 3]] [[""A"" 1]] [[""A"" 3]] [[""A"" 1]] [[""A"" 1]] [[""A"" 3]] [[""A"" 1]] [[""A"" 1]] [[""A"" 3]] [[""A"" 1]] [[""A"" 1]] [[""A"" 1]]]] [80 [[[""A"" 4]] [[""A"" 4]] [[""A"" 4]] [[""A"" 2]] [[""A"" 4]] [[""A"" 4]] [[""A"" 2]] [[""A"" 4]] [[""A"" 4]] [[""A"" 4]] [[""A"" 4]] [[""A"" 4]] [[""A"" 2]] [[""A"" 4]] [[""A"" 2]] [[""A"" 4]] [[""A"" 2]] [[""A"" 4]] [[""A"" 4]] [[""A"" 4]] [[""A"" 2]] [[""A"" 2]] [[""A"" 2]] [[""A"" 4]] [[""A"" 4]] [[""A"" 4]] [[""A"" 2]] [[""A"" 2]] [[""A"" 2]] [[""A"" 2]] [[""A"" 4]] [[""A"" 2]] [[""A"" 4]] [[""A"" 2]] [[""A"" 4]] [[""A"" 4]] [[""A"" 2]] [[""A"" 4]] [[""A"" 4]] [[""A"" 4]] [[""A"" 4]] [[""A"" 4]] [[""A"" 4]] [[""A"" 4]] [[""A"" 2]] [[""A"" 4]] [[""A"" 2]] [[""A"" 4]] [[""A"" 4]] [[""A"" 4]]]] [81 [[[""A"" 3]] [[""A"" 3]] [[""A"" 3]] [[""A"" 3]] [[""A"" 3]] [[""A"" 3]] [[""A"" 3]] [[""A"" 3]] [[""A"" 3]] [[""A"" 3]] [[""A"" 3]] [[""A"" 3]] [[""A"" 3]] [[""A"" 3]] [[""A"" 3]] [[""A"" 3]] [[""A"" 3]] [[""A"" 3]] [[""A"" 3]] [[""A"" 3]] [[""A"" 3]] [[""A"" 3]] [[""A"" 3]] [[""A"" 3]] [[""A"" 3]] [[""A"" 3]] [[""A"" 3]] [[""A"" 3]] [[""A"" 3]] [[""A"" 3]] [[""A"" 3]] [[""A"" 3]] [[""A"" 3]] [[""A"" 3]] [[""A"" 3]] [[""A"" 3]] [[""A"" 3]] [[""A"" 3]] [[""A"" 3]] [[""A"" 3]] [[""A"" 3]] [[""A"" 3]] [[""A"" 3]] [[""A"" 3]] [[""A"" 3]] [[""A"" 3]] [[""A"" 3]] [[""A"" 3]] [[""A"" 3]] [[""A"" 3]]]] [82 [[[""A"" 2]] [[""A"" 2]] [[""A"" 2]] [[""A"" 2]] [[""A"" 2]] [[""A"" 2]] [[""A"" 2]] [[""A"" 2]] [[""A"" 2]] [[""A"" 2]] [[""A"" 2]] [[""A"" 2]] [[""A"" 2]] [[""A"" 2]] [[""A"" 2]] [[""A"" 2]] [[""A"" 2]] [[""A"" 2]] [[""A"" 2]] [[""A"" 2]] [[""A"" 2]] [[""A"" 2]] [[""A"" 2]] [[""A"" 2]] [[""A"" 2]] [[""A"" 2]] [[""A"" 2]] [[""A"" 3]] [[""A"" 2]] [[""A"" 2]] [[""A"" 2]] [[""A"" 2]] [[""A"" 2]] [[""A"" 2]] [[""A"" 2]] [[""A"" 2]] [[""A"" 2]] [[""A"" 2]] [[""A"" 2]] [[""A"" 2]] [[""A"" 2]] [[""A"" 2]] [[""A"" 2]] [[""A"" 2]] [[""A"" 2]] [[""A"" 2]] [[""A"" 2]] [[""A"" 2]] [[""A"" 2]] [[""A"" 2]]]] [83 [[[""A"" 4]] [[""A"" 4]] [[""A"" 4]] [[""A"" 4]] [[""A"" 4]] [[""A"" 4]] [[""A"" 4]] [[""A"" 4]] [[""A"" 4]] [[""A"" 4]] [[""A"" 4]] [[""A"" 4]] [[""A"" 4]] [[""A"" 4]] [[""A"" 4]] [[""A"" 4]] [[""A"" 4]] [[""A"" 4]] [[""A"" 4]] [[""A"" 4]] [[""A"" 4]] [[""A"" 4]] [[""A"" 4]] [[""A"" 4]] [[""A"" 4]] [[""A"" 4]] [[""A"" 4]] [[""A"" 4]] [[""A"" 4]] [[""A"" 4]] [[""A"" 4]] [[""A"" 4]] [[""A"" 4]] [[""A"" 4]] [[""A"" 4]] [[""A"" 4]] [[""A"" 1]] [[""A"" 1]] [[""A"" 4]] [[""A"" 4]] [[""A"" 4]] [[""A"" 4]] [[""A"" 4]] [[""A"" 4]] [[""A"" 4]] [[""A"" 1]] [[""A"" 4]] [[""A"" 4]] [[""A"" 4]] [[""A"" 4]]]] [84 [[[""A"" 2]] [[""A"" 2]] [[""A"" 2]] [[""A"" 2]] [[""A"" 2]] [[""A"" 2]] [[""A"" 2]] [[""A"" 2]] [[""A"" 2]] [[""A"" 2]] [[""A"" 4]] [[""A"" 2]] [[""A"" 2]] [[""A"" 2]] [[""A"" 2]] [[""A"" 2]] [[""A"" 2]] [[""A"" 2]] [[""A"" 2]] [[""A"" 2]] [[""A"" 2]] [[""A"" 2]] [[""A"" 2]] [[""A"" 2]] [[""A"" 2]] [[""A"" 2]] [[""A"" 2]] [[""A"" 2]] [[""A"" 2]] [[""A"" 2]] [[""A"" 2]] [[""A"" 2]] [[""A"" 3]] [[""A"" 2]] [[""A"" 2]] [[""A"" 2]] [[""A"" 2]] [[""A"" 2]] [[""A"" 2]] [[""A"" 2]] [[""A"" 2]] [[""A"" 2]] [[""A"" 2]] [[""A"" 2]] [[""A"" 2]] [[""A"" 2]] [[""A"" 3]] [[""A"" 2]] [[""A"" 2]] [[""A"" 2]]]] [85 [[[""A"" 4]] [[""A"" 4]] [[""A"" 4]] [[""A"" 4]] [[""A"" 4]] [[""A"" 4]] [[""A"" 4]] [[""A"" 4]] [[""A"" 4]] [[""A"" 4]] [[""A"" 4]] [[""A"" 4]] [[""A"" 4]] [[""A"" 4]] [[""A"" 4]] [[""A"" 4]] [[""A"" 4]] [[""A"" 4]] [[""A"" 4]] [[""A"" 4]] [[""A"" 4]] [[""A"" 4]] [[""A"" 4]] [[""A"" 4]] [[""A"" 4]] [[""A"" 4]] [[""A"" 4]] [[""A"" 4]] [[""A"" 4]] [[""A"" 4]] [[""A"" 4]] [[""A"" 4]] [[""A"" 4]] [[""A"" 4]] [[""A"" 4]] [[""A"" 4]] [[""A"" 4]] [[""A"" 4]] [[""A"" 4]] [[""A"" 4]] [[""A"" 4]] [[""A"" 4]] [[""A"" 4]] [[""A"" 4]] [[""A"" 4]] [[""A"" 4]] [[""A"" 4]] [[""A"" 4]] [[""A"" 4]] [[""A"" 4]]]] [86 [[[""A"" 4]] [[""A"" 4]] [[""A"" 4]] [[""A"" 4]] [[""A"" 4]] [[""A"" 4]] [[""A"" 4]] [[""A"" 4]] [[""A"" 4]] [[""A"" 4]] [[""A"" 4]] [[""A"" 4]] [[""A"" 4]] [[""A"" 4]] [[""A"" 4]] [[""A"" 4]] [[""A"" 4]] [[""A"" 4]] [[""A"" 4]] [[""A"" 4]] [[""A"" 4]] [[""A"" 4]] [[""A"" 4]] [[""A"" 4]] [[""A"" 4]] [[""A"" 4]] [[""A"" 4]] [[""A"" 4]] [[""A"" 4]] [[""A"" 4]] [[""A"" 4]] [[""A"" 4]] [[""A"" 4]] [[""A"" 4]] [[""A"" 4]] [[""A"" 4]] [[""A"" 4]] [[""A"" 4]] [[""A"" 4]] [[""A"" 4]] [[""A"" 4]] [[""A"" 4]] [[""A"" 4]] [[""A"" 4]] [[""A"" 4]] [[""A"" 4]] [[""A"" 4]] [[""A"" 4]] [[""A"" 4]] [[""A"" 4]]]] [87 [[[""A"" 3]] [[""A"" 3]] [[""A"" 3]] [[""A"" 3]] [[""A"" 3]] [[""A"" 3]] [[""A"" 3]] [[""A"" 3]] [[""A"" 3]] [[""A"" 3]] [[""A"" 3]] [[""A"" 3]] [[""A"" 3]] [[""A"" 3]] [[""A"" 3]] [[""A"" 3]] [[""A"" 3]] [[""A"" 3]] [[""A"" 3]] [[""A"" 3]] [[""A"" 3]] [[""A"" 3]] [[""A"" 3]] [[""A"" 3]] [[""A"" 3]] [[""A"" 3]] [[""A"" 3]] [[""A"" 3]] [[""A"" 3]] [[""A"" 3]] [[""A"" 3]] [[""A"" 3]] [[""A"" 3]] [[""A"" 3]] [[""A"" 3]] [[""A"" 3]] [[""A"" 3]] [[""A"" 3]] [[""A"" 3]] [[""A"" 3]] [[""A"" 3]] [[""A"" 3]] [[""A"" 3]] [[""A"" 3]] [[""A"" 3]] [[""A"" 3]] [[""A"" 3]] [[""A"" 3]] [[""A"" 3]] [[""A"" 3]]]] [88 [[[""A"" 1]] [[""A"" 1]] [[""A"" 1]] [[""A"" 1]] [[""A"" 1]] [[""A"" 1]] [[""A"" 1]] [[""A"" 1]] [[""A"" 1]] [[""A"" 1]] [[""A"" 1]] [[""A"" 1]] [[""A"" 1]] [[""A"" 1]] [[""A"" 1]] [[""A"" 1]] [[""A"" 1]] [[""A"" 1]] [[""A"" 1]] [[""A"" 1]] [[""A"" 1]] [[""A"" 1]] [[""A"" 1]] [[""A"" 1]] [[""A"" 1]] [[""A"" 1]] [[""A"" 1]] [[""A"" 1]] [[""A"" 1]] [[""A"" 1]] [[""A"" 1]] [[""A"" 1]] [[""A"" 1]] [[""A"" 1]] [[""A"" 1]] [[""A"" 1]] [[""A"" 1]] [[""A"" 1]] [[""A"" 1]] [[""A"" 1]] [[""A"" 1]] [[""A"" 1]] [[""A"" 1]] [[""A"" 2]] [[""A"" 1]] [[""A"" 1]] [[""A"" 1]] [[""A"" 1]] [[""A"" 1]] [[""A"" 4]]]] [89 [[[""A"" 4]] [[""A"" 4]] [[""A"" 4]] [[""A"" 4]] [[""A"" 4]] [[""A"" 4]] [[""A"" 4]] [[""A"" 4]] [[""A"" 4]] [[""A"" 4]] [[""A"" 4]] [[""A"" 4]] [[""A"" 4]] [[""A"" 4]] [[""A"" 4]] [[""A"" 4]] [[""A"" 4]] [[""A"" 4]] [[""A"" 4]] [[""A"" 4]] [[""A"" 4]] [[""A"" 4]] [[""A"" 4]] [[""A"" 4]] [[""A"" 4]] [[""A"" 4]] [[""A"" 4]] [[""A"" 4]] [[""A"" 4]] [[""A"" 4]] [[""A"" 4]] [[""A"" 4]] [[""A"" 4]] [[""A"" 4]] [[""A"" 4]] [[""A"" 4]] [[""A"" 4]] [[""A"" 4]] [[""A"" 4]] [[""A"" 4]] [[""A"" 4]] [[""A"" 4]] [[""A"" 4]] [[""A"" 4]] [[""A"" 4]] [[""A"" 4]] [[""A"" 4]] [[""A"" 4]] [[""A"" 4]] [[""A"" 4]]]] [90 [[[""A"" 2]] [[""A"" 2]] [[""A"" 4]] [[""A"" 2]] [[""A"" 4]] [[""A"" 2]] [[""A"" 2]] [[""A"" 4]] [[""A"" 2]] [[""A"" 2]] [[""A"" 4]] [[""A"" 4]] [[""A"" 4]] [[""A"" 4]] [[""A"" 2]] [[""A"" 4]] [[""A"" 4]] [[""A"" 2]] [[""A"" 2]] [[""A"" 2]] [[""A"" 4]] [[""A"" 4]] [[""A"" 4]] [[""A"" 4]] [[""A"" 4]] [[""A"" 2]] [[""A"" 2]] [[""A"" 2]] [[""A"" 4]] [[""A"" 2]] [[""A"" 2]] [[""A"" 4]] [[""A"" 2]] [[""A"" 2]] [[""A"" 2]] [[""A"" 2]] [[""A"" 4]] [[""A"" 2]] [[""A"" 2]] [[""A"" 4]] [[""A"" 2]] [[""A"" 2]] [[""A"" 2]] [[""A"" 2]] [[""A"" 2]] [[""A"" 2]] [[""A"" 2]] [[""A"" 4]] [[""A"" 4]] [[""A"" 2]]]] [91 [[[""A"" 4]] [[""A"" 4]] [[""A"" 4]] [[""A"" 4]] [[""A"" 4]] [[""A"" 4]] [[""A"" 2]] [[""A"" 4]] [[""A"" 4]] [[""A"" 4]] [[""A"" 4]] [[""A"" 4]] [[""A"" 4]] [[""A"" 4]] [[""A"" 2]] [[""A"" 2]] [[""A"" 4]] [[""A"" 2]] [[""A"" 4]] [[""A"" 4]] [[""A"" 4]] [[""A"" 4]] [[""A"" 4]] [[""A"" 4]] [[""A"" 4]] [[""A"" 4]] [[""A"" 2]] [[""A"" 4]] [[""A"" 4]] [[""A"" 2]] [[""A"" 4]] [[""A"" 2]] [[""A"" 4]] [[""A"" 4]] [[""A"" 4]] [[""A"" 4]] [[""A"" 4]] [[""A"" 4]] [[""A"" 4]] [[""A"" 4]] [[""A"" 4]] [[""A"" 2]] [[""A"" 4]] [[""A"" 2]] [[""A"" 4]] [[""A"" 2]] [[""A"" 4]] [[""A"" 2]] [[""A"" 4]] [[""A"" 4]]]] [92 [[[""A"" 4]] [[""A"" 2]] [[""A"" 2]] [[""A"" 2]] [[""A"" 4]] [[""A"" 2]] [[""A"" 2]] [[""A"" 4]] [[""A"" 2]] [[""A"" 4]] [[""A"" 2]] [[""A"" 4]] [[""A"" 4]] [[""A"" 2]] [[""A"" 2]] [[""A"" 4]] [[""A"" 2]] [[""A"" 2]] [[""A"" 2]] [[""A"" 2]] [[""A"" 2]] [[""A"" 1]] [[""A"" 2]] [[""A"" 2]] [[""A"" 2]] [[""A"" 2]] [[""A"" 2]] [[""A"" 2]] [[""A"" 2]] [[""A"" 4]] [[""A"" 2]] [[""A"" 2]] [[""A"" 2]] [[""A"" 2]] [[""A"" 2]] [[""A"" 2]] [[""A"" 2]] [[""A"" 2]] [[""A"" 4]] [[""A"" 4]] [[""A"" 2]] [[""A"" 2]] [[""A"" 2]] [[""A"" 2]] [[""A"" 2]] [[""A"" 2]] [[""A"" 4]] [[""A"" 2]] [[""A"" 2]] [[""A"" 2]]]] [93 [[[""A"" 2]] [[""A"" 2]] [[""A"" 2]] [[""A"" 2]] [[""A"" 4]] [[""A"" 4]] [[""A"" 2]] [[""A"" 2]] [[""A"" 2]] [[""A"" 2]] [[""A"" 2]] [[""A"" 2]] [[""A"" 2]] [[""A"" 2]] [[""A"" 2]] [[""A"" 2]] [[""A"" 2]] [[""A"" 4]] [[""A"" 1]] [[""A"" 2]] [[""A"" 2]] [[""A"" 2]] [[""A"" 2]] [[""A"" 4]] [[""A"" 4]] [[""A"" 2]] [[""A"" 4]] [[""A"" 2]] [[""A"" 4]] [[""A"" 2]] [[""A"" 2]] [[""A"" 2]] [[""A"" 2]] [[""A"" 4]] [[""A"" 2]] [[""A"" 2]] [[""A"" 2]] [[""A"" 2]] [[""A"" 2]] [[""A"" 2]] [[""A"" 4]] [[""A"" 4]] [[""A"" 2]] [[""A"" 4]] [[""A"" 2]] [[""A"" 2]] [[""A"" 2]] [[""A"" 2]] [[""A"" 2]] [[""A"" 2]]]] [94 [[[""A"" 2]] [[""A"" 4]] [[""A"" 4]] [[""A"" 2]] [[""A"" 4]] [[""A"" 2]] [[""A"" 2]] [[""A"" 4]] [[""A"" 2]] [[""A"" 2]] [[""A"" 2]] [[""A"" 2]] [[""A"" 4]] [[""A"" 2]] [[""A"" 2]] [[""A"" 2]] [[""A"" 4]] [[""A"" 2]] [[""A"" 4]] [[""A"" 4]] [[""A"" 2]] [[""A"" 2]] [[""A"" 2]] [[""A"" 4]] [[""A"" 2]] [[""A"" 2]] [[""A"" 2]] [[""A"" 2]] [[""A"" 4]] [[""A"" 4]] [[""A"" 4]] [[""A"" 2]] [[""A"" 4]] [[""A"" 4]] [[""A"" 4]] [[""A"" 2]] [[""A"" 4]] [[""A"" 2]] [[""A"" 2]] [[""A"" 2]] [[""A"" 2]] [[""A"" 4]] [[""A"" 4]] [[""A"" 4]] [[""A"" 2]] [[""A"" 2]] [[""A"" 2]] [[""A"" 2]] [[""A"" 2]] [[""A"" 4]]]] [95 [[[""A"" 4]] [[""A"" 2]] [[""A"" 4]] [[""A"" 4]] [[""A"" 2]] [[""A"" 4]] [[""A"" 4]] [[""A"" 2]] [[""A"" 4]] [[""A"" 2]] [[""A"" 2]] [[""A"" 2]] [[""A"" 2]] [[""A"" 4]] [[""A"" 2]] [[""A"" 2]] [[""A"" 4]] [[""A"" 2]] [[""A"" 4]] [[""A"" 4]] [[""A"" 4]] [[""A"" 2]] [[""A"" 4]] [[""A"" 2]] [[""A"" 4]] [[""A"" 2]] [[""A"" 2]] [[""A"" 2]] [[""A"" 2]] [[""A"" 4]] [[""A"" 2]] [[""A"" 4]] [[""A"" 4]] [[""A"" 2]] [[""A"" 4]] [[""A"" 4]] [[""A"" 2]] [[""A"" 4]] [[""A"" 4]] [[""A"" 2]] [[""A"" 2]] [[""A"" 4]] [[""A"" 4]] [[""A"" 2]] [[""A"" 2]] [[""A"" 4]] [[""A"" 4]] [[""A"" 2]] [[""A"" 4]] [[""A"" 2]]]] [96 [[[""A"" 4]] [[""A"" 4]] [[""A"" 4]] [[""A"" 4]] [[""A"" 4]] [[""A"" 4]] [[""A"" 4]] [[""A"" 4]] [[""A"" 4]] [[""A"" 4]] [[""A"" 4]] [[""A"" 4]] [[""A"" 4]] [[""A"" 4]] [[""A"" 4]] [[""A"" 4]] [[""A"" 4]] [[""A"" 4]] [[""A"" 4]] [[""A"" 4]] [[""A"" 4]] [[""A"" 4]] [[""A"" 4]] [[""A"" 4]] [[""A"" 1]] [[""A"" 1]] [[""A"" 4]] [[""A"" 4]] [[""A"" 1]] [[""A"" 4]] [[""A"" 4]] [[""A"" 4]] [[""A"" 4]] [[""A"" 4]] [[""A"" 4]] [[""A"" 4]] [[""A"" 4]] [[""A"" 4]] [[""A"" 4]] [[""A"" 4]] [[""A"" 4]] [[""A"" 4]] [[""A"" 4]] [[""A"" 4]] [[""A"" 4]] [[""A"" 4]] [[""A"" 4]] [[""A"" 4]] [[""A"" 4]] [[""A"" 4]]]] [97 [[[""A"" 3]] [[""A"" 3]] [[""A"" 3]] [[""A"" 3]] [[""A"" 2]] [[""A"" 3]] [[""A"" 3]] [[""A"" 3]] [[""A"" 3]] [[""A"" 3]] [[""A"" 2]] [[""A"" 3]] [[""A"" 3]] [[""A"" 3]] [[""A"" 3]] [[""A"" 3]] [[""A"" 3]] [[""A"" 3]] [[""A"" 3]] [[""A"" 3]] [[""A"" 3]] [[""A"" 3]] [[""A"" 3]] [[""A"" 3]] [[""A"" 3]] [[""A"" 3]] [[""A"" 3]] [[""A"" 3]] [[""A"" 3]] [[""A"" 3]] [[""A"" 3]] [[""A"" 3]] [[""A"" 3]] [[""A"" 3]] [[""A"" 3]] [[""A"" 3]] [[""A"" 3]] [[""A"" 3]] [[""A"" 3]] [[""A"" 3]] [[""A"" 3]] [[""A"" 3]] [[""A"" 3]] [[""A"" 3]] [[""A"" 3]] [[""A"" 3]] [[""A"" 3]] [[""A"" 3]] [[""A"" 3]] [[""A"" 2]]]] [98 [[[""A"" 3]] [[""A"" 3]] [[""A"" 3]] [[""A"" 3]] [[""A"" 3]] [[""A"" 3]] [[""A"" 3]] [[""A"" 3]] [[""A"" 3]] [[""A"" 3]] [[""A"" 3]] [[""A"" 3]] [[""A"" 3]] [[""A"" 3]] [[""A"" 3]] [[""A"" 3]] [[""A"" 3]] [[""A"" 3]] [[""A"" 3]] [[""A"" 3]] [[""A"" 3]] [[""A"" 3]] [[""A"" 3]] [[""A"" 3]] [[""A"" 3]] [[""A"" 3]] [[""A"" 3]] [[""A"" 3]] [[""A"" 3]] [[""A"" 3]] [[""A"" 3]] [[""A"" 3]] [[""A"" 3]] [[""A"" 3]] [[""A"" 3]] [[""A"" 3]] [[""A"" 3]] [[""A"" 3]] [[""A"" 3]] [[""A"" 3]] [[""A"" 3]] [[""A"" 3]] [[""A"" 3]] [[""A"" 3]] [[""A"" 3]] [[""A"" 3]] [[""A"" 3]] [[""A"" 3]] [[""A"" 3]] [[""A"" 3]]]] [99 [[[""A"" 3]] [[""A"" 3]] [[""A"" 3]] [[""A"" 3]] [[""A"" 3]] [[""A"" 3]] [[""A"" 3]] [[""A"" 3]] [[""A"" 3]] [[""A"" 3]] [[""A"" 3]] [[""A"" 3]] [[""A"" 3]] [[""A"" 3]] [[""A"" 3]] [[""A"" 3]] [[""A"" 3]] [[""A"" 3]] [[""A"" 3]] [[""A"" 3]] [[""A"" 3]] [[""A"" 3]] [[""A"" 3]] [[""A"" 3]] [[""A"" 3]] [[""A"" 3]] [[""A"" 3]] [[""A"" 3]] [[""A"" 3]] [[""A"" 3]] [[""A"" 3]] [[""A"" 3]] [[""A"" 3]] [[""A"" 3]] [[""A"" 3]] [[""A"" 3]] [[""A"" 3]] [[""A"" 3]] [[""A"" 3]] [[""A"" 3]] [[""A"" 3]] [[""A"" 3]] [[""A"" 3]] [[""A"" 3]] [[""A"" 3]] [[""A"" 3]] [[""A"" 3]] [[""A"" 3]] [[""A"" 3]] [[""A"" 3]]]]]","""discrete""","3","1","2","1","true","""polarized""","[""A""]","0.1","true","[]","""average-bel""","true","4","true","""sigmoid-stubborn""","20","false","2","true","0.35","""C:/Users/cknox02/Documents/nicks outputs25-Feb-2023-parameter-sweep-low-res/2/broadcast-brain/normal/15/polarized/0.25/0.25/2/1""","false","1500","0","0.05","false","""barabasi-albert""","""broadcast-brain""","5","""[[0.6,0.16,0.24],\n  [0.40,0.2,0.4],\n  [0.21,0.14,0.65]]""","""C:/Users/cknox02/Documents/nicks outputs25-Feb-2023-parameter-sweep-low-res/graphs/2-broadcast-brain-normal-15-polarized-0.25-0.25-2-1.csv""","true","0","""default""","false","true","true","1","3","1","""distribution""","""normal""","""three-polarized""","15","""D:/school/grad-school/Tufts/research/cog-contagion-media-ecosystem/ecosystems/""","""gradual""","1","""D:/school/grad-school/Tufts/research/cog-contagion-media-ecosystem/messaging-data/""","0","50","1","""C:/Users/cknox02/Documents/nicks outputs25-Feb-2023-parameter-sweep-low-res/graphs/2-broadcast-brain-normal-15-polarized-0.25-0.25-1-0.csv""","0","true","true","true","""C:/Users/cknox02/Documents/nicks outputs""","0.15","""cognitive""","20","100","[[""Q1"" [""A""]]]","5","0.5","0.25","0.25"

"TURTLES"
"who","color","heading","xcor","ycor","shape","label","label-color","breed","hidden?","size","pen-size","pen-mode","idee","brain","messages-heard","messages-believed","messages-sent","agent-messages-memory"
"0","[170 0 85]","25.714285714285715","2.613943591328055","6.056793049813695","""circle""","""""","9.9","{breed citizens}","false","0.5","1","""up""",,"[[""ID"" 20] [""alpha"" 1] [""beta"" 1] [""malleable"" [""A""]] [""prior"" []] [""cont_tokens"" []] [""A"" 2]]","[[0 [0 3 5 9 10]] [1 [15 16 17 18 19 20 21 22 23 24 25 26 27 28 29]] [2 [30 31 32 33 34 35 36 37 38 39 40 41 42 43 44]] [3 [45 46 47 48 49 50 51 52 53 54 55 56 57 58 59]] [4 [60 61 62 63 64 65 66 67 68 69 70 71 72 73 74]] [5 [75 76 77 78 79 80 81 82 83 84 85 86 87 88 89]] [6 [90 91 92 93 94 95 96 97 98 99 100 101 102 103 104]] [7 [105 106 107 108 109 110 111 112 113 114 115 116 117 118 119]] [8 [120 121 122 123 124 125 126 127 128 129 130 131 132 133 134]] [9 [135 136 137 138 139 140 141 142 143 144 145 146 147 148 149]] [10 [150 151 152 153 154 155 156 157 158 159 160 161 162 163 164]] [11 [165 166 167 168 169 170 171 172 173 174 175 176 177 178 179]] [12 [180 181 183 184 185 186 187 188 189 190 191 192 193 194]] [13 [195 196 197 198 199 200 201 202 203 204 205 206 207 208 209]] [14 [210 211 212 213 214 215 216 217 218 219 220 221 222 223 224]] [15 [225 226 227 228 229 230 231 232 233 234 235 236 237 238 239]] [16 [241 242 243 244 245 246 247 248 249 250 251 252 253 254]] [17 [255 256 257 258 259 260 261 262 263 264 265 266 267 268 269]] [18 [270 271 272 273 274 275 276 277 278 279 280 281 282 283 284]] [19 [285 286 287 288 289 290 291 292 293 294 295 296 297 298 299]] [20 [300 301 302 303 304 305 306 307 308 309 310 311 312 313 314]] [21 [315 316 317 318 319 320 321 322 323 324 325 326 327 328 329]] [22 [330 331 332 333 334 335 336 337 338 339 340 341 342 343 344]] [23 [345 346 347 348 349 350 351 352 353 354 355 356 357 358 359]] [24 [360 361 362 363 364 365 366 367 368 369 370 371 372 373 374]] [25 [375 376 377 378 379 380 381 382 383 384 385 386 387 388 389]] [26 [390 391 392 393 394 395 396 397 398 399 400 401 402 403 404]] [27 [405 406 407 408 409 410 411 412 413 414 415 416 417 418 419]] [28 [420 421 422 424 425 426 427 428 429 430 431 432 433 434]] [29 [435 436 437 438 439 440 441 442 443 444 445 446 447 448 449]] [30 [450 451 452 453 454 455 456 457 458 459 460 461 462 463 464]] [31 [465 466 467 468 469 470 471 472 473 474 475 476 477 478 479]] [32 [480 481 482 483 484 485 486 487 488 489 490 491 492 493 494]] [33 [495 496 497 498 499 500 501 502 503 504 505 506 507 508 509]] [34 [510 511 512 513 514 515 516 517 518 519 520 521 522 523 524]] [35 [525 526 527 528 529 530 531 532 533 534 535 536 537 538 539]] [36 [540 541 542 543 544 545 546 547 548 549 550 551 553 554]] [37 [555 556 557 558 559 560 561 562 563 564 565 566 567 568 569]] [38 [570 571 572 573 574 575 576 577 578 579 580 581 582 583 584]] [39 [585 586 587 588 589 590 592 593 594 595 596 597 598 599]] [40 [600 601 602 603 604 605 606 607 608 609 610 611 612 613 614]] [41 [615 616 617 618 619 620 621 622 623 624 626 627 628 629]] [42 [630 631 632 633 634 635 636 637 638 639 640 641 642 643 644]] [43 [645 646 647 648 649 650 651 652 653 654 655 656 657 658 659]] [44 [660 661 662 663 664 665 666 667 668 669 670 671 672 673 674]] [45 [675 676 677 678 679 680 681 682 683 684 685 686 687 688]] [46 [690 691 692 693 694 695 696 697 698 699 700 701 702 703 704]] [47 [705 706 707 708 709 710 711 712 713 714 715 716 717 718 719]] [48 [720 721 722 724 725 726 727 728 729 730 731 732 733 734]] [49 [735 736 737 738 739 740 741 742 743 744 745 746 747 748 749]] [50 [750 751 752 753 754 755 756 757 758 759 760 761 762 763 764]] [51 [765 766 767 768 769 770 771 772 773 774 775 776 777 778 779]] [52 [780 781 782 783 784 785 786 787 788 789 790 791 792 793 794]] [53 [795 796 797 798 799 800 801 802 803 804 805 806 807 808 809]] [54 [810 811 812 813 814 815 816 817 818 819 820 821 822 823 824]] [55 [825 826 827 828 829 830 831 832 833 834 835 836 837 838 839]] [56 [840 841 842 843 844 845 846 847 848 849 850 851 852 853 854]] [57 [855 856 857 858 859 860 861 862 863 864 865 866 867 868 869]] [58 [870 871 872 873 874 875 876 877 878 879 881 882 883 884]] [59 [885 886 887 888 889 890 891 892 893 894 895 896 897 898 899]] [60 [900 901 902 903 904 905 906 907 908 909 910 911 912 913 914]] [61 [915 916 917 918 919 920 921 922 923 924 925 926 927 928 929]] [62 [930 931 932 933 934 935 936 937 938 939 940 941 942 943 944]] [63 [945 946 948 949 950 951 952 953 954 955 956 957 958 959]] [64 [960 961 962 963 964 965 966 967 968 969 970 971 972 973 974]] [65 [975 976 977 978 979 980 981 982 983 984 985 986 987 988 989]] [66 [990 991 992 993 994 995 996 997 998 999 1000 1001 1002 1003 1004]] [67 [1005 1006 1007 1009 1010 1011 1012 1013 1014 1015 1016 1017 1018 1019]] [68 [1020 1021 1022 1023 1024 1025 1026 1027 1028 1029 1030 1031 1032 1033 1034]] [69 [1035 1036 1037 1038 1040 1042 1043 1044 1046 1047 1048]] [70 [1050 1051 1052 1053 1054 1055 1056 1057 1058 1059 1060 1061 1062 1063 1064]] [71 [1065 1066 1067 1068 1069 1070 1071 1072 1073 1074 1075 1076 1077 1078 1079]] [72 [1080 1081 1082 1083 1084 1085 1086 1087 1088 1089 1090 1091 1092 1093 1094]] [73 [1095 1096 1097 1098 1099 1100 1101 1102 1103 1104 1105 1106 1107 1108 1109]] [74 [1110 1111 1112 1113 1114 1115 1116 1117 1118 1119 1120 1121 1122 1123 1124]] [75 [1125 1126 1127 1128 1129 1130 1131 1132 1133 1134 1135 1136 1137 1138 1139]] [76 [1140 1141 1142 1143 1144 1145 1146 1147 1148 1149 1150 1151 1152 1153 1154]] [77 [1155 1156 1157 1158 1159 1160 1161 1162 1163 1164 1165 1166 1167 1168 1169]] [78 [1170 1171 1172 1173 1174 1175 1176 1177 1178 1179 1180 1181 1182 1183 1184]] [79 [1185 1186 1187 1188 1189 1190 1191 1192 1193 1194 1195 1196 1197 1198 1199]] [80 [1200 1201 1202 1203 1204 1205 1206 1207 1208 1209 1210 1211 1212 1213 1214]] [81 [1215 1216 1217 1218 1219 1220 1221 1222 1223 1224 1225 1226 1227 1228 1229]] [82 [1230 1231 1232 1233 1234 1235 1236 1237 1238 1239 1240 1241 1242 1243 1244]] [83 [1245 1246 1247 1248 1249 1250 1251 1252 1253 1254 1255 1256 1257 1258 1259]] [84 [1260 1261 1262 1263 1264 1265 1266 1267 1268 1269 1270 1271 1272 1273 1274]] [85 [1275 1276 1277 1278 1279 1280 1281 1282 1283 1284 1285 1287 1288 1289]] [86 [1290 1291 1292 1293 1295 1296 1297 1298 1299 1300 1301 1302 1303 1304]] [87 [1305 1306 1307 1308 1309 1310 1311 1312 1313 1314 1315 1316 1317 1318 1319]] [88 [1320 1321 1322 1324 1325 1326 1327 1328 1329 1330 1331 1332 1333 1334]] [89 [1335 1336 1337 1338 1339 1340 1342 1343 1344 1345 1346 1347 1348 1349]] [90 [1350 1351 1352 1353 1354 1355 1356 1357 1358 1359 1360 1361 1362 1363 1364]] [91 [1365 1366 1367 1368 1369 1370 1371 1372 1373 1374 1375 1376 1377 1378 1379]] [92 [1380 1381 1382 1383 1384 1385 1386 1387 1388 1389 1390 1391 1392 1393 1394]] [93 [1395 1396 1397 1398 1399 1400 1401 1402 1403 1404 1405 1406 1407 1408 1409]] [94 [1410 1411 1412 1413 1414 1415 1416 1417 1418 1419 1420 1421 1422 1423 1424]] [95 [1425 1426 1427 1428 1429 1430 1431 1432 1433 1434 1435 1436 1437 1438 1439]] [96 [1440 1441 1442 1443 1444 1445 1446 1447 1448 1449 1450 1451 1452 1453 1454]] [97 [1455 1456 1457 1458 1459 1460 1461 1462 1463 1464 1465 1466 1467 1468 1469]] [98 [1470 1471 1472 1473 1474 1475 1476 1477 1478 1479 1480 1481 1482 1483 1484]] [99 [1485 1486 1487 1488 1489 1490 1491 1492 1493 1494 1495 1496 1497 1498 1499]]]","[[0 [3 5 9 10]] [1 [15 16 17 19 20 21 22 24 25 26 28]] [2 [30 31 32 33 35 36 37 38 39 40 41 42 43 44]] [3 [45 46 47 48 50 51 52 53 54 55 56 58 59]] [4 [60 61 62 63 64 65 66 67 68 69 71 72 73]] [5 [75 76 77 78 79 80 82 83 84 85 87 88 89]] [6 [90 91 92 94 95 96 97 98 99 100 101 102 103 104]] [7 [106 107 108 109 110 113 114 116 117 118 119]] [8 [120 121 122 123 124 125 126 127 129 130 131 133 134]] [9 [135 136 137 138 141 142 143 144 145 146 148 149]] [10 [150 152 153 155 156 158 159 160 161 162 163]] [11 [165 166 168 169 170 171 174 175 176 177 178 179]] [12 [180 181 183 184 185 186 187 188 189 190 191 192 193]] [13 [195 196 197 198 199 200 201 202 203 204 206 208 209]] [14 [210 211 212 218 220 221 222 224]] [15 [225 226 227 228 229 230 231 234 235 236 238 239]] [16 [242 243 244 245 246 247 248 249 250 251 252 253 254]] [17 [255 256 257 258 259 260 261 263 264 266 267 268 269]] [18 [270 271 272 273 275 277 278 279 280 281 282 283 284]] [19 [285 286 287 288 289 290 291 292 293 294 295 296 297 298 299]] [20 [300 301 302 303 304 305 306 307 308 309 312 313 314]] [21 [315 317 318 320 321 324 326 327 328 329]] [22 [330 331 332 333 334 335 336 337 338 339 341 342 343 344]] [23 [345 347 348 349 351 352 353 354 355 356 359]] [24 [360 361 362 363 364 365 366 367 368 369 370 371 372 373 374]] [25 [378 379 380 381 382 383 385 386 388 389]] [26 [390 391 393 395 397 398 399 400 401 402 403 404]] [27 [406 407 408 409 414 415 416 417 418 419]] [28 [420 421 422 425 426 427 428 429 430 431 432 433 434]] [29 [435 436 437 438 439 441 442 443 444 445 446 447 449]] [30 [450 451 452 453 454 455 456 457 458 460 461 462 463 464]] [31 [465 466 467 468 469 470 472 473 474 475 476 477 478 479]] [32 [480 481 482 483 484 486 487 488 489 490 491 492 493 494]] [33 [496 497 498 499 500 501 502 504 505 506 507]] [34 [512 513 514 515 516 518 519 520 521 523 524]] [35 [525 526 527 528 529 530 531 532 533 534 535 536 538 539]] [36 [541 542 543 544 545 546 547 548 549 550 551 553 554]] [37 [555 556 557 558 559 562 563 564 565 567 569]] [38 [570 571 572 573 574 575 576 577 578 579 581 582 583 584]] [39 [585 586 587 588 589 590 592 593 594 595 596 598 599]] [40 [600 601 602 603 604 606 607 608 609 610 611 612 613 614]] [41 [615 616 617 618 619 620 621 623 624 626 627 628 629]] [42 [630 631 632 633 634 635 636 639 640 641 642 644]] [43 [645 647 648 649 651 652 653 654 655 656 657]] [44 [660 661 662 663 664 665 666 668 670 671 672 673 674]] [45 [675 676 677 678 679 680 681 682 683 685 686 687 688]] [46 [690 691 692 693 695 696 697 698 699 700]] [47 [708 709 710 711 712 713 715 716 717 718 719]] [48 [721 722 724 725 726 727 728 729 730 731 732 733 734]] [49 [735 736 737 738 739 740 741 742 743 744 745 746 747 748 749]] [50 [751 752 753 754 755 756 757 758 759 760 761 762 763 764]] [51 [765 766 767 768 769 770 772 774 776 777 778 779]] [52 [780 781 782 783 784 785 786 789 790 791 792 793]] [53 [796 797 798 799 800 801 802 803 804 806 809]] [54 [810 811 812 813 815 816 817 819 820 821 822 824]] [55 [825 826 827 829 830 831 833 835 836 839]] [56 [840 841 842 843 844 845 846 847 848 849 850 851 852 853 854]] [57 [855 857 858 859 860 861 862 863 864 865 866 867 868 869]] [58 [870 872 873 874 875 876 877 878 879 881 882 884]] [59 [885 886 887 890 891 892 893 895 896 897 898 899]] [60 [900 901 902 903 905 906 907 909 910 911 912 913 914]] [61 [916 917 919 920 921 923 924 925 926 927 929]] [62 [930 932 933 934 935 936 937 938 940 941 942 943 944]] [63 [945 946 948 949 950 951 952 953 954 955 956 957 958 959]] [64 [960 962 963 966 968 969 970 971 972 973 974]] [65 [975 976 978 979 980 981 982 983 984 985 986 987 988 989]] [66 [990 991 992 993 994 995 997 998 999 1001 1002 1003 1004]] [67 [1006 1007 1009 1010 1011 1012 1013 1015 1016 1017 1018 1019]] [68 [1020 1021 1022 1023 1024 1025 1026 1027 1028 1029 1030 1031 1032 1033 1034]] [69 [1037 1038 1042 1043 1044 1046 1047 1048]] [70 [1050 1051 1052 1053 1054 1055 1062 1063 1064]] [71 [1066 1067 1068 1069 1070 1072 1073 1074 1075 1077 1078 1079]] [72 [1080 1081 1082 1083 1084 1086 1087 1088 1089 1090 1092 1093 1094]] [73 [1095 1096 1097 1098 1099 1100 1103 1104 1105 1106 1107 1108 1109]] [74 [1111 1113 1114 1115 1118 1119 1120 1121 1122 1123]] [75 [1125 1126 1127 1128 1129 1130 1131 1133 1134 1135 1137 1138 1139]] [76 [1141 1142 1143 1144 1146 1147 1148 1149 1150 1151 1152 1153 1154]] [77 [1155 1156 1157 1158 1159 1160 1161 1163 1164 1166 1167 1168 1169]] [78 [1170 1171 1172 1174 1176 1177 1178 1179 1180 1181 1182 1183]] [79 [1185 1186 1187 1188 1189 1190 1192 1194 1196 1197 1199]] [80 [1200 1201 1203 1204 1205 1206 1207 1208 1209 1210 1211 1212 1213 1214]] [81 [1215 1217 1219 1220 1221 1224 1225 1226 1227 1228 1229]] [82 [1230 1231 1232 1234 1235 1237 1238 1239 1240 1241 1242 1243]] [83 [1246 1247 1248 1249 1250 1251 1252 1254 1256 1257 1258 1259]] [84 [1260 1261 1262 1263 1264 1265 1266 1267 1268 1271 1272 1273 1274]] [85 [1276 1277 1278 1279 1280 1281 1282 1283 1284 1285 1287 1288 1289]] [86 [1290 1291 1293 1295 1296 1297 1298 1300 1301 1302 1303 1304]] [87 [1305 1306 1307 1308 1309 1310 1311 1312 1313 1314 1315 1316 1317 1318]] [88 [1320 1321 1324 1325 1326 1327 1328 1329 1330 1332 1333 1334]] [89 [1335 1336 1338 1340 1342 1343 1345 1346 1347 1348 1349]] [90 [1350 1351 1352 1354 1355 1356 1357 1358 1359 1360 1361 1362 1363 1364]] [91 [1366 1367 1368 1369 1371 1372 1373 1374 1378]] [92 [1380 1381 1382 1383 1384 1385 1386 1387 1388 1389 1390 1391 1393 1394]] [93 [1395 1396 1397 1398 1399 1400 1401 1402 1403 1404 1405 1406 1408 1409]] [94 [1410 1411 1412 1415 1416 1418 1419 1420 1421 1422 1423 1424]] [95 [1426 1427 1428 1430 1431 1432 1433 1434 1435 1436 1437 1438]] [96 [1440 1441 1442 1443 1444 1445 1446 1447 1448 1449 1450 1451 1452 1453 1454]] [97 [1455 1456 1457 1459 1461 1463 1464 1467 1468 1469]] [98 [1470 1471 1472 1473 1474 1476 1477 1478 1479 1480 1482 1484]] [99 [1485 1486 1487 1489 1490 1491 1492 1493 1494 1495 1496 1497 1498]]]",,"[[{citizen 1} [[""A"" [4 2]]]] [{citizen 2} [[""A"" [2 4]]]] [{citizen 3} [[""A"" [2 4]]]] [{citizen 4} [[""A"" [2 2]]]] [{citizen 5} [[""A"" [2 2]]]] [{citizen 6} [[""A"" [2 2]]]] [{citizen 9} [[""A"" [2 4]]]] [{citizen 11} [[""A"" [4 2]]]] [{citizen 15} [[""A"" [2 4]]]] [{citizen 16} [[""A"" [2 4]]]] [{citizen 17} [[""A"" [3 2]]]] [{citizen 20} [[""A"" [2 4]]]] [{citizen 23} [[""A"" [2 2]]]] [{citizen 25} [[""A"" [3 2]]]] [{citizen 27} [[""A"" [2 2]]]] [{media 51} [[""A"" [2 2]]]] [{media 53} [[""A"" [4 4]]]] [{media 60} [[""A"" [4 4]]]] [{media 61} [[""A"" [3 3]]]] [{media 62} [[""A"" [4 4]]]] [{citizen 49} [[""A"" [2 2]]]] [{citizen 32} [[""A"" [2 4]]]] [{media 63} [[""A"" [3 3]]]] [{citizen 48} [[""A"" [2 2]]]] [{citizen 31} [[""A"" [4 2]]]] [{citizen 43} [[""A"" [2 2]]]] [{citizen 21} [[""A"" [4 4]]]] [{citizen 7} [[""A"" [2 2]]]] [{citizen 41} [[""A"" [4 2]]]] [{citizen 12} [[""A"" [2 4]]]] [{media 56} [[""A"" [2 2]]]] [{citizen 44} [[""A"" [3 2]]]] [{media 55} [[""A"" [3 3]]]] [{media 54} [[""A"" [3 3]]]] [{citizen 34} [[""A"" [2 4]]]] [{citizen 46} [[""A"" [2 2]]]] [{citizen 39} [[""A"" [2 4]]]] [{citizen 35} [[""A"" [4 2]]]] [{citizen 26} [[""A"" [2 2]]]] [{citizen 37} [[""A"" [2 4]]]] [{citizen 13} [[""A"" [2 4]]]] [{citizen 38} [[""A"" [4 2]]]] [{citizen 45} [[""A"" [4 2]]]] [{citizen 10} [[""A"" [4 2]]]] [{citizen 28} [[""A"" [2 4]]]] [{media 64} [[""A"" [3 3]]]] [{citizen 14} [[""A"" [4 2]]]] [{media 52} [[""A"" [2 2]]]] [{citizen 40} [[""A"" [4 2]]]] [{citizen 18} [[""A"" [2 2]]]] [{citizen 36} [[""A"" [2 2]]]] [{media 59} [[""A"" [4 4]]]] [{media 57} [[""A"" [2 2]]]] [{citizen 8} [[""A"" [2 2]]]] [{media 58} [[""A"" [1 1]]]] [{citizen 33} [[""A"" [2 4]]]] [{citizen 24} [[""A"" [2 2]]]] [{citizen 22} [[""A"" [2 2]]]] [{citizen 47} [[""A"" [2 4]]]] [{media 50} [[""A"" [4 4]]]] [{citizen 30} [[""A"" [2 2]]]] [{citizen 42} [[""A"" [2 4]]]] [{citizen 29} [[""A"" [2 2]]]] [{citizen 19} [[""A"" [2 2]]]]]"
"1","[170 0 85]","4.285714285714286","0.9251693436160806","14.672905049394783","""circle""","""""","9.9","{breed citizens}","false","0.5","1","""up""",,"[[""ID"" 47] [""alpha"" 1] [""beta"" 1] [""malleable"" [""A""]] [""prior"" []] [""cont_tokens"" []] [""A"" 2]]","[[0 [0 1 2 3 4 5 6 7 8 9 10 11 12 13 14]] [1 [15 16 17 18 19 20 21 22 23 24 25 26 27 28 29]] [2 [30 31 32 33 34 35 36 37 38 39 40 41 42 43 44]] [3 [45 46 47 48 49 50 51 52 53 54 55 56 57 58 59]] [4 [60 61 62 63 64 65 66 67 68 69 70 71 72 73 74]] [5 [75 76 77 78 79 80 81 82 83 84 85 86 87 88 89]] [6 [90 91 92 93 94 95 96 97 98 99 100 101 102 103 104]] [7 [105 106 107 108 109 110 111 112 113 114 115 116 117 118 119]] [8 [120 121 122 123 124 125 126 127 128 129 130 131 132 133 134]] [9 [135 136 137 138 139 140 141 142 143 144 145 146 147 148 149]] [10 [150 151 152 153 154 155 156 157 158 159 160 161 162 163 164]] [11 [165 166 167 168 169 170 171 172 173 174 175 176 177 178 179]] [12 [180 181 183 184 185 186 187 188 189 190 191 192 193 194]] [13 [195 196 197 198 199 200 201 202 203 204 205 206 207 208 209]] [14 [210 211 212 213 214 215 216 217 218 219 220 221 222 223 224]] [15 [225 226 227 228 229 230 231 232 233 234 235 236 237 238 239]] [16 [241 242 243 244 245 246 247 248 249 250 251 252 253 254]] [17 [255 256 257 258 259 260 261 262 263 264 265 266 267 268 269]] [18 [270 271 272 273 274 275 276 277 278 279 280 281 282 283 284]] [19 [285 286 287 288 289 290 291 292 293 294 295 296 297 298 299]] [20 [300 301 302 303 304 305 306 307 308 309 310 311 312 313 314]] [21 [315 316 317 318 319 320 321 322 323 324 325 326 327 328 329]] [22 [330 331 332 333 334 335 336 337 338 339 340 341 342 343 344]] [23 [345 346 347 348 349 350 351 352 353 354 355 356 357 358 359]] [24 [360 361 362 363 364 365 366 367 368 369 370 371 372 373 374]] [25 [375 376 377 378 379 380 381 382 383 384 385 386 387 388 389]] [26 [390 391 392 393 394 395 396 397 398 399 400 401 402 403 404]] [27 [405 406 407 408 409 410 411 412 413 414 415 416 417 418 419]] [28 [420 421 422 424 425 426 427 428 429 430 431 432 433 434]] [29 [435 436 437 438 439 440 441 442 443 444 445 446 447 448 449]] [30 [450 451 452 453 454 455 456 457 458 459 460 461 462 463 464]] [31 [465 466 467 468 469 470 471 472 473 474 475 476 477 478 479]] [32 [480 481 482 483 484 485 486 487 488 489 490 491 492 493 494]] [33 [495 496 497 498 499 500 501 502 503 504 505 506 507 508 509]] [34 [510 511 512 513 514 515 516 517 518 519 520 521 522 523 524]] [35 [525 526 527 528 529 530 531 532 533 534 535 536 537 538 539]] [36 [540 541 542 543 544 545 546 547 548 549 550 551 552 553 554]] [37 [555 556 557 558 559 560 561 562 563 564 565 566 567 568 569]] [38 [570 571 572 573 574 575 576 577 578 579 580 581 582 583 584]] [39 [585 586 587 588 589 590 592 593 594 595 596 597 598 599]] [40 [600 601 602 603 604 605 606 607 608 609 610 611 612 613 614]] [41 [615 616 617 618 619 620 621 622 623 624 626 627 628 629]] [42 [630 631 632 633 634 635 636 637 638 639 640 641 642 643 644]] [43 [645 646 647 648 649 650 651 652 653 654 655 656 657 658 659]] [44 [660 661 662 663 664 665 666 667 668 669 670 671 672 673 674]] [45 [675 676 677 678 679 680 681 682 683 684 685 686 687 688]] [46 [690 691 692 693 694 695 696 697 698 699 700 701 702 703 704]] [47 [705 706 707 708 709 710 711 712 713 714 715 716 717 718 719]] [48 [720 721 722 724 725 726 727 728 729 730 731 732 733 734]] [49 [735 736 737 738 739 740 741 742 743 744 745 746 747 748 749]] [50 [750 751 752 753 754 755 756 757 758 759 760 761 762 763 764]] [51 [765 766 767 768 769 770 771 772 773 774 775 776 777 778 779]] [52 [780 781 782 783 784 785 786 787 788 789 790 791 792 793 794]] [53 [795 796 797 798 799 800 801 802 803 804 805 806 807 808 809]] [54 [810 811 812 813 814 815 816 817 818 819 820 821 822 823 824]] [55 [825 826 827 828 829 830 831 832 833 834 835 836 837 838 839]] [56 [840 841 842 843 844 845 846 847 848 849 850 851 852 853 854]] [57 [855 856 857 858 859 860 861 862 863 864 865 866 867 868 869]] [58 [870 871 872 873 874 875 876 877 878 879 881 882 883 884]] [59 [885 886 887 888 889 890 891 892 893 894 895 896 897 898 899]] [60 [900 901 902 903 904 905 906 907 908 909 910 911 912 913 914]] [61 [915 916 917 918 919 920 921 922 923 924 925 926 927 928 929]] [62 [930 931 932 933 934 935 936 937 938 939 940 941 942 943 944]] [63 [945 946 948 949 950 951 952 953 954 955 956 957 958 959]] [64 [960 961 962 963 964 965 966 967 968 969 970 971 972 973 974]] [65 [975 976 977 978 979 980 981 982 983 984 985 986 987 988 989]] [66 [990 991 992 993 994 995 996 997 998 999 1000 1001 1002 1003 1004]] [67 [1005 1006 1007 1009 1010 1011 1012 1013 1014 1015 1016 1017 1018 1019]] [68 [1020 1021 1022 1023 1024 1025 1026 1027 1028 1029 1030 1031 1032 1033 1034]] [69 [1035 1036 1037 1038 1040 1042 1043 1044 1046 1047 1048]] [70 [1050 1051 1052 1053 1054 1055 1056 1057 1058 1059 1060 1061 1062 1063 1064]] [71 [1065 1066 1067 1068 1069 1070 1071 1072 1073 1074 1075 1076 1077 1078 1079]] [72 [1080 1081 1082 1083 1084 1085 1086 1087 1088 1089 1090 1091 1092 1093 1094]] [73 [1095 1096 1097 1098 1099 1100 1101 1102 1103 1104 1105 1106 1107 1108 1109]] [74 [1110 1111 1112 1113 1114 1115 1116 1117 1118 1119 1120 1121 1122 1123 1124]] [75 [1125 1126 1127 1128 1129 1130 1131 1132 1133 1134 1135 1136 1137 1138 1139]] [76 [1140 1141 1142 1143 1144 1145 1146 1147 1148 1149 1150 1151 1152 1153 1154]] [77 [1155 1156 1157 1158 1159 1160 1161 1162 1163 1164 1165 1166 1167 1168 1169]] [78 [1170 1171 1172 1173 1174 1175 1176 1177 1178 1179 1180 1181 1182 1183 1184]] [79 [1185 1186 1187 1188 1189 1190 1191 1192 1193 1194 1195 1196 1197 1198 1199]] [80 [1200 1201 1202 1203 1204 1205 1206 1207 1208 1209 1210 1211 1212 1213 1214]] [81 [1215 1216 1217 1218 1219 1220 1221 1222 1223 1224 1225 1226 1227 1228 1229]] [82 [1230 1231 1232 1233 1234 1235 1236 1237 1238 1239 1240 1241 1242 1243 1244]] [83 [1245 1246 1247 1248 1249 1250 1251 1252 1253 1254 1255 1256 1257 1258 1259]] [84 [1260 1261 1262 1263 1264 1265 1266 1267 1268 1269 1270 1271 1272 1273 1274]] [85 [1275 1276 1277 1278 1279 1280 1281 1282 1283 1284 1285 1287 1288 1289]] [86 [1290 1291 1292 1293 1295 1296 1297 1298 1299 1300 1301 1302 1303 1304]] [87 [1305 1306 1307 1308 1309 1310 1311 1312 1313 1314 1315 1316 1317 1318 1319]] [88 [1320 1321 1322 1324 1325 1326 1327 1328 1329 1330 1331 1332 1333 1334]] [89 [1335 1336 1337 1338 1339 1340 1342 1343 1344 1345 1346 1347 1348 1349]] [90 [1350 1351 1352 1353 1354 1355 1356 1357 1358 1359 1360 1361 1362 1363 1364]] [91 [1365 1366 1367 1368 1369 1370 1371 1372 1373 1374 1375 1376 1377 1378 1379]] [92 [1380 1381 1382 1383 1384 1385 1386 1387 1388 1389 1390 1391 1392 1393 1394]] [93 [1395 1396 1397 1398 1399 1400 1401 1402 1403 1404 1405 1406 1407 1408 1409]] [94 [1410 1411 1412 1413 1414 1415 1416 1417 1418 1419 1420 1421 1422 1423 1424]] [95 [1425 1426 1427 1428 1429 1430 1431 1432 1433 1434 1435 1436 1437 1438 1439]] [96 [1440 1441 1442 1443 1444 1445 1446 1447 1448 1449 1450 1451 1452 1453 1454]] [97 [1455 1456 1457 1458 1459 1460 1461 1462 1463 1464 1465 1466 1467 1468 1469]] [98 [1470 1471 1472 1473 1474 1475 1476 1477 1478 1479 1480 1481 1482 1483 1484]] [99 [1485 1486 1487 1488 1489 1490 1491 1492 1493 1494 1495 1496 1497 1498 1499]]]","[[0 [0 1 2 3 4 5 6 7 8 10 11 13]] [1 [15 16 17 18 19 20 21 22 23 24 25 27 28 29]] [2 [30 31 32 33 36 37 38 39 40 41 42 43 44]] [3 [45 46 47 48 49 50 51 52 53 55 56 58 59]] [4 [60 61 62 63 64 65 66 67 68 69 72 73 74]] [5 [76 77 78 79 80 81 82 84 85 87 88]] [6 [93 94 95 96 97 98 99 100 101 102 103 104]] [7 [106 107 108 109 110 111 112 114 115 116 117 118 119]] [8 [120 121 122 123 124 125 126 128 129 130 131 133 134]] [9 [135 136 137 138 139 140 142 143 144 145 146 148 149]] [10 [150 152 154 155 156 158 159 162 163 164]] [11 [165 166 167 168 169 170 171 172 173 174 176 177 178 179]] [12 [180 181 183 184 185 186 187 188 189 190 191 192 193]] [13 [195 196 197 199 200 201 202 203 204 206 207 208 209]] [14 [210 211 212 217 218 220 221 222 223 224]] [15 [225 226 228 229 230 231 232 233 234 235 236 237 238 239]] [16 [241 242 243 244 245 246 247 248 249 250 251 252 253 254]] [17 [255 256 257 258 259 260 261 262 265 266 269]] [18 [270 272 273 274 275 277 278 279 280 281 283 284]] [19 [285 286 287 288 289 290 291 292 293 294 296 297 298 299]] [20 [301 302 303 304 306 307 308 309 312 313 314]] [21 [315 316 319 320 321 323 324 326 327 328 329]] [22 [330 331 332 333 336 337 338 339 341 342 343 344]] [23 [345 346 347 348 349 350 352 353 354 355 356 357 358]] [24 [363 364 365 366 367 368 369 371 372 373 374]] [25 [378 379 380 381 382 383 385 386 388 389]] [26 [390 391 393 395 397 398 399 400 401 402 403 404]] [27 [405 406 407 408 409 411 412 413 414 415 416 418 419]] [28 [420 421 422 426 427 428 429 430 431 432 433 434]] [29 [435 438 439 440 441 442 443 444 446 447 449]] [30 [450 451 452 453 454 455 456 457 458 459 461 462 463 464]] [31 [467 468 469 470 472 473 474 475 476 477 478 479]] [32 [480 481 482 483 484 485 486 487 488 489 490 491 492 493]] [33 [495 496 497 498 499 500 501 502 503 504 505 506 507]] [34 [513 515 516 517 518 519 520 521 523 524]] [35 [525 526 527 528 530 532 533 534 535 536]] [36 [540 541 542 543 544 545 547 548 549 550 551 553]] [37 [555 556 557 558 560 561 562 563 564 565 567 569]] [38 [570 573 576 577 578 579 581 582 583 584]] [39 [585 586 587 588 589 590 592 593 594 595 596 598]] [40 [600 601 602 603 605 606 608 609 610 611 612 613 614]] [41 [615 616 618 619 620 621 623 624 626 627 628 629]] [42 [630 633 634 635 637 638 639 640 641 642 644]] [43 [645 647 648 649 651 652 653 655 656 657]] [44 [660 661 662 663 665 666 668 669 670 671 672 673 674]] [45 [675 676 677 678 679 680 681 682 683 684 685 686 687]] [46 [690 691 693 694 695 696 697 698 699 700]] [47 [705 706 707 709 710 711 712 713 715 716 717 718 719]] [48 [721 722 724 725 726 727 728 729 730 731 732 733]] [49 [735 736 737 738 739 740 741 742 743 744 745 746 747 748 749]] [50 [750 752 753 755 756 757 758 759 760 761 762 763 764]] [51 [765 766 767 768 769 771 772 773 774 776 777 778 779]] [52 [780 781 782 783 784 785 786 789 790 791 792 793]] [53 [797 798 799 800 801 802 803 804 805 806 808 809]] [54 [810 811 812 814 815 816 817 818 819 820 822 823 824]] [55 [825 827 828 829 830 831 832 833 837 838 839]] [56 [840 841 842 843 844 845 846 847 849 850 851 852 853 854]] [57 [855 856 857 858 859 860 861 863 864 865 866 867 868 869]] [58 [870 871 873 874 875 876 877 878 879 881 883 884]] [59 [885 886 887 888 889 890 891 892 893 895 896 897 898 899]] [60 [901 902 903 905 906 907 908 910 911 912 913 914]] [61 [915 916 917 919 920 921 923 924 925 926 927]] [62 [931 934 935 936 937 938 939 940 941 942 943 944]] [63 [945 946 950 951 952 953 954 956 957 958]] [64 [961 962 963 966 967 972 973 974]] [65 [975 976 977 978 979 980 981 982 983 984 985 988 989]] [66 [990 991 992 993 994 995 997 998 999 1000 1001 1002 1003 1004]] [67 [1006 1007 1009 1010 1011 1012 1014 1017 1018 1019]] [68 [1020 1021 1022 1023 1024 1025 1026 1027 1028 1029 1031 1032 1033 1034]] [69 [1037 1038 1042 1043 1044 1046 1047 1048]] [70 [1051 1052 1053 1054 1055 1058 1059 1060 1061 1062 1063 1064]] [71 [1066 1067 1068 1069 1070 1071 1072 1073 1074 1075 1077 1078]] [72 [1080 1081 1082 1083 1084 1085 1086 1088 1089 1090 1092 1093 1094]] [73 [1095 1098 1099 1101 1102 1103 1104 1105 1106 1107 1108 1109]] [74 [1112 1113 1114 1115 1118 1119 1120 1121 1122 1123 1124]] [75 [1125 1126 1127 1128 1129 1130 1131 1133 1136 1137 1138 1139]] [76 [1141 1143 1144 1146 1147 1148 1149 1152 1153 1154]] [77 [1155 1156 1157 1158 1159 1161 1163 1165 1166 1167]] [78 [1170 1171 1172 1175 1176 1178 1179 1180 1181 1182 1183]] [79 [1185 1186 1187 1188 1189 1190 1192 1194 1195 1196 1197 1199]] [80 [1200 1201 1203 1204 1205 1206 1207 1208 1209 1210 1214]] [81 [1215 1217 1218 1220 1221 1224 1225 1226 1227 1228 1229]] [82 [1230 1231 1232 1233 1234 1235 1237 1238 1239 1242 1243]] [83 [1246 1247 1248 1249 1250 1251 1252 1254 1255 1256 1257 1258 1259]] [84 [1260 1261 1262 1263 1264 1265 1266 1267 1268 1271 1272 1273 1274]] [85 [1275 1276 1277 1278 1279 1280 1281 1282 1283 1284 1285 1287 1288 1289]] [86 [1290 1291 1292 1295 1296 1297 1298 1300 1301 1302 1303 1304]] [87 [1305 1306 1307 1308 1309 1310 1311 1312 1313 1314 1315 1316 1317 1318]] [88 [1320 1321 1322 1325 1326 1327 1328 1329 1330 1332 1333 1334]] [89 [1335 1336 1338 1340 1342 1343 1345 1346 1347 1348 1349]] [90 [1351 1353 1354 1355 1356 1357 1358 1359 1360 1363 1364]] [91 [1366 1367 1368 1369 1370 1371 1372 1373 1374 1379]] [92 [1380 1381 1382 1383 1384 1385 1386 1387 1388 1389 1390 1391 1392 1394]] [93 [1395 1396 1397 1399 1400 1401 1402 1403 1404 1405 1406 1408]] [94 [1410 1411 1412 1414 1415 1416 1418 1419 1420 1421 1422 1423]] [95 [1425 1426 1427 1428 1430 1431 1432 1433 1434 1435 1437 1438]] [96 [1440 1441 1442 1443 1444 1447 1448 1449 1450 1451 1452 1453 1454]] [97 [1455 1456 1457 1460 1461 1463 1464 1467 1468 1469]] [98 [1470 1471 1472 1475 1476 1477 1478 1479 1480 1481 1482 1484]] [99 [1485 1486 1487 1489 1490 1491 1492 1493 1494 1495 1496 1497 1498]]]",,"[[{citizen 5} [[""A"" [2 2]]]] [{media 50} [[""A"" [4 4]]]] [{media 51} [[""A"" [2 2]]]] [{media 52} [[""A"" [2 2]]]] [{media 53} [[""A"" [4 4]]]] [{media 54} [[""A"" [3 3]]]] [{media 55} [[""A"" [3 3]]]] [{media 56} [[""A"" [2 2]]]] [{media 57} [[""A"" [2 2]]]] [{media 58} [[""A"" [1 1]]]] [{media 59} [[""A"" [4 4]]]] [{media 60} [[""A"" [4 4]]]] [{media 61} [[""A"" [3 3]]]] [{media 62} [[""A"" [4 4]]]] [{media 63} [[""A"" [3 3]]]] [{media 64} [[""A"" [3 3]]]] [{citizen 0} [[""A"" [2 2]]]] [{citizen 49} [[""A"" [2 4]]]] [{citizen 25} [[""A"" [2 2]]]] [{citizen 48} [[""A"" [2 4]]]] [{citizen 31} [[""A"" [2 4]]]] [{citizen 43} [[""A"" [2 2]]]] [{citizen 9} [[""A"" [2 4]]]] [{citizen 21} [[""A"" [2 4]]]] [{citizen 4} [[""A"" [2 4]]]] [{citizen 7} [[""A"" [3 2]]]] [{citizen 41} [[""A"" [2 4]]]] [{citizen 12} [[""A"" [2 4]]]] [{citizen 3} [[""A"" [2 4]]]] [{citizen 20} [[""A"" [3 2]]]] [{citizen 22} [[""A"" [3 2]]]] [{citizen 19} [[""A"" [2 2]]]] [{citizen 47} [[""A"" [2 2]]]] [{citizen 33} [[""A"" [2 2]]]] [{citizen 10} [[""A"" [2 2]]]] [{citizen 6} [[""A"" [2 2]]]] [{citizen 24} [[""A"" [2 2]]]] [{citizen 44} [[""A"" [3 2]]]] [{citizen 14} [[""A"" [3 2]]]] [{citizen 38} [[""A"" [2 2]]]] [{citizen 8} [[""A"" [2 2]]]] [{citizen 15} [[""A"" [2 2]]]] [{citizen 23} [[""A"" [3 2]]]] [{citizen 36} [[""A"" [2 4]]]] [{citizen 32} [[""A"" [2 4]]]] [{citizen 34} [[""A"" [3 2]]]] [{citizen 46} [[""A"" [2 4]]]] [{citizen 17} [[""A"" [3 2]]]] [{citizen 39} [[""A"" [2 4]]]] [{citizen 28} [[""A"" [2 4]]]] [{citizen 13} [[""A"" [2 4]]]] [{citizen 40} [[""A"" [2 4]]]] [{citizen 18} [[""A"" [2 2]]]] [{citizen 35} [[""A"" [2 4]]]] [{citizen 27} [[""A"" [2 2]]]] [{citizen 2} [[""A"" [2 4]]]] [{citizen 42} [[""A"" [2 4]]]] [{citizen 30} [[""A"" [2 2]]]] [{citizen 45} [[""A"" [4 2]]]] [{citizen 26} [[""A"" [2 2]]]] [{citizen 37} [[""A"" [4 4]]]] [{citizen 29} [[""A"" [2 2]]]] [{citizen 11} [[""A"" [2 4]]]] [{citizen 16} [[""A"" [3 2]]]]]"
"2","[85 0 170]","12.857142857142858","1.9340868773430882","12.860769631735616","""circle""","""""","9.9","{breed citizens}","false","0.5","1","""up""",,"[[""ID"" 2] [""alpha"" 1] [""beta"" 1] [""malleable"" [""A""]] [""prior"" []] [""cont_tokens"" []] [""A"" 4]]","[[0 [0 1 3 4 5 6 9 10 12 13]] [1 [15 16 17 18 19 20 21 22 23 24 25 26 27 28 29]] [2 [30 31 32 33 34 35 36 37 38 39 40 41 42 43 44]] [3 [45 46 47 48 49 50 51 52 53 54 55 56 57 58 59]] [4 [60 61 62 63 64 65 66 67 68 69 70 71 72 73 74]] [5 [75 76 77 78 79 80 81 82 83 84 85 86 87 88 89]] [6 [90 91 92 93 94 95 96 97 98 99 100 101 102 103 104]] [7 [105 106 107 108 109 110 111 112 113 114 115 116 117 118 119]] [8 [120 121 122 123 124 125 126 127 128 129 130 131 132 133 134]] [9 [135 136 137 138 139 140 141 142 143 144 145 146 147 148 149]] [10 [150 151 152 153 154 155 156 157 158 159 160 161 162 163 164]] [11 [165 166 167 168 169 170 171 172 173 174 175 176 177 178 179]] [12 [180 181 183 184 185 186 187 188 189 190 191 192 193 194]] [13 [195 196 197 198 199 200 201 202 203 204 205 206 207 208 209]] [14 [210 211 212 213 214 215 216 217 218 219 220 221 222 223 224]] [15 [225 226 227 228 229 230 231 232 233 234 235 236 237 238 239]] [16 [241 242 243 244 245 246 247 248 249 250 251 252 253 254]] [17 [255 256 257 258 259 260 261 262 263 264 265 266 267 268 269]] [18 [270 271 272 273 274 275 276 277 278 279 280 281 282 283 284]] [19 [285 286 287 288 289 290 291 292 293 294 295 296 297 298 299]] [20 [300 301 302 303 304 305 306 307 308 309 310 311 312 313 314]] [21 [315 316 317 318 319 320 321 322 323 324 325 326 327 328 329]] [22 [330 331 332 333 334 335 336 337 338 339 340 341 342 343 344]] [23 [345 346 347 348 349 350 351 352 353 354 355 356 357 358 359]] [24 [360 361 362 363 364 365 366 367 368 369 370 371 372 373 374]] [25 [375 376 377 378 379 380 381 382 383 384 385 386 387 388 389]] [26 [390 391 392 393 394 395 396 397 398 399 400 401 402 403 404]] [27 [405 406 407 408 409 410 411 412 413 414 415 416 417 418 419]] [28 [420 421 422 424 425 426 427 428 429 430 431 432 433 434]] [29 [435 436 437 438 439 440 441 442 443 444 445 446 447 448 449]] [30 [450 451 452 453 454 455 456 457 458 459 460 461 462 463 464]] [31 [465 466 467 468 469 470 471 472 473 474 475 476 477 478 479]] [32 [480 481 482 483 484 485 486 487 488 489 490 491 492 493 494]] [33 [495 496 497 498 499 500 501 502 503 504 505 506 507 508 509]] [34 [510 511 512 513 514 515 516 517 518 519 520 521 522 523 524]] [35 [525 526 527 528 529 530 531 532 533 534 535 536 537 538 539]] [36 [540 541 542 543 544 545 546 547 548 549 550 551 552 553 554]] [37 [555 556 557 558 559 560 561 562 563 564 565 566 567 568 569]] [38 [570 571 572 573 574 575 576 577 578 579 580 581 582 583 584]] [39 [585 586 587 588 589 590 592 593 594 595 596 597 598 599]] [40 [600 601 602 603 604 605 606 607 608 609 610 611 612 613 614]] [41 [615 616 617 618 619 620 621 622 623 624 626 627 628 629]] [42 [630 631 632 633 634 635 636 637 638 639 640 641 642 643 644]] [43 [645 646 647 648 649 650 651 652 653 654 655 656 657 658 659]] [44 [660 661 662 663 664 665 666 667 668 669 670 671 672 673 674]] [45 [675 676 677 678 679 680 681 682 683 684 685 686 687 688]] [46 [690 691 692 693 694 695 696 697 698 699 700 701 702 703 704]] [47 [705 706 707 708 709 710 711 712 713 715 716 717 718 719]] [48 [720 721 722 724 725 726 727 728 729 730 731 732 733 734]] [49 [735 736 737 738 739 740 741 742 743 744 745 746 747 748 749]] [50 [750 751 752 753 754 755 756 757 758 759 760 761 762 763 764]] [51 [765 766 767 768 769 770 771 772 773 774 775 776 777 778 779]] [52 [780 781 782 783 784 785 786 787 788 789 790 791 792 793 794]] [53 [795 796 797 798 799 800 801 802 803 804 805 806 807 808 809]] [54 [810 811 812 813 814 815 816 817 818 819 820 821 822 823 824]] [55 [825 826 827 828 829 830 831 832 833 834 835 836 837 838 839]] [56 [840 841 842 843 844 845 846 847 848 849 850 851 852 853 854]] [57 [855 856 857 858 859 860 861 862 863 864 865 866 867 868 869]] [58 [870 871 872 873 874 875 876 877 878 879 881 882 883 884]] [59 [885 886 887 888 889 890 891 892 893 894 895 896 897 898 899]] [60 [900 901 902 903 904 905 906 907 908 909 910 911 912 913 914]] [61 [915 916 917 918 919 920 921 922 923 924 925 926 927 928 929]] [62 [930 931 932 933 934 935 936 937 938 939 940 941 942 943 944]] [63 [945 946 948 949 950 951 952 953 954 955 956 957 958 959]] [64 [960 961 962 963 964 965 966 967 968 969 970 971 972 973 974]] [65 [975 976 977 978 979 980 981 982 983 984 985 986 987 988 989]] [66 [990 991 992 993 994 995 996 997 998 999 1000 1001 1002 1003 1004]] [67 [1005 1006 1007 1009 1010 1011 1012 1013 1014 1015 1016 1017 1018 1019]] [68 [1020 1021 1022 1023 1024 1025 1026 1027 1028 1029 1030 1031 1032 1033 1034]] [69 [1035 1036 1037 1038 1040 1042 1043 1044 1046 1047 1048]] [70 [1050 1051 1052 1053 1054 1055 1056 1057 1058 1059 1060 1061 1062 1063 1064]] [71 [1065 1066 1067 1068 1069 1070 1071 1072 1073 1074 1075 1076 1077 1078 1079]] [72 [1080 1081 1082 1083 1084 1085 1086 1087 1088 1089 1090 1091 1092 1093 1094]] [73 [1095 1096 1097 1098 1099 1100 1101 1102 1103 1104 1105 1106 1107 1108 1109]] [74 [1110 1111 1112 1113 1114 1115 1116 1117 1118 1119 1120 1121 1122 1123 1124]] [75 [1125 1126 1127 1128 1129 1130 1131 1132 1133 1134 1135 1136 1137 1138 1139]] [76 [1140 1141 1142 1143 1144 1145 1146 1147 1148 1149 1150 1151 1152 1153 1154]] [77 [1155 1156 1157 1158 1159 1160 1161 1162 1163 1164 1165 1166 1167 1168 1169]] [78 [1170 1171 1172 1173 1174 1175 1176 1177 1178 1179 1180 1181 1182 1183 1184]] [79 [1185 1186 1187 1188 1189 1190 1191 1192 1193 1194 1195 1196 1197 1198 1199]] [80 [1200 1201 1202 1203 1204 1205 1206 1207 1208 1209 1210 1211 1212 1213 1214]] [81 [1215 1216 1217 1218 1219 1220 1221 1222 1223 1224 1225 1226 1227 1228 1229]] [82 [1230 1231 1232 1233 1234 1235 1236 1237 1238 1239 1240 1241 1242 1243 1244]] [83 [1245 1246 1247 1248 1249 1250 1251 1252 1253 1254 1255 1256 1257 1258 1259]] [84 [1260 1261 1262 1263 1264 1265 1266 1267 1268 1269 1270 1271 1272 1273 1274]] [85 [1275 1276 1277 1278 1279 1280 1281 1282 1283 1284 1285 1287 1288 1289]] [86 [1290 1291 1292 1293 1295 1296 1297 1298 1299 1300 1301 1302 1303 1304]] [87 [1305 1306 1307 1308 1309 1310 1311 1312 1313 1314 1315 1316 1317 1318 1319]] [88 [1320 1321 1322 1324 1325 1326 1327 1328 1329 1330 1331 1332 1333 1334]] [89 [1335 1336 1337 1338 1339 1340 1342 1343 1344 1345 1346 1347 1348 1349]] [90 [1350 1351 1352 1353 1354 1355 1356 1357 1358 1359 1360 1361 1362 1363 1364]] [91 [1365 1366 1367 1368 1369 1370 1371 1372 1373 1374 1375 1376 1377 1378 1379]] [92 [1380 1381 1382 1383 1384 1385 1386 1387 1388 1389 1390 1391 1392 1393 1394]] [93 [1395 1396 1397 1398 1399 1400 1401 1402 1403 1404 1405 1406 1407 1408 1409]] [94 [1410 1411 1412 1413 1414 1415 1416 1417 1418 1419 1420 1421 1422 1423 1424]] [95 [1425 1426 1427 1428 1429 1430 1431 1432 1433 1434 1435 1436 1437 1438 1439]] [96 [1440 1441 1442 1443 1444 1445 1446 1447 1448 1449 1450 1451 1452 1453 1454]] [97 [1455 1456 1457 1458 1459 1460 1461 1462 1463 1464 1465 1466 1467 1468 1469]] [98 [1470 1471 1472 1473 1474 1475 1476 1477 1478 1479 1480 1481 1482 1483 1484]] [99 [1485 1486 1487 1488 1489 1490 1491 1492 1493 1494 1495 1496 1497 1498 1499]]]","[[0 [1 3 4 5 6 9 10 12]] [1 [15 16 17 18 19 20 21 22 23 24 25 26 28 29]] [2 [30 31 32 33 36 37 38 39 40 41 42 43 44]] [3 [45 46 47 48 50 51 52 53 54 55 56 58]] [4 [60 61 62 63 64 67 68 69 72 73 74]] [5 [75 76 77 78 79 80 82 84 85 87 88]] [6 [93 94 95 96 97 98 99 100 101 102 103 104]] [7 [106 107 108 109 110 111 113 114 115 116 117 118 119]] [8 [120 121 122 123 124 125 126 127 128 130 131 133 134]] [9 [135 136 137 138 139 140 142 143 144 145 146]] [10 [151 153 154 155 156 159 162 163 164]] [11 [165 166 167 168 169 170 171 172 173 174 176 177 178 179]] [12 [180 181 183 184 185 186 187 188 189 190 191 192 193 194]] [13 [196 197 198 199 200 201 202 203 204 205 206 208 209]] [14 [210 211 212 218 219 220 221 222 223 224]] [15 [225 226 227 228 229 230 231 232 233 234 235 236 237 238 239]] [16 [241 242 243 244 245 246 247 248 249 250 251 252 253]] [17 [255 256 257 258 259 260 261 262 265 266 267 268 269]] [18 [270 272 273 274 275 277 278 279 280 281 283 284]] [19 [285 286 287 288 289 290 291 292 293 294 296 297 298]] [20 [300 301 302 303 304 306 307 308 309 312 313 314]] [21 [315 317 318 320 321 324 326 327 328 329]] [22 [330 331 332 333 334 335 336 337 338 339 341 343 344]] [23 [345 347 348 349 351 352 353 354 355 356 359]] [24 [360 361 362 363 364 365 366 367 368 369 371]] [25 [375 376 377 379 380 381 382 383 386 387 388 389]] [26 [390 391 393 395 396 398 399 400 401 402 403 404]] [27 [406 407 408 409 411 412 413 414 415 417 418 419]] [28 [420 421 422 426 427 428 429 430 431 432 433 434]] [29 [435 436 437 438 440 441 442 443 444 445 446 447 449]] [30 [450 451 452 453 454 455 456 457 458 459]] [31 [465 466 467 468 469 470 471 472 473 474 475 476 477 478 479]] [32 [480 481 482 483 484 486 487 488 489 491 493 494]] [33 [496 497 498 499 500 501 502 503 504 505 506 507]] [34 [510 511 512 513 515 516 518 519 520 522 523 524]] [35 [525 526 527 528 529 530 532 533 534 535 536]] [36 [540 542 543 544 545 546 547 548 549 550 551 553 554]] [37 [555 556 557 558 559 560 561 562 563 564 565 567 569]] [38 [570 571 572 573 574 575 576 577 578 579 581 582 583 584]] [39 [585 586 587 588 589 590 592 594 595 596 597 598 599]] [40 [600 601 602 603 604 607 608 609 610 611 612 613 614]] [41 [615 616 618 619 620 621 622 623 624 626 627 628 629]] [42 [630 631 632 633 634 635 636 637 638 639 640 641 642 644]] [43 [645 646 648 649 650 651 652 653 655 656 657]] [44 [660 661 662 663 665 666 668 669 670 671 672 673 674]] [45 [675 676 677 678 679 680 681 682 683 684 685 686 688]] [46 [690 692 693 695 696 697 698 699 701 702 703 704]] [47 [705 706 707 709 710 711 712 713 715 716 717 718 719]] [48 [721 722 724 725 726 727 728 729 730 731 732 733]] [49 [735 737 738 739 740 741 742 743 744 745 746 747 748 749]] [50 [750 751 752 753 754 755 756 757 758 759 760 761 763 764]] [51 [765 766 767 768 769 771 772 773 774 779]] [52 [780 781 782 783 784 785 786 787 788 789 790 794]] [53 [795 799 800 802 803 804 806]] [54 [810 811 812 814 815 816 817 818 819 820 822]] [55 [826 827 828 829 830 831 832 833 837 838 839]] [56 [840 841 842 843 844 845 846 847 849 850 851 852 853 854]] [57 [855 856 857 858 859 860 861 863 864 865 866 867 868 869]] [58 [870 871 873 874 875 876 877 878 879 881 882 884]] [59 [885 886 887 888 889 890 891 892 893 895 896 897 898 899]] [60 [904 905 906 907 909 910 911 912 913 914]] [61 [916 917 918 919 920 921 923 924 925 926 927]] [62 [931 936 937 938 939 940 941 942 943 944]] [63 [945 946 948 949 950 951 952 953 954 956 957 958 959]] [64 [960 964 965 966 968 969 970 971 972 973 974]] [65 [975 976 977 978 979 980 981 983 984 985 988 989]] [66 [990 991 992 993 994 995 997 998 999 1000 1002 1003 1004]] [67 [1006 1007 1009 1010 1011 1012 1014 1017 1018 1019]] [68 [1020 1021 1022 1023 1024 1025 1026 1028 1029 1030 1031 1032 1033 1034]] [69 [1037 1038 1042 1043 1044 1046 1047 1048]] [70 [1051 1052 1053 1054 1055 1058 1059 1060 1061 1062 1063 1064]] [71 [1066 1067 1068 1069 1070 1071 1072 1073 1074 1075 1077 1078 1079]] [72 [1080 1081 1082 1083 1084 1086 1087 1088 1089 1092 1093 1094]] [73 [1095 1097 1098 1099 1101 1102 1103 1104 1105 1106 1107 1108 1109]] [74 [1110 1111 1112 1113 1114 1115 1118 1119 1120 1121 1122 1123 1124]] [75 [1125 1126 1127 1128 1129 1130 1131 1132 1134 1135 1137 1138 1139]] [76 [1140 1141 1142 1143 1144 1146 1147 1148 1149 1150 1151 1152 1153 1154]] [77 [1155 1156 1157 1158 1159 1160 1161 1163 1165 1167 1169]] [78 [1170 1171 1172 1175 1176 1178 1179 1180 1181 1182 1183 1184]] [79 [1186 1187 1188 1189 1190 1191 1192 1193 1195 1196 1197 1199]] [80 [1200 1201 1202 1204 1205 1206 1207 1208 1209 1210 1211 1212 1213 1214]] [81 [1215 1216 1217 1218 1220 1221 1222 1223 1224 1225 1226 1227 1228 1229]] [82 [1230 1231 1232 1233 1234 1235 1236 1237 1238 1240 1241 1242 1243]] [83 [1246 1247 1248 1249 1250 1251 1252 1253 1254 1255 1256 1258 1259]] [84 [1260 1261 1262 1263 1264 1265 1266 1267 1268 1270 1271 1272 1273 1274]] [85 [1276 1277 1278 1279 1280 1281 1282 1283 1284 1285 1287 1288 1289]] [86 [1290 1291 1293 1295 1296 1297 1298 1300 1301 1302 1303 1304]] [87 [1305 1306 1307 1308 1309 1310 1311 1312 1313 1314 1315 1316 1317 1318]] [88 [1320 1321 1322 1324 1325 1326 1327 1328 1329 1330 1331 1332 1333 1334]] [89 [1335 1337 1338 1340 1342 1343 1344 1345 1346 1347 1348]] [90 [1350 1351 1352 1354 1355 1356 1357 1358 1359 1360 1361 1362 1363 1364]] [91 [1366 1367 1368 1369 1371 1372 1373 1374 1379]] [92 [1380 1381 1382 1383 1384 1385 1386 1388 1389 1390 1391 1392 1394]] [93 [1395 1396 1397 1398 1399 1400 1401 1402 1403 1404 1405 1406 1408]] [94 [1410 1411 1412 1414 1415 1416 1418 1419 1420 1421 1422 1423 1424]] [95 [1426 1427 1428 1429 1430 1431 1432 1433 1434 1435 1437 1438]] [96 [1440 1441 1442 1443 1444 1445 1446 1447 1448 1449 1452 1453 1454]] [97 [1455 1456 1457 1458 1459 1461 1463 1464 1467 1468 1469]] [98 [1470 1471 1472 1473 1474 1475 1478 1479 1480 1482 1484]] [99 [1485 1486 1487 1489 1490 1491 1492 1493 1494 1495 1496 1497 1499]]]",,"[[{citizen 4} [[""A"" [2 2]]]] [{citizen 5} [[""A"" [2 2]]]] [{citizen 6} [[""A"" [2 2]]]] [{citizen 7} [[""A"" [2 2]]]] [{citizen 11} [[""A"" [2 2]]]] [{citizen 12} [[""A"" [2 4]]]] [{citizen 13} [[""A"" [3 2]]]] [{citizen 22} [[""A"" [2 2]]]] [{citizen 28} [[""A"" [2 4]]]] [{citizen 34} [[""A"" [2 2]]]] [{citizen 37} [[""A"" [4 4]]]] [{citizen 44} [[""A"" [2 2]]]] [{citizen 46} [[""A"" [2 4]]]] [{citizen 49} [[""A"" [2 2]]]] [{media 50} [[""A"" [4 4]]]] [{media 51} [[""A"" [2 2]]]] [{media 53} [[""A"" [4 4]]]] [{media 55} [[""A"" [3 3]]]] [{media 56} [[""A"" [2 2]]]] [{media 57} [[""A"" [2 2]]]] [{media 60} [[""A"" [4 4]]]] [{media 61} [[""A"" [3 3]]]] [{media 62} [[""A"" [4 4]]]] [{media 64} [[""A"" [3 3]]]] [{citizen 0} [[""A"" [2 2]]]] [{citizen 1} [[""A"" [4 2]]]] [{citizen 32} [[""A"" [2 2]]]] [{citizen 9} [[""A"" [2 2]]]] [{citizen 15} [[""A"" [3 2]]]] [{citizen 17} [[""A"" [2 2]]]] [{citizen 16} [[""A"" [3 2]]]] [{media 63} [[""A"" [3 3]]]] [{citizen 25} [[""A"" [2 2]]]] [{citizen 48} [[""A"" [2 4]]]] [{citizen 31} [[""A"" [2 2]]]] [{citizen 43} [[""A"" [2 2]]]] [{citizen 21} [[""A"" [2 4]]]] [{citizen 41} [[""A"" [4 2]]]] [{citizen 3} [[""A"" [2 2]]]] [{citizen 20} [[""A"" [2 2]]]] [{citizen 19} [[""A"" [2 2]]]] [{citizen 47} [[""A"" [3 2]]]] [{citizen 33} [[""A"" [2 2]]]] [{citizen 10} [[""A"" [4 2]]]] [{citizen 24} [[""A"" [2 2]]]] [{citizen 29} [[""A"" [3 2]]]] [{citizen 26} [[""A"" [2 2]]]] [{citizen 18} [[""A"" [2 2]]]] [{citizen 40} [[""A"" [2 2]]]] [{citizen 14} [[""A"" [2 2]]]] [{citizen 38} [[""A"" [2 2]]]] [{citizen 8} [[""A"" [2 2]]]] [{citizen 35} [[""A"" [2 2]]]] [{citizen 45} [[""A"" [2 2]]]] [{citizen 30} [[""A"" [2 2]]]] [{citizen 23} [[""A"" [2 2]]]] [{citizen 36} [[""A"" [2 2]]]] [{citizen 42} [[""A"" [3 2]]]] [{media 54} [[""A"" [3 3]]]] [{citizen 39} [[""A"" [2 4]]]] [{citizen 27} [[""A"" [2 2]]]] [{media 52} [[""A"" [2 2]]]] [{media 59} [[""A"" [4 4]]]] [{media 58} [[""A"" [1 1]]]]]"
"3","[85 0 170]","66.12244897959184","6.172506560752396","2.669306002147368","""circle""","""""","9.9","{breed citizens}","false","0.5","1","""up""",,"[[""ID"" 12] [""alpha"" 1] [""beta"" 1] [""malleable"" [""A""]] [""prior"" []] [""cont_tokens"" []] [""A"" 4]]","[[0 [0 1 3 4 5 6 9 10 12 13]] [1 [15 16 17 18 19 20 21 22 23 24 25 26 27 28 29]] [2 [30 31 32 33 34 35 36 37 38 39 40 41 42 43 44]] [3 [45 46 47 48 49 50 51 52 53 54 55 56 57 58 59]] [4 [60 61 62 63 64 65 66 67 68 69 70 71 72 73 74]] [5 [75 76 77 78 79 80 81 82 83 84 85 86 87 88 89]] [6 [90 91 92 93 94 95 96 97 98 99 100 101 102 103 104]] [7 [105 106 107 108 109 110 111 112 113 114 115 116 117 118 119]] [8 [120 121 122 123 124 125 126 127 128 129 130 131 132 133 134]] [9 [135 136 137 138 139 140 141 142 143 144 145 146 147 148 149]] [10 [150 151 152 153 154 155 156 157 158 159 160 161 162 163 164]] [11 [165 166 167 168 169 170 171 172 173 174 175 176 177 178 179]] [12 [180 181 183 184 185 186 187 188 189 190 191 192 193 194]] [13 [195 196 197 198 199 200 201 202 203 204 205 206 207 208 209]] [14 [210 211 212 213 214 215 216 217 218 219 220 221 222 223 224]] [15 [225 226 227 228 229 230 231 232 233 234 235 236 237 238 239]] [16 [241 242 243 244 245 246 247 248 249 250 251 252 253 254]] [17 [255 256 257 258 259 260 261 262 263 264 265 266 267 268 269]] [18 [270 271 272 273 274 275 276 277 278 279 280 281 282 283 284]] [19 [285 286 287 288 289 290 291 292 293 294 295 296 297 298 299]] [20 [300 301 302 303 304 305 306 307 308 309 310 311 312 313 314]] [21 [315 316 317 318 319 320 321 322 323 324 325 326 327 328 329]] [22 [330 331 332 333 334 335 336 337 338 339 340 341 342 343 344]] [23 [345 346 347 348 349 350 351 352 353 354 355 356 357 358 359]] [24 [360 361 362 363 364 365 366 367 368 369 370 371 372 373 374]] [25 [375 376 377 378 379 380 381 382 383 384 385 386 387 388 389]] [26 [390 391 392 393 394 395 396 397 398 399 400 401 402 403 404]] [27 [405 406 407 408 409 410 411 412 413 414 415 416 417 418 419]] [28 [420 421 422 424 425 426 427 428 429 430 431 432 433 434]] [29 [435 436 437 438 439 440 441 442 443 444 445 446 447 448 449]] [30 [450 451 452 453 454 455 456 457 458 459 460 461 462 463 464]] [31 [465 466 467 468 469 470 471 472 473 474 475 476 477 478 479]] [32 [480 481 482 483 484 485 486 487 488 489 490 491 492 493 494]] [33 [495 496 497 498 499 500 501 502 503 504 505 506 507 508 509]] [34 [510 511 512 513 514 515 516 517 518 519 520 521 522 523 524]] [35 [525 526 527 528 529 530 531 532 533 534 535 536 537 538 539]] [36 [540 541 542 543 544 545 546 547 548 549 550 551 553 554]] [37 [555 556 557 558 559 560 561 562 563 564 565 566 567 568 569]] [38 [570 571 572 573 574 575 576 577 578 579 580 581 582 583 584]] [39 [585 586 587 588 589 590 592 593 594 595 596 597 598 599]] [40 [600 601 602 603 604 605 606 607 608 609 610 611 612 613 614]] [41 [615 616 617 618 619 620 621 622 623 624 626 627 628 629]] [42 [630 631 632 633 634 635 636 637 638 639 640 641 642 643 644]] [43 [645 646 647 648 649 650 651 652 653 654 655 656 657 658 659]] [44 [660 661 662 663 664 665 666 667 668 669 670 671 672 673 674]] [45 [675 676 677 678 679 680 681 682 683 684 685 686 687 688]] [46 [690 691 692 693 694 695 696 697 698 699 700 701 702 703 704]] [47 [705 706 707 708 709 710 711 712 713 715 716 717 718 719]] [48 [720 721 722 724 725 726 727 728 729 730 731 732 733 734]] [49 [735 736 737 738 739 740 741 742 743 744 745 746 747 748 749]] [50 [750 751 752 753 754 755 756 757 758 759 760 761 762 763 764]] [51 [765 766 767 768 769 770 771 772 773 774 775 776 777 778 779]] [52 [780 781 782 783 784 785 786 787 788 789 790 791 792 793 794]] [53 [795 796 797 798 799 800 801 802 803 804 805 806 807 808 809]] [54 [810 811 812 813 814 815 816 817 818 819 820 821 822 823 824]] [55 [825 826 827 828 829 830 831 832 833 834 835 836 837 838 839]] [56 [840 841 842 843 844 845 846 847 848 849 850 851 852 853 854]] [57 [855 856 857 858 859 860 861 862 863 864 865 866 867 868 869]] [58 [870 871 872 873 874 875 876 877 878 879 881 882 883 884]] [59 [885 886 887 888 889 890 891 892 893 894 895 896 897 898 899]] [60 [900 901 902 903 904 905 906 907 908 909 910 911 912 913 914]] [61 [915 916 917 918 919 920 921 922 923 924 925 926 927 928 929]] [62 [930 931 932 933 934 935 936 937 938 939 940 941 942 943 944]] [63 [945 946 948 949 950 951 952 953 954 955 956 957 958 959]] [64 [960 961 962 963 964 965 966 967 968 969 970 971 972 973 974]] [65 [975 976 977 978 979 980 981 982 983 984 985 986 987 988 989]] [66 [990 991 992 993 994 995 996 997 998 999 1000 1001 1002 1003 1004]] [67 [1005 1006 1007 1009 1010 1011 1012 1013 1014 1015 1016 1017 1018 1019]] [68 [1020 1021 1022 1023 1024 1025 1026 1027 1028 1029 1030 1031 1032 1033 1034]] [69 [1035 1036 1037 1038 1040 1042 1043 1044 1046 1047 1048]] [70 [1050 1051 1052 1053 1054 1055 1056 1057 1058 1059 1060 1061 1062 1063 1064]] [71 [1065 1066 1067 1068 1069 1070 1071 1072 1073 1074 1075 1076 1077 1078 1079]] [72 [1080 1081 1082 1083 1084 1085 1086 1087 1088 1089 1090 1091 1092 1093 1094]] [73 [1095 1096 1097 1098 1099 1100 1101 1102 1103 1104 1105 1106 1107 1108 1109]] [74 [1110 1111 1112 1113 1114 1115 1116 1117 1118 1119 1120 1121 1122 1123 1124]] [75 [1125 1126 1127 1128 1129 1130 1131 1132 1133 1134 1135 1136 1137 1138 1139]] [76 [1140 1141 1142 1143 1144 1145 1146 1147 1148 1149 1150 1151 1152 1153 1154]] [77 [1155 1156 1157 1158 1159 1160 1161 1162 1163 1164 1165 1166 1167 1168 1169]] [78 [1170 1171 1172 1173 1174 1175 1176 1177 1178 1179 1180 1181 1182 1183 1184]] [79 [1185 1186 1187 1188 1189 1190 1191 1192 1193 1194 1195 1196 1197 1198 1199]] [80 [1200 1201 1202 1203 1204 1205 1206 1207 1208 1209 1210 1211 1212 1213 1214]] [81 [1215 1216 1217 1218 1219 1220 1221 1222 1223 1224 1225 1226 1227 1228 1229]] [82 [1230 1231 1232 1233 1234 1235 1236 1237 1238 1239 1240 1241 1242 1243 1244]] [83 [1245 1246 1247 1248 1249 1250 1251 1252 1253 1254 1255 1256 1257 1258 1259]] [84 [1260 1261 1262 1263 1264 1265 1266 1267 1268 1269 1270 1271 1272 1273 1274]] [85 [1275 1276 1277 1278 1279 1280 1281 1282 1283 1284 1285 1287 1288 1289]] [86 [1290 1291 1292 1293 1295 1296 1297 1298 1299 1300 1301 1302 1303 1304]] [87 [1305 1306 1307 1308 1309 1310 1311 1312 1313 1314 1315 1316 1317 1318 1319]] [88 [1320 1321 1322 1324 1325 1326 1327 1328 1329 1330 1331 1332 1333 1334]] [89 [1335 1336 1337 1338 1339 1340 1342 1343 1344 1345 1346 1347 1348 1349]] [90 [1350 1351 1352 1353 1354 1355 1356 1357 1358 1359 1360 1361 1362 1363 1364]] [91 [1365 1366 1367 1368 1369 1370 1371 1372 1373 1374 1375 1376 1377 1378 1379]] [92 [1380 1381 1382 1383 1384 1385 1386 1387 1388 1389 1390 1391 1392 1393 1394]] [93 [1395 1396 1397 1398 1399 1400 1401 1402 1403 1404 1405 1406 1407 1408 1409]] [94 [1410 1411 1412 1413 1414 1415 1416 1417 1418 1419 1420 1421 1422 1423 1424]] [95 [1425 1426 1427 1428 1429 1430 1431 1432 1433 1434 1435 1436 1437 1438 1439]] [96 [1440 1441 1442 1443 1444 1445 1446 1447 1448 1449 1450 1451 1452 1453 1454]] [97 [1455 1456 1457 1458 1459 1460 1461 1462 1463 1464 1465 1466 1467 1468 1469]] [98 [1470 1471 1472 1473 1474 1475 1476 1477 1478 1479 1480 1481 1482 1483 1484]] [99 [1485 1486 1487 1488 1489 1490 1491 1492 1493 1494 1495 1496 1497 1498 1499]]]","[[0 [1 3 4 5 6 9 10 13]] [1 [16 17 18 19 20 21 22 24 25 27 29]] [2 [30 31 32 33 35 37 38 39 40 41 42 43 44]] [3 [45 46 47 48 50 51 52 53 54 55 56 58]] [4 [60 61 62 63 64 65 66 70 71 72 73 74]] [5 [76 77 78 79 80 82 83 84 85 86 87 88 89]] [6 [90 91 92 94 95 96 97 98 99 100 101 102 103 104]] [7 [106 107 109 110 111 112 113 114 115 116 117 118 119]] [8 [120 121 122 123 124 125 126 128 130 131 133 134]] [9 [135 136 137 138 139 140 141 142 143 144 145 146]] [10 [151 153 154 155 156 158 160 161 162 164]] [11 [165 166 167 168 169 170 171 173 174 176 177 178 179]] [12 [180 181 184 185 186 187 188 189 191 192 193 194]] [13 [196 197 198 199 200 201 202 203 204 205 206 207 208]] [14 [210 211 213 214 215 216 217 218 219 220 221 222 224]] [15 [225 226 227 228 229 230 231 232 233 234 235 236 237 238 239]] [16 [242 243 244 245 246 247 248 249 250 251 252 253]] [17 [255 256 257 258 259 260 261 263 264 266 267 268]] [18 [270 271 272 273 275 277 278 279 280 281 282 283 284]] [19 [285 286 287 288 289 290 291 292 293 294 296 297 298]] [20 [300 301 302 303 304 307 308 309 310 311 313 314]] [21 [315 316 319 320 321 322 323 325 327 328 329]] [22 [330 331 332 333 335 336 337 338 339 341 343 344]] [23 [345 347 348 349 351 352 353 354 355 356 359]] [24 [360 361 362 363 364 365 366 367 368 369 371]] [25 [375 376 377 378 379 380 381 382 383 388 389]] [26 [390 391 392 394 395 397 398 399 400 401 402 403 404]] [27 [406 407 408 409 411 412 413 414 415 416 417 418 419]] [28 [420 421 422 425 427 428 429 430 431 432 433 434]] [29 [435 438 439 440 441 442 443 444 446 447 449]] [30 [450 451 453 454 455 456 457 458 459 461 462 463 464]] [31 [465 466 467 468 469 470 471 472 473 474 475 476 477 478 479]] [32 [480 481 482 483 484 486 487 488 489 491 493 494]] [33 [495 496 497 498 499 500 501 502 503 504 505 506 507]] [34 [510 511 512 513 514 515 516 517 518 519 520 521 523 524]] [35 [525 526 527 528 529 530 532 533 534 537 538 539]] [36 [540 541 542 543 544 545 546 547 548 549 550 551 554]] [37 [555 556 559 560 561 562 563 564 565 567 568 569]] [38 [570 572 573 574 575 576 577 578 579 581 582 583 584]] [39 [585 586 587 590 592 593 594 595 596 598 599]] [40 [600 601 602 603 604 605 606 608 609 610 611 613 614]] [41 [615 616 617 618 619 620 621 623 624 626 627 628 629]] [42 [630 631 632 633 634 635 637 638 639 640 641 642 643 644]] [43 [645 647 649 651 652 653 655 656 657]] [44 [660 661 662 663 664 665 666 668 669 670 671 672 673 674]] [45 [675 676 677 678 679 680 681 682 683 684 685 686 687 688]] [46 [690 692 693 694 695 696 697 698 699 700 703 704]] [47 [705 706 708 709 710 711 712 713 715 716 717 719]] [48 [721 722 724 725 726 727 728 729 730 731 732 733 734]] [49 [735 736 738 739 740 741 742 743 744 745 746 747 748 749]] [50 [751 752 753 754 755 756 757 758 759 760 761 762 763 764]] [51 [765 766 767 768 770 771 772 773 774 776 777 778 779]] [52 [780 781 782 783 784 785 786 789 790 794]] [53 [795 796 797 798 799 800 801 802 803 804 806 807 808 809]] [54 [810 811 812 813 815 816 817 818 819 820 822 823 824]] [55 [825 826 827 829 830 831 832 833 835 836 839]] [56 [841 842 843 844 845 846 847 848 849 850 851 852 853 854]] [57 [856 857 858 859 860 861 862 863 864 865 866 867 868 869]] [58 [870 872 873 874 875 876 877 878 879 881 883 884]] [59 [885 886 887 888 889 890 891 892 893 894 895 896 897 898]] [60 [900 901 902 903 904 905 906 907 909 910 912 913]] [61 [915 916 917 919 920 921 923 924 925 926 927 929]] [62 [930 931 935 936 937 938 941 942 943 944]] [63 [945 946 948 949 950 951 952 953 954 956 957 958]] [64 [961 962 963 964 965 966 968 969 970 971 972 973 974]] [65 [975 977 978 979 980 981 982 983 984 985 988 989]] [66 [990 991 992 993 994 995 997 998 999 1000 1001 1002 1003 1004]] [67 [1006 1007 1009 1010 1011 1012 1013 1014 1017 1018 1019]] [68 [1020 1021 1022 1023 1024 1025 1026 1027 1028 1029 1030 1031 1032 1033 1034]] [69 [1036 1037 1038 1040 1042 1043 1044 1046 1047 1048]] [70 [1050 1052 1053 1054 1055 1060 1061 1062 1063]] [71 [1065 1068 1069 1070 1072 1073 1074 1075 1077 1078 1079]] [72 [1080 1081 1082 1083 1084 1086 1087 1088 1089 1090 1092 1093 1094]] [73 [1095 1096 1097 1098 1099 1102 1103 1104 1105 1106 1107 1108 1109]] [74 [1111 1112 1113 1114 1115 1118 1119 1120 1121 1122 1123]] [75 [1125 1126 1127 1128 1129 1130 1131 1132 1133 1134 1135 1137 1138 1139]] [76 [1140 1141 1143 1144 1146 1147 1148 1149 1151 1152 1153 1154]] [77 [1155 1156 1157 1158 1159 1160 1161 1162 1163 1164 1166 1167 1169]] [78 [1170 1171 1172 1175 1177 1178 1179 1180 1181 1182 1183]] [79 [1185 1186 1187 1188 1189 1191 1192 1194 1196 1197 1198]] [80 [1200 1201 1202 1203 1204 1205 1206 1207 1208 1212 1213 1214]] [81 [1216 1217 1219 1220 1221 1222 1223 1224 1225 1226 1227 1228 1229]] [82 [1230 1231 1232 1233 1234 1235 1237 1238 1240 1241 1242 1243]] [83 [1246 1247 1248 1249 1250 1251 1252 1253 1254 1255 1257 1258 1259]] [84 [1260 1261 1262 1263 1264 1265 1266 1267 1268 1271 1272 1273 1274]] [85 [1276 1277 1278 1279 1280 1281 1283 1284 1285 1287 1288 1289]] [86 [1290 1291 1292 1295 1296 1297 1298 1299 1300 1301 1302 1303 1304]] [87 [1305 1306 1307 1308 1309 1310 1311 1312 1315 1316 1317 1318]] [88 [1320 1321 1322 1325 1326 1327 1328 1329 1330 1331 1332 1333 1334]] [89 [1335 1337 1338 1340 1342 1343 1345 1346 1347 1348 1349]] [90 [1350 1351 1353 1354 1355 1356 1357 1358 1359 1360 1363 1364]] [91 [1365 1366 1367 1368 1369 1370 1371 1372 1373 1374 1379]] [92 [1380 1381 1382 1383 1384 1385 1386 1387 1388 1389 1390 1391 1393 1394]] [93 [1395 1396 1397 1399 1400 1401 1402 1403 1404 1405 1406 1408 1409]] [94 [1412 1414 1415 1416 1417 1419 1420 1421 1422 1423 1424]] [95 [1425 1426 1427 1428 1429 1430 1431 1432 1433 1434 1435 1437 1438]] [96 [1440 1441 1442 1443 1444 1445 1446 1447 1448 1449 1450 1451 1452 1453 1454]] [97 [1455 1456 1457 1458 1459 1461 1462 1463 1464 1465 1466 1467 1468 1469]] [98 [1470 1471 1472 1473 1475 1476 1477 1481 1482 1484]] [99 [1485 1486 1487 1489 1490 1491 1492 1493 1494 1495 1496 1497 1499]]]",,"[[{citizen 4} [[""A"" [2 4]]]] [{citizen 8} [[""A"" [2 2]]]] [{citizen 9} [[""A"" [2 4]]]] [{citizen 10} [[""A"" [4 2]]]] [{citizen 14} [[""A"" [2 2]]]] [{citizen 15} [[""A"" [2 2]]]] [{citizen 19} [[""A"" [2 2]]]] [{citizen 31} [[""A"" [2 4]]]] [{citizen 49} [[""A"" [2 2]]]] [{media 50} [[""A"" [4 4]]]] [{media 51} [[""A"" [2 2]]]] [{media 53} [[""A"" [4 4]]]] [{media 55} [[""A"" [3 3]]]] [{media 56} [[""A"" [2 2]]]] [{media 57} [[""A"" [2 2]]]] [{media 60} [[""A"" [4 4]]]] [{media 61} [[""A"" [3 3]]]] [{media 62} [[""A"" [4 4]]]] [{media 64} [[""A"" [3 3]]]] [{citizen 0} [[""A"" [3 2]]]] [{citizen 1} [[""A"" [4 2]]]] [{citizen 32} [[""A"" [4 4]]]] [{media 63} [[""A"" [3 3]]]] [{citizen 25} [[""A"" [2 2]]]] [{citizen 48} [[""A"" [2 4]]]] [{citizen 43} [[""A"" [2 2]]]] [{citizen 21} [[""A"" [2 4]]]] [{citizen 7} [[""A"" [2 2]]]] [{citizen 5} [[""A"" [2 2]]]] [{citizen 41} [[""A"" [4 2]]]] [{citizen 12} [[""A"" [2 4]]]] [{citizen 44} [[""A"" [2 2]]]] [{citizen 20} [[""A"" [2 2]]]] [{citizen 6} [[""A"" [2 2]]]] [{media 54} [[""A"" [3 3]]]] [{citizen 34} [[""A"" [2 2]]]] [{citizen 46} [[""A"" [2 4]]]] [{citizen 17} [[""A"" [2 2]]]] [{citizen 39} [[""A"" [2 4]]]] [{citizen 35} [[""A"" [2 2]]]] [{citizen 26} [[""A"" [2 2]]]] [{citizen 37} [[""A"" [4 4]]]] [{citizen 2} [[""A"" [4 4]]]] [{citizen 13} [[""A"" [3 2]]]] [{citizen 38} [[""A"" [2 2]]]] [{citizen 28} [[""A"" [2 4]]]] [{citizen 24} [[""A"" [2 2]]]] [{media 52} [[""A"" [2 2]]]] [{citizen 40} [[""A"" [2 2]]]] [{citizen 18} [[""A"" [2 2]]]] [{citizen 27} [[""A"" [2 2]]]] [{citizen 36} [[""A"" [2 2]]]] [{citizen 42} [[""A"" [2 2]]]] [{citizen 22} [[""A"" [2 2]]]] [{media 59} [[""A"" [4 4]]]] [{citizen 45} [[""A"" [4 2]]]] [{media 58} [[""A"" [1 1]]]] [{citizen 33} [[""A"" [2 2]]]] [{citizen 30} [[""A"" [2 2]]]] [{citizen 11} [[""A"" [2 2]]]] [{citizen 16} [[""A"" [3 2]]]] [{citizen 29} [[""A"" [2 2]]]] [{citizen 23} [[""A"" [2 2]]]] [{citizen 47} [[""A"" [2 4]]]]]"
"4","[85 0 170]","21.42857142857143","3.9940512635112","12.219981798461152","""circle""","""""","9.9","{breed citizens}","false","0.5","1","""up""",,"[[""ID"" 36] [""alpha"" 1] [""beta"" 1] [""malleable"" [""A""]] [""prior"" []] [""cont_tokens"" []] [""A"" 4]]","[[0 [0 1 3 4 5 6 9 10 12 13]] [1 [15 16 17 18 19 20 21 22 23 24 25 26 27 28 29]] [2 [30 31 32 33 34 35 36 37 38 39 40 41 42 43 44]] [3 [45 46 47 48 49 50 51 52 53 54 55 56 57 58 59]] [4 [60 61 62 63 64 65 66 67 68 69 70 71 72 73 74]] [5 [75 76 77 78 79 80 81 82 83 84 85 86 87 88 89]] [6 [90 91 92 93 94 95 96 97 98 99 100 101 102 103 104]] [7 [105 106 107 108 109 110 111 112 113 114 115 116 117 118 119]] [8 [120 121 122 123 124 125 126 127 128 129 130 131 132 133 134]] [9 [135 136 137 138 139 140 141 142 143 144 145 146 147 148 149]] [10 [150 151 152 153 154 155 156 157 158 159 160 161 162 163 164]] [11 [165 166 167 168 169 170 171 172 173 174 175 176 177 178 179]] [12 [180 181 183 184 185 186 187 188 189 190 191 192 193 194]] [13 [195 196 197 198 199 200 201 202 203 204 205 206 207 208 209]] [14 [210 211 212 213 214 215 216 217 218 219 220 221 222 223 224]] [15 [225 226 227 228 229 230 231 232 233 234 235 236 237 238 239]] [16 [241 242 243 244 245 246 247 248 249 250 251 252 253 254]] [17 [255 256 257 258 259 260 261 262 263 264 265 266 267 268 269]] [18 [270 271 272 273 274 275 276 277 278 279 280 281 282 283 284]] [19 [285 286 287 288 289 290 291 292 293 294 295 296 297 298 299]] [20 [300 301 302 303 304 305 306 307 308 309 310 311 312 313 314]] [21 [315 316 317 318 319 320 321 322 323 324 325 326 327 328 329]] [22 [330 331 332 333 334 335 336 337 338 339 340 341 342 343 344]] [23 [345 346 347 348 349 350 351 352 353 354 355 356 357 358 359]] [24 [360 361 362 363 364 365 366 367 368 369 370 371 372 373 374]] [25 [375 376 377 378 379 380 381 382 383 384 385 386 387 388 389]] [26 [390 391 392 393 394 395 396 397 398 399 400 401 402 403 404]] [27 [405 406 407 408 409 410 411 412 413 414 415 416 417 418 419]] [28 [420 421 422 424 425 426 427 428 429 430 431 432 433 434]] [29 [435 436 437 438 439 440 441 442 443 444 445 446 447 448 449]] [30 [450 451 452 453 454 455 456 457 458 459 460 461 462 463 464]] [31 [465 466 467 468 469 470 471 472 473 474 475 476 477 478 479]] [32 [480 481 482 483 484 485 486 487 488 489 490 491 492 493 494]] [33 [495 496 497 498 499 500 501 502 503 504 505 506 507 508 509]] [34 [510 511 512 513 514 515 516 517 518 519 520 521 522 523 524]] [35 [525 526 527 528 529 530 531 532 533 534 535 536 537 538 539]] [36 [540 541 542 543 544 545 546 547 548 549 550 551 552 553 554]] [37 [555 556 557 558 559 560 561 562 563 564 565 566 567 568 569]] [38 [570 571 572 573 574 575 576 577 578 579 580 581 582 583 584]] [39 [585 586 587 588 589 590 592 593 594 595 596 597 598 599]] [40 [600 601 602 603 604 605 606 607 608 609 610 611 612 613 614]] [41 [615 616 617 618 619 620 621 622 623 624 626 627 628 629]] [42 [630 631 632 633 634 635 636 637 638 639 640 641 642 643 644]] [43 [645 646 647 648 649 650 651 652 653 654 655 656 657 658 659]] [44 [660 661 662 663 664 665 666 667 668 669 670 671 672 673 674]] [45 [675 676 677 678 679 680 681 682 683 684 685 686 687 688]] [46 [690 691 692 693 694 695 696 697 698 699 700 701 702 703 704]] [47 [705 706 707 708 709 710 711 712 713 715 716 717 718 719]] [48 [720 721 722 724 725 726 727 728 729 730 731 732 733 734]] [49 [735 736 737 738 739 740 741 742 743 744 745 746 747 748 749]] [50 [750 751 752 753 754 755 756 757 758 759 760 761 762 763 764]] [51 [765 766 767 768 769 770 771 772 773 774 775 776 777 778 779]] [52 [780 781 782 783 784 785 786 787 788 789 790 791 792 793 794]] [53 [795 796 797 798 799 800 801 802 803 804 805 806 807 808 809]] [54 [810 811 812 813 814 815 816 817 818 819 820 821 822 823 824]] [55 [825 826 827 828 829 830 831 832 833 834 835 836 837 838 839]] [56 [840 841 842 843 844 845 846 847 848 849 850 851 852 853 854]] [57 [855 856 857 858 859 860 861 862 863 864 865 866 867 868 869]] [58 [870 871 872 873 874 875 876 877 878 879 881 882 883 884]] [59 [885 886 887 888 889 890 891 892 893 894 895 896 897 898 899]] [60 [900 901 902 903 904 905 906 907 908 909 910 911 912 913 914]] [61 [915 916 917 918 919 920 921 922 923 924 925 926 927 928 929]] [62 [930 931 932 933 934 935 936 937 938 939 940 941 942 943 944]] [63 [945 946 948 949 950 951 952 953 954 955 956 957 958 959]] [64 [960 961 962 963 964 965 966 967 968 969 970 971 972 973 974]] [65 [975 976 977 978 979 980 981 982 983 984 985 986 987 988 989]] [66 [990 991 992 993 994 995 996 997 998 999 1000 1001 1002 1003 1004]] [67 [1005 1006 1007 1009 1010 1011 1012 1013 1014 1015 1016 1017 1018 1019]] [68 [1020 1021 1022 1023 1024 1025 1026 1027 1028 1029 1030 1031 1032 1033 1034]] [69 [1035 1036 1037 1038 1040 1042 1043 1044 1046 1047 1048]] [70 [1050 1051 1052 1053 1054 1055 1056 1057 1058 1059 1060 1061 1062 1063 1064]] [71 [1065 1066 1067 1068 1069 1070 1071 1072 1073 1074 1075 1076 1077 1078 1079]] [72 [1080 1081 1082 1083 1084 1085 1086 1087 1088 1089 1090 1091 1092 1093 1094]] [73 [1095 1096 1097 1098 1099 1100 1101 1102 1103 1104 1105 1106 1107 1108 1109]] [74 [1110 1111 1112 1113 1114 1115 1116 1117 1118 1119 1120 1121 1122 1123 1124]] [75 [1125 1126 1127 1128 1129 1130 1131 1132 1133 1134 1135 1136 1137 1138 1139]] [76 [1140 1141 1142 1143 1144 1145 1146 1147 1148 1149 1150 1151 1152 1153 1154]] [77 [1155 1156 1157 1158 1159 1160 1161 1162 1163 1164 1165 1166 1167 1168 1169]] [78 [1170 1171 1172 1173 1174 1175 1176 1177 1178 1179 1180 1181 1182 1183 1184]] [79 [1185 1186 1187 1188 1189 1190 1191 1192 1193 1194 1195 1196 1197 1198 1199]] [80 [1200 1201 1202 1203 1204 1205 1206 1207 1208 1209 1210 1211 1212 1213 1214]] [81 [1215 1216 1217 1218 1219 1220 1221 1222 1223 1224 1225 1226 1227 1228 1229]] [82 [1230 1231 1232 1233 1234 1235 1236 1237 1238 1239 1240 1241 1242 1243 1244]] [83 [1245 1246 1247 1248 1249 1250 1251 1252 1253 1254 1255 1256 1257 1258 1259]] [84 [1260 1261 1262 1263 1264 1265 1266 1267 1268 1269 1270 1271 1272 1273 1274]] [85 [1275 1276 1277 1278 1279 1280 1281 1282 1283 1284 1285 1287 1288 1289]] [86 [1290 1291 1292 1293 1295 1296 1297 1298 1299 1300 1301 1302 1303 1304]] [87 [1305 1306 1307 1308 1309 1310 1311 1312 1313 1314 1315 1316 1317 1318 1319]] [88 [1320 1321 1322 1324 1325 1326 1327 1328 1329 1330 1331 1332 1333 1334]] [89 [1335 1336 1337 1338 1339 1340 1342 1343 1344 1345 1346 1347 1348 1349]] [90 [1350 1351 1352 1353 1354 1355 1356 1357 1358 1359 1360 1361 1362 1363 1364]] [91 [1365 1366 1367 1368 1369 1370 1371 1372 1373 1374 1375 1376 1377 1378 1379]] [92 [1380 1381 1382 1383 1384 1385 1386 1387 1388 1389 1390 1391 1392 1393 1394]] [93 [1395 1396 1397 1398 1399 1400 1401 1402 1403 1404 1405 1406 1407 1408 1409]] [94 [1410 1411 1412 1413 1414 1415 1416 1417 1418 1419 1420 1421 1422 1423 1424]] [95 [1425 1426 1427 1428 1429 1430 1431 1432 1433 1434 1435 1436 1437 1438 1439]] [96 [1440 1441 1442 1443 1444 1445 1446 1447 1448 1449 1450 1451 1452 1453 1454]] [97 [1455 1456 1457 1458 1459 1460 1461 1462 1463 1464 1465 1466 1467 1468 1469]] [98 [1470 1471 1472 1473 1474 1475 1476 1477 1478 1479 1480 1481 1482 1483 1484]] [99 [1485 1486 1487 1488 1489 1490 1491 1492 1493 1494 1495 1496 1497 1498 1499]]]","[[0 [0 1 3 4 5 6 9 10 12 13]] [1 [15 16 17 18 19 20 21 22 24 25 27 29]] [2 [30 31 32 33 36 37 38 39 40 41 42 43 44]] [3 [45 46 47 48 50 51 52 53 54 55 56 58]] [4 [60 61 62 63 64 65 66 68 69 72 73 74]] [5 [75 76 77 78 79 80 82 83 84 85 86 89]] [6 [90 91 92 94 95 96 98 99 100 101 102 103 104]] [7 [106 107 109 110 111 112 113 114 115 116 117 118 119]] [8 [120 121 122 123 125 126 127 128 130 131 133 134]] [9 [135 136 137 138 139 140 141 142 143 144 145 146 148 149]] [10 [150 151 153 154 157 158 159 160 161 162 163]] [11 [165 166 167 168 169 170 171 172 173 174 176 177 178 179]] [12 [180 181 183 184 185 186 187 188 189 190 191 192 193 194]] [13 [195 196 197 200 201 202 203 204 206 207 208 209]] [14 [210 211 213 214 215 216 217 218 220 221 222 223 224]] [15 [225 226 228 229 230 231 232 233 234 235 236 237 238 239]] [16 [242 243 244 245 246 247 248 249 250 251 252 254]] [17 [255 256 257 258 259 260 261 263 264 266 269]] [18 [270 272 273 276 279 280 281 283 284]] [19 [285 286 287 288 289 290 291 292 293 294 295 296 297 298 299]] [20 [301 302 303 304 305 306 307 308 309 310 311]] [21 [315 317 318 320 321 322 323 325 326 327 328 329]] [22 [330 331 332 333 334 335 336 337 338 339 340 342 343 344]] [23 [345 346 347 348 349 350 352 353 354 355 356 357 358]] [24 [361 362 363 364 365 366 368 369 370 371 373 374]] [25 [378 379 380 381 382 383 385 386 388 389]] [26 [390 391 392 394 395 397 398 399 400 401 402 403 404]] [27 [405 406 407 408 409 411 412 413 414 415 416 418 419]] [28 [420 421 422 425 426 427 428 429 430 432 433 434]] [29 [435 436 437 438 439 440 441 442 443 444 445 446 447 449]] [30 [450 451 452 454 455 456 457 458 460 461 462 463 464]] [31 [466 467 468 469 470 471 472 473 474 475 476 477 478 479]] [32 [480 481 482 483 484 487 488 489 490 491 493 494]] [33 [496 497 498 499 500 501 502 503 504 505 506 508 509]] [34 [510 511 512 513 514 515 516 518 519 520 522]] [35 [526 527 528 531 532 533 534 535 536]] [36 [540 541 542 543 544 545 546 547 548 549 550 551 554]] [37 [555 556 557 558 560 561 562 563 564 565 567 568 569]] [38 [570 572 574 575 576 577 578 579 581 582 583 584]] [39 [585 586 587 589 590 592 593 594 595 596 598 599]] [40 [600 601 602 603 605 606 607 609 610 612 613 614]] [41 [615 616 617 618 619 620 621 623 624 626 627 628 629]] [42 [630 631 632 633 634 635 636 637 638 639 640 641 642 643 644]] [43 [645 646 648 649 651 652 653 654 655 656 657 658 659]] [44 [661 662 663 665 666 668 670 671 672 673 674]] [45 [675 676 677 678 679 680 684 685 686 687 688]] [46 [691 692 694 695 696 697 698 699 701 702 703 704]] [47 [705 706 707 709 710 711 712 713 715 716 717 718 719]] [48 [721 722 724 725 726 727 728 729 730 731 732 733]] [49 [736 737 738 740 741 742 743 744 745 746 747 748 749]] [50 [750 752 753 755 756 757 758 759 760 761 762 763 764]] [51 [765 766 767 768 770 772 773 774 776 777 778 779]] [52 [780 781 782 783 784 785 786 788 789 790 791 792 793]] [53 [796 797 798 799 800 801 802 803 804 805 807 808 809]] [54 [810 811 812 813 814 815 816 817 819 820 821 822 823 824]] [55 [825 828 829 830 831 832 833 837 838 839]] [56 [840 841 842 843 844 845 846 847 849 850 851 852 853 854]] [57 [856 857 858 859 860 861 863 864 865 866 867 868 869]] [58 [870 872 873 874 875 876 877 878 879 882 883 884]] [59 [885 886 887 888 889 890 891 892 893 896 897 898]] [60 [900 901 902 903 904 905 906 907 908 910 912 913]] [61 [915 916 917 919 920 921 923 924 925 926 927]] [62 [931 934 935 936 937 938 941 942 943 944]] [63 [945 946 948 949 950 951 952 953 954 956 957 959]] [64 [960 961 962 963 964 965 966 968 969 970 971 972 973 974]] [65 [975 977 978 979 980 981 983 984 985 986 987 989]] [66 [990 991 992 993 994 995 998 999 1000 1001 1002 1003 1004]] [67 [1005 1006 1007 1009 1010 1011 1012 1013 1015 1016 1017 1018 1019]] [68 [1020 1021 1022 1023 1024 1025 1026 1027 1028 1029 1031 1032 1033 1034]] [69 [1037 1038 1040 1042 1043 1044 1046 1047]] [70 [1050 1052 1053 1054 1055 1058 1059 1060 1061 1062 1063 1064]] [71 [1066 1067 1068 1069 1070 1072 1073 1074 1075 1076 1077 1078]] [72 [1080 1081 1082 1083 1084 1086 1087 1088 1089 1090 1092 1093 1094]] [73 [1095 1097 1098 1099 1100 1105 1106 1107 1108]] [74 [1110 1111 1113 1114 1115 1118 1119 1120 1121 1122 1123]] [75 [1125 1126 1127 1128 1129 1130 1131 1132 1134 1135 1138 1139]] [76 [1140 1141 1142 1143 1144 1146 1147 1148 1149 1150 1151 1152 1153]] [77 [1155 1156 1157 1158 1159 1161 1162 1163 1165 1167 1169]] [78 [1170 1171 1172 1173 1174 1176 1177 1178 1179 1180 1181 1182 1183 1184]] [79 [1185 1186 1187 1188 1189 1191 1192 1193 1195 1196 1197 1199]] [80 [1200 1201 1203 1204 1205 1206 1207 1208 1209 1210 1211 1212 1213 1214]] [81 [1215 1217 1219 1220 1221 1222 1223 1224 1225 1226 1227 1228 1229]] [82 [1230 1231 1232 1233 1234 1235 1236 1237 1238 1240 1241 1242 1243]] [83 [1246 1247 1248 1249 1250 1251 1252 1254 1256 1258 1259]] [84 [1260 1261 1262 1263 1264 1265 1266 1267 1268 1270 1271 1272 1273 1274]] [85 [1275 1276 1277 1278 1279 1280 1281 1282 1283 1284 1285 1287 1288 1289]] [86 [1290 1291 1292 1295 1296 1297 1298 1299 1300 1301 1302 1303 1304]] [87 [1305 1306 1307 1308 1309 1310 1311 1312 1313 1314 1315 1316 1317 1318]] [88 [1320 1321 1322 1324 1325 1326 1327 1328 1329 1330 1332 1333 1334]] [89 [1335 1336 1338 1339 1340 1342 1343 1345 1346 1347 1348]] [90 [1350 1351 1352 1353 1354 1355 1356 1357 1358 1359 1360 1361 1362 1363 1364]] [91 [1366 1368 1369 1371 1372 1373 1374 1377 1378]] [92 [1380 1381 1382 1383 1384 1385 1386 1387 1388 1389 1390 1391 1392]] [93 [1395 1396 1397 1399 1400 1401 1402 1403 1404 1405 1406 1408]] [94 [1410 1411 1412 1414 1415 1416 1417 1419 1420 1421 1422 1423]] [95 [1425 1427 1428 1429 1430 1431 1432 1433 1434 1435 1437 1438]] [96 [1440 1441 1442 1443 1444 1447 1448 1449 1450 1451 1452 1453]] [97 [1455 1456 1457 1458 1459 1461 1462 1463 1464 1465 1466 1467 1468 1469]] [98 [1470 1471 1472 1473 1474 1475 1478 1479 1480 1482 1483 1484]] [99 [1485 1486 1487 1489 1490 1491 1492 1493 1494 1495 1496 1498 1499]]]",,"[[{citizen 6} [[""A"" [2 2]]]] [{citizen 7} [[""A"" [2 2]]]] [{citizen 8} [[""A"" [2 2]]]] [{citizen 11} [[""A"" [2 2]]]] [{citizen 12} [[""A"" [2 4]]]] [{citizen 13} [[""A"" [2 2]]]] [{citizen 17} [[""A"" [3 2]]]] [{citizen 18} [[""A"" [2 2]]]] [{citizen 22} [[""A"" [2 2]]]] [{citizen 23} [[""A"" [2 2]]]] [{citizen 24} [[""A"" [2 2]]]] [{citizen 25} [[""A"" [3 2]]]] [{citizen 26} [[""A"" [2 2]]]] [{citizen 29} [[""A"" [3 2]]]] [{citizen 30} [[""A"" [2 2]]]] [{citizen 38} [[""A"" [2 2]]]] [{citizen 39} [[""A"" [2 4]]]] [{media 50} [[""A"" [4 4]]]] [{media 51} [[""A"" [2 2]]]] [{media 53} [[""A"" [4 4]]]] [{media 55} [[""A"" [3 3]]]] [{media 56} [[""A"" [2 2]]]] [{media 57} [[""A"" [2 2]]]] [{media 60} [[""A"" [4 4]]]] [{media 61} [[""A"" [3 3]]]] [{media 62} [[""A"" [4 4]]]] [{media 64} [[""A"" [3 3]]]] [{citizen 0} [[""A"" [2 2]]]] [{citizen 2} [[""A"" [4 4]]]] [{citizen 3} [[""A"" [3 2]]]] [{citizen 49} [[""A"" [2 2]]]] [{citizen 1} [[""A"" [4 2]]]] [{citizen 32} [[""A"" [2 2]]]] [{citizen 9} [[""A"" [2 4]]]] [{citizen 15} [[""A"" [2 2]]]] [{media 63} [[""A"" [3 3]]]] [{citizen 48} [[""A"" [2 4]]]] [{citizen 31} [[""A"" [2 2]]]] [{citizen 43} [[""A"" [2 2]]]] [{citizen 21} [[""A"" [2 4]]]] [{citizen 44} [[""A"" [3 2]]]] [{citizen 20} [[""A"" [2 2]]]] [{media 54} [[""A"" [3 3]]]] [{citizen 14} [[""A"" [3 2]]]] [{media 52} [[""A"" [2 2]]]] [{media 59} [[""A"" [4 4]]]] [{citizen 34} [[""A"" [2 2]]]] [{citizen 28} [[""A"" [2 4]]]] [{citizen 10} [[""A"" [2 4]]]] [{citizen 40} [[""A"" [2 2]]]] [{citizen 5} [[""A"" [3 2]]]] [{citizen 45} [[""A"" [4 2]]]] [{media 58} [[""A"" [1 1]]]] [{citizen 46} [[""A"" [2 4]]]] [{citizen 41} [[""A"" [2 4]]]] [{citizen 35} [[""A"" [2 2]]]] [{citizen 37} [[""A"" [4 4]]]] [{citizen 27} [[""A"" [2 2]]]] [{citizen 42} [[""A"" [2 2]]]] [{citizen 19} [[""A"" [2 2]]]] [{citizen 47} [[""A"" [2 4]]]] [{citizen 33} [[""A"" [2 2]]]] [{citizen 36} [[""A"" [3 2]]]] [{citizen 16} [[""A"" [3 2]]]]]"
"5","[170 0 85]","30","6.900310790868885","11.492302279377267","""circle""","""""","9.9","{breed citizens}","false","0.5","1","""up""",,"[[""ID"" 28] [""alpha"" 1] [""beta"" 1] [""malleable"" [""A""]] [""prior"" []] [""cont_tokens"" []] [""A"" 2]]","[[0 [0 1 2 3 4 5 6 7 8 9 10 11 12 13]] [1 [15 16 17 18 19 20 21 22 23 24 25 26 27 28 29]] [2 [30 31 32 33 34 35 36 37 38 39 40 41 42 43 44]] [3 [45 46 47 48 49 50 51 52 53 54 55 56 57 58 59]] [4 [60 61 62 63 64 65 66 67 68 69 70 71 72 73 74]] [5 [75 76 77 78 79 80 81 82 83 84 85 86 87 88 89]] [6 [90 91 92 93 94 95 96 97 98 99 100 101 102 103 104]] [7 [105 106 107 108 109 110 111 112 113 114 115 116 117 118 119]] [8 [120 121 122 123 124 125 126 127 128 129 130 131 132 133 134]] [9 [135 136 137 138 139 140 141 142 143 144 145 146 147 148 149]] [10 [150 151 152 153 154 155 156 157 158 159 160 161 162 163 164]] [11 [165 166 167 168 169 170 171 172 173 174 175 176 177 178 179]] [12 [180 181 183 184 185 186 187 188 189 190 191 192 193 194]] [13 [195 196 197 198 199 200 201 202 203 204 205 206 207 208 209]] [14 [210 211 212 213 214 215 216 217 218 219 220 221 222 223 224]] [15 [225 226 227 228 229 230 231 232 233 234 235 236 237 238 239]] [16 [241 242 243 244 245 246 247 248 249 250 251 252 253 254]] [17 [255 256 257 258 259 260 261 262 263 264 265 266 267 268 269]] [18 [270 271 272 273 274 275 276 277 278 279 280 281 282 283 284]] [19 [285 286 287 288 289 290 291 292 293 294 295 296 297 298 299]] [20 [300 301 302 303 304 305 306 307 308 309 310 311 312 313 314]] [21 [315 316 317 318 319 320 321 322 323 324 325 326 327 328 329]] [22 [330 331 332 333 334 335 336 337 338 339 340 341 342 343 344]] [23 [345 346 347 348 349 350 351 352 353 354 355 356 357 358 359]] [24 [360 361 362 363 364 365 366 367 368 369 370 371 372 373 374]] [25 [375 376 377 378 379 380 381 382 383 384 385 386 387 388 389]] [26 [390 391 392 393 394 395 396 397 398 399 400 401 402 403 404]] [27 [405 406 407 408 409 410 411 412 413 414 415 416 417 418 419]] [28 [420 421 422 424 425 426 427 428 429 430 431 432 433 434]] [29 [435 436 437 438 439 440 441 442 443 444 445 446 447 448 449]] [30 [450 451 452 453 454 455 456 457 458 459 460 461 462 463 464]] [31 [465 466 467 468 469 470 471 472 473 474 475 476 477 478 479]] [32 [480 481 482 483 484 485 486 487 488 489 490 491 492 493 494]] [33 [495 496 497 498 499 500 501 502 503 504 505 506 507 508 509]] [34 [510 511 512 513 514 515 516 517 518 519 520 521 522 523 524]] [35 [525 526 527 528 529 530 531 532 533 534 535 536 537 538 539]] [36 [540 541 542 543 544 545 546 547 548 549 550 551 553 554]] [37 [555 556 557 558 559 560 561 562 563 564 565 566 567 568 569]] [38 [570 571 572 573 574 575 576 577 578 579 580 581 582 583 584]] [39 [585 586 587 588 589 590 592 593 594 595 596 597 598 599]] [40 [600 601 602 603 604 605 606 607 608 609 610 611 612 613 614]] [41 [615 616 617 618 619 620 621 622 623 624 626 627 628 629]] [42 [630 631 632 633 634 635 636 637 638 639 640 641 642 643 644]] [43 [645 646 647 648 649 650 651 652 653 654 655 656 657 658 659]] [44 [660 661 662 663 664 665 666 667 668 669 670 671 672 673 674]] [45 [675 676 677 678 679 680 681 682 683 684 685 686 687 688]] [46 [690 691 692 693 694 695 696 697 698 699 700 701 702 703 704]] [47 [705 706 707 708 709 710 711 712 713 715 716 717 718 719]] [48 [720 721 722 724 725 726 727 728 729 730 731 732 733 734]] [49 [735 736 737 738 739 740 741 742 743 744 745 746 747 748 749]] [50 [750 751 752 753 754 755 756 757 758 759 760 761 762 763 764]] [51 [765 766 767 768 769 770 771 772 773 774 775 776 777 778 779]] [52 [780 781 782 783 784 785 786 787 788 789 790 791 792 793 794]] [53 [795 796 797 798 799 800 801 802 803 804 805 806 807 808 809]] [54 [810 811 812 813 814 815 816 817 818 819 820 821 822 823 824]] [55 [825 826 827 828 829 830 831 832 833 834 835 836 837 838 839]] [56 [840 841 842 843 844 845 846 847 848 849 850 851 852 853 854]] [57 [855 856 857 858 859 860 861 862 863 864 865 866 867 868 869]] [58 [870 871 872 873 874 875 876 877 878 879 881 882 883 884]] [59 [885 886 887 888 889 890 891 892 893 894 895 896 897 898 899]] [60 [900 901 902 903 904 905 906 907 908 909 910 911 912 913 914]] [61 [915 916 917 918 919 920 921 922 923 924 925 926 927 928 929]] [62 [930 931 932 933 934 935 936 937 938 939 940 941 942 943 944]] [63 [945 946 948 949 950 951 952 953 954 955 956 957 958 959]] [64 [960 961 962 963 964 965 966 967 968 969 970 971 972 973 974]] [65 [975 976 977 978 979 980 981 982 983 984 985 986 987 988 989]] [66 [990 991 992 993 994 995 996 997 998 999 1000 1001 1002 1003 1004]] [67 [1005 1006 1007 1009 1010 1011 1012 1013 1014 1015 1016 1017 1018 1019]] [68 [1020 1021 1022 1023 1024 1025 1026 1027 1028 1029 1030 1031 1032 1033 1034]] [69 [1035 1036 1037 1038 1040 1042 1043 1044 1046 1047 1048]] [70 [1050 1051 1052 1053 1054 1055 1056 1057 1058 1059 1060 1061 1062 1063 1064]] [71 [1065 1066 1067 1068 1069 1070 1071 1072 1073 1074 1075 1076 1077 1078 1079]] [72 [1080 1081 1082 1083 1084 1085 1086 1087 1088 1089 1090 1091 1092 1093 1094]] [73 [1095 1096 1097 1098 1099 1100 1101 1102 1103 1104 1105 1106 1107 1108 1109]] [74 [1110 1111 1112 1113 1114 1115 1116 1117 1118 1119 1120 1121 1122 1123 1124]] [75 [1125 1126 1127 1128 1129 1130 1131 1132 1133 1134 1135 1136 1137 1138 1139]] [76 [1140 1141 1142 1143 1144 1145 1146 1147 1148 1149 1150 1151 1152 1153 1154]] [77 [1155 1156 1157 1158 1159 1160 1161 1162 1163 1164 1165 1166 1167 1168 1169]] [78 [1170 1171 1172 1173 1174 1175 1176 1177 1178 1179 1180 1181 1182 1183 1184]] [79 [1185 1186 1187 1188 1189 1190 1191 1192 1193 1194 1195 1196 1197 1198 1199]] [80 [1200 1201 1202 1203 1204 1205 1206 1207 1208 1209 1210 1211 1212 1213 1214]] [81 [1215 1216 1217 1218 1219 1220 1221 1222 1223 1224 1225 1226 1227 1228 1229]] [82 [1230 1231 1232 1233 1234 1235 1236 1237 1238 1239 1240 1241 1242 1243 1244]] [83 [1245 1246 1247 1248 1249 1250 1251 1252 1253 1254 1255 1256 1257 1258 1259]] [84 [1260 1261 1262 1263 1264 1265 1266 1267 1268 1269 1270 1271 1272 1273 1274]] [85 [1275 1276 1277 1278 1279 1280 1281 1282 1283 1284 1285 1287 1288 1289]] [86 [1290 1291 1292 1293 1295 1296 1297 1298 1299 1300 1301 1302 1303 1304]] [87 [1305 1306 1307 1308 1309 1310 1311 1312 1313 1314 1315 1316 1317 1318 1319]] [88 [1320 1321 1322 1324 1325 1326 1327 1328 1329 1330 1331 1332 1333 1334]] [89 [1335 1336 1337 1338 1339 1340 1342 1343 1344 1345 1346 1347 1348 1349]] [90 [1350 1351 1352 1353 1354 1355 1356 1357 1358 1359 1360 1361 1362 1363 1364]] [91 [1365 1366 1367 1368 1369 1370 1371 1372 1373 1374 1375 1376 1377 1378 1379]] [92 [1380 1381 1382 1383 1384 1385 1386 1387 1388 1389 1390 1391 1392 1393 1394]] [93 [1395 1396 1397 1398 1399 1400 1401 1402 1403 1404 1405 1406 1407 1408 1409]] [94 [1410 1411 1412 1413 1414 1415 1416 1417 1418 1419 1420 1421 1422 1423 1424]] [95 [1425 1426 1427 1428 1429 1430 1431 1432 1433 1434 1435 1436 1437 1438 1439]] [96 [1440 1441 1442 1443 1444 1445 1446 1447 1448 1449 1450 1451 1452 1453 1454]] [97 [1455 1456 1457 1458 1459 1460 1461 1462 1463 1464 1465 1466 1467 1468 1469]] [98 [1470 1471 1472 1473 1474 1475 1476 1477 1478 1479 1480 1481 1482 1483 1484]] [99 [1485 1486 1487 1488 1489 1490 1491 1492 1493 1494 1495 1496 1497 1498 1499]]]","[[0 [0 2 3 4 5 6 7 8 10 11 13]] [1 [15 16 17 18 19 20 21 22 23 24 25 26 28 29]] [2 [30 31 32 33 36 37 38 39 40 41 42 44]] [3 [45 46 47 48 49 50 51 52 53 54 55 56 58 59]] [4 [60 61 62 63 64 67 68 69 71 72 73]] [5 [75 76 77 78 79 80 81 83 84 85 86 89]] [6 [90 91 92 94 95 96 97 98 99 100 101 102 103 104]] [7 [106 107 108 109 110 111 112 114 115 116 117 118 119]] [8 [120 121 122 123 127 129 130 131 133 134]] [9 [135 136 137 138 139 140 142 143 144 145 146]] [10 [151 152 153 154 155 156 158 160 161 162 164]] [11 [165 166 167 168 169 170 171 172 173 174 176 177 178 179]] [12 [180 181 184 185 186 187 188 189 192 193]] [13 [195 196 197 198 199 200 201 202 203 204 205 207 208 209]] [14 [210 211 212 217 218 219 220 221 222 224]] [15 [225 226 227 228 229 230 231 232 233 234 235 236 238 239]] [16 [241 242 243 244 245 246 247 248 249 250 251 252 254]] [17 [255 256 257 258 259 260 261 263 264 265 267 268 269]] [18 [270 271 272 273 274 275 277 279 280 281 282 283 284]] [19 [285 286 287 288 289 290 291 292 293 294 295 296 297 298 299]] [20 [300 301 302 303 304 306 307 308 309 312 313 314]] [21 [315 317 318 320 321 323 324 326 327 328 329]] [22 [330 331 332 333 334 335 336 337 338 339 340 342 343 344]] [23 [345 347 348 349 350 351 352 353 354 355 356 359]] [24 [360 361 362 363 364 365 366 367 368 369 370 371 373 374]] [25 [378 379 380 381 382 383 386 387 388 389]] [26 [390 391 392 394 395 396 398 399 400 401 402 403 404]] [27 [406 407 408 409 415 417 418 419]] [28 [420 421 422 425 427 428 429 430 432 433 434]] [29 [435 437 438 439 440 441 442 443 445 446 447]] [30 [450 451 452 453 456 458 459 461 462 463 464]] [31 [465 466 467 468 469 470 472 473 474 475 476 477 478 479]] [32 [480 481 482 483 484 487 488 489 491 493 494]] [33 [495 496 497 498 499 500 501 502 503 504 505 506 507]] [34 [510 511 512 513 514 515 516 518 519 520 521 522 524]] [35 [525 526 527 528 529 530 532 533 534 535 536 537 538 539]] [36 [541 542 543 544 545 546 547 548 549 550 551 554]] [37 [555 556 558 560 561 562 563 564 565 566 567 568 569]] [38 [570 571 572 573 574 575 576 577 578 579 581 582 583 584]] [39 [585 586 587 589 590 592 593 595 596 597 598 599]] [40 [600 601 602 603 605 606 608 609 610 611 612 613 614]] [41 [615 616 618 619 620 621 622 623 624 626 627 628 629]] [42 [630 634 635 637 638 640 641 642 644]] [43 [645 646 647 648 649 651 652 653 654 655 656 657 658 659]] [44 [661 662 663 664 665 666 668 669 670 671 672 673 674]] [45 [675 676 677 678 679 680 682 683 685 686 687 688]] [46 [691 693 696 697 698 699 700 703 704]] [47 [705 706 707 708 709 710 711 712 713 715 716 717 718 719]] [48 [720 722 724 725 726 727 728 729 730 731 732 733 734]] [49 [735 736 738 739 740 741 742 743 744 745 746 747 748 749]] [50 [750 752 753 756 757 758 759 760 761 762 763 764]] [51 [765 766 767 768 770 771 772 773 774 778 779]] [52 [780 781 782 783 784 785 786 789 790 792 793]] [53 [797 798 799 800 801 802 803 804 805 807 808 809]] [54 [810 811 812 813 814 815 816 817 819 820 821 822 824]] [55 [825 826 827 828 829 830 831 832 833 835 836 838 839]] [56 [840 841 842 843 844 845 846 847 848 849 850 851 852 853 854]] [57 [856 857 858 859 860 861 862 863 864 865 866 867 868 869]] [58 [870 871 872 873 874 875 876 877 878 879 882 883 884]] [59 [885 886 887 888 889 890 891 892 893 896 897 898]] [60 [900 901 902 903 904 905 906 907 909 910 911 912 913 914]] [61 [915 916 917 919 920 921 923 924 925 926 927]] [62 [931 934 935 936 937 938 939 940 942 943 944]] [63 [946 950 951 952 953 954 956 957 958]] [64 [960 962 963 964 965 966 968 969 970 971 972 973 974]] [65 [975 976 978 979 980 981 982 983 984 985 986 987 988 989]] [66 [990 991 992 993 994 995 998 999 1001 1002 1003 1004]] [67 [1005 1007 1009 1010 1011 1012 1014 1017 1018 1019]] [68 [1020 1021 1022 1023 1024 1025 1026 1028 1029 1030 1031 1032 1033 1034]] [69 [1037 1038 1040 1042 1043 1044 1046 1047 1048]] [70 [1051 1052 1053 1054 1055 1062 1063 1064]] [71 [1066 1067 1068 1069 1070 1071 1073 1074 1075 1077 1078]] [72 [1080 1081 1082 1083 1084 1086 1088 1089 1090 1093 1094]] [73 [1096 1097 1098 1099 1101 1102 1103 1104 1105 1106 1107 1108]] [74 [1110 1111 1112 1113 1114 1115 1116 1117 1122 1123]] [75 [1125 1126 1127 1128 1129 1130 1131 1132 1133 1136 1137 1138 1139]] [76 [1140 1141 1143 1144 1146 1147 1148 1149 1151 1152 1153]] [77 [1155 1156 1157 1158 1159 1160 1161 1162 1163 1164 1165 1166 1167]] [78 [1170 1171 1172 1175 1177 1178 1179 1180 1181 1182 1183]] [79 [1185 1186 1187 1188 1189 1191 1192 1194 1195 1196 1197 1198 1199]] [80 [1200 1201 1203 1204 1205 1206 1207 1208 1212 1213 1214]] [81 [1215 1217 1218 1222 1223 1224 1225 1226 1227 1228 1229]] [82 [1230 1231 1232 1233 1234 1235 1237 1238 1239 1240 1241 1242 1243]] [83 [1246 1247 1248 1249 1250 1251 1252 1253 1254 1256 1257 1258 1259]] [84 [1260 1261 1262 1263 1264 1265 1266 1267 1268 1272 1273 1274]] [85 [1276 1277 1278 1279 1282 1283 1284 1285 1287 1288 1289]] [86 [1290 1291 1293 1295 1296 1298 1300 1301 1302 1303 1304]] [87 [1305 1306 1307 1308 1309 1310 1311 1312 1313 1314 1315 1316 1317 1318]] [88 [1320 1321 1324 1325 1326 1327 1328 1329 1330 1332 1333 1334]] [89 [1335 1336 1338 1340 1342 1343 1344 1345 1346 1347 1348 1349]] [90 [1350 1351 1353 1354 1355 1356 1357 1358 1359 1360 1361 1362 1364]] [91 [1366 1367 1368 1369 1371 1372 1375 1376 1377 1378 1379]] [92 [1380 1381 1382 1383 1384 1385 1386 1387 1388 1389 1390 1391 1392]] [93 [1395 1396 1397 1402 1403 1404 1405 1406 1408 1409]] [94 [1413 1414 1415 1416 1418 1419 1420 1421 1422 1423 1424]] [95 [1425 1426 1427 1428 1430 1431 1432 1433 1434 1435 1437 1438]] [96 [1440 1441 1442 1443 1444 1445 1446 1447 1448 1449 1450 1451 1452 1453 1454]] [97 [1455 1456 1457 1458 1459 1461 1462 1463 1464 1465 1466 1467 1468 1469]] [98 [1470 1471 1472 1473 1474 1475 1476 1477 1478 1479 1480 1481 1483 1484]] [99 [1485 1486 1487 1489 1490 1491 1492 1493 1494 1495 1496 1498]]]",,"[[{citizen 7} [[""A"" [2 2]]]] [{citizen 8} [[""A"" [3 2]]]] [{citizen 14} [[""A"" [3 4]]]] [{citizen 24} [[""A"" [3 2]]]] [{citizen 25} [[""A"" [3 2]]]] [{citizen 35} [[""A"" [2 2]]]] [{citizen 36} [[""A"" [3 2]]]] [{citizen 40} [[""A"" [4 2]]]] [{media 50} [[""A"" [4 4]]]] [{media 51} [[""A"" [2 2]]]] [{media 53} [[""A"" [4 4]]]] [{media 55} [[""A"" [3 3]]]] [{media 56} [[""A"" [2 2]]]] [{media 57} [[""A"" [2 2]]]] [{media 60} [[""A"" [4 4]]]] [{media 61} [[""A"" [3 3]]]] [{media 62} [[""A"" [4 4]]]] [{media 64} [[""A"" [3 3]]]] [{citizen 1} [[""A"" [4 2]]]] [{citizen 2} [[""A"" [4 4]]]] [{media 63} [[""A"" [3 3]]]] [{media 54} [[""A"" [3 3]]]] [{media 52} [[""A"" [2 2]]]] [{media 58} [[""A"" [1 1]]]] [{citizen 49} [[""A"" [3 2]]]] [{citizen 32} [[""A"" [4 4]]]] [{citizen 9} [[""A"" [2 4]]]] [{citizen 15} [[""A"" [2 2]]]] [{citizen 0} [[""A"" [3 3]]]] [{citizen 17} [[""A"" [3 2]]]] [{citizen 4} [[""A"" [2 4]]]] [{citizen 16} [[""A"" [3 4]]]] [{citizen 44} [[""A"" [3 2]]]] [{citizen 37} [[""A"" [4 4]]]] [{citizen 26} [[""A"" [3 2]]]] [{citizen 29} [[""A"" [3 3]]]] [{citizen 48} [[""A"" [2 4]]]] [{citizen 31} [[""A"" [4 2]]]] [{citizen 43} [[""A"" [2 2]]]] [{citizen 21} [[""A"" [4 4]]]] [{citizen 20} [[""A"" [2 4]]]] [{citizen 3} [[""A"" [3 4]]]] [{citizen 38} [[""A"" [4 2]]]] [{citizen 6} [[""A"" [2 2]]]] [{citizen 23} [[""A"" [2 2]]]] [{citizen 12} [[""A"" [2 4]]]] [{citizen 34} [[""A"" [2 4]]]] [{citizen 46} [[""A"" [3 4]]]] [{citizen 39} [[""A"" [4 4]]]] [{citizen 28} [[""A"" [2 4]]]] [{citizen 13} [[""A"" [2 4]]]] [{citizen 45} [[""A"" [4 2]]]] [{citizen 27} [[""A"" [3 2]]]] [{citizen 41} [[""A"" [4 2]]]] [{citizen 22} [[""A"" [2 2]]]] [{citizen 18} [[""A"" [3 2]]]] [{citizen 19} [[""A"" [3 2]]]] [{citizen 42} [[""A"" [2 4]]]] [{media 59} [[""A"" [4 4]]]] [{citizen 10} [[""A"" [4 2]]]] [{citizen 33} [[""A"" [2 4]]]] [{citizen 30} [[""A"" [2 2]]]] [{citizen 11} [[""A"" [4 2]]]] [{citizen 47} [[""A"" [2 4]]]]]"
"6","[170 0 85]","99.18367346938776","6.8324867659071415","-0.7025560523548571","""circle""","""""","9.9","{breed citizens}","false","0.5","1","""up""",,"[[""ID"" 38] [""alpha"" 1] [""beta"" 1] [""malleable"" [""A""]] [""prior"" []] [""cont_tokens"" []] [""A"" 2]]","[[0 [0 1 3 4 5 6 9 10 12 13]] [1 [15 16 17 18 19 20 21 22 23 24 25 26 27 28 29]] [2 [30 31 32 33 34 35 36 37 38 39 40 41 42 43 44]] [3 [45 46 47 48 49 50 51 52 53 54 55 56 57 58 59]] [4 [60 61 62 63 64 65 66 67 68 69 70 71 72 73 74]] [5 [75 76 77 78 79 80 81 82 83 84 85 86 87 88 89]] [6 [90 91 92 93 94 95 96 97 98 99 100 101 102 103 104]] [7 [105 106 107 108 109 110 111 112 113 114 115 116 117 118 119]] [8 [120 121 122 123 124 125 126 127 128 129 130 131 132 133 134]] [9 [135 136 137 138 139 140 141 142 143 144 145 146 147 148 149]] [10 [150 151 152 153 154 155 156 157 158 159 160 161 162 163 164]] [11 [165 166 167 168 169 170 171 172 173 174 175 176 177 178 179]] [12 [180 181 183 184 185 186 187 188 189 190 191 192 193 194]] [13 [195 196 197 198 199 200 201 202 203 204 205 206 207 208 209]] [14 [210 211 212 213 214 215 216 217 218 219 220 221 222 223 224]] [15 [225 226 227 228 229 230 231 232 233 234 235 236 237 238 239]] [16 [241 242 243 244 245 246 247 248 249 250 251 252 253 254]] [17 [255 256 257 258 259 260 261 262 263 264 265 266 267 268 269]] [18 [270 271 272 273 274 275 276 277 278 279 280 281 282 283 284]] [19 [285 286 287 288 289 290 291 292 293 294 295 296 297 298 299]] [20 [300 301 302 303 304 305 306 307 308 309 310 311 312 313 314]] [21 [315 316 317 318 319 320 321 322 323 324 325 326 327 328 329]] [22 [330 331 332 333 334 335 336 337 338 339 340 341 342 343 344]] [23 [345 346 347 348 349 350 351 352 353 354 355 356 357 358 359]] [24 [360 361 362 363 364 365 366 367 368 369 370 371 372 373 374]] [25 [375 376 377 378 379 380 381 382 383 384 385 386 387 388 389]] [26 [390 391 392 393 394 395 396 397 398 399 400 401 402 403 404]] [27 [405 406 407 408 409 410 411 412 413 414 415 416 417 418 419]] [28 [420 421 422 424 425 426 427 428 429 430 431 432 433 434]] [29 [435 436 437 438 439 440 441 442 443 444 445 446 447 448 449]] [30 [450 451 452 453 454 455 456 457 458 459 460 461 462 463 464]] [31 [465 466 467 468 469 470 471 472 473 474 475 476 477 478 479]] [32 [480 481 482 483 484 485 486 487 488 489 490 491 492 493 494]] [33 [495 496 497 498 499 500 501 502 503 504 505 506 507 508 509]] [34 [510 511 512 513 514 515 516 517 518 519 520 521 522 523 524]] [35 [525 526 527 528 529 530 531 532 533 534 535 536 537 538 539]] [36 [540 541 542 543 544 545 546 547 548 549 550 551 552 553 554]] [37 [555 556 557 558 559 560 561 562 563 564 565 566 567 568 569]] [38 [570 571 572 573 574 575 576 577 578 579 580 581 582 583 584]] [39 [585 586 587 588 589 590 592 593 594 595 596 597 598 599]] [40 [600 601 602 603 604 605 606 607 608 609 610 611 612 613 614]] [41 [615 616 617 618 619 620 621 622 623 624 626 627 628 629]] [42 [630 631 632 633 634 635 636 637 638 639 640 641 642 643 644]] [43 [645 646 647 648 649 650 651 652 653 654 655 656 657 658 659]] [44 [660 661 662 663 664 665 666 667 668 669 670 671 672 673 674]] [45 [675 676 677 678 679 680 681 682 683 684 685 686 687 688]] [46 [690 691 692 693 694 695 696 697 698 699 700 701 702 703 704]] [47 [705 706 707 708 709 710 711 712 713 714 715 716 717 718 719]] [48 [720 721 722 724 725 726 727 728 729 730 731 732 733 734]] [49 [735 736 737 738 739 740 741 742 743 744 745 746 747 748 749]] [50 [750 751 752 753 754 755 756 757 758 759 760 761 762 763 764]] [51 [765 766 767 768 769 770 771 772 773 774 775 776 777 778 779]] [52 [780 781 782 783 784 785 786 787 788 789 790 791 792 793 794]] [53 [795 796 797 798 799 800 801 802 803 804 805 806 807 808 809]] [54 [810 811 812 813 814 815 816 817 818 819 820 821 822 823 824]] [55 [825 826 827 828 829 830 831 832 833 834 835 836 837 838 839]] [56 [840 841 842 843 844 845 846 847 848 849 850 851 852 853 854]] [57 [855 856 857 858 859 860 861 862 863 864 865 866 867 868 869]] [58 [870 871 872 873 874 875 876 877 878 879 881 882 883 884]] [59 [885 886 887 888 889 890 891 892 893 894 895 896 897 898 899]] [60 [900 901 902 903 904 905 906 907 908 909 910 911 912 913 914]] [61 [915 916 917 918 919 920 921 922 923 924 925 926 927 928 929]] [62 [930 931 932 933 934 935 936 937 938 939 940 941 942 943 944]] [63 [945 946 948 949 950 951 952 953 954 955 956 957 958 959]] [64 [960 961 962 963 964 965 966 967 968 969 970 971 972 973 974]] [65 [975 976 977 978 979 980 981 982 983 984 985 986 987 988 989]] [66 [990 991 992 993 994 995 996 997 998 999 1000 1001 1002 1003 1004]] [67 [1005 1006 1007 1009 1010 1011 1012 1013 1014 1015 1016 1017 1018 1019]] [68 [1020 1021 1022 1023 1024 1025 1026 1027 1028 1029 1030 1031 1032 1033 1034]] [69 [1035 1036 1037 1038 1040 1042 1043 1044 1046 1047 1048]] [70 [1050 1051 1052 1053 1054 1055 1056 1057 1058 1059 1060 1061 1062 1063 1064]] [71 [1065 1066 1067 1068 1069 1070 1071 1072 1073 1074 1075 1076 1077 1078 1079]] [72 [1080 1081 1082 1083 1084 1085 1086 1087 1088 1089 1090 1091 1092 1093 1094]] [73 [1095 1096 1097 1098 1099 1100 1101 1102 1103 1104 1105 1106 1107 1108 1109]] [74 [1110 1111 1112 1113 1114 1115 1116 1117 1118 1119 1120 1121 1122 1123 1124]] [75 [1125 1126 1127 1128 1129 1130 1131 1132 1133 1134 1135 1136 1137 1138 1139]] [76 [1140 1141 1142 1143 1144 1145 1146 1147 1148 1149 1150 1151 1152 1153 1154]] [77 [1155 1156 1157 1158 1159 1160 1161 1162 1163 1164 1165 1166 1167 1168 1169]] [78 [1170 1171 1172 1173 1174 1175 1176 1177 1178 1179 1180 1181 1182 1183 1184]] [79 [1185 1186 1187 1188 1189 1190 1191 1192 1193 1194 1195 1196 1197 1198 1199]] [80 [1200 1201 1202 1203 1204 1205 1206 1207 1208 1209 1210 1211 1212 1213 1214]] [81 [1215 1216 1217 1218 1219 1220 1221 1222 1223 1224 1225 1226 1227 1228 1229]] [82 [1230 1231 1232 1233 1234 1235 1236 1237 1238 1239 1240 1241 1242 1243 1244]] [83 [1245 1246 1247 1248 1249 1250 1251 1252 1253 1254 1255 1256 1257 1258 1259]] [84 [1260 1261 1262 1263 1264 1265 1266 1267 1268 1269 1270 1271 1272 1273 1274]] [85 [1275 1276 1277 1278 1279 1280 1281 1282 1283 1284 1285 1287 1288 1289]] [86 [1290 1291 1292 1293 1295 1296 1297 1298 1299 1300 1301 1302 1303 1304]] [87 [1305 1306 1307 1308 1309 1310 1311 1312 1313 1314 1315 1316 1317 1318 1319]] [88 [1320 1321 1322 1324 1325 1326 1327 1328 1329 1330 1331 1332 1333 1334]] [89 [1335 1336 1337 1338 1339 1340 1342 1343 1344 1345 1346 1347 1348 1349]] [90 [1350 1351 1352 1353 1354 1355 1356 1357 1358 1359 1360 1361 1362 1363 1364]] [91 [1365 1366 1367 1368 1369 1370 1371 1372 1373 1374 1375 1376 1377 1378 1379]] [92 [1380 1381 1382 1383 1384 1385 1386 1387 1388 1389 1390 1391 1392 1393 1394]] [93 [1395 1396 1397 1398 1399 1400 1401 1402 1403 1404 1405 1406 1407 1408 1409]] [94 [1410 1411 1412 1413 1414 1415 1416 1417 1418 1419 1420 1421 1422 1423 1424]] [95 [1425 1426 1427 1428 1429 1430 1431 1432 1433 1434 1435 1436 1437 1438 1439]] [96 [1440 1441 1442 1443 1444 1445 1446 1447 1448 1449 1450 1451 1452 1453 1454]] [97 [1455 1456 1457 1458 1459 1460 1461 1462 1463 1464 1465 1466 1467 1468 1469]] [98 [1470 1471 1472 1473 1474 1475 1476 1477 1478 1479 1480 1481 1482 1483 1484]] [99 [1485 1486 1487 1488 1489 1490 1491 1492 1493 1494 1495 1496 1497 1498 1499]]]","[[0 [9 10 12 13]] [1 [16 17 18 19 20 21 22 23 24 25 26 28]] [2 [30 31 32 33 36 37 38 39 40 41 42 43 44]] [3 [45 46 47 48 50 51 52 53 54 55 56 58 59]] [4 [60 61 62 63 64 67 68 69 71 72 73 74]] [5 [75 76 77 78 79 80 82 84 85 86 87 88 89]] [6 [90 91 92 94 95 96 97 98 99 101 102 103 104]] [7 [106 107 108 109 110 111 112 115 116 117 118 119]] [8 [120 121 122 123 124 125 126 127 129 130 131 133 134]] [9 [136 137 138 141 142 143 144 145 146 148 149]] [10 [150 152 153 154 155 156 158 160 161 162 164]] [11 [165 166 167 170 171 173 174 176 177 178 179]] [12 [180 181 184 185 186 187 188 189 190 191 192 193 194]] [13 [195 196 197 198 199 200 201 202 203 204 205 207 208 209]] [14 [210 211 213 214 215 216 217 218 220 221 222 224]] [15 [225 226 228 229 230 231 232 233 234 235 236 237 238 239]] [16 [241 242 243 244 245 246 247 248 249 250 251 252 253]] [17 [255 256 257 258 259 260 261 262 263 264 265 267 268 269]] [18 [270 272 273 274 275 277 278 279 280 281 282 283 284]] [19 [285 286 287 288 289 290 291 292 293 294 296 297 298 299]] [20 [300 302 303 304 305 306 308 309 310 311 313 314]] [21 [315 316 319 320 321 323 324 325 326 327 328 329]] [22 [330 331 332 333 334 335 336 337 338 339 340 342 343 344]] [23 [345 346 347 348 349 351 352 353 354 355 356 357 358]] [24 [364 365 366 367 368 369 371 372 373 374]] [25 [378 379 380 381 382 383 384 385 386 387 389]] [26 [390 391 392 394 395 396 398 399 400 401 402 403 404]] [27 [406 407 408 409 411 412 413 414 415 417 418 419]] [28 [420 421 422 424 425 426 427 428 429 430 432 433 434]] [29 [435 438 439 441 442 443 444 448 449]] [30 [450 451 452 453 454 455 456 457 458 459 461 462 463 464]] [31 [465 466 467 468 469 470 472 473 474 475 476 477 478 479]] [32 [480 481 482 483 484 485 486 487 488 489 491 493 494]] [33 [496 497 498 499 500 501 502 503 504 505 506 508 509]] [34 [510 511 512 513 515 516 518 519 520 521 522 523 524]] [35 [525 526 527 528 530 531 532 533 534 535 536]] [36 [540 542 543 544 545 546 547 548 549 550 551 554]] [37 [555 556 558 560 561 564 565 566 567 568 569]] [38 [570 571 572 573 576 577 578 579 581 582 583 584]] [39 [585 586 587 589 590 592 593 594 595 596 598 599]] [40 [600 601 602 603 605 606 607 609 610 611 612 613 614]] [41 [615 616 617 618 619 620 621 622 623 624 626 627 628 629]] [42 [630 633 634 635 637 638 639 640 641 642 644]] [43 [645 646 647 648 649 651 652 653 655 656 657 658 659]] [44 [661 662 663 665 666 668 670 671 672 673 674]] [45 [675 676 677 678 679 680 681 682 683 685 686 687 688]] [46 [691 692 694 695 696 697 698 699 701 702 703]] [47 [705 706 707 708 709 710 711 712 713 715 716 717 718 719]] [48 [720 721 722 724 725 726 727 728 729 730 731 732 733 734]] [49 [735 736 738 739 740 741 742 743 744 745 746 747 748 749]] [50 [751 752 753 755 756 757 758 759 760 761 762 763 764]] [51 [765 766 767 768 769 771 772 773 774 778 779]] [52 [780 781 782 783 784 785 786 789 790 791 792 793]] [53 [797 798 799 800 801 802 803 804 806 809]] [54 [810 811 812 814 815 816 817 818 819 820 821 822]] [55 [826 827 828 829 830 831 832 833 837 838 839]] [56 [840 841 842 843 844 845 846 847 848 849 850 851 852 853 854]] [57 [855 856 857 858 859 860 861 863 864 865 866 867 868 869]] [58 [870 872 873 874 875 876 877 878 879 881 883 884]] [59 [885 886 887 889 890 891 892 893 894 895 896 897 898 899]] [60 [901 902 903 904 905 906 907 909 910 912 913 914]] [61 [915 916 917 919 920 921 922 923 924 925 926 927 929]] [62 [930 931 934 935 936 937 938 941 942 943 944]] [63 [945 946 949 950 951 952 953 954 956 957 958 959]] [64 [960 961 962 963 965 966 968 969 970 971 972 973 974]] [65 [975 977 978 979 980 981 983 984 985 988 989]] [66 [990 991 992 993 994 995 998 999 1001 1002 1003 1004]] [67 [1006 1007 1009 1010 1011 1012 1014 1017 1018 1019]] [68 [1020 1021 1022 1023 1024 1025 1026 1028 1029 1030 1031 1032 1033 1034]] [69 [1035 1036 1037 1038 1040 1042 1043 1044 1046 1047 1048]] [70 [1051 1052 1053 1054 1055 1060 1061 1062 1063 1064]] [71 [1066 1067 1068 1069 1070 1071 1072 1073 1074 1075 1076 1077 1078]] [72 [1080 1081 1082 1083 1084 1085 1087 1088 1089 1090 1092 1093 1094]] [73 [1095 1098 1099 1101 1102 1103 1104 1105 1106 1107 1108]] [74 [1110 1111 1112 1113 1114 1115 1118 1119 1120 1121 1122 1123]] [75 [1125 1126 1127 1128 1129 1130 1131 1133 1136 1137 1138 1139]] [76 [1141 1142 1143 1144 1146 1147 1148 1149 1150 1151 1152 1153 1154]] [77 [1155 1156 1157 1158 1159 1160 1161 1163 1165 1166 1167 1169]] [78 [1170 1171 1172 1174 1175 1176 1177 1179 1180 1181 1182 1183 1184]] [79 [1186 1187 1188 1189 1191 1192 1193 1195 1196 1198]] [80 [1200 1201 1203 1205 1206 1207 1208 1212 1213 1214]] [81 [1215 1217 1219 1220 1221 1222 1223 1224 1225 1226 1227 1228 1229]] [82 [1230 1231 1232 1233 1234 1235 1236 1237 1238 1239 1240 1241 1242 1243]] [83 [1246 1247 1248 1249 1250 1251 1252 1253 1254 1255 1257 1258 1259]] [84 [1260 1261 1262 1263 1264 1265 1266 1267 1268 1270 1271 1272 1273 1274]] [85 [1275 1276 1277 1278 1279 1280 1281 1282 1283 1284 1285 1287 1288 1289]] [86 [1290 1291 1293 1295 1296 1297 1298 1300 1301 1302 1303 1304]] [87 [1305 1306 1308 1309 1310 1311 1312 1313 1314 1315 1316 1317 1318]] [88 [1320 1321 1322 1325 1326 1327 1328 1329 1330 1332 1333 1334]] [89 [1335 1336 1338 1340 1342 1343 1344 1345 1346 1347 1348 1349]] [90 [1350 1351 1353 1354 1355 1356 1357 1358 1359 1360 1361 1362]] [91 [1365 1366 1367 1368 1369 1371 1372 1373 1374 1377 1378 1379]] [92 [1380 1381 1382 1383 1384 1385 1386 1387 1388 1389 1390 1391 1392 1394]] [93 [1395 1396 1397 1399 1400 1401 1402 1403 1404 1405 1406 1408 1409]] [94 [1410 1411 1412 1414 1415 1416 1417 1419 1420 1421 1422 1423 1424]] [95 [1426 1427 1429 1430 1431 1432 1433 1434 1435 1437 1438]] [96 [1440 1441 1442 1443 1444 1445 1446 1447 1448 1449 1451 1452 1453 1454]] [97 [1455 1456 1457 1459 1461 1463 1464 1466 1467 1468 1469]] [98 [1470 1471 1472 1473 1474 1476 1477 1478 1479 1480 1481 1482 1484]] [99 [1485 1486 1487 1489 1490 1491 1492 1493 1494 1495 1496 1498]]]",,"[[{citizen 9} [[""A"" [2 4]]]] [{citizen 10} [[""A"" [2 4]]]] [{citizen 35} [[""A"" [2 2]]]] [{citizen 36} [[""A"" [2 4]]]] [{citizen 41} [[""A"" [4 2]]]] [{citizen 47} [[""A"" [2 4]]]] [{media 50} [[""A"" [4 4]]]] [{media 51} [[""A"" [2 2]]]] [{media 53} [[""A"" [4 4]]]] [{media 55} [[""A"" [3 3]]]] [{media 56} [[""A"" [2 2]]]] [{media 57} [[""A"" [2 2]]]] [{media 60} [[""A"" [4 4]]]] [{media 61} [[""A"" [3 3]]]] [{media 62} [[""A"" [4 4]]]] [{media 64} [[""A"" [3 3]]]] [{citizen 4} [[""A"" [2 4]]]] [{citizen 0} [[""A"" [3 2]]]] [{citizen 2} [[""A"" [4 4]]]] [{citizen 3} [[""A"" [4 4]]]] [{citizen 49} [[""A"" [2 2]]]] [{citizen 1} [[""A"" [4 2]]]] [{citizen 32} [[""A"" [4 4]]]] [{citizen 15} [[""A"" [3 2]]]] [{citizen 17} [[""A"" [3 2]]]] [{citizen 16} [[""A"" [3 4]]]] [{citizen 44} [[""A"" [3 2]]]] [{citizen 37} [[""A"" [4 4]]]] [{citizen 26} [[""A"" [4 4]]]] [{citizen 29} [[""A"" [4 3]]]] [{citizen 5} [[""A"" [2 2]]]] [{media 63} [[""A"" [3 3]]]] [{citizen 25} [[""A"" [2 2]]]] [{citizen 48} [[""A"" [2 4]]]] [{citizen 31} [[""A"" [2 4]]]] [{citizen 43} [[""A"" [4 3]]]] [{citizen 21} [[""A"" [2 4]]]] [{citizen 7} [[""A"" [2 2]]]] [{citizen 12} [[""A"" [2 4]]]] [{citizen 20} [[""A"" [3 4]]]] [{citizen 22} [[""A"" [3 2]]]] [{citizen 19} [[""A"" [3 2]]]] [{citizen 33} [[""A"" [3 2]]]] [{citizen 14} [[""A"" [4 2]]]] [{citizen 38} [[""A"" [2 2]]]] [{citizen 8} [[""A"" [4 2]]]] [{citizen 13} [[""A"" [3 4]]]] [{citizen 28} [[""A"" [2 4]]]] [{citizen 40} [[""A"" [3 4]]]] [{citizen 46} [[""A"" [2 4]]]] [{media 54} [[""A"" [3 3]]]] [{citizen 34} [[""A"" [3 2]]]] [{citizen 39} [[""A"" [4 4]]]] [{citizen 45} [[""A"" [4 2]]]] [{citizen 24} [[""A"" [3 2]]]] [{citizen 23} [[""A"" [3 2]]]] [{citizen 27} [[""A"" [3 2]]]] [{media 52} [[""A"" [2 2]]]] [{citizen 18} [[""A"" [2 3]]]] [{citizen 42} [[""A"" [2 4]]]] [{media 59} [[""A"" [4 4]]]] [{media 58} [[""A"" [1 1]]]] [{citizen 30} [[""A"" [4 3]]]] [{citizen 11} [[""A"" [4 2]]]]]"
"7","[170 0 85]","264.48979591836735","-13.579046091527308","-0.9679657710440446","""circle""","""""","9.9","{breed citizens}","false","0.5","1","""up""",,"[[""ID"" 5] [""alpha"" 1] [""beta"" 1] [""malleable"" [""A""]] [""prior"" []] [""cont_tokens"" []] [""A"" 2]]","[[0 [0 1 2 3 4 5 6 7 8 9 10 11 12 13]] [1 [15 16 17 18 19 20 21 22 23 24 25 26 27 28 29]] [2 [30 31 32 33 34 35 36 37 38 39 40 41 42 43 44]] [3 [45 46 47 48 49 50 51 52 53 54 55 56 57 58 59]] [4 [60 61 62 63 64 65 66 67 68 69 70 71 72 73 74]] [5 [75 76 77 78 79 80 81 82 83 84 85 86 87 88 89]] [6 [90 91 92 93 94 95 96 97 98 99 100 101 102 103 104]] [7 [105 106 107 108 109 110 111 112 113 114 115 116 117 118 119]] [8 [120 121 122 123 124 125 126 127 128 129 130 131 132 133 134]] [9 [135 136 137 138 139 140 141 142 143 144 145 146 147 148 149]] [10 [150 151 152 153 154 155 156 157 158 159 160 161 162 163 164]] [11 [165 166 167 168 169 170 171 172 173 174 175 176 177 178 179]] [12 [180 181 183 184 185 186 187 188 189 190 191 192 193 194]] [13 [195 196 197 198 199 200 201 202 203 204 205 206 207 208 209]] [14 [210 211 212 213 214 215 216 217 218 219 220 221 222 223 224]] [15 [225 226 227 228 229 230 231 232 233 234 235 236 237 238 239]] [16 [241 242 243 244 245 246 247 248 249 250 251 252 253 254]] [17 [255 256 257 258 259 260 261 262 263 264 265 266 267 268 269]] [18 [270 271 272 273 274 275 276 277 278 279 280 281 282 283 284]] [19 [285 286 287 288 289 290 291 292 293 294 295 296 297 298 299]] [20 [300 301 302 303 304 305 306 307 308 309 310 311 312 313 314]] [21 [315 316 317 318 319 320 321 322 323 324 325 326 327 328 329]] [22 [330 331 332 333 334 335 336 337 338 339 340 341 342 343 344]] [23 [345 346 347 348 349 350 351 352 353 354 355 356 357 358 359]] [24 [360 361 362 363 364 365 366 367 368 369 370 371 372 373 374]] [25 [375 376 377 378 379 380 381 382 383 384 385 386 387 388 389]] [26 [390 391 392 393 394 395 396 397 398 399 400 401 402 403 404]] [27 [405 406 407 408 409 410 411 412 413 414 415 416 417 418 419]] [28 [420 421 422 424 425 426 427 428 429 430 431 432 433 434]] [29 [435 436 437 438 439 440 441 442 443 444 445 446 447 448 449]] [30 [450 451 452 453 454 455 456 457 458 459 460 461 462 463 464]] [31 [465 466 467 468 469 470 471 472 473 474 475 476 477 478 479]] [32 [480 481 482 483 484 485 486 487 488 489 490 491 492 493 494]] [33 [495 496 497 498 499 500 501 502 503 504 505 506 507 508 509]] [34 [510 511 512 513 514 515 516 517 518 519 520 521 522 523 524]] [35 [525 526 527 528 529 530 531 532 533 534 535 536 537 538 539]] [36 [540 541 542 543 544 545 546 547 548 549 550 551 552 553 554]] [37 [555 556 557 558 559 560 561 562 563 564 565 566 567 568 569]] [38 [570 571 572 573 574 575 576 577 578 579 580 581 582 583 584]] [39 [585 586 587 588 589 590 592 593 594 595 596 597 598 599]] [40 [600 601 602 603 604 605 606 607 608 609 610 611 612 613 614]] [41 [615 616 617 618 619 620 621 622 623 624 625 626 627 628 629]] [42 [630 631 632 633 634 635 636 637 638 639 640 641 642 643 644]] [43 [645 646 647 648 649 650 651 652 653 654 655 656 657 658 659]] [44 [660 661 662 663 664 665 666 667 668 669 670 671 672 673 674]] [45 [675 676 677 678 679 680 681 682 683 684 685 686 687 688]] [46 [690 691 692 693 694 695 696 697 698 699 700 701 702 703 704]] [47 [705 706 707 708 709 710 711 712 713 715 716 717 718 719]] [48 [720 721 722 723 724 725 726 727 728 729 730 731 732 733 734]] [49 [735 736 737 738 739 740 741 742 743 744 745 746 747 748 749]] [50 [750 751 752 753 754 755 756 757 758 759 760 761 762 763 764]] [51 [765 766 767 768 769 770 771 772 773 774 775 776 777 778 779]] [52 [780 781 782 783 784 785 786 787 788 789 790 791 792 793 794]] [53 [795 796 797 798 799 800 801 802 803 804 805 806 807 808 809]] [54 [810 811 812 813 814 815 816 817 818 819 820 821 822 823 824]] [55 [825 826 827 828 829 830 831 832 833 834 835 836 837 838 839]] [56 [840 841 842 843 844 845 846 847 848 849 850 851 852 853 854]] [57 [855 856 857 858 859 860 861 862 863 864 865 866 867 868 869]] [58 [870 871 872 873 874 875 876 877 878 879 881 882 883 884]] [59 [885 886 887 888 889 890 891 892 893 894 895 896 897 898 899]] [60 [900 901 902 903 904 905 906 907 908 909 910 911 912 913 914]] [61 [915 916 917 918 919 920 921 922 923 924 925 926 927 928 929]] [62 [930 931 932 933 934 935 936 937 938 939 940 941 942 943 944]] [63 [945 946 948 949 950 951 952 953 954 955 956 957 958 959]] [64 [960 961 962 963 964 965 966 967 968 969 970 971 972 973 974]] [65 [975 976 977 978 979 980 981 982 983 984 985 986 987 988 989]] [66 [990 991 992 993 994 995 996 997 998 999 1000 1001 1002 1003 1004]] [67 [1005 1006 1007 1009 1010 1011 1012 1013 1014 1015 1016 1017 1018 1019]] [68 [1020 1021 1022 1023 1024 1025 1026 1027 1028 1029 1030 1031 1032 1033 1034]] [69 [1035 1036 1037 1038 1040 1042 1043 1044 1046 1047 1048]] [70 [1050 1051 1052 1053 1054 1055 1056 1057 1058 1059 1060 1061 1062 1063 1064]] [71 [1065 1066 1067 1068 1069 1070 1071 1072 1073 1074 1075 1076 1077 1078 1079]] [72 [1080 1081 1082 1083 1084 1085 1086 1087 1088 1089 1090 1091 1092 1093 1094]] [73 [1095 1096 1097 1098 1099 1100 1101 1102 1103 1104 1105 1106 1107 1108 1109]] [74 [1110 1111 1112 1113 1114 1115 1116 1117 1118 1119 1120 1121 1122 1123 1124]] [75 [1125 1126 1127 1128 1129 1130 1131 1132 1133 1134 1135 1136 1137 1138 1139]] [76 [1140 1141 1142 1143 1144 1145 1146 1147 1148 1149 1150 1151 1152 1153 1154]] [77 [1155 1156 1157 1158 1159 1160 1161 1162 1163 1164 1165 1166 1167 1168 1169]] [78 [1170 1171 1172 1173 1174 1175 1176 1177 1178 1179 1180 1181 1182 1183 1184]] [79 [1185 1186 1187 1188 1189 1190 1191 1192 1193 1194 1195 1196 1197 1198 1199]] [80 [1200 1201 1202 1203 1204 1205 1206 1207 1208 1209 1210 1211 1212 1213 1214]] [81 [1215 1216 1217 1218 1219 1220 1221 1222 1223 1224 1225 1226 1227 1228 1229]] [82 [1230 1231 1232 1233 1234 1235 1236 1237 1238 1239 1240 1241 1242 1243 1244]] [83 [1245 1246 1247 1248 1249 1250 1251 1252 1253 1254 1255 1256 1257 1258 1259]] [84 [1260 1261 1262 1263 1264 1265 1266 1267 1268 1269 1270 1271 1272 1273 1274]] [85 [1275 1276 1277 1278 1279 1280 1281 1282 1283 1284 1285 1287 1288 1289]] [86 [1290 1291 1292 1293 1295 1296 1297 1298 1299 1300 1301 1302 1303 1304]] [87 [1305 1306 1307 1308 1309 1310 1311 1312 1313 1314 1315 1316 1317 1318 1319]] [88 [1320 1321 1322 1324 1325 1326 1327 1328 1329 1330 1331 1332 1333 1334]] [89 [1335 1336 1337 1338 1339 1340 1342 1343 1344 1345 1346 1347 1348 1349]] [90 [1350 1351 1352 1353 1354 1355 1356 1357 1358 1359 1360 1361 1362 1363 1364]] [91 [1365 1366 1367 1368 1369 1370 1371 1372 1373 1374 1375 1376 1377 1378 1379]] [92 [1380 1381 1382 1383 1384 1385 1386 1387 1388 1389 1390 1391 1392 1393 1394]] [93 [1395 1396 1397 1398 1399 1400 1401 1402 1403 1404 1405 1406 1407 1408 1409]] [94 [1410 1411 1412 1413 1414 1415 1416 1417 1418 1419 1420 1421 1422 1423 1424]] [95 [1425 1426 1427 1428 1429 1430 1431 1432 1433 1434 1435 1436 1437 1438 1439]] [96 [1440 1441 1442 1443 1444 1445 1446 1447 1448 1449 1450 1451 1452 1453 1454]] [97 [1455 1456 1457 1458 1459 1460 1461 1462 1463 1464 1465 1466 1467 1468 1469]] [98 [1470 1471 1472 1473 1474 1475 1476 1477 1478 1479 1480 1481 1482 1483 1484]] [99 [1485 1486 1487 1488 1489 1490 1491 1492 1493 1494 1495 1496 1497 1498 1499]]]","[[0 [1 2 3 4 5 6 7 8 9 10 11 13]] [1 [16 17 18 19 20 21 22 23 24 25 27 28]] [2 [30 31 32 33 35 36 37 38 39 40 41 42 43 44]] [3 [45 46 47 48 49 50 51 52 53 54 55 56 58]] [4 [60 61 62 63 64 65 66 67 68 69 70 71 72 73 74]] [5 [77 78 79 80 82 84 85 87 88]] [6 [93 94 95 96 97 98 99 100 101 102 103 104]] [7 [106 107 108 109 110 111 112 115 116 117 118 119]] [8 [120 121 122 123 124 125 126 127 129 130 131 133 134]] [9 [136 137 138 140 141 142 143 144 145 146 148 149]] [10 [150 152 153 154 155 156 158 160 161 162 163 164]] [11 [165 166 167 168 169 170 171 173 174 176 177 178 179]] [12 [180 181 184 185 186 187 188 189 192 193 194]] [13 [196 197 198 199 200 201 202 203 204 205 207 208 209]] [14 [210 211 212 217 218 220 221 222 223 224]] [15 [225 226 227 228 229 230 231 232 233 234 235 236 237 238 239]] [16 [242 243 244 245 246 247 248 249 250 251 252 254]] [17 [255 256 257 258 259 260 261 262 263 264 265 266 269]] [18 [270 271 272 273 275 277 280 281 282 283 284]] [19 [285 286 287 288 289 290 291 292 293 294 296 297 298 299]] [20 [301 302 303 304 307 308 309 310 311 313]] [21 [315 317 318 319 320 321 323 324 326 327 328 329]] [22 [330 331 332 333 336 337 338 339 341 342 343 344]] [23 [345 346 347 348 349 351 352 353 354 355 356 357 358]] [24 [361 362 363 364 365 366 367 368 369 371]] [25 [375 376 377 378 380 381 382 383 388 389]] [26 [390 391 392 394 395 397 398 399 400 401 402 403 404]] [27 [406 407 408 409 415 416 417 418 419]] [28 [420 421 422 424 425 427 428 429 430 432 433 434]] [29 [435 436 437 438 439 440 441 442 443 445 446 447 449]] [30 [450 451 452 453 454 455 456 457 458 459 461 462 463 464]] [31 [467 468 469 470 471 472 473 474 475 476 477 478 479]] [32 [480 481 482 483 484 486 487 488 489 490 491 493 494]] [33 [495 496 497 498 499 500 501 502 504 505 506 507]] [34 [512 513 515 516 518 519 520 522 523 524]] [35 [525 526 527 528 529 530 532 533 534 535 536]] [36 [540 542 543 544 545 546 547 548 549 550 551 553 554]] [37 [555 556 557 558 559 560 561 562 563 564 565 566 567 569]] [38 [570 571 572 573 574 575 576 577 579 581 582 583 584]] [39 [585 586 587 588 589 590 592 593 594 595 596 597 598 599]] [40 [600 601 602 603 604 607 608 609 610 611 612 613]] [41 [615 616 617 618 619 621 622 623 624 626 627 628 629]] [42 [630 631 632 633 634 635 637 638 639 640 641 642 644]] [43 [645 646 648 649 651 652 653 654 655 656 657 659]] [44 [661 662 663 664 665 666 668 669 670 671 672 673 674]] [45 [675 678 679 680 682 683 685 686 687]] [46 [690 692 694 695 696 697 698 699 701 702 703 704]] [47 [705 706 707 708 709 710 711 712 713 715 716 717]] [48 [720 721 722 724 725 726 727 728 729 730 731 732 733]] [49 [735 737 738 739 740 741 742 743 744 745 746 747 748 749]] [50 [750 751 752 753 755 756 757 758 759 760 761 762 763 764]] [51 [765 766 767 768 769 771 772 773 774 776 777 778 779]] [52 [780 781 782 783 784 785 786 787 788 789 790 791 792 793]] [53 [797 798 799 800 801 802 803 804 805 807 808 809]] [54 [810 811 812 813 814 815 816 817 818 819 820 821 822]] [55 [825 827 829 830 831 832 833 834 835 836 838 839]] [56 [840 841 842 843 844 845 846 847 848 849 850 851 852 853 854]] [57 [855 856 857 858 859 860 861 863 864 865 866 867 868 869]] [58 [870 871 872 873 874 875 876 877 878 879 881 883 884]] [59 [885 886 887 888 889 890 891 892 893 894 895 896 897 898]] [60 [900 901 902 903 904 905 906 907 908 909 910 912 913]] [61 [915 916 917 918 920 921 923 924 925 926 927]] [62 [931 934 935 936 937 938 940 942 943 944]] [63 [945 946 948 949 951 952 953 954 956 957 958 959]] [64 [960 962 963 964 965 966 967 968 969 970 971 972 973 974]] [65 [975 976 978 979 980 981 983 984 985 986 987 988 989]] [66 [990 991 992 993 994 995 997 998 999 1001 1002 1003 1004]] [67 [1006 1007 1009 1010 1011 1012 1014 1015 1016 1017 1018 1019]] [68 [1020 1021 1022 1023 1024 1025 1026 1027 1028 1029 1030 1031 1032 1033 1034]] [69 [1037 1038 1040 1042 1043 1044 1046 1047 1048]] [70 [1051 1052 1053 1054 1055 1062 1063 1064]] [71 [1066 1067 1068 1069 1070 1071 1073 1074 1075 1076 1077 1078 1079]] [72 [1080 1081 1082 1083 1084 1085 1086 1087 1088 1089 1090 1092 1093 1094]] [73 [1095 1097 1098 1099 1100 1107 1108]] [74 [1110 1111 1112 1113 1114 1115 1116 1117 1121 1122 1123]] [75 [1125 1126 1127 1128 1129 1130 1131 1133 1134 1135 1138 1139]] [76 [1141 1142 1143 1144 1145 1146 1147 1148 1149 1150 1151 1152 1153]] [77 [1155 1156 1157 1158 1159 1160 1161 1162 1163 1164 1166 1168 1169]] [78 [1170 1171 1172 1174 1175 1177 1178 1179 1180 1181 1182 1183 1184]] [79 [1185 1186 1187 1188 1189 1190 1192 1193 1195 1196 1197 1199]] [80 [1200 1201 1202 1203 1204 1205 1206 1207 1208 1211 1213 1214]] [81 [1215 1216 1217 1219 1220 1221 1223 1225 1226 1227 1228 1229]] [82 [1230 1231 1232 1234 1235 1237 1238 1240 1241 1242 1243]] [83 [1246 1247 1248 1249 1250 1251 1252 1253 1255 1257 1258 1259]] [84 [1260 1261 1262 1264 1265 1266 1267 1268 1270 1271 1272 1273 1274]] [85 [1275 1276 1277 1278 1279 1280 1281 1282 1283 1284 1285 1287 1288 1289]] [86 [1290 1291 1293 1296 1297 1298 1299 1300 1301 1302 1303 1304]] [87 [1305 1306 1307 1308 1309 1310 1311 1312 1313 1314 1315 1316 1317 1318]] [88 [1320 1321 1324 1325 1326 1327 1331 1332 1333 1334]] [89 [1335 1337 1338 1340 1342 1343 1345 1346 1347 1348]] [90 [1350 1351 1352 1353 1354 1355 1356 1357 1358 1359 1360 1362 1364]] [91 [1366 1367 1368 1369 1370 1371 1372 1373 1374 1377 1378]] [92 [1380 1381 1382 1383 1384 1385 1386 1387 1388 1389 1390 1391 1393 1394]] [93 [1395 1396 1397 1399 1400 1401 1402 1403 1404 1405 1406 1408]] [94 [1410 1411 1412 1417 1419 1420 1421 1422 1423]] [95 [1425 1427 1428 1430 1431 1432 1433 1434 1435 1437 1438]] [96 [1440 1441 1442 1443 1444 1448 1449 1450 1451 1452 1453 1454]] [97 [1455 1456 1457 1460 1461 1462 1463 1464 1466 1467 1468 1469]] [98 [1470 1471 1472 1473 1474 1475 1476 1477 1481 1483 1484]] [99 [1485 1486 1487 1489 1490 1491 1492 1493 1494 1495 1496 1498]]]",,"[[{citizen 20} [[""A"" [4 4]]]] [{citizen 21} [[""A"" [2 4]]]] [{citizen 38} [[""A"" [2 2]]]] [{media 50} [[""A"" [4 4]]]] [{media 51} [[""A"" [2 2]]]] [{media 53} [[""A"" [4 4]]]] [{media 55} [[""A"" [3 3]]]] [{media 56} [[""A"" [2 2]]]] [{media 57} [[""A"" [2 2]]]] [{media 60} [[""A"" [4 4]]]] [{media 61} [[""A"" [3 3]]]] [{media 62} [[""A"" [4 4]]]] [{media 64} [[""A"" [3 3]]]] [{citizen 4} [[""A"" [2 4]]]] [{media 63} [[""A"" [3 3]]]] [{citizen 1} [[""A"" [4 2]]]] [{citizen 5} [[""A"" [3 2]]]] [{citizen 3} [[""A"" [4 4]]]] [{media 54} [[""A"" [3 3]]]] [{media 52} [[""A"" [2 2]]]] [{media 58} [[""A"" [1 1]]]] [{citizen 49} [[""A"" [2 4]]]] [{citizen 32} [[""A"" [4 4]]]] [{citizen 9} [[""A"" [4 4]]]] [{citizen 15} [[""A"" [2 4]]]] [{citizen 0} [[""A"" [2 2]]]] [{citizen 17} [[""A"" [3 2]]]] [{citizen 16} [[""A"" [2 4]]]] [{citizen 44} [[""A"" [3 2]]]] [{citizen 2} [[""A"" [4 4]]]] [{citizen 37} [[""A"" [4 4]]]] [{citizen 26} [[""A"" [3 2]]]] [{citizen 29} [[""A"" [3 2]]]] [{citizen 25} [[""A"" [2 2]]]] [{citizen 48} [[""A"" [2 4]]]] [{citizen 31} [[""A"" [2 4]]]] [{citizen 43} [[""A"" [3 2]]]] [{citizen 6} [[""A"" [3 2]]]] [{citizen 23} [[""A"" [2 2]]]] [{citizen 12} [[""A"" [2 4]]]] [{citizen 14} [[""A"" [3 2]]]] [{citizen 36} [[""A"" [2 4]]]] [{citizen 34} [[""A"" [2 4]]]] [{citizen 46} [[""A"" [2 4]]]] [{citizen 39} [[""A"" [4 4]]]] [{citizen 35} [[""A"" [2 4]]]] [{citizen 13} [[""A"" [4 4]]]] [{citizen 27} [[""A"" [2 2]]]] [{citizen 41} [[""A"" [4 4]]]] [{citizen 22} [[""A"" [3 2]]]] [{citizen 18} [[""A"" [3 2]]]] [{citizen 40} [[""A"" [4 4]]]] [{citizen 45} [[""A"" [4 4]]]] [{citizen 28} [[""A"" [4 4]]]] [{citizen 19} [[""A"" [2 2]]]] [{citizen 42} [[""A"" [4 4]]]] [{media 59} [[""A"" [4 4]]]] [{citizen 10} [[""A"" [2 4]]]] [{citizen 8} [[""A"" [2 4]]]] [{citizen 47} [[""A"" [4 4]]]] [{citizen 33} [[""A"" [4 4]]]] [{citizen 30} [[""A"" [3 2]]]] [{citizen 24} [[""A"" [2 2]]]] [{citizen 11} [[""A"" [2 4]]]]]"
"8","[85 0 170]","56.326530612244895","12.348615616716195","8.066109789253222","""circle""","""""","9.9","{breed citizens}","false","0.5","1","""up""",,"[[""ID"" 18] [""alpha"" 1] [""beta"" 1] [""malleable"" [""A""]] [""prior"" []] [""cont_tokens"" []] [""A"" 4]]","[[0 [0 1 2 3 4 5 6 7 8 9 10 11 12 13 14]] [1 [15 16 17 18 19 20 21 22 23 24 25 26 27 28 29]] [2 [30 31 32 33 34 35 36 37 38 39 40 41 42 43 44]] [3 [45 46 47 48 49 50 51 52 53 54 55 56 57 58 59]] [4 [60 61 62 63 64 65 66 67 68 69 70 71 72 73 74]] [5 [75 76 77 78 79 80 81 82 83 84 85 86 87 88 89]] [6 [90 91 92 93 94 95 96 97 98 99 100 101 102 103 104]] [7 [105 106 107 108 109 110 111 112 113 114 115 116 117 118 119]] [8 [120 121 122 123 124 125 126 127 128 129 130 131 132 133 134]] [9 [135 136 137 138 139 140 141 142 143 144 145 146 147 148 149]] [10 [150 151 152 153 154 155 156 157 158 159 160 161 162 163 164]] [11 [165 166 167 168 169 170 171 172 173 174 175 176 177 178 179]] [12 [180 181 183 184 185 186 187 188 189 190 191 192 193 194]] [13 [195 196 197 198 199 200 201 202 203 204 205 206 207 208 209]] [14 [210 211 212 213 214 215 216 217 218 219 220 221 222 223 224]] [15 [225 226 227 228 229 230 231 232 233 234 235 236 237 238 239]] [16 [241 242 243 244 245 246 247 248 249 250 251 252 253 254]] [17 [255 256 257 258 259 260 261 262 263 264 265 266 267 268 269]] [18 [270 271 272 273 274 275 276 277 278 279 280 281 282 283 284]] [19 [285 286 287 288 289 290 291 292 293 294 295 296 297 298 299]] [20 [300 301 302 303 304 305 306 307 308 309 310 311 312 313 314]] [21 [315 316 317 318 319 320 321 322 323 324 325 326 327 328 329]] [22 [330 331 332 333 334 335 336 337 338 339 340 341 342 343 344]] [23 [345 346 347 348 349 350 351 352 353 354 355 356 357 358 359]] [24 [360 361 362 363 364 365 366 367 368 369 370 371 372 373 374]] [25 [375 376 377 378 379 380 381 382 383 384 385 386 387 388 389]] [26 [390 391 392 393 394 395 396 397 398 399 400 401 402 403 404]] [27 [405 406 407 408 409 410 411 412 413 414 415 416 417 418 419]] [28 [420 421 422 424 425 426 427 428 429 430 431 432 433 434]] [29 [435 436 437 438 439 440 441 442 443 444 445 446 447 448 449]] [30 [450 451 452 453 454 455 456 457 458 459 460 461 462 463 464]] [31 [465 466 467 468 469 470 471 472 473 474 475 476 477 478 479]] [32 [480 481 482 483 484 485 486 487 488 489 490 491 492 493 494]] [33 [495 496 497 498 499 500 501 502 503 504 505 506 507 508 509]] [34 [510 511 512 513 514 515 516 517 518 519 520 521 522 523 524]] [35 [525 526 527 528 529 530 531 532 533 534 535 536 537 538 539]] [36 [540 541 542 543 544 545 546 547 548 549 550 551 553 554]] [37 [555 556 557 558 559 560 561 562 563 564 565 566 567 568 569]] [38 [570 571 572 573 574 575 576 577 578 579 580 581 582 583 584]] [39 [585 586 587 588 589 590 592 593 594 595 596 597 598 599]] [40 [600 601 602 603 604 605 606 607 608 609 610 611 612 613 614]] [41 [615 616 617 618 619 620 621 622 623 624 626 627 628 629]] [42 [630 631 632 633 634 635 636 637 638 639 640 641 642 643 644]] [43 [645 646 647 648 649 650 651 652 653 654 655 656 657 658 659]] [44 [660 661 662 663 664 665 666 667 668 669 670 671 672 673 674]] [45 [675 676 677 678 679 680 681 682 683 684 685 686 687 688]] [46 [690 691 692 693 694 695 696 697 698 699 700 701 702 703 704]] [47 [705 706 707 708 709 710 711 712 713 715 716 717 718 719]] [48 [720 721 722 723 724 725 726 727 728 729 730 731 732 733 734]] [49 [735 736 737 738 739 740 741 742 743 744 745 746 747 748 749]] [50 [750 751 752 753 754 755 756 757 758 759 760 761 762 763 764]] [51 [765 766 767 768 769 770 771 772 773 774 775 776 777 778 779]] [52 [780 781 782 783 784 785 786 787 788 789 790 791 792 793 794]] [53 [795 796 797 798 799 800 801 802 803 804 805 806 807 808 809]] [54 [810 811 812 813 814 815 816 817 818 819 820 821 822 823 824]] [55 [825 826 827 828 829 830 831 832 833 834 835 836 837 838 839]] [56 [840 841 842 843 844 845 846 847 848 849 850 851 852 853 854]] [57 [855 856 857 858 859 860 861 862 863 864 865 866 867 868 869]] [58 [870 871 872 873 874 875 876 877 878 879 881 882 883 884]] [59 [885 886 887 888 889 890 891 892 893 894 895 896 897 898 899]] [60 [900 901 902 903 904 905 906 907 908 909 910 911 912 913 914]] [61 [915 916 917 918 919 920 921 922 923 924 925 926 927 928 929]] [62 [930 931 932 933 934 935 936 937 938 939 940 941 942 943 944]] [63 [945 946 948 949 950 951 952 953 954 955 956 957 958 959]] [64 [960 961 962 963 964 965 966 967 968 969 970 971 972 973 974]] [65 [975 976 977 978 979 980 981 982 983 984 985 986 987 988 989]] [66 [990 991 992 993 994 995 996 997 998 999 1000 1001 1002 1003 1004]] [67 [1005 1006 1007 1009 1010 1011 1012 1013 1014 1015 1016 1017 1018 1019]] [68 [1020 1021 1022 1023 1024 1025 1026 1027 1028 1029 1030 1031 1032 1033 1034]] [69 [1035 1036 1037 1038 1040 1042 1043 1044 1046 1047 1048]] [70 [1050 1051 1052 1053 1054 1055 1056 1057 1058 1059 1060 1061 1062 1063 1064]] [71 [1065 1066 1067 1068 1069 1070 1071 1072 1073 1074 1075 1076 1077 1078 1079]] [72 [1080 1081 1082 1083 1084 1085 1086 1087 1088 1089 1090 1091 1092 1093 1094]] [73 [1095 1096 1097 1098 1099 1100 1101 1102 1103 1104 1105 1106 1107 1108 1109]] [74 [1110 1111 1112 1113 1114 1115 1116 1117 1118 1119 1120 1121 1122 1123 1124]] [75 [1125 1126 1127 1128 1129 1130 1131 1132 1133 1134 1135 1136 1137 1138 1139]] [76 [1140 1141 1142 1143 1144 1145 1146 1147 1148 1149 1150 1151 1152 1153 1154]] [77 [1155 1156 1157 1158 1159 1160 1161 1162 1163 1164 1165 1166 1167 1168 1169]] [78 [1170 1171 1172 1173 1174 1175 1176 1177 1178 1179 1180 1181 1182 1183 1184]] [79 [1185 1186 1187 1188 1189 1190 1191 1192 1193 1194 1195 1196 1197 1198 1199]] [80 [1200 1201 1202 1203 1204 1205 1206 1207 1208 1209 1210 1211 1212 1213 1214]] [81 [1215 1216 1217 1218 1219 1220 1221 1222 1223 1224 1225 1226 1227 1228 1229]] [82 [1230 1231 1232 1233 1234 1235 1236 1237 1238 1239 1240 1241 1242 1243 1244]] [83 [1245 1246 1247 1248 1249 1250 1251 1252 1253 1254 1255 1256 1257 1258 1259]] [84 [1260 1261 1262 1263 1264 1265 1266 1267 1268 1269 1270 1271 1272 1273 1274]] [85 [1275 1276 1277 1278 1279 1280 1281 1282 1283 1284 1285 1287 1288 1289]] [86 [1290 1291 1292 1293 1295 1296 1297 1298 1299 1300 1301 1302 1303 1304]] [87 [1305 1306 1307 1308 1309 1310 1311 1312 1313 1314 1315 1316 1317 1318 1319]] [88 [1320 1321 1322 1324 1325 1326 1327 1328 1329 1330 1331 1332 1333 1334]] [89 [1335 1336 1337 1338 1339 1340 1342 1343 1344 1345 1346 1347 1348 1349]] [90 [1350 1351 1352 1353 1354 1355 1356 1357 1358 1359 1360 1361 1362 1363 1364]] [91 [1365 1366 1367 1368 1369 1370 1371 1372 1373 1374 1375 1376 1377 1378 1379]] [92 [1380 1381 1382 1383 1384 1385 1386 1387 1388 1389 1390 1391 1392 1393 1394]] [93 [1395 1396 1397 1398 1399 1400 1401 1402 1403 1404 1405 1406 1407 1408 1409]] [94 [1410 1411 1412 1413 1414 1415 1416 1417 1418 1419 1420 1421 1422 1423 1424]] [95 [1425 1426 1427 1428 1429 1430 1431 1432 1433 1434 1435 1436 1437 1438 1439]] [96 [1440 1441 1442 1443 1444 1445 1446 1447 1448 1449 1450 1451 1452 1453 1454]] [97 [1455 1456 1457 1458 1459 1460 1461 1462 1463 1464 1465 1466 1467 1468 1469]] [98 [1470 1471 1472 1473 1474 1475 1476 1477 1478 1479 1480 1481 1482 1483 1484]] [99 [1485 1486 1487 1488 1489 1490 1491 1492 1493 1494 1495 1496 1497 1498 1499]]]","[[0 [1 2 3 4 5 6 7 8 9 10 11 13]] [1 [15 16 17 18 19 21 22 24 25 26 28]] [2 [30 31 33 35 37 38 39 40 41 42 43 44]] [3 [45 46 47 48 50 51 52 53 54 55 56 58 59]] [4 [60 61 62 63 64 66 70 71 72 73 74]] [5 [76 77 78 79 80 81 82 83 84 85 87 88]] [6 [90 91 92 94 95 96 98 99 100 101 102 103 104]] [7 [106 107 109 110 111 112 113 114 115 116 117 118 119]] [8 [120 121 122 123 126 127 129 130 131 133 134]] [9 [136 137 138 141 142 143 144 145 146 147 148 149]] [10 [150 152 153 154 155 156 158 160 161 162 163]] [11 [165 166 167 168 169 170 171 172 173 174 175 176 177 178 179]] [12 [180 181 185 186 187 188 189 192 193 194]] [13 [196 197 200 201 202 203 204 206 207 208]] [14 [210 211 212 218 220 221 222 223 224]] [15 [225 226 228 229 230 231 232 233 234 235 236 237 238 239]] [16 [242 243 244 245 246 247 248 249 250 251 252 253 254]] [17 [255 256 257 258 259 260 261 263 264 265 266 267 268 269]] [18 [270 271 272 273 274 275 277 278 279 280 281 283 284]] [19 [285 286 287 288 289 290 291 292 293 294 296 297 298 299]] [20 [301 302 303 304 307 308 309 310 311 313 314]] [21 [315 317 318 320 321 324 325 326 327 328 329]] [22 [330 331 332 333 336 337 338 339 341 342 343 344]] [23 [345 346 347 348 349 350 351 352 353 354 355 356 357 358]] [24 [364 365 366 367 368 369 370 371 372 373 374]] [25 [378 379 380 381 382 383 384 385 386 388 389]] [26 [390 391 393 395 397 398 399 400 401 402 403 404]] [27 [405 406 407 408 409 411 412 413 414 415 416 418 419]] [28 [420 421 422 424 425 427 428 429 430 432 433 434]] [29 [435 436 437 438 439 441 442 443 444 445 446 447 449]] [30 [450 451 452 453 456 457 458 460 461 462 463 464]] [31 [467 468 469 470 472 473 474 475 476 477 478 479]] [32 [480 481 482 483 484 485 486 487 488 489 491 493 494]] [33 [496 497 498 499 500 501 502 504 505 506 508 509]] [34 [510 511 512 513 515 516 518 519 520 522]] [35 [526 527 528 531 532 533 534 535 536 537 538 539]] [36 [540 541 542 543 544 545 546 547 548 549 550 551 553]] [37 [555 556 557 558 559 560 561 562 563 564 565 566 567 569]] [38 [570 572 573 574 575 576 577 578 579 581 582 583 584]] [39 [585 586 587 590 592 593 594 595 596 598 599]] [40 [600 601 602 603 604 607 608 609 610 611 612 613 614]] [41 [615 616 617 618 619 620 622 623 624 626 627 628 629]] [42 [630 631 632 633 634 635 636 639 640 641 642 643 644]] [43 [645 647 648 649 651 652 653 654 655 656 658 659]] [44 [660 661 662 663 667 669 670 672 673 674]] [45 [675 676 677 678 679 680 684 685 686 687 688]] [46 [691 693 694 695 696 697 698 699 702 703 704]] [47 [705 706 707 709 710 711 712 713 715 716 717]] [48 [720 721 722 724 725 726 727 728 729 730 731 732 733 734]] [49 [735 736 738 739 740 741 742 743 744 745 746 747 748 749]] [50 [751 752 753 754 755 756 757 758 759 760 761 762 763 764]] [51 [765 766 767 768 769 770 771 772 773 774 778 779]] [52 [780 781 782 783 784 785 786 787 788 789 790 791 792 793]] [53 [797 798 799 800 801 802 803 804 806 808 809]] [54 [810 811 812 814 815 816 817 819 820 821 822 823 824]] [55 [825 826 827 828 829 830 831 832 833 835 836]] [56 [844 845 846 847 848 849 851 852 853 854]] [57 [856 857 858 859 860 861 862 863 864 865 866 867 868 869]] [58 [870 872 873 874 875 876 877 878 879 881 882 884]] [59 [885 886 887 888 889 890 891 892 893 896 897 898 899]] [60 [904 905 906 907 908 909 910 912 913]] [61 [915 916 917 918 920 921 923 924 925 926 927 929]] [62 [930 932 933 934 935 936 937 938 941 942 943 944]] [63 [945 946 950 951 952 953 954 956 957 958 959]] [64 [960 963 966 967 972 973 974]] [65 [975 977 978 979 980 981 983 984 985 986 987 988 989]] [66 [990 991 992 993 994 995 998 999 1000 1003 1004]] [67 [1006 1007 1009 1010 1011 1012 1013 1014 1015 1016 1017 1018 1019]] [68 [1020 1021 1022 1023 1024 1025 1026 1027 1028 1029 1030 1031 1032 1033 1034]] [69 [1036 1037 1038 1042 1043 1044 1046 1047 1048]] [70 [1051 1052 1053 1054 1055 1058 1059 1060 1061 1062 1063 1064]] [71 [1066 1067 1068 1069 1070 1072 1073 1074 1076 1077 1078]] [72 [1080 1081 1082 1083 1084 1086 1087 1088 1089 1090 1093 1094]] [73 [1095 1096 1097 1098 1099 1101 1102 1103 1104 1105 1106 1107 1108 1109]] [74 [1112 1113 1114 1115 1116 1117 1123 1124]] [75 [1125 1126 1127 1128 1129 1130 1131 1132 1133 1134 1135 1137 1138 1139]] [76 [1141 1143 1144 1145 1147 1148 1149 1152 1153 1154]] [77 [1155 1156 1157 1158 1159 1160 1161 1163 1165 1166 1168 1169]] [78 [1170 1171 1172 1174 1176 1178 1179 1180 1181 1183 1184]] [79 [1185 1186 1187 1188 1189 1190 1191 1192 1193 1195 1196 1197 1199]] [80 [1200 1201 1202 1203 1205 1206 1207 1208 1209 1210 1211 1212 1213 1214]] [81 [1215 1216 1217 1218 1222 1223 1224 1225 1226 1227 1228 1229]] [82 [1230 1231 1232 1233 1234 1235 1236 1237 1238 1240 1241 1242 1243]] [83 [1246 1247 1248 1249 1250 1251 1252 1254 1255 1256 1257 1258 1259]] [84 [1260 1261 1262 1263 1264 1265 1266 1267 1268 1272 1273 1274]] [85 [1276 1277 1278 1279 1280 1281 1282 1283 1284 1285 1287 1288 1289]] [86 [1290 1291 1293 1296 1297 1298 1299 1300 1301 1302 1303 1304]] [87 [1305 1306 1307 1308 1309 1310 1311 1312 1316 1317 1318]] [88 [1320 1321 1324 1325 1326 1327 1328 1329 1330 1331 1332 1333 1334]] [89 [1335 1337 1339 1340 1342 1343 1345 1346 1347 1348 1349]] [90 [1350 1351 1353 1354 1355 1356 1357 1358 1359 1360 1363 1364]] [91 [1365 1366 1367 1368 1369 1370 1371 1372 1373 1374 1377 1378 1379]] [92 [1380 1381 1382 1383 1384 1385 1386 1387 1388 1389 1390 1391 1392 1394]] [93 [1395 1396 1397 1398 1399 1400 1401 1402 1403 1404 1405 1406 1408 1409]] [94 [1410 1411 1412 1414 1415 1416 1417 1418 1419 1420 1421 1422 1423 1424]] [95 [1425 1427 1428 1430 1431 1432 1433 1434 1435 1436 1437 1438]] [96 [1440 1441 1442 1443 1444 1445 1446 1447 1448 1450 1451 1452 1453 1454]] [97 [1455 1456 1457 1458 1459 1460 1461 1462 1463 1464 1465 1466 1467 1468 1469]] [98 [1470 1471 1472 1473 1474 1475 1476 1477 1478 1479 1480 1481 1482 1484]] [99 [1485 1486 1487 1489 1490 1491 1492 1493 1494 1495 1496 1498 1499]]]",,"[[{media 50} [[""A"" [4 4]]]] [{media 51} [[""A"" [2 2]]]] [{media 52} [[""A"" [2 2]]]] [{media 53} [[""A"" [4 4]]]] [{media 54} [[""A"" [3 3]]]] [{media 55} [[""A"" [3 3]]]] [{media 56} [[""A"" [2 2]]]] [{media 57} [[""A"" [2 2]]]] [{media 58} [[""A"" [1 1]]]] [{media 59} [[""A"" [4 4]]]] [{media 60} [[""A"" [4 4]]]] [{media 61} [[""A"" [3 3]]]] [{media 62} [[""A"" [4 4]]]] [{media 63} [[""A"" [3 3]]]] [{media 64} [[""A"" [3 3]]]] [{citizen 4} [[""A"" [2 4]]]] [{citizen 1} [[""A"" [4 2]]]] [{citizen 5} [[""A"" [2 2]]]] [{citizen 3} [[""A"" [4 4]]]] [{citizen 49} [[""A"" [2 4]]]] [{citizen 32} [[""A"" [4 4]]]] [{citizen 9} [[""A"" [4 4]]]] [{citizen 15} [[""A"" [2 4]]]] [{citizen 0} [[""A"" [2 2]]]] [{citizen 17} [[""A"" [3 2]]]] [{citizen 16} [[""A"" [3 4]]]] [{citizen 44} [[""A"" [3 2]]]] [{citizen 2} [[""A"" [4 4]]]] [{citizen 37} [[""A"" [4 4]]]] [{citizen 26} [[""A"" [2 2]]]] [{citizen 29} [[""A"" [3 2]]]] [{citizen 25} [[""A"" [3 2]]]] [{citizen 48} [[""A"" [2 4]]]] [{citizen 31} [[""A"" [2 4]]]] [{citizen 43} [[""A"" [2 2]]]] [{citizen 21} [[""A"" [4 4]]]] [{citizen 7} [[""A"" [2 2]]]] [{citizen 41} [[""A"" [2 4]]]] [{citizen 12} [[""A"" [2 4]]]] [{citizen 20} [[""A"" [4 4]]]] [{citizen 22} [[""A"" [3 2]]]] [{citizen 19} [[""A"" [2 2]]]] [{citizen 47} [[""A"" [4 4]]]] [{citizen 33} [[""A"" [2 4]]]] [{citizen 10} [[""A"" [4 2]]]] [{citizen 6} [[""A"" [2 2]]]] [{citizen 24} [[""A"" [3 2]]]] [{citizen 14} [[""A"" [4 2]]]] [{citizen 38} [[""A"" [4 2]]]] [{citizen 23} [[""A"" [3 2]]]] [{citizen 36} [[""A"" [2 4]]]] [{citizen 34} [[""A"" [4 4]]]] [{citizen 46} [[""A"" [2 4]]]] [{citizen 39} [[""A"" [4 4]]]] [{citizen 35} [[""A"" [2 4]]]] [{citizen 13} [[""A"" [4 4]]]] [{citizen 28} [[""A"" [4 4]]]] [{citizen 45} [[""A"" [2 4]]]] [{citizen 27} [[""A"" [2 2]]]] [{citizen 18} [[""A"" [2 2]]]] [{citizen 40} [[""A"" [2 4]]]] [{citizen 42} [[""A"" [4 4]]]] [{citizen 30} [[""A"" [2 2]]]] [{citizen 11} [[""A"" [2 4]]]]]"
"9","[85 0 170]","180","0.531437178698261","-0.15528122545246326","""circle""","""""","9.9","{breed citizens}","false","0.5","1","""up""",,"[[""ID"" 14] [""alpha"" 1] [""beta"" 1] [""malleable"" [""A""]] [""prior"" []] [""cont_tokens"" []] [""A"" 4]]","[[0 [0 1 3 4 5 6 9 10 12 13]] [1 [15 16 17 18 19 20 21 22 23 24 25 26 27 28 29]] [2 [30 31 32 33 34 35 36 37 38 39 40 41 42 43 44]] [3 [45 46 47 48 49 50 51 52 53 54 55 56 57 58 59]] [4 [60 61 62 63 64 65 66 67 68 69 70 71 72 73 74]] [5 [75 76 77 78 79 80 81 82 83 84 85 86 87 88 89]] [6 [90 91 92 93 94 95 96 97 98 99 100 101 102 103 104]] [7 [105 106 107 108 109 110 111 112 113 114 115 116 117 118 119]] [8 [120 121 122 123 124 125 126 127 128 129 130 131 132 133 134]] [9 [135 136 137 138 139 140 141 142 143 144 145 146 147 148 149]] [10 [150 151 152 153 154 155 156 157 158 159 160 161 162 163 164]] [11 [165 166 167 168 169 170 171 172 173 174 175 176 177 178 179]] [12 [180 181 183 184 185 186 187 188 189 190 191 192 193 194]] [13 [195 196 197 198 199 200 201 202 203 204 205 206 207 208 209]] [14 [210 211 212 213 214 215 216 217 218 219 220 221 222 223 224]] [15 [225 226 227 228 229 230 231 232 233 234 235 236 237 238 239]] [16 [241 242 243 244 245 246 247 248 249 250 251 252 253 254]] [17 [255 256 257 258 259 260 261 262 263 264 265 266 267 268 269]] [18 [270 271 272 273 274 275 276 277 278 279 280 281 282 283 284]] [19 [285 286 287 288 289 290 291 292 293 294 295 296 297 298 299]] [20 [300 301 302 303 304 305 306 307 308 309 310 311 312 313 314]] [21 [315 316 317 318 319 320 321 322 323 324 325 326 327 328 329]] [22 [330 331 332 333 334 335 336 337 338 339 340 341 342 343 344]] [23 [345 346 347 348 349 350 351 352 353 354 355 356 357 358 359]] [24 [360 361 362 363 364 365 366 367 368 369 370 371 372 373 374]] [25 [375 376 377 378 379 380 381 382 383 384 385 386 387 388 389]] [26 [390 391 392 393 394 395 396 397 398 399 400 401 402 403 404]] [27 [405 406 407 408 409 410 411 412 413 414 415 416 417 418 419]] [28 [420 421 422 424 425 426 427 428 429 430 431 432 433 434]] [29 [435 436 437 438 439 440 441 442 443 444 445 446 447 448 449]] [30 [450 451 452 453 454 455 456 457 458 459 460 461 462 463 464]] [31 [465 466 467 468 469 470 471 472 473 474 475 476 477 478 479]] [32 [480 481 482 483 484 485 486 487 488 489 490 491 492 493 494]] [33 [495 496 497 498 499 500 501 502 503 504 505 506 507 508 509]] [34 [510 511 512 513 514 515 516 517 518 519 520 521 522 523 524]] [35 [525 526 527 528 529 530 531 532 533 534 535 536 537 538 539]] [36 [540 541 542 543 544 545 546 547 548 549 550 551 553 554]] [37 [555 556 557 558 559 560 561 562 563 564 565 566 567 568 569]] [38 [570 571 572 573 574 575 576 577 578 579 580 581 582 583 584]] [39 [585 586 587 588 589 590 592 593 594 595 596 597 598 599]] [40 [600 601 602 603 604 605 606 607 608 609 610 611 612 613 614]] [41 [615 616 617 618 619 620 621 622 623 624 626 627 628 629]] [42 [630 631 632 633 634 635 636 637 638 639 640 641 642 643 644]] [43 [645 646 647 648 649 650 651 652 653 654 655 656 657 658 659]] [44 [660 661 662 663 664 665 666 667 668 669 670 671 672 673 674]] [45 [675 676 677 678 679 680 681 682 683 684 685 686 687 688]] [46 [690 691 692 693 694 695 696 697 698 699 700 701 702 703 704]] [47 [705 706 707 708 709 710 711 712 713 714 715 716 717 718 719]] [48 [720 721 722 724 725 726 727 728 729 730 731 732 733 734]] [49 [735 736 737 738 739 740 741 742 743 744 745 746 747 748 749]] [50 [750 751 752 753 754 755 756 757 758 759 760 761 762 763 764]] [51 [765 766 767 768 769 770 771 772 773 774 775 776 777 778 779]] [52 [780 781 782 783 784 785 786 787 788 789 790 791 792 793 794]] [53 [795 796 797 798 799 800 801 802 803 804 805 806 807 808 809]] [54 [810 811 812 813 814 815 816 817 818 819 820 821 822 823 824]] [55 [825 826 827 828 829 830 831 832 833 834 835 836 837 838 839]] [56 [840 841 842 843 844 845 846 847 848 849 850 851 852 853 854]] [57 [855 856 857 858 859 860 861 862 863 864 865 866 867 868 869]] [58 [870 871 872 873 874 875 876 877 878 879 881 882 883 884]] [59 [885 886 887 888 889 890 891 892 893 894 895 896 897 898 899]] [60 [900 901 902 903 904 905 906 907 908 909 910 911 912 913 914]] [61 [915 916 917 918 919 920 921 922 923 924 925 926 927 928 929]] [62 [930 931 932 933 934 935 936 937 938 939 940 941 942 943 944]] [63 [945 946 948 949 950 951 952 953 954 955 956 957 958 959]] [64 [960 961 962 963 964 965 966 967 968 969 970 971 972 973 974]] [65 [975 976 977 978 979 980 981 982 983 984 985 986 987 988 989]] [66 [990 991 992 993 994 995 996 997 998 999 1000 1001 1002 1003 1004]] [67 [1005 1006 1007 1009 1010 1011 1012 1013 1014 1015 1016 1017 1018 1019]] [68 [1020 1021 1022 1023 1024 1025 1026 1027 1028 1029 1030 1031 1032 1033 1034]] [69 [1035 1036 1037 1038 1040 1042 1043 1044 1046 1047 1048]] [70 [1050 1051 1052 1053 1054 1055 1056 1057 1058 1059 1060 1061 1062 1063 1064]] [71 [1065 1066 1067 1068 1069 1070 1071 1072 1073 1074 1075 1076 1077 1078 1079]] [72 [1080 1081 1082 1083 1084 1085 1086 1087 1088 1089 1090 1091 1092 1093 1094]] [73 [1095 1096 1097 1098 1099 1100 1101 1102 1103 1104 1105 1106 1107 1108 1109]] [74 [1110 1111 1112 1113 1114 1115 1116 1117 1118 1119 1120 1121 1122 1123 1124]] [75 [1125 1126 1127 1128 1129 1130 1131 1132 1133 1134 1135 1136 1137 1138 1139]] [76 [1140 1141 1142 1143 1144 1145 1146 1147 1148 1149 1150 1151 1152 1153 1154]] [77 [1155 1156 1157 1158 1159 1160 1161 1162 1163 1164 1165 1166 1167 1168 1169]] [78 [1170 1171 1172 1173 1174 1175 1176 1177 1178 1179 1180 1181 1182 1183 1184]] [79 [1185 1186 1187 1188 1189 1190 1191 1192 1193 1194 1195 1196 1197 1198 1199]] [80 [1200 1201 1202 1203 1204 1205 1206 1207 1208 1209 1210 1211 1212 1213 1214]] [81 [1215 1216 1217 1218 1219 1220 1221 1222 1223 1224 1225 1226 1227 1228 1229]] [82 [1230 1231 1232 1233 1234 1235 1236 1237 1238 1239 1240 1241 1242 1243 1244]] [83 [1245 1246 1247 1248 1249 1250 1251 1252 1253 1254 1255 1256 1257 1258 1259]] [84 [1260 1261 1262 1263 1264 1265 1266 1267 1268 1269 1270 1271 1272 1273 1274]] [85 [1275 1276 1277 1278 1279 1280 1281 1282 1283 1284 1285 1287 1288 1289]] [86 [1290 1291 1292 1293 1295 1296 1297 1298 1299 1300 1301 1302 1303 1304]] [87 [1305 1306 1307 1308 1309 1310 1311 1312 1313 1314 1315 1316 1317 1318 1319]] [88 [1320 1321 1322 1324 1325 1326 1327 1328 1329 1330 1331 1332 1333 1334]] [89 [1335 1336 1337 1338 1339 1340 1342 1343 1344 1345 1346 1347 1348 1349]] [90 [1350 1351 1352 1353 1354 1355 1356 1357 1358 1359 1360 1361 1362 1363 1364]] [91 [1365 1366 1367 1368 1369 1370 1371 1372 1373 1374 1375 1376 1377 1378 1379]] [92 [1380 1381 1382 1383 1384 1385 1386 1387 1388 1389 1390 1391 1392 1393 1394]] [93 [1395 1396 1397 1398 1399 1400 1401 1402 1403 1404 1405 1406 1407 1408 1409]] [94 [1410 1411 1412 1413 1414 1415 1416 1417 1418 1419 1420 1421 1422 1423 1424]] [95 [1425 1426 1427 1428 1429 1430 1431 1432 1433 1434 1435 1436 1437 1438 1439]] [96 [1440 1441 1442 1443 1444 1445 1446 1447 1448 1449 1450 1451 1452 1453 1454]] [97 [1455 1456 1457 1458 1459 1460 1461 1462 1463 1464 1465 1466 1467 1468 1469]] [98 [1470 1471 1472 1473 1474 1475 1476 1477 1478 1479 1480 1481 1482 1483 1484]] [99 [1485 1486 1487 1488 1489 1490 1491 1492 1493 1494 1495 1496 1497 1498 1499]]]","[[0 [1 3 4 5 6 9 10 12]] [1 [15 16 17 18 19 20 21 22 24 25 26 28 29]] [2 [30 31 32 33 35 37 38 39 40 41 42 43 44]] [3 [45 46 47 48 49 50 51 52 53 54 55 56 58 59]] [4 [60 61 62 63 64 67 68 69 71 72 73]] [5 [75 76 77 78 79 80 81 82 83 84 85 86 89]] [6 [90 91 92 94 95 96 98 99 100 101 102 103 104]] [7 [106 107 108 109 110 111 112 113 114 116 117 118 119]] [8 [120 121 122 123 125 126 127 129 130 131 133 134]] [9 [136 137 138 141 142 143 144 145 146 148 149]] [10 [150 151 153 154 155 156 157 158 160 161 162 164]] [11 [165 166 167 170 171 172 173 174 176 177 179]] [12 [180 181 184 185 186 187 188 189 191 192 193 194]] [13 [196 197 198 199 200 201 202 203 204 206 208 209]] [14 [210 211 212 213 214 215 216 217 218 219 220 221 222 224]] [15 [225 226 228 229 230 231 232 233 234 235 236 237 238 239]] [16 [242 243 244 245 246 247 248 249 250 251 252 254]] [17 [255 256 257 258 259 260 261 263 264 266 269]] [18 [270 272 273 275 277 278 279 280 281 283 284]] [19 [285 286 287 288 289 290 291 292 293 294 295 296 297 298]] [20 [300 301 302 303 304 305 306 307 308 309 312 313 314]] [21 [315 316 319 320 321 324 326 327 328 329]] [22 [330 331 332 333 335 336 337 338 339 340 342 343 344]] [23 [345 346 347 348 349 351 352 353 354 355 356 357 358]] [24 [363 364 365 366 367 368 369 371 372 373 374]] [25 [378 379 380 381 382 383 384 385 386 387 388 389]] [26 [390 391 393 395 396 397 398 399 400 401 402 403 404]] [27 [405 407 408 409 411 412 413 414 415 416 418 419]] [28 [420 421 422 425 426 427 428 429 430 431 432 433 434]] [29 [435 437 438 439 441 442 443 444 446 447]] [30 [450 451 452 453 455 456 457 458 459 460 461 462 463 464]] [31 [467 468 469 470 471 472 473 474 475 476 477 478 479]] [32 [480 481 482 483 484 485 486 487 488 489 490 491 493 494]] [33 [496 497 498 499 500 501 502 503 504 505 506 509]] [34 [510 511 512 513 514 515 516 519 520 522 523 524]] [35 [525 526 527 528 529 530 531 532 533 534 535 536 537 538 539]] [36 [540 541 542 543 544 545 546 547 548 549 550 551 554]] [37 [555 556 557 558 559 560 561 564 565 566 567 569]] [38 [570 571 572 573 576 577 578 579 581 582 583 584]] [39 [585 586 587 588 589 590 592 593 594 595 596 597 598 599]] [40 [600 601 602 603 605 606 608 609 610 611 612 613 614]] [41 [615 616 617 618 619 620 621 623 624 626 627 628 629]] [42 [630 633 634 635 637 638 639 640 641 642 643 644]] [43 [645 646 648 649 651 652 653 655 656 657 658 659]] [44 [660 661 662 663 664 665 666 668 669 670 671 672 673 674]] [45 [675 676 677 678 679 680 684 685 686 687 688]] [46 [691 693 696 697 698 699 700]] [47 [705 706 707 709 710 711 712 713 715 718 719]] [48 [720 721 722 724 725 726 727 728 729 730 731 732 733 734]] [49 [735 737 738 739 740 741 742 743 744 745 746 747 748 749]] [50 [751 752 753 754 755 756 757 758 759 760 761 762 763 764]] [51 [765 766 767 768 769 771 772 773 774 778 779]] [52 [780 781 782 783 784 785 786 787 788 789 790 794]] [53 [795 796 797 798 799 800 802 803 804 805 806 809]] [54 [810 811 812 813 814 815 816 817 818 819 820 822 824]] [55 [825 827 828 829 830 831 832 833 837 838 839]] [56 [840 841 842 843 844 845 846 847 849 850 851 852 853 854]] [57 [856 857 858 859 860 861 863 864 865 866 867 868 869]] [58 [870 871 872 873 874 875 876 877 878 879 881 883 884]] [59 [885 886 887 892 893 894 895 896 897 898 899]] [60 [900 901 902 903 904 905 906 907 908 909 910 912 913 914]] [61 [915 916 917 919 920 921 922 923 924 925 926 927]] [62 [930 932 933 934 935 936 937 938 939 940 941 942 943 944]] [63 [945 946 949 951 952 953 954 955 956 957 958]] [64 [961 962 963 965 966 967 971 972 973 974]] [65 [975 977 978 979 980 981 983 984 985 986 987 988 989]] [66 [990 991 992 993 994 995 997 998 999 1001 1002 1003 1004]] [67 [1005 1007 1009 1010 1011 1012 1014 1016 1017 1018 1019]] [68 [1020 1021 1022 1023 1024 1025 1026 1028 1029 1031 1032 1033 1034]] [69 [1036 1037 1038 1042 1043 1044 1046 1047 1048]] [70 [1050 1052 1053 1054 1055 1058 1059 1060 1061 1062 1063 1064]] [71 [1066 1067 1068 1069 1070 1072 1073 1074 1075 1076 1077 1078]] [72 [1080 1081 1082 1083 1084 1085 1086 1087 1088 1089 1090 1093 1094]] [73 [1096 1097 1098 1099 1101 1102 1103 1104 1105 1106 1107 1108]] [74 [1110 1111 1112 1113 1114 1115 1116 1117 1123 1124]] [75 [1125 1126 1127 1128 1129 1130 1131 1133 1136 1137 1139]] [76 [1141 1143 1144 1145 1146 1147 1148 1149 1152 1153]] [77 [1155 1156 1157 1158 1159 1161 1162 1163 1165 1167 1169]] [78 [1170 1171 1172 1173 1174 1175 1177 1178 1179 1180 1181 1182 1183 1184]] [79 [1185 1186 1187 1188 1189 1190 1192 1193 1195 1196 1197 1199]] [80 [1200 1201 1203 1205 1206 1207 1208 1211 1213 1214]] [81 [1215 1216 1217 1220 1221 1224 1226 1227 1228 1229]] [82 [1230 1231 1232 1233 1234 1235 1237 1238 1239 1240 1241 1242 1243]] [83 [1246 1247 1248 1249 1250 1251 1252 1253 1254 1255 1256 1258 1259]] [84 [1260 1261 1262 1263 1264 1265 1266 1267 1268 1270 1271 1272 1273 1274]] [85 [1276 1277 1278 1279 1280 1281 1282 1283 1284 1285 1287 1288 1289]] [86 [1290 1291 1292 1295 1296 1297 1298 1300 1301 1302 1303 1304]] [87 [1305 1306 1307 1308 1309 1310 1311 1312 1313 1314 1315 1316 1317 1318]] [88 [1320 1321 1322 1325 1326 1327 1328 1329 1330 1332 1333 1334]] [89 [1335 1336 1337 1338 1339 1340 1342 1343 1344 1345 1346 1347 1348 1349]] [90 [1351 1352 1353 1354 1355 1356 1357 1358 1359 1360 1361 1362 1363 1364]] [91 [1365 1366 1367 1368 1369 1371 1372 1373 1374 1377 1378]] [92 [1380 1381 1382 1383 1384 1385 1386 1387 1388 1389 1390 1391 1393 1394]] [93 [1395 1396 1397 1399 1400 1401 1402 1403 1404 1405 1406 1408 1409]] [94 [1410 1411 1412 1415 1416 1418 1419 1420 1421 1422 1423]] [95 [1425 1426 1427 1428 1429 1430 1431 1432 1433 1434 1435 1437 1438]] [96 [1440 1441 1442 1443 1444 1448 1449 1452 1453 1454]] [97 [1455 1456 1457 1460 1461 1462 1463 1464 1465 1466 1467 1468 1469]] [98 [1470 1471 1472 1473 1474 1476 1477 1478 1479 1480 1481 1482 1484]] [99 [1485 1486 1487 1489 1490 1491 1492 1493 1494 1495 1496 1497 1499]]]",,"[[{citizen 10} [[""A"" [2 4]]]] [{citizen 12} [[""A"" [2 4]]]] [{citizen 13} [[""A"" [2 4]]]] [{citizen 15} [[""A"" [3 2]]]] [{citizen 16} [[""A"" [3 3]]]] [{citizen 17} [[""A"" [3 2]]]] [{citizen 19} [[""A"" [2 2]]]] [{citizen 20} [[""A"" [3 2]]]] [{citizen 21} [[""A"" [2 4]]]] [{citizen 23} [[""A"" [2 2]]]] [{citizen 26} [[""A"" [3 2]]]] [{citizen 27} [[""A"" [3 2]]]] [{citizen 29} [[""A"" [3 2]]]] [{citizen 30} [[""A"" [3 2]]]] [{citizen 31} [[""A"" [2 4]]]] [{citizen 32} [[""A"" [2 4]]]] [{citizen 42} [[""A"" [2 4]]]] [{citizen 46} [[""A"" [2 4]]]] [{media 50} [[""A"" [4 4]]]] [{media 51} [[""A"" [2 2]]]] [{media 53} [[""A"" [4 4]]]] [{media 55} [[""A"" [3 3]]]] [{media 56} [[""A"" [2 2]]]] [{media 57} [[""A"" [2 2]]]] [{media 60} [[""A"" [4 4]]]] [{media 61} [[""A"" [3 3]]]] [{media 62} [[""A"" [4 4]]]] [{media 64} [[""A"" [3 3]]]] [{citizen 3} [[""A"" [3 4]]]] [{citizen 0} [[""A"" [3 2]]]] [{citizen 4} [[""A"" [2 4]]]] [{citizen 6} [[""A"" [3 2]]]] [{citizen 49} [[""A"" [2 4]]]] [{citizen 1} [[""A"" [4 2]]]] [{media 63} [[""A"" [3 3]]]] [{citizen 25} [[""A"" [2 2]]]] [{citizen 48} [[""A"" [3 4]]]] [{citizen 43} [[""A"" [3 2]]]] [{citizen 44} [[""A"" [3 2]]]] [{citizen 7} [[""A"" [3 2]]]] [{citizen 14} [[""A"" [3 2]]]] [{media 54} [[""A"" [3 3]]]] [{citizen 34} [[""A"" [3 2]]]] [{citizen 28} [[""A"" [4 4]]]] [{citizen 39} [[""A"" [2 4]]]] [{citizen 24} [[""A"" [2 2]]]] [{media 52} [[""A"" [2 2]]]] [{citizen 40} [[""A"" [2 4]]]] [{citizen 18} [[""A"" [3 2]]]] [{media 59} [[""A"" [4 4]]]] [{citizen 8} [[""A"" [3 2]]]] [{citizen 5} [[""A"" [3 2]]]] [{citizen 2} [[""A"" [4 4]]]] [{citizen 22} [[""A"" [2 2]]]] [{citizen 47} [[""A"" [3 2]]]] [{citizen 33} [[""A"" [2 2]]]] [{citizen 45} [[""A"" [2 2]]]] [{media 58} [[""A"" [1 1]]]] [{citizen 41} [[""A"" [2 4]]]] [{citizen 35} [[""A"" [2 4]]]] [{citizen 38} [[""A"" [2 2]]]] [{citizen 37} [[""A"" [4 4]]]] [{citizen 11} [[""A"" [2 4]]]] [{citizen 36} [[""A"" [2 4]]]]]"
"10","[170 0 85]","135.91836734693877","4.637002827171657","-5.109696920711839","""circle""","""""","9.9","{breed citizens}","false","0.5","1","""up""",,"[[""ID"" 10] [""alpha"" 1] [""beta"" 1] [""malleable"" [""A""]] [""prior"" []] [""cont_tokens"" []] [""A"" 2]]","[[0 [0 1 2 3 4 5 6 7 8 9 10 11 12 13 14]] [1 [15 16 17 18 19 20 21 22 23 24 25 26 27 28 29]] [2 [30 31 32 33 34 35 36 37 38 39 40 41 42 43 44]] [3 [45 46 47 48 49 50 51 52 53 54 55 56 57 58 59]] [4 [60 61 62 63 64 65 66 67 68 69 70 71 72 73 74]] [5 [75 76 77 78 79 80 81 82 83 84 85 86 87 88 89]] [6 [90 91 92 93 94 95 96 97 98 99 100 101 102 103 104]] [7 [105 106 107 108 109 110 111 112 113 114 115 116 117 118 119]] [8 [120 121 122 123 124 125 126 127 128 129 130 131 132 133 134]] [9 [135 136 137 138 139 140 141 142 143 144 145 146 147 148 149]] [10 [150 151 152 153 154 155 156 157 158 159 160 161 162 163 164]] [11 [165 166 167 168 169 170 171 172 173 174 175 176 177 178 179]] [12 [180 181 183 184 185 186 187 188 189 190 191 192 193 194]] [13 [195 196 197 198 199 200 201 202 203 204 205 206 207 208 209]] [14 [210 211 212 213 214 215 216 217 218 219 220 221 222 223 224]] [15 [225 226 227 228 229 230 231 232 233 234 235 236 237 238 239]] [16 [241 242 243 244 245 246 247 248 249 250 251 252 253 254]] [17 [255 256 257 258 259 260 261 262 263 264 265 266 267 268 269]] [18 [270 271 272 273 274 275 276 277 278 279 280 281 282 283 284]] [19 [285 286 287 288 289 290 291 292 293 294 295 296 297 298 299]] [20 [300 301 302 303 304 305 306 307 308 309 310 311 312 313 314]] [21 [315 316 317 318 319 320 321 322 323 324 325 326 327 328 329]] [22 [330 331 332 333 334 335 336 337 338 339 340 341 342 343 344]] [23 [345 346 347 348 349 350 351 352 353 354 355 356 357 358 359]] [24 [360 361 362 363 364 365 366 367 368 369 370 371 372 373 374]] [25 [375 376 377 378 379 380 381 382 383 384 385 386 387 388 389]] [26 [390 391 392 393 394 395 396 397 398 399 400 401 402 403 404]] [27 [405 406 407 408 409 410 411 412 413 414 415 416 417 418 419]] [28 [420 421 422 424 425 426 427 428 429 430 431 432 433 434]] [29 [435 436 437 438 439 440 441 442 443 444 445 446 447 448 449]] [30 [450 451 452 453 454 455 456 457 458 459 460 461 462 463 464]] [31 [465 466 467 468 469 470 471 472 473 474 475 476 477 478 479]] [32 [480 481 482 483 484 485 486 487 488 489 490 491 492 493 494]] [33 [495 496 497 498 499 500 501 502 503 504 505 506 507 508 509]] [34 [510 511 512 513 514 515 516 517 518 519 520 521 522 523 524]] [35 [525 526 527 528 529 530 531 532 533 534 535 536 537 538 539]] [36 [540 541 542 543 544 545 546 547 548 549 550 551 553 554]] [37 [555 556 557 558 559 560 561 562 563 564 565 566 567 568 569]] [38 [570 571 572 573 574 575 576 577 578 579 580 581 582 583 584]] [39 [585 586 587 588 589 590 592 593 594 595 596 597 598 599]] [40 [600 601 602 603 604 605 606 607 608 609 610 611 612 613 614]] [41 [615 616 617 618 619 620 621 622 623 624 626 627 628 629]] [42 [630 631 632 633 634 635 636 637 638 639 640 641 642 643 644]] [43 [645 646 647 648 649 650 651 652 653 654 655 656 657 658 659]] [44 [660 661 662 663 664 665 666 667 668 669 670 671 672 673 674]] [45 [675 676 677 678 679 680 681 682 683 684 685 686 687 688]] [46 [690 691 692 693 694 695 696 697 698 699 700 701 702 703 704]] [47 [705 706 707 708 709 710 711 712 713 715 716 717 718 719]] [48 [720 721 722 724 725 726 727 728 729 730 731 732 733 734]] [49 [735 736 737 738 739 740 741 742 743 744 745 746 747 748 749]] [50 [750 751 752 753 754 755 756 757 758 759 760 761 762 763 764]] [51 [765 766 767 768 769 770 771 772 773 774 775 776 777 778 779]] [52 [780 781 782 783 784 785 786 787 788 789 790 791 792 793 794]] [53 [795 796 797 798 799 800 801 802 803 804 805 806 807 808 809]] [54 [810 811 812 813 814 815 816 817 818 819 820 821 822 823 824]] [55 [825 826 827 828 829 830 831 832 833 834 835 836 837 838 839]] [56 [840 841 842 843 844 845 846 847 848 849 850 851 852 853 854]] [57 [855 856 857 858 859 860 861 862 863 864 865 866 867 868 869]] [58 [870 871 872 873 874 875 876 877 878 879 881 882 883 884]] [59 [885 886 887 888 889 890 891 892 893 894 895 896 897 898 899]] [60 [900 901 902 903 904 905 906 907 908 909 910 911 912 913 914]] [61 [915 916 917 918 919 920 921 922 923 924 925 926 927 928 929]] [62 [930 931 932 933 934 935 936 937 938 939 940 941 942 943 944]] [63 [945 946 948 949 950 951 952 953 954 955 956 957 958 959]] [64 [960 961 962 963 964 965 966 967 968 969 970 971 972 973 974]] [65 [975 976 977 978 979 980 981 982 983 984 985 986 987 988 989]] [66 [990 991 992 993 994 995 996 997 998 999 1000 1001 1002 1003 1004]] [67 [1005 1006 1007 1009 1010 1011 1012 1013 1014 1015 1016 1017 1018 1019]] [68 [1020 1021 1022 1023 1024 1025 1026 1027 1028 1029 1030 1031 1032 1033 1034]] [69 [1035 1036 1037 1038 1040 1042 1043 1044 1046 1047 1048]] [70 [1050 1051 1052 1053 1054 1055 1056 1057 1058 1059 1060 1061 1062 1063 1064]] [71 [1065 1066 1067 1068 1069 1070 1071 1072 1073 1074 1075 1076 1077 1078 1079]] [72 [1080 1081 1082 1083 1084 1085 1086 1087 1088 1089 1090 1091 1092 1093 1094]] [73 [1095 1096 1097 1098 1099 1100 1101 1102 1103 1104 1105 1106 1107 1108 1109]] [74 [1110 1111 1112 1113 1114 1115 1116 1117 1118 1119 1120 1121 1122 1123 1124]] [75 [1125 1126 1127 1128 1129 1130 1131 1132 1133 1134 1135 1136 1137 1138 1139]] [76 [1140 1141 1142 1143 1144 1145 1146 1147 1148 1149 1150 1151 1152 1153 1154]] [77 [1155 1156 1157 1158 1159 1160 1161 1162 1163 1164 1165 1166 1167 1168 1169]] [78 [1170 1171 1172 1173 1174 1175 1176 1177 1178 1179 1180 1181 1182 1183 1184]] [79 [1185 1186 1187 1188 1189 1190 1191 1192 1193 1194 1195 1196 1197 1198 1199]] [80 [1200 1201 1202 1203 1204 1205 1206 1207 1208 1209 1210 1211 1212 1213 1214]] [81 [1215 1216 1217 1218 1219 1220 1221 1222 1223 1224 1225 1226 1227 1228 1229]] [82 [1230 1231 1232 1233 1234 1235 1236 1237 1238 1239 1240 1241 1242 1243 1244]] [83 [1245 1246 1247 1248 1249 1250 1251 1252 1253 1254 1255 1256 1257 1258 1259]] [84 [1260 1261 1262 1263 1264 1265 1266 1267 1268 1269 1270 1271 1272 1273 1274]] [85 [1275 1276 1277 1278 1279 1280 1281 1282 1283 1284 1285 1287 1288 1289]] [86 [1290 1291 1292 1293 1295 1296 1297 1298 1299 1300 1301 1302 1303 1304]] [87 [1305 1306 1307 1308 1309 1310 1311 1312 1313 1314 1315 1316 1317 1318 1319]] [88 [1320 1321 1322 1324 1325 1326 1327 1328 1329 1330 1331 1332 1333 1334]] [89 [1335 1336 1337 1338 1339 1340 1342 1343 1344 1345 1346 1347 1348 1349]] [90 [1350 1351 1352 1353 1354 1355 1356 1357 1358 1359 1360 1361 1362 1363 1364]] [91 [1365 1366 1367 1368 1369 1370 1371 1372 1373 1374 1375 1376 1377 1378 1379]] [92 [1380 1381 1382 1383 1384 1385 1386 1387 1388 1389 1390 1391 1392 1393 1394]] [93 [1395 1396 1397 1398 1399 1400 1401 1402 1403 1404 1405 1406 1407 1408 1409]] [94 [1410 1411 1412 1413 1414 1415 1416 1417 1418 1419 1420 1421 1422 1423 1424]] [95 [1425 1426 1427 1428 1429 1430 1431 1432 1433 1434 1435 1436 1437 1438 1439]] [96 [1440 1441 1442 1443 1444 1445 1446 1447 1448 1449 1450 1451 1452 1453 1454]] [97 [1455 1456 1457 1458 1459 1460 1461 1462 1463 1464 1465 1466 1467 1468 1469]] [98 [1470 1471 1472 1473 1474 1475 1476 1477 1478 1479 1480 1481 1482 1483 1484]] [99 [1485 1486 1487 1488 1489 1490 1491 1492 1493 1494 1495 1496 1497 1498 1499]]]","[[0 [1 2 3 4 5 6 7 8 10 12 13]] [1 [15 16 17 18 19 20 23 24 25 26 28]] [2 [30 31 32 33 35 37 38 39 40 41 42 43 44]] [3 [45 46 47 48 49 50 51 53 54 55 56 58 59]] [4 [60 61 62 63 64 67 68 69 71 72 73 74]] [5 [75 76 77 78 79 80 81 82 84 85 86 87 88]] [6 [93 94 95 96 98 99 100 101 102 103 104]] [7 [106 107 109 110 111 112 113 114 115 116 117 118 119]] [8 [120 121 122 123 124 125 126 127 128 129 130 131 133 134]] [9 [135 136 137 138 139 140 141 142 143 144 145 146 148 149]] [10 [150 152 153 154 155 156 158 160 161 162 163 164]] [11 [165 166 167 172 173 174 175 176 177 178 179]] [12 [180 181 184 185 186 187 188 189 190 191 192 193]] [13 [195 196 197 199 200 201 202 203 204 206 208]] [14 [210 211 213 214 215 216 217 218 220 221 222 224]] [15 [225 226 228 229 230 231 232 233 234 236 237 238 239]] [16 [242 243 244 245 246 247 248 249 250 251 252 253 254]] [17 [255 256 257 258 259 260 261 263 264 265 266 267 268 269]] [18 [270 272 273 276 279 280 281 282 283 284]] [19 [285 286 287 288 289 290 291 292 293 294 296 297 298 299]] [20 [300 301 302 304 305 306 307 308 309 312 313 314]] [21 [315 316 319 320 321 324 326 327 328 329]] [22 [330 331 332 333 334 335 336 337 338 339 340 342 343 344]] [23 [345 347 348 349 350 352 353 354 355 356 359]] [24 [360 361 362 363 364 365 367 368 369 370 372 373 374]] [25 [378 379 380 381 382 383 384 385 386 388 389]] [26 [390 391 394 395 397 398 399 400 401 402 403 404]] [27 [406 407 408 409 414 415 416 418 419]] [28 [420 422 425 426 427 428 429 430 432 433 434]] [29 [435 438 439 441 442 443 444 445 446 447 449]] [30 [450 451 452 453 454 455 456 457 458 460 461 462 463 464]] [31 [467 468 469 470 471 472 473 474 475 476 477 478 479]] [32 [480 483 484 486 487 488 492 493 494]] [33 [496 497 498 499 500 501 502 503 504 505 506 509]] [34 [510 511 512 513 514 515 516 518 519 520 522 523 524]] [35 [525 526 527 528 529 530 532 533 534 535 536 537 538 539]] [36 [540 542 543 544 545 546 547 548 549 550 551 554]] [37 [555 556 557 558 560 561 562 563 564 565 567 569]] [38 [570 572 574 575 576 577 578 579 581 582 583 584]] [39 [585 586 587 588 589 590 592 593 594 595 596 598 599]] [40 [600 601 602 603 605 606 607 609 610 611 612 613 614]] [41 [615 616 618 619 620 621 622 624 626 627 628 629]] [42 [630 633 634 635 636 639 640 641 642 644]] [43 [645 647 648 649 651 652 653 655 656 657 658 659]] [44 [660 661 662 663 664 665 666 668 670 671 672 673 674]] [45 [675 676 677 678 679 680 681 682 683 684 685 686 687 688]] [46 [691 693 694 695 696 697 698 699 701 702 703 704]] [47 [705 706 707 709 710 711 712 713 715 716 717 718 719]] [48 [721 722 724 725 727 728 729 730 731 732 733 734]] [49 [735 737 738 739 740 741 742 743 744 745 746 747 748 749]] [50 [751 752 753 755 756 757 758 759 760 761 762 763 764]] [51 [765 766 767 768 770 771 772 773 774 776 777 778 779]] [52 [780 781 782 783 784 785 786 787 788 789 790 794]] [53 [795 796 797 798 799 800 801 802 803 804 806 807 808 809]] [54 [810 811 812 814 815 816 817 819 820 821 822]] [55 [826 827 829 830 831 832 833 837 838 839]] [56 [840 841 842 843 844 845 846 847 849 850 851 852 853 854]] [57 [856 857 858 859 860 861 862 864 865 866 867 868 869]] [58 [870 871 872 873 874 876 877 878 879 882 883 884]] [59 [885 886 887 891 892 893 895 896 897 898 899]] [60 [901 902 903 905 906 908 910 912 913 914]] [61 [915 916 917 919 920 921 922 923 924 925 926 927 929]] [62 [930 932 933 934 935 936 937 938 940 941 942 943 944]] [63 [945 946 950 951 952 953 954 956 957 958]] [64 [961 962 963 965 966 968 969 970 971 972 973 974]] [65 [975 976 977 978 979 980 981 982 983 984 985 988 989]] [66 [990 991 992 993 994 995 998 999 1001 1002 1003 1004]] [67 [1006 1007 1009 1010 1011 1012 1014 1015 1016 1017 1018 1019]] [68 [1020 1021 1022 1023 1024 1025 1026 1028 1029 1030 1031 1032 1033 1034]] [69 [1037 1038 1040 1042 1043 1044 1046 1047 1048]] [70 [1051 1052 1053 1054 1055 1060 1061 1062 1063]] [71 [1065 1067 1068 1069 1070 1072 1073 1074 1075 1076 1077 1078]] [72 [1080 1081 1082 1083 1084 1086 1088 1089 1090 1093 1094]] [73 [1095 1097 1098 1099 1100 1102 1103 1104 1105 1106 1107 1108 1109]] [74 [1111 1112 1113 1114 1115 1116 1117 1120 1121 1122 1123]] [75 [1125 1126 1127 1128 1129 1130 1131 1133 1134 1137 1138 1139]] [76 [1141 1143 1144 1145 1146 1147 1148 1149 1151 1152 1153 1154]] [77 [1155 1156 1157 1158 1159 1161 1163 1165 1166 1167 1168 1169]] [78 [1170 1171 1172 1174 1175 1177 1178 1179 1180 1181 1182 1183]] [79 [1185 1186 1187 1188 1190 1192 1193 1195 1196 1197 1198 1199]] [80 [1200 1201 1203 1204 1205 1206 1207 1208 1212 1213 1214]] [81 [1215 1216 1217 1218 1220 1221 1224 1226 1227 1228 1229]] [82 [1230 1231 1232 1233 1234 1235 1236 1237 1238 1239 1241 1242 1243]] [83 [1246 1247 1248 1249 1250 1251 1252 1253 1254 1256]] [84 [1260 1261 1262 1263 1264 1265 1266 1267 1268 1270 1271 1272 1273 1274]] [85 [1275 1276 1277 1278 1279 1280 1281 1282 1283 1284 1285 1287 1288 1289]] [86 [1290 1291 1293 1295 1296 1297 1298 1300 1301 1302 1303 1304]] [87 [1305 1306 1307 1308 1309 1310 1311 1312 1314 1315 1316 1317 1318]] [88 [1320 1321 1322 1325 1326 1327 1328 1329 1330 1331 1332 1333 1334]] [89 [1335 1337 1338 1339 1340 1342 1343 1344 1345 1346 1347 1348]] [90 [1350 1351 1352 1353 1354 1355 1356 1357 1361 1362 1363 1364]] [91 [1366 1367 1368 1369 1370 1371 1372 1373 1374 1379]] [92 [1380 1381 1385 1386 1387 1388 1389 1390 1391 1393 1394]] [93 [1395 1396 1397 1399 1400 1401 1402 1403 1404 1405 1406 1408 1409]] [94 [1410 1411 1412 1414 1415 1416 1417 1419 1420 1421 1422 1423]] [95 [1425 1427 1428 1430 1431 1432 1433 1434 1435 1437 1438]] [96 [1440 1441 1442 1443 1444 1446 1447 1448 1449 1450 1451 1452 1453]] [97 [1455 1456 1457 1458 1459 1460 1461 1462 1463 1464 1465 1466 1467 1468 1469]] [98 [1470 1471 1472 1473 1474 1476 1477 1478 1479 1480 1482 1484]] [99 [1485 1486 1487 1489 1490 1491 1492 1493 1494 1495 1496 1497 1498]]]",,"[[{citizen 33} [[""A"" [2 2]]]] [{citizen 34} [[""A"" [3 2]]]] [{citizen 45} [[""A"" [2 2]]]] [{citizen 48} [[""A"" [2 4]]]] [{media 50} [[""A"" [4 4]]]] [{media 51} [[""A"" [2 2]]]] [{media 52} [[""A"" [2 2]]]] [{media 53} [[""A"" [4 4]]]] [{media 54} [[""A"" [3 3]]]] [{media 55} [[""A"" [3 3]]]] [{media 56} [[""A"" [2 2]]]] [{media 57} [[""A"" [2 2]]]] [{media 58} [[""A"" [1 1]]]] [{media 59} [[""A"" [4 4]]]] [{media 60} [[""A"" [4 4]]]] [{media 61} [[""A"" [3 3]]]] [{media 62} [[""A"" [4 4]]]] [{media 63} [[""A"" [3 3]]]] [{media 64} [[""A"" [3 3]]]] [{citizen 3} [[""A"" [3 4]]]] [{citizen 9} [[""A"" [2 2]]]] [{citizen 6} [[""A"" [2 2]]]] [{citizen 4} [[""A"" [2 4]]]] [{citizen 49} [[""A"" [3 2]]]] [{citizen 1} [[""A"" [4 2]]]] [{citizen 32} [[""A"" [2 4]]]] [{citizen 15} [[""A"" [3 2]]]] [{citizen 0} [[""A"" [2 2]]]] [{citizen 17} [[""A"" [3 2]]]] [{citizen 19} [[""A"" [2 2]]]] [{citizen 47} [[""A"" [3 2]]]] [{citizen 25} [[""A"" [2 2]]]] [{citizen 31} [[""A"" [2 4]]]] [{citizen 43} [[""A"" [3 2]]]] [{citizen 21} [[""A"" [2 4]]]] [{citizen 7} [[""A"" [3 2]]]] [{citizen 5} [[""A"" [3 2]]]] [{citizen 41} [[""A"" [4 2]]]] [{citizen 12} [[""A"" [2 4]]]] [{citizen 20} [[""A"" [3 2]]]] [{citizen 22} [[""A"" [2 2]]]] [{citizen 44} [[""A"" [2 2]]]] [{citizen 14} [[""A"" [3 3]]]] [{citizen 38} [[""A"" [2 2]]]] [{citizen 8} [[""A"" [3 2]]]] [{citizen 35} [[""A"" [2 2]]]] [{citizen 13} [[""A"" [3 2]]]] [{citizen 28} [[""A"" [2 4]]]] [{citizen 40} [[""A"" [3 2]]]] [{citizen 46} [[""A"" [2 4]]]] [{citizen 23} [[""A"" [2 2]]]] [{citizen 36} [[""A"" [2 4]]]] [{citizen 39} [[""A"" [2 4]]]] [{citizen 26} [[""A"" [3 2]]]] [{citizen 37} [[""A"" [4 4]]]] [{citizen 2} [[""A"" [2 4]]]] [{citizen 24} [[""A"" [2 2]]]] [{citizen 29} [[""A"" [3 2]]]] [{citizen 27} [[""A"" [3 2]]]] [{citizen 18} [[""A"" [3 2]]]] [{citizen 42} [[""A"" [3 2]]]] [{citizen 30} [[""A"" [3 2]]]] [{citizen 11} [[""A"" [2 2]]]] [{citizen 16} [[""A"" [3 3]]]]]"
"11","[85 0 170]","38.57142857142857","9.371683514395981","11.348839599455602","""circle""","""""","9.9","{breed citizens}","false","0.5","1","""up""",,"[[""ID"" 48] [""alpha"" 1] [""beta"" 1] [""malleable"" [""A""]] [""prior"" []] [""cont_tokens"" []] [""A"" 4]]","[[0 [0 1 3 4 5 6 9 10 12 13]] [1 [15 16 17 18 19 20 21 22 23 24 25 26 27 28 29]] [2 [30 31 32 33 34 35 36 37 38 39 40 41 42 43 44]] [3 [45 46 47 48 49 50 51 52 53 54 55 56 57 58 59]] [4 [60 61 62 63 64 65 66 67 68 69 70 71 72 73 74]] [5 [75 76 77 78 79 80 81 82 83 84 85 86 87 88 89]] [6 [90 91 92 93 94 95 96 97 98 99 100 101 102 103 104]] [7 [105 106 107 108 109 110 111 112 113 114 115 116 117 118 119]] [8 [120 121 122 123 124 125 126 127 128 129 130 131 132 133 134]] [9 [135 136 137 138 139 140 141 142 143 144 145 146 147 148 149]] [10 [150 151 152 153 154 155 156 157 158 159 160 161 162 163 164]] [11 [165 166 167 168 169 170 171 172 173 174 175 176 177 178 179]] [12 [180 181 183 184 185 186 187 188 189 190 191 192 193 194]] [13 [195 196 197 198 199 200 201 202 203 204 205 206 207 208 209]] [14 [210 211 212 213 214 215 216 217 218 219 220 221 222 223 224]] [15 [225 226 227 228 229 230 231 232 233 234 235 236 237 238 239]] [16 [241 242 243 244 245 246 247 248 249 250 251 252 253 254]] [17 [255 256 257 258 259 260 261 262 263 264 265 266 267 268 269]] [18 [270 271 272 273 274 275 276 277 278 279 280 281 282 283 284]] [19 [285 286 287 288 289 290 291 292 293 294 295 296 297 298 299]] [20 [300 301 302 303 304 305 306 307 308 309 310 311 312 313 314]] [21 [315 316 317 318 319 320 321 322 323 324 325 326 327 328 329]] [22 [330 331 332 333 334 335 336 337 338 339 340 341 342 343 344]] [23 [345 346 347 348 349 350 351 352 353 354 355 356 357 358 359]] [24 [360 361 362 363 364 365 366 367 368 369 370 371 372 373 374]] [25 [375 376 377 378 379 380 381 382 383 384 385 386 387 388 389]] [26 [390 391 392 393 394 395 396 397 398 399 400 401 402 403 404]] [27 [405 406 407 408 409 410 411 412 413 414 415 416 417 418 419]] [28 [420 421 422 424 425 426 427 428 429 430 431 432 433 434]] [29 [435 436 437 438 439 440 441 442 443 444 445 446 447 448 449]] [30 [450 451 452 453 454 455 456 457 458 459 460 461 462 463 464]] [31 [465 466 467 468 469 470 471 472 473 474 475 476 477 478 479]] [32 [480 481 482 483 484 485 486 487 488 489 490 491 492 493 494]] [33 [495 496 497 498 499 500 501 502 503 504 505 506 507 508 509]] [34 [510 511 512 513 514 515 516 517 518 519 520 521 522 523 524]] [35 [525 526 527 528 529 530 531 532 533 534 535 536 537 538 539]] [36 [540 541 542 543 544 545 546 547 548 549 550 551 553 554]] [37 [555 556 557 558 559 560 561 562 563 564 565 566 567 568 569]] [38 [570 571 572 573 574 575 576 577 578 579 580 581 582 583 584]] [39 [585 586 587 588 589 590 592 593 594 595 596 597 598 599]] [40 [600 601 602 603 604 605 606 607 608 609 610 611 612 613 614]] [41 [615 616 617 618 619 620 621 622 623 624 626 627 628 629]] [42 [630 631 632 633 634 635 636 637 638 639 640 641 642 643 644]] [43 [645 646 647 648 649 650 651 652 653 654 655 656 657 658 659]] [44 [660 661 662 663 664 665 666 667 668 669 670 671 672 673 674]] [45 [675 676 677 678 679 680 681 682 683 684 685 686 687 688]] [46 [690 691 692 693 694 695 696 697 698 699 700 701 702 703 704]] [47 [705 706 707 708 709 710 711 712 713 715 716 717 718 719]] [48 [720 721 722 724 725 726 727 728 729 730 731 732 733 734]] [49 [735 736 737 738 739 740 741 742 743 744 745 746 747 748 749]] [50 [750 751 752 753 754 755 756 757 758 759 760 761 762 763 764]] [51 [765 766 767 768 769 770 771 772 773 774 775 776 777 778 779]] [52 [780 781 782 783 784 785 786 787 788 789 790 791 792 793 794]] [53 [795 796 797 798 799 800 801 802 803 804 805 806 807 808 809]] [54 [810 811 812 813 814 815 816 817 818 819 820 821 822 823 824]] [55 [825 826 827 828 829 830 831 832 833 834 835 836 837 838 839]] [56 [840 841 842 843 844 845 846 847 848 849 850 851 852 853 854]] [57 [855 856 857 858 859 860 861 862 863 864 865 866 867 868 869]] [58 [870 871 872 873 874 875 876 877 878 879 881 882 883 884]] [59 [885 886 887 888 889 890 891 892 893 894 895 896 897 898 899]] [60 [900 901 902 903 904 905 906 907 908 909 910 911 912 913 914]] [61 [915 916 917 918 919 920 921 922 923 924 925 926 927 928 929]] [62 [930 931 932 933 934 935 936 937 938 939 940 941 942 943 944]] [63 [945 946 948 949 950 951 952 953 954 955 956 957 958 959]] [64 [960 961 962 963 964 965 966 967 968 969 970 971 972 973 974]] [65 [975 976 977 978 979 980 981 982 983 984 985 986 987 988 989]] [66 [990 991 992 993 994 995 996 997 998 999 1000 1001 1002 1003 1004]] [67 [1005 1006 1007 1009 1010 1011 1012 1013 1014 1015 1016 1017 1018 1019]] [68 [1020 1021 1022 1023 1024 1025 1026 1027 1028 1029 1030 1031 1032 1033 1034]] [69 [1035 1036 1037 1038 1040 1042 1043 1044 1046 1047 1048]] [70 [1050 1051 1052 1053 1054 1055 1056 1057 1058 1059 1060 1061 1062 1063 1064]] [71 [1065 1066 1067 1068 1069 1070 1071 1072 1073 1074 1075 1076 1077 1078 1079]] [72 [1080 1081 1082 1083 1084 1085 1086 1087 1088 1089 1090 1091 1092 1093 1094]] [73 [1095 1096 1097 1098 1099 1100 1101 1102 1103 1104 1105 1106 1107 1108 1109]] [74 [1110 1111 1112 1113 1114 1115 1116 1117 1118 1119 1120 1121 1122 1123 1124]] [75 [1125 1126 1127 1128 1129 1130 1131 1132 1133 1134 1135 1136 1137 1138 1139]] [76 [1140 1141 1142 1143 1144 1145 1146 1147 1148 1149 1150 1151 1152 1153 1154]] [77 [1155 1156 1157 1158 1159 1160 1161 1162 1163 1164 1165 1166 1167 1168 1169]] [78 [1170 1171 1172 1173 1174 1175 1176 1177 1178 1179 1180 1181 1182 1183 1184]] [79 [1185 1186 1187 1188 1189 1190 1191 1192 1193 1194 1195 1196 1197 1198 1199]] [80 [1200 1201 1202 1203 1204 1205 1206 1207 1208 1209 1210 1211 1212 1213 1214]] [81 [1215 1216 1217 1218 1219 1220 1221 1222 1223 1224 1225 1226 1227 1228 1229]] [82 [1230 1231 1232 1233 1234 1235 1236 1237 1238 1239 1240 1241 1242 1243 1244]] [83 [1245 1246 1247 1248 1249 1250 1251 1252 1253 1254 1255 1256 1257 1258 1259]] [84 [1260 1261 1262 1263 1264 1265 1266 1267 1268 1269 1270 1271 1272 1273 1274]] [85 [1275 1276 1277 1278 1279 1280 1281 1282 1283 1284 1285 1287 1288 1289]] [86 [1290 1291 1292 1293 1295 1296 1297 1298 1299 1300 1301 1302 1303 1304]] [87 [1305 1306 1307 1308 1309 1310 1311 1312 1313 1314 1315 1316 1317 1318 1319]] [88 [1320 1321 1322 1324 1325 1326 1327 1328 1329 1330 1331 1332 1333 1334]] [89 [1335 1336 1337 1338 1339 1340 1342 1343 1344 1345 1346 1347 1348 1349]] [90 [1350 1351 1352 1353 1354 1355 1356 1357 1358 1359 1360 1361 1362 1363 1364]] [91 [1365 1366 1367 1368 1369 1370 1371 1372 1373 1374 1375 1376 1377 1378 1379]] [92 [1380 1381 1382 1383 1384 1385 1386 1387 1388 1389 1390 1391 1392 1393 1394]] [93 [1395 1396 1397 1398 1399 1400 1401 1402 1403 1404 1405 1406 1407 1408 1409]] [94 [1410 1411 1412 1413 1414 1415 1416 1417 1418 1419 1420 1421 1422 1423 1424]] [95 [1425 1426 1427 1428 1429 1430 1431 1432 1433 1434 1435 1436 1437 1438 1439]] [96 [1440 1441 1442 1443 1444 1445 1446 1447 1448 1449 1450 1451 1452 1453 1454]] [97 [1455 1456 1457 1458 1459 1460 1461 1462 1463 1464 1465 1466 1467 1468 1469]] [98 [1470 1471 1472 1473 1474 1475 1476 1477 1478 1479 1480 1481 1482 1483 1484]] [99 [1485 1486 1487 1488 1489 1490 1491 1492 1493 1494 1495 1496 1497 1498 1499]]]","[[0 [0 3 4 6 9 10 12 13]] [1 [16 17 18 19 20 21 22 23 24 25 27 29]] [2 [30 31 32 33 35 38 39 40 41 42 43 44]] [3 [45 46 47 48 50 51 52 53 54 55 56 58 59]] [4 [60 61 62 63 64 65 66 70 71 72 73]] [5 [75 76 77 78 79 80 81 82 83 84 85 87 88 89]] [6 [90 91 92 94 95 96 100 101 102 103 104]] [7 [106 107 108 109 110 111 112 115 116 117 118 119]] [8 [120 121 122 123 127 128 130 131 133 134]] [9 [136 137 138 141 142 143 144 145 146 148 149]] [10 [150 152 153 154 155 156 158 159 161 162 163]] [11 [165 166 167 170 171 172 173 174 176 177 178 179]] [12 [180 181 184 185 186 187 188 189 192 193]] [13 [195 196 197 198 199 200 201 202 203 204 206 208]] [14 [210 211 213 214 215 216 217 218 220 221 222 223 224]] [15 [225 226 228 229 230 231 232 233 234 235 236 237 238 239]] [16 [241 242 243 244 245 246 247 248 249 250 251 252 253 254]] [17 [255 256 257 258 259 260 261 262 263 264 266 267 268 269]] [18 [270 272 273 275 277 278 279 280 281 282 283 284]] [19 [285 286 287 288 289 290 291 292 293 294 295 298]] [20 [300 301 302 303 304 306 307 308 309 312 313 314]] [21 [317 318 319 320 321 322 323 325 326 327 328 329]] [22 [330 331 332 333 336 337 338 339 340 342 343 344]] [23 [345 346 347 348 349 351 352 353 355 356 359]] [24 [360 361 363 364 365 366 367 368 369 370 371 372 373 374]] [25 [378 379 380 381 382 383 385 386 388 389]] [26 [390 391 393 394 395 396 398 399 400 401 402 403 404]] [27 [405 406 407 408 409 411 412 413 414 415 416 417 418 419]] [28 [420 421 422 424 425 426 427 428 429 430 432 433 434]] [29 [435 436 437 438 439 441 442 443 444 446 447 449]] [30 [450 451 452 453 456 457 458 459]] [31 [465 466 467 468 469 470 471 472 473 474 475 476 477 478 479]] [32 [480 481 482 483 484 486 487 488 489 490 491 492 493 494]] [33 [496 497 498 499 500 501 502 503 504 505 506 507]] [34 [514 515 516 517 518 519 521 522 524]] [35 [525 526 527 528 530 532 533 534 535 536 537 538 539]] [36 [540 541 542 543 544 545 546 547 548 549 550 551 554]] [37 [555 556 557 558 560 561 564 565 567 569]] [38 [570 573 575 576 577 578 579 581 582 583 584]] [39 [585 586 587 590 592 593 595 596 598 599]] [40 [600 601 602 603 605 606 607 608 609 610 611 612 613 614]] [41 [615 616 617 618 619 620 621 623 624 626 627 628 629]] [42 [630 634 635 636 639 640 641 642 643 644]] [43 [645 646 648 649 651 652 653 654 655 656 657 658 659]] [44 [660 661 662 663 664 665 666 668 670 671 672 673 674]] [45 [675 676 677 678 679 680 681 682 683 685 686 687 688]] [46 [690 692 694 695 697 698 699 700 703 704]] [47 [705 706 707 708 709 710 711 712 713 715 716 717 719]] [48 [721 722 724 725 726 727 728 729 730 731 732 733]] [49 [736 739 740 741 742 743 744 745 748 749]] [50 [751 752 753 754 755 756 757 758 759 760 761 762 763 764]] [51 [765 766 767 768 770 771 773 774 779]] [52 [780 781 782 783 784 785 786 788 790 794]] [53 [795 796 798 799 800 801 802 803 804 806 807 808 809]] [54 [810 811 812 814 815 816 817 818 820 821 822 824]] [55 [825 827 828 829 830 831 832 833 835 836 838 839]] [56 [840 841 842 843 844 845 846 847 848 849 850 851 852 853 854]] [57 [855 857 858 859 860 861 863 864 865 866 867 868 869]] [58 [870 872 873 874 875 876 877 878 879 882 884]] [59 [885 886 887 889 890 891 892 893 896 897 898]] [60 [900 901 902 903 905 906 907 909 910 912 913 914]] [61 [916 917 918 920 921 923 924 925 926 927 929]] [62 [930 931 936 937 938 940 942 943 944]] [63 [945 946 949 950 951 952 953 954 955 956 957 958]] [64 [960 963 966 968 969 970 971 972 973 974]] [65 [975 977 978 979 980 981 983 984 985 988 989]] [66 [990 991 992 993 994 995 998 999 1001 1002 1003 1004]] [67 [1006 1007 1009 1010 1011 1012 1013 1014 1017 1018 1019]] [68 [1020 1022 1023 1024 1025 1026 1028 1029 1031 1032 1033 1034]] [69 [1037 1038 1040 1042 1043 1044 1046 1047 1048]] [70 [1050 1051 1052 1053 1054 1056 1057 1058 1059 1060 1061 1062 1063 1064]] [71 [1066 1067 1068 1069 1070 1071 1072 1073 1074 1075 1076 1077 1078 1079]] [72 [1080 1081 1083 1084 1086 1088 1089 1090 1092 1093 1094]] [73 [1095 1096 1097 1098 1099 1101 1102 1103 1104 1105 1106 1107 1108]] [74 [1110 1111 1113 1114 1115 1118 1119 1120 1121 1122 1123 1124]] [75 [1125 1126 1127 1128 1129 1130 1131 1133 1136 1137 1138 1139]] [76 [1141 1142 1143 1144 1145 1146 1147 1148 1149 1151 1152 1153]] [77 [1155 1156 1157 1158 1159 1161 1163 1165 1167 1169]] [78 [1170 1171 1172 1175 1176 1178 1179 1180 1181 1182 1183]] [79 [1185 1186 1187 1188 1189 1190 1192 1193 1195 1196 1197 1199]] [80 [1200 1201 1203 1204 1205 1206 1207 1208 1209 1210 1211 1212 1213 1214]] [81 [1215 1217 1218 1220 1221 1222 1223 1224 1225 1226 1227 1228 1229]] [82 [1230 1231 1232 1233 1234 1235 1237 1238 1239 1242 1243]] [83 [1246 1247 1248 1249 1250 1251 1252 1254 1255 1256 1258 1259]] [84 [1260 1261 1262 1263 1264 1265 1266 1267 1268 1270 1271 1272 1273 1274]] [85 [1275 1276 1277 1278 1279 1280 1281 1282 1283 1284 1285 1287 1288 1289]] [86 [1290 1291 1293 1295 1296 1297 1298 1300 1301 1302 1303 1304]] [87 [1305 1307 1308 1309 1310 1311 1312 1313 1314 1315 1316 1317 1318]] [88 [1320 1321 1322 1324 1325 1326 1327 1328 1329 1330 1332 1333 1334]] [89 [1335 1337 1339 1340 1342 1343 1345 1346 1347 1348]] [90 [1350 1351 1353 1354 1355 1356 1357 1358 1359 1360 1361 1362 1364]] [91 [1366 1367 1368 1369 1371 1372 1373 1374 1377 1378]] [92 [1380 1381 1382 1383 1384 1385 1386 1387 1388 1389 1390 1391 1393 1394]] [93 [1395 1396 1397 1399 1400 1401 1402 1403 1404 1405 1406 1408 1409]] [94 [1411 1412 1414 1415 1416 1418 1419 1420 1421 1422 1423]] [95 [1425 1426 1427 1428 1430 1431 1432 1433 1434 1435 1437 1438]] [96 [1440 1441 1442 1443 1444 1447 1448 1449 1450 1451 1452 1453 1454]] [97 [1455 1456 1457 1460 1461 1462 1463 1464 1465 1466 1467 1468 1469]] [98 [1470 1471 1472 1473 1474 1475 1478 1479 1481 1482 1483 1484]] [99 [1485 1486 1487 1489 1490 1491 1492 1493 1494 1495 1496 1497 1498 1499]]]",,"[[{media 50} [[""A"" [4 4]]]] [{media 51} [[""A"" [2 2]]]] [{media 53} [[""A"" [4 4]]]] [{media 55} [[""A"" [3 3]]]] [{media 56} [[""A"" [2 2]]]] [{media 57} [[""A"" [2 2]]]] [{media 60} [[""A"" [4 4]]]] [{media 61} [[""A"" [3 3]]]] [{media 62} [[""A"" [4 4]]]] [{media 64} [[""A"" [3 3]]]] [{citizen 4} [[""A"" [3 4]]]] [{citizen 0} [[""A"" [3 2]]]] [{citizen 2} [[""A"" [4 4]]]] [{citizen 3} [[""A"" [4 4]]]] [{citizen 49} [[""A"" [2 4]]]] [{citizen 1} [[""A"" [2 4]]]] [{citizen 32} [[""A"" [4 4]]]] [{citizen 9} [[""A"" [2 4]]]] [{citizen 15} [[""A"" [2 2]]]] [{citizen 17} [[""A"" [3 2]]]] [{citizen 16} [[""A"" [3 2]]]] [{citizen 44} [[""A"" [3 2]]]] [{media 63} [[""A"" [3 3]]]] [{citizen 25} [[""A"" [3 2]]]] [{citizen 48} [[""A"" [2 4]]]] [{citizen 31} [[""A"" [2 4]]]] [{citizen 43} [[""A"" [2 2]]]] [{citizen 21} [[""A"" [3 4]]]] [{citizen 7} [[""A"" [3 2]]]] [{citizen 5} [[""A"" [3 2]]]] [{citizen 41} [[""A"" [2 4]]]] [{citizen 12} [[""A"" [2 4]]]] [{citizen 20} [[""A"" [2 4]]]] [{citizen 22} [[""A"" [3 2]]]] [{citizen 19} [[""A"" [3 2]]]] [{citizen 47} [[""A"" [2 4]]]] [{citizen 33} [[""A"" [2 2]]]] [{citizen 10} [[""A"" [2 4]]]] [{citizen 6} [[""A"" [2 2]]]] [{citizen 24} [[""A"" [2 2]]]] [{citizen 29} [[""A"" [3 2]]]] [{citizen 26} [[""A"" [2 2]]]] [{citizen 37} [[""A"" [4 4]]]] [{citizen 18} [[""A"" [2 2]]]] [{citizen 28} [[""A"" [4 4]]]] [{citizen 40} [[""A"" [2 4]]]] [{citizen 46} [[""A"" [2 4]]]] [{citizen 14} [[""A"" [3 2]]]] [{citizen 38} [[""A"" [2 2]]]] [{citizen 8} [[""A"" [2 2]]]] [{citizen 35} [[""A"" [2 2]]]] [{citizen 13} [[""A"" [4 4]]]] [{citizen 45} [[""A"" [2 4]]]] [{citizen 30} [[""A"" [2 2]]]] [{citizen 23} [[""A"" [2 2]]]] [{citizen 36} [[""A"" [2 4]]]] [{citizen 34} [[""A"" [2 2]]]] [{citizen 42} [[""A"" [4 4]]]] [{media 54} [[""A"" [3 3]]]] [{citizen 39} [[""A"" [4 4]]]] [{citizen 27} [[""A"" [2 2]]]] [{media 52} [[""A"" [2 2]]]] [{media 59} [[""A"" [4 4]]]] [{media 58} [[""A"" [1 1]]]]]"
"12","[85 0 170]","161.6326530612245","2.7847885594489927","-5.8193720529604445","""circle""","""""","9.9","{breed citizens}","false","0.5","1","""up""",,"[[""ID"" 16] [""alpha"" 1] [""beta"" 1] [""malleable"" [""A""]] [""prior"" []] [""cont_tokens"" []] [""A"" 4]]","[[0 [0 1 3 4 5 6 9 10 12 13]] [1 [15 16 17 18 19 20 21 22 23 24 25 26 27 28 29]] [2 [30 31 32 33 34 35 36 37 38 39 40 41 42 43 44]] [3 [45 46 47 48 49 50 51 52 53 54 55 56 57 58 59]] [4 [60 61 62 63 64 65 66 67 68 69 70 71 72 73 74]] [5 [75 76 77 78 79 80 81 82 83 84 85 86 87 88 89]] [6 [90 91 92 93 94 95 96 97 98 99 100 101 102 103 104]] [7 [105 106 107 108 109 110 111 112 113 114 115 116 117 118 119]] [8 [120 121 122 123 124 125 126 127 128 129 130 131 132 133 134]] [9 [135 136 137 138 139 140 141 142 143 144 145 146 147 148 149]] [10 [150 151 152 153 154 155 156 157 158 159 160 161 162 163 164]] [11 [165 166 167 168 169 170 171 172 173 174 175 176 177 178 179]] [12 [180 181 183 184 185 186 187 188 189 190 191 192 193 194]] [13 [195 196 197 198 199 200 201 202 203 204 205 206 207 208 209]] [14 [210 211 212 213 214 215 216 217 218 219 220 221 222 223 224]] [15 [225 226 227 228 229 230 231 232 233 234 235 236 237 238 239]] [16 [241 242 243 244 245 246 247 248 249 250 251 252 253 254]] [17 [255 256 257 258 259 260 261 262 263 264 265 266 267 268 269]] [18 [270 271 272 273 274 275 276 277 278 279 280 281 282 283 284]] [19 [285 286 287 288 289 290 291 292 293 294 295 296 297 298 299]] [20 [300 301 302 303 304 305 306 307 308 309 310 311 312 313 314]] [21 [315 316 317 318 319 320 321 322 323 324 325 326 327 328 329]] [22 [330 331 332 333 334 335 336 337 338 339 340 341 342 343 344]] [23 [345 346 347 348 349 350 351 352 353 354 355 356 357 358 359]] [24 [360 361 362 363 364 365 366 367 368 369 370 371 372 373 374]] [25 [375 376 377 378 379 380 381 382 383 384 385 386 387 388 389]] [26 [390 391 392 393 394 395 396 397 398 399 400 401 402 403 404]] [27 [405 406 407 408 409 410 411 412 413 414 415 416 417 418 419]] [28 [420 421 422 424 425 426 427 428 429 430 431 432 433 434]] [29 [435 436 437 438 439 440 441 442 443 444 445 446 447 448 449]] [30 [450 451 452 453 454 455 456 457 458 459 460 461 462 463 464]] [31 [465 466 467 468 469 470 471 472 473 474 475 476 477 478 479]] [32 [480 481 482 483 484 485 486 487 488 489 490 491 492 493 494]] [33 [495 496 497 498 499 500 501 502 503 504 505 506 507 508 509]] [34 [510 511 512 513 514 515 516 517 518 519 520 521 522 523 524]] [35 [525 526 527 528 529 530 531 532 533 534 535 536 537 538 539]] [36 [540 541 542 543 544 545 546 547 548 549 550 551 552 553 554]] [37 [555 556 557 558 559 560 561 562 563 564 565 566 567 568 569]] [38 [570 571 572 573 574 575 576 577 578 579 580 581 582 583 584]] [39 [585 586 587 588 589 590 592 593 594 595 596 597 598 599]] [40 [600 601 602 603 604 605 606 607 608 609 610 611 612 613 614]] [41 [615 616 617 618 619 620 621 622 623 624 626 627 628 629]] [42 [630 631 632 633 634 635 636 637 638 639 640 641 642 643 644]] [43 [645 646 647 648 649 650 651 652 653 654 655 656 657 658 659]] [44 [660 661 662 663 664 665 666 667 668 669 670 671 672 673 674]] [45 [675 676 677 678 679 680 681 682 683 684 685 686 687 688]] [46 [690 691 692 693 694 695 696 697 698 699 700 701 702 703 704]] [47 [705 706 707 708 709 710 711 712 713 715 716 717 718 719]] [48 [720 721 722 724 725 726 727 728 729 730 731 732 733 734]] [49 [735 736 737 738 739 740 741 742 743 744 745 746 747 748 749]] [50 [750 751 752 753 754 755 756 757 758 759 760 761 762 763 764]] [51 [765 766 767 768 769 770 771 772 773 774 775 776 777 778 779]] [52 [780 781 782 783 784 785 786 787 788 789 790 791 792 793 794]] [53 [795 796 797 798 799 800 801 802 803 804 805 806 807 808 809]] [54 [810 811 812 813 814 815 816 817 818 819 820 821 822 823 824]] [55 [825 826 827 828 829 830 831 832 833 834 835 836 837 838 839]] [56 [840 841 842 843 844 845 846 847 848 849 850 851 852 853 854]] [57 [855 856 857 858 859 860 861 862 863 864 865 866 867 868 869]] [58 [870 871 872 873 874 875 876 877 878 879 881 882 883 884]] [59 [885 886 887 888 889 890 891 892 893 894 895 896 897 898 899]] [60 [900 901 902 903 904 905 906 907 908 909 910 911 912 913 914]] [61 [915 916 917 918 919 920 921 922 923 924 925 926 927 928 929]] [62 [930 931 932 933 934 935 936 937 938 939 940 941 942 943 944]] [63 [945 946 948 949 950 951 952 953 954 955 956 957 958 959]] [64 [960 961 962 963 964 965 966 967 968 969 970 971 972 973 974]] [65 [975 976 977 978 979 980 981 982 983 984 985 986 987 988 989]] [66 [990 991 992 993 994 995 996 997 998 999 1000 1001 1002 1003 1004]] [67 [1005 1006 1007 1009 1010 1011 1012 1013 1014 1015 1016 1017 1018 1019]] [68 [1020 1021 1022 1023 1024 1025 1026 1027 1028 1029 1030 1031 1032 1033 1034]] [69 [1035 1036 1037 1038 1040 1042 1043 1044 1046 1047 1048]] [70 [1050 1051 1052 1053 1054 1055 1056 1057 1058 1059 1060 1061 1062 1063 1064]] [71 [1065 1066 1067 1068 1069 1070 1071 1072 1073 1074 1075 1076 1077 1078 1079]] [72 [1080 1081 1082 1083 1084 1085 1086 1087 1088 1089 1090 1091 1092 1093 1094]] [73 [1095 1096 1097 1098 1099 1100 1101 1102 1103 1104 1105 1106 1107 1108 1109]] [74 [1110 1111 1112 1113 1114 1115 1116 1117 1118 1119 1120 1121 1122 1123 1124]] [75 [1125 1126 1127 1128 1129 1130 1131 1132 1133 1134 1135 1136 1137 1138 1139]] [76 [1140 1141 1142 1143 1144 1145 1146 1147 1148 1149 1150 1151 1152 1153 1154]] [77 [1155 1156 1157 1158 1159 1160 1161 1162 1163 1164 1165 1166 1167 1168 1169]] [78 [1170 1171 1172 1173 1174 1175 1176 1177 1178 1179 1180 1181 1182 1183 1184]] [79 [1185 1186 1187 1188 1189 1190 1191 1192 1193 1194 1195 1196 1197 1198 1199]] [80 [1200 1201 1202 1203 1204 1205 1206 1207 1208 1209 1210 1211 1212 1213 1214]] [81 [1215 1216 1217 1218 1219 1220 1221 1222 1223 1224 1225 1226 1227 1228 1229]] [82 [1230 1231 1232 1233 1234 1235 1236 1237 1238 1239 1240 1241 1242 1243 1244]] [83 [1245 1246 1247 1248 1249 1250 1251 1252 1253 1254 1255 1256 1257 1258 1259]] [84 [1260 1261 1262 1263 1264 1265 1266 1267 1268 1269 1270 1271 1272 1273 1274]] [85 [1275 1276 1277 1278 1279 1280 1281 1282 1283 1284 1285 1287 1288 1289]] [86 [1290 1291 1292 1293 1295 1296 1297 1298 1299 1300 1301 1302 1303 1304]] [87 [1305 1306 1307 1308 1309 1310 1311 1312 1313 1314 1315 1316 1317 1318 1319]] [88 [1320 1321 1322 1324 1325 1326 1327 1328 1329 1330 1331 1332 1333 1334]] [89 [1335 1336 1337 1338 1339 1340 1342 1343 1344 1345 1346 1347 1348 1349]] [90 [1350 1351 1352 1353 1354 1355 1356 1357 1358 1359 1360 1361 1362 1363 1364]] [91 [1365 1366 1367 1368 1369 1370 1371 1372 1373 1374 1375 1376 1377 1378 1379]] [92 [1380 1381 1382 1383 1384 1385 1386 1387 1388 1389 1390 1391 1392 1393 1394]] [93 [1395 1396 1397 1398 1399 1400 1401 1402 1403 1404 1405 1406 1407 1408 1409]] [94 [1410 1411 1412 1413 1414 1415 1416 1417 1418 1419 1420 1421 1422 1423 1424]] [95 [1425 1426 1427 1428 1429 1430 1431 1432 1433 1434 1435 1436 1437 1438 1439]] [96 [1440 1441 1442 1443 1444 1445 1446 1447 1448 1449 1450 1451 1452 1453 1454]] [97 [1455 1456 1457 1458 1459 1460 1461 1462 1463 1464 1465 1466 1467 1468 1469]] [98 [1470 1471 1472 1473 1474 1475 1476 1477 1478 1479 1480 1481 1482 1483 1484]] [99 [1485 1486 1487 1488 1489 1490 1491 1492 1493 1494 1495 1496 1497 1498 1499]]]","[[0 [1 3 4 5 6 9 10 12 13]] [1 [16 17 18 19 20 21 22 23 25 26 28 29]] [2 [30 31 32 33 36 37 38 39 40 41 42 44]] [3 [45 46 47 48 49 50 51 52 53 54 55 56 58 59]] [4 [60 61 62 63 64 65 66 67 68 69 72 73 74]] [5 [77 78 79 80 81 83 84 85 86 89]] [6 [90 91 92 94 95 96 97 98 99 101 102 103 104]] [7 [106 107 111 112 115 116 117 118 119]] [8 [120 121 122 123 126 127 128 129 130 131 133 134]] [9 [135 136 137 138 139 140 141 142 143 144 145 146]] [10 [151 152 153 154 155 156 159 162 164]] [11 [165 166 167 170 171 173 174 176 177 178 179]] [12 [180 181 183 184 185 186 187 188 189 190 191 192 193 194]] [13 [195 196 197 198 199 200 201 202 203 204 205 206 208]] [14 [210 211 212 217 218 220 221 222 223 224]] [15 [225 226 228 229 230 231 232 233 234 235 236 237 238 239]] [16 [241 242 243 244 245 246 247 248 249 250 251 252 253]] [17 [255 256 257 258 259 261 262 265 267 268 269]] [18 [270 271 272 273 277 278 279 280 281 282 283 284]] [19 [285 286 287 288 289 290 291 292 293 294 295 296 297 298 299]] [20 [300 301 302 304 305 306 307 308 309 310 311]] [21 [316 319 320 321 323 324 325 326 327 328 329]] [22 [330 331 332 333 335 336 337 338 339 341 343 344]] [23 [345 347 348 349 350 351 352 353 354 355 356 357 358]] [24 [363 364 365 366 368 369 370 371]] [25 [375 376 377 379 380 381 382 383 384 385 386 387 388 389]] [26 [390 391 392 394 396 398 399 400 401 402 403 404]] [27 [405 406 407 408 409 414 415 417 418 419]] [28 [420 421 422 425 426 427 428 429 430 432 433 434]] [29 [435 436 437 438 439 440 441 442 443 445 446 447 449]] [30 [450 451 452 453 455 456 457 458 459 460 461 462 463 464]] [31 [465 466 467 468 469 470 471 472 474 475 476 477 478 479]] [32 [480 481 482 483 484 487 488 489 491 492 493 494]] [33 [496 497 498 499 500 501 502 504 505 506 508 509]] [34 [510 511 512 513 514 515 516 518 519 520 522 523 524]] [35 [525 526 527 528 529 530 532 533 534 535 536]] [36 [540 542 543 544 545 546 547 548 549 550 551 553 554]] [37 [555 556 557 558 559 560 561 562 563 564 565 567 569]] [38 [571 572 573 574 575 576 577 578 579 581 582 583 584]] [39 [585 586 587 588 589 590 592 593 594 595 596 598 599]] [40 [600 601 602 603 605 606 607 609 610 611 612 613 614]] [41 [615 616 617 618 619 621 622 623 624 626 627 628 629]] [42 [630 631 632 633 634 635 637 638 639 640 641 643 644]] [43 [645 647 648 649 651 652 653 655 656 657 659]] [44 [661 662 663 664 665 666 668 670 671 672 673 674]] [45 [675 676 677 678 679 680 682 683 685 686 687]] [46 [690 692 693 694 695 696 697 698 699 701 702 703 704]] [47 [705 706 708 710 711 712 713 715 716 717 718 719]] [48 [722 724 725 726 727 728 729 730 731 732 733 734]] [49 [735 736 738 739 740 741 742 743 744 745 746 747 748 749]] [50 [751 752 753 754 755 756 757 758 759 760 761 762 763 764]] [51 [765 766 767 768 769 771 772 773 774 776 777 778 779]] [52 [780 781 782 783 784 785 786 788 789 790 791 792 793]] [53 [796 798 799 800 801 802 803 804 806 809]] [54 [810 811 812 814 815 816 817 818 819 820 821 822]] [55 [826 827 828 829 830 831 832 833 834 835 836]] [56 [844 845 846 847 850 851 852 853 854]] [57 [855 860 861 863 864 865 866 867 868 869]] [58 [870 872 873 874 875 876 877 878 879 882 884]] [59 [885 886 887 888 889 890 891 892 893 894 895 896 897 898]] [60 [900 901 902 903 904 905 906 907 908 910 911 912 913]] [61 [915 916 917 919 920 921 922 923 924 925 926 927 929]] [62 [930 931 934 935 936 937 938 940 941 942 943 944]] [63 [945 946 949 950 951 952 953 954 956 957 958]] [64 [961 962 963 964 965 966 968 969 970 971 972 973 974]] [65 [975 976 978 979 980 981 983 984 985 986 987 988 989]] [66 [990 991 992 993 994 995 997 998 999 1001 1002 1003 1004]] [67 [1006 1007 1009 1010 1011 1012 1013 1015 1016 1017 1018 1019]] [68 [1020 1021 1022 1023 1024 1025 1026 1027 1028 1029 1030 1031 1032 1033 1034]] [69 [1037 1038 1040 1042 1043 1044 1046 1047 1048]] [70 [1051 1052 1053 1054 1055 1060 1061 1062 1063 1064]] [71 [1066 1067 1068 1069 1070 1071 1073 1074 1075 1076 1077 1078]] [72 [1080 1081 1082 1083 1084 1086 1087 1088 1089 1090 1093 1094]] [73 [1095 1096 1097 1098 1099 1100 1103 1104 1105 1106 1107 1108]] [74 [1110 1111 1114 1115 1116 1117 1120 1121 1122 1123]] [75 [1125 1126 1127 1128 1129 1130 1131 1133 1134 1135 1137 1138 1139]] [76 [1140 1141 1142 1143 1144 1146 1147 1148 1149 1152 1153]] [77 [1155 1156 1157 1158 1159 1160 1161 1162 1163 1164 1165 1166 1167 1169]] [78 [1170 1171 1172 1175 1176 1177 1178 1179 1180 1181 1182 1183]] [79 [1185 1186 1187 1188 1189 1190 1191 1192 1193 1195 1196 1197 1198]] [80 [1200 1201 1203 1205 1206 1207 1208 1211 1213 1214]] [81 [1215 1216 1217 1218 1222 1223 1224 1225 1226 1227 1228 1229]] [82 [1230 1231 1232 1233 1234 1235 1236 1237 1238 1240 1241 1242 1243]] [83 [1246 1247 1248 1249 1250 1251 1252 1254 1256 1258 1259]] [84 [1260 1261 1262 1263 1264 1265 1266 1267 1268 1270 1271 1272 1273 1274]] [85 [1276 1277 1278 1279 1280 1281 1282 1283 1284 1285 1287 1288 1289]] [86 [1290 1291 1293 1296 1297 1298 1300 1301 1302 1303 1304]] [87 [1305 1306 1307 1308 1309 1310 1311 1312 1316 1317 1318]] [88 [1320 1321 1322 1325 1326 1327 1328 1329 1330 1332 1333 1334]] [89 [1335 1336 1337 1339 1340 1342 1343 1344 1345 1346 1347 1348]] [90 [1350 1351 1352 1353 1354 1355 1356 1357 1358 1359 1360 1361 1362 1363 1364]] [91 [1365 1366 1367 1368 1369 1370 1371 1372 1373 1374 1377 1378]] [92 [1380 1381 1382 1383 1384 1385 1386 1387 1388 1389 1390 1391 1392 1394]] [93 [1395 1396 1397 1399 1400 1401 1402 1403 1404 1405 1406 1408]] [94 [1410 1411 1412 1414 1415 1416 1417 1418 1419 1420 1421 1422 1423]] [95 [1425 1427 1428 1430 1431 1432 1433 1434 1435 1437 1438]] [96 [1440 1441 1442 1443 1444 1445 1446 1447 1448 1449 1451 1452 1453 1454]] [97 [1455 1456 1457 1458 1459 1461 1463 1464 1466 1467 1468 1469]] [98 [1470 1471 1472 1473 1474 1476 1477 1479 1480 1481 1483 1484]] [99 [1485 1486 1487 1489 1490 1491 1492 1493 1494 1495 1496 1498 1499]]]",,"[[{citizen 14} [[""A"" [3 3]]]] [{citizen 16} [[""A"" [3 3]]]] [{citizen 27} [[""A"" [3 2]]]] [{citizen 35} [[""A"" [3 2]]]] [{citizen 43} [[""A"" [3 3]]]] [{media 50} [[""A"" [4 4]]]] [{media 51} [[""A"" [2 2]]]] [{media 53} [[""A"" [4 4]]]] [{media 55} [[""A"" [3 3]]]] [{media 56} [[""A"" [2 2]]]] [{media 57} [[""A"" [2 2]]]] [{media 60} [[""A"" [4 4]]]] [{media 61} [[""A"" [3 3]]]] [{media 62} [[""A"" [4 4]]]] [{media 64} [[""A"" [3 3]]]] [{citizen 4} [[""A"" [3 2]]]] [{citizen 3} [[""A"" [3 4]]]] [{citizen 9} [[""A"" [2 4]]]] [{citizen 6} [[""A"" [3 3]]]] [{citizen 49} [[""A"" [3 2]]]] [{citizen 1} [[""A"" [4 2]]]] [{citizen 32} [[""A"" [3 4]]]] [{citizen 15} [[""A"" [3 2]]]] [{citizen 0} [[""A"" [4 3]]]] [{citizen 17} [[""A"" [3 2]]]] [{citizen 44} [[""A"" [3 3]]]] [{media 63} [[""A"" [3 3]]]] [{citizen 25} [[""A"" [3 2]]]] [{citizen 48} [[""A"" [3 2]]]] [{citizen 31} [[""A"" [3 2]]]] [{citizen 21} [[""A"" [2 3]]]] [{citizen 7} [[""A"" [2 2]]]] [{citizen 5} [[""A"" [3 2]]]] [{citizen 41} [[""A"" [4 2]]]] [{citizen 20} [[""A"" [3 3]]]] [{citizen 38} [[""A"" [2 2]]]] [{citizen 8} [[""A"" [3 4]]]] [{citizen 23} [[""A"" [3 2]]]] [{media 54} [[""A"" [3 3]]]] [{citizen 34} [[""A"" [3 3]]]] [{citizen 46} [[""A"" [3 3]]]] [{citizen 39} [[""A"" [3 4]]]] [{citizen 26} [[""A"" [4 3]]]] [{citizen 37} [[""A"" [2 4]]]] [{citizen 2} [[""A"" [2 4]]]] [{citizen 13} [[""A"" [3 3]]]] [{citizen 45} [[""A"" [4 2]]]] [{citizen 10} [[""A"" [2 4]]]] [{citizen 28} [[""A"" [2 4]]]] [{citizen 24} [[""A"" [3 2]]]] [{citizen 22} [[""A"" [3 2]]]] [{citizen 18} [[""A"" [3 3]]]] [{citizen 40} [[""A"" [3 4]]]] [{media 52} [[""A"" [2 2]]]] [{media 59} [[""A"" [4 4]]]] [{citizen 42} [[""A"" [2 4]]]] [{citizen 47} [[""A"" [2 4]]]] [{citizen 33} [[""A"" [3 2]]]] [{citizen 30} [[""A"" [3 3]]]] [{citizen 36} [[""A"" [3 2]]]] [{media 58} [[""A"" [1 1]]]] [{citizen 11} [[""A"" [3 2]]]] [{citizen 29} [[""A"" [3 3]]]] [{citizen 19} [[""A"" [3 2]]]]]"
"13","[85 0 170]","183.67346938775512","-0.3980468859426045","-6.149276943860995","""circle""","""""","9.9","{breed citizens}","false","0.5","1","""up""",,"[[""ID"" 23] [""alpha"" 1] [""beta"" 1] [""malleable"" [""A""]] [""prior"" []] [""cont_tokens"" []] [""A"" 4]]","[[0 [0 1 3 4 5 6 9 10 12 13]] [1 [15 16 17 18 19 20 21 22 23 24 25 26 27 28 29]] [2 [30 31 32 33 34 35 36 37 38 39 40 41 42 43 44]] [3 [45 46 47 48 49 50 51 52 53 54 55 56 57 58 59]] [4 [60 61 62 63 64 65 66 67 68 69 70 71 72 73 74]] [5 [75 76 77 78 79 80 81 82 83 84 85 86 87 88 89]] [6 [90 91 92 93 94 95 96 97 98 99 100 101 102 103 104]] [7 [105 106 107 108 109 110 111 112 113 114 115 116 117 118 119]] [8 [120 121 122 123 124 125 126 127 128 129 130 131 132 133 134]] [9 [135 136 137 138 139 140 141 142 143 144 145 146 147 148 149]] [10 [150 151 152 153 154 155 156 157 158 159 160 161 162 163 164]] [11 [165 166 167 168 169 170 171 172 173 174 175 176 177 178 179]] [12 [180 181 183 184 185 186 187 188 189 190 191 192 193 194]] [13 [195 196 197 198 199 200 201 202 203 204 205 206 207 208 209]] [14 [210 211 212 213 214 215 216 217 218 219 220 221 222 223 224]] [15 [225 226 227 228 229 230 231 232 233 234 235 236 237 238 239]] [16 [241 242 243 244 245 246 247 248 249 250 251 252 253 254]] [17 [255 256 257 258 259 260 261 262 263 264 265 266 267 268 269]] [18 [270 271 272 273 274 275 276 277 278 279 280 281 282 283 284]] [19 [285 286 287 288 289 290 291 292 293 294 295 296 297 298 299]] [20 [300 301 302 303 304 305 306 307 308 309 310 311 312 313 314]] [21 [315 316 317 318 319 320 321 322 323 324 325 326 327 328 329]] [22 [330 331 332 333 334 335 336 337 338 339 340 341 342 343 344]] [23 [345 346 347 348 349 350 351 352 353 354 355 356 357 358 359]] [24 [360 361 362 363 364 365 366 367 368 369 370 371 372 373 374]] [25 [375 376 377 378 379 380 381 382 383 384 385 386 387 388 389]] [26 [390 391 392 393 394 395 396 397 398 399 400 401 402 403 404]] [27 [405 406 407 408 409 410 411 412 413 414 415 416 417 418 419]] [28 [420 421 422 424 425 426 427 428 429 430 431 432 433 434]] [29 [435 436 437 438 439 440 441 442 443 444 445 446 447 448 449]] [30 [450 451 452 453 454 455 456 457 458 459 460 461 462 463 464]] [31 [465 466 467 468 469 470 471 472 473 474 475 476 477 478 479]] [32 [480 481 482 483 484 485 486 487 488 489 490 491 492 493 494]] [33 [495 496 497 498 499 500 501 502 503 504 505 506 507 508 509]] [34 [510 511 512 513 514 515 516 517 518 519 520 521 522 523 524]] [35 [525 526 527 528 529 530 531 532 533 534 535 536 537 538 539]] [36 [540 541 542 543 544 545 546 547 548 549 550 551 553 554]] [37 [555 556 557 558 559 560 561 562 563 564 565 566 567 568 569]] [38 [570 571 572 573 574 575 576 577 578 579 580 581 582 583 584]] [39 [585 586 587 588 589 590 592 593 594 595 596 597 598 599]] [40 [600 601 602 603 604 605 606 607 608 609 610 611 612 613 614]] [41 [615 616 617 618 619 620 621 622 623 624 626 627 628 629]] [42 [630 631 632 633 634 635 636 637 638 639 640 641 642 643 644]] [43 [645 646 647 648 649 650 651 652 653 654 655 656 657 658 659]] [44 [660 661 662 663 664 665 666 667 668 669 670 671 672 673 674]] [45 [675 676 677 678 679 680 681 682 683 684 685 686 687 688]] [46 [690 691 692 693 694 695 696 697 698 699 700 701 702 703 704]] [47 [705 706 707 708 709 710 711 712 713 715 716 717 718 719]] [48 [720 721 722 724 725 726 727 728 729 730 731 732 733 734]] [49 [735 736 737 738 739 740 741 742 743 744 745 746 747 748 749]] [50 [750 751 752 753 754 755 756 757 758 759 760 761 762 763 764]] [51 [765 766 767 768 769 770 771 772 773 774 775 776 777 778 779]] [52 [780 781 782 783 784 785 786 787 788 789 790 791 792 793 794]] [53 [795 796 797 798 799 800 801 802 803 804 805 806 807 808 809]] [54 [810 811 812 813 814 815 816 817 818 819 820 821 822 823 824]] [55 [825 826 827 828 829 830 831 832 833 834 835 836 837 838 839]] [56 [840 841 842 843 844 845 846 847 848 849 850 851 852 853 854]] [57 [855 856 857 858 859 860 861 862 863 864 865 866 867 868 869]] [58 [870 871 872 873 874 875 876 877 878 879 881 882 883 884]] [59 [885 886 887 888 889 890 891 892 893 894 895 896 897 898 899]] [60 [900 901 902 903 904 905 906 907 908 909 910 911 912 913 914]] [61 [915 916 917 918 919 920 921 922 923 924 925 926 927 928 929]] [62 [930 931 932 933 934 935 936 937 938 939 940 941 942 943 944]] [63 [945 946 948 949 950 951 952 953 954 955 956 957 958 959]] [64 [960 961 962 963 964 965 966 967 968 969 970 971 972 973 974]] [65 [975 976 977 978 979 980 981 982 983 984 985 986 987 988 989]] [66 [990 991 992 993 994 995 996 997 998 999 1000 1001 1002 1003 1004]] [67 [1005 1006 1007 1009 1010 1011 1012 1013 1014 1015 1016 1017 1018 1019]] [68 [1020 1021 1022 1023 1024 1025 1026 1027 1028 1029 1030 1031 1032 1033 1034]] [69 [1035 1036 1037 1038 1040 1042 1043 1044 1046 1047 1048]] [70 [1050 1051 1052 1053 1054 1055 1056 1057 1058 1059 1060 1061 1062 1063 1064]] [71 [1065 1066 1067 1068 1069 1070 1071 1072 1073 1074 1075 1076 1077 1078 1079]] [72 [1080 1081 1082 1083 1084 1085 1086 1087 1088 1089 1090 1091 1092 1093 1094]] [73 [1095 1096 1097 1098 1099 1100 1101 1102 1103 1104 1105 1106 1107 1108 1109]] [74 [1110 1111 1112 1113 1114 1115 1116 1117 1118 1119 1120 1121 1122 1123 1124]] [75 [1125 1126 1127 1128 1129 1130 1131 1132 1133 1134 1135 1136 1137 1138 1139]] [76 [1140 1141 1142 1143 1144 1145 1146 1147 1148 1149 1150 1151 1152 1153 1154]] [77 [1155 1156 1157 1158 1159 1160 1161 1162 1163 1164 1165 1166 1167 1168 1169]] [78 [1170 1171 1172 1173 1174 1175 1176 1177 1178 1179 1180 1181 1182 1183 1184]] [79 [1185 1186 1187 1188 1189 1190 1191 1192 1193 1194 1195 1196 1197 1198 1199]] [80 [1200 1201 1202 1203 1204 1205 1206 1207 1208 1209 1210 1211 1212 1213 1214]] [81 [1215 1216 1217 1218 1219 1220 1221 1222 1223 1224 1225 1226 1227 1228 1229]] [82 [1230 1231 1232 1233 1234 1235 1236 1237 1238 1239 1240 1241 1242 1243 1244]] [83 [1245 1246 1247 1248 1249 1250 1251 1252 1253 1254 1255 1256 1257 1258 1259]] [84 [1260 1261 1262 1263 1264 1265 1266 1267 1268 1269 1270 1271 1272 1273 1274]] [85 [1275 1276 1277 1278 1279 1280 1281 1282 1283 1284 1285 1287 1288 1289]] [86 [1290 1291 1292 1293 1295 1296 1297 1298 1299 1300 1301 1302 1303 1304]] [87 [1305 1306 1307 1308 1309 1310 1311 1312 1313 1314 1315 1316 1317 1318 1319]] [88 [1320 1321 1322 1324 1325 1326 1327 1328 1329 1330 1331 1332 1333 1334]] [89 [1335 1336 1337 1338 1339 1340 1342 1343 1344 1345 1346 1347 1348 1349]] [90 [1350 1351 1352 1353 1354 1355 1356 1357 1358 1359 1360 1361 1362 1363 1364]] [91 [1365 1366 1367 1368 1369 1370 1371 1372 1373 1374 1375 1376 1377 1378 1379]] [92 [1380 1381 1382 1383 1384 1385 1386 1387 1388 1389 1390 1391 1392 1393 1394]] [93 [1395 1396 1397 1398 1399 1400 1401 1402 1403 1404 1405 1406 1407 1408 1409]] [94 [1410 1411 1412 1413 1414 1415 1416 1417 1418 1419 1420 1421 1422 1423 1424]] [95 [1425 1426 1427 1428 1429 1430 1431 1432 1433 1434 1435 1436 1437 1438 1439]] [96 [1440 1441 1442 1443 1444 1445 1446 1447 1448 1449 1450 1451 1452 1453 1454]] [97 [1455 1456 1457 1458 1459 1460 1461 1462 1463 1464 1465 1466 1467 1468 1469]] [98 [1470 1471 1472 1473 1474 1475 1476 1477 1478 1479 1480 1481 1482 1483 1484]] [99 [1485 1486 1487 1488 1489 1490 1491 1492 1493 1494 1495 1496 1497 1498 1499]]]","[[0 [1 3 4 6 9 10 12 13]] [1 [16 17 18 19 20 21 22 24 25 26 28]] [2 [30 31 32 33 36 37 38 39 40 41 42 43 44]] [3 [45 46 47 48 50 51 52 53 54 55 56 58 59]] [4 [60 61 62 63 64 65 66 67 69 70 71 72 74]] [5 [77 78 79 80 82 84 85 86 89]] [6 [90 91 92 94 95 96 97 98 99 100 101 102 103 104]] [7 [106 107 110 111 112 113 114 115 116 117 118 119]] [8 [120 121 122 124 125 126 127 128 130 131 133 134]] [9 [136 137 138 140 141 142 143 144 145 146 148 149]] [10 [150 152 153 154 155 156 157 158 160 161 162 163]] [11 [165 166 167 168 169 170 171 173 174 176 177 178 179]] [12 [180 181 184 185 186 187 188 189 191 192 193]] [13 [195 196 197 198 199 200 201 202 203 204 206 207 208 209]] [14 [210 211 212 218 219 220 221 222 224]] [15 [225 226 228 229 230 231 232 233 234 235 236 237 238 239]] [16 [241 242 243 244 245 246 247 248 249 250 251 252 253 254]] [17 [255 256 257 258 259 260 261 262 265 267 268 269]] [18 [270 271 272 273 274 275 277 278 279 280 281 283 284]] [19 [285 286 287 288 289 290 291 292 293 294 296 297 298]] [20 [300 301 302 303 304 305 306 307 308 309 310 311]] [21 [315 317 318 319 320 321 322 323 324 325 327 328 329]] [22 [330 331 332 333 336 337 338 339 340 342 343 344]] [23 [345 346 347 348 349 350 351 352 353 354 355 356 359]] [24 [360 361 362 363 364 365 366 367 368 369 371 372 373 374]] [25 [378 381 382 383 385 386 388 389]] [26 [390 391 392 394 395 396 398 399 400 401 402 403 404]] [27 [406 407 408 409 411 412 413 414 415 416 418 419]] [28 [420 421 422 426 427 428 429 430 431 432 433 434]] [29 [435 436 437 438 439 440 441 442 443 444 448 449]] [30 [450 451 452 453 456 457 460 461 462 463 464]] [31 [467 468 469 470 471 472 473 474 475 476 477 478 479]] [32 [480 481 482 483 484 485 486 487 488 489 491 493 494]] [33 [496 497 498 499 500 501 502 504 505 506 508 509]] [34 [510 511 512 513 515 516 517 518 519 520 522 523 524]] [35 [525 526 527 528 531 532 533 534 535 536 537 538 539]] [36 [540 541 542 544 545 546 547 548 549 550 551 554]] [37 [555 556 557 558 560 561 562 563 564 565 567 568 569]] [38 [570 571 572 573 576 577 578 579 581 582 583 584]] [39 [585 586 587 588 589 590 592 593 594 595 596 598 599]] [40 [600 601 602 603 604 606 608 609 610 611 612 613 614]] [41 [615 616 617 618 619 620 621 622 624 626 627 628 629]] [42 [630 633 634 635 636 639 640 641 642 644]] [43 [645 647 648 649 651 652 653 655 656 657 659]] [44 [660 661 662 663 664 665 666 668 669 670 671 672 673 674]] [45 [675 676 677 678 679 680 683 684 685 686 687 688]] [46 [691 693 694 695 696 697 698 699 701 702 703 704]] [47 [705 706 707 708 709 710 711 712 713 715 717 719]] [48 [720 721 722 724 725 726 727 728 729 730 731 732 733 734]] [49 [735 736 737 738 739 740 741 742 743 744 745 746 747 748 749]] [50 [750 752 753 754 755 756 757 758 759 760 761 762 763 764]] [51 [765 766 767 768 770 772 773 774 776 777 778 779]] [52 [780 781 782 783 784 785 786 789 790 792 793]] [53 [797 798 799 800 801 802 803 804 806 807 808 809]] [54 [810 811 812 814 815 816 817 818 820 821 822 824]] [55 [825 826 827 828 829 830 831 832 833 834 835 836 838 839]] [56 [840 841 842 843 844 845 846 847 848 849 850 851 852 853 854]] [57 [856 857 858 859 860 861 862 866 867 868 869]] [58 [870 871 872 873 874 875 876 877 878 879 882 883 884]] [59 [885 886 887 888 889 890 891 892 893 894 895 896 897 898 899]] [60 [904 905 906 907 909 910 912 913]] [61 [915 916 917 918 919 920 921 922 923 924 925 926 928 929]] [62 [930 931 936 937 938 941 942 943 944]] [63 [945 946 950 951 952 953 954 956 957 958 959]] [64 [960 963 966 967 972 973 974]] [65 [975 977 978 979 980 981 983 984 985 986 987 988 989]] [66 [990 991 992 993 994 995 998 999 1000 1001 1002 1003 1004]] [67 [1005 1006 1007 1009 1010 1011 1012 1013 1014 1016 1017 1018 1019]] [68 [1020 1021 1022 1023 1024 1025 1026 1027 1028 1029 1031 1032 1033 1034]] [69 [1036 1037 1038 1043 1044 1046 1047 1048]] [70 [1051 1052 1053 1054 1055 1060 1061 1062 1063]] [71 [1065 1067 1068 1069 1071 1072 1073 1074 1075 1077 1078]] [72 [1080 1081 1082 1083 1084 1085 1087 1088 1089 1090 1092 1093 1094]] [73 [1095 1099 1100 1102 1103 1104 1105 1106 1107 1108 1109]] [74 [1111 1112 1113 1114 1115 1118 1119 1120 1121 1122 1123 1124]] [75 [1125 1126 1127 1128 1129 1130 1131 1133 1134 1135 1138 1139]] [76 [1140 1145 1146 1147 1148 1149 1150 1151 1152 1153]] [77 [1155 1156 1157 1158 1159 1160 1161 1163 1164 1165 1167]] [78 [1170 1171 1172 1174 1176 1178 1179 1180 1181 1182 1183]] [79 [1185 1186 1187 1188 1189 1191 1192 1194 1196 1197 1198 1199]] [80 [1200 1201 1203 1205 1206 1207 1208 1212 1213 1214]] [81 [1215 1217 1219 1220 1221 1224 1226 1227 1228 1229]] [82 [1230 1231 1232 1233 1234 1235 1237 1238 1239 1240 1241 1242 1243]] [83 [1246 1247 1248 1249 1250 1251 1252 1254 1255 1256 1258 1259]] [84 [1260 1261 1262 1263 1264 1265 1266 1267 1268 1272 1273 1274]] [85 [1275 1276 1277 1278 1279 1280 1281 1282 1283 1284 1285 1287 1288 1289]] [86 [1290 1291 1293 1296 1297 1298 1300 1301 1302 1303 1304]] [87 [1305 1306 1307 1308 1309 1310 1311 1312 1313 1314 1315 1316 1317 1318]] [88 [1320 1321 1322 1325 1326 1327 1328 1329 1330 1332 1333 1334]] [89 [1335 1337 1338 1339 1340 1342 1343 1345 1346 1347 1348]] [90 [1350 1351 1353 1354 1355 1356 1357 1360 1361 1362 1364]] [91 [1366 1367 1368 1369 1370 1371 1372 1373 1375 1376 1377 1378 1379]] [92 [1381 1382 1383 1384 1385 1386 1387 1388 1389 1390 1391 1393 1394]] [93 [1395 1396 1397 1398 1399 1400 1401 1402 1403 1404 1405 1406 1408 1409]] [94 [1410 1411 1412 1415 1416 1417 1418 1419 1420 1421 1422 1423 1424]] [95 [1426 1427 1428 1430 1431 1432 1433 1434 1435 1436 1438]] [96 [1440 1441 1442 1443 1444 1447 1448 1449 1450 1451 1452 1453 1454]] [97 [1455 1456 1457 1458 1459 1461 1462 1463 1464 1466 1467 1468 1469]] [98 [1470 1471 1472 1473 1474 1476 1477 1478 1479 1480 1482 1483 1484]] [99 [1485 1486 1487 1489 1490 1491 1492 1493 1494 1495 1496 1497 1499]]]",,"[[{citizen 21} [[""A"" [2 4]]]] [{citizen 24} [[""A"" [2 2]]]] [{citizen 28} [[""A"" [4 4]]]] [{citizen 31} [[""A"" [2 4]]]] [{citizen 38} [[""A"" [2 2]]]] [{citizen 42} [[""A"" [4 4]]]] [{citizen 45} [[""A"" [4 2]]]] [{media 50} [[""A"" [4 4]]]] [{media 51} [[""A"" [2 2]]]] [{media 53} [[""A"" [4 4]]]] [{media 55} [[""A"" [3 3]]]] [{media 56} [[""A"" [2 2]]]] [{media 57} [[""A"" [2 2]]]] [{media 60} [[""A"" [4 4]]]] [{media 61} [[""A"" [3 3]]]] [{media 62} [[""A"" [4 4]]]] [{media 64} [[""A"" [3 3]]]] [{citizen 4} [[""A"" [2 4]]]] [{citizen 0} [[""A"" [2 2]]]] [{citizen 9} [[""A"" [2 4]]]] [{citizen 3} [[""A"" [4 4]]]] [{citizen 6} [[""A"" [2 2]]]] [{citizen 49} [[""A"" [2 2]]]] [{citizen 1} [[""A"" [4 2]]]] [{citizen 32} [[""A"" [4 4]]]] [{citizen 15} [[""A"" [2 2]]]] [{citizen 17} [[""A"" [2 2]]]] [{citizen 16} [[""A"" [2 2]]]] [{citizen 44} [[""A"" [3 2]]]] [{citizen 43} [[""A"" [2 2]]]] [{media 63} [[""A"" [3 3]]]] [{citizen 25} [[""A"" [3 2]]]] [{citizen 48} [[""A"" [2 4]]]] [{citizen 7} [[""A"" [2 2]]]] [{citizen 5} [[""A"" [2 2]]]] [{citizen 41} [[""A"" [4 2]]]] [{citizen 12} [[""A"" [2 4]]]] [{citizen 20} [[""A"" [4 2]]]] [{citizen 22} [[""A"" [3 2]]]] [{citizen 19} [[""A"" [2 2]]]] [{citizen 47} [[""A"" [2 4]]]] [{citizen 33} [[""A"" [2 2]]]] [{citizen 10} [[""A"" [4 2]]]] [{citizen 29} [[""A"" [2 2]]]] [{citizen 26} [[""A"" [2 2]]]] [{citizen 37} [[""A"" [4 4]]]] [{citizen 18} [[""A"" [2 2]]]] [{citizen 40} [[""A"" [4 2]]]] [{citizen 46} [[""A"" [2 4]]]] [{citizen 2} [[""A"" [4 4]]]] [{citizen 34} [[""A"" [2 2]]]] [{citizen 14} [[""A"" [2 2]]]] [{citizen 8} [[""A"" [2 2]]]] [{citizen 35} [[""A"" [2 2]]]] [{citizen 23} [[""A"" [2 2]]]] [{citizen 36} [[""A"" [2 4]]]] [{media 54} [[""A"" [3 3]]]] [{citizen 39} [[""A"" [4 4]]]] [{citizen 27} [[""A"" [2 2]]]] [{media 52} [[""A"" [2 2]]]] [{media 59} [[""A"" [4 4]]]] [{citizen 30} [[""A"" [2 2]]]] [{media 58} [[""A"" [1 1]]]] [{citizen 11} [[""A"" [2 2]]]]]"
"14","[170 0 85]","66.12244897959184","13.238574157580222","5.649592617988867","""circle""","""""","9.9","{breed citizens}","false","0.5","1","""up""",,"[[""ID"" 17] [""alpha"" 1] [""beta"" 1] [""malleable"" [""A""]] [""prior"" []] [""cont_tokens"" []] [""A"" 2]]","[[0 [0 1 2 3 4 5 6 7 8 9 10 11 12 13]] [1 [15 16 17 18 19 20 21 22 23 24 25 26 27 28 29]] [2 [30 31 32 33 34 35 36 37 38 39 40 41 42 43 44]] [3 [45 46 47 48 49 50 51 52 53 54 55 56 57 58 59]] [4 [60 61 62 63 64 65 66 67 68 69 70 71 72 73 74]] [5 [75 76 77 78 79 80 81 82 83 84 85 86 87 88 89]] [6 [90 91 92 93 94 95 96 97 98 99 100 101 102 103 104]] [7 [105 106 107 108 109 110 111 112 113 114 115 116 117 118 119]] [8 [120 121 122 123 124 125 126 127 128 129 130 131 132 133 134]] [9 [135 136 137 138 139 140 141 142 143 144 145 146 147 148 149]] [10 [150 151 152 153 154 155 156 157 158 159 160 161 162 163 164]] [11 [165 166 167 168 169 170 171 172 173 174 175 176 177 178 179]] [12 [180 181 183 184 185 186 187 188 189 190 191 192 193 194]] [13 [195 196 197 198 199 200 201 202 203 204 205 206 207 208 209]] [14 [210 211 212 213 214 215 216 217 218 219 220 221 222 223 224]] [15 [225 226 227 228 229 230 231 232 233 234 235 236 237 238 239]] [16 [241 242 243 244 245 246 247 248 249 250 251 252 253 254]] [17 [255 256 257 258 259 260 261 262 263 264 265 266 267 268 269]] [18 [270 271 272 273 274 275 276 277 278 279 280 281 282 283 284]] [19 [285 286 287 288 289 290 291 292 293 294 295 296 297 298 299]] [20 [300 301 302 303 304 305 306 307 308 309 310 311 312 313 314]] [21 [315 316 317 318 319 320 321 322 323 324 325 326 327 328 329]] [22 [330 331 332 333 334 335 336 337 338 339 340 341 342 343 344]] [23 [345 346 347 348 349 350 351 352 353 354 355 356 357 358 359]] [24 [360 361 362 363 364 365 366 367 368 369 370 371 372 373 374]] [25 [375 376 377 378 379 380 381 382 383 384 385 386 387 388 389]] [26 [390 391 392 393 394 395 396 397 398 399 400 401 402 403 404]] [27 [405 406 407 408 409 410 411 412 413 414 415 416 417 418 419]] [28 [420 421 422 424 425 426 427 428 429 430 431 432 433 434]] [29 [435 436 437 438 439 440 441 442 443 444 445 446 447 448 449]] [30 [450 451 452 453 454 455 456 457 458 459 460 461 462 463 464]] [31 [465 466 467 468 469 470 471 472 473 474 475 476 477 478 479]] [32 [480 481 482 483 484 485 486 487 488 489 490 491 492 493 494]] [33 [495 496 497 498 499 500 501 502 503 504 505 506 507 508 509]] [34 [510 511 512 513 514 515 516 517 518 519 520 521 522 523 524]] [35 [525 526 527 528 529 530 531 532 533 534 535 536 537 538 539]] [36 [540 541 542 543 544 545 546 547 548 549 550 551 553 554]] [37 [555 556 557 558 559 560 561 562 563 564 565 566 567 568 569]] [38 [570 571 572 573 574 575 576 577 578 579 580 581 582 583 584]] [39 [585 586 587 588 589 590 592 593 594 595 596 597 598 599]] [40 [600 601 602 603 604 605 606 607 608 609 610 611 612 613 614]] [41 [615 616 617 618 619 620 621 622 623 624 626 627 628 629]] [42 [630 631 632 633 634 635 636 637 638 639 640 641 642 643 644]] [43 [645 646 647 648 649 650 651 652 653 654 655 656 657 658 659]] [44 [660 661 662 663 664 665 666 667 668 669 670 671 672 673 674]] [45 [675 676 677 678 679 680 681 682 683 684 685 686 687 688]] [46 [690 691 692 693 694 695 696 697 698 699 700 701 702 703 704]] [47 [705 706 707 708 709 710 711 712 713 715 716 717 718 719]] [48 [720 721 722 724 725 726 727 728 729 730 731 732 733 734]] [49 [735 736 737 738 739 740 741 742 743 744 745 746 747 748 749]] [50 [750 751 752 753 754 755 756 757 758 759 760 761 762 763 764]] [51 [765 766 767 768 769 770 771 772 773 774 775 776 777 778 779]] [52 [780 781 782 783 784 785 786 787 788 789 790 791 792 793 794]] [53 [795 796 797 798 799 800 801 802 803 804 805 806 807 808 809]] [54 [810 811 812 813 814 815 816 817 818 819 820 821 822 823 824]] [55 [825 826 827 828 829 830 831 832 833 834 835 836 837 838 839]] [56 [840 841 842 843 844 845 846 847 848 849 850 851 852 853 854]] [57 [855 856 857 858 859 860 861 862 863 864 865 866 867 868 869]] [58 [870 871 872 873 874 875 876 877 878 879 881 882 883 884]] [59 [885 886 887 888 889 890 891 892 893 894 895 896 897 898 899]] [60 [900 901 902 903 904 905 906 907 908 909 910 911 912 913 914]] [61 [915 916 917 918 919 920 921 922 923 924 925 926 927 928 929]] [62 [930 931 932 933 934 935 936 937 938 939 940 941 942 943 944]] [63 [945 946 948 949 950 951 952 953 954 955 956 957 958 959]] [64 [960 961 962 963 964 965 966 967 968 969 970 971 972 973 974]] [65 [975 976 977 978 979 980 981 982 983 984 985 986 987 988 989]] [66 [990 991 992 993 994 995 996 997 998 999 1000 1001 1002 1003 1004]] [67 [1005 1006 1007 1009 1010 1011 1012 1013 1014 1015 1016 1017 1018 1019]] [68 [1020 1021 1022 1023 1024 1025 1026 1027 1028 1029 1030 1031 1032 1033 1034]] [69 [1035 1036 1037 1038 1040 1042 1043 1044 1046 1047 1048]] [70 [1050 1051 1052 1053 1054 1055 1056 1057 1058 1059 1060 1061 1062 1063 1064]] [71 [1065 1066 1067 1068 1069 1070 1071 1072 1073 1074 1075 1076 1077 1078 1079]] [72 [1080 1081 1082 1083 1084 1085 1086 1087 1088 1089 1090 1091 1092 1093 1094]] [73 [1095 1096 1097 1098 1099 1100 1101 1102 1103 1104 1105 1106 1107 1108 1109]] [74 [1110 1111 1112 1113 1114 1115 1116 1117 1118 1119 1120 1121 1122 1123 1124]] [75 [1125 1126 1127 1128 1129 1130 1131 1132 1133 1134 1135 1136 1137 1138 1139]] [76 [1140 1141 1142 1143 1144 1145 1146 1147 1148 1149 1150 1151 1152 1153 1154]] [77 [1155 1156 1157 1158 1159 1160 1161 1162 1163 1164 1165 1166 1167 1168 1169]] [78 [1170 1171 1172 1173 1174 1175 1176 1177 1178 1179 1180 1181 1182 1183 1184]] [79 [1185 1186 1187 1188 1189 1190 1191 1192 1193 1194 1195 1196 1197 1198 1199]] [80 [1200 1201 1202 1203 1204 1205 1206 1207 1208 1209 1210 1211 1212 1213 1214]] [81 [1215 1216 1217 1218 1219 1220 1221 1222 1223 1224 1225 1226 1227 1228 1229]] [82 [1230 1231 1232 1233 1234 1235 1236 1237 1238 1239 1240 1241 1242 1243 1244]] [83 [1245 1246 1247 1248 1249 1250 1251 1252 1253 1254 1255 1256 1257 1258 1259]] [84 [1260 1261 1262 1263 1264 1265 1266 1267 1268 1269 1270 1271 1272 1273 1274]] [85 [1275 1276 1277 1278 1279 1280 1281 1282 1283 1284 1285 1287 1288 1289]] [86 [1290 1291 1292 1293 1295 1296 1297 1298 1299 1300 1301 1302 1303 1304]] [87 [1305 1306 1307 1308 1309 1310 1311 1312 1313 1314 1315 1316 1317 1318 1319]] [88 [1320 1321 1322 1324 1325 1326 1327 1328 1329 1330 1331 1332 1333 1334]] [89 [1335 1336 1337 1338 1339 1340 1342 1343 1344 1345 1346 1347 1348 1349]] [90 [1350 1351 1352 1353 1354 1355 1356 1357 1358 1359 1360 1361 1362 1363 1364]] [91 [1365 1366 1367 1368 1369 1370 1371 1372 1373 1374 1375 1376 1377 1378 1379]] [92 [1380 1381 1382 1383 1384 1385 1386 1387 1388 1389 1390 1391 1392 1393 1394]] [93 [1395 1396 1397 1398 1399 1400 1401 1402 1403 1404 1405 1406 1407 1408 1409]] [94 [1410 1411 1412 1413 1414 1415 1416 1417 1418 1419 1420 1421 1422 1423 1424]] [95 [1425 1426 1427 1428 1429 1430 1431 1432 1433 1434 1435 1436 1437 1438 1439]] [96 [1440 1441 1442 1443 1444 1445 1446 1447 1448 1449 1450 1451 1452 1453 1454]] [97 [1455 1456 1457 1458 1459 1460 1461 1462 1463 1464 1465 1466 1467 1468 1469]] [98 [1470 1471 1472 1473 1474 1475 1476 1477 1478 1479 1480 1481 1482 1483 1484]] [99 [1485 1486 1487 1488 1489 1490 1491 1492 1493 1494 1495 1496 1497 1498 1499]]]","[[0 [1 2 3 4 5 6 7 8 9 10 12 13]] [1 [16 17 18 19 20 21 22 23 24 25 27 28]] [2 [30 31 32 33 36 37 38 39 40 41 42 44]] [3 [45 46 47 48 49 50 51 52 53 54 55 56 58 59]] [4 [60 61 62 63 64 65 66 70 71 72 73 74]] [5 [75 76 77 78 79 80 82 84 85 86 89]] [6 [90 91 92 94 95 96 98 99 100 101 102 103 104]] [7 [106 107 108 109 110 111 112 115 116 117 118 119]] [8 [120 121 122 123 125 126 128 129 130 131 133 134]] [9 [136 137 138 139 140 141 142 143 144 145 146 148 149]] [10 [150 152 153 154 155 156 158 159 162 163 164]] [11 [165 166 167 171 172 173 174 175 176 177 178 179]] [12 [180 181 183 184 185 186 187 188 189 191 192 193]] [13 [195 196 197 198 199 200 201 202 203 204 206 208 209]] [14 [210 211 212 213 214 215 216 217 218 220 221 222 223 224]] [15 [225 226 227 228 229 230 231 232 233 234 235 236 237 238 239]] [16 [241 242 243 244 245 246 247 248 249 250 251 252 254]] [17 [255 256 257 258 259 260 261 262 263 264 265 267 268 269]] [18 [270 272 273 274 275 277 278 279 280 281 282 283 284]] [19 [285 286 287 288 289 290 291 292 293 294 296 297 298 299]] [20 [301 302 303 304 306 307 308 309 310 311 313 314]] [21 [315 316 319 320 321 324 325 327 328 329]] [22 [330 331 332 333 334 335 336 337 338 339 340 342 343 344]] [23 [345 347 348 349 350 352 353 354 355 356 359]] [24 [360 361 363 364 365 366 367 368 369 370 371]] [25 [375 376 377 378 379 380 381 382 383 384 385 386 387 388 389]] [26 [390 391 393 394 395 397 398 399 400 401 402 403 404]] [27 [405 406 407 408 409 415 416 418 419]] [28 [420 421 422 424 425 426 427 428 429 430 432 433 434]] [29 [435 436 437 438 439 441 442 443 444 445 446 447]] [30 [450 451 452 453 456 457 458 460 461 462 463 464]] [31 [466 467 468 469 470 471 472 473 474 475 476 477 478 479]] [32 [480 481 482 483 484 485 486 487 488 489 490 491 493 494]] [33 [495 496 497 498 499 500 501 502 503 504 505 506 508 509]] [34 [510 511 512 513 515 516 517 518 519 520 521 523 524]] [35 [525 526 527 528 529 530 532 533 534 535 536 537 538 539]] [36 [540 542 543 544 545 546 547 548 549 550 551 553]] [37 [555 556 558 559 560 561 563 564 565 566 567 568 569]] [38 [570 572 573 574 575 576 577 578 579 581 582 583 584]] [39 [585 586 587 588 589 590 592 593 594 595 596 598 599]] [40 [600 601 602 603 605 606 607 608 609 610 611 612 613 614]] [41 [615 616 617 618 619 620 621 623 624 626 627 628 629]] [42 [630 631 632 633 634 635 636 637 638 639 640 641 642 643 644]] [43 [645 647 648 649 651 652 653 654 655 656 657]] [44 [660 661 662 663 664 665 666 668 670 671 672 673 674]] [45 [675 676 677 678 679 680 681 682 683 684 685 686 687 688]] [46 [690 691 692 694 695 696 697 698 699 700 703 704]] [47 [705 706 707 708 710 711 712 713 715 716 717 718 719]] [48 [720 721 722 724 725 726 727 728 729 730 731 732 733 734]] [49 [735 737 738 740 741 742 743 744 745 746 747 748 749]] [50 [751 752 753 754 755 756 757 758 759 760 761 762 763 764]] [51 [765 766 767 768 770 772 773 774 776 777 778 779]] [52 [780 781 782 783 784 785 786 788 789 790 791 792 793]] [53 [796 798 799 800 801 802 803 804 805 806 809]] [54 [810 811 812 814 815 816 817 819 820 823 824]] [55 [825 826 827 828 829 830 831 832 833 834 835 836]] [56 [843 844 845 846 847 850 851 852 853 854]] [57 [856 857 858 859 860 862 863 864 865 866 867 868 869]] [58 [870 872 873 874 875 876 877 878 879 882 883 884]] [59 [885 886 887 892 893 894 895 896 897 898 899]] [60 [900 901 902 903 905 906 907 908 909 910 911 912 913 914]] [61 [915 916 917 919 920 921 922 923 924 925 926 927 929]] [62 [930 932 933 934 935 936 937 938 941 942 943 944]] [63 [945 946 950 951 952 953 954 955 956 957 958 959]] [64 [960 961 962 963 964 965 966 968 969 970 971 972 973 974]] [65 [975 977 978 979 980 981 982 983 984 985 988 989]] [66 [990 991 992 993 994 995 998 999 1000 1001 1002 1003 1004]] [67 [1006 1007 1009 1010 1011 1012 1013 1014 1015 1016 1017 1018]] [68 [1020 1021 1022 1023 1024 1025 1026 1027 1028 1029 1031 1032 1033 1034]] [69 [1036 1037 1038 1040 1042 1043 1044 1046 1047 1048]] [70 [1050 1051 1052 1053 1054 1055 1061 1062 1063]] [71 [1065 1068 1069 1070 1071 1073 1074 1075 1076 1077 1078 1079]] [72 [1080 1081 1082 1083 1084 1086 1088 1089 1090 1092 1093 1094]] [73 [1095 1096 1097 1098 1099 1100 1103 1104 1105 1106 1107 1108 1109]] [74 [1110 1111 1113 1114 1115 1116 1117 1119 1120 1121 1122 1123 1124]] [75 [1125 1126 1127 1128 1129 1130 1131 1132 1134 1135 1138 1139]] [76 [1140 1141 1142 1143 1144 1146 1147 1148 1149 1150 1151 1152 1153]] [77 [1155 1156 1157 1158 1159 1160 1161 1162 1163 1164 1165 1166 1167 1168 1169]] [78 [1170 1171 1172 1173 1174 1175 1176 1177 1178 1179 1180 1181 1182 1183 1184]] [79 [1187 1188 1189 1190 1192 1193 1195 1196 1197 1198]] [80 [1200 1201 1202 1203 1204 1205 1206 1207 1208 1211 1213 1214]] [81 [1215 1217 1218 1222 1223 1224 1225 1226 1227 1228 1229]] [82 [1230 1231 1232 1233 1234 1235 1236 1237 1238 1240 1241 1242 1243]] [83 [1246 1247 1248 1249 1250 1251 1252 1254 1256 1257 1259]] [84 [1260 1261 1262 1263 1264 1265 1266 1267 1268 1270 1271 1272 1273 1274]] [85 [1276 1277 1278 1279 1280 1281 1282 1283 1284 1285 1287 1288 1289]] [86 [1290 1291 1293 1295 1296 1297 1298 1299 1300 1301 1302 1303 1304]] [87 [1305 1306 1307 1308 1309 1310 1311 1312 1314 1315 1316 1317 1318]] [88 [1320 1321 1324 1326 1327 1328 1329 1330 1331 1333 1334]] [89 [1335 1337 1338 1339 1340 1342 1343 1344 1345 1346 1347 1348 1349]] [90 [1351 1353 1354 1355 1356 1357 1358 1359 1360 1361 1362]] [91 [1365 1366 1367 1368 1369 1370 1371 1372 1373 1374 1379]] [92 [1380 1381 1382 1383 1384 1385 1386 1387 1388 1389 1390 1391 1393 1394]] [93 [1395 1396 1397 1399 1400 1401 1402 1403 1404 1405 1406 1408 1409]] [94 [1410 1411 1412 1414 1415 1416 1418 1419 1420 1421 1422 1423]] [95 [1425 1426 1427 1428 1430 1431 1432 1433 1434 1435 1437 1438]] [96 [1440 1441 1442 1443 1444 1447 1448 1449 1450 1451 1452 1453 1454]] [97 [1455 1456 1457 1459 1460 1461 1463 1464 1467 1468 1469]] [98 [1470 1471 1472 1473 1474 1476 1477 1481 1483 1484]] [99 [1485 1486 1487 1489 1490 1491 1492 1493 1494 1495 1496 1497 1498]]]",,"[[{media 50} [[""A"" [4 4]]]] [{media 51} [[""A"" [2 2]]]] [{media 53} [[""A"" [4 4]]]] [{media 55} [[""A"" [3 3]]]] [{media 56} [[""A"" [2 2]]]] [{media 57} [[""A"" [2 2]]]] [{media 60} [[""A"" [4 4]]]] [{media 61} [[""A"" [3 3]]]] [{media 62} [[""A"" [4 4]]]] [{media 64} [[""A"" [3 3]]]] [{citizen 4} [[""A"" [2 2]]]] [{citizen 12} [[""A"" [2 4]]]] [{media 63} [[""A"" [3 3]]]] [{citizen 1} [[""A"" [4 2]]]] [{citizen 5} [[""A"" [2 2]]]] [{citizen 9} [[""A"" [2 4]]]] [{media 54} [[""A"" [3 3]]]] [{media 52} [[""A"" [2 2]]]] [{citizen 3} [[""A"" [2 4]]]] [{media 58} [[""A"" [1 1]]]] [{citizen 49} [[""A"" [2 2]]]] [{citizen 32} [[""A"" [2 4]]]] [{citizen 15} [[""A"" [2 2]]]] [{citizen 0} [[""A"" [2 2]]]] [{citizen 17} [[""A"" [3 2]]]] [{citizen 16} [[""A"" [2 4]]]] [{citizen 44} [[""A"" [2 2]]]] [{citizen 2} [[""A"" [2 4]]]] [{citizen 37} [[""A"" [4 4]]]] [{citizen 26} [[""A"" [2 2]]]] [{citizen 29} [[""A"" [2 2]]]] [{citizen 25} [[""A"" [2 2]]]] [{citizen 48} [[""A"" [2 2]]]] [{citizen 31} [[""A"" [4 2]]]] [{citizen 43} [[""A"" [2 2]]]] [{citizen 21} [[""A"" [4 4]]]] [{citizen 7} [[""A"" [2 2]]]] [{citizen 41} [[""A"" [4 2]]]] [{citizen 20} [[""A"" [2 4]]]] [{citizen 22} [[""A"" [2 2]]]] [{citizen 19} [[""A"" [2 2]]]] [{citizen 47} [[""A"" [2 4]]]] [{citizen 33} [[""A"" [2 4]]]] [{citizen 10} [[""A"" [4 2]]]] [{citizen 6} [[""A"" [2 2]]]] [{citizen 24} [[""A"" [2 2]]]] [{citizen 23} [[""A"" [2 2]]]] [{citizen 34} [[""A"" [2 4]]]] [{citizen 46} [[""A"" [2 4]]]] [{citizen 39} [[""A"" [4 4]]]] [{citizen 35} [[""A"" [2 2]]]] [{citizen 13} [[""A"" [2 4]]]] [{citizen 38} [[""A"" [4 2]]]] [{citizen 45} [[""A"" [4 2]]]] [{citizen 28} [[""A"" [2 4]]]] [{citizen 40} [[""A"" [4 2]]]] [{citizen 18} [[""A"" [2 2]]]] [{citizen 27} [[""A"" [2 2]]]] [{citizen 36} [[""A"" [2 2]]]] [{citizen 42} [[""A"" [2 4]]]] [{media 59} [[""A"" [4 4]]]] [{citizen 8} [[""A"" [2 2]]]] [{citizen 30} [[""A"" [2 2]]]] [{citizen 11} [[""A"" [4 2]]]]]"
"15","[85 0 170]","209.3877551020408","-2.900402635525757","-5.996536548276291","""circle""","""""","9.9","{breed citizens}","false","0.5","1","""up""",,"[[""ID"" 44] [""alpha"" 1] [""beta"" 1] [""malleable"" [""A""]] [""prior"" []] [""cont_tokens"" []] [""A"" 4]]","[[0 [0 1 3 4 5 6 9 10 12 13]] [1 [15 16 17 18 19 20 21 22 23 24 25 26 27 28 29]] [2 [30 31 32 33 34 35 36 37 38 39 40 41 42 43 44]] [3 [45 46 47 48 49 50 51 52 53 54 55 56 57 58 59]] [4 [60 61 62 63 64 65 66 67 68 69 70 71 72 73 74]] [5 [75 76 77 78 79 80 81 82 83 84 85 86 87 88 89]] [6 [90 91 92 93 94 95 96 97 98 99 100 101 102 103 104]] [7 [105 106 107 108 109 110 111 112 113 114 115 116 117 118 119]] [8 [120 121 122 123 124 125 126 127 128 129 130 131 132 133 134]] [9 [135 136 137 138 139 140 141 142 143 144 145 146 147 148 149]] [10 [150 151 152 153 154 155 156 157 158 159 160 161 162 163 164]] [11 [165 166 167 168 169 170 171 172 173 174 175 176 177 178 179]] [12 [180 181 183 184 185 186 187 188 189 190 191 192 193 194]] [13 [195 196 197 198 199 200 201 202 203 204 205 206 207 208 209]] [14 [210 211 212 213 214 215 216 217 218 219 220 221 222 223 224]] [15 [225 226 227 228 229 230 231 232 233 234 235 236 237 238 239]] [16 [241 242 243 244 245 246 247 248 249 250 251 252 253 254]] [17 [255 256 257 258 259 260 261 262 263 264 265 266 267 268 269]] [18 [270 271 272 273 274 275 276 277 278 279 280 281 282 283 284]] [19 [285 286 287 288 289 290 291 292 293 294 295 296 297 298 299]] [20 [300 301 302 303 304 305 306 307 308 309 310 311 312 313 314]] [21 [315 316 317 318 319 320 321 322 323 324 325 326 327 328 329]] [22 [330 331 332 333 334 335 336 337 338 339 340 341 342 343 344]] [23 [345 346 347 348 349 350 351 352 353 354 355 356 357 358 359]] [24 [360 361 362 363 364 365 366 367 368 369 370 371 372 373 374]] [25 [375 376 377 378 379 380 381 382 383 384 385 386 387 388 389]] [26 [390 391 392 393 394 395 396 397 398 399 400 401 402 403 404]] [27 [405 406 407 408 409 410 411 412 413 414 415 416 417 418 419]] [28 [420 421 422 424 425 426 427 428 429 430 431 432 433 434]] [29 [435 436 437 438 439 440 441 442 443 444 445 446 447 448 449]] [30 [450 451 452 453 454 455 456 457 458 459 460 461 462 463 464]] [31 [465 466 467 468 469 470 471 472 473 474 475 476 477 478 479]] [32 [480 481 482 483 484 485 486 487 488 489 490 491 492 493 494]] [33 [495 496 497 498 499 500 501 502 503 504 505 506 507 508 509]] [34 [510 511 512 513 514 515 516 517 518 519 520 521 522 523 524]] [35 [525 526 527 528 529 530 531 532 533 534 535 536 537 538 539]] [36 [540 541 542 543 544 545 546 547 548 549 550 551 553 554]] [37 [555 556 557 558 559 560 561 562 563 564 565 566 567 568 569]] [38 [570 571 572 573 574 575 576 577 578 579 580 581 582 583 584]] [39 [585 586 587 588 589 590 592 593 594 595 596 597 598 599]] [40 [600 601 602 603 604 605 606 607 608 609 610 611 612 613 614]] [41 [615 616 617 618 619 620 621 622 623 624 626 627 628 629]] [42 [630 631 632 633 634 635 636 637 638 639 640 641 642 643 644]] [43 [645 646 647 648 649 650 651 652 653 654 655 656 657 658 659]] [44 [660 661 662 663 664 665 666 667 668 669 670 671 672 673 674]] [45 [675 676 677 678 679 680 681 682 683 684 685 686 687 688]] [46 [690 691 692 693 694 695 696 697 698 699 700 701 702 703 704]] [47 [705 706 707 708 709 710 711 712 713 715 716 717 718 719]] [48 [720 721 722 724 725 726 727 728 729 730 731 732 733 734]] [49 [735 736 737 738 739 740 741 742 743 744 745 746 747 748 749]] [50 [750 751 752 753 754 755 756 757 758 759 760 761 762 763 764]] [51 [765 766 767 768 769 770 771 772 773 774 775 776 777 778 779]] [52 [780 781 782 783 784 785 786 787 788 789 790 791 792 793 794]] [53 [795 796 797 798 799 800 801 802 803 804 805 806 807 808 809]] [54 [810 811 812 813 814 815 816 817 818 819 820 821 822 823 824]] [55 [825 826 827 828 829 830 831 832 833 834 835 836 837 838 839]] [56 [840 841 842 843 844 845 846 847 848 849 850 851 852 853 854]] [57 [855 856 857 858 859 860 861 862 863 864 865 866 867 868 869]] [58 [870 871 872 873 874 875 876 877 878 879 881 882 883 884]] [59 [885 886 887 888 889 890 891 892 893 894 895 896 897 898 899]] [60 [900 901 902 903 904 905 906 907 908 909 910 911 912 913 914]] [61 [915 916 917 918 919 920 921 922 923 924 925 926 927 928 929]] [62 [930 931 932 933 934 935 936 937 938 939 940 941 942 943 944]] [63 [945 946 948 949 950 951 952 953 954 955 956 957 958 959]] [64 [960 961 962 963 964 965 966 967 968 969 970 971 972 973 974]] [65 [975 976 977 978 979 980 981 982 983 984 985 986 987 988 989]] [66 [990 991 992 993 994 995 996 997 998 999 1000 1001 1002 1003 1004]] [67 [1005 1006 1007 1009 1010 1011 1012 1013 1014 1015 1016 1017 1018 1019]] [68 [1020 1021 1022 1023 1024 1025 1026 1027 1028 1029 1030 1031 1032 1033 1034]] [69 [1035 1036 1037 1038 1040 1042 1043 1044 1046 1047 1048]] [70 [1050 1051 1052 1053 1054 1055 1056 1057 1058 1059 1060 1061 1062 1063 1064]] [71 [1065 1066 1067 1068 1069 1070 1071 1072 1073 1074 1075 1076 1077 1078 1079]] [72 [1080 1081 1082 1083 1084 1085 1086 1087 1088 1089 1090 1091 1092 1093 1094]] [73 [1095 1096 1097 1098 1099 1100 1101 1102 1103 1104 1105 1106 1107 1108 1109]] [74 [1110 1111 1112 1113 1114 1115 1116 1117 1118 1119 1120 1121 1122 1123 1124]] [75 [1125 1126 1127 1128 1129 1130 1131 1132 1133 1134 1135 1136 1137 1138 1139]] [76 [1140 1141 1142 1143 1144 1145 1146 1147 1148 1149 1150 1151 1152 1153 1154]] [77 [1155 1156 1157 1158 1159 1160 1161 1162 1163 1164 1165 1166 1167 1168 1169]] [78 [1170 1171 1172 1173 1174 1175 1176 1177 1178 1179 1180 1181 1182 1183 1184]] [79 [1185 1186 1187 1188 1189 1190 1191 1192 1193 1194 1195 1196 1197 1198 1199]] [80 [1200 1201 1202 1203 1204 1205 1206 1207 1208 1209 1210 1211 1212 1213 1214]] [81 [1215 1216 1217 1218 1219 1220 1221 1222 1223 1224 1225 1226 1227 1228 1229]] [82 [1230 1231 1232 1233 1234 1235 1236 1237 1238 1239 1240 1241 1242 1243 1244]] [83 [1245 1246 1247 1248 1249 1250 1251 1252 1253 1254 1255 1256 1257 1258 1259]] [84 [1260 1261 1262 1263 1264 1265 1266 1267 1268 1269 1270 1271 1272 1273 1274]] [85 [1275 1276 1277 1278 1279 1280 1281 1282 1283 1284 1285 1287 1288 1289]] [86 [1290 1291 1292 1293 1295 1296 1297 1298 1299 1300 1301 1302 1303 1304]] [87 [1305 1306 1307 1308 1309 1310 1311 1312 1313 1314 1315 1316 1317 1318 1319]] [88 [1320 1321 1322 1324 1325 1326 1327 1328 1329 1330 1331 1332 1333 1334]] [89 [1335 1336 1337 1338 1339 1340 1342 1343 1344 1345 1346 1347 1348 1349]] [90 [1350 1351 1352 1353 1354 1355 1356 1357 1358 1359 1360 1361 1362 1363 1364]] [91 [1365 1366 1367 1368 1369 1370 1371 1372 1373 1374 1375 1376 1377 1378 1379]] [92 [1380 1381 1382 1383 1384 1385 1386 1387 1388 1389 1390 1391 1392 1393 1394]] [93 [1395 1396 1397 1398 1399 1400 1401 1402 1403 1404 1405 1406 1407 1408 1409]] [94 [1410 1411 1412 1413 1414 1415 1416 1417 1418 1419 1420 1421 1422 1423 1424]] [95 [1425 1426 1427 1428 1429 1430 1431 1432 1433 1434 1435 1436 1437 1438 1439]] [96 [1440 1441 1442 1443 1444 1445 1446 1447 1448 1449 1450 1451 1452 1453 1454]] [97 [1455 1456 1457 1458 1459 1460 1461 1462 1463 1464 1465 1466 1467 1468 1469]] [98 [1470 1471 1472 1473 1474 1475 1476 1477 1478 1479 1480 1481 1482 1483 1484]] [99 [1485 1486 1487 1488 1489 1490 1491 1492 1493 1494 1495 1496 1497 1498 1499]]]","[[0 [0 1 3 4 5 6 10 12]] [1 [15 16 17 18 19 20 21 22 24 25 26]] [2 [31 32 33 36 37 38 39 40 41 42 44]] [3 [45 46 47 48 49 50 51 52 53 54 55 56 58 59]] [4 [60 61 62 63 64 65 66 67 68 69 70 71 72 73 74]] [5 [75 76 77 78 79 80 81 83 84 85 87 88]] [6 [90 91 92 94 95 96 97 98 99 100 101 102 103 104]] [7 [106 107 108 109 110 111 112 114 116 117 118 119]] [8 [120 121 122 123 127 128 129 130 131 133 134]] [9 [135 136 137 138 141 142 143 144 145 146 148 149]] [10 [150 152 153 154 155 156 158 159 162 164]] [11 [165 166 167 168 169 170 171 173 174 176 177 178 179]] [12 [180 181 184 185 186 187 188 189 191 192 193 194]] [13 [196 197 199 200 201 202 203 204 205 206 207 208 209]] [14 [210 211 212 213 214 215 216 217 219 220 221 222 223 224]] [15 [225 226 228 229 230 231 232 233 234 235 236 237 238 239]] [16 [241 242 243 244 245 246 247 248 249 250 251 252 253]] [17 [255 256 257 258 259 260 261 263 264 266 267 268 269]] [18 [270 271 273 274 275 277 278 279 280 281 283 284]] [19 [285 286 287 288 289 290 291 292 293 294 296 297 298]] [20 [300 301 302 303 304 306 307 308 309 310 311 313 314]] [21 [315 317 318 320 321 322 323 324 326 327 328 329]] [22 [330 331 332 333 336 337 338 339 340 342 343 344]] [23 [345 347 348 349 350 351 352 353 354 355 356 357 358]] [24 [361 362 365 366 367 368 369 370 372 373 374]] [25 [378 379 380 381 382 383 385 386 387 389]] [26 [390 391 393 395 396 397 398 399 400 401 402 403 404]] [27 [405 406 407 408 409 415 416 418 419]] [28 [420 421 422 424 425 427 428 429 430 431 432 433 434]] [29 [435 437 438 439 440 441 442 443 444 445 446 447 449]] [30 [450 451 452 453 454 455 456 457 458 460 461 462 463 464]] [31 [465 466 467 468 469 470 471 472 473 474 475 476 477 478 479]] [32 [480 481 482 483 484 486 487 488 489 491 492 493]] [33 [495 496 497 498 499 500 501 502 504 505 506 507]] [34 [510 511 512 513 515 516 517 518 519 520 521 522]] [35 [526 527 528 531 532 533 534 535 536 537 538 539]] [36 [540 542 543 544 545 546 547 548 549 550 551 553 554]] [37 [555 556 558 559 560 561 563 564 565 567 568 569]] [38 [570 573 575 576 577 578 579 581 582 583 584]] [39 [585 586 587 588 589 590 592 593 594 595 596 597 598 599]] [40 [600 601 602 603 605 606 607 609 610 611 612 613 614]] [41 [615 616 618 619 620 621 622 624 626 627 628 629]] [42 [630 634 635 637 638 639 640 641 642 643 644]] [43 [645 646 648 649 651 652 653 655 656 657 659]] [44 [661 662 663 665 666 668 669 670 671 673 674]] [45 [675 676 677 678 679 680 681 682 683 685 686 687 688]] [46 [691 692 694 695 696 697 698 699 701 702 703 704]] [47 [705 706 707 708 710 711 712 713 715 716 717 719]] [48 [721 722 724 725 726 727 728 729 730 731 732 733]] [49 [736 737 738 739 740 741 742 743 744 745 746 747 748 749]] [50 [750 751 752 753 754 755 756 757 758 759 760 761 762 763 764]] [51 [765 766 767 768 769 770 772 773 774]] [52 [781 782 783 784 785 786 787 788 789 791 792 793 794]] [53 [795 796 798 799 800 801 802 803 804 805 806 807 808 809]] [54 [810 811 812 813 814 815 816 817 818 819 820 822 824]] [55 [825 827 829 830 831 832 833 834 835 836 838 839]] [56 [840 841 842 843 844 845 846 847 849 850 851 852 853 854]] [57 [856 857 858 859 862 863 864 865 866 867 868 869]] [58 [870 871 873 874 875 876 877 878 879 882 883 884]] [59 [885 886 887 889 890 891 892 893 894 895 896 897 898]] [60 [900 901 902 903 904 905 906 907 908 909 910 912 913 914]] [61 [915 916 917 919 920 921 923 924 925 926 927]] [62 [930 932 933 934 935 936 937 938 940 941 942 943 944]] [63 [945 946 948 949 950 951 952 953 954 956 957 958 959]] [64 [960 962 963 966 967 968 969 970 971 972 973 974]] [65 [975 976 977 978 979 980 981 982 983 984 985 986 987 988 989]] [66 [990 991 992 993 994 995 998 999 1000 1003 1004]] [67 [1005 1006 1007 1009 1010 1011 1012 1013 1015 1016 1017 1018 1019]] [68 [1020 1021 1022 1023 1024 1025 1026 1028 1029 1031 1032 1033 1034]] [69 [1037 1038 1040 1042 1043 1044 1046 1047 1048]] [70 [1051 1052 1053 1054 1055 1060 1061 1062 1063]] [71 [1065 1067 1068 1069 1070 1072 1073 1074 1075 1077 1078]] [72 [1080 1081 1082 1083 1084 1085 1087 1088 1089 1090 1093 1094]] [73 [1095 1096 1097 1098 1099 1101 1102 1103 1104 1105 1106 1107 1108]] [74 [1110 1111 1113 1114 1115 1118 1119 1120 1121 1122 1123]] [75 [1125 1126 1127 1128 1129 1130 1131 1132 1134 1135 1138 1139]] [76 [1140 1141 1143 1144 1146 1147 1148 1149 1150 1151 1152 1153 1154]] [77 [1155 1156 1157 1158 1159 1160 1161 1163 1165 1167 1168 1169]] [78 [1170 1171 1172 1173 1174 1175 1177 1178 1179 1180 1181 1182 1183]] [79 [1185 1186 1187 1188 1189 1190 1192 1193 1195 1196 1197 1199]] [80 [1200 1201 1202 1203 1205 1206 1207 1208 1209 1210 1211 1213 1214]] [81 [1215 1216 1219 1220 1221 1222 1223 1224 1225 1226 1227 1228 1229]] [82 [1230 1231 1232 1233 1234 1235 1237 1238 1239 1240 1241 1242 1243]] [83 [1246 1247 1248 1249 1250 1251 1252 1254 1255 1257 1258 1259]] [84 [1260 1261 1262 1263 1264 1265 1266 1267 1268 1270 1271 1272 1273 1274]] [85 [1276 1277 1278 1279 1280 1281 1282 1283 1284 1285 1287 1288 1289]] [86 [1290 1291 1293 1295 1296 1297 1298 1300 1301 1302 1303 1304]] [87 [1305 1306 1307 1308 1309 1310 1311 1312 1314 1315 1316 1317 1318]] [88 [1320 1321 1324 1325 1326 1327 1328 1329 1330 1332 1333 1334]] [89 [1335 1337 1339 1340 1342 1343 1344 1345 1346 1347 1348]] [90 [1350 1351 1352 1354 1355 1356 1357 1358 1359 1360 1361 1362]] [91 [1365 1366 1367 1368 1369 1370 1371 1372 1373 1374 1377 1378]] [92 [1380 1381 1382 1383 1384 1385 1386 1387 1388 1389 1390 1391 1393 1394]] [93 [1395 1396 1397 1399 1401 1402 1403 1404 1405 1406 1408 1409]] [94 [1410 1411 1412 1414 1415 1416 1417 1418 1419 1420 1421 1422 1423]] [95 [1425 1426 1427 1428 1429 1430 1431 1432 1433 1434 1435 1436 1437 1438]] [96 [1440 1441 1442 1443 1444 1448 1449 1451 1452 1453 1454]] [97 [1455 1457 1459 1461 1463 1464 1465 1466 1467 1468 1469]] [98 [1470 1471 1472 1473 1474 1476 1477 1478 1479 1480 1482 1483 1484]] [99 [1485 1486 1487 1489 1490 1491 1492 1493 1494 1495 1496 1497 1499]]]",,"[[{citizen 18} [[""A"" [3 2]]]] [{citizen 33} [[""A"" [2 4]]]] [{citizen 37} [[""A"" [4 4]]]] [{media 50} [[""A"" [4 4]]]] [{media 51} [[""A"" [2 2]]]] [{media 53} [[""A"" [4 4]]]] [{media 55} [[""A"" [3 3]]]] [{media 56} [[""A"" [2 2]]]] [{media 57} [[""A"" [2 2]]]] [{media 60} [[""A"" [4 4]]]] [{media 61} [[""A"" [3 3]]]] [{media 62} [[""A"" [4 4]]]] [{media 64} [[""A"" [3 3]]]] [{citizen 3} [[""A"" [4 4]]]] [{citizen 9} [[""A"" [4 4]]]] [{citizen 0} [[""A"" [3 2]]]] [{citizen 4} [[""A"" [2 4]]]] [{citizen 6} [[""A"" [2 2]]]] [{citizen 49} [[""A"" [2 4]]]] [{citizen 1} [[""A"" [4 2]]]] [{citizen 32} [[""A"" [4 4]]]] [{media 63} [[""A"" [3 3]]]] [{citizen 25} [[""A"" [2 2]]]] [{citizen 48} [[""A"" [2 4]]]] [{citizen 31} [[""A"" [2 4]]]] [{citizen 43} [[""A"" [2 2]]]] [{citizen 21} [[""A"" [4 4]]]] [{citizen 7} [[""A"" [2 2]]]] [{citizen 5} [[""A"" [2 2]]]] [{citizen 41} [[""A"" [2 4]]]] [{citizen 12} [[""A"" [2 4]]]] [{citizen 20} [[""A"" [4 4]]]] [{citizen 22} [[""A"" [3 2]]]] [{citizen 19} [[""A"" [3 2]]]] [{citizen 47} [[""A"" [4 4]]]] [{citizen 10} [[""A"" [4 2]]]] [{citizen 24} [[""A"" [3 2]]]] [{citizen 29} [[""A"" [4 3]]]] [{citizen 26} [[""A"" [3 2]]]] [{citizen 44} [[""A"" [2 2]]]] [{citizen 14} [[""A"" [2 4]]]] [{citizen 38} [[""A"" [4 2]]]] [{citizen 8} [[""A"" [4 2]]]] [{citizen 35} [[""A"" [2 4]]]] [{citizen 13} [[""A"" [4 4]]]] [{citizen 28} [[""A"" [4 4]]]] [{citizen 40} [[""A"" [2 4]]]] [{citizen 46} [[""A"" [2 4]]]] [{citizen 45} [[""A"" [4 2]]]] [{media 54} [[""A"" [3 3]]]] [{citizen 34} [[""A"" [4 4]]]] [{citizen 17} [[""A"" [3 2]]]] [{citizen 39} [[""A"" [4 4]]]] [{citizen 2} [[""A"" [4 4]]]] [{citizen 42} [[""A"" [4 4]]]] [{citizen 23} [[""A"" [2 2]]]] [{citizen 27} [[""A"" [2 2]]]] [{media 52} [[""A"" [2 2]]]] [{citizen 36} [[""A"" [2 4]]]] [{media 59} [[""A"" [4 4]]]] [{citizen 30} [[""A"" [2 2]]]] [{media 58} [[""A"" [1 1]]]] [{citizen 16} [[""A"" [3 4]]]] [{citizen 11} [[""A"" [2 4]]]]]"
"16","[170 0 85]","227.75510204081633","-5.22924082956608","-4.764473715862174","""circle""","""""","9.9","{breed citizens}","false","0.5","1","""up""",,"[[""ID"" 41] [""alpha"" 1] [""beta"" 1] [""malleable"" [""A""]] [""prior"" []] [""cont_tokens"" []] [""A"" 2]]","[[0 [0 1 3 4 5 6 9 10 12 13]] [1 [15 16 17 18 19 20 21 22 23 24 25 26 27 28 29]] [2 [30 31 32 33 34 35 36 37 38 39 40 41 42 43 44]] [3 [45 46 47 48 49 50 51 52 53 54 55 56 57 58 59]] [4 [60 61 62 63 64 65 66 67 68 69 70 71 72 73 74]] [5 [75 76 77 78 79 80 81 82 83 84 85 86 87 88 89]] [6 [90 91 92 93 94 95 96 97 98 99 100 101 102 103 104]] [7 [105 106 107 108 109 110 111 112 113 114 115 116 117 118 119]] [8 [120 121 122 123 124 125 126 127 128 129 130 131 132 133 134]] [9 [135 136 137 138 139 140 141 142 143 144 145 146 147 148 149]] [10 [150 151 152 153 154 155 156 157 158 159 160 161 162 163 164]] [11 [165 166 167 168 169 170 171 172 173 174 175 176 177 178 179]] [12 [180 181 183 184 185 186 187 188 189 190 191 192 193 194]] [13 [195 196 197 198 199 200 201 202 203 204 205 206 207 208 209]] [14 [210 211 212 213 214 215 216 217 218 219 220 221 222 223 224]] [15 [225 226 227 228 229 230 231 232 233 234 235 236 237 238 239]] [16 [241 242 243 244 245 246 247 248 249 250 251 252 253 254]] [17 [255 256 257 258 259 260 261 262 263 264 265 266 267 268 269]] [18 [270 271 272 273 274 275 276 277 278 279 280 281 282 283 284]] [19 [285 286 287 288 289 290 291 292 293 294 295 296 297 298 299]] [20 [300 301 302 303 304 305 306 307 308 309 310 311 312 313 314]] [21 [315 316 317 318 319 320 321 322 323 324 325 326 327 328 329]] [22 [330 331 332 333 334 335 336 337 338 339 340 341 342 343 344]] [23 [345 346 347 348 349 350 351 352 353 354 355 356 357 358 359]] [24 [360 361 362 363 364 365 366 367 368 369 370 371 372 373 374]] [25 [375 376 377 378 379 380 381 382 383 384 385 386 387 388 389]] [26 [390 391 392 393 394 395 396 397 398 399 400 401 402 403 404]] [27 [405 406 407 408 409 410 411 412 413 414 415 416 417 418 419]] [28 [420 421 422 424 425 426 427 428 429 430 431 432 433 434]] [29 [435 436 437 438 439 440 441 442 443 444 445 446 447 448 449]] [30 [450 451 452 453 454 455 456 457 458 459 460 461 462 463 464]] [31 [465 466 467 468 469 470 471 472 473 474 475 476 477 478 479]] [32 [480 481 482 483 484 485 486 487 488 489 490 491 492 493 494]] [33 [495 496 497 498 499 500 501 502 503 504 505 506 507 508 509]] [34 [510 511 512 513 514 515 516 517 518 519 520 521 522 523 524]] [35 [525 526 527 528 529 530 531 532 533 534 535 536 537 538 539]] [36 [540 541 542 543 544 545 546 547 548 549 550 551 553 554]] [37 [555 556 557 558 559 560 561 562 563 564 565 566 567 568 569]] [38 [570 571 572 573 574 575 576 577 578 579 581 582 583 584]] [39 [585 586 587 588 589 590 592 593 594 595 596 597 598 599]] [40 [600 601 602 603 604 605 606 607 608 609 610 611 612 613 614]] [41 [615 616 617 618 619 620 621 622 623 624 626 627 628 629]] [42 [630 631 632 633 634 635 636 637 638 639 640 641 642 643 644]] [43 [645 646 647 648 649 650 651 652 653 654 655 656 657 658 659]] [44 [660 661 662 663 664 665 666 667 668 669 670 671 672 673 674]] [45 [675 676 677 678 679 680 681 682 683 684 685 686 687 688]] [46 [690 691 692 693 694 695 696 697 698 699 700 701 702 703 704]] [47 [705 706 707 708 709 710 711 712 713 715 716 717 718 719]] [48 [720 721 722 724 725 726 727 728 729 730 731 732 733 734]] [49 [735 736 737 738 739 740 741 742 743 744 745 746 747 748 749]] [50 [750 751 752 753 754 755 756 757 758 759 760 761 762 763 764]] [51 [765 766 767 768 769 770 771 772 773 774 775 776 777 778 779]] [52 [780 781 782 783 784 785 786 787 788 789 790 791 792 793 794]] [53 [795 796 797 798 799 800 801 802 803 804 805 806 807 808 809]] [54 [810 811 812 813 814 815 816 817 818 819 820 821 822 823 824]] [55 [825 826 827 828 829 830 831 832 833 834 835 836 837 838 839]] [56 [840 841 842 843 844 845 846 847 848 849 850 851 852 853 854]] [57 [855 856 857 858 859 860 861 862 863 864 865 866 867 868 869]] [58 [870 871 872 873 874 875 876 877 878 879 881 882 883 884]] [59 [885 886 887 888 889 890 891 892 893 894 895 896 897 898 899]] [60 [900 901 902 903 904 905 906 907 908 909 910 911 912 913 914]] [61 [915 916 917 918 919 920 921 922 923 924 925 926 927 928 929]] [62 [930 931 932 933 934 935 936 937 938 939 940 941 942 943 944]] [63 [945 946 948 949 950 951 952 953 954 955 956 957 958 959]] [64 [960 961 962 963 964 965 966 967 968 969 970 971 972 973 974]] [65 [975 976 977 978 979 980 981 982 983 984 985 986 987 988 989]] [66 [990 991 992 993 994 995 996 997 998 999 1000 1001 1002 1003 1004]] [67 [1005 1006 1007 1009 1010 1011 1012 1013 1014 1015 1016 1017 1018 1019]] [68 [1020 1021 1022 1023 1024 1025 1026 1027 1028 1029 1030 1031 1032 1033 1034]] [69 [1035 1036 1037 1038 1040 1042 1043 1044 1046 1047 1048]] [70 [1050 1051 1052 1053 1054 1055 1056 1057 1058 1059 1060 1061 1062 1063 1064]] [71 [1065 1066 1067 1068 1069 1070 1071 1072 1073 1074 1075 1076 1077 1078 1079]] [72 [1080 1081 1082 1083 1084 1085 1086 1087 1088 1089 1090 1091 1092 1093 1094]] [73 [1095 1096 1097 1098 1099 1100 1101 1102 1103 1104 1105 1106 1107 1108 1109]] [74 [1110 1111 1112 1113 1114 1115 1116 1117 1118 1119 1120 1121 1122 1123 1124]] [75 [1125 1126 1127 1128 1129 1130 1131 1132 1133 1134 1135 1136 1137 1138 1139]] [76 [1140 1141 1142 1143 1144 1145 1146 1147 1148 1149 1150 1151 1152 1153 1154]] [77 [1155 1156 1157 1158 1159 1160 1161 1162 1163 1164 1165 1166 1167 1168 1169]] [78 [1170 1171 1172 1173 1174 1175 1176 1177 1178 1179 1180 1181 1182 1183 1184]] [79 [1185 1186 1187 1188 1189 1190 1191 1192 1193 1194 1195 1196 1197 1198 1199]] [80 [1200 1201 1202 1203 1204 1205 1206 1207 1208 1209 1210 1211 1212 1213 1214]] [81 [1215 1216 1217 1218 1219 1220 1221 1222 1223 1224 1225 1226 1227 1228 1229]] [82 [1230 1231 1232 1233 1234 1235 1236 1237 1238 1239 1240 1241 1242 1243 1244]] [83 [1245 1246 1247 1248 1249 1250 1251 1252 1253 1254 1255 1256 1257 1258 1259]] [84 [1260 1261 1262 1263 1264 1265 1266 1267 1268 1269 1270 1271 1272 1273 1274]] [85 [1275 1276 1277 1278 1279 1280 1281 1282 1283 1284 1285 1287 1288 1289]] [86 [1290 1291 1292 1293 1295 1296 1297 1298 1299 1300 1301 1302 1303 1304]] [87 [1305 1306 1307 1308 1309 1310 1311 1312 1313 1314 1315 1316 1317 1318 1319]] [88 [1320 1321 1322 1324 1325 1326 1327 1328 1329 1330 1331 1332 1333 1334]] [89 [1335 1336 1337 1338 1339 1340 1342 1343 1344 1345 1346 1347 1348 1349]] [90 [1350 1351 1352 1353 1354 1355 1356 1357 1358 1359 1360 1361 1362 1363 1364]] [91 [1365 1366 1367 1368 1369 1370 1371 1372 1373 1374 1375 1376 1377 1378 1379]] [92 [1380 1381 1382 1383 1384 1385 1386 1387 1388 1389 1390 1391 1392 1393 1394]] [93 [1395 1396 1397 1398 1399 1400 1401 1402 1403 1404 1405 1406 1407 1408 1409]] [94 [1410 1411 1412 1413 1414 1415 1416 1417 1418 1419 1420 1421 1422 1423 1424]] [95 [1425 1426 1427 1428 1429 1430 1431 1432 1433 1434 1435 1436 1437 1438 1439]] [96 [1440 1441 1442 1443 1444 1445 1446 1447 1448 1449 1450 1451 1452 1453 1454]] [97 [1455 1456 1457 1458 1459 1460 1461 1462 1463 1464 1465 1466 1467 1468 1469]] [98 [1470 1471 1472 1473 1474 1475 1476 1477 1478 1479 1480 1481 1482 1483 1484]] [99 [1485 1486 1487 1488 1489 1490 1491 1492 1493 1494 1495 1496 1497 1498 1499]]]","[[0 [0 4 5 6 9 10 12 13]] [1 [15 16 17 18 19 20 21 22 23 24 25 26 28 29]] [2 [30 31 32 33 36 37 38 39 40 41 42 44]] [3 [45 46 47 48 50 51 52 53 54 55 56 57 59]] [4 [60 61 62 63 64 65 66 67 68 69 70 71 72 73 74]] [5 [77 78 79 81 82 84 85 86 87 88]] [6 [90 91 92 94 95 96 97 98 99 100 101 102 103 104]] [7 [106 107 108 109 110 111 112 113 114 115 116 117 118 119]] [8 [120 121 122 123 124 125 126 128 130 131 133 134]] [9 [136 137 138 141 142 143 144 145 146 148 149]] [10 [150 152 153 154 155 156 158 160 161 162 164]] [11 [165 166 167 168 169 170 171 173 174 176 177 178 179]] [12 [180 181 183 184 185 186 187 188 189 190 191 192 193]] [13 [195 196 197 199 200 201 202 203 204 206 207]] [14 [210 211 213 214 215 216 217 218 220 221 222 224]] [15 [225 226 228 229 230 231 232 233 234 235 236 237 238 239]] [16 [241 242 243 244 245 246 247 248 249 250 251 252 254]] [17 [255 256 257 258 259 260 261 263 264 265 267 268 269]] [18 [270 272 273 275 277 278 279 280 281 282 283 284]] [19 [285 286 287 288 289 290 291 292 293 294 296 297 298 299]] [20 [301 302 303 304 306 307 308 309 312 313 314]] [21 [315 316 319 320 321 322 323 324 325 327 328 329]] [22 [330 331 332 333 335 336 337 338 339 340 342 343 344]] [23 [345 347 348 349 351 352 353 354 355 356 359]] [24 [360 361 362 363 364 365 366 367 368 369 371 373 374]] [25 [378 379 380 381 382 383 386 387 388 389]] [26 [390 391 392 394 395 396 400 401 402 403 404]] [27 [405 406 407 408 409 414 415 416 417 418 419]] [28 [420 421 422 424 425 426 427 428 429 430 431 432 433 434]] [29 [435 436 437 438 439 440 441 442 443 444 445 446 447 449]] [30 [450 451 452 453 454 455 456 457 458 460 461 462 463 464]] [31 [465 466 467 468 469 470 471 472 473 474 475 476 477]] [32 [480 481 482 483 484 485 486 487 488 489 491 493 494]] [33 [496 497 498 499 500 501 502 504 505 506 508 509]] [34 [510 511 512 513 514 515 516 517 518 519 520 522 523 524]] [35 [525 526 527 528 529 530 532 533 534 535 536 537 538 539]] [36 [541 542 543 544 545 546 547 548 549 550 551 553 554]] [37 [555 556 557 558 560 561 562 563 564 565 566 567 568]] [38 [570 573 574 575 576 577 578 579 581 582 583 584]] [39 [585 586 587 588 589 590 592 593 594 595 596 598 599]] [40 [600 601 602 603 605 606 608 609 610 611 612 613 614]] [41 [615 616 617 618 619 620 621 623 624 626 627 628 629]] [42 [630 633 634 635 637 638 639 640 641 642 643 644]] [43 [645 646 647 648 649 651 652 653 654 655 656 657 658 659]] [44 [662 663 665 666 668 670 671 672 673 674]] [45 [675 676 677 678 679 680 681 682 683 685 686 687 688]] [46 [690 691 693 695 696 697 698 699 700 701 702 703 704]] [47 [705 706 707 709 710 711 712 713 715 716 717 718 719]] [48 [721 722 724 725 726 727 728 729 730 731 732 733 734]] [49 [735 737 738 739 740 741 742 743 744 745 746 747 748 749]] [50 [750 752 753 755 756 757 758 759 760 761 762 763 764]] [51 [765 766 767 768 769 770 772 773 774 778 779]] [52 [780 781 782 783 784 785 786 787 788 789 790 792 793]] [53 [796 797 798 799 800 801 802 803 805 806 809]] [54 [810 811 812 813 814 815 816 817 818 819 820 821 822 823 824]] [55 [825 826 827 829 830 831 832 833 835 836 839]] [56 [840 841 842 843 844 845 846 847 849 850 851 852 853 854]] [57 [856 857 858 859 860 861 863 864 865 866 867 868 869]] [58 [870 872 873 874 875 876 877 878 879 881 882 883 884]] [59 [885 886 887 888 889 890 891 892 893 896 897 898]] [60 [900 901 902 903 904 905 906 907 908 909 910 911 912 913]] [61 [915 916 917 919 920 921 923 924 925 926 927]] [62 [931 935 936 937 938 940 942 943 944]] [63 [945 946 950 951 952 953 954 956 957 958 959]] [64 [960 961 962 963 964 965 966 967 972 973 974]] [65 [975 976 978 979 980 981 983 984 985 986 987 989]] [66 [990 991 992 993 994 995 997 998 999 1000 1001 1002 1003 1004]] [67 [1006 1007 1009 1010 1011 1012 1014 1015 1016 1017 1018 1019]] [68 [1020 1022 1023 1024 1026 1028 1029 1030 1031 1032 1033 1034]] [69 [1036 1037 1038 1040 1042 1043 1044 1046 1047 1048]] [70 [1051 1052 1053 1054 1055 1062 1063]] [71 [1065 1067 1068 1069 1070 1072 1073 1074 1075 1077 1078 1079]] [72 [1080 1081 1082 1083 1084 1085 1087 1088 1089 1090 1092 1093 1094]] [73 [1096 1097 1098 1099 1101 1102 1103 1104 1105 1106 1107 1108 1109]] [74 [1110 1111 1112 1113 1114 1115 1118 1119 1120 1121 1122 1123]] [75 [1125 1126 1127 1128 1129 1130 1131 1133 1134 1135 1138 1139]] [76 [1140 1141 1143 1144 1146 1147 1148 1149 1152 1153 1154]] [77 [1155 1156 1157 1158 1159 1160 1161 1163 1165 1166 1167 1168 1169]] [78 [1170 1171 1172 1173 1174 1175 1176 1178 1179 1180 1181 1182 1183 1184]] [79 [1186 1187 1188 1189 1191 1192 1193 1195 1196 1197 1198]] [80 [1200 1201 1203 1205 1206 1207 1208 1211 1213 1214]] [81 [1215 1216 1217 1219 1220 1221 1222 1223 1224 1225 1226 1227 1228 1229]] [82 [1230 1231 1232 1233 1234 1235 1237 1238 1239 1240 1241 1242 1243]] [83 [1246 1247 1248 1249 1250 1251 1252 1254 1255 1257 1258 1259]] [84 [1260 1261 1262 1263 1264 1265 1266 1267 1268 1272 1273 1274]] [85 [1276 1277 1278 1279 1280 1281 1282 1283 1284 1285 1287 1288 1289]] [86 [1290 1291 1293 1295 1296 1297 1298 1299 1300 1301 1304]] [87 [1305 1306 1307 1308 1309 1310 1311 1312 1313 1314 1315 1316 1317 1318]] [88 [1320 1321 1322 1325 1326 1327 1328 1329 1330 1331 1333 1334]] [89 [1335 1336 1338 1340 1342 1343 1344 1345 1346 1347 1348]] [90 [1350 1351 1353 1354 1355 1356 1357 1358 1359 1360 1363 1364]] [91 [1365 1366 1367 1368 1369 1370 1371 1372 1373 1374 1377 1378 1379]] [92 [1380 1381 1382 1383 1384 1385 1386 1387 1388 1389 1390 1391 1393 1394]] [93 [1395 1396 1397 1398 1399 1400 1401 1402 1403 1404 1405 1406 1408]] [94 [1410 1411 1412 1415 1416 1418 1419 1420 1421 1422 1423 1424]] [95 [1425 1426 1427 1428 1429 1430 1431 1432 1433 1434 1435 1437 1438]] [96 [1440 1441 1442 1443 1444 1445 1446 1447 1448 1449 1451 1452 1453 1454]] [97 [1455 1456 1457 1458 1459 1460 1461 1462 1463 1464 1466 1467 1468 1469]] [98 [1470 1471 1472 1473 1474 1476 1477 1478 1479 1480 1481 1482 1484]] [99 [1485 1486 1487 1489 1490 1491 1492 1494 1495 1496 1497 1498]]]",,"[[{citizen 44} [[""A"" [2 2]]]] [{media 50} [[""A"" [4 4]]]] [{media 51} [[""A"" [2 2]]]] [{media 53} [[""A"" [4 4]]]] [{media 55} [[""A"" [3 3]]]] [{media 56} [[""A"" [2 2]]]] [{media 57} [[""A"" [2 2]]]] [{media 60} [[""A"" [4 4]]]] [{media 61} [[""A"" [3 3]]]] [{media 62} [[""A"" [4 4]]]] [{media 64} [[""A"" [3 3]]]] [{citizen 4} [[""A"" [2 4]]]] [{citizen 12} [[""A"" [2 4]]]] [{citizen 3} [[""A"" [2 4]]]] [{citizen 9} [[""A"" [2 4]]]] [{citizen 49} [[""A"" [2 2]]]] [{citizen 1} [[""A"" [4 2]]]] [{citizen 32} [[""A"" [4 4]]]] [{citizen 15} [[""A"" [2 2]]]] [{citizen 0} [[""A"" [2 2]]]] [{citizen 17} [[""A"" [2 2]]]] [{media 63} [[""A"" [3 3]]]] [{citizen 25} [[""A"" [2 2]]]] [{citizen 48} [[""A"" [2 4]]]] [{citizen 31} [[""A"" [2 2]]]] [{citizen 43} [[""A"" [2 2]]]] [{citizen 21} [[""A"" [2 4]]]] [{citizen 7} [[""A"" [2 2]]]] [{citizen 5} [[""A"" [2 2]]]] [{citizen 41} [[""A"" [4 2]]]] [{citizen 20} [[""A"" [4 2]]]] [{citizen 22} [[""A"" [2 2]]]] [{citizen 19} [[""A"" [2 2]]]] [{citizen 47} [[""A"" [2 4]]]] [{citizen 33} [[""A"" [2 2]]]] [{citizen 10} [[""A"" [4 2]]]] [{citizen 6} [[""A"" [2 2]]]] [{citizen 24} [[""A"" [2 2]]]] [{citizen 29} [[""A"" [2 2]]]] [{citizen 26} [[""A"" [2 2]]]] [{citizen 37} [[""A"" [4 4]]]] [{citizen 18} [[""A"" [2 2]]]] [{citizen 28} [[""A"" [2 4]]]] [{citizen 40} [[""A"" [4 2]]]] [{citizen 46} [[""A"" [2 4]]]] [{citizen 2} [[""A"" [4 4]]]] [{citizen 34} [[""A"" [2 2]]]] [{citizen 13} [[""A"" [2 4]]]] [{citizen 14} [[""A"" [2 2]]]] [{citizen 38} [[""A"" [2 2]]]] [{citizen 8} [[""A"" [2 2]]]] [{citizen 35} [[""A"" [2 2]]]] [{citizen 23} [[""A"" [2 2]]]] [{media 54} [[""A"" [3 3]]]] [{citizen 39} [[""A"" [4 4]]]] [{citizen 45} [[""A"" [4 2]]]] [{citizen 42} [[""A"" [2 4]]]] [{citizen 30} [[""A"" [2 2]]]] [{citizen 27} [[""A"" [2 2]]]] [{media 52} [[""A"" [2 2]]]] [{citizen 36} [[""A"" [2 2]]]] [{media 59} [[""A"" [4 4]]]] [{media 58} [[""A"" [1 1]]]] [{citizen 11} [[""A"" [4 2]]]]]"
"17","[170 0 85]","238.77551020408163","-5.884419977888797","-3.9318297832430313","""circle""","""""","9.9","{breed citizens}","false","0.5","1","""up""",,"[[""ID"" 22] [""alpha"" 1] [""beta"" 1] [""malleable"" [""A""]] [""prior"" []] [""cont_tokens"" []] [""A"" 2]]","[[0 [0 1 3 4 5 6 9 10 12 13]] [1 [15 16 17 18 19 20 21 22 23 24 25 26 27 28 29]] [2 [30 31 32 33 34 35 36 37 38 39 40 41 42 43 44]] [3 [45 46 47 48 49 50 51 52 53 54 55 56 57 58 59]] [4 [60 61 62 63 64 65 66 67 68 69 70 71 72 73 74]] [5 [75 76 77 78 79 80 81 82 83 84 85 86 87 88 89]] [6 [90 91 92 93 94 95 96 97 98 99 100 101 102 103 104]] [7 [105 106 107 108 109 110 111 112 113 114 115 116 117 118 119]] [8 [120 121 122 123 124 125 126 127 128 129 130 131 132 133 134]] [9 [135 136 137 138 139 140 141 142 143 144 145 146 147 148 149]] [10 [150 151 152 153 154 155 156 157 158 159 160 161 162 163 164]] [11 [165 166 167 168 169 170 171 172 173 174 175 176 177 178 179]] [12 [180 181 183 184 185 186 187 188 189 190 191 192 193 194]] [13 [195 196 197 198 199 200 201 202 203 204 205 206 207 208 209]] [14 [210 211 212 213 214 215 216 217 218 219 220 221 222 223 224]] [15 [225 226 227 228 229 230 231 232 233 234 235 236 237 238 239]] [16 [241 242 243 244 245 246 247 248 249 250 251 252 253 254]] [17 [255 256 257 258 259 260 261 262 263 264 265 266 267 268 269]] [18 [270 271 272 273 274 275 276 277 278 279 280 281 282 283 284]] [19 [285 286 287 288 289 290 291 292 293 294 295 296 297 298 299]] [20 [300 301 302 303 304 305 306 307 308 309 310 311 312 313 314]] [21 [315 316 317 318 319 320 321 322 323 324 325 326 327 328 329]] [22 [330 331 332 333 334 335 336 337 338 339 340 341 342 343 344]] [23 [345 346 347 348 349 350 351 352 353 354 355 356 357 358 359]] [24 [360 361 362 363 364 365 366 367 368 369 370 371 372 373 374]] [25 [375 376 377 378 379 380 381 382 383 384 385 386 387 388 389]] [26 [390 391 392 393 394 395 396 397 398 399 400 401 402 403 404]] [27 [405 406 407 408 409 410 411 412 413 414 415 416 417 418 419]] [28 [420 421 422 424 425 426 427 428 429 430 431 432 433 434]] [29 [435 436 437 438 439 440 441 442 443 444 445 446 447 448 449]] [30 [450 451 452 453 454 455 456 457 458 459 460 461 462 463 464]] [31 [465 466 467 468 469 470 471 472 473 474 475 476 477 478 479]] [32 [480 481 482 483 484 485 486 487 488 489 490 491 492 493 494]] [33 [495 496 497 498 499 500 501 502 503 504 505 506 507 508 509]] [34 [510 511 512 513 514 515 516 517 518 519 520 521 522 523 524]] [35 [525 526 527 528 529 530 531 532 533 534 535 536 537 538 539]] [36 [540 541 542 543 544 545 546 547 548 549 550 551 553 554]] [37 [555 556 557 558 559 560 561 562 563 564 565 566 567 568 569]] [38 [570 571 572 573 574 575 576 577 578 579 580 581 582 583 584]] [39 [585 586 587 588 589 590 592 593 594 595 596 597 598 599]] [40 [600 601 602 603 604 605 606 607 608 609 610 611 612 613 614]] [41 [615 616 617 618 619 620 621 622 623 624 626 627 628 629]] [42 [630 631 632 633 634 635 636 637 638 639 640 641 642 643 644]] [43 [645 646 647 648 649 650 651 652 653 654 655 656 657 658 659]] [44 [660 661 662 663 664 665 666 667 668 669 670 671 672 673 674]] [45 [675 676 677 678 679 680 681 682 683 684 685 686 687 688]] [46 [690 691 692 693 694 695 696 697 698 699 700 701 702 703 704]] [47 [705 706 707 708 709 710 711 712 713 715 716 717 718 719]] [48 [720 721 722 724 725 726 727 728 729 730 731 732 733 734]] [49 [735 736 737 738 739 740 741 742 743 744 745 746 747 748 749]] [50 [750 751 752 753 754 755 756 757 758 759 760 761 762 763 764]] [51 [765 766 767 768 769 770 771 772 773 774 775 776 777 778 779]] [52 [780 781 782 783 784 785 786 787 788 789 790 791 792 793 794]] [53 [795 796 797 798 799 800 801 802 803 804 805 806 807 808 809]] [54 [810 811 812 813 814 815 816 817 818 819 820 821 822 823 824]] [55 [825 826 827 828 829 830 831 832 833 834 835 836 837 838 839]] [56 [840 841 842 843 844 845 846 847 848 849 850 851 852 853 854]] [57 [855 856 857 858 859 860 861 862 863 864 865 866 867 868 869]] [58 [870 871 872 873 874 875 876 877 878 879 881 882 883 884]] [59 [885 886 887 888 889 890 891 892 893 894 895 896 897 898 899]] [60 [900 901 902 903 904 905 906 907 908 909 910 911 912 913 914]] [61 [915 916 917 918 919 920 921 922 923 924 925 926 927 928 929]] [62 [930 931 932 933 934 935 936 937 938 939 940 941 942 943 944]] [63 [945 946 948 949 950 951 952 953 954 955 956 957 958 959]] [64 [960 961 962 963 964 965 966 967 968 969 970 971 972 973 974]] [65 [975 976 977 978 979 980 981 982 983 984 985 986 987 988 989]] [66 [990 991 992 993 994 995 996 997 998 999 1000 1001 1002 1003 1004]] [67 [1005 1006 1007 1009 1010 1011 1012 1013 1014 1015 1016 1017 1018 1019]] [68 [1020 1021 1022 1023 1024 1025 1026 1027 1028 1029 1030 1031 1032 1033 1034]] [69 [1035 1036 1037 1038 1040 1042 1043 1044 1046 1047 1048]] [70 [1050 1051 1052 1053 1054 1055 1056 1057 1058 1059 1060 1061 1062 1063 1064]] [71 [1065 1066 1067 1068 1069 1070 1071 1072 1073 1074 1075 1076 1077 1078 1079]] [72 [1080 1081 1082 1083 1084 1085 1086 1087 1088 1089 1090 1091 1092 1093 1094]] [73 [1095 1096 1097 1098 1099 1100 1101 1102 1103 1104 1105 1106 1107 1108 1109]] [74 [1110 1111 1112 1113 1114 1115 1116 1117 1118 1119 1120 1121 1122 1123 1124]] [75 [1125 1126 1127 1128 1129 1130 1131 1132 1133 1134 1135 1136 1137 1138 1139]] [76 [1140 1141 1142 1143 1144 1145 1146 1147 1148 1149 1150 1151 1152 1153 1154]] [77 [1155 1156 1157 1158 1159 1160 1161 1162 1163 1164 1165 1166 1167 1168 1169]] [78 [1170 1171 1172 1173 1174 1175 1176 1177 1178 1179 1180 1181 1182 1183 1184]] [79 [1185 1186 1187 1188 1189 1190 1191 1192 1193 1194 1195 1196 1197 1198 1199]] [80 [1200 1201 1202 1203 1204 1205 1206 1207 1208 1209 1210 1211 1212 1213 1214]] [81 [1215 1216 1217 1218 1219 1220 1221 1222 1223 1224 1225 1226 1227 1228 1229]] [82 [1230 1231 1232 1233 1234 1235 1236 1237 1238 1239 1240 1241 1242 1243 1244]] [83 [1245 1246 1247 1248 1249 1250 1251 1252 1253 1254 1255 1256 1257 1258 1259]] [84 [1260 1261 1262 1263 1264 1265 1266 1267 1268 1269 1270 1271 1272 1273 1274]] [85 [1275 1276 1277 1278 1279 1280 1281 1282 1283 1284 1285 1287 1288 1289]] [86 [1290 1291 1292 1293 1295 1296 1297 1298 1299 1300 1301 1302 1303 1304]] [87 [1305 1306 1307 1308 1309 1310 1311 1312 1313 1314 1315 1316 1317 1318 1319]] [88 [1320 1321 1322 1324 1325 1326 1327 1328 1329 1330 1331 1332 1333 1334]] [89 [1335 1336 1337 1338 1339 1340 1342 1343 1344 1345 1346 1347 1348 1349]] [90 [1350 1351 1352 1353 1354 1355 1356 1357 1358 1359 1360 1361 1362 1363 1364]] [91 [1365 1366 1367 1368 1369 1370 1371 1372 1373 1374 1375 1376 1377 1378 1379]] [92 [1380 1381 1382 1383 1384 1385 1386 1387 1388 1389 1390 1391 1392 1393 1394]] [93 [1395 1396 1397 1398 1399 1400 1401 1402 1403 1404 1405 1406 1407 1408 1409]] [94 [1410 1411 1412 1413 1414 1415 1416 1417 1418 1419 1420 1421 1422 1423 1424]] [95 [1425 1426 1427 1428 1429 1430 1431 1432 1433 1434 1435 1436 1437 1438 1439]] [96 [1440 1441 1442 1443 1444 1445 1446 1447 1448 1449 1450 1451 1452 1453 1454]] [97 [1455 1456 1457 1458 1459 1460 1461 1462 1463 1464 1465 1466 1467 1468 1469]] [98 [1470 1471 1472 1473 1474 1475 1476 1477 1478 1479 1480 1481 1482 1483 1484]] [99 [1485 1486 1487 1488 1489 1490 1491 1492 1493 1494 1495 1496 1497 1498 1499]]]","[[0 [1 3 4 5 6 9 10 12]] [1 [15 18 19 20 21 22 24 25 26 28 29]] [2 [30 31 32 34 35 36 37 38 39 40 41 42 43 44]] [3 [45 46 47 48 51 52 53 54 55 56 58 59]] [4 [60 61 62 63 64 65 66 67 68 69 70 71 72 73 74]] [5 [75 76 77 78 79 80 81 82 83 84 85 86 87 88 89]] [6 [90 91 92 94 95 96 97 98 99 100 101 103 104]] [7 [106 107 108 109 110 111 112 113 114 115 116 117 118 119]] [8 [120 121 122 123 125 126 127 129 130 131 133 134]] [9 [135 136 137 138 141 142 143 144 145 146]] [10 [151 152 153 154 155 157 158 160 161 162 163]] [11 [165 166 167 168 169 170 171 172 173 174 175 176 177 178 179]] [12 [180 181 183 185 186 187 188 189 190 191 192 193]] [13 [195 196 197 198 199 200 201 202 203 204 205 207 208 209]] [14 [210 211 213 214 215 216 217 218 219 220 221 222 224]] [15 [225 226 228 229 230 231 232 233 234 236 238 239]] [16 [241 242 243 244 245 246 247 248 249 250 251 252 254]] [17 [255 256 257 258 259 260 261 263 264 266 268 269]] [18 [270 271 272 273 274 275 277 278 279 280 281 283 284]] [19 [285 286 287 288 289 290 291 292 293 294 295 296 297 298 299]] [20 [300 301 302 303 304 307 308 309 312 313 314]] [21 [315 316 319 320 321 322 323 324 325 327 328 329]] [22 [330 331 332 333 334 335 336 337 338 339 341 342 343 344]] [23 [345 346 347 348 349 351 352 353 354 355 356 359]] [24 [360 361 362 363 364 365 366 367 368 369 370 371 372 373 374]] [25 [378 379 380 381 382 383 384 385 386 388 389]] [26 [390 391 393 394 395 397 398 399 400 401 402 403 404]] [27 [406 407 408 409 414 415 416 418 419]] [28 [420 421 422 426 427 428 429 430 432 433 434]] [29 [435 438 439 440 441 442 443 444 446 447]] [30 [450 451 452 453 454 455 456 457 458 459 461 462 463 464]] [31 [465 466 467 468 469 470 472 473 474 475 476 477 478 479]] [32 [480 481 482 483 484 486 488 489 490 491 492 493 494]] [33 [496 497 498 499 500 501 502 503 504 505 506 507]] [34 [514 515 516 517 518 519 520 521 522]] [35 [526 527 528 529 530 531 532 533 534 535 536 537 539]] [36 [540 541 542 543 544 545 546 547 548 549 550 551 554]] [37 [555 556 558 560 561 564 565 567 568 569]] [38 [570 571 572 573 574 575 576 577 578 579 581 582 583 584]] [39 [585 586 587 589 590 592 593 594 595 596 599]] [40 [600 601 602 603 604 607 609 610 611 612 613 614]] [41 [615 616 617 618 619 620 621 622 623 624 626 627 628 629]] [42 [630 634 635 636 639 640 641 642 644]] [43 [645 647 648 649 651 652 653 654 655 656 657]] [44 [660 661 662 663 665 666 668 669 670 671 672 673 674]] [45 [675 676 677 678 679 680 684 685 686 687 688]] [46 [691 692 693 694 695 696 697 698 699 701 702 703 704]] [47 [705 706 707 708 709 710 711 712 713 715 716 717 718 719]] [48 [721 722 724 725 726 727 728 729 730 731 732 733 734]] [49 [735 736 737 738 739 740 741 742 743 744 745 746 747 748 749]] [50 [750 751 752 753 755 756 757 758 759 760 761 762 763 764]] [51 [765 766 767 768 770 771 772 774 778 779]] [52 [780 781 782 783 784 785 786 788 789 790 791 792 793]] [53 [795 796 798 799 800 801 802 803 804 805 807 808 809]] [54 [810 811 812 814 815 816 817 819 820 821 822 824]] [55 [825 828 829 830 831 832 833 834 835 836 839]] [56 [840 841 842 843 844 845 846 847 848 849 850 851 852 853 854]] [57 [856 857 858 859 860 861 863 864 865 866 867 868 869]] [58 [870 872 873 874 875 876 877 878 879 882 883 884]] [59 [885 886 887 888 889 890 891 892 893 895 896 897 898 899]] [60 [900 901 902 903 905 906 907 908 909 910 911 912 913 914]] [61 [915 916 917 918 920 921 923 924 925 926 927]] [62 [930 931 936 937 938 940 941 942 943 944]] [63 [945 946 949 951 952 953 954 955 956 957 958 959]] [64 [960 963 964 965 966 968 969 970 971 972 973 974]] [65 [975 976 980 981 982 983 984 985 988 989]] [66 [990 991 992 993 994 995 997 998 999 1001 1002 1003 1004]] [67 [1005 1007 1009 1010 1011 1012 1013 1015 1016 1017 1018 1019]] [68 [1020 1021 1022 1023 1024 1025 1026 1028 1029 1031 1032 1033 1034]] [69 [1037 1038 1042 1043 1044 1046 1047 1048]] [70 [1051 1052 1053 1054 1055 1058 1059 1060 1061 1062 1063]] [71 [1065 1067 1068 1069 1070 1072 1073 1074 1075 1077 1078]] [72 [1080 1081 1082 1083 1084 1085 1087 1088 1089 1090 1093 1094]] [73 [1096 1097 1098 1099 1100 1103 1104 1105 1106 1107 1108]] [74 [1110 1111 1112 1113 1114 1115 1116 1117 1121 1122 1123 1124]] [75 [1125 1126 1127 1128 1129 1130 1131 1132 1133 1136 1137 1138]] [76 [1140 1141 1142 1143 1144 1145 1146 1147 1148 1149 1151 1152 1153 1154]] [77 [1155 1156 1157 1158 1159 1160 1161 1163 1165 1167 1169]] [78 [1170 1171 1172 1173 1174 1175 1177 1178 1179 1180 1181 1182 1183]] [79 [1185 1186 1187 1188 1189 1190 1191 1192 1193 1195 1196 1197 1198 1199]] [80 [1200 1201 1202 1204 1205 1206 1207 1208 1212 1213 1214]] [81 [1215 1216 1217 1218 1222 1223 1224 1225 1226 1227 1228 1229]] [82 [1230 1231 1232 1233 1234 1235 1237 1238 1239 1241 1242 1243]] [83 [1246 1247 1248 1249 1250 1251 1252 1253 1254 1255 1256 1258 1259]] [84 [1260 1261 1262 1263 1264 1265 1266 1267 1268 1270 1271 1272 1273 1274]] [85 [1276 1277 1278 1279 1280 1281 1282 1283 1284 1285 1287 1288 1289]] [86 [1291 1292 1295 1296 1297 1298 1300 1301 1302 1303 1304]] [87 [1305 1306 1307 1308 1309 1310 1311 1312 1314 1315 1316 1317 1318]] [88 [1320 1321 1322 1324 1325 1326 1327 1328 1329 1330 1331 1333 1334]] [89 [1335 1336 1338 1339 1340 1342 1343 1344 1345 1346 1347 1348 1349]] [90 [1351 1352 1355 1356 1357 1358 1359 1360 1362]] [91 [1365 1366 1367 1368 1369 1371 1372 1373 1374 1379]] [92 [1380 1381 1382 1383 1384 1385 1386 1387 1388 1389 1390 1391 1392]] [93 [1395 1396 1397 1398 1399 1400 1401 1402 1403 1404 1405 1406 1408 1409]] [94 [1410 1411 1412 1415 1416 1417 1418 1419 1420 1421 1422 1423]] [95 [1425 1426 1427 1428 1430 1431 1432 1433 1434 1435 1437 1438]] [96 [1440 1441 1442 1443 1444 1447 1448 1449 1452 1453 1454]] [97 [1455 1456 1457 1458 1459 1460 1461 1463 1464 1467 1468 1469]] [98 [1470 1471 1472 1473 1474 1476 1477 1481 1482 1484]] [99 [1485 1486 1487 1489 1490 1491 1492 1493 1494 1495 1496 1498]]]",,"[[{citizen 18} [[""A"" [2 2]]]] [{citizen 19} [[""A"" [2 2]]]] [{media 51} [[""A"" [2 2]]]] [{media 53} [[""A"" [4 4]]]] [{media 60} [[""A"" [4 4]]]] [{media 61} [[""A"" [3 3]]]] [{media 62} [[""A"" [4 4]]]] [{media 57} [[""A"" [2 2]]]] [{citizen 4} [[""A"" [2 4]]]] [{citizen 0} [[""A"" [2 2]]]] [{citizen 9} [[""A"" [2 2]]]] [{media 64} [[""A"" [3 3]]]] [{citizen 3} [[""A"" [2 4]]]] [{media 55} [[""A"" [3 3]]]] [{media 50} [[""A"" [4 4]]]] [{citizen 6} [[""A"" [2 2]]]] [{media 56} [[""A"" [2 2]]]] [{citizen 49} [[""A"" [2 2]]]] [{citizen 1} [[""A"" [4 2]]]] [{citizen 32} [[""A"" [2 4]]]] [{citizen 15} [[""A"" [2 2]]]] [{media 63} [[""A"" [3 3]]]] [{citizen 25} [[""A"" [3 2]]]] [{citizen 48} [[""A"" [2 4]]]] [{citizen 31} [[""A"" [2 4]]]] [{citizen 43} [[""A"" [2 2]]]] [{citizen 21} [[""A"" [2 4]]]] [{citizen 7} [[""A"" [2 2]]]] [{citizen 5} [[""A"" [2 2]]]] [{citizen 41} [[""A"" [2 4]]]] [{citizen 12} [[""A"" [2 4]]]] [{citizen 20} [[""A"" [2 2]]]] [{citizen 22} [[""A"" [3 2]]]] [{citizen 44} [[""A"" [3 2]]]] [{citizen 23} [[""A"" [2 2]]]] [{citizen 14} [[""A"" [2 2]]]] [{citizen 36} [[""A"" [2 4]]]] [{citizen 13} [[""A"" [3 2]]]] [{citizen 34} [[""A"" [2 2]]]] [{citizen 40} [[""A"" [3 2]]]] [{citizen 10} [[""A"" [2 4]]]] [{citizen 46} [[""A"" [2 4]]]] [{media 54} [[""A"" [3 3]]]] [{citizen 27} [[""A"" [2 2]]]] [{citizen 2} [[""A"" [2 4]]]] [{media 52} [[""A"" [2 2]]]] [{citizen 28} [[""A"" [4 4]]]] [{citizen 35} [[""A"" [2 2]]]] [{media 59} [[""A"" [4 4]]]] [{citizen 8} [[""A"" [2 2]]]] [{citizen 42} [[""A"" [2 2]]]] [{citizen 45} [[""A"" [2 2]]]] [{citizen 26} [[""A"" [2 2]]]] [{citizen 38} [[""A"" [2 2]]]] [{citizen 47} [[""A"" [2 2]]]] [{citizen 33} [[""A"" [2 2]]]] [{media 58} [[""A"" [1 1]]]] [{citizen 24} [[""A"" [2 2]]]] [{citizen 39} [[""A"" [2 4]]]] [{citizen 37} [[""A"" [4 4]]]] [{citizen 29} [[""A"" [2 2]]]] [{citizen 30} [[""A"" [2 2]]]] [{citizen 11} [[""A"" [2 2]]]] [{citizen 16} [[""A"" [3 2]]]]]"
"18","[170 0 85]","203.87755102040816","-6.071191524011742","-12.488691118378433","""circle""","""""","9.9","{breed citizens}","false","0.5","1","""up""",,"[[""ID"" 3] [""alpha"" 1] [""beta"" 1] [""malleable"" [""A""]] [""prior"" []] [""cont_tokens"" []] [""A"" 2]]","[[0 [0 1 3 4 5 6 9 10 12 13]] [1 [15 16 17 18 19 20 21 22 23 24 25 26 27 28 29]] [2 [30 31 32 33 34 35 36 37 38 39 40 41 42 43 44]] [3 [45 46 47 48 49 50 51 52 53 54 55 56 57 58 59]] [4 [60 61 62 63 64 65 66 67 68 69 70 71 72 73 74]] [5 [75 76 77 78 79 80 81 82 83 84 85 86 87 88 89]] [6 [90 91 92 93 94 95 96 97 98 99 100 101 102 103 104]] [7 [105 106 107 108 109 110 111 112 113 114 115 116 117 118 119]] [8 [120 121 122 123 124 125 126 127 128 129 130 131 132 133 134]] [9 [135 136 137 138 139 140 141 142 143 144 145 146 147 148 149]] [10 [150 151 152 153 154 155 156 157 158 159 160 161 162 163 164]] [11 [165 166 167 168 169 170 171 172 173 174 175 176 177 178 179]] [12 [180 181 183 184 185 186 187 188 189 190 191 192 193 194]] [13 [195 196 197 198 199 200 201 202 203 204 205 206 207 208 209]] [14 [210 211 212 213 214 215 216 217 218 219 220 221 222 223 224]] [15 [225 226 227 228 229 230 231 232 233 234 235 236 237 238 239]] [16 [241 242 243 244 245 246 247 248 249 250 251 252 253 254]] [17 [255 256 257 258 259 260 261 262 263 264 265 266 267 268 269]] [18 [270 271 272 273 274 275 276 277 278 279 280 281 282 283 284]] [19 [285 286 287 288 289 290 291 292 293 294 295 296 297 298 299]] [20 [300 301 302 303 304 305 306 307 308 309 310 311 312 313 314]] [21 [315 316 317 318 319 320 321 322 323 324 325 326 327 328 329]] [22 [330 331 332 333 334 335 336 337 338 339 340 341 342 343 344]] [23 [345 346 347 348 349 350 351 352 353 354 355 356 357 358 359]] [24 [360 361 362 363 364 365 366 367 368 369 370 371 372 373 374]] [25 [375 376 377 378 379 380 381 382 383 384 385 386 387 388 389]] [26 [390 391 392 393 394 395 396 397 398 399 400 401 402 403 404]] [27 [405 406 407 408 409 410 411 412 413 414 415 416 417 418 419]] [28 [420 421 422 424 425 426 427 428 429 430 431 432 433 434]] [29 [435 436 437 438 439 440 441 442 443 444 445 446 447 448 449]] [30 [450 451 452 453 454 455 456 457 458 459 460 461 462 463 464]] [31 [465 466 467 468 469 470 471 472 473 474 475 476 477 478 479]] [32 [480 481 482 483 484 485 486 487 488 489 490 491 492 493 494]] [33 [495 496 497 498 499 500 501 502 503 504 505 506 507 508 509]] [34 [510 511 512 513 514 515 516 517 518 519 520 521 522 523 524]] [35 [525 526 527 528 529 530 531 532 533 534 535 536 537 538 539]] [36 [540 541 542 543 544 545 546 547 548 549 550 551 552 553 554]] [37 [555 556 557 558 559 560 561 562 563 564 565 566 567 568 569]] [38 [570 571 572 573 574 575 576 577 578 579 580 581 582 583 584]] [39 [585 586 587 588 589 590 592 593 594 595 596 597 598 599]] [40 [600 601 602 603 604 605 606 607 608 609 610 611 612 613 614]] [41 [615 616 617 618 619 620 621 622 623 624 626 627 628 629]] [42 [630 631 632 633 634 635 636 637 638 639 640 641 642 643 644]] [43 [645 646 647 648 649 650 651 652 653 654 655 656 657 658 659]] [44 [660 661 662 663 664 665 666 667 668 669 670 671 672 673 674]] [45 [675 676 677 678 679 680 681 682 683 684 685 686 687 688]] [46 [690 691 692 693 694 695 696 697 698 699 700 701 702 703 704]] [47 [705 706 707 708 709 710 711 712 713 715 716 717 718 719]] [48 [720 721 722 724 725 726 727 728 729 730 731 732 733 734]] [49 [735 736 737 738 739 740 741 742 743 744 745 746 747 748 749]] [50 [750 751 752 753 754 755 756 757 758 759 760 761 762 763 764]] [51 [765 766 767 768 769 770 771 772 773 774 775 776 777 778 779]] [52 [780 781 782 783 784 785 786 787 788 789 790 791 792 793 794]] [53 [795 796 797 798 799 800 801 802 803 804 805 806 807 808 809]] [54 [810 811 812 813 814 815 816 817 818 819 820 821 822 823 824]] [55 [825 826 827 828 829 830 831 832 833 834 835 836 837 838 839]] [56 [840 841 842 843 844 845 846 847 848 849 850 851 852 853 854]] [57 [855 856 857 858 859 860 861 862 863 864 865 866 867 868 869]] [58 [870 871 872 873 874 875 876 877 878 879 881 882 883 884]] [59 [885 886 887 888 889 890 891 892 893 894 895 896 897 898 899]] [60 [900 901 902 903 904 905 906 907 908 909 910 911 912 913 914]] [61 [915 916 917 918 919 920 921 922 923 924 925 926 927 928 929]] [62 [930 931 932 933 934 935 936 937 938 939 940 941 942 943 944]] [63 [945 946 947 948 949 950 951 952 953 954 955 956 957 958 959]] [64 [960 961 962 963 964 965 966 967 968 969 970 971 972 973 974]] [65 [975 976 977 978 979 980 981 982 983 984 985 986 987 988 989]] [66 [990 991 992 993 994 995 996 997 998 999 1000 1001 1002 1003 1004]] [67 [1005 1006 1007 1009 1010 1011 1012 1013 1014 1015 1016 1017 1018 1019]] [68 [1020 1021 1022 1023 1024 1025 1026 1027 1028 1029 1030 1031 1032 1033 1034]] [69 [1035 1036 1037 1038 1040 1042 1043 1044 1046 1047 1048]] [70 [1050 1051 1052 1053 1054 1055 1056 1057 1058 1059 1060 1061 1062 1063 1064]] [71 [1065 1066 1067 1068 1069 1070 1071 1072 1073 1074 1075 1076 1077 1078 1079]] [72 [1080 1081 1082 1083 1084 1085 1086 1087 1088 1089 1090 1091 1092 1093 1094]] [73 [1095 1096 1097 1098 1099 1100 1101 1102 1103 1104 1105 1106 1107 1108 1109]] [74 [1110 1111 1112 1113 1114 1115 1116 1117 1118 1119 1120 1121 1122 1123 1124]] [75 [1125 1126 1127 1128 1129 1130 1131 1132 1133 1134 1135 1136 1137 1138 1139]] [76 [1140 1141 1142 1143 1144 1145 1146 1147 1148 1149 1150 1151 1152 1153 1154]] [77 [1155 1156 1157 1158 1159 1160 1161 1162 1163 1164 1165 1166 1167 1168 1169]] [78 [1170 1171 1172 1173 1174 1175 1176 1177 1178 1179 1180 1181 1182 1183 1184]] [79 [1185 1186 1187 1188 1189 1190 1191 1192 1193 1194 1195 1196 1197 1198 1199]] [80 [1200 1201 1202 1203 1204 1205 1206 1207 1208 1209 1210 1211 1212 1213 1214]] [81 [1215 1216 1217 1218 1219 1220 1221 1222 1223 1224 1225 1226 1227 1228 1229]] [82 [1230 1231 1232 1233 1234 1235 1236 1237 1238 1239 1240 1241 1242 1243 1244]] [83 [1245 1246 1247 1248 1249 1250 1251 1252 1253 1254 1255 1256 1257 1258 1259]] [84 [1260 1261 1262 1263 1264 1265 1266 1267 1268 1269 1270 1271 1272 1273 1274]] [85 [1275 1276 1277 1278 1279 1280 1281 1282 1283 1284 1285 1287 1288 1289]] [86 [1290 1291 1292 1293 1295 1296 1297 1298 1299 1300 1301 1302 1303 1304]] [87 [1305 1306 1307 1308 1309 1310 1311 1312 1313 1314 1315 1316 1317 1318 1319]] [88 [1320 1321 1322 1324 1325 1326 1327 1328 1329 1330 1331 1332 1333 1334]] [89 [1335 1336 1337 1338 1339 1340 1342 1343 1344 1345 1346 1347 1348 1349]] [90 [1350 1351 1352 1353 1354 1355 1356 1357 1358 1359 1360 1361 1362 1363 1364]] [91 [1365 1366 1367 1368 1369 1370 1371 1372 1373 1374 1375 1376 1377 1378 1379]] [92 [1380 1381 1382 1383 1384 1385 1386 1387 1388 1389 1390 1391 1392 1393 1394]] [93 [1395 1396 1397 1398 1399 1400 1401 1402 1403 1404 1405 1406 1407 1408 1409]] [94 [1410 1411 1412 1413 1414 1415 1416 1417 1418 1419 1420 1421 1422 1423 1424]] [95 [1425 1426 1427 1428 1429 1430 1431 1432 1433 1434 1435 1436 1437 1438 1439]] [96 [1440 1441 1442 1443 1444 1445 1446 1447 1448 1449 1450 1451 1452 1453 1454]] [97 [1455 1456 1457 1458 1459 1460 1461 1462 1463 1464 1465 1466 1467 1468 1469]] [98 [1470 1471 1472 1473 1474 1475 1476 1477 1478 1479 1480 1481 1482 1483 1484]] [99 [1485 1486 1487 1488 1489 1490 1491 1492 1493 1494 1495 1496 1497 1498 1499]]]","[[0 [1 3 4 5 6 9 10 12 13]] [1 [16 17 18 19 20 21 22 24 25 27 28]] [2 [30 31 32 33 36 37 38 39 40 41 42 43 44]] [3 [45 46 47 48 49 50 51 52 53 54 55 56 58 59]] [4 [60 62 63 64 67 68 69 71 72 73]] [5 [75 76 77 78 79 80 82 84 85 86 89]] [6 [90 91 92 94 95 96 99 100 101 102 103 104]] [7 [106 107 111 112 113 114 116 117 118 119]] [8 [120 121 122 123 124 125 126 127 128 130 131 133 134]] [9 [136 137 138 139 140 141 142 143 144 145 146]] [10 [151 153 154 155 156 158 160 161 162 163]] [11 [165 166 167 168 169 170 171 173 174 176 177 178 179]] [12 [180 181 184 185 186 187 188 189 190 191 192 193 194]] [13 [196 197 200 201 202 203 204 205 206 207 208]] [14 [210 211 213 214 215 216 217 218 220 221 222 224]] [15 [225 226 227 228 229 230 231 232 233 234 235 236 237 238 239]] [16 [242 243 244 245 246 247 249 250 251 252 254]] [17 [255 256 257 258 259 260 261 263 264 266 267 268 269]] [18 [270 271 272 273 276 278 279 280 281 283 284]] [19 [285 286 287 288 289 290 291 292 293 294 296 297 298]] [20 [300 301 302 303 304 305 306 307 308 309 310 311 313 314]] [21 [315 316 319 320 321 322 323 325 326 327 328 329]] [22 [330 331 332 333 336 337 338 339 340 342 343 344]] [23 [345 347 348 349 350 351 352 353 354 355 356 359]] [24 [360 361 362 363 365 366 367 368 369 370 372 373 374]] [25 [378 379 380 381 382 383 386 387 388 389]] [26 [390 391 392 396 398 399 400 401 402 403 404]] [27 [405 406 407 408 409 411 412 413 414 415 417 418 419]] [28 [420 421 422 426 427 428 429 430 431 432 433 434]] [29 [435 437 438 439 440 441 442 443 444 445 446 447 449]] [30 [450 451 452 453 455 456 457 458 459 460 461 462 463 464]] [31 [466 467 468 469 470 471 472 474 475 476 477 478 479]] [32 [480 481 482 483 484 486 487 488 489 491 492 493 494]] [33 [495 496 497 498 499 500 501 502 503 504 505 506 508 509]] [34 [510 511 512 513 515 516 517 518 519 520 522 524]] [35 [525 526 527 528 529 530 532 533 534 535 536]] [36 [543 544 545 546 547 548 549 550 551 553]] [37 [555 556 557 558 559 560 561 564 565 567 568 569]] [38 [570 573 575 576 577 579 581 582 583 584]] [39 [585 586 587 588 589 590 592 593 594 595 596 598 599]] [40 [600 601 602 603 605 606 608 609 610 611 612 613 614]] [41 [615 616 618 619 620 621 622 624 626 627 628 629]] [42 [630 633 634 635 636 637 638 639 640 641 642 643 644]] [43 [645 646 648 649 651 652 653 654 655 656 657 658 659]] [44 [661 662 663 665 666 668 670 671 672 673 674]] [45 [675 676 677 678 679 680 684 685 686 687 688]] [46 [690 692 693 695 696 697 698 699 701 702 703 704]] [47 [705 706 707 709 710 711 712 713 715 716 717 718 719]] [48 [721 724 725 726 727 728 729 730 731 732 733 734]] [49 [735 736 738 739 740 741 743 744 745 746 747 748 749]] [50 [751 752 753 756 758 759 760 761 762 763 764]] [51 [765 766 768 769 771 772 773 774 778 779]] [52 [780 781 782 783 784 785 786 788 789 790 792 793]] [53 [796 797 798 799 800 801 802 803 804 806 807 808 809]] [54 [810 811 812 814 815 816 817 819 820 821 822 823 824]] [55 [825 827 828 829 830 831 832 833 835 836 838 839]] [56 [840 841 842 843 844 845 846 847 848 849 850 851 852 853 854]] [57 [856 857 858 859 860 861 863 864 865 866 867 868 869]] [58 [870 871 872 873 874 875 876 877 878 879 882 883 884]] [59 [885 886 887 888 889 890 891 892 893 894 895 896 897 898]] [60 [900 901 902 903 905 906 907 909 910 912 913 914]] [61 [916 917 919 920 921 923 924 925 926 927]] [62 [930 932 933 934 935 936 937 938 939 940 941 942 943]] [63 [945 946 950 951 952 953 954 956 957 958 959]] [64 [960 961 962 963 967 971 972 973 974]] [65 [975 976 977 978 979 980 981 983 984 985 986 987 989]] [66 [990 991 992 993 994 995 998 999 1001 1002 1003 1004]] [67 [1005 1007 1009 1010 1011 1012 1014 1016 1017 1018 1019]] [68 [1020 1021 1022 1023 1024 1025 1026 1027 1028 1029 1031 1032 1033 1034]] [69 [1036 1037 1038 1042 1043 1044 1046 1047 1048]] [70 [1050 1051 1052 1053 1054 1055 1060 1061 1062 1063]] [71 [1065 1068 1069 1070 1071 1073 1074 1075 1077 1078]] [72 [1080 1081 1082 1083 1084 1086 1088 1089 1090 1092 1093]] [73 [1095 1096 1097 1098 1099 1100 1102 1103 1104 1105 1106 1107 1108 1109]] [74 [1111 1112 1113 1115 1118 1119 1120 1121 1122 1123]] [75 [1125 1126 1127 1128 1129 1130 1131 1132 1133 1136 1137 1138 1139]] [76 [1140 1141 1142 1143 1144 1146 1147 1148 1149 1152 1153]] [77 [1155 1156 1157 1158 1159 1161 1162 1163 1164 1166 1168 1169]] [78 [1170 1171 1172 1173 1174 1176 1177 1178 1179 1180 1181 1182 1183 1184]] [79 [1185 1186 1187 1188 1189 1190 1191 1192 1194 1196 1197 1199]] [80 [1200 1201 1202 1203 1205 1206 1207 1208 1209 1210 1211 1213 1214]] [81 [1215 1216 1217 1218 1222 1223 1224 1225 1226 1227 1228 1229]] [82 [1230 1231 1232 1233 1234 1235 1236 1237 1238 1240 1241 1242 1243]] [83 [1246 1247 1248 1249 1250 1251 1252 1254 1255 1256 1257 1258 1259]] [84 [1260 1261 1262 1263 1264 1265 1266 1267 1268 1270 1271 1272 1273 1274]] [85 [1276 1277 1278 1279 1280 1281 1282 1283 1284 1285 1287 1288 1289]] [86 [1290 1291 1292 1295 1296 1297 1298 1299 1300 1301 1302 1303 1304]] [87 [1305 1306 1307 1308 1309 1310 1311 1312 1314 1315 1316 1317 1318]] [88 [1320 1321 1324 1325 1326 1327 1328 1329 1330 1332 1333 1334]] [89 [1335 1337 1339 1340 1342 1344 1345 1346 1347 1348 1349]] [90 [1350 1351 1353 1354 1355 1356 1357 1358 1360 1362 1363 1364]] [91 [1365 1366 1367 1368 1369 1371 1372 1373 1374 1377 1378 1379]] [92 [1380 1381 1382 1383 1384 1385 1386 1387 1388 1389 1390 1391 1393]] [93 [1395 1396 1397 1398 1400 1401 1403 1404 1405 1406 1408]] [94 [1410 1411 1412 1414 1415 1416 1417 1418 1420 1421 1422 1423 1424]] [95 [1426 1427 1428 1430 1431 1432 1433 1434 1435 1436 1437 1438]] [96 [1440 1441 1442 1443 1444 1445 1446 1447 1448 1449 1452 1453 1454]] [97 [1455 1456 1457 1458 1459 1460 1461 1462 1463 1464 1467 1468 1469]] [98 [1470 1471 1472 1473 1474 1475 1476 1477 1478 1479 1480 1482 1484]] [99 [1485 1486 1487 1489 1490 1491 1492 1493 1494 1495 1496 1498]]]",,"[[{citizen 28} [[""A"" [4 4]]]] [{citizen 30} [[""A"" [2 2]]]] [{media 50} [[""A"" [4 4]]]] [{media 51} [[""A"" [2 2]]]] [{media 53} [[""A"" [4 4]]]] [{media 55} [[""A"" [3 3]]]] [{media 56} [[""A"" [2 2]]]] [{media 57} [[""A"" [2 2]]]] [{media 60} [[""A"" [4 4]]]] [{media 61} [[""A"" [3 3]]]] [{media 62} [[""A"" [4 4]]]] [{media 64} [[""A"" [3 3]]]] [{citizen 4} [[""A"" [2 4]]]] [{citizen 0} [[""A"" [3 2]]]] [{citizen 9} [[""A"" [4 4]]]] [{citizen 17} [[""A"" [2 2]]]] [{citizen 15} [[""A"" [2 4]]]] [{citizen 6} [[""A"" [2 2]]]] [{citizen 49} [[""A"" [2 4]]]] [{citizen 1} [[""A"" [4 2]]]] [{citizen 32} [[""A"" [2 4]]]] [{citizen 16} [[""A"" [3 3]]]] [{citizen 44} [[""A"" [2 4]]]] [{citizen 43} [[""A"" [2 2]]]] [{media 63} [[""A"" [3 3]]]] [{citizen 25} [[""A"" [2 2]]]] [{citizen 48} [[""A"" [2 4]]]] [{citizen 31} [[""A"" [2 4]]]] [{citizen 21} [[""A"" [2 4]]]] [{citizen 7} [[""A"" [2 2]]]] [{citizen 5} [[""A"" [2 2]]]] [{citizen 41} [[""A"" [2 4]]]] [{citizen 12} [[""A"" [2 4]]]] [{citizen 3} [[""A"" [2 4]]]] [{citizen 20} [[""A"" [3 4]]]] [{citizen 22} [[""A"" [3 2]]]] [{citizen 19} [[""A"" [2 2]]]] [{citizen 47} [[""A"" [4 4]]]] [{citizen 33} [[""A"" [2 4]]]] [{citizen 10} [[""A"" [4 2]]]] [{citizen 24} [[""A"" [3 2]]]] [{citizen 29} [[""A"" [3 2]]]] [{citizen 26} [[""A"" [2 2]]]] [{citizen 37} [[""A"" [4 4]]]] [{citizen 14} [[""A"" [2 2]]]] [{citizen 38} [[""A"" [2 2]]]] [{citizen 8} [[""A"" [2 4]]]] [{citizen 35} [[""A"" [2 4]]]] [{citizen 13} [[""A"" [3 4]]]] [{citizen 40} [[""A"" [2 4]]]] [{citizen 46} [[""A"" [2 4]]]] [{citizen 45} [[""A"" [2 4]]]] [{citizen 23} [[""A"" [3 2]]]] [{citizen 36} [[""A"" [2 4]]]] [{citizen 34} [[""A"" [2 4]]]] [{citizen 42} [[""A"" [2 4]]]] [{citizen 2} [[""A"" [4 4]]]] [{media 54} [[""A"" [3 3]]]] [{citizen 39} [[""A"" [2 4]]]] [{citizen 27} [[""A"" [2 2]]]] [{media 52} [[""A"" [2 2]]]] [{media 59} [[""A"" [4 4]]]] [{media 58} [[""A"" [1 1]]]] [{citizen 11} [[""A"" [2 4]]]]]"
"19","[170 0 85]","249.79591836734696","-5.568099078223603","-2.2569779246593007","""circle""","""""","9.9","{breed citizens}","false","0.5","1","""up""",,"[[""ID"" 1] [""alpha"" 1] [""beta"" 1] [""malleable"" [""A""]] [""prior"" []] [""cont_tokens"" []] [""A"" 2]]","[[0 [0 1 2 3 4 5 6 7 8 9 10 11 12 13 14]] [1 [15 16 17 18 19 20 21 22 23 24 25 26 27 28 29]] [2 [30 31 32 33 34 35 36 37 38 39 40 41 42 43 44]] [3 [45 46 47 48 49 50 51 52 53 54 55 56 57 58 59]] [4 [60 61 62 63 64 65 66 67 68 69 70 71 72 73 74]] [5 [75 76 77 78 79 80 81 82 83 84 85 86 87 88 89]] [6 [90 91 92 93 94 95 96 97 98 99 100 101 102 103 104]] [7 [105 106 107 108 109 110 111 112 113 114 115 116 117 118 119]] [8 [120 121 122 123 124 125 126 127 128 129 130 131 132 133 134]] [9 [135 136 137 138 139 140 141 142 143 144 145 146 147 148 149]] [10 [150 151 152 153 154 155 156 157 158 159 160 161 162 163 164]] [11 [165 166 167 168 169 170 171 172 173 174 175 176 177 178 179]] [12 [180 181 183 184 185 186 187 188 189 190 191 192 193 194]] [13 [195 196 197 198 199 200 201 202 203 204 205 206 207 208 209]] [14 [210 211 212 213 214 215 216 217 218 219 220 221 222 223 224]] [15 [225 226 227 228 229 230 231 232 233 234 235 236 237 238 239]] [16 [241 242 243 244 245 246 247 248 249 250 251 252 253 254]] [17 [255 256 257 258 259 260 261 262 263 264 265 266 267 268 269]] [18 [270 271 272 273 274 275 276 277 278 279 280 281 282 283 284]] [19 [285 286 287 288 289 290 291 292 293 294 295 296 297 298 299]] [20 [300 301 302 303 304 305 306 307 308 309 310 311 312 313 314]] [21 [315 316 317 318 319 320 321 322 323 324 325 326 327 328 329]] [22 [330 331 332 333 334 335 336 337 338 339 340 341 342 343 344]] [23 [345 346 347 348 349 350 351 352 353 354 355 356 357 358 359]] [24 [360 361 362 363 364 365 366 367 368 369 370 371 372 373 374]] [25 [375 376 377 378 379 380 381 382 383 384 385 386 387 388 389]] [26 [390 391 392 393 394 395 396 397 398 399 400 401 402 403 404]] [27 [405 406 407 408 409 410 411 412 413 414 415 416 417 418 419]] [28 [420 421 422 424 425 426 427 428 429 430 431 432 433 434]] [29 [435 436 437 438 439 440 441 442 443 444 445 446 447 448 449]] [30 [450 451 452 453 454 455 456 457 458 459 460 461 462 463 464]] [31 [465 466 467 468 469 470 471 472 473 474 475 476 477 478 479]] [32 [480 481 482 483 484 485 486 487 488 489 490 491 492 493 494]] [33 [495 496 497 498 499 500 501 502 503 504 505 506 507 508 509]] [34 [510 511 512 513 514 515 516 517 518 519 520 521 522 523 524]] [35 [525 526 527 528 529 530 531 532 533 534 535 536 537 538 539]] [36 [540 541 542 543 544 545 546 547 548 549 550 551 553 554]] [37 [555 556 557 558 559 560 561 562 563 564 565 566 567 568 569]] [38 [570 571 572 573 574 575 576 577 578 579 580 581 582 583 584]] [39 [585 586 587 588 589 590 592 593 594 595 596 597 598 599]] [40 [600 601 602 603 604 605 606 607 608 609 610 611 612 613 614]] [41 [615 616 617 618 619 620 621 622 623 624 626 627 628 629]] [42 [630 631 632 633 634 635 636 637 638 639 640 641 642 643 644]] [43 [645 646 647 648 649 650 651 652 653 654 655 656 657 658 659]] [44 [660 661 662 663 664 665 666 667 668 669 670 671 672 673 674]] [45 [675 676 677 678 679 680 681 682 683 684 685 686 687 688]] [46 [690 691 692 693 694 695 696 697 698 699 700 701 702 703 704]] [47 [705 706 707 708 709 710 711 712 713 714 715 716 717 718 719]] [48 [720 721 722 723 724 725 726 727 728 729 730 731 732 733 734]] [49 [735 736 737 738 739 740 741 742 743 744 745 746 747 748 749]] [50 [750 751 752 753 754 755 756 757 758 759 760 761 762 763 764]] [51 [765 766 767 768 769 770 771 772 773 774 775 776 777 778 779]] [52 [780 781 782 783 784 785 786 787 788 789 790 791 792 793 794]] [53 [795 796 797 798 799 800 801 802 803 804 805 806 807 808 809]] [54 [810 811 812 813 814 815 816 817 818 819 820 821 822 823 824]] [55 [825 826 827 828 829 830 831 832 833 834 835 836 837 838 839]] [56 [840 841 842 843 844 845 846 847 848 849 850 851 852 853 854]] [57 [855 856 857 858 859 860 861 862 863 864 865 866 867 868 869]] [58 [870 871 872 873 874 875 876 877 878 879 881 882 883 884]] [59 [885 886 887 888 889 890 891 892 893 894 895 896 897 898 899]] [60 [900 901 902 903 904 905 906 907 908 909 910 911 912 913 914]] [61 [915 916 917 918 919 920 921 922 923 924 925 926 927 928 929]] [62 [930 931 932 933 934 935 936 937 938 939 940 941 942 943 944]] [63 [945 946 948 949 950 951 952 953 954 955 956 957 958 959]] [64 [960 961 962 963 964 965 966 967 968 969 970 971 972 973 974]] [65 [975 976 977 978 979 980 981 982 983 984 985 986 987 988 989]] [66 [990 991 992 993 994 995 996 997 998 999 1000 1001 1002 1003 1004]] [67 [1005 1006 1007 1009 1010 1011 1012 1013 1014 1015 1016 1017 1018 1019]] [68 [1020 1021 1022 1023 1024 1025 1026 1027 1028 1029 1030 1031 1032 1033 1034]] [69 [1035 1036 1037 1038 1040 1042 1043 1044 1046 1047 1048]] [70 [1050 1051 1052 1053 1054 1055 1056 1057 1058 1059 1060 1061 1062 1063 1064]] [71 [1065 1066 1067 1068 1069 1070 1071 1072 1073 1074 1075 1076 1077 1078 1079]] [72 [1080 1081 1082 1083 1084 1085 1086 1087 1088 1089 1090 1091 1092 1093 1094]] [73 [1095 1096 1097 1098 1099 1100 1101 1102 1103 1104 1105 1106 1107 1108 1109]] [74 [1110 1111 1112 1113 1114 1115 1116 1117 1118 1119 1120 1121 1122 1123 1124]] [75 [1125 1126 1127 1128 1129 1130 1131 1132 1133 1134 1135 1136 1137 1138 1139]] [76 [1140 1141 1142 1143 1144 1145 1146 1147 1148 1149 1150 1151 1152 1153 1154]] [77 [1155 1156 1157 1158 1159 1160 1161 1162 1163 1164 1165 1166 1167 1168 1169]] [78 [1170 1171 1172 1173 1174 1175 1176 1177 1178 1179 1180 1181 1182 1183 1184]] [79 [1185 1186 1187 1188 1189 1190 1191 1192 1193 1194 1195 1196 1197 1198 1199]] [80 [1200 1201 1202 1203 1204 1205 1206 1207 1208 1209 1210 1211 1212 1213 1214]] [81 [1215 1216 1217 1218 1219 1220 1221 1222 1223 1224 1225 1226 1227 1228 1229]] [82 [1230 1231 1232 1233 1234 1235 1236 1237 1238 1239 1240 1241 1242 1243 1244]] [83 [1245 1246 1247 1248 1249 1250 1251 1252 1253 1254 1255 1256 1257 1258 1259]] [84 [1260 1261 1262 1263 1264 1265 1266 1267 1268 1269 1270 1271 1272 1273 1274]] [85 [1275 1276 1277 1278 1279 1280 1281 1282 1283 1284 1285 1287 1288 1289]] [86 [1290 1291 1292 1293 1295 1296 1297 1298 1299 1300 1301 1302 1303 1304]] [87 [1305 1306 1307 1308 1309 1310 1311 1312 1313 1314 1315 1316 1317 1318 1319]] [88 [1320 1321 1322 1324 1325 1326 1327 1328 1329 1330 1331 1332 1333 1334]] [89 [1335 1336 1337 1338 1339 1340 1342 1343 1344 1345 1346 1347 1348 1349]] [90 [1350 1351 1352 1353 1354 1355 1356 1357 1358 1359 1360 1361 1362 1363 1364]] [91 [1365 1366 1367 1368 1369 1370 1371 1372 1373 1374 1375 1376 1377 1378 1379]] [92 [1380 1381 1382 1383 1384 1385 1386 1387 1388 1389 1390 1391 1392 1393 1394]] [93 [1395 1396 1397 1398 1399 1400 1401 1402 1403 1404 1405 1406 1407 1408 1409]] [94 [1410 1411 1412 1413 1414 1415 1416 1417 1418 1419 1420 1421 1422 1423 1424]] [95 [1425 1426 1427 1428 1429 1430 1431 1432 1433 1434 1435 1436 1437 1438 1439]] [96 [1440 1441 1442 1443 1444 1445 1446 1447 1448 1449 1450 1451 1452 1453 1454]] [97 [1455 1456 1457 1458 1459 1460 1461 1462 1463 1464 1465 1466 1467 1468 1469]] [98 [1470 1471 1472 1473 1474 1475 1476 1477 1478 1479 1480 1481 1482 1483 1484]] [99 [1485 1486 1487 1488 1489 1490 1491 1492 1493 1494 1495 1496 1497 1498 1499]]]","[[0 [1 2 3 4 5 6 7 8 9 10 11 13 14]] [1 [15 16 17 18 19 20 21 22 23 25 26 28]] [2 [30 31 32 33 35 36 37 38 39 40 41 42 44]] [3 [45 46 47 48 50 51 52 53 54 55 56 58]] [4 [60 61 62 63 64 67 68 69 70 71 72 73 74]] [5 [76 77 78 79 80 82 84 85 86 87 88 89]] [6 [90 91 92 94 95 96 97 98 99 100 101 102 103 104]] [7 [106 107 110 111 112 113 114 115 116 117 118 119]] [8 [120 121 122 123 124 125 126 127 128 130 131 133 134]] [9 [136 137 138 139 140 141 142 143 144 145 146]] [10 [156 157 158 160 161 162 164]] [11 [165 166 167 171 172 173 174 175 176 177 178 179]] [12 [180 181 184 185 186 187 188 189 190 191 192 193]] [13 [195 196 197 198 199 200 201 202 203 204 206 207 208 209]] [14 [210 211 213 214 215 216 217 218 219 220 221 222 224]] [15 [225 226 228 229 230 231 232 233 234 235 236 237 238 239]] [16 [242 243 244 245 246 247 248 249 250 251 252 254]] [17 [255 256 257 258 259 260 261 262 263 264 266 268 269]] [18 [270 271 272 273 274 275 277 278 279 280 281 283 284]] [19 [285 286 287 288 289 290 291 292 293 294 295 297 298 299]] [20 [301 302 303 304 306 307 308 309 312 313 314]] [21 [315 316 319 320 321 324 326 327 328 329]] [22 [330 331 332 333 336 337 338 339 340 342 343 344]] [23 [345 346 347 348 350 351 352 353 354 355 356 357 358]] [24 [364 365 366 367 368 369 370 371 372 373 374]] [25 [378 379 381 382 383 385 386 387 389]] [26 [390 391 392 394 395 397 398 399 400 401 402 403 404]] [27 [406 407 408 409 411 412 413 414 415 417 418 419]] [28 [420 421 422 426 427 428 430 432 433 434]] [29 [435 437 438 439 440 441 442 443 444 445 446 447]] [30 [450 451 452 453 455 456 457 458 459 460 461 462 463 464]] [31 [465 466 467 468 469 470 472 473 474 475 476 477 478 479]] [32 [480 481 482 483 484 487 488 489 491 493 494]] [33 [496 497 498 499 500 501 502 503 504 505 506 508 509]] [34 [510 511 512 513 514 515 516 517 518 519 520 521 522]] [35 [527 528 531 532 533 534 535 536 537 538 539]] [36 [541 542 543 544 545 546 547 548 549 550 551 553]] [37 [555 556 557 558 559 560 561 562 563 564 565 566 567 568 569]] [38 [570 572 574 575 576 578 579 581 582 583 584]] [39 [585 586 587 588 589 590 592 593 594 595 596 597 598 599]] [40 [600 601 602 603 605 606 608 609 610 611 612 613 614]] [41 [615 616 617 618 619 620 621 622 624 626 627 628 629]] [42 [630 631 632 633 634 635 637 638 639 640 641 642 643 644]] [43 [645 646 647 648 649 651 652 653 654 655 656 657 658 659]] [44 [660 661 662 663 664 665 666 668 669 670 671 672 673 674]] [45 [675 676 677 678 679 680 681 682 683 685 686 687 688]] [46 [691 693 694 695 696 697 698 699 700]] [47 [705 706 707 709 710 711 712 713 715 716 717]] [48 [720 721 722 724 725 726 727 728 729 730 731 732 733 734]] [49 [735 736 737 738 739 740 741 742 743 744 745 746 747 748 749]] [50 [751 752 753 757 758 759 760 761 762 763 764]] [51 [765 766 767 768 769 770 771 772 773 774 776 777 778 779]] [52 [780 781 782 783 784 785 786 789 790 791 792 793]] [53 [797 798 799 800 801 802 803 804 805 806 808 809]] [54 [810 811 812 813 814 815 816 817 818 819 820 822 823 824]] [55 [825 827 829 830 831 832 833 834 835 836 839]] [56 [840 841 842 843 844 845 846 847 848 849 850 851 852 853 854]] [57 [855 860 861 862 863 864 865 867 869]] [58 [870 871 872 873 874 875 876 877 878 879 881 883 884]] [59 [885 886 887 888 889 890 891 892 894 895 896 897 898]] [60 [900 901 902 903 904 905 906 907 908 910 912 913]] [61 [915 916 917 918 919 920 921 923 924 925 926 927]] [62 [930 932 933 934 935 936 937 938 940 942 943 944]] [63 [945 946 948 949 950 951 952 953 954 956 957 958 959]] [64 [960 964 965 966 967 972 973 974]] [65 [975 976 977 978 979 980 981 982 983 984 985 988 989]] [66 [990 991 992 993 994 995 998 999 1001 1002 1003 1004]] [67 [1005 1006 1007 1009 1010 1011 1012 1013 1014 1017 1018 1019]] [68 [1020 1021 1022 1023 1025 1026 1028 1029 1030 1031 1032 1033 1034]] [69 [1036 1037 1038 1040 1042 1043 1044 1046 1047 1048]] [70 [1051 1052 1053 1054 1055 1058 1059 1060 1061 1062 1063 1064]] [71 [1066 1067 1068 1069 1070 1072 1073 1074 1075 1077 1078]] [72 [1080 1081 1082 1083 1084 1085 1086 1087 1088 1089 1090 1093 1094]] [73 [1095 1096 1097 1098 1099 1100 1105 1106 1107 1108]] [74 [1110 1111 1112 1113 1114 1115 1116 1117 1122 1123 1124]] [75 [1125 1126 1127 1128 1129 1130 1131 1132 1134 1135 1138 1139]] [76 [1141 1142 1144 1145 1146 1147 1148 1149 1150 1151 1152 1153]] [77 [1155 1156 1157 1158 1159 1160 1161 1162 1163 1165 1167]] [78 [1170 1171 1172 1173 1174 1175 1176 1177 1179 1180 1181 1182 1183 1184]] [79 [1186 1187 1188 1189 1191 1192 1194 1195 1196 1197 1199]] [80 [1200 1201 1202 1203 1204 1205 1206 1207 1208 1211 1213 1214]] [81 [1215 1217 1219 1220 1221 1222 1223 1224 1225 1226 1227 1228 1229]] [82 [1230 1231 1232 1233 1234 1235 1237 1238 1240 1241 1242 1243]] [83 [1245 1247 1248 1249 1250 1251 1252 1254 1256 1258 1259]] [84 [1260 1261 1262 1263 1264 1265 1266 1267 1268 1269 1271 1272 1273 1274]] [85 [1275 1276 1277 1278 1279 1280 1281 1282 1283 1284 1285 1287 1288 1289]] [86 [1290 1291 1292 1295 1296 1297 1298 1300 1301 1302 1303 1304]] [87 [1305 1306 1307 1308 1309 1311 1312 1315 1316 1317 1318]] [88 [1320 1321 1322 1325 1326 1327 1328 1329 1330 1332 1333 1334]] [89 [1335 1336 1338 1340 1342 1343 1344 1345 1346 1347 1349]] [90 [1352 1354 1355 1356 1357 1358 1359 1360 1363 1364]] [91 [1365 1366 1367 1368 1369 1371 1372 1373 1374 1379]] [92 [1380 1381 1382 1383 1384 1385 1386 1387 1388 1389 1390 1391 1393 1394]] [93 [1395 1396 1397 1398 1399 1400 1401 1402 1403 1404 1405 1406 1408]] [94 [1410 1411 1412 1414 1415 1416 1418 1419 1420 1421 1422 1423 1424]] [95 [1426 1427 1428 1429 1430 1431 1432 1433 1434 1435 1436 1437 1438]] [96 [1440 1441 1442 1443 1444 1445 1446 1447 1448 1449 1450 1451 1452 1453 1454]] [97 [1455 1456 1457 1458 1459 1460 1461 1462 1463 1464 1465 1466 1467 1468 1469]] [98 [1470 1471 1472 1473 1475 1476 1477 1479 1480 1481 1482 1484]] [99 [1485 1486 1487 1489 1490 1491 1492 1494 1495 1496 1498]]]",,"[[{citizen 22} [[""A"" [3 2]]]] [{citizen 33} [[""A"" [2 4]]]] [{citizen 47} [[""A"" [2 4]]]] [{media 50} [[""A"" [4 4]]]] [{media 51} [[""A"" [2 2]]]] [{media 52} [[""A"" [2 2]]]] [{media 53} [[""A"" [4 4]]]] [{media 54} [[""A"" [3 3]]]] [{media 55} [[""A"" [3 3]]]] [{media 56} [[""A"" [2 2]]]] [{media 57} [[""A"" [2 2]]]] [{media 58} [[""A"" [1 1]]]] [{media 59} [[""A"" [4 4]]]] [{media 60} [[""A"" [4 4]]]] [{media 61} [[""A"" [3 3]]]] [{media 62} [[""A"" [4 4]]]] [{media 63} [[""A"" [3 3]]]] [{media 64} [[""A"" [3 3]]]] [{citizen 4} [[""A"" [2 4]]]] [{citizen 17} [[""A"" [3 3]]]] [{citizen 0} [[""A"" [4 3]]]] [{citizen 9} [[""A"" [2 4]]]] [{citizen 3} [[""A"" [3 4]]]] [{citizen 49} [[""A"" [2 4]]]] [{citizen 1} [[""A"" [3 4]]]] [{citizen 32} [[""A"" [2 4]]]] [{citizen 15} [[""A"" [2 4]]]] [{citizen 25} [[""A"" [3 3]]]] [{citizen 48} [[""A"" [2 4]]]] [{citizen 31} [[""A"" [2 4]]]] [{citizen 43} [[""A"" [3 2]]]] [{citizen 21} [[""A"" [2 4]]]] [{citizen 7} [[""A"" [3 2]]]] [{citizen 5} [[""A"" [2 2]]]] [{citizen 41} [[""A"" [2 4]]]] [{citizen 12} [[""A"" [2 4]]]] [{citizen 20} [[""A"" [2 4]]]] [{citizen 44} [[""A"" [3 3]]]] [{citizen 14} [[""A"" [3 3]]]] [{citizen 38} [[""A"" [2 2]]]] [{citizen 8} [[""A"" [2 4]]]] [{citizen 35} [[""A"" [2 4]]]] [{citizen 13} [[""A"" [2 4]]]] [{citizen 28} [[""A"" [4 4]]]] [{citizen 40} [[""A"" [2 4]]]] [{citizen 46} [[""A"" [3 4]]]] [{citizen 6} [[""A"" [2 2]]]] [{citizen 45} [[""A"" [2 4]]]] [{citizen 10} [[""A"" [3 2]]]] [{citizen 18} [[""A"" [3 2]]]] [{citizen 30} [[""A"" [3 2]]]] [{citizen 26} [[""A"" [3 2]]]] [{citizen 29} [[""A"" [3 2]]]] [{citizen 37} [[""A"" [4 4]]]] [{citizen 2} [[""A"" [2 4]]]] [{citizen 23} [[""A"" [3 2]]]] [{citizen 36} [[""A"" [2 4]]]] [{citizen 34} [[""A"" [2 4]]]] [{citizen 39} [[""A"" [2 4]]]] [{citizen 42} [[""A"" [2 4]]]] [{citizen 24} [[""A"" [3 2]]]] [{citizen 27} [[""A"" [2 2]]]] [{citizen 16} [[""A"" [3 3]]]] [{citizen 11} [[""A"" [2 4]]]]]"
"20","[85 0 170]","264.48979591836735","-7.116044275886127","-0.8262275582200563","""circle""","""""","9.9","{breed citizens}","false","0.5","1","""up""",,"[[""ID"" 49] [""alpha"" 1] [""beta"" 1] [""malleable"" [""A""]] [""prior"" []] [""cont_tokens"" []] [""A"" 4]]","[[0 [0 1 2 3 4 5 6 7 8 9 10 11 12 13]] [1 [15 16 17 18 19 20 21 22 23 24 25 26 27 28 29]] [2 [30 31 32 33 34 35 36 37 38 39 40 41 42 43 44]] [3 [45 46 47 48 49 50 51 52 53 54 55 56 57 58 59]] [4 [60 61 62 63 64 65 66 67 68 69 70 71 72 73 74]] [5 [75 76 77 78 79 80 81 82 83 84 85 86 87 88 89]] [6 [90 91 92 93 94 95 96 97 98 99 100 101 102 103 104]] [7 [105 106 107 108 109 110 111 112 113 114 115 116 117 118 119]] [8 [120 121 122 123 124 125 126 127 128 129 130 131 132 133 134]] [9 [135 136 137 138 139 140 141 142 143 144 145 146 147 148 149]] [10 [150 151 152 153 154 155 156 157 158 159 160 161 162 163 164]] [11 [165 166 167 168 169 170 171 172 173 174 175 176 177 178 179]] [12 [180 181 183 184 185 186 187 188 189 190 191 192 193 194]] [13 [195 196 197 198 199 200 201 202 203 204 205 206 207 208 209]] [14 [210 211 212 213 214 215 216 217 218 219 220 221 222 223 224]] [15 [225 226 227 228 229 230 231 232 233 234 235 236 237 238 239]] [16 [241 242 243 244 245 246 247 248 249 250 251 252 253 254]] [17 [255 256 257 258 259 260 261 262 263 264 265 266 267 268 269]] [18 [270 271 272 273 274 275 276 277 278 279 280 281 282 283 284]] [19 [285 286 287 288 289 290 291 292 293 294 295 296 297 298 299]] [20 [300 301 302 303 304 305 306 307 308 309 310 311 312 313 314]] [21 [315 316 317 318 319 320 321 322 323 324 325 326 327 328 329]] [22 [330 331 332 333 334 335 336 337 338 339 340 341 342 343 344]] [23 [345 346 347 348 349 350 351 352 353 354 355 356 357 358 359]] [24 [360 361 362 363 364 365 366 367 368 369 370 371 372 373 374]] [25 [375 376 377 378 379 380 381 382 383 384 385 386 387 388 389]] [26 [390 391 392 393 394 395 396 397 398 399 400 401 402 403 404]] [27 [405 406 407 408 409 410 411 412 413 414 415 416 417 418 419]] [28 [420 421 422 424 425 426 427 428 429 430 431 432 433 434]] [29 [435 436 437 438 439 440 441 442 443 444 445 446 447 448 449]] [30 [450 451 452 453 454 455 456 457 458 459 460 461 462 463 464]] [31 [465 466 467 468 469 470 471 472 473 474 475 476 477 478 479]] [32 [480 481 482 483 484 485 486 487 488 489 490 491 492 493 494]] [33 [495 496 497 498 499 500 501 502 503 504 505 506 507 508 509]] [34 [510 511 512 513 514 515 516 517 518 519 520 521 522 523 524]] [35 [525 526 527 528 529 530 531 532 533 534 535 536 537 538 539]] [36 [540 541 542 543 544 545 546 547 548 549 550 551 553 554]] [37 [555 556 557 558 559 560 561 562 563 564 565 566 567 568 569]] [38 [570 571 572 573 574 575 576 577 578 579 580 581 582 583 584]] [39 [585 586 587 588 589 590 592 593 594 595 596 597 598 599]] [40 [600 601 602 603 604 605 606 607 608 609 610 611 612 613 614]] [41 [615 616 617 618 619 620 621 622 623 624 626 627 628 629]] [42 [630 631 632 633 634 635 636 637 638 639 640 641 642 643 644]] [43 [645 646 647 648 649 650 651 652 653 654 655 656 657 658 659]] [44 [660 661 662 663 664 665 666 667 668 669 670 671 672 673 674]] [45 [675 676 677 678 679 680 681 682 683 684 685 686 687 688]] [46 [690 691 692 693 694 695 696 697 698 699 700 701 702 703 704]] [47 [705 706 707 708 709 710 711 712 713 715 716 717 718 719]] [48 [720 721 722 723 724 725 726 727 728 729 730 731 732 733 734]] [49 [735 736 737 738 739 740 741 742 743 744 745 746 747 748 749]] [50 [750 751 752 753 754 755 756 757 758 759 760 761 762 763 764]] [51 [765 766 767 768 769 770 771 772 773 774 775 776 777 778 779]] [52 [780 781 782 783 784 785 786 787 788 789 790 791 792 793 794]] [53 [795 796 797 798 799 800 801 802 803 804 805 806 807 808 809]] [54 [810 811 812 813 814 815 816 817 818 819 820 821 822 823 824]] [55 [825 826 827 828 829 830 831 832 833 834 835 836 837 838 839]] [56 [840 841 842 843 844 845 846 847 848 849 850 851 852 853 854]] [57 [855 856 857 858 859 860 861 862 863 864 865 866 867 868 869]] [58 [870 871 872 873 874 875 876 877 878 879 881 882 883 884]] [59 [885 886 887 888 889 890 891 892 893 894 895 896 897 898 899]] [60 [900 901 902 903 904 905 906 907 908 909 910 911 912 913 914]] [61 [915 916 917 918 919 920 921 922 923 924 925 926 927 928 929]] [62 [930 931 932 933 934 935 936 937 938 939 940 941 942 943 944]] [63 [945 946 948 949 950 951 952 953 954 955 956 957 958 959]] [64 [960 961 962 963 964 965 966 967 968 969 970 971 972 973 974]] [65 [975 976 977 978 979 980 981 982 983 984 985 986 987 988 989]] [66 [990 991 992 993 994 995 996 997 998 999 1000 1001 1002 1003 1004]] [67 [1005 1006 1007 1009 1010 1011 1012 1013 1014 1015 1016 1017 1018 1019]] [68 [1020 1021 1022 1023 1024 1025 1026 1027 1028 1029 1030 1031 1032 1033 1034]] [69 [1035 1036 1037 1038 1040 1042 1043 1044 1046 1047 1048]] [70 [1050 1051 1052 1053 1054 1055 1056 1057 1058 1059 1060 1061 1062 1063 1064]] [71 [1065 1066 1067 1068 1069 1070 1071 1072 1073 1074 1075 1076 1077 1078 1079]] [72 [1080 1081 1082 1083 1084 1085 1086 1087 1088 1089 1090 1091 1092 1093 1094]] [73 [1095 1096 1097 1098 1099 1100 1101 1102 1103 1104 1105 1106 1107 1108 1109]] [74 [1110 1111 1112 1113 1114 1115 1116 1117 1118 1119 1120 1121 1122 1123 1124]] [75 [1125 1126 1127 1128 1129 1130 1131 1132 1133 1134 1135 1136 1137 1138 1139]] [76 [1140 1141 1142 1143 1144 1145 1146 1147 1148 1149 1150 1151 1152 1153 1154]] [77 [1155 1156 1157 1158 1159 1160 1161 1162 1163 1164 1165 1166 1167 1168 1169]] [78 [1170 1171 1172 1173 1174 1175 1176 1177 1178 1179 1180 1181 1182 1183 1184]] [79 [1185 1186 1187 1188 1189 1190 1191 1192 1193 1194 1195 1196 1197 1198 1199]] [80 [1200 1201 1202 1203 1204 1205 1206 1207 1208 1209 1210 1211 1212 1213 1214]] [81 [1215 1216 1217 1218 1219 1220 1221 1222 1223 1224 1225 1226 1227 1228 1229]] [82 [1230 1231 1232 1233 1234 1235 1236 1237 1238 1239 1240 1241 1242 1243 1244]] [83 [1245 1246 1247 1248 1249 1250 1251 1252 1253 1254 1255 1256 1257 1258 1259]] [84 [1260 1261 1262 1263 1264 1265 1266 1267 1268 1269 1270 1271 1272 1273 1274]] [85 [1275 1276 1277 1278 1279 1280 1281 1282 1283 1284 1285 1287 1288 1289]] [86 [1290 1291 1292 1293 1295 1296 1297 1298 1299 1300 1301 1302 1303 1304]] [87 [1305 1306 1307 1308 1309 1310 1311 1312 1313 1314 1315 1316 1317 1318 1319]] [88 [1320 1321 1322 1324 1325 1326 1327 1328 1329 1330 1331 1332 1333 1334]] [89 [1335 1336 1337 1338 1339 1340 1342 1343 1344 1345 1346 1347 1348 1349]] [90 [1350 1351 1352 1353 1354 1355 1356 1357 1358 1359 1360 1361 1362 1363 1364]] [91 [1365 1366 1367 1368 1369 1370 1371 1372 1373 1374 1375 1376 1377 1378 1379]] [92 [1380 1381 1382 1383 1384 1385 1386 1387 1388 1389 1390 1391 1392 1393 1394]] [93 [1395 1396 1397 1398 1399 1400 1401 1402 1403 1404 1405 1406 1407 1408 1409]] [94 [1410 1411 1412 1413 1414 1415 1416 1417 1418 1419 1420 1421 1422 1423 1424]] [95 [1425 1426 1427 1428 1429 1430 1431 1432 1433 1434 1435 1436 1437 1438 1439]] [96 [1440 1441 1442 1443 1444 1445 1446 1447 1448 1449 1450 1451 1452 1453 1454]] [97 [1455 1456 1457 1458 1459 1460 1461 1462 1463 1464 1465 1466 1467 1468 1469]] [98 [1470 1471 1472 1473 1474 1475 1476 1477 1478 1479 1480 1481 1482 1483 1484]] [99 [1485 1486 1487 1488 1489 1490 1491 1492 1493 1494 1495 1496 1497 1498 1499]]]","[[0 [0 1 2 3 5 6 7 8 10 12 13]] [1 [16 17 18 19 20 21 22 23 25 26 28]] [2 [30 31 32 33 35 39 40 41 42 44]] [3 [45 46 47 48 50 51 52 53 54 55 56 58 59]] [4 [60 61 62 63 64 67 68 69 71 72 73]] [5 [75 76 77 78 79 80 81 83 84 85 86 89]] [6 [90 91 92 94 95 96 99 100 101 102 103 104]] [7 [106 107 109 110 111 112 113 114 117 118 119]] [8 [120 121 122 123 124 125 126 128 129 130 131 133 134]] [9 [135 136 137 138 141 142 143 144 145 146]] [10 [151 153 154 156 157 158 160 161 162 163 164]] [11 [165 166 167 170 171 173 174 175 176 177 178 179]] [12 [180 181 183 184 185 186 187 188 189 192 193]] [13 [195 196 197 199 200 201 202 203 204 206 207 208]] [14 [210 211 212 218 220 221 222 223 224]] [15 [225 226 228 229 230 231 232 233 234 235 236 237 238 239]] [16 [241 242 243 244 245 247 248 249 250 251 252 254]] [17 [255 256 257 258 259 260 262 263 264 265 266 269]] [18 [270 271 272 273 274 275 277 278 279 280 281 282 283 284]] [19 [285 286 287 288 289 290 291 292 293 294 296 297 298 299]] [20 [301 302 303 304 307 308 309 310 311]] [21 [316 319 320 321 322 323 324 326 327 328 329]] [22 [330 331 332 333 334 335 336 337 338 339 341 342 343 344]] [23 [345 347 348 349 350 351 352 353 354 355 356 357 358]] [24 [361 362 363 364 366 367 368 369 370 372 373 374]] [25 [378 379 380 381 382 383 385 386 388 389]] [26 [390 391 392 394 395 396 398 399 400 401 402 403]] [27 [405 406 407 408 409 411 412 413 414 415 416 417 418 419]] [28 [420 421 422 426 427 428 429 430 431 432 433 434]] [29 [435 438 439 441 442 443 444 445 446 447]] [30 [450 451 452 453 455 456 457 458 460 461 462 463 464]] [31 [465 466 467 468 469 470 471 472 473 474 476 477 478 479]] [32 [480 481 482 483 484 485 486 487 488 489 490 491 493 494]] [33 [495 496 497 498 499 500 501 502 504 505 506 508 509]] [34 [510 511 512 513 514 516 517 518 519 520 521 523 524]] [35 [525 526 527 528 530 532 533 534 535 536 537 538 539]] [36 [541 542 543 544 545 546 547 548 549 550 551 553 554]] [37 [555 556 557 558 560 561 562 563 564 565 566 567 569]] [38 [570 571 572 574 575 576 577 579 581 582 583 584]] [39 [585 586 587 588 589 590 592 593 594 595 596 598 599]] [40 [600 601 602 603 605 606 607 609 610 611 612 614]] [41 [615 616 617 618 619 620 621 623 624 626 627 628 629]] [42 [630 631 632 633 634 635 637 638 639 640 641 642 644]] [43 [645 647 648 649 651 652 653 654 655 656 657]] [44 [660 661 662 663 664 665 666 668 670 671 672 673 674]] [45 [675 676 677 678 679 680 682 683 684 685 686 687 688]] [46 [690 691 693 694 695 696 697 698 699 701 702 703 704]] [47 [705 706 707 709 710 711 712 713 715 716 717]] [48 [720 721 722 724 725 726 727 728 729 730 731 732 733 734]] [49 [735 736 738 739 740 741 742 743 744 745 746 747 748]] [50 [750 751 752 753 756 757 758 759 760 761 762 763 764]] [51 [765 766 767 768 770 772 773 774 776 777 778 779]] [52 [780 781 782 783 784 785 786 787 788 789 790 791 792 793]] [53 [797 798 799 800 801 802 803 804 806 809]] [54 [810 811 812 813 814 815 816 817 819 820 821 822 823 824]] [55 [825 826 827 829 830 831 832 833 834 835 836 839]] [56 [840 841 842 843 844 845 846 847 848 849 850 851 852 853 854]] [57 [855 856 857 858 859 860 861 862 864 865 866 867 868 869]] [58 [870 871 872 873 874 875 876 877 878 879 881 883 884]] [59 [885 886 887 891 892 893 895 897 898 899]] [60 [900 901 902 903 905 906 907 909 910 912 913 914]] [61 [915 916 917 919 920 921 922 923 924 925 926 927 929]] [62 [930 932 933 934 935 936 937 938 939 940 941 942 943 944]] [63 [945 946 949 950 951 952 953 954 956 957 958 959]] [64 [960 963 964 965 966 967 972 973 974]] [65 [975 977 979 980 981 983 984 985 986 987]] [66 [990 992 993 994 995 998 999 1000 1002 1003 1004]] [67 [1005 1006 1007 1009 1010 1011 1012 1013 1015 1016 1017 1018 1019]] [68 [1020 1021 1022 1023 1024 1025 1026 1027 1028 1029 1030 1031 1032 1033 1034]] [69 [1036 1040 1042 1043 1044 1046 1047 1048]] [70 [1050 1052 1053 1054 1055 1058 1059 1060 1061 1062 1063]] [71 [1065 1067 1068 1069 1070 1072 1073 1074 1075 1077 1078 1079]] [72 [1080 1081 1082 1083 1084 1085 1087 1088 1089 1090 1093 1094]] [73 [1096 1097 1098 1099 1101 1102 1103 1104 1105 1106 1107 1108 1109]] [74 [1111 1114 1115 1118 1119 1120 1121 1122 1123]] [75 [1125 1126 1127 1128 1129 1130 1131 1133 1136 1137 1138 1139]] [76 [1140 1141 1143 1145 1146 1147 1148 1149 1150 1151 1152 1154]] [77 [1155 1156 1157 1158 1159 1161 1162 1163 1164 1166 1167]] [78 [1170 1171 1172 1175 1177 1178 1179 1180 1181 1182 1183]] [79 [1185 1186 1187 1188 1189 1191 1192 1194 1197 1198]] [80 [1200 1201 1202 1203 1204 1205 1206 1207 1208 1209 1210 1211 1213 1214]] [81 [1215 1216 1217 1219 1220 1221 1222 1223 1224 1225 1226 1227 1228 1229]] [82 [1230 1231 1232 1233 1234 1235 1236 1237 1238 1239 1242 1243]] [83 [1246 1247 1248 1249 1250 1251 1252 1254 1255 1257 1258 1259]] [84 [1260 1261 1262 1263 1264 1265 1266 1267 1268 1272 1273 1274]] [85 [1276 1277 1278 1279 1280 1281 1283 1284 1285 1288 1289]] [86 [1290 1291 1292 1293 1295 1296 1297 1298 1300 1301 1302 1303 1304]] [87 [1305 1306 1307 1308 1309 1310 1311 1312 1316 1317 1318]] [88 [1320 1321 1322 1325 1326 1327 1328 1329 1330 1332 1333 1334]] [89 [1335 1337 1339 1340 1342 1343 1344 1345 1346 1347 1348]] [90 [1350 1351 1353 1354 1355 1356 1357 1358 1359 1360 1362 1363 1364]] [91 [1365 1366 1367 1368 1369 1370 1371 1372 1373 1374 1379]] [92 [1380 1381 1382 1383 1384 1385 1386 1387 1388 1389 1390 1391 1393 1394]] [93 [1395 1396 1397 1398 1399 1400 1401 1402 1403 1404 1405 1406 1408 1409]] [94 [1413 1414 1415 1416 1418 1419 1420 1421 1422 1423 1424]] [95 [1425 1427 1428 1429 1430 1431 1432 1433 1434 1435 1437 1438]] [96 [1440 1441 1442 1443 1444 1445 1446 1447 1448 1449 1450 1451 1452 1453 1454]] [97 [1455 1456 1457 1458 1459 1461 1462 1464 1466 1467 1468 1469]] [98 [1470 1472 1473 1474 1476 1477 1481 1483 1484]] [99 [1485 1486 1487 1489 1490 1491 1492 1493 1494 1495 1496 1497 1498 1499]]]",,"[[{media 50} [[""A"" [4 4]]]] [{media 51} [[""A"" [2 2]]]] [{media 53} [[""A"" [4 4]]]] [{media 55} [[""A"" [3 3]]]] [{media 56} [[""A"" [2 2]]]] [{media 57} [[""A"" [2 2]]]] [{media 60} [[""A"" [4 4]]]] [{media 61} [[""A"" [3 3]]]] [{media 62} [[""A"" [4 4]]]] [{media 64} [[""A"" [3 3]]]] [{citizen 4} [[""A"" [2 4]]]] [{citizen 7} [[""A"" [2 2]]]] [{media 63} [[""A"" [3 3]]]] [{citizen 1} [[""A"" [4 2]]]] [{citizen 5} [[""A"" [2 2]]]] [{citizen 3} [[""A"" [4 4]]]] [{citizen 9} [[""A"" [4 4]]]] [{media 54} [[""A"" [3 3]]]] [{media 52} [[""A"" [2 2]]]] [{media 58} [[""A"" [1 1]]]] [{citizen 49} [[""A"" [2 4]]]] [{citizen 32} [[""A"" [4 4]]]] [{citizen 15} [[""A"" [2 2]]]] [{citizen 0} [[""A"" [2 2]]]] [{citizen 17} [[""A"" [3 2]]]] [{citizen 16} [[""A"" [3 3]]]] [{citizen 44} [[""A"" [2 2]]]] [{citizen 2} [[""A"" [4 4]]]] [{citizen 37} [[""A"" [4 4]]]] [{citizen 26} [[""A"" [2 2]]]] [{citizen 29} [[""A"" [3 2]]]] [{citizen 25} [[""A"" [2 2]]]] [{citizen 48} [[""A"" [2 4]]]] [{citizen 31} [[""A"" [2 4]]]] [{citizen 43} [[""A"" [2 2]]]] [{citizen 21} [[""A"" [2 4]]]] [{citizen 41} [[""A"" [2 4]]]] [{citizen 12} [[""A"" [2 4]]]] [{citizen 6} [[""A"" [2 2]]]] [{citizen 23} [[""A"" [2 2]]]] [{citizen 14} [[""A"" [2 2]]]] [{citizen 36} [[""A"" [2 4]]]] [{citizen 34} [[""A"" [2 2]]]] [{citizen 46} [[""A"" [2 4]]]] [{citizen 39} [[""A"" [4 4]]]] [{citizen 35} [[""A"" [2 4]]]] [{citizen 13} [[""A"" [2 4]]]] [{citizen 38} [[""A"" [2 2]]]] [{citizen 45} [[""A"" [4 2]]]] [{citizen 10} [[""A"" [4 2]]]] [{citizen 40} [[""A"" [2 4]]]] [{citizen 18} [[""A"" [2 2]]]] [{citizen 28} [[""A"" [4 4]]]] [{citizen 27} [[""A"" [2 2]]]] [{citizen 19} [[""A"" [2 2]]]] [{citizen 42} [[""A"" [4 4]]]] [{citizen 22} [[""A"" [3 2]]]] [{media 59} [[""A"" [4 4]]]] [{citizen 8} [[""A"" [2 2]]]] [{citizen 33} [[""A"" [2 2]]]] [{citizen 24} [[""A"" [3 2]]]] [{citizen 30} [[""A"" [2 2]]]] [{citizen 11} [[""A"" [2 4]]]] [{citizen 47} [[""A"" [4 4]]]]]"
"21","[85 0 170]","275.51020408163265","-7.267542755726899","0.4309590562925291","""circle""","""""","9.9","{breed citizens}","false","0.5","1","""up""",,"[[""ID"" 7] [""alpha"" 1] [""beta"" 1] [""malleable"" [""A""]] [""prior"" []] [""cont_tokens"" []] [""A"" 4]]","[[0 [0 1 2 3 4 5 6 7 8 9 10 11 12 13]] [1 [15 16 17 18 19 20 21 22 23 24 25 26 27 28 29]] [2 [30 31 32 33 34 35 36 37 38 39 40 41 42 43 44]] [3 [45 46 47 48 49 50 51 52 53 54 55 56 57 58 59]] [4 [60 61 62 63 64 65 66 67 68 69 70 71 72 73 74]] [5 [75 76 77 78 79 80 81 82 83 84 85 86 87 88 89]] [6 [90 91 92 93 94 95 96 97 98 99 100 101 102 103 104]] [7 [105 106 107 108 109 110 111 112 113 114 115 116 117 118 119]] [8 [120 121 122 123 124 125 126 127 128 129 130 131 132 133 134]] [9 [135 136 137 138 139 140 141 142 143 144 145 146 147 148 149]] [10 [150 151 152 153 154 155 156 157 158 159 160 161 162 163 164]] [11 [165 166 167 168 169 170 171 172 173 174 175 176 177 178 179]] [12 [180 181 183 184 185 186 187 188 189 190 191 192 193 194]] [13 [195 196 197 198 199 200 201 202 203 204 205 206 207 208 209]] [14 [210 211 212 213 214 215 216 217 218 219 220 221 222 223 224]] [15 [225 226 227 228 229 230 231 232 233 234 235 236 237 238 239]] [16 [241 242 243 244 245 246 247 248 249 250 251 252 253 254]] [17 [255 256 257 258 259 260 261 262 263 264 265 266 267 268 269]] [18 [270 271 272 273 274 275 276 277 278 279 280 281 282 283 284]] [19 [285 286 287 288 289 290 291 292 293 294 295 296 297 298 299]] [20 [300 301 302 303 304 305 306 307 308 309 310 311 312 313 314]] [21 [315 316 317 318 319 320 321 322 323 324 325 326 327 328 329]] [22 [330 331 332 333 334 335 336 337 338 339 340 341 342 343 344]] [23 [345 346 347 348 349 350 351 352 353 354 355 356 357 358 359]] [24 [360 361 362 363 364 365 366 367 368 369 370 371 372 373 374]] [25 [375 376 377 378 379 380 381 382 383 384 385 386 387 388 389]] [26 [390 391 392 393 394 395 396 397 398 399 400 401 402 403 404]] [27 [405 406 407 408 409 410 411 412 413 414 415 416 417 418 419]] [28 [420 421 422 424 425 426 427 428 429 430 431 432 433 434]] [29 [435 436 437 438 439 440 441 442 443 444 445 446 447 448 449]] [30 [450 451 452 453 454 455 456 457 458 459 460 461 462 463 464]] [31 [465 466 467 468 469 470 471 472 473 474 475 476 477 478 479]] [32 [480 481 482 483 484 485 486 487 488 489 490 491 492 493 494]] [33 [495 496 497 498 499 500 501 502 503 504 505 506 507 508 509]] [34 [510 511 512 513 514 515 516 517 518 519 520 521 522 523 524]] [35 [525 526 527 528 529 530 531 532 533 534 535 536 537 538 539]] [36 [540 541 542 543 544 545 546 547 548 549 550 551 552 553 554]] [37 [555 556 557 558 559 560 561 562 563 564 565 566 567 568 569]] [38 [570 571 572 573 574 575 576 577 578 579 580 581 582 583 584]] [39 [585 586 587 588 589 590 592 593 594 595 596 597 598 599]] [40 [600 601 602 603 604 605 606 607 608 609 610 611 612 613 614]] [41 [615 616 617 618 619 620 621 622 623 624 626 627 628 629]] [42 [630 631 632 633 634 635 636 637 638 639 640 641 642 643 644]] [43 [645 646 647 648 649 650 651 652 653 654 655 656 657 658 659]] [44 [660 661 662 663 664 665 666 667 668 669 670 671 672 673 674]] [45 [675 676 677 678 679 680 681 682 683 684 685 686 687 688]] [46 [690 691 692 693 694 695 696 697 698 699 700 701 702 703 704]] [47 [705 706 707 708 709 710 711 712 713 715 716 717 718 719]] [48 [720 721 722 724 725 726 727 728 729 730 731 732 733 734]] [49 [735 736 737 738 739 740 741 742 743 744 745 746 747 748 749]] [50 [750 751 752 753 754 755 756 757 758 759 760 761 762 763 764]] [51 [765 766 767 768 769 770 771 772 773 774 775 776 777 778 779]] [52 [780 781 782 783 784 785 786 787 788 789 790 791 792 793 794]] [53 [795 796 797 798 799 800 801 802 803 804 805 806 807 808 809]] [54 [810 811 812 813 814 815 816 817 818 819 820 821 822 823 824]] [55 [825 826 827 828 829 830 831 832 833 834 835 836 837 838 839]] [56 [840 841 842 843 844 845 846 847 848 849 850 851 852 853 854]] [57 [855 856 857 858 859 860 861 862 863 864 865 866 867 868 869]] [58 [870 871 872 873 874 875 876 877 878 879 881 882 883 884]] [59 [885 886 887 888 889 890 891 892 893 894 895 896 897 898 899]] [60 [900 901 902 903 904 905 906 907 908 909 910 911 912 913 914]] [61 [915 916 917 918 919 920 921 922 923 924 925 926 927 928 929]] [62 [930 931 932 933 934 935 936 937 938 939 940 941 942 943 944]] [63 [945 946 948 949 950 951 952 953 954 955 956 957 958 959]] [64 [960 961 962 963 964 965 966 967 968 969 970 971 972 973 974]] [65 [975 976 977 978 979 980 981 982 983 984 985 986 987 988 989]] [66 [990 991 992 993 994 995 996 997 998 999 1000 1001 1002 1003 1004]] [67 [1005 1006 1007 1009 1010 1011 1012 1013 1014 1015 1016 1017 1018 1019]] [68 [1020 1021 1022 1023 1024 1025 1026 1027 1028 1029 1030 1031 1032 1033 1034]] [69 [1035 1036 1037 1038 1040 1042 1043 1044 1046 1047 1048]] [70 [1050 1051 1052 1053 1054 1055 1056 1057 1058 1059 1060 1061 1062 1063 1064]] [71 [1065 1066 1067 1068 1069 1070 1071 1072 1073 1074 1075 1076 1077 1078 1079]] [72 [1080 1081 1082 1083 1084 1085 1086 1087 1088 1089 1090 1091 1092 1093 1094]] [73 [1095 1096 1097 1098 1099 1100 1101 1102 1103 1104 1105 1106 1107 1108 1109]] [74 [1110 1111 1112 1113 1114 1115 1116 1117 1118 1119 1120 1121 1122 1123 1124]] [75 [1125 1126 1127 1128 1129 1130 1131 1132 1133 1134 1135 1136 1137 1138 1139]] [76 [1140 1141 1142 1143 1144 1145 1146 1147 1148 1149 1150 1151 1152 1153 1154]] [77 [1155 1156 1157 1158 1159 1160 1161 1162 1163 1164 1165 1166 1167 1168 1169]] [78 [1170 1171 1172 1173 1174 1175 1176 1177 1178 1179 1180 1181 1182 1183 1184]] [79 [1185 1186 1187 1188 1189 1190 1191 1192 1193 1194 1195 1196 1197 1198 1199]] [80 [1200 1201 1202 1203 1204 1205 1206 1207 1208 1209 1210 1211 1212 1213 1214]] [81 [1215 1216 1217 1218 1219 1220 1221 1222 1223 1224 1225 1226 1227 1228 1229]] [82 [1230 1231 1232 1233 1234 1235 1236 1237 1238 1239 1240 1241 1242 1243 1244]] [83 [1245 1246 1247 1248 1249 1250 1251 1252 1253 1254 1255 1256 1257 1258 1259]] [84 [1260 1261 1262 1263 1264 1265 1266 1267 1268 1269 1270 1271 1272 1273 1274]] [85 [1275 1276 1277 1278 1279 1280 1281 1282 1283 1284 1285 1287 1288 1289]] [86 [1290 1291 1292 1293 1295 1296 1297 1298 1299 1300 1301 1302 1303 1304]] [87 [1305 1306 1307 1308 1309 1310 1311 1312 1313 1314 1315 1316 1317 1318 1319]] [88 [1320 1321 1322 1324 1325 1326 1327 1328 1329 1330 1331 1332 1333 1334]] [89 [1335 1336 1337 1338 1339 1340 1342 1343 1344 1345 1346 1347 1348 1349]] [90 [1350 1351 1352 1353 1354 1355 1356 1357 1358 1359 1360 1361 1362 1363 1364]] [91 [1365 1366 1367 1368 1369 1370 1371 1372 1373 1374 1375 1376 1377 1378 1379]] [92 [1380 1381 1382 1383 1384 1385 1386 1387 1388 1389 1390 1391 1392 1393 1394]] [93 [1395 1396 1397 1398 1399 1400 1401 1402 1403 1404 1405 1406 1407 1408 1409]] [94 [1410 1411 1412 1413 1414 1415 1416 1417 1418 1419 1420 1421 1422 1423 1424]] [95 [1425 1426 1427 1428 1429 1430 1431 1432 1433 1434 1435 1436 1437 1438 1439]] [96 [1440 1441 1442 1443 1444 1445 1446 1447 1448 1449 1450 1451 1452 1453 1454]] [97 [1455 1456 1457 1458 1459 1460 1461 1462 1463 1464 1465 1466 1467 1468 1469]] [98 [1470 1471 1472 1473 1474 1475 1476 1477 1478 1479 1480 1481 1482 1483 1484]] [99 [1485 1486 1487 1488 1489 1490 1491 1492 1493 1494 1495 1496 1497 1498 1499]]]","[[0 [1 3 4 5 6 7 8 10 12]] [1 [15 16 17 18 19 20 21 23 25 27 29]] [2 [30 31 32 33 35 39 40 41 42 43 44]] [3 [45 46 47 48 49 50 51 52 53 54 55 56 58]] [4 [60 61 62 63 64 67 68 69 70 71 72 73 74]] [5 [75 76 77 78 79 80 82 84 85 86 87 88]] [6 [90 91 92 94 96 97 98 99 100 101 102 103 104]] [7 [106 107 110 111 112 115 116 117 118 119]] [8 [120 121 122 123 124 125 126 128 129 130 131 133 134]] [9 [136 137 138 141 142 143 144 146 148 149]] [10 [150 152 153 154 155 156 157 158 160 161 162 163]] [11 [165 166 167 172 173 174 175 176 177 178 179]] [12 [180 181 184 185 186 187 188 189 191 192 193 194]] [13 [196 197 199 200 201 202 203 204 206 208]] [14 [210 211 213 214 215 216 217 218 220 221 222 224]] [15 [225 226 227 228 229 230 231 232 233 234 235 236 237 238 239]] [16 [241 242 243 244 245 246 247 248 249 250 251 252 253]] [17 [255 256 257 258 259 260 261 262 263 264 266 268 269]] [18 [270 271 272 273 274 275 277 278 279 280 281 282 283 284]] [19 [285 286 287 288 289 290 291 292 294 295 297 298]] [20 [300 301 302 303 304 307 308 309 312 313]] [21 [315 316 319 320 321 322 323 325 326 327 328 329]] [22 [330 331 332 333 334 335 336 337 338 339 341 342 343 344]] [23 [345 347 348 349 350 351 352 353 354 355 356 357 358]] [24 [364 365 366 368 369 371 373 374]] [25 [378 379 380 381 382 383 385 386 388 389]] [26 [390 391 393 394 395 396 397 398 399 400 401 402 403 404]] [27 [405 407 408 409 411 412 413 414 415 417 418 419]] [28 [420 422 425 426 427 428 429 430 432 433 434]] [29 [435 438 439 441 442 443 444 448 449]] [30 [450 451 452 453 454 455 456 457 458 460 461 462 463 464]] [31 [466 467 468 469 470 472 473 474 475 476 477 478 479]] [32 [480 481 482 483 484 485 486 487 488 489 490 491 493 494]] [33 [495 496 497 498 499 500 501 502 503 504 505 506 507]] [34 [513 514 515 516 518 519 520 522 523 524]] [35 [525 526 527 528 530 531 532 533 534 535 536]] [36 [540 542 543 544 545 546 547 548 549 550 551 554]] [37 [555 556 558 559 560 561 562 563 564 565 567 569]] [38 [570 571 572 574 575 576 577 578 579 581 582 583 584]] [39 [585 586 587 589 590 592 593 594 595 596 597 598 599]] [40 [600 601 602 603 604 606 607 609 610 611 612 613 614]] [41 [615 616 618 619 620 621 622 624 626 627 628 629]] [42 [630 631 632 633 634 635 637 638 639 640 641 642 643 644]] [43 [645 646 648 649 651 652 653 655 656 657 658 659]] [44 [661 662 663 665 666 667 670 671 672 673 674]] [45 [675 676 677 678 679 680 684 685 686 688]] [46 [691 692 693 695 696 697 698 699 701 702 703 704]] [47 [705 706 707 708 709 710 711 712 713 715 716 717 719]] [48 [721 722 724 725 726 727 728 729 730 731 732 733 734]] [49 [735 736 737 738 739 740 741 742 743 744 745 746 747 748 749]] [50 [751 752 753 754 755 756 757 758 759 760 761 762 763 764]] [51 [765 766 767 768 769 771 772 773 774 776 777 778 779]] [52 [780 781 782 783 784 785 786 789 790 794]] [53 [795 799 800 801 802 803 804 805 806 808 809]] [54 [810 811 812 814 815 816 817 819 820 822]] [55 [826 827 828 829 830 831 832 833 834 835 836]] [56 [843 844 845 846 847 848 849 850 851 852 853 854]] [57 [856 857 858 859 860 861 862 863 864 865 866 867 868 869]] [58 [870 872 873 874 875 876 877 878 879 882 883 884]] [59 [885 886 887 888 889 890 891 892 893 894 895 896 897 898]] [60 [900 901 902 903 904 905 906 907 909 910 912 913]] [61 [915 916 918 920 921 923 924 925 926 927 929]] [62 [930 931 936 937 938 940 942 943 944]] [63 [945 946 949 950 951 952 953 954 955 956 957 958 959]] [64 [960 961 962 963 964 965 966 968 969 970 971 972 973 974]] [65 [975 977 978 979 980 981 982 983 984 985 986 987 989]] [66 [990 991 992 993 994 995 997 998 999 1000 1002 1003 1004]] [67 [1006 1007 1009 1010 1011 1012 1013 1014 1015 1016 1017 1018 1019]] [68 [1020 1021 1022 1023 1024 1025 1026 1028 1029 1031 1032 1033 1034]] [69 [1037 1038 1040 1042 1043 1044 1046 1047 1048]] [70 [1050 1052 1053 1054 1055 1058 1059 1060 1061 1062 1063 1064]] [71 [1066 1067 1068 1069 1070 1071 1073 1074 1075 1076 1077 1078]] [72 [1080 1081 1082 1083 1084 1085 1086 1088 1089 1092 1093 1094]] [73 [1095 1097 1098 1099 1100 1102 1103 1104 1105 1106 1107 1108 1109]] [74 [1111 1114 1115 1116 1117 1119 1120 1121 1122 1123]] [75 [1125 1126 1127 1128 1129 1130 1131 1132 1133 1134 1135 1137 1138 1139]] [76 [1140 1141 1143 1144 1145 1146 1147 1148 1149 1151 1152 1153 1154]] [77 [1155 1156 1157 1158 1159 1161 1163 1164 1165 1167 1168 1169]] [78 [1170 1171 1172 1173 1174 1176 1178 1179 1180 1181 1182 1183]] [79 [1185 1186 1187 1188 1189 1190 1192 1193 1195 1198]] [80 [1200 1201 1202 1204 1205 1206 1207 1208 1209 1210 1211 1212 1213 1214]] [81 [1215 1217 1219 1220 1221 1222 1223 1224 1225 1226 1227 1228 1229]] [82 [1230 1231 1232 1233 1234 1235 1237 1238 1240 1241 1242 1243]] [83 [1246 1247 1248 1249 1250 1251 1252 1253 1255 1256 1257 1258 1259]] [84 [1260 1261 1262 1263 1264 1265 1266 1267 1268 1271 1272 1273 1274]] [85 [1275 1276 1277 1278 1279 1280 1281 1282 1283 1284 1285 1287 1288 1289]] [86 [1290 1291 1292 1293 1295 1297 1298 1299 1300 1301 1302 1303 1304]] [87 [1305 1306 1307 1308 1309 1310 1311 1312 1313 1314 1315 1316 1317 1318]] [88 [1320 1321 1324 1325 1326 1327 1328 1329 1330 1331 1333 1334]] [89 [1335 1336 1338 1340 1342 1343 1345 1346 1347 1348]] [90 [1350 1351 1353 1354 1355 1356 1357 1358 1359 1360 1361 1362 1364]] [91 [1365 1366 1367 1368 1369 1370 1371 1372 1373 1374]] [92 [1381 1382 1383 1384 1385 1386 1387 1388 1389 1390 1391 1392 1394]] [93 [1395 1396 1397 1399 1400 1401 1402 1403 1404 1405 1406 1408 1409]] [94 [1410 1411 1412 1415 1416 1418 1419 1420 1421 1422 1423]] [95 [1425 1427 1428 1430 1431 1432 1433 1434 1435 1436 1437 1438]] [96 [1440 1441 1442 1443 1444 1447 1448 1449 1451 1452 1453 1454]] [97 [1455 1456 1457 1458 1459 1460 1461 1463 1464 1467 1468 1469]] [98 [1470 1471 1472 1473 1474 1475 1478 1479 1480 1482 1484]] [99 [1485 1486 1487 1489 1490 1491 1492 1493 1494 1495 1496 1497 1499]]]",,"[[{media 50} [[""A"" [4 4]]]] [{media 51} [[""A"" [2 2]]]] [{media 53} [[""A"" [4 4]]]] [{media 55} [[""A"" [3 3]]]] [{media 56} [[""A"" [2 2]]]] [{media 57} [[""A"" [2 2]]]] [{media 60} [[""A"" [4 4]]]] [{media 61} [[""A"" [3 3]]]] [{media 62} [[""A"" [4 4]]]] [{media 64} [[""A"" [3 3]]]] [{citizen 4} [[""A"" [2 2]]]] [{citizen 13} [[""A"" [2 4]]]] [{media 63} [[""A"" [3 3]]]] [{citizen 1} [[""A"" [4 2]]]] [{citizen 5} [[""A"" [2 2]]]] [{citizen 7} [[""A"" [2 2]]]] [{citizen 3} [[""A"" [2 4]]]] [{citizen 9} [[""A"" [2 4]]]] [{media 54} [[""A"" [3 3]]]] [{media 52} [[""A"" [2 2]]]] [{media 58} [[""A"" [1 1]]]] [{citizen 49} [[""A"" [2 2]]]] [{citizen 32} [[""A"" [2 4]]]] [{citizen 15} [[""A"" [2 2]]]] [{citizen 0} [[""A"" [2 2]]]] [{citizen 17} [[""A"" [2 2]]]] [{citizen 16} [[""A"" [4 2]]]] [{citizen 44} [[""A"" [2 2]]]] [{citizen 2} [[""A"" [2 4]]]] [{citizen 37} [[""A"" [2 4]]]] [{citizen 26} [[""A"" [2 2]]]] [{citizen 29} [[""A"" [2 2]]]] [{citizen 25} [[""A"" [2 2]]]] [{citizen 48} [[""A"" [2 2]]]] [{citizen 31} [[""A"" [4 2]]]] [{citizen 43} [[""A"" [2 2]]]] [{citizen 20} [[""A"" [4 2]]]] [{citizen 14} [[""A"" [2 2]]]] [{citizen 38} [[""A"" [4 2]]]] [{citizen 8} [[""A"" [2 2]]]] [{citizen 35} [[""A"" [2 2]]]] [{citizen 12} [[""A"" [2 4]]]] [{citizen 6} [[""A"" [2 2]]]] [{citizen 23} [[""A"" [2 2]]]] [{citizen 36} [[""A"" [2 2]]]] [{citizen 34} [[""A"" [4 2]]]] [{citizen 46} [[""A"" [2 2]]]] [{citizen 39} [[""A"" [2 4]]]] [{citizen 28} [[""A"" [2 4]]]] [{citizen 24} [[""A"" [2 2]]]] [{citizen 45} [[""A"" [4 2]]]] [{citizen 27} [[""A"" [2 2]]]] [{citizen 41} [[""A"" [4 2]]]] [{citizen 22} [[""A"" [2 2]]]] [{citizen 18} [[""A"" [2 2]]]] [{citizen 40} [[""A"" [4 2]]]] [{citizen 19} [[""A"" [2 2]]]] [{citizen 42} [[""A"" [2 4]]]] [{media 59} [[""A"" [4 4]]]] [{citizen 10} [[""A"" [4 2]]]] [{citizen 47} [[""A"" [2 4]]]] [{citizen 33} [[""A"" [2 4]]]] [{citizen 30} [[""A"" [2 2]]]] [{citizen 11} [[""A"" [4 2]]]]]"
"22","[170 0 85]","249.79591836734696","-12.847559320360993","-4.040971739525273","""circle""","""""","9.9","{breed citizens}","false","0.5","1","""up""",,"[[""ID"" 19] [""alpha"" 1] [""beta"" 1] [""malleable"" [""A""]] [""prior"" []] [""cont_tokens"" []] [""A"" 2]]","[[0 [0 1 2 3 4 5 6 7 8 9 10 11 12 13 14]] [1 [15 16 17 18 19 20 21 22 23 24 25 26 27 28 29]] [2 [30 31 32 33 34 35 36 37 38 39 40 41 42 43 44]] [3 [45 46 47 48 49 50 51 52 53 54 55 56 57 58 59]] [4 [60 61 62 63 64 65 66 67 68 69 70 71 72 73 74]] [5 [75 76 77 78 79 80 81 82 83 84 85 86 87 88 89]] [6 [90 91 92 93 94 95 96 97 98 99 100 101 102 103 104]] [7 [105 106 107 108 109 110 111 112 113 114 115 116 117 118 119]] [8 [120 121 122 123 124 125 126 127 128 129 130 131 132 133 134]] [9 [135 136 137 138 139 140 141 142 143 144 145 146 147 148 149]] [10 [150 151 152 153 154 155 156 157 158 159 160 161 162 163 164]] [11 [165 166 167 168 169 170 171 172 173 174 175 176 177 178 179]] [12 [180 181 183 184 185 186 187 188 189 190 191 192 193 194]] [13 [195 196 197 198 199 200 201 202 203 204 205 206 207 208 209]] [14 [210 211 212 213 214 215 216 217 218 219 220 221 222 223 224]] [15 [225 226 227 228 229 230 231 232 233 234 235 236 237 238 239]] [16 [241 242 243 244 245 246 247 248 249 250 251 252 253 254]] [17 [255 256 257 258 259 260 261 262 263 264 265 266 267 268 269]] [18 [270 271 272 273 274 275 276 277 278 279 280 281 282 283 284]] [19 [285 286 287 288 289 290 291 292 293 294 295 296 297 298 299]] [20 [300 301 302 303 304 305 306 307 308 309 310 311 312 313 314]] [21 [315 316 317 318 319 320 321 322 323 324 325 326 327 328 329]] [22 [330 331 332 333 334 335 336 337 338 339 340 341 342 343 344]] [23 [345 346 347 348 349 350 351 352 353 354 355 356 357 358 359]] [24 [360 361 362 363 364 365 366 367 368 369 370 371 372 373 374]] [25 [375 376 377 378 379 380 381 382 383 384 385 386 387 388 389]] [26 [390 391 392 393 394 395 396 397 398 399 400 401 402 403 404]] [27 [405 406 407 408 409 410 411 412 413 414 415 416 417 418 419]] [28 [420 421 422 424 425 426 427 428 429 430 431 432 433 434]] [29 [435 436 437 438 439 440 441 442 443 444 445 446 447 448 449]] [30 [450 451 452 453 454 455 456 457 458 459 460 461 462 463 464]] [31 [465 466 467 468 469 470 471 472 473 474 475 476 477 478 479]] [32 [480 481 482 483 484 485 486 487 488 489 490 491 492 493 494]] [33 [495 496 497 498 499 500 501 502 503 504 505 506 507 508 509]] [34 [510 511 512 513 514 515 516 517 518 519 520 521 522 523 524]] [35 [525 526 527 528 529 530 531 532 533 534 535 536 537 538 539]] [36 [540 541 542 543 544 545 546 547 548 549 550 551 552 553 554]] [37 [555 556 557 558 559 560 561 562 563 564 565 566 567 568 569]] [38 [570 571 572 573 574 575 576 577 578 579 580 581 582 583 584]] [39 [585 586 587 588 589 590 592 593 594 595 596 597 598 599]] [40 [600 601 602 603 604 605 606 607 608 609 610 611 612 613 614]] [41 [615 616 617 618 619 620 621 622 623 624 626 627 628 629]] [42 [630 631 632 633 634 635 636 637 638 639 640 641 642 643 644]] [43 [645 646 647 648 649 650 651 652 653 654 655 656 657 658 659]] [44 [660 661 662 663 664 665 666 667 668 669 670 671 672 673 674]] [45 [675 676 677 678 679 680 681 682 683 684 685 686 687 688]] [46 [690 691 692 693 694 695 696 697 698 699 700 701 702 703 704]] [47 [705 706 707 708 709 710 711 712 713 715 716 717 718 719]] [48 [720 721 722 723 724 725 726 727 728 729 730 731 732 733 734]] [49 [735 736 737 738 739 740 741 742 743 744 745 746 747 748 749]] [50 [750 751 752 753 754 755 756 757 758 759 760 761 762 763 764]] [51 [765 766 767 768 769 770 771 772 773 774 775 776 777 778 779]] [52 [780 781 782 783 784 785 786 787 788 789 790 791 792 793 794]] [53 [795 796 797 798 799 800 801 802 803 804 805 806 807 808 809]] [54 [810 811 812 813 814 815 816 817 818 819 820 821 822 823 824]] [55 [825 826 827 828 829 830 831 832 833 834 835 836 837 838 839]] [56 [840 841 842 843 844 845 846 847 848 849 850 851 852 853 854]] [57 [855 856 857 858 859 860 861 862 863 864 865 866 867 868 869]] [58 [870 871 872 873 874 875 876 877 878 879 881 882 883 884]] [59 [885 886 887 888 889 890 891 892 893 894 895 896 897 898 899]] [60 [900 901 902 903 904 905 906 907 908 909 910 911 912 913 914]] [61 [915 916 917 918 919 920 921 922 923 924 925 926 927 928 929]] [62 [930 931 932 933 934 935 936 937 938 939 940 941 942 943 944]] [63 [945 946 948 949 950 951 952 953 954 955 956 957 958 959]] [64 [960 961 962 963 964 965 966 967 968 969 970 971 972 973 974]] [65 [975 976 977 978 979 980 981 982 983 984 985 986 987 988 989]] [66 [990 991 992 993 994 995 996 997 998 999 1000 1001 1002 1003 1004]] [67 [1005 1006 1007 1009 1010 1011 1012 1013 1014 1015 1016 1017 1018 1019]] [68 [1020 1021 1022 1023 1024 1025 1026 1027 1028 1029 1030 1031 1032 1033 1034]] [69 [1035 1036 1037 1038 1040 1042 1043 1044 1046 1047 1048]] [70 [1050 1051 1052 1053 1054 1055 1056 1057 1058 1059 1060 1061 1062 1063 1064]] [71 [1065 1066 1067 1068 1069 1070 1071 1072 1073 1074 1075 1076 1077 1078 1079]] [72 [1080 1081 1082 1083 1084 1085 1086 1087 1088 1089 1090 1091 1092 1093 1094]] [73 [1095 1096 1097 1098 1099 1100 1101 1102 1103 1104 1105 1106 1107 1108 1109]] [74 [1110 1111 1112 1113 1114 1115 1116 1117 1118 1119 1120 1121 1122 1123 1124]] [75 [1125 1126 1127 1128 1129 1130 1131 1132 1133 1134 1135 1136 1137 1138 1139]] [76 [1140 1141 1142 1143 1144 1145 1146 1147 1148 1149 1150 1151 1152 1153 1154]] [77 [1155 1156 1157 1158 1159 1160 1161 1162 1163 1164 1165 1166 1167 1168 1169]] [78 [1170 1171 1172 1173 1174 1175 1176 1177 1178 1179 1180 1181 1182 1183 1184]] [79 [1185 1186 1187 1188 1189 1190 1191 1192 1193 1194 1195 1196 1197 1198 1199]] [80 [1200 1201 1202 1203 1204 1205 1206 1207 1208 1209 1210 1211 1212 1213 1214]] [81 [1215 1216 1217 1218 1219 1220 1221 1222 1223 1224 1225 1226 1227 1228 1229]] [82 [1230 1231 1232 1233 1234 1235 1236 1237 1238 1239 1240 1241 1242 1243 1244]] [83 [1245 1246 1247 1248 1249 1250 1251 1252 1253 1254 1255 1256 1257 1258 1259]] [84 [1260 1261 1262 1263 1264 1265 1266 1267 1268 1269 1270 1271 1272 1273 1274]] [85 [1275 1276 1277 1278 1279 1280 1281 1282 1283 1284 1285 1287 1288 1289]] [86 [1290 1291 1292 1293 1295 1296 1297 1298 1299 1300 1301 1302 1303 1304]] [87 [1305 1306 1307 1308 1309 1310 1311 1312 1313 1314 1315 1316 1317 1318 1319]] [88 [1320 1321 1322 1324 1325 1326 1327 1328 1329 1330 1331 1332 1333 1334]] [89 [1335 1336 1337 1338 1339 1340 1342 1343 1344 1345 1346 1347 1348 1349]] [90 [1350 1351 1352 1353 1354 1355 1356 1357 1358 1359 1360 1361 1362 1363 1364]] [91 [1365 1366 1367 1368 1369 1370 1371 1372 1373 1374 1375 1376 1377 1378 1379]] [92 [1380 1381 1382 1383 1384 1385 1386 1387 1388 1389 1390 1391 1392 1393 1394]] [93 [1395 1396 1397 1398 1399 1400 1401 1402 1403 1404 1405 1406 1407 1408 1409]] [94 [1410 1411 1412 1413 1414 1415 1416 1417 1418 1419 1420 1421 1422 1423 1424]] [95 [1425 1426 1427 1428 1429 1430 1431 1432 1433 1434 1435 1436 1437 1438 1439]] [96 [1440 1441 1442 1443 1444 1445 1446 1447 1448 1449 1450 1451 1452 1453 1454]] [97 [1455 1456 1457 1458 1459 1460 1461 1462 1463 1464 1465 1466 1467 1468 1469]] [98 [1470 1471 1472 1473 1474 1475 1476 1477 1478 1479 1480 1481 1482 1483 1484]] [99 [1485 1486 1487 1488 1489 1490 1491 1492 1493 1494 1495 1496 1497 1498 1499]]]","[[0 [1 2 3 4 5 7 8 9 10 11 13]] [1 [16 17 18 19 20 21 22 23 24 25 26 28 29]] [2 [30 31 32 33 35 37 38 39 40 41 42 44]] [3 [45 46 47 48 49 50 51 52 53 54 55 56 58]] [4 [60 61 62 63 64 67 68 69 72 73]] [5 [75 76 77 78 79 80 81 82 84 85 87 88 89]] [6 [90 91 92 94 95 96 98 99 100 101 102 103 104]] [7 [106 107 109 110 111 112 115 116 117 118 119]] [8 [120 121 122 123 126 127 128 130 131 133 134]] [9 [135 136 137 138 139 140 141 142 143 144 145 146]] [10 [151 152 153 154 155 156 158 159 161 162 164]] [11 [165 166 167 168 169 170 171 172 173 175 176 177 178 179]] [12 [180 181 184 185 186 187 188 189 191 192 193]] [13 [195 196 197 200 201 202 203 204 206 208 209]] [14 [210 211 212 213 214 215 216 217 218 220 221 222 224]] [15 [225 226 228 229 230 231 232 233 234 235 236 237 238 239]] [16 [241 242 243 244 245 246 247 248 249 251 252 254]] [17 [255 256 257 258 259 260 261 263 264 266 267 268 269]] [18 [270 271 272 273 276 279 280 281 282 283 284]] [19 [285 286 287 288 289 290 291 292 293 294 295 297 298 299]] [20 [300 301 302 303 304 306 307 308 309 312 313 314]] [21 [315 317 318 320 321 322 323 324 326 327 328 329]] [22 [330 331 332 333 335 336 337 338 339 340 342 343 344]] [23 [345 347 348 349 351 352 353 354 355 356 357 358]] [24 [363 364 366 367 368 369 371 373 374]] [25 [378 379 380 381 382 383 385 386 387]] [26 [390 391 393 395 397 398 399 400 401 402 403 404]] [27 [405 406 407 408 409 411 412 413 414 415 416 417 418 419]] [28 [420 421 422 426 427 428 429 430 432 433 434]] [29 [435 436 437 438 439 441 442 443 444 445 446 447 449]] [30 [450 451 452 453 456 457 458 460 461 462 463 464]] [31 [467 468 469 470 472 473 474 475 476 477 478 479]] [32 [480 481 482 483 484 485 486 487 488 489 491 492 493 494]] [33 [496 497 498 499 500 501 502 503 504 505 506 508 509]] [34 [510 511 512 513 515 516 518 519 520 522 523 524]] [35 [525 526 527 528 529 530 532 533 534 535 536]] [36 [540 541 542 543 544 545 546 547 548 549 550 551 553]] [37 [555 556 557 558 560 561 562 563 564 565 566 567 569]] [38 [571 572 573 576 577 578 579 581 582 583 584]] [39 [585 586 587 590 592 593 594 595 596 597 598 599]] [40 [600 601 602 603 604 607 609 610 611 612 613 614]] [41 [615 616 618 619 620 621 622 624 626 627 628 629]] [42 [630 633 634 635 636 637 638 639 640 641 642 644]] [43 [645 646 647 648 649 651 652 653 654 655 656 657]] [44 [660 661 662 663 665 666 668 669 670 671 672 673 674]] [45 [675 676 677 678 679 680 681 682 683 684 685 686 687 688]] [46 [690 691 692 694 695 696 697 698 699 701 702 703 704]] [47 [705 706 707 708 709 710 711 712 713 715 716 717]] [48 [720 721 722 724 725 726 727 728 729 730 731 732 733 734]] [49 [735 736 738 739 740 741 742 743 744 745 746 747 748 749]] [50 [751 752 753 754 755 756 757 758 759 760 761 762 763 764]] [51 [765 766 767 768 770 771 772 773 774 779]] [52 [780 781 782 783 784 785 786 789 790 792 793]] [53 [797 798 799 800 801 802 803 804 805 807 808 809]] [54 [810 811 812 813 814 815 816 817 819 820 822 823 824]] [55 [825 827 828 829 830 831 832 833 834 835 836 839]] [56 [840 841 842 843 844 845 846 847 848 849 850 851 852 853 854]] [57 [856 857 858 859 860 861 862 863 864 865 866 867 868 869]] [58 [870 872 873 874 875 876 877 878 879 882 884]] [59 [885 886 887 888 889 890 891 892 893 896 897 898]] [60 [900 901 902 903 904 905 906 907 908 910 912 913]] [61 [915 916 917 919 920 921 922 923 924 925 926 927]] [62 [931 936 937 938 940 942 943 944]] [63 [945 946 948 949 950 951 952 953 954 955 956 957 958 959]] [64 [960 961 962 963 964 965 966 968 969 970 971 972 973 974]] [65 [975 977 978 979 980 981 982 983 984 985 986 987 989]] [66 [990 991 992 993 994 995 998 999 1001 1002 1003 1004]] [67 [1006 1007 1009 1010 1011 1012 1013 1014 1017 1018]] [68 [1020 1021 1022 1023 1024 1025 1026 1028 1029 1031 1032 1033 1034]] [69 [1036 1037 1038 1042 1043 1044 1046 1047 1048]] [70 [1051 1052 1053 1054 1055 1058 1059 1060 1061 1062 1063 1064]] [71 [1066 1067 1068 1069 1070 1071 1073 1074 1075 1076 1077 1078]] [72 [1080 1081 1082 1083 1084 1085 1087 1088 1089 1090 1092 1093 1094]] [73 [1095 1097 1098 1099 1101 1102 1103 1104 1105 1106 1107 1108]] [74 [1110 1111 1112 1113 1114 1115 1118 1119 1120 1121 1122 1123]] [75 [1125 1126 1127 1128 1129 1130 1131 1133 1134 1135 1138 1139]] [76 [1140 1141 1142 1143 1144 1146 1147 1148 1149 1150 1151 1152 1153 1154]] [77 [1155 1156 1157 1158 1159 1160 1161 1163 1164 1166 1167 1168 1169]] [78 [1170 1171 1172 1173 1174 1176 1178 1179 1180 1181 1182 1183]] [79 [1185 1186 1187 1188 1189 1191 1192 1194 1195 1196 1197 1198]] [80 [1200 1201 1202 1203 1205 1206 1207 1208 1211 1212 1213 1214]] [81 [1215 1217 1219 1220 1221 1222 1223 1224 1225 1226 1227 1228 1229]] [82 [1230 1231 1232 1233 1234 1235 1236 1237 1238 1239 1240 1241 1242 1243]] [83 [1246 1247 1248 1249 1250 1251 1252 1253 1255 1256 1257 1258 1259]] [84 [1260 1261 1262 1263 1264 1265 1266 1267 1268 1271 1272 1273 1274]] [85 [1275 1276 1277 1278 1279 1280 1281 1282 1283 1284 1285 1287 1288 1289]] [86 [1290 1291 1292 1293 1295 1296 1297 1298 1300 1301 1302 1303 1304]] [87 [1305 1306 1307 1308 1309 1310 1311 1312 1313 1314 1315 1316 1317 1318]] [88 [1320 1321 1324 1325 1326 1327 1328 1329 1330 1331 1332 1333 1334]] [89 [1335 1336 1338 1339 1340 1342 1343 1344 1345 1346 1347 1348]] [90 [1350 1351 1353 1354 1355 1356 1357 1358 1359 1360 1361 1362 1363 1364]] [91 [1366 1367 1368 1369 1371 1372 1373 1374 1377 1378 1379]] [92 [1380 1381 1382 1383 1384 1385 1386 1387 1388 1389 1390 1391 1393 1394]] [93 [1395 1396 1397 1399 1400 1401 1402 1403 1404 1405 1406 1408 1409]] [94 [1411 1412 1415 1416 1418 1419 1420 1421 1422 1423 1424]] [95 [1426 1427 1428 1430 1431 1432 1433 1434 1435 1436 1437 1438]] [96 [1440 1441 1442 1443 1444 1445 1446 1447 1448 1449 1451 1452 1453 1454]] [97 [1455 1456 1457 1459 1460 1461 1462 1463 1464 1466 1467 1468 1469]] [98 [1470 1471 1472 1473 1474 1476 1477 1479 1480 1481 1483 1484]] [99 [1485 1486 1487 1489 1490 1491 1492 1493 1494 1495 1496 1498]]]",,"[[{citizen 42} [[""A"" [2 2]]]] [{media 50} [[""A"" [4 4]]]] [{media 51} [[""A"" [2 2]]]] [{media 53} [[""A"" [4 4]]]] [{media 55} [[""A"" [3 3]]]] [{media 56} [[""A"" [2 2]]]] [{media 57} [[""A"" [2 2]]]] [{media 60} [[""A"" [4 4]]]] [{media 61} [[""A"" [3 3]]]] [{media 62} [[""A"" [4 4]]]] [{media 64} [[""A"" [3 3]]]] [{citizen 4} [[""A"" [2 4]]]] [{media 63} [[""A"" [3 3]]]] [{citizen 19} [[""A"" [2 2]]]] [{citizen 0} [[""A"" [4 2]]]] [{citizen 9} [[""A"" [2 2]]]] [{citizen 17} [[""A"" [2 2]]]] [{citizen 3} [[""A"" [2 4]]]] [{media 54} [[""A"" [3 3]]]] [{media 52} [[""A"" [2 2]]]] [{media 58} [[""A"" [1 1]]]] [{media 59} [[""A"" [4 4]]]] [{citizen 49} [[""A"" [2 2]]]] [{citizen 1} [[""A"" [4 2]]]] [{citizen 32} [[""A"" [2 4]]]] [{citizen 15} [[""A"" [2 2]]]] [{citizen 25} [[""A"" [3 2]]]] [{citizen 48} [[""A"" [2 4]]]] [{citizen 31} [[""A"" [2 4]]]] [{citizen 43} [[""A"" [2 2]]]] [{citizen 21} [[""A"" [2 4]]]] [{citizen 7} [[""A"" [2 2]]]] [{citizen 5} [[""A"" [2 2]]]] [{citizen 41} [[""A"" [2 2]]]] [{citizen 12} [[""A"" [2 4]]]] [{citizen 20} [[""A"" [2 2]]]] [{citizen 44} [[""A"" [3 3]]]] [{citizen 14} [[""A"" [4 2]]]] [{citizen 38} [[""A"" [2 2]]]] [{citizen 8} [[""A"" [2 2]]]] [{citizen 35} [[""A"" [2 2]]]] [{citizen 13} [[""A"" [2 2]]]] [{citizen 28} [[""A"" [2 4]]]] [{citizen 40} [[""A"" [3 2]]]] [{citizen 46} [[""A"" [2 4]]]] [{citizen 6} [[""A"" [2 2]]]] [{citizen 45} [[""A"" [4 2]]]] [{citizen 10} [[""A"" [3 2]]]] [{citizen 33} [[""A"" [2 2]]]] [{citizen 18} [[""A"" [2 2]]]] [{citizen 30} [[""A"" [2 2]]]] [{citizen 26} [[""A"" [2 2]]]] [{citizen 29} [[""A"" [3 2]]]] [{citizen 37} [[""A"" [4 4]]]] [{citizen 2} [[""A"" [2 4]]]] [{citizen 23} [[""A"" [2 2]]]] [{citizen 36} [[""A"" [2 4]]]] [{citizen 34} [[""A"" [2 2]]]] [{citizen 47} [[""A"" [2 2]]]] [{citizen 39} [[""A"" [2 4]]]] [{citizen 24} [[""A"" [2 2]]]] [{citizen 27} [[""A"" [2 2]]]] [{citizen 16} [[""A"" [3 2]]]] [{citizen 11} [[""A"" [2 2]]]]]"
"23","[170 0 85]","282.8571428571429","-7.078329745248029","1.8510212234735186","""circle""","""""","9.9","{breed citizens}","false","0.5","1","""up""",,"[[""ID"" 24] [""alpha"" 1] [""beta"" 1] [""malleable"" [""A""]] [""prior"" []] [""cont_tokens"" []] [""A"" 2]]","[[0 [0 1 3 4 5 6 9 10 12 13]] [1 [15 16 17 18 19 20 21 22 24 25 26 27 28 29]] [2 [30 31 32 33 34 35 36 37 38 39 40 41 42 43 44]] [3 [45 46 47 48 49 50 51 52 53 54 55 56 57 58 59]] [4 [60 61 62 63 64 65 66 67 68 69 70 71 72 73 74]] [5 [75 76 77 78 79 80 81 82 83 84 85 86 87 88 89]] [6 [90 91 92 93 94 95 96 97 98 99 100 101 102 103 104]] [7 [105 106 107 108 109 110 111 112 113 114 115 116 117 118 119]] [8 [120 121 122 123 124 125 126 127 128 129 130 131 132 133 134]] [9 [135 136 137 138 139 140 141 142 143 144 145 146 147 148 149]] [10 [150 151 152 153 154 155 156 157 158 159 160 161 162 163 164]] [11 [165 166 167 168 169 170 171 172 173 174 175 176 177 178 179]] [12 [180 181 183 184 185 186 187 188 189 190 191 192 193 194]] [13 [195 196 197 198 199 200 201 202 203 204 205 206 207 208 209]] [14 [210 211 212 213 214 215 216 217 218 219 220 221 222 223 224]] [15 [225 226 227 228 229 230 231 232 233 234 235 236 237 238 239]] [16 [241 242 243 244 245 246 247 248 249 250 251 252 253 254]] [17 [255 256 257 258 259 260 261 262 263 264 265 266 267 268 269]] [18 [270 271 272 273 274 275 276 277 278 279 280 281 282 283 284]] [19 [285 286 287 288 289 290 291 292 293 294 295 296 297 298 299]] [20 [300 301 302 303 304 305 306 307 308 309 310 311 312 313 314]] [21 [315 316 317 318 319 320 321 322 323 324 325 326 327 328 329]] [22 [330 331 332 333 334 335 336 337 338 339 340 341 342 343 344]] [23 [345 346 347 348 349 350 351 352 353 354 355 356 357 358 359]] [24 [360 361 362 363 364 365 366 367 368 369 370 371 372 373 374]] [25 [375 376 377 378 379 380 381 382 383 384 385 386 387 388 389]] [26 [390 391 392 393 394 395 396 397 398 399 400 401 402 403 404]] [27 [405 406 407 408 409 410 411 412 413 414 415 416 417 418 419]] [28 [420 421 422 424 425 426 427 428 429 430 431 432 433 434]] [29 [435 436 437 438 439 440 441 442 443 444 445 446 447 448 449]] [30 [450 451 452 453 454 455 456 457 458 459 460 461 462 463 464]] [31 [465 466 467 468 469 470 471 472 473 474 475 476 477 478 479]] [32 [480 481 482 483 484 485 486 487 488 489 490 491 492 493 494]] [33 [495 496 497 498 499 500 501 502 503 504 505 506 507 508 509]] [34 [510 511 512 513 514 515 516 517 518 519 520 521 522 523 524]] [35 [525 526 527 528 529 530 531 532 533 534 535 536 537 538 539]] [36 [540 541 542 543 544 545 546 547 548 549 550 551 553 554]] [37 [555 556 557 558 559 560 561 562 563 564 565 566 567 568 569]] [38 [570 571 572 573 574 575 576 577 578 579 580 581 582 583 584]] [39 [585 586 587 588 589 590 592 593 594 595 596 597 598 599]] [40 [600 601 602 603 604 605 606 607 608 609 610 611 612 613 614]] [41 [615 616 617 618 619 620 621 622 623 624 626 627 628 629]] [42 [630 631 632 633 634 635 636 637 638 639 640 641 642 643 644]] [43 [645 646 647 648 649 650 651 652 653 654 655 656 657 658 659]] [44 [660 661 662 663 664 665 666 667 668 669 670 671 672 673 674]] [45 [675 676 677 678 679 680 681 682 683 684 685 686 687 688]] [46 [690 691 692 693 694 695 696 697 698 699 700 701 702 703 704]] [47 [705 706 707 708 709 710 711 712 713 714 715 716 717 718 719]] [48 [720 721 722 724 725 726 727 728 729 730 731 732 733 734]] [49 [735 736 737 738 739 740 741 742 743 744 745 746 747 748 749]] [50 [750 751 752 753 754 755 756 757 758 759 760 761 762 763 764]] [51 [765 766 767 768 769 770 771 772 773 774 775 776 777 778 779]] [52 [780 781 782 783 784 785 786 787 788 789 790 791 792 793 794]] [53 [795 796 797 798 799 800 801 802 803 804 805 806 807 808 809]] [54 [810 811 812 813 814 815 816 817 818 819 820 821 822 823 824]] [55 [825 826 827 828 829 830 831 832 833 834 835 836 837 838 839]] [56 [840 841 842 843 844 845 846 847 848 849 850 851 852 853 854]] [57 [855 856 857 858 859 860 861 862 863 864 865 866 867 868 869]] [58 [870 871 872 873 874 875 876 877 878 879 881 882 883 884]] [59 [885 886 887 888 889 890 891 892 893 894 895 896 897 898 899]] [60 [900 901 902 903 904 905 906 907 908 909 910 911 912 913 914]] [61 [915 916 917 918 919 920 921 922 923 924 925 926 927 928 929]] [62 [930 931 932 933 934 935 936 937 938 939 940 941 942 943 944]] [63 [945 946 948 949 950 951 952 953 954 955 956 957 958 959]] [64 [960 961 962 963 964 965 966 967 968 969 970 971 972 973 974]] [65 [975 976 977 978 979 980 981 982 983 984 985 986 987 988 989]] [66 [990 991 992 993 994 995 996 997 998 999 1000 1001 1002 1003 1004]] [67 [1005 1006 1007 1009 1010 1011 1012 1013 1014 1015 1016 1017 1018 1019]] [68 [1020 1021 1022 1023 1024 1025 1026 1027 1028 1029 1030 1031 1032 1033 1034]] [69 [1035 1036 1037 1038 1040 1042 1043 1044 1046 1047 1048]] [70 [1050 1051 1052 1053 1054 1055 1056 1057 1058 1059 1060 1061 1062 1063 1064]] [71 [1065 1066 1067 1068 1069 1070 1071 1072 1073 1074 1075 1076 1077 1078 1079]] [72 [1080 1081 1082 1083 1084 1085 1086 1087 1088 1089 1090 1091 1092 1093 1094]] [73 [1095 1096 1097 1098 1099 1100 1101 1102 1103 1104 1105 1106 1107 1108 1109]] [74 [1110 1111 1112 1113 1114 1115 1116 1117 1118 1119 1120 1121 1122 1123 1124]] [75 [1125 1126 1127 1128 1129 1130 1131 1132 1133 1134 1135 1136 1137 1138 1139]] [76 [1140 1141 1142 1143 1144 1145 1146 1147 1148 1149 1150 1151 1152 1153 1154]] [77 [1155 1156 1157 1158 1159 1160 1161 1162 1163 1164 1165 1166 1167 1168 1169]] [78 [1170 1171 1172 1173 1174 1175 1176 1177 1178 1179 1180 1181 1182 1183 1184]] [79 [1185 1186 1187 1188 1189 1190 1191 1192 1193 1194 1195 1196 1197 1198 1199]] [80 [1200 1201 1202 1203 1204 1205 1206 1207 1208 1209 1210 1211 1212 1213 1214]] [81 [1215 1216 1217 1218 1219 1220 1221 1222 1223 1224 1225 1226 1227 1228 1229]] [82 [1230 1231 1232 1233 1234 1235 1236 1237 1238 1239 1240 1241 1242 1243 1244]] [83 [1245 1246 1247 1248 1249 1250 1251 1252 1253 1254 1255 1256 1257 1258 1259]] [84 [1260 1261 1262 1263 1264 1265 1266 1267 1268 1269 1270 1271 1272 1273 1274]] [85 [1275 1276 1277 1278 1279 1280 1281 1282 1283 1284 1285 1287 1288 1289]] [86 [1290 1291 1292 1293 1295 1296 1297 1298 1299 1300 1301 1302 1303 1304]] [87 [1305 1306 1307 1308 1309 1310 1311 1312 1313 1314 1315 1316 1317 1318 1319]] [88 [1320 1321 1322 1324 1325 1326 1327 1328 1329 1330 1331 1332 1333 1334]] [89 [1335 1336 1337 1338 1339 1340 1342 1343 1344 1345 1346 1347 1348 1349]] [90 [1350 1351 1352 1353 1354 1355 1356 1357 1358 1359 1360 1361 1362 1363 1364]] [91 [1365 1366 1367 1368 1369 1370 1371 1372 1373 1374 1375 1376 1377 1378 1379]] [92 [1380 1381 1382 1383 1384 1385 1386 1387 1388 1389 1390 1391 1392 1393 1394]] [93 [1395 1396 1397 1398 1399 1400 1401 1402 1403 1404 1405 1406 1407 1408 1409]] [94 [1410 1411 1412 1413 1414 1415 1416 1417 1418 1419 1420 1421 1422 1423 1424]] [95 [1425 1426 1427 1428 1429 1430 1431 1432 1433 1434 1435 1436 1437 1438 1439]] [96 [1440 1441 1442 1443 1444 1445 1446 1447 1448 1449 1450 1451 1452 1453 1454]] [97 [1455 1456 1457 1458 1459 1460 1461 1462 1463 1464 1465 1466 1467 1468 1469]] [98 [1470 1471 1472 1473 1474 1475 1476 1477 1478 1479 1480 1481 1482 1483 1484]] [99 [1485 1486 1487 1488 1489 1490 1491 1492 1493 1494 1495 1496 1497 1498 1499]]]","[[0 [1 3 4 5 6 9 10 12 13]] [1 [15 16 17 18 19 20 21 22 24 25 27 29]] [2 [30 31 32 33 36 37 38 39 40 41 42 44]] [3 [45 46 47 48 49 51 52 53 54 55 56 58]] [4 [60 61 62 63 64 65 66 67 68 69 71 72 73 74]] [5 [77 78 79 80 82 84 85 87 88]] [6 [93 95 96 100 101 102 103 104]] [7 [106 107 108 109 110 111 112 113 114 115 116 117 118 119]] [8 [120 121 122 123 124 125 126 128 129 130 131 133 134]] [9 [135 136 137 138 139 140 142 143 144 145 146]] [10 [151 153 154 155 156 158 159 160 161 162 163]] [11 [165 166 167 168 169 170 171 172 173 174 176 177 178 179]] [12 [180 181 184 185 186 187 188 189 193 194]] [13 [196 197 198 199 200 201 202 203 204 205 206 207 208 209]] [14 [210 212 217 218 219 220 221 222 223 224]] [15 [225 226 227 228 229 230 231 232 233 234 235 236 237 238 239]] [16 [242 243 244 245 246 247 248 249 250 251 252 253]] [17 [255 256 257 258 259 260 261 262 265 267 268 269]] [18 [270 272 273 276 278 279 280 281 283 284]] [19 [285 286 287 288 289 290 291 292 293 294 295 296 297 298]] [20 [300 301 302 303 304 305 306 307 308 309 310 311 313 314]] [21 [315 317 318 319 320 321 322 323 325 327 328 329]] [22 [330 331 332 333 334 335 336 337 338 339 340 342 343 344]] [23 [345 348 350 352 353 354 355 356 357 358]] [24 [361 362 363 364 365 366 367 368 369 371 372 373 374]] [25 [378 379 380 381 382 383 384 385 386 388 389]] [26 [390 391 393 394 395 397 398 399 400 401 402 403 404]] [27 [405 406 407 408 409 415 417 418 419]] [28 [420 421 422 425 427 428 429 430 431 432 433 434]] [29 [435 437 438 439 440 441 442 443 444 445 446 447 449]] [30 [450 451 452 453 456 457 458 459 460 461 462 463 464]] [31 [467 468 469 470 471 472 473 474 475 476 477 478 479]] [32 [480 481 482 483 484 485 486 487 488 489 491 492 493 494]] [33 [495 496 497 498 499 500 501 502 503 504 506 507]] [34 [514 515 516 518 519 520 521 522 524]] [35 [525 526 527 528 529 530 532 533 534 535 536 537 538 539]] [36 [541 542 543 544 545 546 547 548 549 550 551 554]] [37 [555 556 557 558 560 561 562 563 564 565 566 567 569]] [38 [570 573 574 575 576 577 578 579 581 582 583 584]] [39 [585 586 587 589 590 592 593 594 595 596 599]] [40 [600 601 602 603 605 606 607 608 609 610 611 612 613 614]] [41 [615 616 618 619 620 621 622 623 624 626 627 628 629]] [42 [630 633 634 635 637 638 639 640 641 642 644]] [43 [645 646 648 649 651 652 653 655 656 657 658 659]] [44 [660 661 662 663 664 665 666 668 670 671 672 673 674]] [45 [675 676 677 678 679 680 681 682 683 685 686 687 688]] [46 [691 692 694 695 696 697 698 699 700]] [47 [705 706 707 708 709 710 711 712 713 715 716 717 719]] [48 [720 721 722 724 725 726 727 728 729 730 731 732 733]] [49 [736 737 738 739 740 741 742 743 744 745 746 747 748 749]] [50 [750 752 753 755 756 757 758 759 760 761 762 763 764]] [51 [765 766 767 768 770 772 773 774 776 777 778 779]] [52 [780 781 782 783 784 785 786 788 789 791 792 793]] [53 [796 797 798 799 800 801 802 803 804 805 807 808 809]] [54 [810 811 812 814 815 816 817 818 819 820 821 822 823 824]] [55 [825 828 829 830 831 832 833 835 836]] [56 [843 844 845 846 852 853 854]] [57 [856 857 858 859 860 861 862 866 867 868 869]] [58 [870 872 873 874 875 876 877 878 879 882 884]] [59 [885 886 887 890 891 892 893 894 895 896 897 898]] [60 [900 901 902 903 905 906 907 909 910 911 912 913]] [61 [915 916 917 919 920 921 922 923 924 925 926 927]] [62 [930 932 933 934 935 936 937 938 940 942 943 944]] [63 [945 946 950 951 952 953 954 955 956 957 958]] [64 [961 962 963 966 968 969 970 971 972 973 974]] [65 [975 976 977 978 979 980 981 983 984 985 988 989]] [66 [990 991 992 993 994 995 998 999 1001 1002 1003 1004]] [67 [1006 1007 1009 1010 1012 1014 1016 1017 1018 1019]] [68 [1020 1021 1022 1023 1024 1025 1026 1028 1029 1031 1032 1033 1034]] [69 [1036 1037 1038 1040 1042 1043 1044 1046 1047 1048]] [70 [1051 1052 1053 1054 1055 1060 1061 1062 1063]] [71 [1065 1067 1068 1069 1070 1071 1073 1074 1075 1077 1078]] [72 [1080 1081 1082 1083 1084 1086 1087 1088 1089 1090 1092 1093 1094]] [73 [1096 1097 1098 1099 1100 1102 1103 1104 1105 1106 1107 1108 1109]] [74 [1112 1113 1114 1115 1118 1119 1120 1121 1122 1123 1124]] [75 [1125 1126 1128 1129 1130 1131 1132 1134 1135 1138 1139]] [76 [1141 1142 1143 1144 1146 1147 1148 1149 1151 1152 1153 1154]] [77 [1155 1156 1157 1158 1159 1161 1163 1165 1167 1169]] [78 [1170 1171 1172 1173 1174 1176 1178 1179 1180 1181 1182 1183 1184]] [79 [1185 1186 1187 1188 1189 1191 1192 1193 1195 1196 1197 1199]] [80 [1200 1201 1203 1205 1206 1207 1208 1211 1213 1214]] [81 [1215 1217 1219 1220 1221 1223 1224 1225 1226 1227 1228 1229]] [82 [1230 1231 1232 1233 1234 1235 1237 1238 1240 1241 1242 1243]] [83 [1246 1247 1248 1249 1250 1251 1252 1253 1254 1256 1258 1259]] [84 [1260 1261 1262 1263 1264 1265 1266 1267 1268 1271 1272 1273 1274]] [85 [1275 1276 1277 1278 1279 1280 1281 1282 1283 1284 1285 1287 1288 1289]] [86 [1290 1291 1292 1295 1296 1297 1298 1300 1301 1302 1303 1304]] [87 [1305 1306 1307 1308 1309 1310 1311 1312 1313 1314 1315 1316 1317 1318]] [88 [1320 1321 1324 1325 1326 1327 1328 1329 1330 1332 1333 1334]] [89 [1335 1337 1338 1340 1342 1343 1345 1346 1347 1348]] [90 [1350 1351 1352 1354 1355 1356 1357 1358 1359 1360 1361 1362 1363 1364]] [91 [1366 1367 1368 1369 1370 1371 1372 1373 1374 1379]] [92 [1380 1381 1382 1383 1384 1385 1386 1387 1388 1389 1390 1392]] [93 [1395 1396 1397 1398 1399 1400 1401 1402 1403 1404 1405 1406 1408]] [94 [1410 1411 1412 1415 1416 1418 1419 1420 1421 1422 1423]] [95 [1425 1427 1428 1429 1430 1431 1432 1433 1434 1435 1436 1438]] [96 [1440 1441 1442 1443 1444 1445 1446 1447 1449 1450 1451 1452 1453 1454]] [97 [1455 1456 1457 1459 1461 1462 1463 1464 1466 1467 1468 1469]] [98 [1470 1471 1472 1473 1474 1475 1478 1479 1480 1481 1483 1484]] [99 [1485 1486 1487 1489 1490 1491 1492 1493 1494 1495 1496 1498]]]",,"[[{media 50} [[""A"" [4 4]]]] [{media 51} [[""A"" [2 2]]]] [{media 53} [[""A"" [4 4]]]] [{media 55} [[""A"" [3 3]]]] [{media 56} [[""A"" [2 2]]]] [{media 57} [[""A"" [2 2]]]] [{media 60} [[""A"" [4 4]]]] [{media 61} [[""A"" [3 3]]]] [{media 62} [[""A"" [4 4]]]] [{media 64} [[""A"" [3 3]]]] [{citizen 0} [[""A"" [3 2]]]] [{citizen 3} [[""A"" [3 4]]]] [{citizen 4} [[""A"" [2 4]]]] [{citizen 9} [[""A"" [2 2]]]] [{citizen 49} [[""A"" [2 2]]]] [{citizen 1} [[""A"" [2 2]]]] [{citizen 32} [[""A"" [2 4]]]] [{citizen 15} [[""A"" [2 2]]]] [{citizen 17} [[""A"" [2 3]]]] [{media 63} [[""A"" [3 3]]]] [{citizen 25} [[""A"" [3 2]]]] [{citizen 48} [[""A"" [2 4]]]] [{citizen 31} [[""A"" [2 4]]]] [{citizen 43} [[""A"" [2 2]]]] [{citizen 21} [[""A"" [3 4]]]] [{citizen 7} [[""A"" [2 2]]]] [{citizen 5} [[""A"" [3 2]]]] [{citizen 41} [[""A"" [4 2]]]] [{citizen 12} [[""A"" [2 4]]]] [{citizen 20} [[""A"" [2 3]]]] [{citizen 44} [[""A"" [2 3]]]] [{citizen 14} [[""A"" [2 3]]]] [{citizen 6} [[""A"" [2 2]]]] [{media 54} [[""A"" [3 3]]]] [{citizen 34} [[""A"" [3 2]]]] [{citizen 46} [[""A"" [2 4]]]] [{citizen 39} [[""A"" [2 4]]]] [{citizen 35} [[""A"" [2 2]]]] [{citizen 26} [[""A"" [2 2]]]] [{citizen 37} [[""A"" [2 4]]]] [{citizen 2} [[""A"" [2 4]]]] [{citizen 13} [[""A"" [2 4]]]] [{citizen 38} [[""A"" [2 2]]]] [{citizen 45} [[""A"" [4 3]]]] [{citizen 10} [[""A"" [2 2]]]] [{citizen 28} [[""A"" [2 4]]]] [{citizen 24} [[""A"" [3 2]]]] [{media 52} [[""A"" [2 2]]]] [{citizen 40} [[""A"" [3 3]]]] [{citizen 18} [[""A"" [2 2]]]] [{citizen 27} [[""A"" [2 2]]]] [{citizen 36} [[""A"" [2 4]]]] [{citizen 19} [[""A"" [2 2]]]] [{citizen 42} [[""A"" [2 4]]]] [{citizen 22} [[""A"" [2 3]]]] [{citizen 8} [[""A"" [2 2]]]] [{citizen 47} [[""A"" [3 2]]]] [{citizen 33} [[""A"" [2 2]]]] [{media 58} [[""A"" [1 1]]]] [{citizen 16} [[""A"" [3 3]]]] [{citizen 29} [[""A"" [3 2]]]] [{citizen 30} [[""A"" [2 2]]]] [{citizen 11} [[""A"" [3 2]]]] [{media 59} [[""A"" [4 4]]]]]"
"24","[170 0 85]","173.87755102040816","1.1739718731108908","-13.142490656495323","""circle""","""""","9.9","{breed citizens}","false","0.5","1","""up""",,"[[""ID"" 25] [""alpha"" 1] [""beta"" 1] [""malleable"" [""A""]] [""prior"" []] [""cont_tokens"" []] [""A"" 2]]","[[0 [0 1 2 3 4 5 6 7 8 9 10 11 12 13]] [1 [15 16 17 18 19 20 21 22 23 24 25 26 27 28 29]] [2 [30 31 32 33 34 35 36 37 38 39 40 41 42 43 44]] [3 [45 46 47 48 49 50 51 52 53 54 55 56 57 58 59]] [4 [60 61 62 63 64 65 66 67 68 69 70 71 72 73 74]] [5 [75 76 77 78 79 80 81 82 83 84 85 86 87 88 89]] [6 [90 91 92 93 94 95 96 97 98 99 100 101 102 103 104]] [7 [105 106 107 108 109 110 111 112 113 114 115 116 117 118 119]] [8 [120 121 122 123 124 125 126 127 128 129 130 131 132 133 134]] [9 [135 136 137 138 139 140 141 142 143 144 145 146 147 148 149]] [10 [150 151 152 153 154 155 156 157 158 159 160 161 162 163 164]] [11 [165 166 167 168 169 170 171 172 173 174 175 176 177 178 179]] [12 [180 181 183 184 185 186 187 188 189 190 191 192 193 194]] [13 [195 196 197 198 199 200 201 202 203 204 205 206 207 208 209]] [14 [210 211 212 213 214 215 216 217 218 219 220 221 222 223 224]] [15 [225 226 227 228 229 230 231 232 233 234 235 236 237 238 239]] [16 [241 242 243 244 245 246 247 248 249 250 251 252 253 254]] [17 [255 256 257 258 259 260 261 262 263 264 265 266 267 268 269]] [18 [270 271 272 273 274 275 276 277 278 279 280 281 282 283 284]] [19 [285 286 287 288 289 290 291 292 293 294 295 296 297 298 299]] [20 [300 301 302 303 304 305 306 307 308 309 310 311 312 313 314]] [21 [315 316 317 318 319 320 321 322 323 324 325 326 327 328 329]] [22 [330 331 332 333 334 335 336 337 338 339 340 341 342 343 344]] [23 [345 346 347 348 349 350 351 352 353 354 355 356 357 358 359]] [24 [360 361 362 363 364 365 366 367 368 369 370 371 372 373 374]] [25 [375 376 377 378 379 380 381 382 383 384 385 386 387 388 389]] [26 [390 391 392 393 394 395 396 397 398 399 400 401 402 403 404]] [27 [405 406 407 408 409 410 411 412 413 414 415 416 417 418 419]] [28 [420 421 422 424 425 426 427 428 429 430 431 432 433 434]] [29 [435 436 437 438 439 440 441 442 443 444 445 446 447 448 449]] [30 [450 451 452 453 454 455 456 457 458 459 460 461 462 463 464]] [31 [465 466 467 468 469 470 471 472 473 474 475 476 477 478 479]] [32 [480 481 482 483 484 485 486 487 488 489 490 491 492 493 494]] [33 [495 496 497 498 499 500 501 502 503 504 505 506 507 508 509]] [34 [510 511 512 513 514 515 516 517 518 519 520 521 522 523 524]] [35 [525 526 527 528 529 530 531 532 533 534 535 536 537 538 539]] [36 [540 541 542 543 544 545 546 547 548 549 550 551 553 554]] [37 [555 556 557 558 559 560 561 562 563 564 565 566 567 568 569]] [38 [570 571 572 573 574 575 576 577 578 579 580 581 582 583 584]] [39 [585 586 587 588 589 590 592 593 594 595 596 597 598 599]] [40 [600 601 602 603 604 605 606 607 608 609 610 611 612 613 614]] [41 [615 616 617 618 619 620 621 622 623 624 626 627 628 629]] [42 [630 631 632 633 634 635 636 637 638 639 640 641 642 643 644]] [43 [645 646 647 648 649 650 651 652 653 654 655 656 657 658 659]] [44 [660 661 662 663 664 665 666 667 668 669 670 671 672 673 674]] [45 [675 676 677 678 679 680 681 682 683 684 685 686 687 688]] [46 [690 691 692 693 694 695 696 697 698 699 700 701 702 703 704]] [47 [705 706 707 708 709 710 711 712 713 714 715 716 717 718 719]] [48 [720 721 722 724 725 726 727 728 729 730 731 732 733 734]] [49 [735 736 737 738 739 740 741 742 743 744 745 746 747 748 749]] [50 [750 751 752 753 754 755 756 757 758 759 760 761 762 763 764]] [51 [765 766 767 768 769 770 771 772 773 774 775 776 777 778 779]] [52 [780 781 782 783 784 785 786 787 788 789 790 791 792 793 794]] [53 [795 796 797 798 799 800 801 802 803 804 805 806 807 808 809]] [54 [810 811 812 813 814 815 816 817 818 819 820 821 822 823 824]] [55 [825 826 827 828 829 830 831 832 833 834 835 836 837 838 839]] [56 [840 841 842 843 844 845 846 847 848 849 850 851 852 853 854]] [57 [855 856 857 858 859 860 861 862 863 864 865 866 867 868 869]] [58 [870 871 872 873 874 875 876 877 878 879 881 882 883 884]] [59 [885 886 887 888 889 890 891 892 893 894 895 896 897 898 899]] [60 [900 901 902 903 904 905 906 907 908 909 910 911 912 913 914]] [61 [915 916 917 918 919 920 921 922 923 924 925 926 927 928 929]] [62 [930 931 932 933 934 935 936 937 938 939 940 941 942 943 944]] [63 [945 946 948 949 950 951 952 953 954 955 956 957 958 959]] [64 [960 961 962 963 964 965 966 967 968 969 970 971 972 973 974]] [65 [975 976 977 978 979 980 981 982 983 984 985 986 987 988 989]] [66 [990 991 992 993 994 995 996 997 998 999 1000 1001 1002 1003 1004]] [67 [1005 1006 1007 1009 1010 1011 1012 1013 1014 1015 1016 1017 1018 1019]] [68 [1020 1021 1022 1023 1024 1025 1026 1027 1028 1029 1030 1031 1032 1033 1034]] [69 [1035 1036 1037 1038 1040 1042 1043 1044 1046 1047 1048]] [70 [1050 1051 1052 1053 1054 1055 1056 1057 1058 1059 1060 1061 1062 1063 1064]] [71 [1065 1066 1067 1068 1069 1070 1071 1072 1073 1074 1075 1076 1077 1078 1079]] [72 [1080 1081 1082 1083 1084 1085 1086 1087 1088 1089 1090 1091 1092 1093 1094]] [73 [1095 1096 1097 1098 1099 1100 1101 1102 1103 1104 1105 1106 1107 1108 1109]] [74 [1110 1111 1112 1113 1114 1115 1116 1117 1118 1119 1120 1121 1122 1123 1124]] [75 [1125 1126 1127 1128 1129 1130 1131 1132 1133 1134 1135 1136 1137 1138 1139]] [76 [1140 1141 1142 1143 1144 1145 1146 1147 1148 1149 1150 1151 1152 1153 1154]] [77 [1155 1156 1157 1158 1159 1160 1161 1162 1163 1164 1165 1166 1167 1168 1169]] [78 [1170 1171 1172 1173 1174 1175 1176 1177 1178 1179 1180 1181 1182 1183 1184]] [79 [1185 1186 1187 1188 1189 1190 1191 1192 1193 1194 1195 1196 1197 1198 1199]] [80 [1200 1201 1202 1203 1204 1205 1206 1207 1208 1209 1210 1211 1212 1213 1214]] [81 [1215 1216 1217 1218 1219 1220 1221 1222 1223 1224 1225 1226 1227 1228 1229]] [82 [1230 1231 1232 1233 1234 1235 1236 1237 1238 1239 1240 1241 1242 1243 1244]] [83 [1245 1246 1247 1248 1249 1250 1251 1252 1253 1254 1255 1256 1257 1258 1259]] [84 [1260 1261 1262 1263 1264 1265 1266 1267 1268 1269 1270 1271 1272 1273 1274]] [85 [1275 1276 1277 1278 1279 1280 1281 1282 1283 1284 1285 1287 1288 1289]] [86 [1290 1291 1292 1293 1295 1296 1297 1298 1299 1300 1301 1302 1303 1304]] [87 [1305 1306 1307 1308 1309 1310 1311 1312 1313 1314 1315 1316 1317 1318 1319]] [88 [1320 1321 1322 1324 1325 1326 1327 1328 1329 1330 1331 1332 1333 1334]] [89 [1335 1336 1337 1338 1339 1340 1342 1343 1344 1345 1346 1347 1348 1349]] [90 [1350 1351 1352 1353 1354 1355 1356 1357 1358 1359 1360 1361 1362 1363 1364]] [91 [1365 1366 1367 1368 1369 1370 1371 1372 1373 1374 1375 1376 1377 1378 1379]] [92 [1380 1381 1382 1383 1384 1385 1386 1387 1388 1389 1390 1391 1392 1393 1394]] [93 [1395 1396 1397 1398 1399 1400 1401 1402 1403 1404 1405 1406 1407 1408 1409]] [94 [1410 1411 1412 1413 1414 1415 1416 1417 1418 1419 1420 1421 1422 1423 1424]] [95 [1425 1426 1427 1428 1429 1430 1431 1432 1433 1434 1435 1436 1437 1438 1439]] [96 [1440 1441 1442 1443 1444 1445 1446 1447 1448 1449 1450 1451 1452 1453 1454]] [97 [1455 1456 1457 1458 1459 1460 1461 1462 1463 1464 1465 1466 1467 1468 1469]] [98 [1470 1471 1472 1473 1474 1475 1476 1477 1478 1479 1480 1481 1482 1483 1484]] [99 [1485 1486 1487 1488 1489 1490 1491 1492 1493 1494 1495 1496 1497 1498 1499]]]","[[0 [0 2 4 5 6 7 8 9 10 11 13]] [1 [15 16 17 18 19 20 21 22 23 24 25 26 28 29]] [2 [30 31 32 33 36 37 38 40 41 42 43 44]] [3 [45 46 47 48 49 50 51 52 53 54 55 56 58 59]] [4 [60 61 62 63 64 67 68 69 70 71 72 73 74]] [5 [75 76 77 78 79 80 81 82 84 85 87 88]] [6 [93 97 98 99 100 101 102 103 104]] [7 [106 107 108 109 110 111 112 113 114 117 118 119]] [8 [120 121 122 123 127 128 130 131 133 134]] [9 [135 137 138 139 140 141 142 143 144 145 146]] [10 [151 152 153 154 155 156 157 158 160 161 162 163]] [11 [165 166 167 168 169 170 171 173 174 176 178 179]] [12 [180 181 184 185 186 187 188 189 190 191 192 193]] [13 [195 196 197 200 201 202 203 204 205 207 208 209]] [14 [210 211 213 214 215 216 217 218 220 221 222 223 224]] [15 [225 226 227 228 229 230 231 232 233 234 235 236 237 238 239]] [16 [241 242 243 244 245 246 247 248 249 250 251 252 253 254]] [17 [255 256 257 258 259 260 261 263 264 265 267 268 269]] [18 [270 272 273 274 275 277 278 279 280 281 283 284]] [19 [285 286 287 288 289 290 291 292 293 294 295 298 299]] [20 [300 301 302 303 304 305 306 307 308 309 312 313 314]] [21 [315 317 318 319 320 321 322 323 324 326 327 328 329]] [22 [330 331 332 333 334 335 336 337 338 339 341 343 344]] [23 [345 346 347 348 349 350 351 352 353 354 355 356 359]] [24 [360 361 362 363 364 365 366 367 368 369 371]] [25 [375 376 377 379 380 381 382 383 384 385 386 388 389]] [26 [390 391 393 394 395 397 398 400 401 402 403 404]] [27 [406 407 408 409 413 414 415 417 418 419]] [28 [420 421 422 426 427 428 430 432 433 434]] [29 [435 437 438 439 441 442 443 444 448 449]] [30 [450 451 452 453 455 456 457 458 459 461 462 463 464]] [31 [466 467 468 469 470 472 473 474 475 476 477 478 479]] [32 [480 481 482 483 484 485 486 487 488 489 491 493 494]] [33 [495 496 497 498 499 500 501 502 503 504 505 506 508 509]] [34 [510 511 512 513 514 515 516 517 518 519 520 521 522 524]] [35 [525 526 527 528 530 532 533 534 535 536 537 538 539]] [36 [540 541 542 543 544 545 546 547 548 549 550 551 554]] [37 [555 556 559 560 561 563 564 565 566 567 569]] [38 [570 571 572 574 575 576 577 578 579 581 582 583 584]] [39 [585 586 587 588 589 590 592 593 594 595 596 598 599]] [40 [600 601 602 603 604 606 607 609 610 611 612 613 614]] [41 [615 616 618 619 620 621 623 624 627 628 629]] [42 [630 634 635 636 637 638 639 640 641 642 643 644]] [43 [645 646 647 648 649 651 652 653 655 656 657]] [44 [660 661 662 663 664 665 666 668 669 670 671 672 673 674]] [45 [675 676 677 678 679 680 683 684 685 686 687 688]] [46 [691 693 695 696 697 698 699 700]] [47 [705 706 707 708 709 710 711 712 713 715 716 717 718 719]] [48 [720 721 722 724 725 726 727 728 729 730 731 732 733]] [49 [735 736 737 738 739 740 741 742 743 744 745 746 747 748 749]] [50 [751 752 753 757 758 759 760 761 762 763 764]] [51 [765 766 767 768 770 772 773 774 776 777 778 779]] [52 [780 781 782 783 784 785 786 787 788 789 790 794]] [53 [795 796 798 799 800 801 802 803 804 805 806 807 808 809]] [54 [810 811 812 813 814 815 816 817 818 819 820 821 822 823 824]] [55 [825 826 827 829 830 831 832 833 834 835 836 839]] [56 [840 841 842 843 844 845 846 847 849 850 851 852 853 854]] [57 [856 857 858 859 860 861 862 864 865 866 867 868 869]] [58 [870 871 872 873 874 875 876 877 878 879 881 883 884]] [59 [885 886 887 889 890 891 892 893 894 895 896 897 898]] [60 [900 901 902 903 904 905 906 907 909 910 912 913 914]] [61 [915 916 917 919 920 921 923 924 925 926 927 929]] [62 [930 932 933 934 935 936 937 938 939 940 942 943 944]] [63 [945 948 949 950 951 952 953 954 955 956 957 958 959]] [64 [960 961 962 963 964 965 966 968 970 971 972 973 974]] [65 [975 976 978 979 980 981 984 985 988 989]] [66 [990 991 992 993 994 995 997 998 999 1000 1002 1003 1004]] [67 [1006 1007 1009 1010 1011 1012 1013 1015 1016 1017 1018 1019]] [68 [1020 1021 1022 1023 1024 1025 1026 1027 1028 1029 1031 1032 1033 1034]] [69 [1037 1038 1042 1043 1044 1046 1047 1048]] [70 [1050 1052 1053 1054 1055 1060 1061 1062 1063]] [71 [1065 1067 1068 1069 1070 1072 1073 1074 1075 1077 1078 1079]] [72 [1080 1081 1082 1083 1084 1085 1086 1087 1088 1089 1090 1093 1094]] [73 [1095 1097 1098 1099 1101 1102 1103 1104 1105 1106 1107 1108]] [74 [1110 1111 1114 1115 1118 1119 1120 1121 1122 1123 1124]] [75 [1125 1126 1127 1128 1129 1130 1131 1133 1136 1137 1138 1139]] [76 [1140 1141 1143 1144 1146 1147 1148 1149 1152 1153 1154]] [77 [1155 1156 1157 1158 1159 1160 1161 1162 1163 1165 1166 1168 1169]] [78 [1170 1171 1172 1173 1174 1176 1177 1178 1179 1180 1181 1182 1183 1184]] [79 [1186 1187 1188 1189 1190 1193 1195 1196 1197 1199]] [80 [1200 1201 1203 1205 1206 1207 1208 1209 1210 1211 1213 1214]] [81 [1215 1216 1217 1219 1220 1221 1223 1224 1225 1226 1227 1228 1229]] [82 [1230 1231 1232 1233 1234 1235 1236 1237 1238 1240 1241 1242 1243]] [83 [1246 1247 1248 1249 1250 1251 1252 1253 1254 1256 1258 1259]] [84 [1260 1261 1262 1263 1264 1265 1266 1267 1268 1270 1271 1272 1273 1274]] [85 [1275 1276 1277 1278 1279 1280 1281 1282 1283 1284 1285 1287 1288 1289]] [86 [1290 1291 1292 1293 1296 1297 1298 1300 1301 1302 1303 1304]] [87 [1305 1306 1308 1309 1310 1311 1312 1314 1315 1316 1317 1318]] [88 [1320 1321 1322 1324 1325 1326 1327 1328 1329 1330 1332 1333 1334]] [89 [1335 1337 1339 1340 1342 1343 1345 1346 1347 1348]] [90 [1350 1351 1352 1355 1356 1357 1358 1359 1360 1361 1362 1364]] [91 [1366 1367 1368 1369 1371 1372 1373 1374 1379]] [92 [1380 1381 1382 1383 1384 1385 1387 1388 1389 1390 1391 1392]] [93 [1396 1397 1399 1400 1401 1402 1403 1404 1405 1406 1408 1409]] [94 [1410 1411 1412 1415 1416 1417 1418 1419 1420 1421 1422 1423 1424]] [95 [1425 1426 1427 1428 1429 1430 1431 1432 1434 1435 1437 1438 1439]] [96 [1445 1446 1447 1448 1449 1452 1453 1454]] [97 [1455 1456 1457 1458 1459 1460 1461 1462 1463 1464 1467 1468 1469]] [98 [1470 1471 1472 1473 1474 1475 1479 1480 1482 1484]] [99 [1485 1486 1487 1489 1490 1491 1492 1493 1494 1495 1496 1498]]]",,"[[{citizen 39} [[""A"" [2 4]]]] [{media 50} [[""A"" [4 4]]]] [{media 51} [[""A"" [2 2]]]] [{media 53} [[""A"" [4 4]]]] [{media 55} [[""A"" [3 3]]]] [{media 56} [[""A"" [2 2]]]] [{media 57} [[""A"" [2 2]]]] [{media 60} [[""A"" [4 4]]]] [{media 61} [[""A"" [3 3]]]] [{media 62} [[""A"" [4 4]]]] [{media 64} [[""A"" [3 3]]]] [{citizen 4} [[""A"" [2 4]]]] [{media 63} [[""A"" [3 3]]]] [{citizen 1} [[""A"" [2 4]]]] [{citizen 5} [[""A"" [2 2]]]] [{citizen 3} [[""A"" [2 4]]]] [{citizen 9} [[""A"" [2 2]]]] [{citizen 13} [[""A"" [2 4]]]] [{media 54} [[""A"" [3 3]]]] [{media 52} [[""A"" [2 2]]]] [{citizen 6} [[""A"" [2 2]]]] [{media 58} [[""A"" [1 1]]]] [{citizen 49} [[""A"" [2 4]]]] [{citizen 32} [[""A"" [2 4]]]] [{citizen 15} [[""A"" [2 2]]]] [{citizen 0} [[""A"" [2 2]]]] [{citizen 17} [[""A"" [3 2]]]] [{citizen 16} [[""A"" [3 2]]]] [{citizen 44} [[""A"" [3 2]]]] [{citizen 2} [[""A"" [4 4]]]] [{citizen 37} [[""A"" [4 4]]]] [{citizen 26} [[""A"" [2 2]]]] [{citizen 29} [[""A"" [2 2]]]] [{citizen 25} [[""A"" [3 2]]]] [{citizen 48} [[""A"" [2 4]]]] [{citizen 31} [[""A"" [2 4]]]] [{citizen 43} [[""A"" [2 2]]]] [{citizen 21} [[""A"" [2 4]]]] [{citizen 7} [[""A"" [3 2]]]] [{citizen 41} [[""A"" [2 4]]]] [{citizen 12} [[""A"" [2 4]]]] [{citizen 20} [[""A"" [2 2]]]] [{citizen 22} [[""A"" [2 2]]]] [{citizen 19} [[""A"" [2 2]]]] [{citizen 47} [[""A"" [2 2]]]] [{citizen 33} [[""A"" [2 2]]]] [{citizen 10} [[""A"" [2 4]]]] [{citizen 14} [[""A"" [3 2]]]] [{citizen 38} [[""A"" [3 2]]]] [{citizen 8} [[""A"" [2 2]]]] [{citizen 35} [[""A"" [2 4]]]] [{citizen 28} [[""A"" [4 4]]]] [{citizen 40} [[""A"" [2 4]]]] [{citizen 46} [[""A"" [2 4]]]] [{citizen 45} [[""A"" [3 2]]]] [{citizen 18} [[""A"" [2 2]]]] [{citizen 30} [[""A"" [2 2]]]] [{citizen 23} [[""A"" [2 2]]]] [{citizen 36} [[""A"" [2 4]]]] [{citizen 34} [[""A"" [2 2]]]] [{citizen 27} [[""A"" [2 2]]]] [{citizen 42} [[""A"" [2 4]]]] [{media 59} [[""A"" [4 4]]]] [{citizen 11} [[""A"" [2 4]]]]]"
"25","[170 0 85]","47.14285714285714","10.169993787740246","9.378849414312228","""circle""","""""","9.9","{breed citizens}","false","0.5","1","""up""",,"[[""ID"" 35] [""alpha"" 1] [""beta"" 1] [""malleable"" [""A""]] [""prior"" []] [""cont_tokens"" []] [""A"" 2]]","[[0 [0 1 2 3 4 5 6 7 8 9 10 11 12 13 14]] [1 [15 16 17 18 19 20 21 22 23 24 25 26 27 28 29]] [2 [30 31 32 33 34 35 36 37 38 39 40 41 42 43 44]] [3 [45 46 47 48 49 50 51 52 53 54 55 56 57 58 59]] [4 [60 61 62 63 64 65 66 67 68 69 70 71 72 73 74]] [5 [75 76 77 78 79 80 81 82 83 84 85 86 87 88 89]] [6 [90 91 92 93 94 95 96 97 98 99 100 101 102 103 104]] [7 [105 106 107 108 109 110 111 112 113 114 115 116 117 118 119]] [8 [120 121 122 123 124 125 126 127 128 129 130 131 132 133 134]] [9 [135 136 137 138 139 140 141 142 143 144 145 146 147 148 149]] [10 [150 151 152 153 154 155 156 157 158 159 160 161 162 163 164]] [11 [165 166 167 168 169 170 171 172 173 174 175 176 177 178 179]] [12 [180 181 183 184 185 186 187 188 189 190 191 192 193 194]] [13 [195 196 197 198 199 200 201 202 203 204 205 206 207 208 209]] [14 [210 211 212 213 214 215 216 217 218 219 220 221 222 223 224]] [15 [225 226 227 228 229 230 231 232 233 234 235 236 237 238 239]] [16 [241 242 243 244 245 246 247 248 249 250 251 252 253 254]] [17 [255 256 257 258 259 260 261 262 263 264 265 266 267 268 269]] [18 [270 271 272 273 274 275 276 277 278 279 280 281 282 283 284]] [19 [285 286 287 288 289 290 291 292 293 294 295 296 297 298 299]] [20 [300 301 302 303 304 305 306 307 308 309 310 311 312 313 314]] [21 [315 316 317 318 319 320 321 322 323 324 325 326 327 328 329]] [22 [330 331 332 333 334 335 336 337 338 339 340 341 342 343 344]] [23 [345 346 347 348 349 350 351 352 353 354 355 356 357 358 359]] [24 [360 361 362 363 364 365 366 367 368 369 370 371 372 373 374]] [25 [375 376 377 378 379 380 381 382 383 384 385 386 387 388 389]] [26 [390 391 392 393 394 395 396 397 398 399 400 401 402 403 404]] [27 [405 406 407 408 409 410 411 412 413 414 415 416 417 418 419]] [28 [420 421 422 424 425 426 427 428 429 430 431 432 433 434]] [29 [435 436 437 438 439 440 441 442 443 444 445 446 447 448 449]] [30 [450 451 452 453 454 455 456 457 458 459 460 461 462 463 464]] [31 [465 466 467 468 469 470 471 472 473 474 475 476 477 478 479]] [32 [480 481 482 483 484 485 486 487 488 489 490 491 492 493 494]] [33 [495 496 497 498 499 500 501 502 503 504 505 506 507 508 509]] [34 [510 511 512 513 514 515 516 517 518 519 520 521 522 523 524]] [35 [525 526 527 528 529 530 531 532 533 534 535 536 537 538 539]] [36 [540 541 542 543 544 545 546 547 548 549 550 551 552 553 554]] [37 [555 556 557 558 559 560 561 562 563 564 565 566 567 568 569]] [38 [570 571 572 573 574 575 576 577 578 579 580 581 582 583 584]] [39 [585 586 587 588 589 590 592 593 594 595 596 597 598 599]] [40 [600 601 602 603 604 605 606 607 608 609 610 611 612 613 614]] [41 [615 616 617 618 619 620 621 622 623 624 626 627 628 629]] [42 [630 631 632 633 634 635 636 637 638 639 640 641 642 643 644]] [43 [645 646 647 648 649 650 651 652 653 654 655 656 657 658 659]] [44 [660 661 662 663 664 665 666 667 668 669 670 671 672 673 674]] [45 [675 676 677 678 679 680 681 682 683 684 685 686 687 688]] [46 [690 691 692 693 694 695 696 697 698 699 700 701 702 703 704]] [47 [705 706 707 708 709 710 711 712 713 715 716 717 718 719]] [48 [720 721 722 724 725 726 727 728 729 730 731 732 733 734]] [49 [735 736 737 738 739 740 741 742 743 744 745 746 747 748 749]] [50 [750 751 752 753 754 755 756 757 758 759 760 761 762 763 764]] [51 [765 766 767 768 769 770 771 772 773 774 775 776 777 778 779]] [52 [780 781 782 783 784 785 786 787 788 789 790 791 792 793 794]] [53 [795 796 797 798 799 800 801 802 803 804 805 806 807 808 809]] [54 [810 811 812 813 814 815 816 817 818 819 820 821 822 823 824]] [55 [825 826 827 828 829 830 831 832 833 834 835 836 837 838 839]] [56 [840 841 842 843 844 845 846 847 848 849 850 851 852 853 854]] [57 [855 856 857 858 859 860 861 862 863 864 865 866 867 868 869]] [58 [870 871 872 873 874 875 876 877 878 879 881 882 883 884]] [59 [885 886 887 888 889 890 891 892 893 894 895 896 897 898 899]] [60 [900 901 902 903 904 905 906 907 908 909 910 911 912 913 914]] [61 [915 916 917 918 919 920 921 922 923 924 925 926 927 928 929]] [62 [930 931 932 933 934 935 936 937 938 939 940 941 942 943 944]] [63 [945 946 948 949 950 951 952 953 954 955 956 957 958 959]] [64 [960 961 962 963 964 965 966 967 968 969 970 971 972 973 974]] [65 [975 976 977 978 979 980 981 982 983 984 985 986 987 988 989]] [66 [990 991 992 993 994 995 996 997 998 999 1000 1001 1002 1003 1004]] [67 [1005 1006 1007 1009 1010 1011 1012 1013 1014 1015 1016 1017 1018 1019]] [68 [1020 1021 1022 1023 1024 1025 1026 1027 1028 1029 1030 1031 1032 1033 1034]] [69 [1035 1036 1037 1038 1040 1042 1043 1044 1046 1047 1048]] [70 [1050 1051 1052 1053 1054 1055 1056 1057 1058 1059 1060 1061 1062 1063 1064]] [71 [1065 1066 1067 1068 1069 1070 1071 1072 1073 1074 1075 1076 1077 1078 1079]] [72 [1080 1081 1082 1083 1084 1085 1086 1087 1088 1089 1090 1091 1092 1093 1094]] [73 [1095 1096 1097 1098 1099 1100 1101 1102 1103 1104 1105 1106 1107 1108 1109]] [74 [1110 1111 1112 1113 1114 1115 1116 1117 1118 1119 1120 1121 1122 1123 1124]] [75 [1125 1126 1127 1128 1129 1130 1131 1132 1133 1134 1135 1136 1137 1138 1139]] [76 [1140 1141 1142 1143 1144 1145 1146 1147 1148 1149 1150 1151 1152 1153 1154]] [77 [1155 1156 1157 1158 1159 1160 1161 1162 1163 1164 1165 1166 1167 1168 1169]] [78 [1170 1171 1172 1173 1174 1175 1176 1177 1178 1179 1180 1181 1182 1183 1184]] [79 [1185 1186 1187 1188 1189 1190 1191 1192 1193 1194 1195 1196 1197 1198 1199]] [80 [1200 1201 1202 1203 1204 1205 1206 1207 1208 1209 1210 1211 1212 1213 1214]] [81 [1215 1216 1217 1218 1219 1220 1221 1222 1223 1224 1225 1226 1227 1228 1229]] [82 [1230 1231 1232 1233 1234 1235 1236 1237 1238 1239 1240 1241 1242 1243 1244]] [83 [1245 1246 1247 1248 1249 1250 1251 1252 1253 1254 1255 1256 1257 1258 1259]] [84 [1260 1261 1262 1263 1264 1265 1266 1267 1268 1269 1270 1271 1272 1273 1274]] [85 [1275 1276 1277 1278 1279 1280 1281 1282 1283 1284 1285 1287 1288 1289]] [86 [1290 1291 1292 1293 1295 1296 1297 1298 1299 1300 1301 1302 1303 1304]] [87 [1305 1306 1307 1308 1309 1310 1311 1312 1313 1314 1315 1316 1317 1318 1319]] [88 [1320 1321 1322 1324 1325 1326 1327 1328 1329 1330 1331 1332 1333 1334]] [89 [1335 1336 1337 1338 1339 1340 1342 1343 1344 1345 1346 1347 1348 1349]] [90 [1350 1351 1352 1353 1354 1355 1356 1357 1358 1359 1360 1361 1362 1363 1364]] [91 [1365 1366 1367 1368 1369 1370 1371 1372 1373 1374 1375 1376 1377 1378 1379]] [92 [1380 1381 1382 1383 1384 1385 1386 1387 1388 1389 1390 1391 1392 1393 1394]] [93 [1395 1396 1397 1398 1399 1400 1401 1402 1403 1404 1405 1406 1407 1408 1409]] [94 [1410 1411 1412 1413 1414 1415 1416 1417 1418 1419 1420 1421 1422 1423 1424]] [95 [1425 1426 1427 1428 1429 1430 1431 1432 1433 1434 1435 1436 1437 1438 1439]] [96 [1440 1441 1442 1443 1444 1445 1446 1447 1448 1449 1450 1451 1452 1453 1454]] [97 [1455 1456 1457 1458 1459 1460 1461 1462 1463 1464 1465 1466 1467 1468 1469]] [98 [1470 1471 1472 1473 1474 1475 1476 1477 1478 1479 1480 1481 1482 1483 1484]] [99 [1485 1486 1487 1488 1489 1490 1491 1492 1493 1494 1495 1496 1497 1498 1499]]]","[[0 [0 2 3 4 5 6 7 8 9 10 11 13]] [1 [16 17 18 19 20 21 22 24 25 27 28]] [2 [30 31 32 33 36 37 38 39 40 41 42 44]] [3 [45 46 47 48 50 51 52 53 54 55 56 58]] [4 [60 61 62 63 64 67 68 69 71 72 73 74]] [5 [77 78 79 80 81 83 84 85 87 88]] [6 [90 91 92 94 95 96 97 98 99 100 101 102 103 104]] [7 [106 107 109 110 111 112 115 116 117 118 119]] [8 [120 121 122 123 125 126 127 128 129 130 133 134]] [9 [136 137 138 141 142 143 144 145 146]] [10 [151 152 153 154 155 156 158 159 160 161 162 164]] [11 [165 166 167 168 169 170 171 173 174 176 177 178 179]] [12 [180 181 184 185 186 187 188 189 191 192 193]] [13 [195 196 197 198 199 200 201 202 203 204 206 208 209]] [14 [210 211 213 214 215 216 217 218 220 221 222 223 224]] [15 [225 226 227 228 229 230 231 232 233 234 235 236 237 238 239]] [16 [241 242 243 244 245 246 247 248 249 250 251 252 253 254]] [17 [255 256 257 258 259 260 261 262 265 266 267 268 269]] [18 [270 271 272 273 275 277 278 279 280 281 283 284]] [19 [285 286 287 288 289 290 291 292 293 294 295 298]] [20 [300 301 302 303 304 305 306 307 308 309 312 313 314]] [21 [315 316 319 320 322 323 325 326 327 328 329]] [22 [330 331 332 333 334 335 336 337 338 339 340 342 343 344]] [23 [345 347 348 349 350 351 352 353 354 355 356 357 358]] [24 [361 362 363 364 365 366 367 368 369 370 372 373 374]] [25 [378 379 380 381 382 383 386 388 389]] [26 [390 391 392 394 395 397 398 399 400 401 402 403 404]] [27 [405 406 407 408 409 414 415 416 417 418 419]] [28 [420 421 422 424 425 426 427 428 429 430 431 432 433 434]] [29 [435 436 437 438 440 441 442 443 444 448 449]] [30 [450 451 452 453 454 455 456 457 458 459 460 461 462 463 464]] [31 [465 466 467 468 469 470 471 472 473 474 475 476 477 478 479]] [32 [480 481 482 483 484 487 488 489 490 491 493 494]] [33 [496 498 499 500 501 502 503 504 505 506 507]] [34 [510 511 512 513 514 515 516 517 518 519 520 521 523 524]] [35 [525 526 527 528 529 530 531 532 533 534 535 536]] [36 [540 541 542 543 544 545 546 547 548 549 550 551 553 554]] [37 [555 556 557 558 560 561 562 563 564 565 566 567 568 569]] [38 [570 571 572 574 575 576 577 578 579 581 582 583 584]] [39 [585 586 587 589 590 592 593 594 595 596 597 598 599]] [40 [601 602 603 604 607 608 609 610 611 612 613 614]] [41 [615 616 618 619 620 621 623 624 626 627 628 629]] [42 [630 634 635 637 638 639 640 641 642 644]] [43 [645 646 648 649 651 652 653 655 656 657 659]] [44 [661 662 663 665 666 668 670 671 672 673 674]] [45 [675 676 677 678 679 680 681 682 683 684 685 686 687 688]] [46 [691 692 694 695 696 697 698 699 701 702 703 704]] [47 [705 706 707 708 709 710 711 712 713 715 716 717 718 719]] [48 [721 722 724 725 726 727 728 729 730 731 732 733]] [49 [736 738 739 740 741 742 743 744 745 746 747 748 749]] [50 [750 752 753 756 757 758 759 760 761 762 763 764]] [51 [765 766 767 768 770 773 774 776 777 778 779]] [52 [780 781 782 783 784 785 786 788 789 790 792 793]] [53 [796 797 798 801 802 803 804 805 807 808 809]] [54 [810 811 812 813 814 815 816 817 818 819 820 821 822 824]] [55 [825 828 829 830 831 832 833 834 835 836 839]] [56 [840 841 842 843 844 845 846 847 849 850 851 852 853 854]] [57 [856 857 858 859 860 861 862 863 864 865 866 867 868 869]] [58 [870 872 873 874 875 876 877 878 879 882 884]] [59 [885 886 887 888 889 890 891 892 893 895 896 897 898]] [60 [900 901 902 903 905 906 907 908 910 911 912 913]] [61 [915 916 917 918 919 920 921 923 924 925 926 927 929]] [62 [930 931 936 937 938 940 942 943 944]] [63 [945 946 948 949 951 952 953 954 956 957 958 959]] [64 [960 961 962 963 964 965 966 967 969 970 971 972 973 974]] [65 [975 977 978 979 980 981 982 983 984 985 987 988 989]] [66 [990 991 992 993 994 995 998 999 1000 1003 1004]] [67 [1005 1007 1009 1010 1011 1012 1014 1017 1018 1019]] [68 [1020 1021 1022 1023 1024 1025 1026 1027 1028 1029 1031 1032 1033 1034]] [69 [1036 1037 1038 1042 1043 1044 1046 1047 1048]] [70 [1050 1051 1052 1053 1054 1056 1057 1058 1059 1060 1061 1062 1063]] [71 [1065 1068 1069 1070 1072 1073 1074 1075 1077 1078 1079]] [72 [1080 1081 1082 1083 1084 1086 1088 1089 1090 1093 1094]] [73 [1096 1097 1098 1099 1100 1102 1103 1104 1105 1106 1107 1108 1109]] [74 [1111 1112 1113 1114 1115 1118 1119 1120 1121 1122 1123]] [75 [1125 1126 1127 1128 1129 1130 1131 1132 1133 1134 1135 1137 1138 1139]] [76 [1141 1143 1144 1145 1146 1147 1148 1149 1150 1151 1152 1153]] [77 [1155 1156 1157 1158 1159 1160 1161 1163 1165 1166 1168 1169]] [78 [1170 1171 1172 1173 1174 1175 1177 1178 1179 1180 1181 1182 1183]] [79 [1185 1186 1187 1188 1189 1190 1191 1192 1194 1195 1196 1197 1199]] [80 [1200 1201 1202 1204 1205 1206 1207 1208 1209 1210 1211 1213 1214]] [81 [1215 1217 1218 1222 1223 1224 1225 1226 1227 1228 1229]] [82 [1230 1231 1232 1233 1234 1235 1236 1239 1242 1243]] [83 [1246 1247 1248 1249 1250 1251 1252 1254 1256 1257 1258 1259]] [84 [1260 1261 1262 1263 1264 1265 1266 1267 1268 1269 1270 1271 1272 1273 1274]] [85 [1275 1276 1277 1278 1279 1280 1281 1283 1284 1285 1287 1288 1289]] [86 [1290 1291 1293 1295 1296 1297 1298 1300 1301 1302 1303 1304]] [87 [1305 1306 1307 1308 1309 1310 1311 1312 1314 1315 1316 1317 1318]] [88 [1320 1321 1322 1324 1325 1326 1327 1328 1329 1330 1332 1333 1334]] [89 [1335 1337 1339 1340 1342 1343 1345 1346 1347 1348 1349]] [90 [1351 1352 1354 1355 1356 1357 1358 1359 1360 1361 1362 1364]] [91 [1366 1367 1368 1369 1371 1372 1373 1374 1377 1378 1379]] [92 [1380 1381 1382 1383 1384 1385 1386 1388 1389 1390 1391 1392 1394]] [93 [1395 1396 1397 1398 1399 1400 1401 1402 1403 1404 1405 1406 1408 1409]] [94 [1410 1411 1412 1415 1416 1418 1419 1420 1421 1422 1423]] [95 [1425 1426 1427 1428 1429 1430 1431 1432 1433 1434 1435 1436 1439]] [96 [1442 1443 1444 1445 1446 1447 1448 1449 1451 1452 1453 1454]] [97 [1455 1456 1457 1459 1460 1461 1462 1463 1464 1467 1468 1469]] [98 [1470 1471 1472 1473 1474 1476 1477 1478 1479 1480 1481 1482 1483 1484]] [99 [1485 1486 1487 1489 1490 1491 1492 1493 1494 1495 1496 1498]]]",,"[[{citizen 26} [[""A"" [2 2]]]] [{citizen 32} [[""A"" [4 4]]]] [{citizen 40} [[""A"" [2 4]]]] [{citizen 41} [[""A"" [4 2]]]] [{media 50} [[""A"" [4 4]]]] [{media 52} [[""A"" [2 2]]]] [{media 54} [[""A"" [3 3]]]] [{media 55} [[""A"" [3 3]]]] [{media 56} [[""A"" [2 2]]]] [{media 57} [[""A"" [2 2]]]] [{media 58} [[""A"" [1 1]]]] [{media 59} [[""A"" [4 4]]]] [{media 63} [[""A"" [3 3]]]] [{media 64} [[""A"" [3 3]]]] [{media 60} [[""A"" [4 4]]]] [{citizen 4} [[""A"" [2 4]]]] [{citizen 1} [[""A"" [4 2]]]] [{citizen 5} [[""A"" [2 2]]]] [{media 51} [[""A"" [2 2]]]] [{citizen 3} [[""A"" [4 4]]]] [{media 62} [[""A"" [4 4]]]] [{media 53} [[""A"" [4 4]]]] [{media 61} [[""A"" [3 3]]]] [{citizen 49} [[""A"" [2 2]]]] [{citizen 9} [[""A"" [2 4]]]] [{citizen 15} [[""A"" [2 2]]]] [{citizen 0} [[""A"" [2 2]]]] [{citizen 17} [[""A"" [2 2]]]] [{citizen 16} [[""A"" [2 4]]]] [{citizen 44} [[""A"" [3 2]]]] [{citizen 2} [[""A"" [4 4]]]] [{citizen 37} [[""A"" [4 4]]]] [{citizen 29} [[""A"" [2 2]]]] [{citizen 31} [[""A"" [2 4]]]] [{citizen 20} [[""A"" [2 4]]]] [{citizen 7} [[""A"" [2 2]]]] [{citizen 14} [[""A"" [3 2]]]] [{citizen 38} [[""A"" [2 2]]]] [{citizen 8} [[""A"" [2 2]]]] [{citizen 35} [[""A"" [2 2]]]] [{citizen 12} [[""A"" [2 4]]]] [{citizen 43} [[""A"" [2 2]]]] [{citizen 13} [[""A"" [2 4]]]] [{citizen 28} [[""A"" [2 4]]]] [{citizen 46} [[""A"" [2 4]]]] [{citizen 6} [[""A"" [2 2]]]] [{citizen 45} [[""A"" [4 2]]]] [{citizen 10} [[""A"" [2 4]]]] [{citizen 33} [[""A"" [2 4]]]] [{citizen 18} [[""A"" [2 2]]]] [{citizen 30} [[""A"" [2 2]]]] [{citizen 48} [[""A"" [2 4]]]] [{citizen 23} [[""A"" [2 2]]]] [{citizen 36} [[""A"" [2 2]]]] [{citizen 21} [[""A"" [2 4]]]] [{citizen 34} [[""A"" [2 2]]]] [{citizen 47} [[""A"" [2 4]]]] [{citizen 19} [[""A"" [2 2]]]] [{citizen 42} [[""A"" [2 4]]]] [{citizen 22} [[""A"" [2 2]]]] [{citizen 39} [[""A"" [4 4]]]] [{citizen 24} [[""A"" [2 2]]]] [{citizen 27} [[""A"" [2 2]]]] [{citizen 11} [[""A"" [4 2]]]]]"
"26","[170 0 85]","290.204081632653","-6.72949395365753","2.070593926434252","""circle""","""""","9.9","{breed citizens}","false","0.5","1","""up""",,"[[""ID"" 15] [""alpha"" 1] [""beta"" 1] [""malleable"" [""A""]] [""prior"" []] [""cont_tokens"" []] [""A"" 2]]","[[0 [0 1 2 3 4 5 6 7 8 9 10 11 12 13 14]] [1 [15 16 17 18 19 20 21 22 23 24 25 26 27 28 29]] [2 [30 31 32 33 34 35 36 37 38 39 40 41 42 43 44]] [3 [45 46 47 48 49 50 51 52 53 54 55 56 57 58 59]] [4 [60 61 62 63 64 65 66 67 68 69 70 71 72 73 74]] [5 [75 76 77 78 79 80 81 82 83 84 85 86 87 88 89]] [6 [90 91 92 93 94 95 96 97 98 99 100 101 102 103 104]] [7 [105 106 107 108 109 110 111 112 113 114 115 116 117 118 119]] [8 [120 121 122 123 124 125 126 127 128 129 130 131 132 133 134]] [9 [135 136 137 138 139 140 141 142 143 144 145 146 147 148 149]] [10 [150 151 152 153 154 155 156 157 158 159 160 161 162 163 164]] [11 [165 166 167 168 169 170 171 172 173 174 175 176 177 178 179]] [12 [180 181 183 184 185 186 187 188 189 190 191 192 193 194]] [13 [195 196 197 198 199 200 201 202 203 204 205 206 207 208 209]] [14 [210 211 212 213 214 215 216 217 218 219 220 221 222 223 224]] [15 [225 226 227 228 229 230 231 232 233 234 235 236 237 238 239]] [16 [241 242 243 244 245 246 247 248 249 250 251 252 253 254]] [17 [255 256 257 258 259 260 261 262 263 264 265 266 267 268 269]] [18 [270 271 272 273 274 275 276 277 278 279 280 281 282 283 284]] [19 [285 286 287 288 289 290 291 292 293 294 295 296 297 298 299]] [20 [300 301 302 303 304 305 306 307 308 309 310 311 312 313 314]] [21 [315 316 317 318 319 320 321 322 323 324 325 326 327 328 329]] [22 [330 331 332 333 334 335 336 337 338 339 340 341 342 343 344]] [23 [345 346 347 348 349 350 351 352 353 354 355 356 357 358 359]] [24 [360 361 362 363 364 365 366 367 368 369 370 371 372 373 374]] [25 [375 376 377 378 379 380 381 382 383 384 385 386 387 388 389]] [26 [390 391 392 393 394 395 396 397 398 399 400 401 402 403 404]] [27 [405 406 407 408 409 410 411 412 413 414 415 416 417 418 419]] [28 [420 421 422 424 425 426 427 428 429 430 431 432 433 434]] [29 [435 436 437 438 439 440 441 442 443 444 445 446 447 448 449]] [30 [450 451 452 453 454 455 456 457 458 459 460 461 462 463 464]] [31 [465 466 467 468 469 470 471 472 473 474 475 476 477 478 479]] [32 [480 481 482 483 484 485 486 487 488 489 490 491 492 493 494]] [33 [495 496 497 498 499 500 501 502 503 504 505 506 507 508 509]] [34 [510 511 512 513 514 515 516 517 518 519 520 521 522 523 524]] [35 [525 526 527 528 529 530 531 532 533 534 535 536 537 538 539]] [36 [540 541 542 543 544 545 546 547 548 549 550 551 552 553 554]] [37 [555 556 557 558 559 560 561 562 563 564 565 566 567 568 569]] [38 [570 571 572 573 574 575 576 577 578 579 580 581 582 583 584]] [39 [585 586 587 588 589 590 592 593 594 595 596 597 598 599]] [40 [600 601 602 603 604 605 606 607 608 609 610 611 612 613 614]] [41 [615 616 617 618 619 620 621 622 623 624 625 626 627 628 629]] [42 [630 631 632 633 634 635 636 637 638 639 640 641 642 643 644]] [43 [645 646 647 648 649 650 651 652 653 654 655 656 657 658 659]] [44 [660 661 662 663 664 665 666 667 668 669 670 671 672 673 674]] [45 [675 676 677 678 679 680 681 682 683 684 685 686 687 688]] [46 [690 691 692 693 694 695 696 697 698 699 700 701 702 703 704]] [47 [705 706 707 708 709 710 711 712 713 715 716 717 718 719]] [48 [720 721 722 723 724 725 726 727 728 729 730 731 732 733 734]] [49 [735 736 737 738 739 740 741 742 743 744 745 746 747 748 749]] [50 [750 751 752 753 754 755 756 757 758 759 760 761 762 763 764]] [51 [765 766 767 768 769 770 771 772 773 774 775 776 777 778 779]] [52 [780 781 782 783 784 785 786 787 788 789 790 791 792 793 794]] [53 [795 796 797 798 799 800 801 802 803 804 805 806 807 808 809]] [54 [810 811 812 813 814 815 816 817 818 819 820 821 822 823 824]] [55 [825 826 827 828 829 830 831 832 833 834 835 836 837 838 839]] [56 [840 841 842 843 844 845 846 847 848 849 850 851 852 853 854]] [57 [855 856 857 858 859 860 861 862 863 864 865 866 867 868 869]] [58 [870 871 872 873 874 875 876 877 878 879 881 882 883 884]] [59 [885 886 887 888 889 890 891 892 893 894 895 896 897 898 899]] [60 [900 901 902 903 904 905 906 907 908 909 910 911 912 913 914]] [61 [915 916 917 918 919 920 921 922 923 924 925 926 927 928 929]] [62 [930 931 932 933 934 935 936 937 938 939 940 941 942 943 944]] [63 [945 946 948 949 950 951 952 953 954 955 956 957 958 959]] [64 [960 961 962 963 964 965 966 967 968 969 970 971 972 973 974]] [65 [975 976 977 978 979 980 981 982 983 984 985 986 987 988 989]] [66 [990 991 992 993 994 995 996 997 998 999 1000 1001 1002 1003 1004]] [67 [1005 1006 1007 1009 1010 1011 1012 1013 1014 1015 1016 1017 1018 1019]] [68 [1020 1021 1022 1023 1024 1025 1026 1027 1028 1029 1030 1031 1032 1033 1034]] [69 [1035 1036 1037 1038 1040 1042 1043 1044 1046 1047 1048]] [70 [1050 1051 1052 1053 1054 1055 1056 1057 1058 1059 1060 1061 1062 1063 1064]] [71 [1065 1066 1067 1068 1069 1070 1071 1072 1073 1074 1075 1076 1077 1078 1079]] [72 [1080 1081 1082 1083 1084 1085 1086 1087 1088 1089 1090 1091 1092 1093 1094]] [73 [1095 1096 1097 1098 1099 1100 1101 1102 1103 1104 1105 1106 1107 1108 1109]] [74 [1110 1111 1112 1113 1114 1115 1116 1117 1118 1119 1120 1121 1122 1123 1124]] [75 [1125 1126 1127 1128 1129 1130 1131 1132 1133 1134 1135 1136 1137 1138 1139]] [76 [1140 1141 1142 1143 1144 1145 1146 1147 1148 1149 1150 1151 1152 1153 1154]] [77 [1155 1156 1157 1158 1159 1160 1161 1162 1163 1164 1165 1166 1167 1168 1169]] [78 [1170 1171 1172 1173 1174 1175 1176 1177 1178 1179 1180 1181 1182 1183 1184]] [79 [1185 1186 1187 1188 1189 1190 1191 1192 1193 1194 1195 1196 1197 1198 1199]] [80 [1200 1201 1202 1203 1204 1205 1206 1207 1208 1209 1210 1211 1212 1213 1214]] [81 [1215 1216 1217 1218 1219 1220 1221 1222 1223 1224 1225 1226 1227 1228 1229]] [82 [1230 1231 1232 1233 1234 1235 1236 1237 1238 1239 1240 1241 1242 1243 1244]] [83 [1245 1246 1247 1248 1249 1250 1251 1252 1253 1254 1255 1256 1257 1258 1259]] [84 [1260 1261 1262 1263 1264 1265 1266 1267 1268 1269 1270 1271 1272 1273 1274]] [85 [1275 1276 1277 1278 1279 1280 1281 1282 1283 1284 1285 1287 1288 1289]] [86 [1290 1291 1292 1293 1295 1296 1297 1298 1299 1300 1301 1302 1303 1304]] [87 [1305 1306 1307 1308 1309 1310 1311 1312 1313 1314 1315 1316 1317 1318 1319]] [88 [1320 1321 1322 1324 1325 1326 1327 1328 1329 1330 1331 1332 1333 1334]] [89 [1335 1336 1337 1338 1339 1340 1342 1343 1344 1345 1346 1347 1348 1349]] [90 [1350 1351 1352 1353 1354 1355 1356 1357 1358 1359 1360 1361 1362 1363 1364]] [91 [1365 1366 1367 1368 1369 1370 1371 1372 1373 1374 1375 1376 1377 1378 1379]] [92 [1380 1381 1382 1383 1384 1385 1386 1387 1388 1389 1390 1391 1392 1393 1394]] [93 [1395 1396 1397 1398 1399 1400 1401 1402 1403 1404 1405 1406 1407 1408 1409]] [94 [1410 1411 1412 1413 1414 1415 1416 1417 1418 1419 1420 1421 1422 1423 1424]] [95 [1425 1426 1427 1428 1429 1430 1431 1432 1433 1434 1435 1436 1437 1438 1439]] [96 [1440 1441 1442 1443 1444 1445 1446 1447 1448 1449 1450 1451 1452 1453 1454]] [97 [1455 1456 1457 1458 1459 1460 1461 1462 1463 1464 1465 1466 1467 1468 1469]] [98 [1470 1471 1472 1473 1474 1475 1476 1477 1478 1479 1480 1481 1482 1483 1484]] [99 [1485 1486 1487 1488 1489 1490 1491 1492 1493 1494 1495 1496 1497 1498 1499]]]","[[0 [1 2 3 4 6 7 8 9 10 12 13 14]] [1 [15 16 17 18 19 20 21 22 23 24 25 27 28]] [2 [30 31 32 33 36 37 38 39 40 41 42 43 44]] [3 [45 46 47 48 49 50 51 52 53 55 56 58]] [4 [60 61 62 63 64 65 66 67 68 69 70 71 72 73]] [5 [75 76 77 78 79 80 82 83 84 85 87 88 89]] [6 [90 91 92 94 95 96 97 98 99 100 101 102 103 104]] [7 [106 107 110 111 112 113 114 115 116 117 118 119]] [8 [120 121 122 123 127 129 130 131 133 134]] [9 [136 137 138 139 140 142 143 144 145 146 148 149]] [10 [150 151 153 154 155 156 157 158 159 161 162 164]] [11 [165 166 167 168 169 170 171 172 173 174 175 176 177 178 179]] [12 [180 181 184 185 186 187 188 189 190 191 192 193 194]] [13 [195 196 197 198 199 200 201 202 203 204 205 206 207 208]] [14 [210 211 213 214 215 216 217 218 219 220 221 222 223 224]] [15 [225 226 228 229 230 231 232 233 234 235 236 237 238 239]] [16 [241 242 243 244 245 246 247 249 250 251 252 253]] [17 [255 256 257 258 259 260 261 263 264 265 267 268 269]] [18 [270 272 273 276 279 280 281 283 284]] [19 [285 286 287 288 289 290 291 292 293 294 295 296 297 298 299]] [20 [301 302 303 304 305 306 307 308 309 310 311 313 314]] [21 [315 316 319 320 321 322 323 325 326 327 328 329]] [22 [330 331 332 333 335 336 337 338 339 341 343 344]] [23 [345 346 347 348 349 351 352 353 354 355 356 357 358]] [24 [361 362 363 364 365 366 367 368 369 371]] [25 [375 376 377 378 379 380 381 382 383 386 387 388 389]] [26 [390 391 392 394 395 397 398 399 400 401 402 403 404]] [27 [406 407 408 409 414 415 416 418 419]] [28 [420 421 422 426 427 428 429 430 431 432 433 434]] [29 [435 436 437 438 439 440 441 442 443 444 448 449]] [30 [450 451 452 453 454 455 456 457 458 460 461 462 463 464]] [31 [465 466 467 468 469 470 471 472 473 475 476 477 478 479]] [32 [480 481 482 483 484 485 486 487 488 489 490 491 492 493 494]] [33 [495 496 497 498 499 500 501 502 503 504 505 506 508 509]] [34 [510 511 512 513 515 516 518 519 520 521 522 524]] [35 [525 526 527 528 531 532 533 534 535 536]] [36 [543 544 545 546 547 548 549 550 551 553]] [37 [555 556 557 558 559 560 561 564 565 566 567 568 569]] [38 [570 571 572 573 574 575 576 577 578 579 581 582 583 584]] [39 [585 586 587 588 589 590 592 593 594 595 596 598 599]] [40 [600 601 602 603 604 607 608 609 610 611 612 613]] [41 [615 616 618 620 621 623 624 626 627 628 629]] [42 [630 631 632 633 634 635 637 638 639 640 641 642 643 644]] [43 [645 646 647 648 649 651 652 653 654 655 656 657 659]] [44 [660 661 662 663 665 666 668 669 670 671 672 673 674]] [45 [675 676 677 678 679 680 681 682 683 684 685 686 687 688]] [46 [690 691 692 694 695 696 697 698 699 701 702 703 704]] [47 [705 706 707 708 709 710 711 712 713 715 716 717]] [48 [720 721 722 724 725 726 727 728 729 730 731 732 733 734]] [49 [735 737 738 739 740 741 742 743 744 745 746 747 748 749]] [50 [751 752 753 757 758 759 760 761 762 763 764]] [51 [765 766 767 768 769 770 772 773 774]] [52 [783 784 785 786 789 790 791 792 793]] [53 [797 798 799 800 801 802 803 804 805 806 808 809]] [54 [810 811 812 814 815 816 817 819 820 821 822 823 824]] [55 [825 828 829 830 831 832 833 834 835 838 839]] [56 [840 841 842 843 844 845 846 847 849 850 851 852 853 854]] [57 [855 856 857 858 859 860 861 862 864 865 866 867 868 869]] [58 [870 872 873 874 875 876 877 878 879 882 883 884]] [59 [885 886 887 888 889 890 891 892 893 895 896 897 898]] [60 [900 901 902 903 904 905 906 907 908 909 910 911 912 913 914]] [61 [915 916 917 918 920 921 922 923 924 925 926 927 929]] [62 [930 931 934 935 936 937 938 939 940 941 943 944]] [63 [945 946 948 949 950 951 952 953 954 955 956 957 958]] [64 [960 964 965 966 968 969 970 971 972 973 974]] [65 [975 976 978 979 980 981 983 984 985 986 987 988 989]] [66 [990 991 992 993 994 995 998 999 1000 1003 1004]] [67 [1006 1007 1009 1010 1011 1012 1013 1015 1016 1017 1018 1019]] [68 [1020 1021 1022 1023 1024 1025 1026 1028 1029 1030 1031 1032 1033 1034]] [69 [1036 1037 1038 1042 1043 1044 1046 1047 1048]] [70 [1051 1052 1053 1054 1055 1058 1059 1060 1061 1062 1063]] [71 [1065 1067 1068 1069 1070 1072 1073 1074 1075 1076 1077 1078 1079]] [72 [1080 1081 1082 1083 1084 1085 1087 1088 1089 1090 1093 1094]] [73 [1096 1097 1098 1099 1101 1102 1103 1104 1105 1106 1107 1108]] [74 [1110 1111 1112 1113 1114 1115 1116 1117 1121 1122 1123 1124]] [75 [1125 1126 1127 1128 1129 1130 1131 1133 1136 1137 1138 1139]] [76 [1141 1142 1143 1144 1146 1147 1148 1149 1151 1152 1153]] [77 [1155 1156 1157 1158 1159 1161 1162 1163 1165 1167 1168 1169]] [78 [1170 1171 1172 1175 1176 1177 1178 1179 1180 1181 1182 1183 1184]] [79 [1186 1187 1188 1189 1191 1192 1195 1196 1197 1198]] [80 [1200 1201 1202 1203 1205 1206 1207 1208 1209 1210 1211 1212 1213 1214]] [81 [1215 1217 1219 1220 1221 1224 1225 1226 1227 1228 1229]] [82 [1230 1231 1232 1233 1234 1235 1237 1239 1240 1241 1242 1243]] [83 [1246 1247 1248 1249 1250 1251 1252 1253 1255 1257 1258 1259]] [84 [1260 1261 1262 1263 1264 1265 1266 1267 1268 1270 1271 1272 1273 1274]] [85 [1275 1276 1277 1278 1279 1280 1281 1282 1283 1284 1285 1287 1288 1289]] [86 [1290 1291 1293 1296 1297 1298 1300 1301 1302 1303 1304]] [87 [1305 1306 1307 1308 1309 1310 1311 1312 1315 1316 1317 1318]] [88 [1320 1321 1322 1324 1325 1326 1327 1328 1329 1330 1331 1332 1333 1334]] [89 [1335 1336 1337 1338 1339 1340 1342 1343 1344 1345 1346 1347 1348 1349]] [90 [1350 1351 1352 1353 1354 1355 1356 1357 1361 1362]] [91 [1365 1366 1367 1368 1369 1371 1372 1373 1374 1377 1378 1379]] [92 [1380 1381 1382 1383 1384 1385 1386 1387 1388 1389 1390 1391 1392]] [93 [1396 1397 1399 1400 1401 1402 1403 1404 1405 1406 1408 1409]] [94 [1411 1412 1415 1416 1417 1418 1419 1420 1421 1422 1423]] [95 [1425 1426 1427 1428 1430 1431 1432 1433 1434 1435 1437 1438]] [96 [1440 1441 1442 1443 1444 1445 1446 1447 1448 1449 1452 1453 1454]] [97 [1455 1456 1457 1459 1461 1462 1463 1464 1465 1466 1467 1468 1469]] [98 [1470 1471 1472 1473 1474 1476 1477 1478 1479 1480 1482 1484]] [99 [1485 1486 1487 1489 1490 1491 1492 1493 1494 1495 1496 1498]]]",,"[[{citizen 29} [[""A"" [3 2]]]] [{citizen 37} [[""A"" [4 4]]]] [{media 50} [[""A"" [4 4]]]] [{media 52} [[""A"" [2 2]]]] [{media 54} [[""A"" [3 3]]]] [{media 55} [[""A"" [3 3]]]] [{media 56} [[""A"" [2 2]]]] [{media 57} [[""A"" [2 2]]]] [{media 58} [[""A"" [1 1]]]] [{media 59} [[""A"" [4 4]]]] [{media 63} [[""A"" [3 3]]]] [{media 64} [[""A"" [3 3]]]] [{media 60} [[""A"" [4 4]]]] [{citizen 4} [[""A"" [2 4]]]] [{citizen 25} [[""A"" [2 2]]]] [{citizen 1} [[""A"" [4 2]]]] [{citizen 5} [[""A"" [2 2]]]] [{media 51} [[""A"" [2 2]]]] [{citizen 3} [[""A"" [2 3]]]] [{media 62} [[""A"" [4 4]]]] [{citizen 9} [[""A"" [2 2]]]] [{media 53} [[""A"" [4 4]]]] [{media 61} [[""A"" [3 3]]]] [{citizen 49} [[""A"" [2 2]]]] [{citizen 32} [[""A"" [2 4]]]] [{citizen 15} [[""A"" [3 2]]]] [{citizen 0} [[""A"" [3 2]]]] [{citizen 17} [[""A"" [3 2]]]] [{citizen 16} [[""A"" [3 3]]]] [{citizen 44} [[""A"" [3 2]]]] [{citizen 2} [[""A"" [2 4]]]] [{citizen 48} [[""A"" [2 4]]]] [{citizen 31} [[""A"" [3 2]]]] [{citizen 43} [[""A"" [2 2]]]] [{citizen 21} [[""A"" [3 4]]]] [{citizen 7} [[""A"" [2 2]]]] [{citizen 41} [[""A"" [2 2]]]] [{citizen 12} [[""A"" [2 4]]]] [{citizen 20} [[""A"" [2 3]]]] [{citizen 22} [[""A"" [3 2]]]] [{citizen 19} [[""A"" [2 2]]]] [{citizen 47} [[""A"" [3 2]]]] [{citizen 33} [[""A"" [2 2]]]] [{citizen 10} [[""A"" [2 2]]]] [{citizen 6} [[""A"" [2 2]]]] [{citizen 24} [[""A"" [3 2]]]] [{citizen 14} [[""A"" [2 3]]]] [{citizen 38} [[""A"" [2 2]]]] [{citizen 8} [[""A"" [4 2]]]] [{citizen 35} [[""A"" [2 2]]]] [{citizen 13} [[""A"" [2 3]]]] [{citizen 28} [[""A"" [2 4]]]] [{citizen 40} [[""A"" [3 2]]]] [{citizen 46} [[""A"" [2 4]]]] [{citizen 45} [[""A"" [2 2]]]] [{citizen 18} [[""A"" [3 2]]]] [{citizen 30} [[""A"" [2 2]]]] [{citizen 23} [[""A"" [2 2]]]] [{citizen 36} [[""A"" [3 2]]]] [{citizen 34} [[""A"" [3 2]]]] [{citizen 42} [[""A"" [3 2]]]] [{citizen 39} [[""A"" [2 4]]]] [{citizen 27} [[""A"" [2 2]]]] [{citizen 11} [[""A"" [3 2]]]]]"
"27","[170 0 85]","297.55102040816325","-5.249574880399695","2.658766262006168","""circle""","""""","9.9","{breed citizens}","false","0.5","1","""up""",,"[[""ID"" 42] [""alpha"" 1] [""beta"" 1] [""malleable"" [""A""]] [""prior"" []] [""cont_tokens"" []] [""A"" 2]]","[[0 [1 2 3 4 5 6 7 8 9 10 11 12 13 14]] [1 [15 16 17 18 19 20 21 22 23 24 25 26 27 28 29]] [2 [30 31 32 33 34 35 36 37 38 39 40 41 42 43 44]] [3 [45 46 47 48 49 50 51 52 53 54 55 56 57 58 59]] [4 [60 61 62 63 64 65 66 67 68 69 70 71 72 73 74]] [5 [75 76 77 78 79 80 81 82 83 84 85 86 87 88 89]] [6 [90 91 92 93 94 95 96 97 98 99 100 101 102 103 104]] [7 [105 106 107 108 109 110 111 112 113 114 115 116 117 118 119]] [8 [120 121 122 123 124 125 126 127 128 129 130 131 132 133 134]] [9 [135 136 137 138 139 140 141 142 143 144 145 146 147 148 149]] [10 [150 151 152 153 154 155 156 157 158 159 160 161 162 163 164]] [11 [165 166 167 168 169 170 171 172 173 174 175 176 177 178 179]] [12 [180 181 183 184 185 186 187 188 189 190 191 192 193 194]] [13 [195 196 197 198 199 200 201 202 203 204 205 206 207 208 209]] [14 [210 211 212 213 214 215 216 217 218 219 220 221 222 223 224]] [15 [225 226 227 228 229 230 231 232 233 234 235 236 237 238 239]] [16 [241 242 243 244 245 246 247 248 249 250 251 252 253 254]] [17 [255 256 257 258 259 260 261 262 263 264 265 266 267 268 269]] [18 [270 271 272 273 274 275 276 277 278 279 280 281 282 283 284]] [19 [285 286 287 288 289 290 291 292 293 294 295 296 297 298 299]] [20 [300 301 302 303 304 305 306 307 308 309 310 311 312 313 314]] [21 [315 316 317 318 319 320 321 322 323 324 325 326 327 328 329]] [22 [330 331 332 333 334 335 336 337 338 339 340 341 342 343 344]] [23 [345 346 347 348 349 350 351 352 353 354 355 356 357 358 359]] [24 [360 361 362 363 364 365 366 367 368 369 370 371 372 373 374]] [25 [375 376 377 378 379 380 381 382 383 384 385 386 387 388 389]] [26 [390 391 392 393 394 395 396 397 398 399 400 401 402 403 404]] [27 [405 406 407 408 409 410 411 412 413 414 415 416 417 418 419]] [28 [420 421 422 424 425 426 427 428 429 430 431 432 433 434]] [29 [435 436 437 438 439 440 441 442 443 444 445 446 447 448 449]] [30 [450 451 452 453 454 455 456 457 458 459 460 461 462 463 464]] [31 [465 466 467 468 469 470 471 472 473 474 475 476 477 478 479]] [32 [480 481 482 483 484 485 486 487 488 489 490 491 492 493 494]] [33 [495 496 497 498 499 500 501 502 503 504 505 506 507 508 509]] [34 [510 511 512 513 514 515 516 517 518 519 520 521 522 523 524]] [35 [525 526 527 528 529 530 531 532 533 534 535 536 537 538 539]] [36 [540 541 542 543 544 545 546 547 548 549 550 551 552 553 554]] [37 [555 556 557 558 559 560 561 562 563 564 565 566 567 568 569]] [38 [570 571 572 573 574 575 576 577 578 579 580 581 582 583 584]] [39 [585 586 587 588 589 590 592 593 594 595 596 597 598 599]] [40 [600 601 602 603 604 605 606 607 608 609 610 611 612 613 614]] [41 [615 616 617 618 619 620 621 622 623 624 626 627 628 629]] [42 [630 631 632 633 634 635 636 637 638 639 640 641 642 643 644]] [43 [645 646 647 648 649 650 651 652 653 654 655 656 657 658 659]] [44 [660 661 662 663 664 665 666 667 668 669 670 671 672 673 674]] [45 [675 676 677 678 679 680 681 682 683 684 685 686 687 688]] [46 [690 691 692 693 694 695 696 697 698 699 700 701 702 703 704]] [47 [705 706 707 708 709 710 711 712 713 715 716 717 718 719]] [48 [720 721 722 724 725 726 727 728 729 730 731 732 733 734]] [49 [735 736 737 738 739 740 741 742 743 744 745 746 747 748 749]] [50 [750 751 752 753 754 755 756 757 758 759 760 761 762 763 764]] [51 [765 766 767 768 769 770 771 772 773 774 775 776 777 778 779]] [52 [780 781 782 783 784 785 786 787 788 789 790 791 792 793 794]] [53 [795 796 797 798 799 800 801 802 803 804 805 806 807 808 809]] [54 [810 811 812 813 814 815 816 817 818 819 820 821 822 823 824]] [55 [825 826 827 828 829 830 831 832 833 834 835 836 837 838 839]] [56 [840 841 842 843 844 845 846 847 848 849 850 851 852 853 854]] [57 [855 856 857 858 859 860 861 862 863 864 865 866 867 868 869]] [58 [870 871 872 873 874 875 876 877 878 879 881 882 883 884]] [59 [885 886 887 888 889 890 891 892 893 894 895 896 897 898 899]] [60 [900 901 902 903 904 905 906 907 908 909 910 911 912 913 914]] [61 [915 916 917 918 919 920 921 922 923 924 925 926 927 928 929]] [62 [930 931 932 933 934 935 936 937 938 939 940 941 942 943 944]] [63 [945 946 947 948 949 950 951 952 953 954 955 956 957 958 959]] [64 [960 961 962 963 964 965 966 967 968 969 970 971 972 973 974]] [65 [975 976 977 978 979 980 981 982 983 984 985 986 987 988 989]] [66 [990 991 992 993 994 995 996 997 998 999 1000 1001 1002 1003 1004]] [67 [1005 1006 1007 1009 1010 1011 1012 1013 1014 1015 1016 1017 1018 1019]] [68 [1020 1021 1022 1023 1024 1025 1026 1027 1028 1029 1030 1031 1032 1033 1034]] [69 [1035 1036 1037 1038 1040 1042 1043 1044 1046 1047 1048]] [70 [1050 1051 1052 1053 1054 1055 1056 1057 1058 1059 1060 1061 1062 1063 1064]] [71 [1065 1066 1067 1068 1069 1070 1071 1072 1073 1074 1075 1076 1077 1078 1079]] [72 [1080 1081 1082 1083 1084 1085 1086 1087 1088 1089 1090 1091 1092 1093 1094]] [73 [1095 1096 1097 1098 1099 1100 1101 1102 1103 1104 1105 1106 1107 1108 1109]] [74 [1110 1111 1112 1113 1114 1115 1116 1117 1118 1119 1120 1121 1122 1123 1124]] [75 [1125 1126 1127 1128 1129 1130 1131 1132 1133 1134 1135 1136 1137 1138 1139]] [76 [1140 1141 1142 1143 1144 1145 1146 1147 1148 1149 1150 1151 1152 1153 1154]] [77 [1155 1156 1157 1158 1159 1160 1161 1162 1163 1164 1165 1166 1167 1168 1169]] [78 [1170 1171 1172 1173 1174 1175 1176 1177 1178 1179 1180 1181 1182 1183 1184]] [79 [1185 1186 1187 1188 1189 1190 1191 1192 1193 1194 1195 1196 1197 1198 1199]] [80 [1200 1201 1202 1203 1204 1205 1206 1207 1208 1209 1210 1211 1212 1213 1214]] [81 [1215 1216 1217 1218 1219 1220 1221 1222 1223 1224 1225 1226 1227 1228 1229]] [82 [1230 1231 1232 1233 1234 1235 1236 1237 1238 1239 1240 1241 1242 1243 1244]] [83 [1245 1246 1247 1248 1249 1250 1251 1252 1253 1254 1255 1256 1257 1258 1259]] [84 [1260 1261 1262 1263 1264 1265 1266 1267 1268 1269 1270 1271 1272 1273 1274]] [85 [1275 1276 1277 1278 1279 1280 1281 1282 1283 1284 1285 1287 1288 1289]] [86 [1290 1291 1292 1293 1295 1296 1297 1298 1299 1300 1301 1302 1303 1304]] [87 [1305 1306 1307 1308 1309 1310 1311 1312 1313 1314 1315 1316 1317 1318 1319]] [88 [1320 1321 1322 1324 1325 1326 1327 1328 1329 1330 1331 1332 1333 1334]] [89 [1335 1336 1337 1338 1339 1340 1342 1343 1344 1345 1346 1347 1348 1349]] [90 [1350 1351 1352 1353 1354 1355 1356 1357 1358 1359 1360 1361 1362 1363 1364]] [91 [1365 1366 1367 1368 1369 1370 1371 1372 1373 1374 1375 1376 1377 1378 1379]] [92 [1380 1381 1382 1383 1384 1385 1386 1387 1388 1389 1390 1391 1392 1393 1394]] [93 [1395 1396 1397 1398 1399 1400 1401 1402 1403 1404 1405 1406 1407 1408 1409]] [94 [1410 1411 1412 1413 1414 1415 1416 1417 1418 1419 1420 1421 1422 1423 1424]] [95 [1425 1426 1427 1428 1429 1430 1431 1432 1433 1434 1435 1436 1437 1438 1439]] [96 [1440 1441 1442 1443 1444 1445 1446 1447 1448 1449 1450 1451 1452 1453 1454]] [97 [1455 1456 1457 1458 1459 1460 1461 1462 1463 1464 1465 1466 1467 1468 1469]] [98 [1470 1471 1472 1473 1474 1475 1476 1477 1478 1479 1480 1481 1482 1483 1484]] [99 [1485 1486 1487 1488 1489 1490 1491 1492 1493 1494 1495 1496 1497 1498 1499]]]","[[0 [2 3 4 5 6 7 8 9 10 11 13]] [1 [16 17 18 19 20 21 22 24 25 27 29]] [2 [30 31 32 33 35 38 39 40 41 42 43 44]] [3 [45 46 47 48 49 50 51 52 53 54 55 56 58]] [4 [60 61 62 63 64 65 66 67 68 69 70 71 72 73 74]] [5 [75 76 77 78 79 80 82 83 84 85 86 87 88 89]] [6 [90 91 92 94 95 96 98 99 100 101 102 103 104]] [7 [106 107 108 109 110 111 112 113 114 115 116 117 118 119]] [8 [120 121 122 123 124 125 126 128 130 131 133 134]] [9 [135 136 137 138 141 142 143 144 145 146 149]] [10 [150 152 153 154 155 156 157 158 160 161 162 164]] [11 [165 166 167 168 169 170 171 172 173 174 176 177 178 179]] [12 [180 181 184 185 186 187 188 189 191 192 193]] [13 [195 196 197 200 201 202 204 206 208]] [14 [210 211 212 214 215 216 217 218 220 221 222 224]] [15 [225 226 227 228 229 230 231 232 233 234 235 236 237 238 239]] [16 [242 243 244 245 246 247 248 249 250 251 252 254]] [17 [255 256 257 258 259 260 261 262 265 266 269]] [18 [270 272 273 274 275 277 278 279 280 281 282 283 284]] [19 [285 286 287 288 289 290 291 292 293 294 296 297 298 299]] [20 [300 301 302 303 304 307 308 309 310 311]] [21 [315 316 319 320 321 323 325 327 328 329]] [22 [330 331 332 333 334 335 336 337 338 339 341 343 344]] [23 [345 346 347 348 349 350 352 353 354 355 356 357 358]] [24 [363 364 365 366 367 368 369 371 372 373 374]] [25 [378 379 380 381 382 383 384 385 387 388 389]] [26 [390 391 392 394 395 397 398 399 400 401 402 403 404]] [27 [405 406 407 408 409 411 412 413 414 415 416 418 419]] [28 [420 421 422 425 426 427 428 429 430 431 432 433 434]] [29 [435 437 438 439 440 441 442 443 444 445 446 447 449]] [30 [450 451 452 453 454 455 456 457 458 460 461 462 463 464]] [31 [465 466 467 468 469 470 472 473 474 475 476 477 478 479]] [32 [480 481 482 483 484 485 486 487 488 489 490 491 494]] [33 [495 496 497 498 499 500 501 502 503 504 505 506 508 509]] [34 [510 511 512 513 514 515 516 517 518 519 520 522 523 524]] [35 [525 526 527 528 529 530 532 533 534 535 536]] [36 [540 541 542 543 544 545 546 547 549 550 551 554]] [37 [555 556 558 560 561 562 563 564 565 566 567 568 569]] [38 [570 572 574 575 576 577 578 579 581 582 583 584]] [39 [585 586 587 588 589 590 592 593 595 596 597 598 599]] [40 [600 601 602 603 604 607 608 609 610 611 612 613 614]] [41 [615 616 617 618 619 620 621 623 624 626 627 628 629]] [42 [630 633 634 635 637 638 639 640 641 642 644]] [43 [645 646 648 649 651 652 653 655 656 657]] [44 [660 661 662 663 665 666 668 670 671 672 673 674]] [45 [675 676 677 678 679 680 681 682 683 685 687 688]] [46 [690 692 694 695 696 697 698 699 701 702 703 704]] [47 [705 706 707 709 710 711 712 713 715 716 717 718 719]] [48 [721 722 724 725 726 727 728 729 730 731 732 733 734]] [49 [735 736 738 739 740 741 742 743 744 745 746 747 748 749]] [50 [750 751 752 753 754 755 756 757 758 759 760 761 762 763 764]] [51 [765 766 767 768 770 771 772 773 774 776 777 778 779]] [52 [780 781 782 783 784 785 786 789 790 791 792 793]] [53 [796 797 798 800 801 802 803 804 805 806 808 809]] [54 [810 811 812 813 814 815 816 817 818 819 820 822 823 824]] [55 [825 827 828 829 830 831 832 833 834 835 836 837 838 839]] [56 [840 841 842 843 844 845 846 847 848 849 850 851 852 853 854]] [57 [855 856 857 858 859 860 861 862 865 866 867 868 869]] [58 [870 872 873 874 875 876 877 878 879 881 883 884]] [59 [885 886 887 888 889 890 891 892 893 895 896 897 898 899]] [60 [900 901 902 903 905 906 907 909 910 911 912 913 914]] [61 [915 916 917 919 920 921 923 924 925 926 927]] [62 [931 934 935 936 937 938 939 940 941 942 943]] [63 [945 946 948 949 951 952 953 954 955 956 957 958 959]] [64 [960 961 962 963 965 966 968 969 970 971 972 973 974]] [65 [975 976 978 979 980 981 983 984 985 988 989]] [66 [990 991 992 993 994 995 998 999 1001 1002 1003 1004]] [67 [1005 1006 1007 1009 1010 1011 1012 1014 1016 1017 1018 1019]] [68 [1020 1021 1022 1023 1024 1025 1026 1027 1028 1029 1031 1032 1033 1034]] [69 [1036 1037 1038 1042 1043 1044 1046 1047 1048]] [70 [1050 1051 1052 1053 1054 1055 1062 1063]] [71 [1065 1067 1068 1070 1071 1073 1074 1075 1076 1077 1078]] [72 [1080 1081 1082 1083 1084 1085 1087 1088 1089 1090 1092 1093 1094]] [73 [1096 1097 1098 1099 1100 1102 1103 1105 1106 1107 1108]] [74 [1110 1111 1112 1113 1114 1115 1116 1117 1119 1120 1121 1122 1123]] [75 [1125 1126 1127 1128 1129 1130 1131 1133 1134 1135 1138 1139]] [76 [1140 1141 1143 1144 1145 1146 1147 1148 1149 1151 1152 1153 1154]] [77 [1155 1156 1157 1158 1159 1161 1162 1163 1165 1167]] [78 [1170 1171 1172 1173 1174 1176 1177 1178 1179 1180 1181 1182 1183 1184]] [79 [1185 1186 1187 1188 1189 1191 1192 1194 1196 1197 1198]] [80 [1200 1201 1202 1204 1205 1206 1207 1209 1210 1211 1212 1213 1214]] [81 [1215 1217 1219 1220 1221 1222 1223 1224 1225 1226 1227 1228]] [82 [1230 1231 1232 1233 1234 1235 1237 1238 1239 1241 1242 1243]] [83 [1246 1247 1248 1249 1250 1251 1252 1254 1256 1258 1259]] [84 [1260 1261 1262 1263 1264 1265 1266 1267 1268 1270 1271 1272 1273 1274]] [85 [1275 1276 1277 1278 1279 1280 1281 1282 1283 1284 1285 1287 1288 1289]] [86 [1290 1291 1292 1295 1296 1297 1298 1299 1300 1301 1302 1303 1304]] [87 [1305 1306 1307 1308 1309 1310 1311 1312 1313 1314 1315 1316 1317 1318]] [88 [1320 1321 1322 1325 1326 1327 1328 1329 1330 1331 1332 1333 1334]] [89 [1335 1336 1337 1339 1340 1342 1343 1344 1345 1346 1347 1348 1349]] [90 [1350 1351 1352 1353 1354 1355 1356 1357 1358 1359 1360 1363 1364]] [91 [1366 1367 1368 1369 1371 1372 1373 1374 1377 1378 1379]] [92 [1380 1382 1383 1384 1385 1386 1387 1388 1389 1390 1391 1393 1394]] [93 [1395 1396 1397 1399 1400 1401 1402 1403 1404 1405 1406 1408 1409]] [94 [1411 1412 1416 1418 1419 1420 1421 1422 1423]] [95 [1425 1427 1428 1430 1431 1432 1433 1434 1435 1437 1438]] [96 [1440 1441 1442 1443 1444 1445 1446 1447 1448 1449 1450 1451 1452 1453 1454]] [97 [1455 1456 1457 1459 1460 1461 1462 1463 1464 1465 1466 1467 1468 1469]] [98 [1470 1471 1472 1473 1474 1475 1476 1477 1481 1483 1484]] [99 [1485 1486 1487 1489 1490 1491 1492 1493 1494 1495 1496 1498]]]",,"[[{citizen 32} [[""A"" [4 4]]]] [{citizen 36} [[""A"" [2 4]]]] [{citizen 41} [[""A"" [2 4]]]] [{media 50} [[""A"" [4 4]]]] [{media 52} [[""A"" [2 2]]]] [{media 54} [[""A"" [3 3]]]] [{media 55} [[""A"" [3 3]]]] [{media 56} [[""A"" [2 2]]]] [{media 57} [[""A"" [2 2]]]] [{media 58} [[""A"" [1 1]]]] [{media 59} [[""A"" [4 4]]]] [{media 63} [[""A"" [3 3]]]] [{media 64} [[""A"" [3 3]]]] [{citizen 4} [[""A"" [2 4]]]] [{citizen 12} [[""A"" [2 4]]]] [{media 51} [[""A"" [2 2]]]] [{citizen 3} [[""A"" [3 4]]]] [{media 62} [[""A"" [4 4]]]] [{citizen 9} [[""A"" [4 4]]]] [{media 53} [[""A"" [4 4]]]] [{media 61} [[""A"" [3 3]]]] [{citizen 6} [[""A"" [2 2]]]] [{citizen 49} [[""A"" [2 4]]]] [{citizen 1} [[""A"" [4 2]]]] [{citizen 15} [[""A"" [2 4]]]] [{citizen 0} [[""A"" [3 2]]]] [{citizen 17} [[""A"" [3 2]]]] [{citizen 16} [[""A"" [3 3]]]] [{citizen 44} [[""A"" [3 2]]]] [{citizen 2} [[""A"" [4 4]]]] [{citizen 37} [[""A"" [4 4]]]] [{citizen 26} [[""A"" [3 2]]]] [{citizen 29} [[""A"" [3 3]]]] [{citizen 5} [[""A"" [2 2]]]] [{citizen 25} [[""A"" [3 2]]]] [{citizen 48} [[""A"" [2 4]]]] [{citizen 31} [[""A"" [2 4]]]] [{citizen 43} [[""A"" [2 2]]]] [{citizen 21} [[""A"" [3 4]]]] [{citizen 7} [[""A"" [2 2]]]] [{citizen 20} [[""A"" [3 4]]]] [{citizen 22} [[""A"" [3 2]]]] [{citizen 19} [[""A"" [3 2]]]] [{citizen 47} [[""A"" [4 4]]]] [{citizen 33} [[""A"" [2 2]]]] [{citizen 10} [[""A"" [4 2]]]] [{citizen 24} [[""A"" [3 2]]]] [{citizen 14} [[""A"" [3 2]]]] [{citizen 38} [[""A"" [2 2]]]] [{citizen 8} [[""A"" [2 3]]]] [{citizen 35} [[""A"" [2 4]]]] [{citizen 13} [[""A"" [3 4]]]] [{citizen 28} [[""A"" [4 4]]]] [{citizen 40} [[""A"" [2 4]]]] [{citizen 46} [[""A"" [2 4]]]] [{citizen 45} [[""A"" [4 2]]]] [{citizen 18} [[""A"" [3 2]]]] [{citizen 30} [[""A"" [2 2]]]] [{citizen 23} [[""A"" [3 2]]]] [{citizen 34} [[""A"" [2 4]]]] [{citizen 42} [[""A"" [2 4]]]] [{citizen 39} [[""A"" [2 4]]]] [{media 60} [[""A"" [4 4]]]] [{citizen 11} [[""A"" [2 4]]]]]"
"28","[85 0 170]","183.6734693877551","-0.3458675048661308","-14.077938015755867","""circle""","""""","9.9","{breed citizens}","false","0.5","1","""up""",,"[[""ID"" 21] [""alpha"" 1] [""beta"" 1] [""malleable"" [""A""]] [""prior"" []] [""cont_tokens"" []] [""A"" 4]]","[[0 [0 1 2 3 4 5 6 7 8 9 10 11 12 13 14]] [1 [15 16 17 18 19 20 21 22 23 24 25 26 27 28 29]] [2 [30 31 32 33 34 35 36 37 38 39 40 41 42 43 44]] [3 [45 46 47 48 49 50 51 52 53 54 55 56 57 58 59]] [4 [60 61 62 63 64 65 66 67 68 69 70 71 72 73 74]] [5 [75 76 77 78 79 80 81 82 83 84 85 86 87 88 89]] [6 [90 91 92 93 94 95 96 97 98 99 100 101 102 103 104]] [7 [105 106 107 108 109 110 111 112 113 114 115 116 117 118 119]] [8 [120 121 122 123 124 125 126 127 128 129 130 131 132 133 134]] [9 [135 136 137 138 139 140 141 142 143 144 145 146 147 148 149]] [10 [150 151 152 153 154 155 156 157 158 159 160 161 162 163 164]] [11 [165 166 167 168 169 170 171 172 173 174 175 176 177 178 179]] [12 [180 181 183 184 185 186 187 188 189 190 191 192 193 194]] [13 [195 196 197 198 199 200 201 202 203 204 205 206 207 208 209]] [14 [210 211 212 213 214 215 216 217 218 219 220 221 222 223 224]] [15 [225 226 227 228 229 230 231 232 233 234 235 236 237 238 239]] [16 [241 242 243 244 245 246 247 248 249 250 251 252 253 254]] [17 [255 256 257 258 259 260 261 262 263 264 265 266 267 268 269]] [18 [270 271 272 273 274 275 276 277 278 279 280 281 282 283 284]] [19 [285 286 287 288 289 290 291 292 293 294 295 296 297 298 299]] [20 [300 301 302 303 304 305 306 307 308 309 310 311 312 313 314]] [21 [315 316 317 318 319 320 321 322 323 324 325 326 327 328 329]] [22 [330 331 332 333 334 335 336 337 338 339 340 341 342 343 344]] [23 [345 346 347 348 349 350 351 352 353 354 355 356 357 358 359]] [24 [360 361 362 363 364 365 366 367 368 369 370 371 372 373 374]] [25 [375 376 377 378 379 380 381 382 383 384 385 386 387 388 389]] [26 [390 391 392 393 394 395 396 397 398 399 400 401 402 403 404]] [27 [405 406 407 408 409 410 411 412 413 414 415 416 417 418 419]] [28 [420 421 422 424 425 426 427 428 429 430 431 432 433 434]] [29 [435 436 437 438 439 440 441 442 443 444 445 446 447 448 449]] [30 [450 451 452 453 454 455 456 457 458 459 460 461 462 463 464]] [31 [465 466 467 468 469 470 471 472 473 474 475 476 477 478 479]] [32 [480 481 482 483 484 485 486 487 488 489 490 491 492 493 494]] [33 [495 496 497 498 499 500 501 502 503 504 505 506 507 508 509]] [34 [510 511 512 513 514 515 516 517 518 519 520 521 522 523 524]] [35 [525 526 527 528 529 530 531 532 533 534 535 536 537 538 539]] [36 [540 541 542 543 544 545 546 547 548 549 550 551 552 553 554]] [37 [555 556 557 558 559 560 561 562 563 564 565 566 567 568 569]] [38 [570 571 572 573 574 575 576 577 578 579 580 581 582 583 584]] [39 [585 586 587 588 589 590 592 593 594 595 596 597 598 599]] [40 [600 601 602 603 604 605 606 607 608 609 610 611 612 613 614]] [41 [615 616 617 618 619 620 621 622 623 624 626 627 628 629]] [42 [630 631 632 633 634 635 636 637 638 639 640 641 642 643 644]] [43 [645 646 647 648 649 650 651 652 653 654 655 656 657 658 659]] [44 [660 661 662 663 664 665 666 667 668 669 670 671 672 673 674]] [45 [675 676 677 678 679 680 681 682 683 684 685 686 687 688]] [46 [690 691 692 693 694 695 696 697 698 699 700 701 702 703 704]] [47 [705 706 707 708 709 710 711 712 713 715 716 717 718 719]] [48 [720 721 722 724 725 726 727 728 729 730 731 732 733 734]] [49 [735 736 737 738 739 740 741 742 743 744 745 746 747 748 749]] [50 [750 751 752 753 754 755 756 757 758 759 760 761 762 763 764]] [51 [765 766 767 768 769 770 771 772 773 774 775 776 777 778 779]] [52 [780 781 782 783 784 785 786 787 788 789 790 791 792 793 794]] [53 [795 796 797 798 799 800 801 802 803 804 805 806 807 808 809]] [54 [810 811 812 813 814 815 816 817 818 819 820 821 822 823 824]] [55 [825 826 827 828 829 830 831 832 833 834 835 836 837 838 839]] [56 [840 841 842 843 844 845 846 847 848 849 850 851 852 853 854]] [57 [855 856 857 858 859 860 861 862 863 864 865 866 867 868 869]] [58 [870 871 872 873 874 875 876 877 878 879 881 882 883 884]] [59 [885 886 887 888 889 890 891 892 893 894 895 896 897 898 899]] [60 [900 901 902 903 904 905 906 907 908 909 910 911 912 913 914]] [61 [915 916 917 918 919 920 921 922 923 924 925 926 927 928 929]] [62 [930 931 932 933 934 935 936 937 938 939 940 941 942 943 944]] [63 [945 946 948 949 950 951 952 953 954 955 956 957 958 959]] [64 [960 961 962 963 964 965 966 967 968 969 970 971 972 973 974]] [65 [975 976 977 978 979 980 981 982 983 984 985 986 987 988 989]] [66 [990 991 992 993 994 995 996 997 998 999 1000 1001 1002 1003 1004]] [67 [1005 1006 1007 1009 1010 1011 1012 1013 1014 1015 1016 1017 1018 1019]] [68 [1020 1021 1022 1023 1024 1025 1026 1027 1028 1029 1030 1031 1032 1033 1034]] [69 [1035 1036 1037 1038 1040 1042 1043 1044 1046 1047 1048]] [70 [1050 1051 1052 1053 1054 1055 1056 1057 1058 1059 1060 1061 1062 1063 1064]] [71 [1065 1066 1067 1068 1069 1070 1071 1072 1073 1074 1075 1076 1077 1078 1079]] [72 [1080 1081 1082 1083 1084 1085 1086 1087 1088 1089 1090 1091 1092 1093 1094]] [73 [1095 1096 1097 1098 1099 1100 1101 1102 1103 1104 1105 1106 1107 1108 1109]] [74 [1110 1111 1112 1113 1114 1115 1116 1117 1118 1119 1120 1121 1122 1123 1124]] [75 [1125 1126 1127 1128 1129 1130 1131 1132 1133 1134 1135 1136 1137 1138 1139]] [76 [1140 1141 1142 1143 1144 1145 1146 1147 1148 1149 1150 1151 1152 1153 1154]] [77 [1155 1156 1157 1158 1159 1160 1161 1162 1163 1164 1165 1166 1167 1168 1169]] [78 [1170 1171 1172 1173 1174 1175 1176 1177 1178 1179 1180 1181 1182 1183 1184]] [79 [1185 1186 1187 1188 1189 1190 1191 1192 1193 1194 1195 1196 1197 1198 1199]] [80 [1200 1201 1202 1203 1204 1205 1206 1207 1208 1209 1210 1211 1212 1213 1214]] [81 [1215 1216 1217 1218 1219 1220 1221 1222 1223 1224 1225 1226 1227 1228 1229]] [82 [1230 1231 1232 1233 1234 1235 1236 1237 1238 1239 1240 1241 1242 1243 1244]] [83 [1245 1246 1247 1248 1249 1250 1251 1252 1253 1254 1255 1256 1257 1258 1259]] [84 [1260 1261 1262 1263 1264 1265 1266 1267 1268 1269 1270 1271 1272 1273 1274]] [85 [1275 1276 1277 1278 1279 1280 1281 1282 1283 1284 1285 1287 1288 1289]] [86 [1290 1291 1292 1293 1295 1296 1297 1298 1299 1300 1301 1302 1303 1304]] [87 [1305 1306 1307 1308 1309 1310 1311 1312 1313 1314 1315 1316 1317 1318 1319]] [88 [1320 1321 1322 1324 1325 1326 1327 1328 1329 1330 1331 1332 1333 1334]] [89 [1335 1336 1337 1338 1339 1340 1342 1343 1344 1345 1346 1347 1348 1349]] [90 [1350 1351 1352 1353 1354 1355 1356 1357 1358 1359 1360 1361 1362 1363 1364]] [91 [1365 1366 1367 1368 1369 1370 1371 1372 1373 1374 1375 1376 1377 1378 1379]] [92 [1380 1381 1382 1383 1384 1385 1386 1387 1388 1389 1390 1391 1392 1393 1394]] [93 [1395 1396 1397 1398 1399 1400 1401 1402 1403 1404 1405 1406 1407 1408 1409]] [94 [1410 1411 1412 1413 1414 1415 1416 1417 1418 1419 1420 1421 1422 1423 1424]] [95 [1425 1426 1427 1428 1429 1430 1431 1432 1433 1434 1435 1436 1437 1438 1439]] [96 [1440 1441 1442 1443 1444 1445 1446 1447 1448 1449 1450 1451 1452 1453 1454]] [97 [1455 1456 1457 1458 1459 1460 1461 1462 1463 1464 1465 1466 1467 1468 1469]] [98 [1470 1471 1472 1473 1474 1475 1476 1477 1478 1479 1480 1481 1482 1483 1484]] [99 [1485 1486 1487 1488 1489 1490 1491 1492 1493 1494 1495 1496 1497 1498 1499]]]","[[0 [1 2 3 4 5 7 8 10 11 13 14]] [1 [15 16 17 18 19 20 21 22 23 25 27 28 29]] [2 [30 31 32 33 36 37 38 40 41 42 43 44]] [3 [45 46 47 48 49 52 53 54 55 56 58]] [4 [60 61 62 63 64 65 67 68 69 70 71 72 73]] [5 [75 76 77 78 79 80 81 82 84 85 87 88]] [6 [93 97 98 99 100 101 103 104]] [7 [106 107 109 110 111 112 115 116 118 119]] [8 [120 121 122 123 124 125 126 127 128 130 131 133 134]] [9 [136 137 138 139 140 142 143 144 145 148 149]] [10 [150 152 153 154 155 156 158 159 161 162 163 164]] [11 [165 166 167 170 171 172 173 174 176 177 178 179]] [12 [181 183 184 185 186 187 188 189 192 193]] [13 [195 196 197 198 199 201 202 203 204 205 207 208 209]] [14 [210 211 213 214 215 216 217 218 219 220 221 222]] [15 [225 226 227 228 229 230 231 232 233 234 235 236 237 238 239]] [16 [242 243 244 245 246 247 248 249 250 251 252 254]] [17 [255 256 257 258 259 260 261 263 264 265 267 268 269]] [18 [270 271 272 273 275 277 278 279 280 281 283 284]] [19 [285 286 287 288 289 290 291 292 293 294 296 297 298 299]] [20 [301 302 303 304 305 306 307 308 309 310 311]] [21 [316 319 320 321 322 323 325 327 328 329]] [22 [330 331 332 333 334 335 336 337 338 339 340 342 343 344]] [23 [345 346 347 348 349 351 352 353 354 355 356 357 358]] [24 [364 365 366 367 368 369 370 372 373 374]] [25 [378 379 380 381 382 383 386 387 388 389]] [26 [390 391 392 394 395 397 398 399 400 401 402 403 404]] [27 [406 407 408 409 411 412 413 414 415 416 418 419]] [28 [420 421 422 426 427 428 429 430 432 433 434]] [29 [435 437 438 439 440 441 442 443 444 446 447]] [30 [450 451 452 453 456 457 458 460 461 462 463 464]] [31 [467 468 469 470 472 473 474 475 476 477 478 479]] [32 [480 481 482 483 484 485 486 487 488 489 490 491 492 493 494]] [33 [496 497 498 499 500 501 502 503 504 505 506 508 509]] [34 [510 511 512 513 515 516 517 518 519 520 522 523 524]] [35 [525 526 527 528 530 531 533 534 535 536]] [36 [540 541 542 543 544 545 546 547 548 549 550 551 553]] [37 [555 556 557 558 560 561 563 564 565 567 569]] [38 [570 573 574 575 576 577 578 579 581 582 583 584]] [39 [585 586 587 589 590 592 593 594 595 597 598 599]] [40 [600 601 602 603 604 607 609 610 611 613 614]] [41 [615 616 618 619 620 621 622 623 624 626 627 628 629]] [42 [630 631 632 633 634 635 637 638 639 640 641 642 644]] [43 [645 647 648 649 651 652 653 655 656 657 658 659]] [44 [661 662 663 665 666 668 670 671 672 673 674]] [45 [675 676 677 678 679 680 681 682 683 685 686 687 688]] [46 [691 692 694 695 696 697 698 699 701 702 703 704]] [47 [705 706 707 709 710 711 712 713 715 716 717 718 719]] [48 [721 722 724 725 726 727 728 729 730 731 732 733]] [49 [735 736 738 739 740 741 742 743 744 745 746 747 748 749]] [50 [751 752 753 754 755 756 757 758 759 760 761 762 763 764]] [51 [765 766 767 768 770 771 772 773 774 776 777 778 779]] [52 [780 781 782 783 784 785 786 787 788 789 790 791 792 793]] [53 [797 798 799 800 801 802 803 804 805 807 808 809]] [54 [810 811 812 814 815 816 817 819 820 822]] [55 [826 827 828 829 830 831 832 833 837 838 839]] [56 [840 841 842 843 844 845 846 847 848 849 850 851 852 853 854]] [57 [855 857 858 859 860 861 862 863 864 865 866 867 868 869]] [58 [870 872 873 874 875 876 877 878 879 882 883 884]] [59 [885 886 887 888 889 890 891 892 893 894 895 896 897 898 899]] [60 [901 902 903 905 906 907 908 909 910 912 913]] [61 [915 916 917 919 920 921 923 924 925 926 927 929]] [62 [930 931 935 936 937 938 939 940 942 943 944]] [63 [945 946 948 949 950 951 952 953 954 956 957 958]] [64 [961 962 963 965 966 968 969 970 971 972 973 974]] [65 [975 976 977 978 979 980 981 982 983 984 985 986 987 988 989]] [66 [990 991 992 993 994 995 998 999 1001 1002 1003 1004]] [67 [1005 1007 1009 1010 1011 1012 1014 1017 1018 1019]] [68 [1020 1021 1022 1023 1024 1025 1026 1028 1029 1030 1031 1032 1033 1034]] [69 [1036 1037 1038 1040 1042 1043 1044 1046 1047 1048]] [70 [1051 1052 1053 1054 1055 1061 1062 1063]] [71 [1065 1068 1069 1070 1071 1073 1074 1075 1077 1078]] [72 [1080 1081 1082 1083 1084 1085 1086 1088 1089 1090 1092 1093 1094]] [73 [1096 1097 1098 1099 1100 1105 1106 1107 1108 1109]] [74 [1110 1111 1112 1113 1114 1115 1116 1117 1118 1119 1120 1121 1122 1123]] [75 [1125 1126 1127 1128 1129 1130 1131 1133 1136 1137 1138 1139]] [76 [1140 1141 1142 1143 1144 1145 1146 1147 1148 1149 1150 1151 1152 1153 1154]] [77 [1155 1156 1157 1158 1159 1161 1163 1164 1165 1166 1168 1169]] [78 [1170 1171 1172 1174 1176 1177 1178 1179 1180 1181 1182 1183 1184]] [79 [1186 1187 1188 1189 1191 1192 1194 1195 1196 1197 1198]] [80 [1200 1201 1203 1204 1205 1206 1207 1208 1212 1213 1214]] [81 [1215 1217 1219 1220 1221 1222 1223 1224 1225 1226 1227 1228 1229]] [82 [1230 1231 1232 1233 1234 1235 1236 1237 1238 1239 1242 1243]] [83 [1247 1248 1249 1250 1251 1252 1254 1256 1257 1258 1259]] [84 [1260 1261 1262 1263 1265 1266 1267 1268 1271 1272 1273 1274]] [85 [1276 1277 1278 1279 1280 1281 1282 1283 1285 1287 1288 1289]] [86 [1290 1291 1293 1295 1296 1297 1298 1299 1300 1301 1302 1303 1304]] [87 [1305 1306 1307 1308 1309 1310 1311 1312 1313 1314 1315 1316 1317 1318]] [88 [1320 1321 1322 1325 1326 1327 1328 1329 1330 1331 1332 1333 1334]] [89 [1335 1337 1338 1339 1340 1342 1343 1345 1346 1347 1348]] [90 [1350 1351 1353 1354 1355 1356 1357 1358 1359 1360 1361 1362 1363 1364]] [91 [1366 1367 1368 1369 1370 1371 1372 1373 1374 1379]] [92 [1380 1381 1382 1383 1384 1385 1386 1387 1388 1389 1390 1391 1392]] [93 [1396 1397 1399 1400 1401 1402 1403 1404 1405 1406 1408]] [94 [1410 1411 1412 1414 1415 1416 1418 1419 1420 1421 1422 1423]] [95 [1425 1427 1428 1430 1431 1432 1433 1434 1435 1437 1438 1439]] [96 [1445 1446 1447 1448 1449 1452 1453 1454]] [97 [1455 1456 1457 1459 1460 1461 1463 1464 1465 1466 1467 1468 1469]] [98 [1470 1471 1472 1473 1474 1476 1477 1481 1482 1484]] [99 [1485 1486 1487 1489 1490 1491 1492 1493 1494 1495 1496 1497 1499]]]",,"[[{citizen 34} [[""A"" [3 2]]]] [{media 50} [[""A"" [4 4]]]] [{media 51} [[""A"" [2 2]]]] [{media 52} [[""A"" [2 2]]]] [{media 53} [[""A"" [4 4]]]] [{media 54} [[""A"" [3 3]]]] [{media 55} [[""A"" [3 3]]]] [{media 56} [[""A"" [2 2]]]] [{media 57} [[""A"" [2 2]]]] [{media 58} [[""A"" [1 1]]]] [{media 59} [[""A"" [4 4]]]] [{media 60} [[""A"" [4 4]]]] [{media 62} [[""A"" [4 4]]]] [{media 63} [[""A"" [3 3]]]] [{media 64} [[""A"" [3 3]]]] [{citizen 4} [[""A"" [2 4]]]] [{citizen 13} [[""A"" [2 3]]]] [{citizen 18} [[""A"" [3 2]]]] [{citizen 9} [[""A"" [2 2]]]] [{citizen 17} [[""A"" [2 3]]]] [{citizen 15} [[""A"" [2 3]]]] [{media 61} [[""A"" [3 3]]]] [{citizen 49} [[""A"" [3 2]]]] [{citizen 1} [[""A"" [3 4]]]] [{citizen 32} [[""A"" [2 4]]]] [{citizen 0} [[""A"" [3 2]]]] [{citizen 25} [[""A"" [3 2]]]] [{citizen 48} [[""A"" [2 4]]]] [{citizen 31} [[""A"" [2 4]]]] [{citizen 43} [[""A"" [3 2]]]] [{citizen 21} [[""A"" [3 4]]]] [{citizen 7} [[""A"" [3 2]]]] [{citizen 5} [[""A"" [2 3]]]] [{citizen 41} [[""A"" [2 2]]]] [{citizen 12} [[""A"" [2 4]]]] [{citizen 3} [[""A"" [3 4]]]] [{citizen 20} [[""A"" [2 3]]]] [{citizen 22} [[""A"" [2 3]]]] [{citizen 19} [[""A"" [3 3]]]] [{citizen 47} [[""A"" [2 3]]]] [{citizen 33} [[""A"" [2 2]]]] [{citizen 10} [[""A"" [2 2]]]] [{citizen 6} [[""A"" [3 2]]]] [{citizen 24} [[""A"" [3 2]]]] [{citizen 29} [[""A"" [2 3]]]] [{citizen 26} [[""A"" [2 3]]]] [{citizen 37} [[""A"" [4 4]]]] [{citizen 44} [[""A"" [2 3]]]] [{citizen 14} [[""A"" [2 3]]]] [{citizen 38} [[""A"" [2 2]]]] [{citizen 8} [[""A"" [4 2]]]] [{citizen 35} [[""A"" [3 2]]]] [{citizen 23} [[""A"" [3 2]]]] [{citizen 36} [[""A"" [3 4]]]] [{citizen 40} [[""A"" [2 3]]]] [{citizen 46} [[""A"" [3 4]]]] [{citizen 42} [[""A"" [3 2]]]] [{citizen 2} [[""A"" [2 4]]]] [{citizen 30} [[""A"" [3 2]]]] [{citizen 39} [[""A"" [2 4]]]] [{citizen 45} [[""A"" [3 2]]]] [{citizen 27} [[""A"" [2 2]]]] [{citizen 16} [[""A"" [3 3]]]] [{citizen 11} [[""A"" [3 2]]]]]"
"29","[170 0 85]","304.8979591836734","-5.610973348501806","5.040963123317128","""circle""","""""","9.9","{breed citizens}","false","0.5","1","""up""",,"[[""ID"" 32] [""alpha"" 1] [""beta"" 1] [""malleable"" [""A""]] [""prior"" []] [""cont_tokens"" []] [""A"" 2]]","[[0 [0 1 2 3 4 5 6 7 8 9 10 11 12 13 14]] [1 [15 16 17 18 19 20 21 22 23 24 25 26 27 28 29]] [2 [30 31 32 33 34 35 36 37 38 39 40 41 42 43 44]] [3 [45 46 47 48 49 50 51 52 53 54 55 56 57 58 59]] [4 [60 61 62 63 64 65 66 67 68 69 70 71 72 73 74]] [5 [75 76 77 78 79 80 81 82 83 84 85 86 87 88 89]] [6 [90 91 92 93 94 95 96 97 98 99 100 101 102 103 104]] [7 [105 106 107 108 109 110 111 112 113 114 115 116 117 118 119]] [8 [120 121 122 123 124 125 126 127 128 129 130 131 132 133 134]] [9 [135 136 137 138 139 140 141 142 143 144 145 146 147 148 149]] [10 [150 151 152 153 154 155 156 157 158 159 160 161 162 163 164]] [11 [165 166 167 168 169 170 171 172 173 174 175 176 177 178 179]] [12 [180 181 183 184 185 186 187 188 189 190 191 192 193 194]] [13 [195 196 197 198 199 200 201 202 203 204 205 206 207 208 209]] [14 [210 211 212 213 214 215 216 217 218 219 220 221 222 223 224]] [15 [225 226 227 228 229 230 231 232 233 234 235 236 237 238 239]] [16 [241 242 243 244 245 246 247 248 249 250 251 252 253 254]] [17 [255 256 257 258 259 260 261 262 263 264 265 266 267 268 269]] [18 [270 271 272 273 274 275 276 277 278 279 280 281 282 283 284]] [19 [285 286 287 288 289 290 291 292 293 294 295 296 297 298 299]] [20 [300 301 302 303 304 305 306 307 308 309 310 311 312 313 314]] [21 [315 316 317 318 319 320 321 322 323 324 325 326 327 328 329]] [22 [330 331 332 333 334 335 336 337 338 339 340 341 342 343 344]] [23 [345 346 347 348 349 350 351 352 353 354 355 356 357 358 359]] [24 [360 361 362 363 364 365 366 367 368 369 370 371 372 373 374]] [25 [375 376 377 378 379 380 381 382 383 384 385 386 387 388 389]] [26 [390 391 392 393 394 395 396 397 398 399 400 401 402 403 404]] [27 [405 406 407 408 409 410 411 412 413 414 415 416 417 418 419]] [28 [420 421 422 424 425 426 427 428 429 430 431 432 433 434]] [29 [435 436 437 438 439 440 441 442 443 444 445 446 447 448 449]] [30 [450 451 452 453 454 455 456 457 458 459 460 461 462 463 464]] [31 [465 466 467 468 469 470 471 472 473 474 475 476 477 478 479]] [32 [480 481 482 483 484 485 486 487 488 489 490 491 492 493 494]] [33 [495 496 497 498 499 500 501 502 503 504 505 506 507 508 509]] [34 [510 511 512 513 514 515 516 517 518 519 520 521 522 523 524]] [35 [525 526 527 528 529 530 531 532 533 534 535 536 537 538 539]] [36 [540 541 542 543 544 545 546 547 548 549 550 551 552 553 554]] [37 [555 556 557 558 559 560 561 562 563 564 565 566 567 568 569]] [38 [570 571 572 573 574 575 576 577 578 579 580 581 582 583 584]] [39 [585 586 587 588 589 590 592 593 594 595 596 597 598 599]] [40 [600 601 602 603 604 605 606 607 608 609 610 611 612 613 614]] [41 [615 616 617 618 619 620 621 622 623 624 626 627 628 629]] [42 [630 631 632 633 634 635 636 637 638 639 640 641 642 643 644]] [43 [645 646 647 648 649 650 651 652 653 654 655 656 657 658 659]] [44 [660 661 662 663 664 665 666 667 668 669 670 671 672 673 674]] [45 [675 676 677 678 679 680 681 682 683 684 685 686 687 688]] [46 [690 691 692 693 694 695 696 697 698 699 700 701 702 703 704]] [47 [705 706 707 708 709 710 711 712 713 715 716 717 718 719]] [48 [720 721 722 724 725 726 727 728 729 730 731 732 733 734]] [49 [735 736 737 738 739 740 741 742 743 744 745 746 747 748 749]] [50 [750 751 752 753 754 755 756 757 758 759 760 761 762 763 764]] [51 [765 766 767 768 769 770 771 772 773 774 775 776 777 778 779]] [52 [780 781 782 783 784 785 786 787 788 789 790 791 792 793 794]] [53 [795 796 797 798 799 800 801 802 803 804 805 806 807 808 809]] [54 [810 811 812 813 814 815 816 817 818 819 820 821 822 823 824]] [55 [825 826 827 828 829 830 831 832 833 834 835 836 837 838 839]] [56 [840 841 842 843 844 845 846 847 848 849 850 851 852 853 854]] [57 [855 856 857 858 859 860 861 862 863 864 865 866 867 868 869]] [58 [870 871 872 873 874 875 876 877 878 879 881 882 883 884]] [59 [885 886 887 888 889 890 891 892 893 894 895 896 897 898 899]] [60 [900 901 902 903 904 905 906 907 908 909 910 911 912 913 914]] [61 [915 916 917 918 919 920 921 922 923 924 925 926 927 928 929]] [62 [930 931 932 933 934 935 936 937 938 939 940 941 942 943 944]] [63 [945 946 948 949 950 951 952 953 954 955 956 957 958 959]] [64 [960 961 962 963 964 965 966 967 968 969 970 971 972 973 974]] [65 [975 976 977 978 979 980 981 982 983 984 985 986 987 988 989]] [66 [990 991 992 993 994 995 996 997 998 999 1000 1001 1002 1003 1004]] [67 [1005 1006 1007 1009 1010 1011 1012 1013 1014 1015 1016 1017 1018 1019]] [68 [1020 1021 1022 1023 1024 1025 1026 1027 1028 1029 1030 1031 1032 1033 1034]] [69 [1035 1036 1037 1038 1040 1042 1043 1044 1046 1047 1048]] [70 [1050 1051 1052 1053 1054 1055 1056 1057 1058 1059 1060 1061 1062 1063 1064]] [71 [1065 1066 1067 1068 1069 1070 1071 1072 1073 1074 1075 1076 1077 1078 1079]] [72 [1080 1081 1082 1083 1084 1085 1086 1087 1088 1089 1090 1091 1092 1093 1094]] [73 [1095 1096 1097 1098 1099 1100 1101 1102 1103 1104 1105 1106 1107 1108 1109]] [74 [1110 1111 1112 1113 1114 1115 1116 1117 1118 1119 1120 1121 1122 1123 1124]] [75 [1125 1126 1127 1128 1129 1130 1131 1132 1133 1134 1135 1136 1137 1138 1139]] [76 [1140 1141 1142 1143 1144 1145 1146 1147 1148 1149 1150 1151 1152 1153 1154]] [77 [1155 1156 1157 1158 1159 1160 1161 1162 1163 1164 1165 1166 1167 1168 1169]] [78 [1170 1171 1172 1173 1174 1175 1176 1177 1178 1179 1180 1181 1182 1183 1184]] [79 [1185 1186 1187 1188 1189 1190 1191 1192 1193 1194 1195 1196 1197 1198 1199]] [80 [1200 1201 1202 1203 1204 1205 1206 1207 1208 1209 1210 1211 1212 1213 1214]] [81 [1215 1216 1217 1218 1219 1220 1221 1222 1223 1224 1225 1226 1227 1228 1229]] [82 [1230 1231 1232 1233 1234 1235 1236 1237 1238 1239 1240 1241 1242 1243 1244]] [83 [1245 1246 1247 1248 1249 1250 1251 1252 1253 1254 1255 1256 1257 1258 1259]] [84 [1260 1261 1262 1263 1264 1265 1266 1267 1268 1269 1270 1271 1272 1273 1274]] [85 [1275 1276 1277 1278 1279 1280 1281 1282 1283 1284 1285 1287 1288 1289]] [86 [1290 1291 1292 1293 1295 1296 1297 1298 1299 1300 1301 1302 1303 1304]] [87 [1305 1306 1307 1308 1309 1310 1311 1312 1313 1314 1315 1316 1317 1318 1319]] [88 [1320 1321 1322 1324 1325 1326 1327 1328 1329 1330 1331 1332 1333 1334]] [89 [1335 1336 1337 1338 1339 1340 1342 1343 1344 1345 1346 1347 1348 1349]] [90 [1350 1351 1352 1353 1354 1355 1356 1357 1358 1359 1360 1361 1362 1363 1364]] [91 [1365 1366 1367 1368 1369 1370 1371 1372 1373 1374 1375 1376 1377 1378 1379]] [92 [1380 1381 1382 1383 1384 1385 1386 1387 1388 1389 1390 1391 1392 1393 1394]] [93 [1395 1396 1397 1398 1399 1400 1401 1402 1403 1404 1405 1406 1407 1408 1409]] [94 [1410 1411 1412 1413 1414 1415 1416 1417 1418 1419 1420 1421 1422 1423 1424]] [95 [1425 1426 1427 1428 1429 1430 1431 1432 1433 1434 1435 1436 1437 1438 1439]] [96 [1440 1441 1442 1443 1444 1445 1446 1447 1448 1449 1450 1451 1452 1453 1454]] [97 [1455 1456 1457 1458 1459 1460 1461 1462 1463 1464 1465 1466 1467 1468 1469]] [98 [1470 1471 1472 1473 1474 1475 1476 1477 1478 1479 1480 1481 1482 1483 1484]] [99 [1485 1486 1487 1488 1489 1490 1491 1492 1493 1494 1495 1496 1497 1498 1499]]]","[[0 [0 2 3 4 5 6 7 8 10 11 13]] [1 [15 16 17 18 19 20 21 22 23 25 26 28]] [2 [30 31 32 33 36 37 38 39 40 41 42 43 44]] [3 [45 46 47 48 49 51 52 53 54 55 56 58 59]] [4 [60 61 62 63 64 65 66 70 71 72 73]] [5 [75 76 77 78 79 80 81 82 84 85 86 89]] [6 [90 91 92 94 95 96 98 99 100 101 102 103 104]] [7 [106 107 109 110 111 112 113 114 116 117 118 119]] [8 [120 121 122 123 124 125 126 128 129 130 131 133]] [9 [135 137 138 139 140 142 143 144 145 146]] [10 [151 152 153 154 155 156 158 159 160 161 162 163]] [11 [165 166 167 172 173 174 175 176 177 178 179]] [12 [180 181 183 184 185 186 187 188 189 190 191 192 193]] [13 [195 196 197 198 199 200 201 202 203 204 206 208 209]] [14 [210 211 212 213 214 215 216 217 218 219 220 222 224]] [15 [225 226 228 229 230 231 232 233 234 235 236 237 238 239]] [16 [241 242 243 244 245 246 247 248 249 250 251 252 254]] [17 [255 256 257 258 259 260 261 263 264 266 267 268 269]] [18 [270 272 273 276 278 279 280 281 282 283 284]] [19 [285 286 287 288 289 290 291 292 293 294 295 296 297 298]] [20 [300 301 302 303 304 306 307 308 309 310 311 313 314]] [21 [315 316 320 321 324 325 326 327 328 329]] [22 [330 331 332 333 335 336 337 338 339 340 342 343 344]] [23 [345 346 347 348 349 350 352 353 354 355 356 357 358]] [24 [363 364 365 366 367 368 369 370 372 373 374]] [25 [378 379 380 381 382 383 384 385 386 387 388 389]] [26 [390 391 393 394 396 397 398 399 400 401 402 403 404]] [27 [406 407 408 409 414 415 416 418 419]] [28 [420 421 422 424 425 427 428 429 430 431 432 433 434]] [29 [435 437 438 439 441 442 443 444 446 447]] [30 [450 451 452 453 454 455 456 457 458 459 460 461 462 463 464]] [31 [465 466 467 468 469 470 471 472 473 474 475 476 477 478 479]] [32 [480 481 482 483 484 486 487 488 489 492 493 494]] [33 [496 497 498 499 500 501 502 503 504 505 506 507]] [34 [513 515 516 518 519 520 522 523 524]] [35 [525 526 527 528 530 532 533 534 535 536]] [36 [540 541 542 543 544 545 546 547 548 549 550 551 554]] [37 [555 556 557 558 560 561 563 564 565 566 567 569]] [38 [570 571 572 574 575 576 577 578 579 581 582 583 584]] [39 [585 586 587 588 589 590 592 593 594 595 596 598 599]] [40 [600 601 602 603 604 607 608 609 610 611 612 613 614]] [41 [615 616 617 618 619 620 621 622 623 624 626 627 628 629]] [42 [630 631 632 633 634 635 636 637 638 639 640 641 642 644]] [43 [645 647 648 649 651 652 653 655 656 657 658 659]] [44 [660 661 662 663 664 665 666 668 669 670 671 672 673 674]] [45 [675 676 677 678 679 680 681 682 683 684 685 686 687 688]] [46 [691 692 693 694 695 696 697 698 699 700 703 704]] [47 [705 706 707 709 710 711 712 713 715 716 717 718 719]] [48 [721 722 724 725 726 727 728 729 730 731 732 733]] [49 [735 737 738 739 740 741 742 743 744 745 746 747 748 749]] [50 [750 751 752 753 755 756 757 758 759 760 761 762 763 764]] [51 [765 766 767 768 770 772 773 774 778 779]] [52 [780 781 782 783 784 785 786 787 788 789 790 791 792 793]] [53 [796 798 799 800 801 802 803 804 806 808 809]] [54 [811 812 814 815 816 817 818 820 821 822 824]] [55 [825 828 829 830 831 832 833 834 835 836 839]] [56 [840 841 842 843 844 845 846 847 849 850 851 852 853 854]] [57 [856 857 858 859 860 861 862 863 864 865 866 867 868 869]] [58 [870 871 872 873 875 876 877 878 879 881 882 883 884]] [59 [885 886 887 891 892 893 896 897 898]] [60 [900 901 902 903 904 905 906 907 909 910 912 913 914]] [61 [915 916 917 919 920 921 922 923 924 925 926 927]] [62 [930 931 934 935 936 937 938 939 940 941 942 943 944]] [63 [945 946 950 951 952 953 954 956 957 958 959]] [64 [960 963 966 967 968 969 970 971 972 973 974]] [65 [975 976 977 978 979 980 981 983 984 985 988 989]] [66 [990 991 992 993 994 995 997 998 999 1000 1002 1003 1004]] [67 [1006 1007 1009 1010 1011 1012 1013 1014 1017 1018 1019]] [68 [1020 1021 1022 1023 1024 1025 1026 1027 1028 1029 1030 1031 1032 1033 1034]] [69 [1037 1038 1042 1043 1044 1046 1047 1048]] [70 [1050 1052 1053 1054 1055 1060 1061 1062 1063]] [71 [1065 1067 1068 1069 1070 1071 1072 1073 1074 1075 1076 1077 1078]] [72 [1080 1081 1082 1083 1084 1086 1088 1089 1090 1092 1093 1094]] [73 [1095 1096 1097 1098 1099 1100 1102 1103 1104 1105 1106 1107 1108]] [74 [1110 1111 1113 1114 1115 1118 1119 1120 1121 1122 1123 1124]] [75 [1125 1126 1127 1128 1129 1130 1131 1133 1136 1137 1138 1139]] [76 [1140 1141 1143 1144 1146 1147 1148 1149 1150 1151 1152 1153]] [77 [1155 1156 1157 1158 1159 1161 1163 1164 1165 1166 1167]] [78 [1170 1171 1172 1174 1176 1177 1178 1179 1180 1181 1182 1183]] [79 [1185 1186 1187 1188 1189 1191 1192 1194 1196 1197 1198]] [80 [1200 1201 1202 1203 1204 1205 1206 1207 1208 1211 1212 1213 1214]] [81 [1215 1216 1217 1218 1222 1223 1224 1225 1226 1227 1228 1229]] [82 [1230 1231 1232 1233 1234 1235 1237 1238 1240 1241 1242 1243]] [83 [1246 1247 1248 1249 1250 1251 1252 1254 1256 1257 1258 1259]] [84 [1260 1261 1262 1263 1264 1265 1266 1267 1268 1270 1271 1272 1273 1274]] [85 [1276 1277 1278 1279 1280 1281 1282 1283 1284 1285 1287 1288 1289]] [86 [1290 1291 1293 1296 1297 1298 1299 1300 1301 1302 1303 1304]] [87 [1305 1306 1307 1308 1309 1310 1311 1312 1313 1314 1315 1316 1317 1318]] [88 [1320 1321 1322 1324 1325 1326 1327 1328 1329 1330 1332 1333 1334]] [89 [1335 1336 1337 1338 1339 1340 1342 1343 1344 1345 1346 1347 1348 1349]] [90 [1350 1351 1353 1354 1355 1356 1357 1358 1359 1360 1362]] [91 [1365 1366 1367 1369 1371 1372 1375 1376 1377 1378]] [92 [1380 1381 1382 1383 1384 1385 1386 1387 1388 1389 1390 1391 1393 1394]] [93 [1395 1396 1397 1399 1400 1401 1402 1403 1404 1405 1406 1408]] [94 [1410 1411 1412 1415 1416 1418 1419 1420 1421 1422 1423 1424]] [95 [1426 1427 1428 1429 1430 1431 1432 1433 1434 1435 1436 1437 1438]] [96 [1440 1441 1442 1443 1444 1447 1448 1449 1450 1451 1452 1453 1454]] [97 [1455 1456 1457 1458 1459 1460 1461 1463 1464 1467 1468 1469]] [98 [1470 1471 1472 1473 1474 1475 1478 1479 1480 1481 1483 1484]] [99 [1485 1486 1487 1489 1490 1491 1492 1493 1494 1495 1496 1498]]]",,"[[{media 50} [[""A"" [4 4]]]] [{media 52} [[""A"" [2 2]]]] [{media 54} [[""A"" [3 3]]]] [{media 55} [[""A"" [3 3]]]] [{media 56} [[""A"" [2 2]]]] [{media 57} [[""A"" [2 2]]]] [{media 58} [[""A"" [1 1]]]] [{media 59} [[""A"" [4 4]]]] [{media 63} [[""A"" [3 3]]]] [{media 64} [[""A"" [3 3]]]] [{media 60} [[""A"" [4 4]]]] [{citizen 4} [[""A"" [2 4]]]] [{citizen 26} [[""A"" [2 2]]]] [{media 51} [[""A"" [2 2]]]] [{citizen 5} [[""A"" [2 2]]]] [{citizen 25} [[""A"" [2 2]]]] [{citizen 3} [[""A"" [2 4]]]] [{media 62} [[""A"" [4 4]]]] [{citizen 9} [[""A"" [2 4]]]] [{media 53} [[""A"" [4 4]]]] [{media 61} [[""A"" [3 3]]]] [{citizen 1} [[""A"" [4 2]]]] [{citizen 49} [[""A"" [2 4]]]] [{citizen 32} [[""A"" [2 4]]]] [{citizen 15} [[""A"" [2 4]]]] [{citizen 0} [[""A"" [2 2]]]] [{citizen 17} [[""A"" [3 2]]]] [{citizen 16} [[""A"" [3 2]]]] [{citizen 44} [[""A"" [2 2]]]] [{citizen 2} [[""A"" [2 4]]]] [{citizen 37} [[""A"" [4 4]]]] [{citizen 48} [[""A"" [2 4]]]] [{citizen 31} [[""A"" [2 4]]]] [{citizen 43} [[""A"" [2 2]]]] [{citizen 21} [[""A"" [3 4]]]] [{citizen 7} [[""A"" [2 2]]]] [{citizen 41} [[""A"" [2 4]]]] [{citizen 12} [[""A"" [2 4]]]] [{citizen 20} [[""A"" [2 4]]]] [{citizen 22} [[""A"" [2 2]]]] [{citizen 19} [[""A"" [2 2]]]] [{citizen 47} [[""A"" [2 4]]]] [{citizen 33} [[""A"" [2 4]]]] [{citizen 10} [[""A"" [2 2]]]] [{citizen 6} [[""A"" [2 2]]]] [{citizen 24} [[""A"" [3 2]]]] [{citizen 14} [[""A"" [3 2]]]] [{citizen 38} [[""A"" [2 2]]]] [{citizen 8} [[""A"" [2 4]]]] [{citizen 35} [[""A"" [2 4]]]] [{citizen 13} [[""A"" [2 4]]]] [{citizen 28} [[""A"" [2 4]]]] [{citizen 40} [[""A"" [2 4]]]] [{citizen 46} [[""A"" [2 4]]]] [{citizen 45} [[""A"" [2 4]]]] [{citizen 18} [[""A"" [2 2]]]] [{citizen 30} [[""A"" [2 2]]]] [{citizen 23} [[""A"" [2 2]]]] [{citizen 36} [[""A"" [2 4]]]] [{citizen 34} [[""A"" [2 4]]]] [{citizen 42} [[""A"" [2 4]]]] [{citizen 39} [[""A"" [2 4]]]] [{citizen 27} [[""A"" [2 2]]]] [{citizen 11} [[""A"" [2 4]]]]]"
"30","[170 0 85]","315.9183673469387","-4.655635390714035","4.117352584358739","""circle""","""""","9.9","{breed citizens}","false","0.5","1","""up""",,"[[""ID"" 33] [""alpha"" 1] [""beta"" 1] [""malleable"" [""A""]] [""prior"" []] [""cont_tokens"" []] [""A"" 2]]","[[0 [0 1 2 3 4 5 6 7 8 9 10 11 12 13 14]] [1 [15 16 17 18 19 20 21 22 23 24 25 26 27 28 29]] [2 [30 31 32 33 34 35 36 37 38 39 40 41 42 43 44]] [3 [45 46 47 48 49 50 51 52 53 54 55 56 57 58 59]] [4 [60 61 62 63 64 65 66 67 68 69 70 71 72 73 74]] [5 [75 76 77 78 79 80 81 82 83 84 85 86 87 88 89]] [6 [90 91 92 93 94 95 96 97 98 99 100 101 102 103 104]] [7 [105 106 107 108 109 110 111 112 113 114 115 116 117 118 119]] [8 [120 121 122 123 124 125 126 127 128 129 130 131 132 133 134]] [9 [135 136 137 138 139 140 141 142 143 144 145 146 147 148 149]] [10 [150 151 152 153 154 155 156 157 158 159 160 161 162 163 164]] [11 [165 166 167 168 169 170 171 172 173 174 175 176 177 178 179]] [12 [180 181 183 184 185 186 187 188 189 190 191 192 193 194]] [13 [195 196 197 198 199 200 201 202 203 204 205 206 207 208 209]] [14 [210 211 212 213 214 215 216 217 218 219 220 221 222 223 224]] [15 [225 226 227 228 229 230 231 232 233 234 235 236 237 238 239]] [16 [241 242 243 244 245 246 247 248 249 250 251 252 253 254]] [17 [255 256 257 258 259 260 261 262 263 264 265 266 267 268 269]] [18 [270 271 272 273 274 275 276 277 278 279 280 281 282 283 284]] [19 [285 286 287 288 289 290 291 292 293 294 295 296 297 298 299]] [20 [300 301 302 303 304 305 306 307 308 309 310 311 312 313 314]] [21 [315 316 317 318 319 320 321 322 323 324 325 326 327 328 329]] [22 [330 331 332 333 334 335 336 337 338 339 340 341 342 343 344]] [23 [345 346 347 348 349 350 351 352 353 354 355 356 357 358 359]] [24 [360 361 362 363 364 365 366 367 368 369 370 371 372 373 374]] [25 [375 376 377 378 379 380 381 382 383 384 385 386 387 388 389]] [26 [390 391 392 393 394 395 396 397 398 399 400 401 402 403 404]] [27 [405 406 407 408 409 410 411 412 413 414 415 416 417 418 419]] [28 [420 421 422 424 425 426 427 428 429 430 431 432 433 434]] [29 [435 436 437 438 439 440 441 442 443 444 445 446 447 448 449]] [30 [450 451 452 453 454 455 456 457 458 459 460 461 462 463 464]] [31 [465 466 467 468 469 470 471 472 473 474 475 476 477 478 479]] [32 [480 481 482 483 484 485 486 487 488 489 490 491 492 493 494]] [33 [495 496 497 498 499 500 501 502 503 504 505 506 507 508 509]] [34 [510 511 512 513 514 515 516 517 518 519 520 521 522 523 524]] [35 [525 526 527 528 529 530 531 532 533 534 535 536 537 538 539]] [36 [540 541 542 543 544 545 546 547 548 549 550 551 553 554]] [37 [555 556 557 558 559 560 561 562 563 564 565 566 567 568 569]] [38 [570 571 572 573 574 575 576 577 578 579 580 581 582 583 584]] [39 [585 586 587 588 589 590 592 593 594 595 596 597 598 599]] [40 [600 601 602 603 604 605 606 607 608 609 610 611 612 613 614]] [41 [615 616 617 618 619 620 621 622 623 624 626 627 628 629]] [42 [630 631 632 633 634 635 636 637 638 639 640 641 642 643 644]] [43 [645 646 647 648 649 650 651 652 653 654 655 656 657 658 659]] [44 [660 661 662 663 664 665 666 667 668 669 670 671 672 673 674]] [45 [675 676 677 678 679 680 681 682 683 684 685 686 687 688]] [46 [690 691 692 693 694 695 696 697 698 699 700 701 702 703 704]] [47 [705 706 707 708 709 710 711 712 713 715 716 717 718 719]] [48 [720 721 722 724 725 726 727 728 729 730 731 732 733 734]] [49 [735 736 737 738 739 740 741 742 743 744 745 746 747 748 749]] [50 [750 751 752 753 754 755 756 757 758 759 760 761 762 763 764]] [51 [765 766 767 768 769 770 771 772 773 774 775 776 777 778 779]] [52 [780 781 782 783 784 785 786 787 788 789 790 791 792 793 794]] [53 [795 796 797 798 799 800 801 802 803 804 805 806 807 808 809]] [54 [810 811 812 813 814 815 816 817 818 819 820 821 822 823 824]] [55 [825 826 827 828 829 830 831 832 833 834 835 836 837 838 839]] [56 [840 841 842 843 844 845 846 847 848 849 850 851 852 853 854]] [57 [855 856 857 858 859 860 861 862 863 864 865 866 867 868 869]] [58 [870 871 872 873 874 875 876 877 878 879 881 882 883 884]] [59 [885 886 887 888 889 890 891 892 893 894 895 896 897 898 899]] [60 [900 901 902 903 904 905 906 907 908 909 910 911 912 913 914]] [61 [915 916 917 918 919 920 921 922 923 924 925 926 927 928 929]] [62 [930 931 932 933 934 935 936 937 938 939 940 941 942 943 944]] [63 [945 946 948 949 950 951 952 953 954 955 956 957 958 959]] [64 [960 961 962 963 964 965 966 967 968 969 970 971 972 973 974]] [65 [975 976 977 978 979 980 981 982 983 984 985 986 987 988 989]] [66 [990 991 992 993 994 995 996 997 998 999 1000 1001 1002 1003 1004]] [67 [1005 1006 1007 1009 1010 1011 1012 1013 1014 1015 1016 1017 1018 1019]] [68 [1020 1021 1022 1023 1024 1025 1026 1027 1028 1029 1030 1031 1032 1033 1034]] [69 [1035 1036 1037 1038 1040 1042 1043 1044 1046 1047 1048]] [70 [1050 1051 1052 1053 1054 1055 1056 1057 1058 1059 1060 1061 1062 1063 1064]] [71 [1065 1066 1067 1068 1069 1070 1071 1072 1073 1074 1075 1076 1077 1078 1079]] [72 [1080 1081 1082 1083 1084 1085 1086 1087 1088 1089 1090 1091 1092 1093 1094]] [73 [1095 1096 1097 1098 1099 1100 1101 1102 1103 1104 1105 1106 1107 1108 1109]] [74 [1110 1111 1112 1113 1114 1115 1116 1117 1118 1119 1120 1121 1122 1123 1124]] [75 [1125 1126 1127 1128 1129 1130 1131 1132 1133 1134 1135 1136 1137 1138 1139]] [76 [1140 1141 1142 1143 1144 1145 1146 1147 1148 1149 1150 1151 1152 1153 1154]] [77 [1155 1156 1157 1158 1159 1160 1161 1162 1163 1164 1165 1166 1167 1168 1169]] [78 [1170 1171 1172 1173 1174 1175 1176 1177 1178 1179 1180 1181 1182 1183 1184]] [79 [1185 1186 1187 1188 1189 1190 1191 1192 1193 1194 1195 1196 1197 1198 1199]] [80 [1200 1201 1202 1203 1204 1205 1206 1207 1208 1209 1210 1211 1212 1213 1214]] [81 [1215 1216 1217 1218 1219 1220 1221 1222 1223 1224 1225 1226 1227 1228 1229]] [82 [1230 1231 1232 1233 1234 1235 1236 1237 1238 1239 1240 1241 1242 1243 1244]] [83 [1245 1246 1247 1248 1249 1250 1251 1252 1253 1254 1255 1256 1257 1258 1259]] [84 [1260 1261 1262 1263 1264 1265 1266 1267 1268 1269 1270 1271 1272 1273 1274]] [85 [1275 1276 1277 1278 1279 1280 1281 1282 1283 1284 1285 1287 1288 1289]] [86 [1290 1291 1292 1293 1295 1296 1297 1298 1299 1300 1301 1302 1303 1304]] [87 [1305 1306 1307 1308 1309 1310 1311 1312 1313 1314 1315 1316 1317 1318 1319]] [88 [1320 1321 1322 1324 1325 1326 1327 1328 1329 1330 1331 1332 1333 1334]] [89 [1335 1336 1337 1338 1339 1340 1342 1343 1344 1345 1346 1347 1348 1349]] [90 [1350 1351 1352 1353 1354 1355 1356 1357 1358 1359 1360 1361 1362 1363 1364]] [91 [1365 1366 1367 1368 1369 1370 1371 1372 1373 1374 1375 1376 1377 1378 1379]] [92 [1380 1381 1382 1383 1384 1385 1386 1387 1388 1389 1390 1391 1392 1393 1394]] [93 [1395 1396 1397 1398 1399 1400 1401 1402 1403 1404 1405 1406 1407 1408 1409]] [94 [1410 1411 1412 1413 1414 1415 1416 1417 1418 1419 1420 1421 1422 1423 1424]] [95 [1425 1426 1427 1428 1429 1430 1431 1432 1433 1434 1435 1436 1437 1438 1439]] [96 [1440 1441 1442 1443 1444 1445 1446 1447 1448 1449 1450 1451 1452 1453 1454]] [97 [1455 1456 1457 1458 1459 1460 1461 1462 1463 1464 1465 1466 1467 1468 1469]] [98 [1470 1471 1472 1473 1474 1475 1476 1477 1478 1479 1480 1481 1482 1483 1484]] [99 [1485 1486 1487 1488 1489 1490 1491 1492 1493 1494 1495 1496 1497 1498 1499]]]","[[0 [0 1 2 3 4 5 6 7 8 10 11]] [1 [17 18 19 20 21 22 24 25 27 29]] [2 [30 31 32 33 35 37 38 39 40 41 42 43 44]] [3 [45 46 48 50 51 52 53 54 55 56 58]] [4 [60 61 62 63 64 67 68 69 71 72 73]] [5 [75 76 77 78 79 80 82 83 84 85 86]] [6 [90 91 92 94 95 96 99 100 101 102 103 104]] [7 [106 107 108 109 110 111 112 114 115 116 117 118 119]] [8 [120 121 122 123 126 128 130 131 133 134]] [9 [136 137 138 141 142 143 144 145 146 148 149]] [10 [150 152 153 154 155 156 157 158 159 160 161 162 164]] [11 [165 166 167 169 171 172 173 174 176 177 178 179]] [12 [180 181 184 185 186 187 188 189 190 191 192 193]] [13 [195 196 197 200 201 202 203 204 205 207 208]] [14 [210 211 213 214 215 216 217 218 219 220 221 222 223 224]] [15 [225 226 227 228 229 230 231 232 233 234 235 236 237 238 239]] [16 [241 242 243 244 245 246 247 248 249 250 251 252 253]] [17 [255 256 257 258 259 260 261 262 263 264 265 266 268 269]] [18 [270 271 272 273 274 275 277 278 279 280 281 283 284]] [19 [285 286 287 288 289 290 291 292 293 294 296 297 298]] [20 [300 301 302 303 304 306 307 308 309 310 311]] [21 [315 316 318 320 321 323 324 326 327 328 329]] [22 [330 331 332 333 335 336 337 338 339 341 343 344]] [23 [345 346 347 348 349 351 352 353 354 355 356 358]] [24 [361 362 363 364 365 366 367 368 369 370 372 373 374]] [25 [378 379 380 381 382 384 385 386 387 389]] [26 [390 391 393 394 395 397 398 400 401 402 403 404]] [27 [406 407 408 409 415 416 418 419]] [28 [420 421 422 424 425 427 428 429 430 432 433 434]] [29 [435 436 437 438 439 441 442 443 444 445 446 447]] [30 [450 451 452 453 454 455 456 457 458 459 460 461 462 463 464]] [31 [466 467 468 469 470 472 473 474 476 477 478 479]] [32 [480 481 482 483 484 485 486 487 488 489 490 491 493 494]] [33 [495 496 497 498 499 500 501 502 503 504 505 506 508 509]] [34 [510 511 512 513 515 516 517 518 519 520 522 523 524]] [35 [525 526 527 528 530 531 532 533 534 535 536 537 538 539]] [36 [541 542 543 544 545 546 547 548 549 550 551 553]] [37 [555 556 557 558 560 561 563 564 565 566 567 568 569]] [38 [570 571 572 574 575 576 577 578 579 581 582 583 584]] [39 [585 586 587 589 592 593 594 595 596 598 599]] [40 [600 601 602 603 604 607 608 609 610 611 612 613 614]] [41 [615 616 617 618 619 620 621 622 623 624 626 627 628 629]] [42 [630 631 632 633 634 635 637 638 639 640 641 642 643 644]] [43 [645 646 647 648 649 651 652 653 654 655 656 657 659]] [44 [661 662 663 665 666 668 669 670 671 672 673 674]] [45 [675 676 677 678 679 680 682 683 684 685 686 687 688]] [46 [691 692 693 695 696 697 698 699 701 702 703 704]] [47 [705 706 707 709 710 711 712 713 715 716 717 718 719]] [48 [721 722 724 725 726 727 728 729 730 731 732 733]] [49 [736 737 738 739 740 741 742 743 744 745 746 747 748 749]] [50 [751 752 753 754 755 756 757 758 759 760 764]] [51 [765 766 767 768 769 770 772 773 774]] [52 [780 781 782 783 784 785 786 787 788 789 790 791 792 793]] [53 [797 798 799 800 801 802 803 804 805 807 808 809]] [54 [810 811 812 813 815 816 817 818 819 820 821]] [55 [826 827 828 829 830 831 832 833 834 835 836 839]] [56 [840 841 842 843 844 845 846 847 850 851 852 853 854]] [57 [856 857 858 859 860 861 863 864 865 866 867 868 869]] [58 [870 872 873 874 875 876 877 878 879 881 882 883 884]] [59 [885 886 887 889 890 891 892 893 895 897 898]] [60 [900 901 902 903 905 906 907 909 910 911 912 913 914]] [61 [915 916 917 918 919 920 921 923 924 925 926 927 929]] [62 [930 932 933 934 935 936 937 938 939 940 942 943 944]] [63 [945 946 948 949 950 951 952 953 954 955 956 957 958]] [64 [961 962 963 966 967 972 973 974]] [65 [975 976 978 979 980 981 983 984 985 986 987 988 989]] [66 [990 991 992 993 994 995 998 999 1000 1001 1002 1003 1004]] [67 [1006 1007 1009 1010 1011 1012 1014 1015 1016 1017 1018 1019]] [68 [1020 1021 1022 1023 1024 1025 1026 1028 1029 1030 1031 1032 1033 1034]] [69 [1037 1038 1040 1042 1043 1044 1046 1047 1048]] [70 [1050 1052 1053 1054 1055 1058 1059 1060 1061 1062 1063]] [71 [1065 1067 1068 1069 1070 1072 1073 1074 1075 1076 1077 1078 1079]] [72 [1080 1081 1082 1083 1084 1086 1087 1088 1089 1090 1092 1093 1094]] [73 [1096 1097 1098 1099 1100 1103 1104 1105 1106 1107 1108]] [74 [1110 1111 1114 1115 1118 1119 1120 1121 1122 1123]] [75 [1125 1126 1127 1128 1129 1130 1131 1133 1136 1137 1138 1139]] [76 [1140 1141 1143 1144 1145 1146 1147 1148 1149 1150 1151 1152 1153]] [77 [1155 1156 1157 1158 1159 1161 1162 1163 1165 1166 1167 1168 1169]] [78 [1170 1171 1172 1175 1176 1177 1178 1179 1180 1181 1182 1183 1184]] [79 [1185 1186 1187 1188 1189 1191 1192 1193 1195 1196 1197 1199]] [80 [1200 1202 1204 1205 1206 1207 1208 1211 1212 1213 1214]] [81 [1215 1217 1218 1220 1221 1222 1223 1224 1225 1226 1227 1228 1229]] [82 [1230 1231 1232 1233 1234 1235 1236 1237 1238 1240 1241 1242 1243]] [83 [1246 1247 1248 1249 1250 1251 1252 1253 1255 1256 1257 1258 1259]] [84 [1260 1261 1262 1263 1264 1265 1266 1267 1268 1270 1271 1272 1273 1274]] [85 [1275 1276 1277 1278 1279 1280 1281 1282 1283 1284 1285 1287 1289]] [86 [1290 1291 1293 1295 1296 1297 1298 1299 1300 1301 1302 1303 1304]] [87 [1305 1306 1307 1308 1309 1310 1311 1312 1313 1314 1315 1316 1317 1318]] [88 [1320 1321 1324 1325 1326 1327 1328 1329 1330 1331 1333 1334]] [89 [1335 1336 1337 1338 1339 1340 1342 1343 1344 1345 1346 1347 1348 1349]] [90 [1350 1351 1353 1354 1355 1356 1357 1358 1359 1360 1362 1364]] [91 [1366 1367 1368 1369 1370 1371 1372 1375 1376 1377 1378 1379]] [92 [1380 1381 1382 1383 1384 1385 1386 1387 1388 1389 1390 1391 1393 1394]] [93 [1395 1396 1397 1398 1399 1400 1401 1402 1403 1404 1405 1406 1408]] [94 [1410 1411 1412 1414 1415 1416 1417 1419 1420 1421 1422 1423]] [95 [1425 1427 1428 1430 1431 1432 1433 1434 1435 1436 1437 1438]] [96 [1440 1441 1442 1443 1444 1447 1448 1449 1451 1452 1453 1454]] [97 [1455 1456 1457 1458 1459 1460 1461 1462 1463 1464 1466 1467 1468 1469]] [98 [1470 1471 1472 1473 1474 1476 1477 1481 1483 1484]] [99 [1485 1486 1487 1489 1490 1491 1492 1493 1494 1495 1496 1498]]]",,"[[{citizen 39} [[""A"" [2 4]]]] [{citizen 43} [[""A"" [3 2]]]] [{media 52} [[""A"" [2 2]]]] [{media 54} [[""A"" [3 3]]]] [{media 58} [[""A"" [1 1]]]] [{media 59} [[""A"" [4 4]]]] [{media 63} [[""A"" [3 3]]]] [{media 60} [[""A"" [4 4]]]] [{citizen 4} [[""A"" [2 4]]]] [{media 57} [[""A"" [2 2]]]] [{media 51} [[""A"" [2 2]]]] [{citizen 0} [[""A"" [3 2]]]] [{citizen 9} [[""A"" [2 4]]]] [{citizen 17} [[""A"" [3 2]]]] [{citizen 18} [[""A"" [3 2]]]] [{media 64} [[""A"" [3 3]]]] [{media 62} [[""A"" [4 4]]]] [{media 55} [[""A"" [3 3]]]] [{citizen 15} [[""A"" [2 4]]]] [{media 53} [[""A"" [4 4]]]] [{media 61} [[""A"" [3 3]]]] [{media 50} [[""A"" [4 4]]]] [{citizen 6} [[""A"" [2 2]]]] [{media 56} [[""A"" [2 2]]]] [{citizen 49} [[""A"" [2 4]]]] [{citizen 1} [[""A"" [4 2]]]] [{citizen 32} [[""A"" [2 4]]]] [{citizen 16} [[""A"" [3 3]]]] [{citizen 44} [[""A"" [3 2]]]] [{citizen 25} [[""A"" [2 2]]]] [{citizen 48} [[""A"" [2 4]]]] [{citizen 31} [[""A"" [2 4]]]] [{citizen 20} [[""A"" [3 4]]]] [{citizen 7} [[""A"" [2 2]]]] [{citizen 14} [[""A"" [2 3]]]] [{citizen 3} [[""A"" [2 4]]]] [{citizen 38} [[""A"" [2 2]]]] [{citizen 5} [[""A"" [3 2]]]] [{citizen 8} [[""A"" [2 4]]]] [{citizen 35} [[""A"" [2 4]]]] [{citizen 12} [[""A"" [2 4]]]] [{citizen 13} [[""A"" [3 4]]]] [{citizen 28} [[""A"" [4 4]]]] [{citizen 40} [[""A"" [2 4]]]] [{citizen 46} [[""A"" [3 4]]]] [{citizen 45} [[""A"" [2 4]]]] [{citizen 10} [[""A"" [2 2]]]] [{citizen 33} [[""A"" [2 4]]]] [{citizen 23} [[""A"" [2 2]]]] [{citizen 36} [[""A"" [2 4]]]] [{citizen 21} [[""A"" [3 4]]]] [{citizen 34} [[""A"" [2 4]]]] [{citizen 47} [[""A"" [2 4]]]] [{citizen 19} [[""A"" [2 2]]]] [{citizen 42} [[""A"" [2 4]]]] [{citizen 22} [[""A"" [3 2]]]] [{citizen 2} [[""A"" [2 4]]]] [{citizen 37} [[""A"" [4 4]]]] [{citizen 26} [[""A"" [4 3]]]] [{citizen 41} [[""A"" [2 4]]]] [{citizen 24} [[""A"" [3 2]]]] [{citizen 29} [[""A"" [3 3]]]] [{citizen 27} [[""A"" [2 2]]]] [{citizen 11} [[""A"" [2 4]]]]]"
"31","[85 0 170]","326.938775510204","-3.865709452702873","5.201972792108968","""circle""","""""","9.9","{breed citizens}","false","0.5","1","""up""",,"[[""ID"" 0] [""alpha"" 1] [""beta"" 1] [""malleable"" [""A""]] [""prior"" []] [""cont_tokens"" []] [""A"" 4]]","[[0 [1 2 3 4 5 6 7 8 9 10 11 12 13 14]] [1 [15 16 17 18 19 20 21 22 23 24 25 26 27 28 29]] [2 [30 31 32 33 34 35 36 37 38 39 40 41 42 43 44]] [3 [45 46 47 48 49 50 51 52 53 54 55 56 57 58 59]] [4 [60 61 62 63 64 65 66 67 68 69 70 71 72 73 74]] [5 [75 76 77 78 79 80 81 82 83 84 85 86 87 88 89]] [6 [90 91 92 93 94 95 96 97 98 99 100 101 102 103 104]] [7 [105 106 107 108 109 110 111 112 113 114 115 116 117 118 119]] [8 [120 121 122 123 124 125 126 127 128 129 130 131 132 133 134]] [9 [135 136 137 138 139 140 141 142 143 144 145 146 147 148 149]] [10 [150 151 152 153 154 155 156 157 158 159 160 161 162 163 164]] [11 [165 166 167 168 169 170 171 172 173 174 175 176 177 178 179]] [12 [180 181 183 184 185 186 187 188 189 190 191 192 193 194]] [13 [195 196 197 198 199 200 201 202 203 204 205 206 207 208 209]] [14 [210 211 212 213 214 215 216 217 218 219 220 221 222 223 224]] [15 [225 226 227 228 229 230 231 232 233 234 235 236 237 238 239]] [16 [241 242 243 244 245 246 247 248 249 250 251 252 253 254]] [17 [255 256 257 258 259 260 261 262 263 264 265 266 267 268 269]] [18 [270 271 272 273 274 275 276 277 278 279 280 281 282 283 284]] [19 [285 286 287 288 289 290 291 292 293 294 295 296 297 298 299]] [20 [300 301 302 303 304 305 306 307 308 309 310 311 312 313 314]] [21 [315 316 317 318 319 320 321 322 323 324 325 326 327 328 329]] [22 [330 331 332 333 334 335 336 337 338 339 340 341 342 343 344]] [23 [345 346 347 348 349 350 351 352 353 354 355 356 357 358 359]] [24 [360 361 362 363 364 365 366 367 368 369 370 371 372 373 374]] [25 [375 376 377 378 379 380 381 382 383 384 385 386 387 388 389]] [26 [390 391 392 393 394 395 396 397 398 399 400 401 402 403 404]] [27 [405 406 407 408 409 410 411 412 413 414 415 416 417 418 419]] [28 [420 421 422 424 425 426 427 428 429 430 431 432 433 434]] [29 [435 436 437 438 439 440 441 442 443 444 445 446 447 448 449]] [30 [450 451 452 453 454 455 456 457 458 459 460 461 462 463 464]] [31 [465 466 467 468 469 470 471 472 473 474 475 476 477 478 479]] [32 [480 481 482 483 484 485 486 487 488 489 490 491 492 493 494]] [33 [495 496 497 498 499 500 501 502 503 504 505 506 507 508 509]] [34 [510 511 512 513 514 515 516 517 518 519 520 521 522 523 524]] [35 [525 526 527 528 529 530 531 532 533 534 535 536 537 538 539]] [36 [540 541 542 543 544 545 546 547 548 549 550 551 552 553 554]] [37 [555 556 557 558 559 560 561 562 563 564 565 566 567 568 569]] [38 [570 571 572 573 574 575 576 577 578 579 580 581 582 583 584]] [39 [585 586 587 588 589 590 592 593 594 595 596 597 598 599]] [40 [600 601 602 603 604 605 606 607 608 609 610 611 612 613 614]] [41 [615 616 617 618 619 620 621 622 623 624 626 627 628 629]] [42 [630 631 632 633 634 635 636 637 638 639 640 641 642 643 644]] [43 [645 646 647 648 649 650 651 652 653 654 655 656 657 658 659]] [44 [660 661 662 663 664 665 666 667 668 669 670 671 672 673 674]] [45 [675 676 677 678 679 680 681 682 683 684 685 686 687 688]] [46 [690 691 692 693 694 695 696 697 698 699 700 701 702 703 704]] [47 [705 706 707 708 709 710 711 712 713 715 716 717 718 719]] [48 [720 721 722 724 725 726 727 728 729 730 731 732 733 734]] [49 [735 736 737 738 739 740 741 742 743 744 745 746 747 748 749]] [50 [750 751 752 753 754 755 756 757 758 759 760 761 762 763 764]] [51 [765 766 767 768 769 770 771 772 773 774 775 776 777 778 779]] [52 [780 781 782 783 784 785 786 787 788 789 790 791 792 793 794]] [53 [795 796 797 798 799 800 801 802 803 804 805 806 807 808 809]] [54 [810 811 812 813 814 815 816 817 818 819 820 821 822 823 824]] [55 [825 826 827 828 829 830 831 832 833 834 835 836 837 838 839]] [56 [840 841 842 843 844 845 846 847 848 849 850 851 852 853 854]] [57 [855 856 857 858 859 860 861 862 863 864 865 866 867 868 869]] [58 [870 871 872 873 874 875 876 877 878 879 881 882 883 884]] [59 [885 886 887 888 889 890 891 892 893 894 895 896 897 898 899]] [60 [900 901 902 903 904 905 906 907 908 909 910 911 912 913 914]] [61 [915 916 917 918 919 920 921 922 923 924 925 926 927 928 929]] [62 [930 931 932 933 934 935 936 937 938 939 940 941 942 943 944]] [63 [945 946 948 949 950 951 952 953 954 955 956 957 958 959]] [64 [960 961 962 963 964 965 966 967 968 969 970 971 972 973 974]] [65 [975 976 977 978 979 980 981 982 983 984 985 986 987 988 989]] [66 [990 991 992 993 994 995 996 997 998 999 1000 1001 1002 1003 1004]] [67 [1005 1006 1007 1009 1010 1011 1012 1013 1014 1015 1016 1017 1018 1019]] [68 [1020 1021 1022 1023 1024 1025 1026 1027 1028 1029 1030 1031 1032 1033 1034]] [69 [1035 1036 1037 1038 1040 1042 1043 1044 1046 1047 1048]] [70 [1050 1051 1052 1053 1054 1055 1056 1057 1058 1059 1060 1061 1062 1063 1064]] [71 [1065 1066 1067 1068 1069 1070 1071 1072 1073 1074 1075 1076 1077 1078 1079]] [72 [1080 1081 1082 1083 1084 1085 1086 1087 1088 1089 1090 1091 1092 1093 1094]] [73 [1095 1096 1097 1098 1099 1100 1101 1102 1103 1104 1105 1106 1107 1108 1109]] [74 [1110 1111 1112 1113 1114 1115 1116 1117 1118 1119 1120 1121 1122 1123 1124]] [75 [1125 1126 1127 1128 1129 1130 1131 1132 1133 1134 1135 1136 1137 1138 1139]] [76 [1140 1141 1142 1143 1144 1145 1146 1147 1148 1149 1150 1151 1152 1153 1154]] [77 [1155 1156 1157 1158 1159 1160 1161 1162 1163 1164 1165 1166 1167 1168 1169]] [78 [1170 1171 1172 1173 1174 1175 1176 1177 1178 1179 1180 1181 1182 1183 1184]] [79 [1185 1186 1187 1188 1189 1190 1191 1192 1193 1194 1195 1196 1197 1198 1199]] [80 [1200 1201 1202 1203 1204 1205 1206 1207 1208 1209 1210 1211 1212 1213 1214]] [81 [1215 1216 1217 1218 1219 1220 1221 1222 1223 1224 1225 1226 1227 1228 1229]] [82 [1230 1231 1232 1233 1234 1235 1236 1237 1238 1239 1240 1241 1242 1243 1244]] [83 [1245 1246 1247 1248 1249 1250 1251 1252 1253 1254 1255 1256 1257 1258 1259]] [84 [1260 1261 1262 1263 1264 1265 1266 1267 1268 1269 1270 1271 1272 1273 1274]] [85 [1275 1276 1277 1278 1279 1280 1281 1282 1283 1284 1285 1287 1288 1289]] [86 [1290 1291 1292 1293 1295 1296 1297 1298 1299 1300 1301 1302 1303 1304]] [87 [1305 1306 1307 1308 1309 1310 1311 1312 1313 1314 1315 1316 1317 1318 1319]] [88 [1320 1321 1322 1324 1325 1326 1327 1328 1329 1330 1331 1332 1333 1334]] [89 [1335 1336 1337 1338 1339 1340 1342 1343 1344 1345 1346 1347 1348 1349]] [90 [1350 1351 1352 1353 1354 1355 1356 1357 1358 1359 1360 1361 1362 1363 1364]] [91 [1365 1366 1367 1368 1369 1370 1371 1372 1373 1374 1375 1376 1377 1378 1379]] [92 [1380 1381 1382 1383 1384 1385 1386 1387 1388 1389 1390 1391 1392 1393 1394]] [93 [1395 1396 1397 1398 1399 1400 1401 1402 1403 1404 1405 1406 1407 1408 1409]] [94 [1410 1411 1412 1413 1414 1415 1416 1417 1418 1419 1420 1421 1422 1423 1424]] [95 [1425 1426 1427 1428 1429 1430 1431 1432 1433 1434 1435 1436 1437 1438 1439]] [96 [1440 1441 1442 1443 1444 1445 1446 1447 1448 1449 1450 1451 1452 1453 1454]] [97 [1455 1456 1457 1458 1459 1460 1461 1462 1463 1464 1465 1466 1467 1468 1469]] [98 [1470 1471 1472 1473 1474 1475 1476 1477 1478 1479 1480 1481 1482 1483 1484]] [99 [1485 1486 1487 1488 1489 1490 1491 1492 1493 1494 1495 1496 1497 1498 1499]]]","[[0 [1 2 3 4 5 6 7 8 9 10 12 13 14]] [1 [15 16 17 18 19 20 21 22 23 24 25 26 27 29]] [2 [30 31 32 33 35 37 38 39 40 41 42 44]] [3 [45 46 47 48 50 51 52 53 54 55 56 58 59]] [4 [60 61 62 63 64 65 66 67 68 69 70 71 72 73 74]] [5 [76 77 78 79 80 81 83 84 85 87 88]] [6 [93 94 95 96 97 98 99 100 101 102 103 104]] [7 [106 107 108 109 110 111 112 115 116 117 118 119]] [8 [120 121 122 123 124 125 126 127 129 130 131 133 134]] [9 [135 137 138 141 142 143 144 145 146]] [10 [151 153 154 155 156 157 158 160 161 162 164]] [11 [165 166 167 170 171 173 174 175 176 177 178 179]] [12 [180 181 183 184 185 186 187 188 189 190 191 192 193 194]] [13 [197 198 199 200 201 202 203 204 206 208 209]] [14 [210 211 213 214 215 216 217 218 220 221 222 224]] [15 [225 227 228 229 230 231 232 233 234 235 237 238 239]] [16 [241 242 243 244 245 246 247 248 249 250 251 252 253 254]] [17 [255 256 257 258 259 260 261 262 265 267 268 269]] [18 [270 271 272 273 274 275 277 278 279 280 281 282 283 284]] [19 [285 286 287 288 289 290 291 292 293 294 295 296 297 298]] [20 [300 301 302 303 304 305 306 307 308 310 311 313 314]] [21 [315 317 318 320 321 324 326 327 328 329]] [22 [330 331 332 333 334 335 336 337 338 339 341 342 343 344]] [23 [345 346 347 348 349 351 352 353 354 355 356 357 358]] [24 [364 365 366 367 368 369 371 373 374]] [25 [378 379 380 381 382 383 386 388 389]] [26 [390 391 392 394 395 396 398 399 400 401 402 403 404]] [27 [406 407 408 409 415 416 418 419]] [28 [420 421 422 424 425 427 428 429 430 431 432 433 434]] [29 [435 437 438 440 441 442 443 444 446 447 449]] [30 [450 451 452 453 454 455 456 457 458 459]] [31 [465 466 467 468 469 470 471 472 473 474 475 476 477 478 479]] [32 [480 481 482 483 484 487 488 489 492 493 494]] [33 [495 496 497 498 499 500 501 502 504 505 506 507]] [34 [512 513 514 515 516 517 518 519 520 522 523 524]] [35 [525 526 527 528 529 530 532 533 534 535 536]] [36 [540 542 543 544 545 546 547 548 549 550 551 553]] [37 [555 556 558 560 561 562 563 564 565 567 569]] [38 [570 571 572 574 575 576 577 578 579 581 582 583 584]] [39 [585 586 587 589 590 592 593 594 595 596 598 599]] [40 [600 601 602 603 604 606 608 609 610 611 612 613 614]] [41 [615 616 618 619 620 621 623 624 626 627 628 629]] [42 [630 631 632 633 634 635 637 638 639 640 641 642 644]] [43 [645 647 648 649 651 652 653 654 655 656 657 658 659]] [44 [661 662 663 664 665 666 668 669 670 671 672 673 674]] [45 [675 676 677 678 679 680 681 682 683 684 685 686 687 688]] [46 [691 692 693 696 697 698 699 701 702 703 704]] [47 [705 706 707 709 710 711 712 713 715 716 717 719]] [48 [720 721 722 724 725 726 727 728 729 730 731 732 733 734]] [49 [735 737 738 739 740 741 742 743 744 745 746 747 748]] [50 [750 751 752 753 754 755 756 757 758 759 760 761 762 763 764]] [51 [765 766 767 768 769 771 772 773 775 776 777 778]] [52 [780 781 782 783 784 785 786 787 788 789 790 794]] [53 [795 796 798 799 800 801 802 803 804 805 807 808 809]] [54 [810 811 812 813 814 815 816 817 819 820 821 822 824]] [55 [825 827 828 829 830 831 832 833 834 835 836 838 839]] [56 [840 841 842 843 844 845 846 847 848 849 850 851 852 853 854]] [57 [855 856 857 858 859 860 861 862 863 864 865 866 867 869]] [58 [870 871 873 874 875 876 877 878 879 882 884]] [59 [885 886 887 888 889 890 891 892 893 895 896 897 898]] [60 [900 901 902 903 904 905 906 907 908 910 912 913]] [61 [915 916 917 918 920 921 922 923 925 926 927]] [62 [930 931 934 935 936 937 938 941 942 943 944]] [63 [945 946 948 949 950 951 952 953 954 956 957 958 959]] [64 [960 963 965 966 967 968 969 970 971 972 973 974]] [65 [975 976 978 979 980 981 982 983 984 985 988]] [66 [990 991 992 993 994 995 998 999 1001 1002 1003 1004]] [67 [1006 1007 1009 1010 1011 1012 1013 1014 1015 1016 1017 1018 1019]] [68 [1021 1022 1023 1024 1025 1026 1028 1029 1031 1032 1033 1034]] [69 [1036 1037 1038 1040 1042 1043 1044 1046 1047 1048]] [70 [1050 1051 1052 1053 1054 1055 1058 1059 1060 1061 1062 1063 1064]] [71 [1066 1067 1068 1069 1070 1071 1072 1073 1074 1075 1076 1077 1078 1079]] [72 [1080 1081 1082 1083 1084 1085 1087 1088 1089 1090 1093 1094]] [73 [1095 1096 1097 1098 1099 1101 1102 1103 1104 1105 1106 1107 1108 1109]] [74 [1110 1111 1112 1113 1114 1115 1116 1118 1119 1120 1121 1122 1123]] [75 [1125 1126 1127 1128 1129 1130 1131 1133 1136 1137 1138 1139]] [76 [1140 1141 1143 1144 1145 1146 1147 1148 1149 1150 1151 1152 1153]] [77 [1155 1156 1157 1158 1159 1160 1161 1162 1163 1165 1166 1167]] [78 [1170 1171 1172 1175 1176 1178 1179 1180 1181 1182]] [79 [1185 1186 1187 1188 1189 1191 1192 1194 1196 1197 1198]] [80 [1200 1202 1203 1205 1206 1207 1208 1209 1210 1211 1212 1213 1214]] [81 [1215 1217 1219 1220 1221 1223 1224 1225 1226 1227 1228 1229]] [82 [1230 1231 1232 1233 1234 1235 1236 1237 1238 1239 1241 1242 1243]] [83 [1246 1247 1248 1249 1250 1251 1252 1254 1256 1258 1259]] [84 [1260 1261 1262 1263 1264 1265 1266 1267 1268 1270 1271 1272 1273 1274]] [85 [1276 1277 1278 1279 1280 1281 1282 1283 1284 1285 1287 1288 1289]] [86 [1290 1291 1292 1293 1295 1296 1297 1298 1299 1300 1301 1302 1303 1304]] [87 [1305 1306 1307 1308 1309 1310 1311 1312 1313 1314 1315 1316 1317 1318]] [88 [1320 1321 1324 1325 1326 1327 1328 1329 1330 1331 1332 1333 1334]] [89 [1335 1337 1338 1339 1340 1342 1343 1345 1346 1347 1348]] [90 [1350 1351 1353 1354 1355 1356 1357 1358 1359 1360 1361 1362]] [91 [1365 1366 1367 1368 1369 1370 1371 1372 1373 1374 1377 1378 1379]] [92 [1380 1381 1382 1383 1384 1385 1386 1387 1388 1389 1390 1391 1393 1394]] [93 [1395 1396 1397 1399 1400 1401 1402 1403 1404 1405 1406 1408 1409]] [94 [1413 1414 1415 1416 1418 1419 1420 1421 1422 1423 1424]] [95 [1425 1426 1427 1428 1430 1431 1432 1433 1434 1435 1437 1438]] [96 [1440 1441 1442 1443 1444 1445 1446 1447 1448 1449 1450 1451 1452 1453 1454]] [97 [1455 1456 1457 1459 1460 1461 1462 1463 1464 1467 1468 1469]] [98 [1470 1471 1472 1473 1474 1476 1477 1479 1480 1481 1483 1484]] [99 [1485 1486 1487 1489 1490 1491 1492 1493 1494 1495 1496 1497 1498 1499]]]",,"[[{citizen 43} [[""A"" [2 2]]]] [{media 50} [[""A"" [4 4]]]] [{media 52} [[""A"" [2 2]]]] [{media 54} [[""A"" [3 3]]]] [{media 55} [[""A"" [3 3]]]] [{media 56} [[""A"" [2 2]]]] [{media 57} [[""A"" [2 2]]]] [{media 58} [[""A"" [1 1]]]] [{media 59} [[""A"" [4 4]]]] [{media 63} [[""A"" [3 3]]]] [{media 64} [[""A"" [3 3]]]] [{citizen 4} [[""A"" [3 4]]]] [{citizen 13} [[""A"" [2 4]]]] [{media 51} [[""A"" [2 2]]]] [{citizen 0} [[""A"" [4 4]]]] [{citizen 9} [[""A"" [2 4]]]] [{citizen 3} [[""A"" [2 4]]]] [{media 62} [[""A"" [4 4]]]] [{media 53} [[""A"" [4 4]]]] [{media 61} [[""A"" [3 3]]]] [{citizen 49} [[""A"" [3 2]]]] [{citizen 1} [[""A"" [2 4]]]] [{citizen 32} [[""A"" [4 4]]]] [{citizen 15} [[""A"" [2 2]]]] [{citizen 17} [[""A"" [4 3]]]] [{citizen 16} [[""A"" [3 4]]]] [{citizen 44} [[""A"" [3 3]]]] [{citizen 25} [[""A"" [4 3]]]] [{citizen 48} [[""A"" [2 4]]]] [{citizen 6} [[""A"" [2 2]]]] [{citizen 23} [[""A"" [2 2]]]] [{citizen 12} [[""A"" [2 4]]]] [{citizen 14} [[""A"" [4 3]]]] [{citizen 5} [[""A"" [3 2]]]] [{citizen 36} [[""A"" [2 2]]]] [{citizen 21} [[""A"" [3 4]]]] [{citizen 7} [[""A"" [3 2]]]] [{citizen 34} [[""A"" [3 2]]]] [{citizen 40} [[""A"" [2 4]]]] [{citizen 10} [[""A"" [2 4]]]] [{citizen 46} [[""A"" [2 4]]]] [{citizen 47} [[""A"" [2 4]]]] [{citizen 33} [[""A"" [2 2]]]] [{citizen 19} [[""A"" [3 2]]]] [{citizen 42} [[""A"" [2 4]]]] [{citizen 22} [[""A"" [2 3]]]] [{citizen 2} [[""A"" [4 4]]]] [{citizen 37} [[""A"" [4 4]]]] [{citizen 30} [[""A"" [2 2]]]] [{citizen 18} [[""A"" [2 2]]]] [{citizen 39} [[""A"" [4 4]]]] [{citizen 35} [[""A"" [2 2]]]] [{citizen 26} [[""A"" [2 2]]]] [{citizen 38} [[""A"" [3 2]]]] [{citizen 45} [[""A"" [4 4]]]] [{citizen 41} [[""A"" [2 4]]]] [{media 60} [[""A"" [4 4]]]] [{citizen 20} [[""A"" [2 4]]]] [{citizen 28} [[""A"" [2 4]]]] [{citizen 24} [[""A"" [3 2]]]] [{citizen 29} [[""A"" [3 2]]]] [{citizen 27} [[""A"" [2 2]]]] [{citizen 8} [[""A"" [2 2]]]] [{citizen 11} [[""A"" [3 4]]]]]"
"32","[85 0 170]","334.2857142857142","-2.7413879970891357","7.00476415381619","""circle""","""""","9.9","{breed citizens}","false","0.5","1","""up""",,"[[""ID"" 27] [""alpha"" 1] [""beta"" 1] [""malleable"" [""A""]] [""prior"" []] [""cont_tokens"" []] [""A"" 4]]","[[0 [0 1 2 3 4 5 6 7 8 9 10 11 12 13 14]] [1 [15 16 17 18 19 20 21 22 23 24 25 26 27 28 29]] [2 [30 31 32 33 34 35 36 37 38 39 40 41 42 43 44]] [3 [45 46 47 48 49 50 51 52 53 54 55 56 57 58 59]] [4 [60 61 62 63 64 65 66 67 68 69 70 71 72 73 74]] [5 [75 76 77 78 79 80 81 82 83 84 85 86 87 88 89]] [6 [90 91 92 93 94 95 96 97 98 99 100 101 102 103 104]] [7 [105 106 107 108 109 110 111 112 113 114 115 116 117 118 119]] [8 [120 121 122 123 124 125 126 127 128 129 130 131 132 133 134]] [9 [135 136 137 138 139 140 141 142 143 144 145 146 147 148 149]] [10 [150 151 152 153 154 155 156 157 158 159 160 161 162 163 164]] [11 [165 166 167 168 169 170 171 172 173 174 175 176 177 178 179]] [12 [180 181 183 184 185 186 187 188 189 190 191 192 193 194]] [13 [195 196 197 198 199 200 201 202 203 204 205 206 207 208 209]] [14 [210 211 212 213 214 215 216 217 218 219 220 221 222 223 224]] [15 [225 226 227 228 229 230 231 232 233 234 235 236 237 238 239]] [16 [241 242 243 244 245 246 247 248 249 250 251 252 253 254]] [17 [255 256 257 258 259 260 261 262 263 264 265 266 267 268 269]] [18 [270 271 272 273 274 275 276 277 278 279 280 281 282 283 284]] [19 [285 286 287 288 289 290 291 292 293 294 295 296 297 298 299]] [20 [300 301 302 303 304 305 306 307 308 309 310 311 312 313 314]] [21 [315 316 317 318 319 320 321 322 323 324 325 326 327 328 329]] [22 [330 331 332 333 334 335 336 337 338 339 340 341 342 343 344]] [23 [345 346 347 348 349 350 351 352 353 354 355 356 357 358 359]] [24 [360 361 362 363 364 365 366 367 368 369 370 371 372 373 374]] [25 [375 376 377 378 379 380 381 382 383 384 385 386 387 388 389]] [26 [390 391 392 393 394 395 396 397 398 399 400 401 402 403 404]] [27 [405 406 407 408 409 410 411 412 413 414 415 416 417 418 419]] [28 [420 421 422 424 425 426 427 428 429 430 431 432 433 434]] [29 [435 436 437 438 439 440 441 442 443 444 445 446 447 448 449]] [30 [450 451 452 453 454 455 456 457 458 459 460 461 462 463 464]] [31 [465 466 467 468 469 470 471 472 473 474 475 476 477 478 479]] [32 [480 481 482 483 484 485 486 487 488 489 490 491 492 493 494]] [33 [495 496 497 498 499 500 501 502 503 504 505 506 507 508 509]] [34 [510 511 512 513 514 515 516 517 518 519 520 521 522 523 524]] [35 [525 526 527 528 529 530 531 532 533 534 535 536 537 538 539]] [36 [540 541 542 543 544 545 546 547 548 549 550 551 552 553 554]] [37 [555 556 557 558 559 560 561 562 563 564 565 566 567 568 569]] [38 [570 571 572 573 574 575 576 577 578 579 580 581 582 583 584]] [39 [585 586 587 588 589 590 592 593 594 595 596 597 598 599]] [40 [600 601 602 603 604 605 606 607 608 609 610 611 612 613 614]] [41 [615 616 617 618 619 620 621 622 623 624 626 627 628 629]] [42 [630 631 632 633 634 635 636 637 638 639 640 641 642 643 644]] [43 [645 646 647 648 649 650 651 652 653 654 655 656 657 658 659]] [44 [660 661 662 663 664 665 666 667 668 669 670 671 672 673 674]] [45 [675 676 677 678 679 680 681 682 683 684 685 686 687 688]] [46 [690 691 692 693 694 695 696 697 698 699 700 701 702 703 704]] [47 [705 706 707 708 709 710 711 712 713 715 716 717 718 719]] [48 [720 721 722 724 725 726 727 728 729 730 731 732 733 734]] [49 [735 736 737 738 739 740 741 742 743 744 745 746 747 748 749]] [50 [750 751 752 753 754 755 756 757 758 759 760 761 762 763 764]] [51 [765 766 767 768 769 770 771 772 773 774 775 776 777 778 779]] [52 [780 781 782 783 784 785 786 787 788 789 790 791 792 793 794]] [53 [795 796 797 798 799 800 801 802 803 804 805 806 807 808 809]] [54 [810 811 812 813 814 815 816 817 818 819 820 821 822 823 824]] [55 [825 826 827 828 829 830 831 832 833 834 835 836 837 838 839]] [56 [840 841 842 843 844 845 846 847 848 849 850 851 852 853 854]] [57 [855 856 857 858 859 860 861 862 863 864 865 866 867 868 869]] [58 [870 871 872 873 874 875 876 877 878 879 881 882 883 884]] [59 [885 886 887 888 889 890 891 892 893 894 895 896 897 898 899]] [60 [900 901 902 903 904 905 906 907 908 909 910 911 912 913 914]] [61 [915 916 917 918 919 920 921 922 923 924 925 926 927 928 929]] [62 [930 931 932 933 934 935 936 937 938 939 940 941 942 943 944]] [63 [945 946 948 949 950 951 952 953 954 955 956 957 958 959]] [64 [960 961 962 963 964 965 966 967 968 969 970 971 972 973 974]] [65 [975 976 977 978 979 980 981 982 983 984 985 986 987 988 989]] [66 [990 991 992 993 994 995 996 997 998 999 1000 1001 1002 1003 1004]] [67 [1005 1006 1007 1009 1010 1011 1012 1013 1014 1015 1016 1017 1018 1019]] [68 [1020 1021 1022 1023 1024 1025 1026 1027 1028 1029 1030 1031 1032 1033 1034]] [69 [1035 1036 1037 1038 1040 1042 1043 1044 1046 1047 1048]] [70 [1050 1051 1052 1053 1054 1055 1056 1057 1058 1059 1060 1061 1062 1063 1064]] [71 [1065 1066 1067 1068 1069 1070 1071 1072 1073 1074 1075 1076 1077 1078 1079]] [72 [1080 1081 1082 1083 1084 1085 1086 1087 1088 1089 1090 1091 1092 1093 1094]] [73 [1095 1096 1097 1098 1099 1100 1101 1102 1103 1104 1105 1106 1107 1108 1109]] [74 [1110 1111 1112 1113 1114 1115 1116 1117 1118 1119 1120 1121 1122 1123 1124]] [75 [1125 1126 1127 1128 1129 1130 1131 1132 1133 1134 1135 1136 1137 1138 1139]] [76 [1140 1141 1142 1143 1144 1145 1146 1147 1148 1149 1150 1151 1152 1153 1154]] [77 [1155 1156 1157 1158 1159 1160 1161 1162 1163 1164 1165 1166 1167 1168 1169]] [78 [1170 1171 1172 1173 1174 1175 1176 1177 1178 1179 1180 1181 1182 1183 1184]] [79 [1185 1186 1187 1188 1189 1190 1191 1192 1193 1194 1195 1196 1197 1198 1199]] [80 [1200 1201 1202 1203 1204 1205 1206 1207 1208 1209 1210 1211 1212 1213 1214]] [81 [1215 1216 1217 1218 1219 1220 1221 1222 1223 1224 1225 1226 1227 1228 1229]] [82 [1230 1231 1232 1233 1234 1235 1236 1237 1238 1239 1240 1241 1242 1243 1244]] [83 [1245 1246 1247 1248 1249 1250 1251 1252 1253 1254 1255 1256 1257 1258 1259]] [84 [1260 1261 1262 1263 1264 1265 1266 1267 1268 1269 1270 1271 1272 1273 1274]] [85 [1275 1276 1277 1278 1279 1280 1281 1282 1283 1284 1285 1287 1288 1289]] [86 [1290 1291 1292 1293 1295 1296 1297 1298 1299 1300 1301 1302 1303 1304]] [87 [1305 1306 1307 1308 1309 1310 1311 1312 1313 1314 1315 1316 1317 1318 1319]] [88 [1320 1321 1322 1324 1325 1326 1327 1328 1329 1330 1331 1332 1333 1334]] [89 [1335 1336 1337 1338 1339 1340 1342 1343 1344 1345 1346 1347 1348 1349]] [90 [1350 1351 1352 1353 1354 1355 1356 1357 1358 1359 1360 1361 1362 1363 1364]] [91 [1365 1366 1367 1368 1369 1370 1371 1372 1373 1374 1375 1376 1377 1378 1379]] [92 [1380 1381 1382 1383 1384 1385 1386 1387 1388 1389 1390 1391 1392 1393 1394]] [93 [1395 1396 1397 1398 1399 1400 1401 1402 1403 1404 1405 1406 1407 1408 1409]] [94 [1410 1411 1412 1413 1414 1415 1416 1417 1418 1419 1420 1421 1422 1423 1424]] [95 [1425 1426 1427 1428 1429 1430 1431 1432 1433 1434 1435 1436 1437 1438 1439]] [96 [1440 1441 1442 1443 1444 1445 1446 1447 1448 1449 1450 1451 1452 1453 1454]] [97 [1455 1456 1457 1458 1459 1460 1461 1462 1463 1464 1465 1466 1467 1468 1469]] [98 [1470 1471 1472 1473 1474 1475 1476 1477 1478 1479 1480 1481 1482 1483 1484]] [99 [1485 1486 1487 1488 1489 1490 1491 1492 1493 1494 1495 1496 1497 1498 1499]]]","[[0 [0 1 2 3 5 6 7 8 9 10 11 13 14]] [1 [15 16 17 18 19 20 21 22 24 25 27 29]] [2 [30 31 32 33 34 35 36 37 38 39 40 41 42 43 44]] [3 [45 46 47 48 50 51 52 53 54 55 56 58 59]] [4 [60 61 62 63 64 67 68 69 70 71 72 73 74]] [5 [77 78 79 80 81 83 84 85 86 89]] [6 [90 91 92 94 95 96 97 98 99 100 101 102 103 104]] [7 [106 107 108 109 110 111 112 114 115 116 117 118 119]] [8 [120 121 122 123 125 126 128 129 130 131 133 134]] [9 [136 137 138 141 142 143 144 145 146]] [10 [151 153 154 155 156 157 158 159 160 161 162 163 164]] [11 [165 166 167 168 169 170 171 173 174 175 176 177 178 179]] [12 [180 181 184 185 186 187 188 189 190 191 192 193]] [13 [195 196 197 198 199 200 201 202 203 204 206 207 208]] [14 [210 211 212 218 220 221 222 224]] [15 [225 226 227 228 229 230 231 232 233 234 235 236 237 238 239]] [16 [241 242 243 244 245 246 247 248 249 250 251 252 253 254]] [17 [255 256 257 258 259 260 261 262 263 264 265 266 267 268 269]] [18 [270 272 273 275 277 278 279 280 281 283 284]] [19 [285 286 287 288 289 290 291 292 293 294 296 297 298]] [20 [300 301 302 303 304 305 306 307 308 309 310 311]] [21 [315 316 319 320 321 322 323 325 326 327 328 329]] [22 [330 331 332 333 334 335 336 337 338 339 340 342 343 344]] [23 [345 347 348 349 351 352 353 354 355 356 359]] [24 [360 361 362 365 366 367 368 369 370 371 372 373 374]] [25 [378 379 380 381 382 383 386 387 389]] [26 [390 391 393 395 397 398 399 400 401 402 403 404]] [27 [405 406 407 408 409 415 417 418 419]] [28 [420 421 422 426 427 428 429 430 431 432 433 434]] [29 [435 436 437 439 441 442 443 444 446 447]] [30 [450 451 452 453 456 457 460 461 463 464]] [31 [465 466 467 468 469 470 471 472 473 474 475 476 477 478 479]] [32 [480 481 482 483 484 485 486 487 488 489 490 491 493 494]] [33 [496 497 498 499 500 501 502 503 504 505 506 507]] [34 [510 511 512 513 515 516 517 518 519 520 522]] [35 [526 527 528 530 532 533 534 535 536]] [36 [540 541 542 543 544 545 546 547 548 549 550 551 553 554]] [37 [555 556 559 561 563 564 565 567 569]] [38 [570 572 574 575 576 577 578 579 581 582 583 584]] [39 [585 586 587 588 589 590 592 593 595 596 597 598 599]] [40 [600 601 602 603 604 607 609 610 611 612 613 614]] [41 [615 616 618 619 620 621 623 624 626 627 628]] [42 [630 631 632 633 634 635 637 638 639 640 641 642 644]] [43 [645 647 648 649 651 652 653 655 656 657]] [44 [660 661 662 663 664 665 666 668 670 671 672 673 674]] [45 [675 676 677 678 679 680 682 683 685 686 687 688]] [46 [691 692 693 694 695 696 697 698 699 701 702 703 704]] [47 [705 706 707 708 709 710 711 712 713 715 716 717 718 719]] [48 [720 721 722 724 725 726 727 728 729 730 731 732 733]] [49 [736 737 738 739 740 741 742 743 744 745 746 747 748 749]] [50 [750 752 753 754 755 756 757 758 759 760 761 762 763 764]] [51 [765 766 767 768 769 770 772 773 774 776 777 778 779]] [52 [780 781 782 783 784 785 786 789 790 792 793]] [53 [796 798 799 800 801 802 803 804 805 807 808 809]] [54 [810 811 812 814 815 816 817 819 820 821 822]] [55 [825 826 827 828 829 830 831 832 833 837 838 839]] [56 [840 841 842 843 844 845 846 847 848 849 850 851 852 853 854]] [57 [856 857 858 859 860 861 862 864 865 866 867 868 869]] [58 [870 872 873 874 875 876 877 878 879 882 883 884]] [59 [885 886 887 888 889 890 891 892 893 894 895 896 897 898 899]] [60 [901 902 903 904 905 906 907 909 910 912 913]] [61 [915 916 917 918 919 920 921 922 923 924 925 926 927]] [62 [930 932 933 934 935 936 937 938 940 941 942 943 944]] [63 [945 946 949 951 952 953 954 956 957 958]] [64 [960 962 963 966 968 969 970 971 972 973 974]] [65 [975 977 978 979 980 981 982 983 984 985 988 989]] [66 [990 991 992 993 994 995 998 999 1000 1001 1002 1003 1004]] [67 [1005 1007 1009 1010 1011 1012 1014 1016 1017 1018 1019]] [68 [1020 1021 1022 1023 1024 1025 1026 1028 1029 1030 1031 1032 1033 1034]] [69 [1037 1038 1042 1043 1044 1046 1047 1048]] [70 [1050 1052 1053 1054 1055 1058 1059 1060 1061 1062 1063]] [71 [1065 1067 1068 1069 1070 1071 1073 1074 1075 1076 1077 1078 1079]] [72 [1080 1081 1082 1083 1084 1085 1087 1088 1089 1090 1093 1094]] [73 [1095 1096 1097 1098 1099 1101 1102 1103 1104 1105 1106 1107 1108 1109]] [74 [1110 1111 1112 1113 1114 1115 1118 1119 1120 1121 1122 1123]] [75 [1125 1126 1127 1128 1129 1130 1131 1133 1136 1137 1138 1139]] [76 [1140 1141 1142 1143 1144 1145 1146 1147 1148 1149 1150 1151 1152 1153 1154]] [77 [1155 1156 1157 1158 1159 1160 1161 1162 1163 1165 1167 1168 1169]] [78 [1170 1171 1172 1173 1174 1175 1177 1178 1179 1180 1181 1182 1183 1184]] [79 [1185 1186 1187 1188 1189 1190 1191 1192 1194 1195 1196 1197 1199]] [80 [1200 1201 1203 1204 1205 1206 1207 1208 1209 1210 1211 1213 1214]] [81 [1215 1216 1217 1219 1220 1221 1224 1225 1226 1227 1228 1229]] [82 [1230 1231 1232 1233 1234 1235 1236 1237 1238 1240 1241 1242 1243]] [83 [1245 1246 1247 1248 1249 1250 1251 1252 1253 1255 1257 1258]] [84 [1260 1261 1262 1263 1264 1265 1266 1267 1268 1270 1271 1272 1273 1274]] [85 [1276 1277 1278 1279 1280 1281 1282 1283 1284 1285 1287 1289]] [86 [1290 1291 1293 1296 1297 1298 1300 1301 1302 1303 1304]] [87 [1305 1306 1307 1308 1309 1310 1311 1312 1315 1316 1317 1318]] [88 [1320 1321 1322 1325 1326 1327 1328 1329 1330 1331 1333 1334]] [89 [1335 1337 1339 1340 1342 1343 1344 1345 1346 1347 1348 1349]] [90 [1351 1353 1354 1355 1356 1357 1358 1359 1360 1361 1362 1363 1364]] [91 [1366 1367 1368 1369 1370 1371 1372 1373 1374 1377 1378 1379]] [92 [1380 1381 1382 1383 1384 1385 1386 1387 1388 1389 1390 1391 1393 1394]] [93 [1395 1396 1397 1398 1399 1400 1401 1402 1403 1404 1405 1406 1408]] [94 [1410 1411 1412 1415 1416 1417 1419 1420 1421 1422 1423 1424]] [95 [1426 1427 1428 1429 1430 1431 1432 1433 1434 1435 1437 1438]] [96 [1440 1441 1442 1443 1444 1448 1449 1450 1451 1452 1453 1454]] [97 [1455 1456 1457 1460 1461 1462 1463 1464 1465 1466 1467 1468 1469]] [98 [1470 1471 1472 1473 1474 1475 1477 1478 1479 1480 1481 1483 1484]] [99 [1485 1486 1487 1489 1490 1491 1492 1493 1494 1495 1496 1497 1499]]]",,"[[{media 50} [[""A"" [4 4]]]] [{media 52} [[""A"" [2 2]]]] [{media 54} [[""A"" [3 3]]]] [{media 55} [[""A"" [3 3]]]] [{media 56} [[""A"" [2 2]]]] [{media 57} [[""A"" [2 2]]]] [{media 58} [[""A"" [1 1]]]] [{media 59} [[""A"" [4 4]]]] [{media 63} [[""A"" [3 3]]]] [{media 64} [[""A"" [3 3]]]] [{media 60} [[""A"" [4 4]]]] [{citizen 4} [[""A"" [2 4]]]] [{citizen 25} [[""A"" [2 2]]]] [{citizen 3} [[""A"" [2 2]]]] [{citizen 9} [[""A"" [2 4]]]] [{citizen 1} [[""A"" [4 2]]]] [{citizen 5} [[""A"" [3 2]]]] [{media 51} [[""A"" [2 2]]]] [{citizen 12} [[""A"" [2 4]]]] [{citizen 27} [[""A"" [3 2]]]] [{media 62} [[""A"" [4 4]]]] [{media 53} [[""A"" [4 4]]]] [{media 61} [[""A"" [3 3]]]] [{citizen 49} [[""A"" [2 2]]]] [{citizen 48} [[""A"" [2 4]]]] [{citizen 31} [[""A"" [2 2]]]] [{citizen 43} [[""A"" [2 2]]]] [{citizen 21} [[""A"" [3 4]]]] [{citizen 7} [[""A"" [2 2]]]] [{citizen 41} [[""A"" [4 2]]]] [{citizen 20} [[""A"" [3 2]]]] [{citizen 0} [[""A"" [3 2]]]] [{citizen 22} [[""A"" [3 2]]]] [{citizen 19} [[""A"" [2 2]]]] [{citizen 47} [[""A"" [2 4]]]] [{citizen 33} [[""A"" [3 2]]]] [{citizen 10} [[""A"" [2 4]]]] [{citizen 6} [[""A"" [2 2]]]] [{citizen 24} [[""A"" [2 2]]]] [{citizen 44} [[""A"" [3 3]]]] [{citizen 14} [[""A"" [3 2]]]] [{citizen 38} [[""A"" [2 2]]]] [{citizen 8} [[""A"" [2 2]]]] [{citizen 35} [[""A"" [3 2]]]] [{citizen 13} [[""A"" [2 3]]]] [{citizen 28} [[""A"" [2 4]]]] [{citizen 40} [[""A"" [3 3]]]] [{citizen 46} [[""A"" [2 4]]]] [{citizen 45} [[""A"" [4 2]]]] [{citizen 15} [[""A"" [3 2]]]] [{citizen 18} [[""A"" [2 2]]]] [{citizen 30} [[""A"" [3 2]]]] [{citizen 26} [[""A"" [3 2]]]] [{citizen 29} [[""A"" [3 2]]]] [{citizen 23} [[""A"" [2 2]]]] [{citizen 36} [[""A"" [2 2]]]] [{citizen 34} [[""A"" [3 2]]]] [{citizen 17} [[""A"" [3 2]]]] [{citizen 42} [[""A"" [3 2]]]] [{citizen 2} [[""A"" [4 4]]]] [{citizen 37} [[""A"" [4 4]]]] [{citizen 39} [[""A"" [2 4]]]] [{citizen 16} [[""A"" [3 2]]]] [{citizen 11} [[""A"" [3 2]]]]]"
"33","[85 0 170]","122.14285714285714","11.238183032540723","-8.205778645797526","""circle""","""""","9.9","{breed citizens}","false","0.5","1","""up""",,"[[""ID"" 46] [""alpha"" 1] [""beta"" 1] [""malleable"" [""A""]] [""prior"" []] [""cont_tokens"" []] [""A"" 4]]","[[0 [0 1 2 3 4 5 6 7 8 9 10 11 12 13 14]] [1 [15 16 17 18 19 20 21 22 23 24 25 26 27 28 29]] [2 [30 31 32 33 34 35 36 37 38 39 40 41 42 43 44]] [3 [45 46 47 48 49 50 51 52 53 54 55 56 57 58 59]] [4 [60 61 62 63 64 65 66 67 68 69 70 71 72 73 74]] [5 [75 76 77 78 79 80 81 82 83 84 85 86 87 88 89]] [6 [90 91 92 93 94 95 96 97 98 99 100 101 102 103 104]] [7 [105 106 107 108 109 110 111 112 113 114 115 116 117 118 119]] [8 [120 121 122 123 124 125 126 127 128 129 130 131 132 133 134]] [9 [135 136 137 138 139 140 141 142 143 144 145 146 147 148 149]] [10 [150 151 152 153 154 155 156 157 158 159 160 161 162 163 164]] [11 [165 166 167 168 169 170 171 172 173 174 175 176 177 178 179]] [12 [180 181 183 184 185 186 187 188 189 190 191 192 193 194]] [13 [195 196 197 198 199 200 201 202 203 204 205 206 207 208 209]] [14 [210 211 212 213 214 215 216 217 218 219 220 221 222 223 224]] [15 [225 226 227 228 229 230 231 232 233 234 235 236 237 238 239]] [16 [241 242 243 244 245 246 247 248 249 250 251 252 253 254]] [17 [255 256 257 258 259 260 261 262 263 264 265 266 267 268 269]] [18 [270 271 272 273 274 275 276 277 278 279 280 281 282 283 284]] [19 [285 286 287 288 289 290 291 292 293 294 295 296 297 298 299]] [20 [300 301 302 303 304 305 306 307 308 309 310 311 312 313 314]] [21 [315 316 317 318 319 320 321 322 323 324 325 326 327 328 329]] [22 [330 331 332 333 334 335 336 337 338 339 340 341 342 343 344]] [23 [345 346 347 348 349 350 351 352 353 354 355 356 357 358 359]] [24 [360 361 362 363 364 365 366 367 368 369 370 371 372 373 374]] [25 [375 376 377 378 379 380 381 382 383 384 385 386 387 388 389]] [26 [390 391 392 393 394 395 396 397 398 399 400 401 402 403 404]] [27 [405 406 407 408 409 410 411 412 413 414 415 416 417 418 419]] [28 [420 421 422 424 425 426 427 428 429 430 431 432 433 434]] [29 [435 436 437 438 439 440 441 442 443 444 445 446 447 448 449]] [30 [450 451 452 453 454 455 456 457 458 459 460 461 462 463 464]] [31 [465 466 467 468 469 470 471 472 473 474 475 476 477 478 479]] [32 [480 481 482 483 484 485 486 487 488 489 490 491 492 493 494]] [33 [495 496 497 498 499 500 501 502 503 504 505 506 507 508 509]] [34 [510 511 512 513 514 515 516 517 518 519 520 521 522 523 524]] [35 [525 526 527 528 529 530 531 532 533 534 535 536 537 538 539]] [36 [540 541 542 543 544 545 546 547 548 549 550 551 552 553 554]] [37 [555 556 557 558 559 560 561 562 563 564 565 566 567 568 569]] [38 [570 571 572 573 574 575 576 577 578 579 580 581 582 583 584]] [39 [585 586 587 588 589 590 592 593 594 595 596 597 598 599]] [40 [600 601 602 603 604 605 606 607 608 609 610 611 612 613 614]] [41 [615 616 617 618 619 620 621 622 623 624 626 627 628 629]] [42 [630 631 632 633 634 635 636 637 638 639 640 641 642 643 644]] [43 [645 646 647 648 649 650 651 652 653 654 655 656 657 658 659]] [44 [660 661 662 663 664 665 666 667 668 669 670 671 672 673 674]] [45 [675 676 677 678 679 680 681 682 683 684 685 686 687 688]] [46 [690 691 692 693 694 695 696 697 698 699 700 701 702 703 704]] [47 [705 706 707 708 709 710 711 712 713 714 715 716 717 718 719]] [48 [720 721 722 723 724 725 726 727 728 729 730 731 732 733 734]] [49 [735 736 737 738 739 740 741 742 743 744 745 746 747 748 749]] [50 [750 751 752 753 754 755 756 757 758 759 760 761 762 763 764]] [51 [765 766 767 768 769 770 771 772 773 774 775 776 777 778 779]] [52 [780 781 782 783 784 785 786 787 788 789 790 791 792 793 794]] [53 [795 796 797 798 799 800 801 802 803 804 805 806 807 808 809]] [54 [810 811 812 813 814 815 816 817 818 819 820 821 822 823 824]] [55 [825 826 827 828 829 830 831 832 833 834 835 836 837 838 839]] [56 [840 841 842 843 844 845 846 847 848 849 850 851 852 853 854]] [57 [855 856 857 858 859 860 861 862 863 864 865 866 867 868 869]] [58 [870 871 872 873 874 875 876 877 878 879 881 882 883 884]] [59 [885 886 887 888 889 890 891 892 893 894 895 896 897 898 899]] [60 [900 901 902 903 904 905 906 907 908 909 910 911 912 913 914]] [61 [915 916 917 918 919 920 921 922 923 924 925 926 927 928 929]] [62 [930 931 932 933 934 935 936 937 938 939 940 941 942 943 944]] [63 [945 946 948 949 950 951 952 953 954 955 956 957 958 959]] [64 [960 961 962 963 964 965 966 967 968 969 970 971 972 973 974]] [65 [975 976 977 978 979 980 981 982 983 984 985 986 987 988 989]] [66 [990 991 992 993 994 995 996 997 998 999 1000 1001 1002 1003 1004]] [67 [1005 1006 1007 1009 1010 1011 1012 1013 1014 1015 1016 1017 1018 1019]] [68 [1020 1021 1022 1023 1024 1025 1026 1027 1028 1029 1030 1031 1032 1033 1034]] [69 [1035 1036 1037 1038 1039 1040 1041 1042 1043 1044 1045 1046 1047 1048 1049]] [70 [1050 1051 1052 1053 1054 1055 1056 1057 1058 1059 1060 1061 1062 1063 1064]] [71 [1065 1066 1067 1068 1069 1070 1071 1072 1073 1074 1075 1076 1077 1078 1079]] [72 [1080 1081 1082 1083 1084 1085 1086 1087 1088 1089 1090 1091 1092 1093 1094]] [73 [1095 1096 1097 1098 1099 1100 1101 1102 1103 1104 1105 1106 1107 1108 1109]] [74 [1110 1111 1112 1113 1114 1115 1116 1117 1118 1119 1120 1121 1122 1123 1124]] [75 [1125 1126 1127 1128 1129 1130 1131 1132 1133 1134 1135 1136 1137 1138 1139]] [76 [1140 1141 1142 1143 1144 1145 1146 1147 1148 1149 1150 1151 1152 1153 1154]] [77 [1155 1156 1157 1158 1159 1160 1161 1162 1163 1164 1165 1166 1167 1168 1169]] [78 [1170 1171 1172 1173 1174 1175 1176 1177 1178 1179 1180 1181 1182 1183 1184]] [79 [1185 1186 1187 1188 1189 1190 1191 1192 1193 1194 1195 1196 1197 1198 1199]] [80 [1200 1201 1202 1203 1204 1205 1206 1207 1208 1209 1210 1211 1212 1213 1214]] [81 [1215 1216 1217 1218 1219 1220 1221 1222 1223 1224 1225 1226 1227 1228 1229]] [82 [1230 1231 1232 1233 1234 1235 1236 1237 1238 1239 1240 1241 1242 1243 1244]] [83 [1245 1246 1247 1248 1249 1250 1251 1252 1253 1254 1255 1256 1257 1258 1259]] [84 [1260 1261 1262 1263 1264 1265 1266 1267 1268 1269 1270 1271 1272 1273 1274]] [85 [1275 1276 1277 1278 1279 1280 1281 1282 1283 1284 1285 1287 1288 1289]] [86 [1290 1291 1292 1293 1295 1296 1297 1298 1299 1300 1301 1302 1303 1304]] [87 [1305 1306 1307 1308 1309 1310 1311 1312 1313 1314 1315 1316 1317 1318 1319]] [88 [1320 1321 1322 1324 1325 1326 1327 1328 1329 1330 1331 1332 1333 1334]] [89 [1335 1336 1337 1338 1339 1340 1342 1343 1344 1345 1346 1347 1348 1349]] [90 [1350 1351 1352 1353 1354 1355 1356 1357 1358 1359 1360 1361 1362 1363 1364]] [91 [1365 1366 1367 1368 1369 1370 1371 1372 1373 1374 1375 1376 1377 1378 1379]] [92 [1380 1381 1382 1383 1384 1385 1386 1387 1388 1389 1390 1391 1392 1393 1394]] [93 [1395 1396 1397 1398 1399 1400 1401 1402 1403 1404 1405 1406 1407 1408 1409]] [94 [1410 1411 1412 1413 1414 1415 1416 1417 1418 1419 1420 1421 1422 1423 1424]] [95 [1425 1426 1427 1428 1429 1430 1431 1432 1433 1434 1435 1436 1437 1438 1439]] [96 [1440 1441 1442 1443 1444 1445 1446 1447 1448 1449 1450 1451 1452 1453 1454]] [97 [1455 1456 1457 1458 1459 1460 1461 1462 1463 1464 1465 1466 1467 1468 1469]] [98 [1470 1471 1472 1473 1474 1475 1476 1477 1478 1479 1480 1481 1482 1483 1484]] [99 [1485 1486 1487 1488 1489 1490 1491 1492 1493 1494 1495 1496 1497 1498 1499]]]","[[0 [9 10 12 13 14]] [1 [15 16 17 18 19 20 21 22 24 25 26 28 29]] [2 [30 31 32 33 35 37 38 39 40 41 42 44]] [3 [45 46 47 49 50 51 52 53 54 55 56 58 59]] [4 [60 61 62 63 64 65 66 67 68 69 70 71 72 73]] [5 [75 76 77 78 79 80 81 83 84 85 86 89]] [6 [90 91 92 94 95 96 100 101 102 103 104]] [7 [106 107 111 112 113 114 115 116 117 118 119]] [8 [120 121 122 123 124 125 126 128 130 131 133 134]] [9 [135 136 137 138 139 140 142 143 144 145 146]] [10 [151 153 154 155 156 157 158 159 160 161 162 163]] [11 [165 166 167 170 171 173 174 175 176 177 178 179]] [12 [180 181 184 185 186 187 188 189 190 191 192 193]] [13 [195 196 197 199 200 201 202 203 204 206 208]] [14 [210 211 212 218 220 221 222 224]] [15 [225 226 227 228 229 230 231 232 233 234 235 236 237 238 239]] [16 [242 243 244 245 246 247 248 249 250 251 252 253 254]] [17 [255 256 257 258 259 260 261 263 264 266 269]] [18 [270 271 272 273 275 277 278 279 280 281 282 283 284]] [19 [285 286 287 288 289 290 291 292 294 295 296 297 298 299]] [20 [301 302 303 304 306 307 308 309 312 313 314]] [21 [315 316 319 320 321 322 323 325 326 327 328 329]] [22 [330 331 332 333 336 337 338 339 341 342 343 344]] [23 [345 347 348 349 350 352 353 354 355 356 359]] [24 [360 361 362 363 364 365 366 367 368 369 370 371 372 373 374]] [25 [378 379 380 381 382 383 384 385 386 388 389]] [26 [390 391 392 394 395 397 398 400 401 402 403 404]] [27 [406 407 408 409 411 412 413 414 415 417 418 419]] [28 [420 421 422 426 427 428 429 430 431 432 433 434]] [29 [435 438 439 440 441 442 443 444 446 447 449]] [30 [450 451 452 453 454 455 456 457 458 459 460 461 462 463 464]] [31 [465 466 467 468 469 470 472 473 474 475 476]] [32 [480 481 482 483 484 485 486 487 488 489 491 493 494]] [33 [496 497 498 499 500 501 502 503 504 505 506 507]] [34 [510 511 512 513 514 515 516 518 519 520 522 524]] [35 [525 526 527 528 531 532 533 534 535 536]] [36 [540 542 543 544 545 547 548 549 550 551 553]] [37 [555 556 557 558 560 561 562 563 564 565 567 568 569]] [38 [570 572 573 576 577 578 579 581 582 583 584]] [39 [585 586 587 590 592 593 594 595 596 597 598 599]] [40 [600 601 602 603 604 607 608 609 610 611 612 613 614]] [41 [615 616 618 619 620 621 623 624 626 627 628 629]] [42 [630 631 632 633 634 635 636 639 640 641 642 644]] [43 [645 647 648 649 651 652 653 654 655 656 657 658 659]] [44 [661 662 663 665 666 668 670 671 672 673 674]] [45 [675 676 677 678 679 680 683 684 685 686 687 688]] [46 [690 691 693 694 695 696 697 698 699 700]] [47 [706 707 708 709 710 711 712 713 715 716 717]] [48 [720 721 722 724 725 726 727 728 729 730 731 732 733 734]] [49 [735 736 738 739 740 741 742 743 744 745 746 747 748 749]] [50 [750 751 752 753 757 758 759 760 761 762 763 764]] [51 [765 766 767 768 769 770 772 773 774 776 778 779]] [52 [780 781 782 783 784 785 786 787 788 789 790 791 792 793]] [53 [796 797 798 799 800 801 802 803 804 805 806 807 808 809]] [54 [810 811 812 813 815 816 817 818 819 820 821 822 823 824]] [55 [825 828 829 830 831 832 833 834 835 836 839]] [56 [840 841 842 843 844 845 846 847 849 850 851 852 853 854]] [57 [855 861 862 863 864 865 866 867 868 869]] [58 [870 871 872 873 874 875 876 877 878 879 882 884]] [59 [885 886 887 891 892 893 894 895 896 897 898 899]] [60 [900 901 902 903 905 906 907 908 909 910 912 913]] [61 [915 916 919 920 921 922 923 924 925 926 927 929]] [62 [930 932 933 934 935 936 937 938 940 941 942 943 944]] [63 [945 946 948 949 950 951 952 953 954 955 956 957 958]] [64 [961 962 963 966 967 968 969 970 971 972 973 974]] [65 [975 976 978 979 980 981 983 984 985 986 987 988 989]] [66 [990 991 992 993 994 995 998 999 1000 1001 1002 1003 1004]] [67 [1006 1007 1009 1010 1011 1012 1014 1016 1017 1018 1019]] [68 [1020 1021 1022 1023 1024 1025 1026 1027 1028 1029 1030 1031 1032 1033]] [69 [1035 1036 1037 1038 1042 1043 1044 1046 1047 1048]] [70 [1051 1052 1053 1054 1055 1060 1061 1063 1064]] [71 [1066 1067 1068 1069 1070 1071 1073 1074 1075 1077 1078 1079]] [72 [1080 1081 1082 1083 1084 1085 1087 1088 1089 1090 1092 1093 1094]] [73 [1096 1097 1098 1099 1100 1102 1103 1104 1105 1106 1107 1108 1109]] [74 [1111 1113 1114 1115 1118 1119 1120 1121 1122 1123 1124]] [75 [1125 1126 1127 1128 1129 1130 1131 1132 1133 1134 1135 1138 1139]] [76 [1141 1142 1143 1144 1145 1147 1148 1149 1150 1151 1152 1153 1154]] [77 [1155 1156 1157 1158 1159 1160 1161 1163 1164 1165 1166 1168 1169]] [78 [1170 1171 1172 1173 1174 1175 1176 1178 1179 1180 1181 1182 1183]] [79 [1185 1186 1187 1188 1189 1190 1191 1192 1194 1196 1197 1198]] [80 [1200 1201 1202 1203 1204 1205 1206 1207 1208 1211 1213 1214]] [81 [1215 1217 1218 1220 1221 1224 1225 1226 1227 1228 1229]] [82 [1230 1231 1232 1233 1234 1235 1236 1237 1238 1240 1241 1242 1243]] [83 [1246 1247 1248 1249 1250 1251 1252 1254 1256 1258 1259]] [84 [1260 1261 1262 1264 1265 1266 1267 1268 1271 1272 1273 1274]] [85 [1276 1277 1278 1279 1280 1281 1282 1283 1284 1285 1287 1288 1289]] [86 [1291 1292 1293 1295 1296 1297 1298 1299 1300 1301 1302 1303 1304]] [87 [1305 1306 1307 1308 1309 1311 1312 1316 1317 1318]] [88 [1320 1321 1322 1325 1326 1327 1328 1329 1330 1332 1333 1334]] [89 [1335 1337 1339 1340 1342 1343 1344 1345 1346 1347 1348 1349]] [90 [1351 1352 1353 1354 1355 1356 1357 1358 1359 1360 1361 1362 1364]] [91 [1366 1367 1368 1369 1370 1371 1372 1373 1374 1377 1378 1379]] [92 [1380 1381 1382 1383 1384 1385 1386 1387 1388 1389 1390 1391 1392]] [93 [1395 1396 1397 1399 1400 1401 1402 1403 1404 1405 1406 1408]] [94 [1410 1411 1412 1414 1416 1417 1418 1419 1420 1421 1422 1423]] [95 [1425 1426 1427 1428 1430 1431 1432 1433 1434 1435 1437 1438]] [96 [1440 1441 1442 1443 1444 1445 1446 1447 1448 1449 1450 1451 1452 1453 1454]] [97 [1455 1456 1457 1460 1461 1462 1463 1464 1465 1466 1467 1468 1469]] [98 [1470 1471 1472 1473 1474 1476 1477 1478 1479 1480 1482 1483 1484]] [99 [1485 1486 1487 1489 1490 1491 1492 1493 1494 1495 1496 1497 1499]]]",,"[[{citizen 47} [[""A"" [4 4]]]] [{media 50} [[""A"" [4 4]]]] [{media 52} [[""A"" [2 2]]]] [{media 54} [[""A"" [3 3]]]] [{media 55} [[""A"" [3 3]]]] [{media 56} [[""A"" [2 2]]]] [{media 57} [[""A"" [2 2]]]] [{media 58} [[""A"" [1 1]]]] [{media 59} [[""A"" [4 4]]]] [{media 63} [[""A"" [3 3]]]] [{media 64} [[""A"" [3 3]]]] [{media 60} [[""A"" [4 4]]]] [{citizen 15} [[""A"" [3 4]]]] [{citizen 4} [[""A"" [2 4]]]] [{citizen 17} [[""A"" [3 2]]]] [{citizen 19} [[""A"" [3 2]]]] [{citizen 10} [[""A"" [4 2]]]] [{media 51} [[""A"" [2 2]]]] [{citizen 3} [[""A"" [4 4]]]] [{media 62} [[""A"" [4 4]]]] [{citizen 9} [[""A"" [4 4]]]] [{media 53} [[""A"" [4 4]]]] [{media 61} [[""A"" [3 3]]]] [{citizen 6} [[""A"" [2 2]]]] [{citizen 49} [[""A"" [2 4]]]] [{citizen 1} [[""A"" [4 2]]]] [{citizen 32} [[""A"" [4 4]]]] [{citizen 0} [[""A"" [3 2]]]] [{citizen 25} [[""A"" [3 2]]]] [{citizen 48} [[""A"" [2 4]]]] [{citizen 31} [[""A"" [2 4]]]] [{citizen 43} [[""A"" [3 2]]]] [{citizen 21} [[""A"" [3 4]]]] [{citizen 7} [[""A"" [3 2]]]] [{citizen 5} [[""A"" [2 3]]]] [{citizen 41} [[""A"" [2 4]]]] [{citizen 12} [[""A"" [2 4]]]] [{citizen 20} [[""A"" [4 4]]]] [{citizen 22} [[""A"" [3 2]]]] [{citizen 44} [[""A"" [3 2]]]] [{citizen 14} [[""A"" [2 3]]]] [{citizen 38} [[""A"" [2 2]]]] [{citizen 8} [[""A"" [3 4]]]] [{citizen 35} [[""A"" [2 4]]]] [{citizen 13} [[""A"" [4 4]]]] [{citizen 28} [[""A"" [4 4]]]] [{citizen 40} [[""A"" [2 4]]]] [{citizen 46} [[""A"" [3 4]]]] [{citizen 45} [[""A"" [2 4]]]] [{citizen 23} [[""A"" [3 2]]]] [{citizen 36} [[""A"" [3 4]]]] [{citizen 34} [[""A"" [2 4]]]] [{citizen 39} [[""A"" [4 4]]]] [{citizen 26} [[""A"" [3 3]]]] [{citizen 37} [[""A"" [4 4]]]] [{citizen 2} [[""A"" [4 4]]]] [{citizen 42} [[""A"" [4 4]]]] [{citizen 24} [[""A"" [3 2]]]] [{citizen 29} [[""A"" [3 3]]]] [{citizen 27} [[""A"" [3 2]]]] [{citizen 18} [[""A"" [3 2]]]] [{citizen 16} [[""A"" [3 4]]]] [{citizen 30} [[""A"" [2 2]]]] [{citizen 11} [[""A"" [2 4]]]]]"
"34","[85 0 170]","131.32653061224488","10.125702090239209","-8.285083162867764","""circle""","""""","9.9","{breed citizens}","false","0.5","1","""up""",,"[[""ID"" 13] [""alpha"" 1] [""beta"" 1] [""malleable"" [""A""]] [""prior"" []] [""cont_tokens"" []] [""A"" 4]]","[[0 [1 2 3 4 5 6 7 8 9 10 11 12 13 14]] [1 [15 16 17 18 19 20 21 22 23 24 25 26 27 28 29]] [2 [30 31 32 33 34 35 36 37 38 39 40 41 42 43 44]] [3 [45 46 47 48 49 50 51 52 53 54 55 56 57 58 59]] [4 [60 61 62 63 64 65 66 67 68 69 70 71 72 73 74]] [5 [75 76 77 78 79 80 81 82 83 84 85 86 87 88 89]] [6 [90 91 92 93 94 95 96 97 98 99 100 101 102 103 104]] [7 [105 106 107 108 109 110 111 112 113 114 115 116 117 118 119]] [8 [120 121 122 123 124 125 126 127 128 129 130 131 132 133 134]] [9 [135 136 137 138 139 140 141 142 143 144 145 146 147 148 149]] [10 [150 151 152 153 154 155 156 157 158 159 160 161 162 163 164]] [11 [165 166 167 168 169 170 171 172 173 174 175 176 177 178 179]] [12 [180 181 183 184 185 186 187 188 189 190 191 192 193 194]] [13 [195 196 197 198 199 200 201 202 203 204 205 206 207 208 209]] [14 [210 211 212 213 214 215 216 217 218 219 220 221 222 223 224]] [15 [225 226 227 228 229 230 231 232 233 234 235 236 237 238 239]] [16 [241 242 243 244 245 246 247 248 249 250 251 252 253 254]] [17 [255 256 257 258 259 260 261 262 263 264 265 266 267 268 269]] [18 [270 271 272 273 274 275 276 277 278 279 280 281 282 283 284]] [19 [285 286 287 288 289 290 291 292 293 294 295 296 297 298 299]] [20 [300 301 302 303 304 305 306 307 308 309 310 311 312 313 314]] [21 [315 316 317 318 319 320 321 322 323 324 325 326 327 328 329]] [22 [330 331 332 333 334 335 336 337 338 339 340 341 342 343 344]] [23 [345 346 347 348 349 350 351 352 353 354 355 356 357 358 359]] [24 [360 361 362 363 364 365 366 367 368 369 370 371 372 373 374]] [25 [375 376 377 378 379 380 381 382 383 384 385 386 387 388 389]] [26 [390 391 392 393 394 395 396 397 398 399 400 401 402 403 404]] [27 [405 406 407 408 409 410 411 412 413 414 415 416 417 418 419]] [28 [420 421 422 424 425 426 427 428 429 430 431 432 433 434]] [29 [435 436 437 438 439 440 441 442 443 444 445 446 447 448 449]] [30 [450 451 452 453 454 455 456 457 458 459 460 461 462 463 464]] [31 [465 466 467 468 469 470 471 472 473 474 475 476 477 478 479]] [32 [480 481 482 483 484 485 486 487 488 489 490 491 492 493 494]] [33 [495 496 497 498 499 500 501 502 503 504 505 506 507 508 509]] [34 [510 511 512 513 514 515 516 517 518 519 520 521 522 523 524]] [35 [525 526 527 528 529 530 531 532 533 534 535 536 537 538 539]] [36 [540 541 542 543 544 545 546 547 548 549 550 551 552 553 554]] [37 [555 556 557 558 559 560 561 562 563 564 565 566 567 568 569]] [38 [570 571 572 573 574 575 576 577 578 579 580 581 582 583 584]] [39 [585 586 587 588 589 590 592 593 594 595 596 597 598 599]] [40 [600 601 602 603 604 605 606 607 608 609 610 611 612 613 614]] [41 [615 616 617 618 619 620 621 622 623 624 626 627 628 629]] [42 [630 631 632 633 634 635 636 637 638 639 640 641 642 643 644]] [43 [645 646 647 648 649 650 651 652 653 654 655 656 657 658 659]] [44 [660 661 662 663 664 665 666 667 668 669 670 671 672 673 674]] [45 [675 676 677 678 679 680 681 682 683 684 685 686 687 688]] [46 [690 691 692 693 694 695 696 697 698 699 700 701 702 703 704]] [47 [705 706 707 708 709 710 711 712 713 714 715 716 717 718 719]] [48 [720 721 722 724 725 726 727 728 729 730 731 732 733 734]] [49 [735 736 737 738 739 740 741 742 743 744 745 746 747 748 749]] [50 [750 751 752 753 754 755 756 757 758 759 760 761 762 763 764]] [51 [765 766 767 768 769 770 771 772 773 774 775 776 777 778 779]] [52 [780 781 782 783 784 785 786 787 788 789 790 791 792 793 794]] [53 [795 796 797 798 799 800 801 802 803 804 805 806 807 808 809]] [54 [810 811 812 813 814 815 816 817 818 819 820 821 822 823 824]] [55 [825 826 827 828 829 830 831 832 833 834 835 836 837 838 839]] [56 [840 841 842 843 844 845 846 847 848 849 850 851 852 853 854]] [57 [855 856 857 858 859 860 861 862 863 864 865 866 867 868 869]] [58 [870 871 872 873 874 875 876 877 878 879 881 882 883 884]] [59 [885 886 887 888 889 890 891 892 893 894 895 896 897 898 899]] [60 [900 901 902 903 904 905 906 907 908 909 910 911 912 913 914]] [61 [915 916 917 918 919 920 921 922 923 924 925 926 927 928 929]] [62 [930 931 932 933 934 935 936 937 938 939 940 941 942 943 944]] [63 [945 946 948 949 950 951 952 953 954 955 956 957 958 959]] [64 [960 961 962 963 964 965 966 967 968 969 970 971 972 973 974]] [65 [975 976 977 978 979 980 981 982 983 984 985 986 987 988 989]] [66 [990 991 992 993 994 995 996 997 998 999 1000 1001 1002 1003 1004]] [67 [1005 1006 1007 1009 1010 1011 1012 1013 1014 1015 1016 1017 1018 1019]] [68 [1020 1021 1022 1023 1024 1025 1026 1027 1028 1029 1030 1031 1032 1033 1034]] [69 [1035 1036 1037 1038 1040 1042 1043 1044 1046 1047 1048]] [70 [1050 1051 1052 1053 1054 1055 1056 1057 1058 1059 1060 1061 1062 1063 1064]] [71 [1065 1066 1067 1068 1069 1070 1071 1072 1073 1074 1075 1076 1077 1078 1079]] [72 [1080 1081 1082 1083 1084 1085 1086 1087 1088 1089 1090 1091 1092 1093 1094]] [73 [1095 1096 1097 1098 1099 1100 1101 1102 1103 1104 1105 1106 1107 1108 1109]] [74 [1110 1111 1112 1113 1114 1115 1116 1117 1118 1119 1120 1121 1122 1123 1124]] [75 [1125 1126 1127 1128 1129 1130 1131 1132 1133 1134 1135 1136 1137 1138 1139]] [76 [1140 1141 1142 1143 1144 1145 1146 1147 1148 1149 1150 1151 1152 1153 1154]] [77 [1155 1156 1157 1158 1159 1160 1161 1162 1163 1164 1165 1166 1167 1168 1169]] [78 [1170 1171 1172 1173 1174 1175 1176 1177 1178 1179 1180 1181 1182 1183 1184]] [79 [1185 1186 1187 1188 1189 1190 1191 1192 1193 1194 1195 1196 1197 1198 1199]] [80 [1200 1201 1202 1203 1204 1205 1206 1207 1208 1209 1210 1211 1212 1213 1214]] [81 [1215 1216 1217 1218 1219 1220 1221 1222 1223 1224 1225 1226 1227 1228 1229]] [82 [1230 1231 1232 1233 1234 1235 1236 1237 1238 1239 1240 1241 1242 1243 1244]] [83 [1245 1246 1247 1248 1249 1250 1251 1252 1253 1254 1255 1256 1257 1258 1259]] [84 [1260 1261 1262 1263 1264 1265 1266 1267 1268 1269 1270 1271 1272 1273 1274]] [85 [1275 1276 1277 1278 1279 1280 1281 1282 1283 1284 1285 1287 1288 1289]] [86 [1290 1291 1292 1293 1295 1296 1297 1298 1299 1300 1301 1302 1303 1304]] [87 [1305 1306 1307 1308 1309 1310 1311 1312 1313 1314 1315 1316 1317 1318 1319]] [88 [1320 1321 1322 1324 1325 1326 1327 1328 1329 1330 1331 1332 1333 1334]] [89 [1335 1336 1337 1338 1339 1340 1342 1343 1344 1345 1346 1347 1348 1349]] [90 [1350 1351 1352 1353 1354 1355 1356 1357 1358 1359 1360 1361 1362 1363 1364]] [91 [1365 1366 1367 1368 1369 1370 1371 1372 1373 1374 1375 1376 1377 1378 1379]] [92 [1380 1381 1382 1383 1384 1385 1386 1387 1388 1389 1390 1391 1392 1393 1394]] [93 [1395 1396 1397 1398 1399 1400 1401 1402 1403 1404 1405 1406 1407 1408 1409]] [94 [1410 1411 1412 1413 1414 1415 1416 1417 1418 1419 1420 1421 1422 1423 1424]] [95 [1425 1426 1427 1428 1429 1430 1431 1432 1433 1434 1435 1436 1437 1438 1439]] [96 [1440 1441 1442 1443 1444 1445 1446 1447 1448 1449 1450 1451 1452 1453 1454]] [97 [1455 1456 1457 1458 1459 1460 1461 1462 1463 1464 1465 1466 1467 1468 1469]] [98 [1470 1471 1472 1473 1474 1475 1476 1477 1478 1479 1480 1481 1482 1483 1484]] [99 [1485 1486 1487 1488 1489 1490 1491 1492 1493 1494 1495 1496 1497 1498 1499]]]","[[0 [1 2 3 4 5 6 7 8 10 11 13]] [1 [16 17 18 19 20 21 22 23 24 25 27 29]] [2 [30 31 32 33 36 37 38 39 40 41 42 43 44]] [3 [45 46 47 48 49 50 51 52 53 54 55 56 58 59]] [4 [60 61 62 63 64 67 68 69 71 72 73]] [5 [75 76 77 78 79 80 81 83 84 85 86 89]] [6 [90 91 92 94 95 96 98 99 100 101 103 104]] [7 [106 107 111 112 114 115 116 117 118 119]] [8 [120 121 122 123 124 125 126 128 130 131 133 134]] [9 [136 137 138 139 140 142 143 144 145 146]] [10 [151 153 154 155 156 158 160 161 162 164]] [11 [165 166 167 172 173 174 175 176 177 178 179]] [12 [180 181 184 185 186 187 188 189 190 191 192 193]] [13 [195 196 197 200 201 202 203 204 206 207 208 209]] [14 [210 211 212 213 214 215 216 217 218 219 220 221 222 223 224]] [15 [225 226 227 228 229 230 231 232 233 234 235 236 237 238 239]] [16 [241 242 243 244 245 246 247 248 249 250 251 252 253 254]] [17 [255 256 257 258 259 260 261 263 264 265 267 268 269]] [18 [270 272 273 274 275 277 278 279 280 281 283 284]] [19 [285 286 287 288 289 290 291 292 293 294 295 296 297 298]] [20 [300 301 302 303 304 305 306 307 308 309 312 313 314]] [21 [315 317 318 320 321 323 324 326 327 328 329]] [22 [330 331 332 333 334 335 336 337 338 339 340 342 343 344]] [23 [345 346 347 348 350 352 353 354 355 356 359]] [24 [360 361 362 363 364 365 366 367 368 369 371]] [25 [375 376 377 379 380 381 382 383 385 386 388 389]] [26 [390 391 392 394 395 397 398 399 400 401 402 403 404]] [27 [406 407 408 409 415 416 418 419]] [28 [420 421 422 426 427 428 429 430 432 433 434]] [29 [435 437 438 439 441 442 443 444 445 446 447]] [30 [450 451 452 453 455 456 457 458 459 463 464]] [31 [465 466 467 468 469 470 472 473 474 475 476]] [32 [480 481 482 483 484 487 488 489 490 491 492 493 494]] [33 [496 497 498 499 500 501 502 504 505 506 507]] [34 [512 513 515 516 518 519 520 522 524]] [35 [525 526 527 528 531 532 533 534 535 536]] [36 [540 541 542 543 544 545 546 547 548 549 550 551 554]] [37 [555 556 557 558 560 561 562 563 564 565 566 567 568 569]] [38 [570 571 572 573 576 577 578 579 581 582 583 584]] [39 [585 586 587 589 590 592 593 594 595 596 597 598 599]] [40 [600 601 602 603 604 606 608 609 610 611 612 613 614]] [41 [615 616 618 619 620 621 622 623 624 626 627 628 629]] [42 [630 631 632 633 634 635 637 638 639 640 641 642 644]] [43 [645 647 648 649 651 652 653 654 655 656 657 658 659]] [44 [660 661 662 663 665 666 668 669 670 671 672 673 674]] [45 [675 676 677 678 679 680 681 682 683 684 685 686 687 688]] [46 [690 692 694 695 696 697 698 699 700]] [47 [705 706 707 708 709 710 711 712 713 715 716 717 718 719]] [48 [721 722 724 725 726 727 728 729 730 731 732 733 734]] [49 [735 737 738 739 740 741 742 743 744 745 746 747 748 749]] [50 [751 752 753 755 756 757 758 759 760 761 762 763 764]] [51 [765 766 767 768 769 771 772 773 774 776 777 778 779]] [52 [780 781 782 783 784 785 786 787 788 789 790 792 793]] [53 [796 798 799 800 801 802 803 804 805 807 808 809]] [54 [810 811 812 814 815 816 817 818 819 820 821 822 823 824]] [55 [825 828 829 830 831 832 833 834 835 836 838 839]] [56 [841 842 843 844 845 846 847 850 851 852 853 854]] [57 [855 856 857 858 859 860 861 863 864 865 866 867 868 869]] [58 [870 872 873 874 875 876 877 878 879 882 884]] [59 [885 886 887 889 890 891 892 893 896 897 898 899]] [60 [900 901 902 903 904 905 906 907 909 910 912 913 914]] [61 [915 916 917 919 920 921 923 924 925 926 927 929]] [62 [930 931 934 935 936 937 938 939 940 941 942 943 944]] [63 [945 946 948 949 952 953 954 956 957 958]] [64 [961 962 963 965 966 967 968 969 970 971 972 973 974]] [65 [975 976 978 979 980 981 982 983 984 985 988 989]] [66 [990 991 992 993 994 995 998 999 1000 1003 1004]] [67 [1005 1006 1007 1009 1010 1011 1012 1013 1015 1016 1017 1018 1019]] [68 [1020 1021 1022 1023 1024 1025 1026 1028 1029 1031 1032 1033 1034]] [69 [1037 1038 1042 1043 1044 1046 1047 1048]] [70 [1050 1051 1052 1053 1054 1055 1060 1061 1062 1063 1064]] [71 [1066 1067 1068 1069 1070 1072 1073 1074 1075 1076 1077 1078]] [72 [1080 1081 1082 1083 1084 1085 1086 1087 1088 1089 1090 1092 1093 1094]] [73 [1095 1096 1097 1098 1099 1101 1102 1103 1104 1105 1106 1108 1109]] [74 [1110 1111 1112 1113 1114 1116 1117 1119 1120 1121 1122 1123 1124]] [75 [1125 1126 1127 1128 1129 1130 1131 1133 1134 1135 1137 1138 1139]] [76 [1140 1141 1142 1143 1144 1146 1147 1148 1149 1151 1152 1153 1154]] [77 [1155 1156 1157 1158 1159 1161 1162 1163 1165 1167 1169]] [78 [1170 1171 1172 1173 1174 1176 1178 1179 1180 1181 1182 1183]] [79 [1185 1186 1187 1188 1189 1191 1192 1193 1195 1196 1197 1199]] [80 [1200 1201 1203 1204 1205 1206 1207 1208 1212 1213 1214]] [81 [1215 1217 1218 1222 1223 1224 1225 1226 1227 1228 1229]] [82 [1230 1231 1232 1233 1234 1235 1237 1238 1240 1241 1242 1243]] [83 [1246 1247 1248 1249 1250 1251 1252 1254 1256 1257 1258 1259]] [84 [1260 1261 1262 1263 1264 1265 1266 1267 1268 1271 1272 1273 1274]] [85 [1275 1276 1277 1278 1279 1280 1281 1282 1283 1285 1287 1288 1289]] [86 [1290 1291 1292 1295 1296 1297 1298 1300 1301 1302 1303 1304]] [87 [1305 1306 1307 1308 1309 1310 1311 1312 1314 1315 1316 1317 1318]] [88 [1320 1321 1324 1325 1326 1327 1328 1329 1330 1331 1332 1333 1334]] [89 [1335 1336 1338 1339 1340 1342 1343 1345 1346 1347 1348 1349]] [90 [1351 1353 1354 1355 1356 1357 1358 1359 1360 1361 1362 1364]] [91 [1365 1366 1367 1368 1369 1371 1372 1373 1374 1377 1378 1379]] [92 [1380 1381 1382 1383 1384 1385 1386 1387 1388 1389 1390 1391 1392 1394]] [93 [1395 1396 1397 1398 1399 1400 1401 1402 1403 1404 1405 1406 1408]] [94 [1410 1411 1412 1414 1415 1416 1417 1418 1419 1420 1421 1422 1423 1424]] [95 [1426 1427 1428 1430 1431 1432 1433 1434 1435 1436 1437 1438]] [96 [1440 1441 1442 1443 1444 1447 1448 1449 1450 1451 1452 1453 1454]] [97 [1455 1456 1457 1458 1459 1461 1462 1463 1464 1465 1466 1467 1468 1469]] [98 [1470 1471 1472 1473 1474 1476 1477 1479 1480 1482 1484]] [99 [1485 1486 1487 1489 1490 1491 1492 1493 1494 1495 1496 1497 1498 1499]]]",,"[[{citizen 40} [[""A"" [2 4]]]] [{media 50} [[""A"" [4 4]]]] [{media 52} [[""A"" [2 2]]]] [{media 54} [[""A"" [3 3]]]] [{media 55} [[""A"" [3 3]]]] [{media 56} [[""A"" [2 2]]]] [{media 57} [[""A"" [2 2]]]] [{media 58} [[""A"" [1 1]]]] [{media 59} [[""A"" [4 4]]]] [{media 63} [[""A"" [3 3]]]] [{media 64} [[""A"" [3 3]]]] [{citizen 4} [[""A"" [2 4]]]] [{citizen 13} [[""A"" [4 4]]]] [{citizen 28} [[""A"" [4 4]]]] [{citizen 10} [[""A"" [4 2]]]] [{media 51} [[""A"" [2 2]]]] [{citizen 18} [[""A"" [2 2]]]] [{media 62} [[""A"" [4 4]]]] [{citizen 9} [[""A"" [4 4]]]] [{citizen 17} [[""A"" [3 2]]]] [{media 53} [[""A"" [4 4]]]] [{citizen 2} [[""A"" [4 4]]]] [{media 61} [[""A"" [3 3]]]] [{citizen 6} [[""A"" [2 2]]]] [{citizen 49} [[""A"" [2 4]]]] [{citizen 1} [[""A"" [4 2]]]] [{citizen 32} [[""A"" [4 4]]]] [{citizen 15} [[""A"" [3 2]]]] [{citizen 0} [[""A"" [2 2]]]] [{citizen 16} [[""A"" [2 4]]]] [{citizen 44} [[""A"" [3 2]]]] [{citizen 25} [[""A"" [3 2]]]] [{citizen 48} [[""A"" [2 4]]]] [{citizen 31} [[""A"" [2 4]]]] [{citizen 43} [[""A"" [2 2]]]] [{citizen 21} [[""A"" [2 4]]]] [{citizen 7} [[""A"" [2 2]]]] [{citizen 5} [[""A"" [2 2]]]] [{citizen 41} [[""A"" [2 4]]]] [{citizen 12} [[""A"" [2 4]]]] [{citizen 3} [[""A"" [4 4]]]] [{citizen 20} [[""A"" [4 4]]]] [{citizen 22} [[""A"" [3 2]]]] [{citizen 19} [[""A"" [2 2]]]] [{citizen 47} [[""A"" [4 4]]]] [{citizen 33} [[""A"" [2 4]]]] [{citizen 24} [[""A"" [3 2]]]] [{citizen 29} [[""A"" [3 2]]]] [{citizen 26} [[""A"" [2 2]]]] [{citizen 37} [[""A"" [4 4]]]] [{citizen 46} [[""A"" [2 4]]]] [{citizen 14} [[""A"" [3 2]]]] [{citizen 38} [[""A"" [4 2]]]] [{citizen 8} [[""A"" [2 2]]]] [{citizen 35} [[""A"" [2 4]]]] [{citizen 45} [[""A"" [4 2]]]] [{citizen 30} [[""A"" [2 2]]]] [{citizen 23} [[""A"" [2 2]]]] [{citizen 36} [[""A"" [2 4]]]] [{media 60} [[""A"" [4 4]]]] [{citizen 39} [[""A"" [4 4]]]] [{citizen 27} [[""A"" [2 2]]]] [{citizen 42} [[""A"" [4 4]]]] [{citizen 11} [[""A"" [2 4]]]]]"
"35","[85 0 170]","85.40816326530611","14.364930026654438","1.2002607938404888","""circle""","""""","9.9","{breed citizens}","false","0.5","1","""up""",,"[[""ID"" 30] [""alpha"" 1] [""beta"" 1] [""malleable"" [""A""]] [""prior"" []] [""cont_tokens"" []] [""A"" 4]]","[[0 [0 1 2 3 4 5 6 7 8 9 10 11 12 13 14]] [1 [15 16 17 18 19 20 21 22 23 24 25 26 27 28 29]] [2 [30 31 32 33 34 35 36 37 38 39 40 41 42 43 44]] [3 [45 46 47 48 49 50 51 52 53 54 55 56 57 58 59]] [4 [60 61 62 63 64 65 66 67 68 69 70 71 72 73 74]] [5 [75 76 77 78 79 80 81 82 83 84 85 86 87 88 89]] [6 [90 91 92 93 94 95 96 97 98 99 100 101 102 103 104]] [7 [105 106 107 108 109 110 111 112 113 114 115 116 117 118 119]] [8 [120 121 122 123 124 125 126 127 128 129 130 131 132 133 134]] [9 [135 136 137 138 139 140 141 142 143 144 145 146 147 148 149]] [10 [150 151 152 153 154 155 156 157 158 159 160 161 162 163 164]] [11 [165 166 167 168 169 170 171 172 173 174 175 176 177 178 179]] [12 [180 181 183 184 185 186 187 188 189 190 191 192 193 194]] [13 [195 196 197 198 199 200 201 202 203 204 205 206 207 208 209]] [14 [210 211 212 213 214 215 216 217 218 219 220 221 222 223 224]] [15 [225 226 227 228 229 230 231 232 233 234 235 236 237 238 239]] [16 [241 242 243 244 245 246 247 248 249 250 251 252 253 254]] [17 [255 256 257 258 259 260 261 262 263 264 265 266 267 268 269]] [18 [270 271 272 273 274 275 276 277 278 279 280 281 282 283 284]] [19 [285 286 287 288 289 290 291 292 293 294 295 296 297 298 299]] [20 [300 301 302 303 304 305 306 307 308 309 310 311 312 313 314]] [21 [315 316 317 318 319 320 321 322 323 324 325 326 327 328 329]] [22 [330 331 332 333 334 335 336 337 338 339 340 341 342 343 344]] [23 [345 346 347 348 349 350 351 352 353 354 355 356 357 358 359]] [24 [360 361 362 363 364 365 366 367 368 369 370 371 372 373 374]] [25 [375 376 377 378 379 380 381 382 383 384 385 386 387 388 389]] [26 [390 391 392 393 394 395 396 397 398 399 400 401 402 403 404]] [27 [405 406 407 408 409 410 411 412 413 414 415 416 417 418 419]] [28 [420 421 422 424 425 426 427 428 429 430 431 432 433 434]] [29 [435 436 437 438 439 440 441 442 443 444 445 446 447 448 449]] [30 [450 451 452 453 454 455 456 457 458 459 460 461 462 463 464]] [31 [465 466 467 468 469 470 471 472 473 474 475 476 477 478 479]] [32 [480 481 482 483 484 485 486 487 488 489 490 491 492 493 494]] [33 [495 496 497 498 499 500 501 502 503 504 505 506 507 508 509]] [34 [510 511 512 513 514 515 516 517 518 519 520 521 522 523 524]] [35 [525 526 527 528 529 530 531 532 533 534 535 536 537 538 539]] [36 [540 541 542 543 544 545 546 547 548 549 550 551 552 553 554]] [37 [555 556 557 558 559 560 561 562 563 564 565 566 567 568 569]] [38 [570 571 572 573 574 575 576 577 578 579 580 581 582 583 584]] [39 [585 586 587 588 589 590 592 593 594 595 596 597 598 599]] [40 [600 601 602 603 604 605 606 607 608 609 610 611 612 613 614]] [41 [615 616 617 618 619 620 621 622 623 624 626 627 628 629]] [42 [630 631 632 633 634 635 636 637 638 639 640 641 642 643 644]] [43 [645 646 647 648 649 650 651 652 653 654 655 656 657 658 659]] [44 [660 661 662 663 664 665 666 667 668 669 670 671 672 673 674]] [45 [675 676 677 678 679 680 681 682 683 684 685 686 687 688]] [46 [690 691 692 693 694 695 696 697 698 699 700 701 702 703 704]] [47 [705 706 707 708 709 710 711 712 713 715 716 717 718 719]] [48 [720 721 722 724 725 726 727 728 729 730 731 732 733 734]] [49 [735 736 737 738 739 740 741 742 743 744 745 746 747 748 749]] [50 [750 751 752 753 754 755 756 757 758 759 760 761 762 763 764]] [51 [765 766 767 768 769 770 771 772 773 774 775 776 777 778 779]] [52 [780 781 782 783 784 785 786 787 788 789 790 791 792 793 794]] [53 [795 796 797 798 799 800 801 802 803 804 805 806 807 808 809]] [54 [810 811 812 813 814 815 816 817 818 819 820 821 822 823 824]] [55 [825 826 827 828 829 830 831 832 833 834 835 836 837 838 839]] [56 [840 841 842 843 844 845 846 847 848 849 850 851 852 853 854]] [57 [855 856 857 858 859 860 861 862 863 864 865 866 867 868 869]] [58 [870 871 872 873 874 875 876 877 878 879 881 882 883 884]] [59 [885 886 887 888 889 890 891 892 893 894 895 896 897 898 899]] [60 [900 901 902 903 904 905 906 907 908 909 910 911 912 913 914]] [61 [915 916 917 918 919 920 921 922 923 924 925 926 927 928 929]] [62 [930 931 932 933 934 935 936 937 938 939 940 941 942 943 944]] [63 [945 946 948 949 950 951 952 953 954 955 956 957 958 959]] [64 [960 961 962 963 964 965 966 967 968 969 970 971 972 973 974]] [65 [975 976 977 978 979 980 981 982 983 984 985 986 987 988 989]] [66 [990 991 992 993 994 995 996 997 998 999 1000 1001 1002 1003 1004]] [67 [1005 1006 1007 1009 1010 1011 1012 1013 1014 1015 1016 1017 1018 1019]] [68 [1020 1021 1022 1023 1024 1025 1026 1027 1028 1029 1030 1031 1032 1033 1034]] [69 [1035 1036 1037 1038 1040 1042 1043 1044 1046 1047 1048]] [70 [1050 1051 1052 1053 1054 1055 1056 1057 1058 1059 1060 1061 1062 1063 1064]] [71 [1065 1066 1067 1068 1069 1070 1071 1072 1073 1074 1075 1076 1077 1078 1079]] [72 [1080 1081 1082 1083 1084 1085 1086 1087 1088 1089 1090 1091 1092 1093 1094]] [73 [1095 1096 1097 1098 1099 1100 1101 1102 1103 1104 1105 1106 1107 1108 1109]] [74 [1110 1111 1112 1113 1114 1115 1116 1117 1118 1119 1120 1121 1122 1123 1124]] [75 [1125 1126 1127 1128 1129 1130 1131 1132 1133 1134 1135 1136 1137 1138 1139]] [76 [1140 1141 1142 1143 1144 1145 1146 1147 1148 1149 1150 1151 1152 1153 1154]] [77 [1155 1156 1157 1158 1159 1160 1161 1162 1163 1164 1165 1166 1167 1168 1169]] [78 [1170 1171 1172 1173 1174 1175 1176 1177 1178 1179 1180 1181 1182 1183 1184]] [79 [1185 1186 1187 1188 1189 1190 1191 1192 1193 1194 1195 1196 1197 1198 1199]] [80 [1200 1201 1202 1203 1204 1205 1206 1207 1208 1209 1210 1211 1212 1213 1214]] [81 [1215 1216 1217 1218 1219 1220 1221 1222 1223 1224 1225 1226 1227 1228 1229]] [82 [1230 1231 1232 1233 1234 1235 1236 1237 1238 1239 1240 1241 1242 1243 1244]] [83 [1245 1246 1247 1248 1249 1250 1251 1252 1253 1254 1255 1256 1257 1258 1259]] [84 [1260 1261 1262 1263 1264 1265 1266 1267 1268 1269 1270 1271 1272 1273 1274]] [85 [1275 1276 1277 1278 1279 1280 1281 1282 1283 1284 1285 1287 1288 1289]] [86 [1290 1291 1292 1293 1295 1296 1297 1298 1299 1300 1301 1302 1303 1304]] [87 [1305 1306 1307 1308 1309 1310 1311 1312 1313 1314 1315 1316 1317 1318 1319]] [88 [1320 1321 1322 1324 1325 1326 1327 1328 1329 1330 1331 1332 1333 1334]] [89 [1335 1336 1337 1338 1339 1340 1342 1343 1344 1345 1346 1347 1348 1349]] [90 [1350 1351 1352 1353 1354 1355 1356 1357 1358 1359 1360 1361 1362 1363 1364]] [91 [1365 1366 1367 1368 1369 1370 1371 1372 1373 1374 1375 1376 1377 1378 1379]] [92 [1380 1381 1382 1383 1384 1385 1386 1387 1388 1389 1390 1391 1392 1393 1394]] [93 [1395 1396 1397 1398 1399 1400 1401 1402 1403 1404 1405 1406 1407 1408 1409]] [94 [1410 1411 1412 1413 1414 1415 1416 1417 1418 1419 1420 1421 1422 1423 1424]] [95 [1425 1426 1427 1428 1429 1430 1431 1432 1433 1434 1435 1436 1437 1438 1439]] [96 [1440 1441 1442 1443 1444 1445 1446 1447 1448 1449 1450 1451 1452 1453 1454]] [97 [1455 1456 1457 1458 1459 1460 1461 1462 1463 1464 1465 1466 1467 1468 1469]] [98 [1470 1471 1472 1473 1474 1475 1476 1477 1478 1479 1480 1481 1482 1483 1484]] [99 [1485 1486 1487 1488 1489 1490 1491 1492 1493 1494 1495 1496 1497 1498 1499]]]","[[0 [9 10 11 13]] [1 [16 17 18 19 20 21 22 23 25 27 28 29]] [2 [30 31 32 33 36 37 38 39 40 41 42 43 44]] [3 [45 46 47 48 49 50 51 52 53 54 55 56 58]] [4 [60 61 62 63 64 66 70 71 72 73 74]] [5 [75 76 77 78 79 80 82 84 85 87 88 89]] [6 [90 91 92 94 95 96 97 98 99 100 101 102 103 104]] [7 [106 107 109 110 111 112 114 115 116 117 118 119]] [8 [120 121 122 123 125 126 128 129 130 131 133 134]] [9 [136 137 138 141 142 143 144 145 146]] [10 [151 153 154 155 156 158 159 160 161 162 164]] [11 [165 166 167 170 171 172 173 174 175 176 177 178 179]] [12 [180 181 184 185 186 187 188 189 191 192 193]] [13 [195 196 197 199 200 201 202 204 206 207 208 209]] [14 [210 211 212 217 218 219 220 221 222 224]] [15 [225 226 227 228 229 230 231 232 233 235 236 237 238 239]] [16 [241 242 243 244 245 246 247 248 249 250 251 252 254]] [17 [255 256 257 258 259 260 261 263 264 265 266 269]] [18 [270 272 273 275 277 278 279 280 281 282 283 284]] [19 [285 286 287 288 289 290 291 292 293 294 295 297 298]] [20 [300 301 302 303 304 305 306 307 308 309 312 313 314]] [21 [315 316 319 320 321 323 325 327 328 329]] [22 [330 331 332 333 336 337 338 339 341 343 344]] [23 [345 346 347 348 349 350 352 353 354 355 356 357 358]] [24 [363 364 365 366 367 368 369 370 372 373 374]] [25 [378 379 380 381 382 383 386 387 388 389]] [26 [390 391 393 395 396 397 398 399 400 401 402 403 404]] [27 [406 407 408 409 411 412 413 414 415 417 418 419]] [28 [420 421 422 424 425 427 428 429 430 432 433 434]] [29 [435 436 437 438 439 440 441 442 443 444 448 449]] [30 [450 451 452 453 454 455 456 457 458 459 460 461 462 463 464]] [31 [465 466 467 468 469 470 471 472 473 474 475 476 477 478 479]] [32 [480 481 482 483 484 487 488 489 491 492 493 494]] [33 [496 497 498 499 500 501 502 504 505 506 508 509]] [34 [510 511 512 513 515 516 518 519 520 521 523 524]] [35 [525 526 527 528 530 531 532 533 534 535 536]] [36 [540 542 543 544 545 546 547 548 549 550 551 554]] [37 [555 556 557 558 560 561 564 565 567 569]] [38 [570 572 573 574 575 576 577 578 579 581 582 583 584]] [39 [585 586 587 589 590 592 593 594 595 596 597 598 599]] [40 [600 601 602 603 605 606 608 609 610 611 612 613 614]] [41 [615 616 618 619 620 621 622 624 626 627 628 629]] [42 [630 631 632 633 634 635 637 638 639 640 641 642 643 644]] [43 [645 647 648 649 651 652 653 655 656 657]] [44 [660 661 662 663 664 665 666 667 669 670 671 672 673 674]] [45 [675 676 677 678 679 680 682 683 685 686 687 688]] [46 [690 692 694 695 696 697 698 699 701 702 703 704]] [47 [705 706 708 709 710 711 712 713 715 716 717 719]] [48 [721 722 724 725 726 727 728 729 730 732 733]] [49 [735 736 738 739 740 741 742 743 744 745 746 747 748 749]] [50 [751 752 753 755 756 757 758 759 760 761 762 763 764]] [51 [765 766 767 768 770 772 773 774 776 777 778 779]] [52 [780 781 782 783 784 785 786 787 788 789 790 791 792 793]] [53 [796 798 799 800 802 803 804 806 807 808 809]] [54 [810 811 812 814 815 816 817 819 820 821 822 823 824]] [55 [825 826 827 829 830 831 832 833 834 835 836 838 839]] [56 [840 841 842 843 844 845 846 847 850 851 852 853 854]] [57 [856 857 858 859 860 862 863 864 865 866 867 868 869]] [58 [870 872 873 874 876 877 878 879 881 882 883 884]] [59 [885 886 887 888 889 890 891 892 893 896 897 898 899]] [60 [900 901 902 903 905 906 907 909 910 912 913]] [61 [915 916 917 919 920 921 923 924 925 926 927]] [62 [931 935 936 937 938 941 942 943 944]] [63 [945 946 950 951 952 953 954 955 956 957 958 959]] [64 [960 962 963 964 965 966 968 969 970 971 972 973 974]] [65 [975 977 978 979 980 981 983 984 985 988 989]] [66 [990 991 992 993 994 995 998 999 1001 1002 1003 1004]] [67 [1006 1007 1009 1010 1011 1012 1014 1016 1017 1018 1019]] [68 [1020 1021 1022 1023 1024 1025 1026 1028 1029 1031 1032 1033 1034]] [69 [1037 1038 1040 1042 1043 1044 1046 1047 1048]] [70 [1050 1051 1052 1053 1054 1055 1058 1059 1060 1061 1062 1063]] [71 [1065 1067 1068 1069 1070 1071 1073 1074 1076 1077 1078 1079]] [72 [1080 1081 1083 1084 1085 1086 1088 1089 1090 1092 1093 1094]] [73 [1096 1097 1098 1099 1101 1102 1103 1104 1105 1106 1107 1108]] [74 [1110 1111 1112 1113 1114 1115 1116 1117 1120 1121 1122 1123]] [75 [1125 1126 1127 1128 1129 1130 1131 1132 1134 1135 1137 1138 1139]] [76 [1141 1142 1143 1144 1145 1146 1147 1148 1149 1150 1151 1152 1153 1154]] [77 [1155 1156 1157 1158 1159 1161 1163 1165 1166 1167 1168 1169]] [78 [1170 1171 1172 1173 1174 1176 1177 1178 1179 1180 1181 1182 1183]] [79 [1185 1186 1187 1188 1189 1190 1192 1194 1195 1196 1197 1198 1199]] [80 [1200 1201 1203 1205 1206 1207 1208 1212 1213 1214]] [81 [1215 1216 1217 1218 1220 1221 1223 1224 1225 1226 1227 1228 1229]] [82 [1230 1231 1232 1233 1234 1235 1236 1237 1238 1240 1241 1242 1243]] [83 [1246 1247 1248 1249 1250 1251 1252 1254 1256 1257 1258 1259]] [84 [1260 1261 1262 1263 1264 1265 1266 1267 1268 1270 1271 1272 1273 1274]] [85 [1276 1277 1278 1279 1280 1281 1282 1283 1284 1285 1287 1288 1289]] [86 [1290 1291 1292 1293 1296 1297 1298 1300 1301 1302 1303 1304]] [87 [1305 1306 1307 1308 1309 1310 1311 1312 1316 1317 1318]] [88 [1320 1321 1322 1325 1326 1327 1328 1329 1330 1332 1333 1334]] [89 [1335 1337 1339 1340 1342 1343 1344 1345 1346 1347 1348 1349]] [90 [1351 1352 1353 1354 1355 1356 1357 1358 1359 1360 1361 1362 1364]] [91 [1365 1366 1367 1368 1369 1370 1371 1372 1373 1374 1377 1378 1379]] [92 [1380 1381 1382 1383 1384 1385 1386 1387 1388 1389 1390 1391 1392 1394]] [93 [1395 1396 1397 1398 1399 1400 1401 1402 1403 1404 1405 1407 1409]] [94 [1410 1411 1412 1415 1416 1417 1419 1420 1421 1422 1423 1424]] [95 [1426 1427 1428 1430 1431 1432 1433 1434 1435 1437 1438]] [96 [1440 1441 1442 1443 1444 1445 1446 1447 1448 1449 1452 1453 1454]] [97 [1455 1456 1457 1459 1461 1463 1464 1466 1467 1468 1469]] [98 [1470 1471 1472 1473 1474 1475 1476 1477 1478 1479 1480 1481 1483 1484]] [99 [1485 1486 1487 1489 1490 1491 1492 1493 1494 1495 1496 1497 1498 1499]]]",,"[[{media 50} [[""A"" [4 4]]]] [{media 52} [[""A"" [2 2]]]] [{media 54} [[""A"" [3 3]]]] [{media 55} [[""A"" [3 3]]]] [{media 56} [[""A"" [2 2]]]] [{media 57} [[""A"" [2 2]]]] [{media 58} [[""A"" [1 1]]]] [{media 59} [[""A"" [4 4]]]] [{media 63} [[""A"" [3 3]]]] [{media 64} [[""A"" [3 3]]]] [{media 60} [[""A"" [4 4]]]] [{citizen 1} [[""A"" [4 2]]]] [{citizen 5} [[""A"" [4 3]]]] [{citizen 4} [[""A"" [2 4]]]] [{citizen 12} [[""A"" [2 4]]]] [{media 51} [[""A"" [2 2]]]] [{media 62} [[""A"" [4 4]]]] [{citizen 9} [[""A"" [2 4]]]] [{media 53} [[""A"" [4 4]]]] [{citizen 3} [[""A"" [4 4]]]] [{media 61} [[""A"" [3 3]]]] [{citizen 6} [[""A"" [3 2]]]] [{citizen 49} [[""A"" [2 4]]]] [{citizen 32} [[""A"" [4 4]]]] [{citizen 15} [[""A"" [3 3]]]] [{citizen 0} [[""A"" [4 3]]]] [{citizen 17} [[""A"" [3 2]]]] [{citizen 16} [[""A"" [3 4]]]] [{citizen 44} [[""A"" [3 3]]]] [{citizen 2} [[""A"" [4 4]]]] [{citizen 37} [[""A"" [4 4]]]] [{citizen 26} [[""A"" [3 2]]]] [{citizen 29} [[""A"" [3 3]]]] [{citizen 25} [[""A"" [3 2]]]] [{citizen 48} [[""A"" [3 4]]]] [{citizen 31} [[""A"" [2 4]]]] [{citizen 43} [[""A"" [3 2]]]] [{citizen 21} [[""A"" [4 4]]]] [{citizen 7} [[""A"" [3 2]]]] [{citizen 41} [[""A"" [4 2]]]] [{citizen 20} [[""A"" [3 4]]]] [{citizen 22} [[""A"" [3 2]]]] [{citizen 19} [[""A"" [3 2]]]] [{citizen 47} [[""A"" [3 4]]]] [{citizen 33} [[""A"" [2 4]]]] [{citizen 10} [[""A"" [3 4]]]] [{citizen 24} [[""A"" [3 2]]]] [{citizen 14} [[""A"" [3 4]]]] [{citizen 38} [[""A"" [4 2]]]] [{citizen 8} [[""A"" [4 4]]]] [{citizen 23} [[""A"" [3 2]]]] [{citizen 36} [[""A"" [3 4]]]] [{citizen 34} [[""A"" [2 4]]]] [{citizen 46} [[""A"" [3 4]]]] [{citizen 39} [[""A"" [4 4]]]] [{citizen 28} [[""A"" [4 4]]]] [{citizen 13} [[""A"" [4 4]]]] [{citizen 27} [[""A"" [3 2]]]] [{citizen 18} [[""A"" [3 2]]]] [{citizen 40} [[""A"" [4 4]]]] [{citizen 42} [[""A"" [4 4]]]] [{citizen 30} [[""A"" [3 2]]]] [{citizen 45} [[""A"" [4 2]]]] [{citizen 11} [[""A"" [2 4]]]]]"
"36","[85 0 170]","94.59183673469389","13.825782481528401","-0.7955641360137491","""circle""","""""","9.9","{breed citizens}","false","0.5","1","""up""",,"[[""ID"" 26] [""alpha"" 1] [""beta"" 1] [""malleable"" [""A""]] [""prior"" []] [""cont_tokens"" []] [""A"" 4]]","[[0 [0 1 2 3 4 5 6 7 8 9 10 11 12 13 14]] [1 [15 16 17 18 19 20 21 22 23 24 25 26 27 28 29]] [2 [30 31 32 33 34 35 36 37 38 39 40 41 42 43 44]] [3 [45 46 47 48 49 50 51 52 53 54 55 56 57 58 59]] [4 [60 61 62 63 64 65 66 67 68 69 70 71 72 73 74]] [5 [75 76 77 78 79 80 81 82 83 84 85 86 87 88 89]] [6 [90 91 92 93 94 95 96 97 98 99 100 101 102 103 104]] [7 [105 106 107 108 109 110 111 112 113 114 115 116 117 118 119]] [8 [120 121 122 123 124 125 126 127 128 129 130 131 132 133 134]] [9 [135 136 137 138 139 140 141 142 143 144 145 146 147 148 149]] [10 [150 151 152 153 154 155 156 157 158 159 160 161 162 163 164]] [11 [165 166 167 168 169 170 171 172 173 174 175 176 177 178 179]] [12 [180 181 183 184 185 186 187 188 189 190 191 192 193 194]] [13 [195 196 197 198 199 200 201 202 203 204 205 206 207 208 209]] [14 [210 211 212 213 214 215 216 217 218 219 220 221 222 223 224]] [15 [225 226 227 228 229 230 231 232 233 234 235 236 237 238 239]] [16 [241 242 243 244 245 246 247 248 249 250 251 252 253 254]] [17 [255 256 257 258 259 260 261 262 263 264 265 266 267 268 269]] [18 [270 271 272 273 274 275 276 277 278 279 280 281 282 283 284]] [19 [285 286 287 288 289 290 291 292 293 294 295 296 297 298 299]] [20 [300 301 302 303 304 305 306 307 308 309 310 311 312 313 314]] [21 [315 316 317 318 319 320 321 322 323 324 325 326 327 328 329]] [22 [330 331 332 333 334 335 336 337 338 339 340 341 342 343 344]] [23 [345 346 347 348 349 350 351 352 353 354 355 356 357 358 359]] [24 [360 361 362 363 364 365 366 367 368 369 370 371 372 373 374]] [25 [375 376 377 378 379 380 381 382 383 384 385 386 387 388 389]] [26 [390 391 392 393 394 395 396 397 398 399 400 401 402 403 404]] [27 [405 406 407 408 409 410 411 412 413 414 415 416 417 418 419]] [28 [420 421 422 424 425 426 427 428 429 430 431 432 433 434]] [29 [435 436 437 438 439 440 441 442 443 444 445 446 447 448 449]] [30 [450 451 452 453 454 455 456 457 458 459 460 461 462 463 464]] [31 [465 466 467 468 469 470 471 472 473 474 475 476 477 478 479]] [32 [480 481 482 483 484 485 486 487 488 489 490 491 492 493 494]] [33 [495 496 497 498 499 500 501 502 503 504 505 506 507 508 509]] [34 [510 511 512 513 514 515 516 517 518 519 520 521 522 523 524]] [35 [525 526 527 528 529 530 531 532 533 534 535 536 537 538 539]] [36 [540 541 542 543 544 545 546 547 548 549 550 551 553 554]] [37 [555 556 557 558 559 560 561 562 563 564 565 566 567 568 569]] [38 [570 571 572 573 574 575 576 577 578 579 580 581 582 583 584]] [39 [585 586 587 588 589 590 592 593 594 595 596 597 598 599]] [40 [600 601 602 603 604 605 606 607 608 609 610 611 612 613 614]] [41 [615 616 617 618 619 620 621 622 623 624 626 627 628 629]] [42 [630 631 632 633 634 635 636 637 638 639 640 641 642 643 644]] [43 [645 646 647 648 649 650 651 652 653 654 655 656 657 658 659]] [44 [660 661 662 663 664 665 666 667 668 669 670 671 672 673 674]] [45 [675 676 677 678 679 680 681 682 683 684 685 686 687 688]] [46 [690 691 692 693 694 695 696 697 698 699 700 701 702 703 704]] [47 [705 706 707 708 709 710 711 712 713 714 715 716 717 718 719]] [48 [720 721 722 724 725 726 727 728 729 730 731 732 733 734]] [49 [735 736 737 738 739 740 741 742 743 744 745 746 747 748 749]] [50 [750 751 752 753 754 755 756 757 758 759 760 761 762 763 764]] [51 [765 766 767 768 769 770 771 772 773 774 775 776 777 778 779]] [52 [780 781 782 783 784 785 786 787 788 789 790 791 792 793 794]] [53 [795 796 797 798 799 800 801 802 803 804 805 806 807 808 809]] [54 [810 811 812 813 814 815 816 817 818 819 820 821 822 823 824]] [55 [825 826 827 828 829 830 831 832 833 834 835 836 837 838 839]] [56 [840 841 842 843 844 845 846 847 848 849 850 851 852 853 854]] [57 [855 856 857 858 859 860 861 862 863 864 865 866 867 868 869]] [58 [870 871 872 873 874 875 876 877 878 879 881 882 883 884]] [59 [885 886 887 888 889 890 891 892 893 894 895 896 897 898 899]] [60 [900 901 902 903 904 905 906 907 908 909 910 911 912 913 914]] [61 [915 916 917 918 919 920 921 922 923 924 925 926 927 928 929]] [62 [930 931 932 933 934 935 936 937 938 939 940 941 942 943 944]] [63 [945 946 948 949 950 951 952 953 954 955 956 957 958 959]] [64 [960 961 962 963 964 965 966 967 968 969 970 971 972 973 974]] [65 [975 976 977 978 979 980 981 982 983 984 985 986 987 988 989]] [66 [990 991 992 993 994 995 996 997 998 999 1000 1001 1002 1003 1004]] [67 [1005 1006 1007 1009 1010 1011 1012 1013 1014 1015 1016 1017 1018 1019]] [68 [1020 1021 1022 1023 1024 1025 1026 1027 1028 1029 1030 1031 1032 1033 1034]] [69 [1035 1036 1037 1038 1040 1042 1043 1044 1046 1047 1048]] [70 [1050 1051 1052 1053 1054 1055 1056 1057 1058 1059 1060 1061 1062 1063 1064]] [71 [1065 1066 1067 1068 1069 1070 1071 1072 1073 1074 1075 1076 1077 1078 1079]] [72 [1080 1081 1082 1083 1084 1085 1086 1087 1088 1089 1090 1091 1092 1093 1094]] [73 [1095 1096 1097 1098 1099 1100 1101 1102 1103 1104 1105 1106 1107 1108 1109]] [74 [1110 1111 1112 1113 1114 1115 1116 1117 1118 1119 1120 1121 1122 1123 1124]] [75 [1125 1126 1127 1128 1129 1130 1131 1132 1133 1134 1135 1136 1137 1138 1139]] [76 [1140 1141 1142 1143 1144 1145 1146 1147 1148 1149 1150 1151 1152 1153 1154]] [77 [1155 1156 1157 1158 1159 1160 1161 1162 1163 1164 1165 1166 1167 1168 1169]] [78 [1170 1171 1172 1173 1174 1175 1176 1177 1178 1179 1180 1181 1182 1183 1184]] [79 [1185 1186 1187 1188 1189 1190 1191 1192 1193 1194 1195 1196 1197 1198 1199]] [80 [1200 1201 1202 1203 1204 1205 1206 1207 1208 1209 1210 1211 1212 1213 1214]] [81 [1215 1216 1217 1218 1219 1220 1221 1222 1223 1224 1225 1226 1227 1228 1229]] [82 [1230 1231 1232 1233 1234 1235 1236 1237 1238 1239 1240 1241 1242 1243 1244]] [83 [1245 1246 1247 1248 1249 1250 1251 1252 1253 1254 1255 1256 1257 1258 1259]] [84 [1260 1261 1262 1263 1264 1265 1266 1267 1268 1269 1270 1271 1272 1273 1274]] [85 [1275 1276 1277 1278 1279 1280 1281 1282 1283 1284 1285 1287 1288 1289]] [86 [1290 1291 1292 1293 1295 1296 1297 1298 1299 1300 1301 1302 1303 1304]] [87 [1305 1306 1307 1308 1309 1310 1311 1312 1313 1314 1315 1316 1317 1318 1319]] [88 [1320 1321 1322 1324 1325 1326 1327 1328 1329 1330 1331 1332 1333 1334]] [89 [1335 1336 1337 1338 1339 1340 1342 1343 1344 1345 1346 1347 1348 1349]] [90 [1350 1351 1352 1353 1354 1355 1356 1357 1358 1359 1360 1361 1362 1363 1364]] [91 [1365 1366 1367 1368 1369 1370 1371 1372 1373 1374 1375 1376 1377 1378 1379]] [92 [1380 1381 1382 1383 1384 1385 1386 1387 1388 1389 1390 1391 1392 1393 1394]] [93 [1395 1396 1397 1398 1399 1400 1401 1402 1403 1404 1405 1406 1407 1408 1409]] [94 [1410 1411 1412 1413 1414 1415 1416 1417 1418 1419 1420 1421 1422 1423 1424]] [95 [1425 1426 1427 1428 1429 1430 1431 1432 1433 1434 1435 1436 1437 1438 1439]] [96 [1440 1441 1442 1443 1444 1445 1446 1447 1448 1449 1450 1451 1452 1453 1454]] [97 [1455 1456 1457 1458 1459 1460 1461 1462 1463 1464 1465 1466 1467 1468 1469]] [98 [1470 1471 1472 1473 1474 1475 1476 1477 1478 1479 1480 1481 1482 1483 1484]] [99 [1485 1486 1487 1488 1489 1490 1491 1492 1493 1494 1495 1496 1497 1498 1499]]]","[[0 [0 1 2 3 4 5 6 7 8 9 10 11 13 14]] [1 [15 16 17 18 19 20 21 22 23 24 25 26 28]] [2 [30 31 32 33 36 37 38 39 40 41 42]] [3 [47 48 50 51 52 53 54 55 56 58 59]] [4 [60 61 62 63 64 65 66 67 68 69 71 72 73]] [5 [75 76 77 78 79 80 81 83 84 85 87 88 89]] [6 [90 91 92 94 95 96 97 98 99 100 101 102 103 104]] [7 [106 107 108 109 110 111 112 113 114 115 116 117 118 119]] [8 [120 121 122 123 126 128 130 131 133 134]] [9 [135 137 139 140 141 142 143 144 145 146]] [10 [151 152 153 154 155 156 157 158 159 160 161 162 164]] [11 [165 166 167 172 173 174 176 177 178 179]] [12 [180 181 184 185 186 187 188 189 190 191 192 193]] [13 [195 196 197 200 201 202 203 204 206 207 208 209]] [14 [210 211 213 214 215 216 217 218 219 220 221 222 224]] [15 [225 226 229 230 231 232 233 234 235 236 237 238 239]] [16 [241 242 243 244 245 246 247 248 249 250 251 252 254]] [17 [255 256 257 258 261 262 265 266 267 268 269]] [18 [270 272 273 275 277 280 281 282 283 284]] [19 [285 286 287 288 289 290 291 292 293 294 296 297 298 299]] [20 [301 302 303 304 305 306 307 308 309 312 313 314]] [21 [315 316 319 320 321 322 323 324 325 326 327 328 329]] [22 [330 331 332 333 336 337 338 339 340 342 343 344]] [23 [345 347 348 349 351 352 353 354 355 356 359]] [24 [360 361 362 363 364 365 366 367 368 369 371 372 373 374]] [25 [378 379 380 381 382 383 384 385 386 388 389]] [26 [390 391 393 395 397 398 399 400 401 402 403 404]] [27 [405 406 407 408 409 415 417 418 419]] [28 [420 421 422 424 425 426 427 428 429 430 432 433 434]] [29 [435 438 439 440 441 442 443 444 445 446 447 449]] [30 [450 451 452 453 455 456 457 458 459]] [31 [465 466 467 468 469 470 472 473 474 475 476 477 478 479]] [32 [480 481 482 483 484 486 487 488 489 491 492 493 494]] [33 [496 497 498 499 500 501 502 503 504 505 506 507]] [34 [513 514 515 516 518 519 520 522 524]] [35 [525 526 527 528 529 530 531 532 533 534 535 536 537 538 539]] [36 [541 542 543 544 545 546 547 548 549 550 551 553]] [37 [555 556 558 560 561 564 565 567 569]] [38 [570 571 572 574 575 576 577 578 579 581 582 583 584]] [39 [585 586 587 590 592 593 594 595 596 598 599]] [40 [600 601 602 603 604 607 609 610 611 612 613 614]] [41 [615 616 618 619 620 621 623 624 626 627 628 629]] [42 [630 631 632 633 634 635 636 637 638 639 640 641 642 644]] [43 [645 646 648 649 651 652 653 654 655 656 657 659]] [44 [661 663 664 665 666 668 670 671 672 673 674]] [45 [675 676 677 678 679 680 681 682 683 684 685 686 687 688]] [46 [690 691 693 694 695 696 697 698 699 700]] [47 [705 706 707 709 710 711 712 713 715 716 717 718 719]] [48 [721 722 724 725 726 727 728 729 730 731 732 733]] [49 [735 737 738 739 740 741 742 743 744 745 748 749]] [50 [751 752 753 754 755 756 757 758 759 760 761 762 763 764]] [51 [765 766 767 768 770 772 773 774 779]] [52 [780 781 782 783 784 785 786 787 788 789 790 791 792 793]] [53 [796 798 799 800 801 802 803 804 805 806 807 808 809]] [54 [810 811 812 813 815 816 817 819 820 822 824]] [55 [825 826 827 829 830 831 832 833 835 836 838 839]] [56 [840 841 842 843 844 845 846 847 848 849 850 851 852 853 854]] [57 [855 857 858 859 860 861 862 863 864 865 866 867 868 869]] [58 [870 873 874 875 876 877 878 879 882 883 884]] [59 [885 886 887 890 891 892 893 896 897 898 899]] [60 [900 901 902 903 905 906 907 908 910 911 912 913]] [61 [915 916 917 918 919 920 921 922 923 924 925 926 927 929]] [62 [930 932 933 934 935 936 937 938 941 942 943 944]] [63 [945 946 950 951 952 953 954 955 956 957 958 959]] [64 [960 961 962 963 964 965 966 967 969 970 971 972 973 974]] [65 [975 976 978 979 980 981 983 984 985 988 989]] [66 [990 991 992 993 994 995 998 999 1001 1002 1003 1004]] [67 [1006 1007 1009 1010 1011 1012 1014 1015 1016 1017 1018 1019]] [68 [1020 1021 1022 1023 1024 1025 1026 1027 1028 1029 1031 1032 1033 1034]] [69 [1036 1037 1038 1042 1043 1044 1046 1047 1048]] [70 [1051 1052 1053 1054 1055 1058 1059 1060 1061 1062 1063 1064]] [71 [1066 1067 1068 1069 1070 1072 1073 1074 1075 1076 1077 1078 1079]] [72 [1080 1081 1082 1083 1084 1086 1088 1089 1090 1092 1093 1094]] [73 [1096 1097 1098 1099 1101 1102 1103 1104 1105 1106 1107 1108]] [74 [1110 1111 1114 1115 1118 1119 1120 1121 1122 1123]] [75 [1125 1126 1127 1128 1129 1130 1131 1132 1134 1135 1137 1138 1139]] [76 [1141 1143 1144 1145 1146 1147 1148 1149 1150 1151 1152 1153 1154]] [77 [1155 1156 1157 1158 1159 1160 1161 1162 1163 1165 1167]] [78 [1170 1171 1172 1175 1177 1178 1179 1180 1181 1182 1183 1184]] [79 [1186 1187 1188 1189 1190 1191 1192 1194 1196 1197 1198]] [80 [1200 1201 1203 1205 1206 1207 1208 1209 1210 1211 1212 1213 1214]] [81 [1215 1217 1218 1220 1221 1222 1223 1224 1225 1226 1227 1228 1229]] [82 [1230 1231 1232 1233 1234 1235 1236 1237 1238 1239 1240 1241 1242 1243 1244]] [83 [1245 1247 1248 1249 1250 1251 1252 1253 1255 1257 1258 1259]] [84 [1260 1261 1262 1263 1264 1265 1266 1267 1268 1270 1271 1272 1273 1274]] [85 [1275 1276 1277 1278 1279 1280 1282 1283 1284 1285 1287 1288 1289]] [86 [1290 1291 1293 1295 1296 1297 1298 1300 1301 1302 1303 1304]] [87 [1305 1306 1307 1308 1309 1310 1311 1312 1315 1316 1317 1318]] [88 [1320 1321 1322 1324 1325 1326 1327 1328 1329 1330 1331 1332 1333 1334]] [89 [1335 1336 1337 1338 1340 1342 1343 1345 1346 1347 1348]] [90 [1350 1351 1352 1355 1356 1357 1358 1359 1360 1361 1362 1364]] [91 [1365 1366 1367 1368 1369 1371 1372 1373 1374 1379]] [92 [1380 1381 1382 1383 1384 1385 1386 1387 1388 1389 1390 1391 1393 1394]] [93 [1395 1396 1397 1398 1399 1400 1401 1402 1403 1404 1405 1406 1408]] [94 [1410 1411 1412 1414 1415 1416 1418 1419 1420 1421 1422 1423]] [95 [1425 1426 1427 1428 1429 1430 1431 1432 1433 1434 1435 1436 1437 1438]] [96 [1440 1441 1442 1443 1444 1445 1446 1447 1448 1449 1450 1451 1452 1453 1454]] [97 [1455 1456 1457 1458 1459 1461 1463 1464 1467 1468 1469]] [98 [1470 1471 1472 1473 1474 1476 1477 1478 1479 1480 1481 1483 1484]] [99 [1485 1486 1487 1489 1490 1491 1492 1493 1494 1495 1496 1498 1499]]]",,"[[{media 50} [[""A"" [4 4]]]] [{media 52} [[""A"" [2 2]]]] [{media 54} [[""A"" [3 3]]]] [{media 55} [[""A"" [3 3]]]] [{media 56} [[""A"" [2 2]]]] [{media 57} [[""A"" [2 2]]]] [{media 58} [[""A"" [1 1]]]] [{media 59} [[""A"" [4 4]]]] [{media 63} [[""A"" [3 3]]]] [{media 64} [[""A"" [3 3]]]] [{media 60} [[""A"" [4 4]]]] [{citizen 1} [[""A"" [4 2]]]] [{citizen 5} [[""A"" [2 2]]]] [{media 51} [[""A"" [2 2]]]] [{citizen 12} [[""A"" [2 4]]]] [{citizen 27} [[""A"" [2 2]]]] [{citizen 3} [[""A"" [4 4]]]] [{citizen 4} [[""A"" [2 4]]]] [{media 62} [[""A"" [4 4]]]] [{citizen 9} [[""A"" [2 4]]]] [{media 53} [[""A"" [4 4]]]] [{media 61} [[""A"" [3 3]]]] [{citizen 6} [[""A"" [2 2]]]] [{citizen 49} [[""A"" [3 2]]]] [{citizen 32} [[""A"" [4 4]]]] [{citizen 15} [[""A"" [2 4]]]] [{citizen 0} [[""A"" [3 2]]]] [{citizen 17} [[""A"" [3 2]]]] [{citizen 16} [[""A"" [4 2]]]] [{citizen 44} [[""A"" [3 2]]]] [{citizen 2} [[""A"" [4 4]]]] [{citizen 37} [[""A"" [4 4]]]] [{citizen 26} [[""A"" [2 2]]]] [{citizen 29} [[""A"" [3 2]]]] [{citizen 25} [[""A"" [3 2]]]] [{citizen 48} [[""A"" [2 4]]]] [{citizen 31} [[""A"" [2 4]]]] [{citizen 43} [[""A"" [2 2]]]] [{citizen 21} [[""A"" [4 4]]]] [{citizen 7} [[""A"" [2 2]]]] [{citizen 41} [[""A"" [4 2]]]] [{citizen 20} [[""A"" [4 2]]]] [{citizen 22} [[""A"" [2 2]]]] [{citizen 19} [[""A"" [2 2]]]] [{citizen 47} [[""A"" [2 4]]]] [{citizen 33} [[""A"" [2 4]]]] [{citizen 10} [[""A"" [4 2]]]] [{citizen 24} [[""A"" [3 2]]]] [{citizen 14} [[""A"" [4 2]]]] [{citizen 38} [[""A"" [4 2]]]] [{citizen 8} [[""A"" [2 2]]]] [{citizen 35} [[""A"" [4 2]]]] [{citizen 13} [[""A"" [2 4]]]] [{citizen 28} [[""A"" [2 4]]]] [{citizen 40} [[""A"" [4 2]]]] [{citizen 46} [[""A"" [2 4]]]] [{citizen 45} [[""A"" [4 2]]]] [{citizen 18} [[""A"" [2 2]]]] [{citizen 30} [[""A"" [2 2]]]] [{citizen 23} [[""A"" [2 2]]]] [{citizen 34} [[""A"" [4 2]]]] [{citizen 39} [[""A"" [4 4]]]] [{citizen 42} [[""A"" [2 4]]]] [{citizen 11} [[""A"" [4 2]]]]]"
"37","[85 0 170]","214.89795918367346","-7.705038548786641","-11.268178020913334","""circle""","""""","9.9","{breed citizens}","false","0.5","1","""up""",,"[[""ID"" 29] [""alpha"" 1] [""beta"" 1] [""malleable"" [""A""]] [""prior"" []] [""cont_tokens"" []] [""A"" 4]]","[[0 [0 1 2 3 4 5 6 7 8 9 10 11 12 13 14]] [1 [15 16 17 18 19 20 21 22 23 24 25 26 27 28 29]] [2 [30 31 32 33 34 35 36 37 38 39 40 41 42 43 44]] [3 [45 46 47 48 49 50 51 52 53 54 55 56 57 58 59]] [4 [60 61 62 63 64 65 66 67 68 69 70 71 72 73 74]] [5 [75 76 77 78 79 80 81 82 83 84 85 86 87 88 89]] [6 [90 91 92 93 94 95 96 97 98 99 100 101 102 103 104]] [7 [105 106 107 108 109 110 111 112 113 114 115 116 117 118 119]] [8 [120 121 122 123 124 125 126 127 128 129 130 131 132 133 134]] [9 [135 136 137 138 139 140 141 142 143 144 145 146 147 148 149]] [10 [150 151 152 153 154 155 156 157 158 159 160 161 162 163 164]] [11 [165 166 167 168 169 170 171 172 173 174 175 176 177 178 179]] [12 [180 181 183 184 185 186 187 188 189 190 191 192 193 194]] [13 [195 196 197 198 199 200 201 202 203 204 205 206 207 208 209]] [14 [210 211 212 213 214 215 216 217 218 219 220 221 222 223 224]] [15 [225 226 227 228 229 230 231 232 233 234 235 236 237 238 239]] [16 [241 242 243 244 245 246 247 248 249 250 251 252 253 254]] [17 [255 256 257 258 259 260 261 262 263 264 265 266 267 268 269]] [18 [270 271 272 273 274 275 276 277 278 279 280 281 282 283 284]] [19 [285 286 287 288 289 290 291 292 293 294 295 296 297 298 299]] [20 [300 301 302 303 304 305 306 307 308 309 310 311 312 313 314]] [21 [315 316 317 318 319 320 321 322 323 324 325 326 327 328 329]] [22 [330 331 332 333 334 335 336 337 338 339 340 341 342 343 344]] [23 [345 346 347 348 349 350 351 352 353 354 355 356 357 358 359]] [24 [360 361 362 363 364 365 366 367 368 369 370 371 372 373 374]] [25 [375 376 377 378 379 380 381 382 383 384 385 386 387 388 389]] [26 [390 391 392 393 394 395 396 397 398 399 400 401 402 403 404]] [27 [405 406 407 408 409 410 411 412 413 414 415 416 417 418 419]] [28 [420 421 422 424 425 426 427 428 429 430 431 432 433 434]] [29 [435 436 437 438 439 440 441 442 443 444 445 446 447 448 449]] [30 [450 451 452 453 454 455 456 457 458 459 460 461 462 463 464]] [31 [465 466 467 468 469 470 471 472 473 474 475 476 477 478 479]] [32 [480 481 482 483 484 485 486 487 488 489 490 491 492 493 494]] [33 [495 496 497 498 499 500 501 502 503 504 505 506 507 508 509]] [34 [510 511 512 513 514 515 516 517 518 519 520 521 522 523 524]] [35 [525 526 527 528 529 530 531 532 533 534 535 536 537 538 539]] [36 [540 541 542 543 544 545 546 547 548 549 550 551 553 554]] [37 [555 556 557 558 559 560 561 562 563 564 565 566 567 568 569]] [38 [570 571 572 573 574 575 576 577 578 579 580 581 582 583 584]] [39 [585 586 587 588 589 590 592 593 594 595 596 597 598 599]] [40 [600 601 602 603 604 605 606 607 608 609 610 611 612 613 614]] [41 [615 616 617 618 619 620 621 622 623 624 626 627 628 629]] [42 [630 631 632 633 634 635 636 637 638 639 640 641 642 643 644]] [43 [645 646 647 648 649 650 651 652 653 654 655 656 657 658 659]] [44 [660 661 662 663 664 665 666 667 668 669 670 671 672 673 674]] [45 [675 676 677 678 679 680 681 682 683 684 685 686 687 688]] [46 [690 691 692 693 694 695 696 697 698 699 700 701 702 703 704]] [47 [705 706 707 708 709 710 711 712 713 715 716 717 718 719]] [48 [720 721 722 724 725 726 727 728 729 730 731 732 733 734]] [49 [735 736 737 738 739 740 741 742 743 744 745 746 747 748 749]] [50 [750 751 752 753 754 755 756 757 758 759 760 761 762 763 764]] [51 [765 766 767 768 769 770 771 772 773 774 775 776 777 778 779]] [52 [780 781 782 783 784 785 786 787 788 789 790 791 792 793 794]] [53 [795 796 797 798 799 800 801 802 803 804 805 806 807 808 809]] [54 [810 811 812 813 814 815 816 817 818 819 820 821 822 823 824]] [55 [825 826 827 828 829 830 831 832 833 834 835 836 837 838 839]] [56 [840 841 842 843 844 845 846 847 848 849 850 851 852 853 854]] [57 [855 856 857 858 859 860 861 862 863 864 865 866 867 868 869]] [58 [870 871 872 873 874 875 876 877 878 879 881 882 883 884]] [59 [885 886 887 888 889 890 891 892 893 894 895 896 897 898 899]] [60 [900 901 902 903 904 905 906 907 908 909 910 911 912 913 914]] [61 [915 916 917 918 919 920 921 922 923 924 925 926 927 928 929]] [62 [930 931 932 933 934 935 936 937 938 939 940 941 942 943 944]] [63 [945 946 948 949 950 951 952 953 954 955 956 957 958 959]] [64 [960 961 962 963 964 965 966 967 968 969 970 971 972 973 974]] [65 [975 976 977 978 979 980 981 982 983 984 985 986 987 988 989]] [66 [990 991 992 993 994 995 996 997 998 999 1000 1001 1002 1003 1004]] [67 [1005 1006 1007 1009 1010 1011 1012 1013 1014 1015 1016 1017 1018 1019]] [68 [1020 1021 1022 1023 1024 1025 1026 1027 1028 1029 1030 1031 1032 1033 1034]] [69 [1035 1036 1037 1038 1040 1042 1043 1044 1046 1047 1048]] [70 [1050 1051 1052 1053 1054 1055 1056 1057 1058 1059 1060 1061 1062 1063 1064]] [71 [1065 1066 1067 1068 1069 1070 1071 1072 1073 1074 1075 1076 1077 1078 1079]] [72 [1080 1081 1082 1083 1084 1085 1086 1087 1088 1089 1090 1091 1092 1093 1094]] [73 [1095 1096 1097 1098 1099 1100 1101 1102 1103 1104 1105 1106 1107 1108 1109]] [74 [1110 1111 1112 1113 1114 1115 1116 1117 1118 1119 1120 1121 1122 1123 1124]] [75 [1125 1126 1127 1128 1129 1130 1131 1132 1133 1134 1135 1136 1137 1138 1139]] [76 [1140 1141 1142 1143 1144 1145 1146 1147 1148 1149 1150 1151 1152 1153 1154]] [77 [1155 1156 1157 1158 1159 1160 1161 1162 1163 1164 1165 1166 1167 1168 1169]] [78 [1170 1171 1172 1173 1174 1175 1176 1177 1178 1179 1180 1181 1182 1183 1184]] [79 [1185 1186 1187 1188 1189 1190 1191 1192 1193 1194 1195 1196 1197 1198 1199]] [80 [1200 1201 1202 1203 1204 1205 1206 1207 1208 1209 1210 1211 1212 1213 1214]] [81 [1215 1216 1217 1218 1219 1220 1221 1222 1223 1224 1225 1226 1227 1228 1229]] [82 [1230 1231 1232 1233 1234 1235 1236 1237 1238 1239 1240 1241 1242 1243 1244]] [83 [1245 1246 1247 1248 1249 1250 1251 1252 1253 1254 1255 1256 1257 1258 1259]] [84 [1260 1261 1262 1263 1264 1265 1266 1267 1268 1269 1270 1271 1272 1273 1274]] [85 [1275 1276 1277 1278 1279 1280 1281 1282 1283 1284 1285 1287 1288 1289]] [86 [1290 1291 1292 1293 1295 1296 1297 1298 1299 1300 1301 1302 1303 1304]] [87 [1305 1306 1307 1308 1309 1310 1311 1312 1313 1314 1315 1316 1317 1318 1319]] [88 [1320 1321 1322 1324 1325 1326 1327 1328 1329 1330 1331 1332 1333 1334]] [89 [1335 1336 1337 1338 1339 1340 1342 1343 1344 1345 1346 1347 1348 1349]] [90 [1350 1351 1352 1353 1354 1355 1356 1357 1358 1359 1360 1361 1362 1363 1364]] [91 [1365 1366 1367 1368 1369 1370 1371 1372 1373 1374 1375 1376 1377 1378 1379]] [92 [1380 1381 1382 1383 1384 1385 1386 1387 1388 1389 1390 1391 1392 1393 1394]] [93 [1395 1396 1397 1398 1399 1400 1401 1402 1403 1404 1405 1406 1407 1408 1409]] [94 [1410 1411 1412 1413 1414 1415 1416 1417 1418 1419 1420 1421 1422 1423 1424]] [95 [1425 1426 1427 1428 1429 1430 1431 1432 1433 1434 1435 1436 1437 1438 1439]] [96 [1440 1441 1442 1443 1444 1445 1446 1447 1448 1449 1450 1451 1452 1453 1454]] [97 [1455 1456 1457 1458 1459 1460 1461 1462 1463 1464 1465 1466 1467 1468 1469]] [98 [1470 1471 1472 1473 1474 1475 1476 1477 1478 1479 1480 1481 1482 1483 1484]] [99 [1485 1486 1487 1488 1489 1490 1491 1492 1493 1494 1495 1496 1497 1498 1499]]]","[[0 [0 1 2 3 4 5 6 7 8 10 11 13 14]] [1 [15 16 17 18 19 20 21 22 23 24 25 27 29]] [2 [30 31 32 33 35 39 40 41 42 44]] [3 [45 46 47 48 49 50 51 52 53 54 55 56 58]] [4 [60 61 62 63 64 67 68 69 70 71 72 73 74]] [5 [75 76 77 78 79 80 81 83 84 85 86 87 88]] [6 [90 91 92 94 95 96 98 99 100 101 102 103 104]] [7 [106 107 108 109 110 111 112 114 115 116 117 118 119]] [8 [120 121 122 123 124 125 126 127 128 130 131 133 134]] [9 [135 137 138 140 142 143 144 145 146 148 149]] [10 [150 151 152 153 154 155 156 157 158 160 161 162 164]] [11 [165 166 167 171 173 174 176 177 178 179]] [12 [180 181 184 185 186 187 188 189 191 192 193]] [13 [195 196 197 200 201 202 203 204 205 207 208 209]] [14 [210 211 213 214 215 216 218 219 220 221 222 224]] [15 [225 226 228 229 230 232 233 234 235 236 237 238 239]] [16 [241 242 243 244 245 246 247 248 249 250 251 252 253]] [17 [255 256 257 258 259 260 261 262 265 266 268 269]] [18 [270 271 273 274 275 277 278 279 280 281 283 284]] [19 [285 286 287 288 289 290 291 292 293 294 296 297 298]] [20 [300 301 302 303 304 307 308 309 310 311]] [21 [315 317 318 319 320 321 323 325 327 328 329]] [22 [330 331 332 333 336 337 338 339 340 342 343 344]] [23 [345 346 347 348 349 351 352 353 354 355 356 357 358]] [24 [361 362 363 364 365 366 367 368 369 370 372 373 374]] [25 [378 379 380 381 382 383 385 386 388 389]] [26 [390 391 392 394 395 396 398 399 400 401 402 404]] [27 [405 406 407 408 409 411 412 413 414 415 417 418 419]] [28 [420 421 422 424 425 426 427 428 429 430 432 433 434]] [29 [435 436 437 438 439 440 441 442 443 444 445 446 447 448 449]] [30 [450 451 452 453 454 455 456 457 458 460 461 462 463 464]] [31 [467 468 469 470 471 474 475 476 477 478 479]] [32 [480 481 482 483 485 486 487 488 489 491 493 494]] [33 [495 496 497 498 499 500 501 502 504 505 506 508 509]] [34 [510 511 512 513 514 515 516 518 519 520 521 523 524]] [35 [525 526 527 528 529 530 531 532 533 534 535 536 537 538 539]] [36 [540 542 543 544 545 546 547 548 549 550 551 553]] [37 [555 556 558 560 561 562 563 564 565 566 567 569]] [38 [570 571 572 574 575 576 577 578 579 581 582 583 584]] [39 [585 586 587 589 590 592 593 594 595 596 597 598 599]] [40 [600 601 602 603 605 606 608 609 610 611 612 613 614]] [41 [615 616 618 619 620 621 622 624 626 627 628 629]] [42 [630 631 632 633 634 635 636 638 639 640 641 642 644]] [43 [645 647 648 649 651 652 653 655 656 657]] [44 [660 661 662 663 665 666 668 669 670 671 672 673 674]] [45 [675 676 677 678 679 680 681 682 683 684 685 686 687 688]] [46 [691 692 694 695 696 697 698 699 701 702 703 704]] [47 [705 706 707 709 710 711 712 713 715 716 717 718 719]] [48 [720 721 722 724 725 726 727 728 729 730 731 732 733]] [49 [736 738 739 740 741 742 743 744 745 746 747 748 749]] [50 [750 752 753 754 755 756 757 758 759 760 761 762 763 764]] [51 [765 766 767 768 770 772 773 774]] [52 [780 781 782 783 784 785 786 788 789 790 794]] [53 [795 796 797 798 799 800 801 802 803 804 806 809]] [54 [810 811 812 814 815 816 817 819 820 823 824]] [55 [825 826 827 828 829 830 831 832 833 834 835 836 839]] [56 [840 841 842 843 844 845 846 847 848 849 850 851 852 853 854]] [57 [856 857 858 859 860 861 862 863 864 865 866 867 868 869]] [58 [870 872 873 874 875 876 877 878 879 882 884]] [59 [885 886 887 888 889 890 891 892 893 895 896 897 898 899]] [60 [900 901 902 903 904 905 906 907 909 910 911 912 913 914]] [61 [916 917 919 920 921 922 923 924 925 926 927]] [62 [931 934 935 936 937 938 941 942 943 944]] [63 [945 946 948 949 951 952 953 954 955 956 957 958 959]] [64 [960 963 964 965 966 967 968 969 970 971 972 973 974]] [65 [975 976 978 979 980 981 982 983 984 985 988 989]] [66 [990 991 992 993 994 995 998 999 1000 1001 1002 1003 1004]] [67 [1006 1007 1009 1010 1011 1012 1013 1015 1016 1017 1018 1019]] [68 [1020 1021 1022 1023 1024 1025 1026 1028 1029 1030 1031 1032 1033 1034]] [69 [1036 1037 1038 1042 1043 1044 1046 1047 1048]] [70 [1051 1052 1053 1054 1055 1060 1061 1062 1063]] [71 [1065 1068 1069 1070 1071 1072 1073 1074 1075 1076 1077 1078 1079]] [72 [1080 1081 1082 1083 1084 1085 1087 1088 1089 1090 1093 1094]] [73 [1096 1097 1098 1099 1100 1103 1104 1105 1106 1107 1108 1109]] [74 [1110 1111 1114 1115 1118 1119 1120 1121 1122 1123 1124]] [75 [1125 1126 1127 1128 1129 1130 1131 1132 1134 1135 1137 1138 1139]] [76 [1140 1141 1142 1143 1144 1146 1147 1148 1149 1150 1151 1152 1153 1154]] [77 [1155 1156 1157 1158 1159 1160 1161 1162 1165 1166 1167 1168 1169]] [78 [1170 1171 1172 1173 1174 1175 1177 1178 1179 1180 1181 1182 1183 1184]] [79 [1186 1187 1188 1189 1190 1192 1194 1195 1196 1197 1199]] [80 [1200 1201 1203 1204 1205 1206 1207 1208 1211 1212 1213 1214]] [81 [1215 1217 1218 1220 1221 1222 1223 1224 1225 1226 1227 1228 1229]] [82 [1230 1231 1232 1233 1234 1235 1236 1237 1238 1240 1241 1242 1244]] [83 [1245 1247 1248 1249 1251 1252 1253 1255 1257 1258 1259]] [84 [1260 1261 1262 1263 1264 1265 1266 1267 1268 1270 1271 1272 1273 1274]] [85 [1275 1276 1277 1278 1279 1280 1281 1282 1283 1284 1285 1287 1288 1289]] [86 [1290 1291 1293 1295 1296 1297 1298 1299 1300 1301 1302 1303 1304]] [87 [1305 1306 1307 1308 1309 1310 1311 1312 1314 1315 1316 1317 1318]] [88 [1320 1321 1324 1325 1326 1327 1328 1329 1330 1332 1333 1334]] [89 [1335 1337 1339 1340 1342 1343 1344 1345 1346 1347 1348 1349]] [90 [1350 1351 1353 1354 1355 1356 1357 1358 1359 1360 1361 1362 1363 1364]] [91 [1365 1366 1367 1368 1369 1371 1372 1373 1374 1379]] [92 [1380 1381 1382 1383 1384 1385 1386 1387 1388 1389 1390 1391 1392 1394]] [93 [1395 1396 1397 1398 1399 1400 1401 1402 1403 1404 1405 1406 1408 1409]] [94 [1412 1415 1416 1417 1418 1419 1420 1421 1422 1423 1424]] [95 [1425 1427 1428 1429 1430 1431 1432 1433 1434 1435 1437 1438]] [96 [1440 1441 1442 1443 1444 1448 1449 1450 1451 1452 1453 1454]] [97 [1455 1456 1457 1459 1460 1461 1463 1464 1466 1467 1468 1469]] [98 [1470 1471 1472 1473 1474 1476 1477 1478 1479 1480 1481 1483 1484]] [99 [1485 1486 1487 1489 1490 1491 1492 1493 1494 1495 1496 1497 1499]]]",,"[[{citizen 48} [[""A"" [2 2]]]] [{media 50} [[""A"" [4 4]]]] [{media 52} [[""A"" [2 2]]]] [{media 54} [[""A"" [3 3]]]] [{media 55} [[""A"" [3 3]]]] [{media 56} [[""A"" [2 2]]]] [{media 57} [[""A"" [2 2]]]] [{media 58} [[""A"" [1 1]]]] [{media 59} [[""A"" [4 4]]]] [{media 63} [[""A"" [3 3]]]] [{media 64} [[""A"" [3 3]]]] [{media 60} [[""A"" [4 4]]]] [{citizen 15} [[""A"" [2 2]]]] [{citizen 1} [[""A"" [3 2]]]] [{citizen 5} [[""A"" [2 2]]]] [{citizen 25} [[""A"" [2 2]]]] [{citizen 26} [[""A"" [2 2]]]] [{media 51} [[""A"" [2 2]]]] [{citizen 3} [[""A"" [3 2]]]] [{media 62} [[""A"" [4 4]]]] [{citizen 9} [[""A"" [2 2]]]] [{media 53} [[""A"" [4 4]]]] [{citizen 4} [[""A"" [2 2]]]] [{media 61} [[""A"" [3 3]]]] [{citizen 49} [[""A"" [2 2]]]] [{citizen 32} [[""A"" [3 2]]]] [{citizen 0} [[""A"" [2 2]]]] [{citizen 17} [[""A"" [2 2]]]] [{citizen 16} [[""A"" [3 3]]]] [{citizen 44} [[""A"" [2 2]]]] [{citizen 2} [[""A"" [3 2]]]] [{citizen 31} [[""A"" [2 2]]]] [{citizen 43} [[""A"" [2 2]]]] [{citizen 21} [[""A"" [2 4]]]] [{citizen 7} [[""A"" [2 2]]]] [{citizen 41} [[""A"" [2 2]]]] [{citizen 12} [[""A"" [2 4]]]] [{citizen 20} [[""A"" [2 2]]]] [{citizen 22} [[""A"" [2 2]]]] [{citizen 19} [[""A"" [2 2]]]] [{citizen 47} [[""A"" [2 2]]]] [{citizen 33} [[""A"" [2 2]]]] [{citizen 10} [[""A"" [2 2]]]] [{citizen 6} [[""A"" [2 2]]]] [{citizen 24} [[""A"" [2 2]]]] [{citizen 29} [[""A"" [3 2]]]] [{citizen 14} [[""A"" [2 2]]]] [{citizen 38} [[""A"" [2 2]]]] [{citizen 8} [[""A"" [2 2]]]] [{citizen 35} [[""A"" [2 2]]]] [{citizen 13} [[""A"" [3 2]]]] [{citizen 28} [[""A"" [2 2]]]] [{citizen 40} [[""A"" [2 2]]]] [{citizen 46} [[""A"" [2 2]]]] [{citizen 45} [[""A"" [2 2]]]] [{citizen 18} [[""A"" [2 2]]]] [{citizen 30} [[""A"" [2 2]]]] [{citizen 23} [[""A"" [2 2]]]] [{citizen 36} [[""A"" [2 2]]]] [{citizen 34} [[""A"" [2 2]]]] [{citizen 42} [[""A"" [2 2]]]] [{citizen 39} [[""A"" [3 2]]]] [{citizen 27} [[""A"" [2 2]]]] [{citizen 11} [[""A"" [2 2]]]]]"
"38","[170 0 85]","193.46938775510202","-2.554037617824049","-12.825374659443654","""circle""","""""","9.9","{breed citizens}","false","0.5","1","""up""",,"[[""ID"" 11] [""alpha"" 1] [""beta"" 1] [""malleable"" [""A""]] [""prior"" []] [""cont_tokens"" []] [""A"" 2]]","[[0 [0 1 2 3 4 5 6 7 8 9 10 11 12 13 14]] [1 [15 16 17 18 19 20 21 22 23 24 25 26 27 28 29]] [2 [30 31 32 33 34 35 36 37 38 39 40 41 42 43 44]] [3 [45 46 47 48 49 50 51 52 53 54 55 56 57 58 59]] [4 [60 61 62 63 64 65 66 67 68 69 70 71 72 73 74]] [5 [75 76 77 78 79 80 81 82 83 84 85 86 87 88 89]] [6 [90 91 92 93 94 95 96 97 98 99 100 101 102 103 104]] [7 [105 106 107 108 109 110 111 112 113 114 115 116 117 118 119]] [8 [120 121 122 123 124 125 126 127 128 129 130 131 132 133 134]] [9 [135 136 137 138 139 140 141 142 143 144 145 146 147 148 149]] [10 [150 151 152 153 154 155 156 157 158 159 160 161 162 163 164]] [11 [165 166 167 168 169 170 171 172 173 174 175 176 177 178 179]] [12 [180 181 183 184 185 186 187 188 189 190 191 192 193 194]] [13 [195 196 197 198 199 200 201 202 203 204 205 206 207 208 209]] [14 [210 211 212 213 214 215 216 217 218 219 220 221 222 223 224]] [15 [225 226 227 228 229 230 231 232 233 234 235 236 237 238 239]] [16 [241 242 243 244 245 246 247 248 249 250 251 252 253 254]] [17 [255 256 257 258 259 260 261 262 263 264 265 266 267 268 269]] [18 [270 271 272 273 274 275 276 277 278 279 280 281 282 283 284]] [19 [285 286 287 288 289 290 291 292 293 294 295 296 297 298 299]] [20 [300 301 302 303 304 305 306 307 308 309 310 311 312 313 314]] [21 [315 316 317 318 319 320 321 322 323 324 325 326 327 328 329]] [22 [330 331 332 333 334 335 336 337 338 339 340 341 342 343 344]] [23 [345 346 347 348 349 350 351 352 353 354 355 356 357 358 359]] [24 [360 361 362 363 364 365 366 367 368 369 370 371 372 373 374]] [25 [375 376 377 378 379 380 381 382 383 384 385 386 387 388 389]] [26 [390 391 392 393 394 395 396 397 398 399 400 401 402 403 404]] [27 [405 406 407 408 409 410 411 412 413 414 415 416 417 418 419]] [28 [420 421 422 424 425 426 427 428 429 430 431 432 433 434]] [29 [435 436 437 438 439 440 441 442 443 444 445 446 447 448 449]] [30 [450 451 452 453 454 455 456 457 458 459 460 461 462 463 464]] [31 [465 466 467 468 469 470 471 472 473 474 475 476 477 478 479]] [32 [480 481 482 483 484 485 486 487 488 489 490 491 492 493 494]] [33 [495 496 497 498 499 500 501 502 503 504 505 506 507 508 509]] [34 [510 511 512 513 514 515 516 517 518 519 520 521 522 523 524]] [35 [525 526 527 528 529 530 531 532 533 534 535 536 537 538 539]] [36 [540 541 542 543 544 545 546 547 548 549 550 551 553 554]] [37 [555 556 557 558 559 560 561 562 563 564 565 566 567 568 569]] [38 [570 571 572 573 574 575 576 577 578 579 580 581 582 583 584]] [39 [585 586 587 588 589 590 592 593 594 595 596 597 598 599]] [40 [600 601 602 603 604 605 606 607 608 609 610 611 612 613 614]] [41 [615 616 617 618 619 620 621 622 623 624 626 627 628 629]] [42 [630 631 632 633 634 635 636 637 638 639 640 641 642 643 644]] [43 [645 646 647 648 649 650 651 652 653 654 655 656 657 658 659]] [44 [660 661 662 663 664 665 666 667 668 669 670 671 672 673 674]] [45 [675 676 677 678 679 680 681 682 683 684 685 686 687 688]] [46 [690 691 692 693 694 695 696 697 698 699 700 701 702 703 704]] [47 [705 706 707 708 709 710 711 712 713 715 716 717 718 719]] [48 [720 721 722 723 724 725 726 727 728 729 730 731 732 733 734]] [49 [735 736 737 738 739 740 741 742 743 744 745 746 747 748 749]] [50 [750 751 752 753 754 755 756 757 758 759 760 761 762 763 764]] [51 [765 766 767 768 769 770 771 772 773 774 775 776 777 778 779]] [52 [780 781 782 783 784 785 786 787 788 789 790 791 792 793 794]] [53 [795 796 797 798 799 800 801 802 803 804 805 806 807 808 809]] [54 [810 811 812 813 814 815 816 817 818 819 820 821 822 823 824]] [55 [825 826 827 828 829 830 831 832 833 834 835 836 837 838 839]] [56 [840 841 842 843 844 845 846 847 848 849 850 851 852 853 854]] [57 [855 856 857 858 859 860 861 862 863 864 865 866 867 868 869]] [58 [870 871 872 873 874 875 876 877 878 879 881 882 883 884]] [59 [885 886 887 888 889 890 891 892 893 894 895 896 897 898 899]] [60 [900 901 902 903 904 905 906 907 908 909 910 911 912 913 914]] [61 [915 916 917 918 919 920 921 922 923 924 925 926 927 928 929]] [62 [930 931 932 933 934 935 936 937 938 939 940 941 942 943 944]] [63 [945 946 948 949 950 951 952 953 954 955 956 957 958 959]] [64 [960 961 962 963 964 965 966 967 968 969 970 971 972 973 974]] [65 [975 976 977 978 979 980 981 982 983 984 985 986 987 988 989]] [66 [990 991 992 993 994 995 996 997 998 999 1000 1001 1002 1003 1004]] [67 [1005 1006 1007 1009 1010 1011 1012 1013 1014 1015 1016 1017 1018 1019]] [68 [1020 1021 1022 1023 1024 1025 1026 1027 1028 1029 1030 1031 1032 1033 1034]] [69 [1035 1036 1037 1038 1040 1042 1043 1044 1046 1047 1048]] [70 [1050 1051 1052 1053 1054 1055 1056 1057 1058 1059 1060 1061 1062 1063 1064]] [71 [1065 1066 1067 1068 1069 1070 1071 1072 1073 1074 1075 1076 1077 1078 1079]] [72 [1080 1081 1082 1083 1084 1085 1086 1087 1088 1089 1090 1091 1092 1093 1094]] [73 [1095 1096 1097 1098 1099 1100 1101 1102 1103 1104 1105 1106 1107 1108 1109]] [74 [1110 1111 1112 1113 1114 1115 1116 1117 1118 1119 1120 1121 1122 1123 1124]] [75 [1125 1126 1127 1128 1129 1130 1131 1132 1133 1134 1135 1136 1137 1138 1139]] [76 [1140 1141 1142 1143 1144 1145 1146 1147 1148 1149 1150 1151 1152 1153 1154]] [77 [1155 1156 1157 1158 1159 1160 1161 1162 1163 1164 1165 1166 1167 1168 1169]] [78 [1170 1171 1172 1173 1174 1175 1176 1177 1178 1179 1180 1181 1182 1183 1184]] [79 [1185 1186 1187 1188 1189 1190 1191 1192 1193 1194 1195 1196 1197 1198 1199]] [80 [1200 1201 1202 1203 1204 1205 1206 1207 1208 1209 1210 1211 1212 1213 1214]] [81 [1215 1216 1217 1218 1219 1220 1221 1222 1223 1224 1225 1226 1227 1228 1229]] [82 [1230 1231 1232 1233 1234 1235 1236 1237 1238 1239 1240 1241 1242 1243 1244]] [83 [1245 1246 1247 1248 1249 1250 1251 1252 1253 1254 1255 1256 1257 1258 1259]] [84 [1260 1261 1262 1263 1264 1265 1266 1267 1268 1269 1270 1271 1272 1273 1274]] [85 [1275 1276 1277 1278 1279 1280 1281 1282 1283 1284 1285 1287 1288 1289]] [86 [1290 1291 1292 1293 1295 1296 1297 1298 1299 1300 1301 1302 1303 1304]] [87 [1305 1306 1307 1308 1309 1310 1311 1312 1313 1314 1315 1316 1317 1318 1319]] [88 [1320 1321 1322 1324 1325 1326 1327 1328 1329 1330 1331 1332 1333 1334]] [89 [1335 1336 1337 1338 1339 1340 1342 1343 1344 1345 1346 1347 1348 1349]] [90 [1350 1351 1352 1353 1354 1355 1356 1357 1358 1359 1360 1361 1362 1363 1364]] [91 [1365 1366 1367 1368 1369 1370 1371 1372 1373 1374 1375 1376 1377 1378 1379]] [92 [1380 1381 1382 1383 1384 1385 1386 1387 1388 1389 1390 1391 1392 1393 1394]] [93 [1395 1396 1397 1398 1399 1400 1401 1402 1403 1404 1405 1406 1407 1408 1409]] [94 [1410 1411 1412 1413 1414 1415 1416 1417 1418 1419 1420 1421 1422 1423 1424]] [95 [1425 1426 1427 1428 1429 1430 1431 1432 1433 1434 1435 1436 1437 1438 1439]] [96 [1440 1441 1442 1443 1444 1445 1446 1447 1448 1449 1450 1451 1452 1453 1454]] [97 [1455 1456 1457 1458 1459 1460 1461 1462 1463 1464 1465 1466 1467 1468 1469]] [98 [1470 1471 1472 1473 1474 1475 1476 1477 1478 1479 1480 1481 1482 1483 1484]] [99 [1485 1486 1487 1488 1489 1490 1491 1492 1493 1494 1495 1496 1497 1498 1499]]]","[[0 [1 2 3 4 5 6 7 8 10 11 13 14]] [1 [15 16 17 18 19 20 21 22 24 25 26 28 29]] [2 [30 31 32 33 35 36 37 38 39 40 41 42 43 44]] [3 [45 46 47 48 50 51 52 53 54 55 56 58]] [4 [60 61 62 63 64 67 68 69 72 73 74]] [5 [75 76 77 78 79 80 82 84 85 87 88]] [6 [90 91 92 94 97 98 99 100 101 102 103 104]] [7 [106 107 109 110 111 112 113 114 115 116 117 118 119]] [8 [120 121 122 123 124 125 126 127 128 130 131 133 134]] [9 [135 137 138 139 140 141 142 143 144 145 146 148 149]] [10 [150 152 153 154 155 156 157 158 160 161 162 163]] [11 [165 166 167 168 169 170 171 174 176 177 178 179]] [12 [180 181 184 185 186 187 188 189 190 191 192 193]] [13 [195 196 197 198 199 200 201 202 203 204 205 207 208 209]] [14 [210 211 213 214 215 216 217 218 220 221 222 224]] [15 [225 226 227 228 229 230 231 232 233 234 235 236 237 238 239]] [16 [242 243 244 245 246 247 248 249 250 251 252 254]] [17 [255 256 257 258 259 260 261 262 265 267 268 269]] [18 [270 271 272 273 275 277 278 279 280 281 283 284]] [19 [285 286 287 288 289 290 291 292 293 294 295 296 297 298 299]] [20 [301 302 303 304 305 306 307 308 309 310 311 313 314]] [21 [315 317 318 320 321 324 325 326 327 328 329]] [22 [330 331 332 333 334 335 336 337 338 339 341 342 343 344]] [23 [345 347 348 349 350 351 352 353 354 355 356 357 358]] [24 [361 362 363 364 365 366 367 368 369 371 372 373 374]] [25 [378 379 380 381 382 383 386 388 389]] [26 [391 392 394 395 396 397 398 399 400 401 402 403 404]] [27 [405 406 407 408 409 411 412 413 414 415 416 418 419]] [28 [420 421 422 424 425 427 428 429 430 432 433 434]] [29 [435 438 439 440 441 442 443 444 448 449]] [30 [450 451 452 453 455 456 457 458 460 461 462 463 464]] [31 [465 466 467 468 469 470 472 473 474 475 476 477 478 479]] [32 [480 481 482 483 484 485 486 487 488 489 490 491 492 493 494]] [33 [495 496 497 498 499 500 501 502 503 504 505 506 507]] [34 [510 511 512 513 515 516 517 518 519 520 522 523 524]] [35 [525 526 527 528 529 530 532 533 534 535 536 537 538 539]] [36 [541 542 543 544 545 546 547 548 549 550 551 553 554]] [37 [555 556 559 560 561 563 564 565 567 569]] [38 [570 573 576 577 578 579 581 582 583 584]] [39 [585 586 587 590 592 593 594 595 596 598 599]] [40 [600 601 602 603 605 606 607 609 610 611 612 613 614]] [41 [615 616 618 619 620 621 622 624 626 627 628 629]] [42 [630 631 632 633 634 635 636 638 639 640 641 642 644]] [43 [645 647 648 649 651 652 653 655 656 657 659]] [44 [660 661 662 663 665 668 670 671 672 673 674]] [45 [675 676 677 678 679 680 683 684 685 686 687 688]] [46 [691 692 693 695 696 697 698 699 701 702 703 704]] [47 [705 706 707 709 710 711 712 713 715 716 717]] [48 [720 721 722 724 725 726 727 728 729 730 731 732 733 734]] [49 [735 737 738 739 740 741 742 743 744 745 748 749]] [50 [751 752 753 754 755 756 757 758 759 760 761 762 763 764]] [51 [765 766 767 768 770 771 772 773 774 776 777 778 779]] [52 [780 781 782 783 784 785 786 789 790 792 793]] [53 [796 797 798 799 800 801 802 803 804 806 807 808 809]] [54 [811 812 814 815 816 817 819 820 822 823 824]] [55 [825 826 827 829 830 831 832 833 837 838 839]] [56 [840 841 842 843 844 845 846 847 849 850 851 852 853 854]] [57 [856 857 858 859 860 861 863 864 865 866 867 868 869]] [58 [870 871 872 873 875 876 877 878 879 882 883 884]] [59 [885 886 887 888 889 890 891 892 893 894 895 896 897 898]] [60 [900 901 902 903 904 905 906 907 909 910 911 912 913 914]] [61 [915 916 917 918 919 920 921 922 923 924 925 926 927 929]] [62 [930 931 936 937 938 940 941 942 943 944]] [63 [945 946 950 951 952 953 954 956 957 958]] [64 [961 962 963 966 968 969 970 971 972 973 974]] [65 [975 976 977 978 979 980 981 982 983 984 985 986 987 989]] [66 [990 991 992 993 994 995 998 999 1001 1002 1003 1004]] [67 [1005 1006 1007 1009 1010 1011 1012 1014 1015 1016 1017 1018 1019]] [68 [1020 1021 1022 1023 1024 1025 1026 1027 1028 1029 1031 1032 1033 1034]] [69 [1037 1038 1042 1043 1044 1046 1047 1048]] [70 [1050 1051 1052 1053 1054 1055 1061 1062 1063]] [71 [1065 1068 1069 1070 1072 1073 1074 1075 1076 1078]] [72 [1080 1081 1082 1083 1084 1086 1087 1088 1089 1090 1092 1093 1094]] [73 [1095 1096 1097 1098 1099 1101 1102 1103 1104 1105 1106 1107 1108]] [74 [1110 1111 1112 1113 1114 1115 1118 1119 1120 1121 1122 1123 1124]] [75 [1125 1126 1127 1128 1129 1130 1131 1132 1134 1135 1138 1139]] [76 [1141 1143 1144 1146 1147 1148 1149 1150 1151 1152 1153]] [77 [1155 1156 1157 1158 1159 1160 1161 1163 1165 1167]] [78 [1170 1171 1172 1173 1174 1175 1177 1178 1179 1180 1181 1182 1183]] [79 [1185 1186 1187 1188 1190 1192 1194 1196 1197 1199]] [80 [1200 1201 1202 1204 1205 1206 1207 1208 1209 1210 1211 1213 1214]] [81 [1215 1216 1217 1218 1222 1223 1224 1225 1226 1227 1228 1229]] [82 [1230 1231 1232 1233 1234 1235 1236 1239 1242 1243]] [83 [1246 1247 1248 1249 1250 1251 1252 1254 1255 1257 1258 1259]] [84 [1260 1261 1262 1263 1264 1265 1266 1267 1268 1270 1271 1272 1273 1274]] [85 [1276 1277 1278 1279 1280 1281 1282 1283 1284 1285 1287 1288 1289]] [86 [1290 1291 1293 1296 1297 1298 1300 1301 1302 1303 1304]] [87 [1305 1306 1307 1308 1309 1310 1311 1312 1314 1315 1316 1317 1318]] [88 [1320 1321 1322 1324 1325 1326 1327 1328 1329 1330 1332 1333 1334]] [89 [1335 1337 1338 1340 1342 1343 1345 1346 1347 1348 1349]] [90 [1350 1351 1353 1354 1355 1356 1357 1358 1359 1360 1363 1364]] [91 [1366 1367 1368 1369 1371 1372 1373 1374 1377 1378]] [92 [1380 1381 1382 1383 1384 1385 1386 1387 1389 1390 1391 1392 1394]] [93 [1395 1396 1397 1398 1399 1400 1401 1402 1403 1404 1405 1406 1408 1409]] [94 [1411 1412 1414 1415 1416 1418 1419 1420 1421 1422 1423 1424]] [95 [1426 1427 1428 1430 1431 1432 1433 1434 1435 1437 1438]] [96 [1440 1441 1442 1443 1444 1445 1446 1447 1448 1449 1450 1451 1452 1453 1454]] [97 [1455 1456 1457 1459 1461 1462 1463 1464 1466 1467 1468 1469]] [98 [1470 1471 1472 1473 1474 1475 1476 1477 1479 1480 1481 1483 1484]] [99 [1485 1486 1487 1489 1490 1491 1492 1493 1494 1495 1496 1497 1498]]]",,"[[{citizen 45} [[""A"" [2 4]]]] [{citizen 49} [[""A"" [3 2]]]] [{media 52} [[""A"" [2 2]]]] [{media 54} [[""A"" [3 3]]]] [{media 58} [[""A"" [1 1]]]] [{media 59} [[""A"" [4 4]]]] [{media 63} [[""A"" [3 3]]]] [{media 60} [[""A"" [4 4]]]] [{citizen 4} [[""A"" [2 2]]]] [{media 57} [[""A"" [2 2]]]] [{citizen 13} [[""A"" [2 4]]]] [{media 51} [[""A"" [2 2]]]] [{citizen 5} [[""A"" [2 2]]]] [{citizen 7} [[""A"" [4 4]]]] [{media 64} [[""A"" [3 3]]]] [{citizen 3} [[""A"" [2 4]]]] [{media 62} [[""A"" [4 4]]]] [{citizen 1} [[""A"" [3 4]]]] [{media 55} [[""A"" [3 3]]]] [{citizen 9} [[""A"" [2 4]]]] [{media 53} [[""A"" [4 4]]]] [{media 61} [[""A"" [3 3]]]] [{media 50} [[""A"" [4 4]]]] [{media 56} [[""A"" [2 2]]]] [{citizen 32} [[""A"" [2 4]]]] [{citizen 15} [[""A"" [4 2]]]] [{citizen 0} [[""A"" [2 2]]]] [{citizen 17} [[""A"" [4 2]]]] [{citizen 16} [[""A"" [3 4]]]] [{citizen 44} [[""A"" [2 2]]]] [{citizen 2} [[""A"" [4 4]]]] [{citizen 37} [[""A"" [4 4]]]] [{citizen 26} [[""A"" [4 2]]]] [{citizen 29} [[""A"" [4 2]]]] [{citizen 25} [[""A"" [2 2]]]] [{citizen 48} [[""A"" [4 2]]]] [{citizen 31} [[""A"" [4 2]]]] [{citizen 43} [[""A"" [4 2]]]] [{citizen 21} [[""A"" [2 4]]]] [{citizen 41} [[""A"" [2 4]]]] [{citizen 12} [[""A"" [2 4]]]] [{citizen 20} [[""A"" [2 4]]]] [{citizen 22} [[""A"" [2 2]]]] [{citizen 19} [[""A"" [4 2]]]] [{citizen 47} [[""A"" [2 4]]]] [{citizen 33} [[""A"" [2 4]]]] [{citizen 10} [[""A"" [2 4]]]] [{citizen 6} [[""A"" [2 2]]]] [{citizen 24} [[""A"" [2 2]]]] [{citizen 18} [[""A"" [2 2]]]] [{citizen 28} [[""A"" [2 4]]]] [{citizen 40} [[""A"" [2 4]]]] [{citizen 46} [[""A"" [2 2]]]] [{citizen 34} [[""A"" [2 2]]]] [{citizen 14} [[""A"" [4 2]]]] [{citizen 23} [[""A"" [3 2]]]] [{citizen 36} [[""A"" [2 2]]]] [{citizen 39} [[""A"" [2 4]]]] [{citizen 35} [[""A"" [2 2]]]] [{citizen 27} [[""A"" [4 2]]]] [{citizen 42} [[""A"" [2 4]]]] [{citizen 8} [[""A"" [2 2]]]] [{citizen 30} [[""A"" [4 2]]]] [{citizen 11} [[""A"" [2 4]]]]]"
"39","[85 0 170]","315.9183673469387","-9.522269906960517","9.3089961879112","""circle""","""""","9.9","{breed citizens}","false","0.5","1","""up""",,"[[""ID"" 31] [""alpha"" 1] [""beta"" 1] [""malleable"" [""A""]] [""prior"" []] [""cont_tokens"" []] [""A"" 4]]","[[0 [0 1 2 3 4 5 6 7 8 9 10 11 12 13 14]] [1 [15 16 17 18 19 20 21 22 23 24 25 26 27 28 29]] [2 [30 31 32 33 34 35 36 37 38 39 40 41 42 43 44]] [3 [45 46 47 48 49 50 51 52 53 54 55 56 57 58 59]] [4 [60 61 62 63 64 65 66 67 68 69 70 71 72 73 74]] [5 [75 76 77 78 79 80 81 82 83 84 85 86 87 88 89]] [6 [90 91 92 93 94 95 96 97 98 99 100 101 102 103 104]] [7 [105 106 107 108 109 110 111 112 113 114 115 116 117 118 119]] [8 [120 121 122 123 124 125 126 127 128 129 130 131 132 133 134]] [9 [135 136 137 138 139 140 141 142 143 144 145 146 147 148 149]] [10 [150 151 152 153 154 155 156 157 158 159 160 161 162 163 164]] [11 [165 166 167 168 169 170 171 172 173 174 175 176 177 178 179]] [12 [180 181 183 184 185 186 187 188 189 190 191 192 193 194]] [13 [195 196 197 198 199 200 201 202 203 204 205 206 207 208 209]] [14 [210 211 212 213 214 215 216 217 218 219 220 221 222 223 224]] [15 [225 226 227 228 229 230 231 232 233 234 235 236 237 238 239]] [16 [241 242 243 244 245 246 247 248 249 250 251 252 253 254]] [17 [255 256 257 258 259 260 261 262 263 264 265 266 267 268 269]] [18 [270 271 272 273 274 275 276 277 278 279 280 281 282 283 284]] [19 [285 286 287 288 289 290 291 292 293 294 295 296 297 298 299]] [20 [300 301 302 303 304 305 306 307 308 309 310 311 312 313 314]] [21 [315 316 317 318 319 320 321 322 323 324 325 326 327 328 329]] [22 [330 331 332 333 334 335 336 337 338 339 340 341 342 343 344]] [23 [345 346 347 348 349 350 351 352 353 354 355 356 357 358 359]] [24 [360 361 362 363 364 365 366 367 368 369 370 371 372 373 374]] [25 [375 376 377 378 379 380 381 382 383 384 385 386 387 388 389]] [26 [390 391 392 393 394 395 396 397 398 399 400 401 402 403 404]] [27 [405 406 407 408 409 410 411 412 413 414 415 416 417 418 419]] [28 [420 421 422 424 425 426 427 428 429 430 431 432 433 434]] [29 [435 436 437 438 439 440 441 442 443 444 445 446 447 448 449]] [30 [450 451 452 453 454 455 456 457 458 459 460 461 462 463 464]] [31 [465 466 467 468 469 470 471 472 473 474 475 476 477 478 479]] [32 [480 481 482 483 484 485 486 487 488 489 490 491 492 493 494]] [33 [495 496 497 498 499 500 501 502 503 504 505 506 507 508 509]] [34 [510 511 512 513 514 515 516 517 518 519 520 521 522 523 524]] [35 [525 526 527 528 529 530 531 532 533 534 535 536 537 538 539]] [36 [540 541 542 543 544 545 546 547 548 549 550 551 553 554]] [37 [555 556 557 558 559 560 561 562 563 564 565 566 567 568 569]] [38 [570 571 572 573 574 575 576 577 578 579 580 581 582 583 584]] [39 [585 586 587 588 589 590 592 593 594 595 596 597 598 599]] [40 [600 601 602 603 604 605 606 607 608 609 610 611 612 613 614]] [41 [615 616 617 618 619 620 621 622 623 624 626 627 628 629]] [42 [630 631 632 633 634 635 636 637 638 639 640 641 642 643 644]] [43 [645 646 647 648 649 650 651 652 653 654 655 656 657 658 659]] [44 [660 661 662 663 664 665 666 667 668 669 670 671 672 673 674]] [45 [675 676 677 678 679 680 681 682 683 684 685 686 687 688]] [46 [690 691 692 693 694 695 696 697 698 699 700 701 702 703 704]] [47 [705 706 707 708 709 710 711 712 713 715 716 717 718 719]] [48 [720 721 722 724 725 726 727 728 729 730 731 732 733 734]] [49 [735 736 737 738 739 740 741 742 743 744 745 746 747 748 749]] [50 [750 751 752 753 754 755 756 757 758 759 760 761 762 763 764]] [51 [765 766 767 768 769 770 771 772 773 774 775 776 777 778 779]] [52 [780 781 782 783 784 785 786 787 788 789 790 791 792 793 794]] [53 [795 796 797 798 799 800 801 802 803 804 805 806 807 808 809]] [54 [810 811 812 813 814 815 816 817 818 819 820 821 822 823 824]] [55 [825 826 827 828 829 830 831 832 833 834 835 836 837 838 839]] [56 [840 841 842 843 844 845 846 847 848 849 850 851 852 853 854]] [57 [855 856 857 858 859 860 861 862 863 864 865 866 867 868 869]] [58 [870 871 872 873 874 875 876 877 878 879 881 882 883 884]] [59 [885 886 887 888 889 890 891 892 893 894 895 896 897 898 899]] [60 [900 901 902 903 904 905 906 907 908 909 910 911 912 913 914]] [61 [915 916 917 918 919 920 921 922 923 924 925 926 927 928 929]] [62 [930 931 932 933 934 935 936 937 938 939 940 941 942 943 944]] [63 [945 946 948 949 950 951 952 953 954 955 956 957 958 959]] [64 [960 961 962 963 964 965 966 967 968 969 970 971 972 973 974]] [65 [975 976 977 978 979 980 981 982 983 984 985 986 987 988 989]] [66 [990 991 992 993 994 995 996 997 998 999 1000 1001 1002 1003 1004]] [67 [1005 1006 1007 1009 1010 1011 1012 1013 1014 1015 1016 1017 1018 1019]] [68 [1020 1021 1022 1023 1024 1025 1026 1027 1028 1029 1030 1031 1032 1033 1034]] [69 [1035 1036 1037 1038 1040 1042 1043 1044 1046 1047 1048]] [70 [1050 1051 1052 1053 1054 1055 1056 1057 1058 1059 1060 1061 1062 1063 1064]] [71 [1065 1066 1067 1068 1069 1070 1071 1072 1073 1074 1075 1076 1077 1078 1079]] [72 [1080 1081 1082 1083 1084 1085 1086 1087 1088 1089 1090 1091 1092 1093 1094]] [73 [1095 1096 1097 1098 1099 1100 1101 1102 1103 1104 1105 1106 1107 1108 1109]] [74 [1110 1111 1112 1113 1114 1115 1116 1117 1118 1119 1120 1121 1122 1123 1124]] [75 [1125 1126 1127 1128 1129 1130 1131 1132 1133 1134 1135 1136 1137 1138 1139]] [76 [1140 1141 1142 1143 1144 1145 1146 1147 1148 1149 1150 1151 1152 1153 1154]] [77 [1155 1156 1157 1158 1159 1160 1161 1162 1163 1164 1165 1166 1167 1168 1169]] [78 [1170 1171 1172 1173 1174 1175 1176 1177 1178 1179 1180 1181 1182 1183 1184]] [79 [1185 1186 1187 1188 1189 1190 1191 1192 1193 1194 1195 1196 1197 1198 1199]] [80 [1200 1201 1202 1203 1204 1205 1206 1207 1208 1209 1210 1211 1212 1213 1214]] [81 [1215 1216 1217 1218 1219 1220 1221 1222 1223 1224 1225 1226 1227 1228 1229]] [82 [1230 1231 1232 1233 1234 1235 1236 1237 1238 1239 1240 1241 1242 1243 1244]] [83 [1245 1246 1247 1248 1249 1250 1251 1252 1253 1254 1255 1256 1257 1258 1259]] [84 [1260 1261 1262 1263 1264 1265 1266 1267 1268 1269 1270 1271 1272 1273 1274]] [85 [1275 1276 1277 1278 1279 1280 1281 1282 1283 1284 1285 1287 1288 1289]] [86 [1290 1291 1292 1293 1295 1296 1297 1298 1299 1300 1301 1302 1303 1304]] [87 [1305 1306 1307 1308 1309 1310 1311 1312 1313 1314 1315 1316 1317 1318 1319]] [88 [1320 1321 1322 1324 1325 1326 1327 1328 1329 1330 1331 1332 1333 1334]] [89 [1335 1336 1337 1338 1339 1340 1342 1343 1344 1345 1346 1347 1348 1349]] [90 [1350 1351 1352 1353 1354 1355 1356 1357 1358 1359 1360 1361 1362 1363 1364]] [91 [1365 1366 1367 1368 1369 1370 1371 1372 1373 1374 1375 1376 1377 1378 1379]] [92 [1380 1381 1382 1383 1384 1385 1386 1387 1388 1389 1390 1391 1392 1393 1394]] [93 [1395 1396 1397 1398 1399 1400 1401 1402 1403 1404 1405 1406 1407 1408 1409]] [94 [1410 1411 1412 1413 1414 1415 1416 1417 1418 1419 1420 1421 1422 1423 1424]] [95 [1425 1426 1427 1428 1429 1430 1431 1432 1433 1434 1435 1436 1437 1438 1439]] [96 [1440 1441 1442 1443 1444 1445 1446 1447 1448 1449 1450 1451 1452 1453 1454]] [97 [1455 1456 1457 1458 1459 1460 1461 1462 1463 1464 1465 1466 1467 1468 1469]] [98 [1470 1471 1472 1473 1474 1475 1476 1477 1478 1479 1480 1481 1482 1483 1484]] [99 [1485 1486 1487 1488 1489 1490 1491 1492 1493 1494 1495 1496 1497 1498 1499]]]","[[0 [0 1 2 3 4 5 6 7 8 10 11]] [1 [17 19 20 21 22 23 24 25 26 27 29]] [2 [30 31 32 33 36 37 38 39 40 41 42 43 44]] [3 [45 46 47 48 51 52 53 54 55 56 58]] [4 [60 61 62 63 64 65 66 70 71 72 73 74]] [5 [77 78 79 80 82 84 85 87 88]] [6 [90 91 92 94 95 96 97 98 99 100 101 102 103 104]] [7 [106 107 111 112 113 114 115 116 117 118 119]] [8 [120 121 122 123 124 125 126 128 129 130 131 133 134]] [9 [135 137 138 140 141 142 143 144 145 146]] [10 [151 152 153 154 155 156 158 159 160 161 162 164]] [11 [166 167 170 171 172 173 174 176 177 178 179]] [12 [180 181 184 185 186 187 188 189 192 193]] [13 [195 196 197 200 201 202 203 204 205 207 208]] [14 [210 211 213 214 215 216 217 218 219 220 221 222 224]] [15 [225 226 228 229 230 231 232 233 234 235 236 237 238 239]] [16 [242 243 244 245 246 247 248 249 250 251 252 253]] [17 [255 256 257 258 259 260 261 262 263 264 265 267 268 269]] [18 [270 271 272 273 274 275 277 279 280 281 283 284]] [19 [285 286 287 288 289 290 291 292 293 294 295 297 298 299]] [20 [300 301 302 303 304 305 306 307 308 309 310 311 313 314]] [21 [315 316 319 320 321 322 323 325 326 327 328 329]] [22 [331 332 333 334 335 336 337 338 339 340 342 343 344]] [23 [345 347 348 349 350 351 352 353 354 355 356 357 358]] [24 [361 362 363 364 365 366 367 368 369 370 371 372 373 374]] [25 [378 379 380 381 382 383 384 385 386 387 388 389]] [26 [390 391 392 394 395 396 398 399 400 401 402 403 404]] [27 [406 407 408 409 411 412 413 414 416 417 418 419]] [28 [420 421 422 424 425 427 428 429 430 431 432 433 434]] [29 [435 437 438 439 440 442 443 444 448 449]] [30 [450 451 452 453 455 456 457 458 460 461 462 463 464]] [31 [465 466 467 468 469 470 471 472 473 474 475 476 477 478 479]] [32 [480 481 482 483 485 486 487 488 489 490 491 492 493 494]] [33 [495 496 497 498 499 500 501 502 504 505 506 507]] [34 [510 511 512 513 515 516 518 519 520 521 523 524]] [35 [525 526 527 528 530 531 532 533 534 535 536 537 538 539]] [36 [540 541 542 543 544 545 546 547 548 549 550 551 553 554]] [37 [555 556 557 558 559 560 561 562 563 564 565 566 567 569]] [38 [570 572 574 575 576 577 578 579 581 582 583 584]] [39 [585 586 587 589 590 592 593 594 595 596 597 598 599]] [40 [600 601 602 603 605 606 607 608 609 610 611 612 613 614]] [41 [615 616 618 619 620 621 622 623 624 626 627 628 629]] [42 [630 631 632 633 634 635 636 637 638 639 640 641 642 644]] [43 [645 647 648 649 651 652 653 655 656 657 659]] [44 [660 661 662 663 664 665 666 668 670 671 672 673 674]] [45 [675 676 677 678 679 680 681 682 683 684 685 686 687 688]] [46 [690 692 694 695 696 697 698 699 701 702 703 704]] [47 [705 706 707 708 709 710 711 712 713 715 716 717 718 719]] [48 [721 724 725 726 727 728 729 730 731 732 733 734]] [49 [735 736 737 738 740 741 742 743 744 745 746 747 748 749]] [50 [751 752 753 754 755 756 757 758 759 760 761 762 763 764]] [51 [765 766 767 768 770 772 773 774 776 777 778 779]] [52 [780 781 782 783 784 785 786 787 788 789 790 794]] [53 [795 796 797 798 799 800 801 802 803 804 805 807 808 809]] [54 [810 811 812 813 814 815 816 817 818 819 820 822]] [55 [825 826 827 828 829 830 831 832 833 835 836 839]] [56 [840 841 842 843 844 845 846 847 848 849 850 851 852 853 854]] [57 [855 856 857 858 859 860 861 862 864 865 866 867 868 869]] [58 [870 872 873 874 875 876 877 878 879 881 882 884]] [59 [886 887 888 889 890 891 892 893 896 897 898]] [60 [900 901 902 903 904 905 906 907 909 910 912 913 914]] [61 [916 917 918 920 921 922 923 924 925 926 927]] [62 [930 932 933 934 935 936 937 938 940 942 943 944]] [63 [945 946 950 951 952 953 954 956 957 958]] [64 [961 962 963 964 965 966 967 968 969 970 971 972 973 974]] [65 [975 976 978 979 980 981 983 984 985 988 989]] [66 [990 991 992 993 994 995 998 999 1001 1002 1003 1004]] [67 [1005 1007 1009 1010 1011 1012 1014 1016 1017 1018 1019]] [68 [1020 1021 1022 1023 1024 1025 1026 1027 1028 1029 1030 1031 1032 1033 1034]] [69 [1036 1037 1038 1042 1043 1044 1046 1047 1048]] [70 [1051 1052 1053 1054 1055 1058 1059 1060 1061 1062 1063]] [71 [1065 1067 1068 1069 1070 1072 1073 1074 1075 1077 1078]] [72 [1080 1081 1082 1083 1084 1085 1087 1089 1090 1092 1093 1094]] [73 [1095 1096 1097 1098 1099 1101 1102 1103 1104 1105 1106 1107 1108]] [74 [1110 1111 1112 1113 1114 1115 1118 1119 1120 1121 1122 1123 1124]] [75 [1125 1126 1127 1128 1129 1130 1131 1132 1134 1135 1138 1139]] [76 [1140 1141 1143 1144 1145 1146 1147 1148 1149 1151 1152 1153]] [77 [1155 1156 1157 1158 1159 1161 1162 1163 1165 1167 1169]] [78 [1170 1171 1172 1174 1176 1177 1178 1179 1180 1181 1182 1183 1184]] [79 [1185 1186 1187 1188 1189 1190 1192 1193 1195 1196 1197 1198 1199]] [80 [1200 1201 1202 1203 1205 1206 1207 1208 1209 1210 1211 1213 1214]] [81 [1215 1216 1217 1219 1220 1221 1224 1226 1227 1228 1229]] [82 [1230 1231 1232 1233 1234 1235 1236 1237 1238 1239 1241 1242 1243]] [83 [1246 1247 1248 1249 1250 1251 1252 1253 1254 1256 1258 1259]] [84 [1260 1261 1262 1263 1264 1265 1266 1267 1268 1270 1271 1272 1273 1274]] [85 [1276 1277 1278 1279 1280 1281 1283 1284 1285 1287 1288 1289]] [86 [1290 1291 1293 1296 1297 1298 1299 1300 1301 1302 1303 1304]] [87 [1305 1306 1307 1308 1309 1310 1311 1312 1314 1315 1316 1317 1318]] [88 [1320 1321 1322 1324 1325 1326 1327 1328 1329 1330 1332 1333 1334]] [89 [1335 1336 1337 1338 1339 1340 1342 1343 1344 1345 1346 1347 1348]] [90 [1350 1351 1353 1354 1355 1356 1357 1358 1359 1360 1363 1364]] [91 [1366 1367 1368 1369 1371 1372 1373 1374 1377 1378]] [92 [1382 1383 1384 1385 1386 1387 1388 1389 1390 1391 1392 1394]] [93 [1395 1396 1397 1398 1399 1400 1401 1402 1403 1404 1405 1406 1408 1409]] [94 [1410 1411 1412 1414 1415 1416 1417 1419 1420 1421 1422 1423]] [95 [1425 1427 1428 1429 1430 1431 1432 1433 1434 1435 1437 1438]] [96 [1440 1441 1442 1443 1444 1447 1448 1449 1450 1451 1452 1453 1454]] [97 [1455 1456 1457 1459 1460 1461 1462 1463 1464 1467 1468 1469]] [98 [1470 1471 1472 1473 1474 1475 1476 1477 1478 1479 1480 1481 1483 1484]] [99 [1485 1486 1487 1489 1490 1491 1492 1493 1494 1495 1496 1497 1499]]]",,"[[{media 50} [[""A"" [4 4]]]] [{media 52} [[""A"" [2 2]]]] [{media 54} [[""A"" [3 3]]]] [{media 55} [[""A"" [3 3]]]] [{media 56} [[""A"" [2 2]]]] [{media 57} [[""A"" [2 2]]]] [{media 58} [[""A"" [1 1]]]] [{media 59} [[""A"" [4 4]]]] [{media 63} [[""A"" [3 3]]]] [{media 64} [[""A"" [3 3]]]] [{media 60} [[""A"" [4 4]]]] [{citizen 4} [[""A"" [3 2]]]] [{citizen 24} [[""A"" [3 2]]]] [{citizen 30} [[""A"" [2 2]]]] [{media 51} [[""A"" [2 2]]]] [{citizen 0} [[""A"" [4 3]]]] [{citizen 9} [[""A"" [2 4]]]] [{citizen 17} [[""A"" [3 2]]]] [{citizen 18} [[""A"" [3 2]]]] [{media 62} [[""A"" [4 4]]]] [{citizen 15} [[""A"" [3 2]]]] [{media 53} [[""A"" [4 4]]]] [{citizen 3} [[""A"" [3 4]]]] [{media 61} [[""A"" [3 3]]]] [{citizen 1} [[""A"" [4 2]]]] [{citizen 5} [[""A"" [2 2]]]] [{citizen 49} [[""A"" [2 2]]]] [{citizen 25} [[""A"" [3 2]]]] [{citizen 48} [[""A"" [2 2]]]] [{citizen 31} [[""A"" [2 2]]]] [{citizen 43} [[""A"" [2 2]]]] [{citizen 21} [[""A"" [2 4]]]] [{citizen 7} [[""A"" [2 2]]]] [{citizen 41} [[""A"" [4 2]]]] [{citizen 12} [[""A"" [2 4]]]] [{citizen 20} [[""A"" [3 2]]]] [{citizen 22} [[""A"" [3 2]]]] [{citizen 19} [[""A"" [2 2]]]] [{citizen 47} [[""A"" [2 4]]]] [{citizen 33} [[""A"" [3 2]]]] [{citizen 10} [[""A"" [4 2]]]] [{citizen 6} [[""A"" [2 2]]]] [{citizen 29} [[""A"" [3 2]]]] [{citizen 26} [[""A"" [3 2]]]] [{citizen 37} [[""A"" [4 4]]]] [{citizen 44} [[""A"" [3 2]]]] [{citizen 14} [[""A"" [4 3]]]] [{citizen 38} [[""A"" [2 2]]]] [{citizen 8} [[""A"" [4 2]]]] [{citizen 35} [[""A"" [2 2]]]] [{citizen 13} [[""A"" [4 3]]]] [{citizen 28} [[""A"" [2 4]]]] [{citizen 40} [[""A"" [3 2]]]] [{citizen 46} [[""A"" [2 2]]]] [{citizen 45} [[""A"" [4 2]]]] [{citizen 23} [[""A"" [2 2]]]] [{citizen 36} [[""A"" [3 2]]]] [{citizen 34} [[""A"" [3 4]]]] [{citizen 42} [[""A"" [3 2]]]] [{citizen 2} [[""A"" [2 4]]]] [{citizen 32} [[""A"" [3 4]]]] [{citizen 27} [[""A"" [4 2]]]] [{citizen 16} [[""A"" [3 3]]]] [{citizen 11} [[""A"" [2 2]]]]]"
"40","[85 0 170]","352.65306122448965","-1.1854414803236482","13.505080632553158","""circle""","""""","9.9","{breed citizens}","false","0.5","1","""up""",,"[[""ID"" 4] [""alpha"" 1] [""beta"" 1] [""malleable"" [""A""]] [""prior"" []] [""cont_tokens"" []] [""A"" 4]]","[[0 [0 1 2 3 4 5 6 7 8 9 10 11 12 13 14]] [1 [15 16 17 18 19 20 21 22 23 24 25 26 27 28 29]] [2 [30 31 32 33 34 35 36 37 38 39 40 41 42 43 44]] [3 [45 46 47 48 49 50 51 52 53 54 55 56 57 58 59]] [4 [60 61 62 63 64 65 66 67 68 69 70 71 72 73 74]] [5 [75 76 77 78 79 80 81 82 83 84 85 86 87 88 89]] [6 [90 91 92 93 94 95 96 97 98 99 100 101 102 103 104]] [7 [105 106 107 108 109 110 111 112 113 114 115 116 117 118 119]] [8 [120 121 122 123 124 125 126 127 128 129 130 131 132 133 134]] [9 [135 136 137 138 139 140 141 142 143 144 145 146 147 148 149]] [10 [150 151 152 153 154 155 156 157 158 159 160 161 162 163 164]] [11 [165 166 167 168 169 170 171 172 173 174 175 176 177 178 179]] [12 [180 181 183 184 185 186 187 188 189 190 191 192 193 194]] [13 [195 196 197 198 199 200 201 202 203 204 205 206 207 208 209]] [14 [210 211 212 213 214 215 216 217 218 219 220 221 222 223 224]] [15 [225 226 227 228 229 230 231 232 233 234 235 236 237 238 239]] [16 [241 242 243 244 245 246 247 248 249 250 251 252 253 254]] [17 [255 256 257 258 259 260 261 262 263 264 265 266 267 268 269]] [18 [270 271 272 273 274 275 276 277 278 279 280 281 282 283 284]] [19 [285 286 287 288 289 290 291 292 293 294 295 296 297 298 299]] [20 [300 301 302 303 304 305 306 307 308 309 310 311 312 313 314]] [21 [315 316 317 318 319 320 321 322 323 324 325 326 327 328 329]] [22 [330 331 332 333 334 335 336 337 338 339 340 341 342 343 344]] [23 [345 346 347 348 349 350 351 352 353 354 355 356 357 358 359]] [24 [360 361 362 363 364 365 366 367 368 369 370 371 372 373 374]] [25 [375 376 377 378 379 380 381 382 383 384 385 386 387 388 389]] [26 [390 391 392 393 394 395 396 397 398 399 400 401 402 403 404]] [27 [405 406 407 408 409 410 411 412 413 414 415 416 417 418 419]] [28 [420 421 422 424 425 426 427 428 429 430 431 432 433 434]] [29 [435 436 437 438 439 440 441 442 443 444 445 446 447 448 449]] [30 [450 451 452 453 454 455 456 457 458 459 460 461 462 463 464]] [31 [465 466 467 468 469 470 471 472 473 474 475 476 477 478 479]] [32 [480 481 482 483 484 485 486 487 488 489 490 491 492 493 494]] [33 [495 496 497 498 499 500 501 502 503 504 505 506 507 508 509]] [34 [510 511 512 513 514 515 516 517 518 519 520 521 522 523 524]] [35 [525 526 527 528 529 530 531 532 533 534 535 536 537 538 539]] [36 [540 541 542 543 544 545 546 547 548 549 550 551 552 553 554]] [37 [555 556 557 558 559 560 561 562 563 564 565 566 567 568 569]] [38 [570 571 572 573 574 575 576 577 578 579 580 581 582 583 584]] [39 [585 586 587 588 589 590 592 593 594 595 596 597 598 599]] [40 [600 601 602 603 604 605 606 607 608 609 610 611 612 613 614]] [41 [615 616 617 618 619 620 621 622 623 624 626 627 628 629]] [42 [630 631 632 633 634 635 636 637 638 639 640 641 642 643 644]] [43 [645 646 647 648 649 650 651 652 653 654 655 656 657 658 659]] [44 [660 661 662 663 664 665 666 667 668 669 670 671 672 673 674]] [45 [675 676 677 678 679 680 681 682 683 684 685 686 687 688]] [46 [690 691 692 693 694 695 696 697 698 699 700 701 702 703 704]] [47 [705 706 707 708 709 710 711 712 713 715 716 717 718 719]] [48 [720 721 722 723 724 725 726 727 728 729 730 731 732 733 734]] [49 [735 736 737 738 739 740 741 742 743 744 745 746 747 748 749]] [50 [750 751 752 753 754 755 756 757 758 759 760 761 762 763 764]] [51 [765 766 767 768 769 770 771 772 773 774 775 776 777 778 779]] [52 [780 781 782 783 784 785 786 787 788 789 790 791 792 793 794]] [53 [795 796 797 798 799 800 801 802 803 804 805 806 807 808 809]] [54 [810 811 812 813 814 815 816 817 818 819 820 821 822 823 824]] [55 [825 826 827 828 829 830 831 832 833 834 835 836 837 838 839]] [56 [840 841 842 843 844 845 846 847 848 849 850 851 852 853 854]] [57 [855 856 857 858 859 860 861 862 863 864 865 866 867 868 869]] [58 [870 871 872 873 874 875 876 877 878 879 881 882 883 884]] [59 [885 886 887 888 889 890 891 892 893 894 895 896 897 898 899]] [60 [900 901 902 903 904 905 906 907 908 909 910 911 912 913 914]] [61 [915 916 917 918 919 920 921 922 923 924 925 926 927 928 929]] [62 [930 931 932 933 934 935 936 937 938 939 940 941 942 943 944]] [63 [945 946 948 949 950 951 952 953 954 955 956 957 958 959]] [64 [960 961 962 963 964 965 966 967 968 969 970 971 972 973 974]] [65 [975 976 977 978 979 980 981 982 983 984 985 986 987 988 989]] [66 [990 991 992 993 994 995 996 997 998 999 1000 1001 1002 1003 1004]] [67 [1005 1006 1007 1009 1010 1011 1012 1013 1014 1015 1016 1017 1018 1019]] [68 [1020 1021 1022 1023 1024 1025 1026 1027 1028 1029 1030 1031 1032 1033 1034]] [69 [1035 1036 1037 1038 1040 1042 1043 1044 1046 1047 1048]] [70 [1050 1051 1052 1053 1054 1055 1056 1057 1058 1059 1060 1061 1062 1063 1064]] [71 [1065 1066 1067 1068 1069 1070 1071 1072 1073 1074 1075 1076 1077 1078 1079]] [72 [1080 1081 1082 1083 1084 1085 1086 1087 1088 1089 1090 1091 1092 1093 1094]] [73 [1095 1096 1097 1098 1099 1100 1101 1102 1103 1104 1105 1106 1107 1108 1109]] [74 [1110 1111 1112 1113 1114 1115 1116 1117 1118 1119 1120 1121 1122 1123 1124]] [75 [1125 1126 1127 1128 1129 1130 1131 1132 1133 1134 1135 1136 1137 1138 1139]] [76 [1140 1141 1142 1143 1144 1145 1146 1147 1148 1149 1150 1151 1152 1153 1154]] [77 [1155 1156 1157 1158 1159 1160 1161 1162 1163 1164 1165 1166 1167 1168 1169]] [78 [1170 1171 1172 1173 1174 1175 1176 1177 1178 1179 1180 1181 1182 1183 1184]] [79 [1185 1186 1187 1188 1189 1190 1191 1192 1193 1194 1195 1196 1197 1198 1199]] [80 [1200 1201 1202 1203 1204 1205 1206 1207 1208 1209 1210 1211 1212 1213 1214]] [81 [1215 1216 1217 1218 1219 1220 1221 1222 1223 1224 1225 1226 1227 1228 1229]] [82 [1230 1231 1232 1233 1234 1235 1236 1237 1238 1239 1240 1241 1242 1243 1244]] [83 [1245 1246 1247 1248 1249 1250 1251 1252 1253 1254 1255 1256 1257 1258 1259]] [84 [1260 1261 1262 1263 1264 1265 1266 1267 1268 1269 1270 1271 1272 1273 1274]] [85 [1275 1276 1277 1278 1279 1280 1281 1282 1283 1284 1285 1287 1288 1289]] [86 [1290 1291 1292 1293 1295 1296 1297 1298 1299 1300 1301 1302 1303 1304]] [87 [1305 1306 1307 1308 1309 1310 1311 1312 1313 1314 1315 1316 1317 1318 1319]] [88 [1320 1321 1322 1324 1325 1326 1327 1328 1329 1330 1331 1332 1333 1334]] [89 [1335 1336 1337 1338 1339 1340 1342 1343 1344 1345 1346 1347 1348 1349]] [90 [1350 1351 1352 1353 1354 1355 1356 1357 1358 1359 1360 1361 1362 1363 1364]] [91 [1365 1366 1367 1368 1369 1370 1371 1372 1373 1374 1375 1376 1377 1378 1379]] [92 [1380 1381 1382 1383 1384 1385 1386 1387 1388 1389 1390 1391 1392 1393 1394]] [93 [1395 1396 1397 1398 1399 1400 1401 1402 1403 1404 1405 1406 1407 1408 1409]] [94 [1410 1411 1412 1413 1414 1415 1416 1417 1418 1419 1420 1421 1422 1423 1424]] [95 [1425 1426 1427 1428 1429 1430 1431 1432 1433 1434 1435 1436 1437 1438 1439]] [96 [1440 1441 1442 1443 1444 1445 1446 1447 1448 1449 1450 1451 1452 1453 1454]] [97 [1455 1456 1457 1458 1459 1460 1461 1462 1463 1464 1465 1466 1467 1468 1469]] [98 [1470 1471 1472 1473 1474 1475 1476 1477 1478 1479 1480 1481 1482 1483 1484]] [99 [1485 1486 1487 1488 1489 1490 1491 1492 1493 1494 1495 1496 1497 1498 1499]]]","[[0 [1 2 3 4 5 6 7 8 10 11 13]] [1 [16 17 18 19 20 21 22 24 25 26 28 29]] [2 [30 31 32 33 35 36 37 38 39 40 41 42 43 44]] [3 [45 46 47 48 49 50 51 52 53 54 55 56 58]] [4 [60 61 62 63 64 65 66 67 68 69 72 73 74]] [5 [75 76 77 78 79 80 82 84 85 86 87 88 89]] [6 [90 91 92 94 95 96 97 98 99 100 101 102 103 104]] [7 [106 107 110 111 112 113 114 115 116 117 118 119]] [8 [120 121 122 123 125 126 127 129 130 133 134]] [9 [135 137 138 139 140 141 142 143 144 145 146 148 149]] [10 [150 151 152 153 154 155 156 158 160 161 162 164]] [11 [165 166 167 171 173 174 175 176 177 178 179]] [12 [180 181 183 184 185 186 187 188 189 190 191 192 193 194]] [13 [195 196 197 198 199 200 201 202 203 204 206 207 208 209]] [14 [210 211 212 213 214 215 216 217 218 220 221 222 224]] [15 [225 226 228 229 230 231 232 233 234 235 236 237 238 239]] [16 [242 244 245 246 247 248 249 250 251 252 254]] [17 [255 256 257 258 259 260 261 263 264 266 269]] [18 [270 271 272 273 276 279 280 281 283 284]] [19 [286 287 288 289 290 291 292 293 294 296 297 298]] [20 [300 301 302 303 304 305 306 307 308 309 312 313 314]] [21 [315 316 319 320 321 322 323 325 326 327 328 329]] [22 [330 331 332 333 334 335 336 337 338 339 340 342 343 344]] [23 [345 346 347 348 349 350 352 353 354 355 356 359]] [24 [360 361 362 363 364 365 366 367 368 369 371]] [25 [375 376 377 378 379 380 381 382 383 384 385 386 387 389]] [26 [390 391 393 395 396 397 398 399 400 401 402 403 404]] [27 [405 406 407 408 409 414 415 417 418 419]] [28 [420 421 422 424 425 427 428 429 430 431 432 433 434]] [29 [435 436 437 438 439 440 441 442 443 444 445 446 447 449]] [30 [450 451 452 453 456 457 458 459 460 461 462 463 464]] [31 [465 466 467 468 469 470 471 472 473 474 475 476 477 478 479]] [32 [480 481 482 483 484 486 487 488 489 491 492 493 494]] [33 [495 496 497 498 499 500 501 502 504 505 506 508 509]] [34 [510 511 512 513 515 516 517 518 519 520 521 523 524]] [35 [525 526 527 528 531 532 533 534 535 536]] [36 [540 541 544 545 546 547 548 549 550 551 554]] [37 [555 556 557 558 559 560 561 562 563 564 565 566 567 569]] [38 [570 572 574 575 576 577 578 579 581 582 583 584]] [39 [585 586 587 589 590 592 593 594 595 596 597]] [40 [600 601 602 603 604 607 609 610 611 612 613 614]] [41 [615 616 617 618 619 620 621 622 623 624 626 627 628 629]] [42 [630 633 634 635 636 637 638 639 640 641 642 643 644]] [43 [645 647 648 649 651 652 653 655 656 657 659]] [44 [660 661 662 663 665 666 668 669 670 671 672 673 674]] [45 [675 676 677 678 679 680 683 684 685 686 687 688]] [46 [691 693 694 695 696 697 698 699 700 703 704]] [47 [705 706 707 708 709 710 711 712 713 715 716 717]] [48 [720 721 722 724 725 726 727 728 729 730 731 732 733]] [49 [735 737 738 739 740 741 742 743 744 745 746 747 748 749]] [50 [751 752 753 754 755 756 757 758 759 760 761 762 763 764]] [51 [765 766 767 768 770 772 775 776 777 778 779]] [52 [780 781 782 783 784 785 786 787 788 789 790 794]] [53 [795 796 797 798 799 800 801 802 803 804 805 806 807 808 809]] [54 [810 811 812 813 815 816 817 819 820 821 822]] [55 [826 827 828 829 830 831 832 833 834 835 836 838 839]] [56 [840 841 842 843 844 845 846 847 848 849 850 851 852 853 854]] [57 [856 857 858 859 860 861 863 864 865 866 867 868 869]] [58 [870 872 873 874 875 876 877 878 879 882 883 884]] [59 [885 886 887 888 889 890 891 892 893 894 895 896 897 898]] [60 [900 901 902 903 905 906 907 909 910 911 912 913 914]] [61 [916 917 918 920 921 923 924 925 926 927]] [62 [931 936 937 938 941 942 943 944]] [63 [945 946 948 949 951 952 953 954 956 957 958]] [64 [960 963 965 966 967 968 969 970 971 972 973 974]] [65 [975 976 977 979 980 981 982 983 984 985 988 989]] [66 [990 991 992 993 994 995 997 998 999 1000 1001 1002 1003 1004]] [67 [1006 1007 1009 1010 1011 1012 1014 1017 1018 1019]] [68 [1020 1021 1022 1023 1024 1025 1026 1028 1029 1030 1031 1032 1033 1034]] [69 [1037 1038 1042 1043 1044 1046 1047 1048]] [70 [1050 1051 1052 1053 1054 1055 1058 1059 1060 1061 1062 1063]] [71 [1065 1067 1068 1069 1070 1072 1073 1074 1075 1076 1077 1078]] [72 [1080 1081 1082 1083 1084 1085 1087 1088 1089 1090 1093 1094]] [73 [1095 1096 1097 1098 1099 1100 1102 1103 1104 1105 1106 1107 1108]] [74 [1110 1111 1114 1115 1118 1119 1120 1121 1122 1123]] [75 [1125 1126 1127 1128 1129 1130 1131 1133 1136 1137 1138 1139]] [76 [1141 1142 1143 1144 1145 1146 1147 1148 1149 1151 1152 1153]] [77 [1155 1156 1157 1158 1159 1160 1161 1162 1163 1164 1165 1166 1168 1169]] [78 [1170 1171 1172 1174 1175 1177 1178 1179 1180 1181 1182 1183]] [79 [1185 1186 1187 1188 1189 1191 1192 1193 1195 1196 1197 1199]] [80 [1200 1201 1203 1205 1206 1207 1208 1212 1213 1214]] [81 [1215 1217 1219 1220 1221 1224 1225 1226 1227 1228 1229]] [82 [1230 1231 1232 1233 1234 1235 1236 1237 1238 1240 1241 1242 1243]] [83 [1246 1247 1248 1249 1250 1251 1252 1253 1255 1256 1258 1259]] [84 [1260 1261 1262 1263 1264 1265 1266 1267 1268 1270 1271 1273 1274]] [85 [1275 1276 1277 1278 1279 1280 1281 1282 1283 1284 1285 1287 1288 1289]] [86 [1290 1291 1293 1295 1296 1297 1298 1299 1301 1302 1303 1304]] [87 [1305 1306 1307 1308 1309 1310 1311 1312 1314 1315 1316 1317 1318]] [88 [1320 1321 1324 1325 1326 1327 1328 1329 1330 1332 1333 1334]] [89 [1335 1337 1339 1340 1342 1343 1344 1345 1346 1347 1348 1349]] [90 [1351 1353 1354 1355 1356 1357 1358 1359 1360 1361 1362 1364]] [91 [1366 1367 1368 1369 1370 1371 1372 1373 1374 1377 1378 1379]] [92 [1380 1381 1382 1383 1384 1385 1386 1387 1388 1389 1390 1391 1392]] [93 [1396 1397 1398 1399 1400 1401 1402 1403 1404 1405 1406 1408 1409]] [94 [1412 1414 1415 1416 1417 1419 1420 1421 1422 1423]] [95 [1425 1427 1428 1430 1431 1432 1433 1434 1435 1437 1438]] [96 [1440 1441 1442 1443 1444 1445 1446 1449 1452 1453 1454]] [97 [1455 1456 1457 1458 1459 1461 1462 1463 1464 1467 1468 1469]] [98 [1470 1471 1472 1473 1474 1475 1478 1479 1480 1481 1483 1484]] [99 [1485 1486 1487 1489 1490 1491 1492 1493 1494 1495 1496 1497 1498 1499]]]",,"[[{citizen 46} [[""A"" [2 4]]]] [{media 50} [[""A"" [4 4]]]] [{media 52} [[""A"" [2 2]]]] [{media 54} [[""A"" [3 3]]]] [{media 55} [[""A"" [3 3]]]] [{media 56} [[""A"" [2 2]]]] [{media 57} [[""A"" [2 2]]]] [{media 58} [[""A"" [1 1]]]] [{media 59} [[""A"" [4 4]]]] [{media 63} [[""A"" [3 3]]]] [{media 64} [[""A"" [3 3]]]] [{media 60} [[""A"" [4 4]]]] [{citizen 4} [[""A"" [2 4]]]] [{citizen 25} [[""A"" [2 2]]]] [{citizen 13} [[""A"" [2 4]]]] [{citizen 28} [[""A"" [4 4]]]] [{citizen 34} [[""A"" [2 2]]]] [{media 51} [[""A"" [2 2]]]] [{citizen 10} [[""A"" [4 2]]]] [{citizen 18} [[""A"" [2 2]]]] [{media 62} [[""A"" [4 4]]]] [{citizen 9} [[""A"" [2 4]]]] [{citizen 17} [[""A"" [2 2]]]] [{media 53} [[""A"" [4 4]]]] [{citizen 3} [[""A"" [4 4]]]] [{media 61} [[""A"" [3 3]]]] [{citizen 1} [[""A"" [4 2]]]] [{citizen 5} [[""A"" [3 2]]]] [{citizen 49} [[""A"" [2 4]]]] [{citizen 32} [[""A"" [4 4]]]] [{citizen 15} [[""A"" [2 2]]]] [{citizen 0} [[""A"" [2 2]]]] [{citizen 16} [[""A"" [3 2]]]] [{citizen 44} [[""A"" [2 2]]]] [{citizen 2} [[""A"" [4 4]]]] [{citizen 37} [[""A"" [4 4]]]] [{citizen 26} [[""A"" [2 2]]]] [{citizen 29} [[""A"" [3 2]]]] [{citizen 48} [[""A"" [2 4]]]] [{citizen 31} [[""A"" [2 4]]]] [{citizen 43} [[""A"" [2 2]]]] [{citizen 21} [[""A"" [3 4]]]] [{citizen 7} [[""A"" [2 2]]]] [{citizen 41} [[""A"" [4 2]]]] [{citizen 12} [[""A"" [2 4]]]] [{citizen 20} [[""A"" [2 2]]]] [{citizen 22} [[""A"" [2 2]]]] [{citizen 19} [[""A"" [2 2]]]] [{citizen 47} [[""A"" [2 4]]]] [{citizen 33} [[""A"" [2 2]]]] [{citizen 6} [[""A"" [2 2]]]] [{citizen 24} [[""A"" [2 2]]]] [{citizen 14} [[""A"" [2 2]]]] [{citizen 38} [[""A"" [2 2]]]] [{citizen 8} [[""A"" [2 2]]]] [{citizen 35} [[""A"" [2 2]]]] [{citizen 23} [[""A"" [2 2]]]] [{citizen 36} [[""A"" [2 4]]]] [{citizen 39} [[""A"" [4 4]]]] [{citizen 45} [[""A"" [4 2]]]] [{citizen 42} [[""A"" [2 4]]]] [{citizen 30} [[""A"" [2 2]]]] [{citizen 27} [[""A"" [2 2]]]] [{citizen 11} [[""A"" [2 4]]]]]"
"41","[85 0 170]","103.77551020408163","13.504612626342443","-3.0534487028938058","""circle""","""""","9.9","{breed citizens}","false","0.5","1","""up""",,"[[""ID"" 6] [""alpha"" 1] [""beta"" 1] [""malleable"" [""A""]] [""prior"" []] [""cont_tokens"" []] [""A"" 4]]","[[0 [0 1 2 3 4 5 6 7 8 9 10 11 12 13 14]] [1 [15 16 17 18 19 20 21 22 23 24 25 26 27 28 29]] [2 [30 31 32 33 34 35 36 37 38 39 40 41 42 43 44]] [3 [45 46 47 48 49 50 51 52 53 54 55 56 57 58 59]] [4 [60 61 62 63 64 65 66 67 68 69 70 71 72 73 74]] [5 [75 76 77 78 79 80 81 82 83 84 85 86 87 88 89]] [6 [90 91 92 93 94 95 96 97 98 99 100 101 102 103 104]] [7 [105 106 107 108 109 110 111 112 113 114 115 116 117 118 119]] [8 [120 121 122 123 124 125 126 127 128 129 130 131 132 133 134]] [9 [135 136 137 138 139 140 141 142 143 144 145 146 147 148 149]] [10 [150 151 152 153 154 155 156 157 158 159 160 161 162 163 164]] [11 [165 166 167 168 169 170 171 172 173 174 175 176 177 178 179]] [12 [180 181 183 184 185 186 187 188 189 190 191 192 193 194]] [13 [195 196 197 198 199 200 201 202 203 204 205 206 207 208 209]] [14 [210 211 212 213 214 215 216 217 218 219 220 221 222 223 224]] [15 [225 226 227 228 229 230 231 232 233 234 235 236 237 238 239]] [16 [241 242 243 244 245 246 247 248 249 250 251 252 253 254]] [17 [255 256 257 258 259 260 261 262 263 264 265 266 267 268 269]] [18 [270 271 272 273 274 275 276 277 278 279 280 281 282 283 284]] [19 [285 286 287 288 289 290 291 292 293 294 295 296 297 298 299]] [20 [300 301 302 303 304 305 306 307 308 309 310 311 312 313 314]] [21 [315 316 317 318 319 320 321 322 323 324 325 326 327 328 329]] [22 [330 331 332 333 334 335 336 337 338 339 340 341 342 343 344]] [23 [345 346 347 348 349 350 351 352 353 354 355 356 357 358 359]] [24 [360 361 362 363 364 365 366 367 368 369 370 371 372 373 374]] [25 [375 376 377 378 379 380 381 382 383 384 385 386 387 388 389]] [26 [390 391 392 393 394 395 396 397 398 399 400 401 402 403 404]] [27 [405 406 407 408 409 410 411 412 413 414 415 416 417 418 419]] [28 [420 421 422 424 425 426 427 428 429 430 431 432 433 434]] [29 [435 436 437 438 439 440 441 442 443 444 445 446 447 448 449]] [30 [450 451 452 453 454 455 456 457 458 459 460 461 462 463 464]] [31 [465 466 467 468 469 470 471 472 473 474 475 476 477 478 479]] [32 [480 481 482 483 484 485 486 487 488 489 490 491 492 493 494]] [33 [495 496 497 498 499 500 501 502 503 504 505 506 507 508 509]] [34 [510 511 512 513 514 515 516 517 518 519 520 521 522 523 524]] [35 [525 526 527 528 529 530 531 532 533 534 535 536 537 538 539]] [36 [540 541 542 543 544 545 546 547 548 549 550 551 553 554]] [37 [555 556 557 558 559 560 561 562 563 564 565 566 567 568 569]] [38 [570 571 572 573 574 575 576 577 578 579 580 581 582 583 584]] [39 [585 586 587 588 589 590 592 593 594 595 596 597 598 599]] [40 [600 601 602 603 604 605 606 607 608 609 610 611 612 613 614]] [41 [615 616 617 618 619 620 621 622 623 624 626 627 628 629]] [42 [630 631 632 633 634 635 636 637 638 639 640 641 642 643 644]] [43 [645 646 647 648 649 650 651 652 653 654 655 656 657 658 659]] [44 [660 661 662 663 664 665 666 667 668 669 670 671 672 673 674]] [45 [675 676 677 678 679 680 681 682 683 684 685 686 687 688]] [46 [690 691 692 693 694 695 696 697 698 699 700 701 702 703 704]] [47 [705 706 707 708 709 710 711 712 713 715 716 717 718 719]] [48 [720 721 722 724 725 726 727 728 729 730 731 732 733 734]] [49 [735 736 737 738 739 740 741 742 743 744 745 746 747 748 749]] [50 [750 751 752 753 754 755 756 757 758 759 760 761 762 763 764]] [51 [765 766 767 768 769 770 771 772 773 774 775 776 777 778 779]] [52 [780 781 782 783 784 785 786 787 788 789 790 791 792 793 794]] [53 [795 796 797 798 799 800 801 802 803 804 805 806 807 808 809]] [54 [810 811 812 813 814 815 816 817 818 819 820 821 822 823 824]] [55 [825 826 827 828 829 830 831 832 833 834 835 836 837 838 839]] [56 [840 841 842 843 844 845 846 847 848 849 850 851 852 853 854]] [57 [855 856 857 858 859 860 861 862 863 864 865 866 867 868 869]] [58 [870 871 872 873 874 875 876 877 878 879 881 882 883 884]] [59 [885 886 887 888 889 890 891 892 893 894 895 896 897 898 899]] [60 [900 901 902 903 904 905 906 907 908 909 910 911 912 913 914]] [61 [915 916 917 918 919 920 921 922 923 924 925 926 927 928 929]] [62 [930 931 932 933 934 935 936 937 938 939 940 941 942 943 944]] [63 [945 946 948 949 950 951 952 953 954 955 956 957 958 959]] [64 [960 961 962 963 964 965 966 967 968 969 970 971 972 973 974]] [65 [975 976 977 978 979 980 981 982 983 984 985 986 987 988 989]] [66 [990 991 992 993 994 995 996 997 998 999 1000 1001 1002 1003 1004]] [67 [1005 1006 1007 1009 1010 1011 1012 1013 1014 1015 1016 1017 1018 1019]] [68 [1020 1021 1022 1023 1024 1025 1026 1027 1028 1029 1030 1031 1032 1033 1034]] [69 [1035 1036 1037 1038 1040 1042 1043 1044 1046 1047 1048]] [70 [1050 1051 1052 1053 1054 1055 1056 1057 1058 1059 1060 1061 1062 1063 1064]] [71 [1065 1066 1067 1068 1069 1070 1071 1072 1073 1074 1075 1076 1077 1078 1079]] [72 [1080 1081 1082 1083 1084 1085 1086 1087 1088 1089 1090 1091 1092 1093 1094]] [73 [1095 1096 1097 1098 1099 1100 1101 1102 1103 1104 1105 1106 1107 1108 1109]] [74 [1110 1111 1112 1113 1114 1115 1116 1117 1118 1119 1120 1121 1122 1123 1124]] [75 [1125 1126 1127 1128 1129 1130 1131 1132 1133 1134 1135 1136 1137 1138 1139]] [76 [1140 1141 1142 1143 1144 1145 1146 1147 1148 1149 1150 1151 1152 1153 1154]] [77 [1155 1156 1157 1158 1159 1160 1161 1162 1163 1164 1165 1166 1167 1168 1169]] [78 [1170 1171 1172 1173 1174 1175 1176 1177 1178 1179 1180 1181 1182 1183 1184]] [79 [1185 1186 1187 1188 1189 1190 1191 1192 1193 1194 1195 1196 1197 1198 1199]] [80 [1200 1201 1202 1203 1204 1205 1206 1207 1208 1209 1210 1211 1212 1213 1214]] [81 [1215 1216 1217 1218 1219 1220 1221 1222 1223 1224 1225 1226 1227 1228 1229]] [82 [1230 1231 1232 1233 1234 1235 1236 1237 1238 1239 1240 1241 1242 1243 1244]] [83 [1245 1246 1247 1248 1249 1250 1251 1252 1253 1254 1255 1256 1257 1258 1259]] [84 [1260 1261 1262 1263 1264 1265 1266 1267 1268 1269 1270 1271 1272 1273 1274]] [85 [1275 1276 1277 1278 1279 1280 1281 1282 1283 1284 1285 1287 1288 1289]] [86 [1290 1291 1292 1293 1295 1296 1297 1298 1299 1300 1301 1302 1303 1304]] [87 [1305 1306 1307 1308 1309 1310 1311 1312 1313 1314 1315 1316 1317 1318 1319]] [88 [1320 1321 1322 1324 1325 1326 1327 1328 1329 1330 1331 1332 1333 1334]] [89 [1335 1336 1337 1338 1339 1340 1342 1343 1344 1345 1346 1347 1348 1349]] [90 [1350 1351 1352 1353 1354 1355 1356 1357 1358 1359 1360 1361 1362 1363 1364]] [91 [1365 1366 1367 1368 1369 1370 1371 1372 1373 1374 1375 1376 1377 1378 1379]] [92 [1380 1381 1382 1383 1384 1385 1386 1387 1388 1389 1390 1391 1392 1393 1394]] [93 [1395 1396 1397 1398 1399 1400 1401 1402 1403 1404 1405 1406 1407 1408 1409]] [94 [1410 1411 1412 1413 1414 1415 1416 1417 1418 1419 1420 1421 1422 1423 1424]] [95 [1425 1426 1427 1428 1429 1430 1431 1432 1433 1434 1435 1436 1437 1438 1439]] [96 [1440 1441 1442 1443 1444 1445 1446 1447 1448 1449 1450 1451 1452 1453 1454]] [97 [1455 1456 1457 1458 1459 1460 1461 1462 1463 1464 1465 1466 1467 1468 1469]] [98 [1470 1471 1472 1473 1474 1475 1476 1477 1478 1479 1480 1481 1482 1483 1484]] [99 [1485 1486 1487 1488 1489 1490 1491 1492 1493 1494 1495 1496 1497 1498 1499]]]","[[0 [1 2 3 4 5 6 7 8 9 10 11 13]] [1 [16 17 18 19 20 21 22 24 25 26 28]] [2 [30 31 32 33 36 37 38 40 41 42 43 44]] [3 [45 46 47 48 49 51 52 53 54 55 56 58]] [4 [60 61 62 63 64 67 68 69 72 73 74]] [5 [75 76 77 78 79 80 81 83 84 85 86 89]] [6 [90 91 92 94 95 96 97 98 99 100 101 103 104]] [7 [106 107 109 110 111 112 113 114 115 116 117 118 119]] [8 [120 121 122 124 125 126 128 130 131 133 134]] [9 [135 136 137 138 141 142 143 144 145 146]] [10 [151 153 154 155 156 158 159 160 161 162 164]] [11 [165 166 167 172 173 174 175 176 177 178 179]] [12 [180 181 183 184 185 186 187 188 189 192 193 194]] [13 [195 196 197 198 199 200 201 202 203 204 206 207 208 209]] [14 [210 211 213 214 215 216 217 218 220 221 222 223 224]] [15 [225 226 229 230 231 232 233 234 235 236 237 238 239]] [16 [241 242 243 244 245 246 247 248 249 250 251 252 254]] [17 [255 256 257 258 259 260 261 263 265 266 269]] [18 [270 272 273 274 275 277 278 279 280 281 282 283 284]] [19 [285 286 287 288 289 290 291 292 293 294 295 298 299]] [20 [301 302 303 304 307 308 309 310 311]] [21 [316 319 320 321 323 325 327 328 329]] [22 [330 331 332 333 335 336 337 338 339 340 342 343 344]] [23 [345 346 347 348 349 350 351 352 353 354 355 356 357 358]] [24 [363 364 365 366 367 368 370 372 373 374]] [25 [378 379 380 381 382 383 384 385 386 387 388 389]] [26 [390 391 392 394 395 396 397 398 399 400 401 402 403 404]] [27 [405 406 407 408 409 414 415 417 418 419]] [28 [420 421 422 424 425 427 428 429 430 432 433 434]] [29 [435 437 438 439 441 442 443 444 445 446 447]] [30 [450 451 452 453 454 455 456 457 458 460 461 462 463 464]] [31 [466 467 468 469 470 471 472 473 474 475 476 477 478 479]] [32 [480 481 482 483 484 486 487 488 489 491 492 493 494]] [33 [495 496 497 498 499 500 501 502 503 504 505 506 507]] [34 [510 511 512 513 515 516 518 519 520 521 522]] [35 [526 527 528 529 530 532 533 534 535 536 537 538 539]] [36 [541 542 543 544 545 546 547 548 549 550 551 553]] [37 [555 556 559 560 561 562 563 564 565 566 567 569]] [38 [570 571 572 573 575 576 577 578 579 581 582 583 584]] [39 [585 586 587 588 589 590 592 593 594 595 596 597 598 599]] [40 [600 601 602 603 605 606 607 609 610 611 612 613 614]] [41 [615 616 618 619 620 621 623 624 626 627 628 629]] [42 [630 633 634 635 637 638 639 640 641 642 644]] [43 [645 647 649 651 652 653 654 655 656 657]] [44 [660 661 662 663 665 666 668 669 670 671 672 673 674]] [45 [675 676 677 678 679 680 682 683 685 686 687 688]] [46 [691 693 694 695 696 697 698 699 700 703 704]] [47 [705 706 708 709 710 711 712 713 715 716 717 718 719]] [48 [721 722 724 725 726 727 728 729 730 731 732 733]] [49 [735 737 738 739 740 741 742 743 744 745 746 747 748 749]] [50 [751 752 753 754 755 756 757 758 759 760 761 762 763 764]] [51 [765 766 767 768 769 770 772 773 774 776 777 778 779]] [52 [780 781 782 783 784 785 786 787 788 789 790 794]] [53 [795 796 798 799 800 801 802 803 804 806 807 808 809]] [54 [810 811 812 813 815 816 817 819 820 822]] [55 [825 827 828 829 830 831 832 833 837 838 839]] [56 [840 841 842 843 844 845 846 847 848 849 850 851 852 853 854]] [57 [855 861 863 864 865 866 867 868 869]] [58 [870 871 873 874 875 876 877 878 879 881 883 884]] [59 [885 886 887 888 889 890 891 892 893 895 896 897 898 899]] [60 [901 902 903 904 905 906 907 908 909 910 912 913 914]] [61 [916 917 918 919 920 921 923 924 925 926 927 929]] [62 [930 932 933 934 935 936 937 938 939 940 942 943 944]] [63 [945 946 948 949 950 951 952 953 954 955 956 957 958 959]] [64 [960 961 962 963 964 965 966 967 969 970 971 972 973 974]] [65 [975 976 977 978 979 980 981 982 983 984 985 988 989]] [66 [990 991 992 993 994 995 998 999 1000 1001 1002 1003 1004]] [67 [1006 1007 1009 1010 1011 1012 1013 1014 1015 1016 1017 1018 1019]] [68 [1020 1021 1022 1023 1024 1025 1026 1028 1029 1031 1032 1033 1034]] [69 [1037 1038 1042 1043 1044 1046 1047 1048]] [70 [1050 1051 1052 1053 1054 1055 1060 1061 1062 1063]] [71 [1065 1068 1069 1070 1071 1072 1073 1074 1075 1076 1077 1078]] [72 [1080 1081 1082 1083 1084 1085 1087 1088 1089 1090 1093 1094]] [73 [1096 1097 1098 1099 1101 1102 1103 1104 1105 1106 1107 1108 1109]] [74 [1110 1111 1114 1115 1118 1119 1120 1121 1122 1123]] [75 [1125 1126 1128 1129 1130 1131 1133 1134 1135 1137 1138 1139]] [76 [1140 1141 1143 1145 1146 1147 1148 1149 1151 1152 1153 1154]] [77 [1155 1156 1157 1158 1159 1161 1163 1165 1166 1167 1169]] [78 [1170 1171 1172 1175 1177 1178 1179 1180 1181 1182 1183 1184]] [79 [1185 1186 1187 1188 1189 1191 1192 1193 1195 1196 1197 1199]] [80 [1200 1201 1202 1203 1205 1206 1207 1208 1212 1213 1214]] [81 [1215 1216 1217 1218 1220 1221 1223 1224 1225 1226 1227 1228 1229]] [82 [1230 1232 1233 1234 1235 1237 1238 1240 1241 1242 1243]] [83 [1246 1247 1248 1249 1250 1251 1252 1253 1254 1255 1256 1258 1259]] [84 [1260 1261 1262 1263 1264 1265 1266 1267 1268 1270 1271 1272 1273 1274]] [85 [1275 1276 1277 1278 1279 1280 1281 1282 1283 1284 1285 1287 1288 1289]] [86 [1290 1291 1293 1296 1297 1298 1300 1301 1302 1303 1304]] [87 [1305 1306 1307 1308 1309 1310 1311 1312 1313 1314 1315 1316 1317 1318]] [88 [1320 1321 1324 1325 1326 1327 1328 1329 1330 1332 1333 1334]] [89 [1335 1337 1339 1340 1342 1343 1344 1345 1346 1347 1348 1349]] [90 [1350 1351 1353 1354 1355 1356 1357 1358 1359 1360 1362]] [91 [1365 1366 1367 1368 1369 1370 1371 1372 1373 1374 1379]] [92 [1380 1381 1382 1383 1384 1385 1386 1387 1388 1390 1391 1392]] [93 [1395 1396 1397 1398 1399 1400 1401 1402 1403 1404 1405 1406 1408]] [94 [1410 1411 1412 1415 1416 1417 1418 1419 1420 1421 1422 1423 1424]] [95 [1425 1427 1428 1430 1431 1432 1433 1434 1435 1437 1438]] [96 [1440 1441 1442 1443 1444 1445 1446 1447 1448 1449 1451 1452 1453 1454]] [97 [1455 1456 1457 1458 1459 1460 1461 1462 1463 1464 1465 1466 1467 1468 1469]] [98 [1470 1471 1472 1473 1474 1476 1477 1478 1479 1480 1481 1482 1483 1484]] [99 [1485 1486 1487 1489 1490 1491 1492 1493 1494 1495 1496 1497 1498 1499]]]",,"[[{media 50} [[""A"" [4 4]]]] [{media 52} [[""A"" [2 2]]]] [{media 54} [[""A"" [3 3]]]] [{media 55} [[""A"" [3 3]]]] [{media 56} [[""A"" [2 2]]]] [{media 57} [[""A"" [2 2]]]] [{media 58} [[""A"" [1 1]]]] [{media 59} [[""A"" [4 4]]]] [{media 63} [[""A"" [3 3]]]] [{media 64} [[""A"" [3 3]]]] [{media 60} [[""A"" [4 4]]]] [{citizen 4} [[""A"" [2 4]]]] [{citizen 25} [[""A"" [3 2]]]] [{media 51} [[""A"" [2 2]]]] [{citizen 12} [[""A"" [2 4]]]] [{citizen 27} [[""A"" [2 2]]]] [{citizen 3} [[""A"" [2 4]]]] [{media 62} [[""A"" [4 4]]]] [{citizen 9} [[""A"" [2 2]]]] [{media 53} [[""A"" [4 4]]]] [{media 61} [[""A"" [3 3]]]] [{citizen 1} [[""A"" [4 2]]]] [{citizen 5} [[""A"" [3 2]]]] [{citizen 6} [[""A"" [2 2]]]] [{citizen 49} [[""A"" [2 4]]]] [{citizen 32} [[""A"" [2 4]]]] [{citizen 15} [[""A"" [3 2]]]] [{citizen 0} [[""A"" [2 2]]]] [{citizen 17} [[""A"" [2 2]]]] [{citizen 16} [[""A"" [3 2]]]] [{citizen 44} [[""A"" [3 2]]]] [{citizen 2} [[""A"" [2 4]]]] [{citizen 37} [[""A"" [4 4]]]] [{citizen 26} [[""A"" [3 2]]]] [{citizen 29} [[""A"" [3 2]]]] [{citizen 48} [[""A"" [2 4]]]] [{citizen 31} [[""A"" [2 4]]]] [{citizen 43} [[""A"" [2 2]]]] [{citizen 21} [[""A"" [2 4]]]] [{citizen 7} [[""A"" [2 2]]]] [{citizen 20} [[""A"" [3 2]]]] [{citizen 14} [[""A"" [3 2]]]] [{citizen 38} [[""A"" [2 2]]]] [{citizen 8} [[""A"" [3 2]]]] [{citizen 35} [[""A"" [2 4]]]] [{citizen 13} [[""A"" [2 4]]]] [{citizen 28} [[""A"" [4 4]]]] [{citizen 40} [[""A"" [2 4]]]] [{citizen 46} [[""A"" [2 4]]]] [{citizen 45} [[""A"" [2 2]]]] [{citizen 10} [[""A"" [3 2]]]] [{citizen 33} [[""A"" [2 2]]]] [{citizen 18} [[""A"" [2 2]]]] [{citizen 30} [[""A"" [2 2]]]] [{citizen 23} [[""A"" [2 2]]]] [{citizen 36} [[""A"" [2 4]]]] [{citizen 34} [[""A"" [2 2]]]] [{citizen 47} [[""A"" [3 2]]]] [{citizen 19} [[""A"" [2 2]]]] [{citizen 42} [[""A"" [2 4]]]] [{citizen 22} [[""A"" [3 2]]]] [{citizen 39} [[""A"" [2 4]]]] [{citizen 24} [[""A"" [2 2]]]] [{citizen 11} [[""A"" [2 4]]]]]"
"42","[85 0 170]","341.63265306122435","-2.3698743669733395","6.561593708471968","""circle""","""""","9.9","{breed citizens}","false","0.5","1","""up""",,"[[""ID"" 34] [""alpha"" 1] [""beta"" 1] [""malleable"" [""A""]] [""prior"" []] [""cont_tokens"" []] [""A"" 4]]","[[0 [1 2 3 4 5 6 7 8 9 10 11 12 13 14]] [1 [15 16 17 18 19 20 21 22 23 24 25 26 27 28 29]] [2 [30 31 32 33 34 35 36 37 38 39 40 41 42 43 44]] [3 [45 46 47 48 49 50 51 52 53 54 55 56 57 58 59]] [4 [60 61 62 63 64 65 66 67 68 69 70 71 72 73 74]] [5 [75 76 77 78 79 80 81 82 83 84 85 86 87 88 89]] [6 [90 91 92 93 94 95 96 97 98 99 100 101 102 103 104]] [7 [105 106 107 108 109 110 111 112 113 114 115 116 117 118 119]] [8 [120 121 122 123 124 125 126 127 128 129 130 131 132 133 134]] [9 [135 136 137 138 139 140 141 142 143 144 145 146 147 148 149]] [10 [150 151 152 153 154 155 156 157 158 159 160 161 162 163 164]] [11 [165 166 167 168 169 170 171 172 173 174 175 176 177 178 179]] [12 [180 181 183 184 185 186 187 188 189 190 191 192 193 194]] [13 [195 196 197 198 199 200 201 202 203 204 205 206 207 208 209]] [14 [210 211 212 213 214 215 216 217 218 219 220 221 222 223 224]] [15 [225 226 227 228 229 230 231 232 233 234 235 236 237 238 239]] [16 [241 242 243 244 245 246 247 248 249 250 251 252 253 254]] [17 [255 256 257 258 259 260 261 262 263 264 265 266 267 268 269]] [18 [270 271 272 273 274 275 276 277 278 279 280 281 282 283 284]] [19 [285 286 287 288 289 290 291 292 293 294 295 296 297 298 299]] [20 [300 301 302 303 304 305 306 307 308 309 310 311 312 313 314]] [21 [315 316 317 318 319 320 321 322 323 324 325 326 327 328 329]] [22 [330 331 332 333 334 335 336 337 338 339 340 341 342 343 344]] [23 [345 346 347 348 349 350 351 352 353 354 355 356 357 358 359]] [24 [360 361 362 363 364 365 366 367 368 369 370 371 372 373 374]] [25 [375 376 377 378 379 380 381 382 383 384 385 386 387 388 389]] [26 [390 391 392 393 394 395 396 397 398 399 400 401 402 403 404]] [27 [405 406 407 408 409 410 411 412 413 414 415 416 417 418 419]] [28 [420 421 422 424 425 426 427 428 429 430 431 432 433 434]] [29 [435 436 437 438 439 440 441 442 443 444 445 446 447 448 449]] [30 [450 451 452 453 454 455 456 457 458 459 460 461 462 463 464]] [31 [465 466 467 468 469 470 471 472 473 474 475 476 477 478 479]] [32 [480 481 482 483 484 485 486 487 488 489 490 491 492 493 494]] [33 [495 496 497 498 499 500 501 502 503 504 505 506 507 508 509]] [34 [510 511 512 513 514 515 516 517 518 519 520 521 522 523 524]] [35 [525 526 527 528 529 530 531 532 533 534 535 536 537 538 539]] [36 [540 541 542 543 544 545 546 547 548 549 550 551 553 554]] [37 [555 556 557 558 559 560 561 562 563 564 565 566 567 568 569]] [38 [570 571 572 573 574 575 576 577 578 579 580 581 582 583 584]] [39 [585 586 587 588 589 590 592 593 594 595 596 597 598 599]] [40 [600 601 602 603 604 605 606 607 608 609 610 611 612 613 614]] [41 [615 616 617 618 619 620 621 622 623 624 626 627 628 629]] [42 [630 631 632 633 634 635 636 637 638 639 640 641 642 643 644]] [43 [645 646 647 648 649 650 651 652 653 654 655 656 657 658 659]] [44 [660 661 662 663 664 665 666 667 668 669 670 671 672 673 674]] [45 [675 676 677 678 679 680 681 682 683 684 685 686 687 688]] [46 [690 691 692 693 694 695 696 697 698 699 700 701 702 703 704]] [47 [705 706 707 708 709 710 711 712 713 715 716 717 718 719]] [48 [720 721 722 724 725 726 727 728 729 730 731 732 733 734]] [49 [735 736 737 738 739 740 741 742 743 744 745 746 747 748 749]] [50 [750 751 752 753 754 755 756 757 758 759 760 761 762 763 764]] [51 [765 766 767 768 769 770 771 772 773 774 775 776 777 778 779]] [52 [780 781 782 783 784 785 786 787 788 789 790 791 792 793 794]] [53 [795 796 797 798 799 800 801 802 803 804 805 806 807 808 809]] [54 [810 811 812 813 814 815 816 817 818 819 820 821 822 823 824]] [55 [825 826 827 828 829 830 831 832 833 834 835 836 837 838 839]] [56 [840 841 842 843 844 845 846 847 848 849 850 851 852 853 854]] [57 [855 856 857 858 859 860 861 862 863 864 865 866 867 868 869]] [58 [870 871 872 873 874 875 876 877 878 879 881 882 883 884]] [59 [885 886 887 888 889 890 891 892 893 894 895 896 897 898 899]] [60 [900 901 902 903 904 905 906 907 908 909 910 911 912 913 914]] [61 [915 916 917 918 919 920 921 922 923 924 925 926 927 928 929]] [62 [930 931 932 933 934 935 936 937 938 939 940 941 942 943 944]] [63 [945 946 948 949 950 951 952 953 954 955 956 957 958 959]] [64 [960 961 962 963 964 965 966 967 968 969 970 971 972 973 974]] [65 [975 976 977 978 979 980 981 982 983 984 985 986 987 988 989]] [66 [990 991 992 993 994 995 996 997 998 999 1000 1001 1002 1003 1004]] [67 [1005 1006 1007 1009 1010 1011 1012 1013 1014 1015 1016 1017 1018 1019]] [68 [1020 1021 1022 1023 1024 1025 1026 1027 1028 1029 1030 1031 1032 1033 1034]] [69 [1035 1036 1037 1038 1040 1042 1043 1044 1046 1047 1048]] [70 [1050 1051 1052 1053 1054 1055 1056 1057 1058 1059 1060 1061 1062 1063 1064]] [71 [1065 1066 1067 1068 1069 1070 1071 1072 1073 1074 1075 1076 1077 1078 1079]] [72 [1080 1081 1082 1083 1084 1085 1086 1087 1088 1089 1090 1091 1092 1093 1094]] [73 [1095 1096 1097 1098 1099 1100 1101 1102 1103 1104 1105 1106 1107 1108 1109]] [74 [1110 1111 1112 1113 1114 1115 1116 1117 1118 1119 1120 1121 1122 1123 1124]] [75 [1125 1126 1127 1128 1129 1130 1131 1132 1133 1134 1135 1136 1137 1138 1139]] [76 [1140 1141 1142 1143 1144 1145 1146 1147 1148 1149 1150 1151 1152 1153 1154]] [77 [1155 1156 1157 1158 1159 1160 1161 1162 1163 1164 1165 1166 1167 1168 1169]] [78 [1170 1171 1172 1173 1174 1175 1176 1177 1178 1179 1180 1181 1182 1183 1184]] [79 [1185 1186 1187 1188 1189 1190 1191 1192 1193 1194 1195 1196 1197 1198 1199]] [80 [1200 1201 1202 1203 1204 1205 1206 1207 1208 1209 1210 1211 1212 1213 1214]] [81 [1215 1216 1217 1218 1219 1220 1221 1222 1223 1224 1225 1226 1227 1228 1229]] [82 [1230 1231 1232 1233 1234 1235 1236 1237 1238 1239 1240 1241 1242 1243 1244]] [83 [1245 1246 1247 1248 1249 1250 1251 1252 1253 1254 1255 1256 1257 1258 1259]] [84 [1260 1261 1262 1263 1264 1265 1266 1267 1268 1269 1270 1271 1272 1273 1274]] [85 [1275 1276 1277 1278 1279 1280 1281 1282 1283 1284 1285 1287 1288 1289]] [86 [1290 1291 1292 1293 1295 1296 1297 1298 1299 1300 1301 1302 1303 1304]] [87 [1305 1306 1307 1308 1309 1310 1311 1312 1313 1314 1315 1316 1317 1318 1319]] [88 [1320 1321 1322 1324 1325 1326 1327 1328 1329 1330 1331 1332 1333 1334]] [89 [1335 1336 1337 1338 1339 1340 1342 1343 1344 1345 1346 1347 1348 1349]] [90 [1350 1351 1352 1353 1354 1355 1356 1357 1358 1359 1360 1361 1362 1363 1364]] [91 [1365 1366 1367 1368 1369 1370 1371 1372 1373 1374 1375 1376 1377 1378 1379]] [92 [1380 1381 1382 1383 1384 1385 1386 1387 1388 1389 1390 1391 1392 1393 1394]] [93 [1395 1396 1397 1398 1399 1400 1401 1402 1403 1404 1405 1406 1407 1408 1409]] [94 [1410 1411 1412 1413 1414 1415 1416 1417 1418 1419 1420 1421 1422 1423 1424]] [95 [1425 1426 1427 1428 1429 1430 1431 1432 1433 1434 1435 1436 1437 1438 1439]] [96 [1440 1441 1442 1443 1444 1445 1446 1447 1448 1449 1450 1451 1452 1453 1454]] [97 [1455 1456 1457 1458 1459 1460 1461 1462 1463 1464 1465 1466 1467 1468 1469]] [98 [1470 1471 1472 1473 1474 1475 1476 1477 1478 1479 1480 1481 1482 1483 1484]] [99 [1485 1486 1487 1488 1489 1490 1491 1492 1493 1494 1495 1496 1497 1498 1499]]]","[[0 [2 3 4 5 6 7 8 9 10 12 13]] [1 [16 17 18 19 20 21 22 24 25 27 29]] [2 [30 31 32 33 35 37 38 39 40 41 42 43 44]] [3 [45 46 47 48 50 51 52 53 54 55 56 58 59]] [4 [60 61 62 63 64 65 66 70 71 72 73 74]] [5 [75 76 77 78 79 80 81 83 84 85 86 87 88]] [6 [93 94 95 96 100 101 102 103 104]] [7 [106 107 108 109 110 111 112 114 115 116 117 118 119]] [8 [120 121 122 123 125 126 128 130 131 133 134]] [9 [136 137 138 141 142 143 144 145 146 147 148 149]] [10 [150 151 152 153 154 155 156 158 159 162 164]] [11 [165 166 167 170 171 172 173 174 175 176 177 178 179]] [12 [180 183 184 185 186 187 188 189 191 192 193 194]] [13 [196 197 198 199 200 201 202 203 204 205 206 207 208 209]] [14 [210 211 212 217 219 220 221 222 223 224]] [15 [225 226 228 229 230 231 232 233 234 235 236 237 238 239]] [16 [242 243 244 245 246 247 248 249 250 251 252 254]] [17 [255 256 257 258 259 260 261 263 264 265 267 268 269]] [18 [270 271 272 274 275 277 278 279 280 281 282 283 284]] [19 [285 286 287 288 289 290 291 292 293 294 296 297 298 299]] [20 [300 301 302 303 304 307 308 309 312 313 314]] [21 [315 317 318 319 320 321 324 325 326 327 328 329]] [22 [330 331 332 333 335 336 337 338 339 340 342 343 344]] [23 [345 347 348 349 350 351 352 353 354 355 356 359]] [24 [360 361 362 363 364 365 366 367 368 369 371 372 373 374]] [25 [378 379 380 381 382 383 386 387 389]] [26 [390 391 392 394 395 396 397 398 399 400 401 402 403 404]] [27 [405 406 407 409 411 412 413 414 415 417 418 419]] [28 [420 421 422 426 427 428 429 430 431 432 433 434]] [29 [435 438 439 441 442 443 444 448 449]] [30 [450 451 452 453 455 456 457 458 459 460 461 462 463 464]] [31 [465 466 467 468 469 470 472 473 474 475 476 477 478 479]] [32 [480 481 482 483 484 486 487 488 489 490 491 493 494]] [33 [495 496 497 498 499 500 501 502 503 504 506 508 509]] [34 [510 511 512 513 515 516 517 518 519 520 522 523 524]] [35 [525 526 527 528 529 530 532 533 534 537 538 539]] [36 [540 542 543 544 545 546 547 548 549 550 551 554]] [37 [555 556 557 558 560 561 562 563 564 565 566 567 568 569]] [38 [570 571 572 574 575 576 577 578 579 581 582 583 584]] [39 [585 586 587 589 590 592 593 594 595 596 597 598 599]] [40 [600 601 603 605 606 608 609 610 611 612 613 614]] [41 [615 616 617 618 619 620 621 623 624 626 627 628 629]] [42 [630 631 632 633 634 635 637 638 639 640 641 642 643 644]] [43 [645 646 647 648 649 650 651 652 653 655 656 657 658 659]] [44 [660 661 662 663 664 665 666 668 669 670 671 672 673 674]] [45 [675 676 677 678 679 680 681 682 683 684 685 686 687 688]] [46 [691 693 694 695 696 697 698 699 700 703 704]] [47 [705 706 707 709 710 711 712 713 715 716 717 718 719]] [48 [721 722 724 725 726 727 728 729 730 731 732 733 734]] [49 [735 736 738 739 740 741 742 743 744 745 746 747 748 749]] [50 [751 752 753 756 757 758 759 760 761 762 763 764]] [51 [765 766 767 768 769 771 772 773 774]] [52 [780 781 782 783 784 785 786 788 789 790 791 792 793]] [53 [796 797 798 799 800 801 802 803 804 806 808 809]] [54 [811 812 814 815 816 817 818 819 820 821 822 824]] [55 [825 826 827 829 830 831 832 833 834 835 836 838 839]] [56 [840 841 842 843 844 845 846 847 848 849 850 851 852 853 854]] [57 [856 857 858 859 860 861 862 863 864 865 866 867 868 869]] [58 [870 872 873 874 875 876 877 878 879 881 883 884]] [59 [885 886 887 888 889 890 891 892 893 896 897 898]] [60 [900 901 902 903 904 905 906 907 909 910 911 912 913]] [61 [915 916 917 918 920 921 922 923 924 925 926 927]] [62 [931 934 935 936 937 938 940 941 942 943 944]] [63 [945 946 948 949 950 951 952 953 954 955 956 957 958]] [64 [960 963 966 968 969 970 971 972 973 974]] [65 [975 976 980 981 983 984 985 986 987 988 989]] [66 [990 991 992 993 994 995 997 998 999 1001 1002 1003 1004]] [67 [1006 1007 1009 1010 1011 1012 1014 1017 1018 1019]] [68 [1021 1022 1023 1024 1025 1026 1028 1029 1031 1032 1033 1034]] [69 [1037 1038 1040 1042 1043 1044 1046 1047 1048]] [70 [1051 1052 1053 1054 1055 1062 1063]] [71 [1065 1068 1069 1070 1072 1073 1074 1075 1076 1077 1078]] [72 [1080 1081 1082 1083 1084 1086 1088 1089 1091 1092 1093 1094]] [73 [1095 1097 1098 1099 1101 1102 1103 1104 1105 1106 1107 1108 1109]] [74 [1112 1113 1114 1115 1116 1117 1121 1122 1123]] [75 [1125 1126 1127 1128 1129 1130 1131 1133 1136 1137 1138 1139]] [76 [1141 1142 1143 1144 1145 1146 1147 1148 1149 1151 1152 1153 1154]] [77 [1155 1156 1157 1158 1159 1160 1161 1163 1164 1165 1166 1168 1169]] [78 [1170 1171 1172 1173 1174 1176 1178 1179 1180 1181 1182 1183 1184]] [79 [1185 1186 1187 1188 1189 1191 1192 1194 1195 1196 1197 1199]] [80 [1200 1201 1203 1205 1206 1207 1208 1212 1213 1214]] [81 [1215 1216 1217 1219 1220 1221 1223 1224 1225 1226 1227 1229]] [82 [1230 1231 1232 1233 1234 1235 1236 1237 1238 1240 1241 1242 1243]] [83 [1246 1247 1248 1249 1250 1251 1252 1253 1254 1255 1257 1258 1259]] [84 [1260 1261 1262 1263 1264 1265 1266 1267 1268 1270 1271 1272 1273 1274]] [85 [1275 1276 1277 1278 1279 1280 1281 1282 1283 1284 1285 1287 1288 1289]] [86 [1290 1291 1293 1295 1296 1297 1298 1300 1301 1302 1303 1304]] [87 [1305 1306 1307 1308 1309 1310 1311 1312 1313 1314 1315 1316 1317 1318]] [88 [1320 1321 1322 1325 1326 1327 1328 1329 1330 1331 1332 1333 1334]] [89 [1335 1336 1338 1340 1342 1343 1345 1346 1347 1348 1349]] [90 [1351 1352 1355 1356 1357 1358 1359 1360 1363 1364]] [91 [1365 1366 1367 1368 1369 1370 1371 1372 1373 1374 1379]] [92 [1380 1381 1382 1383 1384 1385 1386 1387 1388 1389 1390 1391 1392 1394]] [93 [1395 1396 1397 1398 1399 1400 1401 1402 1403 1404 1405 1406 1408]] [94 [1410 1411 1412 1415 1416 1418 1419 1420 1421 1422 1423 1424]] [95 [1426 1427 1428 1429 1430 1431 1432 1433 1434 1435 1436 1437 1438]] [96 [1440 1441 1442 1443 1444 1445 1446 1447 1448 1449 1450 1451 1452 1453 1454]] [97 [1455 1456 1457 1459 1460 1461 1463 1464 1465 1466 1467 1468 1469]] [98 [1470 1471 1472 1473 1474 1475 1478 1479 1480 1481 1483 1484]] [99 [1485 1486 1487 1489 1490 1491 1492 1493 1494 1495 1496 1497 1499]]]",,"[[{media 50} [[""A"" [4 4]]]] [{media 52} [[""A"" [2 2]]]] [{media 54} [[""A"" [3 3]]]] [{media 55} [[""A"" [3 3]]]] [{media 56} [[""A"" [2 2]]]] [{media 57} [[""A"" [2 2]]]] [{media 58} [[""A"" [1 1]]]] [{media 59} [[""A"" [4 4]]]] [{media 63} [[""A"" [3 3]]]] [{media 64} [[""A"" [3 3]]]] [{citizen 4} [[""A"" [2 4]]]] [{citizen 22} [[""A"" [3 2]]]] [{media 51} [[""A"" [2 2]]]] [{citizen 0} [[""A"" [3 2]]]] [{citizen 9} [[""A"" [2 4]]]] [{citizen 13} [[""A"" [3 2]]]] [{citizen 3} [[""A"" [4 4]]]] [{citizen 19} [[""A"" [3 2]]]] [{media 62} [[""A"" [4 4]]]] [{citizen 17} [[""A"" [3 2]]]] [{media 53} [[""A"" [4 4]]]] [{media 61} [[""A"" [3 3]]]] [{citizen 49} [[""A"" [3 2]]]] [{citizen 1} [[""A"" [4 2]]]] [{citizen 32} [[""A"" [4 4]]]] [{citizen 15} [[""A"" [3 2]]]] [{citizen 25} [[""A"" [3 2]]]] [{citizen 48} [[""A"" [3 4]]]] [{citizen 31} [[""A"" [2 4]]]] [{citizen 43} [[""A"" [3 2]]]] [{citizen 21} [[""A"" [3 4]]]] [{citizen 7} [[""A"" [3 2]]]] [{citizen 5} [[""A"" [2 3]]]] [{citizen 41} [[""A"" [4 2]]]] [{citizen 12} [[""A"" [2 4]]]] [{citizen 20} [[""A"" [3 2]]]] [{citizen 47} [[""A"" [2 4]]]] [{citizen 33} [[""A"" [2 2]]]] [{citizen 10} [[""A"" [2 4]]]] [{citizen 6} [[""A"" [3 2]]]] [{citizen 24} [[""A"" [3 2]]]] [{citizen 29} [[""A"" [4 3]]]] [{citizen 26} [[""A"" [3 2]]]] [{citizen 37} [[""A"" [4 4]]]] [{citizen 18} [[""A"" [3 2]]]] [{citizen 28} [[""A"" [4 4]]]] [{citizen 40} [[""A"" [2 4]]]] [{citizen 46} [[""A"" [3 4]]]] [{citizen 2} [[""A"" [4 4]]]] [{citizen 34} [[""A"" [3 2]]]] [{citizen 44} [[""A"" [4 3]]]] [{citizen 14} [[""A"" [3 3]]]] [{citizen 38} [[""A"" [2 2]]]] [{citizen 8} [[""A"" [2 2]]]] [{citizen 35} [[""A"" [2 2]]]] [{citizen 45} [[""A"" [4 2]]]] [{citizen 30} [[""A"" [3 2]]]] [{citizen 23} [[""A"" [2 2]]]] [{citizen 36} [[""A"" [2 4]]]] [{citizen 39} [[""A"" [4 4]]]] [{media 60} [[""A"" [4 4]]]] [{citizen 27} [[""A"" [4 2]]]] [{citizen 16} [[""A"" [3 3]]]] [{citizen 11} [[""A"" [2 2]]]]]"
"43","[170 0 85]","161.6326530612245","3.2633922621617577","-12.744838537368315","""circle""","""""","9.9","{breed citizens}","false","0.5","1","""up""",,"[[""ID"" 45] [""alpha"" 1] [""beta"" 1] [""malleable"" [""A""]] [""prior"" []] [""cont_tokens"" []] [""A"" 2]]","[[0 [0 1 2 3 4 5 6 7 8 9 10 11 12 13 14]] [1 [15 16 17 18 19 20 21 22 23 24 25 26 27 28 29]] [2 [30 31 32 33 34 35 36 37 38 39 40 41 42 43 44]] [3 [45 46 47 48 49 50 51 52 53 54 55 56 57 58 59]] [4 [60 61 62 63 64 65 66 67 68 69 70 71 72 73 74]] [5 [75 76 77 78 79 80 81 82 83 84 85 86 87 88 89]] [6 [90 91 92 93 94 95 96 97 98 99 100 101 102 103 104]] [7 [105 106 107 108 109 110 111 112 113 114 115 116 117 118 119]] [8 [120 121 122 123 124 125 126 127 128 129 130 131 132 133 134]] [9 [135 136 137 138 139 140 141 142 143 144 145 146 147 148 149]] [10 [150 151 152 153 154 155 156 157 158 159 160 161 162 163 164]] [11 [165 166 167 168 169 170 171 172 173 174 175 176 177 178 179]] [12 [180 181 183 184 185 186 187 188 189 190 191 192 193 194]] [13 [195 196 197 198 199 200 201 202 203 204 205 206 207 208 209]] [14 [210 211 212 213 214 215 216 217 218 219 220 221 222 223 224]] [15 [225 226 227 228 229 230 231 232 233 234 235 236 237 238 239]] [16 [241 242 243 244 245 246 247 248 249 250 251 252 253 254]] [17 [255 256 257 258 259 260 261 262 263 264 265 266 267 268 269]] [18 [270 271 272 273 274 275 276 277 278 279 280 281 282 283 284]] [19 [285 286 287 288 289 290 291 292 293 294 295 296 297 298 299]] [20 [300 301 302 303 304 305 306 307 308 309 310 311 312 313 314]] [21 [315 316 317 318 319 320 321 322 323 324 325 326 327 328 329]] [22 [330 331 332 333 334 335 336 337 338 339 340 341 342 343 344]] [23 [345 346 347 348 349 350 351 352 353 354 355 356 357 358 359]] [24 [360 361 362 363 364 365 366 367 368 369 370 371 372 373 374]] [25 [375 376 377 378 379 380 381 382 383 384 385 386 387 388 389]] [26 [390 391 392 393 394 395 396 397 398 399 400 401 402 403 404]] [27 [405 406 407 408 409 410 411 412 413 414 415 416 417 418 419]] [28 [420 421 422 424 425 426 427 428 429 430 431 432 433 434]] [29 [435 436 437 438 439 440 441 442 443 444 445 446 447 448 449]] [30 [450 451 452 453 454 455 456 457 458 459 460 461 462 463 464]] [31 [465 466 467 468 469 470 471 472 473 474 475 476 477 478 479]] [32 [480 481 482 483 484 485 486 487 488 489 490 491 492 493 494]] [33 [495 496 497 498 499 500 501 502 503 504 505 506 507 508 509]] [34 [510 511 512 513 514 515 516 517 518 519 520 521 522 523 524]] [35 [525 526 527 528 529 530 531 532 533 534 535 536 537 538 539]] [36 [540 541 542 543 544 545 546 547 548 549 550 551 552 553 554]] [37 [555 556 557 558 559 560 561 562 563 564 565 566 567 568 569]] [38 [570 571 572 573 574 575 576 577 578 579 580 581 582 583 584]] [39 [585 586 587 588 589 590 592 593 594 595 596 597 598 599]] [40 [600 601 602 603 604 605 606 607 608 609 610 611 612 613 614]] [41 [615 616 617 618 619 620 621 622 623 624 626 627 628 629]] [42 [630 631 632 633 634 635 636 637 638 639 640 641 642 643 644]] [43 [645 646 647 648 649 650 651 652 653 654 655 656 657 658 659]] [44 [660 661 662 663 664 665 666 667 668 669 670 671 672 673 674]] [45 [675 676 677 678 679 680 681 682 683 684 685 686 687 688]] [46 [690 691 692 693 694 695 696 697 698 699 700 701 702 703 704]] [47 [705 706 707 708 709 710 711 712 713 715 716 717 718 719]] [48 [720 721 722 723 724 725 726 727 728 729 730 731 732 733 734]] [49 [735 736 737 738 739 740 741 742 743 744 745 746 747 748 749]] [50 [750 751 752 753 754 755 756 757 758 759 760 761 762 763 764]] [51 [765 766 767 768 769 770 771 772 773 774 775 776 777 778 779]] [52 [780 781 782 783 784 785 786 787 788 789 790 791 792 793 794]] [53 [795 796 797 798 799 800 801 802 803 804 805 806 807 808 809]] [54 [810 811 812 813 814 815 816 817 818 819 820 821 822 823 824]] [55 [825 826 827 828 829 830 831 832 833 834 835 836 837 838 839]] [56 [840 841 842 843 844 845 846 847 848 849 850 851 852 853 854]] [57 [855 856 857 858 859 860 861 862 863 864 865 866 867 868 869]] [58 [870 871 872 873 874 875 876 877 878 879 881 882 883 884]] [59 [885 886 887 888 889 890 891 892 893 894 895 896 897 898 899]] [60 [900 901 902 903 904 905 906 907 908 909 910 911 912 913 914]] [61 [915 916 917 918 919 920 921 922 923 924 925 926 927 928 929]] [62 [930 931 932 933 934 935 936 937 938 939 940 941 942 943 944]] [63 [945 946 948 949 950 951 952 953 954 955 956 957 958 959]] [64 [960 961 962 963 964 965 966 967 968 969 970 971 972 973 974]] [65 [975 976 977 978 979 980 981 982 983 984 985 986 987 988 989]] [66 [990 991 992 993 994 995 996 997 998 999 1000 1001 1002 1003 1004]] [67 [1005 1006 1007 1009 1010 1011 1012 1013 1014 1015 1016 1017 1018 1019]] [68 [1020 1021 1022 1023 1024 1025 1026 1027 1028 1029 1030 1031 1032 1033 1034]] [69 [1035 1036 1037 1038 1040 1042 1043 1044 1046 1047 1048]] [70 [1050 1051 1052 1053 1054 1055 1056 1057 1058 1059 1060 1061 1062 1063 1064]] [71 [1065 1066 1067 1068 1069 1070 1071 1072 1073 1074 1075 1076 1077 1078 1079]] [72 [1080 1081 1082 1083 1084 1085 1086 1087 1088 1089 1090 1091 1092 1093 1094]] [73 [1095 1096 1097 1098 1099 1100 1101 1102 1103 1104 1105 1106 1107 1108 1109]] [74 [1110 1111 1112 1113 1114 1115 1116 1117 1118 1119 1120 1121 1122 1123 1124]] [75 [1125 1126 1127 1128 1129 1130 1131 1132 1133 1134 1135 1136 1137 1138 1139]] [76 [1140 1141 1142 1143 1144 1145 1146 1147 1148 1149 1150 1151 1152 1153 1154]] [77 [1155 1156 1157 1158 1159 1160 1161 1162 1163 1164 1165 1166 1167 1168 1169]] [78 [1170 1171 1172 1173 1174 1175 1176 1177 1178 1179 1180 1181 1182 1183 1184]] [79 [1185 1186 1187 1188 1189 1190 1191 1192 1193 1194 1195 1196 1197 1198 1199]] [80 [1200 1201 1202 1203 1204 1205 1206 1207 1208 1209 1210 1211 1212 1213 1214]] [81 [1215 1216 1217 1218 1219 1220 1221 1222 1223 1224 1225 1226 1227 1228 1229]] [82 [1230 1231 1232 1233 1234 1235 1236 1237 1238 1239 1240 1241 1242 1243 1244]] [83 [1245 1246 1247 1248 1249 1250 1251 1252 1253 1254 1255 1256 1257 1258 1259]] [84 [1260 1261 1262 1263 1264 1265 1266 1267 1268 1269 1270 1271 1272 1273 1274]] [85 [1275 1276 1277 1278 1279 1280 1281 1282 1283 1284 1285 1287 1288 1289]] [86 [1290 1291 1292 1293 1295 1296 1297 1298 1299 1300 1301 1302 1303 1304]] [87 [1305 1306 1307 1308 1309 1310 1311 1312 1313 1314 1315 1316 1317 1318 1319]] [88 [1320 1321 1322 1323 1324 1325 1326 1327 1328 1329 1330 1331 1332 1333 1334]] [89 [1335 1336 1337 1338 1339 1340 1342 1343 1344 1345 1346 1347 1348 1349]] [90 [1350 1351 1352 1353 1354 1355 1356 1357 1358 1359 1360 1361 1362 1363 1364]] [91 [1365 1366 1367 1368 1369 1370 1371 1372 1373 1374 1375 1376 1377 1378 1379]] [92 [1380 1381 1382 1383 1384 1385 1386 1387 1388 1389 1390 1391 1392 1393 1394]] [93 [1395 1396 1397 1398 1399 1400 1401 1402 1403 1404 1405 1406 1407 1408 1409]] [94 [1410 1411 1412 1413 1414 1415 1416 1417 1418 1419 1420 1421 1422 1423 1424]] [95 [1425 1426 1427 1428 1429 1430 1431 1432 1433 1434 1435 1436 1437 1438 1439]] [96 [1440 1441 1442 1443 1444 1445 1446 1447 1448 1449 1450 1451 1452 1453 1454]] [97 [1455 1456 1457 1458 1459 1460 1461 1462 1463 1464 1465 1466 1467 1468 1469]] [98 [1470 1471 1472 1473 1474 1475 1476 1477 1478 1479 1480 1481 1482 1483 1484]] [99 [1485 1486 1487 1488 1489 1490 1491 1492 1493 1494 1495 1496 1497 1498 1499]]]","[[0 [0 2 3 4 5 6 7 8 10 11 13 14]] [1 [15 16 17 18 19 20 21 22 23 24 25 26 28 29]] [2 [30 31 32 33 36 37 38 39 40 41 42 44]] [3 [45 46 47 48 49 50 51 52 53 54 55 56 58]] [4 [60 61 62 63 64 67 68 69 71 72 73 74]] [5 [76 77 78 79 80 82 84 85 87 88]] [6 [93 94 95 96 97 98 99 100 101 102 103]] [7 [105 107 108 109 110 111 112 115 116 117 118 119]] [8 [120 121 122 123 125 126 128 130 131 133 134]] [9 [135 137 138 139 140 141 142 143 144 145 146 148 149]] [10 [150 151 152 153 155 156 158 159 161 162 164]] [11 [165 166 167 171 172 173 174 175 176 177 178 179]] [12 [180 181 183 184 185 186 187 188 189 190 191 192 193 194]] [13 [197 200 201 202 203 204 205 206 207 208 209]] [14 [210 211 212 217 218 220 221 222 224]] [15 [225 226 227 228 229 230 231 232 233 234 235 236 237 238 239]] [16 [241 242 243 244 245 246 247 248 249 250 251 252 254]] [17 [255 256 257 258 259 260 261 263 264 265 266 268 269]] [18 [270 272 273 276 278 279 280 281 283 284]] [19 [285 286 287 288 289 290 291 292 293 294 295 297 298 299]] [20 [300 301 302 303 304 306 307 308 310 311 313 314]] [21 [315 317 318 320 321 324 325 327 328 329]] [22 [330 331 332 333 334 335 336 337 338 339 340 342 343 344]] [23 [345 346 347 348 349 350 352 353 354 355 357 358]] [24 [361 362 363 364 365 366 367 368 369 371]] [25 [375 376 377 378 379 380 381 382 383 384 385 386 388 389]] [26 [390 391 393 394 395 397 398 399 400 401 402 403 404]] [27 [406 407 408 409 415 416 417 418 419]] [28 [420 421 422 425 427 428 429 430 432 433]] [29 [435 436 437 438 439 440 441 442 443 444 445 446 447]] [30 [450 451 452 453 455 456 457 458 460 461 462 463 464]] [31 [465 466 467 468 469 470 471 472 473 474 475 476 477 478 479]] [32 [480 481 482 483 484 485 486 487 488 489 490 491 493 494]] [33 [495 496 497 498 499 500 501 502 503 504 505 506 508 509]] [34 [510 511 512 513 514 515 516 518 519 520 521 522 524]] [35 [525 526 527 528 529 530 532 533 534 535 536]] [36 [540 542 543 544 545 546 547 548 549 550 551 553 554]] [37 [555 556 557 558 559 560 561 563 564 565 567 568 569]] [38 [570 571 572 574 575 576 577 578 579 581 582 583 584]] [39 [585 586 587 588 589 590 592 593 594 595 596 598 599]] [40 [600 601 602 603 604 606 607 609 610 611 612 613 614]] [41 [615 616 618 619 620 621 622 624 626 627 628 629]] [42 [630 633 634 635 637 638 639 640 641 642 643 644]] [43 [645 647 648 649 651 652 653 655 656 657 658 659]] [44 [660 661 662 663 664 665 666 668 670 671 672 673 674]] [45 [675 676 677 678 679 680 681 682 683 684 685 686 687 688]] [46 [691 692 694 695 696 697 698 699 700 703 704]] [47 [705 706 707 709 710 711 712 713 715 716 717]] [48 [720 721 722 724 725 727 728 729 730 731 732 733 734]] [49 [735 737 738 739 740 741 742 743 744 745 746 747 748 749]] [50 [751 752 753 756 757 758 759 760 761 762 763 764]] [51 [765 766 767 768 770 771 772 773 774 776 777 778 779]] [52 [780 781 782 783 784 785 786 789 790 794]] [53 [795 796 797 798 799 800 801 802 803 804 806 807 808 809]] [54 [810 811 812 814 815 816 817 819 820 822 823 824]] [55 [825 828 829 830 831 832 833 835 836 838 839]] [56 [840 841 842 848 849 850 851 852 853]] [57 [855 856 857 858 859 860 861 863 864 865 866 867 868 869]] [58 [870 872 873 874 875 876 877 878 879 881 882 883 884]] [59 [885 886 887 888 889 890 891 892 893 894 895 896 897 898]] [60 [900 901 902 903 905 906 907 908 910 911 912 913 914]] [61 [915 916 917 919 920 921 922 923 924 925 926 927]] [62 [930 932 933 934 935 936 937 938 940 942 943 944]] [63 [945 946 949 950 951 952 954 956 957 958 959]] [64 [960 964 965 966 968 969 970 971 972 973 974]] [65 [975 976 978 979 980 981 983 984 985 986 987 988 989]] [66 [990 991 992 993 994 995 998 999 1001 1002 1003 1004]] [67 [1005 1007 1009 1010 1011 1012 1013 1014 1015 1016 1017 1018 1019]] [68 [1020 1021 1022 1023 1024 1025 1026 1028 1029 1030 1031 1032 1033 1034]] [69 [1036 1037 1038 1042 1043 1044 1046 1047 1048]] [70 [1051 1052 1053 1056 1057 1058 1059 1060 1061 1062 1063 1064]] [71 [1066 1067 1069 1070 1071 1072 1073 1074 1075 1076 1077 1078]] [72 [1080 1081 1082 1083 1084 1086 1087 1088 1089 1090 1092 1094]] [73 [1095 1099 1100 1103 1104 1105 1106 1107 1108 1109]] [74 [1110 1111 1112 1113 1114 1115 1116 1117 1120 1121 1122 1123]] [75 [1125 1126 1127 1128 1129 1130 1131 1133 1136 1137 1138 1139]] [76 [1141 1142 1143 1144 1145 1146 1147 1148 1149 1152 1153 1154]] [77 [1155 1156 1157 1158 1159 1161 1163 1164 1166 1168 1169]] [78 [1170 1171 1172 1174 1175 1177 1178 1179 1180 1181 1182 1183]] [79 [1185 1186 1187 1188 1190 1192 1193 1195 1196 1197 1199]] [80 [1200 1201 1203 1205 1206 1207 1209 1210 1211 1213 1214]] [81 [1215 1217 1218 1220 1221 1222 1223 1224 1225 1226 1227 1228 1229]] [82 [1230 1231 1232 1233 1234 1235 1237 1238 1240 1241 1242 1243]] [83 [1247 1248 1249 1250 1251 1252 1253 1255 1256 1257 1258 1259]] [84 [1260 1261 1262 1263 1264 1265 1266 1267 1268 1270 1271 1272 1273 1274]] [85 [1276 1277 1278 1279 1280 1281 1282 1283 1284 1285 1287 1288 1289]] [86 [1290 1291 1292 1293 1295 1296 1297 1298 1300 1301 1302 1303 1304]] [87 [1305 1306 1307 1308 1309 1310 1311 1312 1314 1315 1316 1317]] [88 [1320 1321 1322 1324 1325 1326 1327 1328 1329 1330 1332 1333 1334]] [89 [1335 1337 1338 1339 1340 1342 1343 1344 1345 1346 1347 1348 1349]] [90 [1350 1351 1353 1354 1355 1356 1357 1358 1359 1360 1361 1362]] [91 [1365 1366 1367 1368 1369 1371 1372 1373 1374 1376 1377 1378 1379]] [92 [1380 1381 1386 1387 1388 1389 1390 1391 1392]] [93 [1395 1396 1397 1399 1400 1401 1402 1403 1404 1405 1406 1408]] [94 [1410 1411 1412 1415 1416 1417 1419 1420 1421 1422 1423]] [95 [1425 1427 1428 1429 1430 1431 1432 1433 1434 1435 1436 1437 1438]] [96 [1440 1441 1442 1443 1444 1447 1448 1449 1451 1452 1453 1454]] [97 [1455 1456 1457 1458 1459 1460 1461 1462 1463 1464 1466 1467 1468 1469]] [98 [1470 1471 1473 1474 1475 1476 1477 1478 1479 1480 1482 1484]] [99 [1485 1486 1487 1489 1490 1491 1492 1493 1494 1495 1496 1498]]]",,"[[{citizen 44} [[""A"" [2 2]]]] [{citizen 48} [[""A"" [2 4]]]] [{media 50} [[""A"" [4 4]]]] [{media 51} [[""A"" [2 2]]]] [{media 52} [[""A"" [2 2]]]] [{media 53} [[""A"" [4 4]]]] [{media 54} [[""A"" [3 3]]]] [{media 55} [[""A"" [3 3]]]] [{media 56} [[""A"" [2 2]]]] [{media 57} [[""A"" [2 2]]]] [{media 58} [[""A"" [1 1]]]] [{media 59} [[""A"" [4 4]]]] [{media 60} [[""A"" [4 4]]]] [{media 62} [[""A"" [4 4]]]] [{media 63} [[""A"" [3 3]]]] [{media 64} [[""A"" [3 3]]]] [{citizen 4} [[""A"" [2 4]]]] [{citizen 30} [[""A"" [2 2]]]] [{citizen 31} [[""A"" [2 4]]]] [{citizen 12} [[""A"" [2 4]]]] [{citizen 18} [[""A"" [3 2]]]] [{citizen 9} [[""A"" [2 4]]]] [{citizen 15} [[""A"" [2 4]]]] [{citizen 3} [[""A"" [2 4]]]] [{media 61} [[""A"" [3 3]]]] [{citizen 13} [[""A"" [3 4]]]] [{citizen 49} [[""A"" [2 4]]]] [{citizen 1} [[""A"" [4 2]]]] [{citizen 32} [[""A"" [2 4]]]] [{citizen 0} [[""A"" [4 2]]]] [{citizen 17} [[""A"" [3 2]]]] [{citizen 16} [[""A"" [3 3]]]] [{citizen 25} [[""A"" [2 2]]]] [{citizen 20} [[""A"" [2 4]]]] [{citizen 7} [[""A"" [2 2]]]] [{citizen 14} [[""A"" [3 2]]]] [{citizen 38} [[""A"" [2 2]]]] [{citizen 5} [[""A"" [2 2]]]] [{citizen 8} [[""A"" [2 4]]]] [{citizen 35} [[""A"" [2 4]]]] [{citizen 6} [[""A"" [2 2]]]] [{citizen 23} [[""A"" [2 2]]]] [{citizen 36} [[""A"" [2 4]]]] [{citizen 21} [[""A"" [2 4]]]] [{citizen 34} [[""A"" [3 4]]]] [{citizen 40} [[""A"" [2 4]]]] [{citizen 10} [[""A"" [2 2]]]] [{citizen 46} [[""A"" [2 4]]]] [{citizen 47} [[""A"" [2 4]]]] [{citizen 33} [[""A"" [2 4]]]] [{citizen 19} [[""A"" [2 2]]]] [{citizen 42} [[""A"" [2 4]]]] [{citizen 22} [[""A"" [3 2]]]] [{citizen 2} [[""A"" [2 4]]]] [{citizen 37} [[""A"" [4 4]]]] [{citizen 39} [[""A"" [2 4]]]] [{citizen 26} [[""A"" [3 2]]]] [{citizen 45} [[""A"" [2 4]]]] [{citizen 41} [[""A"" [2 4]]]] [{citizen 28} [[""A"" [4 4]]]] [{citizen 24} [[""A"" [3 2]]]] [{citizen 29} [[""A"" [3 2]]]] [{citizen 27} [[""A"" [2 2]]]] [{citizen 11} [[""A"" [2 4]]]]]"
"44","[85 0 170]","227.75510204081633","-10.272440104074755","-9.554765008396389","""circle""","""""","9.9","{breed citizens}","false","0.5","1","""up""",,"[[""ID"" 43] [""alpha"" 1] [""beta"" 1] [""malleable"" [""A""]] [""prior"" []] [""cont_tokens"" []] [""A"" 4]]","[[0 [0 1 2 3 4 5 6 7 8 9 10 11 12 13 14]] [1 [15 16 17 18 19 20 21 22 23 24 25 26 27 28 29]] [2 [30 31 32 33 34 35 36 37 38 39 40 41 42 43 44]] [3 [45 46 47 48 49 50 51 52 53 54 55 56 57 58 59]] [4 [60 61 62 63 64 65 66 67 68 69 70 71 72 73 74]] [5 [75 76 77 78 79 80 81 82 83 84 85 86 87 88 89]] [6 [90 91 92 93 94 95 96 97 98 99 100 101 102 103 104]] [7 [105 106 107 108 109 110 111 112 113 114 115 116 117 118 119]] [8 [120 121 122 123 124 125 126 127 128 129 130 131 132 133 134]] [9 [135 136 137 138 139 140 141 142 143 144 145 146 147 148 149]] [10 [150 151 152 153 154 155 156 157 158 159 160 161 162 163 164]] [11 [165 166 167 168 169 170 171 172 173 174 175 176 177 178 179]] [12 [180 181 183 184 185 186 187 188 189 190 191 192 193 194]] [13 [195 196 197 198 199 200 201 202 203 204 205 206 207 208 209]] [14 [210 211 212 213 214 215 216 217 218 219 220 221 222 223 224]] [15 [225 226 227 228 229 230 231 232 233 234 235 236 237 238 239]] [16 [241 242 243 244 245 246 247 248 249 250 251 252 253 254]] [17 [255 256 257 258 259 260 261 262 263 264 265 266 267 268 269]] [18 [270 271 272 273 274 275 276 277 278 279 280 281 282 283 284]] [19 [285 286 287 288 289 290 291 292 293 294 295 296 297 298 299]] [20 [300 301 302 303 304 305 306 307 308 309 310 311 312 313 314]] [21 [315 316 317 318 319 320 321 322 323 324 325 326 327 328 329]] [22 [330 331 332 333 334 335 336 337 338 339 340 341 342 343 344]] [23 [345 346 347 348 349 350 351 352 353 354 355 356 357 358 359]] [24 [360 361 362 363 364 365 366 367 368 369 370 371 372 373 374]] [25 [375 376 377 378 379 380 381 382 383 384 385 386 387 388 389]] [26 [390 391 392 393 394 395 396 397 398 399 400 401 402 403 404]] [27 [405 406 407 408 409 410 411 412 413 414 415 416 417 418 419]] [28 [420 421 422 424 425 426 427 428 429 430 431 432 433 434]] [29 [435 436 437 438 439 440 441 442 443 444 445 446 447 448 449]] [30 [450 451 452 453 454 455 456 457 458 459 460 461 462 463 464]] [31 [465 466 467 468 469 470 471 472 473 474 475 476 477 478 479]] [32 [480 481 482 483 484 485 486 487 488 489 490 491 492 493 494]] [33 [495 496 497 498 499 500 501 502 503 504 505 506 507 508 509]] [34 [510 511 512 513 514 515 516 517 518 519 520 521 522 523 524]] [35 [525 526 527 528 529 530 531 532 533 534 535 536 537 538 539]] [36 [540 541 542 543 544 545 546 547 548 549 550 551 552 553 554]] [37 [555 556 557 558 559 560 561 562 563 564 565 566 567 568 569]] [38 [570 571 572 573 574 575 576 577 578 579 580 581 582 583 584]] [39 [585 586 587 588 589 590 591 592 593 594 595 596 597 598 599]] [40 [600 601 602 603 604 605 606 607 608 609 610 611 612 613 614]] [41 [615 616 617 618 619 620 621 622 623 624 626 627 628 629]] [42 [630 631 632 633 634 635 636 637 638 639 640 641 642 643 644]] [43 [645 646 647 648 649 650 651 652 653 654 655 656 657 658 659]] [44 [660 661 662 663 664 665 666 667 668 669 670 671 672 673 674]] [45 [675 676 677 678 679 680 681 682 683 684 685 686 687 688]] [46 [690 691 692 693 694 695 696 697 698 699 700 701 702 703 704]] [47 [705 706 707 708 709 710 711 712 713 715 716 717 718 719]] [48 [720 721 722 724 725 726 727 728 729 730 731 732 733 734]] [49 [735 736 737 738 739 740 741 742 743 744 745 746 747 748 749]] [50 [750 751 752 753 754 755 756 757 758 759 760 761 762 763 764]] [51 [765 766 767 768 769 770 771 772 773 774 775 776 777 778 779]] [52 [780 781 782 783 784 785 786 787 788 789 790 791 792 793 794]] [53 [795 796 797 798 799 800 801 802 803 804 805 806 807 808 809]] [54 [810 811 812 813 814 815 816 817 818 819 820 821 822 823 824]] [55 [825 826 827 828 829 830 831 832 833 834 835 836 837 838 839]] [56 [840 841 842 843 844 845 846 847 848 849 850 851 852 853 854]] [57 [855 856 857 858 859 860 861 862 863 864 865 866 867 868 869]] [58 [870 871 872 873 874 875 876 877 878 879 881 882 883 884]] [59 [885 886 887 888 889 890 891 892 893 894 895 896 897 898 899]] [60 [900 901 902 903 904 905 906 907 908 909 910 911 912 913 914]] [61 [915 916 917 918 919 920 921 922 923 924 925 926 927 928 929]] [62 [930 931 932 933 934 935 936 937 938 939 940 941 942 943 944]] [63 [945 946 948 949 950 951 952 953 954 955 956 957 958 959]] [64 [960 961 962 963 964 965 966 967 968 969 970 971 972 973 974]] [65 [975 976 977 978 979 980 981 982 983 984 985 986 987 988 989]] [66 [990 991 992 993 994 995 996 997 998 999 1000 1001 1002 1003 1004]] [67 [1005 1006 1007 1009 1010 1011 1012 1013 1014 1015 1016 1017 1018 1019]] [68 [1020 1021 1022 1023 1024 1025 1026 1027 1028 1029 1030 1031 1032 1033 1034]] [69 [1035 1036 1037 1038 1040 1042 1043 1044 1046 1047 1048]] [70 [1050 1051 1052 1053 1054 1055 1056 1057 1058 1059 1060 1061 1062 1063 1064]] [71 [1065 1066 1067 1068 1069 1070 1071 1072 1073 1074 1075 1076 1077 1078 1079]] [72 [1080 1081 1082 1083 1084 1085 1086 1087 1088 1089 1090 1091 1092 1093 1094]] [73 [1095 1096 1097 1098 1099 1100 1101 1102 1103 1104 1105 1106 1107 1108 1109]] [74 [1110 1111 1112 1113 1114 1115 1116 1117 1118 1119 1120 1121 1122 1123 1124]] [75 [1125 1126 1127 1128 1129 1130 1131 1132 1133 1134 1135 1136 1137 1138 1139]] [76 [1140 1141 1142 1143 1144 1145 1146 1147 1148 1149 1150 1151 1152 1153 1154]] [77 [1155 1156 1157 1158 1159 1160 1161 1162 1163 1164 1165 1166 1167 1168 1169]] [78 [1170 1171 1172 1173 1174 1175 1176 1177 1178 1179 1180 1181 1182 1183 1184]] [79 [1185 1186 1187 1188 1189 1190 1191 1192 1193 1194 1195 1196 1197 1198 1199]] [80 [1200 1201 1202 1203 1204 1205 1206 1207 1208 1209 1210 1211 1212 1213 1214]] [81 [1215 1216 1217 1218 1219 1220 1221 1222 1223 1224 1225 1226 1227 1228 1229]] [82 [1230 1231 1232 1233 1234 1235 1236 1237 1238 1239 1240 1241 1242 1243 1244]] [83 [1245 1246 1247 1248 1249 1250 1251 1252 1253 1254 1255 1256 1257 1258 1259]] [84 [1260 1261 1262 1263 1264 1265 1266 1267 1268 1269 1270 1271 1272 1273 1274]] [85 [1275 1276 1277 1278 1279 1280 1281 1282 1283 1284 1285 1287 1288 1289]] [86 [1290 1291 1292 1293 1295 1296 1297 1298 1299 1300 1301 1302 1303 1304]] [87 [1305 1306 1307 1308 1309 1310 1311 1312 1313 1314 1315 1316 1317 1318 1319]] [88 [1320 1321 1322 1324 1325 1326 1327 1328 1329 1330 1331 1332 1333 1334]] [89 [1335 1336 1337 1338 1339 1340 1342 1343 1344 1345 1346 1347 1348 1349]] [90 [1350 1351 1352 1353 1354 1355 1356 1357 1358 1359 1360 1361 1362 1363 1364]] [91 [1365 1366 1367 1368 1369 1370 1371 1372 1373 1374 1375 1376 1377 1378 1379]] [92 [1380 1381 1382 1383 1384 1385 1386 1387 1388 1389 1390 1391 1392 1393 1394]] [93 [1395 1396 1397 1398 1399 1400 1401 1402 1403 1404 1405 1406 1407 1408 1409]] [94 [1410 1411 1412 1413 1414 1415 1416 1417 1418 1419 1420 1421 1422 1423 1424]] [95 [1425 1426 1427 1428 1429 1430 1431 1432 1433 1434 1435 1436 1437 1438 1439]] [96 [1440 1441 1442 1443 1444 1445 1446 1447 1448 1449 1450 1451 1452 1453 1454]] [97 [1455 1456 1457 1458 1459 1460 1461 1462 1463 1464 1465 1466 1467 1468 1469]] [98 [1470 1471 1472 1473 1474 1475 1476 1477 1478 1479 1480 1481 1482 1483 1484]] [99 [1485 1486 1487 1488 1489 1490 1491 1492 1493 1494 1495 1496 1497 1498 1499]]]","[[0 [0 2 3 4 5 6 7 8 10 11 13 14]] [1 [15 16 17 18 19 20 21 23 24 25 26 28]] [2 [30 31 32 33 35 37 38 39 40 41 42 43 44]] [3 [46 47 48 50 51 52 53 54 55 56 58 59]] [4 [60 61 62 63 64 67 68 69 70 71 72 73 74]] [5 [75 76 77 78 79 80 81 82 84 85 86 87 88]] [6 [93 97 98 99 100 101 102 103 104]] [7 [106 107 111 112 113 114 115 116 117 118 119]] [8 [120 121 122 123 126 127 128 130 131 132 134]] [9 [135 136 137 138 139 140 141 142 143 144 145 146 148 149]] [10 [150 152 153 154 155 156 157 158 160 161 162 164]] [11 [165 166 167 171 172 173 174 175 176 177 178 179]] [12 [181 184 185 186 187 188 189 191 192 193]] [13 [195 196 197 198 199 200 201 202 203 204 206 207 208]] [14 [210 211 212 213 214 215 216 217 218 220 221 222 223 224]] [15 [225 226 228 229 230 231 232 233 234 235 236 237 238 239]] [16 [242 243 244 245 246 247 248 249 250 251 252 253 254]] [17 [255 256 257 258 259 260 261 263 264 265 267 268 269]] [18 [270 271 272 274 275 277 278 279 280 281 283 284]] [19 [285 286 287 288 289 290 291 292 293 294 296 297 298]] [20 [300 301 302 303 304 305 306 307 308 309 312 313 314]] [21 [315 317 318 320 321 323 324 326 327 328 329]] [22 [330 331 332 333 335 336 337 338 339 340 342 343 344]] [23 [345 346 347 348 349 351 352 353 354 355 356 359]] [24 [360 361 362 364 365 366 367 368 369 371 373 374]] [25 [378 379 380 381 382 383 384 385 386 388 389]] [26 [390 391 393 394 395 397 398 399 400 401 402 403 404]] [27 [406 407 408 409 415 417 418 419]] [28 [420 421 422 426 427 428 429 430 431 433 434]] [29 [435 436 437 438 439 440 441 442 443 444 446 447 449]] [30 [450 451 452 453 455 456 457 458 459 461 462 463 464]] [31 [467 468 469 470 471 472 473 474 475 476 477 478 479]] [32 [480 481 482 483 484 487 488 489 491 492 493 494]] [33 [496 497 498 499 500 501 502 504 505 506 507]] [34 [512 513 514 515 516 517 518 519 520 522 523 524]] [35 [525 526 527 528 530 531 532 533 534 535 536]] [36 [540 542 543 544 545 546 547 548 549 550 551 554]] [37 [555 556 558 559 560 561 563 565 566 567 569]] [38 [570 571 572 574 575 576 577 578 579 581 582 583]] [39 [585 586 587 588 589 590 592 593 594 595 596 598 599]] [40 [600 601 602 603 605 606 607 609 610 611 612 613 614]] [41 [615 616 618 619 620 621 623 624 626 627 628 629]] [42 [630 631 632 633 634 635 636 638 639 640 641 642 644]] [43 [645 646 648 649 651 652 653 654 655 656 657]] [44 [660 661 662 663 664 665 666 668 669 670 671 672 673 674]] [45 [675 676 677 678 679 680 681 682 683 685 686 687 688]] [46 [691 693 696 697 698 699 702 703 704]] [47 [705 706 707 709 710 711 712 713 715 716 717 719]] [48 [721 722 724 725 726 727 728 729 730 731 732 733]] [49 [735 737 738 739 740 741 742 743 744 745 746 747 748 749]] [50 [751 752 753 757 758 759 760 761 762 763 764]] [51 [765 766 767 768 770 772 773 774]] [52 [781 782 783 784 785 786 789 790 792 793]] [53 [797 798 799 800 801 802 803 804 805 806 807 808 809]] [54 [810 811 812 814 815 816 817 818 819 820 821 822]] [55 [825 826 827 829 830 831 832 833 834 835 836 839]] [56 [840 841 842 843 845 846 847 848 849 850 851 852 853 854]] [57 [856 857 858 859 860 861 862 863 864 865 866 867 868 869]] [58 [870 872 873 874 875 876 877 878 879 882 883]] [59 [885 886 887 890 891 892 893 894 895 896 897 898]] [60 [900 901 902 903 905 906 907 908 909 910 911 912 913 914]] [61 [916 917 919 920 921 923 924 925 926 927]] [62 [931 935 936 937 938 940 942 943 944]] [63 [945 946 948 949 950 951 952 953 954 956 957 958 959]] [64 [960 963 964 965 966 967 968 969 970 971 972 973 974]] [65 [975 976 977 978 979 980 981 983 984 985 988 989]] [66 [990 991 992 993 994 995 998 999 1001 1002 1003 1004]] [67 [1005 1006 1007 1009 1010 1011 1012 1014 1015 1016 1017 1018 1019]] [68 [1020 1021 1022 1023 1025 1026 1027 1028 1029 1030 1031 1032 1033 1034]] [69 [1036 1037 1038 1040 1042 1043 1044 1046 1047 1048]] [70 [1050 1052 1053 1054 1055 1058 1059 1060 1061 1062 1063 1064]] [71 [1066 1067 1068 1069 1070 1072 1073 1074 1075 1076 1077 1078 1079]] [72 [1080 1081 1082 1083 1084 1085 1087 1088 1089 1090 1093 1094]] [73 [1095 1097 1098 1099 1100 1103 1104 1105 1106 1107 1108 1109]] [74 [1112 1113 1114 1115 1116 1117 1119 1120 1121 1122 1123]] [75 [1125 1126 1127 1128 1129 1130 1131 1133 1134 1135 1138 1139]] [76 [1140 1141 1142 1143 1144 1145 1146 1147 1148 1149 1150 1151 1152 1153]] [77 [1155 1156 1157 1158 1159 1160 1161 1163 1164 1165 1166 1168 1169]] [78 [1170 1171 1172 1174 1176 1177 1178 1179 1180 1181 1182 1183 1184]] [79 [1186 1187 1188 1189 1190 1191 1192 1195 1196 1197 1198]] [80 [1200 1201 1203 1204 1205 1206 1207 1208 1211 1212 1213 1214]] [81 [1215 1216 1217 1219 1220 1221 1224 1225 1226 1227 1228 1229]] [82 [1230 1231 1232 1233 1234 1235 1237 1238 1239 1242 1243]] [83 [1246 1247 1248 1249 1250 1251 1252 1253 1254 1256 1258 1259]] [84 [1260 1261 1262 1263 1264 1265 1266 1267 1268 1272 1273 1274]] [85 [1275 1276 1277 1278 1279 1280 1281 1282 1283 1284 1285 1287 1288 1289]] [86 [1290 1291 1293 1295 1296 1297 1299 1300 1301 1302 1303 1304]] [87 [1305 1306 1307 1308 1309 1310 1311 1312 1313 1314 1315 1316 1317 1318]] [88 [1320 1321 1324 1325 1326 1327 1328 1329 1330 1332 1333 1334]] [89 [1335 1337 1338 1339 1340 1342 1343 1344 1345 1346 1347 1348 1349]] [90 [1350 1351 1352 1354 1355 1356 1357 1358 1359 1360 1361 1362 1363 1364]] [91 [1366 1367 1368 1369 1371 1372 1373 1374 1377 1378 1379]] [92 [1380 1381 1382 1383 1384 1385 1386 1387 1388 1389 1390 1391 1392 1394]] [93 [1395 1396 1397 1399 1400 1401 1402 1403 1404 1405 1406 1408 1409]] [94 [1410 1411 1412 1415 1416 1417 1418 1419 1420 1421 1422 1423]] [95 [1425 1426 1427 1428 1429 1430 1431 1432 1433 1434 1435 1436 1437 1438]] [96 [1440 1441 1442 1443 1444 1445 1446 1447 1448 1449 1450 1451 1452 1453 1454]] [97 [1455 1456 1457 1459 1461 1462 1463 1464 1465 1466 1467 1468 1469]] [98 [1470 1471 1472 1473 1474 1476 1477 1481 1483 1484]] [99 [1485 1486 1487 1489 1490 1491 1492 1493 1494 1495 1496 1498 1499]]]",,"[[{media 50} [[""A"" [4 4]]]] [{media 52} [[""A"" [2 2]]]] [{media 54} [[""A"" [3 3]]]] [{media 55} [[""A"" [3 3]]]] [{media 56} [[""A"" [2 2]]]] [{media 57} [[""A"" [2 2]]]] [{media 58} [[""A"" [1 1]]]] [{media 59} [[""A"" [4 4]]]] [{media 63} [[""A"" [3 3]]]] [{media 64} [[""A"" [3 3]]]] [{media 60} [[""A"" [4 4]]]] [{citizen 43} [[""A"" [2 2]]]] [{citizen 2} [[""A"" [2 4]]]] [{citizen 31} [[""A"" [2 4]]]] [{media 51} [[""A"" [2 2]]]] [{citizen 12} [[""A"" [2 4]]]] [{citizen 18} [[""A"" [2 2]]]] [{citizen 30} [[""A"" [2 2]]]] [{media 62} [[""A"" [4 4]]]] [{citizen 9} [[""A"" [2 4]]]] [{citizen 15} [[""A"" [2 4]]]] [{media 53} [[""A"" [4 4]]]] [{citizen 3} [[""A"" [2 4]]]] [{citizen 4} [[""A"" [2 4]]]] [{citizen 16} [[""A"" [3 2]]]] [{media 61} [[""A"" [3 3]]]] [{citizen 13} [[""A"" [2 4]]]] [{citizen 49} [[""A"" [2 4]]]] [{citizen 1} [[""A"" [4 2]]]] [{citizen 32} [[""A"" [2 4]]]] [{citizen 0} [[""A"" [2 2]]]] [{citizen 17} [[""A"" [2 2]]]] [{citizen 25} [[""A"" [2 2]]]] [{citizen 48} [[""A"" [2 4]]]] [{citizen 21} [[""A"" [2 4]]]] [{citizen 7} [[""A"" [2 2]]]] [{citizen 5} [[""A"" [2 2]]]] [{citizen 41} [[""A"" [2 4]]]] [{citizen 20} [[""A"" [2 4]]]] [{citizen 22} [[""A"" [2 2]]]] [{citizen 19} [[""A"" [2 2]]]] [{citizen 47} [[""A"" [2 4]]]] [{citizen 33} [[""A"" [2 4]]]] [{citizen 10} [[""A"" [2 2]]]] [{citizen 6} [[""A"" [2 2]]]] [{citizen 24} [[""A"" [2 2]]]] [{citizen 29} [[""A"" [2 2]]]] [{citizen 26} [[""A"" [2 2]]]] [{citizen 37} [[""A"" [4 4]]]] [{citizen 28} [[""A"" [2 4]]]] [{citizen 40} [[""A"" [2 4]]]] [{citizen 46} [[""A"" [2 4]]]] [{citizen 34} [[""A"" [2 4]]]] [{citizen 23} [[""A"" [2 2]]]] [{citizen 39} [[""A"" [2 4]]]] [{citizen 35} [[""A"" [2 4]]]] [{citizen 38} [[""A"" [2 2]]]] [{citizen 45} [[""A"" [2 4]]]] [{citizen 42} [[""A"" [2 4]]]] [{citizen 14} [[""A"" [3 2]]]] [{citizen 27} [[""A"" [2 2]]]] [{citizen 36} [[""A"" [2 4]]]] [{citizen 8} [[""A"" [2 4]]]] [{citizen 11} [[""A"" [2 4]]]]]"
"45","[85 0 170]","140.51020408163265","9.133402423292317","-11.437040975788634","""circle""","""""","9.9","{breed citizens}","false","0.5","1","""up""",,"[[""ID"" 9] [""alpha"" 1] [""beta"" 1] [""malleable"" [""A""]] [""prior"" []] [""cont_tokens"" []] [""A"" 4]]","[[0 [1 2 3 4 5 6 7 8 9 10 11 12 13 14]] [1 [15 16 17 18 19 20 21 22 23 24 25 26 27 28 29]] [2 [30 31 32 33 34 35 36 37 38 39 40 41 42 43 44]] [3 [45 46 47 48 49 50 51 52 53 54 55 56 57 58 59]] [4 [60 61 62 63 64 65 66 67 68 69 70 71 72 73 74]] [5 [75 76 77 78 79 80 81 82 83 84 85 86 87 88 89]] [6 [90 91 92 93 94 95 96 97 98 99 100 101 102 103 104]] [7 [105 106 107 108 109 110 111 112 113 114 115 116 117 118 119]] [8 [120 121 122 123 124 125 126 127 128 129 130 131 132 133 134]] [9 [135 136 137 138 139 140 141 142 143 144 145 146 147 148 149]] [10 [150 151 152 153 154 155 156 157 158 159 160 161 162 163 164]] [11 [165 166 167 168 169 170 171 172 173 174 175 176 177 178 179]] [12 [180 181 183 184 185 186 187 188 189 190 191 192 193 194]] [13 [195 196 197 198 199 200 201 202 203 204 205 206 207 208 209]] [14 [210 211 212 213 214 215 216 217 218 219 220 221 222 223 224]] [15 [225 226 227 228 229 230 231 232 233 234 235 236 237 238 239]] [16 [241 242 243 244 245 246 247 248 249 250 251 252 253 254]] [17 [255 256 257 258 259 260 261 262 263 264 265 266 267 268 269]] [18 [270 271 272 273 274 275 276 277 278 279 280 281 282 283 284]] [19 [285 286 287 288 289 290 291 292 293 294 295 296 297 298 299]] [20 [300 301 302 303 304 305 306 307 308 309 310 311 312 313 314]] [21 [315 316 317 318 319 320 321 322 323 324 325 326 327 328 329]] [22 [330 331 332 333 334 335 336 337 338 339 340 341 342 343 344]] [23 [345 346 347 348 349 350 351 352 353 354 355 356 357 358 359]] [24 [360 361 362 363 364 365 366 367 368 369 370 371 372 373 374]] [25 [375 376 377 378 379 380 381 382 383 384 385 386 387 388 389]] [26 [390 391 392 393 394 395 396 397 398 399 400 401 402 403 404]] [27 [405 406 407 408 409 410 411 412 413 414 415 416 417 418 419]] [28 [420 421 422 424 425 426 427 428 429 430 431 432 433 434]] [29 [435 436 437 438 439 440 441 442 443 444 445 446 447 448 449]] [30 [450 451 452 453 454 455 456 457 458 459 460 461 462 463 464]] [31 [465 466 467 468 469 470 471 472 473 474 475 476 477 478 479]] [32 [480 481 482 483 484 485 486 487 488 489 490 491 492 493 494]] [33 [495 496 497 498 499 500 501 502 503 504 505 506 507 508 509]] [34 [510 511 512 513 514 515 516 517 518 519 520 521 522 523 524]] [35 [525 526 527 528 529 530 531 532 533 534 535 536 537 538 539]] [36 [540 541 542 543 544 545 546 547 548 549 550 551 552 553 554]] [37 [555 556 557 558 559 560 561 562 563 564 565 566 567 568 569]] [38 [570 571 572 573 574 575 576 577 578 579 580 581 582 583 584]] [39 [585 586 587 588 589 590 592 593 594 595 596 597 598 599]] [40 [600 601 602 603 604 605 606 607 608 609 610 611 612 613 614]] [41 [615 616 617 618 619 620 621 622 623 624 626 627 628 629]] [42 [630 631 632 633 634 635 636 637 638 639 640 641 642 643 644]] [43 [645 646 647 648 649 650 651 652 653 654 655 656 657 658 659]] [44 [660 661 662 663 664 665 666 667 668 669 670 671 672 673 674]] [45 [675 676 677 678 679 680 681 682 683 684 685 686 687 688]] [46 [690 691 692 693 694 695 696 697 698 699 700 701 702 703 704]] [47 [705 706 707 708 709 710 711 712 713 715 716 717 718 719]] [48 [720 721 722 724 725 726 727 728 729 730 731 732 733 734]] [49 [735 736 737 738 739 740 741 742 743 744 745 746 747 748 749]] [50 [750 751 752 753 754 755 756 757 758 759 760 761 762 763 764]] [51 [765 766 767 768 769 770 771 772 773 774 775 776 777 778 779]] [52 [780 781 782 783 784 785 786 787 788 789 790 791 792 793 794]] [53 [795 796 797 798 799 800 801 802 803 804 805 806 807 808 809]] [54 [810 811 812 813 814 815 816 817 818 819 820 821 822 823 824]] [55 [825 826 827 828 829 830 831 832 833 834 835 836 837 838 839]] [56 [840 841 842 843 844 845 846 847 848 849 850 851 852 853 854]] [57 [855 856 857 858 859 860 861 862 863 864 865 866 867 868 869]] [58 [870 871 872 873 874 875 876 877 878 879 881 882 883 884]] [59 [885 886 887 888 889 890 891 892 893 894 895 896 897 898 899]] [60 [900 901 902 903 904 905 906 907 908 909 910 911 912 913 914]] [61 [915 916 917 918 919 920 921 922 923 924 925 926 927 928 929]] [62 [930 931 932 933 934 935 936 937 938 939 940 941 942 943 944]] [63 [945 946 948 949 950 951 952 953 954 955 956 957 958 959]] [64 [960 961 962 963 964 965 966 967 968 969 970 971 972 973 974]] [65 [975 976 977 978 979 980 981 982 983 984 985 986 987 988 989]] [66 [990 991 992 993 994 995 996 997 998 999 1000 1001 1002 1003 1004]] [67 [1005 1006 1007 1009 1010 1011 1012 1013 1014 1015 1016 1017 1018 1019]] [68 [1020 1021 1022 1023 1024 1025 1026 1027 1028 1029 1030 1031 1032 1033 1034]] [69 [1035 1036 1037 1038 1040 1042 1043 1044 1046 1047 1048]] [70 [1050 1051 1052 1053 1054 1055 1056 1057 1058 1059 1060 1061 1062 1063 1064]] [71 [1065 1066 1067 1068 1069 1070 1071 1072 1073 1074 1075 1076 1077 1078 1079]] [72 [1080 1081 1082 1083 1084 1085 1086 1087 1088 1089 1090 1091 1092 1093 1094]] [73 [1095 1096 1097 1098 1099 1100 1101 1102 1103 1104 1105 1106 1107 1108 1109]] [74 [1110 1111 1112 1113 1114 1115 1116 1117 1118 1119 1120 1121 1122 1123 1124]] [75 [1125 1126 1127 1128 1129 1130 1131 1132 1133 1134 1135 1136 1137 1138 1139]] [76 [1140 1141 1142 1143 1144 1145 1146 1147 1148 1149 1150 1151 1152 1153 1154]] [77 [1155 1156 1157 1158 1159 1160 1161 1162 1163 1164 1165 1166 1167 1168 1169]] [78 [1170 1171 1172 1173 1174 1175 1176 1177 1178 1179 1180 1181 1182 1183 1184]] [79 [1185 1186 1187 1188 1189 1190 1191 1192 1193 1194 1195 1196 1197 1198 1199]] [80 [1200 1201 1202 1203 1204 1205 1206 1207 1208 1209 1210 1211 1212 1213 1214]] [81 [1215 1216 1217 1218 1219 1220 1221 1222 1223 1224 1225 1226 1227 1228 1229]] [82 [1230 1231 1232 1233 1234 1235 1236 1237 1238 1239 1240 1241 1242 1243 1244]] [83 [1245 1246 1247 1248 1249 1250 1251 1252 1253 1254 1255 1256 1257 1258 1259]] [84 [1260 1261 1262 1263 1264 1265 1266 1267 1268 1269 1270 1271 1272 1273 1274]] [85 [1275 1276 1277 1278 1279 1280 1281 1282 1283 1284 1285 1287 1288 1289]] [86 [1290 1291 1292 1293 1295 1296 1297 1298 1299 1300 1301 1302 1303 1304]] [87 [1305 1306 1307 1308 1309 1310 1311 1312 1313 1314 1315 1316 1317 1318 1319]] [88 [1320 1321 1322 1324 1325 1326 1327 1328 1329 1330 1331 1332 1333 1334]] [89 [1335 1336 1337 1338 1339 1340 1342 1343 1344 1345 1346 1347 1348 1349]] [90 [1350 1351 1352 1353 1354 1355 1356 1357 1358 1359 1360 1361 1362 1363 1364]] [91 [1365 1366 1367 1368 1369 1370 1371 1372 1373 1374 1375 1376 1377 1378 1379]] [92 [1380 1381 1382 1383 1384 1385 1386 1387 1388 1389 1390 1391 1392 1393 1394]] [93 [1395 1396 1397 1398 1399 1400 1401 1402 1403 1404 1405 1406 1407 1408 1409]] [94 [1410 1411 1412 1413 1414 1415 1416 1417 1418 1419 1420 1421 1422 1423 1424]] [95 [1425 1426 1427 1428 1429 1430 1431 1432 1433 1434 1435 1436 1437 1438 1439]] [96 [1440 1441 1442 1443 1444 1445 1446 1447 1448 1449 1450 1451 1452 1453 1454]] [97 [1455 1456 1457 1458 1459 1460 1461 1462 1463 1464 1465 1466 1467 1468 1469]] [98 [1470 1471 1472 1473 1474 1475 1476 1477 1478 1479 1480 1481 1482 1483 1484]] [99 [1485 1486 1487 1488 1489 1490 1491 1492 1493 1494 1495 1496 1497 1498 1499]]]","[[0 [1 2 3 4 5 6 7 8 10 11 13]] [1 [16 17 18 19 20 21 22 23 24 25 27 28 29]] [2 [30 31 32 33 35 37 38 39 40 41 42 44]] [3 [45 46 47 49 50 51 52 53 54 55 56 58 59]] [4 [60 61 62 63 64 67 68 69 70 71 72 73 74]] [5 [75 76 77 78 79 80 81 82 84 85 86 87 88 89]] [6 [90 91 92 94 95 96 97 98 99 100 101 102 103 104]] [7 [106 107 109 110 111 112 114 115 116 117 118 119]] [8 [120 121 122 123 125 126 127 128 129 130 131 133 134]] [9 [136 137 138 139 140 142 143 144 145 146 148 149]] [10 [150 151 152 153 154 155 156 158 160 161 163 164]] [11 [165 166 167 168 169 170 171 173 174 176 177 178 179]] [12 [180 181 184 185 186 187 188 189 191 192 194]] [13 [195 196 197 200 201 202 203 204 205 207 208]] [14 [210 211 213 214 215 216 217 218 219 220 221 222 223 224]] [15 [225 226 228 229 230 231 232 233 234 235 236 237 238 239]] [16 [241 242 243 244 245 246 247 248 249 250 251 252 253 254]] [17 [255 256 257 258 259 260 261 262 263 264 265 267 268 269]] [18 [270 271 272 273 274 275 277 278 279 280 281 282 283 284]] [19 [285 286 287 288 289 290 291 292 293 294 295 296 297 298 299]] [20 [300 301 302 303 304 306 307 308 309 310 311 313 314]] [21 [315 316 319 320 321 322 323 324 325 327 328 329]] [22 [330 331 332 333 334 335 336 337 338 339 341 343 344]] [23 [345 347 348 349 351 352 353 354 355 356 359]] [24 [360 361 362 363 364 365 366 367 368 369 371 373 374]] [25 [378 379 380 382 383 384 385 386 387 389]] [26 [390 391 393 394 395 397 398 399 400 401 402 403 404]] [27 [406 407 408 409 415 417 418 419]] [28 [420 421 422 424 425 427 428 429 430 431 432 433 434]] [29 [435 436 437 438 439 440 441 442 443 444 448 449]] [30 [450 451 452 453 454 455 456 457 458 460 461 462 463 464]] [31 [465 466 467 468 469 470 472 473 474 475 476 477 478 479]] [32 [480 481 482 483 484 486 487 488 489 490 491 493 494]] [33 [495 496 497 498 499 500 501 502 504 505 506 508 509]] [34 [510 511 512 513 515 516 517 518 519 520 521 522 523 524]] [35 [525 526 527 528 531 532 533 534 535 536]] [36 [540 541 542 543 544 545 546 547 548 549 550 551 553]] [37 [555 556 559 560 561 564 565 567 569]] [38 [570 572 573 574 575 576 577 578 579 581 582 583 584]] [39 [585 586 587 590 592 593 594 595 596 598 599]] [40 [600 601 602 603 604 607 608 609 610 611 612 613 614]] [41 [615 616 618 619 620 621 623 624 626 627 628 629]] [42 [630 634 635 637 638 639 640 641 642 644]] [43 [645 647 648 649 651 652 653 654 655 656 657 658 659]] [44 [661 662 663 665 666 668 669 670 671 672 673 674]] [45 [675 676 677 679 680 682 683 685 686 687 688]] [46 [691 692 693 694 695 696 697 698 699 701 702 703 704]] [47 [705 706 707 708 709 710 711 712 713 715 716 717 718 719]] [48 [721 722 724 725 726 727 728 729 730 731 732 733]] [49 [735 737 738 739 740 741 742 743 744 745 746 747 748 749]] [50 [751 752 753 757 758 759 760 761 762 763 764]] [51 [765 766 767 768 770 772 773 774 778 779]] [52 [780 781 782 783 784 785 786 787 788 789 790 791 792 793]] [53 [797 798 799 801 802 803 804 806 807 808 809]] [54 [810 811 812 814 815 816 817 819 820 821 822 824]] [55 [825 826 827 829 830 831 832 833 834 835 836 838 839]] [56 [840 841 842 843 844 845 846 847 848 849 850 851 852 853 854]] [57 [855 857 858 859 860 861 863 864 865 866 867 868 869]] [58 [870 871 873 874 875 876 877 878 879 881 882 883 884]] [59 [885 886 887 892 893 894 895 896 897 898 899]] [60 [900 901 902 903 904 905 906 907 909 910 912 913]] [61 [915 916 917 919 920 921 923 924 925 926 927 929]] [62 [930 932 933 934 935 936 937 938 939 940 942 943 944]] [63 [945 946 948 949 950 951 952 953 954 956 957 958 959]] [64 [960 961 962 963 964 965 968 969 970 971 972 973 974]] [65 [975 977 978 979 980 981 983 984 985 988 989]] [66 [990 991 992 993 994 995 998 999 1001 1002 1003 1004]] [67 [1005 1006 1007 1009 1010 1011 1012 1013 1014 1015 1016 1017 1018 1019]] [68 [1020 1021 1022 1023 1024 1025 1026 1028 1029 1031 1032 1033 1034]] [69 [1037 1038 1040 1042 1043 1044 1046 1047 1048]] [70 [1050 1051 1052 1053 1054 1055 1060 1061 1062 1063]] [71 [1065 1068 1069 1070 1072 1073 1074 1075 1076 1077 1078 1079]] [72 [1080 1081 1082 1083 1084 1085 1086 1088 1089 1090 1093 1094]] [73 [1095 1099 1101 1102 1103 1104 1105 1106 1107 1108]] [74 [1110 1111 1112 1113 1114 1115 1116 1117 1120 1121 1122 1123 1124]] [75 [1125 1126 1127 1128 1129 1130 1131 1132 1134 1135 1138 1139]] [76 [1141 1142 1143 1144 1146 1147 1148 1149 1150 1151 1152 1153 1154]] [77 [1155 1156 1157 1158 1159 1160 1161 1163 1165 1166 1168 1169]] [78 [1170 1171 1172 1174 1176 1177 1178 1179 1180 1181 1182 1183 1184]] [79 [1186 1187 1188 1189 1190 1191 1192 1193 1195 1196 1197 1199]] [80 [1200 1201 1203 1205 1206 1207 1208 1212 1213 1214]] [81 [1215 1217 1219 1220 1221 1223 1224 1225 1226 1227 1228 1229]] [82 [1230 1231 1232 1233 1234 1235 1237 1238 1240 1241 1244]] [83 [1245 1247 1248 1249 1250 1251 1252 1254 1255 1256 1258 1259]] [84 [1260 1261 1262 1263 1264 1265 1266 1267 1268 1272 1273 1274]] [85 [1275 1276 1277 1278 1279 1280 1281 1282 1283 1284 1285 1287 1288 1289]] [86 [1290 1291 1293 1295 1296 1297 1298 1300 1301 1302 1303 1304]] [87 [1305 1306 1307 1308 1309 1310 1311 1312 1313 1314 1315 1316 1317 1318]] [88 [1320 1321 1322 1324 1325 1326 1327 1328 1329 1330 1331 1333 1334]] [89 [1335 1337 1339 1340 1342 1343 1344 1345 1346 1347 1348 1349]] [90 [1350 1351 1353 1354 1355 1356 1357 1358 1359 1360 1361 1362]] [91 [1365 1366 1367 1368 1369 1370 1371 1372 1373 1374 1377 1378 1379]] [92 [1380 1381 1382 1383 1384 1385 1386 1387 1388 1389 1390 1391 1392 1394]] [93 [1395 1396 1397 1398 1399 1400 1401 1402 1403 1404 1405 1406 1407 1409]] [94 [1410 1411 1412 1415 1416 1417 1418 1419 1420 1421 1422 1423 1424]] [95 [1425 1427 1428 1429 1430 1431 1432 1433 1434 1435 1436 1438]] [96 [1440 1441 1442 1443 1444 1445 1446 1447 1448 1449 1452 1453 1454]] [97 [1455 1456 1457 1458 1459 1460 1461 1463 1464 1465 1466 1467 1468 1469]] [98 [1470 1471 1472 1473 1474 1475 1476 1477 1479 1480 1481 1482 1483 1484]] [99 [1485 1486 1487 1489 1490 1491 1492 1493 1494 1495 1496 1497 1498 1499]]]",,"[[{media 50} [[""A"" [4 4]]]] [{media 52} [[""A"" [2 2]]]] [{media 54} [[""A"" [3 3]]]] [{media 55} [[""A"" [3 3]]]] [{media 56} [[""A"" [2 2]]]] [{media 57} [[""A"" [2 2]]]] [{media 58} [[""A"" [1 1]]]] [{media 59} [[""A"" [4 4]]]] [{media 63} [[""A"" [3 3]]]] [{media 64} [[""A"" [3 3]]]] [{citizen 4} [[""A"" [2 4]]]] [{citizen 13} [[""A"" [2 4]]]] [{citizen 38} [[""A"" [2 2]]]] [{citizen 10} [[""A"" [2 4]]]] [{media 51} [[""A"" [2 2]]]] [{citizen 3} [[""A"" [2 4]]]] [{media 62} [[""A"" [4 4]]]] [{citizen 9} [[""A"" [4 4]]]] [{media 53} [[""A"" [4 4]]]] [{citizen 6} [[""A"" [2 2]]]] [{media 61} [[""A"" [3 3]]]] [{citizen 1} [[""A"" [4 2]]]] [{citizen 5} [[""A"" [3 2]]]] [{citizen 7} [[""A"" [2 2]]]] [{citizen 49} [[""A"" [2 4]]]] [{citizen 32} [[""A"" [2 4]]]] [{citizen 15} [[""A"" [2 4]]]] [{citizen 0} [[""A"" [2 2]]]] [{citizen 17} [[""A"" [3 2]]]] [{citizen 16} [[""A"" [3 2]]]] [{citizen 44} [[""A"" [3 2]]]] [{citizen 2} [[""A"" [4 4]]]] [{citizen 37} [[""A"" [4 4]]]] [{citizen 26} [[""A"" [2 2]]]] [{citizen 29} [[""A"" [3 2]]]] [{citizen 25} [[""A"" [2 2]]]] [{citizen 48} [[""A"" [2 4]]]] [{citizen 31} [[""A"" [2 4]]]] [{citizen 43} [[""A"" [2 2]]]] [{citizen 21} [[""A"" [3 4]]]] [{citizen 41} [[""A"" [4 4]]]] [{citizen 12} [[""A"" [2 4]]]] [{citizen 20} [[""A"" [2 4]]]] [{citizen 22} [[""A"" [2 2]]]] [{citizen 19} [[""A"" [2 2]]]] [{citizen 47} [[""A"" [4 4]]]] [{citizen 33} [[""A"" [2 2]]]] [{citizen 24} [[""A"" [2 2]]]] [{citizen 18} [[""A"" [2 2]]]] [{citizen 28} [[""A"" [4 4]]]] [{citizen 40} [[""A"" [2 4]]]] [{citizen 46} [[""A"" [2 4]]]] [{citizen 34} [[""A"" [2 4]]]] [{citizen 14} [[""A"" [3 2]]]] [{citizen 8} [[""A"" [2 2]]]] [{citizen 35} [[""A"" [2 4]]]] [{citizen 23} [[""A"" [2 2]]]] [{citizen 36} [[""A"" [2 4]]]] [{citizen 39} [[""A"" [2 4]]]] [{media 60} [[""A"" [4 4]]]] [{citizen 27} [[""A"" [2 2]]]] [{citizen 42} [[""A"" [2 4]]]] [{citizen 30} [[""A"" [2 2]]]] [{citizen 11} [[""A"" [2 4]]]]]"
"46","[85 0 170]","352.65306122448965","-0.67485125555673","7.089600558757136","""circle""","""""","9.9","{breed citizens}","false","0.5","1","""up""",,"[[""ID"" 40] [""alpha"" 1] [""beta"" 1] [""malleable"" [""A""]] [""prior"" []] [""cont_tokens"" []] [""A"" 4]]","[[0 [1 2 3 4 5 6 7 8 9 10 11 12 13 14]] [1 [15 16 17 18 19 20 21 22 23 24 25 26 27 28 29]] [2 [30 31 32 33 34 35 36 37 38 39 40 41 42 43 44]] [3 [45 46 47 48 49 50 51 52 53 54 55 56 57 58 59]] [4 [60 61 62 63 64 65 66 67 68 69 70 71 72 73 74]] [5 [75 76 77 78 79 80 81 82 83 84 85 86 87 88 89]] [6 [90 91 92 93 94 95 96 97 98 99 100 101 102 103 104]] [7 [105 106 107 108 109 110 111 112 113 114 115 116 117 118 119]] [8 [120 121 122 123 124 125 126 127 128 129 130 131 132 133 134]] [9 [135 136 137 138 139 140 141 142 143 144 145 146 147 148 149]] [10 [150 151 152 153 154 155 156 157 158 159 160 161 162 163 164]] [11 [165 166 167 168 169 170 171 172 173 174 175 176 177 178 179]] [12 [180 181 183 184 185 186 187 188 189 190 191 192 193 194]] [13 [195 196 197 198 199 200 201 202 203 204 205 206 207 208 209]] [14 [210 211 212 213 214 215 216 217 218 219 220 221 222 223 224]] [15 [225 226 227 228 229 230 231 232 233 234 235 236 237 238 239]] [16 [241 242 243 244 245 246 247 248 249 250 251 252 253 254]] [17 [255 256 257 258 259 260 261 262 263 264 265 266 267 268 269]] [18 [270 271 272 273 274 275 276 277 278 279 280 281 282 283 284]] [19 [285 286 287 288 289 290 291 292 293 294 295 296 297 298 299]] [20 [300 301 302 303 304 305 306 307 308 309 310 311 312 313 314]] [21 [315 316 317 318 319 320 321 322 323 324 325 326 327 328 329]] [22 [330 331 332 333 334 335 336 337 338 339 340 341 342 343 344]] [23 [345 346 347 348 349 350 351 352 353 354 355 356 357 358 359]] [24 [360 361 362 363 364 365 366 367 368 369 370 371 372 373 374]] [25 [375 376 377 378 379 380 381 382 383 384 385 386 387 388 389]] [26 [390 391 392 393 394 395 396 397 398 399 400 401 402 403 404]] [27 [405 406 407 408 409 410 411 412 413 414 415 416 417 418 419]] [28 [420 421 422 424 425 426 427 428 429 430 431 432 433 434]] [29 [435 436 437 438 439 440 441 442 443 444 445 446 447 448 449]] [30 [450 451 452 453 454 455 456 457 458 459 460 461 462 463 464]] [31 [465 466 467 468 469 470 471 472 473 474 475 476 477 478 479]] [32 [480 481 482 483 484 485 486 487 488 489 490 491 492 493 494]] [33 [495 496 497 498 499 500 501 502 503 504 505 506 507 508 509]] [34 [510 511 512 513 514 515 516 517 518 519 520 521 522 523 524]] [35 [525 526 527 528 529 530 531 532 533 534 535 536 537 538 539]] [36 [540 541 542 543 544 545 546 547 548 549 550 551 553 554]] [37 [555 556 557 558 559 560 561 562 563 564 565 566 567 568 569]] [38 [570 571 572 573 574 575 576 577 578 579 580 581 582 583 584]] [39 [585 586 587 588 589 590 592 593 594 595 596 597 598 599]] [40 [600 601 602 603 604 605 606 607 608 609 610 611 612 613 614]] [41 [615 616 617 618 619 620 621 622 623 624 626 627 628 629]] [42 [630 631 632 633 634 635 636 637 638 639 640 641 642 643 644]] [43 [645 646 647 648 649 650 651 652 653 654 655 656 657 658 659]] [44 [660 661 662 663 664 665 666 667 668 669 670 671 672 673 674]] [45 [675 676 677 678 679 680 681 682 683 684 685 686 687 688]] [46 [690 691 692 693 694 695 696 697 698 699 700 701 702 703 704]] [47 [705 706 707 708 709 710 711 712 713 714 715 716 717 718 719]] [48 [720 721 722 724 725 726 727 728 729 730 731 732 733 734]] [49 [735 736 737 738 739 740 741 742 743 744 745 746 747 748 749]] [50 [750 751 752 753 754 755 756 757 758 759 760 761 762 763 764]] [51 [765 766 767 768 769 770 771 772 773 774 775 776 777 778 779]] [52 [780 781 782 783 784 785 786 787 788 789 790 791 792 793 794]] [53 [795 796 797 798 799 800 801 802 803 804 805 806 807 808 809]] [54 [810 811 812 813 814 815 816 817 818 819 820 821 822 823 824]] [55 [825 826 827 828 829 830 831 832 833 834 835 836 837 838 839]] [56 [840 841 842 843 844 845 846 847 848 849 850 851 852 853 854]] [57 [855 856 857 858 859 860 861 862 863 864 865 866 867 868 869]] [58 [870 871 872 873 874 875 876 877 878 879 881 882 883 884]] [59 [885 886 887 888 889 890 891 892 893 894 895 896 897 898 899]] [60 [900 901 902 903 904 905 906 907 908 909 910 911 912 913 914]] [61 [915 916 917 918 919 920 921 922 923 924 925 926 927 928 929]] [62 [930 931 932 933 934 935 936 937 938 939 940 941 942 943 944]] [63 [945 946 948 949 950 951 952 953 954 955 956 957 958 959]] [64 [960 961 962 963 964 965 966 967 968 969 970 971 972 973 974]] [65 [975 976 977 978 979 980 981 982 983 984 985 986 987 988 989]] [66 [990 991 992 993 994 995 996 997 998 999 1000 1001 1002 1003 1004]] [67 [1005 1006 1007 1009 1010 1011 1012 1013 1014 1015 1016 1017 1018 1019]] [68 [1020 1021 1022 1023 1024 1025 1026 1027 1028 1029 1030 1031 1032 1033 1034]] [69 [1035 1036 1037 1038 1040 1042 1043 1044 1046 1047 1048]] [70 [1050 1051 1052 1053 1054 1055 1056 1057 1058 1059 1060 1061 1062 1063 1064]] [71 [1065 1066 1067 1068 1069 1070 1071 1072 1073 1074 1075 1076 1077 1078 1079]] [72 [1080 1081 1082 1083 1084 1085 1086 1087 1088 1089 1090 1091 1092 1093 1094]] [73 [1095 1096 1097 1098 1099 1100 1101 1102 1103 1104 1105 1106 1107 1108 1109]] [74 [1110 1111 1112 1113 1114 1115 1116 1117 1118 1119 1120 1121 1122 1123 1124]] [75 [1125 1126 1127 1128 1129 1130 1131 1132 1133 1134 1135 1136 1137 1138 1139]] [76 [1140 1141 1142 1143 1144 1145 1146 1147 1148 1149 1150 1151 1152 1153 1154]] [77 [1155 1156 1157 1158 1159 1160 1161 1162 1163 1164 1165 1166 1167 1168 1169]] [78 [1170 1171 1172 1173 1174 1175 1176 1177 1178 1179 1180 1181 1182 1183 1184]] [79 [1185 1186 1187 1188 1189 1190 1191 1192 1193 1194 1195 1196 1197 1198 1199]] [80 [1200 1201 1202 1203 1204 1205 1206 1207 1208 1209 1210 1211 1212 1213 1214]] [81 [1215 1216 1217 1218 1219 1220 1221 1222 1223 1224 1225 1226 1227 1228 1229]] [82 [1230 1231 1232 1233 1234 1235 1236 1237 1238 1239 1240 1241 1242 1243 1244]] [83 [1245 1246 1247 1248 1249 1250 1251 1252 1253 1254 1255 1256 1257 1258 1259]] [84 [1260 1261 1262 1263 1264 1265 1266 1267 1268 1269 1270 1271 1272 1273 1274]] [85 [1275 1276 1277 1278 1279 1280 1281 1282 1283 1284 1285 1287 1288 1289]] [86 [1290 1291 1292 1293 1295 1296 1297 1298 1299 1300 1301 1302 1303 1304]] [87 [1305 1306 1307 1308 1309 1310 1311 1312 1313 1314 1315 1316 1317 1318 1319]] [88 [1320 1321 1322 1324 1325 1326 1327 1328 1329 1330 1331 1332 1333 1334]] [89 [1335 1336 1337 1338 1339 1340 1342 1343 1344 1345 1346 1347 1348 1349]] [90 [1350 1351 1352 1353 1354 1355 1356 1357 1358 1359 1360 1361 1362 1363 1364]] [91 [1365 1366 1367 1368 1369 1370 1371 1372 1373 1374 1375 1376 1377 1378 1379]] [92 [1380 1381 1382 1383 1384 1385 1386 1387 1388 1389 1390 1391 1392 1393 1394]] [93 [1395 1396 1397 1398 1399 1400 1401 1402 1403 1404 1405 1406 1407 1408 1409]] [94 [1410 1411 1412 1413 1414 1415 1416 1417 1418 1419 1420 1421 1422 1423 1424]] [95 [1425 1426 1427 1428 1429 1430 1431 1432 1433 1434 1435 1436 1437 1438 1439]] [96 [1440 1441 1442 1443 1444 1445 1446 1447 1448 1449 1450 1451 1452 1453 1454]] [97 [1455 1456 1457 1458 1459 1460 1461 1462 1463 1464 1465 1466 1467 1468 1469]] [98 [1470 1471 1472 1473 1474 1475 1476 1477 1478 1479 1480 1481 1482 1483 1484]] [99 [1485 1486 1487 1488 1489 1490 1491 1492 1493 1494 1495 1496 1497 1498 1499]]]","[[0 [5 6 7 8 9 10 11 13]] [1 [16 17 18 19 20 21 22 24 25 26 28 29]] [2 [30 31 32 33 36 37 38 39 40 41 42 44]] [3 [45 46 47 48 49 50 51 52 53 54 55 56 58 59]] [4 [60 61 62 63 64 65 66 70 71 72 73 74]] [5 [75 76 77 78 79 80 82 84 85 87 88]] [6 [90 91 92 94 95 96 99 100 101 102 103 104]] [7 [106 107 109 110 111 112 115 116 117 118 119]] [8 [120 121 122 123 125 126 128 130 131 133 134]] [9 [135 136 137 138 139 140 141 142 143 144 145 146]] [10 [151 153 154 155 156 157 158 159 161 162 164]] [11 [166 167 168 169 170 171 173 174 175 176 177 178 179]] [12 [180 181 183 184 185 186 187 188 189 191 192 193]] [13 [195 196 197 199 200 201 202 203 204 205 207 208 209]] [14 [210 211 213 214 215 216 217 218 220 221 222 223 224]] [15 [225 226 227 228 229 230 231 232 233 234 235 236 237 238 239]] [16 [242 243 244 245 246 247 248 249 250 251 252 254]] [17 [255 256 257 258 259 260 261 263 264 266 268 269]] [18 [270 272 273 274 275 277 278 279 280 281 283 284]] [19 [285 286 287 288 289 290 291 292 293 294 295 296 297 298 299]] [20 [301 302 303 304 306 307 308 309 310 311]] [21 [315 317 318 319 320 321 322 323 325 326 327 328 329]] [22 [330 331 332 333 334 335 336 337 338 339 341 343 344]] [23 [345 347 348 349 350 352 353 354 355 356 359]] [24 [360 362 363 364 365 366 367 368 369 371 372 373 374]] [25 [378 379 380 381 382 383 384 385 386 387 389]] [26 [390 391 392 394 395 396 398 399 400 401 402 403 404]] [27 [406 407 408 409 411 412 413 414 415 416 418 419]] [28 [420 421 422 424 425 427 428 429 430 431 432 433 434]] [29 [435 436 437 438 439 440 441 442 443 444 445 446 447 448 449]] [30 [450 451 452 453 454 455 456 457 458 460 461 462 463 464]] [31 [467 468 469 470 471 472 473 475 476 477]] [32 [480 481 482 483 484 487 488 489 490 491 492 493 494]] [33 [495 496 497 498 499 500 501 502 504 505 506 508 509]] [34 [510 511 512 513 514 515 516 519 520 522 523 524]] [35 [525 526 527 528 531 532 533 534 535 536 537 538 539]] [36 [540 542 543 544 545 546 547 548 549 550 551 553]] [37 [555 556 557 558 559 560 561 564 565 566 567 568 569]] [38 [570 571 572 573 575 576 577 578 579 581 582 583 584]] [39 [585 586 587 588 589 590 592 593 594 595 596 598 599]] [40 [600 601 602 603 605 606 608 609 610 611 613 614]] [41 [615 616 618 619 620 621 622 623 624 626 627 628 629]] [42 [630 631 632 633 634 635 636 639 640 641 642 644]] [43 [645 647 648 649 651 652 653 654 655 656 657 659]] [44 [660 661 662 663 664 665 666 668 670 671 672 673 674]] [45 [675 676 677 678 679 680 682 683 685 686 687 688]] [46 [690 691 692 693 695 696 697 698 699 700]] [47 [705 706 707 708 709 710 711 712 713 715 716 717 719]] [48 [720 721 722 724 725 726 727 728 729 730 731 732 733 734]] [49 [735 737 738 739 740 741 742 743 744 745 746 747 748 749]] [50 [751 752 753 754 755 756 757 758 759 760 761 762 763 764]] [51 [765 766 767 768 769 771 772 773 774 779]] [52 [780 781 782 783 784 785 786 787 788 789 790 791 792 793]] [53 [796 797 798 799 800 801 802 803 804 806 808 809]] [54 [810 811 812 813 815 816 817 819 820 821 822]] [55 [826 827 828 829 830 831 832 833 834 835 836 839]] [56 [840 841 842 843 844 845 846 847 848 849 850 851 852 853 854]] [57 [856 857 858 859 860 861 862 865 866 867 868 869]] [58 [870 871 872 873 874 875 876 877 878 879 882 884]] [59 [885 886 887 888 889 890 891 892 893 894 895 896 897 898]] [60 [900 901 902 903 904 905 906 907 909 910 912 913 914]] [61 [916 917 918 919 920 921 922 923 924 925 926 927 929]] [62 [930 931 936 937 938 939 940 941 942 943 944]] [63 [945 946 948 949 950 951 952 953 954 955 956 957 958]] [64 [961 962 963 964 965 966 968 969 970 971 972 973 974]] [65 [975 977 978 979 980 981 982 983 984 985 986 987 988 989]] [66 [990 991 992 993 994 995 998 999 1000 1002 1003 1004]] [67 [1006 1007 1009 1010 1011 1012 1013 1015 1016 1017 1018 1019]] [68 [1020 1021 1022 1023 1024 1025 1026 1029 1031 1032 1033 1034]] [69 [1037 1038 1042 1043 1044 1046 1047 1048]] [70 [1051 1052 1053 1054 1055 1058 1059 1060 1061 1062 1063 1064]] [71 [1066 1067 1068 1069 1070 1072 1073 1074 1075 1077 1078 1079]] [72 [1080 1081 1082 1083 1084 1086 1088 1089 1090 1093 1094]] [73 [1096 1097 1098 1099 1101 1102 1103 1104 1105 1106 1107 1108 1109]] [74 [1112 1113 1114 1115 1118 1119 1120 1121 1122 1123 1124]] [75 [1125 1126 1127 1128 1129 1130 1131 1133 1134 1135 1137 1138 1139]] [76 [1141 1143 1144 1146 1147 1148 1149 1152 1153 1154]] [77 [1155 1156 1157 1158 1159 1160 1161 1163 1165 1166 1168 1169]] [78 [1170 1171 1172 1173 1174 1175 1176 1178 1179 1180 1181 1182 1183]] [79 [1185 1186 1187 1188 1189 1191 1192 1193 1195 1196 1197 1198]] [80 [1200 1201 1203 1205 1206 1207 1208 1209 1210 1211 1213 1214]] [81 [1215 1217 1218 1222 1223 1224 1225 1226 1227 1228 1229]] [82 [1230 1231 1232 1233 1234 1235 1236 1237 1238 1239 1242 1243]] [83 [1246 1247 1248 1249 1250 1251 1252 1253 1254 1255 1256 1258]] [84 [1260 1261 1262 1263 1264 1265 1266 1267 1268 1272 1273 1274]] [85 [1275 1276 1277 1278 1279 1280 1281 1282 1283 1284 1285 1287 1288 1289]] [86 [1290 1291 1292 1295 1296 1297 1298 1299 1300 1301 1302 1303 1304]] [87 [1305 1306 1307 1308 1309 1310 1311 1312 1315 1316 1317 1318]] [88 [1320 1321 1324 1325 1326 1327 1328 1329 1330 1332 1333 1334]] [89 [1335 1337 1339 1340 1342 1343 1345 1346 1347 1348 1349]] [90 [1351 1353 1354 1355 1356 1357 1358 1359 1360 1363 1364]] [91 [1365 1366 1367 1368 1369 1371 1372 1373 1374 1377 1378]] [92 [1380 1381 1382 1383 1384 1385 1386 1387 1388 1389 1390 1391 1393 1394]] [93 [1395 1396 1397 1399 1400 1401 1402 1403 1404 1405 1406 1408 1409]] [94 [1411 1412 1414 1415 1416 1418 1419 1420 1421 1422 1423 1424]] [95 [1426 1427 1428 1430 1431 1432 1433 1434 1435 1437 1438]] [96 [1440 1441 1442 1443 1444 1448 1449 1450 1451 1452 1453 1454]] [97 [1455 1456 1457 1460 1461 1463 1464 1465 1466 1467 1468 1469]] [98 [1470 1471 1472 1473 1474 1475 1476 1477 1478 1479 1480 1481 1482 1483 1484]] [99 [1485 1487 1489 1490 1491 1492 1493 1494 1495 1496 1498 1499]]]",,"[[{media 52} [[""A"" [2 2]]]] [{media 54} [[""A"" [3 3]]]] [{media 58} [[""A"" [1 1]]]] [{media 59} [[""A"" [4 4]]]] [{media 63} [[""A"" [3 3]]]] [{media 57} [[""A"" [2 2]]]] [{citizen 4} [[""A"" [2 2]]]] [{citizen 13} [[""A"" [2 4]]]] [{citizen 28} [[""A"" [2 4]]]] [{citizen 34} [[""A"" [3 2]]]] [{citizen 40} [[""A"" [4 2]]]] [{media 51} [[""A"" [2 2]]]] [{citizen 10} [[""A"" [4 2]]]] [{media 64} [[""A"" [3 3]]]] [{citizen 18} [[""A"" [3 2]]]] [{media 62} [[""A"" [4 4]]]] [{citizen 9} [[""A"" [2 4]]]] [{citizen 17} [[""A"" [3 2]]]] [{media 55} [[""A"" [3 3]]]] [{media 53} [[""A"" [4 4]]]] [{citizen 3} [[""A"" [2 4]]]] [{citizen 6} [[""A"" [2 2]]]] [{media 61} [[""A"" [3 3]]]] [{citizen 1} [[""A"" [4 2]]]] [{citizen 5} [[""A"" [2 2]]]] [{citizen 25} [[""A"" [2 2]]]] [{media 50} [[""A"" [4 4]]]] [{media 56} [[""A"" [2 2]]]] [{citizen 49} [[""A"" [2 2]]]] [{citizen 32} [[""A"" [2 4]]]] [{citizen 15} [[""A"" [2 2]]]] [{citizen 0} [[""A"" [2 2]]]] [{citizen 16} [[""A"" [3 4]]]] [{citizen 44} [[""A"" [2 2]]]] [{citizen 2} [[""A"" [2 4]]]] [{citizen 37} [[""A"" [4 4]]]] [{citizen 26} [[""A"" [2 2]]]] [{citizen 29} [[""A"" [2 2]]]] [{citizen 48} [[""A"" [2 2]]]] [{citizen 31} [[""A"" [4 2]]]] [{citizen 43} [[""A"" [2 2]]]] [{citizen 21} [[""A"" [2 4]]]] [{citizen 7} [[""A"" [2 2]]]] [{citizen 41} [[""A"" [4 2]]]] [{citizen 12} [[""A"" [2 4]]]] [{citizen 20} [[""A"" [2 4]]]] [{citizen 22} [[""A"" [2 2]]]] [{citizen 19} [[""A"" [2 2]]]] [{citizen 47} [[""A"" [2 4]]]] [{citizen 33} [[""A"" [2 2]]]] [{citizen 24} [[""A"" [2 2]]]] [{citizen 14} [[""A"" [4 3]]]] [{citizen 38} [[""A"" [2 2]]]] [{citizen 8} [[""A"" [4 2]]]] [{citizen 35} [[""A"" [2 2]]]] [{citizen 23} [[""A"" [2 2]]]] [{citizen 36} [[""A"" [2 2]]]] [{media 60} [[""A"" [4 4]]]] [{citizen 39} [[""A"" [4 4]]]] [{citizen 45} [[""A"" [4 2]]]] [{citizen 27} [[""A"" [2 2]]]] [{citizen 42} [[""A"" [2 4]]]] [{citizen 30} [[""A"" [2 2]]]] [{citizen 11} [[""A"" [4 2]]]]]"
"47","[85 0 170]","112.9591836734694","13.141812407819964","-5.080439570579423","""circle""","""""","9.9","{breed citizens}","false","0.5","1","""up""",,"[[""ID"" 8] [""alpha"" 1] [""beta"" 1] [""malleable"" [""A""]] [""prior"" []] [""cont_tokens"" []] [""A"" 4]]","[[0 [1 2 3 4 5 6 7 8 9 10 11 12 13 14]] [1 [15 16 17 18 19 20 21 22 23 24 25 26 27 28 29]] [2 [30 31 32 33 34 35 36 37 38 39 40 41 42 43 44]] [3 [45 46 47 48 49 50 51 52 53 54 55 56 57 58 59]] [4 [60 61 62 63 64 65 66 67 68 69 70 71 72 73 74]] [5 [75 76 77 78 79 80 81 82 83 84 85 86 87 88 89]] [6 [90 91 92 93 94 95 96 97 98 99 100 101 102 103 104]] [7 [105 106 107 108 109 110 111 112 113 114 115 116 117 118 119]] [8 [120 121 122 123 124 125 126 127 128 129 130 131 132 133 134]] [9 [135 136 137 138 139 140 141 142 143 144 145 146 147 148 149]] [10 [150 151 152 153 154 155 156 157 158 159 160 161 162 163 164]] [11 [165 166 167 168 169 170 171 172 173 174 175 176 177 178 179]] [12 [180 181 183 184 185 186 187 188 189 190 191 192 193 194]] [13 [195 196 197 198 199 200 201 202 203 204 205 206 207 208 209]] [14 [210 211 212 213 214 215 216 217 218 219 220 221 222 223 224]] [15 [225 226 227 228 229 230 231 232 233 234 235 236 237 238 239]] [16 [241 242 243 244 245 246 247 248 249 250 251 252 253 254]] [17 [255 256 257 258 259 260 261 262 263 264 265 266 267 268 269]] [18 [270 271 272 273 274 275 276 277 278 279 280 281 282 283 284]] [19 [285 286 287 288 289 290 291 292 293 294 295 296 297 298 299]] [20 [300 301 302 303 304 305 306 307 308 309 310 311 312 313 314]] [21 [315 316 317 318 319 320 321 322 323 324 325 326 327 328 329]] [22 [330 331 332 333 334 335 336 337 338 339 340 341 342 343 344]] [23 [345 346 347 348 349 350 351 352 353 354 355 356 357 358 359]] [24 [360 361 362 363 364 365 366 367 368 369 370 371 372 373 374]] [25 [375 376 377 378 379 380 381 382 383 384 385 386 387 388 389]] [26 [390 391 392 393 394 395 396 397 398 399 400 401 402 403 404]] [27 [405 406 407 408 409 410 411 412 413 414 415 416 417 418 419]] [28 [420 421 422 424 425 426 427 428 429 430 431 432 433 434]] [29 [435 436 437 438 439 440 441 442 443 444 445 446 447 448 449]] [30 [450 451 452 453 454 455 456 457 458 459 460 461 462 463 464]] [31 [465 466 467 468 469 470 471 472 473 474 475 476 477 478 479]] [32 [480 481 482 483 484 485 486 487 488 489 490 491 492 493 494]] [33 [495 496 497 498 499 500 501 502 503 504 505 506 507 508 509]] [34 [510 511 512 513 514 515 516 517 518 519 520 521 522 523 524]] [35 [525 526 527 528 529 530 531 532 533 534 535 536 537 538 539]] [36 [540 541 542 543 544 545 546 547 548 549 550 551 553 554]] [37 [555 556 557 558 559 560 561 562 563 564 565 566 567 568 569]] [38 [570 571 572 573 574 575 576 577 578 579 580 581 582 583 584]] [39 [585 586 587 588 589 590 592 593 594 595 596 597 598 599]] [40 [600 601 602 603 604 605 606 607 608 609 610 611 612 613 614]] [41 [615 616 617 618 619 620 621 622 623 624 626 627 628 629]] [42 [630 631 632 633 634 635 636 637 638 639 640 641 642 643 644]] [43 [645 646 647 648 649 650 651 652 653 654 655 656 657 658 659]] [44 [660 661 662 663 664 665 666 667 668 669 670 671 672 673 674]] [45 [675 676 677 678 679 680 681 682 683 684 685 686 687 688]] [46 [690 691 692 693 694 695 696 697 698 699 700 701 702 703 704]] [47 [705 706 707 708 709 710 711 712 713 715 716 717 718 719]] [48 [720 721 722 724 725 726 727 728 729 730 731 732 733 734]] [49 [735 736 737 738 739 740 741 742 743 744 745 746 747 748 749]] [50 [750 751 752 753 754 755 756 757 758 759 760 761 762 763 764]] [51 [765 766 767 768 769 770 771 772 773 774 775 776 777 778 779]] [52 [780 781 782 783 784 785 786 787 788 789 790 791 792 793 794]] [53 [795 796 797 798 799 800 801 802 803 804 805 806 807 808 809]] [54 [810 811 812 813 814 815 816 817 818 819 820 821 822 823 824]] [55 [825 826 827 828 829 830 831 832 833 834 835 836 837 838 839]] [56 [840 841 842 843 844 845 846 847 848 849 850 851 852 853 854]] [57 [855 856 857 858 859 860 861 862 863 864 865 866 867 868 869]] [58 [870 871 872 873 874 875 876 877 878 879 881 882 883 884]] [59 [885 886 887 888 889 890 891 892 893 894 895 896 897 898 899]] [60 [900 901 902 903 904 905 906 907 908 909 910 911 912 913 914]] [61 [915 916 917 918 919 920 921 922 923 924 925 926 927 928 929]] [62 [930 931 932 933 934 935 936 937 938 939 940 941 942 943 944]] [63 [945 946 948 949 950 951 952 953 954 955 956 957 958 959]] [64 [960 961 962 963 964 965 966 967 968 969 970 971 972 973 974]] [65 [975 976 977 978 979 980 981 982 983 984 985 986 987 988 989]] [66 [990 991 992 993 994 995 996 997 998 999 1000 1001 1002 1003 1004]] [67 [1005 1006 1007 1009 1010 1011 1012 1013 1014 1015 1016 1017 1018 1019]] [68 [1020 1021 1022 1023 1024 1025 1026 1027 1028 1029 1030 1031 1032 1033 1034]] [69 [1035 1036 1037 1038 1040 1042 1043 1044 1046 1047 1048]] [70 [1050 1051 1052 1053 1054 1055 1056 1057 1058 1059 1060 1061 1062 1063 1064]] [71 [1065 1066 1067 1068 1069 1070 1071 1072 1073 1074 1075 1076 1077 1078 1079]] [72 [1080 1081 1082 1083 1084 1085 1086 1087 1088 1089 1090 1091 1092 1093 1094]] [73 [1095 1096 1097 1098 1099 1100 1101 1102 1103 1104 1105 1106 1107 1108 1109]] [74 [1110 1111 1112 1113 1114 1115 1116 1117 1118 1119 1120 1121 1122 1123 1124]] [75 [1125 1126 1127 1128 1129 1130 1131 1132 1133 1134 1135 1136 1137 1138 1139]] [76 [1140 1141 1142 1143 1144 1145 1146 1147 1148 1149 1150 1151 1152 1153 1154]] [77 [1155 1156 1157 1158 1159 1160 1161 1162 1163 1164 1165 1166 1167 1168 1169]] [78 [1170 1171 1172 1173 1174 1175 1176 1177 1178 1179 1180 1181 1182 1183 1184]] [79 [1185 1186 1187 1188 1189 1190 1191 1192 1193 1194 1195 1196 1197 1198 1199]] [80 [1200 1201 1202 1203 1204 1205 1206 1207 1208 1209 1210 1211 1212 1213 1214]] [81 [1215 1216 1217 1218 1219 1220 1221 1222 1223 1224 1225 1226 1227 1228 1229]] [82 [1230 1231 1232 1233 1234 1235 1236 1237 1238 1239 1240 1241 1242 1243 1244]] [83 [1245 1246 1247 1248 1249 1250 1251 1252 1253 1254 1255 1256 1257 1258 1259]] [84 [1260 1261 1262 1263 1264 1265 1266 1267 1268 1269 1270 1271 1272 1273 1274]] [85 [1275 1276 1277 1278 1279 1280 1281 1282 1283 1284 1285 1287 1288 1289]] [86 [1290 1291 1292 1293 1295 1296 1297 1298 1299 1300 1301 1302 1303 1304]] [87 [1305 1306 1307 1308 1309 1310 1311 1312 1313 1314 1315 1316 1317 1318 1319]] [88 [1320 1321 1322 1324 1325 1326 1327 1328 1329 1330 1331 1332 1333 1334]] [89 [1335 1336 1337 1338 1339 1340 1342 1343 1344 1345 1346 1347 1348 1349]] [90 [1350 1351 1352 1353 1354 1355 1356 1357 1358 1359 1360 1361 1362 1363 1364]] [91 [1365 1366 1367 1368 1369 1370 1371 1372 1373 1374 1375 1376 1377 1378 1379]] [92 [1380 1381 1382 1383 1384 1385 1386 1387 1388 1389 1390 1391 1392 1393 1394]] [93 [1395 1396 1397 1398 1399 1400 1401 1402 1403 1404 1405 1406 1407 1408 1409]] [94 [1410 1411 1412 1413 1414 1415 1416 1417 1418 1419 1420 1421 1422 1423 1424]] [95 [1425 1426 1427 1428 1429 1430 1431 1432 1433 1434 1435 1436 1437 1438 1439]] [96 [1440 1441 1442 1443 1444 1445 1446 1447 1448 1449 1450 1451 1452 1453 1454]] [97 [1455 1456 1457 1458 1459 1460 1461 1462 1463 1464 1465 1466 1467 1468 1469]] [98 [1470 1471 1472 1473 1474 1475 1476 1477 1478 1479 1480 1481 1482 1483 1484]] [99 [1485 1486 1487 1488 1489 1490 1491 1492 1493 1494 1495 1496 1497 1498 1499]]]","[[0 [1 2 3 4 5 6 7 8 9 10 12 14]] [1 [15 16 18 19 20 21 22 24 25 27 29]] [2 [30 31 32 33 35 36 37 38 39 40 41 42 44]] [3 [45 46 47 48 49 50 51 52 53 54 55 56 58 59]] [4 [60 61 62 63 64 67 68 69 71 72 73]] [5 [75 76 77 78 79 80 82 83 84 85 87 88]] [6 [93 97 98 99 100 101 102 103 104]] [7 [106 107 108 109 110 111 112 113 114 116 117 118 119]] [8 [120 121 122 123 127 128 130 131 133 134]] [9 [135 136 137 138 139 140 142 143 144 145 146 148 149]] [10 [150 151 152 153 154 155 156 158 160 161 162 164]] [11 [165 166 167 170 171 173 174 176 177 178 179]] [12 [180 181 184 185 186 187 188 189 192 193 194]] [13 [195 196 197 199 200 201 202 203 204 205 206 208 209]] [14 [210 211 212 218 219 220 221 222 224]] [15 [225 226 228 229 230 231 232 233 234 235 236 237 238 239]] [16 [242 243 244 245 246 247 248 249 250 251 252 253 254]] [17 [255 256 257 258 259 260 261 262 265 266 267 268 269]] [18 [270 272 273 274 275 277 278 279 280 281 283 284]] [19 [285 286 287 288 289 290 291 292 293 294 296 297 298]] [20 [300 301 302 303 304 307 308 309 310 311]] [21 [315 317 318 320 321 324 326 327 328 329]] [22 [330 331 332 333 334 335 336 337 338 339 341 342 343 344]] [23 [345 347 348 349 351 352 353 354 355 356 359]] [24 [360 361 362 363 364 365 366 367 368 369 370 371]] [25 [375 376 377 379 380 381 382 383 385 386 388 389]] [26 [390 391 392 394 395 397 398 399 400 401 402 403 404]] [27 [405 406 407 408 409 414 415 416 417 418 419]] [28 [420 421 422 426 427 428 429 430 432 433 434]] [29 [435 437 438 439 441 442 443 444 448 449]] [30 [450 451 452 453 454 455 456 457 458 460 461 462 463 464]] [31 [465 466 467 468 469 470 471 472 473 474 475 476 477 478 479]] [32 [480 481 482 483 484 485 486 487 488 492 493 494]] [33 [496 497 498 499 500 501 502 503 504 505 506 507 509]] [34 [510 512 513 515 516 517 518 519 520 522 523 524]] [35 [525 526 527 528 531 532 533 534 535 536 537 538 539]] [36 [541 542 543 544 545 546 547 548 549 550 551 554]] [37 [555 556 557 558 559 561 562 563 564 565 566 567 569]] [38 [570 573 574 575 576 577 578 579 581 582 583 584]] [39 [585 586 587 588 589 590 592 593 594 595 596 597 598 599]] [40 [600 601 602 603 605 606 607 608 609 610 611 612 613 614]] [41 [615 616 617 618 619 620 621 623 624 626 627 628 629]] [42 [630 631 632 633 634 635 636 638 639 640 641 642 644]] [43 [645 646 647 648 649 651 652 653 655 656 657 658 659]] [44 [660 661 662 663 665 666 668 669 670 671 672 673 674]] [45 [675 676 677 678 679 680 682 683 684 685 686 687 688]] [46 [691 693 694 695 696 697 698 699 701 702 703 704]] [47 [705 706 707 709 710 711 712 713 715 716 717 718 719]] [48 [721 722 724 725 726 727 728 729 730 731 732 733 734]] [49 [735 736 737 738 739 740 741 742 743 744 745 746 747 748 749]] [50 [750 751 752 753 757 758 759 760 761 762 763 764]] [51 [765 766 767 768 770 771 772 773 774 778 779]] [52 [780 781 782 783 784 785 786 789 790 792 793]] [53 [797 798 799 800 801 802 803 804 805 807 808 809]] [54 [810 811 812 814 815 816 817 818 819 820 822 824]] [55 [825 827 828 829 830 831 832 833 835 836]] [56 [843 845 846 847 849 850 851 852 853 854]] [57 [856 857 858 859 860 861 862 865 866 867 868 869]] [58 [870 871 872 873 874 875 876 877 878 879 882 884]] [59 [885 886 887 891 892 893 895 896 897 898 899]] [60 [900 901 902 903 904 905 906 907 908 909 910 912 913 914]] [61 [915 916 917 918 920 921 922 923 924 925 926 927 929]] [62 [930 931 934 935 936 937 938 939 940 942 943 944]] [63 [945 946 948 949 951 952 953 954 956 957 958 959]] [64 [960 961 962 963 964 965 966 967 968 969 970 971 972 973 974]] [65 [975 976 978 979 980 981 983 984 985 986 987 989]] [66 [990 991 992 993 994 995 999 1000 1001 1002 1003 1004]] [67 [1005 1007 1009 1010 1011 1012 1014 1015 1016 1017 1018 1019]] [68 [1020 1021 1022 1023 1024 1025 1026 1027 1028 1029 1031 1032 1033 1034]] [69 [1037 1038 1040 1042 1043 1044 1046 1047 1048]] [70 [1050 1052 1053 1054 1055 1057 1058 1059 1060 1061 1062 1063 1064]] [71 [1066 1067 1068 1069 1070 1072 1073 1074 1075 1077 1078 1079]] [72 [1080 1081 1082 1083 1084 1086 1088 1089 1090 1093 1094]] [73 [1095 1099 1101 1102 1103 1104 1105 1106 1107 1108 1109]] [74 [1110 1111 1114 1115 1118 1119 1120 1121 1122 1123 1124]] [75 [1125 1126 1127 1128 1129 1130 1131 1133 1136 1137 1138 1139]] [76 [1140 1141 1142 1143 1144 1146 1147 1148 1149 1152 1153]] [77 [1155 1156 1157 1158 1159 1161 1163 1165 1166 1168 1169]] [78 [1170 1171 1172 1173 1174 1176 1178 1179 1180 1181 1182 1183 1184]] [79 [1185 1186 1187 1188 1189 1190 1192 1193 1195 1196 1197 1199]] [80 [1200 1201 1202 1203 1204 1205 1206 1207 1208 1211 1212 1213 1214]] [81 [1215 1216 1217 1219 1220 1221 1223 1224 1225 1226 1229]] [82 [1230 1231 1232 1233 1234 1235 1237 1238 1239 1240 1241 1242 1243]] [83 [1246 1247 1248 1249 1250 1251 1252 1253 1254 1256 1258 1259]] [84 [1260 1261 1262 1263 1264 1265 1266 1267 1268 1270 1271 1272 1273 1274]] [85 [1276 1277 1278 1279 1280 1281 1282 1283 1284 1285 1287 1288 1289]] [86 [1290 1291 1293 1296 1297 1298 1300 1301 1302 1303 1304]] [87 [1305 1306 1307 1308 1309 1310 1311 1312 1314 1315 1316 1317 1318]] [88 [1320 1321 1324 1325 1326 1327 1328 1329 1330 1332 1333 1334]] [89 [1335 1337 1339 1340 1342 1343 1345 1346 1347 1348]] [90 [1350 1351 1353 1354 1355 1356 1357 1358 1359 1360 1362]] [91 [1365 1366 1367 1368 1369 1371 1372 1373 1374 1379]] [92 [1380 1381 1382 1383 1384 1385 1386 1387 1388 1389 1390 1391 1393 1394]] [93 [1395 1396 1397 1398 1399 1400 1401 1402 1403 1404 1405 1406 1408 1409]] [94 [1410 1411 1412 1415 1416 1418 1419 1420 1421 1422 1423]] [95 [1425 1426 1427 1428 1429 1430 1431 1432 1434 1435 1436 1437 1438]] [96 [1440 1441 1442 1443 1444 1448 1449 1450 1451 1452 1453 1454]] [97 [1455 1456 1457 1459 1461 1463 1464 1465 1466 1467 1468 1469]] [98 [1470 1471 1472 1473 1474 1476 1477 1478 1479 1480 1482 1484]] [99 [1485 1486 1487 1489 1490 1491 1492 1493 1494 1495 1496 1497 1499]]]",,"[[{media 50} [[""A"" [4 4]]]] [{media 52} [[""A"" [2 2]]]] [{media 54} [[""A"" [3 3]]]] [{media 55} [[""A"" [3 3]]]] [{media 56} [[""A"" [2 2]]]] [{media 57} [[""A"" [2 2]]]] [{media 58} [[""A"" [1 1]]]] [{media 59} [[""A"" [4 4]]]] [{media 63} [[""A"" [3 3]]]] [{media 64} [[""A"" [3 3]]]] [{citizen 4} [[""A"" [2 4]]]] [{citizen 17} [[""A"" [3 2]]]] [{citizen 19} [[""A"" [3 2]]]] [{media 51} [[""A"" [2 2]]]] [{citizen 0} [[""A"" [4 3]]]] [{citizen 9} [[""A"" [4 4]]]] [{media 62} [[""A"" [4 4]]]] [{media 53} [[""A"" [4 4]]]] [{media 61} [[""A"" [3 3]]]] [{citizen 33} [[""A"" [2 2]]]] [{citizen 6} [[""A"" [2 2]]]] [{citizen 10} [[""A"" [4 2]]]] [{citizen 49} [[""A"" [2 4]]]] [{citizen 1} [[""A"" [4 2]]]] [{citizen 32} [[""A"" [2 4]]]] [{citizen 15} [[""A"" [2 2]]]] [{citizen 25} [[""A"" [3 2]]]] [{citizen 48} [[""A"" [2 4]]]] [{citizen 31} [[""A"" [2 4]]]] [{citizen 43} [[""A"" [2 2]]]] [{citizen 21} [[""A"" [3 4]]]] [{citizen 7} [[""A"" [2 2]]]] [{citizen 5} [[""A"" [2 2]]]] [{citizen 41} [[""A"" [2 4]]]] [{citizen 12} [[""A"" [2 4]]]] [{citizen 3} [[""A"" [3 4]]]] [{citizen 20} [[""A"" [3 2]]]] [{citizen 22} [[""A"" [2 2]]]] [{citizen 23} [[""A"" [2 2]]]] [{citizen 44} [[""A"" [3 2]]]] [{citizen 14} [[""A"" [3 2]]]] [{citizen 36} [[""A"" [2 4]]]] [{citizen 13} [[""A"" [2 4]]]] [{citizen 34} [[""A"" [3 2]]]] [{citizen 40} [[""A"" [2 4]]]] [{citizen 46} [[""A"" [2 4]]]] [{citizen 39} [[""A"" [2 4]]]] [{citizen 35} [[""A"" [2 4]]]] [{citizen 26} [[""A"" [2 2]]]] [{citizen 37} [[""A"" [4 4]]]] [{citizen 2} [[""A"" [4 4]]]] [{citizen 38} [[""A"" [2 2]]]] [{citizen 45} [[""A"" [3 2]]]] [{citizen 42} [[""A"" [2 4]]]] [{media 60} [[""A"" [4 4]]]] [{citizen 28} [[""A"" [4 4]]]] [{citizen 24} [[""A"" [3 2]]]] [{citizen 29} [[""A"" [3 3]]]] [{citizen 27} [[""A"" [2 2]]]] [{citizen 18} [[""A"" [3 2]]]] [{citizen 8} [[""A"" [3 2]]]] [{citizen 16} [[""A"" [3 3]]]] [{citizen 30} [[""A"" [2 2]]]] [{citizen 11} [[""A"" [2 4]]]]]"
"48","[85 0 170]","149.69387755102036","7.356597927746813","-12.51936892880132","""circle""","""""","9.9","{breed citizens}","false","0.5","1","""up""",,"[[""ID"" 37] [""alpha"" 1] [""beta"" 1] [""malleable"" [""A""]] [""prior"" []] [""cont_tokens"" []] [""A"" 4]]","[[0 [0 1 2 3 4 5 6 7 8 10 11 12 13 14]] [1 [15 16 17 18 19 20 21 22 23 24 25 26 27 28 29]] [2 [30 31 32 33 34 35 36 37 38 39 40 41 42 43 44]] [3 [45 46 47 48 49 50 51 52 53 54 55 56 57 58 59]] [4 [60 61 62 63 64 65 66 67 68 69 70 71 72 73 74]] [5 [75 76 77 78 79 80 81 82 83 84 85 86 87 88 89]] [6 [90 91 92 93 94 95 96 97 98 99 100 101 102 103 104]] [7 [105 106 107 108 109 110 111 112 113 114 115 116 117 118 119]] [8 [120 121 122 123 124 125 126 127 128 129 130 131 132 133 134]] [9 [135 136 137 138 139 140 141 142 143 144 145 146 147 148 149]] [10 [150 151 152 153 154 155 156 157 158 159 160 161 162 163 164]] [11 [165 166 167 168 169 170 171 172 173 174 175 176 177 178 179]] [12 [180 181 183 184 185 186 187 188 189 190 191 192 193 194]] [13 [195 196 197 198 199 200 201 202 203 204 205 206 207 208 209]] [14 [210 211 212 213 214 215 216 217 218 219 220 221 222 223 224]] [15 [225 226 227 228 229 230 231 232 233 234 235 236 237 238 239]] [16 [241 242 243 244 245 246 247 248 249 250 251 252 253 254]] [17 [255 256 257 258 259 260 261 262 263 264 265 266 267 268 269]] [18 [270 271 272 273 274 275 276 277 278 279 280 281 282 283 284]] [19 [285 286 287 288 289 290 291 292 293 294 295 296 297 298 299]] [20 [300 301 302 303 304 305 306 307 308 309 310 311 312 313 314]] [21 [315 316 317 318 319 320 321 322 323 324 325 326 327 328 329]] [22 [330 331 332 333 334 335 336 337 338 339 340 341 342 343 344]] [23 [345 346 347 348 349 350 351 352 353 354 355 356 357 358 359]] [24 [360 361 362 363 364 365 366 367 368 369 370 371 372 373 374]] [25 [375 376 377 378 379 380 381 382 383 384 385 386 387 388 389]] [26 [390 391 392 393 394 395 396 397 398 399 400 401 402 403 404]] [27 [405 406 407 408 409 410 411 412 413 414 415 416 417 418 419]] [28 [420 421 422 424 425 426 427 428 429 430 431 432 433 434]] [29 [435 436 437 438 439 440 441 442 443 444 445 446 447 448 449]] [30 [450 451 452 453 454 455 456 457 458 459 460 461 462 463 464]] [31 [465 466 467 468 469 470 471 472 473 474 475 476 477 478 479]] [32 [480 481 482 483 484 485 486 487 488 489 490 491 492 493 494]] [33 [495 496 497 498 499 500 501 502 503 504 505 506 507 508 509]] [34 [510 511 512 513 514 515 516 517 518 519 520 521 522 523 524]] [35 [525 526 527 528 529 530 531 532 533 534 535 536 537 538 539]] [36 [540 541 542 543 544 545 546 547 548 549 550 551 552 553 554]] [37 [555 556 557 558 559 560 561 562 563 564 565 566 567 568 569]] [38 [570 571 572 573 574 575 576 577 578 579 580 581 582 583 584]] [39 [585 586 587 588 589 590 592 593 594 595 596 597 598 599]] [40 [600 601 602 603 604 605 606 607 608 609 610 611 612 613 614]] [41 [615 616 617 618 619 620 621 622 623 624 626 627 628 629]] [42 [630 631 632 633 634 635 636 637 638 639 640 641 642 643 644]] [43 [645 646 647 648 649 650 651 652 653 654 655 656 657 658 659]] [44 [660 661 662 663 664 665 666 667 668 669 670 671 672 673 674]] [45 [675 676 677 678 679 680 681 682 683 684 685 686 687 688]] [46 [690 691 692 693 694 695 696 697 698 699 700 701 702 703 704]] [47 [705 706 707 708 709 710 711 712 713 714 715 716 717 718 719]] [48 [720 721 722 724 725 726 727 728 729 730 731 732 733 734]] [49 [735 736 737 738 739 740 741 742 743 744 745 746 747 748 749]] [50 [750 751 752 753 754 755 756 757 758 759 760 761 762 763 764]] [51 [765 766 767 768 769 770 771 772 773 774 775 776 777 778 779]] [52 [780 781 782 783 784 785 786 787 788 789 790 791 792 793 794]] [53 [795 796 797 798 799 800 801 802 803 804 805 806 807 808 809]] [54 [810 811 812 813 814 815 816 817 818 819 820 821 822 823 824]] [55 [825 826 827 828 829 830 831 832 833 834 835 836 837 838 839]] [56 [840 841 842 843 844 845 846 847 848 849 850 851 852 853 854]] [57 [855 856 857 858 859 860 861 862 863 864 865 866 867 868 869]] [58 [870 871 872 873 874 875 876 877 878 879 881 882 883 884]] [59 [885 886 887 888 889 890 891 892 893 894 895 896 897 898 899]] [60 [900 901 902 903 904 905 906 907 908 909 910 911 912 913 914]] [61 [915 916 917 918 919 920 921 922 923 924 925 926 927 928 929]] [62 [930 931 932 933 934 935 936 937 938 939 940 941 942 943 944]] [63 [945 946 948 949 950 951 952 953 954 955 956 957 958 959]] [64 [960 961 962 963 964 965 966 967 968 969 970 971 972 973 974]] [65 [975 976 977 978 979 980 981 982 983 984 985 986 987 988 989]] [66 [990 991 992 993 994 995 996 997 998 999 1000 1001 1002 1003 1004]] [67 [1005 1006 1007 1009 1010 1011 1012 1013 1014 1015 1016 1017 1018 1019]] [68 [1020 1021 1022 1023 1024 1025 1026 1027 1028 1029 1030 1031 1032 1033 1034]] [69 [1035 1036 1037 1038 1040 1042 1043 1044 1046 1047 1048]] [70 [1050 1051 1052 1053 1054 1055 1056 1057 1058 1059 1060 1061 1062 1063 1064]] [71 [1065 1066 1067 1068 1069 1070 1071 1072 1073 1074 1075 1076 1077 1078 1079]] [72 [1080 1081 1082 1083 1084 1085 1086 1087 1088 1089 1090 1091 1092 1093 1094]] [73 [1095 1096 1097 1098 1099 1100 1101 1102 1103 1104 1105 1106 1107 1108 1109]] [74 [1110 1111 1112 1113 1114 1115 1116 1117 1118 1119 1120 1121 1122 1123 1124]] [75 [1125 1126 1127 1128 1129 1130 1131 1132 1133 1134 1135 1136 1137 1138 1139]] [76 [1140 1141 1142 1143 1144 1145 1146 1147 1148 1149 1150 1151 1152 1153 1154]] [77 [1155 1156 1157 1158 1159 1160 1161 1162 1163 1164 1165 1166 1167 1168 1169]] [78 [1170 1171 1172 1173 1174 1175 1176 1177 1178 1179 1180 1181 1182 1183 1184]] [79 [1185 1186 1187 1188 1189 1190 1191 1192 1193 1194 1195 1196 1197 1198 1199]] [80 [1200 1201 1202 1203 1204 1205 1206 1207 1208 1209 1210 1211 1212 1213 1214]] [81 [1215 1216 1217 1218 1219 1220 1221 1222 1223 1224 1225 1226 1227 1228 1229]] [82 [1230 1231 1232 1233 1234 1235 1236 1237 1238 1239 1240 1241 1242 1243 1244]] [83 [1245 1246 1247 1248 1249 1250 1251 1252 1253 1254 1255 1256 1257 1258 1259]] [84 [1260 1261 1262 1263 1264 1265 1266 1267 1268 1269 1270 1271 1272 1273 1274]] [85 [1275 1276 1277 1278 1279 1280 1281 1282 1283 1284 1285 1287 1288 1289]] [86 [1290 1291 1292 1293 1295 1296 1297 1298 1299 1300 1301 1302 1303 1304]] [87 [1305 1306 1307 1308 1309 1310 1311 1312 1313 1314 1315 1316 1317 1318 1319]] [88 [1320 1321 1322 1324 1325 1326 1327 1328 1329 1330 1331 1332 1333 1334]] [89 [1335 1336 1337 1338 1339 1340 1342 1343 1344 1345 1346 1347 1348 1349]] [90 [1350 1351 1352 1353 1354 1355 1356 1357 1358 1359 1360 1361 1362 1363 1364]] [91 [1365 1366 1367 1368 1369 1370 1371 1372 1373 1374 1375 1376 1377 1378 1379]] [92 [1380 1381 1382 1383 1384 1385 1386 1387 1388 1389 1390 1391 1392 1393 1394]] [93 [1395 1396 1397 1398 1399 1400 1401 1402 1403 1404 1405 1406 1407 1408 1409]] [94 [1410 1411 1412 1413 1414 1415 1416 1417 1418 1419 1420 1421 1422 1423 1424]] [95 [1425 1426 1427 1428 1429 1430 1431 1432 1433 1434 1435 1436 1437 1438 1439]] [96 [1440 1441 1442 1443 1444 1445 1446 1447 1448 1449 1450 1451 1452 1453 1454]] [97 [1455 1456 1457 1458 1459 1460 1461 1462 1463 1464 1465 1466 1467 1468 1469]] [98 [1470 1471 1472 1473 1474 1475 1476 1477 1478 1479 1480 1481 1482 1483 1484]] [99 [1485 1486 1487 1488 1489 1490 1491 1492 1493 1494 1495 1496 1497 1498 1499]]]","[[0 [0 1 2 3 4 5 6 7 8 10 11 13]] [1 [16 17 18 19 20 21 22 23 24 25 26 28]] [2 [30 31 34 35 36 37 38 39 40 41 42 44]] [3 [45 46 47 48 49 50 51 52 53 54 55 56 58 59]] [4 [60 61 62 63 64 67 68 69 71 72 73 74]] [5 [75 76 77 78 79 80 81 82 83 84 85 86 87 88 89]] [6 [90 91 92 94 95 96 97 98 99 100 101 102 103 104]] [7 [106 107 110 111 112 115 116 117 118 119]] [8 [120 121 122 123 124 125 126 127 128 130 131 133 134]] [9 [135 137 138 141 142 143 144 145 146]] [10 [151 153 154 155 156 157 158 160 161 162 164]] [11 [165 166 167 170 171 172 173 174 175 176 177 178 179]] [12 [180 181 184 185 186 187 188 189 190 191 192 193 194]] [13 [196 197 198 199 200 201 202 203 204 206 207 208 209]] [14 [210 211 212 213 214 215 216 217 218 219 220 221 222 224]] [15 [225 226 227 228 229 230 231 232 233 234 235 236 237 238 239]] [16 [242 243 244 245 246 247 248 249 250 251 252 253 254]] [17 [255 256 257 258 259 260 261 263 264 265 266 267 268 269]] [18 [270 272 273 274 275 277 278 279 280 281 282 283 284]] [19 [285 286 287 288 289 290 291 292 293 294 295 297 298 299]] [20 [301 302 303 304 305 306 307 308 309 310 311]] [21 [316 322 323 325 328 329]] [22 [330 331 332 333 336 337 338 339 340 342 343 344]] [23 [345 346 348 349 350 351 353 354 355 356 357 358]] [24 [363 364 366 367 368 369 370 372 373 374]] [25 [378 379 380 381 382 383 384 385 386 387 389]] [26 [390 391 393 394 395 397 398 399 400 401 402 403 404]] [27 [405 406 407 408 409 410 411 412 413 414 415 417 418 419]] [28 [420 421 422 424 425 426 427 428 429 430 431 432 433 434]] [29 [435 437 438 439 440 441 442 443 444 446 447]] [30 [450 451 452 453 454 455 456 457 458 460 461 462 463 464]] [31 [465 466 467 468 469 470 471 472 473 474 475 476 477 478 479]] [32 [480 481 482 483 484 485 486 487 488 489 490 491 492 493 494]] [33 [496 497 498 499 500 502 504 505 506 507]] [34 [513 514 515 516 518 519 520 522 524]] [35 [525 526 527 528 530 532 533 534 535 536]] [36 [540 542 543 544 545 546 547 548 549 550 551 554]] [37 [555 556 557 558 560 561 562 563 564 565 567 569]] [38 [570 572 574 575 576 577 578 579 581 582 583 584]] [39 [585 586 587 588 589 590 592 593 594 595 596 597 598 599]] [40 [600 601 602 603 604 607 608 609 610 611 612 613 614]] [41 [615 616 618 619 620 621 622 624 626 627 628 629]] [42 [630 633 634 635 636 637 638 639 640 641 642 644]] [43 [645 646 648 649 651 652 653 655 656 657 659]] [44 [660 661 662 663 664 665 666 668 669 670 671 672 673 674]] [45 [675 676 677 678 679 680 683 685 686 687 688]] [46 [691 693 695 696 697 698 699 700]] [47 [706 707 709 710 711 712 713 715 716 717 718 719]] [48 [721 722 724 725 726 727 728 729 730 732 733]] [49 [736 737 738 739 740 741 742 743 744 745 746 747 748 749]] [50 [751 752 753 754 755 756 757 758 759 760 762 763 764]] [51 [765 766 767 768 770 772 773 774]] [52 [780 781 782 783 784 785 786 787 788 789 790 792 793]] [53 [797 798 799 800 801 802 803 804 805 807 808 809]] [54 [810 811 812 814 815 816 817 819 820 822 823 824]] [55 [825 828 829 830 831 832 833 834 835 836 838 839]] [56 [840 841 842 843 844 845 846 847 850 851 852 853 854]] [57 [855 861 862 865 866 867 868 869]] [58 [870 871 872 873 874 875 876 877 878 879 882 883 884]] [59 [885 886 887 888 889 890 891 892 893 895 896 897 898 899]] [60 [900 901 902 903 904 905 906 907 909 910 911 912 913 914]] [61 [916 917 918 919 920 921 922 923 924 925 926 927 929]] [62 [930 932 933 934 935 936 937 938 939 940 942 943 944]] [63 [945 946 950 951 952 953 954 955 956 957 958]] [64 [960 961 962 963 966 967 971 972 973 974]] [65 [975 976 978 979 980 981 982 983 984 985 986 987 989]] [66 [990 991 992 993 994 995 998 999 1001 1002 1003 1004]] [67 [1005 1006 1007 1009 1010 1011 1012 1014 1015 1016 1017 1018 1019]] [68 [1020 1021 1022 1023 1024 1025 1026 1028 1029 1031 1032 1033 1034]] [69 [1036 1037 1038 1042 1043 1044 1046 1047 1048]] [70 [1051 1052 1053 1054 1055 1060 1061 1062 1063]] [71 [1065 1067 1068 1069 1070 1071 1073 1074 1075 1076 1077 1078 1079]] [72 [1080 1081 1082 1083 1084 1086 1087 1088 1089 1090 1094]] [73 [1095 1099 1101 1102 1103 1104 1105 1106 1107 1108 1109]] [74 [1111 1112 1113 1114 1115 1116 1117 1123]] [75 [1125 1126 1127 1128 1129 1130 1131 1133 1134 1135 1137 1138 1139]] [76 [1140 1143 1144 1146 1147 1148 1149 1152 1153 1154]] [77 [1155 1156 1157 1158 1159 1160 1161 1162 1163 1164 1166 1167 1168 1169]] [78 [1170 1171 1172 1174 1176 1179 1180 1181 1182 1183 1184]] [79 [1186 1187 1188 1189 1191 1192 1194 1195 1196 1197 1199]] [80 [1200 1201 1203 1204 1205 1206 1207 1208 1212 1213 1214]] [81 [1215 1216 1217 1218 1222 1223 1224 1225 1226 1227 1228 1229]] [82 [1230 1231 1232 1233 1234 1235 1237 1238 1240 1241 1242 1243]] [83 [1246 1247 1248 1249 1250 1251 1252 1254 1256 1257 1258 1259]] [84 [1260 1261 1262 1263 1264 1265 1266 1267 1268 1272 1273 1274]] [85 [1276 1277 1278 1279 1280 1281 1282 1283 1284 1285 1287 1288 1289]] [86 [1290 1291 1293 1295 1296 1297 1298 1300 1301 1302 1303 1304]] [87 [1305 1306 1307 1308 1309 1310 1311 1312 1313 1314 1315 1316 1317 1318]] [88 [1320 1321 1322 1325 1326 1327 1328 1329 1330 1331 1333 1334]] [89 [1335 1337 1339 1340 1342 1343 1344 1345 1346 1347 1348]] [90 [1350 1351 1353 1354 1355 1356 1357 1358 1359 1360 1361 1362 1364]] [91 [1365 1366 1367 1368 1369 1371 1372 1373 1374 1379]] [92 [1380 1381 1382 1383 1384 1385 1386 1387 1388 1389 1390 1391 1393 1394]] [93 [1395 1396 1397 1399 1400 1401 1402 1403 1404 1405 1406 1407 1409]] [94 [1411 1412 1414 1415 1416 1417 1419 1420 1421 1422 1423 1424]] [95 [1426 1427 1428 1429 1430 1431 1432 1433 1434 1435 1436 1437 1438]] [96 [1440 1441 1442 1443 1444 1448 1449 1450 1451 1454]] [97 [1455 1456 1457 1458 1459 1460 1461 1463 1464 1467 1468 1469]] [98 [1470 1471 1472 1473 1474 1476 1477 1479 1480 1482 1483 1484]] [99 [1485 1486 1487 1489 1490 1491 1492 1493 1494 1495 1496 1497 1498 1499]]]",,"[[{media 50} [[""A"" [4 4]]]] [{media 52} [[""A"" [2 2]]]] [{media 54} [[""A"" [3 3]]]] [{media 55} [[""A"" [3 3]]]] [{media 56} [[""A"" [2 2]]]] [{media 57} [[""A"" [2 2]]]] [{media 58} [[""A"" [1 1]]]] [{media 59} [[""A"" [4 4]]]] [{media 63} [[""A"" [3 3]]]] [{media 64} [[""A"" [3 3]]]] [{media 60} [[""A"" [4 4]]]] [{citizen 43} [[""A"" [3 2]]]] [{citizen 37} [[""A"" [4 4]]]] [{citizen 10} [[""A"" [4 2]]]] [{media 51} [[""A"" [2 2]]]] [{citizen 18} [[""A"" [3 2]]]] [{citizen 30} [[""A"" [3 2]]]] [{media 62} [[""A"" [4 4]]]] [{citizen 9} [[""A"" [2 4]]]] [{citizen 31} [[""A"" [4 2]]]] [{citizen 15} [[""A"" [2 4]]]] [{citizen 25} [[""A"" [2 2]]]] [{citizen 26} [[""A"" [3 2]]]] [{media 61} [[""A"" [3 3]]]] [{citizen 1} [[""A"" [4 2]]]] [{citizen 5} [[""A"" [3 2]]]] [{citizen 6} [[""A"" [2 2]]]] [{citizen 49} [[""A"" [3 2]]]] [{citizen 32} [[""A"" [2 4]]]] [{citizen 44} [[""A"" [2 2]]]] [{citizen 0} [[""A"" [2 4]]]] [{citizen 20} [[""A"" [2 4]]]] [{citizen 7} [[""A"" [2 2]]]] [{citizen 4} [[""A"" [2 2]]]] [{citizen 14} [[""A"" [2 4]]]] [{citizen 3} [[""A"" [3 4]]]] [{citizen 38} [[""A"" [4 2]]]] [{citizen 8} [[""A"" [3 2]]]] [{citizen 35} [[""A"" [4 2]]]] [{citizen 12} [[""A"" [2 4]]]] [{citizen 13} [[""A"" [2 4]]]] [{citizen 28} [[""A"" [2 4]]]] [{citizen 40} [[""A"" [2 4]]]] [{citizen 46} [[""A"" [2 4]]]] [{citizen 45} [[""A"" [4 2]]]] [{citizen 33} [[""A"" [2 4]]]] [{citizen 23} [[""A"" [2 2]]]] [{citizen 36} [[""A"" [2 2]]]] [{citizen 21} [[""A"" [4 4]]]] [{citizen 34} [[""A"" [2 4]]]] [{citizen 17} [[""A"" [3 2]]]] [{citizen 47} [[""A"" [2 4]]]] [{citizen 19} [[""A"" [2 2]]]] [{citizen 42} [[""A"" [2 4]]]] [{citizen 22} [[""A"" [2 2]]]] [{citizen 2} [[""A"" [2 4]]]] [{citizen 39} [[""A"" [4 4]]]] [{citizen 41} [[""A"" [4 2]]]] [{citizen 24} [[""A"" [2 2]]]] [{citizen 29} [[""A"" [3 2]]]] [{citizen 27} [[""A"" [3 2]]]] [{media 53} [[""A"" [4 4]]]] [{citizen 16} [[""A"" [3 4]]]] [{citizen 11} [[""A"" [4 2]]]]]"
"49","[85 0 170]","75.91836734693877","13.358816295991268","2.897604189781501","""circle""","""""","9.9","{breed citizens}","false","0.5","1","""up""",,"[[""ID"" 39] [""alpha"" 1] [""beta"" 1] [""malleable"" [""A""]] [""prior"" []] [""cont_tokens"" []] [""A"" 4]]","[[0 [1 2 3 4 5 6 7 8 9 10 11 12 13 14]] [1 [15 16 17 18 19 20 21 22 23 24 25 26 27 28 29]] [2 [30 31 32 33 34 35 36 37 38 39 40 41 42 43 44]] [3 [45 46 47 48 49 50 51 52 53 54 55 56 57 58 59]] [4 [60 61 62 63 64 65 66 67 68 69 70 71 72 73 74]] [5 [75 76 77 78 79 80 81 82 83 84 85 86 87 88 89]] [6 [90 91 92 93 94 95 96 97 98 99 100 101 102 103 104]] [7 [105 106 107 108 109 110 111 112 113 114 115 116 117 118 119]] [8 [120 121 122 123 124 125 126 127 128 129 130 131 132 133 134]] [9 [135 136 137 138 139 140 141 142 143 144 145 146 147 148 149]] [10 [150 151 152 153 154 155 156 157 158 159 160 161 162 163 164]] [11 [165 166 167 168 169 170 171 172 173 174 175 176 177 178 179]] [12 [180 181 183 184 185 186 187 188 189 190 191 192 193 194]] [13 [195 196 197 198 199 200 201 202 203 204 205 206 207 208 209]] [14 [210 211 212 213 214 215 216 217 218 219 220 221 222 223 224]] [15 [225 226 227 228 229 230 231 232 233 234 235 236 237 238 239]] [16 [241 242 243 244 245 246 247 248 249 250 251 252 253 254]] [17 [255 256 257 258 259 260 261 262 263 264 265 266 267 268 269]] [18 [270 271 272 273 274 275 276 277 278 279 280 281 282 283 284]] [19 [285 286 287 288 289 290 291 292 293 294 295 296 297 298 299]] [20 [300 301 302 303 304 305 306 307 308 309 310 311 312 313 314]] [21 [315 316 317 318 319 320 321 322 323 324 325 326 327 328 329]] [22 [330 331 332 333 334 335 336 337 338 339 340 341 342 343 344]] [23 [345 346 347 348 349 350 351 352 353 354 355 356 357 358 359]] [24 [360 361 362 363 364 365 366 367 368 369 370 371 372 373 374]] [25 [375 376 377 378 379 380 381 382 383 384 385 386 387 388 389]] [26 [390 391 392 393 394 395 396 397 398 399 400 401 402 403 404]] [27 [405 406 407 408 409 410 411 412 413 414 415 416 417 418 419]] [28 [420 421 422 424 425 426 427 428 429 430 431 432 433 434]] [29 [435 436 437 438 439 440 441 442 443 444 445 446 447 448 449]] [30 [450 451 452 453 454 455 456 457 458 459 460 461 462 463 464]] [31 [465 466 467 468 469 470 471 472 473 474 475 476 477 478 479]] [32 [480 481 482 483 484 485 486 487 488 489 490 491 492 493 494]] [33 [495 496 497 498 499 500 501 502 503 504 505 506 507 508 509]] [34 [510 511 512 513 514 515 516 517 518 519 520 521 522 523 524]] [35 [525 526 527 528 529 530 531 532 533 534 535 536 537 538 539]] [36 [540 541 542 543 544 545 546 547 548 549 550 551 552 553 554]] [37 [555 556 557 558 559 560 561 562 563 564 565 566 567 568 569]] [38 [570 571 572 573 574 575 576 577 578 579 580 581 582 583 584]] [39 [585 586 587 588 589 590 592 593 594 595 596 597 598 599]] [40 [600 601 602 603 604 605 606 607 608 609 610 611 612 613 614]] [41 [615 616 617 618 619 620 621 622 623 624 626 627 628 629]] [42 [630 631 632 633 634 635 636 637 638 639 640 641 642 643 644]] [43 [645 646 647 648 649 650 651 652 653 654 655 656 657 658 659]] [44 [660 661 662 663 664 665 666 667 668 669 670 671 672 673 674]] [45 [675 676 677 678 679 680 681 682 683 684 685 686 687 688]] [46 [690 691 692 693 694 695 696 697 698 699 700 701 702 703 704]] [47 [705 706 707 708 709 710 711 712 713 714 715 716 717 718 719]] [48 [720 721 722 724 725 726 727 728 729 730 731 732 733 734]] [49 [735 736 737 738 739 740 741 742 743 744 745 746 747 748 749]] [50 [750 751 752 753 754 755 756 757 758 759 760 761 762 763 764]] [51 [765 766 767 768 769 770 771 772 773 774 775 776 777 778 779]] [52 [780 781 782 783 784 785 786 787 788 789 790 791 792 793 794]] [53 [795 796 797 798 799 800 801 802 803 804 805 806 807 808 809]] [54 [810 811 812 813 814 815 816 817 818 819 820 821 822 823 824]] [55 [825 826 827 828 829 830 831 832 833 834 835 836 837 838 839]] [56 [840 841 842 843 844 845 846 847 848 849 850 851 852 853 854]] [57 [855 856 857 858 859 860 861 862 863 864 865 866 867 868 869]] [58 [870 871 872 873 874 875 876 877 878 879 881 882 883 884]] [59 [885 886 887 888 889 890 891 892 893 894 895 896 897 898 899]] [60 [900 901 902 903 904 905 906 907 908 909 910 911 912 913 914]] [61 [915 916 917 918 919 920 921 922 923 924 925 926 927 928 929]] [62 [930 931 932 933 934 935 936 937 938 939 940 941 942 943 944]] [63 [945 946 948 949 950 951 952 953 954 955 956 957 958 959]] [64 [960 961 962 963 964 965 966 967 968 969 970 971 972 973 974]] [65 [975 976 977 978 979 980 981 982 983 984 985 986 987 988 989]] [66 [990 991 992 993 994 995 996 997 998 999 1000 1001 1002 1003 1004]] [67 [1005 1006 1007 1009 1010 1011 1012 1013 1014 1015 1016 1017 1018 1019]] [68 [1020 1021 1022 1023 1024 1025 1026 1027 1028 1029 1030 1031 1032 1033 1034]] [69 [1035 1036 1037 1038 1040 1042 1043 1044 1046 1047 1048]] [70 [1050 1051 1052 1053 1054 1055 1056 1057 1058 1059 1060 1061 1062 1063 1064]] [71 [1065 1066 1067 1068 1069 1070 1071 1072 1073 1074 1075 1076 1077 1078 1079]] [72 [1080 1081 1082 1083 1084 1085 1086 1087 1088 1089 1090 1091 1092 1093 1094]] [73 [1095 1096 1097 1098 1099 1100 1101 1102 1103 1104 1105 1106 1107 1108 1109]] [74 [1110 1111 1112 1113 1114 1115 1116 1117 1118 1119 1120 1121 1122 1123 1124]] [75 [1125 1126 1127 1128 1129 1130 1131 1132 1133 1134 1135 1136 1137 1138 1139]] [76 [1140 1141 1142 1143 1144 1145 1146 1147 1148 1149 1150 1151 1152 1153 1154]] [77 [1155 1156 1157 1158 1159 1160 1161 1162 1163 1164 1165 1166 1167 1168 1169]] [78 [1170 1171 1172 1173 1174 1175 1176 1177 1178 1179 1180 1181 1182 1183 1184]] [79 [1185 1186 1187 1188 1189 1190 1191 1192 1193 1194 1195 1196 1197 1198 1199]] [80 [1200 1201 1202 1203 1204 1205 1206 1207 1208 1209 1210 1211 1212 1213 1214]] [81 [1215 1216 1217 1218 1219 1220 1221 1222 1223 1224 1225 1226 1227 1228 1229]] [82 [1230 1231 1232 1233 1234 1235 1236 1237 1238 1239 1240 1241 1242 1243 1244]] [83 [1245 1246 1247 1248 1249 1250 1251 1252 1253 1254 1255 1256 1257 1258 1259]] [84 [1260 1261 1262 1263 1264 1265 1266 1267 1268 1269 1270 1271 1272 1273 1274]] [85 [1275 1276 1277 1278 1279 1280 1281 1282 1283 1284 1285 1287 1288 1289]] [86 [1290 1291 1292 1293 1295 1296 1297 1298 1299 1300 1301 1302 1303 1304]] [87 [1305 1306 1307 1308 1309 1310 1311 1312 1313 1314 1315 1316 1317 1318 1319]] [88 [1320 1321 1322 1323 1324 1325 1326 1327 1328 1329 1330 1331 1332 1333 1334]] [89 [1335 1336 1337 1338 1339 1340 1342 1343 1344 1345 1346 1347 1348 1349]] [90 [1350 1351 1352 1353 1354 1355 1356 1357 1358 1359 1360 1361 1362 1363 1364]] [91 [1365 1366 1367 1368 1369 1370 1371 1372 1373 1374 1375 1376 1377 1378 1379]] [92 [1380 1381 1382 1383 1384 1385 1386 1387 1388 1389 1390 1391 1392 1393 1394]] [93 [1395 1396 1397 1398 1399 1400 1401 1402 1403 1404 1405 1406 1407 1408 1409]] [94 [1410 1411 1412 1413 1414 1415 1416 1417 1418 1419 1420 1421 1422 1423 1424]] [95 [1425 1426 1427 1428 1429 1430 1431 1432 1433 1434 1435 1436 1437 1438 1439]] [96 [1440 1441 1442 1443 1444 1445 1446 1447 1448 1449 1450 1451 1452 1453 1454]] [97 [1455 1456 1457 1458 1459 1460 1461 1462 1463 1464 1465 1466 1467 1468 1469]] [98 [1470 1471 1472 1473 1474 1475 1476 1477 1478 1479 1480 1481 1482 1483 1484]] [99 [1485 1486 1487 1488 1489 1490 1491 1492 1493 1494 1495 1496 1497 1498 1499]]]","[[0 [2 3 4 5 6 7 8 9 10 12 13]] [1 [15 16 17 18 19 20 21 22 23 25 27 28 29]] [2 [30 31 34 35 38 40 41 42 44]] [3 [45 46 47 48 49 50 51 52 53 54 55 56 58]] [4 [60 61 62 63 64 65 66 67 68 69 71 72 73]] [5 [75 76 77 78 79 80 82 84 85 87 88]] [6 [93 94 95 96 99 100 101 102 103 104]] [7 [106 107 108 109 110 111 112 115 116 117 118 119]] [8 [120 121 122 123 127 128 130 131 133 134]] [9 [135 136 137 138 141 142 143 144 145 146 148 149]] [10 [150 152 153 154 155 156 158 160 161 162 163 164]] [11 [165 166 167 170 171 173 174 175 176 177 178 179]] [12 [180 181 184 185 186 187 188 189 190 191 192 193]] [13 [195 196 197 198 199 200 201 202 203 204 205 207 208]] [14 [210 211 213 214 215 216 217 218 219 220 221 222 223 224]] [15 [225 226 227 228 229 230 231 232 233 234 235 236 237 238 239]] [16 [242 243 244 245 246 247 248 249 250 251 252 253]] [17 [255 256 257 258 259 260 261 262 265 266 267 268 269]] [18 [270 272 274 275 277 278 279 280 281 283 284]] [19 [285 286 287 288 289 290 291 292 293 294 295 296 297 298]] [20 [300 301 302 303 304 308 309 310 311 313 314]] [21 [315 316 319 320 321 323 324 325 327 328 329]] [22 [330 331 332 333 335 336 337 338 339 340 342 343 344]] [23 [345 346 347 348 349 350 351 352 353 354 355 356 357 358]] [24 [363 364 365 367 368 369 370 371 373 374]] [25 [378 379 380 381 382 383 384 385 386 388 389]] [26 [390 391 392 394 395 396 397 398 399 400 401 402 403 404]] [27 [406 407 408 409 414 415 417 418 419]] [28 [420 421 422 426 427 428 429 430 432 433 434]] [29 [435 436 437 438 439 440 441 442 443 444 446 447]] [30 [450 451 452 453 455 456 457 458 460 461 462 463 464]] [31 [465 466 467 468 469 470 471 472 473 474 475 476 477 478]] [32 [480 481 482 483 484 485 486 487 488 489 490 491 493 494]] [33 [495 496 497 498 499 500 501 502 504 505 506 507]] [34 [510 511 512 513 514 515 516 518 519 520 522 524]] [35 [525 526 527 528 531 532 533 534 535 536]] [36 [540 541 542 544 545 546 547 548 549 550 551 554]] [37 [555 556 557 558 560 561 562 563 564 565 566 567 569]] [38 [570 571 572 573 575 576 577 578 579 581 582 583 584]] [39 [585 586 587 590 592 593 594 595 596 597 598 599]] [40 [600 601 602 603 604 607 609 610 611 612 613 614]] [41 [615 616 618 619 620 621 623 624 626 627 628 629]] [42 [630 631 632 633 634 635 636 639 640 641 642 643 644]] [43 [645 646 647 648 649 651 652 653 654 655 656 657 658 659]] [44 [661 662 663 665 666 668 669 670 671 672 673 674]] [45 [675 676 677 678 679 680 682 683 684 685 686 687 688]] [46 [691 693 694 695 696 697 698 699 700]] [47 [706 707 708 709 710 711 712 713 715 716 717 718 719]] [48 [721 722 724 725 726 727 728 729 730 731 732 733 734]] [49 [735 736 737 738 739 740 741 742 743 744 745 746 747 748 749]] [50 [750 752 753 754 755 756 757 758 759 760 761 762 763 764]] [51 [765 766 767 768 769 771 772 773 774 779]] [52 [780 781 782 783 784 785 786 787 788 789 790 791 792 793]] [53 [797 798 799 800 801 802 803 804 806 807 808 809]] [54 [810 811 812 813 814 815 816 817 818 819 820 822 824]] [55 [825 826 827 828 829 830 831 832 833 837 838 839]] [56 [840 841 842 843 844 845 846 847 848 849 850 851 852 853 854]] [57 [855 861 862 863 864 865 866 867 868 869]] [58 [870 871 873 874 875 876 877 878 879 881 883 884]] [59 [885 886 887 890 891 892 893 896 897 898 899]] [60 [901 902 903 904 905 906 907 909 910 911 912 913]] [61 [915 916 917 918 919 920 921 922 923 924 926 927]] [62 [931 935 936 937 938 939 940 942 943 944]] [63 [945 946 948 949 951 952 953 954 956 957 958 959]] [64 [960 962 963 964 965 966 968 969 970 971 972 973 974]] [65 [975 976 977 978 979 980 981 982 983 984 985 988 989]] [66 [990 992 993 994 995 997 998 999 1000 1002 1003 1004]] [67 [1005 1006 1007 1009 1010 1011 1012 1014 1015 1016 1017 1018 1019]] [68 [1020 1021 1022 1023 1024 1025 1026 1027 1028 1029 1031 1032 1033 1034]] [69 [1036 1037 1038 1042 1043 1044 1046 1047 1048]] [70 [1050 1052 1053 1054 1057 1058 1059 1060 1061 1062 1063]] [71 [1065 1068 1069 1070 1072 1073 1074 1075 1076 1077 1078]] [72 [1080 1081 1082 1083 1084 1085 1086 1087 1089 1090 1093 1094]] [73 [1096 1097 1098 1099 1100 1102 1103 1104 1105 1106 1107 1108 1109]] [74 [1112 1113 1114 1115 1116 1117 1123 1124]] [75 [1125 1126 1127 1128 1129 1130 1131 1133 1136 1137 1138 1139]] [76 [1140 1141 1142 1143 1144 1145 1146 1147 1148 1149 1152 1153]] [77 [1155 1156 1157 1158 1159 1161 1162 1163 1164 1166 1167 1169]] [78 [1170 1171 1172 1173 1174 1176 1178 1179 1180 1181 1182 1183 1184]] [79 [1185 1186 1187 1188 1189 1190 1191 1192 1193 1195 1196 1197 1199]] [80 [1200 1201 1203 1204 1205 1207 1209 1210 1211 1212 1213 1214]] [81 [1215 1217 1218 1220 1221 1224 1225 1226 1227 1228 1229]] [82 [1230 1231 1232 1233 1234 1235 1236 1237 1238 1239 1240 1241 1242 1243]] [83 [1246 1247 1248 1249 1250 1251 1252 1253 1255 1257 1258 1259]] [84 [1260 1261 1262 1263 1264 1265 1266 1267 1268 1272 1273 1274]] [85 [1275 1276 1277 1278 1279 1280 1281 1282 1283 1284 1285 1287 1288 1289]] [86 [1290 1291 1292 1295 1296 1297 1298 1299 1300 1301 1302 1303 1304]] [87 [1305 1306 1307 1308 1310 1311 1312 1316 1317 1318 1319]] [88 [1321 1322 1325 1326 1327 1328 1329 1330 1332 1333 1334]] [89 [1335 1337 1339 1340 1342 1343 1344 1345 1346 1347 1348 1349]] [90 [1351 1352 1353 1354 1355 1356 1357 1358 1359 1360 1363 1364]] [91 [1365 1366 1367 1368 1369 1371 1372 1373 1374 1379]] [92 [1380 1381 1382 1383 1384 1385 1386 1387 1388 1389 1390 1391 1393 1394]] [93 [1395 1396 1397 1398 1399 1400 1401 1402 1403 1404 1405 1406 1408]] [94 [1410 1411 1412 1414 1415 1416 1417 1419 1420 1421 1422 1423]] [95 [1425 1426 1427 1428 1429 1430 1431 1432 1433 1436 1438]] [96 [1440 1441 1443 1444 1448 1449 1450 1451 1452 1453]] [97 [1455 1456 1457 1458 1459 1460 1461 1462 1463 1464 1467 1468 1469]] [98 [1470 1471 1472 1474 1475 1476 1477 1478 1479 1480 1481 1483 1484]] [99 [1485 1486 1487 1489 1490 1491 1492 1493 1494 1495 1496 1498 1499]]]",,"[[{media 50} [[""A"" [4 4]]]] [{media 52} [[""A"" [2 2]]]] [{media 54} [[""A"" [3 3]]]] [{media 55} [[""A"" [3 3]]]] [{media 56} [[""A"" [2 2]]]] [{media 57} [[""A"" [2 2]]]] [{media 58} [[""A"" [1 1]]]] [{media 59} [[""A"" [4 4]]]] [{media 63} [[""A"" [3 3]]]] [{media 64} [[""A"" [3 3]]]] [{citizen 4} [[""A"" [2 4]]]] [{citizen 13} [[""A"" [2 4]]]] [{citizen 38} [[""A"" [2 2]]]] [{media 51} [[""A"" [2 2]]]] [{citizen 5} [[""A"" [2 2]]]] [{citizen 7} [[""A"" [3 2]]]] [{citizen 3} [[""A"" [2 4]]]] [{media 62} [[""A"" [4 4]]]] [{citizen 1} [[""A"" [4 2]]]] [{citizen 9} [[""A"" [2 2]]]] [{media 53} [[""A"" [4 4]]]] [{media 61} [[""A"" [3 3]]]] [{citizen 25} [[""A"" [3 2]]]] [{citizen 48} [[""A"" [2 4]]]] [{citizen 31} [[""A"" [2 4]]]] [{citizen 43} [[""A"" [3 2]]]] [{citizen 21} [[""A"" [2 4]]]] [{citizen 41} [[""A"" [3 2]]]] [{citizen 12} [[""A"" [2 4]]]] [{citizen 20} [[""A"" [3 2]]]] [{citizen 0} [[""A"" [2 2]]]] [{citizen 22} [[""A"" [3 2]]]] [{citizen 19} [[""A"" [2 2]]]] [{citizen 47} [[""A"" [2 2]]]] [{citizen 33} [[""A"" [2 2]]]] [{citizen 10} [[""A"" [2 2]]]] [{citizen 6} [[""A"" [2 2]]]] [{citizen 24} [[""A"" [2 2]]]] [{citizen 29} [[""A"" [3 2]]]] [{citizen 26} [[""A"" [3 2]]]] [{citizen 37} [[""A"" [4 4]]]] [{citizen 15} [[""A"" [2 2]]]] [{citizen 18} [[""A"" [3 2]]]] [{citizen 28} [[""A"" [4 4]]]] [{citizen 40} [[""A"" [3 2]]]] [{citizen 46} [[""A"" [2 4]]]] [{citizen 2} [[""A"" [2 4]]]] [{citizen 34} [[""A"" [3 2]]]] [{citizen 45} [[""A"" [3 2]]]] [{citizen 44} [[""A"" [3 2]]]] [{citizen 14} [[""A"" [3 2]]]] [{citizen 8} [[""A"" [2 2]]]] [{citizen 35} [[""A"" [2 2]]]] [{citizen 30} [[""A"" [3 2]]]] [{citizen 23} [[""A"" [2 2]]]] [{citizen 36} [[""A"" [2 4]]]] [{citizen 32} [[""A"" [2 4]]]] [{citizen 17} [[""A"" [3 2]]]] [{citizen 39} [[""A"" [2 4]]]] [{media 60} [[""A"" [4 4]]]] [{citizen 27} [[""A"" [2 2]]]] [{citizen 42} [[""A"" [2 4]]]] [{citizen 16} [[""A"" [3 3]]]] [{citizen 11} [[""A"" [2 2]]]]]"
"50","[85 0 170]","274","-14.900294874395057","14.915572559292563","""box""","""""","9.9","{breed medias}","false","1","1","""up""","0","[[""ID"" 58] [""alpha"" 1] [""beta"" 1] [""malleable"" [""A""]] [""prior"" []] [""cont_tokens"" []] [""A"" 4]]","[]","[]","[[12 [[""A"" 4]]] [29 [[""A"" 4]]] [37 [[""A"" 4]]] [48 [[""A"" 4]]] [73 [[""A"" 4]]] [75 [[""A"" 4]]] [95 [[""A"" 4]]] [114 [[""A"" 4]]] [125 [[""A"" 4]]] [149 [[""A"" 4]]] [150 [[""A"" 4]]] [174 [[""A"" 4]]] [193 [[""A"" 4]]] [195 [[""A"" 4]]] [223 [[""A"" 4]]] [231 [[""A"" 4]]] [254 [[""A"" 4]]] [264 [[""A"" 4]]] [275 [[""A"" 4]]] [293 [[""A"" 4]]] [312 [[""A"" 4]]] [324 [[""A"" 4]]] [341 [[""A"" 4]]] [350 [[""A"" 4]]] [366 [[""A"" 4]]] [383 [[""A"" 4]]] [402 [[""A"" 4]]] [416 [[""A"" 4]]] [421 [[""A"" 4]]] [439 [[""A"" 4]]] [457 [[""A"" 4]]] [473 [[""A"" 4]]] [494 [[""A"" 4]]] [509 [[""A"" 4]]] [521 [[""A"" 4]]] [530 [[""A"" 4]]] [554 [[""A"" 4]]] [556 [[""A"" 4]]] [570 [[""A"" 4]]] [585 [[""A"" 4]]] [614 [[""A"" 4]]] [619 [[""A"" 4]]] [635 [[""A"" 4]]] [657 [[""A"" 4]]] [660 [[""A"" 4]]] [686 [[""A"" 4]]] [701 [[""A"" 4]]] [707 [[""A"" 4]]] [734 [[""A"" 4]]] [744 [[""A"" 4]]] [755 [[""A"" 4]]] [777 [[""A"" 4]]] [786 [[""A"" 4]]] [800 [[""A"" 4]]] [813 [[""A"" 4]]] [825 [[""A"" 4]]] [842 [[""A"" 4]]] [859 [[""A"" 4]]] [882 [[""A"" 4]]] [891 [[""A"" 4]]] [902 [[""A"" 4]]] [928 [[""A"" 4]]] [940 [[""A"" 4]]] [953 [[""A"" 4]]] [960 [[""A"" 4]]] [979 [[""A"" 4]]] [1002 [[""A"" 4]]] [1019 [[""A"" 4]]] [1027 [[""A"" 4]]] [1035 [[""A"" 4]]] [1059 [[""A"" 4]]] [1072 [[""A"" 4]]] [1082 [[""A"" 4]]] [1109 [[""A"" 4]]] [1124 [[""A"" 4]]] [1131 [[""A"" 4]]] [1151 [[""A"" 4]]] [1164 [[""A"" 4]]] [1171 [[""A"" 4]]] [1191 [[""A"" 4]]] [1206 [[""A"" 4]]] [1226 [[""A"" 4]]] [1232 [[""A"" 4]]] [1249 [[""A"" 4]]] [1274 [[""A"" 4]]] [1284 [[""A"" 4]]] [1293 [[""A"" 4]]] [1312 [[""A"" 4]]] [1323 [[""A"" 4]]] [1335 [[""A"" 4]]] [1350 [[""A"" 4]]] [1375 [[""A"" 4]]] [1387 [[""A"" 4]]] [1401 [[""A"" 4]]] [1412 [[""A"" 4]]] [1426 [[""A"" 4]]] [1440 [[""A"" 4]]] [1456 [[""A"" 4]]] [1472 [[""A"" 4]]] [1499 [[""A"" 4]]]]",
"51","[170 0 85]","301","3.770220420158175","2.1020889216635226","""box""","""""","9.9","{breed medias}","false","1","1","""up""","0","[[""ID"" 60] [""alpha"" 1] [""beta"" 1] [""malleable"" [""A""]] [""prior"" []] [""cont_tokens"" []] [""A"" 2]]","[]","[]","[[3 [[""A"" 2]]] [28 [[""A"" 2]]] [42 [[""A"" 2]]] [52 [[""A"" 2]]] [65 [[""A"" 2]]] [87 [[""A"" 2]]] [99 [[""A"" 2]]] [115 [[""A"" 2]]] [129 [[""A"" 2]]] [140 [[""A"" 2]]] [156 [[""A"" 2]]] [168 [[""A"" 2]]] [190 [[""A"" 2]]] [197 [[""A"" 2]]] [218 [[""A"" 2]]] [228 [[""A"" 2]]] [249 [[""A"" 2]]] [265 [[""A"" 2]]] [273 [[""A"" 2]]] [286 [[""A"" 2]]] [304 [[""A"" 2]]] [325 [[""A"" 2]]] [342 [[""A"" 2]]] [357 [[""A"" 2]]] [364 [[""A"" 2]]] [389 [[""A"" 2]]] [399 [[""A"" 2]]] [415 [[""A"" 2]]] [434 [[""A"" 2]]] [445 [[""A"" 2]]] [451 [[""A"" 2]]] [466 [[""A"" 2]]] [485 [[""A"" 2]]] [495 [[""A"" 2]]] [516 [[""A"" 2]]] [528 [[""A"" 2]]] [553 [[""A"" 2]]] [561 [[""A"" 2]]] [575 [[""A"" 2]]] [593 [[""A"" 2]]] [606 [[""A"" 2]]] [622 [[""A"" 2]]] [631 [[""A"" 2]]] [658 [[""A"" 2]]] [663 [[""A"" 2]]] [683 [[""A"" 2]]] [695 [[""A"" 2]]] [711 [[""A"" 2]]] [733 [[""A"" 2]]] [746 [[""A"" 2]]] [763 [[""A"" 2]]] [768 [[""A"" 2]]] [787 [[""A"" 2]]] [798 [[""A"" 2]]] [818 [[""A"" 2]]] [827 [[""A"" 2]]] [847 [[""A"" 2]]] [863 [[""A"" 2]]] [871 [[""A"" 2]]] [895 [[""A"" 2]]] [908 [[""A"" 2]]] [915 [[""A"" 2]]] [941 [[""A"" 2]]] [958 [[""A"" 2]]] [972 [[""A"" 2]]] [989 [[""A"" 2]]] [997 [[""A"" 2]]] [1005 [[""A"" 2]]] [1029 [[""A"" 2]]] [1042 [[""A"" 2]]] [1054 [[""A"" 2]]] [1076 [[""A"" 2]]] [1094 [[""A"" 2]]] [1098 [[""A"" 2]]] [1116 [[""A"" 2]]] [1132 [[""A"" 2]]] [1141 [[""A"" 2]]] [1167 [[""A"" 2]]] [1179 [[""A"" 2]]] [1186 [[""A"" 2]]] [1211 [[""A"" 2]]] [1222 [[""A"" 2]]] [1238 [[""A"" 2]]] [1259 [[""A"" 2]]] [1260 [[""A"" 2]]] [1278 [[""A"" 2]]] [1295 [[""A"" 2]]] [1314 [[""A"" 2]]] [1325 [[""A"" 2]]] [1349 [[""A"" 2]]] [1357 [[""A"" 2]]] [1365 [[""A"" 2]]] [1389 [[""A"" 2]]] [1395 [[""A"" 2]]] [1423 [[""A"" 2]]] [1425 [[""A"" 2]]] [1445 [[""A"" 2]]] [1458 [[""A"" 2]]] [1481 [[""A"" 2]]] [1496 [[""A"" 2]]]]",
"52","[170 0 85]","28","-14.740476606031685","12.292260968737878","""box""","""""","9.9","{breed medias}","false","1","1","""up""","0","[[""ID"" 53] [""alpha"" 1] [""beta"" 1] [""malleable"" [""A""]] [""prior"" []] [""cont_tokens"" []] [""A"" 2]]","[]","[]","[[8 [[""A"" 2]]] [22 [[""A"" 2]]] [41 [[""A"" 2]]] [59 [[""A"" 2]]] [74 [[""A"" 2]]] [81 [[""A"" 2]]] [102 [[""A"" 2]]] [107 [[""A"" 2]]] [127 [[""A"" 2]]] [139 [[""A"" 2]]] [164 [[""A"" 2]]] [170 [[""A"" 2]]] [194 [[""A"" 2]]] [206 [[""A"" 2]]] [210 [[""A"" 2]]] [229 [[""A"" 2]]] [253 [[""A"" 2]]] [268 [[""A"" 2]]] [282 [[""A"" 2]]] [287 [[""A"" 2]]] [302 [[""A"" 2]]] [319 [[""A"" 2]]] [337 [[""A"" 2]]] [351 [[""A"" 2]]] [370 [[""A"" 2]]] [378 [[""A"" 2]]] [397 [[""A"" 2]]] [408 [[""A"" 2]]] [425 [[""A"" 2]]] [440 [[""A"" 2]]] [454 [[""A"" 2]]] [471 [[""A"" 2]]] [486 [[""A"" 2]]] [503 [[""A"" 2]]] [515 [[""A"" 2]]] [531 [[""A"" 2]]] [548 [[""A"" 2]]] [558 [[""A"" 2]]] [572 [[""A"" 2]]] [589 [[""A"" 2]]] [603 [[""A"" 2]]] [626 [[""A"" 2]]] [643 [[""A"" 2]]] [653 [[""A"" 2]]] [669 [[""A"" 2]]] [682 [[""A"" 2]]] [690 [[""A"" 2]]] [708 [[""A"" 2]]] [720 [[""A"" 2]]] [748 [[""A"" 2]]] [753 [[""A"" 2]]] [773 [[""A"" 2]]] [792 [[""A"" 2]]] [808 [[""A"" 2]]] [822 [[""A"" 2]]] [835 [[""A"" 2]]] [845 [[""A"" 2]]] [864 [[""A"" 2]]] [881 [[""A"" 2]]] [885 [[""A"" 2]]] [913 [[""A"" 2]]] [926 [[""A"" 2]]] [936 [[""A"" 2]]] [949 [[""A"" 2]]] [963 [[""A"" 2]]] [986 [[""A"" 2]]] [992 [[""A"" 2]]] [1016 [[""A"" 2]]] [1033 [[""A"" 2]]] [1044 [[""A"" 2]]] [1062 [[""A"" 2]]] [1071 [[""A"" 2]]] [1092 [[""A"" 2]]] [1096 [[""A"" 2]]] [1110 [[""A"" 2]]] [1126 [[""A"" 2]]] [1153 [[""A"" 2]]] [1165 [[""A"" 2]]] [1174 [[""A"" 2]]] [1190 [[""A"" 2]]] [1204 [[""A"" 2]]] [1229 [[""A"" 2]]] [1240 [[""A"" 2]]] [1257 [[""A"" 2]]] [1271 [[""A"" 2]]] [1275 [[""A"" 2]]] [1299 [[""A"" 2]]] [1313 [[""A"" 2]]] [1320 [[""A"" 2]]] [1343 [[""A"" 2]]] [1356 [[""A"" 2]]] [1379 [[""A"" 2]]] [1391 [[""A"" 2]]] [1409 [[""A"" 2]]] [1418 [[""A"" 2]]] [1436 [[""A"" 2]]] [1453 [[""A"" 2]]] [1459 [[""A"" 2]]] [1476 [[""A"" 2]]] [1495 [[""A"" 2]]]]",
"53","[85 0 170]","280","-13.036614291947128","14.140266712878102","""box""","""""","9.9","{breed medias}","false","1","1","""up""","0","[[""ID"" 54] [""alpha"" 1] [""beta"" 1] [""malleable"" [""A""]] [""prior"" []] [""cont_tokens"" []] [""A"" 4]]","[]","[]","[[9 [[""A"" 4]]] [27 [[""A"" 4]]] [38 [[""A"" 4]]] [58 [[""A"" 4]]] [69 [[""A"" 4]]] [86 [[""A"" 4]]] [104 [[""A"" 4]]] [109 [[""A"" 4]]] [124 [[""A"" 4]]] [141 [[""A"" 4]]] [163 [[""A"" 4]]] [179 [[""A"" 4]]] [188 [[""A"" 4]]] [199 [[""A"" 4]]] [214 [[""A"" 4]]] [238 [[""A"" 4]]] [245 [[""A"" 4]]] [266 [[""A"" 4]]] [277 [[""A"" 4]]] [290 [[""A"" 4]]] [305 [[""A"" 4]]] [318 [[""A"" 4]]] [331 [[""A"" 4]]] [359 [[""A"" 4]]] [360 [[""A"" 4]]] [377 [[""A"" 4]]] [392 [[""A"" 4]]] [410 [[""A"" 4]]] [430 [[""A"" 4]]] [436 [[""A"" 4]]] [464 [[""A"" 4]]] [476 [[""A"" 4]]] [484 [[""A"" 4]]] [505 [[""A"" 4]]] [524 [[""A"" 4]]] [539 [[""A"" 4]]] [546 [[""A"" 4]]] [563 [[""A"" 4]]] [573 [[""A"" 4]]] [596 [[""A"" 4]]] [601 [[""A"" 4]]] [621 [[""A"" 4]]] [638 [[""A"" 4]]] [645 [[""A"" 4]]] [666 [[""A"" 4]]] [675 [[""A"" 4]]] [702 [[""A"" 4]]] [719 [[""A"" 4]]] [725 [[""A"" 4]]] [742 [[""A"" 4]]] [754 [[""A"" 4]]] [769 [[""A"" 4]]] [785 [[""A"" 4]]] [802 [[""A"" 4]]] [824 [[""A"" 4]]] [828 [[""A"" 4]]] [841 [[""A"" 4]]] [858 [[""A"" 4]]] [879 [[""A"" 4]]] [890 [[""A"" 4]]] [914 [[""A"" 4]]] [922 [[""A"" 4]]] [932 [[""A"" 4]]] [946 [[""A"" 4]]] [965 [[""A"" 4]]] [975 [[""A"" 4]]] [1001 [[""A"" 4]]] [1014 [[""A"" 4]]] [1030 [[""A"" 4]]] [1041 [[""A"" 4]]] [1056 [[""A"" 4]]] [1075 [[""A"" 4]]] [1083 [[""A"" 4]]] [1095 [[""A"" 4]]] [1115 [[""A"" 4]]] [1129 [[""A"" 4]]] [1150 [[""A"" 4]]] [1169 [[""A"" 4]]] [1175 [[""A"" 4]]] [1197 [[""A"" 4]]] [1201 [[""A"" 4]]] [1221 [[""A"" 4]]] [1239 [[""A"" 4]]] [1256 [[""A"" 4]]] [1263 [[""A"" 4]]] [1285 [[""A"" 4]]] [1298 [[""A"" 4]]] [1311 [[""A"" 4]]] [1334 [[""A"" 4]]] [1344 [[""A"" 4]]] [1360 [[""A"" 4]]] [1376 [[""A"" 4]]] [1392 [[""A"" 4]]] [1406 [[""A"" 4]]] [1417 [[""A"" 4]]] [1435 [[""A"" 4]]] [1450 [[""A"" 4]]] [1460 [[""A"" 4]]] [1475 [[""A"" 4]]] [1486 [[""A"" 4]]]]",
"54","[128 0 127]","288","0.907100897459074","-2.7189743014047867","""box""","""""","9.9","{breed medias}","false","1","1","""up""","0","[[""ID"" 56] [""alpha"" 1] [""beta"" 1] [""malleable"" [""A""]] [""prior"" []] [""cont_tokens"" []] [""A"" 3]]","[]","[]","[[7 [[""A"" 3]]] [19 [[""A"" 3]]] [44 [[""A"" 3]]] [55 [[""A"" 3]]] [67 [[""A"" 3]]] [84 [[""A"" 3]]] [100 [[""A"" 3]]] [119 [[""A"" 3]]] [122 [[""A"" 3]]] [137 [[""A"" 3]]] [160 [[""A"" 3]]] [176 [[""A"" 3]]] [184 [[""A"" 3]]] [201 [[""A"" 3]]] [211 [[""A"" 3]]] [232 [[""A"" 3]]] [247 [[""A"" 3]]] [259 [[""A"" 3]]] [278 [[""A"" 3]]] [297 [[""A"" 3]]] [301 [[""A"" 3]]] [320 [[""A"" 3]]] [336 [[""A"" 3]]] [352 [[""A"" 3]]] [363 [[""A"" 3]]] [388 [[""A"" 3]]] [398 [[""A"" 3]]] [414 [[""A"" 3]]] [432 [[""A"" 3]]] [441 [[""A"" 3]]] [456 [[""A"" 3]]] [474 [[""A"" 3]]] [481 [[""A"" 3]]] [496 [[""A"" 3]]] [518 [[""A"" 3]]] [533 [[""A"" 3]]] [547 [[""A"" 3]]] [564 [[""A"" 3]]] [581 [[""A"" 3]]] [595 [[""A"" 3]]] [600 [[""A"" 3]]] [620 [[""A"" 3]]] [639 [[""A"" 3]]] [655 [[""A"" 3]]] [673 [[""A"" 3]]] [676 [[""A"" 3]]] [697 [[""A"" 3]]] [709 [[""A"" 3]]] [729 [[""A"" 3]]] [749 [[""A"" 3]]] [759 [[""A"" 3]]] [778 [[""A"" 3]]] [782 [[""A"" 3]]] [799 [[""A"" 3]]] [820 [[""A"" 3]]] [831 [[""A"" 3]]] [851 [[""A"" 3]]] [867 [[""A"" 3]]] [876 [[""A"" 3]]] [896 [[""A"" 3]]] [900 [[""A"" 3]]] [920 [[""A"" 3]]] [930 [[""A"" 3]]] [945 [[""A"" 3]]] [968 [[""A"" 3]]] [984 [[""A"" 3]]] [998 [[""A"" 3]]] [1009 [[""A"" 3]]] [1024 [[""A"" 3]]] [1046 [[""A"" 3]]] [1058 [[""A"" 3]]] [1074 [[""A"" 3]]] [1089 [[""A"" 3]]] [1105 [[""A"" 3]]] [1119 [[""A"" 3]]] [1128 [[""A"" 3]]] [1148 [[""A"" 3]]] [1161 [[""A"" 3]]] [1170 [[""A"" 3]]] [1196 [[""A"" 3]]] [1200 [[""A"" 3]]] [1228 [[""A"" 3]]] [1237 [[""A"" 3]]] [1246 [[""A"" 3]]] [1272 [[""A"" 3]]] [1283 [[""A"" 3]]] [1302 [[""A"" 3]]] [1305 [[""A"" 3]]] [1328 [[""A"" 3]]] [1346 [[""A"" 3]]] [1358 [[""A"" 3]]] [1366 [[""A"" 3]]] [1390 [[""A"" 3]]] [1405 [[""A"" 3]]] [1419 [[""A"" 3]]] [1432 [[""A"" 3]]] [1443 [[""A"" 3]]] [1467 [[""A"" 3]]] [1473 [[""A"" 3]]] [1485 [[""A"" 3]]]]",
"55","[128 0 127]","106","-9.79788241068726","4.611136771424604","""box""","""""","9.9","{breed medias}","false","1","1","""up""","0","[[""ID"" 64] [""alpha"" 1] [""beta"" 1] [""malleable"" [""A""]] [""prior"" []] [""cont_tokens"" []] [""A"" 3]]","[]","[]","[[6 [[""A"" 3]]] [18 [[""A"" 3]]] [32 [[""A"" 3]]] [47 [[""A"" 3]]] [60 [[""A"" 3]]] [78 [[""A"" 3]]] [101 [[""A"" 3]]] [117 [[""A"" 3]]] [120 [[""A"" 3]]] [144 [[""A"" 3]]] [153 [[""A"" 3]]] [178 [[""A"" 3]]] [180 [[""A"" 3]]] [196 [[""A"" 3]]] [220 [[""A"" 3]]] [227 [[""A"" 3]]] [242 [[""A"" 3]]] [263 [[""A"" 3]]] [272 [[""A"" 3]]] [294 [[""A"" 3]]] [307 [[""A"" 3]]] [327 [[""A"" 3]]] [339 [[""A"" 3]]] [354 [[""A"" 3]]] [361 [[""A"" 3]]] [379 [[""A"" 3]]] [394 [[""A"" 3]]] [407 [[""A"" 3]]] [433 [[""A"" 3]]] [449 [[""A"" 3]]] [461 [[""A"" 3]]] [477 [[""A"" 3]]] [483 [[""A"" 3]]] [506 [[""A"" 3]]] [512 [[""A"" 3]]] [537 [[""A"" 3]]] [544 [[""A"" 3]]] [560 [[""A"" 3]]] [576 [[""A"" 3]]] [590 [[""A"" 3]]] [613 [[""A"" 3]]] [615 [[""A"" 3]]] [640 [[""A"" 3]]] [648 [[""A"" 3]]] [665 [[""A"" 3]]] [678 [[""A"" 3]]] [703 [[""A"" 3]]] [706 [[""A"" 3]]] [728 [[""A"" 3]]] [738 [[""A"" 3]]] [757 [[""A"" 3]]] [779 [[""A"" 3]]] [783 [[""A"" 3]]] [796 [[""A"" 3]]] [811 [[""A"" 3]]] [839 [[""A"" 3]]] [854 [[""A"" 3]]] [860 [[""A"" 3]]] [877 [[""A"" 3]]] [897 [[""A"" 3]]] [905 [[""A"" 3]]] [923 [[""A"" 3]]] [942 [[""A"" 3]]] [956 [[""A"" 3]]] [973 [[""A"" 3]]] [988 [[""A"" 3]]] [1003 [[""A"" 3]]] [1017 [[""A"" 3]]] [1031 [[""A"" 3]]] [1043 [[""A"" 3]]] [1053 [[""A"" 3]]] [1067 [[""A"" 3]]] [1081 [[""A"" 3]]] [1102 [[""A"" 3]]] [1120 [[""A"" 3]]] [1125 [[""A"" 3]]] [1152 [[""A"" 3]]] [1155 [[""A"" 3]]] [1178 [[""A"" 3]]] [1188 [[""A"" 3]]] [1214 [[""A"" 3]]] [1220 [[""A"" 3]]] [1234 [[""A"" 3]]] [1250 [[""A"" 3]]] [1265 [[""A"" 3]]] [1276 [[""A"" 3]]] [1296 [[""A"" 3]]] [1316 [[""A"" 3]]] [1326 [[""A"" 3]]] [1345 [[""A"" 3]]] [1353 [[""A"" 3]]] [1372 [[""A"" 3]]] [1386 [[""A"" 3]]] [1402 [[""A"" 3]]] [1415 [[""A"" 3]]] [1431 [[""A"" 3]]] [1454 [[""A"" 3]]] [1455 [[""A"" 3]]] [1478 [[""A"" 3]]] [1491 [[""A"" 3]]]]",
"56","[170 0 85]","187","5.769903548582956","-1.9301275775087294","""box""","""""","9.9","{breed medias}","false","1","1","""up""","0","[[""ID"" 62] [""alpha"" 1] [""beta"" 1] [""malleable"" [""A""]] [""prior"" []] [""cont_tokens"" []] [""A"" 2]]","[]","[]","[[13 [[""A"" 2]]] [17 [[""A"" 2]]] [31 [[""A"" 2]]] [49 [[""A"" 2]]] [70 [[""A"" 2]]] [85 [[""A"" 2]]] [97 [[""A"" 2]]] [116 [[""A"" 2]]] [134 [[""A"" 2]]] [136 [[""A"" 2]]] [162 [[""A"" 2]]] [175 [[""A"" 2]]] [183 [[""A"" 2]]] [203 [[""A"" 2]]] [222 [[""A"" 2]]] [233 [[""A"" 2]]] [248 [[""A"" 2]]] [267 [[""A"" 2]]] [279 [[""A"" 2]]] [298 [[""A"" 2]]] [300 [[""A"" 2]]] [322 [[""A"" 2]]] [334 [[""A"" 2]]] [349 [[""A"" 2]]] [373 [[""A"" 2]]] [384 [[""A"" 2]]] [395 [[""A"" 2]]] [405 [[""A"" 2]]] [431 [[""A"" 2]]] [435 [[""A"" 2]]] [450 [[""A"" 2]]] [478 [[""A"" 2]]] [491 [[""A"" 2]]] [497 [[""A"" 2]]] [520 [[""A"" 2]]] [527 [[""A"" 2]]] [540 [[""A"" 2]]] [557 [[""A"" 2]]] [571 [[""A"" 2]]] [588 [[""A"" 2]]] [608 [[""A"" 2]]] [627 [[""A"" 2]]] [633 [[""A"" 2]]] [659 [[""A"" 2]]] [671 [[""A"" 2]]] [681 [[""A"" 2]]] [692 [[""A"" 2]]] [717 [[""A"" 2]]] [732 [[""A"" 2]]] [736 [[""A"" 2]]] [752 [[""A"" 2]]] [770 [[""A"" 2]]] [788 [[""A"" 2]]] [805 [[""A"" 2]]] [812 [[""A"" 2]]] [826 [[""A"" 2]]] [853 [[""A"" 2]]] [865 [[""A"" 2]]] [883 [[""A"" 2]]] [894 [[""A"" 2]]] [904 [[""A"" 2]]] [921 [[""A"" 2]]] [938 [[""A"" 2]]] [955 [[""A"" 2]]] [962 [[""A"" 2]]] [981 [[""A"" 2]]] [990 [[""A"" 2]]] [1013 [[""A"" 2]]] [1025 [[""A"" 2]]] [1048 [[""A"" 2]]] [1051 [[""A"" 2]]] [1078 [[""A"" 2]]] [1085 [[""A"" 2]]] [1108 [[""A"" 2]]] [1111 [[""A"" 2]]] [1134 [[""A"" 2]]] [1149 [[""A"" 2]]] [1163 [[""A"" 2]]] [1173 [[""A"" 2]]] [1195 [[""A"" 2]]] [1202 [[""A"" 2]]] [1223 [[""A"" 2]]] [1235 [[""A"" 2]]] [1253 [[""A"" 2]]] [1270 [[""A"" 2]]] [1277 [[""A"" 2]]] [1301 [[""A"" 2]]] [1317 [[""A"" 2]]] [1327 [[""A"" 2]]] [1336 [[""A"" 2]]] [1361 [[""A"" 2]]] [1370 [[""A"" 2]]] [1394 [[""A"" 2]]] [1397 [[""A"" 2]]] [1414 [[""A"" 2]]] [1428 [[""A"" 2]]] [1447 [[""A"" 2]]] [1463 [[""A"" 2]]] [1474 [[""A"" 2]]] [1493 [[""A"" 2]]]]",
"57","[170 0 85]","274","14.573868596654599","-1.0136249726264097","""box""","""""","9.9","{breed medias}","false","1","1","""up""","0","[[""ID"" 51] [""alpha"" 1] [""beta"" 1] [""malleable"" [""A""]] [""prior"" []] [""cont_tokens"" []] [""A"" 2]]","[]","[]","[[1 [[""A"" 2]]] [24 [[""A"" 2]]] [35 [[""A"" 2]]] [53 [[""A"" 2]]] [71 [[""A"" 2]]] [83 [[""A"" 2]]] [98 [[""A"" 2]]] [112 [[""A"" 2]]] [123 [[""A"" 2]]] [145 [[""A"" 2]]] [151 [[""A"" 2]]] [171 [[""A"" 2]]] [191 [[""A"" 2]]] [204 [[""A"" 2]]] [221 [[""A"" 2]]] [225 [[""A"" 2]]] [241 [[""A"" 2]]] [260 [[""A"" 2]]] [271 [[""A"" 2]]] [285 [[""A"" 2]]] [310 [[""A"" 2]]] [323 [[""A"" 2]]] [335 [[""A"" 2]]] [346 [[""A"" 2]]] [372 [[""A"" 2]]] [385 [[""A"" 2]]] [391 [[""A"" 2]]] [417 [[""A"" 2]]] [424 [[""A"" 2]]] [446 [[""A"" 2]]] [455 [[""A"" 2]]] [465 [[""A"" 2]]] [480 [[""A"" 2]]] [498 [[""A"" 2]]] [522 [[""A"" 2]]] [535 [[""A"" 2]]] [543 [[""A"" 2]]] [567 [[""A"" 2]]] [574 [[""A"" 2]]] [597 [[""A"" 2]]] [610 [[""A"" 2]]] [617 [[""A"" 2]]] [636 [[""A"" 2]]] [646 [[""A"" 2]]] [662 [[""A"" 2]]] [677 [[""A"" 2]]] [694 [[""A"" 2]]] [710 [[""A"" 2]]] [731 [[""A"" 2]]] [739 [[""A"" 2]]] [762 [[""A"" 2]]] [767 [[""A"" 2]]] [791 [[""A"" 2]]] [807 [[""A"" 2]]] [814 [[""A"" 2]]] [834 [[""A"" 2]]] [844 [[""A"" 2]]] [861 [[""A"" 2]]] [874 [[""A"" 2]]] [887 [[""A"" 2]]] [912 [[""A"" 2]]] [918 [[""A"" 2]]] [937 [[""A"" 2]]] [948 [[""A"" 2]]] [961 [[""A"" 2]]] [976 [[""A"" 2]]] [1000 [[""A"" 2]]] [1015 [[""A"" 2]]] [1026 [[""A"" 2]]] [1037 [[""A"" 2]]] [1063 [[""A"" 2]]] [1068 [[""A"" 2]]] [1087 [[""A"" 2]]] [1097 [[""A"" 2]]] [1123 [[""A"" 2]]] [1138 [[""A"" 2]]] [1145 [[""A"" 2]]] [1160 [[""A"" 2]]] [1176 [[""A"" 2]]] [1198 [[""A"" 2]]] [1209 [[""A"" 2]]] [1215 [[""A"" 2]]] [1241 [[""A"" 2]]] [1255 [[""A"" 2]]] [1261 [[""A"" 2]]] [1279 [[""A"" 2]]] [1292 [[""A"" 2]]] [1315 [[""A"" 2]]] [1331 [[""A"" 2]]] [1338 [[""A"" 2]]] [1362 [[""A"" 2]]] [1373 [[""A"" 2]]] [1381 [[""A"" 2]]] [1396 [[""A"" 2]]] [1416 [[""A"" 2]]] [1433 [[""A"" 2]]] [1449 [[""A"" 2]]] [1464 [[""A"" 2]]] [1483 [[""A"" 2]]] [1498 [[""A"" 2]]]]",
"58","[213 0 42]","29","1.2779758227947156","-15.204124710601862","""box""","""""","9.9","{breed medias}","false","1","1","""up""","0","[[""ID"" 61] [""alpha"" 1] [""beta"" 1] [""malleable"" [""A""]] [""prior"" []] [""cont_tokens"" []] [""A"" 1]]","[]","[]","[[11 [[""A"" 1]]] [26 [[""A"" 1]]] [34 [[""A"" 1]]] [57 [[""A"" 1]]] [66 [[""A"" 1]]] [88 [[""A"" 1]]] [93 [[""A"" 1]]] [105 [[""A"" 1]]] [132 [[""A"" 1]]] [146 [[""A"" 1]]] [159 [[""A"" 1]]] [169 [[""A"" 1]]] [182 [[""A"" 1]]] [209 [[""A"" 1]]] [212 [[""A"" 1]]] [226 [[""A"" 1]]] [240 [[""A"" 1]]] [262 [[""A"" 1]]] [276 [[""A"" 1]]] [295 [[""A"" 1]]] [311 [[""A"" 1]]] [316 [[""A"" 1]]] [340 [[""A"" 1]]] [358 [[""A"" 1]]] [374 [[""A"" 1]]] [387 [[""A"" 1]]] [393 [[""A"" 1]]] [409 [[""A"" 1]]] [423 [[""A"" 1]]] [447 [[""A"" 1]]] [459 [[""A"" 1]]] [479 [[""A"" 1]]] [490 [[""A"" 1]]] [507 [[""A"" 1]]] [514 [[""A"" 1]]] [536 [[""A"" 1]]] [552 [[""A"" 1]]] [566 [[""A"" 1]]] [580 [[""A"" 1]]] [591 [[""A"" 1]]] [605 [[""A"" 1]]] [625 [[""A"" 1]]] [632 [[""A"" 1]]] [650 [[""A"" 1]]] [667 [[""A"" 1]]] [689 [[""A"" 1]]] [700 [[""A"" 1]]] [714 [[""A"" 1]]] [723 [[""A"" 1]]] [747 [[""A"" 1]]] [750 [[""A"" 1]]] [774 [[""A"" 1]]] [793 [[""A"" 1]]] [797 [[""A"" 1]]] [821 [[""A"" 1]]] [836 [[""A"" 1]]] [846 [[""A"" 1]]] [855 [[""A"" 1]]] [880 [[""A"" 1]]] [899 [[""A"" 1]]] [911 [[""A"" 1]]] [927 [[""A"" 1]]] [931 [[""A"" 1]]] [947 [[""A"" 1]]] [967 [[""A"" 1]]] [987 [[""A"" 1]]] [996 [[""A"" 1]]] [1008 [[""A"" 1]]] [1034 [[""A"" 1]]] [1038 [[""A"" 1]]] [1055 [[""A"" 1]]] [1065 [[""A"" 1]]] [1091 [[""A"" 1]]] [1100 [[""A"" 1]]] [1117 [[""A"" 1]]] [1135 [[""A"" 1]]] [1140 [[""A"" 1]]] [1162 [[""A"" 1]]] [1184 [[""A"" 1]]] [1193 [[""A"" 1]]] [1210 [[""A"" 1]]] [1218 [[""A"" 1]]] [1244 [[""A"" 1]]] [1245 [[""A"" 1]]] [1269 [[""A"" 1]]] [1286 [[""A"" 1]]] [1294 [[""A"" 1]]] [1318 [[""A"" 1]]] [1322 [[""A"" 1]]] [1341 [[""A"" 1]]] [1352 [[""A"" 1]]] [1374 [[""A"" 1]]] [1393 [[""A"" 1]]] [1407 [[""A"" 1]]] [1413 [[""A"" 1]]] [1439 [[""A"" 1]]] [1446 [[""A"" 1]]] [1462 [[""A"" 1]]] [1477 [[""A"" 1]]] [1488 [[""A"" 1]]]]",
"59","[85 0 170]","17","12.342626561241381","2.1959931799071803","""box""","""""","9.9","{breed medias}","false","1","1","""up""","0","[[""ID"" 59] [""alpha"" 1] [""beta"" 1] [""malleable"" [""A""]] [""prior"" []] [""cont_tokens"" []] [""A"" 4]]","[]","[]","[[14 [[""A"" 4]]] [23 [[""A"" 4]]] [33 [[""A"" 4]]] [56 [[""A"" 4]]] [68 [[""A"" 4]]] [82 [[""A"" 4]]] [92 [[""A"" 4]]] [110 [[""A"" 4]]] [128 [[""A"" 4]]] [135 [[""A"" 4]]] [152 [[""A"" 4]]] [172 [[""A"" 4]]] [189 [[""A"" 4]]] [205 [[""A"" 4]]] [215 [[""A"" 4]]] [237 [[""A"" 4]]] [243 [[""A"" 4]]] [258 [[""A"" 4]]] [270 [[""A"" 4]]] [291 [[""A"" 4]]] [306 [[""A"" 4]]] [317 [[""A"" 4]]] [332 [[""A"" 4]]] [345 [[""A"" 4]]] [371 [[""A"" 4]]] [380 [[""A"" 4]]] [396 [[""A"" 4]]] [413 [[""A"" 4]]] [429 [[""A"" 4]]] [448 [[""A"" 4]]] [463 [[""A"" 4]]] [475 [[""A"" 4]]] [492 [[""A"" 4]]] [501 [[""A"" 4]]] [517 [[""A"" 4]]] [529 [[""A"" 4]]] [541 [[""A"" 4]]] [568 [[""A"" 4]]] [577 [[""A"" 4]]] [599 [[""A"" 4]]] [604 [[""A"" 4]]] [616 [[""A"" 4]]] [637 [[""A"" 4]]] [654 [[""A"" 4]]] [668 [[""A"" 4]]] [688 [[""A"" 4]]] [704 [[""A"" 4]]] [718 [[""A"" 4]]] [724 [[""A"" 4]]] [735 [[""A"" 4]]] [758 [[""A"" 4]]] [771 [[""A"" 4]]] [790 [[""A"" 4]]] [804 [[""A"" 4]]] [817 [[""A"" 4]]] [833 [[""A"" 4]]] [849 [[""A"" 4]]] [868 [[""A"" 4]]] [872 [[""A"" 4]]] [893 [[""A"" 4]]] [907 [[""A"" 4]]] [924 [[""A"" 4]]] [939 [[""A"" 4]]] [954 [[""A"" 4]]] [969 [[""A"" 4]]] [985 [[""A"" 4]]] [995 [[""A"" 4]]] [1006 [[""A"" 4]]] [1022 [[""A"" 4]]] [1039 [[""A"" 4]]] [1050 [[""A"" 4]]] [1066 [[""A"" 4]]] [1084 [[""A"" 4]]] [1106 [[""A"" 4]]] [1113 [[""A"" 4]]] [1130 [[""A"" 4]]] [1154 [[""A"" 4]]] [1159 [[""A"" 4]]] [1177 [[""A"" 4]]] [1189 [[""A"" 4]]] [1203 [[""A"" 4]]] [1219 [[""A"" 4]]] [1243 [[""A"" 4]]] [1254 [[""A"" 4]]] [1266 [[""A"" 4]]] [1281 [[""A"" 4]]] [1297 [[""A"" 4]]] [1319 [[""A"" 4]]] [1332 [[""A"" 4]]] [1348 [[""A"" 4]]] [1364 [[""A"" 4]]] [1369 [[""A"" 4]]] [1383 [[""A"" 4]]] [1400 [[""A"" 4]]] [1424 [[""A"" 4]]] [1438 [[""A"" 4]]] [1441 [[""A"" 4]]] [1465 [[""A"" 4]]] [1480 [[""A"" 4]]] [1497 [[""A"" 4]]]]",
"60","[85 0 170]","35","2.899760290317566","4.761017421652685","""box""","""""","9.9","{breed medias}","false","1","1","""up""","0","[[""ID"" 52] [""alpha"" 1] [""beta"" 1] [""malleable"" [""A""]] [""prior"" []] [""cont_tokens"" []] [""A"" 4]]","[]","[]","[[0 [[""A"" 4]]] [20 [[""A"" 4]]] [43 [[""A"" 4]]] [45 [[""A"" 4]]] [64 [[""A"" 4]]] [80 [[""A"" 4]]] [96 [[""A"" 4]]] [113 [[""A"" 4]]] [131 [[""A"" 4]]] [147 [[""A"" 4]]] [157 [[""A"" 4]]] [167 [[""A"" 4]]] [181 [[""A"" 4]]] [198 [[""A"" 4]]] [216 [[""A"" 4]]] [239 [[""A"" 4]]] [251 [[""A"" 4]]] [257 [[""A"" 4]]] [274 [[""A"" 4]]] [299 [[""A"" 4]]] [314 [[""A"" 4]]] [326 [[""A"" 4]]] [333 [[""A"" 4]]] [356 [[""A"" 4]]] [362 [[""A"" 4]]] [375 [[""A"" 4]]] [401 [[""A"" 4]]] [419 [[""A"" 4]]] [422 [[""A"" 4]]] [444 [[""A"" 4]]] [453 [[""A"" 4]]] [470 [[""A"" 4]]] [488 [[""A"" 4]]] [508 [[""A"" 4]]] [523 [[""A"" 4]]] [525 [[""A"" 4]]] [551 [[""A"" 4]]] [559 [[""A"" 4]]] [579 [[""A"" 4]]] [587 [[""A"" 4]]] [612 [[""A"" 4]]] [629 [[""A"" 4]]] [630 [[""A"" 4]]] [649 [[""A"" 4]]] [664 [[""A"" 4]]] [684 [[""A"" 4]]] [691 [[""A"" 4]]] [713 [[""A"" 4]]] [727 [[""A"" 4]]] [743 [[""A"" 4]]] [760 [[""A"" 4]]] [775 [[""A"" 4]]] [784 [[""A"" 4]]] [806 [[""A"" 4]]] [823 [[""A"" 4]]] [837 [[""A"" 4]]] [848 [[""A"" 4]]] [862 [[""A"" 4]]] [870 [[""A"" 4]]] [889 [[""A"" 4]]] [909 [[""A"" 4]]] [917 [[""A"" 4]]] [933 [[""A"" 4]]] [959 [[""A"" 4]]] [964 [[""A"" 4]]] [982 [[""A"" 4]]] [1004 [[""A"" 4]]] [1011 [[""A"" 4]]] [1021 [[""A"" 4]]] [1045 [[""A"" 4]]] [1057 [[""A"" 4]]] [1079 [[""A"" 4]]] [1090 [[""A"" 4]]] [1101 [[""A"" 4]]] [1118 [[""A"" 4]]] [1136 [[""A"" 4]]] [1144 [[""A"" 4]]] [1168 [[""A"" 4]]] [1172 [[""A"" 4]]] [1194 [[""A"" 4]]] [1208 [[""A"" 4]]] [1216 [[""A"" 4]]] [1236 [[""A"" 4]]] [1252 [[""A"" 4]]] [1268 [[""A"" 4]]] [1288 [[""A"" 4]]] [1291 [[""A"" 4]]] [1306 [[""A"" 4]]] [1329 [[""A"" 4]]] [1339 [[""A"" 4]]] [1359 [[""A"" 4]]] [1378 [[""A"" 4]]] [1385 [[""A"" 4]]] [1398 [[""A"" 4]]] [1411 [[""A"" 4]]] [1437 [[""A"" 4]]] [1451 [[""A"" 4]]] [1457 [[""A"" 4]]] [1470 [[""A"" 4]]] [1489 [[""A"" 4]]]]",
"61","[128 0 127]","234","-10.575318650873523","-16.087630649730325","""box""","""""","9.9","{breed medias}","false","1","1","""up""","0","[[""ID"" 57] [""alpha"" 1] [""beta"" 1] [""malleable"" [""A""]] [""prior"" []] [""cont_tokens"" []] [""A"" 3]]","[]","[]","[[10 [[""A"" 3]]] [25 [[""A"" 3]]] [40 [[""A"" 3]]] [50 [[""A"" 3]]] [62 [[""A"" 3]]] [89 [[""A"" 3]]] [94 [[""A"" 3]]] [111 [[""A"" 3]]] [121 [[""A"" 3]]] [142 [[""A"" 3]]] [158 [[""A"" 3]]] [166 [[""A"" 3]]] [185 [[""A"" 3]]] [208 [[""A"" 3]]] [217 [[""A"" 3]]] [230 [[""A"" 3]]] [250 [[""A"" 3]]] [269 [[""A"" 3]]] [280 [[""A"" 3]]] [292 [[""A"" 3]]] [313 [[""A"" 3]]] [329 [[""A"" 3]]] [343 [[""A"" 3]]] [348 [[""A"" 3]]] [367 [[""A"" 3]]] [381 [[""A"" 3]]] [403 [[""A"" 3]]] [406 [[""A"" 3]]] [420 [[""A"" 3]]] [442 [[""A"" 3]]] [458 [[""A"" 3]]] [472 [[""A"" 3]]] [487 [[""A"" 3]]] [499 [[""A"" 3]]] [510 [[""A"" 3]]] [534 [[""A"" 3]]] [549 [[""A"" 3]]] [565 [[""A"" 3]]] [578 [[""A"" 3]]] [592 [[""A"" 3]]] [611 [[""A"" 3]]] [624 [[""A"" 3]]] [644 [[""A"" 3]]] [656 [[""A"" 3]]] [672 [[""A"" 3]]] [679 [[""A"" 3]]] [696 [[""A"" 3]]] [712 [[""A"" 3]]] [726 [[""A"" 3]]] [745 [[""A"" 3]]] [751 [[""A"" 3]]] [776 [[""A"" 3]]] [789 [[""A"" 3]]] [809 [[""A"" 3]]] [816 [[""A"" 3]]] [838 [[""A"" 3]]] [850 [[""A"" 3]]] [866 [[""A"" 3]]] [875 [[""A"" 3]]] [892 [[""A"" 3]]] [901 [[""A"" 3]]] [925 [[""A"" 3]]] [943 [[""A"" 3]]] [957 [[""A"" 3]]] [974 [[""A"" 3]]] [983 [[""A"" 3]]] [993 [[""A"" 3]]] [1007 [[""A"" 3]]] [1028 [[""A"" 3]]] [1036 [[""A"" 3]]] [1060 [[""A"" 3]]] [1073 [[""A"" 3]]] [1080 [[""A"" 3]]] [1107 [[""A"" 3]]] [1114 [[""A"" 3]]] [1127 [[""A"" 3]]] [1147 [[""A"" 3]]] [1158 [[""A"" 3]]] [1181 [[""A"" 3]]] [1192 [[""A"" 3]]] [1213 [[""A"" 3]]] [1227 [[""A"" 3]]] [1230 [[""A"" 3]]] [1247 [[""A"" 3]]] [1262 [[""A"" 3]]] [1282 [[""A"" 3]]] [1300 [[""A"" 3]]] [1308 [[""A"" 3]]] [1324 [[""A"" 3]]] [1347 [[""A"" 3]]] [1354 [[""A"" 3]]] [1368 [[""A"" 3]]] [1380 [[""A"" 3]]] [1399 [[""A"" 3]]] [1420 [[""A"" 3]]] [1427 [[""A"" 3]]] [1448 [[""A"" 3]]] [1469 [[""A"" 3]]] [1471 [[""A"" 3]]] [1490 [[""A"" 3]]]]",
"62","[85 0 170]","235","-4.370127546675814","1.8851140887544098","""box""","""""","9.9","{breed medias}","false","1","1","""up""","0","[[""ID"" 63] [""alpha"" 1] [""beta"" 1] [""malleable"" [""A""]] [""prior"" []] [""cont_tokens"" []] [""A"" 4]]","[]","[]","[[5 [[""A"" 4]]] [15 [[""A"" 4]]] [36 [[""A"" 4]]] [46 [[""A"" 4]]] [63 [[""A"" 4]]] [76 [[""A"" 4]]] [91 [[""A"" 4]]] [108 [[""A"" 4]]] [126 [[""A"" 4]]] [138 [[""A"" 4]]] [154 [[""A"" 4]]] [177 [[""A"" 4]]] [187 [[""A"" 4]]] [207 [[""A"" 4]]] [219 [[""A"" 4]]] [235 [[""A"" 4]]] [252 [[""A"" 4]]] [256 [[""A"" 4]]] [281 [[""A"" 4]]] [289 [[""A"" 4]]] [309 [[""A"" 4]]] [321 [[""A"" 4]]] [330 [[""A"" 4]]] [353 [[""A"" 4]]] [369 [[""A"" 4]]] [376 [[""A"" 4]]] [404 [[""A"" 4]]] [412 [[""A"" 4]]] [426 [[""A"" 4]]] [437 [[""A"" 4]]] [462 [[""A"" 4]]] [469 [[""A"" 4]]] [482 [[""A"" 4]]] [502 [[""A"" 4]]] [511 [[""A"" 4]]] [538 [[""A"" 4]]] [550 [[""A"" 4]]] [562 [[""A"" 4]]] [584 [[""A"" 4]]] [586 [[""A"" 4]]] [607 [[""A"" 4]]] [623 [[""A"" 4]]] [642 [[""A"" 4]]] [647 [[""A"" 4]]] [674 [[""A"" 4]]] [680 [[""A"" 4]]] [693 [[""A"" 4]]] [715 [[""A"" 4]]] [722 [[""A"" 4]]] [737 [[""A"" 4]]] [756 [[""A"" 4]]] [765 [[""A"" 4]]] [794 [[""A"" 4]]] [795 [[""A"" 4]]] [810 [[""A"" 4]]] [832 [[""A"" 4]]] [840 [[""A"" 4]]] [869 [[""A"" 4]]] [878 [[""A"" 4]]] [888 [[""A"" 4]]] [903 [[""A"" 4]]] [919 [[""A"" 4]]] [944 [[""A"" 4]]] [950 [[""A"" 4]]] [970 [[""A"" 4]]] [977 [[""A"" 4]]] [999 [[""A"" 4]]] [1012 [[""A"" 4]]] [1023 [[""A"" 4]]] [1049 [[""A"" 4]]] [1064 [[""A"" 4]]] [1070 [[""A"" 4]]] [1086 [[""A"" 4]]] [1104 [[""A"" 4]]] [1112 [[""A"" 4]]] [1133 [[""A"" 4]]] [1142 [[""A"" 4]]] [1166 [[""A"" 4]]] [1182 [[""A"" 4]]] [1199 [[""A"" 4]]] [1212 [[""A"" 4]]] [1225 [[""A"" 4]]] [1231 [[""A"" 4]]] [1248 [[""A"" 4]]] [1267 [[""A"" 4]]] [1289 [[""A"" 4]]] [1303 [[""A"" 4]]] [1309 [[""A"" 4]]] [1330 [[""A"" 4]]] [1337 [[""A"" 4]]] [1363 [[""A"" 4]]] [1367 [[""A"" 4]]] [1384 [[""A"" 4]]] [1408 [[""A"" 4]]] [1410 [[""A"" 4]]] [1429 [[""A"" 4]]] [1444 [[""A"" 4]]] [1466 [[""A"" 4]]] [1482 [[""A"" 4]]] [1487 [[""A"" 4]]]]",
"63","[128 0 127]","95","-11.206636874680544","-11.441437059984256","""box""","""""","9.9","{breed medias}","false","1","1","""up""","0","[[""ID"" 55] [""alpha"" 1] [""beta"" 1] [""malleable"" [""A""]] [""prior"" []] [""cont_tokens"" []] [""A"" 3]]","[]","[]","[[2 [[""A"" 3]]] [16 [[""A"" 3]]] [30 [[""A"" 3]]] [54 [[""A"" 3]]] [61 [[""A"" 3]]] [79 [[""A"" 3]]] [90 [[""A"" 3]]] [118 [[""A"" 3]]] [130 [[""A"" 3]]] [148 [[""A"" 3]]] [161 [[""A"" 3]]] [165 [[""A"" 3]]] [192 [[""A"" 3]]] [200 [[""A"" 3]]] [224 [[""A"" 3]]] [236 [[""A"" 3]]] [246 [[""A"" 3]]] [255 [[""A"" 3]]] [284 [[""A"" 3]]] [288 [[""A"" 3]]] [308 [[""A"" 3]]] [315 [[""A"" 3]]] [344 [[""A"" 3]]] [355 [[""A"" 3]]] [368 [[""A"" 3]]] [382 [[""A"" 3]]] [400 [[""A"" 3]]] [411 [[""A"" 3]]] [427 [[""A"" 3]]] [438 [[""A"" 3]]] [452 [[""A"" 3]]] [467 [[""A"" 3]]] [493 [[""A"" 3]]] [500 [[""A"" 3]]] [513 [[""A"" 3]]] [532 [[""A"" 3]]] [545 [[""A"" 3]]] [569 [[""A"" 3]]] [583 [[""A"" 3]]] [594 [[""A"" 3]]] [609 [[""A"" 3]]] [628 [[""A"" 3]]] [641 [[""A"" 3]]] [652 [[""A"" 3]]] [661 [[""A"" 3]]] [685 [[""A"" 3]]] [699 [[""A"" 3]]] [705 [[""A"" 3]]] [730 [[""A"" 3]]] [740 [[""A"" 3]]] [761 [[""A"" 3]]] [766 [[""A"" 3]]] [781 [[""A"" 3]]] [801 [[""A"" 3]]] [819 [[""A"" 3]]] [830 [[""A"" 3]]] [852 [[""A"" 3]]] [856 [[""A"" 3]]] [873 [[""A"" 3]]] [886 [[""A"" 3]]] [906 [[""A"" 3]]] [916 [[""A"" 3]]] [935 [[""A"" 3]]] [951 [[""A"" 3]]] [966 [[""A"" 3]]] [980 [[""A"" 3]]] [994 [[""A"" 3]]] [1018 [[""A"" 3]]] [1020 [[""A"" 3]]] [1040 [[""A"" 3]]] [1052 [[""A"" 3]]] [1077 [[""A"" 3]]] [1088 [[""A"" 3]]] [1103 [[""A"" 3]]] [1121 [[""A"" 3]]] [1139 [[""A"" 3]]] [1143 [[""A"" 3]]] [1157 [[""A"" 3]]] [1183 [[""A"" 3]]] [1185 [[""A"" 3]]] [1207 [[""A"" 3]]] [1224 [[""A"" 3]]] [1233 [[""A"" 3]]] [1251 [[""A"" 3]]] [1264 [[""A"" 3]]] [1280 [[""A"" 3]]] [1290 [[""A"" 3]]] [1307 [[""A"" 3]]] [1321 [[""A"" 3]]] [1342 [[""A"" 3]]] [1351 [[""A"" 3]]] [1371 [[""A"" 3]]] [1382 [[""A"" 3]]] [1403 [[""A"" 3]]] [1421 [[""A"" 3]]] [1430 [[""A"" 3]]] [1452 [[""A"" 3]]] [1461 [[""A"" 3]]] [1484 [[""A"" 3]]] [1492 [[""A"" 3]]]]",
"64","[128 0 127]","110","-0.19833954762657413","6.9373393953428995","""box""","""""","9.9","{breed medias}","false","1","1","""up""","0","[[""ID"" 50] [""alpha"" 1] [""beta"" 1] [""malleable"" [""A""]] [""prior"" []] [""cont_tokens"" []] [""A"" 3]]","[]","[]","[[4 [[""A"" 3]]] [21 [[""A"" 3]]] [39 [[""A"" 3]]] [51 [[""A"" 3]]] [72 [[""A"" 3]]] [77 [[""A"" 3]]] [103 [[""A"" 3]]] [106 [[""A"" 3]]] [133 [[""A"" 3]]] [143 [[""A"" 3]]] [155 [[""A"" 3]]] [173 [[""A"" 3]]] [186 [[""A"" 3]]] [202 [[""A"" 3]]] [213 [[""A"" 3]]] [234 [[""A"" 3]]] [244 [[""A"" 3]]] [261 [[""A"" 3]]] [283 [[""A"" 3]]] [296 [[""A"" 3]]] [303 [[""A"" 3]]] [328 [[""A"" 3]]] [338 [[""A"" 3]]] [347 [[""A"" 3]]] [365 [[""A"" 3]]] [386 [[""A"" 3]]] [390 [[""A"" 3]]] [418 [[""A"" 3]]] [428 [[""A"" 3]]] [443 [[""A"" 3]]] [460 [[""A"" 3]]] [468 [[""A"" 3]]] [489 [[""A"" 3]]] [504 [[""A"" 3]]] [519 [[""A"" 3]]] [526 [[""A"" 3]]] [542 [[""A"" 3]]] [555 [[""A"" 3]]] [582 [[""A"" 3]]] [598 [[""A"" 3]]] [602 [[""A"" 3]]] [618 [[""A"" 3]]] [634 [[""A"" 3]]] [651 [[""A"" 3]]] [670 [[""A"" 3]]] [687 [[""A"" 3]]] [698 [[""A"" 3]]] [716 [[""A"" 3]]] [721 [[""A"" 3]]] [741 [[""A"" 3]]] [764 [[""A"" 3]]] [772 [[""A"" 3]]] [780 [[""A"" 3]]] [803 [[""A"" 3]]] [815 [[""A"" 3]]] [829 [[""A"" 3]]] [843 [[""A"" 3]]] [857 [[""A"" 3]]] [884 [[""A"" 3]]] [898 [[""A"" 3]]] [910 [[""A"" 3]]] [929 [[""A"" 3]]] [934 [[""A"" 3]]] [952 [[""A"" 3]]] [971 [[""A"" 3]]] [978 [[""A"" 3]]] [991 [[""A"" 3]]] [1010 [[""A"" 3]]] [1032 [[""A"" 3]]] [1047 [[""A"" 3]]] [1061 [[""A"" 3]]] [1069 [[""A"" 3]]] [1093 [[""A"" 3]]] [1099 [[""A"" 3]]] [1122 [[""A"" 3]]] [1137 [[""A"" 3]]] [1146 [[""A"" 3]]] [1156 [[""A"" 3]]] [1180 [[""A"" 3]]] [1187 [[""A"" 3]]] [1205 [[""A"" 3]]] [1217 [[""A"" 3]]] [1242 [[""A"" 3]]] [1258 [[""A"" 3]]] [1273 [[""A"" 3]]] [1287 [[""A"" 3]]] [1304 [[""A"" 3]]] [1310 [[""A"" 3]]] [1333 [[""A"" 3]]] [1340 [[""A"" 3]]] [1355 [[""A"" 3]]] [1377 [[""A"" 3]]] [1388 [[""A"" 3]]] [1404 [[""A"" 3]]] [1422 [[""A"" 3]]] [1434 [[""A"" 3]]] [1442 [[""A"" 3]]] [1468 [[""A"" 3]]] [1479 [[""A"" 3]]] [1494 [[""A"" 3]]]]",

"PATCHES"
"pxcor","pycor","pcolor","plabel","plabel-color"
"-16","16","9.9","""""","9.9"
"-15","16","9.9","""""","9.9"
"-14","16","9.9","""""","9.9"
"-13","16","9.9","""""","9.9"
"-12","16","9.9","""""","9.9"
"-11","16","9.9","""""","9.9"
"-10","16","9.9","""""","9.9"
"-9","16","9.9","""""","9.9"
"-8","16","9.9","""""","9.9"
"-7","16","9.9","""""","9.9"
"-6","16","9.9","""""","9.9"
"-5","16","9.9","""""","9.9"
"-4","16","9.9","""""","9.9"
"-3","16","9.9","""""","9.9"
"-2","16","9.9","""""","9.9"
"-1","16","9.9","""""","9.9"
"0","16","9.9","""""","9.9"
"1","16","9.9","""""","9.9"
"2","16","9.9","""""","9.9"
"3","16","9.9","""""","9.9"
"4","16","9.9","""""","9.9"
"5","16","9.9","""""","9.9"
"6","16","9.9","""""","9.9"
"7","16","9.9","""""","9.9"
"8","16","9.9","""""","9.9"
"9","16","9.9","""""","9.9"
"10","16","9.9","""""","9.9"
"11","16","9.9","""""","9.9"
"12","16","9.9","""""","9.9"
"13","16","9.9","""""","9.9"
"14","16","9.9","""""","9.9"
"15","16","9.9","""""","9.9"
"16","16","9.9","""""","9.9"
"-16","15","9.9","""""","9.9"
"-15","15","9.9","""""","9.9"
"-14","15","9.9","""""","9.9"
"-13","15","9.9","""""","9.9"
"-12","15","9.9","""""","9.9"
"-11","15","9.9","""""","9.9"
"-10","15","9.9","""""","9.9"
"-9","15","9.9","""""","9.9"
"-8","15","9.9","""""","9.9"
"-7","15","9.9","""""","9.9"
"-6","15","9.9","""""","9.9"
"-5","15","9.9","""""","9.9"
"-4","15","9.9","""""","9.9"
"-3","15","9.9","""""","9.9"
"-2","15","9.9","""""","9.9"
"-1","15","9.9","""""","9.9"
"0","15","9.9","""""","9.9"
"1","15","9.9","""""","9.9"
"2","15","9.9","""""","9.9"
"3","15","9.9","""""","9.9"
"4","15","9.9","""""","9.9"
"5","15","9.9","""""","9.9"
"6","15","9.9","""""","9.9"
"7","15","9.9","""""","9.9"
"8","15","9.9","""""","9.9"
"9","15","9.9","""""","9.9"
"10","15","9.9","""""","9.9"
"11","15","9.9","""""","9.9"
"12","15","9.9","""""","9.9"
"13","15","9.9","""""","9.9"
"14","15","9.9","""""","9.9"
"15","15","9.9","""""","9.9"
"16","15","9.9","""""","9.9"
"-16","14","9.9","""""","9.9"
"-15","14","9.9","""""","9.9"
"-14","14","9.9","""""","9.9"
"-13","14","9.9","""""","9.9"
"-12","14","9.9","""""","9.9"
"-11","14","9.9","""""","9.9"
"-10","14","9.9","""""","9.9"
"-9","14","9.9","""""","9.9"
"-8","14","9.9","""""","9.9"
"-7","14","9.9","""""","9.9"
"-6","14","9.9","""""","9.9"
"-5","14","9.9","""""","9.9"
"-4","14","9.9","""""","9.9"
"-3","14","9.9","""""","9.9"
"-2","14","9.9","""""","9.9"
"-1","14","9.9","""""","9.9"
"0","14","9.9","""""","9.9"
"1","14","9.9","""""","9.9"
"2","14","9.9","""""","9.9"
"3","14","9.9","""""","9.9"
"4","14","9.9","""""","9.9"
"5","14","9.9","""""","9.9"
"6","14","9.9","""""","9.9"
"7","14","9.9","""""","9.9"
"8","14","9.9","""""","9.9"
"9","14","9.9","""""","9.9"
"10","14","9.9","""""","9.9"
"11","14","9.9","""""","9.9"
"12","14","9.9","""""","9.9"
"13","14","9.9","""""","9.9"
"14","14","9.9","""""","9.9"
"15","14","9.9","""""","9.9"
"16","14","9.9","""""","9.9"
"-16","13","9.9","""""","9.9"
"-15","13","9.9","""""","9.9"
"-14","13","9.9","""""","9.9"
"-13","13","9.9","""""","9.9"
"-12","13","9.9","""""","9.9"
"-11","13","9.9","""""","9.9"
"-10","13","9.9","""""","9.9"
"-9","13","9.9","""""","9.9"
"-8","13","9.9","""""","9.9"
"-7","13","9.9","""""","9.9"
"-6","13","9.9","""""","9.9"
"-5","13","9.9","""""","9.9"
"-4","13","9.9","""""","9.9"
"-3","13","9.9","""""","9.9"
"-2","13","9.9","""""","9.9"
"-1","13","9.9","""""","9.9"
"0","13","9.9","""""","9.9"
"1","13","9.9","""""","9.9"
"2","13","9.9","""""","9.9"
"3","13","9.9","""""","9.9"
"4","13","9.9","""""","9.9"
"5","13","9.9","""""","9.9"
"6","13","9.9","""""","9.9"
"7","13","9.9","""""","9.9"
"8","13","9.9","""""","9.9"
"9","13","9.9","""""","9.9"
"10","13","9.9","""""","9.9"
"11","13","9.9","""""","9.9"
"12","13","9.9","""""","9.9"
"13","13","9.9","""""","9.9"
"14","13","9.9","""""","9.9"
"15","13","9.9","""""","9.9"
"16","13","9.9","""""","9.9"
"-16","12","9.9","""""","9.9"
"-15","12","9.9","""""","9.9"
"-14","12","9.9","""""","9.9"
"-13","12","9.9","""""","9.9"
"-12","12","9.9","""""","9.9"
"-11","12","9.9","""""","9.9"
"-10","12","9.9","""""","9.9"
"-9","12","9.9","""""","9.9"
"-8","12","9.9","""""","9.9"
"-7","12","9.9","""""","9.9"
"-6","12","9.9","""""","9.9"
"-5","12","9.9","""""","9.9"
"-4","12","9.9","""""","9.9"
"-3","12","9.9","""""","9.9"
"-2","12","9.9","""""","9.9"
"-1","12","9.9","""""","9.9"
"0","12","9.9","""""","9.9"
"1","12","9.9","""""","9.9"
"2","12","9.9","""""","9.9"
"3","12","9.9","""""","9.9"
"4","12","9.9","""""","9.9"
"5","12","9.9","""""","9.9"
"6","12","9.9","""""","9.9"
"7","12","9.9","""""","9.9"
"8","12","9.9","""""","9.9"
"9","12","9.9","""""","9.9"
"10","12","9.9","""""","9.9"
"11","12","9.9","""""","9.9"
"12","12","9.9","""""","9.9"
"13","12","9.9","""""","9.9"
"14","12","9.9","""""","9.9"
"15","12","9.9","""""","9.9"
"16","12","9.9","""""","9.9"
"-16","11","9.9","""""","9.9"
"-15","11","9.9","""""","9.9"
"-14","11","9.9","""""","9.9"
"-13","11","9.9","""""","9.9"
"-12","11","9.9","""""","9.9"
"-11","11","9.9","""""","9.9"
"-10","11","9.9","""""","9.9"
"-9","11","9.9","""""","9.9"
"-8","11","9.9","""""","9.9"
"-7","11","9.9","""""","9.9"
"-6","11","9.9","""""","9.9"
"-5","11","9.9","""""","9.9"
"-4","11","9.9","""""","9.9"
"-3","11","9.9","""""","9.9"
"-2","11","9.9","""""","9.9"
"-1","11","9.9","""""","9.9"
"0","11","9.9","""""","9.9"
"1","11","9.9","""""","9.9"
"2","11","9.9","""""","9.9"
"3","11","9.9","""""","9.9"
"4","11","9.9","""""","9.9"
"5","11","9.9","""""","9.9"
"6","11","9.9","""""","9.9"
"7","11","9.9","""""","9.9"
"8","11","9.9","""""","9.9"
"9","11","9.9","""""","9.9"
"10","11","9.9","""""","9.9"
"11","11","9.9","""""","9.9"
"12","11","9.9","""""","9.9"
"13","11","9.9","""""","9.9"
"14","11","9.9","""""","9.9"
"15","11","9.9","""""","9.9"
"16","11","9.9","""""","9.9"
"-16","10","9.9","""""","9.9"
"-15","10","9.9","""""","9.9"
"-14","10","9.9","""""","9.9"
"-13","10","9.9","""""","9.9"
"-12","10","9.9","""""","9.9"
"-11","10","9.9","""""","9.9"
"-10","10","9.9","""""","9.9"
"-9","10","9.9","""""","9.9"
"-8","10","9.9","""""","9.9"
"-7","10","9.9","""""","9.9"
"-6","10","9.9","""""","9.9"
"-5","10","9.9","""""","9.9"
"-4","10","9.9","""""","9.9"
"-3","10","9.9","""""","9.9"
"-2","10","9.9","""""","9.9"
"-1","10","9.9","""""","9.9"
"0","10","9.9","""""","9.9"
"1","10","9.9","""""","9.9"
"2","10","9.9","""""","9.9"
"3","10","9.9","""""","9.9"
"4","10","9.9","""""","9.9"
"5","10","9.9","""""","9.9"
"6","10","9.9","""""","9.9"
"7","10","9.9","""""","9.9"
"8","10","9.9","""""","9.9"
"9","10","9.9","""""","9.9"
"10","10","9.9","""""","9.9"
"11","10","9.9","""""","9.9"
"12","10","9.9","""""","9.9"
"13","10","9.9","""""","9.9"
"14","10","9.9","""""","9.9"
"15","10","9.9","""""","9.9"
"16","10","9.9","""""","9.9"
"-16","9","9.9","""""","9.9"
"-15","9","9.9","""""","9.9"
"-14","9","9.9","""""","9.9"
"-13","9","9.9","""""","9.9"
"-12","9","9.9","""""","9.9"
"-11","9","9.9","""""","9.9"
"-10","9","9.9","""""","9.9"
"-9","9","9.9","""""","9.9"
"-8","9","9.9","""""","9.9"
"-7","9","9.9","""""","9.9"
"-6","9","9.9","""""","9.9"
"-5","9","9.9","""""","9.9"
"-4","9","9.9","""""","9.9"
"-3","9","9.9","""""","9.9"
"-2","9","9.9","""""","9.9"
"-1","9","9.9","""""","9.9"
"0","9","9.9","""""","9.9"
"1","9","9.9","""""","9.9"
"2","9","9.9","""""","9.9"
"3","9","9.9","""""","9.9"
"4","9","9.9","""""","9.9"
"5","9","9.9","""""","9.9"
"6","9","9.9","""""","9.9"
"7","9","9.9","""""","9.9"
"8","9","9.9","""""","9.9"
"9","9","9.9","""""","9.9"
"10","9","9.9","""""","9.9"
"11","9","9.9","""""","9.9"
"12","9","9.9","""""","9.9"
"13","9","9.9","""""","9.9"
"14","9","9.9","""""","9.9"
"15","9","9.9","""""","9.9"
"16","9","9.9","""""","9.9"
"-16","8","9.9","""""","9.9"
"-15","8","9.9","""""","9.9"
"-14","8","9.9","""""","9.9"
"-13","8","9.9","""""","9.9"
"-12","8","9.9","""""","9.9"
"-11","8","9.9","""""","9.9"
"-10","8","9.9","""""","9.9"
"-9","8","9.9","""""","9.9"
"-8","8","9.9","""""","9.9"
"-7","8","9.9","""""","9.9"
"-6","8","9.9","""""","9.9"
"-5","8","9.9","""""","9.9"
"-4","8","9.9","""""","9.9"
"-3","8","9.9","""""","9.9"
"-2","8","9.9","""""","9.9"
"-1","8","9.9","""""","9.9"
"0","8","9.9","""""","9.9"
"1","8","9.9","""""","9.9"
"2","8","9.9","""""","9.9"
"3","8","9.9","""""","9.9"
"4","8","9.9","""""","9.9"
"5","8","9.9","""""","9.9"
"6","8","9.9","""""","9.9"
"7","8","9.9","""""","9.9"
"8","8","9.9","""""","9.9"
"9","8","9.9","""""","9.9"
"10","8","9.9","""""","9.9"
"11","8","9.9","""""","9.9"
"12","8","9.9","""""","9.9"
"13","8","9.9","""""","9.9"
"14","8","9.9","""""","9.9"
"15","8","9.9","""""","9.9"
"16","8","9.9","""""","9.9"
"-16","7","9.9","""""","9.9"
"-15","7","9.9","""""","9.9"
"-14","7","9.9","""""","9.9"
"-13","7","9.9","""""","9.9"
"-12","7","9.9","""""","9.9"
"-11","7","9.9","""""","9.9"
"-10","7","9.9","""""","9.9"
"-9","7","9.9","""""","9.9"
"-8","7","9.9","""""","9.9"
"-7","7","9.9","""""","9.9"
"-6","7","9.9","""""","9.9"
"-5","7","9.9","""""","9.9"
"-4","7","9.9","""""","9.9"
"-3","7","9.9","""""","9.9"
"-2","7","9.9","""""","9.9"
"-1","7","9.9","""""","9.9"
"0","7","9.9","""""","9.9"
"1","7","9.9","""""","9.9"
"2","7","9.9","""""","9.9"
"3","7","9.9","""""","9.9"
"4","7","9.9","""""","9.9"
"5","7","9.9","""""","9.9"
"6","7","9.9","""""","9.9"
"7","7","9.9","""""","9.9"
"8","7","9.9","""""","9.9"
"9","7","9.9","""""","9.9"
"10","7","9.9","""""","9.9"
"11","7","9.9","""""","9.9"
"12","7","9.9","""""","9.9"
"13","7","9.9","""""","9.9"
"14","7","9.9","""""","9.9"
"15","7","9.9","""""","9.9"
"16","7","9.9","""""","9.9"
"-16","6","9.9","""""","9.9"
"-15","6","9.9","""""","9.9"
"-14","6","9.9","""""","9.9"
"-13","6","9.9","""""","9.9"
"-12","6","9.9","""""","9.9"
"-11","6","9.9","""""","9.9"
"-10","6","9.9","""""","9.9"
"-9","6","9.9","""""","9.9"
"-8","6","9.9","""""","9.9"
"-7","6","9.9","""""","9.9"
"-6","6","9.9","""""","9.9"
"-5","6","9.9","""""","9.9"
"-4","6","9.9","""""","9.9"
"-3","6","9.9","""""","9.9"
"-2","6","9.9","""""","9.9"
"-1","6","9.9","""""","9.9"
"0","6","9.9","""""","9.9"
"1","6","9.9","""""","9.9"
"2","6","9.9","""""","9.9"
"3","6","9.9","""""","9.9"
"4","6","9.9","""""","9.9"
"5","6","9.9","""""","9.9"
"6","6","9.9","""""","9.9"
"7","6","9.9","""""","9.9"
"8","6","9.9","""""","9.9"
"9","6","9.9","""""","9.9"
"10","6","9.9","""""","9.9"
"11","6","9.9","""""","9.9"
"12","6","9.9","""""","9.9"
"13","6","9.9","""""","9.9"
"14","6","9.9","""""","9.9"
"15","6","9.9","""""","9.9"
"16","6","9.9","""""","9.9"
"-16","5","9.9","""""","9.9"
"-15","5","9.9","""""","9.9"
"-14","5","9.9","""""","9.9"
"-13","5","9.9","""""","9.9"
"-12","5","9.9","""""","9.9"
"-11","5","9.9","""""","9.9"
"-10","5","9.9","""""","9.9"
"-9","5","9.9","""""","9.9"
"-8","5","9.9","""""","9.9"
"-7","5","9.9","""""","9.9"
"-6","5","9.9","""""","9.9"
"-5","5","9.9","""""","9.9"
"-4","5","9.9","""""","9.9"
"-3","5","9.9","""""","9.9"
"-2","5","9.9","""""","9.9"
"-1","5","9.9","""""","9.9"
"0","5","9.9","""""","9.9"
"1","5","9.9","""""","9.9"
"2","5","9.9","""""","9.9"
"3","5","9.9","""""","9.9"
"4","5","9.9","""""","9.9"
"5","5","9.9","""""","9.9"
"6","5","9.9","""""","9.9"
"7","5","9.9","""""","9.9"
"8","5","9.9","""""","9.9"
"9","5","9.9","""""","9.9"
"10","5","9.9","""""","9.9"
"11","5","9.9","""""","9.9"
"12","5","9.9","""""","9.9"
"13","5","9.9","""""","9.9"
"14","5","9.9","""""","9.9"
"15","5","9.9","""""","9.9"
"16","5","9.9","""""","9.9"
"-16","4","9.9","""""","9.9"
"-15","4","9.9","""""","9.9"
"-14","4","9.9","""""","9.9"
"-13","4","9.9","""""","9.9"
"-12","4","9.9","""""","9.9"
"-11","4","9.9","""""","9.9"
"-10","4","9.9","""""","9.9"
"-9","4","9.9","""""","9.9"
"-8","4","9.9","""""","9.9"
"-7","4","9.9","""""","9.9"
"-6","4","9.9","""""","9.9"
"-5","4","9.9","""""","9.9"
"-4","4","9.9","""""","9.9"
"-3","4","9.9","""""","9.9"
"-2","4","9.9","""""","9.9"
"-1","4","9.9","""""","9.9"
"0","4","9.9","""""","9.9"
"1","4","9.9","""""","9.9"
"2","4","9.9","""""","9.9"
"3","4","9.9","""""","9.9"
"4","4","9.9","""""","9.9"
"5","4","9.9","""""","9.9"
"6","4","9.9","""""","9.9"
"7","4","9.9","""""","9.9"
"8","4","9.9","""""","9.9"
"9","4","9.9","""""","9.9"
"10","4","9.9","""""","9.9"
"11","4","9.9","""""","9.9"
"12","4","9.9","""""","9.9"
"13","4","9.9","""""","9.9"
"14","4","9.9","""""","9.9"
"15","4","9.9","""""","9.9"
"16","4","9.9","""""","9.9"
"-16","3","9.9","""""","9.9"
"-15","3","9.9","""""","9.9"
"-14","3","9.9","""""","9.9"
"-13","3","9.9","""""","9.9"
"-12","3","9.9","""""","9.9"
"-11","3","9.9","""""","9.9"
"-10","3","9.9","""""","9.9"
"-9","3","9.9","""""","9.9"
"-8","3","9.9","""""","9.9"
"-7","3","9.9","""""","9.9"
"-6","3","9.9","""""","9.9"
"-5","3","9.9","""""","9.9"
"-4","3","9.9","""""","9.9"
"-3","3","9.9","""""","9.9"
"-2","3","9.9","""""","9.9"
"-1","3","9.9","""""","9.9"
"0","3","9.9","""""","9.9"
"1","3","9.9","""""","9.9"
"2","3","9.9","""""","9.9"
"3","3","9.9","""""","9.9"
"4","3","9.9","""""","9.9"
"5","3","9.9","""""","9.9"
"6","3","9.9","""""","9.9"
"7","3","9.9","""""","9.9"
"8","3","9.9","""""","9.9"
"9","3","9.9","""""","9.9"
"10","3","9.9","""""","9.9"
"11","3","9.9","""""","9.9"
"12","3","9.9","""""","9.9"
"13","3","9.9","""""","9.9"
"14","3","9.9","""""","9.9"
"15","3","9.9","""""","9.9"
"16","3","9.9","""""","9.9"
"-16","2","9.9","""""","9.9"
"-15","2","9.9","""""","9.9"
"-14","2","9.9","""""","9.9"
"-13","2","9.9","""""","9.9"
"-12","2","9.9","""""","9.9"
"-11","2","9.9","""""","9.9"
"-10","2","9.9","""""","9.9"
"-9","2","9.9","""""","9.9"
"-8","2","9.9","""""","9.9"
"-7","2","9.9","""""","9.9"
"-6","2","9.9","""""","9.9"
"-5","2","9.9","""""","9.9"
"-4","2","9.9","""""","9.9"
"-3","2","9.9","""""","9.9"
"-2","2","9.9","""""","9.9"
"-1","2","9.9","""""","9.9"
"0","2","9.9","""""","9.9"
"1","2","9.9","""""","9.9"
"2","2","9.9","""""","9.9"
"3","2","9.9","""""","9.9"
"4","2","9.9","""""","9.9"
"5","2","9.9","""""","9.9"
"6","2","9.9","""""","9.9"
"7","2","9.9","""""","9.9"
"8","2","9.9","""""","9.9"
"9","2","9.9","""""","9.9"
"10","2","9.9","""""","9.9"
"11","2","9.9","""""","9.9"
"12","2","9.9","""""","9.9"
"13","2","9.9","""""","9.9"
"14","2","9.9","""""","9.9"
"15","2","9.9","""""","9.9"
"16","2","9.9","""""","9.9"
"-16","1","9.9","""""","9.9"
"-15","1","9.9","""""","9.9"
"-14","1","9.9","""""","9.9"
"-13","1","9.9","""""","9.9"
"-12","1","9.9","""""","9.9"
"-11","1","9.9","""""","9.9"
"-10","1","9.9","""""","9.9"
"-9","1","9.9","""""","9.9"
"-8","1","9.9","""""","9.9"
"-7","1","9.9","""""","9.9"
"-6","1","9.9","""""","9.9"
"-5","1","9.9","""""","9.9"
"-4","1","9.9","""""","9.9"
"-3","1","9.9","""""","9.9"
"-2","1","9.9","""""","9.9"
"-1","1","9.9","""""","9.9"
"0","1","9.9","""""","9.9"
"1","1","9.9","""""","9.9"
"2","1","9.9","""""","9.9"
"3","1","9.9","""""","9.9"
"4","1","9.9","""""","9.9"
"5","1","9.9","""""","9.9"
"6","1","9.9","""""","9.9"
"7","1","9.9","""""","9.9"
"8","1","9.9","""""","9.9"
"9","1","9.9","""""","9.9"
"10","1","9.9","""""","9.9"
"11","1","9.9","""""","9.9"
"12","1","9.9","""""","9.9"
"13","1","9.9","""""","9.9"
"14","1","9.9","""""","9.9"
"15","1","9.9","""""","9.9"
"16","1","9.9","""""","9.9"
"-16","0","9.9","""""","9.9"
"-15","0","9.9","""""","9.9"
"-14","0","9.9","""""","9.9"
"-13","0","9.9","""""","9.9"
"-12","0","9.9","""""","9.9"
"-11","0","9.9","""""","9.9"
"-10","0","9.9","""""","9.9"
"-9","0","9.9","""""","9.9"
"-8","0","9.9","""""","9.9"
"-7","0","9.9","""""","9.9"
"-6","0","9.9","""""","9.9"
"-5","0","9.9","""""","9.9"
"-4","0","9.9","""""","9.9"
"-3","0","9.9","""""","9.9"
"-2","0","9.9","""""","9.9"
"-1","0","9.9","""""","9.9"
"0","0","9.9","""""","9.9"
"1","0","9.9","""""","9.9"
"2","0","9.9","""""","9.9"
"3","0","9.9","""""","9.9"
"4","0","9.9","""""","9.9"
"5","0","9.9","""""","9.9"
"6","0","9.9","""""","9.9"
"7","0","9.9","""""","9.9"
"8","0","9.9","""""","9.9"
"9","0","9.9","""""","9.9"
"10","0","9.9","""""","9.9"
"11","0","9.9","""""","9.9"
"12","0","9.9","""""","9.9"
"13","0","9.9","""""","9.9"
"14","0","9.9","""""","9.9"
"15","0","9.9","""""","9.9"
"16","0","9.9","""""","9.9"
"-16","-1","9.9","""""","9.9"
"-15","-1","9.9","""""","9.9"
"-14","-1","9.9","""""","9.9"
"-13","-1","9.9","""""","9.9"
"-12","-1","9.9","""""","9.9"
"-11","-1","9.9","""""","9.9"
"-10","-1","9.9","""""","9.9"
"-9","-1","9.9","""""","9.9"
"-8","-1","9.9","""""","9.9"
"-7","-1","9.9","""""","9.9"
"-6","-1","9.9","""""","9.9"
"-5","-1","9.9","""""","9.9"
"-4","-1","9.9","""""","9.9"
"-3","-1","9.9","""""","9.9"
"-2","-1","9.9","""""","9.9"
"-1","-1","9.9","""""","9.9"
"0","-1","9.9","""""","9.9"
"1","-1","9.9","""""","9.9"
"2","-1","9.9","""""","9.9"
"3","-1","9.9","""""","9.9"
"4","-1","9.9","""""","9.9"
"5","-1","9.9","""""","9.9"
"6","-1","9.9","""""","9.9"
"7","-1","9.9","""""","9.9"
"8","-1","9.9","""""","9.9"
"9","-1","9.9","""""","9.9"
"10","-1","9.9","""""","9.9"
"11","-1","9.9","""""","9.9"
"12","-1","9.9","""""","9.9"
"13","-1","9.9","""""","9.9"
"14","-1","9.9","""""","9.9"
"15","-1","9.9","""""","9.9"
"16","-1","9.9","""""","9.9"
"-16","-2","9.9","""""","9.9"
"-15","-2","9.9","""""","9.9"
"-14","-2","9.9","""""","9.9"
"-13","-2","9.9","""""","9.9"
"-12","-2","9.9","""""","9.9"
"-11","-2","9.9","""""","9.9"
"-10","-2","9.9","""""","9.9"
"-9","-2","9.9","""""","9.9"
"-8","-2","9.9","""""","9.9"
"-7","-2","9.9","""""","9.9"
"-6","-2","9.9","""""","9.9"
"-5","-2","9.9","""""","9.9"
"-4","-2","9.9","""""","9.9"
"-3","-2","9.9","""""","9.9"
"-2","-2","9.9","""""","9.9"
"-1","-2","9.9","""""","9.9"
"0","-2","9.9","""""","9.9"
"1","-2","9.9","""""","9.9"
"2","-2","9.9","""""","9.9"
"3","-2","9.9","""""","9.9"
"4","-2","9.9","""""","9.9"
"5","-2","9.9","""""","9.9"
"6","-2","9.9","""""","9.9"
"7","-2","9.9","""""","9.9"
"8","-2","9.9","""""","9.9"
"9","-2","9.9","""""","9.9"
"10","-2","9.9","""""","9.9"
"11","-2","9.9","""""","9.9"
"12","-2","9.9","""""","9.9"
"13","-2","9.9","""""","9.9"
"14","-2","9.9","""""","9.9"
"15","-2","9.9","""""","9.9"
"16","-2","9.9","""""","9.9"
"-16","-3","9.9","""""","9.9"
"-15","-3","9.9","""""","9.9"
"-14","-3","9.9","""""","9.9"
"-13","-3","9.9","""""","9.9"
"-12","-3","9.9","""""","9.9"
"-11","-3","9.9","""""","9.9"
"-10","-3","9.9","""""","9.9"
"-9","-3","9.9","""""","9.9"
"-8","-3","9.9","""""","9.9"
"-7","-3","9.9","""""","9.9"
"-6","-3","9.9","""""","9.9"
"-5","-3","9.9","""""","9.9"
"-4","-3","9.9","""""","9.9"
"-3","-3","9.9","""""","9.9"
"-2","-3","9.9","""""","9.9"
"-1","-3","9.9","""""","9.9"
"0","-3","9.9","""""","9.9"
"1","-3","9.9","""""","9.9"
"2","-3","9.9","""""","9.9"
"3","-3","9.9","""""","9.9"
"4","-3","9.9","""""","9.9"
"5","-3","9.9","""""","9.9"
"6","-3","9.9","""""","9.9"
"7","-3","9.9","""""","9.9"
"8","-3","9.9","""""","9.9"
"9","-3","9.9","""""","9.9"
"10","-3","9.9","""""","9.9"
"11","-3","9.9","""""","9.9"
"12","-3","9.9","""""","9.9"
"13","-3","9.9","""""","9.9"
"14","-3","9.9","""""","9.9"
"15","-3","9.9","""""","9.9"
"16","-3","9.9","""""","9.9"
"-16","-4","9.9","""""","9.9"
"-15","-4","9.9","""""","9.9"
"-14","-4","9.9","""""","9.9"
"-13","-4","9.9","""""","9.9"
"-12","-4","9.9","""""","9.9"
"-11","-4","9.9","""""","9.9"
"-10","-4","9.9","""""","9.9"
"-9","-4","9.9","""""","9.9"
"-8","-4","9.9","""""","9.9"
"-7","-4","9.9","""""","9.9"
"-6","-4","9.9","""""","9.9"
"-5","-4","9.9","""""","9.9"
"-4","-4","9.9","""""","9.9"
"-3","-4","9.9","""""","9.9"
"-2","-4","9.9","""""","9.9"
"-1","-4","9.9","""""","9.9"
"0","-4","9.9","""""","9.9"
"1","-4","9.9","""""","9.9"
"2","-4","9.9","""""","9.9"
"3","-4","9.9","""""","9.9"
"4","-4","9.9","""""","9.9"
"5","-4","9.9","""""","9.9"
"6","-4","9.9","""""","9.9"
"7","-4","9.9","""""","9.9"
"8","-4","9.9","""""","9.9"
"9","-4","9.9","""""","9.9"
"10","-4","9.9","""""","9.9"
"11","-4","9.9","""""","9.9"
"12","-4","9.9","""""","9.9"
"13","-4","9.9","""""","9.9"
"14","-4","9.9","""""","9.9"
"15","-4","9.9","""""","9.9"
"16","-4","9.9","""""","9.9"
"-16","-5","9.9","""""","9.9"
"-15","-5","9.9","""""","9.9"
"-14","-5","9.9","""""","9.9"
"-13","-5","9.9","""""","9.9"
"-12","-5","9.9","""""","9.9"
"-11","-5","9.9","""""","9.9"
"-10","-5","9.9","""""","9.9"
"-9","-5","9.9","""""","9.9"
"-8","-5","9.9","""""","9.9"
"-7","-5","9.9","""""","9.9"
"-6","-5","9.9","""""","9.9"
"-5","-5","9.9","""""","9.9"
"-4","-5","9.9","""""","9.9"
"-3","-5","9.9","""""","9.9"
"-2","-5","9.9","""""","9.9"
"-1","-5","9.9","""""","9.9"
"0","-5","9.9","""""","9.9"
"1","-5","9.9","""""","9.9"
"2","-5","9.9","""""","9.9"
"3","-5","9.9","""""","9.9"
"4","-5","9.9","""""","9.9"
"5","-5","9.9","""""","9.9"
"6","-5","9.9","""""","9.9"
"7","-5","9.9","""""","9.9"
"8","-5","9.9","""""","9.9"
"9","-5","9.9","""""","9.9"
"10","-5","9.9","""""","9.9"
"11","-5","9.9","""""","9.9"
"12","-5","9.9","""""","9.9"
"13","-5","9.9","""""","9.9"
"14","-5","9.9","""""","9.9"
"15","-5","9.9","""""","9.9"
"16","-5","9.9","""""","9.9"
"-16","-6","9.9","""""","9.9"
"-15","-6","9.9","""""","9.9"
"-14","-6","9.9","""""","9.9"
"-13","-6","9.9","""""","9.9"
"-12","-6","9.9","""""","9.9"
"-11","-6","9.9","""""","9.9"
"-10","-6","9.9","""""","9.9"
"-9","-6","9.9","""""","9.9"
"-8","-6","9.9","""""","9.9"
"-7","-6","9.9","""""","9.9"
"-6","-6","9.9","""""","9.9"
"-5","-6","9.9","""""","9.9"
"-4","-6","9.9","""""","9.9"
"-3","-6","9.9","""""","9.9"
"-2","-6","9.9","""""","9.9"
"-1","-6","9.9","""""","9.9"
"0","-6","9.9","""""","9.9"
"1","-6","9.9","""""","9.9"
"2","-6","9.9","""""","9.9"
"3","-6","9.9","""""","9.9"
"4","-6","9.9","""""","9.9"
"5","-6","9.9","""""","9.9"
"6","-6","9.9","""""","9.9"
"7","-6","9.9","""""","9.9"
"8","-6","9.9","""""","9.9"
"9","-6","9.9","""""","9.9"
"10","-6","9.9","""""","9.9"
"11","-6","9.9","""""","9.9"
"12","-6","9.9","""""","9.9"
"13","-6","9.9","""""","9.9"
"14","-6","9.9","""""","9.9"
"15","-6","9.9","""""","9.9"
"16","-6","9.9","""""","9.9"
"-16","-7","9.9","""""","9.9"
"-15","-7","9.9","""""","9.9"
"-14","-7","9.9","""""","9.9"
"-13","-7","9.9","""""","9.9"
"-12","-7","9.9","""""","9.9"
"-11","-7","9.9","""""","9.9"
"-10","-7","9.9","""""","9.9"
"-9","-7","9.9","""""","9.9"
"-8","-7","9.9","""""","9.9"
"-7","-7","9.9","""""","9.9"
"-6","-7","9.9","""""","9.9"
"-5","-7","9.9","""""","9.9"
"-4","-7","9.9","""""","9.9"
"-3","-7","9.9","""""","9.9"
"-2","-7","9.9","""""","9.9"
"-1","-7","9.9","""""","9.9"
"0","-7","9.9","""""","9.9"
"1","-7","9.9","""""","9.9"
"2","-7","9.9","""""","9.9"
"3","-7","9.9","""""","9.9"
"4","-7","9.9","""""","9.9"
"5","-7","9.9","""""","9.9"
"6","-7","9.9","""""","9.9"
"7","-7","9.9","""""","9.9"
"8","-7","9.9","""""","9.9"
"9","-7","9.9","""""","9.9"
"10","-7","9.9","""""","9.9"
"11","-7","9.9","""""","9.9"
"12","-7","9.9","""""","9.9"
"13","-7","9.9","""""","9.9"
"14","-7","9.9","""""","9.9"
"15","-7","9.9","""""","9.9"
"16","-7","9.9","""""","9.9"
"-16","-8","9.9","""""","9.9"
"-15","-8","9.9","""""","9.9"
"-14","-8","9.9","""""","9.9"
"-13","-8","9.9","""""","9.9"
"-12","-8","9.9","""""","9.9"
"-11","-8","9.9","""""","9.9"
"-10","-8","9.9","""""","9.9"
"-9","-8","9.9","""""","9.9"
"-8","-8","9.9","""""","9.9"
"-7","-8","9.9","""""","9.9"
"-6","-8","9.9","""""","9.9"
"-5","-8","9.9","""""","9.9"
"-4","-8","9.9","""""","9.9"
"-3","-8","9.9","""""","9.9"
"-2","-8","9.9","""""","9.9"
"-1","-8","9.9","""""","9.9"
"0","-8","9.9","""""","9.9"
"1","-8","9.9","""""","9.9"
"2","-8","9.9","""""","9.9"
"3","-8","9.9","""""","9.9"
"4","-8","9.9","""""","9.9"
"5","-8","9.9","""""","9.9"
"6","-8","9.9","""""","9.9"
"7","-8","9.9","""""","9.9"
"8","-8","9.9","""""","9.9"
"9","-8","9.9","""""","9.9"
"10","-8","9.9","""""","9.9"
"11","-8","9.9","""""","9.9"
"12","-8","9.9","""""","9.9"
"13","-8","9.9","""""","9.9"
"14","-8","9.9","""""","9.9"
"15","-8","9.9","""""","9.9"
"16","-8","9.9","""""","9.9"
"-16","-9","9.9","""""","9.9"
"-15","-9","9.9","""""","9.9"
"-14","-9","9.9","""""","9.9"
"-13","-9","9.9","""""","9.9"
"-12","-9","9.9","""""","9.9"
"-11","-9","9.9","""""","9.9"
"-10","-9","9.9","""""","9.9"
"-9","-9","9.9","""""","9.9"
"-8","-9","9.9","""""","9.9"
"-7","-9","9.9","""""","9.9"
"-6","-9","9.9","""""","9.9"
"-5","-9","9.9","""""","9.9"
"-4","-9","9.9","""""","9.9"
"-3","-9","9.9","""""","9.9"
"-2","-9","9.9","""""","9.9"
"-1","-9","9.9","""""","9.9"
"0","-9","9.9","""""","9.9"
"1","-9","9.9","""""","9.9"
"2","-9","9.9","""""","9.9"
"3","-9","9.9","""""","9.9"
"4","-9","9.9","""""","9.9"
"5","-9","9.9","""""","9.9"
"6","-9","9.9","""""","9.9"
"7","-9","9.9","""""","9.9"
"8","-9","9.9","""""","9.9"
"9","-9","9.9","""""","9.9"
"10","-9","9.9","""""","9.9"
"11","-9","9.9","""""","9.9"
"12","-9","9.9","""""","9.9"
"13","-9","9.9","""""","9.9"
"14","-9","9.9","""""","9.9"
"15","-9","9.9","""""","9.9"
"16","-9","9.9","""""","9.9"
"-16","-10","9.9","""""","9.9"
"-15","-10","9.9","""""","9.9"
"-14","-10","9.9","""""","9.9"
"-13","-10","9.9","""""","9.9"
"-12","-10","9.9","""""","9.9"
"-11","-10","9.9","""""","9.9"
"-10","-10","9.9","""""","9.9"
"-9","-10","9.9","""""","9.9"
"-8","-10","9.9","""""","9.9"
"-7","-10","9.9","""""","9.9"
"-6","-10","9.9","""""","9.9"
"-5","-10","9.9","""""","9.9"
"-4","-10","9.9","""""","9.9"
"-3","-10","9.9","""""","9.9"
"-2","-10","9.9","""""","9.9"
"-1","-10","9.9","""""","9.9"
"0","-10","9.9","""""","9.9"
"1","-10","9.9","""""","9.9"
"2","-10","9.9","""""","9.9"
"3","-10","9.9","""""","9.9"
"4","-10","9.9","""""","9.9"
"5","-10","9.9","""""","9.9"
"6","-10","9.9","""""","9.9"
"7","-10","9.9","""""","9.9"
"8","-10","9.9","""""","9.9"
"9","-10","9.9","""""","9.9"
"10","-10","9.9","""""","9.9"
"11","-10","9.9","""""","9.9"
"12","-10","9.9","""""","9.9"
"13","-10","9.9","""""","9.9"
"14","-10","9.9","""""","9.9"
"15","-10","9.9","""""","9.9"
"16","-10","9.9","""""","9.9"
"-16","-11","9.9","""""","9.9"
"-15","-11","9.9","""""","9.9"
"-14","-11","9.9","""""","9.9"
"-13","-11","9.9","""""","9.9"
"-12","-11","9.9","""""","9.9"
"-11","-11","9.9","""""","9.9"
"-10","-11","9.9","""""","9.9"
"-9","-11","9.9","""""","9.9"
"-8","-11","9.9","""""","9.9"
"-7","-11","9.9","""""","9.9"
"-6","-11","9.9","""""","9.9"
"-5","-11","9.9","""""","9.9"
"-4","-11","9.9","""""","9.9"
"-3","-11","9.9","""""","9.9"
"-2","-11","9.9","""""","9.9"
"-1","-11","9.9","""""","9.9"
"0","-11","9.9","""""","9.9"
"1","-11","9.9","""""","9.9"
"2","-11","9.9","""""","9.9"
"3","-11","9.9","""""","9.9"
"4","-11","9.9","""""","9.9"
"5","-11","9.9","""""","9.9"
"6","-11","9.9","""""","9.9"
"7","-11","9.9","""""","9.9"
"8","-11","9.9","""""","9.9"
"9","-11","9.9","""""","9.9"
"10","-11","9.9","""""","9.9"
"11","-11","9.9","""""","9.9"
"12","-11","9.9","""""","9.9"
"13","-11","9.9","""""","9.9"
"14","-11","9.9","""""","9.9"
"15","-11","9.9","""""","9.9"
"16","-11","9.9","""""","9.9"
"-16","-12","9.9","""""","9.9"
"-15","-12","9.9","""""","9.9"
"-14","-12","9.9","""""","9.9"
"-13","-12","9.9","""""","9.9"
"-12","-12","9.9","""""","9.9"
"-11","-12","9.9","""""","9.9"
"-10","-12","9.9","""""","9.9"
"-9","-12","9.9","""""","9.9"
"-8","-12","9.9","""""","9.9"
"-7","-12","9.9","""""","9.9"
"-6","-12","9.9","""""","9.9"
"-5","-12","9.9","""""","9.9"
"-4","-12","9.9","""""","9.9"
"-3","-12","9.9","""""","9.9"
"-2","-12","9.9","""""","9.9"
"-1","-12","9.9","""""","9.9"
"0","-12","9.9","""""","9.9"
"1","-12","9.9","""""","9.9"
"2","-12","9.9","""""","9.9"
"3","-12","9.9","""""","9.9"
"4","-12","9.9","""""","9.9"
"5","-12","9.9","""""","9.9"
"6","-12","9.9","""""","9.9"
"7","-12","9.9","""""","9.9"
"8","-12","9.9","""""","9.9"
"9","-12","9.9","""""","9.9"
"10","-12","9.9","""""","9.9"
"11","-12","9.9","""""","9.9"
"12","-12","9.9","""""","9.9"
"13","-12","9.9","""""","9.9"
"14","-12","9.9","""""","9.9"
"15","-12","9.9","""""","9.9"
"16","-12","9.9","""""","9.9"
"-16","-13","9.9","""""","9.9"
"-15","-13","9.9","""""","9.9"
"-14","-13","9.9","""""","9.9"
"-13","-13","9.9","""""","9.9"
"-12","-13","9.9","""""","9.9"
"-11","-13","9.9","""""","9.9"
"-10","-13","9.9","""""","9.9"
"-9","-13","9.9","""""","9.9"
"-8","-13","9.9","""""","9.9"
"-7","-13","9.9","""""","9.9"
"-6","-13","9.9","""""","9.9"
"-5","-13","9.9","""""","9.9"
"-4","-13","9.9","""""","9.9"
"-3","-13","9.9","""""","9.9"
"-2","-13","9.9","""""","9.9"
"-1","-13","9.9","""""","9.9"
"0","-13","9.9","""""","9.9"
"1","-13","9.9","""""","9.9"
"2","-13","9.9","""""","9.9"
"3","-13","9.9","""""","9.9"
"4","-13","9.9","""""","9.9"
"5","-13","9.9","""""","9.9"
"6","-13","9.9","""""","9.9"
"7","-13","9.9","""""","9.9"
"8","-13","9.9","""""","9.9"
"9","-13","9.9","""""","9.9"
"10","-13","9.9","""""","9.9"
"11","-13","9.9","""""","9.9"
"12","-13","9.9","""""","9.9"
"13","-13","9.9","""""","9.9"
"14","-13","9.9","""""","9.9"
"15","-13","9.9","""""","9.9"
"16","-13","9.9","""""","9.9"
"-16","-14","9.9","""""","9.9"
"-15","-14","9.9","""""","9.9"
"-14","-14","9.9","""""","9.9"
"-13","-14","9.9","""""","9.9"
"-12","-14","9.9","""""","9.9"
"-11","-14","9.9","""""","9.9"
"-10","-14","9.9","""""","9.9"
"-9","-14","9.9","""""","9.9"
"-8","-14","9.9","""""","9.9"
"-7","-14","9.9","""""","9.9"
"-6","-14","9.9","""""","9.9"
"-5","-14","9.9","""""","9.9"
"-4","-14","9.9","""""","9.9"
"-3","-14","9.9","""""","9.9"
"-2","-14","9.9","""""","9.9"
"-1","-14","9.9","""""","9.9"
"0","-14","9.9","""""","9.9"
"1","-14","9.9","""""","9.9"
"2","-14","9.9","""""","9.9"
"3","-14","9.9","""""","9.9"
"4","-14","9.9","""""","9.9"
"5","-14","9.9","""""","9.9"
"6","-14","9.9","""""","9.9"
"7","-14","9.9","""""","9.9"
"8","-14","9.9","""""","9.9"
"9","-14","9.9","""""","9.9"
"10","-14","9.9","""""","9.9"
"11","-14","9.9","""""","9.9"
"12","-14","9.9","""""","9.9"
"13","-14","9.9","""""","9.9"
"14","-14","9.9","""""","9.9"
"15","-14","9.9","""""","9.9"
"16","-14","9.9","""""","9.9"
"-16","-15","9.9","""""","9.9"
"-15","-15","9.9","""""","9.9"
"-14","-15","9.9","""""","9.9"
"-13","-15","9.9","""""","9.9"
"-12","-15","9.9","""""","9.9"
"-11","-15","9.9","""""","9.9"
"-10","-15","9.9","""""","9.9"
"-9","-15","9.9","""""","9.9"
"-8","-15","9.9","""""","9.9"
"-7","-15","9.9","""""","9.9"
"-6","-15","9.9","""""","9.9"
"-5","-15","9.9","""""","9.9"
"-4","-15","9.9","""""","9.9"
"-3","-15","9.9","""""","9.9"
"-2","-15","9.9","""""","9.9"
"-1","-15","9.9","""""","9.9"
"0","-15","9.9","""""","9.9"
"1","-15","9.9","""""","9.9"
"2","-15","9.9","""""","9.9"
"3","-15","9.9","""""","9.9"
"4","-15","9.9","""""","9.9"
"5","-15","9.9","""""","9.9"
"6","-15","9.9","""""","9.9"
"7","-15","9.9","""""","9.9"
"8","-15","9.9","""""","9.9"
"9","-15","9.9","""""","9.9"
"10","-15","9.9","""""","9.9"
"11","-15","9.9","""""","9.9"
"12","-15","9.9","""""","9.9"
"13","-15","9.9","""""","9.9"
"14","-15","9.9","""""","9.9"
"15","-15","9.9","""""","9.9"
"16","-15","9.9","""""","9.9"
"-16","-16","9.9","""""","9.9"
"-15","-16","9.9","""""","9.9"
"-14","-16","9.9","""""","9.9"
"-13","-16","9.9","""""","9.9"
"-12","-16","9.9","""""","9.9"
"-11","-16","9.9","""""","9.9"
"-10","-16","9.9","""""","9.9"
"-9","-16","9.9","""""","9.9"
"-8","-16","9.9","""""","9.9"
"-7","-16","9.9","""""","9.9"
"-6","-16","9.9","""""","9.9"
"-5","-16","9.9","""""","9.9"
"-4","-16","9.9","""""","9.9"
"-3","-16","9.9","""""","9.9"
"-2","-16","9.9","""""","9.9"
"-1","-16","9.9","""""","9.9"
"0","-16","9.9","""""","9.9"
"1","-16","9.9","""""","9.9"
"2","-16","9.9","""""","9.9"
"3","-16","9.9","""""","9.9"
"4","-16","9.9","""""","9.9"
"5","-16","9.9","""""","9.9"
"6","-16","9.9","""""","9.9"
"7","-16","9.9","""""","9.9"
"8","-16","9.9","""""","9.9"
"9","-16","9.9","""""","9.9"
"10","-16","9.9","""""","9.9"
"11","-16","9.9","""""","9.9"
"12","-16","9.9","""""","9.9"
"13","-16","9.9","""""","9.9"
"14","-16","9.9","""""","9.9"
"15","-16","9.9","""""","9.9"
"16","-16","9.9","""""","9.9"

"LINKS"
"end1","end2","color","label","label-color","hidden?","breed","thickness","shape","tie-mode","weight"
"{citizen 0}","{citizen 1}","[170 0 85 100]","""""","9.9","false","{breed social-friends}","0","""default""","""none""","0"
"{citizen 0}","{citizen 2}","[141 141 141 100]","""""","9.9","false","{breed social-friends}","0","""default""","""none""","0"
"{citizen 0}","{citizen 3}","[141 141 141 100]","""""","9.9","false","{breed social-friends}","0","""default""","""none""","0"
"{citizen 0}","{citizen 4}","[141 141 141 100]","""""","9.9","false","{breed social-friends}","0","""default""","""none""","0"
"{citizen 0}","{citizen 5}","[170 0 85 100]","""""","9.9","false","{breed social-friends}","0","""default""","""none""","0"
"{citizen 0}","{citizen 6}","[170 0 85 100]","""""","9.9","false","{breed social-friends}","0","""default""","""none""","0"
"{citizen 0}","{citizen 7}","[170 0 85 100]","""""","9.9","false","{breed social-friends}","0","""default""","""none""","0"
"{citizen 0}","{citizen 8}","[141 141 141 100]","""""","9.9","false","{breed social-friends}","0","""default""","""none""","0"
"{citizen 0}","{citizen 9}","[141 141 141 100]","""""","9.9","false","{breed social-friends}","0","""default""","""none""","0"
"{citizen 0}","{citizen 10}","[170 0 85 100]","""""","9.9","false","{breed social-friends}","0","""default""","""none""","0"
"{citizen 0}","{citizen 11}","[141 141 141 100]","""""","9.9","false","{breed social-friends}","0","""default""","""none""","0"
"{citizen 0}","{citizen 12}","[141 141 141 100]","""""","9.9","false","{breed social-friends}","0","""default""","""none""","0"
"{citizen 0}","{citizen 13}","[141 141 141 100]","""""","9.9","false","{breed social-friends}","0","""default""","""none""","0"
"{citizen 0}","{citizen 14}","[170 0 85 100]","""""","9.9","false","{breed social-friends}","0","""default""","""none""","0"
"{citizen 0}","{citizen 15}","[141 141 141 100]","""""","9.9","false","{breed social-friends}","0","""default""","""none""","0"
"{citizen 0}","{citizen 16}","[170 0 85 100]","""""","9.9","false","{breed social-friends}","0","""default""","""none""","0"
"{citizen 0}","{citizen 17}","[170 0 85 100]","""""","9.9","false","{breed social-friends}","0","""default""","""none""","0"
"{citizen 0}","{citizen 18}","[170 0 85 100]","""""","9.9","false","{breed social-friends}","0","""default""","""none""","0"
"{citizen 0}","{citizen 19}","[170 0 85 100]","""""","9.9","false","{breed social-friends}","0","""default""","""none""","0"
"{citizen 0}","{citizen 20}","[141 141 141 100]","""""","9.9","false","{breed social-friends}","0","""default""","""none""","0"
"{citizen 0}","{citizen 21}","[141 141 141 100]","""""","9.9","false","{breed social-friends}","0","""default""","""none""","0"
"{citizen 0}","{citizen 22}","[170 0 85 100]","""""","9.9","false","{breed social-friends}","0","""default""","""none""","0"
"{citizen 0}","{citizen 23}","[170 0 85 100]","""""","9.9","false","{breed social-friends}","0","""default""","""none""","0"
"{citizen 0}","{citizen 24}","[170 0 85 100]","""""","9.9","false","{breed social-friends}","0","""default""","""none""","0"
"{citizen 0}","{citizen 25}","[170 0 85 100]","""""","9.9","false","{breed social-friends}","0","""default""","""none""","0"
"{citizen 0}","{citizen 26}","[170 0 85 100]","""""","9.9","false","{breed social-friends}","0","""default""","""none""","0"
"{citizen 0}","{citizen 27}","[170 0 85 100]","""""","9.9","false","{breed social-friends}","0","""default""","""none""","0"
"{citizen 0}","{citizen 28}","[141 141 141 100]","""""","9.9","false","{breed social-friends}","0","""default""","""none""","0"
"{citizen 0}","{citizen 29}","[170 0 85 100]","""""","9.9","false","{breed social-friends}","0","""default""","""none""","0"
"{citizen 0}","{citizen 30}","[170 0 85 100]","""""","9.9","false","{breed social-friends}","0","""default""","""none""","0"
"{citizen 0}","{citizen 31}","[141 141 141 100]","""""","9.9","false","{breed social-friends}","0","""default""","""none""","0"
"{citizen 0}","{citizen 32}","[141 141 141 100]","""""","9.9","false","{breed social-friends}","0","""default""","""none""","0"
"{citizen 0}","{citizen 33}","[141 141 141 100]","""""","9.9","false","{breed social-friends}","0","""default""","""none""","0"
"{citizen 0}","{citizen 34}","[141 141 141 100]","""""","9.9","false","{breed social-friends}","0","""default""","""none""","0"
"{citizen 0}","{citizen 35}","[141 141 141 100]","""""","9.9","false","{breed social-friends}","0","""default""","""none""","0"
"{citizen 0}","{citizen 36}","[141 141 141 100]","""""","9.9","false","{breed social-friends}","0","""default""","""none""","0"
"{citizen 0}","{citizen 37}","[141 141 141 100]","""""","9.9","false","{breed social-friends}","0","""default""","""none""","0"
"{citizen 0}","{citizen 38}","[170 0 85 100]","""""","9.9","false","{breed social-friends}","0","""default""","""none""","0"
"{citizen 0}","{citizen 39}","[141 141 141 100]","""""","9.9","false","{breed social-friends}","0","""default""","""none""","0"
"{citizen 0}","{citizen 40}","[141 141 141 100]","""""","9.9","false","{breed social-friends}","0","""default""","""none""","0"
"{citizen 0}","{citizen 41}","[141 141 141 100]","""""","9.9","false","{breed social-friends}","0","""default""","""none""","0"
"{citizen 0}","{citizen 42}","[141 141 141 100]","""""","9.9","false","{breed social-friends}","0","""default""","""none""","0"
"{citizen 0}","{citizen 43}","[170 0 85 100]","""""","9.9","false","{breed social-friends}","0","""default""","""none""","0"
"{citizen 0}","{citizen 44}","[141 141 141 100]","""""","9.9","false","{breed social-friends}","0","""default""","""none""","0"
"{citizen 0}","{citizen 45}","[141 141 141 100]","""""","9.9","false","{breed social-friends}","0","""default""","""none""","0"
"{citizen 0}","{citizen 46}","[141 141 141 100]","""""","9.9","false","{breed social-friends}","0","""default""","""none""","0"
"{citizen 0}","{citizen 47}","[141 141 141 100]","""""","9.9","false","{breed social-friends}","0","""default""","""none""","0"
"{citizen 0}","{citizen 48}","[141 141 141 100]","""""","9.9","false","{breed social-friends}","0","""default""","""none""","0"
"{citizen 0}","{citizen 49}","[141 141 141 100]","""""","9.9","false","{breed social-friends}","0","""default""","""none""","0"
"{citizen 1}","{citizen 0}","[170 0 85 100]","""""","9.9","false","{breed social-friends}","0","""default""","""none""","0"
"{citizen 1}","{citizen 2}","[141 141 141 100]","""""","9.9","false","{breed social-friends}","0","""default""","""none""","0"
"{citizen 1}","{citizen 3}","[141 141 141 100]","""""","9.9","false","{breed social-friends}","0","""default""","""none""","0"
"{citizen 1}","{citizen 4}","[141 141 141 100]","""""","9.9","false","{breed social-friends}","0","""default""","""none""","0"
"{citizen 1}","{citizen 5}","[170 0 85 100]","""""","9.9","false","{breed social-friends}","0","""default""","""none""","0"
"{citizen 1}","{citizen 6}","[170 0 85 100]","""""","9.9","false","{breed social-friends}","0","""default""","""none""","0"
"{citizen 1}","{citizen 7}","[170 0 85 100]","""""","9.9","false","{breed social-friends}","0","""default""","""none""","0"
"{citizen 1}","{citizen 8}","[141 141 141 100]","""""","9.9","false","{breed social-friends}","0","""default""","""none""","0"
"{citizen 1}","{citizen 9}","[141 141 141 100]","""""","9.9","false","{breed social-friends}","0","""default""","""none""","0"
"{citizen 1}","{citizen 10}","[170 0 85 100]","""""","9.9","false","{breed social-friends}","0","""default""","""none""","0"
"{citizen 1}","{citizen 11}","[141 141 141 100]","""""","9.9","false","{breed social-friends}","0","""default""","""none""","0"
"{citizen 1}","{citizen 12}","[141 141 141 100]","""""","9.9","false","{breed social-friends}","0","""default""","""none""","0"
"{citizen 1}","{citizen 13}","[141 141 141 100]","""""","9.9","false","{breed social-friends}","0","""default""","""none""","0"
"{citizen 1}","{citizen 14}","[170 0 85 100]","""""","9.9","false","{breed social-friends}","0","""default""","""none""","0"
"{citizen 1}","{citizen 15}","[141 141 141 100]","""""","9.9","false","{breed social-friends}","0","""default""","""none""","0"
"{citizen 1}","{citizen 16}","[170 0 85 100]","""""","9.9","false","{breed social-friends}","0","""default""","""none""","0"
"{citizen 1}","{citizen 17}","[170 0 85 100]","""""","9.9","false","{breed social-friends}","0","""default""","""none""","0"
"{citizen 1}","{citizen 18}","[170 0 85 100]","""""","9.9","false","{breed social-friends}","0","""default""","""none""","0"
"{citizen 1}","{citizen 19}","[170 0 85 100]","""""","9.9","false","{breed social-friends}","0","""default""","""none""","0"
"{citizen 1}","{citizen 20}","[141 141 141 100]","""""","9.9","false","{breed social-friends}","0","""default""","""none""","0"
"{citizen 1}","{citizen 21}","[141 141 141 100]","""""","9.9","false","{breed social-friends}","0","""default""","""none""","0"
"{citizen 1}","{citizen 22}","[170 0 85 100]","""""","9.9","false","{breed social-friends}","0","""default""","""none""","0"
"{citizen 1}","{citizen 23}","[170 0 85 100]","""""","9.9","false","{breed social-friends}","0","""default""","""none""","0"
"{citizen 1}","{citizen 24}","[170 0 85 100]","""""","9.9","false","{breed social-friends}","0","""default""","""none""","0"
"{citizen 1}","{citizen 25}","[170 0 85 100]","""""","9.9","false","{breed social-friends}","0","""default""","""none""","0"
"{citizen 1}","{citizen 26}","[170 0 85 100]","""""","9.9","false","{breed social-friends}","0","""default""","""none""","0"
"{citizen 1}","{citizen 27}","[170 0 85 100]","""""","9.9","false","{breed social-friends}","0","""default""","""none""","0"
"{citizen 1}","{citizen 28}","[141 141 141 100]","""""","9.9","false","{breed social-friends}","0","""default""","""none""","0"
"{citizen 1}","{citizen 29}","[170 0 85 100]","""""","9.9","false","{breed social-friends}","0","""default""","""none""","0"
"{citizen 1}","{citizen 30}","[170 0 85 100]","""""","9.9","false","{breed social-friends}","0","""default""","""none""","0"
"{citizen 1}","{citizen 31}","[141 141 141 100]","""""","9.9","false","{breed social-friends}","0","""default""","""none""","0"
"{citizen 1}","{citizen 32}","[141 141 141 100]","""""","9.9","false","{breed social-friends}","0","""default""","""none""","0"
"{citizen 1}","{citizen 33}","[141 141 141 100]","""""","9.9","false","{breed social-friends}","0","""default""","""none""","0"
"{citizen 1}","{citizen 34}","[141 141 141 100]","""""","9.9","false","{breed social-friends}","0","""default""","""none""","0"
"{citizen 1}","{citizen 35}","[141 141 141 100]","""""","9.9","false","{breed social-friends}","0","""default""","""none""","0"
"{citizen 1}","{citizen 36}","[141 141 141 100]","""""","9.9","false","{breed social-friends}","0","""default""","""none""","0"
"{citizen 1}","{citizen 37}","[141 141 141 100]","""""","9.9","false","{breed social-friends}","0","""default""","""none""","0"
"{citizen 1}","{citizen 38}","[170 0 85 100]","""""","9.9","false","{breed social-friends}","0","""default""","""none""","0"
"{citizen 1}","{citizen 39}","[141 141 141 100]","""""","9.9","false","{breed social-friends}","0","""default""","""none""","0"
"{citizen 1}","{citizen 40}","[141 141 141 100]","""""","9.9","false","{breed social-friends}","0","""default""","""none""","0"
"{citizen 1}","{citizen 41}","[141 141 141 100]","""""","9.9","false","{breed social-friends}","0","""default""","""none""","0"
"{citizen 1}","{citizen 42}","[141 141 141 100]","""""","9.9","false","{breed social-friends}","0","""default""","""none""","0"
"{citizen 1}","{citizen 43}","[170 0 85 100]","""""","9.9","false","{breed social-friends}","0","""default""","""none""","0"
"{citizen 1}","{citizen 44}","[141 141 141 100]","""""","9.9","false","{breed social-friends}","0","""default""","""none""","0"
"{citizen 1}","{citizen 45}","[141 141 141 100]","""""","9.9","false","{breed social-friends}","0","""default""","""none""","0"
"{citizen 1}","{citizen 46}","[141 141 141 100]","""""","9.9","false","{breed social-friends}","0","""default""","""none""","0"
"{citizen 1}","{citizen 47}","[141 141 141 100]","""""","9.9","false","{breed social-friends}","0","""default""","""none""","0"
"{citizen 1}","{citizen 48}","[141 141 141 100]","""""","9.9","false","{breed social-friends}","0","""default""","""none""","0"
"{citizen 1}","{citizen 49}","[141 141 141 100]","""""","9.9","false","{breed social-friends}","0","""default""","""none""","0"
"{citizen 2}","{citizen 0}","[141 141 141 100]","""""","9.9","false","{breed social-friends}","0","""default""","""none""","0"
"{citizen 2}","{citizen 1}","[141 141 141 100]","""""","9.9","false","{breed social-friends}","0","""default""","""none""","0"
"{citizen 2}","{citizen 3}","[85 0 170 100]","""""","9.9","false","{breed social-friends}","0","""default""","""none""","0"
"{citizen 2}","{citizen 4}","[85 0 170 100]","""""","9.9","false","{breed social-friends}","0","""default""","""none""","0"
"{citizen 2}","{citizen 5}","[141 141 141 100]","""""","9.9","false","{breed social-friends}","0","""default""","""none""","0"
"{citizen 2}","{citizen 6}","[141 141 141 100]","""""","9.9","false","{breed social-friends}","0","""default""","""none""","0"
"{citizen 2}","{citizen 7}","[141 141 141 100]","""""","9.9","false","{breed social-friends}","0","""default""","""none""","0"
"{citizen 2}","{citizen 8}","[85 0 170 100]","""""","9.9","false","{breed social-friends}","0","""default""","""none""","0"
"{citizen 2}","{citizen 9}","[85 0 170 100]","""""","9.9","false","{breed social-friends}","0","""default""","""none""","0"
"{citizen 2}","{citizen 10}","[141 141 141 100]","""""","9.9","false","{breed social-friends}","0","""default""","""none""","0"
"{citizen 2}","{citizen 11}","[85 0 170 100]","""""","9.9","false","{breed social-friends}","0","""default""","""none""","0"
"{citizen 2}","{citizen 12}","[85 0 170 100]","""""","9.9","false","{breed social-friends}","0","""default""","""none""","0"
"{citizen 2}","{citizen 13}","[85 0 170 100]","""""","9.9","false","{breed social-friends}","0","""default""","""none""","0"
"{citizen 2}","{citizen 14}","[141 141 141 100]","""""","9.9","false","{breed social-friends}","0","""default""","""none""","0"
"{citizen 2}","{citizen 15}","[85 0 170 100]","""""","9.9","false","{breed social-friends}","0","""default""","""none""","0"
"{citizen 2}","{citizen 16}","[141 141 141 100]","""""","9.9","false","{breed social-friends}","0","""default""","""none""","0"
"{citizen 2}","{citizen 17}","[141 141 141 100]","""""","9.9","false","{breed social-friends}","0","""default""","""none""","0"
"{citizen 2}","{citizen 18}","[141 141 141 100]","""""","9.9","false","{breed social-friends}","0","""default""","""none""","0"
"{citizen 2}","{citizen 19}","[141 141 141 100]","""""","9.9","false","{breed social-friends}","0","""default""","""none""","0"
"{citizen 2}","{citizen 20}","[85 0 170 100]","""""","9.9","false","{breed social-friends}","0","""default""","""none""","0"
"{citizen 2}","{citizen 21}","[85 0 170 100]","""""","9.9","false","{breed social-friends}","0","""default""","""none""","0"
"{citizen 2}","{citizen 22}","[141 141 141 100]","""""","9.9","false","{breed social-friends}","0","""default""","""none""","0"
"{citizen 2}","{citizen 23}","[141 141 141 100]","""""","9.9","false","{breed social-friends}","0","""default""","""none""","0"
"{citizen 2}","{citizen 24}","[141 141 141 100]","""""","9.9","false","{breed social-friends}","0","""default""","""none""","0"
"{citizen 2}","{citizen 25}","[141 141 141 100]","""""","9.9","false","{breed social-friends}","0","""default""","""none""","0"
"{citizen 2}","{citizen 26}","[141 141 141 100]","""""","9.9","false","{breed social-friends}","0","""default""","""none""","0"
"{citizen 2}","{citizen 27}","[141 141 141 100]","""""","9.9","false","{breed social-friends}","0","""default""","""none""","0"
"{citizen 2}","{citizen 28}","[85 0 170 100]","""""","9.9","false","{breed social-friends}","0","""default""","""none""","0"
"{citizen 2}","{citizen 29}","[141 141 141 100]","""""","9.9","false","{breed social-friends}","0","""default""","""none""","0"
"{citizen 2}","{citizen 30}","[141 141 141 100]","""""","9.9","false","{breed social-friends}","0","""default""","""none""","0"
"{citizen 2}","{citizen 31}","[85 0 170 100]","""""","9.9","false","{breed social-friends}","0","""default""","""none""","0"
"{citizen 2}","{citizen 32}","[85 0 170 100]","""""","9.9","false","{breed social-friends}","0","""default""","""none""","0"
"{citizen 2}","{citizen 33}","[85 0 170 100]","""""","9.9","false","{breed social-friends}","0","""default""","""none""","0"
"{citizen 2}","{citizen 34}","[85 0 170 100]","""""","9.9","false","{breed social-friends}","0","""default""","""none""","0"
"{citizen 2}","{citizen 35}","[85 0 170 100]","""""","9.9","false","{breed social-friends}","0","""default""","""none""","0"
"{citizen 2}","{citizen 36}","[85 0 170 100]","""""","9.9","false","{breed social-friends}","0","""default""","""none""","0"
"{citizen 2}","{citizen 37}","[85 0 170 100]","""""","9.9","false","{breed social-friends}","0","""default""","""none""","0"
"{citizen 2}","{citizen 38}","[141 141 141 100]","""""","9.9","false","{breed social-friends}","0","""default""","""none""","0"
"{citizen 2}","{citizen 39}","[85 0 170 100]","""""","9.9","false","{breed social-friends}","0","""default""","""none""","0"
"{citizen 2}","{citizen 40}","[85 0 170 100]","""""","9.9","false","{breed social-friends}","0","""default""","""none""","0"
"{citizen 2}","{citizen 41}","[85 0 170 100]","""""","9.9","false","{breed social-friends}","0","""default""","""none""","0"
"{citizen 2}","{citizen 42}","[85 0 170 100]","""""","9.9","false","{breed social-friends}","0","""default""","""none""","0"
"{citizen 2}","{citizen 43}","[141 141 141 100]","""""","9.9","false","{breed social-friends}","0","""default""","""none""","0"
"{citizen 2}","{citizen 44}","[85 0 170 100]","""""","9.9","false","{breed social-friends}","0","""default""","""none""","0"
"{citizen 2}","{citizen 45}","[85 0 170 100]","""""","9.9","false","{breed social-friends}","0","""default""","""none""","0"
"{citizen 2}","{citizen 46}","[85 0 170 100]","""""","9.9","false","{breed social-friends}","0","""default""","""none""","0"
"{citizen 2}","{citizen 47}","[85 0 170 100]","""""","9.9","false","{breed social-friends}","0","""default""","""none""","0"
"{citizen 2}","{citizen 48}","[85 0 170 100]","""""","9.9","false","{breed social-friends}","0","""default""","""none""","0"
"{citizen 2}","{citizen 49}","[85 0 170 100]","""""","9.9","false","{breed social-friends}","0","""default""","""none""","0"
"{citizen 3}","{citizen 0}","[141 141 141 100]","""""","9.9","false","{breed social-friends}","0","""default""","""none""","0"
"{citizen 3}","{citizen 1}","[141 141 141 100]","""""","9.9","false","{breed social-friends}","0","""default""","""none""","0"
"{citizen 3}","{citizen 2}","[85 0 170 100]","""""","9.9","false","{breed social-friends}","0","""default""","""none""","0"
"{citizen 3}","{citizen 4}","[85 0 170 100]","""""","9.9","false","{breed social-friends}","0","""default""","""none""","0"
"{citizen 3}","{citizen 5}","[141 141 141 100]","""""","9.9","false","{breed social-friends}","0","""default""","""none""","0"
"{citizen 3}","{citizen 6}","[141 141 141 100]","""""","9.9","false","{breed social-friends}","0","""default""","""none""","0"
"{citizen 3}","{citizen 7}","[141 141 141 100]","""""","9.9","false","{breed social-friends}","0","""default""","""none""","0"
"{citizen 3}","{citizen 8}","[85 0 170 100]","""""","9.9","false","{breed social-friends}","0","""default""","""none""","0"
"{citizen 3}","{citizen 9}","[85 0 170 100]","""""","9.9","false","{breed social-friends}","0","""default""","""none""","0"
"{citizen 3}","{citizen 10}","[141 141 141 100]","""""","9.9","false","{breed social-friends}","0","""default""","""none""","0"
"{citizen 3}","{citizen 11}","[85 0 170 100]","""""","9.9","false","{breed social-friends}","0","""default""","""none""","0"
"{citizen 3}","{citizen 12}","[85 0 170 100]","""""","9.9","false","{breed social-friends}","0","""default""","""none""","0"
"{citizen 3}","{citizen 13}","[85 0 170 100]","""""","9.9","false","{breed social-friends}","0","""default""","""none""","0"
"{citizen 3}","{citizen 14}","[141 141 141 100]","""""","9.9","false","{breed social-friends}","0","""default""","""none""","0"
"{citizen 3}","{citizen 15}","[85 0 170 100]","""""","9.9","false","{breed social-friends}","0","""default""","""none""","0"
"{citizen 3}","{citizen 16}","[141 141 141 100]","""""","9.9","false","{breed social-friends}","0","""default""","""none""","0"
"{citizen 3}","{citizen 17}","[141 141 141 100]","""""","9.9","false","{breed social-friends}","0","""default""","""none""","0"
"{citizen 3}","{citizen 18}","[141 141 141 100]","""""","9.9","false","{breed social-friends}","0","""default""","""none""","0"
"{citizen 3}","{citizen 19}","[141 141 141 100]","""""","9.9","false","{breed social-friends}","0","""default""","""none""","0"
"{citizen 3}","{citizen 20}","[85 0 170 100]","""""","9.9","false","{breed social-friends}","0","""default""","""none""","0"
"{citizen 3}","{citizen 21}","[85 0 170 100]","""""","9.9","false","{breed social-friends}","0","""default""","""none""","0"
"{citizen 3}","{citizen 22}","[141 141 141 100]","""""","9.9","false","{breed social-friends}","0","""default""","""none""","0"
"{citizen 3}","{citizen 23}","[141 141 141 100]","""""","9.9","false","{breed social-friends}","0","""default""","""none""","0"
"{citizen 3}","{citizen 24}","[141 141 141 100]","""""","9.9","false","{breed social-friends}","0","""default""","""none""","0"
"{citizen 3}","{citizen 25}","[141 141 141 100]","""""","9.9","false","{breed social-friends}","0","""default""","""none""","0"
"{citizen 3}","{citizen 26}","[141 141 141 100]","""""","9.9","false","{breed social-friends}","0","""default""","""none""","0"
"{citizen 3}","{citizen 27}","[141 141 141 100]","""""","9.9","false","{breed social-friends}","0","""default""","""none""","0"
"{citizen 3}","{citizen 28}","[85 0 170 100]","""""","9.9","false","{breed social-friends}","0","""default""","""none""","0"
"{citizen 3}","{citizen 29}","[141 141 141 100]","""""","9.9","false","{breed social-friends}","0","""default""","""none""","0"
"{citizen 3}","{citizen 30}","[141 141 141 100]","""""","9.9","false","{breed social-friends}","0","""default""","""none""","0"
"{citizen 3}","{citizen 31}","[85 0 170 100]","""""","9.9","false","{breed social-friends}","0","""default""","""none""","0"
"{citizen 3}","{citizen 32}","[85 0 170 100]","""""","9.9","false","{breed social-friends}","0","""default""","""none""","0"
"{citizen 3}","{citizen 33}","[85 0 170 100]","""""","9.9","false","{breed social-friends}","0","""default""","""none""","0"
"{citizen 3}","{citizen 34}","[85 0 170 100]","""""","9.9","false","{breed social-friends}","0","""default""","""none""","0"
"{citizen 3}","{citizen 35}","[85 0 170 100]","""""","9.9","false","{breed social-friends}","0","""default""","""none""","0"
"{citizen 3}","{citizen 36}","[85 0 170 100]","""""","9.9","false","{breed social-friends}","0","""default""","""none""","0"
"{citizen 3}","{citizen 37}","[85 0 170 100]","""""","9.9","false","{breed social-friends}","0","""default""","""none""","0"
"{citizen 3}","{citizen 38}","[141 141 141 100]","""""","9.9","false","{breed social-friends}","0","""default""","""none""","0"
"{citizen 3}","{citizen 39}","[85 0 170 100]","""""","9.9","false","{breed social-friends}","0","""default""","""none""","0"
"{citizen 3}","{citizen 40}","[85 0 170 100]","""""","9.9","false","{breed social-friends}","0","""default""","""none""","0"
"{citizen 3}","{citizen 41}","[85 0 170 100]","""""","9.9","false","{breed social-friends}","0","""default""","""none""","0"
"{citizen 3}","{citizen 42}","[85 0 170 100]","""""","9.9","false","{breed social-friends}","0","""default""","""none""","0"
"{citizen 3}","{citizen 43}","[141 141 141 100]","""""","9.9","false","{breed social-friends}","0","""default""","""none""","0"
"{citizen 3}","{citizen 44}","[85 0 170 100]","""""","9.9","false","{breed social-friends}","0","""default""","""none""","0"
"{citizen 3}","{citizen 45}","[85 0 170 100]","""""","9.9","false","{breed social-friends}","0","""default""","""none""","0"
"{citizen 3}","{citizen 46}","[85 0 170 100]","""""","9.9","false","{breed social-friends}","0","""default""","""none""","0"
"{citizen 3}","{citizen 47}","[85 0 170 100]","""""","9.9","false","{breed social-friends}","0","""default""","""none""","0"
"{citizen 3}","{citizen 48}","[85 0 170 100]","""""","9.9","false","{breed social-friends}","0","""default""","""none""","0"
"{citizen 3}","{citizen 49}","[85 0 170 100]","""""","9.9","false","{breed social-friends}","0","""default""","""none""","0"
"{citizen 4}","{citizen 0}","[141 141 141 100]","""""","9.9","false","{breed social-friends}","0","""default""","""none""","0"
"{citizen 4}","{citizen 1}","[141 141 141 100]","""""","9.9","false","{breed social-friends}","0","""default""","""none""","0"
"{citizen 4}","{citizen 2}","[85 0 170 100]","""""","9.9","false","{breed social-friends}","0","""default""","""none""","0"
"{citizen 4}","{citizen 3}","[85 0 170 100]","""""","9.9","false","{breed social-friends}","0","""default""","""none""","0"
"{citizen 4}","{citizen 5}","[141 141 141 100]","""""","9.9","false","{breed social-friends}","0","""default""","""none""","0"
"{citizen 4}","{citizen 6}","[141 141 141 100]","""""","9.9","false","{breed social-friends}","0","""default""","""none""","0"
"{citizen 4}","{citizen 7}","[141 141 141 100]","""""","9.9","false","{breed social-friends}","0","""default""","""none""","0"
"{citizen 4}","{citizen 8}","[85 0 170 100]","""""","9.9","false","{breed social-friends}","0","""default""","""none""","0"
"{citizen 4}","{citizen 9}","[85 0 170 100]","""""","9.9","false","{breed social-friends}","0","""default""","""none""","0"
"{citizen 4}","{citizen 10}","[141 141 141 100]","""""","9.9","false","{breed social-friends}","0","""default""","""none""","0"
"{citizen 4}","{citizen 11}","[85 0 170 100]","""""","9.9","false","{breed social-friends}","0","""default""","""none""","0"
"{citizen 4}","{citizen 12}","[85 0 170 100]","""""","9.9","false","{breed social-friends}","0","""default""","""none""","0"
"{citizen 4}","{citizen 13}","[85 0 170 100]","""""","9.9","false","{breed social-friends}","0","""default""","""none""","0"
"{citizen 4}","{citizen 14}","[141 141 141 100]","""""","9.9","false","{breed social-friends}","0","""default""","""none""","0"
"{citizen 4}","{citizen 15}","[85 0 170 100]","""""","9.9","false","{breed social-friends}","0","""default""","""none""","0"
"{citizen 4}","{citizen 16}","[141 141 141 100]","""""","9.9","false","{breed social-friends}","0","""default""","""none""","0"
"{citizen 4}","{citizen 17}","[141 141 141 100]","""""","9.9","false","{breed social-friends}","0","""default""","""none""","0"
"{citizen 4}","{citizen 18}","[141 141 141 100]","""""","9.9","false","{breed social-friends}","0","""default""","""none""","0"
"{citizen 4}","{citizen 19}","[141 141 141 100]","""""","9.9","false","{breed social-friends}","0","""default""","""none""","0"
"{citizen 4}","{citizen 20}","[85 0 170 100]","""""","9.9","false","{breed social-friends}","0","""default""","""none""","0"
"{citizen 4}","{citizen 21}","[85 0 170 100]","""""","9.9","false","{breed social-friends}","0","""default""","""none""","0"
"{citizen 4}","{citizen 22}","[141 141 141 100]","""""","9.9","false","{breed social-friends}","0","""default""","""none""","0"
"{citizen 4}","{citizen 23}","[141 141 141 100]","""""","9.9","false","{breed social-friends}","0","""default""","""none""","0"
"{citizen 4}","{citizen 24}","[141 141 141 100]","""""","9.9","false","{breed social-friends}","0","""default""","""none""","0"
"{citizen 4}","{citizen 25}","[141 141 141 100]","""""","9.9","false","{breed social-friends}","0","""default""","""none""","0"
"{citizen 4}","{citizen 26}","[141 141 141 100]","""""","9.9","false","{breed social-friends}","0","""default""","""none""","0"
"{citizen 4}","{citizen 27}","[141 141 141 100]","""""","9.9","false","{breed social-friends}","0","""default""","""none""","0"
"{citizen 4}","{citizen 28}","[85 0 170 100]","""""","9.9","false","{breed social-friends}","0","""default""","""none""","0"
"{citizen 4}","{citizen 29}","[141 141 141 100]","""""","9.9","false","{breed social-friends}","0","""default""","""none""","0"
"{citizen 4}","{citizen 30}","[141 141 141 100]","""""","9.9","false","{breed social-friends}","0","""default""","""none""","0"
"{citizen 4}","{citizen 31}","[85 0 170 100]","""""","9.9","false","{breed social-friends}","0","""default""","""none""","0"
"{citizen 4}","{citizen 32}","[85 0 170 100]","""""","9.9","false","{breed social-friends}","0","""default""","""none""","0"
"{citizen 4}","{citizen 33}","[85 0 170 100]","""""","9.9","false","{breed social-friends}","0","""default""","""none""","0"
"{citizen 4}","{citizen 34}","[85 0 170 100]","""""","9.9","false","{breed social-friends}","0","""default""","""none""","0"
"{citizen 4}","{citizen 35}","[85 0 170 100]","""""","9.9","false","{breed social-friends}","0","""default""","""none""","0"
"{citizen 4}","{citizen 36}","[85 0 170 100]","""""","9.9","false","{breed social-friends}","0","""default""","""none""","0"
"{citizen 4}","{citizen 37}","[85 0 170 100]","""""","9.9","false","{breed social-friends}","0","""default""","""none""","0"
"{citizen 4}","{citizen 38}","[141 141 141 100]","""""","9.9","false","{breed social-friends}","0","""default""","""none""","0"
"{citizen 4}","{citizen 39}","[85 0 170 100]","""""","9.9","false","{breed social-friends}","0","""default""","""none""","0"
"{citizen 4}","{citizen 40}","[85 0 170 100]","""""","9.9","false","{breed social-friends}","0","""default""","""none""","0"
"{citizen 4}","{citizen 41}","[85 0 170 100]","""""","9.9","false","{breed social-friends}","0","""default""","""none""","0"
"{citizen 4}","{citizen 42}","[85 0 170 100]","""""","9.9","false","{breed social-friends}","0","""default""","""none""","0"
"{citizen 4}","{citizen 43}","[141 141 141 100]","""""","9.9","false","{breed social-friends}","0","""default""","""none""","0"
"{citizen 4}","{citizen 44}","[85 0 170 100]","""""","9.9","false","{breed social-friends}","0","""default""","""none""","0"
"{citizen 4}","{citizen 45}","[85 0 170 100]","""""","9.9","false","{breed social-friends}","0","""default""","""none""","0"
"{citizen 4}","{citizen 46}","[85 0 170 100]","""""","9.9","false","{breed social-friends}","0","""default""","""none""","0"
"{citizen 4}","{citizen 47}","[85 0 170 100]","""""","9.9","false","{breed social-friends}","0","""default""","""none""","0"
"{citizen 4}","{citizen 48}","[85 0 170 100]","""""","9.9","false","{breed social-friends}","0","""default""","""none""","0"
"{citizen 4}","{citizen 49}","[85 0 170 100]","""""","9.9","false","{breed social-friends}","0","""default""","""none""","0"
"{citizen 5}","{citizen 0}","[170 0 85 100]","""""","9.9","false","{breed social-friends}","0","""default""","""none""","0"
"{citizen 5}","{citizen 1}","[170 0 85 100]","""""","9.9","false","{breed social-friends}","0","""default""","""none""","0"
"{citizen 5}","{citizen 2}","[141 141 141 100]","""""","9.9","false","{breed social-friends}","0","""default""","""none""","0"
"{citizen 5}","{citizen 3}","[141 141 141 100]","""""","9.9","false","{breed social-friends}","0","""default""","""none""","0"
"{citizen 5}","{citizen 4}","[141 141 141 100]","""""","9.9","false","{breed social-friends}","0","""default""","""none""","0"
"{citizen 5}","{citizen 6}","[170 0 85 100]","""""","9.9","false","{breed social-friends}","0","""default""","""none""","0"
"{citizen 5}","{citizen 7}","[170 0 85 100]","""""","9.9","false","{breed social-friends}","0","""default""","""none""","0"
"{citizen 5}","{citizen 8}","[141 141 141 100]","""""","9.9","false","{breed social-friends}","0","""default""","""none""","0"
"{citizen 5}","{citizen 9}","[141 141 141 100]","""""","9.9","false","{breed social-friends}","0","""default""","""none""","0"
"{citizen 5}","{citizen 10}","[170 0 85 100]","""""","9.9","false","{breed social-friends}","0","""default""","""none""","0"
"{citizen 5}","{citizen 11}","[141 141 141 100]","""""","9.9","false","{breed social-friends}","0","""default""","""none""","0"
"{citizen 5}","{citizen 12}","[141 141 141 100]","""""","9.9","false","{breed social-friends}","0","""default""","""none""","0"
"{citizen 5}","{citizen 13}","[141 141 141 100]","""""","9.9","false","{breed social-friends}","0","""default""","""none""","0"
"{citizen 5}","{citizen 14}","[170 0 85 100]","""""","9.9","false","{breed social-friends}","0","""default""","""none""","0"
"{citizen 5}","{citizen 15}","[141 141 141 100]","""""","9.9","false","{breed social-friends}","0","""default""","""none""","0"
"{citizen 5}","{citizen 16}","[170 0 85 100]","""""","9.9","false","{breed social-friends}","0","""default""","""none""","0"
"{citizen 5}","{citizen 17}","[170 0 85 100]","""""","9.9","false","{breed social-friends}","0","""default""","""none""","0"
"{citizen 5}","{citizen 18}","[170 0 85 100]","""""","9.9","false","{breed social-friends}","0","""default""","""none""","0"
"{citizen 5}","{citizen 19}","[170 0 85 100]","""""","9.9","false","{breed social-friends}","0","""default""","""none""","0"
"{citizen 5}","{citizen 20}","[141 141 141 100]","""""","9.9","false","{breed social-friends}","0","""default""","""none""","0"
"{citizen 5}","{citizen 21}","[141 141 141 100]","""""","9.9","false","{breed social-friends}","0","""default""","""none""","0"
"{citizen 5}","{citizen 22}","[170 0 85 100]","""""","9.9","false","{breed social-friends}","0","""default""","""none""","0"
"{citizen 5}","{citizen 23}","[170 0 85 100]","""""","9.9","false","{breed social-friends}","0","""default""","""none""","0"
"{citizen 5}","{citizen 24}","[170 0 85 100]","""""","9.9","false","{breed social-friends}","0","""default""","""none""","0"
"{citizen 5}","{citizen 25}","[170 0 85 100]","""""","9.9","false","{breed social-friends}","0","""default""","""none""","0"
"{citizen 5}","{citizen 26}","[170 0 85 100]","""""","9.9","false","{breed social-friends}","0","""default""","""none""","0"
"{citizen 5}","{citizen 27}","[170 0 85 100]","""""","9.9","false","{breed social-friends}","0","""default""","""none""","0"
"{citizen 5}","{citizen 28}","[141 141 141 100]","""""","9.9","false","{breed social-friends}","0","""default""","""none""","0"
"{citizen 5}","{citizen 29}","[170 0 85 100]","""""","9.9","false","{breed social-friends}","0","""default""","""none""","0"
"{citizen 5}","{citizen 30}","[170 0 85 100]","""""","9.9","false","{breed social-friends}","0","""default""","""none""","0"
"{citizen 5}","{citizen 31}","[141 141 141 100]","""""","9.9","false","{breed social-friends}","0","""default""","""none""","0"
"{citizen 5}","{citizen 32}","[141 141 141 100]","""""","9.9","false","{breed social-friends}","0","""default""","""none""","0"
"{citizen 5}","{citizen 33}","[141 141 141 100]","""""","9.9","false","{breed social-friends}","0","""default""","""none""","0"
"{citizen 5}","{citizen 34}","[141 141 141 100]","""""","9.9","false","{breed social-friends}","0","""default""","""none""","0"
"{citizen 5}","{citizen 35}","[141 141 141 100]","""""","9.9","false","{breed social-friends}","0","""default""","""none""","0"
"{citizen 5}","{citizen 36}","[141 141 141 100]","""""","9.9","false","{breed social-friends}","0","""default""","""none""","0"
"{citizen 5}","{citizen 37}","[141 141 141 100]","""""","9.9","false","{breed social-friends}","0","""default""","""none""","0"
"{citizen 5}","{citizen 38}","[170 0 85 100]","""""","9.9","false","{breed social-friends}","0","""default""","""none""","0"
"{citizen 5}","{citizen 39}","[141 141 141 100]","""""","9.9","false","{breed social-friends}","0","""default""","""none""","0"
"{citizen 5}","{citizen 40}","[141 141 141 100]","""""","9.9","false","{breed social-friends}","0","""default""","""none""","0"
"{citizen 5}","{citizen 41}","[141 141 141 100]","""""","9.9","false","{breed social-friends}","0","""default""","""none""","0"
"{citizen 5}","{citizen 42}","[141 141 141 100]","""""","9.9","false","{breed social-friends}","0","""default""","""none""","0"
"{citizen 5}","{citizen 43}","[170 0 85 100]","""""","9.9","false","{breed social-friends}","0","""default""","""none""","0"
"{citizen 5}","{citizen 44}","[141 141 141 100]","""""","9.9","false","{breed social-friends}","0","""default""","""none""","0"
"{citizen 5}","{citizen 45}","[141 141 141 100]","""""","9.9","false","{breed social-friends}","0","""default""","""none""","0"
"{citizen 5}","{citizen 46}","[141 141 141 100]","""""","9.9","false","{breed social-friends}","0","""default""","""none""","0"
"{citizen 5}","{citizen 47}","[141 141 141 100]","""""","9.9","false","{breed social-friends}","0","""default""","""none""","0"
"{citizen 5}","{citizen 48}","[141 141 141 100]","""""","9.9","false","{breed social-friends}","0","""default""","""none""","0"
"{citizen 5}","{citizen 49}","[141 141 141 100]","""""","9.9","false","{breed social-friends}","0","""default""","""none""","0"
"{citizen 6}","{citizen 0}","[170 0 85 100]","""""","9.9","false","{breed social-friends}","0","""default""","""none""","0"
"{citizen 6}","{citizen 1}","[170 0 85 100]","""""","9.9","false","{breed social-friends}","0","""default""","""none""","0"
"{citizen 6}","{citizen 2}","[141 141 141 100]","""""","9.9","false","{breed social-friends}","0","""default""","""none""","0"
"{citizen 6}","{citizen 3}","[141 141 141 100]","""""","9.9","false","{breed social-friends}","0","""default""","""none""","0"
"{citizen 6}","{citizen 4}","[141 141 141 100]","""""","9.9","false","{breed social-friends}","0","""default""","""none""","0"
"{citizen 6}","{citizen 5}","[170 0 85 100]","""""","9.9","false","{breed social-friends}","0","""default""","""none""","0"
"{citizen 6}","{citizen 7}","[170 0 85 100]","""""","9.9","false","{breed social-friends}","0","""default""","""none""","0"
"{citizen 6}","{citizen 8}","[141 141 141 100]","""""","9.9","false","{breed social-friends}","0","""default""","""none""","0"
"{citizen 6}","{citizen 9}","[141 141 141 100]","""""","9.9","false","{breed social-friends}","0","""default""","""none""","0"
"{citizen 6}","{citizen 10}","[170 0 85 100]","""""","9.9","false","{breed social-friends}","0","""default""","""none""","0"
"{citizen 6}","{citizen 11}","[141 141 141 100]","""""","9.9","false","{breed social-friends}","0","""default""","""none""","0"
"{citizen 6}","{citizen 12}","[141 141 141 100]","""""","9.9","false","{breed social-friends}","0","""default""","""none""","0"
"{citizen 6}","{citizen 13}","[141 141 141 100]","""""","9.9","false","{breed social-friends}","0","""default""","""none""","0"
"{citizen 6}","{citizen 14}","[170 0 85 100]","""""","9.9","false","{breed social-friends}","0","""default""","""none""","0"
"{citizen 6}","{citizen 15}","[141 141 141 100]","""""","9.9","false","{breed social-friends}","0","""default""","""none""","0"
"{citizen 6}","{citizen 16}","[170 0 85 100]","""""","9.9","false","{breed social-friends}","0","""default""","""none""","0"
"{citizen 6}","{citizen 17}","[170 0 85 100]","""""","9.9","false","{breed social-friends}","0","""default""","""none""","0"
"{citizen 6}","{citizen 18}","[170 0 85 100]","""""","9.9","false","{breed social-friends}","0","""default""","""none""","0"
"{citizen 6}","{citizen 19}","[170 0 85 100]","""""","9.9","false","{breed social-friends}","0","""default""","""none""","0"
"{citizen 6}","{citizen 20}","[141 141 141 100]","""""","9.9","false","{breed social-friends}","0","""default""","""none""","0"
"{citizen 6}","{citizen 21}","[141 141 141 100]","""""","9.9","false","{breed social-friends}","0","""default""","""none""","0"
"{citizen 6}","{citizen 22}","[170 0 85 100]","""""","9.9","false","{breed social-friends}","0","""default""","""none""","0"
"{citizen 6}","{citizen 23}","[170 0 85 100]","""""","9.9","false","{breed social-friends}","0","""default""","""none""","0"
"{citizen 6}","{citizen 24}","[170 0 85 100]","""""","9.9","false","{breed social-friends}","0","""default""","""none""","0"
"{citizen 6}","{citizen 25}","[170 0 85 100]","""""","9.9","false","{breed social-friends}","0","""default""","""none""","0"
"{citizen 6}","{citizen 26}","[170 0 85 100]","""""","9.9","false","{breed social-friends}","0","""default""","""none""","0"
"{citizen 6}","{citizen 27}","[170 0 85 100]","""""","9.9","false","{breed social-friends}","0","""default""","""none""","0"
"{citizen 6}","{citizen 28}","[141 141 141 100]","""""","9.9","false","{breed social-friends}","0","""default""","""none""","0"
"{citizen 6}","{citizen 29}","[170 0 85 100]","""""","9.9","false","{breed social-friends}","0","""default""","""none""","0"
"{citizen 6}","{citizen 30}","[170 0 85 100]","""""","9.9","false","{breed social-friends}","0","""default""","""none""","0"
"{citizen 6}","{citizen 31}","[141 141 141 100]","""""","9.9","false","{breed social-friends}","0","""default""","""none""","0"
"{citizen 6}","{citizen 32}","[141 141 141 100]","""""","9.9","false","{breed social-friends}","0","""default""","""none""","0"
"{citizen 6}","{citizen 33}","[141 141 141 100]","""""","9.9","false","{breed social-friends}","0","""default""","""none""","0"
"{citizen 6}","{citizen 34}","[141 141 141 100]","""""","9.9","false","{breed social-friends}","0","""default""","""none""","0"
"{citizen 6}","{citizen 35}","[141 141 141 100]","""""","9.9","false","{breed social-friends}","0","""default""","""none""","0"
"{citizen 6}","{citizen 36}","[141 141 141 100]","""""","9.9","false","{breed social-friends}","0","""default""","""none""","0"
"{citizen 6}","{citizen 37}","[141 141 141 100]","""""","9.9","false","{breed social-friends}","0","""default""","""none""","0"
"{citizen 6}","{citizen 38}","[170 0 85 100]","""""","9.9","false","{breed social-friends}","0","""default""","""none""","0"
"{citizen 6}","{citizen 39}","[141 141 141 100]","""""","9.9","false","{breed social-friends}","0","""default""","""none""","0"
"{citizen 6}","{citizen 40}","[141 141 141 100]","""""","9.9","false","{breed social-friends}","0","""default""","""none""","0"
"{citizen 6}","{citizen 41}","[141 141 141 100]","""""","9.9","false","{breed social-friends}","0","""default""","""none""","0"
"{citizen 6}","{citizen 42}","[141 141 141 100]","""""","9.9","false","{breed social-friends}","0","""default""","""none""","0"
"{citizen 6}","{citizen 43}","[170 0 85 100]","""""","9.9","false","{breed social-friends}","0","""default""","""none""","0"
"{citizen 6}","{citizen 44}","[141 141 141 100]","""""","9.9","false","{breed social-friends}","0","""default""","""none""","0"
"{citizen 6}","{citizen 45}","[141 141 141 100]","""""","9.9","false","{breed social-friends}","0","""default""","""none""","0"
"{citizen 6}","{citizen 46}","[141 141 141 100]","""""","9.9","false","{breed social-friends}","0","""default""","""none""","0"
"{citizen 6}","{citizen 47}","[141 141 141 100]","""""","9.9","false","{breed social-friends}","0","""default""","""none""","0"
"{citizen 6}","{citizen 48}","[141 141 141 100]","""""","9.9","false","{breed social-friends}","0","""default""","""none""","0"
"{citizen 6}","{citizen 49}","[141 141 141 100]","""""","9.9","false","{breed social-friends}","0","""default""","""none""","0"
"{citizen 7}","{citizen 0}","[170 0 85 100]","""""","9.9","false","{breed social-friends}","0","""default""","""none""","0"
"{citizen 7}","{citizen 1}","[170 0 85 100]","""""","9.9","false","{breed social-friends}","0","""default""","""none""","0"
"{citizen 7}","{citizen 2}","[141 141 141 100]","""""","9.9","false","{breed social-friends}","0","""default""","""none""","0"
"{citizen 7}","{citizen 3}","[141 141 141 100]","""""","9.9","false","{breed social-friends}","0","""default""","""none""","0"
"{citizen 7}","{citizen 4}","[141 141 141 100]","""""","9.9","false","{breed social-friends}","0","""default""","""none""","0"
"{citizen 7}","{citizen 5}","[170 0 85 100]","""""","9.9","false","{breed social-friends}","0","""default""","""none""","0"
"{citizen 7}","{citizen 6}","[170 0 85 100]","""""","9.9","false","{breed social-friends}","0","""default""","""none""","0"
"{citizen 7}","{citizen 8}","[141 141 141 100]","""""","9.9","false","{breed social-friends}","0","""default""","""none""","0"
"{citizen 7}","{citizen 9}","[141 141 141 100]","""""","9.9","false","{breed social-friends}","0","""default""","""none""","0"
"{citizen 7}","{citizen 10}","[170 0 85 100]","""""","9.9","false","{breed social-friends}","0","""default""","""none""","0"
"{citizen 7}","{citizen 11}","[141 141 141 100]","""""","9.9","false","{breed social-friends}","0","""default""","""none""","0"
"{citizen 7}","{citizen 12}","[141 141 141 100]","""""","9.9","false","{breed social-friends}","0","""default""","""none""","0"
"{citizen 7}","{citizen 13}","[141 141 141 100]","""""","9.9","false","{breed social-friends}","0","""default""","""none""","0"
"{citizen 7}","{citizen 14}","[170 0 85 100]","""""","9.9","false","{breed social-friends}","0","""default""","""none""","0"
"{citizen 7}","{citizen 15}","[141 141 141 100]","""""","9.9","false","{breed social-friends}","0","""default""","""none""","0"
"{citizen 7}","{citizen 16}","[170 0 85 100]","""""","9.9","false","{breed social-friends}","0","""default""","""none""","0"
"{citizen 7}","{citizen 17}","[170 0 85 100]","""""","9.9","false","{breed social-friends}","0","""default""","""none""","0"
"{citizen 7}","{citizen 18}","[170 0 85 100]","""""","9.9","false","{breed social-friends}","0","""default""","""none""","0"
"{citizen 7}","{citizen 19}","[170 0 85 100]","""""","9.9","false","{breed social-friends}","0","""default""","""none""","0"
"{citizen 7}","{citizen 20}","[141 141 141 100]","""""","9.9","false","{breed social-friends}","0","""default""","""none""","0"
"{citizen 7}","{citizen 21}","[141 141 141 100]","""""","9.9","false","{breed social-friends}","0","""default""","""none""","0"
"{citizen 7}","{citizen 22}","[170 0 85 100]","""""","9.9","false","{breed social-friends}","0","""default""","""none""","0"
"{citizen 7}","{citizen 23}","[170 0 85 100]","""""","9.9","false","{breed social-friends}","0","""default""","""none""","0"
"{citizen 7}","{citizen 24}","[170 0 85 100]","""""","9.9","false","{breed social-friends}","0","""default""","""none""","0"
"{citizen 7}","{citizen 25}","[170 0 85 100]","""""","9.9","false","{breed social-friends}","0","""default""","""none""","0"
"{citizen 7}","{citizen 26}","[170 0 85 100]","""""","9.9","false","{breed social-friends}","0","""default""","""none""","0"
"{citizen 7}","{citizen 27}","[170 0 85 100]","""""","9.9","false","{breed social-friends}","0","""default""","""none""","0"
"{citizen 7}","{citizen 28}","[141 141 141 100]","""""","9.9","false","{breed social-friends}","0","""default""","""none""","0"
"{citizen 7}","{citizen 29}","[170 0 85 100]","""""","9.9","false","{breed social-friends}","0","""default""","""none""","0"
"{citizen 7}","{citizen 30}","[170 0 85 100]","""""","9.9","false","{breed social-friends}","0","""default""","""none""","0"
"{citizen 7}","{citizen 31}","[141 141 141 100]","""""","9.9","false","{breed social-friends}","0","""default""","""none""","0"
"{citizen 7}","{citizen 32}","[141 141 141 100]","""""","9.9","false","{breed social-friends}","0","""default""","""none""","0"
"{citizen 7}","{citizen 33}","[141 141 141 100]","""""","9.9","false","{breed social-friends}","0","""default""","""none""","0"
"{citizen 7}","{citizen 34}","[141 141 141 100]","""""","9.9","false","{breed social-friends}","0","""default""","""none""","0"
"{citizen 7}","{citizen 35}","[141 141 141 100]","""""","9.9","false","{breed social-friends}","0","""default""","""none""","0"
"{citizen 7}","{citizen 36}","[141 141 141 100]","""""","9.9","false","{breed social-friends}","0","""default""","""none""","0"
"{citizen 7}","{citizen 37}","[141 141 141 100]","""""","9.9","false","{breed social-friends}","0","""default""","""none""","0"
"{citizen 7}","{citizen 38}","[170 0 85 100]","""""","9.9","false","{breed social-friends}","0","""default""","""none""","0"
"{citizen 7}","{citizen 39}","[141 141 141 100]","""""","9.9","false","{breed social-friends}","0","""default""","""none""","0"
"{citizen 7}","{citizen 40}","[141 141 141 100]","""""","9.9","false","{breed social-friends}","0","""default""","""none""","0"
"{citizen 7}","{citizen 41}","[141 141 141 100]","""""","9.9","false","{breed social-friends}","0","""default""","""none""","0"
"{citizen 7}","{citizen 42}","[141 141 141 100]","""""","9.9","false","{breed social-friends}","0","""default""","""none""","0"
"{citizen 7}","{citizen 43}","[170 0 85 100]","""""","9.9","false","{breed social-friends}","0","""default""","""none""","0"
"{citizen 7}","{citizen 44}","[141 141 141 100]","""""","9.9","false","{breed social-friends}","0","""default""","""none""","0"
"{citizen 7}","{citizen 45}","[141 141 141 100]","""""","9.9","false","{breed social-friends}","0","""default""","""none""","0"
"{citizen 7}","{citizen 46}","[141 141 141 100]","""""","9.9","false","{breed social-friends}","0","""default""","""none""","0"
"{citizen 7}","{citizen 47}","[141 141 141 100]","""""","9.9","false","{breed social-friends}","0","""default""","""none""","0"
"{citizen 7}","{citizen 48}","[141 141 141 100]","""""","9.9","false","{breed social-friends}","0","""default""","""none""","0"
"{citizen 7}","{citizen 49}","[141 141 141 100]","""""","9.9","false","{breed social-friends}","0","""default""","""none""","0"
"{citizen 8}","{citizen 0}","[141 141 141 100]","""""","9.9","false","{breed social-friends}","0","""default""","""none""","0"
"{citizen 8}","{citizen 1}","[141 141 141 100]","""""","9.9","false","{breed social-friends}","0","""default""","""none""","0"
"{citizen 8}","{citizen 2}","[85 0 170 100]","""""","9.9","false","{breed social-friends}","0","""default""","""none""","0"
"{citizen 8}","{citizen 3}","[85 0 170 100]","""""","9.9","false","{breed social-friends}","0","""default""","""none""","0"
"{citizen 8}","{citizen 4}","[85 0 170 100]","""""","9.9","false","{breed social-friends}","0","""default""","""none""","0"
"{citizen 8}","{citizen 5}","[141 141 141 100]","""""","9.9","false","{breed social-friends}","0","""default""","""none""","0"
"{citizen 8}","{citizen 6}","[141 141 141 100]","""""","9.9","false","{breed social-friends}","0","""default""","""none""","0"
"{citizen 8}","{citizen 7}","[141 141 141 100]","""""","9.9","false","{breed social-friends}","0","""default""","""none""","0"
"{citizen 8}","{citizen 9}","[85 0 170 100]","""""","9.9","false","{breed social-friends}","0","""default""","""none""","0"
"{citizen 8}","{citizen 10}","[141 141 141 100]","""""","9.9","false","{breed social-friends}","0","""default""","""none""","0"
"{citizen 8}","{citizen 11}","[85 0 170 100]","""""","9.9","false","{breed social-friends}","0","""default""","""none""","0"
"{citizen 8}","{citizen 12}","[85 0 170 100]","""""","9.9","false","{breed social-friends}","0","""default""","""none""","0"
"{citizen 8}","{citizen 13}","[85 0 170 100]","""""","9.9","false","{breed social-friends}","0","""default""","""none""","0"
"{citizen 8}","{citizen 14}","[141 141 141 100]","""""","9.9","false","{breed social-friends}","0","""default""","""none""","0"
"{citizen 8}","{citizen 15}","[85 0 170 100]","""""","9.9","false","{breed social-friends}","0","""default""","""none""","0"
"{citizen 8}","{citizen 16}","[141 141 141 100]","""""","9.9","false","{breed social-friends}","0","""default""","""none""","0"
"{citizen 8}","{citizen 17}","[141 141 141 100]","""""","9.9","false","{breed social-friends}","0","""default""","""none""","0"
"{citizen 8}","{citizen 18}","[141 141 141 100]","""""","9.9","false","{breed social-friends}","0","""default""","""none""","0"
"{citizen 8}","{citizen 19}","[141 141 141 100]","""""","9.9","false","{breed social-friends}","0","""default""","""none""","0"
"{citizen 8}","{citizen 20}","[85 0 170 100]","""""","9.9","false","{breed social-friends}","0","""default""","""none""","0"
"{citizen 8}","{citizen 21}","[85 0 170 100]","""""","9.9","false","{breed social-friends}","0","""default""","""none""","0"
"{citizen 8}","{citizen 22}","[141 141 141 100]","""""","9.9","false","{breed social-friends}","0","""default""","""none""","0"
"{citizen 8}","{citizen 23}","[141 141 141 100]","""""","9.9","false","{breed social-friends}","0","""default""","""none""","0"
"{citizen 8}","{citizen 24}","[141 141 141 100]","""""","9.9","false","{breed social-friends}","0","""default""","""none""","0"
"{citizen 8}","{citizen 25}","[141 141 141 100]","""""","9.9","false","{breed social-friends}","0","""default""","""none""","0"
"{citizen 8}","{citizen 26}","[141 141 141 100]","""""","9.9","false","{breed social-friends}","0","""default""","""none""","0"
"{citizen 8}","{citizen 27}","[141 141 141 100]","""""","9.9","false","{breed social-friends}","0","""default""","""none""","0"
"{citizen 8}","{citizen 28}","[85 0 170 100]","""""","9.9","false","{breed social-friends}","0","""default""","""none""","0"
"{citizen 8}","{citizen 29}","[141 141 141 100]","""""","9.9","false","{breed social-friends}","0","""default""","""none""","0"
"{citizen 8}","{citizen 30}","[141 141 141 100]","""""","9.9","false","{breed social-friends}","0","""default""","""none""","0"
"{citizen 8}","{citizen 31}","[85 0 170 100]","""""","9.9","false","{breed social-friends}","0","""default""","""none""","0"
"{citizen 8}","{citizen 32}","[85 0 170 100]","""""","9.9","false","{breed social-friends}","0","""default""","""none""","0"
"{citizen 8}","{citizen 33}","[85 0 170 100]","""""","9.9","false","{breed social-friends}","0","""default""","""none""","0"
"{citizen 8}","{citizen 34}","[85 0 170 100]","""""","9.9","false","{breed social-friends}","0","""default""","""none""","0"
"{citizen 8}","{citizen 35}","[85 0 170 100]","""""","9.9","false","{breed social-friends}","0","""default""","""none""","0"
"{citizen 8}","{citizen 36}","[85 0 170 100]","""""","9.9","false","{breed social-friends}","0","""default""","""none""","0"
"{citizen 8}","{citizen 37}","[85 0 170 100]","""""","9.9","false","{breed social-friends}","0","""default""","""none""","0"
"{citizen 8}","{citizen 38}","[141 141 141 100]","""""","9.9","false","{breed social-friends}","0","""default""","""none""","0"
"{citizen 8}","{citizen 39}","[85 0 170 100]","""""","9.9","false","{breed social-friends}","0","""default""","""none""","0"
"{citizen 8}","{citizen 40}","[85 0 170 100]","""""","9.9","false","{breed social-friends}","0","""default""","""none""","0"
"{citizen 8}","{citizen 41}","[85 0 170 100]","""""","9.9","false","{breed social-friends}","0","""default""","""none""","0"
"{citizen 8}","{citizen 42}","[85 0 170 100]","""""","9.9","false","{breed social-friends}","0","""default""","""none""","0"
"{citizen 8}","{citizen 43}","[141 141 141 100]","""""","9.9","false","{breed social-friends}","0","""default""","""none""","0"
"{citizen 8}","{citizen 44}","[85 0 170 100]","""""","9.9","false","{breed social-friends}","0","""default""","""none""","0"
"{citizen 8}","{citizen 45}","[85 0 170 100]","""""","9.9","false","{breed social-friends}","0","""default""","""none""","0"
"{citizen 8}","{citizen 46}","[85 0 170 100]","""""","9.9","false","{breed social-friends}","0","""default""","""none""","0"
"{citizen 8}","{citizen 47}","[85 0 170 100]","""""","9.9","false","{breed social-friends}","0","""default""","""none""","0"
"{citizen 8}","{citizen 48}","[85 0 170 100]","""""","9.9","false","{breed social-friends}","0","""default""","""none""","0"
"{citizen 8}","{citizen 49}","[85 0 170 100]","""""","9.9","false","{breed social-friends}","0","""default""","""none""","0"
"{citizen 9}","{citizen 0}","[141 141 141 100]","""""","9.9","false","{breed social-friends}","0","""default""","""none""","0"
"{citizen 9}","{citizen 1}","[141 141 141 100]","""""","9.9","false","{breed social-friends}","0","""default""","""none""","0"
"{citizen 9}","{citizen 2}","[85 0 170 100]","""""","9.9","false","{breed social-friends}","0","""default""","""none""","0"
"{citizen 9}","{citizen 3}","[85 0 170 100]","""""","9.9","false","{breed social-friends}","0","""default""","""none""","0"
"{citizen 9}","{citizen 4}","[85 0 170 100]","""""","9.9","false","{breed social-friends}","0","""default""","""none""","0"
"{citizen 9}","{citizen 5}","[141 141 141 100]","""""","9.9","false","{breed social-friends}","0","""default""","""none""","0"
"{citizen 9}","{citizen 6}","[141 141 141 100]","""""","9.9","false","{breed social-friends}","0","""default""","""none""","0"
"{citizen 9}","{citizen 7}","[141 141 141 100]","""""","9.9","false","{breed social-friends}","0","""default""","""none""","0"
"{citizen 9}","{citizen 8}","[85 0 170 100]","""""","9.9","false","{breed social-friends}","0","""default""","""none""","0"
"{citizen 9}","{citizen 10}","[141 141 141 100]","""""","9.9","false","{breed social-friends}","0","""default""","""none""","0"
"{citizen 9}","{citizen 11}","[85 0 170 100]","""""","9.9","false","{breed social-friends}","0","""default""","""none""","0"
"{citizen 9}","{citizen 12}","[85 0 170 100]","""""","9.9","false","{breed social-friends}","0","""default""","""none""","0"
"{citizen 9}","{citizen 13}","[85 0 170 100]","""""","9.9","false","{breed social-friends}","0","""default""","""none""","0"
"{citizen 9}","{citizen 14}","[141 141 141 100]","""""","9.9","false","{breed social-friends}","0","""default""","""none""","0"
"{citizen 9}","{citizen 15}","[85 0 170 100]","""""","9.9","false","{breed social-friends}","0","""default""","""none""","0"
"{citizen 9}","{citizen 16}","[141 141 141 100]","""""","9.9","false","{breed social-friends}","0","""default""","""none""","0"
"{citizen 9}","{citizen 17}","[141 141 141 100]","""""","9.9","false","{breed social-friends}","0","""default""","""none""","0"
"{citizen 9}","{citizen 18}","[141 141 141 100]","""""","9.9","false","{breed social-friends}","0","""default""","""none""","0"
"{citizen 9}","{citizen 19}","[141 141 141 100]","""""","9.9","false","{breed social-friends}","0","""default""","""none""","0"
"{citizen 9}","{citizen 20}","[85 0 170 100]","""""","9.9","false","{breed social-friends}","0","""default""","""none""","0"
"{citizen 9}","{citizen 21}","[85 0 170 100]","""""","9.9","false","{breed social-friends}","0","""default""","""none""","0"
"{citizen 9}","{citizen 22}","[141 141 141 100]","""""","9.9","false","{breed social-friends}","0","""default""","""none""","0"
"{citizen 9}","{citizen 23}","[141 141 141 100]","""""","9.9","false","{breed social-friends}","0","""default""","""none""","0"
"{citizen 9}","{citizen 24}","[141 141 141 100]","""""","9.9","false","{breed social-friends}","0","""default""","""none""","0"
"{citizen 9}","{citizen 25}","[141 141 141 100]","""""","9.9","false","{breed social-friends}","0","""default""","""none""","0"
"{citizen 9}","{citizen 26}","[141 141 141 100]","""""","9.9","false","{breed social-friends}","0","""default""","""none""","0"
"{citizen 9}","{citizen 27}","[141 141 141 100]","""""","9.9","false","{breed social-friends}","0","""default""","""none""","0"
"{citizen 9}","{citizen 28}","[85 0 170 100]","""""","9.9","false","{breed social-friends}","0","""default""","""none""","0"
"{citizen 9}","{citizen 29}","[141 141 141 100]","""""","9.9","false","{breed social-friends}","0","""default""","""none""","0"
"{citizen 9}","{citizen 30}","[141 141 141 100]","""""","9.9","false","{breed social-friends}","0","""default""","""none""","0"
"{citizen 9}","{citizen 31}","[85 0 170 100]","""""","9.9","false","{breed social-friends}","0","""default""","""none""","0"
"{citizen 9}","{citizen 32}","[85 0 170 100]","""""","9.9","false","{breed social-friends}","0","""default""","""none""","0"
"{citizen 9}","{citizen 33}","[85 0 170 100]","""""","9.9","false","{breed social-friends}","0","""default""","""none""","0"
"{citizen 9}","{citizen 34}","[85 0 170 100]","""""","9.9","false","{breed social-friends}","0","""default""","""none""","0"
"{citizen 9}","{citizen 35}","[85 0 170 100]","""""","9.9","false","{breed social-friends}","0","""default""","""none""","0"
"{citizen 9}","{citizen 36}","[85 0 170 100]","""""","9.9","false","{breed social-friends}","0","""default""","""none""","0"
"{citizen 9}","{citizen 37}","[85 0 170 100]","""""","9.9","false","{breed social-friends}","0","""default""","""none""","0"
"{citizen 9}","{citizen 38}","[141 141 141 100]","""""","9.9","false","{breed social-friends}","0","""default""","""none""","0"
"{citizen 9}","{citizen 39}","[85 0 170 100]","""""","9.9","false","{breed social-friends}","0","""default""","""none""","0"
"{citizen 9}","{citizen 40}","[85 0 170 100]","""""","9.9","false","{breed social-friends}","0","""default""","""none""","0"
"{citizen 9}","{citizen 41}","[85 0 170 100]","""""","9.9","false","{breed social-friends}","0","""default""","""none""","0"
"{citizen 9}","{citizen 42}","[85 0 170 100]","""""","9.9","false","{breed social-friends}","0","""default""","""none""","0"
"{citizen 9}","{citizen 43}","[141 141 141 100]","""""","9.9","false","{breed social-friends}","0","""default""","""none""","0"
"{citizen 9}","{citizen 44}","[85 0 170 100]","""""","9.9","false","{breed social-friends}","0","""default""","""none""","0"
"{citizen 9}","{citizen 45}","[85 0 170 100]","""""","9.9","false","{breed social-friends}","0","""default""","""none""","0"
"{citizen 9}","{citizen 46}","[85 0 170 100]","""""","9.9","false","{breed social-friends}","0","""default""","""none""","0"
"{citizen 9}","{citizen 47}","[85 0 170 100]","""""","9.9","false","{breed social-friends}","0","""default""","""none""","0"
"{citizen 9}","{citizen 48}","[85 0 170 100]","""""","9.9","false","{breed social-friends}","0","""default""","""none""","0"
"{citizen 9}","{citizen 49}","[85 0 170 100]","""""","9.9","false","{breed social-friends}","0","""default""","""none""","0"
"{citizen 10}","{citizen 0}","[170 0 85 100]","""""","9.9","false","{breed social-friends}","0","""default""","""none""","0"
"{citizen 10}","{citizen 1}","[170 0 85 100]","""""","9.9","false","{breed social-friends}","0","""default""","""none""","0"
"{citizen 10}","{citizen 2}","[141 141 141 100]","""""","9.9","false","{breed social-friends}","0","""default""","""none""","0"
"{citizen 10}","{citizen 3}","[141 141 141 100]","""""","9.9","false","{breed social-friends}","0","""default""","""none""","0"
"{citizen 10}","{citizen 4}","[141 141 141 100]","""""","9.9","false","{breed social-friends}","0","""default""","""none""","0"
"{citizen 10}","{citizen 5}","[170 0 85 100]","""""","9.9","false","{breed social-friends}","0","""default""","""none""","0"
"{citizen 10}","{citizen 6}","[170 0 85 100]","""""","9.9","false","{breed social-friends}","0","""default""","""none""","0"
"{citizen 10}","{citizen 7}","[170 0 85 100]","""""","9.9","false","{breed social-friends}","0","""default""","""none""","0"
"{citizen 10}","{citizen 8}","[141 141 141 100]","""""","9.9","false","{breed social-friends}","0","""default""","""none""","0"
"{citizen 10}","{citizen 9}","[141 141 141 100]","""""","9.9","false","{breed social-friends}","0","""default""","""none""","0"
"{citizen 10}","{citizen 11}","[141 141 141 100]","""""","9.9","false","{breed social-friends}","0","""default""","""none""","0"
"{citizen 10}","{citizen 12}","[141 141 141 100]","""""","9.9","false","{breed social-friends}","0","""default""","""none""","0"
"{citizen 10}","{citizen 13}","[141 141 141 100]","""""","9.9","false","{breed social-friends}","0","""default""","""none""","0"
"{citizen 10}","{citizen 14}","[170 0 85 100]","""""","9.9","false","{breed social-friends}","0","""default""","""none""","0"
"{citizen 10}","{citizen 15}","[141 141 141 100]","""""","9.9","false","{breed social-friends}","0","""default""","""none""","0"
"{citizen 10}","{citizen 16}","[170 0 85 100]","""""","9.9","false","{breed social-friends}","0","""default""","""none""","0"
"{citizen 10}","{citizen 17}","[170 0 85 100]","""""","9.9","false","{breed social-friends}","0","""default""","""none""","0"
"{citizen 10}","{citizen 18}","[170 0 85 100]","""""","9.9","false","{breed social-friends}","0","""default""","""none""","0"
"{citizen 10}","{citizen 19}","[170 0 85 100]","""""","9.9","false","{breed social-friends}","0","""default""","""none""","0"
"{citizen 10}","{citizen 20}","[141 141 141 100]","""""","9.9","false","{breed social-friends}","0","""default""","""none""","0"
"{citizen 10}","{citizen 21}","[141 141 141 100]","""""","9.9","false","{breed social-friends}","0","""default""","""none""","0"
"{citizen 10}","{citizen 22}","[170 0 85 100]","""""","9.9","false","{breed social-friends}","0","""default""","""none""","0"
"{citizen 10}","{citizen 23}","[170 0 85 100]","""""","9.9","false","{breed social-friends}","0","""default""","""none""","0"
"{citizen 10}","{citizen 24}","[170 0 85 100]","""""","9.9","false","{breed social-friends}","0","""default""","""none""","0"
"{citizen 10}","{citizen 25}","[170 0 85 100]","""""","9.9","false","{breed social-friends}","0","""default""","""none""","0"
"{citizen 10}","{citizen 26}","[170 0 85 100]","""""","9.9","false","{breed social-friends}","0","""default""","""none""","0"
"{citizen 10}","{citizen 27}","[170 0 85 100]","""""","9.9","false","{breed social-friends}","0","""default""","""none""","0"
"{citizen 10}","{citizen 28}","[141 141 141 100]","""""","9.9","false","{breed social-friends}","0","""default""","""none""","0"
"{citizen 10}","{citizen 29}","[170 0 85 100]","""""","9.9","false","{breed social-friends}","0","""default""","""none""","0"
"{citizen 10}","{citizen 30}","[170 0 85 100]","""""","9.9","false","{breed social-friends}","0","""default""","""none""","0"
"{citizen 10}","{citizen 31}","[141 141 141 100]","""""","9.9","false","{breed social-friends}","0","""default""","""none""","0"
"{citizen 10}","{citizen 32}","[141 141 141 100]","""""","9.9","false","{breed social-friends}","0","""default""","""none""","0"
"{citizen 10}","{citizen 33}","[141 141 141 100]","""""","9.9","false","{breed social-friends}","0","""default""","""none""","0"
"{citizen 10}","{citizen 34}","[141 141 141 100]","""""","9.9","false","{breed social-friends}","0","""default""","""none""","0"
"{citizen 10}","{citizen 35}","[141 141 141 100]","""""","9.9","false","{breed social-friends}","0","""default""","""none""","0"
"{citizen 10}","{citizen 36}","[141 141 141 100]","""""","9.9","false","{breed social-friends}","0","""default""","""none""","0"
"{citizen 10}","{citizen 37}","[141 141 141 100]","""""","9.9","false","{breed social-friends}","0","""default""","""none""","0"
"{citizen 10}","{citizen 38}","[170 0 85 100]","""""","9.9","false","{breed social-friends}","0","""default""","""none""","0"
"{citizen 10}","{citizen 39}","[141 141 141 100]","""""","9.9","false","{breed social-friends}","0","""default""","""none""","0"
"{citizen 10}","{citizen 40}","[141 141 141 100]","""""","9.9","false","{breed social-friends}","0","""default""","""none""","0"
"{citizen 10}","{citizen 41}","[141 141 141 100]","""""","9.9","false","{breed social-friends}","0","""default""","""none""","0"
"{citizen 10}","{citizen 42}","[141 141 141 100]","""""","9.9","false","{breed social-friends}","0","""default""","""none""","0"
"{citizen 10}","{citizen 43}","[170 0 85 100]","""""","9.9","false","{breed social-friends}","0","""default""","""none""","0"
"{citizen 10}","{citizen 44}","[141 141 141 100]","""""","9.9","false","{breed social-friends}","0","""default""","""none""","0"
"{citizen 10}","{citizen 45}","[141 141 141 100]","""""","9.9","false","{breed social-friends}","0","""default""","""none""","0"
"{citizen 10}","{citizen 46}","[141 141 141 100]","""""","9.9","false","{breed social-friends}","0","""default""","""none""","0"
"{citizen 10}","{citizen 47}","[141 141 141 100]","""""","9.9","false","{breed social-friends}","0","""default""","""none""","0"
"{citizen 10}","{citizen 48}","[141 141 141 100]","""""","9.9","false","{breed social-friends}","0","""default""","""none""","0"
"{citizen 10}","{citizen 49}","[141 141 141 100]","""""","9.9","false","{breed social-friends}","0","""default""","""none""","0"
"{citizen 11}","{citizen 0}","[141 141 141 100]","""""","9.9","false","{breed social-friends}","0","""default""","""none""","0"
"{citizen 11}","{citizen 1}","[141 141 141 100]","""""","9.9","false","{breed social-friends}","0","""default""","""none""","0"
"{citizen 11}","{citizen 2}","[85 0 170 100]","""""","9.9","false","{breed social-friends}","0","""default""","""none""","0"
"{citizen 11}","{citizen 3}","[85 0 170 100]","""""","9.9","false","{breed social-friends}","0","""default""","""none""","0"
"{citizen 11}","{citizen 4}","[85 0 170 100]","""""","9.9","false","{breed social-friends}","0","""default""","""none""","0"
"{citizen 11}","{citizen 5}","[141 141 141 100]","""""","9.9","false","{breed social-friends}","0","""default""","""none""","0"
"{citizen 11}","{citizen 6}","[141 141 141 100]","""""","9.9","false","{breed social-friends}","0","""default""","""none""","0"
"{citizen 11}","{citizen 7}","[141 141 141 100]","""""","9.9","false","{breed social-friends}","0","""default""","""none""","0"
"{citizen 11}","{citizen 8}","[85 0 170 100]","""""","9.9","false","{breed social-friends}","0","""default""","""none""","0"
"{citizen 11}","{citizen 9}","[85 0 170 100]","""""","9.9","false","{breed social-friends}","0","""default""","""none""","0"
"{citizen 11}","{citizen 10}","[141 141 141 100]","""""","9.9","false","{breed social-friends}","0","""default""","""none""","0"
"{citizen 11}","{citizen 12}","[85 0 170 100]","""""","9.9","false","{breed social-friends}","0","""default""","""none""","0"
"{citizen 11}","{citizen 13}","[85 0 170 100]","""""","9.9","false","{breed social-friends}","0","""default""","""none""","0"
"{citizen 11}","{citizen 14}","[141 141 141 100]","""""","9.9","false","{breed social-friends}","0","""default""","""none""","0"
"{citizen 11}","{citizen 15}","[85 0 170 100]","""""","9.9","false","{breed social-friends}","0","""default""","""none""","0"
"{citizen 11}","{citizen 16}","[141 141 141 100]","""""","9.9","false","{breed social-friends}","0","""default""","""none""","0"
"{citizen 11}","{citizen 17}","[141 141 141 100]","""""","9.9","false","{breed social-friends}","0","""default""","""none""","0"
"{citizen 11}","{citizen 18}","[141 141 141 100]","""""","9.9","false","{breed social-friends}","0","""default""","""none""","0"
"{citizen 11}","{citizen 19}","[141 141 141 100]","""""","9.9","false","{breed social-friends}","0","""default""","""none""","0"
"{citizen 11}","{citizen 20}","[85 0 170 100]","""""","9.9","false","{breed social-friends}","0","""default""","""none""","0"
"{citizen 11}","{citizen 21}","[85 0 170 100]","""""","9.9","false","{breed social-friends}","0","""default""","""none""","0"
"{citizen 11}","{citizen 22}","[141 141 141 100]","""""","9.9","false","{breed social-friends}","0","""default""","""none""","0"
"{citizen 11}","{citizen 23}","[141 141 141 100]","""""","9.9","false","{breed social-friends}","0","""default""","""none""","0"
"{citizen 11}","{citizen 24}","[141 141 141 100]","""""","9.9","false","{breed social-friends}","0","""default""","""none""","0"
"{citizen 11}","{citizen 25}","[141 141 141 100]","""""","9.9","false","{breed social-friends}","0","""default""","""none""","0"
"{citizen 11}","{citizen 26}","[141 141 141 100]","""""","9.9","false","{breed social-friends}","0","""default""","""none""","0"
"{citizen 11}","{citizen 27}","[141 141 141 100]","""""","9.9","false","{breed social-friends}","0","""default""","""none""","0"
"{citizen 11}","{citizen 28}","[85 0 170 100]","""""","9.9","false","{breed social-friends}","0","""default""","""none""","0"
"{citizen 11}","{citizen 29}","[141 141 141 100]","""""","9.9","false","{breed social-friends}","0","""default""","""none""","0"
"{citizen 11}","{citizen 30}","[141 141 141 100]","""""","9.9","false","{breed social-friends}","0","""default""","""none""","0"
"{citizen 11}","{citizen 31}","[85 0 170 100]","""""","9.9","false","{breed social-friends}","0","""default""","""none""","0"
"{citizen 11}","{citizen 32}","[85 0 170 100]","""""","9.9","false","{breed social-friends}","0","""default""","""none""","0"
"{citizen 11}","{citizen 33}","[85 0 170 100]","""""","9.9","false","{breed social-friends}","0","""default""","""none""","0"
"{citizen 11}","{citizen 34}","[85 0 170 100]","""""","9.9","false","{breed social-friends}","0","""default""","""none""","0"
"{citizen 11}","{citizen 35}","[85 0 170 100]","""""","9.9","false","{breed social-friends}","0","""default""","""none""","0"
"{citizen 11}","{citizen 36}","[85 0 170 100]","""""","9.9","false","{breed social-friends}","0","""default""","""none""","0"
"{citizen 11}","{citizen 37}","[85 0 170 100]","""""","9.9","false","{breed social-friends}","0","""default""","""none""","0"
"{citizen 11}","{citizen 38}","[141 141 141 100]","""""","9.9","false","{breed social-friends}","0","""default""","""none""","0"
"{citizen 11}","{citizen 39}","[85 0 170 100]","""""","9.9","false","{breed social-friends}","0","""default""","""none""","0"
"{citizen 11}","{citizen 40}","[85 0 170 100]","""""","9.9","false","{breed social-friends}","0","""default""","""none""","0"
"{citizen 11}","{citizen 41}","[85 0 170 100]","""""","9.9","false","{breed social-friends}","0","""default""","""none""","0"
"{citizen 11}","{citizen 42}","[85 0 170 100]","""""","9.9","false","{breed social-friends}","0","""default""","""none""","0"
"{citizen 11}","{citizen 43}","[141 141 141 100]","""""","9.9","false","{breed social-friends}","0","""default""","""none""","0"
"{citizen 11}","{citizen 44}","[85 0 170 100]","""""","9.9","false","{breed social-friends}","0","""default""","""none""","0"
"{citizen 11}","{citizen 45}","[85 0 170 100]","""""","9.9","false","{breed social-friends}","0","""default""","""none""","0"
"{citizen 11}","{citizen 46}","[85 0 170 100]","""""","9.9","false","{breed social-friends}","0","""default""","""none""","0"
"{citizen 11}","{citizen 47}","[85 0 170 100]","""""","9.9","false","{breed social-friends}","0","""default""","""none""","0"
"{citizen 11}","{citizen 48}","[85 0 170 100]","""""","9.9","false","{breed social-friends}","0","""default""","""none""","0"
"{citizen 11}","{citizen 49}","[85 0 170 100]","""""","9.9","false","{breed social-friends}","0","""default""","""none""","0"
"{citizen 12}","{citizen 0}","[141 141 141 100]","""""","9.9","false","{breed social-friends}","0","""default""","""none""","0"
"{citizen 12}","{citizen 1}","[141 141 141 100]","""""","9.9","false","{breed social-friends}","0","""default""","""none""","0"
"{citizen 12}","{citizen 2}","[85 0 170 100]","""""","9.9","false","{breed social-friends}","0","""default""","""none""","0"
"{citizen 12}","{citizen 3}","[85 0 170 100]","""""","9.9","false","{breed social-friends}","0","""default""","""none""","0"
"{citizen 12}","{citizen 4}","[85 0 170 100]","""""","9.9","false","{breed social-friends}","0","""default""","""none""","0"
"{citizen 12}","{citizen 5}","[141 141 141 100]","""""","9.9","false","{breed social-friends}","0","""default""","""none""","0"
"{citizen 12}","{citizen 6}","[141 141 141 100]","""""","9.9","false","{breed social-friends}","0","""default""","""none""","0"
"{citizen 12}","{citizen 7}","[141 141 141 100]","""""","9.9","false","{breed social-friends}","0","""default""","""none""","0"
"{citizen 12}","{citizen 8}","[85 0 170 100]","""""","9.9","false","{breed social-friends}","0","""default""","""none""","0"
"{citizen 12}","{citizen 9}","[85 0 170 100]","""""","9.9","false","{breed social-friends}","0","""default""","""none""","0"
"{citizen 12}","{citizen 10}","[141 141 141 100]","""""","9.9","false","{breed social-friends}","0","""default""","""none""","0"
"{citizen 12}","{citizen 11}","[85 0 170 100]","""""","9.9","false","{breed social-friends}","0","""default""","""none""","0"
"{citizen 12}","{citizen 13}","[85 0 170 100]","""""","9.9","false","{breed social-friends}","0","""default""","""none""","0"
"{citizen 12}","{citizen 14}","[141 141 141 100]","""""","9.9","false","{breed social-friends}","0","""default""","""none""","0"
"{citizen 12}","{citizen 15}","[85 0 170 100]","""""","9.9","false","{breed social-friends}","0","""default""","""none""","0"
"{citizen 12}","{citizen 16}","[141 141 141 100]","""""","9.9","false","{breed social-friends}","0","""default""","""none""","0"
"{citizen 12}","{citizen 17}","[141 141 141 100]","""""","9.9","false","{breed social-friends}","0","""default""","""none""","0"
"{citizen 12}","{citizen 18}","[141 141 141 100]","""""","9.9","false","{breed social-friends}","0","""default""","""none""","0"
"{citizen 12}","{citizen 19}","[141 141 141 100]","""""","9.9","false","{breed social-friends}","0","""default""","""none""","0"
"{citizen 12}","{citizen 20}","[85 0 170 100]","""""","9.9","false","{breed social-friends}","0","""default""","""none""","0"
"{citizen 12}","{citizen 21}","[85 0 170 100]","""""","9.9","false","{breed social-friends}","0","""default""","""none""","0"
"{citizen 12}","{citizen 22}","[141 141 141 100]","""""","9.9","false","{breed social-friends}","0","""default""","""none""","0"
"{citizen 12}","{citizen 23}","[141 141 141 100]","""""","9.9","false","{breed social-friends}","0","""default""","""none""","0"
"{citizen 12}","{citizen 24}","[141 141 141 100]","""""","9.9","false","{breed social-friends}","0","""default""","""none""","0"
"{citizen 12}","{citizen 25}","[141 141 141 100]","""""","9.9","false","{breed social-friends}","0","""default""","""none""","0"
"{citizen 12}","{citizen 26}","[141 141 141 100]","""""","9.9","false","{breed social-friends}","0","""default""","""none""","0"
"{citizen 12}","{citizen 27}","[141 141 141 100]","""""","9.9","false","{breed social-friends}","0","""default""","""none""","0"
"{citizen 12}","{citizen 28}","[85 0 170 100]","""""","9.9","false","{breed social-friends}","0","""default""","""none""","0"
"{citizen 12}","{citizen 29}","[141 141 141 100]","""""","9.9","false","{breed social-friends}","0","""default""","""none""","0"
"{citizen 12}","{citizen 30}","[141 141 141 100]","""""","9.9","false","{breed social-friends}","0","""default""","""none""","0"
"{citizen 12}","{citizen 31}","[85 0 170 100]","""""","9.9","false","{breed social-friends}","0","""default""","""none""","0"
"{citizen 12}","{citizen 32}","[85 0 170 100]","""""","9.9","false","{breed social-friends}","0","""default""","""none""","0"
"{citizen 12}","{citizen 33}","[85 0 170 100]","""""","9.9","false","{breed social-friends}","0","""default""","""none""","0"
"{citizen 12}","{citizen 34}","[85 0 170 100]","""""","9.9","false","{breed social-friends}","0","""default""","""none""","0"
"{citizen 12}","{citizen 35}","[85 0 170 100]","""""","9.9","false","{breed social-friends}","0","""default""","""none""","0"
"{citizen 12}","{citizen 36}","[85 0 170 100]","""""","9.9","false","{breed social-friends}","0","""default""","""none""","0"
"{citizen 12}","{citizen 37}","[85 0 170 100]","""""","9.9","false","{breed social-friends}","0","""default""","""none""","0"
"{citizen 12}","{citizen 38}","[141 141 141 100]","""""","9.9","false","{breed social-friends}","0","""default""","""none""","0"
"{citizen 12}","{citizen 39}","[85 0 170 100]","""""","9.9","false","{breed social-friends}","0","""default""","""none""","0"
"{citizen 12}","{citizen 40}","[85 0 170 100]","""""","9.9","false","{breed social-friends}","0","""default""","""none""","0"
"{citizen 12}","{citizen 41}","[85 0 170 100]","""""","9.9","false","{breed social-friends}","0","""default""","""none""","0"
"{citizen 12}","{citizen 42}","[85 0 170 100]","""""","9.9","false","{breed social-friends}","0","""default""","""none""","0"
"{citizen 12}","{citizen 43}","[141 141 141 100]","""""","9.9","false","{breed social-friends}","0","""default""","""none""","0"
"{citizen 12}","{citizen 44}","[85 0 170 100]","""""","9.9","false","{breed social-friends}","0","""default""","""none""","0"
"{citizen 12}","{citizen 45}","[85 0 170 100]","""""","9.9","false","{breed social-friends}","0","""default""","""none""","0"
"{citizen 12}","{citizen 46}","[85 0 170 100]","""""","9.9","false","{breed social-friends}","0","""default""","""none""","0"
"{citizen 12}","{citizen 47}","[85 0 170 100]","""""","9.9","false","{breed social-friends}","0","""default""","""none""","0"
"{citizen 12}","{citizen 48}","[85 0 170 100]","""""","9.9","false","{breed social-friends}","0","""default""","""none""","0"
"{citizen 12}","{citizen 49}","[85 0 170 100]","""""","9.9","false","{breed social-friends}","0","""default""","""none""","0"
"{citizen 13}","{citizen 0}","[141 141 141 100]","""""","9.9","false","{breed social-friends}","0","""default""","""none""","0"
"{citizen 13}","{citizen 1}","[141 141 141 100]","""""","9.9","false","{breed social-friends}","0","""default""","""none""","0"
"{citizen 13}","{citizen 2}","[85 0 170 100]","""""","9.9","false","{breed social-friends}","0","""default""","""none""","0"
"{citizen 13}","{citizen 3}","[85 0 170 100]","""""","9.9","false","{breed social-friends}","0","""default""","""none""","0"
"{citizen 13}","{citizen 4}","[85 0 170 100]","""""","9.9","false","{breed social-friends}","0","""default""","""none""","0"
"{citizen 13}","{citizen 5}","[141 141 141 100]","""""","9.9","false","{breed social-friends}","0","""default""","""none""","0"
"{citizen 13}","{citizen 6}","[141 141 141 100]","""""","9.9","false","{breed social-friends}","0","""default""","""none""","0"
"{citizen 13}","{citizen 7}","[141 141 141 100]","""""","9.9","false","{breed social-friends}","0","""default""","""none""","0"
"{citizen 13}","{citizen 8}","[85 0 170 100]","""""","9.9","false","{breed social-friends}","0","""default""","""none""","0"
"{citizen 13}","{citizen 9}","[85 0 170 100]","""""","9.9","false","{breed social-friends}","0","""default""","""none""","0"
"{citizen 13}","{citizen 10}","[141 141 141 100]","""""","9.9","false","{breed social-friends}","0","""default""","""none""","0"
"{citizen 13}","{citizen 11}","[85 0 170 100]","""""","9.9","false","{breed social-friends}","0","""default""","""none""","0"
"{citizen 13}","{citizen 12}","[85 0 170 100]","""""","9.9","false","{breed social-friends}","0","""default""","""none""","0"
"{citizen 13}","{citizen 14}","[141 141 141 100]","""""","9.9","false","{breed social-friends}","0","""default""","""none""","0"
"{citizen 13}","{citizen 15}","[85 0 170 100]","""""","9.9","false","{breed social-friends}","0","""default""","""none""","0"
"{citizen 13}","{citizen 16}","[141 141 141 100]","""""","9.9","false","{breed social-friends}","0","""default""","""none""","0"
"{citizen 13}","{citizen 17}","[141 141 141 100]","""""","9.9","false","{breed social-friends}","0","""default""","""none""","0"
"{citizen 13}","{citizen 18}","[141 141 141 100]","""""","9.9","false","{breed social-friends}","0","""default""","""none""","0"
"{citizen 13}","{citizen 19}","[141 141 141 100]","""""","9.9","false","{breed social-friends}","0","""default""","""none""","0"
"{citizen 13}","{citizen 20}","[85 0 170 100]","""""","9.9","false","{breed social-friends}","0","""default""","""none""","0"
"{citizen 13}","{citizen 21}","[85 0 170 100]","""""","9.9","false","{breed social-friends}","0","""default""","""none""","0"
"{citizen 13}","{citizen 22}","[141 141 141 100]","""""","9.9","false","{breed social-friends}","0","""default""","""none""","0"
"{citizen 13}","{citizen 23}","[141 141 141 100]","""""","9.9","false","{breed social-friends}","0","""default""","""none""","0"
"{citizen 13}","{citizen 24}","[141 141 141 100]","""""","9.9","false","{breed social-friends}","0","""default""","""none""","0"
"{citizen 13}","{citizen 25}","[141 141 141 100]","""""","9.9","false","{breed social-friends}","0","""default""","""none""","0"
"{citizen 13}","{citizen 26}","[141 141 141 100]","""""","9.9","false","{breed social-friends}","0","""default""","""none""","0"
"{citizen 13}","{citizen 27}","[141 141 141 100]","""""","9.9","false","{breed social-friends}","0","""default""","""none""","0"
"{citizen 13}","{citizen 28}","[85 0 170 100]","""""","9.9","false","{breed social-friends}","0","""default""","""none""","0"
"{citizen 13}","{citizen 29}","[141 141 141 100]","""""","9.9","false","{breed social-friends}","0","""default""","""none""","0"
"{citizen 13}","{citizen 30}","[141 141 141 100]","""""","9.9","false","{breed social-friends}","0","""default""","""none""","0"
"{citizen 13}","{citizen 31}","[85 0 170 100]","""""","9.9","false","{breed social-friends}","0","""default""","""none""","0"
"{citizen 13}","{citizen 32}","[85 0 170 100]","""""","9.9","false","{breed social-friends}","0","""default""","""none""","0"
"{citizen 13}","{citizen 33}","[85 0 170 100]","""""","9.9","false","{breed social-friends}","0","""default""","""none""","0"
"{citizen 13}","{citizen 34}","[85 0 170 100]","""""","9.9","false","{breed social-friends}","0","""default""","""none""","0"
"{citizen 13}","{citizen 35}","[85 0 170 100]","""""","9.9","false","{breed social-friends}","0","""default""","""none""","0"
"{citizen 13}","{citizen 36}","[85 0 170 100]","""""","9.9","false","{breed social-friends}","0","""default""","""none""","0"
"{citizen 13}","{citizen 37}","[85 0 170 100]","""""","9.9","false","{breed social-friends}","0","""default""","""none""","0"
"{citizen 13}","{citizen 38}","[141 141 141 100]","""""","9.9","false","{breed social-friends}","0","""default""","""none""","0"
"{citizen 13}","{citizen 39}","[85 0 170 100]","""""","9.9","false","{breed social-friends}","0","""default""","""none""","0"
"{citizen 13}","{citizen 40}","[85 0 170 100]","""""","9.9","false","{breed social-friends}","0","""default""","""none""","0"
"{citizen 13}","{citizen 41}","[85 0 170 100]","""""","9.9","false","{breed social-friends}","0","""default""","""none""","0"
"{citizen 13}","{citizen 42}","[85 0 170 100]","""""","9.9","false","{breed social-friends}","0","""default""","""none""","0"
"{citizen 13}","{citizen 43}","[141 141 141 100]","""""","9.9","false","{breed social-friends}","0","""default""","""none""","0"
"{citizen 13}","{citizen 44}","[85 0 170 100]","""""","9.9","false","{breed social-friends}","0","""default""","""none""","0"
"{citizen 13}","{citizen 45}","[85 0 170 100]","""""","9.9","false","{breed social-friends}","0","""default""","""none""","0"
"{citizen 13}","{citizen 46}","[85 0 170 100]","""""","9.9","false","{breed social-friends}","0","""default""","""none""","0"
"{citizen 13}","{citizen 47}","[85 0 170 100]","""""","9.9","false","{breed social-friends}","0","""default""","""none""","0"
"{citizen 13}","{citizen 48}","[85 0 170 100]","""""","9.9","false","{breed social-friends}","0","""default""","""none""","0"
"{citizen 13}","{citizen 49}","[85 0 170 100]","""""","9.9","false","{breed social-friends}","0","""default""","""none""","0"
"{citizen 14}","{citizen 0}","[170 0 85 100]","""""","9.9","false","{breed social-friends}","0","""default""","""none""","0"
"{citizen 14}","{citizen 1}","[170 0 85 100]","""""","9.9","false","{breed social-friends}","0","""default""","""none""","0"
"{citizen 14}","{citizen 2}","[141 141 141 100]","""""","9.9","false","{breed social-friends}","0","""default""","""none""","0"
"{citizen 14}","{citizen 3}","[141 141 141 100]","""""","9.9","false","{breed social-friends}","0","""default""","""none""","0"
"{citizen 14}","{citizen 4}","[141 141 141 100]","""""","9.9","false","{breed social-friends}","0","""default""","""none""","0"
"{citizen 14}","{citizen 5}","[170 0 85 100]","""""","9.9","false","{breed social-friends}","0","""default""","""none""","0"
"{citizen 14}","{citizen 6}","[170 0 85 100]","""""","9.9","false","{breed social-friends}","0","""default""","""none""","0"
"{citizen 14}","{citizen 7}","[170 0 85 100]","""""","9.9","false","{breed social-friends}","0","""default""","""none""","0"
"{citizen 14}","{citizen 8}","[141 141 141 100]","""""","9.9","false","{breed social-friends}","0","""default""","""none""","0"
"{citizen 14}","{citizen 9}","[141 141 141 100]","""""","9.9","false","{breed social-friends}","0","""default""","""none""","0"
"{citizen 14}","{citizen 10}","[170 0 85 100]","""""","9.9","false","{breed social-friends}","0","""default""","""none""","0"
"{citizen 14}","{citizen 11}","[141 141 141 100]","""""","9.9","false","{breed social-friends}","0","""default""","""none""","0"
"{citizen 14}","{citizen 12}","[141 141 141 100]","""""","9.9","false","{breed social-friends}","0","""default""","""none""","0"
"{citizen 14}","{citizen 13}","[141 141 141 100]","""""","9.9","false","{breed social-friends}","0","""default""","""none""","0"
"{citizen 14}","{citizen 15}","[141 141 141 100]","""""","9.9","false","{breed social-friends}","0","""default""","""none""","0"
"{citizen 14}","{citizen 16}","[170 0 85 100]","""""","9.9","false","{breed social-friends}","0","""default""","""none""","0"
"{citizen 14}","{citizen 17}","[170 0 85 100]","""""","9.9","false","{breed social-friends}","0","""default""","""none""","0"
"{citizen 14}","{citizen 18}","[170 0 85 100]","""""","9.9","false","{breed social-friends}","0","""default""","""none""","0"
"{citizen 14}","{citizen 19}","[170 0 85 100]","""""","9.9","false","{breed social-friends}","0","""default""","""none""","0"
"{citizen 14}","{citizen 20}","[141 141 141 100]","""""","9.9","false","{breed social-friends}","0","""default""","""none""","0"
"{citizen 14}","{citizen 21}","[141 141 141 100]","""""","9.9","false","{breed social-friends}","0","""default""","""none""","0"
"{citizen 14}","{citizen 22}","[170 0 85 100]","""""","9.9","false","{breed social-friends}","0","""default""","""none""","0"
"{citizen 14}","{citizen 23}","[170 0 85 100]","""""","9.9","false","{breed social-friends}","0","""default""","""none""","0"
"{citizen 14}","{citizen 24}","[170 0 85 100]","""""","9.9","false","{breed social-friends}","0","""default""","""none""","0"
"{citizen 14}","{citizen 25}","[170 0 85 100]","""""","9.9","false","{breed social-friends}","0","""default""","""none""","0"
"{citizen 14}","{citizen 26}","[170 0 85 100]","""""","9.9","false","{breed social-friends}","0","""default""","""none""","0"
"{citizen 14}","{citizen 27}","[170 0 85 100]","""""","9.9","false","{breed social-friends}","0","""default""","""none""","0"
"{citizen 14}","{citizen 28}","[141 141 141 100]","""""","9.9","false","{breed social-friends}","0","""default""","""none""","0"
"{citizen 14}","{citizen 29}","[170 0 85 100]","""""","9.9","false","{breed social-friends}","0","""default""","""none""","0"
"{citizen 14}","{citizen 30}","[170 0 85 100]","""""","9.9","false","{breed social-friends}","0","""default""","""none""","0"
"{citizen 14}","{citizen 31}","[141 141 141 100]","""""","9.9","false","{breed social-friends}","0","""default""","""none""","0"
"{citizen 14}","{citizen 32}","[141 141 141 100]","""""","9.9","false","{breed social-friends}","0","""default""","""none""","0"
"{citizen 14}","{citizen 33}","[141 141 141 100]","""""","9.9","false","{breed social-friends}","0","""default""","""none""","0"
"{citizen 14}","{citizen 34}","[141 141 141 100]","""""","9.9","false","{breed social-friends}","0","""default""","""none""","0"
"{citizen 14}","{citizen 35}","[141 141 141 100]","""""","9.9","false","{breed social-friends}","0","""default""","""none""","0"
"{citizen 14}","{citizen 36}","[141 141 141 100]","""""","9.9","false","{breed social-friends}","0","""default""","""none""","0"
"{citizen 14}","{citizen 37}","[141 141 141 100]","""""","9.9","false","{breed social-friends}","0","""default""","""none""","0"
"{citizen 14}","{citizen 38}","[170 0 85 100]","""""","9.9","false","{breed social-friends}","0","""default""","""none""","0"
"{citizen 14}","{citizen 39}","[141 141 141 100]","""""","9.9","false","{breed social-friends}","0","""default""","""none""","0"
"{citizen 14}","{citizen 40}","[141 141 141 100]","""""","9.9","false","{breed social-friends}","0","""default""","""none""","0"
"{citizen 14}","{citizen 41}","[141 141 141 100]","""""","9.9","false","{breed social-friends}","0","""default""","""none""","0"
"{citizen 14}","{citizen 42}","[141 141 141 100]","""""","9.9","false","{breed social-friends}","0","""default""","""none""","0"
"{citizen 14}","{citizen 43}","[170 0 85 100]","""""","9.9","false","{breed social-friends}","0","""default""","""none""","0"
"{citizen 14}","{citizen 44}","[141 141 141 100]","""""","9.9","false","{breed social-friends}","0","""default""","""none""","0"
"{citizen 14}","{citizen 45}","[141 141 141 100]","""""","9.9","false","{breed social-friends}","0","""default""","""none""","0"
"{citizen 14}","{citizen 46}","[141 141 141 100]","""""","9.9","false","{breed social-friends}","0","""default""","""none""","0"
"{citizen 14}","{citizen 47}","[141 141 141 100]","""""","9.9","false","{breed social-friends}","0","""default""","""none""","0"
"{citizen 14}","{citizen 48}","[141 141 141 100]","""""","9.9","false","{breed social-friends}","0","""default""","""none""","0"
"{citizen 14}","{citizen 49}","[141 141 141 100]","""""","9.9","false","{breed social-friends}","0","""default""","""none""","0"
"{citizen 15}","{citizen 0}","[141 141 141 100]","""""","9.9","false","{breed social-friends}","0","""default""","""none""","0"
"{citizen 15}","{citizen 1}","[141 141 141 100]","""""","9.9","false","{breed social-friends}","0","""default""","""none""","0"
"{citizen 15}","{citizen 2}","[85 0 170 100]","""""","9.9","false","{breed social-friends}","0","""default""","""none""","0"
"{citizen 15}","{citizen 3}","[85 0 170 100]","""""","9.9","false","{breed social-friends}","0","""default""","""none""","0"
"{citizen 15}","{citizen 4}","[85 0 170 100]","""""","9.9","false","{breed social-friends}","0","""default""","""none""","0"
"{citizen 15}","{citizen 5}","[141 141 141 100]","""""","9.9","false","{breed social-friends}","0","""default""","""none""","0"
"{citizen 15}","{citizen 6}","[141 141 141 100]","""""","9.9","false","{breed social-friends}","0","""default""","""none""","0"
"{citizen 15}","{citizen 7}","[141 141 141 100]","""""","9.9","false","{breed social-friends}","0","""default""","""none""","0"
"{citizen 15}","{citizen 8}","[85 0 170 100]","""""","9.9","false","{breed social-friends}","0","""default""","""none""","0"
"{citizen 15}","{citizen 9}","[85 0 170 100]","""""","9.9","false","{breed social-friends}","0","""default""","""none""","0"
"{citizen 15}","{citizen 10}","[141 141 141 100]","""""","9.9","false","{breed social-friends}","0","""default""","""none""","0"
"{citizen 15}","{citizen 11}","[85 0 170 100]","""""","9.9","false","{breed social-friends}","0","""default""","""none""","0"
"{citizen 15}","{citizen 12}","[85 0 170 100]","""""","9.9","false","{breed social-friends}","0","""default""","""none""","0"
"{citizen 15}","{citizen 13}","[85 0 170 100]","""""","9.9","false","{breed social-friends}","0","""default""","""none""","0"
"{citizen 15}","{citizen 14}","[141 141 141 100]","""""","9.9","false","{breed social-friends}","0","""default""","""none""","0"
"{citizen 15}","{citizen 16}","[141 141 141 100]","""""","9.9","false","{breed social-friends}","0","""default""","""none""","0"
"{citizen 15}","{citizen 17}","[141 141 141 100]","""""","9.9","false","{breed social-friends}","0","""default""","""none""","0"
"{citizen 15}","{citizen 18}","[141 141 141 100]","""""","9.9","false","{breed social-friends}","0","""default""","""none""","0"
"{citizen 15}","{citizen 19}","[141 141 141 100]","""""","9.9","false","{breed social-friends}","0","""default""","""none""","0"
"{citizen 15}","{citizen 20}","[85 0 170 100]","""""","9.9","false","{breed social-friends}","0","""default""","""none""","0"
"{citizen 15}","{citizen 21}","[85 0 170 100]","""""","9.9","false","{breed social-friends}","0","""default""","""none""","0"
"{citizen 15}","{citizen 22}","[141 141 141 100]","""""","9.9","false","{breed social-friends}","0","""default""","""none""","0"
"{citizen 15}","{citizen 23}","[141 141 141 100]","""""","9.9","false","{breed social-friends}","0","""default""","""none""","0"
"{citizen 15}","{citizen 24}","[141 141 141 100]","""""","9.9","false","{breed social-friends}","0","""default""","""none""","0"
"{citizen 15}","{citizen 25}","[141 141 141 100]","""""","9.9","false","{breed social-friends}","0","""default""","""none""","0"
"{citizen 15}","{citizen 26}","[141 141 141 100]","""""","9.9","false","{breed social-friends}","0","""default""","""none""","0"
"{citizen 15}","{citizen 27}","[141 141 141 100]","""""","9.9","false","{breed social-friends}","0","""default""","""none""","0"
"{citizen 15}","{citizen 28}","[85 0 170 100]","""""","9.9","false","{breed social-friends}","0","""default""","""none""","0"
"{citizen 15}","{citizen 29}","[141 141 141 100]","""""","9.9","false","{breed social-friends}","0","""default""","""none""","0"
"{citizen 15}","{citizen 30}","[141 141 141 100]","""""","9.9","false","{breed social-friends}","0","""default""","""none""","0"
"{citizen 15}","{citizen 31}","[85 0 170 100]","""""","9.9","false","{breed social-friends}","0","""default""","""none""","0"
"{citizen 15}","{citizen 32}","[85 0 170 100]","""""","9.9","false","{breed social-friends}","0","""default""","""none""","0"
"{citizen 15}","{citizen 33}","[85 0 170 100]","""""","9.9","false","{breed social-friends}","0","""default""","""none""","0"
"{citizen 15}","{citizen 34}","[85 0 170 100]","""""","9.9","false","{breed social-friends}","0","""default""","""none""","0"
"{citizen 15}","{citizen 35}","[85 0 170 100]","""""","9.9","false","{breed social-friends}","0","""default""","""none""","0"
"{citizen 15}","{citizen 36}","[85 0 170 100]","""""","9.9","false","{breed social-friends}","0","""default""","""none""","0"
"{citizen 15}","{citizen 37}","[85 0 170 100]","""""","9.9","false","{breed social-friends}","0","""default""","""none""","0"
"{citizen 15}","{citizen 38}","[141 141 141 100]","""""","9.9","false","{breed social-friends}","0","""default""","""none""","0"
"{citizen 15}","{citizen 39}","[85 0 170 100]","""""","9.9","false","{breed social-friends}","0","""default""","""none""","0"
"{citizen 15}","{citizen 40}","[85 0 170 100]","""""","9.9","false","{breed social-friends}","0","""default""","""none""","0"
"{citizen 15}","{citizen 41}","[85 0 170 100]","""""","9.9","false","{breed social-friends}","0","""default""","""none""","0"
"{citizen 15}","{citizen 42}","[85 0 170 100]","""""","9.9","false","{breed social-friends}","0","""default""","""none""","0"
"{citizen 15}","{citizen 43}","[141 141 141 100]","""""","9.9","false","{breed social-friends}","0","""default""","""none""","0"
"{citizen 15}","{citizen 44}","[85 0 170 100]","""""","9.9","false","{breed social-friends}","0","""default""","""none""","0"
"{citizen 15}","{citizen 45}","[85 0 170 100]","""""","9.9","false","{breed social-friends}","0","""default""","""none""","0"
"{citizen 15}","{citizen 46}","[85 0 170 100]","""""","9.9","false","{breed social-friends}","0","""default""","""none""","0"
"{citizen 15}","{citizen 47}","[85 0 170 100]","""""","9.9","false","{breed social-friends}","0","""default""","""none""","0"
"{citizen 15}","{citizen 48}","[85 0 170 100]","""""","9.9","false","{breed social-friends}","0","""default""","""none""","0"
"{citizen 15}","{citizen 49}","[85 0 170 100]","""""","9.9","false","{breed social-friends}","0","""default""","""none""","0"
"{citizen 16}","{citizen 0}","[170 0 85 100]","""""","9.9","false","{breed social-friends}","0","""default""","""none""","0"
"{citizen 16}","{citizen 1}","[170 0 85 100]","""""","9.9","false","{breed social-friends}","0","""default""","""none""","0"
"{citizen 16}","{citizen 2}","[141 141 141 100]","""""","9.9","false","{breed social-friends}","0","""default""","""none""","0"
"{citizen 16}","{citizen 3}","[141 141 141 100]","""""","9.9","false","{breed social-friends}","0","""default""","""none""","0"
"{citizen 16}","{citizen 4}","[141 141 141 100]","""""","9.9","false","{breed social-friends}","0","""default""","""none""","0"
"{citizen 16}","{citizen 5}","[170 0 85 100]","""""","9.9","false","{breed social-friends}","0","""default""","""none""","0"
"{citizen 16}","{citizen 6}","[170 0 85 100]","""""","9.9","false","{breed social-friends}","0","""default""","""none""","0"
"{citizen 16}","{citizen 7}","[170 0 85 100]","""""","9.9","false","{breed social-friends}","0","""default""","""none""","0"
"{citizen 16}","{citizen 8}","[141 141 141 100]","""""","9.9","false","{breed social-friends}","0","""default""","""none""","0"
"{citizen 16}","{citizen 9}","[141 141 141 100]","""""","9.9","false","{breed social-friends}","0","""default""","""none""","0"
"{citizen 16}","{citizen 10}","[170 0 85 100]","""""","9.9","false","{breed social-friends}","0","""default""","""none""","0"
"{citizen 16}","{citizen 11}","[141 141 141 100]","""""","9.9","false","{breed social-friends}","0","""default""","""none""","0"
"{citizen 16}","{citizen 12}","[141 141 141 100]","""""","9.9","false","{breed social-friends}","0","""default""","""none""","0"
"{citizen 16}","{citizen 13}","[141 141 141 100]","""""","9.9","false","{breed social-friends}","0","""default""","""none""","0"
"{citizen 16}","{citizen 14}","[170 0 85 100]","""""","9.9","false","{breed social-friends}","0","""default""","""none""","0"
"{citizen 16}","{citizen 15}","[141 141 141 100]","""""","9.9","false","{breed social-friends}","0","""default""","""none""","0"
"{citizen 16}","{citizen 17}","[170 0 85 100]","""""","9.9","false","{breed social-friends}","0","""default""","""none""","0"
"{citizen 16}","{citizen 18}","[170 0 85 100]","""""","9.9","false","{breed social-friends}","0","""default""","""none""","0"
"{citizen 16}","{citizen 19}","[170 0 85 100]","""""","9.9","false","{breed social-friends}","0","""default""","""none""","0"
"{citizen 16}","{citizen 20}","[141 141 141 100]","""""","9.9","false","{breed social-friends}","0","""default""","""none""","0"
"{citizen 16}","{citizen 21}","[141 141 141 100]","""""","9.9","false","{breed social-friends}","0","""default""","""none""","0"
"{citizen 16}","{citizen 22}","[170 0 85 100]","""""","9.9","false","{breed social-friends}","0","""default""","""none""","0"
"{citizen 16}","{citizen 23}","[170 0 85 100]","""""","9.9","false","{breed social-friends}","0","""default""","""none""","0"
"{citizen 16}","{citizen 24}","[170 0 85 100]","""""","9.9","false","{breed social-friends}","0","""default""","""none""","0"
"{citizen 16}","{citizen 25}","[170 0 85 100]","""""","9.9","false","{breed social-friends}","0","""default""","""none""","0"
"{citizen 16}","{citizen 26}","[170 0 85 100]","""""","9.9","false","{breed social-friends}","0","""default""","""none""","0"
"{citizen 16}","{citizen 27}","[170 0 85 100]","""""","9.9","false","{breed social-friends}","0","""default""","""none""","0"
"{citizen 16}","{citizen 28}","[141 141 141 100]","""""","9.9","false","{breed social-friends}","0","""default""","""none""","0"
"{citizen 16}","{citizen 29}","[170 0 85 100]","""""","9.9","false","{breed social-friends}","0","""default""","""none""","0"
"{citizen 16}","{citizen 30}","[170 0 85 100]","""""","9.9","false","{breed social-friends}","0","""default""","""none""","0"
"{citizen 16}","{citizen 31}","[141 141 141 100]","""""","9.9","false","{breed social-friends}","0","""default""","""none""","0"
"{citizen 16}","{citizen 32}","[141 141 141 100]","""""","9.9","false","{breed social-friends}","0","""default""","""none""","0"
"{citizen 16}","{citizen 33}","[141 141 141 100]","""""","9.9","false","{breed social-friends}","0","""default""","""none""","0"
"{citizen 16}","{citizen 34}","[141 141 141 100]","""""","9.9","false","{breed social-friends}","0","""default""","""none""","0"
"{citizen 16}","{citizen 35}","[141 141 141 100]","""""","9.9","false","{breed social-friends}","0","""default""","""none""","0"
"{citizen 16}","{citizen 36}","[141 141 141 100]","""""","9.9","false","{breed social-friends}","0","""default""","""none""","0"
"{citizen 16}","{citizen 37}","[141 141 141 100]","""""","9.9","false","{breed social-friends}","0","""default""","""none""","0"
"{citizen 16}","{citizen 38}","[170 0 85 100]","""""","9.9","false","{breed social-friends}","0","""default""","""none""","0"
"{citizen 16}","{citizen 39}","[141 141 141 100]","""""","9.9","false","{breed social-friends}","0","""default""","""none""","0"
"{citizen 16}","{citizen 40}","[141 141 141 100]","""""","9.9","false","{breed social-friends}","0","""default""","""none""","0"
"{citizen 16}","{citizen 41}","[141 141 141 100]","""""","9.9","false","{breed social-friends}","0","""default""","""none""","0"
"{citizen 16}","{citizen 42}","[141 141 141 100]","""""","9.9","false","{breed social-friends}","0","""default""","""none""","0"
"{citizen 16}","{citizen 43}","[170 0 85 100]","""""","9.9","false","{breed social-friends}","0","""default""","""none""","0"
"{citizen 16}","{citizen 44}","[141 141 141 100]","""""","9.9","false","{breed social-friends}","0","""default""","""none""","0"
"{citizen 16}","{citizen 45}","[141 141 141 100]","""""","9.9","false","{breed social-friends}","0","""default""","""none""","0"
"{citizen 16}","{citizen 46}","[141 141 141 100]","""""","9.9","false","{breed social-friends}","0","""default""","""none""","0"
"{citizen 16}","{citizen 47}","[141 141 141 100]","""""","9.9","false","{breed social-friends}","0","""default""","""none""","0"
"{citizen 16}","{citizen 48}","[141 141 141 100]","""""","9.9","false","{breed social-friends}","0","""default""","""none""","0"
"{citizen 16}","{citizen 49}","[141 141 141 100]","""""","9.9","false","{breed social-friends}","0","""default""","""none""","0"
"{citizen 17}","{citizen 0}","[170 0 85 100]","""""","9.9","false","{breed social-friends}","0","""default""","""none""","0"
"{citizen 17}","{citizen 1}","[170 0 85 100]","""""","9.9","false","{breed social-friends}","0","""default""","""none""","0"
"{citizen 17}","{citizen 2}","[141 141 141 100]","""""","9.9","false","{breed social-friends}","0","""default""","""none""","0"
"{citizen 17}","{citizen 3}","[141 141 141 100]","""""","9.9","false","{breed social-friends}","0","""default""","""none""","0"
"{citizen 17}","{citizen 4}","[141 141 141 100]","""""","9.9","false","{breed social-friends}","0","""default""","""none""","0"
"{citizen 17}","{citizen 5}","[170 0 85 100]","""""","9.9","false","{breed social-friends}","0","""default""","""none""","0"
"{citizen 17}","{citizen 6}","[170 0 85 100]","""""","9.9","false","{breed social-friends}","0","""default""","""none""","0"
"{citizen 17}","{citizen 7}","[170 0 85 100]","""""","9.9","false","{breed social-friends}","0","""default""","""none""","0"
"{citizen 17}","{citizen 8}","[141 141 141 100]","""""","9.9","false","{breed social-friends}","0","""default""","""none""","0"
"{citizen 17}","{citizen 9}","[141 141 141 100]","""""","9.9","false","{breed social-friends}","0","""default""","""none""","0"
"{citizen 17}","{citizen 10}","[170 0 85 100]","""""","9.9","false","{breed social-friends}","0","""default""","""none""","0"
"{citizen 17}","{citizen 11}","[141 141 141 100]","""""","9.9","false","{breed social-friends}","0","""default""","""none""","0"
"{citizen 17}","{citizen 12}","[141 141 141 100]","""""","9.9","false","{breed social-friends}","0","""default""","""none""","0"
"{citizen 17}","{citizen 13}","[141 141 141 100]","""""","9.9","false","{breed social-friends}","0","""default""","""none""","0"
"{citizen 17}","{citizen 14}","[170 0 85 100]","""""","9.9","false","{breed social-friends}","0","""default""","""none""","0"
"{citizen 17}","{citizen 15}","[141 141 141 100]","""""","9.9","false","{breed social-friends}","0","""default""","""none""","0"
"{citizen 17}","{citizen 16}","[170 0 85 100]","""""","9.9","false","{breed social-friends}","0","""default""","""none""","0"
"{citizen 17}","{citizen 18}","[170 0 85 100]","""""","9.9","false","{breed social-friends}","0","""default""","""none""","0"
"{citizen 17}","{citizen 19}","[170 0 85 100]","""""","9.9","false","{breed social-friends}","0","""default""","""none""","0"
"{citizen 17}","{citizen 20}","[141 141 141 100]","""""","9.9","false","{breed social-friends}","0","""default""","""none""","0"
"{citizen 17}","{citizen 21}","[141 141 141 100]","""""","9.9","false","{breed social-friends}","0","""default""","""none""","0"
"{citizen 17}","{citizen 22}","[170 0 85 100]","""""","9.9","false","{breed social-friends}","0","""default""","""none""","0"
"{citizen 17}","{citizen 23}","[170 0 85 100]","""""","9.9","false","{breed social-friends}","0","""default""","""none""","0"
"{citizen 17}","{citizen 24}","[170 0 85 100]","""""","9.9","false","{breed social-friends}","0","""default""","""none""","0"
"{citizen 17}","{citizen 25}","[170 0 85 100]","""""","9.9","false","{breed social-friends}","0","""default""","""none""","0"
"{citizen 17}","{citizen 26}","[170 0 85 100]","""""","9.9","false","{breed social-friends}","0","""default""","""none""","0"
"{citizen 17}","{citizen 27}","[170 0 85 100]","""""","9.9","false","{breed social-friends}","0","""default""","""none""","0"
"{citizen 17}","{citizen 28}","[141 141 141 100]","""""","9.9","false","{breed social-friends}","0","""default""","""none""","0"
"{citizen 17}","{citizen 29}","[170 0 85 100]","""""","9.9","false","{breed social-friends}","0","""default""","""none""","0"
"{citizen 17}","{citizen 30}","[170 0 85 100]","""""","9.9","false","{breed social-friends}","0","""default""","""none""","0"
"{citizen 17}","{citizen 31}","[141 141 141 100]","""""","9.9","false","{breed social-friends}","0","""default""","""none""","0"
"{citizen 17}","{citizen 32}","[141 141 141 100]","""""","9.9","false","{breed social-friends}","0","""default""","""none""","0"
"{citizen 17}","{citizen 33}","[141 141 141 100]","""""","9.9","false","{breed social-friends}","0","""default""","""none""","0"
"{citizen 17}","{citizen 34}","[141 141 141 100]","""""","9.9","false","{breed social-friends}","0","""default""","""none""","0"
"{citizen 17}","{citizen 35}","[141 141 141 100]","""""","9.9","false","{breed social-friends}","0","""default""","""none""","0"
"{citizen 17}","{citizen 36}","[141 141 141 100]","""""","9.9","false","{breed social-friends}","0","""default""","""none""","0"
"{citizen 17}","{citizen 37}","[141 141 141 100]","""""","9.9","false","{breed social-friends}","0","""default""","""none""","0"
"{citizen 17}","{citizen 38}","[170 0 85 100]","""""","9.9","false","{breed social-friends}","0","""default""","""none""","0"
"{citizen 17}","{citizen 39}","[141 141 141 100]","""""","9.9","false","{breed social-friends}","0","""default""","""none""","0"
"{citizen 17}","{citizen 40}","[141 141 141 100]","""""","9.9","false","{breed social-friends}","0","""default""","""none""","0"
"{citizen 17}","{citizen 41}","[141 141 141 100]","""""","9.9","false","{breed social-friends}","0","""default""","""none""","0"
"{citizen 17}","{citizen 42}","[141 141 141 100]","""""","9.9","false","{breed social-friends}","0","""default""","""none""","0"
"{citizen 17}","{citizen 43}","[170 0 85 100]","""""","9.9","false","{breed social-friends}","0","""default""","""none""","0"
"{citizen 17}","{citizen 44}","[141 141 141 100]","""""","9.9","false","{breed social-friends}","0","""default""","""none""","0"
"{citizen 17}","{citizen 45}","[141 141 141 100]","""""","9.9","false","{breed social-friends}","0","""default""","""none""","0"
"{citizen 17}","{citizen 46}","[141 141 141 100]","""""","9.9","false","{breed social-friends}","0","""default""","""none""","0"
"{citizen 17}","{citizen 47}","[141 141 141 100]","""""","9.9","false","{breed social-friends}","0","""default""","""none""","0"
"{citizen 17}","{citizen 48}","[141 141 141 100]","""""","9.9","false","{breed social-friends}","0","""default""","""none""","0"
"{citizen 17}","{citizen 49}","[141 141 141 100]","""""","9.9","false","{breed social-friends}","0","""default""","""none""","0"
"{citizen 18}","{citizen 0}","[170 0 85 100]","""""","9.9","false","{breed social-friends}","0","""default""","""none""","0"
"{citizen 18}","{citizen 1}","[170 0 85 100]","""""","9.9","false","{breed social-friends}","0","""default""","""none""","0"
"{citizen 18}","{citizen 2}","[141 141 141 100]","""""","9.9","false","{breed social-friends}","0","""default""","""none""","0"
"{citizen 18}","{citizen 3}","[141 141 141 100]","""""","9.9","false","{breed social-friends}","0","""default""","""none""","0"
"{citizen 18}","{citizen 4}","[141 141 141 100]","""""","9.9","false","{breed social-friends}","0","""default""","""none""","0"
"{citizen 18}","{citizen 5}","[170 0 85 100]","""""","9.9","false","{breed social-friends}","0","""default""","""none""","0"
"{citizen 18}","{citizen 6}","[170 0 85 100]","""""","9.9","false","{breed social-friends}","0","""default""","""none""","0"
"{citizen 18}","{citizen 7}","[170 0 85 100]","""""","9.9","false","{breed social-friends}","0","""default""","""none""","0"
"{citizen 18}","{citizen 8}","[141 141 141 100]","""""","9.9","false","{breed social-friends}","0","""default""","""none""","0"
"{citizen 18}","{citizen 9}","[141 141 141 100]","""""","9.9","false","{breed social-friends}","0","""default""","""none""","0"
"{citizen 18}","{citizen 10}","[170 0 85 100]","""""","9.9","false","{breed social-friends}","0","""default""","""none""","0"
"{citizen 18}","{citizen 11}","[141 141 141 100]","""""","9.9","false","{breed social-friends}","0","""default""","""none""","0"
"{citizen 18}","{citizen 12}","[141 141 141 100]","""""","9.9","false","{breed social-friends}","0","""default""","""none""","0"
"{citizen 18}","{citizen 13}","[141 141 141 100]","""""","9.9","false","{breed social-friends}","0","""default""","""none""","0"
"{citizen 18}","{citizen 14}","[170 0 85 100]","""""","9.9","false","{breed social-friends}","0","""default""","""none""","0"
"{citizen 18}","{citizen 15}","[141 141 141 100]","""""","9.9","false","{breed social-friends}","0","""default""","""none""","0"
"{citizen 18}","{citizen 16}","[170 0 85 100]","""""","9.9","false","{breed social-friends}","0","""default""","""none""","0"
"{citizen 18}","{citizen 17}","[170 0 85 100]","""""","9.9","false","{breed social-friends}","0","""default""","""none""","0"
"{citizen 18}","{citizen 19}","[170 0 85 100]","""""","9.9","false","{breed social-friends}","0","""default""","""none""","0"
"{citizen 18}","{citizen 20}","[141 141 141 100]","""""","9.9","false","{breed social-friends}","0","""default""","""none""","0"
"{citizen 18}","{citizen 21}","[141 141 141 100]","""""","9.9","false","{breed social-friends}","0","""default""","""none""","0"
"{citizen 18}","{citizen 22}","[170 0 85 100]","""""","9.9","false","{breed social-friends}","0","""default""","""none""","0"
"{citizen 18}","{citizen 23}","[170 0 85 100]","""""","9.9","false","{breed social-friends}","0","""default""","""none""","0"
"{citizen 18}","{citizen 24}","[170 0 85 100]","""""","9.9","false","{breed social-friends}","0","""default""","""none""","0"
"{citizen 18}","{citizen 25}","[170 0 85 100]","""""","9.9","false","{breed social-friends}","0","""default""","""none""","0"
"{citizen 18}","{citizen 26}","[170 0 85 100]","""""","9.9","false","{breed social-friends}","0","""default""","""none""","0"
"{citizen 18}","{citizen 27}","[170 0 85 100]","""""","9.9","false","{breed social-friends}","0","""default""","""none""","0"
"{citizen 18}","{citizen 28}","[141 141 141 100]","""""","9.9","false","{breed social-friends}","0","""default""","""none""","0"
"{citizen 18}","{citizen 29}","[170 0 85 100]","""""","9.9","false","{breed social-friends}","0","""default""","""none""","0"
"{citizen 18}","{citizen 30}","[170 0 85 100]","""""","9.9","false","{breed social-friends}","0","""default""","""none""","0"
"{citizen 18}","{citizen 31}","[141 141 141 100]","""""","9.9","false","{breed social-friends}","0","""default""","""none""","0"
"{citizen 18}","{citizen 32}","[141 141 141 100]","""""","9.9","false","{breed social-friends}","0","""default""","""none""","0"
"{citizen 18}","{citizen 33}","[141 141 141 100]","""""","9.9","false","{breed social-friends}","0","""default""","""none""","0"
"{citizen 18}","{citizen 34}","[141 141 141 100]","""""","9.9","false","{breed social-friends}","0","""default""","""none""","0"
"{citizen 18}","{citizen 35}","[141 141 141 100]","""""","9.9","false","{breed social-friends}","0","""default""","""none""","0"
"{citizen 18}","{citizen 36}","[141 141 141 100]","""""","9.9","false","{breed social-friends}","0","""default""","""none""","0"
"{citizen 18}","{citizen 37}","[141 141 141 100]","""""","9.9","false","{breed social-friends}","0","""default""","""none""","0"
"{citizen 18}","{citizen 38}","[170 0 85 100]","""""","9.9","false","{breed social-friends}","0","""default""","""none""","0"
"{citizen 18}","{citizen 39}","[141 141 141 100]","""""","9.9","false","{breed social-friends}","0","""default""","""none""","0"
"{citizen 18}","{citizen 40}","[141 141 141 100]","""""","9.9","false","{breed social-friends}","0","""default""","""none""","0"
"{citizen 18}","{citizen 41}","[141 141 141 100]","""""","9.9","false","{breed social-friends}","0","""default""","""none""","0"
"{citizen 18}","{citizen 42}","[141 141 141 100]","""""","9.9","false","{breed social-friends}","0","""default""","""none""","0"
"{citizen 18}","{citizen 43}","[170 0 85 100]","""""","9.9","false","{breed social-friends}","0","""default""","""none""","0"
"{citizen 18}","{citizen 44}","[141 141 141 100]","""""","9.9","false","{breed social-friends}","0","""default""","""none""","0"
"{citizen 18}","{citizen 45}","[141 141 141 100]","""""","9.9","false","{breed social-friends}","0","""default""","""none""","0"
"{citizen 18}","{citizen 46}","[141 141 141 100]","""""","9.9","false","{breed social-friends}","0","""default""","""none""","0"
"{citizen 18}","{citizen 47}","[141 141 141 100]","""""","9.9","false","{breed social-friends}","0","""default""","""none""","0"
"{citizen 18}","{citizen 48}","[141 141 141 100]","""""","9.9","false","{breed social-friends}","0","""default""","""none""","0"
"{citizen 18}","{citizen 49}","[141 141 141 100]","""""","9.9","false","{breed social-friends}","0","""default""","""none""","0"
"{citizen 19}","{citizen 0}","[170 0 85 100]","""""","9.9","false","{breed social-friends}","0","""default""","""none""","0"
"{citizen 19}","{citizen 1}","[170 0 85 100]","""""","9.9","false","{breed social-friends}","0","""default""","""none""","0"
"{citizen 19}","{citizen 2}","[141 141 141 100]","""""","9.9","false","{breed social-friends}","0","""default""","""none""","0"
"{citizen 19}","{citizen 3}","[141 141 141 100]","""""","9.9","false","{breed social-friends}","0","""default""","""none""","0"
"{citizen 19}","{citizen 4}","[141 141 141 100]","""""","9.9","false","{breed social-friends}","0","""default""","""none""","0"
"{citizen 19}","{citizen 5}","[170 0 85 100]","""""","9.9","false","{breed social-friends}","0","""default""","""none""","0"
"{citizen 19}","{citizen 6}","[170 0 85 100]","""""","9.9","false","{breed social-friends}","0","""default""","""none""","0"
"{citizen 19}","{citizen 7}","[170 0 85 100]","""""","9.9","false","{breed social-friends}","0","""default""","""none""","0"
"{citizen 19}","{citizen 8}","[141 141 141 100]","""""","9.9","false","{breed social-friends}","0","""default""","""none""","0"
"{citizen 19}","{citizen 9}","[141 141 141 100]","""""","9.9","false","{breed social-friends}","0","""default""","""none""","0"
"{citizen 19}","{citizen 10}","[170 0 85 100]","""""","9.9","false","{breed social-friends}","0","""default""","""none""","0"
"{citizen 19}","{citizen 11}","[141 141 141 100]","""""","9.9","false","{breed social-friends}","0","""default""","""none""","0"
"{citizen 19}","{citizen 12}","[141 141 141 100]","""""","9.9","false","{breed social-friends}","0","""default""","""none""","0"
"{citizen 19}","{citizen 13}","[141 141 141 100]","""""","9.9","false","{breed social-friends}","0","""default""","""none""","0"
"{citizen 19}","{citizen 14}","[170 0 85 100]","""""","9.9","false","{breed social-friends}","0","""default""","""none""","0"
"{citizen 19}","{citizen 15}","[141 141 141 100]","""""","9.9","false","{breed social-friends}","0","""default""","""none""","0"
"{citizen 19}","{citizen 16}","[170 0 85 100]","""""","9.9","false","{breed social-friends}","0","""default""","""none""","0"
"{citizen 19}","{citizen 17}","[170 0 85 100]","""""","9.9","false","{breed social-friends}","0","""default""","""none""","0"
"{citizen 19}","{citizen 18}","[170 0 85 100]","""""","9.9","false","{breed social-friends}","0","""default""","""none""","0"
"{citizen 19}","{citizen 20}","[141 141 141 100]","""""","9.9","false","{breed social-friends}","0","""default""","""none""","0"
"{citizen 19}","{citizen 21}","[141 141 141 100]","""""","9.9","false","{breed social-friends}","0","""default""","""none""","0"
"{citizen 19}","{citizen 22}","[170 0 85 100]","""""","9.9","false","{breed social-friends}","0","""default""","""none""","0"
"{citizen 19}","{citizen 23}","[170 0 85 100]","""""","9.9","false","{breed social-friends}","0","""default""","""none""","0"
"{citizen 19}","{citizen 24}","[170 0 85 100]","""""","9.9","false","{breed social-friends}","0","""default""","""none""","0"
"{citizen 19}","{citizen 25}","[170 0 85 100]","""""","9.9","false","{breed social-friends}","0","""default""","""none""","0"
"{citizen 19}","{citizen 26}","[170 0 85 100]","""""","9.9","false","{breed social-friends}","0","""default""","""none""","0"
"{citizen 19}","{citizen 27}","[170 0 85 100]","""""","9.9","false","{breed social-friends}","0","""default""","""none""","0"
"{citizen 19}","{citizen 28}","[141 141 141 100]","""""","9.9","false","{breed social-friends}","0","""default""","""none""","0"
"{citizen 19}","{citizen 29}","[170 0 85 100]","""""","9.9","false","{breed social-friends}","0","""default""","""none""","0"
"{citizen 19}","{citizen 30}","[170 0 85 100]","""""","9.9","false","{breed social-friends}","0","""default""","""none""","0"
"{citizen 19}","{citizen 31}","[141 141 141 100]","""""","9.9","false","{breed social-friends}","0","""default""","""none""","0"
"{citizen 19}","{citizen 32}","[141 141 141 100]","""""","9.9","false","{breed social-friends}","0","""default""","""none""","0"
"{citizen 19}","{citizen 33}","[141 141 141 100]","""""","9.9","false","{breed social-friends}","0","""default""","""none""","0"
"{citizen 19}","{citizen 34}","[141 141 141 100]","""""","9.9","false","{breed social-friends}","0","""default""","""none""","0"
"{citizen 19}","{citizen 35}","[141 141 141 100]","""""","9.9","false","{breed social-friends}","0","""default""","""none""","0"
"{citizen 19}","{citizen 36}","[141 141 141 100]","""""","9.9","false","{breed social-friends}","0","""default""","""none""","0"
"{citizen 19}","{citizen 37}","[141 141 141 100]","""""","9.9","false","{breed social-friends}","0","""default""","""none""","0"
"{citizen 19}","{citizen 38}","[170 0 85 100]","""""","9.9","false","{breed social-friends}","0","""default""","""none""","0"
"{citizen 19}","{citizen 39}","[141 141 141 100]","""""","9.9","false","{breed social-friends}","0","""default""","""none""","0"
"{citizen 19}","{citizen 40}","[141 141 141 100]","""""","9.9","false","{breed social-friends}","0","""default""","""none""","0"
"{citizen 19}","{citizen 41}","[141 141 141 100]","""""","9.9","false","{breed social-friends}","0","""default""","""none""","0"
"{citizen 19}","{citizen 42}","[141 141 141 100]","""""","9.9","false","{breed social-friends}","0","""default""","""none""","0"
"{citizen 19}","{citizen 43}","[170 0 85 100]","""""","9.9","false","{breed social-friends}","0","""default""","""none""","0"
"{citizen 19}","{citizen 44}","[141 141 141 100]","""""","9.9","false","{breed social-friends}","0","""default""","""none""","0"
"{citizen 19}","{citizen 45}","[141 141 141 100]","""""","9.9","false","{breed social-friends}","0","""default""","""none""","0"
"{citizen 19}","{citizen 46}","[141 141 141 100]","""""","9.9","false","{breed social-friends}","0","""default""","""none""","0"
"{citizen 19}","{citizen 47}","[141 141 141 100]","""""","9.9","false","{breed social-friends}","0","""default""","""none""","0"
"{citizen 19}","{citizen 48}","[141 141 141 100]","""""","9.9","false","{breed social-friends}","0","""default""","""none""","0"
"{citizen 19}","{citizen 49}","[141 141 141 100]","""""","9.9","false","{breed social-friends}","0","""default""","""none""","0"
"{citizen 20}","{citizen 0}","[141 141 141 100]","""""","9.9","false","{breed social-friends}","0","""default""","""none""","0"
"{citizen 20}","{citizen 1}","[141 141 141 100]","""""","9.9","false","{breed social-friends}","0","""default""","""none""","0"
"{citizen 20}","{citizen 2}","[85 0 170 100]","""""","9.9","false","{breed social-friends}","0","""default""","""none""","0"
"{citizen 20}","{citizen 3}","[85 0 170 100]","""""","9.9","false","{breed social-friends}","0","""default""","""none""","0"
"{citizen 20}","{citizen 4}","[85 0 170 100]","""""","9.9","false","{breed social-friends}","0","""default""","""none""","0"
"{citizen 20}","{citizen 5}","[141 141 141 100]","""""","9.9","false","{breed social-friends}","0","""default""","""none""","0"
"{citizen 20}","{citizen 6}","[141 141 141 100]","""""","9.9","false","{breed social-friends}","0","""default""","""none""","0"
"{citizen 20}","{citizen 7}","[141 141 141 100]","""""","9.9","false","{breed social-friends}","0","""default""","""none""","0"
"{citizen 20}","{citizen 8}","[85 0 170 100]","""""","9.9","false","{breed social-friends}","0","""default""","""none""","0"
"{citizen 20}","{citizen 9}","[85 0 170 100]","""""","9.9","false","{breed social-friends}","0","""default""","""none""","0"
"{citizen 20}","{citizen 10}","[141 141 141 100]","""""","9.9","false","{breed social-friends}","0","""default""","""none""","0"
"{citizen 20}","{citizen 11}","[85 0 170 100]","""""","9.9","false","{breed social-friends}","0","""default""","""none""","0"
"{citizen 20}","{citizen 12}","[85 0 170 100]","""""","9.9","false","{breed social-friends}","0","""default""","""none""","0"
"{citizen 20}","{citizen 13}","[85 0 170 100]","""""","9.9","false","{breed social-friends}","0","""default""","""none""","0"
"{citizen 20}","{citizen 14}","[141 141 141 100]","""""","9.9","false","{breed social-friends}","0","""default""","""none""","0"
"{citizen 20}","{citizen 15}","[85 0 170 100]","""""","9.9","false","{breed social-friends}","0","""default""","""none""","0"
"{citizen 20}","{citizen 16}","[141 141 141 100]","""""","9.9","false","{breed social-friends}","0","""default""","""none""","0"
"{citizen 20}","{citizen 17}","[141 141 141 100]","""""","9.9","false","{breed social-friends}","0","""default""","""none""","0"
"{citizen 20}","{citizen 18}","[141 141 141 100]","""""","9.9","false","{breed social-friends}","0","""default""","""none""","0"
"{citizen 20}","{citizen 19}","[141 141 141 100]","""""","9.9","false","{breed social-friends}","0","""default""","""none""","0"
"{citizen 20}","{citizen 21}","[85 0 170 100]","""""","9.9","false","{breed social-friends}","0","""default""","""none""","0"
"{citizen 20}","{citizen 22}","[141 141 141 100]","""""","9.9","false","{breed social-friends}","0","""default""","""none""","0"
"{citizen 20}","{citizen 23}","[141 141 141 100]","""""","9.9","false","{breed social-friends}","0","""default""","""none""","0"
"{citizen 20}","{citizen 24}","[141 141 141 100]","""""","9.9","false","{breed social-friends}","0","""default""","""none""","0"
"{citizen 20}","{citizen 25}","[141 141 141 100]","""""","9.9","false","{breed social-friends}","0","""default""","""none""","0"
"{citizen 20}","{citizen 26}","[141 141 141 100]","""""","9.9","false","{breed social-friends}","0","""default""","""none""","0"
"{citizen 20}","{citizen 27}","[141 141 141 100]","""""","9.9","false","{breed social-friends}","0","""default""","""none""","0"
"{citizen 20}","{citizen 28}","[85 0 170 100]","""""","9.9","false","{breed social-friends}","0","""default""","""none""","0"
"{citizen 20}","{citizen 29}","[141 141 141 100]","""""","9.9","false","{breed social-friends}","0","""default""","""none""","0"
"{citizen 20}","{citizen 30}","[141 141 141 100]","""""","9.9","false","{breed social-friends}","0","""default""","""none""","0"
"{citizen 20}","{citizen 31}","[85 0 170 100]","""""","9.9","false","{breed social-friends}","0","""default""","""none""","0"
"{citizen 20}","{citizen 32}","[85 0 170 100]","""""","9.9","false","{breed social-friends}","0","""default""","""none""","0"
"{citizen 20}","{citizen 33}","[85 0 170 100]","""""","9.9","false","{breed social-friends}","0","""default""","""none""","0"
"{citizen 20}","{citizen 34}","[85 0 170 100]","""""","9.9","false","{breed social-friends}","0","""default""","""none""","0"
"{citizen 20}","{citizen 35}","[85 0 170 100]","""""","9.9","false","{breed social-friends}","0","""default""","""none""","0"
"{citizen 20}","{citizen 36}","[85 0 170 100]","""""","9.9","false","{breed social-friends}","0","""default""","""none""","0"
"{citizen 20}","{citizen 37}","[85 0 170 100]","""""","9.9","false","{breed social-friends}","0","""default""","""none""","0"
"{citizen 20}","{citizen 38}","[141 141 141 100]","""""","9.9","false","{breed social-friends}","0","""default""","""none""","0"
"{citizen 20}","{citizen 39}","[85 0 170 100]","""""","9.9","false","{breed social-friends}","0","""default""","""none""","0"
"{citizen 20}","{citizen 40}","[85 0 170 100]","""""","9.9","false","{breed social-friends}","0","""default""","""none""","0"
"{citizen 20}","{citizen 41}","[85 0 170 100]","""""","9.9","false","{breed social-friends}","0","""default""","""none""","0"
"{citizen 20}","{citizen 42}","[85 0 170 100]","""""","9.9","false","{breed social-friends}","0","""default""","""none""","0"
"{citizen 20}","{citizen 43}","[141 141 141 100]","""""","9.9","false","{breed social-friends}","0","""default""","""none""","0"
"{citizen 20}","{citizen 44}","[85 0 170 100]","""""","9.9","false","{breed social-friends}","0","""default""","""none""","0"
"{citizen 20}","{citizen 45}","[85 0 170 100]","""""","9.9","false","{breed social-friends}","0","""default""","""none""","0"
"{citizen 20}","{citizen 46}","[85 0 170 100]","""""","9.9","false","{breed social-friends}","0","""default""","""none""","0"
"{citizen 20}","{citizen 47}","[85 0 170 100]","""""","9.9","false","{breed social-friends}","0","""default""","""none""","0"
"{citizen 20}","{citizen 48}","[85 0 170 100]","""""","9.9","false","{breed social-friends}","0","""default""","""none""","0"
"{citizen 20}","{citizen 49}","[85 0 170 100]","""""","9.9","false","{breed social-friends}","0","""default""","""none""","0"
"{citizen 21}","{citizen 0}","[141 141 141 100]","""""","9.9","false","{breed social-friends}","0","""default""","""none""","0"
"{citizen 21}","{citizen 1}","[141 141 141 100]","""""","9.9","false","{breed social-friends}","0","""default""","""none""","0"
"{citizen 21}","{citizen 2}","[85 0 170 100]","""""","9.9","false","{breed social-friends}","0","""default""","""none""","0"
"{citizen 21}","{citizen 3}","[85 0 170 100]","""""","9.9","false","{breed social-friends}","0","""default""","""none""","0"
"{citizen 21}","{citizen 4}","[85 0 170 100]","""""","9.9","false","{breed social-friends}","0","""default""","""none""","0"
"{citizen 21}","{citizen 5}","[141 141 141 100]","""""","9.9","false","{breed social-friends}","0","""default""","""none""","0"
"{citizen 21}","{citizen 6}","[141 141 141 100]","""""","9.9","false","{breed social-friends}","0","""default""","""none""","0"
"{citizen 21}","{citizen 7}","[141 141 141 100]","""""","9.9","false","{breed social-friends}","0","""default""","""none""","0"
"{citizen 21}","{citizen 8}","[85 0 170 100]","""""","9.9","false","{breed social-friends}","0","""default""","""none""","0"
"{citizen 21}","{citizen 9}","[85 0 170 100]","""""","9.9","false","{breed social-friends}","0","""default""","""none""","0"
"{citizen 21}","{citizen 10}","[141 141 141 100]","""""","9.9","false","{breed social-friends}","0","""default""","""none""","0"
"{citizen 21}","{citizen 11}","[85 0 170 100]","""""","9.9","false","{breed social-friends}","0","""default""","""none""","0"
"{citizen 21}","{citizen 12}","[85 0 170 100]","""""","9.9","false","{breed social-friends}","0","""default""","""none""","0"
"{citizen 21}","{citizen 13}","[85 0 170 100]","""""","9.9","false","{breed social-friends}","0","""default""","""none""","0"
"{citizen 21}","{citizen 14}","[141 141 141 100]","""""","9.9","false","{breed social-friends}","0","""default""","""none""","0"
"{citizen 21}","{citizen 15}","[85 0 170 100]","""""","9.9","false","{breed social-friends}","0","""default""","""none""","0"
"{citizen 21}","{citizen 16}","[141 141 141 100]","""""","9.9","false","{breed social-friends}","0","""default""","""none""","0"
"{citizen 21}","{citizen 17}","[141 141 141 100]","""""","9.9","false","{breed social-friends}","0","""default""","""none""","0"
"{citizen 21}","{citizen 18}","[141 141 141 100]","""""","9.9","false","{breed social-friends}","0","""default""","""none""","0"
"{citizen 21}","{citizen 19}","[141 141 141 100]","""""","9.9","false","{breed social-friends}","0","""default""","""none""","0"
"{citizen 21}","{citizen 20}","[85 0 170 100]","""""","9.9","false","{breed social-friends}","0","""default""","""none""","0"
"{citizen 21}","{citizen 22}","[141 141 141 100]","""""","9.9","false","{breed social-friends}","0","""default""","""none""","0"
"{citizen 21}","{citizen 23}","[141 141 141 100]","""""","9.9","false","{breed social-friends}","0","""default""","""none""","0"
"{citizen 21}","{citizen 24}","[141 141 141 100]","""""","9.9","false","{breed social-friends}","0","""default""","""none""","0"
"{citizen 21}","{citizen 25}","[141 141 141 100]","""""","9.9","false","{breed social-friends}","0","""default""","""none""","0"
"{citizen 21}","{citizen 26}","[141 141 141 100]","""""","9.9","false","{breed social-friends}","0","""default""","""none""","0"
"{citizen 21}","{citizen 27}","[141 141 141 100]","""""","9.9","false","{breed social-friends}","0","""default""","""none""","0"
"{citizen 21}","{citizen 28}","[85 0 170 100]","""""","9.9","false","{breed social-friends}","0","""default""","""none""","0"
"{citizen 21}","{citizen 29}","[141 141 141 100]","""""","9.9","false","{breed social-friends}","0","""default""","""none""","0"
"{citizen 21}","{citizen 30}","[141 141 141 100]","""""","9.9","false","{breed social-friends}","0","""default""","""none""","0"
"{citizen 21}","{citizen 31}","[85 0 170 100]","""""","9.9","false","{breed social-friends}","0","""default""","""none""","0"
"{citizen 21}","{citizen 32}","[85 0 170 100]","""""","9.9","false","{breed social-friends}","0","""default""","""none""","0"
"{citizen 21}","{citizen 33}","[85 0 170 100]","""""","9.9","false","{breed social-friends}","0","""default""","""none""","0"
"{citizen 21}","{citizen 34}","[85 0 170 100]","""""","9.9","false","{breed social-friends}","0","""default""","""none""","0"
"{citizen 21}","{citizen 35}","[85 0 170 100]","""""","9.9","false","{breed social-friends}","0","""default""","""none""","0"
"{citizen 21}","{citizen 36}","[85 0 170 100]","""""","9.9","false","{breed social-friends}","0","""default""","""none""","0"
"{citizen 21}","{citizen 37}","[85 0 170 100]","""""","9.9","false","{breed social-friends}","0","""default""","""none""","0"
"{citizen 21}","{citizen 38}","[141 141 141 100]","""""","9.9","false","{breed social-friends}","0","""default""","""none""","0"
"{citizen 21}","{citizen 39}","[85 0 170 100]","""""","9.9","false","{breed social-friends}","0","""default""","""none""","0"
"{citizen 21}","{citizen 40}","[85 0 170 100]","""""","9.9","false","{breed social-friends}","0","""default""","""none""","0"
"{citizen 21}","{citizen 41}","[85 0 170 100]","""""","9.9","false","{breed social-friends}","0","""default""","""none""","0"
"{citizen 21}","{citizen 42}","[85 0 170 100]","""""","9.9","false","{breed social-friends}","0","""default""","""none""","0"
"{citizen 21}","{citizen 43}","[141 141 141 100]","""""","9.9","false","{breed social-friends}","0","""default""","""none""","0"
"{citizen 21}","{citizen 44}","[85 0 170 100]","""""","9.9","false","{breed social-friends}","0","""default""","""none""","0"
"{citizen 21}","{citizen 45}","[85 0 170 100]","""""","9.9","false","{breed social-friends}","0","""default""","""none""","0"
"{citizen 21}","{citizen 46}","[85 0 170 100]","""""","9.9","false","{breed social-friends}","0","""default""","""none""","0"
"{citizen 21}","{citizen 47}","[85 0 170 100]","""""","9.9","false","{breed social-friends}","0","""default""","""none""","0"
"{citizen 21}","{citizen 48}","[85 0 170 100]","""""","9.9","false","{breed social-friends}","0","""default""","""none""","0"
"{citizen 21}","{citizen 49}","[85 0 170 100]","""""","9.9","false","{breed social-friends}","0","""default""","""none""","0"
"{citizen 22}","{citizen 0}","[170 0 85 100]","""""","9.9","false","{breed social-friends}","0","""default""","""none""","0"
"{citizen 22}","{citizen 1}","[170 0 85 100]","""""","9.9","false","{breed social-friends}","0","""default""","""none""","0"
"{citizen 22}","{citizen 2}","[141 141 141 100]","""""","9.9","false","{breed social-friends}","0","""default""","""none""","0"
"{citizen 22}","{citizen 3}","[141 141 141 100]","""""","9.9","false","{breed social-friends}","0","""default""","""none""","0"
"{citizen 22}","{citizen 4}","[141 141 141 100]","""""","9.9","false","{breed social-friends}","0","""default""","""none""","0"
"{citizen 22}","{citizen 5}","[170 0 85 100]","""""","9.9","false","{breed social-friends}","0","""default""","""none""","0"
"{citizen 22}","{citizen 6}","[170 0 85 100]","""""","9.9","false","{breed social-friends}","0","""default""","""none""","0"
"{citizen 22}","{citizen 7}","[170 0 85 100]","""""","9.9","false","{breed social-friends}","0","""default""","""none""","0"
"{citizen 22}","{citizen 8}","[141 141 141 100]","""""","9.9","false","{breed social-friends}","0","""default""","""none""","0"
"{citizen 22}","{citizen 9}","[141 141 141 100]","""""","9.9","false","{breed social-friends}","0","""default""","""none""","0"
"{citizen 22}","{citizen 10}","[170 0 85 100]","""""","9.9","false","{breed social-friends}","0","""default""","""none""","0"
"{citizen 22}","{citizen 11}","[141 141 141 100]","""""","9.9","false","{breed social-friends}","0","""default""","""none""","0"
"{citizen 22}","{citizen 12}","[141 141 141 100]","""""","9.9","false","{breed social-friends}","0","""default""","""none""","0"
"{citizen 22}","{citizen 13}","[141 141 141 100]","""""","9.9","false","{breed social-friends}","0","""default""","""none""","0"
"{citizen 22}","{citizen 14}","[170 0 85 100]","""""","9.9","false","{breed social-friends}","0","""default""","""none""","0"
"{citizen 22}","{citizen 15}","[141 141 141 100]","""""","9.9","false","{breed social-friends}","0","""default""","""none""","0"
"{citizen 22}","{citizen 16}","[170 0 85 100]","""""","9.9","false","{breed social-friends}","0","""default""","""none""","0"
"{citizen 22}","{citizen 17}","[170 0 85 100]","""""","9.9","false","{breed social-friends}","0","""default""","""none""","0"
"{citizen 22}","{citizen 18}","[170 0 85 100]","""""","9.9","false","{breed social-friends}","0","""default""","""none""","0"
"{citizen 22}","{citizen 19}","[170 0 85 100]","""""","9.9","false","{breed social-friends}","0","""default""","""none""","0"
"{citizen 22}","{citizen 20}","[141 141 141 100]","""""","9.9","false","{breed social-friends}","0","""default""","""none""","0"
"{citizen 22}","{citizen 21}","[141 141 141 100]","""""","9.9","false","{breed social-friends}","0","""default""","""none""","0"
"{citizen 22}","{citizen 23}","[170 0 85 100]","""""","9.9","false","{breed social-friends}","0","""default""","""none""","0"
"{citizen 22}","{citizen 24}","[170 0 85 100]","""""","9.9","false","{breed social-friends}","0","""default""","""none""","0"
"{citizen 22}","{citizen 25}","[170 0 85 100]","""""","9.9","false","{breed social-friends}","0","""default""","""none""","0"
"{citizen 22}","{citizen 26}","[170 0 85 100]","""""","9.9","false","{breed social-friends}","0","""default""","""none""","0"
"{citizen 22}","{citizen 27}","[170 0 85 100]","""""","9.9","false","{breed social-friends}","0","""default""","""none""","0"
"{citizen 22}","{citizen 28}","[141 141 141 100]","""""","9.9","false","{breed social-friends}","0","""default""","""none""","0"
"{citizen 22}","{citizen 29}","[170 0 85 100]","""""","9.9","false","{breed social-friends}","0","""default""","""none""","0"
"{citizen 22}","{citizen 30}","[170 0 85 100]","""""","9.9","false","{breed social-friends}","0","""default""","""none""","0"
"{citizen 22}","{citizen 31}","[141 141 141 100]","""""","9.9","false","{breed social-friends}","0","""default""","""none""","0"
"{citizen 22}","{citizen 32}","[141 141 141 100]","""""","9.9","false","{breed social-friends}","0","""default""","""none""","0"
"{citizen 22}","{citizen 33}","[141 141 141 100]","""""","9.9","false","{breed social-friends}","0","""default""","""none""","0"
"{citizen 22}","{citizen 34}","[141 141 141 100]","""""","9.9","false","{breed social-friends}","0","""default""","""none""","0"
"{citizen 22}","{citizen 35}","[141 141 141 100]","""""","9.9","false","{breed social-friends}","0","""default""","""none""","0"
"{citizen 22}","{citizen 36}","[141 141 141 100]","""""","9.9","false","{breed social-friends}","0","""default""","""none""","0"
"{citizen 22}","{citizen 37}","[141 141 141 100]","""""","9.9","false","{breed social-friends}","0","""default""","""none""","0"
"{citizen 22}","{citizen 38}","[170 0 85 100]","""""","9.9","false","{breed social-friends}","0","""default""","""none""","0"
"{citizen 22}","{citizen 39}","[141 141 141 100]","""""","9.9","false","{breed social-friends}","0","""default""","""none""","0"
"{citizen 22}","{citizen 40}","[141 141 141 100]","""""","9.9","false","{breed social-friends}","0","""default""","""none""","0"
"{citizen 22}","{citizen 41}","[141 141 141 100]","""""","9.9","false","{breed social-friends}","0","""default""","""none""","0"
"{citizen 22}","{citizen 42}","[141 141 141 100]","""""","9.9","false","{breed social-friends}","0","""default""","""none""","0"
"{citizen 22}","{citizen 43}","[170 0 85 100]","""""","9.9","false","{breed social-friends}","0","""default""","""none""","0"
"{citizen 22}","{citizen 44}","[141 141 141 100]","""""","9.9","false","{breed social-friends}","0","""default""","""none""","0"
"{citizen 22}","{citizen 45}","[141 141 141 100]","""""","9.9","false","{breed social-friends}","0","""default""","""none""","0"
"{citizen 22}","{citizen 46}","[141 141 141 100]","""""","9.9","false","{breed social-friends}","0","""default""","""none""","0"
"{citizen 22}","{citizen 47}","[141 141 141 100]","""""","9.9","false","{breed social-friends}","0","""default""","""none""","0"
"{citizen 22}","{citizen 48}","[141 141 141 100]","""""","9.9","false","{breed social-friends}","0","""default""","""none""","0"
"{citizen 22}","{citizen 49}","[141 141 141 100]","""""","9.9","false","{breed social-friends}","0","""default""","""none""","0"
"{citizen 23}","{citizen 0}","[170 0 85 100]","""""","9.9","false","{breed social-friends}","0","""default""","""none""","0"
"{citizen 23}","{citizen 1}","[170 0 85 100]","""""","9.9","false","{breed social-friends}","0","""default""","""none""","0"
"{citizen 23}","{citizen 2}","[141 141 141 100]","""""","9.9","false","{breed social-friends}","0","""default""","""none""","0"
"{citizen 23}","{citizen 3}","[141 141 141 100]","""""","9.9","false","{breed social-friends}","0","""default""","""none""","0"
"{citizen 23}","{citizen 4}","[141 141 141 100]","""""","9.9","false","{breed social-friends}","0","""default""","""none""","0"
"{citizen 23}","{citizen 5}","[170 0 85 100]","""""","9.9","false","{breed social-friends}","0","""default""","""none""","0"
"{citizen 23}","{citizen 6}","[170 0 85 100]","""""","9.9","false","{breed social-friends}","0","""default""","""none""","0"
"{citizen 23}","{citizen 7}","[170 0 85 100]","""""","9.9","false","{breed social-friends}","0","""default""","""none""","0"
"{citizen 23}","{citizen 8}","[141 141 141 100]","""""","9.9","false","{breed social-friends}","0","""default""","""none""","0"
"{citizen 23}","{citizen 9}","[141 141 141 100]","""""","9.9","false","{breed social-friends}","0","""default""","""none""","0"
"{citizen 23}","{citizen 10}","[170 0 85 100]","""""","9.9","false","{breed social-friends}","0","""default""","""none""","0"
"{citizen 23}","{citizen 11}","[141 141 141 100]","""""","9.9","false","{breed social-friends}","0","""default""","""none""","0"
"{citizen 23}","{citizen 12}","[141 141 141 100]","""""","9.9","false","{breed social-friends}","0","""default""","""none""","0"
"{citizen 23}","{citizen 13}","[141 141 141 100]","""""","9.9","false","{breed social-friends}","0","""default""","""none""","0"
"{citizen 23}","{citizen 14}","[170 0 85 100]","""""","9.9","false","{breed social-friends}","0","""default""","""none""","0"
"{citizen 23}","{citizen 15}","[141 141 141 100]","""""","9.9","false","{breed social-friends}","0","""default""","""none""","0"
"{citizen 23}","{citizen 16}","[170 0 85 100]","""""","9.9","false","{breed social-friends}","0","""default""","""none""","0"
"{citizen 23}","{citizen 17}","[170 0 85 100]","""""","9.9","false","{breed social-friends}","0","""default""","""none""","0"
"{citizen 23}","{citizen 18}","[170 0 85 100]","""""","9.9","false","{breed social-friends}","0","""default""","""none""","0"
"{citizen 23}","{citizen 19}","[170 0 85 100]","""""","9.9","false","{breed social-friends}","0","""default""","""none""","0"
"{citizen 23}","{citizen 20}","[141 141 141 100]","""""","9.9","false","{breed social-friends}","0","""default""","""none""","0"
"{citizen 23}","{citizen 21}","[141 141 141 100]","""""","9.9","false","{breed social-friends}","0","""default""","""none""","0"
"{citizen 23}","{citizen 22}","[170 0 85 100]","""""","9.9","false","{breed social-friends}","0","""default""","""none""","0"
"{citizen 23}","{citizen 24}","[170 0 85 100]","""""","9.9","false","{breed social-friends}","0","""default""","""none""","0"
"{citizen 23}","{citizen 25}","[170 0 85 100]","""""","9.9","false","{breed social-friends}","0","""default""","""none""","0"
"{citizen 23}","{citizen 26}","[170 0 85 100]","""""","9.9","false","{breed social-friends}","0","""default""","""none""","0"
"{citizen 23}","{citizen 27}","[170 0 85 100]","""""","9.9","false","{breed social-friends}","0","""default""","""none""","0"
"{citizen 23}","{citizen 28}","[141 141 141 100]","""""","9.9","false","{breed social-friends}","0","""default""","""none""","0"
"{citizen 23}","{citizen 29}","[170 0 85 100]","""""","9.9","false","{breed social-friends}","0","""default""","""none""","0"
"{citizen 23}","{citizen 30}","[170 0 85 100]","""""","9.9","false","{breed social-friends}","0","""default""","""none""","0"
"{citizen 23}","{citizen 31}","[141 141 141 100]","""""","9.9","false","{breed social-friends}","0","""default""","""none""","0"
"{citizen 23}","{citizen 32}","[141 141 141 100]","""""","9.9","false","{breed social-friends}","0","""default""","""none""","0"
"{citizen 23}","{citizen 33}","[141 141 141 100]","""""","9.9","false","{breed social-friends}","0","""default""","""none""","0"
"{citizen 23}","{citizen 34}","[141 141 141 100]","""""","9.9","false","{breed social-friends}","0","""default""","""none""","0"
"{citizen 23}","{citizen 35}","[141 141 141 100]","""""","9.9","false","{breed social-friends}","0","""default""","""none""","0"
"{citizen 23}","{citizen 36}","[141 141 141 100]","""""","9.9","false","{breed social-friends}","0","""default""","""none""","0"
"{citizen 23}","{citizen 37}","[141 141 141 100]","""""","9.9","false","{breed social-friends}","0","""default""","""none""","0"
"{citizen 23}","{citizen 38}","[170 0 85 100]","""""","9.9","false","{breed social-friends}","0","""default""","""none""","0"
"{citizen 23}","{citizen 39}","[141 141 141 100]","""""","9.9","false","{breed social-friends}","0","""default""","""none""","0"
"{citizen 23}","{citizen 40}","[141 141 141 100]","""""","9.9","false","{breed social-friends}","0","""default""","""none""","0"
"{citizen 23}","{citizen 41}","[141 141 141 100]","""""","9.9","false","{breed social-friends}","0","""default""","""none""","0"
"{citizen 23}","{citizen 42}","[141 141 141 100]","""""","9.9","false","{breed social-friends}","0","""default""","""none""","0"
"{citizen 23}","{citizen 43}","[170 0 85 100]","""""","9.9","false","{breed social-friends}","0","""default""","""none""","0"
"{citizen 23}","{citizen 44}","[141 141 141 100]","""""","9.9","false","{breed social-friends}","0","""default""","""none""","0"
"{citizen 23}","{citizen 45}","[141 141 141 100]","""""","9.9","false","{breed social-friends}","0","""default""","""none""","0"
"{citizen 23}","{citizen 46}","[141 141 141 100]","""""","9.9","false","{breed social-friends}","0","""default""","""none""","0"
"{citizen 23}","{citizen 47}","[141 141 141 100]","""""","9.9","false","{breed social-friends}","0","""default""","""none""","0"
"{citizen 23}","{citizen 48}","[141 141 141 100]","""""","9.9","false","{breed social-friends}","0","""default""","""none""","0"
"{citizen 23}","{citizen 49}","[141 141 141 100]","""""","9.9","false","{breed social-friends}","0","""default""","""none""","0"
"{citizen 24}","{citizen 0}","[170 0 85 100]","""""","9.9","false","{breed social-friends}","0","""default""","""none""","0"
"{citizen 24}","{citizen 1}","[170 0 85 100]","""""","9.9","false","{breed social-friends}","0","""default""","""none""","0"
"{citizen 24}","{citizen 2}","[141 141 141 100]","""""","9.9","false","{breed social-friends}","0","""default""","""none""","0"
"{citizen 24}","{citizen 3}","[141 141 141 100]","""""","9.9","false","{breed social-friends}","0","""default""","""none""","0"
"{citizen 24}","{citizen 4}","[141 141 141 100]","""""","9.9","false","{breed social-friends}","0","""default""","""none""","0"
"{citizen 24}","{citizen 5}","[170 0 85 100]","""""","9.9","false","{breed social-friends}","0","""default""","""none""","0"
"{citizen 24}","{citizen 6}","[170 0 85 100]","""""","9.9","false","{breed social-friends}","0","""default""","""none""","0"
"{citizen 24}","{citizen 7}","[170 0 85 100]","""""","9.9","false","{breed social-friends}","0","""default""","""none""","0"
"{citizen 24}","{citizen 8}","[141 141 141 100]","""""","9.9","false","{breed social-friends}","0","""default""","""none""","0"
"{citizen 24}","{citizen 9}","[141 141 141 100]","""""","9.9","false","{breed social-friends}","0","""default""","""none""","0"
"{citizen 24}","{citizen 10}","[170 0 85 100]","""""","9.9","false","{breed social-friends}","0","""default""","""none""","0"
"{citizen 24}","{citizen 11}","[141 141 141 100]","""""","9.9","false","{breed social-friends}","0","""default""","""none""","0"
"{citizen 24}","{citizen 12}","[141 141 141 100]","""""","9.9","false","{breed social-friends}","0","""default""","""none""","0"
"{citizen 24}","{citizen 13}","[141 141 141 100]","""""","9.9","false","{breed social-friends}","0","""default""","""none""","0"
"{citizen 24}","{citizen 14}","[170 0 85 100]","""""","9.9","false","{breed social-friends}","0","""default""","""none""","0"
"{citizen 24}","{citizen 15}","[141 141 141 100]","""""","9.9","false","{breed social-friends}","0","""default""","""none""","0"
"{citizen 24}","{citizen 16}","[170 0 85 100]","""""","9.9","false","{breed social-friends}","0","""default""","""none""","0"
"{citizen 24}","{citizen 17}","[170 0 85 100]","""""","9.9","false","{breed social-friends}","0","""default""","""none""","0"
"{citizen 24}","{citizen 18}","[170 0 85 100]","""""","9.9","false","{breed social-friends}","0","""default""","""none""","0"
"{citizen 24}","{citizen 19}","[170 0 85 100]","""""","9.9","false","{breed social-friends}","0","""default""","""none""","0"
"{citizen 24}","{citizen 20}","[141 141 141 100]","""""","9.9","false","{breed social-friends}","0","""default""","""none""","0"
"{citizen 24}","{citizen 21}","[141 141 141 100]","""""","9.9","false","{breed social-friends}","0","""default""","""none""","0"
"{citizen 24}","{citizen 22}","[170 0 85 100]","""""","9.9","false","{breed social-friends}","0","""default""","""none""","0"
"{citizen 24}","{citizen 23}","[170 0 85 100]","""""","9.9","false","{breed social-friends}","0","""default""","""none""","0"
"{citizen 24}","{citizen 25}","[170 0 85 100]","""""","9.9","false","{breed social-friends}","0","""default""","""none""","0"
"{citizen 24}","{citizen 26}","[170 0 85 100]","""""","9.9","false","{breed social-friends}","0","""default""","""none""","0"
"{citizen 24}","{citizen 27}","[170 0 85 100]","""""","9.9","false","{breed social-friends}","0","""default""","""none""","0"
"{citizen 24}","{citizen 28}","[141 141 141 100]","""""","9.9","false","{breed social-friends}","0","""default""","""none""","0"
"{citizen 24}","{citizen 29}","[170 0 85 100]","""""","9.9","false","{breed social-friends}","0","""default""","""none""","0"
"{citizen 24}","{citizen 30}","[170 0 85 100]","""""","9.9","false","{breed social-friends}","0","""default""","""none""","0"
"{citizen 24}","{citizen 31}","[141 141 141 100]","""""","9.9","false","{breed social-friends}","0","""default""","""none""","0"
"{citizen 24}","{citizen 32}","[141 141 141 100]","""""","9.9","false","{breed social-friends}","0","""default""","""none""","0"
"{citizen 24}","{citizen 33}","[141 141 141 100]","""""","9.9","false","{breed social-friends}","0","""default""","""none""","0"
"{citizen 24}","{citizen 34}","[141 141 141 100]","""""","9.9","false","{breed social-friends}","0","""default""","""none""","0"
"{citizen 24}","{citizen 35}","[141 141 141 100]","""""","9.9","false","{breed social-friends}","0","""default""","""none""","0"
"{citizen 24}","{citizen 36}","[141 141 141 100]","""""","9.9","false","{breed social-friends}","0","""default""","""none""","0"
"{citizen 24}","{citizen 37}","[141 141 141 100]","""""","9.9","false","{breed social-friends}","0","""default""","""none""","0"
"{citizen 24}","{citizen 38}","[170 0 85 100]","""""","9.9","false","{breed social-friends}","0","""default""","""none""","0"
"{citizen 24}","{citizen 39}","[141 141 141 100]","""""","9.9","false","{breed social-friends}","0","""default""","""none""","0"
"{citizen 24}","{citizen 40}","[141 141 141 100]","""""","9.9","false","{breed social-friends}","0","""default""","""none""","0"
"{citizen 24}","{citizen 41}","[141 141 141 100]","""""","9.9","false","{breed social-friends}","0","""default""","""none""","0"
"{citizen 24}","{citizen 42}","[141 141 141 100]","""""","9.9","false","{breed social-friends}","0","""default""","""none""","0"
"{citizen 24}","{citizen 43}","[170 0 85 100]","""""","9.9","false","{breed social-friends}","0","""default""","""none""","0"
"{citizen 24}","{citizen 44}","[141 141 141 100]","""""","9.9","false","{breed social-friends}","0","""default""","""none""","0"
"{citizen 24}","{citizen 45}","[141 141 141 100]","""""","9.9","false","{breed social-friends}","0","""default""","""none""","0"
"{citizen 24}","{citizen 46}","[141 141 141 100]","""""","9.9","false","{breed social-friends}","0","""default""","""none""","0"
"{citizen 24}","{citizen 47}","[141 141 141 100]","""""","9.9","false","{breed social-friends}","0","""default""","""none""","0"
"{citizen 24}","{citizen 48}","[141 141 141 100]","""""","9.9","false","{breed social-friends}","0","""default""","""none""","0"
"{citizen 24}","{citizen 49}","[141 141 141 100]","""""","9.9","false","{breed social-friends}","0","""default""","""none""","0"
"{citizen 25}","{citizen 0}","[170 0 85 100]","""""","9.9","false","{breed social-friends}","0","""default""","""none""","0"
"{citizen 25}","{citizen 1}","[170 0 85 100]","""""","9.9","false","{breed social-friends}","0","""default""","""none""","0"
"{citizen 25}","{citizen 2}","[141 141 141 100]","""""","9.9","false","{breed social-friends}","0","""default""","""none""","0"
"{citizen 25}","{citizen 3}","[141 141 141 100]","""""","9.9","false","{breed social-friends}","0","""default""","""none""","0"
"{citizen 25}","{citizen 4}","[141 141 141 100]","""""","9.9","false","{breed social-friends}","0","""default""","""none""","0"
"{citizen 25}","{citizen 5}","[170 0 85 100]","""""","9.9","false","{breed social-friends}","0","""default""","""none""","0"
"{citizen 25}","{citizen 6}","[170 0 85 100]","""""","9.9","false","{breed social-friends}","0","""default""","""none""","0"
"{citizen 25}","{citizen 7}","[170 0 85 100]","""""","9.9","false","{breed social-friends}","0","""default""","""none""","0"
"{citizen 25}","{citizen 8}","[141 141 141 100]","""""","9.9","false","{breed social-friends}","0","""default""","""none""","0"
"{citizen 25}","{citizen 9}","[141 141 141 100]","""""","9.9","false","{breed social-friends}","0","""default""","""none""","0"
"{citizen 25}","{citizen 10}","[170 0 85 100]","""""","9.9","false","{breed social-friends}","0","""default""","""none""","0"
"{citizen 25}","{citizen 11}","[141 141 141 100]","""""","9.9","false","{breed social-friends}","0","""default""","""none""","0"
"{citizen 25}","{citizen 12}","[141 141 141 100]","""""","9.9","false","{breed social-friends}","0","""default""","""none""","0"
"{citizen 25}","{citizen 13}","[141 141 141 100]","""""","9.9","false","{breed social-friends}","0","""default""","""none""","0"
"{citizen 25}","{citizen 14}","[170 0 85 100]","""""","9.9","false","{breed social-friends}","0","""default""","""none""","0"
"{citizen 25}","{citizen 15}","[141 141 141 100]","""""","9.9","false","{breed social-friends}","0","""default""","""none""","0"
"{citizen 25}","{citizen 16}","[170 0 85 100]","""""","9.9","false","{breed social-friends}","0","""default""","""none""","0"
"{citizen 25}","{citizen 17}","[170 0 85 100]","""""","9.9","false","{breed social-friends}","0","""default""","""none""","0"
"{citizen 25}","{citizen 18}","[170 0 85 100]","""""","9.9","false","{breed social-friends}","0","""default""","""none""","0"
"{citizen 25}","{citizen 19}","[170 0 85 100]","""""","9.9","false","{breed social-friends}","0","""default""","""none""","0"
"{citizen 25}","{citizen 20}","[141 141 141 100]","""""","9.9","false","{breed social-friends}","0","""default""","""none""","0"
"{citizen 25}","{citizen 21}","[141 141 141 100]","""""","9.9","false","{breed social-friends}","0","""default""","""none""","0"
"{citizen 25}","{citizen 22}","[170 0 85 100]","""""","9.9","false","{breed social-friends}","0","""default""","""none""","0"
"{citizen 25}","{citizen 23}","[170 0 85 100]","""""","9.9","false","{breed social-friends}","0","""default""","""none""","0"
"{citizen 25}","{citizen 24}","[170 0 85 100]","""""","9.9","false","{breed social-friends}","0","""default""","""none""","0"
"{citizen 25}","{citizen 26}","[170 0 85 100]","""""","9.9","false","{breed social-friends}","0","""default""","""none""","0"
"{citizen 25}","{citizen 27}","[170 0 85 100]","""""","9.9","false","{breed social-friends}","0","""default""","""none""","0"
"{citizen 25}","{citizen 28}","[141 141 141 100]","""""","9.9","false","{breed social-friends}","0","""default""","""none""","0"
"{citizen 25}","{citizen 29}","[170 0 85 100]","""""","9.9","false","{breed social-friends}","0","""default""","""none""","0"
"{citizen 25}","{citizen 30}","[170 0 85 100]","""""","9.9","false","{breed social-friends}","0","""default""","""none""","0"
"{citizen 25}","{citizen 31}","[141 141 141 100]","""""","9.9","false","{breed social-friends}","0","""default""","""none""","0"
"{citizen 25}","{citizen 32}","[141 141 141 100]","""""","9.9","false","{breed social-friends}","0","""default""","""none""","0"
"{citizen 25}","{citizen 33}","[141 141 141 100]","""""","9.9","false","{breed social-friends}","0","""default""","""none""","0"
"{citizen 25}","{citizen 34}","[141 141 141 100]","""""","9.9","false","{breed social-friends}","0","""default""","""none""","0"
"{citizen 25}","{citizen 35}","[141 141 141 100]","""""","9.9","false","{breed social-friends}","0","""default""","""none""","0"
"{citizen 25}","{citizen 36}","[141 141 141 100]","""""","9.9","false","{breed social-friends}","0","""default""","""none""","0"
"{citizen 25}","{citizen 37}","[141 141 141 100]","""""","9.9","false","{breed social-friends}","0","""default""","""none""","0"
"{citizen 25}","{citizen 38}","[170 0 85 100]","""""","9.9","false","{breed social-friends}","0","""default""","""none""","0"
"{citizen 25}","{citizen 39}","[141 141 141 100]","""""","9.9","false","{breed social-friends}","0","""default""","""none""","0"
"{citizen 25}","{citizen 40}","[141 141 141 100]","""""","9.9","false","{breed social-friends}","0","""default""","""none""","0"
"{citizen 25}","{citizen 41}","[141 141 141 100]","""""","9.9","false","{breed social-friends}","0","""default""","""none""","0"
"{citizen 25}","{citizen 42}","[141 141 141 100]","""""","9.9","false","{breed social-friends}","0","""default""","""none""","0"
"{citizen 25}","{citizen 43}","[170 0 85 100]","""""","9.9","false","{breed social-friends}","0","""default""","""none""","0"
"{citizen 25}","{citizen 44}","[141 141 141 100]","""""","9.9","false","{breed social-friends}","0","""default""","""none""","0"
"{citizen 25}","{citizen 45}","[141 141 141 100]","""""","9.9","false","{breed social-friends}","0","""default""","""none""","0"
"{citizen 25}","{citizen 46}","[141 141 141 100]","""""","9.9","false","{breed social-friends}","0","""default""","""none""","0"
"{citizen 25}","{citizen 47}","[141 141 141 100]","""""","9.9","false","{breed social-friends}","0","""default""","""none""","0"
"{citizen 25}","{citizen 48}","[141 141 141 100]","""""","9.9","false","{breed social-friends}","0","""default""","""none""","0"
"{citizen 25}","{citizen 49}","[141 141 141 100]","""""","9.9","false","{breed social-friends}","0","""default""","""none""","0"
"{citizen 26}","{citizen 0}","[170 0 85 100]","""""","9.9","false","{breed social-friends}","0","""default""","""none""","0"
"{citizen 26}","{citizen 1}","[170 0 85 100]","""""","9.9","false","{breed social-friends}","0","""default""","""none""","0"
"{citizen 26}","{citizen 2}","[141 141 141 100]","""""","9.9","false","{breed social-friends}","0","""default""","""none""","0"
"{citizen 26}","{citizen 3}","[141 141 141 100]","""""","9.9","false","{breed social-friends}","0","""default""","""none""","0"
"{citizen 26}","{citizen 4}","[141 141 141 100]","""""","9.9","false","{breed social-friends}","0","""default""","""none""","0"
"{citizen 26}","{citizen 5}","[170 0 85 100]","""""","9.9","false","{breed social-friends}","0","""default""","""none""","0"
"{citizen 26}","{citizen 6}","[170 0 85 100]","""""","9.9","false","{breed social-friends}","0","""default""","""none""","0"
"{citizen 26}","{citizen 7}","[170 0 85 100]","""""","9.9","false","{breed social-friends}","0","""default""","""none""","0"
"{citizen 26}","{citizen 8}","[141 141 141 100]","""""","9.9","false","{breed social-friends}","0","""default""","""none""","0"
"{citizen 26}","{citizen 9}","[141 141 141 100]","""""","9.9","false","{breed social-friends}","0","""default""","""none""","0"
"{citizen 26}","{citizen 10}","[170 0 85 100]","""""","9.9","false","{breed social-friends}","0","""default""","""none""","0"
"{citizen 26}","{citizen 11}","[141 141 141 100]","""""","9.9","false","{breed social-friends}","0","""default""","""none""","0"
"{citizen 26}","{citizen 12}","[141 141 141 100]","""""","9.9","false","{breed social-friends}","0","""default""","""none""","0"
"{citizen 26}","{citizen 13}","[141 141 141 100]","""""","9.9","false","{breed social-friends}","0","""default""","""none""","0"
"{citizen 26}","{citizen 14}","[170 0 85 100]","""""","9.9","false","{breed social-friends}","0","""default""","""none""","0"
"{citizen 26}","{citizen 15}","[141 141 141 100]","""""","9.9","false","{breed social-friends}","0","""default""","""none""","0"
"{citizen 26}","{citizen 16}","[170 0 85 100]","""""","9.9","false","{breed social-friends}","0","""default""","""none""","0"
"{citizen 26}","{citizen 17}","[170 0 85 100]","""""","9.9","false","{breed social-friends}","0","""default""","""none""","0"
"{citizen 26}","{citizen 18}","[170 0 85 100]","""""","9.9","false","{breed social-friends}","0","""default""","""none""","0"
"{citizen 26}","{citizen 19}","[170 0 85 100]","""""","9.9","false","{breed social-friends}","0","""default""","""none""","0"
"{citizen 26}","{citizen 20}","[141 141 141 100]","""""","9.9","false","{breed social-friends}","0","""default""","""none""","0"
"{citizen 26}","{citizen 21}","[141 141 141 100]","""""","9.9","false","{breed social-friends}","0","""default""","""none""","0"
"{citizen 26}","{citizen 22}","[170 0 85 100]","""""","9.9","false","{breed social-friends}","0","""default""","""none""","0"
"{citizen 26}","{citizen 23}","[170 0 85 100]","""""","9.9","false","{breed social-friends}","0","""default""","""none""","0"
"{citizen 26}","{citizen 24}","[170 0 85 100]","""""","9.9","false","{breed social-friends}","0","""default""","""none""","0"
"{citizen 26}","{citizen 25}","[170 0 85 100]","""""","9.9","false","{breed social-friends}","0","""default""","""none""","0"
"{citizen 26}","{citizen 27}","[170 0 85 100]","""""","9.9","false","{breed social-friends}","0","""default""","""none""","0"
"{citizen 26}","{citizen 28}","[141 141 141 100]","""""","9.9","false","{breed social-friends}","0","""default""","""none""","0"
"{citizen 26}","{citizen 29}","[170 0 85 100]","""""","9.9","false","{breed social-friends}","0","""default""","""none""","0"
"{citizen 26}","{citizen 30}","[170 0 85 100]","""""","9.9","false","{breed social-friends}","0","""default""","""none""","0"
"{citizen 26}","{citizen 31}","[141 141 141 100]","""""","9.9","false","{breed social-friends}","0","""default""","""none""","0"
"{citizen 26}","{citizen 32}","[141 141 141 100]","""""","9.9","false","{breed social-friends}","0","""default""","""none""","0"
"{citizen 26}","{citizen 33}","[141 141 141 100]","""""","9.9","false","{breed social-friends}","0","""default""","""none""","0"
"{citizen 26}","{citizen 34}","[141 141 141 100]","""""","9.9","false","{breed social-friends}","0","""default""","""none""","0"
"{citizen 26}","{citizen 35}","[141 141 141 100]","""""","9.9","false","{breed social-friends}","0","""default""","""none""","0"
"{citizen 26}","{citizen 36}","[141 141 141 100]","""""","9.9","false","{breed social-friends}","0","""default""","""none""","0"
"{citizen 26}","{citizen 37}","[141 141 141 100]","""""","9.9","false","{breed social-friends}","0","""default""","""none""","0"
"{citizen 26}","{citizen 38}","[170 0 85 100]","""""","9.9","false","{breed social-friends}","0","""default""","""none""","0"
"{citizen 26}","{citizen 39}","[141 141 141 100]","""""","9.9","false","{breed social-friends}","0","""default""","""none""","0"
"{citizen 26}","{citizen 40}","[141 141 141 100]","""""","9.9","false","{breed social-friends}","0","""default""","""none""","0"
"{citizen 26}","{citizen 41}","[141 141 141 100]","""""","9.9","false","{breed social-friends}","0","""default""","""none""","0"
"{citizen 26}","{citizen 42}","[141 141 141 100]","""""","9.9","false","{breed social-friends}","0","""default""","""none""","0"
"{citizen 26}","{citizen 43}","[170 0 85 100]","""""","9.9","false","{breed social-friends}","0","""default""","""none""","0"
"{citizen 26}","{citizen 44}","[141 141 141 100]","""""","9.9","false","{breed social-friends}","0","""default""","""none""","0"
"{citizen 26}","{citizen 45}","[141 141 141 100]","""""","9.9","false","{breed social-friends}","0","""default""","""none""","0"
"{citizen 26}","{citizen 46}","[141 141 141 100]","""""","9.9","false","{breed social-friends}","0","""default""","""none""","0"
"{citizen 26}","{citizen 47}","[141 141 141 100]","""""","9.9","false","{breed social-friends}","0","""default""","""none""","0"
"{citizen 26}","{citizen 48}","[141 141 141 100]","""""","9.9","false","{breed social-friends}","0","""default""","""none""","0"
"{citizen 26}","{citizen 49}","[141 141 141 100]","""""","9.9","false","{breed social-friends}","0","""default""","""none""","0"
"{citizen 27}","{citizen 0}","[170 0 85 100]","""""","9.9","false","{breed social-friends}","0","""default""","""none""","0"
"{citizen 27}","{citizen 1}","[170 0 85 100]","""""","9.9","false","{breed social-friends}","0","""default""","""none""","0"
"{citizen 27}","{citizen 2}","[141 141 141 100]","""""","9.9","false","{breed social-friends}","0","""default""","""none""","0"
"{citizen 27}","{citizen 3}","[141 141 141 100]","""""","9.9","false","{breed social-friends}","0","""default""","""none""","0"
"{citizen 27}","{citizen 4}","[141 141 141 100]","""""","9.9","false","{breed social-friends}","0","""default""","""none""","0"
"{citizen 27}","{citizen 5}","[170 0 85 100]","""""","9.9","false","{breed social-friends}","0","""default""","""none""","0"
"{citizen 27}","{citizen 6}","[170 0 85 100]","""""","9.9","false","{breed social-friends}","0","""default""","""none""","0"
"{citizen 27}","{citizen 7}","[170 0 85 100]","""""","9.9","false","{breed social-friends}","0","""default""","""none""","0"
"{citizen 27}","{citizen 8}","[141 141 141 100]","""""","9.9","false","{breed social-friends}","0","""default""","""none""","0"
"{citizen 27}","{citizen 9}","[141 141 141 100]","""""","9.9","false","{breed social-friends}","0","""default""","""none""","0"
"{citizen 27}","{citizen 10}","[170 0 85 100]","""""","9.9","false","{breed social-friends}","0","""default""","""none""","0"
"{citizen 27}","{citizen 11}","[141 141 141 100]","""""","9.9","false","{breed social-friends}","0","""default""","""none""","0"
"{citizen 27}","{citizen 12}","[141 141 141 100]","""""","9.9","false","{breed social-friends}","0","""default""","""none""","0"
"{citizen 27}","{citizen 13}","[141 141 141 100]","""""","9.9","false","{breed social-friends}","0","""default""","""none""","0"
"{citizen 27}","{citizen 14}","[170 0 85 100]","""""","9.9","false","{breed social-friends}","0","""default""","""none""","0"
"{citizen 27}","{citizen 15}","[141 141 141 100]","""""","9.9","false","{breed social-friends}","0","""default""","""none""","0"
"{citizen 27}","{citizen 16}","[170 0 85 100]","""""","9.9","false","{breed social-friends}","0","""default""","""none""","0"
"{citizen 27}","{citizen 17}","[170 0 85 100]","""""","9.9","false","{breed social-friends}","0","""default""","""none""","0"
"{citizen 27}","{citizen 18}","[170 0 85 100]","""""","9.9","false","{breed social-friends}","0","""default""","""none""","0"
"{citizen 27}","{citizen 19}","[170 0 85 100]","""""","9.9","false","{breed social-friends}","0","""default""","""none""","0"
"{citizen 27}","{citizen 20}","[141 141 141 100]","""""","9.9","false","{breed social-friends}","0","""default""","""none""","0"
"{citizen 27}","{citizen 21}","[141 141 141 100]","""""","9.9","false","{breed social-friends}","0","""default""","""none""","0"
"{citizen 27}","{citizen 22}","[170 0 85 100]","""""","9.9","false","{breed social-friends}","0","""default""","""none""","0"
"{citizen 27}","{citizen 23}","[170 0 85 100]","""""","9.9","false","{breed social-friends}","0","""default""","""none""","0"
"{citizen 27}","{citizen 24}","[170 0 85 100]","""""","9.9","false","{breed social-friends}","0","""default""","""none""","0"
"{citizen 27}","{citizen 25}","[170 0 85 100]","""""","9.9","false","{breed social-friends}","0","""default""","""none""","0"
"{citizen 27}","{citizen 26}","[170 0 85 100]","""""","9.9","false","{breed social-friends}","0","""default""","""none""","0"
"{citizen 27}","{citizen 28}","[141 141 141 100]","""""","9.9","false","{breed social-friends}","0","""default""","""none""","0"
"{citizen 27}","{citizen 29}","[170 0 85 100]","""""","9.9","false","{breed social-friends}","0","""default""","""none""","0"
"{citizen 27}","{citizen 30}","[170 0 85 100]","""""","9.9","false","{breed social-friends}","0","""default""","""none""","0"
"{citizen 27}","{citizen 31}","[141 141 141 100]","""""","9.9","false","{breed social-friends}","0","""default""","""none""","0"
"{citizen 27}","{citizen 32}","[141 141 141 100]","""""","9.9","false","{breed social-friends}","0","""default""","""none""","0"
"{citizen 27}","{citizen 33}","[141 141 141 100]","""""","9.9","false","{breed social-friends}","0","""default""","""none""","0"
"{citizen 27}","{citizen 34}","[141 141 141 100]","""""","9.9","false","{breed social-friends}","0","""default""","""none""","0"
"{citizen 27}","{citizen 35}","[141 141 141 100]","""""","9.9","false","{breed social-friends}","0","""default""","""none""","0"
"{citizen 27}","{citizen 36}","[141 141 141 100]","""""","9.9","false","{breed social-friends}","0","""default""","""none""","0"
"{citizen 27}","{citizen 37}","[141 141 141 100]","""""","9.9","false","{breed social-friends}","0","""default""","""none""","0"
"{citizen 27}","{citizen 38}","[170 0 85 100]","""""","9.9","false","{breed social-friends}","0","""default""","""none""","0"
"{citizen 27}","{citizen 39}","[141 141 141 100]","""""","9.9","false","{breed social-friends}","0","""default""","""none""","0"
"{citizen 27}","{citizen 40}","[141 141 141 100]","""""","9.9","false","{breed social-friends}","0","""default""","""none""","0"
"{citizen 27}","{citizen 41}","[141 141 141 100]","""""","9.9","false","{breed social-friends}","0","""default""","""none""","0"
"{citizen 27}","{citizen 42}","[141 141 141 100]","""""","9.9","false","{breed social-friends}","0","""default""","""none""","0"
"{citizen 27}","{citizen 43}","[170 0 85 100]","""""","9.9","false","{breed social-friends}","0","""default""","""none""","0"
"{citizen 27}","{citizen 44}","[141 141 141 100]","""""","9.9","false","{breed social-friends}","0","""default""","""none""","0"
"{citizen 27}","{citizen 45}","[141 141 141 100]","""""","9.9","false","{breed social-friends}","0","""default""","""none""","0"
"{citizen 27}","{citizen 46}","[141 141 141 100]","""""","9.9","false","{breed social-friends}","0","""default""","""none""","0"
"{citizen 27}","{citizen 47}","[141 141 141 100]","""""","9.9","false","{breed social-friends}","0","""default""","""none""","0"
"{citizen 27}","{citizen 48}","[141 141 141 100]","""""","9.9","false","{breed social-friends}","0","""default""","""none""","0"
"{citizen 27}","{citizen 49}","[141 141 141 100]","""""","9.9","false","{breed social-friends}","0","""default""","""none""","0"
"{citizen 28}","{citizen 0}","[141 141 141 100]","""""","9.9","false","{breed social-friends}","0","""default""","""none""","0"
"{citizen 28}","{citizen 1}","[141 141 141 100]","""""","9.9","false","{breed social-friends}","0","""default""","""none""","0"
"{citizen 28}","{citizen 2}","[85 0 170 100]","""""","9.9","false","{breed social-friends}","0","""default""","""none""","0"
"{citizen 28}","{citizen 3}","[85 0 170 100]","""""","9.9","false","{breed social-friends}","0","""default""","""none""","0"
"{citizen 28}","{citizen 4}","[85 0 170 100]","""""","9.9","false","{breed social-friends}","0","""default""","""none""","0"
"{citizen 28}","{citizen 5}","[141 141 141 100]","""""","9.9","false","{breed social-friends}","0","""default""","""none""","0"
"{citizen 28}","{citizen 6}","[141 141 141 100]","""""","9.9","false","{breed social-friends}","0","""default""","""none""","0"
"{citizen 28}","{citizen 7}","[141 141 141 100]","""""","9.9","false","{breed social-friends}","0","""default""","""none""","0"
"{citizen 28}","{citizen 8}","[85 0 170 100]","""""","9.9","false","{breed social-friends}","0","""default""","""none""","0"
"{citizen 28}","{citizen 9}","[85 0 170 100]","""""","9.9","false","{breed social-friends}","0","""default""","""none""","0"
"{citizen 28}","{citizen 10}","[141 141 141 100]","""""","9.9","false","{breed social-friends}","0","""default""","""none""","0"
"{citizen 28}","{citizen 11}","[85 0 170 100]","""""","9.9","false","{breed social-friends}","0","""default""","""none""","0"
"{citizen 28}","{citizen 12}","[85 0 170 100]","""""","9.9","false","{breed social-friends}","0","""default""","""none""","0"
"{citizen 28}","{citizen 13}","[85 0 170 100]","""""","9.9","false","{breed social-friends}","0","""default""","""none""","0"
"{citizen 28}","{citizen 14}","[141 141 141 100]","""""","9.9","false","{breed social-friends}","0","""default""","""none""","0"
"{citizen 28}","{citizen 15}","[85 0 170 100]","""""","9.9","false","{breed social-friends}","0","""default""","""none""","0"
"{citizen 28}","{citizen 16}","[141 141 141 100]","""""","9.9","false","{breed social-friends}","0","""default""","""none""","0"
"{citizen 28}","{citizen 17}","[141 141 141 100]","""""","9.9","false","{breed social-friends}","0","""default""","""none""","0"
"{citizen 28}","{citizen 18}","[141 141 141 100]","""""","9.9","false","{breed social-friends}","0","""default""","""none""","0"
"{citizen 28}","{citizen 19}","[141 141 141 100]","""""","9.9","false","{breed social-friends}","0","""default""","""none""","0"
"{citizen 28}","{citizen 20}","[85 0 170 100]","""""","9.9","false","{breed social-friends}","0","""default""","""none""","0"
"{citizen 28}","{citizen 21}","[85 0 170 100]","""""","9.9","false","{breed social-friends}","0","""default""","""none""","0"
"{citizen 28}","{citizen 22}","[141 141 141 100]","""""","9.9","false","{breed social-friends}","0","""default""","""none""","0"
"{citizen 28}","{citizen 23}","[141 141 141 100]","""""","9.9","false","{breed social-friends}","0","""default""","""none""","0"
"{citizen 28}","{citizen 24}","[141 141 141 100]","""""","9.9","false","{breed social-friends}","0","""default""","""none""","0"
"{citizen 28}","{citizen 25}","[141 141 141 100]","""""","9.9","false","{breed social-friends}","0","""default""","""none""","0"
"{citizen 28}","{citizen 26}","[141 141 141 100]","""""","9.9","false","{breed social-friends}","0","""default""","""none""","0"
"{citizen 28}","{citizen 27}","[141 141 141 100]","""""","9.9","false","{breed social-friends}","0","""default""","""none""","0"
"{citizen 28}","{citizen 29}","[141 141 141 100]","""""","9.9","false","{breed social-friends}","0","""default""","""none""","0"
"{citizen 28}","{citizen 30}","[141 141 141 100]","""""","9.9","false","{breed social-friends}","0","""default""","""none""","0"
"{citizen 28}","{citizen 31}","[85 0 170 100]","""""","9.9","false","{breed social-friends}","0","""default""","""none""","0"
"{citizen 28}","{citizen 32}","[85 0 170 100]","""""","9.9","false","{breed social-friends}","0","""default""","""none""","0"
"{citizen 28}","{citizen 33}","[85 0 170 100]","""""","9.9","false","{breed social-friends}","0","""default""","""none""","0"
"{citizen 28}","{citizen 34}","[85 0 170 100]","""""","9.9","false","{breed social-friends}","0","""default""","""none""","0"
"{citizen 28}","{citizen 35}","[85 0 170 100]","""""","9.9","false","{breed social-friends}","0","""default""","""none""","0"
"{citizen 28}","{citizen 36}","[85 0 170 100]","""""","9.9","false","{breed social-friends}","0","""default""","""none""","0"
"{citizen 28}","{citizen 37}","[85 0 170 100]","""""","9.9","false","{breed social-friends}","0","""default""","""none""","0"
"{citizen 28}","{citizen 38}","[141 141 141 100]","""""","9.9","false","{breed social-friends}","0","""default""","""none""","0"
"{citizen 28}","{citizen 39}","[85 0 170 100]","""""","9.9","false","{breed social-friends}","0","""default""","""none""","0"
"{citizen 28}","{citizen 40}","[85 0 170 100]","""""","9.9","false","{breed social-friends}","0","""default""","""none""","0"
"{citizen 28}","{citizen 41}","[85 0 170 100]","""""","9.9","false","{breed social-friends}","0","""default""","""none""","0"
"{citizen 28}","{citizen 42}","[85 0 170 100]","""""","9.9","false","{breed social-friends}","0","""default""","""none""","0"
"{citizen 28}","{citizen 43}","[141 141 141 100]","""""","9.9","false","{breed social-friends}","0","""default""","""none""","0"
"{citizen 28}","{citizen 44}","[85 0 170 100]","""""","9.9","false","{breed social-friends}","0","""default""","""none""","0"
"{citizen 28}","{citizen 45}","[85 0 170 100]","""""","9.9","false","{breed social-friends}","0","""default""","""none""","0"
"{citizen 28}","{citizen 46}","[85 0 170 100]","""""","9.9","false","{breed social-friends}","0","""default""","""none""","0"
"{citizen 28}","{citizen 47}","[85 0 170 100]","""""","9.9","false","{breed social-friends}","0","""default""","""none""","0"
"{citizen 28}","{citizen 48}","[85 0 170 100]","""""","9.9","false","{breed social-friends}","0","""default""","""none""","0"
"{citizen 28}","{citizen 49}","[85 0 170 100]","""""","9.9","false","{breed social-friends}","0","""default""","""none""","0"
"{citizen 29}","{citizen 0}","[170 0 85 100]","""""","9.9","false","{breed social-friends}","0","""default""","""none""","0"
"{citizen 29}","{citizen 1}","[170 0 85 100]","""""","9.9","false","{breed social-friends}","0","""default""","""none""","0"
"{citizen 29}","{citizen 2}","[141 141 141 100]","""""","9.9","false","{breed social-friends}","0","""default""","""none""","0"
"{citizen 29}","{citizen 3}","[141 141 141 100]","""""","9.9","false","{breed social-friends}","0","""default""","""none""","0"
"{citizen 29}","{citizen 4}","[141 141 141 100]","""""","9.9","false","{breed social-friends}","0","""default""","""none""","0"
"{citizen 29}","{citizen 5}","[170 0 85 100]","""""","9.9","false","{breed social-friends}","0","""default""","""none""","0"
"{citizen 29}","{citizen 6}","[170 0 85 100]","""""","9.9","false","{breed social-friends}","0","""default""","""none""","0"
"{citizen 29}","{citizen 7}","[170 0 85 100]","""""","9.9","false","{breed social-friends}","0","""default""","""none""","0"
"{citizen 29}","{citizen 8}","[141 141 141 100]","""""","9.9","false","{breed social-friends}","0","""default""","""none""","0"
"{citizen 29}","{citizen 9}","[141 141 141 100]","""""","9.9","false","{breed social-friends}","0","""default""","""none""","0"
"{citizen 29}","{citizen 10}","[170 0 85 100]","""""","9.9","false","{breed social-friends}","0","""default""","""none""","0"
"{citizen 29}","{citizen 11}","[141 141 141 100]","""""","9.9","false","{breed social-friends}","0","""default""","""none""","0"
"{citizen 29}","{citizen 12}","[141 141 141 100]","""""","9.9","false","{breed social-friends}","0","""default""","""none""","0"
"{citizen 29}","{citizen 13}","[141 141 141 100]","""""","9.9","false","{breed social-friends}","0","""default""","""none""","0"
"{citizen 29}","{citizen 14}","[170 0 85 100]","""""","9.9","false","{breed social-friends}","0","""default""","""none""","0"
"{citizen 29}","{citizen 15}","[141 141 141 100]","""""","9.9","false","{breed social-friends}","0","""default""","""none""","0"
"{citizen 29}","{citizen 16}","[170 0 85 100]","""""","9.9","false","{breed social-friends}","0","""default""","""none""","0"
"{citizen 29}","{citizen 17}","[170 0 85 100]","""""","9.9","false","{breed social-friends}","0","""default""","""none""","0"
"{citizen 29}","{citizen 18}","[170 0 85 100]","""""","9.9","false","{breed social-friends}","0","""default""","""none""","0"
"{citizen 29}","{citizen 19}","[170 0 85 100]","""""","9.9","false","{breed social-friends}","0","""default""","""none""","0"
"{citizen 29}","{citizen 20}","[141 141 141 100]","""""","9.9","false","{breed social-friends}","0","""default""","""none""","0"
"{citizen 29}","{citizen 21}","[141 141 141 100]","""""","9.9","false","{breed social-friends}","0","""default""","""none""","0"
"{citizen 29}","{citizen 22}","[170 0 85 100]","""""","9.9","false","{breed social-friends}","0","""default""","""none""","0"
"{citizen 29}","{citizen 23}","[170 0 85 100]","""""","9.9","false","{breed social-friends}","0","""default""","""none""","0"
"{citizen 29}","{citizen 24}","[170 0 85 100]","""""","9.9","false","{breed social-friends}","0","""default""","""none""","0"
"{citizen 29}","{citizen 25}","[170 0 85 100]","""""","9.9","false","{breed social-friends}","0","""default""","""none""","0"
"{citizen 29}","{citizen 26}","[170 0 85 100]","""""","9.9","false","{breed social-friends}","0","""default""","""none""","0"
"{citizen 29}","{citizen 27}","[170 0 85 100]","""""","9.9","false","{breed social-friends}","0","""default""","""none""","0"
"{citizen 29}","{citizen 28}","[141 141 141 100]","""""","9.9","false","{breed social-friends}","0","""default""","""none""","0"
"{citizen 29}","{citizen 30}","[170 0 85 100]","""""","9.9","false","{breed social-friends}","0","""default""","""none""","0"
"{citizen 29}","{citizen 31}","[141 141 141 100]","""""","9.9","false","{breed social-friends}","0","""default""","""none""","0"
"{citizen 29}","{citizen 32}","[141 141 141 100]","""""","9.9","false","{breed social-friends}","0","""default""","""none""","0"
"{citizen 29}","{citizen 33}","[141 141 141 100]","""""","9.9","false","{breed social-friends}","0","""default""","""none""","0"
"{citizen 29}","{citizen 34}","[141 141 141 100]","""""","9.9","false","{breed social-friends}","0","""default""","""none""","0"
"{citizen 29}","{citizen 35}","[141 141 141 100]","""""","9.9","false","{breed social-friends}","0","""default""","""none""","0"
"{citizen 29}","{citizen 36}","[141 141 141 100]","""""","9.9","false","{breed social-friends}","0","""default""","""none""","0"
"{citizen 29}","{citizen 37}","[141 141 141 100]","""""","9.9","false","{breed social-friends}","0","""default""","""none""","0"
"{citizen 29}","{citizen 38}","[170 0 85 100]","""""","9.9","false","{breed social-friends}","0","""default""","""none""","0"
"{citizen 29}","{citizen 39}","[141 141 141 100]","""""","9.9","false","{breed social-friends}","0","""default""","""none""","0"
"{citizen 29}","{citizen 40}","[141 141 141 100]","""""","9.9","false","{breed social-friends}","0","""default""","""none""","0"
"{citizen 29}","{citizen 41}","[141 141 141 100]","""""","9.9","false","{breed social-friends}","0","""default""","""none""","0"
"{citizen 29}","{citizen 42}","[141 141 141 100]","""""","9.9","false","{breed social-friends}","0","""default""","""none""","0"
"{citizen 29}","{citizen 43}","[170 0 85 100]","""""","9.9","false","{breed social-friends}","0","""default""","""none""","0"
"{citizen 29}","{citizen 44}","[141 141 141 100]","""""","9.9","false","{breed social-friends}","0","""default""","""none""","0"
"{citizen 29}","{citizen 45}","[141 141 141 100]","""""","9.9","false","{breed social-friends}","0","""default""","""none""","0"
"{citizen 29}","{citizen 46}","[141 141 141 100]","""""","9.9","false","{breed social-friends}","0","""default""","""none""","0"
"{citizen 29}","{citizen 47}","[141 141 141 100]","""""","9.9","false","{breed social-friends}","0","""default""","""none""","0"
"{citizen 29}","{citizen 48}","[141 141 141 100]","""""","9.9","false","{breed social-friends}","0","""default""","""none""","0"
"{citizen 29}","{citizen 49}","[141 141 141 100]","""""","9.9","false","{breed social-friends}","0","""default""","""none""","0"
"{citizen 30}","{citizen 0}","[170 0 85 100]","""""","9.9","false","{breed social-friends}","0","""default""","""none""","0"
"{citizen 30}","{citizen 1}","[170 0 85 100]","""""","9.9","false","{breed social-friends}","0","""default""","""none""","0"
"{citizen 30}","{citizen 2}","[141 141 141 100]","""""","9.9","false","{breed social-friends}","0","""default""","""none""","0"
"{citizen 30}","{citizen 3}","[141 141 141 100]","""""","9.9","false","{breed social-friends}","0","""default""","""none""","0"
"{citizen 30}","{citizen 4}","[141 141 141 100]","""""","9.9","false","{breed social-friends}","0","""default""","""none""","0"
"{citizen 30}","{citizen 5}","[170 0 85 100]","""""","9.9","false","{breed social-friends}","0","""default""","""none""","0"
"{citizen 30}","{citizen 6}","[170 0 85 100]","""""","9.9","false","{breed social-friends}","0","""default""","""none""","0"
"{citizen 30}","{citizen 7}","[170 0 85 100]","""""","9.9","false","{breed social-friends}","0","""default""","""none""","0"
"{citizen 30}","{citizen 8}","[141 141 141 100]","""""","9.9","false","{breed social-friends}","0","""default""","""none""","0"
"{citizen 30}","{citizen 9}","[141 141 141 100]","""""","9.9","false","{breed social-friends}","0","""default""","""none""","0"
"{citizen 30}","{citizen 10}","[170 0 85 100]","""""","9.9","false","{breed social-friends}","0","""default""","""none""","0"
"{citizen 30}","{citizen 11}","[141 141 141 100]","""""","9.9","false","{breed social-friends}","0","""default""","""none""","0"
"{citizen 30}","{citizen 12}","[141 141 141 100]","""""","9.9","false","{breed social-friends}","0","""default""","""none""","0"
"{citizen 30}","{citizen 13}","[141 141 141 100]","""""","9.9","false","{breed social-friends}","0","""default""","""none""","0"
"{citizen 30}","{citizen 14}","[170 0 85 100]","""""","9.9","false","{breed social-friends}","0","""default""","""none""","0"
"{citizen 30}","{citizen 15}","[141 141 141 100]","""""","9.9","false","{breed social-friends}","0","""default""","""none""","0"
"{citizen 30}","{citizen 16}","[170 0 85 100]","""""","9.9","false","{breed social-friends}","0","""default""","""none""","0"
"{citizen 30}","{citizen 17}","[170 0 85 100]","""""","9.9","false","{breed social-friends}","0","""default""","""none""","0"
"{citizen 30}","{citizen 18}","[170 0 85 100]","""""","9.9","false","{breed social-friends}","0","""default""","""none""","0"
"{citizen 30}","{citizen 19}","[170 0 85 100]","""""","9.9","false","{breed social-friends}","0","""default""","""none""","0"
"{citizen 30}","{citizen 20}","[141 141 141 100]","""""","9.9","false","{breed social-friends}","0","""default""","""none""","0"
"{citizen 30}","{citizen 21}","[141 141 141 100]","""""","9.9","false","{breed social-friends}","0","""default""","""none""","0"
"{citizen 30}","{citizen 22}","[170 0 85 100]","""""","9.9","false","{breed social-friends}","0","""default""","""none""","0"
"{citizen 30}","{citizen 23}","[170 0 85 100]","""""","9.9","false","{breed social-friends}","0","""default""","""none""","0"
"{citizen 30}","{citizen 24}","[170 0 85 100]","""""","9.9","false","{breed social-friends}","0","""default""","""none""","0"
"{citizen 30}","{citizen 25}","[170 0 85 100]","""""","9.9","false","{breed social-friends}","0","""default""","""none""","0"
"{citizen 30}","{citizen 26}","[170 0 85 100]","""""","9.9","false","{breed social-friends}","0","""default""","""none""","0"
"{citizen 30}","{citizen 27}","[170 0 85 100]","""""","9.9","false","{breed social-friends}","0","""default""","""none""","0"
"{citizen 30}","{citizen 28}","[141 141 141 100]","""""","9.9","false","{breed social-friends}","0","""default""","""none""","0"
"{citizen 30}","{citizen 29}","[170 0 85 100]","""""","9.9","false","{breed social-friends}","0","""default""","""none""","0"
"{citizen 30}","{citizen 31}","[141 141 141 100]","""""","9.9","false","{breed social-friends}","0","""default""","""none""","0"
"{citizen 30}","{citizen 32}","[141 141 141 100]","""""","9.9","false","{breed social-friends}","0","""default""","""none""","0"
"{citizen 30}","{citizen 33}","[141 141 141 100]","""""","9.9","false","{breed social-friends}","0","""default""","""none""","0"
"{citizen 30}","{citizen 34}","[141 141 141 100]","""""","9.9","false","{breed social-friends}","0","""default""","""none""","0"
"{citizen 30}","{citizen 35}","[141 141 141 100]","""""","9.9","false","{breed social-friends}","0","""default""","""none""","0"
"{citizen 30}","{citizen 36}","[141 141 141 100]","""""","9.9","false","{breed social-friends}","0","""default""","""none""","0"
"{citizen 30}","{citizen 37}","[141 141 141 100]","""""","9.9","false","{breed social-friends}","0","""default""","""none""","0"
"{citizen 30}","{citizen 38}","[170 0 85 100]","""""","9.9","false","{breed social-friends}","0","""default""","""none""","0"
"{citizen 30}","{citizen 39}","[141 141 141 100]","""""","9.9","false","{breed social-friends}","0","""default""","""none""","0"
"{citizen 30}","{citizen 40}","[141 141 141 100]","""""","9.9","false","{breed social-friends}","0","""default""","""none""","0"
"{citizen 30}","{citizen 41}","[141 141 141 100]","""""","9.9","false","{breed social-friends}","0","""default""","""none""","0"
"{citizen 30}","{citizen 42}","[141 141 141 100]","""""","9.9","false","{breed social-friends}","0","""default""","""none""","0"
"{citizen 30}","{citizen 43}","[170 0 85 100]","""""","9.9","false","{breed social-friends}","0","""default""","""none""","0"
"{citizen 30}","{citizen 44}","[141 141 141 100]","""""","9.9","false","{breed social-friends}","0","""default""","""none""","0"
"{citizen 30}","{citizen 45}","[141 141 141 100]","""""","9.9","false","{breed social-friends}","0","""default""","""none""","0"
"{citizen 30}","{citizen 46}","[141 141 141 100]","""""","9.9","false","{breed social-friends}","0","""default""","""none""","0"
"{citizen 30}","{citizen 47}","[141 141 141 100]","""""","9.9","false","{breed social-friends}","0","""default""","""none""","0"
"{citizen 30}","{citizen 48}","[141 141 141 100]","""""","9.9","false","{breed social-friends}","0","""default""","""none""","0"
"{citizen 30}","{citizen 49}","[141 141 141 100]","""""","9.9","false","{breed social-friends}","0","""default""","""none""","0"
"{citizen 31}","{citizen 0}","[141 141 141 100]","""""","9.9","false","{breed social-friends}","0","""default""","""none""","0"
"{citizen 31}","{citizen 1}","[141 141 141 100]","""""","9.9","false","{breed social-friends}","0","""default""","""none""","0"
"{citizen 31}","{citizen 2}","[85 0 170 100]","""""","9.9","false","{breed social-friends}","0","""default""","""none""","0"
"{citizen 31}","{citizen 3}","[85 0 170 100]","""""","9.9","false","{breed social-friends}","0","""default""","""none""","0"
"{citizen 31}","{citizen 4}","[85 0 170 100]","""""","9.9","false","{breed social-friends}","0","""default""","""none""","0"
"{citizen 31}","{citizen 5}","[141 141 141 100]","""""","9.9","false","{breed social-friends}","0","""default""","""none""","0"
"{citizen 31}","{citizen 6}","[141 141 141 100]","""""","9.9","false","{breed social-friends}","0","""default""","""none""","0"
"{citizen 31}","{citizen 7}","[141 141 141 100]","""""","9.9","false","{breed social-friends}","0","""default""","""none""","0"
"{citizen 31}","{citizen 8}","[85 0 170 100]","""""","9.9","false","{breed social-friends}","0","""default""","""none""","0"
"{citizen 31}","{citizen 9}","[85 0 170 100]","""""","9.9","false","{breed social-friends}","0","""default""","""none""","0"
"{citizen 31}","{citizen 10}","[141 141 141 100]","""""","9.9","false","{breed social-friends}","0","""default""","""none""","0"
"{citizen 31}","{citizen 11}","[85 0 170 100]","""""","9.9","false","{breed social-friends}","0","""default""","""none""","0"
"{citizen 31}","{citizen 12}","[85 0 170 100]","""""","9.9","false","{breed social-friends}","0","""default""","""none""","0"
"{citizen 31}","{citizen 13}","[85 0 170 100]","""""","9.9","false","{breed social-friends}","0","""default""","""none""","0"
"{citizen 31}","{citizen 14}","[141 141 141 100]","""""","9.9","false","{breed social-friends}","0","""default""","""none""","0"
"{citizen 31}","{citizen 15}","[85 0 170 100]","""""","9.9","false","{breed social-friends}","0","""default""","""none""","0"
"{citizen 31}","{citizen 16}","[141 141 141 100]","""""","9.9","false","{breed social-friends}","0","""default""","""none""","0"
"{citizen 31}","{citizen 17}","[141 141 141 100]","""""","9.9","false","{breed social-friends}","0","""default""","""none""","0"
"{citizen 31}","{citizen 18}","[141 141 141 100]","""""","9.9","false","{breed social-friends}","0","""default""","""none""","0"
"{citizen 31}","{citizen 19}","[141 141 141 100]","""""","9.9","false","{breed social-friends}","0","""default""","""none""","0"
"{citizen 31}","{citizen 20}","[85 0 170 100]","""""","9.9","false","{breed social-friends}","0","""default""","""none""","0"
"{citizen 31}","{citizen 21}","[85 0 170 100]","""""","9.9","false","{breed social-friends}","0","""default""","""none""","0"
"{citizen 31}","{citizen 22}","[141 141 141 100]","""""","9.9","false","{breed social-friends}","0","""default""","""none""","0"
"{citizen 31}","{citizen 23}","[141 141 141 100]","""""","9.9","false","{breed social-friends}","0","""default""","""none""","0"
"{citizen 31}","{citizen 24}","[141 141 141 100]","""""","9.9","false","{breed social-friends}","0","""default""","""none""","0"
"{citizen 31}","{citizen 25}","[141 141 141 100]","""""","9.9","false","{breed social-friends}","0","""default""","""none""","0"
"{citizen 31}","{citizen 26}","[141 141 141 100]","""""","9.9","false","{breed social-friends}","0","""default""","""none""","0"
"{citizen 31}","{citizen 27}","[141 141 141 100]","""""","9.9","false","{breed social-friends}","0","""default""","""none""","0"
"{citizen 31}","{citizen 28}","[85 0 170 100]","""""","9.9","false","{breed social-friends}","0","""default""","""none""","0"
"{citizen 31}","{citizen 29}","[141 141 141 100]","""""","9.9","false","{breed social-friends}","0","""default""","""none""","0"
"{citizen 31}","{citizen 30}","[141 141 141 100]","""""","9.9","false","{breed social-friends}","0","""default""","""none""","0"
"{citizen 31}","{citizen 32}","[85 0 170 100]","""""","9.9","false","{breed social-friends}","0","""default""","""none""","0"
"{citizen 31}","{citizen 33}","[85 0 170 100]","""""","9.9","false","{breed social-friends}","0","""default""","""none""","0"
"{citizen 31}","{citizen 34}","[85 0 170 100]","""""","9.9","false","{breed social-friends}","0","""default""","""none""","0"
"{citizen 31}","{citizen 35}","[85 0 170 100]","""""","9.9","false","{breed social-friends}","0","""default""","""none""","0"
"{citizen 31}","{citizen 36}","[85 0 170 100]","""""","9.9","false","{breed social-friends}","0","""default""","""none""","0"
"{citizen 31}","{citizen 37}","[85 0 170 100]","""""","9.9","false","{breed social-friends}","0","""default""","""none""","0"
"{citizen 31}","{citizen 38}","[141 141 141 100]","""""","9.9","false","{breed social-friends}","0","""default""","""none""","0"
"{citizen 31}","{citizen 39}","[85 0 170 100]","""""","9.9","false","{breed social-friends}","0","""default""","""none""","0"
"{citizen 31}","{citizen 40}","[85 0 170 100]","""""","9.9","false","{breed social-friends}","0","""default""","""none""","0"
"{citizen 31}","{citizen 41}","[85 0 170 100]","""""","9.9","false","{breed social-friends}","0","""default""","""none""","0"
"{citizen 31}","{citizen 42}","[85 0 170 100]","""""","9.9","false","{breed social-friends}","0","""default""","""none""","0"
"{citizen 31}","{citizen 43}","[141 141 141 100]","""""","9.9","false","{breed social-friends}","0","""default""","""none""","0"
"{citizen 31}","{citizen 44}","[85 0 170 100]","""""","9.9","false","{breed social-friends}","0","""default""","""none""","0"
"{citizen 31}","{citizen 45}","[85 0 170 100]","""""","9.9","false","{breed social-friends}","0","""default""","""none""","0"
"{citizen 31}","{citizen 46}","[85 0 170 100]","""""","9.9","false","{breed social-friends}","0","""default""","""none""","0"
"{citizen 31}","{citizen 47}","[85 0 170 100]","""""","9.9","false","{breed social-friends}","0","""default""","""none""","0"
"{citizen 31}","{citizen 48}","[85 0 170 100]","""""","9.9","false","{breed social-friends}","0","""default""","""none""","0"
"{citizen 31}","{citizen 49}","[85 0 170 100]","""""","9.9","false","{breed social-friends}","0","""default""","""none""","0"
"{citizen 32}","{citizen 0}","[141 141 141 100]","""""","9.9","false","{breed social-friends}","0","""default""","""none""","0"
"{citizen 32}","{citizen 1}","[141 141 141 100]","""""","9.9","false","{breed social-friends}","0","""default""","""none""","0"
"{citizen 32}","{citizen 2}","[85 0 170 100]","""""","9.9","false","{breed social-friends}","0","""default""","""none""","0"
"{citizen 32}","{citizen 3}","[85 0 170 100]","""""","9.9","false","{breed social-friends}","0","""default""","""none""","0"
"{citizen 32}","{citizen 4}","[85 0 170 100]","""""","9.9","false","{breed social-friends}","0","""default""","""none""","0"
"{citizen 32}","{citizen 5}","[141 141 141 100]","""""","9.9","false","{breed social-friends}","0","""default""","""none""","0"
"{citizen 32}","{citizen 6}","[141 141 141 100]","""""","9.9","false","{breed social-friends}","0","""default""","""none""","0"
"{citizen 32}","{citizen 7}","[141 141 141 100]","""""","9.9","false","{breed social-friends}","0","""default""","""none""","0"
"{citizen 32}","{citizen 8}","[85 0 170 100]","""""","9.9","false","{breed social-friends}","0","""default""","""none""","0"
"{citizen 32}","{citizen 9}","[85 0 170 100]","""""","9.9","false","{breed social-friends}","0","""default""","""none""","0"
"{citizen 32}","{citizen 10}","[141 141 141 100]","""""","9.9","false","{breed social-friends}","0","""default""","""none""","0"
"{citizen 32}","{citizen 11}","[85 0 170 100]","""""","9.9","false","{breed social-friends}","0","""default""","""none""","0"
"{citizen 32}","{citizen 12}","[85 0 170 100]","""""","9.9","false","{breed social-friends}","0","""default""","""none""","0"
"{citizen 32}","{citizen 13}","[85 0 170 100]","""""","9.9","false","{breed social-friends}","0","""default""","""none""","0"
"{citizen 32}","{citizen 14}","[141 141 141 100]","""""","9.9","false","{breed social-friends}","0","""default""","""none""","0"
"{citizen 32}","{citizen 15}","[85 0 170 100]","""""","9.9","false","{breed social-friends}","0","""default""","""none""","0"
"{citizen 32}","{citizen 16}","[141 141 141 100]","""""","9.9","false","{breed social-friends}","0","""default""","""none""","0"
"{citizen 32}","{citizen 17}","[141 141 141 100]","""""","9.9","false","{breed social-friends}","0","""default""","""none""","0"
"{citizen 32}","{citizen 18}","[141 141 141 100]","""""","9.9","false","{breed social-friends}","0","""default""","""none""","0"
"{citizen 32}","{citizen 19}","[141 141 141 100]","""""","9.9","false","{breed social-friends}","0","""default""","""none""","0"
"{citizen 32}","{citizen 20}","[85 0 170 100]","""""","9.9","false","{breed social-friends}","0","""default""","""none""","0"
"{citizen 32}","{citizen 21}","[85 0 170 100]","""""","9.9","false","{breed social-friends}","0","""default""","""none""","0"
"{citizen 32}","{citizen 22}","[141 141 141 100]","""""","9.9","false","{breed social-friends}","0","""default""","""none""","0"
"{citizen 32}","{citizen 23}","[141 141 141 100]","""""","9.9","false","{breed social-friends}","0","""default""","""none""","0"
"{citizen 32}","{citizen 24}","[141 141 141 100]","""""","9.9","false","{breed social-friends}","0","""default""","""none""","0"
"{citizen 32}","{citizen 25}","[141 141 141 100]","""""","9.9","false","{breed social-friends}","0","""default""","""none""","0"
"{citizen 32}","{citizen 26}","[141 141 141 100]","""""","9.9","false","{breed social-friends}","0","""default""","""none""","0"
"{citizen 32}","{citizen 27}","[141 141 141 100]","""""","9.9","false","{breed social-friends}","0","""default""","""none""","0"
"{citizen 32}","{citizen 28}","[85 0 170 100]","""""","9.9","false","{breed social-friends}","0","""default""","""none""","0"
"{citizen 32}","{citizen 29}","[141 141 141 100]","""""","9.9","false","{breed social-friends}","0","""default""","""none""","0"
"{citizen 32}","{citizen 30}","[141 141 141 100]","""""","9.9","false","{breed social-friends}","0","""default""","""none""","0"
"{citizen 32}","{citizen 31}","[85 0 170 100]","""""","9.9","false","{breed social-friends}","0","""default""","""none""","0"
"{citizen 32}","{citizen 33}","[85 0 170 100]","""""","9.9","false","{breed social-friends}","0","""default""","""none""","0"
"{citizen 32}","{citizen 34}","[85 0 170 100]","""""","9.9","false","{breed social-friends}","0","""default""","""none""","0"
"{citizen 32}","{citizen 35}","[85 0 170 100]","""""","9.9","false","{breed social-friends}","0","""default""","""none""","0"
"{citizen 32}","{citizen 36}","[85 0 170 100]","""""","9.9","false","{breed social-friends}","0","""default""","""none""","0"
"{citizen 32}","{citizen 37}","[85 0 170 100]","""""","9.9","false","{breed social-friends}","0","""default""","""none""","0"
"{citizen 32}","{citizen 38}","[141 141 141 100]","""""","9.9","false","{breed social-friends}","0","""default""","""none""","0"
"{citizen 32}","{citizen 39}","[85 0 170 100]","""""","9.9","false","{breed social-friends}","0","""default""","""none""","0"
"{citizen 32}","{citizen 40}","[85 0 170 100]","""""","9.9","false","{breed social-friends}","0","""default""","""none""","0"
"{citizen 32}","{citizen 41}","[85 0 170 100]","""""","9.9","false","{breed social-friends}","0","""default""","""none""","0"
"{citizen 32}","{citizen 42}","[85 0 170 100]","""""","9.9","false","{breed social-friends}","0","""default""","""none""","0"
"{citizen 32}","{citizen 43}","[141 141 141 100]","""""","9.9","false","{breed social-friends}","0","""default""","""none""","0"
"{citizen 32}","{citizen 44}","[85 0 170 100]","""""","9.9","false","{breed social-friends}","0","""default""","""none""","0"
"{citizen 32}","{citizen 45}","[85 0 170 100]","""""","9.9","false","{breed social-friends}","0","""default""","""none""","0"
"{citizen 32}","{citizen 46}","[85 0 170 100]","""""","9.9","false","{breed social-friends}","0","""default""","""none""","0"
"{citizen 32}","{citizen 47}","[85 0 170 100]","""""","9.9","false","{breed social-friends}","0","""default""","""none""","0"
"{citizen 32}","{citizen 48}","[85 0 170 100]","""""","9.9","false","{breed social-friends}","0","""default""","""none""","0"
"{citizen 32}","{citizen 49}","[85 0 170 100]","""""","9.9","false","{breed social-friends}","0","""default""","""none""","0"
"{citizen 33}","{citizen 0}","[141 141 141 100]","""""","9.9","false","{breed social-friends}","0","""default""","""none""","0"
"{citizen 33}","{citizen 1}","[141 141 141 100]","""""","9.9","false","{breed social-friends}","0","""default""","""none""","0"
"{citizen 33}","{citizen 2}","[85 0 170 100]","""""","9.9","false","{breed social-friends}","0","""default""","""none""","0"
"{citizen 33}","{citizen 3}","[85 0 170 100]","""""","9.9","false","{breed social-friends}","0","""default""","""none""","0"
"{citizen 33}","{citizen 4}","[85 0 170 100]","""""","9.9","false","{breed social-friends}","0","""default""","""none""","0"
"{citizen 33}","{citizen 5}","[141 141 141 100]","""""","9.9","false","{breed social-friends}","0","""default""","""none""","0"
"{citizen 33}","{citizen 6}","[141 141 141 100]","""""","9.9","false","{breed social-friends}","0","""default""","""none""","0"
"{citizen 33}","{citizen 7}","[141 141 141 100]","""""","9.9","false","{breed social-friends}","0","""default""","""none""","0"
"{citizen 33}","{citizen 8}","[85 0 170 100]","""""","9.9","false","{breed social-friends}","0","""default""","""none""","0"
"{citizen 33}","{citizen 9}","[85 0 170 100]","""""","9.9","false","{breed social-friends}","0","""default""","""none""","0"
"{citizen 33}","{citizen 10}","[141 141 141 100]","""""","9.9","false","{breed social-friends}","0","""default""","""none""","0"
"{citizen 33}","{citizen 11}","[85 0 170 100]","""""","9.9","false","{breed social-friends}","0","""default""","""none""","0"
"{citizen 33}","{citizen 12}","[85 0 170 100]","""""","9.9","false","{breed social-friends}","0","""default""","""none""","0"
"{citizen 33}","{citizen 13}","[85 0 170 100]","""""","9.9","false","{breed social-friends}","0","""default""","""none""","0"
"{citizen 33}","{citizen 14}","[141 141 141 100]","""""","9.9","false","{breed social-friends}","0","""default""","""none""","0"
"{citizen 33}","{citizen 15}","[85 0 170 100]","""""","9.9","false","{breed social-friends}","0","""default""","""none""","0"
"{citizen 33}","{citizen 16}","[141 141 141 100]","""""","9.9","false","{breed social-friends}","0","""default""","""none""","0"
"{citizen 33}","{citizen 17}","[141 141 141 100]","""""","9.9","false","{breed social-friends}","0","""default""","""none""","0"
"{citizen 33}","{citizen 18}","[141 141 141 100]","""""","9.9","false","{breed social-friends}","0","""default""","""none""","0"
"{citizen 33}","{citizen 19}","[141 141 141 100]","""""","9.9","false","{breed social-friends}","0","""default""","""none""","0"
"{citizen 33}","{citizen 20}","[85 0 170 100]","""""","9.9","false","{breed social-friends}","0","""default""","""none""","0"
"{citizen 33}","{citizen 21}","[85 0 170 100]","""""","9.9","false","{breed social-friends}","0","""default""","""none""","0"
"{citizen 33}","{citizen 22}","[141 141 141 100]","""""","9.9","false","{breed social-friends}","0","""default""","""none""","0"
"{citizen 33}","{citizen 23}","[141 141 141 100]","""""","9.9","false","{breed social-friends}","0","""default""","""none""","0"
"{citizen 33}","{citizen 24}","[141 141 141 100]","""""","9.9","false","{breed social-friends}","0","""default""","""none""","0"
"{citizen 33}","{citizen 25}","[141 141 141 100]","""""","9.9","false","{breed social-friends}","0","""default""","""none""","0"
"{citizen 33}","{citizen 26}","[141 141 141 100]","""""","9.9","false","{breed social-friends}","0","""default""","""none""","0"
"{citizen 33}","{citizen 27}","[141 141 141 100]","""""","9.9","false","{breed social-friends}","0","""default""","""none""","0"
"{citizen 33}","{citizen 28}","[85 0 170 100]","""""","9.9","false","{breed social-friends}","0","""default""","""none""","0"
"{citizen 33}","{citizen 29}","[141 141 141 100]","""""","9.9","false","{breed social-friends}","0","""default""","""none""","0"
"{citizen 33}","{citizen 30}","[141 141 141 100]","""""","9.9","false","{breed social-friends}","0","""default""","""none""","0"
"{citizen 33}","{citizen 31}","[85 0 170 100]","""""","9.9","false","{breed social-friends}","0","""default""","""none""","0"
"{citizen 33}","{citizen 32}","[85 0 170 100]","""""","9.9","false","{breed social-friends}","0","""default""","""none""","0"
"{citizen 33}","{citizen 34}","[85 0 170 100]","""""","9.9","false","{breed social-friends}","0","""default""","""none""","0"
"{citizen 33}","{citizen 35}","[85 0 170 100]","""""","9.9","false","{breed social-friends}","0","""default""","""none""","0"
"{citizen 33}","{citizen 36}","[85 0 170 100]","""""","9.9","false","{breed social-friends}","0","""default""","""none""","0"
"{citizen 33}","{citizen 37}","[85 0 170 100]","""""","9.9","false","{breed social-friends}","0","""default""","""none""","0"
"{citizen 33}","{citizen 38}","[141 141 141 100]","""""","9.9","false","{breed social-friends}","0","""default""","""none""","0"
"{citizen 33}","{citizen 39}","[85 0 170 100]","""""","9.9","false","{breed social-friends}","0","""default""","""none""","0"
"{citizen 33}","{citizen 40}","[85 0 170 100]","""""","9.9","false","{breed social-friends}","0","""default""","""none""","0"
"{citizen 33}","{citizen 41}","[85 0 170 100]","""""","9.9","false","{breed social-friends}","0","""default""","""none""","0"
"{citizen 33}","{citizen 42}","[85 0 170 100]","""""","9.9","false","{breed social-friends}","0","""default""","""none""","0"
"{citizen 33}","{citizen 43}","[141 141 141 100]","""""","9.9","false","{breed social-friends}","0","""default""","""none""","0"
"{citizen 33}","{citizen 44}","[85 0 170 100]","""""","9.9","false","{breed social-friends}","0","""default""","""none""","0"
"{citizen 33}","{citizen 45}","[85 0 170 100]","""""","9.9","false","{breed social-friends}","0","""default""","""none""","0"
"{citizen 33}","{citizen 46}","[85 0 170 100]","""""","9.9","false","{breed social-friends}","0","""default""","""none""","0"
"{citizen 33}","{citizen 47}","[85 0 170 100]","""""","9.9","false","{breed social-friends}","0","""default""","""none""","0"
"{citizen 33}","{citizen 48}","[85 0 170 100]","""""","9.9","false","{breed social-friends}","0","""default""","""none""","0"
"{citizen 33}","{citizen 49}","[85 0 170 100]","""""","9.9","false","{breed social-friends}","0","""default""","""none""","0"
"{citizen 34}","{citizen 0}","[141 141 141 100]","""""","9.9","false","{breed social-friends}","0","""default""","""none""","0"
"{citizen 34}","{citizen 1}","[141 141 141 100]","""""","9.9","false","{breed social-friends}","0","""default""","""none""","0"
"{citizen 34}","{citizen 2}","[85 0 170 100]","""""","9.9","false","{breed social-friends}","0","""default""","""none""","0"
"{citizen 34}","{citizen 3}","[85 0 170 100]","""""","9.9","false","{breed social-friends}","0","""default""","""none""","0"
"{citizen 34}","{citizen 4}","[85 0 170 100]","""""","9.9","false","{breed social-friends}","0","""default""","""none""","0"
"{citizen 34}","{citizen 5}","[141 141 141 100]","""""","9.9","false","{breed social-friends}","0","""default""","""none""","0"
"{citizen 34}","{citizen 6}","[141 141 141 100]","""""","9.9","false","{breed social-friends}","0","""default""","""none""","0"
"{citizen 34}","{citizen 7}","[141 141 141 100]","""""","9.9","false","{breed social-friends}","0","""default""","""none""","0"
"{citizen 34}","{citizen 8}","[85 0 170 100]","""""","9.9","false","{breed social-friends}","0","""default""","""none""","0"
"{citizen 34}","{citizen 9}","[85 0 170 100]","""""","9.9","false","{breed social-friends}","0","""default""","""none""","0"
"{citizen 34}","{citizen 10}","[141 141 141 100]","""""","9.9","false","{breed social-friends}","0","""default""","""none""","0"
"{citizen 34}","{citizen 11}","[85 0 170 100]","""""","9.9","false","{breed social-friends}","0","""default""","""none""","0"
"{citizen 34}","{citizen 12}","[85 0 170 100]","""""","9.9","false","{breed social-friends}","0","""default""","""none""","0"
"{citizen 34}","{citizen 13}","[85 0 170 100]","""""","9.9","false","{breed social-friends}","0","""default""","""none""","0"
"{citizen 34}","{citizen 14}","[141 141 141 100]","""""","9.9","false","{breed social-friends}","0","""default""","""none""","0"
"{citizen 34}","{citizen 15}","[85 0 170 100]","""""","9.9","false","{breed social-friends}","0","""default""","""none""","0"
"{citizen 34}","{citizen 16}","[141 141 141 100]","""""","9.9","false","{breed social-friends}","0","""default""","""none""","0"
"{citizen 34}","{citizen 17}","[141 141 141 100]","""""","9.9","false","{breed social-friends}","0","""default""","""none""","0"
"{citizen 34}","{citizen 18}","[141 141 141 100]","""""","9.9","false","{breed social-friends}","0","""default""","""none""","0"
"{citizen 34}","{citizen 19}","[141 141 141 100]","""""","9.9","false","{breed social-friends}","0","""default""","""none""","0"
"{citizen 34}","{citizen 20}","[85 0 170 100]","""""","9.9","false","{breed social-friends}","0","""default""","""none""","0"
"{citizen 34}","{citizen 21}","[85 0 170 100]","""""","9.9","false","{breed social-friends}","0","""default""","""none""","0"
"{citizen 34}","{citizen 22}","[141 141 141 100]","""""","9.9","false","{breed social-friends}","0","""default""","""none""","0"
"{citizen 34}","{citizen 23}","[141 141 141 100]","""""","9.9","false","{breed social-friends}","0","""default""","""none""","0"
"{citizen 34}","{citizen 24}","[141 141 141 100]","""""","9.9","false","{breed social-friends}","0","""default""","""none""","0"
"{citizen 34}","{citizen 25}","[141 141 141 100]","""""","9.9","false","{breed social-friends}","0","""default""","""none""","0"
"{citizen 34}","{citizen 26}","[141 141 141 100]","""""","9.9","false","{breed social-friends}","0","""default""","""none""","0"
"{citizen 34}","{citizen 27}","[141 141 141 100]","""""","9.9","false","{breed social-friends}","0","""default""","""none""","0"
"{citizen 34}","{citizen 28}","[85 0 170 100]","""""","9.9","false","{breed social-friends}","0","""default""","""none""","0"
"{citizen 34}","{citizen 29}","[141 141 141 100]","""""","9.9","false","{breed social-friends}","0","""default""","""none""","0"
"{citizen 34}","{citizen 30}","[141 141 141 100]","""""","9.9","false","{breed social-friends}","0","""default""","""none""","0"
"{citizen 34}","{citizen 31}","[85 0 170 100]","""""","9.9","false","{breed social-friends}","0","""default""","""none""","0"
"{citizen 34}","{citizen 32}","[85 0 170 100]","""""","9.9","false","{breed social-friends}","0","""default""","""none""","0"
"{citizen 34}","{citizen 33}","[85 0 170 100]","""""","9.9","false","{breed social-friends}","0","""default""","""none""","0"
"{citizen 34}","{citizen 35}","[85 0 170 100]","""""","9.9","false","{breed social-friends}","0","""default""","""none""","0"
"{citizen 34}","{citizen 36}","[85 0 170 100]","""""","9.9","false","{breed social-friends}","0","""default""","""none""","0"
"{citizen 34}","{citizen 37}","[85 0 170 100]","""""","9.9","false","{breed social-friends}","0","""default""","""none""","0"
"{citizen 34}","{citizen 38}","[141 141 141 100]","""""","9.9","false","{breed social-friends}","0","""default""","""none""","0"
"{citizen 34}","{citizen 39}","[85 0 170 100]","""""","9.9","false","{breed social-friends}","0","""default""","""none""","0"
"{citizen 34}","{citizen 40}","[85 0 170 100]","""""","9.9","false","{breed social-friends}","0","""default""","""none""","0"
"{citizen 34}","{citizen 41}","[85 0 170 100]","""""","9.9","false","{breed social-friends}","0","""default""","""none""","0"
"{citizen 34}","{citizen 42}","[85 0 170 100]","""""","9.9","false","{breed social-friends}","0","""default""","""none""","0"
"{citizen 34}","{citizen 43}","[141 141 141 100]","""""","9.9","false","{breed social-friends}","0","""default""","""none""","0"
"{citizen 34}","{citizen 44}","[85 0 170 100]","""""","9.9","false","{breed social-friends}","0","""default""","""none""","0"
"{citizen 34}","{citizen 45}","[85 0 170 100]","""""","9.9","false","{breed social-friends}","0","""default""","""none""","0"
"{citizen 34}","{citizen 46}","[85 0 170 100]","""""","9.9","false","{breed social-friends}","0","""default""","""none""","0"
"{citizen 34}","{citizen 47}","[85 0 170 100]","""""","9.9","false","{breed social-friends}","0","""default""","""none""","0"
"{citizen 34}","{citizen 48}","[85 0 170 100]","""""","9.9","false","{breed social-friends}","0","""default""","""none""","0"
"{citizen 34}","{citizen 49}","[85 0 170 100]","""""","9.9","false","{breed social-friends}","0","""default""","""none""","0"
"{citizen 35}","{citizen 0}","[141 141 141 100]","""""","9.9","false","{breed social-friends}","0","""default""","""none""","0"
"{citizen 35}","{citizen 1}","[141 141 141 100]","""""","9.9","false","{breed social-friends}","0","""default""","""none""","0"
"{citizen 35}","{citizen 2}","[85 0 170 100]","""""","9.9","false","{breed social-friends}","0","""default""","""none""","0"
"{citizen 35}","{citizen 3}","[85 0 170 100]","""""","9.9","false","{breed social-friends}","0","""default""","""none""","0"
"{citizen 35}","{citizen 4}","[85 0 170 100]","""""","9.9","false","{breed social-friends}","0","""default""","""none""","0"
"{citizen 35}","{citizen 5}","[141 141 141 100]","""""","9.9","false","{breed social-friends}","0","""default""","""none""","0"
"{citizen 35}","{citizen 6}","[141 141 141 100]","""""","9.9","false","{breed social-friends}","0","""default""","""none""","0"
"{citizen 35}","{citizen 7}","[141 141 141 100]","""""","9.9","false","{breed social-friends}","0","""default""","""none""","0"
"{citizen 35}","{citizen 8}","[85 0 170 100]","""""","9.9","false","{breed social-friends}","0","""default""","""none""","0"
"{citizen 35}","{citizen 9}","[85 0 170 100]","""""","9.9","false","{breed social-friends}","0","""default""","""none""","0"
"{citizen 35}","{citizen 10}","[141 141 141 100]","""""","9.9","false","{breed social-friends}","0","""default""","""none""","0"
"{citizen 35}","{citizen 11}","[85 0 170 100]","""""","9.9","false","{breed social-friends}","0","""default""","""none""","0"
"{citizen 35}","{citizen 12}","[85 0 170 100]","""""","9.9","false","{breed social-friends}","0","""default""","""none""","0"
"{citizen 35}","{citizen 13}","[85 0 170 100]","""""","9.9","false","{breed social-friends}","0","""default""","""none""","0"
"{citizen 35}","{citizen 14}","[141 141 141 100]","""""","9.9","false","{breed social-friends}","0","""default""","""none""","0"
"{citizen 35}","{citizen 15}","[85 0 170 100]","""""","9.9","false","{breed social-friends}","0","""default""","""none""","0"
"{citizen 35}","{citizen 16}","[141 141 141 100]","""""","9.9","false","{breed social-friends}","0","""default""","""none""","0"
"{citizen 35}","{citizen 17}","[141 141 141 100]","""""","9.9","false","{breed social-friends}","0","""default""","""none""","0"
"{citizen 35}","{citizen 18}","[141 141 141 100]","""""","9.9","false","{breed social-friends}","0","""default""","""none""","0"
"{citizen 35}","{citizen 19}","[141 141 141 100]","""""","9.9","false","{breed social-friends}","0","""default""","""none""","0"
"{citizen 35}","{citizen 20}","[85 0 170 100]","""""","9.9","false","{breed social-friends}","0","""default""","""none""","0"
"{citizen 35}","{citizen 21}","[85 0 170 100]","""""","9.9","false","{breed social-friends}","0","""default""","""none""","0"
"{citizen 35}","{citizen 22}","[141 141 141 100]","""""","9.9","false","{breed social-friends}","0","""default""","""none""","0"
"{citizen 35}","{citizen 23}","[141 141 141 100]","""""","9.9","false","{breed social-friends}","0","""default""","""none""","0"
"{citizen 35}","{citizen 24}","[141 141 141 100]","""""","9.9","false","{breed social-friends}","0","""default""","""none""","0"
"{citizen 35}","{citizen 25}","[141 141 141 100]","""""","9.9","false","{breed social-friends}","0","""default""","""none""","0"
"{citizen 35}","{citizen 26}","[141 141 141 100]","""""","9.9","false","{breed social-friends}","0","""default""","""none""","0"
"{citizen 35}","{citizen 27}","[141 141 141 100]","""""","9.9","false","{breed social-friends}","0","""default""","""none""","0"
"{citizen 35}","{citizen 28}","[85 0 170 100]","""""","9.9","false","{breed social-friends}","0","""default""","""none""","0"
"{citizen 35}","{citizen 29}","[141 141 141 100]","""""","9.9","false","{breed social-friends}","0","""default""","""none""","0"
"{citizen 35}","{citizen 30}","[141 141 141 100]","""""","9.9","false","{breed social-friends}","0","""default""","""none""","0"
"{citizen 35}","{citizen 31}","[85 0 170 100]","""""","9.9","false","{breed social-friends}","0","""default""","""none""","0"
"{citizen 35}","{citizen 32}","[85 0 170 100]","""""","9.9","false","{breed social-friends}","0","""default""","""none""","0"
"{citizen 35}","{citizen 33}","[85 0 170 100]","""""","9.9","false","{breed social-friends}","0","""default""","""none""","0"
"{citizen 35}","{citizen 34}","[85 0 170 100]","""""","9.9","false","{breed social-friends}","0","""default""","""none""","0"
"{citizen 35}","{citizen 36}","[85 0 170 100]","""""","9.9","false","{breed social-friends}","0","""default""","""none""","0"
"{citizen 35}","{citizen 37}","[85 0 170 100]","""""","9.9","false","{breed social-friends}","0","""default""","""none""","0"
"{citizen 35}","{citizen 38}","[141 141 141 100]","""""","9.9","false","{breed social-friends}","0","""default""","""none""","0"
"{citizen 35}","{citizen 39}","[85 0 170 100]","""""","9.9","false","{breed social-friends}","0","""default""","""none""","0"
"{citizen 35}","{citizen 40}","[85 0 170 100]","""""","9.9","false","{breed social-friends}","0","""default""","""none""","0"
"{citizen 35}","{citizen 41}","[85 0 170 100]","""""","9.9","false","{breed social-friends}","0","""default""","""none""","0"
"{citizen 35}","{citizen 42}","[85 0 170 100]","""""","9.9","false","{breed social-friends}","0","""default""","""none""","0"
"{citizen 35}","{citizen 43}","[141 141 141 100]","""""","9.9","false","{breed social-friends}","0","""default""","""none""","0"
"{citizen 35}","{citizen 44}","[85 0 170 100]","""""","9.9","false","{breed social-friends}","0","""default""","""none""","0"
"{citizen 35}","{citizen 45}","[85 0 170 100]","""""","9.9","false","{breed social-friends}","0","""default""","""none""","0"
"{citizen 35}","{citizen 46}","[85 0 170 100]","""""","9.9","false","{breed social-friends}","0","""default""","""none""","0"
"{citizen 35}","{citizen 47}","[85 0 170 100]","""""","9.9","false","{breed social-friends}","0","""default""","""none""","0"
"{citizen 35}","{citizen 48}","[85 0 170 100]","""""","9.9","false","{breed social-friends}","0","""default""","""none""","0"
"{citizen 35}","{citizen 49}","[85 0 170 100]","""""","9.9","false","{breed social-friends}","0","""default""","""none""","0"
"{citizen 36}","{citizen 0}","[141 141 141 100]","""""","9.9","false","{breed social-friends}","0","""default""","""none""","0"
"{citizen 36}","{citizen 1}","[141 141 141 100]","""""","9.9","false","{breed social-friends}","0","""default""","""none""","0"
"{citizen 36}","{citizen 2}","[85 0 170 100]","""""","9.9","false","{breed social-friends}","0","""default""","""none""","0"
"{citizen 36}","{citizen 3}","[85 0 170 100]","""""","9.9","false","{breed social-friends}","0","""default""","""none""","0"
"{citizen 36}","{citizen 4}","[85 0 170 100]","""""","9.9","false","{breed social-friends}","0","""default""","""none""","0"
"{citizen 36}","{citizen 5}","[141 141 141 100]","""""","9.9","false","{breed social-friends}","0","""default""","""none""","0"
"{citizen 36}","{citizen 6}","[141 141 141 100]","""""","9.9","false","{breed social-friends}","0","""default""","""none""","0"
"{citizen 36}","{citizen 7}","[141 141 141 100]","""""","9.9","false","{breed social-friends}","0","""default""","""none""","0"
"{citizen 36}","{citizen 8}","[85 0 170 100]","""""","9.9","false","{breed social-friends}","0","""default""","""none""","0"
"{citizen 36}","{citizen 9}","[85 0 170 100]","""""","9.9","false","{breed social-friends}","0","""default""","""none""","0"
"{citizen 36}","{citizen 10}","[141 141 141 100]","""""","9.9","false","{breed social-friends}","0","""default""","""none""","0"
"{citizen 36}","{citizen 11}","[85 0 170 100]","""""","9.9","false","{breed social-friends}","0","""default""","""none""","0"
"{citizen 36}","{citizen 12}","[85 0 170 100]","""""","9.9","false","{breed social-friends}","0","""default""","""none""","0"
"{citizen 36}","{citizen 13}","[85 0 170 100]","""""","9.9","false","{breed social-friends}","0","""default""","""none""","0"
"{citizen 36}","{citizen 14}","[141 141 141 100]","""""","9.9","false","{breed social-friends}","0","""default""","""none""","0"
"{citizen 36}","{citizen 15}","[85 0 170 100]","""""","9.9","false","{breed social-friends}","0","""default""","""none""","0"
"{citizen 36}","{citizen 16}","[141 141 141 100]","""""","9.9","false","{breed social-friends}","0","""default""","""none""","0"
"{citizen 36}","{citizen 17}","[141 141 141 100]","""""","9.9","false","{breed social-friends}","0","""default""","""none""","0"
"{citizen 36}","{citizen 18}","[141 141 141 100]","""""","9.9","false","{breed social-friends}","0","""default""","""none""","0"
"{citizen 36}","{citizen 19}","[141 141 141 100]","""""","9.9","false","{breed social-friends}","0","""default""","""none""","0"
"{citizen 36}","{citizen 20}","[85 0 170 100]","""""","9.9","false","{breed social-friends}","0","""default""","""none""","0"
"{citizen 36}","{citizen 21}","[85 0 170 100]","""""","9.9","false","{breed social-friends}","0","""default""","""none""","0"
"{citizen 36}","{citizen 22}","[141 141 141 100]","""""","9.9","false","{breed social-friends}","0","""default""","""none""","0"
"{citizen 36}","{citizen 23}","[141 141 141 100]","""""","9.9","false","{breed social-friends}","0","""default""","""none""","0"
"{citizen 36}","{citizen 24}","[141 141 141 100]","""""","9.9","false","{breed social-friends}","0","""default""","""none""","0"
"{citizen 36}","{citizen 25}","[141 141 141 100]","""""","9.9","false","{breed social-friends}","0","""default""","""none""","0"
"{citizen 36}","{citizen 26}","[141 141 141 100]","""""","9.9","false","{breed social-friends}","0","""default""","""none""","0"
"{citizen 36}","{citizen 27}","[141 141 141 100]","""""","9.9","false","{breed social-friends}","0","""default""","""none""","0"
"{citizen 36}","{citizen 28}","[85 0 170 100]","""""","9.9","false","{breed social-friends}","0","""default""","""none""","0"
"{citizen 36}","{citizen 29}","[141 141 141 100]","""""","9.9","false","{breed social-friends}","0","""default""","""none""","0"
"{citizen 36}","{citizen 30}","[141 141 141 100]","""""","9.9","false","{breed social-friends}","0","""default""","""none""","0"
"{citizen 36}","{citizen 31}","[85 0 170 100]","""""","9.9","false","{breed social-friends}","0","""default""","""none""","0"
"{citizen 36}","{citizen 32}","[85 0 170 100]","""""","9.9","false","{breed social-friends}","0","""default""","""none""","0"
"{citizen 36}","{citizen 33}","[85 0 170 100]","""""","9.9","false","{breed social-friends}","0","""default""","""none""","0"
"{citizen 36}","{citizen 34}","[85 0 170 100]","""""","9.9","false","{breed social-friends}","0","""default""","""none""","0"
"{citizen 36}","{citizen 35}","[85 0 170 100]","""""","9.9","false","{breed social-friends}","0","""default""","""none""","0"
"{citizen 36}","{citizen 37}","[85 0 170 100]","""""","9.9","false","{breed social-friends}","0","""default""","""none""","0"
"{citizen 36}","{citizen 38}","[141 141 141 100]","""""","9.9","false","{breed social-friends}","0","""default""","""none""","0"
"{citizen 36}","{citizen 39}","[85 0 170 100]","""""","9.9","false","{breed social-friends}","0","""default""","""none""","0"
"{citizen 36}","{citizen 40}","[85 0 170 100]","""""","9.9","false","{breed social-friends}","0","""default""","""none""","0"
"{citizen 36}","{citizen 41}","[85 0 170 100]","""""","9.9","false","{breed social-friends}","0","""default""","""none""","0"
"{citizen 36}","{citizen 42}","[85 0 170 100]","""""","9.9","false","{breed social-friends}","0","""default""","""none""","0"
"{citizen 36}","{citizen 43}","[141 141 141 100]","""""","9.9","false","{breed social-friends}","0","""default""","""none""","0"
"{citizen 36}","{citizen 44}","[85 0 170 100]","""""","9.9","false","{breed social-friends}","0","""default""","""none""","0"
"{citizen 36}","{citizen 45}","[85 0 170 100]","""""","9.9","false","{breed social-friends}","0","""default""","""none""","0"
"{citizen 36}","{citizen 46}","[85 0 170 100]","""""","9.9","false","{breed social-friends}","0","""default""","""none""","0"
"{citizen 36}","{citizen 47}","[85 0 170 100]","""""","9.9","false","{breed social-friends}","0","""default""","""none""","0"
"{citizen 36}","{citizen 48}","[85 0 170 100]","""""","9.9","false","{breed social-friends}","0","""default""","""none""","0"
"{citizen 36}","{citizen 49}","[85 0 170 100]","""""","9.9","false","{breed social-friends}","0","""default""","""none""","0"
"{citizen 37}","{citizen 0}","[141 141 141 100]","""""","9.9","false","{breed social-friends}","0","""default""","""none""","0"
"{citizen 37}","{citizen 1}","[141 141 141 100]","""""","9.9","false","{breed social-friends}","0","""default""","""none""","0"
"{citizen 37}","{citizen 2}","[85 0 170 100]","""""","9.9","false","{breed social-friends}","0","""default""","""none""","0"
"{citizen 37}","{citizen 3}","[85 0 170 100]","""""","9.9","false","{breed social-friends}","0","""default""","""none""","0"
"{citizen 37}","{citizen 4}","[85 0 170 100]","""""","9.9","false","{breed social-friends}","0","""default""","""none""","0"
"{citizen 37}","{citizen 5}","[141 141 141 100]","""""","9.9","false","{breed social-friends}","0","""default""","""none""","0"
"{citizen 37}","{citizen 6}","[141 141 141 100]","""""","9.9","false","{breed social-friends}","0","""default""","""none""","0"
"{citizen 37}","{citizen 7}","[141 141 141 100]","""""","9.9","false","{breed social-friends}","0","""default""","""none""","0"
"{citizen 37}","{citizen 8}","[85 0 170 100]","""""","9.9","false","{breed social-friends}","0","""default""","""none""","0"
"{citizen 37}","{citizen 9}","[85 0 170 100]","""""","9.9","false","{breed social-friends}","0","""default""","""none""","0"
"{citizen 37}","{citizen 10}","[141 141 141 100]","""""","9.9","false","{breed social-friends}","0","""default""","""none""","0"
"{citizen 37}","{citizen 11}","[85 0 170 100]","""""","9.9","false","{breed social-friends}","0","""default""","""none""","0"
"{citizen 37}","{citizen 12}","[85 0 170 100]","""""","9.9","false","{breed social-friends}","0","""default""","""none""","0"
"{citizen 37}","{citizen 13}","[85 0 170 100]","""""","9.9","false","{breed social-friends}","0","""default""","""none""","0"
"{citizen 37}","{citizen 14}","[141 141 141 100]","""""","9.9","false","{breed social-friends}","0","""default""","""none""","0"
"{citizen 37}","{citizen 15}","[85 0 170 100]","""""","9.9","false","{breed social-friends}","0","""default""","""none""","0"
"{citizen 37}","{citizen 16}","[141 141 141 100]","""""","9.9","false","{breed social-friends}","0","""default""","""none""","0"
"{citizen 37}","{citizen 17}","[141 141 141 100]","""""","9.9","false","{breed social-friends}","0","""default""","""none""","0"
"{citizen 37}","{citizen 18}","[141 141 141 100]","""""","9.9","false","{breed social-friends}","0","""default""","""none""","0"
"{citizen 37}","{citizen 19}","[141 141 141 100]","""""","9.9","false","{breed social-friends}","0","""default""","""none""","0"
"{citizen 37}","{citizen 20}","[85 0 170 100]","""""","9.9","false","{breed social-friends}","0","""default""","""none""","0"
"{citizen 37}","{citizen 21}","[85 0 170 100]","""""","9.9","false","{breed social-friends}","0","""default""","""none""","0"
"{citizen 37}","{citizen 22}","[141 141 141 100]","""""","9.9","false","{breed social-friends}","0","""default""","""none""","0"
"{citizen 37}","{citizen 23}","[141 141 141 100]","""""","9.9","false","{breed social-friends}","0","""default""","""none""","0"
"{citizen 37}","{citizen 24}","[141 141 141 100]","""""","9.9","false","{breed social-friends}","0","""default""","""none""","0"
"{citizen 37}","{citizen 25}","[141 141 141 100]","""""","9.9","false","{breed social-friends}","0","""default""","""none""","0"
"{citizen 37}","{citizen 26}","[141 141 141 100]","""""","9.9","false","{breed social-friends}","0","""default""","""none""","0"
"{citizen 37}","{citizen 27}","[141 141 141 100]","""""","9.9","false","{breed social-friends}","0","""default""","""none""","0"
"{citizen 37}","{citizen 28}","[85 0 170 100]","""""","9.9","false","{breed social-friends}","0","""default""","""none""","0"
"{citizen 37}","{citizen 29}","[141 141 141 100]","""""","9.9","false","{breed social-friends}","0","""default""","""none""","0"
"{citizen 37}","{citizen 30}","[141 141 141 100]","""""","9.9","false","{breed social-friends}","0","""default""","""none""","0"
"{citizen 37}","{citizen 31}","[85 0 170 100]","""""","9.9","false","{breed social-friends}","0","""default""","""none""","0"
"{citizen 37}","{citizen 32}","[85 0 170 100]","""""","9.9","false","{breed social-friends}","0","""default""","""none""","0"
"{citizen 37}","{citizen 33}","[85 0 170 100]","""""","9.9","false","{breed social-friends}","0","""default""","""none""","0"
"{citizen 37}","{citizen 34}","[85 0 170 100]","""""","9.9","false","{breed social-friends}","0","""default""","""none""","0"
"{citizen 37}","{citizen 35}","[85 0 170 100]","""""","9.9","false","{breed social-friends}","0","""default""","""none""","0"
"{citizen 37}","{citizen 36}","[85 0 170 100]","""""","9.9","false","{breed social-friends}","0","""default""","""none""","0"
"{citizen 37}","{citizen 38}","[141 141 141 100]","""""","9.9","false","{breed social-friends}","0","""default""","""none""","0"
"{citizen 37}","{citizen 39}","[85 0 170 100]","""""","9.9","false","{breed social-friends}","0","""default""","""none""","0"
"{citizen 37}","{citizen 40}","[85 0 170 100]","""""","9.9","false","{breed social-friends}","0","""default""","""none""","0"
"{citizen 37}","{citizen 41}","[85 0 170 100]","""""","9.9","false","{breed social-friends}","0","""default""","""none""","0"
"{citizen 37}","{citizen 42}","[85 0 170 100]","""""","9.9","false","{breed social-friends}","0","""default""","""none""","0"
"{citizen 37}","{citizen 43}","[141 141 141 100]","""""","9.9","false","{breed social-friends}","0","""default""","""none""","0"
"{citizen 37}","{citizen 44}","[85 0 170 100]","""""","9.9","false","{breed social-friends}","0","""default""","""none""","0"
"{citizen 37}","{citizen 45}","[85 0 170 100]","""""","9.9","false","{breed social-friends}","0","""default""","""none""","0"
"{citizen 37}","{citizen 46}","[85 0 170 100]","""""","9.9","false","{breed social-friends}","0","""default""","""none""","0"
"{citizen 37}","{citizen 47}","[85 0 170 100]","""""","9.9","false","{breed social-friends}","0","""default""","""none""","0"
"{citizen 37}","{citizen 48}","[85 0 170 100]","""""","9.9","false","{breed social-friends}","0","""default""","""none""","0"
"{citizen 37}","{citizen 49}","[85 0 170 100]","""""","9.9","false","{breed social-friends}","0","""default""","""none""","0"
"{citizen 38}","{citizen 0}","[170 0 85 100]","""""","9.9","false","{breed social-friends}","0","""default""","""none""","0"
"{citizen 38}","{citizen 1}","[170 0 85 100]","""""","9.9","false","{breed social-friends}","0","""default""","""none""","0"
"{citizen 38}","{citizen 2}","[141 141 141 100]","""""","9.9","false","{breed social-friends}","0","""default""","""none""","0"
"{citizen 38}","{citizen 3}","[141 141 141 100]","""""","9.9","false","{breed social-friends}","0","""default""","""none""","0"
"{citizen 38}","{citizen 4}","[141 141 141 100]","""""","9.9","false","{breed social-friends}","0","""default""","""none""","0"
"{citizen 38}","{citizen 5}","[170 0 85 100]","""""","9.9","false","{breed social-friends}","0","""default""","""none""","0"
"{citizen 38}","{citizen 6}","[170 0 85 100]","""""","9.9","false","{breed social-friends}","0","""default""","""none""","0"
"{citizen 38}","{citizen 7}","[170 0 85 100]","""""","9.9","false","{breed social-friends}","0","""default""","""none""","0"
"{citizen 38}","{citizen 8}","[141 141 141 100]","""""","9.9","false","{breed social-friends}","0","""default""","""none""","0"
"{citizen 38}","{citizen 9}","[141 141 141 100]","""""","9.9","false","{breed social-friends}","0","""default""","""none""","0"
"{citizen 38}","{citizen 10}","[170 0 85 100]","""""","9.9","false","{breed social-friends}","0","""default""","""none""","0"
"{citizen 38}","{citizen 11}","[141 141 141 100]","""""","9.9","false","{breed social-friends}","0","""default""","""none""","0"
"{citizen 38}","{citizen 12}","[141 141 141 100]","""""","9.9","false","{breed social-friends}","0","""default""","""none""","0"
"{citizen 38}","{citizen 13}","[141 141 141 100]","""""","9.9","false","{breed social-friends}","0","""default""","""none""","0"
"{citizen 38}","{citizen 14}","[170 0 85 100]","""""","9.9","false","{breed social-friends}","0","""default""","""none""","0"
"{citizen 38}","{citizen 15}","[141 141 141 100]","""""","9.9","false","{breed social-friends}","0","""default""","""none""","0"
"{citizen 38}","{citizen 16}","[170 0 85 100]","""""","9.9","false","{breed social-friends}","0","""default""","""none""","0"
"{citizen 38}","{citizen 17}","[170 0 85 100]","""""","9.9","false","{breed social-friends}","0","""default""","""none""","0"
"{citizen 38}","{citizen 18}","[170 0 85 100]","""""","9.9","false","{breed social-friends}","0","""default""","""none""","0"
"{citizen 38}","{citizen 19}","[170 0 85 100]","""""","9.9","false","{breed social-friends}","0","""default""","""none""","0"
"{citizen 38}","{citizen 20}","[141 141 141 100]","""""","9.9","false","{breed social-friends}","0","""default""","""none""","0"
"{citizen 38}","{citizen 21}","[141 141 141 100]","""""","9.9","false","{breed social-friends}","0","""default""","""none""","0"
"{citizen 38}","{citizen 22}","[170 0 85 100]","""""","9.9","false","{breed social-friends}","0","""default""","""none""","0"
"{citizen 38}","{citizen 23}","[170 0 85 100]","""""","9.9","false","{breed social-friends}","0","""default""","""none""","0"
"{citizen 38}","{citizen 24}","[170 0 85 100]","""""","9.9","false","{breed social-friends}","0","""default""","""none""","0"
"{citizen 38}","{citizen 25}","[170 0 85 100]","""""","9.9","false","{breed social-friends}","0","""default""","""none""","0"
"{citizen 38}","{citizen 26}","[170 0 85 100]","""""","9.9","false","{breed social-friends}","0","""default""","""none""","0"
"{citizen 38}","{citizen 27}","[170 0 85 100]","""""","9.9","false","{breed social-friends}","0","""default""","""none""","0"
"{citizen 38}","{citizen 28}","[141 141 141 100]","""""","9.9","false","{breed social-friends}","0","""default""","""none""","0"
"{citizen 38}","{citizen 29}","[170 0 85 100]","""""","9.9","false","{breed social-friends}","0","""default""","""none""","0"
"{citizen 38}","{citizen 30}","[170 0 85 100]","""""","9.9","false","{breed social-friends}","0","""default""","""none""","0"
"{citizen 38}","{citizen 31}","[141 141 141 100]","""""","9.9","false","{breed social-friends}","0","""default""","""none""","0"
"{citizen 38}","{citizen 32}","[141 141 141 100]","""""","9.9","false","{breed social-friends}","0","""default""","""none""","0"
"{citizen 38}","{citizen 33}","[141 141 141 100]","""""","9.9","false","{breed social-friends}","0","""default""","""none""","0"
"{citizen 38}","{citizen 34}","[141 141 141 100]","""""","9.9","false","{breed social-friends}","0","""default""","""none""","0"
"{citizen 38}","{citizen 35}","[141 141 141 100]","""""","9.9","false","{breed social-friends}","0","""default""","""none""","0"
"{citizen 38}","{citizen 36}","[141 141 141 100]","""""","9.9","false","{breed social-friends}","0","""default""","""none""","0"
"{citizen 38}","{citizen 37}","[141 141 141 100]","""""","9.9","false","{breed social-friends}","0","""default""","""none""","0"
"{citizen 38}","{citizen 39}","[141 141 141 100]","""""","9.9","false","{breed social-friends}","0","""default""","""none""","0"
"{citizen 38}","{citizen 40}","[141 141 141 100]","""""","9.9","false","{breed social-friends}","0","""default""","""none""","0"
"{citizen 38}","{citizen 41}","[141 141 141 100]","""""","9.9","false","{breed social-friends}","0","""default""","""none""","0"
"{citizen 38}","{citizen 42}","[141 141 141 100]","""""","9.9","false","{breed social-friends}","0","""default""","""none""","0"
"{citizen 38}","{citizen 43}","[170 0 85 100]","""""","9.9","false","{breed social-friends}","0","""default""","""none""","0"
"{citizen 38}","{citizen 44}","[141 141 141 100]","""""","9.9","false","{breed social-friends}","0","""default""","""none""","0"
"{citizen 38}","{citizen 45}","[141 141 141 100]","""""","9.9","false","{breed social-friends}","0","""default""","""none""","0"
"{citizen 38}","{citizen 46}","[141 141 141 100]","""""","9.9","false","{breed social-friends}","0","""default""","""none""","0"
"{citizen 38}","{citizen 47}","[141 141 141 100]","""""","9.9","false","{breed social-friends}","0","""default""","""none""","0"
"{citizen 38}","{citizen 48}","[141 141 141 100]","""""","9.9","false","{breed social-friends}","0","""default""","""none""","0"
"{citizen 38}","{citizen 49}","[141 141 141 100]","""""","9.9","false","{breed social-friends}","0","""default""","""none""","0"
"{citizen 39}","{citizen 0}","[141 141 141 100]","""""","9.9","false","{breed social-friends}","0","""default""","""none""","0"
"{citizen 39}","{citizen 1}","[141 141 141 100]","""""","9.9","false","{breed social-friends}","0","""default""","""none""","0"
"{citizen 39}","{citizen 2}","[85 0 170 100]","""""","9.9","false","{breed social-friends}","0","""default""","""none""","0"
"{citizen 39}","{citizen 3}","[85 0 170 100]","""""","9.9","false","{breed social-friends}","0","""default""","""none""","0"
"{citizen 39}","{citizen 4}","[85 0 170 100]","""""","9.9","false","{breed social-friends}","0","""default""","""none""","0"
"{citizen 39}","{citizen 5}","[141 141 141 100]","""""","9.9","false","{breed social-friends}","0","""default""","""none""","0"
"{citizen 39}","{citizen 6}","[141 141 141 100]","""""","9.9","false","{breed social-friends}","0","""default""","""none""","0"
"{citizen 39}","{citizen 7}","[141 141 141 100]","""""","9.9","false","{breed social-friends}","0","""default""","""none""","0"
"{citizen 39}","{citizen 8}","[85 0 170 100]","""""","9.9","false","{breed social-friends}","0","""default""","""none""","0"
"{citizen 39}","{citizen 9}","[85 0 170 100]","""""","9.9","false","{breed social-friends}","0","""default""","""none""","0"
"{citizen 39}","{citizen 10}","[141 141 141 100]","""""","9.9","false","{breed social-friends}","0","""default""","""none""","0"
"{citizen 39}","{citizen 11}","[85 0 170 100]","""""","9.9","false","{breed social-friends}","0","""default""","""none""","0"
"{citizen 39}","{citizen 12}","[85 0 170 100]","""""","9.9","false","{breed social-friends}","0","""default""","""none""","0"
"{citizen 39}","{citizen 13}","[85 0 170 100]","""""","9.9","false","{breed social-friends}","0","""default""","""none""","0"
"{citizen 39}","{citizen 14}","[141 141 141 100]","""""","9.9","false","{breed social-friends}","0","""default""","""none""","0"
"{citizen 39}","{citizen 15}","[85 0 170 100]","""""","9.9","false","{breed social-friends}","0","""default""","""none""","0"
"{citizen 39}","{citizen 16}","[141 141 141 100]","""""","9.9","false","{breed social-friends}","0","""default""","""none""","0"
"{citizen 39}","{citizen 17}","[141 141 141 100]","""""","9.9","false","{breed social-friends}","0","""default""","""none""","0"
"{citizen 39}","{citizen 18}","[141 141 141 100]","""""","9.9","false","{breed social-friends}","0","""default""","""none""","0"
"{citizen 39}","{citizen 19}","[141 141 141 100]","""""","9.9","false","{breed social-friends}","0","""default""","""none""","0"
"{citizen 39}","{citizen 20}","[85 0 170 100]","""""","9.9","false","{breed social-friends}","0","""default""","""none""","0"
"{citizen 39}","{citizen 21}","[85 0 170 100]","""""","9.9","false","{breed social-friends}","0","""default""","""none""","0"
"{citizen 39}","{citizen 22}","[141 141 141 100]","""""","9.9","false","{breed social-friends}","0","""default""","""none""","0"
"{citizen 39}","{citizen 23}","[141 141 141 100]","""""","9.9","false","{breed social-friends}","0","""default""","""none""","0"
"{citizen 39}","{citizen 24}","[141 141 141 100]","""""","9.9","false","{breed social-friends}","0","""default""","""none""","0"
"{citizen 39}","{citizen 25}","[141 141 141 100]","""""","9.9","false","{breed social-friends}","0","""default""","""none""","0"
"{citizen 39}","{citizen 26}","[141 141 141 100]","""""","9.9","false","{breed social-friends}","0","""default""","""none""","0"
"{citizen 39}","{citizen 27}","[141 141 141 100]","""""","9.9","false","{breed social-friends}","0","""default""","""none""","0"
"{citizen 39}","{citizen 28}","[85 0 170 100]","""""","9.9","false","{breed social-friends}","0","""default""","""none""","0"
"{citizen 39}","{citizen 29}","[141 141 141 100]","""""","9.9","false","{breed social-friends}","0","""default""","""none""","0"
"{citizen 39}","{citizen 30}","[141 141 141 100]","""""","9.9","false","{breed social-friends}","0","""default""","""none""","0"
"{citizen 39}","{citizen 31}","[85 0 170 100]","""""","9.9","false","{breed social-friends}","0","""default""","""none""","0"
"{citizen 39}","{citizen 32}","[85 0 170 100]","""""","9.9","false","{breed social-friends}","0","""default""","""none""","0"
"{citizen 39}","{citizen 33}","[85 0 170 100]","""""","9.9","false","{breed social-friends}","0","""default""","""none""","0"
"{citizen 39}","{citizen 34}","[85 0 170 100]","""""","9.9","false","{breed social-friends}","0","""default""","""none""","0"
"{citizen 39}","{citizen 35}","[85 0 170 100]","""""","9.9","false","{breed social-friends}","0","""default""","""none""","0"
"{citizen 39}","{citizen 36}","[85 0 170 100]","""""","9.9","false","{breed social-friends}","0","""default""","""none""","0"
"{citizen 39}","{citizen 37}","[85 0 170 100]","""""","9.9","false","{breed social-friends}","0","""default""","""none""","0"
"{citizen 39}","{citizen 38}","[141 141 141 100]","""""","9.9","false","{breed social-friends}","0","""default""","""none""","0"
"{citizen 39}","{citizen 40}","[85 0 170 100]","""""","9.9","false","{breed social-friends}","0","""default""","""none""","0"
"{citizen 39}","{citizen 41}","[85 0 170 100]","""""","9.9","false","{breed social-friends}","0","""default""","""none""","0"
"{citizen 39}","{citizen 42}","[85 0 170 100]","""""","9.9","false","{breed social-friends}","0","""default""","""none""","0"
"{citizen 39}","{citizen 43}","[141 141 141 100]","""""","9.9","false","{breed social-friends}","0","""default""","""none""","0"
"{citizen 39}","{citizen 44}","[85 0 170 100]","""""","9.9","false","{breed social-friends}","0","""default""","""none""","0"
"{citizen 39}","{citizen 45}","[85 0 170 100]","""""","9.9","false","{breed social-friends}","0","""default""","""none""","0"
"{citizen 39}","{citizen 46}","[85 0 170 100]","""""","9.9","false","{breed social-friends}","0","""default""","""none""","0"
"{citizen 39}","{citizen 47}","[85 0 170 100]","""""","9.9","false","{breed social-friends}","0","""default""","""none""","0"
"{citizen 39}","{citizen 48}","[85 0 170 100]","""""","9.9","false","{breed social-friends}","0","""default""","""none""","0"
"{citizen 39}","{citizen 49}","[85 0 170 100]","""""","9.9","false","{breed social-friends}","0","""default""","""none""","0"
"{citizen 40}","{citizen 0}","[141 141 141 100]","""""","9.9","false","{breed social-friends}","0","""default""","""none""","0"
"{citizen 40}","{citizen 1}","[141 141 141 100]","""""","9.9","false","{breed social-friends}","0","""default""","""none""","0"
"{citizen 40}","{citizen 2}","[85 0 170 100]","""""","9.9","false","{breed social-friends}","0","""default""","""none""","0"
"{citizen 40}","{citizen 3}","[85 0 170 100]","""""","9.9","false","{breed social-friends}","0","""default""","""none""","0"
"{citizen 40}","{citizen 4}","[85 0 170 100]","""""","9.9","false","{breed social-friends}","0","""default""","""none""","0"
"{citizen 40}","{citizen 5}","[141 141 141 100]","""""","9.9","false","{breed social-friends}","0","""default""","""none""","0"
"{citizen 40}","{citizen 6}","[141 141 141 100]","""""","9.9","false","{breed social-friends}","0","""default""","""none""","0"
"{citizen 40}","{citizen 7}","[141 141 141 100]","""""","9.9","false","{breed social-friends}","0","""default""","""none""","0"
"{citizen 40}","{citizen 8}","[85 0 170 100]","""""","9.9","false","{breed social-friends}","0","""default""","""none""","0"
"{citizen 40}","{citizen 9}","[85 0 170 100]","""""","9.9","false","{breed social-friends}","0","""default""","""none""","0"
"{citizen 40}","{citizen 10}","[141 141 141 100]","""""","9.9","false","{breed social-friends}","0","""default""","""none""","0"
"{citizen 40}","{citizen 11}","[85 0 170 100]","""""","9.9","false","{breed social-friends}","0","""default""","""none""","0"
"{citizen 40}","{citizen 12}","[85 0 170 100]","""""","9.9","false","{breed social-friends}","0","""default""","""none""","0"
"{citizen 40}","{citizen 13}","[85 0 170 100]","""""","9.9","false","{breed social-friends}","0","""default""","""none""","0"
"{citizen 40}","{citizen 14}","[141 141 141 100]","""""","9.9","false","{breed social-friends}","0","""default""","""none""","0"
"{citizen 40}","{citizen 15}","[85 0 170 100]","""""","9.9","false","{breed social-friends}","0","""default""","""none""","0"
"{citizen 40}","{citizen 16}","[141 141 141 100]","""""","9.9","false","{breed social-friends}","0","""default""","""none""","0"
"{citizen 40}","{citizen 17}","[141 141 141 100]","""""","9.9","false","{breed social-friends}","0","""default""","""none""","0"
"{citizen 40}","{citizen 18}","[141 141 141 100]","""""","9.9","false","{breed social-friends}","0","""default""","""none""","0"
"{citizen 40}","{citizen 19}","[141 141 141 100]","""""","9.9","false","{breed social-friends}","0","""default""","""none""","0"
"{citizen 40}","{citizen 20}","[85 0 170 100]","""""","9.9","false","{breed social-friends}","0","""default""","""none""","0"
"{citizen 40}","{citizen 21}","[85 0 170 100]","""""","9.9","false","{breed social-friends}","0","""default""","""none""","0"
"{citizen 40}","{citizen 22}","[141 141 141 100]","""""","9.9","false","{breed social-friends}","0","""default""","""none""","0"
"{citizen 40}","{citizen 23}","[141 141 141 100]","""""","9.9","false","{breed social-friends}","0","""default""","""none""","0"
"{citizen 40}","{citizen 24}","[141 141 141 100]","""""","9.9","false","{breed social-friends}","0","""default""","""none""","0"
"{citizen 40}","{citizen 25}","[141 141 141 100]","""""","9.9","false","{breed social-friends}","0","""default""","""none""","0"
"{citizen 40}","{citizen 26}","[141 141 141 100]","""""","9.9","false","{breed social-friends}","0","""default""","""none""","0"
"{citizen 40}","{citizen 27}","[141 141 141 100]","""""","9.9","false","{breed social-friends}","0","""default""","""none""","0"
"{citizen 40}","{citizen 28}","[85 0 170 100]","""""","9.9","false","{breed social-friends}","0","""default""","""none""","0"
"{citizen 40}","{citizen 29}","[141 141 141 100]","""""","9.9","false","{breed social-friends}","0","""default""","""none""","0"
"{citizen 40}","{citizen 30}","[141 141 141 100]","""""","9.9","false","{breed social-friends}","0","""default""","""none""","0"
"{citizen 40}","{citizen 31}","[85 0 170 100]","""""","9.9","false","{breed social-friends}","0","""default""","""none""","0"
"{citizen 40}","{citizen 32}","[85 0 170 100]","""""","9.9","false","{breed social-friends}","0","""default""","""none""","0"
"{citizen 40}","{citizen 33}","[85 0 170 100]","""""","9.9","false","{breed social-friends}","0","""default""","""none""","0"
"{citizen 40}","{citizen 34}","[85 0 170 100]","""""","9.9","false","{breed social-friends}","0","""default""","""none""","0"
"{citizen 40}","{citizen 35}","[85 0 170 100]","""""","9.9","false","{breed social-friends}","0","""default""","""none""","0"
"{citizen 40}","{citizen 36}","[85 0 170 100]","""""","9.9","false","{breed social-friends}","0","""default""","""none""","0"
"{citizen 40}","{citizen 37}","[85 0 170 100]","""""","9.9","false","{breed social-friends}","0","""default""","""none""","0"
"{citizen 40}","{citizen 38}","[141 141 141 100]","""""","9.9","false","{breed social-friends}","0","""default""","""none""","0"
"{citizen 40}","{citizen 39}","[85 0 170 100]","""""","9.9","false","{breed social-friends}","0","""default""","""none""","0"
"{citizen 40}","{citizen 41}","[85 0 170 100]","""""","9.9","false","{breed social-friends}","0","""default""","""none""","0"
"{citizen 40}","{citizen 42}","[85 0 170 100]","""""","9.9","false","{breed social-friends}","0","""default""","""none""","0"
"{citizen 40}","{citizen 43}","[141 141 141 100]","""""","9.9","false","{breed social-friends}","0","""default""","""none""","0"
"{citizen 40}","{citizen 44}","[85 0 170 100]","""""","9.9","false","{breed social-friends}","0","""default""","""none""","0"
"{citizen 40}","{citizen 45}","[85 0 170 100]","""""","9.9","false","{breed social-friends}","0","""default""","""none""","0"
"{citizen 40}","{citizen 46}","[85 0 170 100]","""""","9.9","false","{breed social-friends}","0","""default""","""none""","0"
"{citizen 40}","{citizen 47}","[85 0 170 100]","""""","9.9","false","{breed social-friends}","0","""default""","""none""","0"
"{citizen 40}","{citizen 48}","[85 0 170 100]","""""","9.9","false","{breed social-friends}","0","""default""","""none""","0"
"{citizen 40}","{citizen 49}","[85 0 170 100]","""""","9.9","false","{breed social-friends}","0","""default""","""none""","0"
"{citizen 41}","{citizen 0}","[141 141 141 100]","""""","9.9","false","{breed social-friends}","0","""default""","""none""","0"
"{citizen 41}","{citizen 1}","[141 141 141 100]","""""","9.9","false","{breed social-friends}","0","""default""","""none""","0"
"{citizen 41}","{citizen 2}","[85 0 170 100]","""""","9.9","false","{breed social-friends}","0","""default""","""none""","0"
"{citizen 41}","{citizen 3}","[85 0 170 100]","""""","9.9","false","{breed social-friends}","0","""default""","""none""","0"
"{citizen 41}","{citizen 4}","[85 0 170 100]","""""","9.9","false","{breed social-friends}","0","""default""","""none""","0"
"{citizen 41}","{citizen 5}","[141 141 141 100]","""""","9.9","false","{breed social-friends}","0","""default""","""none""","0"
"{citizen 41}","{citizen 6}","[141 141 141 100]","""""","9.9","false","{breed social-friends}","0","""default""","""none""","0"
"{citizen 41}","{citizen 7}","[141 141 141 100]","""""","9.9","false","{breed social-friends}","0","""default""","""none""","0"
"{citizen 41}","{citizen 8}","[85 0 170 100]","""""","9.9","false","{breed social-friends}","0","""default""","""none""","0"
"{citizen 41}","{citizen 9}","[85 0 170 100]","""""","9.9","false","{breed social-friends}","0","""default""","""none""","0"
"{citizen 41}","{citizen 10}","[141 141 141 100]","""""","9.9","false","{breed social-friends}","0","""default""","""none""","0"
"{citizen 41}","{citizen 11}","[85 0 170 100]","""""","9.9","false","{breed social-friends}","0","""default""","""none""","0"
"{citizen 41}","{citizen 12}","[85 0 170 100]","""""","9.9","false","{breed social-friends}","0","""default""","""none""","0"
"{citizen 41}","{citizen 13}","[85 0 170 100]","""""","9.9","false","{breed social-friends}","0","""default""","""none""","0"
"{citizen 41}","{citizen 14}","[141 141 141 100]","""""","9.9","false","{breed social-friends}","0","""default""","""none""","0"
"{citizen 41}","{citizen 15}","[85 0 170 100]","""""","9.9","false","{breed social-friends}","0","""default""","""none""","0"
"{citizen 41}","{citizen 16}","[141 141 141 100]","""""","9.9","false","{breed social-friends}","0","""default""","""none""","0"
"{citizen 41}","{citizen 17}","[141 141 141 100]","""""","9.9","false","{breed social-friends}","0","""default""","""none""","0"
"{citizen 41}","{citizen 18}","[141 141 141 100]","""""","9.9","false","{breed social-friends}","0","""default""","""none""","0"
"{citizen 41}","{citizen 19}","[141 141 141 100]","""""","9.9","false","{breed social-friends}","0","""default""","""none""","0"
"{citizen 41}","{citizen 20}","[85 0 170 100]","""""","9.9","false","{breed social-friends}","0","""default""","""none""","0"
"{citizen 41}","{citizen 21}","[85 0 170 100]","""""","9.9","false","{breed social-friends}","0","""default""","""none""","0"
"{citizen 41}","{citizen 22}","[141 141 141 100]","""""","9.9","false","{breed social-friends}","0","""default""","""none""","0"
"{citizen 41}","{citizen 23}","[141 141 141 100]","""""","9.9","false","{breed social-friends}","0","""default""","""none""","0"
"{citizen 41}","{citizen 24}","[141 141 141 100]","""""","9.9","false","{breed social-friends}","0","""default""","""none""","0"
"{citizen 41}","{citizen 25}","[141 141 141 100]","""""","9.9","false","{breed social-friends}","0","""default""","""none""","0"
"{citizen 41}","{citizen 26}","[141 141 141 100]","""""","9.9","false","{breed social-friends}","0","""default""","""none""","0"
"{citizen 41}","{citizen 27}","[141 141 141 100]","""""","9.9","false","{breed social-friends}","0","""default""","""none""","0"
"{citizen 41}","{citizen 28}","[85 0 170 100]","""""","9.9","false","{breed social-friends}","0","""default""","""none""","0"
"{citizen 41}","{citizen 29}","[141 141 141 100]","""""","9.9","false","{breed social-friends}","0","""default""","""none""","0"
"{citizen 41}","{citizen 30}","[141 141 141 100]","""""","9.9","false","{breed social-friends}","0","""default""","""none""","0"
"{citizen 41}","{citizen 31}","[85 0 170 100]","""""","9.9","false","{breed social-friends}","0","""default""","""none""","0"
"{citizen 41}","{citizen 32}","[85 0 170 100]","""""","9.9","false","{breed social-friends}","0","""default""","""none""","0"
"{citizen 41}","{citizen 33}","[85 0 170 100]","""""","9.9","false","{breed social-friends}","0","""default""","""none""","0"
"{citizen 41}","{citizen 34}","[85 0 170 100]","""""","9.9","false","{breed social-friends}","0","""default""","""none""","0"
"{citizen 41}","{citizen 35}","[85 0 170 100]","""""","9.9","false","{breed social-friends}","0","""default""","""none""","0"
"{citizen 41}","{citizen 36}","[85 0 170 100]","""""","9.9","false","{breed social-friends}","0","""default""","""none""","0"
"{citizen 41}","{citizen 37}","[85 0 170 100]","""""","9.9","false","{breed social-friends}","0","""default""","""none""","0"
"{citizen 41}","{citizen 38}","[141 141 141 100]","""""","9.9","false","{breed social-friends}","0","""default""","""none""","0"
"{citizen 41}","{citizen 39}","[85 0 170 100]","""""","9.9","false","{breed social-friends}","0","""default""","""none""","0"
"{citizen 41}","{citizen 40}","[85 0 170 100]","""""","9.9","false","{breed social-friends}","0","""default""","""none""","0"
"{citizen 41}","{citizen 42}","[85 0 170 100]","""""","9.9","false","{breed social-friends}","0","""default""","""none""","0"
"{citizen 41}","{citizen 43}","[141 141 141 100]","""""","9.9","false","{breed social-friends}","0","""default""","""none""","0"
"{citizen 41}","{citizen 44}","[85 0 170 100]","""""","9.9","false","{breed social-friends}","0","""default""","""none""","0"
"{citizen 41}","{citizen 45}","[85 0 170 100]","""""","9.9","false","{breed social-friends}","0","""default""","""none""","0"
"{citizen 41}","{citizen 46}","[85 0 170 100]","""""","9.9","false","{breed social-friends}","0","""default""","""none""","0"
"{citizen 41}","{citizen 47}","[85 0 170 100]","""""","9.9","false","{breed social-friends}","0","""default""","""none""","0"
"{citizen 41}","{citizen 48}","[85 0 170 100]","""""","9.9","false","{breed social-friends}","0","""default""","""none""","0"
"{citizen 41}","{citizen 49}","[85 0 170 100]","""""","9.9","false","{breed social-friends}","0","""default""","""none""","0"
"{citizen 42}","{citizen 0}","[141 141 141 100]","""""","9.9","false","{breed social-friends}","0","""default""","""none""","0"
"{citizen 42}","{citizen 1}","[141 141 141 100]","""""","9.9","false","{breed social-friends}","0","""default""","""none""","0"
"{citizen 42}","{citizen 2}","[85 0 170 100]","""""","9.9","false","{breed social-friends}","0","""default""","""none""","0"
"{citizen 42}","{citizen 3}","[85 0 170 100]","""""","9.9","false","{breed social-friends}","0","""default""","""none""","0"
"{citizen 42}","{citizen 4}","[85 0 170 100]","""""","9.9","false","{breed social-friends}","0","""default""","""none""","0"
"{citizen 42}","{citizen 5}","[141 141 141 100]","""""","9.9","false","{breed social-friends}","0","""default""","""none""","0"
"{citizen 42}","{citizen 6}","[141 141 141 100]","""""","9.9","false","{breed social-friends}","0","""default""","""none""","0"
"{citizen 42}","{citizen 7}","[141 141 141 100]","""""","9.9","false","{breed social-friends}","0","""default""","""none""","0"
"{citizen 42}","{citizen 8}","[85 0 170 100]","""""","9.9","false","{breed social-friends}","0","""default""","""none""","0"
"{citizen 42}","{citizen 9}","[85 0 170 100]","""""","9.9","false","{breed social-friends}","0","""default""","""none""","0"
"{citizen 42}","{citizen 10}","[141 141 141 100]","""""","9.9","false","{breed social-friends}","0","""default""","""none""","0"
"{citizen 42}","{citizen 11}","[85 0 170 100]","""""","9.9","false","{breed social-friends}","0","""default""","""none""","0"
"{citizen 42}","{citizen 12}","[85 0 170 100]","""""","9.9","false","{breed social-friends}","0","""default""","""none""","0"
"{citizen 42}","{citizen 13}","[85 0 170 100]","""""","9.9","false","{breed social-friends}","0","""default""","""none""","0"
"{citizen 42}","{citizen 14}","[141 141 141 100]","""""","9.9","false","{breed social-friends}","0","""default""","""none""","0"
"{citizen 42}","{citizen 15}","[85 0 170 100]","""""","9.9","false","{breed social-friends}","0","""default""","""none""","0"
"{citizen 42}","{citizen 16}","[141 141 141 100]","""""","9.9","false","{breed social-friends}","0","""default""","""none""","0"
"{citizen 42}","{citizen 17}","[141 141 141 100]","""""","9.9","false","{breed social-friends}","0","""default""","""none""","0"
"{citizen 42}","{citizen 18}","[141 141 141 100]","""""","9.9","false","{breed social-friends}","0","""default""","""none""","0"
"{citizen 42}","{citizen 19}","[141 141 141 100]","""""","9.9","false","{breed social-friends}","0","""default""","""none""","0"
"{citizen 42}","{citizen 20}","[85 0 170 100]","""""","9.9","false","{breed social-friends}","0","""default""","""none""","0"
"{citizen 42}","{citizen 21}","[85 0 170 100]","""""","9.9","false","{breed social-friends}","0","""default""","""none""","0"
"{citizen 42}","{citizen 22}","[141 141 141 100]","""""","9.9","false","{breed social-friends}","0","""default""","""none""","0"
"{citizen 42}","{citizen 23}","[141 141 141 100]","""""","9.9","false","{breed social-friends}","0","""default""","""none""","0"
"{citizen 42}","{citizen 24}","[141 141 141 100]","""""","9.9","false","{breed social-friends}","0","""default""","""none""","0"
"{citizen 42}","{citizen 25}","[141 141 141 100]","""""","9.9","false","{breed social-friends}","0","""default""","""none""","0"
"{citizen 42}","{citizen 26}","[141 141 141 100]","""""","9.9","false","{breed social-friends}","0","""default""","""none""","0"
"{citizen 42}","{citizen 27}","[141 141 141 100]","""""","9.9","false","{breed social-friends}","0","""default""","""none""","0"
"{citizen 42}","{citizen 28}","[85 0 170 100]","""""","9.9","false","{breed social-friends}","0","""default""","""none""","0"
"{citizen 42}","{citizen 29}","[141 141 141 100]","""""","9.9","false","{breed social-friends}","0","""default""","""none""","0"
"{citizen 42}","{citizen 30}","[141 141 141 100]","""""","9.9","false","{breed social-friends}","0","""default""","""none""","0"
"{citizen 42}","{citizen 31}","[85 0 170 100]","""""","9.9","false","{breed social-friends}","0","""default""","""none""","0"
"{citizen 42}","{citizen 32}","[85 0 170 100]","""""","9.9","false","{breed social-friends}","0","""default""","""none""","0"
"{citizen 42}","{citizen 33}","[85 0 170 100]","""""","9.9","false","{breed social-friends}","0","""default""","""none""","0"
"{citizen 42}","{citizen 34}","[85 0 170 100]","""""","9.9","false","{breed social-friends}","0","""default""","""none""","0"
"{citizen 42}","{citizen 35}","[85 0 170 100]","""""","9.9","false","{breed social-friends}","0","""default""","""none""","0"
"{citizen 42}","{citizen 36}","[85 0 170 100]","""""","9.9","false","{breed social-friends}","0","""default""","""none""","0"
"{citizen 42}","{citizen 37}","[85 0 170 100]","""""","9.9","false","{breed social-friends}","0","""default""","""none""","0"
"{citizen 42}","{citizen 38}","[141 141 141 100]","""""","9.9","false","{breed social-friends}","0","""default""","""none""","0"
"{citizen 42}","{citizen 39}","[85 0 170 100]","""""","9.9","false","{breed social-friends}","0","""default""","""none""","0"
"{citizen 42}","{citizen 40}","[85 0 170 100]","""""","9.9","false","{breed social-friends}","0","""default""","""none""","0"
"{citizen 42}","{citizen 41}","[85 0 170 100]","""""","9.9","false","{breed social-friends}","0","""default""","""none""","0"
"{citizen 42}","{citizen 43}","[141 141 141 100]","""""","9.9","false","{breed social-friends}","0","""default""","""none""","0"
"{citizen 42}","{citizen 44}","[85 0 170 100]","""""","9.9","false","{breed social-friends}","0","""default""","""none""","0"
"{citizen 42}","{citizen 45}","[85 0 170 100]","""""","9.9","false","{breed social-friends}","0","""default""","""none""","0"
"{citizen 42}","{citizen 46}","[85 0 170 100]","""""","9.9","false","{breed social-friends}","0","""default""","""none""","0"
"{citizen 42}","{citizen 47}","[85 0 170 100]","""""","9.9","false","{breed social-friends}","0","""default""","""none""","0"
"{citizen 42}","{citizen 48}","[85 0 170 100]","""""","9.9","false","{breed social-friends}","0","""default""","""none""","0"
"{citizen 42}","{citizen 49}","[85 0 170 100]","""""","9.9","false","{breed social-friends}","0","""default""","""none""","0"
"{citizen 43}","{citizen 0}","[170 0 85 100]","""""","9.9","false","{breed social-friends}","0","""default""","""none""","0"
"{citizen 43}","{citizen 1}","[170 0 85 100]","""""","9.9","false","{breed social-friends}","0","""default""","""none""","0"
"{citizen 43}","{citizen 2}","[141 141 141 100]","""""","9.9","false","{breed social-friends}","0","""default""","""none""","0"
"{citizen 43}","{citizen 3}","[141 141 141 100]","""""","9.9","false","{breed social-friends}","0","""default""","""none""","0"
"{citizen 43}","{citizen 4}","[141 141 141 100]","""""","9.9","false","{breed social-friends}","0","""default""","""none""","0"
"{citizen 43}","{citizen 5}","[170 0 85 100]","""""","9.9","false","{breed social-friends}","0","""default""","""none""","0"
"{citizen 43}","{citizen 6}","[170 0 85 100]","""""","9.9","false","{breed social-friends}","0","""default""","""none""","0"
"{citizen 43}","{citizen 7}","[170 0 85 100]","""""","9.9","false","{breed social-friends}","0","""default""","""none""","0"
"{citizen 43}","{citizen 8}","[141 141 141 100]","""""","9.9","false","{breed social-friends}","0","""default""","""none""","0"
"{citizen 43}","{citizen 9}","[141 141 141 100]","""""","9.9","false","{breed social-friends}","0","""default""","""none""","0"
"{citizen 43}","{citizen 10}","[170 0 85 100]","""""","9.9","false","{breed social-friends}","0","""default""","""none""","0"
"{citizen 43}","{citizen 11}","[141 141 141 100]","""""","9.9","false","{breed social-friends}","0","""default""","""none""","0"
"{citizen 43}","{citizen 12}","[141 141 141 100]","""""","9.9","false","{breed social-friends}","0","""default""","""none""","0"
"{citizen 43}","{citizen 13}","[141 141 141 100]","""""","9.9","false","{breed social-friends}","0","""default""","""none""","0"
"{citizen 43}","{citizen 14}","[170 0 85 100]","""""","9.9","false","{breed social-friends}","0","""default""","""none""","0"
"{citizen 43}","{citizen 15}","[141 141 141 100]","""""","9.9","false","{breed social-friends}","0","""default""","""none""","0"
"{citizen 43}","{citizen 16}","[170 0 85 100]","""""","9.9","false","{breed social-friends}","0","""default""","""none""","0"
"{citizen 43}","{citizen 17}","[170 0 85 100]","""""","9.9","false","{breed social-friends}","0","""default""","""none""","0"
"{citizen 43}","{citizen 18}","[170 0 85 100]","""""","9.9","false","{breed social-friends}","0","""default""","""none""","0"
"{citizen 43}","{citizen 19}","[170 0 85 100]","""""","9.9","false","{breed social-friends}","0","""default""","""none""","0"
"{citizen 43}","{citizen 20}","[141 141 141 100]","""""","9.9","false","{breed social-friends}","0","""default""","""none""","0"
"{citizen 43}","{citizen 21}","[141 141 141 100]","""""","9.9","false","{breed social-friends}","0","""default""","""none""","0"
"{citizen 43}","{citizen 22}","[170 0 85 100]","""""","9.9","false","{breed social-friends}","0","""default""","""none""","0"
"{citizen 43}","{citizen 23}","[170 0 85 100]","""""","9.9","false","{breed social-friends}","0","""default""","""none""","0"
"{citizen 43}","{citizen 24}","[170 0 85 100]","""""","9.9","false","{breed social-friends}","0","""default""","""none""","0"
"{citizen 43}","{citizen 25}","[170 0 85 100]","""""","9.9","false","{breed social-friends}","0","""default""","""none""","0"
"{citizen 43}","{citizen 26}","[170 0 85 100]","""""","9.9","false","{breed social-friends}","0","""default""","""none""","0"
"{citizen 43}","{citizen 27}","[170 0 85 100]","""""","9.9","false","{breed social-friends}","0","""default""","""none""","0"
"{citizen 43}","{citizen 28}","[141 141 141 100]","""""","9.9","false","{breed social-friends}","0","""default""","""none""","0"
"{citizen 43}","{citizen 29}","[170 0 85 100]","""""","9.9","false","{breed social-friends}","0","""default""","""none""","0"
"{citizen 43}","{citizen 30}","[170 0 85 100]","""""","9.9","false","{breed social-friends}","0","""default""","""none""","0"
"{citizen 43}","{citizen 31}","[141 141 141 100]","""""","9.9","false","{breed social-friends}","0","""default""","""none""","0"
"{citizen 43}","{citizen 32}","[141 141 141 100]","""""","9.9","false","{breed social-friends}","0","""default""","""none""","0"
"{citizen 43}","{citizen 33}","[141 141 141 100]","""""","9.9","false","{breed social-friends}","0","""default""","""none""","0"
"{citizen 43}","{citizen 34}","[141 141 141 100]","""""","9.9","false","{breed social-friends}","0","""default""","""none""","0"
"{citizen 43}","{citizen 35}","[141 141 141 100]","""""","9.9","false","{breed social-friends}","0","""default""","""none""","0"
"{citizen 43}","{citizen 36}","[141 141 141 100]","""""","9.9","false","{breed social-friends}","0","""default""","""none""","0"
"{citizen 43}","{citizen 37}","[141 141 141 100]","""""","9.9","false","{breed social-friends}","0","""default""","""none""","0"
"{citizen 43}","{citizen 38}","[170 0 85 100]","""""","9.9","false","{breed social-friends}","0","""default""","""none""","0"
"{citizen 43}","{citizen 39}","[141 141 141 100]","""""","9.9","false","{breed social-friends}","0","""default""","""none""","0"
"{citizen 43}","{citizen 40}","[141 141 141 100]","""""","9.9","false","{breed social-friends}","0","""default""","""none""","0"
"{citizen 43}","{citizen 41}","[141 141 141 100]","""""","9.9","false","{breed social-friends}","0","""default""","""none""","0"
"{citizen 43}","{citizen 42}","[141 141 141 100]","""""","9.9","false","{breed social-friends}","0","""default""","""none""","0"
"{citizen 43}","{citizen 44}","[141 141 141 100]","""""","9.9","false","{breed social-friends}","0","""default""","""none""","0"
"{citizen 43}","{citizen 45}","[141 141 141 100]","""""","9.9","false","{breed social-friends}","0","""default""","""none""","0"
"{citizen 43}","{citizen 46}","[141 141 141 100]","""""","9.9","false","{breed social-friends}","0","""default""","""none""","0"
"{citizen 43}","{citizen 47}","[141 141 141 100]","""""","9.9","false","{breed social-friends}","0","""default""","""none""","0"
"{citizen 43}","{citizen 48}","[141 141 141 100]","""""","9.9","false","{breed social-friends}","0","""default""","""none""","0"
"{citizen 43}","{citizen 49}","[141 141 141 100]","""""","9.9","false","{breed social-friends}","0","""default""","""none""","0"
"{citizen 44}","{citizen 0}","[141 141 141 100]","""""","9.9","false","{breed social-friends}","0","""default""","""none""","0"
"{citizen 44}","{citizen 1}","[141 141 141 100]","""""","9.9","false","{breed social-friends}","0","""default""","""none""","0"
"{citizen 44}","{citizen 2}","[85 0 170 100]","""""","9.9","false","{breed social-friends}","0","""default""","""none""","0"
"{citizen 44}","{citizen 3}","[85 0 170 100]","""""","9.9","false","{breed social-friends}","0","""default""","""none""","0"
"{citizen 44}","{citizen 4}","[85 0 170 100]","""""","9.9","false","{breed social-friends}","0","""default""","""none""","0"
"{citizen 44}","{citizen 5}","[141 141 141 100]","""""","9.9","false","{breed social-friends}","0","""default""","""none""","0"
"{citizen 44}","{citizen 6}","[141 141 141 100]","""""","9.9","false","{breed social-friends}","0","""default""","""none""","0"
"{citizen 44}","{citizen 7}","[141 141 141 100]","""""","9.9","false","{breed social-friends}","0","""default""","""none""","0"
"{citizen 44}","{citizen 8}","[85 0 170 100]","""""","9.9","false","{breed social-friends}","0","""default""","""none""","0"
"{citizen 44}","{citizen 9}","[85 0 170 100]","""""","9.9","false","{breed social-friends}","0","""default""","""none""","0"
"{citizen 44}","{citizen 10}","[141 141 141 100]","""""","9.9","false","{breed social-friends}","0","""default""","""none""","0"
"{citizen 44}","{citizen 11}","[85 0 170 100]","""""","9.9","false","{breed social-friends}","0","""default""","""none""","0"
"{citizen 44}","{citizen 12}","[85 0 170 100]","""""","9.9","false","{breed social-friends}","0","""default""","""none""","0"
"{citizen 44}","{citizen 13}","[85 0 170 100]","""""","9.9","false","{breed social-friends}","0","""default""","""none""","0"
"{citizen 44}","{citizen 14}","[141 141 141 100]","""""","9.9","false","{breed social-friends}","0","""default""","""none""","0"
"{citizen 44}","{citizen 15}","[85 0 170 100]","""""","9.9","false","{breed social-friends}","0","""default""","""none""","0"
"{citizen 44}","{citizen 16}","[141 141 141 100]","""""","9.9","false","{breed social-friends}","0","""default""","""none""","0"
"{citizen 44}","{citizen 17}","[141 141 141 100]","""""","9.9","false","{breed social-friends}","0","""default""","""none""","0"
"{citizen 44}","{citizen 18}","[141 141 141 100]","""""","9.9","false","{breed social-friends}","0","""default""","""none""","0"
"{citizen 44}","{citizen 19}","[141 141 141 100]","""""","9.9","false","{breed social-friends}","0","""default""","""none""","0"
"{citizen 44}","{citizen 20}","[85 0 170 100]","""""","9.9","false","{breed social-friends}","0","""default""","""none""","0"
"{citizen 44}","{citizen 21}","[85 0 170 100]","""""","9.9","false","{breed social-friends}","0","""default""","""none""","0"
"{citizen 44}","{citizen 22}","[141 141 141 100]","""""","9.9","false","{breed social-friends}","0","""default""","""none""","0"
"{citizen 44}","{citizen 23}","[141 141 141 100]","""""","9.9","false","{breed social-friends}","0","""default""","""none""","0"
"{citizen 44}","{citizen 24}","[141 141 141 100]","""""","9.9","false","{breed social-friends}","0","""default""","""none""","0"
"{citizen 44}","{citizen 25}","[141 141 141 100]","""""","9.9","false","{breed social-friends}","0","""default""","""none""","0"
"{citizen 44}","{citizen 26}","[141 141 141 100]","""""","9.9","false","{breed social-friends}","0","""default""","""none""","0"
"{citizen 44}","{citizen 27}","[141 141 141 100]","""""","9.9","false","{breed social-friends}","0","""default""","""none""","0"
"{citizen 44}","{citizen 28}","[85 0 170 100]","""""","9.9","false","{breed social-friends}","0","""default""","""none""","0"
"{citizen 44}","{citizen 29}","[141 141 141 100]","""""","9.9","false","{breed social-friends}","0","""default""","""none""","0"
"{citizen 44}","{citizen 30}","[141 141 141 100]","""""","9.9","false","{breed social-friends}","0","""default""","""none""","0"
"{citizen 44}","{citizen 31}","[85 0 170 100]","""""","9.9","false","{breed social-friends}","0","""default""","""none""","0"
"{citizen 44}","{citizen 32}","[85 0 170 100]","""""","9.9","false","{breed social-friends}","0","""default""","""none""","0"
"{citizen 44}","{citizen 33}","[85 0 170 100]","""""","9.9","false","{breed social-friends}","0","""default""","""none""","0"
"{citizen 44}","{citizen 34}","[85 0 170 100]","""""","9.9","false","{breed social-friends}","0","""default""","""none""","0"
"{citizen 44}","{citizen 35}","[85 0 170 100]","""""","9.9","false","{breed social-friends}","0","""default""","""none""","0"
"{citizen 44}","{citizen 36}","[85 0 170 100]","""""","9.9","false","{breed social-friends}","0","""default""","""none""","0"
"{citizen 44}","{citizen 37}","[85 0 170 100]","""""","9.9","false","{breed social-friends}","0","""default""","""none""","0"
"{citizen 44}","{citizen 38}","[141 141 141 100]","""""","9.9","false","{breed social-friends}","0","""default""","""none""","0"
"{citizen 44}","{citizen 39}","[85 0 170 100]","""""","9.9","false","{breed social-friends}","0","""default""","""none""","0"
"{citizen 44}","{citizen 40}","[85 0 170 100]","""""","9.9","false","{breed social-friends}","0","""default""","""none""","0"
"{citizen 44}","{citizen 41}","[85 0 170 100]","""""","9.9","false","{breed social-friends}","0","""default""","""none""","0"
"{citizen 44}","{citizen 42}","[85 0 170 100]","""""","9.9","false","{breed social-friends}","0","""default""","""none""","0"
"{citizen 44}","{citizen 43}","[141 141 141 100]","""""","9.9","false","{breed social-friends}","0","""default""","""none""","0"
"{citizen 44}","{citizen 45}","[85 0 170 100]","""""","9.9","false","{breed social-friends}","0","""default""","""none""","0"
"{citizen 44}","{citizen 46}","[85 0 170 100]","""""","9.9","false","{breed social-friends}","0","""default""","""none""","0"
"{citizen 44}","{citizen 47}","[85 0 170 100]","""""","9.9","false","{breed social-friends}","0","""default""","""none""","0"
"{citizen 44}","{citizen 48}","[85 0 170 100]","""""","9.9","false","{breed social-friends}","0","""default""","""none""","0"
"{citizen 44}","{citizen 49}","[85 0 170 100]","""""","9.9","false","{breed social-friends}","0","""default""","""none""","0"
"{citizen 45}","{citizen 0}","[141 141 141 100]","""""","9.9","false","{breed social-friends}","0","""default""","""none""","0"
"{citizen 45}","{citizen 1}","[141 141 141 100]","""""","9.9","false","{breed social-friends}","0","""default""","""none""","0"
"{citizen 45}","{citizen 2}","[85 0 170 100]","""""","9.9","false","{breed social-friends}","0","""default""","""none""","0"
"{citizen 45}","{citizen 3}","[85 0 170 100]","""""","9.9","false","{breed social-friends}","0","""default""","""none""","0"
"{citizen 45}","{citizen 4}","[85 0 170 100]","""""","9.9","false","{breed social-friends}","0","""default""","""none""","0"
"{citizen 45}","{citizen 5}","[141 141 141 100]","""""","9.9","false","{breed social-friends}","0","""default""","""none""","0"
"{citizen 45}","{citizen 6}","[141 141 141 100]","""""","9.9","false","{breed social-friends}","0","""default""","""none""","0"
"{citizen 45}","{citizen 7}","[141 141 141 100]","""""","9.9","false","{breed social-friends}","0","""default""","""none""","0"
"{citizen 45}","{citizen 8}","[85 0 170 100]","""""","9.9","false","{breed social-friends}","0","""default""","""none""","0"
"{citizen 45}","{citizen 9}","[85 0 170 100]","""""","9.9","false","{breed social-friends}","0","""default""","""none""","0"
"{citizen 45}","{citizen 10}","[141 141 141 100]","""""","9.9","false","{breed social-friends}","0","""default""","""none""","0"
"{citizen 45}","{citizen 11}","[85 0 170 100]","""""","9.9","false","{breed social-friends}","0","""default""","""none""","0"
"{citizen 45}","{citizen 12}","[85 0 170 100]","""""","9.9","false","{breed social-friends}","0","""default""","""none""","0"
"{citizen 45}","{citizen 13}","[85 0 170 100]","""""","9.9","false","{breed social-friends}","0","""default""","""none""","0"
"{citizen 45}","{citizen 14}","[141 141 141 100]","""""","9.9","false","{breed social-friends}","0","""default""","""none""","0"
"{citizen 45}","{citizen 15}","[85 0 170 100]","""""","9.9","false","{breed social-friends}","0","""default""","""none""","0"
"{citizen 45}","{citizen 16}","[141 141 141 100]","""""","9.9","false","{breed social-friends}","0","""default""","""none""","0"
"{citizen 45}","{citizen 17}","[141 141 141 100]","""""","9.9","false","{breed social-friends}","0","""default""","""none""","0"
"{citizen 45}","{citizen 18}","[141 141 141 100]","""""","9.9","false","{breed social-friends}","0","""default""","""none""","0"
"{citizen 45}","{citizen 19}","[141 141 141 100]","""""","9.9","false","{breed social-friends}","0","""default""","""none""","0"
"{citizen 45}","{citizen 20}","[85 0 170 100]","""""","9.9","false","{breed social-friends}","0","""default""","""none""","0"
"{citizen 45}","{citizen 21}","[85 0 170 100]","""""","9.9","false","{breed social-friends}","0","""default""","""none""","0"
"{citizen 45}","{citizen 22}","[141 141 141 100]","""""","9.9","false","{breed social-friends}","0","""default""","""none""","0"
"{citizen 45}","{citizen 23}","[141 141 141 100]","""""","9.9","false","{breed social-friends}","0","""default""","""none""","0"
"{citizen 45}","{citizen 24}","[141 141 141 100]","""""","9.9","false","{breed social-friends}","0","""default""","""none""","0"
"{citizen 45}","{citizen 25}","[141 141 141 100]","""""","9.9","false","{breed social-friends}","0","""default""","""none""","0"
"{citizen 45}","{citizen 26}","[141 141 141 100]","""""","9.9","false","{breed social-friends}","0","""default""","""none""","0"
"{citizen 45}","{citizen 27}","[141 141 141 100]","""""","9.9","false","{breed social-friends}","0","""default""","""none""","0"
"{citizen 45}","{citizen 28}","[85 0 170 100]","""""","9.9","false","{breed social-friends}","0","""default""","""none""","0"
"{citizen 45}","{citizen 29}","[141 141 141 100]","""""","9.9","false","{breed social-friends}","0","""default""","""none""","0"
"{citizen 45}","{citizen 30}","[141 141 141 100]","""""","9.9","false","{breed social-friends}","0","""default""","""none""","0"
"{citizen 45}","{citizen 31}","[85 0 170 100]","""""","9.9","false","{breed social-friends}","0","""default""","""none""","0"
"{citizen 45}","{citizen 32}","[85 0 170 100]","""""","9.9","false","{breed social-friends}","0","""default""","""none""","0"
"{citizen 45}","{citizen 33}","[85 0 170 100]","""""","9.9","false","{breed social-friends}","0","""default""","""none""","0"
"{citizen 45}","{citizen 34}","[85 0 170 100]","""""","9.9","false","{breed social-friends}","0","""default""","""none""","0"
"{citizen 45}","{citizen 35}","[85 0 170 100]","""""","9.9","false","{breed social-friends}","0","""default""","""none""","0"
"{citizen 45}","{citizen 36}","[85 0 170 100]","""""","9.9","false","{breed social-friends}","0","""default""","""none""","0"
"{citizen 45}","{citizen 37}","[85 0 170 100]","""""","9.9","false","{breed social-friends}","0","""default""","""none""","0"
"{citizen 45}","{citizen 38}","[141 141 141 100]","""""","9.9","false","{breed social-friends}","0","""default""","""none""","0"
"{citizen 45}","{citizen 39}","[85 0 170 100]","""""","9.9","false","{breed social-friends}","0","""default""","""none""","0"
"{citizen 45}","{citizen 40}","[85 0 170 100]","""""","9.9","false","{breed social-friends}","0","""default""","""none""","0"
"{citizen 45}","{citizen 41}","[85 0 170 100]","""""","9.9","false","{breed social-friends}","0","""default""","""none""","0"
"{citizen 45}","{citizen 42}","[85 0 170 100]","""""","9.9","false","{breed social-friends}","0","""default""","""none""","0"
"{citizen 45}","{citizen 43}","[141 141 141 100]","""""","9.9","false","{breed social-friends}","0","""default""","""none""","0"
"{citizen 45}","{citizen 44}","[85 0 170 100]","""""","9.9","false","{breed social-friends}","0","""default""","""none""","0"
"{citizen 45}","{citizen 46}","[85 0 170 100]","""""","9.9","false","{breed social-friends}","0","""default""","""none""","0"
"{citizen 45}","{citizen 47}","[85 0 170 100]","""""","9.9","false","{breed social-friends}","0","""default""","""none""","0"
"{citizen 45}","{citizen 48}","[85 0 170 100]","""""","9.9","false","{breed social-friends}","0","""default""","""none""","0"
"{citizen 45}","{citizen 49}","[85 0 170 100]","""""","9.9","false","{breed social-friends}","0","""default""","""none""","0"
"{citizen 46}","{citizen 0}","[141 141 141 100]","""""","9.9","false","{breed social-friends}","0","""default""","""none""","0"
"{citizen 46}","{citizen 1}","[141 141 141 100]","""""","9.9","false","{breed social-friends}","0","""default""","""none""","0"
"{citizen 46}","{citizen 2}","[85 0 170 100]","""""","9.9","false","{breed social-friends}","0","""default""","""none""","0"
"{citizen 46}","{citizen 3}","[85 0 170 100]","""""","9.9","false","{breed social-friends}","0","""default""","""none""","0"
"{citizen 46}","{citizen 4}","[85 0 170 100]","""""","9.9","false","{breed social-friends}","0","""default""","""none""","0"
"{citizen 46}","{citizen 5}","[141 141 141 100]","""""","9.9","false","{breed social-friends}","0","""default""","""none""","0"
"{citizen 46}","{citizen 6}","[141 141 141 100]","""""","9.9","false","{breed social-friends}","0","""default""","""none""","0"
"{citizen 46}","{citizen 7}","[141 141 141 100]","""""","9.9","false","{breed social-friends}","0","""default""","""none""","0"
"{citizen 46}","{citizen 8}","[85 0 170 100]","""""","9.9","false","{breed social-friends}","0","""default""","""none""","0"
"{citizen 46}","{citizen 9}","[85 0 170 100]","""""","9.9","false","{breed social-friends}","0","""default""","""none""","0"
"{citizen 46}","{citizen 10}","[141 141 141 100]","""""","9.9","false","{breed social-friends}","0","""default""","""none""","0"
"{citizen 46}","{citizen 11}","[85 0 170 100]","""""","9.9","false","{breed social-friends}","0","""default""","""none""","0"
"{citizen 46}","{citizen 12}","[85 0 170 100]","""""","9.9","false","{breed social-friends}","0","""default""","""none""","0"
"{citizen 46}","{citizen 13}","[85 0 170 100]","""""","9.9","false","{breed social-friends}","0","""default""","""none""","0"
"{citizen 46}","{citizen 14}","[141 141 141 100]","""""","9.9","false","{breed social-friends}","0","""default""","""none""","0"
"{citizen 46}","{citizen 15}","[85 0 170 100]","""""","9.9","false","{breed social-friends}","0","""default""","""none""","0"
"{citizen 46}","{citizen 16}","[141 141 141 100]","""""","9.9","false","{breed social-friends}","0","""default""","""none""","0"
"{citizen 46}","{citizen 17}","[141 141 141 100]","""""","9.9","false","{breed social-friends}","0","""default""","""none""","0"
"{citizen 46}","{citizen 18}","[141 141 141 100]","""""","9.9","false","{breed social-friends}","0","""default""","""none""","0"
"{citizen 46}","{citizen 19}","[141 141 141 100]","""""","9.9","false","{breed social-friends}","0","""default""","""none""","0"
"{citizen 46}","{citizen 20}","[85 0 170 100]","""""","9.9","false","{breed social-friends}","0","""default""","""none""","0"
"{citizen 46}","{citizen 21}","[85 0 170 100]","""""","9.9","false","{breed social-friends}","0","""default""","""none""","0"
"{citizen 46}","{citizen 22}","[141 141 141 100]","""""","9.9","false","{breed social-friends}","0","""default""","""none""","0"
"{citizen 46}","{citizen 23}","[141 141 141 100]","""""","9.9","false","{breed social-friends}","0","""default""","""none""","0"
"{citizen 46}","{citizen 24}","[141 141 141 100]","""""","9.9","false","{breed social-friends}","0","""default""","""none""","0"
"{citizen 46}","{citizen 25}","[141 141 141 100]","""""","9.9","false","{breed social-friends}","0","""default""","""none""","0"
"{citizen 46}","{citizen 26}","[141 141 141 100]","""""","9.9","false","{breed social-friends}","0","""default""","""none""","0"
"{citizen 46}","{citizen 27}","[141 141 141 100]","""""","9.9","false","{breed social-friends}","0","""default""","""none""","0"
"{citizen 46}","{citizen 28}","[85 0 170 100]","""""","9.9","false","{breed social-friends}","0","""default""","""none""","0"
"{citizen 46}","{citizen 29}","[141 141 141 100]","""""","9.9","false","{breed social-friends}","0","""default""","""none""","0"
"{citizen 46}","{citizen 30}","[141 141 141 100]","""""","9.9","false","{breed social-friends}","0","""default""","""none""","0"
"{citizen 46}","{citizen 31}","[85 0 170 100]","""""","9.9","false","{breed social-friends}","0","""default""","""none""","0"
"{citizen 46}","{citizen 32}","[85 0 170 100]","""""","9.9","false","{breed social-friends}","0","""default""","""none""","0"
"{citizen 46}","{citizen 33}","[85 0 170 100]","""""","9.9","false","{breed social-friends}","0","""default""","""none""","0"
"{citizen 46}","{citizen 34}","[85 0 170 100]","""""","9.9","false","{breed social-friends}","0","""default""","""none""","0"
"{citizen 46}","{citizen 35}","[85 0 170 100]","""""","9.9","false","{breed social-friends}","0","""default""","""none""","0"
"{citizen 46}","{citizen 36}","[85 0 170 100]","""""","9.9","false","{breed social-friends}","0","""default""","""none""","0"
"{citizen 46}","{citizen 37}","[85 0 170 100]","""""","9.9","false","{breed social-friends}","0","""default""","""none""","0"
"{citizen 46}","{citizen 38}","[141 141 141 100]","""""","9.9","false","{breed social-friends}","0","""default""","""none""","0"
"{citizen 46}","{citizen 39}","[85 0 170 100]","""""","9.9","false","{breed social-friends}","0","""default""","""none""","0"
"{citizen 46}","{citizen 40}","[85 0 170 100]","""""","9.9","false","{breed social-friends}","0","""default""","""none""","0"
"{citizen 46}","{citizen 41}","[85 0 170 100]","""""","9.9","false","{breed social-friends}","0","""default""","""none""","0"
"{citizen 46}","{citizen 42}","[85 0 170 100]","""""","9.9","false","{breed social-friends}","0","""default""","""none""","0"
"{citizen 46}","{citizen 43}","[141 141 141 100]","""""","9.9","false","{breed social-friends}","0","""default""","""none""","0"
"{citizen 46}","{citizen 44}","[85 0 170 100]","""""","9.9","false","{breed social-friends}","0","""default""","""none""","0"
"{citizen 46}","{citizen 45}","[85 0 170 100]","""""","9.9","false","{breed social-friends}","0","""default""","""none""","0"
"{citizen 46}","{citizen 47}","[85 0 170 100]","""""","9.9","false","{breed social-friends}","0","""default""","""none""","0"
"{citizen 46}","{citizen 48}","[85 0 170 100]","""""","9.9","false","{breed social-friends}","0","""default""","""none""","0"
"{citizen 46}","{citizen 49}","[85 0 170 100]","""""","9.9","false","{breed social-friends}","0","""default""","""none""","0"
"{citizen 47}","{citizen 0}","[141 141 141 100]","""""","9.9","false","{breed social-friends}","0","""default""","""none""","0"
"{citizen 47}","{citizen 1}","[141 141 141 100]","""""","9.9","false","{breed social-friends}","0","""default""","""none""","0"
"{citizen 47}","{citizen 2}","[85 0 170 100]","""""","9.9","false","{breed social-friends}","0","""default""","""none""","0"
"{citizen 47}","{citizen 3}","[85 0 170 100]","""""","9.9","false","{breed social-friends}","0","""default""","""none""","0"
"{citizen 47}","{citizen 4}","[85 0 170 100]","""""","9.9","false","{breed social-friends}","0","""default""","""none""","0"
"{citizen 47}","{citizen 5}","[141 141 141 100]","""""","9.9","false","{breed social-friends}","0","""default""","""none""","0"
"{citizen 47}","{citizen 6}","[141 141 141 100]","""""","9.9","false","{breed social-friends}","0","""default""","""none""","0"
"{citizen 47}","{citizen 7}","[141 141 141 100]","""""","9.9","false","{breed social-friends}","0","""default""","""none""","0"
"{citizen 47}","{citizen 8}","[85 0 170 100]","""""","9.9","false","{breed social-friends}","0","""default""","""none""","0"
"{citizen 47}","{citizen 9}","[85 0 170 100]","""""","9.9","false","{breed social-friends}","0","""default""","""none""","0"
"{citizen 47}","{citizen 10}","[141 141 141 100]","""""","9.9","false","{breed social-friends}","0","""default""","""none""","0"
"{citizen 47}","{citizen 11}","[85 0 170 100]","""""","9.9","false","{breed social-friends}","0","""default""","""none""","0"
"{citizen 47}","{citizen 12}","[85 0 170 100]","""""","9.9","false","{breed social-friends}","0","""default""","""none""","0"
"{citizen 47}","{citizen 13}","[85 0 170 100]","""""","9.9","false","{breed social-friends}","0","""default""","""none""","0"
"{citizen 47}","{citizen 14}","[141 141 141 100]","""""","9.9","false","{breed social-friends}","0","""default""","""none""","0"
"{citizen 47}","{citizen 15}","[85 0 170 100]","""""","9.9","false","{breed social-friends}","0","""default""","""none""","0"
"{citizen 47}","{citizen 16}","[141 141 141 100]","""""","9.9","false","{breed social-friends}","0","""default""","""none""","0"
"{citizen 47}","{citizen 17}","[141 141 141 100]","""""","9.9","false","{breed social-friends}","0","""default""","""none""","0"
"{citizen 47}","{citizen 18}","[141 141 141 100]","""""","9.9","false","{breed social-friends}","0","""default""","""none""","0"
"{citizen 47}","{citizen 19}","[141 141 141 100]","""""","9.9","false","{breed social-friends}","0","""default""","""none""","0"
"{citizen 47}","{citizen 20}","[85 0 170 100]","""""","9.9","false","{breed social-friends}","0","""default""","""none""","0"
"{citizen 47}","{citizen 21}","[85 0 170 100]","""""","9.9","false","{breed social-friends}","0","""default""","""none""","0"
"{citizen 47}","{citizen 22}","[141 141 141 100]","""""","9.9","false","{breed social-friends}","0","""default""","""none""","0"
"{citizen 47}","{citizen 23}","[141 141 141 100]","""""","9.9","false","{breed social-friends}","0","""default""","""none""","0"
"{citizen 47}","{citizen 24}","[141 141 141 100]","""""","9.9","false","{breed social-friends}","0","""default""","""none""","0"
"{citizen 47}","{citizen 25}","[141 141 141 100]","""""","9.9","false","{breed social-friends}","0","""default""","""none""","0"
"{citizen 47}","{citizen 26}","[141 141 141 100]","""""","9.9","false","{breed social-friends}","0","""default""","""none""","0"
"{citizen 47}","{citizen 27}","[141 141 141 100]","""""","9.9","false","{breed social-friends}","0","""default""","""none""","0"
"{citizen 47}","{citizen 28}","[85 0 170 100]","""""","9.9","false","{breed social-friends}","0","""default""","""none""","0"
"{citizen 47}","{citizen 29}","[141 141 141 100]","""""","9.9","false","{breed social-friends}","0","""default""","""none""","0"
"{citizen 47}","{citizen 30}","[141 141 141 100]","""""","9.9","false","{breed social-friends}","0","""default""","""none""","0"
"{citizen 47}","{citizen 31}","[85 0 170 100]","""""","9.9","false","{breed social-friends}","0","""default""","""none""","0"
"{citizen 47}","{citizen 32}","[85 0 170 100]","""""","9.9","false","{breed social-friends}","0","""default""","""none""","0"
"{citizen 47}","{citizen 33}","[85 0 170 100]","""""","9.9","false","{breed social-friends}","0","""default""","""none""","0"
"{citizen 47}","{citizen 34}","[85 0 170 100]","""""","9.9","false","{breed social-friends}","0","""default""","""none""","0"
"{citizen 47}","{citizen 35}","[85 0 170 100]","""""","9.9","false","{breed social-friends}","0","""default""","""none""","0"
"{citizen 47}","{citizen 36}","[85 0 170 100]","""""","9.9","false","{breed social-friends}","0","""default""","""none""","0"
"{citizen 47}","{citizen 37}","[85 0 170 100]","""""","9.9","false","{breed social-friends}","0","""default""","""none""","0"
"{citizen 47}","{citizen 38}","[141 141 141 100]","""""","9.9","false","{breed social-friends}","0","""default""","""none""","0"
"{citizen 47}","{citizen 39}","[85 0 170 100]","""""","9.9","false","{breed social-friends}","0","""default""","""none""","0"
"{citizen 47}","{citizen 40}","[85 0 170 100]","""""","9.9","false","{breed social-friends}","0","""default""","""none""","0"
"{citizen 47}","{citizen 41}","[85 0 170 100]","""""","9.9","false","{breed social-friends}","0","""default""","""none""","0"
"{citizen 47}","{citizen 42}","[85 0 170 100]","""""","9.9","false","{breed social-friends}","0","""default""","""none""","0"
"{citizen 47}","{citizen 43}","[141 141 141 100]","""""","9.9","false","{breed social-friends}","0","""default""","""none""","0"
"{citizen 47}","{citizen 44}","[85 0 170 100]","""""","9.9","false","{breed social-friends}","0","""default""","""none""","0"
"{citizen 47}","{citizen 45}","[85 0 170 100]","""""","9.9","false","{breed social-friends}","0","""default""","""none""","0"
"{citizen 47}","{citizen 46}","[85 0 170 100]","""""","9.9","false","{breed social-friends}","0","""default""","""none""","0"
"{citizen 47}","{citizen 48}","[85 0 170 100]","""""","9.9","false","{breed social-friends}","0","""default""","""none""","0"
"{citizen 47}","{citizen 49}","[85 0 170 100]","""""","9.9","false","{breed social-friends}","0","""default""","""none""","0"
"{citizen 48}","{citizen 0}","[141 141 141 100]","""""","9.9","false","{breed social-friends}","0","""default""","""none""","0"
"{citizen 48}","{citizen 1}","[141 141 141 100]","""""","9.9","false","{breed social-friends}","0","""default""","""none""","0"
"{citizen 48}","{citizen 2}","[85 0 170 100]","""""","9.9","false","{breed social-friends}","0","""default""","""none""","0"
"{citizen 48}","{citizen 3}","[85 0 170 100]","""""","9.9","false","{breed social-friends}","0","""default""","""none""","0"
"{citizen 48}","{citizen 4}","[85 0 170 100]","""""","9.9","false","{breed social-friends}","0","""default""","""none""","0"
"{citizen 48}","{citizen 5}","[141 141 141 100]","""""","9.9","false","{breed social-friends}","0","""default""","""none""","0"
"{citizen 48}","{citizen 6}","[141 141 141 100]","""""","9.9","false","{breed social-friends}","0","""default""","""none""","0"
"{citizen 48}","{citizen 7}","[141 141 141 100]","""""","9.9","false","{breed social-friends}","0","""default""","""none""","0"
"{citizen 48}","{citizen 8}","[85 0 170 100]","""""","9.9","false","{breed social-friends}","0","""default""","""none""","0"
"{citizen 48}","{citizen 9}","[85 0 170 100]","""""","9.9","false","{breed social-friends}","0","""default""","""none""","0"
"{citizen 48}","{citizen 10}","[141 141 141 100]","""""","9.9","false","{breed social-friends}","0","""default""","""none""","0"
"{citizen 48}","{citizen 11}","[85 0 170 100]","""""","9.9","false","{breed social-friends}","0","""default""","""none""","0"
"{citizen 48}","{citizen 12}","[85 0 170 100]","""""","9.9","false","{breed social-friends}","0","""default""","""none""","0"
"{citizen 48}","{citizen 13}","[85 0 170 100]","""""","9.9","false","{breed social-friends}","0","""default""","""none""","0"
"{citizen 48}","{citizen 14}","[141 141 141 100]","""""","9.9","false","{breed social-friends}","0","""default""","""none""","0"
"{citizen 48}","{citizen 15}","[85 0 170 100]","""""","9.9","false","{breed social-friends}","0","""default""","""none""","0"
"{citizen 48}","{citizen 16}","[141 141 141 100]","""""","9.9","false","{breed social-friends}","0","""default""","""none""","0"
"{citizen 48}","{citizen 17}","[141 141 141 100]","""""","9.9","false","{breed social-friends}","0","""default""","""none""","0"
"{citizen 48}","{citizen 18}","[141 141 141 100]","""""","9.9","false","{breed social-friends}","0","""default""","""none""","0"
"{citizen 48}","{citizen 19}","[141 141 141 100]","""""","9.9","false","{breed social-friends}","0","""default""","""none""","0"
"{citizen 48}","{citizen 20}","[85 0 170 100]","""""","9.9","false","{breed social-friends}","0","""default""","""none""","0"
"{citizen 48}","{citizen 21}","[85 0 170 100]","""""","9.9","false","{breed social-friends}","0","""default""","""none""","0"
"{citizen 48}","{citizen 22}","[141 141 141 100]","""""","9.9","false","{breed social-friends}","0","""default""","""none""","0"
"{citizen 48}","{citizen 23}","[141 141 141 100]","""""","9.9","false","{breed social-friends}","0","""default""","""none""","0"
"{citizen 48}","{citizen 24}","[141 141 141 100]","""""","9.9","false","{breed social-friends}","0","""default""","""none""","0"
"{citizen 48}","{citizen 25}","[141 141 141 100]","""""","9.9","false","{breed social-friends}","0","""default""","""none""","0"
"{citizen 48}","{citizen 26}","[141 141 141 100]","""""","9.9","false","{breed social-friends}","0","""default""","""none""","0"
"{citizen 48}","{citizen 27}","[141 141 141 100]","""""","9.9","false","{breed social-friends}","0","""default""","""none""","0"
"{citizen 48}","{citizen 28}","[85 0 170 100]","""""","9.9","false","{breed social-friends}","0","""default""","""none""","0"
"{citizen 48}","{citizen 29}","[141 141 141 100]","""""","9.9","false","{breed social-friends}","0","""default""","""none""","0"
"{citizen 48}","{citizen 30}","[141 141 141 100]","""""","9.9","false","{breed social-friends}","0","""default""","""none""","0"
"{citizen 48}","{citizen 31}","[85 0 170 100]","""""","9.9","false","{breed social-friends}","0","""default""","""none""","0"
"{citizen 48}","{citizen 32}","[85 0 170 100]","""""","9.9","false","{breed social-friends}","0","""default""","""none""","0"
"{citizen 48}","{citizen 33}","[85 0 170 100]","""""","9.9","false","{breed social-friends}","0","""default""","""none""","0"
"{citizen 48}","{citizen 34}","[85 0 170 100]","""""","9.9","false","{breed social-friends}","0","""default""","""none""","0"
"{citizen 48}","{citizen 35}","[85 0 170 100]","""""","9.9","false","{breed social-friends}","0","""default""","""none""","0"
"{citizen 48}","{citizen 36}","[85 0 170 100]","""""","9.9","false","{breed social-friends}","0","""default""","""none""","0"
"{citizen 48}","{citizen 37}","[85 0 170 100]","""""","9.9","false","{breed social-friends}","0","""default""","""none""","0"
"{citizen 48}","{citizen 38}","[141 141 141 100]","""""","9.9","false","{breed social-friends}","0","""default""","""none""","0"
"{citizen 48}","{citizen 39}","[85 0 170 100]","""""","9.9","false","{breed social-friends}","0","""default""","""none""","0"
"{citizen 48}","{citizen 40}","[85 0 170 100]","""""","9.9","false","{breed social-friends}","0","""default""","""none""","0"
"{citizen 48}","{citizen 41}","[85 0 170 100]","""""","9.9","false","{breed social-friends}","0","""default""","""none""","0"
"{citizen 48}","{citizen 42}","[85 0 170 100]","""""","9.9","false","{breed social-friends}","0","""default""","""none""","0"
"{citizen 48}","{citizen 43}","[141 141 141 100]","""""","9.9","false","{breed social-friends}","0","""default""","""none""","0"
"{citizen 48}","{citizen 44}","[85 0 170 100]","""""","9.9","false","{breed social-friends}","0","""default""","""none""","0"
"{citizen 48}","{citizen 45}","[85 0 170 100]","""""","9.9","false","{breed social-friends}","0","""default""","""none""","0"
"{citizen 48}","{citizen 46}","[85 0 170 100]","""""","9.9","false","{breed social-friends}","0","""default""","""none""","0"
"{citizen 48}","{citizen 47}","[85 0 170 100]","""""","9.9","false","{breed social-friends}","0","""default""","""none""","0"
"{citizen 48}","{citizen 49}","[85 0 170 100]","""""","9.9","false","{breed social-friends}","0","""default""","""none""","0"
"{citizen 49}","{citizen 0}","[141 141 141 100]","""""","9.9","false","{breed social-friends}","0","""default""","""none""","0"
"{citizen 49}","{citizen 1}","[141 141 141 100]","""""","9.9","false","{breed social-friends}","0","""default""","""none""","0"
"{citizen 49}","{citizen 2}","[85 0 170 100]","""""","9.9","false","{breed social-friends}","0","""default""","""none""","0"
"{citizen 49}","{citizen 3}","[85 0 170 100]","""""","9.9","false","{breed social-friends}","0","""default""","""none""","0"
"{citizen 49}","{citizen 4}","[85 0 170 100]","""""","9.9","false","{breed social-friends}","0","""default""","""none""","0"
"{citizen 49}","{citizen 5}","[141 141 141 100]","""""","9.9","false","{breed social-friends}","0","""default""","""none""","0"
"{citizen 49}","{citizen 6}","[141 141 141 100]","""""","9.9","false","{breed social-friends}","0","""default""","""none""","0"
"{citizen 49}","{citizen 7}","[141 141 141 100]","""""","9.9","false","{breed social-friends}","0","""default""","""none""","0"
"{citizen 49}","{citizen 8}","[85 0 170 100]","""""","9.9","false","{breed social-friends}","0","""default""","""none""","0"
"{citizen 49}","{citizen 9}","[85 0 170 100]","""""","9.9","false","{breed social-friends}","0","""default""","""none""","0"
"{citizen 49}","{citizen 10}","[141 141 141 100]","""""","9.9","false","{breed social-friends}","0","""default""","""none""","0"
"{citizen 49}","{citizen 11}","[85 0 170 100]","""""","9.9","false","{breed social-friends}","0","""default""","""none""","0"
"{citizen 49}","{citizen 12}","[85 0 170 100]","""""","9.9","false","{breed social-friends}","0","""default""","""none""","0"
"{citizen 49}","{citizen 13}","[85 0 170 100]","""""","9.9","false","{breed social-friends}","0","""default""","""none""","0"
"{citizen 49}","{citizen 14}","[141 141 141 100]","""""","9.9","false","{breed social-friends}","0","""default""","""none""","0"
"{citizen 49}","{citizen 15}","[85 0 170 100]","""""","9.9","false","{breed social-friends}","0","""default""","""none""","0"
"{citizen 49}","{citizen 16}","[141 141 141 100]","""""","9.9","false","{breed social-friends}","0","""default""","""none""","0"
"{citizen 49}","{citizen 17}","[141 141 141 100]","""""","9.9","false","{breed social-friends}","0","""default""","""none""","0"
"{citizen 49}","{citizen 18}","[141 141 141 100]","""""","9.9","false","{breed social-friends}","0","""default""","""none""","0"
"{citizen 49}","{citizen 19}","[141 141 141 100]","""""","9.9","false","{breed social-friends}","0","""default""","""none""","0"
"{citizen 49}","{citizen 20}","[85 0 170 100]","""""","9.9","false","{breed social-friends}","0","""default""","""none""","0"
"{citizen 49}","{citizen 21}","[85 0 170 100]","""""","9.9","false","{breed social-friends}","0","""default""","""none""","0"
"{citizen 49}","{citizen 22}","[141 141 141 100]","""""","9.9","false","{breed social-friends}","0","""default""","""none""","0"
"{citizen 49}","{citizen 23}","[141 141 141 100]","""""","9.9","false","{breed social-friends}","0","""default""","""none""","0"
"{citizen 49}","{citizen 24}","[141 141 141 100]","""""","9.9","false","{breed social-friends}","0","""default""","""none""","0"
"{citizen 49}","{citizen 25}","[141 141 141 100]","""""","9.9","false","{breed social-friends}","0","""default""","""none""","0"
"{citizen 49}","{citizen 26}","[141 141 141 100]","""""","9.9","false","{breed social-friends}","0","""default""","""none""","0"
"{citizen 49}","{citizen 27}","[141 141 141 100]","""""","9.9","false","{breed social-friends}","0","""default""","""none""","0"
"{citizen 49}","{citizen 28}","[85 0 170 100]","""""","9.9","false","{breed social-friends}","0","""default""","""none""","0"
"{citizen 49}","{citizen 29}","[141 141 141 100]","""""","9.9","false","{breed social-friends}","0","""default""","""none""","0"
"{citizen 49}","{citizen 30}","[141 141 141 100]","""""","9.9","false","{breed social-friends}","0","""default""","""none""","0"
"{citizen 49}","{citizen 31}","[85 0 170 100]","""""","9.9","false","{breed social-friends}","0","""default""","""none""","0"
"{citizen 49}","{citizen 32}","[85 0 170 100]","""""","9.9","false","{breed social-friends}","0","""default""","""none""","0"
"{citizen 49}","{citizen 33}","[85 0 170 100]","""""","9.9","false","{breed social-friends}","0","""default""","""none""","0"
"{citizen 49}","{citizen 34}","[85 0 170 100]","""""","9.9","false","{breed social-friends}","0","""default""","""none""","0"
"{citizen 49}","{citizen 35}","[85 0 170 100]","""""","9.9","false","{breed social-friends}","0","""default""","""none""","0"
"{citizen 49}","{citizen 36}","[85 0 170 100]","""""","9.9","false","{breed social-friends}","0","""default""","""none""","0"
"{citizen 49}","{citizen 37}","[85 0 170 100]","""""","9.9","false","{breed social-friends}","0","""default""","""none""","0"
"{citizen 49}","{citizen 38}","[141 141 141 100]","""""","9.9","false","{breed social-friends}","0","""default""","""none""","0"
"{citizen 49}","{citizen 39}","[85 0 170 100]","""""","9.9","false","{breed social-friends}","0","""default""","""none""","0"
"{citizen 49}","{citizen 40}","[85 0 170 100]","""""","9.9","false","{breed social-friends}","0","""default""","""none""","0"
"{citizen 49}","{citizen 41}","[85 0 170 100]","""""","9.9","false","{breed social-friends}","0","""default""","""none""","0"
"{citizen 49}","{citizen 42}","[85 0 170 100]","""""","9.9","false","{breed social-friends}","0","""default""","""none""","0"
"{citizen 49}","{citizen 43}","[141 141 141 100]","""""","9.9","false","{breed social-friends}","0","""default""","""none""","0"
"{citizen 49}","{citizen 44}","[85 0 170 100]","""""","9.9","false","{breed social-friends}","0","""default""","""none""","0"
"{citizen 49}","{citizen 45}","[85 0 170 100]","""""","9.9","false","{breed social-friends}","0","""default""","""none""","0"
"{citizen 49}","{citizen 46}","[85 0 170 100]","""""","9.9","false","{breed social-friends}","0","""default""","""none""","0"
"{citizen 49}","{citizen 47}","[85 0 170 100]","""""","9.9","false","{breed social-friends}","0","""default""","""none""","0"
"{citizen 49}","{citizen 48}","[85 0 170 100]","""""","9.9","false","{breed social-friends}","0","""default""","""none""","0"
"{media 50}","{citizen 0}","[141 141 141 255]","""""","9.9","false","{breed subscribers}","0","""default""","""none""","0"
"{media 50}","{citizen 1}","[141 141 141 255]","""""","9.9","false","{breed subscribers}","0","""default""","""none""","0"
"{media 50}","{citizen 2}","[141 141 141 255]","""""","9.9","false","{breed subscribers}","0","""default""","""none""","0"
"{media 50}","{citizen 3}","[141 141 141 255]","""""","9.9","false","{breed subscribers}","0","""default""","""none""","0"
"{media 50}","{citizen 4}","[141 141 141 255]","""""","9.9","false","{breed subscribers}","0","""default""","""none""","0"
"{media 50}","{citizen 5}","[141 141 141 255]","""""","9.9","false","{breed subscribers}","0","""default""","""none""","0"
"{media 50}","{citizen 6}","[141 141 141 255]","""""","9.9","false","{breed subscribers}","0","""default""","""none""","0"
"{media 50}","{citizen 7}","[141 141 141 255]","""""","9.9","false","{breed subscribers}","0","""default""","""none""","0"
"{media 50}","{citizen 8}","[141 141 141 255]","""""","9.9","false","{breed subscribers}","0","""default""","""none""","0"
"{media 50}","{citizen 9}","[141 141 141 255]","""""","9.9","false","{breed subscribers}","0","""default""","""none""","0"
"{media 50}","{citizen 10}","[141 141 141 255]","""""","9.9","false","{breed subscribers}","0","""default""","""none""","0"
"{media 50}","{citizen 11}","[141 141 141 255]","""""","9.9","false","{breed subscribers}","0","""default""","""none""","0"
"{media 50}","{citizen 12}","[141 141 141 255]","""""","9.9","false","{breed subscribers}","0","""default""","""none""","0"
"{media 50}","{citizen 13}","[141 141 141 255]","""""","9.9","false","{breed subscribers}","0","""default""","""none""","0"
"{media 50}","{citizen 14}","[141 141 141 255]","""""","9.9","false","{breed subscribers}","0","""default""","""none""","0"
"{media 50}","{citizen 15}","[141 141 141 255]","""""","9.9","false","{breed subscribers}","0","""default""","""none""","0"
"{media 50}","{citizen 16}","[141 141 141 255]","""""","9.9","false","{breed subscribers}","0","""default""","""none""","0"
"{media 50}","{citizen 17}","[141 141 141 255]","""""","9.9","false","{breed subscribers}","0","""default""","""none""","0"
"{media 50}","{citizen 18}","[141 141 141 255]","""""","9.9","false","{breed subscribers}","0","""default""","""none""","0"
"{media 50}","{citizen 19}","[141 141 141 255]","""""","9.9","false","{breed subscribers}","0","""default""","""none""","0"
"{media 50}","{citizen 20}","[141 141 141 255]","""""","9.9","false","{breed subscribers}","0","""default""","""none""","0"
"{media 50}","{citizen 21}","[141 141 141 255]","""""","9.9","false","{breed subscribers}","0","""default""","""none""","0"
"{media 50}","{citizen 22}","[141 141 141 255]","""""","9.9","false","{breed subscribers}","0","""default""","""none""","0"
"{media 50}","{citizen 23}","[141 141 141 255]","""""","9.9","false","{breed subscribers}","0","""default""","""none""","0"
"{media 50}","{citizen 24}","[141 141 141 255]","""""","9.9","false","{breed subscribers}","0","""default""","""none""","0"
"{media 50}","{citizen 25}","[141 141 141 255]","""""","9.9","false","{breed subscribers}","0","""default""","""none""","0"
"{media 50}","{citizen 26}","[141 141 141 255]","""""","9.9","false","{breed subscribers}","0","""default""","""none""","0"
"{media 50}","{citizen 27}","[141 141 141 255]","""""","9.9","false","{breed subscribers}","0","""default""","""none""","0"
"{media 50}","{citizen 28}","[141 141 141 255]","""""","9.9","false","{breed subscribers}","0","""default""","""none""","0"
"{media 50}","{citizen 29}","[141 141 141 255]","""""","9.9","false","{breed subscribers}","0","""default""","""none""","0"
"{media 50}","{citizen 30}","[141 141 141 255]","""""","9.9","false","{breed subscribers}","0","""default""","""none""","0"
"{media 50}","{citizen 31}","[141 141 141 255]","""""","9.9","false","{breed subscribers}","0","""default""","""none""","0"
"{media 50}","{citizen 32}","[141 141 141 255]","""""","9.9","false","{breed subscribers}","0","""default""","""none""","0"
"{media 50}","{citizen 33}","[141 141 141 255]","""""","9.9","false","{breed subscribers}","0","""default""","""none""","0"
"{media 50}","{citizen 34}","[141 141 141 255]","""""","9.9","false","{breed subscribers}","0","""default""","""none""","0"
"{media 50}","{citizen 35}","[141 141 141 255]","""""","9.9","false","{breed subscribers}","0","""default""","""none""","0"
"{media 50}","{citizen 36}","[141 141 141 255]","""""","9.9","false","{breed subscribers}","0","""default""","""none""","0"
"{media 50}","{citizen 37}","[141 141 141 255]","""""","9.9","false","{breed subscribers}","0","""default""","""none""","0"
"{media 50}","{citizen 38}","[141 141 141 255]","""""","9.9","false","{breed subscribers}","0","""default""","""none""","0"
"{media 50}","{citizen 39}","[141 141 141 255]","""""","9.9","false","{breed subscribers}","0","""default""","""none""","0"
"{media 50}","{citizen 40}","[141 141 141 255]","""""","9.9","false","{breed subscribers}","0","""default""","""none""","0"
"{media 50}","{citizen 41}","[141 141 141 255]","""""","9.9","false","{breed subscribers}","0","""default""","""none""","0"
"{media 50}","{citizen 42}","[141 141 141 255]","""""","9.9","false","{breed subscribers}","0","""default""","""none""","0"
"{media 50}","{citizen 43}","[141 141 141 255]","""""","9.9","false","{breed subscribers}","0","""default""","""none""","0"
"{media 50}","{citizen 44}","[141 141 141 255]","""""","9.9","false","{breed subscribers}","0","""default""","""none""","0"
"{media 50}","{citizen 45}","[141 141 141 255]","""""","9.9","false","{breed subscribers}","0","""default""","""none""","0"
"{media 50}","{citizen 46}","[141 141 141 255]","""""","9.9","false","{breed subscribers}","0","""default""","""none""","0"
"{media 50}","{citizen 47}","[141 141 141 255]","""""","9.9","false","{breed subscribers}","0","""default""","""none""","0"
"{media 50}","{citizen 48}","[141 141 141 255]","""""","9.9","false","{breed subscribers}","0","""default""","""none""","0"
"{media 50}","{citizen 49}","[141 141 141 255]","""""","9.9","false","{breed subscribers}","0","""default""","""none""","0"
"{media 51}","{citizen 0}","[141 141 141 255]","""""","9.9","false","{breed subscribers}","0","""default""","""none""","0"
"{media 51}","{citizen 1}","[141 141 141 255]","""""","9.9","false","{breed subscribers}","0","""default""","""none""","0"
"{media 51}","{citizen 2}","[141 141 141 255]","""""","9.9","false","{breed subscribers}","0","""default""","""none""","0"
"{media 51}","{citizen 3}","[141 141 141 255]","""""","9.9","false","{breed subscribers}","0","""default""","""none""","0"
"{media 51}","{citizen 4}","[141 141 141 255]","""""","9.9","false","{breed subscribers}","0","""default""","""none""","0"
"{media 51}","{citizen 5}","[141 141 141 255]","""""","9.9","false","{breed subscribers}","0","""default""","""none""","0"
"{media 51}","{citizen 6}","[141 141 141 255]","""""","9.9","false","{breed subscribers}","0","""default""","""none""","0"
"{media 51}","{citizen 7}","[141 141 141 255]","""""","9.9","false","{breed subscribers}","0","""default""","""none""","0"
"{media 51}","{citizen 8}","[141 141 141 255]","""""","9.9","false","{breed subscribers}","0","""default""","""none""","0"
"{media 51}","{citizen 9}","[141 141 141 255]","""""","9.9","false","{breed subscribers}","0","""default""","""none""","0"
"{media 51}","{citizen 10}","[141 141 141 255]","""""","9.9","false","{breed subscribers}","0","""default""","""none""","0"
"{media 51}","{citizen 11}","[141 141 141 255]","""""","9.9","false","{breed subscribers}","0","""default""","""none""","0"
"{media 51}","{citizen 12}","[141 141 141 255]","""""","9.9","false","{breed subscribers}","0","""default""","""none""","0"
"{media 51}","{citizen 13}","[141 141 141 255]","""""","9.9","false","{breed subscribers}","0","""default""","""none""","0"
"{media 51}","{citizen 14}","[141 141 141 255]","""""","9.9","false","{breed subscribers}","0","""default""","""none""","0"
"{media 51}","{citizen 15}","[141 141 141 255]","""""","9.9","false","{breed subscribers}","0","""default""","""none""","0"
"{media 51}","{citizen 16}","[141 141 141 255]","""""","9.9","false","{breed subscribers}","0","""default""","""none""","0"
"{media 51}","{citizen 17}","[141 141 141 255]","""""","9.9","false","{breed subscribers}","0","""default""","""none""","0"
"{media 51}","{citizen 18}","[141 141 141 255]","""""","9.9","false","{breed subscribers}","0","""default""","""none""","0"
"{media 51}","{citizen 19}","[141 141 141 255]","""""","9.9","false","{breed subscribers}","0","""default""","""none""","0"
"{media 51}","{citizen 20}","[141 141 141 255]","""""","9.9","false","{breed subscribers}","0","""default""","""none""","0"
"{media 51}","{citizen 21}","[141 141 141 255]","""""","9.9","false","{breed subscribers}","0","""default""","""none""","0"
"{media 51}","{citizen 22}","[141 141 141 255]","""""","9.9","false","{breed subscribers}","0","""default""","""none""","0"
"{media 51}","{citizen 23}","[141 141 141 255]","""""","9.9","false","{breed subscribers}","0","""default""","""none""","0"
"{media 51}","{citizen 24}","[141 141 141 255]","""""","9.9","false","{breed subscribers}","0","""default""","""none""","0"
"{media 51}","{citizen 25}","[141 141 141 255]","""""","9.9","false","{breed subscribers}","0","""default""","""none""","0"
"{media 51}","{citizen 26}","[141 141 141 255]","""""","9.9","false","{breed subscribers}","0","""default""","""none""","0"
"{media 51}","{citizen 27}","[141 141 141 255]","""""","9.9","false","{breed subscribers}","0","""default""","""none""","0"
"{media 51}","{citizen 28}","[141 141 141 255]","""""","9.9","false","{breed subscribers}","0","""default""","""none""","0"
"{media 51}","{citizen 29}","[141 141 141 255]","""""","9.9","false","{breed subscribers}","0","""default""","""none""","0"
"{media 51}","{citizen 30}","[141 141 141 255]","""""","9.9","false","{breed subscribers}","0","""default""","""none""","0"
"{media 51}","{citizen 31}","[141 141 141 255]","""""","9.9","false","{breed subscribers}","0","""default""","""none""","0"
"{media 51}","{citizen 32}","[141 141 141 255]","""""","9.9","false","{breed subscribers}","0","""default""","""none""","0"
"{media 51}","{citizen 33}","[141 141 141 255]","""""","9.9","false","{breed subscribers}","0","""default""","""none""","0"
"{media 51}","{citizen 34}","[141 141 141 255]","""""","9.9","false","{breed subscribers}","0","""default""","""none""","0"
"{media 51}","{citizen 35}","[141 141 141 255]","""""","9.9","false","{breed subscribers}","0","""default""","""none""","0"
"{media 51}","{citizen 36}","[141 141 141 255]","""""","9.9","false","{breed subscribers}","0","""default""","""none""","0"
"{media 51}","{citizen 37}","[141 141 141 255]","""""","9.9","false","{breed subscribers}","0","""default""","""none""","0"
"{media 51}","{citizen 38}","[141 141 141 255]","""""","9.9","false","{breed subscribers}","0","""default""","""none""","0"
"{media 51}","{citizen 39}","[141 141 141 255]","""""","9.9","false","{breed subscribers}","0","""default""","""none""","0"
"{media 51}","{citizen 40}","[141 141 141 255]","""""","9.9","false","{breed subscribers}","0","""default""","""none""","0"
"{media 51}","{citizen 41}","[141 141 141 255]","""""","9.9","false","{breed subscribers}","0","""default""","""none""","0"
"{media 51}","{citizen 42}","[141 141 141 255]","""""","9.9","false","{breed subscribers}","0","""default""","""none""","0"
"{media 51}","{citizen 43}","[141 141 141 255]","""""","9.9","false","{breed subscribers}","0","""default""","""none""","0"
"{media 51}","{citizen 44}","[141 141 141 255]","""""","9.9","false","{breed subscribers}","0","""default""","""none""","0"
"{media 51}","{citizen 45}","[141 141 141 255]","""""","9.9","false","{breed subscribers}","0","""default""","""none""","0"
"{media 51}","{citizen 46}","[141 141 141 255]","""""","9.9","false","{breed subscribers}","0","""default""","""none""","0"
"{media 51}","{citizen 47}","[141 141 141 255]","""""","9.9","false","{breed subscribers}","0","""default""","""none""","0"
"{media 51}","{citizen 48}","[141 141 141 255]","""""","9.9","false","{breed subscribers}","0","""default""","""none""","0"
"{media 51}","{citizen 49}","[141 141 141 255]","""""","9.9","false","{breed subscribers}","0","""default""","""none""","0"
"{media 52}","{citizen 0}","[141 141 141 255]","""""","9.9","false","{breed subscribers}","0","""default""","""none""","0"
"{media 52}","{citizen 1}","[141 141 141 255]","""""","9.9","false","{breed subscribers}","0","""default""","""none""","0"
"{media 52}","{citizen 2}","[141 141 141 255]","""""","9.9","false","{breed subscribers}","0","""default""","""none""","0"
"{media 52}","{citizen 3}","[141 141 141 255]","""""","9.9","false","{breed subscribers}","0","""default""","""none""","0"
"{media 52}","{citizen 4}","[141 141 141 255]","""""","9.9","false","{breed subscribers}","0","""default""","""none""","0"
"{media 52}","{citizen 5}","[141 141 141 255]","""""","9.9","false","{breed subscribers}","0","""default""","""none""","0"
"{media 52}","{citizen 6}","[141 141 141 255]","""""","9.9","false","{breed subscribers}","0","""default""","""none""","0"
"{media 52}","{citizen 7}","[141 141 141 255]","""""","9.9","false","{breed subscribers}","0","""default""","""none""","0"
"{media 52}","{citizen 8}","[141 141 141 255]","""""","9.9","false","{breed subscribers}","0","""default""","""none""","0"
"{media 52}","{citizen 9}","[141 141 141 255]","""""","9.9","false","{breed subscribers}","0","""default""","""none""","0"
"{media 52}","{citizen 10}","[141 141 141 255]","""""","9.9","false","{breed subscribers}","0","""default""","""none""","0"
"{media 52}","{citizen 11}","[141 141 141 255]","""""","9.9","false","{breed subscribers}","0","""default""","""none""","0"
"{media 52}","{citizen 12}","[141 141 141 255]","""""","9.9","false","{breed subscribers}","0","""default""","""none""","0"
"{media 52}","{citizen 13}","[141 141 141 255]","""""","9.9","false","{breed subscribers}","0","""default""","""none""","0"
"{media 52}","{citizen 14}","[141 141 141 255]","""""","9.9","false","{breed subscribers}","0","""default""","""none""","0"
"{media 52}","{citizen 15}","[141 141 141 255]","""""","9.9","false","{breed subscribers}","0","""default""","""none""","0"
"{media 52}","{citizen 16}","[141 141 141 255]","""""","9.9","false","{breed subscribers}","0","""default""","""none""","0"
"{media 52}","{citizen 17}","[141 141 141 255]","""""","9.9","false","{breed subscribers}","0","""default""","""none""","0"
"{media 52}","{citizen 18}","[141 141 141 255]","""""","9.9","false","{breed subscribers}","0","""default""","""none""","0"
"{media 52}","{citizen 19}","[141 141 141 255]","""""","9.9","false","{breed subscribers}","0","""default""","""none""","0"
"{media 52}","{citizen 20}","[141 141 141 255]","""""","9.9","false","{breed subscribers}","0","""default""","""none""","0"
"{media 52}","{citizen 21}","[141 141 141 255]","""""","9.9","false","{breed subscribers}","0","""default""","""none""","0"
"{media 52}","{citizen 22}","[141 141 141 255]","""""","9.9","false","{breed subscribers}","0","""default""","""none""","0"
"{media 52}","{citizen 23}","[141 141 141 255]","""""","9.9","false","{breed subscribers}","0","""default""","""none""","0"
"{media 52}","{citizen 24}","[141 141 141 255]","""""","9.9","false","{breed subscribers}","0","""default""","""none""","0"
"{media 52}","{citizen 25}","[141 141 141 255]","""""","9.9","false","{breed subscribers}","0","""default""","""none""","0"
"{media 52}","{citizen 26}","[141 141 141 255]","""""","9.9","false","{breed subscribers}","0","""default""","""none""","0"
"{media 52}","{citizen 27}","[141 141 141 255]","""""","9.9","false","{breed subscribers}","0","""default""","""none""","0"
"{media 52}","{citizen 28}","[141 141 141 255]","""""","9.9","false","{breed subscribers}","0","""default""","""none""","0"
"{media 52}","{citizen 29}","[141 141 141 255]","""""","9.9","false","{breed subscribers}","0","""default""","""none""","0"
"{media 52}","{citizen 30}","[141 141 141 255]","""""","9.9","false","{breed subscribers}","0","""default""","""none""","0"
"{media 52}","{citizen 31}","[141 141 141 255]","""""","9.9","false","{breed subscribers}","0","""default""","""none""","0"
"{media 52}","{citizen 32}","[141 141 141 255]","""""","9.9","false","{breed subscribers}","0","""default""","""none""","0"
"{media 52}","{citizen 33}","[141 141 141 255]","""""","9.9","false","{breed subscribers}","0","""default""","""none""","0"
"{media 52}","{citizen 34}","[141 141 141 255]","""""","9.9","false","{breed subscribers}","0","""default""","""none""","0"
"{media 52}","{citizen 35}","[141 141 141 255]","""""","9.9","false","{breed subscribers}","0","""default""","""none""","0"
"{media 52}","{citizen 36}","[141 141 141 255]","""""","9.9","false","{breed subscribers}","0","""default""","""none""","0"
"{media 52}","{citizen 37}","[141 141 141 255]","""""","9.9","false","{breed subscribers}","0","""default""","""none""","0"
"{media 52}","{citizen 38}","[141 141 141 255]","""""","9.9","false","{breed subscribers}","0","""default""","""none""","0"
"{media 52}","{citizen 39}","[141 141 141 255]","""""","9.9","false","{breed subscribers}","0","""default""","""none""","0"
"{media 52}","{citizen 40}","[141 141 141 255]","""""","9.9","false","{breed subscribers}","0","""default""","""none""","0"
"{media 52}","{citizen 41}","[141 141 141 255]","""""","9.9","false","{breed subscribers}","0","""default""","""none""","0"
"{media 52}","{citizen 42}","[141 141 141 255]","""""","9.9","false","{breed subscribers}","0","""default""","""none""","0"
"{media 52}","{citizen 43}","[141 141 141 255]","""""","9.9","false","{breed subscribers}","0","""default""","""none""","0"
"{media 52}","{citizen 44}","[141 141 141 255]","""""","9.9","false","{breed subscribers}","0","""default""","""none""","0"
"{media 52}","{citizen 45}","[141 141 141 255]","""""","9.9","false","{breed subscribers}","0","""default""","""none""","0"
"{media 52}","{citizen 46}","[141 141 141 255]","""""","9.9","false","{breed subscribers}","0","""default""","""none""","0"
"{media 52}","{citizen 47}","[141 141 141 255]","""""","9.9","false","{breed subscribers}","0","""default""","""none""","0"
"{media 52}","{citizen 48}","[141 141 141 255]","""""","9.9","false","{breed subscribers}","0","""default""","""none""","0"
"{media 52}","{citizen 49}","[141 141 141 255]","""""","9.9","false","{breed subscribers}","0","""default""","""none""","0"
"{media 53}","{citizen 0}","[141 141 141 255]","""""","9.9","false","{breed subscribers}","0","""default""","""none""","0"
"{media 53}","{citizen 1}","[141 141 141 255]","""""","9.9","false","{breed subscribers}","0","""default""","""none""","0"
"{media 53}","{citizen 2}","[141 141 141 255]","""""","9.9","false","{breed subscribers}","0","""default""","""none""","0"
"{media 53}","{citizen 3}","[141 141 141 255]","""""","9.9","false","{breed subscribers}","0","""default""","""none""","0"
"{media 53}","{citizen 4}","[141 141 141 255]","""""","9.9","false","{breed subscribers}","0","""default""","""none""","0"
"{media 53}","{citizen 5}","[141 141 141 255]","""""","9.9","false","{breed subscribers}","0","""default""","""none""","0"
"{media 53}","{citizen 6}","[141 141 141 255]","""""","9.9","false","{breed subscribers}","0","""default""","""none""","0"
"{media 53}","{citizen 7}","[141 141 141 255]","""""","9.9","false","{breed subscribers}","0","""default""","""none""","0"
"{media 53}","{citizen 8}","[141 141 141 255]","""""","9.9","false","{breed subscribers}","0","""default""","""none""","0"
"{media 53}","{citizen 9}","[141 141 141 255]","""""","9.9","false","{breed subscribers}","0","""default""","""none""","0"
"{media 53}","{citizen 10}","[141 141 141 255]","""""","9.9","false","{breed subscribers}","0","""default""","""none""","0"
"{media 53}","{citizen 11}","[141 141 141 255]","""""","9.9","false","{breed subscribers}","0","""default""","""none""","0"
"{media 53}","{citizen 12}","[141 141 141 255]","""""","9.9","false","{breed subscribers}","0","""default""","""none""","0"
"{media 53}","{citizen 13}","[141 141 141 255]","""""","9.9","false","{breed subscribers}","0","""default""","""none""","0"
"{media 53}","{citizen 14}","[141 141 141 255]","""""","9.9","false","{breed subscribers}","0","""default""","""none""","0"
"{media 53}","{citizen 15}","[141 141 141 255]","""""","9.9","false","{breed subscribers}","0","""default""","""none""","0"
"{media 53}","{citizen 16}","[141 141 141 255]","""""","9.9","false","{breed subscribers}","0","""default""","""none""","0"
"{media 53}","{citizen 17}","[141 141 141 255]","""""","9.9","false","{breed subscribers}","0","""default""","""none""","0"
"{media 53}","{citizen 18}","[141 141 141 255]","""""","9.9","false","{breed subscribers}","0","""default""","""none""","0"
"{media 53}","{citizen 19}","[141 141 141 255]","""""","9.9","false","{breed subscribers}","0","""default""","""none""","0"
"{media 53}","{citizen 20}","[141 141 141 255]","""""","9.9","false","{breed subscribers}","0","""default""","""none""","0"
"{media 53}","{citizen 21}","[141 141 141 255]","""""","9.9","false","{breed subscribers}","0","""default""","""none""","0"
"{media 53}","{citizen 22}","[141 141 141 255]","""""","9.9","false","{breed subscribers}","0","""default""","""none""","0"
"{media 53}","{citizen 23}","[141 141 141 255]","""""","9.9","false","{breed subscribers}","0","""default""","""none""","0"
"{media 53}","{citizen 24}","[141 141 141 255]","""""","9.9","false","{breed subscribers}","0","""default""","""none""","0"
"{media 53}","{citizen 25}","[141 141 141 255]","""""","9.9","false","{breed subscribers}","0","""default""","""none""","0"
"{media 53}","{citizen 26}","[141 141 141 255]","""""","9.9","false","{breed subscribers}","0","""default""","""none""","0"
"{media 53}","{citizen 27}","[141 141 141 255]","""""","9.9","false","{breed subscribers}","0","""default""","""none""","0"
"{media 53}","{citizen 28}","[141 141 141 255]","""""","9.9","false","{breed subscribers}","0","""default""","""none""","0"
"{media 53}","{citizen 29}","[141 141 141 255]","""""","9.9","false","{breed subscribers}","0","""default""","""none""","0"
"{media 53}","{citizen 30}","[141 141 141 255]","""""","9.9","false","{breed subscribers}","0","""default""","""none""","0"
"{media 53}","{citizen 31}","[141 141 141 255]","""""","9.9","false","{breed subscribers}","0","""default""","""none""","0"
"{media 53}","{citizen 32}","[141 141 141 255]","""""","9.9","false","{breed subscribers}","0","""default""","""none""","0"
"{media 53}","{citizen 33}","[141 141 141 255]","""""","9.9","false","{breed subscribers}","0","""default""","""none""","0"
"{media 53}","{citizen 34}","[141 141 141 255]","""""","9.9","false","{breed subscribers}","0","""default""","""none""","0"
"{media 53}","{citizen 35}","[141 141 141 255]","""""","9.9","false","{breed subscribers}","0","""default""","""none""","0"
"{media 53}","{citizen 36}","[141 141 141 255]","""""","9.9","false","{breed subscribers}","0","""default""","""none""","0"
"{media 53}","{citizen 37}","[141 141 141 255]","""""","9.9","false","{breed subscribers}","0","""default""","""none""","0"
"{media 53}","{citizen 38}","[141 141 141 255]","""""","9.9","false","{breed subscribers}","0","""default""","""none""","0"
"{media 53}","{citizen 39}","[141 141 141 255]","""""","9.9","false","{breed subscribers}","0","""default""","""none""","0"
"{media 53}","{citizen 40}","[141 141 141 255]","""""","9.9","false","{breed subscribers}","0","""default""","""none""","0"
"{media 53}","{citizen 41}","[141 141 141 255]","""""","9.9","false","{breed subscribers}","0","""default""","""none""","0"
"{media 53}","{citizen 42}","[141 141 141 255]","""""","9.9","false","{breed subscribers}","0","""default""","""none""","0"
"{media 53}","{citizen 43}","[141 141 141 255]","""""","9.9","false","{breed subscribers}","0","""default""","""none""","0"
"{media 53}","{citizen 44}","[141 141 141 255]","""""","9.9","false","{breed subscribers}","0","""default""","""none""","0"
"{media 53}","{citizen 45}","[141 141 141 255]","""""","9.9","false","{breed subscribers}","0","""default""","""none""","0"
"{media 53}","{citizen 46}","[141 141 141 255]","""""","9.9","false","{breed subscribers}","0","""default""","""none""","0"
"{media 53}","{citizen 47}","[141 141 141 255]","""""","9.9","false","{breed subscribers}","0","""default""","""none""","0"
"{media 53}","{citizen 48}","[141 141 141 255]","""""","9.9","false","{breed subscribers}","0","""default""","""none""","0"
"{media 53}","{citizen 49}","[141 141 141 255]","""""","9.9","false","{breed subscribers}","0","""default""","""none""","0"
"{media 54}","{citizen 0}","[141 141 141 255]","""""","9.9","false","{breed subscribers}","0","""default""","""none""","0"
"{media 54}","{citizen 1}","[141 141 141 255]","""""","9.9","false","{breed subscribers}","0","""default""","""none""","0"
"{media 54}","{citizen 2}","[141 141 141 255]","""""","9.9","false","{breed subscribers}","0","""default""","""none""","0"
"{media 54}","{citizen 3}","[141 141 141 255]","""""","9.9","false","{breed subscribers}","0","""default""","""none""","0"
"{media 54}","{citizen 4}","[141 141 141 255]","""""","9.9","false","{breed subscribers}","0","""default""","""none""","0"
"{media 54}","{citizen 5}","[141 141 141 255]","""""","9.9","false","{breed subscribers}","0","""default""","""none""","0"
"{media 54}","{citizen 6}","[141 141 141 255]","""""","9.9","false","{breed subscribers}","0","""default""","""none""","0"
"{media 54}","{citizen 7}","[141 141 141 255]","""""","9.9","false","{breed subscribers}","0","""default""","""none""","0"
"{media 54}","{citizen 8}","[141 141 141 255]","""""","9.9","false","{breed subscribers}","0","""default""","""none""","0"
"{media 54}","{citizen 9}","[141 141 141 255]","""""","9.9","false","{breed subscribers}","0","""default""","""none""","0"
"{media 54}","{citizen 10}","[141 141 141 255]","""""","9.9","false","{breed subscribers}","0","""default""","""none""","0"
"{media 54}","{citizen 11}","[141 141 141 255]","""""","9.9","false","{breed subscribers}","0","""default""","""none""","0"
"{media 54}","{citizen 12}","[141 141 141 255]","""""","9.9","false","{breed subscribers}","0","""default""","""none""","0"
"{media 54}","{citizen 13}","[141 141 141 255]","""""","9.9","false","{breed subscribers}","0","""default""","""none""","0"
"{media 54}","{citizen 14}","[141 141 141 255]","""""","9.9","false","{breed subscribers}","0","""default""","""none""","0"
"{media 54}","{citizen 15}","[141 141 141 255]","""""","9.9","false","{breed subscribers}","0","""default""","""none""","0"
"{media 54}","{citizen 16}","[141 141 141 255]","""""","9.9","false","{breed subscribers}","0","""default""","""none""","0"
"{media 54}","{citizen 17}","[141 141 141 255]","""""","9.9","false","{breed subscribers}","0","""default""","""none""","0"
"{media 54}","{citizen 18}","[141 141 141 255]","""""","9.9","false","{breed subscribers}","0","""default""","""none""","0"
"{media 54}","{citizen 19}","[141 141 141 255]","""""","9.9","false","{breed subscribers}","0","""default""","""none""","0"
"{media 54}","{citizen 20}","[141 141 141 255]","""""","9.9","false","{breed subscribers}","0","""default""","""none""","0"
"{media 54}","{citizen 21}","[141 141 141 255]","""""","9.9","false","{breed subscribers}","0","""default""","""none""","0"
"{media 54}","{citizen 22}","[141 141 141 255]","""""","9.9","false","{breed subscribers}","0","""default""","""none""","0"
"{media 54}","{citizen 23}","[141 141 141 255]","""""","9.9","false","{breed subscribers}","0","""default""","""none""","0"
"{media 54}","{citizen 24}","[141 141 141 255]","""""","9.9","false","{breed subscribers}","0","""default""","""none""","0"
"{media 54}","{citizen 25}","[141 141 141 255]","""""","9.9","false","{breed subscribers}","0","""default""","""none""","0"
"{media 54}","{citizen 26}","[141 141 141 255]","""""","9.9","false","{breed subscribers}","0","""default""","""none""","0"
"{media 54}","{citizen 27}","[141 141 141 255]","""""","9.9","false","{breed subscribers}","0","""default""","""none""","0"
"{media 54}","{citizen 28}","[141 141 141 255]","""""","9.9","false","{breed subscribers}","0","""default""","""none""","0"
"{media 54}","{citizen 29}","[141 141 141 255]","""""","9.9","false","{breed subscribers}","0","""default""","""none""","0"
"{media 54}","{citizen 30}","[141 141 141 255]","""""","9.9","false","{breed subscribers}","0","""default""","""none""","0"
"{media 54}","{citizen 31}","[141 141 141 255]","""""","9.9","false","{breed subscribers}","0","""default""","""none""","0"
"{media 54}","{citizen 32}","[141 141 141 255]","""""","9.9","false","{breed subscribers}","0","""default""","""none""","0"
"{media 54}","{citizen 33}","[141 141 141 255]","""""","9.9","false","{breed subscribers}","0","""default""","""none""","0"
"{media 54}","{citizen 34}","[141 141 141 255]","""""","9.9","false","{breed subscribers}","0","""default""","""none""","0"
"{media 54}","{citizen 35}","[141 141 141 255]","""""","9.9","false","{breed subscribers}","0","""default""","""none""","0"
"{media 54}","{citizen 36}","[141 141 141 255]","""""","9.9","false","{breed subscribers}","0","""default""","""none""","0"
"{media 54}","{citizen 37}","[141 141 141 255]","""""","9.9","false","{breed subscribers}","0","""default""","""none""","0"
"{media 54}","{citizen 38}","[141 141 141 255]","""""","9.9","false","{breed subscribers}","0","""default""","""none""","0"
"{media 54}","{citizen 39}","[141 141 141 255]","""""","9.9","false","{breed subscribers}","0","""default""","""none""","0"
"{media 54}","{citizen 40}","[141 141 141 255]","""""","9.9","false","{breed subscribers}","0","""default""","""none""","0"
"{media 54}","{citizen 41}","[141 141 141 255]","""""","9.9","false","{breed subscribers}","0","""default""","""none""","0"
"{media 54}","{citizen 42}","[141 141 141 255]","""""","9.9","false","{breed subscribers}","0","""default""","""none""","0"
"{media 54}","{citizen 43}","[141 141 141 255]","""""","9.9","false","{breed subscribers}","0","""default""","""none""","0"
"{media 54}","{citizen 44}","[141 141 141 255]","""""","9.9","false","{breed subscribers}","0","""default""","""none""","0"
"{media 54}","{citizen 45}","[141 141 141 255]","""""","9.9","false","{breed subscribers}","0","""default""","""none""","0"
"{media 54}","{citizen 46}","[141 141 141 255]","""""","9.9","false","{breed subscribers}","0","""default""","""none""","0"
"{media 54}","{citizen 47}","[141 141 141 255]","""""","9.9","false","{breed subscribers}","0","""default""","""none""","0"
"{media 54}","{citizen 48}","[141 141 141 255]","""""","9.9","false","{breed subscribers}","0","""default""","""none""","0"
"{media 54}","{citizen 49}","[141 141 141 255]","""""","9.9","false","{breed subscribers}","0","""default""","""none""","0"
"{media 55}","{citizen 0}","[141 141 141 255]","""""","9.9","false","{breed subscribers}","0","""default""","""none""","0"
"{media 55}","{citizen 1}","[141 141 141 255]","""""","9.9","false","{breed subscribers}","0","""default""","""none""","0"
"{media 55}","{citizen 2}","[141 141 141 255]","""""","9.9","false","{breed subscribers}","0","""default""","""none""","0"
"{media 55}","{citizen 3}","[141 141 141 255]","""""","9.9","false","{breed subscribers}","0","""default""","""none""","0"
"{media 55}","{citizen 4}","[141 141 141 255]","""""","9.9","false","{breed subscribers}","0","""default""","""none""","0"
"{media 55}","{citizen 5}","[141 141 141 255]","""""","9.9","false","{breed subscribers}","0","""default""","""none""","0"
"{media 55}","{citizen 6}","[141 141 141 255]","""""","9.9","false","{breed subscribers}","0","""default""","""none""","0"
"{media 55}","{citizen 7}","[141 141 141 255]","""""","9.9","false","{breed subscribers}","0","""default""","""none""","0"
"{media 55}","{citizen 8}","[141 141 141 255]","""""","9.9","false","{breed subscribers}","0","""default""","""none""","0"
"{media 55}","{citizen 9}","[141 141 141 255]","""""","9.9","false","{breed subscribers}","0","""default""","""none""","0"
"{media 55}","{citizen 10}","[141 141 141 255]","""""","9.9","false","{breed subscribers}","0","""default""","""none""","0"
"{media 55}","{citizen 11}","[141 141 141 255]","""""","9.9","false","{breed subscribers}","0","""default""","""none""","0"
"{media 55}","{citizen 12}","[141 141 141 255]","""""","9.9","false","{breed subscribers}","0","""default""","""none""","0"
"{media 55}","{citizen 13}","[141 141 141 255]","""""","9.9","false","{breed subscribers}","0","""default""","""none""","0"
"{media 55}","{citizen 14}","[141 141 141 255]","""""","9.9","false","{breed subscribers}","0","""default""","""none""","0"
"{media 55}","{citizen 15}","[141 141 141 255]","""""","9.9","false","{breed subscribers}","0","""default""","""none""","0"
"{media 55}","{citizen 16}","[141 141 141 255]","""""","9.9","false","{breed subscribers}","0","""default""","""none""","0"
"{media 55}","{citizen 17}","[141 141 141 255]","""""","9.9","false","{breed subscribers}","0","""default""","""none""","0"
"{media 55}","{citizen 18}","[141 141 141 255]","""""","9.9","false","{breed subscribers}","0","""default""","""none""","0"
"{media 55}","{citizen 19}","[141 141 141 255]","""""","9.9","false","{breed subscribers}","0","""default""","""none""","0"
"{media 55}","{citizen 20}","[141 141 141 255]","""""","9.9","false","{breed subscribers}","0","""default""","""none""","0"
"{media 55}","{citizen 21}","[141 141 141 255]","""""","9.9","false","{breed subscribers}","0","""default""","""none""","0"
"{media 55}","{citizen 22}","[141 141 141 255]","""""","9.9","false","{breed subscribers}","0","""default""","""none""","0"
"{media 55}","{citizen 23}","[141 141 141 255]","""""","9.9","false","{breed subscribers}","0","""default""","""none""","0"
"{media 55}","{citizen 24}","[141 141 141 255]","""""","9.9","false","{breed subscribers}","0","""default""","""none""","0"
"{media 55}","{citizen 25}","[141 141 141 255]","""""","9.9","false","{breed subscribers}","0","""default""","""none""","0"
"{media 55}","{citizen 26}","[141 141 141 255]","""""","9.9","false","{breed subscribers}","0","""default""","""none""","0"
"{media 55}","{citizen 27}","[141 141 141 255]","""""","9.9","false","{breed subscribers}","0","""default""","""none""","0"
"{media 55}","{citizen 28}","[141 141 141 255]","""""","9.9","false","{breed subscribers}","0","""default""","""none""","0"
"{media 55}","{citizen 29}","[141 141 141 255]","""""","9.9","false","{breed subscribers}","0","""default""","""none""","0"
"{media 55}","{citizen 30}","[141 141 141 255]","""""","9.9","false","{breed subscribers}","0","""default""","""none""","0"
"{media 55}","{citizen 31}","[141 141 141 255]","""""","9.9","false","{breed subscribers}","0","""default""","""none""","0"
"{media 55}","{citizen 32}","[141 141 141 255]","""""","9.9","false","{breed subscribers}","0","""default""","""none""","0"
"{media 55}","{citizen 33}","[141 141 141 255]","""""","9.9","false","{breed subscribers}","0","""default""","""none""","0"
"{media 55}","{citizen 34}","[141 141 141 255]","""""","9.9","false","{breed subscribers}","0","""default""","""none""","0"
"{media 55}","{citizen 35}","[141 141 141 255]","""""","9.9","false","{breed subscribers}","0","""default""","""none""","0"
"{media 55}","{citizen 36}","[141 141 141 255]","""""","9.9","false","{breed subscribers}","0","""default""","""none""","0"
"{media 55}","{citizen 37}","[141 141 141 255]","""""","9.9","false","{breed subscribers}","0","""default""","""none""","0"
"{media 55}","{citizen 38}","[141 141 141 255]","""""","9.9","false","{breed subscribers}","0","""default""","""none""","0"
"{media 55}","{citizen 39}","[141 141 141 255]","""""","9.9","false","{breed subscribers}","0","""default""","""none""","0"
"{media 55}","{citizen 40}","[141 141 141 255]","""""","9.9","false","{breed subscribers}","0","""default""","""none""","0"
"{media 55}","{citizen 41}","[141 141 141 255]","""""","9.9","false","{breed subscribers}","0","""default""","""none""","0"
"{media 55}","{citizen 42}","[141 141 141 255]","""""","9.9","false","{breed subscribers}","0","""default""","""none""","0"
"{media 55}","{citizen 43}","[141 141 141 255]","""""","9.9","false","{breed subscribers}","0","""default""","""none""","0"
"{media 55}","{citizen 44}","[141 141 141 255]","""""","9.9","false","{breed subscribers}","0","""default""","""none""","0"
"{media 55}","{citizen 45}","[141 141 141 255]","""""","9.9","false","{breed subscribers}","0","""default""","""none""","0"
"{media 55}","{citizen 46}","[141 141 141 255]","""""","9.9","false","{breed subscribers}","0","""default""","""none""","0"
"{media 55}","{citizen 47}","[141 141 141 255]","""""","9.9","false","{breed subscribers}","0","""default""","""none""","0"
"{media 55}","{citizen 48}","[141 141 141 255]","""""","9.9","false","{breed subscribers}","0","""default""","""none""","0"
"{media 55}","{citizen 49}","[141 141 141 255]","""""","9.9","false","{breed subscribers}","0","""default""","""none""","0"
"{media 56}","{citizen 0}","[141 141 141 255]","""""","9.9","false","{breed subscribers}","0","""default""","""none""","0"
"{media 56}","{citizen 1}","[141 141 141 255]","""""","9.9","false","{breed subscribers}","0","""default""","""none""","0"
"{media 56}","{citizen 2}","[141 141 141 255]","""""","9.9","false","{breed subscribers}","0","""default""","""none""","0"
"{media 56}","{citizen 3}","[141 141 141 255]","""""","9.9","false","{breed subscribers}","0","""default""","""none""","0"
"{media 56}","{citizen 4}","[141 141 141 255]","""""","9.9","false","{breed subscribers}","0","""default""","""none""","0"
"{media 56}","{citizen 5}","[141 141 141 255]","""""","9.9","false","{breed subscribers}","0","""default""","""none""","0"
"{media 56}","{citizen 6}","[141 141 141 255]","""""","9.9","false","{breed subscribers}","0","""default""","""none""","0"
"{media 56}","{citizen 7}","[141 141 141 255]","""""","9.9","false","{breed subscribers}","0","""default""","""none""","0"
"{media 56}","{citizen 8}","[141 141 141 255]","""""","9.9","false","{breed subscribers}","0","""default""","""none""","0"
"{media 56}","{citizen 9}","[141 141 141 255]","""""","9.9","false","{breed subscribers}","0","""default""","""none""","0"
"{media 56}","{citizen 10}","[141 141 141 255]","""""","9.9","false","{breed subscribers}","0","""default""","""none""","0"
"{media 56}","{citizen 11}","[141 141 141 255]","""""","9.9","false","{breed subscribers}","0","""default""","""none""","0"
"{media 56}","{citizen 12}","[141 141 141 255]","""""","9.9","false","{breed subscribers}","0","""default""","""none""","0"
"{media 56}","{citizen 13}","[141 141 141 255]","""""","9.9","false","{breed subscribers}","0","""default""","""none""","0"
"{media 56}","{citizen 14}","[141 141 141 255]","""""","9.9","false","{breed subscribers}","0","""default""","""none""","0"
"{media 56}","{citizen 15}","[141 141 141 255]","""""","9.9","false","{breed subscribers}","0","""default""","""none""","0"
"{media 56}","{citizen 16}","[141 141 141 255]","""""","9.9","false","{breed subscribers}","0","""default""","""none""","0"
"{media 56}","{citizen 17}","[141 141 141 255]","""""","9.9","false","{breed subscribers}","0","""default""","""none""","0"
"{media 56}","{citizen 18}","[141 141 141 255]","""""","9.9","false","{breed subscribers}","0","""default""","""none""","0"
"{media 56}","{citizen 19}","[141 141 141 255]","""""","9.9","false","{breed subscribers}","0","""default""","""none""","0"
"{media 56}","{citizen 20}","[141 141 141 255]","""""","9.9","false","{breed subscribers}","0","""default""","""none""","0"
"{media 56}","{citizen 21}","[141 141 141 255]","""""","9.9","false","{breed subscribers}","0","""default""","""none""","0"
"{media 56}","{citizen 22}","[141 141 141 255]","""""","9.9","false","{breed subscribers}","0","""default""","""none""","0"
"{media 56}","{citizen 23}","[141 141 141 255]","""""","9.9","false","{breed subscribers}","0","""default""","""none""","0"
"{media 56}","{citizen 24}","[141 141 141 255]","""""","9.9","false","{breed subscribers}","0","""default""","""none""","0"
"{media 56}","{citizen 25}","[141 141 141 255]","""""","9.9","false","{breed subscribers}","0","""default""","""none""","0"
"{media 56}","{citizen 26}","[141 141 141 255]","""""","9.9","false","{breed subscribers}","0","""default""","""none""","0"
"{media 56}","{citizen 27}","[141 141 141 255]","""""","9.9","false","{breed subscribers}","0","""default""","""none""","0"
"{media 56}","{citizen 28}","[141 141 141 255]","""""","9.9","false","{breed subscribers}","0","""default""","""none""","0"
"{media 56}","{citizen 29}","[141 141 141 255]","""""","9.9","false","{breed subscribers}","0","""default""","""none""","0"
"{media 56}","{citizen 30}","[141 141 141 255]","""""","9.9","false","{breed subscribers}","0","""default""","""none""","0"
"{media 56}","{citizen 31}","[141 141 141 255]","""""","9.9","false","{breed subscribers}","0","""default""","""none""","0"
"{media 56}","{citizen 32}","[141 141 141 255]","""""","9.9","false","{breed subscribers}","0","""default""","""none""","0"
"{media 56}","{citizen 33}","[141 141 141 255]","""""","9.9","false","{breed subscribers}","0","""default""","""none""","0"
"{media 56}","{citizen 34}","[141 141 141 255]","""""","9.9","false","{breed subscribers}","0","""default""","""none""","0"
"{media 56}","{citizen 35}","[141 141 141 255]","""""","9.9","false","{breed subscribers}","0","""default""","""none""","0"
"{media 56}","{citizen 36}","[141 141 141 255]","""""","9.9","false","{breed subscribers}","0","""default""","""none""","0"
"{media 56}","{citizen 37}","[141 141 141 255]","""""","9.9","false","{breed subscribers}","0","""default""","""none""","0"
"{media 56}","{citizen 38}","[141 141 141 255]","""""","9.9","false","{breed subscribers}","0","""default""","""none""","0"
"{media 56}","{citizen 39}","[141 141 141 255]","""""","9.9","false","{breed subscribers}","0","""default""","""none""","0"
"{media 56}","{citizen 40}","[141 141 141 255]","""""","9.9","false","{breed subscribers}","0","""default""","""none""","0"
"{media 56}","{citizen 41}","[141 141 141 255]","""""","9.9","false","{breed subscribers}","0","""default""","""none""","0"
"{media 56}","{citizen 42}","[141 141 141 255]","""""","9.9","false","{breed subscribers}","0","""default""","""none""","0"
"{media 56}","{citizen 43}","[141 141 141 255]","""""","9.9","false","{breed subscribers}","0","""default""","""none""","0"
"{media 56}","{citizen 44}","[141 141 141 255]","""""","9.9","false","{breed subscribers}","0","""default""","""none""","0"
"{media 56}","{citizen 45}","[141 141 141 255]","""""","9.9","false","{breed subscribers}","0","""default""","""none""","0"
"{media 56}","{citizen 46}","[141 141 141 255]","""""","9.9","false","{breed subscribers}","0","""default""","""none""","0"
"{media 56}","{citizen 47}","[141 141 141 255]","""""","9.9","false","{breed subscribers}","0","""default""","""none""","0"
"{media 56}","{citizen 48}","[141 141 141 255]","""""","9.9","false","{breed subscribers}","0","""default""","""none""","0"
"{media 56}","{citizen 49}","[141 141 141 255]","""""","9.9","false","{breed subscribers}","0","""default""","""none""","0"
"{media 57}","{citizen 0}","[141 141 141 255]","""""","9.9","false","{breed subscribers}","0","""default""","""none""","0"
"{media 57}","{citizen 1}","[141 141 141 255]","""""","9.9","false","{breed subscribers}","0","""default""","""none""","0"
"{media 57}","{citizen 2}","[141 141 141 255]","""""","9.9","false","{breed subscribers}","0","""default""","""none""","0"
"{media 57}","{citizen 3}","[141 141 141 255]","""""","9.9","false","{breed subscribers}","0","""default""","""none""","0"
"{media 57}","{citizen 4}","[141 141 141 255]","""""","9.9","false","{breed subscribers}","0","""default""","""none""","0"
"{media 57}","{citizen 5}","[141 141 141 255]","""""","9.9","false","{breed subscribers}","0","""default""","""none""","0"
"{media 57}","{citizen 6}","[141 141 141 255]","""""","9.9","false","{breed subscribers}","0","""default""","""none""","0"
"{media 57}","{citizen 7}","[141 141 141 255]","""""","9.9","false","{breed subscribers}","0","""default""","""none""","0"
"{media 57}","{citizen 8}","[141 141 141 255]","""""","9.9","false","{breed subscribers}","0","""default""","""none""","0"
"{media 57}","{citizen 9}","[141 141 141 255]","""""","9.9","false","{breed subscribers}","0","""default""","""none""","0"
"{media 57}","{citizen 10}","[141 141 141 255]","""""","9.9","false","{breed subscribers}","0","""default""","""none""","0"
"{media 57}","{citizen 11}","[141 141 141 255]","""""","9.9","false","{breed subscribers}","0","""default""","""none""","0"
"{media 57}","{citizen 12}","[141 141 141 255]","""""","9.9","false","{breed subscribers}","0","""default""","""none""","0"
"{media 57}","{citizen 13}","[141 141 141 255]","""""","9.9","false","{breed subscribers}","0","""default""","""none""","0"
"{media 57}","{citizen 14}","[141 141 141 255]","""""","9.9","false","{breed subscribers}","0","""default""","""none""","0"
"{media 57}","{citizen 15}","[141 141 141 255]","""""","9.9","false","{breed subscribers}","0","""default""","""none""","0"
"{media 57}","{citizen 16}","[141 141 141 255]","""""","9.9","false","{breed subscribers}","0","""default""","""none""","0"
"{media 57}","{citizen 17}","[141 141 141 255]","""""","9.9","false","{breed subscribers}","0","""default""","""none""","0"
"{media 57}","{citizen 18}","[141 141 141 255]","""""","9.9","false","{breed subscribers}","0","""default""","""none""","0"
"{media 57}","{citizen 19}","[141 141 141 255]","""""","9.9","false","{breed subscribers}","0","""default""","""none""","0"
"{media 57}","{citizen 20}","[141 141 141 255]","""""","9.9","false","{breed subscribers}","0","""default""","""none""","0"
"{media 57}","{citizen 21}","[141 141 141 255]","""""","9.9","false","{breed subscribers}","0","""default""","""none""","0"
"{media 57}","{citizen 22}","[141 141 141 255]","""""","9.9","false","{breed subscribers}","0","""default""","""none""","0"
"{media 57}","{citizen 23}","[141 141 141 255]","""""","9.9","false","{breed subscribers}","0","""default""","""none""","0"
"{media 57}","{citizen 24}","[141 141 141 255]","""""","9.9","false","{breed subscribers}","0","""default""","""none""","0"
"{media 57}","{citizen 25}","[141 141 141 255]","""""","9.9","false","{breed subscribers}","0","""default""","""none""","0"
"{media 57}","{citizen 26}","[141 141 141 255]","""""","9.9","false","{breed subscribers}","0","""default""","""none""","0"
"{media 57}","{citizen 27}","[141 141 141 255]","""""","9.9","false","{breed subscribers}","0","""default""","""none""","0"
"{media 57}","{citizen 28}","[141 141 141 255]","""""","9.9","false","{breed subscribers}","0","""default""","""none""","0"
"{media 57}","{citizen 29}","[141 141 141 255]","""""","9.9","false","{breed subscribers}","0","""default""","""none""","0"
"{media 57}","{citizen 30}","[141 141 141 255]","""""","9.9","false","{breed subscribers}","0","""default""","""none""","0"
"{media 57}","{citizen 31}","[141 141 141 255]","""""","9.9","false","{breed subscribers}","0","""default""","""none""","0"
"{media 57}","{citizen 32}","[141 141 141 255]","""""","9.9","false","{breed subscribers}","0","""default""","""none""","0"
"{media 57}","{citizen 33}","[141 141 141 255]","""""","9.9","false","{breed subscribers}","0","""default""","""none""","0"
"{media 57}","{citizen 34}","[141 141 141 255]","""""","9.9","false","{breed subscribers}","0","""default""","""none""","0"
"{media 57}","{citizen 35}","[141 141 141 255]","""""","9.9","false","{breed subscribers}","0","""default""","""none""","0"
"{media 57}","{citizen 36}","[141 141 141 255]","""""","9.9","false","{breed subscribers}","0","""default""","""none""","0"
"{media 57}","{citizen 37}","[141 141 141 255]","""""","9.9","false","{breed subscribers}","0","""default""","""none""","0"
"{media 57}","{citizen 38}","[141 141 141 255]","""""","9.9","false","{breed subscribers}","0","""default""","""none""","0"
"{media 57}","{citizen 39}","[141 141 141 255]","""""","9.9","false","{breed subscribers}","0","""default""","""none""","0"
"{media 57}","{citizen 40}","[141 141 141 255]","""""","9.9","false","{breed subscribers}","0","""default""","""none""","0"
"{media 57}","{citizen 41}","[141 141 141 255]","""""","9.9","false","{breed subscribers}","0","""default""","""none""","0"
"{media 57}","{citizen 42}","[141 141 141 255]","""""","9.9","false","{breed subscribers}","0","""default""","""none""","0"
"{media 57}","{citizen 43}","[141 141 141 255]","""""","9.9","false","{breed subscribers}","0","""default""","""none""","0"
"{media 57}","{citizen 44}","[141 141 141 255]","""""","9.9","false","{breed subscribers}","0","""default""","""none""","0"
"{media 57}","{citizen 45}","[141 141 141 255]","""""","9.9","false","{breed subscribers}","0","""default""","""none""","0"
"{media 57}","{citizen 46}","[141 141 141 255]","""""","9.9","false","{breed subscribers}","0","""default""","""none""","0"
"{media 57}","{citizen 47}","[141 141 141 255]","""""","9.9","false","{breed subscribers}","0","""default""","""none""","0"
"{media 57}","{citizen 48}","[141 141 141 255]","""""","9.9","false","{breed subscribers}","0","""default""","""none""","0"
"{media 57}","{citizen 49}","[141 141 141 255]","""""","9.9","false","{breed subscribers}","0","""default""","""none""","0"
"{media 58}","{citizen 0}","[141 141 141 255]","""""","9.9","false","{breed subscribers}","0","""default""","""none""","0"
"{media 58}","{citizen 1}","[141 141 141 255]","""""","9.9","false","{breed subscribers}","0","""default""","""none""","0"
"{media 58}","{citizen 5}","[141 141 141 255]","""""","9.9","false","{breed subscribers}","0","""default""","""none""","0"
"{media 58}","{citizen 6}","[141 141 141 255]","""""","9.9","false","{breed subscribers}","0","""default""","""none""","0"
"{media 58}","{citizen 7}","[141 141 141 255]","""""","9.9","false","{breed subscribers}","0","""default""","""none""","0"
"{media 58}","{citizen 10}","[141 141 141 255]","""""","9.9","false","{breed subscribers}","0","""default""","""none""","0"
"{media 58}","{citizen 14}","[141 141 141 255]","""""","9.9","false","{breed subscribers}","0","""default""","""none""","0"
"{media 58}","{citizen 16}","[141 141 141 255]","""""","9.9","false","{breed subscribers}","0","""default""","""none""","0"
"{media 58}","{citizen 17}","[141 141 141 255]","""""","9.9","false","{breed subscribers}","0","""default""","""none""","0"
"{media 58}","{citizen 18}","[141 141 141 255]","""""","9.9","false","{breed subscribers}","0","""default""","""none""","0"
"{media 58}","{citizen 19}","[141 141 141 255]","""""","9.9","false","{breed subscribers}","0","""default""","""none""","0"
"{media 58}","{citizen 22}","[141 141 141 255]","""""","9.9","false","{breed subscribers}","0","""default""","""none""","0"
"{media 58}","{citizen 23}","[141 141 141 255]","""""","9.9","false","{breed subscribers}","0","""default""","""none""","0"
"{media 58}","{citizen 24}","[141 141 141 255]","""""","9.9","false","{breed subscribers}","0","""default""","""none""","0"
"{media 58}","{citizen 25}","[141 141 141 255]","""""","9.9","false","{breed subscribers}","0","""default""","""none""","0"
"{media 58}","{citizen 26}","[141 141 141 255]","""""","9.9","false","{breed subscribers}","0","""default""","""none""","0"
"{media 58}","{citizen 27}","[141 141 141 255]","""""","9.9","false","{breed subscribers}","0","""default""","""none""","0"
"{media 58}","{citizen 29}","[141 141 141 255]","""""","9.9","false","{breed subscribers}","0","""default""","""none""","0"
"{media 58}","{citizen 30}","[141 141 141 255]","""""","9.9","false","{breed subscribers}","0","""default""","""none""","0"
"{media 58}","{citizen 38}","[141 141 141 255]","""""","9.9","false","{breed subscribers}","0","""default""","""none""","0"
"{media 58}","{citizen 43}","[141 141 141 255]","""""","9.9","false","{breed subscribers}","0","""default""","""none""","0"
"{media 59}","{citizen 0}","[141 141 141 255]","""""","9.9","false","{breed subscribers}","0","""default""","""none""","0"
"{media 59}","{citizen 1}","[141 141 141 255]","""""","9.9","false","{breed subscribers}","0","""default""","""none""","0"
"{media 59}","{citizen 2}","[141 141 141 255]","""""","9.9","false","{breed subscribers}","0","""default""","""none""","0"
"{media 59}","{citizen 3}","[141 141 141 255]","""""","9.9","false","{breed subscribers}","0","""default""","""none""","0"
"{media 59}","{citizen 4}","[141 141 141 255]","""""","9.9","false","{breed subscribers}","0","""default""","""none""","0"
"{media 59}","{citizen 5}","[141 141 141 255]","""""","9.9","false","{breed subscribers}","0","""default""","""none""","0"
"{media 59}","{citizen 6}","[141 141 141 255]","""""","9.9","false","{breed subscribers}","0","""default""","""none""","0"
"{media 59}","{citizen 7}","[141 141 141 255]","""""","9.9","false","{breed subscribers}","0","""default""","""none""","0"
"{media 59}","{citizen 8}","[141 141 141 255]","""""","9.9","false","{breed subscribers}","0","""default""","""none""","0"
"{media 59}","{citizen 9}","[141 141 141 255]","""""","9.9","false","{breed subscribers}","0","""default""","""none""","0"
"{media 59}","{citizen 10}","[141 141 141 255]","""""","9.9","false","{breed subscribers}","0","""default""","""none""","0"
"{media 59}","{citizen 11}","[141 141 141 255]","""""","9.9","false","{breed subscribers}","0","""default""","""none""","0"
"{media 59}","{citizen 12}","[141 141 141 255]","""""","9.9","false","{breed subscribers}","0","""default""","""none""","0"
"{media 59}","{citizen 13}","[141 141 141 255]","""""","9.9","false","{breed subscribers}","0","""default""","""none""","0"
"{media 59}","{citizen 14}","[141 141 141 255]","""""","9.9","false","{breed subscribers}","0","""default""","""none""","0"
"{media 59}","{citizen 15}","[141 141 141 255]","""""","9.9","false","{breed subscribers}","0","""default""","""none""","0"
"{media 59}","{citizen 16}","[141 141 141 255]","""""","9.9","false","{breed subscribers}","0","""default""","""none""","0"
"{media 59}","{citizen 17}","[141 141 141 255]","""""","9.9","false","{breed subscribers}","0","""default""","""none""","0"
"{media 59}","{citizen 18}","[141 141 141 255]","""""","9.9","false","{breed subscribers}","0","""default""","""none""","0"
"{media 59}","{citizen 19}","[141 141 141 255]","""""","9.9","false","{breed subscribers}","0","""default""","""none""","0"
"{media 59}","{citizen 20}","[141 141 141 255]","""""","9.9","false","{breed subscribers}","0","""default""","""none""","0"
"{media 59}","{citizen 21}","[141 141 141 255]","""""","9.9","false","{breed subscribers}","0","""default""","""none""","0"
"{media 59}","{citizen 22}","[141 141 141 255]","""""","9.9","false","{breed subscribers}","0","""default""","""none""","0"
"{media 59}","{citizen 23}","[141 141 141 255]","""""","9.9","false","{breed subscribers}","0","""default""","""none""","0"
"{media 59}","{citizen 24}","[141 141 141 255]","""""","9.9","false","{breed subscribers}","0","""default""","""none""","0"
"{media 59}","{citizen 25}","[141 141 141 255]","""""","9.9","false","{breed subscribers}","0","""default""","""none""","0"
"{media 59}","{citizen 26}","[141 141 141 255]","""""","9.9","false","{breed subscribers}","0","""default""","""none""","0"
"{media 59}","{citizen 27}","[141 141 141 255]","""""","9.9","false","{breed subscribers}","0","""default""","""none""","0"
"{media 59}","{citizen 28}","[141 141 141 255]","""""","9.9","false","{breed subscribers}","0","""default""","""none""","0"
"{media 59}","{citizen 29}","[141 141 141 255]","""""","9.9","false","{breed subscribers}","0","""default""","""none""","0"
"{media 59}","{citizen 30}","[141 141 141 255]","""""","9.9","false","{breed subscribers}","0","""default""","""none""","0"
"{media 59}","{citizen 31}","[141 141 141 255]","""""","9.9","false","{breed subscribers}","0","""default""","""none""","0"
"{media 59}","{citizen 32}","[141 141 141 255]","""""","9.9","false","{breed subscribers}","0","""default""","""none""","0"
"{media 59}","{citizen 33}","[141 141 141 255]","""""","9.9","false","{breed subscribers}","0","""default""","""none""","0"
"{media 59}","{citizen 34}","[141 141 141 255]","""""","9.9","false","{breed subscribers}","0","""default""","""none""","0"
"{media 59}","{citizen 35}","[141 141 141 255]","""""","9.9","false","{breed subscribers}","0","""default""","""none""","0"
"{media 59}","{citizen 36}","[141 141 141 255]","""""","9.9","false","{breed subscribers}","0","""default""","""none""","0"
"{media 59}","{citizen 37}","[141 141 141 255]","""""","9.9","false","{breed subscribers}","0","""default""","""none""","0"
"{media 59}","{citizen 38}","[141 141 141 255]","""""","9.9","false","{breed subscribers}","0","""default""","""none""","0"
"{media 59}","{citizen 39}","[141 141 141 255]","""""","9.9","false","{breed subscribers}","0","""default""","""none""","0"
"{media 59}","{citizen 40}","[141 141 141 255]","""""","9.9","false","{breed subscribers}","0","""default""","""none""","0"
"{media 59}","{citizen 41}","[141 141 141 255]","""""","9.9","false","{breed subscribers}","0","""default""","""none""","0"
"{media 59}","{citizen 42}","[141 141 141 255]","""""","9.9","false","{breed subscribers}","0","""default""","""none""","0"
"{media 59}","{citizen 43}","[141 141 141 255]","""""","9.9","false","{breed subscribers}","0","""default""","""none""","0"
"{media 59}","{citizen 44}","[141 141 141 255]","""""","9.9","false","{breed subscribers}","0","""default""","""none""","0"
"{media 59}","{citizen 45}","[141 141 141 255]","""""","9.9","false","{breed subscribers}","0","""default""","""none""","0"
"{media 59}","{citizen 46}","[141 141 141 255]","""""","9.9","false","{breed subscribers}","0","""default""","""none""","0"
"{media 59}","{citizen 47}","[141 141 141 255]","""""","9.9","false","{breed subscribers}","0","""default""","""none""","0"
"{media 59}","{citizen 48}","[141 141 141 255]","""""","9.9","false","{breed subscribers}","0","""default""","""none""","0"
"{media 59}","{citizen 49}","[141 141 141 255]","""""","9.9","false","{breed subscribers}","0","""default""","""none""","0"
"{media 60}","{citizen 0}","[141 141 141 255]","""""","9.9","false","{breed subscribers}","0","""default""","""none""","0"
"{media 60}","{citizen 1}","[141 141 141 255]","""""","9.9","false","{breed subscribers}","0","""default""","""none""","0"
"{media 60}","{citizen 2}","[141 141 141 255]","""""","9.9","false","{breed subscribers}","0","""default""","""none""","0"
"{media 60}","{citizen 3}","[141 141 141 255]","""""","9.9","false","{breed subscribers}","0","""default""","""none""","0"
"{media 60}","{citizen 4}","[141 141 141 255]","""""","9.9","false","{breed subscribers}","0","""default""","""none""","0"
"{media 60}","{citizen 5}","[141 141 141 255]","""""","9.9","false","{breed subscribers}","0","""default""","""none""","0"
"{media 60}","{citizen 6}","[141 141 141 255]","""""","9.9","false","{breed subscribers}","0","""default""","""none""","0"
"{media 60}","{citizen 7}","[141 141 141 255]","""""","9.9","false","{breed subscribers}","0","""default""","""none""","0"
"{media 60}","{citizen 8}","[141 141 141 255]","""""","9.9","false","{breed subscribers}","0","""default""","""none""","0"
"{media 60}","{citizen 9}","[141 141 141 255]","""""","9.9","false","{breed subscribers}","0","""default""","""none""","0"
"{media 60}","{citizen 10}","[141 141 141 255]","""""","9.9","false","{breed subscribers}","0","""default""","""none""","0"
"{media 60}","{citizen 11}","[141 141 141 255]","""""","9.9","false","{breed subscribers}","0","""default""","""none""","0"
"{media 60}","{citizen 12}","[141 141 141 255]","""""","9.9","false","{breed subscribers}","0","""default""","""none""","0"
"{media 60}","{citizen 13}","[141 141 141 255]","""""","9.9","false","{breed subscribers}","0","""default""","""none""","0"
"{media 60}","{citizen 14}","[141 141 141 255]","""""","9.9","false","{breed subscribers}","0","""default""","""none""","0"
"{media 60}","{citizen 15}","[141 141 141 255]","""""","9.9","false","{breed subscribers}","0","""default""","""none""","0"
"{media 60}","{citizen 16}","[141 141 141 255]","""""","9.9","false","{breed subscribers}","0","""default""","""none""","0"
"{media 60}","{citizen 17}","[141 141 141 255]","""""","9.9","false","{breed subscribers}","0","""default""","""none""","0"
"{media 60}","{citizen 18}","[141 141 141 255]","""""","9.9","false","{breed subscribers}","0","""default""","""none""","0"
"{media 60}","{citizen 19}","[141 141 141 255]","""""","9.9","false","{breed subscribers}","0","""default""","""none""","0"
"{media 60}","{citizen 20}","[141 141 141 255]","""""","9.9","false","{breed subscribers}","0","""default""","""none""","0"
"{media 60}","{citizen 21}","[141 141 141 255]","""""","9.9","false","{breed subscribers}","0","""default""","""none""","0"
"{media 60}","{citizen 22}","[141 141 141 255]","""""","9.9","false","{breed subscribers}","0","""default""","""none""","0"
"{media 60}","{citizen 23}","[141 141 141 255]","""""","9.9","false","{breed subscribers}","0","""default""","""none""","0"
"{media 60}","{citizen 24}","[141 141 141 255]","""""","9.9","false","{breed subscribers}","0","""default""","""none""","0"
"{media 60}","{citizen 25}","[141 141 141 255]","""""","9.9","false","{breed subscribers}","0","""default""","""none""","0"
"{media 60}","{citizen 26}","[141 141 141 255]","""""","9.9","false","{breed subscribers}","0","""default""","""none""","0"
"{media 60}","{citizen 27}","[141 141 141 255]","""""","9.9","false","{breed subscribers}","0","""default""","""none""","0"
"{media 60}","{citizen 28}","[141 141 141 255]","""""","9.9","false","{breed subscribers}","0","""default""","""none""","0"
"{media 60}","{citizen 29}","[141 141 141 255]","""""","9.9","false","{breed subscribers}","0","""default""","""none""","0"
"{media 60}","{citizen 30}","[141 141 141 255]","""""","9.9","false","{breed subscribers}","0","""default""","""none""","0"
"{media 60}","{citizen 31}","[141 141 141 255]","""""","9.9","false","{breed subscribers}","0","""default""","""none""","0"
"{media 60}","{citizen 32}","[141 141 141 255]","""""","9.9","false","{breed subscribers}","0","""default""","""none""","0"
"{media 60}","{citizen 33}","[141 141 141 255]","""""","9.9","false","{breed subscribers}","0","""default""","""none""","0"
"{media 60}","{citizen 34}","[141 141 141 255]","""""","9.9","false","{breed subscribers}","0","""default""","""none""","0"
"{media 60}","{citizen 35}","[141 141 141 255]","""""","9.9","false","{breed subscribers}","0","""default""","""none""","0"
"{media 60}","{citizen 36}","[141 141 141 255]","""""","9.9","false","{breed subscribers}","0","""default""","""none""","0"
"{media 60}","{citizen 37}","[141 141 141 255]","""""","9.9","false","{breed subscribers}","0","""default""","""none""","0"
"{media 60}","{citizen 38}","[141 141 141 255]","""""","9.9","false","{breed subscribers}","0","""default""","""none""","0"
"{media 60}","{citizen 39}","[141 141 141 255]","""""","9.9","false","{breed subscribers}","0","""default""","""none""","0"
"{media 60}","{citizen 40}","[141 141 141 255]","""""","9.9","false","{breed subscribers}","0","""default""","""none""","0"
"{media 60}","{citizen 41}","[141 141 141 255]","""""","9.9","false","{breed subscribers}","0","""default""","""none""","0"
"{media 60}","{citizen 42}","[141 141 141 255]","""""","9.9","false","{breed subscribers}","0","""default""","""none""","0"
"{media 60}","{citizen 43}","[141 141 141 255]","""""","9.9","false","{breed subscribers}","0","""default""","""none""","0"
"{media 60}","{citizen 44}","[141 141 141 255]","""""","9.9","false","{breed subscribers}","0","""default""","""none""","0"
"{media 60}","{citizen 45}","[141 141 141 255]","""""","9.9","false","{breed subscribers}","0","""default""","""none""","0"
"{media 60}","{citizen 46}","[141 141 141 255]","""""","9.9","false","{breed subscribers}","0","""default""","""none""","0"
"{media 60}","{citizen 47}","[141 141 141 255]","""""","9.9","false","{breed subscribers}","0","""default""","""none""","0"
"{media 60}","{citizen 48}","[141 141 141 255]","""""","9.9","false","{breed subscribers}","0","""default""","""none""","0"
"{media 60}","{citizen 49}","[141 141 141 255]","""""","9.9","false","{breed subscribers}","0","""default""","""none""","0"
"{media 61}","{citizen 0}","[141 141 141 255]","""""","9.9","false","{breed subscribers}","0","""default""","""none""","0"
"{media 61}","{citizen 1}","[141 141 141 255]","""""","9.9","false","{breed subscribers}","0","""default""","""none""","0"
"{media 61}","{citizen 2}","[141 141 141 255]","""""","9.9","false","{breed subscribers}","0","""default""","""none""","0"
"{media 61}","{citizen 3}","[141 141 141 255]","""""","9.9","false","{breed subscribers}","0","""default""","""none""","0"
"{media 61}","{citizen 4}","[141 141 141 255]","""""","9.9","false","{breed subscribers}","0","""default""","""none""","0"
"{media 61}","{citizen 5}","[141 141 141 255]","""""","9.9","false","{breed subscribers}","0","""default""","""none""","0"
"{media 61}","{citizen 6}","[141 141 141 255]","""""","9.9","false","{breed subscribers}","0","""default""","""none""","0"
"{media 61}","{citizen 7}","[141 141 141 255]","""""","9.9","false","{breed subscribers}","0","""default""","""none""","0"
"{media 61}","{citizen 8}","[141 141 141 255]","""""","9.9","false","{breed subscribers}","0","""default""","""none""","0"
"{media 61}","{citizen 9}","[141 141 141 255]","""""","9.9","false","{breed subscribers}","0","""default""","""none""","0"
"{media 61}","{citizen 10}","[141 141 141 255]","""""","9.9","false","{breed subscribers}","0","""default""","""none""","0"
"{media 61}","{citizen 11}","[141 141 141 255]","""""","9.9","false","{breed subscribers}","0","""default""","""none""","0"
"{media 61}","{citizen 12}","[141 141 141 255]","""""","9.9","false","{breed subscribers}","0","""default""","""none""","0"
"{media 61}","{citizen 13}","[141 141 141 255]","""""","9.9","false","{breed subscribers}","0","""default""","""none""","0"
"{media 61}","{citizen 14}","[141 141 141 255]","""""","9.9","false","{breed subscribers}","0","""default""","""none""","0"
"{media 61}","{citizen 15}","[141 141 141 255]","""""","9.9","false","{breed subscribers}","0","""default""","""none""","0"
"{media 61}","{citizen 16}","[141 141 141 255]","""""","9.9","false","{breed subscribers}","0","""default""","""none""","0"
"{media 61}","{citizen 17}","[141 141 141 255]","""""","9.9","false","{breed subscribers}","0","""default""","""none""","0"
"{media 61}","{citizen 18}","[141 141 141 255]","""""","9.9","false","{breed subscribers}","0","""default""","""none""","0"
"{media 61}","{citizen 19}","[141 141 141 255]","""""","9.9","false","{breed subscribers}","0","""default""","""none""","0"
"{media 61}","{citizen 20}","[141 141 141 255]","""""","9.9","false","{breed subscribers}","0","""default""","""none""","0"
"{media 61}","{citizen 21}","[141 141 141 255]","""""","9.9","false","{breed subscribers}","0","""default""","""none""","0"
"{media 61}","{citizen 22}","[141 141 141 255]","""""","9.9","false","{breed subscribers}","0","""default""","""none""","0"
"{media 61}","{citizen 23}","[141 141 141 255]","""""","9.9","false","{breed subscribers}","0","""default""","""none""","0"
"{media 61}","{citizen 24}","[141 141 141 255]","""""","9.9","false","{breed subscribers}","0","""default""","""none""","0"
"{media 61}","{citizen 25}","[141 141 141 255]","""""","9.9","false","{breed subscribers}","0","""default""","""none""","0"
"{media 61}","{citizen 26}","[141 141 141 255]","""""","9.9","false","{breed subscribers}","0","""default""","""none""","0"
"{media 61}","{citizen 27}","[141 141 141 255]","""""","9.9","false","{breed subscribers}","0","""default""","""none""","0"
"{media 61}","{citizen 28}","[141 141 141 255]","""""","9.9","false","{breed subscribers}","0","""default""","""none""","0"
"{media 61}","{citizen 29}","[141 141 141 255]","""""","9.9","false","{breed subscribers}","0","""default""","""none""","0"
"{media 61}","{citizen 30}","[141 141 141 255]","""""","9.9","false","{breed subscribers}","0","""default""","""none""","0"
"{media 61}","{citizen 31}","[141 141 141 255]","""""","9.9","false","{breed subscribers}","0","""default""","""none""","0"
"{media 61}","{citizen 32}","[141 141 141 255]","""""","9.9","false","{breed subscribers}","0","""default""","""none""","0"
"{media 61}","{citizen 33}","[141 141 141 255]","""""","9.9","false","{breed subscribers}","0","""default""","""none""","0"
"{media 61}","{citizen 34}","[141 141 141 255]","""""","9.9","false","{breed subscribers}","0","""default""","""none""","0"
"{media 61}","{citizen 35}","[141 141 141 255]","""""","9.9","false","{breed subscribers}","0","""default""","""none""","0"
"{media 61}","{citizen 36}","[141 141 141 255]","""""","9.9","false","{breed subscribers}","0","""default""","""none""","0"
"{media 61}","{citizen 37}","[141 141 141 255]","""""","9.9","false","{breed subscribers}","0","""default""","""none""","0"
"{media 61}","{citizen 38}","[141 141 141 255]","""""","9.9","false","{breed subscribers}","0","""default""","""none""","0"
"{media 61}","{citizen 39}","[141 141 141 255]","""""","9.9","false","{breed subscribers}","0","""default""","""none""","0"
"{media 61}","{citizen 40}","[141 141 141 255]","""""","9.9","false","{breed subscribers}","0","""default""","""none""","0"
"{media 61}","{citizen 41}","[141 141 141 255]","""""","9.9","false","{breed subscribers}","0","""default""","""none""","0"
"{media 61}","{citizen 42}","[141 141 141 255]","""""","9.9","false","{breed subscribers}","0","""default""","""none""","0"
"{media 61}","{citizen 43}","[141 141 141 255]","""""","9.9","false","{breed subscribers}","0","""default""","""none""","0"
"{media 61}","{citizen 44}","[141 141 141 255]","""""","9.9","false","{breed subscribers}","0","""default""","""none""","0"
"{media 61}","{citizen 45}","[141 141 141 255]","""""","9.9","false","{breed subscribers}","0","""default""","""none""","0"
"{media 61}","{citizen 46}","[141 141 141 255]","""""","9.9","false","{breed subscribers}","0","""default""","""none""","0"
"{media 61}","{citizen 47}","[141 141 141 255]","""""","9.9","false","{breed subscribers}","0","""default""","""none""","0"
"{media 61}","{citizen 48}","[141 141 141 255]","""""","9.9","false","{breed subscribers}","0","""default""","""none""","0"
"{media 61}","{citizen 49}","[141 141 141 255]","""""","9.9","false","{breed subscribers}","0","""default""","""none""","0"
"{media 62}","{citizen 0}","[141 141 141 255]","""""","9.9","false","{breed subscribers}","0","""default""","""none""","0"
"{media 62}","{citizen 1}","[141 141 141 255]","""""","9.9","false","{breed subscribers}","0","""default""","""none""","0"
"{media 62}","{citizen 2}","[141 141 141 255]","""""","9.9","false","{breed subscribers}","0","""default""","""none""","0"
"{media 62}","{citizen 3}","[141 141 141 255]","""""","9.9","false","{breed subscribers}","0","""default""","""none""","0"
"{media 62}","{citizen 4}","[141 141 141 255]","""""","9.9","false","{breed subscribers}","0","""default""","""none""","0"
"{media 62}","{citizen 5}","[141 141 141 255]","""""","9.9","false","{breed subscribers}","0","""default""","""none""","0"
"{media 62}","{citizen 6}","[141 141 141 255]","""""","9.9","false","{breed subscribers}","0","""default""","""none""","0"
"{media 62}","{citizen 7}","[141 141 141 255]","""""","9.9","false","{breed subscribers}","0","""default""","""none""","0"
"{media 62}","{citizen 8}","[141 141 141 255]","""""","9.9","false","{breed subscribers}","0","""default""","""none""","0"
"{media 62}","{citizen 9}","[141 141 141 255]","""""","9.9","false","{breed subscribers}","0","""default""","""none""","0"
"{media 62}","{citizen 10}","[141 141 141 255]","""""","9.9","false","{breed subscribers}","0","""default""","""none""","0"
"{media 62}","{citizen 11}","[141 141 141 255]","""""","9.9","false","{breed subscribers}","0","""default""","""none""","0"
"{media 62}","{citizen 12}","[141 141 141 255]","""""","9.9","false","{breed subscribers}","0","""default""","""none""","0"
"{media 62}","{citizen 13}","[141 141 141 255]","""""","9.9","false","{breed subscribers}","0","""default""","""none""","0"
"{media 62}","{citizen 14}","[141 141 141 255]","""""","9.9","false","{breed subscribers}","0","""default""","""none""","0"
"{media 62}","{citizen 15}","[141 141 141 255]","""""","9.9","false","{breed subscribers}","0","""default""","""none""","0"
"{media 62}","{citizen 16}","[141 141 141 255]","""""","9.9","false","{breed subscribers}","0","""default""","""none""","0"
"{media 62}","{citizen 17}","[141 141 141 255]","""""","9.9","false","{breed subscribers}","0","""default""","""none""","0"
"{media 62}","{citizen 18}","[141 141 141 255]","""""","9.9","false","{breed subscribers}","0","""default""","""none""","0"
"{media 62}","{citizen 19}","[141 141 141 255]","""""","9.9","false","{breed subscribers}","0","""default""","""none""","0"
"{media 62}","{citizen 20}","[141 141 141 255]","""""","9.9","false","{breed subscribers}","0","""default""","""none""","0"
"{media 62}","{citizen 21}","[141 141 141 255]","""""","9.9","false","{breed subscribers}","0","""default""","""none""","0"
"{media 62}","{citizen 22}","[141 141 141 255]","""""","9.9","false","{breed subscribers}","0","""default""","""none""","0"
"{media 62}","{citizen 23}","[141 141 141 255]","""""","9.9","false","{breed subscribers}","0","""default""","""none""","0"
"{media 62}","{citizen 24}","[141 141 141 255]","""""","9.9","false","{breed subscribers}","0","""default""","""none""","0"
"{media 62}","{citizen 25}","[141 141 141 255]","""""","9.9","false","{breed subscribers}","0","""default""","""none""","0"
"{media 62}","{citizen 26}","[141 141 141 255]","""""","9.9","false","{breed subscribers}","0","""default""","""none""","0"
"{media 62}","{citizen 27}","[141 141 141 255]","""""","9.9","false","{breed subscribers}","0","""default""","""none""","0"
"{media 62}","{citizen 28}","[141 141 141 255]","""""","9.9","false","{breed subscribers}","0","""default""","""none""","0"
"{media 62}","{citizen 29}","[141 141 141 255]","""""","9.9","false","{breed subscribers}","0","""default""","""none""","0"
"{media 62}","{citizen 30}","[141 141 141 255]","""""","9.9","false","{breed subscribers}","0","""default""","""none""","0"
"{media 62}","{citizen 31}","[141 141 141 255]","""""","9.9","false","{breed subscribers}","0","""default""","""none""","0"
"{media 62}","{citizen 32}","[141 141 141 255]","""""","9.9","false","{breed subscribers}","0","""default""","""none""","0"
"{media 62}","{citizen 33}","[141 141 141 255]","""""","9.9","false","{breed subscribers}","0","""default""","""none""","0"
"{media 62}","{citizen 34}","[141 141 141 255]","""""","9.9","false","{breed subscribers}","0","""default""","""none""","0"
"{media 62}","{citizen 35}","[141 141 141 255]","""""","9.9","false","{breed subscribers}","0","""default""","""none""","0"
"{media 62}","{citizen 36}","[141 141 141 255]","""""","9.9","false","{breed subscribers}","0","""default""","""none""","0"
"{media 62}","{citizen 37}","[141 141 141 255]","""""","9.9","false","{breed subscribers}","0","""default""","""none""","0"
"{media 62}","{citizen 38}","[141 141 141 255]","""""","9.9","false","{breed subscribers}","0","""default""","""none""","0"
"{media 62}","{citizen 39}","[141 141 141 255]","""""","9.9","false","{breed subscribers}","0","""default""","""none""","0"
"{media 62}","{citizen 40}","[141 141 141 255]","""""","9.9","false","{breed subscribers}","0","""default""","""none""","0"
"{media 62}","{citizen 41}","[141 141 141 255]","""""","9.9","false","{breed subscribers}","0","""default""","""none""","0"
"{media 62}","{citizen 42}","[141 141 141 255]","""""","9.9","false","{breed subscribers}","0","""default""","""none""","0"
"{media 62}","{citizen 43}","[141 141 141 255]","""""","9.9","false","{breed subscribers}","0","""default""","""none""","0"
"{media 62}","{citizen 44}","[141 141 141 255]","""""","9.9","false","{breed subscribers}","0","""default""","""none""","0"
"{media 62}","{citizen 45}","[141 141 141 255]","""""","9.9","false","{breed subscribers}","0","""default""","""none""","0"
"{media 62}","{citizen 46}","[141 141 141 255]","""""","9.9","false","{breed subscribers}","0","""default""","""none""","0"
"{media 62}","{citizen 47}","[141 141 141 255]","""""","9.9","false","{breed subscribers}","0","""default""","""none""","0"
"{media 62}","{citizen 48}","[141 141 141 255]","""""","9.9","false","{breed subscribers}","0","""default""","""none""","0"
"{media 62}","{citizen 49}","[141 141 141 255]","""""","9.9","false","{breed subscribers}","0","""default""","""none""","0"
"{media 63}","{citizen 0}","[141 141 141 255]","""""","9.9","false","{breed subscribers}","0","""default""","""none""","0"
"{media 63}","{citizen 1}","[141 141 141 255]","""""","9.9","false","{breed subscribers}","0","""default""","""none""","0"
"{media 63}","{citizen 2}","[141 141 141 255]","""""","9.9","false","{breed subscribers}","0","""default""","""none""","0"
"{media 63}","{citizen 3}","[141 141 141 255]","""""","9.9","false","{breed subscribers}","0","""default""","""none""","0"
"{media 63}","{citizen 4}","[141 141 141 255]","""""","9.9","false","{breed subscribers}","0","""default""","""none""","0"
"{media 63}","{citizen 5}","[141 141 141 255]","""""","9.9","false","{breed subscribers}","0","""default""","""none""","0"
"{media 63}","{citizen 6}","[141 141 141 255]","""""","9.9","false","{breed subscribers}","0","""default""","""none""","0"
"{media 63}","{citizen 7}","[141 141 141 255]","""""","9.9","false","{breed subscribers}","0","""default""","""none""","0"
"{media 63}","{citizen 8}","[141 141 141 255]","""""","9.9","false","{breed subscribers}","0","""default""","""none""","0"
"{media 63}","{citizen 9}","[141 141 141 255]","""""","9.9","false","{breed subscribers}","0","""default""","""none""","0"
"{media 63}","{citizen 10}","[141 141 141 255]","""""","9.9","false","{breed subscribers}","0","""default""","""none""","0"
"{media 63}","{citizen 11}","[141 141 141 255]","""""","9.9","false","{breed subscribers}","0","""default""","""none""","0"
"{media 63}","{citizen 12}","[141 141 141 255]","""""","9.9","false","{breed subscribers}","0","""default""","""none""","0"
"{media 63}","{citizen 13}","[141 141 141 255]","""""","9.9","false","{breed subscribers}","0","""default""","""none""","0"
"{media 63}","{citizen 14}","[141 141 141 255]","""""","9.9","false","{breed subscribers}","0","""default""","""none""","0"
"{media 63}","{citizen 15}","[141 141 141 255]","""""","9.9","false","{breed subscribers}","0","""default""","""none""","0"
"{media 63}","{citizen 16}","[141 141 141 255]","""""","9.9","false","{breed subscribers}","0","""default""","""none""","0"
"{media 63}","{citizen 17}","[141 141 141 255]","""""","9.9","false","{breed subscribers}","0","""default""","""none""","0"
"{media 63}","{citizen 18}","[141 141 141 255]","""""","9.9","false","{breed subscribers}","0","""default""","""none""","0"
"{media 63}","{citizen 19}","[141 141 141 255]","""""","9.9","false","{breed subscribers}","0","""default""","""none""","0"
"{media 63}","{citizen 20}","[141 141 141 255]","""""","9.9","false","{breed subscribers}","0","""default""","""none""","0"
"{media 63}","{citizen 21}","[141 141 141 255]","""""","9.9","false","{breed subscribers}","0","""default""","""none""","0"
"{media 63}","{citizen 22}","[141 141 141 255]","""""","9.9","false","{breed subscribers}","0","""default""","""none""","0"
"{media 63}","{citizen 23}","[141 141 141 255]","""""","9.9","false","{breed subscribers}","0","""default""","""none""","0"
"{media 63}","{citizen 24}","[141 141 141 255]","""""","9.9","false","{breed subscribers}","0","""default""","""none""","0"
"{media 63}","{citizen 25}","[141 141 141 255]","""""","9.9","false","{breed subscribers}","0","""default""","""none""","0"
"{media 63}","{citizen 26}","[141 141 141 255]","""""","9.9","false","{breed subscribers}","0","""default""","""none""","0"
"{media 63}","{citizen 27}","[141 141 141 255]","""""","9.9","false","{breed subscribers}","0","""default""","""none""","0"
"{media 63}","{citizen 28}","[141 141 141 255]","""""","9.9","false","{breed subscribers}","0","""default""","""none""","0"
"{media 63}","{citizen 29}","[141 141 141 255]","""""","9.9","false","{breed subscribers}","0","""default""","""none""","0"
"{media 63}","{citizen 30}","[141 141 141 255]","""""","9.9","false","{breed subscribers}","0","""default""","""none""","0"
"{media 63}","{citizen 31}","[141 141 141 255]","""""","9.9","false","{breed subscribers}","0","""default""","""none""","0"
"{media 63}","{citizen 32}","[141 141 141 255]","""""","9.9","false","{breed subscribers}","0","""default""","""none""","0"
"{media 63}","{citizen 33}","[141 141 141 255]","""""","9.9","false","{breed subscribers}","0","""default""","""none""","0"
"{media 63}","{citizen 34}","[141 141 141 255]","""""","9.9","false","{breed subscribers}","0","""default""","""none""","0"
"{media 63}","{citizen 35}","[141 141 141 255]","""""","9.9","false","{breed subscribers}","0","""default""","""none""","0"
"{media 63}","{citizen 36}","[141 141 141 255]","""""","9.9","false","{breed subscribers}","0","""default""","""none""","0"
"{media 63}","{citizen 37}","[141 141 141 255]","""""","9.9","false","{breed subscribers}","0","""default""","""none""","0"
"{media 63}","{citizen 38}","[141 141 141 255]","""""","9.9","false","{breed subscribers}","0","""default""","""none""","0"
"{media 63}","{citizen 39}","[141 141 141 255]","""""","9.9","false","{breed subscribers}","0","""default""","""none""","0"
"{media 63}","{citizen 40}","[141 141 141 255]","""""","9.9","false","{breed subscribers}","0","""default""","""none""","0"
"{media 63}","{citizen 41}","[141 141 141 255]","""""","9.9","false","{breed subscribers}","0","""default""","""none""","0"
"{media 63}","{citizen 42}","[141 141 141 255]","""""","9.9","false","{breed subscribers}","0","""default""","""none""","0"
"{media 63}","{citizen 43}","[141 141 141 255]","""""","9.9","false","{breed subscribers}","0","""default""","""none""","0"
"{media 63}","{citizen 44}","[141 141 141 255]","""""","9.9","false","{breed subscribers}","0","""default""","""none""","0"
"{media 63}","{citizen 45}","[141 141 141 255]","""""","9.9","false","{breed subscribers}","0","""default""","""none""","0"
"{media 63}","{citizen 46}","[141 141 141 255]","""""","9.9","false","{breed subscribers}","0","""default""","""none""","0"
"{media 63}","{citizen 47}","[141 141 141 255]","""""","9.9","false","{breed subscribers}","0","""default""","""none""","0"
"{media 63}","{citizen 48}","[141 141 141 255]","""""","9.9","false","{breed subscribers}","0","""default""","""none""","0"
"{media 63}","{citizen 49}","[141 141 141 255]","""""","9.9","false","{breed subscribers}","0","""default""","""none""","0"
"{media 64}","{citizen 0}","[141 141 141 255]","""""","9.9","false","{breed subscribers}","0","""default""","""none""","0"
"{media 64}","{citizen 1}","[141 141 141 255]","""""","9.9","false","{breed subscribers}","0","""default""","""none""","0"
"{media 64}","{citizen 2}","[141 141 141 255]","""""","9.9","false","{breed subscribers}","0","""default""","""none""","0"
"{media 64}","{citizen 3}","[141 141 141 255]","""""","9.9","false","{breed subscribers}","0","""default""","""none""","0"
"{media 64}","{citizen 4}","[141 141 141 255]","""""","9.9","false","{breed subscribers}","0","""default""","""none""","0"
"{media 64}","{citizen 5}","[141 141 141 255]","""""","9.9","false","{breed subscribers}","0","""default""","""none""","0"
"{media 64}","{citizen 6}","[141 141 141 255]","""""","9.9","false","{breed subscribers}","0","""default""","""none""","0"
"{media 64}","{citizen 7}","[141 141 141 255]","""""","9.9","false","{breed subscribers}","0","""default""","""none""","0"
"{media 64}","{citizen 8}","[141 141 141 255]","""""","9.9","false","{breed subscribers}","0","""default""","""none""","0"
"{media 64}","{citizen 9}","[141 141 141 255]","""""","9.9","false","{breed subscribers}","0","""default""","""none""","0"
"{media 64}","{citizen 10}","[141 141 141 255]","""""","9.9","false","{breed subscribers}","0","""default""","""none""","0"
"{media 64}","{citizen 11}","[141 141 141 255]","""""","9.9","false","{breed subscribers}","0","""default""","""none""","0"
"{media 64}","{citizen 12}","[141 141 141 255]","""""","9.9","false","{breed subscribers}","0","""default""","""none""","0"
"{media 64}","{citizen 13}","[141 141 141 255]","""""","9.9","false","{breed subscribers}","0","""default""","""none""","0"
"{media 64}","{citizen 14}","[141 141 141 255]","""""","9.9","false","{breed subscribers}","0","""default""","""none""","0"
"{media 64}","{citizen 15}","[141 141 141 255]","""""","9.9","false","{breed subscribers}","0","""default""","""none""","0"
"{media 64}","{citizen 16}","[141 141 141 255]","""""","9.9","false","{breed subscribers}","0","""default""","""none""","0"
"{media 64}","{citizen 17}","[141 141 141 255]","""""","9.9","false","{breed subscribers}","0","""default""","""none""","0"
"{media 64}","{citizen 18}","[141 141 141 255]","""""","9.9","false","{breed subscribers}","0","""default""","""none""","0"
"{media 64}","{citizen 19}","[141 141 141 255]","""""","9.9","false","{breed subscribers}","0","""default""","""none""","0"
"{media 64}","{citizen 20}","[141 141 141 255]","""""","9.9","false","{breed subscribers}","0","""default""","""none""","0"
"{media 64}","{citizen 21}","[141 141 141 255]","""""","9.9","false","{breed subscribers}","0","""default""","""none""","0"
"{media 64}","{citizen 22}","[141 141 141 255]","""""","9.9","false","{breed subscribers}","0","""default""","""none""","0"
"{media 64}","{citizen 23}","[141 141 141 255]","""""","9.9","false","{breed subscribers}","0","""default""","""none""","0"
"{media 64}","{citizen 24}","[141 141 141 255]","""""","9.9","false","{breed subscribers}","0","""default""","""none""","0"
"{media 64}","{citizen 25}","[141 141 141 255]","""""","9.9","false","{breed subscribers}","0","""default""","""none""","0"
"{media 64}","{citizen 26}","[141 141 141 255]","""""","9.9","false","{breed subscribers}","0","""default""","""none""","0"
"{media 64}","{citizen 27}","[141 141 141 255]","""""","9.9","false","{breed subscribers}","0","""default""","""none""","0"
"{media 64}","{citizen 28}","[141 141 141 255]","""""","9.9","false","{breed subscribers}","0","""default""","""none""","0"
"{media 64}","{citizen 29}","[141 141 141 255]","""""","9.9","false","{breed subscribers}","0","""default""","""none""","0"
"{media 64}","{citizen 30}","[141 141 141 255]","""""","9.9","false","{breed subscribers}","0","""default""","""none""","0"
"{media 64}","{citizen 31}","[141 141 141 255]","""""","9.9","false","{breed subscribers}","0","""default""","""none""","0"
"{media 64}","{citizen 32}","[141 141 141 255]","""""","9.9","false","{breed subscribers}","0","""default""","""none""","0"
"{media 64}","{citizen 33}","[141 141 141 255]","""""","9.9","false","{breed subscribers}","0","""default""","""none""","0"
"{media 64}","{citizen 34}","[141 141 141 255]","""""","9.9","false","{breed subscribers}","0","""default""","""none""","0"
"{media 64}","{citizen 35}","[141 141 141 255]","""""","9.9","false","{breed subscribers}","0","""default""","""none""","0"
"{media 64}","{citizen 36}","[141 141 141 255]","""""","9.9","false","{breed subscribers}","0","""default""","""none""","0"
"{media 64}","{citizen 37}","[141 141 141 255]","""""","9.9","false","{breed subscribers}","0","""default""","""none""","0"
"{media 64}","{citizen 38}","[141 141 141 255]","""""","9.9","false","{breed subscribers}","0","""default""","""none""","0"
"{media 64}","{citizen 39}","[141 141 141 255]","""""","9.9","false","{breed subscribers}","0","""default""","""none""","0"
"{media 64}","{citizen 40}","[141 141 141 255]","""""","9.9","false","{breed subscribers}","0","""default""","""none""","0"
"{media 64}","{citizen 41}","[141 141 141 255]","""""","9.9","false","{breed subscribers}","0","""default""","""none""","0"
"{media 64}","{citizen 42}","[141 141 141 255]","""""","9.9","false","{breed subscribers}","0","""default""","""none""","0"
"{media 64}","{citizen 43}","[141 141 141 255]","""""","9.9","false","{breed subscribers}","0","""default""","""none""","0"
"{media 64}","{citizen 44}","[141 141 141 255]","""""","9.9","false","{breed subscribers}","0","""default""","""none""","0"
"{media 64}","{citizen 45}","[141 141 141 255]","""""","9.9","false","{breed subscribers}","0","""default""","""none""","0"
"{media 64}","{citizen 46}","[141 141 141 255]","""""","9.9","false","{breed subscribers}","0","""default""","""none""","0"
"{media 64}","{citizen 47}","[141 141 141 255]","""""","9.9","false","{breed subscribers}","0","""default""","""none""","0"
"{media 64}","{citizen 48}","[141 141 141 255]","""""","9.9","false","{breed subscribers}","0","""default""","""none""","0"
"{media 64}","{citizen 49}","[141 141 141 255]","""""","9.9","false","{breed subscribers}","0","""default""","""none""","0"


"PLOTS"
"fragmentation"
"""cit-a-histogram"""
"x min","x max","y min","y max","autoplot?","current pen","legend open?","number of pens"
"-1","8","0","50","true","""default""","false","1"

"pen name","pen down?","mode","interval","color","x"
"""default""","true","1","1","0","4"

"""default"""
"x","y","color","pen down?"
"2","21","0","true"
"4","29","0","true"

"""Social Friend Degree of Nodes"""
"x min","x max","y min","y max","autoplot?","current pen","legend open?","number of pens"
"0","99","0","50","true","""default""","false","1"

"pen name","pen down?","mode","interval","color","x"
"""default""","true","1","1","0","98"

"""default"""
"x","y","color","pen down?"
"98","50","0","true"

"""percent-agent-beliefs"""
"x min","x max","y min","y max","autoplot?","current pen","legend open?","number of pens"
"0","116","0","1","true","""6""","false","7"

"pen name","pen down?","mode","interval","color","x"
"""0""","true","0","1","14.9","100"
"""1""","true","0","1","14.6","100"
"""2""","true","0","1","124.7","100"
"""3""","true","0","1","124.3","100"
"""4""","true","0","1","113.5","100"
"""5""","true","0","1","104.5","100"
"""6""","true","0","1","104.7","100"

"""0""",,,,"""1""",,,,"""2""",,,,"""3""",,,,"""4""",,,,"""5""",,,,"""6"""
"x","y","color","pen down?","x","y","color","pen down?","x","y","color","pen down?","x","y","color","pen down?","x","y","color","pen down?","x","y","color","pen down?","x","y","color","pen down?"
"0","0.04","14.9","true","0","0.38","14.6","true","0","0.08","124.7","true","0","0","124.3","true","0","0.04","113.5","true","0","0.4","104.5","true","0","0.06","104.7","true"
"1","0","14.9","true","1","0.04","14.6","true","1","0.6","124.7","true","1","0.02","124.3","true","1","0.34","113.5","true","1","0","104.5","true","1","0","104.7","true"
"2","0","14.9","true","2","0.02","14.6","true","2","0.34","124.7","true","2","0","124.3","true","2","0.64","113.5","true","2","0","104.5","true","2","0","104.7","true"
"3","0","14.9","true","3","0","14.6","true","3","0.02","124.7","true","3","0.98","124.3","true","3","0","113.5","true","3","0","104.5","true","3","0","104.7","true"
"4","0","14.9","true","4","0","14.6","true","4","0.58","124.7","true","4","0","124.3","true","4","0.42","113.5","true","4","0","104.5","true","4","0","104.7","true"
"5","0","14.9","true","5","0","14.6","true","5","0.68","124.7","true","5","0","124.3","true","5","0.32","113.5","true","5","0","104.5","true","5","0","104.7","true"
"6","0","14.9","true","6","0.44","14.6","true","6","0","124.7","true","6","0.54","124.3","true","6","0.02","113.5","true","6","0","104.5","true","6","0","104.7","true"
"7","0","14.9","true","7","0","14.6","true","7","0","124.7","true","7","0.02","124.3","true","7","0.98","113.5","true","7","0","104.5","true","7","0","104.7","true"
"8","0","14.9","true","8","0","14.6","true","8","0","124.7","true","8","1","124.3","true","8","0","113.5","true","8","0","104.5","true","8","0","104.7","true"
"9","0","14.9","true","9","0","14.6","true","9","0.98","124.7","true","9","0.02","124.3","true","9","0","113.5","true","9","0","104.5","true","9","0","104.7","true"
"10","0","14.9","true","10","0.46","14.6","true","10","0","124.7","true","10","0","124.3","true","10","0.54","113.5","true","10","0","104.5","true","10","0","104.7","true"
"11","0","14.9","true","11","0","14.6","true","11","0.74","124.7","true","11","0","124.3","true","11","0.26","113.5","true","11","0","104.5","true","11","0","104.7","true"
"12","0","14.9","true","12","0","14.6","true","12","0","124.7","true","12","0","124.3","true","12","1","113.5","true","12","0","104.5","true","12","0","104.7","true"
"13","0","14.9","true","13","0","14.6","true","13","0.42","124.7","true","13","0","124.3","true","13","0.58","113.5","true","13","0","104.5","true","13","0","104.7","true"
"14","0","14.9","true","14","0.64","14.6","true","14","0","124.7","true","14","0.34","124.3","true","14","0.02","113.5","true","14","0","104.5","true","14","0","104.7","true"
"15","0","14.9","true","15","0","14.6","true","15","0.02","124.7","true","15","0.98","124.3","true","15","0","113.5","true","15","0","104.5","true","15","0","104.7","true"
"16","0","14.9","true","16","0","14.6","true","16","0","124.7","true","16","0","124.3","true","16","1","113.5","true","16","0","104.5","true","16","0","104.7","true"
"17","0","14.9","true","17","0","14.6","true","17","0.24","124.7","true","17","0","124.3","true","17","0.76","113.5","true","17","0","104.5","true","17","0","104.7","true"
"18","0","14.9","true","18","0","14.6","true","18","0.02","124.7","true","18","0.98","124.3","true","18","0","113.5","true","18","0","104.5","true","18","0","104.7","true"
"19","0","14.9","true","19","0","14.6","true","19","0","124.7","true","19","1","124.3","true","19","0","113.5","true","19","0","104.5","true","19","0","104.7","true"
"20","0","14.9","true","20","0","14.6","true","20","0.42","124.7","true","20","0","124.3","true","20","0.58","113.5","true","20","0","104.5","true","20","0","104.7","true"
"21","0","14.9","true","21","0.26","14.6","true","21","0","124.7","true","21","0.04","124.3","true","21","0.7","113.5","true","21","0","104.5","true","21","0","104.7","true"
"22","0","14.9","true","22","0","14.6","true","22","0","124.7","true","22","1","124.3","true","22","0","113.5","true","22","0","104.5","true","22","0","104.7","true"
"23","0","14.9","true","23","0","14.6","true","23","0","124.7","true","23","1","124.3","true","23","0","113.5","true","23","0","104.5","true","23","0","104.7","true"
"24","0","14.9","true","24","0.56","14.6","true","24","0","124.7","true","24","0","124.3","true","24","0.44","113.5","true","24","0","104.5","true","24","0","104.7","true"
"25","0","14.9","true","25","0.78","14.6","true","25","0","124.7","true","25","0","124.3","true","25","0.22","113.5","true","25","0","104.5","true","25","0","104.7","true"
"26","0","14.9","true","26","0.02","14.6","true","26","0.98","124.7","true","26","0","124.3","true","26","0","113.5","true","26","0","104.5","true","26","0","104.7","true"
"27","0","14.9","true","27","0","14.6","true","27","0","124.7","true","27","0.02","124.3","true","27","0.98","113.5","true","27","0","104.5","true","27","0","104.7","true"
"28","0","14.9","true","28","0","14.6","true","28","0","124.7","true","28","0","124.3","true","28","1","113.5","true","28","0","104.5","true","28","0","104.7","true"
"29","0","14.9","true","29","0","14.6","true","29","0.98","124.7","true","29","0.02","124.3","true","29","0","113.5","true","29","0","104.5","true","29","0","104.7","true"
"30","0","14.9","true","30","0.3","14.6","true","30","0","124.7","true","30","0.7","124.3","true","30","0","113.5","true","30","0","104.5","true","30","0","104.7","true"
"31","0","14.9","true","31","0.08","14.6","true","31","0","124.7","true","31","0","124.3","true","31","0.92","113.5","true","31","0","104.5","true","31","0","104.7","true"
"32","0","14.9","true","32","0.9","14.6","true","32","0.02","124.7","true","32","0.04","124.3","true","32","0.04","113.5","true","32","0","104.5","true","32","0","104.7","true"
"33","0","14.9","true","33","0","14.6","true","33","0","124.7","true","33","0.04","124.3","true","33","0.96","113.5","true","33","0","104.5","true","33","0","104.7","true"
"34","0","14.9","true","34","0.48","14.6","true","34","0","124.7","true","34","0","124.3","true","34","0.52","113.5","true","34","0","104.5","true","34","0","104.7","true"
"35","0","14.9","true","35","0","14.6","true","35","0.14","124.7","true","35","0","124.3","true","35","0.86","113.5","true","35","0","104.5","true","35","0","104.7","true"
"36","0","14.9","true","36","0.5","14.6","true","36","0","124.7","true","36","0","124.3","true","36","0.5","113.5","true","36","0","104.5","true","36","0","104.7","true"
"37","0","14.9","true","37","0","14.6","true","37","0.32","124.7","true","37","0","124.3","true","37","0.68","113.5","true","37","0","104.5","true","37","0","104.7","true"
"38","0","14.9","true","38","0","14.6","true","38","0","124.7","true","38","0.98","124.3","true","38","0.02","113.5","true","38","0","104.5","true","38","0","104.7","true"
"39","0","14.9","true","39","0","14.6","true","39","0","124.7","true","39","0.02","124.3","true","39","0.98","113.5","true","39","0","104.5","true","39","0","104.7","true"
"40","0","14.9","true","40","0","14.6","true","40","0.02","124.7","true","40","0.02","124.3","true","40","0.96","113.5","true","40","0","104.5","true","40","0","104.7","true"
"41","0","14.9","true","41","0","14.6","true","41","0","124.7","true","41","0.04","124.3","true","41","0.96","113.5","true","41","0","104.5","true","41","0","104.7","true"
"42","0","14.9","true","42","0","14.6","true","42","0","124.7","true","42","0.02","124.3","true","42","0.98","113.5","true","42","0","104.5","true","42","0","104.7","true"
"43","0","14.9","true","43","0","14.6","true","43","0","124.7","true","43","1","124.3","true","43","0","113.5","true","43","0","104.5","true","43","0","104.7","true"
"44","0","14.9","true","44","0","14.6","true","44","0.7","124.7","true","44","0","124.3","true","44","0.3","113.5","true","44","0","104.5","true","44","0","104.7","true"
"45","0","14.9","true","45","0","14.6","true","45","0","124.7","true","45","0","124.3","true","45","1","113.5","true","45","0","104.5","true","45","0","104.7","true"
"46","0","14.9","true","46","0","14.6","true","46","0","124.7","true","46","0.06","124.3","true","46","0.94","113.5","true","46","0","104.5","true","46","0","104.7","true"
"47","0","14.9","true","47","0.24","14.6","true","47","0","124.7","true","47","0.02","124.3","true","47","0.74","113.5","true","47","0","104.5","true","47","0","104.7","true"
"48","0","14.9","true","48","0","14.6","true","48","0.2","124.7","true","48","0","124.3","true","48","0.8","113.5","true","48","0","104.5","true","48","0","104.7","true"
"49","0","14.9","true","49","0","14.6","true","49","0.42","124.7","true","49","0","124.3","true","49","0.58","113.5","true","49","0","104.5","true","49","0","104.7","true"
"50","0","14.9","true","50","0","14.6","true","50","0.04","124.7","true","50","0.96","124.3","true","50","0","113.5","true","50","0","104.5","true","50","0","104.7","true"
"51","0","14.9","true","51","0","14.6","true","51","0","124.7","true","51","1","124.3","true","51","0","113.5","true","51","0","104.5","true","51","0","104.7","true"
"52","0","14.9","true","52","0.14","14.6","true","52","0","124.7","true","52","0.86","124.3","true","52","0","113.5","true","52","0","104.5","true","52","0","104.7","true"
"53","0","14.9","true","53","0.72","14.6","true","53","0","124.7","true","53","0","124.3","true","53","0.28","113.5","true","53","0","104.5","true","53","0","104.7","true"
"54","0","14.9","true","54","0","14.6","true","54","0","124.7","true","54","0.98","124.3","true","54","0.02","113.5","true","54","0","104.5","true","54","0","104.7","true"
"55","0","14.9","true","55","0.02","14.6","true","55","0.26","124.7","true","55","0","124.3","true","55","0.72","113.5","true","55","0","104.5","true","55","0","104.7","true"
"56","0","14.9","true","56","0.12","14.6","true","56","0","124.7","true","56","0.88","124.3","true","56","0","113.5","true","56","0","104.5","true","56","0","104.7","true"
"57","0","14.9","true","57","0","14.6","true","57","0.02","124.7","true","57","0.98","124.3","true","57","0","113.5","true","57","0","104.5","true","57","0","104.7","true"
"58","0","14.9","true","58","0","14.6","true","58","0","124.7","true","58","0","124.3","true","58","1","113.5","true","58","0","104.5","true","58","0","104.7","true"
"59","0","14.9","true","59","0","14.6","true","59","0.02","124.7","true","59","0.98","124.3","true","59","0","113.5","true","59","0","104.5","true","59","0","104.7","true"
"60","0","14.9","true","60","0.48","14.6","true","60","0","124.7","true","60","0.52","124.3","true","60","0","113.5","true","60","0","104.5","true","60","0","104.7","true"
"61","0","14.9","true","61","0","14.6","true","61","0.42","124.7","true","61","0","124.3","true","61","0.58","113.5","true","61","0","104.5","true","61","0","104.7","true"
"62","0","14.9","true","62","0.5","14.6","true","62","0","124.7","true","62","0.5","124.3","true","62","0","113.5","true","62","0","104.5","true","62","0","104.7","true"
"63","0","14.9","true","63","0","14.6","true","63","0","124.7","true","63","0.04","124.3","true","63","0.96","113.5","true","63","0","104.5","true","63","0","104.7","true"
"64","0","14.9","true","64","0","14.6","true","64","0.4","124.7","true","64","0","124.3","true","64","0.6","113.5","true","64","0","104.5","true","64","0","104.7","true"
"65","0","14.9","true","65","0","14.6","true","65","0","124.7","true","65","1","124.3","true","65","0","113.5","true","65","0","104.5","true","65","0","104.7","true"
"66","0","14.9","true","66","0.02","14.6","true","66","0.96","124.7","true","66","0.02","124.3","true","66","0","113.5","true","66","0","104.5","true","66","0","104.7","true"
"67","0","14.9","true","67","0","14.6","true","67","0","124.7","true","67","0","124.3","true","67","1","113.5","true","67","0","104.5","true","67","0","104.7","true"
"68","0","14.9","true","68","0","14.6","true","68","0","124.7","true","68","0.04","124.3","true","68","0.96","113.5","true","68","0","104.5","true","68","0","104.7","true"
"69","0","14.9","true","69","0.98","14.6","true","69","0.02","124.7","true","69","0","124.3","true","69","0","113.5","true","69","0","104.5","true","69","0","104.7","true"
"70","0","14.9","true","70","0","14.6","true","70","0.98","124.7","true","70","0.02","124.3","true","70","0","113.5","true","70","0","104.5","true","70","0","104.7","true"
"71","0","14.9","true","71","0","14.6","true","71","0.56","124.7","true","71","0","124.3","true","71","0.44","113.5","true","71","0","104.5","true","71","0","104.7","true"
"72","0","14.9","true","72","0","14.6","true","72","0.54","124.7","true","72","0","124.3","true","72","0.46","113.5","true","72","0","104.5","true","72","0","104.7","true"
"73","0","14.9","true","73","0","14.6","true","73","0.98","124.7","true","73","0.02","124.3","true","73","0","113.5","true","73","0","104.5","true","73","0","104.7","true"
"74","0","14.9","true","74","0","14.6","true","74","0.44","124.7","true","74","0","124.3","true","74","0.56","113.5","true","74","0","104.5","true","74","0","104.7","true"
"75","0","14.9","true","75","0","14.6","true","75","0.56","124.7","true","75","0","124.3","true","75","0.44","113.5","true","75","0","104.5","true","75","0","104.7","true"
"76","0","14.9","true","76","0","14.6","true","76","0.02","124.7","true","76","0.98","124.3","true","76","0","113.5","true","76","0","104.5","true","76","0","104.7","true"
"77","0","14.9","true","77","0","14.6","true","77","0.42","124.7","true","77","0","124.3","true","77","0.58","113.5","true","77","0","104.5","true","77","0","104.7","true"
"78","0","14.9","true","78","0","14.6","true","78","0.2","124.7","true","78","0","124.3","true","78","0.8","113.5","true","78","0","104.5","true","78","0","104.7","true"
"79","0","14.9","true","79","0.54","14.6","true","79","0","124.7","true","79","0.44","124.3","true","79","0.02","113.5","true","79","0","104.5","true","79","0","104.7","true"
"80","0","14.9","true","80","0","14.6","true","80","0.34","124.7","true","80","0","124.3","true","80","0.66","113.5","true","80","0","104.5","true","80","0","104.7","true"
"81","0","14.9","true","81","0","14.6","true","81","0","124.7","true","81","1","124.3","true","81","0","113.5","true","81","0","104.5","true","81","0","104.7","true"
"82","0","14.9","true","82","0","14.6","true","82","0.98","124.7","true","82","0.02","124.3","true","82","0","113.5","true","82","0","104.5","true","82","0","104.7","true"
"83","0","14.9","true","83","0.06","14.6","true","83","0","124.7","true","83","0","124.3","true","83","0.94","113.5","true","83","0","104.5","true","83","0","104.7","true"
"84","0","14.9","true","84","0","14.6","true","84","0.94","124.7","true","84","0.04","124.3","true","84","0.02","113.5","true","84","0","104.5","true","84","0","104.7","true"
"85","0","14.9","true","85","0","14.6","true","85","0","124.7","true","85","0","124.3","true","85","1","113.5","true","85","0","104.5","true","85","0","104.7","true"
"86","0","14.9","true","86","0","14.6","true","86","0","124.7","true","86","0","124.3","true","86","1","113.5","true","86","0","104.5","true","86","0","104.7","true"
"87","0","14.9","true","87","0","14.6","true","87","0","124.7","true","87","1","124.3","true","87","0","113.5","true","87","0","104.5","true","87","0","104.7","true"
"88","0","14.9","true","88","0.96","14.6","true","88","0.02","124.7","true","88","0","124.3","true","88","0.02","113.5","true","88","0","104.5","true","88","0","104.7","true"
"89","0","14.9","true","89","0","14.6","true","89","0","124.7","true","89","0","124.3","true","89","1","113.5","true","89","0","104.5","true","89","0","104.7","true"
"90","0","14.9","true","90","0","14.6","true","90","0.6","124.7","true","90","0","124.3","true","90","0.4","113.5","true","90","0","104.5","true","90","0","104.7","true"
"91","0","14.9","true","91","0","14.6","true","91","0.22","124.7","true","91","0","124.3","true","91","0.78","113.5","true","91","0","104.5","true","91","0","104.7","true"
"92","0","14.9","true","92","0.02","14.6","true","92","0.76","124.7","true","92","0","124.3","true","92","0.22","113.5","true","92","0","104.5","true","92","0","104.7","true"
"93","0","14.9","true","93","0.02","14.6","true","93","0.76","124.7","true","93","0","124.3","true","93","0.22","113.5","true","93","0","104.5","true","93","0","104.7","true"
"94","0","14.9","true","94","0","14.6","true","94","0.6","124.7","true","94","0","124.3","true","94","0.4","113.5","true","94","0","104.5","true","94","0","104.7","true"
"95","0","14.9","true","95","0","14.6","true","95","0.5","124.7","true","95","0","124.3","true","95","0.5","113.5","true","95","0","104.5","true","95","0","104.7","true"
"96","0","14.9","true","96","0.06","14.6","true","96","0","124.7","true","96","0","124.3","true","96","0.94","113.5","true","96","0","104.5","true","96","0","104.7","true"
"97","0","14.9","true","97","0","14.6","true","97","0.06","124.7","true","97","0.94","124.3","true","97","0","113.5","true","97","0","104.5","true","97","0","104.7","true"
"98","0","14.9","true","98","0","14.6","true","98","0","124.7","true","98","1","124.3","true","98","0","113.5","true","98","0","104.5","true","98","0","104.7","true"
"99","0","14.9","true","99","0","14.6","true","99","0","124.7","true","99","1","124.3","true","99","0","113.5","true","99","0","104.5","true","99","0","104.7","true"
"100","0","14.9","true","100","0","14.6","true","100","0.42","124.7","true","100","0","124.3","true","100","0.58","113.5","true","100","0","104.5","true","100","0","104.7","true"

"""polarization"""
"x min","x max","y min","y max","autoplot?","current pen","legend open?","number of pens"
"0","116","0","10","true","""0""","false","1"

"pen name","pen down?","mode","interval","color","x"
"""0""","true","0","1","0","100"

"""0"""
"x","y","color","pen down?"
"0","5.745000000000001","0","true"
"1","1.367222222222222","0","true"
"2","1.3783333333333332","0","true"
"3","0.027222222222222228","0","true"
"4","1.3533333333333333","0","true"
"5","1.2088888888888887","0","true"
"6","1.445","0","true"
"7","0.027222222222222207","0","true"
"8","0","0","true"
"9","0.02722222222222223","0","true"
"10","3.105","0","true"
"11","1.0688888888888886","0","true"
"12","6.162975822039155E-31","0","true"
"13","1.3533333333333333","0","true"
"14","1.3783333333333334","0","true"
"15","0.027222222222222224","0","true"
"16","6.162975822039155E-31","0","true"
"17","1.0133333333333332","0","true"
"18","0.027222222222222224","0","true"
"19","0","0","true"
"20","1.3533333333333333","0","true"
"21","2.3716666666666666","0","true"
"22","0","0","true"
"23","0","0","true"
"24","3.079999999999999","0","true"
"25","2.1449999999999996","0","true"
"26","0.02722222222222222","0","true"
"27","0.027222222222222207","0","true"
"28","6.162975822039155E-31","0","true"
"29","0.027222222222222228","0","true"
"30","1.1666666666666667","0","true"
"31","0.92","0","true"
"32","0.6827777777777778","0","true"
"33","0.05333333333333331","0","true"
"34","3.119999999999999","0","true"
"35","0.6688888888888886","0","true"
"36","3.125","0","true"
"37","1.2088888888888887","0","true"
"38","0.02722222222222221","0","true"
"39","0.027222222222222207","0","true"
"40","0.13388888888888884","0","true"
"41","0.05333333333333331","0","true"
"42","0.027222222222222207","0","true"
"43","0","0","true"
"44","1.1666666666666665","0","true"
"45","6.162975822039155E-31","0","true"
"46","0.07833333333333331","0","true"
"47","2.2672222222222222","0","true"
"48","0.888888888888889","0","true"
"49","1.3533333333333333","0","true"
"50","0.053333333333333344","0","true"
"51","0","0","true"
"52","0.6688888888888889","0","true"
"53","2.52","0","true"
"54","0.02722222222222221","0","true"
"55","1.227222222222222","0","true"
"56","0.5866666666666668","0","true"
"57","0.027222222222222228","0","true"
"58","6.162975822039155E-31","0","true"
"59","0.027222222222222228","0","true"
"60","1.3866666666666667","0","true"
"61","1.3533333333333333","0","true"
"62","1.388888888888889","0","true"
"63","0.05333333333333331","0","true"
"64","1.333333333333333","0","true"
"65","0","0","true"
"66","0.05555555555555556","0","true"
"67","6.162975822039155E-31","0","true"
"68","0.05333333333333331","0","true"
"69","0.02722222222222222","0","true"
"70","0.02722222222222223","0","true"
"71","1.3688888888888884","0","true"
"72","1.38","0","true"
"73","0.02722222222222223","0","true"
"74","1.3688888888888886","0","true"
"75","1.3688888888888886","0","true"
"76","0.027222222222222224","0","true"
"77","1.3533333333333333","0","true"
"78","0.8888888888888888","0","true"
"79","1.4672222222222222","0","true"
"80","1.2466666666666666","0","true"
"81","0","0","true"
"82","0.02722222222222223","0","true"
"83","0.7050000000000001","0","true"
"84","0.1577777777777778","0","true"
"85","6.162975822039155E-31","0","true"
"86","6.162975822039155E-31","0","true"
"87","0","0","true"
"88","0.2688888888888889","0","true"
"89","6.162975822039155E-31","0","true"
"90","1.3333333333333333","0","true"
"91","0.9533333333333334","0","true"
"92","1.0049999999999997","0","true"
"93","1.005","0","true"
"94","1.333333333333333","0","true"
"95","1.3888888888888884","0","true"
"96","0.7050000000000001","0","true"
"97","0.07833333333333337","0","true"
"98","0","0","true"
"99","0","0","true"
"100","1.3533333333333335","0","true"

"""media-a-histogram"""
"x min","x max","y min","y max","autoplot?","current pen","legend open?","number of pens"
"-1","8","0","10","true","""default""","false","1"

"pen name","pen down?","mode","interval","color","x"
"""default""","true","1","1","0","4"

"""default"""
"x","y","color","pen down?"
"1","1","0","true"
"2","4","0","true"
"3","5","0","true"
"4","5","0","true"

"""homophily"""
"x min","x max","y min","y max","autoplot?","current pen","legend open?","number of pens"
"0","116","0","1","true","""default""","false","1"

"pen name","pen down?","mode","interval","color","x"
"""default""","true","0","1","0","100"

"""default"""
"x","y","color","pen down?"
"0","0.348201224130797","0","true"
"1","0.5172816690888284","0","true"
"2","0.5049464138499589","0","true"
"3","0.9615384615384615","0","true"
"4","0.501432664756447","0","true"
"5","0.5296152183311716","0","true"
"6","0.48882681564245817","0","true"
"7","0.9615384615384615","0","true"
"8","1","0","true"
"9","0.9615384615384615","0","true"
"10","0.39669689119170987","0","true"
"11","0.5601280292638317","0","true"
"12","1","0","true"
"13","0.501432664756447","0","true"
"14","0.5049464138499589","0","true"
"15","0.9615384615384615","0","true"
"16","1","0","true"
"17","0.5732335049134301","0","true"
"18","0.9615384615384615","0","true"
"19","1","0","true"
"20","0.5014326647564471","0","true"
"21","0.45169616519174044","0","true"
"22","1","0","true"
"23","1","0","true"
"24","0.398633257403189","0","true"
"25","0.4876592356687899","0","true"
"26","0.9615384615384615","0","true"
"27","0.9615384615384615","0","true"
"28","1","0","true"
"29","0.9615384615384615","0","true"
"30","0.5384615384615384","0","true"
"31","0.6893640967923467","0","true"
"32","0.7080924855491331","0","true"
"33","0.9273277819833459","0","true"
"34","0.39554407491120436","0","true"
"35","0.6704980842911877","0","true"
"36","0.39516129032258074","0","true"
"37","0.5296152183311716","0","true"
"38","0.9615384615384615","0","true"
"39","0.9615384615384615","0","true"
"40","0.8941605839416058","0","true"
"41","0.9273277819833459","0","true"
"42","0.9615384615384615","0","true"
"43","1","0","true"
"44","0.5384615384615384","0","true"
"45","1","0","true"
"46","0.8967789165446559","0","true"
"47","0.46791443850267384","0","true"
"48","0.6049382716049383","0","true"
"49","0.501432664756447","0","true"
"50","0.9273277819833459","0","true"
"51","1","0","true"
"52","0.6704980842911877","0","true"
"53","0.44757033248081846","0","true"
"54","0.9615384615384615","0","true"
"55","0.5368098159509203","0","true"
"56","0.6988020536223616","0","true"
"57","0.9615384615384615","0","true"
"58","1","0","true"
"59","0.9615384615384615","0","true"
"60","0.4953497775980591","0","true"
"61","0.5014326647564471","0","true"
"62","0.494949494949495","0","true"
"63","0.9273277819833459","0","true"
"64","0.5051546391752577","0","true"
"65","1","0","true"
"66","0.9259259259259258","0","true"
"67","1","0","true"
"68","0.9273277819833459","0","true"
"69","0.9615384615384615","0","true"
"70","0.9615384615384615","0","true"
"71","0.49857549857549854","0","true"
"72","0.49655451965950553","0","true"
"73","0.9615384615384615","0","true"
"74","0.49857549857549854","0","true"
"75","0.49857549857549854","0","true"
"76","0.9615384615384615","0","true"
"77","0.501432664756447","0","true"
"78","0.6049382716049383","0","true"
"79","0.48688394276629565","0","true"
"80","0.521942905837239","0","true"
"81","1","0","true"
"82","0.9615384615384615","0","true"
"83","0.7433252427184467","0","true"
"84","0.8657243816254416","0","true"
"85","1","0","true"
"86","1","0","true"
"87","1","0","true"
"88","0.8632840028188864","0","true"
"89","1","0","true"
"90","0.5051546391752577","0","true"
"91","0.5880940950552088","0","true"
"92","0.5745778611632271","0","true"
"93","0.5745778611632271","0","true"
"94","0.5051546391752577","0","true"
"95","0.494949494949495","0","true"
"96","0.7433252427184466","0","true"
"97","0.8967789165446559","0","true"
"98","1","0","true"
"99","1","0","true"
"100","0.5014326647564471","0","true"

"""fragmentation"""
"x min","x max","y min","y max","autoplot?","current pen","legend open?","number of pens"
"0","116","0","1","true","""default""","false","1"

"pen name","pen down?","mode","interval","color","x"
"""default""","true","0","1","0","100"

"""default"""
"x","y","color","pen down?"
"0","0.3300537516109766","0","true"
"1","0.4773111124321187","0","true"
"2","0.49525965756332235","0","true"
"3","0.5747126436781609","0","true"
"4","0.48880405940133137","0","true"
"5","0.486877492349068","0","true"
"6","0.47359162870416316","0","true"
"7","0.5193135169889708","0","true"
"8","0.5769230769230769","0","true"
"9","0.4854368932038835","0","true"
"10","0.40523329859905055","0","true"
"11","0.486268698189228","0","true"
"12","0.5185185185185185","0","true"
"13","0.49624273358854387","0","true"
"14","0.4461440407903124","0","true"
"15","0.5747126436781609","0","true"
"16","0.5185185185185185","0","true"
"17","0.5038871292830406","0","true"
"18","0.5747126436781609","0","true"
"19","0.5769230769230769","0","true"
"20","0.49483953060935965","0","true"
"21","0.4300282589998771","0","true"
"22","0.5769230769230769","0","true"
"23","0.5769230769230769","0","true"
"24","0.38932146829810904","0","true"
"25","0.3940110323089046","0","true"
"26","0.48200514138817485","0","true"
"27","0.5193135169889707","0","true"
"28","0.5185185185185185","0","true"
"29","0.4854368932038835","0","true"
"30","0.49668874172185434","0","true"
"31","0.48855388051367943","0","true"
"32","0.41557824744716215","0","true"
"33","0.5201109570041609","0","true"
"34","0.3951230526078121","0","true"
"35","0.5081546726032037","0","true"
"36","0.3855050115651503","0","true"
"37","0.4996668887408395","0","true"
"38","0.5753109418661991","0","true"
"39","0.5193135169889708","0","true"
"40","0.5178025446296478","0","true"
"41","0.5201109570041609","0","true"
"42","0.5193135169889708","0","true"
"43","0.5769230769230769","0","true"
"44","0.48690006955715276","0","true"
"45","0.5185185185185185","0","true"
"46","0.5209108498288435","0","true"
"47","0.4385049070787221","0","true"
"48","0.5045651129264777","0","true"
"49","0.4969473235837001","0","true"
"50","0.5725190839694657","0","true"
"51","0.5769230769230769","0","true"
"52","0.5380200860832137","0","true"
"53","0.3901025412394115","0","true"
"54","0.5756263362754236","0","true"
"55","0.49486285229522103","0","true"
"56","0.539568345323741","0","true"
"57","0.5747126436781609","0","true"
"58","0.5185185185185185","0","true"
"59","0.5747126436781609","0","true"
"60","0.4669987546699875","0","true"
"61","0.49414090074827055","0","true"
"62","0.46410891089108913","0","true"
"63","0.5201109570041609","0","true"
"64","0.49621928166351603","0","true"
"65","0.5769230769230769","0","true"
"66","0.48355899419729204","0","true"
"67","0.5185185185185185","0","true"
"68","0.5201109570041609","0","true"
"69","0.4175946547884187","0","true"
"70","0.4854368932038835","0","true"
"71","0.49083769633507845","0","true"
"72","0.490814752489132","0","true"
"73","0.4854368932038835","0","true"
"74","0.49486285229522103","0","true"
"75","0.49291146371232747","0","true"
"76","0.5747126436781609","0","true"
"77","0.4927495424468535","0","true"
"78","0.5045651129264777","0","true"
"79","0.4513605295963548","0","true"
"80","0.49755958868407335","0","true"
"81","0.5769230769230769","0","true"
"82","0.4854368932038835","0","true"
"83","0.490814752489132","0","true"
"84","0.48766894245506476","0","true"
"85","0.5185185185185185","0","true"
"86","0.5185185185185185","0","true"
"87","0.5769230769230769","0","true"
"88","0.414577328542662","0","true"
"89","0.5185185185185185","0","true"
"90","0.49019607843137253","0","true"
"91","0.5053178690023581","0","true"
"92","0.47781569965870313","0","true"
"93","0.4837595024187975","0","true"
"94","0.48882681564245806","0","true"
"95","0.49284205585543295","0","true"
"96","0.497371038794941","0","true"
"97","0.5703422053231939","0","true"
"98","0.5769230769230769","0","true"
"99","0.5769230769230769","0","true"
"100","0.49483953060935953","0","true"

"EXTENSIONS"

