"export-world data (NetLogo 6.2.2)"
"cog-cascades-trust.nlogo"
"02/24/2023 17:15:20:089 -0500"

"RANDOM STATE"
"0 0 -1727483681 269 0.0 false 89925827 -871421661 1013686201 -336827077 -823372017 1640424497 2133053746 1810739802 -378246938 1121641079 1830907040 268918466 1367546871 -1073684457 -1989369331 -1588743302 -1485169744 2048596136 -1565050084 48257118 1705060518 772220551 -451851982 1628614038 1195885767 752135283 1651249727 -2080071347 -1904507974 -1033055917 -974636384 332395536 -758723770 -1643151016 657713610 -1217094709 -1897549898 41113480 319293810 -114996866 1049256331 1939657696 203088676 -858516428 -2100379701 -83463906 -476412511 1441311326 -816326705 1760745029 -1262824225 -1429756605 882564212 -1399381778 -2127395628 1775550107 -427729966 957880396 -1987151764 1712821465 240256008 1151554131 682191477 536841007 -81378298 1779304497 -1954633316 -731738569 2035267710 1487652027 1722261175 -1739353960 1569493303 893462946 579151639 505746405 530671985 1599218101 332802505 651737089 -1187949543 -535767227 -311467016 1509368563 1153020931 -1396597908 1859426464 1556337370 -1689123730 -64952377 -2141919810 1501743295 338944907 -720743169 1088072735 -994257921 1468917070 -925672706 -2010803586 2076082883 328694107 665097341 1627796125 1106737603 423029903 1960323225 1696199270 -550578049 -1404436797 2114361516 -2062888950 1070004578 397244011 -1943577614 938175834 -333216435 524256829 -665288219 -1556906554 -694449493 -625937915 2104789429 1599737910 -1677929803 1020121030 -1652138867 672224169 -835104656 -658730485 -1828955123 -1451174757 -1157960701 -1769478497 -456726750 -1974175404 628266110 -40722060 -1246095381 1772614595 -1682858887 1055469045 1537818887 377290328 1096656107 -1599242868 2099219834 -189806981 -1241928664 505741351 1951197688 -1123429942 -171118122 1640610821 -226279091 -755688040 -491176911 -1151860961 182752942 351582511 -281936918 1278253780 -836687721 -1144056221 39426843 470052778 -1417866692 402482388 -1868078151 541768181 1203998302 2027547078 -217994392 -1100712823 -503845355 853305509 -1599532510 -911761382 1766365410 334006471 -215280590 101891872 -1477079885 1843257948 540170961 2145292484 -1405390460 -1583464261 -505215643 882383828 754112124 876125011 314679394 -537314417 -868041 -1576367547 1446625035 -1808849796 -808374740 251264669 -55020021 879830449 1029070756 -1723612065 -1133827408 -1453771944 476112416 209340579 -727266973 -1663884932 -296754314 -1921151544 -1063144938 -1265223627 1276589090 -1231987162 -2137261166 315893496 -311284105 735695937 1027504580 -2034606509 1162909348 2071103435 625962762 1141041955 -1783244437 40873436 799027070 -1332243758 -1826820713 36922630 760476545 -307981234 734352420 2039942069 -245874489 -1997890245 2024770572 -1225978059 1538973898 -1347813579 -564639925 1672915384 1556565637 132085153 -407070319 978533153 1879895387 -1577644755 -1388188424 -725095339 -2119436764 890769579 -1947931471 1607068492 1976727144 -263797456 1955058848 1025088821 -178291228 1323603213 2121321013 2134830578 753227806 278404638 1665158654 -786524685 749519678 -1310375308 204671167 2138843500 -1080790791 1661329977 1952946464 467292893 121466237 -208778457 327797317 -1593817877 -2145619447 -192235991 1405372004 456260225 -1090982945 -690490094 432982837 1922129555 480118277 1724821504 -113855702 1916978497 694861504 -2235929 1540441461 2010859911 2102469149 -1433005854 800241397 -1883876468 -639332010 267429278 -100169689 -11254703 579960238 303994089 1562323021 477450429 899275294 -238731128 -246319890 1932993834 -609498387 963964372 1431610506 1092155504 2058853790 -1539722037 -2055183261 -999036564 -393099196 -1661330508 138775459 1107970310 -1989916682 -113297113 -71301107 -1733312937 -1645067371 -1830790311 1196691143 1479909143 -464505714 1053942557 -306732091 1248114049 -1343945593 1182610425 1745257307 1782177640 -607990108 -13732751 1590430071 1805827637 -1956174642 -1885858712 -771701177 -2053182584 -1995273773 1555410271 -2085433096 1207745791 263745222 -149285202 2108428029 1489152609 17089757 -1240717147 -1882692428 -1970656653 -633118346 -1267688434 853539640 -1582636177 -1082387757 570956178 1957198594 -2022632333 -87821367 -405257955 1999115663 880414754 -79317050 -1005546054 1970146912 -410475622 156422651 -1371950282 799433682 -1021636694 -1187553755 -1957091166 2053293917 -1362817231 -2011494729 -1536561512 -1046253024 -1406735508 135872206 -1932417596 -2059427062 -785988034 1685747468 -716757718 -2026727525 2121578359 -1475192554 -1005376092 -480026925 -2026806898 275454363 -286210091 1607255527 1801967274 -1741451041 -1229189142 -688430243 -716940413 811714542 1130324196 1447034859 1316091348 519609677 1211816438 1158731539 773074063 -754835956 -1011754956 1101444375 746442238 -1282810837 771299564 125491351 1695475015 1925243681 -1985669313 -1989976800 -1172143355 1296051215 1811783047 1118575701 869324405 -219240304 726526493 -1991465112 -1816304975 -1118644990 385271896 -677359177 1034546729 -1378912281 -1728263390 632636591 -1708865319 -1904650840 568574359 -1400814262 643026062 -1253703897 405738362 -149612493 -204389311 856095687 309596600 -2039245054 -346252649 1939913478 467396115 1186986600 -2102542969 286281568 -14468737 -2125493563 1219301076 -867645694 41478598 -1940172437 -117849553 -242951814 -1334003889 2020325288 -1183970821 1273281164 -1830752553 1321884191 -225570122 -1982629797 972790600 343690101 -451036664 -1609231757 -529276080 -214612111 -58013372 -722237892 -567968584 1272253880 -4776103 670744227 -1863126262 913334366 -627623264 80306394 -423578077 179601979 -56107265 304230147 -1091801543 -776895731 -301872850 -1281802635 -721884054 1241432940 668306288 931542189 -455718275 -100320251 983501591 545643133 1305739661 -998475266 1680254912 2106825841 -2041417379 704326164 -61816525 -669301576 -2116805256 467784831 -1002894165 -654396321 1948292482 -1224050900 1069581420 -1064450030 -88316282 1267266080 662200661 -1815961377 621241102 1243503014 -658013689 -1621617624 -1784698692 971946142 481740311 -1954134547 -788432518 -690446729 -1136429156 -1465877383 1933977915 1120876370 -856089743 -1939470174 -1110529994 -498807238 1878159717 1712084757 909140966 -376999768 134127407 -191891907 -1458828987 1147145965 -527900343 -124106335 1189804227 775377430 1137687235 1964912363 577097816 -1724151575 595497682 -505906200 -733169575 329641241 493231744 1715478254 101612752 -680476880 1152377408 -2090228973 5236359 1239287625 1388431857 1838898315 -1418347032 1267426858 -1019029475 -1532245857 -1296380059 -1798120969 -353076728 -1199666624 1346025073 -1542945871 385983499 -451968287 -522495503 1782831272 -481190405 -720422596 -1679422879 -2009644169 22066658 -1748443068 927936833 -1853516308 -1437229590 896481801 783781854 -425527325 123971635 1025121320 1888820645 917003751 318902727 -186031011 -1329585141 742402481 11410623 -1636513488 -1130113579 573199221 -1421972395 722028344 -206621927 -462851287 750938438 -2131737074 -1776389025 -257621024 -1599195358 531990810"

"GLOBALS"
"min-pxcor","max-pxcor","min-pycor","max-pycor","perspective","subject","nextIndex","directed-links","ticks","ba-m","behavior-rand","belief-resolution","beliefs-over-time","brain-type","cit-init-normal-mean","cit-init-normal-std","cit-memory-len","citizen-citizen-influence","citizen-citizen-trust?","citizen-init-dist","citizen-malleables","citizen-media-influence","citizen-media-trust?","citizen-priors","citizen-trust-fn","cits-hear-from-path?","cognitive-exponent","cognitive-exponent?","cognitive-fn","cognitive-scalar","cognitive-scalar?","cognitive-translate","cognitive-translate?","complex-spread-ratio","contagion-dir","contagion-on?","cur-message-id","epsilon","erdos-renyi-p","graph-homophily?","graph-type","institution-tactic","kronecker-k","kronecker-seed","load-graph-path","load-graph?","mag-g","mag-style","matrix-spread?","matrix-trust-conn?","media-agents?","media-citizen-influence","media-dist-normal-mean","media-dist-normal-std","media-ecosystem","media-ecosystem-dist","media-ecosystem-file","media-ecosystem-n","media-ecosystem-path","message-file","message-repeats","messages-data-path","messages-over-time","n","repetition","save-graph-path","selected-turtle","show-citizen-political?","show-media-connections?","show-social-friends?","sim-output-dir","simple-spread-chance","spread-type","threshold","tick-end","topics","watts-strogatz-k","watts-strogatz-p","zeta-cit","zeta-media"
"-16","16","-16","16","0","nobody","65","""NEITHER""","100","3","4429","7","[[0 [[[""A"" 5]] [[""A"" 4]] [[""A"" 1]] [[""A"" 0]] [[""A"" 4]] [[""A"" 6]] [[""A"" 1]] [[""A"" 1]] [[""A"" 0]] [[""A"" 2]] [[""A"" 1]] [[""A"" 5]] [[""A"" 1]] [[""A"" 0]] [[""A"" 5]] [[""A"" 0]] [[""A"" 1]] [[""A"" 4]] [[""A"" 4]] [[""A"" 0]] [[""A"" 2]] [[""A"" 3]] [[""A"" 1]] [[""A"" 0]] [[""A"" 4]] [[""A"" 0]] [[""A"" 6]] [[""A"" 0]] [[""A"" 5]] [[""A"" 4]] [[""A"" 2]] [[""A"" 2]] [[""A"" 5]] [[""A"" 6]] [[""A"" 2]] [[""A"" 0]] [[""A"" 5]] [[""A"" 0]] [[""A"" 2]] [[""A"" 5]] [[""A"" 2]] [[""A"" 4]] [[""A"" 3]] [[""A"" 1]] [[""A"" 4]] [[""A"" 6]] [[""A"" 6]] [[""A"" 3]] [[""A"" 1]] [[""A"" 5]]]] [1 [[[""A"" 2]] [[""A"" 1]] [[""A"" 2]] [[""A"" 1]] [[""A"" 6]] [[""A"" 1]] [[""A"" 1]] [[""A"" 2]] [[""A"" 1]] [[""A"" 1]] [[""A"" 1]] [[""A"" 1]] [[""A"" 1]] [[""A"" 1]] [[""A"" 1]] [[""A"" 1]] [[""A"" 1]] [[""A"" 1]] [[""A"" 3]] [[""A"" 1]] [[""A"" 1]] [[""A"" 1]] [[""A"" 1]] [[""A"" 1]] [[""A"" 6]] [[""A"" 1]] [[""A"" 1]] [[""A"" 1]] [[""A"" 1]] [[""A"" 6]] [[""A"" 1]] [[""A"" 1]] [[""A"" 1]] [[""A"" 1]] [[""A"" 1]] [[""A"" 1]] [[""A"" 1]] [[""A"" 1]] [[""A"" 1]] [[""A"" 1]] [[""A"" 0]] [[""A"" 6]] [[""A"" 1]] [[""A"" 1]] [[""A"" 1]] [[""A"" 1]] [[""A"" 6]] [[""A"" 1]] [[""A"" 1]] [[""A"" 1]]]] [2 [[[""A"" 1]] [[""A"" 1]] [[""A"" 5]] [[""A"" 1]] [[""A"" 5]] [[""A"" 1]] [[""A"" 1]] [[""A"" 1]] [[""A"" 1]] [[""A"" 5]] [[""A"" 1]] [[""A"" 1]] [[""A"" 1]] [[""A"" 1]] [[""A"" 1]] [[""A"" 1]] [[""A"" 1]] [[""A"" 1]] [[""A"" 1]] [[""A"" 1]] [[""A"" 1]] [[""A"" 1]] [[""A"" 1]] [[""A"" 1]] [[""A"" 5]] [[""A"" 3]] [[""A"" 1]] [[""A"" 1]] [[""A"" 1]] [[""A"" 5]] [[""A"" 1]] [[""A"" 1]] [[""A"" 1]] [[""A"" 5]] [[""A"" 1]] [[""A"" 1]] [[""A"" 1]] [[""A"" 1]] [[""A"" 1]] [[""A"" 1]] [[""A"" 1]] [[""A"" 5]] [[""A"" 1]] [[""A"" 1]] [[""A"" 5]] [[""A"" 1]] [[""A"" 5]] [[""A"" 1]] [[""A"" 1]] [[""A"" 1]]]] [3 [[[""A"" 4]] [[""A"" 0]] [[""A"" 0]] [[""A"" 4]] [[""A"" 4]] [[""A"" 2]] [[""A"" 4]] [[""A"" 2]] [[""A"" 0]] [[""A"" 4]] [[""A"" 0]] [[""A"" 4]] [[""A"" 4]] [[""A"" 4]] [[""A"" 0]] [[""A"" 0]] [[""A"" 4]] [[""A"" 4]] [[""A"" 0]] [[""A"" 4]] [[""A"" 4]] [[""A"" 0]] [[""A"" 4]] [[""A"" 4]] [[""A"" 4]] [[""A"" 4]] [[""A"" 4]] [[""A"" 4]] [[""A"" 0]] [[""A"" 4]] [[""A"" 4]] [[""A"" 4]] [[""A"" 2]] [[""A"" 0]] [[""A"" 4]] [[""A"" 0]] [[""A"" 4]] [[""A"" 4]] [[""A"" 4]] [[""A"" 4]] [[""A"" 4]] [[""A"" 2]] [[""A"" 0]] [[""A"" 4]] [[""A"" 4]] [[""A"" 4]] [[""A"" 4]] [[""A"" 4]] [[""A"" 0]] [[""A"" 4]]]] [4 [[[""A"" 1]] [[""A"" 1]] [[""A"" 1]] [[""A"" 1]] [[""A"" 1]] [[""A"" 1]] [[""A"" 3]] [[""A"" 4]] [[""A"" 3]] [[""A"" 1]] [[""A"" 1]] [[""A"" 3]] [[""A"" 1]] [[""A"" 1]] [[""A"" 1]] [[""A"" 1]] [[""A"" 1]] [[""A"" 3]] [[""A"" 1]] [[""A"" 1]] [[""A"" 1]] [[""A"" 1]] [[""A"" 1]] [[""A"" 1]] [[""A"" 1]] [[""A"" 1]] [[""A"" 1]] [[""A"" 1]] [[""A"" 3]] [[""A"" 1]] [[""A"" 3]] [[""A"" 1]] [[""A"" 1]] [[""A"" 3]] [[""A"" 3]] [[""A"" 1]] [[""A"" 1]] [[""A"" 1]] [[""A"" 1]] [[""A"" 1]] [[""A"" 1]] [[""A"" 1]] [[""A"" 1]] [[""A"" 1]] [[""A"" 3]] [[""A"" 1]] [[""A"" 3]] [[""A"" 1]] [[""A"" 3]] [[""A"" 1]]]] [5 [[[""A"" 4]] [[""A"" 1]] [[""A"" 1]] [[""A"" 1]] [[""A"" 1]] [[""A"" 1]] [[""A"" 1]] [[""A"" 1]] [[""A"" 1]] [[""A"" 4]] [[""A"" 1]] [[""A"" 4]] [[""A"" 1]] [[""A"" 1]] [[""A"" 1]] [[""A"" 1]] [[""A"" 4]] [[""A"" 1]] [[""A"" 1]] [[""A"" 1]] [[""A"" 4]] [[""A"" 1]] [[""A"" 1]] [[""A"" 4]] [[""A"" 1]] [[""A"" 1]] [[""A"" 1]] [[""A"" 1]] [[""A"" 4]] [[""A"" 1]] [[""A"" 4]] [[""A"" 4]] [[""A"" 1]] [[""A"" 1]] [[""A"" 1]] [[""A"" 1]] [[""A"" 1]] [[""A"" 1]] [[""A"" 4]] [[""A"" 1]] [[""A"" 1]] [[""A"" 1]] [[""A"" 1]] [[""A"" 1]] [[""A"" 1]] [[""A"" 4]] [[""A"" 4]] [[""A"" 1]] [[""A"" 1]] [[""A"" 1]]]] [6 [[[""A"" 1]] [[""A"" 1]] [[""A"" 1]] [[""A"" 1]] [[""A"" 1]] [[""A"" 1]] [[""A"" 1]] [[""A"" 1]] [[""A"" 1]] [[""A"" 6]] [[""A"" 1]] [[""A"" 1]] [[""A"" 1]] [[""A"" 1]] [[""A"" 1]] [[""A"" 1]] [[""A"" 6]] [[""A"" 1]] [[""A"" 1]] [[""A"" 1]] [[""A"" 6]] [[""A"" 1]] [[""A"" 1]] [[""A"" 1]] [[""A"" 1]] [[""A"" 1]] [[""A"" 1]] [[""A"" 1]] [[""A"" 1]] [[""A"" 1]] [[""A"" 1]] [[""A"" 1]] [[""A"" 1]] [[""A"" 1]] [[""A"" 1]] [[""A"" 1]] [[""A"" 1]] [[""A"" 1]] [[""A"" 1]] [[""A"" 1]] [[""A"" 1]] [[""A"" 1]] [[""A"" 1]] [[""A"" 1]] [[""A"" 1]] [[""A"" 1]] [[""A"" 1]] [[""A"" 1]] [[""A"" 1]] [[""A"" 1]]]] [7 [[[""A"" 1]] [[""A"" 1]] [[""A"" 1]] [[""A"" 1]] [[""A"" 1]] [[""A"" 1]] [[""A"" 1]] [[""A"" 1]] [[""A"" 1]] [[""A"" 6]] [[""A"" 1]] [[""A"" 1]] [[""A"" 1]] [[""A"" 1]] [[""A"" 1]] [[""A"" 1]] [[""A"" 6]] [[""A"" 1]] [[""A"" 1]] [[""A"" 1]] [[""A"" 6]] [[""A"" 1]] [[""A"" 1]] [[""A"" 1]] [[""A"" 1]] [[""A"" 1]] [[""A"" 1]] [[""A"" 1]] [[""A"" 1]] [[""A"" 1]] [[""A"" 1]] [[""A"" 1]] [[""A"" 1]] [[""A"" 1]] [[""A"" 1]] [[""A"" 1]] [[""A"" 1]] [[""A"" 1]] [[""A"" 1]] [[""A"" 1]] [[""A"" 1]] [[""A"" 1]] [[""A"" 1]] [[""A"" 1]] [[""A"" 1]] [[""A"" 1]] [[""A"" 1]] [[""A"" 1]] [[""A"" 1]] [[""A"" 1]]]] [8 [[[""A"" 1]] [[""A"" 1]] [[""A"" 1]] [[""A"" 1]] [[""A"" 1]] [[""A"" 1]] [[""A"" 3]] [[""A"" 3]] [[""A"" 1]] [[""A"" 6]] [[""A"" 1]] [[""A"" 1]] [[""A"" 1]] [[""A"" 1]] [[""A"" 3]] [[""A"" 1]] [[""A"" 6]] [[""A"" 1]] [[""A"" 1]] [[""A"" 1]] [[""A"" 6]] [[""A"" 1]] [[""A"" 1]] [[""A"" 1]] [[""A"" 1]] [[""A"" 1]] [[""A"" 1]] [[""A"" 1]] [[""A"" 1]] [[""A"" 1]] [[""A"" 1]] [[""A"" 1]] [[""A"" 1]] [[""A"" 1]] [[""A"" 1]] [[""A"" 3]] [[""A"" 3]] [[""A"" 1]] [[""A"" 3]] [[""A"" 3]] [[""A"" 1]] [[""A"" 1]] [[""A"" 1]] [[""A"" 3]] [[""A"" 3]] [[""A"" 1]] [[""A"" 1]] [[""A"" 1]] [[""A"" 1]] [[""A"" 1]]]] [9 [[[""A"" 0]] [[""A"" 0]] [[""A"" 5]] [[""A"" 2]] [[""A"" 0]] [[""A"" 5]] [[""A"" 0]] [[""A"" 0]] [[""A"" 5]] [[""A"" 5]] [[""A"" 0]] [[""A"" 0]] [[""A"" 5]] [[""A"" 0]] [[""A"" 0]] [[""A"" 5]] [[""A"" 5]] [[""A"" 0]] [[""A"" 5]] [[""A"" 0]] [[""A"" 5]] [[""A"" 0]] [[""A"" 5]] [[""A"" 0]] [[""A"" 0]] [[""A"" 5]] [[""A"" 0]] [[""A"" 0]] [[""A"" 0]] [[""A"" 5]] [[""A"" 0]] [[""A"" 5]] [[""A"" 0]] [[""A"" 0]] [[""A"" 0]] [[""A"" 0]] [[""A"" 0]] [[""A"" 5]] [[""A"" 0]] [[""A"" 5]] [[""A"" 0]] [[""A"" 0]] [[""A"" 5]] [[""A"" 0]] [[""A"" 0]] [[""A"" 0]] [[""A"" 0]] [[""A"" 0]] [[""A"" 0]] [[""A"" 0]]]] [10 [[[""A"" 4]] [[""A"" 6]] [[""A"" 4]] [[""A"" 2]] [[""A"" 4]] [[""A"" 4]] [[""A"" 2]] [[""A"" 4]] [[""A"" 4]] [[""A"" 2]] [[""A"" 6]] [[""A"" 2]] [[""A"" 4]] [[""A"" 4]] [[""A"" 2]] [[""A"" 2]] [[""A"" 4]] [[""A"" 2]] [[""A"" 4]] [[""A"" 4]] [[""A"" 4]] [[""A"" 2]] [[""A"" 4]] [[""A"" 2]] [[""A"" 4]] [[""A"" 4]] [[""A"" 4]] [[""A"" 2]] [[""A"" 2]] [[""A"" 4]] [[""A"" 6]] [[""A"" 4]] [[""A"" 4]] [[""A"" 4]] [[""A"" 2]] [[""A"" 2]] [[""A"" 2]] [[""A"" 4]] [[""A"" 2]] [[""A"" 6]] [[""A"" 2]] [[""A"" 2]] [[""A"" 2]] [[""A"" 2]] [[""A"" 4]] [[""A"" 4]] [[""A"" 2]] [[""A"" 2]] [[""A"" 4]] [[""A"" 4]]]] [11 [[[""A"" 2]] [[""A"" 2]] [[""A"" 2]] [[""A"" 2]] [[""A"" 2]] [[""A"" 2]] [[""A"" 2]] [[""A"" 2]] [[""A"" 2]] [[""A"" 2]] [[""A"" 2]] [[""A"" 2]] [[""A"" 4]] [[""A"" 2]] [[""A"" 2]] [[""A"" 2]] [[""A"" 2]] [[""A"" 2]] [[""A"" 1]] [[""A"" 4]] [[""A"" 2]] [[""A"" 2]] [[""A"" 2]] [[""A"" 2]] [[""A"" 2]] [[""A"" 2]] [[""A"" 2]] [[""A"" 2]] [[""A"" 2]] [[""A"" 2]] [[""A"" 2]] [[""A"" 2]] [[""A"" 2]] [[""A"" 2]] [[""A"" 2]] [[""A"" 2]] [[""A"" 2]] [[""A"" 2]] [[""A"" 2]] [[""A"" 2]] [[""A"" 4]] [[""A"" 2]] [[""A"" 4]] [[""A"" 2]] [[""A"" 2]] [[""A"" 2]] [[""A"" 2]] [[""A"" 2]] [[""A"" 2]] [[""A"" 2]]]] [12 [[[""A"" 1]] [[""A"" 3]] [[""A"" 3]] [[""A"" 1]] [[""A"" 3]] [[""A"" 0]] [[""A"" 3]] [[""A"" 1]] [[""A"" 1]] [[""A"" 3]] [[""A"" 1]] [[""A"" 3]] [[""A"" 3]] [[""A"" 3]] [[""A"" 1]] [[""A"" 1]] [[""A"" 3]] [[""A"" 1]] [[""A"" 3]] [[""A"" 3]] [[""A"" 3]] [[""A"" 1]] [[""A"" 1]] [[""A"" 1]] [[""A"" 3]] [[""A"" 3]] [[""A"" 3]] [[""A"" 1]] [[""A"" 1]] [[""A"" 1]] [[""A"" 3]] [[""A"" 3]] [[""A"" 1]] [[""A"" 3]] [[""A"" 1]] [[""A"" 1]] [[""A"" 1]] [[""A"" 1]] [[""A"" 3]] [[""A"" 1]] [[""A"" 1]] [[""A"" 1]] [[""A"" 3]] [[""A"" 3]] [[""A"" 1]] [[""A"" 3]] [[""A"" 1]] [[""A"" 1]] [[""A"" 3]] [[""A"" 3]]]] [13 [[[""A"" 4]] [[""A"" 4]] [[""A"" 1]] [[""A"" 1]] [[""A"" 4]] [[""A"" 4]] [[""A"" 1]] [[""A"" 4]] [[""A"" 4]] [[""A"" 4]] [[""A"" 1]] [[""A"" 4]] [[""A"" 4]] [[""A"" 1]] [[""A"" 1]] [[""A"" 1]] [[""A"" 1]] [[""A"" 4]] [[""A"" 4]] [[""A"" 4]] [[""A"" 4]] [[""A"" 1]] [[""A"" 4]] [[""A"" 0]] [[""A"" 4]] [[""A"" 1]] [[""A"" 1]] [[""A"" 4]] [[""A"" 1]] [[""A"" 4]] [[""A"" 1]] [[""A"" 4]] [[""A"" 4]] [[""A"" 1]] [[""A"" 1]] [[""A"" 1]] [[""A"" 4]] [[""A"" 1]] [[""A"" 4]] [[""A"" 1]] [[""A"" 1]] [[""A"" 1]] [[""A"" 4]] [[""A"" 4]] [[""A"" 1]] [[""A"" 1]] [[""A"" 4]] [[""A"" 1]] [[""A"" 4]] [[""A"" 1]]]] [14 [[[""A"" 4]] [[""A"" 4]] [[""A"" 4]] [[""A"" 4]] [[""A"" 1]] [[""A"" 4]] [[""A"" 4]] [[""A"" 4]] [[""A"" 1]] [[""A"" 4]] [[""A"" 1]] [[""A"" 4]] [[""A"" 4]] [[""A"" 4]] [[""A"" 1]] [[""A"" 4]] [[""A"" 4]] [[""A"" 4]] [[""A"" 1]] [[""A"" 1]] [[""A"" 1]] [[""A"" 4]] [[""A"" 1]] [[""A"" 4]] [[""A"" 4]] [[""A"" 4]] [[""A"" 4]] [[""A"" 1]] [[""A"" 1]] [[""A"" 4]] [[""A"" 4]] [[""A"" 4]] [[""A"" 4]] [[""A"" 4]] [[""A"" 4]] [[""A"" 1]] [[""A"" 4]] [[""A"" 4]] [[""A"" 1]] [[""A"" 4]] [[""A"" 1]] [[""A"" 4]] [[""A"" 1]] [[""A"" 4]] [[""A"" 4]] [[""A"" 4]] [[""A"" 4]] [[""A"" 4]] [[""A"" 4]] [[""A"" 4]]]] [15 [[[""A"" 1]] [[""A"" 4]] [[""A"" 1]] [[""A"" 1]] [[""A"" 1]] [[""A"" 1]] [[""A"" 1]] [[""A"" 1]] [[""A"" 1]] [[""A"" 4]] [[""A"" 1]] [[""A"" 1]] [[""A"" 1]] [[""A"" 1]] [[""A"" 4]] [[""A"" 1]] [[""A"" 6]] [[""A"" 1]] [[""A"" 1]] [[""A"" 1]] [[""A"" 4]] [[""A"" 1]] [[""A"" 4]] [[""A"" 4]] [[""A"" 4]] [[""A"" 1]] [[""A"" 1]] [[""A"" 1]] [[""A"" 1]] [[""A"" 1]] [[""A"" 4]] [[""A"" 1]] [[""A"" 1]] [[""A"" 2]] [[""A"" 1]] [[""A"" 4]] [[""A"" 1]] [[""A"" 1]] [[""A"" 4]] [[""A"" 1]] [[""A"" 1]] [[""A"" 1]] [[""A"" 1]] [[""A"" 1]] [[""A"" 1]] [[""A"" 6]] [[""A"" 6]] [[""A"" 4]] [[""A"" 1]] [[""A"" 4]]]] [16 [[[""A"" 2]] [[""A"" 2]] [[""A"" 2]] [[""A"" 2]] [[""A"" 2]] [[""A"" 2]] [[""A"" 2]] [[""A"" 2]] [[""A"" 2]] [[""A"" 2]] [[""A"" 2]] [[""A"" 2]] [[""A"" 2]] [[""A"" 2]] [[""A"" 2]] [[""A"" 2]] [[""A"" 5]] [[""A"" 2]] [[""A"" 2]] [[""A"" 2]] [[""A"" 2]] [[""A"" 2]] [[""A"" 2]] [[""A"" 2]] [[""A"" 2]] [[""A"" 2]] [[""A"" 2]] [[""A"" 2]] [[""A"" 2]] [[""A"" 2]] [[""A"" 2]] [[""A"" 2]] [[""A"" 2]] [[""A"" 2]] [[""A"" 2]] [[""A"" 1]] [[""A"" 2]] [[""A"" 2]] [[""A"" 2]] [[""A"" 2]] [[""A"" 2]] [[""A"" 2]] [[""A"" 2]] [[""A"" 2]] [[""A"" 2]] [[""A"" 2]] [[""A"" 5]] [[""A"" 2]] [[""A"" 2]] [[""A"" 2]]]] [17 [[[""A"" 2]] [[""A"" 0]] [[""A"" 4]] [[""A"" 4]] [[""A"" 4]] [[""A"" 4]] [[""A"" 2]] [[""A"" 4]] [[""A"" 2]] [[""A"" 4]] [[""A"" 2]] [[""A"" 4]] [[""A"" 4]] [[""A"" 4]] [[""A"" 2]] [[""A"" 4]] [[""A"" 4]] [[""A"" 2]] [[""A"" 4]] [[""A"" 4]] [[""A"" 0]] [[""A"" 4]] [[""A"" 2]] [[""A"" 0]] [[""A"" 2]] [[""A"" 2]] [[""A"" 4]] [[""A"" 2]] [[""A"" 2]] [[""A"" 2]] [[""A"" 0]] [[""A"" 4]] [[""A"" 4]] [[""A"" 2]] [[""A"" 2]] [[""A"" 4]] [[""A"" 4]] [[""A"" 2]] [[""A"" 2]] [[""A"" 2]] [[""A"" 4]] [[""A"" 2]] [[""A"" 4]] [[""A"" 4]] [[""A"" 4]] [[""A"" 0]] [[""A"" 4]] [[""A"" 4]] [[""A"" 4]] [[""A"" 4]]]] [18 [[[""A"" 6]] [[""A"" 4]] [[""A"" 2]] [[""A"" 4]] [[""A"" 2]] [[""A"" 4]] [[""A"" 4]] [[""A"" 2]] [[""A"" 2]] [[""A"" 4]] [[""A"" 6]] [[""A"" 0]] [[""A"" 2]] [[""A"" 2]] [[""A"" 2]] [[""A"" 4]] [[""A"" 0]] [[""A"" 4]] [[""A"" 2]] [[""A"" 2]] [[""A"" 2]] [[""A"" 2]] [[""A"" 0]] [[""A"" 2]] [[""A"" 2]] [[""A"" 2]] [[""A"" 4]] [[""A"" 6]] [[""A"" 0]] [[""A"" 0]] [[""A"" 2]] [[""A"" 2]] [[""A"" 2]] [[""A"" 2]] [[""A"" 0]] [[""A"" 4]] [[""A"" 2]] [[""A"" 4]] [[""A"" 2]] [[""A"" 0]] [[""A"" 2]] [[""A"" 2]] [[""A"" 6]] [[""A"" 0]] [[""A"" 4]] [[""A"" 2]] [[""A"" 2]] [[""A"" 2]] [[""A"" 0]] [[""A"" 2]]]] [19 [[[""A"" 1]] [[""A"" 6]] [[""A"" 1]] [[""A"" 6]] [[""A"" 1]] [[""A"" 6]] [[""A"" 6]] [[""A"" 1]] [[""A"" 1]] [[""A"" 1]] [[""A"" 1]] [[""A"" 6]] [[""A"" 1]] [[""A"" 2]] [[""A"" 1]] [[""A"" 1]] [[""A"" 1]] [[""A"" 1]] [[""A"" 1]] [[""A"" 1]] [[""A"" 1]] [[""A"" 6]] [[""A"" 1]] [[""A"" 1]] [[""A"" 6]] [[""A"" 6]] [[""A"" 1]] [[""A"" 6]] [[""A"" 1]] [[""A"" 1]] [[""A"" 1]] [[""A"" 1]] [[""A"" 1]] [[""A"" 6]] [[""A"" 1]] [[""A"" 1]] [[""A"" 1]] [[""A"" 1]] [[""A"" 6]] [[""A"" 1]] [[""A"" 1]] [[""A"" 1]] [[""A"" 1]] [[""A"" 1]] [[""A"" 1]] [[""A"" 1]] [[""A"" 6]] [[""A"" 1]] [[""A"" 1]] [[""A"" 1]]]] [20 [[[""A"" 2]] [[""A"" 2]] [[""A"" 2]] [[""A"" 6]] [[""A"" 2]] [[""A"" 2]] [[""A"" 4]] [[""A"" 2]] [[""A"" 2]] [[""A"" 2]] [[""A"" 2]] [[""A"" 2]] [[""A"" 2]] [[""A"" 2]] [[""A"" 2]] [[""A"" 2]] [[""A"" 2]] [[""A"" 5]] [[""A"" 2]] [[""A"" 2]] [[""A"" 2]] [[""A"" 2]] [[""A"" 2]] [[""A"" 2]] [[""A"" 4]] [[""A"" 6]] [[""A"" 2]] [[""A"" 4]] [[""A"" 2]] [[""A"" 2]] [[""A"" 2]] [[""A"" 2]] [[""A"" 5]] [[""A"" 2]] [[""A"" 2]] [[""A"" 2]] [[""A"" 2]] [[""A"" 2]] [[""A"" 2]] [[""A"" 2]] [[""A"" 2]] [[""A"" 2]] [[""A"" 2]] [[""A"" 5]] [[""A"" 2]] [[""A"" 2]] [[""A"" 4]] [[""A"" 2]] [[""A"" 2]] [[""A"" 2]]]] [21 [[[""A"" 0]] [[""A"" 0]] [[""A"" 0]] [[""A"" 0]] [[""A"" 0]] [[""A"" 0]] [[""A"" 0]] [[""A"" 0]] [[""A"" 0]] [[""A"" 0]] [[""A"" 0]] [[""A"" 0]] [[""A"" 0]] [[""A"" 4]] [[""A"" 0]] [[""A"" 0]] [[""A"" 0]] [[""A"" 0]] [[""A"" 0]] [[""A"" 0]] [[""A"" 0]] [[""A"" 0]] [[""A"" 0]] [[""A"" 0]] [[""A"" 0]] [[""A"" 4]] [[""A"" 1]] [[""A"" 0]] [[""A"" 0]] [[""A"" 0]] [[""A"" 0]] [[""A"" 0]] [[""A"" 0]] [[""A"" 0]] [[""A"" 0]] [[""A"" 0]] [[""A"" 0]] [[""A"" 0]] [[""A"" 4]] [[""A"" 0]] [[""A"" 0]] [[""A"" 0]] [[""A"" 0]] [[""A"" 4]] [[""A"" 0]] [[""A"" 0]] [[""A"" 0]] [[""A"" 0]] [[""A"" 0]] [[""A"" 0]]]] [22 [[[""A"" 1]] [[""A"" 3]] [[""A"" 1]] [[""A"" 5]] [[""A"" 5]] [[""A"" 1]] [[""A"" 3]] [[""A"" 1]] [[""A"" 3]] [[""A"" 3]] [[""A"" 3]] [[""A"" 1]] [[""A"" 3]] [[""A"" 5]] [[""A"" 1]] [[""A"" 3]] [[""A"" 1]] [[""A"" 1]] [[""A"" 3]] [[""A"" 1]] [[""A"" 1]] [[""A"" 3]] [[""A"" 3]] [[""A"" 3]] [[""A"" 3]] [[""A"" 1]] [[""A"" 3]] [[""A"" 3]] [[""A"" 3]] [[""A"" 1]] [[""A"" 1]] [[""A"" 3]] [[""A"" 5]] [[""A"" 3]] [[""A"" 5]] [[""A"" 1]] [[""A"" 1]] [[""A"" 3]] [[""A"" 1]] [[""A"" 1]] [[""A"" 1]] [[""A"" 1]] [[""A"" 1]] [[""A"" 5]] [[""A"" 3]] [[""A"" 1]] [[""A"" 3]] [[""A"" 1]] [[""A"" 1]] [[""A"" 3]]]] [23 [[[""A"" 1]] [[""A"" 1]] [[""A"" 1]] [[""A"" 1]] [[""A"" 1]] [[""A"" 5]] [[""A"" 1]] [[""A"" 1]] [[""A"" 1]] [[""A"" 5]] [[""A"" 1]] [[""A"" 1]] [[""A"" 1]] [[""A"" 1]] [[""A"" 1]] [[""A"" 1]] [[""A"" 1]] [[""A"" 1]] [[""A"" 1]] [[""A"" 1]] [[""A"" 1]] [[""A"" 1]] [[""A"" 1]] [[""A"" 1]] [[""A"" 1]] [[""A"" 1]] [[""A"" 1]] [[""A"" 1]] [[""A"" 1]] [[""A"" 1]] [[""A"" 5]] [[""A"" 5]] [[""A"" 1]] [[""A"" 1]] [[""A"" 1]] [[""A"" 1]] [[""A"" 0]] [[""A"" 1]] [[""A"" 1]] [[""A"" 1]] [[""A"" 1]] [[""A"" 5]] [[""A"" 1]] [[""A"" 1]] [[""A"" 1]] [[""A"" 1]] [[""A"" 1]] [[""A"" 1]] [[""A"" 1]] [[""A"" 5]]]] [24 [[[""A"" 4]] [[""A"" 2]] [[""A"" 2]] [[""A"" 2]] [[""A"" 2]] [[""A"" 2]] [[""A"" 2]] [[""A"" 2]] [[""A"" 4]] [[""A"" 2]] [[""A"" 2]] [[""A"" 2]] [[""A"" 0]] [[""A"" 2]] [[""A"" 2]] [[""A"" 2]] [[""A"" 2]] [[""A"" 2]] [[""A"" 2]] [[""A"" 2]] [[""A"" 2]] [[""A"" 2]] [[""A"" 4]] [[""A"" 2]] [[""A"" 2]] [[""A"" 2]] [[""A"" 2]] [[""A"" 2]] [[""A"" 2]] [[""A"" 4]] [[""A"" 2]] [[""A"" 2]] [[""A"" 2]] [[""A"" 2]] [[""A"" 2]] [[""A"" 2]] [[""A"" 2]] [[""A"" 4]] [[""A"" 2]] [[""A"" 2]] [[""A"" 2]] [[""A"" 2]] [[""A"" 2]] [[""A"" 4]] [[""A"" 4]] [[""A"" 2]] [[""A"" 2]] [[""A"" 2]] [[""A"" 2]] [[""A"" 2]]]] [25 [[[""A"" 4]] [[""A"" 1]] [[""A"" 1]] [[""A"" 1]] [[""A"" 4]] [[""A"" 1]] [[""A"" 1]] [[""A"" 4]] [[""A"" 1]] [[""A"" 1]] [[""A"" 4]] [[""A"" 4]] [[""A"" 4]] [[""A"" 1]] [[""A"" 4]] [[""A"" 4]] [[""A"" 4]] [[""A"" 1]] [[""A"" 4]] [[""A"" 1]] [[""A"" 1]] [[""A"" 4]] [[""A"" 4]] [[""A"" 4]] [[""A"" 1]] [[""A"" 4]] [[""A"" 4]] [[""A"" 4]] [[""A"" 4]] [[""A"" 4]] [[""A"" 1]] [[""A"" 4]] [[""A"" 4]] [[""A"" 4]] [[""A"" 4]] [[""A"" 4]] [[""A"" 4]] [[""A"" 1]] [[""A"" 1]] [[""A"" 1]] [[""A"" 4]] [[""A"" 1]] [[""A"" 4]] [[""A"" 4]] [[""A"" 4]] [[""A"" 4]] [[""A"" 1]] [[""A"" 1]] [[""A"" 4]] [[""A"" 4]]]] [26 [[[""A"" 2]] [[""A"" 0]] [[""A"" 0]] [[""A"" 0]] [[""A"" 0]] [[""A"" 2]] [[""A"" 0]] [[""A"" 2]] [[""A"" 2]] [[""A"" 0]] [[""A"" 2]] [[""A"" 0]] [[""A"" 2]] [[""A"" 2]] [[""A"" 0]] [[""A"" 2]] [[""A"" 0]] [[""A"" 0]] [[""A"" 0]] [[""A"" 0]] [[""A"" 0]] [[""A"" 2]] [[""A"" 2]] [[""A"" 0]] [[""A"" 2]] [[""A"" 0]] [[""A"" 0]] [[""A"" 2]] [[""A"" 2]] [[""A"" 0]] [[""A"" 0]] [[""A"" 0]] [[""A"" 2]] [[""A"" 0]] [[""A"" 2]] [[""A"" 0]] [[""A"" 2]] [[""A"" 0]] [[""A"" 2]] [[""A"" 2]] [[""A"" 0]] [[""A"" 0]] [[""A"" 2]] [[""A"" 2]] [[""A"" 0]] [[""A"" 2]] [[""A"" 2]] [[""A"" 2]] [[""A"" 2]] [[""A"" 2]]]] [27 [[[""A"" 2]] [[""A"" 0]] [[""A"" 2]] [[""A"" 2]] [[""A"" 2]] [[""A"" 2]] [[""A"" 0]] [[""A"" 0]] [[""A"" 0]] [[""A"" 0]] [[""A"" 2]] [[""A"" 2]] [[""A"" 0]] [[""A"" 0]] [[""A"" 0]] [[""A"" 0]] [[""A"" 0]] [[""A"" 0]] [[""A"" 2]] [[""A"" 0]] [[""A"" 0]] [[""A"" 2]] [[""A"" 0]] [[""A"" 0]] [[""A"" 2]] [[""A"" 0]] [[""A"" 0]] [[""A"" 2]] [[""A"" 2]] [[""A"" 2]] [[""A"" 2]] [[""A"" 2]] [[""A"" 0]] [[""A"" 2]] [[""A"" 2]] [[""A"" 0]] [[""A"" 0]] [[""A"" 0]] [[""A"" 0]] [[""A"" 0]] [[""A"" 4]] [[""A"" 2]] [[""A"" 2]] [[""A"" 2]] [[""A"" 2]] [[""A"" 2]] [[""A"" 2]] [[""A"" 0]] [[""A"" 0]] [[""A"" 2]]]] [28 [[[""A"" 0]] [[""A"" 3]] [[""A"" 3]] [[""A"" 5]] [[""A"" 3]] [[""A"" 3]] [[""A"" 0]] [[""A"" 5]] [[""A"" 3]] [[""A"" 5]] [[""A"" 0]] [[""A"" 0]] [[""A"" 3]] [[""A"" 3]] [[""A"" 0]] [[""A"" 3]] [[""A"" 3]] [[""A"" 3]] [[""A"" 5]] [[""A"" 0]] [[""A"" 0]] [[""A"" 5]] [[""A"" 0]] [[""A"" 3]] [[""A"" 5]] [[""A"" 3]] [[""A"" 0]] [[""A"" 5]] [[""A"" 0]] [[""A"" 0]] [[""A"" 3]] [[""A"" 5]] [[""A"" 0]] [[""A"" 0]] [[""A"" 0]] [[""A"" 3]] [[""A"" 0]] [[""A"" 5]] [[""A"" 3]] [[""A"" 0]] [[""A"" 5]] [[""A"" 5]] [[""A"" 0]] [[""A"" 0]] [[""A"" 3]] [[""A"" 3]] [[""A"" 0]] [[""A"" 0]] [[""A"" 3]] [[""A"" 5]]]] [29 [[[""A"" 6]] [[""A"" 2]] [[""A"" 2]] [[""A"" 4]] [[""A"" 2]] [[""A"" 6]] [[""A"" 6]] [[""A"" 4]] [[""A"" 4]] [[""A"" 2]] [[""A"" 4]] [[""A"" 6]] [[""A"" 2]] [[""A"" 2]] [[""A"" 2]] [[""A"" 4]] [[""A"" 2]] [[""A"" 4]] [[""A"" 6]] [[""A"" 6]] [[""A"" 6]] [[""A"" 6]] [[""A"" 2]] [[""A"" 2]] [[""A"" 2]] [[""A"" 4]] [[""A"" 6]] [[""A"" 4]] [[""A"" 6]] [[""A"" 2]] [[""A"" 6]] [[""A"" 2]] [[""A"" 2]] [[""A"" 2]] [[""A"" 6]] [[""A"" 6]] [[""A"" 6]] [[""A"" 6]] [[""A"" 6]] [[""A"" 2]] [[""A"" 6]] [[""A"" 6]] [[""A"" 2]] [[""A"" 2]] [[""A"" 2]] [[""A"" 6]] [[""A"" 2]] [[""A"" 6]] [[""A"" 6]] [[""A"" 4]]]] [30 [[[""A"" 5]] [[""A"" 2]] [[""A"" 5]] [[""A"" 5]] [[""A"" 2]] [[""A"" 5]] [[""A"" 5]] [[""A"" 2]] [[""A"" 2]] [[""A"" 5]] [[""A"" 2]] [[""A"" 5]] [[""A"" 2]] [[""A"" 5]] [[""A"" 2]] [[""A"" 2]] [[""A"" 2]] [[""A"" 2]] [[""A"" 5]] [[""A"" 5]] [[""A"" 5]] [[""A"" 5]] [[""A"" 2]] [[""A"" 5]] [[""A"" 2]] [[""A"" 5]] [[""A"" 5]] [[""A"" 1]] [[""A"" 5]] [[""A"" 2]] [[""A"" 5]] [[""A"" 2]] [[""A"" 2]] [[""A"" 5]] [[""A"" 5]] [[""A"" 5]] [[""A"" 5]] [[""A"" 5]] [[""A"" 5]] [[""A"" 5]] [[""A"" 2]] [[""A"" 5]] [[""A"" 2]] [[""A"" 5]] [[""A"" 5]] [[""A"" 5]] [[""A"" 2]] [[""A"" 5]] [[""A"" 2]] [[""A"" 2]]]] [31 [[[""A"" 3]] [[""A"" 6]] [[""A"" 6]] [[""A"" 1]] [[""A"" 6]] [[""A"" 1]] [[""A"" 3]] [[""A"" 3]] [[""A"" 3]] [[""A"" 6]] [[""A"" 3]] [[""A"" 6]] [[""A"" 3]] [[""A"" 1]] [[""A"" 6]] [[""A"" 6]] [[""A"" 6]] [[""A"" 3]] [[""A"" 1]] [[""A"" 1]] [[""A"" 3]] [[""A"" 3]] [[""A"" 6]] [[""A"" 3]] [[""A"" 3]] [[""A"" 6]] [[""A"" 1]] [[""A"" 0]] [[""A"" 1]] [[""A"" 6]] [[""A"" 3]] [[""A"" 6]] [[""A"" 3]] [[""A"" 6]] [[""A"" 6]] [[""A"" 3]] [[""A"" 6]] [[""A"" 6]] [[""A"" 1]] [[""A"" 6]] [[""A"" 3]] [[""A"" 6]] [[""A"" 0]] [[""A"" 3]] [[""A"" 3]] [[""A"" 3]] [[""A"" 6]] [[""A"" 3]] [[""A"" 3]] [[""A"" 6]]]] [32 [[[""A"" 6]] [[""A"" 6]] [[""A"" 1]] [[""A"" 1]] [[""A"" 6]] [[""A"" 1]] [[""A"" 6]] [[""A"" 6]] [[""A"" 6]] [[""A"" 6]] [[""A"" 6]] [[""A"" 1]] [[""A"" 1]] [[""A"" 1]] [[""A"" 6]] [[""A"" 6]] [[""A"" 6]] [[""A"" 6]] [[""A"" 1]] [[""A"" 1]] [[""A"" 1]] [[""A"" 6]] [[""A"" 6]] [[""A"" 1]] [[""A"" 6]] [[""A"" 6]] [[""A"" 6]] [[""A"" 1]] [[""A"" 1]] [[""A"" 1]] [[""A"" 6]] [[""A"" 1]] [[""A"" 1]] [[""A"" 1]] [[""A"" 1]] [[""A"" 1]] [[""A"" 6]] [[""A"" 6]] [[""A"" 1]] [[""A"" 1]] [[""A"" 6]] [[""A"" 1]] [[""A"" 6]] [[""A"" 6]] [[""A"" 6]] [[""A"" 1]] [[""A"" 6]] [[""A"" 1]] [[""A"" 6]] [[""A"" 6]]]] [33 [[[""A"" 4]] [[""A"" 4]] [[""A"" 0]] [[""A"" 0]] [[""A"" 4]] [[""A"" 0]] [[""A"" 4]] [[""A"" 4]] [[""A"" 4]] [[""A"" 4]] [[""A"" 4]] [[""A"" 0]] [[""A"" 0]] [[""A"" 0]] [[""A"" 4]] [[""A"" 4]] [[""A"" 4]] [[""A"" 4]] [[""A"" 0]] [[""A"" 0]] [[""A"" 0]] [[""A"" 4]] [[""A"" 4]] [[""A"" 0]] [[""A"" 4]] [[""A"" 4]] [[""A"" 4]] [[""A"" 0]] [[""A"" 0]] [[""A"" 0]] [[""A"" 4]] [[""A"" 0]] [[""A"" 0]] [[""A"" 0]] [[""A"" 4]] [[""A"" 0]] [[""A"" 4]] [[""A"" 4]] [[""A"" 0]] [[""A"" 0]] [[""A"" 4]] [[""A"" 0]] [[""A"" 4]] [[""A"" 4]] [[""A"" 4]] [[""A"" 0]] [[""A"" 4]] [[""A"" 0]] [[""A"" 4]] [[""A"" 4]]]] [34 [[[""A"" 4]] [[""A"" 0]] [[""A"" 0]] [[""A"" 0]] [[""A"" 4]] [[""A"" 0]] [[""A"" 4]] [[""A"" 0]] [[""A"" 0]] [[""A"" 0]] [[""A"" 0]] [[""A"" 4]] [[""A"" 0]] [[""A"" 0]] [[""A"" 4]] [[""A"" 0]] [[""A"" 0]] [[""A"" 1]] [[""A"" 0]] [[""A"" 0]] [[""A"" 4]] [[""A"" 0]] [[""A"" 0]] [[""A"" 0]] [[""A"" 0]] [[""A"" 0]] [[""A"" 0]] [[""A"" 0]] [[""A"" 0]] [[""A"" 4]] [[""A"" 0]] [[""A"" 0]] [[""A"" 0]] [[""A"" 4]] [[""A"" 0]] [[""A"" 4]] [[""A"" 4]] [[""A"" 0]] [[""A"" 4]] [[""A"" 4]] [[""A"" 0]] [[""A"" 6]] [[""A"" 0]] [[""A"" 4]] [[""A"" 4]] [[""A"" 4]] [[""A"" 0]] [[""A"" 0]] [[""A"" 0]] [[""A"" 4]]]] [35 [[[""A"" 1]] [[""A"" 1]] [[""A"" 1]] [[""A"" 1]] [[""A"" 1]] [[""A"" 1]] [[""A"" 1]] [[""A"" 1]] [[""A"" 1]] [[""A"" 1]] [[""A"" 1]] [[""A"" 1]] [[""A"" 1]] [[""A"" 1]] [[""A"" 0]] [[""A"" 1]] [[""A"" 1]] [[""A"" 1]] [[""A"" 1]] [[""A"" 1]] [[""A"" 1]] [[""A"" 1]] [[""A"" 1]] [[""A"" 1]] [[""A"" 1]] [[""A"" 1]] [[""A"" 1]] [[""A"" 1]] [[""A"" 1]] [[""A"" 1]] [[""A"" 1]] [[""A"" 1]] [[""A"" 1]] [[""A"" 1]] [[""A"" 1]] [[""A"" 1]] [[""A"" 1]] [[""A"" 1]] [[""A"" 1]] [[""A"" 1]] [[""A"" 1]] [[""A"" 5]] [[""A"" 1]] [[""A"" 1]] [[""A"" 1]] [[""A"" 1]] [[""A"" 1]] [[""A"" 1]] [[""A"" 1]] [[""A"" 1]]]] [36 [[[""A"" 3]] [[""A"" 3]] [[""A"" 3]] [[""A"" 0]] [[""A"" 3]] [[""A"" 0]] [[""A"" 0]] [[""A"" 3]] [[""A"" 0]] [[""A"" 3]] [[""A"" 0]] [[""A"" 3]] [[""A"" 3]] [[""A"" 3]] [[""A"" 0]] [[""A"" 0]] [[""A"" 0]] [[""A"" 3]] [[""A"" 0]] [[""A"" 3]] [[""A"" 0]] [[""A"" 0]] [[""A"" 3]] [[""A"" 0]] [[""A"" 3]] [[""A"" 3]] [[""A"" 0]] [[""A"" 0]] [[""A"" 0]] [[""A"" 0]] [[""A"" 3]] [[""A"" 0]] [[""A"" 3]] [[""A"" 0]] [[""A"" 0]] [[""A"" 0]] [[""A"" 3]] [[""A"" 3]] [[""A"" 0]] [[""A"" 0]] [[""A"" 3]] [[""A"" 3]] [[""A"" 0]] [[""A"" 0]] [[""A"" 0]] [[""A"" 0]] [[""A"" 3]] [[""A"" 3]] [[""A"" 3]] [[""A"" 3]]]] [37 [[[""A"" 2]] [[""A"" 4]] [[""A"" 2]] [[""A"" 4]] [[""A"" 4]] [[""A"" 4]] [[""A"" 4]] [[""A"" 4]] [[""A"" 4]] [[""A"" 2]] [[""A"" 4]] [[""A"" 4]] [[""A"" 2]] [[""A"" 4]] [[""A"" 4]] [[""A"" 2]] [[""A"" 4]] [[""A"" 2]] [[""A"" 2]] [[""A"" 4]] [[""A"" 4]] [[""A"" 2]] [[""A"" 2]] [[""A"" 4]] [[""A"" 2]] [[""A"" 4]] [[""A"" 2]] [[""A"" 4]] [[""A"" 4]] [[""A"" 2]] [[""A"" 2]] [[""A"" 4]] [[""A"" 4]] [[""A"" 4]] [[""A"" 4]] [[""A"" 4]] [[""A"" 4]] [[""A"" 2]] [[""A"" 4]] [[""A"" 4]] [[""A"" 4]] [[""A"" 2]] [[""A"" 4]] [[""A"" 2]] [[""A"" 2]] [[""A"" 4]] [[""A"" 2]] [[""A"" 4]] [[""A"" 4]] [[""A"" 2]]]] [38 [[[""A"" 2]] [[""A"" 6]] [[""A"" 2]] [[""A"" 2]] [[""A"" 2]] [[""A"" 2]] [[""A"" 6]] [[""A"" 2]] [[""A"" 2]] [[""A"" 2]] [[""A"" 6]] [[""A"" 2]] [[""A"" 2]] [[""A"" 1]] [[""A"" 6]] [[""A"" 2]] [[""A"" 2]] [[""A"" 2]] [[""A"" 2]] [[""A"" 2]] [[""A"" 2]] [[""A"" 2]] [[""A"" 2]] [[""A"" 2]] [[""A"" 2]] [[""A"" 6]] [[""A"" 2]] [[""A"" 6]] [[""A"" 2]] [[""A"" 2]] [[""A"" 2]] [[""A"" 6]] [[""A"" 6]] [[""A"" 2]] [[""A"" 6]] [[""A"" 2]] [[""A"" 2]] [[""A"" 2]] [[""A"" 2]] [[""A"" 2]] [[""A"" 2]] [[""A"" 2]] [[""A"" 2]] [[""A"" 2]] [[""A"" 2]] [[""A"" 2]] [[""A"" 2]] [[""A"" 6]] [[""A"" 2]] [[""A"" 2]]]] [39 [[[""A"" 3]] [[""A"" 6]] [[""A"" 1]] [[""A"" 1]] [[""A"" 3]] [[""A"" 1]] [[""A"" 3]] [[""A"" 1]] [[""A"" 3]] [[""A"" 1]] [[""A"" 3]] [[""A"" 3]] [[""A"" 1]] [[""A"" 1]] [[""A"" 3]] [[""A"" 3]] [[""A"" 1]] [[""A"" 1]] [[""A"" 1]] [[""A"" 3]] [[""A"" 1]] [[""A"" 1]] [[""A"" 3]] [[""A"" 1]] [[""A"" 3]] [[""A"" 3]] [[""A"" 1]] [[""A"" 3]] [[""A"" 1]] [[""A"" 3]] [[""A"" 1]] [[""A"" 3]] [[""A"" 3]] [[""A"" 1]] [[""A"" 3]] [[""A"" 1]] [[""A"" 3]] [[""A"" 1]] [[""A"" 3]] [[""A"" 3]] [[""A"" 1]] [[""A"" 1]] [[""A"" 3]] [[""A"" 1]] [[""A"" 1]] [[""A"" 1]] [[""A"" 3]] [[""A"" 1]] [[""A"" 1]] [[""A"" 3]]]] [40 [[[""A"" 3]] [[""A"" 6]] [[""A"" 3]] [[""A"" 3]] [[""A"" 3]] [[""A"" 3]] [[""A"" 3]] [[""A"" 3]] [[""A"" 3]] [[""A"" 3]] [[""A"" 3]] [[""A"" 3]] [[""A"" 3]] [[""A"" 3]] [[""A"" 3]] [[""A"" 3]] [[""A"" 3]] [[""A"" 3]] [[""A"" 3]] [[""A"" 3]] [[""A"" 3]] [[""A"" 3]] [[""A"" 3]] [[""A"" 3]] [[""A"" 3]] [[""A"" 3]] [[""A"" 3]] [[""A"" 3]] [[""A"" 3]] [[""A"" 3]] [[""A"" 3]] [[""A"" 3]] [[""A"" 3]] [[""A"" 3]] [[""A"" 3]] [[""A"" 3]] [[""A"" 3]] [[""A"" 3]] [[""A"" 3]] [[""A"" 3]] [[""A"" 3]] [[""A"" 3]] [[""A"" 3]] [[""A"" 3]] [[""A"" 3]] [[""A"" 3]] [[""A"" 3]] [[""A"" 3]] [[""A"" 3]] [[""A"" 3]]]] [41 [[[""A"" 2]] [[""A"" 4]] [[""A"" 2]] [[""A"" 2]] [[""A"" 2]] [[""A"" 4]] [[""A"" 2]] [[""A"" 4]] [[""A"" 2]] [[""A"" 2]] [[""A"" 4]] [[""A"" 2]] [[""A"" 4]] [[""A"" 4]] [[""A"" 4]] [[""A"" 4]] [[""A"" 2]] [[""A"" 4]] [[""A"" 4]] [[""A"" 2]] [[""A"" 2]] [[""A"" 4]] [[""A"" 2]] [[""A"" 1]] [[""A"" 2]] [[""A"" 2]] [[""A"" 2]] [[""A"" 2]] [[""A"" 2]] [[""A"" 2]] [[""A"" 4]] [[""A"" 2]] [[""A"" 2]] [[""A"" 2]] [[""A"" 2]] [[""A"" 2]] [[""A"" 2]] [[""A"" 2]] [[""A"" 4]] [[""A"" 4]] [[""A"" 4]] [[""A"" 2]] [[""A"" 2]] [[""A"" 2]] [[""A"" 4]] [[""A"" 2]] [[""A"" 2]] [[""A"" 2]] [[""A"" 2]] [[""A"" 2]]]] [42 [[[""A"" 2]] [[""A"" 2]] [[""A"" 2]] [[""A"" 2]] [[""A"" 2]] [[""A"" 5]] [[""A"" 5]] [[""A"" 2]] [[""A"" 5]] [[""A"" 5]] [[""A"" 2]] [[""A"" 2]] [[""A"" 5]] [[""A"" 5]] [[""A"" 5]] [[""A"" 2]] [[""A"" 2]] [[""A"" 2]] [[""A"" 5]] [[""A"" 2]] [[""A"" 5]] [[""A"" 2]] [[""A"" 2]] [[""A"" 2]] [[""A"" 1]] [[""A"" 2]] [[""A"" 2]] [[""A"" 2]] [[""A"" 2]] [[""A"" 2]] [[""A"" 2]] [[""A"" 2]] [[""A"" 2]] [[""A"" 2]] [[""A"" 2]] [[""A"" 2]] [[""A"" 2]] [[""A"" 2]] [[""A"" 2]] [[""A"" 5]] [[""A"" 2]] [[""A"" 2]] [[""A"" 2]] [[""A"" 2]] [[""A"" 2]] [[""A"" 2]] [[""A"" 2]] [[""A"" 2]] [[""A"" 2]] [[""A"" 2]]]] [43 [[[""A"" 1]] [[""A"" 1]] [[""A"" 1]] [[""A"" 1]] [[""A"" 1]] [[""A"" 1]] [[""A"" 1]] [[""A"" 1]] [[""A"" 1]] [[""A"" 1]] [[""A"" 1]] [[""A"" 1]] [[""A"" 1]] [[""A"" 1]] [[""A"" 1]] [[""A"" 1]] [[""A"" 1]] [[""A"" 1]] [[""A"" 4]] [[""A"" 1]] [[""A"" 1]] [[""A"" 4]] [[""A"" 1]] [[""A"" 1]] [[""A"" 1]] [[""A"" 1]] [[""A"" 1]] [[""A"" 1]] [[""A"" 1]] [[""A"" 1]] [[""A"" 1]] [[""A"" 1]] [[""A"" 1]] [[""A"" 1]] [[""A"" 1]] [[""A"" 1]] [[""A"" 1]] [[""A"" 1]] [[""A"" 1]] [[""A"" 1]] [[""A"" 1]] [[""A"" 1]] [[""A"" 1]] [[""A"" 1]] [[""A"" 1]] [[""A"" 1]] [[""A"" 1]] [[""A"" 1]] [[""A"" 1]] [[""A"" 1]]]] [44 [[[""A"" 3]] [[""A"" 3]] [[""A"" 3]] [[""A"" 3]] [[""A"" 3]] [[""A"" 3]] [[""A"" 3]] [[""A"" 0]] [[""A"" 3]] [[""A"" 0]] [[""A"" 0]] [[""A"" 3]] [[""A"" 3]] [[""A"" 3]] [[""A"" 4]] [[""A"" 3]] [[""A"" 0]] [[""A"" 3]] [[""A"" 3]] [[""A"" 0]] [[""A"" 3]] [[""A"" 3]] [[""A"" 3]] [[""A"" 0]] [[""A"" 3]] [[""A"" 0]] [[""A"" 0]] [[""A"" 3]] [[""A"" 0]] [[""A"" 0]] [[""A"" 3]] [[""A"" 0]] [[""A"" 3]] [[""A"" 3]] [[""A"" 0]] [[""A"" 0]] [[""A"" 3]] [[""A"" 2]] [[""A"" 3]] [[""A"" 3]] [[""A"" 3]] [[""A"" 3]] [[""A"" 3]] [[""A"" 3]] [[""A"" 3]] [[""A"" 3]] [[""A"" 3]] [[""A"" 0]] [[""A"" 3]] [[""A"" 3]]]] [45 [[[""A"" 1]] [[""A"" 5]] [[""A"" 1]] [[""A"" 5]] [[""A"" 1]] [[""A"" 1]] [[""A"" 1]] [[""A"" 1]] [[""A"" 1]] [[""A"" 0]] [[""A"" 1]] [[""A"" 1]] [[""A"" 1]] [[""A"" 1]] [[""A"" 1]] [[""A"" 1]] [[""A"" 1]] [[""A"" 1]] [[""A"" 1]] [[""A"" 1]] [[""A"" 5]] [[""A"" 1]] [[""A"" 1]] [[""A"" 5]] [[""A"" 1]] [[""A"" 5]] [[""A"" 1]] [[""A"" 1]] [[""A"" 5]] [[""A"" 1]] [[""A"" 5]] [[""A"" 1]] [[""A"" 1]] [[""A"" 1]] [[""A"" 1]] [[""A"" 5]] [[""A"" 1]] [[""A"" 1]] [[""A"" 1]] [[""A"" 1]] [[""A"" 1]] [[""A"" 1]] [[""A"" 5]] [[""A"" 1]] [[""A"" 5]] [[""A"" 5]] [[""A"" 1]] [[""A"" 1]] [[""A"" 1]] [[""A"" 1]]]] [46 [[[""A"" 1]] [[""A"" 1]] [[""A"" 1]] [[""A"" 1]] [[""A"" 1]] [[""A"" 1]] [[""A"" 1]] [[""A"" 1]] [[""A"" 1]] [[""A"" 1]] [[""A"" 1]] [[""A"" 1]] [[""A"" 1]] [[""A"" 1]] [[""A"" 1]] [[""A"" 1]] [[""A"" 1]] [[""A"" 1]] [[""A"" 1]] [[""A"" 1]] [[""A"" 1]] [[""A"" 1]] [[""A"" 1]] [[""A"" 1]] [[""A"" 1]] [[""A"" 1]] [[""A"" 1]] [[""A"" 1]] [[""A"" 1]] [[""A"" 1]] [[""A"" 1]] [[""A"" 1]] [[""A"" 1]] [[""A"" 1]] [[""A"" 1]] [[""A"" 4]] [[""A"" 1]] [[""A"" 1]] [[""A"" 1]] [[""A"" 1]] [[""A"" 1]] [[""A"" 1]] [[""A"" 1]] [[""A"" 1]] [[""A"" 1]] [[""A"" 1]] [[""A"" 1]] [[""A"" 1]] [[""A"" 1]] [[""A"" 1]]]] [47 [[[""A"" 2]] [[""A"" 2]] [[""A"" 2]] [[""A"" 4]] [[""A"" 2]] [[""A"" 2]] [[""A"" 2]] [[""A"" 2]] [[""A"" 2]] [[""A"" 2]] [[""A"" 2]] [[""A"" 2]] [[""A"" 4]] [[""A"" 2]] [[""A"" 2]] [[""A"" 2]] [[""A"" 2]] [[""A"" 2]] [[""A"" 2]] [[""A"" 2]] [[""A"" 2]] [[""A"" 2]] [[""A"" 2]] [[""A"" 2]] [[""A"" 2]] [[""A"" 2]] [[""A"" 2]] [[""A"" 2]] [[""A"" 2]] [[""A"" 2]] [[""A"" 4]] [[""A"" 2]] [[""A"" 2]] [[""A"" 2]] [[""A"" 2]] [[""A"" 2]] [[""A"" 2]] [[""A"" 2]] [[""A"" 2]] [[""A"" 2]] [[""A"" 4]] [[""A"" 2]] [[""A"" 4]] [[""A"" 2]] [[""A"" 2]] [[""A"" 2]] [[""A"" 2]] [[""A"" 2]] [[""A"" 2]] [[""A"" 2]]]] [48 [[[""A"" 2]] [[""A"" 2]] [[""A"" 2]] [[""A"" 2]] [[""A"" 4]] [[""A"" 2]] [[""A"" 2]] [[""A"" 2]] [[""A"" 2]] [[""A"" 2]] [[""A"" 2]] [[""A"" 4]] [[""A"" 2]] [[""A"" 2]] [[""A"" 2]] [[""A"" 2]] [[""A"" 2]] [[""A"" 2]] [[""A"" 2]] [[""A"" 2]] [[""A"" 2]] [[""A"" 2]] [[""A"" 2]] [[""A"" 2]] [[""A"" 1]] [[""A"" 2]] [[""A"" 2]] [[""A"" 2]] [[""A"" 2]] [[""A"" 2]] [[""A"" 2]] [[""A"" 1]] [[""A"" 2]] [[""A"" 2]] [[""A"" 2]] [[""A"" 2]] [[""A"" 2]] [[""A"" 2]] [[""A"" 2]] [[""A"" 2]] [[""A"" 2]] [[""A"" 2]] [[""A"" 2]] [[""A"" 2]] [[""A"" 2]] [[""A"" 2]] [[""A"" 2]] [[""A"" 2]] [[""A"" 2]] [[""A"" 4]]]] [49 [[[""A"" 0]] [[""A"" 0]] [[""A"" 0]] [[""A"" 0]] [[""A"" 0]] [[""A"" 0]] [[""A"" 0]] [[""A"" 0]] [[""A"" 0]] [[""A"" 0]] [[""A"" 0]] [[""A"" 0]] [[""A"" 0]] [[""A"" 0]] [[""A"" 0]] [[""A"" 0]] [[""A"" 0]] [[""A"" 0]] [[""A"" 0]] [[""A"" 0]] [[""A"" 0]] [[""A"" 0]] [[""A"" 0]] [[""A"" 0]] [[""A"" 0]] [[""A"" 0]] [[""A"" 4]] [[""A"" 4]] [[""A"" 1]] [[""A"" 0]] [[""A"" 0]] [[""A"" 0]] [[""A"" 0]] [[""A"" 0]] [[""A"" 0]] [[""A"" 4]] [[""A"" 0]] [[""A"" 0]] [[""A"" 0]] [[""A"" 0]] [[""A"" 0]] [[""A"" 4]] [[""A"" 0]] [[""A"" 4]] [[""A"" 0]] [[""A"" 0]] [[""A"" 0]] [[""A"" 0]] [[""A"" 0]] [[""A"" 0]]]] [50 [[[""A"" 1]] [[""A"" 1]] [[""A"" 1]] [[""A"" 4]] [[""A"" 4]] [[""A"" 1]] [[""A"" 4]] [[""A"" 4]] [[""A"" 4]] [[""A"" 1]] [[""A"" 1]] [[""A"" 1]] [[""A"" 4]] [[""A"" 1]] [[""A"" 1]] [[""A"" 4]] [[""A"" 1]] [[""A"" 1]] [[""A"" 1]] [[""A"" 1]] [[""A"" 4]] [[""A"" 4]] [[""A"" 1]] [[""A"" 4]] [[""A"" 1]] [[""A"" 1]] [[""A"" 1]] [[""A"" 4]] [[""A"" 4]] [[""A"" 4]] [[""A"" 4]] [[""A"" 4]] [[""A"" 1]] [[""A"" 4]] [[""A"" 1]] [[""A"" 4]] [[""A"" 4]] [[""A"" 4]] [[""A"" 1]] [[""A"" 4]] [[""A"" 4]] [[""A"" 4]] [[""A"" 1]] [[""A"" 1]] [[""A"" 1]] [[""A"" 1]] [[""A"" 4]] [[""A"" 1]] [[""A"" 1]] [[""A"" 1]]]] [51 [[[""A"" 2]] [[""A"" 0]] [[""A"" 2]] [[""A"" 2]] [[""A"" 4]] [[""A"" 2]] [[""A"" 2]] [[""A"" 2]] [[""A"" 2]] [[""A"" 0]] [[""A"" 2]] [[""A"" 2]] [[""A"" 4]] [[""A"" 2]] [[""A"" 2]] [[""A"" 2]] [[""A"" 2]] [[""A"" 2]] [[""A"" 2]] [[""A"" 2]] [[""A"" 2]] [[""A"" 2]] [[""A"" 0]] [[""A"" 2]] [[""A"" 2]] [[""A"" 2]] [[""A"" 2]] [[""A"" 2]] [[""A"" 2]] [[""A"" 2]] [[""A"" 2]] [[""A"" 2]] [[""A"" 0]] [[""A"" 2]] [[""A"" 0]] [[""A"" 2]] [[""A"" 2]] [[""A"" 2]] [[""A"" 2]] [[""A"" 4]] [[""A"" 2]] [[""A"" 4]] [[""A"" 2]] [[""A"" 2]] [[""A"" 2]] [[""A"" 0]] [[""A"" 2]] [[""A"" 2]] [[""A"" 2]] [[""A"" 2]]]] [52 [[[""A"" 2]] [[""A"" 2]] [[""A"" 2]] [[""A"" 0]] [[""A"" 2]] [[""A"" 0]] [[""A"" 4]] [[""A"" 4]] [[""A"" 2]] [[""A"" 4]] [[""A"" 0]] [[""A"" 0]] [[""A"" 0]] [[""A"" 0]] [[""A"" 4]] [[""A"" 2]] [[""A"" 0]] [[""A"" 2]] [[""A"" 2]] [[""A"" 4]] [[""A"" 4]] [[""A"" 0]] [[""A"" 0]] [[""A"" 4]] [[""A"" 0]] [[""A"" 4]] [[""A"" 2]] [[""A"" 2]] [[""A"" 4]] [[""A"" 4]] [[""A"" 0]] [[""A"" 0]] [[""A"" 0]] [[""A"" 0]] [[""A"" 4]] [[""A"" 0]] [[""A"" 2]] [[""A"" 0]] [[""A"" 0]] [[""A"" 2]] [[""A"" 4]] [[""A"" 2]] [[""A"" 4]] [[""A"" 0]] [[""A"" 2]] [[""A"" 2]] [[""A"" 0]] [[""A"" 0]] [[""A"" 0]] [[""A"" 0]]]] [53 [[[""A"" 4]] [[""A"" 4]] [[""A"" 4]] [[""A"" 2]] [[""A"" 6]] [[""A"" 2]] [[""A"" 4]] [[""A"" 4]] [[""A"" 2]] [[""A"" 6]] [[""A"" 4]] [[""A"" 4]] [[""A"" 2]] [[""A"" 4]] [[""A"" 4]] [[""A"" 2]] [[""A"" 4]] [[""A"" 2]] [[""A"" 4]] [[""A"" 2]] [[""A"" 6]] [[""A"" 2]] [[""A"" 4]] [[""A"" 2]] [[""A"" 4]] [[""A"" 2]] [[""A"" 2]] [[""A"" 4]] [[""A"" 2]] [[""A"" 4]] [[""A"" 2]] [[""A"" 4]] [[""A"" 4]] [[""A"" 4]] [[""A"" 2]] [[""A"" 2]] [[""A"" 2]] [[""A"" 2]] [[""A"" 4]] [[""A"" 4]] [[""A"" 2]] [[""A"" 2]] [[""A"" 4]] [[""A"" 2]] [[""A"" 4]] [[""A"" 4]] [[""A"" 2]] [[""A"" 4]] [[""A"" 4]] [[""A"" 2]]]] [54 [[[""A"" 2]] [[""A"" 2]] [[""A"" 0]] [[""A"" 0]] [[""A"" 4]] [[""A"" 0]] [[""A"" 0]] [[""A"" 2]] [[""A"" 2]] [[""A"" 6]] [[""A"" 2]] [[""A"" 0]] [[""A"" 0]] [[""A"" 2]] [[""A"" 2]] [[""A"" 2]] [[""A"" 0]] [[""A"" 2]] [[""A"" 2]] [[""A"" 0]] [[""A"" 4]] [[""A"" 2]] [[""A"" 0]] [[""A"" 0]] [[""A"" 2]] [[""A"" 2]] [[""A"" 0]] [[""A"" 0]] [[""A"" 2]] [[""A"" 2]] [[""A"" 0]] [[""A"" 0]] [[""A"" 0]] [[""A"" 2]] [[""A"" 0]] [[""A"" 0]] [[""A"" 2]] [[""A"" 2]] [[""A"" 6]] [[""A"" 2]] [[""A"" 6]] [[""A"" 4]] [[""A"" 0]] [[""A"" 2]] [[""A"" 2]] [[""A"" 2]] [[""A"" 2]] [[""A"" 2]] [[""A"" 2]] [[""A"" 0]]]] [55 [[[""A"" 2]] [[""A"" 6]] [[""A"" 0]] [[""A"" 0]] [[""A"" 0]] [[""A"" 0]] [[""A"" 2]] [[""A"" 2]] [[""A"" 2]] [[""A"" 0]] [[""A"" 0]] [[""A"" 2]] [[""A"" 2]] [[""A"" 2]] [[""A"" 0]] [[""A"" 2]] [[""A"" 0]] [[""A"" 2]] [[""A"" 6]] [[""A"" 2]] [[""A"" 6]] [[""A"" 2]] [[""A"" 0]] [[""A"" 2]] [[""A"" 2]] [[""A"" 0]] [[""A"" 0]] [[""A"" 2]] [[""A"" 2]] [[""A"" 0]] [[""A"" 0]] [[""A"" 2]] [[""A"" 2]] [[""A"" 2]] [[""A"" 2]] [[""A"" 2]] [[""A"" 0]] [[""A"" 0]] [[""A"" 0]] [[""A"" 2]] [[""A"" 0]] [[""A"" 6]] [[""A"" 2]] [[""A"" 2]] [[""A"" 0]] [[""A"" 0]] [[""A"" 2]] [[""A"" 0]] [[""A"" 0]] [[""A"" 2]]]] [56 [[[""A"" 1]] [[""A"" 1]] [[""A"" 1]] [[""A"" 4]] [[""A"" 1]] [[""A"" 1]] [[""A"" 1]] [[""A"" 4]] [[""A"" 1]] [[""A"" 4]] [[""A"" 1]] [[""A"" 4]] [[""A"" 1]] [[""A"" 4]] [[""A"" 4]] [[""A"" 1]] [[""A"" 4]] [[""A"" 1]] [[""A"" 4]] [[""A"" 1]] [[""A"" 1]] [[""A"" 1]] [[""A"" 1]] [[""A"" 4]] [[""A"" 1]] [[""A"" 1]] [[""A"" 1]] [[""A"" 1]] [[""A"" 1]] [[""A"" 1]] [[""A"" 1]] [[""A"" 4]] [[""A"" 1]] [[""A"" 4]] [[""A"" 1]] [[""A"" 1]] [[""A"" 1]] [[""A"" 1]] [[""A"" 1]] [[""A"" 1]] [[""A"" 4]] [[""A"" 6]] [[""A"" 1]] [[""A"" 1]] [[""A"" 1]] [[""A"" 4]] [[""A"" 1]] [[""A"" 4]] [[""A"" 4]] [[""A"" 1]]]] [57 [[[""A"" 2]] [[""A"" 2]] [[""A"" 2]] [[""A"" 5]] [[""A"" 2]] [[""A"" 2]] [[""A"" 2]] [[""A"" 2]] [[""A"" 2]] [[""A"" 5]] [[""A"" 2]] [[""A"" 2]] [[""A"" 2]] [[""A"" 5]] [[""A"" 2]] [[""A"" 2]] [[""A"" 5]] [[""A"" 2]] [[""A"" 2]] [[""A"" 2]] [[""A"" 2]] [[""A"" 2]] [[""A"" 2]] [[""A"" 5]] [[""A"" 2]] [[""A"" 2]] [[""A"" 2]] [[""A"" 2]] [[""A"" 2]] [[""A"" 2]] [[""A"" 2]] [[""A"" 5]] [[""A"" 2]] [[""A"" 5]] [[""A"" 2]] [[""A"" 2]] [[""A"" 2]] [[""A"" 2]] [[""A"" 2]] [[""A"" 2]] [[""A"" 2]] [[""A"" 2]] [[""A"" 2]] [[""A"" 2]] [[""A"" 2]] [[""A"" 2]] [[""A"" 2]] [[""A"" 4]] [[""A"" 2]] [[""A"" 2]]]] [58 [[[""A"" 1]] [[""A"" 1]] [[""A"" 1]] [[""A"" 1]] [[""A"" 1]] [[""A"" 1]] [[""A"" 1]] [[""A"" 1]] [[""A"" 1]] [[""A"" 1]] [[""A"" 1]] [[""A"" 1]] [[""A"" 1]] [[""A"" 1]] [[""A"" 4]] [[""A"" 1]] [[""A"" 1]] [[""A"" 1]] [[""A"" 1]] [[""A"" 1]] [[""A"" 1]] [[""A"" 1]] [[""A"" 1]] [[""A"" 1]] [[""A"" 1]] [[""A"" 1]] [[""A"" 1]] [[""A"" 1]] [[""A"" 1]] [[""A"" 1]] [[""A"" 4]] [[""A"" 1]] [[""A"" 1]] [[""A"" 1]] [[""A"" 1]] [[""A"" 1]] [[""A"" 1]] [[""A"" 1]] [[""A"" 1]] [[""A"" 4]] [[""A"" 1]] [[""A"" 1]] [[""A"" 1]] [[""A"" 1]] [[""A"" 1]] [[""A"" 1]] [[""A"" 1]] [[""A"" 1]] [[""A"" 1]] [[""A"" 1]]]] [59 [[[""A"" 1]] [[""A"" 1]] [[""A"" 1]] [[""A"" 1]] [[""A"" 1]] [[""A"" 1]] [[""A"" 1]] [[""A"" 1]] [[""A"" 1]] [[""A"" 1]] [[""A"" 1]] [[""A"" 1]] [[""A"" 1]] [[""A"" 1]] [[""A"" 5]] [[""A"" 1]] [[""A"" 1]] [[""A"" 1]] [[""A"" 1]] [[""A"" 1]] [[""A"" 1]] [[""A"" 1]] [[""A"" 1]] [[""A"" 1]] [[""A"" 1]] [[""A"" 1]] [[""A"" 1]] [[""A"" 1]] [[""A"" 1]] [[""A"" 1]] [[""A"" 5]] [[""A"" 1]] [[""A"" 1]] [[""A"" 1]] [[""A"" 1]] [[""A"" 1]] [[""A"" 1]] [[""A"" 1]] [[""A"" 1]] [[""A"" 5]] [[""A"" 1]] [[""A"" 1]] [[""A"" 1]] [[""A"" 2]] [[""A"" 1]] [[""A"" 1]] [[""A"" 1]] [[""A"" 1]] [[""A"" 1]] [[""A"" 1]]]] [60 [[[""A"" 4]] [[""A"" 4]] [[""A"" 4]] [[""A"" 4]] [[""A"" 4]] [[""A"" 2]] [[""A"" 2]] [[""A"" 4]] [[""A"" 4]] [[""A"" 4]] [[""A"" 4]] [[""A"" 4]] [[""A"" 2]] [[""A"" 4]] [[""A"" 4]] [[""A"" 4]] [[""A"" 2]] [[""A"" 4]] [[""A"" 4]] [[""A"" 4]] [[""A"" 4]] [[""A"" 4]] [[""A"" 4]] [[""A"" 4]] [[""A"" 4]] [[""A"" 4]] [[""A"" 2]] [[""A"" 4]] [[""A"" 4]] [[""A"" 4]] [[""A"" 4]] [[""A"" 2]] [[""A"" 2]] [[""A"" 4]] [[""A"" 4]] [[""A"" 4]] [[""A"" 2]] [[""A"" 4]] [[""A"" 4]] [[""A"" 6]] [[""A"" 4]] [[""A"" 2]] [[""A"" 4]] [[""A"" 4]] [[""A"" 2]] [[""A"" 2]] [[""A"" 4]] [[""A"" 4]] [[""A"" 4]] [[""A"" 4]]]] [61 [[[""A"" 3]] [[""A"" 3]] [[""A"" 3]] [[""A"" 3]] [[""A"" 2]] [[""A"" 3]] [[""A"" 3]] [[""A"" 3]] [[""A"" 3]] [[""A"" 3]] [[""A"" 3]] [[""A"" 3]] [[""A"" 3]] [[""A"" 3]] [[""A"" 3]] [[""A"" 3]] [[""A"" 3]] [[""A"" 3]] [[""A"" 3]] [[""A"" 3]] [[""A"" 3]] [[""A"" 3]] [[""A"" 3]] [[""A"" 3]] [[""A"" 3]] [[""A"" 3]] [[""A"" 3]] [[""A"" 3]] [[""A"" 3]] [[""A"" 3]] [[""A"" 3]] [[""A"" 3]] [[""A"" 3]] [[""A"" 3]] [[""A"" 3]] [[""A"" 3]] [[""A"" 3]] [[""A"" 2]] [[""A"" 3]] [[""A"" 3]] [[""A"" 3]] [[""A"" 2]] [[""A"" 3]] [[""A"" 3]] [[""A"" 3]] [[""A"" 3]] [[""A"" 3]] [[""A"" 3]] [[""A"" 3]] [[""A"" 2]]]] [62 [[[""A"" 2]] [[""A"" 2]] [[""A"" 0]] [[""A"" 0]] [[""A"" 0]] [[""A"" 0]] [[""A"" 0]] [[""A"" 0]] [[""A"" 4]] [[""A"" 2]] [[""A"" 2]] [[""A"" 2]] [[""A"" 0]] [[""A"" 0]] [[""A"" 2]] [[""A"" 0]] [[""A"" 0]] [[""A"" 0]] [[""A"" 0]] [[""A"" 0]] [[""A"" 2]] [[""A"" 2]] [[""A"" 2]] [[""A"" 0]] [[""A"" 0]] [[""A"" 2]] [[""A"" 0]] [[""A"" 2]] [[""A"" 2]] [[""A"" 2]] [[""A"" 2]] [[""A"" 2]] [[""A"" 2]] [[""A"" 0]] [[""A"" 2]] [[""A"" 0]] [[""A"" 0]] [[""A"" 0]] [[""A"" 2]] [[""A"" 2]] [[""A"" 2]] [[""A"" 0]] [[""A"" 2]] [[""A"" 2]] [[""A"" 2]] [[""A"" 2]] [[""A"" 2]] [[""A"" 0]] [[""A"" 2]] [[""A"" 2]]]] [63 [[[""A"" 0]] [[""A"" 1]] [[""A"" 0]] [[""A"" 0]] [[""A"" 0]] [[""A"" 0]] [[""A"" 0]] [[""A"" 4]] [[""A"" 0]] [[""A"" 0]] [[""A"" 0]] [[""A"" 0]] [[""A"" 0]] [[""A"" 0]] [[""A"" 0]] [[""A"" 0]] [[""A"" 0]] [[""A"" 0]] [[""A"" 0]] [[""A"" 0]] [[""A"" 0]] [[""A"" 0]] [[""A"" 0]] [[""A"" 0]] [[""A"" 1]] [[""A"" 0]] [[""A"" 0]] [[""A"" 0]] [[""A"" 0]] [[""A"" 0]] [[""A"" 0]] [[""A"" 0]] [[""A"" 0]] [[""A"" 0]] [[""A"" 4]] [[""A"" 0]] [[""A"" 0]] [[""A"" 0]] [[""A"" 0]] [[""A"" 0]] [[""A"" 0]] [[""A"" 0]] [[""A"" 0]] [[""A"" 0]] [[""A"" 0]] [[""A"" 0]] [[""A"" 0]] [[""A"" 0]] [[""A"" 0]] [[""A"" 0]]]] [64 [[[""A"" 1]] [[""A"" 1]] [[""A"" 1]] [[""A"" 1]] [[""A"" 1]] [[""A"" 1]] [[""A"" 1]] [[""A"" 1]] [[""A"" 1]] [[""A"" 1]] [[""A"" 1]] [[""A"" 1]] [[""A"" 0]] [[""A"" 1]] [[""A"" 1]] [[""A"" 1]] [[""A"" 1]] [[""A"" 1]] [[""A"" 1]] [[""A"" 1]] [[""A"" 1]] [[""A"" 1]] [[""A"" 1]] [[""A"" 1]] [[""A"" 1]] [[""A"" 1]] [[""A"" 1]] [[""A"" 1]] [[""A"" 1]] [[""A"" 1]] [[""A"" 1]] [[""A"" 1]] [[""A"" 1]] [[""A"" 1]] [[""A"" 1]] [[""A"" 1]] [[""A"" 1]] [[""A"" 1]] [[""A"" 1]] [[""A"" 1]] [[""A"" 1]] [[""A"" 1]] [[""A"" 1]] [[""A"" 1]] [[""A"" 1]] [[""A"" 1]] [[""A"" 1]] [[""A"" 1]] [[""A"" 1]] [[""A"" 1]]]] [65 [[[""A"" 0]] [[""A"" 0]] [[""A"" 0]] [[""A"" 0]] [[""A"" 0]] [[""A"" 0]] [[""A"" 0]] [[""A"" 0]] [[""A"" 0]] [[""A"" 0]] [[""A"" 0]] [[""A"" 0]] [[""A"" 0]] [[""A"" 0]] [[""A"" 0]] [[""A"" 0]] [[""A"" 0]] [[""A"" 0]] [[""A"" 0]] [[""A"" 0]] [[""A"" 0]] [[""A"" 0]] [[""A"" 0]] [[""A"" 0]] [[""A"" 0]] [[""A"" 0]] [[""A"" 0]] [[""A"" 0]] [[""A"" 0]] [[""A"" 0]] [[""A"" 0]] [[""A"" 0]] [[""A"" 0]] [[""A"" 0]] [[""A"" 0]] [[""A"" 0]] [[""A"" 0]] [[""A"" 0]] [[""A"" 0]] [[""A"" 0]] [[""A"" 0]] [[""A"" 0]] [[""A"" 0]] [[""A"" 0]] [[""A"" 0]] [[""A"" 0]] [[""A"" 0]] [[""A"" 0]] [[""A"" 0]] [[""A"" 0]]]] [66 [[[""A"" 1]] [[""A"" 1]] [[""A"" 1]] [[""A"" 1]] [[""A"" 1]] [[""A"" 1]] [[""A"" 1]] [[""A"" 1]] [[""A"" 1]] [[""A"" 1]] [[""A"" 1]] [[""A"" 1]] [[""A"" 1]] [[""A"" 1]] [[""A"" 1]] [[""A"" 1]] [[""A"" 1]] [[""A"" 1]] [[""A"" 1]] [[""A"" 1]] [[""A"" 1]] [[""A"" 1]] [[""A"" 1]] [[""A"" 1]] [[""A"" 1]] [[""A"" 1]] [[""A"" 1]] [[""A"" 1]] [[""A"" 1]] [[""A"" 1]] [[""A"" 1]] [[""A"" 1]] [[""A"" 1]] [[""A"" 1]] [[""A"" 1]] [[""A"" 1]] [[""A"" 1]] [[""A"" 1]] [[""A"" 1]] [[""A"" 1]] [[""A"" 1]] [[""A"" 1]] [[""A"" 1]] [[""A"" 1]] [[""A"" 1]] [[""A"" 1]] [[""A"" 1]] [[""A"" 1]] [[""A"" 1]] [[""A"" 1]]]] [67 [[[""A"" 2]] [[""A"" 2]] [[""A"" 2]] [[""A"" 2]] [[""A"" 2]] [[""A"" 2]] [[""A"" 2]] [[""A"" 2]] [[""A"" 2]] [[""A"" 2]] [[""A"" 2]] [[""A"" 2]] [[""A"" 2]] [[""A"" 2]] [[""A"" 2]] [[""A"" 2]] [[""A"" 2]] [[""A"" 1]] [[""A"" 2]] [[""A"" 2]] [[""A"" 2]] [[""A"" 2]] [[""A"" 2]] [[""A"" 2]] [[""A"" 2]] [[""A"" 2]] [[""A"" 1]] [[""A"" 2]] [[""A"" 2]] [[""A"" 2]] [[""A"" 2]] [[""A"" 2]] [[""A"" 2]] [[""A"" 2]] [[""A"" 2]] [[""A"" 2]] [[""A"" 2]] [[""A"" 2]] [[""A"" 2]] [[""A"" 2]] [[""A"" 2]] [[""A"" 2]] [[""A"" 2]] [[""A"" 2]] [[""A"" 2]] [[""A"" 2]] [[""A"" 2]] [[""A"" 2]] [[""A"" 2]] [[""A"" 2]]]] [68 [[[""A"" 0]] [[""A"" 0]] [[""A"" 0]] [[""A"" 0]] [[""A"" 0]] [[""A"" 0]] [[""A"" 0]] [[""A"" 0]] [[""A"" 0]] [[""A"" 0]] [[""A"" 0]] [[""A"" 0]] [[""A"" 0]] [[""A"" 0]] [[""A"" 0]] [[""A"" 0]] [[""A"" 0]] [[""A"" 0]] [[""A"" 0]] [[""A"" 0]] [[""A"" 0]] [[""A"" 1]] [[""A"" 1]] [[""A"" 0]] [[""A"" 0]] [[""A"" 0]] [[""A"" 0]] [[""A"" 0]] [[""A"" 0]] [[""A"" 0]] [[""A"" 0]] [[""A"" 0]] [[""A"" 0]] [[""A"" 0]] [[""A"" 0]] [[""A"" 0]] [[""A"" 0]] [[""A"" 0]] [[""A"" 0]] [[""A"" 0]] [[""A"" 0]] [[""A"" 0]] [[""A"" 0]] [[""A"" 0]] [[""A"" 0]] [[""A"" 0]] [[""A"" 0]] [[""A"" 0]] [[""A"" 0]] [[""A"" 0]]]] [69 [[[""A"" 1]] [[""A"" 1]] [[""A"" 1]] [[""A"" 1]] [[""A"" 1]] [[""A"" 1]] [[""A"" 1]] [[""A"" 1]] [[""A"" 1]] [[""A"" 1]] [[""A"" 1]] [[""A"" 1]] [[""A"" 1]] [[""A"" 1]] [[""A"" 1]] [[""A"" 1]] [[""A"" 1]] [[""A"" 1]] [[""A"" 1]] [[""A"" 1]] [[""A"" 1]] [[""A"" 1]] [[""A"" 1]] [[""A"" 1]] [[""A"" 1]] [[""A"" 1]] [[""A"" 1]] [[""A"" 1]] [[""A"" 3]] [[""A"" 1]] [[""A"" 2]] [[""A"" 1]] [[""A"" 1]] [[""A"" 1]] [[""A"" 1]] [[""A"" 1]] [[""A"" 1]] [[""A"" 1]] [[""A"" 1]] [[""A"" 1]] [[""A"" 1]] [[""A"" 1]] [[""A"" 1]] [[""A"" 1]] [[""A"" 1]] [[""A"" 1]] [[""A"" 1]] [[""A"" 1]] [[""A"" 1]] [[""A"" 1]]]] [70 [[[""A"" 0]] [[""A"" 2]] [[""A"" 2]] [[""A"" 0]] [[""A"" 2]] [[""A"" 2]] [[""A"" 2]] [[""A"" 0]] [[""A"" 2]] [[""A"" 0]] [[""A"" 2]] [[""A"" 2]] [[""A"" 0]] [[""A"" 0]] [[""A"" 0]] [[""A"" 0]] [[""A"" 2]] [[""A"" 0]] [[""A"" 2]] [[""A"" 0]] [[""A"" 2]] [[""A"" 2]] [[""A"" 0]] [[""A"" 0]] [[""A"" 3]] [[""A"" 0]] [[""A"" 2]] [[""A"" 2]] [[""A"" 0]] [[""A"" 2]] [[""A"" 2]] [[""A"" 2]] [[""A"" 2]] [[""A"" 2]] [[""A"" 0]] [[""A"" 2]] [[""A"" 2]] [[""A"" 2]] [[""A"" 2]] [[""A"" 2]] [[""A"" 0]] [[""A"" 0]] [[""A"" 2]] [[""A"" 2]] [[""A"" 2]] [[""A"" 2]] [[""A"" 0]] [[""A"" 0]] [[""A"" 2]] [[""A"" 2]]]] [71 [[[""A"" 1]] [[""A"" 1]] [[""A"" 1]] [[""A"" 1]] [[""A"" 1]] [[""A"" 1]] [[""A"" 1]] [[""A"" 1]] [[""A"" 1]] [[""A"" 4]] [[""A"" 1]] [[""A"" 1]] [[""A"" 1]] [[""A"" 1]] [[""A"" 1]] [[""A"" 1]] [[""A"" 1]] [[""A"" 1]] [[""A"" 1]] [[""A"" 1]] [[""A"" 4]] [[""A"" 1]] [[""A"" 4]] [[""A"" 4]] [[""A"" 1]] [[""A"" 1]] [[""A"" 1]] [[""A"" 4]] [[""A"" 4]] [[""A"" 1]] [[""A"" 4]] [[""A"" 1]] [[""A"" 4]] [[""A"" 1]] [[""A"" 1]] [[""A"" 1]] [[""A"" 4]] [[""A"" 1]] [[""A"" 4]] [[""A"" 1]] [[""A"" 4]] [[""A"" 1]] [[""A"" 1]] [[""A"" 4]] [[""A"" 1]] [[""A"" 4]] [[""A"" 1]] [[""A"" 4]] [[""A"" 1]] [[""A"" 4]]]] [72 [[[""A"" 0]] [[""A"" 2]] [[""A"" 2]] [[""A"" 2]] [[""A"" 4]] [[""A"" 4]] [[""A"" 2]] [[""A"" 0]] [[""A"" 2]] [[""A"" 0]] [[""A"" 0]] [[""A"" 2]] [[""A"" 4]] [[""A"" 0]] [[""A"" 4]] [[""A"" 0]] [[""A"" 4]] [[""A"" 6]] [[""A"" 4]] [[""A"" 4]] [[""A"" 4]] [[""A"" 0]] [[""A"" 2]] [[""A"" 2]] [[""A"" 0]] [[""A"" 0]] [[""A"" 4]] [[""A"" 6]] [[""A"" 0]] [[""A"" 6]] [[""A"" 2]] [[""A"" 4]] [[""A"" 4]] [[""A"" 6]] [[""A"" 4]] [[""A"" 0]] [[""A"" 4]] [[""A"" 4]] [[""A"" 4]] [[""A"" 0]] [[""A"" 4]] [[""A"" 2]] [[""A"" 4]] [[""A"" 4]] [[""A"" 4]] [[""A"" 4]] [[""A"" 4]] [[""A"" 0]] [[""A"" 2]] [[""A"" 0]]]] [73 [[[""A"" 1]] [[""A"" 1]] [[""A"" 4]] [[""A"" 1]] [[""A"" 4]] [[""A"" 1]] [[""A"" 1]] [[""A"" 4]] [[""A"" 4]] [[""A"" 4]] [[""A"" 1]] [[""A"" 1]] [[""A"" 4]] [[""A"" 1]] [[""A"" 4]] [[""A"" 4]] [[""A"" 1]] [[""A"" 1]] [[""A"" 4]] [[""A"" 0]] [[""A"" 1]] [[""A"" 1]] [[""A"" 1]] [[""A"" 1]] [[""A"" 1]] [[""A"" 1]] [[""A"" 4]] [[""A"" 1]] [[""A"" 1]] [[""A"" 4]] [[""A"" 1]] [[""A"" 4]] [[""A"" 1]] [[""A"" 4]] [[""A"" 1]] [[""A"" 1]] [[""A"" 4]] [[""A"" 4]] [[""A"" 1]] [[""A"" 1]] [[""A"" 1]] [[""A"" 1]] [[""A"" 1]] [[""A"" 4]] [[""A"" 1]] [[""A"" 1]] [[""A"" 4]] [[""A"" 1]] [[""A"" 4]] [[""A"" 1]]]] [74 [[[""A"" 2]] [[""A"" 2]] [[""A"" 6]] [[""A"" 2]] [[""A"" 6]] [[""A"" 2]] [[""A"" 2]] [[""A"" 6]] [[""A"" 6]] [[""A"" 6]] [[""A"" 2]] [[""A"" 2]] [[""A"" 6]] [[""A"" 2]] [[""A"" 6]] [[""A"" 6]] [[""A"" 2]] [[""A"" 2]] [[""A"" 6]] [[""A"" 2]] [[""A"" 2]] [[""A"" 2]] [[""A"" 2]] [[""A"" 2]] [[""A"" 2]] [[""A"" 2]] [[""A"" 6]] [[""A"" 2]] [[""A"" 2]] [[""A"" 6]] [[""A"" 2]] [[""A"" 6]] [[""A"" 2]] [[""A"" 6]] [[""A"" 2]] [[""A"" 2]] [[""A"" 6]] [[""A"" 6]] [[""A"" 2]] [[""A"" 2]] [[""A"" 2]] [[""A"" 2]] [[""A"" 2]] [[""A"" 6]] [[""A"" 2]] [[""A"" 2]] [[""A"" 6]] [[""A"" 2]] [[""A"" 6]] [[""A"" 2]]]] [75 [[[""A"" 0]] [[""A"" 3]] [[""A"" 5]] [[""A"" 0]] [[""A"" 5]] [[""A"" 0]] [[""A"" 0]] [[""A"" 3]] [[""A"" 5]] [[""A"" 5]] [[""A"" 3]] [[""A"" 3]] [[""A"" 3]] [[""A"" 3]] [[""A"" 5]] [[""A"" 3]] [[""A"" 0]] [[""A"" 0]] [[""A"" 3]] [[""A"" 3]] [[""A"" 5]] [[""A"" 3]] [[""A"" 5]] [[""A"" 0]] [[""A"" 0]] [[""A"" 5]] [[""A"" 5]] [[""A"" 0]] [[""A"" 3]] [[""A"" 3]] [[""A"" 0]] [[""A"" 5]] [[""A"" 0]] [[""A"" 5]] [[""A"" 3]] [[""A"" 3]] [[""A"" 5]] [[""A"" 3]] [[""A"" 5]] [[""A"" 0]] [[""A"" 3]] [[""A"" 0]] [[""A"" 3]] [[""A"" 3]] [[""A"" 5]] [[""A"" 0]] [[""A"" 3]] [[""A"" 0]] [[""A"" 5]] [[""A"" 5]]]] [76 [[[""A"" 0]] [[""A"" 0]] [[""A"" 4]] [[""A"" 0]] [[""A"" 4]] [[""A"" 2]] [[""A"" 0]] [[""A"" 4]] [[""A"" 4]] [[""A"" 4]] [[""A"" 4]] [[""A"" 4]] [[""A"" 2]] [[""A"" 4]] [[""A"" 2]] [[""A"" 4]] [[""A"" 2]] [[""A"" 0]] [[""A"" 0]] [[""A"" 4]] [[""A"" 2]] [[""A"" 4]] [[""A"" 0]] [[""A"" 0]] [[""A"" 2]] [[""A"" 4]] [[""A"" 0]] [[""A"" 2]] [[""A"" 4]] [[""A"" 4]] [[""A"" 0]] [[""A"" 0]] [[""A"" 2]] [[""A"" 4]] [[""A"" 0]] [[""A"" 0]] [[""A"" 0]] [[""A"" 0]] [[""A"" 4]] [[""A"" 0]] [[""A"" 0]] [[""A"" 0]] [[""A"" 0]] [[""A"" 0]] [[""A"" 4]] [[""A"" 0]] [[""A"" 4]] [[""A"" 4]] [[""A"" 0]] [[""A"" 0]]]] [77 [[[""A"" 3]] [[""A"" 3]] [[""A"" 0]] [[""A"" 3]] [[""A"" 3]] [[""A"" 0]] [[""A"" 0]] [[""A"" 3]] [[""A"" 0]] [[""A"" 3]] [[""A"" 3]] [[""A"" 3]] [[""A"" 3]] [[""A"" 3]] [[""A"" 0]] [[""A"" 0]] [[""A"" 3]] [[""A"" 0]] [[""A"" 3]] [[""A"" 3]] [[""A"" 3]] [[""A"" 0]] [[""A"" 3]] [[""A"" 3]] [[""A"" 3]] [[""A"" 0]] [[""A"" 3]] [[""A"" 0]] [[""A"" 3]] [[""A"" 3]] [[""A"" 0]] [[""A"" 0]] [[""A"" 0]] [[""A"" 3]] [[""A"" 3]] [[""A"" 3]] [[""A"" 3]] [[""A"" 0]] [[""A"" 0]] [[""A"" 3]] [[""A"" 3]] [[""A"" 0]] [[""A"" 0]] [[""A"" 3]] [[""A"" 3]] [[""A"" 0]] [[""A"" 0]] [[""A"" 0]] [[""A"" 3]] [[""A"" 0]]]] [78 [[[""A"" 0]] [[""A"" 5]] [[""A"" 0]] [[""A"" 0]] [[""A"" 0]] [[""A"" 0]] [[""A"" 5]] [[""A"" 5]] [[""A"" 5]] [[""A"" 0]] [[""A"" 5]] [[""A"" 5]] [[""A"" 5]] [[""A"" 0]] [[""A"" 5]] [[""A"" 0]] [[""A"" 0]] [[""A"" 0]] [[""A"" 0]] [[""A"" 0]] [[""A"" 5]] [[""A"" 0]] [[""A"" 0]] [[""A"" 0]] [[""A"" 5]] [[""A"" 0]] [[""A"" 0]] [[""A"" 0]] [[""A"" 0]] [[""A"" 0]] [[""A"" 0]] [[""A"" 0]] [[""A"" 0]] [[""A"" 0]] [[""A"" 0]] [[""A"" 5]] [[""A"" 0]] [[""A"" 5]] [[""A"" 0]] [[""A"" 0]] [[""A"" 0]] [[""A"" 0]] [[""A"" 0]] [[""A"" 5]] [[""A"" 0]] [[""A"" 5]] [[""A"" 0]] [[""A"" 0]] [[""A"" 0]] [[""A"" 0]]]] [79 [[[""A"" 1]] [[""A"" 1]] [[""A"" 1]] [[""A"" 1]] [[""A"" 1]] [[""A"" 2]] [[""A"" 6]] [[""A"" 4]] [[""A"" 1]] [[""A"" 1]] [[""A"" 6]] [[""A"" 1]] [[""A"" 6]] [[""A"" 1]] [[""A"" 1]] [[""A"" 1]] [[""A"" 1]] [[""A"" 6]] [[""A"" 1]] [[""A"" 1]] [[""A"" 4]] [[""A"" 6]] [[""A"" 1]] [[""A"" 1]] [[""A"" 6]] [[""A"" 6]] [[""A"" 6]] [[""A"" 1]] [[""A"" 1]] [[""A"" 1]] [[""A"" 6]] [[""A"" 1]] [[""A"" 1]] [[""A"" 1]] [[""A"" 1]] [[""A"" 1]] [[""A"" 1]] [[""A"" 4]] [[""A"" 1]] [[""A"" 1]] [[""A"" 1]] [[""A"" 1]] [[""A"" 1]] [[""A"" 4]] [[""A"" 1]] [[""A"" 1]] [[""A"" 6]] [[""A"" 1]] [[""A"" 6]] [[""A"" 1]]]] [80 [[[""A"" 2]] [[""A"" 2]] [[""A"" 4]] [[""A"" 2]] [[""A"" 4]] [[""A"" 2]] [[""A"" 4]] [[""A"" 4]] [[""A"" 4]] [[""A"" 4]] [[""A"" 6]] [[""A"" 2]] [[""A"" 4]] [[""A"" 2]] [[""A"" 2]] [[""A"" 4]] [[""A"" 4]] [[""A"" 4]] [[""A"" 2]] [[""A"" 2]] [[""A"" 2]] [[""A"" 4]] [[""A"" 2]] [[""A"" 2]] [[""A"" 4]] [[""A"" 2]] [[""A"" 6]] [[""A"" 4]] [[""A"" 2]] [[""A"" 4]] [[""A"" 6]] [[""A"" 4]] [[""A"" 2]] [[""A"" 4]] [[""A"" 4]] [[""A"" 4]] [[""A"" 2]] [[""A"" 2]] [[""A"" 2]] [[""A"" 4]] [[""A"" 4]] [[""A"" 4]] [[""A"" 2]] [[""A"" 2]] [[""A"" 2]] [[""A"" 4]] [[""A"" 6]] [[""A"" 2]] [[""A"" 4]] [[""A"" 4]]]] [81 [[[""A"" 0]] [[""A"" 0]] [[""A"" 0]] [[""A"" 0]] [[""A"" 0]] [[""A"" 0]] [[""A"" 0]] [[""A"" 0]] [[""A"" 5]] [[""A"" 0]] [[""A"" 0]] [[""A"" 0]] [[""A"" 0]] [[""A"" 0]] [[""A"" 0]] [[""A"" 0]] [[""A"" 0]] [[""A"" 5]] [[""A"" 5]] [[""A"" 0]] [[""A"" 5]] [[""A"" 5]] [[""A"" 0]] [[""A"" 0]] [[""A"" 0]] [[""A"" 0]] [[""A"" 5]] [[""A"" 0]] [[""A"" 0]] [[""A"" 0]] [[""A"" 0]] [[""A"" 0]] [[""A"" 0]] [[""A"" 5]] [[""A"" 0]] [[""A"" 0]] [[""A"" 0]] [[""A"" 0]] [[""A"" 5]] [[""A"" 6]] [[""A"" 0]] [[""A"" 5]] [[""A"" 0]] [[""A"" 0]] [[""A"" 5]] [[""A"" 0]] [[""A"" 0]] [[""A"" 0]] [[""A"" 0]] [[""A"" 0]]]] [82 [[[""A"" 1]] [[""A"" 1]] [[""A"" 1]] [[""A"" 1]] [[""A"" 1]] [[""A"" 1]] [[""A"" 1]] [[""A"" 1]] [[""A"" 6]] [[""A"" 1]] [[""A"" 6]] [[""A"" 1]] [[""A"" 1]] [[""A"" 1]] [[""A"" 1]] [[""A"" 6]] [[""A"" 1]] [[""A"" 6]] [[""A"" 1]] [[""A"" 6]] [[""A"" 1]] [[""A"" 1]] [[""A"" 1]] [[""A"" 1]] [[""A"" 1]] [[""A"" 6]] [[""A"" 6]] [[""A"" 1]] [[""A"" 2]] [[""A"" 1]] [[""A"" 1]] [[""A"" 1]] [[""A"" 6]] [[""A"" 5]] [[""A"" 2]] [[""A"" 1]] [[""A"" 1]] [[""A"" 1]] [[""A"" 1]] [[""A"" 6]] [[""A"" 1]] [[""A"" 1]] [[""A"" 1]] [[""A"" 6]] [[""A"" 1]] [[""A"" 1]] [[""A"" 1]] [[""A"" 1]] [[""A"" 6]] [[""A"" 1]]]] [83 [[[""A"" 6]] [[""A"" 2]] [[""A"" 2]] [[""A"" 6]] [[""A"" 6]] [[""A"" 2]] [[""A"" 6]] [[""A"" 0]] [[""A"" 6]] [[""A"" 2]] [[""A"" 6]] [[""A"" 0]] [[""A"" 2]] [[""A"" 0]] [[""A"" 0]] [[""A"" 6]] [[""A"" 0]] [[""A"" 6]] [[""A"" 0]] [[""A"" 6]] [[""A"" 0]] [[""A"" 2]] [[""A"" 2]] [[""A"" 6]] [[""A"" 0]] [[""A"" 0]] [[""A"" 2]] [[""A"" 2]] [[""A"" 0]] [[""A"" 0]] [[""A"" 2]] [[""A"" 6]] [[""A"" 2]] [[""A"" 6]] [[""A"" 2]] [[""A"" 2]] [[""A"" 0]] [[""A"" 6]] [[""A"" 2]] [[""A"" 2]] [[""A"" 6]] [[""A"" 6]] [[""A"" 0]] [[""A"" 2]] [[""A"" 2]] [[""A"" 2]] [[""A"" 2]] [[""A"" 0]] [[""A"" 0]] [[""A"" 0]]]] [84 [[[""A"" 1]] [[""A"" 1]] [[""A"" 4]] [[""A"" 4]] [[""A"" 4]] [[""A"" 4]] [[""A"" 1]] [[""A"" 1]] [[""A"" 4]] [[""A"" 1]] [[""A"" 1]] [[""A"" 1]] [[""A"" 4]] [[""A"" 1]] [[""A"" 1]] [[""A"" 4]] [[""A"" 1]] [[""A"" 4]] [[""A"" 1]] [[""A"" 4]] [[""A"" 1]] [[""A"" 4]] [[""A"" 4]] [[""A"" 4]] [[""A"" 1]] [[""A"" 1]] [[""A"" 1]] [[""A"" 1]] [[""A"" 1]] [[""A"" 1]] [[""A"" 1]] [[""A"" 1]] [[""A"" 4]] [[""A"" 1]] [[""A"" 1]] [[""A"" 1]] [[""A"" 1]] [[""A"" 1]] [[""A"" 4]] [[""A"" 1]] [[""A"" 4]] [[""A"" 1]] [[""A"" 1]] [[""A"" 4]] [[""A"" 4]] [[""A"" 1]] [[""A"" 1]] [[""A"" 1]] [[""A"" 1]] [[""A"" 1]]]] [85 [[[""A"" 4]] [[""A"" 4]] [[""A"" 0]] [[""A"" 6]] [[""A"" 4]] [[""A"" 0]] [[""A"" 0]] [[""A"" 4]] [[""A"" 2]] [[""A"" 2]] [[""A"" 0]] [[""A"" 2]] [[""A"" 2]] [[""A"" 2]] [[""A"" 2]] [[""A"" 0]] [[""A"" 2]] [[""A"" 0]] [[""A"" 0]] [[""A"" 0]] [[""A"" 0]] [[""A"" 0]] [[""A"" 2]] [[""A"" 0]] [[""A"" 0]] [[""A"" 4]] [[""A"" 2]] [[""A"" 0]] [[""A"" 4]] [[""A"" 4]] [[""A"" 4]] [[""A"" 2]] [[""A"" 2]] [[""A"" 2]] [[""A"" 0]] [[""A"" 0]] [[""A"" 4]] [[""A"" 0]] [[""A"" 4]] [[""A"" 4]] [[""A"" 0]] [[""A"" 4]] [[""A"" 4]] [[""A"" 0]] [[""A"" 2]] [[""A"" 4]] [[""A"" 4]] [[""A"" 2]] [[""A"" 0]] [[""A"" 4]]]] [86 [[[""A"" 6]] [[""A"" 6]] [[""A"" 6]] [[""A"" 6]] [[""A"" 6]] [[""A"" 6]] [[""A"" 1]] [[""A"" 6]] [[""A"" 6]] [[""A"" 6]] [[""A"" 1]] [[""A"" 6]] [[""A"" 6]] [[""A"" 6]] [[""A"" 6]] [[""A"" 1]] [[""A"" 6]] [[""A"" 1]] [[""A"" 6]] [[""A"" 1]] [[""A"" 1]] [[""A"" 1]] [[""A"" 6]] [[""A"" 1]] [[""A"" 6]] [[""A"" 6]] [[""A"" 6]] [[""A"" 6]] [[""A"" 6]] [[""A"" 6]] [[""A"" 6]] [[""A"" 6]] [[""A"" 6]] [[""A"" 6]] [[""A"" 6]] [[""A"" 6]] [[""A"" 6]] [[""A"" 1]] [[""A"" 6]] [[""A"" 6]] [[""A"" 6]] [[""A"" 6]] [[""A"" 6]] [[""A"" 1]] [[""A"" 6]] [[""A"" 6]] [[""A"" 5]] [[""A"" 6]] [[""A"" 6]] [[""A"" 6]]]] [87 [[[""A"" 4]] [[""A"" 4]] [[""A"" 4]] [[""A"" 2]] [[""A"" 4]] [[""A"" 4]] [[""A"" 2]] [[""A"" 2]] [[""A"" 4]] [[""A"" 4]] [[""A"" 0]] [[""A"" 4]] [[""A"" 4]] [[""A"" 4]] [[""A"" 4]] [[""A"" 0]] [[""A"" 4]] [[""A"" 0]] [[""A"" 4]] [[""A"" 0]] [[""A"" 2]] [[""A"" 0]] [[""A"" 4]] [[""A"" 2]] [[""A"" 4]] [[""A"" 0]] [[""A"" 4]] [[""A"" 4]] [[""A"" 4]] [[""A"" 4]] [[""A"" 4]] [[""A"" 4]] [[""A"" 4]] [[""A"" 2]] [[""A"" 4]] [[""A"" 4]] [[""A"" 4]] [[""A"" 2]] [[""A"" 4]] [[""A"" 2]] [[""A"" 0]] [[""A"" 4]] [[""A"" 4]] [[""A"" 0]] [[""A"" 4]] [[""A"" 4]] [[""A"" 4]] [[""A"" 4]] [[""A"" 4]] [[""A"" 4]]]] [88 [[[""A"" 4]] [[""A"" 4]] [[""A"" 4]] [[""A"" 0]] [[""A"" 6]] [[""A"" 4]] [[""A"" 0]] [[""A"" 4]] [[""A"" 0]] [[""A"" 1]] [[""A"" 0]] [[""A"" 6]] [[""A"" 4]] [[""A"" 0]] [[""A"" 0]] [[""A"" 0]] [[""A"" 0]] [[""A"" 0]] [[""A"" 0]] [[""A"" 4]] [[""A"" 0]] [[""A"" 0]] [[""A"" 0]] [[""A"" 0]] [[""A"" 0]] [[""A"" 4]] [[""A"" 4]] [[""A"" 0]] [[""A"" 0]] [[""A"" 6]] [[""A"" 6]] [[""A"" 6]] [[""A"" 6]] [[""A"" 0]] [[""A"" 4]] [[""A"" 0]] [[""A"" 0]] [[""A"" 4]] [[""A"" 0]] [[""A"" 0]] [[""A"" 4]] [[""A"" 6]] [[""A"" 0]] [[""A"" 0]] [[""A"" 4]] [[""A"" 4]] [[""A"" 4]] [[""A"" 4]] [[""A"" 4]] [[""A"" 0]]]] [89 [[[""A"" 2]] [[""A"" 2]] [[""A"" 0]] [[""A"" 0]] [[""A"" 0]] [[""A"" 6]] [[""A"" 2]] [[""A"" 2]] [[""A"" 2]] [[""A"" 2]] [[""A"" 0]] [[""A"" 6]] [[""A"" 2]] [[""A"" 2]] [[""A"" 0]] [[""A"" 2]] [[""A"" 2]] [[""A"" 0]] [[""A"" 2]] [[""A"" 2]] [[""A"" 0]] [[""A"" 2]] [[""A"" 2]] [[""A"" 0]] [[""A"" 2]] [[""A"" 2]] [[""A"" 6]] [[""A"" 0]] [[""A"" 2]] [[""A"" 6]] [[""A"" 2]] [[""A"" 2]] [[""A"" 6]] [[""A"" 2]] [[""A"" 0]] [[""A"" 2]] [[""A"" 2]] [[""A"" 0]] [[""A"" 2]] [[""A"" 2]] [[""A"" 2]] [[""A"" 4]] [[""A"" 2]] [[""A"" 2]] [[""A"" 6]] [[""A"" 2]] [[""A"" 2]] [[""A"" 2]] [[""A"" 2]] [[""A"" 2]]]] [90 [[[""A"" 3]] [[""A"" 3]] [[""A"" 3]] [[""A"" 3]] [[""A"" 3]] [[""A"" 3]] [[""A"" 3]] [[""A"" 0]] [[""A"" 3]] [[""A"" 3]] [[""A"" 2]] [[""A"" 3]] [[""A"" 3]] [[""A"" 3]] [[""A"" 3]] [[""A"" 3]] [[""A"" 3]] [[""A"" 3]] [[""A"" 3]] [[""A"" 3]] [[""A"" 3]] [[""A"" 3]] [[""A"" 3]] [[""A"" 3]] [[""A"" 3]] [[""A"" 3]] [[""A"" 3]] [[""A"" 3]] [[""A"" 3]] [[""A"" 3]] [[""A"" 3]] [[""A"" 3]] [[""A"" 3]] [[""A"" 3]] [[""A"" 3]] [[""A"" 3]] [[""A"" 3]] [[""A"" 3]] [[""A"" 3]] [[""A"" 3]] [[""A"" 3]] [[""A"" 3]] [[""A"" 3]] [[""A"" 3]] [[""A"" 3]] [[""A"" 3]] [[""A"" 3]] [[""A"" 3]] [[""A"" 3]] [[""A"" 3]]]] [91 [[[""A"" 0]] [[""A"" 2]] [[""A"" 2]] [[""A"" 2]] [[""A"" 0]] [[""A"" 2]] [[""A"" 2]] [[""A"" 2]] [[""A"" 2]] [[""A"" 2]] [[""A"" 2]] [[""A"" 0]] [[""A"" 2]] [[""A"" 0]] [[""A"" 2]] [[""A"" 0]] [[""A"" 2]] [[""A"" 2]] [[""A"" 2]] [[""A"" 2]] [[""A"" 0]] [[""A"" 0]] [[""A"" 2]] [[""A"" 2]] [[""A"" 2]] [[""A"" 2]] [[""A"" 0]] [[""A"" 2]] [[""A"" 2]] [[""A"" 2]] [[""A"" 2]] [[""A"" 2]] [[""A"" 0]] [[""A"" 2]] [[""A"" 0]] [[""A"" 2]] [[""A"" 2]] [[""A"" 2]] [[""A"" 0]] [[""A"" 2]] [[""A"" 2]] [[""A"" 0]] [[""A"" 0]] [[""A"" 2]] [[""A"" 0]] [[""A"" 2]] [[""A"" 2]] [[""A"" 2]] [[""A"" 2]] [[""A"" 2]]]] [92 [[[""A"" 1]] [[""A"" 1]] [[""A"" 1]] [[""A"" 1]] [[""A"" 1]] [[""A"" 4]] [[""A"" 1]] [[""A"" 1]] [[""A"" 4]] [[""A"" 4]] [[""A"" 1]] [[""A"" 1]] [[""A"" 4]] [[""A"" 1]] [[""A"" 4]] [[""A"" 4]] [[""A"" 4]] [[""A"" 4]] [[""A"" 1]] [[""A"" 1]] [[""A"" 1]] [[""A"" 1]] [[""A"" 1]] [[""A"" 1]] [[""A"" 1]] [[""A"" 1]] [[""A"" 1]] [[""A"" 4]] [[""A"" 1]] [[""A"" 4]] [[""A"" 1]] [[""A"" 1]] [[""A"" 4]] [[""A"" 1]] [[""A"" 1]] [[""A"" 4]] [[""A"" 1]] [[""A"" 4]] [[""A"" 4]] [[""A"" 4]] [[""A"" 1]] [[""A"" 1]] [[""A"" 4]] [[""A"" 1]] [[""A"" 4]] [[""A"" 4]] [[""A"" 1]] [[""A"" 1]] [[""A"" 1]] [[""A"" 1]]]] [93 [[[""A"" 2]] [[""A"" 0]] [[""A"" 2]] [[""A"" 2]] [[""A"" 2]] [[""A"" 2]] [[""A"" 2]] [[""A"" 6]] [[""A"" 6]] [[""A"" 2]] [[""A"" 2]] [[""A"" 6]] [[""A"" 2]] [[""A"" 0]] [[""A"" 6]] [[""A"" 2]] [[""A"" 6]] [[""A"" 6]] [[""A"" 0]] [[""A"" 0]] [[""A"" 6]] [[""A"" 6]] [[""A"" 2]] [[""A"" 2]] [[""A"" 0]] [[""A"" 0]] [[""A"" 6]] [[""A"" 2]] [[""A"" 6]] [[""A"" 2]] [[""A"" 0]] [[""A"" 2]] [[""A"" 0]] [[""A"" 6]] [[""A"" 6]] [[""A"" 6]] [[""A"" 2]] [[""A"" 6]] [[""A"" 6]] [[""A"" 6]] [[""A"" 2]] [[""A"" 2]] [[""A"" 6]] [[""A"" 0]] [[""A"" 6]] [[""A"" 6]] [[""A"" 2]] [[""A"" 2]] [[""A"" 2]] [[""A"" 2]]]] [94 [[[""A"" 6]] [[""A"" 1]] [[""A"" 6]] [[""A"" 4]] [[""A"" 4]] [[""A"" 1]] [[""A"" 4]] [[""A"" 4]] [[""A"" 6]] [[""A"" 1]] [[""A"" 1]] [[""A"" 6]] [[""A"" 6]] [[""A"" 4]] [[""A"" 4]] [[""A"" 4]] [[""A"" 1]] [[""A"" 6]] [[""A"" 4]] [[""A"" 1]] [[""A"" 6]] [[""A"" 4]] [[""A"" 4]] [[""A"" 6]] [[""A"" 4]] [[""A"" 4]] [[""A"" 6]] [[""A"" 4]] [[""A"" 4]] [[""A"" 6]] [[""A"" 4]] [[""A"" 4]] [[""A"" 4]] [[""A"" 6]] [[""A"" 4]] [[""A"" 6]] [[""A"" 4]] [[""A"" 6]] [[""A"" 4]] [[""A"" 6]] [[""A"" 6]] [[""A"" 4]] [[""A"" 6]] [[""A"" 1]] [[""A"" 4]] [[""A"" 6]] [[""A"" 1]] [[""A"" 4]] [[""A"" 1]] [[""A"" 1]]]] [95 [[[""A"" 1]] [[""A"" 1]] [[""A"" 1]] [[""A"" 2]] [[""A"" 1]] [[""A"" 1]] [[""A"" 1]] [[""A"" 6]] [[""A"" 1]] [[""A"" 1]] [[""A"" 1]] [[""A"" 1]] [[""A"" 1]] [[""A"" 1]] [[""A"" 1]] [[""A"" 1]] [[""A"" 1]] [[""A"" 1]] [[""A"" 1]] [[""A"" 1]] [[""A"" 1]] [[""A"" 1]] [[""A"" 1]] [[""A"" 1]] [[""A"" 1]] [[""A"" 1]] [[""A"" 1]] [[""A"" 2]] [[""A"" 1]] [[""A"" 1]] [[""A"" 1]] [[""A"" 1]] [[""A"" 1]] [[""A"" 1]] [[""A"" 1]] [[""A"" 1]] [[""A"" 1]] [[""A"" 1]] [[""A"" 1]] [[""A"" 4]] [[""A"" 1]] [[""A"" 1]] [[""A"" 1]] [[""A"" 1]] [[""A"" 1]] [[""A"" 1]] [[""A"" 1]] [[""A"" 1]] [[""A"" 1]] [[""A"" 1]]]] [96 [[[""A"" 1]] [[""A"" 1]] [[""A"" 3]] [[""A"" 1]] [[""A"" 3]] [[""A"" 1]] [[""A"" 1]] [[""A"" 3]] [[""A"" 3]] [[""A"" 1]] [[""A"" 1]] [[""A"" 3]] [[""A"" 3]] [[""A"" 1]] [[""A"" 1]] [[""A"" 1]] [[""A"" 3]] [[""A"" 3]] [[""A"" 1]] [[""A"" 1]] [[""A"" 1]] [[""A"" 3]] [[""A"" 3]] [[""A"" 3]] [[""A"" 1]] [[""A"" 3]] [[""A"" 3]] [[""A"" 3]] [[""A"" 1]] [[""A"" 1]] [[""A"" 3]] [[""A"" 3]] [[""A"" 1]] [[""A"" 1]] [[""A"" 3]] [[""A"" 1]] [[""A"" 1]] [[""A"" 3]] [[""A"" 3]] [[""A"" 1]] [[""A"" 1]] [[""A"" 3]] [[""A"" 1]] [[""A"" 3]] [[""A"" 1]] [[""A"" 1]] [[""A"" 1]] [[""A"" 1]] [[""A"" 3]] [[""A"" 1]]]] [97 [[[""A"" 1]] [[""A"" 4]] [[""A"" 4]] [[""A"" 1]] [[""A"" 4]] [[""A"" 4]] [[""A"" 1]] [[""A"" 1]] [[""A"" 4]] [[""A"" 1]] [[""A"" 4]] [[""A"" 1]] [[""A"" 4]] [[""A"" 4]] [[""A"" 4]] [[""A"" 4]] [[""A"" 4]] [[""A"" 4]] [[""A"" 4]] [[""A"" 4]] [[""A"" 4]] [[""A"" 1]] [[""A"" 1]] [[""A"" 4]] [[""A"" 4]] [[""A"" 1]] [[""A"" 1]] [[""A"" 4]] [[""A"" 4]] [[""A"" 4]] [[""A"" 4]] [[""A"" 1]] [[""A"" 1]] [[""A"" 1]] [[""A"" 1]] [[""A"" 4]] [[""A"" 1]] [[""A"" 1]] [[""A"" 1]] [[""A"" 1]] [[""A"" 4]] [[""A"" 4]] [[""A"" 4]] [[""A"" 1]] [[""A"" 4]] [[""A"" 4]] [[""A"" 1]] [[""A"" 1]] [[""A"" 4]] [[""A"" 1]]]] [98 [[[""A"" 0]] [[""A"" 2]] [[""A"" 0]] [[""A"" 2]] [[""A"" 0]] [[""A"" 0]] [[""A"" 0]] [[""A"" 2]] [[""A"" 6]] [[""A"" 2]] [[""A"" 0]] [[""A"" 2]] [[""A"" 2]] [[""A"" 2]] [[""A"" 2]] [[""A"" 6]] [[""A"" 2]] [[""A"" 0]] [[""A"" 3]] [[""A"" 0]] [[""A"" 0]] [[""A"" 2]] [[""A"" 0]] [[""A"" 0]] [[""A"" 2]] [[""A"" 0]] [[""A"" 0]] [[""A"" 2]] [[""A"" 2]] [[""A"" 2]] [[""A"" 0]] [[""A"" 2]] [[""A"" 0]] [[""A"" 0]] [[""A"" 0]] [[""A"" 0]] [[""A"" 2]] [[""A"" 0]] [[""A"" 2]] [[""A"" 0]] [[""A"" 2]] [[""A"" 2]] [[""A"" 0]] [[""A"" 0]] [[""A"" 2]] [[""A"" 4]] [[""A"" 0]] [[""A"" 2]] [[""A"" 2]] [[""A"" 0]]]] [99 [[[""A"" 1]] [[""A"" 1]] [[""A"" 1]] [[""A"" 1]] [[""A"" 1]] [[""A"" 1]] [[""A"" 1]] [[""A"" 1]] [[""A"" 1]] [[""A"" 1]] [[""A"" 1]] [[""A"" 1]] [[""A"" 1]] [[""A"" 1]] [[""A"" 1]] [[""A"" 1]] [[""A"" 1]] [[""A"" 1]] [[""A"" 1]] [[""A"" 1]] [[""A"" 1]] [[""A"" 1]] [[""A"" 1]] [[""A"" 1]] [[""A"" 1]] [[""A"" 1]] [[""A"" 1]] [[""A"" 1]] [[""A"" 1]] [[""A"" 1]] [[""A"" 1]] [[""A"" 1]] [[""A"" 1]] [[""A"" 1]] [[""A"" 1]] [[""A"" 1]] [[""A"" 1]] [[""A"" 1]] [[""A"" 1]] [[""A"" 1]] [[""A"" 1]] [[""A"" 1]] [[""A"" 1]] [[""A"" 1]] [[""A"" 1]] [[""A"" 1]] [[""A"" 1]] [[""A"" 1]] [[""A"" 1]] [[""A"" 1]]]]]","""discrete""","3","1","1","1","true","""uniform""","[""A""]","0.1","true","[]","""average-bel""","true","4","true","""sigmoid-stubborn""","20","false","2","true","0.35","""C:/Users/cknox02/Documents/nicks outputs24-Feb-2023-parameter-sweep-low-res/2/broadcast-brain/uniform/15/uniform/0.5/0.5/1/1""","false","1500","0","0.05","false","""barabasi-albert""","""broadcast-brain""","5","""[[0.6,0.16,0.24],\n  [0.40,0.2,0.4],\n  [0.21,0.14,0.65]]""","""C:/Users/cknox02/Documents/nicks outputs24-Feb-2023-parameter-sweep-low-res/graphs/2-broadcast-brain-uniform-15-uniform-0.5-0.5-1-1.csv""","true","0","""default""","false","true","true","1","3","1","""distribution""","""uniform""","""three-polarized""","15","""D:/school/grad-school/Tufts/research/cog-contagion-media-ecosystem/ecosystems/""","""gradual""","1","""D:/school/grad-school/Tufts/research/cog-contagion-media-ecosystem/messaging-data/""","0","50","1","""C:/Users/cknox02/Documents/nicks outputs24-Feb-2023-parameter-sweep-low-res/graphs/2-broadcast-brain-uniform-15-uniform-0.25-0.5-10-4.csv""","0","true","true","true","""C:/Users/cknox02/Documents/nicks outputs""","0.15","""cognitive""","20","100","[[""Q1"" [""A""]]]","5","0.5","0.5","0.5"

"TURTLES"
"who","color","heading","xcor","ycor","shape","label","label-color","breed","hidden?","size","pen-size","pen-mode","idee","brain","messages-heard","messages-believed","messages-sent","agent-messages-memory"
"0","[213 0 42]","45.95744680851064","3.0190431341923296","3.293924590961831","""circle""","""""","9.9","{breed citizens}","false","0.5","1","""up""",,"[[""ID"" 20] [""alpha"" 1] [""beta"" 1] [""malleable"" [""A""]] [""prior"" []] [""cont_tokens"" []] [""A"" 1]]","[[0 [0 1 2 3 4 6 7 9 10 11]] [1 [15 16 17 18 19 20 21 22 23 24 25 26 27 28 29]] [2 [30 31 32 33 34 35 36 37 39 40 41 42 43 44]] [3 [45 46 47 48 49 50 51 52 53 54 55 56 57 58 59]] [4 [60 61 62 63 64 65 66 67 68 69 70 71 73 74]] [5 [75 76 77 78 79 80 81 82 83 84 85 86 87 88 89]] [6 [91 93 94 95 96 97 98 99 100 101 102 103 104]] [7 [105 106 108 110 111 112 113 114 115 117 118]] [8 [120 121 123 125 126 127 128 129 130 131 132 133 134]] [9 [135 136 137 138 139 140 141 142 143 144 145 146 147 148 149]] [10 [150 151 152 153 154 155 157 158 159 160 161 162 163 164]] [11 [165 166 167 168 169 170 171 172 173 174 175 176 178 179]] [12 [180 181 183 184 185 186 187 189 190 191 192 193 194]] [13 [195 196 197 198 199 200 201 202 203 204 205 207 208 209]] [14 [210 211 212 213 214 215 216 217 218 219 220 221 222 223 224]] [15 [225 226 227 228 229 230 231 232 233 235 236 238 239]] [16 [240 243 244 245 246 247 248 249 250 251 252 253 254]] [17 [255 256 257 258 259 260 261 262 263 264 265 266 267 268 269]] [18 [270 271 272 273 274 275 276 277 278 279 280 281 282 283 284]] [19 [285 286 287 288 289 290 291 292 293 294 295 298 299]] [20 [300 302 303 304 305 307 308 309 310 311 312 313 314]] [21 [315 317 318 319 320 321 322 323 324 325 326 327 328 329]] [22 [330 331 332 333 334 335 336 337 338 339 340 341 342 343 344]] [23 [345 346 350 351 352 353 354 355 356 357 358 359]] [24 [360 361 362 363 364 365 366 367 368 369 370 371 372 373 374]] [25 [375 376 377 378 379 380 381 382 383 384 385 386 387 388 389]] [26 [390 391 392 394 395 396 398 399 400 401 402 403 404]] [27 [405 406 407 408 409 410 411 412 413 414 415 416 417 418 419]] [28 [420 421 422 423 424 425 426 427 428 429 430 431 432 433 434]] [29 [435 436 437 438 439 440 441 442 443 444 445 446 447 448 449]] [30 [450 451 452 453 454 455 456 457 458 459 460 461 462 463]] [31 [465 466 467 468 469 470 471 472 473 474 475 476 477 478 479]] [32 [486 489 490 492]] [33 [497 498 499 500 501 502 503 504 505 506 507 508 509]] [34 [510 511 512 513 514 515 516 517 518 519 520 521 522 523 524]] [35 [525 526 527 528 529 531 532 533 536 537 538 539]] [36 [540 541 542 543 544 545 546 548 549 550 551 552 553 554]] [37 [555 556 557 558 559 560 561 562 563 564 565 566 567 568 569]] [38 [570 571 572 573 574 575 576 577 578 579 580 581 582 583 584]] [39 [585 586 587 588 589 590 591 592 593 594 595 596 598 599]] [40 [600 602 603 604 605 606 607 608 610 611 612 613 614]] [41 [615 616 617 618 619 621 622 623 624 625 626 627 628 629]] [42 [630 631 632 633 634 635 636 637 638 640 641 642 643 644]] [43 [645 646 647 648 649 650 651 652 653 654 655 656 657 658 659]] [44 [660 661 662 663 664 665 666 667 668 669 670 671 672 673]] [45 [675 676 677 678 679 680 681 682 683 684 685 686 687 689]] [46 [690 691 692 693 694 695 696 697 698 699 700 701 702 703 704]] [47 [705 706 707 708 709 710 711 712 713 714 716 717 718]] [48 [720 721 722 723 724 727 728 729 730 731 732 733 734]] [49 [735 736 737 738 739 740 741 743 744 745 746 747 748 749]] [50 [752 753 754 755 756 757 758 759 760 761 762 763 764]] [51 [765 766 767 768 770 771 772 773 774 775 777 778 779]] [52 [780 781 782 783 784 785 786 787 788 789 790 791 792 793 794]] [53 [795 796 797 798 799 800 801 802 803 804 805 806 807 808 809]] [54 [810 811 812 813 814 815 816 817 818 819 820 821 822 823 824]] [55 [825 826 827 828 829 830 831 832 833 834 835 836 837 838 839]] [56 [840 841 842 843 844 845 846 847 848 849 850 851 852 853 854]] [57 [855 856 857 858 859 860 861 862 863 864 865 866 868]] [58 [870 871 872 873 874 875 876 877 878 879 880 881 883 884]] [59 [885 886 887 889 890 892 893 894 895 896 897 898 899]] [60 [900 901 902 903 904 905 906 907 908 909 910 911 912 913 914]] [61 [915 916 917 919 920 921 922 923 924 925 926 927 928 929]] [62 [930 931 932 934 935 936 938 939 940 941 942 943 944]] [63 [945 946 947 948 949 950 953 956 957 958 959]] [64 [960 961 962 963 965 966 967 969 970 971 972]] [65 [975 976 977 978 979 980 982 985 987 988]] [66 [991 992 993 994 995 996 997 998 1000 1002 1003]] [67 [1005 1006 1007 1008 1009 1010 1011 1012 1013 1014 1015 1017 1018]] [68 [1021 1022 1024 1025 1026 1027 1028 1029 1032 1033 1034]] [69 [1035 1036 1037 1039 1040 1042 1043 1044 1045 1047 1048]] [70 [1050 1051 1052 1053 1054 1055 1056 1057 1058 1059 1060 1061 1063]] [71 [1065 1066 1067 1068 1069 1070 1071 1072 1073 1074 1075 1076 1077 1078 1079]] [72 [1080 1081 1082 1083 1084 1085 1086 1087 1088 1089 1090 1091 1092 1093 1094]] [73 [1095 1096 1097 1098 1099 1100 1101 1102 1103 1104 1105 1106 1107 1108 1109]] [74 [1110 1111 1112 1113 1114 1115 1116 1117 1118 1119 1120 1121 1122 1123 1124]] [75 [1125 1126 1127 1128 1130 1132 1133 1134 1135 1136 1137 1138 1139]] [76 [1140 1141 1142 1143 1144 1145 1146 1147 1148 1149 1150 1151 1152 1153]] [77 [1155 1156 1157 1158 1159 1160 1161 1162 1163 1164 1165 1167 1168 1169]] [78 [1170 1171 1172 1173 1174 1175 1176 1177 1178 1179 1180 1181 1182 1183 1184]] [79 [1185 1186 1187 1188 1189 1190 1191 1193 1195 1196 1197 1199]] [80 [1200 1201 1202 1203 1204 1205 1206 1207 1208 1209 1210 1211 1212 1213 1214]] [81 [1215 1216 1217 1218 1219 1220 1221 1222 1223 1224 1225 1226 1227 1228 1229]] [82 [1230 1231 1232 1233 1234 1235 1236 1237 1238 1239 1240 1241 1242 1243 1244]] [83 [1245 1246 1247 1248 1249 1250 1251 1252 1253 1254 1255 1256 1257 1258 1259]] [84 [1260 1261 1263 1264 1265 1266 1267 1268 1269 1270 1271 1272 1274]] [85 [1275 1276 1277 1278 1279 1280 1281 1282 1283 1284 1285 1286 1287 1288 1289]] [86 [1290 1291 1292 1293 1294 1295 1296 1297 1298 1299 1300 1301 1302 1303 1304]] [87 [1305 1306 1307 1308 1309 1310 1311 1312 1313 1314 1315 1316 1317 1318 1319]] [88 [1320 1321 1322 1323 1324 1325 1326 1327 1328 1329 1330 1331 1332 1333 1334]] [89 [1336 1337 1338 1339 1340 1341 1342 1343 1344 1345 1346 1347 1348 1349]] [90 [1350 1351 1352 1353 1354 1355 1356 1357 1358 1359 1361 1362 1363 1364]] [91 [1365 1366 1367 1368 1369 1370 1371 1372 1373 1374 1376 1377 1379]] [92 [1380 1381 1382 1383 1384 1385 1386 1387 1388 1389 1390 1391 1392 1393 1394]] [93 [1395 1396 1397 1398 1399 1400 1401 1402 1403 1404 1405 1406 1407 1408 1409]] [94 [1410 1411 1412 1413 1414 1415 1416 1417 1418 1419 1420 1421 1422 1423 1424]] [95 [1425 1426 1427 1428 1429 1430 1431 1432 1433 1434 1435 1436 1437 1439]] [96 [1440 1441 1442 1443 1445 1446 1447 1448 1449 1450 1451 1452 1453 1454]] [97 [1455 1456 1457 1458 1459 1460 1461 1462 1463 1464 1465 1466 1467 1468 1469]] [98 [1471 1472 1473 1474 1475 1476 1477 1478 1479 1480 1481 1482 1484]] [99 [1485 1486 1487 1491 1492 1493 1495 1496 1497 1498 1499]]]","[[0 [1 2 9 10 11]] [1 [15 17 18 19 20 21 23 24 27 29]] [2 [30 32 33 34 35 36 37 39 44]] [3 [45 46 47 49 51 52 58 59]] [4 [61 62 63 64 65 66 67 71]] [5 [75 76 79 81 87 88 89]] [6 [91 94 95 96 97 98 99 101 102 103]] [7 [105 106 108 111 112 113 114 115 117 118]] [8 [120 121 126 127 128 130 131 132 133 134]] [9 [135 136 137 138 139 142 145 149]] [10 [153 154 155 158 161 163 164]] [11 [165 166 167 168 169 170 172 174 176 178 179]] [12 [180 184 185 186 189 190 191]] [13 [195 200 201 208]] [14 [212 215 219 220 223 224]] [15 [225 226 230 231 232 233 235 236 238 239]] [16 [240 243 244 245 246 248 249 250 251 253]] [17 [255 256 262]] [18 [270 272 274 277 278 279 281 282 283]] [19 [285 286 288 289 290 291 292 294 298 299]] [20 [300 302 304 305 307 308 310 311 312 313]] [21 [318 321 322 323 324 325 326 327 328 329]] [22 [330 334 335 336 340 341 342 343]] [23 [345 346 350 352 353 354]] [24 [361 363 365 366 368 369 370 371 372]] [25 [378 381 382 383 385 386 388 389]] [26 [390 391 392 394 395 396 398 399 400 404]] [27 [405 407 408 409 410 413 414 417 419]] [28 [420 422 423 425 427 428 429 430 431 433]] [29 [437 446]] [30 [450 451 452 454 457 458 459 460 461 462 463]] [31 [465 466 467 471 478]] [32 [486 489 490 492]] [33 [497 503 506 507]] [34 [510 518 519 520 523]] [35 [525 527 528 529 531 532 533 536 538]] [36 [540 541 543 544 545 548 551 552 553]] [37 [556 557 560 561 562 564 565 567 568 569]] [38 [570 571 574 575 578 580 581 582 583 584]] [39 [586 588 589 590 591 592 593 596 598 599]] [40 [603 608 610 611 614]] [41 [615 616 618 619 621 624 625 626 627 629]] [42 [631 632 633 634 635 637 640 641 642 644]] [43 [645 646 647 650 652 653 654 655 656 657 659]] [44 [660 661 662 663 664 666 667 669 670 672]] [45 [675 676 679 681 683 685 686 687 689]] [46 [691 695 698 699 700 701 702 703 704]] [47 [705 707 708 709 710 711 712 713 714 717 718]] [48 [720 721 722 724 727 730 732 733 734]] [49 [735 739 741 745 746 747 748 749]] [50 [753 754 755 756 757 758 759 763 764]] [51 [765 766 768 770 771 772 773 775 777]] [52 [780 781 782 783 784 786 787 790 792 793 794]] [53 [796 797 798 799 800 801 805 807 808]] [54 [810 811 813 815 816 817 818 819 820 822]] [55 [827 832 833 834 835 836 838 839]] [56 [840 841 843 846 850 851 852 853 854]] [57 [855 856 857 858 859 861 862 864 865 866]] [58 [871 872 873 875 876 878 880 881 884]] [59 [886 887 889 890 892 894 895 896 898 899]] [60 [901 902 904 905 907 910 911 912 913 914]] [61 [915 916 917 919 920 921 923 926 927 928 929]] [62 [930 931 934 936 939 940 941 942 943 944]] [63 [946 947 948 949 950 953 956 957 958 959]] [64 [960 965 966 967 969 970 971 972]] [65 [975 976 977 978 979 980 982 985 987 988]] [66 [991 992 993 994 995 996 997 998 1000 1002 1003]] [67 [1005 1007 1008 1009 1010 1011 1012 1013 1014 1015 1018]] [68 [1021 1022 1024 1025 1027 1029 1032 1033 1034]] [69 [1035 1036 1037 1039 1040 1042 1043 1044 1047 1048]] [70 [1052 1053 1054 1055 1056 1057 1058 1060 1061 1063]] [71 [1065 1068 1069 1072 1073 1074 1076 1077 1079]] [72 [1080 1081 1083 1084 1087 1090 1091 1092 1094]] [73 [1095 1096 1098 1101 1104 1105 1106 1107 1108 1109]] [74 [1110 1112 1113 1114 1115 1118 1119 1120 1121 1122]] [75 [1126 1127 1128 1134 1135 1136 1137 1138]] [76 [1140 1142 1143 1144 1147 1148 1149 1150 1152]] [77 [1155 1156 1157 1158 1159 1163 1164 1165 1167 1168]] [78 [1173 1174 1176 1178 1179 1180 1181 1183]] [79 [1185 1188 1189 1190 1191 1193 1195 1196 1197]] [80 [1200 1202 1204 1206 1207 1209 1212 1213 1214]] [81 [1215 1216 1218 1219 1221 1222 1223 1224 1227 1228]] [82 [1230 1232 1234 1235 1237 1240]] [83 [1245 1246 1247 1251 1252 1253 1254 1255 1256 1258 1259]] [84 [1260 1261 1263 1264 1266 1267 1268 1270 1271]] [85 [1275 1276 1277 1278 1279 1282]] [86 [1298 1303 1304]] [87 [1309 1310 1317]] [88 [1320 1321 1324 1325 1326 1327 1328 1330 1332 1333 1334]] [89 [1339 1340 1341 1342 1343 1349]] [90 [1351 1353 1355 1358 1359 1362]] [91 [1366 1367 1369 1370 1373 1374 1376 1379]] [92 [1380 1381 1382 1383 1391 1393 1394]] [93 [1395 1396 1399]] [94 [1411 1413 1414 1416 1419 1420 1421 1422 1423 1424]] [95 [1426 1428 1430 1431 1432 1434 1435 1436 1437]] [96 [1440 1442 1446 1447 1448 1450 1451 1453]] [97 [1455 1456 1457 1460 1461 1466 1467 1468]] [98 [1474 1475 1476 1477 1478 1480 1481 1482 1484]] [99 [1485 1486 1487 1492 1493 1496 1497 1498 1499]]]",,"[[{citizen 1} [[""A"" [1]]]] [{citizen 2} [[""A"" [1]]]] [{citizen 3} [[""A"" [1]]]] [{citizen 4} [[""A"" [1]]]] [{citizen 5} [[""A"" [0]]]] [{citizen 6} [[""A"" [1]]]] [{citizen 7} [[""A"" [2]]]] [{citizen 10} [[""A"" [1]]]] [{citizen 12} [[""A"" [0]]]] [{citizen 13} [[""A"" [1]]]] [{citizen 18} [[""A"" [0]]]] [{citizen 19} [[""A"" [0]]]] [{citizen 22} [[""A"" [1]]]] [{citizen 26} [[""A"" [2]]]] [{citizen 27} [[""A"" [1]]]] [{citizen 28} [[""A"" [1]]]] [{citizen 35} [[""A"" [2]]]] [{citizen 40} [[""A"" [1]]]] [{media 50} [[""A"" [4]]]] [{media 52} [[""A"" [2]]]] [{media 54} [[""A"" [5]]]] [{media 55} [[""A"" [1]]]] [{media 56} [[""A"" [1]]]] [{media 57} [[""A"" [6]]]] [{media 58} [[""A"" [2]]]] [{media 60} [[""A"" [0]]]] [{media 62} [[""A"" [3]]]] [{media 64} [[""A"" [2]]]] [{citizen 31} [[""A"" [0]]]] [{citizen 49} [[""A"" [1]]]] [{citizen 42} [[""A"" [1]]]] [{citizen 30} [[""A"" [0]]]] [{citizen 15} [[""A"" [0]]]] [{citizen 14} [[""A"" [0]]]] [{citizen 11} [[""A"" [1]]]] [{citizen 20} [[""A"" [1]]]] [{citizen 8} [[""A"" [2]]]] [{citizen 29} [[""A"" [1]]]] [{media 53} [[""A"" [1]]]] [{citizen 45} [[""A"" [2]]]] [{citizen 23} [[""A"" [1]]]] [{citizen 47} [[""A"" [2]]]] [{citizen 36} [[""A"" [1]]]] [{citizen 38} [[""A"" [1]]]] [{citizen 17} [[""A"" [0]]]] [{citizen 48} [[""A"" [1]]]] [{citizen 43} [[""A"" [1]]]] [{citizen 39} [[""A"" [0]]]] [{citizen 34} [[""A"" [1]]]] [{citizen 25} [[""A"" [1]]]] [{citizen 9} [[""A"" [1]]]] [{citizen 33} [[""A"" [0]]]] [{citizen 37} [[""A"" [0]]]] [{media 63} [[""A"" [0]]]] [{citizen 32} [[""A"" [1]]]] [{citizen 21} [[""A"" [1]]]] [{media 59} [[""A"" [4]]]] [{media 61} [[""A"" [1]]]] [{citizen 41} [[""A"" [1]]]] [{media 51} [[""A"" [1]]]] [{citizen 16} [[""A"" [1]]]] [{citizen 44} [[""A"" [1]]]] [{citizen 46} [[""A"" [2]]]] [{citizen 24} [[""A"" [1]]]]]"
"1","[213 0 42]","107.2340425531915","4.524289469382316","-1.3005961875638943","""circle""","""""","9.9","{breed citizens}","false","0.5","1","""up""",,"[[""ID"" 40] [""alpha"" 1] [""beta"" 1] [""malleable"" [""A""]] [""prior"" []] [""cont_tokens"" []] [""A"" 1]]","[[0 [1 2 5 8 9 10 11 12 13 14]] [1 [15 17 18 19 20 21 22 23 24 25 26 27 28 29]] [2 [30 31 32 33 34 35 36 37 39 40 41 42 43 44]] [3 [45 46 47 48 49 50 51 52 53 54 55 56 57 58 59]] [4 [60 61 62 63 64 65 66 67 68 69 70 71 73 74]] [5 [75 76 77 78 79 80 81 82 83 84 85 86 87 88 89]] [6 [91 93 94 95 96 97 98 99 101 102 103]] [7 [105 106 108 110 111 112 113 114 115 117 118]] [8 [120 121 123 125 126 127 128 129 130 131 132 133 134]] [9 [135 136 137 138 139 140 141 142 143 144 145 146 147 148 149]] [10 [150 151 152 153 154 155 157 158 159 160 161 162 163 164]] [11 [165 166 167 168 169 170 171 172 173 174 175 176 178 179]] [12 [180 181 183 184 185 186 187 188 189 190 191 192 193 194]] [13 [195 196 197 198 199 200 201 202 203 204 205 207 208 209]] [14 [210 211 212 213 214 215 216 217 218 219 220 221 222 223 224]] [15 [225 226 227 228 229 230 231 232 233 234 235 236 237 238 239]] [16 [240 243 244 245 246 247 248 249 250 251 252 253 254]] [17 [255 256 257 258 259 260 261 262 263 264 265 266 267 268 269]] [18 [270 271 272 273 274 275 276 277 278 279 280 281 282 283 284]] [19 [285 286 288 291 292 293 294 295 296 297 298 299]] [20 [300 302 303 304 305 307 308 309 310 311 312 313 314]] [21 [315 317 318 319 320 321 322 323 324 325 326 327 328 329]] [22 [330 331 332 333 334 335 336 337 338 339 340 341 342 343 344]] [23 [345 346 347 349 350 351 352 353 354 355 356 357 358 359]] [24 [360 361 362 363 364 365 366 367 368 369 370 371 372 373 374]] [25 [375 376 377 379 380 383 384 385 386 388 389]] [26 [390 391 392 394 395 396 398 399 400 401 402 403 404]] [27 [405 406 407 408 409 410 411 412 413 414 415 416 417 418 419]] [28 [420 421 422 423 424 425 426 427 428 429 430 431 432 433 434]] [29 [435 436 437 438 439 440 441 442 443 444 445 446 447 448 449]] [30 [450 451 452 453 454 455 456 457 458 459 460 461 462 463 464]] [31 [465 466 467 468 469 470 471 472 473 474 475 476 477 478 479]] [32 [486 489 490 492]] [33 [497 498 499 500 501 502 503 504 505 506 507 508 509]] [34 [510 511 512 513 514 515 516 517 518 519 520 521 523 524]] [35 [525 527 528 529 531 532 533 536 537 538 539]] [36 [540 541 542 543 544 545 546 548 549 550 551 552 553 554]] [37 [555 556 557 558 559 560 561 562 563 564 565 566 567 568 569]] [38 [570 571 572 573 574 575 576 577 578 579 580 581 582 583 584]] [39 [585 586 587 588 589 590 591 592 593 594 595 596 597 598 599]] [40 [600 602 603 604 605 606 607 608 610 611 612 613 614]] [41 [615 616 617 618 619 620 621 622 623 624 625 626 627 628 629]] [42 [630 631 632 633 634 635 636 637 638 640 641 642 643 644]] [43 [645 646 647 648 649 650 651 652 653 654 655 656 657 658 659]] [44 [660 661 662 663 664 665 666 667 668 669 670 671 672 673]] [45 [675 676 677 678 679 680 681 682 683 684 685 686 687 688 689]] [46 [691 693 694 695 696 697 698 699 700 701 702 703 704]] [47 [705 706 707 708 709 710 711 712 713 714 716 717 718]] [48 [720 721 722 723 724 727 728 729 730 731 732 733 734]] [49 [735 736 737 738 739 740 741 742 743 744 745 746 747 748 749]] [50 [750 751 752 753 754 755 756 757 758 759 760 761 762 763 764]] [51 [765 766 768 770 771 772 773 774 775 777 778 779]] [52 [780 781 782 783 784 785 786 787 788 789 790 791 792 793 794]] [53 [795 796 797 798 799 800 801 802 803 804 805 806 807 808 809]] [54 [810 811 812 813 814 815 816 817 818 819 820 821 822 823 824]] [55 [825 826 827 828 829 830 831 832 833 834 835 836 837 838 839]] [56 [840 841 842 843 844 845 846 847 848 849 850 851 852 853 854]] [57 [855 856 857 858 859 860 861 862 863 864 865 866 868]] [58 [870 871 872 873 874 875 876 877 878 879 880 881 883 884]] [59 [885 886 887 889 890 892 893 894 895 896 897 898 899]] [60 [900 901 902 903 904 905 906 907 908 909 910 911 912 913 914]] [61 [915 916 917 919 920 921 922 923 924 925 926 927 928 929]] [62 [930 931 932 934 935 936 938 939 940 941 942 943 944]] [63 [945 946 947 948 949 950 953 956 957 958 959]] [64 [960 961 962 963 965 966 967 969 970 971 972]] [65 [975 976 977 978 979 980 982 985 987 988]] [66 [991 992 993 994 995 996 997 998 1000 1002 1003]] [67 [1005 1006 1007 1008 1009 1010 1011 1012 1013 1014 1015 1017 1018]] [68 [1021 1022 1024 1025 1026 1027 1028 1029 1032 1033 1034]] [69 [1035 1036 1037 1039 1040 1042 1043 1044 1045 1047 1048]] [70 [1050 1051 1052 1053 1054 1055 1056 1057 1058 1059 1060 1061 1063]] [71 [1065 1066 1067 1068 1069 1070 1071 1072 1073 1074 1075 1076 1077 1078 1079]] [72 [1080 1081 1082 1083 1084 1085 1086 1087 1088 1089 1090 1091 1092 1093 1094]] [73 [1095 1096 1097 1098 1099 1100 1101 1102 1103 1104 1105 1106 1107 1108 1109]] [74 [1110 1111 1112 1113 1114 1115 1116 1117 1118 1119 1120 1121 1122 1123 1124]] [75 [1125 1126 1127 1128 1130 1131 1132 1133 1134 1135 1136 1137 1138 1139]] [76 [1140 1141 1142 1143 1144 1145 1146 1147 1148 1149 1150 1151 1152 1153]] [77 [1155 1156 1157 1158 1159 1160 1161 1162 1163 1164 1165 1167 1168 1169]] [78 [1170 1171 1172 1173 1174 1175 1176 1177 1178 1179 1180 1181 1182 1183 1184]] [79 [1185 1186 1187 1188 1189 1190 1191 1193 1195 1196 1197 1199]] [80 [1200 1201 1202 1203 1204 1205 1206 1207 1208 1209 1210 1211 1212 1213 1214]] [81 [1215 1216 1217 1218 1219 1220 1221 1222 1223 1224 1225 1226 1227 1228 1229]] [82 [1230 1231 1232 1233 1234 1235 1236 1237 1238 1239 1240 1241 1242 1243 1244]] [83 [1245 1246 1247 1248 1249 1250 1251 1252 1253 1254 1255 1256 1257 1258 1259]] [84 [1260 1261 1263 1264 1265 1266 1267 1268 1269 1270 1271 1272 1274]] [85 [1275 1276 1277 1278 1279 1280 1281 1282 1283 1284 1285 1286 1287 1288 1289]] [86 [1292 1293 1294 1295 1296 1297 1298 1299 1300 1301 1302 1303 1304]] [87 [1305 1306 1307 1308 1309 1310 1311 1312 1313 1314 1315 1316 1317 1318 1319]] [88 [1320 1321 1322 1323 1324 1325 1326 1327 1328 1329 1330 1331 1332 1333 1334]] [89 [1336 1337 1338 1339 1340 1341 1342 1343 1344 1345 1346 1347 1348 1349]] [90 [1350 1351 1352 1353 1354 1355 1356 1357 1358 1359 1361 1362 1363 1364]] [91 [1365 1366 1367 1368 1369 1370 1371 1372 1373 1374 1376 1377 1379]] [92 [1380 1381 1382 1383 1384 1385 1386 1387 1388 1389 1390 1391 1392 1393 1394]] [93 [1395 1396 1397 1398 1399 1400 1401 1402 1403 1404 1405 1406 1407 1408 1409]] [94 [1410 1411 1412 1413 1414 1415 1416 1417 1418 1419 1420 1421 1422 1423 1424]] [95 [1425 1426 1427 1428 1429 1430 1431 1432 1433 1434 1435 1436 1437 1439]] [96 [1440 1441 1442 1443 1445 1446 1447 1448 1449 1450 1451 1452 1453 1454]] [97 [1455 1456 1457 1458 1459 1460 1461 1462 1463 1464 1465 1466 1467 1468 1469]] [98 [1471 1472 1473 1474 1475 1476 1477 1478 1479 1480 1481 1482 1484]] [99 [1485 1486 1487 1491 1492 1493 1495 1496 1497 1498 1499]]]","[[0 [1 2 9 10 11 12 13 14]] [1 [15 17 18 19 20 21 23 24 27 29]] [2 [30 32 34 35 36 37 40 41 42 43]] [3 [46 47 49 53 54 55 56 57 58 59]] [4 [61 64 65 66 67 68 69 70 73 74]] [5 [77 78 82 83 84 85 87 88 89]] [6 [91 94 95 96 97 98 99 101 102 103]] [7 [105 106 108 110 112 113 114 115 117 118]] [8 [120 121 123 125 128 130 131 132 133 134]] [9 [135 136 137 138 139 142 145]] [10 [153 155 158 161 163 164]] [11 [165 166 167 168 169 170 172 174 175 176 178]] [12 [180 184 185 186 187 189 190 191]] [13 [195 200 201 208]] [14 [211 213 214 217 219 220]] [15 [227 228 229 230 231 232 235 236 238 239]] [16 [240 243 244 245 246 249 250 252]] [17 [257 258 259 260 261 263 264 265 268]] [18 [270 272 274 280 284]] [19 [295 296 299]] [20 [300 302 303 304 305 307 308 310 311 312 313]] [21 [318 321 322 323 324 325 326 327 328]] [22 [330 334 335 337 338 339 340 341 342 343]] [23 [345 346 350 351 353 355 357 358 359]] [24 [360 361 363 365 366 367 368 369 370 371 373 374]] [25 [375 376 377 379 380 383 385 386 388]] [26 [390 391 392 394 395 396 398 399 400]] [27 [408 409 410 411 412 416 418]] [28 [421 422 423 424 425 426 427 428 429 430 431 434]] [29 [435 436 439 441 447 448 449]] [30 [450 453 455 456]] [31 [465 466 467 471 478]] [32 [486 490 492]] [33 [497 498 499 500 501 502 503 504 505 508 509]] [34 [512 513 514 515 517 518 519 520 523]] [35 [525 528 529 531 532 533 536 537 538]] [36 [541 542 543 544 545 548 551 552 553 554]] [37 [555 558]] [38 [572]] [39 [594 595 597]] [40 [603 607 612 613]] [41 [617 619 621 624 625 626 627 629]] [42 [632 633 634 635 636 637 640 641 642 644]] [43 [645 646 647 649 651 657 659]] [44 [660 661 662 663 664 665 668 673]] [45 [677 680 682 684 685 686 687 689]] [46 [691 695 698 699 700 701 703 704]] [47 [705 707 708 709 710 711 712 713 714 717 718]] [48 [720 721 722 724 727 729 730 733 734]] [49 [735 740 745 746 747 748 749]] [50 [753 754 755 756 757 760 761 762]] [51 [765 766 768 770 771 773 775 777]] [52 [780 781 782 783 784 786 787 790 792 793 794]] [53 [796 800 803 806 808]] [54 [810 812 814 821 823]] [55 [828 829 831 835 837 838 839]] [56 [840 841 843 846 847 850 851 852 853 854]] [57 [856 857 858 859 861 862 864 865 866]] [58 [871 872 873 875 876 878 880 881 884]] [59 [885 892 894 895 896 897 898 899]] [60 [901 902 904 905 907 910 911 912 913 914]] [61 [915 916 917 919 920 921 923 926 927 928 929]] [62 [931 934 935 936 939 940 941 942 943]] [63 [945 947 948 949 950 953 957 959]] [64 [960 963 965 966 967 969 970 971 972]] [65 [975 976 977 978 979 980 982 985 987 988]] [66 [991 992 993 994 995 996 997 998 1000 1002 1003]] [67 [1005 1007 1008 1009 1010 1011 1012 1013 1014 1015 1018]] [68 [1021 1022 1024 1025 1026 1028 1029 1033 1034]] [69 [1035 1036 1037 1039 1040 1042 1043 1044 1045 1047]] [70 [1050 1051 1053 1054 1055 1056 1057 1060 1061 1063]] [71 [1066 1067 1068 1069 1072 1073 1074 1076 1077]] [72 [1080 1081 1085 1089 1090 1091 1092 1094]] [73 [1095 1096 1098 1101 1103 1104 1105 1106 1107 1108 1109]] [74 [1110 1112 1113 1114 1115 1116 1117 1123 1124]] [75 [1125 1128 1130 1132 1133 1134 1135 1136 1137 1138]] [76 [1140 1142 1143 1144 1147 1148 1149 1150 1152]] [77 [1155 1156 1157 1158 1159 1161 1162 1169]] [78 [1172 1174 1176 1178 1179 1180 1181 1182 1183]] [79 [1185 1188 1189 1190 1191 1193 1195 1196 1197]] [80 [1200 1202 1204 1206 1207 1209 1212 1213 1214]] [81 [1215 1217 1218 1219 1221 1222 1223 1224 1227 1228]] [82 [1230 1232 1234 1235 1236 1238 1239 1242 1243 1244]] [83 [1246 1247 1251 1252 1253 1254 1255 1256 1258 1259]] [84 [1260 1261 1263 1264 1266 1267 1268 1270 1271]] [85 [1275 1276 1277 1278 1279 1282]] [86 [1298 1303 1304]] [87 [1307 1308 1311 1313 1314 1315 1316 1317]] [88 [1320 1324 1325 1326 1328 1330 1332 1334]] [89 [1336 1339 1340 1341 1342 1344 1345 1346 1347 1348 1349]] [90 [1351 1353 1355 1358 1359 1362 1364]] [91 [1365 1368 1369 1370 1371 1376 1379]] [92 [1380 1384 1385 1386 1387 1388 1389 1390 1392]] [93 [1397 1398 1400 1401 1405 1406 1407 1409]] [94 [1410 1412 1413 1414 1416 1420 1422 1423 1424]] [95 [1426 1429 1430 1431 1432 1434 1435 1436 1437]] [96 [1440 1443 1446 1447 1448 1449 1450 1451 1452 1454]] [97 [1458 1459 1462 1465 1466 1467 1468 1469]] [98 [1471 1475 1476 1477 1478 1480 1481 1482 1484]] [99 [1485 1487 1491 1492 1493 1495 1496 1497 1498 1499]]]",,"[[{citizen 4} [[""A"" [1]]]] [{citizen 5} [[""A"" [1]]]] [{citizen 6} [[""A"" [1]]]] [{citizen 9} [[""A"" [1]]]] [{citizen 11} [[""A"" [1]]]] [{citizen 14} [[""A"" [1]]]] [{citizen 15} [[""A"" [1]]]] [{citizen 17} [[""A"" [1]]]] [{citizen 21} [[""A"" [1]]]] [{citizen 33} [[""A"" [1]]]] [{media 51} [[""A"" [1]]]] [{media 53} [[""A"" [1]]]] [{media 59} [[""A"" [4]]]] [{media 61} [[""A"" [1]]]] [{media 63} [[""A"" [0]]]] [{media 54} [[""A"" [5]]]] [{citizen 0} [[""A"" [1]]]] [{media 57} [[""A"" [6]]]] [{media 50} [[""A"" [4]]]] [{media 62} [[""A"" [3]]]] [{media 64} [[""A"" [2]]]] [{citizen 31} [[""A"" [1]]]] [{citizen 26} [[""A"" [3]]]] [{citizen 7} [[""A"" [0]]]] [{citizen 49} [[""A"" [1]]]] [{citizen 13} [[""A"" [1]]]] [{citizen 42} [[""A"" [1]]]] [{citizen 30} [[""A"" [1]]]] [{citizen 45} [[""A"" [2]]]] [{citizen 23} [[""A"" [1]]]] [{citizen 8} [[""A"" [3]]]] [{citizen 47} [[""A"" [3]]]] [{citizen 36} [[""A"" [1]]]] [{citizen 19} [[""A"" [2]]]] [{media 52} [[""A"" [2]]]] [{citizen 34} [[""A"" [1]]]] [{media 55} [[""A"" [1]]]] [{citizen 48} [[""A"" [1]]]] [{citizen 25} [[""A"" [1]]]] [{media 58} [[""A"" [2]]]] [{citizen 20} [[""A"" [1]]]] [{citizen 35} [[""A"" [2]]]] [{media 56} [[""A"" [1]]]] [{citizen 43} [[""A"" [1]]]] [{media 60} [[""A"" [0]]]] [{citizen 28} [[""A"" [1]]]] [{citizen 37} [[""A"" [1]]]] [{citizen 2} [[""A"" [1]]]] [{citizen 29} [[""A"" [1]]]] [{citizen 41} [[""A"" [1]]]] [{citizen 27} [[""A"" [1]]]] [{citizen 18} [[""A"" [1]]]] [{citizen 38} [[""A"" [1]]]] [{citizen 12} [[""A"" [3]]]] [{citizen 32} [[""A"" [1]]]] [{citizen 40} [[""A"" [1]]]] [{citizen 3} [[""A"" [1]]]] [{citizen 22} [[""A"" [1]]]] [{citizen 10} [[""A"" [3]]]] [{citizen 44} [[""A"" [1]]]] [{citizen 16} [[""A"" [1]]]] [{citizen 39} [[""A"" [1]]]] [{citizen 46} [[""A"" [1]]]] [{citizen 24} [[""A"" [1]]]]]"
"2","[213 0 42]","3.53518821603928","-0.15093447700911888","10.060610375120763","""circle""","""""","9.9","{breed citizens}","false","0.5","1","""up""",,"[[""ID"" 41] [""alpha"" 1] [""beta"" 1] [""malleable"" [""A""]] [""prior"" []] [""cont_tokens"" []] [""A"" 1]]","[[0 [0 1 2 3 4 5 6 7 8 9 10 11 13]] [1 [15 16 17 18 19 20 21 22 23 24 25 26 27 28 29]] [2 [30 31 32 33 34 35 36 37 38 39 40 41 42 43 44]] [3 [45 46 47 48 49 50 51 52 53 54 55 56 57 58 59]] [4 [60 61 62 63 64 65 66 67 68 69 70 71 73 74]] [5 [75 76 77 78 79 80 81 82 83 84 85 86 87 88 89]] [6 [91 93 94 95 96 97 98 99 101 102 103]] [7 [105 106 108 110 111 112 113 114 115 117 118]] [8 [120 121 123 125 126 127 128 129 130 131 132 133 134]] [9 [135 136 137 138 139 140 141 142 143 144 145 146 147 148 149]] [10 [150 151 152 153 154 155 157 158 159 160 161 162 163 164]] [11 [165 166 167 168 169 170 171 172 173 174 175 176 178 179]] [12 [180 181 183 184 185 186 187 188 189 190 191 192 193 194]] [13 [195 196 197 198 199 200 201 202 203 204 205 206 207 208 209]] [14 [210 211 212 213 214 215 216 217 218 219 220 221 222 223 224]] [15 [225 226 227 228 229 230 231 232 233 235 236 238 239]] [16 [240 243 244 245 246 247 248 249 250 251 252 253 254]] [17 [255 256 257 258 259 260 261 262 263 264 265 266 267 268 269]] [18 [270 271 272 273 274 275 276 277 278 279 280 281 282 283 284]] [19 [285 286 287 288 289 290 291 292 293 294 295 298 299]] [20 [300 302 303 304 305 307 308 309 310 311 312 313 314]] [21 [315 317 318 319 320 321 322 323 324 325 326 327 328 329]] [22 [330 331 332 333 334 335 336 337 338 339 340 341 342 343 344]] [23 [345 346 347 349 350 351 352 353 354 355 356 357 358 359]] [24 [360 361 362 363 364 365 366 367 368 369 370 371 372 373 374]] [25 [375 376 377 378 379 380 381 382 383 384 385 386 388 389]] [26 [390 391 392 394 395 396 398 399 400 401 402 403 404]] [27 [405 406 407 408 409 410 411 412 413 414 415 416 417 418 419]] [28 [420 421 422 423 424 425 426 427 428 429 430 431 432 433 434]] [29 [435 436 437 438 439 440 441 442 443 444 445 446 447 448 449]] [30 [450 451 452 453 454 455 456 457 458 459 460 461 462 463]] [31 [465 466 467 468 469 470 471 472 473 474 475 476 477 478 479]] [32 [480 481 482 483 484 485 486 487 488 489 490 491 492 493 494]] [33 [495 496 497 498 499 500 501 502 503 504 505 506 507 508 509]] [34 [510 511 512 513 514 515 516 517 518 519 520 523]] [35 [525 527 528 529 531 532 533 536 537 538 539]] [36 [540 541 542 543 544 545 546 548 549 550 551 552 553 554]] [37 [555 556 557 558 559 560 561 562 563 564 565 566 567 568 569]] [38 [570 571 572 573 574 575 576 577 578 579 580 581 582 583 584]] [39 [585 586 587 588 589 590 591 592 593 594 595 596 597 598 599]] [40 [600 602 603 604 605 606 607 608 610 611 612 613 614]] [41 [615 616 617 618 619 621 622 623 624 625 626 627 628 629]] [42 [630 631 632 633 634 635 636 637 638 640 641 642 643 644]] [43 [645 646 647 648 649 650 651 652 653 654 655 656 657 658 659]] [44 [660 661 662 663 664 665 666 667 668 669 670 671 672 673]] [45 [675 676 677 678 679 680 681 682 683 684 685 686 687 689]] [46 [691 693 694 695 696 697 698 699 700 701 702 703 704]] [47 [705 706 707 708 709 710 711 712 713 714 716 717 718]] [48 [720 721 722 723 724 727 728 729 730 731 732 733 734]] [49 [735 736 737 738 739 740 741 742 743 744 745 746 747 748 749]] [50 [752 753 754 755 756 757 758 759 760 761 762 763 764]] [51 [765 766 767 768 770 771 772 773 774 775 777 778 779]] [52 [780 781 782 783 784 785 786 787 788 789 790 791 792 793 794]] [53 [795 796 797 798 799 800 801 802 803 804 805 806 807 808 809]] [54 [810 811 812 813 814 815 816 817 818 819 820 821 822 823 824]] [55 [825 826 827 828 829 830 831 832 833 834 835 836 837 838 839]] [56 [840 841 842 843 844 845 846 847 848 849 850 851 852 853 854]] [57 [855 856 857 858 859 860 861 862 863 864 865 866 868]] [58 [870 871 872 873 874 875 876 877 878 879 880 881 883 884]] [59 [885 886 887 889 890 892 893 894 895 896 897 898 899]] [60 [900 901 902 903 904 905 906 907 908 909 910 911 912 913 914]] [61 [915 916 917 919 920 921 922 923 924 925 926 927 928 929]] [62 [930 931 932 934 935 936 938 939 940 941 942 943 944]] [63 [945 946 947 948 949 950 953 956 957 958 959]] [64 [960 961 962 963 965 966 967 969 970 971 972]] [65 [975 976 977 978 979 980 982 985 987 988]] [66 [991 992 993 994 995 996 997 998 1000 1002 1003]] [67 [1005 1006 1007 1008 1009 1010 1011 1012 1013 1014 1015 1017 1018]] [68 [1021 1022 1024 1025 1026 1027 1028 1029 1032 1033 1034]] [69 [1035 1036 1037 1039 1040 1042 1043 1044 1045 1047 1048]] [70 [1050 1051 1052 1053 1054 1055 1056 1057 1058 1059 1060 1061 1063]] [71 [1065 1066 1067 1068 1069 1070 1071 1072 1073 1074 1075 1076 1077 1078 1079]] [72 [1080 1081 1082 1083 1084 1085 1086 1087 1088 1089 1090 1091 1092 1093 1094]] [73 [1095 1096 1097 1098 1099 1100 1101 1102 1103 1104 1105 1106 1107 1108 1109]] [74 [1110 1111 1112 1113 1114 1115 1116 1117 1118 1119 1120 1121 1122 1123 1124]] [75 [1125 1126 1127 1128 1129 1130 1131 1132 1133 1134 1135 1136 1137 1138 1139]] [76 [1140 1141 1142 1143 1144 1145 1146 1147 1148 1149 1150 1151 1152 1153 1154]] [77 [1155 1156 1157 1158 1159 1160 1161 1162 1163 1164 1165 1167 1168 1169]] [78 [1170 1171 1172 1173 1174 1175 1176 1177 1178 1179 1180 1181 1182 1183 1184]] [79 [1185 1186 1187 1188 1189 1190 1191 1193 1194 1195 1196 1197 1198 1199]] [80 [1200 1201 1202 1203 1204 1205 1206 1207 1208 1209 1210 1211 1212 1213 1214]] [81 [1215 1216 1217 1218 1219 1220 1221 1222 1223 1224 1225 1226 1227 1228 1229]] [82 [1230 1231 1232 1233 1234 1235 1236 1237 1238 1239 1240 1241 1242 1243 1244]] [83 [1245 1246 1247 1248 1249 1250 1251 1252 1253 1254 1255 1256 1257 1258 1259]] [84 [1260 1261 1262 1263 1264 1265 1266 1267 1268 1269 1270 1271 1272 1273 1274]] [85 [1275 1276 1277 1278 1279 1280 1281 1282 1283 1284 1285 1286 1287 1288 1289]] [86 [1292 1293 1294 1295 1296 1297 1298 1299 1300 1301 1302 1303 1304]] [87 [1305 1306 1307 1308 1309 1310 1311 1312 1313 1314 1315 1316 1317 1318 1319]] [88 [1320 1321 1322 1323 1324 1325 1326 1327 1328 1329 1330 1331 1332 1333 1334]] [89 [1336 1338 1339 1340 1341 1342 1343 1344 1345 1346 1347 1348 1349]] [90 [1350 1351 1352 1353 1354 1355 1356 1357 1358 1359 1361 1362 1363 1364]] [91 [1365 1366 1367 1368 1369 1370 1371 1372 1373 1374 1376 1377 1379]] [92 [1380 1381 1382 1383 1384 1385 1386 1387 1388 1389 1390 1391 1392 1393 1394]] [93 [1395 1396 1397 1398 1399 1400 1401 1402 1403 1404 1405 1406 1407 1408 1409]] [94 [1410 1411 1412 1413 1414 1415 1416 1417 1418 1419 1420 1421 1422 1423 1424]] [95 [1425 1426 1427 1428 1429 1430 1431 1432 1433 1434 1435 1436 1437 1439]] [96 [1440 1441 1442 1443 1445 1446 1447 1448 1449 1450 1451 1452 1453 1454]] [97 [1455 1456 1457 1458 1459 1460 1461 1462 1463 1464 1465 1466 1467 1468 1469]] [98 [1471 1472 1473 1474 1475 1476 1477 1478 1479 1480 1481 1482 1484]] [99 [1485 1486 1487 1491 1492 1493 1495 1496 1497 1498 1499]]]","[[0 [0 3 4 5 9 10 11]] [1 [15 17 18 19 20 22 25 26 28]] [2 [31 32 33 34 35 36 37 41 42 43]] [3 [46 47 49 51 52 58 59]] [4 [61 62 63 66 68 69 70 73 74]] [5 [77 78 82 83 84 85 86 89]] [6 [91 94 95 96 97 98 99 101 102 103]] [7 [105 106 108 110 111 112 113 114 117 118]] [8 [120 121 123 125 129]] [9 [142 145 149]] [10 [153 155 157 158 161 163 164]] [11 [165 166 167 168 169 170 172 174 175 178]] [12 [181 183 184 185 186 189 190 192 193 194]] [13 [196 197 198 199 202 203 204 205 208]] [14 [211 213 214 216 218 221 222 223 224]] [15 [225 226 230 231 232 233 235 236 238 239]] [16 [240 243 244 245 246 249 250 251 254]] [17 [255 257 258 259 260 261 263 264 265 268 269]] [18 [270 272 273 275 276 277 279 281 282 283]] [19 [285 286 288 289 290 291 292 294 298 299]] [20 [300 302 304 307 308 310 311 312 313]] [21 [315 317 319 320 328 329]] [22 [331 332 335 336 339 340 341 342 343]] [23 [345 346 350 352 353 355 357 358 359]] [24 [360 361 363 365 366 367 368 371 373 374]] [25 [375 376 377 380 383 385 386 388]] [26 [390 391 392 394 395 396 398 399 400 404]] [27 [405 406 407 408 409 410 411 412 415 416 418]] [28 [421 422 423 424 425 427 428 430 431 434]] [29 [435 436 439 441 446]] [30 [450 453 455 456]] [31 [467 468 469 470 473 474 475 476 477 479]] [32 [480 481 482 483 484 485 487 488 491 493 494]] [33 [495 496 499 500 501 502 504 505 508 509]] [34 [512 513 515 517 518 519 520 523]] [35 [525 528 529 531 532 533 536 537 538]] [36 [541 542 543 544 545 548 551 552 553]] [37 [556 559 562 563 564 565 567 569]] [38 [570 571 574 575 578 580 582 583]] [39 [585 586 588 589 590 591 593 596 598 599]] [40 [600 602 604 605 606 608 610 611 614]] [41 [615 616 618 619 621 624 625 626 627 629]] [42 [632 633 634 635 636 637 638 640 641 642 644]] [43 [645 646 647 650 652 653 654 655 656 657 659]] [44 [661 662 663 664 665 668 670 672]] [45 [675 676 678 679 681 683 685 686 687 689]] [46 [691 694 695 698 699 700 701 703 704]] [47 [705 706 707 709 710 711 712 713 714 717 718]] [48 [720 721 722 724 727 730 732 733 734]] [49 [735 736 738 739 740 745 746 747 748 749]] [50 [753 754 755 756 757 758 759 764]] [51 [765 766 768 770 771 773 774 775 777]] [52 [780 781 782 783 784 786 787 788 789 791 794]] [53 [796 797 799 800 803 806 808 809]] [54 [811 813 815 816 817 818 819 820 822 824]] [55 [825 826 827 830 831 834 835 837 838 839]] [56 [840 841 846 847 850 851 852 853 854]] [57 [856 857 858 859 860 861 862 864 865 866]] [58 [871 872 873 875 876 878 879 880 881 884]] [59 [885 886 887 889 890 892 894 895 896 897 899]] [60 [906 908 909 913 914]] [61 [916 917 919 920 921 923 926 927 928]] [62 [931 934 935 936 939 940 941 942 943 944]] [63 [946 947 948 949 950 953 956 957 958 959]] [64 [960 965 966 967 969 970 971 972]] [65 [975 976 977 978 979 982 985 987 988]] [66 [991 992 993 994 995 996 997 998 1000 1002 1003]] [67 [1005 1007 1008 1009 1010 1011 1012 1013 1014 1015 1018]] [68 [1021 1022 1024 1025 1027 1029 1032 1033 1034]] [69 [1035 1036 1037 1039 1040 1042 1043 1044 1045 1047]] [70 [1050 1051 1054 1055 1056 1057 1060 1061 1063]] [71 [1065 1067 1068 1069 1072 1073 1074 1076 1077]] [72 [1080 1081 1083 1086 1087 1093]] [73 [1097 1099 1100 1102]] [74 [1117 1123]] [75 [1125 1126 1127 1130 1132 1133 1134 1135 1136 1137 1139]] [76 [1141 1142 1143 1147 1148 1149 1150 1153]] [77 [1155 1156 1157 1158 1159 1163 1164 1165 1167 1168]] [78 [1170 1171 1172 1174 1176 1178 1179 1180 1181 1183]] [79 [1185 1188 1189 1190 1191 1193 1195 1196 1197 1199]] [80 [1201 1203 1205 1206 1207 1209 1212 1213 1214]] [81 [1219 1221 1222 1226 1227 1228]] [82 [1230 1231 1233 1235 1239 1242 1243 1244]] [83 [1246 1249 1250 1257]] [84 [1260 1261 1263 1264 1266 1267 1268 1272 1274]] [85 [1276 1277 1278 1279 1282]] [86 [1298 1303 1304]] [87 [1307 1308 1311 1314 1315 1316 1317]] [88 [1320 1321 1324 1325 1326 1328 1330 1332]] [89 [1336 1339 1340 1341 1342 1344 1345 1346 1347 1348 1349]] [90 [1351 1353 1355 1357 1358 1359 1362 1363 1364]] [91 [1365 1366 1367 1369 1370 1373 1374 1376 1379]] [92 [1380 1381 1382 1383 1391 1393 1394]] [93 [1395 1396 1399]] [94 [1411 1412 1413 1414 1416 1417 1421 1422 1423 1424]] [95 [1426 1429 1431 1432 1434 1435 1436 1437 1439]] [96 [1442 1445 1446 1447 1448 1449 1450 1451 1452 1454]] [97 [1455 1456 1457 1460 1461 1466 1467 1468]] [98 [1474 1475 1476 1477 1478 1480 1481 1482 1484]] [99 [1485 1486 1487 1491 1492 1493 1495 1496 1497 1498 1499]]]",,"[[{citizen 5} [[""A"" [2]]]] [{citizen 6} [[""A"" [1]]]] [{citizen 7} [[""A"" [1]]]] [{media 50} [[""A"" [4]]]] [{media 51} [[""A"" [1]]]] [{media 52} [[""A"" [2]]]] [{media 54} [[""A"" [5]]]] [{media 55} [[""A"" [1]]]] [{media 56} [[""A"" [1]]]] [{media 57} [[""A"" [6]]]] [{media 58} [[""A"" [2]]]] [{media 59} [[""A"" [4]]]] [{media 60} [[""A"" [0]]]] [{media 62} [[""A"" [3]]]] [{media 63} [[""A"" [0]]]] [{media 64} [[""A"" [2]]]] [{citizen 0} [[""A"" [1]]]] [{citizen 31} [[""A"" [1]]]] [{citizen 26} [[""A"" [3]]]] [{citizen 49} [[""A"" [1]]]] [{citizen 13} [[""A"" [1]]]] [{citizen 42} [[""A"" [1]]]] [{citizen 30} [[""A"" [1]]]] [{citizen 15} [[""A"" [1]]]] [{citizen 1} [[""A"" [1]]]] [{citizen 14} [[""A"" [1]]]] [{citizen 11} [[""A"" [1]]]] [{citizen 20} [[""A"" [1]]]] [{citizen 8} [[""A"" [1]]]] [{citizen 28} [[""A"" [1]]]] [{citizen 9} [[""A"" [1]]]] [{citizen 12} [[""A"" [2]]]] [{citizen 29} [[""A"" [1]]]] [{media 53} [[""A"" [1]]]] [{citizen 45} [[""A"" [2]]]] [{citizen 23} [[""A"" [1]]]] [{citizen 47} [[""A"" [1]]]] [{citizen 36} [[""A"" [1]]]] [{citizen 19} [[""A"" [2]]]] [{citizen 38} [[""A"" [3]]]] [{citizen 17} [[""A"" [1]]]] [{citizen 40} [[""A"" [1]]]] [{citizen 48} [[""A"" [1]]]] [{citizen 43} [[""A"" [1]]]] [{citizen 39} [[""A"" [0]]]] [{citizen 10} [[""A"" [3]]]] [{citizen 34} [[""A"" [1]]]] [{citizen 25} [[""A"" [0]]]] [{citizen 21} [[""A"" [1]]]] [{citizen 44} [[""A"" [1]]]] [{citizen 33} [[""A"" [0]]]] [{citizen 37} [[""A"" [0]]]] [{citizen 18} [[""A"" [0]]]] [{citizen 27} [[""A"" [1]]]] [{citizen 22} [[""A"" [1]]]] [{citizen 32} [[""A"" [1]]]] [{citizen 4} [[""A"" [1]]]] [{media 61} [[""A"" [1]]]] [{citizen 41} [[""A"" [1]]]] [{citizen 16} [[""A"" [1]]]] [{citizen 3} [[""A"" [1]]]] [{citizen 35} [[""A"" [2]]]] [{citizen 46} [[""A"" [1]]]] [{citizen 24} [[""A"" [1]]]]]"
"3","[213 0 42]","130.2127659574468","3.6376590389811394","-3.130722025167519","""circle""","""""","9.9","{breed citizens}","false","0.5","1","""up""",,"[[""ID"" 0] [""alpha"" 1] [""beta"" 1] [""malleable"" [""A""]] [""prior"" []] [""cont_tokens"" []] [""A"" 1]]","[[0 [1 2 5 8 9 10 11 12 14]] [1 [15 17 18 19 20 21 22 23 24 27 29]] [2 [30 31 32 33 34 35 36 37 39 40 41 42 43 44]] [3 [45 46 47 48 49 50 51 52 53 54 55 56 57 58 59]] [4 [60 61 62 63 64 65 66 67 68 69 70 71 73 74]] [5 [75 76 77 78 79 80 81 82 83 84 85 86 87 88 89]] [6 [91 93 94 95 96 97 98 99 101 102 103]] [7 [105 106 108 110 111 112 113 114 115 117 118]] [8 [120 121 123 125 126 127 128 129 130 131 132 133 134]] [9 [135 136 137 138 139 140 141 142 143 144 145 146 147 148 149]] [10 [150 151 152 153 154 155 156 157 158 159 160 161 162 163 164]] [11 [165 166 167 168 169 170 171 172 173 174 175 176 178 179]] [12 [180 181 183 184 185 186 187 189 190 191 192 193 194]] [13 [195 196 197 198 199 200 201 202 203 204 205 206 207 208 209]] [14 [210 211 212 213 214 215 216 217 218 219 220 221 222 223 224]] [15 [225 226 227 228 229 230 231 232 233 235 236 238 239]] [16 [240 243 244 245 246 247 248 249 250 251 252 253 254]] [17 [255 256 257 258 259 260 261 262 263 264 265 266 267 268 269]] [18 [270 271 272 273 274 275 276 277 278 279 280 281 282 283 284]] [19 [285 286 287 289 290 291 292 293 294 295 296 297 298 299]] [20 [300 301 302 303 304 305 306 307 308 309 310 311 312 313 314]] [21 [315 317 318 319 320 321 322 323 324 325 326 327 328 329]] [22 [330 331 332 333 334 335 336 337 338 339 340 341 342 343 344]] [23 [345 346 347 349 350 351 352 353 354 355 356 357 358 359]] [24 [360 361 362 363 364 365 366 367 368 369 370 371 372 373 374]] [25 [375 376 377 378 379 380 381 382 383 384 385 386 388 389]] [26 [390 391 392 394 395 396 398 399 400 401 402 403 404]] [27 [405 406 407 408 409 410 411 412 413 414 415 416 417 418 419]] [28 [420 421 422 423 424 425 426 427 428 429 430 431 432 433 434]] [29 [435 436 437 438 439 440 441 442 443 444 445 446 447 448 449]] [30 [450 451 452 453 454 455 456 457 458 459 460 461 462 463]] [31 [465 466 467 468 469 470 471 472 473 474 475 476 477 478 479]] [32 [480 481 482 483 484 485 486 487 488 489 490 491 492 493 494]] [33 [495 496 499 500 501 502 503 504 505 506 507 508 509]] [34 [510 511 512 513 514 515 516 517 518 519 520 523]] [35 [525 527 528 529 531 532 533 536 537 538 539]] [36 [540 541 542 543 544 545 546 548 549 550 551 552 553 554]] [37 [555 556 557 558 559 560 561 562 563 564 565 566 567 568 569]] [38 [570 571 573 574 575 577 578 579 580 581 582 583 584]] [39 [585 586 587 588 589 590 591 592 593 594 595 596 598 599]] [40 [600 602 603 604 605 606 607 608 610 611 612 613 614]] [41 [615 616 617 618 619 621 622 623 624 625 626 627 628 629]] [42 [630 631 632 633 634 635 636 637 638 640 641 642 643 644]] [43 [645 646 647 648 649 650 651 652 653 654 655 656 657 658 659]] [44 [660 661 662 663 664 665 666 667 668 669 670 671 672 673]] [45 [675 676 677 678 679 680 681 682 683 684 685 686 687 688 689]] [46 [691 693 694 695 696 697 698 699 700 701 702 703 704]] [47 [705 706 707 708 709 710 711 712 713 714 715 716 717 718 719]] [48 [720 721 722 723 724 727 728 729 730 731 732 733 734]] [49 [735 736 737 738 739 740 741 742 743 744 745 746 747 748 749]] [50 [750 751 752 753 754 755 756 757 758 759 760 761 762 763 764]] [51 [765 766 767 768 770 771 772 773 774 775 777 778 779]] [52 [780 781 782 783 784 785 786 787 788 789 790 791 792 793 794]] [53 [795 796 797 798 799 800 801 802 803 804 805 806 807 808 809]] [54 [810 811 812 813 814 815 816 817 818 819 820 821 822 823 824]] [55 [825 826 827 830 831 832 833 834 835 836 837 838 839]] [56 [840 841 842 843 844 845 846 847 848 849 850 851 852 853 854]] [57 [855 856 857 858 859 860 861 862 863 864 865 866 867 868 869]] [58 [870 871 872 873 874 875 876 877 878 879 880 881 883 884]] [59 [885 886 887 889 890 892 893 894 895 896 897 898 899]] [60 [900 901 902 903 904 905 906 907 908 909 910 911 912 913 914]] [61 [915 916 917 919 920 921 922 923 924 925 926 927 928 929]] [62 [930 931 932 934 935 936 938 939 940 941 942 943 944]] [63 [945 946 947 948 949 950 953 956 957 958 959]] [64 [960 961 962 963 965 966 967 969 970 971 972]] [65 [975 976 977 978 979 980 982 985 987 988]] [66 [991 992 993 994 995 996 997 998 1000 1002 1003]] [67 [1005 1006 1007 1008 1009 1010 1011 1012 1013 1014 1015 1017 1018]] [68 [1021 1022 1024 1025 1026 1027 1028 1029 1032 1033 1034]] [69 [1035 1036 1037 1039 1040 1042 1043 1044 1045 1047 1048]] [70 [1050 1051 1052 1053 1054 1055 1056 1057 1058 1059 1060 1061 1063]] [71 [1065 1066 1067 1068 1069 1070 1071 1072 1073 1074 1075 1076 1077 1078 1079]] [72 [1080 1081 1082 1083 1084 1085 1086 1087 1088 1089 1090 1091 1092 1093 1094]] [73 [1095 1096 1097 1098 1099 1100 1101 1102 1103 1104 1105 1106 1107 1108 1109]] [74 [1110 1111 1112 1113 1114 1115 1116 1117 1118 1119 1120 1121 1122 1123 1124]] [75 [1125 1126 1127 1128 1130 1131 1132 1133 1134 1135 1136 1137 1138 1139]] [76 [1140 1141 1142 1143 1144 1145 1146 1147 1148 1149 1150 1151 1152 1153]] [77 [1155 1156 1157 1158 1159 1160 1161 1162 1163 1164 1165 1167 1168 1169]] [78 [1170 1171 1172 1173 1174 1175 1176 1177 1178 1179 1180 1181 1182 1183 1184]] [79 [1185 1186 1187 1188 1189 1190 1191 1192 1193 1194 1195 1196 1197 1198 1199]] [80 [1200 1201 1202 1203 1204 1205 1206 1207 1208 1209 1210 1211 1212 1213 1214]] [81 [1215 1216 1217 1218 1219 1220 1221 1222 1223 1224 1225 1226 1227 1228 1229]] [82 [1230 1231 1232 1233 1234 1235 1236 1237 1238 1239 1240 1241 1242 1243 1244]] [83 [1245 1246 1247 1248 1249 1250 1251 1252 1253 1254 1255 1256 1257 1258 1259]] [84 [1260 1261 1262 1263 1264 1265 1266 1267 1268 1269 1270 1271 1272 1273 1274]] [85 [1275 1276 1277 1278 1279 1281 1282 1283 1284 1285 1286 1287 1288 1289]] [86 [1292 1293 1294 1295 1296 1297 1298 1299 1300 1301 1302 1303 1304]] [87 [1305 1306 1307 1308 1309 1310 1311 1312 1313 1314 1315 1316 1317 1318 1319]] [88 [1320 1321 1322 1323 1324 1325 1326 1327 1328 1329 1330 1331 1332 1333 1334]] [89 [1336 1338 1339 1340 1341 1342 1343 1344 1345 1346 1347 1348 1349]] [90 [1350 1351 1352 1353 1354 1355 1356 1357 1358 1359 1361 1362 1363 1364]] [91 [1365 1366 1367 1368 1369 1370 1371 1372 1373 1374 1376 1377 1379]] [92 [1380 1381 1382 1383 1384 1385 1386 1387 1388 1389 1390 1391 1392 1393 1394]] [93 [1395 1396 1397 1398 1399 1400 1401 1402 1403 1404 1405 1406 1407 1408 1409]] [94 [1410 1411 1412 1413 1414 1415 1416 1417 1418 1419 1420 1421 1422 1423 1424]] [95 [1425 1426 1427 1428 1429 1430 1431 1432 1433 1434 1435 1436 1437 1439]] [96 [1440 1441 1442 1443 1445 1446 1447 1448 1449 1450 1451 1452 1453 1454]] [97 [1455 1456 1457 1458 1459 1460 1461 1462 1463 1464 1465 1466 1467 1468 1469]] [98 [1471 1472 1473 1474 1475 1476 1477 1478 1479 1480 1481 1482 1484]] [99 [1485 1486 1487 1491 1492 1493 1495 1496 1497 1498 1499]]]","[[0 [8 11 12 14]] [1 [15 17 18 19 20 22 23 24 27 29]] [2 [30 32 34 35 36 37 39 44]] [3 [45 46 47 49 52 54 55 56 57 59]] [4 [61 62 63 65 66 68 70 73 74]] [5 [77 78 82 83 84 85 87 88 89]] [6 [91 94 95 96 97 98 99 101 102 103]] [7 [105 106 108 110 112 113 114 115 117 118]] [8 [120 121 126 127 128 131 132]] [9 [135 136 137 138 139 140 141 143 144 146 148]] [10 [150 151 152 154 155 157 158 161 163 164]] [11 [165 166 167 168 169 170 172 174 176 178 179]] [12 [180 184 185 186 187 189 190 192 194]] [13 [196 197 198 199 202 203 204 205 208]] [14 [211 213 214 216 218 221 222 223 224]] [15 [225 226 230 231 232 233 235 236 238 239]] [16 [240 243 244 245 246 249 250 251 254]] [17 [255 256 262 268]] [18 [270 272 274 280 284]] [19 [293 295 296 297]] [20 [301 306 309 310 311 312 313]] [21 [315 317 319 320]] [22 [333 334 335 337 338 339 340 341 342 343]] [23 [345 346 350 352 353 354 355 356 357 358 359]] [24 [360 361 363 365 366 367 368 369 370 371 373 374]] [25 [375 376 377 379 380 384 385 386 388]] [26 [390 391 392 394 395 396 399 400 404]] [27 [405 406 407 408 409 410 411 412 415 416]] [28 [421 424 425 426 427 428 429 430 431]] [29 [435 436 439 441 446]] [30 [450 451 452 454 457 458 459 460 461 462]] [31 [466 467 468 469 470 472 473 474 475 476 477 479]] [32 [480 481 482 483 484 485 487 488 491 493 494]] [33 [495 496 499 500 501 502 504 505 508 509]] [34 [511 512 513 515 517 518 519 520 523]] [35 [525 527 528 529 531 532 533 536 537 539]] [36 [540 541 543 544 545 548 551 552 553 554]] [37 [555 558 559 566 567 568 569]] [38 [570 571 574 575 577 578 580 581 582 583]] [39 [585 586 588 589 590 591 592 593 596 598 599]] [40 [602 604 605 606 608 610 611 614]] [41 [615 616 618 619 621 624 625 626 627 629]] [42 [631 632 633 634 635 636 637 638 640 641 642 644]] [43 [645 646 647 650 652 653 654 655 656 657 659]] [44 [660 662 663 664 665 668 673]] [45 [677 680 682 684 685 686 687 689]] [46 [691 695 696 697]] [47 [705 706 707 708 709 710 711 712 713 714 717 718]] [48 [720 721 722 723 728 729 730 732 733 734]] [49 [735 740 741 743 744]] [50 [751 752 753 756 757 760 761 762 764]] [51 [765 766 768 770 771 772 773 774 775 777 778]] [52 [780 781 782 783 784 786 787 790 792 793]] [53 [795 796 797 798 799 800 801 805 807 808 809]] [54 [811 813 815 816 817 818 819 820 822 824]] [55 [825 826 827 832 833 834 835 836]] [56 [842 848 849]] [57 [863 864 865 866]] [58 [871 872 873 875 876 877 878 880 881 884]] [59 [886 887 889 890 892 894 895 896 898 899]] [60 [901 902 904 905 907 910 911 912 913 914]] [61 [916 917 919 920 921 923 926 927 928]] [62 [931 934 935 936 939 940 941 942 943 944]] [63 [946 947 948 949 950 953 956 957 958 959]] [64 [960 962 963 965 966 967 969 970 971 972]] [65 [975 976 977 978 980 982 985 987 988]] [66 [991 992 993 994 995 996 997 998 1000 1002 1003]] [67 [1005 1007 1008 1009 1011 1012 1013 1014 1015 1018]] [68 [1021 1022 1024 1025 1026 1027 1028 1029 1032 1033 1034]] [69 [1035 1036 1037 1039 1040 1042 1043 1044 1045 1047 1048]] [70 [1052 1053 1054 1055 1056 1057 1058 1060 1061 1063]] [71 [1066 1067 1068 1069 1072 1073 1074 1076 1077]] [72 [1080 1081 1085 1088 1089 1090 1091 1092 1094]] [73 [1095 1096 1098 1101 1103 1104 1105 1106 1107 1108 1109]] [74 [1110 1111 1115 1118 1119 1120 1121 1122]] [75 [1126 1127 1130 1132 1133 1134 1135 1136 1137 1138]] [76 [1140 1141 1142 1143 1144 1147 1148 1149 1150 1152]] [77 [1155 1156 1157 1158 1159 1163 1164 1165 1167 1168]] [78 [1170 1171 1172 1174 1178 1179 1180 1181 1183]] [79 [1185 1186 1187 1188 1189 1190 1191 1193 1196 1197]] [80 [1200 1202 1204 1205 1206 1207 1209 1212 1213 1214]] [81 [1215 1217 1218 1219 1221 1222 1223 1226 1227 1228]] [82 [1230 1232 1234 1235 1237 1240]] [83 [1248 1250 1257]] [84 [1262 1269 1271 1273]] [85 [1278 1279 1282]] [86 [1296 1297 1299 1300 1301 1302]] [87 [1305 1306 1307 1308 1311 1314 1315 1316 1318 1319]] [88 [1321 1324 1325 1326 1328 1330 1332]] [89 [1336 1339 1340 1341 1342 1344 1345 1346 1347 1348 1349]] [90 [1350 1352 1354 1355 1358 1359 1362 1364]] [91 [1365 1368 1369 1370 1371 1376 1377 1379]] [92 [1380 1381 1382 1383 1391 1393 1394]] [93 [1395 1396 1399 1408]] [94 [1411 1416 1420 1421 1422 1423]] [95 [1425 1427 1433 1434 1435 1436 1437]] [96 [1440 1445 1446 1447 1448 1449 1450 1451 1453]] [97 [1455 1456 1457 1460 1461 1466 1467 1468 1469]] [98 [1471 1472 1473 1476 1477 1478 1480 1481 1482 1484]] [99 [1485 1486 1487 1491 1492 1493 1495 1496 1497 1498 1499]]]",,"[[{citizen 4} [[""A"" [1]]]] [{citizen 24} [[""A"" [1]]]] [{media 51} [[""A"" [1]]]] [{media 53} [[""A"" [1]]]] [{media 59} [[""A"" [4]]]] [{media 61} [[""A"" [1]]]] [{media 54} [[""A"" [5]]]] [{citizen 0} [[""A"" [1]]]] [{media 57} [[""A"" [6]]]] [{media 50} [[""A"" [4]]]] [{media 62} [[""A"" [3]]]] [{media 64} [[""A"" [2]]]] [{citizen 31} [[""A"" [1]]]] [{citizen 26} [[""A"" [3]]]] [{citizen 7} [[""A"" [1]]]] [{citizen 49} [[""A"" [1]]]] [{citizen 13} [[""A"" [1]]]] [{citizen 42} [[""A"" [1]]]] [{citizen 30} [[""A"" [1]]]] [{citizen 5} [[""A"" [1]]]] [{citizen 15} [[""A"" [1]]]] [{citizen 1} [[""A"" [1]]]] [{citizen 14} [[""A"" [1]]]] [{citizen 11} [[""A"" [1]]]] [{citizen 20} [[""A"" [1]]]] [{citizen 8} [[""A"" [1]]]] [{citizen 28} [[""A"" [1]]]] [{citizen 6} [[""A"" [1]]]] [{citizen 45} [[""A"" [1]]]] [{citizen 23} [[""A"" [1]]]] [{citizen 47} [[""A"" [1]]]] [{citizen 36} [[""A"" [1]]]] [{citizen 19} [[""A"" [1]]]] [{citizen 38} [[""A"" [1]]]] [{citizen 17} [[""A"" [1]]]] [{citizen 40} [[""A"" [1]]]] [{citizen 48} [[""A"" [1]]]] [{citizen 43} [[""A"" [1]]]] [{citizen 39} [[""A"" [0]]]] [{citizen 10} [[""A"" [3]]]] [{citizen 2} [[""A"" [1]]]] [{citizen 27} [[""A"" [1]]]] [{media 52} [[""A"" [2]]]] [{citizen 34} [[""A"" [1]]]] [{citizen 25} [[""A"" [1]]]] [{citizen 9} [[""A"" [1]]]] [{citizen 12} [[""A"" [3]]]] [{media 55} [[""A"" [1]]]] [{citizen 33} [[""A"" [1]]]] [{citizen 37} [[""A"" [1]]]] [{citizen 18} [[""A"" [1]]]] [{media 58} [[""A"" [2]]]] [{media 63} [[""A"" [0]]]] [{citizen 32} [[""A"" [1]]]] [{citizen 21} [[""A"" [1]]]] [{media 56} [[""A"" [1]]]] [{media 60} [[""A"" [0]]]] [{citizen 16} [[""A"" [1]]]] [{citizen 22} [[""A"" [1]]]] [{citizen 41} [[""A"" [1]]]] [{citizen 35} [[""A"" [2]]]] [{citizen 44} [[""A"" [1]]]] [{citizen 29} [[""A"" [1]]]] [{citizen 46} [[""A"" [1]]]]]"
"4","[213 0 42]","180","0.8023253917178983","-0.22159850141647167","""circle""","""""","9.9","{breed citizens}","false","0.5","1","""up""",,"[[""ID"" 16] [""alpha"" 1] [""beta"" 1] [""malleable"" [""A""]] [""prior"" []] [""cont_tokens"" []] [""A"" 1]]","[[0 [0 1 2 5 8 9 10 11 12 13 14]] [1 [15 16 17 18 19 20 21 23 24 25 26 27 28 29]] [2 [31 32 33 34 35 36 37 38 39 40 41 42 43 44]] [3 [45 46 47 48 49 50 51 52 53 54 55 56 57 58 59]] [4 [60 61 62 63 64 65 66 67 68 69 70 71 73 74]] [5 [75 76 77 78 79 80 81 82 83 84 85 86 87 88 89]] [6 [91 93 94 95 96 97 98 99 101 102 103]] [7 [105 106 108 110 111 112 113 114 115 117 118]] [8 [120 121 123 125 126 127 128 129 130 131 132 133 134]] [9 [135 136 137 138 139 140 141 142 143 144 145 146 147 148 149]] [10 [150 151 152 153 154 155 157 158 159 160 161 162 163 164]] [11 [165 166 167 168 169 170 171 172 173 174 175 176 178 179]] [12 [180 181 183 184 185 186 187 188 189 190 191 192 193 194]] [13 [195 196 197 198 199 200 201 202 203 204 205 207 208 209]] [14 [210 211 212 213 214 215 216 217 218 219 220 221 222 223 224]] [15 [225 226 227 228 229 230 231 232 233 234 235 236 237 238 239]] [16 [240 243 244 245 246 247 248 249 250 251 252 253 254]] [17 [255 256 257 258 259 260 261 262 263 264 265 266 267 268 269]] [18 [270 271 272 273 274 275 276 277 278 279 280 281 282 283 284]] [19 [285 286 287 288 289 290 291 292 293 294 295 296 298 299]] [20 [300 302 303 304 305 307 308 309 310 311 312 313 314]] [21 [315 317 318 319 320 321 322 323 324 325 326 327 328 329]] [22 [330 331 332 333 334 335 336 337 338 339 340 341 342 343 344]] [23 [345 346 347 349 350 351 352 353 354 355 356 357 358 359]] [24 [360 361 362 363 364 365 366 367 368 369 370 371 372 373 374]] [25 [375 376 377 378 379 380 381 382 383 384 385 386 387 388 389]] [26 [390 391 392 394 395 396 398 399 400 401 402 403 404]] [27 [405 406 407 408 409 410 411 412 413 414 415 416 417 418 419]] [28 [420 421 422 423 424 425 426 427 428 429 430 431 432 433 434]] [29 [435 436 437 438 439 440 441 442 443 444 445 446 447 448 449]] [30 [450 451 452 453 454 455 456 457 458 459 460 461 462 463 464]] [31 [465 466 467 468 469 470 471 472 473 474 475 476 477 478 479]] [32 [486 489 490 492]] [33 [495 496 497 498 499 500 501 502 503 504 505 506 507 508 509]] [34 [510 511 512 513 514 515 516 517 518 519 520 521 522 523 524]] [35 [525 526 527 528 529 531 532 533 536 537 538 539]] [36 [540 541 542 543 544 545 546 548 549 550 551 552 553 554]] [37 [555 556 557 558 559 560 561 562 563 564 565 566 567 568 569]] [38 [570 571 572 573 574 575 576 577 578 579 580 581 582 583 584]] [39 [585 586 587 588 589 590 591 592 593 594 595 596 597 598 599]] [40 [600 602 603 604 605 606 607 608 610 611 612 613 614]] [41 [615 616 617 618 619 621 622 623 624 625 626 627 628 629]] [42 [630 631 632 633 634 635 636 637 638 640 641 642 643 644]] [43 [645 646 647 648 649 650 651 652 653 654 655 656 657 658 659]] [44 [660 661 662 663 664 665 666 667 668 669 670 671 672 673]] [45 [675 676 677 678 679 680 681 682 683 684 685 686 687 689]] [46 [690 691 692 693 694 695 696 697 698 699 700 701 702 703 704]] [47 [705 706 707 708 709 710 711 712 713 714 716 717 718]] [48 [720 721 722 723 724 725 726 727 728 729 730 731 732 733 734]] [49 [735 736 737 738 739 740 741 742 743 744 745 746 747 748 749]] [50 [750 751 752 753 754 755 756 757 758 759 760 761 762 763 764]] [51 [765 766 767 768 769 770 771 772 773 774 775 776 777 778 779]] [52 [780 781 782 783 784 785 786 787 788 789 790 791 792 793 794]] [53 [795 796 797 798 799 800 801 802 803 804 805 806 807 808 809]] [54 [810 811 812 813 814 815 816 817 818 819 820 821 822 823 824]] [55 [825 826 827 828 829 830 831 832 833 834 835 836 837 838 839]] [56 [840 841 842 843 844 845 846 847 848 849 850 851 852 853 854]] [57 [855 856 857 858 859 860 861 862 863 864 865 866 868]] [58 [870 871 872 873 874 875 876 877 878 879 880 881 883 884]] [59 [885 886 887 889 890 892 893 894 895 896 897 898 899]] [60 [900 901 902 903 904 905 906 907 908 909 910 911 912 913 914]] [61 [915 916 917 919 920 921 923 924 925 926 927 928 929]] [62 [930 931 932 934 935 936 938 939 940 941 942 943 944]] [63 [945 946 947 948 949 950 953 956 957 958 959]] [64 [960 961 962 963 965 966 967 969 970 971 972]] [65 [975 976 977 978 979 980 982 985 987 988]] [66 [991 992 993 994 995 996 997 998 1000 1002 1003]] [67 [1005 1006 1007 1008 1009 1010 1011 1012 1013 1014 1015 1017 1018]] [68 [1021 1022 1024 1025 1026 1027 1028 1029 1032 1033 1034]] [69 [1035 1036 1037 1039 1040 1042 1043 1044 1045 1047 1048]] [70 [1050 1051 1052 1053 1054 1055 1056 1057 1058 1059 1060 1061 1063]] [71 [1065 1066 1067 1068 1069 1070 1071 1072 1073 1074 1075 1076 1077 1078 1079]] [72 [1080 1081 1082 1083 1084 1085 1086 1087 1088 1089 1090 1091 1092 1093 1094]] [73 [1095 1096 1097 1098 1099 1100 1101 1102 1103 1104 1105 1106 1107 1108 1109]] [74 [1110 1111 1112 1113 1114 1115 1116 1117 1118 1119 1120 1121 1122 1123 1124]] [75 [1125 1126 1127 1128 1129 1130 1131 1132 1133 1134 1135 1136 1137 1138 1139]] [76 [1140 1141 1142 1143 1144 1145 1146 1147 1148 1149 1150 1151 1152 1153 1154]] [77 [1155 1156 1157 1158 1159 1160 1161 1162 1163 1164 1165 1167 1168 1169]] [78 [1170 1171 1172 1173 1174 1175 1176 1177 1178 1179 1180 1181 1182 1183]] [79 [1185 1186 1187 1188 1189 1190 1191 1193 1195 1196 1197 1199]] [80 [1200 1201 1202 1203 1204 1205 1206 1207 1208 1209 1210 1211 1212 1213 1214]] [81 [1215 1216 1217 1218 1219 1220 1221 1222 1223 1224 1225 1226 1227 1228 1229]] [82 [1230 1231 1232 1233 1234 1235 1236 1237 1238 1239 1240 1241 1242 1243 1244]] [83 [1245 1246 1247 1248 1249 1250 1251 1252 1253 1254 1255 1256 1257 1258 1259]] [84 [1260 1261 1262 1263 1264 1265 1266 1267 1268 1269 1270 1271 1272 1273 1274]] [85 [1275 1276 1277 1278 1279 1280 1281 1282 1283 1284 1285 1286 1287 1288 1289]] [86 [1290 1291 1292 1293 1294 1295 1296 1297 1298 1299 1300 1301 1302 1303 1304]] [87 [1305 1306 1307 1308 1309 1310 1311 1312 1313 1314 1315 1316 1317 1318 1319]] [88 [1320 1321 1322 1323 1324 1325 1326 1327 1328 1329 1330 1331 1332 1333 1334]] [89 [1336 1338 1339 1340 1341 1342 1343 1344 1345 1346 1347 1348 1349]] [90 [1350 1351 1352 1353 1354 1355 1356 1357 1358 1359 1361 1362 1363 1364]] [91 [1365 1366 1367 1368 1369 1370 1371 1372 1373 1374 1376 1377 1379]] [92 [1380 1381 1382 1383 1384 1385 1386 1387 1388 1389 1390 1391 1392 1393 1394]] [93 [1395 1396 1397 1398 1399 1400 1401 1402 1403 1404 1405 1406 1407 1408 1409]] [94 [1410 1411 1412 1413 1414 1415 1416 1417 1418 1419 1420 1421 1422 1423 1424]] [95 [1425 1426 1427 1428 1429 1430 1431 1432 1433 1434 1435 1436 1437 1439]] [96 [1440 1441 1442 1443 1445 1446 1447 1448 1449 1450 1451 1452 1453 1454]] [97 [1455 1456 1457 1458 1459 1460 1461 1462 1463 1464 1465 1466 1467 1468 1469]] [98 [1471 1472 1473 1474 1475 1476 1477 1478 1479 1480 1481 1482 1484]] [99 [1485 1486 1487 1491 1492 1493 1495 1496 1497 1498 1499]]]","[[0 [1 2]] [1 [16 25 26 28]] [2 [31 36 37 39 44]] [3 [50 51 52 58 59]] [4 [61 62 63 64 65 66 68 69 70 73 74]] [5 [77 79 81 85 86 87 88 89]] [6 [91 94 95 96 97 98 99 101 102 103]] [7 [105 106 108 110 111 112 113 114 115 117 118]] [8 [120 121 123 125 128 131 132 133 134]] [9 [135 136 138 139 142 145 147 148 149]] [10 [150 151 152 154 155 158 161 163 164]] [11 [165 166 167 168 169 170 172 174 175 176 178]] [12 [180 183 185 186 189 190 191]] [13 [195 200 201 205 207 209]] [14 [210 211 213 214 217 219 220 223 224]] [15 [225 226 230 231 232 233 235 236 238 239]] [16 [240 243 244 245 246 249 250 251 254]] [17 [255 257 258 259 260 261 263 264 266 267 269]] [18 [270 272 273 275 276 277 278 279 281 282 283]] [19 [285 286 287 289 290 291 292 294 298 299]] [20 [300 302 304 305 307 308 310 311 312 313]] [21 [315 317 319 320]] [22 [330 334 336 339 340 341 342 343]] [23 [345 346 350 352 353 354 359]] [24 [360 361 363 366 367 368 369 370 372]] [25 [377 379 380 384 386 388]] [26 [390 391 392 394 395 396 398 399 400 404]] [27 [405 406 407 408 409 410 411 412 415 416 418]] [28 [421 422 423 424 425 426 427 428 434]] [29 [435 436 438 440 442 443 444 445 448 449]] [30 [450 453 455 456]] [31 [471 478]] [32 [486 490 492]] [33 [497 498 499 500 501 502 503 506 507]] [34 [510 514 515 517 518 519 520 523]] [35 [525 527 528 529 531 532 533 536 537 538]] [36 [541 542 543 544 545 546 550 554]] [37 [555 558 559 562 564 565 568 569]] [38 [570 571 574 575 578 580 582 583 584]] [39 [586 588 589 590 591 592 593 596 598 599]] [40 [600 602 604 605 606 608 610 611 614]] [41 [615 616 618 619 621 624 625 626 627 629]] [42 [631 632 633 634 635 638 640 641 642 644]] [43 [645 646 649 651 657 659]] [44 [661 662 663 664 666 667 669 670 671 672]] [45 [675 676 678 679 681 683 686 687 689]] [46 [691 695 696 697 702 704]] [47 [705 707 708 709 710 711 712 713 714 716]] [48 [720 721 722 723 724 727 729 730 732 733 734]] [49 [735 736 738 739 740 741 743 744]] [50 [750 751 752 759]] [51 [767 774 775 777]] [52 [780 781 782 783 784 786 787 788 789 791]] [53 [802 803 804 806]] [54 [810 811 813 815 816 817 818 819 820 822 824]] [55 [825 826 827 830 831 834 835 837 838 839]] [56 [840 841 843 846 847 850 851 852 853 854]] [57 [856 857 858 859 860 861 862 864 865 866]] [58 [871 872 873 875 876 877 878 879 880 881 884]] [59 [886 887 889 890 892 894 895 896 898 899]] [60 [906 908 909 911 912 913]] [61 [915 916 917 919 920 921 923 926 927 928]] [62 [931 934 936 939 940 941 942 943 944]] [63 [946 947 948 949 950 953 956 957 958 959]] [64 [960 963 965 966 967 969 970 971 972]] [65 [975 976 977 978 980 982 985 987 988]] [66 [991 992 993 994 995 996 997 998 1000 1002 1003]] [67 [1005 1007 1008 1009 1010 1011 1012 1013 1014 1015 1018]] [68 [1021 1022 1024 1025 1026 1028 1029 1034]] [69 [1035 1036 1037 1039 1040 1042 1043 1044 1045 1047]] [70 [1050 1051 1054 1055 1056 1057 1060 1061 1063]] [71 [1066 1067 1068 1069 1072 1073 1074 1076 1077 1078]] [72 [1083 1086 1087 1093]] [73 [1097 1099 1100 1102]] [74 [1117 1123]] [75 [1125 1128 1132 1133 1134 1135 1136 1137 1139]] [76 [1141 1142 1143 1145 1146 1151 1152]] [77 [1155 1156 1157 1158 1159 1161 1162 1164 1165 1167 1168]] [78 [1170 1171 1172 1174 1176 1178 1179 1180 1181 1182 1183]] [79 [1185 1186 1187 1189 1190 1191 1193 1195 1196 1197 1199]] [80 [1201 1203 1205 1206 1207 1209 1212 1213 1214]] [81 [1217 1218 1219 1221 1222 1223 1224 1225 1227 1228]] [82 [1230 1232 1234 1235 1237 1240]] [83 [1248 1250 1257]] [84 [1262 1269 1271]] [85 [1275 1277 1278 1279 1282]] [86 [1298 1303 1304]] [87 [1309 1310]] [88 [1320 1321 1324 1325 1326 1328 1330 1332]] [89 [1336 1339 1340 1341 1342 1344 1345 1346 1347 1348 1349]] [90 [1351 1353 1355 1357 1358 1359 1362]] [91 [1366 1367 1369 1370 1373 1374 1376 1379]] [92 [1380 1384 1385 1386 1388 1389 1390 1392 1394]] [93 [1395 1396 1399 1408]] [94 [1411 1413 1414 1416 1419 1420 1421 1422 1423 1424]] [95 [1426 1428 1430 1431 1432 1434 1435 1436 1437 1439]] [96 [1441 1452 1454]] [97 [1455 1456 1457 1460 1461 1462 1465 1466 1467 1468]] [98 [1471 1472 1473 1479 1481 1482 1484]] [99 [1485 1487 1491 1492 1493 1495 1496 1497 1498 1499]]]",,"[[{citizen 7} [[""A"" [1]]]] [{citizen 8} [[""A"" [1]]]] [{citizen 9} [[""A"" [1]]]] [{citizen 10} [[""A"" [3]]]] [{citizen 11} [[""A"" [1]]]] [{citizen 12} [[""A"" [3]]]] [{citizen 13} [[""A"" [1]]]] [{citizen 14} [[""A"" [1]]]] [{citizen 16} [[""A"" [1]]]] [{citizen 21} [[""A"" [1]]]] [{citizen 23} [[""A"" [1]]]] [{citizen 29} [[""A"" [1]]]] [{citizen 31} [[""A"" [1]]]] [{citizen 38} [[""A"" [1]]]] [{citizen 47} [[""A"" [1]]]] [{citizen 48} [[""A"" [1]]]] [{media 50} [[""A"" [4]]]] [{media 51} [[""A"" [1]]]] [{media 53} [[""A"" [1]]]] [{media 54} [[""A"" [5]]]] [{media 59} [[""A"" [4]]]] [{media 60} [[""A"" [0]]]] [{media 61} [[""A"" [1]]]] [{media 63} [[""A"" [0]]]] [{media 57} [[""A"" [6]]]] [{citizen 0} [[""A"" [1]]]] [{citizen 1} [[""A"" [1]]]] [{citizen 3} [[""A"" [1]]]] [{media 62} [[""A"" [3]]]] [{media 64} [[""A"" [2]]]] [{citizen 26} [[""A"" [3]]]] [{citizen 49} [[""A"" [1]]]] [{citizen 42} [[""A"" [1]]]] [{citizen 30} [[""A"" [1]]]] [{citizen 5} [[""A"" [1]]]] [{citizen 15} [[""A"" [1]]]] [{citizen 20} [[""A"" [1]]]] [{citizen 28} [[""A"" [1]]]] [{citizen 6} [[""A"" [1]]]] [{citizen 45} [[""A"" [2]]]] [{citizen 36} [[""A"" [1]]]] [{citizen 19} [[""A"" [1]]]] [{citizen 17} [[""A"" [1]]]] [{citizen 40} [[""A"" [1]]]] [{citizen 43} [[""A"" [1]]]] [{citizen 39} [[""A"" [0]]]] [{citizen 2} [[""A"" [1]]]] [{citizen 27} [[""A"" [1]]]] [{citizen 37} [[""A"" [1]]]] [{citizen 22} [[""A"" [1]]]] [{citizen 18} [[""A"" [1]]]] [{media 52} [[""A"" [2]]]] [{citizen 34} [[""A"" [1]]]] [{citizen 25} [[""A"" [1]]]] [{media 55} [[""A"" [1]]]] [{citizen 33} [[""A"" [1]]]] [{media 58} [[""A"" [2]]]] [{citizen 32} [[""A"" [1]]]] [{media 56} [[""A"" [1]]]] [{citizen 41} [[""A"" [1]]]] [{citizen 35} [[""A"" [2]]]] [{citizen 44} [[""A"" [1]]]] [{citizen 46} [[""A"" [1]]]] [{citizen 24} [[""A"" [1]]]]]"
"5","[213 0 42]","10.60556464811784","1.6073604052506552","8.509174788953036","""circle""","""""","9.9","{breed citizens}","false","0.5","1","""up""",,"[[""ID"" 22] [""alpha"" 1] [""beta"" 1] [""malleable"" [""A""]] [""prior"" []] [""cont_tokens"" []] [""A"" 1]]","[[0 [0 1 2 3 4 5 8 9 10 11 12 13 14]] [1 [15 17 18 19 20 21 22 23 24 25 26 27 28 29]] [2 [30 31 32 33 34 35 36 37 39 40 41 42 43 44]] [3 [45 46 47 48 49 50 51 52 53 54 55 56 57 58 59]] [4 [60 61 62 63 64 65 66 67 68 69 70 71 73 74]] [5 [75 76 77 78 79 80 81 82 83 84 85 86 87 88 89]] [6 [91 93 94 95 96 97 98 99 101 102 103]] [7 [105 106 108 110 111 112 113 114 115 117 118]] [8 [120 121 123 125 126 127 128 129 130 131 132 133 134]] [9 [135 136 137 138 139 140 141 142 143 144 145 146 147 148 149]] [10 [150 151 152 153 154 155 157 158 159 160 161 162 163 164]] [11 [165 166 167 168 169 170 171 172 173 174 175 176 178 179]] [12 [180 181 183 184 185 186 187 189 190 191 192 193 194]] [13 [195 196 197 198 199 200 201 202 203 204 205 207 208 209]] [14 [210 211 212 213 214 215 216 217 218 219 220 221 222 223 224]] [15 [225 226 227 228 229 230 231 232 233 235 236 238 239]] [16 [240 243 244 245 246 247 248 249 250 251 252 253 254]] [17 [255 256 257 258 259 260 261 262 263 264 265 266 267 268 269]] [18 [270 271 272 273 274 275 276 277 278 279 280 281 282 283 284]] [19 [285 286 287 288 289 290 291 292 293 294 295 296 297 298 299]] [20 [300 301 302 303 304 305 306 307 308 309 310 311 312 313 314]] [21 [315 317 318 319 320 321 322 323 324 325 326 327 328 329]] [22 [330 331 332 334 335 336 337 338 339 340 341 342 343 344]] [23 [345 346 347 348 349 350 351 352 353 354 355 356 357 358 359]] [24 [360 361 362 363 364 365 366 367 368 369 370 371 372 373 374]] [25 [375 376 377 378 379 380 381 382 383 384 385 386 388 389]] [26 [390 391 392 394 395 396 398 399 400 401 402 403 404]] [27 [405 406 407 408 409 410 411 412 413 414 415 416 417 418 419]] [28 [420 421 422 423 424 425 426 427 428 429 430 431 432 433 434]] [29 [435 436 437 438 439 440 441 442 443 444 445 446 447 448 449]] [30 [450 451 452 453 454 455 456 457 458 459 460 461 462 463]] [31 [465 466 467 468 469 470 471 472 473 474 475 476 477 478 479]] [32 [480 481 482 483 484 485 486 487 488 489 490 491 492 493 494]] [33 [495 496 499 500 501 502 503 504 505 506 507 508 509]] [34 [511 512 513 514 515 516 517 518 519 520 523]] [35 [525 527 528 529 531 532 533 536 537 538 539]] [36 [540 541 542 543 544 545 546 548 549 550 551 552 553 554]] [37 [555 556 557 558 559 560 561 562 563 564 565 566 567 568 569]] [38 [570 571 572 573 574 575 576 577 578 579 580 581 582 583 584]] [39 [585 586 587 588 589 590 591 592 593 594 595 596 598 599]] [40 [600 602 603 604 605 606 607 608 610 611 612 613 614]] [41 [615 616 617 618 619 620 621 622 623 624 625 626 627 628 629]] [42 [630 631 632 633 634 635 636 637 638 639 640 641 642 643 644]] [43 [645 646 647 648 649 650 651 652 653 654 655 656 657 658 659]] [44 [660 661 662 663 664 665 666 667 668 669 670 671 672 673]] [45 [675 676 677 678 679 680 681 682 683 684 685 686 687 689]] [46 [690 691 692 693 694 695 696 697 698 699 700 701 702 703 704]] [47 [705 706 707 708 709 710 711 712 713 714 716 717 718]] [48 [720 721 722 723 724 727 728 729 730 731 732 733 734]] [49 [735 736 737 738 739 740 741 742 743 744 745 746 747 748 749]] [50 [750 751 752 753 754 755 756 757 758 759 760 761 762 763 764]] [51 [765 766 767 768 770 771 772 773 774 775 777 778 779]] [52 [780 781 782 783 784 785 786 787 788 789 790 791 792 793 794]] [53 [795 796 797 798 799 800 801 803 804 805 806 807 808 809]] [54 [810 811 812 813 814 815 816 817 818 819 820 821 822 823 824]] [55 [825 826 827 828 829 830 831 832 833 834 835 836 837 838 839]] [56 [840 841 842 843 844 845 846 847 848 849 850 851 852 853 854]] [57 [855 856 857 858 859 860 861 862 863 864 865 866 868]] [58 [870 871 872 873 874 875 876 877 878 879 880 881 883 884]] [59 [885 886 887 889 890 892 893 894 895 896 897 898 899]] [60 [900 901 902 903 904 905 906 907 908 909 910 911 912 913 914]] [61 [915 916 917 919 920 921 922 923 924 925 926 927 928 929]] [62 [930 931 932 934 935 936 938 939 940 941 942 943 944]] [63 [945 946 947 948 949 950 953 956 957 958 959]] [64 [960 961 962 963 965 966 967 969 970 971 972]] [65 [975 976 977 978 979 980 982 985 987 988]] [66 [991 992 993 994 995 996 997 998 1000 1002 1003]] [67 [1005 1006 1007 1008 1009 1010 1011 1012 1013 1014 1015 1017 1018]] [68 [1021 1022 1024 1025 1026 1027 1028 1029 1032 1033 1034]] [69 [1035 1036 1037 1039 1040 1042 1043 1044 1045 1047 1048]] [70 [1050 1051 1052 1053 1054 1055 1056 1057 1058 1059 1060 1061 1063]] [71 [1065 1066 1067 1068 1069 1070 1071 1072 1073 1074 1075 1076 1077 1078 1079]] [72 [1080 1081 1082 1083 1084 1085 1086 1087 1088 1089 1090 1091 1092 1093 1094]] [73 [1095 1096 1097 1098 1099 1100 1101 1102 1103 1104 1105 1106 1107 1108 1109]] [74 [1110 1111 1112 1113 1114 1115 1116 1117 1118 1119 1120 1121 1122 1123 1124]] [75 [1125 1126 1127 1128 1130 1131 1132 1133 1134 1135 1136 1137 1138 1139]] [76 [1140 1141 1142 1143 1144 1145 1146 1147 1148 1149 1150 1151 1152 1153]] [77 [1155 1156 1157 1158 1159 1161 1162 1163 1164 1165 1167 1168 1169]] [78 [1170 1171 1172 1173 1174 1175 1176 1177 1178 1179 1180 1181 1182 1183]] [79 [1185 1186 1187 1188 1189 1190 1191 1192 1193 1195 1196 1197 1199]] [80 [1200 1201 1202 1203 1204 1205 1206 1207 1208 1209 1210 1211 1212 1213 1214]] [81 [1215 1216 1217 1218 1219 1220 1221 1222 1223 1224 1225 1226 1227 1228 1229]] [82 [1230 1231 1232 1233 1234 1235 1236 1237 1238 1239 1240 1241 1242 1243 1244]] [83 [1245 1246 1247 1248 1249 1250 1251 1252 1253 1254 1255 1256 1257 1258 1259]] [84 [1260 1261 1262 1263 1264 1265 1266 1267 1268 1269 1270 1271 1272 1273 1274]] [85 [1275 1276 1277 1278 1279 1280 1281 1282 1283 1284 1285 1286 1287 1288 1289]] [86 [1290 1291 1292 1293 1294 1295 1296 1297 1298 1299 1300 1301 1302 1303 1304]] [87 [1305 1306 1307 1308 1309 1310 1311 1312 1313 1314 1315 1316 1317 1318 1319]] [88 [1320 1321 1322 1323 1324 1325 1326 1327 1328 1329 1330 1331 1332 1333 1334]] [89 [1335 1336 1337 1338 1339 1340 1341 1342 1343 1344 1345 1346 1347 1348 1349]] [90 [1350 1351 1352 1353 1354 1355 1356 1357 1358 1359 1361 1362 1363 1364]] [91 [1365 1366 1367 1368 1369 1370 1371 1372 1373 1374 1376 1377 1379]] [92 [1380 1381 1382 1383 1384 1385 1386 1387 1388 1389 1390 1391 1392 1393 1394]] [93 [1395 1396 1397 1398 1399 1400 1401 1402 1403 1404 1405 1406 1407 1408 1409]] [94 [1410 1411 1412 1413 1414 1415 1416 1417 1418 1419 1420 1421 1422 1423 1424]] [95 [1425 1426 1427 1428 1429 1430 1431 1432 1433 1434 1435 1436 1437 1439]] [96 [1440 1441 1442 1443 1445 1446 1447 1448 1449 1450 1451 1452 1453 1454]] [97 [1455 1456 1457 1458 1459 1460 1461 1462 1463 1464 1465 1466 1467 1468 1469]] [98 [1471 1472 1473 1474 1475 1476 1477 1478 1479 1480 1481 1482 1484]] [99 [1485 1486 1487 1491 1492 1493 1495 1496 1497 1498 1499]]]","[[0 [1 2 5 9 10 11 12 13 14]] [1 [15 17 18 19 20 22 23 24 27 29]] [2 [30 31 32 33 34 35 36 37 40 41 42]] [3 [45 46 47 49 53 54 55 56 57 58 59]] [4 [61 62 63 64 65 66 68 70 73 74]] [5 [77 79 81 85 86 88 89]] [6 [91 94 95 96 97 98 99 101 102 103]] [7 [105 106 108 111 112 113 114 115 117 118]] [8 [120 121 123 125 129]] [9 [139 141 143 144 146 148 149]] [10 [153 155 157 158 161 163 164]] [11 [165 166 167 168 169 170]] [12 [180 183 184 185 186 189 190 191]] [13 [195 200 201 208]] [14 [211 213 214 216 218 221 222 223 224]] [15 [225 226 229 230 231 232 233 235 236 238 239]] [16 [240 243 244 245 246 248 249 250 251 254]] [17 [255 256 262 265 268]] [18 [270 272 274 280 284]] [19 [295 296 299]] [20 [300 302 303 305 307 308 310 311 312 313]] [21 [315 321 322 323 324 325 326 327 328 329]] [22 [331 332 335 336 344]] [23 [347 349 351 353 354 359]] [24 [360 361 363 365 366 367 368 371 373 374]] [25 [375 376 377 379 380 384 385 386 388 389]] [26 [390 391 394 395 396 398 399 400 404]] [27 [405 406 407 408 409 410 411 412 416 418]] [28 [421 422 423 424 425 426 427 428 429 430 431 433]] [29 [437 439 441 446]] [30 [450 451 452 454 457 458 459 461 462]] [31 [468 469 470 473 474 475 476 479]] [32 [480 481 482 483 484 487 488 491 493 494]] [33 [495 496 499 500 501 502 504 505 508 509]] [34 [512 513 514 515 516 517 518 519 520 523]] [35 [525 527 528 529 531 532 533 536 537 539]] [36 [540 541 543 545 548 551 552 553 554]] [37 [555 558 566 567 568 569]] [38 [570 571 574 575 578 580 582 583]] [39 [585 586 588 589 590 591 592 593 596 598 599]] [40 [603 606 608 610 612 613]] [41 [617 619 622 623 628]] [42 [630 631 632 633 634 635 636 637 640 641 642 644]] [43 [645 646 647 650 652 653 654 655 656 659]] [44 [660 661 662 663 664 666 667 669 670 672]] [45 [675 676 678 679 681 683 687 689]] [46 [691 695 696 697 702 703 704]] [47 [705 707 708 709 710 711 712 713 714 717 718]] [48 [720 721 722 723 724 727 729 730 732 733 734]] [49 [735 736 738 739 741 745 746 747 748 749]] [50 [753 754 755 756 757 758 759 763 764]] [51 [765 766 768 770 771 773 775 777 778]] [52 [780 781 782 783 784 786 787 790 792 793]] [53 [795 796 797 798 799 800 805 807 808 809]] [54 [811 813 814 817 818 819 820 822 824]] [55 [825 826 827 832 833 834 835 837 838 839]] [56 [840 841 843 846 847 850 851 852 853 854]] [57 [856 857 858 859 860 861 862 864 865 866]] [58 [871 872 873 875 876 877 878 879 880 881 884]] [59 [886 887 889 890 892 893 894 895 896 897 898]] [60 [900 901 902 905 907 910 911 912 913 914]] [61 [916 917 919 920 921 923 926 927 928]] [62 [931 934 939 940 941 942 943 944]] [63 [946 947 948 949 950 953 956 958 959]] [64 [960 962 963 965 966 967 969 970 971 972]] [65 [975 976 977 978 979 980 982 985 987 988]] [66 [991 992 993 994 995 996 997 998 1000 1003]] [67 [1005 1007 1008 1009 1010 1011 1012 1013 1014 1015 1018]] [68 [1021 1022 1024 1025 1027 1029 1032 1033 1034]] [69 [1035 1036 1037 1039 1040 1042 1043 1044 1045 1047]] [70 [1050 1055 1056 1057 1058 1060 1061 1063]] [71 [1065 1068 1069 1072 1073 1074 1076 1077 1078]] [72 [1082 1084 1087 1090 1091 1092 1094]] [73 [1095 1096 1098 1101 1104 1105 1106 1107 1108 1109]] [74 [1110 1111 1115 1118 1119 1120 1121 1122]] [75 [1126 1127 1130 1132 1133 1134 1135 1136 1137]] [76 [1141 1142 1143 1144 1147 1148 1149 1150 1153]] [77 [1155 1156 1157 1158 1159 1161 1162 1164 1165 1167 1168]] [78 [1170 1171 1172 1174 1178 1179 1180 1181 1182]] [79 [1185 1186 1187 1189 1190 1191 1193 1195 1196 1197]] [80 [1200 1202 1204 1206 1207 1209 1210 1212 1213 1214]] [81 [1217 1218 1219 1221 1222 1223 1226 1227 1228]] [82 [1230 1232 1234 1235 1236 1238 1239 1242 1243 1244]] [83 [1245 1246 1249 1250 1257]] [84 [1260 1261 1263 1264 1265 1267 1268 1270 1272 1274]] [85 [1276 1277 1278 1279 1282]] [86 [1296 1302 1304]] [87 [1307 1308 1311 1313 1315 1316 1317]] [88 [1320 1322 1323]] [89 [1335 1337 1338 1341 1342 1344 1345 1346 1347 1348 1349]] [90 [1350 1352 1353 1355 1357 1358 1359 1362 1364]] [91 [1365 1368 1370 1371]] [92 [1381 1382 1383 1391 1393 1394]] [93 [1397 1398 1400 1401 1405 1406 1407 1409]] [94 [1410 1412 1413 1414 1416 1417 1421 1422 1423 1424]] [95 [1426 1429 1431 1432 1434 1435 1436 1437]] [96 [1440 1442 1446 1447 1448 1450 1451 1452 1454]] [97 [1455 1456 1457 1460 1461 1462 1464 1465 1467 1468]] [98 [1471 1473 1476 1477 1478 1480 1481 1482 1484]] [99 [1485 1486 1487 1491 1492 1493 1495 1496 1497 1498 1499]]]",,"[[{citizen 10} [[""A"" [3]]]] [{citizen 13} [[""A"" [1]]]] [{citizen 30} [[""A"" [1]]]] [{citizen 32} [[""A"" [1]]]] [{citizen 35} [[""A"" [2]]]] [{citizen 39} [[""A"" [0]]]] [{citizen 43} [[""A"" [1]]]] [{citizen 46} [[""A"" [1]]]] [{media 51} [[""A"" [1]]]] [{media 53} [[""A"" [1]]]] [{media 59} [[""A"" [4]]]] [{media 61} [[""A"" [1]]]] [{media 63} [[""A"" [0]]]] [{media 60} [[""A"" [0]]]] [{citizen 2} [[""A"" [1]]]] [{media 54} [[""A"" [5]]]] [{citizen 0} [[""A"" [1]]]] [{citizen 1} [[""A"" [1]]]] [{media 57} [[""A"" [6]]]] [{media 56} [[""A"" [1]]]] [{media 52} [[""A"" [2]]]] [{media 50} [[""A"" [4]]]] [{media 62} [[""A"" [3]]]] [{media 64} [[""A"" [2]]]] [{citizen 31} [[""A"" [1]]]] [{citizen 26} [[""A"" [3]]]] [{citizen 7} [[""A"" [1]]]] [{citizen 49} [[""A"" [1]]]] [{citizen 42} [[""A"" [1]]]] [{citizen 45} [[""A"" [3]]]] [{citizen 23} [[""A"" [1]]]] [{citizen 8} [[""A"" [1]]]] [{citizen 47} [[""A"" [1]]]] [{citizen 6} [[""A"" [1]]]] [{citizen 36} [[""A"" [1]]]] [{citizen 19} [[""A"" [0]]]] [{citizen 38} [[""A"" [1]]]] [{citizen 17} [[""A"" [1]]]] [{citizen 40} [[""A"" [1]]]] [{citizen 48} [[""A"" [1]]]] [{citizen 34} [[""A"" [1]]]] [{citizen 11} [[""A"" [1]]]] [{media 55} [[""A"" [1]]]] [{citizen 25} [[""A"" [1]]]] [{citizen 33} [[""A"" [1]]]] [{citizen 37} [[""A"" [0]]]] [{citizen 28} [[""A"" [1]]]] [{citizen 18} [[""A"" [1]]]] [{citizen 21} [[""A"" [1]]]] [{media 58} [[""A"" [2]]]] [{citizen 14} [[""A"" [1]]]] [{citizen 9} [[""A"" [1]]]] [{citizen 12} [[""A"" [3]]]] [{citizen 20} [[""A"" [1]]]] [{citizen 4} [[""A"" [1]]]] [{citizen 29} [[""A"" [1]]]] [{citizen 15} [[""A"" [1]]]] [{citizen 41} [[""A"" [1]]]] [{citizen 27} [[""A"" [1]]]] [{citizen 3} [[""A"" [1]]]] [{citizen 16} [[""A"" [1]]]] [{citizen 22} [[""A"" [1]]]] [{citizen 44} [[""A"" [1]]]] [{citizen 24} [[""A"" [1]]]]]"
"6","[213 0 42]","17.6759410801964","3.3234451327770502","8.524905125612168","""circle""","""""","9.9","{breed citizens}","false","0.5","1","""up""",,"[[""ID"" 21] [""alpha"" 1] [""beta"" 1] [""malleable"" [""A""]] [""prior"" []] [""cont_tokens"" []] [""A"" 1]]","[[0 [0 1 2 3 4 5 6 7 9 10 11 12 13 14]] [1 [15 17 18 19 20 21 22 23 24 25 26 27 28 29]] [2 [30 31 32 33 34 35 36 37 39 40 41 42 43 44]] [3 [45 46 47 48 49 50 51 52 53 54 55 56 57 58 59]] [4 [60 61 62 63 64 65 66 67 68 69 70 71 73 74]] [5 [75 76 77 78 79 80 81 82 83 84 85 86 87 88 89]] [6 [91 93 94 95 96 97 98 99 101 102 103]] [7 [105 106 108 110 111 112 113 114 115 117 118]] [8 [120 121 122 123 125 126 127 128 129 130 131 132 133 134]] [9 [135 136 137 138 139 140 141 142 143 144 145 146 147 148 149]] [10 [150 151 152 153 154 155 156 157 158 159 160 161 162 163 164]] [11 [165 166 167 168 169 170 172 173 174 175 176 178 179]] [12 [180 181 183 184 185 186 187 188 189 190 191 192 193 194]] [13 [195 196 197 198 199 200 201 202 203 204 205 206 207 208 209]] [14 [210 211 212 213 214 215 216 217 218 219 220 221 222 223 224]] [15 [225 226 227 228 229 230 231 232 233 234 235 236 237 238 239]] [16 [240 243 244 245 246 247 248 249 250 251 252 253 254]] [17 [255 256 257 258 259 260 261 262 263 264 265 266 267 268 269]] [18 [270 271 272 273 274 275 276 277 278 279 280 281 282 283 284]] [19 [293 295 296 297 299]] [20 [300 301 302 303 304 305 306 307 308 309 310 311 312 313 314]] [21 [315 317 318 319 320 321 322 323 324 325 326 327 328 329]] [22 [330 331 332 333 334 335 336 337 338 339 340 341 342 343 344]] [23 [345 346 347 348 349 350 351 352 353 354 355 356 357 358 359]] [24 [360 361 362 363 364 365 366 367 368 369 370 371 372 373 374]] [25 [375 376 377 378 379 380 381 382 383 384 385 386 388 389]] [26 [390 391 392 394 395 396 398 399 400 401 402 403 404]] [27 [405 406 407 408 409 410 411 412 413 414 415 416 417 418 419]] [28 [420 421 422 423 424 425 426 427 428 429 430 431 432 433 434]] [29 [435 436 437 438 439 440 441 442 443 444 445 446 447 448 449]] [30 [450 451 452 453 454 455 456 457 458 459 460 461 462 463]] [31 [465 466 467 468 469 470 471 472 473 474 475 476 477 478 479]] [32 [480 481 482 483 484 485 486 487 488 489 490 491 492 493 494]] [33 [497 498 499 500 501 502 503 504 505 506 507 508 509]] [34 [510 511 512 513 514 515 516 517 518 519 520 521 522 523 524]] [35 [525 527 528 529 531 532 533 536 537 538 539]] [36 [540 541 542 543 544 545 546 548 549 550 551 552 553 554]] [37 [555 556 557 558 559 560 561 562 563 564 565 566 567 568 569]] [38 [570 571 572 573 574 575 576 577 578 579 580 581 582 583 584]] [39 [585 586 587 588 589 590 591 592 593 594 595 596 597 598 599]] [40 [600 602 603 604 605 606 607 608 610 611 612 613 614]] [41 [615 616 617 618 619 621 622 623 624 625 626 627 628 629]] [42 [630 631 632 633 634 635 636 637 638 639 640 641 642 643 644]] [43 [645 646 647 649 650 651 652 653 654 655 656 657 658 659]] [44 [660 661 662 663 664 665 666 667 668 669 670 671 672 673]] [45 [675 676 677 678 679 680 681 682 683 684 685 686 687 689]] [46 [690 691 692 693 694 695 696 697 698 699 700 701 702 703 704]] [47 [705 706 707 708 709 710 711 712 713 714 716 717 718]] [48 [720 721 722 723 724 727 728 729 730 731 732 733 734]] [49 [735 736 737 738 739 740 741 742 743 744 745 746 747 748 749]] [50 [750 751 752 753 754 755 756 757 758 759 760 761 762 763 764]] [51 [765 766 767 768 770 771 772 773 774 775 777 778 779]] [52 [780 781 782 783 784 785 786 787 788 789 790 791 792 793 794]] [53 [795 796 797 798 799 800 801 802 803 804 805 806 807 808 809]] [54 [810 811 812 813 814 815 816 817 818 819 820 821 822 823 824]] [55 [825 826 827 828 829 830 831 832 833 834 835 836 837 838 839]] [56 [840 841 842 843 844 845 846 847 848 849 850 851 852 853 854]] [57 [855 856 857 858 859 860 861 862 863 864 865 866 868]] [58 [870 871 872 873 874 875 876 877 878 879 880 881 883 884]] [59 [885 886 887 889 890 892 893 894 895 896 897 898 899]] [60 [900 901 902 903 904 905 906 907 908 909 910 911 912 913 914]] [61 [915 916 917 919 920 921 922 923 924 925 926 927 928 929]] [62 [930 931 932 934 935 936 938 939 940 941 942 943 944]] [63 [945 946 947 948 949 950 953 956 957 958 959]] [64 [960 961 962 963 965 966 967 969 970 971 972]] [65 [975 976 977 978 979 980 982 985 987 988]] [66 [991 992 993 994 995 996 997 998 1000 1002 1003]] [67 [1005 1006 1007 1008 1009 1010 1011 1012 1013 1014 1015 1017 1018]] [68 [1021 1022 1024 1025 1026 1027 1028 1029 1032 1033 1034]] [69 [1035 1036 1037 1039 1040 1042 1043 1044 1045 1047 1048]] [70 [1050 1051 1052 1053 1054 1055 1056 1057 1058 1059 1060 1061 1063]] [71 [1065 1066 1067 1068 1069 1070 1071 1072 1073 1074 1075 1076 1077 1078 1079]] [72 [1080 1081 1082 1083 1084 1085 1086 1087 1088 1089 1090 1091 1092 1093 1094]] [73 [1095 1096 1097 1098 1099 1100 1101 1102 1103 1104 1105 1106 1107 1108 1109]] [74 [1110 1111 1112 1113 1114 1115 1116 1117 1118 1119 1120 1121 1122 1123 1124]] [75 [1125 1126 1127 1128 1130 1132 1133 1134 1135 1136 1137 1138 1139]] [76 [1140 1141 1142 1143 1144 1145 1146 1147 1148 1149 1150 1151 1152 1153]] [77 [1155 1156 1157 1158 1159 1160 1161 1162 1163 1164 1165 1167 1168 1169]] [78 [1170 1171 1172 1173 1174 1175 1176 1177 1178 1179 1180 1181 1182 1183 1184]] [79 [1185 1186 1187 1188 1189 1190 1191 1192 1193 1194 1195 1196 1197 1198 1199]] [80 [1200 1201 1202 1203 1204 1205 1206 1207 1208 1209 1210 1211 1212 1213 1214]] [81 [1215 1216 1217 1218 1219 1220 1221 1222 1223 1224 1225 1226 1227 1228 1229]] [82 [1230 1231 1232 1233 1234 1235 1236 1237 1238 1239 1240 1241 1242 1243 1244]] [83 [1245 1246 1247 1248 1249 1250 1251 1252 1253 1254 1255 1256 1257 1258 1259]] [84 [1260 1261 1262 1263 1264 1265 1266 1267 1268 1269 1270 1271 1272 1274]] [85 [1275 1276 1277 1278 1279 1280 1281 1282 1283 1284 1285 1286 1287 1288 1289]] [86 [1290 1291 1292 1293 1294 1295 1296 1297 1298 1299 1300 1301 1302 1303 1304]] [87 [1305 1306 1307 1308 1309 1310 1311 1312 1313 1314 1315 1316 1317 1318 1319]] [88 [1320 1321 1322 1323 1324 1325 1326 1327 1328 1329 1330 1331 1332 1333 1334]] [89 [1335 1336 1337 1338 1339 1340 1341 1342 1343 1344 1345 1346 1347 1348 1349]] [90 [1350 1351 1352 1353 1354 1355 1356 1357 1358 1359 1361 1362 1363 1364]] [91 [1365 1366 1367 1368 1369 1370 1371 1372 1373 1374 1376 1377 1379]] [92 [1380 1381 1382 1383 1384 1385 1386 1387 1388 1389 1390 1391 1392 1393 1394]] [93 [1395 1396 1397 1398 1399 1400 1401 1402 1403 1404 1405 1406 1407 1408 1409]] [94 [1410 1411 1412 1413 1414 1415 1416 1417 1418 1419 1420 1421 1422 1423 1424]] [95 [1425 1426 1427 1428 1429 1430 1431 1432 1433 1434 1435 1436 1437 1439]] [96 [1440 1441 1442 1443 1445 1446 1447 1448 1449 1450 1451 1452 1453 1454]] [97 [1455 1456 1457 1458 1459 1460 1461 1462 1463 1464 1465 1466 1467 1468 1469]] [98 [1471 1472 1473 1474 1475 1476 1477 1478 1479 1480 1481 1482 1484]] [99 [1485 1486 1487 1491 1492 1493 1495 1496 1497 1498 1499]]]","[[0 [0 3 4 6 7 11 12 13 14]] [1 [15 17 18 19 20 21 23 24 27 29]] [2 [30 32 34 35 36 37 39 44]] [3 [48 50 51 52 54 55 56 57 58]] [4 [62 63 64 65 66 68 69 70 73 74]] [5 [77 78 82 83 84 85 87 88 89]] [6 [91 94 95 96 97 98 99 101 102 103]] [7 [105 106 108 111 112 113 114]] [8 [120 121 123 125 128 131 132 133 134]] [9 [136 137 138 139 141 143 144 146 148]] [10 [150 151 152 154 155 158 161 163 164]] [11 [165 166 167 168 169 170 172 174 175 176 178]] [12 [181 183 185 186 187 189 190 192 193 194]] [13 [196 197 198 199 200 201 208]] [14 [211 213 214 217 219 220 223 224]] [15 [225 226 230 231 232 233 235 236 238 239]] [16 [240 243 244 245 246 248 249 250 251 253]] [17 [255 256 262 265 268]] [18 [270 272 273 274 280 284]] [19 [295 296]] [20 [300 302 303 304 305 307 308 310 311 312 313]] [21 [318 321 322 323 324 325 326 327 328]] [22 [330 334 336 337 338 339 340 341 342 343]] [23 [345 346 350 352 353 355 358 359]] [24 [360 361 363 365 366 367 368 369 370 371 374]] [25 [375 376 377 379 380 383 385 386 388]] [26 [390 391 392 394 395 396 398 399 400]] [27 [405 406 407 408 409 410 413 414 417 419]] [28 [420 421 424 425 427 428 429 430 431 433]] [29 [437 441 446]] [30 [450 451 452 454 455 463]] [31 [465 466 467 471 478]] [32 [486 489 490 492]] [33 [497 498 500 501 502 503 507]] [34 [510 516 517 518 519 520 523]] [35 [525 527 528 529 531 532 533 536 537 539]] [36 [540 541 543 544 545 546 550 554]] [37 [555 558]] [38 [572 573 576 579 584]] [39 [586 588 589 590 591 592 593 596 598 599]] [40 [603 608 610 613 614]] [41 [615 618 619 621 622 623 628]] [42 [630 631 632 633 634 635 636 637 638 640 641 642 644]] [43 [645 646 647 650 652 653 654 655 656 657 659]] [44 [660 662 663 664 665 668 670 672]] [45 [675 676 678 679 681 683 685 686 687 689]] [46 [691 695 698 699 700 701 702 703 704]] [47 [705 707 710 711 712 713 714 717 718]] [48 [720 721 722 723 728 729 730 732 733 734]] [49 [735 740 741 744]] [50 [751 752 758 759 763 764]] [51 [765 766 768 770 771 773 775 777 779]] [52 [785 786 787 790 792 793 794]] [53 [796 797 798 799 800 803 806 808 809]] [54 [811 813 815 816 817 818 819 820 822]] [55 [827 830 831 834 835 837 838 839]] [56 [840 841 843 847 850 851 852 853 854]] [57 [856 857 859 860 861 862 864 865 866]] [58 [871 872 873 875 876 877 878 880 881 884]] [59 [885 887 889 890 892 894 895 896 898]] [60 [900 901 902 904 905 907 910 911 912 913 914]] [61 [915 916 917 919 920 921 923 926 927 928]] [62 [931 934 936 939 940 941 942 943 944]] [63 [946 947 948 949 950 953 956 958 959]] [64 [960 963 965 966 967 969 970 971 972]] [65 [975 976 977 978 979 982 985 987 988]] [66 [991 992 993 994 995 996 997 998 1000 1002 1003]] [67 [1005 1007 1008 1009 1010 1012 1013 1014 1015 1018]] [68 [1021 1022 1024 1025 1026 1027 1028 1029 1032 1033 1034]] [69 [1035 1036 1037 1039 1040 1042 1043 1045 1047]] [70 [1050 1051 1054 1055 1056 1057 1058 1060 1061 1063]] [71 [1066 1067 1068 1069 1072 1073 1074 1076 1077]] [72 [1080 1081 1083 1086 1088 1089 1090 1091 1092 1094]] [73 [1095 1096 1098 1101 1103 1104 1105 1106 1107 1108 1109]] [74 [1110 1112 1113 1114 1115 1118 1119 1120 1121 1122]] [75 [1126 1127 1128 1130 1132 1133 1134 1135 1136 1137 1138]] [76 [1140 1142 1143 1144 1147 1148 1149 1150 1153]] [77 [1155 1156 1157 1158 1159 1161 1162 1169]] [78 [1172 1175 1177]] [79 [1187 1189 1190 1191 1193 1196 1197 1199]] [80 [1201 1203 1205 1206 1207 1209 1212 1213 1214]] [81 [1215 1216 1219 1221 1222 1223 1224 1227 1228]] [82 [1230 1232 1234 1235 1237 1240]] [83 [1248 1250 1256 1258 1259]] [84 [1260 1261 1263 1264 1266 1267 1268 1270 1272 1274]] [85 [1281 1283 1285 1286 1287 1288 1289]] [86 [1290 1291 1292 1296 1297 1299 1300 1301 1302]] [87 [1306 1307 1308 1311 1313 1314 1315 1316 1318 1319]] [88 [1321 1324 1325 1326 1328 1330 1332 1333 1334]] [89 [1336 1339 1340 1341 1342 1344 1345 1346 1347 1348 1349]] [90 [1350 1352 1354 1355 1358 1359 1362 1364]] [91 [1365 1367 1369 1370 1371 1376 1377 1379]] [92 [1380 1381 1391 1393 1394]] [93 [1397 1398 1400 1401 1405 1406 1407 1408]] [94 [1411 1413 1414 1416 1420 1422 1423 1424]] [95 [1426 1428 1430 1431 1432 1434 1435 1436 1437]] [96 [1440 1443 1445 1446 1447 1448 1450 1451 1453]] [97 [1455 1456 1457 1460 1461 1462 1465 1466 1467 1468]] [98 [1474 1475 1476 1477 1478 1480 1481 1482 1484]] [99 [1485 1486 1487 1491 1492 1493 1495 1496 1497 1498 1499]]]",,"[[{citizen 8} [[""A"" [1]]]] [{citizen 9} [[""A"" [1]]]] [{citizen 15} [[""A"" [1]]]] [{citizen 16} [[""A"" [1]]]] [{citizen 24} [[""A"" [1]]]] [{citizen 25} [[""A"" [1]]]] [{citizen 27} [[""A"" [1]]]] [{citizen 40} [[""A"" [1]]]] [{media 50} [[""A"" [4]]]] [{media 52} [[""A"" [2]]]] [{media 54} [[""A"" [5]]]] [{media 55} [[""A"" [1]]]] [{media 56} [[""A"" [1]]]] [{media 57} [[""A"" [6]]]] [{media 58} [[""A"" [2]]]] [{media 60} [[""A"" [0]]]] [{media 62} [[""A"" [3]]]] [{media 64} [[""A"" [2]]]] [{citizen 2} [[""A"" [1]]]] [{media 59} [[""A"" [4]]]] [{citizen 0} [[""A"" [1]]]] [{media 53} [[""A"" [1]]]] [{citizen 1} [[""A"" [1]]]] [{media 63} [[""A"" [0]]]] [{media 61} [[""A"" [1]]]] [{citizen 31} [[""A"" [1]]]] [{citizen 26} [[""A"" [3]]]] [{citizen 7} [[""A"" [3]]]] [{citizen 49} [[""A"" [1]]]] [{citizen 13} [[""A"" [1]]]] [{citizen 42} [[""A"" [1]]]] [{citizen 30} [[""A"" [1]]]] [{citizen 5} [[""A"" [1]]]] [{citizen 14} [[""A"" [1]]]] [{citizen 11} [[""A"" [1]]]] [{citizen 20} [[""A"" [1]]]] [{citizen 28} [[""A"" [1]]]] [{citizen 45} [[""A"" [3]]]] [{citizen 23} [[""A"" [1]]]] [{citizen 47} [[""A"" [3]]]] [{citizen 34} [[""A"" [1]]]] [{citizen 17} [[""A"" [3]]]] [{citizen 43} [[""A"" [1]]]] [{citizen 48} [[""A"" [1]]]] [{citizen 10} [[""A"" [3]]]] [{citizen 38} [[""A"" [1]]]] [{citizen 19} [[""A"" [2]]]] [{citizen 33} [[""A"" [0]]]] [{citizen 35} [[""A"" [2]]]] [{citizen 18} [[""A"" [0]]]] [{citizen 37} [[""A"" [0]]]] [{citizen 4} [[""A"" [3]]]] [{citizen 29} [[""A"" [1]]]] [{citizen 41} [[""A"" [1]]]] [{media 51} [[""A"" [1]]]] [{citizen 21} [[""A"" [1]]]] [{citizen 12} [[""A"" [3]]]] [{citizen 32} [[""A"" [1]]]] [{citizen 3} [[""A"" [3]]]] [{citizen 36} [[""A"" [1]]]] [{citizen 39} [[""A"" [0]]]] [{citizen 22} [[""A"" [1]]]] [{citizen 44} [[""A"" [1]]]] [{citizen 46} [[""A"" [1]]]]]"
"7","[213 0 42]","149.36170212765956","2.4858200943602693","-3.763973888837913","""circle""","""""","9.9","{breed citizens}","false","0.5","1","""up""",,"[[""ID"" 38] [""alpha"" 1] [""beta"" 1] [""malleable"" [""A""]] [""prior"" []] [""cont_tokens"" []] [""A"" 1]]","[[0 [0 1 2 3 4 5 6 7 9 10 11 13]] [1 [15 17 18 19 20 21 22 23 24 25 26 27 28 29]] [2 [30 31 32 33 34 35 36 37 39 40 41 42 43 44]] [3 [45 46 47 48 49 50 51 52 53 54 55 56 57 58 59]] [4 [60 61 62 63 64 65 66 67 68 69 70 71 72 73 74]] [5 [75 76 77 78 79 80 81 82 83 84 85 86 87 88 89]] [6 [91 93 94 95 96 97 98 99 101 102 103]] [7 [105 106 108 110 111 112 113 114 115 117 118]] [8 [120 121 122 123 124 125 126 127 128 129 130 131 132 133 134]] [9 [135 136 137 138 139 140 141 142 143 144 145 146 147 148 149]] [10 [150 151 152 153 154 155 157 158 159 160 161 162 163 164]] [11 [165 166 167 168 169 170 171 172 173 174 175 176 178 179]] [12 [180 181 183 184 185 186 187 189 190 191 192 193 194]] [13 [195 196 197 198 199 200 201 202 203 204 205 207 208 209]] [14 [210 211 212 213 214 215 216 217 218 219 220 221 222 223 224]] [15 [225 226 227 228 229 230 231 232 233 234 235 236 237 238 239]] [16 [240 243 244 245 246 247 248 249 250 251 252 253 254]] [17 [255 256 257 258 259 260 261 262 263 264 265 266 267 268 269]] [18 [270 271 272 273 274 275 276 277 278 279 280 281 282 283 284]] [19 [285 286 287 288 289 290 291 292 293 294 295 296 298 299]] [20 [300 301 302 303 304 305 306 307 308 309 310 311 312 313 314]] [21 [315 317 318 319 320 321 322 323 324 325 326 327 328 329]] [22 [330 331 332 334 335 336 337 338 339 340 341 342 343 344]] [23 [345 346 347 349 350 351 352 353 354 355 356 357 358 359]] [24 [360 361 362 363 364 365 366 367 368 369 370 371 372 373 374]] [25 [375 376 377 378 379 380 381 382 383 384 385 386 387 388 389]] [26 [390 391 392 394 395 396 398 399 400 401 402 403 404]] [27 [405 406 407 408 409 410 411 412 413 414 415 416 417 418 419]] [28 [420 421 422 423 424 425 426 427 428 429 430 431 432 433 434]] [29 [435 436 437 438 439 440 441 442 443 444 445 446 447 448 449]] [30 [450 451 452 453 454 455 456 457 458 459 460 461 462 463 464]] [31 [465 466 467 468 469 470 471 472 473 474 475 476 477 478 479]] [32 [486 489 490 492]] [33 [495 496 497 498 499 500 501 502 503 504 505 506 507 508 509]] [34 [510 511 512 513 514 515 516 517 518 519 520 523]] [35 [525 527 528 529 531 532 533 536 537 538 539]] [36 [540 541 542 543 544 545 546 548 549 550 551 552 553 554]] [37 [555 556 557 558 559 560 561 562 563 564 565 566 567 568 569]] [38 [570 571 572 573 574 575 576 577 578 579 580 581 582 583 584]] [39 [585 586 587 588 589 590 591 592 593 594 595 596 598 599]] [40 [600 602 603 604 605 606 607 608 610 611 612 613 614]] [41 [615 616 617 618 619 620 621 622 623 624 625 626 627 628 629]] [42 [630 631 632 633 634 635 636 637 638 640 641 642 643 644]] [43 [645 646 647 648 649 650 651 652 653 654 655 656 657 658 659]] [44 [660 661 662 663 664 665 666 667 668 669 670 671 672 673]] [45 [675 676 678 679 681 683 684 685 686 687 689]] [46 [691 693 694 695 696 697 698 699 700 701 702 703 704]] [47 [705 706 707 708 709 710 711 712 713 714 716 717 718]] [48 [720 721 722 723 724 727 728 729 730 731 732 733 734]] [49 [735 736 737 738 739 740 741 742 743 744 745 746 747 748 749]] [50 [750 751 752 753 754 755 756 757 758 759 760 761 762 763 764]] [51 [765 766 767 768 770 771 772 773 774 775 777 778 779]] [52 [780 781 782 783 784 785 786 787 788 789 790 791 792 793 794]] [53 [795 796 797 798 799 800 801 802 803 804 805 806 807 808 809]] [54 [810 811 812 813 814 815 816 817 818 819 820 821 822 823 824]] [55 [825 826 827 830 831 832 833 834 835 836 837 838 839]] [56 [840 841 842 843 844 845 846 847 848 849 850 851 852 853 854]] [57 [855 856 857 858 859 860 861 862 863 864 865 866 868]] [58 [870 871 872 873 874 875 876 877 878 879 880 881 883 884]] [59 [885 886 887 889 890 892 893 894 895 896 897 898 899]] [60 [900 901 902 903 904 905 906 907 908 909 910 911 912 913 914]] [61 [915 916 917 919 920 921 922 923 924 925 926 927 928 929]] [62 [930 931 932 934 935 936 938 939 940 941 942 943 944]] [63 [945 946 947 948 949 950 951 952 953 954 955 956 957 958 959]] [64 [960 961 962 963 965 966 967 969 970 971 972]] [65 [975 976 977 978 979 980 982 985 987 988]] [66 [991 992 993 994 995 996 997 998 1000 1002 1003]] [67 [1005 1006 1007 1008 1009 1010 1011 1012 1013 1014 1015 1017 1018]] [68 [1021 1022 1024 1025 1026 1027 1028 1029 1032 1033 1034]] [69 [1035 1036 1037 1039 1040 1042 1043 1044 1045 1047 1048]] [70 [1050 1051 1052 1053 1054 1055 1056 1057 1058 1059 1060 1061 1063]] [71 [1065 1066 1067 1068 1069 1070 1071 1072 1073 1074 1075 1076 1077 1078 1079]] [72 [1080 1081 1083 1084 1085 1086 1087 1088 1089 1090 1091 1092 1093 1094]] [73 [1095 1096 1097 1098 1099 1100 1101 1102 1103 1104 1105 1106 1107 1108 1109]] [74 [1110 1111 1112 1113 1114 1115 1116 1117 1118 1119 1120 1121 1122 1123 1124]] [75 [1125 1126 1127 1128 1130 1131 1132 1133 1134 1135 1136 1137 1138 1139]] [76 [1140 1141 1142 1143 1144 1145 1146 1147 1148 1149 1150 1151 1152 1153 1154]] [77 [1155 1156 1157 1158 1159 1160 1161 1162 1163 1164 1165 1167 1168 1169]] [78 [1170 1171 1172 1173 1174 1175 1176 1177 1178 1179 1180 1181 1182 1183 1184]] [79 [1185 1186 1187 1188 1189 1190 1191 1192 1193 1194 1195 1196 1197 1198 1199]] [80 [1200 1201 1202 1203 1204 1205 1206 1207 1208 1209 1210 1211 1212 1213 1214]] [81 [1215 1216 1217 1218 1219 1220 1221 1222 1223 1224 1225 1226 1227 1228 1229]] [82 [1230 1231 1232 1233 1234 1235 1236 1237 1238 1239 1240 1241 1242 1243 1244]] [83 [1245 1246 1247 1248 1249 1250 1251 1252 1253 1254 1255 1256 1257 1258 1259]] [84 [1260 1261 1263 1264 1265 1266 1267 1268 1269 1270 1271 1272 1274]] [85 [1275 1276 1277 1278 1279 1280 1281 1282 1283 1284 1285 1286 1287 1288 1289]] [86 [1290 1291 1292 1293 1294 1295 1296 1297 1298 1299 1300 1301 1302 1303 1304]] [87 [1305 1306 1307 1308 1309 1310 1311 1312 1313 1314 1315 1316 1317 1318 1319]] [88 [1320 1321 1322 1323 1324 1325 1326 1327 1328 1329 1330 1331 1332 1333 1334]] [89 [1336 1337 1338 1339 1340 1341 1342 1343 1344 1345 1346 1347 1348 1349]] [90 [1350 1351 1352 1353 1354 1355 1357 1358 1359 1361 1362 1363 1364]] [91 [1365 1366 1367 1368 1369 1370 1371 1372 1373 1374 1376 1377 1379]] [92 [1380 1381 1382 1383 1384 1385 1386 1387 1388 1389 1390 1391 1392 1393 1394]] [93 [1395 1396 1397 1398 1399 1400 1401 1402 1403 1404 1405 1406 1407 1408 1409]] [94 [1410 1411 1412 1413 1414 1415 1416 1417 1418 1419 1420 1421 1422 1423 1424]] [95 [1425 1426 1427 1428 1429 1431 1432 1433 1434 1435 1436 1437 1438 1439]] [96 [1440 1441 1442 1443 1445 1446 1447 1448 1449 1450 1451 1452 1453 1454]] [97 [1455 1456 1457 1458 1459 1460 1461 1462 1463 1464 1465 1466 1467 1468 1469]] [98 [1471 1472 1473 1474 1475 1476 1477 1478 1479 1480 1481 1482 1484]] [99 [1485 1486 1487 1491 1492 1493 1495 1496 1497 1498 1499]]]","[[0 [0 3 4 5 6 7 9 10 11]] [1 [15 17 18 19 20 21 23 24 27 29]] [2 [30 32 33 34 35 36 37 42]] [3 [45 46 47 49 51 52]] [4 [60 67 68 70 73 74]] [5 [77 78 82 83 84 85 87 88 89]] [6 [91 94 95 96 97 98 99 101 102 103]] [7 [105 106 108 110 112 113 114]] [8 [120 121 126 127 128 130 131 132 133 134]] [9 [135 136 137 138 139 141 143 144 146 148 149]] [10 [152 154 155 158 161 163 164]] [11 [165 166 167 168 169 170 172 174 176 178 179]] [12 [180 183 185 186 189 190 191]] [13 [195 200 201 205 208]] [14 [212 215 220 223 224]] [15 [225 226 230 231 232 233 235 236 238 239]] [16 [240 243 244 245 246 249 250 251 253 254]] [17 [255 256 262 265 268 269]] [18 [270 272 274 277 279 281 282 283]] [19 [285 286 288 291 292 294 298 299]] [20 [300 302 304 305 308 310 311 312 313]] [21 [315 321 322 323 324 325 326 327 328 329]] [22 [330 334 335 336 340 341 342 343]] [23 [345 346 350 352 353 355 356 357 358 359]] [24 [360 361 363 365 366 367 368 370 371 372]] [25 [381 382 383 385 386 388 389]] [26 [390 391 392 394 395 396 398 399 400]] [27 [406 407 408 409 410 411 412 415 416]] [28 [429 430 431]] [29 [435 436 438 440 442 443 444 445 447 448 449]] [30 [451 452 454 457 458 459 460 461 462 463]] [31 [465 466 467 471 478]] [32 [486 490 492]] [33 [497 498 500 501 502 503 504 505 508 509]] [34 [512 513 514 515 517 518 519 520 523]] [35 [525 528 529 531 532 533 536 538]] [36 [541 543 544 545 548 551 552 553 554]] [37 [555 558 559 566 567 568 569]] [38 [570 571 574 575 578 580 581 582 583]] [39 [585 586 588 589 590 591 593 596 598 599]] [40 [600 602 604 605 606 608 610 612 613]] [41 [617 622 623 626 627 629]] [42 [632 633 634 635 636 637 638 640 641 642 644]] [43 [645 646 647 650 652 653 654 655 656 658]] [44 [660 661 662 663 664 666 667 669 670 672]] [45 [675 676 678 679 681 683 686 687 689]] [46 [691 695 696 697 702 703 704]] [47 [705 706 707 708 709 710 711 712 713 714 717 718]] [48 [720 722 723 728 731 732 733 734]] [49 [735 736 738 739 741 743 744]] [50 [750 751 752 753 754 755 756 757 758 759 764]] [51 [765 766 768 770 771 772 773 774 775 777 779]] [52 [785 788 789 791 794]] [53 [796 797 798 799 800 801 805 807 808]] [54 [810 812 814 816 817 818 819 820 822]] [55 [825 826 832 833 834 835 836]] [56 [842 845 846 847 850 851 852 853 854]] [57 [856 857 858 859 861 862 864 865 866]] [58 [871 872 873 875 876 877 878 880 881 884]] [59 [886 887 889 890 892 893 894 895 896 897 899]] [60 [903 906 908 909 913 914]] [61 [915 919 920 921 923 926 927 928]] [62 [931 932 938]] [63 [945 947 948 949 950 953 956 957 959]] [64 [960 962 963 965 966 967 969 970 971 972]] [65 [975 976 977 978 980 982 985 987 988]] [66 [991 992 993 994 995 996 997 998 1000 1002 1003]] [67 [1005 1007 1008 1009 1010 1011 1012 1013 1014 1015 1018]] [68 [1021 1022 1024 1025 1027 1028 1029 1032 1033 1034]] [69 [1035 1036 1037 1039 1040 1042 1043 1045 1047 1048]] [70 [1052 1053 1054 1055 1056 1057 1058 1060 1061 1063]] [71 [1066 1067 1068 1069 1072 1073 1074 1076 1077 1079]] [72 [1080 1081 1083 1084 1087 1093]] [73 [1097 1099 1100 1102]] [74 [1111 1113 1114 1115 1116 1123 1124]] [75 [1125 1128 1131 1139]] [76 [1145 1146 1151 1152]] [77 [1155 1156 1157 1158 1159 1161 1162 1169]] [78 [1172 1175 1177 1184]] [79 [1187 1190 1191 1193 1195 1196 1197 1199]] [80 [1201 1203 1207 1209 1212 1213 1214]] [81 [1217 1218 1219 1221 1222 1223 1226 1227 1228]] [82 [1230 1232 1234 1235 1236 1238 1239 1241 1242 1243]] [83 [1246 1247 1251 1252 1253 1254 1255 1256 1258 1259]] [84 [1260 1261 1263 1264 1266 1267 1268 1270 1271]] [85 [1275 1276 1277 1278 1279 1282]] [86 [1296 1302]] [87 [1306 1307 1308 1311 1314 1315 1316 1317]] [88 [1320 1327 1328 1330 1332 1334]] [89 [1336 1339 1340 1341 1342 1344 1345 1346]] [90 [1350 1352 1354 1355 1357 1358 1359 1362 1364]] [91 [1365 1368 1369 1370 1371 1376 1379]] [92 [1380 1381 1382 1383]] [93 [1396 1399 1408]] [94 [1411 1415]] [95 [1425 1427 1433 1435 1436 1437 1439]] [96 [1440 1442 1445 1446 1447 1448 1450 1453]] [97 [1455 1456 1457 1460 1461 1466 1467 1468 1469]] [98 [1471 1475 1476 1477 1478 1480 1481 1482 1484]] [99 [1485 1486 1491 1492 1493 1495 1496 1497 1498 1499]]]",,"[[{citizen 8} [[""A"" [1]]]] [{citizen 11} [[""A"" [1]]]] [{citizen 19} [[""A"" [0]]]] [{citizen 26} [[""A"" [3]]]] [{citizen 33} [[""A"" [0]]]] [{citizen 36} [[""A"" [1]]]] [{citizen 43} [[""A"" [1]]]] [{media 50} [[""A"" [4]]]] [{media 52} [[""A"" [2]]]] [{media 54} [[""A"" [5]]]] [{media 55} [[""A"" [1]]]] [{media 56} [[""A"" [1]]]] [{media 57} [[""A"" [6]]]] [{media 58} [[""A"" [2]]]] [{media 60} [[""A"" [0]]]] [{media 62} [[""A"" [3]]]] [{media 63} [[""A"" [0]]]] [{media 64} [[""A"" [2]]]] [{citizen 2} [[""A"" [1]]]] [{citizen 4} [[""A"" [1]]]] [{media 59} [[""A"" [4]]]] [{citizen 31} [[""A"" [1]]]] [{media 53} [[""A"" [1]]]] [{citizen 45} [[""A"" [2]]]] [{citizen 23} [[""A"" [1]]]] [{citizen 47} [[""A"" [3]]]] [{citizen 6} [[""A"" [1]]]] [{citizen 1} [[""A"" [1]]]] [{citizen 38} [[""A"" [1]]]] [{citizen 34} [[""A"" [1]]]] [{citizen 17} [[""A"" [1]]]] [{citizen 5} [[""A"" [0]]]] [{citizen 48} [[""A"" [1]]]] [{citizen 28} [[""A"" [1]]]] [{citizen 10} [[""A"" [3]]]] [{citizen 39} [[""A"" [0]]]] [{citizen 32} [[""A"" [1]]]] [{citizen 20} [[""A"" [1]]]] [{citizen 18} [[""A"" [1]]]] [{citizen 37} [[""A"" [0]]]] [{citizen 9} [[""A"" [1]]]] [{citizen 29} [[""A"" [1]]]] [{media 61} [[""A"" [1]]]] [{citizen 14} [[""A"" [1]]]] [{citizen 15} [[""A"" [1]]]] [{citizen 13} [[""A"" [1]]]] [{citizen 0} [[""A"" [1]]]] [{citizen 22} [[""A"" [1]]]] [{citizen 21} [[""A"" [1]]]] [{citizen 41} [[""A"" [1]]]] [{media 51} [[""A"" [1]]]] [{citizen 27} [[""A"" [1]]]] [{citizen 12} [[""A"" [3]]]] [{citizen 25} [[""A"" [1]]]] [{citizen 30} [[""A"" [1]]]] [{citizen 42} [[""A"" [1]]]] [{citizen 49} [[""A"" [1]]]] [{citizen 3} [[""A"" [1]]]] [{citizen 16} [[""A"" [1]]]] [{citizen 40} [[""A"" [1]]]] [{citizen 44} [[""A"" [1]]]] [{citizen 35} [[""A"" [2]]]] [{citizen 46} [[""A"" [1]]]] [{citizen 24} [[""A"" [1]]]]]"
"8","[213 0 42]","180","0.10134099165108146","-4.060685747403841","""circle""","""""","9.9","{breed citizens}","false","0.5","1","""up""",,"[[""ID"" 30] [""alpha"" 1] [""beta"" 1] [""malleable"" [""A""]] [""prior"" []] [""cont_tokens"" []] [""A"" 1]]","[[0 [0 1 2 3 4 5 6 7 9 10 11 12 13 14]] [1 [15 17 18 19 20 21 22 23 24 27 29]] [2 [30 31 32 33 34 35 36 37 39 40 41 42 43 44]] [3 [45 46 47 48 49 50 51 52 53 54 55 56 57 58 59]] [4 [60 61 62 63 64 65 66 67 68 69 70 71 73 74]] [5 [75 76 77 78 79 80 81 82 83 84 85 86 87 88 89]] [6 [91 93 94 95 96 97 98 99 101 102 103]] [7 [105 106 108 110 111 112 113 114 115 117 118]] [8 [120 121 123 125 126 127 128 129 130 131 132 133 134]] [9 [135 136 137 138 139 140 141 142 143 144 145 146 147 148 149]] [10 [150 151 152 153 154 155 157 158 159 160 161 162 163 164]] [11 [165 166 167 168 169 170 171 172 173 174 175 176 178 179]] [12 [180 181 183 184 185 186 187 189 190 191 192 193 194]] [13 [195 196 197 198 199 200 201 202 203 204 205 207 208 209]] [14 [210 211 212 213 214 215 216 217 218 219 220 221 222 223 224]] [15 [225 226 227 228 229 230 231 232 233 235 236 238 239]] [16 [240 243 244 245 246 247 248 249 250 251 252 253 254]] [17 [255 256 257 258 259 260 261 262 263 264 265 266 267 268 269]] [18 [270 271 272 273 274 275 276 277 278 279 280 281 282 283 284]] [19 [285 286 287 288 289 290 291 292 293 294 295 298 299]] [20 [300 302 303 304 305 307 308 309 310 311 312 313 314]] [21 [315 317 318 319 320 321 322 323 324 325 326 327 328 329]] [22 [330 331 332 333 334 335 336 337 338 339 340 341 342 343 344]] [23 [345 346 347 348 349 350 351 352 353 354 355 356 357 358 359]] [24 [360 361 362 363 364 365 366 367 368 369 370 371 372 373 374]] [25 [375 376 377 378 379 380 381 382 383 384 385 386 388 389]] [26 [390 391 392 394 395 396 398 399 400 401 402 403 404]] [27 [405 406 407 408 409 410 411 412 413 414 415 416 417 418 419]] [28 [420 421 422 423 424 425 426 427 428 429 430 431 432 433 434]] [29 [435 436 437 438 439 440 441 442 443 444 445 446 447 448 449]] [30 [450 451 452 453 454 455 456 457 458 459 460 461 462 463 464]] [31 [465 466 467 468 469 470 471 472 473 474 475 476 477 478 479]] [32 [480 481 482 483 484 486 487 488 489 490 491 492 493 494]] [33 [497 498 499 500 501 502 503 504 505 506 507 508 509]] [34 [510 511 512 513 514 515 516 517 518 519 520 521 523 524]] [35 [525 527 528 529 531 532 533 536 537 538 539]] [36 [540 541 542 543 544 545 546 548 549 550 551 552 553 554]] [37 [555 556 557 558 559 560 561 562 563 564 565 566 567 568 569]] [38 [570 571 572 573 574 575 576 577 578 579 580 581 582 583 584]] [39 [585 586 587 588 589 590 591 592 593 594 595 596 598 599]] [40 [600 602 603 604 605 606 607 608 610 611 612 613 614]] [41 [615 616 617 618 619 621 622 623 624 625 626 627 628 629]] [42 [630 631 632 633 634 635 636 637 638 639 640 641 642 643 644]] [43 [645 646 647 648 649 650 651 652 653 654 655 656 657 658 659]] [44 [660 661 662 663 664 665 666 667 668 669 670 671 672 673]] [45 [675 676 678 679 681 683 684 685 686 687 689]] [46 [690 691 692 693 694 695 696 697 698 699 700 701 702 703 704]] [47 [705 706 707 708 709 710 711 712 713 714 716 717 718]] [48 [720 721 722 723 724 727 728 729 730 731 732 733 734]] [49 [735 736 737 738 739 740 741 742 743 744 745 746 747 748 749]] [50 [750 751 752 753 754 755 756 757 758 759 760 761 762 763 764]] [51 [765 766 767 768 770 771 772 773 774 775 777 778 779]] [52 [780 781 782 783 784 785 786 787 788 789 790 791 792 793 794]] [53 [795 796 797 798 799 800 801 803 804 805 806 807 808 809]] [54 [810 811 812 813 814 815 816 817 818 819 820 821 822 823 824]] [55 [825 826 827 830 831 832 833 834 835 836 837 838 839]] [56 [840 841 842 843 844 845 846 847 848 849 850 851 852 853 854]] [57 [855 856 857 858 859 860 861 862 863 864 865 866 868]] [58 [870 871 872 873 874 875 876 877 878 879 880 881 883 884]] [59 [885 886 887 889 890 892 893 894 895 896 897 898 899]] [60 [900 901 902 903 904 905 906 907 908 909 910 911 912 913 914]] [61 [915 916 917 919 920 921 922 923 924 925 926 927 928 929]] [62 [930 931 932 933 934 935 936 937 938 939 940 941 942 943 944]] [63 [945 946 947 948 949 950 953 956 957 958 959]] [64 [960 961 962 963 965 966 967 969 970 971 972]] [65 [975 976 977 978 979 980 982 985 987 988]] [66 [991 992 993 994 995 996 997 998 1000 1002 1003]] [67 [1005 1006 1007 1008 1009 1010 1011 1012 1013 1014 1015 1017 1018]] [68 [1021 1022 1024 1025 1026 1027 1028 1029 1032 1033 1034]] [69 [1035 1036 1037 1039 1040 1042 1043 1044 1045 1047 1048]] [70 [1050 1051 1052 1053 1054 1055 1056 1057 1058 1059 1060 1061 1063]] [71 [1065 1066 1067 1068 1069 1070 1071 1072 1073 1074 1075 1076 1077 1078 1079]] [72 [1080 1081 1082 1083 1084 1085 1086 1087 1088 1089 1090 1091 1092 1093 1094]] [73 [1095 1096 1097 1098 1099 1100 1101 1102 1103 1104 1105 1106 1107 1108 1109]] [74 [1110 1111 1112 1113 1114 1115 1116 1117 1118 1119 1120 1121 1122 1123 1124]] [75 [1125 1126 1127 1128 1129 1130 1131 1132 1133 1134 1135 1136 1137 1138 1139]] [76 [1140 1141 1142 1143 1144 1145 1146 1147 1148 1149 1150 1151 1152 1153 1154]] [77 [1155 1156 1157 1158 1159 1160 1161 1162 1163 1164 1165 1167 1168 1169]] [78 [1170 1171 1172 1173 1174 1175 1176 1177 1178 1179 1180 1181 1182 1183 1184]] [79 [1185 1186 1187 1188 1189 1190 1191 1192 1193 1194 1195 1196 1197 1198 1199]] [80 [1200 1201 1202 1203 1204 1205 1206 1207 1208 1209 1210 1211 1212 1213 1214]] [81 [1216 1218 1219 1220 1221 1222 1223 1224 1225 1226 1227 1228 1229]] [82 [1230 1231 1232 1233 1234 1235 1236 1237 1238 1239 1240 1241 1242 1243 1244]] [83 [1245 1246 1247 1248 1249 1250 1251 1252 1253 1254 1255 1256 1257 1258 1259]] [84 [1260 1261 1262 1263 1264 1265 1266 1267 1268 1269 1270 1271 1272 1273 1274]] [85 [1275 1276 1277 1278 1279 1280 1281 1282 1283 1284 1285 1286 1287 1288 1289]] [86 [1290 1291 1292 1293 1294 1295 1296 1297 1298 1299 1300 1301 1302 1303 1304]] [87 [1305 1306 1307 1308 1309 1310 1311 1312 1313 1314 1315 1316 1317 1318 1319]] [88 [1320 1321 1322 1323 1324 1325 1326 1327 1328 1329 1330 1331 1332 1333 1334]] [89 [1336 1338 1339 1340 1341 1342 1343 1344 1345 1346 1347 1348 1349]] [90 [1350 1351 1352 1353 1354 1355 1356 1357 1358 1359 1361 1362 1363 1364]] [91 [1365 1366 1367 1368 1369 1370 1371 1372 1373 1374 1376 1377 1379]] [92 [1380 1381 1382 1383 1384 1385 1386 1387 1388 1389 1390 1391 1392 1393 1394]] [93 [1395 1396 1397 1398 1399 1400 1401 1402 1403 1404 1405 1406 1407 1408 1409]] [94 [1411 1412 1413 1414 1415 1416 1417 1418 1419 1420 1421 1422 1423 1424]] [95 [1425 1426 1427 1428 1429 1430 1431 1432 1433 1434 1435 1436 1437 1439]] [96 [1440 1441 1442 1443 1445 1446 1447 1448 1449 1450 1451 1452 1453 1454]] [97 [1455 1456 1457 1458 1459 1460 1461 1462 1463 1464 1465 1466 1467 1468 1469]] [98 [1470 1471 1472 1473 1474 1475 1476 1477 1478 1479 1480 1481 1482 1483 1484]] [99 [1485 1486 1487 1491 1492 1493 1495 1496 1497 1498 1499]]]","[[0 [0 3 4 6 7 10 11 12 13 14]] [1 [15 17 18 19 20 21 23 24 27 29]] [2 [30 32 33 34 35 36 37 40 41 42 43]] [3 [46 47 49 51 52 54 55 56 57 58]] [4 [62 63 64 65 66 68 70 73 74]] [5 [77 78 82 83 84 85 87 88 89]] [6 [91 94 95 96 97 98 99 101 102 103]] [7 [105 106 108 110 111 112 113 114 115 117 118]] [8 [120 121 123 125 129]] [9 [139 147 149]] [10 [153 155 157 158 161 163 164]] [11 [165 166 167 168 169 170 172 174 176 178 179]] [12 [180 183 185 186 187 189 190 191]] [13 [197 198 199 202 203 204 205 207 209]] [14 [210 211 213 214 216 218 221 222 223 224]] [15 [225 226 230 231 232 233 235 236 238 239]] [16 [240 243 244 245 246 248 249 252 253]] [17 [255 261 263 264 266 267 269]] [18 [270 272 273 275 276 277 279 281 282 283]] [19 [285 286 288 291 292 294 298 299]] [20 [300 302 303 305 307 308 310 311 312 313]] [21 [315 317 319 320 328]] [22 [330 332 335 337 338 339 340 341 342 343]] [23 [345 346 350 352 353 354]] [24 [361 363 365 366 367 368 369 370 371 373 374]] [25 [375 376 377 379 380 384 386 388 389]] [26 [390 391 392 394 395 396 398 399 400]] [27 [406 407 408 409 410 411 412 416 418]] [28 [420 421 424 425 427 428 429 430 431]] [29 [435 436 438 440 442 443 444 445 448 449]] [30 [450 451 452 454 457 458 459 461 462 463]] [31 [465 466 467 471 478]] [32 [486 489 490 492]] [33 [497 498 499 500 501 502 503 504 505 508 509]] [34 [511 512 513 514 515 516 518 519 520 523]] [35 [525 528 529 531 532 533 536 537 539]] [36 [540 541 542 543 544 545 546 550 554]] [37 [555 558 566 567 568 569]] [38 [570 571 574 575 578 580 582 583 584]] [39 [586 588 589 590 591 592 593 596 598 599]] [40 [600 602 604 605 606 608 610 611 614]] [41 [615 616 618 619 622 623 628]] [42 [630 631 632 633 634 635 638 640 641 642 644]] [43 [645 646 647 650 652 653 654 655 656 659]] [44 [660 661 662 663 664 666 667 669 670 672]] [45 [675 676 678 679 681 683 685 686 687 689]] [46 [691 694 695 698 699 700 701 703 704]] [47 [705 707 708 709 710 711 712 713 714 717 718]] [48 [720 721 722 724 727 729 730 732 733 734]] [49 [735 739 741 743 744]] [50 [751 752 758 759 763 764]] [51 [765 766 768 770 771 772 773 774 775 777]] [52 [780 781 782 783 784 786 787 788 792 793]] [53 [795 796 797 798 799 800 801 805 807 808]] [54 [810 812 814 816 817 818 819 820 822]] [55 [825 826 827 832 833 834 835 837 838 839]] [56 [840 841 843 846 847 850 851 852 853 854]] [57 [856 857 858 859 861 862 864 865 866]] [58 [871 872 873 875 876 878 879 880 881 884]] [59 [886 887 889 890 892 893 894 895 898 899]] [60 [903 906 908 909 911 912 913 914]] [61 [916 917 919 920 921 923 925]] [62 [930 931 934 936 939 940 941 942 943 944]] [63 [946 947 948 949 950 953 956 958 959]] [64 [960 962 963 965 966 967 969 970 971 972]] [65 [975 977 978 980 982 985 987 988]] [66 [991 992 993 994 995 996 997 998 1000 1002 1003]] [67 [1005 1007 1008 1009 1010 1012 1013 1014 1015 1018]] [68 [1021 1022 1024 1025 1026 1028 1029 1032 1033 1034]] [69 [1035 1036 1037 1039 1040 1042 1043 1044 1047]] [70 [1051 1054 1055 1056 1057 1058 1060 1061 1063]] [71 [1065 1067 1068 1069 1072 1073 1074 1076 1077]] [72 [1080 1081 1083 1084 1087 1093]] [73 [1097 1099 1100 1102]] [74 [1117 1123]] [75 [1125 1128 1131 1139]] [76 [1143 1144 1147 1148 1149 1150 1153]] [77 [1155 1156 1157 1158 1159 1161 1162 1169]] [78 [1171 1173 1174 1176 1178 1179 1180 1181 1182 1183]] [79 [1185 1186 1187 1188 1189 1190 1191 1193 1195 1196 1197 1199]] [80 [1201 1203 1208 1211]] [81 [1216 1220 1224 1225 1229]] [82 [1237 1240]] [83 [1248 1250 1257]] [84 [1260 1261 1263 1264 1266 1267 1268 1270 1272]] [85 [1275 1276 1277 1278 1279 1282]] [86 [1298 1303 1304]] [87 [1309 1310 1312 1313 1315 1316 1318 1319]] [88 [1321 1324 1325 1326 1327 1328 1330 1332 1333 1334]] [89 [1339 1340 1341 1342 1344 1345 1346 1347 1348 1349]] [90 [1351 1353 1354 1355 1357 1358 1359 1362 1363 1364]] [91 [1365 1368 1369 1370 1371]] [92 [1380 1381 1382 1383]] [93 [1395 1396 1399]] [94 [1415 1418 1419 1420 1423 1424]] [95 [1426 1429 1431 1432 1434 1435 1436 1437 1439]] [96 [1440 1443 1445 1446 1447 1448 1451 1452 1454]] [97 [1458 1459 1463]] [98 [1470 1472 1473 1476 1477 1478 1480 1481 1482 1484]] [99 [1485 1487 1491 1492 1493 1498 1499]]]",,"[[{citizen 18} [[""A"" [1]]]] [{citizen 19} [[""A"" [1]]]] [{citizen 20} [[""A"" [1]]]] [{citizen 22} [[""A"" [1]]]] [{citizen 23} [[""A"" [1]]]] [{citizen 25} [[""A"" [1]]]] [{citizen 28} [[""A"" [1]]]] [{citizen 34} [[""A"" [1]]]] [{citizen 38} [[""A"" [1]]]] [{citizen 41} [[""A"" [1]]]] [{citizen 47} [[""A"" [1]]]] [{media 50} [[""A"" [4]]]] [{media 52} [[""A"" [2]]]] [{media 54} [[""A"" [5]]]] [{media 55} [[""A"" [1]]]] [{media 56} [[""A"" [1]]]] [{media 57} [[""A"" [6]]]] [{media 58} [[""A"" [2]]]] [{media 60} [[""A"" [0]]]] [{media 62} [[""A"" [3]]]] [{media 64} [[""A"" [2]]]] [{citizen 4} [[""A"" [1]]]] [{citizen 6} [[""A"" [1]]]] [{media 59} [[""A"" [4]]]] [{citizen 2} [[""A"" [1]]]] [{citizen 7} [[""A"" [1]]]] [{media 53} [[""A"" [1]]]] [{citizen 1} [[""A"" [1]]]] [{media 63} [[""A"" [0]]]] [{media 61} [[""A"" [1]]]] [{citizen 31} [[""A"" [1]]]] [{citizen 26} [[""A"" [2]]]] [{citizen 49} [[""A"" [1]]]] [{citizen 13} [[""A"" [1]]]] [{citizen 42} [[""A"" [1]]]] [{citizen 30} [[""A"" [1]]]] [{citizen 5} [[""A"" [1]]]] [{citizen 15} [[""A"" [1]]]] [{citizen 14} [[""A"" [1]]]] [{citizen 11} [[""A"" [1]]]] [{citizen 45} [[""A"" [2]]]] [{citizen 17} [[""A"" [1]]]] [{citizen 43} [[""A"" [1]]]] [{citizen 48} [[""A"" [1]]]] [{citizen 33} [[""A"" [1]]]] [{citizen 9} [[""A"" [1]]]] [{citizen 12} [[""A"" [1]]]] [{citizen 0} [[""A"" [1]]]] [{citizen 40} [[""A"" [1]]]] [{citizen 39} [[""A"" [0]]]] [{citizen 10} [[""A"" [1]]]] [{citizen 35} [[""A"" [2]]]] [{citizen 32} [[""A"" [1]]]] [{media 51} [[""A"" [1]]]] [{citizen 27} [[""A"" [1]]]] [{citizen 21} [[""A"" [1]]]] [{citizen 36} [[""A"" [1]]]] [{citizen 37} [[""A"" [1]]]] [{citizen 16} [[""A"" [1]]]] [{citizen 29} [[""A"" [1]]]] [{citizen 44} [[""A"" [1]]]] [{citizen 3} [[""A"" [1]]]] [{citizen 46} [[""A"" [1]]]] [{citizen 24} [[""A"" [1]]]]]"
"9","[213 0 42]","202.9787234042553","-1.6291460234791606","-4.98127611952308","""circle""","""""","9.9","{breed citizens}","false","0.5","1","""up""",,"[[""ID"" 48] [""alpha"" 1] [""beta"" 1] [""malleable"" [""A""]] [""prior"" []] [""cont_tokens"" []] [""A"" 1]]","[[0 [0 1 2 3 4 5 6 7 8 9 10 11 12 13 14]] [1 [15 17 18 19 20 21 22 23 24 25 26 27 28 29]] [2 [30 31 32 33 34 35 36 37 38 39 40 41 42 43 44]] [3 [45 46 47 48 49 50 51 52 53 54 55 56 57 58 59]] [4 [60 61 62 63 64 65 66 67 68 69 70 71 73 74]] [5 [75 76 77 78 79 80 81 82 83 84 85 86 87 88 89]] [6 [90 92 100 104]] [7 [107 109 116 119]] [8 [120 121 122 123 124 125 126 127 128 129 130 131 132 133 134]] [9 [139 141 142 143 144 145 146 147 148 149]] [10 [150 151 152 153 154 155 156 157 158 159 160 161 162 163 164]] [11 [165 166 167 168 169 170 171 172 173 174 175 176 178 179]] [12 [180 181 183 184 185 186 187 188 189 190 191 192 193 194]] [13 [195 196 197 198 199 200 201 202 203 204 205 207 208 209]] [14 [210 211 212 213 214 215 216 217 218 219 220 221 222 223 224]] [15 [225 226 227 228 229 230 231 232 233 234 235 236 237 238 239]] [16 [240 243 244 245 246 247 248 249 250 251 252 253 254]] [17 [255 256 257 258 259 260 261 262 263 264 265 266 267 268 269]] [18 [270 271 272 273 274 275 276 277 278 279 280 281 282 283 284]] [19 [285 286 287 288 289 290 291 292 293 294 295 298 299]] [20 [300 302 303 304 305 307 308 309 310 311 312 313 314]] [21 [315 317 318 319 320 321 322 323 324 325 326 327 328 329]] [22 [330 331 332 333 334 335 336 337 338 339 340 341 342 343 344]] [23 [345 346 347 348 349 350 351 352 353 354 355 356 357 358 359]] [24 [360 361 362 363 364 365 366 367 368 369 370 371 372 373 374]] [25 [375 376 377 378 379 380 381 382 383 384 385 386 388 389]] [26 [390 391 392 394 395 396 398 399 400 401 402 403 404]] [27 [405 406 407 408 409 410 411 412 413 414 415 416 417 418 419]] [28 [420 421 422 423 424 425 426 427 428 429 430 431 432 433 434]] [29 [435 436 437 438 439 440 441 442 443 444 445 446 447 448 449]] [30 [450 451 452 453 454 455 456 457 458 459 460 461 462 463 464]] [31 [465 466 467 468 469 470 471 472 473 474 475 476 477 478 479]] [32 [486 489 490 492]] [33 [497 498 499 500 501 502 503 504 505 506 507 508 509]] [34 [510 511 512 513 514 515 516 517 518 519 520 521 523 524]] [35 [525 527 528 529 531 532 533 536 537 538 539]] [36 [540 541 542 543 544 545 546 548 549 550 551 552 553 554]] [37 [555 556 557 558 559 560 561 562 563 564 565 566 567 568 569]] [38 [570 571 573 574 575 577 578 579 580 581 582 583 584]] [39 [585 586 587 588 589 590 591 592 593 594 595 596 598 599]] [40 [600 602 603 604 605 606 607 608 610 611 612 613 614]] [41 [615 616 617 618 619 621 622 623 624 625 626 627 628 629]] [42 [630 631 632 633 634 635 636 637 638 639 640 641 642 643 644]] [43 [645 646 647 649 650 651 652 653 654 655 656 657 658 659]] [44 [660 661 662 663 664 665 666 667 668 669 670 671 672 673]] [45 [675 676 678 679 681 683 684 685 686 687 689]] [46 [690 691 692 693 694 695 696 697 698 699 700 701 702 703 704]] [47 [705 706 707 708 709 710 711 712 713 714 716 717 718]] [48 [720 721 722 723 724 727 728 729 730 731 732 733 734]] [49 [735 736 737 738 739 740 741 742 743 744 745 746 747 748 749]] [50 [750 751 752 753 754 755 756 757 758 759 760 761 762 763 764]] [51 [765 766 768 770 771 772 773 774 775 777 778 779]] [52 [780 781 782 783 784 785 786 787 788 789 790 791 792 793 794]] [53 [795 796 797 798 799 800 801 802 803 804 805 806 807 808 809]] [54 [810 811 812 813 814 815 816 817 818 819 820 821 822 823 824]] [55 [825 826 827 828 829 830 831 832 833 834 835 836 837 838 839]] [56 [840 841 842 843 844 845 846 847 848 849 850 851 852 853 854]] [57 [855 856 857 858 859 860 861 862 863 864 865 866 867 868 869]] [58 [870 871 872 873 874 875 876 877 878 879 880 881 883 884]] [59 [885 886 887 889 890 892 893 894 895 896 897 898 899]] [60 [900 901 902 903 904 905 906 907 908 909 910 911 912 913 914]] [61 [915 916 917 919 920 921 922 923 924 925 926 927 928 929]] [62 [930 931 932 934 935 936 938 939 940 941 942 943 944]] [63 [945 946 947 948 949 950 953 956 957 958 959]] [64 [960 961 962 963 965 966 967 969 970 971 972]] [65 [975 976 977 978 979 980 982 985 987 988]] [66 [991 992 993 994 995 996 997 998 1000 1002 1003]] [67 [1005 1006 1007 1008 1009 1010 1011 1012 1013 1014 1015 1017 1018]] [68 [1021 1022 1024 1025 1026 1027 1028 1029 1032 1033 1034]] [69 [1035 1036 1037 1039 1040 1042 1043 1044 1045 1047 1048]] [70 [1050 1051 1052 1053 1054 1055 1056 1057 1058 1059 1060 1061 1063]] [71 [1065 1066 1067 1068 1069 1070 1071 1072 1073 1074 1075 1076 1077 1078 1079]] [72 [1080 1081 1082 1083 1084 1085 1086 1087 1088 1089 1090 1091 1092 1093 1094]] [73 [1095 1096 1097 1098 1099 1100 1101 1102 1103 1104 1105 1106 1107 1108 1109]] [74 [1110 1111 1112 1113 1114 1115 1116 1117 1123 1124]] [75 [1125 1126 1127 1128 1129 1130 1131 1132 1133 1134 1135 1136 1137 1138 1139]] [76 [1140 1141 1142 1143 1144 1145 1146 1147 1148 1149 1150 1151 1152 1153 1154]] [77 [1155 1156 1157 1158 1159 1160 1161 1162 1163 1164 1165 1167 1168 1169]] [78 [1170 1171 1172 1173 1174 1175 1176 1177 1178 1179 1180 1181 1182 1183 1184]] [79 [1185 1186 1187 1188 1189 1190 1191 1193 1195 1196 1197 1199]] [80 [1200 1201 1202 1203 1204 1205 1206 1207 1208 1209 1210 1211 1212 1213 1214]] [81 [1215 1216 1217 1218 1219 1220 1221 1222 1223 1224 1225 1226 1227 1228 1229]] [82 [1230 1231 1232 1233 1234 1235 1236 1237 1238 1239 1240 1241 1242 1243 1244]] [83 [1245 1246 1247 1248 1249 1250 1251 1252 1253 1254 1255 1256 1257 1258 1259]] [84 [1260 1261 1263 1264 1265 1266 1267 1268 1269 1270 1271 1272 1274]] [85 [1275 1276 1277 1278 1279 1280 1281 1282 1283 1284 1285 1286 1287 1288 1289]] [86 [1292 1293 1294 1295 1296 1297 1298 1299 1300 1301 1302 1303 1304]] [87 [1305 1306 1307 1308 1309 1310 1311 1312 1313 1314 1315 1316 1317 1318 1319]] [88 [1320 1321 1322 1323 1324 1325 1326 1327 1328 1329 1330 1331 1332 1333 1334]] [89 [1336 1337 1338 1339 1340 1341 1342 1343 1344 1345 1346 1347 1348 1349]] [90 [1350 1351 1352 1353 1354 1355 1356 1357 1358 1359 1361 1362 1363 1364]] [91 [1365 1366 1367 1368 1369 1370 1371 1372 1373 1374 1376 1377 1379]] [92 [1380 1381 1382 1383 1384 1385 1386 1387 1388 1389 1390 1391 1392 1393 1394]] [93 [1395 1396 1397 1398 1399 1400 1401 1402 1403 1404 1405 1406 1407 1408 1409]] [94 [1410 1411 1412 1413 1414 1416 1417 1420 1421 1422 1423 1424]] [95 [1425 1426 1427 1428 1429 1430 1431 1432 1433 1434 1435 1436 1437 1439]] [96 [1440 1441 1442 1443 1445 1446 1447 1448 1449 1450 1451 1452 1453 1454]] [97 [1455 1456 1457 1458 1459 1460 1461 1462 1463 1464 1465 1466 1467 1468 1469]] [98 [1470 1471 1472 1473 1474 1475 1476 1477 1478 1479 1480 1481 1482 1484]] [99 [1485 1486 1487 1491 1492 1493 1495 1496 1497 1498 1499]]]","[[0 [3 4 6 7 8 11 12 13 14]] [1 [15 17 18 19 20 22 25 26 28]] [2 [31 32 33 34 35 36 37 42 44]] [3 [48 50 51 52 58 59]] [4 [61 64 65 66 67 71]] [5 [75 76 80]] [6 [92 100 104]] [7 [107 109 116 119]] [8 [124 129]] [9 [139 141 143 144 146 148]] [10 [150 151 152 154 155 158 161 163 164]] [11 [165 166 167 168 169 170 172 174 175 176 178]] [12 [181 183 185 186 189 190 191]] [13 [195 201 208]] [14 [211 213 214 216 217 219 220]] [15 [227 228 229 230 231 232 233 235 236 238 239]] [16 [240 243 244 245 246 248 249 250 252 253 254]] [17 [255 256 262 265 268]] [18 [270 272 273 275 276 277 279 281 282 283]] [19 [285 286 287 289 290 291 292 294 298 299]] [20 [300 302 304 305 307 308 310 311 312 313]] [21 [318 321 322 323 324 325 326 327 328]] [22 [330 334 336 344]] [23 [347 349 351 353 354 355 357 358 359]] [24 [360 361 363 365 366 367 368 371 373 374]] [25 [375 376 377 379 380 383 385 386 388]] [26 [390 391 392 394 395 396 398 399 400]] [27 [405 406 407 408 409 410 411 412 415 416]] [28 [425 427 432 434]] [29 [435 436 441 446]] [30 [450 451 452 454 455 456]] [31 [465 466 467 471 478]] [32 [486 489 490 492]] [33 [497 498 500 501 502 504 505 508 509]] [34 [512 513 515 517 518 519 520 523]] [35 [525 527 528 529 531 532 533 536 537 538]] [36 [540 541 542 543 544 545 548 551 552 553]] [37 [556 559 562 564 565 568 569]] [38 [570 571 574 575 577 578 580 581 582 583]] [39 [585 586 588 589 590 591 592 593 596 598 599]] [40 [602 604 605 606 608 610 611 614]] [41 [615 616 618 619 622 623 628]] [42 [630 631 632 633 634 635 636 637 638 640 641 642 644]] [43 [645 646 647 650 652 653 654 655 656 658]] [44 [660 662 663 664 666 667 669 670 671]] [45 [676 678 679 681 683 685 686 687 689]] [46 [691 695 696 697 704]] [47 [705 706 707 708 709 710 711 712 713 714 717 718]] [48 [720 721 722 724 727 729 730 732 733 734]] [49 [735 739 740 745 746 747 748 749]] [50 [753 754 755 756 757 760 761 762]] [51 [765 766 768 770 771 772 773 774 775 777 779]] [52 [785 788 789 791]] [53 [803 804]] [54 [812 814 820 822 824]] [55 [825 826 827 830 831 835 836]] [56 [842 848 849]] [57 [863 864 865 866]] [58 [871 872 873 875 876 878 880 881 884]] [59 [885 886 887 889 890 892 893 895 896 898 899]] [60 [901 904 905 907 910 911 912 913 914]] [61 [915 916 917 919 920 921 923 926 927 928 929]] [62 [930 932 935 936 939 940 941 942 943 944]] [63 [946 947 948 949 950 953 956 958 959]] [64 [960 963 965 966 967 969 971 972]] [65 [975 976 977 978 980 982 985 987 988]] [66 [991 992 993 994 995 996 997 998 1000 1002 1003]] [67 [1005 1007 1008 1009 1010 1011 1012 1013 1014 1015 1018]] [68 [1021 1022 1024 1025 1026 1027 1029 1032 1033 1034]] [69 [1035 1036 1037 1039 1040 1042 1043 1045 1047 1048]] [70 [1052 1053 1054 1055 1056 1057 1059]] [71 [1065 1067 1068 1069 1072 1073 1074 1076 1077 1079]] [72 [1081 1086 1087 1093]] [73 [1097 1099 1100 1102]] [74 [1116 1117 1123]] [75 [1125 1128 1130 1132 1133 1134 1135 1136 1137 1139]] [76 [1141 1142 1143 1144 1147 1148 1149 1150 1152]] [77 [1155 1156 1157 1158 1159 1163 1164 1167 1168]] [78 [1173 1174 1178 1179 1180 1181 1182 1183]] [79 [1185 1186 1187 1193 1195 1196 1197 1199]] [80 [1201 1203 1205 1206 1207 1209 1212 1213 1214]] [81 [1217 1218 1219 1221 1222 1223 1224 1226 1227 1228]] [82 [1230 1232 1234 1235 1239 1242 1243 1244]] [83 [1245 1246 1247 1251 1252 1253 1254 1255 1256 1258 1259]] [84 [1260 1261 1263 1264 1265 1268 1270 1272]] [85 [1276 1277 1278 1279 1282]] [86 [1296 1298 1303 1304]] [87 [1307 1308 1311 1313 1315 1316 1318]] [88 [1320 1324 1325 1326 1327 1328 1330 1332 1333 1334]] [89 [1338 1343 1348 1349]] [90 [1350 1351 1353 1355 1358 1359 1362 1364]] [91 [1365 1366 1367 1369 1370 1371]] [92 [1380 1384 1385 1386 1387 1388 1389 1390 1392 1394]] [93 [1397 1398 1400 1402 1403 1404 1405 1406 1407 1409]] [94 [1410 1412 1413 1414 1416 1420 1423 1424]] [95 [1426 1428 1430 1431 1432 1434 1435 1436 1437]] [96 [1440 1442 1447 1448 1449 1450 1451 1453]] [97 [1455 1456 1457 1460 1461 1466 1467 1469]] [98 [1471 1474 1475 1476 1477 1478 1480 1481 1482 1484]] [99 [1485 1486 1487 1491 1492 1493 1498 1499]]]",,"[[{citizen 12} [[""A"" [3]]]] [{citizen 33} [[""A"" [1]]]] [{citizen 47} [[""A"" [3]]]] [{media 51} [[""A"" [1]]]] [{media 53} [[""A"" [1]]]] [{media 59} [[""A"" [4]]]] [{media 61} [[""A"" [1]]]] [{media 60} [[""A"" [0]]]] [{citizen 2} [[""A"" [1]]]] [{citizen 6} [[""A"" [1]]]] [{media 54} [[""A"" [5]]]] [{citizen 4} [[""A"" [1]]]] [{media 57} [[""A"" [6]]]] [{citizen 0} [[""A"" [1]]]] [{citizen 1} [[""A"" [1]]]] [{media 56} [[""A"" [1]]]] [{media 52} [[""A"" [2]]]] [{media 58} [[""A"" [2]]]] [{media 55} [[""A"" [1]]]] [{media 50} [[""A"" [4]]]] [{media 62} [[""A"" [3]]]] [{media 64} [[""A"" [2]]]] [{media 63} [[""A"" [0]]]] [{citizen 31} [[""A"" [1]]]] [{citizen 26} [[""A"" [3]]]] [{citizen 7} [[""A"" [1]]]] [{citizen 49} [[""A"" [1]]]] [{citizen 13} [[""A"" [1]]]] [{citizen 42} [[""A"" [1]]]] [{citizen 30} [[""A"" [0]]]] [{citizen 5} [[""A"" [1]]]] [{citizen 15} [[""A"" [1]]]] [{citizen 14} [[""A"" [0]]]] [{citizen 11} [[""A"" [1]]]] [{citizen 20} [[""A"" [1]]]] [{citizen 8} [[""A"" [3]]]] [{citizen 28} [[""A"" [1]]]] [{citizen 45} [[""A"" [3]]]] [{citizen 23} [[""A"" [1]]]] [{citizen 36} [[""A"" [1]]]] [{citizen 19} [[""A"" [1]]]] [{citizen 38} [[""A"" [1]]]] [{citizen 17} [[""A"" [1]]]] [{citizen 40} [[""A"" [1]]]] [{citizen 48} [[""A"" [3]]]] [{citizen 43} [[""A"" [1]]]] [{citizen 39} [[""A"" [1]]]] [{citizen 10} [[""A"" [3]]]] [{citizen 27} [[""A"" [1]]]] [{citizen 34} [[""A"" [1]]]] [{citizen 25} [[""A"" [1]]]] [{citizen 37} [[""A"" [0]]]] [{citizen 18} [[""A"" [1]]]] [{citizen 21} [[""A"" [1]]]] [{citizen 44} [[""A"" [1]]]] [{citizen 32} [[""A"" [1]]]] [{citizen 29} [[""A"" [3]]]] [{citizen 22} [[""A"" [1]]]] [{citizen 41} [[""A"" [1]]]] [{citizen 3} [[""A"" [1]]]] [{citizen 16} [[""A"" [1]]]] [{citizen 35} [[""A"" [2]]]] [{citizen 46} [[""A"" [1]]]] [{citizen 24} [[""A"" [1]]]]]"
"10","[128 0 127]","218.2978723404255","-2.9282812542655576","-3.5989692759933707","""circle""","""""","9.9","{breed citizens}","false","0.5","1","""up""",,"[[""ID"" 14] [""alpha"" 1] [""beta"" 1] [""malleable"" [""A""]] [""prior"" []] [""cont_tokens"" []] [""A"" 3]]","[[0 [1 2 5 8 9 10 11 12 13 14]] [1 [15 17 18 19 20 21 22 23 24 25 26 27 28 29]] [2 [30 31 32 33 34 35 36 37 39 40 41 42 43 44]] [3 [45 46 47 48 49 50 51 52 53 54 55 56 57 58 59]] [4 [60 61 62 63 64 65 66 67 68 69 70 71 73 74]] [5 [75 76 77 78 79 80 81 82 83 84 85 86 87 88 89]] [6 [91 93 94 95 96 97 98 99 101 102 103]] [7 [105 106 108 110 111 112 113 114 115 117 118]] [8 [120 121 123 125 126 127 128 129 130 131 132 133 134]] [9 [135 136 137 138 139 140 141 142 143 144 145 146 147 148 149]] [10 [150 151 152 153 154 155 157 158 159 160 161 162 163 164]] [11 [165 166 167 168 169 170 171 172 173 174 175 176 178 179]] [12 [180 181 183 184 185 186 187 189 190 191 192 193 194]] [13 [195 196 197 198 199 200 201 202 203 204 205 206 207 208 209]] [14 [210 211 212 213 214 215 216 217 218 219 220 221 222 223 224]] [15 [225 226 227 228 229 230 231 232 233 234 235 236 237 238 239]] [16 [240 243 244 245 246 247 248 249 250 251 252 253 254]] [17 [255 256 257 258 259 260 261 262 263 264 265 266 267 268 269]] [18 [270 271 272 273 274 275 276 277 278 279 280 281 282 283 284]] [19 [285 286 287 288 289 290 291 292 293 294 295 298 299]] [20 [300 302 303 304 305 307 308 309 310 311 312 313 314]] [21 [315 317 318 319 320 321 322 323 324 325 326 327 328 329]] [22 [330 331 332 333 334 335 336 337 338 339 340 341 342 343 344]] [23 [345 346 347 349 350 351 352 353 354 355 356 357 358 359]] [24 [360 361 362 363 364 365 366 367 368 369 370 371 372 373 374]] [25 [375 376 377 378 379 380 381 382 383 384 385 386 387 388 389]] [26 [390 391 392 394 395 396 398 399 400 401 402 403 404]] [27 [405 406 407 408 409 410 411 412 413 414 415 416 417 418 419]] [28 [420 421 422 423 424 425 426 427 428 429 430 431 432 433 434]] [29 [435 436 437 438 439 440 441 442 443 444 445 446 447 448 449]] [30 [450 451 452 453 454 455 456 457 458 459 460 461 462 463 464]] [31 [465 466 467 468 469 470 471 472 473 474 475 476 477 478 479]] [32 [486 489 490 492]] [33 [495 496 497 498 499 500 501 502 503 504 505 506 507 508 509]] [34 [510 511 512 513 514 515 516 517 518 519 520 523]] [35 [525 527 528 529 531 532 533 536 537 538 539]] [36 [540 541 542 543 544 545 546 548 549 550 551 552 553 554]] [37 [555 556 557 558 559 560 561 562 563 564 565 566 567 568 569]] [38 [570 571 572 573 574 575 576 577 578 579 580 581 582 583 584]] [39 [585 586 587 588 589 590 591 592 593 594 595 596 597 598 599]] [40 [600 602 603 604 605 606 607 608 610 611 612 613 614]] [41 [615 616 617 618 619 620 621 622 623 624 625 626 627 628 629]] [42 [630 631 632 633 634 635 636 637 638 640 641 642 643 644]] [43 [645 646 647 648 649 650 651 652 653 654 655 656 657 658 659]] [44 [660 661 662 663 664 665 666 667 668 669 670 671 672 673]] [45 [675 676 678 679 681 683 684 685 686 687 689]] [46 [691 693 694 695 696 697 698 699 700 701 702 703 704]] [47 [705 706 707 708 709 710 711 712 713 714 716 717 718]] [48 [720 721 722 723 724 727 728 729 730 731 732 733 734]] [49 [735 736 737 738 739 740 741 742 743 744 745 746 747 748 749]] [50 [752 753 754 755 756 757 758 759 760 761 762 763 764]] [51 [765 766 767 768 770 771 772 773 774 775 777 778 779]] [52 [780 781 782 783 784 785 786 787 788 789 790 791 792 793 794]] [53 [795 796 797 798 799 800 801 802 803 804 805 806 807 808 809]] [54 [810 811 812 813 814 815 816 817 818 819 820 821 822 823 824]] [55 [825 826 827 830 831 832 833 834 835 836 837 838 839]] [56 [840 841 842 843 844 845 846 847 848 849 850 851 852 853 854]] [57 [855 856 857 858 859 860 861 862 863 864 865 866 868]] [58 [870 871 872 873 874 875 876 877 878 879 880 881 883 884]] [59 [885 886 887 889 890 892 893 894 895 896 897 898 899]] [60 [900 901 902 903 904 905 906 907 908 909 910 911 912 913 914]] [61 [915 916 917 919 920 921 922 923 924 925 926 927 928 929]] [62 [930 931 932 934 935 936 938 939 940 941 942 943 944]] [63 [945 946 947 948 949 950 953 956 957 958 959]] [64 [960 961 962 963 965 966 967 969 970 971 972]] [65 [975 976 977 978 979 980 982 985 987 988]] [66 [991 992 993 994 995 996 997 998 1000 1002 1003]] [67 [1005 1006 1007 1008 1009 1010 1011 1012 1013 1014 1015 1017 1018]] [68 [1021 1022 1024 1025 1026 1027 1028 1029 1032 1033 1034]] [69 [1035 1036 1037 1039 1040 1042 1043 1044 1045 1047 1048]] [70 [1050 1051 1052 1053 1054 1055 1056 1057 1058 1059 1060 1061 1063]] [71 [1065 1066 1067 1068 1069 1070 1071 1072 1073 1074 1075 1076 1077 1078 1079]] [72 [1080 1081 1082 1083 1084 1085 1086 1087 1088 1089 1090 1091 1092 1093 1094]] [73 [1095 1096 1097 1098 1099 1100 1101 1102 1103 1104 1105 1106 1107 1108 1109]] [74 [1110 1111 1112 1113 1114 1115 1116 1117 1118 1119 1120 1121 1122 1123 1124]] [75 [1125 1126 1127 1128 1130 1131 1132 1133 1134 1135 1136 1137 1138 1139]] [76 [1140 1141 1142 1143 1144 1145 1146 1147 1148 1149 1150 1151 1152 1153 1154]] [77 [1155 1156 1157 1158 1159 1160 1161 1162 1163 1164 1165 1167 1168 1169]] [78 [1170 1171 1172 1173 1174 1175 1176 1177 1178 1179 1180 1181 1182 1183 1184]] [79 [1185 1186 1187 1188 1189 1190 1191 1192 1193 1194 1195 1196 1197 1198 1199]] [80 [1200 1201 1202 1203 1204 1205 1206 1207 1208 1209 1210 1211 1212 1213 1214]] [81 [1215 1216 1217 1218 1219 1220 1221 1222 1223 1224 1225 1226 1227 1228 1229]] [82 [1230 1231 1232 1233 1234 1235 1236 1237 1238 1239 1240 1241 1242 1243 1244]] [83 [1245 1246 1247 1248 1250 1251 1252 1253 1254 1255 1256 1257 1258 1259]] [84 [1260 1261 1262 1263 1264 1265 1266 1267 1268 1269 1270 1271 1272 1274]] [85 [1275 1276 1277 1278 1279 1280 1281 1282 1283 1284 1285 1286 1287 1288 1289]] [86 [1290 1291 1292 1293 1294 1295 1296 1297 1298 1299 1300 1301 1302 1303 1304]] [87 [1305 1306 1307 1308 1311 1313 1314 1315 1316 1317 1318 1319]] [88 [1320 1321 1322 1323 1324 1325 1326 1327 1328 1329 1330 1331 1332 1333 1334]] [89 [1336 1338 1339 1340 1341 1342 1343 1344 1345 1346 1347 1348 1349]] [90 [1350 1351 1352 1353 1354 1355 1357 1358 1359 1361 1362 1363 1364]] [91 [1365 1366 1367 1368 1369 1370 1371 1372 1373 1374 1376 1377 1379]] [92 [1380 1381 1382 1383 1384 1385 1386 1387 1388 1389 1390 1391 1392 1393 1394]] [93 [1395 1396 1397 1398 1399 1400 1401 1402 1403 1404 1405 1406 1407 1408 1409]] [94 [1410 1411 1412 1413 1414 1415 1416 1417 1418 1419 1420 1421 1422 1423 1424]] [95 [1425 1426 1427 1428 1429 1430 1431 1432 1433 1434 1435 1436 1437 1439]] [96 [1440 1441 1442 1443 1445 1446 1447 1448 1449 1450 1451 1452 1453 1454]] [97 [1455 1456 1457 1458 1459 1460 1461 1462 1463 1464 1465 1466 1467 1468 1469]] [98 [1471 1472 1473 1474 1475 1476 1477 1478 1479 1480 1481 1482 1484]] [99 [1485 1486 1487 1491 1492 1493 1495 1496 1497 1498 1499]]]","[[0 [8 10 11 12 13 14]] [1 [15 17 18 19 20 21 23 24 27 29]] [2 [30 32 34 35 36 37 40 41 42 43]] [3 [46 47 49 51 52 54 55 56 57 59]] [4 [61 64 65 66 68 70 73 74]] [5 [77 78 82 83 84 85 86 89]] [6 [91 94 95 96 97 98 99 101 102 103]] [7 [105 106 108 110 111 112 113 114 115 117 118]] [8 [120 121 123 125 128 130 131 132 133 134]] [9 [135 136 137 138 139 142 145]] [10 [159 160 162 164]] [11 [165 166 167 168 169 170 176 178 179]] [12 [180 184 185 186 187 189 190 192 193 194]] [13 [196 198 199 202 203 204 205 208 209]] [14 [210 211 213 214 217 219 220 223 224]] [15 [225 226 230 231 232 233 235 236 238 239]] [16 [240 243 244 245 246 248 249 250 253]] [17 [255 256 262]] [18 [270 272 273 275 276 277 278 279 281 282 283]] [19 [285 286 288 291 292 294 298 299]] [20 [300 302 304 305 307 308 310 311 312 313]] [21 [318 321 322 323 324 325 326 327 328]] [22 [330 334 336 339 340 341 342 343]] [23 [345 346 350 351 353 355 356 357 358 359]] [24 [360 361 363 365 366 367 368 371 372]] [25 [381 382 383 385 386 388 389]] [26 [390 391 392 394 395 396 398 399 400 404]] [27 [405 406 407 408 409 413 414 417 419]] [28 [420 422 423 424 425 426 427 428 429 430 431]] [29 [436 438 440 442 443 444 445 448 449]] [30 [450 451 452 454 457 458 459 461 462 463]] [31 [465 466 467 471 478]] [32 [486 490 492]] [33 [497 498 500 501 502 504 505 508 509]] [34 [511 512 513 514 515 516 517 518 519 520 523]] [35 [525 527 528 529 531 532 533 536 537 539]] [36 [540 541 543 544 545 546 550 554]] [37 [555 558]] [38 [572 573 576 579 584]] [39 [586 588 589 590 591 592 593 596 598 599]] [40 [600 602 604 605 606 608 610 613]] [41 [617 622 623 626 627 629]] [42 [631 632 633 634 635 637 640 641 642 644]] [43 [645 646 647 650 652 653 654 655 656 658]] [44 [660 662 663 664 665 668 670 671 672]] [45 [675 676 678 679 681 683 686 687 689]] [46 [691 694 695 696 697 702 703 704]] [47 [705 708 709 710 711 712 713 714 717 718]] [48 [720 721 722 724 727 729 730 732 733 734]] [49 [735 736 738 739 740 745 746 747 748 749]] [50 [753 754 755 756 757 758 759 763 764]] [51 [765 766 768 770 771 773 774 775 777 778]] [52 [780 781 782 783 784 786 787 788 792 793 794]] [53 [796 797 798 799 800 801 805 807 808]] [54 [810 812 814 816 817 818 819 820 822 824]] [55 [825 826 827 832 833 834 835 836 838 839]] [56 [840 841 843 847 850 851 852 853 854]] [57 [855 856 857 858 859 860 861 862 865 866]] [58 [871 872 873 875 876 877 878 879 880 881 884]] [59 [885 887 889 890 892 893 894 895 896 898 899]] [60 [906 908 909 913 914]] [61 [916 917 919 920 921 923 926 927 928 929]] [62 [930 932 935 936 939 940 941 942 943 944]] [63 [946 947 948 949 950 953 956 958 959]] [64 [960 962 963 965 966 967 969 970 971 972]] [65 [975 976 977 978 980 982 985 987 988]] [66 [991 992 993 994 995 996 997 998 1000 1002 1003]] [67 [1005 1007 1008 1009 1010 1011 1012 1013 1014 1015 1018]] [68 [1021 1022 1024 1025 1027 1028 1029 1032 1033 1034]] [69 [1035 1036 1037 1039 1040 1042 1043 1045 1047]] [70 [1050 1051 1053 1054 1055 1056 1057 1060 1061 1063]] [71 [1066 1067 1068 1069 1072 1073 1074 1076 1079]] [72 [1081 1083 1084 1087 1090 1091 1092 1094]] [73 [1095 1096 1098 1101 1103 1104 1105 1106 1107 1108 1109]] [74 [1110 1112 1113 1114 1115 1116 1124]] [75 [1125 1126 1127 1128 1131 1139]] [76 [1145 1146 1151 1152]] [77 [1155 1156 1157 1158 1159 1161 1162 1169]] [78 [1170 1171 1172 1175 1177]] [79 [1192 1194 1198]] [80 [1201 1203 1207 1209 1212 1213 1214]] [81 [1215 1216 1218 1219 1221 1222 1223 1224 1225 1229]] [82 [1237 1240]] [83 [1248 1250 1253 1254 1255 1256 1258 1259]] [84 [1260 1261 1263 1264 1265 1268 1270 1271 1272 1274]] [85 [1280 1281 1283 1285 1286 1287 1288 1289]] [86 [1290 1291 1292 1295 1297 1299 1300 1301]] [87 [1305 1306 1307 1308 1311 1314 1315 1316 1318 1319]] [88 [1321 1324 1325 1326 1328 1330 1332]] [89 [1336 1339 1340 1341 1342 1344 1345 1346 1347 1348]] [90 [1350 1352 1354 1355 1357 1358 1359 1362 1363 1364]] [91 [1365 1366 1367 1369 1370 1373 1374 1376 1377 1379]] [92 [1380 1384 1385 1386 1387 1388 1389 1390 1392 1394]] [93 [1398 1400 1401 1403 1404 1406 1407 1409]] [94 [1410 1412 1413 1414 1416 1417 1421 1422 1423 1424]] [95 [1426 1429 1431 1432 1434 1435 1436 1437]] [96 [1440 1442 1445 1446 1447 1448 1450 1451 1452 1454]] [97 [1455 1456 1457 1460 1461 1462 1464 1465 1466 1467 1468]] [98 [1474 1475 1476 1477 1478 1480 1481 1482 1484]] [99 [1485 1486 1487 1491 1492 1493]]]",,"[[{citizen 23} [[""A"" [1]]]] [{citizen 25} [[""A"" [0]]]] [{citizen 32} [[""A"" [1]]]] [{citizen 38} [[""A"" [1]]]] [{citizen 39} [[""A"" [1]]]] [{media 51} [[""A"" [1]]]] [{media 53} [[""A"" [1]]]] [{media 59} [[""A"" [4]]]] [{media 61} [[""A"" [1]]]] [{media 63} [[""A"" [0]]]] [{media 54} [[""A"" [5]]]] [{citizen 4} [[""A"" [1]]]] [{media 57} [[""A"" [6]]]] [{citizen 0} [[""A"" [1]]]] [{citizen 1} [[""A"" [1]]]] [{citizen 5} [[""A"" [1]]]] [{media 50} [[""A"" [4]]]] [{citizen 2} [[""A"" [1]]]] [{media 62} [[""A"" [3]]]] [{media 64} [[""A"" [2]]]] [{citizen 31} [[""A"" [1]]]] [{citizen 26} [[""A"" [3]]]] [{citizen 7} [[""A"" [1]]]] [{citizen 49} [[""A"" [1]]]] [{citizen 13} [[""A"" [1]]]] [{citizen 42} [[""A"" [1]]]] [{citizen 30} [[""A"" [1]]]] [{citizen 15} [[""A"" [1]]]] [{citizen 14} [[""A"" [1]]]] [{citizen 11} [[""A"" [1]]]] [{citizen 20} [[""A"" [1]]]] [{citizen 8} [[""A"" [1]]]] [{citizen 28} [[""A"" [1]]]] [{citizen 6} [[""A"" [1]]]] [{citizen 9} [[""A"" [1]]]] [{citizen 12} [[""A"" [2]]]] [{citizen 18} [[""A"" [1]]]] [{citizen 22} [[""A"" [1]]]] [{citizen 21} [[""A"" [1]]]] [{citizen 44} [[""A"" [1]]]] [{citizen 16} [[""A"" [1]]]] [{citizen 45} [[""A"" [1]]]] [{citizen 47} [[""A"" [1]]]] [{citizen 36} [[""A"" [1]]]] [{citizen 19} [[""A"" [1]]]] [{citizen 17} [[""A"" [1]]]] [{citizen 40} [[""A"" [1]]]] [{citizen 48} [[""A"" [1]]]] [{citizen 43} [[""A"" [1]]]] [{media 52} [[""A"" [2]]]] [{citizen 34} [[""A"" [1]]]] [{media 55} [[""A"" [1]]]] [{citizen 33} [[""A"" [1]]]] [{citizen 37} [[""A"" [1]]]] [{citizen 27} [[""A"" [1]]]] [{media 58} [[""A"" [2]]]] [{media 56} [[""A"" [1]]]] [{media 60} [[""A"" [0]]]] [{citizen 29} [[""A"" [1]]]] [{citizen 41} [[""A"" [1]]]] [{citizen 3} [[""A"" [1]]]] [{citizen 35} [[""A"" [2]]]] [{citizen 46} [[""A"" [1]]]] [{citizen 24} [[""A"" [1]]]]]"
"11","[213 0 42]","237.44680851063828","-3.825942224919307","-3.3213851294742316","""circle""","""""","9.9","{breed citizens}","false","0.5","1","""up""",,"[[""ID"" 1] [""alpha"" 1] [""beta"" 1] [""malleable"" [""A""]] [""prior"" []] [""cont_tokens"" []] [""A"" 1]]","[[0 [0 1 2 3 4 5 6 7 9 10 11 12 13 14]] [1 [15 16 17 18 19 20 21 22 23 24 25 26 27 28 29]] [2 [30 31 32 33 34 35 36 37 39 40 41 42 43 44]] [3 [45 46 47 48 49 50 51 52 53 54 55 56 57 58 59]] [4 [60 61 62 63 64 65 66 67 68 69 70 71 73 74]] [5 [75 76 77 78 79 80 81 82 83 84 85 86 87 88 89]] [6 [91 93 94 95 96 97 98 99 100 101 102 103 104]] [7 [105 106 108 110 111 112 113 114 115 117 118]] [8 [120 121 123 125 126 127 128 129 130 131 132 133 134]] [9 [135 136 137 138 139 140 141 142 143 144 145 146 147 148 149]] [10 [150 151 152 153 154 155 156 157 158 159 160 161 162 163 164]] [11 [165 166 167 168 169 170 171 172 173 174 175 176 178 179]] [12 [180 181 183 184 185 186 187 188 189 190 191 192 193 194]] [13 [195 196 197 198 199 200 201 202 203 204 205 207 208 209]] [14 [210 211 212 213 214 215 216 217 218 219 220 221 222 223 224]] [15 [225 226 229 230 231 232 233 235 236 238 239]] [16 [240 243 244 245 246 247 248 249 250 251 252 253 254]] [17 [255 256 257 258 259 260 261 262 263 264 265 266 267 268 269]] [18 [270 271 272 273 274 275 276 277 278 279 280 281 282 283 284]] [19 [285 286 287 288 289 290 291 292 293 294 295 296 297 298 299]] [20 [300 301 302 303 304 305 306 307 308 309 310 311 312 313 314]] [21 [315 317 318 319 320 321 322 323 324 325 326 327 328 329]] [22 [330 331 332 334 335 336 337 338 339 340 341 342 343 344]] [23 [345 346 347 349 350 351 352 353 354 355 356 357 358 359]] [24 [360 361 362 363 364 365 366 367 368 369 370 371 372 373 374]] [25 [375 376 377 378 379 380 381 382 383 384 385 386 387 388 389]] [26 [390 391 392 394 395 396 398 399 400 401 402 403 404]] [27 [405 406 407 408 409 410 411 412 413 414 415 416 417 418 419]] [28 [420 421 422 423 424 425 426 427 428 429 430 431 432 433 434]] [29 [435 436 437 438 439 440 441 442 443 444 445 446 447 448 449]] [30 [450 451 452 453 454 455 456 457 458 459 460 461 462 463 464]] [31 [465 466 467 468 469 470 471 472 473 474 475 476 477 478 479]] [32 [480 481 482 483 484 485 486 487 488 489 490 491 492 493 494]] [33 [495 496 497 498 499 500 501 502 503 504 505 506 507 508 509]] [34 [510 511 512 513 514 515 516 517 518 519 520 521 522 523 524]] [35 [525 527 528 529 531 532 533 536 537 538 539]] [36 [540 541 542 543 544 545 546 548 549 550 551 552 553 554]] [37 [555 556 557 558 559 560 561 562 563 564 565 566 567 568 569]] [38 [570 571 572 573 574 575 576 577 578 579 580 581 582 583 584]] [39 [585 586 587 588 589 590 591 592 593 594 595 596 598 599]] [40 [600 602 603 604 605 606 607 608 610 611 612 613 614]] [41 [615 616 617 618 619 621 622 623 624 625 626 627 628 629]] [42 [630 631 632 633 634 635 636 637 638 640 641 642 643 644]] [43 [645 646 647 648 649 650 651 652 653 654 655 656 657 658 659]] [44 [660 661 662 663 664 665 666 667 668 669 670 671 672 673]] [45 [675 676 677 678 679 680 681 682 683 684 685 686 687 689]] [46 [690 691 692 693 694 695 696 697 698 699 700 701 702 703 704]] [47 [705 706 707 708 709 710 711 712 713 714 716 717 718]] [48 [720 721 722 723 724 725 726 727 728 729 730 731 732 733 734]] [49 [735 736 737 738 739 740 741 742 743 744 745 746 747 748 749]] [50 [750 751 752 753 754 755 756 757 758 759 760 761 762 763 764]] [51 [765 766 767 768 770 771 772 773 774 775 777 778 779]] [52 [780 781 782 783 784 785 786 787 788 789 790 791 792 793 794]] [53 [795 796 797 798 799 800 801 802 803 804 805 806 807 808 809]] [54 [810 811 812 813 814 815 816 817 818 819 820 821 822 823 824]] [55 [825 826 827 830 831 832 833 834 835 836 837 838 839]] [56 [840 841 842 843 844 845 846 847 848 849 850 851 852 853 854]] [57 [855 856 857 858 859 860 861 862 863 864 865 866 868]] [58 [870 871 872 873 874 875 876 877 878 879 880 881 883 884]] [59 [885 886 887 889 890 892 893 894 895 896 897 898 899]] [60 [900 901 902 903 904 905 906 907 908 909 910 911 912 913 914]] [61 [915 916 917 919 920 921 922 923 924 925 926 927 928 929]] [62 [930 931 932 934 935 936 938 939 940 941 942 943 944]] [63 [945 946 947 948 949 950 953 956 957 958 959]] [64 [960 961 962 963 965 966 967 969 970 971 972]] [65 [975 976 977 978 979 980 982 985 987 988]] [66 [991 992 993 994 995 996 997 998 1000 1002 1003]] [67 [1005 1006 1007 1008 1009 1010 1011 1012 1013 1014 1015 1017 1018]] [68 [1021 1022 1024 1025 1026 1027 1028 1029 1032 1033 1034]] [69 [1035 1036 1037 1039 1040 1042 1043 1044 1045 1047 1048]] [70 [1050 1051 1052 1053 1054 1055 1056 1057 1058 1059 1060 1061 1063]] [71 [1065 1066 1067 1068 1069 1070 1071 1072 1073 1074 1075 1076 1077 1078 1079]] [72 [1080 1081 1082 1083 1084 1085 1086 1087 1088 1089 1090 1091 1092 1093 1094]] [73 [1095 1096 1098 1101 1103 1104 1105 1106 1107 1108 1109]] [74 [1110 1111 1112 1113 1114 1115 1116 1117 1118 1119 1120 1121 1122 1123 1124]] [75 [1125 1126 1127 1128 1130 1131 1132 1133 1134 1135 1136 1137 1138 1139]] [76 [1140 1141 1142 1143 1144 1145 1146 1147 1148 1149 1150 1151 1152 1153 1154]] [77 [1155 1156 1157 1158 1159 1160 1161 1162 1163 1164 1165 1167 1168 1169]] [78 [1170 1171 1172 1173 1174 1175 1176 1177 1178 1179 1180 1181 1182 1183 1184]] [79 [1185 1186 1187 1188 1189 1190 1191 1192 1193 1194 1195 1196 1197 1198 1199]] [80 [1200 1201 1202 1203 1204 1205 1206 1207 1208 1209 1210 1211 1212 1213 1214]] [81 [1215 1216 1217 1218 1219 1220 1221 1222 1223 1224 1225 1226 1227 1228 1229]] [82 [1230 1231 1232 1233 1234 1235 1236 1237 1238 1239 1240 1241 1242 1243 1244]] [83 [1245 1246 1247 1248 1249 1250 1251 1252 1253 1254 1255 1256 1257 1258 1259]] [84 [1260 1261 1263 1264 1265 1266 1267 1268 1269 1270 1271 1272 1274]] [85 [1275 1276 1277 1278 1279 1280 1281 1282 1283 1284 1285 1286 1287 1288 1289]] [86 [1292 1293 1294 1295 1296 1297 1298 1299 1300 1301 1302 1303 1304]] [87 [1305 1306 1307 1308 1309 1310 1311 1312 1313 1314 1315 1316 1317 1318 1319]] [88 [1320 1321 1322 1323 1324 1325 1326 1327 1328 1329 1330 1331 1332 1333 1334]] [89 [1335 1337 1338 1339 1340 1341 1342 1343 1344 1345 1346 1347 1348 1349]] [90 [1350 1351 1352 1353 1354 1355 1356 1357 1358 1359 1361 1362 1363 1364]] [91 [1365 1366 1367 1368 1369 1370 1371 1372 1373 1374 1376 1377 1379]] [92 [1380 1381 1382 1383 1384 1385 1386 1387 1388 1389 1390 1391 1392 1393 1394]] [93 [1395 1396 1397 1398 1399 1400 1401 1402 1403 1404 1405 1406 1407 1408 1409]] [94 [1410 1411 1412 1413 1414 1415 1416 1417 1418 1419 1420 1421 1422 1423 1424]] [95 [1425 1426 1427 1428 1429 1430 1431 1432 1433 1434 1435 1436 1437 1439]] [96 [1440 1441 1442 1443 1445 1446 1447 1448 1449 1450 1451 1452 1453 1454]] [97 [1455 1456 1457 1458 1459 1460 1461 1462 1463 1464 1465 1466 1467 1468 1469]] [98 [1471 1472 1473 1474 1475 1476 1477 1478 1479 1480 1481 1482 1484]] [99 [1485 1486 1487 1491 1492 1493 1495 1496 1497 1498 1499]]]","[[0 [1 2 5 9 10 11 12 13 14]] [1 [15 17 18 19 20 21 23 24 27 29]] [2 [30 32 33 34 35 36 37 39 44]] [3 [48 50 51 52 58]] [4 [60 67 71]] [5 [75 76 80 81 87 88 89]] [6 [91 94 95 96 98 99 101 102 103]] [7 [105 106 108 111 112 113 114 115 117 118]] [8 [120 121 126 127 128 131 132 133 134]] [9 [135 136 137 138 139 141 143 144 146 148]] [10 [150 151 152 154 155 158 161 163 164]] [11 [165 166 167 168 169 170 172 174 176 178]] [12 [181 183 184 185 186 187 189 190 191]] [13 [195 200 201 205 208]] [14 [211 213 214 216 218 221 222 223 224]] [15 [225 226 230 231 232 233 235 236 238 239]] [16 [240 243 244 245 246 252 253 254]] [17 [255 261 263 264 266 267]] [18 [271 273 274 280 284]] [19 [293 295 296 299]] [20 [300 302 304 305 307 308 310 311 312 313]] [21 [315 318 321 322 323 324 325 326 327 328 329]] [22 [331 332 335 336 339 340 341 342 343]] [23 [345 346 350 352 353 355 356 357 358 359]] [24 [360 361 363 365 366 367 368 371 372]] [25 [381 382 383 385 386 388]] [26 [390 391 392 394 395 396 398 399 402 403 404]] [27 [405 406 407 408 409 410 413 414 417 419]] [28 [420 421 422 423 424 425 427 428 429 430 431 433]] [29 [437 439 441 446]] [30 [450 453 455 456]] [31 [467 468 469 470 472 473 474 475 476 479]] [32 [481 482 483 484 485 487 488 491 493 494]] [33 [495 496 499 500 501 502 503 507]] [34 [510 511 512 513 514 515 517 518 519 520 523]] [35 [525 527 528 529 531 532 533 536 537 538]] [36 [541 542 543 544 545 548 551 552 553 554]] [37 [555 558 559 566 567 568 569]] [38 [570 571 574 575 577 578 580 582 583 584]] [39 [587 592 593 596 598 599]] [40 [600 602 604 605 606 608 610 611 614]] [41 [615 616 618 619 621 624 625 626 627 629]] [42 [632 633 634 635 638 640 641 642 644]] [43 [645 646 647 650 652 653 654 655 656 657 659]] [44 [660 661 664 666 667 669 670 672]] [45 [675 676 678 679 681 683 686 687 689]] [46 [691 694 695 696 697 702 703 704]] [47 [705 706 707 709 710 711 712 713 714 716]] [48 [723 724 727 730 732 733 734]] [49 [735 736 738 739 740 741 744 745 746 747 748 749]] [50 [753 754 755 756 757 758 759 763 764]] [51 [765 766 768 770 771 772 773 775 777 778]] [52 [781 782 783 784 786 787 790 793 794]] [53 [796 797 798 799 800 801 805 807 808 809]] [54 [811 813 815 816 817 818 819 820 822]] [55 [825 826 827 830 831 834 835 836]] [56 [842 849 854]] [57 [856 857 858 859 860 861 862 864 865 866]] [58 [871 872 873 875 876 877 878 879 880 881 884]] [59 [885 886 887 889 890 892 893 894 895 896 898 899]] [60 [903 906 908 909 913 914]] [61 [916 917 919 920 921 923 926 927 928 929]] [62 [930 932 935 936 939 940 941 942 943 944]] [63 [946 947 948 949 950 953 956 958 959]] [64 [960 962 963 965 966 967 969 970 971 972]] [65 [975 976 977 978 979 982 985 987 988]] [66 [991 992 993 994 995 996 997 998 1000 1002 1003]] [67 [1005 1007 1008 1009 1010 1011 1012 1013 1014 1015 1018]] [68 [1021 1022 1024 1025 1026 1028 1029 1033 1034]] [69 [1035 1036 1037 1039 1040 1042 1043 1044 1045 1047]] [70 [1051 1054 1055 1056 1057 1060 1061 1063]] [71 [1066 1067 1068 1069 1072 1073 1074 1076 1077]] [72 [1080 1081 1083 1086 1088 1089 1090 1091 1092 1094]] [73 [1095 1096 1098 1101 1103 1104 1105 1106 1107 1108 1109]] [74 [1110 1112 1113 1114 1115 1116 1123 1124]] [75 [1125 1128 1135 1136 1137 1139]] [76 [1141 1142 1143 1144 1147 1148 1149 1150 1152]] [77 [1155 1156 1157 1158 1159 1161 1162 1169]] [78 [1172 1174 1178 1179 1180 1181 1182 1183]] [79 [1185 1186 1187 1188 1189 1190 1191 1193 1196 1197]] [80 [1200 1202 1204 1206 1207 1209 1210 1212 1213 1214]] [81 [1217 1218 1219 1221 1222 1223 1224 1226 1227 1228]] [82 [1230 1232 1236 1238 1239 1242 1243]] [83 [1247 1251 1252 1253 1254 1255 1256 1258 1259]] [84 [1260 1261 1263 1264 1265 1267 1268 1270 1272]] [85 [1276 1277 1278 1279 1282]] [86 [1296 1298 1303 1304]] [87 [1309 1310]] [88 [1322 1323]] [89 [1335 1337 1338 1340 1341 1342 1344 1345 1346 1347 1348 1349]] [90 [1351 1353 1355 1357 1358 1359 1362]] [91 [1366 1367 1369 1370 1372 1373 1374 1376 1379]] [92 [1380 1381 1382 1383]] [93 [1396 1399]] [94 [1411 1413 1414 1416 1420 1423 1424]] [95 [1426 1429 1431 1432 1434 1435 1436 1437 1439]] [96 [1440 1443 1445 1446 1447 1448 1449 1450 1451 1453]] [97 [1455 1456 1457 1460 1461 1466 1467 1468 1469]] [98 [1471 1472 1473 1479 1480 1481 1482 1484]] [99 [1485 1486 1487 1491 1492 1493 1496 1497 1498 1499]]]",,"[[{citizen 14} [[""A"" [0]]]] [{citizen 16} [[""A"" [1]]]] [{citizen 17} [[""A"" [1]]]] [{citizen 18} [[""A"" [1]]]] [{citizen 20} [[""A"" [1]]]] [{citizen 29} [[""A"" [1]]]] [{citizen 46} [[""A"" [1]]]] [{media 50} [[""A"" [4]]]] [{media 52} [[""A"" [2]]]] [{media 54} [[""A"" [5]]]] [{media 55} [[""A"" [1]]]] [{media 56} [[""A"" [1]]]] [{media 57} [[""A"" [6]]]] [{media 58} [[""A"" [2]]]] [{media 60} [[""A"" [0]]]] [{media 62} [[""A"" [3]]]] [{media 64} [[""A"" [2]]]] [{citizen 2} [[""A"" [1]]]] [{citizen 7} [[""A"" [1]]]] [{citizen 4} [[""A"" [1]]]] [{citizen 0} [[""A"" [1]]]] [{citizen 1} [[""A"" [1]]]] [{media 59} [[""A"" [4]]]] [{media 53} [[""A"" [1]]]] [{media 63} [[""A"" [0]]]] [{media 61} [[""A"" [1]]]] [{citizen 31} [[""A"" [1]]]] [{citizen 26} [[""A"" [3]]]] [{citizen 49} [[""A"" [1]]]] [{citizen 13} [[""A"" [1]]]] [{citizen 42} [[""A"" [1]]]] [{citizen 30} [[""A"" [0]]]] [{citizen 5} [[""A"" [1]]]] [{citizen 15} [[""A"" [1]]]] [{citizen 45} [[""A"" [2]]]] [{citizen 23} [[""A"" [1]]]] [{citizen 8} [[""A"" [3]]]] [{citizen 47} [[""A"" [3]]]] [{citizen 6} [[""A"" [1]]]] [{citizen 36} [[""A"" [1]]]] [{citizen 19} [[""A"" [1]]]] [{citizen 38} [[""A"" [1]]]] [{citizen 40} [[""A"" [1]]]] [{citizen 48} [[""A"" [3]]]] [{citizen 43} [[""A"" [1]]]] [{citizen 39} [[""A"" [0]]]] [{citizen 10} [[""A"" [3]]]] [{citizen 27} [[""A"" [1]]]] [{citizen 21} [[""A"" [1]]]] [{citizen 37} [[""A"" [0]]]] [{citizen 22} [[""A"" [1]]]] [{citizen 34} [[""A"" [1]]]] [{citizen 25} [[""A"" [1]]]] [{citizen 33} [[""A"" [1]]]] [{citizen 28} [[""A"" [1]]]] [{citizen 9} [[""A"" [1]]]] [{citizen 12} [[""A"" [3]]]] [{citizen 41} [[""A"" [1]]]] [{media 51} [[""A"" [1]]]] [{citizen 32} [[""A"" [1]]]] [{citizen 3} [[""A"" [1]]]] [{citizen 35} [[""A"" [2]]]] [{citizen 44} [[""A"" [1]]]] [{citizen 24} [[""A"" [1]]]]]"
"12","[128 0 127]","248.93617021276594","-4.995613761892309","-2.142995247574276","""circle""","""""","9.9","{breed citizens}","false","0.5","1","""up""",,"[[""ID"" 7] [""alpha"" 1] [""beta"" 1] [""malleable"" [""A""]] [""prior"" []] [""cont_tokens"" []] [""A"" 3]]","[[0 [1 2 3 4 5 6 7 8 9 10 11 12 13 14]] [1 [15 17 18 19 20 21 22 23 24 25 26 27 28 29]] [2 [30 31 32 33 34 35 36 37 39 40 41 42 43 44]] [3 [45 46 47 48 49 50 51 52 53 54 55 56 57 58 59]] [4 [60 61 62 63 64 65 66 67 68 69 70 71 73 74]] [5 [75 76 77 78 79 80 81 82 83 84 85 86 87 88 89]] [6 [91 93 94 95 96 97 98 99 101 102 103]] [7 [105 106 108 110 111 112 113 114 115 117 118]] [8 [120 121 123 125 126 127 128 129 130 131 132 133 134]] [9 [135 136 137 138 139 140 141 142 143 144 145 146 147 148 149]] [10 [150 151 152 153 154 155 157 158 159 160 161 162 163 164]] [11 [165 166 167 168 169 170 171 172 173 174 175 176 177 178 179]] [12 [180 181 183 184 185 186 187 188 189 190 191 192 193 194]] [13 [195 196 197 198 199 200 201 202 203 204 205 207 208 209]] [14 [210 211 212 213 214 215 216 217 218 219 220 221 222 223 224]] [15 [225 226 227 228 229 230 231 232 233 235 236 238 239]] [16 [240 243 244 245 246 247 248 249 250 251 252 253 254]] [17 [255 256 257 258 259 260 261 262 263 264 265 266 267 268 269]] [18 [270 271 272 273 274 275 276 277 278 279 280 281 282 283 284]] [19 [285 286 287 288 289 290 291 292 293 294 295 298 299]] [20 [300 302 303 304 305 307 308 309 310 311 312 313 314]] [21 [315 317 318 319 320 321 322 323 324 325 326 327 328 329]] [22 [330 331 332 333 334 335 336 337 338 339 340 341 342 343 344]] [23 [345 346 347 349 350 351 352 353 354 355 356 357 358 359]] [24 [360 361 362 363 364 365 366 367 368 369 370 371 372 373 374]] [25 [375 376 377 378 379 380 381 382 383 384 385 386 387 388 389]] [26 [390 391 392 394 395 396 398 399 400 401 402 403 404]] [27 [405 406 407 408 409 410 411 412 413 414 415 416 417 418 419]] [28 [420 421 422 423 424 425 426 427 428 429 430 431 432 433 434]] [29 [435 436 437 438 439 440 441 442 443 444 445 446 447 448 449]] [30 [450 451 452 453 454 455 456 457 458 459 460 461 462 463 464]] [31 [465 466 467 468 469 470 471 472 473 474 475 476 477 478 479]] [32 [480 481 482 483 484 485 486 487 488 489 490 491 492 493 494]] [33 [495 496 499 500 501 502 503 504 505 506 507 508 509]] [34 [511 512 513 514 515 516 517 518 519 520 523]] [35 [525 527 528 529 531 532 533 536 537 538 539]] [36 [540 541 542 543 544 545 546 548 549 550 551 552 553 554]] [37 [555 556 557 558 559 560 561 562 563 564 565 566 567 568 569]] [38 [570 571 572 573 574 575 576 577 578 579 580 581 582 583 584]] [39 [585 586 587 588 589 590 591 592 593 594 595 596 598 599]] [40 [600 602 603 604 605 606 607 608 610 611 612 613 614]] [41 [615 616 617 618 619 620 621 622 623 624 625 626 627 628 629]] [42 [630 631 632 633 634 635 636 637 638 639 640 641 642 643 644]] [43 [645 646 647 648 649 650 651 652 653 654 655 656 657 658 659]] [44 [660 661 662 663 664 665 666 667 668 669 670 671 672 673]] [45 [675 676 678 679 681 683 684 685 686 687 689]] [46 [691 693 694 695 696 697 698 699 700 701 702 703 704]] [47 [705 706 707 708 709 710 711 712 713 714 715 716 717 718 719]] [48 [720 721 722 723 724 727 728 729 730 731 732 733 734]] [49 [735 736 737 738 739 740 741 742 743 744 745 746 747 748 749]] [50 [750 751 752 753 754 755 756 757 758 759 760 761 762 763 764]] [51 [765 766 767 768 769 770 771 772 773 774 775 776 777 778 779]] [52 [780 781 782 783 784 785 786 787 788 789 790 791 792 793 794]] [53 [795 796 797 798 799 800 801 802 803 804 805 806 807 808 809]] [54 [810 811 812 813 814 815 816 817 818 819 820 821 822 823 824]] [55 [825 826 827 830 831 832 833 834 835 836 837 838 839]] [56 [840 841 842 843 844 845 846 847 848 849 850 851 852 853 854]] [57 [855 856 857 858 859 860 861 862 863 864 865 866 868]] [58 [870 871 872 873 874 875 876 877 878 879 880 881 883 884]] [59 [885 886 887 889 890 892 893 894 895 896 897 898 899]] [60 [900 901 902 903 904 905 906 907 908 909 910 911 912 913 914]] [61 [915 916 917 919 920 921 922 923 924 925 926 927 928 929]] [62 [930 931 932 934 935 936 938 939 940 941 942 943 944]] [63 [945 946 947 948 949 950 953 956 957 958 959]] [64 [960 961 962 963 965 966 967 969 970 971 972]] [65 [975 976 977 978 979 980 982 985 987 988]] [66 [991 992 993 994 995 996 997 998 1000 1002 1003]] [67 [1005 1006 1007 1008 1009 1010 1011 1012 1013 1014 1015 1017 1018]] [68 [1021 1022 1024 1025 1026 1027 1028 1029 1032 1033 1034]] [69 [1035 1036 1037 1039 1040 1042 1043 1044 1045 1047 1048]] [70 [1050 1051 1052 1053 1054 1055 1056 1057 1058 1059 1060 1061 1063]] [71 [1065 1066 1067 1068 1069 1070 1071 1072 1073 1074 1075 1076 1077 1078 1079]] [72 [1080 1081 1082 1083 1084 1085 1086 1087 1088 1089 1090 1091 1092 1093 1094]] [73 [1095 1096 1097 1098 1099 1100 1101 1102 1103 1104 1105 1106 1107 1108 1109]] [74 [1110 1111 1112 1113 1114 1115 1116 1117 1118 1119 1120 1121 1122 1123 1124]] [75 [1125 1126 1127 1128 1130 1131 1132 1133 1134 1135 1136 1137 1138 1139]] [76 [1140 1141 1142 1143 1144 1145 1146 1147 1148 1149 1150 1151 1152 1153]] [77 [1155 1156 1157 1158 1159 1160 1161 1162 1163 1164 1165 1167 1168 1169]] [78 [1170 1171 1172 1173 1174 1175 1176 1177 1178 1179 1180 1181 1182 1183 1184]] [79 [1185 1186 1187 1188 1189 1190 1191 1192 1193 1194 1195 1196 1197 1198 1199]] [80 [1200 1201 1202 1203 1204 1205 1206 1207 1208 1209 1210 1211 1212 1213 1214]] [81 [1215 1216 1217 1218 1219 1220 1221 1222 1223 1224 1225 1226 1227 1228 1229]] [82 [1230 1231 1232 1233 1234 1235 1236 1237 1238 1239 1240 1241 1242 1243 1244]] [83 [1245 1246 1247 1248 1249 1250 1251 1252 1253 1254 1255 1256 1257 1258 1259]] [84 [1260 1261 1262 1263 1264 1265 1266 1267 1268 1269 1270 1271 1272 1273 1274]] [85 [1275 1276 1277 1278 1279 1280 1281 1282 1283 1284 1285 1286 1287 1288 1289]] [86 [1292 1293 1294 1295 1296 1297 1298 1299 1300 1301 1302 1303 1304]] [87 [1305 1306 1307 1308 1309 1310 1311 1312 1313 1314 1315 1316 1317 1318 1319]] [88 [1320 1321 1322 1323 1324 1325 1326 1327 1328 1329 1330 1331 1332 1333 1334]] [89 [1336 1337 1338 1339 1340 1341 1342 1343 1344 1345 1346 1347 1348 1349]] [90 [1350 1351 1352 1353 1354 1355 1356 1357 1358 1359 1361 1362 1363 1364]] [91 [1365 1366 1367 1368 1369 1370 1371 1372 1373 1374 1376 1377 1379]] [92 [1380 1381 1382 1383 1384 1385 1386 1387 1388 1389 1390 1391 1392 1393 1394]] [93 [1395 1396 1397 1398 1399 1400 1401 1402 1403 1404 1405 1406 1407 1408 1409]] [94 [1410 1411 1412 1413 1414 1415 1416 1417 1418 1419 1420 1421 1422 1423 1424]] [95 [1425 1426 1427 1428 1429 1430 1431 1432 1433 1434 1435 1436 1437 1439]] [96 [1440 1441 1442 1443 1445 1446 1447 1448 1449 1450 1451 1452 1453 1454]] [97 [1455 1456 1457 1458 1459 1460 1461 1462 1463 1464 1465 1466 1467 1468 1469]] [98 [1471 1472 1473 1474 1475 1476 1477 1478 1479 1480 1481 1482 1484]] [99 [1485 1486 1487 1491 1492 1493 1495 1496 1497 1498 1499]]]","[[0 [3 6 7 8 11 12 13 14]] [1 [15 17 18 19 20 21 23 24 27 29]] [2 [30 32 33 34 35 36 37 39 44]] [3 [49 53 55 56 57 59]] [4 [61 62 63 66 68 69 70 73 74]] [5 [77 78 82 83 84 85 86 88 89]] [6 [91 94 95 96 97 98 99 101 102 103]] [7 [105 106 108 110 112 113 114 117 118]] [8 [120 121 123 125 129]] [9 [142 145 147 149]] [10 [153 155 160 162]] [11 [171 173 174 175 178]] [12 [180 184 185 186 187 189 190 191]] [13 [195 201 205 208]] [14 [211 213 214 216 218 221 222 223 224]] [15 [225 226 230 231 232 233 235 236 238 239]] [16 [240 243 244 245 246 249 250 253 254]] [17 [255 257 258 259 260 261 263 264 265 268 269]] [18 [270 272 274 277 279 281 282 283]] [19 [285 286 288 289 290 291 292 294 298 299]] [20 [300 302 304 305 307 308 310 311 312 313]] [21 [315 321 322 323 324 325 326 327 328]] [22 [330 334 335 337 338 339 340 341 342 343]] [23 [345 346 350 351 352 353 354 355 356 357]] [24 [360 361 363 365 366 367 368 369 370 372]] [25 [377 379 380 383 385 386 388 389]] [26 [390 391 392 394 395 396 398 399 400]] [27 [407 408 409 410 411 412 415 416 418]] [28 [421 422 423 424 425 426 427 428 432 434]] [29 [435 436 438 440 442 443 444 445 447 448 449]] [30 [451 452 454 455 459 460 461 462 463]] [31 [465 466 467 468 470 472 473 474 475 476 477 479]] [32 [480 481 482 483 484 487 488 491 493 494]] [33 [495 496 499 500 502 504 505 508 509]] [34 [511 512 513 515 516 517 518 519 520 523]] [35 [525 527 528 529 531 532 533 536 537 538]] [36 [540 541 542 543 544 545 548 551 552 553]] [37 [556 557 560 561 562 563 564 565 568 569]] [38 [570 571 574 575 578 580 581 582 583]] [39 [585 586 588 589 590 591 592 593 596 598 599]] [40 [600 602 604 605 606 608 610 612 613]] [41 [617 622 623 628]] [42 [630 631 632 633 634 635 636 637 638 640 641 642 644]] [43 [645 646 647 650 652 653 654 655 656 657 659]] [44 [661 662 663 664 666 667 669 670 672]] [45 [675 676 678 679 681 683 685 686 687 689]] [46 [691 695 696 697]] [47 [706 707 708 709 710 711 712 713 714 717 718]] [48 [720 722 724 727 730 732 733 734]] [49 [735 740 741 744]] [50 [750 751 752 758 759]] [51 [767 768 770 771 773 775 777 778]] [52 [780 781 782 783 784 786 787 790 792 793]] [53 [795 797 798 799 800 805 807 808 809]] [54 [811 813 815 816 817 818 819 820 822]] [55 [826 827 830 831 834 835 837 838 839]] [56 [840 841 843 847 850 851 852 853 854]] [57 [855 856 857 858 859 860 861 862 865 866]] [58 [871 872 873 875 876 877 878 879 880 881 884]] [59 [886 887 890 892 893 894 895 896 898]] [60 [900 901 904 905 907 910 911 912 913 914]] [61 [915 916 917 919 920 921 923 926 927 928]] [62 [931 934 936 939 940 941 942 943 944]] [63 [946 947 948 949 950 953 956 958]] [64 [960 962 963 965 966 967 969 970 971 972]] [65 [975 976 977 978 980 982 985 987 988]] [66 [991 992 993 994 995 996 997 998 1000 1002 1003]] [67 [1005 1007 1008 1009 1010 1012 1013 1014 1015 1018]] [68 [1021 1022 1024 1025 1027 1029 1032 1033 1034]] [69 [1035 1036 1037 1039 1040 1042 1043 1044 1045 1047 1048]] [70 [1052 1053 1054 1055 1056 1057 1060 1061 1063]] [71 [1065 1070 1071 1075 1078]] [72 [1080 1081 1083 1086 1087 1093]] [73 [1097 1099 1100 1102]] [74 [1117 1123 1124]] [75 [1125 1128 1135 1136 1137]] [76 [1140 1141 1142 1143 1144 1147 1148 1149 1150 1152]] [77 [1155 1156 1157 1158 1159 1161 1162 1169]] [78 [1171 1172 1175 1177]] [79 [1194 1198 1199]] [80 [1201 1203 1207 1209 1210 1212 1213 1214]] [81 [1215 1217 1218 1219 1221 1222 1223 1224 1228]] [82 [1232 1234 1235 1239 1241 1242 1243 1244]] [83 [1245 1248 1250 1257]] [84 [1262 1269 1270 1272]] [85 [1276 1277 1278 1279 1282]] [86 [1298 1303 1304]] [87 [1307 1308 1311 1313 1314 1315 1316 1317]] [88 [1320 1321 1324 1325 1326 1328 1330 1332 1333 1334]] [89 [1336 1339 1340 1341 1342 1344 1345 1346 1347 1348 1349]] [90 [1350 1352 1354 1355 1357 1358 1359 1362 1363 1364]] [91 [1365 1367 1369 1370 1371]] [92 [1380 1381 1382 1383 1391 1393 1394]] [93 [1396 1399]] [94 [1415 1418 1419 1420 1421 1422 1423 1424]] [95 [1426 1428 1429 1431 1432 1433 1435 1436 1437 1439]] [96 [1440 1442 1445 1446 1447 1448 1449 1450 1451 1452 1454]] [97 [1455 1456 1457 1460 1461 1466 1467 1468 1469]] [98 [1471 1472 1473 1479 1481 1482 1484]] [99 [1485 1486 1487 1491 1492 1493]]]",,"[[{media 51} [[""A"" [1]]]] [{media 53} [[""A"" [1]]]] [{media 59} [[""A"" [4]]]] [{media 61} [[""A"" [1]]]] [{media 54} [[""A"" [5]]]] [{citizen 4} [[""A"" [1]]]] [{media 57} [[""A"" [6]]]] [{citizen 0} [[""A"" [1]]]] [{media 56} [[""A"" [1]]]] [{citizen 2} [[""A"" [1]]]] [{citizen 6} [[""A"" [1]]]] [{citizen 9} [[""A"" [1]]]] [{media 52} [[""A"" [2]]]] [{media 58} [[""A"" [2]]]] [{media 55} [[""A"" [1]]]] [{media 50} [[""A"" [4]]]] [{media 62} [[""A"" [3]]]] [{media 64} [[""A"" [2]]]] [{media 63} [[""A"" [0]]]] [{citizen 1} [[""A"" [1]]]] [{citizen 31} [[""A"" [1]]]] [{citizen 26} [[""A"" [3]]]] [{citizen 7} [[""A"" [1]]]] [{citizen 49} [[""A"" [1]]]] [{citizen 13} [[""A"" [1]]]] [{citizen 42} [[""A"" [1]]]] [{citizen 30} [[""A"" [1]]]] [{citizen 5} [[""A"" [1]]]] [{citizen 15} [[""A"" [1]]]] [{citizen 14} [[""A"" [1]]]] [{citizen 11} [[""A"" [1]]]] [{citizen 20} [[""A"" [1]]]] [{citizen 8} [[""A"" [1]]]] [{citizen 28} [[""A"" [1]]]] [{citizen 45} [[""A"" [2]]]] [{citizen 23} [[""A"" [1]]]] [{citizen 47} [[""A"" [1]]]] [{citizen 36} [[""A"" [1]]]] [{citizen 19} [[""A"" [1]]]] [{citizen 38} [[""A"" [1]]]] [{citizen 17} [[""A"" [1]]]] [{citizen 40} [[""A"" [1]]]] [{citizen 48} [[""A"" [1]]]] [{citizen 43} [[""A"" [1]]]] [{citizen 39} [[""A"" [0]]]] [{citizen 10} [[""A"" [3]]]] [{citizen 27} [[""A"" [1]]]] [{citizen 34} [[""A"" [1]]]] [{citizen 25} [[""A"" [1]]]] [{citizen 33} [[""A"" [0]]]] [{citizen 37} [[""A"" [0]]]] [{citizen 18} [[""A"" [1]]]] [{citizen 21} [[""A"" [1]]]] [{citizen 32} [[""A"" [1]]]] [{citizen 44} [[""A"" [1]]]] [{media 60} [[""A"" [0]]]] [{citizen 29} [[""A"" [1]]]] [{citizen 41} [[""A"" [1]]]] [{citizen 16} [[""A"" [1]]]] [{citizen 35} [[""A"" [2]]]] [{citizen 22} [[""A"" [1]]]] [{citizen 3} [[""A"" [1]]]] [{citizen 46} [[""A"" [1]]]] [{citizen 24} [[""A"" [1]]]]]"
"13","[213 0 42]","256.59574468085106","-4.5817162162149465","-1.100915411582281","""circle""","""""","9.9","{breed citizens}","false","0.5","1","""up""",,"[[""ID"" 39] [""alpha"" 1] [""beta"" 1] [""malleable"" [""A""]] [""prior"" []] [""cont_tokens"" []] [""A"" 1]]","[[0 [0 1 2 5 8 9 10 11 12 13 14]] [1 [15 17 18 19 20 21 22 23 24 25 26 27 28 29]] [2 [30 31 32 33 34 35 36 37 39 40 41 42 43 44]] [3 [45 46 47 48 49 50 51 52 53 54 55 56 57 58 59]] [4 [60 61 62 63 64 65 66 67 68 69 70 71 73 74]] [5 [75 76 77 78 79 80 81 82 83 84 85 86 87 88 89]] [6 [91 93 94 95 96 97 98 99 101 102 103]] [7 [105 106 108 110 111 112 113 114 115 117 118]] [8 [120 121 123 125 126 127 128 129 130 131 132 133 134]] [9 [135 136 137 138 139 140 141 142 143 144 145 146 147 148 149]] [10 [150 151 152 153 154 155 157 158 159 160 161 162 163 164]] [11 [165 166 167 168 169 170 171 172 173 174 175 176 178 179]] [12 [180 181 183 184 185 186 187 188 189 190 191 192 193 194]] [13 [195 196 197 198 199 200 201 202 203 204 205 206 207 208 209]] [14 [210 211 212 213 214 215 216 217 218 219 220 221 222 223 224]] [15 [225 226 227 228 229 230 231 232 233 235 236 238 239]] [16 [240 243 244 245 246 247 248 249 250 251 252 253 254]] [17 [255 256 257 258 259 260 261 262 263 264 265 266 267 268 269]] [18 [270 271 272 273 274 275 276 277 278 279 280 281 282 283 284]] [19 [285 286 287 288 289 290 291 292 293 294 295 296 298 299]] [20 [300 302 303 304 305 307 308 309 310 311 312 313 314]] [21 [315 316 317 318 319 320 321 322 323 324 325 326 327 328 329]] [22 [330 331 332 333 334 335 336 337 338 339 340 341 342 343 344]] [23 [345 346 347 348 349 350 351 352 353 354 355 356 357 358 359]] [24 [360 361 362 363 364 365 366 367 368 369 370 371 372 373 374]] [25 [375 376 377 378 379 380 381 382 383 384 385 386 388 389]] [26 [390 391 392 394 395 396 398 399 400 401 402 403 404]] [27 [405 406 407 408 409 410 411 412 413 414 415 416 417 418 419]] [28 [420 421 422 423 424 425 426 427 428 429 430 431 432 433 434]] [29 [435 436 437 438 439 440 441 442 443 444 445 446 447 448 449]] [30 [450 451 452 453 454 455 456 457 458 459 460 461 462 463]] [31 [465 466 467 468 469 470 471 472 473 474 475 476 477 478 479]] [32 [480 481 482 483 484 485 486 487 488 489 490 491 492 493 494]] [33 [495 496 497 498 499 500 501 502 503 504 505 506 507 508 509]] [34 [511 512 513 514 515 516 517 518 519 520 523]] [35 [525 527 528 529 531 532 533 536 537 538 539]] [36 [540 541 542 543 544 545 546 548 549 550 551 552 553 554]] [37 [555 556 557 558 559 560 561 562 563 564 565 566 567 568 569]] [38 [570 571 574 575 577 578 579 580 581 582 583 584]] [39 [585 586 587 588 589 590 591 592 593 594 595 596 598 599]] [40 [600 602 603 604 605 606 607 608 610 611 612 613 614]] [41 [615 616 617 618 619 620 621 622 623 624 625 626 627 628 629]] [42 [630 631 632 633 634 635 636 637 638 639 640 641 642 643 644]] [43 [645 646 647 648 649 650 651 652 653 654 655 656 657 658 659]] [44 [660 661 662 663 664 665 666 667 668 669 670 671 672 673]] [45 [675 676 677 678 679 680 681 682 683 684 685 686 687 689]] [46 [691 693 694 695 696 697 698 699 700 701 702 703 704]] [47 [705 706 707 708 709 710 711 712 713 714 716 717 718]] [48 [720 721 722 723 724 727 728 729 730 731 732 733 734]] [49 [735 736 737 738 739 740 741 742 743 744 745 746 747 748 749]] [50 [750 751 752 753 754 755 756 757 758 759 760 761 762 763 764]] [51 [765 766 767 768 770 771 772 773 774 775 777 778 779]] [52 [780 781 782 783 784 785 786 787 788 789 790 791 792 793 794]] [53 [795 796 797 798 799 800 801 802 803 804 805 806 807 808 809]] [54 [810 811 812 813 814 815 816 817 818 819 820 821 822 823 824]] [55 [825 826 827 828 829 830 831 832 833 834 835 836 837 838 839]] [56 [840 841 842 843 844 845 846 847 848 849 850 851 852 853 854]] [57 [855 856 857 858 859 860 861 862 863 864 865 866 867 868 869]] [58 [870 871 872 873 874 875 876 877 878 879 880 881 883 884]] [59 [885 886 887 889 890 892 893 894 895 896 897 898 899]] [60 [900 901 902 903 904 905 906 907 908 909 910 911 912 913 914]] [61 [915 916 917 919 920 921 922 923 924 925 926 927 928 929]] [62 [930 931 932 934 935 936 938 939 940 941 942 943 944]] [63 [945 946 947 948 949 950 953 956 957 958 959]] [64 [960 961 962 963 965 966 967 969 970 971 972]] [65 [975 976 977 978 979 980 982 985 987 988]] [66 [991 992 993 994 995 996 997 998 1000 1002 1003]] [67 [1005 1006 1007 1008 1009 1010 1011 1012 1013 1014 1015 1017 1018]] [68 [1021 1022 1024 1025 1026 1027 1028 1029 1032 1033 1034]] [69 [1035 1036 1037 1039 1040 1042 1043 1044 1045 1047 1048]] [70 [1050 1051 1052 1053 1054 1055 1056 1057 1058 1059 1060 1061 1063]] [71 [1065 1066 1067 1068 1069 1070 1071 1072 1073 1074 1075 1076 1077 1078 1079]] [72 [1080 1081 1082 1083 1084 1085 1086 1087 1088 1089 1090 1091 1092 1093 1094]] [73 [1095 1096 1097 1098 1099 1100 1101 1102 1103 1104 1105 1106 1107 1108 1109]] [74 [1110 1111 1112 1113 1114 1115 1116 1117 1118 1119 1120 1121 1122 1123 1124]] [75 [1125 1126 1127 1128 1130 1131 1132 1133 1134 1135 1136 1137 1138 1139]] [76 [1140 1141 1142 1143 1144 1145 1146 1147 1148 1149 1150 1151 1152 1153 1154]] [77 [1155 1156 1157 1158 1159 1160 1161 1162 1163 1164 1165 1167 1168 1169]] [78 [1170 1171 1172 1173 1174 1175 1176 1177 1178 1179 1180 1181 1182 1183]] [79 [1185 1186 1187 1188 1189 1190 1191 1193 1195 1196 1197 1199]] [80 [1200 1201 1202 1203 1204 1205 1206 1207 1208 1209 1210 1211 1212 1213 1214]] [81 [1215 1216 1217 1218 1219 1220 1221 1222 1223 1224 1225 1226 1227 1228 1229]] [82 [1230 1231 1232 1233 1234 1235 1236 1237 1238 1239 1240 1241 1242 1243 1244]] [83 [1245 1246 1247 1248 1249 1250 1251 1252 1253 1254 1255 1256 1257 1258 1259]] [84 [1260 1261 1262 1263 1264 1265 1266 1267 1268 1269 1270 1271 1272 1274]] [85 [1275 1276 1277 1278 1279 1280 1281 1282 1283 1284 1285 1286 1287 1288 1289]] [86 [1290 1291 1292 1293 1294 1295 1296 1297 1298 1299 1300 1301 1302 1303 1304]] [87 [1305 1306 1307 1308 1309 1310 1311 1312 1313 1314 1315 1316 1317 1318 1319]] [88 [1320 1321 1324 1325 1326 1327 1328 1330 1332 1333 1334]] [89 [1335 1336 1337 1338 1339 1340 1341 1342 1343 1344 1345 1346 1347 1348 1349]] [90 [1350 1351 1352 1353 1354 1355 1356 1357 1358 1359 1361 1362 1363 1364]] [91 [1365 1366 1367 1368 1369 1370 1371 1372 1373 1374 1376 1377 1379]] [92 [1380 1381 1382 1383 1384 1385 1386 1387 1388 1389 1390 1391 1392 1393 1394]] [93 [1395 1396 1397 1398 1399 1400 1401 1402 1403 1404 1405 1406 1407 1408 1409]] [94 [1410 1411 1412 1413 1414 1415 1416 1417 1418 1419 1420 1421 1422 1423 1424]] [95 [1425 1426 1427 1428 1429 1430 1431 1432 1433 1434 1435 1436 1437 1439]] [96 [1440 1441 1442 1443 1445 1446 1447 1448 1449 1450 1451 1452 1453 1454]] [97 [1455 1456 1457 1458 1459 1460 1461 1462 1463 1464 1465 1466 1467 1468 1469]] [98 [1471 1472 1473 1474 1475 1476 1477 1478 1479 1480 1481 1482 1484]] [99 [1485 1486 1487 1491 1492 1493 1495 1496 1497 1498 1499]]]","[[0 [0 8 11 12 13 14]] [1 [15 17 18 19 20 21 23 24 27 29]] [2 [30 32 33 34 35 36 37 39 44]] [3 [48 50 51 52 58 59]] [4 [61 64 65 66 68 70 73 74]] [5 [77 78 82 83 84 85 86 89]] [6 [91 94 95 96 97 98 99 101 102 103]] [7 [105 106 108 111 112 113 114 117 118]] [8 [120 121 126 127 128 131 132 133 134]] [9 [135 136 137 138 139 141 143 144 146 148 149]] [10 [153 154 155 158 161 163 164]] [11 [165 166 167 168 169 170 172 174 175 178]] [12 [180 184 185 186 189 190 192 193 194]] [13 [196 197 198 199 200 201 208]] [14 [212 215 220 223 224]] [15 [225 226 231 232 233 235 236 238 239]] [16 [240 243 244 245 246 249 250 251 254]] [17 [255 261 263 264 265 268 269]] [18 [270 272 273 275 276 277 279 281 282]] [19 [285 286 287 289 290 291 292 294 298 299]] [20 [300 302 304 305 307 308 309 314]] [21 [317 319 320]] [22 [330 332 335 336 339 340 341 342 343]] [23 [345 346 350 352 353 355 356 357 358 359]] [24 [360 361 363 365 366 367 368 369 370 371 373 374]] [25 [375 376 377 379 380 383 385 386 388 389]] [26 [390 391 392 394 395 396 398 399 400]] [27 [406 407 408 409 410 411 412 415 416 418]] [28 [420 421 422 423 424 425 426 427 428 432 434]] [29 [435 436 439 441 446]] [30 [450 453 455 459 461 462]] [31 [466 467 468 469 470 472 473 474 475 476 479]] [32 [480 481 482 483 484 485 487 488 491 493 494]] [33 [495 496 499 500 501 502 503 504 505 508 509]] [34 [511 512 513 514 515 517 518 519 520 523]] [35 [525 528 529 531 532 533 536 537 538]] [36 [541 543 545 546 550 553 554]] [37 [555 558 566 567 568]] [38 [570 571 574 577 578 580 581 582 583]] [39 [585 586 588 589 590 591 593 596 598 599]] [40 [600 602 604 605 606 608 610 613]] [41 [617 622 623 628]] [42 [630 631 632 633 634 635 636 637 638 640 641 642 644]] [43 [645 646 647 650 652 653 654 655 656 659]] [44 [661 662 663 664 666 667 669 670 671 672]] [45 [675 676 678 679 681 683 685 686 687 689]] [46 [691 695 698 699 700 701 702 703 704]] [47 [705 707 709 710 711 712 713 714 717 718]] [48 [720 721 722 723 724 727 730 732 733 734]] [49 [735 736 738 739 741 745 746 747 748 749]] [50 [752 753 754 755 756 757 760 761 762 763 764]] [51 [765 766 768 770 771 772 773 775 777 778]] [52 [780 781 782 783 784 786 787 790 792 793 794]] [53 [796 797 798 799 800 805 807 808]] [54 [810 811 813 815 816 817 818 819 820 822]] [55 [827 830 831 836]] [56 [844 845 848 849]] [57 [863 864 865 866]] [58 [871 872 873 875 876 877 878 880 881 884]] [59 [886 887 889 890 892 893 894 895 896 897 899]] [60 [906 908 909 914]] [61 [915 916 917 919 920 921 923 926 927 928]] [62 [931 934 935 936 939 940 941 942 943 944]] [63 [946 947 948 949 950 953 956 957 959]] [64 [960 962 963 965 966 967 969 970 971 972]] [65 [975 976 977 978 979 982 985 987 988]] [66 [991 992 993 994 996 997 998 1000 1002 1003]] [67 [1005 1007 1008 1009 1010 1011 1012 1013 1014 1015 1018]] [68 [1021 1022 1024 1025 1027 1029 1032 1033 1034]] [69 [1035 1036 1037 1039 1040 1042 1043 1045 1047 1048]] [70 [1052 1053 1054 1055 1056 1057 1058 1060 1061 1063]] [71 [1065 1067 1068 1069 1072 1073 1074 1076 1077 1079]] [72 [1081 1085 1086 1087 1090 1091 1092 1094]] [73 [1095 1096 1098 1101 1103 1104 1105 1106 1107 1108 1109]] [74 [1110 1111 1113 1114 1115 1116 1117 1123 1124]] [75 [1125 1128 1130 1132 1133 1134 1135 1136 1137 1139]] [76 [1145 1146 1151 1152]] [77 [1155 1156 1157 1158 1159 1163 1164 1167 1168]] [78 [1173 1174 1176 1178 1179 1180 1181 1183]] [79 [1185 1188 1189 1190 1191 1193 1195 1196 1197]] [80 [1200 1202 1204 1206 1207 1209 1212 1213 1214]] [81 [1217 1218 1219 1221 1222 1223 1224 1226 1227 1228]] [82 [1230 1232 1234 1235 1239 1241 1242 1243]] [83 [1246 1247 1251 1252 1253 1254 1255 1256 1258 1259]] [84 [1260 1261 1263 1264 1266 1267 1268 1270 1271 1272]] [85 [1275 1276 1277 1278 1279 1282]] [86 [1298 1303 1304]] [87 [1307 1308 1311 1314 1315 1316 1318 1319]] [88 [1321 1324 1325 1326 1327 1328 1330 1332 1334]] [89 [1338 1341 1342 1344 1345 1346 1347 1348 1349]] [90 [1351 1353 1355 1357 1358 1359 1362]] [91 [1366 1367 1369 1370 1371 1376 1379]] [92 [1380 1384 1385 1386 1388 1389 1390 1392]] [93 [1397 1398 1400 1401 1402 1403 1404 1405 1406 1407 1408]] [94 [1411 1413 1414 1416 1417 1421 1422 1423 1424]] [95 [1426 1428 1429 1431 1432 1434 1435 1436 1437]] [96 [1440 1443 1445 1446 1447 1448 1449 1450 1451 1452 1454]] [97 [1458 1459 1464 1465 1466 1467 1468 1469]] [98 [1471 1472 1473 1479 1481 1482 1484]] [99 [1485 1487 1491 1492 1493 1495 1496 1497 1498 1499]]]",,"[[{citizen 15} [[""A"" [1]]]] [{citizen 17} [[""A"" [1]]]] [{media 50} [[""A"" [4]]]] [{media 51} [[""A"" [1]]]] [{media 53} [[""A"" [1]]]] [{media 54} [[""A"" [5]]]] [{media 59} [[""A"" [4]]]] [{media 60} [[""A"" [0]]]] [{media 61} [[""A"" [1]]]] [{media 63} [[""A"" [0]]]] [{citizen 4} [[""A"" [1]]]] [{media 57} [[""A"" [6]]]] [{citizen 0} [[""A"" [1]]]] [{citizen 1} [[""A"" [1]]]] [{citizen 5} [[""A"" [1]]]] [{media 62} [[""A"" [3]]]] [{citizen 2} [[""A"" [1]]]] [{media 64} [[""A"" [2]]]] [{citizen 31} [[""A"" [1]]]] [{citizen 26} [[""A"" [2]]]] [{citizen 7} [[""A"" [1]]]] [{citizen 49} [[""A"" [2]]]] [{citizen 45} [[""A"" [2]]]] [{citizen 23} [[""A"" [1]]]] [{citizen 8} [[""A"" [3]]]] [{citizen 47} [[""A"" [3]]]] [{citizen 6} [[""A"" [1]]]] [{citizen 36} [[""A"" [1]]]] [{citizen 19} [[""A"" [2]]]] [{citizen 38} [[""A"" [1]]]] [{citizen 40} [[""A"" [1]]]] [{media 52} [[""A"" [2]]]] [{citizen 34} [[""A"" [1]]]] [{citizen 11} [[""A"" [1]]]] [{citizen 43} [[""A"" [1]]]] [{citizen 48} [[""A"" [1]]]] [{citizen 28} [[""A"" [1]]]] [{citizen 25} [[""A"" [1]]]] [{citizen 10} [[""A"" [1]]]] [{citizen 9} [[""A"" [1]]]] [{citizen 12} [[""A"" [2]]]] [{citizen 21} [[""A"" [1]]]] [{citizen 44} [[""A"" [1]]]] [{citizen 42} [[""A"" [1]]]] [{media 55} [[""A"" [1]]]] [{citizen 33} [[""A"" [1]]]] [{citizen 37} [[""A"" [0]]]] [{citizen 18} [[""A"" [1]]]] [{media 58} [[""A"" [2]]]] [{citizen 14} [[""A"" [0]]]] [{citizen 39} [[""A"" [0]]]] [{citizen 32} [[""A"" [1]]]] [{citizen 20} [[""A"" [1]]]] [{media 56} [[""A"" [1]]]] [{citizen 29} [[""A"" [1]]]] [{citizen 41} [[""A"" [1]]]] [{citizen 27} [[""A"" [1]]]] [{citizen 30} [[""A"" [0]]]] [{citizen 16} [[""A"" [1]]]] [{citizen 3} [[""A"" [1]]]] [{citizen 22} [[""A"" [1]]]] [{citizen 35} [[""A"" [2]]]] [{citizen 46} [[""A"" [1]]]] [{citizen 24} [[""A"" [1]]]]]"
"14","[213 0 42]","264.25531914893617","-5.405946967877926","0.36135915056960544","""circle""","""""","9.9","{breed citizens}","false","0.5","1","""up""",,"[[""ID"" 47] [""alpha"" 1] [""beta"" 1] [""malleable"" [""A""]] [""prior"" []] [""cont_tokens"" []] [""A"" 1]]","[[0 [0 1 2 3 4 5 6 7 9 10 11 12 13 14]] [1 [15 16 17 18 19 20 21 22 23 24 25 26 27 28 29]] [2 [30 31 32 33 34 35 36 37 39 40 41 42 43 44]] [3 [45 46 47 48 49 50 51 52 53 54 55 56 57 58 59]] [4 [60 61 62 63 64 65 66 67 68 69 70 71 73 74]] [5 [75 76 77 78 79 80 81 82 83 84 85 86 87 88 89]] [6 [91 93 94 95 96 97 98 99 101 102 103]] [7 [105 106 108 110 111 112 113 114 115 117 118]] [8 [120 121 122 123 124 125 126 127 128 129 130 131 132 133 134]] [9 [135 136 137 138 139 140 141 142 143 144 145 146 147 148 149]] [10 [150 151 152 153 154 155 156 157 158 159 160 161 162 163 164]] [11 [165 166 167 168 169 170 171 172 173 174 175 176 178 179]] [12 [180 181 183 184 185 186 187 189 190 191 192 193 194]] [13 [195 196 197 198 199 200 201 202 203 204 205 206 207 208 209]] [14 [210 211 212 213 214 215 216 217 218 219 220 221 222 223 224]] [15 [225 226 227 228 229 230 231 232 233 234 235 236 237 238 239]] [16 [240 243 244 245 246 247 248 249 250 251 252 253 254]] [17 [255 256 257 258 259 260 261 262 263 264 265 266 267 268 269]] [18 [270 271 272 273 274 275 276 277 278 279 280 281 282 283 284]] [19 [285 286 287 288 289 290 291 292 293 294 295 296 298 299]] [20 [300 302 303 304 305 307 308 309 310 311 312 313 314]] [21 [315 317 318 319 320 321 322 323 324 325 326 327 328 329]] [22 [330 331 332 334 335 336 337 338 339 340 341 342 343 344]] [23 [345 346 347 349 350 351 352 353 354 355 356 357 358 359]] [24 [360 361 362 363 364 365 366 367 368 369 370 371 372 373 374]] [25 [375 376 377 378 379 380 381 382 383 384 385 386 387 388 389]] [26 [390 391 392 394 395 396 398 399 400 401 402 403 404]] [27 [405 406 407 408 409 410 411 412 413 414 415 416 417 418 419]] [28 [420 421 422 423 424 425 426 427 428 429 430 431 432 433 434]] [29 [435 436 437 438 439 440 441 442 443 444 445 446 447 448 449]] [30 [450 451 452 453 454 455 456 457 458 459 460 461 462 463 464]] [31 [465 466 467 468 469 470 471 472 473 474 475 476 477 478 479]] [32 [480 481 482 483 484 486 487 488 489 490 491 492 493 494]] [33 [497 498 499 500 501 502 503 504 505 506 507 508 509]] [34 [510 511 512 513 514 515 516 517 518 519 520 521 522 523 524]] [35 [525 527 528 529 531 532 533 536 537 538 539]] [36 [540 541 542 543 544 545 546 548 549 550 551 552 553 554]] [37 [555 556 557 558 559 560 561 562 563 564 565 566 567 568 569]] [38 [572 573 576 579 580 582 583 584]] [39 [585 586 587 588 589 590 591 592 593 594 595 596 597 598 599]] [40 [600 602 603 604 605 606 607 608 610 611 612 613 614]] [41 [615 616 617 618 619 620 621 622 623 624 625 626 627 628 629]] [42 [630 631 632 633 634 635 636 637 638 639 640 641 642 643 644]] [43 [645 646 647 648 649 650 651 652 653 654 655 656 657 658 659]] [44 [660 661 662 663 664 665 666 667 668 669 670 671 672 673 674]] [45 [675 676 677 678 679 680 681 682 683 684 685 686 687 689]] [46 [690 691 692 693 694 695 696 697 698 699 700 701 702 703 704]] [47 [705 706 707 708 709 710 711 712 713 714 716 717 718]] [48 [720 721 722 723 724 727 728 729 730 731 732 733 734]] [49 [735 736 737 738 739 740 741 742 743 744 745 746 747 748 749]] [50 [750 751 752 753 754 755 756 757 758 759 760 761 762 763 764]] [51 [765 766 767 768 770 771 772 773 774 775 777 778 779]] [52 [780 781 782 783 784 785 786 787 788 789 790 791 792 793 794]] [53 [795 796 797 798 799 800 801 802 803 804 805 806 807 808 809]] [54 [810 811 812 813 814 815 816 817 818 819 820 821 822 823 824]] [55 [825 826 827 830 831 832 833 834 835 836 837 838 839]] [56 [840 841 842 843 844 845 846 847 848 849 850 851 852 853 854]] [57 [855 856 857 858 859 860 861 862 863 864 865 866 868]] [58 [870 871 872 873 874 875 876 877 878 879 880 881 882 883 884]] [59 [885 886 887 888 889 890 891 892 894 895 896 897 898 899]] [60 [900 901 902 903 904 905 906 907 908 909 910 911 912 913 914]] [61 [915 916 917 919 920 921 922 923 924 925 926 927 928 929]] [62 [930 931 932 934 935 936 938 939 940 941 942 943 944]] [63 [945 946 947 948 949 950 953 956 957 958 959]] [64 [960 961 962 963 965 966 967 969 970 971 972]] [65 [975 976 977 978 979 980 982 985 987 988]] [66 [991 992 993 994 995 996 997 998 1000 1002 1003]] [67 [1005 1006 1007 1008 1009 1010 1011 1012 1013 1014 1015 1017 1018]] [68 [1021 1022 1024 1025 1026 1027 1028 1029 1032 1033 1034]] [69 [1035 1036 1037 1039 1040 1042 1043 1044 1045 1047 1048]] [70 [1050 1051 1052 1053 1054 1055 1056 1057 1058 1059 1060 1061 1063]] [71 [1065 1066 1067 1068 1069 1070 1071 1072 1073 1074 1075 1076 1077 1078 1079]] [72 [1080 1081 1082 1083 1084 1085 1086 1087 1088 1089 1090 1091 1092 1093 1094]] [73 [1095 1096 1097 1098 1099 1100 1101 1102 1103 1104 1105 1106 1107 1108 1109]] [74 [1110 1111 1112 1113 1114 1115 1116 1117 1118 1119 1120 1121 1122 1123 1124]] [75 [1125 1126 1127 1128 1129 1130 1131 1132 1133 1134 1135 1136 1137 1138 1139]] [76 [1140 1141 1142 1143 1144 1145 1146 1147 1148 1149 1150 1151 1152 1153]] [77 [1155 1156 1157 1158 1159 1160 1161 1162 1163 1164 1165 1167 1168 1169]] [78 [1170 1171 1172 1173 1174 1175 1176 1177 1178 1179 1180 1181 1182 1183 1184]] [79 [1185 1186 1187 1188 1189 1190 1191 1192 1193 1194 1195 1196 1197 1198 1199]] [80 [1200 1201 1202 1203 1204 1205 1206 1207 1208 1209 1210 1211 1212 1213 1214]] [81 [1215 1216 1217 1218 1219 1220 1221 1222 1223 1224 1225 1226 1227 1228 1229]] [82 [1230 1231 1232 1233 1234 1235 1236 1237 1238 1239 1240 1241 1242 1243 1244]] [83 [1245 1246 1247 1248 1249 1250 1251 1252 1253 1254 1255 1256 1257 1258 1259]] [84 [1260 1261 1263 1264 1265 1266 1267 1268 1269 1270 1271 1272 1274]] [85 [1275 1276 1277 1278 1279 1280 1281 1282 1283 1284 1285 1286 1287 1288 1289]] [86 [1290 1291 1292 1293 1294 1295 1296 1297 1298 1299 1300 1301 1302 1303 1304]] [87 [1305 1306 1307 1308 1309 1310 1311 1312 1313 1314 1315 1316 1317 1318 1319]] [88 [1320 1321 1322 1323 1324 1325 1326 1327 1328 1329 1330 1331 1332 1333 1334]] [89 [1336 1338 1339 1340 1341 1342 1343 1344 1345 1346 1347 1348 1349]] [90 [1350 1351 1352 1353 1354 1355 1356 1357 1358 1359 1361 1362 1363 1364]] [91 [1365 1366 1367 1368 1369 1370 1371 1372 1373 1374 1376 1377 1379]] [92 [1380 1381 1382 1383 1384 1385 1386 1387 1388 1389 1390 1391 1392 1393 1394]] [93 [1395 1396 1397 1398 1399 1400 1401 1405 1406 1407 1408 1409]] [94 [1411 1412 1413 1414 1415 1416 1417 1418 1419 1420 1421 1422 1423 1424]] [95 [1425 1426 1427 1428 1429 1430 1431 1432 1433 1434 1435 1436 1437 1439]] [96 [1440 1441 1442 1443 1445 1446 1447 1448 1449 1450 1451 1452 1453 1454]] [97 [1455 1456 1457 1458 1459 1460 1461 1462 1463 1464 1465 1466 1467 1468 1469]] [98 [1471 1472 1473 1474 1475 1476 1477 1478 1479 1480 1481 1482 1484]] [99 [1485 1486 1487 1491 1492 1493 1495 1496 1497 1498 1499]]]","[[0 [1 2 5 6 7 10 11 12 13 14]] [1 [15 17 18 19 20 21 23 24 27 29]] [2 [30 32 34 35 36 37 41 42 43]] [3 [46 47 49 52 58 59]] [4 [61 62 63 66 68 70 73 74]] [5 [77 78 82 83 84 85 86 89]] [6 [91 94 95 96 97 98 99 101 102 103]] [7 [105 106 108 110 112 114]] [8 [120 121 123 125 128 130 131 132 133 134]] [9 [135 136 137 138 139 141 143 144 146 148]] [10 [150 151 152 154 155 157 158 161 163 164]] [11 [165 166 167 168 169 170 172 174 176 178 179]] [12 [180 184 185 186 187 192 193 194]] [13 [196 197 198 199 202 203 204 205 207 209]] [14 [210 211 213 214 217 219 220]] [15 [227 228 229 230 231 232 233 235 236 238 239]] [16 [240 243 244 245 246 248 249 250 253]] [17 [255 257 258 259 260 261 263 264 266 267 269]] [18 [271 273 275 276 277 278 279 281 282 283]] [19 [285 286 287 289 290 291 292 294 298 299]] [20 [300 302 304 305 307 308 310 311 312 313]] [21 [318 321 322 323 324 325 326 327 328 329]] [22 [331 332 335 336 339 340 341 342 343]] [23 [345 346 350 351 352 353 355 358 359]] [24 [360 361 363 365 366 367 368 371 372]] [25 [377 379 380 383 385 386 388]] [26 [390 391 392 394 395 396 398 399 400]] [27 [406 407 408 409 410 413 414 417 419]] [28 [420 422 423 424 425 426 427 428 429 430 431 434]] [29 [435 436 438 440 442 443 444 445 447 448 449]] [30 [451 452 454 455 456]] [31 [467 471 478]] [32 [486 490 492]] [33 [497 503 507]] [34 [510 511 512 513 514 515 517 518 519 520]] [35 [525 528 529 531 532 533 536 537 539]] [36 [540 541 542 543 544 545 548 552 553 554]] [37 [555 558]] [38 [572 573 576 579 584]] [39 [586 588 589 590 591 593 596 598 599]] [40 [600 602 604 605 606 608 610 612 613]] [41 [617 622 623 628]] [42 [630 631 632 633 634 635 636 637 638 640 641 642 644]] [43 [645 646 647 650 652 653 654 655 656 657]] [44 [661 662 663 664 666 667 669 670 671 672]] [45 [675 676 678 679 681 683 689]] [46 [691 695 696 697 702 703 704]] [47 [705 707 708 709 710 711 712 713 714 717 718]] [48 [720 721 722 724 727 729 730 732 733 734]] [49 [735 739 741 745 746 747 748 749]] [50 [753 754 755 756 757 760 761 762 763 764]] [51 [765 766 768 770 771 772 773 774 775 777 779]] [52 [785 788 790 792 793 794]] [53 [796 797 798 799 800 801 805 807 808]] [54 [810 812 814 820 822 824]] [55 [825 826 827 831 834 835 836]] [56 [844 845 846 847 850 851 852 853 854]] [57 [855 856 857 858 859 861 862 864 865 866 868]] [58 [870 874 883]] [59 [885 886 887 889 890 892 894 895 896 898 899]] [60 [906 908 909 911 912 913 914]] [61 [915 916 917 919 920 921 923 926 927 928 929]] [62 [930 931 934 936 939 940 941 942 943 944]] [63 [946 947 949 950 953 956 958 959]] [64 [960 963 965 966 967 969 970 971 972]] [65 [975 976 977 978 979 980 982 985 987 988]] [66 [991 992 993 994 997 998 1000 1002 1003]] [67 [1005 1007 1008 1009 1010 1011 1012 1013 1014 1015 1018]] [68 [1021 1022 1024 1025 1026 1027 1028 1029 1032 1033 1034]] [69 [1035 1036 1037 1039 1040 1042 1043 1045 1047 1048]] [70 [1052 1053 1054 1055 1056 1057 1058 1060 1061 1063]] [71 [1065 1067 1068 1069 1072 1073 1074 1076 1077 1078]] [72 [1080 1081 1083 1084 1087 1093]] [73 [1097 1099 1100 1102]] [74 [1117 1123]] [75 [1125 1128 1135 1136 1137]] [76 [1141 1142 1143 1144 1147 1148 1149 1150 1153]] [77 [1158 1159 1161 1162 1169]] [78 [1172 1174 1178 1179 1180 1181 1182 1183]] [79 [1185 1186 1187 1190 1191 1193 1196 1197]] [80 [1200 1202 1204 1205 1206 1207 1209 1212 1213 1214]] [81 [1217 1218 1219 1221 1222 1223 1226 1227 1228]] [82 [1230 1232 1234 1235 1236 1238 1239 1241 1242 1243]] [83 [1246 1247 1251 1252 1253 1254 1255 1256 1258 1259]] [84 [1260 1261 1263 1264 1266 1267 1268 1270 1272]] [85 [1276 1277 1278 1279 1282]] [86 [1298 1303 1304]] [87 [1307 1308 1311 1313 1315 1316 1318 1319]] [88 [1321 1324 1325 1326 1328 1330 1332]] [89 [1336 1340 1341 1342 1344 1345 1346 1347 1348 1349]] [90 [1350 1352 1354 1355 1357 1358 1359 1362 1363 1364]] [91 [1365 1366 1367 1369 1370 1371]] [92 [1381 1382 1383]] [93 [1396 1399 1408]] [94 [1411 1413 1414 1416 1417 1421 1422 1423 1424]] [95 [1426 1429 1430 1431 1432 1434 1435 1436 1437]] [96 [1440 1442 1445 1446 1447 1448 1449 1450 1451 1452 1454]] [97 [1455 1456 1457 1460 1461 1466 1467 1468 1469]] [98 [1471 1472 1473 1479 1480 1481 1482 1484]] [99 [1485 1486 1487 1491 1492 1493 1496 1497 1498 1499]]]",,"[[{citizen 41} [[""A"" [1]]]] [{media 50} [[""A"" [4]]]] [{media 52} [[""A"" [2]]]] [{media 54} [[""A"" [5]]]] [{media 55} [[""A"" [1]]]] [{media 56} [[""A"" [1]]]] [{media 57} [[""A"" [6]]]] [{media 58} [[""A"" [2]]]] [{media 60} [[""A"" [0]]]] [{media 62} [[""A"" [3]]]] [{media 63} [[""A"" [0]]]] [{media 64} [[""A"" [2]]]] [{media 59} [[""A"" [4]]]] [{citizen 2} [[""A"" [1]]]] [{citizen 7} [[""A"" [1]]]] [{citizen 11} [[""A"" [1]]]] [{media 53} [[""A"" [1]]]] [{citizen 1} [[""A"" [1]]]] [{media 61} [[""A"" [1]]]] [{citizen 31} [[""A"" [1]]]] [{citizen 26} [[""A"" [3]]]] [{citizen 49} [[""A"" [1]]]] [{citizen 13} [[""A"" [1]]]] [{citizen 42} [[""A"" [1]]]] [{citizen 30} [[""A"" [1]]]] [{citizen 5} [[""A"" [1]]]] [{citizen 15} [[""A"" [1]]]] [{citizen 29} [[""A"" [1]]]] [{citizen 4} [[""A"" [1]]]] [{citizen 45} [[""A"" [2]]]] [{citizen 23} [[""A"" [1]]]] [{citizen 8} [[""A"" [1]]]] [{citizen 47} [[""A"" [3]]]] [{citizen 6} [[""A"" [1]]]] [{citizen 36} [[""A"" [1]]]] [{citizen 19} [[""A"" [1]]]] [{citizen 38} [[""A"" [1]]]] [{citizen 17} [[""A"" [3]]]] [{citizen 40} [[""A"" [1]]]] [{citizen 48} [[""A"" [1]]]] [{citizen 43} [[""A"" [1]]]] [{citizen 39} [[""A"" [1]]]] [{citizen 10} [[""A"" [3]]]] [{citizen 27} [[""A"" [1]]]] [{citizen 0} [[""A"" [1]]]] [{citizen 21} [[""A"" [1]]]] [{citizen 37} [[""A"" [1]]]] [{citizen 22} [[""A"" [1]]]] [{citizen 18} [[""A"" [1]]]] [{citizen 34} [[""A"" [1]]]] [{citizen 25} [[""A"" [1]]]] [{citizen 33} [[""A"" [1]]]] [{citizen 28} [[""A"" [1]]]] [{citizen 20} [[""A"" [1]]]] [{citizen 32} [[""A"" [1]]]] [{media 51} [[""A"" [1]]]] [{citizen 16} [[""A"" [1]]]] [{citizen 12} [[""A"" [3]]]] [{citizen 9} [[""A"" [1]]]] [{citizen 3} [[""A"" [1]]]] [{citizen 35} [[""A"" [2]]]] [{citizen 44} [[""A"" [1]]]] [{citizen 46} [[""A"" [1]]]] [{citizen 24} [[""A"" [1]]]]]"
"15","[213 0 42]","97.02127659574468","9.299962432842946","-0.6823131977545174","""circle""","""""","9.9","{breed citizens}","false","0.5","1","""up""",,"[[""ID"" 36] [""alpha"" 1] [""beta"" 1] [""malleable"" [""A""]] [""prior"" []] [""cont_tokens"" []] [""A"" 1]]","[[0 [0 1 2 3 4 5 6 7 8 9 10 11 12 13 14]] [1 [15 17 18 19 20 21 22 23 24 25 26 27 28 29]] [2 [30 31 32 33 34 35 36 37 39 40 41 42 43 44]] [3 [45 46 47 48 49 50 51 52 53 54 55 56 57 58 59]] [4 [60 61 62 63 64 65 66 67 68 69 70 71 73 74]] [5 [75 76 77 78 79 80 81 82 83 84 85 86 87 88 89]] [6 [91 93 94 95 96 97 98 99 101 102 103]] [7 [105 106 108 110 111 112 113 114 115 117 118]] [8 [120 121 123 125 126 127 128 129 130 131 132 133 134]] [9 [135 136 137 138 139 140 141 142 143 144 145 146 147 148 149]] [10 [150 151 152 153 154 155 156 157 158 159 160 161 162 163 164]] [11 [165 166 167 168 169 170 171 172 173 174 175 176 178 179]] [12 [180 181 183 184 185 186 187 189 190 191 192 193 194]] [13 [195 196 197 198 199 200 201 202 203 204 205 206 207 208 209]] [14 [210 211 212 213 214 215 216 217 218 219 220 221 222 223 224]] [15 [225 226 227 228 229 230 231 232 233 235 236 238 239]] [16 [240 243 244 245 246 247 248 249 250 251 252 253 254]] [17 [255 256 257 258 259 260 261 262 263 264 265 266 267 268 269]] [18 [270 271 272 273 274 275 276 277 278 279 280 281 282 283 284]] [19 [285 286 287 288 289 290 291 292 293 294 295 298 299]] [20 [300 302 303 304 305 307 308 309 310 311 312 313 314]] [21 [315 317 318 319 320 321 322 323 324 325 326 327 328 329]] [22 [330 331 332 333 334 335 336 337 338 339 340 341 342 343 344]] [23 [345 346 347 349 350 351 352 353 354 355 356 357 358 359]] [24 [360 361 362 363 364 365 366 367 368 369 370 371 372 373 374]] [25 [375 376 377 378 379 380 381 382 383 384 385 386 387 388 389]] [26 [390 391 392 394 395 396 398 399 400 401 402 403 404]] [27 [405 406 407 408 409 410 411 412 413 414 415 416 417 418 419]] [28 [420 421 422 423 424 425 426 427 428 429 430 431 432 433 434]] [29 [435 436 437 438 439 440 441 442 443 444 445 446 447 448 449]] [30 [450 451 452 453 454 455 456 457 458 459 460 461 462 463 464]] [31 [465 466 467 468 469 470 471 472 473 474 475 476 477 478 479]] [32 [480 481 482 483 484 485 486 487 488 489 490 491 492 493 494]] [33 [495 496 497 498 499 500 501 502 503 504 505 506 507 508 509]] [34 [510 511 512 513 514 515 516 517 518 519 520 523]] [35 [525 527 528 529 531 532 533 536 537 538 539]] [36 [540 541 542 543 544 545 546 548 549 550 551 552 553 554]] [37 [555 556 557 558 559 560 561 562 563 564 565 566 567 568 569]] [38 [570 571 572 573 574 575 576 577 578 579 580 581 582 583 584]] [39 [585 586 587 588 589 590 591 592 593 594 595 596 597 598 599]] [40 [600 602 603 604 605 606 607 608 610 611 612 613 614]] [41 [615 616 617 618 619 620 621 622 623 624 625 626 627 628 629]] [42 [630 631 632 633 634 635 636 637 638 640 641 642 643 644]] [43 [645 646 647 648 649 650 651 652 653 654 655 656 657 658 659]] [44 [660 661 662 663 664 665 666 667 668 669 670 671 672 673]] [45 [675 676 677 678 679 680 681 682 683 684 685 686 687 689]] [46 [691 693 694 695 696 697 698 699 700 701 702 703 704]] [47 [705 706 707 708 709 710 711 712 713 714 716 717 718]] [48 [720 721 722 723 724 727 728 729 730 731 732 733 734]] [49 [735 736 737 738 739 740 741 742 743 744 745 746 747 748 749]] [50 [750 751 752 753 754 755 756 757 758 759 760 761 762 763 764]] [51 [765 766 767 768 770 771 772 773 774 775 777 778 779]] [52 [780 781 782 783 784 785 786 787 788 789 790 791 792 793 794]] [53 [795 796 797 798 799 800 801 802 803 804 805 806 807 808 809]] [54 [810 811 812 813 814 815 816 817 818 819 820 821 822 823 824]] [55 [825 826 827 828 829 830 831 832 833 834 835 836 837 838 839]] [56 [840 841 842 843 844 845 846 847 848 849 850 851 852 853 854]] [57 [855 856 857 858 859 860 861 862 863 864 865 866 868]] [58 [870 871 872 873 874 875 876 877 878 879 880 881 883 884]] [59 [885 886 887 889 890 892 893 894 895 896 897 898 899]] [60 [900 901 902 903 904 905 906 907 908 909 910 911 912 913 914]] [61 [915 916 917 919 920 921 922 923 924 925 926 927 928 929]] [62 [930 931 932 934 935 936 938 939 940 941 942 943 944]] [63 [945 946 947 948 949 950 953 956 957 958 959]] [64 [960 961 962 963 965 966 967 969 970 971 972]] [65 [975 976 977 978 979 980 982 985 987 988]] [66 [991 992 993 994 995 996 997 998 1000 1002 1003]] [67 [1005 1006 1007 1008 1009 1010 1011 1012 1013 1014 1015 1017 1018]] [68 [1021 1022 1024 1025 1026 1027 1028 1029 1032 1033 1034]] [69 [1035 1036 1037 1039 1040 1042 1043 1044 1045 1047 1048]] [70 [1050 1051 1052 1053 1054 1055 1056 1057 1058 1059 1060 1061 1063]] [71 [1065 1066 1067 1068 1069 1070 1071 1072 1073 1074 1075 1076 1077 1078 1079]] [72 [1080 1081 1082 1083 1084 1085 1086 1087 1088 1089 1090 1091 1092 1093 1094]] [73 [1095 1096 1097 1098 1099 1100 1101 1102 1103 1104 1105 1106 1107 1108 1109]] [74 [1110 1111 1112 1113 1114 1115 1116 1117 1118 1119 1120 1121 1122 1123 1124]] [75 [1125 1126 1127 1128 1130 1131 1132 1133 1134 1135 1136 1137 1138 1139]] [76 [1140 1141 1142 1143 1144 1145 1146 1147 1148 1149 1150 1151 1152 1153 1154]] [77 [1155 1156 1157 1158 1159 1160 1161 1162 1163 1164 1165 1167 1168 1169]] [78 [1170 1171 1172 1173 1174 1175 1176 1177 1178 1179 1180 1181 1182 1183]] [79 [1185 1186 1187 1188 1189 1190 1191 1193 1195 1196 1197 1199]] [80 [1200 1201 1202 1203 1204 1205 1206 1207 1208 1209 1210 1211 1212 1213 1214]] [81 [1215 1216 1217 1218 1219 1220 1221 1222 1223 1224 1225 1226 1227 1228 1229]] [82 [1230 1231 1232 1233 1234 1235 1236 1237 1238 1239 1240 1241 1242 1243 1244]] [83 [1245 1246 1247 1248 1249 1250 1251 1252 1253 1254 1255 1256 1257 1258 1259]] [84 [1260 1261 1262 1263 1264 1265 1266 1267 1268 1269 1270 1271 1272 1273 1274]] [85 [1275 1276 1277 1278 1279 1280 1281 1282 1283 1284 1285 1286 1287 1288 1289]] [86 [1290 1291 1292 1293 1294 1295 1296 1297 1298 1299 1300 1301 1302 1303 1304]] [87 [1305 1306 1307 1308 1311 1313 1314 1315 1316 1317 1318 1319]] [88 [1320 1321 1322 1323 1324 1325 1326 1327 1328 1329 1330 1331 1332 1333 1334]] [89 [1336 1337 1338 1339 1340 1341 1342 1343 1344 1345 1346 1347 1348 1349]] [90 [1350 1351 1352 1353 1354 1355 1356 1357 1358 1359 1361 1362 1363 1364]] [91 [1365 1366 1367 1368 1369 1370 1371 1372 1373 1374 1376 1377 1379]] [92 [1380 1381 1382 1383 1384 1385 1386 1387 1388 1389 1390 1391 1392 1393 1394]] [93 [1395 1396 1397 1398 1399 1400 1401 1402 1403 1404 1405 1406 1407 1408 1409]] [94 [1410 1411 1412 1413 1414 1415 1416 1417 1418 1419 1420 1421 1422 1423 1424]] [95 [1425 1426 1427 1428 1429 1430 1431 1432 1433 1434 1435 1436 1437 1439]] [96 [1440 1441 1442 1443 1445 1446 1447 1448 1449 1450 1451 1452 1453 1454]] [97 [1455 1456 1457 1458 1459 1460 1461 1462 1463 1464 1465 1466 1467 1468 1469]] [98 [1470 1471 1472 1473 1475 1476 1477 1478 1479 1480 1481 1482 1483 1484]] [99 [1485 1486 1487 1491 1492 1493 1495 1496 1497 1498 1499]]]","[[0 [0 3 4 6 7 8 11 12 13 14]] [1 [15 17 18 19 20 22 25 26 27 29]] [2 [30 32 33 34 35 36 37 42 43]] [3 [46 47 49 51 52 54 55 56 57 59]] [4 [61 64 65 66 67 68 70 73 74]] [5 [77 78 82 83 84 86 87 88 89]] [6 [91 94 95 96 97 98 99 101 102 103]] [7 [105 106 108 111 112 113 114 117 118]] [8 [120 121 123 125 129]] [9 [142 145 147 148]] [10 [150 151 152 154 155 158 161 163 164]] [11 [165 166 167 168 169 170 172 174 176 179]] [12 [180 183 184 185 186 189 190 192 193 194]] [13 [196 198 199 202 203 204 205 208]] [14 [212 215 219 220 223 224]] [15 [225 226 230 231 232 233 235 236 238 239]] [16 [240 243 244 245 246 248 249 250 253 254]] [17 [255 256 262 268]] [18 [270 272 274 277 279 281 282 283]] [19 [285 286 288 290 291 292 294 298 299]] [20 [300 302 303 305 307 308 310 311 312 313]] [21 [315 318 321 322 323 324 325 326 327 328]] [22 [330 334 335 336 339 340 341 342 343]] [23 [345 346 350 352 353 355 356 357 358 359]] [24 [360 361 363 365 366 367 368 371 372]] [25 [377 379 380 383 385 386 389]] [26 [390 391 392 394 395 396 398 399 400]] [27 [406 407 408 409 410 411 412 415 416 418]] [28 [421 424 425 427 428 429 430 431]] [29 [436 438 440 442 443 444 445 447 448 449]] [30 [450 453 455 456]] [31 [471 478]] [32 [486 489 490 492]] [33 [497 503 504 505 508 509]] [34 [511 512 513 515 516 518 519 520 523]] [35 [525 528 529 531 532 533 536 537 539]] [36 [540 541 542 543 544 545 548 551 552 553]] [37 [556 557 560 561 562 564 565 567 569]] [38 [570 571 574 575 577 578 580 581 582 583 584]] [39 [587 594 595 596 598 599]] [40 [602 604 605 606 608 610 612 613]] [41 [617 619 622 623 626 627 629]] [42 [632 634 635 636 637 640 641 642 644]] [43 [645 646 647 650 652 653 654 655 656 657 659]] [44 [661 662 663 664 666 667 669 670 671 672]] [45 [675 676 678 681 683 685 686 687 689]] [46 [691 695 696 697 704]] [47 [705 707 708 709 710 711 712 713 714 717 718]] [48 [720 721 722 724 727 729 730 732 733 734]] [49 [735 740 741 743 744]] [50 [751 752 758 759 764]] [51 [765 766 768 770 771 773 775 777]] [52 [780 781 782 783 784 785 786 787 790 792 793]] [53 [795 797 798 799 800 801 805 807 808]] [54 [810 812 814 820 822]] [55 [826 827 830 831 835 837 838 839]] [56 [840 841 843 847 850 851 852 853 854]] [57 [855 856 857 858 859 861 862 864 865 866]] [58 [871 872 873 875 876 878 880 881 884]] [59 [885 890 892 894 895 896 898 899]] [60 [901 902 904 905 907 910 911 912 913 914]] [61 [915 916 917 919 920 921 923 926 927 928]] [62 [931 934 935 936 939 940 941 942 943 944]] [63 [946 947 948 949 950 953 956 957 959]] [64 [960 962 963 965 966 967 969 970 971 972]] [65 [975 976 977 978 980 982 985 987 988]] [66 [991 992 993 994 995 996 997 998 1000 1002 1003]] [67 [1005 1007 1008 1009 1010 1012 1013 1014 1015 1018]] [68 [1021 1022 1024 1025 1027 1028 1029 1033 1034]] [69 [1035 1036 1037 1039 1040 1042 1043 1045 1047 1048]] [70 [1052 1053 1054 1055 1056 1057 1060 1061 1063]] [71 [1066 1067 1068 1069 1072 1073 1074 1076 1079]] [72 [1081 1085 1086 1087 1093]] [73 [1097 1099 1100 1102]] [74 [1117 1123 1124]] [75 [1125 1128 1130 1132 1133 1134 1135 1136 1137 1139]] [76 [1141 1142 1143 1144 1147 1148 1149 1150 1153]] [77 [1156 1157 1158 1159 1163 1164 1165 1167 1168]] [78 [1173 1174 1178 1179 1180 1181 1183]] [79 [1185 1186 1187 1188 1189 1190 1191 1193 1195 1196 1197 1199]] [80 [1201 1203 1205 1206 1207 1209 1212 1213 1214]] [81 [1217 1218 1219 1220 1224 1225 1229]] [82 [1237 1240]] [83 [1245 1248 1250 1257]] [84 [1262 1265 1267 1268 1270 1272 1274]] [85 [1280 1281 1283 1285 1286 1287 1288 1289]] [86 [1290 1291 1293 1294 1295 1297 1299 1300 1301]] [87 [1305 1306 1307 1308 1311 1314 1315 1316 1318 1319]] [88 [1321 1324 1325 1326 1328 1330 1332 1334]] [89 [1339 1340 1341 1342 1344 1345 1346 1347 1348 1349]] [90 [1350 1352 1354 1355 1357 1358 1359 1362]] [91 [1366 1367 1369 1370 1371]] [92 [1381 1382 1383 1391 1393 1394]] [93 [1395 1396 1399 1408]] [94 [1411 1413 1414 1416 1417 1421 1422 1423 1424]] [95 [1426 1429 1431 1432 1434 1435 1436 1437]] [96 [1440 1443 1445 1446 1447 1448 1450 1451 1452 1454]] [97 [1458 1459 1463]] [98 [1470 1472 1473 1476 1477 1478 1480 1481 1482 1484]] [99 [1485 1487 1491 1492 1493 1496 1497 1498 1499]]]",,"[[{citizen 24} [[""A"" [1]]]] [{citizen 42} [[""A"" [1]]]] [{media 51} [[""A"" [1]]]] [{media 53} [[""A"" [1]]]] [{media 59} [[""A"" [4]]]] [{media 61} [[""A"" [1]]]] [{media 63} [[""A"" [0]]]] [{media 60} [[""A"" [0]]]] [{citizen 2} [[""A"" [1]]]] [{citizen 6} [[""A"" [1]]]] [{media 54} [[""A"" [5]]]] [{citizen 0} [[""A"" [1]]]] [{citizen 1} [[""A"" [1]]]] [{media 57} [[""A"" [6]]]] [{media 56} [[""A"" [1]]]] [{media 52} [[""A"" [2]]]] [{media 58} [[""A"" [2]]]] [{media 55} [[""A"" [1]]]] [{citizen 13} [[""A"" [1]]]] [{media 50} [[""A"" [4]]]] [{media 62} [[""A"" [3]]]] [{media 64} [[""A"" [2]]]] [{citizen 5} [[""A"" [1]]]] [{citizen 31} [[""A"" [1]]]] [{citizen 26} [[""A"" [3]]]] [{citizen 7} [[""A"" [3]]]] [{citizen 49} [[""A"" [1]]]] [{citizen 30} [[""A"" [1]]]] [{citizen 45} [[""A"" [3]]]] [{citizen 23} [[""A"" [1]]]] [{citizen 8} [[""A"" [1]]]] [{citizen 47} [[""A"" [3]]]] [{citizen 36} [[""A"" [1]]]] [{citizen 19} [[""A"" [2]]]] [{citizen 38} [[""A"" [1]]]] [{citizen 17} [[""A"" [1]]]] [{citizen 40} [[""A"" [1]]]] [{citizen 48} [[""A"" [1]]]] [{citizen 43} [[""A"" [1]]]] [{citizen 39} [[""A"" [0]]]] [{citizen 10} [[""A"" [3]]]] [{citizen 27} [[""A"" [1]]]] [{citizen 21} [[""A"" [1]]]] [{citizen 37} [[""A"" [0]]]] [{citizen 22} [[""A"" [1]]]] [{citizen 18} [[""A"" [1]]]] [{citizen 11} [[""A"" [1]]]] [{citizen 16} [[""A"" [1]]]] [{citizen 44} [[""A"" [1]]]] [{citizen 34} [[""A"" [1]]]] [{citizen 28} [[""A"" [1]]]] [{citizen 25} [[""A"" [1]]]] [{citizen 9} [[""A"" [1]]]] [{citizen 12} [[""A"" [3]]]] [{citizen 33} [[""A"" [0]]]] [{citizen 20} [[""A"" [1]]]] [{citizen 14} [[""A"" [1]]]] [{citizen 32} [[""A"" [1]]]] [{citizen 4} [[""A"" [1]]]] [{citizen 29} [[""A"" [1]]]] [{citizen 41} [[""A"" [1]]]] [{citizen 3} [[""A"" [1]]]] [{citizen 35} [[""A"" [2]]]] [{citizen 46} [[""A"" [1]]]]]"
"16","[213 0 42]","279.5744680851064","-4.181567529274503","1.213679956986719","""circle""","""""","9.9","{breed citizens}","false","0.5","1","""up""",,"[[""ID"" 34] [""alpha"" 1] [""beta"" 1] [""malleable"" [""A""]] [""prior"" []] [""cont_tokens"" []] [""A"" 1]]","[[0 [0 1 2 3 4 5 6 7 8 9 10 11 12 13 14]] [1 [15 17 18 19 20 21 22 23 24 25 26 27 28 29]] [2 [30 31 32 33 34 35 36 37 39 40 41 42 43 44]] [3 [45 46 47 48 49 50 51 52 53 54 55 56 57 58 59]] [4 [60 61 62 63 64 65 66 67 68 69 70 71 73 74]] [5 [75 76 77 78 79 80 81 82 83 84 85 86 87 88 89]] [6 [90 91 92 94 95 96 97 98 99 100 101 102 103 104]] [7 [107 109 116 119]] [8 [122 124 125 129]] [9 [139 141 142 143 144 145 146 147 148 149]] [10 [150 151 152 153 154 155 157 158 159 160 161 162 163 164]] [11 [165 166 167 168 169 170 171 172 173 174 175 176 178 179]] [12 [180 181 183 184 185 186 187 188 189 190 191 192 193 194]] [13 [195 196 197 198 199 200 201 202 203 204 205 206 207 208 209]] [14 [210 211 212 213 214 215 216 217 218 219 220 221 222 223 224]] [15 [225 226 227 228 229 230 231 232 233 234 235 236 237 238 239]] [16 [240 241 242 243 244 245 246 247 248 249 250 251 252 253 254]] [17 [255 256 257 258 259 260 261 262 263 264 265 266 267 268 269]] [18 [270 271 272 273 274 275 276 277 278 279 280 281 282 283 284]] [19 [285 286 287 288 289 290 291 292 293 294 295 298 299]] [20 [300 302 303 304 305 307 308 309 310 311 312 313 314]] [21 [315 317 318 319 320 321 322 323 324 325 326 327 328 329]] [22 [330 331 332 334 335 336 337 338 339 340 341 342 343 344]] [23 [345 346 347 349 350 351 352 353 354 355 356 357 358 359]] [24 [360 361 362 363 364 365 366 367 368 369 370 371 372 373 374]] [25 [375 376 377 378 379 380 381 382 383 384 385 386 387 388 389]] [26 [390 391 392 394 395 396 398 399 400 401 402 403 404]] [27 [405 406 407 408 409 410 411 412 413 414 415 416 417 418 419]] [28 [420 421 422 423 424 425 426 427 428 429 430 431 432 433 434]] [29 [435 436 437 438 439 440 441 442 443 444 445 446 447 448 449]] [30 [450 451 452 453 454 455 456 457 458 459 460 461 462 463 464]] [31 [465 466 467 468 469 470 471 472 473 474 475 476 477 478 479]] [32 [486 489 490 492]] [33 [495 496 497 498 499 500 501 502 503 504 505 506 507 508 509]] [34 [510 511 512 513 514 515 516 517 518 519 520 523]] [35 [525 527 528 529 531 532 533 536 537 538 539]] [36 [540 541 542 543 544 545 546 548 549 550 551 552 553 554]] [37 [555 556 557 558 559 560 561 562 563 564 565 566 567 568 569]] [38 [570 571 572 573 574 575 576 577 578 579 580 581 582 583 584]] [39 [585 586 587 588 589 590 591 592 593 594 595 596 598 599]] [40 [600 602 603 604 605 606 607 608 610 611 612 613 614]] [41 [615 616 617 618 619 621 622 623 624 625 626 627 628 629]] [42 [630 631 632 633 634 635 636 637 638 640 641 642 643 644]] [43 [645 646 647 649 650 651 652 653 654 655 656 657 658 659]] [44 [660 661 662 663 664 665 666 667 668 669 670 671 672 673]] [45 [675 676 678 679 681 683 684 685 686 687 689]] [46 [691 693 694 695 696 697 698 699 700 701 702 703 704]] [47 [705 706 707 708 709 710 711 712 713 714 716 717 718]] [48 [720 721 722 723 724 727 728 729 730 731 732 733 734]] [49 [735 736 737 738 739 740 741 742 743 744 745 746 747 748 749]] [50 [750 751 752 753 754 755 756 757 758 759 760 761 762 763 764]] [51 [765 766 767 768 770 771 772 773 774 775 777 778 779]] [52 [780 781 782 783 784 785 786 787 788 789 790 791 792 793 794]] [53 [795 796 797 798 799 800 801 802 803 804 805 806 807 808 809]] [54 [810 811 812 813 814 815 816 817 818 819 820 821 822 823 824]] [55 [825 826 827 830 831 832 833 834 835 836 837 838 839]] [56 [840 841 842 843 844 845 846 847 848 849 850 851 852 853 854]] [57 [855 856 857 858 859 860 861 862 863 864 865 866 867 868 869]] [58 [870 871 872 873 874 875 876 877 878 879 880 881 883 884]] [59 [885 886 887 889 890 892 893 894 895 896 897 898 899]] [60 [900 901 902 903 904 905 906 907 908 909 910 911 912 913 914]] [61 [915 916 917 919 920 921 922 923 924 925 926 927 928 929]] [62 [930 931 932 934 935 936 938 939 940 941 942 943 944]] [63 [945 946 947 948 949 950 953 956 957 958 959]] [64 [960 961 962 963 965 966 967 969 970 971 972]] [65 [975 976 977 978 979 980 982 985 987 988]] [66 [991 992 993 994 995 996 997 998 1000 1002 1003]] [67 [1005 1006 1007 1008 1009 1010 1011 1012 1013 1014 1015 1017 1018]] [68 [1021 1022 1024 1025 1026 1027 1028 1029 1032 1033 1034]] [69 [1035 1036 1037 1039 1040 1042 1043 1044 1045 1047 1048]] [70 [1050 1051 1052 1053 1054 1055 1056 1057 1058 1059 1060 1061 1063]] [71 [1065 1066 1067 1068 1069 1070 1071 1072 1073 1074 1075 1076 1077 1078 1079]] [72 [1080 1081 1082 1083 1084 1085 1086 1087 1088 1089 1090 1091 1092 1093 1094]] [73 [1095 1096 1097 1098 1099 1100 1101 1102 1103 1104 1105 1106 1107 1108 1109]] [74 [1110 1111 1112 1113 1114 1115 1116 1117 1118 1119 1120 1121 1122 1123 1124]] [75 [1125 1126 1127 1128 1130 1131 1132 1133 1134 1135 1136 1137 1138 1139]] [76 [1140 1141 1142 1143 1144 1145 1146 1147 1148 1149 1150 1151 1152 1153]] [77 [1155 1156 1157 1158 1159 1160 1161 1162 1163 1164 1165 1167 1168 1169]] [78 [1170 1171 1172 1173 1174 1175 1176 1177 1178 1179 1180 1181 1182 1183 1184]] [79 [1185 1186 1187 1188 1189 1190 1191 1193 1195 1196 1197 1199]] [80 [1200 1201 1202 1203 1204 1205 1206 1207 1208 1209 1210 1211 1212 1213 1214]] [81 [1215 1216 1217 1218 1219 1220 1221 1222 1223 1224 1225 1226 1227 1228 1229]] [82 [1230 1231 1232 1233 1234 1235 1236 1237 1238 1239 1240 1241 1242 1243 1244]] [83 [1245 1246 1247 1248 1249 1250 1251 1252 1253 1254 1255 1256 1257 1258 1259]] [84 [1260 1261 1263 1264 1265 1266 1267 1268 1269 1270 1271 1272 1274]] [85 [1275 1276 1277 1278 1279 1280 1281 1282 1283 1284 1285 1286 1287 1288 1289]] [86 [1292 1293 1294 1295 1296 1297 1298 1299 1300 1301 1302 1303 1304]] [87 [1305 1306 1307 1308 1309 1310 1311 1312 1313 1314 1315 1316 1317 1318 1319]] [88 [1320 1321 1322 1323 1324 1325 1326 1327 1328 1329 1330 1331 1332 1333 1334]] [89 [1336 1337 1338 1339 1340 1341 1342 1343 1344 1345 1346 1347 1348 1349]] [90 [1350 1351 1352 1353 1354 1355 1356 1357 1358 1359 1361 1362 1363 1364]] [91 [1365 1366 1367 1368 1369 1370 1371 1372 1373 1374 1376 1377 1379]] [92 [1380 1381 1382 1383 1384 1385 1386 1387 1388 1389 1390 1391 1392 1393 1394]] [93 [1395 1396 1397 1398 1399 1400 1401 1403 1404 1405 1406 1407 1408 1409]] [94 [1410 1411 1412 1413 1414 1415 1416 1417 1418 1419 1420 1421 1422 1423 1424]] [95 [1425 1426 1427 1428 1429 1430 1431 1432 1433 1434 1435 1436 1437 1439]] [96 [1440 1441 1442 1443 1445 1446 1447 1448 1449 1450 1451 1452 1453 1454]] [97 [1455 1456 1457 1458 1459 1460 1461 1462 1463 1464 1465 1466 1467 1468 1469]] [98 [1471 1472 1473 1474 1475 1476 1477 1478 1479 1480 1481 1482 1484]] [99 [1485 1486 1487 1491 1492 1493 1495 1496 1497 1498 1499]]]","[[0 [0 3 4 6 7 8 11 12 13 14]] [1 [15 17 18 19 20 21 23 24 27 29]] [2 [30 32 33 34 35 36 37 39 44]] [3 [45 46 47 49 54 55 56 57 58 59]] [4 [61 62 63 64 65 66 67 71]] [5 [75 76 80]] [6 [100 104]] [7 [116 119]] [8 [124 125 129]] [9 [139 142 145 147 148 149]] [10 [153 154 155 158 161 163 164]] [11 [165 166 167 168 169 170 172 174 175 178]] [12 [181 183 185 186 187 189 190 192 193 194]] [13 [196 199 200 201 208]] [14 [212 215]] [15 [234 237]] [16 [241 242 251 254]] [17 [255 261 263 264 266 267]] [18 [271 273 275 276 277 279 281 282 283]] [19 [285 286 287 289 290 292 294 298 299]] [20 [300 302 304 305 307 308 310 311 312 313]] [21 [318 321 322 323 324 325 326 327 328 329]] [22 [331 332 335 337 338 339 340 341 342 343]] [23 [345 346 350 352 353 355 357 358 359]] [24 [360 361 363 365 366 367 368 369 370 372]] [25 [377 379 380 383 385 386 388]] [26 [390 391 392 394 395 396 398 399 400]] [27 [406 407 408 409 410 411 412 415 416 418]] [28 [421 424 425 426 427 428 432 434]] [29 [435 436 438 440 442 443 444 445 448 449]] [30 [450 453 455 456]] [31 [471 478]] [32 [486 490 492]] [33 [497 498 499 500 501 502 504 505 508 509]] [34 [511 512 513 514 515 516 517 518 519 520 523]] [35 [525 528 529 531 532 533 536 537 539]] [36 [541 543 544 545 546 549 550 554]] [37 [555 558 559 566 567 569]] [38 [570 571 574 575 578 580 582 583]] [39 [585 586 588 589 590 591 593 596 598 599]] [40 [600 602 604 605 606 608 610 613 614]] [41 [615 616 618 619 622 623 626 627 629]] [42 [631 632 633 634 635 638 640 641 642 644]] [43 [645 646 647 650 652 653 654 655 656 658]] [44 [660 661 662 663 664 666 667 669 670 671 672]] [45 [675 676 678 679 681 683 686 687 689]] [46 [691 694 695 696 697 702 703 704]] [47 [705 706 707 709 710 711 712 713 714 717 718]] [48 [720 721 722 723 724 727 730 732 733 734]] [49 [735 739 740 745 746 747 748 749]] [50 [753 754 755 756 757 760 761 762 763 764]] [51 [765 766 768 770 771 772 773 775 777 778]] [52 [780 781 782 783 784 786 787 790 792 793 794]] [53 [796 797 798 799 800 801 805 807 808 809]] [54 [811 813 815 816 817 818 819 820 822 824]] [55 [825 826 827 830 831 836]] [56 [842 845 848 849]] [57 [863 864 865 866]] [58 [871 872 873 875 876 877 878 879 880 881 884]] [59 [886 887 889 890 892 893 894 895 896 898]] [60 [900 901 904 905 907 910 911 912 913 914]] [61 [916 917 919 920 921 923 926 927 928]] [62 [931 934 935 936 939 940 941 942 943 944]] [63 [946 947 948 949 950 953 956 957 958 959]] [64 [960 962 963 965 966 967 970 971 972]] [65 [975 976 977 978 980 982 985 987 988]] [66 [991 992 993 994 995 996 997 998 1000 1002 1003]] [67 [1005 1007 1008 1009 1010 1011 1012 1013 1014 1015 1018]] [68 [1021 1022 1024 1025 1027 1028 1029 1032 1033 1034]] [69 [1035 1036 1037 1039 1040 1042 1043 1045 1047]] [70 [1050 1051 1054 1055 1056 1057 1060 1061 1063]] [71 [1066 1067 1068 1069 1072 1073 1074 1076 1077 1078]] [72 [1080 1081 1085 1086 1087 1090 1091 1092 1094]] [73 [1095 1096 1098 1101 1104 1105 1106 1107 1108 1109]] [74 [1110 1111 1116 1120 1121 1122]] [75 [1126 1127 1130 1132 1133 1136 1137]] [76 [1141 1142 1143 1144 1147 1148 1149 1150 1152]] [77 [1155 1156 1157 1158 1159 1163 1164 1167 1168]] [78 [1170 1171 1172 1174 1178 1179 1180 1181 1182 1183]] [79 [1185 1186 1187 1189 1190 1191 1193 1196 1197 1199]] [80 [1201 1203 1205 1206 1207 1209 1210 1212 1213 1214]] [81 [1215 1216 1220 1224 1226 1227 1228]] [82 [1230 1232 1234 1235 1239 1242 1243]] [83 [1246 1249 1251 1252 1253 1254 1255 1256 1258 1259]] [84 [1260 1261 1263 1264 1265 1267 1268 1270 1271 1272]] [85 [1276 1277 1278 1279 1282]] [86 [1298 1303 1304]] [87 [1307 1308 1311 1313 1314 1315 1316 1318 1319]] [88 [1321 1324 1325 1326 1328 1330 1332 1334]] [89 [1338 1340 1341 1342 1344 1345 1346 1347 1348 1349]] [90 [1351 1353 1354 1355 1358 1359 1362 1363 1364]] [91 [1365 1366 1367 1369 1370 1371]] [92 [1381 1382 1383]] [93 [1396 1399 1408 1409]] [94 [1410 1412 1413 1414 1416 1420 1421 1422 1423 1424]] [95 [1426 1428 1430 1431 1432 1434 1435 1436 1437 1439]] [96 [1440 1442 1447 1448 1449 1450 1451 1452 1454]] [97 [1455 1456 1457 1460 1461 1462 1465 1466 1467 1468 1469]] [98 [1471 1472 1473 1479 1480 1481 1482 1484]] [99 [1485 1486 1487 1491 1492 1493 1495 1496 1497 1498 1499]]]",,"[[{citizen 27} [[""A"" [1]]]] [{citizen 44} [[""A"" [1]]]] [{citizen 45} [[""A"" [2]]]] [{media 50} [[""A"" [4]]]] [{media 51} [[""A"" [1]]]] [{media 53} [[""A"" [1]]]] [{media 54} [[""A"" [5]]]] [{media 59} [[""A"" [4]]]] [{media 60} [[""A"" [0]]]] [{media 61} [[""A"" [1]]]] [{media 63} [[""A"" [0]]]] [{citizen 2} [[""A"" [1]]]] [{citizen 6} [[""A"" [1]]]] [{citizen 4} [[""A"" [1]]]] [{citizen 11} [[""A"" [1]]]] [{media 57} [[""A"" [6]]]] [{citizen 0} [[""A"" [1]]]] [{citizen 1} [[""A"" [1]]]] [{media 56} [[""A"" [1]]]] [{media 52} [[""A"" [2]]]] [{citizen 7} [[""A"" [1]]]] [{media 58} [[""A"" [2]]]] [{media 55} [[""A"" [1]]]] [{media 62} [[""A"" [3]]]] [{media 64} [[""A"" [2]]]] [{citizen 31} [[""A"" [3]]]] [{citizen 26} [[""A"" [3]]]] [{citizen 49} [[""A"" [1]]]] [{citizen 13} [[""A"" [1]]]] [{citizen 42} [[""A"" [1]]]] [{citizen 30} [[""A"" [0]]]] [{citizen 5} [[""A"" [1]]]] [{citizen 15} [[""A"" [1]]]] [{citizen 14} [[""A"" [0]]]] [{citizen 20} [[""A"" [1]]]] [{citizen 8} [[""A"" [3]]]] [{citizen 28} [[""A"" [1]]]] [{citizen 9} [[""A"" [1]]]] [{citizen 12} [[""A"" [3]]]] [{citizen 18} [[""A"" [1]]]] [{citizen 22} [[""A"" [1]]]] [{citizen 21} [[""A"" [1]]]] [{citizen 23} [[""A"" [1]]]] [{citizen 47} [[""A"" [3]]]] [{citizen 36} [[""A"" [1]]]] [{citizen 19} [[""A"" [2]]]] [{citizen 38} [[""A"" [1]]]] [{citizen 17} [[""A"" [3]]]] [{citizen 40} [[""A"" [0]]]] [{citizen 48} [[""A"" [1]]]] [{citizen 43} [[""A"" [1]]]] [{citizen 39} [[""A"" [0]]]] [{citizen 10} [[""A"" [3]]]] [{citizen 37} [[""A"" [0]]]] [{citizen 34} [[""A"" [1]]]] [{citizen 25} [[""A"" [1]]]] [{citizen 33} [[""A"" [0]]]] [{citizen 32} [[""A"" [1]]]] [{citizen 29} [[""A"" [1]]]] [{citizen 41} [[""A"" [1]]]] [{citizen 3} [[""A"" [1]]]] [{citizen 35} [[""A"" [2]]]] [{citizen 46} [[""A"" [1]]]] [{citizen 24} [[""A"" [1]]]]]"
"17","[213 0 42]","107.23404255319149","8.708234559629103","-2.938907534193349","""circle""","""""","9.9","{breed citizens}","false","0.5","1","""up""",,"[[""ID"" 4] [""alpha"" 1] [""beta"" 1] [""malleable"" [""A""]] [""prior"" []] [""cont_tokens"" []] [""A"" 1]]","[[0 [0 1 2 3 4 5 6 7 8 9 10 11 12 13 14]] [1 [15 17 18 19 20 21 22 23 24 27 29]] [2 [30 31 32 33 34 35 36 37 39 40 41 42 43 44]] [3 [45 46 47 48 49 50 51 52 53 54 55 56 57 58 59]] [4 [60 61 62 63 64 65 66 67 68 69 70 71 73 74]] [5 [75 76 77 78 79 80 81 82 83 84 85 86 87 88 89]] [6 [91 93 94 95 96 97 98 99 101 102 103]] [7 [105 106 108 110 111 112 113 114 115 117 118]] [8 [120 121 123 125 126 127 128 129 130 131 132 133 134]] [9 [135 136 137 138 139 140 141 142 143 144 145 146 147 148 149]] [10 [150 151 152 153 154 155 156 157 158 159 160 161 162 163 164]] [11 [165 166 167 168 169 170 171 172 173 174 175 176 178 179]] [12 [180 181 183 184 185 186 187 189 190 191 192 193 194]] [13 [195 196 197 198 199 200 201 202 203 204 205 207 208 209]] [14 [210 211 212 213 214 215 216 217 218 219 220 221 222 223 224]] [15 [225 226 227 228 229 230 231 232 233 235 236 238 239]] [16 [240 243 244 245 246 247 248 249 250 251 252 253 254]] [17 [255 256 257 258 259 260 261 262 263 264 265 266 267 268 269]] [18 [270 271 272 273 274 275 276 277 278 279 280 281 282 283 284]] [19 [285 286 287 288 289 290 291 292 293 294 295 296 298 299]] [20 [300 301 302 303 304 305 306 307 308 309 310 311 312 313 314]] [21 [315 317 318 319 320 321 322 323 324 325 326 327 328 329]] [22 [330 331 332 334 335 336 337 338 339 340 341 342 343 344]] [23 [345 346 347 349 350 351 352 353 354 355 356 357 358 359]] [24 [360 361 362 363 364 365 366 367 368 369 370 371 372 373 374]] [25 [375 376 377 378 379 380 381 382 383 384 385 386 388 389]] [26 [390 391 392 394 395 396 398 399 400 401 402 403 404]] [27 [405 406 407 408 409 410 411 412 413 414 415 416 417 418 419]] [28 [420 421 422 423 424 425 426 427 428 429 430 431 432 433 434]] [29 [435 436 437 438 439 440 441 442 443 444 445 446 447 448 449]] [30 [450 451 452 453 454 455 456 457 458 459 460 461 462 463 464]] [31 [465 466 467 468 469 470 471 472 473 474 475 476 477 478 479]] [32 [480 481 482 483 484 485 486 487 488 489 490 491 492 493 494]] [33 [497 498 499 500 501 502 503 504 505 506 507 508 509]] [34 [510 511 512 513 514 515 516 517 518 519 520 521 523 524]] [35 [525 527 528 529 531 532 533 536 537 538 539]] [36 [540 541 542 543 544 545 546 548 549 550 551 552 553 554]] [37 [555 556 557 558 559 560 561 562 563 564 565 566 567 568 569]] [38 [570 571 572 573 574 575 576 577 578 579 580 581 582 583 584]] [39 [585 586 587 588 589 590 591 592 593 594 595 596 598 599]] [40 [600 602 603 604 605 606 607 608 610 611 612 613 614]] [41 [615 616 617 618 619 620 621 622 623 624 625 626 627 628 629]] [42 [630 631 632 633 634 635 636 637 638 640 641 642 643 644]] [43 [645 646 647 648 649 650 651 652 653 654 655 656 657 658 659]] [44 [660 661 662 663 664 665 666 667 668 669 670 671 672 673]] [45 [675 676 677 678 679 680 681 682 683 684 685 686 687 688 689]] [46 [691 693 694 695 696 697 698 699 700 701 702 703 704]] [47 [705 706 707 708 709 710 711 712 713 714 716 717 718]] [48 [720 721 722 723 724 727 728 729 730 731 732 733 734]] [49 [735 736 737 738 739 740 741 742 743 744 745 746 747 748 749]] [50 [750 751 752 753 754 755 756 757 758 759 760 761 762 763 764]] [51 [765 766 767 768 770 771 772 773 774 775 777 778 779]] [52 [780 781 782 783 784 785 786 787 788 789 790 791 792 793 794]] [53 [795 796 797 798 799 800 801 802 803 804 805 806 807 808 809]] [54 [810 811 812 813 814 815 816 817 818 819 820 821 822 823 824]] [55 [825 826 827 828 829 830 831 832 833 834 835 836 837 838 839]] [56 [840 841 842 843 844 845 846 847 848 849 850 851 852 853 854]] [57 [855 856 857 858 859 860 861 862 863 864 865 866 868]] [58 [870 871 872 873 874 875 876 877 878 879 880 881 883 884]] [59 [885 886 887 889 890 892 893 894 895 896 897 898 899]] [60 [900 901 902 903 904 905 906 907 908 909 910 911 912 913 914]] [61 [915 916 917 919 920 921 922 923 924 925 926 927 928 929]] [62 [930 931 932 934 935 936 938 939 940 941 942 943 944]] [63 [945 946 947 948 949 950 953 956 957 958 959]] [64 [960 961 962 963 965 966 967 969 970 971 972]] [65 [975 976 977 978 979 980 982 985 987 988]] [66 [991 992 993 994 995 996 997 998 1000 1002 1003]] [67 [1005 1007 1008 1009 1010 1011 1012 1013 1014 1015 1018]] [68 [1021 1022 1024 1025 1026 1027 1028 1029 1032 1033 1034]] [69 [1035 1036 1037 1039 1040 1042 1043 1044 1045 1047 1048]] [70 [1050 1051 1052 1053 1054 1055 1056 1057 1058 1059 1060 1061 1063]] [71 [1065 1066 1067 1068 1069 1070 1071 1072 1073 1074 1075 1076 1077 1078 1079]] [72 [1080 1081 1082 1083 1084 1085 1086 1087 1088 1089 1090 1091 1092 1093 1094]] [73 [1095 1096 1097 1098 1099 1100 1101 1102 1103 1104 1105 1106 1107 1108 1109]] [74 [1110 1111 1112 1113 1114 1115 1116 1117 1118 1119 1120 1121 1122 1123 1124]] [75 [1125 1126 1127 1128 1130 1131 1132 1133 1134 1135 1136 1137 1138 1139]] [76 [1140 1141 1142 1143 1144 1145 1146 1147 1148 1149 1150 1151 1152 1153]] [77 [1155 1156 1157 1158 1159 1160 1161 1162 1163 1164 1165 1167 1168 1169]] [78 [1170 1171 1172 1173 1174 1175 1176 1177 1178 1179 1180 1181 1182 1183]] [79 [1185 1186 1187 1188 1189 1190 1191 1192 1193 1194 1195 1196 1197 1198 1199]] [80 [1200 1201 1202 1203 1204 1205 1206 1207 1208 1209 1210 1211 1212 1213 1214]] [81 [1215 1216 1218 1219 1220 1221 1222 1223 1224 1225 1226 1227 1228 1229]] [82 [1230 1231 1232 1233 1234 1235 1236 1237 1238 1239 1240 1241 1242 1243 1244]] [83 [1245 1246 1247 1248 1250 1251 1252 1253 1254 1255 1256 1257 1258 1259]] [84 [1260 1261 1262 1263 1264 1265 1266 1267 1268 1269 1270 1271 1272 1273 1274]] [85 [1275 1276 1277 1278 1279 1280 1281 1282 1283 1284 1285 1286 1287 1288 1289]] [86 [1290 1291 1292 1293 1294 1295 1296 1297 1298 1299 1300 1301 1302 1303 1304]] [87 [1305 1306 1307 1308 1311 1313 1314 1315 1316 1317 1318 1319]] [88 [1320 1321 1322 1323 1324 1325 1326 1327 1328 1329 1330 1331 1332 1333 1334]] [89 [1336 1338 1339 1340 1341 1342 1343 1344 1345 1346 1347 1348 1349]] [90 [1350 1351 1352 1353 1354 1355 1356 1357 1358 1359 1361 1362 1363 1364]] [91 [1365 1366 1367 1368 1369 1370 1371 1372 1373 1374 1376 1377 1379]] [92 [1380 1381 1382 1383 1384 1385 1386 1387 1388 1389 1390 1391 1392 1393 1394]] [93 [1395 1396 1397 1398 1399 1400 1401 1402 1403 1404 1405 1406 1407 1408 1409]] [94 [1410 1411 1412 1413 1414 1415 1416 1417 1418 1419 1420 1421 1422 1423 1424]] [95 [1425 1426 1427 1428 1429 1430 1431 1432 1433 1434 1435 1436 1437 1439]] [96 [1440 1441 1442 1443 1445 1446 1447 1448 1449 1450 1451 1452 1453 1454]] [97 [1455 1456 1457 1458 1459 1460 1461 1462 1463 1464 1465 1466 1467 1468 1469]] [98 [1471 1472 1473 1474 1475 1476 1477 1478 1479 1480 1481 1482 1484]] [99 [1485 1486 1487 1491 1492 1493 1495 1496 1497 1498 1499]]]","[[0 [1 2 9 10 11 12 13 14]] [1 [15 17 18 19 20 21 23 24 27 29]] [2 [30 32 33 34 35 36 37 42 44]] [3 [48 50 51 52 58]] [4 [60 63 64 65 68 70 73 74]] [5 [77 78 82 83 84 85 87 88 89]] [6 [91 94 95 96 97 98 99 101 102 103]] [7 [105 108 111 112 113 114 115 117 118]] [8 [120 121 126 127 128 130 131 132 133 134]] [9 [135 136 137 138 139 141 143 144 146 148]] [10 [150 151 152 154 155 158 161 163 164]] [11 [165 166 167 168 169 170 172 174 175 178 179]] [12 [180 184 185 186 187 189 190 191]] [13 [200 201 208]] [14 [211 213 214 216 218 221 222 223 224]] [15 [225 226 231 232 233 235 236 238 239]] [16 [240 243 244 245 246 248 249 250 251 253]] [17 [255 256 262 268]] [18 [270 272 274 277 278 279 281 282 283]] [19 [285 286 288 290 291 292 293 295]] [20 [300 302 303 305 307 308 310 311 312 313]] [21 [315 317 319 320 328 329]] [22 [330 332 335 336 339 340 341 342 343]] [23 [345 346 350 352 353 354 359]] [24 [360 363 365 366 367 368 371 374]] [25 [375 376 377 379 380 383 385 386 388]] [26 [390 391 392 394 395 396 398 399 400]] [27 [405 406 407 408 409 410 411 412 416 418]] [28 [420 423 424 425 426 427 428 429 430 431]] [29 [436 438 440 442 443 444 445 447 448 449]] [30 [451 452 454 455 463]] [31 [465 466 467 471 478]] [32 [486 489 490 492]] [33 [497 498 500 501 502 503 504 505 508]] [34 [511 512 513 514 515 516 517 518 519 520 523]] [35 [525 527 528 529 531 532 533 536 537 538]] [36 [540 541 543 544 545 546 549 550 552 553]] [37 [556 557 560 561 562 563 564 565 568 569]] [38 [570 571 574 575 578 580 582 583]] [39 [585 586 588 589 590 591 592 593 596 598 599]] [40 [600 602 603 606 608 610 612 613]] [41 [617 619 621 624 625 626 627 629]] [42 [631 632 633 634 635 636 637 640 641 642 644]] [43 [645 646 647 650 652 653 654 655 656 657 659]] [44 [661 662 663 664 666 667 669 670 671 672]] [45 [675 676 678 679 681 683 685 686 687 689]] [46 [691 695 696 697 702 703 704]] [47 [705 707 709 710 711 712 713 714 717 718]] [48 [720 721 722 724 727 730 732 733 734]] [49 [735 736 738 739 741 745 746 747 748 749]] [50 [753 754 755 756 757 758 759 764]] [51 [765 766 768 770 771 772 773 774 775 777]] [52 [780 781 782 783 784 786 787 788 790 792 793]] [53 [795 797 798 799 800 801 805 807 808]] [54 [810 812 814 820 822]] [55 [825 826 827 830 831 834 835 836 838 839]] [56 [840 841 843 847 850 851 852 853 854]] [57 [856 857 858 859 860 861 862 864 865 866]] [58 [871 872 873 875 876 877 878 879 880 881 884]] [59 [886 887 889 890 892 893 894 895 896 897 899]] [60 [903 906 908 909 913 914]] [61 [916 917 919 920 921 923 926 927 928]] [62 [931 934 936 939 940 941 942 943 944]] [63 [946 947 948 949 953 956 957 958 959]] [64 [960 962 963 965 966 967 969 970 971 972]] [65 [976 977 978 980 982 985 987 988]] [66 [991 992 993 994 995 996 997 998 1000 1002]] [67 [1005 1007 1008 1009 1010 1011 1012 1013 1014 1015 1018]] [68 [1021 1022 1024 1025 1027 1029 1032 1033 1034]] [69 [1035 1036 1037 1039 1040 1042 1043 1044 1047 1048]] [70 [1052 1053 1054 1055 1056 1057 1060 1061 1063]] [71 [1065 1070 1071 1075]] [72 [1082 1084 1087 1090 1091 1092 1094]] [73 [1095 1096 1098 1101 1103 1104 1105 1106 1107 1108 1109]] [74 [1110 1111 1115 1118 1119 1120 1121 1122]] [75 [1126 1127 1130 1132 1133 1134 1135 1136 1137 1138]] [76 [1140 1141 1142 1143 1144 1147 1148 1149 1150 1153]] [77 [1155 1156 1157 1158 1159 1163 1164 1167 1168]] [78 [1170 1171 1172 1175 1177]] [79 [1192 1194 1198 1199]] [80 [1201 1203 1205 1206 1207 1209 1210 1211]] [81 [1216 1220 1224 1225 1229]] [82 [1237 1240]] [83 [1248 1250 1257]] [84 [1260 1261 1263 1264 1265 1267 1268 1270 1271 1272 1274]] [85 [1281 1283 1284 1285 1286 1287 1288 1289]] [86 [1290 1291 1293 1294 1295 1297 1299 1300 1301]] [87 [1305 1306 1307 1308 1311 1314 1315 1316 1318 1319]] [88 [1321 1324 1325 1326 1328 1330 1332]] [89 [1336 1339 1340 1341 1342 1344 1345 1346 1347 1348 1349]] [90 [1350 1352 1353 1355 1357 1358 1359 1362 1363 1364]] [91 [1365 1366 1367 1369 1370 1371]] [92 [1381 1382 1383]] [93 [1395 1396 1399]] [94 [1411 1413 1414 1416 1419 1420 1421 1422 1423 1424]] [95 [1426 1428 1430 1431 1432 1434 1435 1436 1437 1439]] [96 [1441 1442 1445 1446 1447 1448 1449 1450 1451 1452 1454]] [97 [1455 1456 1457 1460 1461 1466 1467 1468]] [98 [1471 1472 1473 1476 1477 1478 1480 1481 1482 1484]] [99 [1485 1486 1487 1491 1492 1493 1495 1496 1497 1498 1499]]]",,"[[{citizen 20} [[""A"" [1]]]] [{citizen 29} [[""A"" [1]]]] [{citizen 40} [[""A"" [1]]]] [{citizen 46} [[""A"" [1]]]] [{citizen 49} [[""A"" [1]]]] [{media 50} [[""A"" [4]]]] [{media 52} [[""A"" [2]]]] [{media 54} [[""A"" [5]]]] [{media 55} [[""A"" [1]]]] [{media 56} [[""A"" [1]]]] [{media 57} [[""A"" [6]]]] [{media 58} [[""A"" [2]]]] [{media 60} [[""A"" [0]]]] [{media 62} [[""A"" [3]]]] [{media 63} [[""A"" [0]]]] [{media 64} [[""A"" [2]]]] [{media 59} [[""A"" [4]]]] [{citizen 2} [[""A"" [1]]]] [{citizen 7} [[""A"" [1]]]] [{citizen 11} [[""A"" [1]]]] [{media 51} [[""A"" [1]]]] [{citizen 13} [[""A"" [1]]]] [{media 53} [[""A"" [1]]]] [{citizen 5} [[""A"" [1]]]] [{media 61} [[""A"" [1]]]] [{citizen 1} [[""A"" [1]]]] [{citizen 31} [[""A"" [1]]]] [{citizen 26} [[""A"" [3]]]] [{citizen 42} [[""A"" [1]]]] [{citizen 30} [[""A"" [1]]]] [{citizen 15} [[""A"" [1]]]] [{citizen 14} [[""A"" [1]]]] [{citizen 8} [[""A"" [1]]]] [{citizen 28} [[""A"" [1]]]] [{citizen 6} [[""A"" [1]]]] [{citizen 0} [[""A"" [1]]]] [{citizen 9} [[""A"" [1]]]] [{citizen 12} [[""A"" [1]]]] [{citizen 18} [[""A"" [1]]]] [{citizen 22} [[""A"" [1]]]] [{citizen 21} [[""A"" [1]]]] [{citizen 44} [[""A"" [1]]]] [{citizen 16} [[""A"" [1]]]] [{citizen 45} [[""A"" [2]]]] [{citizen 39} [[""A"" [0]]]] [{citizen 19} [[""A"" [1]]]] [{citizen 48} [[""A"" [1]]]] [{citizen 23} [[""A"" [1]]]] [{citizen 47} [[""A"" [1]]]] [{citizen 36} [[""A"" [1]]]] [{citizen 38} [[""A"" [1]]]] [{citizen 34} [[""A"" [1]]]] [{citizen 25} [[""A"" [1]]]] [{citizen 33} [[""A"" [1]]]] [{citizen 37} [[""A"" [1]]]] [{citizen 43} [[""A"" [1]]]] [{citizen 10} [[""A"" [3]]]] [{citizen 32} [[""A"" [1]]]] [{citizen 27} [[""A"" [1]]]] [{citizen 4} [[""A"" [1]]]] [{citizen 41} [[""A"" [1]]]] [{citizen 3} [[""A"" [1]]]] [{citizen 35} [[""A"" [2]]]] [{citizen 24} [[""A"" [1]]]]]"
"18","[213 0 42]","28.281505728314237","4.367503961016343","8.471042739852969","""circle""","""""","9.9","{breed citizens}","false","0.5","1","""up""",,"[[""ID"" 28] [""alpha"" 1] [""beta"" 1] [""malleable"" [""A""]] [""prior"" []] [""cont_tokens"" []] [""A"" 1]]","[[0 [0 1 2 3 4 5 6 7 9 10 11 12 13 14]] [1 [15 17 18 19 20 21 22 23 24 25 26 27 28 29]] [2 [30 31 32 33 34 35 36 37 39 40 41 42 43 44]] [3 [45 46 47 48 49 50 51 52 53 54 55 56 57 58 59]] [4 [60 61 62 63 64 65 66 67 68 69 70 71 73 74]] [5 [75 76 77 78 79 80 81 82 83 84 85 86 87 88 89]] [6 [91 93 94 95 96 97 98 99 101 102 103]] [7 [105 106 108 110 111 112 113 114 115 117 118]] [8 [120 121 123 125 126 127 128 129 130 131 132 133 134]] [9 [135 136 137 138 139 140 141 142 143 144 145 146 147 148 149]] [10 [150 151 152 153 154 155 157 158 159 160 161 162 163 164]] [11 [165 166 167 168 169 170 171 172 173 174 175 176 178 179]] [12 [180 181 183 184 185 186 187 188 189 190 191 192 193 194]] [13 [195 196 197 198 199 200 201 202 203 204 205 207 208 209]] [14 [210 211 212 213 214 215 216 217 218 219 220 221 222 223 224]] [15 [225 226 229 230 231 232 233 235 236 238 239]] [16 [240 243 244 245 246 247 248 249 250 251 252 253 254]] [17 [255 256 257 258 259 260 261 262 263 264 265 266 267 268 269]] [18 [270 271 272 273 274 275 276 277 278 279 280 281 282 283 284]] [19 [285 286 287 288 289 290 291 292 293 294 295 298 299]] [20 [300 302 303 304 305 307 308 309 310 311 312 313 314]] [21 [315 317 318 319 320 321 322 323 324 325 326 327 328 329]] [22 [330 331 332 333 334 335 336 337 338 339 340 341 342 343 344]] [23 [345 346 347 348 349 350 351 352 353 354 355 356 357 358 359]] [24 [360 361 362 363 364 365 366 367 368 369 370 371 372 373 374]] [25 [375 376 377 378 379 380 381 382 383 384 385 386 387 388 389]] [26 [390 391 392 394 395 396 398 399 400 401 402 403 404]] [27 [405 406 407 408 409 410 411 412 413 414 415 416 417 418 419]] [28 [420 421 422 423 424 425 426 427 428 429 430 431 432 433 434]] [29 [435 436 437 438 439 440 441 442 443 444 445 446 447 448 449]] [30 [450 451 452 453 454 455 456 457 458 459 460 461 462 463 464]] [31 [465 466 467 468 469 470 471 472 473 474 475 476 477 478 479]] [32 [480 481 482 483 484 485 486 487 488 489 490 491 492 493 494]] [33 [495 496 497 499 500 501 502 503 504 505 506 507 508 509]] [34 [510 511 512 513 514 515 516 517 518 519 520 523]] [35 [525 527 528 529 531 532 533 536 537 538 539]] [36 [540 541 542 543 544 545 546 548 549 550 551 552 553 554]] [37 [555 556 557 558 559 560 561 562 563 564 565 566 567 568 569]] [38 [570 571 572 573 574 575 576 577 578 579 580 581 582 583 584]] [39 [585 586 587 588 589 590 591 592 593 594 595 596 598 599]] [40 [600 602 603 604 605 606 607 608 610 611 612 613 614]] [41 [615 616 617 618 619 620 621 622 623 624 625 626 627 628 629]] [42 [630 631 632 633 634 635 636 637 638 639 640 641 642 643 644]] [43 [645 646 647 648 649 650 651 652 653 654 655 656 657 658 659]] [44 [660 661 662 663 664 665 666 667 668 669 670 671 672 673]] [45 [675 676 677 678 679 680 681 682 683 684 685 686 687 689]] [46 [690 691 692 693 694 695 696 697 698 699 700 701 702 703 704]] [47 [705 706 707 708 709 710 711 712 713 714 716 717 718]] [48 [720 721 722 723 724 727 728 729 730 731 732 733 734]] [49 [735 736 737 738 739 740 741 742 743 744 745 746 747 748 749]] [50 [750 751 752 753 754 755 756 757 758 759 760 761 762 763 764]] [51 [765 766 767 768 770 771 772 773 774 775 777 778 779]] [52 [780 781 782 783 784 785 786 787 788 789 790 791 792 793 794]] [53 [795 796 797 798 799 800 801 802 803 804 805 806 807 808 809]] [54 [810 811 812 813 814 815 816 817 818 819 820 821 822 823 824]] [55 [825 826 827 828 829 830 831 832 833 834 835 836 837 838 839]] [56 [840 841 842 843 844 845 846 847 848 849 850 851 852 853 854]] [57 [855 856 857 858 859 860 861 862 863 864 865 866 868]] [58 [870 871 872 873 874 875 876 877 878 879 880 881 883 884]] [59 [885 886 887 889 890 892 893 894 895 896 897 898 899]] [60 [900 901 902 903 904 905 906 907 908 909 910 911 912 913 914]] [61 [915 916 917 919 920 921 922 923 924 925 926 927 928 929]] [62 [930 931 932 934 935 936 938 939 940 941 942 943 944]] [63 [945 946 947 948 949 950 953 956 957 958 959]] [64 [960 961 962 963 965 966 967 969 970 971 972]] [65 [975 976 977 978 979 980 982 985 987 988]] [66 [991 992 993 994 995 996 997 998 1000 1002 1003]] [67 [1005 1006 1007 1008 1009 1010 1011 1012 1013 1014 1015 1017 1018]] [68 [1021 1022 1024 1025 1026 1027 1028 1029 1032 1033 1034]] [69 [1035 1036 1037 1039 1040 1042 1043 1044 1045 1047 1048]] [70 [1050 1051 1052 1053 1054 1055 1056 1057 1058 1059 1060 1061 1063]] [71 [1065 1066 1067 1068 1069 1070 1071 1072 1073 1074 1075 1076 1077 1078 1079]] [72 [1080 1081 1082 1083 1084 1085 1086 1087 1088 1089 1090 1091 1092 1093 1094]] [73 [1095 1096 1097 1098 1099 1100 1101 1102 1103 1104 1105 1106 1107 1108 1109]] [74 [1110 1111 1112 1113 1114 1115 1116 1117 1118 1119 1120 1121 1122 1123 1124]] [75 [1125 1126 1127 1128 1130 1131 1132 1133 1134 1135 1136 1137 1138 1139]] [76 [1140 1141 1142 1143 1144 1145 1146 1147 1148 1149 1150 1151 1152 1153]] [77 [1155 1156 1157 1158 1159 1160 1161 1162 1163 1164 1165 1167 1168 1169]] [78 [1170 1171 1172 1173 1174 1175 1176 1177 1178 1179 1180 1181 1182 1183]] [79 [1185 1186 1187 1188 1189 1190 1191 1193 1195 1196 1197 1199]] [80 [1200 1201 1202 1203 1204 1205 1206 1207 1208 1209 1210 1211 1212 1213 1214]] [81 [1215 1216 1217 1218 1219 1220 1221 1222 1223 1224 1225 1226 1227 1228 1229]] [82 [1230 1231 1232 1233 1234 1235 1236 1237 1238 1239 1240 1241 1242 1243 1244]] [83 [1245 1246 1247 1248 1249 1250 1251 1252 1253 1254 1255 1256 1257 1258 1259]] [84 [1260 1261 1262 1263 1264 1265 1266 1267 1268 1269 1270 1271 1272 1274]] [85 [1275 1276 1277 1278 1279 1280 1281 1282 1283 1284 1285 1286 1287 1288 1289]] [86 [1292 1293 1294 1295 1296 1297 1298 1299 1300 1301 1302 1303 1304]] [87 [1305 1306 1307 1308 1309 1310 1311 1312 1313 1314 1315 1316 1317 1318 1319]] [88 [1320 1321 1322 1323 1324 1325 1326 1327 1328 1329 1330 1331 1332 1333 1334]] [89 [1335 1336 1337 1338 1339 1340 1341 1342 1343 1344 1345 1346 1347 1348 1349]] [90 [1350 1351 1352 1353 1354 1355 1356 1357 1358 1359 1361 1362 1363 1364]] [91 [1365 1366 1367 1368 1369 1370 1371 1372 1373 1374 1376 1377 1379]] [92 [1380 1381 1382 1383 1384 1385 1386 1387 1388 1389 1390 1391 1392 1393 1394]] [93 [1395 1396 1397 1398 1399 1400 1401 1402 1403 1404 1405 1406 1407 1408 1409]] [94 [1410 1411 1412 1413 1414 1415 1416 1417 1418 1419 1420 1421 1422 1423 1424]] [95 [1425 1426 1427 1428 1429 1430 1431 1432 1433 1434 1435 1436 1437 1439]] [96 [1440 1441 1442 1443 1445 1446 1447 1448 1449 1450 1451 1452 1453 1454]] [97 [1455 1456 1457 1458 1459 1460 1461 1462 1463 1464 1465 1466 1467 1468 1469]] [98 [1470 1471 1472 1473 1474 1475 1476 1477 1478 1479 1480 1481 1482 1483 1484]] [99 [1485 1486 1487 1491 1492 1493 1495 1496 1497 1498 1499]]]","[[0 [1 2 9 10]] [1 [15 17 18 19 21 23 24 27 29]] [2 [30 32 33 34 35 36 37 40 41 42 43]] [3 [46 47 49 51 52 58 59]] [4 [61 64 65 66 68 70 73 74]] [5 [77 78 82 83 84 85 87 88 89]] [6 [91 94 95 96 97 98 99 101 102 103]] [7 [105 106 108 111 112 113 114 115 117 118]] [8 [120 121 123 125 129]] [9 [139 141 143 144 146 148 149]] [10 [153 155 157 158 161 163]] [11 [165 166 167 168 169 170 172 174 176 178]] [12 [180 183 185 186 187 189 190 191]] [13 [195 200 201 205 207 209]] [14 [210 211 213 214 217 219 220 223 224]] [15 [225 226 231 232 233 235 236 238 239]] [16 [240 243 244 245 246 249 250 251 253 254]] [17 [255 259 260 261 263 264 266 267 269]] [18 [270 272 273 275 276 277 279 281 282 283]] [19 [285 286 287 289 290 291 292 294 298 299]] [20 [300 302 304 305 307 308 310 311 312 313]] [21 [318 321 322 323 324 325 326 327 328]] [22 [330 332 335 337 338 339 340 341 342 343]] [23 [345 346 350 352 353 355 358 359]] [24 [360 361 363 365 366 367 368 369 370 372]] [25 [377 379 380 383 385 386 388]] [26 [390 391 392 394 395 396 398 399 400 404]] [27 [405 406 407 408 409 410 411 412 415 416]] [28 [421 425 426 427 428 429 430 431 433]] [29 [437 439 441 446]] [30 [450 451 452 454 457 458 459 460 461 462]] [31 [466 467 468 469 470 472 473 474 475 476 477 479]] [32 [480 481 482 483 484 487 488 491 493 494]] [33 [495 496 499 500 501 502 504 505 508 509]] [34 [512 513 514 515 517 518 519 520 523]] [35 [525 528 529 531 532 533 536 537 539]] [36 [540 541 543 544 545 546 550 553]] [37 [556 559 564 565 567 568 569]] [38 [570 571 574 575 578 580 581 582 583]] [39 [585 586 588 589 590 591 592 593 596 598 599]] [40 [600 602 604 605 606 608 610 612 613]] [41 [617 622 623 628]] [42 [630 631 632 633 634 635 638 640 641 642 643]] [43 [648 649 651 657 659]] [44 [660 662 663 664 666 667 669 670 671 672]] [45 [675 676 678 679 681 683 686 687 689]] [46 [691 694 695 696 697 702 703 704]] [47 [705 706 707 708 709 710 711 712 713 714 717 718]] [48 [720 721 722 723 728 729 730 732 733 734]] [49 [735 739 740 741 745 746 747 748 749]] [50 [753 754 755 756 757 760 761 762 764]] [51 [765 766 768 770 771 773 775 777]] [52 [780 781 782 783 784 786 787 790 792 793 794]] [53 [796 797 798 799 800 801 805 807 808]] [54 [810 812 814 820 821 823]] [55 [828 829 831 834 835 836]] [56 [842 844 845 846 847 850 851 852 853 854]] [57 [856 857 859 861 862 864 865 866]] [58 [871 872 873 875 876 877 878 879 880 881 884]] [59 [886 887 889 890 892 894 895 898 899]] [60 [903 906 908 909 911 912 913 914]] [61 [916 917 919 920 921 923 926 927 928]] [62 [931 934 935 936 939 940 941 942 943 944]] [63 [946 947 948 949 950 953 956 957 958 959]] [64 [960 963 965 966 967 969 970 971 972]] [65 [975 976 977 978 980 982 985 987 988]] [66 [991 992 993 994 995 996 997 998 1000 1002 1003]] [67 [1005 1007 1008 1009 1010 1012 1013 1014 1015 1018]] [68 [1021 1022 1024 1025 1027 1029 1032 1033 1034]] [69 [1035 1036 1037 1039 1040 1042 1043 1045 1047]] [70 [1050 1051 1053 1054 1055 1056 1057 1058 1060 1061 1063]] [71 [1065 1070 1071 1075 1078]] [72 [1080 1081 1083 1086 1087 1093]] [73 [1097 1099 1100 1102]] [74 [1116 1117 1123 1124]] [75 [1125 1128 1132 1133 1134 1135 1136 1137 1138]] [76 [1140 1141 1142 1143 1144 1145 1146 1151 1152]] [77 [1155 1156 1157 1158 1159 1163 1164 1165 1167 1168]] [78 [1170 1171 1172 1174 1176 1178 1179 1180 1181 1183]] [79 [1185 1188 1189 1190 1191 1193 1196 1197]] [80 [1200 1202 1204 1206 1207 1209 1210 1211]] [81 [1216 1220 1224 1227 1228]] [82 [1230 1232 1234 1235 1236 1238 1239 1241 1242 1243]] [83 [1246 1247 1251 1252 1253 1254 1255 1256 1258 1259]] [84 [1260 1261 1263 1264 1266 1267 1268 1270 1272 1274]] [85 [1276 1277 1278 1279 1282]] [86 [1298 1303 1304]] [87 [1309 1310 1312 1313 1314 1315 1316 1318 1319]] [88 [1321 1324 1325 1326 1327 1328 1330 1332 1333 1334]] [89 [1336 1339 1340 1341 1342 1344 1345 1346 1347 1348 1349]] [90 [1351 1353 1354 1355 1357 1358 1359 1362 1363 1364]] [91 [1365 1366 1367 1369 1370 1372 1373 1374 1376 1379]] [92 [1380 1384 1385 1386 1387 1388 1389 1390 1392]] [93 [1397 1398 1400 1401 1405 1406 1407 1408]] [94 [1411 1413 1414 1416 1417 1421 1422 1423 1424]] [95 [1426 1429 1430 1431 1432 1434 1435 1436 1437]] [96 [1440 1442 1447 1448 1450 1451 1452 1454]] [97 [1455 1456 1457 1460 1461 1462 1464 1465]] [98 [1472 1473 1476 1478 1480 1481 1482 1484]] [99 [1485 1487 1491 1492 1493 1495 1496 1497 1498 1499]]]",,"[[{citizen 21} [[""A"" [1]]]] [{citizen 28} [[""A"" [1]]]] [{citizen 49} [[""A"" [1]]]] [{media 50} [[""A"" [4]]]] [{media 52} [[""A"" [2]]]] [{media 54} [[""A"" [5]]]] [{media 55} [[""A"" [1]]]] [{media 56} [[""A"" [1]]]] [{media 57} [[""A"" [6]]]] [{media 58} [[""A"" [2]]]] [{media 60} [[""A"" [0]]]] [{media 62} [[""A"" [3]]]] [{media 64} [[""A"" [2]]]] [{citizen 8} [[""A"" [1]]]] [{media 59} [[""A"" [4]]]] [{citizen 2} [[""A"" [1]]]] [{citizen 7} [[""A"" [1]]]] [{citizen 11} [[""A"" [1]]]] [{citizen 6} [[""A"" [1]]]] [{media 53} [[""A"" [1]]]] [{citizen 1} [[""A"" [1]]]] [{media 63} [[""A"" [0]]]] [{media 61} [[""A"" [1]]]] [{citizen 31} [[""A"" [1]]]] [{citizen 26} [[""A"" [2]]]] [{citizen 13} [[""A"" [1]]]] [{citizen 42} [[""A"" [1]]]] [{citizen 30} [[""A"" [1]]]] [{citizen 5} [[""A"" [1]]]] [{citizen 15} [[""A"" [1]]]] [{citizen 14} [[""A"" [1]]]] [{citizen 20} [[""A"" [1]]]] [{citizen 0} [[""A"" [1]]]] [{citizen 9} [[""A"" [1]]]] [{citizen 12} [[""A"" [1]]]] [{citizen 45} [[""A"" [2]]]] [{citizen 23} [[""A"" [1]]]] [{citizen 47} [[""A"" [1]]]] [{citizen 36} [[""A"" [1]]]] [{citizen 19} [[""A"" [1]]]] [{citizen 38} [[""A"" [1]]]] [{citizen 17} [[""A"" [1]]]] [{citizen 40} [[""A"" [1]]]] [{citizen 48} [[""A"" [1]]]] [{citizen 43} [[""A"" [1]]]] [{citizen 39} [[""A"" [1]]]] [{citizen 10} [[""A"" [1]]]] [{citizen 27} [[""A"" [1]]]] [{citizen 37} [[""A"" [0]]]] [{citizen 22} [[""A"" [1]]]] [{citizen 34} [[""A"" [1]]]] [{citizen 25} [[""A"" [1]]]] [{citizen 44} [[""A"" [1]]]] [{citizen 33} [[""A"" [1]]]] [{citizen 32} [[""A"" [1]]]] [{citizen 4} [[""A"" [1]]]] [{citizen 29} [[""A"" [1]]]] [{citizen 16} [[""A"" [1]]]] [{media 51} [[""A"" [1]]]] [{citizen 41} [[""A"" [1]]]] [{citizen 3} [[""A"" [1]]]] [{citizen 35} [[""A"" [2]]]] [{citizen 46} [[""A"" [1]]]] [{citizen 24} [[""A"" [1]]]]]"
"19","[213 0 42]","38.88707037643208","6.043053278990143","7.0060402190642606","""circle""","""""","9.9","{breed citizens}","false","0.5","1","""up""",,"[[""ID"" 8] [""alpha"" 1] [""beta"" 1] [""malleable"" [""A""]] [""prior"" []] [""cont_tokens"" []] [""A"" 1]]","[[0 [0 1 2 3 4 5 6 7 9 10 11 12 13 14]] [1 [15 17 18 19 20 21 22 23 24 27 29]] [2 [30 31 32 33 34 35 36 37 39 40 41 42 43 44]] [3 [45 46 47 48 49 50 51 52 53 54 55 56 57 58 59]] [4 [60 61 62 63 64 65 66 67 68 69 70 71 73 74]] [5 [75 76 77 78 79 80 81 82 83 84 85 86 87 88 89]] [6 [91 93 94 95 96 97 98 99 101 102 103]] [7 [105 106 108 110 111 112 113 114 115 117 118]] [8 [120 121 123 125 126 127 128 129 130 131 132 133 134]] [9 [135 136 137 138 139 140 141 142 143 144 145 146 147 148 149]] [10 [150 151 152 153 154 155 157 158 159 160 161 162 163 164]] [11 [165 166 167 168 169 170 171 172 173 174 175 176 177 178 179]] [12 [180 181 183 184 185 186 187 188 189 190 191 192 193 194]] [13 [195 196 197 198 199 200 201 202 203 204 205 207 208 209]] [14 [210 211 212 213 214 215 216 217 218 219 220 221 222 223 224]] [15 [225 226 227 228 229 230 231 232 233 235 236 238 239]] [16 [240 241 242 243 244 245 246 247 248 249 250 251 252 253 254]] [17 [255 256 257 258 259 260 261 262 263 264 265 266 267 268 269]] [18 [270 271 272 273 274 275 276 277 278 279 280 281 282 283 284]] [19 [285 286 287 288 289 290 291 292 293 294 295 296 297 298 299]] [20 [300 301 302 303 304 305 306 307 308 309 310 311 312 313 314]] [21 [315 317 318 319 320 321 322 323 324 325 326 327 328 329]] [22 [330 331 332 334 335 336 337 338 339 340 341 342 343 344]] [23 [345 346 347 349 350 351 352 353 354 355 356 357 358 359]] [24 [360 361 362 363 364 365 366 367 368 369 370 371 372 373 374]] [25 [375 376 377 378 379 380 381 382 383 384 385 386 388 389]] [26 [390 391 392 394 395 396 398 399 400 401 402 403 404]] [27 [405 406 407 408 409 410 411 412 413 414 415 416 417 418 419]] [28 [420 421 422 423 424 425 426 427 428 429 430 431 432 433 434]] [29 [435 436 437 438 439 440 441 442 443 444 445 446 447 448 449]] [30 [450 451 452 453 454 455 456 457 458 459 460 461 462 463]] [31 [465 466 467 468 469 470 471 472 473 474 475 476 477 478 479]] [32 [480 481 482 483 484 485 486 487 488 489 490 491 492 493 494]] [33 [495 496 497 499 500 501 502 503 504 505 506 507 508 509]] [34 [511 512 513 514 515 516 517 518 519 520 523]] [35 [525 527 528 529 531 532 533 536 537 538 539]] [36 [540 541 542 543 544 545 546 548 549 550 551 552 553 554]] [37 [555 556 557 558 559 560 561 562 563 564 565 566 567 568 569]] [38 [570 571 573 574 575 577 578 579 580 581 582 583 584]] [39 [585 586 587 588 589 590 591 592 593 594 595 596 598 599]] [40 [600 602 603 604 605 606 607 608 610 611 612 613 614]] [41 [615 616 617 618 619 621 622 623 624 625 626 627 628 629]] [42 [630 631 632 633 634 635 636 637 638 640 641 642 643 644]] [43 [645 646 647 648 649 650 651 652 653 654 655 656 657 658 659]] [44 [660 661 662 663 664 665 666 667 668 669 670 671 672 673]] [45 [675 676 678 679 681 683 684 685 686 687 689]] [46 [691 693 694 695 696 697 698 699 700 701 702 703 704]] [47 [705 706 707 708 709 710 711 712 713 714 716 717 718]] [48 [720 721 722 723 724 727 728 729 730 731 732 733 734]] [49 [735 736 737 738 739 740 741 742 743 744 745 746 747 748 749]] [50 [752 753 754 755 756 757 758 759 760 761 762 763 764]] [51 [765 766 767 768 770 771 772 773 774 775 777 778 779]] [52 [780 781 782 783 784 785 786 787 788 789 790 791 792 793 794]] [53 [795 796 797 798 799 800 801 802 803 804 805 806 807 808 809]] [54 [810 811 812 813 814 815 816 817 818 819 820 821 822 823 824]] [55 [825 826 827 830 831 832 833 834 835 836 837 838 839]] [56 [840 841 842 843 844 845 846 847 848 849 850 851 852 853 854]] [57 [855 856 857 858 859 860 861 862 863 864 865 866 868]] [58 [870 871 872 873 874 875 876 877 878 879 880 881 883 884]] [59 [885 886 887 889 890 892 893 894 895 896 897 898 899]] [60 [900 901 902 903 904 905 906 907 908 909 910 911 912 913 914]] [61 [915 916 917 919 920 921 922 923 924 925 926 927 928 929]] [62 [930 931 932 934 935 936 938 939 940 941 942 943 944]] [63 [945 946 947 948 949 950 953 956 957 958 959]] [64 [960 961 962 963 965 966 967 969 970 971 972]] [65 [975 976 977 978 979 980 982 985 987 988]] [66 [991 992 993 994 995 996 997 998 1000 1002 1003]] [67 [1005 1006 1007 1008 1009 1010 1011 1012 1013 1014 1015 1017 1018]] [68 [1021 1022 1024 1025 1026 1027 1028 1029 1032 1033 1034]] [69 [1035 1036 1037 1039 1040 1042 1043 1044 1045 1047 1048]] [70 [1050 1051 1052 1053 1054 1055 1056 1057 1058 1059 1060 1061 1063]] [71 [1065 1066 1067 1068 1069 1070 1071 1072 1073 1074 1075 1076 1077 1078 1079]] [72 [1080 1081 1082 1083 1084 1085 1086 1087 1088 1089 1090 1091 1092 1093 1094]] [73 [1095 1096 1097 1098 1099 1100 1101 1102 1103 1104 1105 1106 1107 1108 1109]] [74 [1110 1111 1112 1113 1114 1115 1116 1117 1118 1119 1120 1121 1122 1123 1124]] [75 [1125 1126 1127 1128 1130 1131 1132 1133 1134 1135 1136 1137 1138 1139]] [76 [1140 1141 1142 1143 1144 1145 1146 1147 1148 1149 1150 1151 1152 1153 1154]] [77 [1155 1156 1157 1158 1159 1160 1161 1162 1163 1164 1165 1167 1168 1169]] [78 [1170 1171 1172 1173 1174 1175 1176 1177 1178 1179 1180 1181 1182 1183 1184]] [79 [1185 1186 1187 1188 1189 1190 1191 1193 1195 1196 1197 1199]] [80 [1200 1201 1202 1203 1204 1205 1206 1207 1208 1209 1210 1211 1212 1213 1214]] [81 [1215 1216 1217 1218 1219 1220 1221 1222 1223 1224 1225 1226 1227 1228 1229]] [82 [1230 1231 1232 1233 1234 1235 1236 1237 1238 1239 1240 1241 1242 1243 1244]] [83 [1245 1246 1247 1248 1249 1250 1251 1252 1253 1254 1255 1256 1257 1258 1259]] [84 [1260 1261 1262 1263 1264 1265 1266 1267 1268 1269 1270 1271 1272 1273 1274]] [85 [1275 1276 1277 1278 1279 1280 1281 1282 1283 1284 1285 1286 1287 1288 1289]] [86 [1290 1291 1292 1293 1294 1295 1296 1297 1299 1300 1301 1302]] [87 [1305 1306 1307 1308 1309 1310 1311 1312 1313 1314 1315 1316 1317 1318 1319]] [88 [1320 1321 1322 1323 1324 1325 1326 1327 1328 1329 1330 1331 1332 1333 1334]] [89 [1336 1337 1338 1339 1340 1341 1342 1343 1344 1345 1346 1347 1348 1349]] [90 [1350 1351 1352 1353 1354 1355 1356 1357 1358 1359 1361 1362 1363 1364]] [91 [1365 1366 1367 1368 1369 1370 1371 1372 1373 1374 1376 1377 1379]] [92 [1380 1381 1382 1383 1384 1385 1386 1387 1388 1389 1390 1391 1392 1393 1394]] [93 [1395 1396 1397 1398 1399 1400 1401 1402 1403 1404 1405 1406 1407 1408 1409]] [94 [1410 1411 1412 1413 1414 1415 1416 1417 1418 1419 1420 1421 1422 1423 1424]] [95 [1425 1426 1427 1428 1429 1430 1431 1432 1433 1434 1435 1436 1437 1439]] [96 [1440 1441 1442 1443 1445 1446 1447 1448 1449 1450 1451 1452 1453 1454]] [97 [1455 1456 1457 1458 1459 1460 1461 1462 1463 1464 1465 1466 1467 1468 1469]] [98 [1471 1472 1473 1474 1475 1476 1477 1478 1479 1480 1481 1482 1484]] [99 [1485 1486 1487 1491 1492 1493 1495 1496 1497 1498 1499]]]","[[0 [0 3 4 6 7 10 11 12 13 14]] [1 [15 17 18 20 21 23 24 27 29]] [2 [30 32 34 35 36 37 39 44]] [3 [49 54 55 56 57 59]] [4 [61 62 63 65 66 68 69 70 73 74]] [5 [77 78 82 83 84 85 87 88 89]] [6 [91 94 95 96 97 98 99 101 102 103]] [7 [105 106 108 111 112 113 114 115 117 118]] [8 [120 121 123 125 128 131 132 133 134]] [9 [135 136 137 138 139 141 143 144 146 148 149]] [10 [153 155 158 161 162]] [11 [165 166 167 168 169 170 172 174 175 176 178]] [12 [181 183 185 186 189 190 191]] [13 [195 200 201 205 207 209]] [14 [210 211 213 214 216 218 221 222 223 224]] [15 [225 226 230 231 232 233 235 236 238 239]] [16 [240 243 244 245 246 248 249 250 251 254]] [17 [255 256 262 265 268 269]] [18 [271 273 275 276 277 278 279 281 282 283]] [19 [285 286 287 289 290 291 292 294 298 299]] [20 [300 302 304 305 307 308 310 311 312 313]] [21 [318 321 322 323 324 325 326 327 328 329]] [22 [330 332 335 337 338 339 340 341 342 343]] [23 [345 346 350 351 353 355 356 357 358 359]] [24 [360 361 363 365 366 367 368 369 370 371 374]] [25 [375 376 377 379 380 383 385 386 388]] [26 [390 391 392 394 395 396 398 399 400]] [27 [405 406 407 408 409 410 413 414 417 419]] [28 [420 422 423 424 425 426 427 428 429 430 431 433]] [29 [437 441 446]] [30 [450 451 452 454 457 458 459 461 462]] [31 [468 469 470 472 473 474 475 476 477 479]] [32 [480 481 482 483 484 485 487 488 491 493 494]] [33 [495 496 499 500 501 502 503 504 505 508 509]] [34 [512 513 514 515 516 517 518 519 520 523]] [35 [525 527 528 529 531 532 533 536 537 538]] [36 [540 541 542 543 544 545 546 550 553 554]] [37 [555 558 559 562 563 564 565 568 569]] [38 [570 571 574 575 578 580 581 582 583 584]] [39 [586 588 589 590 591 592 593 596 598 599]] [40 [603 607 612 613 614]] [41 [615 616 618 619 621 624 625 626 627 629]] [42 [631 632 633 634 635 636 637 640 641 642 644]] [43 [645 646 647 650 652 653 654 655 656 658]] [44 [660 662 663 664 669 670 672]] [45 [675 676 678 679 681 683 687 689]] [46 [691 695 696 698 699 700 701 703 704]] [47 [705 707 708 709 710 711 712 713 714 717 718]] [48 [720 721 722 723 724 727 730 732 733 734]] [49 [735 740 745 746 747 748 749]] [50 [753 754 755 756 757 760 761 762 764]] [51 [765 766 768 770 771 772 773 774 775 777 779]] [52 [785 788 790 792 793]] [53 [795 796 797 798 799 800 801 805 807 808 809]] [54 [811 813 815 816 817 818 819 820 822]] [55 [825 826 827 830 831 835 836 838 839]] [56 [840 843 847 850 851 852 853 854]] [57 [855 856 857 858 859 861 862 865 866]] [58 [871 872 873 875 876 878 880 881 884]] [59 [886 887 889 890 892 893 894 895 896 897 899]] [60 [901 904 905 907 910 911 912 913 914]] [61 [916 917 919 920 921 923 926 927 928]] [62 [931 934 935 936 939 940 941 942 943 944]] [63 [946 947 948 949 950 953 956 957 959]] [64 [960 962 963 965 966 967 969 970 971 972]] [65 [976 977 978 979 982 985 987 988]] [66 [991 992 993 994 995 996 997 998 1000 1002 1003]] [67 [1005 1007 1008 1009 1010 1012 1013 1014 1015 1018]] [68 [1021 1022 1024 1025 1027 1029 1032 1033 1034]] [69 [1035 1036 1037 1039 1040 1042 1043 1044 1045 1047 1048]] [70 [1052 1053 1054 1055 1056 1057 1058 1060 1061 1063]] [71 [1065 1067 1068 1069 1072 1073 1074 1076 1077 1078]] [72 [1083 1084 1087 1090 1091 1092]] [73 [1095 1096 1098 1101 1104 1105 1106 1107 1108 1109]] [74 [1110 1111 1115 1116 1117 1123 1124]] [75 [1125 1128 1130 1132 1133 1134 1135 1136 1137 1139]] [76 [1141 1142 1143 1144 1147 1148 1149 1150 1152]] [77 [1155 1156 1157 1158 1159 1160 1161 1162 1164 1167 1168]] [78 [1173 1174 1178 1179 1180 1181 1182 1183]] [79 [1185 1189 1190 1191 1193 1195 1196 1197]] [80 [1200 1202 1204 1205 1206 1207 1209 1212 1213 1214]] [81 [1215 1217 1218 1219 1221 1222 1223 1224 1225 1229]] [82 [1231 1233 1234 1235 1237 1240]] [83 [1245 1248 1250 1257]] [84 [1262 1265 1267 1268 1270 1271 1272 1274]] [85 [1281 1283 1284 1285 1286 1287 1288 1289]] [86 [1290 1291 1292 1296 1299 1300 1301]] [87 [1305 1306 1307 1308 1311 1313 1314 1315 1316 1317]] [88 [1320 1321 1324 1325 1326 1328 1330 1332 1333 1334]] [89 [1336 1339 1340 1341 1342 1344 1345 1346 1347 1348 1349]] [90 [1351 1353 1354 1355 1357 1358 1359 1362 1363 1364]] [91 [1365 1368 1369 1370 1371 1376 1377 1379]] [92 [1380 1384 1385 1386 1387 1388 1389 1390 1392]] [93 [1397 1398 1400 1401 1402 1403 1404 1406 1407 1409]] [94 [1410 1412 1413 1414 1416 1417 1421 1422 1423 1424]] [95 [1426 1429 1432 1434 1435 1436 1437]] [96 [1440 1442 1445 1446 1447 1448 1450 1451 1452 1454]] [97 [1458 1459 1463 1464 1465 1467 1468]] [98 [1471 1472 1473 1476 1477 1478 1480 1481 1482 1484]] [99 [1485 1486 1487 1491 1492 1493 1495 1496 1497 1498 1499]]]",,"[[{citizen 36} [[""A"" [1]]]] [{citizen 39} [[""A"" [0]]]] [{citizen 48} [[""A"" [1]]]] [{media 50} [[""A"" [4]]]] [{media 52} [[""A"" [2]]]] [{media 54} [[""A"" [5]]]] [{media 55} [[""A"" [1]]]] [{media 56} [[""A"" [1]]]] [{media 57} [[""A"" [6]]]] [{media 58} [[""A"" [2]]]] [{media 60} [[""A"" [0]]]] [{media 62} [[""A"" [3]]]] [{media 63} [[""A"" [0]]]] [{media 64} [[""A"" [2]]]] [{citizen 0} [[""A"" [1]]]] [{citizen 8} [[""A"" [1]]]] [{citizen 6} [[""A"" [1]]]] [{media 59} [[""A"" [4]]]] [{citizen 2} [[""A"" [1]]]] [{citizen 7} [[""A"" [1]]]] [{media 53} [[""A"" [1]]]] [{citizen 1} [[""A"" [1]]]] [{media 61} [[""A"" [1]]]] [{citizen 31} [[""A"" [1]]]] [{citizen 26} [[""A"" [3]]]] [{citizen 49} [[""A"" [1]]]] [{citizen 13} [[""A"" [1]]]] [{citizen 42} [[""A"" [1]]]] [{citizen 30} [[""A"" [1]]]] [{citizen 5} [[""A"" [1]]]] [{citizen 15} [[""A"" [1]]]] [{citizen 14} [[""A"" [1]]]] [{citizen 11} [[""A"" [1]]]] [{citizen 20} [[""A"" [1]]]] [{citizen 28} [[""A"" [1]]]] [{citizen 9} [[""A"" [1]]]] [{citizen 12} [[""A"" [3]]]] [{citizen 18} [[""A"" [1]]]] [{citizen 22} [[""A"" [1]]]] [{citizen 21} [[""A"" [1]]]] [{citizen 44} [[""A"" [1]]]] [{citizen 16} [[""A"" [1]]]] [{citizen 45} [[""A"" [3]]]] [{citizen 23} [[""A"" [1]]]] [{citizen 47} [[""A"" [1]]]] [{citizen 34} [[""A"" [1]]]] [{citizen 17} [[""A"" [1]]]] [{citizen 43} [[""A"" [1]]]] [{citizen 25} [[""A"" [1]]]] [{citizen 10} [[""A"" [3]]]] [{citizen 38} [[""A"" [1]]]] [{citizen 37} [[""A"" [1]]]] [{citizen 33} [[""A"" [1]]]] [{citizen 40} [[""A"" [1]]]] [{citizen 27} [[""A"" [1]]]] [{citizen 32} [[""A"" [1]]]] [{media 51} [[""A"" [1]]]] [{citizen 4} [[""A"" [1]]]] [{citizen 41} [[""A"" [1]]]] [{citizen 29} [[""A"" [1]]]] [{citizen 35} [[""A"" [2]]]] [{citizen 3} [[""A"" [1]]]] [{citizen 46} [[""A"" [1]]]] [{citizen 24} [[""A"" [1]]]]]"
"20","[213 0 42]","165.63829787234042","2.6021759699579206","-9.941510713708483","""circle""","""""","9.9","{breed citizens}","false","0.5","1","""up""",,"[[""ID"" 24] [""alpha"" 1] [""beta"" 1] [""malleable"" [""A""]] [""prior"" []] [""cont_tokens"" []] [""A"" 1]]","[[0 [0 1 2 3 4 5 6 7 8 9 10 11 12 13 14]] [1 [15 17 18 19 20 21 22 23 24 27 29]] [2 [30 31 32 33 34 35 36 37 39 40 41 42 43 44]] [3 [45 46 47 48 49 50 51 52 53 54 55 56 57 58 59]] [4 [60 61 62 63 64 65 66 67 68 69 70 71 73 74]] [5 [75 76 77 78 79 80 81 82 83 84 85 86 87 88 89]] [6 [90 92 100 104]] [7 [107 109 116 119]] [8 [122 124 125 129]] [9 [139 141 142 143 144 145 146 147 148 149]] [10 [150 151 152 153 154 155 157 158 159 160 161 162 163 164]] [11 [165 166 167 168 169 170 171 172 173 174 175 176 178 179]] [12 [180 181 183 184 185 186 187 188 189 190 191 192 193 194]] [13 [195 196 197 198 199 200 201 202 203 204 205 207 208 209]] [14 [210 211 212 213 214 215 216 217 218 219 220 221 222 223 224]] [15 [225 226 227 228 229 230 231 232 233 234 235 236 237 238 239]] [16 [240 243 244 245 246 247 248 249 250 251 252 253 254]] [17 [255 256 257 258 259 260 261 262 263 264 265 266 267 268 269]] [18 [270 271 272 273 274 275 276 277 278 279 280 281 282 283 284]] [19 [285 286 287 288 289 290 291 292 293 294 295 298 299]] [20 [300 302 303 304 305 307 308 309 310 311 312 313 314]] [21 [315 317 318 319 320 321 322 323 324 325 326 327 328 329]] [22 [330 331 332 334 335 336 337 338 339 340 341 342 343 344]] [23 [345 346 347 349 350 351 352 353 354 355 356 357 358 359]] [24 [360 361 362 363 364 365 366 367 368 369 370 371 372 373 374]] [25 [375 376 377 378 379 380 381 382 383 384 385 386 388 389]] [26 [390 391 392 394 395 396 398 399 400 401 402 403 404]] [27 [405 406 407 408 409 410 411 412 413 414 415 416 417 418 419]] [28 [420 421 422 423 424 425 426 427 428 429 430 431 432 433 434]] [29 [435 436 437 438 439 440 441 442 443 444 445 446 447 448 449]] [30 [450 451 452 453 454 455 456 457 458 459 460 461 462 463]] [31 [465 466 467 468 469 470 471 472 473 474 475 476 477 478 479]] [32 [480 481 482 483 484 485 486 487 488 489 490 491 492 493 494]] [33 [495 496 499 500 501 502 503 504 505 506 507 508 509]] [34 [510 511 512 513 514 515 516 517 518 519 520 521 522 523 524]] [35 [525 527 528 529 531 532 533 536 537 538 539]] [36 [540 541 542 543 544 545 546 548 549 550 551 552 553 554]] [37 [555 556 557 558 559 560 561 562 563 564 565 566 567 568 569]] [38 [570 571 572 573 574 575 576 577 578 579 580 581 582 583 584]] [39 [585 586 587 588 589 590 591 592 593 594 595 596 598 599]] [40 [600 602 603 604 605 606 607 608 610 611 612 613 614]] [41 [615 616 617 618 619 621 622 623 624 625 626 627 628 629]] [42 [630 631 632 633 634 635 636 637 638 639 640 641 642 643 644]] [43 [645 646 647 648 649 650 651 652 653 654 655 656 657 658 659]] [44 [660 661 662 663 664 665 666 667 668 669 670 671 672 673]] [45 [675 676 677 678 679 680 681 682 683 684 685 686 687 688 689]] [46 [690 691 692 693 694 695 696 697 698 699 700 701 702 703 704]] [47 [705 706 707 708 709 710 711 712 713 714 716 717 718]] [48 [720 721 722 723 724 727 728 729 730 731 732 733 734]] [49 [735 736 737 738 739 740 741 742 743 744 745 746 747 748 749]] [50 [750 751 752 753 754 755 756 757 758 759 760 761 762 763 764]] [51 [765 766 767 768 770 771 772 773 774 775 777 778 779]] [52 [780 781 782 783 784 785 786 787 788 789 790 791 792 793 794]] [53 [795 796 797 798 799 800 801 802 803 804 805 806 807 808 809]] [54 [810 811 812 813 814 815 816 817 818 819 820 821 822 823 824]] [55 [825 826 827 828 829 830 831 834 835 836 837 838 839]] [56 [840 841 842 843 844 845 846 847 848 849 850 851 852 853 854]] [57 [855 856 857 858 859 860 861 862 863 864 865 866 868]] [58 [870 871 872 873 874 875 876 877 878 879 880 881 883 884]] [59 [885 886 887 889 890 892 893 894 895 896 897 898 899]] [60 [900 901 902 903 904 905 906 907 908 909 910 911 912 913 914]] [61 [915 916 917 919 920 921 922 923 924 925 926 927 928 929]] [62 [930 931 932 934 935 936 938 939 940 941 942 943 944]] [63 [945 946 947 948 949 950 953 956 957 958 959]] [64 [960 961 962 963 965 966 967 969 970 971 972]] [65 [975 976 977 978 979 980 982 985 987 988]] [66 [991 992 993 994 995 996 997 998 1000 1002 1003]] [67 [1005 1006 1007 1008 1009 1010 1011 1012 1013 1014 1015 1017 1018]] [68 [1021 1022 1024 1025 1026 1027 1028 1029 1032 1033 1034]] [69 [1035 1036 1037 1039 1040 1042 1043 1044 1045 1047 1048]] [70 [1050 1051 1052 1053 1054 1055 1056 1057 1058 1059 1060 1061 1063]] [71 [1065 1066 1067 1068 1069 1070 1071 1072 1073 1074 1075 1076 1077 1078 1079]] [72 [1080 1081 1082 1083 1084 1085 1086 1087 1088 1089 1090 1091 1092 1093 1094]] [73 [1095 1096 1097 1098 1099 1100 1101 1102 1103 1104 1105 1106 1107 1108 1109]] [74 [1110 1111 1112 1113 1114 1115 1116 1117 1118 1119 1120 1121 1122 1123 1124]] [75 [1125 1126 1127 1128 1129 1130 1131 1132 1133 1134 1135 1136 1137 1138 1139]] [76 [1140 1141 1142 1143 1144 1145 1146 1147 1148 1149 1150 1151 1152 1153]] [77 [1155 1156 1157 1158 1159 1160 1161 1162 1163 1164 1165 1167 1168 1169]] [78 [1170 1171 1172 1173 1174 1175 1176 1177 1178 1179 1180 1181 1182 1183 1184]] [79 [1185 1186 1187 1188 1189 1190 1191 1192 1193 1194 1195 1196 1197 1198 1199]] [80 [1200 1201 1202 1203 1204 1205 1206 1207 1208 1209 1210 1211 1212 1213 1214]] [81 [1215 1216 1217 1218 1219 1220 1221 1222 1223 1224 1225 1226 1227 1228 1229]] [82 [1230 1231 1232 1233 1234 1235 1236 1237 1238 1239 1240 1241 1242 1243 1244]] [83 [1245 1246 1247 1248 1249 1250 1251 1252 1253 1254 1255 1256 1257 1258 1259]] [84 [1260 1261 1262 1263 1264 1265 1266 1267 1268 1269 1270 1271 1272 1274]] [85 [1275 1276 1277 1278 1279 1280 1281 1282 1283 1284 1285 1286 1287 1288 1289]] [86 [1290 1291 1292 1293 1294 1295 1296 1297 1298 1299 1300 1301 1302 1303 1304]] [87 [1305 1306 1307 1308 1309 1310 1311 1312 1313 1314 1315 1316 1317 1318 1319]] [88 [1320 1321 1322 1323 1324 1325 1326 1327 1328 1329 1330 1331 1332 1333 1334]] [89 [1336 1338 1339 1340 1341 1342 1343 1344 1345 1346 1347 1348 1349]] [90 [1350 1351 1352 1353 1354 1355 1356 1357 1358 1359 1361 1362 1363 1364]] [91 [1365 1366 1367 1368 1369 1370 1371 1372 1373 1374 1376 1377 1379]] [92 [1380 1381 1382 1383 1384 1385 1386 1387 1388 1389 1390 1391 1392 1393 1394]] [93 [1395 1396 1397 1398 1399 1400 1401 1402 1403 1404 1405 1406 1407 1408 1409]] [94 [1410 1411 1412 1413 1414 1415 1416 1417 1418 1419 1420 1421 1422 1423 1424]] [95 [1425 1426 1427 1428 1429 1430 1431 1432 1433 1434 1435 1436 1437 1439]] [96 [1440 1441 1442 1443 1445 1446 1447 1448 1449 1450 1451 1452 1453 1454]] [97 [1455 1456 1457 1458 1459 1460 1461 1462 1463 1464 1465 1466 1467 1468 1469]] [98 [1471 1472 1473 1474 1475 1476 1477 1478 1479 1480 1481 1482 1484]] [99 [1485 1486 1487 1491 1492 1493 1495 1496 1497 1498 1499]]]","[[0 [3 4 5 6 7 8 10 11 12 13 14]] [1 [15 17 18 19 20 22 23 24 27 29]] [2 [30 32 33 34 35 36 37 40 41 42 44]] [3 [49 52 54 55 56 57 59]] [4 [61 62 63 64 65 66 67 71]] [5 [75 76 80]] [6 [90 92 100 104]] [7 [109 116 119]] [8 [124 125 129]] [9 [139 147 149]] [10 [153 155 157 158 161 163 164]] [11 [165 166 167 168 169 170 172 174 176 178]] [12 [180 183 184 185 186 187 189 190 191]] [13 [197 198 199 200 201 205 207 209]] [14 [210 211 213 214 217 219 220]] [15 [227 228 229 230 231 232 233 235 236 238 239]] [16 [240 243 244 245 246 249 250 252]] [17 [257 258 259 260 261 263 264 266 267 269]] [18 [270 272 273 275 276 277 279 281 282 283]] [19 [285 286 287 289 290 291 292 294 298 299]] [20 [300 302 303 304 305 307 308 310 311 312 313]] [21 [318 321 322 323 324 325 326 327 328 329]] [22 [330 334 335 336 339 340 341 342 343]] [23 [345 346 350 351 352 353 354 355 356 357 358 359]] [24 [360 361 363 365 366 367 368 369 370 371 374]] [25 [375 376 377 379 380 383 385 386 388]] [26 [390 391 392 394 395 396 398 399 400]] [27 [405 406 407 408 409 410 413 414 417 419]] [28 [420 421 422 423 424 425 427 428 431 433]] [29 [437 439 441 446]] [30 [450 451 452 454 457 458 459 461 462 463]] [31 [465 466 467 468 469 470 473 474 475 476 477 479]] [32 [480 481 482 483 484 485 487 488 491 493 494]] [33 [495 496 499 500 501 502 503 507]] [34 [510 511 512 513 514 515 517 518 519 520 523]] [35 [525 528 529 531 532 533 536 537 539]] [36 [540 541 543 544 545 546 550 554]] [37 [555 558 566 567 569]] [38 [570 571 574 575 578 580 581 582 583]] [39 [585 586 588 589 590 591 593 596 598 599]] [40 [600 602 604 605 606 608 610 611 614]] [41 [615 616 618 619 622 623 628]] [42 [630 631 632 633 634 635 638 640 641 642 644]] [43 [645 646 647 650 652 653 654 655 656 657 659]] [44 [660 662 663 664 665 668 673]] [45 [677 680 682 684 685 686 687 689]] [46 [691 694 695 696 697 702 703 704]] [47 [705 707 709 710 711 712 713 714 717 718]] [48 [720 721 722 724 727 729 730 732 733 734]] [49 [735 740 741 744]] [50 [751 752 758 759 763 764]] [51 [765 766 768 770 771 773 774 775 777 779]] [52 [785 786 787 788 789 791]] [53 [802 803 806]] [54 [810 812 814 821 823]] [55 [828 829 831 834 835 837 838 839]] [56 [840 841 843 846 847 850 851 852 853 854]] [57 [855 856 857 858 859 860 861 862 865 866]] [58 [871 872 873 875 876 878 880 881 884]] [59 [885 892 894 895 896 897 899]] [60 [906 908 909 911 913 914]] [61 [915 916 917 919 920 921 923 926 927 928 929]] [62 [930 932 935 936 939 940 941 942 943 944]] [63 [946 947 948 949 950 953 956 958 959]] [64 [960 962 963 965 966 967 969 970 971 972]] [65 [975 976 977 978 979 982 985 987 988]] [66 [991 992 993 994 995 996 997 998 1000 1002 1003]] [67 [1005 1007 1008 1009 1010 1012 1013 1014 1015 1018]] [68 [1021 1022 1024 1025 1027 1028 1029 1033 1034]] [69 [1035 1036 1037 1039 1040 1042 1043 1044 1047]] [70 [1051 1053 1054 1055 1056 1057 1059]] [71 [1065 1067 1068 1069 1072 1073 1074 1076 1077 1078]] [72 [1083 1084 1087 1090 1091 1092 1094]] [73 [1095 1096 1098 1101 1103 1104 1105 1106 1107 1108 1109]] [74 [1110 1111 1116 1117 1123]] [75 [1125 1128 1132 1133 1134 1135 1136 1137]] [76 [1140 1142 1143 1144 1147 1148 1149 1150 1152]] [77 [1155 1156 1157 1158 1159 1161 1162 1169]] [78 [1172 1175 1177 1184]] [79 [1186 1187 1189 1190 1191 1193 1196 1197]] [80 [1200 1202 1204 1205 1206 1207 1209 1210 1211]] [81 [1216 1220 1224 1227 1228]] [82 [1230 1232 1234 1235 1236 1238 1239 1242 1243]] [83 [1247 1251 1252 1253 1254 1255 1256 1258 1259]] [84 [1260 1261 1263 1264 1266 1267 1268 1270 1271 1272 1274]] [85 [1281 1283 1285 1286 1287 1288 1289]] [86 [1290 1291 1293 1294 1295 1297 1299 1300 1301 1302]] [87 [1306 1307 1308 1311 1314 1315 1316 1318 1319]] [88 [1321 1324 1325 1326 1328 1330 1332]] [89 [1336 1339 1340 1341 1342 1344 1345 1346 1347 1348 1349]] [90 [1351 1353 1355 1357 1358 1359 1362]] [91 [1366 1367 1369 1370 1372 1374 1376 1377 1379]] [92 [1380 1381 1382 1383]] [93 [1396 1399]] [94 [1411 1416 1420 1423 1424]] [95 [1426 1428 1429 1431 1432 1434 1435 1436 1437]] [96 [1440 1442 1445 1446 1447 1448 1449 1450 1451 1452 1454]] [97 [1455 1456 1457 1460 1461 1462 1464 1465 1466 1467 1468]] [98 [1471 1473 1476 1477 1478 1480 1481 1482 1484]] [99 [1485 1487 1491 1492 1493 1495 1496 1497 1498 1499]]]",,"[[{media 51} [[""A"" [1]]]] [{media 53} [[""A"" [1]]]] [{media 59} [[""A"" [4]]]] [{media 61} [[""A"" [1]]]] [{media 63} [[""A"" [0]]]] [{media 60} [[""A"" [0]]]] [{citizen 8} [[""A"" [3]]]] [{media 54} [[""A"" [5]]]] [{citizen 17} [[""A"" [0]]]] [{media 57} [[""A"" [6]]]] [{media 56} [[""A"" [1]]]] [{media 52} [[""A"" [2]]]] [{citizen 6} [[""A"" [0]]]] [{citizen 2} [[""A"" [0]]]] [{citizen 7} [[""A"" [0]]]] [{citizen 11} [[""A"" [1]]]] [{media 58} [[""A"" [2]]]] [{media 55} [[""A"" [1]]]] [{media 50} [[""A"" [4]]]] [{media 62} [[""A"" [3]]]] [{media 64} [[""A"" [2]]]] [{citizen 13} [[""A"" [1]]]] [{citizen 5} [[""A"" [0]]]] [{citizen 31} [[""A"" [0]]]] [{citizen 26} [[""A"" [3]]]] [{citizen 49} [[""A"" [0]]]] [{citizen 42} [[""A"" [1]]]] [{citizen 30} [[""A"" [0]]]] [{citizen 15} [[""A"" [0]]]] [{citizen 1} [[""A"" [0]]]] [{citizen 14} [[""A"" [0]]]] [{citizen 45} [[""A"" [2]]]] [{citizen 23} [[""A"" [0]]]] [{citizen 47} [[""A"" [3]]]] [{citizen 36} [[""A"" [1]]]] [{citizen 19} [[""A"" [0]]]] [{citizen 38} [[""A"" [3]]]] [{citizen 40} [[""A"" [0]]]] [{citizen 48} [[""A"" [3]]]] [{citizen 43} [[""A"" [1]]]] [{citizen 39} [[""A"" [0]]]] [{citizen 10} [[""A"" [3]]]] [{citizen 27} [[""A"" [3]]]] [{citizen 0} [[""A"" [0]]]] [{citizen 21} [[""A"" [0]]]] [{citizen 37} [[""A"" [0]]]] [{citizen 22} [[""A"" [1]]]] [{citizen 18} [[""A"" [0]]]] [{citizen 34} [[""A"" [0]]]] [{citizen 28} [[""A"" [1]]]] [{citizen 25} [[""A"" [0]]]] [{citizen 9} [[""A"" [1]]]] [{citizen 12} [[""A"" [3]]]] [{citizen 44} [[""A"" [1]]]] [{citizen 33} [[""A"" [0]]]] [{citizen 32} [[""A"" [1]]]] [{citizen 16} [[""A"" [0]]]] [{citizen 4} [[""A"" [0]]]] [{citizen 41} [[""A"" [0]]]] [{citizen 29} [[""A"" [1]]]] [{citizen 3} [[""A"" [0]]]] [{citizen 35} [[""A"" [2]]]] [{citizen 46} [[""A"" [3]]]] [{citizen 24} [[""A"" [0]]]]]"
"21","[213 0 42]","302.5531914893617","-3.6884386084304914","2.487648928143553","""circle""","""""","9.9","{breed citizens}","false","0.5","1","""up""",,"[[""ID"" 25] [""alpha"" 1] [""beta"" 1] [""malleable"" [""A""]] [""prior"" []] [""cont_tokens"" []] [""A"" 1]]","[[0 [0 1 2 3 4 6 7 9 10 11 12 13 14]] [1 [15 17 18 19 20 21 22 23 24 25 26 27 28 29]] [2 [30 31 32 33 34 35 36 37 39 40 41 42 43 44]] [3 [45 46 47 48 49 50 51 52 53 54 55 56 57 58 59]] [4 [60 61 62 63 64 65 66 67 68 69 70 71 73 74]] [5 [75 76 77 78 79 80 81 82 83 84 85 86 87 88 89]] [6 [91 93 94 95 96 97 98 99 101 102 103]] [7 [105 106 108 110 111 112 113 114 115 117 118]] [8 [120 121 123 125 126 127 128 129 130 131 132 133 134]] [9 [135 136 137 138 139 140 141 142 143 144 145 146 147 148 149]] [10 [150 151 152 153 154 155 156 157 158 159 160 161 162 163 164]] [11 [165 166 167 168 169 170 171 172 173 174 175 176 178 179]] [12 [180 181 183 184 185 186 187 189 190 191 192 193 194]] [13 [195 196 197 198 199 200 201 202 203 204 205 206 207 208 209]] [14 [210 211 212 213 214 215 216 217 218 219 220 221 222 223 224]] [15 [225 226 227 228 229 230 231 232 233 235 236 238 239]] [16 [240 243 244 245 246 247 248 249 250 251 252 253 254]] [17 [255 256 257 258 259 260 261 262 263 264 265 266 267 268 269]] [18 [270 271 272 273 274 275 276 277 278 279 280 281 282 283 284]] [19 [285 286 288 289 290 291 292 293 294 295 296 297 298 299]] [20 [300 302 303 304 305 307 308 309 310 311 312 313 314]] [21 [315 317 318 319 320 321 322 323 324 325 326 327 328 329]] [22 [330 331 332 333 334 335 336 337 338 339 340 341 342 343 344]] [23 [345 346 347 349 350 351 352 353 354 355 356 357 358 359]] [24 [360 361 362 363 364 365 366 367 368 369 370 371 372 373 374]] [25 [375 376 377 378 379 380 381 382 383 384 385 386 387 388 389]] [26 [390 391 392 394 395 396 398 399 400 401 402 403 404]] [27 [405 406 407 408 409 410 411 412 413 414 415 416 417 418 419]] [28 [420 421 422 423 424 425 426 427 428 429 430 431 432 433 434]] [29 [435 436 437 438 439 440 441 442 443 444 445 446 447 448 449]] [30 [450 451 452 453 454 455 456 457 458 459 460 461 462 463]] [31 [465 466 467 468 469 470 471 472 473 474 475 476 477 478 479]] [32 [486 489 490 492]] [33 [497 498 499 500 501 502 503 504 505 506 507 508 509]] [34 [510 511 512 513 514 515 516 517 518 519 520 521 523 524]] [35 [525 527 528 529 531 532 533 536 537 538 539]] [36 [540 541 542 543 544 545 546 548 549 550 551 552 553 554]] [37 [555 556 557 558 559 560 561 562 563 564 565 566 567 568 569]] [38 [570 571 572 573 574 575 576 577 578 579 580 581 582 583 584]] [39 [585 586 587 588 589 590 591 592 593 594 595 596 598 599]] [40 [600 602 603 604 605 606 607 608 610 611 612 613 614]] [41 [615 616 617 618 619 620 621 622 623 624 625 626 627 628 629]] [42 [630 631 632 633 634 635 636 637 638 640 641 642 643 644]] [43 [645 646 647 648 649 650 651 652 653 654 655 656 657 658 659]] [44 [660 661 662 663 664 665 666 667 668 669 670 671 672 673]] [45 [675 676 677 678 679 680 681 682 683 684 685 686 687 689]] [46 [690 691 692 693 694 695 696 697 698 699 700 701 702 703 704]] [47 [705 706 707 708 709 710 711 712 713 714 716 717 718]] [48 [720 721 722 723 724 727 728 729 730 731 732 733 734]] [49 [735 736 737 738 739 740 741 742 743 744 745 746 747 748 749]] [50 [750 751 752 753 754 755 756 757 758 759 760 761 762 763 764]] [51 [765 766 767 768 770 771 772 773 774 775 777 778 779]] [52 [780 781 782 783 784 785 786 787 788 789 790 791 792 793 794]] [53 [795 796 797 798 799 800 801 802 803 804 805 806 807 808 809]] [54 [810 811 812 813 814 815 816 817 818 819 820 821 822 823 824]] [55 [825 826 827 828 829 830 831 832 833 834 835 836 837 838 839]] [56 [840 841 842 843 844 845 846 847 848 849 850 851 852 853 854]] [57 [855 856 857 858 859 860 861 862 863 864 865 866 868]] [58 [870 871 872 873 874 875 876 877 878 879 880 881 883 884]] [59 [885 886 887 889 890 892 893 894 895 896 897 898 899]] [60 [900 901 902 903 904 905 906 907 908 909 910 911 912 913 914]] [61 [915 916 917 919 920 921 922 923 924 925 926 927 928 929]] [62 [930 931 932 934 935 936 938 939 940 941 942 943 944]] [63 [945 946 947 948 949 950 953 956 957 958 959]] [64 [960 961 962 963 965 966 967 969 970 971 972]] [65 [975 976 977 978 979 980 982 985 987 988]] [66 [991 992 993 994 995 996 997 998 1000 1002 1003]] [67 [1005 1006 1007 1008 1009 1010 1011 1012 1013 1014 1015 1017 1018]] [68 [1021 1022 1024 1025 1026 1027 1028 1029 1032 1033 1034]] [69 [1035 1036 1037 1039 1040 1042 1043 1044 1045 1047 1048]] [70 [1050 1051 1052 1053 1054 1055 1056 1057 1058 1059 1060 1061 1063]] [71 [1065 1066 1067 1068 1069 1070 1071 1072 1073 1074 1075 1076 1077 1078 1079]] [72 [1080 1081 1082 1083 1084 1085 1086 1087 1088 1089 1090 1091 1092 1093 1094]] [73 [1095 1096 1097 1098 1099 1100 1101 1102 1103 1104 1105 1106 1107 1108 1109]] [74 [1110 1111 1112 1113 1114 1115 1116 1117 1118 1119 1120 1121 1122 1123 1124]] [75 [1125 1126 1127 1128 1130 1131 1132 1133 1134 1135 1136 1137 1138 1139]] [76 [1140 1141 1142 1143 1144 1145 1146 1147 1148 1149 1150 1151 1152 1153 1154]] [77 [1155 1156 1157 1158 1159 1161 1162 1163 1164 1165 1167 1168 1169]] [78 [1170 1171 1172 1173 1174 1175 1176 1177 1178 1179 1180 1181 1182 1183]] [79 [1185 1186 1187 1188 1189 1190 1191 1192 1193 1194 1195 1196 1197 1198 1199]] [80 [1200 1201 1202 1203 1204 1205 1206 1207 1208 1209 1210 1211 1212 1213 1214]] [81 [1215 1216 1217 1218 1219 1220 1221 1222 1223 1224 1225 1226 1227 1228 1229]] [82 [1230 1231 1232 1233 1234 1235 1236 1237 1238 1239 1240 1241 1242 1243 1244]] [83 [1245 1246 1247 1248 1249 1250 1251 1252 1253 1254 1255 1256 1257 1258 1259]] [84 [1260 1261 1262 1263 1264 1265 1266 1267 1268 1269 1270 1271 1272 1273 1274]] [85 [1275 1276 1277 1278 1279 1280 1281 1282 1283 1284 1285 1286 1287 1288 1289]] [86 [1290 1291 1292 1293 1294 1295 1296 1297 1298 1299 1300 1301 1302 1303 1304]] [87 [1305 1306 1307 1308 1309 1310 1311 1312 1313 1314 1315 1316 1317 1318 1319]] [88 [1320 1321 1322 1323 1324 1325 1326 1327 1328 1329 1330 1331 1332 1333 1334]] [89 [1336 1337 1338 1339 1340 1341 1342 1343 1344 1345 1346 1347 1348 1349]] [90 [1350 1351 1352 1353 1354 1355 1356 1357 1358 1359 1361 1362 1363 1364]] [91 [1365 1366 1367 1368 1369 1370 1371 1372 1373 1374 1376 1377 1379]] [92 [1380 1381 1382 1383 1384 1385 1386 1387 1388 1389 1390 1391 1392 1393 1394]] [93 [1395 1396 1397 1398 1399 1400 1401 1402 1403 1404 1405 1406 1407 1408 1409]] [94 [1410 1411 1412 1413 1414 1415 1416 1417 1418 1419 1420 1421 1422 1423 1424]] [95 [1425 1426 1427 1428 1429 1430 1431 1432 1433 1434 1435 1436 1437 1439]] [96 [1440 1441 1442 1443 1445 1446 1447 1448 1449 1450 1451 1452 1453 1454]] [97 [1455 1456 1457 1458 1459 1460 1461 1462 1463 1464 1465 1466 1467 1468 1469]] [98 [1471 1472 1473 1474 1475 1476 1477 1478 1479 1480 1481 1482 1484]] [99 [1485 1486 1487 1491 1492 1493 1495 1496 1497 1498 1499]]]","[[0 [3 4 6 7 10 11 12 13 14]] [1 [15 17 18 19 20 21 23 24 27 29]] [2 [30 32 33 34 35 36 37 42 43]] [3 [45 46 47 49 51 52 54 55 56 57 59]] [4 [61 62 63 66 67 68 70 73 74]] [5 [77 78 82 83 84 85 87 88 89]] [6 [91 94 95 96 97 98 99 101 102 103]] [7 [105 106 108 111 112 113 115 117 118]] [8 [120 121 126 127 128 131 132 133 134]] [9 [135 136 137 138 140 141 143 144 146 148]] [10 [150 151 152 154 155 158 161 163 164]] [11 [165 166 167 168 170 172 174 176 178 179]] [12 [180 184 185 186 189 190 192 193 194]] [13 [196 197 198 199 200 201 208]] [14 [212 214 216 218 221 222 223 224]] [15 [225 226 231 232 233 235 236 238 239]] [16 [240 243 244 245 246 249 250 251 254]] [17 [255 256 262 265 268 269]] [18 [270 272 274 280 284]] [19 [293 295 296 299]] [20 [300 302 303 304 305 307 308 310 311 312 313]] [21 [315 318 321 322 323 324 325 326 327 328]] [22 [330 332 335 337 338 339 340 341 342 343]] [23 [345 346 350 352 353 355 357 358 359]] [24 [360 361 363 365 366 367 368 369 370 372]] [25 [377 379 380 384 385 386 389]] [26 [390 391 392 394 395 396 398 399 400 404]] [27 [405 406 407 408 409 410 411 412 416]] [28 [429 430 431 433]] [29 [437 439 441 446]] [30 [450 453 455 463]] [31 [465 466 467 471 478]] [32 [486 489 490 492]] [33 [497 503 504 505 508 509]] [34 [511 512 513 515 516 518 519 520 523]] [35 [525 528 529 531 532 533 536 537 539]] [36 [540 541 543 544 545 546 550 553]] [37 [556 557 560 561 562 563 564 565 568 569]] [38 [570 571 574 575 577 578 580 581 582 583]] [39 [585 588 589 590 591 593 596 598 599]] [40 [600 602 604 605 606 608 610 613]] [41 [617 619 622 623 626 627 629]] [42 [631 632 633 634 636 637 640 641 642 643]] [43 [646 647 650 652 653 654 655 656 659]] [44 [661 662 663 664 665 668 670 672]] [45 [675 676 678 679 681 683 687 689]] [46 [691 695 698 699 700 701 703 704]] [47 [705 706 707 708 709 710 711 712 713 714 717 718]] [48 [720 721 722 723 728 729 730 732 733 734]] [49 [735 736 738 739 741 743 744]] [50 [750 751 752 753 754 755 756 757 758 759 763 764]] [51 [765 766 768 770 771 772 773 774 775 777 778]] [52 [780 781 782 783 784 786 787 790 792 793]] [53 [795 797 798 799 800 801 805 807 808]] [54 [810 811 813 815 816 817 818 819 820 822]] [55 [827 832 833 834 835 837 838 839]] [56 [840 841 843 846 847 850 851 852 853 854]] [57 [856 857 858 859 860 861 862 864 865 866]] [58 [871 872 873 875 876 878 880 881 884]] [59 [886 887 889 890 892 893 894 895 896 898 899]] [60 [901 904 905 907 910 912 913 914]] [61 [916 917 919 920 921 923 926 927 928 929]] [62 [930 932 935 936 940 941 942 943 944]] [63 [946 947 948 949 950 953 956 957 958 959]] [64 [960 961 962 963 965 966 967 969 970 971 972]] [65 [975 977 978 980 982 985 987 988]] [66 [991 992 993 994 995 996 997 998 1000 1002 1003]] [67 [1005 1007 1008 1009 1010 1011 1012 1013 1015]] [68 [1021 1022 1024 1025 1027 1028 1029 1032 1033 1034]] [69 [1035 1036 1037 1039 1040 1042 1043 1045 1047]] [70 [1051 1054 1055 1056 1057 1058 1060 1061 1063]] [71 [1065 1067 1068 1069 1072 1073 1074 1076 1077 1079]] [72 [1080 1081 1085 1086 1088 1089 1090 1091 1092 1094]] [73 [1095 1096 1098 1101 1103 1104 1105 1106 1107 1108 1109]] [74 [1110 1111 1113 1114 1115 1116 1117 1123 1124]] [75 [1125 1128 1132 1134 1135 1136 1137 1139]] [76 [1143 1144 1147 1148 1149 1150 1153]] [77 [1155 1156 1157 1158 1159 1163 1164 1167 1168]] [78 [1170 1171 1172 1175 1177]] [79 [1192 1194 1198 1199]] [80 [1201 1203 1205 1206 1207 1209 1210 1211]] [81 [1216 1218 1219 1221 1222 1223 1226 1227 1228]] [82 [1230 1232 1234 1235 1236 1238 1239 1241 1242 1243 1244]] [83 [1245 1248 1250 1257]] [84 [1260 1261 1263 1264 1266 1267 1268 1270 1272 1274]] [85 [1281 1283 1285 1286 1287 1288 1289]] [86 [1290 1291 1293 1294 1295 1297 1299 1300 1301]] [87 [1305 1306 1307 1308 1311 1314 1315 1316 1318 1319]] [88 [1321 1324 1325 1326 1328 1330 1332 1333 1334]] [89 [1339 1340 1341 1342 1344 1345 1346 1347 1348 1349]] [90 [1351 1353 1354 1355 1358 1359 1362]] [91 [1366 1367 1369 1370 1373 1374 1376 1379]] [92 [1380 1381 1382 1383]] [93 [1396 1399 1408]] [94 [1411 1413 1414 1416 1417 1421 1422 1423 1424]] [95 [1426 1429 1431 1432 1434 1435 1436 1437 1439]] [96 [1440 1443 1445 1446 1447 1448 1450 1451 1453]] [97 [1455 1456 1457 1460 1461 1462 1464 1465 1469]] [98 [1471 1473 1476 1477 1478 1480 1481 1482 1484]] [99 [1485 1486 1487 1491 1492 1493 1495 1496 1497 1498 1499]]]",,"[[{citizen 22} [[""A"" [1]]]] [{citizen 26} [[""A"" [3]]]] [{citizen 30} [[""A"" [0]]]] [{citizen 42} [[""A"" [1]]]] [{media 50} [[""A"" [4]]]] [{media 52} [[""A"" [2]]]] [{media 54} [[""A"" [5]]]] [{media 55} [[""A"" [1]]]] [{media 56} [[""A"" [1]]]] [{media 57} [[""A"" [6]]]] [{media 58} [[""A"" [2]]]] [{media 60} [[""A"" [0]]]] [{media 62} [[""A"" [3]]]] [{media 63} [[""A"" [0]]]] [{media 64} [[""A"" [2]]]] [{citizen 2} [[""A"" [0]]]] [{citizen 7} [[""A"" [1]]]] [{citizen 11} [[""A"" [1]]]] [{citizen 18} [[""A"" [0]]]] [{citizen 0} [[""A"" [1]]]] [{citizen 1} [[""A"" [1]]]] [{media 53} [[""A"" [1]]]] [{media 61} [[""A"" [1]]]] [{citizen 31} [[""A"" [0]]]] [{citizen 49} [[""A"" [1]]]] [{citizen 13} [[""A"" [1]]]] [{citizen 5} [[""A"" [1]]]] [{citizen 15} [[""A"" [0]]]] [{citizen 14} [[""A"" [0]]]] [{citizen 20} [[""A"" [1]]]] [{citizen 8} [[""A"" [3]]]] [{citizen 28} [[""A"" [1]]]] [{citizen 6} [[""A"" [0]]]] [{citizen 9} [[""A"" [1]]]] [{citizen 12} [[""A"" [3]]]] [{citizen 45} [[""A"" [2]]]] [{citizen 23} [[""A"" [1]]]] [{citizen 47} [[""A"" [3]]]] [{citizen 36} [[""A"" [1]]]] [{citizen 19} [[""A"" [1]]]] [{citizen 38} [[""A"" [1]]]] [{citizen 17} [[""A"" [0]]]] [{citizen 40} [[""A"" [1]]]] [{citizen 48} [[""A"" [1]]]] [{citizen 43} [[""A"" [1]]]] [{citizen 39} [[""A"" [0]]]] [{citizen 10} [[""A"" [3]]]] [{citizen 27} [[""A"" [1]]]] [{citizen 34} [[""A"" [1]]]] [{citizen 25} [[""A"" [0]]]] [{citizen 33} [[""A"" [0]]]] [{citizen 37} [[""A"" [0]]]] [{citizen 32} [[""A"" [1]]]] [{citizen 44} [[""A"" [1]]]] [{media 59} [[""A"" [4]]]] [{citizen 4} [[""A"" [1]]]] [{citizen 29} [[""A"" [1]]]] [{citizen 41} [[""A"" [1]]]] [{media 51} [[""A"" [1]]]] [{citizen 16} [[""A"" [1]]]] [{citizen 3} [[""A"" [1]]]] [{citizen 35} [[""A"" [2]]]] [{citizen 46} [[""A"" [1]]]] [{citizen 24} [[""A"" [1]]]]]"
"22","[213 0 42]","49.49263502454992","7.217666197243124","6.217269882254995","""circle""","""""","9.9","{breed citizens}","false","0.5","1","""up""",,"[[""ID"" 19] [""alpha"" 1] [""beta"" 1] [""malleable"" [""A""]] [""prior"" []] [""cont_tokens"" []] [""A"" 1]]","[[0 [0 1 2 3 4 5 6 7 8 9 10 11 12 13 14]] [1 [15 17 18 19 20 21 22 23 24 27 29]] [2 [30 31 32 33 34 35 36 37 39 40 41 42 43 44]] [3 [45 46 47 48 49 50 51 52 53 54 55 56 57 58 59]] [4 [60 61 62 63 64 65 66 67 68 69 70 71 73 74]] [5 [75 76 77 78 79 80 81 82 83 84 85 86 87 88 89]] [6 [91 93 94 95 96 97 98 99 101 102 103]] [7 [105 106 108 110 111 112 113 114 115 117 118]] [8 [120 121 123 125 126 127 128 129 130 131 132 133 134]] [9 [135 136 137 138 139 140 141 142 143 144 145 146 147 148 149]] [10 [150 151 152 153 154 155 157 158 159 160 161 162 163 164]] [11 [165 166 167 168 169 170 171 172 173 174 175 176 178 179]] [12 [180 181 183 184 185 186 187 189 190 191 192 193 194]] [13 [195 196 197 198 199 200 201 202 203 204 205 207 208 209]] [14 [210 211 212 213 214 215 216 217 218 219 220 221 222 223 224]] [15 [225 226 227 228 229 230 231 232 233 234 235 236 237 238 239]] [16 [240 243 244 245 246 247 248 249 250 251 252 253 254]] [17 [255 256 257 258 259 260 261 262 263 264 265 266 267 268 269]] [18 [270 271 272 273 274 275 276 277 278 279 280 281 282 283 284]] [19 [285 286 287 288 289 290 291 292 293 294 295 298 299]] [20 [300 302 303 304 305 307 308 309 310 311 312 313 314]] [21 [315 317 318 319 320 321 322 323 324 325 326 327 328 329]] [22 [330 331 332 333 334 335 336 337 338 339 340 341 342 343 344]] [23 [345 346 347 348 349 350 351 352 353 354 355 356 357 358 359]] [24 [360 361 362 363 364 365 366 367 368 369 370 371 372 373 374]] [25 [375 376 377 378 379 380 381 382 383 384 385 386 387 388 389]] [26 [390 391 392 394 395 396 398 399 400 401 402 403 404]] [27 [405 406 407 408 409 410 411 412 413 414 415 416 417 418 419]] [28 [420 421 422 423 424 425 426 427 428 429 430 431 432 433 434]] [29 [435 436 437 438 439 440 441 442 443 444 445 446 447 448 449]] [30 [450 451 452 453 454 455 456 457 458 459 460 461 462 463 464]] [31 [465 466 467 468 469 470 471 472 473 474 475 476 477 478 479]] [32 [486 489 490 492]] [33 [497 498 499 500 501 502 503 504 505 506 507 508 509]] [34 [510 511 512 513 514 515 516 517 518 519 520 521 523 524]] [35 [525 527 528 529 531 532 533 536 537 538 539]] [36 [540 541 542 543 544 545 546 548 549 550 551 552 553 554]] [37 [555 556 557 558 559 560 561 562 563 564 565 566 567 568 569]] [38 [570 571 572 573 574 575 576 577 578 579 580 581 582 583 584]] [39 [585 586 587 588 589 590 591 592 593 594 595 596 597 598 599]] [40 [600 602 603 604 605 606 607 608 610 611 612 613 614]] [41 [615 616 617 618 619 621 622 623 624 625 626 627 628 629]] [42 [630 631 632 633 634 635 636 637 638 640 641 642 643 644]] [43 [645 646 647 648 649 650 651 652 653 654 655 656 657 658 659]] [44 [660 661 662 663 664 665 666 667 668 669 670 671 672 673]] [45 [675 676 678 679 681 683 684 685 686 687 689]] [46 [691 693 694 695 696 697 698 699 700 701 702 703 704]] [47 [705 706 707 708 709 710 711 712 713 714 716 717 718]] [48 [720 721 722 723 724 727 728 729 730 731 732 733 734]] [49 [735 736 737 738 739 740 741 742 743 744 745 746 747 748 749]] [50 [750 751 752 753 754 755 756 757 758 759 760 761 762 763 764]] [51 [765 766 768 770 771 772 773 774 775 777 778 779]] [52 [780 781 782 783 784 785 786 787 788 789 790 791 792 793 794]] [53 [795 796 797 798 799 800 801 802 803 804 805 806 807 808 809]] [54 [810 811 812 813 814 815 816 817 818 819 820 821 822 823 824]] [55 [825 826 827 828 829 830 831 832 833 834 835 836 837 838 839]] [56 [840 841 842 843 844 845 846 847 848 849 850 851 852 853 854]] [57 [855 856 857 858 859 860 861 862 863 864 865 866 868]] [58 [870 871 872 873 874 875 876 877 878 879 880 881 883 884]] [59 [885 886 887 889 890 892 893 894 895 896 897 898 899]] [60 [900 901 902 903 904 905 906 907 908 909 910 911 912 913 914]] [61 [915 916 917 919 920 921 922 923 924 925 926 927 928 929]] [62 [930 931 932 934 935 936 938 939 940 941 942 943 944]] [63 [945 946 947 948 949 950 953 956 957 958 959]] [64 [960 961 962 963 965 966 967 969 970 971 972]] [65 [975 976 977 978 979 980 982 985 987 988]] [66 [991 992 993 994 995 996 997 998 1000 1002 1003]] [67 [1005 1006 1007 1008 1009 1010 1011 1012 1013 1014 1015 1017 1018]] [68 [1021 1022 1024 1025 1026 1027 1028 1029 1032 1033 1034]] [69 [1035 1036 1037 1039 1040 1042 1043 1044 1045 1047 1048]] [70 [1050 1051 1052 1053 1054 1055 1056 1057 1058 1059 1060 1061 1063]] [71 [1065 1066 1067 1068 1069 1070 1071 1072 1073 1074 1075 1076 1077 1078 1079]] [72 [1080 1081 1082 1083 1084 1085 1086 1087 1088 1089 1090 1091 1092 1093 1094]] [73 [1095 1096 1098 1101 1103 1104 1105 1106 1107 1108 1109]] [74 [1110 1111 1112 1113 1114 1115 1116 1117 1118 1119 1120 1121 1122 1123 1124]] [75 [1125 1126 1127 1128 1129 1130 1131 1132 1133 1134 1135 1136 1137 1138 1139]] [76 [1140 1141 1142 1143 1144 1145 1146 1147 1148 1149 1150 1151 1152 1153]] [77 [1155 1156 1157 1158 1159 1160 1161 1162 1163 1164 1165 1167 1168 1169]] [78 [1170 1171 1172 1173 1174 1175 1176 1177 1178 1179 1180 1181 1182 1183]] [79 [1185 1186 1187 1188 1189 1190 1191 1193 1195 1196 1197 1199]] [80 [1200 1201 1202 1203 1204 1205 1206 1207 1208 1209 1210 1211 1212 1213 1214]] [81 [1215 1216 1217 1218 1219 1220 1221 1222 1223 1224 1225 1226 1227 1228 1229]] [82 [1230 1231 1232 1233 1234 1235 1236 1237 1238 1239 1240 1241 1242 1243 1244]] [83 [1245 1246 1247 1248 1249 1250 1251 1252 1253 1254 1255 1256 1257 1258 1259]] [84 [1260 1261 1262 1263 1264 1265 1266 1267 1268 1269 1270 1271 1272 1273 1274]] [85 [1275 1276 1277 1278 1279 1280 1281 1282 1283 1284 1285 1286 1287 1288 1289]] [86 [1292 1293 1294 1295 1296 1297 1298 1299 1300 1301 1302 1303 1304]] [87 [1305 1306 1307 1308 1309 1310 1311 1312 1313 1314 1315 1316 1317 1318 1319]] [88 [1320 1321 1322 1323 1324 1325 1326 1327 1328 1329 1330 1331 1332 1333 1334]] [89 [1336 1337 1338 1339 1340 1341 1342 1343 1344 1345 1346 1347 1348 1349]] [90 [1350 1351 1352 1353 1354 1355 1356 1357 1358 1359 1361 1362 1363 1364]] [91 [1365 1366 1367 1368 1369 1370 1371 1372 1373 1374 1376 1377 1379]] [92 [1380 1381 1382 1383 1384 1385 1386 1387 1388 1389 1390 1391 1392 1393 1394]] [93 [1395 1396 1397 1398 1399 1400 1401 1402 1403 1404 1405 1406 1407 1408 1409]] [94 [1410 1411 1412 1413 1414 1415 1416 1417 1418 1419 1420 1421 1422 1423 1424]] [95 [1425 1426 1427 1428 1429 1430 1431 1432 1433 1434 1435 1436 1437 1439]] [96 [1440 1441 1442 1443 1445 1446 1447 1448 1449 1450 1451 1452 1453 1454]] [97 [1455 1456 1457 1458 1459 1460 1461 1462 1463 1464 1465 1466 1467 1468 1469]] [98 [1471 1472 1473 1474 1475 1476 1477 1478 1479 1480 1481 1482 1484]] [99 [1485 1486 1487 1491 1492 1493 1495 1496 1497 1498 1499]]]","[[0 [0 3 4 5 6 7 8 11 12 13 14]] [1 [15 17 18 19 20 22 23 24 27 29]] [2 [30 32 34 35 36 37 40 41 42 44]] [3 [45 46 47 49 51 52 54 55 56 57 58 59]] [4 [61 64 65 66 67 68 69 70 73 74]] [5 [77 78 82 83 84 85 86 89]] [6 [91 94 95 96 97 98 99 101 102 103]] [7 [105 106 108 110 111 112 113 114 115 117 118]] [8 [120 121 123 125 129]] [9 [139 141 143 144 146 148 149]] [10 [153 154 155 157 158 161 163 164]] [11 [165 166 167 168 169 170 172 174 175 176 178 179]] [12 [180 184 185 186 187 189 190 191]] [13 [199 202 203 204 205 207 209]] [14 [210 211 213 214 217 219 220]] [15 [227 228 229 230 231 232 233 235 236 238 239]] [16 [240 243 244 245 246 248 249 250 252 253]] [17 [255 257 258 259 260 263 264 266 267]] [18 [271 273 275 276 277 279 281 282 283]] [19 [285 286 288 290 291 292 294 298 299]] [20 [300 302 304 305 307 308 310 311 312 313]] [21 [315 321 322 323 324 325 326 327 328]] [22 [330 332 335 337 338 339 340 341 342 343]] [23 [345 346 350 352 353 354]] [24 [360 361 363 365 366 367 368 369 370 372]] [25 [378 381 382 383 385 386 388 389]] [26 [390 391 392 394 395 396 398 399 400]] [27 [406 407 408 409 410 413 414 417 419]] [28 [420 422 423 424 425 427 428 429 430 431 434]] [29 [435 436 438 440 442 443 444 445 448 449]] [30 [450 455 456]] [31 [471 478]] [32 [486 490 492]] [33 [497 498 499 500 501 502 504 505 508 509]] [34 [511 512 513 515 517 518 519 520 523]] [35 [525 528 529 531 532 533 536 537 538]] [36 [540 541 543 544 545 546 548 551 552 553]] [37 [556 560 561 562 563 564 565 568 569]] [38 [570 574 575 577 578 580 581 582 583 584]] [39 [586 588 589 590 591 592 593 596 598 599]] [40 [600 602 604 605 606 608 610 611 614]] [41 [615 616 618 619 621 624 625 626 627 629]] [42 [631 632 634 635 636 637 640 641 642 644]] [43 [645 646 647 650 652 653 655 656 657 659]] [44 [660 662 663 664 666 667 669 670 671 672]] [45 [675 676 678 679 681 683 685 686 687 689]] [46 [691 694 695 698 699 700 701 702 703 704]] [47 [705 707 710 711 712 713 714 717 718]] [48 [720 721 722 724 727 730 732 733 734]] [49 [735 740 741 744 745 746 747 748 749]] [50 [753 754 755 756 757 758 759 761 762]] [51 [765 766 768 770 771 772 773 775 777 778]] [52 [780 781 782 783 784 786 787 788 790 792 793 794]] [53 [796 797 798 799 800 803 806 808 809]] [54 [811 813 815 816 817 818 819 820 822 824]] [55 [825 826 827 832 833 834 835 837 838 839]] [56 [840 841 843 846 847 850 851 852 853 854]] [57 [856 857 858 859 861 862 865 866]] [58 [871 872 873 875 876 877 881 884]] [59 [886 887 889 890 892 894 895 896 897 898 899]] [60 [901 902 904 905 907 910 911 912 913 914]] [61 [916 917 919 920 921 923 926 927 928 929]] [62 [930 931 934 935 936 939 940 941 942 943 944]] [63 [946 947 948 949 950 953 956 958 959]] [64 [960 963 965 966 967 969 970 971 972]] [65 [975 976 977 978 979 980 982 985 987 988]] [66 [991 992 993 994 995 996 997 998 1000 1002 1003]] [67 [1005 1007 1008 1009 1010 1013 1014 1015]] [68 [1021 1022 1024 1025 1027 1029 1032 1033 1034]] [69 [1035 1036 1037 1039 1040 1042 1043 1045 1047 1048]] [70 [1052 1053 1054 1055 1056 1057 1059]] [71 [1065 1067 1068 1069 1072 1073 1074 1076 1077]] [72 [1080 1081 1085 1086 1087 1090 1091 1092 1094]] [73 [1095 1096 1098 1101 1103 1104 1105 1106 1107 1108 1109]] [74 [1110 1111 1116 1123]] [75 [1125 1128 1130 1132 1133 1134 1135 1136 1137 1138]] [76 [1140 1141 1142 1143 1144 1147 1148 1149 1150 1152]] [77 [1155 1156 1157 1158 1159 1163 1164 1167 1168]] [78 [1170 1171 1174 1176 1178 1179 1180 1181 1183]] [79 [1185 1188 1189 1190 1191 1193 1195 1196 1197]] [80 [1200 1202 1204 1206 1207 1209 1212 1213 1214]] [81 [1217 1218 1219 1221 1222 1223 1226 1227 1228]] [82 [1230 1232 1234 1235 1236 1238 1239 1242 1244]] [83 [1246 1249 1250 1257]] [84 [1260 1261 1263 1264 1266 1267 1268 1270 1272]] [85 [1275 1276 1277 1278 1279 1282]] [86 [1298 1303 1304]] [87 [1307 1308 1311 1314 1315 1316 1318 1319]] [88 [1321 1324 1325 1326 1328 1330 1332 1334]] [89 [1336 1339 1340 1341 1342 1344 1345 1346 1347 1348 1349]] [90 [1351 1353 1355 1358 1359 1362 1364]] [91 [1365 1366 1367 1369 1370 1372 1373 1374 1376 1377 1379]] [92 [1380 1384 1385 1386 1387 1388 1389 1390 1392 1394]] [93 [1397 1398 1400 1401 1405 1406 1407 1408]] [94 [1411 1415 1418 1419 1420 1421 1422 1423 1424]] [95 [1426 1429 1430 1431 1432 1434 1435 1436 1437 1439]] [96 [1442 1445 1446 1447 1448 1450 1451 1453]] [97 [1455 1456 1457 1460 1461 1466 1467 1468]] [98 [1471 1472 1473 1476 1477 1478 1480 1481 1482 1484]] [99 [1485 1487 1491 1492 1493 1496 1497 1498 1499]]]",,"[[{citizen 37} [[""A"" [0]]]] [{media 51} [[""A"" [1]]]] [{media 53} [[""A"" [1]]]] [{media 59} [[""A"" [4]]]] [{media 61} [[""A"" [1]]]] [{media 60} [[""A"" [0]]]] [{citizen 8} [[""A"" [3]]]] [{media 54} [[""A"" [5]]]] [{citizen 0} [[""A"" [1]]]] [{media 57} [[""A"" [6]]]] [{media 56} [[""A"" [1]]]] [{media 52} [[""A"" [2]]]] [{citizen 6} [[""A"" [1]]]] [{media 58} [[""A"" [2]]]] [{media 55} [[""A"" [1]]]] [{citizen 21} [[""A"" [1]]]] [{media 50} [[""A"" [4]]]] [{media 62} [[""A"" [3]]]] [{citizen 18} [[""A"" [0]]]] [{media 64} [[""A"" [2]]]] [{citizen 7} [[""A"" [1]]]] [{media 63} [[""A"" [0]]]] [{citizen 1} [[""A"" [0]]]] [{citizen 31} [[""A"" [0]]]] [{citizen 26} [[""A"" [3]]]] [{citizen 49} [[""A"" [2]]]] [{citizen 13} [[""A"" [0]]]] [{citizen 42} [[""A"" [1]]]] [{citizen 30} [[""A"" [0]]]] [{citizen 5} [[""A"" [1]]]] [{citizen 15} [[""A"" [0]]]] [{citizen 14} [[""A"" [0]]]] [{citizen 11} [[""A"" [0]]]] [{citizen 20} [[""A"" [1]]]] [{citizen 28} [[""A"" [1]]]] [{citizen 9} [[""A"" [1]]]] [{citizen 12} [[""A"" [2]]]] [{citizen 2} [[""A"" [1]]]] [{citizen 45} [[""A"" [2]]]] [{citizen 23} [[""A"" [1]]]] [{citizen 47} [[""A"" [3]]]] [{citizen 36} [[""A"" [1]]]] [{citizen 19} [[""A"" [2]]]] [{citizen 38} [[""A"" [1]]]] [{citizen 17} [[""A"" [1]]]] [{citizen 40} [[""A"" [0]]]] [{citizen 48} [[""A"" [2]]]] [{citizen 43} [[""A"" [0]]]] [{citizen 39} [[""A"" [0]]]] [{citizen 10} [[""A"" [1]]]] [{citizen 27} [[""A"" [2]]]] [{citizen 34} [[""A"" [1]]]] [{citizen 25} [[""A"" [1]]]] [{citizen 44} [[""A"" [1]]]] [{citizen 33} [[""A"" [0]]]] [{citizen 32} [[""A"" [1]]]] [{citizen 16} [[""A"" [0]]]] [{citizen 4} [[""A"" [1]]]] [{citizen 41} [[""A"" [1]]]] [{citizen 29} [[""A"" [2]]]] [{citizen 3} [[""A"" [1]]]] [{citizen 35} [[""A"" [2]]]] [{citizen 46} [[""A"" [1]]]] [{citizen 24} [[""A"" [1]]]]]"
"23","[213 0 42]","317.87234042553195","-3.6709100860030586","3.370526982753413","""circle""","""""","9.9","{breed citizens}","false","0.5","1","""up""",,"[[""ID"" 18] [""alpha"" 1] [""beta"" 1] [""malleable"" [""A""]] [""prior"" []] [""cont_tokens"" []] [""A"" 1]]","[[0 [0 1 2 3 4 5 6 7 8 9 10 11 12 13 14]] [1 [15 17 18 19 20 21 22 23 24 27 29]] [2 [30 31 32 33 34 35 36 37 39 40 41 42 43 44]] [3 [45 46 47 48 49 50 51 52 53 54 55 56 57 58 59]] [4 [60 61 62 63 64 65 66 67 68 69 70 71 73 74]] [5 [75 76 77 78 79 80 81 82 83 84 85 86 87 88 89]] [6 [91 93 94 95 96 97 98 99 101 102 103]] [7 [105 106 108 110 111 112 113 114 115 117 118]] [8 [120 121 123 125 126 127 128 129 130 131 132 133 134]] [9 [135 136 137 138 139 140 141 142 143 144 145 146 147 148 149]] [10 [150 151 152 153 154 155 156 157 158 159 160 161 162 163 164]] [11 [165 166 167 168 169 170 171 172 173 174 175 176 178 179]] [12 [180 181 183 184 185 186 187 189 190 191 192 193 194]] [13 [195 196 197 198 199 200 201 202 203 204 205 206 207 208 209]] [14 [210 211 212 213 214 215 216 217 218 219 220 221 222 223 224]] [15 [225 226 227 228 229 230 231 232 233 234 235 236 237 238 239]] [16 [240 243 244 245 246 247 248 249 250 251 252 253 254]] [17 [255 256 257 258 259 260 261 262 263 264 265 266 267 268 269]] [18 [270 271 272 273 274 275 276 277 278 279 280 281 282 283 284]] [19 [285 286 287 288 289 290 291 292 293 294 295 296 298 299]] [20 [300 302 303 304 305 307 308 309 310 311 312 313 314]] [21 [315 317 318 319 320 321 322 323 324 325 326 327 328 329]] [22 [330 331 332 333 334 335 336 337 338 339 340 341 342 343 344]] [23 [345 346 347 348 349 350 351 352 353 354 355 356 357 358 359]] [24 [360 361 362 363 364 365 366 367 368 369 370 371 372 373 374]] [25 [375 376 377 378 379 380 381 382 383 384 385 386 387 388 389]] [26 [390 391 392 394 395 396 398 399 400 401 402 403 404]] [27 [405 406 407 408 409 410 411 412 413 414 415 416 417 418 419]] [28 [420 421 422 423 424 425 426 427 428 429 430 431 432 433 434]] [29 [435 436 437 438 439 440 441 442 443 444 445 446 447 448 449]] [30 [450 451 452 453 454 455 456 457 458 459 460 461 462 463 464]] [31 [465 466 467 468 469 470 471 472 473 474 475 476 477 478 479]] [32 [480 481 482 483 484 485 486 487 488 489 490 491 492 493 494]] [33 [495 496 499 500 501 502 503 504 505 506 507 508 509]] [34 [510 511 512 513 514 515 516 517 518 519 520 523]] [35 [525 527 528 529 531 532 533 536 537 538 539]] [36 [540 541 542 543 544 545 546 548 549 550 551 552 553 554]] [37 [555 556 557 558 559 560 561 562 563 564 565 566 567 568 569]] [38 [570 571 572 573 574 575 576 577 578 579 580 581 582 583 584]] [39 [585 586 587 588 589 590 591 592 593 594 595 596 598 599]] [40 [600 602 603 604 605 606 607 608 610 611 612 613 614]] [41 [615 616 617 618 619 621 622 623 624 625 626 627 628 629]] [42 [630 631 632 633 634 635 636 637 638 640 641 642 643 644]] [43 [645 646 647 648 649 650 651 652 653 654 655 656 657 658 659]] [44 [660 661 662 663 664 665 666 667 668 669 670 671 672 673]] [45 [675 676 677 678 679 680 681 682 683 684 685 686 687 688 689]] [46 [691 693 694 695 696 697 698 699 700 701 702 703 704]] [47 [705 706 707 708 709 710 711 712 713 714 716 717 718]] [48 [720 721 722 723 724 727 728 729 730 731 732 733 734]] [49 [735 736 737 738 739 740 741 742 743 744 745 746 747 748 749]] [50 [750 751 752 753 754 755 756 757 758 759 760 761 762 763 764]] [51 [765 766 767 768 770 771 772 773 774 775 777 778 779]] [52 [780 781 782 783 784 785 786 787 788 789 790 791 792 793 794]] [53 [795 796 797 798 799 800 801 802 803 804 805 806 807 808 809]] [54 [810 811 812 813 814 815 816 817 818 819 820 821 822 823 824]] [55 [825 826 827 828 829 830 831 832 833 834 835 836 837 838 839]] [56 [840 841 842 843 844 845 846 847 848 849 850 851 852 853 854]] [57 [856 857 858 859 861 862 863 864 865 866 867 868 869]] [58 [870 871 872 873 874 875 876 877 878 879 880 881 883 884]] [59 [885 886 887 889 890 892 893 894 895 896 897 898 899]] [60 [900 901 902 903 904 905 906 907 908 909 910 911 912 913 914]] [61 [915 916 917 919 920 921 922 923 924 925 926 927 928 929]] [62 [930 931 932 934 935 936 938 939 940 941 942 943 944]] [63 [945 946 947 948 949 950 953 956 957 958 959]] [64 [960 961 962 963 965 966 967 969 970 971 972]] [65 [975 976 977 978 979 980 982 985 987 988]] [66 [991 992 993 994 995 996 997 998 1000 1002 1003]] [67 [1005 1006 1007 1008 1009 1010 1011 1012 1013 1014 1015 1017 1018]] [68 [1021 1022 1024 1025 1026 1027 1028 1029 1032 1033 1034]] [69 [1035 1036 1037 1039 1040 1042 1043 1044 1045 1047 1048]] [70 [1050 1051 1052 1053 1054 1055 1056 1057 1058 1059 1060 1061 1063]] [71 [1065 1066 1067 1068 1069 1070 1071 1072 1073 1074 1075 1076 1077 1078 1079]] [72 [1080 1081 1082 1083 1084 1085 1086 1087 1088 1089 1090 1091 1092 1093 1094]] [73 [1095 1096 1097 1098 1099 1100 1101 1102 1103 1104 1105 1106 1107 1108 1109]] [74 [1110 1111 1112 1113 1114 1115 1116 1117 1118 1119 1120 1121 1122 1123 1124]] [75 [1125 1126 1127 1128 1130 1132 1133 1134 1135 1136 1137 1138 1139]] [76 [1140 1141 1142 1143 1144 1145 1146 1147 1148 1149 1150 1151 1152 1153]] [77 [1155 1156 1157 1158 1159 1160 1161 1162 1163 1164 1165 1167 1168 1169]] [78 [1170 1171 1172 1173 1174 1175 1176 1177 1178 1179 1180 1181 1182 1183]] [79 [1185 1186 1187 1188 1189 1190 1191 1193 1195 1196 1197 1199]] [80 [1200 1201 1202 1203 1204 1205 1206 1207 1208 1209 1210 1211 1212 1213 1214]] [81 [1215 1216 1217 1218 1219 1220 1221 1222 1223 1224 1225 1226 1227 1228 1229]] [82 [1230 1231 1232 1233 1234 1235 1236 1237 1238 1239 1240 1241 1242 1243 1244]] [83 [1245 1246 1247 1248 1249 1250 1251 1252 1253 1254 1255 1256 1257 1258 1259]] [84 [1260 1261 1262 1263 1264 1265 1266 1267 1268 1269 1270 1271 1272 1273 1274]] [85 [1275 1276 1277 1278 1279 1280 1281 1282 1283 1284 1285 1286 1287 1288 1289]] [86 [1290 1291 1292 1293 1294 1295 1296 1297 1299 1300 1301 1302]] [87 [1305 1306 1307 1308 1309 1310 1311 1312 1313 1314 1315 1316 1317 1318 1319]] [88 [1320 1321 1322 1323 1324 1325 1326 1327 1328 1329 1330 1331 1332 1333 1334]] [89 [1336 1338 1339 1340 1341 1342 1343 1344 1345 1346 1347 1348 1349]] [90 [1350 1351 1352 1353 1354 1355 1356 1357 1358 1359 1361 1362 1363 1364]] [91 [1365 1366 1367 1368 1369 1370 1371 1372 1373 1374 1376 1377 1379]] [92 [1380 1381 1382 1383 1384 1385 1386 1387 1388 1389 1390 1391 1392 1393 1394]] [93 [1395 1396 1397 1398 1399 1400 1401 1402 1403 1404 1405 1406 1407 1408 1409]] [94 [1410 1411 1412 1413 1414 1415 1416 1417 1418 1419 1420 1421 1422 1423 1424]] [95 [1425 1426 1427 1428 1429 1430 1431 1432 1433 1434 1435 1436 1437 1439]] [96 [1440 1441 1442 1443 1445 1446 1447 1448 1449 1450 1451 1452 1453 1454]] [97 [1455 1456 1457 1458 1459 1460 1461 1462 1463 1464 1465 1466 1467 1468 1469]] [98 [1470 1471 1472 1473 1474 1475 1476 1477 1478 1479 1480 1481 1482 1484]] [99 [1485 1486 1487 1491 1492 1493 1495 1496 1497 1498 1499]]]","[[0 [0 3 4 6 7 8 10 11 12 13 14]] [1 [15 17 18 19 20 22 27 29]] [2 [30 32 33 34 35 36 37 39 44]] [3 [48 50 51 52 54 55 56 57 58 59]] [4 [61 62 63 64 65 66 68 71]] [5 [75 76 79 81 87 88 89]] [6 [91 94 95 96 97 98 99 101 102 103]] [7 [105 106 108 110 112 113 114 117 118]] [8 [120 121 126 127 128 131 132 133 134]] [9 [135 136 137 138 139 141 143 144 146 148]] [10 [150 151 152 154 155 158 161 163 164]] [11 [165 166 167 168 169 170 172 174 176 178 179]] [12 [180 184 185 186 187 189 190 192 193]] [13 [196 197 198 199 202 203 204 205 208]] [14 [210 211 213 214 217 219 220]] [15 [227 228 229 230 231 232 233 235 236 238 239]] [16 [240 243 244 245 246 247 248 249 250 252]] [17 [257 258 259 260 261 263 264 266 267 269]] [18 [273 275 276 277 279 281 282 283]] [19 [285 286 288 289 290 291 292 294 298 299]] [20 [300 302 304 305 307 308 310 311 312 313]] [21 [315 318 321 322 323 324 325 326 327 328]] [22 [330 334 335 337 338 339 340 341 342 343]] [23 [345 346 350 351 353 355 358 359]] [24 [360 361 363 365 366 367 368 371 372]] [25 [377 379 380 383 385 386 388]] [26 [390 391 392 394 395 396 398 399 400]] [27 [405 406 407 408 409 410 411 412 416 418]] [28 [420 421 422 423 424 425 426 427 428 432 434]] [29 [435 436 439 441 446]] [30 [450 453 455 463]] [31 [465 466 467 468 469 470 473 474 475 476 477 479]] [32 [480 481 482 483 484 485 487 488 491 493 494]] [33 [495 496 499 500 501 502 504 505 508 509]] [34 [511 512 513 514 515 517 518 519 520 523]] [35 [525 528 529 531 532 533 536 537 539]] [36 [540 541 542 543 544 545 546 549 550 554]] [37 [555 558 566 567 569]] [38 [570 571 574 577 578 580 581 582 583]] [39 [585 586 588 589 590 591 593 596 598 599]] [40 [600 602 604 605 606 608 610 611]] [41 [615 616 618 619 621 624 625 626 627 629]] [42 [632 634 635 636 637 638 640 641 642 644]] [43 [645 646 647 650 652 653 654 658]] [44 [660 661 662 663 664 665 668 673]] [45 [677 680 682 684 685 686 687 689]] [46 [691 694 695 698 699 700 701 703 704]] [47 [705 706 707 710 711 712 713 714 717 718]] [48 [720 721 722 724 727 730 732 733 734]] [49 [735 736 738 739 741 743 744]] [50 [751 752 753 754 755 756 757 760 761 762 764]] [51 [765 766 768 770 771 773 775 777 779]] [52 [785 788 792 793]] [53 [795 797 798 799 800 801 805 807 808 809]] [54 [811 813 815 816 817 818 819 820 822]] [55 [825 826 827 830 831 834 835 836]] [56 [842 848 849]] [57 [863 864 865 866]] [58 [871 872 873 875 876 877 878 879 880 881 884]] [59 [886 887 889 890 892 893 894 895 896 897 899]] [60 [906 908 909 911 912 913 914]] [61 [915 916 917 919 920 921 923 926 927 928]] [62 [931 934 936 939 940 941 942 943 944]] [63 [946 947 948 949 950 953 956 958 959]] [64 [960 963 965 966 967 969 970 971 972]] [65 [975 976 977 978 980 982 985 987 988]] [66 [991 992 993 994 995 996 997 1002 1003]] [67 [1005 1007 1008 1009 1010 1012 1013 1014 1015 1018]] [68 [1021 1022 1024 1025 1027 1029 1033 1034]] [69 [1035 1036 1037 1039 1040 1042 1043 1044 1045 1047 1048]] [70 [1052 1053 1054 1055 1056 1057 1059]] [71 [1065 1067 1068 1069 1072 1073 1074 1076 1077]] [72 [1080 1081 1085 1086 1088 1089 1090 1091 1092 1094]] [73 [1095 1096 1098 1101 1104 1105 1106 1107 1108 1109]] [74 [1110 1112 1113 1114 1115 1118 1119 1120 1121 1122]] [75 [1126 1127 1128 1135 1136 1137 1138]] [76 [1140 1141 1142 1143 1144 1147 1148 1149 1150 1152]] [77 [1155 1156 1157 1158 1159 1163 1164 1167 1168]] [78 [1170 1171 1172 1174 1178 1179 1180 1181 1182 1183]] [79 [1185 1186 1187 1188 1189 1190 1191 1193 1196 1197]] [80 [1200 1202 1204 1205 1206 1207 1209 1212 1213 1214]] [81 [1217 1218 1219 1221 1222 1223 1226 1228]] [82 [1230 1232 1234 1235 1237 1240]] [83 [1248 1250 1257]] [84 [1260 1261 1263 1264 1266 1267 1268 1270 1272 1274]] [85 [1281 1283 1284 1285 1286 1287 1288 1289]] [86 [1290 1291 1292 1294 1295 1297 1299 1300 1301 1302]] [87 [1306 1307 1308 1311 1314 1315 1316 1318 1319]] [88 [1321 1324 1325 1326 1327 1328 1330 1332]] [89 [1336 1339 1340 1341 1342 1344 1345 1346 1347 1348 1349]] [90 [1350 1352 1354 1355 1357 1358 1359 1362 1363 1364]] [91 [1365 1366 1367 1369 1370 1373 1374 1376 1379]] [92 [1380 1381 1382 1383 1391 1393 1394]] [93 [1395 1396 1399]] [94 [1411 1413 1414 1416 1417 1421 1422 1423 1424]] [95 [1426 1429 1431 1432 1434 1435 1436 1437 1439]] [96 [1442 1446 1447 1448 1449 1450 1451 1452 1454]] [97 [1458 1459 1463 1464 1465 1466 1467 1468]] [98 [1471 1472 1473 1476 1477 1478 1480 1481 1482 1484]] [99 [1485 1487 1491 1492 1493 1495 1496 1497 1498 1499]]]",,"[[{citizen 34} [[""A"" [1]]]] [{citizen 45} [[""A"" [3]]]] [{media 50} [[""A"" [4]]]] [{media 51} [[""A"" [1]]]] [{media 53} [[""A"" [1]]]] [{media 54} [[""A"" [5]]]] [{media 59} [[""A"" [4]]]] [{media 60} [[""A"" [0]]]] [{media 61} [[""A"" [1]]]] [{media 63} [[""A"" [0]]]] [{citizen 8} [[""A"" [3]]]] [{citizen 4} [[""A"" [1]]]] [{media 57} [[""A"" [6]]]] [{citizen 0} [[""A"" [1]]]] [{citizen 1} [[""A"" [0]]]] [{media 56} [[""A"" [1]]]] [{media 52} [[""A"" [2]]]] [{citizen 6} [[""A"" [1]]]] [{media 58} [[""A"" [2]]]] [{media 55} [[""A"" [1]]]] [{citizen 7} [[""A"" [3]]]] [{citizen 10} [[""A"" [3]]]] [{media 62} [[""A"" [3]]]] [{media 64} [[""A"" [2]]]] [{citizen 5} [[""A"" [1]]]] [{citizen 31} [[""A"" [0]]]] [{citizen 26} [[""A"" [3]]]] [{citizen 49} [[""A"" [0]]]] [{citizen 13} [[""A"" [1]]]] [{citizen 42} [[""A"" [1]]]] [{citizen 30} [[""A"" [0]]]] [{citizen 15} [[""A"" [0]]]] [{citizen 14} [[""A"" [0]]]] [{citizen 11} [[""A"" [1]]]] [{citizen 20} [[""A"" [1]]]] [{citizen 28} [[""A"" [1]]]] [{citizen 9} [[""A"" [1]]]] [{citizen 12} [[""A"" [3]]]] [{citizen 2} [[""A"" [1]]]] [{citizen 18} [[""A"" [1]]]] [{citizen 22} [[""A"" [1]]]] [{citizen 21} [[""A"" [1]]]] [{citizen 44} [[""A"" [1]]]] [{citizen 16} [[""A"" [0]]]] [{citizen 39} [[""A"" [0]]]] [{citizen 17} [[""A"" [0]]]] [{citizen 43} [[""A"" [1]]]] [{citizen 48} [[""A"" [3]]]] [{citizen 25} [[""A"" [1]]]] [{citizen 38} [[""A"" [1]]]] [{citizen 33} [[""A"" [0]]]] [{citizen 36} [[""A"" [1]]]] [{citizen 37} [[""A"" [0]]]] [{citizen 40} [[""A"" [0]]]] [{citizen 27} [[""A"" [3]]]] [{citizen 19} [[""A"" [3]]]] [{citizen 32} [[""A"" [1]]]] [{citizen 41} [[""A"" [1]]]] [{citizen 29} [[""A"" [1]]]] [{citizen 47} [[""A"" [3]]]] [{citizen 3} [[""A"" [1]]]] [{citizen 35} [[""A"" [2]]]] [{citizen 46} [[""A"" [3]]]] [{citizen 24} [[""A"" [1]]]]]"
"24","[213 0 42]","130.2127659574468","7.5585905392644515","-6.501771752431678","""circle""","""""","9.9","{breed citizens}","false","0.5","1","""up""",,"[[""ID"" 23] [""alpha"" 1] [""beta"" 1] [""malleable"" [""A""]] [""prior"" []] [""cont_tokens"" []] [""A"" 1]]","[[0 [0 1 2 3 4 5 6 7 8 9 10 11 12 13 14]] [1 [16 25 26 28]] [2 [31 37 38 39 44]] [3 [45 46 47 48 49 50 51 52 54 55 56 57 58 59]] [4 [60 61 62 63 64 65 66 67 68 69 70 71 73 74]] [5 [75 76 77 78 79 80 81 82 83 84 85 86 87 88 89]] [6 [91 93 94 95 96 97 98 99 101 102 103]] [7 [105 106 108 110 111 112 113 114 115 117 118]] [8 [120 121 123 125 126 127 128 129 130 131 132 133 134]] [9 [135 136 137 138 139 140 141 142 143 144 145 146 147 148 149]] [10 [150 151 152 153 154 155 157 158 159 160 161 162 163 164]] [11 [165 166 167 168 169 170 172 173 174 175 176 178 179]] [12 [180 181 183 184 185 186 187 188 189 190 191 192 193 194]] [13 [195 196 197 198 199 200 201 202 203 204 205 207 208 209]] [14 [210 211 212 213 214 215 216 217 218 219 220 221 222 223 224]] [15 [225 226 227 228 229 230 231 232 233 234 235 236 237 238 239]] [16 [240 243 244 245 246 247 248 249 250 251 252 253 254]] [17 [255 256 257 258 259 260 261 262 263 264 265 266 267 268 269]] [18 [270 271 272 273 274 275 276 277 278 279 280 281 282 283 284]] [19 [293 295 296 297 299]] [20 [300 301 302 303 304 305 306 307 308 309 310 311 312 313 314]] [21 [315 317 318 319 320 321 322 323 324 325 326 327 328 329]] [22 [330 331 332 333 334 335 336 337 338 339 340 341 342 343 344]] [23 [345 346 347 348 349 350 351 352 353 354 355 356 357 358 359]] [24 [360 361 362 363 364 365 366 367 368 369 370 371 372 373 374]] [25 [375 376 377 378 379 380 381 382 383 384 385 386 388 389]] [26 [390 391 392 394 395 396 398 399 400 401 402 403 404]] [27 [405 406 407 408 409 410 411 412 413 414 415 416 417 418 419]] [28 [420 421 422 423 424 425 426 427 428 429 430 431 432 433 434]] [29 [435 436 437 438 439 440 441 442 443 444 445 446 447 448 449]] [30 [450 451 452 453 454 455 456 457 458 459 460 461 462 463 464]] [31 [465 466 467 468 469 470 471 472 473 474 475 476 477 478 479]] [32 [486 489 490 492]] [33 [495 496 497 498 499 500 501 502 503 504 505 506 507 508 509]] [34 [510 511 512 513 514 515 516 517 518 519 520 523]] [35 [525 527 528 529 531 532 533 536 537 538 539]] [36 [540 541 542 543 544 545 546 548 549 550 551 552 553 554]] [37 [555 556 557 558 559 560 561 562 563 564 565 566 567 568 569]] [38 [570 571 572 573 574 575 576 577 578 579 580 581 582 583 584]] [39 [585 586 587 588 589 590 591 592 593 594 595 596 598 599]] [40 [600 602 603 604 605 606 607 608 610 611 612 613 614]] [41 [615 616 617 618 619 621 622 623 624 625 626 627 628 629]] [42 [630 631 632 633 634 635 636 637 638 640 641 642 643 644]] [43 [645 646 647 648 649 650 651 652 653 654 655 656 657 658 659]] [44 [660 661 662 663 664 665 666 667 668 669 670 671 672 673]] [45 [675 676 677 678 679 680 681 682 683 684 685 686 687 689]] [46 [690 691 692 693 694 695 696 697 698 699 700 701 702 703 704]] [47 [705 706 707 708 709 710 711 712 713 714 716 717 718]] [48 [720 721 722 723 724 727 728 729 730 731 732 733 734]] [49 [735 736 737 738 739 740 741 742 743 744 745 746 747 748 749]] [50 [750 751 752 753 754 755 756 757 758 759 760 761 762 763 764]] [51 [765 766 767 768 770 771 772 773 774 775 777 778 779]] [52 [780 781 782 783 784 785 786 787 788 789 790 791 792 793 794]] [53 [795 796 797 798 799 800 801 802 803 804 805 806 807 808 809]] [54 [810 811 812 813 814 815 816 817 818 819 820 821 822 823 824]] [55 [825 826 827 830 831 832 833 834 835 836 837 838 839]] [56 [840 841 842 843 844 845 846 847 848 849 850 851 852 853 854]] [57 [855 856 857 858 859 860 861 862 863 864 865 866 868]] [58 [870 871 872 873 874 875 876 877 878 879 880 881 883 884]] [59 [885 886 887 889 890 892 893 894 895 896 897 898 899]] [60 [900 901 902 903 904 905 906 907 908 909 910 911 912 913 914]] [61 [915 916 917 919 920 921 922 923 924 925 926 927 928 929]] [62 [930 931 932 934 935 936 938 939 940 941 942 943 944]] [63 [945 946 947 948 949 950 953 956 957 958 959]] [64 [960 961 962 963 965 966 967 969 970 971 972]] [65 [975 976 977 978 979 980 982 985 987 988]] [66 [991 992 993 994 995 996 997 998 1000 1002 1003]] [67 [1005 1006 1007 1008 1009 1010 1011 1012 1013 1014 1015 1017 1018]] [68 [1021 1022 1024 1025 1026 1027 1028 1029 1032 1033 1034]] [69 [1035 1036 1037 1039 1040 1042 1043 1044 1045 1047 1048]] [70 [1050 1051 1052 1053 1054 1055 1056 1057 1058 1059 1060 1061 1062 1063]] [71 [1065 1066 1067 1068 1069 1070 1071 1072 1073 1074 1075 1076 1077 1078 1079]] [72 [1080 1081 1082 1083 1084 1085 1086 1087 1088 1089 1090 1091 1092 1093 1094]] [73 [1095 1096 1097 1098 1099 1100 1101 1102 1103 1104 1105 1106 1107 1108 1109]] [74 [1110 1111 1112 1113 1114 1115 1116 1117 1118 1119 1120 1121 1122 1123 1124]] [75 [1125 1126 1127 1128 1130 1132 1133 1134 1135 1136 1137 1138 1139]] [76 [1140 1141 1142 1143 1144 1145 1146 1147 1148 1149 1150 1151 1152 1153]] [77 [1155 1156 1157 1158 1159 1160 1161 1162 1163 1164 1165 1167 1168 1169]] [78 [1170 1171 1172 1173 1174 1175 1176 1177 1178 1179 1180 1181 1182 1183 1184]] [79 [1186 1187 1188 1189 1190 1191 1192 1193 1194 1195 1196 1197 1198 1199]] [80 [1200 1201 1202 1203 1204 1205 1206 1207 1208 1209 1210 1211 1212 1213 1214]] [81 [1215 1216 1217 1218 1219 1220 1221 1222 1223 1224 1225 1226 1227 1228 1229]] [82 [1230 1231 1232 1233 1234 1235 1236 1237 1238 1239 1240 1241 1242 1243 1244]] [83 [1245 1246 1247 1248 1249 1250 1251 1252 1253 1254 1255 1256 1257 1258 1259]] [84 [1260 1261 1263 1264 1265 1266 1267 1268 1269 1270 1271 1272 1274]] [85 [1275 1276 1277 1278 1279 1280 1281 1282 1283 1284 1285 1286 1287 1288 1289]] [86 [1290 1291 1292 1293 1294 1295 1296 1297 1298 1299 1300 1301 1302 1303 1304]] [87 [1305 1306 1307 1308 1309 1310 1311 1312 1313 1314 1315 1316 1317 1318 1319]] [88 [1320 1321 1322 1323 1324 1325 1326 1327 1328 1329 1330 1331 1332 1333 1334]] [89 [1336 1337 1338 1339 1340 1341 1342 1343 1344 1345 1346 1347 1348 1349]] [90 [1350 1351 1352 1353 1354 1355 1356 1357 1358 1359 1361 1362 1363 1364]] [91 [1365 1366 1367 1368 1369 1370 1371 1372 1373 1374 1376 1377 1379]] [92 [1380 1381 1382 1383 1384 1385 1386 1387 1388 1389 1390 1391 1392 1393 1394]] [93 [1395 1396 1397 1398 1399 1400 1401 1402 1403 1404 1405 1406 1407 1408 1409]] [94 [1410 1411 1412 1413 1414 1415 1416 1417 1418 1419 1420 1421 1422 1423 1424]] [95 [1425 1426 1427 1428 1429 1430 1431 1432 1433 1434 1435 1436 1437 1439]] [96 [1440 1441 1442 1443 1445 1446 1447 1448 1449 1450 1451 1452 1453 1454]] [97 [1455 1456 1457 1458 1459 1460 1461 1462 1463 1464 1465 1466 1467 1468 1469]] [98 [1471 1472 1473 1474 1475 1476 1477 1478 1479 1480 1481 1482 1484]] [99 [1485 1486 1487 1491 1492 1493 1495 1496 1497 1498 1499]]]","[[0 [1 2]] [1 [16 25 26 28]] [2 [31 37 39 44]] [3 [45 46 47 49 54 55 56 57 59]] [4 [61 64 65 66 67 70 73 74]] [5 [77 78 82 83 84 85 87 88 89]] [6 [91 94 95 96 97 98 99 101 102 103]] [7 [105 106 108 110 111 112 113 114 117 118]] [8 [120 121 126 127 128 131 132 133 134]] [9 [135 136 137 138 139 140 141 143 144 146 148 149]] [10 [153 154 155 158 161 163 164]] [11 [165 166 167 168 169 170 172 174 175 176 178]] [12 [181 183 185 186 187 189 190 191]] [13 [195 201 208]] [14 [212 215 220]] [15 [227 228 229 230 231 232 233 235 236 238 239]] [16 [240 243 244 245 246 248 249 250 251 253]] [17 [255 256 262 265 268 269]] [18 [270 272 274 280 284]] [19 [295 296]] [20 [300 302 304 305 307 308 310 311 312 313]] [21 [315 317 319 320 328]] [22 [330 332 335 336 339 340 341 342 343]] [23 [345 346 350 351 353 354 355 356 357 358 359]] [24 [360 361 363 365 366 367 368 369 370 371 373 374]] [25 [375 376 377 379 380 384 386 388 389]] [26 [390 391 392 394 395 396 398 399 400 404]] [27 [405 406 407 408 409 410 411 412 415 416]] [28 [429 430 431 434]] [29 [435 436 438 440 442 443 444 445 448 449]] [30 [451 452 454 455 463]] [31 [465 466 467 471 478]] [32 [486 489 490 492]] [33 [497 498 500 501 502 504 505 508 509]] [34 [511 512 513 514 515 516 517 518 519 523]] [35 [525 527 528 529 531 532 533 536 537 538]] [36 [541 542 543 544 545 548 551 552 553]] [37 [556 557 560 561 562 563 564 568 569]] [38 [570 571 574 575 578 580 582 583 584]] [39 [587 592 593 596 598 599]] [40 [600 602 604 605 606 608 610 611 614]] [41 [615 616 618 619 621 624 625 626 627]] [42 [632 633 634 635 636 637 638 640 641 642 644]] [43 [645 646 647 650 652 653 654 655 656 657 659]] [44 [661 662 663 664 665 668 670 672]] [45 [675 676 678 679 681 683 685 686 687 689]] [46 [691 694 698 699 700 701 702 703 704]] [47 [705 706 707 708 709 710 711 712 713 714 717]] [48 [720 721 722 724 727 729 730 732 733 734]] [49 [735 740 745 746 747 748 749]] [50 [753 754 755 756 757 758 760 761 762 763 764]] [51 [765 766 768 770 771 772 773 775 777 778]] [52 [780 781 782 783 784 786 787 788 790 792 793 794]] [53 [796 797 798 799 800 801 805 807 808]] [54 [810 811 813 815 816 817 818 819 820 822]] [55 [825 826 827 832 833 834 835 836 838 839]] [56 [840 841 843 846 847 850 851 852 853 854]] [57 [856 857 858 859 862 864 865 866]] [58 [871 872 873 875 876 878 879 880 881 884]] [59 [886 887 889 890 892 894 895 896 897 899]] [60 [903 906 908 909 913 914]] [61 [917 919 920 921 923 926 927 928]] [62 [931 934 935 936 939 940 941 942 943]] [63 [945 946 947 948 949 950 953 956 957 959]] [64 [960 962 963 965 966 967 969 970 971 972]] [65 [975 976 977 978 979 980 982 985 987 988]] [66 [991 992 993 994 995 996 997 998 1000 1002 1003]] [67 [1005 1007 1008 1009 1010 1011 1012 1013 1014 1015 1018]] [68 [1021 1022 1024 1025 1027 1028 1029 1033 1034]] [69 [1035 1036 1037 1039 1040 1042 1043 1044]] [70 [1050 1051 1054 1055 1056 1057 1058 1060 1061 1063]] [71 [1066 1067 1068 1069 1072 1073 1074 1076 1077 1079]] [72 [1085 1088 1089 1090 1091 1092 1094]] [73 [1095 1096 1098 1101 1104 1105 1106 1107 1108 1109]] [74 [1110 1112 1114 1115 1118 1119 1120 1121 1122]] [75 [1126 1127 1128 1130 1132 1133 1134 1135 1136 1137]] [76 [1140 1142 1143 1144 1147 1148 1149 1150 1152]] [77 [1155 1156 1157 1158 1159 1161 1162 1169]] [78 [1172 1175 1177]] [79 [1192 1194 1198 1199]] [80 [1201 1203 1205 1206 1209 1212 1213 1214]] [81 [1217 1218 1219 1221 1222 1223 1224 1226 1227 1228]] [82 [1230 1232 1234 1235 1236 1238 1239 1241 1242 1243]] [83 [1247 1251 1252 1253 1254 1255 1256 1258 1259]] [84 [1260 1261 1263 1264 1266 1267 1268 1270 1272 1274]] [85 [1277 1278 1279 1282]] [86 [1298 1303 1304]] [87 [1309 1310 1312 1313 1315 1316 1317 1318 1319]] [88 [1321 1324 1325 1326 1327 1328 1330 1332 1333 1334]] [89 [1336 1339 1340 1341 1342 1344 1345 1346 1347 1348 1349]] [90 [1351 1353 1354 1355 1358 1359 1362 1363 1364]] [91 [1365 1368 1369 1370 1372 1373 1374 1376 1379]] [92 [1380 1384 1385 1386 1388 1389 1390 1392]] [93 [1397 1398 1400 1401 1402 1403 1404 1405 1406 1407 1408]] [94 [1411 1412 1413 1414 1416 1417 1421 1422 1423 1424]] [95 [1426 1428 1430 1431 1432 1434 1435 1436 1437]] [96 [1440 1443 1445 1446 1447 1448 1449 1450 1451 1452 1454]] [97 [1455 1456 1457 1460 1461 1462 1465 1467 1468 1469]] [98 [1471 1472 1473 1479 1481 1482 1484]] [99 [1485 1487 1491 1492 1493 1495 1496 1497 1498 1499]]]",,"[[{citizen 31} [[""A"" [0]]]] [{media 50} [[""A"" [4]]]] [{media 51} [[""A"" [1]]]] [{media 52} [[""A"" [2]]]] [{media 54} [[""A"" [5]]]] [{media 55} [[""A"" [1]]]] [{media 56} [[""A"" [1]]]] [{media 57} [[""A"" [6]]]] [{media 58} [[""A"" [2]]]] [{media 59} [[""A"" [4]]]] [{media 60} [[""A"" [0]]]] [{media 62} [[""A"" [3]]]] [{media 63} [[""A"" [0]]]] [{media 64} [[""A"" [2]]]] [{citizen 6} [[""A"" [0]]]] [{citizen 3} [[""A"" [1]]]] [{citizen 2} [[""A"" [0]]]] [{citizen 15} [[""A"" [0]]]] [{media 53} [[""A"" [1]]]] [{citizen 13} [[""A"" [1]]]] [{citizen 5} [[""A"" [0]]]] [{media 61} [[""A"" [1]]]] [{citizen 1} [[""A"" [1]]]] [{citizen 39} [[""A"" [0]]]] [{citizen 26} [[""A"" [3]]]] [{citizen 0} [[""A"" [1]]]] [{citizen 28} [[""A"" [1]]]] [{citizen 41} [[""A"" [1]]]] [{citizen 14} [[""A"" [0]]]] [{citizen 37} [[""A"" [0]]]] [{citizen 32} [[""A"" [1]]]] [{citizen 48} [[""A"" [1]]]] [{citizen 18} [[""A"" [0]]]] [{citizen 47} [[""A"" [3]]]] [{citizen 27} [[""A"" [1]]]] [{citizen 38} [[""A"" [1]]]] [{citizen 44} [[""A"" [1]]]] [{citizen 49} [[""A"" [1]]]] [{citizen 16} [[""A"" [1]]]] [{citizen 21} [[""A"" [1]]]] [{citizen 8} [[""A"" [3]]]] [{citizen 35} [[""A"" [2]]]] [{citizen 22} [[""A"" [1]]]] [{citizen 33} [[""A"" [0]]]] [{citizen 10} [[""A"" [1]]]] [{citizen 7} [[""A"" [1]]]] [{citizen 42} [[""A"" [1]]]] [{citizen 23} [[""A"" [1]]]] [{citizen 9} [[""A"" [1]]]] [{citizen 17} [[""A"" [0]]]] [{citizen 25} [[""A"" [0]]]] [{citizen 29} [[""A"" [1]]]] [{citizen 20} [[""A"" [1]]]] [{citizen 46} [[""A"" [1]]]] [{citizen 30} [[""A"" [0]]]] [{citizen 4} [[""A"" [1]]]] [{citizen 11} [[""A"" [1]]]] [{citizen 34} [[""A"" [1]]]] [{citizen 45} [[""A"" [2]]]] [{citizen 36} [[""A"" [1]]]] [{citizen 43} [[""A"" [1]]]] [{citizen 40} [[""A"" [1]]]] [{citizen 19} [[""A"" [0]]]] [{citizen 12} [[""A"" [1]]]]]"
"25","[213 0 42]","175.2127659574468","1.710883489445719","-10.047586377442347","""circle""","""""","9.9","{breed citizens}","false","0.5","1","""up""",,"[[""ID"" 45] [""alpha"" 1] [""beta"" 1] [""malleable"" [""A""]] [""prior"" []] [""cont_tokens"" []] [""A"" 1]]","[[0 [0 1 2 3 4 5 6 7 8 9 10 11 12 13 14]] [1 [15 17 18 19 20 21 22 23 24 27 29]] [2 [30 31 32 33 34 35 36 37 39 40 41 42 43 44]] [3 [45 46 47 48 49 50 51 52 53 54 55 56 57 58 59]] [4 [60 61 62 63 64 65 66 67 68 69 70 71 73 74]] [5 [75 76 77 78 79 80 81 82 83 84 85 86 87 88 89]] [6 [91 93 94 95 96 97 98 99 101 102 103]] [7 [105 106 108 110 111 112 113 114 115 117 118]] [8 [120 121 123 125 126 127 128 129 130 131 132 133 134]] [9 [135 136 137 138 139 140 141 142 143 144 145 146 147 148 149]] [10 [150 151 152 153 154 155 157 158 159 160 161 162 163 164]] [11 [165 166 167 168 169 170 171 172 173 174 175 176 178 179]] [12 [180 181 183 184 185 186 187 188 189 190 191 192 193 194]] [13 [195 196 197 198 199 200 201 202 203 204 205 206 207 208 209]] [14 [210 211 212 213 214 215 216 217 218 219 220 221 222 223 224]] [15 [225 226 227 228 229 230 231 232 233 235 236 238 239]] [16 [240 243 244 245 246 247 248 249 250 251 252 253 254]] [17 [255 256 257 258 259 260 261 262 263 264 265 266 267 268 269]] [18 [270 271 272 273 274 275 276 277 278 279 280 281 282 283 284]] [19 [285 286 287 288 289 290 291 292 293 294 295 296 297 298 299]] [20 [300 301 302 303 304 305 306 307 308 309 310 311 312 313 314]] [21 [315 316 317 318 319 320 321 322 323 324 325 326 327 328 329]] [22 [330 331 332 333 334 335 336 337 338 339 340 341 342 343 344]] [23 [345 346 347 349 350 351 352 353 354 355 356 357 358 359]] [24 [360 361 362 363 364 365 366 367 368 369 370 371 372 373 374]] [25 [375 376 377 378 379 380 381 382 383 384 385 386 387 388 389]] [26 [390 391 392 394 395 396 398 399 400 401 402 403 404]] [27 [405 406 407 408 409 410 411 412 413 414 415 416 417 418 419]] [28 [420 421 422 423 424 425 426 427 428 429 430 431 432 433 434]] [29 [435 436 437 438 439 440 441 442 443 444 445 446 447 448 449]] [30 [450 451 452 453 454 455 456 457 458 459 460 461 462 463]] [31 [465 466 467 468 469 470 471 472 473 474 475 476 477 478 479]] [32 [486 489 490 492]] [33 [495 496 497 498 499 500 501 502 503 504 505 506 507 508 509]] [34 [510 511 512 513 514 515 516 517 518 519 520 523]] [35 [525 527 528 529 531 532 533 536 537 538 539]] [36 [540 541 542 543 544 545 546 548 549 550 551 552 553 554]] [37 [555 556 557 558 559 560 561 562 563 564 565 566 567 568 569]] [38 [570 571 572 573 574 575 576 577 578 579 580 581 582 583 584]] [39 [585 586 587 588 589 590 591 592 593 594 595 596 597 598 599]] [40 [600 602 603 604 605 606 607 608 610 611 612 613 614]] [41 [615 616 617 618 619 621 622 623 624 625 626 627 628 629]] [42 [630 631 632 633 634 635 636 637 638 640 641 642 643 644]] [43 [645 646 647 648 649 650 651 652 653 654 655 656 657 658 659]] [44 [660 661 662 663 664 665 666 667 668 669 670 671 672 673]] [45 [675 676 677 678 679 680 681 682 683 684 685 686 687 688 689]] [46 [691 693 694 695 696 697 698 699 700 701 702 703 704]] [47 [705 706 707 708 709 710 711 712 713 714 716 717 718]] [48 [720 721 722 723 724 727 728 729 730 731 732 733 734]] [49 [735 736 737 738 739 740 741 742 743 744 745 746 747 748 749]] [50 [750 751 752 753 754 755 756 757 758 759 760 761 762 763 764]] [51 [765 766 767 768 770 771 772 773 774 775 777 778 779]] [52 [780 781 782 783 784 785 786 787 788 789 790 791 792 793 794]] [53 [795 796 797 798 799 800 801 802 803 804 805 806 807 808 809]] [54 [810 811 812 813 814 815 816 817 818 819 820 821 822 823 824]] [55 [825 826 827 830 831 832 833 834 835 836 837 838 839]] [56 [840 841 842 843 844 845 846 847 848 849 850 851 852 853 854]] [57 [855 856 857 858 859 860 861 862 863 864 865 866 868]] [58 [870 871 872 873 874 875 876 877 878 879 880 881 883 884]] [59 [885 886 887 889 890 892 893 894 895 896 897 898 899]] [60 [900 901 902 903 904 905 906 907 908 909 910 911 912 913 914]] [61 [915 916 917 919 920 921 922 923 924 925 926 927 928 929]] [62 [930 931 932 934 935 936 938 939 940 941 942 943 944]] [63 [945 946 947 948 949 950 953 956 957 958 959]] [64 [960 961 962 963 965 966 967 969 970 971 972]] [65 [975 976 977 978 979 980 982 985 987 988]] [66 [991 992 993 994 995 996 997 998 1000 1002 1003]] [67 [1005 1006 1007 1008 1009 1010 1011 1012 1013 1014 1015 1017 1018]] [68 [1021 1022 1024 1025 1026 1027 1028 1029 1032 1033 1034]] [69 [1035 1036 1037 1039 1040 1042 1043 1044 1045 1047 1048]] [70 [1050 1051 1052 1053 1054 1055 1056 1057 1058 1059 1060 1061 1063]] [71 [1065 1066 1067 1068 1069 1070 1071 1072 1073 1074 1075 1076 1077 1078 1079]] [72 [1080 1081 1082 1083 1084 1085 1086 1087 1088 1089 1090 1091 1092 1093 1094]] [73 [1095 1096 1097 1098 1099 1100 1101 1102 1103 1104 1105 1106 1107 1108 1109]] [74 [1110 1111 1112 1113 1114 1115 1116 1117 1118 1119 1120 1121 1122 1123 1124]] [75 [1125 1126 1127 1128 1129 1130 1131 1132 1133 1134 1135 1136 1137 1138 1139]] [76 [1140 1141 1142 1143 1144 1145 1146 1147 1148 1149 1150 1151 1152 1153 1154]] [77 [1155 1156 1157 1158 1159 1161 1162 1163 1164 1165 1167 1168 1169]] [78 [1170 1171 1172 1173 1174 1175 1176 1177 1178 1179 1180 1181 1182 1183]] [79 [1185 1186 1187 1188 1189 1190 1191 1192 1193 1194 1195 1196 1197 1198 1199]] [80 [1200 1201 1202 1203 1204 1205 1206 1207 1208 1209 1210 1211 1212 1213 1214]] [81 [1215 1216 1217 1218 1219 1220 1221 1222 1223 1224 1225 1226 1227 1228 1229]] [82 [1230 1231 1232 1233 1234 1235 1236 1237 1238 1239 1240 1241 1242 1243 1244]] [83 [1245 1246 1247 1248 1249 1250 1251 1252 1253 1254 1255 1256 1257 1258 1259]] [84 [1260 1261 1262 1263 1264 1265 1266 1267 1268 1269 1270 1271 1272 1274]] [85 [1275 1276 1277 1278 1279 1280 1281 1282 1283 1284 1285 1286 1287 1288 1289]] [86 [1292 1293 1294 1295 1296 1297 1298 1299 1300 1301 1302 1303 1304]] [87 [1305 1306 1307 1308 1309 1310 1311 1312 1313 1314 1315 1316 1317 1318 1319]] [88 [1320 1321 1322 1323 1324 1325 1326 1327 1328 1329 1330 1331 1332 1333 1334]] [89 [1335 1336 1337 1338 1339 1340 1341 1342 1343 1344 1345 1346 1347 1348 1349]] [90 [1350 1351 1352 1353 1354 1355 1356 1357 1358 1359 1361 1362 1363 1364]] [91 [1365 1366 1367 1368 1369 1370 1371 1372 1373 1374 1376 1377 1379]] [92 [1380 1381 1382 1383 1384 1385 1386 1387 1388 1389 1390 1391 1392 1393 1394]] [93 [1395 1396 1397 1398 1399 1400 1401 1402 1403 1404 1405 1406 1407 1408 1409]] [94 [1410 1411 1412 1413 1414 1415 1416 1417 1418 1419 1420 1421 1422 1423 1424]] [95 [1425 1426 1427 1428 1429 1430 1431 1432 1433 1434 1435 1436 1437 1439]] [96 [1440 1441 1442 1443 1445 1446 1447 1448 1449 1450 1451 1452 1453 1454]] [97 [1455 1456 1457 1458 1459 1460 1461 1462 1463 1464 1465 1466 1467 1468 1469]] [98 [1471 1472 1473 1474 1475 1476 1477 1478 1479 1480 1481 1482 1484]] [99 [1485 1486 1487 1491 1492 1493 1495 1496 1497 1498 1499]]]","[[0 [0 3 6 7 8 11 12 13 14]] [1 [15 17 18 19 20 22]] [2 [30 32 34 35 36 37 39 44]] [3 [48 50 51 52 58 59]] [4 [61 62 63 64 65 66 67 68 69 70 73 74]] [5 [77 78 82 83 84 85 86 87 88 89]] [6 [91 94 95 96 97 98 99 101 102 103]] [7 [105 106 108 111 112 113 114 115 117 118]] [8 [120 121 123 125 129]] [9 [139 142 145 149]] [10 [153 155 158 159 160 162 164]] [11 [165 166 167 168 169 170 172 174 176 178]] [12 [183 184 185 186 189 190 192 193 194]] [13 [196 197 198 199 202 203 204 205 208]] [14 [212 215 220 223 224]] [15 [225 226 231 232 233 235 236 239]] [16 [240 243 244 245 246 249 250 253]] [17 [255 263 264 266 267 269]] [18 [272 274 280 284]] [19 [293 295 296 297]] [20 [301 306 309 314]] [21 [316 317 319 320 328 329]] [22 [330 334 336 340 341 342 343]] [23 [345 346 350 352 353 355 358 359]] [24 [360 361 363 365 366 367 368 369 370 372]] [25 [381 382 385 386 388]] [26 [390 391 392 394 395 396 398 399 400]] [27 [406 407 408 409 410 412 415 416 418]] [28 [420 421 425 427 428 431]] [29 [436 437 446]] [30 [450 453 455 456]] [31 [465 466 467 471 478]] [32 [486 489 490 492]] [33 [497 498 499 500 501 502 504 505 508 509]] [34 [511 512 513 515 516 517 518 519 520 523]] [35 [525 527 528 529 531 532 533 536 537 538]] [36 [540 541 543 544 545 548 551 552 553 554]] [37 [555 558]] [38 [572 576 579 584]] [39 [586 588 589 590 591 592 593 598 599]] [40 [600 602 604 605 606 608 610 611 614]] [41 [615 616 618 619 621 624 625 626 627 629]] [42 [631 632 633 634 635 636 637 640 641 642 644]] [43 [645 646 647 650 652 653 654 655 656 658]] [44 [660 662 663 664 665 668 673]] [45 [677 680 682 684 685 686 687 689]] [46 [691 694 695 698 699 700 701 703 704]] [47 [705 707 709 710 711 712 713 714 717 718]] [48 [720 721 722 724 727 729 730 732 733 734]] [49 [735 740 741 744 747 748 749]] [50 [753 754 755 756 757 758 759 763 764]] [51 [765 766 768 770 771 773 775 777 779]] [52 [785 788 792 793]] [53 [795 797 798 799 800 801 805 807 808]] [54 [810 811 813 815 816 817 818 819 820 822 824]] [55 [825 826 827 830 831 834 835 837 838 839]] [56 [840 841 843 847 848 849 854]] [57 [855 856 857 858 859 860 861 862 865 866]] [58 [871 872 873 875 876 878 879 880 881 884]] [59 [885 886 887 889 890 892 893 894 895 896 897 898 899]] [60 [906 908 909 911 912 913 914]] [61 [916 917 919 920 921 923 926 927 928 929]] [62 [930 932 938 939 940 941 942 943 944]] [63 [946 947 948 949 950 953 956 958 959]] [64 [960 962 963 965 966 967 969 970 971 972]] [65 [975 976 977 978 979 980 982 985 987 988]] [66 [991 992 993 994 995 996 997 998 1000 1002 1003]] [67 [1005 1007 1008 1009 1010 1012 1013 1014 1015 1018]] [68 [1021 1022 1024 1025 1027 1029 1033 1034]] [69 [1035 1036 1037 1039 1040 1042 1043 1044 1045 1047 1048]] [70 [1052 1053 1054 1055 1056 1057 1058 1060 1061 1063]] [71 [1065 1067 1068 1069 1072 1073 1074 1076 1077 1079]] [72 [1081 1083 1084 1087 1093 1094]] [73 [1095 1096 1098 1101 1103 1104 1105 1106 1107 1108 1109]] [74 [1110 1111 1113 1114 1115 1116 1123]] [75 [1125 1128 1131 1139]] [76 [1143 1144 1147 1148 1149 1150 1153]] [77 [1155 1156 1157 1158 1159 1163 1164 1165 1167 1168]] [78 [1170 1171 1172 1175 1177]] [79 [1192 1193 1196 1197]] [80 [1200 1202 1204 1205 1206 1207 1209 1210 1212 1213 1214]] [81 [1215 1216 1218 1219 1221 1222 1223 1224 1225 1229]] [82 [1231 1233 1234 1235 1239 1242 1243]] [83 [1246 1247 1251 1252 1253 1254 1255 1256 1258 1259]] [84 [1260 1261 1263 1264 1265 1267 1268 1270 1271]] [85 [1275 1276 1277 1278 1279 1282]] [86 [1296 1299 1300 1301]] [87 [1305 1306 1307 1308 1311 1313 1315 1316 1317]] [88 [1320 1322 1323 1329 1331 1334]] [89 [1336 1339 1340 1341 1342 1344 1345 1346 1347 1348 1349]] [90 [1351 1355 1357 1358 1359 1362 1363 1364]] [91 [1365 1366 1367 1369 1370 1373 1374 1376 1377 1379]] [92 [1380 1384 1385 1386 1387 1388 1389 1390 1392]] [93 [1397 1398 1400 1401 1405 1406 1407 1408]] [94 [1411 1413 1414 1416 1417 1421 1422 1423 1424]] [95 [1426 1428 1430 1431 1432 1434 1435 1436 1437 1439]] [96 [1441 1442 1447 1448 1449 1450 1451 1453]] [97 [1455 1456 1457 1460 1461 1466 1467 1468]] [98 [1474 1475 1476 1477 1478 1480 1481 1482 1484]] [99 [1485 1487 1491 1492 1493 1495 1496 1497 1498]]]",,"[[{citizen 32} [[""A"" [1]]]] [{citizen 41} [[""A"" [1]]]] [{media 50} [[""A"" [4]]]] [{media 51} [[""A"" [1]]]] [{media 52} [[""A"" [2]]]] [{media 53} [[""A"" [1]]]] [{media 54} [[""A"" [5]]]] [{media 57} [[""A"" [6]]]] [{media 58} [[""A"" [2]]]] [{media 59} [[""A"" [4]]]] [{media 60} [[""A"" [0]]]] [{media 62} [[""A"" [3]]]] [{media 63} [[""A"" [0]]]] [{media 64} [[""A"" [2]]]] [{citizen 8} [[""A"" [1]]]] [{media 56} [[""A"" [1]]]] [{citizen 6} [[""A"" [1]]]] [{media 55} [[""A"" [1]]]] [{citizen 7} [[""A"" [1]]]] [{citizen 10} [[""A"" [3]]]] [{citizen 5} [[""A"" [1]]]] [{media 61} [[""A"" [1]]]] [{citizen 1} [[""A"" [1]]]] [{citizen 31} [[""A"" [1]]]] [{citizen 26} [[""A"" [3]]]] [{citizen 49} [[""A"" [1]]]] [{citizen 13} [[""A"" [1]]]] [{citizen 42} [[""A"" [1]]]] [{citizen 30} [[""A"" [1]]]] [{citizen 15} [[""A"" [1]]]] [{citizen 14} [[""A"" [1]]]] [{citizen 11} [[""A"" [1]]]] [{citizen 20} [[""A"" [1]]]] [{citizen 28} [[""A"" [1]]]] [{citizen 0} [[""A"" [1]]]] [{citizen 9} [[""A"" [1]]]] [{citizen 12} [[""A"" [3]]]] [{citizen 2} [[""A"" [1]]]] [{citizen 18} [[""A"" [1]]]] [{citizen 22} [[""A"" [1]]]] [{citizen 21} [[""A"" [1]]]] [{citizen 44} [[""A"" [1]]]] [{citizen 16} [[""A"" [1]]]] [{citizen 45} [[""A"" [2]]]] [{citizen 39} [[""A"" [2]]]] [{citizen 23} [[""A"" [1]]]] [{citizen 47} [[""A"" [1]]]] [{citizen 36} [[""A"" [1]]]] [{citizen 19} [[""A"" [2]]]] [{citizen 38} [[""A"" [1]]]] [{citizen 17} [[""A"" [1]]]] [{citizen 40} [[""A"" [1]]]] [{citizen 48} [[""A"" [1]]]] [{citizen 43} [[""A"" [1]]]] [{citizen 27} [[""A"" [1]]]] [{citizen 35} [[""A"" [2]]]] [{citizen 34} [[""A"" [1]]]] [{citizen 33} [[""A"" [1]]]] [{citizen 37} [[""A"" [3]]]] [{citizen 4} [[""A"" [1]]]] [{citizen 3} [[""A"" [1]]]] [{citizen 29} [[""A"" [1]]]] [{citizen 46} [[""A"" [1]]]] [{citizen 24} [[""A"" [1]]]]]"
"26","[128 0 127]","60.09819967266776","8.221592059920532","4.609114366528842","""circle""","""""","9.9","{breed citizens}","false","0.5","1","""up""",,"[[""ID"" 9] [""alpha"" 1] [""beta"" 1] [""malleable"" [""A""]] [""prior"" []] [""cont_tokens"" []] [""A"" 3]]","[[0 [0 1 2 3 4 5 6 7 8 9 10 11 12 13 14]] [1 [15 17 18 19 20 21 22 23 24 27 29]] [2 [30 31 32 33 34 35 36 37 39 40 41 42 43 44]] [3 [45 46 47 48 49 50 51 52 53 54 55 56 57 58 59]] [4 [60 61 62 63 64 65 66 67 68 69 70 71 73 74]] [5 [75 76 77 78 79 80 81 82 83 84 85 86 87 88 89]] [6 [91 93 94 95 96 97 98 99 101 102 103]] [7 [105 106 108 110 111 112 113 114 115 117 118]] [8 [120 121 123 125 126 127 128 129 130 131 132 133 134]] [9 [135 136 137 138 139 140 141 142 143 144 145 146 147 148 149]] [10 [150 151 152 153 154 155 157 158 159 160 161 162 163 164]] [11 [165 166 167 168 169 170 171 172 173 174 175 176 178 179]] [12 [180 181 183 184 185 186 187 188 189 190 191 192 193 194]] [13 [195 196 197 198 199 200 201 202 203 204 205 206 207 208 209]] [14 [210 211 212 213 214 215 216 217 218 219 220 221 222 223 224]] [15 [225 226 227 228 229 230 231 232 233 235 236 238 239]] [16 [240 243 244 245 246 247 248 249 250 251 252 253 254]] [17 [255 256 257 258 259 260 261 262 263 264 265 266 267 268 269]] [18 [270 271 272 273 274 275 276 277 278 279 280 281 282 283 284]] [19 [285 286 287 288 289 290 291 292 293 294 295 298 299]] [20 [300 302 303 304 305 307 308 309 310 311 312 313 314]] [21 [315 317 318 319 320 321 322 323 324 325 326 327 328 329]] [22 [330 331 332 333 334 335 336 337 338 339 340 341 342 343 344]] [23 [345 346 347 348 349 350 351 352 353 354 355 356 357 358 359]] [24 [360 361 362 363 364 365 366 367 368 369 370 371 372 373 374]] [25 [375 376 377 378 379 380 381 382 383 384 385 386 387 388 389]] [26 [390 391 392 394 395 396 398 399 400 401 402 403 404]] [27 [405 406 407 408 409 410 411 412 413 414 415 416 417 418 419]] [28 [420 421 422 423 424 425 426 427 428 429 430 431 432 433 434]] [29 [435 436 437 438 439 440 441 442 443 444 445 446 447 448 449]] [30 [450 451 452 453 454 455 456 457 458 459 460 461 462 463]] [31 [465 466 467 468 469 470 471 472 473 474 475 476 477 478 479]] [32 [480 481 482 483 484 485 486 487 488 489 490 491 492 493 494]] [33 [495 496 497 498 499 500 501 502 503 504 505 506 507 508 509]] [34 [510 511 512 513 514 515 516 517 518 519 520 521 523 524]] [35 [525 527 528 529 531 532 533 536 537 538 539]] [36 [540 541 542 543 544 545 546 548 549 550 551 552 553 554]] [37 [555 556 557 558 559 560 561 562 563 564 565 566 567 568 569]] [38 [570 571 573 574 575 577 578 579 580 581 582 583 584]] [39 [585 586 587 588 589 590 591 592 593 594 595 596 598 599]] [40 [600 602 603 604 605 606 607 608 610 611 612 613 614]] [41 [615 616 617 618 619 621 622 623 624 625 626 627 628 629]] [42 [630 631 632 633 634 635 636 637 638 640 641 642 643 644]] [43 [645 646 647 648 649 650 651 652 653 654 655 656 657 658 659]] [44 [660 661 662 663 664 665 666 667 668 669 670 671 672 673]] [45 [675 676 678 679 681 683 684 685 686 687 689]] [46 [691 693 694 695 696 697 698 699 700 701 702 703 704]] [47 [705 706 707 708 709 710 711 712 713 714 716 717 718]] [48 [720 721 722 723 724 727 728 729 730 731 732 733 734]] [49 [735 736 737 738 739 740 741 742 743 744 745 746 747 748 749]] [50 [750 751 752 753 754 755 756 757 758 759 760 761 762 763 764]] [51 [765 766 767 768 770 771 772 773 774 775 777 778 779]] [52 [780 781 782 783 784 785 786 787 788 789 790 791 792 793 794]] [53 [795 796 797 798 799 800 801 803 804 805 806 807 808 809]] [54 [810 811 812 813 814 815 816 817 818 819 820 821 822 823 824]] [55 [825 826 827 828 829 830 831 832 833 834 835 836 837 838 839]] [56 [840 841 842 843 844 845 846 847 848 849 850 851 852 853 854]] [57 [855 856 857 858 859 860 861 862 863 864 865 866 868]] [58 [870 871 872 873 874 875 876 877 878 879 880 881 883 884]] [59 [885 886 887 889 890 892 893 894 895 896 897 898 899]] [60 [900 901 902 903 904 905 906 907 908 909 910 911 912 913 914]] [61 [915 916 917 919 920 921 922 923 924 925 926 927 928 929]] [62 [930 931 932 934 935 936 938 939 940 941 942 943 944]] [63 [945 946 947 948 949 950 953 956 957 958 959]] [64 [960 961 962 963 965 966 967 969 970 971 972]] [65 [975 976 977 978 979 980 982 985 987 988]] [66 [991 992 993 994 995 996 997 998 1000 1002 1003]] [67 [1005 1007 1008 1009 1010 1011 1012 1013 1014 1015 1018]] [68 [1021 1022 1024 1025 1026 1027 1028 1029 1032 1033 1034]] [69 [1035 1036 1037 1039 1040 1042 1043 1044 1045 1047 1048]] [70 [1050 1051 1052 1053 1054 1055 1056 1057 1058 1059 1060 1061 1063]] [71 [1065 1066 1067 1068 1069 1070 1071 1072 1073 1074 1075 1076 1077 1078 1079]] [72 [1080 1081 1082 1083 1084 1085 1086 1087 1088 1089 1090 1091 1092 1093 1094]] [73 [1095 1096 1097 1098 1099 1100 1101 1102 1103 1104 1105 1106 1107 1108 1109]] [74 [1110 1111 1112 1113 1114 1115 1116 1117 1123 1124]] [75 [1125 1126 1127 1128 1129 1130 1131 1132 1133 1134 1135 1136 1137 1138 1139]] [76 [1140 1141 1142 1143 1144 1145 1146 1147 1148 1149 1150 1151 1152 1153]] [77 [1155 1156 1157 1158 1159 1160 1161 1162 1163 1164 1165 1167 1168 1169]] [78 [1170 1171 1172 1173 1174 1175 1176 1177 1178 1179 1180 1181 1182 1183]] [79 [1185 1186 1187 1188 1189 1190 1191 1192 1193 1194 1195 1196 1197 1198 1199]] [80 [1200 1201 1202 1203 1204 1205 1206 1207 1208 1209 1210 1211 1212 1213 1214]] [81 [1215 1216 1217 1218 1219 1220 1221 1222 1223 1224 1225 1226 1227 1228 1229]] [82 [1230 1231 1232 1233 1234 1235 1236 1237 1238 1239 1240 1241 1242 1243 1244]] [83 [1245 1246 1247 1248 1249 1250 1251 1252 1253 1254 1255 1256 1257 1258 1259]] [84 [1260 1261 1263 1264 1265 1266 1267 1268 1269 1270 1271 1272 1274]] [85 [1275 1276 1277 1278 1279 1280 1281 1282 1283 1284 1285 1286 1287 1288 1289]] [86 [1290 1291 1292 1293 1294 1295 1296 1297 1298 1299 1300 1301 1302 1303 1304]] [87 [1305 1306 1307 1308 1309 1310 1311 1312 1313 1314 1315 1316 1317 1318 1319]] [88 [1320 1321 1322 1323 1324 1325 1326 1327 1328 1329 1330 1331 1332 1333 1334]] [89 [1335 1336 1337 1338 1339 1340 1341 1342 1343 1344 1345 1346 1347 1348 1349]] [90 [1350 1351 1352 1353 1354 1355 1356 1357 1358 1359 1361 1362 1363 1364]] [91 [1365 1366 1367 1368 1369 1370 1371 1372 1373 1374 1376 1377 1379]] [92 [1380 1381 1382 1383 1384 1385 1386 1387 1388 1389 1390 1391 1392 1393 1394]] [93 [1395 1396 1397 1398 1399 1400 1401 1402 1403 1404 1405 1406 1407 1408 1409]] [94 [1410 1411 1412 1413 1414 1415 1416 1417 1418 1419 1420 1421 1422 1423 1424]] [95 [1425 1426 1427 1428 1429 1430 1431 1432 1433 1434 1435 1436 1437 1439]] [96 [1440 1441 1442 1443 1445 1446 1447 1448 1449 1450 1451 1452 1453 1454]] [97 [1455 1456 1457 1458 1459 1460 1461 1462 1463 1464 1465 1466 1467 1468 1469]] [98 [1471 1472 1473 1474 1475 1476 1477 1478 1479 1480 1481 1482 1484]] [99 [1485 1486 1487 1491 1492 1493 1495 1496 1497 1498 1499]]]","[[0 [1 2 5 6 7 8 10 11 12 13 14]] [1 [15 17 18 19 20 21 23 24 27 29]] [2 [30 32 33 34 35 36 37 39 44]] [3 [45 46 47 49 52 57 59]] [4 [61 62 63 66 68 69 70 73 74]] [5 [77 78 82 83 84 85 87 88 89]] [6 [91 94 95 96 97 98 99 101 102 103]] [7 [105 106 108 110 111 112 113 114 115 117 118]] [8 [120 121 126 127 128 131 132 133 134]] [9 [135 136 137 138 139 142 145 149]] [10 [153 155 157 158 161 163 164]] [11 [165 166 167 168 169 170 172 174 175 176 178]] [12 [180 183 185 186 189 190 192 193 194]] [13 [196 198 202 203 204 205 208]] [14 [211 213 214 216 218 222 223 224]] [15 [225 226 230 231 232 235 236 238 239]] [16 [240 243 244 245 246 248 249 250 251 254]] [17 [255 258 259 260 261 263 264 265 268]] [18 [270 272 273 275 276 277 278 279 281 282 283]] [19 [285 286 287 289 290 291 292 294 298 299]] [20 [300 302 303 304 305 307 308 310 311 312]] [21 [315 321 322 324 325 326 327 328]] [22 [330 332 335 337 338 339 340 341 342 343]] [23 [345 346 350 352 353 354 355 358 359]] [24 [360 361 363 365 366 367 368 369 370 372]] [25 [377 379 380 383 385 386 388]] [26 [390 391 392 394 395 396 398 399 400]] [27 [406 407 408 409 410 413 414 417 419]] [28 [420 422 423 424 425 426 427 428 429 430 431 433]] [29 [437 446]] [30 [450 451 452 454 458 459 460 461 462]] [31 [466 467 471 478]] [32 [486 489 490 492]] [33 [497 503 506 507 508 509]] [34 [512 513 515 517 518 519 520 523]] [35 [525 527 528 529 531 532 533 536 537 539]] [36 [540 541 543 544 545 548 551 552 553]] [37 [556 560 561 562 564 565 567 569]] [38 [570 571 574 575 577 578 580 581 582 583]] [39 [585 586 588 589 590 591 593 596 598 599]] [40 [600 602 604 605 606 608 610 611 614]] [41 [615 616 618 619 621 624 625 626 627 629]] [42 [631 632 633 634 635 636 637 640 641 642 644]] [43 [645 646 647 650 652 653 654 656 658]] [44 [663 664 666 667 669 670 671 672]] [45 [675 676 678 679 681 683 686 687 689]] [46 [691 695 698 699 700 701 702 703 704]] [47 [705 707 708 709 710 711 712 713 714 717 718]] [48 [720 721 722 723 728 731]] [49 [736 738 739 741 745 746 747 748 749]] [50 [753 754 755 756 757 760 761 762 763 764]] [51 [765 766 768 770 771 772 773 775 777]] [52 [780 781 782 783 784 786 787 790 792 793]] [53 [795 797 798 799 800 801 805 807 808 809]] [54 [811 815 816 817 818 819 820 822 824]] [55 [825 826 827 830 831 834 835 837 838 839]] [56 [840 841 843 846 847 850 851 852 853 854]] [57 [856 857 858 859 861 862 865 866]] [58 [871 872 873 875 876 877 878 880 881 884]] [59 [885 886 887 889 890 892 895 896 897 898]] [60 [900 901 902 904 905 907 910 911 912 913 914]] [61 [915 916 917 919 920 921 923 926 927 928]] [62 [931 934 935 936 939 940 941 942 943 944]] [63 [946 947 948 949 950 953 956 957 958 959]] [64 [960 963 965 966 967 969 970 971 972]] [65 [975 976 977 978 980 982 985 987 988]] [66 [991 992 993 994 995 996 997 998 1000 1002]] [67 [1005 1007 1008 1009 1011 1012 1013 1014 1015 1018]] [68 [1021 1022 1024 1025 1026 1028 1029 1032 1033 1034]] [69 [1035 1036 1037 1039 1040 1042 1043 1045 1047]] [70 [1050 1051 1053 1054 1055 1056 1057 1058 1060 1061 1063]] [71 [1066 1067 1068 1069 1072 1073 1074 1076 1077 1078]] [72 [1080 1081 1083 1084 1087 1093]] [73 [1097 1099 1100 1102]] [74 [1117 1123]] [75 [1125 1128 1135 1136 1137 1138]] [76 [1140 1142 1143 1144 1147 1148 1149 1150 1152]] [77 [1155 1156 1157 1158 1159 1163 1164 1167 1168]] [78 [1170 1171 1172 1175 1177]] [79 [1194 1198]] [80 [1203 1207 1209 1210 1211]] [81 [1216 1220 1224 1225 1229]] [82 [1231 1233 1234 1235 1236 1238 1239 1241 1242 1243 1244]] [83 [1245 1246 1247 1251 1252 1253 1254 1255 1256 1258 1259]] [84 [1260 1261 1263 1264 1266 1267 1268 1270 1271 1272]] [85 [1276 1277 1278 1279 1282]] [86 [1298 1303 1304]] [87 [1309 1310 1312 1313 1314 1315 1316 1317]] [88 [1320 1322 1323]] [89 [1335 1337 1338 1340 1341 1342 1344 1345 1346 1347 1348 1349]] [90 [1351 1353 1354 1355 1357 1358 1359 1362]] [91 [1366 1367 1369 1370 1373 1374 1376 1377 1379]] [92 [1380 1381 1382 1383]] [93 [1395 1396 1399]] [94 [1415 1418 1419 1420 1422 1423 1424]] [95 [1426 1428 1429 1431 1432 1434 1435 1436 1437 1439]] [96 [1440 1442 1447 1448 1450 1451 1453]] [97 [1455 1456 1457 1460 1461 1466 1467 1468]] [98 [1474 1475 1476 1477 1478 1480 1481 1482 1484]] [99 [1485 1487 1491 1492 1493]]]",,"[[{citizen 31} [[""A"" [2]]]] [{citizen 34} [[""A"" [1]]]] [{media 51} [[""A"" [1]]]] [{media 53} [[""A"" [1]]]] [{media 59} [[""A"" [4]]]] [{media 61} [[""A"" [1]]]] [{media 60} [[""A"" [0]]]] [{citizen 2} [[""A"" [1]]]] [{citizen 7} [[""A"" [1]]]] [{media 54} [[""A"" [5]]]] [{citizen 0} [[""A"" [1]]]] [{media 57} [[""A"" [6]]]] [{media 56} [[""A"" [1]]]] [{citizen 21} [[""A"" [1]]]] [{media 52} [[""A"" [2]]]] [{media 58} [[""A"" [2]]]] [{media 55} [[""A"" [1]]]] [{media 50} [[""A"" [4]]]] [{media 62} [[""A"" [3]]]] [{citizen 18} [[""A"" [1]]]] [{media 64} [[""A"" [2]]]] [{media 63} [[""A"" [0]]]] [{citizen 1} [[""A"" [1]]]] [{citizen 45} [[""A"" [2]]]] [{citizen 23} [[""A"" [1]]]] [{citizen 8} [[""A"" [3]]]] [{citizen 47} [[""A"" [3]]]] [{citizen 6} [[""A"" [1]]]] [{citizen 36} [[""A"" [1]]]] [{citizen 19} [[""A"" [1]]]] [{citizen 38} [[""A"" [1]]]] [{citizen 49} [[""A"" [1]]]] [{citizen 17} [[""A"" [1]]]] [{citizen 40} [[""A"" [0]]]] [{citizen 13} [[""A"" [1]]]] [{citizen 48} [[""A"" [1]]]] [{citizen 43} [[""A"" [1]]]] [{citizen 5} [[""A"" [1]]]] [{citizen 39} [[""A"" [0]]]] [{citizen 10} [[""A"" [1]]]] [{citizen 27} [[""A"" [1]]]] [{citizen 37} [[""A"" [0]]]] [{citizen 22} [[""A"" [1]]]] [{citizen 11} [[""A"" [1]]]] [{citizen 28} [[""A"" [1]]]] [{citizen 25} [[""A"" [1]]]] [{citizen 9} [[""A"" [1]]]] [{citizen 12} [[""A"" [2]]]] [{citizen 44} [[""A"" [1]]]] [{citizen 33} [[""A"" [0]]]] [{citizen 14} [[""A"" [0]]]] [{citizen 32} [[""A"" [1]]]] [{citizen 20} [[""A"" [1]]]] [{citizen 42} [[""A"" [1]]]] [{citizen 30} [[""A"" [0]]]] [{citizen 15} [[""A"" [1]]]] [{citizen 4} [[""A"" [1]]]] [{citizen 41} [[""A"" [1]]]] [{citizen 29} [[""A"" [1]]]] [{citizen 16} [[""A"" [1]]]] [{citizen 35} [[""A"" [2]]]] [{citizen 3} [[""A"" [1]]]] [{citizen 46} [[""A"" [1]]]] [{citizen 24} [[""A"" [1]]]]]"
"27","[213 0 42]","67.16857610474632","9.18010530496425","3.8158544536741967","""circle""","""""","9.9","{breed citizens}","false","0.5","1","""up""",,"[[""ID"" 33] [""alpha"" 1] [""beta"" 1] [""malleable"" [""A""]] [""prior"" []] [""cont_tokens"" []] [""A"" 1]]","[[0 [0 1 2 3 4 5 6 7 8 9 10 11 12 13 14]] [1 [15 17 18 19 20 21 22 23 24 25 26 27 28 29]] [2 [30 31 32 33 34 35 36 37 39 40 41 42 43 44]] [3 [45 46 47 48 49 50 51 52 53 54 55 56 57 58 59]] [4 [60 61 62 63 64 65 66 67 68 69 70 71 73 74]] [5 [75 76 77 78 79 80 81 82 83 84 85 86 87 88 89]] [6 [91 93 94 95 96 97 98 99 101 102 103]] [7 [105 106 108 110 111 112 113 114 115 117 118]] [8 [120 121 123 125 126 127 128 129 130 131 132 133 134]] [9 [135 136 137 138 139 140 141 142 143 144 145 146 147 148 149]] [10 [150 151 152 153 154 155 156 157 158 159 160 161 162 163 164]] [11 [165 166 167 168 169 170 171 172 173 174 175 176 178 179]] [12 [180 181 183 184 185 186 187 189 190 191 192 193 194]] [13 [195 196 197 198 199 200 201 202 203 204 205 207 208 209]] [14 [210 211 212 213 214 215 216 217 218 219 220 221 222 223 224]] [15 [225 226 227 228 229 230 231 232 233 235 236 238 239]] [16 [240 243 244 245 246 247 248 249 250 251 252 253 254]] [17 [255 256 257 258 259 260 261 262 263 264 265 266 267 268 269]] [18 [270 271 272 273 274 275 276 277 278 279 280 281 282 283 284]] [19 [285 286 287 289 290 291 292 293 294 295 296 297 298 299]] [20 [300 301 302 303 304 305 306 307 308 309 310 311 312 313 314]] [21 [315 317 318 319 320 321 322 323 324 325 326 327 328 329]] [22 [330 331 332 333 334 335 336 337 338 339 340 341 342 343 344]] [23 [345 346 347 348 349 350 351 352 353 354 355 356 357 358 359]] [24 [360 361 362 363 364 365 366 367 368 369 370 371 372 373 374]] [25 [375 376 377 378 379 380 381 382 383 384 385 386 387 388 389]] [26 [390 391 392 394 395 396 398 399 400 401 402 403 404]] [27 [405 406 407 408 409 410 411 412 413 414 415 416 417 418 419]] [28 [420 421 422 423 424 425 426 427 428 429 430 431 432 433 434]] [29 [435 436 437 438 439 440 441 442 443 444 445 446 447 448 449]] [30 [450 451 452 453 454 455 456 457 458 459 460 461 462 463 464]] [31 [465 466 467 468 469 470 471 472 473 474 475 476 477 478 479]] [32 [480 481 482 483 484 485 486 487 488 489 490 491 492 493 494]] [33 [495 496 497 498 499 500 501 502 503 504 505 506 507 508 509]] [34 [510 511 512 513 514 515 516 517 518 519 520 523]] [35 [525 527 528 529 531 532 533 536 537 538 539]] [36 [540 541 542 543 544 545 546 548 549 550 551 552 553 554]] [37 [555 556 557 558 559 560 561 562 563 564 565 566 567 568 569]] [38 [572 573 576 579 580 582 583 584]] [39 [585 586 587 588 589 590 591 592 593 594 595 596 597 598 599]] [40 [600 602 603 604 605 606 607 608 610 611 612 613 614]] [41 [615 616 617 618 619 621 622 623 624 625 626 627 628 629]] [42 [630 631 632 633 634 635 636 637 638 640 641 642 643 644]] [43 [645 646 647 649 650 651 652 653 654 655 656 657 658 659]] [44 [660 661 662 663 664 665 666 667 668 669 670 671 672 673]] [45 [675 676 677 678 679 680 681 682 683 684 685 686 687 689]] [46 [690 691 692 693 694 695 696 697 698 699 700 701 702 703 704]] [47 [705 706 707 708 709 710 711 712 713 714 716 717 718]] [48 [720 721 722 723 724 727 728 729 730 731 732 733 734]] [49 [735 736 737 738 739 740 741 742 743 744 745 746 747 748 749]] [50 [750 751 752 753 754 755 756 757 758 759 760 761 762 763 764]] [51 [765 766 767 768 770 771 772 773 774 775 777 778 779]] [52 [780 781 782 783 784 785 786 787 788 789 790 791 792 793 794]] [53 [795 796 797 798 799 800 801 802 803 804 805 806 807 808 809]] [54 [810 811 812 813 814 815 816 817 818 819 820 821 822 823 824]] [55 [825 826 827 830 831 832 833 834 835 836 837 838 839]] [56 [840 841 842 843 844 845 846 847 848 849 850 851 852 853 854]] [57 [855 856 857 858 859 860 861 862 863 864 865 866 868]] [58 [870 871 872 873 874 875 876 877 878 879 880 881 883 884]] [59 [885 886 887 889 890 892 893 894 895 896 897 898 899]] [60 [900 901 902 903 904 905 906 907 908 909 910 911 912 913 914]] [61 [915 916 917 919 920 921 922 923 924 925 926 927 928 929]] [62 [930 931 932 934 935 936 938 939 940 941 942 943 944]] [63 [945 946 947 948 949 950 953 956 957 958 959]] [64 [960 961 962 963 965 966 967 969 970 971 972]] [65 [975 976 977 978 979 980 982 985 987 988]] [66 [991 992 993 994 995 996 997 998 1000 1002 1003]] [67 [1005 1006 1007 1008 1009 1010 1011 1012 1013 1014 1015 1017 1018]] [68 [1021 1022 1024 1025 1026 1027 1028 1029 1032 1033 1034]] [69 [1035 1036 1037 1039 1040 1042 1043 1044 1045 1047 1048]] [70 [1050 1051 1052 1053 1054 1055 1056 1057 1058 1059 1060 1061 1063]] [71 [1065 1066 1067 1068 1069 1070 1071 1072 1073 1074 1075 1076 1077 1078 1079]] [72 [1080 1081 1082 1083 1084 1085 1086 1087 1088 1089 1090 1091 1092 1093 1094]] [73 [1095 1096 1097 1098 1099 1100 1101 1102 1103 1104 1105 1106 1107 1108 1109]] [74 [1110 1111 1112 1113 1114 1115 1116 1117 1118 1119 1120 1121 1122 1123 1124]] [75 [1125 1126 1127 1128 1130 1131 1132 1133 1134 1135 1136 1137 1138 1139]] [76 [1140 1141 1142 1143 1144 1145 1146 1147 1148 1149 1150 1151 1152 1153]] [77 [1155 1156 1157 1158 1159 1161 1162 1163 1164 1165 1167 1168 1169]] [78 [1170 1171 1172 1173 1174 1175 1176 1177 1178 1179 1180 1181 1182 1183]] [79 [1185 1186 1187 1188 1189 1190 1191 1193 1195 1196 1197 1199]] [80 [1200 1201 1202 1203 1204 1205 1206 1207 1208 1209 1210 1211 1212 1213 1214]] [81 [1215 1216 1217 1218 1219 1220 1221 1222 1223 1224 1225 1226 1227 1228 1229]] [82 [1230 1231 1232 1233 1234 1235 1236 1237 1238 1239 1240 1241 1242 1243 1244]] [83 [1245 1246 1247 1248 1249 1250 1251 1252 1253 1254 1255 1256 1257 1258 1259]] [84 [1260 1261 1263 1264 1265 1266 1267 1268 1269 1270 1271 1272 1274]] [85 [1275 1276 1277 1278 1279 1280 1281 1282 1283 1284 1285 1286 1287 1288 1289]] [86 [1290 1291 1292 1293 1294 1295 1296 1297 1298 1299 1300 1301 1302 1303 1304]] [87 [1305 1306 1307 1308 1309 1310 1311 1312 1313 1314 1315 1316 1317 1318 1319]] [88 [1320 1321 1322 1323 1324 1325 1326 1327 1328 1329 1330 1331 1332 1333 1334]] [89 [1336 1338 1339 1340 1341 1342 1343 1344 1345 1346 1347 1348 1349]] [90 [1350 1351 1352 1353 1354 1355 1356 1357 1358 1359 1361 1362 1363 1364]] [91 [1365 1366 1367 1368 1369 1370 1371 1372 1373 1374 1376 1377 1379]] [92 [1380 1381 1382 1383 1384 1385 1386 1387 1388 1389 1390 1391 1392 1393 1394]] [93 [1395 1396 1397 1398 1399 1400 1401 1402 1403 1404 1405 1406 1407 1408 1409]] [94 [1410 1411 1412 1413 1414 1415 1416 1417 1418 1419 1420 1421 1422 1423 1424]] [95 [1425 1426 1427 1428 1429 1430 1431 1432 1433 1434 1435 1436 1437 1439]] [96 [1440 1441 1442 1443 1445 1446 1447 1448 1449 1450 1451 1452 1453 1454]] [97 [1455 1456 1457 1458 1459 1460 1461 1462 1463 1464 1465 1466 1467 1468 1469]] [98 [1470 1471 1472 1473 1474 1475 1476 1477 1478 1479 1480 1481 1482 1484]] [99 [1485 1486 1487 1491 1492 1493 1495 1496 1497 1498 1499]]]","[[0 [0 3 4 5 9 10 11 13 14]] [1 [15 17 18 19 20 22 23 24 27 29]] [2 [30 32 33 34 35 36 37 40 41 42 44]] [3 [45 46 47 49 53 54 55 56 57 59]] [4 [61 62 63 64 65 66 68 70 73 74]] [5 [77 78 82 83 84 85 87 88 89]] [6 [91 94 95 96 97 98 99 101 102 103]] [7 [105 106 110 111 112 113 114 115 117 118]] [8 [120 121 126 127 128 130 131 132 133 134]] [9 [135 136 137 138 139 146 148]] [10 [150 151 152 154 155 157 158 161 163 164]] [11 [165 166 167 168 169 170 172 174 175 178 179]] [12 [180 183 185 186 187 189 190 191]] [13 [195 201 204 205 207 209]] [14 [210 211 213 214 216 218 221 222 223 224]] [15 [225 226 229 230 231 232 233 235 236 238 239]] [16 [240 243 244 245 246 248 249 250 253]] [17 [255 256 262]] [18 [280 284]] [19 [295 296]] [20 [300 302 304 305 308 310 311 312 313]] [21 [318 321 322 323 324 325 326 327 328]] [22 [330 334 335 336 339 340 341 342 343]] [23 [345 346 350 351 353 354 355 357 358 359]] [24 [360 361 363 365 366 367 368 369 370 371 372]] [25 [377 379 380 383 385 386 389]] [26 [390 391 392 394 395 396 398 399 400 404]] [27 [405 406 407 408 409 410 411 412 416]] [28 [421 422 423 424 425 426 427 428 429 430 431]] [29 [435 438 440 442 443 444 445 447 448]] [30 [451 452 454 455 459 461 462 464]] [31 [469 470 473 474 475 476 477 479]] [32 [480 481 482 483 485 487 488 491 493 494]] [33 [495 496 499 500 501 502 504 505 508 509]] [34 [511 512 513 514 515 517 518 520 523]] [35 [525 528 529 531 532 533 536 537 539]] [36 [540 541 543 544 545 548 551 552 553 554]] [37 [555 558]] [38 [572 573 576 579 580 582 583 584]] [39 [586 588 589 590 591 593 596 598 599]] [40 [602 604 605 606 608 610 612 613 614]] [41 [615 616 618 619 622 623 626 627 629]] [42 [632 633 634 635 636 637 640 641 642 644]] [43 [645 646 647 650 652 653 654 655 656 659]] [44 [661 662 663 664 665 668 670 671 672]] [45 [675 676 678 679 681 683 686 687 689]] [46 [691 695 698 699 700 701 702 703 704]] [47 [705 706 707 708 709 710 711 712 713 714 717 718]] [48 [720 721 722 723 728 731]] [49 [737 742 744]] [50 [752 758 759 763 764]] [51 [765 766 768 770 771 773 774 775 777]] [52 [780 781 782 783 784 786 787 788 789 791 794]] [53 [796 797 798 799 800 805 807 808 809]] [54 [811 813 815 816 817 818 819 820 822]] [55 [825 826 827 832 833 834 835 836 838 839]] [56 [841 843 846 847 850 851 852 853 854]] [57 [856 857 858 859 860 861 862 865 866]] [58 [871 872 873 875 876 877 878 880 881 884]] [59 [886 887 889 890 892 894 895 896 897 899]] [60 [901 902 904 905 907 910 911 912 913 914]] [61 [916 917 919 920 921 923 926 927 928 929]] [62 [930 932 935 936 939 940 941 942 943 944]] [63 [946 947 948 949 950 953 956 958 959]] [64 [960 962 963 965 966 967 969 970 971 972]] [65 [975 976 977 978 979 980 982 985 987 988]] [66 [991 992 993 994 995 996 997 998 1000 1002 1003]] [67 [1005 1007 1008 1009 1010 1011 1012 1013 1014 1015 1018]] [68 [1021 1022 1024 1025 1027 1029 1033 1034]] [69 [1035 1036 1037 1039 1040 1042 1043 1045 1047]] [70 [1051 1054 1055 1056 1057 1059]] [71 [1065 1070 1071 1075]] [72 [1082 1084 1087 1090 1091 1092 1094]] [73 [1095 1096 1098 1101 1103 1104 1105 1106 1107 1108 1109]] [74 [1110 1111 1113 1114 1115 1118 1119 1120 1121 1122]] [75 [1126 1127 1130 1132 1133 1134 1135 1136 1137]] [76 [1141 1142 1144 1147 1148 1149 1150 1153]] [77 [1156 1157 1158 1159 1163 1164 1167 1168]] [78 [1173 1174 1178 1179 1180 1181 1183]] [79 [1185 1188 1189 1190 1191 1193 1195 1196 1197 1199]] [80 [1201 1203 1207 1209 1210 1212 1213 1214]] [81 [1215 1216 1218 1219 1221 1222 1223 1226 1227 1228]] [82 [1230 1232 1234 1235 1236 1238 1239 1241 1242 1243 1244]] [83 [1245 1249 1252 1253 1254 1255 1256 1258 1259]] [84 [1260 1261 1263 1264 1266 1267 1268 1270 1272 1274]] [85 [1276 1277 1278 1279 1282]] [86 [1298 1303 1304]] [87 [1307 1308 1311 1313 1315 1316 1318 1319]] [88 [1321 1324 1325 1326 1327 1328 1330 1332]] [89 [1336 1339 1340 1341 1343 1348 1349]] [90 [1350 1352 1354 1355 1358 1359 1362 1363 1364]] [91 [1365 1368 1371]] [92 [1381 1382 1383 1391 1393 1394]] [93 [1397 1398 1400 1401 1402 1403 1404 1406 1407 1408]] [94 [1411 1415 1418 1419 1420 1421 1422 1423]] [95 [1425 1427 1439]] [96 [1441 1452 1454]] [97 [1455 1456 1457 1460 1461 1466 1467 1468 1469]] [98 [1471 1473 1476 1477 1478 1480 1481 1482 1484]] [99 [1485 1486 1487 1491 1492 1493 1495 1496 1497 1498 1499]]]",,"[[{media 51} [[""A"" [1]]]] [{media 53} [[""A"" [1]]]] [{media 59} [[""A"" [4]]]] [{media 61} [[""A"" [1]]]] [{media 63} [[""A"" [0]]]] [{media 60} [[""A"" [0]]]] [{citizen 2} [[""A"" [1]]]] [{citizen 6} [[""A"" [1]]]] [{media 54} [[""A"" [5]]]] [{citizen 0} [[""A"" [1]]]] [{media 57} [[""A"" [6]]]] [{media 56} [[""A"" [1]]]] [{media 52} [[""A"" [2]]]] [{media 58} [[""A"" [2]]]] [{citizen 16} [[""A"" [1]]]] [{media 55} [[""A"" [1]]]] [{media 50} [[""A"" [4]]]] [{media 62} [[""A"" [3]]]] [{media 64} [[""A"" [2]]]] [{citizen 7} [[""A"" [1]]]] [{citizen 11} [[""A"" [1]]]] [{citizen 1} [[""A"" [1]]]] [{citizen 31} [[""A"" [1]]]] [{citizen 26} [[""A"" [3]]]] [{citizen 49} [[""A"" [1]]]] [{citizen 13} [[""A"" [1]]]] [{citizen 42} [[""A"" [1]]]] [{citizen 30} [[""A"" [0]]]] [{citizen 5} [[""A"" [1]]]] [{citizen 15} [[""A"" [1]]]] [{citizen 14} [[""A"" [1]]]] [{citizen 20} [[""A"" [1]]]] [{citizen 8} [[""A"" [3]]]] [{citizen 28} [[""A"" [1]]]] [{citizen 9} [[""A"" [1]]]] [{citizen 12} [[""A"" [3]]]] [{citizen 18} [[""A"" [1]]]] [{citizen 22} [[""A"" [1]]]] [{citizen 21} [[""A"" [1]]]] [{citizen 44} [[""A"" [1]]]] [{citizen 45} [[""A"" [2]]]] [{citizen 23} [[""A"" [1]]]] [{citizen 47} [[""A"" [3]]]] [{citizen 36} [[""A"" [1]]]] [{citizen 19} [[""A"" [1]]]] [{citizen 38} [[""A"" [1]]]] [{citizen 17} [[""A"" [0]]]] [{citizen 40} [[""A"" [1]]]] [{citizen 48} [[""A"" [1]]]] [{citizen 43} [[""A"" [1]]]] [{citizen 39} [[""A"" [0]]]] [{citizen 10} [[""A"" [3]]]] [{citizen 34} [[""A"" [1]]]] [{citizen 25} [[""A"" [1]]]] [{citizen 33} [[""A"" [1]]]] [{citizen 37} [[""A"" [1]]]] [{citizen 32} [[""A"" [1]]]] [{citizen 4} [[""A"" [1]]]] [{citizen 29} [[""A"" [1]]]] [{citizen 41} [[""A"" [1]]]] [{citizen 3} [[""A"" [1]]]] [{citizen 35} [[""A"" [2]]]] [{citizen 46} [[""A"" [1]]]] [{citizen 24} [[""A"" [1]]]]]"
"28","[213 0 42]","74.23895253682488","9.13430568051485","2.355992443037461","""circle""","""""","9.9","{breed citizens}","false","0.5","1","""up""",,"[[""ID"" 5] [""alpha"" 1] [""beta"" 1] [""malleable"" [""A""]] [""prior"" []] [""cont_tokens"" []] [""A"" 1]]","[[0 [0 1 2 3 4 5 6 7 8 9 10 11 12 13 14]] [1 [15 17 18 19 20 21 22 23 24 25 26 27 28 29]] [2 [30 31 32 33 34 35 36 37 39 40 41 42 43 44]] [3 [45 46 47 48 49 50 51 52 53 54 55 56 57 58 59]] [4 [60 61 62 63 64 65 66 67 68 69 70 71 73 74]] [5 [75 76 77 78 79 80 81 82 83 84 85 86 87 88 89]] [6 [91 93 94 95 96 97 98 99 100 101 102 103 104]] [7 [105 106 108 110 111 112 113 114 115 117 118]] [8 [120 121 123 125 126 127 128 129 130 131 132 133 134]] [9 [135 136 137 138 139 140 141 142 143 144 145 146 147 148 149]] [10 [150 151 152 153 154 155 156 157 158 159 160 161 162 163 164]] [11 [165 166 167 168 169 170 171 172 173 174 175 176 178 179]] [12 [180 181 183 184 185 186 187 189 190 191 192 193 194]] [13 [195 196 197 198 199 200 201 202 203 204 205 206 207 208 209]] [14 [210 211 212 213 214 215 216 217 218 219 220 221 222 223 224]] [15 [225 226 227 228 229 230 231 232 233 235 236 238 239]] [16 [240 243 244 245 246 247 248 249 250 251 252 253 254]] [17 [255 256 257 258 259 260 261 262 263 264 265 266 267 268 269]] [18 [270 271 272 273 274 275 276 277 278 279 280 281 282 283 284]] [19 [285 286 287 288 289 290 291 292 293 294 295 298 299]] [20 [300 302 303 304 305 307 308 309 310 311 312 313 314]] [21 [315 317 318 319 320 321 322 323 324 325 326 327 328 329]] [22 [330 331 332 333 334 335 336 337 338 339 340 341 342 343 344]] [23 [345 346 347 348 349 350 351 352 353 354 355 356 357 358 359]] [24 [360 361 362 363 364 365 366 367 368 369 370 371 372 373 374]] [25 [375 376 377 378 379 380 381 382 383 384 385 386 387 388 389]] [26 [390 391 392 394 395 396 398 399 400 401 402 403 404]] [27 [405 406 407 408 409 410 411 412 413 414 415 416 417 418 419]] [28 [420 421 422 423 424 425 426 427 428 429 430 431 432 433 434]] [29 [435 436 437 438 439 440 441 442 443 444 445 446 447 448 449]] [30 [450 451 452 453 454 455 456 457 458 459 460 461 462 463]] [31 [465 466 467 468 469 470 471 472 473 474 475 476 477 478 479]] [32 [480 481 482 483 484 485 486 487 488 489 490 491 492 493 494]] [33 [495 496 499 500 501 502 503 504 505 506 507 508 509]] [34 [510 511 512 513 514 515 516 517 518 519 520 523]] [35 [525 527 528 529 531 532 533 536 537 538 539]] [36 [540 541 542 543 544 545 546 548 549 550 551 552 553 554]] [37 [555 556 557 558 559 560 561 562 563 564 565 566 567 568 569]] [38 [570 571 572 573 574 575 576 577 578 579 580 581 582 583 584]] [39 [585 586 587 588 589 590 591 592 593 594 595 596 598 599]] [40 [600 602 603 604 605 606 607 608 610 611 612 613 614]] [41 [615 616 617 618 619 621 622 623 624 625 626 627 628 629]] [42 [630 631 632 633 634 635 636 637 638 640 641 642 643 644]] [43 [645 646 647 648 649 650 651 652 653 654 655 656 657 658 659]] [44 [660 661 662 663 664 665 666 667 668 669 670 671 672 673]] [45 [675 676 677 678 679 680 681 682 683 684 685 686 687 688 689]] [46 [691 693 694 695 696 697 698 699 700 701 702 703 704]] [47 [705 706 707 708 709 710 711 712 713 714 716 717 718]] [48 [720 721 722 723 724 727 728 729 730 731 732 733 734]] [49 [735 736 737 738 739 740 741 742 743 744 745 746 747 748 749]] [50 [750 751 752 753 754 755 756 757 758 759 760 761 762 763 764]] [51 [765 766 767 768 770 771 772 773 774 775 777 778 779]] [52 [780 781 782 783 784 785 786 787 788 789 790 791 792 793 794]] [53 [795 796 797 798 799 800 801 802 803 804 805 806 807 808 809]] [54 [810 811 812 813 814 815 816 817 818 819 820 821 822 823 824]] [55 [825 826 827 828 829 830 831 832 833 834 835 836 837 838 839]] [56 [840 841 842 843 844 845 846 847 848 849 850 851 852 853 854]] [57 [855 856 857 858 859 860 861 862 863 864 865 866 868]] [58 [870 871 872 873 874 875 876 877 878 879 880 881 883 884]] [59 [885 886 887 889 890 892 893 894 895 896 897 898 899]] [60 [900 901 902 903 904 905 906 907 908 909 910 911 912 913 914]] [61 [915 916 917 919 920 921 922 923 924 925 926 927 928 929]] [62 [930 931 932 934 935 936 938 939 940 941 942 943 944]] [63 [945 946 947 948 949 950 953 956 957 958 959]] [64 [960 961 962 963 965 966 967 969 970 971 972]] [65 [975 976 977 978 979 980 982 985 987 988]] [66 [991 992 993 994 995 996 997 998 1000 1002 1003]] [67 [1005 1006 1007 1008 1009 1010 1011 1012 1013 1014 1015 1017 1018]] [68 [1021 1022 1024 1025 1026 1027 1028 1029 1032 1033 1034]] [69 [1035 1036 1037 1038 1039 1040 1042 1043 1044 1045 1046 1047 1048 1049]] [70 [1050 1051 1052 1053 1054 1055 1056 1057 1058 1059 1060 1061 1063]] [71 [1065 1066 1067 1068 1069 1070 1071 1072 1073 1074 1075 1076 1077 1078 1079]] [72 [1080 1081 1082 1083 1084 1085 1086 1087 1088 1089 1090 1091 1092 1093 1094]] [73 [1095 1096 1097 1098 1099 1100 1101 1102 1103 1104 1105 1106 1107 1108 1109]] [74 [1110 1111 1112 1113 1114 1115 1116 1117 1118 1119 1120 1121 1122 1123 1124]] [75 [1125 1126 1127 1128 1130 1131 1132 1133 1134 1135 1136 1137 1138 1139]] [76 [1140 1141 1142 1143 1144 1145 1146 1147 1148 1149 1150 1151 1152 1153 1154]] [77 [1155 1156 1157 1158 1159 1160 1161 1162 1163 1164 1165 1167 1168 1169]] [78 [1170 1171 1172 1173 1174 1175 1176 1177 1178 1179 1180 1181 1182 1183]] [79 [1185 1186 1187 1188 1189 1190 1191 1193 1195 1196 1197 1199]] [80 [1200 1201 1202 1203 1204 1205 1206 1207 1208 1209 1210 1211 1212 1213 1214]] [81 [1215 1216 1217 1218 1219 1220 1221 1222 1223 1224 1225 1226 1227 1228 1229]] [82 [1230 1231 1232 1233 1234 1235 1236 1237 1238 1239 1240 1241 1242 1243 1244]] [83 [1245 1246 1247 1248 1249 1250 1251 1252 1253 1254 1255 1256 1257 1258 1259]] [84 [1260 1261 1263 1264 1265 1266 1267 1268 1269 1270 1271 1272 1274]] [85 [1275 1276 1277 1278 1279 1280 1281 1282 1283 1284 1285 1286 1287 1288 1289]] [86 [1290 1291 1292 1293 1294 1295 1296 1297 1298 1299 1300 1301 1302 1303 1304]] [87 [1305 1306 1307 1308 1309 1310 1311 1312 1313 1314 1315 1316 1317 1318 1319]] [88 [1320 1321 1322 1323 1324 1325 1326 1327 1328 1329 1330 1331 1332 1333 1334]] [89 [1336 1337 1338 1339 1340 1341 1342 1343 1344 1345 1346 1347 1348 1349]] [90 [1350 1351 1352 1353 1354 1355 1356 1357 1358 1359 1361 1362 1363 1364]] [91 [1365 1366 1367 1368 1369 1370 1371 1372 1373 1374 1376 1377 1379]] [92 [1380 1381 1382 1383 1384 1385 1386 1387 1388 1389 1390 1391 1392 1393 1394]] [93 [1395 1396 1397 1398 1399 1400 1401 1402 1403 1404 1405 1406 1407 1408 1409]] [94 [1410 1411 1412 1413 1414 1415 1416 1417 1418 1419 1420 1421 1422 1423 1424]] [95 [1425 1426 1427 1428 1429 1430 1431 1432 1433 1434 1435 1436 1437 1439]] [96 [1440 1441 1442 1443 1445 1446 1447 1448 1449 1450 1451 1452 1453 1454]] [97 [1455 1456 1457 1458 1459 1460 1461 1462 1463 1464 1465 1466 1467 1468 1469]] [98 [1470 1471 1472 1473 1474 1475 1476 1477 1478 1479 1480 1481 1482 1484]] [99 [1485 1486 1487 1491 1492 1493 1495 1496 1497 1498 1499]]]","[[0 [1 2 5 9 10 11 12 13 14]] [1 [15 17 18 19 20 21 23 24 27 29]] [2 [30 32 33 34 35 36 37 40 41 42 43]] [3 [45 46 47 49 51 52 54 55 56 57 58]] [4 [62 64 65 66 67 71]] [5 [75 76 79 81 85 87 88 89]] [6 [91 94 95 96 97 98 99 101 102 103]] [7 [105 106 108 111 112 113 114 115 117 118]] [8 [120 121 123 125 128 130 131 132 133 134]] [9 [135 136 137 138 139 140 141 143 144 146 148]] [10 [150 151 152 154 155 157 158 161 163 164]] [11 [165 166 167 168 169 170 172 174 176 178 179]] [12 [180 184 185 186 189 190 192 193 194]] [13 [196 198 199 200 201 205 207 209]] [14 [210 211 213 214 217 219 220 223 224]] [15 [225 226 230 231 232 233 235 236 238 239]] [16 [240 243 244 245 246 249 250 251 253]] [17 [255 258 259 260 261 263 264 266 267]] [18 [271 273 275 276 277 279 281 282 283]] [19 [285 286 288 289 290 291 292 294 298 299]] [20 [300 302 303 305 307 308 310 311 312 313]] [21 [318 321 322 323 324 325 326 327 328]] [22 [330 334 335 336 340 341 342 343]] [23 [345 346 350 352 353 355 357 358 359]] [24 [360 361 363 365 366 367 368 369 370 372]] [25 [377 379 380 384 386 388 389]] [26 [390 391 392 394 395 396 398 399 400 404]] [27 [405 406 407 408 409 410 413 414 417 419]] [28 [420 421 425 427 428 431 433]] [29 [437 441 446]] [30 [450 451 452 454 457 458 459 461 462]] [31 [468 469 470 473 474 475 476 477 479]] [32 [480 481 482 483 484 485 487 488 491 493 494]] [33 [495 496 499 500 501 502 504 505 508 509]] [34 [512 513 515 516 517 518 519 520 523]] [35 [525 527 528 529 531 532 533 536 537 539]] [36 [540 541 543 544 545 548 551 552 553 554]] [37 [555 558 559 566 567 569]] [38 [570 571 574 575 578 580 581 582 583]] [39 [585 586 588 589 590 591 592 593 596 598 599]] [40 [600 602 603 606 608 610 611 614]] [41 [615 616 618 619 621 624 625 626 627 629]] [42 [631 632 633 634 635 636 637 640 641 642 644]] [43 [645 646 647 650 652 653 654 655 656 658]] [44 [660 661 662 663 664 665 668 673]] [45 [677 680 682 684 685 686 687 689]] [46 [691 695 696 697 704]] [47 [705 706 707 710 711 712 713 714 717 718]] [48 [720 721 722 724 727 729 730 732 733]] [49 [735 736 738 739 740 741 744]] [50 [750 751 752 753 754 755 756 757 758 759 764]] [51 [765 766 768 770 771 772 773 775 777 779]] [52 [785 786 787 790 792 793]] [53 [795 797 798 799 800 801 805 807 808]] [54 [811 813 815 816 817 818 819 820 822]] [55 [826 827 830 831 835 837 838 839]] [56 [840 841 843 846 847 850 851 852 853 854]] [57 [856 857 858 859 860 861 862 864 865 866]] [58 [871 872 873 875 876 877 878 879 880 881 884]] [59 [885 886 887 889 890 892 893 894 895 896 897 899]] [60 [901 902 904 905 907 910 911 912 913 914]] [61 [916 917 919 921 923 926 927 928 929]] [62 [930 931 934 936 939 940 941 942 943 944]] [63 [946 947 948 949 950 953 956 957 959]] [64 [960 963 965 966 967 969 970 971 972]] [65 [975 976 977 978 980 982 985 987 988]] [66 [991 992 993 994 995 996 997 998 1000 1002 1003]] [67 [1005 1007 1008 1009 1010 1012 1013 1014 1015 1018]] [68 [1021 1022 1024 1025 1026 1027 1028 1029 1032]] [69 [1035 1036 1037 1039 1040 1042 1043 1045 1047 1048]] [70 [1052 1053 1054 1055 1056 1057 1059]] [71 [1065 1067 1068 1069 1072 1073 1074 1076 1077 1079]] [72 [1080 1081 1083 1084 1087 1090 1091 1092 1094]] [73 [1095 1096 1098 1101 1104 1105 1106 1107 1108 1109]] [74 [1110 1112 1113 1114 1115 1116 1117 1123 1124]] [75 [1125 1128 1132 1133 1134 1135 1136 1137 1139]] [76 [1141 1142 1143 1145 1146 1151 1152]] [77 [1155 1156 1158 1159 1163 1164 1167 1168]] [78 [1173 1174 1178 1179 1180 1181 1182 1183]] [79 [1185 1186 1187 1188 1189 1190 1191 1193 1196 1197]] [80 [1200 1202 1204 1206 1207 1209 1212 1213 1214]] [81 [1215 1216 1218 1219 1221 1222 1223 1226 1227]] [82 [1230 1232 1234 1235 1236 1238 1239 1242 1243]] [83 [1247 1251 1252 1253 1254 1255 1256 1258 1259]] [84 [1260 1261 1263 1264 1265 1268 1270 1271]] [85 [1275 1276 1277 1278 1279 1282]] [86 [1298 1303 1304]] [87 [1307 1308 1311 1313 1314 1315 1316 1318 1319]] [88 [1321 1324 1325 1327 1328 1330 1332 1334]] [89 [1336 1339 1340 1341 1342 1344 1345 1346 1347 1348 1349]] [90 [1351 1353 1354 1355 1357 1358 1359 1362 1363 1364]] [91 [1365 1368 1371 1376 1377 1379]] [92 [1380 1381 1382 1383]] [93 [1395 1396 1399 1408]] [94 [1411 1415 1418 1419 1420 1423 1424]] [95 [1426 1428 1429 1430 1431 1432 1434 1435 1436 1437]] [96 [1440 1443 1445 1446 1447 1448 1450 1451 1452 1454]] [97 [1455 1456 1457 1460 1461 1466 1467 1468 1469]] [98 [1471 1475 1476 1477 1478 1480 1481 1482 1484]] [99 [1485 1487 1491 1492 1493 1498 1499]]]",,"[[{citizen 36} [[""A"" [1]]]] [{citizen 37} [[""A"" [1]]]] [{citizen 44} [[""A"" [1]]]] [{citizen 49} [[""A"" [2]]]] [{media 50} [[""A"" [4]]]] [{media 51} [[""A"" [1]]]] [{media 53} [[""A"" [1]]]] [{media 54} [[""A"" [5]]]] [{media 59} [[""A"" [4]]]] [{media 60} [[""A"" [0]]]] [{media 61} [[""A"" [1]]]] [{media 63} [[""A"" [0]]]] [{media 57} [[""A"" [6]]]] [{citizen 18} [[""A"" [1]]]] [{media 56} [[""A"" [1]]]] [{citizen 8} [[""A"" [3]]]] [{media 52} [[""A"" [2]]]] [{citizen 6} [[""A"" [1]]]] [{media 58} [[""A"" [2]]]] [{media 55} [[""A"" [1]]]] [{citizen 7} [[""A"" [1]]]] [{citizen 2} [[""A"" [1]]]] [{citizen 11} [[""A"" [1]]]] [{media 62} [[""A"" [3]]]] [{media 64} [[""A"" [2]]]] [{citizen 1} [[""A"" [1]]]] [{citizen 31} [[""A"" [1]]]] [{citizen 26} [[""A"" [3]]]] [{citizen 13} [[""A"" [1]]]] [{citizen 42} [[""A"" [1]]]] [{citizen 30} [[""A"" [0]]]] [{citizen 5} [[""A"" [1]]]] [{citizen 15} [[""A"" [1]]]] [{citizen 14} [[""A"" [1]]]] [{citizen 20} [[""A"" [1]]]] [{citizen 45} [[""A"" [2]]]] [{citizen 23} [[""A"" [1]]]] [{citizen 47} [[""A"" [1]]]] [{citizen 19} [[""A"" [1]]]] [{citizen 38} [[""A"" [1]]]] [{citizen 17} [[""A"" [1]]]] [{citizen 40} [[""A"" [1]]]] [{citizen 48} [[""A"" [3]]]] [{citizen 43} [[""A"" [1]]]] [{citizen 39} [[""A"" [0]]]] [{citizen 10} [[""A"" [3]]]] [{citizen 27} [[""A"" [1]]]] [{citizen 0} [[""A"" [1]]]] [{citizen 21} [[""A"" [1]]]] [{citizen 22} [[""A"" [1]]]] [{citizen 16} [[""A"" [1]]]] [{citizen 34} [[""A"" [1]]]] [{citizen 25} [[""A"" [1]]]] [{citizen 33} [[""A"" [1]]]] [{citizen 9} [[""A"" [1]]]] [{citizen 12} [[""A"" [3]]]] [{citizen 32} [[""A"" [1]]]] [{citizen 4} [[""A"" [1]]]] [{citizen 29} [[""A"" [2]]]] [{citizen 41} [[""A"" [1]]]] [{citizen 3} [[""A"" [1]]]] [{citizen 35} [[""A"" [2]]]] [{citizen 46} [[""A"" [1]]]] [{citizen 24} [[""A"" [1]]]]]"
"29","[213 0 42]","325.53191489361706","-2.803569833447482","4.188950158288936","""circle""","""""","9.9","{breed citizens}","false","0.5","1","""up""",,"[[""ID"" 31] [""alpha"" 1] [""beta"" 1] [""malleable"" [""A""]] [""prior"" []] [""cont_tokens"" []] [""A"" 1]]","[[0 [0 1 2 4 5 6 8 9 10 11 12 13 14]] [1 [15 16 17 18 19 20 22 25 26 28]] [2 [30 31 32 33 34 35 36 37 38 39 40 41 42 43 44]] [3 [45 46 47 48 49 50 51 52 53 54 55 56 57 58 59]] [4 [60 61 62 63 64 65 66 67 68 69 70 71 73 74]] [5 [75 76 77 78 79 80 81 82 83 84 85 86 87 88 89]] [6 [91 93 94 95 96 97 98 99 101 102 103]] [7 [105 106 108 110 111 112 113 114 115 117 118]] [8 [120 121 123 125 126 127 128 129 130 131 132 133 134]] [9 [135 136 137 138 139 141 142 143 144 145 146 147 148 149]] [10 [150 151 152 153 154 155 157 158 159 160 161 162 163 164]] [11 [165 166 167 168 169 170 171 172 173 174 175 176 178 179]] [12 [180 181 183 184 185 186 187 189 190 191 192 193 194]] [13 [195 196 197 198 199 200 201 202 203 204 205 207 208 209]] [14 [210 211 212 213 214 215 216 217 218 219 220 221 222 223 224]] [15 [225 226 227 228 229 230 231 232 233 235 236 238 239]] [16 [240 243 244 245 246 247 248 249 250 251 252 253 254]] [17 [255 256 257 258 259 260 261 262 263 264 265 266 267 268 269]] [18 [270 271 272 273 274 275 276 277 278 279 280 281 282 283 284]] [19 [285 286 287 288 289 290 291 292 293 294 295 298 299]] [20 [300 302 303 304 305 307 308 309 310 311 312 313 314]] [21 [315 317 318 319 320 321 322 323 324 325 326 327 328 329]] [22 [330 331 332 334 335 336 337 338 339 340 341 342 343 344]] [23 [345 346 350 351 352 353 354 355 356 357 358 359]] [24 [360 361 362 363 364 365 366 367 368 369 370 371 372 373 374]] [25 [375 376 377 378 379 380 381 382 383 384 385 386 387 388 389]] [26 [390 391 392 394 395 396 398 399 400 401 402 403 404]] [27 [405 406 407 408 409 410 411 412 413 414 415 416 417 418 419]] [28 [420 421 422 423 424 425 426 427 428 429 430 431 432 433 434]] [29 [435 436 437 438 439 440 441 442 443 444 445 446 447 448 449]] [30 [450 451 452 453 454 455 456 457 458 459 460 461 462 463 464]] [31 [465 466 467 468 469 470 471 472 473 474 475 476 477 478 479]] [32 [480 481 482 483 484 485 486 487 488 489 490 491 492 493 494]] [33 [495 496 497 498 499 500 501 502 503 504 505 506 507 508 509]] [34 [510 511 512 513 514 515 516 517 518 519 520 521 522 523 524]] [35 [525 527 528 529 531 532 533 536 537 538 539]] [36 [540 541 542 543 544 545 546 548 549 550 551 552 553 554]] [37 [555 556 557 558 559 560 561 562 563 564 565 566 567 568 569]] [38 [570 571 572 573 574 575 576 577 578 579 580 581 582 583 584]] [39 [585 586 587 588 589 590 591 592 593 594 595 596 598 599]] [40 [600 602 603 604 605 606 607 608 610 611 612 613 614]] [41 [615 616 617 618 619 621 622 623 624 625 626 627 628 629]] [42 [630 631 632 633 634 635 636 637 638 640 641 642 643 644]] [43 [645 646 647 648 649 650 651 652 653 654 655 656 657 658 659]] [44 [660 661 662 663 664 665 666 667 668 669 670 671 672 673]] [45 [675 676 677 678 679 680 681 682 683 684 685 686 687 689]] [46 [690 691 692 693 694 695 696 697 698 699 700 701 702 703 704]] [47 [705 706 707 708 709 710 711 712 713 714 716 717 718]] [48 [720 721 722 723 724 727 728 729 730 731 732 733 734]] [49 [735 736 737 738 739 740 741 743 744 745 746 747 748 749]] [50 [750 751 752 753 754 755 756 757 758 759 760 761 762 763 764]] [51 [765 766 767 768 770 771 772 773 774 775 777 778 779]] [52 [780 781 782 783 784 785 786 787 788 789 790 791 792 793 794]] [53 [795 796 797 798 799 800 801 802 803 804 805 806 807 808 809]] [54 [810 811 812 813 814 815 816 817 818 819 820 821 822 823 824]] [55 [825 826 827 830 831 832 833 834 835 836 837 838 839]] [56 [840 841 842 843 844 845 846 847 848 849 850 851 852 853 854]] [57 [855 856 857 858 859 860 861 862 863 864 865 866 868]] [58 [870 871 872 873 874 875 876 877 878 879 880 881 883 884]] [59 [885 886 887 889 890 892 893 894 895 896 897 898 899]] [60 [900 901 902 903 904 905 906 907 908 909 910 911 912 913 914]] [61 [915 916 917 919 920 921 922 923 924 925 926 927 928 929]] [62 [930 931 932 934 935 936 938 939 940 941 942 943 944]] [63 [945 946 947 948 949 950 953 956 957 958 959]] [64 [960 961 962 963 965 966 967 969 970 971 972]] [65 [975 976 977 978 979 980 982 985 987 988]] [66 [991 992 993 994 995 996 997 998 1000 1002 1003]] [67 [1005 1006 1007 1008 1009 1010 1011 1012 1013 1014 1015 1017 1018]] [68 [1021 1022 1024 1025 1026 1027 1028 1029 1032 1033 1034]] [69 [1035 1036 1037 1039 1040 1042 1043 1044 1045 1047 1048]] [70 [1050 1051 1052 1053 1054 1055 1056 1057 1058 1059 1060 1061 1063]] [71 [1065 1066 1067 1068 1069 1070 1071 1072 1073 1074 1075 1076 1077 1078 1079]] [72 [1080 1081 1082 1083 1084 1085 1086 1087 1088 1089 1090 1091 1092 1093 1094]] [73 [1095 1096 1097 1098 1099 1100 1101 1102 1103 1104 1105 1106 1107 1108 1109]] [74 [1110 1111 1112 1113 1114 1115 1116 1117 1118 1119 1120 1121 1122 1123 1124]] [75 [1125 1126 1127 1128 1130 1131 1132 1133 1134 1135 1136 1137 1138 1139]] [76 [1140 1141 1142 1143 1144 1145 1146 1147 1148 1149 1150 1151 1152 1153 1154]] [77 [1155 1156 1157 1158 1159 1160 1161 1162 1163 1164 1165 1167 1168 1169]] [78 [1170 1171 1172 1173 1174 1175 1176 1177 1178 1179 1180 1181 1182 1183 1184]] [79 [1185 1186 1187 1188 1189 1190 1191 1193 1195 1196 1197 1199]] [80 [1200 1201 1202 1203 1204 1205 1206 1207 1208 1209 1210 1211 1212 1213 1214]] [81 [1215 1216 1217 1218 1219 1220 1221 1222 1223 1224 1225 1226 1227 1228 1229]] [82 [1230 1231 1232 1233 1234 1235 1236 1237 1238 1239 1240 1241 1242 1243 1244]] [83 [1245 1246 1247 1248 1249 1250 1251 1252 1253 1254 1255 1256 1257 1258 1259]] [84 [1260 1261 1262 1263 1264 1265 1266 1267 1268 1269 1270 1271 1272 1274]] [85 [1275 1276 1277 1278 1279 1280 1281 1282 1283 1284 1285 1286 1287 1288 1289]] [86 [1290 1291 1292 1293 1294 1295 1296 1297 1298 1299 1300 1301 1302 1303 1304]] [87 [1305 1306 1307 1308 1309 1310 1311 1312 1313 1314 1315 1316 1317 1318 1319]] [88 [1320 1321 1322 1323 1324 1325 1326 1327 1328 1329 1330 1331 1332 1333 1334]] [89 [1335 1337 1338 1339 1340 1341 1342 1343 1344 1345 1346 1347 1348 1349]] [90 [1350 1351 1352 1353 1354 1355 1356 1357 1358 1359 1361 1362 1363 1364]] [91 [1365 1366 1367 1368 1369 1370 1371 1372 1373 1374 1376 1377 1379]] [92 [1380 1381 1382 1383 1384 1385 1386 1387 1388 1389 1390 1391 1392 1393 1394]] [93 [1395 1396 1397 1398 1399 1400 1401 1402 1403 1404 1405 1406 1407 1408 1409]] [94 [1410 1411 1412 1413 1414 1415 1416 1417 1418 1419 1420 1421 1422 1423 1424]] [95 [1425 1426 1427 1428 1429 1430 1431 1432 1433 1434 1435 1436 1437 1439]] [96 [1440 1441 1442 1443 1445 1446 1447 1448 1449 1450 1451 1452 1453 1454]] [97 [1455 1456 1457 1458 1459 1460 1461 1462 1463 1464 1465 1466 1467 1468 1469]] [98 [1471 1472 1473 1474 1475 1476 1477 1478 1479 1480 1481 1482 1484]] [99 [1485 1486 1487 1491 1492 1493 1495 1496 1497 1498 1499]]]","[[0 [1 2]] [1 [16 26 28]] [2 [31 37 39 44]] [3 [49 52 58 59]] [4 [61 62 63 64 65 66 67 68 69 70 73 74]] [5 [77 78 82 83 84 85 87 88 89]] [6 [91 94 95 96 97 98 99 101 102 103]] [7 [105 106 108 111 112 113 114 118]] [8 [120 121 123 125 129]] [9 [139 142 145 149]] [10 [153 155 158 161 163 164]] [11 [165 166 167 168 169 170 172 174 176 178 179]] [12 [180 183 185 186 187 189 190 191]] [13 [195 200 201 208]] [14 [211 214 217 219 220 223 224]] [15 [225 226 231 232 233 235 236 238 239]] [16 [240 243 244 245 246 249 250 253]] [17 [255 257 258 259 260 261 263 264 266 267]] [18 [271 273 275 276 277 278 279 281 282 283]] [19 [285 286 287 289 290 291 292 294 298 299]] [20 [300 302 304 305 307 308 310 311 312 313]] [21 [318 321 322 323 324 325 327 328 329]] [22 [330 334 336 339 340 341 342 343]] [23 [345 346 350 351 352 353 354]] [24 [360 361 363 365 366 367 368 370 371 372]] [25 [377 379 380 384 386 388]] [26 [390 391 392 394 395 396 398 399 400 404]] [27 [405 406 407 408 409 410 413 414 417 419]] [28 [420 421 424 425 427 428 432 434]] [29 [435 436 438 440 442 443 444 445 448 449]] [30 [450 451 454 455 456]] [31 [467 468 469 470 473 474 475 476 477 479]] [32 [480 481 482 483 484 487 488 491 493 494]] [33 [495 496 499 500 501 502 503 506 507]] [34 [510 511 512 513 515 516 518 519 520 523]] [35 [525 527 528 529 531 532 533 536 537 539]] [36 [540 541 543 544 545 548 551 552 553]] [37 [556 559 562 564 565 567 568 569]] [38 [570 571 574 575 578 580 582 583 584]] [39 [586 588 589 590 591 592 593 598 599]] [40 [600 602 604 605 606 608 610 612 613 614]] [41 [615 616 618 619 622 623 626 627 629]] [42 [632 633 634 635 636 637 640 641 642 644]] [43 [645 646 647 650 652 653 654 655 656 658]] [44 [660 662 663 664 666 667 669 670 671 672]] [45 [675 676 678 679 681 683 687 689]] [46 [691 695 698 699 700 701 702 703 704]] [47 [705 706 707 708 709 710 711 712 713 714 717 718]] [48 [720 721 722 723 728 729 730 732 733 734]] [49 [735 736 738 739 741 744]] [50 [751 752 753 754 755 756 757 758 759 763 764]] [51 [765 766 768 770 771 773 775 777 779]] [52 [785 788 789 791 794]] [53 [796 797 798 799 800 805 807 808]] [54 [810 811 812 814 816 817 818 820 822 824]] [55 [825 826 827 832 833 834 835 836 838 839]] [56 [840 841 843 846 847 850 851 852 853 854]] [57 [856 857 858 859 860 861 862 865 866]] [58 [871 872 873 875 876 878 880 881 884]] [59 [886 887 889 890 892 894 895 896 897 899]] [60 [901 904 905 907 910 911 912 913 914]] [61 [916 917 919 921 923 926 927 928 929]] [62 [930 932 935 936 939 940 941 942 943 944]] [63 [946 947 948 949 950 953 956 958 959]] [64 [960 962 963 965 966 967 969 970 971 972]] [65 [975 976 977 978 980 982 985 987 988]] [66 [991 992 993 994 995 996 997 998 1000 1002 1003]] [67 [1005 1007 1008 1009 1010 1011 1012 1013 1014 1015 1018]] [68 [1021 1022 1024 1025 1027 1028 1029 1032 1033 1034]] [69 [1035 1036 1037 1039 1040 1042 1043 1045 1047]] [70 [1051 1054 1055 1056 1057 1060 1061 1063]] [71 [1065 1070 1071 1075]] [72 [1082 1084 1087 1093]] [73 [1097 1099 1100 1102]] [74 [1117 1123 1124]] [75 [1125 1126 1127 1128 1130 1132 1133 1134 1135 1136 1137 1139]] [76 [1143 1144 1147 1148 1149 1150 1152]] [77 [1155 1156 1157 1158 1159 1163 1164 1165 1167 1168]] [78 [1170 1171 1172 1174 1176 1178 1179 1180 1181 1182 1183]] [79 [1185 1189 1190 1191 1193 1196 1197 1199]] [80 [1201 1203 1210 1212 1213 1214]] [81 [1215 1217 1218 1219 1221 1222 1223 1224 1226 1227 1228]] [82 [1230 1232 1234 1235 1238 1239 1242 1243]] [83 [1247 1251 1252 1253 1254 1255 1256 1258 1259]] [84 [1260 1261 1263 1264 1266 1267 1268 1270 1271]] [85 [1275 1276 1277 1278 1279 1282]] [86 [1298 1303 1304]] [87 [1309 1310]] [88 [1322 1323]] [89 [1335 1337 1338 1339 1340 1341 1342 1344 1345 1346 1348 1349]] [90 [1350 1352 1354 1355 1357 1358 1359 1362 1364]] [91 [1365 1366 1367 1368 1369 1370 1371]] [92 [1381 1382 1383 1391 1393 1394]] [93 [1395 1396 1399]] [94 [1415 1418 1419 1420 1423 1424]] [95 [1426 1428 1430 1431 1432 1434 1435 1436 1437]] [96 [1440 1442 1446 1447 1448 1449 1450 1451 1452 1454]] [97 [1458 1459 1463 1464 1465 1466 1467 1468 1469]] [98 [1471 1473 1476 1477 1478 1480 1481 1482 1484]] [99 [1485 1487 1491 1492 1493 1498 1499]]]",,"[[{citizen 30} [[""A"" [0]]]] [{media 50} [[""A"" [4]]]] [{media 51} [[""A"" [1]]]] [{media 52} [[""A"" [2]]]] [{media 53} [[""A"" [1]]]] [{media 54} [[""A"" [5]]]] [{media 57} [[""A"" [6]]]] [{media 58} [[""A"" [2]]]] [{media 59} [[""A"" [4]]]] [{media 60} [[""A"" [0]]]] [{media 62} [[""A"" [3]]]] [{media 63} [[""A"" [0]]]] [{media 64} [[""A"" [2]]]] [{citizen 17} [[""A"" [1]]]] [{citizen 2} [[""A"" [1]]]] [{citizen 7} [[""A"" [1]]]] [{citizen 11} [[""A"" [1]]]] [{citizen 13} [[""A"" [1]]]] [{citizen 5} [[""A"" [1]]]] [{media 61} [[""A"" [1]]]] [{citizen 1} [[""A"" [1]]]] [{citizen 31} [[""A"" [1]]]] [{citizen 26} [[""A"" [3]]]] [{citizen 49} [[""A"" [1]]]] [{citizen 42} [[""A"" [1]]]] [{citizen 15} [[""A"" [1]]]] [{citizen 14} [[""A"" [1]]]] [{citizen 20} [[""A"" [1]]]] [{citizen 8} [[""A"" [3]]]] [{citizen 28} [[""A"" [1]]]] [{citizen 6} [[""A"" [1]]]] [{citizen 0} [[""A"" [1]]]] [{citizen 9} [[""A"" [1]]]] [{citizen 12} [[""A"" [3]]]] [{citizen 45} [[""A"" [2]]]] [{citizen 23} [[""A"" [1]]]] [{citizen 47} [[""A"" [1]]]] [{citizen 36} [[""A"" [1]]]] [{citizen 19} [[""A"" [1]]]] [{citizen 38} [[""A"" [1]]]] [{citizen 40} [[""A"" [1]]]] [{citizen 48} [[""A"" [3]]]] [{citizen 43} [[""A"" [1]]]] [{citizen 39} [[""A"" [0]]]] [{citizen 10} [[""A"" [3]]]] [{citizen 34} [[""A"" [1]]]] [{citizen 25} [[""A"" [1]]]] [{citizen 21} [[""A"" [1]]]] [{citizen 44} [[""A"" [1]]]] [{media 55} [[""A"" [1]]]] [{citizen 33} [[""A"" [1]]]] [{citizen 37} [[""A"" [1]]]] [{citizen 18} [[""A"" [1]]]] [{citizen 27} [[""A"" [1]]]] [{citizen 22} [[""A"" [1]]]] [{citizen 4} [[""A"" [1]]]] [{citizen 41} [[""A"" [1]]]] [{citizen 32} [[""A"" [1]]]] [{citizen 16} [[""A"" [1]]]] [{citizen 3} [[""A"" [1]]]] [{citizen 35} [[""A"" [2]]]] [{media 56} [[""A"" [1]]]] [{citizen 46} [[""A"" [1]]]] [{citizen 24} [[""A"" [1]]]]]"
"30","[213 0 42]","296.8085106382979","-9.628044869926168","4.631491185720571","""circle""","""""","9.9","{breed citizens}","false","0.5","1","""up""",,"[[""ID"" 2] [""alpha"" 1] [""beta"" 1] [""malleable"" [""A""]] [""prior"" []] [""cont_tokens"" []] [""A"" 1]]","[[0 [0 1 2 3 4 5 6 7 9 10 11 12 13 14]] [1 [15 17 18 19 20 21 22 23 24 25 26 27 28 29]] [2 [30 31 32 33 34 35 36 37 39 40 41 42 43 44]] [3 [45 46 47 48 49 50 51 52 53 54 55 56 57 58 59]] [4 [60 61 62 63 64 65 66 67 68 69 70 71 73 74]] [5 [75 76 77 78 79 80 81 82 83 84 85 86 87 88 89]] [6 [91 93 94 95 96 97 98 99 101 102 103]] [7 [105 106 108 110 111 112 113 114 115 117 118]] [8 [120 121 123 125 126 127 128 129 130 131 132 133 134]] [9 [135 136 137 138 139 140 141 142 143 144 145 146 147 148 149]] [10 [150 151 152 153 154 155 157 158 159 160 161 162 163 164]] [11 [165 166 167 168 169 170 171 172 173 174 175 176 178 179]] [12 [180 181 183 184 185 186 187 188 189 190 191 192 193 194]] [13 [195 196 197 198 199 200 201 202 203 204 205 206 207 208 209]] [14 [210 211 212 213 214 215 216 217 218 219 220 221 222 223 224]] [15 [225 226 227 228 229 230 231 232 233 234 235 236 237 238 239]] [16 [240 243 244 245 246 247 248 249 250 251 252 253 254]] [17 [255 256 257 258 259 260 261 262 263 264 265 266 267 268 269]] [18 [270 271 272 273 274 275 276 277 278 279 280 281 282 283 284]] [19 [285 286 287 288 289 290 291 292 293 294 295 298 299]] [20 [300 302 303 304 305 307 308 309 310 311 312 313 314]] [21 [315 317 318 319 320 321 322 323 324 325 326 327 328 329]] [22 [330 331 332 334 335 336 337 338 339 340 341 342 343 344]] [23 [345 346 347 348 349 350 351 352 353 354 355 356 357 358 359]] [24 [360 361 362 363 364 365 366 367 368 369 370 371 372 373 374]] [25 [375 376 377 378 379 380 381 382 383 384 385 386 388 389]] [26 [390 391 392 394 395 396 398 399 400 401 402 403 404]] [27 [405 406 407 408 409 410 411 412 413 414 415 416 417 418 419]] [28 [420 421 422 423 424 425 426 427 428 429 430 431 432 433 434]] [29 [435 436 437 438 439 440 441 442 443 444 445 446 447 448 449]] [30 [450 451 452 453 454 455 456 457 458 459 460 461 462 463]] [31 [465 466 467 468 469 470 471 472 473 474 475 476 477 478 479]] [32 [480 481 482 483 484 486 487 488 489 490 491 492 493 494]] [33 [497 498 499 500 501 502 503 504 505 506 507 508 509]] [34 [510 511 512 513 514 515 516 517 518 519 520 521 523 524]] [35 [525 527 528 529 531 532 533 536 537 538 539]] [36 [540 541 542 543 544 545 546 548 549 550 551 552 553 554]] [37 [555 556 557 558 559 560 561 562 563 564 565 566 567 568 569]] [38 [570 571 572 573 574 575 576 577 578 579 580 581 582 583 584]] [39 [585 586 587 588 589 590 591 592 593 594 595 596 598 599]] [40 [600 602 603 604 605 606 607 608 610 611 612 613 614]] [41 [615 616 617 618 619 620 621 622 623 624 625 626 627 628 629]] [42 [630 631 632 633 634 635 636 637 638 640 641 642 643 644]] [43 [645 646 647 648 649 650 651 652 653 654 655 656 657 658 659]] [44 [660 661 662 663 664 665 666 667 668 669 670 671 672 673]] [45 [675 676 677 678 679 680 681 682 683 684 685 686 687 688 689]] [46 [691 693 694 695 696 697 698 699 700 701 702 703 704]] [47 [705 706 707 708 709 710 711 712 713 714 715 716 717 718 719]] [48 [720 721 722 723 724 727 728 729 730 731 732 733 734]] [49 [735 736 737 738 739 740 741 742 743 744 745 746 747 748 749]] [50 [750 751 752 753 754 755 756 757 758 759 760 761 762 763 764]] [51 [765 766 767 768 770 771 772 773 774 775 777 778 779]] [52 [780 781 782 783 784 785 786 787 788 789 790 791 792 793 794]] [53 [795 796 797 798 799 800 801 803 804 805 806 807 808 809]] [54 [810 811 812 813 814 815 816 817 818 819 820 821 822 823 824]] [55 [825 826 827 830 831 832 833 834 835 836 837 838 839]] [56 [840 841 842 843 844 845 846 847 848 849 850 851 852 853 854]] [57 [855 856 857 858 859 860 861 862 863 864 865 866 868]] [58 [870 871 872 873 874 875 876 877 878 879 880 881 882 883 884]] [59 [885 886 887 888 889 890 891 892 893 894 895 896 897 898 899]] [60 [900 901 902 903 904 905 906 907 908 909 910 911 912 913 914]] [61 [915 916 917 919 920 921 922 923 924 925 926 927 928 929]] [62 [930 931 932 934 935 936 938 939 940 941 942 943 944]] [63 [945 946 947 948 949 950 953 956 957 958 959]] [64 [960 961 962 963 965 966 967 969 970 971 972]] [65 [975 976 977 978 979 980 982 985 987 988]] [66 [991 992 993 994 995 996 997 998 1000 1002 1003]] [67 [1005 1006 1007 1008 1009 1010 1011 1012 1013 1014 1015 1017 1018]] [68 [1021 1022 1024 1025 1026 1027 1028 1029 1032 1033 1034]] [69 [1035 1036 1037 1038 1039 1040 1042 1043 1044 1045 1047 1048 1049]] [70 [1050 1051 1052 1053 1054 1055 1056 1057 1058 1059 1060 1061 1063]] [71 [1065 1066 1067 1068 1069 1070 1071 1072 1073 1074 1075 1076 1077 1078 1079]] [72 [1080 1081 1082 1083 1084 1085 1086 1087 1088 1089 1090 1091 1092 1093 1094]] [73 [1095 1096 1097 1098 1099 1100 1101 1102 1103 1104 1105 1106 1107 1108 1109]] [74 [1110 1111 1112 1113 1114 1115 1116 1117 1118 1119 1120 1121 1122 1123 1124]] [75 [1125 1126 1127 1128 1130 1132 1133 1134 1135 1136 1137 1138 1139]] [76 [1140 1141 1142 1143 1144 1145 1146 1147 1148 1149 1150 1151 1152 1153]] [77 [1155 1156 1157 1158 1159 1160 1161 1162 1163 1164 1165 1167 1168 1169]] [78 [1170 1171 1172 1173 1174 1175 1176 1177 1178 1179 1180 1181 1182 1183 1184]] [79 [1185 1186 1187 1188 1189 1190 1191 1192 1193 1194 1195 1196 1197 1198 1199]] [80 [1201 1203 1205 1206 1207 1208 1209 1210 1211 1212 1213 1214]] [81 [1215 1216 1217 1218 1219 1220 1221 1222 1223 1224 1225 1226 1227 1228 1229]] [82 [1230 1231 1232 1233 1234 1235 1236 1237 1238 1239 1240 1241 1242 1243 1244]] [83 [1245 1246 1247 1248 1249 1250 1251 1252 1253 1254 1255 1256 1257 1258 1259]] [84 [1260 1261 1263 1264 1265 1266 1267 1268 1269 1270 1271 1272 1274]] [85 [1275 1276 1277 1278 1279 1280 1281 1282 1283 1284 1285 1286 1287 1288 1289]] [86 [1292 1293 1294 1295 1296 1297 1298 1299 1300 1301 1302 1303 1304]] [87 [1305 1306 1307 1308 1309 1310 1311 1312 1313 1314 1315 1316 1317 1318 1319]] [88 [1320 1321 1322 1323 1324 1325 1326 1327 1328 1329 1330 1331 1332 1333 1334]] [89 [1335 1336 1337 1338 1339 1340 1341 1342 1343 1344 1345 1346 1347 1348 1349]] [90 [1350 1351 1352 1353 1354 1355 1356 1357 1358 1359 1361 1362 1363 1364]] [91 [1365 1366 1367 1368 1369 1370 1371 1372 1373 1374 1376 1377 1379]] [92 [1380 1381 1382 1383 1384 1385 1386 1387 1388 1389 1390 1391 1392 1393 1394]] [93 [1395 1396 1397 1398 1399 1400 1401 1402 1403 1404 1405 1406 1407 1408 1409]] [94 [1410 1411 1412 1413 1414 1415 1416 1417 1418 1419 1420 1421 1422 1423 1424]] [95 [1425 1426 1427 1428 1429 1430 1431 1432 1433 1434 1435 1436 1437 1439]] [96 [1440 1441 1442 1443 1445 1446 1447 1448 1449 1450 1451 1452 1453 1454]] [97 [1455 1456 1457 1458 1459 1460 1461 1462 1463 1464 1465 1466 1467 1468 1469]] [98 [1471 1472 1473 1474 1475 1476 1477 1478 1479 1480 1481 1482 1484]] [99 [1485 1486 1487 1491 1492 1493 1495 1496 1497 1498 1499]]]","[[0 [4 6 7 10 11 12 13 14]] [1 [15 17 18 19 20 21 23 24 29]] [2 [30 32 34 35 36 37 39 44]] [3 [48 50 51 52 54 55 56 57 58]] [4 [60 63 65 66 68 69 70 71]] [5 [75 76 80 81 85 86 89]] [6 [91 94 95 96 97 98 99 101 102 103]] [7 [105 106 108 111 112 113 114 115 117 118]] [8 [120 121 126 127 128 130 131 132 133 134]] [9 [135 136 137 138 139 142 145]] [10 [159 160 162 164]] [11 [165 166 167 168 169 170 172 174 175 178]] [12 [180 184 185 186 189 190 192 193 194]] [13 [196 198 199 202 203 204 205 208]] [14 [212 215 219 220]] [15 [227 228 229 230 231 232 233 235 236 238 239]] [16 [240 243 244 245 246 248 249 252]] [17 [257 258 259 260 261 263 264 265 268 269]] [18 [272 273 275 276 277 278 279 281 282 283]] [19 [285 286 288 289 290 291 292 294 298 299]] [20 [300 302 303 305 307 308 310 311 312 313]] [21 [318 321 322 324 325 326 329]] [22 [330 332 335 336 344]] [23 [347 349 354 355 358 359]] [24 [360 361 363 365 366 367 368 371 373 374]] [25 [375 376 377 379 380 383 385 386 388]] [26 [390 391 392 394 395 396 398 399 400 404]] [27 [405 406 407 408 409 410 411 412 416 418]] [28 [421 422 423 424 425 427 428 429 430 431 433]] [29 [437 441 446]] [30 [450 453 455 463]] [31 [465 466 467 471 478]] [32 [486 489 490 492]] [33 [497 498 499 500 501 502 504 505 508 509]] [34 [511 513 514 515 517 518 519 520 523]] [35 [525 528 529 531 532 533 536 538]] [36 [540 541 542 543 544 545 548 551 552 553]] [37 [556 557 560 561 562 564 565 568 569]] [38 [570 571 574 575 577 578 580 582 583]] [39 [585 586 588 589 590 591 592 593 596 598 599]] [40 [602 604 605 606 608 610 612 613]] [41 [617 619 621 624 625 626 627 629]] [42 [632 633 634 635 636 637 640 641 642 644]] [43 [645 646 647 650 652 653 654 655 656 659]] [44 [661 662 663 664 665 668 673]] [45 [677 680 682 684 685 686 687 689]] [46 [691 694 695 696 697]] [47 [705 706 707 710 711 712 713 714 717 718]] [48 [720 721 722 724 727 729 730 732 733 734]] [49 [735 740 743 744]] [50 [750 751 752 758 759 763 764]] [51 [765 766 768 770 771 773 774 775 777 778]] [52 [780 781 782 783 784 786 787 788 792 793]] [53 [795 796 797 798 799 800 805 807 808 809]] [54 [811 813 815 816 817 818 819 820 822 824]] [55 [825 826 827 830 831 834 835 837 838 839]] [56 [840 841 843 847 850 851 852 853 854]] [57 [856 857 858 859 860 861 862 864 868]] [58 [870 874 883]] [59 [885 886 887 889 890 892 894 895 896 897 898 899]] [60 [903 906 908 909 913 914]] [61 [916 917 919 920 921 923 926 927 928 929]] [62 [930 932 938 939 940 941 942 943 944]] [63 [946 947 948 949 950 953 956 958 959]] [64 [960 963 965 966 967 969 970 971 972]] [65 [975 976 977 978 979 982 985 987 988]] [66 [991 992 993 994 995 996 997 998 1000 1002 1003]] [67 [1005 1007 1008 1009 1010 1011 1012 1013 1014 1015 1018]] [68 [1021 1022 1024 1025 1027 1029 1032 1033]] [69 [1035 1037 1039 1040 1042 1043 1044 1047]] [70 [1051 1053 1054 1055 1056 1057 1059]] [71 [1065 1067 1068 1069 1072 1073 1074 1076 1077]] [72 [1080 1081 1083 1086 1088 1089 1090 1091 1092 1094]] [73 [1095 1096 1098 1101 1104 1105 1106 1107 1108 1109]] [74 [1110 1111 1113 1114 1115 1118 1119 1120 1121 1122]] [75 [1126 1127 1130 1132 1133 1134 1135 1136 1137 1138]] [76 [1140 1141 1142 1143 1144 1147 1148 1149 1150 1153]] [77 [1156 1157 1158 1159 1161 1162 1164 1165 1167 1168]] [78 [1170 1171 1172 1175 1177]] [79 [1194 1198]] [80 [1201 1203 1207 1209 1212 1213 1214]] [81 [1215 1217 1218 1219 1221 1222 1223 1226 1227 1228]] [82 [1230 1232 1234 1235 1239 1242 1243 1244]] [83 [1245 1249 1251 1252 1253 1254 1255 1256 1258 1259]] [84 [1260 1261 1263 1264 1265 1267 1268 1270 1271]] [85 [1275 1276 1277 1278 1279 1282]] [86 [1298 1303 1304]] [87 [1309 1310]] [88 [1322 1323 1329 1331 1334]] [89 [1339 1340 1341 1342 1344 1345 1346 1347 1348 1349]] [90 [1351 1353 1354 1355 1358 1359 1362 1363 1364]] [91 [1365 1367 1369 1370 1372 1373 1374 1376 1377 1379]] [92 [1380 1384 1385 1386 1388 1389 1390 1392]] [93 [1397 1398 1400 1401 1402 1403 1404 1405 1406 1407 1408]] [94 [1411 1413 1414 1416 1420 1422 1423 1424]] [95 [1426 1429 1431 1432 1434 1435 1436 1437 1439]] [96 [1442 1447 1448 1450 1451 1452 1454]] [97 [1455 1456 1457 1459 1462 1465 1466 1467 1468]] [98 [1474 1475 1476 1477 1478 1480 1481 1482 1484]] [99 [1485 1486 1487 1491 1492 1493 1495 1496 1497 1498 1499]]]",,"[[{citizen 42} [[""A"" [1]]]] [{citizen 44} [[""A"" [1]]]] [{media 50} [[""A"" [4]]]] [{media 52} [[""A"" [2]]]] [{media 54} [[""A"" [5]]]] [{media 55} [[""A"" [1]]]] [{media 56} [[""A"" [1]]]] [{media 57} [[""A"" [6]]]] [{media 58} [[""A"" [2]]]] [{media 60} [[""A"" [0]]]] [{media 62} [[""A"" [3]]]] [{media 64} [[""A"" [2]]]] [{citizen 17} [[""A"" [1]]]] [{citizen 29} [[""A"" [1]]]] [{citizen 21} [[""A"" [1]]]] [{media 59} [[""A"" [4]]]] [{citizen 5} [[""A"" [1]]]] [{citizen 2} [[""A"" [1]]]] [{media 53} [[""A"" [1]]]] [{media 63} [[""A"" [0]]]] [{media 61} [[""A"" [1]]]] [{citizen 1} [[""A"" [1]]]] [{citizen 31} [[""A"" [1]]]] [{citizen 26} [[""A"" [3]]]] [{citizen 7} [[""A"" [1]]]] [{citizen 49} [[""A"" [1]]]] [{citizen 13} [[""A"" [1]]]] [{citizen 45} [[""A"" [2]]]] [{citizen 23} [[""A"" [1]]]] [{citizen 8} [[""A"" [1]]]] [{citizen 47} [[""A"" [1]]]] [{citizen 6} [[""A"" [1]]]] [{citizen 36} [[""A"" [1]]]] [{citizen 19} [[""A"" [1]]]] [{citizen 38} [[""A"" [1]]]] [{citizen 40} [[""A"" [1]]]] [{citizen 48} [[""A"" [1]]]] [{citizen 43} [[""A"" [1]]]] [{citizen 39} [[""A"" [1]]]] [{citizen 10} [[""A"" [3]]]] [{citizen 27} [[""A"" [1]]]] [{citizen 0} [[""A"" [1]]]] [{citizen 37} [[""A"" [1]]]] [{citizen 22} [[""A"" [1]]]] [{citizen 18} [[""A"" [1]]]] [{citizen 11} [[""A"" [1]]]] [{citizen 16} [[""A"" [1]]]] [{citizen 34} [[""A"" [1]]]] [{citizen 28} [[""A"" [1]]]] [{citizen 25} [[""A"" [1]]]] [{citizen 9} [[""A"" [1]]]] [{citizen 12} [[""A"" [3]]]] [{citizen 33} [[""A"" [1]]]] [{citizen 20} [[""A"" [1]]]] [{citizen 15} [[""A"" [1]]]] [{citizen 14} [[""A"" [1]]]] [{citizen 32} [[""A"" [1]]]] [{citizen 4} [[""A"" [1]]]] [{citizen 41} [[""A"" [1]]]] [{media 51} [[""A"" [1]]]] [{citizen 3} [[""A"" [1]]]] [{citizen 35} [[""A"" [2]]]] [{citizen 46} [[""A"" [1]]]] [{citizen 24} [[""A"" [1]]]]]"
"31","[213 0 42]","333.19148936170217","-2.2308208595096173","4.38630949965287","""circle""","""""","9.9","{breed citizens}","false","0.5","1","""up""",,"[[""ID"" 32] [""alpha"" 1] [""beta"" 1] [""malleable"" [""A""]] [""prior"" []] [""cont_tokens"" []] [""A"" 1]]","[[0 [0 1 2 5 6 7 8 9 10 11 12 13 14]] [1 [15 17 18 19 20 21 22 23 24 27 29]] [2 [30 31 32 33 34 35 36 37 39 40 41 42 43 44]] [3 [45 46 47 48 49 50 51 52 53 54 55 56 57 58 59]] [4 [60 61 62 63 64 65 66 67 68 69 70 71 73 74]] [5 [75 76 77 78 79 80 81 82 83 84 85 86 87 88 89]] [6 [91 93 94 95 96 97 98 99 100 101 102 103 104]] [7 [105 106 108 110 111 112 113 114 115 117 118]] [8 [120 121 123 125 126 127 128 129 130 131 132 133 134]] [9 [135 136 137 138 139 140 141 142 143 144 145 146 147 148 149]] [10 [150 151 152 153 154 155 157 158 159 160 161 162 163 164]] [11 [165 166 167 168 169 170 171 172 173 174 175 176 178 179]] [12 [180 181 183 184 185 186 187 188 189 190 191 192 193 194]] [13 [195 196 197 198 199 200 201 202 203 204 205 207 208 209]] [14 [210 211 212 213 214 215 216 217 218 219 220 221 222 223 224]] [15 [225 226 227 228 229 230 231 232 233 235 236 238 239]] [16 [240 243 244 245 246 247 248 249 250 251 252 253 254]] [17 [255 256 257 258 259 260 261 262 263 264 265 266 267 268 269]] [18 [270 271 272 273 274 275 276 277 278 279 280 281 282 283 284]] [19 [285 286 287 288 289 290 291 292 293 294 295 296 297 298 299]] [20 [300 301 302 303 304 305 306 307 308 309 310 311 312 313 314]] [21 [315 317 318 319 320 321 322 323 324 325 326 327 328 329]] [22 [330 331 332 333 334 335 336 337 338 339 340 341 342 343 344]] [23 [345 346 347 348 349 350 351 352 353 354 355 357 358 359]] [24 [360 361 362 363 364 365 366 367 368 369 370 371 372 373 374]] [25 [375 376 377 378 379 380 381 382 383 384 385 386 387 388 389]] [26 [390 391 392 394 395 396 398 399 400 401 402 403 404]] [27 [405 406 407 408 409 410 411 412 413 414 415 416 417 418 419]] [28 [420 421 422 423 424 425 426 427 428 429 430 431 432 433 434]] [29 [435 436 437 438 439 440 441 442 443 444 445 446 447 448 449]] [30 [450 451 452 453 454 455 456 457 458 459 460 461 462 463 464]] [31 [465 466 467 468 469 470 471 472 473 474 475 476 477 478 479]] [32 [480 481 482 483 484 485 486 487 488 489 490 491 492 493 494]] [33 [495 496 497 498 499 500 501 502 503 504 505 506 507 508 509]] [34 [510 511 512 513 514 515 516 517 518 519 520 523]] [35 [525 527 528 529 531 532 533 536 537 538 539]] [36 [540 541 542 543 544 545 546 548 549 550 551 552 553 554]] [37 [555 556 557 558 559 560 561 562 563 564 565 566 567 568 569]] [38 [570 571 572 573 574 575 576 577 578 579 580 581 582 583 584]] [39 [585 586 587 588 589 590 591 592 593 594 595 596 597 598 599]] [40 [600 602 603 604 605 606 607 608 610 611 612 613 614]] [41 [615 616 617 618 619 621 622 623 624 625 626 627 628 629]] [42 [630 631 632 633 634 635 636 637 638 640 641 642 643 644]] [43 [645 646 647 648 649 650 651 652 653 654 655 656 657 658 659]] [44 [660 661 662 663 664 665 666 667 668 669 670 671 672 673]] [45 [675 676 678 679 681 683 684 685 686 687 689]] [46 [691 693 694 695 696 697 698 699 700 701 702 703 704]] [47 [705 706 707 708 709 710 711 712 713 714 716 717 718]] [48 [720 721 722 723 724 727 728 729 730 731 732 733 734]] [49 [735 736 737 738 739 740 741 742 743 744 745 746 747 748 749]] [50 [750 751 752 753 754 755 756 757 758 759 760 761 762 763 764]] [51 [765 766 767 768 770 771 772 773 774 775 777 778 779]] [52 [780 781 782 783 784 785 786 787 788 789 790 791 792 793 794]] [53 [795 796 797 798 799 800 801 802 803 804 805 806 807 808 809]] [54 [810 811 812 813 814 815 816 817 818 819 820 821 822 823 824]] [55 [825 826 827 828 829 830 831 832 833 834 835 836 837 838 839]] [56 [840 841 842 843 844 845 846 847 848 849 850 851 852 853 854]] [57 [855 856 857 858 859 860 861 862 863 864 865 866 867 868 869]] [58 [870 871 872 873 874 875 876 877 878 879 880 881 883 884]] [59 [885 886 887 889 890 892 893 894 895 896 897 898 899]] [60 [900 901 902 903 904 905 906 907 908 909 910 911 912 913 914]] [61 [915 916 917 919 920 921 922 923 924 925 926 927 928 929]] [62 [930 931 932 934 935 936 938 939 940 941 942 943 944]] [63 [945 946 947 948 949 950 953 956 957 958 959]] [64 [960 961 962 963 965 966 967 969 970 971 972]] [65 [975 976 977 978 979 980 982 985 987 988]] [66 [991 992 993 994 995 996 997 998 1000 1002 1003]] [67 [1005 1006 1007 1008 1009 1010 1011 1012 1013 1014 1015 1017 1018]] [68 [1021 1022 1024 1025 1026 1027 1028 1029 1032 1033 1034]] [69 [1035 1036 1037 1039 1040 1042 1043 1044 1045 1047 1048]] [70 [1050 1051 1052 1053 1054 1055 1056 1057 1058 1059 1060 1061 1063]] [71 [1065 1066 1067 1068 1069 1070 1071 1072 1073 1074 1075 1076 1077 1078 1079]] [72 [1080 1081 1082 1083 1084 1085 1086 1087 1088 1089 1090 1091 1092 1093 1094]] [73 [1095 1096 1097 1098 1099 1100 1101 1102 1103 1104 1105 1106 1107 1108 1109]] [74 [1110 1111 1112 1113 1114 1115 1116 1117 1118 1119 1120 1121 1122 1123 1124]] [75 [1125 1126 1127 1128 1129 1130 1131 1132 1133 1134 1135 1136 1137 1138 1139]] [76 [1140 1141 1142 1143 1144 1145 1146 1147 1148 1149 1150 1151 1152 1153]] [77 [1155 1156 1157 1158 1159 1161 1162 1163 1164 1165 1167 1168 1169]] [78 [1170 1171 1172 1173 1174 1175 1176 1177 1178 1179 1180 1181 1182 1183]] [79 [1185 1186 1187 1188 1189 1190 1191 1193 1195 1196 1197 1199]] [80 [1200 1201 1202 1203 1204 1205 1206 1207 1208 1209 1210 1211 1212 1213 1214]] [81 [1215 1216 1217 1218 1219 1220 1221 1222 1223 1224 1225 1226 1227 1228 1229]] [82 [1230 1231 1232 1233 1234 1235 1236 1237 1238 1239 1240 1241 1242 1243 1244]] [83 [1245 1246 1247 1248 1249 1250 1251 1252 1253 1254 1255 1256 1257 1258 1259]] [84 [1260 1261 1262 1263 1264 1265 1266 1267 1268 1269 1270 1271 1272 1274]] [85 [1275 1276 1277 1278 1279 1280 1281 1282 1283 1284 1285 1286 1287 1288 1289]] [86 [1290 1291 1292 1293 1294 1295 1296 1297 1298 1299 1300 1301 1302 1303 1304]] [87 [1305 1306 1307 1308 1309 1310 1311 1312 1313 1314 1315 1316 1317 1318 1319]] [88 [1320 1321 1322 1323 1324 1325 1326 1327 1328 1329 1330 1331 1332 1333 1334]] [89 [1336 1337 1338 1339 1340 1341 1342 1343 1344 1345 1346 1347 1348 1349]] [90 [1350 1351 1352 1353 1354 1355 1356 1357 1358 1359 1361 1362 1363 1364]] [91 [1365 1366 1367 1368 1369 1370 1371 1372 1373 1374 1376 1377 1379]] [92 [1380 1381 1382 1383 1384 1385 1386 1387 1388 1389 1390 1391 1392 1393 1394]] [93 [1395 1396 1397 1398 1399 1400 1401 1402 1403 1404 1405 1406 1407 1408 1409]] [94 [1410 1411 1412 1413 1414 1415 1416 1417 1418 1419 1420 1421 1422 1423 1424]] [95 [1425 1426 1427 1428 1429 1430 1431 1432 1433 1434 1435 1436 1437 1439]] [96 [1440 1441 1442 1443 1445 1446 1447 1448 1449 1450 1451 1452 1453 1454]] [97 [1455 1456 1457 1458 1459 1460 1461 1462 1463 1464 1465 1466 1467 1468 1469]] [98 [1471 1472 1473 1474 1475 1476 1477 1478 1479 1480 1481 1482 1484]] [99 [1485 1486 1487 1491 1492 1493 1495 1496 1497 1498 1499]]]","[[0 [6 7 8 11 12 13 14]] [1 [15 17 18 19 20 22 27 29]] [2 [30 32 33 34 35 36 37 39 44]] [3 [48 50 51 52 54 55 56 57 58 59]] [4 [61 62 63 65 66 67 71]] [5 [75 76 80 81 85 86 87 88 89]] [6 [91 94 95 96 97 98 99 101 102 103]] [7 [105 106 108 111 112 113 114 117 118]] [8 [120 121 123 125 129]] [9 [139 144 146 148 149]] [10 [153 154 155 158 161 163 164]] [11 [165 166 167 168 169 170 172 174 175 176 178]] [12 [180 184 185 186 187 189 190 191]] [13 [195 200 201 208]] [14 [211 213 214 216 218 221 222 223 224]] [15 [225 226 231 232 233 235 236 238 239]] [16 [240 243 244 245 246 249 250 251 253 254]] [17 [255 257 258 259 260 261 263 264 265 268 269]] [18 [271 273 275 276 277 279 281 282 283]] [19 [285 286 288 289 290 291 292 294 298 299]] [20 [300 302 304 305 307 308 310 311 312 313]] [21 [315 317 319 320 328]] [22 [330 334 335 336 344]] [23 [347 348 349 351 352 353 355 358 359]] [24 [360 361 363 365 366 367 368 369 370 371 372]] [25 [377 379 380 383 385 386 388]] [26 [390 391 392 394 395 396 398 399 400 404]] [27 [405 406 407 408 409 410 411 412 416]] [28 [429 430 431 434]] [29 [435 436 438 440 442 443 444 445 448 449]] [30 [451 452 454 455 456]] [31 [465 466 467 468 469 470 473 474 475 476 479]] [32 [480 481 482 483 484 487 488 491 493 494]] [33 [495 496 499 500 501 502 504 505 508 509]] [34 [511 512 513 514 515 516 518 519 520 523]] [35 [525 527 528 529 531 532 533 536 537 539]] [36 [540 541 542 543 544 545 548 551 552 553 554]] [37 [555 558]] [38 [572 576 579 584]] [39 [587 594 595 596 598 599]] [40 [603 610 613 614]] [41 [615 616 618 619 622 623 626 627 629]] [42 [631 632 633 634 635 636 637 640 641 642 644]] [43 [645 646 647 650 652 653 654 655 658]] [44 [660 662 663 664 666 667 669 670 672]] [45 [675 676 678 679 681 683 685 686 687 689]] [46 [691 694 695 696 697 702 703 704]] [47 [705 707 708 709 710 711 712 713 714 717]] [48 [720 721 722 724 727 729 730 732 733 734]] [49 [735 736 738 739 741 743 744]] [50 [751 752 758 759 763 764]] [51 [765 766 768 770 771 773 775 777 778]] [52 [780 781 782 783 784 786 787 790 792 793 794]] [53 [796 797 798 799 800 801 805 807 809]] [54 [811 813 815 816 817 818 819 820 822]] [55 [825 826 827 832 833 835 836]] [56 [842 845 848 849]] [57 [863 864 865 866]] [58 [871 872 873 875 876 877 878 879 880 881 884]] [59 [886 887 889 890 892 893 894 895 896 898]] [60 [900 901 902 904 905 907 910 911 912 913 914]] [61 [916 919 920 921 923 926 927 928 929]] [62 [930 932 935 936 939 940 941 942 943 944]] [63 [946 947 948 949 950 953 956 957 958 959]] [64 [960 963 965 966 967 969 970 971 972]] [65 [975 976 977 978 979 980 982 985 987 988]] [66 [991 992 993 994 995 996 997 998 1000 1002 1003]] [67 [1005 1007 1008 1009 1010 1011 1012 1013 1014 1015 1018]] [68 [1021 1022 1024 1025 1026 1028 1029 1033 1034]] [69 [1035 1036 1037 1039 1040 1042 1043 1044 1045 1047]] [70 [1050 1051 1053 1055 1056 1057 1058 1060 1061 1063]] [71 [1065 1067 1068 1069 1072 1073 1074 1076 1077 1078]] [72 [1080 1081 1085 1086 1087 1093]] [73 [1097 1099 1100 1102]] [74 [1116 1123]] [75 [1125 1128 1135 1136 1137 1138]] [76 [1140 1141 1142 1143 1144 1147 1148 1149 1150 1153]] [77 [1155 1156 1157 1158 1159 1163 1164 1167 1168]] [78 [1173 1174 1178 1179 1180 1181 1182 1183]] [79 [1185 1186 1187 1189 1190 1191 1193 1195 1197 1199]] [80 [1201 1203 1205 1206 1207 1209 1212 1213 1214]] [81 [1215 1217 1218 1219 1221 1222 1223 1226 1227 1228]] [82 [1230 1232 1234 1235 1237 1240]] [83 [1245 1246 1247 1251 1252 1253 1254 1255 1256 1258 1259]] [84 [1260 1261 1263 1264 1266 1267 1268 1270 1272]] [85 [1276 1277 1278 1279 1282]] [86 [1298 1303 1304]] [87 [1309 1310]] [88 [1322 1323 1329 1331 1333 1334]] [89 [1336 1339 1340 1341 1342 1344 1345 1346 1347 1348 1349]] [90 [1350 1352 1354 1355 1357 1358 1359 1362 1363 1364]] [91 [1365 1367 1369 1370 1372 1373 1374 1376 1377 1379]] [92 [1380 1384 1385 1386 1388 1389 1390 1392 1394]] [93 [1395 1396 1399 1408]] [94 [1411 1415 1418 1419 1420 1421 1422 1423 1424]] [95 [1426 1428 1429 1431 1432 1434 1435 1436 1437 1439]] [96 [1441 1442 1446 1447 1448 1449 1450 1451 1453]] [97 [1455 1456 1457 1460 1461 1462 1464 1465 1469]] [98 [1471 1472 1473 1475 1476 1477 1478 1480 1481 1482 1484]] [99 [1485 1486 1487 1491 1492 1493 1496 1497 1498 1499]]]",,"[[{media 50} [[""A"" [4]]]] [{media 51} [[""A"" [1]]]] [{media 53} [[""A"" [1]]]] [{media 54} [[""A"" [5]]]] [{media 59} [[""A"" [4]]]] [{media 60} [[""A"" [0]]]] [{media 61} [[""A"" [1]]]] [{media 63} [[""A"" [0]]]] [{citizen 4} [[""A"" [1]]]] [{media 57} [[""A"" [6]]]] [{citizen 24} [[""A"" [1]]]] [{citizen 2} [[""A"" [1]]]] [{citizen 7} [[""A"" [2]]]] [{citizen 26} [[""A"" [3]]]] [{media 58} [[""A"" [2]]]] [{media 55} [[""A"" [1]]]] [{citizen 21} [[""A"" [1]]]] [{media 62} [[""A"" [3]]]] [{citizen 18} [[""A"" [1]]]] [{media 64} [[""A"" [2]]]] [{citizen 1} [[""A"" [1]]]] [{citizen 45} [[""A"" [2]]]] [{citizen 23} [[""A"" [1]]]] [{citizen 8} [[""A"" [1]]]] [{citizen 47} [[""A"" [3]]]] [{citizen 6} [[""A"" [1]]]] [{citizen 36} [[""A"" [1]]]] [{citizen 19} [[""A"" [2]]]] [{citizen 38} [[""A"" [1]]]] [{citizen 49} [[""A"" [1]]]] [{citizen 17} [[""A"" [1]]]] [{citizen 40} [[""A"" [1]]]] [{citizen 13} [[""A"" [1]]]] [{citizen 48} [[""A"" [1]]]] [{citizen 43} [[""A"" [1]]]] [{citizen 5} [[""A"" [1]]]] [{citizen 39} [[""A"" [0]]]] [{citizen 10} [[""A"" [3]]]] [{citizen 27} [[""A"" [1]]]] [{citizen 0} [[""A"" [1]]]] [{citizen 37} [[""A"" [0]]]] [{citizen 22} [[""A"" [1]]]] [{media 52} [[""A"" [2]]]] [{citizen 34} [[""A"" [1]]]] [{citizen 11} [[""A"" [1]]]] [{citizen 28} [[""A"" [1]]]] [{citizen 25} [[""A"" [1]]]] [{citizen 9} [[""A"" [1]]]] [{citizen 12} [[""A"" [3]]]] [{citizen 44} [[""A"" [1]]]] [{citizen 33} [[""A"" [0]]]] [{citizen 14} [[""A"" [0]]]] [{citizen 32} [[""A"" [1]]]] [{media 56} [[""A"" [1]]]] [{citizen 20} [[""A"" [1]]]] [{citizen 42} [[""A"" [1]]]] [{citizen 30} [[""A"" [0]]]] [{citizen 15} [[""A"" [1]]]] [{citizen 41} [[""A"" [1]]]] [{citizen 29} [[""A"" [1]]]] [{citizen 16} [[""A"" [1]]]] [{citizen 3} [[""A"" [1]]]] [{citizen 35} [[""A"" [2]]]] [{citizen 46} [[""A"" [3]]]]]"
"32","[213 0 42]","212.55319148936167","-5.012550820724085","-7.942525509959071","""circle""","""""","9.9","{breed citizens}","false","0.5","1","""up""",,"[[""ID"" 10] [""alpha"" 1] [""beta"" 1] [""malleable"" [""A""]] [""prior"" []] [""cont_tokens"" []] [""A"" 1]]","[[0 [0 1 2 3 4 5 6 7 8 9 10 11 12 13 14]] [1 [15 17 18 19 20 21 22 23 24 27 29]] [2 [30 31 32 33 34 35 36 37 39 40 41 42 43 44]] [3 [45 46 47 48 49 50 51 52 53 54 55 56 57 58 59]] [4 [60 61 62 63 64 65 66 67 68 69 70 71 73 74]] [5 [75 76 77 78 79 80 81 82 83 84 85 86 87 88 89]] [6 [91 93 94 95 96 97 98 99 101 102 103]] [7 [105 106 108 110 111 112 113 114 115 117 118]] [8 [120 121 123 125 126 127 128 129 130 131 132 133 134]] [9 [135 136 137 138 139 140 141 142 143 144 145 146 147 148 149]] [10 [150 151 152 153 154 155 157 158 159 160 161 162 163 164]] [11 [165 166 167 168 169 170 171 172 173 174 175 176 178 179]] [12 [180 181 183 184 185 186 187 189 190 191 192 193 194]] [13 [195 196 197 198 199 200 201 202 203 204 205 207 208 209]] [14 [210 211 212 213 214 215 216 217 218 219 220 221 222 223 224]] [15 [225 226 227 228 229 230 231 232 233 235 236 238 239]] [16 [240 243 244 245 246 247 248 249 250 251 252 253 254]] [17 [255 256 257 258 259 260 261 262 263 264 265 266 267 268 269]] [18 [270 271 272 273 274 275 276 277 278 279 280 281 282 283 284]] [19 [285 286 287 288 289 290 291 292 293 294 295 298 299]] [20 [300 301 302 303 304 305 306 307 308 309 310 311 312 313 314]] [21 [315 317 318 319 320 321 322 323 324 325 326 327 328 329]] [22 [330 331 332 333 334 335 336 337 338 339 340 341 342 343 344]] [23 [345 346 347 349 350 351 352 353 354 355 356 357 358 359]] [24 [360 361 362 363 364 365 366 367 368 369 370 371 372 373 374]] [25 [375 376 377 378 379 380 381 382 383 384 385 386 387 388 389]] [26 [390 391 392 394 395 396 398 399 400 401 402 403 404]] [27 [405 406 407 408 409 410 411 412 413 414 415 416 417 418 419]] [28 [420 421 422 423 424 425 426 427 428 429 430 431 432 433 434]] [29 [435 436 437 438 439 440 441 442 443 444 445 446 447 448 449]] [30 [450 451 452 453 454 455 456 457 458 459 460 461 462 463 464]] [31 [465 466 467 468 469 470 471 472 473 474 475 476 477 478 479]] [32 [480 481 482 483 484 485 486 487 488 489 490 491 492 493 494]] [33 [495 496 499 500 501 502 503 504 505 506 507 508 509]] [34 [511 512 513 514 515 516 517 518 519 520 523]] [35 [525 527 528 529 531 532 533 536 537 538 539]] [36 [540 541 542 543 544 545 546 548 549 550 551 552 553 554]] [37 [555 556 557 558 559 560 561 562 563 564 565 566 567 568 569]] [38 [570 571 572 573 574 575 576 577 578 579 580 581 582 583 584]] [39 [585 586 587 588 589 590 591 592 593 594 595 596 598 599]] [40 [600 602 603 604 605 606 607 608 610 611 612 613 614]] [41 [615 616 617 618 619 621 622 623 624 625 626 627 628 629]] [42 [630 631 632 633 634 635 636 637 638 640 641 642 643 644]] [43 [645 646 647 648 649 650 651 652 653 654 655 656 657 658 659]] [44 [660 661 662 663 664 665 666 667 668 669 670 671 672 673]] [45 [675 676 677 678 679 680 681 682 683 684 685 686 687 689]] [46 [690 691 692 693 694 695 696 697 698 699 700 701 702 703 704]] [47 [705 706 707 708 709 710 711 712 713 714 716 717 718]] [48 [720 721 722 723 724 727 728 729 730 731 732 733 734]] [49 [735 736 737 738 739 740 741 742 743 744 745 746 747 748 749]] [50 [750 751 752 753 754 755 756 757 758 759 760 761 762 763 764]] [51 [765 766 768 770 771 772 773 774 775 777 778 779]] [52 [780 781 782 783 784 785 786 787 788 789 790 791 792 793 794]] [53 [795 796 797 798 799 800 801 802 803 804 805 806 807 808 809]] [54 [810 811 812 813 814 815 816 817 818 819 820 821 822 823 824]] [55 [825 826 827 830 831 832 833 834 835 836 837 838 839]] [56 [840 841 843 844 845 846 847 848 849 850 851 852 853 854]] [57 [855 856 857 858 859 860 861 862 863 864 865 866 868]] [58 [870 871 872 873 874 875 876 877 878 879 880 881 883 884]] [59 [885 886 887 889 890 892 893 894 895 896 897 898 899]] [60 [900 901 902 903 904 905 906 907 908 909 910 911 912 913 914]] [61 [915 916 917 919 920 921 922 923 924 925 926 927 928 929]] [62 [930 931 932 934 935 936 938 939 940 941 942 943 944]] [63 [945 946 947 948 949 950 953 956 957 958 959]] [64 [960 961 962 963 965 966 967 969 970 971 972]] [65 [975 976 977 978 979 980 982 985 987 988]] [66 [991 992 993 994 995 996 997 998 1000 1002 1003]] [67 [1005 1006 1007 1008 1009 1010 1011 1012 1013 1014 1015 1017 1018]] [68 [1021 1022 1024 1025 1026 1027 1028 1029 1032 1033 1034]] [69 [1035 1036 1037 1039 1040 1042 1043 1044 1045 1047 1048]] [70 [1050 1051 1052 1053 1054 1055 1056 1057 1058 1059 1060 1061 1063]] [71 [1065 1066 1067 1068 1069 1070 1071 1072 1073 1074 1075 1076 1077 1078 1079]] [72 [1080 1081 1082 1083 1084 1085 1086 1087 1088 1089 1090 1091 1092 1093 1094]] [73 [1095 1096 1097 1098 1099 1100 1101 1102 1103 1104 1105 1106 1107 1108 1109]] [74 [1110 1111 1112 1113 1114 1115 1116 1117 1118 1119 1120 1121 1122 1123 1124]] [75 [1125 1126 1127 1128 1130 1132 1133 1134 1135 1136 1137 1138 1139]] [76 [1140 1141 1142 1143 1144 1145 1146 1147 1148 1149 1150 1151 1152 1153]] [77 [1155 1156 1157 1158 1159 1161 1162 1163 1164 1165 1167 1168 1169]] [78 [1170 1171 1172 1173 1174 1175 1176 1177 1178 1179 1180 1181 1182 1183]] [79 [1185 1186 1187 1188 1189 1190 1191 1193 1195 1196 1197 1199]] [80 [1200 1201 1202 1203 1204 1205 1206 1207 1208 1209 1210 1211 1212 1213 1214]] [81 [1215 1216 1217 1218 1219 1220 1221 1222 1223 1224 1225 1226 1227 1228 1229]] [82 [1230 1231 1232 1233 1234 1235 1236 1237 1238 1239 1240 1241 1242 1243 1244]] [83 [1245 1246 1247 1248 1249 1250 1251 1252 1253 1254 1255 1256 1257 1258 1259]] [84 [1260 1261 1262 1263 1264 1265 1266 1267 1268 1269 1270 1271 1272 1273 1274]] [85 [1275 1276 1277 1278 1279 1280 1281 1282 1283 1284 1285 1286 1287 1288 1289]] [86 [1290 1291 1292 1293 1294 1295 1296 1297 1298 1299 1300 1301 1302 1303 1304]] [87 [1305 1306 1307 1308 1309 1310 1311 1312 1313 1314 1315 1316 1317 1318 1319]] [88 [1320 1321 1322 1323 1324 1325 1326 1327 1328 1329 1330 1331 1332 1333 1334]] [89 [1335 1337 1338 1339 1340 1341 1342 1343 1344 1345 1346 1347 1348 1349]] [90 [1350 1351 1352 1353 1354 1355 1356 1357 1358 1359 1361 1362 1363 1364]] [91 [1365 1366 1367 1368 1369 1370 1371 1372 1373 1374 1376 1377 1379]] [92 [1380 1381 1382 1383 1384 1385 1386 1387 1388 1389 1390 1391 1392 1393 1394]] [93 [1395 1396 1397 1398 1399 1400 1401 1402 1403 1404 1405 1406 1407 1408 1409]] [94 [1410 1411 1412 1413 1414 1415 1416 1417 1418 1419 1420 1421 1422 1423 1424]] [95 [1425 1426 1427 1428 1429 1430 1431 1432 1433 1434 1435 1436 1437 1439]] [96 [1440 1441 1442 1443 1445 1446 1447 1448 1449 1450 1451 1452 1453 1454]] [97 [1455 1456 1457 1458 1459 1460 1461 1462 1463 1464 1465 1466 1467 1468 1469]] [98 [1471 1472 1473 1474 1475 1476 1477 1478 1479 1480 1481 1482 1484]] [99 [1485 1486 1487 1491 1492 1493 1495 1496 1497 1498 1499]]]","[[0 [1 2 9 10 11 12 13 14]] [1 [15 17 18 19 20 21 23 24 27 29]] [2 [30 32 34 35 36 37 42]] [3 [45 46 47 49 51 52 54 55 56 57 59]] [4 [61 64 65 66 67 68 69 70 73 74]] [5 [77 78 82 83 84 85 87 88 89]] [6 [91 94 95 96 97 98 99 101 102 103]] [7 [105 108 111 112 115 117 118]] [8 [120 121 126 127 128 130 131 132 133 134]] [9 [135 136 137 138 139 142 145 147 149]] [10 [153 154 155 157 158 161 163 164]] [11 [165 166 167 168 169 170 172 174 176 178 179]] [12 [180 184 185 186 187 189 190 191]] [13 [199 200 201 208]] [14 [211 213 214 217 219 220 223 224]] [15 [225 226 230 231 232 233 235 236 238 239]] [16 [240 243 244 245 246 249 250 253 254]] [17 [255 259 260 261 263 264 265 268 269]] [18 [271 273 275 276 277 279 281 282 283]] [19 [285 286 288 289 290 291 292 293 295]] [20 [300 302 304 305 307 308 310 311 312 313]] [21 [315 317 319 320]] [22 [330 332 335 337 338 339 340 341 342 343]] [23 [345 346 350 351 353 355 356 357 358 359]] [24 [360 361 363 365 366 367 368 369 370 372]] [25 [381 382 383 385 386 388 389]] [26 [390 391 392 394 395 396 398 399 400]] [27 [405 406 407 408 409 410 413 414 417 419]] [28 [420 422 423 424 425 427 428 431 434]] [29 [435 436 438 440 442 443 444 445 447 448 449]] [30 [450 453 455 463]] [31 [465 466 467 468 469 470 473 474 475 476 479]] [32 [480 481 482 483 484 487 488 491 493 494]] [33 [495 496 499 500 501 502 503 504 505 508 509]] [34 [511 512 513 515 517 518 519 520 523]] [35 [525 527 528 529 531 532 533 536 537 538]] [36 [541 543 544 545 546 549 550 553 554]] [37 [555 558]] [38 [572 573 576 579 584]] [39 [586 588 589 590 591 592 593 596 598 599]] [40 [603 606 608 610 612 613 614]] [41 [615 616 618 619 622 623 626 627 629]] [42 [632 633 634 635 636 637 640 641 642 644]] [43 [645 646 647 650 652 653 654 655 656 659]] [44 [661 662 663 664 666 667 669 670 671 672]] [45 [675 676 678 679 681 683 685 686 689]] [46 [691 694 695 698 699 700 701 702 703 704]] [47 [705 706 707 708 709 710 711 712 713 714 717 718]] [48 [720 721 722 723 724 727 730 732 733 734]] [49 [735 740 745 746 747 748 749]] [50 [753 754 755 756 757 760 761 762]] [51 [765 766 768 770 771 773 774 775 777 778]] [52 [780 781 782 783 784 786 787 790 792 793 794]] [53 [796 797 798 799 800 801 805 807 808 809]] [54 [811 813 815 816 817 818 819 820 822]] [55 [827 832 833 834 835 836 838 839]] [56 [840 841 843 847 850 851 852 853 854]] [57 [856 857 858 859 861 862 865 866]] [58 [871 872 873 875 876 878 880 881 884]] [59 [885 887 889 890 892 894 895 896 898]] [60 [900 904 905 907 910 911 912 913 914]] [61 [915 916 917 919 920 921 923 926 927 928 929]] [62 [930 931 934 935 936 939 940 941 942 943 944]] [63 [946 947 948 949 950 953 956 957 958 959]] [64 [960 963 965 966 967 969 970 971 972]] [65 [975 976 977 978 980 982 985 987 988]] [66 [991 992 993 994 995 996 997 998 1000 1002 1003]] [67 [1005 1007 1008 1009 1010 1011 1012 1013 1014 1015 1018]] [68 [1021 1022 1024 1025 1026 1027 1029 1032 1033 1034]] [69 [1035 1036 1037 1039 1040 1042 1043 1044 1045 1047]] [70 [1050 1051 1054 1055 1056 1057 1059]] [71 [1065 1067 1068 1069 1072 1073 1074 1076 1077 1078]] [72 [1080 1081 1083 1084 1087 1090 1091 1092 1094]] [73 [1095 1096 1098 1101 1104 1105 1106 1107 1108 1109]] [74 [1110 1112 1113 1114 1115 1118 1119 1120 1121 1122]] [75 [1126 1127 1130 1132 1133 1134 1135 1136 1137]] [76 [1140 1141 1142 1143 1144 1147 1148 1149 1150 1153]] [77 [1155 1156 1157 1158 1159 1163 1164 1165 1168]] [78 [1173 1174 1178 1179 1180 1181 1182 1183]] [79 [1185 1186 1187 1189 1190 1191 1193 1195 1196 1197]] [80 [1200 1202 1204 1206 1207 1209 1210 1212 1213 1214]] [81 [1217 1218 1219 1221 1222 1223 1224 1225 1229]] [82 [1231 1233 1235 1236 1238 1239 1242 1243 1244]] [83 [1246 1249 1250 1257]] [84 [1262 1265 1268 1270 1272]] [85 [1275 1277 1278 1279 1282]] [86 [1298 1303 1304]] [87 [1309 1310]] [88 [1322 1323]] [89 [1335 1337 1338 1343 1348 1349]] [90 [1351 1353 1355 1357 1358 1359 1362]] [91 [1366 1367 1369 1370 1371]] [92 [1380 1384 1385 1386 1388 1389 1390 1392]] [93 [1397 1398 1400 1401 1402 1403 1404 1405 1406 1407 1408]] [94 [1411 1415 1418 1419 1420 1423 1424]] [95 [1426 1428 1429 1431 1432 1434 1435 1436 1437]] [96 [1440 1443 1445 1446 1447 1448 1449 1450 1451 1453]] [97 [1455 1456 1457 1459 1462 1464 1465 1467 1468]] [98 [1471 1473 1476 1477 1478 1480 1481 1482 1484]] [99 [1485 1486 1487 1491 1492 1493 1495 1496 1497 1498 1499]]]",,"[[{citizen 35} [[""A"" [2]]]] [{media 50} [[""A"" [4]]]] [{media 51} [[""A"" [1]]]] [{media 52} [[""A"" [2]]]] [{media 54} [[""A"" [5]]]] [{media 55} [[""A"" [1]]]] [{media 56} [[""A"" [1]]]] [{media 57} [[""A"" [6]]]] [{media 58} [[""A"" [2]]]] [{media 59} [[""A"" [4]]]] [{media 60} [[""A"" [0]]]] [{media 62} [[""A"" [3]]]] [{media 63} [[""A"" [0]]]] [{media 64} [[""A"" [2]]]] [{citizen 8} [[""A"" [1]]]] [{citizen 25} [[""A"" [0]]]] [{citizen 5} [[""A"" [1]]]] [{citizen 6} [[""A"" [1]]]] [{citizen 10} [[""A"" [1]]]] [{citizen 2} [[""A"" [1]]]] [{citizen 7} [[""A"" [1]]]] [{media 53} [[""A"" [1]]]] [{media 61} [[""A"" [1]]]] [{citizen 1} [[""A"" [1]]]] [{citizen 31} [[""A"" [1]]]] [{citizen 26} [[""A"" [2]]]] [{citizen 49} [[""A"" [1]]]] [{citizen 13} [[""A"" [1]]]] [{citizen 42} [[""A"" [1]]]] [{citizen 30} [[""A"" [1]]]] [{citizen 15} [[""A"" [1]]]] [{citizen 14} [[""A"" [1]]]] [{citizen 11} [[""A"" [1]]]] [{citizen 20} [[""A"" [1]]]] [{citizen 28} [[""A"" [1]]]] [{citizen 0} [[""A"" [1]]]] [{citizen 9} [[""A"" [1]]]] [{citizen 12} [[""A"" [0]]]] [{citizen 18} [[""A"" [0]]]] [{citizen 22} [[""A"" [1]]]] [{citizen 21} [[""A"" [1]]]] [{citizen 44} [[""A"" [1]]]] [{citizen 16} [[""A"" [1]]]] [{citizen 45} [[""A"" [2]]]] [{citizen 39} [[""A"" [2]]]] [{citizen 23} [[""A"" [1]]]] [{citizen 47} [[""A"" [1]]]] [{citizen 36} [[""A"" [1]]]] [{citizen 19} [[""A"" [2]]]] [{citizen 38} [[""A"" [1]]]] [{citizen 17} [[""A"" [1]]]] [{citizen 40} [[""A"" [1]]]] [{citizen 48} [[""A"" [1]]]] [{citizen 43} [[""A"" [1]]]] [{citizen 27} [[""A"" [1]]]] [{citizen 34} [[""A"" [1]]]] [{citizen 33} [[""A"" [1]]]] [{citizen 37} [[""A"" [0]]]] [{citizen 4} [[""A"" [1]]]] [{citizen 41} [[""A"" [1]]]] [{citizen 29} [[""A"" [1]]]] [{citizen 3} [[""A"" [1]]]] [{citizen 46} [[""A"" [1]]]] [{citizen 24} [[""A"" [1]]]]]"
"33","[213 0 42]","117.44680851063829","9.225662616046382","-4.801932267509072","""circle""","""""","9.9","{breed citizens}","false","0.5","1","""up""",,"[[""ID"" 26] [""alpha"" 1] [""beta"" 1] [""malleable"" [""A""]] [""prior"" []] [""cont_tokens"" []] [""A"" 1]]","[[0 [0 1 2 3 4 5 6 7 8 9 10 11 12 13 14]] [1 [15 17 18 19 20 21 22 23 24 25 26 27 28 29]] [2 [30 31 32 33 34 35 36 37 38 39 40 41 42 43 44]] [3 [45 46 47 48 49 50 51 52 53 54 55 56 57 58 59]] [4 [60 61 62 63 64 65 66 67 68 69 70 71 73 74]] [5 [75 76 77 78 79 80 81 82 83 84 85 86 87 88 89]] [6 [91 93 94 95 96 97 98 99 101 102 103]] [7 [105 106 108 110 111 112 113 114 115 117 118]] [8 [120 121 123 125 126 127 128 129 130 131 132 133 134]] [9 [135 136 137 138 139 140 141 142 143 144 145 146 147 148 149]] [10 [150 151 152 153 154 155 157 158 159 160 161 162 163 164]] [11 [165 166 167 168 169 170 171 172 173 174 175 176 178 179]] [12 [180 181 183 184 185 186 187 188 189 190 191 192 193 194]] [13 [195 196 197 198 199 200 201 202 203 204 205 206 207 208 209]] [14 [210 211 212 213 214 215 216 217 218 219 220 221 222 223 224]] [15 [225 226 227 228 229 230 231 232 233 234 235 236 237 238 239]] [16 [240 243 244 245 246 247 248 249 250 251 252 253 254]] [17 [255 256 257 258 259 260 261 262 263 264 265 266 267 268 269]] [18 [270 271 272 273 274 275 276 277 278 279 280 281 282 283 284]] [19 [285 286 287 288 289 290 291 292 293 294 295 296 297 298 299]] [20 [300 302 303 304 305 307 308 309 310 311 312 313 314]] [21 [315 317 318 319 320 321 322 323 324 325 326 327 328 329]] [22 [330 331 332 333 334 335 336 337 338 339 340 341 342 343 344]] [23 [345 346 347 348 349 350 351 352 353 354 355 356 357 358 359]] [24 [360 361 362 363 364 365 366 367 368 369 370 371 372 373 374]] [25 [375 376 377 378 379 380 381 382 383 384 385 386 387 388 389]] [26 [390 391 392 394 395 396 398 399 400 401 402 403 404]] [27 [405 406 407 408 409 410 411 412 413 414 415 416 417 418 419]] [28 [420 421 422 423 424 425 426 427 428 429 430 431 432 433 434]] [29 [435 436 437 438 439 440 441 442 443 444 445 446 447 448 449]] [30 [450 451 452 453 454 455 456 457 458 459 460 461 462 463]] [31 [465 466 467 468 469 470 471 472 473 474 475 476 477 478 479]] [32 [480 481 482 483 484 485 486 487 488 489 490 491 492 493 494]] [33 [495 496 497 498 499 500 501 502 503 504 505 506 507 508 509]] [34 [510 511 512 513 514 515 516 517 518 519 520 521 522 523 524]] [35 [525 527 528 529 531 532 533 536 537 538 539]] [36 [540 541 542 543 544 545 546 548 549 550 551 552 553 554]] [37 [555 556 557 558 559 560 561 562 563 564 565 566 567 568 569]] [38 [570 571 573 574 575 577 578 579 580 581 582 583 584]] [39 [585 586 587 588 589 590 591 592 593 594 595 596 598 599]] [40 [600 602 603 604 605 606 607 608 610 611 612 613 614]] [41 [615 616 617 618 619 621 622 623 624 625 626 627 628 629]] [42 [630 631 632 633 634 635 636 637 638 640 641 642 643 644]] [43 [645 646 647 648 649 650 651 652 653 654 655 656 657 658 659]] [44 [660 661 662 663 664 665 666 667 668 669 670 671 672 673]] [45 [675 676 677 678 679 680 681 682 683 684 685 686 687 689]] [46 [690 691 692 693 694 695 696 697 698 699 700 701 702 703 704]] [47 [705 706 707 708 709 710 711 712 713 714 716 717 718]] [48 [720 721 722 723 724 727 728 729 730 731 732 733 734]] [49 [735 736 737 738 739 740 741 742 743 744 745 746 747 748 749]] [50 [750 751 752 753 754 755 756 757 758 759 760 761 762 763 764]] [51 [765 766 767 768 770 771 772 773 774 775 777 778 779]] [52 [780 781 782 783 784 785 786 787 788 789 790 791 792 793 794]] [53 [795 796 797 798 799 800 801 802 803 804 805 806 807 808 809]] [54 [810 811 812 813 814 815 816 817 818 819 820 821 822 823 824]] [55 [825 826 827 830 831 832 833 834 835 836 837 838 839]] [56 [840 841 842 843 844 845 846 847 848 849 850 851 852 853 854]] [57 [855 856 857 858 859 860 861 862 863 864 865 866 867 868 869]] [58 [870 871 872 873 874 875 876 877 878 879 880 881 883 884]] [59 [885 886 887 889 890 892 893 894 895 896 897 898 899]] [60 [900 901 902 903 904 905 906 907 908 909 910 911 912 913 914]] [61 [915 916 917 919 920 921 922 923 924 925 926 927 928 929]] [62 [930 931 932 934 935 936 938 939 940 941 942 943 944]] [63 [945 946 947 948 949 950 953 956 957 958 959]] [64 [960 961 962 963 965 966 967 969 970 971 972]] [65 [975 976 977 978 979 980 982 985 987 988]] [66 [991 992 993 994 995 996 997 998 1000 1002 1003]] [67 [1005 1006 1007 1008 1009 1010 1011 1012 1013 1014 1015 1017 1018]] [68 [1021 1022 1024 1025 1026 1027 1028 1029 1032 1033 1034]] [69 [1035 1036 1037 1039 1040 1042 1043 1044 1045 1047 1048]] [70 [1050 1051 1052 1053 1054 1055 1056 1057 1058 1059 1060 1061 1063]] [71 [1065 1066 1067 1068 1069 1070 1071 1072 1073 1074 1075 1076 1077 1078 1079]] [72 [1080 1081 1082 1083 1084 1085 1086 1087 1088 1089 1090 1091 1092 1093 1094]] [73 [1095 1096 1097 1098 1099 1100 1101 1102 1103 1104 1105 1106 1107 1108 1109]] [74 [1110 1111 1112 1113 1114 1115 1116 1117 1123 1124]] [75 [1125 1126 1127 1128 1129 1130 1131 1132 1133 1134 1135 1136 1137 1138 1139]] [76 [1140 1141 1142 1143 1144 1145 1146 1147 1148 1149 1150 1151 1152 1153 1154]] [77 [1155 1156 1157 1158 1159 1160 1161 1162 1163 1164 1165 1167 1168 1169]] [78 [1170 1171 1172 1173 1174 1175 1176 1177 1178 1179 1180 1181 1182 1183]] [79 [1185 1186 1187 1188 1189 1190 1191 1193 1195 1196 1197 1199]] [80 [1200 1201 1202 1203 1204 1205 1206 1207 1208 1209 1210 1211 1212 1213 1214]] [81 [1215 1216 1217 1218 1219 1220 1221 1222 1223 1224 1225 1226 1227 1228 1229]] [82 [1230 1231 1232 1233 1234 1235 1236 1237 1238 1239 1240 1241 1242 1243 1244]] [83 [1245 1246 1247 1248 1249 1250 1251 1252 1253 1254 1255 1256 1257 1258 1259]] [84 [1260 1261 1263 1264 1265 1266 1267 1268 1269 1270 1271 1272 1274]] [85 [1275 1276 1277 1278 1279 1280 1281 1282 1283 1284 1285 1286 1287 1288 1289]] [86 [1290 1291 1292 1293 1294 1295 1296 1297 1298 1299 1300 1301 1302 1303 1304]] [87 [1305 1306 1307 1308 1309 1310 1311 1312 1313 1314 1315 1316 1317 1318 1319]] [88 [1320 1321 1322 1323 1324 1325 1326 1327 1328 1329 1330 1331 1332 1333 1334]] [89 [1335 1336 1337 1338 1339 1340 1341 1342 1343 1344 1345 1346 1347 1348 1349]] [90 [1350 1351 1352 1353 1354 1355 1356 1357 1358 1359 1361 1362 1363 1364]] [91 [1365 1366 1367 1368 1369 1370 1371 1372 1373 1374 1376 1377 1379]] [92 [1380 1381 1382 1383 1384 1385 1386 1387 1388 1389 1390 1391 1392 1393 1394]] [93 [1395 1396 1397 1398 1399 1400 1401 1402 1403 1404 1406 1407 1408 1409]] [94 [1411 1412 1413 1414 1415 1416 1417 1418 1419 1420 1421 1422 1423 1424]] [95 [1425 1426 1427 1428 1429 1430 1431 1432 1433 1434 1435 1436 1437 1439]] [96 [1440 1441 1442 1443 1445 1446 1447 1448 1449 1450 1451 1452 1453 1454]] [97 [1455 1456 1457 1459 1460 1461 1462 1464 1465 1466 1467 1468 1469]] [98 [1471 1472 1473 1474 1475 1476 1477 1478 1479 1480 1481 1482 1484]] [99 [1485 1486 1487 1491 1492 1493 1495 1496 1497 1498 1499]]]","[[0 [1 2 5 6 7 8 11 12 13 14]] [1 [15 17 18 19 20 22 25 26 28]] [2 [31 32 34 35 36 37 40 41 42 43]] [3 [46 47 49 51 52 58]] [4 [62 63 64 65 66 68 69 70 73 74]] [5 [77 78 82 83 84 85 86 89]] [6 [91 94 95 96 97 98 99 101 102 103]] [7 [105 106 108 111 112 113 114 115 117 118]] [8 [120 121 126 127 128 131 132 133 134]] [9 [135 136 137 138 139 144 146 148 149]] [10 [153 154 155 157 158 161 163 164]] [11 [165 166 167 168 169 170 172 174 175 176 178]] [12 [180 184 185 186 187 189 190 192 193 194]] [13 [196 197 198 199 202 203 204 205 208]] [14 [212 215 219 220 223]] [15 [225 226 230 231 232 233 235 236 238 239]] [16 [240 243 244 245 246 249 250 253]] [17 [255 259 260 261 263 264 266 267 269]] [18 [270 272 274 280 284]] [19 [295 296 299]] [20 [300 302 304 305 307 308 310 311 312 313]] [21 [315 321 322 323 324 325 326 327 328]] [22 [330 332 335 336 339 340 341 342 343]] [23 [345 346 350 352 353 354 359]] [24 [360 361 363 365 366 367 368 371 372]] [25 [377 379 380 383 385 386 388]] [26 [390 391 392 394 395 396 398 399 400 404]] [27 [405 406 407 408 409 410 413 414 417 419]] [28 [420 422 423 424 425 427 428 431 434]] [29 [435 436 437 439 441 446]] [30 [453 455 456]] [31 [465 466 467 468 469 470 473 474 475 476 479]] [32 [480 482 483 484 487 488 491 493 494]] [33 [496 499 500 501 502 503 507]] [34 [510 511 512 513 514 515 517 518 519 520 523]] [35 [525 528 529 531 532 533 536 537 539]] [36 [540 541 542 543 545 546 549 550 553 554]] [37 [555 558 559 566 567 568 569]] [38 [570 571 574 575 578 580 583]] [39 [585 586 588 589 590 591 592 593 596 598 599]] [40 [600 602 604 605 606 608 610 613 614]] [41 [615 616 618 619 621 624 625 626 627 629]] [42 [631 632 633 634 635 636 637 640 641 642 644]] [43 [645 646 647 650 652 653 654 655 656 657 659]] [44 [661 662 663 664 665 668 670 672]] [45 [675 676 678 679 681 683 686 687 689]] [46 [691 694 695 698 699 700 701 702 703 704]] [47 [705 706 707 708 709 710 714 717 718]] [48 [720 721 722 724 727 730 732 733 734]] [49 [735 736 738 739 741 744]] [50 [750 751 752 753 754 755 756 757 760 761 762 764]] [51 [765 766 768 770 771 773 775 777 778]] [52 [780 781 782 783 784 786 787 788 792 793 794]] [53 [796 797 798 799 800 805 807 808]] [54 [810 812 814 816 817 818 819 820 822]] [55 [825 826 827 830 831 836]] [56 [842 845 848 849]] [57 [863 864 865 866]] [58 [871 872 873 875 876 877 878 879 880 881 884]] [59 [886 887 889 890 892 894 895 896 898 899]] [60 [908 909 911 912 913 914]] [61 [916 917 919 920 921 923 926 927 928]] [62 [931 935 936 939 940 941 942 943 944]] [63 [946 947 948 949 950 953 956 957 959]] [64 [960 963 965 966 967 969 970 971 972]] [65 [975 976 977 978 979 982 985 987 988]] [66 [991 992 993 994 995 996 997 998 1000 1002 1003]] [67 [1005 1007 1008 1009 1010 1011 1012 1013 1014 1015 1018]] [68 [1021 1022 1024 1025 1027 1028 1029 1032 1033 1034]] [69 [1035 1036 1037 1039 1040 1042 1043 1045 1047]] [70 [1051 1054 1055 1056 1057 1058 1060 1061 1063]] [71 [1065 1070 1071 1075]] [72 [1082 1084 1087 1093]] [73 [1097 1099 1100 1102]] [74 [1116 1123]] [75 [1125 1128 1130 1132 1133 1134 1135 1136 1137 1139]] [76 [1141 1142 1143 1144 1147 1148 1149 1150 1152]] [77 [1155 1156 1157 1158 1159 1163 1164 1167 1168]] [78 [1173 1174 1178 1179 1180 1181 1182 1183]] [79 [1185 1188 1189 1190 1191 1193 1196 1197 1199]] [80 [1201 1203 1205 1206 1207 1209 1210 1211]] [81 [1216 1218 1219 1221 1222 1223 1224 1225]] [82 [1231 1233 1235 1237 1240]] [83 [1245 1246 1247 1252 1253 1254 1255 1256 1258 1259]] [84 [1260 1261 1263 1264 1266 1267 1268 1270 1272]] [85 [1276 1277 1278 1279 1282]] [86 [1296 1299 1300 1301 1302]] [87 [1306 1307 1308 1311 1314 1315 1316 1318 1319]] [88 [1321 1324 1325 1326 1327 1328 1330 1332 1333 1334]] [89 [1336 1339 1340 1341 1342 1344 1345 1346 1347 1348 1349]] [90 [1350 1352 1353 1354 1355 1357 1358 1359 1362 1363 1364]] [91 [1365 1367 1369 1370 1371 1376 1379]] [92 [1380 1381 1382 1383]] [93 [1395 1396 1399]] [94 [1415 1418 1419 1420 1422 1423 1424]] [95 [1426 1428 1430 1431 1432 1434 1435 1436 1437]] [96 [1440 1443 1445 1446 1447 1448 1450 1451 1453]] [97 [1455 1456 1457 1460 1461 1466 1467 1468]] [98 [1471 1472 1473 1479 1481 1482 1484]] [99 [1485 1487 1491 1492 1493 1495 1496 1497 1498 1499]]]",,"[[{media 50} [[""A"" [4]]]] [{media 52} [[""A"" [2]]]] [{media 54} [[""A"" [5]]]] [{media 55} [[""A"" [1]]]] [{media 56} [[""A"" [1]]]] [{media 57} [[""A"" [6]]]] [{media 58} [[""A"" [2]]]] [{media 60} [[""A"" [0]]]] [{media 62} [[""A"" [3]]]] [{media 64} [[""A"" [2]]]] [{citizen 2} [[""A"" [1]]]] [{citizen 7} [[""A"" [1]]]] [{citizen 0} [[""A"" [1]]]] [{citizen 1} [[""A"" [1]]]] [{citizen 6} [[""A"" [1]]]] [{citizen 9} [[""A"" [1]]]] [{media 59} [[""A"" [4]]]] [{media 51} [[""A"" [1]]]] [{media 53} [[""A"" [1]]]] [{media 63} [[""A"" [0]]]] [{media 61} [[""A"" [1]]]] [{citizen 31} [[""A"" [1]]]] [{citizen 26} [[""A"" [2]]]] [{citizen 49} [[""A"" [1]]]] [{citizen 13} [[""A"" [1]]]] [{citizen 42} [[""A"" [1]]]] [{citizen 30} [[""A"" [1]]]] [{citizen 5} [[""A"" [1]]]] [{citizen 15} [[""A"" [1]]]] [{citizen 14} [[""A"" [1]]]] [{citizen 11} [[""A"" [1]]]] [{citizen 20} [[""A"" [1]]]] [{citizen 8} [[""A"" [1]]]] [{citizen 28} [[""A"" [1]]]] [{citizen 45} [[""A"" [1]]]] [{citizen 23} [[""A"" [1]]]] [{citizen 47} [[""A"" [1]]]] [{citizen 36} [[""A"" [1]]]] [{citizen 19} [[""A"" [1]]]] [{citizen 38} [[""A"" [1]]]] [{citizen 17} [[""A"" [1]]]] [{citizen 40} [[""A"" [1]]]] [{citizen 48} [[""A"" [1]]]] [{citizen 43} [[""A"" [1]]]] [{citizen 39} [[""A"" [0]]]] [{citizen 10} [[""A"" [2]]]] [{citizen 27} [[""A"" [1]]]] [{citizen 12} [[""A"" [2]]]] [{citizen 34} [[""A"" [1]]]] [{citizen 25} [[""A"" [1]]]] [{citizen 32} [[""A"" [1]]]] [{citizen 44} [[""A"" [1]]]] [{citizen 18} [[""A"" [1]]]] [{citizen 37} [[""A"" [1]]]] [{citizen 4} [[""A"" [1]]]] [{citizen 29} [[""A"" [1]]]] [{citizen 22} [[""A"" [1]]]] [{citizen 21} [[""A"" [1]]]] [{citizen 41} [[""A"" [1]]]] [{citizen 16} [[""A"" [1]]]] [{citizen 3} [[""A"" [1]]]] [{citizen 35} [[""A"" [2]]]] [{citizen 46} [[""A"" [1]]]] [{citizen 24} [[""A"" [1]]]]]"
"34","[213 0 42]","184.7872340425532","-0.60961729747323","-9.460802122475728","""circle""","""""","9.9","{breed citizens}","false","0.5","1","""up""",,"[[""ID"" 37] [""alpha"" 1] [""beta"" 1] [""malleable"" [""A""]] [""prior"" []] [""cont_tokens"" []] [""A"" 1]]","[[0 [0 1 2 3 4 5 6 7 8 9 10 11 12 13 14]] [1 [15 17 18 19 20 21 22 23 24 27 29]] [2 [30 31 32 33 34 35 36 37 39 40 41 42 43 44]] [3 [45 46 47 48 49 50 51 52 53 54 55 56 57 58 59]] [4 [60 61 62 63 64 65 66 67 68 69 70 71 73 74]] [5 [75 76 77 78 79 80 81 82 83 84 85 86 87 88 89]] [6 [91 93 94 95 96 97 98 99 101 102 103]] [7 [105 106 108 110 111 112 113 114 115 117 118]] [8 [120 121 123 125 126 127 128 129 130 131 132 133 134]] [9 [135 136 137 138 139 140 141 142 143 144 145 146 147 148 149]] [10 [150 151 152 153 154 155 156 157 158 159 160 161 162 163 164]] [11 [165 166 167 168 169 170 171 172 173 174 175 176 178 179]] [12 [180 181 183 184 185 186 187 189 190 191 192 193 194]] [13 [195 196 197 198 199 200 201 202 203 204 205 206 207 208 209]] [14 [210 211 212 213 214 215 216 217 218 219 220 221 222 223 224]] [15 [225 226 227 228 229 230 231 232 233 235 236 238 239]] [16 [240 243 244 245 246 247 248 249 250 251 252 253 254]] [17 [255 256 257 258 259 260 261 262 263 264 265 266 267 268 269]] [18 [270 271 272 273 274 275 276 277 278 279 280 281 282 283 284]] [19 [285 286 287 288 289 290 291 292 293 294 295 298 299]] [20 [300 302 303 304 305 307 308 309 310 311 312 313 314]] [21 [315 317 318 319 320 321 322 323 324 325 326 327 328 329]] [22 [330 331 332 333 334 335 336 337 338 339 340 341 342 343 344]] [23 [345 346 347 348 349 350 351 352 353 354 355 356 357 358 359]] [24 [360 361 362 363 364 365 366 367 368 369 370 371 372 373 374]] [25 [375 376 377 378 379 380 381 382 383 384 385 386 387 388 389]] [26 [390 391 392 394 395 396 398 399 400 401 402 403 404]] [27 [405 406 407 408 409 410 411 412 413 414 415 416 417 418 419]] [28 [420 421 422 423 424 425 426 427 428 429 430 431 432 433 434]] [29 [435 436 437 438 439 440 441 442 443 444 445 446 447 448 449]] [30 [450 451 452 453 454 455 456 457 458 459 460 461 462 463]] [31 [465 466 467 468 469 470 471 472 473 474 475 476 477 478 479]] [32 [480 481 482 483 484 485 486 487 488 489 490 491 492 493 494]] [33 [495 496 497 498 499 500 501 502 503 504 505 506 507 508 509]] [34 [510 511 512 513 514 515 516 517 518 519 520 521 523 524]] [35 [525 527 528 529 531 532 533 536 537 538 539]] [36 [540 541 542 543 544 545 546 548 549 550 551 552 553 554]] [37 [555 556 557 558 559 560 561 562 563 564 565 566 567 568 569]] [38 [570 571 572 573 574 575 576 577 578 579 580 581 582 583 584]] [39 [585 586 587 588 589 590 591 592 593 594 595 596 597 598 599]] [40 [600 602 603 604 605 606 607 608 610 611 612 613 614]] [41 [615 616 617 618 619 621 622 623 624 625 626 627 628 629]] [42 [630 631 632 633 634 635 636 637 638 640 641 642 643 644]] [43 [645 646 647 648 649 650 651 652 653 654 655 656 657 658 659]] [44 [660 661 662 663 664 665 666 667 668 669 670 671 672 673]] [45 [675 676 678 679 681 683 684 685 686 687 689]] [46 [690 691 692 693 694 695 696 697 698 699 700 701 702 703 704]] [47 [705 706 707 708 709 710 711 712 713 714 716 717 718]] [48 [720 721 722 723 724 727 728 729 730 731 732 733 734]] [49 [735 736 737 738 739 740 741 742 743 744 745 746 747 748 749]] [50 [750 751 752 753 754 755 756 757 758 759 760 761 762 763 764]] [51 [765 766 768 770 771 772 773 774 775 777 778 779]] [52 [780 781 782 783 784 785 786 787 788 789 790 791 792 793 794]] [53 [795 796 797 798 799 800 801 803 804 805 806 807 808 809]] [54 [810 811 812 813 814 815 816 817 818 819 820 821 822 823 824]] [55 [825 826 827 830 831 832 833 834 835 836 837 838 839]] [56 [840 841 842 843 844 845 846 847 848 849 850 851 852 853 854]] [57 [855 856 857 858 859 860 861 862 863 864 865 866 868]] [58 [870 871 872 873 874 875 876 877 878 879 880 881 883 884]] [59 [885 886 887 889 890 892 893 894 895 896 897 898 899]] [60 [900 901 902 903 904 905 906 907 908 909 910 911 912 913 914]] [61 [915 916 917 919 920 921 922 923 924 925 926 927 928 929]] [62 [930 931 932 934 935 936 938 939 940 941 942 943 944]] [63 [945 946 947 948 949 950 951 952 953 954 955 956 957 958 959]] [64 [960 961 962 963 965 966 967 969 970 971 972]] [65 [975 976 977 978 979 980 982 985 987 988]] [66 [991 992 993 994 995 996 997 998 1000 1002 1003]] [67 [1005 1006 1007 1008 1009 1010 1011 1012 1013 1014 1015 1017 1018]] [68 [1021 1022 1024 1025 1026 1027 1028 1029 1032 1033 1034]] [69 [1035 1036 1037 1039 1040 1042 1043 1044 1045 1047 1048]] [70 [1050 1051 1052 1053 1054 1055 1056 1057 1058 1059 1060 1061 1063]] [71 [1065 1066 1067 1068 1069 1070 1071 1072 1073 1074 1075 1076 1077 1078 1079]] [72 [1080 1081 1082 1083 1084 1085 1086 1087 1088 1089 1090 1091 1092 1093 1094]] [73 [1095 1096 1097 1098 1099 1100 1101 1102 1103 1104 1105 1106 1107 1108 1109]] [74 [1110 1111 1112 1113 1114 1115 1116 1117 1118 1119 1120 1121 1122 1123 1124]] [75 [1125 1126 1127 1128 1130 1131 1132 1133 1134 1135 1136 1137 1138 1139]] [76 [1140 1141 1142 1143 1144 1145 1146 1147 1148 1149 1150 1151 1152 1153]] [77 [1155 1156 1157 1158 1159 1160 1161 1162 1163 1164 1165 1167 1168 1169]] [78 [1170 1171 1172 1173 1174 1175 1176 1177 1178 1179 1180 1181 1182 1183 1184]] [79 [1185 1186 1187 1188 1189 1190 1191 1193 1195 1196 1197 1199]] [80 [1200 1201 1202 1203 1204 1205 1206 1207 1208 1209 1210 1211 1212 1213 1214]] [81 [1215 1216 1217 1218 1219 1220 1221 1222 1223 1224 1225 1226 1227 1228 1229]] [82 [1230 1231 1232 1233 1234 1235 1236 1237 1238 1239 1240 1241 1242 1243 1244]] [83 [1245 1246 1247 1248 1249 1250 1251 1252 1253 1254 1255 1256 1257 1258 1259]] [84 [1260 1261 1262 1263 1264 1265 1266 1267 1268 1269 1270 1271 1272 1274]] [85 [1275 1276 1277 1278 1279 1280 1281 1282 1283 1284 1285 1286 1287 1288 1289]] [86 [1290 1291 1292 1293 1294 1295 1296 1297 1298 1299 1300 1301 1302 1303 1304]] [87 [1305 1306 1307 1308 1309 1310 1311 1312 1313 1314 1315 1316 1317 1318 1319]] [88 [1320 1321 1322 1323 1324 1325 1326 1327 1328 1329 1330 1331 1332 1333 1334]] [89 [1336 1338 1339 1340 1341 1342 1343 1344 1345 1346 1347 1348 1349]] [90 [1350 1351 1352 1353 1354 1355 1356 1357 1358 1359 1361 1362 1363 1364]] [91 [1365 1366 1367 1368 1369 1370 1371 1372 1373 1374 1376 1377 1379]] [92 [1380 1381 1382 1383 1384 1385 1386 1387 1388 1389 1390 1391 1392 1393 1394]] [93 [1395 1396 1397 1398 1399 1400 1401 1402 1403 1404 1405 1406 1407 1408 1409]] [94 [1410 1411 1412 1413 1414 1415 1416 1417 1418 1419 1420 1421 1422 1423 1424]] [95 [1425 1426 1427 1428 1429 1430 1431 1432 1433 1434 1435 1436 1437 1439]] [96 [1440 1441 1442 1443 1445 1446 1447 1448 1449 1450 1451 1452 1453 1454]] [97 [1455 1456 1457 1458 1459 1460 1461 1462 1463 1464 1465 1466 1467 1468 1469]] [98 [1471 1472 1473 1474 1475 1476 1477 1478 1479 1480 1481 1482 1484]] [99 [1485 1486 1487 1491 1492 1493 1495 1496 1497 1498 1499]]]","[[0 [3 4 5 9 11 12 13 14]] [1 [15 17 18 19 20 22 23 24 27 29]] [2 [30 32 34 35 36 37 39 44]] [3 [49 51 52 54 55 56 57 58]] [4 [62 63 65 66 68 69 70 73 74]] [5 [77 78 82 83 84 85 86 87 88 89]] [6 [91 94 95 96 97 98 99 101 102 103]] [7 [105 106 108 111 112 113 114 115 117 118]] [8 [120 121 123 125 128 131 132 133 134]] [9 [135 136 137 138 139 141 143 144 146 148]] [10 [150 151 152 154 155 157 158 161 163 164]] [11 [165 166 167 168 169 170 172 174 176 178 179]] [12 [180 183 184 185 186 187 189 190 192 193 194]] [13 [196 197 198 199 200 201 205 208]] [14 [211 213 214 216 218 221 222 223 224]] [15 [225 226 230 231 232 233 235 236 238 239]] [16 [240 243 244 245 246 247 248 249 250 251 253]] [17 [255 259 260 261 263 264 266 267]] [18 [271 273 275 276 277 279 281 282 283]] [19 [285 286 287 289 290 291 292 294 298 299]] [20 [300 302 303 305 307 308 310 311 312 313]] [21 [315 317 319 320]] [22 [333 336 340 341 342 343]] [23 [345 346 350 352 353 355 358 359]] [24 [360 361 363 365 366 367 368 369 370 372]] [25 [378 381 382 383 385 386 388 389]] [26 [390 391 392 394 395 396 398 399 400 404]] [27 [405 406 407 408 409 410 413 414 417 419]] [28 [420 422 423 424 425 427 428 429 430 431 433]] [29 [437 446]] [30 [450 451 452 454 455 456]] [31 [465 466 467 468 469 470 472 473 474 475 476 479]] [32 [480 481 482 483 484 486 489 490 492]] [33 [497 498 500 501 502 503 504 505 508 509]] [34 [512 513 514 515 516 517 518 519 520 523]] [35 [525 528 529 531 532 533 536 537 539]] [36 [540 541 543 544 545 546 550 553 554]] [37 [555 558]] [38 [572 576 579 584]] [39 [587 592 593 596 598 599]] [40 [600 602 604 605 606 608 610 611 614]] [41 [615 616 618 619 622 623 626 627 629]] [42 [632 633 634 635 636 637 640 641 642 644]] [43 [645 646 647 650 652 653 654 655 656 658]] [44 [660 662 663 664 666 667 669 670 672]] [45 [675 676 678 679 681 683 687 689]] [46 [691 693 697 700 701 703 704]] [47 [705 707 709 710 711 712 713 714 717 718]] [48 [720 721 722 723 724 727 730 732 733 734]] [49 [735 736 738 739 741 745 746 747 748 749]] [50 [753 754 755 756 757 760 761 762]] [51 [765 766 768 770 771 772 773 775 777 779]] [52 [785 786 787 788 790 792 793]] [53 [795 796 797 798 799 800 801 805 807 808 809]] [54 [811 813 815 816 817 818 819 820 822]] [55 [825 826 827 830 831 835 837 838 839]] [56 [840 841 843 846 847 850 851 852 853 854]] [57 [856 857 858 859 861 862 865 866]] [58 [871 872 873 875 876 878 879 880 881 884]] [59 [885 886 887 889 890 892 893 894 895 896 898 899]] [60 [906 908 909 913 914]] [61 [915 916 917 919 920 921 923 926 927 928 929]] [62 [930 932 938]] [63 [945 947 948 949 950 953 956 958 959]] [64 [960 962 963 965 966 967 969 971 972]] [65 [975 976 977 978 979 980 982 985 987 988]] [66 [991 992 993 994 995 996 997 998 1000 1002 1003]] [67 [1005 1007 1008 1009 1010 1012 1013 1014 1015 1018]] [68 [1021 1022 1024 1025 1026 1028 1029 1032 1033 1034]] [69 [1035 1036 1037 1039 1040 1042 1043 1044 1045 1047 1048]] [70 [1052 1053 1054 1055 1056 1057 1058 1060 1061 1063]] [71 [1066 1067 1068 1069 1072 1074 1076 1077 1078]] [72 [1080 1081 1085 1086 1088 1089 1090 1091 1092 1094]] [73 [1095 1096 1098 1101 1103 1104 1105 1106 1107 1108 1109]] [74 [1110 1112 1113 1114 1115 1116 1117 1123 1124]] [75 [1125 1128 1130 1132 1133 1134 1135 1136 1137 1138]] [76 [1140 1142 1143 1144 1147 1148 1149 1150 1152]] [77 [1155 1156 1157 1158 1159 1163 1164 1167 1168]] [78 [1173 1174 1176 1178 1179 1180 1181 1183]] [79 [1185 1188 1189 1190 1191 1193 1195 1196 1197 1199]] [80 [1201 1203 1205 1206 1207 1209 1212 1213 1214]] [81 [1217 1218 1219 1221 1222 1223 1226 1227]] [82 [1230 1232 1234 1235 1236 1238 1239 1241 1242 1243 1244]] [83 [1246 1247 1251 1252 1253 1254 1255 1256 1258 1259]] [84 [1260 1261 1263 1264 1266 1267 1268 1270 1272 1274]] [85 [1276 1277 1278 1279 1282]] [86 [1296 1298 1303 1304]] [87 [1310 1312 1313 1314 1315 1316 1317]] [88 [1320 1324 1325 1326 1327 1328 1330 1332]] [89 [1336 1339 1340 1341 1342 1344 1345 1346 1347 1348 1349]] [90 [1351 1353 1354 1355 1357 1358 1359 1362]] [91 [1366 1367 1369 1370 1373 1374 1376 1379]] [92 [1380 1381 1382 1383]] [93 [1396 1399 1408]] [94 [1411 1415 1418 1419 1420 1422 1423 1424]] [95 [1426 1429 1430 1431 1432 1434 1435 1436 1437 1439]] [96 [1440 1442 1445 1446 1447 1448 1450 1451 1453]] [97 [1455 1456 1457 1460 1461 1466 1467 1468]] [98 [1474 1475 1476 1477 1478 1480 1481 1482 1484]] [99 [1486 1487 1491 1492 1493 1495 1496 1497 1498 1499]]]",,"[[{media 50} [[""A"" [4]]]] [{media 52} [[""A"" [2]]]] [{media 54} [[""A"" [5]]]] [{media 55} [[""A"" [1]]]] [{media 56} [[""A"" [1]]]] [{media 57} [[""A"" [6]]]] [{media 58} [[""A"" [2]]]] [{media 60} [[""A"" [0]]]] [{media 62} [[""A"" [3]]]] [{media 63} [[""A"" [0]]]] [{media 64} [[""A"" [2]]]] [{citizen 8} [[""A"" [1]]]] [{citizen 23} [[""A"" [1]]]] [{citizen 0} [[""A"" [1]]]] [{citizen 26} [[""A"" [3]]]] [{citizen 6} [[""A"" [1]]]] [{media 59} [[""A"" [4]]]] [{citizen 2} [[""A"" [1]]]] [{citizen 7} [[""A"" [0]]]] [{citizen 21} [[""A"" [1]]]] [{media 51} [[""A"" [1]]]] [{citizen 10} [[""A"" [3]]]] [{citizen 18} [[""A"" [1]]]] [{media 53} [[""A"" [1]]]] [{citizen 5} [[""A"" [0]]]] [{media 61} [[""A"" [1]]]] [{citizen 1} [[""A"" [1]]]] [{citizen 31} [[""A"" [1]]]] [{citizen 49} [[""A"" [1]]]] [{citizen 13} [[""A"" [1]]]] [{citizen 42} [[""A"" [1]]]] [{citizen 30} [[""A"" [0]]]] [{citizen 15} [[""A"" [0]]]] [{citizen 14} [[""A"" [0]]]] [{citizen 11} [[""A"" [1]]]] [{citizen 20} [[""A"" [1]]]] [{citizen 28} [[""A"" [1]]]] [{citizen 9} [[""A"" [1]]]] [{citizen 12} [[""A"" [3]]]] [{citizen 22} [[""A"" [1]]]] [{citizen 44} [[""A"" [1]]]] [{citizen 16} [[""A"" [1]]]] [{citizen 45} [[""A"" [3]]]] [{citizen 39} [[""A"" [0]]]] [{citizen 47} [[""A"" [3]]]] [{citizen 36} [[""A"" [1]]]] [{citizen 19} [[""A"" [0]]]] [{citizen 38} [[""A"" [1]]]] [{citizen 17} [[""A"" [0]]]] [{citizen 40} [[""A"" [1]]]] [{citizen 48} [[""A"" [1]]]] [{citizen 43} [[""A"" [1]]]] [{citizen 27} [[""A"" [1]]]] [{citizen 37} [[""A"" [0]]]] [{citizen 25} [[""A"" [1]]]] [{citizen 33} [[""A"" [0]]]] [{citizen 32} [[""A"" [1]]]] [{citizen 4} [[""A"" [1]]]] [{citizen 41} [[""A"" [1]]]] [{citizen 29} [[""A"" [1]]]] [{citizen 3} [[""A"" [1]]]] [{citizen 35} [[""A"" [2]]]] [{citizen 46} [[""A"" [3]]]] [{citizen 24} [[""A"" [1]]]]]"
"35","[128 0 127]","81.30932896890343","9.431197077577284","1.1790495092999869","""circle""","""""","9.9","{breed citizens}","false","0.5","1","""up""",,"[[""ID"" 11] [""alpha"" 1] [""beta"" 1] [""malleable"" [""A""]] [""prior"" []] [""cont_tokens"" []] [""A"" 3]]","[[0 [1 2 5 8 9 10 11 12 13 14]] [1 [15 17 18 19 20 21 22 23 24 27 29]] [2 [30 31 32 33 34 35 36 37 39 40 41 42 43 44]] [3 [45 46 47 48 49 50 51 52 53 54 55 56 57 58 59]] [4 [60 61 62 63 64 65 66 67 68 69 70 71 73 74]] [5 [75 76 77 78 79 80 81 82 83 84 85 86 87 88 89]] [6 [91 93 94 95 96 97 98 99 101 102 103]] [7 [105 106 108 110 111 112 113 114 115 117 118]] [8 [120 121 122 123 124 125 126 127 128 129 130 131 132 133 134]] [9 [135 136 137 138 139 140 141 142 143 144 145 146 147 148 149]] [10 [150 151 152 153 154 155 156 157 158 159 160 161 162 163 164]] [11 [165 166 167 168 169 170 171 172 173 174 175 176 178 179]] [12 [180 181 183 184 185 186 187 189 190 191 192 193 194]] [13 [195 196 197 198 199 200 201 202 203 204 205 206 207 208 209]] [14 [210 211 212 213 214 215 216 217 218 219 220 221 222 223 224]] [15 [225 226 227 228 229 230 231 232 233 234 235 236 237 238 239]] [16 [240 243 244 245 246 247 248 249 250 251 252 253 254]] [17 [255 256 257 258 259 260 261 262 263 264 265 266 267 268 269]] [18 [270 271 272 273 274 275 276 277 278 279 280 281 282 283 284]] [19 [285 286 287 288 289 290 291 292 293 294 295 298 299]] [20 [300 302 303 304 305 307 308 309 310 311 312 313 314]] [21 [315 317 318 319 320 321 322 323 324 325 326 327 328 329]] [22 [330 331 332 334 335 336 337 338 339 340 341 342 343 344]] [23 [345 346 347 349 350 351 352 353 354 355 356 357 358 359]] [24 [360 361 362 363 364 365 366 367 368 369 370 371 372 373 374]] [25 [375 376 377 378 379 380 381 382 383 384 385 386 387 388 389]] [26 [390 391 392 394 395 396 398 399 400 401 402 403 404]] [27 [405 406 407 408 409 410 411 412 413 414 415 416 417 418 419]] [28 [420 421 422 423 424 425 426 427 428 429 430 431 432 433 434]] [29 [435 436 437 438 439 440 441 442 443 444 445 446 447 448 449]] [30 [450 451 452 453 454 455 456 457 458 459 460 461 462 463]] [31 [465 466 467 468 469 470 471 472 473 474 475 476 477 478 479]] [32 [480 481 482 483 484 485 486 487 488 489 490 491 492 493 494]] [33 [495 496 497 499 500 501 502 503 504 505 506 507 508 509]] [34 [510 511 512 513 514 515 516 517 518 519 520 521 522 523 524]] [35 [525 527 528 529 531 532 533 536 537 538 539]] [36 [540 541 542 543 544 545 546 548 549 550 551 552 553 554]] [37 [555 556 557 558 559 560 561 562 563 564 565 566 567 568 569]] [38 [570 571 572 573 574 575 576 577 578 579 580 581 582 583 584]] [39 [585 586 587 588 589 590 591 592 593 594 595 596 598 599]] [40 [600 602 603 604 605 606 607 608 610 611 612 613 614]] [41 [615 616 617 618 619 621 622 623 624 625 626 627 628 629]] [42 [630 631 632 633 634 635 636 637 638 640 641 642 643 644]] [43 [645 646 647 649 650 651 652 653 654 655 656 657 658 659]] [44 [660 661 662 663 664 665 666 667 668 669 670 671 672 673]] [45 [675 676 677 678 679 680 681 682 683 684 685 686 687 688 689]] [46 [690 691 692 693 694 695 696 697 698 699 700 701 702 703 704]] [47 [705 706 707 708 709 710 711 712 713 714 716 717 718]] [48 [720 721 722 723 724 727 728 729 730 731 732 733 734]] [49 [735 736 737 738 739 740 741 742 743 744 745 746 747 748 749]] [50 [750 751 752 753 754 755 756 757 758 759 760 761 762 763 764]] [51 [765 766 767 768 770 771 772 773 774 775 777 778 779]] [52 [780 781 782 783 784 785 786 787 788 789 790 791 792 793 794]] [53 [795 796 797 798 799 800 801 802 803 804 805 806 807 808 809]] [54 [810 811 812 813 814 815 816 817 818 819 820 821 822 823 824]] [55 [825 826 827 830 831 832 833 834 835 836 837 838 839]] [56 [840 841 842 843 844 845 846 847 848 849 850 851 852 853 854]] [57 [855 856 857 858 859 860 861 862 863 864 865 866 868]] [58 [871 872 873 875 876 877 878 879 880 881 884]] [59 [885 886 887 889 890 892 893 894 895 896 897 898 899]] [60 [900 901 902 903 904 905 906 907 908 909 910 911 912 913 914]] [61 [915 916 917 919 920 921 922 923 924 925 926 927 928 929]] [62 [930 931 932 934 935 936 938 939 940 941 942 943 944]] [63 [945 946 947 948 949 950 953 956 957 958 959]] [64 [960 961 962 963 965 966 967 969 970 971 972]] [65 [975 976 977 978 979 980 982 985 987 988]] [66 [991 992 993 994 995 996 997 998 1000 1002 1003]] [67 [1005 1006 1007 1008 1009 1010 1011 1012 1013 1014 1015 1017 1018]] [68 [1021 1022 1024 1025 1026 1027 1028 1029 1032 1033 1034]] [69 [1035 1036 1037 1039 1040 1042 1043 1044 1045 1047 1048]] [70 [1050 1051 1052 1053 1054 1055 1056 1057 1058 1059 1060 1061 1063]] [71 [1065 1066 1067 1068 1069 1070 1071 1072 1073 1074 1075 1076 1077 1078 1079]] [72 [1080 1081 1083 1084 1085 1086 1087 1088 1089 1090 1091 1092 1093 1094]] [73 [1095 1096 1097 1098 1099 1100 1101 1102 1103 1104 1105 1106 1107 1108 1109]] [74 [1110 1111 1112 1113 1114 1115 1116 1117 1118 1119 1120 1121 1122 1123 1124]] [75 [1125 1126 1127 1128 1130 1131 1132 1133 1134 1135 1136 1137 1138 1139]] [76 [1140 1141 1142 1143 1144 1145 1146 1147 1148 1149 1150 1151 1152 1153]] [77 [1155 1156 1157 1158 1159 1160 1161 1162 1163 1164 1165 1167 1168 1169]] [78 [1170 1171 1172 1173 1174 1175 1176 1177 1178 1179 1180 1181 1182 1183 1184]] [79 [1185 1186 1187 1188 1189 1190 1191 1192 1193 1194 1195 1196 1197 1198 1199]] [80 [1200 1201 1202 1203 1204 1205 1206 1207 1208 1209 1210 1211 1212 1213 1214]] [81 [1215 1216 1217 1218 1219 1220 1221 1222 1223 1224 1225 1226 1227 1228 1229]] [82 [1230 1231 1232 1233 1234 1235 1236 1237 1238 1239 1240 1241 1242 1243 1244]] [83 [1245 1246 1247 1248 1249 1250 1251 1252 1253 1254 1255 1256 1257 1258 1259]] [84 [1260 1261 1263 1264 1265 1266 1267 1268 1269 1270 1271 1272 1274]] [85 [1275 1276 1277 1278 1279 1280 1281 1282 1283 1284 1285 1286 1287 1288 1289]] [86 [1292 1293 1294 1295 1296 1297 1298 1299 1300 1301 1302 1303 1304]] [87 [1305 1306 1307 1308 1309 1310 1311 1312 1313 1314 1315 1316 1317 1318 1319]] [88 [1320 1321 1322 1323 1324 1325 1326 1327 1328 1329 1330 1331 1332 1333 1334]] [89 [1336 1337 1338 1339 1340 1341 1342 1343 1344 1345 1346 1347 1348 1349]] [90 [1350 1351 1352 1353 1354 1355 1356 1357 1358 1359 1361 1362 1363 1364]] [91 [1365 1366 1367 1368 1369 1370 1371 1372 1373 1374 1376 1377 1379]] [92 [1380 1381 1382 1383 1384 1385 1386 1387 1388 1389 1390 1391 1392 1393 1394]] [93 [1395 1396 1397 1398 1399 1400 1401 1402 1403 1404 1406 1407 1408 1409]] [94 [1411 1412 1413 1414 1415 1416 1417 1418 1419 1420 1421 1422 1423 1424]] [95 [1425 1426 1427 1428 1429 1430 1431 1432 1433 1434 1435 1436 1437 1439]] [96 [1440 1441 1442 1443 1445 1446 1447 1448 1449 1450 1451 1452 1453 1454]] [97 [1455 1456 1457 1458 1459 1460 1461 1462 1463 1464 1465 1466 1467 1468 1469]] [98 [1471 1472 1473 1474 1475 1476 1477 1478 1479 1480 1481 1482 1484]] [99 [1485 1486 1487 1491 1492 1493 1495 1496 1497 1498 1499]]]","[[0 [8 10 11 12 13 14]] [1 [15 17 18 19 20 22 29]] [2 [30 33 34 35 36 37 41 42 43]] [3 [45 46 47 49 52 54 55 56 57 58 59]] [4 [61 62 63 64 65 66 68 69 70 73 74]] [5 [77 78 82 83 84 85 86 89]] [6 [91 94 95 96 97 98 99 101 102 103]] [7 [105 106 108 110 112 113 114]] [8 [120 121 126 127 128 131 132 133 134]] [9 [135 136 137 138 139 147 148]] [10 [150 152 154 155 158 161 163 164]] [11 [165 166 167 168 169 170 172 174 176 178 179]] [12 [180 184 185 186 189 190 192 193 194]] [13 [196 197 198 199 202 203 204 205 207 209]] [14 [210 211 213 214 217 219 220]] [15 [227 228 229 230 231 232 233 235 236 238]] [16 [240 243 244 245 246 248 249 250 251 254]] [17 [256 262 265 268]] [18 [270 272 273 275 276 277 279 281 282 283]] [19 [285 286 288 291 292 294 298 299]] [20 [300 302 304 305 307 308 310 311 312 313]] [21 [315 319 320 328 329]] [22 [330 334 336 340 341 342 343]] [23 [345 346 350 351 352 353 355 356 357 358 359]] [24 [360 361 363 365 366 367 368 369 370 372]] [25 [377 379 380 383 385 386 388]] [26 [390 391 392 394 395 396 398 399 400]] [27 [406 407 408 409 410 411 412 415 416 418]] [28 [421 425 426 427 428 429 430 431 433]] [29 [437 446]] [30 [450 451 452 454 455 463]] [31 [465 466 467 468 469 470 473 474 475 476 477 479]] [32 [480 481 482 483 484 487 488 491 493 494]] [33 [495 496 499 500 501 502 503 507]] [34 [510 516 517 518 519 520 523]] [35 [525 527 528 529 531 532 533 536 537 539]] [36 [540 541 542 543 544 546 549 550 554]] [37 [555 558 566 567 569]] [38 [570 571 574 575 577 578 580 582 583]] [39 [585 586 588 589 590 591 593 596 598 599]] [40 [603 606 608 610 611 614]] [41 [615 616 618 619 621 624 625 626 627 629]] [42 [632 633 634 635 636 637 638 640 641 642 644]] [43 [645 646 647 650 652 653 654 655 656 658]] [44 [660 662 663 664 665 668 673]] [45 [677 680 682 684 685 686 688]] [46 [690 692 693 697 704]] [47 [705 707 710 711 712 713 717 718]] [48 [720 721 722 723 728 731]] [49 [737 742 743 744]] [50 [751 752 753 754 755 756 757 759 763 764]] [51 [765 766 768 770 771 772 773 775 777 778]] [52 [780 781 782 783 784 786 787 790 792 793]] [53 [795 796 797 798 799 800 801 805 807 808 809]] [54 [811 813 815 816 817 818 819 820 822]] [55 [825 826 827 830 831 836 838 839]] [56 [840 841 843 847 850 851 852 853 854]] [57 [856 857 858 859 860 861 862 865 866]] [58 [871 872 873 875 876 878 879 880 881 884]] [59 [886 887 889 890 892 894 895 896 898 899]] [60 [906 908 909 911 912 913 914]] [61 [916 917 919 920 921 923 926 927 928]] [62 [931 934 935 936 939 940 941 942 943 944]] [63 [946 947 948 949 950 953 956 957 958 959]] [64 [960 963 965 966 967 969 970 971 972]] [65 [975 976 977 978 980 982 985 987 988]] [66 [991 992 993 994 995 996 997 998 1000 1002 1003]] [67 [1005 1007 1008 1009 1010 1012 1013 1014 1015 1018]] [68 [1021 1022 1024 1025 1027 1029 1032 1033 1034]] [69 [1035 1036 1037 1039 1040 1042 1043 1044 1047]] [70 [1051 1053 1054 1055 1056 1058 1060 1061 1063]] [71 [1066 1067 1068 1072 1073 1074 1076 1077 1079]] [72 [1081 1083 1084 1087 1090 1091 1092 1094]] [73 [1095 1096 1098 1101 1103 1104 1105 1106 1107 1108 1109]] [74 [1110 1112 1113 1114 1115 1116 1123 1124]] [75 [1125 1128 1130 1132 1133 1134 1135 1136 1137 1138]] [76 [1140 1141 1142 1143 1144 1147 1148 1149 1150 1152]] [77 [1155 1156 1157 1158 1159 1161 1162 1169]] [78 [1171 1172 1174 1178 1179 1180 1181 1183]] [79 [1185 1188 1189 1190 1191 1193 1195 1196 1197 1199]] [80 [1201 1203 1205 1206 1207 1209 1210 1212 1213 1214]] [81 [1215 1217 1218 1219 1221 1222 1223 1226 1227 1228]] [82 [1230 1232 1234 1235 1236 1238 1239 1241 1242 1243 1244]] [83 [1246 1247 1251 1252 1253 1254 1255 1256 1258 1259]] [84 [1260 1261 1263 1264 1266 1267 1268 1270 1272 1274]] [85 [1276 1277 1278 1279 1282]] [86 [1296 1297 1299 1300 1301 1302 1304]] [87 [1307 1308 1311 1314 1315 1316 1318 1319]] [88 [1321 1324 1325 1326 1328 1330 1332 1334]] [89 [1338 1343 1348 1349]] [90 [1350 1352 1354 1355 1358 1359 1362 1363 1364]] [91 [1365 1366 1367 1369 1370 1371]] [92 [1381 1382 1383]] [93 [1396 1399]] [94 [1411 1413 1414 1416 1419 1420 1423 1424]] [95 [1426 1428 1430 1431 1432 1434 1435 1436 1437]] [96 [1440 1443 1445 1446 1447 1448 1450 1451 1452 1454]] [97 [1455 1456 1457 1460 1461 1462 1465 1466 1467 1468]] [98 [1471 1472 1473 1476 1477 1478 1480 1481 1482 1484]] [99 [1485 1486 1487 1491 1492 1493]]]",,"[[{media 51} [[""A"" [1]]]] [{media 53} [[""A"" [1]]]] [{media 59} [[""A"" [4]]]] [{media 61} [[""A"" [1]]]] [{media 63} [[""A"" [0]]]] [{media 54} [[""A"" [5]]]] [{citizen 32} [[""A"" [1]]]] [{media 57} [[""A"" [6]]]] [{citizen 5} [[""A"" [0]]]] [{media 50} [[""A"" [4]]]] [{citizen 2} [[""A"" [1]]]] [{media 62} [[""A"" [3]]]] [{media 64} [[""A"" [2]]]] [{citizen 7} [[""A"" [0]]]] [{citizen 8} [[""A"" [3]]]] [{citizen 25} [[""A"" [1]]]] [{citizen 1} [[""A"" [0]]]] [{citizen 6} [[""A"" [0]]]] [{citizen 31} [[""A"" [0]]]] [{citizen 26} [[""A"" [3]]]] [{citizen 49} [[""A"" [0]]]] [{citizen 13} [[""A"" [0]]]] [{citizen 42} [[""A"" [1]]]] [{citizen 30} [[""A"" [0]]]] [{citizen 15} [[""A"" [0]]]] [{citizen 14} [[""A"" [0]]]] [{citizen 11} [[""A"" [0]]]] [{citizen 20} [[""A"" [1]]]] [{citizen 28} [[""A"" [1]]]] [{citizen 0} [[""A"" [0]]]] [{citizen 9} [[""A"" [1]]]] [{citizen 12} [[""A"" [3]]]] [{citizen 18} [[""A"" [0]]]] [{citizen 22} [[""A"" [1]]]] [{citizen 21} [[""A"" [1]]]] [{citizen 44} [[""A"" [1]]]] [{citizen 16} [[""A"" [0]]]] [{citizen 45} [[""A"" [3]]]] [{citizen 39} [[""A"" [0]]]] [{citizen 10} [[""A"" [3]]]] [{citizen 23} [[""A"" [0]]]] [{citizen 47} [[""A"" [3]]]] [{citizen 36} [[""A"" [1]]]] [{citizen 19} [[""A"" [0]]]] [{citizen 38} [[""A"" [1]]]] [{citizen 17} [[""A"" [0]]]] [{citizen 40} [[""A"" [0]]]] [{citizen 48} [[""A"" [3]]]] [{citizen 43} [[""A"" [0]]]] [{citizen 27} [[""A"" [0]]]] [{media 52} [[""A"" [2]]]] [{citizen 34} [[""A"" [0]]]] [{media 55} [[""A"" [1]]]] [{citizen 33} [[""A"" [0]]]] [{citizen 37} [[""A"" [0]]]] [{media 58} [[""A"" [2]]]] [{media 56} [[""A"" [1]]]] [{media 60} [[""A"" [0]]]] [{citizen 4} [[""A"" [0]]]] [{citizen 41} [[""A"" [1]]]] [{citizen 29} [[""A"" [3]]]] [{citizen 3} [[""A"" [0]]]] [{citizen 46} [[""A"" [1]]]] [{citizen 24} [[""A"" [1]]]]]"
"36","[213 0 42]","143.61702127659572","6.3931024284697004","-7.132429485820056","""circle""","""""","9.9","{breed citizens}","false","0.5","1","""up""",,"[[""ID"" 15] [""alpha"" 1] [""beta"" 1] [""malleable"" [""A""]] [""prior"" []] [""cont_tokens"" []] [""A"" 1]]","[[0 [0 1 2 3 4 5 6 7 9 10 11 12 13 14]] [1 [15 17 18 19 20 21 22 23 24 27 29]] [2 [30 31 32 33 34 35 36 37 39 40 41 42 43 44]] [3 [45 46 47 48 49 50 51 52 53 54 55 56 57 58 59]] [4 [60 61 62 63 64 65 66 67 68 69 70 71 73 74]] [5 [75 76 77 78 79 80 81 82 83 84 85 86 87 88 89]] [6 [91 93 94 95 96 97 98 99 101 102 103]] [7 [105 106 108 110 111 112 113 114 115 117 118]] [8 [120 121 122 123 124 125 126 127 128 129 130 131 132 133 134]] [9 [135 136 137 138 139 140 141 142 143 144 145 146 147 148 149]] [10 [150 151 152 153 154 155 156 157 158 159 160 161 162 163 164]] [11 [165 166 167 168 169 170 171 172 173 174 175 176 178 179]] [12 [180 181 183 184 185 186 187 189 190 191 192 193 194]] [13 [195 196 197 198 199 200 201 202 203 204 205 207 208 209]] [14 [210 211 212 213 214 215 216 217 218 219 220 221 222 223 224]] [15 [225 226 227 228 229 230 231 232 233 235 236 238 239]] [16 [240 243 244 245 246 247 248 249 250 251 252 253 254]] [17 [255 256 257 258 259 260 261 262 263 264 265 266 267 268 269]] [18 [270 271 272 273 274 275 276 277 278 279 280 281 282 283 284]] [19 [285 286 287 288 289 290 291 292 293 294 295 298 299]] [20 [300 302 303 304 305 307 308 309 310 311 312 313 314]] [21 [315 317 318 319 320 321 322 323 324 325 326 327 328 329]] [22 [330 331 332 334 335 336 337 338 339 340 341 342 343 344]] [23 [345 346 347 349 350 351 352 353 354 355 356 357 358 359]] [24 [360 361 362 363 364 365 366 367 368 369 370 371 372 373 374]] [25 [375 376 377 378 379 380 381 382 383 384 385 386 387 388 389]] [26 [390 391 392 394 395 396 398 399 400 401 402 403 404]] [27 [405 406 407 408 409 410 411 412 413 414 415 416 417 418 419]] [28 [420 421 422 423 424 425 426 427 428 429 430 431 432 433 434]] [29 [435 436 437 438 439 440 441 442 443 444 445 446 447 448 449]] [30 [450 451 452 453 454 455 456 457 458 459 460 461 462 463]] [31 [465 466 467 468 469 470 471 472 473 474 475 476 477 478 479]] [32 [486 489 490 492]] [33 [497 498 499 500 501 502 503 504 505 506 507 508 509]] [34 [510 511 512 513 514 515 516 517 518 519 520 521 522 523 524]] [35 [525 527 528 529 531 532 533 536 537 538 539]] [36 [540 541 542 543 544 545 546 548 549 550 551 552 553 554]] [37 [555 556 557 558 559 560 561 562 563 564 565 566 567 568 569]] [38 [570 571 573 574 575 577 578 579 580 581 582 583 584]] [39 [585 586 587 588 589 590 591 592 593 594 595 596 597 598 599]] [40 [600 602 603 604 605 606 607 608 610 611 612 613 614]] [41 [615 616 617 618 619 621 622 623 624 625 626 627 628 629]] [42 [630 631 632 633 634 635 636 637 638 640 641 642 643 644]] [43 [645 646 647 648 649 650 651 652 653 654 655 656 657 658 659]] [44 [660 661 662 663 664 665 666 667 668 669 670 671 672 673]] [45 [675 676 677 678 679 680 681 682 683 684 685 686 687 689]] [46 [690 691 692 693 694 695 696 697 698 699 700 701 702 703 704]] [47 [705 706 707 708 709 710 711 712 713 714 716 717 718]] [48 [720 721 722 723 724 727 728 729 730 731 732 733 734]] [49 [735 736 737 738 739 740 741 742 743 744 745 746 747 748 749]] [50 [750 751 752 753 754 755 756 757 758 759 760 761 762 763 764]] [51 [765 766 767 768 770 771 772 773 774 775 777 778 779]] [52 [780 781 782 783 784 785 786 787 788 789 790 791 792 793 794]] [53 [795 796 797 798 799 800 801 803 804 805 806 807 808 809]] [54 [810 811 812 813 814 815 816 817 818 819 820 821 822 823 824]] [55 [825 826 827 830 831 832 833 834 835 836 837 838 839]] [56 [840 841 842 843 844 845 846 847 848 849 850 851 852 853 854]] [57 [855 856 857 858 859 860 861 862 863 864 865 866 868]] [58 [870 871 872 873 874 875 876 877 878 879 880 881 883 884]] [59 [885 886 887 889 890 892 893 894 895 896 897 898 899]] [60 [900 901 902 903 904 905 906 907 908 909 910 911 912 913 914]] [61 [915 916 917 919 920 921 922 923 924 925 926 927 928 929]] [62 [930 931 932 934 935 936 938 939 940 941 942 943 944]] [63 [945 946 947 948 949 950 953 956 957 958 959]] [64 [960 961 962 963 965 966 967 969 970 971 972]] [65 [975 976 977 978 979 980 982 985 987 988]] [66 [991 992 993 994 995 996 997 998 1000 1002 1003]] [67 [1005 1006 1007 1008 1009 1010 1011 1012 1013 1014 1015 1017 1018]] [68 [1021 1022 1024 1025 1026 1027 1028 1029 1032 1033 1034]] [69 [1035 1036 1037 1039 1040 1042 1043 1044 1045 1047 1048]] [70 [1050 1051 1052 1053 1054 1055 1056 1057 1058 1059 1060 1061 1063]] [71 [1065 1066 1067 1068 1069 1070 1071 1072 1073 1074 1075 1076 1077 1078 1079]] [72 [1080 1081 1082 1083 1084 1085 1086 1087 1088 1089 1090 1091 1092 1093 1094]] [73 [1095 1096 1097 1098 1099 1100 1101 1102 1103 1104 1105 1106 1107 1108 1109]] [74 [1110 1111 1112 1113 1114 1115 1116 1117 1123 1124]] [75 [1125 1126 1127 1128 1129 1130 1131 1132 1133 1134 1135 1136 1137 1138 1139]] [76 [1140 1141 1142 1143 1144 1145 1146 1147 1148 1149 1150 1151 1152 1153]] [77 [1155 1156 1157 1158 1159 1160 1161 1162 1163 1164 1165 1167 1168 1169]] [78 [1170 1171 1172 1173 1174 1175 1176 1177 1178 1179 1180 1181 1182 1183 1184]] [79 [1185 1186 1187 1188 1189 1190 1191 1193 1195 1196 1197 1199]] [80 [1200 1201 1202 1203 1204 1205 1206 1207 1208 1209 1210 1211 1212 1213 1214]] [81 [1215 1216 1217 1218 1219 1220 1221 1222 1223 1224 1225 1226 1227 1228 1229]] [82 [1230 1231 1232 1233 1234 1235 1236 1237 1238 1239 1240 1241 1242 1243 1244]] [83 [1245 1246 1247 1248 1249 1250 1251 1252 1253 1254 1255 1256 1257 1258 1259]] [84 [1260 1261 1262 1263 1264 1265 1266 1267 1268 1269 1270 1271 1272 1274]] [85 [1275 1276 1277 1278 1279 1280 1281 1282 1283 1284 1285 1286 1287 1288 1289]] [86 [1292 1293 1294 1295 1296 1297 1298 1299 1300 1301 1302 1303 1304]] [87 [1305 1306 1307 1308 1309 1310 1311 1312 1313 1314 1315 1316 1317 1318 1319]] [88 [1320 1321 1322 1323 1324 1325 1326 1327 1328 1329 1330 1331 1332 1333 1334]] [89 [1335 1336 1337 1338 1339 1340 1341 1342 1343 1344 1345 1346 1347 1348 1349]] [90 [1350 1351 1352 1353 1354 1355 1356 1357 1358 1359 1361 1362 1363 1364]] [91 [1365 1366 1367 1368 1369 1370 1371 1372 1373 1374 1376 1377 1379]] [92 [1380 1381 1382 1383 1384 1385 1386 1387 1388 1389 1390 1391 1392 1393 1394]] [93 [1395 1396 1397 1398 1399 1400 1401 1402 1403 1404 1405 1406 1407 1408 1409]] [94 [1410 1411 1412 1413 1414 1415 1416 1417 1418 1419 1420 1421 1422 1423 1424]] [95 [1425 1426 1427 1428 1429 1430 1431 1432 1433 1434 1435 1436 1437 1439]] [96 [1440 1441 1442 1443 1445 1446 1447 1448 1449 1450 1451 1452 1453 1454]] [97 [1455 1456 1457 1458 1459 1460 1461 1462 1463 1464 1465 1466 1467 1468 1469]] [98 [1471 1472 1473 1474 1475 1476 1477 1478 1479 1480 1481 1482 1484]] [99 [1485 1486 1487 1491 1492 1493 1495 1496 1497 1498 1499]]]","[[0 [1 2 9 10 11 12 13 14]] [1 [15 17 18 19 20 22 27 29]] [2 [30 32 34 35 36 37 41 42 44]] [3 [48 50 51 52 54 55 56 57 59]] [4 [61 62 63 64 65 66 68 70 73 74]] [5 [77 78 82 83 84 85 86 87 88 89]] [6 [91 94 95 96 97 98 99 101 102 103]] [7 [105 106 108 110 112 113 114]] [8 [120 121 123 125 126 127 128 130 131 132 133 134]] [9 [135 136 137 138 139 141 143 144 146 148]] [10 [150 151 152 154 155 158 161 163 164]] [11 [165 166 167 168 169 170 172 174 175 178 179]] [12 [180 181 183 185 186 189 190 191]] [13 [195 200 201 208]] [14 [211 212 215 219 220 223 224]] [15 [225 231 232 233 235 236 238 239]] [16 [243 244 245 246 248 249 250 251 254]] [17 [255 256 262 265 268 269]] [18 [270 272 273 275 276 277 279 281 282 283]] [19 [285 286 287 289 290 291 292 294 298 299]] [20 [300 302 304 305 307 308 310 311 312 313]] [21 [315 317 319 320 328 329]] [22 [331 332 335 337 338 339 340 341 342]] [23 [345 346 350 352 353 355 356 357 358 359]] [24 [360 361 363 365 366 367 368 370 372]] [25 [381 382 383 385 386 388 389]] [26 [390 391 392 394 395 396 398 399 400]] [27 [406 407 408 409 410 413 414 417 419]] [28 [420 421 422 423 424 425 427 428 429 430 431 433]] [29 [437 446]] [30 [450 453 455 456]] [31 [465 466 467 471 478]] [32 [486 489 490 492]] [33 [497 503 507]] [34 [510 514 515 517 518 519 520 523]] [35 [525 528 529 531 532 533 536 537 538]] [36 [541 543 544 545 548 551 552 553 554]] [37 [555 558 559 562 563 564 565 568 569]] [38 [570 571 574 575 577 578 579 580 582 583 584]] [39 [587 594 595 598 599]] [40 [603 608 610 613 614]] [41 [615 616 618 619 621 624 625 626 627 629]] [42 [632 633 634 635 637 640 641 642 644]] [43 [645 646 647 650 652 653 654 655 656 657 659]] [44 [660 661 662 663 664 666 667 669 670 671 672]] [45 [675 676 678 679 681 683 685 686 687 689]] [46 [691 695 698 699 700 701 702 703 704]] [47 [705 707 710 711 712 713 714 717 718]] [48 [720 721 722 724 727 730 732 733 734]] [49 [735 739 741 743 744]] [50 [750 751 752 753 754 755 756 757 760 761 762 764]] [51 [765 766 768 770 771 773 774 775 777]] [52 [780 781 782 783 784 786 787 790 792 793]] [53 [795 796 797 798 799 800 801 805 807 808]] [54 [810 811 813 815 816 817 818 819 820 822 824]] [55 [825 826 827 832 833 834 835 836 838 839]] [56 [840 841 843 847 850 851 852 853 854]] [57 [856 857 858 859 860 861 862 864 865 866]] [58 [871 872 873 875 876 878 879 880 881 884]] [59 [886 887 889 890 892 894 895 896 898]] [60 [900 901 902 904 905 907 910 911 912 913 914]] [61 [916 917 919 920 921 923 926 927 928]] [62 [931 934 936 939 940 941 942 943 944]] [63 [946 947 948 949 950 953 956 957 959]] [64 [960 962 963 965 966 967 969 970 971 972]] [65 [975 976 977 978 979 980 982 985 987 988]] [66 [991 992 993 994 995 996 997 998 1000 1002 1003]] [67 [1005 1007 1008 1009 1010 1012 1013 1014 1015 1018]] [68 [1021 1022 1024 1025 1027 1028 1029 1033 1034]] [69 [1035 1036 1037 1039 1040 1042 1043 1045 1047]] [70 [1050 1051 1053 1054 1055 1056 1057 1059]] [71 [1065 1068 1069 1072 1073 1074 1076 1077 1078]] [72 [1080 1081 1085 1086 1087 1093]] [73 [1097 1099 1100 1102]] [74 [1117 1123]] [75 [1125 1128 1130 1132 1133 1134 1135 1136 1137 1138]] [76 [1140 1142 1143 1144 1147 1148 1149 1150 1152]] [77 [1155 1156 1157 1158 1159 1163 1164 1167 1168]] [78 [1170 1171 1172 1173 1174 1178 1179 1180 1181 1183]] [79 [1185 1188 1189 1190 1191 1193 1196 1197]] [80 [1200 1202 1204 1205 1206 1207 1209 1212 1213 1214]] [81 [1215 1216 1220 1224 1226 1227 1228]] [82 [1230 1232 1234 1235 1236 1238 1239 1241 1242 1243]] [83 [1247 1251 1252 1253 1254 1255 1256 1258 1259]] [84 [1260 1261 1263 1264 1265 1267 1268 1270 1271]] [85 [1275 1276 1277 1278 1279 1282]] [86 [1298 1303 1304]] [87 [1307 1308 1311 1314 1315 1316 1318 1319]] [88 [1321 1324 1325 1326 1327 1328 1330 1332 1334]] [89 [1338 1340 1341 1342 1343 1348 1349]] [90 [1350 1352 1354 1355 1357 1358 1359 1362 1364]] [91 [1365 1368 1370 1373 1374 1376 1379]] [92 [1380 1384 1385 1386 1388 1389 1390 1392 1394]] [93 [1398 1400 1401 1402 1403 1404 1406 1407 1408]] [94 [1411 1415 1418 1419 1420 1422 1423 1424]] [95 [1426 1429 1431 1432 1434 1435 1436 1437]] [96 [1440 1443 1445 1446 1447 1448 1450 1451 1453]] [97 [1455 1456 1457 1460 1461 1466 1467 1468 1469]] [98 [1471 1472 1473 1476 1477 1478 1480 1481 1482 1484]] [99 [1485 1486 1487 1491 1492 1495 1496 1497 1498 1499]]]",,"[[{citizen 37} [[""A"" [0]]]] [{media 50} [[""A"" [4]]]] [{media 52} [[""A"" [2]]]] [{media 54} [[""A"" [5]]]] [{media 55} [[""A"" [1]]]] [{media 56} [[""A"" [1]]]] [{media 57} [[""A"" [6]]]] [{media 58} [[""A"" [2]]]] [{media 60} [[""A"" [0]]]] [{media 62} [[""A"" [3]]]] [{media 64} [[""A"" [2]]]] [{citizen 19} [[""A"" [0]]]] [{citizen 28} [[""A"" [2]]]] [{citizen 18} [[""A"" [1]]]] [{citizen 8} [[""A"" [3]]]] [{citizen 6} [[""A"" [1]]]] [{media 59} [[""A"" [4]]]] [{citizen 7} [[""A"" [0]]]] [{citizen 2} [[""A"" [1]]]] [{citizen 11} [[""A"" [0]]]] [{media 53} [[""A"" [1]]]] [{media 63} [[""A"" [0]]]] [{citizen 1} [[""A"" [1]]]] [{media 61} [[""A"" [1]]]] [{citizen 31} [[""A"" [1]]]] [{citizen 26} [[""A"" [2]]]] [{citizen 49} [[""A"" [0]]]] [{citizen 13} [[""A"" [0]]]] [{citizen 42} [[""A"" [1]]]] [{citizen 30} [[""A"" [0]]]] [{citizen 5} [[""A"" [0]]]] [{citizen 15} [[""A"" [1]]]] [{citizen 14} [[""A"" [0]]]] [{citizen 20} [[""A"" [1]]]] [{citizen 0} [[""A"" [1]]]] [{citizen 9} [[""A"" [2]]]] [{citizen 12} [[""A"" [2]]]] [{citizen 22} [[""A"" [1]]]] [{citizen 21} [[""A"" [1]]]] [{citizen 44} [[""A"" [1]]]] [{citizen 16} [[""A"" [1]]]] [{citizen 45} [[""A"" [2]]]] [{citizen 39} [[""A"" [0]]]] [{citizen 23} [[""A"" [1]]]] [{citizen 47} [[""A"" [2]]]] [{citizen 34} [[""A"" [1]]]] [{citizen 17} [[""A"" [0]]]] [{citizen 43} [[""A"" [1]]]] [{citizen 48} [[""A"" [2]]]] [{citizen 25} [[""A"" [1]]]] [{citizen 10} [[""A"" [1]]]] [{citizen 38} [[""A"" [1]]]] [{citizen 33} [[""A"" [0]]]] [{citizen 40} [[""A"" [1]]]] [{citizen 32} [[""A"" [1]]]] [{media 51} [[""A"" [1]]]] [{citizen 27} [[""A"" [2]]]] [{citizen 4} [[""A"" [0]]]] [{citizen 41} [[""A"" [1]]]] [{citizen 29} [[""A"" [1]]]] [{citizen 3} [[""A"" [0]]]] [{citizen 35} [[""A"" [2]]]] [{citizen 46} [[""A"" [2]]]] [{citizen 24} [[""A"" [1]]]]]"
"37","[213 0 42]","49.49263502454992","11.620397886262493","9.526953997758076","""circle""","""""","9.9","{breed citizens}","false","0.5","1","""up""",,"[[""ID"" 6] [""alpha"" 1] [""beta"" 1] [""malleable"" [""A""]] [""prior"" []] [""cont_tokens"" []] [""A"" 1]]","[[0 [0 1 2 3 4 5 6 7 8 9 10 11 12 13 14]] [1 [15 17 18 19 20 21 22 23 24 27 29]] [2 [30 31 32 33 34 35 36 37 39 40 41 42 43 44]] [3 [45 46 47 48 49 50 51 52 53 54 55 56 57 58 59]] [4 [60 61 62 63 64 65 66 67 68 69 70 71 73 74]] [5 [75 76 77 78 79 80 81 82 83 84 85 86 87 88 89]] [6 [91 93 94 95 96 97 98 99 101 102 103]] [7 [105 106 108 110 111 112 113 114 115 117 118]] [8 [120 121 123 125 126 127 128 129 130 131 132 133 134]] [9 [135 136 137 138 139 140 141 142 143 144 145 146 147 148 149]] [10 [150 151 152 153 154 155 157 158 159 160 161 162 163 164]] [11 [165 166 167 168 169 170 171 172 173 174 175 176 178 179]] [12 [180 181 183 184 185 186 187 189 190 191 192 193 194]] [13 [195 196 197 198 199 200 201 202 203 204 205 206 207 208 209]] [14 [210 211 212 213 214 215 216 217 218 219 220 221 222 223 224]] [15 [225 226 227 228 229 230 231 232 233 234 235 236 237 238 239]] [16 [240 243 244 245 246 247 248 249 250 251 252 253 254]] [17 [255 256 257 258 259 260 261 262 263 264 265 266 267 268 269]] [18 [270 271 272 273 274 275 276 277 278 279 280 281 282 283 284]] [19 [285 286 287 288 289 290 291 292 293 294 295 298 299]] [20 [300 302 303 304 305 307 308 309 310 311 312 313 314]] [21 [315 317 318 319 320 321 322 323 324 325 326 327 328 329]] [22 [330 331 332 333 334 335 336 337 338 339 340 341 342 343 344]] [23 [345 346 347 348 349 350 351 352 353 354 355 356 357 358 359]] [24 [360 361 362 363 364 365 366 367 368 369 370 371 372 373 374]] [25 [375 376 377 378 379 380 381 382 383 384 385 386 388 389]] [26 [390 391 392 394 395 396 398 399 400 401 402 403 404]] [27 [405 406 407 408 409 410 411 412 413 414 415 416 417 418 419]] [28 [420 421 422 423 424 425 426 427 428 429 430 431 432 433 434]] [29 [435 436 437 438 439 440 441 442 443 444 445 446 447 448 449]] [30 [450 451 452 453 454 455 456 457 458 459 460 461 462 463 464]] [31 [465 466 467 468 469 470 471 472 473 474 475 476 477 478 479]] [32 [486 489 490 492]] [33 [495 496 497 498 499 500 501 502 503 504 505 506 507 508 509]] [34 [510 511 512 513 514 515 516 517 518 519 520 523]] [35 [525 527 528 529 531 532 533 536 537 538 539]] [36 [540 541 542 543 544 545 546 548 549 550 551 552 553 554]] [37 [555 556 557 558 559 560 561 562 563 564 565 566 567 568 569]] [38 [570 571 572 573 574 575 576 577 578 579 580 581 582 583 584]] [39 [585 586 587 588 589 590 591 592 593 594 595 596 598 599]] [40 [600 602 603 604 605 606 607 608 610 611 612 613 614]] [41 [615 616 617 618 619 621 622 623 624 625 626 627 628 629]] [42 [630 631 632 633 634 635 636 637 638 640 641 642 643 644]] [43 [645 646 647 648 649 650 651 652 653 654 655 656 657 658 659]] [44 [660 661 662 663 664 665 666 667 668 669 670 671 672 673]] [45 [675 676 677 678 679 680 681 682 683 684 685 686 687 689]] [46 [690 691 692 693 694 695 696 697 698 699 700 701 702 703 704]] [47 [705 706 707 708 709 710 711 712 713 714 716 717 718]] [48 [720 721 722 723 724 727 728 729 730 731 732 733 734]] [49 [735 736 737 738 739 740 741 742 743 744 745 746 747 748 749]] [50 [750 751 752 753 754 755 756 757 758 759 760 761 762 763 764]] [51 [765 766 767 768 770 771 772 773 774 775 777 778 779]] [52 [780 781 782 783 784 785 786 787 788 789 790 791 792 793 794]] [53 [795 796 797 798 799 800 801 802 803 804 805 806 807 808 809]] [54 [810 811 812 813 814 815 816 817 818 819 820 821 822 823 824]] [55 [825 826 827 830 831 832 833 834 835 836 837 838 839]] [56 [840 841 842 843 844 845 846 847 848 849 850 851 852 853 854]] [57 [855 856 857 858 859 860 861 862 863 864 865 866 868]] [58 [870 871 872 873 874 875 876 877 878 879 880 881 883 884]] [59 [885 886 887 889 890 892 893 894 895 896 897 898 899]] [60 [900 901 902 903 904 905 906 907 908 909 910 911 912 913 914]] [61 [915 916 917 919 920 921 923 924 925 926 927 928 929]] [62 [930 931 932 934 935 936 938 939 940 941 942 943 944]] [63 [945 946 947 948 949 950 953 956 957 958 959]] [64 [960 961 962 963 965 966 967 969 970 971 972]] [65 [975 976 977 978 979 980 982 985 987 988]] [66 [991 992 993 994 995 996 997 998 1000 1002 1003]] [67 [1005 1006 1007 1008 1009 1010 1011 1012 1013 1014 1015 1017 1018]] [68 [1021 1022 1024 1025 1026 1027 1028 1029 1032 1033 1034]] [69 [1035 1036 1037 1039 1040 1042 1043 1044 1045 1047 1048]] [70 [1050 1051 1052 1053 1054 1055 1056 1057 1058 1059 1060 1061 1063]] [71 [1065 1066 1067 1068 1069 1070 1071 1072 1073 1074 1075 1076 1077 1078 1079]] [72 [1080 1081 1082 1083 1084 1085 1086 1087 1088 1089 1090 1091 1092 1093 1094]] [73 [1095 1096 1097 1098 1099 1100 1101 1102 1103 1104 1105 1106 1107 1108 1109]] [74 [1110 1111 1112 1113 1114 1115 1116 1117 1123 1124]] [75 [1125 1126 1127 1128 1130 1131 1132 1133 1134 1135 1136 1137 1138 1139]] [76 [1140 1141 1142 1143 1144 1145 1146 1147 1148 1149 1150 1151 1152 1153]] [77 [1155 1156 1157 1158 1159 1161 1162 1163 1164 1165 1167 1168 1169]] [78 [1170 1171 1172 1173 1174 1175 1176 1177 1178 1179 1180 1181 1182 1183 1184]] [79 [1185 1186 1187 1188 1189 1190 1191 1192 1193 1194 1195 1196 1197 1198 1199]] [80 [1200 1201 1202 1203 1204 1205 1206 1207 1208 1209 1210 1211 1212 1213 1214]] [81 [1215 1216 1217 1218 1219 1220 1221 1222 1223 1224 1225 1226 1227 1228 1229]] [82 [1230 1231 1232 1233 1234 1235 1236 1237 1238 1239 1240 1241 1242 1243 1244]] [83 [1245 1246 1247 1248 1249 1250 1251 1252 1253 1254 1255 1256 1257 1258 1259]] [84 [1260 1261 1262 1263 1264 1265 1266 1267 1268 1269 1270 1271 1272 1274]] [85 [1275 1276 1277 1278 1279 1280 1281 1282 1283 1284 1285 1286 1287 1288 1289]] [86 [1290 1291 1292 1293 1294 1295 1296 1297 1298 1299 1300 1301 1302 1303 1304]] [87 [1305 1306 1307 1308 1309 1310 1311 1312 1313 1314 1315 1316 1317 1318 1319]] [88 [1320 1321 1322 1323 1324 1325 1326 1327 1328 1329 1330 1331 1332 1333 1334]] [89 [1336 1338 1339 1340 1341 1342 1343 1344 1345 1346 1347 1348 1349]] [90 [1350 1351 1352 1353 1354 1355 1356 1357 1358 1359 1361 1362 1363 1364]] [91 [1365 1366 1367 1368 1369 1370 1371 1372 1373 1374 1376 1377 1379]] [92 [1380 1381 1382 1383 1384 1385 1386 1387 1388 1389 1390 1391 1392 1393 1394]] [93 [1395 1396 1397 1398 1399 1400 1401 1402 1403 1404 1405 1406 1407 1408 1409]] [94 [1411 1412 1413 1414 1415 1416 1417 1418 1419 1420 1421 1422 1423 1424]] [95 [1425 1426 1427 1428 1429 1430 1431 1432 1433 1434 1435 1436 1437 1439]] [96 [1440 1441 1442 1443 1445 1446 1447 1448 1449 1450 1451 1452 1453 1454]] [97 [1455 1456 1457 1458 1459 1460 1461 1462 1463 1464 1465 1466 1467 1468 1469]] [98 [1471 1472 1473 1474 1475 1476 1477 1478 1479 1480 1481 1482 1484]] [99 [1485 1486 1487 1491 1492 1493 1495 1496 1497 1498 1499]]]","[[0 [0 3 4 6 7 8 10 11 12 13 14]] [1 [15 17 18 19 20 21 24 27 29]] [2 [30 32 33 34 35 36 37 39 44]] [3 [45 46 47 49 54 55 56 57 59]] [4 [61 62 63 64 65 66 67 68 69 70 73 74]] [5 [77 78 82 83 84 86 88 89]] [6 [91 94 95 96 98 99 101 102 103]] [7 [106 108 110 112 113 114 118]] [8 [120 121 123 125 129]] [9 [142 145 149]] [10 [153 155 157 158 161 163 164]] [11 [165 166 167 168 169 170 172 174 175 176 178 179]] [12 [180 183 185 186 187 189 190 192 193 194]] [13 [196 197 198 199 200 201 208]] [14 [212 215 219 220 223 224]] [15 [225 226 231 232 233 235 236 238 239]] [16 [240 243 244 245 246 248 249 250 251 253]] [17 [255 256 262 268]] [18 [270 272 274 277 279 281 282 283]] [19 [285 286 287 289 290 291 292 294 298 299]] [20 [300 302 303 304 305 307 308 310 311 312 313]] [21 [318 321 322 323 324 325 326 327 328]] [22 [330 334 336 339 340 341 342 343]] [23 [345 346 350 352 353 354]] [24 [363 365 366 367 368 371 373 374]] [25 [375 376 377 379 380 384 386 388]] [26 [390 391 392 394 395 396 398 399 400]] [27 [405 406 407 408 409 410 411 412 415 416]] [28 [421 425 427 428 431 433]] [29 [437 439 441 446]] [30 [450 451 452 454 455 456]] [31 [465 466 467 471 478]] [32 [486 490 492]] [33 [497 498 499 500 501 502 504 505 508 509]] [34 [511 512 513 515 516 517 519 520 523]] [35 [525 528 529 531 532 533 536 537 538]] [36 [540 541 542 543 544 545 548 551 552 553]] [37 [556 559 562 564 565 568 569]] [38 [570 571 574 575 578 580 582 583]] [39 [585 586 588 589 590 591 593 596 598 599]] [40 [602 604 605 606 608 610 613 614]] [41 [615 616 618 619 621 624 625 626 627 629]] [42 [631 632 633 634 635 637 640 641 642 644]] [43 [645 646 647 650 652 653 654 655 656]] [44 [660 662 663 664 667 669 670 672]] [45 [676 678 681 683 686 687 689]] [46 [691 695 698 699 700 701 703 704]] [47 [705 707 708 709 710 711 712 713 714 717 718]] [48 [720 721 722 724 727 730 732 733 734]] [49 [735 736 737 738 739 741 744]] [50 [751 752 753 754 755 757 760 761 762 763 764]] [51 [765 766 768 770 771 773 775 777 778]] [52 [780 781 782 783 784 785 788 792 793]] [53 [795 797 798 799 800 801 805 807 808]] [54 [810 812 814 816 818 819 820 822 824]] [55 [825 826 827 830 831 834 835 837 838 839]] [56 [840 841 843 847 850 851 852 853 854]] [57 [855 856 857 858 859 860 861 862 865 866]] [58 [871 872 873 875 877 878 880 881 884]] [59 [886 887 889 890 892 893 894 895 896 898 899]] [60 [906 908 909 911 912 913]] [61 [915 916 917 919 920 921 923 926 927 928]] [62 [931 934 935 936 939 940 941 942 943 944]] [63 [946 947 948 949 950 953 956 957 959]] [64 [962 963 965 966 967 969 970 971 972]] [65 [975 976 977 978 980 982 985 987 988]] [66 [991 992 993 994 995 996 997 998 1000 1002 1003]] [67 [1005 1007 1008 1009 1010 1011 1012 1013 1014 1015 1018]] [68 [1021 1022 1024 1025 1026 1027 1029 1033 1034]] [69 [1035 1036 1037 1039 1040 1042 1043 1045 1047]] [70 [1051 1053 1054 1055 1056 1057 1058 1060 1061 1063]] [71 [1065 1069 1072 1073 1074 1076 1077 1078]] [72 [1080 1081 1083 1086 1087 1093]] [73 [1097 1099 1100 1102]] [74 [1117 1123 1124]] [75 [1125 1128 1132 1133 1134 1135 1136 1137 1138]] [76 [1140 1142 1143 1144 1147 1148 1149 1150 1153]] [77 [1155 1156 1157 1158 1159 1161 1162 1169]] [78 [1171 1172 1177 1184]] [79 [1187 1188 1189 1190 1191 1193 1196 1197]] [80 [1200 1202 1204 1206 1207 1209 1212 1213 1214]] [81 [1215 1217 1218 1219 1221 1222 1223 1224 1227 1228]] [82 [1230 1232 1234 1235 1237 1240]] [83 [1245 1246 1247 1251 1252 1253 1254 1255 1258 1259]] [84 [1260 1261 1263 1264 1265 1268 1270 1272 1274]] [85 [1281 1283 1285 1286 1287 1288 1289]] [86 [1290 1291 1293 1294 1295 1299 1300 1301 1302]] [87 [1306 1307 1308 1311 1314 1315 1316 1317]] [88 [1320 1324 1325 1326 1328 1330 1332]] [89 [1336 1339 1340 1341 1342 1344 1345 1346 1347 1348 1349]] [90 [1350 1352 1353 1355 1358 1359 1361 1364]] [91 [1365 1366 1367 1369 1370 1371]] [92 [1381 1382 1383]] [93 [1395 1396 1399]] [94 [1415 1418 1419 1420 1421 1422 1423 1424]] [95 [1426 1428 1430 1431 1432 1434 1435 1436 1437 1439]] [96 [1441 1442 1445 1446 1447 1448 1449 1450 1451 1453]] [97 [1455 1456 1457 1460 1461 1462 1464 1465 1466 1467 1468]] [98 [1471 1474 1475 1476 1477 1478 1480 1481 1482 1484]] [99 [1485 1486 1487 1491 1492 1493 1495 1496 1497 1498 1499]]]",,"[[{media 50} [[""A"" [4]]]] [{media 51} [[""A"" [1]]]] [{media 52} [[""A"" [2]]]] [{media 54} [[""A"" [5]]]] [{media 55} [[""A"" [1]]]] [{media 56} [[""A"" [1]]]] [{media 57} [[""A"" [6]]]] [{media 58} [[""A"" [2]]]] [{media 59} [[""A"" [4]]]] [{media 60} [[""A"" [0]]]] [{media 62} [[""A"" [3]]]] [{media 63} [[""A"" [0]]]] [{media 64} [[""A"" [2]]]] [{citizen 8} [[""A"" [1]]]] [{citizen 22} [[""A"" [1]]]] [{citizen 28} [[""A"" [1]]]] [{citizen 36} [[""A"" [1]]]] [{citizen 6} [[""A"" [1]]]] [{citizen 21} [[""A"" [1]]]] [{citizen 2} [[""A"" [1]]]] [{citizen 7} [[""A"" [1]]]] [{citizen 11} [[""A"" [1]]]] [{citizen 18} [[""A"" [1]]]] [{media 53} [[""A"" [1]]]] [{citizen 1} [[""A"" [1]]]] [{media 61} [[""A"" [1]]]] [{citizen 31} [[""A"" [1]]]] [{citizen 26} [[""A"" [3]]]] [{citizen 49} [[""A"" [1]]]] [{citizen 13} [[""A"" [1]]]] [{citizen 42} [[""A"" [1]]]] [{citizen 30} [[""A"" [1]]]] [{citizen 5} [[""A"" [1]]]] [{citizen 15} [[""A"" [1]]]] [{citizen 14} [[""A"" [1]]]] [{citizen 20} [[""A"" [1]]]] [{citizen 0} [[""A"" [1]]]] [{citizen 9} [[""A"" [1]]]] [{citizen 12} [[""A"" [2]]]] [{citizen 44} [[""A"" [1]]]] [{citizen 16} [[""A"" [1]]]] [{citizen 45} [[""A"" [1]]]] [{citizen 39} [[""A"" [1]]]] [{citizen 19} [[""A"" [1]]]] [{citizen 23} [[""A"" [1]]]] [{citizen 47} [[""A"" [1]]]] [{citizen 38} [[""A"" [1]]]] [{citizen 17} [[""A"" [1]]]] [{citizen 40} [[""A"" [1]]]] [{citizen 48} [[""A"" [1]]]] [{citizen 43} [[""A"" [1]]]] [{citizen 10} [[""A"" [2]]]] [{citizen 27} [[""A"" [1]]]] [{citizen 34} [[""A"" [1]]]] [{citizen 25} [[""A"" [1]]]] [{citizen 33} [[""A"" [1]]]] [{citizen 32} [[""A"" [1]]]] [{citizen 4} [[""A"" [1]]]] [{citizen 41} [[""A"" [1]]]] [{citizen 3} [[""A"" [1]]]] [{citizen 35} [[""A"" [2]]]] [{citizen 29} [[""A"" [1]]]] [{citizen 46} [[""A"" [1]]]] [{citizen 24} [[""A"" [1]]]]]"
"38","[213 0 42]","340.8510638297873","-1.6847965926446589","5.137777059176572","""circle""","""""","9.9","{breed citizens}","false","0.5","1","""up""",,"[[""ID"" 44] [""alpha"" 1] [""beta"" 1] [""malleable"" [""A""]] [""prior"" []] [""cont_tokens"" []] [""A"" 1]]","[[0 [0 1 2 3 4 6 7 8 9 10 11 12 13 14]] [1 [15 17 18 19 20 21 22 23 24 27 29]] [2 [30 31 32 33 34 35 36 37 39 40 41 42 43 44]] [3 [45 46 47 48 49 50 51 52 53 54 55 56 57 58 59]] [4 [60 61 62 63 64 65 66 67 68 69 70 71 73 74]] [5 [75 76 77 78 79 80 81 82 83 84 85 86 87 88 89]] [6 [91 93 94 95 96 97 98 99 101 102 103]] [7 [105 106 108 110 111 112 113 114 115 117 118]] [8 [120 121 122 123 125 126 127 128 129 130 131 132 133 134]] [9 [135 136 137 138 139 140 141 142 143 144 145 146 147 148 149]] [10 [150 151 152 153 154 155 156 157 158 159 160 161 162 163 164]] [11 [165 166 167 168 169 170 171 172 173 174 175 176 178 179]] [12 [180 181 183 184 185 186 187 188 189 190 191 192 193 194]] [13 [195 196 197 198 199 200 201 202 203 204 205 207 208 209]] [14 [210 211 212 213 214 215 216 217 218 219 220 221 222 223 224]] [15 [225 226 227 228 229 230 231 232 233 234 235 236 237 238 239]] [16 [240 243 244 245 246 247 248 249 250 251 252 253 254]] [17 [255 256 257 258 259 260 261 262 263 264 265 266 267 268 269]] [18 [270 271 272 273 274 275 276 277 278 279 280 281 282 283 284]] [19 [293 295 296 297 299]] [20 [300 301 302 303 304 305 306 307 308 309 310 311 312 313 314]] [21 [315 316 317 318 319 320 321 322 323 324 325 326 327 328 329]] [22 [330 331 332 333 334 335 336 337 338 339 340 341 342 343 344]] [23 [345 346 350 351 352 353 354 355 356 357 358 359]] [24 [360 361 362 363 364 365 366 367 368 369 370 371 372 373 374]] [25 [375 376 377 378 379 380 381 382 383 384 385 386 388 389]] [26 [390 391 392 394 395 396 398 399 400 401 402 403 404]] [27 [405 406 407 408 409 410 411 412 413 414 415 416 417 418 419]] [28 [420 421 422 423 424 425 426 427 428 429 430 431 432 433 434]] [29 [435 436 437 438 439 440 441 442 443 444 445 446 447 448 449]] [30 [450 451 452 453 454 455 456 457 458 459 460 461 462 463]] [31 [465 466 467 468 469 470 471 472 473 474 475 476 477 478 479]] [32 [480 481 482 483 484 485 486 487 488 489 490 491 492 493 494]] [33 [495 496 499 500 501 502 503 504 505 506 507 508 509]] [34 [510 511 512 513 514 515 516 517 518 519 520 521 522 523 524]] [35 [525 527 528 529 531 532 533 536 537 538 539]] [36 [540 541 542 543 544 545 546 548 549 550 551 552 553 554]] [37 [555 556 557 558 559 560 561 562 563 564 565 566 567 568 569]] [38 [570 571 572 573 574 575 576 577 578 579 580 581 582 583 584]] [39 [585 586 587 588 589 590 591 592 593 594 595 596 597 598 599]] [40 [600 602 603 604 605 606 607 608 610 611 612 613 614]] [41 [615 616 617 618 619 620 621 622 623 624 625 626 627 628 629]] [42 [630 631 632 633 634 635 636 637 638 640 641 642 643 644]] [43 [645 646 647 649 650 651 652 653 654 655 656 657 658 659]] [44 [660 661 662 663 664 665 666 667 668 669 670 671 672 673]] [45 [675 676 678 679 681 683 684 685 686 687 689]] [46 [691 693 694 695 696 697 698 699 700 701 702 703 704]] [47 [705 706 707 708 709 710 711 712 713 714 716 717 718]] [48 [720 721 722 723 724 727 728 729 730 731 732 733 734]] [49 [735 736 737 738 739 740 741 742 743 744 745 746 747 748 749]] [50 [750 751 752 753 754 755 756 757 758 759 760 761 762 763 764]] [51 [765 766 767 768 770 771 772 773 774 775 777 778 779]] [52 [780 781 782 783 784 785 786 787 788 789 790 791 792 793 794]] [53 [795 796 797 798 799 800 801 802 803 804 805 806 807 808 809]] [54 [810 811 812 813 814 815 816 817 818 819 820 821 822 823 824]] [55 [825 826 827 828 829 830 831 832 833 834 835 836 837 838 839]] [56 [840 841 842 843 844 845 846 847 848 849 850 851 852 853 854]] [57 [855 856 857 858 859 860 861 862 863 864 865 866 868]] [58 [870 871 872 873 874 875 876 877 878 879 880 881 883 884]] [59 [885 886 887 889 890 892 893 894 895 896 897 898 899]] [60 [900 901 902 903 904 905 906 907 908 909 910 911 912 913 914]] [61 [915 916 917 919 920 921 922 923 924 925 926 927 928 929]] [62 [930 931 932 934 935 936 938 939 940 941 942 943 944]] [63 [945 946 947 948 949 950 953 956 957 958 959]] [64 [960 961 962 963 965 966 967 969 970 971 972]] [65 [975 976 977 978 979 980 982 985 987 988]] [66 [991 992 993 994 995 996 997 998 1000 1002 1003]] [67 [1005 1006 1007 1008 1009 1010 1011 1012 1013 1014 1015 1017 1018]] [68 [1021 1022 1024 1025 1026 1027 1028 1029 1032 1033 1034]] [69 [1035 1036 1037 1039 1040 1042 1043 1044 1045 1047 1048]] [70 [1050 1051 1052 1053 1054 1055 1056 1057 1058 1059 1060 1061 1063]] [71 [1065 1066 1067 1068 1069 1070 1071 1072 1073 1074 1075 1076 1077 1078 1079]] [72 [1080 1081 1082 1083 1084 1085 1086 1087 1088 1089 1090 1091 1092 1093 1094]] [73 [1095 1096 1097 1098 1099 1100 1101 1102 1103 1104 1105 1106 1107 1108 1109]] [74 [1110 1111 1112 1113 1114 1115 1116 1117 1118 1119 1120 1121 1122 1123 1124]] [75 [1125 1126 1127 1128 1129 1130 1131 1132 1133 1134 1135 1136 1137 1138 1139]] [76 [1140 1141 1142 1143 1144 1145 1146 1147 1148 1149 1150 1151 1152 1153 1154]] [77 [1155 1156 1157 1158 1159 1161 1162 1163 1164 1165 1167 1168 1169]] [78 [1170 1171 1172 1173 1174 1175 1176 1177 1178 1179 1180 1181 1182 1183]] [79 [1185 1186 1187 1188 1189 1190 1191 1193 1195 1196 1197 1199]] [80 [1200 1201 1202 1203 1204 1205 1206 1207 1208 1209 1210 1211 1212 1213 1214]] [81 [1215 1216 1217 1218 1219 1220 1221 1222 1223 1224 1225 1226 1227 1228 1229]] [82 [1230 1231 1232 1233 1234 1235 1236 1237 1238 1239 1240 1241 1242 1243 1244]] [83 [1245 1246 1247 1248 1249 1250 1251 1252 1253 1254 1255 1256 1257 1258 1259]] [84 [1260 1261 1262 1263 1264 1265 1266 1267 1268 1269 1270 1271 1272 1273 1274]] [85 [1275 1276 1277 1278 1279 1280 1281 1282 1283 1284 1285 1286 1287 1288 1289]] [86 [1292 1293 1294 1295 1296 1297 1298 1299 1300 1301 1302 1303 1304]] [87 [1305 1306 1307 1308 1309 1310 1311 1312 1313 1314 1315 1316 1317 1318 1319]] [88 [1320 1321 1322 1323 1324 1325 1326 1327 1328 1329 1330 1331 1332 1333 1334]] [89 [1336 1337 1338 1339 1340 1341 1342 1343 1344 1345 1346 1347 1348 1349]] [90 [1350 1351 1352 1353 1354 1355 1356 1357 1358 1359 1361 1362 1363 1364]] [91 [1365 1366 1367 1368 1369 1370 1371 1372 1373 1374 1376 1377 1379]] [92 [1380 1381 1382 1383 1384 1385 1386 1387 1388 1389 1390 1391 1392 1393 1394]] [93 [1395 1396 1397 1398 1399 1400 1401 1402 1403 1404 1406 1407 1408 1409]] [94 [1410 1411 1412 1413 1414 1415 1416 1417 1418 1419 1420 1421 1422 1423 1424]] [95 [1425 1426 1427 1428 1429 1430 1431 1432 1433 1434 1435 1436 1437 1439]] [96 [1440 1441 1442 1443 1445 1446 1447 1448 1449 1450 1451 1452 1453 1454]] [97 [1455 1456 1457 1458 1459 1460 1461 1462 1463 1464 1465 1466 1467 1468 1469]] [98 [1471 1472 1473 1474 1475 1476 1477 1478 1479 1480 1481 1482 1484]] [99 [1485 1486 1487 1491 1492 1493 1495 1496 1497 1498 1499]]]","[[0 [0 3 4 6 7 8 10 14]] [1 [15 17 18 19 20 21 23 24 27 29]] [2 [30 32 34 35 36 37 42 44]] [3 [45 46 47 49 52 54 55 56 57 59]] [4 [61 64 65 66 67 71]] [5 [75 76 79 81 84 85 86 89]] [6 [91 95 96 97 98 99 101 102 103]] [7 [105 106 108 110 111 112 113 114]] [8 [120 121 126 127 128 131 132 133 134]] [9 [135 136 137 138 139 144 146 148]] [10 [150 151 152 154 155 158 161 163 164]] [11 [165 166 167 168 169 170 172 174 175 178]] [12 [181 183 184 185 186 189 190 191]] [13 [195 201 205 207 209]] [14 [210 211 213 214 217 219 220]] [15 [227 228 229 230 231 232 233 235 236 238 239]] [16 [240 243 244 245 246 249 250 251 253]] [17 [255 256 262 265 268 269]] [18 [270 272 274 280 284]] [19 [293 295 296 299]] [20 [302 304 305 307 308 309 314]] [21 [315 318 321 322 323 324 325 326 327 328 329]] [22 [331 332 335 337 338 339 340 341 342 343]] [23 [345 346 350 352 353 354 359]] [24 [360 361 363 365 366 367 368 369 370 371 374]] [25 [375 376 377 379 380 384 386 388 389]] [26 [390 391 392 394 395 396 398 399 400]] [27 [405 406 407 408 409 410 411 412 415 416 418]] [28 [420 421 424 425 426 427 428 429 430 431 433]] [29 [437 439 441 446]] [30 [450 453 455 459 461 462]] [31 [468 469 470 473 474 475 476 479]] [32 [480 481 482 483 484 485 487 488 491 493 494]] [33 [495 496 499 500 501 502 503 507]] [34 [510 511 512 513 514 515 517 518 519 520 523]] [35 [525 527 528 529 531 532 533 536 537 539]] [36 [540 541 543 544 545 548 551 552 553 554]] [37 [555 558 559 562 563 564 565 567 569]] [38 [570 571 574 575 577 578 580 582 583 584]] [39 [586 588 589 590 591 592 593 596 598 599]] [40 [600 602 604 605 606 608 610 613]] [41 [617 619 621 624 625 626 627 629]] [42 [632 633 634 635 638 640 641 642 644]] [43 [645 646 647 650 652 653 654 655 656 657 659]] [44 [660 662 663 664 666 667 669 670 672]] [45 [675 678 679 681 683 685 686 687 689]] [46 [691 694 695 696 697 702 703 704]] [47 [705 707 708 709 710 711 712 713 714 717 718]] [48 [720 721 722 724 727 730 732 733 734]] [49 [735 736 738 739 741 745 746 747 748 749]] [50 [753 754 755 756 757 760 761 762 764]] [51 [765 766 768 770 771 772 773 774 775 777 778]] [52 [780 781 782 783 784 786 787 790 792 793 794]] [53 [796 797 798 799 800 803 804]] [54 [812 814 820 822 824]] [55 [825 826 827 832 833 834 835 836 838 839]] [56 [840 841 843 847 850 851 852 853 854]] [57 [856 857 858 859 860 861 862 864 865 866]] [58 [871 872 873 875 876 878 879 880 881 884]] [59 [886 887 889 890 892 893 894 895 896 897 899]] [60 [906 908 909 911 912 913 914]] [61 [916 917 919 920 921 923 926 927 928 929]] [62 [930 932 938 939 940 941 942 943 944]] [63 [946 947 948 949 950 953 956 957 958 959]] [64 [960 962 963 965 966 967 969 970 971 972]] [65 [975 976 977 978 979 982 985 987 988]] [66 [991 992 993 994 995 996 997 998 1000 1002 1003]] [67 [1005 1007 1008 1009 1010 1012 1013 1014 1015 1018]] [68 [1021 1022 1024 1025 1027 1029 1033 1034]] [69 [1035 1036 1037 1039 1040 1042 1043 1044 1045 1047]] [70 [1050 1051 1053 1054 1055 1056 1057 1059]] [71 [1065 1070 1071 1075 1078]] [72 [1080 1081 1083 1086 1088 1089 1090 1091 1092 1094]] [73 [1095 1096 1098 1101 1104 1105 1106 1107 1108 1109]] [74 [1110 1112 1113 1114 1115 1116 1117 1123]] [75 [1125 1128 1131 1139]] [76 [1141 1142 1143 1144 1147 1148 1149 1150 1153]] [77 [1155 1156 1157 1158 1159 1163 1164 1167 1168]] [78 [1173 1174 1176 1178 1179 1180 1181 1183]] [79 [1185 1186 1187 1191 1193 1196 1197]] [80 [1200 1202 1204 1205 1206 1207 1209 1210 1211]] [81 [1216 1220 1224 1226 1227 1228]] [82 [1230 1232 1234 1235 1236 1238 1239 1242 1243 1244]] [83 [1246 1249 1250 1257]] [84 [1262 1265 1268 1270 1271]] [85 [1275 1276 1277 1278 1279 1282]] [86 [1298 1303 1304]] [87 [1309 1310 1312 1313 1314 1315 1316 1318 1319]] [88 [1321 1324 1325 1326 1328 1330 1332 1333 1334]] [89 [1339 1340 1341 1342 1344 1345 1346 1347 1348 1349]] [90 [1351 1353 1355 1357 1358 1359 1362]] [91 [1366 1367 1369 1370 1371]] [92 [1381 1382 1383]] [93 [1395 1396 1399 1408]] [94 [1411 1415 1418 1419 1420 1421 1422 1423 1424]] [95 [1426 1428 1430 1431 1432 1434 1435 1436 1437 1439]] [96 [1440 1442 1445 1446 1447 1448 1450 1453]] [97 [1455 1456 1457 1460 1461 1466 1467 1468 1469]] [98 [1471 1475 1476 1477 1478 1480 1481 1482 1484]] [99 [1485 1486 1487 1491 1492 1493 1496 1497 1498 1499]]]",,"[[{media 50} [[""A"" [4]]]] [{media 52} [[""A"" [2]]]] [{media 54} [[""A"" [5]]]] [{media 55} [[""A"" [1]]]] [{media 56} [[""A"" [1]]]] [{media 57} [[""A"" [6]]]] [{media 58} [[""A"" [2]]]] [{media 60} [[""A"" [0]]]] [{media 62} [[""A"" [3]]]] [{media 63} [[""A"" [0]]]] [{media 64} [[""A"" [2]]]] [{citizen 8} [[""A"" [1]]]] [{citizen 4} [[""A"" [1]]]] [{citizen 6} [[""A"" [1]]]] [{citizen 7} [[""A"" [1]]]] [{media 51} [[""A"" [1]]]] [{citizen 10} [[""A"" [1]]]] [{media 53} [[""A"" [1]]]] [{citizen 5} [[""A"" [1]]]] [{media 61} [[""A"" [1]]]] [{citizen 1} [[""A"" [1]]]] [{citizen 31} [[""A"" [1]]]] [{citizen 26} [[""A"" [3]]]] [{citizen 49} [[""A"" [1]]]] [{citizen 13} [[""A"" [1]]]] [{citizen 42} [[""A"" [1]]]] [{citizen 30} [[""A"" [1]]]] [{citizen 15} [[""A"" [1]]]] [{citizen 14} [[""A"" [1]]]] [{citizen 11} [[""A"" [1]]]] [{citizen 20} [[""A"" [1]]]] [{citizen 28} [[""A"" [1]]]] [{citizen 0} [[""A"" [1]]]] [{citizen 9} [[""A"" [1]]]] [{citizen 12} [[""A"" [2]]]] [{citizen 2} [[""A"" [1]]]] [{citizen 18} [[""A"" [1]]]] [{citizen 22} [[""A"" [1]]]] [{citizen 21} [[""A"" [1]]]] [{citizen 44} [[""A"" [1]]]] [{citizen 16} [[""A"" [1]]]] [{citizen 45} [[""A"" [1]]]] [{citizen 39} [[""A"" [0]]]] [{citizen 23} [[""A"" [1]]]] [{citizen 47} [[""A"" [1]]]] [{citizen 36} [[""A"" [1]]]] [{citizen 19} [[""A"" [1]]]] [{citizen 34} [[""A"" [1]]]] [{citizen 17} [[""A"" [1]]]] [{citizen 43} [[""A"" [1]]]] [{citizen 48} [[""A"" [1]]]] [{citizen 25} [[""A"" [0]]]] [{citizen 33} [[""A"" [0]]]] [{citizen 37} [[""A"" [0]]]] [{citizen 40} [[""A"" [1]]]] [{citizen 27} [[""A"" [1]]]] [{citizen 32} [[""A"" [1]]]] [{citizen 41} [[""A"" [1]]]] [{citizen 29} [[""A"" [1]]]] [{citizen 3} [[""A"" [1]]]] [{citizen 35} [[""A"" [2]]]] [{media 59} [[""A"" [4]]]] [{citizen 46} [[""A"" [1]]]] [{citizen 24} [[""A"" [1]]]]]"
"39","[213 0 42]","224.04255319148933","-6.6589261564362365","-6.61103990587521","""circle""","""""","9.9","{breed citizens}","false","0.5","1","""up""",,"[[""ID"" 35] [""alpha"" 1] [""beta"" 1] [""malleable"" [""A""]] [""prior"" []] [""cont_tokens"" []] [""A"" 1]]","[[0 [0 1 2 3 4 5 6 7 8 9 10 11 12 13 14]] [1 [15 17 18 19 20 21 22 23 24 27 29]] [2 [30 31 32 33 34 35 36 37 39 40 41 42 43 44]] [3 [45 46 47 48 49 50 51 52 53 54 55 56 57 58 59]] [4 [60 61 62 63 64 65 66 67 68 69 70 71 73 74]] [5 [75 76 77 78 79 80 81 82 83 84 85 86 87 88 89]] [6 [91 93 94 95 96 97 98 99 101 102 103]] [7 [105 106 108 110 111 112 113 114 115 117 118]] [8 [120 121 122 123 124 125 126 127 128 129 130 131 132 133 134]] [9 [135 136 137 138 139 141 142 143 144 145 146 147 148 149]] [10 [150 151 152 153 154 155 157 158 159 160 161 162 163 164]] [11 [165 166 167 168 169 170 171 172 173 174 175 176 178 179]] [12 [180 181 183 184 185 186 187 189 190 191 192 193 194]] [13 [195 196 197 198 199 200 201 202 203 204 205 206 207 208 209]] [14 [210 211 212 213 214 215 216 217 218 219 220 221 222 223 224]] [15 [225 226 227 228 229 230 231 232 233 235 236 238 239]] [16 [240 243 244 245 246 247 248 249 250 251 252 253 254]] [17 [255 256 257 258 259 260 261 262 263 264 265 266 267 268 269]] [18 [270 271 272 273 274 275 276 277 278 279 280 281 282 283 284]] [19 [285 286 287 288 289 290 291 292 293 294 295 298 299]] [20 [300 302 303 304 305 307 308 309 310 311 312 313 314]] [21 [315 317 318 319 320 321 322 323 324 325 326 327 328 329]] [22 [330 331 332 333 334 335 336 337 338 339 340 341 342 343 344]] [23 [345 346 347 349 350 351 352 353 354 355 356 357 358 359]] [24 [360 361 362 363 364 365 366 367 368 369 370 371 372 373 374]] [25 [375 376 377 378 379 380 381 382 383 384 385 386 388 389]] [26 [390 391 392 394 395 396 398 399 400 401 402 403 404]] [27 [405 406 407 408 409 410 411 412 413 414 415 416 417 418 419]] [28 [420 421 422 423 424 425 426 427 428 429 430 431 432 433 434]] [29 [435 436 437 438 439 440 441 442 443 444 445 446 447 448 449]] [30 [450 451 452 453 454 455 456 457 458 459 460 461 462 463]] [31 [465 466 467 468 469 470 471 472 473 474 475 476 477 478 479]] [32 [480 481 482 483 484 485 486 487 488 489 490 491 492 493 494]] [33 [495 496 497 498 499 500 501 502 503 504 505 506 507 508 509]] [34 [510 511 512 513 514 515 516 517 518 519 520 521 522 523 524]] [35 [525 527 528 529 531 532 533 536 537 538 539]] [36 [540 541 542 543 544 545 546 548 549 550 551 552 553 554]] [37 [555 556 557 558 559 560 561 562 563 564 565 566 567 568 569]] [38 [570 571 572 573 574 575 576 577 578 579 580 581 582 583 584]] [39 [585 586 587 588 589 590 591 592 593 594 595 596 597 598 599]] [40 [600 602 603 604 605 606 607 608 610 611 612 613 614]] [41 [615 616 617 618 619 620 621 622 623 624 625 626 627 628 629]] [42 [630 631 632 633 634 635 636 637 638 639 640 641 642 643 644]] [43 [645 646 647 648 649 650 651 652 653 654 655 656 657 658 659]] [44 [660 661 662 663 664 665 666 667 668 669 670 671 672 673]] [45 [675 676 677 678 679 680 681 682 683 684 685 686 687 689]] [46 [690 691 692 693 694 695 696 697 698 699 700 701 702 703 704]] [47 [705 706 707 708 709 710 711 712 713 714 716 717 718]] [48 [720 721 722 723 724 727 728 729 730 731 732 733 734]] [49 [735 736 737 738 739 740 741 742 743 744 745 746 747 748 749]] [50 [750 751 752 753 754 755 756 757 758 759 760 761 762 763 764]] [51 [765 766 767 768 769 770 771 772 773 774 775 776 777 778 779]] [52 [780 781 782 783 784 785 786 787 788 789 790 791 792 793 794]] [53 [795 796 797 798 799 800 801 802 803 804 805 806 807 808 809]] [54 [810 811 812 813 814 815 816 817 818 819 820 821 822 823 824]] [55 [825 826 827 828 829 830 831 832 833 834 835 836 837 838 839]] [56 [840 841 842 843 844 845 846 847 848 849 850 851 852 853 854]] [57 [855 856 857 858 859 860 861 862 863 864 865 866 868]] [58 [870 871 872 873 874 875 876 877 878 879 880 881 882 883 884]] [59 [885 886 887 888 889 890 891 892 894 895 896 897 898 899]] [60 [900 901 902 903 904 905 906 907 908 909 910 911 912 913 914]] [61 [915 916 917 919 920 921 922 923 924 925 926 927 928 929]] [62 [930 931 932 934 935 936 938 939 940 941 942 943 944]] [63 [945 946 947 948 949 950 953 956 957 958 959]] [64 [960 961 962 963 965 966 967 969 970 971 972]] [65 [975 976 977 978 979 980 982 985 987 988]] [66 [991 992 993 994 995 996 997 998 1000 1002 1003]] [67 [1005 1006 1007 1008 1009 1010 1011 1012 1013 1014 1015 1017 1018]] [68 [1021 1022 1024 1025 1026 1027 1028 1029 1032 1033 1034]] [69 [1035 1036 1037 1039 1040 1042 1043 1044 1045 1047 1048]] [70 [1050 1051 1052 1053 1054 1055 1056 1057 1058 1059 1060 1061 1063]] [71 [1065 1066 1067 1068 1069 1070 1071 1072 1073 1074 1075 1076 1077 1078 1079]] [72 [1080 1081 1082 1083 1084 1085 1086 1087 1088 1089 1090 1091 1092 1093 1094]] [73 [1095 1096 1097 1098 1099 1100 1101 1102 1103 1104 1105 1106 1107 1108 1109]] [74 [1110 1111 1112 1113 1114 1115 1116 1117 1118 1119 1120 1121 1122 1123 1124]] [75 [1125 1126 1127 1128 1130 1131 1132 1133 1134 1135 1136 1137 1138 1139]] [76 [1140 1141 1142 1143 1144 1145 1146 1147 1148 1149 1150 1151 1152 1153]] [77 [1155 1156 1157 1158 1159 1160 1161 1162 1163 1164 1165 1167 1168 1169]] [78 [1170 1171 1172 1173 1174 1175 1176 1177 1178 1179 1180 1181 1182 1183]] [79 [1185 1186 1187 1188 1189 1190 1191 1193 1194 1195 1196 1197 1198 1199]] [80 [1200 1201 1202 1203 1204 1205 1206 1207 1208 1209 1210 1211 1212 1213 1214]] [81 [1215 1216 1217 1218 1219 1220 1221 1222 1223 1224 1225 1226 1227 1228 1229]] [82 [1231 1233 1234 1235 1236 1237 1238 1239 1240 1241 1242 1243 1244]] [83 [1245 1246 1247 1248 1249 1250 1251 1252 1253 1254 1255 1256 1257 1258 1259]] [84 [1260 1261 1262 1263 1264 1265 1266 1267 1268 1269 1270 1271 1272 1274]] [85 [1275 1276 1277 1278 1279 1280 1281 1282 1283 1284 1285 1286 1287 1288 1289]] [86 [1292 1293 1294 1295 1296 1297 1298 1299 1300 1301 1302 1303 1304]] [87 [1305 1306 1307 1308 1309 1310 1311 1312 1313 1314 1315 1316 1317 1318 1319]] [88 [1320 1321 1322 1323 1324 1325 1326 1327 1328 1329 1330 1331 1332 1333 1334]] [89 [1336 1337 1338 1339 1340 1341 1342 1343 1344 1345 1346 1347 1348 1349]] [90 [1350 1351 1352 1353 1354 1355 1356 1357 1358 1359 1361 1362 1363 1364]] [91 [1365 1366 1367 1368 1369 1370 1371 1372 1373 1374 1376 1377 1379]] [92 [1380 1381 1382 1383 1384 1385 1386 1387 1388 1389 1390 1391 1392 1393 1394]] [93 [1395 1396 1397 1398 1399 1400 1401 1402 1403 1404 1405 1406 1407 1408 1409]] [94 [1410 1411 1412 1413 1414 1415 1416 1417 1418 1419 1420 1421 1422 1423 1424]] [95 [1425 1426 1427 1428 1429 1430 1431 1432 1433 1434 1435 1436 1437 1438 1439]] [96 [1440 1441 1442 1443 1445 1446 1447 1448 1449 1450 1451 1452 1453 1454]] [97 [1455 1456 1457 1458 1459 1460 1461 1462 1463 1464 1465 1466 1467 1468 1469]] [98 [1471 1472 1473 1474 1475 1476 1477 1478 1479 1480 1481 1482 1484]] [99 [1485 1486 1487 1491 1492 1493 1495 1496 1497 1498 1499]]]","[[0 [1 2 5 9 10 11 12 13 14]] [1 [15 17 18 19 20 21 23 24 27 29]] [2 [30 32 33 34 35 36 37 39 44]] [3 [45 46 47 49 53 54 55 56 57 59]] [4 [61 62 63 64 65 66 67 68 69 70 73 74]] [5 [77 82 83 84 85 86 88 89]] [6 [91 94 95 96 97 98 99 101 102 103]] [7 [105 106 108 110 111 112 113 114]] [8 [120 121 123 125 129]] [9 [142 145]] [10 [159 160 162 164]] [11 [165 166 167 168 169 170 172 174 175 178 179]] [12 [180 183 184 185 186 187 189 190 192 193 194]] [13 [196 197 198 199 202 203 204 205 208]] [14 [211 213 214 217 219 220 223 224]] [15 [225 226 230 231 232 233 235 236 238 239]] [16 [240 243 244 245 246 249 250 253]] [17 [255 257 258 259 260 261 263 264 265 266 267]] [18 [271 273 275 276 277 279 281 282 283]] [19 [285 286 287 289 290 291 292 294 298 299]] [20 [300 302 304 305 307 308 310 311 312 313]] [21 [315 321 322 323 324 325 326 327 328 329]] [22 [330 334 336 339 340 341 342 343]] [23 [345 346 350 352 353 354 355 357 358 359]] [24 [360 361 363 365 366 367 368 371 374]] [25 [375 376 377 379 380 383 385 386 388 389]] [26 [390 391 392 394 395 396 398 399 400]] [27 [405 406 407 408 409 410 413 414 417 419]] [28 [420 422 423 424 425 427 428 432 434]] [29 [435 436 439 441 446]] [30 [450 452 454 455 456]] [31 [465 466 467 468 469 470 472 473 474 475 476 477 479]] [32 [480 481 482 483 484 487 488 491 493 494]] [33 [495 496 499 500 501 502 503 506 507]] [34 [510 511 512 513 514 515 517 518 519 520 523]] [35 [525 527 528 529 531 532 533 536 537 539]] [36 [540 541 542 543 544 545 548 551 552 553 554]] [37 [555 558 559 562 564 565 567 568 569]] [38 [570 571 574 575 578 580 581 582 583 584]] [39 [586 588 589 590 591 592 593 596 598 599]] [40 [602 604 605 606 608 610 613]] [41 [617 622 623 628]] [42 [630 631 632 633 634 635 638 640 641 642 644]] [43 [645 646 647 650 652 653 654 655 656 659]] [44 [660 662 663 664 665 668 670 672]] [45 [675 676 678 679 681 683 685 686 687 689]] [46 [691 695 696 697 704]] [47 [705 707 709 710 711 712 713 714 717 718]] [48 [720 721 722 724 727 729 730 732 733 734]] [49 [735 736 738 739 741 743 744]] [50 [750 751 752 758 759]] [51 [767 771 773 775 777]] [52 [780 781 782 783 784 786 787 790 792 793 794]] [53 [796 797 798 799 800 801 805 807 808]] [54 [810 811 813 815 817 818 819 820 822]] [55 [827 832 833 834 835 837 838 839]] [56 [840 841 843 846 847 850 851 852 853 854]] [57 [856 857 858 859 861 862 865 868]] [58 [870 874 883]] [59 [888 891]] [60 [903 906 908 909 911 912 913 914]] [61 [917 919 920 921 923 926 927 928 929]] [62 [930 931 934 936 939 940 941 942 943 944]] [63 [946 947 948 949 950 953 956 957 958 959]] [64 [960 962 963 965 966 967 969 970 971 972]] [65 [975 976 977 978 980 982 985 987 988]] [66 [991 992 993 994 997 998 1000 1002 1003]] [67 [1005 1007 1008 1009 1010 1011 1012 1013 1014 1015 1018]] [68 [1021 1022 1024 1025 1027 1028 1029 1033 1034]] [69 [1035 1036 1037 1039 1042 1043 1045 1047]] [70 [1050 1051 1053 1054 1055 1056 1057 1058 1060 1061 1063]] [71 [1065 1067 1068 1069 1072 1073 1074 1076 1077 1079]] [72 [1081 1085 1086 1088 1089 1090 1091 1092 1094]] [73 [1095 1096 1098 1101 1104 1105 1106 1107 1108 1109]] [74 [1110 1112 1113 1114 1115 1118 1119 1120 1121 1122]] [75 [1126 1127 1130 1132 1133 1134 1135 1136 1137 1138]] [76 [1140 1141 1142 1143 1144 1147 1148 1149 1150 1152]] [77 [1155 1156 1157 1158 1159 1163 1164 1165 1167 1168]] [78 [1173 1174 1178 1179 1180 1181 1182 1183]] [79 [1185 1188 1189 1190 1191 1193 1195 1196 1197 1199]] [80 [1201 1203 1208]] [81 [1225 1229]] [82 [1233 1235 1238 1239 1242 1244]] [83 [1246 1247 1251 1252 1253 1254 1255 1256 1258 1259]] [84 [1260 1261 1263 1264 1265 1267 1268 1270 1271]] [85 [1275 1276 1277 1278 1279 1282]] [86 [1296 1297 1299 1300 1301 1302]] [87 [1305 1306 1307 1308 1311 1314 1315 1316 1318 1319]] [88 [1321 1324 1325 1326 1328 1330 1332 1334]] [89 [1339 1341 1342 1344 1345 1346 1347 1348 1349]] [90 [1351 1353 1354 1355 1358 1359 1362 1364]] [91 [1365 1366 1367 1369 1370 1371]] [92 [1381 1382 1383]] [93 [1399]] [94 [1415 1418 1419]] [95 [1425 1427 1433 1435 1436 1437]] [96 [1440 1442 1445 1446 1447 1448 1449 1450 1451 1453]] [97 [1455 1456 1457 1459 1464 1465 1467 1468]] [98 [1471 1475 1476 1477 1478 1480 1481 1482 1484]] [99 [1485 1486 1487 1491 1492 1493 1495 1496 1497 1499]]]",,"[[{citizen 45} [[""A"" [1]]]] [{media 50} [[""A"" [4]]]] [{media 52} [[""A"" [2]]]] [{media 54} [[""A"" [5]]]] [{media 55} [[""A"" [1]]]] [{media 56} [[""A"" [1]]]] [{media 57} [[""A"" [6]]]] [{media 58} [[""A"" [2]]]] [{media 60} [[""A"" [0]]]] [{media 62} [[""A"" [3]]]] [{media 64} [[""A"" [2]]]] [{citizen 19} [[""A"" [1]]]] [{citizen 0} [[""A"" [1]]]] [{citizen 1} [[""A"" [1]]]] [{citizen 5} [[""A"" [1]]]] [{citizen 8} [[""A"" [1]]]] [{citizen 6} [[""A"" [1]]]] [{media 59} [[""A"" [4]]]] [{media 51} [[""A"" [1]]]] [{citizen 10} [[""A"" [3]]]] [{citizen 7} [[""A"" [1]]]] [{media 53} [[""A"" [1]]]] [{media 63} [[""A"" [0]]]] [{media 61} [[""A"" [1]]]] [{citizen 31} [[""A"" [1]]]] [{citizen 26} [[""A"" [3]]]] [{citizen 49} [[""A"" [1]]]] [{citizen 13} [[""A"" [1]]]] [{citizen 42} [[""A"" [1]]]] [{citizen 30} [[""A"" [1]]]] [{citizen 15} [[""A"" [1]]]] [{citizen 14} [[""A"" [1]]]] [{citizen 11} [[""A"" [1]]]] [{citizen 20} [[""A"" [1]]]] [{citizen 28} [[""A"" [1]]]] [{citizen 9} [[""A"" [1]]]] [{citizen 12} [[""A"" [3]]]] [{citizen 2} [[""A"" [1]]]] [{citizen 18} [[""A"" [1]]]] [{citizen 22} [[""A"" [1]]]] [{citizen 21} [[""A"" [1]]]] [{citizen 44} [[""A"" [1]]]] [{citizen 16} [[""A"" [1]]]] [{citizen 23} [[""A"" [1]]]] [{citizen 47} [[""A"" [1]]]] [{citizen 36} [[""A"" [1]]]] [{citizen 38} [[""A"" [1]]]] [{citizen 17} [[""A"" [1]]]] [{citizen 40} [[""A"" [1]]]] [{citizen 48} [[""A"" [1]]]] [{citizen 43} [[""A"" [1]]]] [{citizen 34} [[""A"" [1]]]] [{citizen 25} [[""A"" [1]]]] [{citizen 37} [[""A"" [1]]]] [{citizen 33} [[""A"" [1]]]] [{citizen 27} [[""A"" [1]]]] [{citizen 32} [[""A"" [1]]]] [{citizen 4} [[""A"" [1]]]] [{citizen 41} [[""A"" [1]]]] [{citizen 29} [[""A"" [1]]]] [{citizen 3} [[""A"" [1]]]] [{citizen 35} [[""A"" [2]]]] [{citizen 46} [[""A"" [1]]]] [{citizen 24} [[""A"" [1]]]]]"
"40","[213 0 42]","88.379705400982","10.121796211265584","0.44458034805380353","""circle""","""""","9.9","{breed citizens}","false","0.5","1","""up""",,"[[""ID"" 42] [""alpha"" 1] [""beta"" 1] [""malleable"" [""A""]] [""prior"" []] [""cont_tokens"" []] [""A"" 1]]","[[0 [0 1 2 3 4 5 6 7 8 9 10 11 12 13 14]] [1 [15 17 18 19 20 21 22 23 24 27 29]] [2 [30 31 32 33 34 35 36 37 39 40 41 42 43 44]] [3 [45 46 47 48 49 50 51 52 53 54 55 56 57 58 59]] [4 [60 61 62 63 64 65 66 67 68 69 70 71 73 74]] [5 [75 76 77 78 79 80 81 82 83 84 85 86 87 88 89]] [6 [91 93 94 95 96 97 98 99 101 102 103]] [7 [105 106 108 110 111 112 113 114 115 117 118]] [8 [120 121 123 125 126 127 128 129 130 131 132 133 134]] [9 [135 136 137 138 139 140 141 142 143 144 145 146 147 148 149]] [10 [150 151 152 153 154 155 156 157 158 159 160 161 162 163 164]] [11 [165 166 167 168 169 170 171 172 173 174 175 176 177 178 179]] [12 [180 181 183 184 185 186 187 189 190 191 192 193 194]] [13 [195 196 197 198 199 200 201 202 203 204 205 206 207 208 209]] [14 [210 211 212 213 214 215 216 217 218 219 220 221 222 223 224]] [15 [225 226 227 228 229 230 231 232 233 235 236 238 239]] [16 [240 243 244 245 246 247 248 249 250 251 252 253 254]] [17 [255 256 257 258 259 260 261 262 263 264 265 266 267 268 269]] [18 [270 271 272 273 274 275 276 277 278 279 280 281 282 283 284]] [19 [285 286 287 288 289 290 291 292 293 294 295 296 297 298 299]] [20 [300 302 303 304 305 307 308 309 310 311 312 313 314]] [21 [315 317 318 319 320 321 322 323 324 325 326 327 328 329]] [22 [330 331 332 334 335 336 337 338 339 340 341 342 343 344]] [23 [345 346 347 349 350 351 352 353 354 355 356 357 358 359]] [24 [360 361 362 363 364 365 366 367 368 369 370 371 372 373 374]] [25 [375 376 377 378 379 380 381 382 383 384 385 386 387 388 389]] [26 [390 391 392 394 395 396 398 399 400 401 402 403 404]] [27 [405 406 407 408 409 410 411 412 413 414 415 416 417 418 419]] [28 [420 421 422 423 424 425 426 427 428 429 430 431 432 433 434]] [29 [435 436 437 438 439 440 441 442 443 444 445 446 447 448 449]] [30 [450 451 452 453 454 455 456 457 458 459 460 461 462 463 464]] [31 [465 466 467 468 469 470 471 472 473 474 475 476 477 478 479]] [32 [480 481 482 483 484 485 486 487 488 489 490 491 492 493 494]] [33 [497 498 499 500 501 502 503 504 505 506 507 508 509]] [34 [510 511 512 513 514 515 516 517 518 519 520 521 523 524]] [35 [525 527 528 529 531 532 533 536 537 538 539]] [36 [540 541 542 543 544 545 546 548 549 550 551 552 553 554]] [37 [555 556 557 558 559 560 561 562 563 564 565 566 567 568 569]] [38 [570 571 572 573 574 575 576 577 578 579 580 581 582 583 584]] [39 [585 586 587 588 589 590 591 592 593 594 595 596 598 599]] [40 [600 602 603 604 605 606 607 608 610 611 612 613 614]] [41 [615 616 617 618 619 620 621 622 623 624 625 626 627 628 629]] [42 [630 631 632 633 634 635 636 637 638 640 641 642 643 644]] [43 [645 646 647 648 649 650 651 652 653 654 655 656 657 658 659]] [44 [660 661 662 663 664 665 666 667 668 669 670 671 672 673]] [45 [675 676 677 678 679 680 681 682 683 684 685 686 687 688 689]] [46 [691 693 694 695 696 697 698 699 700 701 702 703 704]] [47 [705 706 707 708 709 710 711 712 713 714 715 716 717 718 719]] [48 [720 721 722 723 724 727 728 729 730 731 732 733 734]] [49 [735 736 737 738 739 740 741 742 743 744 745 746 747 748 749]] [50 [750 751 752 753 754 755 756 757 758 759 760 761 762 763 764]] [51 [765 766 767 768 770 771 772 773 774 775 777 778 779]] [52 [780 781 782 783 784 785 786 787 788 789 790 791 792 793 794]] [53 [795 796 797 798 799 800 801 802 803 804 805 806 807 808 809]] [54 [810 811 812 813 814 815 816 817 818 819 820 821 822 823 824]] [55 [825 826 827 828 829 830 831 832 833 834 835 836 837 838 839]] [56 [840 841 842 843 844 845 846 847 848 849 850 851 852 853 854]] [57 [855 856 857 858 859 860 861 862 863 864 865 866 868]] [58 [870 871 872 873 874 875 876 877 878 879 880 881 883 884]] [59 [885 886 887 889 890 892 893 894 895 896 897 898 899]] [60 [900 901 902 903 904 905 906 907 908 909 910 911 912 913 914]] [61 [915 916 917 919 920 921 922 923 924 925 926 927 928 929]] [62 [930 931 932 934 935 936 938 939 940 941 942 943 944]] [63 [945 946 947 948 949 950 953 956 957 958 959]] [64 [960 961 962 963 965 966 967 969 970 971 972]] [65 [975 976 977 978 979 980 982 985 987 988]] [66 [991 992 993 994 995 996 997 998 1000 1002 1003]] [67 [1005 1006 1007 1008 1009 1010 1011 1012 1013 1014 1015 1017 1018]] [68 [1021 1022 1024 1025 1026 1027 1028 1029 1032 1033 1034]] [69 [1035 1036 1037 1039 1040 1042 1043 1044 1045 1047 1048]] [70 [1050 1051 1052 1053 1054 1055 1056 1057 1058 1059 1060 1061 1063]] [71 [1065 1066 1067 1068 1069 1070 1071 1072 1073 1074 1075 1076 1077 1078 1079]] [72 [1080 1081 1082 1083 1084 1085 1086 1087 1088 1089 1090 1091 1092 1093 1094]] [73 [1095 1096 1097 1098 1099 1100 1101 1102 1103 1104 1105 1106 1107 1108 1109]] [74 [1110 1111 1112 1113 1114 1115 1116 1117 1118 1119 1120 1121 1122 1123 1124]] [75 [1125 1126 1127 1128 1130 1131 1132 1133 1134 1135 1136 1137 1138 1139]] [76 [1140 1141 1142 1143 1144 1145 1146 1147 1148 1149 1150 1151 1152 1153]] [77 [1155 1156 1157 1158 1159 1160 1161 1162 1163 1164 1165 1167 1168 1169]] [78 [1170 1171 1172 1173 1174 1175 1176 1177 1178 1179 1180 1181 1182 1183]] [79 [1185 1186 1187 1188 1189 1190 1191 1193 1194 1195 1196 1197 1198 1199]] [80 [1200 1201 1202 1203 1204 1205 1206 1207 1208 1209 1210 1211 1212 1213 1214]] [81 [1215 1216 1217 1218 1219 1220 1221 1222 1223 1224 1225 1226 1227 1228 1229]] [82 [1230 1231 1232 1233 1234 1235 1236 1237 1238 1239 1240 1241 1242 1243 1244]] [83 [1245 1246 1247 1248 1249 1250 1251 1252 1253 1254 1255 1256 1257 1258 1259]] [84 [1260 1261 1262 1263 1264 1265 1266 1267 1268 1269 1270 1271 1272 1273 1274]] [85 [1275 1276 1277 1278 1279 1280 1281 1282 1283 1284 1285 1286 1287 1288 1289]] [86 [1292 1293 1294 1295 1296 1297 1298 1299 1300 1301 1302 1303 1304]] [87 [1305 1306 1307 1308 1309 1310 1311 1312 1313 1314 1315 1316 1317 1318 1319]] [88 [1320 1321 1322 1323 1324 1325 1326 1327 1328 1329 1330 1331 1332 1333 1334]] [89 [1335 1336 1337 1338 1339 1340 1341 1342 1343 1344 1345 1346 1347 1348 1349]] [90 [1350 1351 1352 1353 1354 1355 1356 1357 1358 1359 1361 1362 1363 1364]] [91 [1365 1366 1367 1368 1369 1370 1371 1372 1373 1374 1376 1377 1379]] [92 [1380 1381 1382 1383 1384 1385 1386 1387 1388 1389 1390 1391 1392 1393 1394]] [93 [1395 1396 1397 1398 1399 1400 1401 1402 1403 1404 1405 1406 1407 1408 1409]] [94 [1410 1411 1412 1413 1414 1415 1416 1417 1418 1419 1420 1421 1422 1423 1424]] [95 [1425 1426 1427 1428 1429 1430 1431 1432 1433 1434 1435 1436 1437 1439]] [96 [1440 1441 1442 1443 1445 1446 1447 1448 1449 1450 1451 1452 1453 1454]] [97 [1455 1456 1457 1458 1459 1460 1461 1462 1463 1464 1465 1466 1467 1468 1469]] [98 [1471 1472 1473 1474 1475 1476 1477 1478 1479 1480 1481 1482 1484]] [99 [1485 1486 1487 1491 1492 1493 1495 1496 1497 1498 1499]]]","[[0 [3 4 5 9 10 11 12 13]] [1 [17 18 19 20 22 23 24 27 29]] [2 [30 32 33 34 35 36 37 39 44]] [3 [48 50 51 52 58 59]] [4 [61 64 65 66 68 69 70 73 74]] [5 [77 78 82 83 84 85 87 88 89]] [6 [91 93 95 96 97 98 99 101 102 103]] [7 [105 106 108 110 111 112 113 114 115 117 118]] [8 [120 121 126 127 128 131 132 133 134]] [9 [135 136 137 138 139 142 145 147 148]] [10 [150 151 152 154 155 157 158 161 162]] [11 [165 166 167 168 169 170 172 174 176 178 179]] [12 [180 183 185 186 187 189 190 192 193 194]] [13 [196 197 198 199 200 201 205 207 209]] [14 [210 211 213 214 216 218 221 222 223 224]] [15 [225 226 230 231 232 233 235 236 238 239]] [16 [240 243 244 245 246 248 249 250 251 253 254]] [17 [255 258 259 261 263 264 266 267 269]] [18 [271 273 275 276 277 279 281 282 283]] [19 [285 286 287 289 290 291 292 294 298 299]] [20 [300 302 303 305 307 308 310 311 312 313]] [21 [318 321 322 323 324 325 326 327 328 329]] [22 [331 332 335 336 340 341 342 343]] [23 [345 346 350 351 353 355 356 357 358 359]] [24 [360 361 363 367 368 369 370 371 372]] [25 [376 377 379 380 383 385 386 388]] [26 [391 392 394 395 396 398 399 400 401 402 403]] [27 [405 406 407 408 409 410 411 412 415 416]] [28 [421 422 423 424 425 427 428 431 433]] [29 [437 441 443 444 445 448 449]] [30 [451 452 454 455 463]] [31 [465 466 467 471 478]] [32 [486 489 490 492]] [33 [497 503 504 505 508 509]] [34 [511 512 513 515 517 518 519 520 523]] [35 [525 528 529 531 532 533 536 537 538]] [36 [540 541 543 544 545 548 552 553 554]] [37 [555 558 566 567 568 569]] [38 [570 571 574 575 578 580 582 583]] [39 [585 586 588 589 590 591 592 593 596 598 599]] [40 [603 607 612 613]] [41 [617 619 621 624 625 626 627 629]] [42 [631 632 633 634 635 636 637 640 641 642 644]] [43 [645 646 647 650 652 653 654 655 656 657 659]] [44 [660 662 663 664 666 667 669 670 671 672]] [45 [675 676 678 679 681 683 685 686 687 689]] [46 [691 695 696 697]] [47 [705 706 707 708 709 710 711 712 713 714 717 718]] [48 [720 721 722 723 728 731 732 733 734]] [49 [735 736 738 739 741 743 744]] [50 [750 751 752 758 759 763 764]] [51 [765 766 768 770 771 773 774 775 777 779]] [52 [785 788 790 792 793]] [53 [796 797 798 799 800 803 804]] [54 [812 814 816 817 818 819 820 822 824]] [55 [825 826 827 830 831 835 836]] [56 [844 845 846 847 850 851 852 853 854]] [57 [855 856 857 858 859 861 862 864 865 866]] [58 [871 872 873 875 876 878 880 881 884]] [59 [885 887 889 890 892 893 894 895 896 898 899]] [60 [906 908 909 914]] [61 [915 916 917 919 920 921 923 925 929]] [62 [930 932 935 936 939 940 941 942 943 944]] [63 [946 947 948 949 950 953 956 958 959]] [64 [960 962 963 965 966 967 969 970 971 972]] [65 [975 976 977 978 979 982 985 987 988]] [66 [991 992 993 994 995 996 997 998 1000 1002 1003]] [67 [1005 1007 1008 1009 1010 1011 1012 1013 1014 1015 1018]] [68 [1021 1022 1024 1025 1026 1028 1029 1032 1033 1034]] [69 [1035 1036 1037 1039 1040 1042 1043 1044 1045 1047 1048]] [70 [1052 1053 1054 1055 1056 1057 1059]] [71 [1065 1067 1068 1069 1072 1073 1074 1076 1077 1078]] [72 [1080 1081 1085 1086 1088 1089 1090 1091 1092 1094]] [73 [1095 1096 1098 1101 1104 1105 1106 1107 1108 1109]] [74 [1110 1112 1113 1114 1115 1116 1117 1123 1124]] [75 [1125 1128 1130 1132 1133 1134 1135 1136 1137 1138]] [76 [1140 1141 1142 1143 1144 1147 1148 1149 1150 1152]] [77 [1155 1156 1157 1158 1159 1163 1164 1165 1167 1168]] [78 [1170 1171 1172 1174 1178 1179 1180 1181 1183]] [79 [1185 1188 1189 1190 1191 1193 1195 1196 1197 1199]] [80 [1201 1203 1205 1206 1207 1209 1212 1213 1214]] [81 [1217 1218 1219 1221 1222 1223 1226 1227 1228]] [82 [1230 1232 1234 1235 1237 1240]] [83 [1248 1250 1257]] [84 [1262 1265 1269 1270 1271 1272 1274]] [85 [1276 1277 1278 1279 1282]] [86 [1296 1299 1300 1301]] [87 [1305 1306 1307 1308 1311 1314 1315 1316 1317]] [88 [1320 1322 1323 1329 1331 1333 1334]] [89 [1338 1341 1342 1344 1345 1346 1347 1348 1349]] [90 [1350 1352 1354 1355 1358 1359 1362 1363 1364]] [91 [1365 1367 1369 1370 1373 1374 1376 1377 1379]] [92 [1380 1381 1382 1383 1391 1393 1394]] [93 [1395 1396 1399]] [94 [1411 1416 1419 1420 1423 1424]] [95 [1426 1429 1430 1431 1432 1434 1435 1436 1437]] [96 [1440 1442 1446 1447 1448 1450 1451 1452 1454]] [97 [1455 1456 1457 1460 1461 1466 1467 1469]] [98 [1471 1475 1476 1477 1478 1480 1481 1482 1484]] [99 [1485 1487 1491 1492 1493 1495 1496 1497 1498 1499]]]",,"[[{citizen 43} [[""A"" [1]]]] [{media 50} [[""A"" [4]]]] [{media 51} [[""A"" [1]]]] [{media 53} [[""A"" [1]]]] [{media 54} [[""A"" [5]]]] [{media 59} [[""A"" [4]]]] [{media 60} [[""A"" [0]]]] [{media 61} [[""A"" [1]]]] [{media 63} [[""A"" [0]]]] [{citizen 17} [[""A"" [1]]]] [{media 57} [[""A"" [6]]]] [{media 56} [[""A"" [1]]]] [{citizen 2} [[""A"" [1]]]] [{citizen 6} [[""A"" [1]]]] [{media 52} [[""A"" [2]]]] [{media 58} [[""A"" [2]]]] [{media 55} [[""A"" [1]]]] [{citizen 7} [[""A"" [2]]]] [{citizen 11} [[""A"" [1]]]] [{media 62} [[""A"" [3]]]] [{media 64} [[""A"" [2]]]] [{citizen 13} [[""A"" [1]]]] [{citizen 5} [[""A"" [1]]]] [{citizen 31} [[""A"" [1]]]] [{citizen 26} [[""A"" [2]]]] [{citizen 49} [[""A"" [1]]]] [{citizen 42} [[""A"" [1]]]] [{citizen 30} [[""A"" [0]]]] [{citizen 45} [[""A"" [2]]]] [{citizen 23} [[""A"" [1]]]] [{citizen 8} [[""A"" [3]]]] [{citizen 47} [[""A"" [2]]]] [{citizen 36} [[""A"" [1]]]] [{citizen 19} [[""A"" [2]]]] [{citizen 1} [[""A"" [1]]]] [{citizen 38} [[""A"" [1]]]] [{citizen 34} [[""A"" [1]]]] [{citizen 48} [[""A"" [1]]]] [{citizen 28} [[""A"" [1]]]] [{citizen 25} [[""A"" [1]]]] [{citizen 10} [[""A"" [1]]]] [{citizen 9} [[""A"" [1]]]] [{citizen 12} [[""A"" [1]]]] [{citizen 0} [[""A"" [1]]]] [{citizen 21} [[""A"" [1]]]] [{citizen 44} [[""A"" [1]]]] [{citizen 33} [[""A"" [1]]]] [{citizen 37} [[""A"" [0]]]] [{citizen 18} [[""A"" [1]]]] [{citizen 14} [[""A"" [0]]]] [{citizen 39} [[""A"" [0]]]] [{citizen 32} [[""A"" [1]]]] [{citizen 20} [[""A"" [1]]]] [{citizen 15} [[""A"" [1]]]] [{citizen 22} [[""A"" [1]]]] [{citizen 16} [[""A"" [1]]]] [{citizen 27} [[""A"" [1]]]] [{citizen 4} [[""A"" [1]]]] [{citizen 41} [[""A"" [1]]]] [{citizen 29} [[""A"" [1]]]] [{citizen 3} [[""A"" [1]]]] [{citizen 35} [[""A"" [2]]]] [{citizen 46} [[""A"" [2]]]] [{citizen 24} [[""A"" [1]]]]]"
"41","[213 0 42]","194.36170212765958","-3.1820220610750347","-9.897950522031117","""circle""","""""","9.9","{breed citizens}","false","0.5","1","""up""",,"[[""ID"" 49] [""alpha"" 1] [""beta"" 1] [""malleable"" [""A""]] [""prior"" []] [""cont_tokens"" []] [""A"" 1]]","[[0 [0 1 2 3 4 5 6 7 8 9 10 11 12 13 14]] [1 [15 16 17 18 19 20 22 25 26 28]] [2 [30 31 32 33 34 35 36 37 38 39 40 41 42 43 44]] [3 [45 46 47 48 49 50 51 52 53 54 55 56 57 58 59]] [4 [60 61 62 63 64 65 66 67 68 69 70 71 73 74]] [5 [75 76 77 78 79 80 81 82 83 84 85 86 87 88 89]] [6 [91 93 94 95 96 97 98 99 101 102 103]] [7 [105 106 108 110 111 112 113 114 115 117 118]] [8 [120 121 123 125 126 127 128 129 130 131 132 133 134]] [9 [135 136 137 138 139 140 141 142 143 144 145 146 147 148 149]] [10 [150 151 152 153 154 155 156 157 158 159 160 161 162 163 164]] [11 [165 166 167 168 169 170 171 172 173 174 175 176 178 179]] [12 [180 181 183 184 185 186 187 189 190 191 192 193 194]] [13 [195 196 197 198 199 200 201 202 203 204 205 206 207 208 209]] [14 [210 211 212 213 214 215 216 217 218 219 220 221 222 223 224]] [15 [225 226 227 228 229 230 231 232 233 235 236 238 239]] [16 [240 241 242 243 244 245 246 247 248 249 250 251 252 253 254]] [17 [255 256 257 258 259 260 261 262 263 264 265 266 267 268 269]] [18 [270 271 272 273 274 275 276 277 278 279 280 281 282 283 284]] [19 [285 286 287 288 289 290 291 292 293 294 295 298 299]] [20 [300 302 303 304 305 307 308 309 310 311 312 313 314]] [21 [315 317 318 319 320 321 322 323 324 325 326 327 328 329]] [22 [330 331 332 333 334 335 336 337 338 339 340 341 342 343 344]] [23 [345 346 347 348 349 350 351 352 353 354 355 356 357 358 359]] [24 [360 361 362 363 364 365 366 367 368 369 370 371 372 373 374]] [25 [375 376 377 378 379 380 381 382 383 384 385 386 388 389]] [26 [390 391 392 394 395 396 398 399 400 401 402 403 404]] [27 [405 406 407 408 409 410 411 412 413 414 415 416 417 418 419]] [28 [420 421 422 423 424 425 426 427 428 429 430 431 432 433 434]] [29 [435 436 437 438 439 440 441 442 443 444 445 446 447 448 449]] [30 [450 451 452 453 454 455 456 457 458 459 460 461 462 463]] [31 [465 466 467 468 469 470 471 472 473 474 475 476 477 478 479]] [32 [480 481 482 483 484 485 486 487 488 489 490 491 492 493 494]] [33 [495 496 497 498 499 500 501 502 503 504 505 506 507 508 509]] [34 [510 511 512 513 514 515 516 517 518 519 520 521 522 523 524]] [35 [525 526 527 528 529 530 531 532 533 534 535 536 537 538]] [36 [540 541 542 543 544 545 546 548 549 550 551 552 553 554]] [37 [555 556 557 558 559 560 561 562 563 564 565 566 567 568 569]] [38 [570 571 572 573 574 575 576 577 578 579 580 581 582 583 584]] [39 [585 586 587 588 589 590 591 592 593 594 595 596 598 599]] [40 [600 602 603 604 605 606 607 608 610 611 612 613 614]] [41 [615 616 617 618 619 621 622 623 624 625 626 627 628 629]] [42 [630 631 632 633 634 635 636 637 638 640 641 642 643 644]] [43 [645 646 647 648 649 650 651 652 653 654 655 656 657 658 659]] [44 [660 661 662 663 664 665 666 667 668 669 670 671 672 673]] [45 [675 676 677 678 679 680 681 682 683 684 685 686 687 689]] [46 [690 691 692 693 694 695 696 697 698 699 700 701 702 703 704]] [47 [705 706 707 708 709 710 711 712 713 714 716 717 718]] [48 [720 721 722 723 724 727 728 729 730 731 732 733 734]] [49 [735 736 737 738 739 740 741 742 743 744 745 746 747 748 749]] [50 [750 751 752 753 754 755 756 757 758 759 760 761 762 763 764]] [51 [765 766 767 768 769 770 771 772 773 774 775 776 777 778 779]] [52 [780 781 782 783 784 785 786 787 788 789 790 791 792 793 794]] [53 [795 796 797 798 799 800 801 803 804 805 806 807 808 809]] [54 [810 811 812 813 814 815 816 817 818 819 820 821 822 823 824]] [55 [825 826 827 828 829 830 831 834 835 836 837 838 839]] [56 [842 844 845 846 847 848 849 850 851 852 853 854]] [57 [855 856 857 858 859 860 861 862 863 864 865 866 868]] [58 [870 871 872 873 874 875 876 877 878 879 880 881 883 884]] [59 [885 886 887 889 890 892 893 894 895 896 897 898 899]] [60 [900 901 902 903 904 905 906 907 908 909 910 911 912 913 914]] [61 [915 916 917 919 920 921 923 924 925 926 927 928 929]] [62 [930 931 932 934 935 936 938 939 940 941 942 943 944]] [63 [945 946 947 948 949 950 953 956 957 958 959]] [64 [960 961 962 963 965 966 967 969 970 971 972]] [65 [975 976 977 978 979 980 982 985 987 988]] [66 [991 992 993 994 995 996 997 998 1000 1002 1003]] [67 [1005 1006 1007 1008 1009 1010 1011 1012 1013 1014 1015 1017 1018]] [68 [1021 1022 1024 1025 1026 1027 1028 1029 1032 1033 1034]] [69 [1035 1036 1037 1039 1040 1042 1043 1044 1045 1047 1048]] [70 [1050 1051 1052 1053 1054 1055 1056 1057 1058 1059 1060 1061 1063]] [71 [1065 1066 1067 1068 1069 1070 1071 1072 1073 1074 1075 1076 1077 1078 1079]] [72 [1080 1081 1082 1083 1084 1085 1086 1087 1088 1089 1090 1091 1092 1093 1094]] [73 [1095 1096 1097 1098 1099 1100 1101 1102 1103 1104 1105 1106 1107 1108 1109]] [74 [1110 1111 1112 1113 1114 1115 1116 1117 1118 1119 1120 1121 1122 1123 1124]] [75 [1125 1126 1127 1128 1130 1132 1133 1134 1135 1136 1137 1138 1139]] [76 [1140 1141 1142 1143 1144 1145 1146 1147 1148 1149 1150 1151 1152 1153]] [77 [1155 1156 1157 1158 1159 1161 1162 1163 1164 1165 1167 1168 1169]] [78 [1170 1171 1172 1173 1174 1175 1176 1177 1178 1179 1180 1181 1182 1183]] [79 [1185 1186 1187 1188 1189 1190 1191 1193 1195 1196 1197 1199]] [80 [1200 1201 1202 1203 1204 1205 1206 1207 1208 1209 1210 1211 1212 1213 1214]] [81 [1215 1216 1217 1218 1219 1220 1221 1222 1223 1224 1225 1226 1227 1228 1229]] [82 [1230 1231 1232 1233 1234 1235 1236 1237 1238 1239 1240 1241 1242 1243 1244]] [83 [1245 1246 1247 1248 1249 1250 1251 1252 1253 1254 1255 1256 1257 1258 1259]] [84 [1260 1261 1262 1263 1264 1265 1266 1267 1268 1269 1270 1271 1272 1274]] [85 [1275 1276 1277 1278 1279 1280 1281 1282 1283 1284 1285 1286 1287 1288 1289]] [86 [1292 1293 1294 1295 1296 1297 1298 1299 1300 1301 1302 1303 1304]] [87 [1305 1306 1307 1308 1309 1310 1311 1312 1313 1314 1315 1316 1317 1318 1319]] [88 [1320 1321 1322 1323 1324 1325 1326 1327 1328 1329 1330 1331 1332 1333 1334]] [89 [1335 1336 1337 1338 1339 1340 1341 1342 1343 1344 1345 1346 1347 1348 1349]] [90 [1350 1351 1352 1353 1354 1355 1356 1357 1358 1359 1361 1362 1363 1364]] [91 [1365 1366 1367 1368 1369 1370 1371 1372 1373 1374 1376 1377 1379]] [92 [1380 1381 1382 1383 1384 1385 1386 1387 1388 1389 1390 1391 1392 1393 1394]] [93 [1395 1396 1397 1398 1399 1400 1401 1402 1403 1404 1405 1406 1407 1408 1409]] [94 [1410 1411 1412 1413 1414 1415 1416 1417 1418 1419 1420 1421 1422 1423 1424]] [95 [1425 1426 1427 1428 1429 1430 1431 1432 1433 1434 1435 1436 1437 1439]] [96 [1440 1441 1442 1443 1445 1446 1447 1448 1449 1450 1451 1452 1453 1454]] [97 [1455 1456 1457 1458 1459 1460 1461 1462 1463 1464 1465 1466 1467 1468 1469]] [98 [1471 1472 1473 1474 1475 1476 1477 1478 1479 1480 1481 1482 1484]] [99 [1485 1486 1487 1491 1492 1493 1495 1496 1497 1498 1499]]]","[[0 [1 2]] [1 [16 26 28]] [2 [31 32 33 34 35 36 37 40 41 42]] [3 [45 46 47 49 51 52 54 55 56 57 58 59]] [4 [61 62 63 66 68 69 70 73 74]] [5 [77 78 82 83 85 86 87 88 89]] [6 [91 94 95 96 97 98 99 101 102 103]] [7 [105 106 108 111 112 113 114 117 118]] [8 [120 121 126 127 128 131 132 133 134]] [9 [135 136 137 138 139 144 146 148]] [10 [150 151 152 154 155 157 158 161 163 164]] [11 [165 166 167 168 169 170 172 174 175 176 178 179]] [12 [180 183 185 186 187 189 190 192 193 194]] [13 [196 198 199 202 203 204 205 208]] [14 [211 214 216 218 221 222 223 224]] [15 [225 226 230 231 232 233 235 236 238 239]] [16 [240 243 244 245 246 248 249 250 252 253]] [17 [255 256 262 265 268 269]] [18 [270 272 274 277 279 281 282 283]] [19 [285 286 287 289 290 291 292 294 298 299]] [20 [300 302 303 304 305 308 310 311 312 313]] [21 [318 321 322 323 324 325 326 328 329]] [22 [331 332 335 336 344]] [23 [347 349 351 352 353 354 355 358 359]] [24 [360 361 363 365 366 367 368 371 373 374]] [25 [375 376 377 379 380 384 386 388]] [26 [390 391 392 394 395 396 398 399 400 404]] [27 [405 406 407 408 409 410 411 412 415 416]] [28 [429 430 431 433]] [29 [437 446]] [30 [450 453 455 456]] [31 [467 468 469 470 472 473 474 475 476 477 479]] [32 [480 481 482 483 484 487 488 491 493 494]] [33 [495 496 499 500 501 502 503 506]] [34 [521 524]] [35 [526 529 531 532 533 536 537 538]] [36 [540 541 543 544 545 546 550 553]] [37 [556 559 562 564 565 568 569]] [38 [570 571 574 575 577 578 580 581 582 583]] [39 [585 586 588 589 590 591 593 596 598 599]] [40 [602 604 605 606 608 610 612 613 614]] [41 [615 616 618 619 624 625 626 627 629]] [42 [632 633 634 635 636 637 638 640 641 642 644]] [43 [645 646 647 650 652 653 654 655 656 657 659]] [44 [660 662 663 664 666 667 669 670 672]] [45 [675 676 678 679 681 683 686 687 689]] [46 [691 695 696 697 702 703 704]] [47 [705 707 708 709 710 711 712 713 714 717 718]] [48 [720 721 722 724 727 730 731]] [49 [737 742 744]] [50 [751 752 758 759]] [51 [767 771 772 773 774 775 777]] [52 [780 781 782 783 784 786 787 790 792 793]] [53 [795 797 798 799 800 803 806]] [54 [810 811 813 814 821 823]] [55 [828 829]] [56 [842 845 846 847 850 851 852 853 854]] [57 [856 857 858 859 861 862 865 866]] [58 [871 872 873 875 876 878 880 881 884]] [59 [885 886 887 889 890 892 893 894 895 896 898]] [60 [900 901 904 905 907 910 911 912 913]] [61 [915 916 917 919 920 921 923 926 927 928]] [62 [931 934 935 936 939 940 941 942 943 944]] [63 [946 947 948 949 950 953 956 957 959]] [64 [960 963 965 966 967 969 970 971 972]] [65 [975 976 977 978 979 980 982 985 987 988]] [66 [991 992 993 994 995 996 997 998 1000 1002 1003]] [67 [1005 1007 1008 1009 1010 1011 1012 1013 1014 1015 1018]] [68 [1021 1022 1024 1025 1027 1029 1033 1034]] [69 [1035 1036 1037 1039 1040 1042 1043 1044 1047 1048]] [70 [1052 1053 1054 1055 1056 1057 1058 1060 1061 1063]] [71 [1065 1068 1069 1070 1071 1073 1074 1076 1077]] [72 [1080 1081 1083 1086 1088 1089 1090 1091 1092 1094]] [73 [1095 1096 1098 1101 1105 1106 1107 1108 1109]] [74 [1110 1112 1113 1114 1115 1118 1119 1120 1121 1122]] [75 [1126 1127 1130 1132 1133 1134 1135 1136 1137 1138]] [76 [1140 1141 1142 1143 1144 1147 1148 1149 1150 1153]] [77 [1156 1157 1158 1159 1163 1164 1165 1167 1168]] [78 [1170 1171 1172 1174 1178 1179 1180 1181 1183]] [79 [1185 1188 1189 1190 1191 1193 1195 1196 1197 1199]] [80 [1201 1203 1208 1211]] [81 [1216 1220 1224 1227 1228]] [82 [1230 1232 1234 1235 1237 1240]] [83 [1248 1250 1257 1258 1259]] [84 [1260 1261 1263 1264 1266 1267 1268 1270 1271]] [85 [1275 1277 1278 1279 1282]] [86 [1298 1303 1304]] [87 [1309 1310]] [88 [1322 1323 1329 1331]] [89 [1337 1338 1341 1342 1344 1345 1346 1347 1348 1349]] [90 [1351 1353 1355 1358 1359 1362]] [91 [1366 1367 1369 1370 1372 1373 1374 1376 1377 1379]] [92 [1380 1381 1382 1383 1391 1393 1394]] [93 [1395 1396 1399 1408]] [94 [1411 1413 1414 1416 1419 1420 1421 1422 1423 1424]] [95 [1426 1429 1430 1431 1432 1434 1435 1436 1437 1439]] [96 [1440 1443 1445 1446 1447 1448 1449 1450 1451 1452 1454]] [97 [1458 1459 1464 1465 1466 1467 1468 1469]] [98 [1471 1472 1473 1479 1481 1482 1484]] [99 [1486 1487 1491 1492 1493 1497 1498 1499]]]",,"[[{media 50} [[""A"" [4]]]] [{media 52} [[""A"" [2]]]] [{media 54} [[""A"" [5]]]] [{media 55} [[""A"" [1]]]] [{media 56} [[""A"" [1]]]] [{media 57} [[""A"" [6]]]] [{media 58} [[""A"" [2]]]] [{media 60} [[""A"" [0]]]] [{media 62} [[""A"" [3]]]] [{media 63} [[""A"" [0]]]] [{media 64} [[""A"" [2]]]] [{citizen 8} [[""A"" [3]]]] [{citizen 25} [[""A"" [1]]]] [{citizen 14} [[""A"" [1]]]] [{citizen 6} [[""A"" [1]]]] [{media 59} [[""A"" [4]]]] [{citizen 2} [[""A"" [1]]]] [{citizen 7} [[""A"" [3]]]] [{citizen 11} [[""A"" [1]]]] [{media 51} [[""A"" [1]]]] [{citizen 10} [[""A"" [3]]]] [{media 53} [[""A"" [1]]]] [{citizen 5} [[""A"" [2]]]] [{media 61} [[""A"" [1]]]] [{citizen 1} [[""A"" [3]]]] [{citizen 31} [[""A"" [3]]]] [{citizen 26} [[""A"" [3]]]] [{citizen 49} [[""A"" [3]]]] [{citizen 13} [[""A"" [1]]]] [{citizen 42} [[""A"" [1]]]] [{citizen 30} [[""A"" [1]]]] [{citizen 15} [[""A"" [3]]]] [{citizen 20} [[""A"" [1]]]] [{citizen 28} [[""A"" [1]]]] [{citizen 0} [[""A"" [1]]]] [{citizen 9} [[""A"" [1]]]] [{citizen 12} [[""A"" [3]]]] [{citizen 45} [[""A"" [3]]]] [{citizen 23} [[""A"" [1]]]] [{citizen 47} [[""A"" [3]]]] [{citizen 36} [[""A"" [1]]]] [{citizen 19} [[""A"" [3]]]] [{citizen 38} [[""A"" [1]]]] [{citizen 17} [[""A"" [1]]]] [{citizen 40} [[""A"" [1]]]] [{citizen 48} [[""A"" [3]]]] [{citizen 43} [[""A"" [1]]]] [{citizen 39} [[""A"" [2]]]] [{citizen 34} [[""A"" [1]]]] [{citizen 21} [[""A"" [1]]]] [{citizen 44} [[""A"" [1]]]] [{citizen 33} [[""A"" [1]]]] [{citizen 37} [[""A"" [3]]]] [{citizen 18} [[""A"" [1]]]] [{citizen 27} [[""A"" [3]]]] [{citizen 22} [[""A"" [1]]]] [{citizen 4} [[""A"" [1]]]] [{citizen 29} [[""A"" [1]]]] [{citizen 32} [[""A"" [1]]]] [{citizen 16} [[""A"" [1]]]] [{citizen 3} [[""A"" [1]]]] [{citizen 35} [[""A"" [2]]]] [{citizen 46} [[""A"" [3]]]] [{citizen 24} [[""A"" [1]]]]]"
"42","[213 0 42]","308.29787234042556","-7.138580845680207","6.776895840071282","""circle""","""""","9.9","{breed citizens}","false","0.5","1","""up""",,"[[""ID"" 29] [""alpha"" 1] [""beta"" 1] [""malleable"" [""A""]] [""prior"" []] [""cont_tokens"" []] [""A"" 1]]","[[0 [0 1 2 3 4 5 6 7 8 9 10 11 12 13 14]] [1 [15 17 18 19 20 21 22 23 24 25 26 27 28 29]] [2 [30 31 32 33 34 35 36 37 39 40 41 42 43 44]] [3 [45 46 47 48 49 50 51 52 53 54 55 56 57 58 59]] [4 [60 61 62 63 64 65 66 67 68 69 70 71 73 74]] [5 [75 76 77 78 79 80 81 82 83 84 85 86 87 88 89]] [6 [91 93 94 95 96 97 98 99 101 102 103]] [7 [105 106 108 110 111 112 113 114 115 117 118]] [8 [120 121 123 125 126 127 128 129 130 131 132 133 134]] [9 [135 136 137 138 139 140 141 142 143 144 145 146 147 148 149]] [10 [150 151 152 153 154 155 156 157 158 159 160 161 162 163 164]] [11 [165 166 167 168 169 170 171 172 173 174 175 176 177 178 179]] [12 [180 181 183 184 185 186 187 188 189 190 191 192 193 194]] [13 [195 196 197 198 199 200 201 202 203 204 205 207 208 209]] [14 [210 211 212 213 214 215 216 217 218 219 220 221 222 223 224]] [15 [225 226 227 228 229 230 231 232 233 235 236 238 239]] [16 [240 243 244 245 246 247 248 249 250 251 252 253 254]] [17 [255 256 257 258 259 260 261 262 263 264 265 266 267 268 269]] [18 [270 271 272 273 274 275 276 277 278 279 280 281 282 283 284]] [19 [285 286 287 288 289 290 291 292 293 294 295 296 298 299]] [20 [300 302 303 304 305 307 308 309 310 311 312 313 314]] [21 [315 317 318 319 320 321 322 323 324 325 326 327 328 329]] [22 [330 331 332 334 335 336 337 338 339 340 341 342 343 344]] [23 [345 346 347 349 350 351 352 353 354 355 356 357 358 359]] [24 [360 361 362 363 364 365 366 367 368 369 370 371 372 373 374]] [25 [375 376 377 378 379 380 381 382 383 384 385 386 387 388 389]] [26 [390 391 392 394 395 396 398 399 400 401 402 403 404]] [27 [405 406 407 408 409 410 411 412 413 414 415 416 417 418 419]] [28 [420 421 422 423 424 425 426 427 428 429 430 431 432 433 434]] [29 [435 436 437 438 439 440 441 442 443 444 445 446 447 448 449]] [30 [450 451 452 453 454 455 456 457 458 459 460 461 462 463 464]] [31 [465 466 467 468 469 470 471 472 473 474 475 476 477 478 479]] [32 [486 489 490 492]] [33 [495 496 497 498 499 500 501 502 503 504 505 506 507 508 509]] [34 [510 511 512 513 514 515 516 517 518 519 520 521 523 524]] [35 [525 527 528 529 531 532 533 536 537 538 539]] [36 [540 541 542 543 544 545 546 548 549 550 551 552 553 554]] [37 [555 556 557 558 559 560 561 562 563 564 565 566 567 568 569]] [38 [570 571 573 574 575 577 578 579 580 581 582 583 584]] [39 [585 586 587 588 589 590 591 592 593 594 595 596 598 599]] [40 [600 602 603 604 605 606 607 608 610 611 612 613 614]] [41 [615 616 617 618 619 621 622 623 624 625 626 627 628 629]] [42 [630 631 632 633 634 635 636 637 638 640 641 642 643 644]] [43 [645 646 647 648 649 650 651 652 653 654 655 656 657 658 659]] [44 [660 661 662 663 664 665 666 667 668 669 670 671 672 673]] [45 [675 676 677 678 679 680 681 682 683 684 685 686 687 688 689]] [46 [691 693 694 695 696 697 698 699 700 701 702 703 704]] [47 [705 706 707 708 709 710 711 712 713 714 715 716 717 718 719]] [48 [720 721 722 723 724 727 728 729 730 731 732 733 734]] [49 [735 736 737 738 739 740 741 742 743 744 745 746 747 748 749]] [50 [750 751 752 753 754 755 756 757 758 759 760 761 762 763 764]] [51 [765 766 767 768 770 771 772 773 774 775 777 778 779]] [52 [780 781 782 783 784 785 786 787 788 789 790 791 792 793 794]] [53 [795 796 797 798 799 800 801 802 803 804 805 806 807 808 809]] [54 [810 811 812 813 814 815 816 817 818 819 820 821 822 823 824]] [55 [825 826 827 830 831 832 833 834 835 836 837 838 839]] [56 [840 841 842 843 844 845 846 847 848 849 850 851 852 853 854]] [57 [855 856 857 858 859 860 861 862 863 864 865 866 868]] [58 [870 871 872 873 874 875 876 877 878 879 880 881 883 884]] [59 [885 886 887 889 890 892 893 894 895 896 897 898 899]] [60 [900 901 902 903 904 905 906 907 908 909 910 911 912 913 914]] [61 [915 916 917 919 920 921 922 923 924 925 926 927 928 929]] [62 [930 931 932 934 935 936 938 939 940 941 942 943 944]] [63 [945 946 947 948 949 950 953 956 957 958 959]] [64 [960 961 962 963 965 966 967 969 970 971 972]] [65 [975 976 977 978 979 980 982 985 987 988]] [66 [991 992 993 994 995 996 997 998 1000 1002 1003]] [67 [1005 1006 1007 1008 1009 1010 1011 1012 1013 1014 1015 1017 1018]] [68 [1021 1022 1024 1025 1026 1027 1028 1029 1032 1033 1034]] [69 [1035 1036 1037 1039 1040 1042 1043 1044 1045 1047 1048]] [70 [1050 1051 1052 1053 1054 1055 1056 1057 1058 1059 1060 1061 1063]] [71 [1065 1066 1067 1068 1069 1070 1071 1072 1073 1074 1075 1076 1077 1078 1079]] [72 [1080 1081 1082 1083 1084 1085 1086 1087 1088 1089 1090 1091 1092 1093 1094]] [73 [1095 1096 1097 1098 1099 1100 1101 1102 1103 1104 1105 1106 1107 1108 1109]] [74 [1110 1111 1112 1113 1114 1115 1116 1117 1118 1119 1120 1121 1122 1123 1124]] [75 [1125 1126 1127 1128 1130 1131 1132 1133 1134 1135 1136 1137 1138 1139]] [76 [1140 1141 1142 1143 1144 1145 1146 1147 1148 1149 1150 1151 1152 1153]] [77 [1155 1156 1157 1158 1159 1161 1162 1163 1164 1165 1167 1168 1169]] [78 [1170 1171 1172 1173 1174 1175 1176 1177 1178 1179 1180 1181 1182 1183 1184]] [79 [1185 1186 1187 1188 1189 1190 1191 1193 1195 1196 1197 1199]] [80 [1200 1201 1202 1203 1204 1205 1206 1207 1208 1209 1210 1211 1212 1213 1214]] [81 [1215 1216 1217 1218 1219 1220 1221 1222 1223 1224 1225 1226 1227 1228 1229]] [82 [1230 1231 1232 1233 1234 1235 1236 1237 1238 1239 1240 1241 1242 1243 1244]] [83 [1245 1246 1247 1248 1249 1250 1251 1252 1253 1254 1255 1256 1257 1258 1259]] [84 [1260 1261 1263 1264 1265 1266 1267 1268 1269 1270 1271 1272 1274]] [85 [1275 1276 1277 1278 1279 1280 1281 1282 1283 1284 1285 1286 1287 1288 1289]] [86 [1292 1293 1294 1295 1296 1297 1298 1299 1300 1301 1302 1303 1304]] [87 [1305 1306 1307 1308 1309 1310 1311 1312 1313 1314 1315 1316 1317 1318 1319]] [88 [1320 1321 1322 1323 1324 1325 1326 1327 1328 1329 1330 1331 1332 1333 1334]] [89 [1335 1336 1337 1338 1339 1340 1341 1342 1343 1344 1345 1346 1347 1348 1349]] [90 [1350 1351 1352 1353 1354 1355 1356 1357 1358 1359 1361 1362 1363 1364]] [91 [1365 1366 1367 1368 1369 1370 1371 1372 1373 1374 1376 1377 1379]] [92 [1380 1381 1382 1383 1384 1385 1386 1387 1388 1389 1390 1391 1392 1393 1394]] [93 [1395 1396 1397 1398 1399 1400 1401 1402 1403 1404 1406 1407 1408 1409]] [94 [1411 1412 1413 1414 1415 1416 1417 1418 1419 1420 1421 1422 1423 1424]] [95 [1425 1426 1427 1428 1429 1430 1431 1432 1433 1434 1435 1436 1437 1439]] [96 [1440 1441 1442 1443 1445 1446 1447 1448 1449 1450 1451 1452 1453 1454]] [97 [1455 1456 1457 1458 1459 1460 1461 1462 1463 1464 1465 1466 1467 1468 1469]] [98 [1471 1472 1473 1474 1475 1476 1477 1478 1479 1480 1481 1482 1484]] [99 [1485 1486 1487 1491 1492 1493 1495 1496 1497 1498 1499]]]","[[0 [1 2 5 9 10 11 12 13 14]] [1 [15 17 18 19 20 21 23 24 27 29]] [2 [30 32 34 35 36 37 40 41 42 43]] [3 [46 47 49 51 52 54 55 56 57 59]] [4 [61 62 63 65 66 67 68 69 70 73 74]] [5 [77 78 82 83 84 85 86 88 89]] [6 [91 94 95 96 97 98 99 101 102 103]] [7 [105 106 108 110 111 112 113 114 118]] [8 [120 121 123 125 129]] [9 [139 144 146 148]] [10 [150 151 152 153 155 157 158 160 162]] [11 [165 166 167 168 169 170 172 174 175 176 178]] [12 [180 183 184 185 186 187 189 190 191]] [13 [197 198 199 202 203 204 205 207 209]] [14 [210 211 213 214 216 218 221 222 223 224]] [15 [225 226 230 231 232 233 235 236 238 239]] [16 [240 243 244 245 246 249 250 251 253 254]] [17 [255 256 262]] [18 [270 272 273 275 276 277 278 279 281 282 283]] [19 [285 286 288 289 290 291 292 294 298 299]] [20 [300 302 303 304 305 307 308 310 311 312 313]] [21 [318 321 322 323 324 325 326 327 328 329]] [22 [330 334 335 337 338 339 340 341 342 343]] [23 [345 346 350 351 353 354 355 356 357 358 359]] [24 [360 363 365 366 367 368 369 370 372]] [25 [378 381 382 383 385 386 388 389]] [26 [390 391 392 394 395 396 398 399 400 404]] [27 [405 406 407 408 409 410 413 414 417 419]] [28 [420 421 425 426 427 428 432 434]] [29 [435 436 438 440 442 443 444 445 448 449]] [30 [450 453 455 459 461 462 464]] [31 [466 467 471 478]] [32 [486 489 490 492]] [33 [497 503 504 508 509]] [34 [511 512 513 514 515 517 518 519 520 523]] [35 [525 527 528 529 531 532 533 536 537 539]] [36 [540 541 542 543 544 545 546 549 554]] [37 [555 559 566 567 569]] [38 [570 571 574 575 578 580 582 583 584]] [39 [587 594 595 596 598 599]] [40 [600 602 604 605 606 608 610 613 614]] [41 [615 616 618 619 622 623 626 627 629]] [42 [632 633 634 635 636 637 640 641 642 644]] [43 [645 646 647 650 652 653 654 655 656 657 659]] [44 [661 662 663 664 665 668 673]] [45 [677 680 682 684 685 686 687 689]] [46 [691 695 696 697]] [47 [705 707 710 711 712 713 714 717 718]] [48 [720 721 722 723 728 730 732 733 734]] [49 [735 736 738 739 741 745 746 747 748 749]] [50 [753 754 755 756 757 760 761 762 764]] [51 [765 766 768 770 771 773 774 775 777 779]] [52 [785 786 787 788 789 791 794]] [53 [796 797 798 799 800 801 805 807 808 809]] [54 [811 813 815 816 817 818 819 820 822]] [55 [827 832 833 834 835 837 838 839]] [56 [840 841 843 847 850 851 852 853 854]] [57 [856 857 858 859 861 862 865 866]] [58 [871 872 873 875 876 877 878 880 881 884]] [59 [885 887 889 890 892 894 895 896 897 898 899]] [60 [901 904 905 907 910 911 912 913 914]] [61 [916 917 919 920 921 923 926 927 928 929]] [62 [930 932 938 939 940 941 942 943 944]] [63 [948 949 950 953 956 958 959]] [64 [960 963 965 966 967 969 970 971 972]] [65 [975 976 977 978 979 982 985 987 988]] [66 [991 992 993 994 995 996 997 998 1000 1002 1003]] [67 [1005 1007 1008 1009 1010 1011 1012 1013 1014 1015 1018]] [68 [1021 1022 1024 1025 1027 1029 1032 1033 1034]] [69 [1035 1036 1037 1039 1040 1042 1043 1044 1047]] [70 [1051 1054 1055 1056 1057 1058 1060 1061 1063]] [71 [1065 1067 1068 1069 1072 1074 1076 1077 1078]] [72 [1082 1084 1087 1088 1089 1090 1091 1092 1094]] [73 [1095 1096 1098 1101 1103 1104 1105 1106 1107 1108 1109]] [74 [1110 1111 1116 1117 1123 1124]] [75 [1125 1128 1135 1136 1137 1138]] [76 [1140 1141 1142 1143 1144 1147 1148 1149 1150 1153]] [77 [1156 1157 1158 1159 1161 1162 1164 1165 1167 1168]] [78 [1173 1174 1178 1179 1180 1181 1182 1183]] [79 [1185 1188 1189 1190 1191 1193 1196 1197]] [80 [1200 1202 1204 1206 1207 1209 1210 1212 1213 1214]] [81 [1215 1217 1218 1219 1221 1222 1223 1226 1227 1228]] [82 [1230 1232 1234 1235 1236 1238 1239 1242 1243]] [83 [1246 1247 1251 1252 1253 1254 1255 1256 1258 1259]] [84 [1260 1261 1263 1264 1266 1267 1268 1270 1271]] [85 [1275 1277 1278 1279 1282]] [86 [1296 1303 1304]] [87 [1307 1308 1311 1313 1314 1315 1316 1318 1319]] [88 [1321 1324 1325 1326 1327 1328 1330 1332 1334]] [89 [1338 1340 1341 1343 1348 1349]] [90 [1351 1353 1354 1355 1358 1359 1362]] [91 [1366 1367 1369 1370 1371]] [92 [1381 1382 1383]] [93 [1395 1396 1399]] [94 [1415 1418 1419 1420 1422 1423 1424]] [95 [1426 1428 1430 1431 1432 1434 1435 1436 1437]] [96 [1440 1443 1445 1446 1447 1448 1450 1451 1452 1454]] [97 [1458 1459 1463 1464 1465 1467 1468]] [98 [1471 1473 1479 1480 1481 1482 1484]] [99 [1485 1486 1491 1492 1495 1496 1497 1498 1499]]]",,"[[{media 50} [[""A"" [4]]]] [{media 51} [[""A"" [1]]]] [{media 52} [[""A"" [2]]]] [{media 54} [[""A"" [5]]]] [{media 55} [[""A"" [1]]]] [{media 56} [[""A"" [1]]]] [{media 57} [[""A"" [6]]]] [{media 58} [[""A"" [2]]]] [{media 59} [[""A"" [4]]]] [{media 60} [[""A"" [0]]]] [{media 62} [[""A"" [3]]]] [{media 63} [[""A"" [0]]]] [{media 64} [[""A"" [2]]]] [{citizen 2} [[""A"" [1]]]] [{citizen 6} [[""A"" [0]]]] [{citizen 15} [[""A"" [0]]]] [{citizen 21} [[""A"" [1]]]] [{citizen 30} [[""A"" [0]]]] [{citizen 13} [[""A"" [1]]]] [{media 53} [[""A"" [1]]]] [{citizen 5} [[""A"" [0]]]] [{media 61} [[""A"" [1]]]] [{citizen 1} [[""A"" [0]]]] [{citizen 31} [[""A"" [0]]]] [{citizen 26} [[""A"" [1]]]] [{citizen 7} [[""A"" [0]]]] [{citizen 49} [[""A"" [0]]]] [{citizen 45} [[""A"" [2]]]] [{citizen 23} [[""A"" [0]]]] [{citizen 8} [[""A"" [3]]]] [{citizen 47} [[""A"" [3]]]] [{citizen 36} [[""A"" [1]]]] [{citizen 19} [[""A"" [0]]]] [{citizen 38} [[""A"" [1]]]] [{citizen 17} [[""A"" [0]]]] [{citizen 40} [[""A"" [0]]]] [{citizen 48} [[""A"" [2]]]] [{citizen 43} [[""A"" [0]]]] [{citizen 39} [[""A"" [0]]]] [{citizen 10} [[""A"" [2]]]] [{citizen 27} [[""A"" [0]]]] [{citizen 0} [[""A"" [0]]]] [{citizen 37} [[""A"" [0]]]] [{citizen 22} [[""A"" [1]]]] [{citizen 18} [[""A"" [0]]]] [{citizen 11} [[""A"" [1]]]] [{citizen 16} [[""A"" [0]]]] [{citizen 44} [[""A"" [1]]]] [{citizen 34} [[""A"" [0]]]] [{citizen 28} [[""A"" [1]]]] [{citizen 25} [[""A"" [0]]]] [{citizen 9} [[""A"" [1]]]] [{citizen 12} [[""A"" [2]]]] [{citizen 33} [[""A"" [0]]]] [{citizen 20} [[""A"" [1]]]] [{citizen 14} [[""A"" [0]]]] [{citizen 32} [[""A"" [1]]]] [{citizen 4} [[""A"" [0]]]] [{citizen 29} [[""A"" [1]]]] [{citizen 41} [[""A"" [1]]]] [{citizen 3} [[""A"" [0]]]] [{citizen 35} [[""A"" [2]]]] [{citizen 46} [[""A"" [1]]]] [{citizen 24} [[""A"" [1]]]]]"
"43","[213 0 42]","155.1063829787234","4.213272236074241","-8.521753485457012","""circle""","""""","9.9","{breed citizens}","false","0.5","1","""up""",,"[[""ID"" 46] [""alpha"" 1] [""beta"" 1] [""malleable"" [""A""]] [""prior"" []] [""cont_tokens"" []] [""A"" 1]]","[[0 [0 1 2 3 4 5 6 7 8 9 10 11 12 13 14]] [1 [15 17 18 19 20 21 22 23 24 27 29]] [2 [30 31 32 33 34 35 36 37 39 40 41 42 43 44]] [3 [45 46 47 48 49 50 51 52 53 54 55 56 57 58 59]] [4 [60 61 62 63 64 65 66 67 68 69 70 71 73 74]] [5 [75 76 77 78 79 80 81 82 83 84 85 86 87 88 89]] [6 [91 93 94 95 96 97 98 99 101 102 103]] [7 [105 106 108 110 111 112 113 114 115 117 118]] [8 [120 121 122 123 125 126 127 128 129 130 131 132 133 134]] [9 [135 136 137 138 139 140 141 142 143 144 145 146 147 148 149]] [10 [150 151 152 153 154 155 156 157 158 159 160 161 162 163 164]] [11 [165 166 167 168 169 170 171 172 173 174 175 176 178 179]] [12 [180 181 183 184 185 186 187 188 189 190 191 192 193 194]] [13 [195 196 197 198 199 200 201 202 203 204 205 207 208 209]] [14 [210 211 212 213 214 215 216 217 218 219 220 221 222 223 224]] [15 [225 226 227 228 229 230 231 232 233 235 236 238 239]] [16 [240 243 244 245 246 247 248 249 250 251 252 253 254]] [17 [255 256 257 258 259 260 261 262 263 264 265 266 267 268 269]] [18 [270 271 272 273 274 275 276 277 278 279 280 281 282 283 284]] [19 [285 286 287 288 289 290 291 292 293 294 295 298 299]] [20 [300 301 302 303 304 305 306 307 308 309 310 311 312 313 314]] [21 [315 316 317 318 319 320 321 322 323 324 325 326 327 328 329]] [22 [330 331 332 333 334 335 336 337 338 339 340 341 342 343 344]] [23 [345 346 347 348 349 350 351 352 353 354 355 356 357 358 359]] [24 [360 361 362 363 364 365 366 367 368 369 370 371 372 373 374]] [25 [375 376 377 378 379 380 381 382 383 384 385 386 387 388 389]] [26 [390 391 392 394 395 396 398 399 400 401 402 403 404]] [27 [405 406 407 408 409 410 411 412 413 414 415 416 417 418 419]] [28 [420 421 422 423 424 425 426 427 428 429 430 431 432 433 434]] [29 [435 436 437 438 439 440 441 442 443 444 445 446 447 448 449]] [30 [450 451 452 453 454 455 456 457 458 459 460 461 462 463 464]] [31 [465 466 467 468 469 470 471 472 473 474 475 476 477 478 479]] [32 [480 481 482 483 484 486 487 488 489 490 491 492 493 494]] [33 [497 498 499 500 501 502 503 504 505 506 507 508 509]] [34 [510 511 512 513 514 515 516 517 518 519 520 521 522 523 524]] [35 [525 527 528 529 531 532 533 536 537 538 539]] [36 [540 541 542 543 544 545 546 548 549 550 551 552 553 554]] [37 [555 556 557 558 559 560 561 562 563 564 565 566 567 568 569]] [38 [570 571 572 573 574 575 576 577 578 579 580 581 582 583 584]] [39 [585 586 587 588 589 590 591 592 593 594 595 596 598 599]] [40 [600 602 603 604 605 606 607 608 610 611 612 613 614]] [41 [615 616 617 618 619 621 622 623 624 625 626 627 628 629]] [42 [630 631 632 633 634 635 636 637 638 640 641 642 643 644]] [43 [645 646 647 648 649 650 651 652 653 654 655 656 657 658 659]] [44 [660 661 662 663 664 665 666 667 668 669 670 671 672 673]] [45 [675 676 678 679 681 683 684 685 686 687 689]] [46 [690 691 692 693 694 695 696 697 698 699 700 701 702 703 704]] [47 [705 706 707 708 709 710 711 712 713 714 716 717 718]] [48 [720 721 722 723 724 727 728 729 730 731 732 733 734]] [49 [735 736 737 738 739 740 741 742 743 744 745 746 747 748 749]] [50 [750 751 752 753 754 755 756 757 758 759 760 761 762 763 764]] [51 [765 766 767 768 770 771 772 773 774 775 777 778 779]] [52 [780 781 782 783 784 785 786 787 788 789 790 791 792 793 794]] [53 [795 796 797 798 799 800 801 803 804 805 806 807 808 809]] [54 [810 811 812 813 814 815 816 817 818 819 820 821 822 823 824]] [55 [825 826 827 830 831 832 833 834 835 836 837 838 839]] [56 [840 841 842 843 844 845 846 847 848 849 850 851 852 853 854]] [57 [855 856 857 858 859 860 861 862 863 864 865 866 868]] [58 [870 871 872 873 874 875 876 877 878 879 880 881 883 884]] [59 [885 886 887 889 890 892 893 894 895 896 897 898 899]] [60 [900 901 902 903 904 905 906 907 908 909 910 911 912 913 914]] [61 [915 916 917 919 920 921 922 923 924 925 926 927 928 929]] [62 [930 931 932 934 935 936 938 939 940 941 942 943 944]] [63 [945 946 947 948 949 950 953 956 957 958 959]] [64 [960 961 962 963 965 966 967 969 970 971 972]] [65 [975 976 977 978 979 980 982 985 987 988]] [66 [991 992 993 994 995 996 997 998 1000 1002 1003]] [67 [1005 1006 1007 1008 1009 1010 1011 1012 1013 1014 1015 1017 1018]] [68 [1021 1022 1024 1025 1026 1027 1028 1029 1032 1033 1034]] [69 [1035 1036 1037 1039 1040 1042 1043 1044 1045 1047 1048]] [70 [1050 1051 1052 1053 1054 1055 1056 1057 1058 1059 1060 1061 1063]] [71 [1065 1066 1067 1068 1069 1070 1071 1072 1073 1074 1075 1076 1077 1078 1079]] [72 [1080 1081 1082 1083 1084 1085 1086 1087 1088 1089 1090 1091 1092 1093 1094]] [73 [1095 1096 1097 1098 1099 1100 1101 1102 1103 1104 1105 1106 1107 1108 1109]] [74 [1110 1111 1112 1113 1114 1115 1116 1117 1118 1119 1120 1121 1122 1123 1124]] [75 [1125 1126 1127 1128 1130 1131 1132 1133 1134 1135 1136 1137 1138 1139]] [76 [1140 1141 1142 1143 1144 1145 1146 1147 1148 1149 1150 1151 1152 1153]] [77 [1155 1156 1157 1158 1159 1160 1161 1162 1163 1164 1165 1167 1168 1169]] [78 [1170 1171 1172 1173 1174 1175 1176 1177 1178 1179 1180 1181 1182 1183 1184]] [79 [1185 1186 1187 1188 1189 1190 1191 1192 1193 1194 1195 1196 1197 1198 1199]] [80 [1200 1201 1202 1203 1204 1205 1206 1207 1208 1209 1210 1211 1212 1213 1214]] [81 [1215 1216 1217 1218 1219 1220 1221 1222 1223 1224 1225 1226 1227 1228 1229]] [82 [1230 1231 1232 1233 1234 1235 1236 1237 1238 1239 1240 1241 1242 1243 1244]] [83 [1245 1246 1247 1248 1249 1250 1251 1252 1253 1254 1255 1256 1257 1258 1259]] [84 [1260 1261 1262 1263 1264 1265 1266 1267 1268 1269 1270 1271 1272 1273 1274]] [85 [1275 1276 1277 1278 1279 1280 1281 1282 1283 1284 1285 1286 1287 1288 1289]] [86 [1290 1291 1292 1293 1294 1295 1296 1297 1298 1299 1300 1301 1302 1303 1304]] [87 [1305 1306 1307 1308 1311 1313 1314 1315 1316 1317 1318 1319]] [88 [1320 1321 1322 1323 1324 1325 1326 1327 1328 1329 1330 1331 1332 1333 1334]] [89 [1336 1337 1338 1339 1340 1341 1342 1343 1344 1345 1346 1347 1348 1349]] [90 [1350 1351 1352 1353 1354 1355 1356 1357 1358 1359 1361 1362 1363 1364]] [91 [1365 1366 1367 1368 1369 1370 1371 1372 1373 1374 1376 1377 1379]] [92 [1380 1381 1382 1383 1384 1385 1386 1387 1388 1389 1390 1391 1392 1393 1394]] [93 [1395 1396 1397 1398 1399 1400 1401 1402 1403 1404 1405 1406 1407 1408 1409]] [94 [1410 1411 1412 1413 1414 1415 1416 1417 1418 1419 1420 1421 1422 1423 1424]] [95 [1425 1426 1427 1428 1429 1430 1431 1432 1433 1434 1435 1436 1437 1439]] [96 [1440 1441 1442 1443 1445 1446 1447 1448 1449 1450 1451 1452 1453 1454]] [97 [1455 1456 1457 1458 1459 1460 1461 1462 1463 1464 1465 1466 1467 1468 1469]] [98 [1471 1472 1473 1474 1475 1476 1477 1478 1479 1480 1481 1482 1484]] [99 [1485 1486 1487 1491 1492 1493 1495 1496 1497 1498 1499]]]","[[0 [0 3 4 6 7 8 11 12 13 14]] [1 [15 17 18 19 20 21 23 24 27 29]] [2 [30 32 34 35 36 37 39 44]] [3 [48 50 51 52 54 55 56 57 58 59]] [4 [61 64 65 66 68 70 73 74]] [5 [77 78 82 83 84 85 86 87 88 89]] [6 [91 94 95 96 97 98 99 101 102 103]] [7 [105 106 108 110 111 112 113 114]] [8 [120 121 126 127 128 131 132 133 134]] [9 [135 136 137 138 139 144 146 148]] [10 [150 151 152 154 155 158 161 163 164]] [11 [165 166 167 168 169 170 172 174 176 178]] [12 [180 184 185 186 187 189 190 191]] [13 [195 200 201 205 208]] [14 [212 215 219 220 223 224]] [15 [225 226 231 232 233 235 236 238 239]] [16 [240 243 244 245 246 249 250 251 254]] [17 [255 257 258 259 260 261 263 264 266 267]] [18 [271 273 275 276 277 279 281 282 283]] [19 [285 286 288 289 290 291 292 293 295]] [20 [300 302 304 305 307 309 314]] [21 [317 319 320]] [22 [334 336 339 340 341 342 343]] [23 [345 346 350 351 353 354]] [24 [361 363 365 366 367 368 369 370 372]] [25 [381 382 383 385 386 388 389]] [26 [390 391 392 394 395 396 398 399 400 404]] [27 [405 406 407 408 409 410 413 414 417 419]] [28 [420 422 423 424 425 427 428 429 430 431 434]] [29 [435 436 439 441 446]] [30 [450 451 452 454 457 458 459 460 461 462 463]] [31 [465 466 467 471 478]] [32 [486 490 492]] [33 [497 503 507]] [34 [510 511 512 513 514 515 516 517 518 519 520 523]] [35 [525 527 528 529 531 532 533 536 537 539]] [36 [540 541 542 543 544 545 546 549 550 553]] [37 [556 559 566 567 569]] [38 [570 571 574 575 578 580 581 582 583]] [39 [585 586 588 589 590 591 592 593 596 598 599]] [40 [600 602 603 607 612 613 614]] [41 [615 616 618 619 622 623 626 627 629]] [42 [631 632 633 634 635 636 637 640 641 642 644]] [43 [645 646 647 650 652 653 654 655 656 657 659]] [44 [660 662 663 664 666 667 669 670 672]] [45 [675 676 678 679 681 683 687 689]] [46 [691 695 698 699 700 701 703 704]] [47 [705 707 709 710 711 712 713 714 717 718]] [48 [720 721 722 723 728 729 731]] [49 [736 738 739 741 745 746 747 748 749]] [50 [753 754 755 756 757 760 761 763 764]] [51 [765 766 768 770 771 772 773 775 777 778]] [52 [780 781 782 783 784 786 787 790 792 793]] [53 [795 797 798 799 800 801 805 807 808]] [54 [810 811 813 815 816 817 818 819 820 822]] [55 [826 827 832 833 834 835 836 838 839]] [56 [840 841 843 846 847 850 851 852 853 854]] [57 [856 857 858 859 860 861 862 865 866]] [58 [871 872 873 875 876 877 878 879 880 881]] [59 [885 886 887 889 890 892 894 895 896 897 899]] [60 [901 904 905 907 910 911 912 913 914]] [61 [915 916 917 919 920 921 923 926 927 928 929]] [62 [930 932 935 936 939 940 941 942 943 944]] [63 [946 947 948 949 950 953 956 958 959]] [64 [960 963 965 966 967 969 970 971 972]] [65 [975 976 977 978 980 982 985 987 988]] [66 [991 992 993 994 995 996 997 998 1000 1002 1003]] [67 [1005 1007 1008 1009 1010 1011 1012 1013 1014 1015 1018]] [68 [1021 1022 1024 1025 1026 1027 1029 1033 1034]] [69 [1035 1036 1037 1039 1040 1042 1043 1045 1047]] [70 [1050 1051 1053 1054 1055 1056 1057 1059]] [71 [1065 1067 1068 1069 1072 1073 1074 1076 1077 1078]] [72 [1080 1081 1083 1084 1087 1093]] [73 [1097 1099 1100 1102]] [74 [1117 1123 1124]] [75 [1125 1128 1130 1132 1133 1134 1135 1136 1137 1138]] [76 [1140 1141 1142 1143 1144 1147 1148 1149 1150 1152]] [77 [1155 1156 1157 1158 1159 1161 1162 1169]] [78 [1171 1172 1175 1177 1184]] [79 [1186 1187 1188 1189 1190 1191 1193 1195 1196 1197]] [80 [1200 1202 1204 1206 1207 1210 1211 1212 1213 1214]] [81 [1217 1218 1219 1221 1222 1223 1224 1225 1229]] [82 [1231 1233 1235 1238 1239 1244]] [83 [1246 1249 1250 1257]] [84 [1262 1269 1271 1272 1274]] [85 [1281 1283 1284 1285 1286 1287 1289]] [86 [1290 1291 1292 1293 1294 1295 1297 1299 1300 1301]] [87 [1305 1306 1307 1308 1311 1314 1315 1316 1318 1319]] [88 [1321 1324 1325 1326 1327 1328 1330 1332 1334]] [89 [1339 1340 1341 1342 1344 1345 1346 1347 1348 1349]] [90 [1351 1353 1355 1358 1359 1362 1363 1364]] [91 [1365 1366 1367 1369 1370 1372 1373 1374 1376 1379]] [92 [1380 1384 1385 1386 1387 1388 1389 1390 1392]] [93 [1397 1398 1400 1401 1403 1404 1405 1406 1407 1409]] [94 [1410 1412 1413 1414 1416 1417 1421 1422 1423 1424]] [95 [1426 1429 1431 1432 1434 1435 1436 1437 1439]] [96 [1440 1443 1445 1446 1447 1448 1450 1451 1453]] [97 [1455 1456 1457 1460 1461 1466 1467 1468]] [98 [1471 1472 1473 1479 1480 1481 1482 1484]] [99 [1485 1487 1491 1492 1493 1495 1496 1497 1498 1499]]]",,"[[{citizen 48} [[""A"" [3]]]] [{media 50} [[""A"" [4]]]] [{media 51} [[""A"" [1]]]] [{media 52} [[""A"" [2]]]] [{media 53} [[""A"" [1]]]] [{media 54} [[""A"" [5]]]] [{media 57} [[""A"" [6]]]] [{media 58} [[""A"" [2]]]] [{media 59} [[""A"" [4]]]] [{media 60} [[""A"" [0]]]] [{media 62} [[""A"" [3]]]] [{media 63} [[""A"" [0]]]] [{media 64} [[""A"" [2]]]] [{citizen 0} [[""A"" [1]]]] [{citizen 1} [[""A"" [1]]]] [{citizen 5} [[""A"" [1]]]] [{media 56} [[""A"" [1]]]] [{citizen 2} [[""A"" [1]]]] [{citizen 6} [[""A"" [1]]]] [{citizen 40} [[""A"" [1]]]] [{citizen 7} [[""A"" [1]]]] [{media 55} [[""A"" [1]]]] [{citizen 17} [[""A"" [1]]]] [{citizen 13} [[""A"" [1]]]] [{media 61} [[""A"" [1]]]] [{citizen 31} [[""A"" [3]]]] [{citizen 26} [[""A"" [3]]]] [{citizen 49} [[""A"" [2]]]] [{citizen 42} [[""A"" [1]]]] [{citizen 30} [[""A"" [1]]]] [{citizen 15} [[""A"" [0]]]] [{citizen 14} [[""A"" [1]]]] [{citizen 11} [[""A"" [1]]]] [{citizen 20} [[""A"" [1]]]] [{citizen 8} [[""A"" [3]]]] [{citizen 28} [[""A"" [1]]]] [{citizen 9} [[""A"" [1]]]] [{citizen 12} [[""A"" [3]]]] [{citizen 18} [[""A"" [1]]]] [{citizen 22} [[""A"" [1]]]] [{citizen 21} [[""A"" [1]]]] [{citizen 44} [[""A"" [1]]]] [{citizen 16} [[""A"" [1]]]] [{citizen 45} [[""A"" [2]]]] [{citizen 39} [[""A"" [1]]]] [{citizen 19} [[""A"" [1]]]] [{citizen 23} [[""A"" [1]]]] [{citizen 47} [[""A"" [3]]]] [{citizen 36} [[""A"" [1]]]] [{citizen 38} [[""A"" [1]]]] [{citizen 34} [[""A"" [1]]]] [{citizen 25} [[""A"" [1]]]] [{citizen 33} [[""A"" [1]]]] [{citizen 37} [[""A"" [1]]]] [{citizen 10} [[""A"" [3]]]] [{citizen 32} [[""A"" [1]]]] [{citizen 27} [[""A"" [1]]]] [{citizen 4} [[""A"" [1]]]] [{citizen 41} [[""A"" [1]]]] [{citizen 29} [[""A"" [1]]]] [{citizen 3} [[""A"" [1]]]] [{citizen 35} [[""A"" [2]]]] [{citizen 46} [[""A"" [1]]]] [{citizen 24} [[""A"" [1]]]]]"
"44","[213 0 42]","273.82978723404256","-9.965933514645863","0.1963724615607788","""circle""","""""","9.9","{breed citizens}","false","0.5","1","""up""",,"[[""ID"" 13] [""alpha"" 1] [""beta"" 1] [""malleable"" [""A""]] [""prior"" []] [""cont_tokens"" []] [""A"" 1]]","[[0 [0 1 2 3 4 5 6 7 8 9 10 11 12 13 14]] [1 [15 17 18 19 20 21 22 23 24 25 26 27 28 29]] [2 [30 31 32 33 34 35 36 37 38 39 40 41 42 43 44]] [3 [45 46 47 48 49 50 51 52 53 54 55 56 57 58 59]] [4 [60 61 62 63 64 65 66 67 68 69 70 71 73 74]] [5 [75 76 77 78 79 80 81 82 83 84 85 86 87 88 89]] [6 [91 93 94 95 96 97 98 99 101 102 103]] [7 [105 106 108 110 111 112 113 114 115 117 118]] [8 [120 121 122 123 124 125 126 127 128 129 130 131 132 133 134]] [9 [135 136 137 138 139 140 141 142 143 144 145 146 147 148 149]] [10 [150 151 152 153 154 155 157 158 159 160 161 162 163 164]] [11 [165 166 167 168 169 170 171 172 173 174 175 176 178 179]] [12 [180 181 183 184 185 186 187 189 190 191 192 193 194]] [13 [195 196 197 198 199 200 201 202 203 204 205 206 207 208 209]] [14 [210 211 212 213 214 215 216 217 218 219 220 221 222 223 224]] [15 [225 226 227 228 229 230 231 232 233 235 236 238 239]] [16 [240 243 244 245 246 247 248 249 250 251 252 253 254]] [17 [255 256 257 258 259 260 261 262 263 264 265 266 267 268 269]] [18 [270 271 272 273 274 275 276 277 278 279 280 281 282 283 284]] [19 [285 286 287 288 289 290 291 292 293 294 295 296 298 299]] [20 [300 301 302 303 304 305 306 307 308 309 310 311 312 313 314]] [21 [315 317 318 319 320 321 322 323 324 325 326 327 328 329]] [22 [330 331 332 333 334 335 336 337 338 339 340 341 342 343 344]] [23 [345 346 347 349 350 351 352 353 354 355 356 357 358 359]] [24 [360 361 362 363 364 365 366 367 368 369 370 371 372 373 374]] [25 [375 376 377 378 379 380 381 382 383 384 385 386 387 388 389]] [26 [390 391 392 394 395 396 398 399 400 401 402 403 404]] [27 [405 406 407 408 409 410 411 412 413 414 415 416 417 418 419]] [28 [420 421 422 423 424 425 426 427 428 429 430 431 432 433 434]] [29 [435 436 437 438 439 440 441 442 443 444 445 446 447 448 449]] [30 [450 451 452 453 454 455 456 457 458 459 460 461 462 463]] [31 [465 466 467 468 469 470 471 472 473 474 475 476 477 478 479]] [32 [480 481 482 483 484 485 486 487 488 489 490 491 492 493 494]] [33 [497 498 499 500 501 502 503 504 505 506 507 508 509]] [34 [510 511 512 513 514 515 516 517 518 519 520 521 522 523 524]] [35 [525 527 528 529 531 532 533 536 537 538 539]] [36 [540 541 542 543 544 545 546 548 549 550 551 552 553 554]] [37 [555 556 557 558 559 560 561 562 563 564 565 566 567 568 569]] [38 [570 571 572 573 574 575 576 577 578 579 580 581 582 583 584]] [39 [585 586 587 588 589 590 591 592 593 594 595 596 598 599]] [40 [600 602 603 604 605 606 607 608 610 611 612 613 614]] [41 [615 616 617 618 619 620 621 622 623 624 625 626 627 628 629]] [42 [630 631 632 633 634 635 636 637 638 640 641 642 643 644]] [43 [645 646 647 648 649 650 651 652 653 654 655 656 657 658 659]] [44 [660 661 662 663 664 665 666 667 668 669 670 671 672 673]] [45 [675 676 677 678 679 680 681 682 683 684 685 686 687 688 689]] [46 [691 693 694 695 696 697 698 699 700 701 702 703 704]] [47 [705 706 707 708 709 710 711 712 713 714 716 717 718]] [48 [720 721 722 723 724 727 728 729 730 731 732 733 734]] [49 [735 736 737 738 739 740 741 742 743 744 745 746 747 748 749]] [50 [750 751 752 753 754 755 756 757 758 759 760 761 762 763 764]] [51 [765 766 767 768 770 771 772 773 774 775 777 778 779]] [52 [780 781 782 783 784 785 786 787 788 789 790 791 792 793 794]] [53 [795 796 797 798 799 800 801 802 803 804 805 806 807 808 809]] [54 [810 811 812 813 814 815 816 817 818 819 820 821 822 823 824]] [55 [825 826 827 830 831 832 833 834 835 836 837 838 839]] [56 [840 841 842 843 844 845 846 847 848 849 850 851 852 853 854]] [57 [855 856 857 858 859 860 861 862 863 864 865 866 868]] [58 [870 871 872 873 874 875 876 877 878 879 880 881 883 884]] [59 [885 886 887 889 890 892 893 894 895 896 897 898 899]] [60 [900 901 902 903 904 905 906 907 908 909 910 911 912 913 914]] [61 [915 916 917 919 920 921 922 923 924 925 926 927 928 929]] [62 [930 931 932 934 935 936 938 939 940 941 942 943 944]] [63 [945 946 947 948 949 950 953 956 957 958 959]] [64 [960 961 962 963 965 966 967 969 970 971 972]] [65 [975 976 977 978 979 980 982 985 987 988]] [66 [991 992 993 994 995 996 997 998 1000 1002 1003]] [67 [1005 1006 1007 1008 1009 1010 1011 1012 1013 1014 1015 1017 1018]] [68 [1021 1022 1024 1025 1026 1027 1028 1029 1032 1033 1034]] [69 [1035 1036 1037 1039 1040 1042 1043 1044 1045 1047 1048]] [70 [1050 1051 1052 1053 1054 1055 1056 1057 1058 1059 1060 1061 1063]] [71 [1065 1066 1067 1068 1069 1070 1071 1072 1073 1074 1075 1076 1077 1078 1079]] [72 [1080 1081 1082 1083 1084 1085 1086 1087 1088 1089 1090 1091 1092 1093 1094]] [73 [1095 1096 1097 1098 1099 1100 1101 1102 1103 1104 1105 1106 1107 1108 1109]] [74 [1110 1111 1112 1113 1114 1115 1116 1117 1118 1119 1120 1121 1122 1123 1124]] [75 [1125 1126 1127 1128 1129 1130 1131 1132 1133 1134 1135 1136 1137 1138 1139]] [76 [1140 1141 1142 1143 1144 1145 1146 1147 1148 1149 1150 1151 1152 1153 1154]] [77 [1155 1156 1157 1158 1159 1160 1161 1162 1163 1164 1165 1167 1168 1169]] [78 [1170 1171 1172 1173 1174 1175 1176 1177 1178 1179 1180 1181 1182 1183]] [79 [1185 1186 1187 1188 1189 1190 1191 1193 1195 1196 1197 1199]] [80 [1200 1201 1202 1203 1204 1205 1206 1207 1208 1209 1210 1211 1212 1213 1214]] [81 [1215 1216 1217 1218 1219 1220 1221 1222 1223 1224 1225 1226 1227 1228 1229]] [82 [1230 1231 1232 1233 1234 1235 1236 1237 1238 1239 1240 1241 1242 1243 1244]] [83 [1245 1246 1247 1248 1249 1250 1251 1252 1253 1254 1255 1256 1257 1258 1259]] [84 [1260 1261 1262 1263 1264 1265 1266 1267 1268 1269 1270 1271 1272 1273 1274]] [85 [1275 1276 1277 1278 1279 1280 1281 1282 1283 1284 1285 1286 1287 1288 1289]] [86 [1292 1293 1294 1295 1296 1297 1298 1299 1300 1301 1302 1303 1304]] [87 [1305 1306 1307 1308 1309 1310 1311 1312 1313 1314 1315 1316 1317 1318 1319]] [88 [1320 1321 1322 1323 1324 1325 1326 1327 1328 1329 1330 1331 1332 1333 1334]] [89 [1335 1336 1337 1338 1339 1340 1341 1342 1343 1344 1345 1346 1347 1348 1349]] [90 [1350 1351 1352 1353 1354 1355 1356 1357 1358 1359 1361 1362 1363 1364]] [91 [1365 1366 1367 1368 1369 1370 1371 1372 1373 1374 1376 1377 1379]] [92 [1380 1381 1382 1383 1384 1385 1386 1387 1388 1389 1390 1391 1392 1393 1394]] [93 [1395 1396 1397 1398 1399 1400 1401 1402 1403 1404 1405 1406 1407 1408 1409]] [94 [1410 1411 1412 1413 1414 1415 1416 1417 1418 1419 1420 1421 1422 1423 1424]] [95 [1425 1426 1427 1428 1429 1430 1431 1432 1433 1434 1435 1436 1437 1439]] [96 [1440 1441 1442 1443 1445 1446 1447 1448 1449 1450 1451 1452 1453 1454]] [97 [1455 1456 1457 1458 1459 1460 1461 1462 1463 1464 1465 1466 1467 1468 1469]] [98 [1470 1471 1472 1473 1474 1475 1476 1477 1478 1479 1480 1481 1482 1484]] [99 [1485 1486 1487 1491 1492 1493 1495 1496 1497 1498 1499]]]","[[0 [1 2 5 6 7 8 10 11 12 13 14]] [1 [15 17 18 19 20 22 25 26 28]] [2 [31 36 37 39 44]] [3 [45 46 47 49 51 52 58]] [4 [62 63 64 65 66 68 70 73 74]] [5 [77 78 82 83 84 85 86 87 88 89]] [6 [91 94 95 96 97 98 99 101 102 103]] [7 [105 106 108 111 112 113 114]] [8 [120 121 126 127 128 130 131 132 133 134]] [9 [135 136 137 138 139 142 145 147 149]] [10 [153 155 158 161 163 164]] [11 [165 166 167 168 169 170 172 174 175 178 179]] [12 [180 184 185 186 189 190 192 193 194]] [13 [196 198 199 202 203 204 205 208]] [14 [212 215 219 220 223 224]] [15 [225 226 231 232 233 235 236 238 239]] [16 [240 243 244 245 246 249 250 253 254]] [17 [255 256 262 265 268]] [18 [270 272 273 275 276 277 279 281 282 283]] [19 [285 286 288 289 290 291 292 294 298 299]] [20 [300 302 304 305 307 308 310 311 312 313]] [21 [318 321 322 323 324 325 326 327 328]] [22 [330 334 336 340 341 342 343]] [23 [345 346 350 351 352 353 354]] [24 [362 364 372]] [25 [378 381 382 383 385 386 388]] [26 [390 391 392 394 395 396 398 399 401 402 403 404]] [27 [405 406 407 408 409 410 411 412 415 416 418]] [28 [420 422 423 424 425 426 427 428 432 434]] [29 [435 436 439 441 446]] [30 [450 453 455 459 461 462 463]] [31 [465 466 467 471 478]] [32 [486 489 490 492]] [33 [497 503 507]] [34 [510 511 512 513 514 515 516 518 519 520 523]] [35 [525 528 531 532 533 536 537 539]] [36 [540 541 542 543 544 545 548 551 552 553]] [37 [556 559 566 567 568 569]] [38 [570 571 574 575 578 580 581 582 583]] [39 [585 586 588 589 590 591 592 593 596 598 599]] [40 [600 602 603 608 610 613]] [41 [617 619 622 623 626 627 629]] [42 [632 633 634 635 638 640 641 642 644]] [43 [645 646 647 650 652 653 654 655 656 659]] [44 [660 661 663 664 665 668 673]] [45 [677 680 682 684 685 686 687 689]] [46 [691 694 695 698 699 700 701 702 703 704]] [47 [705 706 707 709 710 711 712 713 714 717 718]] [48 [720 721 722 724 727 730 732 733 734]] [49 [735 740 745 746 747 748 749]] [50 [753 754 755 756 757 760 761 762 763 764]] [51 [765 766 768 770 771 773 775 777]] [52 [781 782 783 784 786 787 788 789 791 794]] [53 [796 797 798 799 800 805 807 808]] [54 [810 812 814 816 817 818 819 820 822 824]] [55 [825 826 827 832 833 834 835 837 838 839]] [56 [840 841 843 846 847 850 851 852 853 854]] [57 [856 857 858 859 861 862 865 866]] [58 [871 872 873 875 876 878 880 881 884]] [59 [885 892 894 895 896 897 898]] [60 [900 901 902 904 905 907 911 912 913 914]] [61 [915 916 917 919 920 921 923 926 927 928 929]] [62 [930 931 934 936 939 940 941 942 943 944]] [63 [948 949 950 953 956 958 959]] [64 [960 963 965 966 967 969 970 971 972]] [65 [975 976 977 978 979 980 982 985 987 988]] [66 [991 992 993 994 995 996 997 998 1000 1002 1003]] [67 [1005 1007 1008 1009 1010 1012 1013 1014 1015 1018]] [68 [1021 1022 1024 1025 1027 1028 1029 1032 1033 1034]] [69 [1035 1036 1037 1039 1040 1042 1043 1045 1047]] [70 [1051 1054 1055 1056 1057 1058 1060 1061 1063]] [71 [1066 1067 1068 1069 1072 1073 1074 1076 1077 1078]] [72 [1080 1081 1083 1086 1088 1089 1090 1091 1092 1094]] [73 [1095 1096 1098 1101 1103 1104 1105 1106 1107 1108 1109]] [74 [1110 1111 1116 1117 1123]] [75 [1125 1128 1131 1139]] [76 [1145 1146 1151 1152]] [77 [1155 1156 1157 1158 1159 1163 1164 1165 1167 1168]] [78 [1173 1174 1176 1178 1179 1180 1181 1182 1183]] [79 [1186 1187 1188 1189 1190 1191 1193 1196 1197]] [80 [1200 1202 1204 1205 1206 1207 1209 1210 1211]] [81 [1216 1218 1219 1221 1222 1223 1224 1228]] [82 [1230 1232 1234 1235 1236 1238 1239 1242 1243 1244]] [83 [1246 1249 1250 1257]] [84 [1260 1261 1263 1264 1266 1267 1268 1270 1272]] [85 [1275 1277 1278 1279 1282]] [86 [1298 1303 1304]] [87 [1307 1308 1311 1314 1315 1316 1317]] [88 [1320 1322 1323]] [89 [1335 1337 1338 1340 1341 1342 1344 1345 1346 1347 1348 1349]] [90 [1351 1353 1354 1355 1357 1358 1359 1362]] [91 [1366 1367 1369 1370 1371]] [92 [1380 1381 1382 1383]] [93 [1395 1396 1399 1408]] [94 [1411 1414 1417 1421 1422 1423 1424]] [95 [1426 1428 1429 1431 1432 1434 1435 1436 1437]] [96 [1440 1442 1445 1446 1447 1448 1450 1451 1452 1454]] [97 [1455 1456 1457 1460 1461 1466 1467 1468 1469]] [98 [1471 1473 1476 1477 1478 1480 1481 1482 1484]] [99 [1485 1487 1491 1492 1493 1495 1496 1497 1498 1499]]]",,"[[{media 50} [[""A"" [4]]]] [{media 51} [[""A"" [1]]]] [{media 52} [[""A"" [2]]]] [{media 54} [[""A"" [5]]]] [{media 55} [[""A"" [1]]]] [{media 56} [[""A"" [1]]]] [{media 57} [[""A"" [6]]]] [{media 58} [[""A"" [2]]]] [{media 59} [[""A"" [4]]]] [{media 60} [[""A"" [0]]]] [{media 62} [[""A"" [3]]]] [{media 63} [[""A"" [0]]]] [{media 64} [[""A"" [2]]]] [{citizen 2} [[""A"" [0]]]] [{citizen 6} [[""A"" [0]]]] [{citizen 16} [[""A"" [0]]]] [{citizen 28} [[""A"" [1]]]] [{citizen 18} [[""A"" [0]]]] [{citizen 21} [[""A"" [0]]]] [{citizen 30} [[""A"" [0]]]] [{media 53} [[""A"" [1]]]] [{citizen 5} [[""A"" [0]]]] [{media 61} [[""A"" [1]]]] [{citizen 31} [[""A"" [0]]]] [{citizen 26} [[""A"" [2]]]] [{citizen 7} [[""A"" [2]]]] [{citizen 49} [[""A"" [0]]]] [{citizen 13} [[""A"" [0]]]] [{citizen 42} [[""A"" [2]]]] [{citizen 15} [[""A"" [0]]]] [{citizen 1} [[""A"" [0]]]] [{citizen 14} [[""A"" [0]]]] [{citizen 11} [[""A"" [0]]]] [{citizen 20} [[""A"" [1]]]] [{citizen 8} [[""A"" [3]]]] [{citizen 0} [[""A"" [1]]]] [{citizen 9} [[""A"" [1]]]] [{citizen 12} [[""A"" [2]]]] [{citizen 22} [[""A"" [1]]]] [{citizen 45} [[""A"" [2]]]] [{citizen 23} [[""A"" [0]]]] [{citizen 47} [[""A"" [2]]]] [{citizen 36} [[""A"" [1]]]] [{citizen 19} [[""A"" [0]]]] [{citizen 38} [[""A"" [1]]]] [{citizen 17} [[""A"" [0]]]] [{citizen 40} [[""A"" [0]]]] [{citizen 48} [[""A"" [0]]]] [{citizen 43} [[""A"" [0]]]] [{citizen 39} [[""A"" [0]]]] [{citizen 10} [[""A"" [1]]]] [{citizen 27} [[""A"" [2]]]] [{citizen 37} [[""A"" [0]]]] [{citizen 34} [[""A"" [1]]]] [{citizen 25} [[""A"" [0]]]] [{citizen 33} [[""A"" [0]]]] [{citizen 4} [[""A"" [1]]]] [{citizen 29} [[""A"" [0]]]] [{citizen 41} [[""A"" [0]]]] [{citizen 32} [[""A"" [1]]]] [{citizen 3} [[""A"" [1]]]] [{citizen 35} [[""A"" [2]]]] [{citizen 46} [[""A"" [2]]]] [{citizen 24} [[""A"" [0]]]]]"
"45","[213 0 42]","285.3191489361702","-10.325956203784083","2.733354280256783","""circle""","""""","9.9","{breed citizens}","false","0.5","1","""up""",,"[[""ID"" 3] [""alpha"" 1] [""beta"" 1] [""malleable"" [""A""]] [""prior"" []] [""cont_tokens"" []] [""A"" 1]]","[[0 [0 1 2 3 4 5 6 7 8 9 10 11 12 13 14]] [1 [15 17 18 19 20 21 22 23 24 27 29]] [2 [30 31 32 33 34 35 36 37 39 40 41 42 43 44]] [3 [45 46 47 48 49 50 51 52 53 54 55 56 57 58 59]] [4 [60 61 62 63 64 65 66 67 68 69 70 71 73 74]] [5 [75 76 77 78 79 80 81 82 83 84 85 86 87 88 89]] [6 [91 93 94 95 96 97 98 99 101 102 103]] [7 [105 106 108 110 111 112 113 114 115 117 118]] [8 [120 121 123 125 126 127 128 129 130 131 132 133 134]] [9 [135 136 137 138 139 140 141 142 143 144 145 146 147 148 149]] [10 [150 151 152 153 154 155 157 158 159 160 161 162 163 164]] [11 [165 166 167 168 169 170 171 172 173 174 175 176 178 179]] [12 [180 181 183 184 185 186 187 188 189 190 191 192 193 194]] [13 [195 196 197 198 199 200 201 202 203 204 205 206 207 208 209]] [14 [210 211 212 213 214 215 216 217 218 219 220 221 222 223 224]] [15 [225 226 227 228 229 230 231 232 233 234 235 236 237 238 239]] [16 [240 243 244 245 246 247 248 249 250 251 252 253 254]] [17 [255 256 257 258 259 260 261 262 263 264 265 266 267 268 269]] [18 [270 271 272 273 274 275 276 277 278 279 280 281 282 283 284]] [19 [285 286 287 288 289 290 291 292 293 294 295 296 298 299]] [20 [300 302 303 304 305 307 308 309 310 311 312 313 314]] [21 [315 317 318 319 320 321 322 323 324 325 326 327 328 329]] [22 [330 331 332 334 335 336 337 338 339 340 341 342 343 344]] [23 [345 346 347 349 350 351 352 353 354 355 356 357 358 359]] [24 [360 361 362 363 364 365 366 367 368 369 370 371 372 373 374]] [25 [375 376 377 378 379 380 381 382 383 384 385 386 387 388 389]] [26 [390 391 392 394 395 396 398 399 400 401 402 403 404]] [27 [405 406 407 408 409 410 411 412 413 414 415 416 417 418 419]] [28 [420 421 422 423 424 425 426 427 428 429 430 431 432 433 434]] [29 [435 436 437 438 439 440 441 442 443 444 445 446 447 448 449]] [30 [450 451 452 453 454 455 456 457 458 459 460 461 462 463]] [31 [465 466 467 468 469 470 471 472 473 474 475 476 477 478 479]] [32 [480 481 482 483 484 485 486 487 488 489 490 491 492 493 494]] [33 [495 496 497 499 500 501 502 503 504 505 506 507 508 509]] [34 [510 511 512 513 514 515 516 517 518 519 520 521 522 523 524]] [35 [525 527 528 529 531 532 533 536 537 538 539]] [36 [540 541 542 543 544 545 546 548 549 550 551 552 553 554]] [37 [555 556 557 558 559 560 561 562 563 564 565 566 567 568 569]] [38 [570 571 572 573 574 575 576 577 578 579 580 581 582 583 584]] [39 [585 586 587 588 589 590 591 592 593 594 595 596 598 599]] [40 [600 602 603 604 605 606 607 608 610 611 612 613 614]] [41 [615 616 617 618 619 621 622 623 624 625 626 627 628 629]] [42 [630 631 632 633 634 635 636 637 638 640 641 642 643 644]] [43 [645 646 647 648 649 650 651 652 653 654 655 656 657 658 659]] [44 [660 661 662 663 664 665 666 667 668 669 670 671 672 673]] [45 [675 676 677 678 679 680 681 682 683 684 685 686 687 688 689]] [46 [691 693 694 695 696 697 698 699 700 701 702 703 704]] [47 [705 706 707 708 709 710 711 712 713 714 716 717 718]] [48 [720 721 722 723 724 727 728 729 730 731 732 733 734]] [49 [735 736 737 738 739 740 741 742 743 744 745 746 747 748 749]] [50 [752 753 754 755 756 757 758 759 760 761 762 763 764]] [51 [765 766 768 770 771 772 773 774 775 777 778 779]] [52 [780 781 782 783 784 785 786 787 788 789 790 791 792 793 794]] [53 [795 796 797 798 799 800 801 802 803 804 805 806 807 808 809]] [54 [810 811 812 813 814 815 816 817 818 819 820 821 822 823 824]] [55 [825 826 827 828 829 830 831 832 833 834 835 836 837 838 839]] [56 [840 841 842 843 844 845 846 847 848 849 850 851 852 853 854]] [57 [855 856 857 858 859 860 861 862 863 864 865 866 868]] [58 [870 871 872 873 874 875 876 877 878 879 880 881 883 884]] [59 [885 886 887 889 890 892 893 894 895 896 897 898 899]] [60 [900 901 902 903 904 905 906 907 908 909 910 911 912 913 914]] [61 [915 916 917 919 920 921 922 923 924 925 926 927 928 929]] [62 [930 931 932 934 935 936 938 939 940 941 942 943 944]] [63 [945 946 947 948 949 950 953 956 957 958 959]] [64 [960 961 962 963 965 966 967 969 970 971 972]] [65 [975 976 977 978 979 980 982 985 987 988]] [66 [991 992 993 994 995 996 997 998 1000 1002 1003]] [67 [1005 1006 1007 1008 1009 1010 1011 1012 1013 1014 1015 1017 1018]] [68 [1021 1022 1024 1025 1026 1027 1028 1029 1032 1033 1034]] [69 [1035 1036 1037 1039 1040 1042 1043 1044 1045 1047 1048]] [70 [1050 1051 1052 1053 1054 1055 1056 1057 1058 1059 1060 1061 1063]] [71 [1065 1066 1067 1068 1069 1070 1071 1072 1073 1074 1075 1076 1077 1078 1079]] [72 [1080 1081 1082 1083 1084 1085 1086 1087 1088 1089 1090 1091 1092 1093 1094]] [73 [1095 1096 1097 1098 1099 1100 1101 1102 1103 1104 1105 1106 1107 1108 1109]] [74 [1110 1111 1112 1113 1114 1115 1116 1117 1118 1119 1120 1121 1122 1123 1124]] [75 [1125 1126 1127 1128 1130 1132 1133 1134 1135 1136 1137 1138 1139]] [76 [1140 1141 1142 1143 1144 1145 1146 1147 1148 1149 1150 1151 1152 1153]] [77 [1155 1156 1157 1158 1159 1161 1162 1163 1164 1165 1167 1168 1169]] [78 [1170 1171 1172 1173 1174 1175 1176 1177 1178 1179 1180 1181 1182 1183 1184]] [79 [1185 1186 1187 1188 1189 1190 1191 1192 1193 1194 1195 1196 1197 1198 1199]] [80 [1200 1201 1202 1203 1204 1205 1206 1207 1208 1209 1210 1211 1212 1213 1214]] [81 [1215 1216 1217 1218 1219 1220 1221 1222 1223 1224 1225 1226 1227 1228 1229]] [82 [1230 1231 1232 1233 1234 1235 1236 1237 1238 1239 1240 1241 1242 1243 1244]] [83 [1245 1246 1247 1248 1249 1250 1251 1252 1253 1254 1255 1256 1257 1258 1259]] [84 [1260 1261 1262 1263 1264 1265 1266 1267 1268 1269 1270 1271 1272 1273 1274]] [85 [1275 1276 1277 1278 1279 1280 1281 1282 1283 1284 1285 1286 1287 1288 1289]] [86 [1292 1293 1294 1295 1296 1297 1298 1299 1300 1301 1302 1303 1304]] [87 [1305 1306 1307 1308 1309 1310 1311 1312 1313 1314 1315 1316 1317 1318 1319]] [88 [1320 1321 1322 1323 1324 1325 1326 1327 1328 1329 1330 1331 1332 1333 1334]] [89 [1335 1336 1337 1338 1339 1340 1341 1342 1343 1344 1345 1346 1347 1348 1349]] [90 [1350 1351 1352 1353 1354 1355 1356 1357 1358 1359 1361 1362 1363 1364]] [91 [1365 1366 1367 1368 1369 1370 1371 1372 1373 1374 1376 1377 1379]] [92 [1380 1381 1382 1383 1384 1385 1386 1387 1388 1389 1390 1391 1392 1393 1394]] [93 [1395 1396 1397 1398 1399 1400 1401 1405 1406 1407 1408 1409]] [94 [1411 1412 1413 1414 1415 1416 1417 1418 1419 1420 1421 1422 1423 1424]] [95 [1425 1426 1427 1428 1429 1430 1431 1432 1433 1434 1435 1436 1437 1439]] [96 [1440 1441 1442 1443 1445 1446 1447 1448 1449 1450 1451 1452 1453 1454]] [97 [1455 1456 1457 1458 1459 1460 1461 1462 1463 1464 1465 1466 1467 1468 1469]] [98 [1470 1471 1472 1473 1474 1475 1476 1477 1478 1479 1480 1481 1482 1483 1484]] [99 [1485 1486 1487 1491 1492 1493 1495 1496 1497 1498 1499]]]","[[0 [1 2 9 10 11 12 13 14]] [1 [15 17 18 19 20 22 23 24 27 29]] [2 [30 32 34 35 36 37 42 44]] [3 [50 51 52 54 55 56 57 58 59]] [4 [61 62 63 64 65 66 67 71]] [5 [75 76 80 81 85 86 88 89]] [6 [91 94 95 96 97 98 99 101 102 103]] [7 [105 106 108 110 111 112 113 114 115 117 118]] [8 [120 121 126 127 128 130 131 132 133 134]] [9 [135 136 137 138 139 147 149]] [10 [153 154 155 157 158 160 162 164]] [11 [165 166 167 168 169 170 172 173 174 175 176 178]] [12 [180 183 185 186 187 189 190 192 193 194]] [13 [196 197 198 199 202 203 204 205 208]] [14 [212 215]] [15 [227 228 229 230 231 232 233 235 236 238 239]] [16 [240 243 244 245 246 249 250 252]] [17 [257 258 259 260 261 263 264 265 268 269]] [18 [271 273 275 276 277 278 279 281 282 283]] [19 [285 286 288 289 290 291 292 294 298 299]] [20 [302 304 305 307 308 310 311 312 313]] [21 [315 317 319 320 328 329]] [22 [330 332 335 337 338 339 340 341 342 343]] [23 [345 346 350 351 353 355 356 357 358 359]] [24 [360 361 363 365 366 367 368 369 370 372]] [25 [381 382 383 385 386 388 389]] [26 [391 392 394 395 396 398 399 400 404]] [27 [405 406 407 408 409 410 411 412 418]] [28 [420 422 423 424 425 427 428 429 430 431 433]] [29 [437 446]] [30 [450 451 452 454 457 458 459 460 461 462 463]] [31 [465 466 467 468 469 470 472 473 474 475 476 477 479]] [32 [480 481 482 483 484 487 488 491 493 494]] [33 [495 496 499 500 501 502 503 507]] [34 [510 514 515 516 517 518 519 520 523]] [35 [525 529 531 532 533 536 537 539]] [36 [540 541 542 543 544 545 546 550 554]] [37 [555 558 559 566 567 569]] [38 [570 571 574 575 577 578 580 581 582 583]] [39 [585 588 589 590 591 593 596 598 599]] [40 [603 607 613 614]] [41 [615 616 618 619 622 623 626 627 629]] [42 [633 634 635 637 638 640 641 642 644]] [43 [645 646 647 650 652 653 654 655 656 657 659]] [44 [661 662 663 664 665 668 673]] [45 [677 680 682 684 685 686 687 689]] [46 [691 694 695 698 699 700 701 702 703 704]] [47 [705 708 709 710 711 712 713 714 717 718]] [48 [720 721 722 723 724 727 730 732 733 734]] [49 [735 736 738 739 740 741 745 746 747 748 749]] [50 [753 754 755 756 757 760 761 762]] [51 [765 766 768 770 771 773 775 777]] [52 [780 781 782 783 784 786 787 788 789 791 794]] [53 [796 797 798 799 800 801 805 807 808]] [54 [810 812 814 820 822 824]] [55 [825 826 827 830 831 834 835 836]] [56 [844 845 846 847 850 851 852 853 854]] [57 [856 857 858 859 860 861 862 864 865 866]] [58 [871 872 873 875 876 878 880 881 884]] [59 [886 887 889 890 892 893 894 895 896 898]] [60 [900 901 904 905 907 910 911 912 913 914]] [61 [916 917 919 920 921 923 926 927 928 929]] [62 [930 931 934 935 936 939 940 941 942 943 944]] [63 [946 947 948 949 950 953 956 957 958 959]] [64 [960 963 965 966 969 970 971 972]] [65 [975 976 977 978 979 982 985 987 988]] [66 [991 992 993 994 995 996 997 998 1000 1002 1003]] [67 [1005 1007 1008 1009 1010 1011 1012 1013 1014 1015 1018]] [68 [1021 1022 1024 1025 1027 1028 1029 1033 1034]] [69 [1035 1036 1037 1039 1040 1042 1043 1045 1047]] [70 [1051 1054 1055 1056 1057 1059]] [71 [1065 1067 1068 1069 1072 1073 1074 1076 1077 1078]] [72 [1083 1086 1088 1089 1090 1091 1092 1094]] [73 [1095 1096 1098 1101 1103 1104 1105 1106 1107 1108 1109]] [74 [1110 1112 1113 1114 1115 1118 1119 1120 1121 1122]] [75 [1126 1127 1128 1130 1132 1133 1134 1135 1136 1137 1138]] [76 [1140 1142 1143 1144 1147 1148 1149 1150 1153]] [77 [1156 1157 1158 1159 1161 1162 1169]] [78 [1171 1172 1174 1176 1178 1179 1180 1181 1182 1183]] [79 [1185 1186 1187 1188 1189 1190 1191 1193 1196 1197 1199]] [80 [1201 1203 1205 1206 1207 1209 1212 1213 1214]] [81 [1215 1217 1218 1219 1221 1222 1223 1226 1227 1228]] [82 [1230 1232 1234 1235 1236 1238 1239 1242 1243 1244]] [83 [1246 1249 1252 1253 1254 1255 1256 1258 1259]] [84 [1260 1261 1263 1264 1265 1267 1268 1270 1271]] [85 [1275 1276 1277 1278 1279 1282]] [86 [1292 1293 1294 1295 1297 1299 1300 1301 1302 1304]] [87 [1307 1308 1311 1313 1315 1316 1317]] [88 [1320 1321 1324 1325 1326 1328 1330 1332 1333 1334]] [89 [1338 1340 1341 1342 1344 1345 1346 1347 1348 1349]] [90 [1351 1353 1354 1355 1358 1359 1362 1363 1364]] [91 [1365 1366 1367 1369 1370 1371]] [92 [1381 1382 1383]] [93 [1396 1399]] [94 [1411 1415 1418 1419 1420 1423 1424]] [95 [1426 1429 1430 1431 1432 1434 1435 1436 1437]] [96 [1440 1443 1445 1446 1447 1448 1450 1451 1452 1454]] [97 [1458 1459 1464]] [98 [1472 1473 1479 1480 1481 1482 1484]] [99 [1485 1487 1491 1492 1493 1499]]]",,"[[{media 50} [[""A"" [4]]]] [{media 52} [[""A"" [2]]]] [{media 54} [[""A"" [5]]]] [{media 55} [[""A"" [1]]]] [{media 56} [[""A"" [1]]]] [{media 57} [[""A"" [6]]]] [{media 58} [[""A"" [2]]]] [{media 60} [[""A"" [0]]]] [{media 62} [[""A"" [3]]]] [{media 64} [[""A"" [2]]]] [{citizen 8} [[""A"" [1]]]] [{citizen 23} [[""A"" [1]]]] [{citizen 39} [[""A"" [0]]]] [{citizen 6} [[""A"" [1]]]] [{citizen 16} [[""A"" [1]]]] [{media 59} [[""A"" [4]]]] [{citizen 5} [[""A"" [1]]]] [{citizen 7} [[""A"" [1]]]] [{media 51} [[""A"" [1]]]] [{citizen 10} [[""A"" [3]]]] [{media 53} [[""A"" [1]]]] [{media 63} [[""A"" [0]]]] [{media 61} [[""A"" [1]]]] [{citizen 1} [[""A"" [1]]]] [{citizen 11} [[""A"" [1]]]] [{citizen 31} [[""A"" [1]]]] [{citizen 26} [[""A"" [3]]]] [{citizen 49} [[""A"" [1]]]] [{citizen 13} [[""A"" [1]]]] [{citizen 42} [[""A"" [1]]]] [{citizen 30} [[""A"" [1]]]] [{citizen 15} [[""A"" [1]]]] [{citizen 14} [[""A"" [1]]]] [{citizen 20} [[""A"" [1]]]] [{citizen 28} [[""A"" [1]]]] [{citizen 0} [[""A"" [1]]]] [{citizen 9} [[""A"" [1]]]] [{citizen 12} [[""A"" [3]]]] [{citizen 2} [[""A"" [1]]]] [{citizen 18} [[""A"" [1]]]] [{citizen 22} [[""A"" [1]]]] [{citizen 21} [[""A"" [1]]]] [{citizen 44} [[""A"" [1]]]] [{citizen 34} [[""A"" [1]]]] [{citizen 48} [[""A"" [1]]]] [{citizen 25} [[""A"" [0]]]] [{citizen 33} [[""A"" [0]]]] [{citizen 36} [[""A"" [1]]]] [{citizen 37} [[""A"" [0]]]] [{citizen 40} [[""A"" [1]]]] [{citizen 43} [[""A"" [1]]]] [{citizen 17} [[""A"" [1]]]] [{citizen 27} [[""A"" [1]]]] [{citizen 19} [[""A"" [1]]]] [{citizen 32} [[""A"" [1]]]] [{citizen 38} [[""A"" [1]]]] [{citizen 4} [[""A"" [1]]]] [{citizen 41} [[""A"" [1]]]] [{citizen 29} [[""A"" [1]]]] [{citizen 47} [[""A"" [1]]]] [{citizen 3} [[""A"" [1]]]] [{citizen 35} [[""A"" [2]]]] [{citizen 46} [[""A"" [1]]]] [{citizen 24} [[""A"" [1]]]]]"
"46","[213 0 42]","237.44680851063828","-8.102293799566864","-5.1580973669861745","""circle""","""""","9.9","{breed citizens}","false","0.5","1","""up""",,"[[""ID"" 12] [""alpha"" 1] [""beta"" 1] [""malleable"" [""A""]] [""prior"" []] [""cont_tokens"" []] [""A"" 1]]","[[0 [0 1 2 3 4 5 6 7 9 10 11 12 13 14]] [1 [16 25 26 28]] [2 [31 37 38 39 44]] [3 [45 46 47 48 49 50 51 52 54 58]] [4 [60 61 62 63 64 65 66 67 68 69 70 71 73 74]] [5 [75 76 77 78 79 80 81 82 83 84 85 86 87 88 89]] [6 [91 93 94 95 96 97 98 99 100 101 102 103 104]] [7 [105 106 108 110 111 112 113 114 115 117 118]] [8 [120 121 123 125 126 127 128 129 130 131 132 133 134]] [9 [135 136 137 138 139 140 141 142 143 144 145 146 147 148 149]] [10 [150 151 152 153 154 155 156 157 158 159 160 161 162 163 164]] [11 [165 166 167 168 169 170 171 172 173 174 175 176 178 179]] [12 [180 181 183 184 185 186 187 189 190 191 192 193 194]] [13 [195 196 197 198 199 200 201 202 203 204 205 207 208 209]] [14 [210 211 212 213 214 215 216 217 218 219 220 221 222 223 224]] [15 [225 226 227 228 229 230 231 232 233 234 235 236 237 238 239]] [16 [241 242 247 251 254]] [17 [255 256 257 258 259 260 261 262 263 264 265 266 267 268 269]] [18 [270 271 272 273 274 275 276 277 278 279 280 281 282 283 284]] [19 [285 286 288 289 290 291 292 293 294 295 296 297 298 299]] [20 [300 301 302 303 304 305 306 307 308 309 310 311 312 313 314]] [21 [315 317 318 319 320 321 322 323 324 325 326 327 328 329]] [22 [330 331 332 333 334 335 336 337 338 339 340 341 342 343 344]] [23 [345 346 350 351 352 353 354 355 356 357 358 359]] [24 [360 361 362 363 364 365 366 367 368 369 370 371 372 373 374]] [25 [375 376 377 378 379 380 381 382 383 384 385 386 388 389]] [26 [390 391 392 394 395 396 398 399 400 401 402 403 404]] [27 [405 406 407 408 409 410 411 412 413 414 415 416 417 418 419]] [28 [420 421 422 423 424 425 426 427 428 429 430 431 432 433 434]] [29 [435 436 437 438 439 440 441 442 443 444 445 446 447 448 449]] [30 [450 451 452 453 454 455 456 457 458 459 460 461 462 463 464]] [31 [465 466 467 468 469 470 471 472 473 474 475 476 477 478 479]] [32 [486 489 490 492]] [33 [497 498 499 500 501 502 503 504 505 506 507 508 509]] [34 [510 511 512 513 514 515 516 517 518 519 520 521 523 524]] [35 [525 527 528 529 531 532 533 536 537 538 539]] [36 [540 541 542 543 544 545 546 548 549 550 551 552 553 554]] [37 [555 556 557 558 559 560 561 562 563 564 565 566 567 568 569]] [38 [570 571 572 573 574 575 576 577 578 579 580 581 582 583 584]] [39 [585 586 587 588 589 590 591 592 593 594 595 596 598 599]] [40 [600 602 603 604 605 606 607 608 610 611 612 613 614]] [41 [615 616 617 618 619 621 622 623 624 625 626 627 628 629]] [42 [630 631 632 633 634 635 636 637 638 640 641 642 643 644]] [43 [645 646 647 648 649 650 651 652 653 654 655 656 657 658 659]] [44 [660 661 662 663 664 665 666 667 668 669 670 671 672 673]] [45 [675 676 677 678 679 680 681 682 683 684 685 686 687 689]] [46 [691 693 694 695 696 697 698 699 700 701 702 703 704]] [47 [705 706 707 708 709 710 711 712 713 714 716 717 718]] [48 [720 721 722 723 724 727 728 729 730 731 732 733 734]] [49 [735 736 737 738 739 740 741 742 743 744 745 746 747 748 749]] [50 [750 751 752 753 754 755 756 757 758 759 760 761 762 763 764]] [51 [765 766 767 768 770 771 772 773 774 775 777 778 779]] [52 [780 781 782 783 784 785 786 787 788 789 790 791 792 793 794]] [53 [795 796 797 798 799 800 801 803 804 805 806 807 808 809]] [54 [810 811 812 813 814 815 816 817 818 819 820 821 822 823 824]] [55 [825 826 827 828 829 830 831 832 833 834 835 836 837 838 839]] [56 [840 841 842 843 844 845 846 847 848 849 850 851 852 853 854]] [57 [855 856 857 858 859 860 861 862 863 864 865 866 868]] [58 [870 871 872 873 874 875 876 877 878 879 880 881 883 884]] [59 [885 886 887 889 890 892 893 894 895 896 897 898 899]] [60 [900 901 902 903 904 905 906 907 908 909 910 911 912 913 914]] [61 [915 916 917 919 920 921 922 923 924 925 926 927 928 929]] [62 [930 931 932 934 935 936 938 939 940 941 942 943 944]] [63 [945 946 947 948 949 950 953 956 957 958 959]] [64 [960 961 962 963 965 966 967 969 970 971 972]] [65 [975 976 977 978 979 980 982 985 987 988]] [66 [991 992 993 994 995 996 997 998 1000 1002 1003]] [67 [1005 1006 1007 1008 1009 1010 1011 1012 1013 1014 1015 1017 1018]] [68 [1021 1022 1024 1025 1026 1027 1028 1029 1032 1033 1034]] [69 [1035 1036 1037 1039 1040 1042 1043 1044 1045 1047 1048]] [70 [1050 1051 1052 1053 1054 1055 1056 1057 1058 1059 1060 1061 1063]] [71 [1065 1066 1067 1068 1069 1070 1071 1072 1073 1074 1075 1076 1077 1078 1079]] [72 [1080 1081 1082 1083 1084 1085 1086 1087 1088 1089 1090 1091 1092 1093 1094]] [73 [1095 1096 1097 1098 1099 1100 1101 1102 1103 1104 1105 1106 1107 1108 1109]] [74 [1110 1111 1112 1113 1114 1115 1116 1117 1118 1119 1120 1121 1122 1123 1124]] [75 [1125 1126 1127 1128 1130 1131 1132 1133 1134 1135 1136 1137 1138 1139]] [76 [1140 1141 1142 1143 1144 1145 1146 1147 1148 1149 1150 1151 1152 1153 1154]] [77 [1155 1156 1157 1158 1159 1161 1162 1163 1164 1165 1167 1168 1169]] [78 [1170 1171 1172 1173 1174 1175 1176 1177 1178 1179 1180 1181 1182 1183]] [79 [1185 1186 1187 1188 1189 1190 1191 1192 1193 1194 1195 1196 1197 1198 1199]] [80 [1201 1203 1205 1206 1207 1208 1209 1210 1211 1212 1213 1214]] [81 [1215 1216 1217 1218 1219 1220 1221 1222 1223 1224 1225 1226 1227 1228 1229]] [82 [1230 1231 1232 1233 1234 1235 1236 1237 1238 1239 1240 1241 1242 1243 1244]] [83 [1245 1246 1247 1248 1249 1250 1251 1252 1253 1254 1255 1256 1257 1258 1259]] [84 [1260 1261 1262 1263 1264 1265 1266 1267 1268 1269 1270 1271 1272 1274]] [85 [1275 1276 1277 1278 1279 1280 1281 1282 1283 1284 1285 1286 1287 1288 1289]] [86 [1290 1291 1292 1293 1294 1295 1296 1297 1298 1299 1300 1301 1302 1303 1304]] [87 [1305 1306 1307 1308 1309 1310 1311 1312 1313 1314 1315 1316 1317 1318 1319]] [88 [1320 1321 1322 1323 1324 1325 1326 1327 1328 1329 1330 1331 1332 1333 1334]] [89 [1336 1337 1338 1339 1340 1341 1342 1343 1344 1345 1346 1347 1348 1349]] [90 [1350 1351 1352 1353 1354 1355 1356 1357 1358 1359 1361 1362 1363 1364]] [91 [1365 1366 1367 1368 1369 1370 1371 1372 1373 1374 1376 1377 1379]] [92 [1380 1381 1382 1383 1384 1385 1386 1387 1388 1389 1390 1391 1392 1393 1394]] [93 [1395 1396 1397 1398 1399 1400 1401 1402 1403 1404 1405 1406 1407 1408 1409]] [94 [1410 1411 1412 1413 1414 1416 1417 1420 1421 1422 1423 1424]] [95 [1425 1426 1427 1428 1429 1430 1431 1432 1433 1434 1435 1436 1437 1439]] [96 [1440 1441 1442 1443 1445 1446 1447 1448 1449 1450 1451 1452 1453 1454]] [97 [1455 1456 1457 1458 1459 1460 1461 1462 1463 1464 1465 1466 1467 1468 1469]] [98 [1471 1472 1473 1474 1475 1476 1477 1478 1479 1480 1481 1482 1484]] [99 [1485 1486 1487 1491 1492 1493 1495 1496 1497 1498 1499]]]","[[0 [1 2]] [1 [16 25 26 28]] [2 [31 37 44]] [3 [48 50 51 52 54 58]] [4 [62 63 64 65 66 67 71]] [5 [75 76 79 81 87 88 89]] [6 [91 94 95 96 97 98 99 101 102 103]] [7 [105 106 108 111 112 113 114 115 117 118]] [8 [120 121 126 127 128 130 131 132 133 134]] [9 [135 136 137 138 139 142 145 147 148]] [10 [150 151 152 154 155 158 161 163 164]] [11 [165 166 167 168 169 170 172 174 176 178 179]] [12 [180 184 185 186 187 189 190 191]] [13 [195 201 208]] [14 [212 215]] [15 [234 237]] [16 [241 242 247 251 254]] [17 [255 258 259 260 261 263 264 266 267 269]] [18 [270 272 274 280 284]] [19 [293 295 296]] [20 [300 302 303 305 307 308 310 311 312 313]] [21 [318 321 322 323 324 325 326 327 328]] [22 [330 332 335 337 338 339 340 341 342 343]] [23 [345 346 350 352 353 354 355 357 358 359]] [24 [360 361 363 365 366 367 368 373 374]] [25 [375 376 377 379 380 383 385 386 388 389]] [26 [390 391 392 394 395 396 398 399 404]] [27 [405 406 407 408 409 410 412 413 414 417 419]] [28 [420 422 423 424 425 426 427 428 429 430 431 434]] [29 [435 436 438 440 442 443 444 445 447 448 449]] [30 [451 452 454 455 456]] [31 [465 466 467 471 478]] [32 [486 489 490 492]] [33 [497 498 500 501 502 504 505 508 509]] [34 [511 512 513 515 517 518 519 520 523]] [35 [525 528 529 531 532 533 536 537 538]] [36 [540 541 543 544 545 548 551 552 553]] [37 [556 557 560 561 562 563 564 565 567 568 569]] [38 [570 571 574 575 578 580 582 583 584]] [39 [587 594 595 598 599]] [40 [600 602 604 605 606 608 610 611 614]] [41 [615 616 619 622 623 626 627 629]] [42 [631 632 633 634 635 637 640 641 642 644]] [43 [645 646 647 650 652 653 654 655 656 657 659]] [44 [660 662 663 664 666 667 669 670 671 672]] [45 [675 676 678 679 681 683 687 689]] [46 [691 695 696 697 704]] [47 [705 706 707 708 709 710 711 712 713 714 717 718]] [48 [720 721 722 724 727 729 730 732 733 734]] [49 [735 736 738 739 740 741 743 744]] [50 [751 752 758 759 763 764]] [51 [765 766 768 770 771 773 775 777 778]] [52 [780 781 782 783 784 786 787 788 792 793]] [53 [795 796 797 798 799 800 803 804 806 808]] [54 [810 811 813 815 816 817 818 819 820 822]] [55 [827 832 833 834 835 837 838 839]] [56 [840 841 843 847 850 851 852 853 854]] [57 [856 857 859 860 861 862 864 865 866]] [58 [871 872 873 875 876 877 878 879 880 881 884]] [59 [885 886 887 889 890 892 894 895 896 897 899]] [60 [903 906 908 909 913 914]] [61 [915 916 917 919 920 921 923 926 927 928 929]] [62 [930 931 934 936 939 940 941 942 943 944]] [63 [946 947 948 949 950 953 956 957 958 959]] [64 [960 962 963 965 966 967 969 970 971 972]] [65 [975 976 977 978 979 982 985 987 988]] [66 [991 992 993 994 995 996 997 1000 1002 1003]] [67 [1005 1007 1008 1009 1010 1012 1013 1014 1015 1018]] [68 [1021 1022 1024 1025 1027 1028 1029 1032 1033 1034]] [69 [1035 1036 1037 1039 1040 1042 1043 1045 1047 1048]] [70 [1052 1053 1054 1055 1056 1057 1060 1061 1063]] [71 [1065 1067 1068 1069 1072 1073 1074 1076 1077 1078]] [72 [1083 1086 1087 1093]] [73 [1097 1099 1100 1102]] [74 [1116 1123 1124]] [75 [1125 1128 1134 1135 1136 1137 1139]] [76 [1141 1142 1143 1144 1147 1148 1149 1150 1153]] [77 [1155 1156 1157 1158 1159 1161 1162 1164 1165 1167 1168]] [78 [1170 1171 1172 1175 1177]] [79 [1194 1198]] [80 [1201 1203 1210 1212 1213 1214]] [81 [1215 1216 1220 1224 1226 1227 1228]] [82 [1230 1232 1234 1235 1236 1238 1239 1241 1242 1243 1244]] [83 [1246 1247 1251 1252 1253 1254 1255 1256 1258 1259]] [84 [1260 1261 1263 1264 1265 1269 1271]] [85 [1275 1276 1277 1278 1279]] [86 [1292 1293 1294 1295 1297 1299 1300 1301 1302 1304]] [87 [1309 1310 1312 1313 1315 1316 1317]] [88 [1320 1324 1325 1326 1328 1330 1332 1333 1334]] [89 [1338 1341 1342 1344 1345 1346 1347 1348 1349]] [90 [1350 1352 1354 1355 1358 1359 1362 1363 1364]] [91 [1365 1366 1367 1369 1370 1371 1376 1377 1379]] [92 [1380 1384 1385 1386 1388 1389 1390 1392 1394]] [93 [1398 1400 1401 1405 1406 1407 1409]] [94 [1410 1412 1413 1414 1416 1420 1423 1424]] [95 [1426 1429 1431 1432 1434 1435 1436 1437]] [96 [1440 1443 1445 1446 1447 1448 1449 1450 1451 1453]] [97 [1455 1456 1457 1460 1461 1462 1464 1465 1466 1467 1468]] [98 [1471 1474 1475 1476 1477 1478 1480 1481 1482 1484]] [99 [1485 1487 1491 1492 1493 1495 1496 1498 1499]]]",,"[[{media 50} [[""A"" [4]]]] [{media 52} [[""A"" [2]]]] [{media 54} [[""A"" [5]]]] [{media 55} [[""A"" [1]]]] [{media 56} [[""A"" [1]]]] [{media 57} [[""A"" [6]]]] [{media 58} [[""A"" [2]]]] [{media 60} [[""A"" [0]]]] [{media 62} [[""A"" [3]]]] [{media 63} [[""A"" [0]]]] [{media 64} [[""A"" [2]]]] [{citizen 17} [[""A"" [0]]]] [{media 59} [[""A"" [4]]]] [{citizen 5} [[""A"" [1]]]] [{citizen 7} [[""A"" [1]]]] [{citizen 11} [[""A"" [1]]]] [{media 53} [[""A"" [1]]]] [{citizen 13} [[""A"" [1]]]] [{media 61} [[""A"" [1]]]] [{citizen 1} [[""A"" [1]]]] [{citizen 39} [[""A"" [0]]]] [{citizen 26} [[""A"" [3]]]] [{citizen 0} [[""A"" [1]]]] [{citizen 3} [[""A"" [1]]]] [{citizen 27} [[""A"" [1]]]] [{citizen 47} [[""A"" [1]]]] [{citizen 28} [[""A"" [1]]]] [{citizen 41} [[""A"" [1]]]] [{citizen 14} [[""A"" [1]]]] [{citizen 37} [[""A"" [1]]]] [{citizen 32} [[""A"" [1]]]] [{citizen 48} [[""A"" [1]]]] [{citizen 18} [[""A"" [1]]]] [{citizen 38} [[""A"" [1]]]] [{citizen 44} [[""A"" [1]]]] [{citizen 49} [[""A"" [1]]]] [{citizen 16} [[""A"" [1]]]] [{citizen 21} [[""A"" [1]]]] [{citizen 8} [[""A"" [1]]]] [{citizen 35} [[""A"" [2]]]] [{citizen 22} [[""A"" [1]]]] [{citizen 33} [[""A"" [1]]]] [{citizen 15} [[""A"" [1]]]] [{citizen 10} [[""A"" [1]]]] [{citizen 23} [[""A"" [1]]]] [{citizen 31} [[""A"" [1]]]] [{citizen 9} [[""A"" [1]]]] [{citizen 25} [[""A"" [1]]]] [{citizen 6} [[""A"" [1]]]] [{citizen 30} [[""A"" [0]]]] [{citizen 43} [[""A"" [1]]]] [{citizen 40} [[""A"" [1]]]] [{citizen 2} [[""A"" [1]]]] [{citizen 29} [[""A"" [1]]]] [{citizen 20} [[""A"" [1]]]] [{citizen 4} [[""A"" [1]]]] [{citizen 34} [[""A"" [1]]]] [{citizen 42} [[""A"" [1]]]] [{citizen 45} [[""A"" [2]]]] [{citizen 36} [[""A"" [1]]]] [{media 51} [[""A"" [1]]]] [{citizen 19} [[""A"" [1]]]] [{citizen 24} [[""A"" [1]]]] [{citizen 12} [[""A"" [1]]]]]"
"47","[213 0 42]","348.5106382978724","-0.7662787995357244","5.31041569260025","""circle""","""""","9.9","{breed citizens}","false","0.5","1","""up""",,"[[""ID"" 43] [""alpha"" 1] [""beta"" 1] [""malleable"" [""A""]] [""prior"" []] [""cont_tokens"" []] [""A"" 1]]","[[0 [0 1 2 3 4 5 6 7 8 10 11 12 13 14]] [1 [15 17 18 19 20 21 22 23 24 25 26 27 28 29]] [2 [30 31 32 33 34 35 36 37 39 40 41 42 43 44]] [3 [45 46 47 48 49 50 51 52 53 54 55 56 57 58 59]] [4 [60 61 62 63 64 65 66 67 68 69 70 71 73 74]] [5 [75 76 77 78 79 80 81 82 83 84 85 86 87 88 89]] [6 [91 93 94 95 96 97 98 99 101 102 103]] [7 [105 106 108 110 111 112 113 114 115 117 118]] [8 [120 121 123 125 126 127 128 129 130 131 132 133 134]] [9 [135 136 137 138 139 140 141 142 143 144 145 146 147 148 149]] [10 [150 151 152 153 154 155 156 157 158 159 160 161 162 163 164]] [11 [165 166 167 168 169 170 171 172 173 174 175 176 178 179]] [12 [180 181 183 184 185 186 187 189 190 191 192 193 194]] [13 [195 196 197 198 199 200 201 202 203 204 205 206 207 208 209]] [14 [210 211 212 213 214 215 216 217 218 219 220 221 222 223 224]] [15 [225 226 227 228 229 230 231 232 233 234 235 236 237 238 239]] [16 [240 243 244 245 246 247 248 249 250 251 252 253 254]] [17 [255 256 257 258 259 260 261 262 263 264 265 266 267 268 269]] [18 [270 271 272 273 274 275 276 277 278 279 280 281 282 283 284]] [19 [285 286 287 288 289 290 291 292 293 294 295 296 298 299]] [20 [300 302 303 304 305 307 308 309 310 311 312 313 314]] [21 [315 317 318 319 320 321 322 323 324 325 326 327 328 329]] [22 [330 331 332 334 335 336 337 338 339 340 341 342 343 344]] [23 [345 346 350 351 352 353 354 355 356 357 358 359]] [24 [360 361 362 363 364 365 366 367 368 369 370 371 372 373 374]] [25 [375 376 377 379 380 381 382 383 384 385 386 388 389]] [26 [390 391 392 394 395 396 398 399 400 401 402 403 404]] [27 [405 406 407 408 409 410 411 412 413 414 415 416 417 418 419]] [28 [420 421 422 423 424 425 426 427 428 429 430 431 432 433 434]] [29 [435 436 437 438 439 440 441 442 443 444 445 446 447 448 449]] [30 [450 451 452 453 454 455 456 457 458 459 460 461 462 463]] [31 [465 466 467 468 469 470 471 472 473 474 475 476 477 478 479]] [32 [480 481 482 483 484 485 486 487 488 489 490 491 492 493 494]] [33 [495 496 497 499 500 501 502 503 504 505 506 507 508 509]] [34 [510 511 512 513 514 515 516 517 518 519 520 523]] [35 [525 527 528 529 531 532 533 536 537 538 539]] [36 [540 541 542 543 544 545 546 548 549 550 551 552 553 554]] [37 [555 556 557 558 559 560 561 562 563 564 565 566 567 568 569]] [38 [570 571 572 573 574 575 576 577 578 579 580 581 582 583 584]] [39 [585 586 587 588 589 590 591 592 593 594 595 596 598 599]] [40 [600 602 603 604 605 606 607 608 610 611 612 613 614]] [41 [615 616 617 618 619 621 622 623 624 625 626 627 628 629]] [42 [630 631 632 633 634 635 636 637 638 640 641 642 643 644]] [43 [645 646 647 648 649 650 651 652 653 654 655 656 657 658 659]] [44 [660 661 662 663 664 665 666 667 668 669 670 671 672 673]] [45 [675 676 677 678 679 680 681 682 683 684 685 686 687 689]] [46 [690 691 692 693 694 695 696 697 698 699 700 701 702 703 704]] [47 [705 706 707 708 709 710 711 712 713 714 716 717 718]] [48 [720 721 722 723 724 727 728 729 730 731 732 733 734]] [49 [735 736 737 738 739 740 741 742 743 744 745 746 747 748 749]] [50 [750 751 752 753 754 755 756 757 758 759 760 761 762 763 764]] [51 [765 766 767 768 770 771 772 773 774 775 777 778 779]] [52 [780 781 782 783 784 785 786 787 788 789 790 791 792 793 794]] [53 [795 796 797 798 799 800 801 802 803 804 805 806 807 808 809]] [54 [810 811 812 813 814 815 816 817 818 819 820 821 822 823 824]] [55 [825 826 827 830 831 832 833 834 835 836 837 838 839]] [56 [840 841 842 843 844 845 846 847 848 849 850 851 852 853 854]] [57 [855 856 857 858 859 860 861 862 863 864 865 866 867 868 869]] [58 [870 871 872 873 874 875 876 877 878 879 880 881 883 884]] [59 [885 886 887 889 890 892 893 894 895 896 897 898 899]] [60 [900 901 902 903 904 905 906 907 908 909 910 911 912 913 914]] [61 [915 916 917 919 920 921 922 923 924 925 926 927 928 929]] [62 [930 931 932 934 935 936 938 939 940 941 942 943 944]] [63 [945 946 947 948 949 950 953 956 957 958 959]] [64 [960 961 962 963 965 966 967 969 970 971 972]] [65 [975 976 977 978 979 980 982 985 987 988]] [66 [991 992 993 994 995 996 997 998 1000 1002 1003]] [67 [1005 1006 1007 1008 1009 1010 1011 1012 1013 1014 1015 1017 1018]] [68 [1021 1022 1024 1025 1026 1027 1028 1029 1032 1033 1034]] [69 [1035 1036 1037 1039 1040 1042 1043 1044 1045 1047 1048]] [70 [1050 1051 1052 1053 1054 1055 1056 1057 1058 1059 1060 1061 1063]] [71 [1065 1066 1067 1068 1069 1070 1071 1072 1073 1074 1075 1076 1077 1078 1079]] [72 [1080 1081 1082 1083 1084 1085 1086 1087 1088 1089 1090 1091 1092 1093 1094]] [73 [1095 1096 1097 1098 1099 1100 1101 1102 1103 1104 1105 1106 1107 1108 1109]] [74 [1110 1111 1112 1113 1114 1115 1116 1117 1118 1119 1120 1121 1122 1123 1124]] [75 [1125 1126 1127 1128 1130 1132 1133 1134 1135 1136 1137 1138 1139]] [76 [1140 1141 1142 1143 1144 1145 1146 1147 1148 1149 1150 1151 1152 1153 1154]] [77 [1155 1156 1157 1158 1159 1161 1162 1163 1164 1165 1167 1168 1169]] [78 [1170 1171 1172 1173 1174 1175 1176 1177 1178 1179 1180 1181 1182 1183 1184]] [79 [1185 1186 1187 1188 1189 1190 1191 1192 1193 1194 1195 1196 1197 1198 1199]] [80 [1200 1201 1202 1203 1204 1205 1206 1207 1208 1209 1210 1211 1212 1213 1214]] [81 [1215 1216 1217 1218 1219 1220 1221 1222 1223 1224 1225 1226 1227 1228 1229]] [82 [1230 1231 1232 1233 1234 1235 1236 1237 1238 1239 1240 1241 1242 1243 1244]] [83 [1245 1246 1247 1248 1249 1250 1251 1252 1253 1254 1255 1256 1257 1258 1259]] [84 [1260 1261 1262 1263 1264 1265 1266 1267 1268 1269 1270 1271 1272 1274]] [85 [1275 1276 1277 1278 1279 1280 1281 1282 1283 1284 1285 1286 1287 1288 1289]] [86 [1292 1293 1294 1295 1296 1297 1298 1299 1300 1301 1302 1303 1304]] [87 [1305 1306 1307 1308 1309 1310 1311 1312 1313 1314 1315 1316 1317 1318 1319]] [88 [1320 1321 1322 1323 1324 1325 1326 1327 1328 1329 1330 1331 1332 1333 1334]] [89 [1335 1336 1337 1338 1339 1340 1341 1342 1343 1344 1345 1346 1347 1348 1349]] [90 [1350 1351 1352 1353 1354 1355 1356 1357 1358 1359 1361 1362 1363 1364]] [91 [1365 1366 1367 1368 1369 1370 1371 1372 1373 1374 1376 1377 1379]] [92 [1380 1381 1382 1383 1384 1385 1386 1387 1388 1389 1390 1391 1392 1393 1394]] [93 [1395 1396 1397 1398 1399 1400 1401 1402 1403 1404 1405 1406 1407 1408 1409]] [94 [1410 1411 1412 1413 1414 1415 1416 1417 1418 1419 1420 1421 1422 1423 1424]] [95 [1425 1426 1427 1428 1429 1430 1431 1432 1433 1434 1435 1436 1437 1439]] [96 [1440 1441 1442 1443 1445 1446 1447 1448 1449 1450 1451 1452 1453 1454]] [97 [1455 1456 1457 1458 1459 1460 1461 1462 1463 1464 1465 1466 1467 1468 1469]] [98 [1471 1472 1473 1474 1475 1476 1477 1478 1479 1480 1481 1482 1484]] [99 [1485 1486 1487 1491 1492 1493 1495 1496 1497 1498 1499]]]","[[0 [4 6 8 10 11 12 13 14]] [1 [15 17 18 19 20 21 23 24 27 29]] [2 [30 32 33 34 35 36 37 39 44]] [3 [45 46 47 49 54 55 56 57 59]] [4 [61 64 65 66 67 68 69 70 73 74]] [5 [77 78 82 83 84 85 86 87 88 89]] [6 [91 94 95 96 97 98 99 101 102 103]] [7 [105 106 108 111 112 113 114 115 117 118]] [8 [120 121 126 127 128 130 131 132 133 134]] [9 [135 136 137 138 140 141 143 144 146 148]] [10 [150 151 152 154 155 157 158 161 163 164]] [11 [165 166 167 168 169 170 172 174 176 178 179]] [12 [180 183 185 186 187 190 192 193 194]] [13 [196 198 199 202 203 204 205 208]] [14 [211 213 214 217 219 220]] [15 [227 228 229 230 231 232 233 235 236 238 239]] [16 [240 243 244 245 246 248 249 250 251 253 254]] [17 [255 257 258 259 260 261 263 264 265 268 269]] [18 [270 272 273 275 276 277 278 279 281 282 283]] [19 [285 286 287 289 290 291 292 294 298 299]] [20 [300 302 303 305 307 308 310 311 312 313]] [21 [315 317 319 320 328 329]] [22 [331 332 335 337 338 339 340 341 342 343]] [23 [345 346 350 352 353 354 355 357 358 359]] [24 [360 361 363 365 366 367 368 371 374]] [25 [375 376 377 379 380 383 385 386 388 389]] [26 [390 391 392 394 395 396 398 399 400]] [27 [406 407 408 409 410 411 412 416 418 419]] [28 [420 422 423 424 425 426 427 428 431 433]] [29 [437 439 441 446]] [30 [450 451 452 454 455 463]] [31 [465 466 467 468 469 470 472 473 474 475 476 477 479]] [32 [480 481 482 483 484 487 488 491 493 494]] [33 [495 496 499 500 501 502 504 505 508 509]] [34 [512 513 515 516 517 518 519 520 523]] [35 [525 528 529 531 532 533 536 537 538]] [36 [540 541 543 544 545 546 550 554]] [37 [555 558]] [38 [572 573 576 579 580 582 583]] [39 [585 586 588 589 590 591 593 596 598 599]] [40 [600 602 604 605 606 608 610 612 613 614]] [41 [615 618 619 621 624 625 626 627 629]] [42 [631 632 633 634 635 638 640 641 642 644]] [43 [645 646 647 650 652 653 654 655 658]] [44 [660 661 662 664 666 667 669 670 672]] [45 [675 678 679 681 683 685 686 687 689]] [46 [691 694 695 696 697 698 699 700 701 702 703 704]] [47 [705 706 707 708 709 710 711 712 713 714 717 718]] [48 [720 721 722 724 727 729 730 732 733 734]] [49 [735 736 738 739 740 745 746 747 748 749]] [50 [753 754 755 756 757 758 759 763 764]] [51 [765 766 768 770 771 772 773 774 775 777 778]] [52 [780 781 782 783 784 786 787 790 792 793 794]] [53 [796 797 798 799 800 801 805 807 808]] [54 [810 811 813 815 816 817 818 819 820 822 824]] [55 [825 826 827 832 833 834 835 836]] [56 [844 845 848]] [57 [858 859 861 862 864 865 866]] [58 [871 872 873 875 876 877 878 880 881 884]] [59 [886 887 889 890 892 894 895 896 897 899]] [60 [906 908 909 913 914]] [61 [916 917 919 920 921 923 926 927 928]] [62 [931 934 935 936 939 940 941 942 943 944]] [63 [946 947 948 949 950 953 956 958 959]] [64 [960 962 963 965 966 967 969 970 971 972]] [65 [975 976 977 978 980 982 985 987 988]] [66 [991 992 993 994 995 996 997 998 1000 1002 1003]] [67 [1005 1007 1008 1009 1010 1012 1013 1014 1015 1018]] [68 [1021 1022 1024 1025 1027 1028 1029 1033 1034]] [69 [1035 1036 1037 1039 1040 1042 1043 1044 1045 1047 1048]] [70 [1052 1053 1054 1055 1056 1057 1059]] [71 [1065 1069 1072 1073 1074 1076 1077 1079]] [72 [1081 1085 1088 1089 1090 1091 1092 1094]] [73 [1095 1096 1098 1101 1104 1105 1106 1107 1108 1109]] [74 [1110 1112 1113 1114 1115 1118 1119 1120 1121 1122]] [75 [1126 1127 1128 1132 1133 1134 1135 1136 1137 1139]] [76 [1141 1142 1143 1144 1147 1148 1149 1150 1153]] [77 [1155 1156 1157 1158 1159 1161 1162 1164 1165 1167 1168]] [78 [1173 1174 1176 1179 1180 1181 1183]] [79 [1185 1187 1188 1189 1190 1191 1193 1195 1196 1197]] [80 [1200 1202 1204 1206 1207 1209 1212 1213 1214]] [81 [1215 1216 1220 1224 1226 1227 1228]] [82 [1230 1232 1234 1235 1238 1239 1241 1242 1243]] [83 [1247 1251 1252 1253 1254 1255 1256 1258 1259]] [84 [1260 1261 1263 1264 1265 1267 1268 1270 1272]] [85 [1276 1277 1278 1279 1282]] [86 [1296 1303 1304]] [87 [1307 1308 1311 1314 1315 1316 1317]] [88 [1320 1321 1324 1325 1326 1328 1330 1332 1333 1334]] [89 [1339 1340 1341 1342 1344 1345 1346 1347 1348 1349]] [90 [1350 1352 1353 1354 1355 1357 1362 1363 1364]] [91 [1365 1368 1370 1372 1373 1374 1377 1379]] [92 [1380 1384 1385 1386 1387 1388 1389 1390 1392 1394]] [93 [1396 1399 1408]] [94 [1411 1413 1414 1416 1420 1422 1423 1424]] [95 [1426 1428 1429 1430 1431 1432 1434 1435 1436 1437]] [96 [1440 1442 1445 1446 1447 1448 1450 1451 1453]] [97 [1455 1456 1457 1460 1461 1462 1464 1465 1466 1467 1468 1469]] [98 [1471 1475 1476 1477 1478 1480 1481 1482 1484]] [99 [1485 1487 1491 1492 1493 1498 1499]]]",,"[[{media 51} [[""A"" [1]]]] [{media 53} [[""A"" [1]]]] [{media 59} [[""A"" [4]]]] [{media 61} [[""A"" [1]]]] [{media 63} [[""A"" [0]]]] [{media 60} [[""A"" [0]]]] [{citizen 8} [[""A"" [1]]]] [{media 54} [[""A"" [5]]]] [{citizen 4} [[""A"" [1]]]] [{media 57} [[""A"" [6]]]] [{citizen 0} [[""A"" [1]]]] [{citizen 1} [[""A"" [1]]]] [{media 56} [[""A"" [1]]]] [{media 52} [[""A"" [2]]]] [{citizen 6} [[""A"" [1]]]] [{citizen 9} [[""A"" [1]]]] [{media 58} [[""A"" [2]]]] [{media 55} [[""A"" [1]]]] [{citizen 7} [[""A"" [1]]]] [{media 62} [[""A"" [3]]]] [{media 64} [[""A"" [2]]]] [{citizen 31} [[""A"" [1]]]] [{citizen 26} [[""A"" [1]]]] [{citizen 49} [[""A"" [1]]]] [{citizen 13} [[""A"" [1]]]] [{citizen 42} [[""A"" [1]]]] [{citizen 30} [[""A"" [1]]]] [{citizen 5} [[""A"" [1]]]] [{citizen 15} [[""A"" [1]]]] [{citizen 14} [[""A"" [1]]]] [{citizen 11} [[""A"" [1]]]] [{citizen 20} [[""A"" [1]]]] [{citizen 28} [[""A"" [1]]]] [{citizen 45} [[""A"" [2]]]] [{citizen 23} [[""A"" [1]]]] [{citizen 34} [[""A"" [1]]]] [{citizen 17} [[""A"" [1]]]] [{citizen 43} [[""A"" [1]]]] [{citizen 48} [[""A"" [1]]]] [{citizen 25} [[""A"" [1]]]] [{citizen 10} [[""A"" [1]]]] [{citizen 38} [[""A"" [1]]]] [{citizen 33} [[""A"" [1]]]] [{citizen 36} [[""A"" [1]]]] [{citizen 37} [[""A"" [1]]]] [{citizen 18} [[""A"" [1]]]] [{citizen 21} [[""A"" [1]]]] [{citizen 40} [[""A"" [1]]]] [{citizen 27} [[""A"" [1]]]] [{citizen 2} [[""A"" [1]]]] [{citizen 19} [[""A"" [1]]]] [{citizen 12} [[""A"" [3]]]] [{citizen 39} [[""A"" [0]]]] [{citizen 32} [[""A"" [1]]]] [{citizen 44} [[""A"" [1]]]] [{media 50} [[""A"" [4]]]] [{citizen 29} [[""A"" [1]]]] [{citizen 22} [[""A"" [1]]]] [{citizen 41} [[""A"" [1]]]] [{citizen 16} [[""A"" [1]]]] [{citizen 3} [[""A"" [1]]]] [{citizen 35} [[""A"" [2]]]] [{citizen 46} [[""A"" [1]]]] [{citizen 24} [[""A"" [1]]]]]"
"48","[213 0 42]","356.1702127659575","0.6652841941952967","4.877027742409946","""circle""","""""","9.9","{breed citizens}","false","0.5","1","""up""",,"[[""ID"" 17] [""alpha"" 1] [""beta"" 1] [""malleable"" [""A""]] [""prior"" []] [""cont_tokens"" []] [""A"" 1]]","[[0 [0 1 2 3 4 5 6 7 8 9 10 11 12 13 14]] [1 [15 17 18 19 20 21 22 23 24 27 29]] [2 [30 31 32 33 34 35 36 37 39 40 41 42 43 44]] [3 [45 46 47 48 49 50 51 52 53 54 55 56 57 58 59]] [4 [60 61 62 63 64 65 66 67 68 69 70 71 73 74]] [5 [75 76 77 78 79 80 81 82 83 84 85 86 87 88 89]] [6 [91 93 94 95 96 97 98 99 101 102 103]] [7 [105 106 108 110 111 112 113 114 115 117 118]] [8 [120 121 123 125 126 127 128 129 130 131 132 133 134]] [9 [135 136 137 138 139 140 141 142 143 144 145 146 147 148 149]] [10 [150 151 152 153 154 155 157 158 159 160 161 162 163 164]] [11 [165 166 167 168 169 170 171 172 173 174 175 176 178 179]] [12 [180 181 183 184 185 186 187 188 189 190 191 192 193 194]] [13 [195 196 197 198 199 200 201 202 203 204 205 207 208 209]] [14 [210 211 212 213 214 215 216 217 218 219 220 221 222 223 224]] [15 [225 226 227 228 229 230 231 232 233 235 236 238 239]] [16 [240 243 244 245 246 247 248 249 250 251 252 253 254]] [17 [255 256 257 258 259 260 261 262 263 264 265 266 267 268 269]] [18 [270 271 272 273 274 275 276 277 278 279 280 281 282 283 284]] [19 [285 286 287 288 289 290 291 292 293 294 295 298 299]] [20 [300 302 303 304 305 307 308 309 310 311 312 313 314]] [21 [315 317 318 319 320 321 322 323 324 325 326 327 328 329]] [22 [330 331 332 334 335 336 337 338 339 340 341 342 343 344]] [23 [345 346 347 349 350 351 352 353 354 355 356 357 358 359]] [24 [360 361 362 363 364 365 366 367 368 369 370 371 372 373 374]] [25 [375 376 377 378 379 380 381 382 383 384 385 386 387 388 389]] [26 [390 391 392 394 395 396 398 399 400 401 402 403 404]] [27 [405 406 407 408 409 410 411 412 413 414 415 416 417 418 419]] [28 [420 421 422 423 424 425 426 427 428 429 430 431 432 433 434]] [29 [435 436 437 438 439 440 441 442 443 444 445 446 447 448 449]] [30 [450 451 452 453 454 455 456 457 458 459 460 461 462 463 464]] [31 [465 466 467 468 469 470 471 472 473 474 475 476 477 478 479]] [32 [480 481 482 483 484 485 486 487 488 489 490 491 492 493 494]] [33 [497 498 499 500 501 502 503 504 505 506 507 508 509]] [34 [510 511 512 513 514 515 516 517 518 519 520 521 523 524]] [35 [525 527 528 529 531 532 533 536 537 538 539]] [36 [540 541 542 543 544 545 546 548 549 550 551 552 553 554]] [37 [555 556 557 558 559 560 561 562 563 564 565 566 567 568 569]] [38 [570 571 572 573 574 575 576 577 578 579 580 581 582 583 584]] [39 [585 586 587 588 589 590 591 592 593 594 595 596 598 599]] [40 [600 602 603 604 605 606 607 608 610 611 612 613 614]] [41 [615 616 617 618 619 621 622 623 624 625 626 627 628 629]] [42 [630 631 632 633 634 635 636 637 638 640 641 642 643 644]] [43 [645 646 647 648 649 650 651 652 653 654 655 656 657 658 659]] [44 [660 661 662 663 664 665 666 667 668 669 670 671 672 673]] [45 [675 676 678 679 681 683 684 685 686 687 689]] [46 [691 693 694 695 696 697 698 699 700 701 702 703 704]] [47 [705 706 707 708 709 710 711 712 713 714 716 717 718]] [48 [720 721 722 723 724 727 728 729 730 731 732 733 734]] [49 [735 736 737 738 739 740 741 742 743 744 745 746 747 748 749]] [50 [750 751 752 753 754 755 756 757 758 759 760 761 762 763 764]] [51 [765 766 767 768 770 771 772 773 774 775 777 778 779]] [52 [780 781 782 783 784 785 786 787 788 789 790 791 792 793 794]] [53 [795 796 797 798 799 800 801 802 803 804 805 806 807 808 809]] [54 [810 811 812 813 814 815 816 817 818 819 820 821 822 823 824]] [55 [825 826 827 828 829 830 831 832 833 834 835 836 837 838 839]] [56 [840 841 842 843 844 845 846 847 848 849 850 851 852 853 854]] [57 [855 856 857 858 859 860 861 862 863 864 865 866 868]] [58 [870 871 872 873 874 875 876 877 878 879 880 881 883 884]] [59 [885 886 887 889 890 892 893 894 895 896 897 898 899]] [60 [900 901 902 903 904 905 906 907 908 909 910 911 912 913 914]] [61 [915 916 917 919 920 921 922 923 924 925 926 927 928 929]] [62 [930 931 932 934 935 936 938 939 940 941 942 943 944]] [63 [945 946 947 948 949 950 953 956 957 958 959]] [64 [960 961 962 963 965 966 967 969 970 971 972]] [65 [975 976 977 978 979 980 982 985 987 988]] [66 [991 992 993 994 995 996 997 998 1000 1002 1003]] [67 [1005 1006 1007 1008 1009 1010 1011 1012 1013 1014 1015 1017 1018]] [68 [1021 1022 1024 1025 1026 1027 1028 1029 1032 1033 1034]] [69 [1035 1036 1037 1039 1040 1042 1043 1044 1045 1047 1048]] [70 [1050 1051 1052 1053 1054 1055 1056 1057 1058 1059 1060 1061 1063]] [71 [1065 1066 1067 1068 1069 1070 1071 1072 1073 1074 1075 1076 1077 1078 1079]] [72 [1080 1081 1082 1083 1084 1085 1086 1087 1088 1089 1090 1091 1092 1093 1094]] [73 [1095 1096 1097 1098 1099 1100 1101 1102 1103 1104 1105 1106 1107 1108 1109]] [74 [1110 1111 1112 1113 1114 1115 1116 1117 1118 1119 1120 1121 1122 1123 1124]] [75 [1125 1126 1127 1128 1129 1130 1131 1132 1133 1134 1135 1136 1137 1138 1139]] [76 [1140 1141 1142 1143 1144 1145 1146 1147 1148 1149 1150 1151 1152 1153]] [77 [1155 1156 1157 1158 1159 1160 1161 1162 1163 1164 1165 1167 1168 1169]] [78 [1170 1171 1172 1173 1174 1175 1176 1177 1178 1179 1180 1181 1182 1183 1184]] [79 [1185 1186 1187 1188 1189 1190 1191 1192 1193 1194 1195 1196 1197 1198 1199]] [80 [1200 1201 1202 1203 1204 1205 1206 1207 1208 1209 1210 1211 1212 1213 1214]] [81 [1215 1216 1217 1218 1219 1220 1221 1222 1223 1224 1225 1226 1227 1228 1229]] [82 [1230 1231 1232 1233 1234 1235 1236 1237 1238 1239 1240 1241 1242 1243 1244]] [83 [1245 1246 1247 1248 1249 1250 1251 1252 1253 1254 1255 1256 1257 1258 1259]] [84 [1260 1261 1263 1264 1265 1266 1267 1268 1269 1270 1271 1272 1274]] [85 [1275 1276 1277 1278 1279 1280 1281 1282 1283 1284 1285 1286 1287 1288 1289]] [86 [1292 1293 1294 1295 1296 1297 1298 1299 1300 1301 1302 1303 1304]] [87 [1305 1306 1307 1308 1309 1310 1311 1312 1313 1314 1315 1316 1317 1318 1319]] [88 [1320 1321 1322 1323 1324 1325 1326 1327 1328 1329 1330 1331 1332 1333 1334]] [89 [1336 1337 1338 1339 1340 1341 1342 1343 1344 1345 1346 1347 1348 1349]] [90 [1350 1351 1352 1353 1354 1355 1356 1357 1358 1359 1361 1362 1363 1364]] [91 [1365 1366 1367 1368 1369 1370 1371 1372 1373 1374 1376 1377 1379]] [92 [1380 1381 1382 1383 1384 1385 1386 1387 1388 1389 1390 1391 1392 1393 1394]] [93 [1395 1396 1397 1398 1399 1400 1401 1402 1403 1404 1405 1406 1407 1408 1409]] [94 [1410 1411 1412 1413 1414 1415 1416 1417 1418 1419 1420 1421 1422 1423 1424]] [95 [1425 1426 1427 1428 1429 1430 1431 1432 1433 1434 1435 1436 1437 1439]] [96 [1440 1441 1442 1443 1445 1446 1447 1448 1449 1450 1451 1452 1453 1454]] [97 [1455 1456 1457 1458 1459 1460 1461 1462 1463 1464 1465 1466 1467 1468 1469]] [98 [1470 1471 1472 1473 1474 1475 1476 1477 1478 1479 1480 1481 1482 1484]] [99 [1485 1486 1487 1491 1492 1493 1495 1496 1497 1498 1499]]]","[[0 [0 3 4 6 7 8 11 12 13 14]] [1 [15 17 18 19 20 22 27 29]] [2 [30 32 33 34 35 36 37 40 41 42 43]] [3 [45 46 47 49 53 54 55 56 57 58]] [4 [60 63 64 65 66 68 70 73 74]] [5 [75 76 79 81 85 86 87 88 89]] [6 [91 94 95 96 97 98 99 101 102 103]] [7 [105 106 108 110 112 113 114 115 117 118]] [8 [120 121 123 125 126 127 128 131 132 133 134]] [9 [135 136 137 138 139 142 145 147 148 149]] [10 [153 155 158 161 163 164]] [11 [165 166 167 168 169 170 172 174 175 178]] [12 [181 183 184 185 186 189 190 191]] [13 [197 198 199 200 201 208]] [14 [211 213 214 216 218 221 222 223 224]] [15 [225 226 231 232 233 235 236 238 239]] [16 [240 243 244 245 246 249 250 251 254]] [17 [255 257 258 259 260 261 263 264 266 267]] [18 [271 273 275 276 277 279 281 282 283]] [19 [285 286 288 290 291 292 294 298 299]] [20 [300 302 303 305 307 308 310 311 312 313]] [21 [318 321 322 323 324 325 326 327 329]] [22 [331 332 335 336 339 340 341 342 343]] [23 [345 346 350 352 353 355 356 357 358 359]] [24 [360 361 362 364 372]] [25 [377 379 380 383 385 386 388 389]] [26 [390 391 392 394 395 396 398 399 400]] [27 [406 407 408 409 410 411 412 415 416 418]] [28 [421 422 423 424 425 428 429 430 431 433]] [29 [437 439 441 446 449]] [30 [451 452 454 455 463]] [31 [465 466 467 471 478]] [32 [486 489 490 492]] [33 [497 498 499 500 501 502 503 504 505 508 509]] [34 [511 512 514 515 516 517 518 519 520 523]] [35 [525 528 529 531 532 533 536 537 538]] [36 [540 541 542 543 544 545 546 550 554]] [37 [555 558 559 562 564 565 567 569]] [38 [570 571 574 575 577 578 580 582 583]] [39 [585 586 588 589 590 591 593 596 598 599]] [40 [600 602 604 605 606 608 610 612 613 614]] [41 [615 616 618 621 624 625 626 627 629]] [42 [631 632 633 635 636 637 640 641 642 644]] [43 [645 646 647 650 652 653 654 655 656 657 659]] [44 [660 662 663 664 666 667 669 670 671 672]] [45 [675 676 678 679 681 684 685 686 687 689]] [46 [691 694 695 696 697 704]] [47 [705 707 709 710 711 712 713 714 717 718]] [48 [720 721 722 723 728 729 730 732 733 734]] [49 [735 736 738 739 740 741 745 746 747 748 749]] [50 [753 754 755 756 757 758 759 764]] [51 [766 768 770 771 773 775 777 778]] [52 [780 781 782 783 784 786 787 788 789 791 794]] [53 [796 797 799 800 801 805 807 808]] [54 [810 811 813 815 816 817 818 819 820 822 824]] [55 [825 826 827 830 831 835 836]] [56 [844 845 846 847 850 851 852 853 854]] [57 [855 856 857 858 859 861 862 865 866]] [58 [871 872 873 875 876 877 878 881 884]] [59 [885 887 889 890 892 893 894 895 896 897 899]] [60 [906 908 909 913 914]] [61 [915 916 917 919 920 921 923 926 928 929]] [62 [930 931 934 936 939 940 941 942 943 944]] [63 [946 947 948 950 953 956 957 958 959]] [64 [960 962 963 965 966 967 969 970 971 972]] [65 [975 976 977 978 980 982 985 987 988]] [66 [991 992 993 994 995 996 997 998 1000 1002 1003]] [67 [1005 1007 1008 1009 1010 1011 1012 1013 1014 1015 1018]] [68 [1021 1022 1024 1025 1026 1027 1029 1032 1033 1034]] [69 [1035 1036 1037 1039 1040 1042 1043 1045 1047]] [70 [1051 1053 1054 1055 1056 1057 1058 1060 1061 1063]] [71 [1065 1067 1068 1069 1072 1073 1074 1076 1077]] [72 [1080 1081 1083 1086 1087 1093]] [73 [1097 1099 1100 1102]] [74 [1111 1115 1116 1117 1123]] [75 [1125 1128 1130 1132 1133 1134 1135 1136 1137 1138]] [76 [1140 1141 1142 1143 1144 1147 1148 1149 1150 1152]] [77 [1155 1156 1157 1158 1159 1163 1164 1167 1168]] [78 [1170 1171 1172 1175 1177]] [79 [1194 1198 1199]] [80 [1201 1203 1205 1206 1207 1209 1212 1213 1214]] [81 [1217 1218 1219 1221 1222 1223 1224 1225 1229]] [82 [1231 1233 1234 1235 1236 1238 1239 1242 1243]] [83 [1246 1249 1252 1253 1254 1255 1256 1258 1259]] [84 [1260 1261 1263 1264 1266 1267 1268 1270 1272 1274]] [85 [1276 1277 1278 1279 1282]] [86 [1298 1304]] [87 [1309 1310 1312 1313 1315 1316 1317]] [88 [1320 1321 1324 1325 1326 1327 1328 1330 1332 1333 1334]] [89 [1338 1343 1349]] [90 [1351 1353 1354 1355 1357 1358 1359 1362 1363 1364]] [91 [1365 1368 1370 1371 1376 1379]] [92 [1380 1381 1382 1383 1391 1393 1394]] [93 [1398 1400 1401 1403 1404 1407 1409]] [94 [1410 1412 1413 1414 1416 1420 1421 1422 1423 1424]] [95 [1426 1428 1429 1430 1431 1432 1434 1435 1436 1437 1439]] [96 [1440 1443 1445 1446 1447 1448 1450 1451 1452 1454]] [97 [1456 1457 1460 1461 1462 1464 1466 1467 1468 1469]] [98 [1471 1475 1476 1477 1478 1480 1481 1484]] [99 [1485 1486 1487 1491 1492 1493 1498 1499]]]",,"[[{media 50} [[""A"" [4]]]] [{media 51} [[""A"" [1]]]] [{media 52} [[""A"" [2]]]] [{media 54} [[""A"" [5]]]] [{media 55} [[""A"" [1]]]] [{media 56} [[""A"" [1]]]] [{media 57} [[""A"" [6]]]] [{media 58} [[""A"" [2]]]] [{media 59} [[""A"" [4]]]] [{media 60} [[""A"" [0]]]] [{media 62} [[""A"" [3]]]] [{media 63} [[""A"" [0]]]] [{media 64} [[""A"" [2]]]] [{citizen 19} [[""A"" [1]]]] [{citizen 4} [[""A"" [1]]]] [{citizen 8} [[""A"" [1]]]] [{citizen 6} [[""A"" [1]]]] [{citizen 7} [[""A"" [1]]]] [{citizen 43} [[""A"" [1]]]] [{media 53} [[""A"" [1]]]] [{citizen 13} [[""A"" [1]]]] [{citizen 17} [[""A"" [1]]]] [{citizen 40} [[""A"" [1]]]] [{citizen 5} [[""A"" [1]]]] [{media 61} [[""A"" [1]]]] [{citizen 1} [[""A"" [1]]]] [{citizen 31} [[""A"" [1]]]] [{citizen 26} [[""A"" [3]]]] [{citizen 49} [[""A"" [1]]]] [{citizen 42} [[""A"" [1]]]] [{citizen 30} [[""A"" [1]]]] [{citizen 15} [[""A"" [1]]]] [{citizen 14} [[""A"" [1]]]] [{citizen 11} [[""A"" [1]]]] [{citizen 20} [[""A"" [1]]]] [{citizen 28} [[""A"" [1]]]] [{citizen 0} [[""A"" [1]]]] [{citizen 9} [[""A"" [1]]]] [{citizen 12} [[""A"" [3]]]] [{citizen 2} [[""A"" [1]]]] [{citizen 18} [[""A"" [1]]]] [{citizen 22} [[""A"" [1]]]] [{citizen 21} [[""A"" [1]]]] [{citizen 44} [[""A"" [1]]]] [{citizen 16} [[""A"" [1]]]] [{citizen 45} [[""A"" [2]]]] [{citizen 39} [[""A"" [2]]]] [{citizen 23} [[""A"" [1]]]] [{citizen 47} [[""A"" [1]]]] [{citizen 36} [[""A"" [1]]]] [{citizen 38} [[""A"" [1]]]] [{citizen 34} [[""A"" [1]]]] [{citizen 33} [[""A"" [1]]]] [{citizen 10} [[""A"" [3]]]] [{citizen 37} [[""A"" [1]]]] [{citizen 27} [[""A"" [1]]]] [{citizen 32} [[""A"" [1]]]] [{citizen 25} [[""A"" [1]]]] [{citizen 41} [[""A"" [1]]]] [{citizen 29} [[""A"" [1]]]] [{citizen 3} [[""A"" [1]]]] [{citizen 35} [[""A"" [2]]]] [{citizen 46} [[""A"" [1]]]] [{citizen 24} [[""A"" [1]]]]]"
"49","[213 0 42]","28.281505728314237","7.350370217035556","13.188873254658706","""circle""","""""","9.9","{breed citizens}","false","0.5","1","""up""",,"[[""ID"" 27] [""alpha"" 1] [""beta"" 1] [""malleable"" [""A""]] [""prior"" []] [""cont_tokens"" []] [""A"" 1]]","[[0 [0 1 2 5 8 9 10 11 12 13 14]] [1 [15 17 18 19 20 21 22 23 24 27 29]] [2 [30 31 32 33 34 35 36 37 39 40 41 42 43 44]] [3 [45 46 47 48 49 50 51 52 53 54 55 56 57 58 59]] [4 [60 61 62 63 64 65 66 67 68 69 70 71 73 74]] [5 [75 76 77 78 79 80 81 82 83 84 85 86 87 88 89]] [6 [91 93 94 95 96 97 98 99 101 102 103]] [7 [105 106 108 110 111 112 113 114 115 117 118]] [8 [120 121 123 125 126 127 128 129 130 131 132 133 134]] [9 [135 136 137 138 139 140 141 142 143 144 145 146 147 148 149]] [10 [150 151 152 153 154 155 157 158 159 160 161 162 163 164]] [11 [165 166 167 168 169 170 171 172 173 174 175 176 178 179]] [12 [180 181 183 184 185 186 187 188 189 190 191 192 193 194]] [13 [195 196 197 198 199 200 201 202 203 204 205 206 207 208 209]] [14 [210 211 212 213 214 215 216 217 218 219 220 221 222 223 224]] [15 [225 226 227 228 229 230 231 232 233 234 235 236 237 238 239]] [16 [240 243 244 245 246 247 248 249 250 251 252 253 254]] [17 [255 256 257 258 259 260 261 262 263 264 265 266 267 268 269]] [18 [270 271 272 273 274 275 276 277 278 279 280 281 282 283 284]] [19 [285 286 287 288 289 290 291 292 293 294 295 298 299]] [20 [300 302 303 304 305 307 308 309 310 311 312 313 314]] [21 [315 317 318 319 320 321 322 323 324 325 326 327 328 329]] [22 [330 331 332 333 334 335 336 337 338 339 340 341 342 343 344]] [23 [345 346 347 348 349 350 351 352 353 354 355 356 357 358 359]] [24 [360 361 362 363 364 365 366 367 368 369 370 371 372 373 374]] [25 [375 376 377 378 379 380 381 382 383 384 385 386 387 388 389]] [26 [390 391 392 394 395 396 398 399 400 401 402 403 404]] [27 [405 406 407 408 409 410 411 412 413 414 415 416 417 418 419]] [28 [420 421 422 423 424 425 426 427 428 429 430 431 432 433 434]] [29 [435 436 437 438 439 440 441 442 443 444 445 446 447 448 449]] [30 [450 451 452 453 454 455 456 457 458 459 460 461 462 463 464]] [31 [465 466 467 468 469 470 471 472 473 474 475 476 477 478 479]] [32 [486 489 490 492]] [33 [497 498 499 500 501 502 503 504 505 506 507 508 509]] [34 [510 511 512 513 514 515 516 517 518 519 520 521 522 523 524]] [35 [525 527 528 529 531 532 533 536 537 538 539]] [36 [540 541 542 543 544 545 546 548 549 550 551 552 553 554]] [37 [555 556 557 558 559 560 561 562 563 564 565 566 567 568 569]] [38 [570 571 572 573 574 575 576 577 578 579 580 581 582 583 584]] [39 [585 586 587 588 589 590 591 592 593 594 595 596 598 599]] [40 [600 602 603 604 605 606 607 608 610 611 612 613 614]] [41 [615 616 617 618 619 621 622 623 624 625 626 627 628 629]] [42 [630 631 632 633 634 635 636 637 638 640 641 642 643 644]] [43 [645 646 647 648 649 650 651 652 653 654 655 656 657 658 659]] [44 [660 661 662 663 664 665 666 667 668 669 670 671 672 673]] [45 [675 676 677 678 679 680 681 682 683 684 685 686 687 689]] [46 [691 693 694 695 696 697 698 699 700 701 702 703 704]] [47 [705 706 707 708 709 710 711 712 713 714 716 717 718]] [48 [720 721 722 723 724 725 726 727 728 729 730 731 732 733 734]] [49 [735 736 737 738 739 740 741 742 743 744 745 746 747 748 749]] [50 [750 751 752 753 754 755 756 757 758 759 760 761 762 763 764]] [51 [765 766 767 768 770 771 772 773 774 775 777 778 779]] [52 [780 781 782 783 784 785 786 787 788 789 790 791 792 793 794]] [53 [795 796 797 798 799 800 801 802 803 804 805 806 807 808 809]] [54 [810 811 812 813 814 815 816 817 818 819 820 821 822 823 824]] [55 [825 826 827 828 829 830 831 832 833 834 835 836 837 838 839]] [56 [840 841 842 843 844 845 846 847 848 849 850 851 852 853 854]] [57 [855 856 857 858 859 860 861 862 863 864 865 866 868]] [58 [870 871 872 873 874 875 876 877 878 879 880 881 883 884]] [59 [885 886 887 889 890 892 893 894 895 896 897 898 899]] [60 [900 901 902 903 904 905 906 907 908 909 910 911 912 913 914]] [61 [915 916 917 919 920 921 923 924 925 926 927 928 929]] [62 [930 931 932 934 935 936 938 939 940 941 942 943 944]] [63 [945 946 947 948 949 950 953 956 957 958 959]] [64 [960 961 962 963 965 966 967 969 970 971 972]] [65 [975 976 977 978 979 980 982 985 987 988]] [66 [991 992 993 994 995 996 997 998 1000 1002 1003]] [67 [1005 1006 1007 1008 1009 1010 1011 1012 1013 1014 1015 1017 1018]] [68 [1021 1022 1024 1025 1026 1027 1028 1029 1032 1033 1034]] [69 [1035 1036 1037 1039 1040 1042 1043 1044 1045 1047 1048]] [70 [1050 1051 1052 1053 1054 1055 1056 1057 1058 1059 1060 1061 1063]] [71 [1065 1066 1067 1068 1069 1070 1071 1072 1073 1074 1075 1076 1077 1078 1079]] [72 [1080 1081 1082 1083 1084 1085 1086 1087 1088 1089 1090 1091 1092 1093 1094]] [73 [1095 1096 1097 1098 1099 1100 1101 1102 1103 1104 1105 1106 1107 1108 1109]] [74 [1110 1111 1112 1113 1114 1115 1116 1117 1118 1119 1120 1121 1122 1123 1124]] [75 [1125 1126 1127 1128 1129 1130 1131 1132 1133 1134 1135 1136 1137 1138 1139]] [76 [1140 1141 1142 1143 1144 1145 1146 1147 1148 1149 1150 1151 1152 1153]] [77 [1155 1156 1157 1158 1159 1160 1161 1162 1163 1164 1165 1167 1168 1169]] [78 [1170 1171 1172 1173 1174 1175 1176 1177 1178 1179 1180 1181 1182 1183 1184]] [79 [1185 1186 1187 1188 1189 1190 1191 1193 1195 1196 1197 1199]] [80 [1200 1201 1202 1203 1204 1205 1206 1207 1208 1209 1210 1211 1212 1213 1214]] [81 [1215 1216 1217 1218 1219 1220 1221 1222 1223 1224 1225 1226 1227 1228 1229]] [82 [1230 1231 1232 1233 1234 1235 1236 1237 1238 1239 1240 1241 1242 1243 1244]] [83 [1245 1246 1247 1248 1249 1250 1251 1252 1253 1254 1255 1256 1257 1258 1259]] [84 [1260 1261 1263 1264 1265 1266 1267 1268 1269 1270 1271 1272 1274]] [85 [1275 1276 1277 1278 1279 1280 1281 1282 1283 1284 1285 1286 1287 1288 1289]] [86 [1292 1293 1294 1295 1296 1297 1298 1299 1300 1301 1302 1303 1304]] [87 [1305 1306 1307 1308 1309 1310 1311 1312 1313 1314 1315 1316 1317 1318 1319]] [88 [1320 1321 1324 1325 1326 1327 1328 1330 1332 1333 1334]] [89 [1335 1336 1337 1338 1339 1340 1341 1342 1343 1344 1345 1346 1347 1348 1349]] [90 [1350 1351 1352 1353 1354 1355 1356 1357 1358 1359 1361 1362 1363 1364]] [91 [1365 1366 1367 1368 1369 1370 1371 1372 1373 1374 1376 1377 1379]] [92 [1380 1381 1382 1383 1384 1385 1386 1387 1388 1389 1390 1391 1392 1393 1394]] [93 [1395 1396 1397 1398 1399 1400 1401 1402 1403 1404 1405 1406 1407 1408 1409]] [94 [1410 1411 1412 1413 1414 1415 1416 1417 1418 1419 1420 1421 1422 1423 1424]] [95 [1425 1426 1427 1428 1429 1430 1431 1432 1433 1434 1435 1436 1437 1439]] [96 [1440 1441 1442 1443 1445 1446 1447 1448 1449 1450 1451 1452 1453 1454]] [97 [1455 1456 1457 1459 1460 1461 1462 1464 1465 1466 1467 1468 1469]] [98 [1471 1472 1473 1474 1475 1476 1477 1478 1479 1480 1481 1482 1484]] [99 [1485 1486 1487 1491 1492 1493 1495 1496 1497 1498 1499]]]","[[0 [1 2 5 9 10 11 12 13 14]] [1 [15 17 18 19 20 21 23 24 27 29]] [2 [30 32 33 34 35 36 37 39 44]] [3 [45 46 47 49 52 58 59]] [4 [61 64 65 66 67 68 70 73 74]] [5 [77 78 82 83 84 85 87 88 89]] [6 [91 94 95 96 97 98 99 101 102 103]] [7 [105 106 108 111 112 113 114 118]] [8 [120 121 126 127 128 131 132 133 134]] [9 [135 136 137 138 139 142 145 147 149]] [10 [153 154 155 157 158 161 163 164]] [11 [165 166 167 168 169 170 172 174 176 178]] [12 [181 183 185 186 189 192 193 194]] [13 [196 197 198 199 200 201 208]] [14 [212 215 220]] [15 [227 228 229 230 231 232 233 235 236 238 239]] [16 [240 243 244 245 246 248 249 250 251 254]] [17 [255 257 258 259 260 261 263 264 266 267 269]] [18 [271 273 275 276 277 278 279 281 282 283]] [19 [285 286 288 289 290 291 292 294 298 299]] [20 [300 302 304 305 307 308 310 311 312 313]] [21 [318 321 322 323 324 325 326 327 328]] [22 [330 331 332 335 336 344]] [23 [347 348 349 351 352 353 354 359]] [24 [360 361 363 365 366 367 368 371 372]] [25 [378 381 382 383 385 386 388 389]] [26 [390 391 392 394 395 396 398 399 400 401 402 403 404]] [27 [405 406 407 408 409 410 411 412 415 416]] [28 [429 430 431]] [29 [435 436 438 440 442 443 444 445 447 448 449]] [30 [451 452 454 455 456]] [31 [471 478]] [32 [486 489 490 492]] [33 [497 498 500 501 502 503 507]] [34 [510 516 518 519 520 523]] [35 [525 527 528 529 531 532 533 536 537 538]] [36 [540 541 543 544 545 548 551 552 553]] [37 [556 560 561 562 564 565 568 569]] [38 [570 571 574 575 577 578 580 582 583 584]] [39 [587 592 593 596 598 599]] [40 [600 602 604 605 606 608 610 613 614]] [41 [615 616 618 619 621 624 625 626 627 629]] [42 [632 633 634 635 637 641 642 644]] [43 [645 646 647 650 652 653 654 655 656 657 659]] [44 [661 662 663 664 665 668 670 671 672]] [45 [675 676 678 679 681 683 685 686 687 689]] [46 [691 695 698 699 700 701 702 703 704]] [47 [705 706 716]] [48 [720 721 722 723 724 727 729 730 732 733 734]] [49 [735 739 740 745 746 747 748 749]] [50 [753 754 756 757 760 761 762 763 764]] [51 [765 766 768 770 771 772 773 775 777 778]] [52 [780 781 782 783 784 786 787 788 790 792 793]] [53 [795 796 797 798 799 800 801 805 807 808 809]] [54 [811 813 815 816 817 818 819 820 822]] [55 [826 827 830 831 835 836 837 838 839]] [56 [840 841 843 847 850 851 852 853 854]] [57 [855 856 857 858 859 860 861 862 864 865 866]] [58 [871 872 873 875 876 878 879 880 881 884]] [59 [885 886 887 889 890 892 893 894 895 896 898 899]] [60 [903 906 908 909 911 912 913]] [61 [915 916 917 919 920 921 923 925 929]] [62 [930 931 934 936 939 940 941 942 943 944]] [63 [946 947 948 949 950 953 956 957 958 959]] [64 [960 963 965 966 967 969 970 971 972]] [65 [975 976 977 978 980 982 985 987 988]] [66 [991 992 993 994 995 996 997 998 1000 1002 1003]] [67 [1005 1007 1008 1009 1010 1011 1012 1013 1014 1015 1018]] [68 [1021 1022 1024 1025 1026 1028 1029 1033 1034]] [69 [1035 1036 1037 1039 1040 1042 1043 1045 1047]] [70 [1051 1053 1054 1055 1056 1057 1059]] [71 [1065 1067 1068 1069 1072 1073 1074 1076 1077 1079]] [72 [1081 1083 1084 1087 1090 1091 1092 1094]] [73 [1095 1096 1098 1101 1104 1105 1106 1107 1108 1109]] [74 [1110 1111 1116 1123]] [75 [1125 1128 1130 1132 1133 1134 1135 1136 1137 1138]] [76 [1140 1141 1142 1143 1144 1147 1148 1149 1150 1153]] [77 [1156 1157 1158 1159 1163 1164 1165 1167 1168]] [78 [1173 1174 1176 1178 1179 1180 1181 1182 1183]] [79 [1185 1188 1189 1190 1191 1193 1195 1196 1197 1199]] [80 [1201 1203 1207 1209 1212 1213 1214]] [81 [1219 1221 1222 1223 1224 1226 1227 1228]] [82 [1230 1232 1234 1235 1239 1241 1242 1243]] [83 [1247 1251 1252 1253 1254 1255 1256 1258 1259]] [84 [1261 1263 1264 1265 1267 1268 1270 1271]] [85 [1275 1276 1277 1278 1279 1282]] [86 [1298 1303 1304]] [87 [1307 1308 1311 1314 1315 1316 1318 1319]] [88 [1321 1324 1325 1326 1328 1330 1332 1333 1334]] [89 [1336 1339 1340 1341 1342 1344 1345 1346 1347 1348 1349]] [90 [1350 1352 1353 1355 1357 1359 1362 1364]] [91 [1365 1367 1369 1370 1371 1376 1379]] [92 [1380 1384 1385 1386 1388 1389 1390 1392 1394]] [93 [1397 1398 1400 1401 1403 1404 1406 1407 1409]] [94 [1410 1412 1413 1414 1416 1417 1421 1422 1423 1424]] [95 [1428 1429 1431 1432 1434 1435 1436 1437]] [96 [1440 1442 1447 1448 1449 1450 1451 1453]] [97 [1455 1456 1457 1460 1461 1466 1467 1468]] [98 [1474 1475 1476 1477 1478 1480 1481 1482 1484]] [99 [1485 1487 1491 1492 1493 1496 1497 1498 1499]]]",,"[[{media 50} [[""A"" [4]]]] [{media 51} [[""A"" [1]]]] [{media 53} [[""A"" [1]]]] [{media 54} [[""A"" [5]]]] [{media 59} [[""A"" [4]]]] [{media 60} [[""A"" [0]]]] [{media 61} [[""A"" [1]]]] [{media 63} [[""A"" [0]]]] [{citizen 17} [[""A"" [1]]]] [{media 57} [[""A"" [6]]]] [{citizen 18} [[""A"" [1]]]] [{citizen 28} [[""A"" [1]]]] [{citizen 2} [[""A"" [1]]]] [{citizen 7} [[""A"" [1]]]] [{citizen 11} [[""A"" [1]]]] [{media 62} [[""A"" [3]]]] [{media 64} [[""A"" [2]]]] [{citizen 8} [[""A"" [3]]]] [{citizen 13} [[""A"" [1]]]] [{citizen 5} [[""A"" [1]]]] [{citizen 31} [[""A"" [1]]]] [{citizen 26} [[""A"" [3]]]] [{citizen 45} [[""A"" [2]]]] [{citizen 23} [[""A"" [1]]]] [{citizen 47} [[""A"" [1]]]] [{citizen 6} [[""A"" [1]]]] [{citizen 36} [[""A"" [1]]]] [{citizen 19} [[""A"" [1]]]] [{citizen 1} [[""A"" [1]]]] [{citizen 38} [[""A"" [1]]]] [{media 52} [[""A"" [2]]]] [{citizen 34} [[""A"" [1]]]] [{citizen 43} [[""A"" [1]]]] [{citizen 48} [[""A"" [1]]]] [{media 55} [[""A"" [1]]]] [{citizen 25} [[""A"" [1]]]] [{citizen 33} [[""A"" [1]]]] [{citizen 37} [[""A"" [1]]]] [{citizen 0} [[""A"" [1]]]] [{citizen 21} [[""A"" [1]]]] [{citizen 40} [[""A"" [1]]]] [{media 58} [[""A"" [2]]]] [{citizen 14} [[""A"" [1]]]] [{citizen 9} [[""A"" [1]]]] [{citizen 12} [[""A"" [3]]]] [{citizen 39} [[""A"" [0]]]] [{citizen 22} [[""A"" [1]]]] [{citizen 44} [[""A"" [1]]]] [{citizen 10} [[""A"" [3]]]] [{citizen 32} [[""A"" [1]]]] [{citizen 20} [[""A"" [1]]]] [{media 56} [[""A"" [1]]]] [{citizen 42} [[""A"" [1]]]] [{citizen 30} [[""A"" [0]]]] [{citizen 15} [[""A"" [1]]]] [{citizen 16} [[""A"" [1]]]] [{citizen 27} [[""A"" [1]]]] [{citizen 4} [[""A"" [1]]]] [{citizen 41} [[""A"" [1]]]] [{citizen 29} [[""A"" [1]]]] [{citizen 3} [[""A"" [1]]]] [{citizen 35} [[""A"" [2]]]] [{citizen 46} [[""A"" [1]]]] [{citizen 24} [[""A"" [1]]]]]"
"50","[85 0 170]","346","-10.408785026090191","-2.965158048305545","""box""","""""","9.9","{breed medias}","false","1","1","""up""","0","[[""ID"" 59] [""alpha"" 1] [""beta"" 1] [""malleable"" [""A""]] [""prior"" []] [""cont_tokens"" []] [""A"" 4]]","[]","[]","[[9 [[""A"" 4]]] [25 [[""A"" 4]]] [31 [[""A"" 4]]] [51 [[""A"" 4]]] [67 [[""A"" 4]]] [75 [[""A"" 4]]] [92 [[""A"" 4]]] [109 [[""A"" 4]]] [122 [[""A"" 4]]] [147 [[""A"" 4]]] [162 [[""A"" 4]]] [175 [[""A"" 4]]] [181 [[""A"" 4]]] [200 [[""A"" 4]]] [220 [[""A"" 4]]] [228 [[""A"" 4]]] [254 [[""A"" 4]]] [265 [[""A"" 4]]] [270 [[""A"" 4]]] [293 [[""A"" 4]]] [309 [[""A"" 4]]] [317 [[""A"" 4]]] [336 [[""A"" 4]]] [354 [[""A"" 4]]] [372 [[""A"" 4]]] [382 [[""A"" 4]]] [402 [[""A"" 4]]] [412 [[""A"" 4]]] [429 [[""A"" 4]]] [441 [[""A"" 4]]] [455 [[""A"" 4]]] [465 [[""A"" 4]]] [489 [[""A"" 4]]] [503 [[""A"" 4]]] [510 [[""A"" 4]]] [535 [[""A"" 4]]] [550 [[""A"" 4]]] [566 [[""A"" 4]]] [573 [[""A"" 4]]] [595 [[""A"" 4]]] [613 [[""A"" 4]]] [617 [[""A"" 4]]] [631 [[""A"" 4]]] [657 [[""A"" 4]]] [665 [[""A"" 4]]] [688 [[""A"" 4]]] [697 [[""A"" 4]]] [716 [[""A"" 4]]] [728 [[""A"" 4]]] [744 [[""A"" 4]]] [759 [[""A"" 4]]] [779 [[""A"" 4]]] [785 [[""A"" 4]]] [806 [[""A"" 4]]] [814 [[""A"" 4]]] [831 [[""A"" 4]]] [848 [[""A"" 4]]] [868 [[""A"" 4]]] [870 [[""A"" 4]]] [897 [[""A"" 4]]] [909 [[""A"" 4]]] [924 [[""A"" 4]]] [938 [[""A"" 4]]] [951 [[""A"" 4]]] [964 [[""A"" 4]]] [989 [[""A"" 4]]] [1001 [[""A"" 4]]] [1006 [[""A"" 4]]] [1030 [[""A"" 4]]] [1038 [[""A"" 4]]] [1059 [[""A"" 4]]] [1078 [[""A"" 4]]] [1087 [[""A"" 4]]] [1099 [[""A"" 4]]] [1116 [[""A"" 4]]] [1125 [[""A"" 4]]] [1151 [[""A"" 4]]] [1162 [[""A"" 4]]] [1172 [[""A"" 4]]] [1192 [[""A"" 4]]] [1201 [[""A"" 4]]] [1220 [[""A"" 4]]] [1233 [[""A"" 4]]] [1245 [[""A"" 4]]] [1271 [[""A"" 4]]] [1275 [[""A"" 4]]] [1304 [[""A"" 4]]] [1317 [[""A"" 4]]] [1331 [[""A"" 4]]] [1338 [[""A"" 4]]] [1351 [[""A"" 4]]] [1368 [[""A"" 4]]] [1381 [[""A"" 4]]] [1395 [[""A"" 4]]] [1419 [[""A"" 4]]] [1433 [[""A"" 4]]] [1454 [[""A"" 4]]] [1459 [[""A"" 4]]] [1472 [[""A"" 4]]] [1488 [[""A"" 4]]]]",
"51","[213 0 42]","268","3.0646677037882704","2.3966827343688166","""box""","""""","9.9","{breed medias}","false","1","1","""up""","0","[[""ID"" 64] [""alpha"" 1] [""beta"" 1] [""malleable"" [""A""]] [""prior"" []] [""cont_tokens"" []] [""A"" 1]]","[]","[]","[[8 [[""A"" 1]]] [29 [[""A"" 1]]] [34 [[""A"" 1]]] [59 [[""A"" 1]]] [65 [[""A"" 1]]] [77 [[""A"" 1]]] [96 [[""A"" 1]]] [112 [[""A"" 1]]] [126 [[""A"" 1]]] [141 [[""A"" 1]]] [161 [[""A"" 1]]] [172 [[""A"" 1]]] [194 [[""A"" 1]]] [202 [[""A"" 1]]] [213 [[""A"" 1]]] [232 [[""A"" 1]]] [243 [[""A"" 1]]] [257 [[""A"" 1]]] [276 [[""A"" 1]]] [290 [[""A"" 1]]] [311 [[""A"" 1]]] [326 [[""A"" 1]]] [338 [[""A"" 1]]] [358 [[""A"" 1]]] [365 [[""A"" 1]]] [380 [[""A"" 1]]] [390 [[""A"" 1]]] [409 [[""A"" 1]]] [432 [[""A"" 1]]] [448 [[""A"" 1]]] [457 [[""A"" 1]]] [469 [[""A"" 1]]] [481 [[""A"" 1]]] [505 [[""A"" 1]]] [512 [[""A"" 1]]] [532 [[""A"" 1]]] [540 [[""A"" 1]]] [560 [[""A"" 1]]] [571 [[""A"" 1]]] [590 [[""A"" 1]]] [605 [[""A"" 1]]] [618 [[""A"" 1]]] [644 [[""A"" 1]]] [653 [[""A"" 1]]] [669 [[""A"" 1]]] [676 [[""A"" 1]]] [703 [[""A"" 1]]] [714 [[""A"" 1]]] [730 [[""A"" 1]]] [748 [[""A"" 1]]] [754 [[""A"" 1]]] [768 [[""A"" 1]]] [787 [[""A"" 1]]] [798 [[""A"" 1]]] [819 [[""A"" 1]]] [837 [[""A"" 1]]] [852 [[""A"" 1]]] [862 [[""A"" 1]]] [873 [[""A"" 1]]] [890 [[""A"" 1]]] [912 [[""A"" 1]]] [921 [[""A"" 1]]] [931 [[""A"" 1]]] [946 [[""A"" 1]]] [963 [[""A"" 1]]] [987 [[""A"" 1]]] [1002 [[""A"" 1]]] [1010 [[""A"" 1]]] [1022 [[""A"" 1]]] [1043 [[""A"" 1]]] [1061 [[""A"" 1]]] [1072 [[""A"" 1]]] [1081 [[""A"" 1]]] [1095 [[""A"" 1]]] [1112 [[""A"" 1]]] [1134 [[""A"" 1]]] [1150 [[""A"" 1]]] [1158 [[""A"" 1]]] [1173 [[""A"" 1]]] [1189 [[""A"" 1]]] [1202 [[""A"" 1]]] [1226 [[""A"" 1]]] [1238 [[""A"" 1]]] [1256 [[""A"" 1]]] [1267 [[""A"" 1]]] [1289 [[""A"" 1]]] [1293 [[""A"" 1]]] [1308 [[""A"" 1]]] [1330 [[""A"" 1]]] [1347 [[""A"" 1]]] [1359 [[""A"" 1]]] [1374 [[""A"" 1]]] [1384 [[""A"" 1]]] [1405 [[""A"" 1]]] [1412 [[""A"" 1]]] [1434 [[""A"" 1]]] [1453 [[""A"" 1]]] [1457 [[""A"" 1]]] [1477 [[""A"" 1]]] [1495 [[""A"" 1]]]]",
"52","[170 0 85]","178","-6.566523498197334","-0.057821570229663166","""box""","""""","9.9","{breed medias}","false","1","1","""up""","0","[[""ID"" 50] [""alpha"" 1] [""beta"" 1] [""malleable"" [""A""]] [""prior"" []] [""cont_tokens"" []] [""A"" 2]]","[]","[]","[[4 [[""A"" 2]]] [18 [[""A"" 2]]] [32 [[""A"" 2]]] [45 [[""A"" 2]]] [66 [[""A"" 2]]] [88 [[""A"" 2]]] [102 [[""A"" 2]]] [113 [[""A"" 2]]] [120 [[""A"" 2]]] [137 [[""A"" 2]]] [158 [[""A"" 2]]] [176 [[""A"" 2]]] [186 [[""A"" 2]]] [204 [[""A"" 2]]] [211 [[""A"" 2]]] [233 [[""A"" 2]]] [250 [[""A"" 2]]] [263 [[""A"" 2]]] [281 [[""A"" 2]]] [286 [[""A"" 2]]] [302 [[""A"" 2]]] [327 [[""A"" 2]]] [335 [[""A"" 2]]] [359 [[""A"" 2]]] [371 [[""A"" 2]]] [377 [[""A"" 2]]] [392 [[""A"" 2]]] [407 [[""A"" 2]]] [434 [[""A"" 2]]] [447 [[""A"" 2]]] [451 [[""A"" 2]]] [476 [[""A"" 2]]] [482 [[""A"" 2]]] [504 [[""A"" 2]]] [518 [[""A"" 2]]] [527 [[""A"" 2]]] [541 [[""A"" 2]]] [569 [[""A"" 2]]] [580 [[""A"" 2]]] [592 [[""A"" 2]]] [608 [[""A"" 2]]] [626 [[""A"" 2]]] [633 [[""A"" 2]]] [652 [[""A"" 2]]] [664 [[""A"" 2]]] [686 [[""A"" 2]]] [704 [[""A"" 2]]] [710 [[""A"" 2]]] [732 [[""A"" 2]]] [736 [[""A"" 2]]] [764 [[""A"" 2]]] [771 [[""A"" 2]]] [793 [[""A"" 2]]] [797 [[""A"" 2]]] [816 [[""A"" 2]]] [835 [[""A"" 2]]] [854 [[""A"" 2]]] [865 [[""A"" 2]]] [875 [[""A"" 2]]] [898 [[""A"" 2]]] [913 [[""A"" 2]]] [929 [[""A"" 2]]] [940 [[""A"" 2]]] [949 [[""A"" 2]]] [962 [[""A"" 2]]] [980 [[""A"" 2]]] [997 [[""A"" 2]]] [1013 [[""A"" 2]]] [1033 [[""A"" 2]]] [1042 [[""A"" 2]]] [1055 [[""A"" 2]]] [1077 [[""A"" 2]]] [1090 [[""A"" 2]]] [1104 [[""A"" 2]]] [1113 [[""A"" 2]]] [1137 [[""A"" 2]]] [1141 [[""A"" 2]]] [1155 [[""A"" 2]]] [1182 [[""A"" 2]]] [1197 [[""A"" 2]]] [1207 [[""A"" 2]]] [1227 [[""A"" 2]]] [1239 [[""A"" 2]]] [1246 [[""A"" 2]]] [1272 [[""A"" 2]]] [1276 [[""A"" 2]]] [1302 [[""A"" 2]]] [1315 [[""A"" 2]]] [1333 [[""A"" 2]]] [1348 [[""A"" 2]]] [1363 [[""A"" 2]]] [1376 [[""A"" 2]]] [1394 [[""A"" 2]]] [1402 [[""A"" 2]]] [1416 [[""A"" 2]]] [1430 [[""A"" 2]]] [1451 [[""A"" 2]]] [1469 [[""A"" 2]]] [1481 [[""A"" 2]]] [1492 [[""A"" 2]]]]",
"53","[213 0 42]","292","-8.714619044100269","-10.10876718387925","""box""","""""","9.9","{breed medias}","false","1","1","""up""","0","[[""ID"" 58] [""alpha"" 1] [""beta"" 1] [""malleable"" [""A""]] [""prior"" []] [""cont_tokens"" []] [""A"" 1]]","[]","[]","[[12 [[""A"" 1]]] [17 [[""A"" 1]]] [40 [[""A"" 1]]] [46 [[""A"" 1]]] [70 [[""A"" 1]]] [83 [[""A"" 1]]] [94 [[""A"" 1]]] [118 [[""A"" 1]]] [131 [[""A"" 1]]] [146 [[""A"" 1]]] [157 [[""A"" 1]]] [167 [[""A"" 1]]] [180 [[""A"" 1]]] [198 [[""A"" 1]]] [221 [[""A"" 1]]] [231 [[""A"" 1]]] [240 [[""A"" 1]]] [261 [[""A"" 1]]] [273 [[""A"" 1]]] [298 [[""A"" 1]]] [308 [[""A"" 1]]] [322 [[""A"" 1]]] [332 [[""A"" 1]]] [345 [[""A"" 1]]] [360 [[""A"" 1]]] [379 [[""A"" 1]]] [395 [[""A"" 1]]] [414 [[""A"" 1]]] [422 [[""A"" 1]]] [443 [[""A"" 1]]] [461 [[""A"" 1]]] [479 [[""A"" 1]]] [493 [[""A"" 1]]] [499 [[""A"" 1]]] [517 [[""A"" 1]]] [531 [[""A"" 1]]] [551 [[""A"" 1]]] [565 [[""A"" 1]]] [583 [[""A"" 1]]] [593 [[""A"" 1]]] [611 [[""A"" 1]]] [627 [[""A"" 1]]] [642 [[""A"" 1]]] [655 [[""A"" 1]]] [660 [[""A"" 1]]] [681 [[""A"" 1]]] [700 [[""A"" 1]]] [709 [[""A"" 1]]] [721 [[""A"" 1]]] [746 [[""A"" 1]]] [760 [[""A"" 1]]] [766 [[""A"" 1]]] [784 [[""A"" 1]]] [799 [[""A"" 1]]] [813 [[""A"" 1]]] [832 [[""A"" 1]]] [847 [[""A"" 1]]] [861 [[""A"" 1]]] [880 [[""A"" 1]]] [894 [[""A"" 1]]] [905 [[""A"" 1]]] [920 [[""A"" 1]]] [941 [[""A"" 1]]] [948 [[""A"" 1]]] [970 [[""A"" 1]]] [982 [[""A"" 1]]] [994 [[""A"" 1]]] [1015 [[""A"" 1]]] [1024 [[""A"" 1]]] [1037 [[""A"" 1]]] [1063 [[""A"" 1]]] [1069 [[""A"" 1]]] [1091 [[""A"" 1]]] [1108 [[""A"" 1]]] [1121 [[""A"" 1]]] [1132 [[""A"" 1]]] [1147 [[""A"" 1]]] [1159 [[""A"" 1]]] [1178 [[""A"" 1]]] [1190 [[""A"" 1]]] [1213 [[""A"" 1]]] [1219 [[""A"" 1]]] [1236 [[""A"" 1]]] [1254 [[""A"" 1]]] [1264 [[""A"" 1]]] [1286 [[""A"" 1]]] [1295 [[""A"" 1]]] [1306 [[""A"" 1]]] [1324 [[""A"" 1]]] [1342 [[""A"" 1]]] [1354 [[""A"" 1]]] [1379 [[""A"" 1]]] [1390 [[""A"" 1]]] [1398 [[""A"" 1]]] [1424 [[""A"" 1]]] [1437 [[""A"" 1]]] [1446 [[""A"" 1]]] [1467 [[""A"" 1]]] [1475 [[""A"" 1]]] [1498 [[""A"" 1]]]]",
"54","[43 0 212]","185","-7.643777713144424","-5.575624287820464","""box""","""""","9.9","{breed medias}","false","1","1","""up""","0","[[""ID"" 53] [""alpha"" 1] [""beta"" 1] [""malleable"" [""A""]] [""prior"" []] [""cont_tokens"" []] [""A"" 5]]","[]","[]","[[1 [[""A"" 5]]] [28 [[""A"" 5]]] [39 [[""A"" 5]]] [50 [[""A"" 5]]] [60 [[""A"" 5]]] [76 [[""A"" 5]]] [100 [[""A"" 5]]] [116 [[""A"" 5]]] [129 [[""A"" 5]]] [142 [[""A"" 5]]] [160 [[""A"" 5]]] [171 [[""A"" 5]]] [188 [[""A"" 5]]] [201 [[""A"" 5]]] [212 [[""A"" 5]]] [237 [[""A"" 5]]] [242 [[""A"" 5]]] [256 [[""A"" 5]]] [280 [[""A"" 5]]] [295 [[""A"" 5]]] [306 [[""A"" 5]]] [320 [[""A"" 5]]] [344 [[""A"" 5]]] [349 [[""A"" 5]]] [362 [[""A"" 5]]] [381 [[""A"" 5]]] [393 [[""A"" 5]]] [416 [[""A"" 5]]] [430 [[""A"" 5]]] [446 [[""A"" 5]]] [453 [[""A"" 5]]] [471 [[""A"" 5]]] [490 [[""A"" 5]]] [497 [[""A"" 5]]] [524 [[""A"" 5]]] [534 [[""A"" 5]]] [549 [[""A"" 5]]] [555 [[""A"" 5]]] [576 [[""A"" 5]]] [594 [[""A"" 5]]] [612 [[""A"" 5]]] [628 [[""A"" 5]]] [630 [[""A"" 5]]] [651 [[""A"" 5]]] [673 [[""A"" 5]]] [680 [[""A"" 5]]] [693 [[""A"" 5]]] [719 [[""A"" 5]]] [725 [[""A"" 5]]] [737 [[""A"" 5]]] [751 [[""A"" 5]]] [776 [[""A"" 5]]] [789 [[""A"" 5]]] [802 [[""A"" 5]]] [821 [[""A"" 5]]] [828 [[""A"" 5]]] [849 [[""A"" 5]]] [867 [[""A"" 5]]] [883 [[""A"" 5]]] [888 [[""A"" 5]]] [906 [[""A"" 5]]] [922 [[""A"" 5]]] [933 [[""A"" 5]]] [955 [[""A"" 5]]] [973 [[""A"" 5]]] [983 [[""A"" 5]]] [990 [[""A"" 5]]] [1019 [[""A"" 5]]] [1023 [[""A"" 5]]] [1046 [[""A"" 5]]] [1062 [[""A"" 5]]] [1071 [[""A"" 5]]] [1084 [[""A"" 5]]] [1100 [[""A"" 5]]] [1123 [[""A"" 5]]] [1131 [[""A"" 5]]] [1146 [[""A"" 5]]] [1169 [[""A"" 5]]] [1175 [[""A"" 5]]] [1194 [[""A"" 5]]] [1211 [[""A"" 5]]] [1225 [[""A"" 5]]] [1237 [[""A"" 5]]] [1250 [[""A"" 5]]] [1262 [[""A"" 5]]] [1279 [[""A"" 5]]] [1303 [[""A"" 5]]] [1309 [[""A"" 5]]] [1322 [[""A"" 5]]] [1337 [[""A"" 5]]] [1356 [[""A"" 5]]] [1378 [[""A"" 5]]] [1382 [[""A"" 5]]] [1396 [[""A"" 5]]] [1418 [[""A"" 5]]] [1427 [[""A"" 5]]] [1441 [[""A"" 5]]] [1458 [[""A"" 5]]] [1483 [[""A"" 5]]] [1489 [[""A"" 5]]]]",
"55","[213 0 42]","347","-13.954150688640858","4.2065044773595694","""box""","""""","9.9","{breed medias}","false","1","1","""up""","0","[[""ID"" 57] [""alpha"" 1] [""beta"" 1] [""malleable"" [""A""]] [""prior"" []] [""cont_tokens"" []] [""A"" 1]]","[]","[]","[[7 [[""A"" 1]]] [19 [[""A"" 1]]] [41 [[""A"" 1]]] [55 [[""A"" 1]]] [64 [[""A"" 1]]] [82 [[""A"" 1]]] [98 [[""A"" 1]]] [117 [[""A"" 1]]] [133 [[""A"" 1]]] [136 [[""A"" 1]]] [152 [[""A"" 1]]] [168 [[""A"" 1]]] [184 [[""A"" 1]]] [207 [[""A"" 1]]] [210 [[""A"" 1]]] [225 [[""A"" 1]]] [244 [[""A"" 1]]] [258 [[""A"" 1]]] [283 [[""A"" 1]]] [289 [[""A"" 1]]] [310 [[""A"" 1]]] [321 [[""A"" 1]]] [337 [[""A"" 1]]] [350 [[""A"" 1]]] [367 [[""A"" 1]]] [386 [[""A"" 1]]] [396 [[""A"" 1]]] [413 [[""A"" 1]]] [424 [[""A"" 1]]] [442 [[""A"" 1]]] [458 [[""A"" 1]]] [474 [[""A"" 1]]] [485 [[""A"" 1]]] [501 [[""A"" 1]]] [523 [[""A"" 1]]] [533 [[""A"" 1]]] [543 [[""A"" 1]]] [564 [[""A"" 1]]] [582 [[""A"" 1]]] [588 [[""A"" 1]]] [604 [[""A"" 1]]] [624 [[""A"" 1]]] [640 [[""A"" 1]]] [647 [[""A"" 1]]] [666 [[""A"" 1]]] [679 [[""A"" 1]]] [698 [[""A"" 1]]] [708 [[""A"" 1]]] [722 [[""A"" 1]]] [747 [[""A"" 1]]] [756 [[""A"" 1]]] [765 [[""A"" 1]]] [790 [[""A"" 1]]] [805 [[""A"" 1]]] [815 [[""A"" 1]]] [839 [[""A"" 1]]] [850 [[""A"" 1]]] [857 [[""A"" 1]]] [884 [[""A"" 1]]] [887 [[""A"" 1]]] [904 [[""A"" 1]]] [927 [[""A"" 1]]] [936 [[""A"" 1]]] [953 [[""A"" 1]]] [971 [[""A"" 1]]] [988 [[""A"" 1]]] [998 [[""A"" 1]]] [1014 [[""A"" 1]]] [1034 [[""A"" 1]]] [1039 [[""A"" 1]]] [1060 [[""A"" 1]]] [1067 [[""A"" 1]]] [1089 [[""A"" 1]]] [1106 [[""A"" 1]]] [1118 [[""A"" 1]]] [1130 [[""A"" 1]]] [1142 [[""A"" 1]]] [1163 [[""A"" 1]]] [1179 [[""A"" 1]]] [1191 [[""A"" 1]]] [1209 [[""A"" 1]]] [1223 [[""A"" 1]]] [1242 [[""A"" 1]]] [1259 [[""A"" 1]]] [1261 [[""A"" 1]]] [1288 [[""A"" 1]]] [1300 [[""A"" 1]]] [1311 [[""A"" 1]]] [1325 [[""A"" 1]]] [1344 [[""A"" 1]]] [1352 [[""A"" 1]]] [1373 [[""A"" 1]]] [1385 [[""A"" 1]]] [1400 [[""A"" 1]]] [1414 [[""A"" 1]]] [1436 [[""A"" 1]]] [1440 [[""A"" 1]]] [1466 [[""A"" 1]]] [1484 [[""A"" 1]]] [1487 [[""A"" 1]]]]",
"56","[213 0 42]","221","-8.699414443012426","14.95782396278982","""box""","""""","9.9","{breed medias}","false","1","1","""up""","0","[[""ID"" 62] [""alpha"" 1] [""beta"" 1] [""malleable"" [""A""]] [""prior"" []] [""cont_tokens"" []] [""A"" 1]]","[]","[]","[[3 [[""A"" 1]]] [23 [[""A"" 1]]] [35 [[""A"" 1]]] [47 [[""A"" 1]]] [74 [[""A"" 1]]] [89 [[""A"" 1]]] [95 [[""A"" 1]]] [115 [[""A"" 1]]] [127 [[""A"" 1]]] [135 [[""A"" 1]]] [150 [[""A"" 1]]] [166 [[""A"" 1]]] [189 [[""A"" 1]]] [209 [[""A"" 1]]] [222 [[""A"" 1]]] [235 [[""A"" 1]]] [245 [[""A"" 1]]] [266 [[""A"" 1]]] [275 [[""A"" 1]]] [292 [[""A"" 1]]] [305 [[""A"" 1]]] [329 [[""A"" 1]]] [343 [[""A"" 1]]] [346 [[""A"" 1]]] [374 [[""A"" 1]]] [376 [[""A"" 1]]] [391 [[""A"" 1]]] [406 [[""A"" 1]]] [427 [[""A"" 1]]] [440 [[""A"" 1]]] [462 [[""A"" 1]]] [473 [[""A"" 1]]] [488 [[""A"" 1]]] [495 [[""A"" 1]]] [515 [[""A"" 1]]] [537 [[""A"" 1]]] [552 [[""A"" 1]]] [568 [[""A"" 1]]] [574 [[""A"" 1]]] [589 [[""A"" 1]]] [600 [[""A"" 1]]] [615 [[""A"" 1]]] [641 [[""A"" 1]]] [650 [[""A"" 1]]] [672 [[""A"" 1]]] [689 [[""A"" 1]]] [695 [[""A"" 1]]] [717 [[""A"" 1]]] [724 [[""A"" 1]]] [745 [[""A"" 1]]] [761 [[""A"" 1]]] [770 [[""A"" 1]]] [780 [[""A"" 1]]] [795 [[""A"" 1]]] [817 [[""A"" 1]]] [833 [[""A"" 1]]] [851 [[""A"" 1]]] [866 [[""A"" 1]]] [876 [[""A"" 1]]] [895 [[""A"" 1]]] [910 [[""A"" 1]]] [915 [[""A"" 1]]] [943 [[""A"" 1]]] [950 [[""A"" 1]]] [965 [[""A"" 1]]] [977 [[""A"" 1]]] [993 [[""A"" 1]]] [1005 [[""A"" 1]]] [1029 [[""A"" 1]]] [1045 [[""A"" 1]]] [1056 [[""A"" 1]]] [1068 [[""A"" 1]]] [1094 [[""A"" 1]]] [1101 [[""A"" 1]]] [1120 [[""A"" 1]]] [1127 [[""A"" 1]]] [1148 [[""A"" 1]]] [1156 [[""A"" 1]]] [1183 [[""A"" 1]]] [1188 [[""A"" 1]]] [1200 [[""A"" 1]]] [1217 [[""A"" 1]]] [1230 [[""A"" 1]]] [1258 [[""A"" 1]]] [1263 [[""A"" 1]]] [1285 [[""A"" 1]]] [1291 [[""A"" 1]]] [1318 [[""A"" 1]]] [1328 [[""A"" 1]]] [1339 [[""A"" 1]]] [1358 [[""A"" 1]]] [1367 [[""A"" 1]]] [1388 [[""A"" 1]]] [1406 [[""A"" 1]]] [1422 [[""A"" 1]]] [1432 [[""A"" 1]]] [1445 [[""A"" 1]]] [1456 [[""A"" 1]]] [1482 [[""A"" 1]]] [1499 [[""A"" 1]]]]",
"57","[0 0 255]","283","12.121643091266677","11.31573171106944","""box""","""""","9.9","{breed medias}","false","1","1","""up""","0","[[""ID"" 61] [""alpha"" 1] [""beta"" 1] [""malleable"" [""A""]] [""prior"" []] [""cont_tokens"" []] [""A"" 6]]","[]","[]","[[2 [[""A"" 6]]] [16 [[""A"" 6]]] [38 [[""A"" 6]]] [48 [[""A"" 6]]] [72 [[""A"" 6]]] [80 [[""A"" 6]]] [104 [[""A"" 6]]] [119 [[""A"" 6]]] [124 [[""A"" 6]]] [145 [[""A"" 6]]] [159 [[""A"" 6]]] [177 [[""A"" 6]]] [182 [[""A"" 6]]] [195 [[""A"" 6]]] [215 [[""A"" 6]]] [234 [[""A"" 6]]] [241 [[""A"" 6]]] [262 [[""A"" 6]]] [284 [[""A"" 6]]] [297 [[""A"" 6]]] [301 [[""A"" 6]]] [316 [[""A"" 6]]] [333 [[""A"" 6]]] [347 [[""A"" 6]]] [364 [[""A"" 6]]] [378 [[""A"" 6]]] [397 [[""A"" 6]]] [415 [[""A"" 6]]] [433 [[""A"" 6]]] [437 [[""A"" 6]]] [456 [[""A"" 6]]] [478 [[""A"" 6]]] [486 [[""A"" 6]]] [506 [[""A"" 6]]] [521 [[""A"" 6]]] [530 [[""A"" 6]]] [547 [[""A"" 6]]] [558 [[""A"" 6]]] [572 [[""A"" 6]]] [597 [[""A"" 6]]] [607 [[""A"" 6]]] [620 [[""A"" 6]]] [639 [[""A"" 6]]] [648 [[""A"" 6]]] [674 [[""A"" 6]]] [677 [[""A"" 6]]] [692 [[""A"" 6]]] [715 [[""A"" 6]]] [726 [[""A"" 6]]] [742 [[""A"" 6]]] [750 [[""A"" 6]]] [769 [[""A"" 6]]] [791 [[""A"" 6]]] [804 [[""A"" 6]]] [823 [[""A"" 6]]] [829 [[""A"" 6]]] [842 [[""A"" 6]]] [869 [[""A"" 6]]] [874 [[""A"" 6]]] [891 [[""A"" 6]]] [903 [[""A"" 6]]] [918 [[""A"" 6]]] [937 [[""A"" 6]]] [952 [[""A"" 6]]] [974 [[""A"" 6]]] [984 [[""A"" 6]]] [999 [[""A"" 6]]] [1016 [[""A"" 6]]] [1020 [[""A"" 6]]] [1041 [[""A"" 6]]] [1064 [[""A"" 6]]] [1075 [[""A"" 6]]] [1082 [[""A"" 6]]] [1102 [[""A"" 6]]] [1117 [[""A"" 6]]] [1129 [[""A"" 6]]] [1154 [[""A"" 6]]] [1166 [[""A"" 6]]] [1177 [[""A"" 6]]] [1198 [[""A"" 6]]] [1208 [[""A"" 6]]] [1229 [[""A"" 6]]] [1240 [[""A"" 6]]] [1248 [[""A"" 6]]] [1273 [[""A"" 6]]] [1282 [[""A"" 6]]] [1298 [[""A"" 6]]] [1310 [[""A"" 6]]] [1323 [[""A"" 6]]] [1335 [[""A"" 6]]] [1360 [[""A"" 6]]] [1375 [[""A"" 6]]] [1383 [[""A"" 6]]] [1399 [[""A"" 6]]] [1415 [[""A"" 6]]] [1438 [[""A"" 6]]] [1444 [[""A"" 6]]] [1463 [[""A"" 6]]] [1470 [[""A"" 6]]] [1494 [[""A"" 6]]]]",
"58","[170 0 85]","96","15.84828104155438","-2.7455142294059804","""box""","""""","9.9","{breed medias}","false","1","1","""up""","0","[[""ID"" 60] [""alpha"" 1] [""beta"" 1] [""malleable"" [""A""]] [""prior"" []] [""cont_tokens"" []] [""A"" 2]]","[]","[]","[[6 [[""A"" 2]]] [20 [[""A"" 2]]] [36 [[""A"" 2]]] [49 [[""A"" 2]]] [68 [[""A"" 2]]] [85 [[""A"" 2]]] [99 [[""A"" 2]]] [110 [[""A"" 2]]] [128 [[""A"" 2]]] [148 [[""A"" 2]]] [164 [[""A"" 2]]] [165 [[""A"" 2]]] [190 [[""A"" 2]]] [197 [[""A"" 2]]] [223 [[""A"" 2]]] [230 [[""A"" 2]]] [248 [[""A"" 2]]] [269 [[""A"" 2]]] [282 [[""A"" 2]]] [299 [[""A"" 2]]] [307 [[""A"" 2]]] [315 [[""A"" 2]]] [340 [[""A"" 2]]] [353 [[""A"" 2]]] [363 [[""A"" 2]]] [385 [[""A"" 2]]] [394 [[""A"" 2]]] [410 [[""A"" 2]]] [425 [[""A"" 2]]] [435 [[""A"" 2]]] [454 [[""A"" 2]]] [472 [[""A"" 2]]] [487 [[""A"" 2]]] [502 [[""A"" 2]]] [511 [[""A"" 2]]] [529 [[""A"" 2]]] [553 [[""A"" 2]]] [562 [[""A"" 2]]] [570 [[""A"" 2]]] [596 [[""A"" 2]]] [606 [[""A"" 2]]] [629 [[""A"" 2]]] [637 [[""A"" 2]]] [646 [[""A"" 2]]] [662 [[""A"" 2]]] [675 [[""A"" 2]]] [702 [[""A"" 2]]] [705 [[""A"" 2]]] [729 [[""A"" 2]]] [741 [[""A"" 2]]] [753 [[""A"" 2]]] [775 [[""A"" 2]]] [786 [[""A"" 2]]] [800 [[""A"" 2]]] [820 [[""A"" 2]]] [838 [[""A"" 2]]] [846 [[""A"" 2]]] [858 [[""A"" 2]]] [881 [[""A"" 2]]] [892 [[""A"" 2]]] [911 [[""A"" 2]]] [919 [[""A"" 2]]] [935 [[""A"" 2]]] [947 [[""A"" 2]]] [966 [[""A"" 2]]] [978 [[""A"" 2]]] [1003 [[""A"" 2]]] [1012 [[""A"" 2]]] [1027 [[""A"" 2]]] [1040 [[""A"" 2]]] [1054 [[""A"" 2]]] [1074 [[""A"" 2]]] [1080 [[""A"" 2]]] [1109 [[""A"" 2]]] [1115 [[""A"" 2]]] [1135 [[""A"" 2]]] [1149 [[""A"" 2]]] [1164 [[""A"" 2]]] [1170 [[""A"" 2]]] [1186 [[""A"" 2]]] [1212 [[""A"" 2]]] [1215 [[""A"" 2]]] [1244 [[""A"" 2]]] [1252 [[""A"" 2]]] [1270 [[""A"" 2]]] [1280 [[""A"" 2]]] [1299 [[""A"" 2]]] [1307 [[""A"" 2]]] [1334 [[""A"" 2]]] [1341 [[""A"" 2]]] [1355 [[""A"" 2]]] [1369 [[""A"" 2]]] [1386 [[""A"" 2]]] [1407 [[""A"" 2]]] [1413 [[""A"" 2]]] [1435 [[""A"" 2]]] [1448 [[""A"" 2]]] [1455 [[""A"" 2]]] [1471 [[""A"" 2]]] [1491 [[""A"" 2]]]]",
"59","[85 0 170]","137","-4.9798199955556015","-10.208105623278765","""box""","""""","9.9","{breed medias}","false","1","1","""up""","0","[[""ID"" 51] [""alpha"" 1] [""beta"" 1] [""malleable"" [""A""]] [""prior"" []] [""cont_tokens"" []] [""A"" 4]]","[]","[]","[[5 [[""A"" 4]]] [26 [[""A"" 4]]] [44 [[""A"" 4]]] [52 [[""A"" 4]]] [71 [[""A"" 4]]] [81 [[""A"" 4]]] [90 [[""A"" 4]]] [107 [[""A"" 4]]] [125 [[""A"" 4]]] [149 [[""A"" 4]]] [153 [[""A"" 4]]] [173 [[""A"" 4]]] [191 [[""A"" 4]]] [208 [[""A"" 4]]] [219 [[""A"" 4]]] [227 [[""A"" 4]]] [251 [[""A"" 4]]] [268 [[""A"" 4]]] [274 [[""A"" 4]]] [296 [[""A"" 4]]] [314 [[""A"" 4]]] [319 [[""A"" 4]]] [334 [[""A"" 4]]] [348 [[""A"" 4]]] [370 [[""A"" 4]]] [387 [[""A"" 4]]] [403 [[""A"" 4]]] [411 [[""A"" 4]]] [431 [[""A"" 4]]] [439 [[""A"" 4]]] [450 [[""A"" 4]]] [467 [[""A"" 4]]] [492 [[""A"" 4]]] [507 [[""A"" 4]]] [522 [[""A"" 4]]] [526 [[""A"" 4]]] [554 [[""A"" 4]]] [559 [[""A"" 4]]] [579 [[""A"" 4]]] [587 [[""A"" 4]]] [603 [[""A"" 4]]] [623 [[""A"" 4]]] [643 [[""A"" 4]]] [649 [[""A"" 4]]] [668 [[""A"" 4]]] [682 [[""A"" 4]]] [690 [[""A"" 4]]] [706 [[""A"" 4]]] [731 [[""A"" 4]]] [743 [[""A"" 4]]] [752 [[""A"" 4]]] [767 [[""A"" 4]]] [794 [[""A"" 4]]] [803 [[""A"" 4]]] [812 [[""A"" 4]]] [836 [[""A"" 4]]] [845 [[""A"" 4]]] [863 [[""A"" 4]]] [882 [[""A"" 4]]] [899 [[""A"" 4]]] [908 [[""A"" 4]]] [925 [[""A"" 4]]] [932 [[""A"" 4]]] [954 [[""A"" 4]]] [968 [[""A"" 4]]] [986 [[""A"" 4]]] [1004 [[""A"" 4]]] [1017 [[""A"" 4]]] [1031 [[""A"" 4]]] [1049 [[""A"" 4]]] [1050 [[""A"" 4]]] [1070 [[""A"" 4]]] [1093 [[""A"" 4]]] [1097 [[""A"" 4]]] [1111 [[""A"" 4]]] [1139 [[""A"" 4]]] [1145 [[""A"" 4]]] [1160 [[""A"" 4]]] [1184 [[""A"" 4]]] [1199 [[""A"" 4]]] [1203 [[""A"" 4]]] [1216 [[""A"" 4]]] [1231 [[""A"" 4]]] [1257 [[""A"" 4]]] [1269 [[""A"" 4]]] [1278 [[""A"" 4]]] [1296 [[""A"" 4]]] [1312 [[""A"" 4]]] [1329 [[""A"" 4]]] [1343 [[""A"" 4]]] [1361 [[""A"" 4]]] [1371 [[""A"" 4]]] [1391 [[""A"" 4]]] [1408 [[""A"" 4]]] [1411 [[""A"" 4]]] [1425 [[""A"" 4]]] [1452 [[""A"" 4]]] [1464 [[""A"" 4]]] [1473 [[""A"" 4]]] [1490 [[""A"" 4]]]]",
"60","[255 0 0]","195","-9.453825623823292","-11.198363383335641","""box""","""""","9.9","{breed medias}","false","1","1","""up""","0","[[""ID"" 55] [""alpha"" 1] [""beta"" 1] [""malleable"" [""A""]] [""prior"" []] [""cont_tokens"" []] [""A"" 0]]","[]","[]","[[0 [[""A"" 0]]] [24 [[""A"" 0]]] [33 [[""A"" 0]]] [56 [[""A"" 0]]] [69 [[""A"" 0]]] [86 [[""A"" 0]]] [91 [[""A"" 0]]] [108 [[""A"" 0]]] [130 [[""A"" 0]]] [140 [[""A"" 0]]] [156 [[""A"" 0]]] [170 [[""A"" 0]]] [193 [[""A"" 0]]] [196 [[""A"" 0]]] [218 [[""A"" 0]]] [226 [[""A"" 0]]] [252 [[""A"" 0]]] [260 [[""A"" 0]]] [278 [[""A"" 0]]] [287 [[""A"" 0]]] [303 [[""A"" 0]]] [318 [[""A"" 0]]] [331 [[""A"" 0]]] [356 [[""A"" 0]]] [373 [[""A"" 0]]] [384 [[""A"" 0]]] [400 [[""A"" 0]]] [417 [[""A"" 0]]] [426 [[""A"" 0]]] [445 [[""A"" 0]]] [460 [[""A"" 0]]] [470 [[""A"" 0]]] [494 [[""A"" 0]]] [496 [[""A"" 0]]] [520 [[""A"" 0]]] [539 [[""A"" 0]]] [548 [[""A"" 0]]] [563 [[""A"" 0]]] [575 [[""A"" 0]]] [591 [[""A"" 0]]] [601 [[""A"" 0]]] [621 [[""A"" 0]]] [638 [[""A"" 0]]] [654 [[""A"" 0]]] [667 [[""A"" 0]]] [678 [[""A"" 0]]] [694 [[""A"" 0]]] [712 [[""A"" 0]]] [727 [[""A"" 0]]] [740 [[""A"" 0]]] [755 [[""A"" 0]]] [778 [[""A"" 0]]] [783 [[""A"" 0]]] [801 [[""A"" 0]]] [818 [[""A"" 0]]] [826 [[""A"" 0]]] [840 [[""A"" 0]]] [855 [[""A"" 0]]] [879 [[""A"" 0]]] [893 [[""A"" 0]]] [907 [[""A"" 0]]] [926 [[""A"" 0]]] [934 [[""A"" 0]]] [958 [[""A"" 0]]] [960 [[""A"" 0]]] [985 [[""A"" 0]]] [1000 [[""A"" 0]]] [1007 [[""A"" 0]]] [1026 [[""A"" 0]]] [1036 [[""A"" 0]]] [1052 [[""A"" 0]]] [1079 [[""A"" 0]]] [1092 [[""A"" 0]]] [1107 [[""A"" 0]]] [1119 [[""A"" 0]]] [1138 [[""A"" 0]]] [1140 [[""A"" 0]]] [1165 [[""A"" 0]]] [1176 [[""A"" 0]]] [1195 [[""A"" 0]]] [1214 [[""A"" 0]]] [1221 [[""A"" 0]]] [1241 [[""A"" 0]]] [1247 [[""A"" 0]]] [1274 [[""A"" 0]]] [1287 [[""A"" 0]]] [1290 [[""A"" 0]]] [1319 [[""A"" 0]]] [1326 [[""A"" 0]]] [1336 [[""A"" 0]]] [1357 [[""A"" 0]]] [1372 [[""A"" 0]]] [1387 [[""A"" 0]]] [1401 [[""A"" 0]]] [1417 [[""A"" 0]]] [1426 [[""A"" 0]]] [1449 [[""A"" 0]]] [1468 [[""A"" 0]]] [1474 [[""A"" 0]]] [1485 [[""A"" 0]]]]",
"61","[213 0 42]","105","-2.670661537005021","16.244191633944965","""box""","""""","9.9","{breed medias}","false","1","1","""up""","0","[[""ID"" 52] [""alpha"" 1] [""beta"" 1] [""malleable"" [""A""]] [""prior"" []] [""cont_tokens"" []] [""A"" 1]]","[]","[]","[[14 [[""A"" 1]]] [27 [[""A"" 1]]] [30 [[""A"" 1]]] [57 [[""A"" 1]]] [73 [[""A"" 1]]] [84 [[""A"" 1]]] [103 [[""A"" 1]]] [106 [[""A"" 1]]] [121 [[""A"" 1]]] [144 [[""A"" 1]]] [163 [[""A"" 1]]] [179 [[""A"" 1]]] [192 [[""A"" 1]]] [203 [[""A"" 1]]] [224 [[""A"" 1]]] [238 [[""A"" 1]]] [249 [[""A"" 1]]] [259 [[""A"" 1]]] [279 [[""A"" 1]]] [285 [[""A"" 1]]] [312 [[""A"" 1]]] [324 [[""A"" 1]]] [341 [[""A"" 1]]] [352 [[""A"" 1]]] [368 [[""A"" 1]]] [375 [[""A"" 1]]] [399 [[""A"" 1]]] [408 [[""A"" 1]]] [420 [[""A"" 1]]] [438 [[""A"" 1]]] [452 [[""A"" 1]]] [475 [[""A"" 1]]] [491 [[""A"" 1]]] [508 [[""A"" 1]]] [519 [[""A"" 1]]] [528 [[""A"" 1]]] [545 [[""A"" 1]]] [561 [[""A"" 1]]] [578 [[""A"" 1]]] [586 [[""A"" 1]]] [602 [[""A"" 1]]] [625 [[""A"" 1]]] [634 [[""A"" 1]]] [645 [[""A"" 1]]] [663 [[""A"" 1]]] [687 [[""A"" 1]]] [699 [[""A"" 1]]] [711 [[""A"" 1]]] [733 [[""A"" 1]]] [749 [[""A"" 1]]] [757 [[""A"" 1]]] [773 [[""A"" 1]]] [781 [[""A"" 1]]] [807 [[""A"" 1]]] [811 [[""A"" 1]]] [827 [[""A"" 1]]] [841 [[""A"" 1]]] [856 [[""A"" 1]]] [872 [[""A"" 1]]] [886 [[""A"" 1]]] [900 [[""A"" 1]]] [923 [[""A"" 1]]] [942 [[""A"" 1]]] [959 [[""A"" 1]]] [967 [[""A"" 1]]] [975 [[""A"" 1]]] [992 [[""A"" 1]]] [1008 [[""A"" 1]]] [1021 [[""A"" 1]]] [1035 [[""A"" 1]]] [1053 [[""A"" 1]]] [1076 [[""A"" 1]]] [1088 [[""A"" 1]]] [1098 [[""A"" 1]]] [1114 [[""A"" 1]]] [1126 [[""A"" 1]]] [1144 [[""A"" 1]]] [1167 [[""A"" 1]]] [1180 [[""A"" 1]]] [1196 [[""A"" 1]]] [1206 [[""A"" 1]]] [1228 [[""A"" 1]]] [1232 [[""A"" 1]]] [1251 [[""A"" 1]]] [1268 [[""A"" 1]]] [1281 [[""A"" 1]]] [1294 [[""A"" 1]]] [1314 [[""A"" 1]]] [1321 [[""A"" 1]]] [1345 [[""A"" 1]]] [1350 [[""A"" 1]]] [1366 [[""A"" 1]]] [1389 [[""A"" 1]]] [1409 [[""A"" 1]]] [1421 [[""A"" 1]]] [1431 [[""A"" 1]]] [1450 [[""A"" 1]]] [1460 [[""A"" 1]]] [1480 [[""A"" 1]]] [1496 [[""A"" 1]]]]",
"62","[128 0 127]","287","2.803240451981175","5.541881833450322","""box""","""""","9.9","{breed medias}","false","1","1","""up""","0","[[""ID"" 63] [""alpha"" 1] [""beta"" 1] [""malleable"" [""A""]] [""prior"" []] [""cont_tokens"" []] [""A"" 3]]","[]","[]","[[10 [[""A"" 3]]] [22 [[""A"" 3]]] [37 [[""A"" 3]]] [58 [[""A"" 3]]] [63 [[""A"" 3]]] [79 [[""A"" 3]]] [93 [[""A"" 3]]] [114 [[""A"" 3]]] [123 [[""A"" 3]]] [139 [[""A"" 3]]] [155 [[""A"" 3]]] [178 [[""A"" 3]]] [183 [[""A"" 3]]] [205 [[""A"" 3]]] [217 [[""A"" 3]]] [229 [[""A"" 3]]] [247 [[""A"" 3]]] [255 [[""A"" 3]]] [272 [[""A"" 3]]] [288 [[""A"" 3]]] [300 [[""A"" 3]]] [328 [[""A"" 3]]] [330 [[""A"" 3]]] [351 [[""A"" 3]]] [369 [[""A"" 3]]] [383 [[""A"" 3]]] [401 [[""A"" 3]]] [418 [[""A"" 3]]] [421 [[""A"" 3]]] [436 [[""A"" 3]]] [463 [[""A"" 3]]] [466 [[""A"" 3]]] [484 [[""A"" 3]]] [498 [[""A"" 3]]] [516 [[""A"" 3]]] [538 [[""A"" 3]]] [546 [[""A"" 3]]] [567 [[""A"" 3]]] [584 [[""A"" 3]]] [599 [[""A"" 3]]] [610 [[""A"" 3]]] [622 [[""A"" 3]]] [632 [[""A"" 3]]] [659 [[""A"" 3]]] [661 [[""A"" 3]]] [684 [[""A"" 3]]] [696 [[""A"" 3]]] [707 [[""A"" 3]]] [723 [[""A"" 3]]] [738 [[""A"" 3]]] [758 [[""A"" 3]]] [774 [[""A"" 3]]] [788 [[""A"" 3]]] [796 [[""A"" 3]]] [810 [[""A"" 3]]] [830 [[""A"" 3]]] [844 [[""A"" 3]]] [864 [[""A"" 3]]] [877 [[""A"" 3]]] [885 [[""A"" 3]]] [914 [[""A"" 3]]] [917 [[""A"" 3]]] [930 [[""A"" 3]]] [945 [[""A"" 3]]] [961 [[""A"" 3]]] [981 [[""A"" 3]]] [996 [[""A"" 3]]] [1011 [[""A"" 3]]] [1032 [[""A"" 3]]] [1044 [[""A"" 3]]] [1051 [[""A"" 3]]] [1065 [[""A"" 3]]] [1083 [[""A"" 3]]] [1103 [[""A"" 3]]] [1124 [[""A"" 3]]] [1128 [[""A"" 3]]] [1152 [[""A"" 3]]] [1161 [[""A"" 3]]] [1171 [[""A"" 3]]] [1187 [[""A"" 3]]] [1210 [[""A"" 3]]] [1224 [[""A"" 3]]] [1235 [[""A"" 3]]] [1249 [[""A"" 3]]] [1265 [[""A"" 3]]] [1277 [[""A"" 3]]] [1292 [[""A"" 3]]] [1313 [[""A"" 3]]] [1320 [[""A"" 3]]] [1349 [[""A"" 3]]] [1353 [[""A"" 3]]] [1365 [[""A"" 3]]] [1393 [[""A"" 3]]] [1404 [[""A"" 3]]] [1420 [[""A"" 3]]] [1439 [[""A"" 3]]] [1442 [[""A"" 3]]] [1465 [[""A"" 3]]] [1479 [[""A"" 3]]] [1493 [[""A"" 3]]]]",
"63","[255 0 0]","127","14.84963910867572","7.684825961433848","""box""","""""","9.9","{breed medias}","false","1","1","""up""","0","[[""ID"" 56] [""alpha"" 1] [""beta"" 1] [""malleable"" [""A""]] [""prior"" []] [""cont_tokens"" []] [""A"" 0]]","[]","[]","[[13 [[""A"" 0]]] [21 [[""A"" 0]]] [43 [[""A"" 0]]] [53 [[""A"" 0]]] [61 [[""A"" 0]]] [78 [[""A"" 0]]] [97 [[""A"" 0]]] [111 [[""A"" 0]]] [134 [[""A"" 0]]] [143 [[""A"" 0]]] [151 [[""A"" 0]]] [169 [[""A"" 0]]] [187 [[""A"" 0]]] [206 [[""A"" 0]]] [216 [[""A"" 0]]] [236 [[""A"" 0]]] [246 [[""A"" 0]]] [267 [[""A"" 0]]] [271 [[""A"" 0]]] [294 [[""A"" 0]]] [313 [[""A"" 0]]] [323 [[""A"" 0]]] [342 [[""A"" 0]]] [357 [[""A"" 0]]] [366 [[""A"" 0]]] [388 [[""A"" 0]]] [398 [[""A"" 0]]] [419 [[""A"" 0]]] [423 [[""A"" 0]]] [444 [[""A"" 0]]] [464 [[""A"" 0]]] [477 [[""A"" 0]]] [480 [[""A"" 0]]] [509 [[""A"" 0]]] [513 [[""A"" 0]]] [525 [[""A"" 0]]] [542 [[""A"" 0]]] [557 [[""A"" 0]]] [581 [[""A"" 0]]] [585 [[""A"" 0]]] [609 [[""A"" 0]]] [616 [[""A"" 0]]] [635 [[""A"" 0]]] [658 [[""A"" 0]]] [671 [[""A"" 0]]] [683 [[""A"" 0]]] [701 [[""A"" 0]]] [713 [[""A"" 0]]] [734 [[""A"" 0]]] [735 [[""A"" 0]]] [762 [[""A"" 0]]] [772 [[""A"" 0]]] [782 [[""A"" 0]]] [809 [[""A"" 0]]] [824 [[""A"" 0]]] [825 [[""A"" 0]]] [843 [[""A"" 0]]] [860 [[""A"" 0]]] [871 [[""A"" 0]]] [889 [[""A"" 0]]] [902 [[""A"" 0]]] [928 [[""A"" 0]]] [944 [[""A"" 0]]] [956 [[""A"" 0]]] [972 [[""A"" 0]]] [979 [[""A"" 0]]] [991 [[""A"" 0]]] [1018 [[""A"" 0]]] [1028 [[""A"" 0]]] [1048 [[""A"" 0]]] [1058 [[""A"" 0]]] [1066 [[""A"" 0]]] [1085 [[""A"" 0]]] [1096 [[""A"" 0]]] [1122 [[""A"" 0]]] [1133 [[""A"" 0]]] [1153 [[""A"" 0]]] [1168 [[""A"" 0]]] [1181 [[""A"" 0]]] [1185 [[""A"" 0]]] [1204 [[""A"" 0]]] [1222 [[""A"" 0]]] [1243 [[""A"" 0]]] [1255 [[""A"" 0]]] [1266 [[""A"" 0]]] [1283 [[""A"" 0]]] [1301 [[""A"" 0]]] [1305 [[""A"" 0]]] [1332 [[""A"" 0]]] [1346 [[""A"" 0]]] [1362 [[""A"" 0]]] [1377 [[""A"" 0]]] [1392 [[""A"" 0]]] [1397 [[""A"" 0]]] [1410 [[""A"" 0]]] [1429 [[""A"" 0]]] [1443 [[""A"" 0]]] [1461 [[""A"" 0]]] [1478 [[""A"" 0]]] [1497 [[""A"" 0]]]]",
"64","[170 0 85]","68","12.225392914424567","9.154944580008781","""box""","""""","9.9","{breed medias}","false","1","1","""up""","0","[[""ID"" 54] [""alpha"" 1] [""beta"" 1] [""malleable"" [""A""]] [""prior"" []] [""cont_tokens"" []] [""A"" 2]]","[]","[]","[[11 [[""A"" 2]]] [15 [[""A"" 2]]] [42 [[""A"" 2]]] [54 [[""A"" 2]]] [62 [[""A"" 2]]] [87 [[""A"" 2]]] [101 [[""A"" 2]]] [105 [[""A"" 2]]] [132 [[""A"" 2]]] [138 [[""A"" 2]]] [154 [[""A"" 2]]] [174 [[""A"" 2]]] [185 [[""A"" 2]]] [199 [[""A"" 2]]] [214 [[""A"" 2]]] [239 [[""A"" 2]]] [253 [[""A"" 2]]] [264 [[""A"" 2]]] [277 [[""A"" 2]]] [291 [[""A"" 2]]] [304 [[""A"" 2]]] [325 [[""A"" 2]]] [339 [[""A"" 2]]] [355 [[""A"" 2]]] [361 [[""A"" 2]]] [389 [[""A"" 2]]] [404 [[""A"" 2]]] [405 [[""A"" 2]]] [428 [[""A"" 2]]] [449 [[""A"" 2]]] [459 [[""A"" 2]]] [468 [[""A"" 2]]] [483 [[""A"" 2]]] [500 [[""A"" 2]]] [514 [[""A"" 2]]] [536 [[""A"" 2]]] [544 [[""A"" 2]]] [556 [[""A"" 2]]] [577 [[""A"" 2]]] [598 [[""A"" 2]]] [614 [[""A"" 2]]] [619 [[""A"" 2]]] [636 [[""A"" 2]]] [656 [[""A"" 2]]] [670 [[""A"" 2]]] [685 [[""A"" 2]]] [691 [[""A"" 2]]] [718 [[""A"" 2]]] [720 [[""A"" 2]]] [739 [[""A"" 2]]] [763 [[""A"" 2]]] [777 [[""A"" 2]]] [792 [[""A"" 2]]] [808 [[""A"" 2]]] [822 [[""A"" 2]]] [834 [[""A"" 2]]] [853 [[""A"" 2]]] [859 [[""A"" 2]]] [878 [[""A"" 2]]] [896 [[""A"" 2]]] [901 [[""A"" 2]]] [916 [[""A"" 2]]] [939 [[""A"" 2]]] [957 [[""A"" 2]]] [969 [[""A"" 2]]] [976 [[""A"" 2]]] [995 [[""A"" 2]]] [1009 [[""A"" 2]]] [1025 [[""A"" 2]]] [1047 [[""A"" 2]]] [1057 [[""A"" 2]]] [1073 [[""A"" 2]]] [1086 [[""A"" 2]]] [1105 [[""A"" 2]]] [1110 [[""A"" 2]]] [1136 [[""A"" 2]]] [1143 [[""A"" 2]]] [1157 [[""A"" 2]]] [1174 [[""A"" 2]]] [1193 [[""A"" 2]]] [1205 [[""A"" 2]]] [1218 [[""A"" 2]]] [1234 [[""A"" 2]]] [1253 [[""A"" 2]]] [1260 [[""A"" 2]]] [1284 [[""A"" 2]]] [1297 [[""A"" 2]]] [1316 [[""A"" 2]]] [1327 [[""A"" 2]]] [1340 [[""A"" 2]]] [1364 [[""A"" 2]]] [1370 [[""A"" 2]]] [1380 [[""A"" 2]]] [1403 [[""A"" 2]]] [1423 [[""A"" 2]]] [1428 [[""A"" 2]]] [1447 [[""A"" 2]]] [1462 [[""A"" 2]]] [1476 [[""A"" 2]]] [1486 [[""A"" 2]]]]",

"PATCHES"
"pxcor","pycor","pcolor","plabel","plabel-color"
"-16","16","9.9","""""","9.9"
"-15","16","9.9","""""","9.9"
"-14","16","9.9","""""","9.9"
"-13","16","9.9","""""","9.9"
"-12","16","9.9","""""","9.9"
"-11","16","9.9","""""","9.9"
"-10","16","9.9","""""","9.9"
"-9","16","9.9","""""","9.9"
"-8","16","9.9","""""","9.9"
"-7","16","9.9","""""","9.9"
"-6","16","9.9","""""","9.9"
"-5","16","9.9","""""","9.9"
"-4","16","9.9","""""","9.9"
"-3","16","9.9","""""","9.9"
"-2","16","9.9","""""","9.9"
"-1","16","9.9","""""","9.9"
"0","16","9.9","""""","9.9"
"1","16","9.9","""""","9.9"
"2","16","9.9","""""","9.9"
"3","16","9.9","""""","9.9"
"4","16","9.9","""""","9.9"
"5","16","9.9","""""","9.9"
"6","16","9.9","""""","9.9"
"7","16","9.9","""""","9.9"
"8","16","9.9","""""","9.9"
"9","16","9.9","""""","9.9"
"10","16","9.9","""""","9.9"
"11","16","9.9","""""","9.9"
"12","16","9.9","""""","9.9"
"13","16","9.9","""""","9.9"
"14","16","9.9","""""","9.9"
"15","16","9.9","""""","9.9"
"16","16","9.9","""""","9.9"
"-16","15","9.9","""""","9.9"
"-15","15","9.9","""""","9.9"
"-14","15","9.9","""""","9.9"
"-13","15","9.9","""""","9.9"
"-12","15","9.9","""""","9.9"
"-11","15","9.9","""""","9.9"
"-10","15","9.9","""""","9.9"
"-9","15","9.9","""""","9.9"
"-8","15","9.9","""""","9.9"
"-7","15","9.9","""""","9.9"
"-6","15","9.9","""""","9.9"
"-5","15","9.9","""""","9.9"
"-4","15","9.9","""""","9.9"
"-3","15","9.9","""""","9.9"
"-2","15","9.9","""""","9.9"
"-1","15","9.9","""""","9.9"
"0","15","9.9","""""","9.9"
"1","15","9.9","""""","9.9"
"2","15","9.9","""""","9.9"
"3","15","9.9","""""","9.9"
"4","15","9.9","""""","9.9"
"5","15","9.9","""""","9.9"
"6","15","9.9","""""","9.9"
"7","15","9.9","""""","9.9"
"8","15","9.9","""""","9.9"
"9","15","9.9","""""","9.9"
"10","15","9.9","""""","9.9"
"11","15","9.9","""""","9.9"
"12","15","9.9","""""","9.9"
"13","15","9.9","""""","9.9"
"14","15","9.9","""""","9.9"
"15","15","9.9","""""","9.9"
"16","15","9.9","""""","9.9"
"-16","14","9.9","""""","9.9"
"-15","14","9.9","""""","9.9"
"-14","14","9.9","""""","9.9"
"-13","14","9.9","""""","9.9"
"-12","14","9.9","""""","9.9"
"-11","14","9.9","""""","9.9"
"-10","14","9.9","""""","9.9"
"-9","14","9.9","""""","9.9"
"-8","14","9.9","""""","9.9"
"-7","14","9.9","""""","9.9"
"-6","14","9.9","""""","9.9"
"-5","14","9.9","""""","9.9"
"-4","14","9.9","""""","9.9"
"-3","14","9.9","""""","9.9"
"-2","14","9.9","""""","9.9"
"-1","14","9.9","""""","9.9"
"0","14","9.9","""""","9.9"
"1","14","9.9","""""","9.9"
"2","14","9.9","""""","9.9"
"3","14","9.9","""""","9.9"
"4","14","9.9","""""","9.9"
"5","14","9.9","""""","9.9"
"6","14","9.9","""""","9.9"
"7","14","9.9","""""","9.9"
"8","14","9.9","""""","9.9"
"9","14","9.9","""""","9.9"
"10","14","9.9","""""","9.9"
"11","14","9.9","""""","9.9"
"12","14","9.9","""""","9.9"
"13","14","9.9","""""","9.9"
"14","14","9.9","""""","9.9"
"15","14","9.9","""""","9.9"
"16","14","9.9","""""","9.9"
"-16","13","9.9","""""","9.9"
"-15","13","9.9","""""","9.9"
"-14","13","9.9","""""","9.9"
"-13","13","9.9","""""","9.9"
"-12","13","9.9","""""","9.9"
"-11","13","9.9","""""","9.9"
"-10","13","9.9","""""","9.9"
"-9","13","9.9","""""","9.9"
"-8","13","9.9","""""","9.9"
"-7","13","9.9","""""","9.9"
"-6","13","9.9","""""","9.9"
"-5","13","9.9","""""","9.9"
"-4","13","9.9","""""","9.9"
"-3","13","9.9","""""","9.9"
"-2","13","9.9","""""","9.9"
"-1","13","9.9","""""","9.9"
"0","13","9.9","""""","9.9"
"1","13","9.9","""""","9.9"
"2","13","9.9","""""","9.9"
"3","13","9.9","""""","9.9"
"4","13","9.9","""""","9.9"
"5","13","9.9","""""","9.9"
"6","13","9.9","""""","9.9"
"7","13","9.9","""""","9.9"
"8","13","9.9","""""","9.9"
"9","13","9.9","""""","9.9"
"10","13","9.9","""""","9.9"
"11","13","9.9","""""","9.9"
"12","13","9.9","""""","9.9"
"13","13","9.9","""""","9.9"
"14","13","9.9","""""","9.9"
"15","13","9.9","""""","9.9"
"16","13","9.9","""""","9.9"
"-16","12","9.9","""""","9.9"
"-15","12","9.9","""""","9.9"
"-14","12","9.9","""""","9.9"
"-13","12","9.9","""""","9.9"
"-12","12","9.9","""""","9.9"
"-11","12","9.9","""""","9.9"
"-10","12","9.9","""""","9.9"
"-9","12","9.9","""""","9.9"
"-8","12","9.9","""""","9.9"
"-7","12","9.9","""""","9.9"
"-6","12","9.9","""""","9.9"
"-5","12","9.9","""""","9.9"
"-4","12","9.9","""""","9.9"
"-3","12","9.9","""""","9.9"
"-2","12","9.9","""""","9.9"
"-1","12","9.9","""""","9.9"
"0","12","9.9","""""","9.9"
"1","12","9.9","""""","9.9"
"2","12","9.9","""""","9.9"
"3","12","9.9","""""","9.9"
"4","12","9.9","""""","9.9"
"5","12","9.9","""""","9.9"
"6","12","9.9","""""","9.9"
"7","12","9.9","""""","9.9"
"8","12","9.9","""""","9.9"
"9","12","9.9","""""","9.9"
"10","12","9.9","""""","9.9"
"11","12","9.9","""""","9.9"
"12","12","9.9","""""","9.9"
"13","12","9.9","""""","9.9"
"14","12","9.9","""""","9.9"
"15","12","9.9","""""","9.9"
"16","12","9.9","""""","9.9"
"-16","11","9.9","""""","9.9"
"-15","11","9.9","""""","9.9"
"-14","11","9.9","""""","9.9"
"-13","11","9.9","""""","9.9"
"-12","11","9.9","""""","9.9"
"-11","11","9.9","""""","9.9"
"-10","11","9.9","""""","9.9"
"-9","11","9.9","""""","9.9"
"-8","11","9.9","""""","9.9"
"-7","11","9.9","""""","9.9"
"-6","11","9.9","""""","9.9"
"-5","11","9.9","""""","9.9"
"-4","11","9.9","""""","9.9"
"-3","11","9.9","""""","9.9"
"-2","11","9.9","""""","9.9"
"-1","11","9.9","""""","9.9"
"0","11","9.9","""""","9.9"
"1","11","9.9","""""","9.9"
"2","11","9.9","""""","9.9"
"3","11","9.9","""""","9.9"
"4","11","9.9","""""","9.9"
"5","11","9.9","""""","9.9"
"6","11","9.9","""""","9.9"
"7","11","9.9","""""","9.9"
"8","11","9.9","""""","9.9"
"9","11","9.9","""""","9.9"
"10","11","9.9","""""","9.9"
"11","11","9.9","""""","9.9"
"12","11","9.9","""""","9.9"
"13","11","9.9","""""","9.9"
"14","11","9.9","""""","9.9"
"15","11","9.9","""""","9.9"
"16","11","9.9","""""","9.9"
"-16","10","9.9","""""","9.9"
"-15","10","9.9","""""","9.9"
"-14","10","9.9","""""","9.9"
"-13","10","9.9","""""","9.9"
"-12","10","9.9","""""","9.9"
"-11","10","9.9","""""","9.9"
"-10","10","9.9","""""","9.9"
"-9","10","9.9","""""","9.9"
"-8","10","9.9","""""","9.9"
"-7","10","9.9","""""","9.9"
"-6","10","9.9","""""","9.9"
"-5","10","9.9","""""","9.9"
"-4","10","9.9","""""","9.9"
"-3","10","9.9","""""","9.9"
"-2","10","9.9","""""","9.9"
"-1","10","9.9","""""","9.9"
"0","10","9.9","""""","9.9"
"1","10","9.9","""""","9.9"
"2","10","9.9","""""","9.9"
"3","10","9.9","""""","9.9"
"4","10","9.9","""""","9.9"
"5","10","9.9","""""","9.9"
"6","10","9.9","""""","9.9"
"7","10","9.9","""""","9.9"
"8","10","9.9","""""","9.9"
"9","10","9.9","""""","9.9"
"10","10","9.9","""""","9.9"
"11","10","9.9","""""","9.9"
"12","10","9.9","""""","9.9"
"13","10","9.9","""""","9.9"
"14","10","9.9","""""","9.9"
"15","10","9.9","""""","9.9"
"16","10","9.9","""""","9.9"
"-16","9","9.9","""""","9.9"
"-15","9","9.9","""""","9.9"
"-14","9","9.9","""""","9.9"
"-13","9","9.9","""""","9.9"
"-12","9","9.9","""""","9.9"
"-11","9","9.9","""""","9.9"
"-10","9","9.9","""""","9.9"
"-9","9","9.9","""""","9.9"
"-8","9","9.9","""""","9.9"
"-7","9","9.9","""""","9.9"
"-6","9","9.9","""""","9.9"
"-5","9","9.9","""""","9.9"
"-4","9","9.9","""""","9.9"
"-3","9","9.9","""""","9.9"
"-2","9","9.9","""""","9.9"
"-1","9","9.9","""""","9.9"
"0","9","9.9","""""","9.9"
"1","9","9.9","""""","9.9"
"2","9","9.9","""""","9.9"
"3","9","9.9","""""","9.9"
"4","9","9.9","""""","9.9"
"5","9","9.9","""""","9.9"
"6","9","9.9","""""","9.9"
"7","9","9.9","""""","9.9"
"8","9","9.9","""""","9.9"
"9","9","9.9","""""","9.9"
"10","9","9.9","""""","9.9"
"11","9","9.9","""""","9.9"
"12","9","9.9","""""","9.9"
"13","9","9.9","""""","9.9"
"14","9","9.9","""""","9.9"
"15","9","9.9","""""","9.9"
"16","9","9.9","""""","9.9"
"-16","8","9.9","""""","9.9"
"-15","8","9.9","""""","9.9"
"-14","8","9.9","""""","9.9"
"-13","8","9.9","""""","9.9"
"-12","8","9.9","""""","9.9"
"-11","8","9.9","""""","9.9"
"-10","8","9.9","""""","9.9"
"-9","8","9.9","""""","9.9"
"-8","8","9.9","""""","9.9"
"-7","8","9.9","""""","9.9"
"-6","8","9.9","""""","9.9"
"-5","8","9.9","""""","9.9"
"-4","8","9.9","""""","9.9"
"-3","8","9.9","""""","9.9"
"-2","8","9.9","""""","9.9"
"-1","8","9.9","""""","9.9"
"0","8","9.9","""""","9.9"
"1","8","9.9","""""","9.9"
"2","8","9.9","""""","9.9"
"3","8","9.9","""""","9.9"
"4","8","9.9","""""","9.9"
"5","8","9.9","""""","9.9"
"6","8","9.9","""""","9.9"
"7","8","9.9","""""","9.9"
"8","8","9.9","""""","9.9"
"9","8","9.9","""""","9.9"
"10","8","9.9","""""","9.9"
"11","8","9.9","""""","9.9"
"12","8","9.9","""""","9.9"
"13","8","9.9","""""","9.9"
"14","8","9.9","""""","9.9"
"15","8","9.9","""""","9.9"
"16","8","9.9","""""","9.9"
"-16","7","9.9","""""","9.9"
"-15","7","9.9","""""","9.9"
"-14","7","9.9","""""","9.9"
"-13","7","9.9","""""","9.9"
"-12","7","9.9","""""","9.9"
"-11","7","9.9","""""","9.9"
"-10","7","9.9","""""","9.9"
"-9","7","9.9","""""","9.9"
"-8","7","9.9","""""","9.9"
"-7","7","9.9","""""","9.9"
"-6","7","9.9","""""","9.9"
"-5","7","9.9","""""","9.9"
"-4","7","9.9","""""","9.9"
"-3","7","9.9","""""","9.9"
"-2","7","9.9","""""","9.9"
"-1","7","9.9","""""","9.9"
"0","7","9.9","""""","9.9"
"1","7","9.9","""""","9.9"
"2","7","9.9","""""","9.9"
"3","7","9.9","""""","9.9"
"4","7","9.9","""""","9.9"
"5","7","9.9","""""","9.9"
"6","7","9.9","""""","9.9"
"7","7","9.9","""""","9.9"
"8","7","9.9","""""","9.9"
"9","7","9.9","""""","9.9"
"10","7","9.9","""""","9.9"
"11","7","9.9","""""","9.9"
"12","7","9.9","""""","9.9"
"13","7","9.9","""""","9.9"
"14","7","9.9","""""","9.9"
"15","7","9.9","""""","9.9"
"16","7","9.9","""""","9.9"
"-16","6","9.9","""""","9.9"
"-15","6","9.9","""""","9.9"
"-14","6","9.9","""""","9.9"
"-13","6","9.9","""""","9.9"
"-12","6","9.9","""""","9.9"
"-11","6","9.9","""""","9.9"
"-10","6","9.9","""""","9.9"
"-9","6","9.9","""""","9.9"
"-8","6","9.9","""""","9.9"
"-7","6","9.9","""""","9.9"
"-6","6","9.9","""""","9.9"
"-5","6","9.9","""""","9.9"
"-4","6","9.9","""""","9.9"
"-3","6","9.9","""""","9.9"
"-2","6","9.9","""""","9.9"
"-1","6","9.9","""""","9.9"
"0","6","9.9","""""","9.9"
"1","6","9.9","""""","9.9"
"2","6","9.9","""""","9.9"
"3","6","9.9","""""","9.9"
"4","6","9.9","""""","9.9"
"5","6","9.9","""""","9.9"
"6","6","9.9","""""","9.9"
"7","6","9.9","""""","9.9"
"8","6","9.9","""""","9.9"
"9","6","9.9","""""","9.9"
"10","6","9.9","""""","9.9"
"11","6","9.9","""""","9.9"
"12","6","9.9","""""","9.9"
"13","6","9.9","""""","9.9"
"14","6","9.9","""""","9.9"
"15","6","9.9","""""","9.9"
"16","6","9.9","""""","9.9"
"-16","5","9.9","""""","9.9"
"-15","5","9.9","""""","9.9"
"-14","5","9.9","""""","9.9"
"-13","5","9.9","""""","9.9"
"-12","5","9.9","""""","9.9"
"-11","5","9.9","""""","9.9"
"-10","5","9.9","""""","9.9"
"-9","5","9.9","""""","9.9"
"-8","5","9.9","""""","9.9"
"-7","5","9.9","""""","9.9"
"-6","5","9.9","""""","9.9"
"-5","5","9.9","""""","9.9"
"-4","5","9.9","""""","9.9"
"-3","5","9.9","""""","9.9"
"-2","5","9.9","""""","9.9"
"-1","5","9.9","""""","9.9"
"0","5","9.9","""""","9.9"
"1","5","9.9","""""","9.9"
"2","5","9.9","""""","9.9"
"3","5","9.9","""""","9.9"
"4","5","9.9","""""","9.9"
"5","5","9.9","""""","9.9"
"6","5","9.9","""""","9.9"
"7","5","9.9","""""","9.9"
"8","5","9.9","""""","9.9"
"9","5","9.9","""""","9.9"
"10","5","9.9","""""","9.9"
"11","5","9.9","""""","9.9"
"12","5","9.9","""""","9.9"
"13","5","9.9","""""","9.9"
"14","5","9.9","""""","9.9"
"15","5","9.9","""""","9.9"
"16","5","9.9","""""","9.9"
"-16","4","9.9","""""","9.9"
"-15","4","9.9","""""","9.9"
"-14","4","9.9","""""","9.9"
"-13","4","9.9","""""","9.9"
"-12","4","9.9","""""","9.9"
"-11","4","9.9","""""","9.9"
"-10","4","9.9","""""","9.9"
"-9","4","9.9","""""","9.9"
"-8","4","9.9","""""","9.9"
"-7","4","9.9","""""","9.9"
"-6","4","9.9","""""","9.9"
"-5","4","9.9","""""","9.9"
"-4","4","9.9","""""","9.9"
"-3","4","9.9","""""","9.9"
"-2","4","9.9","""""","9.9"
"-1","4","9.9","""""","9.9"
"0","4","9.9","""""","9.9"
"1","4","9.9","""""","9.9"
"2","4","9.9","""""","9.9"
"3","4","9.9","""""","9.9"
"4","4","9.9","""""","9.9"
"5","4","9.9","""""","9.9"
"6","4","9.9","""""","9.9"
"7","4","9.9","""""","9.9"
"8","4","9.9","""""","9.9"
"9","4","9.9","""""","9.9"
"10","4","9.9","""""","9.9"
"11","4","9.9","""""","9.9"
"12","4","9.9","""""","9.9"
"13","4","9.9","""""","9.9"
"14","4","9.9","""""","9.9"
"15","4","9.9","""""","9.9"
"16","4","9.9","""""","9.9"
"-16","3","9.9","""""","9.9"
"-15","3","9.9","""""","9.9"
"-14","3","9.9","""""","9.9"
"-13","3","9.9","""""","9.9"
"-12","3","9.9","""""","9.9"
"-11","3","9.9","""""","9.9"
"-10","3","9.9","""""","9.9"
"-9","3","9.9","""""","9.9"
"-8","3","9.9","""""","9.9"
"-7","3","9.9","""""","9.9"
"-6","3","9.9","""""","9.9"
"-5","3","9.9","""""","9.9"
"-4","3","9.9","""""","9.9"
"-3","3","9.9","""""","9.9"
"-2","3","9.9","""""","9.9"
"-1","3","9.9","""""","9.9"
"0","3","9.9","""""","9.9"
"1","3","9.9","""""","9.9"
"2","3","9.9","""""","9.9"
"3","3","9.9","""""","9.9"
"4","3","9.9","""""","9.9"
"5","3","9.9","""""","9.9"
"6","3","9.9","""""","9.9"
"7","3","9.9","""""","9.9"
"8","3","9.9","""""","9.9"
"9","3","9.9","""""","9.9"
"10","3","9.9","""""","9.9"
"11","3","9.9","""""","9.9"
"12","3","9.9","""""","9.9"
"13","3","9.9","""""","9.9"
"14","3","9.9","""""","9.9"
"15","3","9.9","""""","9.9"
"16","3","9.9","""""","9.9"
"-16","2","9.9","""""","9.9"
"-15","2","9.9","""""","9.9"
"-14","2","9.9","""""","9.9"
"-13","2","9.9","""""","9.9"
"-12","2","9.9","""""","9.9"
"-11","2","9.9","""""","9.9"
"-10","2","9.9","""""","9.9"
"-9","2","9.9","""""","9.9"
"-8","2","9.9","""""","9.9"
"-7","2","9.9","""""","9.9"
"-6","2","9.9","""""","9.9"
"-5","2","9.9","""""","9.9"
"-4","2","9.9","""""","9.9"
"-3","2","9.9","""""","9.9"
"-2","2","9.9","""""","9.9"
"-1","2","9.9","""""","9.9"
"0","2","9.9","""""","9.9"
"1","2","9.9","""""","9.9"
"2","2","9.9","""""","9.9"
"3","2","9.9","""""","9.9"
"4","2","9.9","""""","9.9"
"5","2","9.9","""""","9.9"
"6","2","9.9","""""","9.9"
"7","2","9.9","""""","9.9"
"8","2","9.9","""""","9.9"
"9","2","9.9","""""","9.9"
"10","2","9.9","""""","9.9"
"11","2","9.9","""""","9.9"
"12","2","9.9","""""","9.9"
"13","2","9.9","""""","9.9"
"14","2","9.9","""""","9.9"
"15","2","9.9","""""","9.9"
"16","2","9.9","""""","9.9"
"-16","1","9.9","""""","9.9"
"-15","1","9.9","""""","9.9"
"-14","1","9.9","""""","9.9"
"-13","1","9.9","""""","9.9"
"-12","1","9.9","""""","9.9"
"-11","1","9.9","""""","9.9"
"-10","1","9.9","""""","9.9"
"-9","1","9.9","""""","9.9"
"-8","1","9.9","""""","9.9"
"-7","1","9.9","""""","9.9"
"-6","1","9.9","""""","9.9"
"-5","1","9.9","""""","9.9"
"-4","1","9.9","""""","9.9"
"-3","1","9.9","""""","9.9"
"-2","1","9.9","""""","9.9"
"-1","1","9.9","""""","9.9"
"0","1","9.9","""""","9.9"
"1","1","9.9","""""","9.9"
"2","1","9.9","""""","9.9"
"3","1","9.9","""""","9.9"
"4","1","9.9","""""","9.9"
"5","1","9.9","""""","9.9"
"6","1","9.9","""""","9.9"
"7","1","9.9","""""","9.9"
"8","1","9.9","""""","9.9"
"9","1","9.9","""""","9.9"
"10","1","9.9","""""","9.9"
"11","1","9.9","""""","9.9"
"12","1","9.9","""""","9.9"
"13","1","9.9","""""","9.9"
"14","1","9.9","""""","9.9"
"15","1","9.9","""""","9.9"
"16","1","9.9","""""","9.9"
"-16","0","9.9","""""","9.9"
"-15","0","9.9","""""","9.9"
"-14","0","9.9","""""","9.9"
"-13","0","9.9","""""","9.9"
"-12","0","9.9","""""","9.9"
"-11","0","9.9","""""","9.9"
"-10","0","9.9","""""","9.9"
"-9","0","9.9","""""","9.9"
"-8","0","9.9","""""","9.9"
"-7","0","9.9","""""","9.9"
"-6","0","9.9","""""","9.9"
"-5","0","9.9","""""","9.9"
"-4","0","9.9","""""","9.9"
"-3","0","9.9","""""","9.9"
"-2","0","9.9","""""","9.9"
"-1","0","9.9","""""","9.9"
"0","0","9.9","""""","9.9"
"1","0","9.9","""""","9.9"
"2","0","9.9","""""","9.9"
"3","0","9.9","""""","9.9"
"4","0","9.9","""""","9.9"
"5","0","9.9","""""","9.9"
"6","0","9.9","""""","9.9"
"7","0","9.9","""""","9.9"
"8","0","9.9","""""","9.9"
"9","0","9.9","""""","9.9"
"10","0","9.9","""""","9.9"
"11","0","9.9","""""","9.9"
"12","0","9.9","""""","9.9"
"13","0","9.9","""""","9.9"
"14","0","9.9","""""","9.9"
"15","0","9.9","""""","9.9"
"16","0","9.9","""""","9.9"
"-16","-1","9.9","""""","9.9"
"-15","-1","9.9","""""","9.9"
"-14","-1","9.9","""""","9.9"
"-13","-1","9.9","""""","9.9"
"-12","-1","9.9","""""","9.9"
"-11","-1","9.9","""""","9.9"
"-10","-1","9.9","""""","9.9"
"-9","-1","9.9","""""","9.9"
"-8","-1","9.9","""""","9.9"
"-7","-1","9.9","""""","9.9"
"-6","-1","9.9","""""","9.9"
"-5","-1","9.9","""""","9.9"
"-4","-1","9.9","""""","9.9"
"-3","-1","9.9","""""","9.9"
"-2","-1","9.9","""""","9.9"
"-1","-1","9.9","""""","9.9"
"0","-1","9.9","""""","9.9"
"1","-1","9.9","""""","9.9"
"2","-1","9.9","""""","9.9"
"3","-1","9.9","""""","9.9"
"4","-1","9.9","""""","9.9"
"5","-1","9.9","""""","9.9"
"6","-1","9.9","""""","9.9"
"7","-1","9.9","""""","9.9"
"8","-1","9.9","""""","9.9"
"9","-1","9.9","""""","9.9"
"10","-1","9.9","""""","9.9"
"11","-1","9.9","""""","9.9"
"12","-1","9.9","""""","9.9"
"13","-1","9.9","""""","9.9"
"14","-1","9.9","""""","9.9"
"15","-1","9.9","""""","9.9"
"16","-1","9.9","""""","9.9"
"-16","-2","9.9","""""","9.9"
"-15","-2","9.9","""""","9.9"
"-14","-2","9.9","""""","9.9"
"-13","-2","9.9","""""","9.9"
"-12","-2","9.9","""""","9.9"
"-11","-2","9.9","""""","9.9"
"-10","-2","9.9","""""","9.9"
"-9","-2","9.9","""""","9.9"
"-8","-2","9.9","""""","9.9"
"-7","-2","9.9","""""","9.9"
"-6","-2","9.9","""""","9.9"
"-5","-2","9.9","""""","9.9"
"-4","-2","9.9","""""","9.9"
"-3","-2","9.9","""""","9.9"
"-2","-2","9.9","""""","9.9"
"-1","-2","9.9","""""","9.9"
"0","-2","9.9","""""","9.9"
"1","-2","9.9","""""","9.9"
"2","-2","9.9","""""","9.9"
"3","-2","9.9","""""","9.9"
"4","-2","9.9","""""","9.9"
"5","-2","9.9","""""","9.9"
"6","-2","9.9","""""","9.9"
"7","-2","9.9","""""","9.9"
"8","-2","9.9","""""","9.9"
"9","-2","9.9","""""","9.9"
"10","-2","9.9","""""","9.9"
"11","-2","9.9","""""","9.9"
"12","-2","9.9","""""","9.9"
"13","-2","9.9","""""","9.9"
"14","-2","9.9","""""","9.9"
"15","-2","9.9","""""","9.9"
"16","-2","9.9","""""","9.9"
"-16","-3","9.9","""""","9.9"
"-15","-3","9.9","""""","9.9"
"-14","-3","9.9","""""","9.9"
"-13","-3","9.9","""""","9.9"
"-12","-3","9.9","""""","9.9"
"-11","-3","9.9","""""","9.9"
"-10","-3","9.9","""""","9.9"
"-9","-3","9.9","""""","9.9"
"-8","-3","9.9","""""","9.9"
"-7","-3","9.9","""""","9.9"
"-6","-3","9.9","""""","9.9"
"-5","-3","9.9","""""","9.9"
"-4","-3","9.9","""""","9.9"
"-3","-3","9.9","""""","9.9"
"-2","-3","9.9","""""","9.9"
"-1","-3","9.9","""""","9.9"
"0","-3","9.9","""""","9.9"
"1","-3","9.9","""""","9.9"
"2","-3","9.9","""""","9.9"
"3","-3","9.9","""""","9.9"
"4","-3","9.9","""""","9.9"
"5","-3","9.9","""""","9.9"
"6","-3","9.9","""""","9.9"
"7","-3","9.9","""""","9.9"
"8","-3","9.9","""""","9.9"
"9","-3","9.9","""""","9.9"
"10","-3","9.9","""""","9.9"
"11","-3","9.9","""""","9.9"
"12","-3","9.9","""""","9.9"
"13","-3","9.9","""""","9.9"
"14","-3","9.9","""""","9.9"
"15","-3","9.9","""""","9.9"
"16","-3","9.9","""""","9.9"
"-16","-4","9.9","""""","9.9"
"-15","-4","9.9","""""","9.9"
"-14","-4","9.9","""""","9.9"
"-13","-4","9.9","""""","9.9"
"-12","-4","9.9","""""","9.9"
"-11","-4","9.9","""""","9.9"
"-10","-4","9.9","""""","9.9"
"-9","-4","9.9","""""","9.9"
"-8","-4","9.9","""""","9.9"
"-7","-4","9.9","""""","9.9"
"-6","-4","9.9","""""","9.9"
"-5","-4","9.9","""""","9.9"
"-4","-4","9.9","""""","9.9"
"-3","-4","9.9","""""","9.9"
"-2","-4","9.9","""""","9.9"
"-1","-4","9.9","""""","9.9"
"0","-4","9.9","""""","9.9"
"1","-4","9.9","""""","9.9"
"2","-4","9.9","""""","9.9"
"3","-4","9.9","""""","9.9"
"4","-4","9.9","""""","9.9"
"5","-4","9.9","""""","9.9"
"6","-4","9.9","""""","9.9"
"7","-4","9.9","""""","9.9"
"8","-4","9.9","""""","9.9"
"9","-4","9.9","""""","9.9"
"10","-4","9.9","""""","9.9"
"11","-4","9.9","""""","9.9"
"12","-4","9.9","""""","9.9"
"13","-4","9.9","""""","9.9"
"14","-4","9.9","""""","9.9"
"15","-4","9.9","""""","9.9"
"16","-4","9.9","""""","9.9"
"-16","-5","9.9","""""","9.9"
"-15","-5","9.9","""""","9.9"
"-14","-5","9.9","""""","9.9"
"-13","-5","9.9","""""","9.9"
"-12","-5","9.9","""""","9.9"
"-11","-5","9.9","""""","9.9"
"-10","-5","9.9","""""","9.9"
"-9","-5","9.9","""""","9.9"
"-8","-5","9.9","""""","9.9"
"-7","-5","9.9","""""","9.9"
"-6","-5","9.9","""""","9.9"
"-5","-5","9.9","""""","9.9"
"-4","-5","9.9","""""","9.9"
"-3","-5","9.9","""""","9.9"
"-2","-5","9.9","""""","9.9"
"-1","-5","9.9","""""","9.9"
"0","-5","9.9","""""","9.9"
"1","-5","9.9","""""","9.9"
"2","-5","9.9","""""","9.9"
"3","-5","9.9","""""","9.9"
"4","-5","9.9","""""","9.9"
"5","-5","9.9","""""","9.9"
"6","-5","9.9","""""","9.9"
"7","-5","9.9","""""","9.9"
"8","-5","9.9","""""","9.9"
"9","-5","9.9","""""","9.9"
"10","-5","9.9","""""","9.9"
"11","-5","9.9","""""","9.9"
"12","-5","9.9","""""","9.9"
"13","-5","9.9","""""","9.9"
"14","-5","9.9","""""","9.9"
"15","-5","9.9","""""","9.9"
"16","-5","9.9","""""","9.9"
"-16","-6","9.9","""""","9.9"
"-15","-6","9.9","""""","9.9"
"-14","-6","9.9","""""","9.9"
"-13","-6","9.9","""""","9.9"
"-12","-6","9.9","""""","9.9"
"-11","-6","9.9","""""","9.9"
"-10","-6","9.9","""""","9.9"
"-9","-6","9.9","""""","9.9"
"-8","-6","9.9","""""","9.9"
"-7","-6","9.9","""""","9.9"
"-6","-6","9.9","""""","9.9"
"-5","-6","9.9","""""","9.9"
"-4","-6","9.9","""""","9.9"
"-3","-6","9.9","""""","9.9"
"-2","-6","9.9","""""","9.9"
"-1","-6","9.9","""""","9.9"
"0","-6","9.9","""""","9.9"
"1","-6","9.9","""""","9.9"
"2","-6","9.9","""""","9.9"
"3","-6","9.9","""""","9.9"
"4","-6","9.9","""""","9.9"
"5","-6","9.9","""""","9.9"
"6","-6","9.9","""""","9.9"
"7","-6","9.9","""""","9.9"
"8","-6","9.9","""""","9.9"
"9","-6","9.9","""""","9.9"
"10","-6","9.9","""""","9.9"
"11","-6","9.9","""""","9.9"
"12","-6","9.9","""""","9.9"
"13","-6","9.9","""""","9.9"
"14","-6","9.9","""""","9.9"
"15","-6","9.9","""""","9.9"
"16","-6","9.9","""""","9.9"
"-16","-7","9.9","""""","9.9"
"-15","-7","9.9","""""","9.9"
"-14","-7","9.9","""""","9.9"
"-13","-7","9.9","""""","9.9"
"-12","-7","9.9","""""","9.9"
"-11","-7","9.9","""""","9.9"
"-10","-7","9.9","""""","9.9"
"-9","-7","9.9","""""","9.9"
"-8","-7","9.9","""""","9.9"
"-7","-7","9.9","""""","9.9"
"-6","-7","9.9","""""","9.9"
"-5","-7","9.9","""""","9.9"
"-4","-7","9.9","""""","9.9"
"-3","-7","9.9","""""","9.9"
"-2","-7","9.9","""""","9.9"
"-1","-7","9.9","""""","9.9"
"0","-7","9.9","""""","9.9"
"1","-7","9.9","""""","9.9"
"2","-7","9.9","""""","9.9"
"3","-7","9.9","""""","9.9"
"4","-7","9.9","""""","9.9"
"5","-7","9.9","""""","9.9"
"6","-7","9.9","""""","9.9"
"7","-7","9.9","""""","9.9"
"8","-7","9.9","""""","9.9"
"9","-7","9.9","""""","9.9"
"10","-7","9.9","""""","9.9"
"11","-7","9.9","""""","9.9"
"12","-7","9.9","""""","9.9"
"13","-7","9.9","""""","9.9"
"14","-7","9.9","""""","9.9"
"15","-7","9.9","""""","9.9"
"16","-7","9.9","""""","9.9"
"-16","-8","9.9","""""","9.9"
"-15","-8","9.9","""""","9.9"
"-14","-8","9.9","""""","9.9"
"-13","-8","9.9","""""","9.9"
"-12","-8","9.9","""""","9.9"
"-11","-8","9.9","""""","9.9"
"-10","-8","9.9","""""","9.9"
"-9","-8","9.9","""""","9.9"
"-8","-8","9.9","""""","9.9"
"-7","-8","9.9","""""","9.9"
"-6","-8","9.9","""""","9.9"
"-5","-8","9.9","""""","9.9"
"-4","-8","9.9","""""","9.9"
"-3","-8","9.9","""""","9.9"
"-2","-8","9.9","""""","9.9"
"-1","-8","9.9","""""","9.9"
"0","-8","9.9","""""","9.9"
"1","-8","9.9","""""","9.9"
"2","-8","9.9","""""","9.9"
"3","-8","9.9","""""","9.9"
"4","-8","9.9","""""","9.9"
"5","-8","9.9","""""","9.9"
"6","-8","9.9","""""","9.9"
"7","-8","9.9","""""","9.9"
"8","-8","9.9","""""","9.9"
"9","-8","9.9","""""","9.9"
"10","-8","9.9","""""","9.9"
"11","-8","9.9","""""","9.9"
"12","-8","9.9","""""","9.9"
"13","-8","9.9","""""","9.9"
"14","-8","9.9","""""","9.9"
"15","-8","9.9","""""","9.9"
"16","-8","9.9","""""","9.9"
"-16","-9","9.9","""""","9.9"
"-15","-9","9.9","""""","9.9"
"-14","-9","9.9","""""","9.9"
"-13","-9","9.9","""""","9.9"
"-12","-9","9.9","""""","9.9"
"-11","-9","9.9","""""","9.9"
"-10","-9","9.9","""""","9.9"
"-9","-9","9.9","""""","9.9"
"-8","-9","9.9","""""","9.9"
"-7","-9","9.9","""""","9.9"
"-6","-9","9.9","""""","9.9"
"-5","-9","9.9","""""","9.9"
"-4","-9","9.9","""""","9.9"
"-3","-9","9.9","""""","9.9"
"-2","-9","9.9","""""","9.9"
"-1","-9","9.9","""""","9.9"
"0","-9","9.9","""""","9.9"
"1","-9","9.9","""""","9.9"
"2","-9","9.9","""""","9.9"
"3","-9","9.9","""""","9.9"
"4","-9","9.9","""""","9.9"
"5","-9","9.9","""""","9.9"
"6","-9","9.9","""""","9.9"
"7","-9","9.9","""""","9.9"
"8","-9","9.9","""""","9.9"
"9","-9","9.9","""""","9.9"
"10","-9","9.9","""""","9.9"
"11","-9","9.9","""""","9.9"
"12","-9","9.9","""""","9.9"
"13","-9","9.9","""""","9.9"
"14","-9","9.9","""""","9.9"
"15","-9","9.9","""""","9.9"
"16","-9","9.9","""""","9.9"
"-16","-10","9.9","""""","9.9"
"-15","-10","9.9","""""","9.9"
"-14","-10","9.9","""""","9.9"
"-13","-10","9.9","""""","9.9"
"-12","-10","9.9","""""","9.9"
"-11","-10","9.9","""""","9.9"
"-10","-10","9.9","""""","9.9"
"-9","-10","9.9","""""","9.9"
"-8","-10","9.9","""""","9.9"
"-7","-10","9.9","""""","9.9"
"-6","-10","9.9","""""","9.9"
"-5","-10","9.9","""""","9.9"
"-4","-10","9.9","""""","9.9"
"-3","-10","9.9","""""","9.9"
"-2","-10","9.9","""""","9.9"
"-1","-10","9.9","""""","9.9"
"0","-10","9.9","""""","9.9"
"1","-10","9.9","""""","9.9"
"2","-10","9.9","""""","9.9"
"3","-10","9.9","""""","9.9"
"4","-10","9.9","""""","9.9"
"5","-10","9.9","""""","9.9"
"6","-10","9.9","""""","9.9"
"7","-10","9.9","""""","9.9"
"8","-10","9.9","""""","9.9"
"9","-10","9.9","""""","9.9"
"10","-10","9.9","""""","9.9"
"11","-10","9.9","""""","9.9"
"12","-10","9.9","""""","9.9"
"13","-10","9.9","""""","9.9"
"14","-10","9.9","""""","9.9"
"15","-10","9.9","""""","9.9"
"16","-10","9.9","""""","9.9"
"-16","-11","9.9","""""","9.9"
"-15","-11","9.9","""""","9.9"
"-14","-11","9.9","""""","9.9"
"-13","-11","9.9","""""","9.9"
"-12","-11","9.9","""""","9.9"
"-11","-11","9.9","""""","9.9"
"-10","-11","9.9","""""","9.9"
"-9","-11","9.9","""""","9.9"
"-8","-11","9.9","""""","9.9"
"-7","-11","9.9","""""","9.9"
"-6","-11","9.9","""""","9.9"
"-5","-11","9.9","""""","9.9"
"-4","-11","9.9","""""","9.9"
"-3","-11","9.9","""""","9.9"
"-2","-11","9.9","""""","9.9"
"-1","-11","9.9","""""","9.9"
"0","-11","9.9","""""","9.9"
"1","-11","9.9","""""","9.9"
"2","-11","9.9","""""","9.9"
"3","-11","9.9","""""","9.9"
"4","-11","9.9","""""","9.9"
"5","-11","9.9","""""","9.9"
"6","-11","9.9","""""","9.9"
"7","-11","9.9","""""","9.9"
"8","-11","9.9","""""","9.9"
"9","-11","9.9","""""","9.9"
"10","-11","9.9","""""","9.9"
"11","-11","9.9","""""","9.9"
"12","-11","9.9","""""","9.9"
"13","-11","9.9","""""","9.9"
"14","-11","9.9","""""","9.9"
"15","-11","9.9","""""","9.9"
"16","-11","9.9","""""","9.9"
"-16","-12","9.9","""""","9.9"
"-15","-12","9.9","""""","9.9"
"-14","-12","9.9","""""","9.9"
"-13","-12","9.9","""""","9.9"
"-12","-12","9.9","""""","9.9"
"-11","-12","9.9","""""","9.9"
"-10","-12","9.9","""""","9.9"
"-9","-12","9.9","""""","9.9"
"-8","-12","9.9","""""","9.9"
"-7","-12","9.9","""""","9.9"
"-6","-12","9.9","""""","9.9"
"-5","-12","9.9","""""","9.9"
"-4","-12","9.9","""""","9.9"
"-3","-12","9.9","""""","9.9"
"-2","-12","9.9","""""","9.9"
"-1","-12","9.9","""""","9.9"
"0","-12","9.9","""""","9.9"
"1","-12","9.9","""""","9.9"
"2","-12","9.9","""""","9.9"
"3","-12","9.9","""""","9.9"
"4","-12","9.9","""""","9.9"
"5","-12","9.9","""""","9.9"
"6","-12","9.9","""""","9.9"
"7","-12","9.9","""""","9.9"
"8","-12","9.9","""""","9.9"
"9","-12","9.9","""""","9.9"
"10","-12","9.9","""""","9.9"
"11","-12","9.9","""""","9.9"
"12","-12","9.9","""""","9.9"
"13","-12","9.9","""""","9.9"
"14","-12","9.9","""""","9.9"
"15","-12","9.9","""""","9.9"
"16","-12","9.9","""""","9.9"
"-16","-13","9.9","""""","9.9"
"-15","-13","9.9","""""","9.9"
"-14","-13","9.9","""""","9.9"
"-13","-13","9.9","""""","9.9"
"-12","-13","9.9","""""","9.9"
"-11","-13","9.9","""""","9.9"
"-10","-13","9.9","""""","9.9"
"-9","-13","9.9","""""","9.9"
"-8","-13","9.9","""""","9.9"
"-7","-13","9.9","""""","9.9"
"-6","-13","9.9","""""","9.9"
"-5","-13","9.9","""""","9.9"
"-4","-13","9.9","""""","9.9"
"-3","-13","9.9","""""","9.9"
"-2","-13","9.9","""""","9.9"
"-1","-13","9.9","""""","9.9"
"0","-13","9.9","""""","9.9"
"1","-13","9.9","""""","9.9"
"2","-13","9.9","""""","9.9"
"3","-13","9.9","""""","9.9"
"4","-13","9.9","""""","9.9"
"5","-13","9.9","""""","9.9"
"6","-13","9.9","""""","9.9"
"7","-13","9.9","""""","9.9"
"8","-13","9.9","""""","9.9"
"9","-13","9.9","""""","9.9"
"10","-13","9.9","""""","9.9"
"11","-13","9.9","""""","9.9"
"12","-13","9.9","""""","9.9"
"13","-13","9.9","""""","9.9"
"14","-13","9.9","""""","9.9"
"15","-13","9.9","""""","9.9"
"16","-13","9.9","""""","9.9"
"-16","-14","9.9","""""","9.9"
"-15","-14","9.9","""""","9.9"
"-14","-14","9.9","""""","9.9"
"-13","-14","9.9","""""","9.9"
"-12","-14","9.9","""""","9.9"
"-11","-14","9.9","""""","9.9"
"-10","-14","9.9","""""","9.9"
"-9","-14","9.9","""""","9.9"
"-8","-14","9.9","""""","9.9"
"-7","-14","9.9","""""","9.9"
"-6","-14","9.9","""""","9.9"
"-5","-14","9.9","""""","9.9"
"-4","-14","9.9","""""","9.9"
"-3","-14","9.9","""""","9.9"
"-2","-14","9.9","""""","9.9"
"-1","-14","9.9","""""","9.9"
"0","-14","9.9","""""","9.9"
"1","-14","9.9","""""","9.9"
"2","-14","9.9","""""","9.9"
"3","-14","9.9","""""","9.9"
"4","-14","9.9","""""","9.9"
"5","-14","9.9","""""","9.9"
"6","-14","9.9","""""","9.9"
"7","-14","9.9","""""","9.9"
"8","-14","9.9","""""","9.9"
"9","-14","9.9","""""","9.9"
"10","-14","9.9","""""","9.9"
"11","-14","9.9","""""","9.9"
"12","-14","9.9","""""","9.9"
"13","-14","9.9","""""","9.9"
"14","-14","9.9","""""","9.9"
"15","-14","9.9","""""","9.9"
"16","-14","9.9","""""","9.9"
"-16","-15","9.9","""""","9.9"
"-15","-15","9.9","""""","9.9"
"-14","-15","9.9","""""","9.9"
"-13","-15","9.9","""""","9.9"
"-12","-15","9.9","""""","9.9"
"-11","-15","9.9","""""","9.9"
"-10","-15","9.9","""""","9.9"
"-9","-15","9.9","""""","9.9"
"-8","-15","9.9","""""","9.9"
"-7","-15","9.9","""""","9.9"
"-6","-15","9.9","""""","9.9"
"-5","-15","9.9","""""","9.9"
"-4","-15","9.9","""""","9.9"
"-3","-15","9.9","""""","9.9"
"-2","-15","9.9","""""","9.9"
"-1","-15","9.9","""""","9.9"
"0","-15","9.9","""""","9.9"
"1","-15","9.9","""""","9.9"
"2","-15","9.9","""""","9.9"
"3","-15","9.9","""""","9.9"
"4","-15","9.9","""""","9.9"
"5","-15","9.9","""""","9.9"
"6","-15","9.9","""""","9.9"
"7","-15","9.9","""""","9.9"
"8","-15","9.9","""""","9.9"
"9","-15","9.9","""""","9.9"
"10","-15","9.9","""""","9.9"
"11","-15","9.9","""""","9.9"
"12","-15","9.9","""""","9.9"
"13","-15","9.9","""""","9.9"
"14","-15","9.9","""""","9.9"
"15","-15","9.9","""""","9.9"
"16","-15","9.9","""""","9.9"
"-16","-16","9.9","""""","9.9"
"-15","-16","9.9","""""","9.9"
"-14","-16","9.9","""""","9.9"
"-13","-16","9.9","""""","9.9"
"-12","-16","9.9","""""","9.9"
"-11","-16","9.9","""""","9.9"
"-10","-16","9.9","""""","9.9"
"-9","-16","9.9","""""","9.9"
"-8","-16","9.9","""""","9.9"
"-7","-16","9.9","""""","9.9"
"-6","-16","9.9","""""","9.9"
"-5","-16","9.9","""""","9.9"
"-4","-16","9.9","""""","9.9"
"-3","-16","9.9","""""","9.9"
"-2","-16","9.9","""""","9.9"
"-1","-16","9.9","""""","9.9"
"0","-16","9.9","""""","9.9"
"1","-16","9.9","""""","9.9"
"2","-16","9.9","""""","9.9"
"3","-16","9.9","""""","9.9"
"4","-16","9.9","""""","9.9"
"5","-16","9.9","""""","9.9"
"6","-16","9.9","""""","9.9"
"7","-16","9.9","""""","9.9"
"8","-16","9.9","""""","9.9"
"9","-16","9.9","""""","9.9"
"10","-16","9.9","""""","9.9"
"11","-16","9.9","""""","9.9"
"12","-16","9.9","""""","9.9"
"13","-16","9.9","""""","9.9"
"14","-16","9.9","""""","9.9"
"15","-16","9.9","""""","9.9"
"16","-16","9.9","""""","9.9"

"LINKS"
"end1","end2","color","label","label-color","hidden?","breed","thickness","shape","tie-mode","weight"
"{citizen 0}","{citizen 1}","[213 0 42 100]","""""","9.9","false","{breed social-friends}","0","""default""","""none""","0"
"{citizen 0}","{citizen 2}","[213 0 42 100]","""""","9.9","false","{breed social-friends}","0","""default""","""none""","0"
"{citizen 0}","{citizen 3}","[213 0 42 100]","""""","9.9","false","{breed social-friends}","0","""default""","""none""","0"
"{citizen 0}","{citizen 4}","[213 0 42 100]","""""","9.9","false","{breed social-friends}","0","""default""","""none""","0"
"{citizen 0}","{citizen 5}","[213 0 42 100]","""""","9.9","false","{breed social-friends}","0","""default""","""none""","0"
"{citizen 0}","{citizen 6}","[213 0 42 100]","""""","9.9","false","{breed social-friends}","0","""default""","""none""","0"
"{citizen 0}","{citizen 7}","[213 0 42 100]","""""","9.9","false","{breed social-friends}","0","""default""","""none""","0"
"{citizen 0}","{citizen 8}","[213 0 42 100]","""""","9.9","false","{breed social-friends}","0","""default""","""none""","0"
"{citizen 0}","{citizen 9}","[213 0 42 100]","""""","9.9","false","{breed social-friends}","0","""default""","""none""","0"
"{citizen 0}","{citizen 10}","[141 141 141 100]","""""","9.9","false","{breed social-friends}","0","""default""","""none""","0"
"{citizen 0}","{citizen 11}","[213 0 42 100]","""""","9.9","false","{breed social-friends}","0","""default""","""none""","0"
"{citizen 0}","{citizen 12}","[141 141 141 100]","""""","9.9","false","{breed social-friends}","0","""default""","""none""","0"
"{citizen 0}","{citizen 13}","[213 0 42 100]","""""","9.9","false","{breed social-friends}","0","""default""","""none""","0"
"{citizen 0}","{citizen 14}","[213 0 42 100]","""""","9.9","false","{breed social-friends}","0","""default""","""none""","0"
"{citizen 0}","{citizen 15}","[213 0 42 100]","""""","9.9","false","{breed social-friends}","0","""default""","""none""","0"
"{citizen 0}","{citizen 16}","[213 0 42 100]","""""","9.9","false","{breed social-friends}","0","""default""","""none""","0"
"{citizen 0}","{citizen 17}","[213 0 42 100]","""""","9.9","false","{breed social-friends}","0","""default""","""none""","0"
"{citizen 0}","{citizen 18}","[213 0 42 100]","""""","9.9","false","{breed social-friends}","0","""default""","""none""","0"
"{citizen 0}","{citizen 19}","[213 0 42 100]","""""","9.9","false","{breed social-friends}","0","""default""","""none""","0"
"{citizen 0}","{citizen 20}","[213 0 42 100]","""""","9.9","false","{breed social-friends}","0","""default""","""none""","0"
"{citizen 0}","{citizen 21}","[213 0 42 100]","""""","9.9","false","{breed social-friends}","0","""default""","""none""","0"
"{citizen 0}","{citizen 22}","[213 0 42 100]","""""","9.9","false","{breed social-friends}","0","""default""","""none""","0"
"{citizen 0}","{citizen 23}","[213 0 42 100]","""""","9.9","false","{breed social-friends}","0","""default""","""none""","0"
"{citizen 0}","{citizen 24}","[213 0 42 100]","""""","9.9","false","{breed social-friends}","0","""default""","""none""","0"
"{citizen 0}","{citizen 25}","[213 0 42 100]","""""","9.9","false","{breed social-friends}","0","""default""","""none""","0"
"{citizen 0}","{citizen 26}","[141 141 141 100]","""""","9.9","false","{breed social-friends}","0","""default""","""none""","0"
"{citizen 0}","{citizen 27}","[213 0 42 100]","""""","9.9","false","{breed social-friends}","0","""default""","""none""","0"
"{citizen 0}","{citizen 28}","[213 0 42 100]","""""","9.9","false","{breed social-friends}","0","""default""","""none""","0"
"{citizen 0}","{citizen 29}","[213 0 42 100]","""""","9.9","false","{breed social-friends}","0","""default""","""none""","0"
"{citizen 0}","{citizen 30}","[213 0 42 100]","""""","9.9","false","{breed social-friends}","0","""default""","""none""","0"
"{citizen 0}","{citizen 31}","[213 0 42 100]","""""","9.9","false","{breed social-friends}","0","""default""","""none""","0"
"{citizen 0}","{citizen 32}","[213 0 42 100]","""""","9.9","false","{breed social-friends}","0","""default""","""none""","0"
"{citizen 0}","{citizen 33}","[213 0 42 100]","""""","9.9","false","{breed social-friends}","0","""default""","""none""","0"
"{citizen 0}","{citizen 34}","[213 0 42 100]","""""","9.9","false","{breed social-friends}","0","""default""","""none""","0"
"{citizen 0}","{citizen 35}","[141 141 141 100]","""""","9.9","false","{breed social-friends}","0","""default""","""none""","0"
"{citizen 0}","{citizen 36}","[213 0 42 100]","""""","9.9","false","{breed social-friends}","0","""default""","""none""","0"
"{citizen 0}","{citizen 37}","[213 0 42 100]","""""","9.9","false","{breed social-friends}","0","""default""","""none""","0"
"{citizen 0}","{citizen 38}","[213 0 42 100]","""""","9.9","false","{breed social-friends}","0","""default""","""none""","0"
"{citizen 0}","{citizen 39}","[213 0 42 100]","""""","9.9","false","{breed social-friends}","0","""default""","""none""","0"
"{citizen 0}","{citizen 40}","[213 0 42 100]","""""","9.9","false","{breed social-friends}","0","""default""","""none""","0"
"{citizen 0}","{citizen 41}","[213 0 42 100]","""""","9.9","false","{breed social-friends}","0","""default""","""none""","0"
"{citizen 0}","{citizen 42}","[213 0 42 100]","""""","9.9","false","{breed social-friends}","0","""default""","""none""","0"
"{citizen 0}","{citizen 43}","[213 0 42 100]","""""","9.9","false","{breed social-friends}","0","""default""","""none""","0"
"{citizen 0}","{citizen 44}","[213 0 42 100]","""""","9.9","false","{breed social-friends}","0","""default""","""none""","0"
"{citizen 0}","{citizen 45}","[213 0 42 100]","""""","9.9","false","{breed social-friends}","0","""default""","""none""","0"
"{citizen 0}","{citizen 46}","[213 0 42 100]","""""","9.9","false","{breed social-friends}","0","""default""","""none""","0"
"{citizen 0}","{citizen 47}","[213 0 42 100]","""""","9.9","false","{breed social-friends}","0","""default""","""none""","0"
"{citizen 0}","{citizen 48}","[213 0 42 100]","""""","9.9","false","{breed social-friends}","0","""default""","""none""","0"
"{citizen 0}","{citizen 49}","[213 0 42 100]","""""","9.9","false","{breed social-friends}","0","""default""","""none""","0"
"{citizen 1}","{citizen 0}","[213 0 42 100]","""""","9.9","false","{breed social-friends}","0","""default""","""none""","0"
"{citizen 1}","{citizen 2}","[213 0 42 100]","""""","9.9","false","{breed social-friends}","0","""default""","""none""","0"
"{citizen 1}","{citizen 3}","[213 0 42 100]","""""","9.9","false","{breed social-friends}","0","""default""","""none""","0"
"{citizen 1}","{citizen 4}","[213 0 42 100]","""""","9.9","false","{breed social-friends}","0","""default""","""none""","0"
"{citizen 1}","{citizen 5}","[213 0 42 100]","""""","9.9","false","{breed social-friends}","0","""default""","""none""","0"
"{citizen 1}","{citizen 6}","[213 0 42 100]","""""","9.9","false","{breed social-friends}","0","""default""","""none""","0"
"{citizen 1}","{citizen 7}","[213 0 42 100]","""""","9.9","false","{breed social-friends}","0","""default""","""none""","0"
"{citizen 1}","{citizen 8}","[213 0 42 100]","""""","9.9","false","{breed social-friends}","0","""default""","""none""","0"
"{citizen 1}","{citizen 9}","[213 0 42 100]","""""","9.9","false","{breed social-friends}","0","""default""","""none""","0"
"{citizen 1}","{citizen 10}","[141 141 141 100]","""""","9.9","false","{breed social-friends}","0","""default""","""none""","0"
"{citizen 1}","{citizen 11}","[213 0 42 100]","""""","9.9","false","{breed social-friends}","0","""default""","""none""","0"
"{citizen 1}","{citizen 12}","[141 141 141 100]","""""","9.9","false","{breed social-friends}","0","""default""","""none""","0"
"{citizen 1}","{citizen 13}","[213 0 42 100]","""""","9.9","false","{breed social-friends}","0","""default""","""none""","0"
"{citizen 1}","{citizen 14}","[213 0 42 100]","""""","9.9","false","{breed social-friends}","0","""default""","""none""","0"
"{citizen 1}","{citizen 15}","[213 0 42 100]","""""","9.9","false","{breed social-friends}","0","""default""","""none""","0"
"{citizen 1}","{citizen 16}","[213 0 42 100]","""""","9.9","false","{breed social-friends}","0","""default""","""none""","0"
"{citizen 1}","{citizen 17}","[213 0 42 100]","""""","9.9","false","{breed social-friends}","0","""default""","""none""","0"
"{citizen 1}","{citizen 18}","[213 0 42 100]","""""","9.9","false","{breed social-friends}","0","""default""","""none""","0"
"{citizen 1}","{citizen 19}","[213 0 42 100]","""""","9.9","false","{breed social-friends}","0","""default""","""none""","0"
"{citizen 1}","{citizen 20}","[213 0 42 100]","""""","9.9","false","{breed social-friends}","0","""default""","""none""","0"
"{citizen 1}","{citizen 21}","[213 0 42 100]","""""","9.9","false","{breed social-friends}","0","""default""","""none""","0"
"{citizen 1}","{citizen 22}","[213 0 42 100]","""""","9.9","false","{breed social-friends}","0","""default""","""none""","0"
"{citizen 1}","{citizen 23}","[213 0 42 100]","""""","9.9","false","{breed social-friends}","0","""default""","""none""","0"
"{citizen 1}","{citizen 24}","[213 0 42 100]","""""","9.9","false","{breed social-friends}","0","""default""","""none""","0"
"{citizen 1}","{citizen 25}","[213 0 42 100]","""""","9.9","false","{breed social-friends}","0","""default""","""none""","0"
"{citizen 1}","{citizen 26}","[141 141 141 100]","""""","9.9","false","{breed social-friends}","0","""default""","""none""","0"
"{citizen 1}","{citizen 27}","[213 0 42 100]","""""","9.9","false","{breed social-friends}","0","""default""","""none""","0"
"{citizen 1}","{citizen 28}","[213 0 42 100]","""""","9.9","false","{breed social-friends}","0","""default""","""none""","0"
"{citizen 1}","{citizen 29}","[213 0 42 100]","""""","9.9","false","{breed social-friends}","0","""default""","""none""","0"
"{citizen 1}","{citizen 30}","[213 0 42 100]","""""","9.9","false","{breed social-friends}","0","""default""","""none""","0"
"{citizen 1}","{citizen 31}","[213 0 42 100]","""""","9.9","false","{breed social-friends}","0","""default""","""none""","0"
"{citizen 1}","{citizen 32}","[213 0 42 100]","""""","9.9","false","{breed social-friends}","0","""default""","""none""","0"
"{citizen 1}","{citizen 33}","[213 0 42 100]","""""","9.9","false","{breed social-friends}","0","""default""","""none""","0"
"{citizen 1}","{citizen 34}","[213 0 42 100]","""""","9.9","false","{breed social-friends}","0","""default""","""none""","0"
"{citizen 1}","{citizen 35}","[141 141 141 100]","""""","9.9","false","{breed social-friends}","0","""default""","""none""","0"
"{citizen 1}","{citizen 36}","[213 0 42 100]","""""","9.9","false","{breed social-friends}","0","""default""","""none""","0"
"{citizen 1}","{citizen 37}","[213 0 42 100]","""""","9.9","false","{breed social-friends}","0","""default""","""none""","0"
"{citizen 1}","{citizen 38}","[213 0 42 100]","""""","9.9","false","{breed social-friends}","0","""default""","""none""","0"
"{citizen 1}","{citizen 39}","[213 0 42 100]","""""","9.9","false","{breed social-friends}","0","""default""","""none""","0"
"{citizen 1}","{citizen 40}","[213 0 42 100]","""""","9.9","false","{breed social-friends}","0","""default""","""none""","0"
"{citizen 1}","{citizen 41}","[213 0 42 100]","""""","9.9","false","{breed social-friends}","0","""default""","""none""","0"
"{citizen 1}","{citizen 42}","[213 0 42 100]","""""","9.9","false","{breed social-friends}","0","""default""","""none""","0"
"{citizen 1}","{citizen 43}","[213 0 42 100]","""""","9.9","false","{breed social-friends}","0","""default""","""none""","0"
"{citizen 1}","{citizen 44}","[213 0 42 100]","""""","9.9","false","{breed social-friends}","0","""default""","""none""","0"
"{citizen 1}","{citizen 45}","[213 0 42 100]","""""","9.9","false","{breed social-friends}","0","""default""","""none""","0"
"{citizen 1}","{citizen 46}","[213 0 42 100]","""""","9.9","false","{breed social-friends}","0","""default""","""none""","0"
"{citizen 1}","{citizen 47}","[213 0 42 100]","""""","9.9","false","{breed social-friends}","0","""default""","""none""","0"
"{citizen 1}","{citizen 48}","[213 0 42 100]","""""","9.9","false","{breed social-friends}","0","""default""","""none""","0"
"{citizen 1}","{citizen 49}","[213 0 42 100]","""""","9.9","false","{breed social-friends}","0","""default""","""none""","0"
"{citizen 2}","{citizen 0}","[213 0 42 100]","""""","9.9","false","{breed social-friends}","0","""default""","""none""","0"
"{citizen 2}","{citizen 1}","[213 0 42 100]","""""","9.9","false","{breed social-friends}","0","""default""","""none""","0"
"{citizen 2}","{citizen 3}","[213 0 42 100]","""""","9.9","false","{breed social-friends}","0","""default""","""none""","0"
"{citizen 2}","{citizen 4}","[213 0 42 100]","""""","9.9","false","{breed social-friends}","0","""default""","""none""","0"
"{citizen 2}","{citizen 5}","[213 0 42 100]","""""","9.9","false","{breed social-friends}","0","""default""","""none""","0"
"{citizen 2}","{citizen 6}","[213 0 42 100]","""""","9.9","false","{breed social-friends}","0","""default""","""none""","0"
"{citizen 2}","{citizen 7}","[213 0 42 100]","""""","9.9","false","{breed social-friends}","0","""default""","""none""","0"
"{citizen 2}","{citizen 8}","[213 0 42 100]","""""","9.9","false","{breed social-friends}","0","""default""","""none""","0"
"{citizen 2}","{citizen 9}","[213 0 42 100]","""""","9.9","false","{breed social-friends}","0","""default""","""none""","0"
"{citizen 2}","{citizen 10}","[141 141 141 100]","""""","9.9","false","{breed social-friends}","0","""default""","""none""","0"
"{citizen 2}","{citizen 11}","[213 0 42 100]","""""","9.9","false","{breed social-friends}","0","""default""","""none""","0"
"{citizen 2}","{citizen 12}","[141 141 141 100]","""""","9.9","false","{breed social-friends}","0","""default""","""none""","0"
"{citizen 2}","{citizen 13}","[213 0 42 100]","""""","9.9","false","{breed social-friends}","0","""default""","""none""","0"
"{citizen 2}","{citizen 14}","[213 0 42 100]","""""","9.9","false","{breed social-friends}","0","""default""","""none""","0"
"{citizen 2}","{citizen 15}","[213 0 42 100]","""""","9.9","false","{breed social-friends}","0","""default""","""none""","0"
"{citizen 2}","{citizen 16}","[213 0 42 100]","""""","9.9","false","{breed social-friends}","0","""default""","""none""","0"
"{citizen 2}","{citizen 17}","[213 0 42 100]","""""","9.9","false","{breed social-friends}","0","""default""","""none""","0"
"{citizen 2}","{citizen 18}","[213 0 42 100]","""""","9.9","false","{breed social-friends}","0","""default""","""none""","0"
"{citizen 2}","{citizen 19}","[213 0 42 100]","""""","9.9","false","{breed social-friends}","0","""default""","""none""","0"
"{citizen 2}","{citizen 20}","[213 0 42 100]","""""","9.9","false","{breed social-friends}","0","""default""","""none""","0"
"{citizen 2}","{citizen 21}","[213 0 42 100]","""""","9.9","false","{breed social-friends}","0","""default""","""none""","0"
"{citizen 2}","{citizen 22}","[213 0 42 100]","""""","9.9","false","{breed social-friends}","0","""default""","""none""","0"
"{citizen 2}","{citizen 23}","[213 0 42 100]","""""","9.9","false","{breed social-friends}","0","""default""","""none""","0"
"{citizen 2}","{citizen 24}","[213 0 42 100]","""""","9.9","false","{breed social-friends}","0","""default""","""none""","0"
"{citizen 2}","{citizen 25}","[213 0 42 100]","""""","9.9","false","{breed social-friends}","0","""default""","""none""","0"
"{citizen 2}","{citizen 26}","[141 141 141 100]","""""","9.9","false","{breed social-friends}","0","""default""","""none""","0"
"{citizen 2}","{citizen 27}","[213 0 42 100]","""""","9.9","false","{breed social-friends}","0","""default""","""none""","0"
"{citizen 2}","{citizen 28}","[213 0 42 100]","""""","9.9","false","{breed social-friends}","0","""default""","""none""","0"
"{citizen 2}","{citizen 29}","[213 0 42 100]","""""","9.9","false","{breed social-friends}","0","""default""","""none""","0"
"{citizen 2}","{citizen 30}","[213 0 42 100]","""""","9.9","false","{breed social-friends}","0","""default""","""none""","0"
"{citizen 2}","{citizen 31}","[213 0 42 100]","""""","9.9","false","{breed social-friends}","0","""default""","""none""","0"
"{citizen 2}","{citizen 32}","[213 0 42 100]","""""","9.9","false","{breed social-friends}","0","""default""","""none""","0"
"{citizen 2}","{citizen 33}","[213 0 42 100]","""""","9.9","false","{breed social-friends}","0","""default""","""none""","0"
"{citizen 2}","{citizen 34}","[213 0 42 100]","""""","9.9","false","{breed social-friends}","0","""default""","""none""","0"
"{citizen 2}","{citizen 35}","[141 141 141 100]","""""","9.9","false","{breed social-friends}","0","""default""","""none""","0"
"{citizen 2}","{citizen 36}","[213 0 42 100]","""""","9.9","false","{breed social-friends}","0","""default""","""none""","0"
"{citizen 2}","{citizen 37}","[213 0 42 100]","""""","9.9","false","{breed social-friends}","0","""default""","""none""","0"
"{citizen 2}","{citizen 38}","[213 0 42 100]","""""","9.9","false","{breed social-friends}","0","""default""","""none""","0"
"{citizen 2}","{citizen 39}","[213 0 42 100]","""""","9.9","false","{breed social-friends}","0","""default""","""none""","0"
"{citizen 2}","{citizen 40}","[213 0 42 100]","""""","9.9","false","{breed social-friends}","0","""default""","""none""","0"
"{citizen 2}","{citizen 41}","[213 0 42 100]","""""","9.9","false","{breed social-friends}","0","""default""","""none""","0"
"{citizen 2}","{citizen 42}","[213 0 42 100]","""""","9.9","false","{breed social-friends}","0","""default""","""none""","0"
"{citizen 2}","{citizen 43}","[213 0 42 100]","""""","9.9","false","{breed social-friends}","0","""default""","""none""","0"
"{citizen 2}","{citizen 44}","[213 0 42 100]","""""","9.9","false","{breed social-friends}","0","""default""","""none""","0"
"{citizen 2}","{citizen 45}","[213 0 42 100]","""""","9.9","false","{breed social-friends}","0","""default""","""none""","0"
"{citizen 2}","{citizen 46}","[213 0 42 100]","""""","9.9","false","{breed social-friends}","0","""default""","""none""","0"
"{citizen 2}","{citizen 47}","[213 0 42 100]","""""","9.9","false","{breed social-friends}","0","""default""","""none""","0"
"{citizen 2}","{citizen 48}","[213 0 42 100]","""""","9.9","false","{breed social-friends}","0","""default""","""none""","0"
"{citizen 2}","{citizen 49}","[213 0 42 100]","""""","9.9","false","{breed social-friends}","0","""default""","""none""","0"
"{citizen 3}","{citizen 0}","[213 0 42 100]","""""","9.9","false","{breed social-friends}","0","""default""","""none""","0"
"{citizen 3}","{citizen 1}","[213 0 42 100]","""""","9.9","false","{breed social-friends}","0","""default""","""none""","0"
"{citizen 3}","{citizen 2}","[213 0 42 100]","""""","9.9","false","{breed social-friends}","0","""default""","""none""","0"
"{citizen 3}","{citizen 4}","[213 0 42 100]","""""","9.9","false","{breed social-friends}","0","""default""","""none""","0"
"{citizen 3}","{citizen 5}","[213 0 42 100]","""""","9.9","false","{breed social-friends}","0","""default""","""none""","0"
"{citizen 3}","{citizen 6}","[213 0 42 100]","""""","9.9","false","{breed social-friends}","0","""default""","""none""","0"
"{citizen 3}","{citizen 7}","[213 0 42 100]","""""","9.9","false","{breed social-friends}","0","""default""","""none""","0"
"{citizen 3}","{citizen 8}","[213 0 42 100]","""""","9.9","false","{breed social-friends}","0","""default""","""none""","0"
"{citizen 3}","{citizen 9}","[213 0 42 100]","""""","9.9","false","{breed social-friends}","0","""default""","""none""","0"
"{citizen 3}","{citizen 10}","[141 141 141 100]","""""","9.9","false","{breed social-friends}","0","""default""","""none""","0"
"{citizen 3}","{citizen 11}","[213 0 42 100]","""""","9.9","false","{breed social-friends}","0","""default""","""none""","0"
"{citizen 3}","{citizen 12}","[141 141 141 100]","""""","9.9","false","{breed social-friends}","0","""default""","""none""","0"
"{citizen 3}","{citizen 13}","[213 0 42 100]","""""","9.9","false","{breed social-friends}","0","""default""","""none""","0"
"{citizen 3}","{citizen 14}","[213 0 42 100]","""""","9.9","false","{breed social-friends}","0","""default""","""none""","0"
"{citizen 3}","{citizen 15}","[213 0 42 100]","""""","9.9","false","{breed social-friends}","0","""default""","""none""","0"
"{citizen 3}","{citizen 16}","[213 0 42 100]","""""","9.9","false","{breed social-friends}","0","""default""","""none""","0"
"{citizen 3}","{citizen 17}","[213 0 42 100]","""""","9.9","false","{breed social-friends}","0","""default""","""none""","0"
"{citizen 3}","{citizen 18}","[213 0 42 100]","""""","9.9","false","{breed social-friends}","0","""default""","""none""","0"
"{citizen 3}","{citizen 19}","[213 0 42 100]","""""","9.9","false","{breed social-friends}","0","""default""","""none""","0"
"{citizen 3}","{citizen 20}","[213 0 42 100]","""""","9.9","false","{breed social-friends}","0","""default""","""none""","0"
"{citizen 3}","{citizen 21}","[213 0 42 100]","""""","9.9","false","{breed social-friends}","0","""default""","""none""","0"
"{citizen 3}","{citizen 22}","[213 0 42 100]","""""","9.9","false","{breed social-friends}","0","""default""","""none""","0"
"{citizen 3}","{citizen 23}","[213 0 42 100]","""""","9.9","false","{breed social-friends}","0","""default""","""none""","0"
"{citizen 3}","{citizen 24}","[213 0 42 100]","""""","9.9","false","{breed social-friends}","0","""default""","""none""","0"
"{citizen 3}","{citizen 25}","[213 0 42 100]","""""","9.9","false","{breed social-friends}","0","""default""","""none""","0"
"{citizen 3}","{citizen 26}","[141 141 141 100]","""""","9.9","false","{breed social-friends}","0","""default""","""none""","0"
"{citizen 3}","{citizen 27}","[213 0 42 100]","""""","9.9","false","{breed social-friends}","0","""default""","""none""","0"
"{citizen 3}","{citizen 28}","[213 0 42 100]","""""","9.9","false","{breed social-friends}","0","""default""","""none""","0"
"{citizen 3}","{citizen 29}","[213 0 42 100]","""""","9.9","false","{breed social-friends}","0","""default""","""none""","0"
"{citizen 3}","{citizen 30}","[213 0 42 100]","""""","9.9","false","{breed social-friends}","0","""default""","""none""","0"
"{citizen 3}","{citizen 31}","[213 0 42 100]","""""","9.9","false","{breed social-friends}","0","""default""","""none""","0"
"{citizen 3}","{citizen 32}","[213 0 42 100]","""""","9.9","false","{breed social-friends}","0","""default""","""none""","0"
"{citizen 3}","{citizen 33}","[213 0 42 100]","""""","9.9","false","{breed social-friends}","0","""default""","""none""","0"
"{citizen 3}","{citizen 34}","[213 0 42 100]","""""","9.9","false","{breed social-friends}","0","""default""","""none""","0"
"{citizen 3}","{citizen 35}","[141 141 141 100]","""""","9.9","false","{breed social-friends}","0","""default""","""none""","0"
"{citizen 3}","{citizen 36}","[213 0 42 100]","""""","9.9","false","{breed social-friends}","0","""default""","""none""","0"
"{citizen 3}","{citizen 37}","[213 0 42 100]","""""","9.9","false","{breed social-friends}","0","""default""","""none""","0"
"{citizen 3}","{citizen 38}","[213 0 42 100]","""""","9.9","false","{breed social-friends}","0","""default""","""none""","0"
"{citizen 3}","{citizen 39}","[213 0 42 100]","""""","9.9","false","{breed social-friends}","0","""default""","""none""","0"
"{citizen 3}","{citizen 40}","[213 0 42 100]","""""","9.9","false","{breed social-friends}","0","""default""","""none""","0"
"{citizen 3}","{citizen 41}","[213 0 42 100]","""""","9.9","false","{breed social-friends}","0","""default""","""none""","0"
"{citizen 3}","{citizen 42}","[213 0 42 100]","""""","9.9","false","{breed social-friends}","0","""default""","""none""","0"
"{citizen 3}","{citizen 43}","[213 0 42 100]","""""","9.9","false","{breed social-friends}","0","""default""","""none""","0"
"{citizen 3}","{citizen 44}","[213 0 42 100]","""""","9.9","false","{breed social-friends}","0","""default""","""none""","0"
"{citizen 3}","{citizen 45}","[213 0 42 100]","""""","9.9","false","{breed social-friends}","0","""default""","""none""","0"
"{citizen 3}","{citizen 46}","[213 0 42 100]","""""","9.9","false","{breed social-friends}","0","""default""","""none""","0"
"{citizen 3}","{citizen 47}","[213 0 42 100]","""""","9.9","false","{breed social-friends}","0","""default""","""none""","0"
"{citizen 3}","{citizen 48}","[213 0 42 100]","""""","9.9","false","{breed social-friends}","0","""default""","""none""","0"
"{citizen 3}","{citizen 49}","[213 0 42 100]","""""","9.9","false","{breed social-friends}","0","""default""","""none""","0"
"{citizen 4}","{citizen 0}","[213 0 42 100]","""""","9.9","false","{breed social-friends}","0","""default""","""none""","0"
"{citizen 4}","{citizen 1}","[213 0 42 100]","""""","9.9","false","{breed social-friends}","0","""default""","""none""","0"
"{citizen 4}","{citizen 2}","[213 0 42 100]","""""","9.9","false","{breed social-friends}","0","""default""","""none""","0"
"{citizen 4}","{citizen 3}","[213 0 42 100]","""""","9.9","false","{breed social-friends}","0","""default""","""none""","0"
"{citizen 4}","{citizen 5}","[213 0 42 100]","""""","9.9","false","{breed social-friends}","0","""default""","""none""","0"
"{citizen 4}","{citizen 6}","[213 0 42 100]","""""","9.9","false","{breed social-friends}","0","""default""","""none""","0"
"{citizen 4}","{citizen 7}","[213 0 42 100]","""""","9.9","false","{breed social-friends}","0","""default""","""none""","0"
"{citizen 4}","{citizen 8}","[213 0 42 100]","""""","9.9","false","{breed social-friends}","0","""default""","""none""","0"
"{citizen 4}","{citizen 9}","[213 0 42 100]","""""","9.9","false","{breed social-friends}","0","""default""","""none""","0"
"{citizen 4}","{citizen 10}","[141 141 141 100]","""""","9.9","false","{breed social-friends}","0","""default""","""none""","0"
"{citizen 4}","{citizen 11}","[213 0 42 100]","""""","9.9","false","{breed social-friends}","0","""default""","""none""","0"
"{citizen 4}","{citizen 12}","[141 141 141 100]","""""","9.9","false","{breed social-friends}","0","""default""","""none""","0"
"{citizen 4}","{citizen 13}","[213 0 42 100]","""""","9.9","false","{breed social-friends}","0","""default""","""none""","0"
"{citizen 4}","{citizen 14}","[213 0 42 100]","""""","9.9","false","{breed social-friends}","0","""default""","""none""","0"
"{citizen 4}","{citizen 15}","[213 0 42 100]","""""","9.9","false","{breed social-friends}","0","""default""","""none""","0"
"{citizen 4}","{citizen 16}","[213 0 42 100]","""""","9.9","false","{breed social-friends}","0","""default""","""none""","0"
"{citizen 4}","{citizen 17}","[213 0 42 100]","""""","9.9","false","{breed social-friends}","0","""default""","""none""","0"
"{citizen 4}","{citizen 18}","[213 0 42 100]","""""","9.9","false","{breed social-friends}","0","""default""","""none""","0"
"{citizen 4}","{citizen 19}","[213 0 42 100]","""""","9.9","false","{breed social-friends}","0","""default""","""none""","0"
"{citizen 4}","{citizen 20}","[213 0 42 100]","""""","9.9","false","{breed social-friends}","0","""default""","""none""","0"
"{citizen 4}","{citizen 21}","[213 0 42 100]","""""","9.9","false","{breed social-friends}","0","""default""","""none""","0"
"{citizen 4}","{citizen 22}","[213 0 42 100]","""""","9.9","false","{breed social-friends}","0","""default""","""none""","0"
"{citizen 4}","{citizen 23}","[213 0 42 100]","""""","9.9","false","{breed social-friends}","0","""default""","""none""","0"
"{citizen 4}","{citizen 24}","[213 0 42 100]","""""","9.9","false","{breed social-friends}","0","""default""","""none""","0"
"{citizen 4}","{citizen 25}","[213 0 42 100]","""""","9.9","false","{breed social-friends}","0","""default""","""none""","0"
"{citizen 4}","{citizen 26}","[141 141 141 100]","""""","9.9","false","{breed social-friends}","0","""default""","""none""","0"
"{citizen 4}","{citizen 27}","[213 0 42 100]","""""","9.9","false","{breed social-friends}","0","""default""","""none""","0"
"{citizen 4}","{citizen 28}","[213 0 42 100]","""""","9.9","false","{breed social-friends}","0","""default""","""none""","0"
"{citizen 4}","{citizen 29}","[213 0 42 100]","""""","9.9","false","{breed social-friends}","0","""default""","""none""","0"
"{citizen 4}","{citizen 30}","[213 0 42 100]","""""","9.9","false","{breed social-friends}","0","""default""","""none""","0"
"{citizen 4}","{citizen 31}","[213 0 42 100]","""""","9.9","false","{breed social-friends}","0","""default""","""none""","0"
"{citizen 4}","{citizen 32}","[213 0 42 100]","""""","9.9","false","{breed social-friends}","0","""default""","""none""","0"
"{citizen 4}","{citizen 33}","[213 0 42 100]","""""","9.9","false","{breed social-friends}","0","""default""","""none""","0"
"{citizen 4}","{citizen 34}","[213 0 42 100]","""""","9.9","false","{breed social-friends}","0","""default""","""none""","0"
"{citizen 4}","{citizen 35}","[141 141 141 100]","""""","9.9","false","{breed social-friends}","0","""default""","""none""","0"
"{citizen 4}","{citizen 36}","[213 0 42 100]","""""","9.9","false","{breed social-friends}","0","""default""","""none""","0"
"{citizen 4}","{citizen 37}","[213 0 42 100]","""""","9.9","false","{breed social-friends}","0","""default""","""none""","0"
"{citizen 4}","{citizen 38}","[213 0 42 100]","""""","9.9","false","{breed social-friends}","0","""default""","""none""","0"
"{citizen 4}","{citizen 39}","[213 0 42 100]","""""","9.9","false","{breed social-friends}","0","""default""","""none""","0"
"{citizen 4}","{citizen 40}","[213 0 42 100]","""""","9.9","false","{breed social-friends}","0","""default""","""none""","0"
"{citizen 4}","{citizen 41}","[213 0 42 100]","""""","9.9","false","{breed social-friends}","0","""default""","""none""","0"
"{citizen 4}","{citizen 42}","[213 0 42 100]","""""","9.9","false","{breed social-friends}","0","""default""","""none""","0"
"{citizen 4}","{citizen 43}","[213 0 42 100]","""""","9.9","false","{breed social-friends}","0","""default""","""none""","0"
"{citizen 4}","{citizen 44}","[213 0 42 100]","""""","9.9","false","{breed social-friends}","0","""default""","""none""","0"
"{citizen 4}","{citizen 45}","[213 0 42 100]","""""","9.9","false","{breed social-friends}","0","""default""","""none""","0"
"{citizen 4}","{citizen 46}","[213 0 42 100]","""""","9.9","false","{breed social-friends}","0","""default""","""none""","0"
"{citizen 4}","{citizen 47}","[213 0 42 100]","""""","9.9","false","{breed social-friends}","0","""default""","""none""","0"
"{citizen 4}","{citizen 48}","[213 0 42 100]","""""","9.9","false","{breed social-friends}","0","""default""","""none""","0"
"{citizen 4}","{citizen 49}","[213 0 42 100]","""""","9.9","false","{breed social-friends}","0","""default""","""none""","0"
"{citizen 5}","{citizen 0}","[213 0 42 100]","""""","9.9","false","{breed social-friends}","0","""default""","""none""","0"
"{citizen 5}","{citizen 1}","[213 0 42 100]","""""","9.9","false","{breed social-friends}","0","""default""","""none""","0"
"{citizen 5}","{citizen 2}","[213 0 42 100]","""""","9.9","false","{breed social-friends}","0","""default""","""none""","0"
"{citizen 5}","{citizen 3}","[213 0 42 100]","""""","9.9","false","{breed social-friends}","0","""default""","""none""","0"
"{citizen 5}","{citizen 4}","[213 0 42 100]","""""","9.9","false","{breed social-friends}","0","""default""","""none""","0"
"{citizen 5}","{citizen 6}","[213 0 42 100]","""""","9.9","false","{breed social-friends}","0","""default""","""none""","0"
"{citizen 5}","{citizen 7}","[213 0 42 100]","""""","9.9","false","{breed social-friends}","0","""default""","""none""","0"
"{citizen 5}","{citizen 8}","[213 0 42 100]","""""","9.9","false","{breed social-friends}","0","""default""","""none""","0"
"{citizen 5}","{citizen 9}","[213 0 42 100]","""""","9.9","false","{breed social-friends}","0","""default""","""none""","0"
"{citizen 5}","{citizen 10}","[141 141 141 100]","""""","9.9","false","{breed social-friends}","0","""default""","""none""","0"
"{citizen 5}","{citizen 11}","[213 0 42 100]","""""","9.9","false","{breed social-friends}","0","""default""","""none""","0"
"{citizen 5}","{citizen 12}","[141 141 141 100]","""""","9.9","false","{breed social-friends}","0","""default""","""none""","0"
"{citizen 5}","{citizen 13}","[213 0 42 100]","""""","9.9","false","{breed social-friends}","0","""default""","""none""","0"
"{citizen 5}","{citizen 14}","[213 0 42 100]","""""","9.9","false","{breed social-friends}","0","""default""","""none""","0"
"{citizen 5}","{citizen 15}","[213 0 42 100]","""""","9.9","false","{breed social-friends}","0","""default""","""none""","0"
"{citizen 5}","{citizen 16}","[213 0 42 100]","""""","9.9","false","{breed social-friends}","0","""default""","""none""","0"
"{citizen 5}","{citizen 17}","[213 0 42 100]","""""","9.9","false","{breed social-friends}","0","""default""","""none""","0"
"{citizen 5}","{citizen 18}","[213 0 42 100]","""""","9.9","false","{breed social-friends}","0","""default""","""none""","0"
"{citizen 5}","{citizen 19}","[213 0 42 100]","""""","9.9","false","{breed social-friends}","0","""default""","""none""","0"
"{citizen 5}","{citizen 20}","[213 0 42 100]","""""","9.9","false","{breed social-friends}","0","""default""","""none""","0"
"{citizen 5}","{citizen 21}","[213 0 42 100]","""""","9.9","false","{breed social-friends}","0","""default""","""none""","0"
"{citizen 5}","{citizen 22}","[213 0 42 100]","""""","9.9","false","{breed social-friends}","0","""default""","""none""","0"
"{citizen 5}","{citizen 23}","[213 0 42 100]","""""","9.9","false","{breed social-friends}","0","""default""","""none""","0"
"{citizen 5}","{citizen 24}","[213 0 42 100]","""""","9.9","false","{breed social-friends}","0","""default""","""none""","0"
"{citizen 5}","{citizen 25}","[213 0 42 100]","""""","9.9","false","{breed social-friends}","0","""default""","""none""","0"
"{citizen 5}","{citizen 26}","[141 141 141 100]","""""","9.9","false","{breed social-friends}","0","""default""","""none""","0"
"{citizen 5}","{citizen 27}","[213 0 42 100]","""""","9.9","false","{breed social-friends}","0","""default""","""none""","0"
"{citizen 5}","{citizen 28}","[213 0 42 100]","""""","9.9","false","{breed social-friends}","0","""default""","""none""","0"
"{citizen 5}","{citizen 29}","[213 0 42 100]","""""","9.9","false","{breed social-friends}","0","""default""","""none""","0"
"{citizen 5}","{citizen 30}","[213 0 42 100]","""""","9.9","false","{breed social-friends}","0","""default""","""none""","0"
"{citizen 5}","{citizen 31}","[213 0 42 100]","""""","9.9","false","{breed social-friends}","0","""default""","""none""","0"
"{citizen 5}","{citizen 32}","[213 0 42 100]","""""","9.9","false","{breed social-friends}","0","""default""","""none""","0"
"{citizen 5}","{citizen 33}","[213 0 42 100]","""""","9.9","false","{breed social-friends}","0","""default""","""none""","0"
"{citizen 5}","{citizen 34}","[213 0 42 100]","""""","9.9","false","{breed social-friends}","0","""default""","""none""","0"
"{citizen 5}","{citizen 35}","[141 141 141 100]","""""","9.9","false","{breed social-friends}","0","""default""","""none""","0"
"{citizen 5}","{citizen 36}","[213 0 42 100]","""""","9.9","false","{breed social-friends}","0","""default""","""none""","0"
"{citizen 5}","{citizen 37}","[213 0 42 100]","""""","9.9","false","{breed social-friends}","0","""default""","""none""","0"
"{citizen 5}","{citizen 38}","[213 0 42 100]","""""","9.9","false","{breed social-friends}","0","""default""","""none""","0"
"{citizen 5}","{citizen 39}","[213 0 42 100]","""""","9.9","false","{breed social-friends}","0","""default""","""none""","0"
"{citizen 5}","{citizen 40}","[213 0 42 100]","""""","9.9","false","{breed social-friends}","0","""default""","""none""","0"
"{citizen 5}","{citizen 41}","[213 0 42 100]","""""","9.9","false","{breed social-friends}","0","""default""","""none""","0"
"{citizen 5}","{citizen 42}","[213 0 42 100]","""""","9.9","false","{breed social-friends}","0","""default""","""none""","0"
"{citizen 5}","{citizen 43}","[213 0 42 100]","""""","9.9","false","{breed social-friends}","0","""default""","""none""","0"
"{citizen 5}","{citizen 44}","[213 0 42 100]","""""","9.9","false","{breed social-friends}","0","""default""","""none""","0"
"{citizen 5}","{citizen 45}","[213 0 42 100]","""""","9.9","false","{breed social-friends}","0","""default""","""none""","0"
"{citizen 5}","{citizen 46}","[213 0 42 100]","""""","9.9","false","{breed social-friends}","0","""default""","""none""","0"
"{citizen 5}","{citizen 47}","[213 0 42 100]","""""","9.9","false","{breed social-friends}","0","""default""","""none""","0"
"{citizen 5}","{citizen 48}","[213 0 42 100]","""""","9.9","false","{breed social-friends}","0","""default""","""none""","0"
"{citizen 5}","{citizen 49}","[213 0 42 100]","""""","9.9","false","{breed social-friends}","0","""default""","""none""","0"
"{citizen 6}","{citizen 0}","[213 0 42 100]","""""","9.9","false","{breed social-friends}","0","""default""","""none""","0"
"{citizen 6}","{citizen 1}","[213 0 42 100]","""""","9.9","false","{breed social-friends}","0","""default""","""none""","0"
"{citizen 6}","{citizen 2}","[213 0 42 100]","""""","9.9","false","{breed social-friends}","0","""default""","""none""","0"
"{citizen 6}","{citizen 3}","[213 0 42 100]","""""","9.9","false","{breed social-friends}","0","""default""","""none""","0"
"{citizen 6}","{citizen 4}","[213 0 42 100]","""""","9.9","false","{breed social-friends}","0","""default""","""none""","0"
"{citizen 6}","{citizen 5}","[213 0 42 100]","""""","9.9","false","{breed social-friends}","0","""default""","""none""","0"
"{citizen 6}","{citizen 7}","[213 0 42 100]","""""","9.9","false","{breed social-friends}","0","""default""","""none""","0"
"{citizen 6}","{citizen 8}","[213 0 42 100]","""""","9.9","false","{breed social-friends}","0","""default""","""none""","0"
"{citizen 6}","{citizen 9}","[213 0 42 100]","""""","9.9","false","{breed social-friends}","0","""default""","""none""","0"
"{citizen 6}","{citizen 10}","[141 141 141 100]","""""","9.9","false","{breed social-friends}","0","""default""","""none""","0"
"{citizen 6}","{citizen 11}","[213 0 42 100]","""""","9.9","false","{breed social-friends}","0","""default""","""none""","0"
"{citizen 6}","{citizen 12}","[141 141 141 100]","""""","9.9","false","{breed social-friends}","0","""default""","""none""","0"
"{citizen 6}","{citizen 13}","[213 0 42 100]","""""","9.9","false","{breed social-friends}","0","""default""","""none""","0"
"{citizen 6}","{citizen 14}","[213 0 42 100]","""""","9.9","false","{breed social-friends}","0","""default""","""none""","0"
"{citizen 6}","{citizen 15}","[213 0 42 100]","""""","9.9","false","{breed social-friends}","0","""default""","""none""","0"
"{citizen 6}","{citizen 16}","[213 0 42 100]","""""","9.9","false","{breed social-friends}","0","""default""","""none""","0"
"{citizen 6}","{citizen 17}","[213 0 42 100]","""""","9.9","false","{breed social-friends}","0","""default""","""none""","0"
"{citizen 6}","{citizen 18}","[213 0 42 100]","""""","9.9","false","{breed social-friends}","0","""default""","""none""","0"
"{citizen 6}","{citizen 19}","[213 0 42 100]","""""","9.9","false","{breed social-friends}","0","""default""","""none""","0"
"{citizen 6}","{citizen 20}","[213 0 42 100]","""""","9.9","false","{breed social-friends}","0","""default""","""none""","0"
"{citizen 6}","{citizen 21}","[213 0 42 100]","""""","9.9","false","{breed social-friends}","0","""default""","""none""","0"
"{citizen 6}","{citizen 22}","[213 0 42 100]","""""","9.9","false","{breed social-friends}","0","""default""","""none""","0"
"{citizen 6}","{citizen 23}","[213 0 42 100]","""""","9.9","false","{breed social-friends}","0","""default""","""none""","0"
"{citizen 6}","{citizen 24}","[213 0 42 100]","""""","9.9","false","{breed social-friends}","0","""default""","""none""","0"
"{citizen 6}","{citizen 25}","[213 0 42 100]","""""","9.9","false","{breed social-friends}","0","""default""","""none""","0"
"{citizen 6}","{citizen 26}","[141 141 141 100]","""""","9.9","false","{breed social-friends}","0","""default""","""none""","0"
"{citizen 6}","{citizen 27}","[213 0 42 100]","""""","9.9","false","{breed social-friends}","0","""default""","""none""","0"
"{citizen 6}","{citizen 28}","[213 0 42 100]","""""","9.9","false","{breed social-friends}","0","""default""","""none""","0"
"{citizen 6}","{citizen 29}","[213 0 42 100]","""""","9.9","false","{breed social-friends}","0","""default""","""none""","0"
"{citizen 6}","{citizen 30}","[213 0 42 100]","""""","9.9","false","{breed social-friends}","0","""default""","""none""","0"
"{citizen 6}","{citizen 31}","[213 0 42 100]","""""","9.9","false","{breed social-friends}","0","""default""","""none""","0"
"{citizen 6}","{citizen 32}","[213 0 42 100]","""""","9.9","false","{breed social-friends}","0","""default""","""none""","0"
"{citizen 6}","{citizen 33}","[213 0 42 100]","""""","9.9","false","{breed social-friends}","0","""default""","""none""","0"
"{citizen 6}","{citizen 34}","[213 0 42 100]","""""","9.9","false","{breed social-friends}","0","""default""","""none""","0"
"{citizen 6}","{citizen 35}","[141 141 141 100]","""""","9.9","false","{breed social-friends}","0","""default""","""none""","0"
"{citizen 6}","{citizen 36}","[213 0 42 100]","""""","9.9","false","{breed social-friends}","0","""default""","""none""","0"
"{citizen 6}","{citizen 37}","[213 0 42 100]","""""","9.9","false","{breed social-friends}","0","""default""","""none""","0"
"{citizen 6}","{citizen 38}","[213 0 42 100]","""""","9.9","false","{breed social-friends}","0","""default""","""none""","0"
"{citizen 6}","{citizen 39}","[213 0 42 100]","""""","9.9","false","{breed social-friends}","0","""default""","""none""","0"
"{citizen 6}","{citizen 40}","[213 0 42 100]","""""","9.9","false","{breed social-friends}","0","""default""","""none""","0"
"{citizen 6}","{citizen 41}","[213 0 42 100]","""""","9.9","false","{breed social-friends}","0","""default""","""none""","0"
"{citizen 6}","{citizen 42}","[213 0 42 100]","""""","9.9","false","{breed social-friends}","0","""default""","""none""","0"
"{citizen 6}","{citizen 43}","[213 0 42 100]","""""","9.9","false","{breed social-friends}","0","""default""","""none""","0"
"{citizen 6}","{citizen 44}","[213 0 42 100]","""""","9.9","false","{breed social-friends}","0","""default""","""none""","0"
"{citizen 6}","{citizen 45}","[213 0 42 100]","""""","9.9","false","{breed social-friends}","0","""default""","""none""","0"
"{citizen 6}","{citizen 46}","[213 0 42 100]","""""","9.9","false","{breed social-friends}","0","""default""","""none""","0"
"{citizen 6}","{citizen 47}","[213 0 42 100]","""""","9.9","false","{breed social-friends}","0","""default""","""none""","0"
"{citizen 6}","{citizen 48}","[213 0 42 100]","""""","9.9","false","{breed social-friends}","0","""default""","""none""","0"
"{citizen 6}","{citizen 49}","[213 0 42 100]","""""","9.9","false","{breed social-friends}","0","""default""","""none""","0"
"{citizen 7}","{citizen 0}","[213 0 42 100]","""""","9.9","false","{breed social-friends}","0","""default""","""none""","0"
"{citizen 7}","{citizen 1}","[213 0 42 100]","""""","9.9","false","{breed social-friends}","0","""default""","""none""","0"
"{citizen 7}","{citizen 2}","[213 0 42 100]","""""","9.9","false","{breed social-friends}","0","""default""","""none""","0"
"{citizen 7}","{citizen 3}","[213 0 42 100]","""""","9.9","false","{breed social-friends}","0","""default""","""none""","0"
"{citizen 7}","{citizen 4}","[213 0 42 100]","""""","9.9","false","{breed social-friends}","0","""default""","""none""","0"
"{citizen 7}","{citizen 5}","[213 0 42 100]","""""","9.9","false","{breed social-friends}","0","""default""","""none""","0"
"{citizen 7}","{citizen 6}","[213 0 42 100]","""""","9.9","false","{breed social-friends}","0","""default""","""none""","0"
"{citizen 7}","{citizen 8}","[213 0 42 100]","""""","9.9","false","{breed social-friends}","0","""default""","""none""","0"
"{citizen 7}","{citizen 9}","[213 0 42 100]","""""","9.9","false","{breed social-friends}","0","""default""","""none""","0"
"{citizen 7}","{citizen 10}","[141 141 141 100]","""""","9.9","false","{breed social-friends}","0","""default""","""none""","0"
"{citizen 7}","{citizen 11}","[213 0 42 100]","""""","9.9","false","{breed social-friends}","0","""default""","""none""","0"
"{citizen 7}","{citizen 12}","[141 141 141 100]","""""","9.9","false","{breed social-friends}","0","""default""","""none""","0"
"{citizen 7}","{citizen 13}","[213 0 42 100]","""""","9.9","false","{breed social-friends}","0","""default""","""none""","0"
"{citizen 7}","{citizen 14}","[213 0 42 100]","""""","9.9","false","{breed social-friends}","0","""default""","""none""","0"
"{citizen 7}","{citizen 15}","[213 0 42 100]","""""","9.9","false","{breed social-friends}","0","""default""","""none""","0"
"{citizen 7}","{citizen 16}","[213 0 42 100]","""""","9.9","false","{breed social-friends}","0","""default""","""none""","0"
"{citizen 7}","{citizen 17}","[213 0 42 100]","""""","9.9","false","{breed social-friends}","0","""default""","""none""","0"
"{citizen 7}","{citizen 18}","[213 0 42 100]","""""","9.9","false","{breed social-friends}","0","""default""","""none""","0"
"{citizen 7}","{citizen 19}","[213 0 42 100]","""""","9.9","false","{breed social-friends}","0","""default""","""none""","0"
"{citizen 7}","{citizen 20}","[213 0 42 100]","""""","9.9","false","{breed social-friends}","0","""default""","""none""","0"
"{citizen 7}","{citizen 21}","[213 0 42 100]","""""","9.9","false","{breed social-friends}","0","""default""","""none""","0"
"{citizen 7}","{citizen 22}","[213 0 42 100]","""""","9.9","false","{breed social-friends}","0","""default""","""none""","0"
"{citizen 7}","{citizen 23}","[213 0 42 100]","""""","9.9","false","{breed social-friends}","0","""default""","""none""","0"
"{citizen 7}","{citizen 24}","[213 0 42 100]","""""","9.9","false","{breed social-friends}","0","""default""","""none""","0"
"{citizen 7}","{citizen 25}","[213 0 42 100]","""""","9.9","false","{breed social-friends}","0","""default""","""none""","0"
"{citizen 7}","{citizen 26}","[141 141 141 100]","""""","9.9","false","{breed social-friends}","0","""default""","""none""","0"
"{citizen 7}","{citizen 27}","[213 0 42 100]","""""","9.9","false","{breed social-friends}","0","""default""","""none""","0"
"{citizen 7}","{citizen 28}","[213 0 42 100]","""""","9.9","false","{breed social-friends}","0","""default""","""none""","0"
"{citizen 7}","{citizen 29}","[213 0 42 100]","""""","9.9","false","{breed social-friends}","0","""default""","""none""","0"
"{citizen 7}","{citizen 30}","[213 0 42 100]","""""","9.9","false","{breed social-friends}","0","""default""","""none""","0"
"{citizen 7}","{citizen 31}","[213 0 42 100]","""""","9.9","false","{breed social-friends}","0","""default""","""none""","0"
"{citizen 7}","{citizen 32}","[213 0 42 100]","""""","9.9","false","{breed social-friends}","0","""default""","""none""","0"
"{citizen 7}","{citizen 33}","[213 0 42 100]","""""","9.9","false","{breed social-friends}","0","""default""","""none""","0"
"{citizen 7}","{citizen 34}","[213 0 42 100]","""""","9.9","false","{breed social-friends}","0","""default""","""none""","0"
"{citizen 7}","{citizen 35}","[141 141 141 100]","""""","9.9","false","{breed social-friends}","0","""default""","""none""","0"
"{citizen 7}","{citizen 36}","[213 0 42 100]","""""","9.9","false","{breed social-friends}","0","""default""","""none""","0"
"{citizen 7}","{citizen 37}","[213 0 42 100]","""""","9.9","false","{breed social-friends}","0","""default""","""none""","0"
"{citizen 7}","{citizen 38}","[213 0 42 100]","""""","9.9","false","{breed social-friends}","0","""default""","""none""","0"
"{citizen 7}","{citizen 39}","[213 0 42 100]","""""","9.9","false","{breed social-friends}","0","""default""","""none""","0"
"{citizen 7}","{citizen 40}","[213 0 42 100]","""""","9.9","false","{breed social-friends}","0","""default""","""none""","0"
"{citizen 7}","{citizen 41}","[213 0 42 100]","""""","9.9","false","{breed social-friends}","0","""default""","""none""","0"
"{citizen 7}","{citizen 42}","[213 0 42 100]","""""","9.9","false","{breed social-friends}","0","""default""","""none""","0"
"{citizen 7}","{citizen 43}","[213 0 42 100]","""""","9.9","false","{breed social-friends}","0","""default""","""none""","0"
"{citizen 7}","{citizen 44}","[213 0 42 100]","""""","9.9","false","{breed social-friends}","0","""default""","""none""","0"
"{citizen 7}","{citizen 45}","[213 0 42 100]","""""","9.9","false","{breed social-friends}","0","""default""","""none""","0"
"{citizen 7}","{citizen 46}","[213 0 42 100]","""""","9.9","false","{breed social-friends}","0","""default""","""none""","0"
"{citizen 7}","{citizen 47}","[213 0 42 100]","""""","9.9","false","{breed social-friends}","0","""default""","""none""","0"
"{citizen 7}","{citizen 48}","[213 0 42 100]","""""","9.9","false","{breed social-friends}","0","""default""","""none""","0"
"{citizen 7}","{citizen 49}","[213 0 42 100]","""""","9.9","false","{breed social-friends}","0","""default""","""none""","0"
"{citizen 8}","{citizen 0}","[213 0 42 100]","""""","9.9","false","{breed social-friends}","0","""default""","""none""","0"
"{citizen 8}","{citizen 1}","[213 0 42 100]","""""","9.9","false","{breed social-friends}","0","""default""","""none""","0"
"{citizen 8}","{citizen 2}","[213 0 42 100]","""""","9.9","false","{breed social-friends}","0","""default""","""none""","0"
"{citizen 8}","{citizen 3}","[213 0 42 100]","""""","9.9","false","{breed social-friends}","0","""default""","""none""","0"
"{citizen 8}","{citizen 4}","[213 0 42 100]","""""","9.9","false","{breed social-friends}","0","""default""","""none""","0"
"{citizen 8}","{citizen 5}","[213 0 42 100]","""""","9.9","false","{breed social-friends}","0","""default""","""none""","0"
"{citizen 8}","{citizen 6}","[213 0 42 100]","""""","9.9","false","{breed social-friends}","0","""default""","""none""","0"
"{citizen 8}","{citizen 7}","[213 0 42 100]","""""","9.9","false","{breed social-friends}","0","""default""","""none""","0"
"{citizen 8}","{citizen 9}","[213 0 42 100]","""""","9.9","false","{breed social-friends}","0","""default""","""none""","0"
"{citizen 8}","{citizen 10}","[141 141 141 100]","""""","9.9","false","{breed social-friends}","0","""default""","""none""","0"
"{citizen 8}","{citizen 11}","[213 0 42 100]","""""","9.9","false","{breed social-friends}","0","""default""","""none""","0"
"{citizen 8}","{citizen 12}","[141 141 141 100]","""""","9.9","false","{breed social-friends}","0","""default""","""none""","0"
"{citizen 8}","{citizen 13}","[213 0 42 100]","""""","9.9","false","{breed social-friends}","0","""default""","""none""","0"
"{citizen 8}","{citizen 14}","[213 0 42 100]","""""","9.9","false","{breed social-friends}","0","""default""","""none""","0"
"{citizen 8}","{citizen 15}","[213 0 42 100]","""""","9.9","false","{breed social-friends}","0","""default""","""none""","0"
"{citizen 8}","{citizen 16}","[213 0 42 100]","""""","9.9","false","{breed social-friends}","0","""default""","""none""","0"
"{citizen 8}","{citizen 17}","[213 0 42 100]","""""","9.9","false","{breed social-friends}","0","""default""","""none""","0"
"{citizen 8}","{citizen 18}","[213 0 42 100]","""""","9.9","false","{breed social-friends}","0","""default""","""none""","0"
"{citizen 8}","{citizen 19}","[213 0 42 100]","""""","9.9","false","{breed social-friends}","0","""default""","""none""","0"
"{citizen 8}","{citizen 20}","[213 0 42 100]","""""","9.9","false","{breed social-friends}","0","""default""","""none""","0"
"{citizen 8}","{citizen 21}","[213 0 42 100]","""""","9.9","false","{breed social-friends}","0","""default""","""none""","0"
"{citizen 8}","{citizen 22}","[213 0 42 100]","""""","9.9","false","{breed social-friends}","0","""default""","""none""","0"
"{citizen 8}","{citizen 23}","[213 0 42 100]","""""","9.9","false","{breed social-friends}","0","""default""","""none""","0"
"{citizen 8}","{citizen 24}","[213 0 42 100]","""""","9.9","false","{breed social-friends}","0","""default""","""none""","0"
"{citizen 8}","{citizen 25}","[213 0 42 100]","""""","9.9","false","{breed social-friends}","0","""default""","""none""","0"
"{citizen 8}","{citizen 26}","[141 141 141 100]","""""","9.9","false","{breed social-friends}","0","""default""","""none""","0"
"{citizen 8}","{citizen 27}","[213 0 42 100]","""""","9.9","false","{breed social-friends}","0","""default""","""none""","0"
"{citizen 8}","{citizen 28}","[213 0 42 100]","""""","9.9","false","{breed social-friends}","0","""default""","""none""","0"
"{citizen 8}","{citizen 29}","[213 0 42 100]","""""","9.9","false","{breed social-friends}","0","""default""","""none""","0"
"{citizen 8}","{citizen 30}","[213 0 42 100]","""""","9.9","false","{breed social-friends}","0","""default""","""none""","0"
"{citizen 8}","{citizen 31}","[213 0 42 100]","""""","9.9","false","{breed social-friends}","0","""default""","""none""","0"
"{citizen 8}","{citizen 32}","[213 0 42 100]","""""","9.9","false","{breed social-friends}","0","""default""","""none""","0"
"{citizen 8}","{citizen 33}","[213 0 42 100]","""""","9.9","false","{breed social-friends}","0","""default""","""none""","0"
"{citizen 8}","{citizen 34}","[213 0 42 100]","""""","9.9","false","{breed social-friends}","0","""default""","""none""","0"
"{citizen 8}","{citizen 35}","[141 141 141 100]","""""","9.9","false","{breed social-friends}","0","""default""","""none""","0"
"{citizen 8}","{citizen 36}","[213 0 42 100]","""""","9.9","false","{breed social-friends}","0","""default""","""none""","0"
"{citizen 8}","{citizen 37}","[213 0 42 100]","""""","9.9","false","{breed social-friends}","0","""default""","""none""","0"
"{citizen 8}","{citizen 38}","[213 0 42 100]","""""","9.9","false","{breed social-friends}","0","""default""","""none""","0"
"{citizen 8}","{citizen 39}","[213 0 42 100]","""""","9.9","false","{breed social-friends}","0","""default""","""none""","0"
"{citizen 8}","{citizen 40}","[213 0 42 100]","""""","9.9","false","{breed social-friends}","0","""default""","""none""","0"
"{citizen 8}","{citizen 41}","[213 0 42 100]","""""","9.9","false","{breed social-friends}","0","""default""","""none""","0"
"{citizen 8}","{citizen 42}","[213 0 42 100]","""""","9.9","false","{breed social-friends}","0","""default""","""none""","0"
"{citizen 8}","{citizen 43}","[213 0 42 100]","""""","9.9","false","{breed social-friends}","0","""default""","""none""","0"
"{citizen 8}","{citizen 44}","[213 0 42 100]","""""","9.9","false","{breed social-friends}","0","""default""","""none""","0"
"{citizen 8}","{citizen 45}","[213 0 42 100]","""""","9.9","false","{breed social-friends}","0","""default""","""none""","0"
"{citizen 8}","{citizen 46}","[213 0 42 100]","""""","9.9","false","{breed social-friends}","0","""default""","""none""","0"
"{citizen 8}","{citizen 47}","[213 0 42 100]","""""","9.9","false","{breed social-friends}","0","""default""","""none""","0"
"{citizen 8}","{citizen 48}","[213 0 42 100]","""""","9.9","false","{breed social-friends}","0","""default""","""none""","0"
"{citizen 8}","{citizen 49}","[213 0 42 100]","""""","9.9","false","{breed social-friends}","0","""default""","""none""","0"
"{citizen 9}","{citizen 0}","[213 0 42 100]","""""","9.9","false","{breed social-friends}","0","""default""","""none""","0"
"{citizen 9}","{citizen 1}","[213 0 42 100]","""""","9.9","false","{breed social-friends}","0","""default""","""none""","0"
"{citizen 9}","{citizen 2}","[213 0 42 100]","""""","9.9","false","{breed social-friends}","0","""default""","""none""","0"
"{citizen 9}","{citizen 3}","[213 0 42 100]","""""","9.9","false","{breed social-friends}","0","""default""","""none""","0"
"{citizen 9}","{citizen 4}","[213 0 42 100]","""""","9.9","false","{breed social-friends}","0","""default""","""none""","0"
"{citizen 9}","{citizen 5}","[213 0 42 100]","""""","9.9","false","{breed social-friends}","0","""default""","""none""","0"
"{citizen 9}","{citizen 6}","[213 0 42 100]","""""","9.9","false","{breed social-friends}","0","""default""","""none""","0"
"{citizen 9}","{citizen 7}","[213 0 42 100]","""""","9.9","false","{breed social-friends}","0","""default""","""none""","0"
"{citizen 9}","{citizen 8}","[213 0 42 100]","""""","9.9","false","{breed social-friends}","0","""default""","""none""","0"
"{citizen 9}","{citizen 10}","[141 141 141 100]","""""","9.9","false","{breed social-friends}","0","""default""","""none""","0"
"{citizen 9}","{citizen 11}","[213 0 42 100]","""""","9.9","false","{breed social-friends}","0","""default""","""none""","0"
"{citizen 9}","{citizen 12}","[141 141 141 100]","""""","9.9","false","{breed social-friends}","0","""default""","""none""","0"
"{citizen 9}","{citizen 13}","[213 0 42 100]","""""","9.9","false","{breed social-friends}","0","""default""","""none""","0"
"{citizen 9}","{citizen 14}","[213 0 42 100]","""""","9.9","false","{breed social-friends}","0","""default""","""none""","0"
"{citizen 9}","{citizen 15}","[213 0 42 100]","""""","9.9","false","{breed social-friends}","0","""default""","""none""","0"
"{citizen 9}","{citizen 16}","[213 0 42 100]","""""","9.9","false","{breed social-friends}","0","""default""","""none""","0"
"{citizen 9}","{citizen 17}","[213 0 42 100]","""""","9.9","false","{breed social-friends}","0","""default""","""none""","0"
"{citizen 9}","{citizen 18}","[213 0 42 100]","""""","9.9","false","{breed social-friends}","0","""default""","""none""","0"
"{citizen 9}","{citizen 19}","[213 0 42 100]","""""","9.9","false","{breed social-friends}","0","""default""","""none""","0"
"{citizen 9}","{citizen 20}","[213 0 42 100]","""""","9.9","false","{breed social-friends}","0","""default""","""none""","0"
"{citizen 9}","{citizen 21}","[213 0 42 100]","""""","9.9","false","{breed social-friends}","0","""default""","""none""","0"
"{citizen 9}","{citizen 22}","[213 0 42 100]","""""","9.9","false","{breed social-friends}","0","""default""","""none""","0"
"{citizen 9}","{citizen 23}","[213 0 42 100]","""""","9.9","false","{breed social-friends}","0","""default""","""none""","0"
"{citizen 9}","{citizen 24}","[213 0 42 100]","""""","9.9","false","{breed social-friends}","0","""default""","""none""","0"
"{citizen 9}","{citizen 25}","[213 0 42 100]","""""","9.9","false","{breed social-friends}","0","""default""","""none""","0"
"{citizen 9}","{citizen 26}","[141 141 141 100]","""""","9.9","false","{breed social-friends}","0","""default""","""none""","0"
"{citizen 9}","{citizen 27}","[213 0 42 100]","""""","9.9","false","{breed social-friends}","0","""default""","""none""","0"
"{citizen 9}","{citizen 28}","[213 0 42 100]","""""","9.9","false","{breed social-friends}","0","""default""","""none""","0"
"{citizen 9}","{citizen 29}","[213 0 42 100]","""""","9.9","false","{breed social-friends}","0","""default""","""none""","0"
"{citizen 9}","{citizen 30}","[213 0 42 100]","""""","9.9","false","{breed social-friends}","0","""default""","""none""","0"
"{citizen 9}","{citizen 31}","[213 0 42 100]","""""","9.9","false","{breed social-friends}","0","""default""","""none""","0"
"{citizen 9}","{citizen 32}","[213 0 42 100]","""""","9.9","false","{breed social-friends}","0","""default""","""none""","0"
"{citizen 9}","{citizen 33}","[213 0 42 100]","""""","9.9","false","{breed social-friends}","0","""default""","""none""","0"
"{citizen 9}","{citizen 34}","[213 0 42 100]","""""","9.9","false","{breed social-friends}","0","""default""","""none""","0"
"{citizen 9}","{citizen 35}","[141 141 141 100]","""""","9.9","false","{breed social-friends}","0","""default""","""none""","0"
"{citizen 9}","{citizen 36}","[213 0 42 100]","""""","9.9","false","{breed social-friends}","0","""default""","""none""","0"
"{citizen 9}","{citizen 37}","[213 0 42 100]","""""","9.9","false","{breed social-friends}","0","""default""","""none""","0"
"{citizen 9}","{citizen 38}","[213 0 42 100]","""""","9.9","false","{breed social-friends}","0","""default""","""none""","0"
"{citizen 9}","{citizen 39}","[213 0 42 100]","""""","9.9","false","{breed social-friends}","0","""default""","""none""","0"
"{citizen 9}","{citizen 40}","[213 0 42 100]","""""","9.9","false","{breed social-friends}","0","""default""","""none""","0"
"{citizen 9}","{citizen 41}","[213 0 42 100]","""""","9.9","false","{breed social-friends}","0","""default""","""none""","0"
"{citizen 9}","{citizen 42}","[213 0 42 100]","""""","9.9","false","{breed social-friends}","0","""default""","""none""","0"
"{citizen 9}","{citizen 43}","[213 0 42 100]","""""","9.9","false","{breed social-friends}","0","""default""","""none""","0"
"{citizen 9}","{citizen 44}","[213 0 42 100]","""""","9.9","false","{breed social-friends}","0","""default""","""none""","0"
"{citizen 9}","{citizen 45}","[213 0 42 100]","""""","9.9","false","{breed social-friends}","0","""default""","""none""","0"
"{citizen 9}","{citizen 46}","[213 0 42 100]","""""","9.9","false","{breed social-friends}","0","""default""","""none""","0"
"{citizen 9}","{citizen 47}","[213 0 42 100]","""""","9.9","false","{breed social-friends}","0","""default""","""none""","0"
"{citizen 9}","{citizen 48}","[213 0 42 100]","""""","9.9","false","{breed social-friends}","0","""default""","""none""","0"
"{citizen 9}","{citizen 49}","[213 0 42 100]","""""","9.9","false","{breed social-friends}","0","""default""","""none""","0"
"{citizen 10}","{citizen 0}","[141 141 141 100]","""""","9.9","false","{breed social-friends}","0","""default""","""none""","0"
"{citizen 10}","{citizen 1}","[141 141 141 100]","""""","9.9","false","{breed social-friends}","0","""default""","""none""","0"
"{citizen 10}","{citizen 2}","[141 141 141 100]","""""","9.9","false","{breed social-friends}","0","""default""","""none""","0"
"{citizen 10}","{citizen 3}","[141 141 141 100]","""""","9.9","false","{breed social-friends}","0","""default""","""none""","0"
"{citizen 10}","{citizen 4}","[141 141 141 100]","""""","9.9","false","{breed social-friends}","0","""default""","""none""","0"
"{citizen 10}","{citizen 5}","[141 141 141 100]","""""","9.9","false","{breed social-friends}","0","""default""","""none""","0"
"{citizen 10}","{citizen 6}","[141 141 141 100]","""""","9.9","false","{breed social-friends}","0","""default""","""none""","0"
"{citizen 10}","{citizen 7}","[141 141 141 100]","""""","9.9","false","{breed social-friends}","0","""default""","""none""","0"
"{citizen 10}","{citizen 8}","[141 141 141 100]","""""","9.9","false","{breed social-friends}","0","""default""","""none""","0"
"{citizen 10}","{citizen 9}","[141 141 141 100]","""""","9.9","false","{breed social-friends}","0","""default""","""none""","0"
"{citizen 10}","{citizen 11}","[141 141 141 100]","""""","9.9","false","{breed social-friends}","0","""default""","""none""","0"
"{citizen 10}","{citizen 12}","[128 0 127 100]","""""","9.9","false","{breed social-friends}","0","""default""","""none""","0"
"{citizen 10}","{citizen 13}","[141 141 141 100]","""""","9.9","false","{breed social-friends}","0","""default""","""none""","0"
"{citizen 10}","{citizen 14}","[141 141 141 100]","""""","9.9","false","{breed social-friends}","0","""default""","""none""","0"
"{citizen 10}","{citizen 15}","[141 141 141 100]","""""","9.9","false","{breed social-friends}","0","""default""","""none""","0"
"{citizen 10}","{citizen 16}","[141 141 141 100]","""""","9.9","false","{breed social-friends}","0","""default""","""none""","0"
"{citizen 10}","{citizen 17}","[141 141 141 100]","""""","9.9","false","{breed social-friends}","0","""default""","""none""","0"
"{citizen 10}","{citizen 18}","[141 141 141 100]","""""","9.9","false","{breed social-friends}","0","""default""","""none""","0"
"{citizen 10}","{citizen 19}","[141 141 141 100]","""""","9.9","false","{breed social-friends}","0","""default""","""none""","0"
"{citizen 10}","{citizen 20}","[141 141 141 100]","""""","9.9","false","{breed social-friends}","0","""default""","""none""","0"
"{citizen 10}","{citizen 21}","[141 141 141 100]","""""","9.9","false","{breed social-friends}","0","""default""","""none""","0"
"{citizen 10}","{citizen 22}","[141 141 141 100]","""""","9.9","false","{breed social-friends}","0","""default""","""none""","0"
"{citizen 10}","{citizen 23}","[141 141 141 100]","""""","9.9","false","{breed social-friends}","0","""default""","""none""","0"
"{citizen 10}","{citizen 24}","[141 141 141 100]","""""","9.9","false","{breed social-friends}","0","""default""","""none""","0"
"{citizen 10}","{citizen 25}","[141 141 141 100]","""""","9.9","false","{breed social-friends}","0","""default""","""none""","0"
"{citizen 10}","{citizen 26}","[128 0 127 100]","""""","9.9","false","{breed social-friends}","0","""default""","""none""","0"
"{citizen 10}","{citizen 27}","[141 141 141 100]","""""","9.9","false","{breed social-friends}","0","""default""","""none""","0"
"{citizen 10}","{citizen 28}","[141 141 141 100]","""""","9.9","false","{breed social-friends}","0","""default""","""none""","0"
"{citizen 10}","{citizen 29}","[141 141 141 100]","""""","9.9","false","{breed social-friends}","0","""default""","""none""","0"
"{citizen 10}","{citizen 30}","[141 141 141 100]","""""","9.9","false","{breed social-friends}","0","""default""","""none""","0"
"{citizen 10}","{citizen 31}","[141 141 141 100]","""""","9.9","false","{breed social-friends}","0","""default""","""none""","0"
"{citizen 10}","{citizen 32}","[141 141 141 100]","""""","9.9","false","{breed social-friends}","0","""default""","""none""","0"
"{citizen 10}","{citizen 33}","[141 141 141 100]","""""","9.9","false","{breed social-friends}","0","""default""","""none""","0"
"{citizen 10}","{citizen 34}","[141 141 141 100]","""""","9.9","false","{breed social-friends}","0","""default""","""none""","0"
"{citizen 10}","{citizen 35}","[128 0 127 100]","""""","9.9","false","{breed social-friends}","0","""default""","""none""","0"
"{citizen 10}","{citizen 36}","[141 141 141 100]","""""","9.9","false","{breed social-friends}","0","""default""","""none""","0"
"{citizen 10}","{citizen 37}","[141 141 141 100]","""""","9.9","false","{breed social-friends}","0","""default""","""none""","0"
"{citizen 10}","{citizen 38}","[141 141 141 100]","""""","9.9","false","{breed social-friends}","0","""default""","""none""","0"
"{citizen 10}","{citizen 39}","[141 141 141 100]","""""","9.9","false","{breed social-friends}","0","""default""","""none""","0"
"{citizen 10}","{citizen 40}","[141 141 141 100]","""""","9.9","false","{breed social-friends}","0","""default""","""none""","0"
"{citizen 10}","{citizen 41}","[141 141 141 100]","""""","9.9","false","{breed social-friends}","0","""default""","""none""","0"
"{citizen 10}","{citizen 42}","[141 141 141 100]","""""","9.9","false","{breed social-friends}","0","""default""","""none""","0"
"{citizen 10}","{citizen 43}","[141 141 141 100]","""""","9.9","false","{breed social-friends}","0","""default""","""none""","0"
"{citizen 10}","{citizen 44}","[141 141 141 100]","""""","9.9","false","{breed social-friends}","0","""default""","""none""","0"
"{citizen 10}","{citizen 45}","[141 141 141 100]","""""","9.9","false","{breed social-friends}","0","""default""","""none""","0"
"{citizen 10}","{citizen 46}","[141 141 141 100]","""""","9.9","false","{breed social-friends}","0","""default""","""none""","0"
"{citizen 10}","{citizen 47}","[141 141 141 100]","""""","9.9","false","{breed social-friends}","0","""default""","""none""","0"
"{citizen 10}","{citizen 48}","[141 141 141 100]","""""","9.9","false","{breed social-friends}","0","""default""","""none""","0"
"{citizen 10}","{citizen 49}","[141 141 141 100]","""""","9.9","false","{breed social-friends}","0","""default""","""none""","0"
"{citizen 11}","{citizen 0}","[213 0 42 100]","""""","9.9","false","{breed social-friends}","0","""default""","""none""","0"
"{citizen 11}","{citizen 1}","[213 0 42 100]","""""","9.9","false","{breed social-friends}","0","""default""","""none""","0"
"{citizen 11}","{citizen 2}","[213 0 42 100]","""""","9.9","false","{breed social-friends}","0","""default""","""none""","0"
"{citizen 11}","{citizen 3}","[213 0 42 100]","""""","9.9","false","{breed social-friends}","0","""default""","""none""","0"
"{citizen 11}","{citizen 4}","[213 0 42 100]","""""","9.9","false","{breed social-friends}","0","""default""","""none""","0"
"{citizen 11}","{citizen 5}","[213 0 42 100]","""""","9.9","false","{breed social-friends}","0","""default""","""none""","0"
"{citizen 11}","{citizen 6}","[213 0 42 100]","""""","9.9","false","{breed social-friends}","0","""default""","""none""","0"
"{citizen 11}","{citizen 7}","[213 0 42 100]","""""","9.9","false","{breed social-friends}","0","""default""","""none""","0"
"{citizen 11}","{citizen 8}","[213 0 42 100]","""""","9.9","false","{breed social-friends}","0","""default""","""none""","0"
"{citizen 11}","{citizen 9}","[213 0 42 100]","""""","9.9","false","{breed social-friends}","0","""default""","""none""","0"
"{citizen 11}","{citizen 10}","[141 141 141 100]","""""","9.9","false","{breed social-friends}","0","""default""","""none""","0"
"{citizen 11}","{citizen 12}","[141 141 141 100]","""""","9.9","false","{breed social-friends}","0","""default""","""none""","0"
"{citizen 11}","{citizen 13}","[213 0 42 100]","""""","9.9","false","{breed social-friends}","0","""default""","""none""","0"
"{citizen 11}","{citizen 14}","[213 0 42 100]","""""","9.9","false","{breed social-friends}","0","""default""","""none""","0"
"{citizen 11}","{citizen 15}","[213 0 42 100]","""""","9.9","false","{breed social-friends}","0","""default""","""none""","0"
"{citizen 11}","{citizen 16}","[213 0 42 100]","""""","9.9","false","{breed social-friends}","0","""default""","""none""","0"
"{citizen 11}","{citizen 17}","[213 0 42 100]","""""","9.9","false","{breed social-friends}","0","""default""","""none""","0"
"{citizen 11}","{citizen 18}","[213 0 42 100]","""""","9.9","false","{breed social-friends}","0","""default""","""none""","0"
"{citizen 11}","{citizen 19}","[213 0 42 100]","""""","9.9","false","{breed social-friends}","0","""default""","""none""","0"
"{citizen 11}","{citizen 20}","[213 0 42 100]","""""","9.9","false","{breed social-friends}","0","""default""","""none""","0"
"{citizen 11}","{citizen 21}","[213 0 42 100]","""""","9.9","false","{breed social-friends}","0","""default""","""none""","0"
"{citizen 11}","{citizen 22}","[213 0 42 100]","""""","9.9","false","{breed social-friends}","0","""default""","""none""","0"
"{citizen 11}","{citizen 23}","[213 0 42 100]","""""","9.9","false","{breed social-friends}","0","""default""","""none""","0"
"{citizen 11}","{citizen 24}","[213 0 42 100]","""""","9.9","false","{breed social-friends}","0","""default""","""none""","0"
"{citizen 11}","{citizen 25}","[213 0 42 100]","""""","9.9","false","{breed social-friends}","0","""default""","""none""","0"
"{citizen 11}","{citizen 26}","[141 141 141 100]","""""","9.9","false","{breed social-friends}","0","""default""","""none""","0"
"{citizen 11}","{citizen 27}","[213 0 42 100]","""""","9.9","false","{breed social-friends}","0","""default""","""none""","0"
"{citizen 11}","{citizen 28}","[213 0 42 100]","""""","9.9","false","{breed social-friends}","0","""default""","""none""","0"
"{citizen 11}","{citizen 29}","[213 0 42 100]","""""","9.9","false","{breed social-friends}","0","""default""","""none""","0"
"{citizen 11}","{citizen 30}","[213 0 42 100]","""""","9.9","false","{breed social-friends}","0","""default""","""none""","0"
"{citizen 11}","{citizen 31}","[213 0 42 100]","""""","9.9","false","{breed social-friends}","0","""default""","""none""","0"
"{citizen 11}","{citizen 32}","[213 0 42 100]","""""","9.9","false","{breed social-friends}","0","""default""","""none""","0"
"{citizen 11}","{citizen 33}","[213 0 42 100]","""""","9.9","false","{breed social-friends}","0","""default""","""none""","0"
"{citizen 11}","{citizen 34}","[213 0 42 100]","""""","9.9","false","{breed social-friends}","0","""default""","""none""","0"
"{citizen 11}","{citizen 35}","[141 141 141 100]","""""","9.9","false","{breed social-friends}","0","""default""","""none""","0"
"{citizen 11}","{citizen 36}","[213 0 42 100]","""""","9.9","false","{breed social-friends}","0","""default""","""none""","0"
"{citizen 11}","{citizen 37}","[213 0 42 100]","""""","9.9","false","{breed social-friends}","0","""default""","""none""","0"
"{citizen 11}","{citizen 38}","[213 0 42 100]","""""","9.9","false","{breed social-friends}","0","""default""","""none""","0"
"{citizen 11}","{citizen 39}","[213 0 42 100]","""""","9.9","false","{breed social-friends}","0","""default""","""none""","0"
"{citizen 11}","{citizen 40}","[213 0 42 100]","""""","9.9","false","{breed social-friends}","0","""default""","""none""","0"
"{citizen 11}","{citizen 41}","[213 0 42 100]","""""","9.9","false","{breed social-friends}","0","""default""","""none""","0"
"{citizen 11}","{citizen 42}","[213 0 42 100]","""""","9.9","false","{breed social-friends}","0","""default""","""none""","0"
"{citizen 11}","{citizen 43}","[213 0 42 100]","""""","9.9","false","{breed social-friends}","0","""default""","""none""","0"
"{citizen 11}","{citizen 44}","[213 0 42 100]","""""","9.9","false","{breed social-friends}","0","""default""","""none""","0"
"{citizen 11}","{citizen 45}","[213 0 42 100]","""""","9.9","false","{breed social-friends}","0","""default""","""none""","0"
"{citizen 11}","{citizen 46}","[213 0 42 100]","""""","9.9","false","{breed social-friends}","0","""default""","""none""","0"
"{citizen 11}","{citizen 47}","[213 0 42 100]","""""","9.9","false","{breed social-friends}","0","""default""","""none""","0"
"{citizen 11}","{citizen 48}","[213 0 42 100]","""""","9.9","false","{breed social-friends}","0","""default""","""none""","0"
"{citizen 11}","{citizen 49}","[213 0 42 100]","""""","9.9","false","{breed social-friends}","0","""default""","""none""","0"
"{citizen 12}","{citizen 0}","[141 141 141 100]","""""","9.9","false","{breed social-friends}","0","""default""","""none""","0"
"{citizen 12}","{citizen 1}","[141 141 141 100]","""""","9.9","false","{breed social-friends}","0","""default""","""none""","0"
"{citizen 12}","{citizen 2}","[141 141 141 100]","""""","9.9","false","{breed social-friends}","0","""default""","""none""","0"
"{citizen 12}","{citizen 3}","[141 141 141 100]","""""","9.9","false","{breed social-friends}","0","""default""","""none""","0"
"{citizen 12}","{citizen 4}","[141 141 141 100]","""""","9.9","false","{breed social-friends}","0","""default""","""none""","0"
"{citizen 12}","{citizen 5}","[141 141 141 100]","""""","9.9","false","{breed social-friends}","0","""default""","""none""","0"
"{citizen 12}","{citizen 6}","[141 141 141 100]","""""","9.9","false","{breed social-friends}","0","""default""","""none""","0"
"{citizen 12}","{citizen 7}","[141 141 141 100]","""""","9.9","false","{breed social-friends}","0","""default""","""none""","0"
"{citizen 12}","{citizen 8}","[141 141 141 100]","""""","9.9","false","{breed social-friends}","0","""default""","""none""","0"
"{citizen 12}","{citizen 9}","[141 141 141 100]","""""","9.9","false","{breed social-friends}","0","""default""","""none""","0"
"{citizen 12}","{citizen 10}","[128 0 127 100]","""""","9.9","false","{breed social-friends}","0","""default""","""none""","0"
"{citizen 12}","{citizen 11}","[141 141 141 100]","""""","9.9","false","{breed social-friends}","0","""default""","""none""","0"
"{citizen 12}","{citizen 13}","[141 141 141 100]","""""","9.9","false","{breed social-friends}","0","""default""","""none""","0"
"{citizen 12}","{citizen 14}","[141 141 141 100]","""""","9.9","false","{breed social-friends}","0","""default""","""none""","0"
"{citizen 12}","{citizen 15}","[141 141 141 100]","""""","9.9","false","{breed social-friends}","0","""default""","""none""","0"
"{citizen 12}","{citizen 16}","[141 141 141 100]","""""","9.9","false","{breed social-friends}","0","""default""","""none""","0"
"{citizen 12}","{citizen 17}","[141 141 141 100]","""""","9.9","false","{breed social-friends}","0","""default""","""none""","0"
"{citizen 12}","{citizen 18}","[141 141 141 100]","""""","9.9","false","{breed social-friends}","0","""default""","""none""","0"
"{citizen 12}","{citizen 19}","[141 141 141 100]","""""","9.9","false","{breed social-friends}","0","""default""","""none""","0"
"{citizen 12}","{citizen 20}","[141 141 141 100]","""""","9.9","false","{breed social-friends}","0","""default""","""none""","0"
"{citizen 12}","{citizen 21}","[141 141 141 100]","""""","9.9","false","{breed social-friends}","0","""default""","""none""","0"
"{citizen 12}","{citizen 22}","[141 141 141 100]","""""","9.9","false","{breed social-friends}","0","""default""","""none""","0"
"{citizen 12}","{citizen 23}","[141 141 141 100]","""""","9.9","false","{breed social-friends}","0","""default""","""none""","0"
"{citizen 12}","{citizen 24}","[141 141 141 100]","""""","9.9","false","{breed social-friends}","0","""default""","""none""","0"
"{citizen 12}","{citizen 25}","[141 141 141 100]","""""","9.9","false","{breed social-friends}","0","""default""","""none""","0"
"{citizen 12}","{citizen 26}","[128 0 127 100]","""""","9.9","false","{breed social-friends}","0","""default""","""none""","0"
"{citizen 12}","{citizen 27}","[141 141 141 100]","""""","9.9","false","{breed social-friends}","0","""default""","""none""","0"
"{citizen 12}","{citizen 28}","[141 141 141 100]","""""","9.9","false","{breed social-friends}","0","""default""","""none""","0"
"{citizen 12}","{citizen 29}","[141 141 141 100]","""""","9.9","false","{breed social-friends}","0","""default""","""none""","0"
"{citizen 12}","{citizen 30}","[141 141 141 100]","""""","9.9","false","{breed social-friends}","0","""default""","""none""","0"
"{citizen 12}","{citizen 31}","[141 141 141 100]","""""","9.9","false","{breed social-friends}","0","""default""","""none""","0"
"{citizen 12}","{citizen 32}","[141 141 141 100]","""""","9.9","false","{breed social-friends}","0","""default""","""none""","0"
"{citizen 12}","{citizen 33}","[141 141 141 100]","""""","9.9","false","{breed social-friends}","0","""default""","""none""","0"
"{citizen 12}","{citizen 34}","[141 141 141 100]","""""","9.9","false","{breed social-friends}","0","""default""","""none""","0"
"{citizen 12}","{citizen 35}","[128 0 127 100]","""""","9.9","false","{breed social-friends}","0","""default""","""none""","0"
"{citizen 12}","{citizen 36}","[141 141 141 100]","""""","9.9","false","{breed social-friends}","0","""default""","""none""","0"
"{citizen 12}","{citizen 37}","[141 141 141 100]","""""","9.9","false","{breed social-friends}","0","""default""","""none""","0"
"{citizen 12}","{citizen 38}","[141 141 141 100]","""""","9.9","false","{breed social-friends}","0","""default""","""none""","0"
"{citizen 12}","{citizen 39}","[141 141 141 100]","""""","9.9","false","{breed social-friends}","0","""default""","""none""","0"
"{citizen 12}","{citizen 40}","[141 141 141 100]","""""","9.9","false","{breed social-friends}","0","""default""","""none""","0"
"{citizen 12}","{citizen 41}","[141 141 141 100]","""""","9.9","false","{breed social-friends}","0","""default""","""none""","0"
"{citizen 12}","{citizen 42}","[141 141 141 100]","""""","9.9","false","{breed social-friends}","0","""default""","""none""","0"
"{citizen 12}","{citizen 43}","[141 141 141 100]","""""","9.9","false","{breed social-friends}","0","""default""","""none""","0"
"{citizen 12}","{citizen 44}","[141 141 141 100]","""""","9.9","false","{breed social-friends}","0","""default""","""none""","0"
"{citizen 12}","{citizen 45}","[141 141 141 100]","""""","9.9","false","{breed social-friends}","0","""default""","""none""","0"
"{citizen 12}","{citizen 46}","[141 141 141 100]","""""","9.9","false","{breed social-friends}","0","""default""","""none""","0"
"{citizen 12}","{citizen 47}","[141 141 141 100]","""""","9.9","false","{breed social-friends}","0","""default""","""none""","0"
"{citizen 12}","{citizen 48}","[141 141 141 100]","""""","9.9","false","{breed social-friends}","0","""default""","""none""","0"
"{citizen 12}","{citizen 49}","[141 141 141 100]","""""","9.9","false","{breed social-friends}","0","""default""","""none""","0"
"{citizen 13}","{citizen 0}","[213 0 42 100]","""""","9.9","false","{breed social-friends}","0","""default""","""none""","0"
"{citizen 13}","{citizen 1}","[213 0 42 100]","""""","9.9","false","{breed social-friends}","0","""default""","""none""","0"
"{citizen 13}","{citizen 2}","[213 0 42 100]","""""","9.9","false","{breed social-friends}","0","""default""","""none""","0"
"{citizen 13}","{citizen 3}","[213 0 42 100]","""""","9.9","false","{breed social-friends}","0","""default""","""none""","0"
"{citizen 13}","{citizen 4}","[213 0 42 100]","""""","9.9","false","{breed social-friends}","0","""default""","""none""","0"
"{citizen 13}","{citizen 5}","[213 0 42 100]","""""","9.9","false","{breed social-friends}","0","""default""","""none""","0"
"{citizen 13}","{citizen 6}","[213 0 42 100]","""""","9.9","false","{breed social-friends}","0","""default""","""none""","0"
"{citizen 13}","{citizen 7}","[213 0 42 100]","""""","9.9","false","{breed social-friends}","0","""default""","""none""","0"
"{citizen 13}","{citizen 8}","[213 0 42 100]","""""","9.9","false","{breed social-friends}","0","""default""","""none""","0"
"{citizen 13}","{citizen 9}","[213 0 42 100]","""""","9.9","false","{breed social-friends}","0","""default""","""none""","0"
"{citizen 13}","{citizen 10}","[141 141 141 100]","""""","9.9","false","{breed social-friends}","0","""default""","""none""","0"
"{citizen 13}","{citizen 11}","[213 0 42 100]","""""","9.9","false","{breed social-friends}","0","""default""","""none""","0"
"{citizen 13}","{citizen 12}","[141 141 141 100]","""""","9.9","false","{breed social-friends}","0","""default""","""none""","0"
"{citizen 13}","{citizen 14}","[213 0 42 100]","""""","9.9","false","{breed social-friends}","0","""default""","""none""","0"
"{citizen 13}","{citizen 15}","[213 0 42 100]","""""","9.9","false","{breed social-friends}","0","""default""","""none""","0"
"{citizen 13}","{citizen 16}","[213 0 42 100]","""""","9.9","false","{breed social-friends}","0","""default""","""none""","0"
"{citizen 13}","{citizen 17}","[213 0 42 100]","""""","9.9","false","{breed social-friends}","0","""default""","""none""","0"
"{citizen 13}","{citizen 18}","[213 0 42 100]","""""","9.9","false","{breed social-friends}","0","""default""","""none""","0"
"{citizen 13}","{citizen 19}","[213 0 42 100]","""""","9.9","false","{breed social-friends}","0","""default""","""none""","0"
"{citizen 13}","{citizen 20}","[213 0 42 100]","""""","9.9","false","{breed social-friends}","0","""default""","""none""","0"
"{citizen 13}","{citizen 21}","[213 0 42 100]","""""","9.9","false","{breed social-friends}","0","""default""","""none""","0"
"{citizen 13}","{citizen 22}","[213 0 42 100]","""""","9.9","false","{breed social-friends}","0","""default""","""none""","0"
"{citizen 13}","{citizen 23}","[213 0 42 100]","""""","9.9","false","{breed social-friends}","0","""default""","""none""","0"
"{citizen 13}","{citizen 24}","[213 0 42 100]","""""","9.9","false","{breed social-friends}","0","""default""","""none""","0"
"{citizen 13}","{citizen 25}","[213 0 42 100]","""""","9.9","false","{breed social-friends}","0","""default""","""none""","0"
"{citizen 13}","{citizen 26}","[141 141 141 100]","""""","9.9","false","{breed social-friends}","0","""default""","""none""","0"
"{citizen 13}","{citizen 27}","[213 0 42 100]","""""","9.9","false","{breed social-friends}","0","""default""","""none""","0"
"{citizen 13}","{citizen 28}","[213 0 42 100]","""""","9.9","false","{breed social-friends}","0","""default""","""none""","0"
"{citizen 13}","{citizen 29}","[213 0 42 100]","""""","9.9","false","{breed social-friends}","0","""default""","""none""","0"
"{citizen 13}","{citizen 30}","[213 0 42 100]","""""","9.9","false","{breed social-friends}","0","""default""","""none""","0"
"{citizen 13}","{citizen 31}","[213 0 42 100]","""""","9.9","false","{breed social-friends}","0","""default""","""none""","0"
"{citizen 13}","{citizen 32}","[213 0 42 100]","""""","9.9","false","{breed social-friends}","0","""default""","""none""","0"
"{citizen 13}","{citizen 33}","[213 0 42 100]","""""","9.9","false","{breed social-friends}","0","""default""","""none""","0"
"{citizen 13}","{citizen 34}","[213 0 42 100]","""""","9.9","false","{breed social-friends}","0","""default""","""none""","0"
"{citizen 13}","{citizen 35}","[141 141 141 100]","""""","9.9","false","{breed social-friends}","0","""default""","""none""","0"
"{citizen 13}","{citizen 36}","[213 0 42 100]","""""","9.9","false","{breed social-friends}","0","""default""","""none""","0"
"{citizen 13}","{citizen 37}","[213 0 42 100]","""""","9.9","false","{breed social-friends}","0","""default""","""none""","0"
"{citizen 13}","{citizen 38}","[213 0 42 100]","""""","9.9","false","{breed social-friends}","0","""default""","""none""","0"
"{citizen 13}","{citizen 39}","[213 0 42 100]","""""","9.9","false","{breed social-friends}","0","""default""","""none""","0"
"{citizen 13}","{citizen 40}","[213 0 42 100]","""""","9.9","false","{breed social-friends}","0","""default""","""none""","0"
"{citizen 13}","{citizen 41}","[213 0 42 100]","""""","9.9","false","{breed social-friends}","0","""default""","""none""","0"
"{citizen 13}","{citizen 42}","[213 0 42 100]","""""","9.9","false","{breed social-friends}","0","""default""","""none""","0"
"{citizen 13}","{citizen 43}","[213 0 42 100]","""""","9.9","false","{breed social-friends}","0","""default""","""none""","0"
"{citizen 13}","{citizen 44}","[213 0 42 100]","""""","9.9","false","{breed social-friends}","0","""default""","""none""","0"
"{citizen 13}","{citizen 45}","[213 0 42 100]","""""","9.9","false","{breed social-friends}","0","""default""","""none""","0"
"{citizen 13}","{citizen 46}","[213 0 42 100]","""""","9.9","false","{breed social-friends}","0","""default""","""none""","0"
"{citizen 13}","{citizen 47}","[213 0 42 100]","""""","9.9","false","{breed social-friends}","0","""default""","""none""","0"
"{citizen 13}","{citizen 48}","[213 0 42 100]","""""","9.9","false","{breed social-friends}","0","""default""","""none""","0"
"{citizen 13}","{citizen 49}","[213 0 42 100]","""""","9.9","false","{breed social-friends}","0","""default""","""none""","0"
"{citizen 14}","{citizen 0}","[213 0 42 100]","""""","9.9","false","{breed social-friends}","0","""default""","""none""","0"
"{citizen 14}","{citizen 1}","[213 0 42 100]","""""","9.9","false","{breed social-friends}","0","""default""","""none""","0"
"{citizen 14}","{citizen 2}","[213 0 42 100]","""""","9.9","false","{breed social-friends}","0","""default""","""none""","0"
"{citizen 14}","{citizen 3}","[213 0 42 100]","""""","9.9","false","{breed social-friends}","0","""default""","""none""","0"
"{citizen 14}","{citizen 4}","[213 0 42 100]","""""","9.9","false","{breed social-friends}","0","""default""","""none""","0"
"{citizen 14}","{citizen 5}","[213 0 42 100]","""""","9.9","false","{breed social-friends}","0","""default""","""none""","0"
"{citizen 14}","{citizen 6}","[213 0 42 100]","""""","9.9","false","{breed social-friends}","0","""default""","""none""","0"
"{citizen 14}","{citizen 7}","[213 0 42 100]","""""","9.9","false","{breed social-friends}","0","""default""","""none""","0"
"{citizen 14}","{citizen 8}","[213 0 42 100]","""""","9.9","false","{breed social-friends}","0","""default""","""none""","0"
"{citizen 14}","{citizen 9}","[213 0 42 100]","""""","9.9","false","{breed social-friends}","0","""default""","""none""","0"
"{citizen 14}","{citizen 10}","[141 141 141 100]","""""","9.9","false","{breed social-friends}","0","""default""","""none""","0"
"{citizen 14}","{citizen 11}","[213 0 42 100]","""""","9.9","false","{breed social-friends}","0","""default""","""none""","0"
"{citizen 14}","{citizen 12}","[141 141 141 100]","""""","9.9","false","{breed social-friends}","0","""default""","""none""","0"
"{citizen 14}","{citizen 13}","[213 0 42 100]","""""","9.9","false","{breed social-friends}","0","""default""","""none""","0"
"{citizen 14}","{citizen 15}","[213 0 42 100]","""""","9.9","false","{breed social-friends}","0","""default""","""none""","0"
"{citizen 14}","{citizen 16}","[213 0 42 100]","""""","9.9","false","{breed social-friends}","0","""default""","""none""","0"
"{citizen 14}","{citizen 17}","[213 0 42 100]","""""","9.9","false","{breed social-friends}","0","""default""","""none""","0"
"{citizen 14}","{citizen 18}","[213 0 42 100]","""""","9.9","false","{breed social-friends}","0","""default""","""none""","0"
"{citizen 14}","{citizen 19}","[213 0 42 100]","""""","9.9","false","{breed social-friends}","0","""default""","""none""","0"
"{citizen 14}","{citizen 20}","[213 0 42 100]","""""","9.9","false","{breed social-friends}","0","""default""","""none""","0"
"{citizen 14}","{citizen 21}","[213 0 42 100]","""""","9.9","false","{breed social-friends}","0","""default""","""none""","0"
"{citizen 14}","{citizen 22}","[213 0 42 100]","""""","9.9","false","{breed social-friends}","0","""default""","""none""","0"
"{citizen 14}","{citizen 23}","[213 0 42 100]","""""","9.9","false","{breed social-friends}","0","""default""","""none""","0"
"{citizen 14}","{citizen 24}","[213 0 42 100]","""""","9.9","false","{breed social-friends}","0","""default""","""none""","0"
"{citizen 14}","{citizen 25}","[213 0 42 100]","""""","9.9","false","{breed social-friends}","0","""default""","""none""","0"
"{citizen 14}","{citizen 26}","[141 141 141 100]","""""","9.9","false","{breed social-friends}","0","""default""","""none""","0"
"{citizen 14}","{citizen 27}","[213 0 42 100]","""""","9.9","false","{breed social-friends}","0","""default""","""none""","0"
"{citizen 14}","{citizen 28}","[213 0 42 100]","""""","9.9","false","{breed social-friends}","0","""default""","""none""","0"
"{citizen 14}","{citizen 29}","[213 0 42 100]","""""","9.9","false","{breed social-friends}","0","""default""","""none""","0"
"{citizen 14}","{citizen 30}","[213 0 42 100]","""""","9.9","false","{breed social-friends}","0","""default""","""none""","0"
"{citizen 14}","{citizen 31}","[213 0 42 100]","""""","9.9","false","{breed social-friends}","0","""default""","""none""","0"
"{citizen 14}","{citizen 32}","[213 0 42 100]","""""","9.9","false","{breed social-friends}","0","""default""","""none""","0"
"{citizen 14}","{citizen 33}","[213 0 42 100]","""""","9.9","false","{breed social-friends}","0","""default""","""none""","0"
"{citizen 14}","{citizen 34}","[213 0 42 100]","""""","9.9","false","{breed social-friends}","0","""default""","""none""","0"
"{citizen 14}","{citizen 35}","[141 141 141 100]","""""","9.9","false","{breed social-friends}","0","""default""","""none""","0"
"{citizen 14}","{citizen 36}","[213 0 42 100]","""""","9.9","false","{breed social-friends}","0","""default""","""none""","0"
"{citizen 14}","{citizen 37}","[213 0 42 100]","""""","9.9","false","{breed social-friends}","0","""default""","""none""","0"
"{citizen 14}","{citizen 38}","[213 0 42 100]","""""","9.9","false","{breed social-friends}","0","""default""","""none""","0"
"{citizen 14}","{citizen 39}","[213 0 42 100]","""""","9.9","false","{breed social-friends}","0","""default""","""none""","0"
"{citizen 14}","{citizen 40}","[213 0 42 100]","""""","9.9","false","{breed social-friends}","0","""default""","""none""","0"
"{citizen 14}","{citizen 41}","[213 0 42 100]","""""","9.9","false","{breed social-friends}","0","""default""","""none""","0"
"{citizen 14}","{citizen 42}","[213 0 42 100]","""""","9.9","false","{breed social-friends}","0","""default""","""none""","0"
"{citizen 14}","{citizen 43}","[213 0 42 100]","""""","9.9","false","{breed social-friends}","0","""default""","""none""","0"
"{citizen 14}","{citizen 44}","[213 0 42 100]","""""","9.9","false","{breed social-friends}","0","""default""","""none""","0"
"{citizen 14}","{citizen 45}","[213 0 42 100]","""""","9.9","false","{breed social-friends}","0","""default""","""none""","0"
"{citizen 14}","{citizen 46}","[213 0 42 100]","""""","9.9","false","{breed social-friends}","0","""default""","""none""","0"
"{citizen 14}","{citizen 47}","[213 0 42 100]","""""","9.9","false","{breed social-friends}","0","""default""","""none""","0"
"{citizen 14}","{citizen 48}","[213 0 42 100]","""""","9.9","false","{breed social-friends}","0","""default""","""none""","0"
"{citizen 14}","{citizen 49}","[213 0 42 100]","""""","9.9","false","{breed social-friends}","0","""default""","""none""","0"
"{citizen 15}","{citizen 0}","[213 0 42 100]","""""","9.9","false","{breed social-friends}","0","""default""","""none""","0"
"{citizen 15}","{citizen 1}","[213 0 42 100]","""""","9.9","false","{breed social-friends}","0","""default""","""none""","0"
"{citizen 15}","{citizen 2}","[213 0 42 100]","""""","9.9","false","{breed social-friends}","0","""default""","""none""","0"
"{citizen 15}","{citizen 3}","[213 0 42 100]","""""","9.9","false","{breed social-friends}","0","""default""","""none""","0"
"{citizen 15}","{citizen 4}","[213 0 42 100]","""""","9.9","false","{breed social-friends}","0","""default""","""none""","0"
"{citizen 15}","{citizen 5}","[213 0 42 100]","""""","9.9","false","{breed social-friends}","0","""default""","""none""","0"
"{citizen 15}","{citizen 6}","[213 0 42 100]","""""","9.9","false","{breed social-friends}","0","""default""","""none""","0"
"{citizen 15}","{citizen 7}","[213 0 42 100]","""""","9.9","false","{breed social-friends}","0","""default""","""none""","0"
"{citizen 15}","{citizen 8}","[213 0 42 100]","""""","9.9","false","{breed social-friends}","0","""default""","""none""","0"
"{citizen 15}","{citizen 9}","[213 0 42 100]","""""","9.9","false","{breed social-friends}","0","""default""","""none""","0"
"{citizen 15}","{citizen 10}","[141 141 141 100]","""""","9.9","false","{breed social-friends}","0","""default""","""none""","0"
"{citizen 15}","{citizen 11}","[213 0 42 100]","""""","9.9","false","{breed social-friends}","0","""default""","""none""","0"
"{citizen 15}","{citizen 12}","[141 141 141 100]","""""","9.9","false","{breed social-friends}","0","""default""","""none""","0"
"{citizen 15}","{citizen 13}","[213 0 42 100]","""""","9.9","false","{breed social-friends}","0","""default""","""none""","0"
"{citizen 15}","{citizen 14}","[213 0 42 100]","""""","9.9","false","{breed social-friends}","0","""default""","""none""","0"
"{citizen 15}","{citizen 16}","[213 0 42 100]","""""","9.9","false","{breed social-friends}","0","""default""","""none""","0"
"{citizen 15}","{citizen 17}","[213 0 42 100]","""""","9.9","false","{breed social-friends}","0","""default""","""none""","0"
"{citizen 15}","{citizen 18}","[213 0 42 100]","""""","9.9","false","{breed social-friends}","0","""default""","""none""","0"
"{citizen 15}","{citizen 19}","[213 0 42 100]","""""","9.9","false","{breed social-friends}","0","""default""","""none""","0"
"{citizen 15}","{citizen 20}","[213 0 42 100]","""""","9.9","false","{breed social-friends}","0","""default""","""none""","0"
"{citizen 15}","{citizen 21}","[213 0 42 100]","""""","9.9","false","{breed social-friends}","0","""default""","""none""","0"
"{citizen 15}","{citizen 22}","[213 0 42 100]","""""","9.9","false","{breed social-friends}","0","""default""","""none""","0"
"{citizen 15}","{citizen 23}","[213 0 42 100]","""""","9.9","false","{breed social-friends}","0","""default""","""none""","0"
"{citizen 15}","{citizen 24}","[213 0 42 100]","""""","9.9","false","{breed social-friends}","0","""default""","""none""","0"
"{citizen 15}","{citizen 25}","[213 0 42 100]","""""","9.9","false","{breed social-friends}","0","""default""","""none""","0"
"{citizen 15}","{citizen 26}","[141 141 141 100]","""""","9.9","false","{breed social-friends}","0","""default""","""none""","0"
"{citizen 15}","{citizen 27}","[213 0 42 100]","""""","9.9","false","{breed social-friends}","0","""default""","""none""","0"
"{citizen 15}","{citizen 28}","[213 0 42 100]","""""","9.9","false","{breed social-friends}","0","""default""","""none""","0"
"{citizen 15}","{citizen 29}","[213 0 42 100]","""""","9.9","false","{breed social-friends}","0","""default""","""none""","0"
"{citizen 15}","{citizen 30}","[213 0 42 100]","""""","9.9","false","{breed social-friends}","0","""default""","""none""","0"
"{citizen 15}","{citizen 31}","[213 0 42 100]","""""","9.9","false","{breed social-friends}","0","""default""","""none""","0"
"{citizen 15}","{citizen 32}","[213 0 42 100]","""""","9.9","false","{breed social-friends}","0","""default""","""none""","0"
"{citizen 15}","{citizen 33}","[213 0 42 100]","""""","9.9","false","{breed social-friends}","0","""default""","""none""","0"
"{citizen 15}","{citizen 34}","[213 0 42 100]","""""","9.9","false","{breed social-friends}","0","""default""","""none""","0"
"{citizen 15}","{citizen 35}","[141 141 141 100]","""""","9.9","false","{breed social-friends}","0","""default""","""none""","0"
"{citizen 15}","{citizen 36}","[213 0 42 100]","""""","9.9","false","{breed social-friends}","0","""default""","""none""","0"
"{citizen 15}","{citizen 37}","[213 0 42 100]","""""","9.9","false","{breed social-friends}","0","""default""","""none""","0"
"{citizen 15}","{citizen 38}","[213 0 42 100]","""""","9.9","false","{breed social-friends}","0","""default""","""none""","0"
"{citizen 15}","{citizen 39}","[213 0 42 100]","""""","9.9","false","{breed social-friends}","0","""default""","""none""","0"
"{citizen 15}","{citizen 40}","[213 0 42 100]","""""","9.9","false","{breed social-friends}","0","""default""","""none""","0"
"{citizen 15}","{citizen 41}","[213 0 42 100]","""""","9.9","false","{breed social-friends}","0","""default""","""none""","0"
"{citizen 15}","{citizen 42}","[213 0 42 100]","""""","9.9","false","{breed social-friends}","0","""default""","""none""","0"
"{citizen 15}","{citizen 43}","[213 0 42 100]","""""","9.9","false","{breed social-friends}","0","""default""","""none""","0"
"{citizen 15}","{citizen 44}","[213 0 42 100]","""""","9.9","false","{breed social-friends}","0","""default""","""none""","0"
"{citizen 15}","{citizen 45}","[213 0 42 100]","""""","9.9","false","{breed social-friends}","0","""default""","""none""","0"
"{citizen 15}","{citizen 46}","[213 0 42 100]","""""","9.9","false","{breed social-friends}","0","""default""","""none""","0"
"{citizen 15}","{citizen 47}","[213 0 42 100]","""""","9.9","false","{breed social-friends}","0","""default""","""none""","0"
"{citizen 15}","{citizen 48}","[213 0 42 100]","""""","9.9","false","{breed social-friends}","0","""default""","""none""","0"
"{citizen 15}","{citizen 49}","[213 0 42 100]","""""","9.9","false","{breed social-friends}","0","""default""","""none""","0"
"{citizen 16}","{citizen 0}","[213 0 42 100]","""""","9.9","false","{breed social-friends}","0","""default""","""none""","0"
"{citizen 16}","{citizen 1}","[213 0 42 100]","""""","9.9","false","{breed social-friends}","0","""default""","""none""","0"
"{citizen 16}","{citizen 2}","[213 0 42 100]","""""","9.9","false","{breed social-friends}","0","""default""","""none""","0"
"{citizen 16}","{citizen 3}","[213 0 42 100]","""""","9.9","false","{breed social-friends}","0","""default""","""none""","0"
"{citizen 16}","{citizen 4}","[213 0 42 100]","""""","9.9","false","{breed social-friends}","0","""default""","""none""","0"
"{citizen 16}","{citizen 5}","[213 0 42 100]","""""","9.9","false","{breed social-friends}","0","""default""","""none""","0"
"{citizen 16}","{citizen 6}","[213 0 42 100]","""""","9.9","false","{breed social-friends}","0","""default""","""none""","0"
"{citizen 16}","{citizen 7}","[213 0 42 100]","""""","9.9","false","{breed social-friends}","0","""default""","""none""","0"
"{citizen 16}","{citizen 8}","[213 0 42 100]","""""","9.9","false","{breed social-friends}","0","""default""","""none""","0"
"{citizen 16}","{citizen 9}","[213 0 42 100]","""""","9.9","false","{breed social-friends}","0","""default""","""none""","0"
"{citizen 16}","{citizen 10}","[141 141 141 100]","""""","9.9","false","{breed social-friends}","0","""default""","""none""","0"
"{citizen 16}","{citizen 11}","[213 0 42 100]","""""","9.9","false","{breed social-friends}","0","""default""","""none""","0"
"{citizen 16}","{citizen 12}","[141 141 141 100]","""""","9.9","false","{breed social-friends}","0","""default""","""none""","0"
"{citizen 16}","{citizen 13}","[213 0 42 100]","""""","9.9","false","{breed social-friends}","0","""default""","""none""","0"
"{citizen 16}","{citizen 14}","[213 0 42 100]","""""","9.9","false","{breed social-friends}","0","""default""","""none""","0"
"{citizen 16}","{citizen 15}","[213 0 42 100]","""""","9.9","false","{breed social-friends}","0","""default""","""none""","0"
"{citizen 16}","{citizen 17}","[213 0 42 100]","""""","9.9","false","{breed social-friends}","0","""default""","""none""","0"
"{citizen 16}","{citizen 18}","[213 0 42 100]","""""","9.9","false","{breed social-friends}","0","""default""","""none""","0"
"{citizen 16}","{citizen 19}","[213 0 42 100]","""""","9.9","false","{breed social-friends}","0","""default""","""none""","0"
"{citizen 16}","{citizen 20}","[213 0 42 100]","""""","9.9","false","{breed social-friends}","0","""default""","""none""","0"
"{citizen 16}","{citizen 21}","[213 0 42 100]","""""","9.9","false","{breed social-friends}","0","""default""","""none""","0"
"{citizen 16}","{citizen 22}","[213 0 42 100]","""""","9.9","false","{breed social-friends}","0","""default""","""none""","0"
"{citizen 16}","{citizen 23}","[213 0 42 100]","""""","9.9","false","{breed social-friends}","0","""default""","""none""","0"
"{citizen 16}","{citizen 24}","[213 0 42 100]","""""","9.9","false","{breed social-friends}","0","""default""","""none""","0"
"{citizen 16}","{citizen 25}","[213 0 42 100]","""""","9.9","false","{breed social-friends}","0","""default""","""none""","0"
"{citizen 16}","{citizen 26}","[141 141 141 100]","""""","9.9","false","{breed social-friends}","0","""default""","""none""","0"
"{citizen 16}","{citizen 27}","[213 0 42 100]","""""","9.9","false","{breed social-friends}","0","""default""","""none""","0"
"{citizen 16}","{citizen 28}","[213 0 42 100]","""""","9.9","false","{breed social-friends}","0","""default""","""none""","0"
"{citizen 16}","{citizen 29}","[213 0 42 100]","""""","9.9","false","{breed social-friends}","0","""default""","""none""","0"
"{citizen 16}","{citizen 30}","[213 0 42 100]","""""","9.9","false","{breed social-friends}","0","""default""","""none""","0"
"{citizen 16}","{citizen 31}","[213 0 42 100]","""""","9.9","false","{breed social-friends}","0","""default""","""none""","0"
"{citizen 16}","{citizen 32}","[213 0 42 100]","""""","9.9","false","{breed social-friends}","0","""default""","""none""","0"
"{citizen 16}","{citizen 33}","[213 0 42 100]","""""","9.9","false","{breed social-friends}","0","""default""","""none""","0"
"{citizen 16}","{citizen 34}","[213 0 42 100]","""""","9.9","false","{breed social-friends}","0","""default""","""none""","0"
"{citizen 16}","{citizen 35}","[141 141 141 100]","""""","9.9","false","{breed social-friends}","0","""default""","""none""","0"
"{citizen 16}","{citizen 36}","[213 0 42 100]","""""","9.9","false","{breed social-friends}","0","""default""","""none""","0"
"{citizen 16}","{citizen 37}","[213 0 42 100]","""""","9.9","false","{breed social-friends}","0","""default""","""none""","0"
"{citizen 16}","{citizen 38}","[213 0 42 100]","""""","9.9","false","{breed social-friends}","0","""default""","""none""","0"
"{citizen 16}","{citizen 39}","[213 0 42 100]","""""","9.9","false","{breed social-friends}","0","""default""","""none""","0"
"{citizen 16}","{citizen 40}","[213 0 42 100]","""""","9.9","false","{breed social-friends}","0","""default""","""none""","0"
"{citizen 16}","{citizen 41}","[213 0 42 100]","""""","9.9","false","{breed social-friends}","0","""default""","""none""","0"
"{citizen 16}","{citizen 42}","[213 0 42 100]","""""","9.9","false","{breed social-friends}","0","""default""","""none""","0"
"{citizen 16}","{citizen 43}","[213 0 42 100]","""""","9.9","false","{breed social-friends}","0","""default""","""none""","0"
"{citizen 16}","{citizen 44}","[213 0 42 100]","""""","9.9","false","{breed social-friends}","0","""default""","""none""","0"
"{citizen 16}","{citizen 45}","[213 0 42 100]","""""","9.9","false","{breed social-friends}","0","""default""","""none""","0"
"{citizen 16}","{citizen 46}","[213 0 42 100]","""""","9.9","false","{breed social-friends}","0","""default""","""none""","0"
"{citizen 16}","{citizen 47}","[213 0 42 100]","""""","9.9","false","{breed social-friends}","0","""default""","""none""","0"
"{citizen 16}","{citizen 48}","[213 0 42 100]","""""","9.9","false","{breed social-friends}","0","""default""","""none""","0"
"{citizen 16}","{citizen 49}","[213 0 42 100]","""""","9.9","false","{breed social-friends}","0","""default""","""none""","0"
"{citizen 17}","{citizen 0}","[213 0 42 100]","""""","9.9","false","{breed social-friends}","0","""default""","""none""","0"
"{citizen 17}","{citizen 1}","[213 0 42 100]","""""","9.9","false","{breed social-friends}","0","""default""","""none""","0"
"{citizen 17}","{citizen 2}","[213 0 42 100]","""""","9.9","false","{breed social-friends}","0","""default""","""none""","0"
"{citizen 17}","{citizen 3}","[213 0 42 100]","""""","9.9","false","{breed social-friends}","0","""default""","""none""","0"
"{citizen 17}","{citizen 4}","[213 0 42 100]","""""","9.9","false","{breed social-friends}","0","""default""","""none""","0"
"{citizen 17}","{citizen 5}","[213 0 42 100]","""""","9.9","false","{breed social-friends}","0","""default""","""none""","0"
"{citizen 17}","{citizen 6}","[213 0 42 100]","""""","9.9","false","{breed social-friends}","0","""default""","""none""","0"
"{citizen 17}","{citizen 7}","[213 0 42 100]","""""","9.9","false","{breed social-friends}","0","""default""","""none""","0"
"{citizen 17}","{citizen 8}","[213 0 42 100]","""""","9.9","false","{breed social-friends}","0","""default""","""none""","0"
"{citizen 17}","{citizen 9}","[213 0 42 100]","""""","9.9","false","{breed social-friends}","0","""default""","""none""","0"
"{citizen 17}","{citizen 10}","[141 141 141 100]","""""","9.9","false","{breed social-friends}","0","""default""","""none""","0"
"{citizen 17}","{citizen 11}","[213 0 42 100]","""""","9.9","false","{breed social-friends}","0","""default""","""none""","0"
"{citizen 17}","{citizen 12}","[141 141 141 100]","""""","9.9","false","{breed social-friends}","0","""default""","""none""","0"
"{citizen 17}","{citizen 13}","[213 0 42 100]","""""","9.9","false","{breed social-friends}","0","""default""","""none""","0"
"{citizen 17}","{citizen 14}","[213 0 42 100]","""""","9.9","false","{breed social-friends}","0","""default""","""none""","0"
"{citizen 17}","{citizen 15}","[213 0 42 100]","""""","9.9","false","{breed social-friends}","0","""default""","""none""","0"
"{citizen 17}","{citizen 16}","[213 0 42 100]","""""","9.9","false","{breed social-friends}","0","""default""","""none""","0"
"{citizen 17}","{citizen 18}","[213 0 42 100]","""""","9.9","false","{breed social-friends}","0","""default""","""none""","0"
"{citizen 17}","{citizen 19}","[213 0 42 100]","""""","9.9","false","{breed social-friends}","0","""default""","""none""","0"
"{citizen 17}","{citizen 20}","[213 0 42 100]","""""","9.9","false","{breed social-friends}","0","""default""","""none""","0"
"{citizen 17}","{citizen 21}","[213 0 42 100]","""""","9.9","false","{breed social-friends}","0","""default""","""none""","0"
"{citizen 17}","{citizen 22}","[213 0 42 100]","""""","9.9","false","{breed social-friends}","0","""default""","""none""","0"
"{citizen 17}","{citizen 23}","[213 0 42 100]","""""","9.9","false","{breed social-friends}","0","""default""","""none""","0"
"{citizen 17}","{citizen 24}","[213 0 42 100]","""""","9.9","false","{breed social-friends}","0","""default""","""none""","0"
"{citizen 17}","{citizen 25}","[213 0 42 100]","""""","9.9","false","{breed social-friends}","0","""default""","""none""","0"
"{citizen 17}","{citizen 26}","[141 141 141 100]","""""","9.9","false","{breed social-friends}","0","""default""","""none""","0"
"{citizen 17}","{citizen 27}","[213 0 42 100]","""""","9.9","false","{breed social-friends}","0","""default""","""none""","0"
"{citizen 17}","{citizen 28}","[213 0 42 100]","""""","9.9","false","{breed social-friends}","0","""default""","""none""","0"
"{citizen 17}","{citizen 29}","[213 0 42 100]","""""","9.9","false","{breed social-friends}","0","""default""","""none""","0"
"{citizen 17}","{citizen 30}","[213 0 42 100]","""""","9.9","false","{breed social-friends}","0","""default""","""none""","0"
"{citizen 17}","{citizen 31}","[213 0 42 100]","""""","9.9","false","{breed social-friends}","0","""default""","""none""","0"
"{citizen 17}","{citizen 32}","[213 0 42 100]","""""","9.9","false","{breed social-friends}","0","""default""","""none""","0"
"{citizen 17}","{citizen 33}","[213 0 42 100]","""""","9.9","false","{breed social-friends}","0","""default""","""none""","0"
"{citizen 17}","{citizen 34}","[213 0 42 100]","""""","9.9","false","{breed social-friends}","0","""default""","""none""","0"
"{citizen 17}","{citizen 35}","[141 141 141 100]","""""","9.9","false","{breed social-friends}","0","""default""","""none""","0"
"{citizen 17}","{citizen 36}","[213 0 42 100]","""""","9.9","false","{breed social-friends}","0","""default""","""none""","0"
"{citizen 17}","{citizen 37}","[213 0 42 100]","""""","9.9","false","{breed social-friends}","0","""default""","""none""","0"
"{citizen 17}","{citizen 38}","[213 0 42 100]","""""","9.9","false","{breed social-friends}","0","""default""","""none""","0"
"{citizen 17}","{citizen 39}","[213 0 42 100]","""""","9.9","false","{breed social-friends}","0","""default""","""none""","0"
"{citizen 17}","{citizen 40}","[213 0 42 100]","""""","9.9","false","{breed social-friends}","0","""default""","""none""","0"
"{citizen 17}","{citizen 41}","[213 0 42 100]","""""","9.9","false","{breed social-friends}","0","""default""","""none""","0"
"{citizen 17}","{citizen 42}","[213 0 42 100]","""""","9.9","false","{breed social-friends}","0","""default""","""none""","0"
"{citizen 17}","{citizen 43}","[213 0 42 100]","""""","9.9","false","{breed social-friends}","0","""default""","""none""","0"
"{citizen 17}","{citizen 44}","[213 0 42 100]","""""","9.9","false","{breed social-friends}","0","""default""","""none""","0"
"{citizen 17}","{citizen 45}","[213 0 42 100]","""""","9.9","false","{breed social-friends}","0","""default""","""none""","0"
"{citizen 17}","{citizen 46}","[213 0 42 100]","""""","9.9","false","{breed social-friends}","0","""default""","""none""","0"
"{citizen 17}","{citizen 47}","[213 0 42 100]","""""","9.9","false","{breed social-friends}","0","""default""","""none""","0"
"{citizen 17}","{citizen 48}","[213 0 42 100]","""""","9.9","false","{breed social-friends}","0","""default""","""none""","0"
"{citizen 17}","{citizen 49}","[213 0 42 100]","""""","9.9","false","{breed social-friends}","0","""default""","""none""","0"
"{citizen 18}","{citizen 0}","[213 0 42 100]","""""","9.9","false","{breed social-friends}","0","""default""","""none""","0"
"{citizen 18}","{citizen 1}","[213 0 42 100]","""""","9.9","false","{breed social-friends}","0","""default""","""none""","0"
"{citizen 18}","{citizen 2}","[213 0 42 100]","""""","9.9","false","{breed social-friends}","0","""default""","""none""","0"
"{citizen 18}","{citizen 3}","[213 0 42 100]","""""","9.9","false","{breed social-friends}","0","""default""","""none""","0"
"{citizen 18}","{citizen 4}","[213 0 42 100]","""""","9.9","false","{breed social-friends}","0","""default""","""none""","0"
"{citizen 18}","{citizen 5}","[213 0 42 100]","""""","9.9","false","{breed social-friends}","0","""default""","""none""","0"
"{citizen 18}","{citizen 6}","[213 0 42 100]","""""","9.9","false","{breed social-friends}","0","""default""","""none""","0"
"{citizen 18}","{citizen 7}","[213 0 42 100]","""""","9.9","false","{breed social-friends}","0","""default""","""none""","0"
"{citizen 18}","{citizen 8}","[213 0 42 100]","""""","9.9","false","{breed social-friends}","0","""default""","""none""","0"
"{citizen 18}","{citizen 9}","[213 0 42 100]","""""","9.9","false","{breed social-friends}","0","""default""","""none""","0"
"{citizen 18}","{citizen 10}","[141 141 141 100]","""""","9.9","false","{breed social-friends}","0","""default""","""none""","0"
"{citizen 18}","{citizen 11}","[213 0 42 100]","""""","9.9","false","{breed social-friends}","0","""default""","""none""","0"
"{citizen 18}","{citizen 12}","[141 141 141 100]","""""","9.9","false","{breed social-friends}","0","""default""","""none""","0"
"{citizen 18}","{citizen 13}","[213 0 42 100]","""""","9.9","false","{breed social-friends}","0","""default""","""none""","0"
"{citizen 18}","{citizen 14}","[213 0 42 100]","""""","9.9","false","{breed social-friends}","0","""default""","""none""","0"
"{citizen 18}","{citizen 15}","[213 0 42 100]","""""","9.9","false","{breed social-friends}","0","""default""","""none""","0"
"{citizen 18}","{citizen 16}","[213 0 42 100]","""""","9.9","false","{breed social-friends}","0","""default""","""none""","0"
"{citizen 18}","{citizen 17}","[213 0 42 100]","""""","9.9","false","{breed social-friends}","0","""default""","""none""","0"
"{citizen 18}","{citizen 19}","[213 0 42 100]","""""","9.9","false","{breed social-friends}","0","""default""","""none""","0"
"{citizen 18}","{citizen 20}","[213 0 42 100]","""""","9.9","false","{breed social-friends}","0","""default""","""none""","0"
"{citizen 18}","{citizen 21}","[213 0 42 100]","""""","9.9","false","{breed social-friends}","0","""default""","""none""","0"
"{citizen 18}","{citizen 22}","[213 0 42 100]","""""","9.9","false","{breed social-friends}","0","""default""","""none""","0"
"{citizen 18}","{citizen 23}","[213 0 42 100]","""""","9.9","false","{breed social-friends}","0","""default""","""none""","0"
"{citizen 18}","{citizen 24}","[213 0 42 100]","""""","9.9","false","{breed social-friends}","0","""default""","""none""","0"
"{citizen 18}","{citizen 25}","[213 0 42 100]","""""","9.9","false","{breed social-friends}","0","""default""","""none""","0"
"{citizen 18}","{citizen 26}","[141 141 141 100]","""""","9.9","false","{breed social-friends}","0","""default""","""none""","0"
"{citizen 18}","{citizen 27}","[213 0 42 100]","""""","9.9","false","{breed social-friends}","0","""default""","""none""","0"
"{citizen 18}","{citizen 28}","[213 0 42 100]","""""","9.9","false","{breed social-friends}","0","""default""","""none""","0"
"{citizen 18}","{citizen 29}","[213 0 42 100]","""""","9.9","false","{breed social-friends}","0","""default""","""none""","0"
"{citizen 18}","{citizen 30}","[213 0 42 100]","""""","9.9","false","{breed social-friends}","0","""default""","""none""","0"
"{citizen 18}","{citizen 31}","[213 0 42 100]","""""","9.9","false","{breed social-friends}","0","""default""","""none""","0"
"{citizen 18}","{citizen 32}","[213 0 42 100]","""""","9.9","false","{breed social-friends}","0","""default""","""none""","0"
"{citizen 18}","{citizen 33}","[213 0 42 100]","""""","9.9","false","{breed social-friends}","0","""default""","""none""","0"
"{citizen 18}","{citizen 34}","[213 0 42 100]","""""","9.9","false","{breed social-friends}","0","""default""","""none""","0"
"{citizen 18}","{citizen 35}","[141 141 141 100]","""""","9.9","false","{breed social-friends}","0","""default""","""none""","0"
"{citizen 18}","{citizen 36}","[213 0 42 100]","""""","9.9","false","{breed social-friends}","0","""default""","""none""","0"
"{citizen 18}","{citizen 37}","[213 0 42 100]","""""","9.9","false","{breed social-friends}","0","""default""","""none""","0"
"{citizen 18}","{citizen 38}","[213 0 42 100]","""""","9.9","false","{breed social-friends}","0","""default""","""none""","0"
"{citizen 18}","{citizen 39}","[213 0 42 100]","""""","9.9","false","{breed social-friends}","0","""default""","""none""","0"
"{citizen 18}","{citizen 40}","[213 0 42 100]","""""","9.9","false","{breed social-friends}","0","""default""","""none""","0"
"{citizen 18}","{citizen 41}","[213 0 42 100]","""""","9.9","false","{breed social-friends}","0","""default""","""none""","0"
"{citizen 18}","{citizen 42}","[213 0 42 100]","""""","9.9","false","{breed social-friends}","0","""default""","""none""","0"
"{citizen 18}","{citizen 43}","[213 0 42 100]","""""","9.9","false","{breed social-friends}","0","""default""","""none""","0"
"{citizen 18}","{citizen 44}","[213 0 42 100]","""""","9.9","false","{breed social-friends}","0","""default""","""none""","0"
"{citizen 18}","{citizen 45}","[213 0 42 100]","""""","9.9","false","{breed social-friends}","0","""default""","""none""","0"
"{citizen 18}","{citizen 46}","[213 0 42 100]","""""","9.9","false","{breed social-friends}","0","""default""","""none""","0"
"{citizen 18}","{citizen 47}","[213 0 42 100]","""""","9.9","false","{breed social-friends}","0","""default""","""none""","0"
"{citizen 18}","{citizen 48}","[213 0 42 100]","""""","9.9","false","{breed social-friends}","0","""default""","""none""","0"
"{citizen 18}","{citizen 49}","[213 0 42 100]","""""","9.9","false","{breed social-friends}","0","""default""","""none""","0"
"{citizen 19}","{citizen 0}","[213 0 42 100]","""""","9.9","false","{breed social-friends}","0","""default""","""none""","0"
"{citizen 19}","{citizen 1}","[213 0 42 100]","""""","9.9","false","{breed social-friends}","0","""default""","""none""","0"
"{citizen 19}","{citizen 2}","[213 0 42 100]","""""","9.9","false","{breed social-friends}","0","""default""","""none""","0"
"{citizen 19}","{citizen 3}","[213 0 42 100]","""""","9.9","false","{breed social-friends}","0","""default""","""none""","0"
"{citizen 19}","{citizen 4}","[213 0 42 100]","""""","9.9","false","{breed social-friends}","0","""default""","""none""","0"
"{citizen 19}","{citizen 5}","[213 0 42 100]","""""","9.9","false","{breed social-friends}","0","""default""","""none""","0"
"{citizen 19}","{citizen 6}","[213 0 42 100]","""""","9.9","false","{breed social-friends}","0","""default""","""none""","0"
"{citizen 19}","{citizen 7}","[213 0 42 100]","""""","9.9","false","{breed social-friends}","0","""default""","""none""","0"
"{citizen 19}","{citizen 8}","[213 0 42 100]","""""","9.9","false","{breed social-friends}","0","""default""","""none""","0"
"{citizen 19}","{citizen 9}","[213 0 42 100]","""""","9.9","false","{breed social-friends}","0","""default""","""none""","0"
"{citizen 19}","{citizen 10}","[141 141 141 100]","""""","9.9","false","{breed social-friends}","0","""default""","""none""","0"
"{citizen 19}","{citizen 11}","[213 0 42 100]","""""","9.9","false","{breed social-friends}","0","""default""","""none""","0"
"{citizen 19}","{citizen 12}","[141 141 141 100]","""""","9.9","false","{breed social-friends}","0","""default""","""none""","0"
"{citizen 19}","{citizen 13}","[213 0 42 100]","""""","9.9","false","{breed social-friends}","0","""default""","""none""","0"
"{citizen 19}","{citizen 14}","[213 0 42 100]","""""","9.9","false","{breed social-friends}","0","""default""","""none""","0"
"{citizen 19}","{citizen 15}","[213 0 42 100]","""""","9.9","false","{breed social-friends}","0","""default""","""none""","0"
"{citizen 19}","{citizen 16}","[213 0 42 100]","""""","9.9","false","{breed social-friends}","0","""default""","""none""","0"
"{citizen 19}","{citizen 17}","[213 0 42 100]","""""","9.9","false","{breed social-friends}","0","""default""","""none""","0"
"{citizen 19}","{citizen 18}","[213 0 42 100]","""""","9.9","false","{breed social-friends}","0","""default""","""none""","0"
"{citizen 19}","{citizen 20}","[213 0 42 100]","""""","9.9","false","{breed social-friends}","0","""default""","""none""","0"
"{citizen 19}","{citizen 21}","[213 0 42 100]","""""","9.9","false","{breed social-friends}","0","""default""","""none""","0"
"{citizen 19}","{citizen 22}","[213 0 42 100]","""""","9.9","false","{breed social-friends}","0","""default""","""none""","0"
"{citizen 19}","{citizen 23}","[213 0 42 100]","""""","9.9","false","{breed social-friends}","0","""default""","""none""","0"
"{citizen 19}","{citizen 24}","[213 0 42 100]","""""","9.9","false","{breed social-friends}","0","""default""","""none""","0"
"{citizen 19}","{citizen 25}","[213 0 42 100]","""""","9.9","false","{breed social-friends}","0","""default""","""none""","0"
"{citizen 19}","{citizen 26}","[141 141 141 100]","""""","9.9","false","{breed social-friends}","0","""default""","""none""","0"
"{citizen 19}","{citizen 27}","[213 0 42 100]","""""","9.9","false","{breed social-friends}","0","""default""","""none""","0"
"{citizen 19}","{citizen 28}","[213 0 42 100]","""""","9.9","false","{breed social-friends}","0","""default""","""none""","0"
"{citizen 19}","{citizen 29}","[213 0 42 100]","""""","9.9","false","{breed social-friends}","0","""default""","""none""","0"
"{citizen 19}","{citizen 30}","[213 0 42 100]","""""","9.9","false","{breed social-friends}","0","""default""","""none""","0"
"{citizen 19}","{citizen 31}","[213 0 42 100]","""""","9.9","false","{breed social-friends}","0","""default""","""none""","0"
"{citizen 19}","{citizen 32}","[213 0 42 100]","""""","9.9","false","{breed social-friends}","0","""default""","""none""","0"
"{citizen 19}","{citizen 33}","[213 0 42 100]","""""","9.9","false","{breed social-friends}","0","""default""","""none""","0"
"{citizen 19}","{citizen 34}","[213 0 42 100]","""""","9.9","false","{breed social-friends}","0","""default""","""none""","0"
"{citizen 19}","{citizen 35}","[141 141 141 100]","""""","9.9","false","{breed social-friends}","0","""default""","""none""","0"
"{citizen 19}","{citizen 36}","[213 0 42 100]","""""","9.9","false","{breed social-friends}","0","""default""","""none""","0"
"{citizen 19}","{citizen 37}","[213 0 42 100]","""""","9.9","false","{breed social-friends}","0","""default""","""none""","0"
"{citizen 19}","{citizen 38}","[213 0 42 100]","""""","9.9","false","{breed social-friends}","0","""default""","""none""","0"
"{citizen 19}","{citizen 39}","[213 0 42 100]","""""","9.9","false","{breed social-friends}","0","""default""","""none""","0"
"{citizen 19}","{citizen 40}","[213 0 42 100]","""""","9.9","false","{breed social-friends}","0","""default""","""none""","0"
"{citizen 19}","{citizen 41}","[213 0 42 100]","""""","9.9","false","{breed social-friends}","0","""default""","""none""","0"
"{citizen 19}","{citizen 42}","[213 0 42 100]","""""","9.9","false","{breed social-friends}","0","""default""","""none""","0"
"{citizen 19}","{citizen 43}","[213 0 42 100]","""""","9.9","false","{breed social-friends}","0","""default""","""none""","0"
"{citizen 19}","{citizen 44}","[213 0 42 100]","""""","9.9","false","{breed social-friends}","0","""default""","""none""","0"
"{citizen 19}","{citizen 45}","[213 0 42 100]","""""","9.9","false","{breed social-friends}","0","""default""","""none""","0"
"{citizen 19}","{citizen 46}","[213 0 42 100]","""""","9.9","false","{breed social-friends}","0","""default""","""none""","0"
"{citizen 19}","{citizen 47}","[213 0 42 100]","""""","9.9","false","{breed social-friends}","0","""default""","""none""","0"
"{citizen 19}","{citizen 48}","[213 0 42 100]","""""","9.9","false","{breed social-friends}","0","""default""","""none""","0"
"{citizen 19}","{citizen 49}","[213 0 42 100]","""""","9.9","false","{breed social-friends}","0","""default""","""none""","0"
"{citizen 20}","{citizen 0}","[213 0 42 100]","""""","9.9","false","{breed social-friends}","0","""default""","""none""","0"
"{citizen 20}","{citizen 1}","[213 0 42 100]","""""","9.9","false","{breed social-friends}","0","""default""","""none""","0"
"{citizen 20}","{citizen 2}","[213 0 42 100]","""""","9.9","false","{breed social-friends}","0","""default""","""none""","0"
"{citizen 20}","{citizen 3}","[213 0 42 100]","""""","9.9","false","{breed social-friends}","0","""default""","""none""","0"
"{citizen 20}","{citizen 4}","[213 0 42 100]","""""","9.9","false","{breed social-friends}","0","""default""","""none""","0"
"{citizen 20}","{citizen 5}","[213 0 42 100]","""""","9.9","false","{breed social-friends}","0","""default""","""none""","0"
"{citizen 20}","{citizen 6}","[213 0 42 100]","""""","9.9","false","{breed social-friends}","0","""default""","""none""","0"
"{citizen 20}","{citizen 7}","[213 0 42 100]","""""","9.9","false","{breed social-friends}","0","""default""","""none""","0"
"{citizen 20}","{citizen 8}","[213 0 42 100]","""""","9.9","false","{breed social-friends}","0","""default""","""none""","0"
"{citizen 20}","{citizen 9}","[213 0 42 100]","""""","9.9","false","{breed social-friends}","0","""default""","""none""","0"
"{citizen 20}","{citizen 10}","[141 141 141 100]","""""","9.9","false","{breed social-friends}","0","""default""","""none""","0"
"{citizen 20}","{citizen 11}","[213 0 42 100]","""""","9.9","false","{breed social-friends}","0","""default""","""none""","0"
"{citizen 20}","{citizen 12}","[141 141 141 100]","""""","9.9","false","{breed social-friends}","0","""default""","""none""","0"
"{citizen 20}","{citizen 13}","[213 0 42 100]","""""","9.9","false","{breed social-friends}","0","""default""","""none""","0"
"{citizen 20}","{citizen 14}","[213 0 42 100]","""""","9.9","false","{breed social-friends}","0","""default""","""none""","0"
"{citizen 20}","{citizen 15}","[213 0 42 100]","""""","9.9","false","{breed social-friends}","0","""default""","""none""","0"
"{citizen 20}","{citizen 16}","[213 0 42 100]","""""","9.9","false","{breed social-friends}","0","""default""","""none""","0"
"{citizen 20}","{citizen 17}","[213 0 42 100]","""""","9.9","false","{breed social-friends}","0","""default""","""none""","0"
"{citizen 20}","{citizen 18}","[213 0 42 100]","""""","9.9","false","{breed social-friends}","0","""default""","""none""","0"
"{citizen 20}","{citizen 19}","[213 0 42 100]","""""","9.9","false","{breed social-friends}","0","""default""","""none""","0"
"{citizen 20}","{citizen 21}","[213 0 42 100]","""""","9.9","false","{breed social-friends}","0","""default""","""none""","0"
"{citizen 20}","{citizen 22}","[213 0 42 100]","""""","9.9","false","{breed social-friends}","0","""default""","""none""","0"
"{citizen 20}","{citizen 23}","[213 0 42 100]","""""","9.9","false","{breed social-friends}","0","""default""","""none""","0"
"{citizen 20}","{citizen 24}","[213 0 42 100]","""""","9.9","false","{breed social-friends}","0","""default""","""none""","0"
"{citizen 20}","{citizen 25}","[213 0 42 100]","""""","9.9","false","{breed social-friends}","0","""default""","""none""","0"
"{citizen 20}","{citizen 26}","[141 141 141 100]","""""","9.9","false","{breed social-friends}","0","""default""","""none""","0"
"{citizen 20}","{citizen 27}","[213 0 42 100]","""""","9.9","false","{breed social-friends}","0","""default""","""none""","0"
"{citizen 20}","{citizen 28}","[213 0 42 100]","""""","9.9","false","{breed social-friends}","0","""default""","""none""","0"
"{citizen 20}","{citizen 29}","[213 0 42 100]","""""","9.9","false","{breed social-friends}","0","""default""","""none""","0"
"{citizen 20}","{citizen 30}","[213 0 42 100]","""""","9.9","false","{breed social-friends}","0","""default""","""none""","0"
"{citizen 20}","{citizen 31}","[213 0 42 100]","""""","9.9","false","{breed social-friends}","0","""default""","""none""","0"
"{citizen 20}","{citizen 32}","[213 0 42 100]","""""","9.9","false","{breed social-friends}","0","""default""","""none""","0"
"{citizen 20}","{citizen 33}","[213 0 42 100]","""""","9.9","false","{breed social-friends}","0","""default""","""none""","0"
"{citizen 20}","{citizen 34}","[213 0 42 100]","""""","9.9","false","{breed social-friends}","0","""default""","""none""","0"
"{citizen 20}","{citizen 35}","[141 141 141 100]","""""","9.9","false","{breed social-friends}","0","""default""","""none""","0"
"{citizen 20}","{citizen 36}","[213 0 42 100]","""""","9.9","false","{breed social-friends}","0","""default""","""none""","0"
"{citizen 20}","{citizen 37}","[213 0 42 100]","""""","9.9","false","{breed social-friends}","0","""default""","""none""","0"
"{citizen 20}","{citizen 38}","[213 0 42 100]","""""","9.9","false","{breed social-friends}","0","""default""","""none""","0"
"{citizen 20}","{citizen 39}","[213 0 42 100]","""""","9.9","false","{breed social-friends}","0","""default""","""none""","0"
"{citizen 20}","{citizen 40}","[213 0 42 100]","""""","9.9","false","{breed social-friends}","0","""default""","""none""","0"
"{citizen 20}","{citizen 41}","[213 0 42 100]","""""","9.9","false","{breed social-friends}","0","""default""","""none""","0"
"{citizen 20}","{citizen 42}","[213 0 42 100]","""""","9.9","false","{breed social-friends}","0","""default""","""none""","0"
"{citizen 20}","{citizen 43}","[213 0 42 100]","""""","9.9","false","{breed social-friends}","0","""default""","""none""","0"
"{citizen 20}","{citizen 44}","[213 0 42 100]","""""","9.9","false","{breed social-friends}","0","""default""","""none""","0"
"{citizen 20}","{citizen 45}","[213 0 42 100]","""""","9.9","false","{breed social-friends}","0","""default""","""none""","0"
"{citizen 20}","{citizen 46}","[213 0 42 100]","""""","9.9","false","{breed social-friends}","0","""default""","""none""","0"
"{citizen 20}","{citizen 47}","[213 0 42 100]","""""","9.9","false","{breed social-friends}","0","""default""","""none""","0"
"{citizen 20}","{citizen 48}","[213 0 42 100]","""""","9.9","false","{breed social-friends}","0","""default""","""none""","0"
"{citizen 20}","{citizen 49}","[213 0 42 100]","""""","9.9","false","{breed social-friends}","0","""default""","""none""","0"
"{citizen 21}","{citizen 0}","[213 0 42 100]","""""","9.9","false","{breed social-friends}","0","""default""","""none""","0"
"{citizen 21}","{citizen 1}","[213 0 42 100]","""""","9.9","false","{breed social-friends}","0","""default""","""none""","0"
"{citizen 21}","{citizen 2}","[213 0 42 100]","""""","9.9","false","{breed social-friends}","0","""default""","""none""","0"
"{citizen 21}","{citizen 3}","[213 0 42 100]","""""","9.9","false","{breed social-friends}","0","""default""","""none""","0"
"{citizen 21}","{citizen 4}","[213 0 42 100]","""""","9.9","false","{breed social-friends}","0","""default""","""none""","0"
"{citizen 21}","{citizen 5}","[213 0 42 100]","""""","9.9","false","{breed social-friends}","0","""default""","""none""","0"
"{citizen 21}","{citizen 6}","[213 0 42 100]","""""","9.9","false","{breed social-friends}","0","""default""","""none""","0"
"{citizen 21}","{citizen 7}","[213 0 42 100]","""""","9.9","false","{breed social-friends}","0","""default""","""none""","0"
"{citizen 21}","{citizen 8}","[213 0 42 100]","""""","9.9","false","{breed social-friends}","0","""default""","""none""","0"
"{citizen 21}","{citizen 9}","[213 0 42 100]","""""","9.9","false","{breed social-friends}","0","""default""","""none""","0"
"{citizen 21}","{citizen 10}","[141 141 141 100]","""""","9.9","false","{breed social-friends}","0","""default""","""none""","0"
"{citizen 21}","{citizen 11}","[213 0 42 100]","""""","9.9","false","{breed social-friends}","0","""default""","""none""","0"
"{citizen 21}","{citizen 12}","[141 141 141 100]","""""","9.9","false","{breed social-friends}","0","""default""","""none""","0"
"{citizen 21}","{citizen 13}","[213 0 42 100]","""""","9.9","false","{breed social-friends}","0","""default""","""none""","0"
"{citizen 21}","{citizen 14}","[213 0 42 100]","""""","9.9","false","{breed social-friends}","0","""default""","""none""","0"
"{citizen 21}","{citizen 15}","[213 0 42 100]","""""","9.9","false","{breed social-friends}","0","""default""","""none""","0"
"{citizen 21}","{citizen 16}","[213 0 42 100]","""""","9.9","false","{breed social-friends}","0","""default""","""none""","0"
"{citizen 21}","{citizen 17}","[213 0 42 100]","""""","9.9","false","{breed social-friends}","0","""default""","""none""","0"
"{citizen 21}","{citizen 18}","[213 0 42 100]","""""","9.9","false","{breed social-friends}","0","""default""","""none""","0"
"{citizen 21}","{citizen 19}","[213 0 42 100]","""""","9.9","false","{breed social-friends}","0","""default""","""none""","0"
"{citizen 21}","{citizen 20}","[213 0 42 100]","""""","9.9","false","{breed social-friends}","0","""default""","""none""","0"
"{citizen 21}","{citizen 22}","[213 0 42 100]","""""","9.9","false","{breed social-friends}","0","""default""","""none""","0"
"{citizen 21}","{citizen 23}","[213 0 42 100]","""""","9.9","false","{breed social-friends}","0","""default""","""none""","0"
"{citizen 21}","{citizen 24}","[213 0 42 100]","""""","9.9","false","{breed social-friends}","0","""default""","""none""","0"
"{citizen 21}","{citizen 25}","[213 0 42 100]","""""","9.9","false","{breed social-friends}","0","""default""","""none""","0"
"{citizen 21}","{citizen 26}","[141 141 141 100]","""""","9.9","false","{breed social-friends}","0","""default""","""none""","0"
"{citizen 21}","{citizen 27}","[213 0 42 100]","""""","9.9","false","{breed social-friends}","0","""default""","""none""","0"
"{citizen 21}","{citizen 28}","[213 0 42 100]","""""","9.9","false","{breed social-friends}","0","""default""","""none""","0"
"{citizen 21}","{citizen 29}","[213 0 42 100]","""""","9.9","false","{breed social-friends}","0","""default""","""none""","0"
"{citizen 21}","{citizen 30}","[213 0 42 100]","""""","9.9","false","{breed social-friends}","0","""default""","""none""","0"
"{citizen 21}","{citizen 31}","[213 0 42 100]","""""","9.9","false","{breed social-friends}","0","""default""","""none""","0"
"{citizen 21}","{citizen 32}","[213 0 42 100]","""""","9.9","false","{breed social-friends}","0","""default""","""none""","0"
"{citizen 21}","{citizen 33}","[213 0 42 100]","""""","9.9","false","{breed social-friends}","0","""default""","""none""","0"
"{citizen 21}","{citizen 34}","[213 0 42 100]","""""","9.9","false","{breed social-friends}","0","""default""","""none""","0"
"{citizen 21}","{citizen 35}","[141 141 141 100]","""""","9.9","false","{breed social-friends}","0","""default""","""none""","0"
"{citizen 21}","{citizen 36}","[213 0 42 100]","""""","9.9","false","{breed social-friends}","0","""default""","""none""","0"
"{citizen 21}","{citizen 37}","[213 0 42 100]","""""","9.9","false","{breed social-friends}","0","""default""","""none""","0"
"{citizen 21}","{citizen 38}","[213 0 42 100]","""""","9.9","false","{breed social-friends}","0","""default""","""none""","0"
"{citizen 21}","{citizen 39}","[213 0 42 100]","""""","9.9","false","{breed social-friends}","0","""default""","""none""","0"
"{citizen 21}","{citizen 40}","[213 0 42 100]","""""","9.9","false","{breed social-friends}","0","""default""","""none""","0"
"{citizen 21}","{citizen 41}","[213 0 42 100]","""""","9.9","false","{breed social-friends}","0","""default""","""none""","0"
"{citizen 21}","{citizen 42}","[213 0 42 100]","""""","9.9","false","{breed social-friends}","0","""default""","""none""","0"
"{citizen 21}","{citizen 43}","[213 0 42 100]","""""","9.9","false","{breed social-friends}","0","""default""","""none""","0"
"{citizen 21}","{citizen 44}","[213 0 42 100]","""""","9.9","false","{breed social-friends}","0","""default""","""none""","0"
"{citizen 21}","{citizen 45}","[213 0 42 100]","""""","9.9","false","{breed social-friends}","0","""default""","""none""","0"
"{citizen 21}","{citizen 46}","[213 0 42 100]","""""","9.9","false","{breed social-friends}","0","""default""","""none""","0"
"{citizen 21}","{citizen 47}","[213 0 42 100]","""""","9.9","false","{breed social-friends}","0","""default""","""none""","0"
"{citizen 21}","{citizen 48}","[213 0 42 100]","""""","9.9","false","{breed social-friends}","0","""default""","""none""","0"
"{citizen 21}","{citizen 49}","[213 0 42 100]","""""","9.9","false","{breed social-friends}","0","""default""","""none""","0"
"{citizen 22}","{citizen 0}","[213 0 42 100]","""""","9.9","false","{breed social-friends}","0","""default""","""none""","0"
"{citizen 22}","{citizen 1}","[213 0 42 100]","""""","9.9","false","{breed social-friends}","0","""default""","""none""","0"
"{citizen 22}","{citizen 2}","[213 0 42 100]","""""","9.9","false","{breed social-friends}","0","""default""","""none""","0"
"{citizen 22}","{citizen 3}","[213 0 42 100]","""""","9.9","false","{breed social-friends}","0","""default""","""none""","0"
"{citizen 22}","{citizen 4}","[213 0 42 100]","""""","9.9","false","{breed social-friends}","0","""default""","""none""","0"
"{citizen 22}","{citizen 5}","[213 0 42 100]","""""","9.9","false","{breed social-friends}","0","""default""","""none""","0"
"{citizen 22}","{citizen 6}","[213 0 42 100]","""""","9.9","false","{breed social-friends}","0","""default""","""none""","0"
"{citizen 22}","{citizen 7}","[213 0 42 100]","""""","9.9","false","{breed social-friends}","0","""default""","""none""","0"
"{citizen 22}","{citizen 8}","[213 0 42 100]","""""","9.9","false","{breed social-friends}","0","""default""","""none""","0"
"{citizen 22}","{citizen 9}","[213 0 42 100]","""""","9.9","false","{breed social-friends}","0","""default""","""none""","0"
"{citizen 22}","{citizen 10}","[141 141 141 100]","""""","9.9","false","{breed social-friends}","0","""default""","""none""","0"
"{citizen 22}","{citizen 11}","[213 0 42 100]","""""","9.9","false","{breed social-friends}","0","""default""","""none""","0"
"{citizen 22}","{citizen 12}","[141 141 141 100]","""""","9.9","false","{breed social-friends}","0","""default""","""none""","0"
"{citizen 22}","{citizen 13}","[213 0 42 100]","""""","9.9","false","{breed social-friends}","0","""default""","""none""","0"
"{citizen 22}","{citizen 14}","[213 0 42 100]","""""","9.9","false","{breed social-friends}","0","""default""","""none""","0"
"{citizen 22}","{citizen 15}","[213 0 42 100]","""""","9.9","false","{breed social-friends}","0","""default""","""none""","0"
"{citizen 22}","{citizen 16}","[213 0 42 100]","""""","9.9","false","{breed social-friends}","0","""default""","""none""","0"
"{citizen 22}","{citizen 17}","[213 0 42 100]","""""","9.9","false","{breed social-friends}","0","""default""","""none""","0"
"{citizen 22}","{citizen 18}","[213 0 42 100]","""""","9.9","false","{breed social-friends}","0","""default""","""none""","0"
"{citizen 22}","{citizen 19}","[213 0 42 100]","""""","9.9","false","{breed social-friends}","0","""default""","""none""","0"
"{citizen 22}","{citizen 20}","[213 0 42 100]","""""","9.9","false","{breed social-friends}","0","""default""","""none""","0"
"{citizen 22}","{citizen 21}","[213 0 42 100]","""""","9.9","false","{breed social-friends}","0","""default""","""none""","0"
"{citizen 22}","{citizen 23}","[213 0 42 100]","""""","9.9","false","{breed social-friends}","0","""default""","""none""","0"
"{citizen 22}","{citizen 24}","[213 0 42 100]","""""","9.9","false","{breed social-friends}","0","""default""","""none""","0"
"{citizen 22}","{citizen 25}","[213 0 42 100]","""""","9.9","false","{breed social-friends}","0","""default""","""none""","0"
"{citizen 22}","{citizen 26}","[141 141 141 100]","""""","9.9","false","{breed social-friends}","0","""default""","""none""","0"
"{citizen 22}","{citizen 27}","[213 0 42 100]","""""","9.9","false","{breed social-friends}","0","""default""","""none""","0"
"{citizen 22}","{citizen 28}","[213 0 42 100]","""""","9.9","false","{breed social-friends}","0","""default""","""none""","0"
"{citizen 22}","{citizen 29}","[213 0 42 100]","""""","9.9","false","{breed social-friends}","0","""default""","""none""","0"
"{citizen 22}","{citizen 30}","[213 0 42 100]","""""","9.9","false","{breed social-friends}","0","""default""","""none""","0"
"{citizen 22}","{citizen 31}","[213 0 42 100]","""""","9.9","false","{breed social-friends}","0","""default""","""none""","0"
"{citizen 22}","{citizen 32}","[213 0 42 100]","""""","9.9","false","{breed social-friends}","0","""default""","""none""","0"
"{citizen 22}","{citizen 33}","[213 0 42 100]","""""","9.9","false","{breed social-friends}","0","""default""","""none""","0"
"{citizen 22}","{citizen 34}","[213 0 42 100]","""""","9.9","false","{breed social-friends}","0","""default""","""none""","0"
"{citizen 22}","{citizen 35}","[141 141 141 100]","""""","9.9","false","{breed social-friends}","0","""default""","""none""","0"
"{citizen 22}","{citizen 36}","[213 0 42 100]","""""","9.9","false","{breed social-friends}","0","""default""","""none""","0"
"{citizen 22}","{citizen 37}","[213 0 42 100]","""""","9.9","false","{breed social-friends}","0","""default""","""none""","0"
"{citizen 22}","{citizen 38}","[213 0 42 100]","""""","9.9","false","{breed social-friends}","0","""default""","""none""","0"
"{citizen 22}","{citizen 39}","[213 0 42 100]","""""","9.9","false","{breed social-friends}","0","""default""","""none""","0"
"{citizen 22}","{citizen 40}","[213 0 42 100]","""""","9.9","false","{breed social-friends}","0","""default""","""none""","0"
"{citizen 22}","{citizen 41}","[213 0 42 100]","""""","9.9","false","{breed social-friends}","0","""default""","""none""","0"
"{citizen 22}","{citizen 42}","[213 0 42 100]","""""","9.9","false","{breed social-friends}","0","""default""","""none""","0"
"{citizen 22}","{citizen 43}","[213 0 42 100]","""""","9.9","false","{breed social-friends}","0","""default""","""none""","0"
"{citizen 22}","{citizen 44}","[213 0 42 100]","""""","9.9","false","{breed social-friends}","0","""default""","""none""","0"
"{citizen 22}","{citizen 45}","[213 0 42 100]","""""","9.9","false","{breed social-friends}","0","""default""","""none""","0"
"{citizen 22}","{citizen 46}","[213 0 42 100]","""""","9.9","false","{breed social-friends}","0","""default""","""none""","0"
"{citizen 22}","{citizen 47}","[213 0 42 100]","""""","9.9","false","{breed social-friends}","0","""default""","""none""","0"
"{citizen 22}","{citizen 48}","[213 0 42 100]","""""","9.9","false","{breed social-friends}","0","""default""","""none""","0"
"{citizen 22}","{citizen 49}","[213 0 42 100]","""""","9.9","false","{breed social-friends}","0","""default""","""none""","0"
"{citizen 23}","{citizen 0}","[213 0 42 100]","""""","9.9","false","{breed social-friends}","0","""default""","""none""","0"
"{citizen 23}","{citizen 1}","[213 0 42 100]","""""","9.9","false","{breed social-friends}","0","""default""","""none""","0"
"{citizen 23}","{citizen 2}","[213 0 42 100]","""""","9.9","false","{breed social-friends}","0","""default""","""none""","0"
"{citizen 23}","{citizen 3}","[213 0 42 100]","""""","9.9","false","{breed social-friends}","0","""default""","""none""","0"
"{citizen 23}","{citizen 4}","[213 0 42 100]","""""","9.9","false","{breed social-friends}","0","""default""","""none""","0"
"{citizen 23}","{citizen 5}","[213 0 42 100]","""""","9.9","false","{breed social-friends}","0","""default""","""none""","0"
"{citizen 23}","{citizen 6}","[213 0 42 100]","""""","9.9","false","{breed social-friends}","0","""default""","""none""","0"
"{citizen 23}","{citizen 7}","[213 0 42 100]","""""","9.9","false","{breed social-friends}","0","""default""","""none""","0"
"{citizen 23}","{citizen 8}","[213 0 42 100]","""""","9.9","false","{breed social-friends}","0","""default""","""none""","0"
"{citizen 23}","{citizen 9}","[213 0 42 100]","""""","9.9","false","{breed social-friends}","0","""default""","""none""","0"
"{citizen 23}","{citizen 10}","[141 141 141 100]","""""","9.9","false","{breed social-friends}","0","""default""","""none""","0"
"{citizen 23}","{citizen 11}","[213 0 42 100]","""""","9.9","false","{breed social-friends}","0","""default""","""none""","0"
"{citizen 23}","{citizen 12}","[141 141 141 100]","""""","9.9","false","{breed social-friends}","0","""default""","""none""","0"
"{citizen 23}","{citizen 13}","[213 0 42 100]","""""","9.9","false","{breed social-friends}","0","""default""","""none""","0"
"{citizen 23}","{citizen 14}","[213 0 42 100]","""""","9.9","false","{breed social-friends}","0","""default""","""none""","0"
"{citizen 23}","{citizen 15}","[213 0 42 100]","""""","9.9","false","{breed social-friends}","0","""default""","""none""","0"
"{citizen 23}","{citizen 16}","[213 0 42 100]","""""","9.9","false","{breed social-friends}","0","""default""","""none""","0"
"{citizen 23}","{citizen 17}","[213 0 42 100]","""""","9.9","false","{breed social-friends}","0","""default""","""none""","0"
"{citizen 23}","{citizen 18}","[213 0 42 100]","""""","9.9","false","{breed social-friends}","0","""default""","""none""","0"
"{citizen 23}","{citizen 19}","[213 0 42 100]","""""","9.9","false","{breed social-friends}","0","""default""","""none""","0"
"{citizen 23}","{citizen 20}","[213 0 42 100]","""""","9.9","false","{breed social-friends}","0","""default""","""none""","0"
"{citizen 23}","{citizen 21}","[213 0 42 100]","""""","9.9","false","{breed social-friends}","0","""default""","""none""","0"
"{citizen 23}","{citizen 22}","[213 0 42 100]","""""","9.9","false","{breed social-friends}","0","""default""","""none""","0"
"{citizen 23}","{citizen 24}","[213 0 42 100]","""""","9.9","false","{breed social-friends}","0","""default""","""none""","0"
"{citizen 23}","{citizen 25}","[213 0 42 100]","""""","9.9","false","{breed social-friends}","0","""default""","""none""","0"
"{citizen 23}","{citizen 26}","[141 141 141 100]","""""","9.9","false","{breed social-friends}","0","""default""","""none""","0"
"{citizen 23}","{citizen 27}","[213 0 42 100]","""""","9.9","false","{breed social-friends}","0","""default""","""none""","0"
"{citizen 23}","{citizen 28}","[213 0 42 100]","""""","9.9","false","{breed social-friends}","0","""default""","""none""","0"
"{citizen 23}","{citizen 29}","[213 0 42 100]","""""","9.9","false","{breed social-friends}","0","""default""","""none""","0"
"{citizen 23}","{citizen 30}","[213 0 42 100]","""""","9.9","false","{breed social-friends}","0","""default""","""none""","0"
"{citizen 23}","{citizen 31}","[213 0 42 100]","""""","9.9","false","{breed social-friends}","0","""default""","""none""","0"
"{citizen 23}","{citizen 32}","[213 0 42 100]","""""","9.9","false","{breed social-friends}","0","""default""","""none""","0"
"{citizen 23}","{citizen 33}","[213 0 42 100]","""""","9.9","false","{breed social-friends}","0","""default""","""none""","0"
"{citizen 23}","{citizen 34}","[213 0 42 100]","""""","9.9","false","{breed social-friends}","0","""default""","""none""","0"
"{citizen 23}","{citizen 35}","[141 141 141 100]","""""","9.9","false","{breed social-friends}","0","""default""","""none""","0"
"{citizen 23}","{citizen 36}","[213 0 42 100]","""""","9.9","false","{breed social-friends}","0","""default""","""none""","0"
"{citizen 23}","{citizen 37}","[213 0 42 100]","""""","9.9","false","{breed social-friends}","0","""default""","""none""","0"
"{citizen 23}","{citizen 38}","[213 0 42 100]","""""","9.9","false","{breed social-friends}","0","""default""","""none""","0"
"{citizen 23}","{citizen 39}","[213 0 42 100]","""""","9.9","false","{breed social-friends}","0","""default""","""none""","0"
"{citizen 23}","{citizen 40}","[213 0 42 100]","""""","9.9","false","{breed social-friends}","0","""default""","""none""","0"
"{citizen 23}","{citizen 41}","[213 0 42 100]","""""","9.9","false","{breed social-friends}","0","""default""","""none""","0"
"{citizen 23}","{citizen 42}","[213 0 42 100]","""""","9.9","false","{breed social-friends}","0","""default""","""none""","0"
"{citizen 23}","{citizen 43}","[213 0 42 100]","""""","9.9","false","{breed social-friends}","0","""default""","""none""","0"
"{citizen 23}","{citizen 44}","[213 0 42 100]","""""","9.9","false","{breed social-friends}","0","""default""","""none""","0"
"{citizen 23}","{citizen 45}","[213 0 42 100]","""""","9.9","false","{breed social-friends}","0","""default""","""none""","0"
"{citizen 23}","{citizen 46}","[213 0 42 100]","""""","9.9","false","{breed social-friends}","0","""default""","""none""","0"
"{citizen 23}","{citizen 47}","[213 0 42 100]","""""","9.9","false","{breed social-friends}","0","""default""","""none""","0"
"{citizen 23}","{citizen 48}","[213 0 42 100]","""""","9.9","false","{breed social-friends}","0","""default""","""none""","0"
"{citizen 23}","{citizen 49}","[213 0 42 100]","""""","9.9","false","{breed social-friends}","0","""default""","""none""","0"
"{citizen 24}","{citizen 0}","[213 0 42 100]","""""","9.9","false","{breed social-friends}","0","""default""","""none""","0"
"{citizen 24}","{citizen 1}","[213 0 42 100]","""""","9.9","false","{breed social-friends}","0","""default""","""none""","0"
"{citizen 24}","{citizen 2}","[213 0 42 100]","""""","9.9","false","{breed social-friends}","0","""default""","""none""","0"
"{citizen 24}","{citizen 3}","[213 0 42 100]","""""","9.9","false","{breed social-friends}","0","""default""","""none""","0"
"{citizen 24}","{citizen 4}","[213 0 42 100]","""""","9.9","false","{breed social-friends}","0","""default""","""none""","0"
"{citizen 24}","{citizen 5}","[213 0 42 100]","""""","9.9","false","{breed social-friends}","0","""default""","""none""","0"
"{citizen 24}","{citizen 6}","[213 0 42 100]","""""","9.9","false","{breed social-friends}","0","""default""","""none""","0"
"{citizen 24}","{citizen 7}","[213 0 42 100]","""""","9.9","false","{breed social-friends}","0","""default""","""none""","0"
"{citizen 24}","{citizen 8}","[213 0 42 100]","""""","9.9","false","{breed social-friends}","0","""default""","""none""","0"
"{citizen 24}","{citizen 9}","[213 0 42 100]","""""","9.9","false","{breed social-friends}","0","""default""","""none""","0"
"{citizen 24}","{citizen 10}","[141 141 141 100]","""""","9.9","false","{breed social-friends}","0","""default""","""none""","0"
"{citizen 24}","{citizen 11}","[213 0 42 100]","""""","9.9","false","{breed social-friends}","0","""default""","""none""","0"
"{citizen 24}","{citizen 12}","[141 141 141 100]","""""","9.9","false","{breed social-friends}","0","""default""","""none""","0"
"{citizen 24}","{citizen 13}","[213 0 42 100]","""""","9.9","false","{breed social-friends}","0","""default""","""none""","0"
"{citizen 24}","{citizen 14}","[213 0 42 100]","""""","9.9","false","{breed social-friends}","0","""default""","""none""","0"
"{citizen 24}","{citizen 15}","[213 0 42 100]","""""","9.9","false","{breed social-friends}","0","""default""","""none""","0"
"{citizen 24}","{citizen 16}","[213 0 42 100]","""""","9.9","false","{breed social-friends}","0","""default""","""none""","0"
"{citizen 24}","{citizen 17}","[213 0 42 100]","""""","9.9","false","{breed social-friends}","0","""default""","""none""","0"
"{citizen 24}","{citizen 18}","[213 0 42 100]","""""","9.9","false","{breed social-friends}","0","""default""","""none""","0"
"{citizen 24}","{citizen 19}","[213 0 42 100]","""""","9.9","false","{breed social-friends}","0","""default""","""none""","0"
"{citizen 24}","{citizen 20}","[213 0 42 100]","""""","9.9","false","{breed social-friends}","0","""default""","""none""","0"
"{citizen 24}","{citizen 21}","[213 0 42 100]","""""","9.9","false","{breed social-friends}","0","""default""","""none""","0"
"{citizen 24}","{citizen 22}","[213 0 42 100]","""""","9.9","false","{breed social-friends}","0","""default""","""none""","0"
"{citizen 24}","{citizen 23}","[213 0 42 100]","""""","9.9","false","{breed social-friends}","0","""default""","""none""","0"
"{citizen 24}","{citizen 25}","[213 0 42 100]","""""","9.9","false","{breed social-friends}","0","""default""","""none""","0"
"{citizen 24}","{citizen 26}","[141 141 141 100]","""""","9.9","false","{breed social-friends}","0","""default""","""none""","0"
"{citizen 24}","{citizen 27}","[213 0 42 100]","""""","9.9","false","{breed social-friends}","0","""default""","""none""","0"
"{citizen 24}","{citizen 28}","[213 0 42 100]","""""","9.9","false","{breed social-friends}","0","""default""","""none""","0"
"{citizen 24}","{citizen 29}","[213 0 42 100]","""""","9.9","false","{breed social-friends}","0","""default""","""none""","0"
"{citizen 24}","{citizen 30}","[213 0 42 100]","""""","9.9","false","{breed social-friends}","0","""default""","""none""","0"
"{citizen 24}","{citizen 31}","[213 0 42 100]","""""","9.9","false","{breed social-friends}","0","""default""","""none""","0"
"{citizen 24}","{citizen 32}","[213 0 42 100]","""""","9.9","false","{breed social-friends}","0","""default""","""none""","0"
"{citizen 24}","{citizen 33}","[213 0 42 100]","""""","9.9","false","{breed social-friends}","0","""default""","""none""","0"
"{citizen 24}","{citizen 34}","[213 0 42 100]","""""","9.9","false","{breed social-friends}","0","""default""","""none""","0"
"{citizen 24}","{citizen 35}","[141 141 141 100]","""""","9.9","false","{breed social-friends}","0","""default""","""none""","0"
"{citizen 24}","{citizen 36}","[213 0 42 100]","""""","9.9","false","{breed social-friends}","0","""default""","""none""","0"
"{citizen 24}","{citizen 37}","[213 0 42 100]","""""","9.9","false","{breed social-friends}","0","""default""","""none""","0"
"{citizen 24}","{citizen 38}","[213 0 42 100]","""""","9.9","false","{breed social-friends}","0","""default""","""none""","0"
"{citizen 24}","{citizen 39}","[213 0 42 100]","""""","9.9","false","{breed social-friends}","0","""default""","""none""","0"
"{citizen 24}","{citizen 40}","[213 0 42 100]","""""","9.9","false","{breed social-friends}","0","""default""","""none""","0"
"{citizen 24}","{citizen 41}","[213 0 42 100]","""""","9.9","false","{breed social-friends}","0","""default""","""none""","0"
"{citizen 24}","{citizen 42}","[213 0 42 100]","""""","9.9","false","{breed social-friends}","0","""default""","""none""","0"
"{citizen 24}","{citizen 43}","[213 0 42 100]","""""","9.9","false","{breed social-friends}","0","""default""","""none""","0"
"{citizen 24}","{citizen 44}","[213 0 42 100]","""""","9.9","false","{breed social-friends}","0","""default""","""none""","0"
"{citizen 24}","{citizen 45}","[213 0 42 100]","""""","9.9","false","{breed social-friends}","0","""default""","""none""","0"
"{citizen 24}","{citizen 46}","[213 0 42 100]","""""","9.9","false","{breed social-friends}","0","""default""","""none""","0"
"{citizen 24}","{citizen 47}","[213 0 42 100]","""""","9.9","false","{breed social-friends}","0","""default""","""none""","0"
"{citizen 24}","{citizen 48}","[213 0 42 100]","""""","9.9","false","{breed social-friends}","0","""default""","""none""","0"
"{citizen 24}","{citizen 49}","[213 0 42 100]","""""","9.9","false","{breed social-friends}","0","""default""","""none""","0"
"{citizen 25}","{citizen 0}","[213 0 42 100]","""""","9.9","false","{breed social-friends}","0","""default""","""none""","0"
"{citizen 25}","{citizen 1}","[213 0 42 100]","""""","9.9","false","{breed social-friends}","0","""default""","""none""","0"
"{citizen 25}","{citizen 2}","[213 0 42 100]","""""","9.9","false","{breed social-friends}","0","""default""","""none""","0"
"{citizen 25}","{citizen 3}","[213 0 42 100]","""""","9.9","false","{breed social-friends}","0","""default""","""none""","0"
"{citizen 25}","{citizen 4}","[213 0 42 100]","""""","9.9","false","{breed social-friends}","0","""default""","""none""","0"
"{citizen 25}","{citizen 5}","[213 0 42 100]","""""","9.9","false","{breed social-friends}","0","""default""","""none""","0"
"{citizen 25}","{citizen 6}","[213 0 42 100]","""""","9.9","false","{breed social-friends}","0","""default""","""none""","0"
"{citizen 25}","{citizen 7}","[213 0 42 100]","""""","9.9","false","{breed social-friends}","0","""default""","""none""","0"
"{citizen 25}","{citizen 8}","[213 0 42 100]","""""","9.9","false","{breed social-friends}","0","""default""","""none""","0"
"{citizen 25}","{citizen 9}","[213 0 42 100]","""""","9.9","false","{breed social-friends}","0","""default""","""none""","0"
"{citizen 25}","{citizen 10}","[141 141 141 100]","""""","9.9","false","{breed social-friends}","0","""default""","""none""","0"
"{citizen 25}","{citizen 11}","[213 0 42 100]","""""","9.9","false","{breed social-friends}","0","""default""","""none""","0"
"{citizen 25}","{citizen 12}","[141 141 141 100]","""""","9.9","false","{breed social-friends}","0","""default""","""none""","0"
"{citizen 25}","{citizen 13}","[213 0 42 100]","""""","9.9","false","{breed social-friends}","0","""default""","""none""","0"
"{citizen 25}","{citizen 14}","[213 0 42 100]","""""","9.9","false","{breed social-friends}","0","""default""","""none""","0"
"{citizen 25}","{citizen 15}","[213 0 42 100]","""""","9.9","false","{breed social-friends}","0","""default""","""none""","0"
"{citizen 25}","{citizen 16}","[213 0 42 100]","""""","9.9","false","{breed social-friends}","0","""default""","""none""","0"
"{citizen 25}","{citizen 17}","[213 0 42 100]","""""","9.9","false","{breed social-friends}","0","""default""","""none""","0"
"{citizen 25}","{citizen 18}","[213 0 42 100]","""""","9.9","false","{breed social-friends}","0","""default""","""none""","0"
"{citizen 25}","{citizen 19}","[213 0 42 100]","""""","9.9","false","{breed social-friends}","0","""default""","""none""","0"
"{citizen 25}","{citizen 20}","[213 0 42 100]","""""","9.9","false","{breed social-friends}","0","""default""","""none""","0"
"{citizen 25}","{citizen 21}","[213 0 42 100]","""""","9.9","false","{breed social-friends}","0","""default""","""none""","0"
"{citizen 25}","{citizen 22}","[213 0 42 100]","""""","9.9","false","{breed social-friends}","0","""default""","""none""","0"
"{citizen 25}","{citizen 23}","[213 0 42 100]","""""","9.9","false","{breed social-friends}","0","""default""","""none""","0"
"{citizen 25}","{citizen 24}","[213 0 42 100]","""""","9.9","false","{breed social-friends}","0","""default""","""none""","0"
"{citizen 25}","{citizen 26}","[141 141 141 100]","""""","9.9","false","{breed social-friends}","0","""default""","""none""","0"
"{citizen 25}","{citizen 27}","[213 0 42 100]","""""","9.9","false","{breed social-friends}","0","""default""","""none""","0"
"{citizen 25}","{citizen 28}","[213 0 42 100]","""""","9.9","false","{breed social-friends}","0","""default""","""none""","0"
"{citizen 25}","{citizen 29}","[213 0 42 100]","""""","9.9","false","{breed social-friends}","0","""default""","""none""","0"
"{citizen 25}","{citizen 30}","[213 0 42 100]","""""","9.9","false","{breed social-friends}","0","""default""","""none""","0"
"{citizen 25}","{citizen 31}","[213 0 42 100]","""""","9.9","false","{breed social-friends}","0","""default""","""none""","0"
"{citizen 25}","{citizen 32}","[213 0 42 100]","""""","9.9","false","{breed social-friends}","0","""default""","""none""","0"
"{citizen 25}","{citizen 33}","[213 0 42 100]","""""","9.9","false","{breed social-friends}","0","""default""","""none""","0"
"{citizen 25}","{citizen 34}","[213 0 42 100]","""""","9.9","false","{breed social-friends}","0","""default""","""none""","0"
"{citizen 25}","{citizen 35}","[141 141 141 100]","""""","9.9","false","{breed social-friends}","0","""default""","""none""","0"
"{citizen 25}","{citizen 36}","[213 0 42 100]","""""","9.9","false","{breed social-friends}","0","""default""","""none""","0"
"{citizen 25}","{citizen 37}","[213 0 42 100]","""""","9.9","false","{breed social-friends}","0","""default""","""none""","0"
"{citizen 25}","{citizen 38}","[213 0 42 100]","""""","9.9","false","{breed social-friends}","0","""default""","""none""","0"
"{citizen 25}","{citizen 39}","[213 0 42 100]","""""","9.9","false","{breed social-friends}","0","""default""","""none""","0"
"{citizen 25}","{citizen 40}","[213 0 42 100]","""""","9.9","false","{breed social-friends}","0","""default""","""none""","0"
"{citizen 25}","{citizen 41}","[213 0 42 100]","""""","9.9","false","{breed social-friends}","0","""default""","""none""","0"
"{citizen 25}","{citizen 42}","[213 0 42 100]","""""","9.9","false","{breed social-friends}","0","""default""","""none""","0"
"{citizen 25}","{citizen 43}","[213 0 42 100]","""""","9.9","false","{breed social-friends}","0","""default""","""none""","0"
"{citizen 25}","{citizen 44}","[213 0 42 100]","""""","9.9","false","{breed social-friends}","0","""default""","""none""","0"
"{citizen 25}","{citizen 45}","[213 0 42 100]","""""","9.9","false","{breed social-friends}","0","""default""","""none""","0"
"{citizen 25}","{citizen 46}","[213 0 42 100]","""""","9.9","false","{breed social-friends}","0","""default""","""none""","0"
"{citizen 25}","{citizen 47}","[213 0 42 100]","""""","9.9","false","{breed social-friends}","0","""default""","""none""","0"
"{citizen 25}","{citizen 48}","[213 0 42 100]","""""","9.9","false","{breed social-friends}","0","""default""","""none""","0"
"{citizen 25}","{citizen 49}","[213 0 42 100]","""""","9.9","false","{breed social-friends}","0","""default""","""none""","0"
"{citizen 26}","{citizen 0}","[141 141 141 100]","""""","9.9","false","{breed social-friends}","0","""default""","""none""","0"
"{citizen 26}","{citizen 1}","[141 141 141 100]","""""","9.9","false","{breed social-friends}","0","""default""","""none""","0"
"{citizen 26}","{citizen 2}","[141 141 141 100]","""""","9.9","false","{breed social-friends}","0","""default""","""none""","0"
"{citizen 26}","{citizen 3}","[141 141 141 100]","""""","9.9","false","{breed social-friends}","0","""default""","""none""","0"
"{citizen 26}","{citizen 4}","[141 141 141 100]","""""","9.9","false","{breed social-friends}","0","""default""","""none""","0"
"{citizen 26}","{citizen 5}","[141 141 141 100]","""""","9.9","false","{breed social-friends}","0","""default""","""none""","0"
"{citizen 26}","{citizen 6}","[141 141 141 100]","""""","9.9","false","{breed social-friends}","0","""default""","""none""","0"
"{citizen 26}","{citizen 7}","[141 141 141 100]","""""","9.9","false","{breed social-friends}","0","""default""","""none""","0"
"{citizen 26}","{citizen 8}","[141 141 141 100]","""""","9.9","false","{breed social-friends}","0","""default""","""none""","0"
"{citizen 26}","{citizen 9}","[141 141 141 100]","""""","9.9","false","{breed social-friends}","0","""default""","""none""","0"
"{citizen 26}","{citizen 10}","[128 0 127 100]","""""","9.9","false","{breed social-friends}","0","""default""","""none""","0"
"{citizen 26}","{citizen 11}","[141 141 141 100]","""""","9.9","false","{breed social-friends}","0","""default""","""none""","0"
"{citizen 26}","{citizen 12}","[128 0 127 100]","""""","9.9","false","{breed social-friends}","0","""default""","""none""","0"
"{citizen 26}","{citizen 13}","[141 141 141 100]","""""","9.9","false","{breed social-friends}","0","""default""","""none""","0"
"{citizen 26}","{citizen 14}","[141 141 141 100]","""""","9.9","false","{breed social-friends}","0","""default""","""none""","0"
"{citizen 26}","{citizen 15}","[141 141 141 100]","""""","9.9","false","{breed social-friends}","0","""default""","""none""","0"
"{citizen 26}","{citizen 16}","[141 141 141 100]","""""","9.9","false","{breed social-friends}","0","""default""","""none""","0"
"{citizen 26}","{citizen 17}","[141 141 141 100]","""""","9.9","false","{breed social-friends}","0","""default""","""none""","0"
"{citizen 26}","{citizen 18}","[141 141 141 100]","""""","9.9","false","{breed social-friends}","0","""default""","""none""","0"
"{citizen 26}","{citizen 19}","[141 141 141 100]","""""","9.9","false","{breed social-friends}","0","""default""","""none""","0"
"{citizen 26}","{citizen 20}","[141 141 141 100]","""""","9.9","false","{breed social-friends}","0","""default""","""none""","0"
"{citizen 26}","{citizen 21}","[141 141 141 100]","""""","9.9","false","{breed social-friends}","0","""default""","""none""","0"
"{citizen 26}","{citizen 22}","[141 141 141 100]","""""","9.9","false","{breed social-friends}","0","""default""","""none""","0"
"{citizen 26}","{citizen 23}","[141 141 141 100]","""""","9.9","false","{breed social-friends}","0","""default""","""none""","0"
"{citizen 26}","{citizen 24}","[141 141 141 100]","""""","9.9","false","{breed social-friends}","0","""default""","""none""","0"
"{citizen 26}","{citizen 25}","[141 141 141 100]","""""","9.9","false","{breed social-friends}","0","""default""","""none""","0"
"{citizen 26}","{citizen 27}","[141 141 141 100]","""""","9.9","false","{breed social-friends}","0","""default""","""none""","0"
"{citizen 26}","{citizen 28}","[141 141 141 100]","""""","9.9","false","{breed social-friends}","0","""default""","""none""","0"
"{citizen 26}","{citizen 29}","[141 141 141 100]","""""","9.9","false","{breed social-friends}","0","""default""","""none""","0"
"{citizen 26}","{citizen 30}","[141 141 141 100]","""""","9.9","false","{breed social-friends}","0","""default""","""none""","0"
"{citizen 26}","{citizen 31}","[141 141 141 100]","""""","9.9","false","{breed social-friends}","0","""default""","""none""","0"
"{citizen 26}","{citizen 32}","[141 141 141 100]","""""","9.9","false","{breed social-friends}","0","""default""","""none""","0"
"{citizen 26}","{citizen 33}","[141 141 141 100]","""""","9.9","false","{breed social-friends}","0","""default""","""none""","0"
"{citizen 26}","{citizen 34}","[141 141 141 100]","""""","9.9","false","{breed social-friends}","0","""default""","""none""","0"
"{citizen 26}","{citizen 35}","[128 0 127 100]","""""","9.9","false","{breed social-friends}","0","""default""","""none""","0"
"{citizen 26}","{citizen 36}","[141 141 141 100]","""""","9.9","false","{breed social-friends}","0","""default""","""none""","0"
"{citizen 26}","{citizen 37}","[141 141 141 100]","""""","9.9","false","{breed social-friends}","0","""default""","""none""","0"
"{citizen 26}","{citizen 38}","[141 141 141 100]","""""","9.9","false","{breed social-friends}","0","""default""","""none""","0"
"{citizen 26}","{citizen 39}","[141 141 141 100]","""""","9.9","false","{breed social-friends}","0","""default""","""none""","0"
"{citizen 26}","{citizen 40}","[141 141 141 100]","""""","9.9","false","{breed social-friends}","0","""default""","""none""","0"
"{citizen 26}","{citizen 41}","[141 141 141 100]","""""","9.9","false","{breed social-friends}","0","""default""","""none""","0"
"{citizen 26}","{citizen 42}","[141 141 141 100]","""""","9.9","false","{breed social-friends}","0","""default""","""none""","0"
"{citizen 26}","{citizen 43}","[141 141 141 100]","""""","9.9","false","{breed social-friends}","0","""default""","""none""","0"
"{citizen 26}","{citizen 44}","[141 141 141 100]","""""","9.9","false","{breed social-friends}","0","""default""","""none""","0"
"{citizen 26}","{citizen 45}","[141 141 141 100]","""""","9.9","false","{breed social-friends}","0","""default""","""none""","0"
"{citizen 26}","{citizen 46}","[141 141 141 100]","""""","9.9","false","{breed social-friends}","0","""default""","""none""","0"
"{citizen 26}","{citizen 47}","[141 141 141 100]","""""","9.9","false","{breed social-friends}","0","""default""","""none""","0"
"{citizen 26}","{citizen 48}","[141 141 141 100]","""""","9.9","false","{breed social-friends}","0","""default""","""none""","0"
"{citizen 26}","{citizen 49}","[141 141 141 100]","""""","9.9","false","{breed social-friends}","0","""default""","""none""","0"
"{citizen 27}","{citizen 0}","[213 0 42 100]","""""","9.9","false","{breed social-friends}","0","""default""","""none""","0"
"{citizen 27}","{citizen 1}","[213 0 42 100]","""""","9.9","false","{breed social-friends}","0","""default""","""none""","0"
"{citizen 27}","{citizen 2}","[213 0 42 100]","""""","9.9","false","{breed social-friends}","0","""default""","""none""","0"
"{citizen 27}","{citizen 3}","[213 0 42 100]","""""","9.9","false","{breed social-friends}","0","""default""","""none""","0"
"{citizen 27}","{citizen 4}","[213 0 42 100]","""""","9.9","false","{breed social-friends}","0","""default""","""none""","0"
"{citizen 27}","{citizen 5}","[213 0 42 100]","""""","9.9","false","{breed social-friends}","0","""default""","""none""","0"
"{citizen 27}","{citizen 6}","[213 0 42 100]","""""","9.9","false","{breed social-friends}","0","""default""","""none""","0"
"{citizen 27}","{citizen 7}","[213 0 42 100]","""""","9.9","false","{breed social-friends}","0","""default""","""none""","0"
"{citizen 27}","{citizen 8}","[213 0 42 100]","""""","9.9","false","{breed social-friends}","0","""default""","""none""","0"
"{citizen 27}","{citizen 9}","[213 0 42 100]","""""","9.9","false","{breed social-friends}","0","""default""","""none""","0"
"{citizen 27}","{citizen 10}","[141 141 141 100]","""""","9.9","false","{breed social-friends}","0","""default""","""none""","0"
"{citizen 27}","{citizen 11}","[213 0 42 100]","""""","9.9","false","{breed social-friends}","0","""default""","""none""","0"
"{citizen 27}","{citizen 12}","[141 141 141 100]","""""","9.9","false","{breed social-friends}","0","""default""","""none""","0"
"{citizen 27}","{citizen 13}","[213 0 42 100]","""""","9.9","false","{breed social-friends}","0","""default""","""none""","0"
"{citizen 27}","{citizen 14}","[213 0 42 100]","""""","9.9","false","{breed social-friends}","0","""default""","""none""","0"
"{citizen 27}","{citizen 15}","[213 0 42 100]","""""","9.9","false","{breed social-friends}","0","""default""","""none""","0"
"{citizen 27}","{citizen 16}","[213 0 42 100]","""""","9.9","false","{breed social-friends}","0","""default""","""none""","0"
"{citizen 27}","{citizen 17}","[213 0 42 100]","""""","9.9","false","{breed social-friends}","0","""default""","""none""","0"
"{citizen 27}","{citizen 18}","[213 0 42 100]","""""","9.9","false","{breed social-friends}","0","""default""","""none""","0"
"{citizen 27}","{citizen 19}","[213 0 42 100]","""""","9.9","false","{breed social-friends}","0","""default""","""none""","0"
"{citizen 27}","{citizen 20}","[213 0 42 100]","""""","9.9","false","{breed social-friends}","0","""default""","""none""","0"
"{citizen 27}","{citizen 21}","[213 0 42 100]","""""","9.9","false","{breed social-friends}","0","""default""","""none""","0"
"{citizen 27}","{citizen 22}","[213 0 42 100]","""""","9.9","false","{breed social-friends}","0","""default""","""none""","0"
"{citizen 27}","{citizen 23}","[213 0 42 100]","""""","9.9","false","{breed social-friends}","0","""default""","""none""","0"
"{citizen 27}","{citizen 24}","[213 0 42 100]","""""","9.9","false","{breed social-friends}","0","""default""","""none""","0"
"{citizen 27}","{citizen 25}","[213 0 42 100]","""""","9.9","false","{breed social-friends}","0","""default""","""none""","0"
"{citizen 27}","{citizen 26}","[141 141 141 100]","""""","9.9","false","{breed social-friends}","0","""default""","""none""","0"
"{citizen 27}","{citizen 28}","[213 0 42 100]","""""","9.9","false","{breed social-friends}","0","""default""","""none""","0"
"{citizen 27}","{citizen 29}","[213 0 42 100]","""""","9.9","false","{breed social-friends}","0","""default""","""none""","0"
"{citizen 27}","{citizen 30}","[213 0 42 100]","""""","9.9","false","{breed social-friends}","0","""default""","""none""","0"
"{citizen 27}","{citizen 31}","[213 0 42 100]","""""","9.9","false","{breed social-friends}","0","""default""","""none""","0"
"{citizen 27}","{citizen 32}","[213 0 42 100]","""""","9.9","false","{breed social-friends}","0","""default""","""none""","0"
"{citizen 27}","{citizen 33}","[213 0 42 100]","""""","9.9","false","{breed social-friends}","0","""default""","""none""","0"
"{citizen 27}","{citizen 34}","[213 0 42 100]","""""","9.9","false","{breed social-friends}","0","""default""","""none""","0"
"{citizen 27}","{citizen 35}","[141 141 141 100]","""""","9.9","false","{breed social-friends}","0","""default""","""none""","0"
"{citizen 27}","{citizen 36}","[213 0 42 100]","""""","9.9","false","{breed social-friends}","0","""default""","""none""","0"
"{citizen 27}","{citizen 37}","[213 0 42 100]","""""","9.9","false","{breed social-friends}","0","""default""","""none""","0"
"{citizen 27}","{citizen 38}","[213 0 42 100]","""""","9.9","false","{breed social-friends}","0","""default""","""none""","0"
"{citizen 27}","{citizen 39}","[213 0 42 100]","""""","9.9","false","{breed social-friends}","0","""default""","""none""","0"
"{citizen 27}","{citizen 40}","[213 0 42 100]","""""","9.9","false","{breed social-friends}","0","""default""","""none""","0"
"{citizen 27}","{citizen 41}","[213 0 42 100]","""""","9.9","false","{breed social-friends}","0","""default""","""none""","0"
"{citizen 27}","{citizen 42}","[213 0 42 100]","""""","9.9","false","{breed social-friends}","0","""default""","""none""","0"
"{citizen 27}","{citizen 43}","[213 0 42 100]","""""","9.9","false","{breed social-friends}","0","""default""","""none""","0"
"{citizen 27}","{citizen 44}","[213 0 42 100]","""""","9.9","false","{breed social-friends}","0","""default""","""none""","0"
"{citizen 27}","{citizen 45}","[213 0 42 100]","""""","9.9","false","{breed social-friends}","0","""default""","""none""","0"
"{citizen 27}","{citizen 46}","[213 0 42 100]","""""","9.9","false","{breed social-friends}","0","""default""","""none""","0"
"{citizen 27}","{citizen 47}","[213 0 42 100]","""""","9.9","false","{breed social-friends}","0","""default""","""none""","0"
"{citizen 27}","{citizen 48}","[213 0 42 100]","""""","9.9","false","{breed social-friends}","0","""default""","""none""","0"
"{citizen 27}","{citizen 49}","[213 0 42 100]","""""","9.9","false","{breed social-friends}","0","""default""","""none""","0"
"{citizen 28}","{citizen 0}","[213 0 42 100]","""""","9.9","false","{breed social-friends}","0","""default""","""none""","0"
"{citizen 28}","{citizen 1}","[213 0 42 100]","""""","9.9","false","{breed social-friends}","0","""default""","""none""","0"
"{citizen 28}","{citizen 2}","[213 0 42 100]","""""","9.9","false","{breed social-friends}","0","""default""","""none""","0"
"{citizen 28}","{citizen 3}","[213 0 42 100]","""""","9.9","false","{breed social-friends}","0","""default""","""none""","0"
"{citizen 28}","{citizen 4}","[213 0 42 100]","""""","9.9","false","{breed social-friends}","0","""default""","""none""","0"
"{citizen 28}","{citizen 5}","[213 0 42 100]","""""","9.9","false","{breed social-friends}","0","""default""","""none""","0"
"{citizen 28}","{citizen 6}","[213 0 42 100]","""""","9.9","false","{breed social-friends}","0","""default""","""none""","0"
"{citizen 28}","{citizen 7}","[213 0 42 100]","""""","9.9","false","{breed social-friends}","0","""default""","""none""","0"
"{citizen 28}","{citizen 8}","[213 0 42 100]","""""","9.9","false","{breed social-friends}","0","""default""","""none""","0"
"{citizen 28}","{citizen 9}","[213 0 42 100]","""""","9.9","false","{breed social-friends}","0","""default""","""none""","0"
"{citizen 28}","{citizen 10}","[141 141 141 100]","""""","9.9","false","{breed social-friends}","0","""default""","""none""","0"
"{citizen 28}","{citizen 11}","[213 0 42 100]","""""","9.9","false","{breed social-friends}","0","""default""","""none""","0"
"{citizen 28}","{citizen 12}","[141 141 141 100]","""""","9.9","false","{breed social-friends}","0","""default""","""none""","0"
"{citizen 28}","{citizen 13}","[213 0 42 100]","""""","9.9","false","{breed social-friends}","0","""default""","""none""","0"
"{citizen 28}","{citizen 14}","[213 0 42 100]","""""","9.9","false","{breed social-friends}","0","""default""","""none""","0"
"{citizen 28}","{citizen 15}","[213 0 42 100]","""""","9.9","false","{breed social-friends}","0","""default""","""none""","0"
"{citizen 28}","{citizen 16}","[213 0 42 100]","""""","9.9","false","{breed social-friends}","0","""default""","""none""","0"
"{citizen 28}","{citizen 17}","[213 0 42 100]","""""","9.9","false","{breed social-friends}","0","""default""","""none""","0"
"{citizen 28}","{citizen 18}","[213 0 42 100]","""""","9.9","false","{breed social-friends}","0","""default""","""none""","0"
"{citizen 28}","{citizen 19}","[213 0 42 100]","""""","9.9","false","{breed social-friends}","0","""default""","""none""","0"
"{citizen 28}","{citizen 20}","[213 0 42 100]","""""","9.9","false","{breed social-friends}","0","""default""","""none""","0"
"{citizen 28}","{citizen 21}","[213 0 42 100]","""""","9.9","false","{breed social-friends}","0","""default""","""none""","0"
"{citizen 28}","{citizen 22}","[213 0 42 100]","""""","9.9","false","{breed social-friends}","0","""default""","""none""","0"
"{citizen 28}","{citizen 23}","[213 0 42 100]","""""","9.9","false","{breed social-friends}","0","""default""","""none""","0"
"{citizen 28}","{citizen 24}","[213 0 42 100]","""""","9.9","false","{breed social-friends}","0","""default""","""none""","0"
"{citizen 28}","{citizen 25}","[213 0 42 100]","""""","9.9","false","{breed social-friends}","0","""default""","""none""","0"
"{citizen 28}","{citizen 26}","[141 141 141 100]","""""","9.9","false","{breed social-friends}","0","""default""","""none""","0"
"{citizen 28}","{citizen 27}","[213 0 42 100]","""""","9.9","false","{breed social-friends}","0","""default""","""none""","0"
"{citizen 28}","{citizen 29}","[213 0 42 100]","""""","9.9","false","{breed social-friends}","0","""default""","""none""","0"
"{citizen 28}","{citizen 30}","[213 0 42 100]","""""","9.9","false","{breed social-friends}","0","""default""","""none""","0"
"{citizen 28}","{citizen 31}","[213 0 42 100]","""""","9.9","false","{breed social-friends}","0","""default""","""none""","0"
"{citizen 28}","{citizen 32}","[213 0 42 100]","""""","9.9","false","{breed social-friends}","0","""default""","""none""","0"
"{citizen 28}","{citizen 33}","[213 0 42 100]","""""","9.9","false","{breed social-friends}","0","""default""","""none""","0"
"{citizen 28}","{citizen 34}","[213 0 42 100]","""""","9.9","false","{breed social-friends}","0","""default""","""none""","0"
"{citizen 28}","{citizen 35}","[141 141 141 100]","""""","9.9","false","{breed social-friends}","0","""default""","""none""","0"
"{citizen 28}","{citizen 36}","[213 0 42 100]","""""","9.9","false","{breed social-friends}","0","""default""","""none""","0"
"{citizen 28}","{citizen 37}","[213 0 42 100]","""""","9.9","false","{breed social-friends}","0","""default""","""none""","0"
"{citizen 28}","{citizen 38}","[213 0 42 100]","""""","9.9","false","{breed social-friends}","0","""default""","""none""","0"
"{citizen 28}","{citizen 39}","[213 0 42 100]","""""","9.9","false","{breed social-friends}","0","""default""","""none""","0"
"{citizen 28}","{citizen 40}","[213 0 42 100]","""""","9.9","false","{breed social-friends}","0","""default""","""none""","0"
"{citizen 28}","{citizen 41}","[213 0 42 100]","""""","9.9","false","{breed social-friends}","0","""default""","""none""","0"
"{citizen 28}","{citizen 42}","[213 0 42 100]","""""","9.9","false","{breed social-friends}","0","""default""","""none""","0"
"{citizen 28}","{citizen 43}","[213 0 42 100]","""""","9.9","false","{breed social-friends}","0","""default""","""none""","0"
"{citizen 28}","{citizen 44}","[213 0 42 100]","""""","9.9","false","{breed social-friends}","0","""default""","""none""","0"
"{citizen 28}","{citizen 45}","[213 0 42 100]","""""","9.9","false","{breed social-friends}","0","""default""","""none""","0"
"{citizen 28}","{citizen 46}","[213 0 42 100]","""""","9.9","false","{breed social-friends}","0","""default""","""none""","0"
"{citizen 28}","{citizen 47}","[213 0 42 100]","""""","9.9","false","{breed social-friends}","0","""default""","""none""","0"
"{citizen 28}","{citizen 48}","[213 0 42 100]","""""","9.9","false","{breed social-friends}","0","""default""","""none""","0"
"{citizen 28}","{citizen 49}","[213 0 42 100]","""""","9.9","false","{breed social-friends}","0","""default""","""none""","0"
"{citizen 29}","{citizen 0}","[213 0 42 100]","""""","9.9","false","{breed social-friends}","0","""default""","""none""","0"
"{citizen 29}","{citizen 1}","[213 0 42 100]","""""","9.9","false","{breed social-friends}","0","""default""","""none""","0"
"{citizen 29}","{citizen 2}","[213 0 42 100]","""""","9.9","false","{breed social-friends}","0","""default""","""none""","0"
"{citizen 29}","{citizen 3}","[213 0 42 100]","""""","9.9","false","{breed social-friends}","0","""default""","""none""","0"
"{citizen 29}","{citizen 4}","[213 0 42 100]","""""","9.9","false","{breed social-friends}","0","""default""","""none""","0"
"{citizen 29}","{citizen 5}","[213 0 42 100]","""""","9.9","false","{breed social-friends}","0","""default""","""none""","0"
"{citizen 29}","{citizen 6}","[213 0 42 100]","""""","9.9","false","{breed social-friends}","0","""default""","""none""","0"
"{citizen 29}","{citizen 7}","[213 0 42 100]","""""","9.9","false","{breed social-friends}","0","""default""","""none""","0"
"{citizen 29}","{citizen 8}","[213 0 42 100]","""""","9.9","false","{breed social-friends}","0","""default""","""none""","0"
"{citizen 29}","{citizen 9}","[213 0 42 100]","""""","9.9","false","{breed social-friends}","0","""default""","""none""","0"
"{citizen 29}","{citizen 10}","[141 141 141 100]","""""","9.9","false","{breed social-friends}","0","""default""","""none""","0"
"{citizen 29}","{citizen 11}","[213 0 42 100]","""""","9.9","false","{breed social-friends}","0","""default""","""none""","0"
"{citizen 29}","{citizen 12}","[141 141 141 100]","""""","9.9","false","{breed social-friends}","0","""default""","""none""","0"
"{citizen 29}","{citizen 13}","[213 0 42 100]","""""","9.9","false","{breed social-friends}","0","""default""","""none""","0"
"{citizen 29}","{citizen 14}","[213 0 42 100]","""""","9.9","false","{breed social-friends}","0","""default""","""none""","0"
"{citizen 29}","{citizen 15}","[213 0 42 100]","""""","9.9","false","{breed social-friends}","0","""default""","""none""","0"
"{citizen 29}","{citizen 16}","[213 0 42 100]","""""","9.9","false","{breed social-friends}","0","""default""","""none""","0"
"{citizen 29}","{citizen 17}","[213 0 42 100]","""""","9.9","false","{breed social-friends}","0","""default""","""none""","0"
"{citizen 29}","{citizen 18}","[213 0 42 100]","""""","9.9","false","{breed social-friends}","0","""default""","""none""","0"
"{citizen 29}","{citizen 19}","[213 0 42 100]","""""","9.9","false","{breed social-friends}","0","""default""","""none""","0"
"{citizen 29}","{citizen 20}","[213 0 42 100]","""""","9.9","false","{breed social-friends}","0","""default""","""none""","0"
"{citizen 29}","{citizen 21}","[213 0 42 100]","""""","9.9","false","{breed social-friends}","0","""default""","""none""","0"
"{citizen 29}","{citizen 22}","[213 0 42 100]","""""","9.9","false","{breed social-friends}","0","""default""","""none""","0"
"{citizen 29}","{citizen 23}","[213 0 42 100]","""""","9.9","false","{breed social-friends}","0","""default""","""none""","0"
"{citizen 29}","{citizen 24}","[213 0 42 100]","""""","9.9","false","{breed social-friends}","0","""default""","""none""","0"
"{citizen 29}","{citizen 25}","[213 0 42 100]","""""","9.9","false","{breed social-friends}","0","""default""","""none""","0"
"{citizen 29}","{citizen 26}","[141 141 141 100]","""""","9.9","false","{breed social-friends}","0","""default""","""none""","0"
"{citizen 29}","{citizen 27}","[213 0 42 100]","""""","9.9","false","{breed social-friends}","0","""default""","""none""","0"
"{citizen 29}","{citizen 28}","[213 0 42 100]","""""","9.9","false","{breed social-friends}","0","""default""","""none""","0"
"{citizen 29}","{citizen 30}","[213 0 42 100]","""""","9.9","false","{breed social-friends}","0","""default""","""none""","0"
"{citizen 29}","{citizen 31}","[213 0 42 100]","""""","9.9","false","{breed social-friends}","0","""default""","""none""","0"
"{citizen 29}","{citizen 32}","[213 0 42 100]","""""","9.9","false","{breed social-friends}","0","""default""","""none""","0"
"{citizen 29}","{citizen 33}","[213 0 42 100]","""""","9.9","false","{breed social-friends}","0","""default""","""none""","0"
"{citizen 29}","{citizen 34}","[213 0 42 100]","""""","9.9","false","{breed social-friends}","0","""default""","""none""","0"
"{citizen 29}","{citizen 35}","[141 141 141 100]","""""","9.9","false","{breed social-friends}","0","""default""","""none""","0"
"{citizen 29}","{citizen 36}","[213 0 42 100]","""""","9.9","false","{breed social-friends}","0","""default""","""none""","0"
"{citizen 29}","{citizen 37}","[213 0 42 100]","""""","9.9","false","{breed social-friends}","0","""default""","""none""","0"
"{citizen 29}","{citizen 38}","[213 0 42 100]","""""","9.9","false","{breed social-friends}","0","""default""","""none""","0"
"{citizen 29}","{citizen 39}","[213 0 42 100]","""""","9.9","false","{breed social-friends}","0","""default""","""none""","0"
"{citizen 29}","{citizen 40}","[213 0 42 100]","""""","9.9","false","{breed social-friends}","0","""default""","""none""","0"
"{citizen 29}","{citizen 41}","[213 0 42 100]","""""","9.9","false","{breed social-friends}","0","""default""","""none""","0"
"{citizen 29}","{citizen 42}","[213 0 42 100]","""""","9.9","false","{breed social-friends}","0","""default""","""none""","0"
"{citizen 29}","{citizen 43}","[213 0 42 100]","""""","9.9","false","{breed social-friends}","0","""default""","""none""","0"
"{citizen 29}","{citizen 44}","[213 0 42 100]","""""","9.9","false","{breed social-friends}","0","""default""","""none""","0"
"{citizen 29}","{citizen 45}","[213 0 42 100]","""""","9.9","false","{breed social-friends}","0","""default""","""none""","0"
"{citizen 29}","{citizen 46}","[213 0 42 100]","""""","9.9","false","{breed social-friends}","0","""default""","""none""","0"
"{citizen 29}","{citizen 47}","[213 0 42 100]","""""","9.9","false","{breed social-friends}","0","""default""","""none""","0"
"{citizen 29}","{citizen 48}","[213 0 42 100]","""""","9.9","false","{breed social-friends}","0","""default""","""none""","0"
"{citizen 29}","{citizen 49}","[213 0 42 100]","""""","9.9","false","{breed social-friends}","0","""default""","""none""","0"
"{citizen 30}","{citizen 0}","[213 0 42 100]","""""","9.9","false","{breed social-friends}","0","""default""","""none""","0"
"{citizen 30}","{citizen 1}","[213 0 42 100]","""""","9.9","false","{breed social-friends}","0","""default""","""none""","0"
"{citizen 30}","{citizen 2}","[213 0 42 100]","""""","9.9","false","{breed social-friends}","0","""default""","""none""","0"
"{citizen 30}","{citizen 3}","[213 0 42 100]","""""","9.9","false","{breed social-friends}","0","""default""","""none""","0"
"{citizen 30}","{citizen 4}","[213 0 42 100]","""""","9.9","false","{breed social-friends}","0","""default""","""none""","0"
"{citizen 30}","{citizen 5}","[213 0 42 100]","""""","9.9","false","{breed social-friends}","0","""default""","""none""","0"
"{citizen 30}","{citizen 6}","[213 0 42 100]","""""","9.9","false","{breed social-friends}","0","""default""","""none""","0"
"{citizen 30}","{citizen 7}","[213 0 42 100]","""""","9.9","false","{breed social-friends}","0","""default""","""none""","0"
"{citizen 30}","{citizen 8}","[213 0 42 100]","""""","9.9","false","{breed social-friends}","0","""default""","""none""","0"
"{citizen 30}","{citizen 9}","[213 0 42 100]","""""","9.9","false","{breed social-friends}","0","""default""","""none""","0"
"{citizen 30}","{citizen 10}","[141 141 141 100]","""""","9.9","false","{breed social-friends}","0","""default""","""none""","0"
"{citizen 30}","{citizen 11}","[213 0 42 100]","""""","9.9","false","{breed social-friends}","0","""default""","""none""","0"
"{citizen 30}","{citizen 12}","[141 141 141 100]","""""","9.9","false","{breed social-friends}","0","""default""","""none""","0"
"{citizen 30}","{citizen 13}","[213 0 42 100]","""""","9.9","false","{breed social-friends}","0","""default""","""none""","0"
"{citizen 30}","{citizen 14}","[213 0 42 100]","""""","9.9","false","{breed social-friends}","0","""default""","""none""","0"
"{citizen 30}","{citizen 15}","[213 0 42 100]","""""","9.9","false","{breed social-friends}","0","""default""","""none""","0"
"{citizen 30}","{citizen 16}","[213 0 42 100]","""""","9.9","false","{breed social-friends}","0","""default""","""none""","0"
"{citizen 30}","{citizen 17}","[213 0 42 100]","""""","9.9","false","{breed social-friends}","0","""default""","""none""","0"
"{citizen 30}","{citizen 18}","[213 0 42 100]","""""","9.9","false","{breed social-friends}","0","""default""","""none""","0"
"{citizen 30}","{citizen 19}","[213 0 42 100]","""""","9.9","false","{breed social-friends}","0","""default""","""none""","0"
"{citizen 30}","{citizen 20}","[213 0 42 100]","""""","9.9","false","{breed social-friends}","0","""default""","""none""","0"
"{citizen 30}","{citizen 21}","[213 0 42 100]","""""","9.9","false","{breed social-friends}","0","""default""","""none""","0"
"{citizen 30}","{citizen 22}","[213 0 42 100]","""""","9.9","false","{breed social-friends}","0","""default""","""none""","0"
"{citizen 30}","{citizen 23}","[213 0 42 100]","""""","9.9","false","{breed social-friends}","0","""default""","""none""","0"
"{citizen 30}","{citizen 24}","[213 0 42 100]","""""","9.9","false","{breed social-friends}","0","""default""","""none""","0"
"{citizen 30}","{citizen 25}","[213 0 42 100]","""""","9.9","false","{breed social-friends}","0","""default""","""none""","0"
"{citizen 30}","{citizen 26}","[141 141 141 100]","""""","9.9","false","{breed social-friends}","0","""default""","""none""","0"
"{citizen 30}","{citizen 27}","[213 0 42 100]","""""","9.9","false","{breed social-friends}","0","""default""","""none""","0"
"{citizen 30}","{citizen 28}","[213 0 42 100]","""""","9.9","false","{breed social-friends}","0","""default""","""none""","0"
"{citizen 30}","{citizen 29}","[213 0 42 100]","""""","9.9","false","{breed social-friends}","0","""default""","""none""","0"
"{citizen 30}","{citizen 31}","[213 0 42 100]","""""","9.9","false","{breed social-friends}","0","""default""","""none""","0"
"{citizen 30}","{citizen 32}","[213 0 42 100]","""""","9.9","false","{breed social-friends}","0","""default""","""none""","0"
"{citizen 30}","{citizen 33}","[213 0 42 100]","""""","9.9","false","{breed social-friends}","0","""default""","""none""","0"
"{citizen 30}","{citizen 34}","[213 0 42 100]","""""","9.9","false","{breed social-friends}","0","""default""","""none""","0"
"{citizen 30}","{citizen 35}","[141 141 141 100]","""""","9.9","false","{breed social-friends}","0","""default""","""none""","0"
"{citizen 30}","{citizen 36}","[213 0 42 100]","""""","9.9","false","{breed social-friends}","0","""default""","""none""","0"
"{citizen 30}","{citizen 37}","[213 0 42 100]","""""","9.9","false","{breed social-friends}","0","""default""","""none""","0"
"{citizen 30}","{citizen 38}","[213 0 42 100]","""""","9.9","false","{breed social-friends}","0","""default""","""none""","0"
"{citizen 30}","{citizen 39}","[213 0 42 100]","""""","9.9","false","{breed social-friends}","0","""default""","""none""","0"
"{citizen 30}","{citizen 40}","[213 0 42 100]","""""","9.9","false","{breed social-friends}","0","""default""","""none""","0"
"{citizen 30}","{citizen 41}","[213 0 42 100]","""""","9.9","false","{breed social-friends}","0","""default""","""none""","0"
"{citizen 30}","{citizen 42}","[213 0 42 100]","""""","9.9","false","{breed social-friends}","0","""default""","""none""","0"
"{citizen 30}","{citizen 43}","[213 0 42 100]","""""","9.9","false","{breed social-friends}","0","""default""","""none""","0"
"{citizen 30}","{citizen 44}","[213 0 42 100]","""""","9.9","false","{breed social-friends}","0","""default""","""none""","0"
"{citizen 30}","{citizen 45}","[213 0 42 100]","""""","9.9","false","{breed social-friends}","0","""default""","""none""","0"
"{citizen 30}","{citizen 46}","[213 0 42 100]","""""","9.9","false","{breed social-friends}","0","""default""","""none""","0"
"{citizen 30}","{citizen 47}","[213 0 42 100]","""""","9.9","false","{breed social-friends}","0","""default""","""none""","0"
"{citizen 30}","{citizen 48}","[213 0 42 100]","""""","9.9","false","{breed social-friends}","0","""default""","""none""","0"
"{citizen 30}","{citizen 49}","[213 0 42 100]","""""","9.9","false","{breed social-friends}","0","""default""","""none""","0"
"{citizen 31}","{citizen 0}","[213 0 42 100]","""""","9.9","false","{breed social-friends}","0","""default""","""none""","0"
"{citizen 31}","{citizen 1}","[213 0 42 100]","""""","9.9","false","{breed social-friends}","0","""default""","""none""","0"
"{citizen 31}","{citizen 2}","[213 0 42 100]","""""","9.9","false","{breed social-friends}","0","""default""","""none""","0"
"{citizen 31}","{citizen 3}","[213 0 42 100]","""""","9.9","false","{breed social-friends}","0","""default""","""none""","0"
"{citizen 31}","{citizen 4}","[213 0 42 100]","""""","9.9","false","{breed social-friends}","0","""default""","""none""","0"
"{citizen 31}","{citizen 5}","[213 0 42 100]","""""","9.9","false","{breed social-friends}","0","""default""","""none""","0"
"{citizen 31}","{citizen 6}","[213 0 42 100]","""""","9.9","false","{breed social-friends}","0","""default""","""none""","0"
"{citizen 31}","{citizen 7}","[213 0 42 100]","""""","9.9","false","{breed social-friends}","0","""default""","""none""","0"
"{citizen 31}","{citizen 8}","[213 0 42 100]","""""","9.9","false","{breed social-friends}","0","""default""","""none""","0"
"{citizen 31}","{citizen 9}","[213 0 42 100]","""""","9.9","false","{breed social-friends}","0","""default""","""none""","0"
"{citizen 31}","{citizen 10}","[141 141 141 100]","""""","9.9","false","{breed social-friends}","0","""default""","""none""","0"
"{citizen 31}","{citizen 11}","[213 0 42 100]","""""","9.9","false","{breed social-friends}","0","""default""","""none""","0"
"{citizen 31}","{citizen 12}","[141 141 141 100]","""""","9.9","false","{breed social-friends}","0","""default""","""none""","0"
"{citizen 31}","{citizen 13}","[213 0 42 100]","""""","9.9","false","{breed social-friends}","0","""default""","""none""","0"
"{citizen 31}","{citizen 14}","[213 0 42 100]","""""","9.9","false","{breed social-friends}","0","""default""","""none""","0"
"{citizen 31}","{citizen 15}","[213 0 42 100]","""""","9.9","false","{breed social-friends}","0","""default""","""none""","0"
"{citizen 31}","{citizen 16}","[213 0 42 100]","""""","9.9","false","{breed social-friends}","0","""default""","""none""","0"
"{citizen 31}","{citizen 17}","[213 0 42 100]","""""","9.9","false","{breed social-friends}","0","""default""","""none""","0"
"{citizen 31}","{citizen 18}","[213 0 42 100]","""""","9.9","false","{breed social-friends}","0","""default""","""none""","0"
"{citizen 31}","{citizen 19}","[213 0 42 100]","""""","9.9","false","{breed social-friends}","0","""default""","""none""","0"
"{citizen 31}","{citizen 20}","[213 0 42 100]","""""","9.9","false","{breed social-friends}","0","""default""","""none""","0"
"{citizen 31}","{citizen 21}","[213 0 42 100]","""""","9.9","false","{breed social-friends}","0","""default""","""none""","0"
"{citizen 31}","{citizen 22}","[213 0 42 100]","""""","9.9","false","{breed social-friends}","0","""default""","""none""","0"
"{citizen 31}","{citizen 23}","[213 0 42 100]","""""","9.9","false","{breed social-friends}","0","""default""","""none""","0"
"{citizen 31}","{citizen 24}","[213 0 42 100]","""""","9.9","false","{breed social-friends}","0","""default""","""none""","0"
"{citizen 31}","{citizen 25}","[213 0 42 100]","""""","9.9","false","{breed social-friends}","0","""default""","""none""","0"
"{citizen 31}","{citizen 26}","[141 141 141 100]","""""","9.9","false","{breed social-friends}","0","""default""","""none""","0"
"{citizen 31}","{citizen 27}","[213 0 42 100]","""""","9.9","false","{breed social-friends}","0","""default""","""none""","0"
"{citizen 31}","{citizen 28}","[213 0 42 100]","""""","9.9","false","{breed social-friends}","0","""default""","""none""","0"
"{citizen 31}","{citizen 29}","[213 0 42 100]","""""","9.9","false","{breed social-friends}","0","""default""","""none""","0"
"{citizen 31}","{citizen 30}","[213 0 42 100]","""""","9.9","false","{breed social-friends}","0","""default""","""none""","0"
"{citizen 31}","{citizen 32}","[213 0 42 100]","""""","9.9","false","{breed social-friends}","0","""default""","""none""","0"
"{citizen 31}","{citizen 33}","[213 0 42 100]","""""","9.9","false","{breed social-friends}","0","""default""","""none""","0"
"{citizen 31}","{citizen 34}","[213 0 42 100]","""""","9.9","false","{breed social-friends}","0","""default""","""none""","0"
"{citizen 31}","{citizen 35}","[141 141 141 100]","""""","9.9","false","{breed social-friends}","0","""default""","""none""","0"
"{citizen 31}","{citizen 36}","[213 0 42 100]","""""","9.9","false","{breed social-friends}","0","""default""","""none""","0"
"{citizen 31}","{citizen 37}","[213 0 42 100]","""""","9.9","false","{breed social-friends}","0","""default""","""none""","0"
"{citizen 31}","{citizen 38}","[213 0 42 100]","""""","9.9","false","{breed social-friends}","0","""default""","""none""","0"
"{citizen 31}","{citizen 39}","[213 0 42 100]","""""","9.9","false","{breed social-friends}","0","""default""","""none""","0"
"{citizen 31}","{citizen 40}","[213 0 42 100]","""""","9.9","false","{breed social-friends}","0","""default""","""none""","0"
"{citizen 31}","{citizen 41}","[213 0 42 100]","""""","9.9","false","{breed social-friends}","0","""default""","""none""","0"
"{citizen 31}","{citizen 42}","[213 0 42 100]","""""","9.9","false","{breed social-friends}","0","""default""","""none""","0"
"{citizen 31}","{citizen 43}","[213 0 42 100]","""""","9.9","false","{breed social-friends}","0","""default""","""none""","0"
"{citizen 31}","{citizen 44}","[213 0 42 100]","""""","9.9","false","{breed social-friends}","0","""default""","""none""","0"
"{citizen 31}","{citizen 45}","[213 0 42 100]","""""","9.9","false","{breed social-friends}","0","""default""","""none""","0"
"{citizen 31}","{citizen 46}","[213 0 42 100]","""""","9.9","false","{breed social-friends}","0","""default""","""none""","0"
"{citizen 31}","{citizen 47}","[213 0 42 100]","""""","9.9","false","{breed social-friends}","0","""default""","""none""","0"
"{citizen 31}","{citizen 48}","[213 0 42 100]","""""","9.9","false","{breed social-friends}","0","""default""","""none""","0"
"{citizen 31}","{citizen 49}","[213 0 42 100]","""""","9.9","false","{breed social-friends}","0","""default""","""none""","0"
"{citizen 32}","{citizen 0}","[213 0 42 100]","""""","9.9","false","{breed social-friends}","0","""default""","""none""","0"
"{citizen 32}","{citizen 1}","[213 0 42 100]","""""","9.9","false","{breed social-friends}","0","""default""","""none""","0"
"{citizen 32}","{citizen 2}","[213 0 42 100]","""""","9.9","false","{breed social-friends}","0","""default""","""none""","0"
"{citizen 32}","{citizen 3}","[213 0 42 100]","""""","9.9","false","{breed social-friends}","0","""default""","""none""","0"
"{citizen 32}","{citizen 4}","[213 0 42 100]","""""","9.9","false","{breed social-friends}","0","""default""","""none""","0"
"{citizen 32}","{citizen 5}","[213 0 42 100]","""""","9.9","false","{breed social-friends}","0","""default""","""none""","0"
"{citizen 32}","{citizen 6}","[213 0 42 100]","""""","9.9","false","{breed social-friends}","0","""default""","""none""","0"
"{citizen 32}","{citizen 7}","[213 0 42 100]","""""","9.9","false","{breed social-friends}","0","""default""","""none""","0"
"{citizen 32}","{citizen 8}","[213 0 42 100]","""""","9.9","false","{breed social-friends}","0","""default""","""none""","0"
"{citizen 32}","{citizen 9}","[213 0 42 100]","""""","9.9","false","{breed social-friends}","0","""default""","""none""","0"
"{citizen 32}","{citizen 10}","[141 141 141 100]","""""","9.9","false","{breed social-friends}","0","""default""","""none""","0"
"{citizen 32}","{citizen 11}","[213 0 42 100]","""""","9.9","false","{breed social-friends}","0","""default""","""none""","0"
"{citizen 32}","{citizen 12}","[141 141 141 100]","""""","9.9","false","{breed social-friends}","0","""default""","""none""","0"
"{citizen 32}","{citizen 13}","[213 0 42 100]","""""","9.9","false","{breed social-friends}","0","""default""","""none""","0"
"{citizen 32}","{citizen 14}","[213 0 42 100]","""""","9.9","false","{breed social-friends}","0","""default""","""none""","0"
"{citizen 32}","{citizen 15}","[213 0 42 100]","""""","9.9","false","{breed social-friends}","0","""default""","""none""","0"
"{citizen 32}","{citizen 16}","[213 0 42 100]","""""","9.9","false","{breed social-friends}","0","""default""","""none""","0"
"{citizen 32}","{citizen 17}","[213 0 42 100]","""""","9.9","false","{breed social-friends}","0","""default""","""none""","0"
"{citizen 32}","{citizen 18}","[213 0 42 100]","""""","9.9","false","{breed social-friends}","0","""default""","""none""","0"
"{citizen 32}","{citizen 19}","[213 0 42 100]","""""","9.9","false","{breed social-friends}","0","""default""","""none""","0"
"{citizen 32}","{citizen 20}","[213 0 42 100]","""""","9.9","false","{breed social-friends}","0","""default""","""none""","0"
"{citizen 32}","{citizen 21}","[213 0 42 100]","""""","9.9","false","{breed social-friends}","0","""default""","""none""","0"
"{citizen 32}","{citizen 22}","[213 0 42 100]","""""","9.9","false","{breed social-friends}","0","""default""","""none""","0"
"{citizen 32}","{citizen 23}","[213 0 42 100]","""""","9.9","false","{breed social-friends}","0","""default""","""none""","0"
"{citizen 32}","{citizen 24}","[213 0 42 100]","""""","9.9","false","{breed social-friends}","0","""default""","""none""","0"
"{citizen 32}","{citizen 25}","[213 0 42 100]","""""","9.9","false","{breed social-friends}","0","""default""","""none""","0"
"{citizen 32}","{citizen 26}","[141 141 141 100]","""""","9.9","false","{breed social-friends}","0","""default""","""none""","0"
"{citizen 32}","{citizen 27}","[213 0 42 100]","""""","9.9","false","{breed social-friends}","0","""default""","""none""","0"
"{citizen 32}","{citizen 28}","[213 0 42 100]","""""","9.9","false","{breed social-friends}","0","""default""","""none""","0"
"{citizen 32}","{citizen 29}","[213 0 42 100]","""""","9.9","false","{breed social-friends}","0","""default""","""none""","0"
"{citizen 32}","{citizen 30}","[213 0 42 100]","""""","9.9","false","{breed social-friends}","0","""default""","""none""","0"
"{citizen 32}","{citizen 31}","[213 0 42 100]","""""","9.9","false","{breed social-friends}","0","""default""","""none""","0"
"{citizen 32}","{citizen 33}","[213 0 42 100]","""""","9.9","false","{breed social-friends}","0","""default""","""none""","0"
"{citizen 32}","{citizen 34}","[213 0 42 100]","""""","9.9","false","{breed social-friends}","0","""default""","""none""","0"
"{citizen 32}","{citizen 35}","[141 141 141 100]","""""","9.9","false","{breed social-friends}","0","""default""","""none""","0"
"{citizen 32}","{citizen 36}","[213 0 42 100]","""""","9.9","false","{breed social-friends}","0","""default""","""none""","0"
"{citizen 32}","{citizen 37}","[213 0 42 100]","""""","9.9","false","{breed social-friends}","0","""default""","""none""","0"
"{citizen 32}","{citizen 38}","[213 0 42 100]","""""","9.9","false","{breed social-friends}","0","""default""","""none""","0"
"{citizen 32}","{citizen 39}","[213 0 42 100]","""""","9.9","false","{breed social-friends}","0","""default""","""none""","0"
"{citizen 32}","{citizen 40}","[213 0 42 100]","""""","9.9","false","{breed social-friends}","0","""default""","""none""","0"
"{citizen 32}","{citizen 41}","[213 0 42 100]","""""","9.9","false","{breed social-friends}","0","""default""","""none""","0"
"{citizen 32}","{citizen 42}","[213 0 42 100]","""""","9.9","false","{breed social-friends}","0","""default""","""none""","0"
"{citizen 32}","{citizen 43}","[213 0 42 100]","""""","9.9","false","{breed social-friends}","0","""default""","""none""","0"
"{citizen 32}","{citizen 44}","[213 0 42 100]","""""","9.9","false","{breed social-friends}","0","""default""","""none""","0"
"{citizen 32}","{citizen 45}","[213 0 42 100]","""""","9.9","false","{breed social-friends}","0","""default""","""none""","0"
"{citizen 32}","{citizen 46}","[213 0 42 100]","""""","9.9","false","{breed social-friends}","0","""default""","""none""","0"
"{citizen 32}","{citizen 47}","[213 0 42 100]","""""","9.9","false","{breed social-friends}","0","""default""","""none""","0"
"{citizen 32}","{citizen 48}","[213 0 42 100]","""""","9.9","false","{breed social-friends}","0","""default""","""none""","0"
"{citizen 32}","{citizen 49}","[213 0 42 100]","""""","9.9","false","{breed social-friends}","0","""default""","""none""","0"
"{citizen 33}","{citizen 0}","[213 0 42 100]","""""","9.9","false","{breed social-friends}","0","""default""","""none""","0"
"{citizen 33}","{citizen 1}","[213 0 42 100]","""""","9.9","false","{breed social-friends}","0","""default""","""none""","0"
"{citizen 33}","{citizen 2}","[213 0 42 100]","""""","9.9","false","{breed social-friends}","0","""default""","""none""","0"
"{citizen 33}","{citizen 3}","[213 0 42 100]","""""","9.9","false","{breed social-friends}","0","""default""","""none""","0"
"{citizen 33}","{citizen 4}","[213 0 42 100]","""""","9.9","false","{breed social-friends}","0","""default""","""none""","0"
"{citizen 33}","{citizen 5}","[213 0 42 100]","""""","9.9","false","{breed social-friends}","0","""default""","""none""","0"
"{citizen 33}","{citizen 6}","[213 0 42 100]","""""","9.9","false","{breed social-friends}","0","""default""","""none""","0"
"{citizen 33}","{citizen 7}","[213 0 42 100]","""""","9.9","false","{breed social-friends}","0","""default""","""none""","0"
"{citizen 33}","{citizen 8}","[213 0 42 100]","""""","9.9","false","{breed social-friends}","0","""default""","""none""","0"
"{citizen 33}","{citizen 9}","[213 0 42 100]","""""","9.9","false","{breed social-friends}","0","""default""","""none""","0"
"{citizen 33}","{citizen 10}","[141 141 141 100]","""""","9.9","false","{breed social-friends}","0","""default""","""none""","0"
"{citizen 33}","{citizen 11}","[213 0 42 100]","""""","9.9","false","{breed social-friends}","0","""default""","""none""","0"
"{citizen 33}","{citizen 12}","[141 141 141 100]","""""","9.9","false","{breed social-friends}","0","""default""","""none""","0"
"{citizen 33}","{citizen 13}","[213 0 42 100]","""""","9.9","false","{breed social-friends}","0","""default""","""none""","0"
"{citizen 33}","{citizen 14}","[213 0 42 100]","""""","9.9","false","{breed social-friends}","0","""default""","""none""","0"
"{citizen 33}","{citizen 15}","[213 0 42 100]","""""","9.9","false","{breed social-friends}","0","""default""","""none""","0"
"{citizen 33}","{citizen 16}","[213 0 42 100]","""""","9.9","false","{breed social-friends}","0","""default""","""none""","0"
"{citizen 33}","{citizen 17}","[213 0 42 100]","""""","9.9","false","{breed social-friends}","0","""default""","""none""","0"
"{citizen 33}","{citizen 18}","[213 0 42 100]","""""","9.9","false","{breed social-friends}","0","""default""","""none""","0"
"{citizen 33}","{citizen 19}","[213 0 42 100]","""""","9.9","false","{breed social-friends}","0","""default""","""none""","0"
"{citizen 33}","{citizen 20}","[213 0 42 100]","""""","9.9","false","{breed social-friends}","0","""default""","""none""","0"
"{citizen 33}","{citizen 21}","[213 0 42 100]","""""","9.9","false","{breed social-friends}","0","""default""","""none""","0"
"{citizen 33}","{citizen 22}","[213 0 42 100]","""""","9.9","false","{breed social-friends}","0","""default""","""none""","0"
"{citizen 33}","{citizen 23}","[213 0 42 100]","""""","9.9","false","{breed social-friends}","0","""default""","""none""","0"
"{citizen 33}","{citizen 24}","[213 0 42 100]","""""","9.9","false","{breed social-friends}","0","""default""","""none""","0"
"{citizen 33}","{citizen 25}","[213 0 42 100]","""""","9.9","false","{breed social-friends}","0","""default""","""none""","0"
"{citizen 33}","{citizen 26}","[141 141 141 100]","""""","9.9","false","{breed social-friends}","0","""default""","""none""","0"
"{citizen 33}","{citizen 27}","[213 0 42 100]","""""","9.9","false","{breed social-friends}","0","""default""","""none""","0"
"{citizen 33}","{citizen 28}","[213 0 42 100]","""""","9.9","false","{breed social-friends}","0","""default""","""none""","0"
"{citizen 33}","{citizen 29}","[213 0 42 100]","""""","9.9","false","{breed social-friends}","0","""default""","""none""","0"
"{citizen 33}","{citizen 30}","[213 0 42 100]","""""","9.9","false","{breed social-friends}","0","""default""","""none""","0"
"{citizen 33}","{citizen 31}","[213 0 42 100]","""""","9.9","false","{breed social-friends}","0","""default""","""none""","0"
"{citizen 33}","{citizen 32}","[213 0 42 100]","""""","9.9","false","{breed social-friends}","0","""default""","""none""","0"
"{citizen 33}","{citizen 34}","[213 0 42 100]","""""","9.9","false","{breed social-friends}","0","""default""","""none""","0"
"{citizen 33}","{citizen 35}","[141 141 141 100]","""""","9.9","false","{breed social-friends}","0","""default""","""none""","0"
"{citizen 33}","{citizen 36}","[213 0 42 100]","""""","9.9","false","{breed social-friends}","0","""default""","""none""","0"
"{citizen 33}","{citizen 37}","[213 0 42 100]","""""","9.9","false","{breed social-friends}","0","""default""","""none""","0"
"{citizen 33}","{citizen 38}","[213 0 42 100]","""""","9.9","false","{breed social-friends}","0","""default""","""none""","0"
"{citizen 33}","{citizen 39}","[213 0 42 100]","""""","9.9","false","{breed social-friends}","0","""default""","""none""","0"
"{citizen 33}","{citizen 40}","[213 0 42 100]","""""","9.9","false","{breed social-friends}","0","""default""","""none""","0"
"{citizen 33}","{citizen 41}","[213 0 42 100]","""""","9.9","false","{breed social-friends}","0","""default""","""none""","0"
"{citizen 33}","{citizen 42}","[213 0 42 100]","""""","9.9","false","{breed social-friends}","0","""default""","""none""","0"
"{citizen 33}","{citizen 43}","[213 0 42 100]","""""","9.9","false","{breed social-friends}","0","""default""","""none""","0"
"{citizen 33}","{citizen 44}","[213 0 42 100]","""""","9.9","false","{breed social-friends}","0","""default""","""none""","0"
"{citizen 33}","{citizen 45}","[213 0 42 100]","""""","9.9","false","{breed social-friends}","0","""default""","""none""","0"
"{citizen 33}","{citizen 46}","[213 0 42 100]","""""","9.9","false","{breed social-friends}","0","""default""","""none""","0"
"{citizen 33}","{citizen 47}","[213 0 42 100]","""""","9.9","false","{breed social-friends}","0","""default""","""none""","0"
"{citizen 33}","{citizen 48}","[213 0 42 100]","""""","9.9","false","{breed social-friends}","0","""default""","""none""","0"
"{citizen 33}","{citizen 49}","[213 0 42 100]","""""","9.9","false","{breed social-friends}","0","""default""","""none""","0"
"{citizen 34}","{citizen 0}","[213 0 42 100]","""""","9.9","false","{breed social-friends}","0","""default""","""none""","0"
"{citizen 34}","{citizen 1}","[213 0 42 100]","""""","9.9","false","{breed social-friends}","0","""default""","""none""","0"
"{citizen 34}","{citizen 2}","[213 0 42 100]","""""","9.9","false","{breed social-friends}","0","""default""","""none""","0"
"{citizen 34}","{citizen 3}","[213 0 42 100]","""""","9.9","false","{breed social-friends}","0","""default""","""none""","0"
"{citizen 34}","{citizen 4}","[213 0 42 100]","""""","9.9","false","{breed social-friends}","0","""default""","""none""","0"
"{citizen 34}","{citizen 5}","[213 0 42 100]","""""","9.9","false","{breed social-friends}","0","""default""","""none""","0"
"{citizen 34}","{citizen 6}","[213 0 42 100]","""""","9.9","false","{breed social-friends}","0","""default""","""none""","0"
"{citizen 34}","{citizen 7}","[213 0 42 100]","""""","9.9","false","{breed social-friends}","0","""default""","""none""","0"
"{citizen 34}","{citizen 8}","[213 0 42 100]","""""","9.9","false","{breed social-friends}","0","""default""","""none""","0"
"{citizen 34}","{citizen 9}","[213 0 42 100]","""""","9.9","false","{breed social-friends}","0","""default""","""none""","0"
"{citizen 34}","{citizen 10}","[141 141 141 100]","""""","9.9","false","{breed social-friends}","0","""default""","""none""","0"
"{citizen 34}","{citizen 11}","[213 0 42 100]","""""","9.9","false","{breed social-friends}","0","""default""","""none""","0"
"{citizen 34}","{citizen 12}","[141 141 141 100]","""""","9.9","false","{breed social-friends}","0","""default""","""none""","0"
"{citizen 34}","{citizen 13}","[213 0 42 100]","""""","9.9","false","{breed social-friends}","0","""default""","""none""","0"
"{citizen 34}","{citizen 14}","[213 0 42 100]","""""","9.9","false","{breed social-friends}","0","""default""","""none""","0"
"{citizen 34}","{citizen 15}","[213 0 42 100]","""""","9.9","false","{breed social-friends}","0","""default""","""none""","0"
"{citizen 34}","{citizen 16}","[213 0 42 100]","""""","9.9","false","{breed social-friends}","0","""default""","""none""","0"
"{citizen 34}","{citizen 17}","[213 0 42 100]","""""","9.9","false","{breed social-friends}","0","""default""","""none""","0"
"{citizen 34}","{citizen 18}","[213 0 42 100]","""""","9.9","false","{breed social-friends}","0","""default""","""none""","0"
"{citizen 34}","{citizen 19}","[213 0 42 100]","""""","9.9","false","{breed social-friends}","0","""default""","""none""","0"
"{citizen 34}","{citizen 20}","[213 0 42 100]","""""","9.9","false","{breed social-friends}","0","""default""","""none""","0"
"{citizen 34}","{citizen 21}","[213 0 42 100]","""""","9.9","false","{breed social-friends}","0","""default""","""none""","0"
"{citizen 34}","{citizen 22}","[213 0 42 100]","""""","9.9","false","{breed social-friends}","0","""default""","""none""","0"
"{citizen 34}","{citizen 23}","[213 0 42 100]","""""","9.9","false","{breed social-friends}","0","""default""","""none""","0"
"{citizen 34}","{citizen 24}","[213 0 42 100]","""""","9.9","false","{breed social-friends}","0","""default""","""none""","0"
"{citizen 34}","{citizen 25}","[213 0 42 100]","""""","9.9","false","{breed social-friends}","0","""default""","""none""","0"
"{citizen 34}","{citizen 26}","[141 141 141 100]","""""","9.9","false","{breed social-friends}","0","""default""","""none""","0"
"{citizen 34}","{citizen 27}","[213 0 42 100]","""""","9.9","false","{breed social-friends}","0","""default""","""none""","0"
"{citizen 34}","{citizen 28}","[213 0 42 100]","""""","9.9","false","{breed social-friends}","0","""default""","""none""","0"
"{citizen 34}","{citizen 29}","[213 0 42 100]","""""","9.9","false","{breed social-friends}","0","""default""","""none""","0"
"{citizen 34}","{citizen 30}","[213 0 42 100]","""""","9.9","false","{breed social-friends}","0","""default""","""none""","0"
"{citizen 34}","{citizen 31}","[213 0 42 100]","""""","9.9","false","{breed social-friends}","0","""default""","""none""","0"
"{citizen 34}","{citizen 32}","[213 0 42 100]","""""","9.9","false","{breed social-friends}","0","""default""","""none""","0"
"{citizen 34}","{citizen 33}","[213 0 42 100]","""""","9.9","false","{breed social-friends}","0","""default""","""none""","0"
"{citizen 34}","{citizen 35}","[141 141 141 100]","""""","9.9","false","{breed social-friends}","0","""default""","""none""","0"
"{citizen 34}","{citizen 36}","[213 0 42 100]","""""","9.9","false","{breed social-friends}","0","""default""","""none""","0"
"{citizen 34}","{citizen 37}","[213 0 42 100]","""""","9.9","false","{breed social-friends}","0","""default""","""none""","0"
"{citizen 34}","{citizen 38}","[213 0 42 100]","""""","9.9","false","{breed social-friends}","0","""default""","""none""","0"
"{citizen 34}","{citizen 39}","[213 0 42 100]","""""","9.9","false","{breed social-friends}","0","""default""","""none""","0"
"{citizen 34}","{citizen 40}","[213 0 42 100]","""""","9.9","false","{breed social-friends}","0","""default""","""none""","0"
"{citizen 34}","{citizen 41}","[213 0 42 100]","""""","9.9","false","{breed social-friends}","0","""default""","""none""","0"
"{citizen 34}","{citizen 42}","[213 0 42 100]","""""","9.9","false","{breed social-friends}","0","""default""","""none""","0"
"{citizen 34}","{citizen 43}","[213 0 42 100]","""""","9.9","false","{breed social-friends}","0","""default""","""none""","0"
"{citizen 34}","{citizen 44}","[213 0 42 100]","""""","9.9","false","{breed social-friends}","0","""default""","""none""","0"
"{citizen 34}","{citizen 45}","[213 0 42 100]","""""","9.9","false","{breed social-friends}","0","""default""","""none""","0"
"{citizen 34}","{citizen 46}","[213 0 42 100]","""""","9.9","false","{breed social-friends}","0","""default""","""none""","0"
"{citizen 34}","{citizen 47}","[213 0 42 100]","""""","9.9","false","{breed social-friends}","0","""default""","""none""","0"
"{citizen 34}","{citizen 48}","[213 0 42 100]","""""","9.9","false","{breed social-friends}","0","""default""","""none""","0"
"{citizen 34}","{citizen 49}","[213 0 42 100]","""""","9.9","false","{breed social-friends}","0","""default""","""none""","0"
"{citizen 35}","{citizen 0}","[141 141 141 100]","""""","9.9","false","{breed social-friends}","0","""default""","""none""","0"
"{citizen 35}","{citizen 1}","[141 141 141 100]","""""","9.9","false","{breed social-friends}","0","""default""","""none""","0"
"{citizen 35}","{citizen 2}","[141 141 141 100]","""""","9.9","false","{breed social-friends}","0","""default""","""none""","0"
"{citizen 35}","{citizen 3}","[141 141 141 100]","""""","9.9","false","{breed social-friends}","0","""default""","""none""","0"
"{citizen 35}","{citizen 4}","[141 141 141 100]","""""","9.9","false","{breed social-friends}","0","""default""","""none""","0"
"{citizen 35}","{citizen 5}","[141 141 141 100]","""""","9.9","false","{breed social-friends}","0","""default""","""none""","0"
"{citizen 35}","{citizen 6}","[141 141 141 100]","""""","9.9","false","{breed social-friends}","0","""default""","""none""","0"
"{citizen 35}","{citizen 7}","[141 141 141 100]","""""","9.9","false","{breed social-friends}","0","""default""","""none""","0"
"{citizen 35}","{citizen 8}","[141 141 141 100]","""""","9.9","false","{breed social-friends}","0","""default""","""none""","0"
"{citizen 35}","{citizen 9}","[141 141 141 100]","""""","9.9","false","{breed social-friends}","0","""default""","""none""","0"
"{citizen 35}","{citizen 10}","[128 0 127 100]","""""","9.9","false","{breed social-friends}","0","""default""","""none""","0"
"{citizen 35}","{citizen 11}","[141 141 141 100]","""""","9.9","false","{breed social-friends}","0","""default""","""none""","0"
"{citizen 35}","{citizen 12}","[128 0 127 100]","""""","9.9","false","{breed social-friends}","0","""default""","""none""","0"
"{citizen 35}","{citizen 13}","[141 141 141 100]","""""","9.9","false","{breed social-friends}","0","""default""","""none""","0"
"{citizen 35}","{citizen 14}","[141 141 141 100]","""""","9.9","false","{breed social-friends}","0","""default""","""none""","0"
"{citizen 35}","{citizen 15}","[141 141 141 100]","""""","9.9","false","{breed social-friends}","0","""default""","""none""","0"
"{citizen 35}","{citizen 16}","[141 141 141 100]","""""","9.9","false","{breed social-friends}","0","""default""","""none""","0"
"{citizen 35}","{citizen 17}","[141 141 141 100]","""""","9.9","false","{breed social-friends}","0","""default""","""none""","0"
"{citizen 35}","{citizen 18}","[141 141 141 100]","""""","9.9","false","{breed social-friends}","0","""default""","""none""","0"
"{citizen 35}","{citizen 19}","[141 141 141 100]","""""","9.9","false","{breed social-friends}","0","""default""","""none""","0"
"{citizen 35}","{citizen 20}","[141 141 141 100]","""""","9.9","false","{breed social-friends}","0","""default""","""none""","0"
"{citizen 35}","{citizen 21}","[141 141 141 100]","""""","9.9","false","{breed social-friends}","0","""default""","""none""","0"
"{citizen 35}","{citizen 22}","[141 141 141 100]","""""","9.9","false","{breed social-friends}","0","""default""","""none""","0"
"{citizen 35}","{citizen 23}","[141 141 141 100]","""""","9.9","false","{breed social-friends}","0","""default""","""none""","0"
"{citizen 35}","{citizen 24}","[141 141 141 100]","""""","9.9","false","{breed social-friends}","0","""default""","""none""","0"
"{citizen 35}","{citizen 25}","[141 141 141 100]","""""","9.9","false","{breed social-friends}","0","""default""","""none""","0"
"{citizen 35}","{citizen 26}","[128 0 127 100]","""""","9.9","false","{breed social-friends}","0","""default""","""none""","0"
"{citizen 35}","{citizen 27}","[141 141 141 100]","""""","9.9","false","{breed social-friends}","0","""default""","""none""","0"
"{citizen 35}","{citizen 28}","[141 141 141 100]","""""","9.9","false","{breed social-friends}","0","""default""","""none""","0"
"{citizen 35}","{citizen 29}","[141 141 141 100]","""""","9.9","false","{breed social-friends}","0","""default""","""none""","0"
"{citizen 35}","{citizen 30}","[141 141 141 100]","""""","9.9","false","{breed social-friends}","0","""default""","""none""","0"
"{citizen 35}","{citizen 31}","[141 141 141 100]","""""","9.9","false","{breed social-friends}","0","""default""","""none""","0"
"{citizen 35}","{citizen 32}","[141 141 141 100]","""""","9.9","false","{breed social-friends}","0","""default""","""none""","0"
"{citizen 35}","{citizen 33}","[141 141 141 100]","""""","9.9","false","{breed social-friends}","0","""default""","""none""","0"
"{citizen 35}","{citizen 34}","[141 141 141 100]","""""","9.9","false","{breed social-friends}","0","""default""","""none""","0"
"{citizen 35}","{citizen 36}","[141 141 141 100]","""""","9.9","false","{breed social-friends}","0","""default""","""none""","0"
"{citizen 35}","{citizen 37}","[141 141 141 100]","""""","9.9","false","{breed social-friends}","0","""default""","""none""","0"
"{citizen 35}","{citizen 38}","[141 141 141 100]","""""","9.9","false","{breed social-friends}","0","""default""","""none""","0"
"{citizen 35}","{citizen 39}","[141 141 141 100]","""""","9.9","false","{breed social-friends}","0","""default""","""none""","0"
"{citizen 35}","{citizen 40}","[141 141 141 100]","""""","9.9","false","{breed social-friends}","0","""default""","""none""","0"
"{citizen 35}","{citizen 41}","[141 141 141 100]","""""","9.9","false","{breed social-friends}","0","""default""","""none""","0"
"{citizen 35}","{citizen 42}","[141 141 141 100]","""""","9.9","false","{breed social-friends}","0","""default""","""none""","0"
"{citizen 35}","{citizen 43}","[141 141 141 100]","""""","9.9","false","{breed social-friends}","0","""default""","""none""","0"
"{citizen 35}","{citizen 44}","[141 141 141 100]","""""","9.9","false","{breed social-friends}","0","""default""","""none""","0"
"{citizen 35}","{citizen 45}","[141 141 141 100]","""""","9.9","false","{breed social-friends}","0","""default""","""none""","0"
"{citizen 35}","{citizen 46}","[141 141 141 100]","""""","9.9","false","{breed social-friends}","0","""default""","""none""","0"
"{citizen 35}","{citizen 47}","[141 141 141 100]","""""","9.9","false","{breed social-friends}","0","""default""","""none""","0"
"{citizen 35}","{citizen 48}","[141 141 141 100]","""""","9.9","false","{breed social-friends}","0","""default""","""none""","0"
"{citizen 35}","{citizen 49}","[141 141 141 100]","""""","9.9","false","{breed social-friends}","0","""default""","""none""","0"
"{citizen 36}","{citizen 0}","[213 0 42 100]","""""","9.9","false","{breed social-friends}","0","""default""","""none""","0"
"{citizen 36}","{citizen 1}","[213 0 42 100]","""""","9.9","false","{breed social-friends}","0","""default""","""none""","0"
"{citizen 36}","{citizen 2}","[213 0 42 100]","""""","9.9","false","{breed social-friends}","0","""default""","""none""","0"
"{citizen 36}","{citizen 3}","[213 0 42 100]","""""","9.9","false","{breed social-friends}","0","""default""","""none""","0"
"{citizen 36}","{citizen 4}","[213 0 42 100]","""""","9.9","false","{breed social-friends}","0","""default""","""none""","0"
"{citizen 36}","{citizen 5}","[213 0 42 100]","""""","9.9","false","{breed social-friends}","0","""default""","""none""","0"
"{citizen 36}","{citizen 6}","[213 0 42 100]","""""","9.9","false","{breed social-friends}","0","""default""","""none""","0"
"{citizen 36}","{citizen 7}","[213 0 42 100]","""""","9.9","false","{breed social-friends}","0","""default""","""none""","0"
"{citizen 36}","{citizen 8}","[213 0 42 100]","""""","9.9","false","{breed social-friends}","0","""default""","""none""","0"
"{citizen 36}","{citizen 9}","[213 0 42 100]","""""","9.9","false","{breed social-friends}","0","""default""","""none""","0"
"{citizen 36}","{citizen 10}","[141 141 141 100]","""""","9.9","false","{breed social-friends}","0","""default""","""none""","0"
"{citizen 36}","{citizen 11}","[213 0 42 100]","""""","9.9","false","{breed social-friends}","0","""default""","""none""","0"
"{citizen 36}","{citizen 12}","[141 141 141 100]","""""","9.9","false","{breed social-friends}","0","""default""","""none""","0"
"{citizen 36}","{citizen 13}","[213 0 42 100]","""""","9.9","false","{breed social-friends}","0","""default""","""none""","0"
"{citizen 36}","{citizen 14}","[213 0 42 100]","""""","9.9","false","{breed social-friends}","0","""default""","""none""","0"
"{citizen 36}","{citizen 15}","[213 0 42 100]","""""","9.9","false","{breed social-friends}","0","""default""","""none""","0"
"{citizen 36}","{citizen 16}","[213 0 42 100]","""""","9.9","false","{breed social-friends}","0","""default""","""none""","0"
"{citizen 36}","{citizen 17}","[213 0 42 100]","""""","9.9","false","{breed social-friends}","0","""default""","""none""","0"
"{citizen 36}","{citizen 18}","[213 0 42 100]","""""","9.9","false","{breed social-friends}","0","""default""","""none""","0"
"{citizen 36}","{citizen 19}","[213 0 42 100]","""""","9.9","false","{breed social-friends}","0","""default""","""none""","0"
"{citizen 36}","{citizen 20}","[213 0 42 100]","""""","9.9","false","{breed social-friends}","0","""default""","""none""","0"
"{citizen 36}","{citizen 21}","[213 0 42 100]","""""","9.9","false","{breed social-friends}","0","""default""","""none""","0"
"{citizen 36}","{citizen 22}","[213 0 42 100]","""""","9.9","false","{breed social-friends}","0","""default""","""none""","0"
"{citizen 36}","{citizen 23}","[213 0 42 100]","""""","9.9","false","{breed social-friends}","0","""default""","""none""","0"
"{citizen 36}","{citizen 24}","[213 0 42 100]","""""","9.9","false","{breed social-friends}","0","""default""","""none""","0"
"{citizen 36}","{citizen 25}","[213 0 42 100]","""""","9.9","false","{breed social-friends}","0","""default""","""none""","0"
"{citizen 36}","{citizen 26}","[141 141 141 100]","""""","9.9","false","{breed social-friends}","0","""default""","""none""","0"
"{citizen 36}","{citizen 27}","[213 0 42 100]","""""","9.9","false","{breed social-friends}","0","""default""","""none""","0"
"{citizen 36}","{citizen 28}","[213 0 42 100]","""""","9.9","false","{breed social-friends}","0","""default""","""none""","0"
"{citizen 36}","{citizen 29}","[213 0 42 100]","""""","9.9","false","{breed social-friends}","0","""default""","""none""","0"
"{citizen 36}","{citizen 30}","[213 0 42 100]","""""","9.9","false","{breed social-friends}","0","""default""","""none""","0"
"{citizen 36}","{citizen 31}","[213 0 42 100]","""""","9.9","false","{breed social-friends}","0","""default""","""none""","0"
"{citizen 36}","{citizen 32}","[213 0 42 100]","""""","9.9","false","{breed social-friends}","0","""default""","""none""","0"
"{citizen 36}","{citizen 33}","[213 0 42 100]","""""","9.9","false","{breed social-friends}","0","""default""","""none""","0"
"{citizen 36}","{citizen 34}","[213 0 42 100]","""""","9.9","false","{breed social-friends}","0","""default""","""none""","0"
"{citizen 36}","{citizen 35}","[141 141 141 100]","""""","9.9","false","{breed social-friends}","0","""default""","""none""","0"
"{citizen 36}","{citizen 37}","[213 0 42 100]","""""","9.9","false","{breed social-friends}","0","""default""","""none""","0"
"{citizen 36}","{citizen 38}","[213 0 42 100]","""""","9.9","false","{breed social-friends}","0","""default""","""none""","0"
"{citizen 36}","{citizen 39}","[213 0 42 100]","""""","9.9","false","{breed social-friends}","0","""default""","""none""","0"
"{citizen 36}","{citizen 40}","[213 0 42 100]","""""","9.9","false","{breed social-friends}","0","""default""","""none""","0"
"{citizen 36}","{citizen 41}","[213 0 42 100]","""""","9.9","false","{breed social-friends}","0","""default""","""none""","0"
"{citizen 36}","{citizen 42}","[213 0 42 100]","""""","9.9","false","{breed social-friends}","0","""default""","""none""","0"
"{citizen 36}","{citizen 43}","[213 0 42 100]","""""","9.9","false","{breed social-friends}","0","""default""","""none""","0"
"{citizen 36}","{citizen 44}","[213 0 42 100]","""""","9.9","false","{breed social-friends}","0","""default""","""none""","0"
"{citizen 36}","{citizen 45}","[213 0 42 100]","""""","9.9","false","{breed social-friends}","0","""default""","""none""","0"
"{citizen 36}","{citizen 46}","[213 0 42 100]","""""","9.9","false","{breed social-friends}","0","""default""","""none""","0"
"{citizen 36}","{citizen 47}","[213 0 42 100]","""""","9.9","false","{breed social-friends}","0","""default""","""none""","0"
"{citizen 36}","{citizen 48}","[213 0 42 100]","""""","9.9","false","{breed social-friends}","0","""default""","""none""","0"
"{citizen 36}","{citizen 49}","[213 0 42 100]","""""","9.9","false","{breed social-friends}","0","""default""","""none""","0"
"{citizen 37}","{citizen 0}","[213 0 42 100]","""""","9.9","false","{breed social-friends}","0","""default""","""none""","0"
"{citizen 37}","{citizen 1}","[213 0 42 100]","""""","9.9","false","{breed social-friends}","0","""default""","""none""","0"
"{citizen 37}","{citizen 2}","[213 0 42 100]","""""","9.9","false","{breed social-friends}","0","""default""","""none""","0"
"{citizen 37}","{citizen 3}","[213 0 42 100]","""""","9.9","false","{breed social-friends}","0","""default""","""none""","0"
"{citizen 37}","{citizen 4}","[213 0 42 100]","""""","9.9","false","{breed social-friends}","0","""default""","""none""","0"
"{citizen 37}","{citizen 5}","[213 0 42 100]","""""","9.9","false","{breed social-friends}","0","""default""","""none""","0"
"{citizen 37}","{citizen 6}","[213 0 42 100]","""""","9.9","false","{breed social-friends}","0","""default""","""none""","0"
"{citizen 37}","{citizen 7}","[213 0 42 100]","""""","9.9","false","{breed social-friends}","0","""default""","""none""","0"
"{citizen 37}","{citizen 8}","[213 0 42 100]","""""","9.9","false","{breed social-friends}","0","""default""","""none""","0"
"{citizen 37}","{citizen 9}","[213 0 42 100]","""""","9.9","false","{breed social-friends}","0","""default""","""none""","0"
"{citizen 37}","{citizen 10}","[141 141 141 100]","""""","9.9","false","{breed social-friends}","0","""default""","""none""","0"
"{citizen 37}","{citizen 11}","[213 0 42 100]","""""","9.9","false","{breed social-friends}","0","""default""","""none""","0"
"{citizen 37}","{citizen 12}","[141 141 141 100]","""""","9.9","false","{breed social-friends}","0","""default""","""none""","0"
"{citizen 37}","{citizen 13}","[213 0 42 100]","""""","9.9","false","{breed social-friends}","0","""default""","""none""","0"
"{citizen 37}","{citizen 14}","[213 0 42 100]","""""","9.9","false","{breed social-friends}","0","""default""","""none""","0"
"{citizen 37}","{citizen 15}","[213 0 42 100]","""""","9.9","false","{breed social-friends}","0","""default""","""none""","0"
"{citizen 37}","{citizen 16}","[213 0 42 100]","""""","9.9","false","{breed social-friends}","0","""default""","""none""","0"
"{citizen 37}","{citizen 17}","[213 0 42 100]","""""","9.9","false","{breed social-friends}","0","""default""","""none""","0"
"{citizen 37}","{citizen 18}","[213 0 42 100]","""""","9.9","false","{breed social-friends}","0","""default""","""none""","0"
"{citizen 37}","{citizen 19}","[213 0 42 100]","""""","9.9","false","{breed social-friends}","0","""default""","""none""","0"
"{citizen 37}","{citizen 20}","[213 0 42 100]","""""","9.9","false","{breed social-friends}","0","""default""","""none""","0"
"{citizen 37}","{citizen 21}","[213 0 42 100]","""""","9.9","false","{breed social-friends}","0","""default""","""none""","0"
"{citizen 37}","{citizen 22}","[213 0 42 100]","""""","9.9","false","{breed social-friends}","0","""default""","""none""","0"
"{citizen 37}","{citizen 23}","[213 0 42 100]","""""","9.9","false","{breed social-friends}","0","""default""","""none""","0"
"{citizen 37}","{citizen 24}","[213 0 42 100]","""""","9.9","false","{breed social-friends}","0","""default""","""none""","0"
"{citizen 37}","{citizen 25}","[213 0 42 100]","""""","9.9","false","{breed social-friends}","0","""default""","""none""","0"
"{citizen 37}","{citizen 26}","[141 141 141 100]","""""","9.9","false","{breed social-friends}","0","""default""","""none""","0"
"{citizen 37}","{citizen 27}","[213 0 42 100]","""""","9.9","false","{breed social-friends}","0","""default""","""none""","0"
"{citizen 37}","{citizen 28}","[213 0 42 100]","""""","9.9","false","{breed social-friends}","0","""default""","""none""","0"
"{citizen 37}","{citizen 29}","[213 0 42 100]","""""","9.9","false","{breed social-friends}","0","""default""","""none""","0"
"{citizen 37}","{citizen 30}","[213 0 42 100]","""""","9.9","false","{breed social-friends}","0","""default""","""none""","0"
"{citizen 37}","{citizen 31}","[213 0 42 100]","""""","9.9","false","{breed social-friends}","0","""default""","""none""","0"
"{citizen 37}","{citizen 32}","[213 0 42 100]","""""","9.9","false","{breed social-friends}","0","""default""","""none""","0"
"{citizen 37}","{citizen 33}","[213 0 42 100]","""""","9.9","false","{breed social-friends}","0","""default""","""none""","0"
"{citizen 37}","{citizen 34}","[213 0 42 100]","""""","9.9","false","{breed social-friends}","0","""default""","""none""","0"
"{citizen 37}","{citizen 35}","[141 141 141 100]","""""","9.9","false","{breed social-friends}","0","""default""","""none""","0"
"{citizen 37}","{citizen 36}","[213 0 42 100]","""""","9.9","false","{breed social-friends}","0","""default""","""none""","0"
"{citizen 37}","{citizen 38}","[213 0 42 100]","""""","9.9","false","{breed social-friends}","0","""default""","""none""","0"
"{citizen 37}","{citizen 39}","[213 0 42 100]","""""","9.9","false","{breed social-friends}","0","""default""","""none""","0"
"{citizen 37}","{citizen 40}","[213 0 42 100]","""""","9.9","false","{breed social-friends}","0","""default""","""none""","0"
"{citizen 37}","{citizen 41}","[213 0 42 100]","""""","9.9","false","{breed social-friends}","0","""default""","""none""","0"
"{citizen 37}","{citizen 42}","[213 0 42 100]","""""","9.9","false","{breed social-friends}","0","""default""","""none""","0"
"{citizen 37}","{citizen 43}","[213 0 42 100]","""""","9.9","false","{breed social-friends}","0","""default""","""none""","0"
"{citizen 37}","{citizen 44}","[213 0 42 100]","""""","9.9","false","{breed social-friends}","0","""default""","""none""","0"
"{citizen 37}","{citizen 45}","[213 0 42 100]","""""","9.9","false","{breed social-friends}","0","""default""","""none""","0"
"{citizen 37}","{citizen 46}","[213 0 42 100]","""""","9.9","false","{breed social-friends}","0","""default""","""none""","0"
"{citizen 37}","{citizen 47}","[213 0 42 100]","""""","9.9","false","{breed social-friends}","0","""default""","""none""","0"
"{citizen 37}","{citizen 48}","[213 0 42 100]","""""","9.9","false","{breed social-friends}","0","""default""","""none""","0"
"{citizen 37}","{citizen 49}","[213 0 42 100]","""""","9.9","false","{breed social-friends}","0","""default""","""none""","0"
"{citizen 38}","{citizen 0}","[213 0 42 100]","""""","9.9","false","{breed social-friends}","0","""default""","""none""","0"
"{citizen 38}","{citizen 1}","[213 0 42 100]","""""","9.9","false","{breed social-friends}","0","""default""","""none""","0"
"{citizen 38}","{citizen 2}","[213 0 42 100]","""""","9.9","false","{breed social-friends}","0","""default""","""none""","0"
"{citizen 38}","{citizen 3}","[213 0 42 100]","""""","9.9","false","{breed social-friends}","0","""default""","""none""","0"
"{citizen 38}","{citizen 4}","[213 0 42 100]","""""","9.9","false","{breed social-friends}","0","""default""","""none""","0"
"{citizen 38}","{citizen 5}","[213 0 42 100]","""""","9.9","false","{breed social-friends}","0","""default""","""none""","0"
"{citizen 38}","{citizen 6}","[213 0 42 100]","""""","9.9","false","{breed social-friends}","0","""default""","""none""","0"
"{citizen 38}","{citizen 7}","[213 0 42 100]","""""","9.9","false","{breed social-friends}","0","""default""","""none""","0"
"{citizen 38}","{citizen 8}","[213 0 42 100]","""""","9.9","false","{breed social-friends}","0","""default""","""none""","0"
"{citizen 38}","{citizen 9}","[213 0 42 100]","""""","9.9","false","{breed social-friends}","0","""default""","""none""","0"
"{citizen 38}","{citizen 10}","[141 141 141 100]","""""","9.9","false","{breed social-friends}","0","""default""","""none""","0"
"{citizen 38}","{citizen 11}","[213 0 42 100]","""""","9.9","false","{breed social-friends}","0","""default""","""none""","0"
"{citizen 38}","{citizen 12}","[141 141 141 100]","""""","9.9","false","{breed social-friends}","0","""default""","""none""","0"
"{citizen 38}","{citizen 13}","[213 0 42 100]","""""","9.9","false","{breed social-friends}","0","""default""","""none""","0"
"{citizen 38}","{citizen 14}","[213 0 42 100]","""""","9.9","false","{breed social-friends}","0","""default""","""none""","0"
"{citizen 38}","{citizen 15}","[213 0 42 100]","""""","9.9","false","{breed social-friends}","0","""default""","""none""","0"
"{citizen 38}","{citizen 16}","[213 0 42 100]","""""","9.9","false","{breed social-friends}","0","""default""","""none""","0"
"{citizen 38}","{citizen 17}","[213 0 42 100]","""""","9.9","false","{breed social-friends}","0","""default""","""none""","0"
"{citizen 38}","{citizen 18}","[213 0 42 100]","""""","9.9","false","{breed social-friends}","0","""default""","""none""","0"
"{citizen 38}","{citizen 19}","[213 0 42 100]","""""","9.9","false","{breed social-friends}","0","""default""","""none""","0"
"{citizen 38}","{citizen 20}","[213 0 42 100]","""""","9.9","false","{breed social-friends}","0","""default""","""none""","0"
"{citizen 38}","{citizen 21}","[213 0 42 100]","""""","9.9","false","{breed social-friends}","0","""default""","""none""","0"
"{citizen 38}","{citizen 22}","[213 0 42 100]","""""","9.9","false","{breed social-friends}","0","""default""","""none""","0"
"{citizen 38}","{citizen 23}","[213 0 42 100]","""""","9.9","false","{breed social-friends}","0","""default""","""none""","0"
"{citizen 38}","{citizen 24}","[213 0 42 100]","""""","9.9","false","{breed social-friends}","0","""default""","""none""","0"
"{citizen 38}","{citizen 25}","[213 0 42 100]","""""","9.9","false","{breed social-friends}","0","""default""","""none""","0"
"{citizen 38}","{citizen 26}","[141 141 141 100]","""""","9.9","false","{breed social-friends}","0","""default""","""none""","0"
"{citizen 38}","{citizen 27}","[213 0 42 100]","""""","9.9","false","{breed social-friends}","0","""default""","""none""","0"
"{citizen 38}","{citizen 28}","[213 0 42 100]","""""","9.9","false","{breed social-friends}","0","""default""","""none""","0"
"{citizen 38}","{citizen 29}","[213 0 42 100]","""""","9.9","false","{breed social-friends}","0","""default""","""none""","0"
"{citizen 38}","{citizen 30}","[213 0 42 100]","""""","9.9","false","{breed social-friends}","0","""default""","""none""","0"
"{citizen 38}","{citizen 31}","[213 0 42 100]","""""","9.9","false","{breed social-friends}","0","""default""","""none""","0"
"{citizen 38}","{citizen 32}","[213 0 42 100]","""""","9.9","false","{breed social-friends}","0","""default""","""none""","0"
"{citizen 38}","{citizen 33}","[213 0 42 100]","""""","9.9","false","{breed social-friends}","0","""default""","""none""","0"
"{citizen 38}","{citizen 34}","[213 0 42 100]","""""","9.9","false","{breed social-friends}","0","""default""","""none""","0"
"{citizen 38}","{citizen 35}","[141 141 141 100]","""""","9.9","false","{breed social-friends}","0","""default""","""none""","0"
"{citizen 38}","{citizen 36}","[213 0 42 100]","""""","9.9","false","{breed social-friends}","0","""default""","""none""","0"
"{citizen 38}","{citizen 37}","[213 0 42 100]","""""","9.9","false","{breed social-friends}","0","""default""","""none""","0"
"{citizen 38}","{citizen 39}","[213 0 42 100]","""""","9.9","false","{breed social-friends}","0","""default""","""none""","0"
"{citizen 38}","{citizen 40}","[213 0 42 100]","""""","9.9","false","{breed social-friends}","0","""default""","""none""","0"
"{citizen 38}","{citizen 41}","[213 0 42 100]","""""","9.9","false","{breed social-friends}","0","""default""","""none""","0"
"{citizen 38}","{citizen 42}","[213 0 42 100]","""""","9.9","false","{breed social-friends}","0","""default""","""none""","0"
"{citizen 38}","{citizen 43}","[213 0 42 100]","""""","9.9","false","{breed social-friends}","0","""default""","""none""","0"
"{citizen 38}","{citizen 44}","[213 0 42 100]","""""","9.9","false","{breed social-friends}","0","""default""","""none""","0"
"{citizen 38}","{citizen 45}","[213 0 42 100]","""""","9.9","false","{breed social-friends}","0","""default""","""none""","0"
"{citizen 38}","{citizen 46}","[213 0 42 100]","""""","9.9","false","{breed social-friends}","0","""default""","""none""","0"
"{citizen 38}","{citizen 47}","[213 0 42 100]","""""","9.9","false","{breed social-friends}","0","""default""","""none""","0"
"{citizen 38}","{citizen 48}","[213 0 42 100]","""""","9.9","false","{breed social-friends}","0","""default""","""none""","0"
"{citizen 38}","{citizen 49}","[213 0 42 100]","""""","9.9","false","{breed social-friends}","0","""default""","""none""","0"
"{citizen 39}","{citizen 0}","[213 0 42 100]","""""","9.9","false","{breed social-friends}","0","""default""","""none""","0"
"{citizen 39}","{citizen 1}","[213 0 42 100]","""""","9.9","false","{breed social-friends}","0","""default""","""none""","0"
"{citizen 39}","{citizen 2}","[213 0 42 100]","""""","9.9","false","{breed social-friends}","0","""default""","""none""","0"
"{citizen 39}","{citizen 3}","[213 0 42 100]","""""","9.9","false","{breed social-friends}","0","""default""","""none""","0"
"{citizen 39}","{citizen 4}","[213 0 42 100]","""""","9.9","false","{breed social-friends}","0","""default""","""none""","0"
"{citizen 39}","{citizen 5}","[213 0 42 100]","""""","9.9","false","{breed social-friends}","0","""default""","""none""","0"
"{citizen 39}","{citizen 6}","[213 0 42 100]","""""","9.9","false","{breed social-friends}","0","""default""","""none""","0"
"{citizen 39}","{citizen 7}","[213 0 42 100]","""""","9.9","false","{breed social-friends}","0","""default""","""none""","0"
"{citizen 39}","{citizen 8}","[213 0 42 100]","""""","9.9","false","{breed social-friends}","0","""default""","""none""","0"
"{citizen 39}","{citizen 9}","[213 0 42 100]","""""","9.9","false","{breed social-friends}","0","""default""","""none""","0"
"{citizen 39}","{citizen 10}","[141 141 141 100]","""""","9.9","false","{breed social-friends}","0","""default""","""none""","0"
"{citizen 39}","{citizen 11}","[213 0 42 100]","""""","9.9","false","{breed social-friends}","0","""default""","""none""","0"
"{citizen 39}","{citizen 12}","[141 141 141 100]","""""","9.9","false","{breed social-friends}","0","""default""","""none""","0"
"{citizen 39}","{citizen 13}","[213 0 42 100]","""""","9.9","false","{breed social-friends}","0","""default""","""none""","0"
"{citizen 39}","{citizen 14}","[213 0 42 100]","""""","9.9","false","{breed social-friends}","0","""default""","""none""","0"
"{citizen 39}","{citizen 15}","[213 0 42 100]","""""","9.9","false","{breed social-friends}","0","""default""","""none""","0"
"{citizen 39}","{citizen 16}","[213 0 42 100]","""""","9.9","false","{breed social-friends}","0","""default""","""none""","0"
"{citizen 39}","{citizen 17}","[213 0 42 100]","""""","9.9","false","{breed social-friends}","0","""default""","""none""","0"
"{citizen 39}","{citizen 18}","[213 0 42 100]","""""","9.9","false","{breed social-friends}","0","""default""","""none""","0"
"{citizen 39}","{citizen 19}","[213 0 42 100]","""""","9.9","false","{breed social-friends}","0","""default""","""none""","0"
"{citizen 39}","{citizen 20}","[213 0 42 100]","""""","9.9","false","{breed social-friends}","0","""default""","""none""","0"
"{citizen 39}","{citizen 21}","[213 0 42 100]","""""","9.9","false","{breed social-friends}","0","""default""","""none""","0"
"{citizen 39}","{citizen 22}","[213 0 42 100]","""""","9.9","false","{breed social-friends}","0","""default""","""none""","0"
"{citizen 39}","{citizen 23}","[213 0 42 100]","""""","9.9","false","{breed social-friends}","0","""default""","""none""","0"
"{citizen 39}","{citizen 24}","[213 0 42 100]","""""","9.9","false","{breed social-friends}","0","""default""","""none""","0"
"{citizen 39}","{citizen 25}","[213 0 42 100]","""""","9.9","false","{breed social-friends}","0","""default""","""none""","0"
"{citizen 39}","{citizen 26}","[141 141 141 100]","""""","9.9","false","{breed social-friends}","0","""default""","""none""","0"
"{citizen 39}","{citizen 27}","[213 0 42 100]","""""","9.9","false","{breed social-friends}","0","""default""","""none""","0"
"{citizen 39}","{citizen 28}","[213 0 42 100]","""""","9.9","false","{breed social-friends}","0","""default""","""none""","0"
"{citizen 39}","{citizen 29}","[213 0 42 100]","""""","9.9","false","{breed social-friends}","0","""default""","""none""","0"
"{citizen 39}","{citizen 30}","[213 0 42 100]","""""","9.9","false","{breed social-friends}","0","""default""","""none""","0"
"{citizen 39}","{citizen 31}","[213 0 42 100]","""""","9.9","false","{breed social-friends}","0","""default""","""none""","0"
"{citizen 39}","{citizen 32}","[213 0 42 100]","""""","9.9","false","{breed social-friends}","0","""default""","""none""","0"
"{citizen 39}","{citizen 33}","[213 0 42 100]","""""","9.9","false","{breed social-friends}","0","""default""","""none""","0"
"{citizen 39}","{citizen 34}","[213 0 42 100]","""""","9.9","false","{breed social-friends}","0","""default""","""none""","0"
"{citizen 39}","{citizen 35}","[141 141 141 100]","""""","9.9","false","{breed social-friends}","0","""default""","""none""","0"
"{citizen 39}","{citizen 36}","[213 0 42 100]","""""","9.9","false","{breed social-friends}","0","""default""","""none""","0"
"{citizen 39}","{citizen 37}","[213 0 42 100]","""""","9.9","false","{breed social-friends}","0","""default""","""none""","0"
"{citizen 39}","{citizen 38}","[213 0 42 100]","""""","9.9","false","{breed social-friends}","0","""default""","""none""","0"
"{citizen 39}","{citizen 40}","[213 0 42 100]","""""","9.9","false","{breed social-friends}","0","""default""","""none""","0"
"{citizen 39}","{citizen 41}","[213 0 42 100]","""""","9.9","false","{breed social-friends}","0","""default""","""none""","0"
"{citizen 39}","{citizen 42}","[213 0 42 100]","""""","9.9","false","{breed social-friends}","0","""default""","""none""","0"
"{citizen 39}","{citizen 43}","[213 0 42 100]","""""","9.9","false","{breed social-friends}","0","""default""","""none""","0"
"{citizen 39}","{citizen 44}","[213 0 42 100]","""""","9.9","false","{breed social-friends}","0","""default""","""none""","0"
"{citizen 39}","{citizen 45}","[213 0 42 100]","""""","9.9","false","{breed social-friends}","0","""default""","""none""","0"
"{citizen 39}","{citizen 46}","[213 0 42 100]","""""","9.9","false","{breed social-friends}","0","""default""","""none""","0"
"{citizen 39}","{citizen 47}","[213 0 42 100]","""""","9.9","false","{breed social-friends}","0","""default""","""none""","0"
"{citizen 39}","{citizen 48}","[213 0 42 100]","""""","9.9","false","{breed social-friends}","0","""default""","""none""","0"
"{citizen 39}","{citizen 49}","[213 0 42 100]","""""","9.9","false","{breed social-friends}","0","""default""","""none""","0"
"{citizen 40}","{citizen 0}","[213 0 42 100]","""""","9.9","false","{breed social-friends}","0","""default""","""none""","0"
"{citizen 40}","{citizen 1}","[213 0 42 100]","""""","9.9","false","{breed social-friends}","0","""default""","""none""","0"
"{citizen 40}","{citizen 2}","[213 0 42 100]","""""","9.9","false","{breed social-friends}","0","""default""","""none""","0"
"{citizen 40}","{citizen 3}","[213 0 42 100]","""""","9.9","false","{breed social-friends}","0","""default""","""none""","0"
"{citizen 40}","{citizen 4}","[213 0 42 100]","""""","9.9","false","{breed social-friends}","0","""default""","""none""","0"
"{citizen 40}","{citizen 5}","[213 0 42 100]","""""","9.9","false","{breed social-friends}","0","""default""","""none""","0"
"{citizen 40}","{citizen 6}","[213 0 42 100]","""""","9.9","false","{breed social-friends}","0","""default""","""none""","0"
"{citizen 40}","{citizen 7}","[213 0 42 100]","""""","9.9","false","{breed social-friends}","0","""default""","""none""","0"
"{citizen 40}","{citizen 8}","[213 0 42 100]","""""","9.9","false","{breed social-friends}","0","""default""","""none""","0"
"{citizen 40}","{citizen 9}","[213 0 42 100]","""""","9.9","false","{breed social-friends}","0","""default""","""none""","0"
"{citizen 40}","{citizen 10}","[141 141 141 100]","""""","9.9","false","{breed social-friends}","0","""default""","""none""","0"
"{citizen 40}","{citizen 11}","[213 0 42 100]","""""","9.9","false","{breed social-friends}","0","""default""","""none""","0"
"{citizen 40}","{citizen 12}","[141 141 141 100]","""""","9.9","false","{breed social-friends}","0","""default""","""none""","0"
"{citizen 40}","{citizen 13}","[213 0 42 100]","""""","9.9","false","{breed social-friends}","0","""default""","""none""","0"
"{citizen 40}","{citizen 14}","[213 0 42 100]","""""","9.9","false","{breed social-friends}","0","""default""","""none""","0"
"{citizen 40}","{citizen 15}","[213 0 42 100]","""""","9.9","false","{breed social-friends}","0","""default""","""none""","0"
"{citizen 40}","{citizen 16}","[213 0 42 100]","""""","9.9","false","{breed social-friends}","0","""default""","""none""","0"
"{citizen 40}","{citizen 17}","[213 0 42 100]","""""","9.9","false","{breed social-friends}","0","""default""","""none""","0"
"{citizen 40}","{citizen 18}","[213 0 42 100]","""""","9.9","false","{breed social-friends}","0","""default""","""none""","0"
"{citizen 40}","{citizen 19}","[213 0 42 100]","""""","9.9","false","{breed social-friends}","0","""default""","""none""","0"
"{citizen 40}","{citizen 20}","[213 0 42 100]","""""","9.9","false","{breed social-friends}","0","""default""","""none""","0"
"{citizen 40}","{citizen 21}","[213 0 42 100]","""""","9.9","false","{breed social-friends}","0","""default""","""none""","0"
"{citizen 40}","{citizen 22}","[213 0 42 100]","""""","9.9","false","{breed social-friends}","0","""default""","""none""","0"
"{citizen 40}","{citizen 23}","[213 0 42 100]","""""","9.9","false","{breed social-friends}","0","""default""","""none""","0"
"{citizen 40}","{citizen 24}","[213 0 42 100]","""""","9.9","false","{breed social-friends}","0","""default""","""none""","0"
"{citizen 40}","{citizen 25}","[213 0 42 100]","""""","9.9","false","{breed social-friends}","0","""default""","""none""","0"
"{citizen 40}","{citizen 26}","[141 141 141 100]","""""","9.9","false","{breed social-friends}","0","""default""","""none""","0"
"{citizen 40}","{citizen 27}","[213 0 42 100]","""""","9.9","false","{breed social-friends}","0","""default""","""none""","0"
"{citizen 40}","{citizen 28}","[213 0 42 100]","""""","9.9","false","{breed social-friends}","0","""default""","""none""","0"
"{citizen 40}","{citizen 29}","[213 0 42 100]","""""","9.9","false","{breed social-friends}","0","""default""","""none""","0"
"{citizen 40}","{citizen 30}","[213 0 42 100]","""""","9.9","false","{breed social-friends}","0","""default""","""none""","0"
"{citizen 40}","{citizen 31}","[213 0 42 100]","""""","9.9","false","{breed social-friends}","0","""default""","""none""","0"
"{citizen 40}","{citizen 32}","[213 0 42 100]","""""","9.9","false","{breed social-friends}","0","""default""","""none""","0"
"{citizen 40}","{citizen 33}","[213 0 42 100]","""""","9.9","false","{breed social-friends}","0","""default""","""none""","0"
"{citizen 40}","{citizen 34}","[213 0 42 100]","""""","9.9","false","{breed social-friends}","0","""default""","""none""","0"
"{citizen 40}","{citizen 35}","[141 141 141 100]","""""","9.9","false","{breed social-friends}","0","""default""","""none""","0"
"{citizen 40}","{citizen 36}","[213 0 42 100]","""""","9.9","false","{breed social-friends}","0","""default""","""none""","0"
"{citizen 40}","{citizen 37}","[213 0 42 100]","""""","9.9","false","{breed social-friends}","0","""default""","""none""","0"
"{citizen 40}","{citizen 38}","[213 0 42 100]","""""","9.9","false","{breed social-friends}","0","""default""","""none""","0"
"{citizen 40}","{citizen 39}","[213 0 42 100]","""""","9.9","false","{breed social-friends}","0","""default""","""none""","0"
"{citizen 40}","{citizen 41}","[213 0 42 100]","""""","9.9","false","{breed social-friends}","0","""default""","""none""","0"
"{citizen 40}","{citizen 42}","[213 0 42 100]","""""","9.9","false","{breed social-friends}","0","""default""","""none""","0"
"{citizen 40}","{citizen 43}","[213 0 42 100]","""""","9.9","false","{breed social-friends}","0","""default""","""none""","0"
"{citizen 40}","{citizen 44}","[213 0 42 100]","""""","9.9","false","{breed social-friends}","0","""default""","""none""","0"
"{citizen 40}","{citizen 45}","[213 0 42 100]","""""","9.9","false","{breed social-friends}","0","""default""","""none""","0"
"{citizen 40}","{citizen 46}","[213 0 42 100]","""""","9.9","false","{breed social-friends}","0","""default""","""none""","0"
"{citizen 40}","{citizen 47}","[213 0 42 100]","""""","9.9","false","{breed social-friends}","0","""default""","""none""","0"
"{citizen 40}","{citizen 48}","[213 0 42 100]","""""","9.9","false","{breed social-friends}","0","""default""","""none""","0"
"{citizen 40}","{citizen 49}","[213 0 42 100]","""""","9.9","false","{breed social-friends}","0","""default""","""none""","0"
"{citizen 41}","{citizen 0}","[213 0 42 100]","""""","9.9","false","{breed social-friends}","0","""default""","""none""","0"
"{citizen 41}","{citizen 1}","[213 0 42 100]","""""","9.9","false","{breed social-friends}","0","""default""","""none""","0"
"{citizen 41}","{citizen 2}","[213 0 42 100]","""""","9.9","false","{breed social-friends}","0","""default""","""none""","0"
"{citizen 41}","{citizen 3}","[213 0 42 100]","""""","9.9","false","{breed social-friends}","0","""default""","""none""","0"
"{citizen 41}","{citizen 4}","[213 0 42 100]","""""","9.9","false","{breed social-friends}","0","""default""","""none""","0"
"{citizen 41}","{citizen 5}","[213 0 42 100]","""""","9.9","false","{breed social-friends}","0","""default""","""none""","0"
"{citizen 41}","{citizen 6}","[213 0 42 100]","""""","9.9","false","{breed social-friends}","0","""default""","""none""","0"
"{citizen 41}","{citizen 7}","[213 0 42 100]","""""","9.9","false","{breed social-friends}","0","""default""","""none""","0"
"{citizen 41}","{citizen 8}","[213 0 42 100]","""""","9.9","false","{breed social-friends}","0","""default""","""none""","0"
"{citizen 41}","{citizen 9}","[213 0 42 100]","""""","9.9","false","{breed social-friends}","0","""default""","""none""","0"
"{citizen 41}","{citizen 10}","[141 141 141 100]","""""","9.9","false","{breed social-friends}","0","""default""","""none""","0"
"{citizen 41}","{citizen 11}","[213 0 42 100]","""""","9.9","false","{breed social-friends}","0","""default""","""none""","0"
"{citizen 41}","{citizen 12}","[141 141 141 100]","""""","9.9","false","{breed social-friends}","0","""default""","""none""","0"
"{citizen 41}","{citizen 13}","[213 0 42 100]","""""","9.9","false","{breed social-friends}","0","""default""","""none""","0"
"{citizen 41}","{citizen 14}","[213 0 42 100]","""""","9.9","false","{breed social-friends}","0","""default""","""none""","0"
"{citizen 41}","{citizen 15}","[213 0 42 100]","""""","9.9","false","{breed social-friends}","0","""default""","""none""","0"
"{citizen 41}","{citizen 16}","[213 0 42 100]","""""","9.9","false","{breed social-friends}","0","""default""","""none""","0"
"{citizen 41}","{citizen 17}","[213 0 42 100]","""""","9.9","false","{breed social-friends}","0","""default""","""none""","0"
"{citizen 41}","{citizen 18}","[213 0 42 100]","""""","9.9","false","{breed social-friends}","0","""default""","""none""","0"
"{citizen 41}","{citizen 19}","[213 0 42 100]","""""","9.9","false","{breed social-friends}","0","""default""","""none""","0"
"{citizen 41}","{citizen 20}","[213 0 42 100]","""""","9.9","false","{breed social-friends}","0","""default""","""none""","0"
"{citizen 41}","{citizen 21}","[213 0 42 100]","""""","9.9","false","{breed social-friends}","0","""default""","""none""","0"
"{citizen 41}","{citizen 22}","[213 0 42 100]","""""","9.9","false","{breed social-friends}","0","""default""","""none""","0"
"{citizen 41}","{citizen 23}","[213 0 42 100]","""""","9.9","false","{breed social-friends}","0","""default""","""none""","0"
"{citizen 41}","{citizen 24}","[213 0 42 100]","""""","9.9","false","{breed social-friends}","0","""default""","""none""","0"
"{citizen 41}","{citizen 25}","[213 0 42 100]","""""","9.9","false","{breed social-friends}","0","""default""","""none""","0"
"{citizen 41}","{citizen 26}","[141 141 141 100]","""""","9.9","false","{breed social-friends}","0","""default""","""none""","0"
"{citizen 41}","{citizen 27}","[213 0 42 100]","""""","9.9","false","{breed social-friends}","0","""default""","""none""","0"
"{citizen 41}","{citizen 28}","[213 0 42 100]","""""","9.9","false","{breed social-friends}","0","""default""","""none""","0"
"{citizen 41}","{citizen 29}","[213 0 42 100]","""""","9.9","false","{breed social-friends}","0","""default""","""none""","0"
"{citizen 41}","{citizen 30}","[213 0 42 100]","""""","9.9","false","{breed social-friends}","0","""default""","""none""","0"
"{citizen 41}","{citizen 31}","[213 0 42 100]","""""","9.9","false","{breed social-friends}","0","""default""","""none""","0"
"{citizen 41}","{citizen 32}","[213 0 42 100]","""""","9.9","false","{breed social-friends}","0","""default""","""none""","0"
"{citizen 41}","{citizen 33}","[213 0 42 100]","""""","9.9","false","{breed social-friends}","0","""default""","""none""","0"
"{citizen 41}","{citizen 34}","[213 0 42 100]","""""","9.9","false","{breed social-friends}","0","""default""","""none""","0"
"{citizen 41}","{citizen 35}","[141 141 141 100]","""""","9.9","false","{breed social-friends}","0","""default""","""none""","0"
"{citizen 41}","{citizen 36}","[213 0 42 100]","""""","9.9","false","{breed social-friends}","0","""default""","""none""","0"
"{citizen 41}","{citizen 37}","[213 0 42 100]","""""","9.9","false","{breed social-friends}","0","""default""","""none""","0"
"{citizen 41}","{citizen 38}","[213 0 42 100]","""""","9.9","false","{breed social-friends}","0","""default""","""none""","0"
"{citizen 41}","{citizen 39}","[213 0 42 100]","""""","9.9","false","{breed social-friends}","0","""default""","""none""","0"
"{citizen 41}","{citizen 40}","[213 0 42 100]","""""","9.9","false","{breed social-friends}","0","""default""","""none""","0"
"{citizen 41}","{citizen 42}","[213 0 42 100]","""""","9.9","false","{breed social-friends}","0","""default""","""none""","0"
"{citizen 41}","{citizen 43}","[213 0 42 100]","""""","9.9","false","{breed social-friends}","0","""default""","""none""","0"
"{citizen 41}","{citizen 44}","[213 0 42 100]","""""","9.9","false","{breed social-friends}","0","""default""","""none""","0"
"{citizen 41}","{citizen 45}","[213 0 42 100]","""""","9.9","false","{breed social-friends}","0","""default""","""none""","0"
"{citizen 41}","{citizen 46}","[213 0 42 100]","""""","9.9","false","{breed social-friends}","0","""default""","""none""","0"
"{citizen 41}","{citizen 47}","[213 0 42 100]","""""","9.9","false","{breed social-friends}","0","""default""","""none""","0"
"{citizen 41}","{citizen 48}","[213 0 42 100]","""""","9.9","false","{breed social-friends}","0","""default""","""none""","0"
"{citizen 41}","{citizen 49}","[213 0 42 100]","""""","9.9","false","{breed social-friends}","0","""default""","""none""","0"
"{citizen 42}","{citizen 0}","[213 0 42 100]","""""","9.9","false","{breed social-friends}","0","""default""","""none""","0"
"{citizen 42}","{citizen 1}","[213 0 42 100]","""""","9.9","false","{breed social-friends}","0","""default""","""none""","0"
"{citizen 42}","{citizen 2}","[213 0 42 100]","""""","9.9","false","{breed social-friends}","0","""default""","""none""","0"
"{citizen 42}","{citizen 3}","[213 0 42 100]","""""","9.9","false","{breed social-friends}","0","""default""","""none""","0"
"{citizen 42}","{citizen 4}","[213 0 42 100]","""""","9.9","false","{breed social-friends}","0","""default""","""none""","0"
"{citizen 42}","{citizen 5}","[213 0 42 100]","""""","9.9","false","{breed social-friends}","0","""default""","""none""","0"
"{citizen 42}","{citizen 6}","[213 0 42 100]","""""","9.9","false","{breed social-friends}","0","""default""","""none""","0"
"{citizen 42}","{citizen 7}","[213 0 42 100]","""""","9.9","false","{breed social-friends}","0","""default""","""none""","0"
"{citizen 42}","{citizen 8}","[213 0 42 100]","""""","9.9","false","{breed social-friends}","0","""default""","""none""","0"
"{citizen 42}","{citizen 9}","[213 0 42 100]","""""","9.9","false","{breed social-friends}","0","""default""","""none""","0"
"{citizen 42}","{citizen 10}","[141 141 141 100]","""""","9.9","false","{breed social-friends}","0","""default""","""none""","0"
"{citizen 42}","{citizen 11}","[213 0 42 100]","""""","9.9","false","{breed social-friends}","0","""default""","""none""","0"
"{citizen 42}","{citizen 12}","[141 141 141 100]","""""","9.9","false","{breed social-friends}","0","""default""","""none""","0"
"{citizen 42}","{citizen 13}","[213 0 42 100]","""""","9.9","false","{breed social-friends}","0","""default""","""none""","0"
"{citizen 42}","{citizen 14}","[213 0 42 100]","""""","9.9","false","{breed social-friends}","0","""default""","""none""","0"
"{citizen 42}","{citizen 15}","[213 0 42 100]","""""","9.9","false","{breed social-friends}","0","""default""","""none""","0"
"{citizen 42}","{citizen 16}","[213 0 42 100]","""""","9.9","false","{breed social-friends}","0","""default""","""none""","0"
"{citizen 42}","{citizen 17}","[213 0 42 100]","""""","9.9","false","{breed social-friends}","0","""default""","""none""","0"
"{citizen 42}","{citizen 18}","[213 0 42 100]","""""","9.9","false","{breed social-friends}","0","""default""","""none""","0"
"{citizen 42}","{citizen 19}","[213 0 42 100]","""""","9.9","false","{breed social-friends}","0","""default""","""none""","0"
"{citizen 42}","{citizen 20}","[213 0 42 100]","""""","9.9","false","{breed social-friends}","0","""default""","""none""","0"
"{citizen 42}","{citizen 21}","[213 0 42 100]","""""","9.9","false","{breed social-friends}","0","""default""","""none""","0"
"{citizen 42}","{citizen 22}","[213 0 42 100]","""""","9.9","false","{breed social-friends}","0","""default""","""none""","0"
"{citizen 42}","{citizen 23}","[213 0 42 100]","""""","9.9","false","{breed social-friends}","0","""default""","""none""","0"
"{citizen 42}","{citizen 24}","[213 0 42 100]","""""","9.9","false","{breed social-friends}","0","""default""","""none""","0"
"{citizen 42}","{citizen 25}","[213 0 42 100]","""""","9.9","false","{breed social-friends}","0","""default""","""none""","0"
"{citizen 42}","{citizen 26}","[141 141 141 100]","""""","9.9","false","{breed social-friends}","0","""default""","""none""","0"
"{citizen 42}","{citizen 27}","[213 0 42 100]","""""","9.9","false","{breed social-friends}","0","""default""","""none""","0"
"{citizen 42}","{citizen 28}","[213 0 42 100]","""""","9.9","false","{breed social-friends}","0","""default""","""none""","0"
"{citizen 42}","{citizen 29}","[213 0 42 100]","""""","9.9","false","{breed social-friends}","0","""default""","""none""","0"
"{citizen 42}","{citizen 30}","[213 0 42 100]","""""","9.9","false","{breed social-friends}","0","""default""","""none""","0"
"{citizen 42}","{citizen 31}","[213 0 42 100]","""""","9.9","false","{breed social-friends}","0","""default""","""none""","0"
"{citizen 42}","{citizen 32}","[213 0 42 100]","""""","9.9","false","{breed social-friends}","0","""default""","""none""","0"
"{citizen 42}","{citizen 33}","[213 0 42 100]","""""","9.9","false","{breed social-friends}","0","""default""","""none""","0"
"{citizen 42}","{citizen 34}","[213 0 42 100]","""""","9.9","false","{breed social-friends}","0","""default""","""none""","0"
"{citizen 42}","{citizen 35}","[141 141 141 100]","""""","9.9","false","{breed social-friends}","0","""default""","""none""","0"
"{citizen 42}","{citizen 36}","[213 0 42 100]","""""","9.9","false","{breed social-friends}","0","""default""","""none""","0"
"{citizen 42}","{citizen 37}","[213 0 42 100]","""""","9.9","false","{breed social-friends}","0","""default""","""none""","0"
"{citizen 42}","{citizen 38}","[213 0 42 100]","""""","9.9","false","{breed social-friends}","0","""default""","""none""","0"
"{citizen 42}","{citizen 39}","[213 0 42 100]","""""","9.9","false","{breed social-friends}","0","""default""","""none""","0"
"{citizen 42}","{citizen 40}","[213 0 42 100]","""""","9.9","false","{breed social-friends}","0","""default""","""none""","0"
"{citizen 42}","{citizen 41}","[213 0 42 100]","""""","9.9","false","{breed social-friends}","0","""default""","""none""","0"
"{citizen 42}","{citizen 43}","[213 0 42 100]","""""","9.9","false","{breed social-friends}","0","""default""","""none""","0"
"{citizen 42}","{citizen 44}","[213 0 42 100]","""""","9.9","false","{breed social-friends}","0","""default""","""none""","0"
"{citizen 42}","{citizen 45}","[213 0 42 100]","""""","9.9","false","{breed social-friends}","0","""default""","""none""","0"
"{citizen 42}","{citizen 46}","[213 0 42 100]","""""","9.9","false","{breed social-friends}","0","""default""","""none""","0"
"{citizen 42}","{citizen 47}","[213 0 42 100]","""""","9.9","false","{breed social-friends}","0","""default""","""none""","0"
"{citizen 42}","{citizen 48}","[213 0 42 100]","""""","9.9","false","{breed social-friends}","0","""default""","""none""","0"
"{citizen 42}","{citizen 49}","[213 0 42 100]","""""","9.9","false","{breed social-friends}","0","""default""","""none""","0"
"{citizen 43}","{citizen 0}","[213 0 42 100]","""""","9.9","false","{breed social-friends}","0","""default""","""none""","0"
"{citizen 43}","{citizen 1}","[213 0 42 100]","""""","9.9","false","{breed social-friends}","0","""default""","""none""","0"
"{citizen 43}","{citizen 2}","[213 0 42 100]","""""","9.9","false","{breed social-friends}","0","""default""","""none""","0"
"{citizen 43}","{citizen 3}","[213 0 42 100]","""""","9.9","false","{breed social-friends}","0","""default""","""none""","0"
"{citizen 43}","{citizen 4}","[213 0 42 100]","""""","9.9","false","{breed social-friends}","0","""default""","""none""","0"
"{citizen 43}","{citizen 5}","[213 0 42 100]","""""","9.9","false","{breed social-friends}","0","""default""","""none""","0"
"{citizen 43}","{citizen 6}","[213 0 42 100]","""""","9.9","false","{breed social-friends}","0","""default""","""none""","0"
"{citizen 43}","{citizen 7}","[213 0 42 100]","""""","9.9","false","{breed social-friends}","0","""default""","""none""","0"
"{citizen 43}","{citizen 8}","[213 0 42 100]","""""","9.9","false","{breed social-friends}","0","""default""","""none""","0"
"{citizen 43}","{citizen 9}","[213 0 42 100]","""""","9.9","false","{breed social-friends}","0","""default""","""none""","0"
"{citizen 43}","{citizen 10}","[141 141 141 100]","""""","9.9","false","{breed social-friends}","0","""default""","""none""","0"
"{citizen 43}","{citizen 11}","[213 0 42 100]","""""","9.9","false","{breed social-friends}","0","""default""","""none""","0"
"{citizen 43}","{citizen 12}","[141 141 141 100]","""""","9.9","false","{breed social-friends}","0","""default""","""none""","0"
"{citizen 43}","{citizen 13}","[213 0 42 100]","""""","9.9","false","{breed social-friends}","0","""default""","""none""","0"
"{citizen 43}","{citizen 14}","[213 0 42 100]","""""","9.9","false","{breed social-friends}","0","""default""","""none""","0"
"{citizen 43}","{citizen 15}","[213 0 42 100]","""""","9.9","false","{breed social-friends}","0","""default""","""none""","0"
"{citizen 43}","{citizen 16}","[213 0 42 100]","""""","9.9","false","{breed social-friends}","0","""default""","""none""","0"
"{citizen 43}","{citizen 17}","[213 0 42 100]","""""","9.9","false","{breed social-friends}","0","""default""","""none""","0"
"{citizen 43}","{citizen 18}","[213 0 42 100]","""""","9.9","false","{breed social-friends}","0","""default""","""none""","0"
"{citizen 43}","{citizen 19}","[213 0 42 100]","""""","9.9","false","{breed social-friends}","0","""default""","""none""","0"
"{citizen 43}","{citizen 20}","[213 0 42 100]","""""","9.9","false","{breed social-friends}","0","""default""","""none""","0"
"{citizen 43}","{citizen 21}","[213 0 42 100]","""""","9.9","false","{breed social-friends}","0","""default""","""none""","0"
"{citizen 43}","{citizen 22}","[213 0 42 100]","""""","9.9","false","{breed social-friends}","0","""default""","""none""","0"
"{citizen 43}","{citizen 23}","[213 0 42 100]","""""","9.9","false","{breed social-friends}","0","""default""","""none""","0"
"{citizen 43}","{citizen 24}","[213 0 42 100]","""""","9.9","false","{breed social-friends}","0","""default""","""none""","0"
"{citizen 43}","{citizen 25}","[213 0 42 100]","""""","9.9","false","{breed social-friends}","0","""default""","""none""","0"
"{citizen 43}","{citizen 26}","[141 141 141 100]","""""","9.9","false","{breed social-friends}","0","""default""","""none""","0"
"{citizen 43}","{citizen 27}","[213 0 42 100]","""""","9.9","false","{breed social-friends}","0","""default""","""none""","0"
"{citizen 43}","{citizen 28}","[213 0 42 100]","""""","9.9","false","{breed social-friends}","0","""default""","""none""","0"
"{citizen 43}","{citizen 29}","[213 0 42 100]","""""","9.9","false","{breed social-friends}","0","""default""","""none""","0"
"{citizen 43}","{citizen 30}","[213 0 42 100]","""""","9.9","false","{breed social-friends}","0","""default""","""none""","0"
"{citizen 43}","{citizen 31}","[213 0 42 100]","""""","9.9","false","{breed social-friends}","0","""default""","""none""","0"
"{citizen 43}","{citizen 32}","[213 0 42 100]","""""","9.9","false","{breed social-friends}","0","""default""","""none""","0"
"{citizen 43}","{citizen 33}","[213 0 42 100]","""""","9.9","false","{breed social-friends}","0","""default""","""none""","0"
"{citizen 43}","{citizen 34}","[213 0 42 100]","""""","9.9","false","{breed social-friends}","0","""default""","""none""","0"
"{citizen 43}","{citizen 35}","[141 141 141 100]","""""","9.9","false","{breed social-friends}","0","""default""","""none""","0"
"{citizen 43}","{citizen 36}","[213 0 42 100]","""""","9.9","false","{breed social-friends}","0","""default""","""none""","0"
"{citizen 43}","{citizen 37}","[213 0 42 100]","""""","9.9","false","{breed social-friends}","0","""default""","""none""","0"
"{citizen 43}","{citizen 38}","[213 0 42 100]","""""","9.9","false","{breed social-friends}","0","""default""","""none""","0"
"{citizen 43}","{citizen 39}","[213 0 42 100]","""""","9.9","false","{breed social-friends}","0","""default""","""none""","0"
"{citizen 43}","{citizen 40}","[213 0 42 100]","""""","9.9","false","{breed social-friends}","0","""default""","""none""","0"
"{citizen 43}","{citizen 41}","[213 0 42 100]","""""","9.9","false","{breed social-friends}","0","""default""","""none""","0"
"{citizen 43}","{citizen 42}","[213 0 42 100]","""""","9.9","false","{breed social-friends}","0","""default""","""none""","0"
"{citizen 43}","{citizen 44}","[213 0 42 100]","""""","9.9","false","{breed social-friends}","0","""default""","""none""","0"
"{citizen 43}","{citizen 45}","[213 0 42 100]","""""","9.9","false","{breed social-friends}","0","""default""","""none""","0"
"{citizen 43}","{citizen 46}","[213 0 42 100]","""""","9.9","false","{breed social-friends}","0","""default""","""none""","0"
"{citizen 43}","{citizen 47}","[213 0 42 100]","""""","9.9","false","{breed social-friends}","0","""default""","""none""","0"
"{citizen 43}","{citizen 48}","[213 0 42 100]","""""","9.9","false","{breed social-friends}","0","""default""","""none""","0"
"{citizen 43}","{citizen 49}","[213 0 42 100]","""""","9.9","false","{breed social-friends}","0","""default""","""none""","0"
"{citizen 44}","{citizen 0}","[213 0 42 100]","""""","9.9","false","{breed social-friends}","0","""default""","""none""","0"
"{citizen 44}","{citizen 1}","[213 0 42 100]","""""","9.9","false","{breed social-friends}","0","""default""","""none""","0"
"{citizen 44}","{citizen 2}","[213 0 42 100]","""""","9.9","false","{breed social-friends}","0","""default""","""none""","0"
"{citizen 44}","{citizen 3}","[213 0 42 100]","""""","9.9","false","{breed social-friends}","0","""default""","""none""","0"
"{citizen 44}","{citizen 4}","[213 0 42 100]","""""","9.9","false","{breed social-friends}","0","""default""","""none""","0"
"{citizen 44}","{citizen 5}","[213 0 42 100]","""""","9.9","false","{breed social-friends}","0","""default""","""none""","0"
"{citizen 44}","{citizen 6}","[213 0 42 100]","""""","9.9","false","{breed social-friends}","0","""default""","""none""","0"
"{citizen 44}","{citizen 7}","[213 0 42 100]","""""","9.9","false","{breed social-friends}","0","""default""","""none""","0"
"{citizen 44}","{citizen 8}","[213 0 42 100]","""""","9.9","false","{breed social-friends}","0","""default""","""none""","0"
"{citizen 44}","{citizen 9}","[213 0 42 100]","""""","9.9","false","{breed social-friends}","0","""default""","""none""","0"
"{citizen 44}","{citizen 10}","[141 141 141 100]","""""","9.9","false","{breed social-friends}","0","""default""","""none""","0"
"{citizen 44}","{citizen 11}","[213 0 42 100]","""""","9.9","false","{breed social-friends}","0","""default""","""none""","0"
"{citizen 44}","{citizen 12}","[141 141 141 100]","""""","9.9","false","{breed social-friends}","0","""default""","""none""","0"
"{citizen 44}","{citizen 13}","[213 0 42 100]","""""","9.9","false","{breed social-friends}","0","""default""","""none""","0"
"{citizen 44}","{citizen 14}","[213 0 42 100]","""""","9.9","false","{breed social-friends}","0","""default""","""none""","0"
"{citizen 44}","{citizen 15}","[213 0 42 100]","""""","9.9","false","{breed social-friends}","0","""default""","""none""","0"
"{citizen 44}","{citizen 16}","[213 0 42 100]","""""","9.9","false","{breed social-friends}","0","""default""","""none""","0"
"{citizen 44}","{citizen 17}","[213 0 42 100]","""""","9.9","false","{breed social-friends}","0","""default""","""none""","0"
"{citizen 44}","{citizen 18}","[213 0 42 100]","""""","9.9","false","{breed social-friends}","0","""default""","""none""","0"
"{citizen 44}","{citizen 19}","[213 0 42 100]","""""","9.9","false","{breed social-friends}","0","""default""","""none""","0"
"{citizen 44}","{citizen 20}","[213 0 42 100]","""""","9.9","false","{breed social-friends}","0","""default""","""none""","0"
"{citizen 44}","{citizen 21}","[213 0 42 100]","""""","9.9","false","{breed social-friends}","0","""default""","""none""","0"
"{citizen 44}","{citizen 22}","[213 0 42 100]","""""","9.9","false","{breed social-friends}","0","""default""","""none""","0"
"{citizen 44}","{citizen 23}","[213 0 42 100]","""""","9.9","false","{breed social-friends}","0","""default""","""none""","0"
"{citizen 44}","{citizen 24}","[213 0 42 100]","""""","9.9","false","{breed social-friends}","0","""default""","""none""","0"
"{citizen 44}","{citizen 25}","[213 0 42 100]","""""","9.9","false","{breed social-friends}","0","""default""","""none""","0"
"{citizen 44}","{citizen 26}","[141 141 141 100]","""""","9.9","false","{breed social-friends}","0","""default""","""none""","0"
"{citizen 44}","{citizen 27}","[213 0 42 100]","""""","9.9","false","{breed social-friends}","0","""default""","""none""","0"
"{citizen 44}","{citizen 28}","[213 0 42 100]","""""","9.9","false","{breed social-friends}","0","""default""","""none""","0"
"{citizen 44}","{citizen 29}","[213 0 42 100]","""""","9.9","false","{breed social-friends}","0","""default""","""none""","0"
"{citizen 44}","{citizen 30}","[213 0 42 100]","""""","9.9","false","{breed social-friends}","0","""default""","""none""","0"
"{citizen 44}","{citizen 31}","[213 0 42 100]","""""","9.9","false","{breed social-friends}","0","""default""","""none""","0"
"{citizen 44}","{citizen 32}","[213 0 42 100]","""""","9.9","false","{breed social-friends}","0","""default""","""none""","0"
"{citizen 44}","{citizen 33}","[213 0 42 100]","""""","9.9","false","{breed social-friends}","0","""default""","""none""","0"
"{citizen 44}","{citizen 34}","[213 0 42 100]","""""","9.9","false","{breed social-friends}","0","""default""","""none""","0"
"{citizen 44}","{citizen 35}","[141 141 141 100]","""""","9.9","false","{breed social-friends}","0","""default""","""none""","0"
"{citizen 44}","{citizen 36}","[213 0 42 100]","""""","9.9","false","{breed social-friends}","0","""default""","""none""","0"
"{citizen 44}","{citizen 37}","[213 0 42 100]","""""","9.9","false","{breed social-friends}","0","""default""","""none""","0"
"{citizen 44}","{citizen 38}","[213 0 42 100]","""""","9.9","false","{breed social-friends}","0","""default""","""none""","0"
"{citizen 44}","{citizen 39}","[213 0 42 100]","""""","9.9","false","{breed social-friends}","0","""default""","""none""","0"
"{citizen 44}","{citizen 40}","[213 0 42 100]","""""","9.9","false","{breed social-friends}","0","""default""","""none""","0"
"{citizen 44}","{citizen 41}","[213 0 42 100]","""""","9.9","false","{breed social-friends}","0","""default""","""none""","0"
"{citizen 44}","{citizen 42}","[213 0 42 100]","""""","9.9","false","{breed social-friends}","0","""default""","""none""","0"
"{citizen 44}","{citizen 43}","[213 0 42 100]","""""","9.9","false","{breed social-friends}","0","""default""","""none""","0"
"{citizen 44}","{citizen 45}","[213 0 42 100]","""""","9.9","false","{breed social-friends}","0","""default""","""none""","0"
"{citizen 44}","{citizen 46}","[213 0 42 100]","""""","9.9","false","{breed social-friends}","0","""default""","""none""","0"
"{citizen 44}","{citizen 47}","[213 0 42 100]","""""","9.9","false","{breed social-friends}","0","""default""","""none""","0"
"{citizen 44}","{citizen 48}","[213 0 42 100]","""""","9.9","false","{breed social-friends}","0","""default""","""none""","0"
"{citizen 44}","{citizen 49}","[213 0 42 100]","""""","9.9","false","{breed social-friends}","0","""default""","""none""","0"
"{citizen 45}","{citizen 0}","[213 0 42 100]","""""","9.9","false","{breed social-friends}","0","""default""","""none""","0"
"{citizen 45}","{citizen 1}","[213 0 42 100]","""""","9.9","false","{breed social-friends}","0","""default""","""none""","0"
"{citizen 45}","{citizen 2}","[213 0 42 100]","""""","9.9","false","{breed social-friends}","0","""default""","""none""","0"
"{citizen 45}","{citizen 3}","[213 0 42 100]","""""","9.9","false","{breed social-friends}","0","""default""","""none""","0"
"{citizen 45}","{citizen 4}","[213 0 42 100]","""""","9.9","false","{breed social-friends}","0","""default""","""none""","0"
"{citizen 45}","{citizen 5}","[213 0 42 100]","""""","9.9","false","{breed social-friends}","0","""default""","""none""","0"
"{citizen 45}","{citizen 6}","[213 0 42 100]","""""","9.9","false","{breed social-friends}","0","""default""","""none""","0"
"{citizen 45}","{citizen 7}","[213 0 42 100]","""""","9.9","false","{breed social-friends}","0","""default""","""none""","0"
"{citizen 45}","{citizen 8}","[213 0 42 100]","""""","9.9","false","{breed social-friends}","0","""default""","""none""","0"
"{citizen 45}","{citizen 9}","[213 0 42 100]","""""","9.9","false","{breed social-friends}","0","""default""","""none""","0"
"{citizen 45}","{citizen 10}","[141 141 141 100]","""""","9.9","false","{breed social-friends}","0","""default""","""none""","0"
"{citizen 45}","{citizen 11}","[213 0 42 100]","""""","9.9","false","{breed social-friends}","0","""default""","""none""","0"
"{citizen 45}","{citizen 12}","[141 141 141 100]","""""","9.9","false","{breed social-friends}","0","""default""","""none""","0"
"{citizen 45}","{citizen 13}","[213 0 42 100]","""""","9.9","false","{breed social-friends}","0","""default""","""none""","0"
"{citizen 45}","{citizen 14}","[213 0 42 100]","""""","9.9","false","{breed social-friends}","0","""default""","""none""","0"
"{citizen 45}","{citizen 15}","[213 0 42 100]","""""","9.9","false","{breed social-friends}","0","""default""","""none""","0"
"{citizen 45}","{citizen 16}","[213 0 42 100]","""""","9.9","false","{breed social-friends}","0","""default""","""none""","0"
"{citizen 45}","{citizen 17}","[213 0 42 100]","""""","9.9","false","{breed social-friends}","0","""default""","""none""","0"
"{citizen 45}","{citizen 18}","[213 0 42 100]","""""","9.9","false","{breed social-friends}","0","""default""","""none""","0"
"{citizen 45}","{citizen 19}","[213 0 42 100]","""""","9.9","false","{breed social-friends}","0","""default""","""none""","0"
"{citizen 45}","{citizen 20}","[213 0 42 100]","""""","9.9","false","{breed social-friends}","0","""default""","""none""","0"
"{citizen 45}","{citizen 21}","[213 0 42 100]","""""","9.9","false","{breed social-friends}","0","""default""","""none""","0"
"{citizen 45}","{citizen 22}","[213 0 42 100]","""""","9.9","false","{breed social-friends}","0","""default""","""none""","0"
"{citizen 45}","{citizen 23}","[213 0 42 100]","""""","9.9","false","{breed social-friends}","0","""default""","""none""","0"
"{citizen 45}","{citizen 24}","[213 0 42 100]","""""","9.9","false","{breed social-friends}","0","""default""","""none""","0"
"{citizen 45}","{citizen 25}","[213 0 42 100]","""""","9.9","false","{breed social-friends}","0","""default""","""none""","0"
"{citizen 45}","{citizen 26}","[141 141 141 100]","""""","9.9","false","{breed social-friends}","0","""default""","""none""","0"
"{citizen 45}","{citizen 27}","[213 0 42 100]","""""","9.9","false","{breed social-friends}","0","""default""","""none""","0"
"{citizen 45}","{citizen 28}","[213 0 42 100]","""""","9.9","false","{breed social-friends}","0","""default""","""none""","0"
"{citizen 45}","{citizen 29}","[213 0 42 100]","""""","9.9","false","{breed social-friends}","0","""default""","""none""","0"
"{citizen 45}","{citizen 30}","[213 0 42 100]","""""","9.9","false","{breed social-friends}","0","""default""","""none""","0"
"{citizen 45}","{citizen 31}","[213 0 42 100]","""""","9.9","false","{breed social-friends}","0","""default""","""none""","0"
"{citizen 45}","{citizen 32}","[213 0 42 100]","""""","9.9","false","{breed social-friends}","0","""default""","""none""","0"
"{citizen 45}","{citizen 33}","[213 0 42 100]","""""","9.9","false","{breed social-friends}","0","""default""","""none""","0"
"{citizen 45}","{citizen 34}","[213 0 42 100]","""""","9.9","false","{breed social-friends}","0","""default""","""none""","0"
"{citizen 45}","{citizen 35}","[141 141 141 100]","""""","9.9","false","{breed social-friends}","0","""default""","""none""","0"
"{citizen 45}","{citizen 36}","[213 0 42 100]","""""","9.9","false","{breed social-friends}","0","""default""","""none""","0"
"{citizen 45}","{citizen 37}","[213 0 42 100]","""""","9.9","false","{breed social-friends}","0","""default""","""none""","0"
"{citizen 45}","{citizen 38}","[213 0 42 100]","""""","9.9","false","{breed social-friends}","0","""default""","""none""","0"
"{citizen 45}","{citizen 39}","[213 0 42 100]","""""","9.9","false","{breed social-friends}","0","""default""","""none""","0"
"{citizen 45}","{citizen 40}","[213 0 42 100]","""""","9.9","false","{breed social-friends}","0","""default""","""none""","0"
"{citizen 45}","{citizen 41}","[213 0 42 100]","""""","9.9","false","{breed social-friends}","0","""default""","""none""","0"
"{citizen 45}","{citizen 42}","[213 0 42 100]","""""","9.9","false","{breed social-friends}","0","""default""","""none""","0"
"{citizen 45}","{citizen 43}","[213 0 42 100]","""""","9.9","false","{breed social-friends}","0","""default""","""none""","0"
"{citizen 45}","{citizen 44}","[213 0 42 100]","""""","9.9","false","{breed social-friends}","0","""default""","""none""","0"
"{citizen 45}","{citizen 46}","[213 0 42 100]","""""","9.9","false","{breed social-friends}","0","""default""","""none""","0"
"{citizen 45}","{citizen 47}","[213 0 42 100]","""""","9.9","false","{breed social-friends}","0","""default""","""none""","0"
"{citizen 45}","{citizen 48}","[213 0 42 100]","""""","9.9","false","{breed social-friends}","0","""default""","""none""","0"
"{citizen 45}","{citizen 49}","[213 0 42 100]","""""","9.9","false","{breed social-friends}","0","""default""","""none""","0"
"{citizen 46}","{citizen 0}","[213 0 42 100]","""""","9.9","false","{breed social-friends}","0","""default""","""none""","0"
"{citizen 46}","{citizen 1}","[213 0 42 100]","""""","9.9","false","{breed social-friends}","0","""default""","""none""","0"
"{citizen 46}","{citizen 2}","[213 0 42 100]","""""","9.9","false","{breed social-friends}","0","""default""","""none""","0"
"{citizen 46}","{citizen 3}","[213 0 42 100]","""""","9.9","false","{breed social-friends}","0","""default""","""none""","0"
"{citizen 46}","{citizen 4}","[213 0 42 100]","""""","9.9","false","{breed social-friends}","0","""default""","""none""","0"
"{citizen 46}","{citizen 5}","[213 0 42 100]","""""","9.9","false","{breed social-friends}","0","""default""","""none""","0"
"{citizen 46}","{citizen 6}","[213 0 42 100]","""""","9.9","false","{breed social-friends}","0","""default""","""none""","0"
"{citizen 46}","{citizen 7}","[213 0 42 100]","""""","9.9","false","{breed social-friends}","0","""default""","""none""","0"
"{citizen 46}","{citizen 8}","[213 0 42 100]","""""","9.9","false","{breed social-friends}","0","""default""","""none""","0"
"{citizen 46}","{citizen 9}","[213 0 42 100]","""""","9.9","false","{breed social-friends}","0","""default""","""none""","0"
"{citizen 46}","{citizen 10}","[141 141 141 100]","""""","9.9","false","{breed social-friends}","0","""default""","""none""","0"
"{citizen 46}","{citizen 11}","[213 0 42 100]","""""","9.9","false","{breed social-friends}","0","""default""","""none""","0"
"{citizen 46}","{citizen 12}","[141 141 141 100]","""""","9.9","false","{breed social-friends}","0","""default""","""none""","0"
"{citizen 46}","{citizen 13}","[213 0 42 100]","""""","9.9","false","{breed social-friends}","0","""default""","""none""","0"
"{citizen 46}","{citizen 14}","[213 0 42 100]","""""","9.9","false","{breed social-friends}","0","""default""","""none""","0"
"{citizen 46}","{citizen 15}","[213 0 42 100]","""""","9.9","false","{breed social-friends}","0","""default""","""none""","0"
"{citizen 46}","{citizen 16}","[213 0 42 100]","""""","9.9","false","{breed social-friends}","0","""default""","""none""","0"
"{citizen 46}","{citizen 17}","[213 0 42 100]","""""","9.9","false","{breed social-friends}","0","""default""","""none""","0"
"{citizen 46}","{citizen 18}","[213 0 42 100]","""""","9.9","false","{breed social-friends}","0","""default""","""none""","0"
"{citizen 46}","{citizen 19}","[213 0 42 100]","""""","9.9","false","{breed social-friends}","0","""default""","""none""","0"
"{citizen 46}","{citizen 20}","[213 0 42 100]","""""","9.9","false","{breed social-friends}","0","""default""","""none""","0"
"{citizen 46}","{citizen 21}","[213 0 42 100]","""""","9.9","false","{breed social-friends}","0","""default""","""none""","0"
"{citizen 46}","{citizen 22}","[213 0 42 100]","""""","9.9","false","{breed social-friends}","0","""default""","""none""","0"
"{citizen 46}","{citizen 23}","[213 0 42 100]","""""","9.9","false","{breed social-friends}","0","""default""","""none""","0"
"{citizen 46}","{citizen 24}","[213 0 42 100]","""""","9.9","false","{breed social-friends}","0","""default""","""none""","0"
"{citizen 46}","{citizen 25}","[213 0 42 100]","""""","9.9","false","{breed social-friends}","0","""default""","""none""","0"
"{citizen 46}","{citizen 26}","[141 141 141 100]","""""","9.9","false","{breed social-friends}","0","""default""","""none""","0"
"{citizen 46}","{citizen 27}","[213 0 42 100]","""""","9.9","false","{breed social-friends}","0","""default""","""none""","0"
"{citizen 46}","{citizen 28}","[213 0 42 100]","""""","9.9","false","{breed social-friends}","0","""default""","""none""","0"
"{citizen 46}","{citizen 29}","[213 0 42 100]","""""","9.9","false","{breed social-friends}","0","""default""","""none""","0"
"{citizen 46}","{citizen 30}","[213 0 42 100]","""""","9.9","false","{breed social-friends}","0","""default""","""none""","0"
"{citizen 46}","{citizen 31}","[213 0 42 100]","""""","9.9","false","{breed social-friends}","0","""default""","""none""","0"
"{citizen 46}","{citizen 32}","[213 0 42 100]","""""","9.9","false","{breed social-friends}","0","""default""","""none""","0"
"{citizen 46}","{citizen 33}","[213 0 42 100]","""""","9.9","false","{breed social-friends}","0","""default""","""none""","0"
"{citizen 46}","{citizen 34}","[213 0 42 100]","""""","9.9","false","{breed social-friends}","0","""default""","""none""","0"
"{citizen 46}","{citizen 35}","[141 141 141 100]","""""","9.9","false","{breed social-friends}","0","""default""","""none""","0"
"{citizen 46}","{citizen 36}","[213 0 42 100]","""""","9.9","false","{breed social-friends}","0","""default""","""none""","0"
"{citizen 46}","{citizen 37}","[213 0 42 100]","""""","9.9","false","{breed social-friends}","0","""default""","""none""","0"
"{citizen 46}","{citizen 38}","[213 0 42 100]","""""","9.9","false","{breed social-friends}","0","""default""","""none""","0"
"{citizen 46}","{citizen 39}","[213 0 42 100]","""""","9.9","false","{breed social-friends}","0","""default""","""none""","0"
"{citizen 46}","{citizen 40}","[213 0 42 100]","""""","9.9","false","{breed social-friends}","0","""default""","""none""","0"
"{citizen 46}","{citizen 41}","[213 0 42 100]","""""","9.9","false","{breed social-friends}","0","""default""","""none""","0"
"{citizen 46}","{citizen 42}","[213 0 42 100]","""""","9.9","false","{breed social-friends}","0","""default""","""none""","0"
"{citizen 46}","{citizen 43}","[213 0 42 100]","""""","9.9","false","{breed social-friends}","0","""default""","""none""","0"
"{citizen 46}","{citizen 44}","[213 0 42 100]","""""","9.9","false","{breed social-friends}","0","""default""","""none""","0"
"{citizen 46}","{citizen 45}","[213 0 42 100]","""""","9.9","false","{breed social-friends}","0","""default""","""none""","0"
"{citizen 46}","{citizen 47}","[213 0 42 100]","""""","9.9","false","{breed social-friends}","0","""default""","""none""","0"
"{citizen 46}","{citizen 48}","[213 0 42 100]","""""","9.9","false","{breed social-friends}","0","""default""","""none""","0"
"{citizen 46}","{citizen 49}","[213 0 42 100]","""""","9.9","false","{breed social-friends}","0","""default""","""none""","0"
"{citizen 47}","{citizen 0}","[213 0 42 100]","""""","9.9","false","{breed social-friends}","0","""default""","""none""","0"
"{citizen 47}","{citizen 1}","[213 0 42 100]","""""","9.9","false","{breed social-friends}","0","""default""","""none""","0"
"{citizen 47}","{citizen 2}","[213 0 42 100]","""""","9.9","false","{breed social-friends}","0","""default""","""none""","0"
"{citizen 47}","{citizen 3}","[213 0 42 100]","""""","9.9","false","{breed social-friends}","0","""default""","""none""","0"
"{citizen 47}","{citizen 4}","[213 0 42 100]","""""","9.9","false","{breed social-friends}","0","""default""","""none""","0"
"{citizen 47}","{citizen 5}","[213 0 42 100]","""""","9.9","false","{breed social-friends}","0","""default""","""none""","0"
"{citizen 47}","{citizen 6}","[213 0 42 100]","""""","9.9","false","{breed social-friends}","0","""default""","""none""","0"
"{citizen 47}","{citizen 7}","[213 0 42 100]","""""","9.9","false","{breed social-friends}","0","""default""","""none""","0"
"{citizen 47}","{citizen 8}","[213 0 42 100]","""""","9.9","false","{breed social-friends}","0","""default""","""none""","0"
"{citizen 47}","{citizen 9}","[213 0 42 100]","""""","9.9","false","{breed social-friends}","0","""default""","""none""","0"
"{citizen 47}","{citizen 10}","[141 141 141 100]","""""","9.9","false","{breed social-friends}","0","""default""","""none""","0"
"{citizen 47}","{citizen 11}","[213 0 42 100]","""""","9.9","false","{breed social-friends}","0","""default""","""none""","0"
"{citizen 47}","{citizen 12}","[141 141 141 100]","""""","9.9","false","{breed social-friends}","0","""default""","""none""","0"
"{citizen 47}","{citizen 13}","[213 0 42 100]","""""","9.9","false","{breed social-friends}","0","""default""","""none""","0"
"{citizen 47}","{citizen 14}","[213 0 42 100]","""""","9.9","false","{breed social-friends}","0","""default""","""none""","0"
"{citizen 47}","{citizen 15}","[213 0 42 100]","""""","9.9","false","{breed social-friends}","0","""default""","""none""","0"
"{citizen 47}","{citizen 16}","[213 0 42 100]","""""","9.9","false","{breed social-friends}","0","""default""","""none""","0"
"{citizen 47}","{citizen 17}","[213 0 42 100]","""""","9.9","false","{breed social-friends}","0","""default""","""none""","0"
"{citizen 47}","{citizen 18}","[213 0 42 100]","""""","9.9","false","{breed social-friends}","0","""default""","""none""","0"
"{citizen 47}","{citizen 19}","[213 0 42 100]","""""","9.9","false","{breed social-friends}","0","""default""","""none""","0"
"{citizen 47}","{citizen 20}","[213 0 42 100]","""""","9.9","false","{breed social-friends}","0","""default""","""none""","0"
"{citizen 47}","{citizen 21}","[213 0 42 100]","""""","9.9","false","{breed social-friends}","0","""default""","""none""","0"
"{citizen 47}","{citizen 22}","[213 0 42 100]","""""","9.9","false","{breed social-friends}","0","""default""","""none""","0"
"{citizen 47}","{citizen 23}","[213 0 42 100]","""""","9.9","false","{breed social-friends}","0","""default""","""none""","0"
"{citizen 47}","{citizen 24}","[213 0 42 100]","""""","9.9","false","{breed social-friends}","0","""default""","""none""","0"
"{citizen 47}","{citizen 25}","[213 0 42 100]","""""","9.9","false","{breed social-friends}","0","""default""","""none""","0"
"{citizen 47}","{citizen 26}","[141 141 141 100]","""""","9.9","false","{breed social-friends}","0","""default""","""none""","0"
"{citizen 47}","{citizen 27}","[213 0 42 100]","""""","9.9","false","{breed social-friends}","0","""default""","""none""","0"
"{citizen 47}","{citizen 28}","[213 0 42 100]","""""","9.9","false","{breed social-friends}","0","""default""","""none""","0"
"{citizen 47}","{citizen 29}","[213 0 42 100]","""""","9.9","false","{breed social-friends}","0","""default""","""none""","0"
"{citizen 47}","{citizen 30}","[213 0 42 100]","""""","9.9","false","{breed social-friends}","0","""default""","""none""","0"
"{citizen 47}","{citizen 31}","[213 0 42 100]","""""","9.9","false","{breed social-friends}","0","""default""","""none""","0"
"{citizen 47}","{citizen 32}","[213 0 42 100]","""""","9.9","false","{breed social-friends}","0","""default""","""none""","0"
"{citizen 47}","{citizen 33}","[213 0 42 100]","""""","9.9","false","{breed social-friends}","0","""default""","""none""","0"
"{citizen 47}","{citizen 34}","[213 0 42 100]","""""","9.9","false","{breed social-friends}","0","""default""","""none""","0"
"{citizen 47}","{citizen 35}","[141 141 141 100]","""""","9.9","false","{breed social-friends}","0","""default""","""none""","0"
"{citizen 47}","{citizen 36}","[213 0 42 100]","""""","9.9","false","{breed social-friends}","0","""default""","""none""","0"
"{citizen 47}","{citizen 37}","[213 0 42 100]","""""","9.9","false","{breed social-friends}","0","""default""","""none""","0"
"{citizen 47}","{citizen 38}","[213 0 42 100]","""""","9.9","false","{breed social-friends}","0","""default""","""none""","0"
"{citizen 47}","{citizen 39}","[213 0 42 100]","""""","9.9","false","{breed social-friends}","0","""default""","""none""","0"
"{citizen 47}","{citizen 40}","[213 0 42 100]","""""","9.9","false","{breed social-friends}","0","""default""","""none""","0"
"{citizen 47}","{citizen 41}","[213 0 42 100]","""""","9.9","false","{breed social-friends}","0","""default""","""none""","0"
"{citizen 47}","{citizen 42}","[213 0 42 100]","""""","9.9","false","{breed social-friends}","0","""default""","""none""","0"
"{citizen 47}","{citizen 43}","[213 0 42 100]","""""","9.9","false","{breed social-friends}","0","""default""","""none""","0"
"{citizen 47}","{citizen 44}","[213 0 42 100]","""""","9.9","false","{breed social-friends}","0","""default""","""none""","0"
"{citizen 47}","{citizen 45}","[213 0 42 100]","""""","9.9","false","{breed social-friends}","0","""default""","""none""","0"
"{citizen 47}","{citizen 46}","[213 0 42 100]","""""","9.9","false","{breed social-friends}","0","""default""","""none""","0"
"{citizen 47}","{citizen 48}","[213 0 42 100]","""""","9.9","false","{breed social-friends}","0","""default""","""none""","0"
"{citizen 47}","{citizen 49}","[213 0 42 100]","""""","9.9","false","{breed social-friends}","0","""default""","""none""","0"
"{citizen 48}","{citizen 0}","[213 0 42 100]","""""","9.9","false","{breed social-friends}","0","""default""","""none""","0"
"{citizen 48}","{citizen 1}","[213 0 42 100]","""""","9.9","false","{breed social-friends}","0","""default""","""none""","0"
"{citizen 48}","{citizen 2}","[213 0 42 100]","""""","9.9","false","{breed social-friends}","0","""default""","""none""","0"
"{citizen 48}","{citizen 3}","[213 0 42 100]","""""","9.9","false","{breed social-friends}","0","""default""","""none""","0"
"{citizen 48}","{citizen 4}","[213 0 42 100]","""""","9.9","false","{breed social-friends}","0","""default""","""none""","0"
"{citizen 48}","{citizen 5}","[213 0 42 100]","""""","9.9","false","{breed social-friends}","0","""default""","""none""","0"
"{citizen 48}","{citizen 6}","[213 0 42 100]","""""","9.9","false","{breed social-friends}","0","""default""","""none""","0"
"{citizen 48}","{citizen 7}","[213 0 42 100]","""""","9.9","false","{breed social-friends}","0","""default""","""none""","0"
"{citizen 48}","{citizen 8}","[213 0 42 100]","""""","9.9","false","{breed social-friends}","0","""default""","""none""","0"
"{citizen 48}","{citizen 9}","[213 0 42 100]","""""","9.9","false","{breed social-friends}","0","""default""","""none""","0"
"{citizen 48}","{citizen 10}","[141 141 141 100]","""""","9.9","false","{breed social-friends}","0","""default""","""none""","0"
"{citizen 48}","{citizen 11}","[213 0 42 100]","""""","9.9","false","{breed social-friends}","0","""default""","""none""","0"
"{citizen 48}","{citizen 12}","[141 141 141 100]","""""","9.9","false","{breed social-friends}","0","""default""","""none""","0"
"{citizen 48}","{citizen 13}","[213 0 42 100]","""""","9.9","false","{breed social-friends}","0","""default""","""none""","0"
"{citizen 48}","{citizen 14}","[213 0 42 100]","""""","9.9","false","{breed social-friends}","0","""default""","""none""","0"
"{citizen 48}","{citizen 15}","[213 0 42 100]","""""","9.9","false","{breed social-friends}","0","""default""","""none""","0"
"{citizen 48}","{citizen 16}","[213 0 42 100]","""""","9.9","false","{breed social-friends}","0","""default""","""none""","0"
"{citizen 48}","{citizen 17}","[213 0 42 100]","""""","9.9","false","{breed social-friends}","0","""default""","""none""","0"
"{citizen 48}","{citizen 18}","[213 0 42 100]","""""","9.9","false","{breed social-friends}","0","""default""","""none""","0"
"{citizen 48}","{citizen 19}","[213 0 42 100]","""""","9.9","false","{breed social-friends}","0","""default""","""none""","0"
"{citizen 48}","{citizen 20}","[213 0 42 100]","""""","9.9","false","{breed social-friends}","0","""default""","""none""","0"
"{citizen 48}","{citizen 21}","[213 0 42 100]","""""","9.9","false","{breed social-friends}","0","""default""","""none""","0"
"{citizen 48}","{citizen 22}","[213 0 42 100]","""""","9.9","false","{breed social-friends}","0","""default""","""none""","0"
"{citizen 48}","{citizen 23}","[213 0 42 100]","""""","9.9","false","{breed social-friends}","0","""default""","""none""","0"
"{citizen 48}","{citizen 24}","[213 0 42 100]","""""","9.9","false","{breed social-friends}","0","""default""","""none""","0"
"{citizen 48}","{citizen 25}","[213 0 42 100]","""""","9.9","false","{breed social-friends}","0","""default""","""none""","0"
"{citizen 48}","{citizen 26}","[141 141 141 100]","""""","9.9","false","{breed social-friends}","0","""default""","""none""","0"
"{citizen 48}","{citizen 27}","[213 0 42 100]","""""","9.9","false","{breed social-friends}","0","""default""","""none""","0"
"{citizen 48}","{citizen 28}","[213 0 42 100]","""""","9.9","false","{breed social-friends}","0","""default""","""none""","0"
"{citizen 48}","{citizen 29}","[213 0 42 100]","""""","9.9","false","{breed social-friends}","0","""default""","""none""","0"
"{citizen 48}","{citizen 30}","[213 0 42 100]","""""","9.9","false","{breed social-friends}","0","""default""","""none""","0"
"{citizen 48}","{citizen 31}","[213 0 42 100]","""""","9.9","false","{breed social-friends}","0","""default""","""none""","0"
"{citizen 48}","{citizen 32}","[213 0 42 100]","""""","9.9","false","{breed social-friends}","0","""default""","""none""","0"
"{citizen 48}","{citizen 33}","[213 0 42 100]","""""","9.9","false","{breed social-friends}","0","""default""","""none""","0"
"{citizen 48}","{citizen 34}","[213 0 42 100]","""""","9.9","false","{breed social-friends}","0","""default""","""none""","0"
"{citizen 48}","{citizen 35}","[141 141 141 100]","""""","9.9","false","{breed social-friends}","0","""default""","""none""","0"
"{citizen 48}","{citizen 36}","[213 0 42 100]","""""","9.9","false","{breed social-friends}","0","""default""","""none""","0"
"{citizen 48}","{citizen 37}","[213 0 42 100]","""""","9.9","false","{breed social-friends}","0","""default""","""none""","0"
"{citizen 48}","{citizen 38}","[213 0 42 100]","""""","9.9","false","{breed social-friends}","0","""default""","""none""","0"
"{citizen 48}","{citizen 39}","[213 0 42 100]","""""","9.9","false","{breed social-friends}","0","""default""","""none""","0"
"{citizen 48}","{citizen 40}","[213 0 42 100]","""""","9.9","false","{breed social-friends}","0","""default""","""none""","0"
"{citizen 48}","{citizen 41}","[213 0 42 100]","""""","9.9","false","{breed social-friends}","0","""default""","""none""","0"
"{citizen 48}","{citizen 42}","[213 0 42 100]","""""","9.9","false","{breed social-friends}","0","""default""","""none""","0"
"{citizen 48}","{citizen 43}","[213 0 42 100]","""""","9.9","false","{breed social-friends}","0","""default""","""none""","0"
"{citizen 48}","{citizen 44}","[213 0 42 100]","""""","9.9","false","{breed social-friends}","0","""default""","""none""","0"
"{citizen 48}","{citizen 45}","[213 0 42 100]","""""","9.9","false","{breed social-friends}","0","""default""","""none""","0"
"{citizen 48}","{citizen 46}","[213 0 42 100]","""""","9.9","false","{breed social-friends}","0","""default""","""none""","0"
"{citizen 48}","{citizen 47}","[213 0 42 100]","""""","9.9","false","{breed social-friends}","0","""default""","""none""","0"
"{citizen 48}","{citizen 49}","[213 0 42 100]","""""","9.9","false","{breed social-friends}","0","""default""","""none""","0"
"{citizen 49}","{citizen 0}","[213 0 42 100]","""""","9.9","false","{breed social-friends}","0","""default""","""none""","0"
"{citizen 49}","{citizen 1}","[213 0 42 100]","""""","9.9","false","{breed social-friends}","0","""default""","""none""","0"
"{citizen 49}","{citizen 2}","[213 0 42 100]","""""","9.9","false","{breed social-friends}","0","""default""","""none""","0"
"{citizen 49}","{citizen 3}","[213 0 42 100]","""""","9.9","false","{breed social-friends}","0","""default""","""none""","0"
"{citizen 49}","{citizen 4}","[213 0 42 100]","""""","9.9","false","{breed social-friends}","0","""default""","""none""","0"
"{citizen 49}","{citizen 5}","[213 0 42 100]","""""","9.9","false","{breed social-friends}","0","""default""","""none""","0"
"{citizen 49}","{citizen 6}","[213 0 42 100]","""""","9.9","false","{breed social-friends}","0","""default""","""none""","0"
"{citizen 49}","{citizen 7}","[213 0 42 100]","""""","9.9","false","{breed social-friends}","0","""default""","""none""","0"
"{citizen 49}","{citizen 8}","[213 0 42 100]","""""","9.9","false","{breed social-friends}","0","""default""","""none""","0"
"{citizen 49}","{citizen 9}","[213 0 42 100]","""""","9.9","false","{breed social-friends}","0","""default""","""none""","0"
"{citizen 49}","{citizen 10}","[141 141 141 100]","""""","9.9","false","{breed social-friends}","0","""default""","""none""","0"
"{citizen 49}","{citizen 11}","[213 0 42 100]","""""","9.9","false","{breed social-friends}","0","""default""","""none""","0"
"{citizen 49}","{citizen 12}","[141 141 141 100]","""""","9.9","false","{breed social-friends}","0","""default""","""none""","0"
"{citizen 49}","{citizen 13}","[213 0 42 100]","""""","9.9","false","{breed social-friends}","0","""default""","""none""","0"
"{citizen 49}","{citizen 14}","[213 0 42 100]","""""","9.9","false","{breed social-friends}","0","""default""","""none""","0"
"{citizen 49}","{citizen 15}","[213 0 42 100]","""""","9.9","false","{breed social-friends}","0","""default""","""none""","0"
"{citizen 49}","{citizen 16}","[213 0 42 100]","""""","9.9","false","{breed social-friends}","0","""default""","""none""","0"
"{citizen 49}","{citizen 17}","[213 0 42 100]","""""","9.9","false","{breed social-friends}","0","""default""","""none""","0"
"{citizen 49}","{citizen 18}","[213 0 42 100]","""""","9.9","false","{breed social-friends}","0","""default""","""none""","0"
"{citizen 49}","{citizen 19}","[213 0 42 100]","""""","9.9","false","{breed social-friends}","0","""default""","""none""","0"
"{citizen 49}","{citizen 20}","[213 0 42 100]","""""","9.9","false","{breed social-friends}","0","""default""","""none""","0"
"{citizen 49}","{citizen 21}","[213 0 42 100]","""""","9.9","false","{breed social-friends}","0","""default""","""none""","0"
"{citizen 49}","{citizen 22}","[213 0 42 100]","""""","9.9","false","{breed social-friends}","0","""default""","""none""","0"
"{citizen 49}","{citizen 23}","[213 0 42 100]","""""","9.9","false","{breed social-friends}","0","""default""","""none""","0"
"{citizen 49}","{citizen 24}","[213 0 42 100]","""""","9.9","false","{breed social-friends}","0","""default""","""none""","0"
"{citizen 49}","{citizen 25}","[213 0 42 100]","""""","9.9","false","{breed social-friends}","0","""default""","""none""","0"
"{citizen 49}","{citizen 26}","[141 141 141 100]","""""","9.9","false","{breed social-friends}","0","""default""","""none""","0"
"{citizen 49}","{citizen 27}","[213 0 42 100]","""""","9.9","false","{breed social-friends}","0","""default""","""none""","0"
"{citizen 49}","{citizen 28}","[213 0 42 100]","""""","9.9","false","{breed social-friends}","0","""default""","""none""","0"
"{citizen 49}","{citizen 29}","[213 0 42 100]","""""","9.9","false","{breed social-friends}","0","""default""","""none""","0"
"{citizen 49}","{citizen 30}","[213 0 42 100]","""""","9.9","false","{breed social-friends}","0","""default""","""none""","0"
"{citizen 49}","{citizen 31}","[213 0 42 100]","""""","9.9","false","{breed social-friends}","0","""default""","""none""","0"
"{citizen 49}","{citizen 32}","[213 0 42 100]","""""","9.9","false","{breed social-friends}","0","""default""","""none""","0"
"{citizen 49}","{citizen 33}","[213 0 42 100]","""""","9.9","false","{breed social-friends}","0","""default""","""none""","0"
"{citizen 49}","{citizen 34}","[213 0 42 100]","""""","9.9","false","{breed social-friends}","0","""default""","""none""","0"
"{citizen 49}","{citizen 35}","[141 141 141 100]","""""","9.9","false","{breed social-friends}","0","""default""","""none""","0"
"{citizen 49}","{citizen 36}","[213 0 42 100]","""""","9.9","false","{breed social-friends}","0","""default""","""none""","0"
"{citizen 49}","{citizen 37}","[213 0 42 100]","""""","9.9","false","{breed social-friends}","0","""default""","""none""","0"
"{citizen 49}","{citizen 38}","[213 0 42 100]","""""","9.9","false","{breed social-friends}","0","""default""","""none""","0"
"{citizen 49}","{citizen 39}","[213 0 42 100]","""""","9.9","false","{breed social-friends}","0","""default""","""none""","0"
"{citizen 49}","{citizen 40}","[213 0 42 100]","""""","9.9","false","{breed social-friends}","0","""default""","""none""","0"
"{citizen 49}","{citizen 41}","[213 0 42 100]","""""","9.9","false","{breed social-friends}","0","""default""","""none""","0"
"{citizen 49}","{citizen 42}","[213 0 42 100]","""""","9.9","false","{breed social-friends}","0","""default""","""none""","0"
"{citizen 49}","{citizen 43}","[213 0 42 100]","""""","9.9","false","{breed social-friends}","0","""default""","""none""","0"
"{citizen 49}","{citizen 44}","[213 0 42 100]","""""","9.9","false","{breed social-friends}","0","""default""","""none""","0"
"{citizen 49}","{citizen 45}","[213 0 42 100]","""""","9.9","false","{breed social-friends}","0","""default""","""none""","0"
"{citizen 49}","{citizen 46}","[213 0 42 100]","""""","9.9","false","{breed social-friends}","0","""default""","""none""","0"
"{citizen 49}","{citizen 47}","[213 0 42 100]","""""","9.9","false","{breed social-friends}","0","""default""","""none""","0"
"{citizen 49}","{citizen 48}","[213 0 42 100]","""""","9.9","false","{breed social-friends}","0","""default""","""none""","0"
"{media 50}","{citizen 10}","[141 141 141 255]","""""","9.9","false","{breed subscribers}","0","""default""","""none""","0"
"{media 50}","{citizen 12}","[141 141 141 255]","""""","9.9","false","{breed subscribers}","0","""default""","""none""","0"
"{media 50}","{citizen 26}","[141 141 141 255]","""""","9.9","false","{breed subscribers}","0","""default""","""none""","0"
"{media 50}","{citizen 35}","[141 141 141 255]","""""","9.9","false","{breed subscribers}","0","""default""","""none""","0"
"{media 51}","{citizen 0}","[141 141 141 255]","""""","9.9","false","{breed subscribers}","0","""default""","""none""","0"
"{media 51}","{citizen 1}","[141 141 141 255]","""""","9.9","false","{breed subscribers}","0","""default""","""none""","0"
"{media 51}","{citizen 2}","[141 141 141 255]","""""","9.9","false","{breed subscribers}","0","""default""","""none""","0"
"{media 51}","{citizen 3}","[141 141 141 255]","""""","9.9","false","{breed subscribers}","0","""default""","""none""","0"
"{media 51}","{citizen 4}","[141 141 141 255]","""""","9.9","false","{breed subscribers}","0","""default""","""none""","0"
"{media 51}","{citizen 5}","[141 141 141 255]","""""","9.9","false","{breed subscribers}","0","""default""","""none""","0"
"{media 51}","{citizen 6}","[141 141 141 255]","""""","9.9","false","{breed subscribers}","0","""default""","""none""","0"
"{media 51}","{citizen 7}","[141 141 141 255]","""""","9.9","false","{breed subscribers}","0","""default""","""none""","0"
"{media 51}","{citizen 8}","[141 141 141 255]","""""","9.9","false","{breed subscribers}","0","""default""","""none""","0"
"{media 51}","{citizen 9}","[141 141 141 255]","""""","9.9","false","{breed subscribers}","0","""default""","""none""","0"
"{media 51}","{citizen 10}","[141 141 141 255]","""""","9.9","false","{breed subscribers}","0","""default""","""none""","0"
"{media 51}","{citizen 11}","[141 141 141 255]","""""","9.9","false","{breed subscribers}","0","""default""","""none""","0"
"{media 51}","{citizen 12}","[141 141 141 255]","""""","9.9","false","{breed subscribers}","0","""default""","""none""","0"
"{media 51}","{citizen 13}","[141 141 141 255]","""""","9.9","false","{breed subscribers}","0","""default""","""none""","0"
"{media 51}","{citizen 14}","[141 141 141 255]","""""","9.9","false","{breed subscribers}","0","""default""","""none""","0"
"{media 51}","{citizen 15}","[141 141 141 255]","""""","9.9","false","{breed subscribers}","0","""default""","""none""","0"
"{media 51}","{citizen 16}","[141 141 141 255]","""""","9.9","false","{breed subscribers}","0","""default""","""none""","0"
"{media 51}","{citizen 17}","[141 141 141 255]","""""","9.9","false","{breed subscribers}","0","""default""","""none""","0"
"{media 51}","{citizen 18}","[141 141 141 255]","""""","9.9","false","{breed subscribers}","0","""default""","""none""","0"
"{media 51}","{citizen 19}","[141 141 141 255]","""""","9.9","false","{breed subscribers}","0","""default""","""none""","0"
"{media 51}","{citizen 20}","[141 141 141 255]","""""","9.9","false","{breed subscribers}","0","""default""","""none""","0"
"{media 51}","{citizen 21}","[141 141 141 255]","""""","9.9","false","{breed subscribers}","0","""default""","""none""","0"
"{media 51}","{citizen 22}","[141 141 141 255]","""""","9.9","false","{breed subscribers}","0","""default""","""none""","0"
"{media 51}","{citizen 23}","[141 141 141 255]","""""","9.9","false","{breed subscribers}","0","""default""","""none""","0"
"{media 51}","{citizen 24}","[141 141 141 255]","""""","9.9","false","{breed subscribers}","0","""default""","""none""","0"
"{media 51}","{citizen 25}","[141 141 141 255]","""""","9.9","false","{breed subscribers}","0","""default""","""none""","0"
"{media 51}","{citizen 26}","[141 141 141 255]","""""","9.9","false","{breed subscribers}","0","""default""","""none""","0"
"{media 51}","{citizen 27}","[141 141 141 255]","""""","9.9","false","{breed subscribers}","0","""default""","""none""","0"
"{media 51}","{citizen 28}","[141 141 141 255]","""""","9.9","false","{breed subscribers}","0","""default""","""none""","0"
"{media 51}","{citizen 29}","[141 141 141 255]","""""","9.9","false","{breed subscribers}","0","""default""","""none""","0"
"{media 51}","{citizen 30}","[141 141 141 255]","""""","9.9","false","{breed subscribers}","0","""default""","""none""","0"
"{media 51}","{citizen 31}","[141 141 141 255]","""""","9.9","false","{breed subscribers}","0","""default""","""none""","0"
"{media 51}","{citizen 32}","[141 141 141 255]","""""","9.9","false","{breed subscribers}","0","""default""","""none""","0"
"{media 51}","{citizen 33}","[141 141 141 255]","""""","9.9","false","{breed subscribers}","0","""default""","""none""","0"
"{media 51}","{citizen 34}","[141 141 141 255]","""""","9.9","false","{breed subscribers}","0","""default""","""none""","0"
"{media 51}","{citizen 35}","[141 141 141 255]","""""","9.9","false","{breed subscribers}","0","""default""","""none""","0"
"{media 51}","{citizen 36}","[141 141 141 255]","""""","9.9","false","{breed subscribers}","0","""default""","""none""","0"
"{media 51}","{citizen 37}","[141 141 141 255]","""""","9.9","false","{breed subscribers}","0","""default""","""none""","0"
"{media 51}","{citizen 38}","[141 141 141 255]","""""","9.9","false","{breed subscribers}","0","""default""","""none""","0"
"{media 51}","{citizen 39}","[141 141 141 255]","""""","9.9","false","{breed subscribers}","0","""default""","""none""","0"
"{media 51}","{citizen 40}","[141 141 141 255]","""""","9.9","false","{breed subscribers}","0","""default""","""none""","0"
"{media 51}","{citizen 41}","[141 141 141 255]","""""","9.9","false","{breed subscribers}","0","""default""","""none""","0"
"{media 51}","{citizen 42}","[141 141 141 255]","""""","9.9","false","{breed subscribers}","0","""default""","""none""","0"
"{media 51}","{citizen 43}","[141 141 141 255]","""""","9.9","false","{breed subscribers}","0","""default""","""none""","0"
"{media 51}","{citizen 44}","[141 141 141 255]","""""","9.9","false","{breed subscribers}","0","""default""","""none""","0"
"{media 51}","{citizen 45}","[141 141 141 255]","""""","9.9","false","{breed subscribers}","0","""default""","""none""","0"
"{media 51}","{citizen 46}","[141 141 141 255]","""""","9.9","false","{breed subscribers}","0","""default""","""none""","0"
"{media 51}","{citizen 47}","[141 141 141 255]","""""","9.9","false","{breed subscribers}","0","""default""","""none""","0"
"{media 51}","{citizen 48}","[141 141 141 255]","""""","9.9","false","{breed subscribers}","0","""default""","""none""","0"
"{media 51}","{citizen 49}","[141 141 141 255]","""""","9.9","false","{breed subscribers}","0","""default""","""none""","0"
"{media 52}","{citizen 0}","[141 141 141 255]","""""","9.9","false","{breed subscribers}","0","""default""","""none""","0"
"{media 52}","{citizen 1}","[141 141 141 255]","""""","9.9","false","{breed subscribers}","0","""default""","""none""","0"
"{media 52}","{citizen 2}","[141 141 141 255]","""""","9.9","false","{breed subscribers}","0","""default""","""none""","0"
"{media 52}","{citizen 3}","[141 141 141 255]","""""","9.9","false","{breed subscribers}","0","""default""","""none""","0"
"{media 52}","{citizen 4}","[141 141 141 255]","""""","9.9","false","{breed subscribers}","0","""default""","""none""","0"
"{media 52}","{citizen 5}","[141 141 141 255]","""""","9.9","false","{breed subscribers}","0","""default""","""none""","0"
"{media 52}","{citizen 6}","[141 141 141 255]","""""","9.9","false","{breed subscribers}","0","""default""","""none""","0"
"{media 52}","{citizen 7}","[141 141 141 255]","""""","9.9","false","{breed subscribers}","0","""default""","""none""","0"
"{media 52}","{citizen 8}","[141 141 141 255]","""""","9.9","false","{breed subscribers}","0","""default""","""none""","0"
"{media 52}","{citizen 9}","[141 141 141 255]","""""","9.9","false","{breed subscribers}","0","""default""","""none""","0"
"{media 52}","{citizen 10}","[141 141 141 255]","""""","9.9","false","{breed subscribers}","0","""default""","""none""","0"
"{media 52}","{citizen 11}","[141 141 141 255]","""""","9.9","false","{breed subscribers}","0","""default""","""none""","0"
"{media 52}","{citizen 12}","[141 141 141 255]","""""","9.9","false","{breed subscribers}","0","""default""","""none""","0"
"{media 52}","{citizen 13}","[141 141 141 255]","""""","9.9","false","{breed subscribers}","0","""default""","""none""","0"
"{media 52}","{citizen 14}","[141 141 141 255]","""""","9.9","false","{breed subscribers}","0","""default""","""none""","0"
"{media 52}","{citizen 15}","[141 141 141 255]","""""","9.9","false","{breed subscribers}","0","""default""","""none""","0"
"{media 52}","{citizen 16}","[141 141 141 255]","""""","9.9","false","{breed subscribers}","0","""default""","""none""","0"
"{media 52}","{citizen 17}","[141 141 141 255]","""""","9.9","false","{breed subscribers}","0","""default""","""none""","0"
"{media 52}","{citizen 18}","[141 141 141 255]","""""","9.9","false","{breed subscribers}","0","""default""","""none""","0"
"{media 52}","{citizen 19}","[141 141 141 255]","""""","9.9","false","{breed subscribers}","0","""default""","""none""","0"
"{media 52}","{citizen 20}","[141 141 141 255]","""""","9.9","false","{breed subscribers}","0","""default""","""none""","0"
"{media 52}","{citizen 21}","[141 141 141 255]","""""","9.9","false","{breed subscribers}","0","""default""","""none""","0"
"{media 52}","{citizen 22}","[141 141 141 255]","""""","9.9","false","{breed subscribers}","0","""default""","""none""","0"
"{media 52}","{citizen 23}","[141 141 141 255]","""""","9.9","false","{breed subscribers}","0","""default""","""none""","0"
"{media 52}","{citizen 24}","[141 141 141 255]","""""","9.9","false","{breed subscribers}","0","""default""","""none""","0"
"{media 52}","{citizen 25}","[141 141 141 255]","""""","9.9","false","{breed subscribers}","0","""default""","""none""","0"
"{media 52}","{citizen 26}","[141 141 141 255]","""""","9.9","false","{breed subscribers}","0","""default""","""none""","0"
"{media 52}","{citizen 27}","[141 141 141 255]","""""","9.9","false","{breed subscribers}","0","""default""","""none""","0"
"{media 52}","{citizen 28}","[141 141 141 255]","""""","9.9","false","{breed subscribers}","0","""default""","""none""","0"
"{media 52}","{citizen 29}","[141 141 141 255]","""""","9.9","false","{breed subscribers}","0","""default""","""none""","0"
"{media 52}","{citizen 30}","[141 141 141 255]","""""","9.9","false","{breed subscribers}","0","""default""","""none""","0"
"{media 52}","{citizen 31}","[141 141 141 255]","""""","9.9","false","{breed subscribers}","0","""default""","""none""","0"
"{media 52}","{citizen 32}","[141 141 141 255]","""""","9.9","false","{breed subscribers}","0","""default""","""none""","0"
"{media 52}","{citizen 33}","[141 141 141 255]","""""","9.9","false","{breed subscribers}","0","""default""","""none""","0"
"{media 52}","{citizen 34}","[141 141 141 255]","""""","9.9","false","{breed subscribers}","0","""default""","""none""","0"
"{media 52}","{citizen 35}","[141 141 141 255]","""""","9.9","false","{breed subscribers}","0","""default""","""none""","0"
"{media 52}","{citizen 36}","[141 141 141 255]","""""","9.9","false","{breed subscribers}","0","""default""","""none""","0"
"{media 52}","{citizen 37}","[141 141 141 255]","""""","9.9","false","{breed subscribers}","0","""default""","""none""","0"
"{media 52}","{citizen 38}","[141 141 141 255]","""""","9.9","false","{breed subscribers}","0","""default""","""none""","0"
"{media 52}","{citizen 39}","[141 141 141 255]","""""","9.9","false","{breed subscribers}","0","""default""","""none""","0"
"{media 52}","{citizen 40}","[141 141 141 255]","""""","9.9","false","{breed subscribers}","0","""default""","""none""","0"
"{media 52}","{citizen 41}","[141 141 141 255]","""""","9.9","false","{breed subscribers}","0","""default""","""none""","0"
"{media 52}","{citizen 42}","[141 141 141 255]","""""","9.9","false","{breed subscribers}","0","""default""","""none""","0"
"{media 52}","{citizen 43}","[141 141 141 255]","""""","9.9","false","{breed subscribers}","0","""default""","""none""","0"
"{media 52}","{citizen 44}","[141 141 141 255]","""""","9.9","false","{breed subscribers}","0","""default""","""none""","0"
"{media 52}","{citizen 45}","[141 141 141 255]","""""","9.9","false","{breed subscribers}","0","""default""","""none""","0"
"{media 52}","{citizen 46}","[141 141 141 255]","""""","9.9","false","{breed subscribers}","0","""default""","""none""","0"
"{media 52}","{citizen 47}","[141 141 141 255]","""""","9.9","false","{breed subscribers}","0","""default""","""none""","0"
"{media 52}","{citizen 48}","[141 141 141 255]","""""","9.9","false","{breed subscribers}","0","""default""","""none""","0"
"{media 52}","{citizen 49}","[141 141 141 255]","""""","9.9","false","{breed subscribers}","0","""default""","""none""","0"
"{media 53}","{citizen 0}","[141 141 141 255]","""""","9.9","false","{breed subscribers}","0","""default""","""none""","0"
"{media 53}","{citizen 1}","[141 141 141 255]","""""","9.9","false","{breed subscribers}","0","""default""","""none""","0"
"{media 53}","{citizen 2}","[141 141 141 255]","""""","9.9","false","{breed subscribers}","0","""default""","""none""","0"
"{media 53}","{citizen 3}","[141 141 141 255]","""""","9.9","false","{breed subscribers}","0","""default""","""none""","0"
"{media 53}","{citizen 4}","[141 141 141 255]","""""","9.9","false","{breed subscribers}","0","""default""","""none""","0"
"{media 53}","{citizen 5}","[141 141 141 255]","""""","9.9","false","{breed subscribers}","0","""default""","""none""","0"
"{media 53}","{citizen 6}","[141 141 141 255]","""""","9.9","false","{breed subscribers}","0","""default""","""none""","0"
"{media 53}","{citizen 7}","[141 141 141 255]","""""","9.9","false","{breed subscribers}","0","""default""","""none""","0"
"{media 53}","{citizen 8}","[141 141 141 255]","""""","9.9","false","{breed subscribers}","0","""default""","""none""","0"
"{media 53}","{citizen 9}","[141 141 141 255]","""""","9.9","false","{breed subscribers}","0","""default""","""none""","0"
"{media 53}","{citizen 10}","[141 141 141 255]","""""","9.9","false","{breed subscribers}","0","""default""","""none""","0"
"{media 53}","{citizen 11}","[141 141 141 255]","""""","9.9","false","{breed subscribers}","0","""default""","""none""","0"
"{media 53}","{citizen 12}","[141 141 141 255]","""""","9.9","false","{breed subscribers}","0","""default""","""none""","0"
"{media 53}","{citizen 13}","[141 141 141 255]","""""","9.9","false","{breed subscribers}","0","""default""","""none""","0"
"{media 53}","{citizen 14}","[141 141 141 255]","""""","9.9","false","{breed subscribers}","0","""default""","""none""","0"
"{media 53}","{citizen 15}","[141 141 141 255]","""""","9.9","false","{breed subscribers}","0","""default""","""none""","0"
"{media 53}","{citizen 16}","[141 141 141 255]","""""","9.9","false","{breed subscribers}","0","""default""","""none""","0"
"{media 53}","{citizen 17}","[141 141 141 255]","""""","9.9","false","{breed subscribers}","0","""default""","""none""","0"
"{media 53}","{citizen 18}","[141 141 141 255]","""""","9.9","false","{breed subscribers}","0","""default""","""none""","0"
"{media 53}","{citizen 19}","[141 141 141 255]","""""","9.9","false","{breed subscribers}","0","""default""","""none""","0"
"{media 53}","{citizen 20}","[141 141 141 255]","""""","9.9","false","{breed subscribers}","0","""default""","""none""","0"
"{media 53}","{citizen 21}","[141 141 141 255]","""""","9.9","false","{breed subscribers}","0","""default""","""none""","0"
"{media 53}","{citizen 22}","[141 141 141 255]","""""","9.9","false","{breed subscribers}","0","""default""","""none""","0"
"{media 53}","{citizen 23}","[141 141 141 255]","""""","9.9","false","{breed subscribers}","0","""default""","""none""","0"
"{media 53}","{citizen 24}","[141 141 141 255]","""""","9.9","false","{breed subscribers}","0","""default""","""none""","0"
"{media 53}","{citizen 25}","[141 141 141 255]","""""","9.9","false","{breed subscribers}","0","""default""","""none""","0"
"{media 53}","{citizen 26}","[141 141 141 255]","""""","9.9","false","{breed subscribers}","0","""default""","""none""","0"
"{media 53}","{citizen 27}","[141 141 141 255]","""""","9.9","false","{breed subscribers}","0","""default""","""none""","0"
"{media 53}","{citizen 28}","[141 141 141 255]","""""","9.9","false","{breed subscribers}","0","""default""","""none""","0"
"{media 53}","{citizen 29}","[141 141 141 255]","""""","9.9","false","{breed subscribers}","0","""default""","""none""","0"
"{media 53}","{citizen 30}","[141 141 141 255]","""""","9.9","false","{breed subscribers}","0","""default""","""none""","0"
"{media 53}","{citizen 31}","[141 141 141 255]","""""","9.9","false","{breed subscribers}","0","""default""","""none""","0"
"{media 53}","{citizen 32}","[141 141 141 255]","""""","9.9","false","{breed subscribers}","0","""default""","""none""","0"
"{media 53}","{citizen 33}","[141 141 141 255]","""""","9.9","false","{breed subscribers}","0","""default""","""none""","0"
"{media 53}","{citizen 34}","[141 141 141 255]","""""","9.9","false","{breed subscribers}","0","""default""","""none""","0"
"{media 53}","{citizen 35}","[141 141 141 255]","""""","9.9","false","{breed subscribers}","0","""default""","""none""","0"
"{media 53}","{citizen 36}","[141 141 141 255]","""""","9.9","false","{breed subscribers}","0","""default""","""none""","0"
"{media 53}","{citizen 37}","[141 141 141 255]","""""","9.9","false","{breed subscribers}","0","""default""","""none""","0"
"{media 53}","{citizen 38}","[141 141 141 255]","""""","9.9","false","{breed subscribers}","0","""default""","""none""","0"
"{media 53}","{citizen 39}","[141 141 141 255]","""""","9.9","false","{breed subscribers}","0","""default""","""none""","0"
"{media 53}","{citizen 40}","[141 141 141 255]","""""","9.9","false","{breed subscribers}","0","""default""","""none""","0"
"{media 53}","{citizen 41}","[141 141 141 255]","""""","9.9","false","{breed subscribers}","0","""default""","""none""","0"
"{media 53}","{citizen 42}","[141 141 141 255]","""""","9.9","false","{breed subscribers}","0","""default""","""none""","0"
"{media 53}","{citizen 43}","[141 141 141 255]","""""","9.9","false","{breed subscribers}","0","""default""","""none""","0"
"{media 53}","{citizen 44}","[141 141 141 255]","""""","9.9","false","{breed subscribers}","0","""default""","""none""","0"
"{media 53}","{citizen 45}","[141 141 141 255]","""""","9.9","false","{breed subscribers}","0","""default""","""none""","0"
"{media 53}","{citizen 46}","[141 141 141 255]","""""","9.9","false","{breed subscribers}","0","""default""","""none""","0"
"{media 53}","{citizen 47}","[141 141 141 255]","""""","9.9","false","{breed subscribers}","0","""default""","""none""","0"
"{media 53}","{citizen 48}","[141 141 141 255]","""""","9.9","false","{breed subscribers}","0","""default""","""none""","0"
"{media 53}","{citizen 49}","[141 141 141 255]","""""","9.9","false","{breed subscribers}","0","""default""","""none""","0"
"{media 54}","{citizen 10}","[141 141 141 255]","""""","9.9","false","{breed subscribers}","0","""default""","""none""","0"
"{media 54}","{citizen 12}","[141 141 141 255]","""""","9.9","false","{breed subscribers}","0","""default""","""none""","0"
"{media 54}","{citizen 26}","[141 141 141 255]","""""","9.9","false","{breed subscribers}","0","""default""","""none""","0"
"{media 54}","{citizen 35}","[141 141 141 255]","""""","9.9","false","{breed subscribers}","0","""default""","""none""","0"
"{media 55}","{citizen 0}","[141 141 141 255]","""""","9.9","false","{breed subscribers}","0","""default""","""none""","0"
"{media 55}","{citizen 1}","[141 141 141 255]","""""","9.9","false","{breed subscribers}","0","""default""","""none""","0"
"{media 55}","{citizen 2}","[141 141 141 255]","""""","9.9","false","{breed subscribers}","0","""default""","""none""","0"
"{media 55}","{citizen 3}","[141 141 141 255]","""""","9.9","false","{breed subscribers}","0","""default""","""none""","0"
"{media 55}","{citizen 4}","[141 141 141 255]","""""","9.9","false","{breed subscribers}","0","""default""","""none""","0"
"{media 55}","{citizen 5}","[141 141 141 255]","""""","9.9","false","{breed subscribers}","0","""default""","""none""","0"
"{media 55}","{citizen 6}","[141 141 141 255]","""""","9.9","false","{breed subscribers}","0","""default""","""none""","0"
"{media 55}","{citizen 7}","[141 141 141 255]","""""","9.9","false","{breed subscribers}","0","""default""","""none""","0"
"{media 55}","{citizen 8}","[141 141 141 255]","""""","9.9","false","{breed subscribers}","0","""default""","""none""","0"
"{media 55}","{citizen 9}","[141 141 141 255]","""""","9.9","false","{breed subscribers}","0","""default""","""none""","0"
"{media 55}","{citizen 10}","[141 141 141 255]","""""","9.9","false","{breed subscribers}","0","""default""","""none""","0"
"{media 55}","{citizen 11}","[141 141 141 255]","""""","9.9","false","{breed subscribers}","0","""default""","""none""","0"
"{media 55}","{citizen 12}","[141 141 141 255]","""""","9.9","false","{breed subscribers}","0","""default""","""none""","0"
"{media 55}","{citizen 13}","[141 141 141 255]","""""","9.9","false","{breed subscribers}","0","""default""","""none""","0"
"{media 55}","{citizen 14}","[141 141 141 255]","""""","9.9","false","{breed subscribers}","0","""default""","""none""","0"
"{media 55}","{citizen 15}","[141 141 141 255]","""""","9.9","false","{breed subscribers}","0","""default""","""none""","0"
"{media 55}","{citizen 16}","[141 141 141 255]","""""","9.9","false","{breed subscribers}","0","""default""","""none""","0"
"{media 55}","{citizen 17}","[141 141 141 255]","""""","9.9","false","{breed subscribers}","0","""default""","""none""","0"
"{media 55}","{citizen 18}","[141 141 141 255]","""""","9.9","false","{breed subscribers}","0","""default""","""none""","0"
"{media 55}","{citizen 19}","[141 141 141 255]","""""","9.9","false","{breed subscribers}","0","""default""","""none""","0"
"{media 55}","{citizen 20}","[141 141 141 255]","""""","9.9","false","{breed subscribers}","0","""default""","""none""","0"
"{media 55}","{citizen 21}","[141 141 141 255]","""""","9.9","false","{breed subscribers}","0","""default""","""none""","0"
"{media 55}","{citizen 22}","[141 141 141 255]","""""","9.9","false","{breed subscribers}","0","""default""","""none""","0"
"{media 55}","{citizen 23}","[141 141 141 255]","""""","9.9","false","{breed subscribers}","0","""default""","""none""","0"
"{media 55}","{citizen 24}","[141 141 141 255]","""""","9.9","false","{breed subscribers}","0","""default""","""none""","0"
"{media 55}","{citizen 25}","[141 141 141 255]","""""","9.9","false","{breed subscribers}","0","""default""","""none""","0"
"{media 55}","{citizen 26}","[141 141 141 255]","""""","9.9","false","{breed subscribers}","0","""default""","""none""","0"
"{media 55}","{citizen 27}","[141 141 141 255]","""""","9.9","false","{breed subscribers}","0","""default""","""none""","0"
"{media 55}","{citizen 28}","[141 141 141 255]","""""","9.9","false","{breed subscribers}","0","""default""","""none""","0"
"{media 55}","{citizen 29}","[141 141 141 255]","""""","9.9","false","{breed subscribers}","0","""default""","""none""","0"
"{media 55}","{citizen 30}","[141 141 141 255]","""""","9.9","false","{breed subscribers}","0","""default""","""none""","0"
"{media 55}","{citizen 31}","[141 141 141 255]","""""","9.9","false","{breed subscribers}","0","""default""","""none""","0"
"{media 55}","{citizen 32}","[141 141 141 255]","""""","9.9","false","{breed subscribers}","0","""default""","""none""","0"
"{media 55}","{citizen 33}","[141 141 141 255]","""""","9.9","false","{breed subscribers}","0","""default""","""none""","0"
"{media 55}","{citizen 34}","[141 141 141 255]","""""","9.9","false","{breed subscribers}","0","""default""","""none""","0"
"{media 55}","{citizen 35}","[141 141 141 255]","""""","9.9","false","{breed subscribers}","0","""default""","""none""","0"
"{media 55}","{citizen 36}","[141 141 141 255]","""""","9.9","false","{breed subscribers}","0","""default""","""none""","0"
"{media 55}","{citizen 37}","[141 141 141 255]","""""","9.9","false","{breed subscribers}","0","""default""","""none""","0"
"{media 55}","{citizen 38}","[141 141 141 255]","""""","9.9","false","{breed subscribers}","0","""default""","""none""","0"
"{media 55}","{citizen 39}","[141 141 141 255]","""""","9.9","false","{breed subscribers}","0","""default""","""none""","0"
"{media 55}","{citizen 40}","[141 141 141 255]","""""","9.9","false","{breed subscribers}","0","""default""","""none""","0"
"{media 55}","{citizen 41}","[141 141 141 255]","""""","9.9","false","{breed subscribers}","0","""default""","""none""","0"
"{media 55}","{citizen 42}","[141 141 141 255]","""""","9.9","false","{breed subscribers}","0","""default""","""none""","0"
"{media 55}","{citizen 43}","[141 141 141 255]","""""","9.9","false","{breed subscribers}","0","""default""","""none""","0"
"{media 55}","{citizen 44}","[141 141 141 255]","""""","9.9","false","{breed subscribers}","0","""default""","""none""","0"
"{media 55}","{citizen 45}","[141 141 141 255]","""""","9.9","false","{breed subscribers}","0","""default""","""none""","0"
"{media 55}","{citizen 46}","[141 141 141 255]","""""","9.9","false","{breed subscribers}","0","""default""","""none""","0"
"{media 55}","{citizen 47}","[141 141 141 255]","""""","9.9","false","{breed subscribers}","0","""default""","""none""","0"
"{media 55}","{citizen 48}","[141 141 141 255]","""""","9.9","false","{breed subscribers}","0","""default""","""none""","0"
"{media 55}","{citizen 49}","[141 141 141 255]","""""","9.9","false","{breed subscribers}","0","""default""","""none""","0"
"{media 56}","{citizen 0}","[141 141 141 255]","""""","9.9","false","{breed subscribers}","0","""default""","""none""","0"
"{media 56}","{citizen 1}","[141 141 141 255]","""""","9.9","false","{breed subscribers}","0","""default""","""none""","0"
"{media 56}","{citizen 2}","[141 141 141 255]","""""","9.9","false","{breed subscribers}","0","""default""","""none""","0"
"{media 56}","{citizen 3}","[141 141 141 255]","""""","9.9","false","{breed subscribers}","0","""default""","""none""","0"
"{media 56}","{citizen 4}","[141 141 141 255]","""""","9.9","false","{breed subscribers}","0","""default""","""none""","0"
"{media 56}","{citizen 5}","[141 141 141 255]","""""","9.9","false","{breed subscribers}","0","""default""","""none""","0"
"{media 56}","{citizen 6}","[141 141 141 255]","""""","9.9","false","{breed subscribers}","0","""default""","""none""","0"
"{media 56}","{citizen 7}","[141 141 141 255]","""""","9.9","false","{breed subscribers}","0","""default""","""none""","0"
"{media 56}","{citizen 8}","[141 141 141 255]","""""","9.9","false","{breed subscribers}","0","""default""","""none""","0"
"{media 56}","{citizen 9}","[141 141 141 255]","""""","9.9","false","{breed subscribers}","0","""default""","""none""","0"
"{media 56}","{citizen 10}","[141 141 141 255]","""""","9.9","false","{breed subscribers}","0","""default""","""none""","0"
"{media 56}","{citizen 11}","[141 141 141 255]","""""","9.9","false","{breed subscribers}","0","""default""","""none""","0"
"{media 56}","{citizen 12}","[141 141 141 255]","""""","9.9","false","{breed subscribers}","0","""default""","""none""","0"
"{media 56}","{citizen 13}","[141 141 141 255]","""""","9.9","false","{breed subscribers}","0","""default""","""none""","0"
"{media 56}","{citizen 14}","[141 141 141 255]","""""","9.9","false","{breed subscribers}","0","""default""","""none""","0"
"{media 56}","{citizen 15}","[141 141 141 255]","""""","9.9","false","{breed subscribers}","0","""default""","""none""","0"
"{media 56}","{citizen 16}","[141 141 141 255]","""""","9.9","false","{breed subscribers}","0","""default""","""none""","0"
"{media 56}","{citizen 17}","[141 141 141 255]","""""","9.9","false","{breed subscribers}","0","""default""","""none""","0"
"{media 56}","{citizen 18}","[141 141 141 255]","""""","9.9","false","{breed subscribers}","0","""default""","""none""","0"
"{media 56}","{citizen 19}","[141 141 141 255]","""""","9.9","false","{breed subscribers}","0","""default""","""none""","0"
"{media 56}","{citizen 20}","[141 141 141 255]","""""","9.9","false","{breed subscribers}","0","""default""","""none""","0"
"{media 56}","{citizen 21}","[141 141 141 255]","""""","9.9","false","{breed subscribers}","0","""default""","""none""","0"
"{media 56}","{citizen 22}","[141 141 141 255]","""""","9.9","false","{breed subscribers}","0","""default""","""none""","0"
"{media 56}","{citizen 23}","[141 141 141 255]","""""","9.9","false","{breed subscribers}","0","""default""","""none""","0"
"{media 56}","{citizen 24}","[141 141 141 255]","""""","9.9","false","{breed subscribers}","0","""default""","""none""","0"
"{media 56}","{citizen 25}","[141 141 141 255]","""""","9.9","false","{breed subscribers}","0","""default""","""none""","0"
"{media 56}","{citizen 26}","[141 141 141 255]","""""","9.9","false","{breed subscribers}","0","""default""","""none""","0"
"{media 56}","{citizen 27}","[141 141 141 255]","""""","9.9","false","{breed subscribers}","0","""default""","""none""","0"
"{media 56}","{citizen 28}","[141 141 141 255]","""""","9.9","false","{breed subscribers}","0","""default""","""none""","0"
"{media 56}","{citizen 29}","[141 141 141 255]","""""","9.9","false","{breed subscribers}","0","""default""","""none""","0"
"{media 56}","{citizen 30}","[141 141 141 255]","""""","9.9","false","{breed subscribers}","0","""default""","""none""","0"
"{media 56}","{citizen 31}","[141 141 141 255]","""""","9.9","false","{breed subscribers}","0","""default""","""none""","0"
"{media 56}","{citizen 32}","[141 141 141 255]","""""","9.9","false","{breed subscribers}","0","""default""","""none""","0"
"{media 56}","{citizen 33}","[141 141 141 255]","""""","9.9","false","{breed subscribers}","0","""default""","""none""","0"
"{media 56}","{citizen 34}","[141 141 141 255]","""""","9.9","false","{breed subscribers}","0","""default""","""none""","0"
"{media 56}","{citizen 35}","[141 141 141 255]","""""","9.9","false","{breed subscribers}","0","""default""","""none""","0"
"{media 56}","{citizen 36}","[141 141 141 255]","""""","9.9","false","{breed subscribers}","0","""default""","""none""","0"
"{media 56}","{citizen 37}","[141 141 141 255]","""""","9.9","false","{breed subscribers}","0","""default""","""none""","0"
"{media 56}","{citizen 38}","[141 141 141 255]","""""","9.9","false","{breed subscribers}","0","""default""","""none""","0"
"{media 56}","{citizen 39}","[141 141 141 255]","""""","9.9","false","{breed subscribers}","0","""default""","""none""","0"
"{media 56}","{citizen 40}","[141 141 141 255]","""""","9.9","false","{breed subscribers}","0","""default""","""none""","0"
"{media 56}","{citizen 41}","[141 141 141 255]","""""","9.9","false","{breed subscribers}","0","""default""","""none""","0"
"{media 56}","{citizen 42}","[141 141 141 255]","""""","9.9","false","{breed subscribers}","0","""default""","""none""","0"
"{media 56}","{citizen 43}","[141 141 141 255]","""""","9.9","false","{breed subscribers}","0","""default""","""none""","0"
"{media 56}","{citizen 44}","[141 141 141 255]","""""","9.9","false","{breed subscribers}","0","""default""","""none""","0"
"{media 56}","{citizen 45}","[141 141 141 255]","""""","9.9","false","{breed subscribers}","0","""default""","""none""","0"
"{media 56}","{citizen 46}","[141 141 141 255]","""""","9.9","false","{breed subscribers}","0","""default""","""none""","0"
"{media 56}","{citizen 47}","[141 141 141 255]","""""","9.9","false","{breed subscribers}","0","""default""","""none""","0"
"{media 56}","{citizen 48}","[141 141 141 255]","""""","9.9","false","{breed subscribers}","0","""default""","""none""","0"
"{media 56}","{citizen 49}","[141 141 141 255]","""""","9.9","false","{breed subscribers}","0","""default""","""none""","0"
"{media 58}","{citizen 0}","[141 141 141 255]","""""","9.9","false","{breed subscribers}","0","""default""","""none""","0"
"{media 58}","{citizen 1}","[141 141 141 255]","""""","9.9","false","{breed subscribers}","0","""default""","""none""","0"
"{media 58}","{citizen 2}","[141 141 141 255]","""""","9.9","false","{breed subscribers}","0","""default""","""none""","0"
"{media 58}","{citizen 3}","[141 141 141 255]","""""","9.9","false","{breed subscribers}","0","""default""","""none""","0"
"{media 58}","{citizen 4}","[141 141 141 255]","""""","9.9","false","{breed subscribers}","0","""default""","""none""","0"
"{media 58}","{citizen 5}","[141 141 141 255]","""""","9.9","false","{breed subscribers}","0","""default""","""none""","0"
"{media 58}","{citizen 6}","[141 141 141 255]","""""","9.9","false","{breed subscribers}","0","""default""","""none""","0"
"{media 58}","{citizen 7}","[141 141 141 255]","""""","9.9","false","{breed subscribers}","0","""default""","""none""","0"
"{media 58}","{citizen 8}","[141 141 141 255]","""""","9.9","false","{breed subscribers}","0","""default""","""none""","0"
"{media 58}","{citizen 9}","[141 141 141 255]","""""","9.9","false","{breed subscribers}","0","""default""","""none""","0"
"{media 58}","{citizen 10}","[141 141 141 255]","""""","9.9","false","{breed subscribers}","0","""default""","""none""","0"
"{media 58}","{citizen 11}","[141 141 141 255]","""""","9.9","false","{breed subscribers}","0","""default""","""none""","0"
"{media 58}","{citizen 12}","[141 141 141 255]","""""","9.9","false","{breed subscribers}","0","""default""","""none""","0"
"{media 58}","{citizen 13}","[141 141 141 255]","""""","9.9","false","{breed subscribers}","0","""default""","""none""","0"
"{media 58}","{citizen 14}","[141 141 141 255]","""""","9.9","false","{breed subscribers}","0","""default""","""none""","0"
"{media 58}","{citizen 15}","[141 141 141 255]","""""","9.9","false","{breed subscribers}","0","""default""","""none""","0"
"{media 58}","{citizen 16}","[141 141 141 255]","""""","9.9","false","{breed subscribers}","0","""default""","""none""","0"
"{media 58}","{citizen 17}","[141 141 141 255]","""""","9.9","false","{breed subscribers}","0","""default""","""none""","0"
"{media 58}","{citizen 18}","[141 141 141 255]","""""","9.9","false","{breed subscribers}","0","""default""","""none""","0"
"{media 58}","{citizen 19}","[141 141 141 255]","""""","9.9","false","{breed subscribers}","0","""default""","""none""","0"
"{media 58}","{citizen 20}","[141 141 141 255]","""""","9.9","false","{breed subscribers}","0","""default""","""none""","0"
"{media 58}","{citizen 21}","[141 141 141 255]","""""","9.9","false","{breed subscribers}","0","""default""","""none""","0"
"{media 58}","{citizen 22}","[141 141 141 255]","""""","9.9","false","{breed subscribers}","0","""default""","""none""","0"
"{media 58}","{citizen 23}","[141 141 141 255]","""""","9.9","false","{breed subscribers}","0","""default""","""none""","0"
"{media 58}","{citizen 24}","[141 141 141 255]","""""","9.9","false","{breed subscribers}","0","""default""","""none""","0"
"{media 58}","{citizen 25}","[141 141 141 255]","""""","9.9","false","{breed subscribers}","0","""default""","""none""","0"
"{media 58}","{citizen 26}","[141 141 141 255]","""""","9.9","false","{breed subscribers}","0","""default""","""none""","0"
"{media 58}","{citizen 27}","[141 141 141 255]","""""","9.9","false","{breed subscribers}","0","""default""","""none""","0"
"{media 58}","{citizen 28}","[141 141 141 255]","""""","9.9","false","{breed subscribers}","0","""default""","""none""","0"
"{media 58}","{citizen 29}","[141 141 141 255]","""""","9.9","false","{breed subscribers}","0","""default""","""none""","0"
"{media 58}","{citizen 30}","[141 141 141 255]","""""","9.9","false","{breed subscribers}","0","""default""","""none""","0"
"{media 58}","{citizen 31}","[141 141 141 255]","""""","9.9","false","{breed subscribers}","0","""default""","""none""","0"
"{media 58}","{citizen 32}","[141 141 141 255]","""""","9.9","false","{breed subscribers}","0","""default""","""none""","0"
"{media 58}","{citizen 33}","[141 141 141 255]","""""","9.9","false","{breed subscribers}","0","""default""","""none""","0"
"{media 58}","{citizen 34}","[141 141 141 255]","""""","9.9","false","{breed subscribers}","0","""default""","""none""","0"
"{media 58}","{citizen 35}","[141 141 141 255]","""""","9.9","false","{breed subscribers}","0","""default""","""none""","0"
"{media 58}","{citizen 36}","[141 141 141 255]","""""","9.9","false","{breed subscribers}","0","""default""","""none""","0"
"{media 58}","{citizen 37}","[141 141 141 255]","""""","9.9","false","{breed subscribers}","0","""default""","""none""","0"
"{media 58}","{citizen 38}","[141 141 141 255]","""""","9.9","false","{breed subscribers}","0","""default""","""none""","0"
"{media 58}","{citizen 39}","[141 141 141 255]","""""","9.9","false","{breed subscribers}","0","""default""","""none""","0"
"{media 58}","{citizen 40}","[141 141 141 255]","""""","9.9","false","{breed subscribers}","0","""default""","""none""","0"
"{media 58}","{citizen 41}","[141 141 141 255]","""""","9.9","false","{breed subscribers}","0","""default""","""none""","0"
"{media 58}","{citizen 42}","[141 141 141 255]","""""","9.9","false","{breed subscribers}","0","""default""","""none""","0"
"{media 58}","{citizen 43}","[141 141 141 255]","""""","9.9","false","{breed subscribers}","0","""default""","""none""","0"
"{media 58}","{citizen 44}","[141 141 141 255]","""""","9.9","false","{breed subscribers}","0","""default""","""none""","0"
"{media 58}","{citizen 45}","[141 141 141 255]","""""","9.9","false","{breed subscribers}","0","""default""","""none""","0"
"{media 58}","{citizen 46}","[141 141 141 255]","""""","9.9","false","{breed subscribers}","0","""default""","""none""","0"
"{media 58}","{citizen 47}","[141 141 141 255]","""""","9.9","false","{breed subscribers}","0","""default""","""none""","0"
"{media 58}","{citizen 48}","[141 141 141 255]","""""","9.9","false","{breed subscribers}","0","""default""","""none""","0"
"{media 58}","{citizen 49}","[141 141 141 255]","""""","9.9","false","{breed subscribers}","0","""default""","""none""","0"
"{media 59}","{citizen 10}","[141 141 141 255]","""""","9.9","false","{breed subscribers}","0","""default""","""none""","0"
"{media 59}","{citizen 12}","[141 141 141 255]","""""","9.9","false","{breed subscribers}","0","""default""","""none""","0"
"{media 59}","{citizen 26}","[141 141 141 255]","""""","9.9","false","{breed subscribers}","0","""default""","""none""","0"
"{media 59}","{citizen 35}","[141 141 141 255]","""""","9.9","false","{breed subscribers}","0","""default""","""none""","0"
"{media 60}","{citizen 0}","[141 141 141 255]","""""","9.9","false","{breed subscribers}","0","""default""","""none""","0"
"{media 60}","{citizen 1}","[141 141 141 255]","""""","9.9","false","{breed subscribers}","0","""default""","""none""","0"
"{media 60}","{citizen 2}","[141 141 141 255]","""""","9.9","false","{breed subscribers}","0","""default""","""none""","0"
"{media 60}","{citizen 3}","[141 141 141 255]","""""","9.9","false","{breed subscribers}","0","""default""","""none""","0"
"{media 60}","{citizen 4}","[141 141 141 255]","""""","9.9","false","{breed subscribers}","0","""default""","""none""","0"
"{media 60}","{citizen 5}","[141 141 141 255]","""""","9.9","false","{breed subscribers}","0","""default""","""none""","0"
"{media 60}","{citizen 6}","[141 141 141 255]","""""","9.9","false","{breed subscribers}","0","""default""","""none""","0"
"{media 60}","{citizen 7}","[141 141 141 255]","""""","9.9","false","{breed subscribers}","0","""default""","""none""","0"
"{media 60}","{citizen 8}","[141 141 141 255]","""""","9.9","false","{breed subscribers}","0","""default""","""none""","0"
"{media 60}","{citizen 9}","[141 141 141 255]","""""","9.9","false","{breed subscribers}","0","""default""","""none""","0"
"{media 60}","{citizen 11}","[141 141 141 255]","""""","9.9","false","{breed subscribers}","0","""default""","""none""","0"
"{media 60}","{citizen 13}","[141 141 141 255]","""""","9.9","false","{breed subscribers}","0","""default""","""none""","0"
"{media 60}","{citizen 14}","[141 141 141 255]","""""","9.9","false","{breed subscribers}","0","""default""","""none""","0"
"{media 60}","{citizen 15}","[141 141 141 255]","""""","9.9","false","{breed subscribers}","0","""default""","""none""","0"
"{media 60}","{citizen 16}","[141 141 141 255]","""""","9.9","false","{breed subscribers}","0","""default""","""none""","0"
"{media 60}","{citizen 17}","[141 141 141 255]","""""","9.9","false","{breed subscribers}","0","""default""","""none""","0"
"{media 60}","{citizen 18}","[141 141 141 255]","""""","9.9","false","{breed subscribers}","0","""default""","""none""","0"
"{media 60}","{citizen 19}","[141 141 141 255]","""""","9.9","false","{breed subscribers}","0","""default""","""none""","0"
"{media 60}","{citizen 20}","[141 141 141 255]","""""","9.9","false","{breed subscribers}","0","""default""","""none""","0"
"{media 60}","{citizen 21}","[141 141 141 255]","""""","9.9","false","{breed subscribers}","0","""default""","""none""","0"
"{media 60}","{citizen 22}","[141 141 141 255]","""""","9.9","false","{breed subscribers}","0","""default""","""none""","0"
"{media 60}","{citizen 23}","[141 141 141 255]","""""","9.9","false","{breed subscribers}","0","""default""","""none""","0"
"{media 60}","{citizen 24}","[141 141 141 255]","""""","9.9","false","{breed subscribers}","0","""default""","""none""","0"
"{media 60}","{citizen 25}","[141 141 141 255]","""""","9.9","false","{breed subscribers}","0","""default""","""none""","0"
"{media 60}","{citizen 27}","[141 141 141 255]","""""","9.9","false","{breed subscribers}","0","""default""","""none""","0"
"{media 60}","{citizen 28}","[141 141 141 255]","""""","9.9","false","{breed subscribers}","0","""default""","""none""","0"
"{media 60}","{citizen 29}","[141 141 141 255]","""""","9.9","false","{breed subscribers}","0","""default""","""none""","0"
"{media 60}","{citizen 30}","[141 141 141 255]","""""","9.9","false","{breed subscribers}","0","""default""","""none""","0"
"{media 60}","{citizen 31}","[141 141 141 255]","""""","9.9","false","{breed subscribers}","0","""default""","""none""","0"
"{media 60}","{citizen 32}","[141 141 141 255]","""""","9.9","false","{breed subscribers}","0","""default""","""none""","0"
"{media 60}","{citizen 33}","[141 141 141 255]","""""","9.9","false","{breed subscribers}","0","""default""","""none""","0"
"{media 60}","{citizen 34}","[141 141 141 255]","""""","9.9","false","{breed subscribers}","0","""default""","""none""","0"
"{media 60}","{citizen 36}","[141 141 141 255]","""""","9.9","false","{breed subscribers}","0","""default""","""none""","0"
"{media 60}","{citizen 37}","[141 141 141 255]","""""","9.9","false","{breed subscribers}","0","""default""","""none""","0"
"{media 60}","{citizen 38}","[141 141 141 255]","""""","9.9","false","{breed subscribers}","0","""default""","""none""","0"
"{media 60}","{citizen 39}","[141 141 141 255]","""""","9.9","false","{breed subscribers}","0","""default""","""none""","0"
"{media 60}","{citizen 40}","[141 141 141 255]","""""","9.9","false","{breed subscribers}","0","""default""","""none""","0"
"{media 60}","{citizen 41}","[141 141 141 255]","""""","9.9","false","{breed subscribers}","0","""default""","""none""","0"
"{media 60}","{citizen 42}","[141 141 141 255]","""""","9.9","false","{breed subscribers}","0","""default""","""none""","0"
"{media 60}","{citizen 43}","[141 141 141 255]","""""","9.9","false","{breed subscribers}","0","""default""","""none""","0"
"{media 60}","{citizen 44}","[141 141 141 255]","""""","9.9","false","{breed subscribers}","0","""default""","""none""","0"
"{media 60}","{citizen 45}","[141 141 141 255]","""""","9.9","false","{breed subscribers}","0","""default""","""none""","0"
"{media 60}","{citizen 46}","[141 141 141 255]","""""","9.9","false","{breed subscribers}","0","""default""","""none""","0"
"{media 60}","{citizen 47}","[141 141 141 255]","""""","9.9","false","{breed subscribers}","0","""default""","""none""","0"
"{media 60}","{citizen 48}","[141 141 141 255]","""""","9.9","false","{breed subscribers}","0","""default""","""none""","0"
"{media 60}","{citizen 49}","[141 141 141 255]","""""","9.9","false","{breed subscribers}","0","""default""","""none""","0"
"{media 61}","{citizen 0}","[141 141 141 255]","""""","9.9","false","{breed subscribers}","0","""default""","""none""","0"
"{media 61}","{citizen 1}","[141 141 141 255]","""""","9.9","false","{breed subscribers}","0","""default""","""none""","0"
"{media 61}","{citizen 2}","[141 141 141 255]","""""","9.9","false","{breed subscribers}","0","""default""","""none""","0"
"{media 61}","{citizen 3}","[141 141 141 255]","""""","9.9","false","{breed subscribers}","0","""default""","""none""","0"
"{media 61}","{citizen 4}","[141 141 141 255]","""""","9.9","false","{breed subscribers}","0","""default""","""none""","0"
"{media 61}","{citizen 5}","[141 141 141 255]","""""","9.9","false","{breed subscribers}","0","""default""","""none""","0"
"{media 61}","{citizen 6}","[141 141 141 255]","""""","9.9","false","{breed subscribers}","0","""default""","""none""","0"
"{media 61}","{citizen 7}","[141 141 141 255]","""""","9.9","false","{breed subscribers}","0","""default""","""none""","0"
"{media 61}","{citizen 8}","[141 141 141 255]","""""","9.9","false","{breed subscribers}","0","""default""","""none""","0"
"{media 61}","{citizen 9}","[141 141 141 255]","""""","9.9","false","{breed subscribers}","0","""default""","""none""","0"
"{media 61}","{citizen 10}","[141 141 141 255]","""""","9.9","false","{breed subscribers}","0","""default""","""none""","0"
"{media 61}","{citizen 11}","[141 141 141 255]","""""","9.9","false","{breed subscribers}","0","""default""","""none""","0"
"{media 61}","{citizen 12}","[141 141 141 255]","""""","9.9","false","{breed subscribers}","0","""default""","""none""","0"
"{media 61}","{citizen 13}","[141 141 141 255]","""""","9.9","false","{breed subscribers}","0","""default""","""none""","0"
"{media 61}","{citizen 14}","[141 141 141 255]","""""","9.9","false","{breed subscribers}","0","""default""","""none""","0"
"{media 61}","{citizen 15}","[141 141 141 255]","""""","9.9","false","{breed subscribers}","0","""default""","""none""","0"
"{media 61}","{citizen 16}","[141 141 141 255]","""""","9.9","false","{breed subscribers}","0","""default""","""none""","0"
"{media 61}","{citizen 17}","[141 141 141 255]","""""","9.9","false","{breed subscribers}","0","""default""","""none""","0"
"{media 61}","{citizen 18}","[141 141 141 255]","""""","9.9","false","{breed subscribers}","0","""default""","""none""","0"
"{media 61}","{citizen 19}","[141 141 141 255]","""""","9.9","false","{breed subscribers}","0","""default""","""none""","0"
"{media 61}","{citizen 20}","[141 141 141 255]","""""","9.9","false","{breed subscribers}","0","""default""","""none""","0"
"{media 61}","{citizen 21}","[141 141 141 255]","""""","9.9","false","{breed subscribers}","0","""default""","""none""","0"
"{media 61}","{citizen 22}","[141 141 141 255]","""""","9.9","false","{breed subscribers}","0","""default""","""none""","0"
"{media 61}","{citizen 23}","[141 141 141 255]","""""","9.9","false","{breed subscribers}","0","""default""","""none""","0"
"{media 61}","{citizen 24}","[141 141 141 255]","""""","9.9","false","{breed subscribers}","0","""default""","""none""","0"
"{media 61}","{citizen 25}","[141 141 141 255]","""""","9.9","false","{breed subscribers}","0","""default""","""none""","0"
"{media 61}","{citizen 26}","[141 141 141 255]","""""","9.9","false","{breed subscribers}","0","""default""","""none""","0"
"{media 61}","{citizen 27}","[141 141 141 255]","""""","9.9","false","{breed subscribers}","0","""default""","""none""","0"
"{media 61}","{citizen 28}","[141 141 141 255]","""""","9.9","false","{breed subscribers}","0","""default""","""none""","0"
"{media 61}","{citizen 29}","[141 141 141 255]","""""","9.9","false","{breed subscribers}","0","""default""","""none""","0"
"{media 61}","{citizen 30}","[141 141 141 255]","""""","9.9","false","{breed subscribers}","0","""default""","""none""","0"
"{media 61}","{citizen 31}","[141 141 141 255]","""""","9.9","false","{breed subscribers}","0","""default""","""none""","0"
"{media 61}","{citizen 32}","[141 141 141 255]","""""","9.9","false","{breed subscribers}","0","""default""","""none""","0"
"{media 61}","{citizen 33}","[141 141 141 255]","""""","9.9","false","{breed subscribers}","0","""default""","""none""","0"
"{media 61}","{citizen 34}","[141 141 141 255]","""""","9.9","false","{breed subscribers}","0","""default""","""none""","0"
"{media 61}","{citizen 35}","[141 141 141 255]","""""","9.9","false","{breed subscribers}","0","""default""","""none""","0"
"{media 61}","{citizen 36}","[141 141 141 255]","""""","9.9","false","{breed subscribers}","0","""default""","""none""","0"
"{media 61}","{citizen 37}","[141 141 141 255]","""""","9.9","false","{breed subscribers}","0","""default""","""none""","0"
"{media 61}","{citizen 38}","[141 141 141 255]","""""","9.9","false","{breed subscribers}","0","""default""","""none""","0"
"{media 61}","{citizen 39}","[141 141 141 255]","""""","9.9","false","{breed subscribers}","0","""default""","""none""","0"
"{media 61}","{citizen 40}","[141 141 141 255]","""""","9.9","false","{breed subscribers}","0","""default""","""none""","0"
"{media 61}","{citizen 41}","[141 141 141 255]","""""","9.9","false","{breed subscribers}","0","""default""","""none""","0"
"{media 61}","{citizen 42}","[141 141 141 255]","""""","9.9","false","{breed subscribers}","0","""default""","""none""","0"
"{media 61}","{citizen 43}","[141 141 141 255]","""""","9.9","false","{breed subscribers}","0","""default""","""none""","0"
"{media 61}","{citizen 44}","[141 141 141 255]","""""","9.9","false","{breed subscribers}","0","""default""","""none""","0"
"{media 61}","{citizen 45}","[141 141 141 255]","""""","9.9","false","{breed subscribers}","0","""default""","""none""","0"
"{media 61}","{citizen 46}","[141 141 141 255]","""""","9.9","false","{breed subscribers}","0","""default""","""none""","0"
"{media 61}","{citizen 47}","[141 141 141 255]","""""","9.9","false","{breed subscribers}","0","""default""","""none""","0"
"{media 61}","{citizen 48}","[141 141 141 255]","""""","9.9","false","{breed subscribers}","0","""default""","""none""","0"
"{media 61}","{citizen 49}","[141 141 141 255]","""""","9.9","false","{breed subscribers}","0","""default""","""none""","0"
"{media 62}","{citizen 0}","[141 141 141 255]","""""","9.9","false","{breed subscribers}","0","""default""","""none""","0"
"{media 62}","{citizen 1}","[141 141 141 255]","""""","9.9","false","{breed subscribers}","0","""default""","""none""","0"
"{media 62}","{citizen 2}","[141 141 141 255]","""""","9.9","false","{breed subscribers}","0","""default""","""none""","0"
"{media 62}","{citizen 3}","[141 141 141 255]","""""","9.9","false","{breed subscribers}","0","""default""","""none""","0"
"{media 62}","{citizen 4}","[141 141 141 255]","""""","9.9","false","{breed subscribers}","0","""default""","""none""","0"
"{media 62}","{citizen 5}","[141 141 141 255]","""""","9.9","false","{breed subscribers}","0","""default""","""none""","0"
"{media 62}","{citizen 6}","[141 141 141 255]","""""","9.9","false","{breed subscribers}","0","""default""","""none""","0"
"{media 62}","{citizen 7}","[141 141 141 255]","""""","9.9","false","{breed subscribers}","0","""default""","""none""","0"
"{media 62}","{citizen 8}","[141 141 141 255]","""""","9.9","false","{breed subscribers}","0","""default""","""none""","0"
"{media 62}","{citizen 9}","[141 141 141 255]","""""","9.9","false","{breed subscribers}","0","""default""","""none""","0"
"{media 62}","{citizen 10}","[141 141 141 255]","""""","9.9","false","{breed subscribers}","0","""default""","""none""","0"
"{media 62}","{citizen 11}","[141 141 141 255]","""""","9.9","false","{breed subscribers}","0","""default""","""none""","0"
"{media 62}","{citizen 12}","[141 141 141 255]","""""","9.9","false","{breed subscribers}","0","""default""","""none""","0"
"{media 62}","{citizen 13}","[141 141 141 255]","""""","9.9","false","{breed subscribers}","0","""default""","""none""","0"
"{media 62}","{citizen 14}","[141 141 141 255]","""""","9.9","false","{breed subscribers}","0","""default""","""none""","0"
"{media 62}","{citizen 15}","[141 141 141 255]","""""","9.9","false","{breed subscribers}","0","""default""","""none""","0"
"{media 62}","{citizen 16}","[141 141 141 255]","""""","9.9","false","{breed subscribers}","0","""default""","""none""","0"
"{media 62}","{citizen 17}","[141 141 141 255]","""""","9.9","false","{breed subscribers}","0","""default""","""none""","0"
"{media 62}","{citizen 18}","[141 141 141 255]","""""","9.9","false","{breed subscribers}","0","""default""","""none""","0"
"{media 62}","{citizen 19}","[141 141 141 255]","""""","9.9","false","{breed subscribers}","0","""default""","""none""","0"
"{media 62}","{citizen 20}","[141 141 141 255]","""""","9.9","false","{breed subscribers}","0","""default""","""none""","0"
"{media 62}","{citizen 21}","[141 141 141 255]","""""","9.9","false","{breed subscribers}","0","""default""","""none""","0"
"{media 62}","{citizen 22}","[141 141 141 255]","""""","9.9","false","{breed subscribers}","0","""default""","""none""","0"
"{media 62}","{citizen 23}","[141 141 141 255]","""""","9.9","false","{breed subscribers}","0","""default""","""none""","0"
"{media 62}","{citizen 24}","[141 141 141 255]","""""","9.9","false","{breed subscribers}","0","""default""","""none""","0"
"{media 62}","{citizen 25}","[141 141 141 255]","""""","9.9","false","{breed subscribers}","0","""default""","""none""","0"
"{media 62}","{citizen 26}","[141 141 141 255]","""""","9.9","false","{breed subscribers}","0","""default""","""none""","0"
"{media 62}","{citizen 27}","[141 141 141 255]","""""","9.9","false","{breed subscribers}","0","""default""","""none""","0"
"{media 62}","{citizen 28}","[141 141 141 255]","""""","9.9","false","{breed subscribers}","0","""default""","""none""","0"
"{media 62}","{citizen 29}","[141 141 141 255]","""""","9.9","false","{breed subscribers}","0","""default""","""none""","0"
"{media 62}","{citizen 30}","[141 141 141 255]","""""","9.9","false","{breed subscribers}","0","""default""","""none""","0"
"{media 62}","{citizen 31}","[141 141 141 255]","""""","9.9","false","{breed subscribers}","0","""default""","""none""","0"
"{media 62}","{citizen 32}","[141 141 141 255]","""""","9.9","false","{breed subscribers}","0","""default""","""none""","0"
"{media 62}","{citizen 33}","[141 141 141 255]","""""","9.9","false","{breed subscribers}","0","""default""","""none""","0"
"{media 62}","{citizen 34}","[141 141 141 255]","""""","9.9","false","{breed subscribers}","0","""default""","""none""","0"
"{media 62}","{citizen 35}","[141 141 141 255]","""""","9.9","false","{breed subscribers}","0","""default""","""none""","0"
"{media 62}","{citizen 36}","[141 141 141 255]","""""","9.9","false","{breed subscribers}","0","""default""","""none""","0"
"{media 62}","{citizen 37}","[141 141 141 255]","""""","9.9","false","{breed subscribers}","0","""default""","""none""","0"
"{media 62}","{citizen 38}","[141 141 141 255]","""""","9.9","false","{breed subscribers}","0","""default""","""none""","0"
"{media 62}","{citizen 39}","[141 141 141 255]","""""","9.9","false","{breed subscribers}","0","""default""","""none""","0"
"{media 62}","{citizen 40}","[141 141 141 255]","""""","9.9","false","{breed subscribers}","0","""default""","""none""","0"
"{media 62}","{citizen 41}","[141 141 141 255]","""""","9.9","false","{breed subscribers}","0","""default""","""none""","0"
"{media 62}","{citizen 42}","[141 141 141 255]","""""","9.9","false","{breed subscribers}","0","""default""","""none""","0"
"{media 62}","{citizen 43}","[141 141 141 255]","""""","9.9","false","{breed subscribers}","0","""default""","""none""","0"
"{media 62}","{citizen 44}","[141 141 141 255]","""""","9.9","false","{breed subscribers}","0","""default""","""none""","0"
"{media 62}","{citizen 45}","[141 141 141 255]","""""","9.9","false","{breed subscribers}","0","""default""","""none""","0"
"{media 62}","{citizen 46}","[141 141 141 255]","""""","9.9","false","{breed subscribers}","0","""default""","""none""","0"
"{media 62}","{citizen 47}","[141 141 141 255]","""""","9.9","false","{breed subscribers}","0","""default""","""none""","0"
"{media 62}","{citizen 48}","[141 141 141 255]","""""","9.9","false","{breed subscribers}","0","""default""","""none""","0"
"{media 62}","{citizen 49}","[141 141 141 255]","""""","9.9","false","{breed subscribers}","0","""default""","""none""","0"
"{media 63}","{citizen 0}","[141 141 141 255]","""""","9.9","false","{breed subscribers}","0","""default""","""none""","0"
"{media 63}","{citizen 1}","[141 141 141 255]","""""","9.9","false","{breed subscribers}","0","""default""","""none""","0"
"{media 63}","{citizen 2}","[141 141 141 255]","""""","9.9","false","{breed subscribers}","0","""default""","""none""","0"
"{media 63}","{citizen 3}","[141 141 141 255]","""""","9.9","false","{breed subscribers}","0","""default""","""none""","0"
"{media 63}","{citizen 4}","[141 141 141 255]","""""","9.9","false","{breed subscribers}","0","""default""","""none""","0"
"{media 63}","{citizen 5}","[141 141 141 255]","""""","9.9","false","{breed subscribers}","0","""default""","""none""","0"
"{media 63}","{citizen 6}","[141 141 141 255]","""""","9.9","false","{breed subscribers}","0","""default""","""none""","0"
"{media 63}","{citizen 7}","[141 141 141 255]","""""","9.9","false","{breed subscribers}","0","""default""","""none""","0"
"{media 63}","{citizen 8}","[141 141 141 255]","""""","9.9","false","{breed subscribers}","0","""default""","""none""","0"
"{media 63}","{citizen 9}","[141 141 141 255]","""""","9.9","false","{breed subscribers}","0","""default""","""none""","0"
"{media 63}","{citizen 11}","[141 141 141 255]","""""","9.9","false","{breed subscribers}","0","""default""","""none""","0"
"{media 63}","{citizen 13}","[141 141 141 255]","""""","9.9","false","{breed subscribers}","0","""default""","""none""","0"
"{media 63}","{citizen 14}","[141 141 141 255]","""""","9.9","false","{breed subscribers}","0","""default""","""none""","0"
"{media 63}","{citizen 15}","[141 141 141 255]","""""","9.9","false","{breed subscribers}","0","""default""","""none""","0"
"{media 63}","{citizen 16}","[141 141 141 255]","""""","9.9","false","{breed subscribers}","0","""default""","""none""","0"
"{media 63}","{citizen 17}","[141 141 141 255]","""""","9.9","false","{breed subscribers}","0","""default""","""none""","0"
"{media 63}","{citizen 18}","[141 141 141 255]","""""","9.9","false","{breed subscribers}","0","""default""","""none""","0"
"{media 63}","{citizen 19}","[141 141 141 255]","""""","9.9","false","{breed subscribers}","0","""default""","""none""","0"
"{media 63}","{citizen 20}","[141 141 141 255]","""""","9.9","false","{breed subscribers}","0","""default""","""none""","0"
"{media 63}","{citizen 21}","[141 141 141 255]","""""","9.9","false","{breed subscribers}","0","""default""","""none""","0"
"{media 63}","{citizen 22}","[141 141 141 255]","""""","9.9","false","{breed subscribers}","0","""default""","""none""","0"
"{media 63}","{citizen 23}","[141 141 141 255]","""""","9.9","false","{breed subscribers}","0","""default""","""none""","0"
"{media 63}","{citizen 24}","[141 141 141 255]","""""","9.9","false","{breed subscribers}","0","""default""","""none""","0"
"{media 63}","{citizen 25}","[141 141 141 255]","""""","9.9","false","{breed subscribers}","0","""default""","""none""","0"
"{media 63}","{citizen 27}","[141 141 141 255]","""""","9.9","false","{breed subscribers}","0","""default""","""none""","0"
"{media 63}","{citizen 28}","[141 141 141 255]","""""","9.9","false","{breed subscribers}","0","""default""","""none""","0"
"{media 63}","{citizen 29}","[141 141 141 255]","""""","9.9","false","{breed subscribers}","0","""default""","""none""","0"
"{media 63}","{citizen 30}","[141 141 141 255]","""""","9.9","false","{breed subscribers}","0","""default""","""none""","0"
"{media 63}","{citizen 31}","[141 141 141 255]","""""","9.9","false","{breed subscribers}","0","""default""","""none""","0"
"{media 63}","{citizen 32}","[141 141 141 255]","""""","9.9","false","{breed subscribers}","0","""default""","""none""","0"
"{media 63}","{citizen 33}","[141 141 141 255]","""""","9.9","false","{breed subscribers}","0","""default""","""none""","0"
"{media 63}","{citizen 34}","[141 141 141 255]","""""","9.9","false","{breed subscribers}","0","""default""","""none""","0"
"{media 63}","{citizen 36}","[141 141 141 255]","""""","9.9","false","{breed subscribers}","0","""default""","""none""","0"
"{media 63}","{citizen 37}","[141 141 141 255]","""""","9.9","false","{breed subscribers}","0","""default""","""none""","0"
"{media 63}","{citizen 38}","[141 141 141 255]","""""","9.9","false","{breed subscribers}","0","""default""","""none""","0"
"{media 63}","{citizen 39}","[141 141 141 255]","""""","9.9","false","{breed subscribers}","0","""default""","""none""","0"
"{media 63}","{citizen 40}","[141 141 141 255]","""""","9.9","false","{breed subscribers}","0","""default""","""none""","0"
"{media 63}","{citizen 41}","[141 141 141 255]","""""","9.9","false","{breed subscribers}","0","""default""","""none""","0"
"{media 63}","{citizen 42}","[141 141 141 255]","""""","9.9","false","{breed subscribers}","0","""default""","""none""","0"
"{media 63}","{citizen 43}","[141 141 141 255]","""""","9.9","false","{breed subscribers}","0","""default""","""none""","0"
"{media 63}","{citizen 44}","[141 141 141 255]","""""","9.9","false","{breed subscribers}","0","""default""","""none""","0"
"{media 63}","{citizen 45}","[141 141 141 255]","""""","9.9","false","{breed subscribers}","0","""default""","""none""","0"
"{media 63}","{citizen 46}","[141 141 141 255]","""""","9.9","false","{breed subscribers}","0","""default""","""none""","0"
"{media 63}","{citizen 47}","[141 141 141 255]","""""","9.9","false","{breed subscribers}","0","""default""","""none""","0"
"{media 63}","{citizen 48}","[141 141 141 255]","""""","9.9","false","{breed subscribers}","0","""default""","""none""","0"
"{media 63}","{citizen 49}","[141 141 141 255]","""""","9.9","false","{breed subscribers}","0","""default""","""none""","0"
"{media 64}","{citizen 0}","[141 141 141 255]","""""","9.9","false","{breed subscribers}","0","""default""","""none""","0"
"{media 64}","{citizen 1}","[141 141 141 255]","""""","9.9","false","{breed subscribers}","0","""default""","""none""","0"
"{media 64}","{citizen 2}","[141 141 141 255]","""""","9.9","false","{breed subscribers}","0","""default""","""none""","0"
"{media 64}","{citizen 3}","[141 141 141 255]","""""","9.9","false","{breed subscribers}","0","""default""","""none""","0"
"{media 64}","{citizen 4}","[141 141 141 255]","""""","9.9","false","{breed subscribers}","0","""default""","""none""","0"
"{media 64}","{citizen 5}","[141 141 141 255]","""""","9.9","false","{breed subscribers}","0","""default""","""none""","0"
"{media 64}","{citizen 6}","[141 141 141 255]","""""","9.9","false","{breed subscribers}","0","""default""","""none""","0"
"{media 64}","{citizen 7}","[141 141 141 255]","""""","9.9","false","{breed subscribers}","0","""default""","""none""","0"
"{media 64}","{citizen 8}","[141 141 141 255]","""""","9.9","false","{breed subscribers}","0","""default""","""none""","0"
"{media 64}","{citizen 9}","[141 141 141 255]","""""","9.9","false","{breed subscribers}","0","""default""","""none""","0"
"{media 64}","{citizen 10}","[141 141 141 255]","""""","9.9","false","{breed subscribers}","0","""default""","""none""","0"
"{media 64}","{citizen 11}","[141 141 141 255]","""""","9.9","false","{breed subscribers}","0","""default""","""none""","0"
"{media 64}","{citizen 12}","[141 141 141 255]","""""","9.9","false","{breed subscribers}","0","""default""","""none""","0"
"{media 64}","{citizen 13}","[141 141 141 255]","""""","9.9","false","{breed subscribers}","0","""default""","""none""","0"
"{media 64}","{citizen 14}","[141 141 141 255]","""""","9.9","false","{breed subscribers}","0","""default""","""none""","0"
"{media 64}","{citizen 15}","[141 141 141 255]","""""","9.9","false","{breed subscribers}","0","""default""","""none""","0"
"{media 64}","{citizen 16}","[141 141 141 255]","""""","9.9","false","{breed subscribers}","0","""default""","""none""","0"
"{media 64}","{citizen 17}","[141 141 141 255]","""""","9.9","false","{breed subscribers}","0","""default""","""none""","0"
"{media 64}","{citizen 18}","[141 141 141 255]","""""","9.9","false","{breed subscribers}","0","""default""","""none""","0"
"{media 64}","{citizen 19}","[141 141 141 255]","""""","9.9","false","{breed subscribers}","0","""default""","""none""","0"
"{media 64}","{citizen 20}","[141 141 141 255]","""""","9.9","false","{breed subscribers}","0","""default""","""none""","0"
"{media 64}","{citizen 21}","[141 141 141 255]","""""","9.9","false","{breed subscribers}","0","""default""","""none""","0"
"{media 64}","{citizen 22}","[141 141 141 255]","""""","9.9","false","{breed subscribers}","0","""default""","""none""","0"
"{media 64}","{citizen 23}","[141 141 141 255]","""""","9.9","false","{breed subscribers}","0","""default""","""none""","0"
"{media 64}","{citizen 24}","[141 141 141 255]","""""","9.9","false","{breed subscribers}","0","""default""","""none""","0"
"{media 64}","{citizen 25}","[141 141 141 255]","""""","9.9","false","{breed subscribers}","0","""default""","""none""","0"
"{media 64}","{citizen 26}","[141 141 141 255]","""""","9.9","false","{breed subscribers}","0","""default""","""none""","0"
"{media 64}","{citizen 27}","[141 141 141 255]","""""","9.9","false","{breed subscribers}","0","""default""","""none""","0"
"{media 64}","{citizen 28}","[141 141 141 255]","""""","9.9","false","{breed subscribers}","0","""default""","""none""","0"
"{media 64}","{citizen 29}","[141 141 141 255]","""""","9.9","false","{breed subscribers}","0","""default""","""none""","0"
"{media 64}","{citizen 30}","[141 141 141 255]","""""","9.9","false","{breed subscribers}","0","""default""","""none""","0"
"{media 64}","{citizen 31}","[141 141 141 255]","""""","9.9","false","{breed subscribers}","0","""default""","""none""","0"
"{media 64}","{citizen 32}","[141 141 141 255]","""""","9.9","false","{breed subscribers}","0","""default""","""none""","0"
"{media 64}","{citizen 33}","[141 141 141 255]","""""","9.9","false","{breed subscribers}","0","""default""","""none""","0"
"{media 64}","{citizen 34}","[141 141 141 255]","""""","9.9","false","{breed subscribers}","0","""default""","""none""","0"
"{media 64}","{citizen 35}","[141 141 141 255]","""""","9.9","false","{breed subscribers}","0","""default""","""none""","0"
"{media 64}","{citizen 36}","[141 141 141 255]","""""","9.9","false","{breed subscribers}","0","""default""","""none""","0"
"{media 64}","{citizen 37}","[141 141 141 255]","""""","9.9","false","{breed subscribers}","0","""default""","""none""","0"
"{media 64}","{citizen 38}","[141 141 141 255]","""""","9.9","false","{breed subscribers}","0","""default""","""none""","0"
"{media 64}","{citizen 39}","[141 141 141 255]","""""","9.9","false","{breed subscribers}","0","""default""","""none""","0"
"{media 64}","{citizen 40}","[141 141 141 255]","""""","9.9","false","{breed subscribers}","0","""default""","""none""","0"
"{media 64}","{citizen 41}","[141 141 141 255]","""""","9.9","false","{breed subscribers}","0","""default""","""none""","0"
"{media 64}","{citizen 42}","[141 141 141 255]","""""","9.9","false","{breed subscribers}","0","""default""","""none""","0"
"{media 64}","{citizen 43}","[141 141 141 255]","""""","9.9","false","{breed subscribers}","0","""default""","""none""","0"
"{media 64}","{citizen 44}","[141 141 141 255]","""""","9.9","false","{breed subscribers}","0","""default""","""none""","0"
"{media 64}","{citizen 45}","[141 141 141 255]","""""","9.9","false","{breed subscribers}","0","""default""","""none""","0"
"{media 64}","{citizen 46}","[141 141 141 255]","""""","9.9","false","{breed subscribers}","0","""default""","""none""","0"
"{media 64}","{citizen 47}","[141 141 141 255]","""""","9.9","false","{breed subscribers}","0","""default""","""none""","0"
"{media 64}","{citizen 48}","[141 141 141 255]","""""","9.9","false","{breed subscribers}","0","""default""","""none""","0"
"{media 64}","{citizen 49}","[141 141 141 255]","""""","9.9","false","{breed subscribers}","0","""default""","""none""","0"


"PLOTS"
"fragmentation"
"""cit-a-histogram"""
"x min","x max","y min","y max","autoplot?","current pen","legend open?","number of pens"
"-1","8","0","50","true","""default""","false","1"

"pen name","pen down?","mode","interval","color","x"
"""default""","true","1","1","0","3"

"""default"""
"x","y","color","pen down?"
"1","46","0","true"
"3","4","0","true"

"""Social Friend Degree of Nodes"""
"x min","x max","y min","y max","autoplot?","current pen","legend open?","number of pens"
"0","99","0","50","true","""default""","false","1"

"pen name","pen down?","mode","interval","color","x"
"""default""","true","1","1","0","98"

"""default"""
"x","y","color","pen down?"
"98","50","0","true"

"""percent-agent-beliefs"""
"x min","x max","y min","y max","autoplot?","current pen","legend open?","number of pens"
"0","116","0","1","true","""6""","false","7"

"pen name","pen down?","mode","interval","color","x"
"""0""","true","0","1","14.9","100"
"""1""","true","0","1","14.6","100"
"""2""","true","0","1","124.7","100"
"""3""","true","0","1","124.3","100"
"""4""","true","0","1","113.5","100"
"""5""","true","0","1","104.5","100"
"""6""","true","0","1","104.7","100"

"""0""",,,,"""1""",,,,"""2""",,,,"""3""",,,,"""4""",,,,"""5""",,,,"""6"""
"x","y","color","pen down?","x","y","color","pen down?","x","y","color","pen down?","x","y","color","pen down?","x","y","color","pen down?","x","y","color","pen down?","x","y","color","pen down?"
"0","0.2","14.9","true","0","0.18","14.6","true","0","0.14","124.7","true","0","0.06","124.3","true","0","0.16","113.5","true","0","0.16","104.5","true","0","0.1","104.7","true"
"1","0.02","14.9","true","1","0.8","14.6","true","1","0.06","124.7","true","1","0.02","124.3","true","1","0","113.5","true","1","0","104.5","true","1","0.1","104.7","true"
"2","0","14.9","true","2","0.8","14.6","true","2","0","124.7","true","2","0.02","124.3","true","2","0","113.5","true","2","0.18","104.5","true","2","0","104.7","true"
"3","0.26","14.9","true","3","0","14.6","true","3","0.08","124.7","true","3","0","124.3","true","3","0.66","113.5","true","3","0","104.5","true","3","0","104.7","true"
"4","0","14.9","true","4","0.76","14.6","true","4","0","124.7","true","4","0.22","124.3","true","4","0.02","113.5","true","4","0","104.5","true","4","0","104.7","true"
"5","0","14.9","true","5","0.76","14.6","true","5","0","124.7","true","5","0","124.3","true","5","0.24","113.5","true","5","0","104.5","true","5","0","104.7","true"
"6","0","14.9","true","6","0.94","14.6","true","6","0","124.7","true","6","0","124.3","true","6","0","113.5","true","6","0","104.5","true","6","0.06","104.7","true"
"7","0","14.9","true","7","0.94","14.6","true","7","0","124.7","true","7","0","124.3","true","7","0","113.5","true","7","0","104.5","true","7","0.06","104.7","true"
"8","0","14.9","true","8","0.76","14.6","true","8","0","124.7","true","8","0.18","124.3","true","8","0","113.5","true","8","0","104.5","true","8","0.06","104.7","true"
"9","0.66","14.9","true","9","0","14.6","true","9","0.02","124.7","true","9","0","124.3","true","9","0","113.5","true","9","0.32","104.5","true","9","0","104.7","true"
"10","0","14.9","true","10","0","14.6","true","10","0.42","124.7","true","10","0","124.3","true","10","0.5","113.5","true","10","0","104.5","true","10","0.08","104.7","true"
"11","0","14.9","true","11","0.02","14.6","true","11","0.9","124.7","true","11","0","124.3","true","11","0.08","113.5","true","11","0","104.5","true","11","0","104.7","true"
"12","0.02","14.9","true","12","0.5","14.6","true","12","0","124.7","true","12","0.48","124.3","true","12","0","113.5","true","12","0","104.5","true","12","0","104.7","true"
"13","0.02","14.9","true","13","0.48","14.6","true","13","0","124.7","true","13","0","124.3","true","13","0.5","113.5","true","13","0","104.5","true","13","0","104.7","true"
"14","0","14.9","true","14","0.28","14.6","true","14","0","124.7","true","14","0","124.3","true","14","0.72","113.5","true","14","0","104.5","true","14","0","104.7","true"
"15","0","14.9","true","15","0.68","14.6","true","15","0.02","124.7","true","15","0","124.3","true","15","0.24","113.5","true","15","0","104.5","true","15","0.06","104.7","true"
"16","0","14.9","true","16","0.02","14.6","true","16","0.94","124.7","true","16","0","124.3","true","16","0","113.5","true","16","0.04","104.5","true","16","0","104.7","true"
"17","0.1","14.9","true","17","0","14.6","true","17","0.36","124.7","true","17","0","124.3","true","17","0.54","113.5","true","17","0","104.5","true","17","0","104.7","true"
"18","0.18","14.9","true","18","0","14.6","true","18","0.52","124.7","true","18","0","124.3","true","18","0.22","113.5","true","18","0","104.5","true","18","0.08","104.7","true"
"19","0","14.9","true","19","0.74","14.6","true","19","0.02","124.7","true","19","0","124.3","true","19","0","113.5","true","19","0","104.5","true","19","0.24","104.7","true"
"20","0","14.9","true","20","0","14.6","true","20","0.82","124.7","true","20","0","124.3","true","20","0.08","113.5","true","20","0.06","104.5","true","20","0.04","104.7","true"
"21","0.9","14.9","true","21","0.02","14.6","true","21","0","124.7","true","21","0","124.3","true","21","0.08","113.5","true","21","0","104.5","true","21","0","104.7","true"
"22","0","14.9","true","22","0.46","14.6","true","22","0","124.7","true","22","0.42","124.3","true","22","0","113.5","true","22","0.12","104.5","true","22","0","104.7","true"
"23","0.02","14.9","true","23","0.86","14.6","true","23","0","124.7","true","23","0","124.3","true","23","0","113.5","true","23","0.12","104.5","true","23","0","104.7","true"
"24","0.02","14.9","true","24","0","14.6","true","24","0.84","124.7","true","24","0","124.3","true","24","0.14","113.5","true","24","0","104.5","true","24","0","104.7","true"
"25","0","14.9","true","25","0.38","14.6","true","25","0","124.7","true","25","0","124.3","true","25","0.62","113.5","true","25","0","104.5","true","25","0","104.7","true"
"26","0.5","14.9","true","26","0","14.6","true","26","0.5","124.7","true","26","0","124.3","true","26","0","113.5","true","26","0","104.5","true","26","0","104.7","true"
"27","0.5","14.9","true","27","0","14.6","true","27","0.48","124.7","true","27","0","124.3","true","27","0.02","113.5","true","27","0","104.5","true","27","0","104.7","true"
"28","0.4","14.9","true","28","0","14.6","true","28","0","124.7","true","28","0.36","124.3","true","28","0","113.5","true","28","0.24","104.5","true","28","0","104.7","true"
"29","0","14.9","true","29","0","14.6","true","29","0.4","124.7","true","29","0","124.3","true","29","0.18","113.5","true","29","0","104.5","true","29","0.42","104.7","true"
"30","0","14.9","true","30","0.02","14.6","true","30","0.4","124.7","true","30","0","124.3","true","30","0","113.5","true","30","0.58","104.5","true","30","0","104.7","true"
"31","0.04","14.9","true","31","0.16","14.6","true","31","0","124.7","true","31","0.4","124.3","true","31","0","113.5","true","31","0","104.5","true","31","0.4","104.7","true"
"32","0","14.9","true","32","0.46","14.6","true","32","0","124.7","true","32","0","124.3","true","32","0","113.5","true","32","0","104.5","true","32","0.54","104.7","true"
"33","0.44","14.9","true","33","0","14.6","true","33","0","124.7","true","33","0","124.3","true","33","0.56","113.5","true","33","0","104.5","true","33","0","104.7","true"
"34","0.64","14.9","true","34","0.02","14.6","true","34","0","124.7","true","34","0","124.3","true","34","0.32","113.5","true","34","0","104.5","true","34","0.02","104.7","true"
"35","0.02","14.9","true","35","0.96","14.6","true","35","0","124.7","true","35","0","124.3","true","35","0","113.5","true","35","0.02","104.5","true","35","0","104.7","true"
"36","0.52","14.9","true","36","0","14.6","true","36","0","124.7","true","36","0.48","124.3","true","36","0","113.5","true","36","0","104.5","true","36","0","104.7","true"
"37","0","14.9","true","37","0","14.6","true","37","0.38","124.7","true","37","0","124.3","true","37","0.62","113.5","true","37","0","104.5","true","37","0","104.7","true"
"38","0","14.9","true","38","0.02","14.6","true","38","0.78","124.7","true","38","0","124.3","true","38","0","113.5","true","38","0","104.5","true","38","0.2","104.7","true"
"39","0","14.9","true","39","0.52","14.6","true","39","0","124.7","true","39","0.46","124.3","true","39","0","113.5","true","39","0","104.5","true","39","0.02","104.7","true"
"40","0","14.9","true","40","0","14.6","true","40","0","124.7","true","40","0.98","124.3","true","40","0","113.5","true","40","0","104.5","true","40","0.02","104.7","true"
"41","0","14.9","true","41","0.02","14.6","true","41","0.66","124.7","true","41","0","124.3","true","41","0.32","113.5","true","41","0","104.5","true","41","0","104.7","true"
"42","0","14.9","true","42","0.02","14.6","true","42","0.78","124.7","true","42","0","124.3","true","42","0","113.5","true","42","0.2","104.5","true","42","0","104.7","true"
"43","0","14.9","true","43","0.96","14.6","true","43","0","124.7","true","43","0","124.3","true","43","0.04","113.5","true","43","0","104.5","true","43","0","104.7","true"
"44","0.28","14.9","true","44","0","14.6","true","44","0.02","124.7","true","44","0.68","124.3","true","44","0.02","113.5","true","44","0","104.5","true","44","0","104.7","true"
"45","0.02","14.9","true","45","0.76","14.6","true","45","0","124.7","true","45","0","124.3","true","45","0","113.5","true","45","0.22","104.5","true","45","0","104.7","true"
"46","0","14.9","true","46","0.98","14.6","true","46","0","124.7","true","46","0","124.3","true","46","0.02","113.5","true","46","0","104.5","true","46","0","104.7","true"
"47","0","14.9","true","47","0","14.6","true","47","0.9","124.7","true","47","0","124.3","true","47","0.1","113.5","true","47","0","104.5","true","47","0","104.7","true"
"48","0","14.9","true","48","0.04","14.6","true","48","0.9","124.7","true","48","0","124.3","true","48","0.06","113.5","true","48","0","104.5","true","48","0","104.7","true"
"49","0.88","14.9","true","49","0.02","14.6","true","49","0","124.7","true","49","0","124.3","true","49","0.1","113.5","true","49","0","104.5","true","49","0","104.7","true"
"50","0","14.9","true","50","0.54","14.6","true","50","0","124.7","true","50","0","124.3","true","50","0.46","113.5","true","50","0","104.5","true","50","0","104.7","true"
"51","0.12","14.9","true","51","0","14.6","true","51","0.8","124.7","true","51","0","124.3","true","51","0.08","113.5","true","51","0","104.5","true","51","0","104.7","true"
"52","0.44","14.9","true","52","0","14.6","true","52","0.3","124.7","true","52","0","124.3","true","52","0.26","113.5","true","52","0","104.5","true","52","0","104.7","true"
"53","0","14.9","true","53","0","14.6","true","53","0.44","124.7","true","53","0","124.3","true","53","0.5","113.5","true","53","0","104.5","true","53","0.06","104.7","true"
"54","0.38","14.9","true","54","0","14.6","true","54","0.5","124.7","true","54","0","124.3","true","54","0.06","113.5","true","54","0","104.5","true","54","0.06","104.7","true"
"55","0.42","14.9","true","55","0","14.6","true","55","0.5","124.7","true","55","0","124.3","true","55","0","113.5","true","55","0","104.5","true","55","0.08","104.7","true"
"56","0","14.9","true","56","0.68","14.6","true","56","0","124.7","true","56","0","124.3","true","56","0.3","113.5","true","56","0","104.5","true","56","0.02","104.7","true"
"57","0","14.9","true","57","0","14.6","true","57","0.84","124.7","true","57","0","124.3","true","57","0.02","113.5","true","57","0.14","104.5","true","57","0","104.7","true"
"58","0","14.9","true","58","0.94","14.6","true","58","0","124.7","true","58","0","124.3","true","58","0.06","113.5","true","58","0","104.5","true","58","0","104.7","true"
"59","0","14.9","true","59","0.92","14.6","true","59","0.02","124.7","true","59","0","124.3","true","59","0","113.5","true","59","0.06","104.5","true","59","0","104.7","true"
"60","0","14.9","true","60","0","14.6","true","60","0.22","124.7","true","60","0","124.3","true","60","0.76","113.5","true","60","0","104.5","true","60","0.02","104.7","true"
"61","0","14.9","true","61","0","14.6","true","61","0.08","124.7","true","61","0.92","124.3","true","61","0","113.5","true","61","0","104.5","true","61","0","104.7","true"
"62","0.44","14.9","true","62","0","14.6","true","62","0.54","124.7","true","62","0","124.3","true","62","0.02","113.5","true","62","0","104.5","true","62","0","104.7","true"
"63","0.92","14.9","true","63","0.04","14.6","true","63","0","124.7","true","63","0","124.3","true","63","0.04","113.5","true","63","0","104.5","true","63","0","104.7","true"
"64","0.02","14.9","true","64","0.98","14.6","true","64","0","124.7","true","64","0","124.3","true","64","0","113.5","true","64","0","104.5","true","64","0","104.7","true"
"65","1","14.9","true","65","0","14.6","true","65","0","124.7","true","65","0","124.3","true","65","0","113.5","true","65","0","104.5","true","65","0","104.7","true"
"66","0","14.9","true","66","1","14.6","true","66","0","124.7","true","66","0","124.3","true","66","0","113.5","true","66","0","104.5","true","66","0","104.7","true"
"67","0","14.9","true","67","0.04","14.6","true","67","0.96","124.7","true","67","0","124.3","true","67","0","113.5","true","67","0","104.5","true","67","0","104.7","true"
"68","0.96","14.9","true","68","0.04","14.6","true","68","0","124.7","true","68","0","124.3","true","68","0","113.5","true","68","0","104.5","true","68","0","104.7","true"
"69","0","14.9","true","69","0.96","14.6","true","69","0.02","124.7","true","69","0.02","124.3","true","69","0","113.5","true","69","0","104.5","true","69","0","104.7","true"
"70","0.38","14.9","true","70","0","14.6","true","70","0.6","124.7","true","70","0.02","124.3","true","70","0","113.5","true","70","0","104.5","true","70","0","104.7","true"
"71","0","14.9","true","71","0.7","14.6","true","71","0","124.7","true","71","0","124.3","true","71","0.3","113.5","true","71","0","104.5","true","71","0","104.7","true"
"72","0.28","14.9","true","72","0","14.6","true","72","0.22","124.7","true","72","0","124.3","true","72","0.42","113.5","true","72","0","104.5","true","72","0.08","104.7","true"
"73","0.02","14.9","true","73","0.62","14.6","true","73","0","124.7","true","73","0","124.3","true","73","0.36","113.5","true","73","0","104.5","true","73","0","104.7","true"
"74","0","14.9","true","74","0","14.6","true","74","0.64","124.7","true","74","0","124.3","true","74","0","113.5","true","74","0","104.5","true","74","0.36","104.7","true"
"75","0.3","14.9","true","75","0","14.6","true","75","0","124.7","true","75","0.38","124.3","true","75","0","113.5","true","75","0.32","104.5","true","75","0","104.7","true"
"76","0.46","14.9","true","76","0","14.6","true","76","0.16","124.7","true","76","0","124.3","true","76","0.38","113.5","true","76","0","104.5","true","76","0","104.7","true"
"77","0.42","14.9","true","77","0","14.6","true","77","0","124.7","true","77","0.58","124.3","true","77","0","113.5","true","77","0","104.5","true","77","0","104.7","true"
"78","0.72","14.9","true","78","0","14.6","true","78","0","124.7","true","78","0","124.3","true","78","0","113.5","true","78","0.28","104.5","true","78","0","104.7","true"
"79","0","14.9","true","79","0.68","14.6","true","79","0.02","124.7","true","79","0","124.3","true","79","0.08","113.5","true","79","0","104.5","true","79","0.22","104.7","true"
"80","0","14.9","true","80","0","14.6","true","80","0.44","124.7","true","80","0","124.3","true","80","0.48","113.5","true","80","0","104.5","true","80","0.08","104.7","true"
"81","0.78","14.9","true","81","0","14.6","true","81","0","124.7","true","81","0","124.3","true","81","0","113.5","true","81","0.2","104.5","true","81","0.02","104.7","true"
"82","0","14.9","true","82","0.72","14.6","true","82","0.04","124.7","true","82","0","124.3","true","82","0","113.5","true","82","0.02","104.5","true","82","0.22","104.7","true"
"83","0.32","14.9","true","83","0","14.6","true","83","0.38","124.7","true","83","0","124.3","true","83","0","113.5","true","83","0","104.5","true","83","0.3","104.7","true"
"84","0","14.9","true","84","0.66","14.6","true","84","0","124.7","true","84","0","124.3","true","84","0.34","113.5","true","84","0","104.5","true","84","0","104.7","true"
"85","0.38","14.9","true","85","0","14.6","true","85","0.28","124.7","true","85","0","124.3","true","85","0.32","113.5","true","85","0","104.5","true","85","0.02","104.7","true"
"86","0","14.9","true","86","0.2","14.6","true","86","0","124.7","true","86","0","124.3","true","86","0","113.5","true","86","0.02","104.5","true","86","0.78","104.7","true"
"87","0.16","14.9","true","87","0","14.6","true","87","0.16","124.7","true","87","0","124.3","true","87","0.68","113.5","true","87","0","104.5","true","87","0","104.7","true"
"88","0.5","14.9","true","88","0.02","14.6","true","88","0","124.7","true","88","0","124.3","true","88","0.34","113.5","true","88","0","104.5","true","88","0.14","104.7","true"
"89","0.22","14.9","true","89","0","14.6","true","89","0.64","124.7","true","89","0","124.3","true","89","0.02","113.5","true","89","0","104.5","true","89","0.12","104.7","true"
"90","0.02","14.9","true","90","0","14.6","true","90","0.02","124.7","true","90","0.96","124.3","true","90","0","113.5","true","90","0","104.5","true","90","0","104.7","true"
"91","0.28","14.9","true","91","0","14.6","true","91","0.72","124.7","true","91","0","124.3","true","91","0","113.5","true","91","0","104.5","true","91","0","104.7","true"
"92","0","14.9","true","92","0.64","14.6","true","92","0","124.7","true","92","0","124.3","true","92","0.36","113.5","true","92","0","104.5","true","92","0","104.7","true"
"93","0.18","14.9","true","93","0","14.6","true","93","0.44","124.7","true","93","0","124.3","true","93","0","113.5","true","93","0","104.5","true","93","0.38","104.7","true"
"94","0","14.9","true","94","0.2","14.6","true","94","0","124.7","true","94","0","124.3","true","94","0.46","113.5","true","94","0","104.5","true","94","0.34","104.7","true"
"95","0","14.9","true","95","0.92","14.6","true","95","0.04","124.7","true","95","0","124.3","true","95","0.02","113.5","true","95","0","104.5","true","95","0.02","104.7","true"
"96","0","14.9","true","96","0.56","14.6","true","96","0","124.7","true","96","0.44","124.3","true","96","0","113.5","true","96","0","104.5","true","96","0","104.7","true"
"97","0","14.9","true","97","0.44","14.6","true","97","0","124.7","true","97","0","124.3","true","97","0.56","113.5","true","97","0","104.5","true","97","0","104.7","true"
"98","0.48","14.9","true","98","0","14.6","true","98","0.44","124.7","true","98","0.02","124.3","true","98","0.02","113.5","true","98","0","104.5","true","98","0.04","104.7","true"
"99","0","14.9","true","99","1","14.6","true","99","0","124.7","true","99","0","124.3","true","99","0","113.5","true","99","0","104.5","true","99","0","104.7","true"
"100","0","14.9","true","100","0.92","14.6","true","100","0","124.7","true","100","0.08","124.3","true","100","0","113.5","true","100","0","104.5","true","100","0","104.7","true"

"""polarization"""
"x min","x max","y min","y max","autoplot?","current pen","legend open?","number of pens"
"0","116","0","10","true","""0""","false","1"

"pen name","pen down?","mode","interval","color","x"
"""0""","true","0","1","0","100"

"""0"""
"x","y","color","pen down?"
"0","5.913333333333333","0","true"
"1","3.2272222222222227","0","true"
"2","3.3088888888888883","0","true"
"3","4.222222222222221","0","true"
"4","1.1249999999999998","0","true"
"5","2.2800000000000002","0","true"
"6","1.9583333333333328","0","true"
"7","1.9583333333333328","0","true"
"8","2.4783333333333335","0","true"
"9","7.486666666666668","0","true"
"10","2.135555555555555","0","true"
"11","0.44499999999999995","0","true"
"12","1.4672222222222222","0","true"
"13","3.235555555555556","0","true"
"14","2.52","0","true"
"15","3.6088888888888886","0","true"
"16","0.5138888888888891","0","true"
"17","2.4799999999999995","0","true"
"18","3.7777777777777777","0","true"
"19","6.293888888888889","0","true"
"20","1.7361111111111116","0","true"
"21","1.6449999999999998","0","true"
"22","2.58","0","true"
"23","2.400555555555556","0","true"
"24","0.8088888888888889","0","true"
"25","2.944999999999999","0","true"
"26","1.3888888888888884","0","true"
"27","1.6088888888888888","0","true"
"28","5.613333333333334","0","true"
"29","4.553333333333334","0","true"
"30","3.16888888888889","0","true"
"31","5.586666666666668","0","true"
"32","8.625000000000004","0","true"
"33","5.475555555555554","0","true"
"34","5.338333333333333","0","true"
"35","0.46722222222222226","0","true"
"36","3.12","0","true"
"37","1.3088888888888888","0","true"
"38","3.6272222222222226","0","true"
"39","1.8050000000000002","0","true"
"40","0.24499999999999994","0","true"
"41","1.2716666666666665","0","true"
"42","2.0605555555555557","0","true"
"43","0.48","0","true"
"44","2.575555555555556","0","true"
"45","3.889444444444445","0","true"
"46","0.24499999999999994","0","true"
"47","0.49999999999999994","0","true"
"48","0.37999999999999995","0","true"
"49","2.0050000000000003","0","true"
"50","3.105","0","true"
"51","1.1022222222222222","0","true"
"52","3.7088888888888887","0","true"
"53","1.9755555555555555","0","true"
"54","3.555555555555556","0","true"
"55","3.735555555555555","0","true"
"56","3.055555555555556","0","true"
"57","1.5672222222222225","0","true"
"58","0.705","0","true"
"59","1.2672222222222227","0","true"
"60","1.1111111111111112","0","true"
"61","0.10222222222222226","0","true"
"62","1.5755555555555554","0","true"
"63","0.8888888888888888","0","true"
"64","0.027222222222222217","0","true"
"65","0","0","true"
"66","3.8518598887744717E-32","0","true"
"67","0.05333333333333332","0","true"
"68","0.05333333333333333","0","true"
"69","0.13388888888888886","0","true"
"70","1.3783333333333332","0","true"
"71","2.6249999999999996","0","true"
"72","5.166666666666666","0","true"
"73","2.9672222222222224","0","true"
"74","5.12","0","true"
"75","5.43388888888889","0","true"
"76","4.63111111111111","0","true"
"77","3.045","0","true"
"78","7","0","true"
"79","6.097777777777779","0","true"
"80","2.1688888888888895","0","true"
"81","6.202222222222224","0","true"
"82","6.071666666666667","0","true"
"83","8.008888888888889","0","true"
"84","2.8049999999999997","0","true"
"85","4.3311111111111105","0","true"
"86","5.527222222222223","0","true"
"87","3.164444444444444","0","true"
"88","7.738333333333333","0","true"
"89","3.9911111111111106","0","true"
"90","0.2688888888888889","0","true"
"91","1.1199999999999999","0","true"
"92","2.88","0","true"
"93","7.575555555555556","0","true"
"94","4.38","0","true"
"95","0.9444444444444443","0","true"
"96","1.368888888888889","0","true"
"97","3.079999999999999","0","true"
"98","2.9338888888888888","0","true"
"99","3.8518598887744717E-32","0","true"
"100","0.40888888888888897","0","true"

"""media-a-histogram"""
"x min","x max","y min","y max","autoplot?","current pen","legend open?","number of pens"
"-1","8","0","10","true","""default""","false","1"

"pen name","pen down?","mode","interval","color","x"
"""default""","true","1","1","0","6"

"""default"""
"x","y","color","pen down?"
"0","2","0","true"
"1","5","0","true"
"2","3","0","true"
"3","1","0","true"
"4","2","0","true"
"5","1","0","true"
"6","1","0","true"

"""homophily"""
"x min","x max","y min","y max","autoplot?","current pen","legend open?","number of pens"
"0","116","0","1","true","""default""","false","1"

"pen name","pen down?","mode","interval","color","x"
"""default""","true","0","1","0","100"

"""default"""
"x","y","color","pen down?"
"0","0.280403378371968","0","true"
"1","0.530888191922336","0","true"
"2","0.44300110419522165","0","true"
"3","0.36302833238790166","0","true"
"4","0.5610892613629551","0","true"
"5","0.46798642433227844","0","true"
"6","0.6356393143797959","0","true"
"7","0.6353591160220995","0","true"
"8","0.4798920353903728","0","true"
"9","0.3109964838776808","0","true"
"10","0.4358694385601303","0","true"
"11","0.7463142027081839","0","true"
"12","0.4835987094959138","0","true"
"13","0.3953233283108654","0","true"
"14","0.45162188699874956","0","true"
"15","0.3986886159877534","0","true"
"16","0.7844555405649749","0","true"
"17","0.41926458051839804","0","true"
"18","0.36128427342797126","0","true"
"19","0.34268600176955094","0","true"
"20","0.5336395384353638","0","true"
"21","0.6105386156731896","0","true"
"22","0.40687631250250433","0","true"
"23","0.5302781552120586","0","true"
"24","0.6362534626038782","0","true"
"25","0.4054820040788843","0","true"
"26","0.494949494949495","0","true"
"27","0.4758709586283615","0","true"
"28","0.3107906291009241","0","true"
"29","0.3328603714647714","0","true"
"30","0.41049923131721455","0","true"
"31","0.31285259635883533","0","true"
"32","0.27954745109237045","0","true"
"33","0.3319995831626538","0","true"
"34","0.34130574599819685","0","true"
"35","0.8333923889164482","0","true"
"36","0.39543898603969396","0","true"
"37","0.5089030495629713","0","true"
"38","0.42176895900666267","0","true"
"39","0.46792340954393363","0","true"
"40","0.891616079416507","0","true"
"41","0.5189482970037439","0","true"
"42","0.4932179200065522","0","true"
"43","0.8098868862098662","0","true"
"44","0.43226954478874213","0","true"
"45","0.40270097567500496","0","true"
"46","0.8912278898182947","0","true"
"47","0.7313432835820896","0","true"
"48","0.7638675878244389","0","true"
"49","0.5570695133460755","0","true"
"50","0.3924824322042561","0","true"
"51","0.574600842856987","0","true"
"52","0.3581592387302205","0","true"
"53","0.44467247339209653","0","true"
"54","0.3767086624518336","0","true"
"55","0.3817567814597232","0","true"
"56","0.41141369869922834","0","true"
"57","0.5563702397185907","0","true"
"58","0.744541245992701","0","true"
"59","0.6679943920022421","0","true"
"60","0.5608236095294232","0","true"
"61","0.8694109297374024","0","true"
"62","0.4796797677926513","0","true"
"63","0.7227395689714692","0","true"
"64","0.9615384615384615","0","true"
"65","1","0","true"
"66","1","0","true"
"67","0.9273277819833459","0","true"
"68","0.9273277819833459","0","true"
"69","0.8941605839416058","0","true"
"70","0.49857972612032053","0","true"
"71","0.4463939211084488","0","true"
"72","0.31625195103208564","0","true"
"73","0.414426537447181","0","true"
"74","0.3521515727754791","0","true"
"75","0.323193359615087","0","true"
"76","0.3351952138093084","0","true"
"77","0.40396059206845375","0","true"
"78","0.32322494271093954","0","true"
"79","0.35092935588080204","0","true"
"80","0.4317161308859728","0","true"
"81","0.35529631978009507","0","true"
"82","0.35004010328319296","0","true"
"83","0.27213007606226447","0","true"
"84","0.41531404411070905","0","true"
"85","0.3361166481556955","0","true"
"86","0.3733843432689301","0","true"
"87","0.4141057838915853","0","true"
"88","0.28213129378160917","0","true"
"89","0.3778101615887216","0","true"
"90","0.8637140308166876","0","true"
"91","0.5485893416927901","0","true"
"92","0.4145686528773066","0","true"
"93","0.28020191692121815","0","true"
"94","0.3459440020241966","0","true"
"95","0.7209556497229306","0","true"
"96","0.49857549857549854","0","true"
"97","0.4034274614619862","0","true"
"98","0.40906718595267316","0","true"
"99","1","0","true"
"100","0.7689893283113621","0","true"

"""fragmentation"""
"x min","x max","y min","y max","autoplot?","current pen","legend open?","number of pens"
"0","116","0","1","true","""default""","false","1"

"pen name","pen down?","mode","interval","color","x"
"""default""","true","0","1","0","100"

"""default"""
"x","y","color","pen down?"
"0","0.308040282190748","0","true"
"1","0.4093665186035817","0","true"
"2","0.38248895997774607","0","true"
"3","0.326871338412411","0","true"
"4","0.48643867924528306","0","true"
"5","0.3970402454430608","0","true"
"6","0.48341023950780054","0","true"
"7","0.48341023950780054","0","true"
"8","0.43103448275862066","0","true"
"9","0.27116098619164825","0","true"
"10","0.364656381486676","0","true"
"11","0.4598292522147371","0","true"
"12","0.4316546762589928","0","true"
"13","0.3894080996884735","0","true"
"14","0.37319762510602206","0","true"
"15","0.35335689045936397","0","true"
"16","0.45163409426835277","0","true"
"17","0.3679071741898967","0","true"
"18","0.3347237241876513","0","true"
"19","0.3507653061224489","0","true"
"20","0.39032006245121004","0","true"
"21","0.41195416073702357","0","true"
"22","0.38155141116211305","0","true"
"23","0.4466098254161591","0","true"
"24","0.43154959500730317","0","true"
"25","0.35478148685695854","0","true"
"26","0.4552777194088393","0","true"
"27","0.447104140872197","0","true"
"28","0.31030202730657835","0","true"
"29","0.31933185949398185","0","true"
"30","0.3816671648802152","0","true"
"31","0.31165004533091567","0","true"
"32","0.2817262133435779","0","true"
"33","0.3252032520325203","0","true"
"34","0.3187204821371657","0","true"
"35","0.5670687699762862","0","true"
"36","0.37359900373599003","0","true"
"37","0.38922155688622756","0","true"
"38","0.37392463980336277","0","true"
"39","0.4259163655136809","0","true"
"40","0.40485829959514175","0","true"
"41","0.41567954885688124","0","true"
"42","0.36606969147748797","0","true"
"43","0.5572441742654509","0","true"
"44","0.3681468056184866","0","true"
"45","0.36836112785479874","0","true"
"46","0.5829358770535241","0","true"
"47","0.4519381192421345","0","true"
"48","0.4616030214015947","0","true"
"49","0.398175631651343","0","true"
"50","0.3587736464448793","0","true"
"51","0.44211671881376685","0","true"
"52","0.3434428828067209","0","true"
"53","0.38399054792497417","0","true"
"54","0.37137551778317385","0","true"
"55","0.38264555248130927","0","true"
"56","0.3704327327832969","0","true"
"57","0.3835034515310638","0","true"
"58","0.5337214944201844","0","true"
"59","0.49990910743501177","0","true"
"60","0.39634146341463417","0","true"
"61","0.41635528984733633","0","true"
"62","0.44738109986922703","0","true"
"63","0.444264943457189","0","true"
"64","0.6073992269464384","0","true"
"65","0.47619047619047616","0","true"
"66","0.6111111111111112","0","true"
"67","0.48376184032476327","0","true"
"68","0.48009776536312854","0","true"
"69","0.5941128814474751","0","true"
"70","0.44965584033758776","0","true"
"71","0.3718728870858688","0","true"
"72","0.3293473854884475","0","true"
"73","0.40407008779340997","0","true"
"74","0.3343621399176955","0","true"
"75","0.2884892778151745","0","true"
"76","0.3218857553173051","0","true"
"77","0.3830928361639638","0","true"
"78","0.3263707571801567","0","true"
"79","0.3737047732291489","0","true"
"80","0.3853564547206166","0","true"
"81","0.3104625892579944","0","true"
"82","0.35079886468731064","0","true"
"83","0.28311954178191084","0","true"
"84","0.3778121243345354","0","true"
"85","0.346435709526982","0","true"
"86","0.31557506383222883","0","true"
"87","0.343016966146864","0","true"
"88","0.28388561990296274","0","true"
"89","0.3554826360404703","0","true"
"90","0.40978439036691455","0","true"
"91","0.45981890209394455","0","true"
"92","0.34970592910507076","0","true"
"93","0.28113578858588695","0","true"
"94","0.33820138355111456","0","true"
"95","0.5305039787798409","0","true"
"96","0.4580788450860633","0","true"
"97","0.3683241252302026","0","true"
"98","0.399389650687667","0","true"
"99","0.6111111111111112","0","true"
"100","0.5641025641025642","0","true"

"EXTENSIONS"

