"export-world data (NetLogo 6.2.2)"
"cog-cascades-trust.nlogo"
"02/25/2023 06:30:06:757 -0500"

"RANDOM STATE"
"0 0 -1727483681 403 0.0 false 1917390187 -846372651 153344802 595489490 -342324443 -973987669 370739503 -717705510 985018233 1362000636 120425430 1114513271 -866128530 519656122 1567314823 1848428203 239085341 -1681236021 -1386185030 639737503 -1257390411 -1357740445 -317725688 1331372552 1173588846 -38931990 706850038 300402533 -212074554 174973631 -2020268846 690761472 755250218 725127277 67565574 -2140599500 -1992276380 -1325420562 -1644805697 -1294527711 -221664859 -38420512 -2054628073 719058487 1177921771 1660463984 874753629 879710001 2079272239 1247464331 1567680477 -1635093672 710089604 1644318868 -236591118 36069732 1487721969 -1766312984 235476991 -1933746018 -1933281105 2040088261 554789547 1383551474 -1280097455 -48975530 -618345405 798796856 998689437 -38063682 -1642621916 -1362218799 -1916417124 -1371945789 -1864088632 -1222029643 336919389 -222580496 1201462268 1476883179 -1775245000 52359914 603257683 1504935859 263567089 -147135422 -24366773 -1767725213 -235102012 262274910 -706165630 -1530466869 730654509 -868487236 -82504034 -967680576 647965507 1087594516 1715441104 1737478829 1569965403 1509767683 1402268700 -1131404810 1156480949 733923701 983886122 -1757842325 2075488368 -450376702 -1681715422 -653027698 571461590 780082306 707195361 356560133 -487355368 611076889 1969043446 -556089773 321690343 -181745958 1876197519 -39379299 -564051394 938568574 1743244279 -1469380802 864440050 1403934845 688193305 287155676 -888922570 -1697051339 311249048 1872979113 -2028255659 -1923112453 -1269968077 -364072415 713727839 -799076090 270125968 2007731692 1336169450 -1622244026 1645252288 -142715961 1890193496 2101457612 -2107122324 -1761573978 264447273 1796664098 1331088054 -1758120224 -1254031354 410711574 2049828001 1711255311 -1931582350 1127735748 -409230271 -449079076 412861343 -1381080967 -1566955017 1697665991 -1656991192 1095508108 -393659555 1975486873 -1409488737 511286913 -666144117 595913517 1058333839 -1946064275 1351070473 317415412 1943551563 -2145246378 871984443 -1993694516 1476855176 -383401646 -542180388 -700444225 1786131450 -877379201 -613681998 294791550 1815527069 338199836 -608086489 -8283889 826886828 -1232951205 -1191991850 -920819767 2059611071 1773984492 -363105632 -728205485 303535917 -361120243 1981101945 33941325 -598452498 -15158969 1901492638 134188864 587261658 -375993569 -1014178738 262695586 1755498127 1294812148 1477520529 1896435198 -1804430978 1805094967 595449143 1617062745 -1339795625 -1797924130 -497959156 -79273520 -444668595 411211087 -1908426195 1967949824 69042445 1431673120 -1003259388 2000792365 -2038754254 -705341326 -628805804 -1186441577 -786536991 -137555196 -1235308653 363681307 -65993645 514534923 -517245102 -1739506135 -53987340 -1726342249 -1873477073 775437336 -704691227 -734803650 -33162019 -446850730 264568515 -1926386798 175704690 1324112745 -695368296 -1746147559 717225503 1924996535 297256549 926359776 -1134900669 310734560 -2074367461 -16260147 -2044237734 -173823134 -1159481687 -2144147298 1784112252 -927548905 520353789 -269994144 657695625 -1396687584 2004032047 1731363817 1397162352 -65925666 937452974 1206779334 -1644728925 -815776525 -1544536482 -1861015681 1184617752 -1666686994 -1768147288 1035199950 -1717536055 -1004807942 694667505 824486969 341652810 -244464524 382213963 -1485078362 1011040178 -1915017524 561814528 1317336676 26714855 -1020436601 2137078019 1143564774 -647948372 -1161194309 363081328 1023654910 -1513729408 -997032337 934062242 -1197849119 -879459048 -1456231358 1712286563 -1380594970 327561164 2141388223 -1110105961 -281354707 -1124485559 -1740208123 -1694971619 -1802329390 1695670831 123870649 269478290 -1537062772 -1025470980 -948267847 -197295347 -1230910011 934879446 -433496997 2065747142 1601921345 -1723177011 1129780827 -1567342846 -233952963 501431171 1579037044 1056051861 -934993600 -228839474 -1626287848 -1597731914 -1904998574 -119491780 -2043044026 1849227052 1268973155 1531619663 -1258885626 -737299181 444136502 907668427 -2073163519 154937835 212102022 149106455 844392599 -1438371090 -722875856 -111554593 -2066455158 -630184857 -1684665798 -1690731505 -937333289 -1577005537 106497899 559750855 1985165924 1642678961 -1442589004 148257029 1284223789 -1149030935 972794477 -956882831 506826165 -149142882 2042211380 153668331 -826509624 752059353 1431336067 -842903758 -1603144953 731411637 -1624009585 461035980 241100430 -2089181893 -943406314 1973399853 554262337 -429775261 766299263 -1984935009 -591138244 -1920627948 -884583211 1036644095 1889864299 -966759420 -171489907 -1999588502 -103557546 1827620146 643316927 -1117439993 650344582 718504433 2083338926 977024732 1025536469 -1675642900 -1731261684 -666870857 359097835 -1769344856 1394954360 -1560867296 1400644147 45472596 -1272142424 -1440364248 -1314770980 -1139532493 1968416813 735161117 1756445992 -377026150 -1991124774 -480164516 -1979220417 2131874573 -1856180597 -326567884 -1339044222 2040310298 -1929747813 -701571601 164579226 -2056546858 1497956706 597067259 -1946426164 164611245 1141656748 1763247077 -1111686079 216091691 1529931652 -484764828 952490999 599014397 -498173059 -1229888562 1116157286 -1212183141 1719480299 78996054 -1056314568 522674453 1094621842 1410624442 -2087004678 -2003058636 887307898 565712751 -1747889859 -1441053395 657959001 -1720906086 -1348651490 -1610330455 -2045207752 -1260215808 -1752564921 -752994984 189061696 1808675501 -1720669810 -140523572 550250453 1573010124 604379532 -785601421 -1195734034 1236343356 -30625631 1590186379 2065356196 1310261694 464847222 1419660396 209874329 1159981612 357451351 -1366542153 941039315 563616745 1305361025 -1225281347 -814827126 -475014690 -965251846 1590096183 -1566338078 -1335539664 961624902 102671543 321524163 -404934752 927172649 1538212893 -912153580 1940069112 620396045 855458519 -1573570624 -834253943 -1790656689 1562731745 -1474255859 -1337670657 447933663 752693210 -1667080480 726261501 1089687252 -277734619 -1439052727 164542803 -112942696 -1934702025 1383231272 -1327453969 -2104724590 954194070 925063666 816515781 -977799863 756816545 -108158134 -436745100 -488633926 -601842539 -759112269 286439646 -197519019 -201355217 -1958361737 590301605 -278611022 1286154544 842203340 -1999110252 379577606 152912607 -1906766852 -425817723 937007390 -542139976 1264787287 894035502 1066947274 116881272 262329353 709190679 -1419463163 -610897173 1286724815 -1979666018 -1956668877 9684893 1382470255 852970474 -1712753867 -268673376 -302198013 148010253 1025494012 -533693946 477718415 -770456467 119103590 1932836298 1978586040 365437025 -649525673 -539471740 727552647 -1872445130 -1787949536 729789362 -531402196 367586967 268361200 1131723338 2048306020 -1805334484 -142122489 1417492919 398311765 1659224310 753326310 -1673499255 -1244483043 -1437549269 -871163191 -1281769695 -1770591730 1879456933 -1951120673"

"GLOBALS"
"min-pxcor","max-pxcor","min-pycor","max-pycor","perspective","subject","nextIndex","directed-links","ticks","ba-m","behavior-rand","belief-resolution","beliefs-over-time","brain-type","cit-init-normal-mean","cit-init-normal-std","cit-memory-len","citizen-citizen-influence","citizen-citizen-trust?","citizen-init-dist","citizen-malleables","citizen-media-influence","citizen-media-trust?","citizen-priors","citizen-trust-fn","cits-hear-from-path?","cognitive-exponent","cognitive-exponent?","cognitive-fn","cognitive-scalar","cognitive-scalar?","cognitive-translate","cognitive-translate?","complex-spread-ratio","contagion-dir","contagion-on?","cur-message-id","epsilon","erdos-renyi-p","graph-homophily?","graph-type","institution-tactic","kronecker-k","kronecker-seed","load-graph-path","load-graph?","mag-g","mag-style","matrix-spread?","matrix-trust-conn?","media-agents?","media-citizen-influence","media-dist-normal-mean","media-dist-normal-std","media-ecosystem","media-ecosystem-dist","media-ecosystem-file","media-ecosystem-n","media-ecosystem-path","message-file","message-repeats","messages-data-path","messages-over-time","n","repetition","save-graph-path","selected-turtle","show-citizen-political?","show-media-connections?","show-social-friends?","sim-output-dir","simple-spread-chance","spread-type","threshold","tick-end","topics","watts-strogatz-k","watts-strogatz-p","zeta-cit","zeta-media"
"-16","16","-16","16","0","nobody","65","""NEITHER""","100","3","9407","7","[[0 [[[""A"" 2]] [[""A"" 5]] [[""A"" 5]] [[""A"" 5]] [[""A"" 6]] [[""A"" 1]] [[""A"" 5]] [[""A"" 0]] [[""A"" 4]] [[""A"" 6]] [[""A"" 1]] [[""A"" 1]] [[""A"" 5]] [[""A"" 5]] [[""A"" 5]] [[""A"" 5]] [[""A"" 1]] [[""A"" 5]] [[""A"" 5]] [[""A"" 1]] [[""A"" 4]] [[""A"" 1]] [[""A"" 0]] [[""A"" 2]] [[""A"" 1]] [[""A"" 5]] [[""A"" 1]] [[""A"" 1]] [[""A"" 5]] [[""A"" 6]] [[""A"" 5]] [[""A"" 4]] [[""A"" 5]] [[""A"" 5]] [[""A"" 1]] [[""A"" 4]] [[""A"" 1]] [[""A"" 1]] [[""A"" 2]] [[""A"" 5]] [[""A"" 1]] [[""A"" 2]] [[""A"" 1]] [[""A"" 1]] [[""A"" 1]] [[""A"" 1]] [[""A"" 1]] [[""A"" 6]] [[""A"" 1]] [[""A"" 5]]]] [1 [[[""A"" 6]] [[""A"" 6]] [[""A"" 6]] [[""A"" 6]] [[""A"" 3]] [[""A"" 6]] [[""A"" 3]] [[""A"" 0]] [[""A"" 3]] [[""A"" 6]] [[""A"" 1]] [[""A"" 1]] [[""A"" 5]] [[""A"" 6]] [[""A"" 6]] [[""A"" 3]] [[""A"" 6]] [[""A"" 6]] [[""A"" 3]] [[""A"" 6]] [[""A"" 6]] [[""A"" 1]] [[""A"" 0]] [[""A"" 3]] [[""A"" 1]] [[""A"" 6]] [[""A"" 6]] [[""A"" 3]] [[""A"" 3]] [[""A"" 6]] [[""A"" 6]] [[""A"" 6]] [[""A"" 6]] [[""A"" 3]] [[""A"" 6]] [[""A"" 6]] [[""A"" 6]] [[""A"" 3]] [[""A"" 3]] [[""A"" 6]] [[""A"" 3]] [[""A"" 3]] [[""A"" 3]] [[""A"" 3]] [[""A"" 6]] [[""A"" 3]] [[""A"" 0]] [[""A"" 3]] [[""A"" 3]] [[""A"" 3]]]] [2 [[[""A"" 6]] [[""A"" 6]] [[""A"" 6]] [[""A"" 6]] [[""A"" 6]] [[""A"" 6]] [[""A"" 1]] [[""A"" 0]] [[""A"" 3]] [[""A"" 6]] [[""A"" 1]] [[""A"" 6]] [[""A"" 6]] [[""A"" 6]] [[""A"" 6]] [[""A"" 6]] [[""A"" 6]] [[""A"" 6]] [[""A"" 6]] [[""A"" 6]] [[""A"" 6]] [[""A"" 1]] [[""A"" 0]] [[""A"" 6]] [[""A"" 1]] [[""A"" 3]] [[""A"" 6]] [[""A"" 6]] [[""A"" 6]] [[""A"" 6]] [[""A"" 6]] [[""A"" 6]] [[""A"" 6]] [[""A"" 6]] [[""A"" 6]] [[""A"" 6]] [[""A"" 6]] [[""A"" 6]] [[""A"" 6]] [[""A"" 6]] [[""A"" 6]] [[""A"" 6]] [[""A"" 6]] [[""A"" 6]] [[""A"" 6]] [[""A"" 6]] [[""A"" 1]] [[""A"" 6]] [[""A"" 6]] [[""A"" 6]]]] [3 [[[""A"" 2]] [[""A"" 2]] [[""A"" 2]] [[""A"" 2]] [[""A"" 2]] [[""A"" 2]] [[""A"" 2]] [[""A"" 0]] [[""A"" 6]] [[""A"" 2]] [[""A"" 1]] [[""A"" 6]] [[""A"" 6]] [[""A"" 6]] [[""A"" 2]] [[""A"" 6]] [[""A"" 6]] [[""A"" 6]] [[""A"" 6]] [[""A"" 2]] [[""A"" 6]] [[""A"" 1]] [[""A"" 0]] [[""A"" 6]] [[""A"" 1]] [[""A"" 2]] [[""A"" 2]] [[""A"" 2]] [[""A"" 2]] [[""A"" 2]] [[""A"" 2]] [[""A"" 2]] [[""A"" 2]] [[""A"" 6]] [[""A"" 2]] [[""A"" 6]] [[""A"" 6]] [[""A"" 6]] [[""A"" 6]] [[""A"" 2]] [[""A"" 2]] [[""A"" 6]] [[""A"" 6]] [[""A"" 6]] [[""A"" 6]] [[""A"" 2]] [[""A"" 0]] [[""A"" 2]] [[""A"" 6]] [[""A"" 6]]]] [4 [[[""A"" 5]] [[""A"" 5]] [[""A"" 5]] [[""A"" 5]] [[""A"" 6]] [[""A"" 5]] [[""A"" 5]] [[""A"" 5]] [[""A"" 5]] [[""A"" 5]] [[""A"" 5]] [[""A"" 5]] [[""A"" 5]] [[""A"" 5]] [[""A"" 5]] [[""A"" 5]] [[""A"" 5]] [[""A"" 3]] [[""A"" 5]] [[""A"" 3]] [[""A"" 5]] [[""A"" 3]] [[""A"" 3]] [[""A"" 5]] [[""A"" 3]] [[""A"" 5]] [[""A"" 5]] [[""A"" 3]] [[""A"" 5]] [[""A"" 3]] [[""A"" 5]] [[""A"" 5]] [[""A"" 5]] [[""A"" 5]] [[""A"" 3]] [[""A"" 5]] [[""A"" 5]] [[""A"" 5]] [[""A"" 5]] [[""A"" 3]] [[""A"" 5]] [[""A"" 5]] [[""A"" 5]] [[""A"" 5]] [[""A"" 5]] [[""A"" 3]] [[""A"" 5]] [[""A"" 5]] [[""A"" 5]] [[""A"" 5]]]] [5 [[[""A"" 5]] [[""A"" 5]] [[""A"" 5]] [[""A"" 5]] [[""A"" 5]] [[""A"" 5]] [[""A"" 5]] [[""A"" 5]] [[""A"" 3]] [[""A"" 5]] [[""A"" 5]] [[""A"" 3]] [[""A"" 5]] [[""A"" 5]] [[""A"" 5]] [[""A"" 3]] [[""A"" 3]] [[""A"" 5]] [[""A"" 5]] [[""A"" 3]] [[""A"" 5]] [[""A"" 5]] [[""A"" 3]] [[""A"" 5]] [[""A"" 5]] [[""A"" 5]] [[""A"" 5]] [[""A"" 3]] [[""A"" 5]] [[""A"" 5]] [[""A"" 5]] [[""A"" 5]] [[""A"" 5]] [[""A"" 5]] [[""A"" 5]] [[""A"" 5]] [[""A"" 5]] [[""A"" 5]] [[""A"" 5]] [[""A"" 3]] [[""A"" 3]] [[""A"" 3]] [[""A"" 5]] [[""A"" 5]] [[""A"" 5]] [[""A"" 5]] [[""A"" 5]] [[""A"" 5]] [[""A"" 5]] [[""A"" 5]]]] [6 [[[""A"" 5]] [[""A"" 2]] [[""A"" 2]] [[""A"" 5]] [[""A"" 2]] [[""A"" 2]] [[""A"" 5]] [[""A"" 2]] [[""A"" 5]] [[""A"" 2]] [[""A"" 5]] [[""A"" 5]] [[""A"" 5]] [[""A"" 5]] [[""A"" 5]] [[""A"" 2]] [[""A"" 2]] [[""A"" 2]] [[""A"" 2]] [[""A"" 5]] [[""A"" 5]] [[""A"" 5]] [[""A"" 5]] [[""A"" 5]] [[""A"" 2]] [[""A"" 2]] [[""A"" 5]] [[""A"" 2]] [[""A"" 5]] [[""A"" 2]] [[""A"" 2]] [[""A"" 2]] [[""A"" 2]] [[""A"" 5]] [[""A"" 2]] [[""A"" 2]] [[""A"" 5]] [[""A"" 5]] [[""A"" 5]] [[""A"" 2]] [[""A"" 2]] [[""A"" 2]] [[""A"" 5]] [[""A"" 5]] [[""A"" 5]] [[""A"" 2]] [[""A"" 5]] [[""A"" 5]] [[""A"" 2]] [[""A"" 2]]]] [7 [[[""A"" 5]] [[""A"" 5]] [[""A"" 5]] [[""A"" 5]] [[""A"" 5]] [[""A"" 5]] [[""A"" 5]] [[""A"" 5]] [[""A"" 5]] [[""A"" 5]] [[""A"" 5]] [[""A"" 5]] [[""A"" 5]] [[""A"" 5]] [[""A"" 5]] [[""A"" 5]] [[""A"" 5]] [[""A"" 5]] [[""A"" 5]] [[""A"" 5]] [[""A"" 5]] [[""A"" 5]] [[""A"" 5]] [[""A"" 5]] [[""A"" 5]] [[""A"" 5]] [[""A"" 5]] [[""A"" 5]] [[""A"" 5]] [[""A"" 5]] [[""A"" 3]] [[""A"" 5]] [[""A"" 5]] [[""A"" 5]] [[""A"" 5]] [[""A"" 5]] [[""A"" 5]] [[""A"" 5]] [[""A"" 5]] [[""A"" 5]] [[""A"" 5]] [[""A"" 5]] [[""A"" 5]] [[""A"" 5]] [[""A"" 5]] [[""A"" 5]] [[""A"" 5]] [[""A"" 5]] [[""A"" 5]] [[""A"" 5]]]] [8 [[[""A"" 5]] [[""A"" 5]] [[""A"" 5]] [[""A"" 5]] [[""A"" 5]] [[""A"" 5]] [[""A"" 5]] [[""A"" 5]] [[""A"" 5]] [[""A"" 5]] [[""A"" 5]] [[""A"" 5]] [[""A"" 5]] [[""A"" 5]] [[""A"" 5]] [[""A"" 5]] [[""A"" 5]] [[""A"" 5]] [[""A"" 5]] [[""A"" 5]] [[""A"" 5]] [[""A"" 5]] [[""A"" 5]] [[""A"" 5]] [[""A"" 5]] [[""A"" 5]] [[""A"" 5]] [[""A"" 5]] [[""A"" 5]] [[""A"" 5]] [[""A"" 5]] [[""A"" 5]] [[""A"" 5]] [[""A"" 5]] [[""A"" 5]] [[""A"" 5]] [[""A"" 5]] [[""A"" 5]] [[""A"" 5]] [[""A"" 5]] [[""A"" 5]] [[""A"" 5]] [[""A"" 5]] [[""A"" 5]] [[""A"" 5]] [[""A"" 5]] [[""A"" 5]] [[""A"" 5]] [[""A"" 5]] [[""A"" 5]]]] [9 [[[""A"" 6]] [[""A"" 6]] [[""A"" 6]] [[""A"" 6]] [[""A"" 6]] [[""A"" 6]] [[""A"" 6]] [[""A"" 6]] [[""A"" 6]] [[""A"" 6]] [[""A"" 6]] [[""A"" 6]] [[""A"" 6]] [[""A"" 5]] [[""A"" 6]] [[""A"" 6]] [[""A"" 6]] [[""A"" 6]] [[""A"" 6]] [[""A"" 6]] [[""A"" 6]] [[""A"" 6]] [[""A"" 6]] [[""A"" 5]] [[""A"" 6]] [[""A"" 6]] [[""A"" 6]] [[""A"" 6]] [[""A"" 6]] [[""A"" 6]] [[""A"" 6]] [[""A"" 6]] [[""A"" 6]] [[""A"" 6]] [[""A"" 6]] [[""A"" 6]] [[""A"" 6]] [[""A"" 6]] [[""A"" 6]] [[""A"" 6]] [[""A"" 6]] [[""A"" 6]] [[""A"" 6]] [[""A"" 6]] [[""A"" 6]] [[""A"" 6]] [[""A"" 6]] [[""A"" 6]] [[""A"" 6]] [[""A"" 6]]]] [10 [[[""A"" 5]] [[""A"" 5]] [[""A"" 5]] [[""A"" 5]] [[""A"" 5]] [[""A"" 5]] [[""A"" 5]] [[""A"" 5]] [[""A"" 5]] [[""A"" 5]] [[""A"" 5]] [[""A"" 5]] [[""A"" 5]] [[""A"" 5]] [[""A"" 5]] [[""A"" 5]] [[""A"" 5]] [[""A"" 5]] [[""A"" 5]] [[""A"" 5]] [[""A"" 5]] [[""A"" 5]] [[""A"" 5]] [[""A"" 5]] [[""A"" 5]] [[""A"" 5]] [[""A"" 5]] [[""A"" 5]] [[""A"" 5]] [[""A"" 5]] [[""A"" 5]] [[""A"" 5]] [[""A"" 5]] [[""A"" 5]] [[""A"" 5]] [[""A"" 5]] [[""A"" 5]] [[""A"" 5]] [[""A"" 5]] [[""A"" 5]] [[""A"" 5]] [[""A"" 5]] [[""A"" 5]] [[""A"" 5]] [[""A"" 5]] [[""A"" 5]] [[""A"" 5]] [[""A"" 5]] [[""A"" 5]] [[""A"" 5]]]] [11 [[[""A"" 4]] [[""A"" 4]] [[""A"" 4]] [[""A"" 4]] [[""A"" 4]] [[""A"" 4]] [[""A"" 4]] [[""A"" 4]] [[""A"" 4]] [[""A"" 4]] [[""A"" 4]] [[""A"" 4]] [[""A"" 4]] [[""A"" 4]] [[""A"" 4]] [[""A"" 4]] [[""A"" 4]] [[""A"" 4]] [[""A"" 4]] [[""A"" 4]] [[""A"" 4]] [[""A"" 4]] [[""A"" 4]] [[""A"" 4]] [[""A"" 4]] [[""A"" 4]] [[""A"" 4]] [[""A"" 4]] [[""A"" 4]] [[""A"" 4]] [[""A"" 4]] [[""A"" 4]] [[""A"" 4]] [[""A"" 4]] [[""A"" 4]] [[""A"" 4]] [[""A"" 4]] [[""A"" 4]] [[""A"" 4]] [[""A"" 4]] [[""A"" 4]] [[""A"" 4]] [[""A"" 4]] [[""A"" 4]] [[""A"" 4]] [[""A"" 4]] [[""A"" 4]] [[""A"" 4]] [[""A"" 4]] [[""A"" 4]]]] [12 [[[""A"" 3]] [[""A"" 5]] [[""A"" 5]] [[""A"" 5]] [[""A"" 3]] [[""A"" 5]] [[""A"" 5]] [[""A"" 3]] [[""A"" 5]] [[""A"" 5]] [[""A"" 5]] [[""A"" 5]] [[""A"" 5]] [[""A"" 5]] [[""A"" 5]] [[""A"" 5]] [[""A"" 3]] [[""A"" 5]] [[""A"" 3]] [[""A"" 3]] [[""A"" 5]] [[""A"" 3]] [[""A"" 5]] [[""A"" 3]] [[""A"" 5]] [[""A"" 3]] [[""A"" 5]] [[""A"" 5]] [[""A"" 5]] [[""A"" 5]] [[""A"" 3]] [[""A"" 3]] [[""A"" 5]] [[""A"" 5]] [[""A"" 3]] [[""A"" 5]] [[""A"" 5]] [[""A"" 5]] [[""A"" 5]] [[""A"" 3]] [[""A"" 5]] [[""A"" 5]] [[""A"" 3]] [[""A"" 5]] [[""A"" 5]] [[""A"" 5]] [[""A"" 5]] [[""A"" 5]] [[""A"" 3]] [[""A"" 3]]]] [13 [[[""A"" 5]] [[""A"" 5]] [[""A"" 5]] [[""A"" 5]] [[""A"" 5]] [[""A"" 5]] [[""A"" 5]] [[""A"" 5]] [[""A"" 5]] [[""A"" 5]] [[""A"" 5]] [[""A"" 5]] [[""A"" 5]] [[""A"" 5]] [[""A"" 5]] [[""A"" 5]] [[""A"" 5]] [[""A"" 5]] [[""A"" 5]] [[""A"" 5]] [[""A"" 5]] [[""A"" 5]] [[""A"" 5]] [[""A"" 5]] [[""A"" 5]] [[""A"" 5]] [[""A"" 5]] [[""A"" 5]] [[""A"" 5]] [[""A"" 5]] [[""A"" 5]] [[""A"" 5]] [[""A"" 5]] [[""A"" 5]] [[""A"" 5]] [[""A"" 5]] [[""A"" 5]] [[""A"" 5]] [[""A"" 5]] [[""A"" 4]] [[""A"" 5]] [[""A"" 5]] [[""A"" 5]] [[""A"" 5]] [[""A"" 5]] [[""A"" 5]] [[""A"" 5]] [[""A"" 5]] [[""A"" 5]] [[""A"" 5]]]] [14 [[[""A"" 4]] [[""A"" 4]] [[""A"" 6]] [[""A"" 6]] [[""A"" 4]] [[""A"" 4]] [[""A"" 4]] [[""A"" 4]] [[""A"" 4]] [[""A"" 4]] [[""A"" 4]] [[""A"" 6]] [[""A"" 4]] [[""A"" 6]] [[""A"" 6]] [[""A"" 6]] [[""A"" 6]] [[""A"" 4]] [[""A"" 4]] [[""A"" 4]] [[""A"" 6]] [[""A"" 4]] [[""A"" 4]] [[""A"" 6]] [[""A"" 4]] [[""A"" 6]] [[""A"" 4]] [[""A"" 4]] [[""A"" 6]] [[""A"" 4]] [[""A"" 6]] [[""A"" 4]] [[""A"" 6]] [[""A"" 4]] [[""A"" 4]] [[""A"" 6]] [[""A"" 6]] [[""A"" 6]] [[""A"" 4]] [[""A"" 6]] [[""A"" 6]] [[""A"" 4]] [[""A"" 6]] [[""A"" 4]] [[""A"" 6]] [[""A"" 6]] [[""A"" 4]] [[""A"" 4]] [[""A"" 4]] [[""A"" 6]]]] [15 [[[""A"" 5]] [[""A"" 5]] [[""A"" 5]] [[""A"" 5]] [[""A"" 5]] [[""A"" 5]] [[""A"" 5]] [[""A"" 5]] [[""A"" 5]] [[""A"" 5]] [[""A"" 5]] [[""A"" 5]] [[""A"" 5]] [[""A"" 6]] [[""A"" 5]] [[""A"" 5]] [[""A"" 5]] [[""A"" 5]] [[""A"" 5]] [[""A"" 5]] [[""A"" 5]] [[""A"" 5]] [[""A"" 5]] [[""A"" 5]] [[""A"" 5]] [[""A"" 5]] [[""A"" 5]] [[""A"" 5]] [[""A"" 5]] [[""A"" 5]] [[""A"" 5]] [[""A"" 5]] [[""A"" 6]] [[""A"" 5]] [[""A"" 5]] [[""A"" 5]] [[""A"" 5]] [[""A"" 5]] [[""A"" 5]] [[""A"" 5]] [[""A"" 5]] [[""A"" 5]] [[""A"" 5]] [[""A"" 5]] [[""A"" 5]] [[""A"" 5]] [[""A"" 5]] [[""A"" 5]] [[""A"" 5]] [[""A"" 5]]]] [16 [[[""A"" 6]] [[""A"" 4]] [[""A"" 6]] [[""A"" 6]] [[""A"" 6]] [[""A"" 6]] [[""A"" 4]] [[""A"" 4]] [[""A"" 6]] [[""A"" 6]] [[""A"" 4]] [[""A"" 6]] [[""A"" 6]] [[""A"" 6]] [[""A"" 6]] [[""A"" 4]] [[""A"" 4]] [[""A"" 6]] [[""A"" 6]] [[""A"" 4]] [[""A"" 4]] [[""A"" 4]] [[""A"" 6]] [[""A"" 4]] [[""A"" 6]] [[""A"" 6]] [[""A"" 4]] [[""A"" 4]] [[""A"" 6]] [[""A"" 4]] [[""A"" 6]] [[""A"" 6]] [[""A"" 6]] [[""A"" 6]] [[""A"" 6]] [[""A"" 4]] [[""A"" 4]] [[""A"" 4]] [[""A"" 4]] [[""A"" 4]] [[""A"" 4]] [[""A"" 6]] [[""A"" 6]] [[""A"" 4]] [[""A"" 4]] [[""A"" 6]] [[""A"" 4]] [[""A"" 4]] [[""A"" 6]] [[""A"" 4]]]] [17 [[[""A"" 5]] [[""A"" 5]] [[""A"" 5]] [[""A"" 5]] [[""A"" 3]] [[""A"" 5]] [[""A"" 5]] [[""A"" 5]] [[""A"" 5]] [[""A"" 5]] [[""A"" 5]] [[""A"" 5]] [[""A"" 5]] [[""A"" 5]] [[""A"" 5]] [[""A"" 5]] [[""A"" 5]] [[""A"" 5]] [[""A"" 5]] [[""A"" 5]] [[""A"" 5]] [[""A"" 5]] [[""A"" 5]] [[""A"" 5]] [[""A"" 5]] [[""A"" 5]] [[""A"" 5]] [[""A"" 5]] [[""A"" 5]] [[""A"" 5]] [[""A"" 5]] [[""A"" 5]] [[""A"" 5]] [[""A"" 5]] [[""A"" 5]] [[""A"" 5]] [[""A"" 5]] [[""A"" 5]] [[""A"" 5]] [[""A"" 3]] [[""A"" 5]] [[""A"" 5]] [[""A"" 5]] [[""A"" 5]] [[""A"" 5]] [[""A"" 5]] [[""A"" 5]] [[""A"" 5]] [[""A"" 5]] [[""A"" 5]]]] [18 [[[""A"" 5]] [[""A"" 5]] [[""A"" 5]] [[""A"" 5]] [[""A"" 5]] [[""A"" 5]] [[""A"" 5]] [[""A"" 5]] [[""A"" 5]] [[""A"" 5]] [[""A"" 5]] [[""A"" 5]] [[""A"" 5]] [[""A"" 5]] [[""A"" 5]] [[""A"" 5]] [[""A"" 5]] [[""A"" 5]] [[""A"" 5]] [[""A"" 5]] [[""A"" 5]] [[""A"" 5]] [[""A"" 5]] [[""A"" 5]] [[""A"" 5]] [[""A"" 5]] [[""A"" 5]] [[""A"" 5]] [[""A"" 5]] [[""A"" 5]] [[""A"" 5]] [[""A"" 5]] [[""A"" 5]] [[""A"" 5]] [[""A"" 5]] [[""A"" 5]] [[""A"" 5]] [[""A"" 5]] [[""A"" 5]] [[""A"" 5]] [[""A"" 5]] [[""A"" 5]] [[""A"" 5]] [[""A"" 5]] [[""A"" 5]] [[""A"" 5]] [[""A"" 5]] [[""A"" 5]] [[""A"" 5]] [[""A"" 5]]]] [19 [[[""A"" 5]] [[""A"" 5]] [[""A"" 5]] [[""A"" 5]] [[""A"" 5]] [[""A"" 5]] [[""A"" 5]] [[""A"" 5]] [[""A"" 5]] [[""A"" 5]] [[""A"" 5]] [[""A"" 5]] [[""A"" 5]] [[""A"" 5]] [[""A"" 5]] [[""A"" 5]] [[""A"" 5]] [[""A"" 5]] [[""A"" 5]] [[""A"" 5]] [[""A"" 5]] [[""A"" 5]] [[""A"" 5]] [[""A"" 5]] [[""A"" 5]] [[""A"" 5]] [[""A"" 5]] [[""A"" 5]] [[""A"" 5]] [[""A"" 5]] [[""A"" 5]] [[""A"" 5]] [[""A"" 5]] [[""A"" 5]] [[""A"" 5]] [[""A"" 5]] [[""A"" 5]] [[""A"" 5]] [[""A"" 5]] [[""A"" 5]] [[""A"" 5]] [[""A"" 5]] [[""A"" 5]] [[""A"" 5]] [[""A"" 5]] [[""A"" 5]] [[""A"" 5]] [[""A"" 5]] [[""A"" 5]] [[""A"" 5]]]] [20 [[[""A"" 6]] [[""A"" 6]] [[""A"" 6]] [[""A"" 6]] [[""A"" 6]] [[""A"" 6]] [[""A"" 6]] [[""A"" 6]] [[""A"" 6]] [[""A"" 6]] [[""A"" 6]] [[""A"" 6]] [[""A"" 6]] [[""A"" 6]] [[""A"" 6]] [[""A"" 6]] [[""A"" 6]] [[""A"" 6]] [[""A"" 6]] [[""A"" 6]] [[""A"" 6]] [[""A"" 6]] [[""A"" 6]] [[""A"" 6]] [[""A"" 6]] [[""A"" 6]] [[""A"" 6]] [[""A"" 6]] [[""A"" 6]] [[""A"" 6]] [[""A"" 6]] [[""A"" 6]] [[""A"" 6]] [[""A"" 6]] [[""A"" 6]] [[""A"" 6]] [[""A"" 6]] [[""A"" 6]] [[""A"" 6]] [[""A"" 6]] [[""A"" 6]] [[""A"" 6]] [[""A"" 6]] [[""A"" 6]] [[""A"" 6]] [[""A"" 6]] [[""A"" 6]] [[""A"" 6]] [[""A"" 6]] [[""A"" 6]]]] [21 [[[""A"" 5]] [[""A"" 5]] [[""A"" 5]] [[""A"" 5]] [[""A"" 5]] [[""A"" 5]] [[""A"" 5]] [[""A"" 5]] [[""A"" 5]] [[""A"" 5]] [[""A"" 5]] [[""A"" 5]] [[""A"" 5]] [[""A"" 5]] [[""A"" 5]] [[""A"" 5]] [[""A"" 5]] [[""A"" 5]] [[""A"" 5]] [[""A"" 5]] [[""A"" 5]] [[""A"" 5]] [[""A"" 5]] [[""A"" 5]] [[""A"" 5]] [[""A"" 5]] [[""A"" 5]] [[""A"" 5]] [[""A"" 5]] [[""A"" 5]] [[""A"" 5]] [[""A"" 5]] [[""A"" 5]] [[""A"" 5]] [[""A"" 5]] [[""A"" 5]] [[""A"" 5]] [[""A"" 5]] [[""A"" 5]] [[""A"" 5]] [[""A"" 5]] [[""A"" 5]] [[""A"" 5]] [[""A"" 5]] [[""A"" 5]] [[""A"" 5]] [[""A"" 5]] [[""A"" 5]] [[""A"" 5]] [[""A"" 5]]]] [22 [[[""A"" 5]] [[""A"" 5]] [[""A"" 5]] [[""A"" 5]] [[""A"" 5]] [[""A"" 5]] [[""A"" 5]] [[""A"" 5]] [[""A"" 5]] [[""A"" 5]] [[""A"" 5]] [[""A"" 5]] [[""A"" 5]] [[""A"" 5]] [[""A"" 5]] [[""A"" 5]] [[""A"" 5]] [[""A"" 5]] [[""A"" 5]] [[""A"" 5]] [[""A"" 5]] [[""A"" 5]] [[""A"" 5]] [[""A"" 5]] [[""A"" 5]] [[""A"" 5]] [[""A"" 5]] [[""A"" 5]] [[""A"" 5]] [[""A"" 5]] [[""A"" 5]] [[""A"" 5]] [[""A"" 5]] [[""A"" 5]] [[""A"" 5]] [[""A"" 5]] [[""A"" 5]] [[""A"" 5]] [[""A"" 5]] [[""A"" 5]] [[""A"" 5]] [[""A"" 5]] [[""A"" 5]] [[""A"" 5]] [[""A"" 5]] [[""A"" 5]] [[""A"" 5]] [[""A"" 5]] [[""A"" 5]] [[""A"" 5]]]] [23 [[[""A"" 5]] [[""A"" 5]] [[""A"" 5]] [[""A"" 5]] [[""A"" 5]] [[""A"" 5]] [[""A"" 5]] [[""A"" 5]] [[""A"" 5]] [[""A"" 5]] [[""A"" 5]] [[""A"" 5]] [[""A"" 5]] [[""A"" 5]] [[""A"" 5]] [[""A"" 5]] [[""A"" 5]] [[""A"" 5]] [[""A"" 5]] [[""A"" 5]] [[""A"" 5]] [[""A"" 5]] [[""A"" 5]] [[""A"" 5]] [[""A"" 5]] [[""A"" 5]] [[""A"" 5]] [[""A"" 5]] [[""A"" 5]] [[""A"" 5]] [[""A"" 5]] [[""A"" 5]] [[""A"" 5]] [[""A"" 5]] [[""A"" 5]] [[""A"" 5]] [[""A"" 5]] [[""A"" 5]] [[""A"" 5]] [[""A"" 5]] [[""A"" 5]] [[""A"" 5]] [[""A"" 5]] [[""A"" 5]] [[""A"" 5]] [[""A"" 5]] [[""A"" 5]] [[""A"" 5]] [[""A"" 5]] [[""A"" 5]]]] [24 [[[""A"" 6]] [[""A"" 6]] [[""A"" 6]] [[""A"" 6]] [[""A"" 6]] [[""A"" 6]] [[""A"" 6]] [[""A"" 6]] [[""A"" 6]] [[""A"" 6]] [[""A"" 6]] [[""A"" 6]] [[""A"" 6]] [[""A"" 6]] [[""A"" 6]] [[""A"" 6]] [[""A"" 6]] [[""A"" 6]] [[""A"" 6]] [[""A"" 6]] [[""A"" 5]] [[""A"" 6]] [[""A"" 6]] [[""A"" 6]] [[""A"" 6]] [[""A"" 6]] [[""A"" 6]] [[""A"" 6]] [[""A"" 6]] [[""A"" 6]] [[""A"" 6]] [[""A"" 6]] [[""A"" 6]] [[""A"" 6]] [[""A"" 6]] [[""A"" 6]] [[""A"" 6]] [[""A"" 6]] [[""A"" 6]] [[""A"" 6]] [[""A"" 6]] [[""A"" 6]] [[""A"" 6]] [[""A"" 6]] [[""A"" 6]] [[""A"" 6]] [[""A"" 6]] [[""A"" 6]] [[""A"" 6]] [[""A"" 6]]]] [25 [[[""A"" 5]] [[""A"" 5]] [[""A"" 5]] [[""A"" 5]] [[""A"" 5]] [[""A"" 5]] [[""A"" 5]] [[""A"" 5]] [[""A"" 5]] [[""A"" 5]] [[""A"" 5]] [[""A"" 5]] [[""A"" 5]] [[""A"" 5]] [[""A"" 5]] [[""A"" 5]] [[""A"" 5]] [[""A"" 5]] [[""A"" 5]] [[""A"" 5]] [[""A"" 5]] [[""A"" 5]] [[""A"" 5]] [[""A"" 5]] [[""A"" 5]] [[""A"" 5]] [[""A"" 5]] [[""A"" 5]] [[""A"" 5]] [[""A"" 5]] [[""A"" 5]] [[""A"" 5]] [[""A"" 5]] [[""A"" 5]] [[""A"" 5]] [[""A"" 5]] [[""A"" 5]] [[""A"" 5]] [[""A"" 5]] [[""A"" 5]] [[""A"" 5]] [[""A"" 5]] [[""A"" 5]] [[""A"" 5]] [[""A"" 5]] [[""A"" 5]] [[""A"" 5]] [[""A"" 5]] [[""A"" 5]] [[""A"" 5]]]] [26 [[[""A"" 6]] [[""A"" 6]] [[""A"" 6]] [[""A"" 6]] [[""A"" 6]] [[""A"" 6]] [[""A"" 6]] [[""A"" 6]] [[""A"" 6]] [[""A"" 6]] [[""A"" 6]] [[""A"" 6]] [[""A"" 6]] [[""A"" 6]] [[""A"" 6]] [[""A"" 6]] [[""A"" 6]] [[""A"" 6]] [[""A"" 6]] [[""A"" 6]] [[""A"" 6]] [[""A"" 6]] [[""A"" 6]] [[""A"" 6]] [[""A"" 6]] [[""A"" 6]] [[""A"" 6]] [[""A"" 6]] [[""A"" 6]] [[""A"" 6]] [[""A"" 6]] [[""A"" 6]] [[""A"" 6]] [[""A"" 6]] [[""A"" 6]] [[""A"" 6]] [[""A"" 6]] [[""A"" 6]] [[""A"" 6]] [[""A"" 6]] [[""A"" 6]] [[""A"" 6]] [[""A"" 6]] [[""A"" 6]] [[""A"" 6]] [[""A"" 6]] [[""A"" 6]] [[""A"" 6]] [[""A"" 6]] [[""A"" 6]]]] [27 [[[""A"" 5]] [[""A"" 5]] [[""A"" 5]] [[""A"" 5]] [[""A"" 5]] [[""A"" 5]] [[""A"" 5]] [[""A"" 5]] [[""A"" 5]] [[""A"" 5]] [[""A"" 5]] [[""A"" 5]] [[""A"" 5]] [[""A"" 5]] [[""A"" 5]] [[""A"" 5]] [[""A"" 5]] [[""A"" 5]] [[""A"" 5]] [[""A"" 5]] [[""A"" 5]] [[""A"" 5]] [[""A"" 5]] [[""A"" 5]] [[""A"" 5]] [[""A"" 5]] [[""A"" 5]] [[""A"" 5]] [[""A"" 5]] [[""A"" 5]] [[""A"" 5]] [[""A"" 5]] [[""A"" 5]] [[""A"" 5]] [[""A"" 5]] [[""A"" 5]] [[""A"" 5]] [[""A"" 5]] [[""A"" 5]] [[""A"" 5]] [[""A"" 5]] [[""A"" 5]] [[""A"" 5]] [[""A"" 5]] [[""A"" 5]] [[""A"" 5]] [[""A"" 5]] [[""A"" 5]] [[""A"" 5]] [[""A"" 5]]]] [28 [[[""A"" 5]] [[""A"" 5]] [[""A"" 5]] [[""A"" 5]] [[""A"" 5]] [[""A"" 5]] [[""A"" 5]] [[""A"" 5]] [[""A"" 5]] [[""A"" 5]] [[""A"" 5]] [[""A"" 5]] [[""A"" 5]] [[""A"" 5]] [[""A"" 5]] [[""A"" 5]] [[""A"" 5]] [[""A"" 5]] [[""A"" 5]] [[""A"" 5]] [[""A"" 5]] [[""A"" 5]] [[""A"" 5]] [[""A"" 5]] [[""A"" 5]] [[""A"" 5]] [[""A"" 5]] [[""A"" 5]] [[""A"" 5]] [[""A"" 5]] [[""A"" 5]] [[""A"" 5]] [[""A"" 5]] [[""A"" 5]] [[""A"" 5]] [[""A"" 5]] [[""A"" 5]] [[""A"" 5]] [[""A"" 5]] [[""A"" 5]] [[""A"" 5]] [[""A"" 5]] [[""A"" 5]] [[""A"" 5]] [[""A"" 5]] [[""A"" 5]] [[""A"" 5]] [[""A"" 5]] [[""A"" 5]] [[""A"" 5]]]] [29 [[[""A"" 5]] [[""A"" 5]] [[""A"" 5]] [[""A"" 5]] [[""A"" 5]] [[""A"" 5]] [[""A"" 5]] [[""A"" 5]] [[""A"" 5]] [[""A"" 5]] [[""A"" 5]] [[""A"" 5]] [[""A"" 5]] [[""A"" 5]] [[""A"" 5]] [[""A"" 5]] [[""A"" 5]] [[""A"" 5]] [[""A"" 5]] [[""A"" 5]] [[""A"" 5]] [[""A"" 5]] [[""A"" 5]] [[""A"" 5]] [[""A"" 5]] [[""A"" 5]] [[""A"" 5]] [[""A"" 5]] [[""A"" 5]] [[""A"" 5]] [[""A"" 5]] [[""A"" 5]] [[""A"" 5]] [[""A"" 5]] [[""A"" 5]] [[""A"" 5]] [[""A"" 5]] [[""A"" 5]] [[""A"" 5]] [[""A"" 5]] [[""A"" 5]] [[""A"" 5]] [[""A"" 5]] [[""A"" 5]] [[""A"" 5]] [[""A"" 5]] [[""A"" 5]] [[""A"" 5]] [[""A"" 5]] [[""A"" 5]]]] [30 [[[""A"" 4]] [[""A"" 4]] [[""A"" 4]] [[""A"" 4]] [[""A"" 4]] [[""A"" 4]] [[""A"" 4]] [[""A"" 4]] [[""A"" 4]] [[""A"" 4]] [[""A"" 5]] [[""A"" 4]] [[""A"" 4]] [[""A"" 4]] [[""A"" 4]] [[""A"" 4]] [[""A"" 4]] [[""A"" 4]] [[""A"" 4]] [[""A"" 4]] [[""A"" 4]] [[""A"" 4]] [[""A"" 4]] [[""A"" 4]] [[""A"" 4]] [[""A"" 4]] [[""A"" 4]] [[""A"" 4]] [[""A"" 4]] [[""A"" 4]] [[""A"" 4]] [[""A"" 4]] [[""A"" 4]] [[""A"" 4]] [[""A"" 4]] [[""A"" 4]] [[""A"" 4]] [[""A"" 4]] [[""A"" 4]] [[""A"" 5]] [[""A"" 4]] [[""A"" 4]] [[""A"" 4]] [[""A"" 4]] [[""A"" 4]] [[""A"" 4]] [[""A"" 4]] [[""A"" 4]] [[""A"" 4]] [[""A"" 4]]]] [31 [[[""A"" 5]] [[""A"" 3]] [[""A"" 5]] [[""A"" 5]] [[""A"" 5]] [[""A"" 6]] [[""A"" 5]] [[""A"" 5]] [[""A"" 5]] [[""A"" 5]] [[""A"" 5]] [[""A"" 3]] [[""A"" 5]] [[""A"" 5]] [[""A"" 5]] [[""A"" 5]] [[""A"" 3]] [[""A"" 3]] [[""A"" 5]] [[""A"" 5]] [[""A"" 5]] [[""A"" 5]] [[""A"" 5]] [[""A"" 5]] [[""A"" 5]] [[""A"" 5]] [[""A"" 3]] [[""A"" 5]] [[""A"" 3]] [[""A"" 3]] [[""A"" 5]] [[""A"" 5]] [[""A"" 5]] [[""A"" 3]] [[""A"" 5]] [[""A"" 5]] [[""A"" 5]] [[""A"" 5]] [[""A"" 5]] [[""A"" 5]] [[""A"" 3]] [[""A"" 5]] [[""A"" 3]] [[""A"" 5]] [[""A"" 5]] [[""A"" 3]] [[""A"" 5]] [[""A"" 5]] [[""A"" 5]] [[""A"" 3]]]] [32 [[[""A"" 6]] [[""A"" 6]] [[""A"" 6]] [[""A"" 6]] [[""A"" 6]] [[""A"" 6]] [[""A"" 6]] [[""A"" 6]] [[""A"" 6]] [[""A"" 5]] [[""A"" 6]] [[""A"" 6]] [[""A"" 6]] [[""A"" 6]] [[""A"" 6]] [[""A"" 6]] [[""A"" 6]] [[""A"" 6]] [[""A"" 6]] [[""A"" 6]] [[""A"" 5]] [[""A"" 6]] [[""A"" 6]] [[""A"" 6]] [[""A"" 6]] [[""A"" 6]] [[""A"" 6]] [[""A"" 6]] [[""A"" 6]] [[""A"" 6]] [[""A"" 6]] [[""A"" 6]] [[""A"" 6]] [[""A"" 6]] [[""A"" 6]] [[""A"" 6]] [[""A"" 6]] [[""A"" 6]] [[""A"" 6]] [[""A"" 6]] [[""A"" 6]] [[""A"" 6]] [[""A"" 6]] [[""A"" 6]] [[""A"" 6]] [[""A"" 6]] [[""A"" 6]] [[""A"" 6]] [[""A"" 6]] [[""A"" 6]]]] [33 [[[""A"" 5]] [[""A"" 5]] [[""A"" 5]] [[""A"" 5]] [[""A"" 5]] [[""A"" 5]] [[""A"" 5]] [[""A"" 5]] [[""A"" 5]] [[""A"" 5]] [[""A"" 5]] [[""A"" 5]] [[""A"" 5]] [[""A"" 5]] [[""A"" 5]] [[""A"" 5]] [[""A"" 5]] [[""A"" 5]] [[""A"" 5]] [[""A"" 5]] [[""A"" 5]] [[""A"" 5]] [[""A"" 5]] [[""A"" 5]] [[""A"" 5]] [[""A"" 5]] [[""A"" 5]] [[""A"" 5]] [[""A"" 5]] [[""A"" 5]] [[""A"" 5]] [[""A"" 5]] [[""A"" 5]] [[""A"" 5]] [[""A"" 5]] [[""A"" 5]] [[""A"" 5]] [[""A"" 5]] [[""A"" 5]] [[""A"" 5]] [[""A"" 5]] [[""A"" 5]] [[""A"" 5]] [[""A"" 5]] [[""A"" 5]] [[""A"" 5]] [[""A"" 5]] [[""A"" 5]] [[""A"" 5]] [[""A"" 5]]]] [34 [[[""A"" 5]] [[""A"" 5]] [[""A"" 5]] [[""A"" 5]] [[""A"" 5]] [[""A"" 5]] [[""A"" 5]] [[""A"" 5]] [[""A"" 5]] [[""A"" 5]] [[""A"" 5]] [[""A"" 5]] [[""A"" 5]] [[""A"" 4]] [[""A"" 5]] [[""A"" 5]] [[""A"" 5]] [[""A"" 5]] [[""A"" 5]] [[""A"" 5]] [[""A"" 5]] [[""A"" 5]] [[""A"" 5]] [[""A"" 5]] [[""A"" 5]] [[""A"" 5]] [[""A"" 5]] [[""A"" 5]] [[""A"" 5]] [[""A"" 5]] [[""A"" 5]] [[""A"" 5]] [[""A"" 5]] [[""A"" 5]] [[""A"" 5]] [[""A"" 5]] [[""A"" 5]] [[""A"" 5]] [[""A"" 5]] [[""A"" 5]] [[""A"" 5]] [[""A"" 4]] [[""A"" 5]] [[""A"" 5]] [[""A"" 5]] [[""A"" 5]] [[""A"" 5]] [[""A"" 5]] [[""A"" 5]] [[""A"" 5]]]] [35 [[[""A"" 6]] [[""A"" 6]] [[""A"" 6]] [[""A"" 6]] [[""A"" 6]] [[""A"" 3]] [[""A"" 6]] [[""A"" 6]] [[""A"" 6]] [[""A"" 6]] [[""A"" 6]] [[""A"" 6]] [[""A"" 3]] [[""A"" 6]] [[""A"" 3]] [[""A"" 6]] [[""A"" 6]] [[""A"" 6]] [[""A"" 6]] [[""A"" 6]] [[""A"" 3]] [[""A"" 6]] [[""A"" 3]] [[""A"" 6]] [[""A"" 6]] [[""A"" 6]] [[""A"" 3]] [[""A"" 6]] [[""A"" 6]] [[""A"" 6]] [[""A"" 6]] [[""A"" 6]] [[""A"" 6]] [[""A"" 3]] [[""A"" 6]] [[""A"" 6]] [[""A"" 6]] [[""A"" 6]] [[""A"" 6]] [[""A"" 6]] [[""A"" 6]] [[""A"" 6]] [[""A"" 3]] [[""A"" 3]] [[""A"" 3]] [[""A"" 3]] [[""A"" 3]] [[""A"" 3]] [[""A"" 6]] [[""A"" 3]]]] [36 [[[""A"" 4]] [[""A"" 4]] [[""A"" 6]] [[""A"" 6]] [[""A"" 6]] [[""A"" 6]] [[""A"" 6]] [[""A"" 4]] [[""A"" 4]] [[""A"" 4]] [[""A"" 6]] [[""A"" 4]] [[""A"" 3]] [[""A"" 4]] [[""A"" 4]] [[""A"" 4]] [[""A"" 4]] [[""A"" 4]] [[""A"" 4]] [[""A"" 4]] [[""A"" 4]] [[""A"" 4]] [[""A"" 4]] [[""A"" 6]] [[""A"" 4]] [[""A"" 4]] [[""A"" 4]] [[""A"" 4]] [[""A"" 4]] [[""A"" 4]] [[""A"" 4]] [[""A"" 4]] [[""A"" 4]] [[""A"" 4]] [[""A"" 4]] [[""A"" 4]] [[""A"" 6]] [[""A"" 4]] [[""A"" 4]] [[""A"" 6]] [[""A"" 4]] [[""A"" 6]] [[""A"" 4]] [[""A"" 4]] [[""A"" 6]] [[""A"" 6]] [[""A"" 4]] [[""A"" 4]] [[""A"" 6]] [[""A"" 6]]]] [37 [[[""A"" 4]] [[""A"" 3]] [[""A"" 3]] [[""A"" 3]] [[""A"" 3]] [[""A"" 3]] [[""A"" 3]] [[""A"" 3]] [[""A"" 3]] [[""A"" 3]] [[""A"" 3]] [[""A"" 3]] [[""A"" 3]] [[""A"" 3]] [[""A"" 3]] [[""A"" 3]] [[""A"" 3]] [[""A"" 3]] [[""A"" 3]] [[""A"" 3]] [[""A"" 3]] [[""A"" 3]] [[""A"" 3]] [[""A"" 3]] [[""A"" 3]] [[""A"" 3]] [[""A"" 3]] [[""A"" 3]] [[""A"" 3]] [[""A"" 3]] [[""A"" 3]] [[""A"" 3]] [[""A"" 3]] [[""A"" 3]] [[""A"" 3]] [[""A"" 3]] [[""A"" 3]] [[""A"" 3]] [[""A"" 3]] [[""A"" 3]] [[""A"" 3]] [[""A"" 3]] [[""A"" 3]] [[""A"" 3]] [[""A"" 3]] [[""A"" 3]] [[""A"" 4]] [[""A"" 6]] [[""A"" 3]] [[""A"" 3]]]] [38 [[[""A"" 5]] [[""A"" 5]] [[""A"" 2]] [[""A"" 5]] [[""A"" 5]] [[""A"" 5]] [[""A"" 5]] [[""A"" 5]] [[""A"" 5]] [[""A"" 5]] [[""A"" 5]] [[""A"" 5]] [[""A"" 5]] [[""A"" 5]] [[""A"" 5]] [[""A"" 5]] [[""A"" 5]] [[""A"" 5]] [[""A"" 2]] [[""A"" 5]] [[""A"" 5]] [[""A"" 5]] [[""A"" 5]] [[""A"" 5]] [[""A"" 5]] [[""A"" 5]] [[""A"" 5]] [[""A"" 2]] [[""A"" 5]] [[""A"" 5]] [[""A"" 5]] [[""A"" 5]] [[""A"" 5]] [[""A"" 2]] [[""A"" 5]] [[""A"" 5]] [[""A"" 5]] [[""A"" 5]] [[""A"" 5]] [[""A"" 2]] [[""A"" 5]] [[""A"" 5]] [[""A"" 2]] [[""A"" 2]] [[""A"" 2]] [[""A"" 2]] [[""A"" 5]] [[""A"" 5]] [[""A"" 5]] [[""A"" 5]]]] [39 [[[""A"" 4]] [[""A"" 5]] [[""A"" 4]] [[""A"" 2]] [[""A"" 2]] [[""A"" 5]] [[""A"" 2]] [[""A"" 5]] [[""A"" 2]] [[""A"" 5]] [[""A"" 2]] [[""A"" 2]] [[""A"" 5]] [[""A"" 5]] [[""A"" 2]] [[""A"" 5]] [[""A"" 5]] [[""A"" 2]] [[""A"" 5]] [[""A"" 2]] [[""A"" 5]] [[""A"" 5]] [[""A"" 5]] [[""A"" 2]] [[""A"" 5]] [[""A"" 2]] [[""A"" 2]] [[""A"" 2]] [[""A"" 2]] [[""A"" 5]] [[""A"" 5]] [[""A"" 2]] [[""A"" 2]] [[""A"" 5]] [[""A"" 5]] [[""A"" 2]] [[""A"" 2]] [[""A"" 2]] [[""A"" 4]] [[""A"" 5]] [[""A"" 2]] [[""A"" 2]] [[""A"" 2]] [[""A"" 5]] [[""A"" 5]] [[""A"" 2]] [[""A"" 2]] [[""A"" 2]] [[""A"" 5]] [[""A"" 5]]]] [40 [[[""A"" 1]] [[""A"" 3]] [[""A"" 5]] [[""A"" 5]] [[""A"" 5]] [[""A"" 5]] [[""A"" 5]] [[""A"" 5]] [[""A"" 1]] [[""A"" 5]] [[""A"" 5]] [[""A"" 1]] [[""A"" 1]] [[""A"" 5]] [[""A"" 5]] [[""A"" 5]] [[""A"" 5]] [[""A"" 5]] [[""A"" 3]] [[""A"" 5]] [[""A"" 1]] [[""A"" 5]] [[""A"" 3]] [[""A"" 3]] [[""A"" 5]] [[""A"" 1]] [[""A"" 5]] [[""A"" 3]] [[""A"" 5]] [[""A"" 5]] [[""A"" 5]] [[""A"" 1]] [[""A"" 3]] [[""A"" 5]] [[""A"" 5]] [[""A"" 5]] [[""A"" 1]] [[""A"" 5]] [[""A"" 3]] [[""A"" 1]] [[""A"" 5]] [[""A"" 1]] [[""A"" 3]] [[""A"" 5]] [[""A"" 5]] [[""A"" 1]] [[""A"" 3]] [[""A"" 1]] [[""A"" 3]] [[""A"" 5]]]] [41 [[[""A"" 6]] [[""A"" 6]] [[""A"" 2]] [[""A"" 4]] [[""A"" 0]] [[""A"" 0]] [[""A"" 6]] [[""A"" 4]] [[""A"" 0]] [[""A"" 2]] [[""A"" 2]] [[""A"" 2]] [[""A"" 0]] [[""A"" 4]] [[""A"" 6]] [[""A"" 2]] [[""A"" 2]] [[""A"" 6]] [[""A"" 4]] [[""A"" 6]] [[""A"" 4]] [[""A"" 6]] [[""A"" 6]] [[""A"" 4]] [[""A"" 2]] [[""A"" 4]] [[""A"" 4]] [[""A"" 6]] [[""A"" 4]] [[""A"" 4]] [[""A"" 4]] [[""A"" 4]] [[""A"" 2]] [[""A"" 4]] [[""A"" 4]] [[""A"" 2]] [[""A"" 2]] [[""A"" 2]] [[""A"" 6]] [[""A"" 6]] [[""A"" 4]] [[""A"" 0]] [[""A"" 2]] [[""A"" 2]] [[""A"" 2]] [[""A"" 2]] [[""A"" 2]] [[""A"" 2]] [[""A"" 4]] [[""A"" 6]]]] [42 [[[""A"" 4]] [[""A"" 6]] [[""A"" 4]] [[""A"" 6]] [[""A"" 6]] [[""A"" 4]] [[""A"" 6]] [[""A"" 6]] [[""A"" 6]] [[""A"" 4]] [[""A"" 6]] [[""A"" 4]] [[""A"" 6]] [[""A"" 6]] [[""A"" 6]] [[""A"" 4]] [[""A"" 6]] [[""A"" 6]] [[""A"" 4]] [[""A"" 4]] [[""A"" 4]] [[""A"" 4]] [[""A"" 4]] [[""A"" 6]] [[""A"" 6]] [[""A"" 6]] [[""A"" 6]] [[""A"" 6]] [[""A"" 4]] [[""A"" 4]] [[""A"" 4]] [[""A"" 6]] [[""A"" 6]] [[""A"" 4]] [[""A"" 4]] [[""A"" 6]] [[""A"" 4]] [[""A"" 4]] [[""A"" 4]] [[""A"" 4]] [[""A"" 6]] [[""A"" 6]] [[""A"" 6]] [[""A"" 4]] [[""A"" 6]] [[""A"" 4]] [[""A"" 4]] [[""A"" 4]] [[""A"" 6]] [[""A"" 6]]]] [43 [[[""A"" 4]] [[""A"" 4]] [[""A"" 4]] [[""A"" 4]] [[""A"" 4]] [[""A"" 4]] [[""A"" 4]] [[""A"" 4]] [[""A"" 4]] [[""A"" 4]] [[""A"" 4]] [[""A"" 4]] [[""A"" 4]] [[""A"" 4]] [[""A"" 4]] [[""A"" 4]] [[""A"" 4]] [[""A"" 4]] [[""A"" 4]] [[""A"" 4]] [[""A"" 4]] [[""A"" 4]] [[""A"" 4]] [[""A"" 4]] [[""A"" 4]] [[""A"" 4]] [[""A"" 4]] [[""A"" 4]] [[""A"" 4]] [[""A"" 4]] [[""A"" 4]] [[""A"" 4]] [[""A"" 4]] [[""A"" 4]] [[""A"" 4]] [[""A"" 4]] [[""A"" 4]] [[""A"" 4]] [[""A"" 4]] [[""A"" 4]] [[""A"" 4]] [[""A"" 4]] [[""A"" 4]] [[""A"" 4]] [[""A"" 4]] [[""A"" 4]] [[""A"" 4]] [[""A"" 4]] [[""A"" 4]] [[""A"" 4]]]] [44 [[[""A"" 5]] [[""A"" 3]] [[""A"" 3]] [[""A"" 5]] [[""A"" 5]] [[""A"" 3]] [[""A"" 5]] [[""A"" 5]] [[""A"" 5]] [[""A"" 5]] [[""A"" 5]] [[""A"" 5]] [[""A"" 5]] [[""A"" 5]] [[""A"" 3]] [[""A"" 3]] [[""A"" 5]] [[""A"" 5]] [[""A"" 5]] [[""A"" 5]] [[""A"" 3]] [[""A"" 5]] [[""A"" 5]] [[""A"" 5]] [[""A"" 3]] [[""A"" 5]] [[""A"" 5]] [[""A"" 5]] [[""A"" 3]] [[""A"" 5]] [[""A"" 5]] [[""A"" 5]] [[""A"" 3]] [[""A"" 5]] [[""A"" 5]] [[""A"" 5]] [[""A"" 5]] [[""A"" 5]] [[""A"" 5]] [[""A"" 3]] [[""A"" 5]] [[""A"" 5]] [[""A"" 5]] [[""A"" 5]] [[""A"" 5]] [[""A"" 5]] [[""A"" 5]] [[""A"" 5]] [[""A"" 5]] [[""A"" 5]]]] [45 [[[""A"" 6]] [[""A"" 4]] [[""A"" 4]] [[""A"" 6]] [[""A"" 6]] [[""A"" 4]] [[""A"" 6]] [[""A"" 6]] [[""A"" 4]] [[""A"" 6]] [[""A"" 6]] [[""A"" 4]] [[""A"" 4]] [[""A"" 4]] [[""A"" 6]] [[""A"" 6]] [[""A"" 6]] [[""A"" 6]] [[""A"" 4]] [[""A"" 6]] [[""A"" 4]] [[""A"" 4]] [[""A"" 6]] [[""A"" 6]] [[""A"" 4]] [[""A"" 4]] [[""A"" 6]] [[""A"" 4]] [[""A"" 4]] [[""A"" 6]] [[""A"" 6]] [[""A"" 4]] [[""A"" 4]] [[""A"" 4]] [[""A"" 4]] [[""A"" 6]] [[""A"" 6]] [[""A"" 4]] [[""A"" 4]] [[""A"" 6]] [[""A"" 4]] [[""A"" 4]] [[""A"" 4]] [[""A"" 6]] [[""A"" 4]] [[""A"" 4]] [[""A"" 4]] [[""A"" 4]] [[""A"" 3]] [[""A"" 6]]]] [46 [[[""A"" 6]] [[""A"" 3]] [[""A"" 6]] [[""A"" 3]] [[""A"" 6]] [[""A"" 6]] [[""A"" 6]] [[""A"" 3]] [[""A"" 6]] [[""A"" 3]] [[""A"" 3]] [[""A"" 3]] [[""A"" 6]] [[""A"" 6]] [[""A"" 3]] [[""A"" 3]] [[""A"" 3]] [[""A"" 3]] [[""A"" 6]] [[""A"" 3]] [[""A"" 6]] [[""A"" 3]] [[""A"" 3]] [[""A"" 6]] [[""A"" 3]] [[""A"" 6]] [[""A"" 6]] [[""A"" 3]] [[""A"" 3]] [[""A"" 3]] [[""A"" 6]] [[""A"" 6]] [[""A"" 3]] [[""A"" 6]] [[""A"" 3]] [[""A"" 6]] [[""A"" 3]] [[""A"" 3]] [[""A"" 3]] [[""A"" 6]] [[""A"" 6]] [[""A"" 6]] [[""A"" 3]] [[""A"" 3]] [[""A"" 3]] [[""A"" 6]] [[""A"" 3]] [[""A"" 3]] [[""A"" 3]] [[""A"" 3]]]] [47 [[[""A"" 2]] [[""A"" 2]] [[""A"" 2]] [[""A"" 5]] [[""A"" 5]] [[""A"" 5]] [[""A"" 5]] [[""A"" 2]] [[""A"" 2]] [[""A"" 5]] [[""A"" 5]] [[""A"" 2]] [[""A"" 2]] [[""A"" 5]] [[""A"" 2]] [[""A"" 2]] [[""A"" 2]] [[""A"" 2]] [[""A"" 2]] [[""A"" 2]] [[""A"" 2]] [[""A"" 5]] [[""A"" 2]] [[""A"" 2]] [[""A"" 2]] [[""A"" 5]] [[""A"" 5]] [[""A"" 5]] [[""A"" 5]] [[""A"" 2]] [[""A"" 2]] [[""A"" 2]] [[""A"" 2]] [[""A"" 5]] [[""A"" 2]] [[""A"" 2]] [[""A"" 2]] [[""A"" 2]] [[""A"" 5]] [[""A"" 5]] [[""A"" 2]] [[""A"" 2]] [[""A"" 5]] [[""A"" 5]] [[""A"" 2]] [[""A"" 2]] [[""A"" 2]] [[""A"" 2]] [[""A"" 2]] [[""A"" 5]]]] [48 [[[""A"" 3]] [[""A"" 3]] [[""A"" 5]] [[""A"" 3]] [[""A"" 5]] [[""A"" 3]] [[""A"" 3]] [[""A"" 3]] [[""A"" 3]] [[""A"" 3]] [[""A"" 3]] [[""A"" 3]] [[""A"" 3]] [[""A"" 3]] [[""A"" 3]] [[""A"" 3]] [[""A"" 3]] [[""A"" 3]] [[""A"" 3]] [[""A"" 5]] [[""A"" 5]] [[""A"" 3]] [[""A"" 5]] [[""A"" 5]] [[""A"" 5]] [[""A"" 3]] [[""A"" 5]] [[""A"" 5]] [[""A"" 5]] [[""A"" 3]] [[""A"" 3]] [[""A"" 3]] [[""A"" 5]] [[""A"" 3]] [[""A"" 3]] [[""A"" 3]] [[""A"" 3]] [[""A"" 3]] [[""A"" 5]] [[""A"" 3]] [[""A"" 3]] [[""A"" 3]] [[""A"" 3]] [[""A"" 5]] [[""A"" 3]] [[""A"" 1]] [[""A"" 3]] [[""A"" 3]] [[""A"" 3]] [[""A"" 3]]]] [49 [[[""A"" 4]] [[""A"" 4]] [[""A"" 4]] [[""A"" 4]] [[""A"" 4]] [[""A"" 4]] [[""A"" 0]] [[""A"" 4]] [[""A"" 4]] [[""A"" 4]] [[""A"" 0]] [[""A"" 4]] [[""A"" 0]] [[""A"" 0]] [[""A"" 4]] [[""A"" 4]] [[""A"" 4]] [[""A"" 4]] [[""A"" 5]] [[""A"" 4]] [[""A"" 4]] [[""A"" 4]] [[""A"" 4]] [[""A"" 4]] [[""A"" 4]] [[""A"" 4]] [[""A"" 4]] [[""A"" 0]] [[""A"" 4]] [[""A"" 4]] [[""A"" 0]] [[""A"" 4]] [[""A"" 4]] [[""A"" 4]] [[""A"" 4]] [[""A"" 0]] [[""A"" 4]] [[""A"" 4]] [[""A"" 4]] [[""A"" 4]] [[""A"" 4]] [[""A"" 0]] [[""A"" 4]] [[""A"" 0]] [[""A"" 0]] [[""A"" 0]] [[""A"" 0]] [[""A"" 0]] [[""A"" 4]] [[""A"" 4]]]] [50 [[[""A"" 5]] [[""A"" 5]] [[""A"" 5]] [[""A"" 5]] [[""A"" 5]] [[""A"" 5]] [[""A"" 0]] [[""A"" 5]] [[""A"" 5]] [[""A"" 5]] [[""A"" 0]] [[""A"" 0]] [[""A"" 0]] [[""A"" 0]] [[""A"" 5]] [[""A"" 0]] [[""A"" 5]] [[""A"" 0]] [[""A"" 5]] [[""A"" 0]] [[""A"" 0]] [[""A"" 5]] [[""A"" 0]] [[""A"" 5]] [[""A"" 5]] [[""A"" 5]] [[""A"" 5]] [[""A"" 0]] [[""A"" 5]] [[""A"" 5]] [[""A"" 5]] [[""A"" 0]] [[""A"" 5]] [[""A"" 5]] [[""A"" 5]] [[""A"" 3]] [[""A"" 5]] [[""A"" 0]] [[""A"" 5]] [[""A"" 5]] [[""A"" 0]] [[""A"" 0]] [[""A"" 5]] [[""A"" 0]] [[""A"" 0]] [[""A"" 5]] [[""A"" 0]] [[""A"" 5]] [[""A"" 5]] [[""A"" 0]]]] [51 [[[""A"" 5]] [[""A"" 5]] [[""A"" 5]] [[""A"" 5]] [[""A"" 5]] [[""A"" 5]] [[""A"" 0]] [[""A"" 5]] [[""A"" 5]] [[""A"" 5]] [[""A"" 5]] [[""A"" 3]] [[""A"" 5]] [[""A"" 5]] [[""A"" 5]] [[""A"" 5]] [[""A"" 3]] [[""A"" 5]] [[""A"" 5]] [[""A"" 5]] [[""A"" 5]] [[""A"" 5]] [[""A"" 5]] [[""A"" 5]] [[""A"" 5]] [[""A"" 5]] [[""A"" 5]] [[""A"" 5]] [[""A"" 5]] [[""A"" 5]] [[""A"" 5]] [[""A"" 5]] [[""A"" 5]] [[""A"" 5]] [[""A"" 5]] [[""A"" 5]] [[""A"" 5]] [[""A"" 5]] [[""A"" 5]] [[""A"" 5]] [[""A"" 5]] [[""A"" 5]] [[""A"" 5]] [[""A"" 5]] [[""A"" 5]] [[""A"" 5]] [[""A"" 5]] [[""A"" 5]] [[""A"" 5]] [[""A"" 5]]]] [52 [[[""A"" 3]] [[""A"" 3]] [[""A"" 3]] [[""A"" 3]] [[""A"" 6]] [[""A"" 6]] [[""A"" 6]] [[""A"" 3]] [[""A"" 3]] [[""A"" 3]] [[""A"" 3]] [[""A"" 6]] [[""A"" 3]] [[""A"" 6]] [[""A"" 6]] [[""A"" 3]] [[""A"" 3]] [[""A"" 1]] [[""A"" 1]] [[""A"" 3]] [[""A"" 3]] [[""A"" 3]] [[""A"" 3]] [[""A"" 6]] [[""A"" 3]] [[""A"" 3]] [[""A"" 6]] [[""A"" 6]] [[""A"" 3]] [[""A"" 6]] [[""A"" 6]] [[""A"" 3]] [[""A"" 3]] [[""A"" 3]] [[""A"" 3]] [[""A"" 3]] [[""A"" 6]] [[""A"" 6]] [[""A"" 3]] [[""A"" 3]] [[""A"" 1]] [[""A"" 3]] [[""A"" 3]] [[""A"" 3]] [[""A"" 6]] [[""A"" 6]] [[""A"" 6]] [[""A"" 3]] [[""A"" 3]] [[""A"" 3]]]] [53 [[[""A"" 5]] [[""A"" 5]] [[""A"" 5]] [[""A"" 5]] [[""A"" 5]] [[""A"" 5]] [[""A"" 5]] [[""A"" 5]] [[""A"" 5]] [[""A"" 5]] [[""A"" 3]] [[""A"" 5]] [[""A"" 5]] [[""A"" 3]] [[""A"" 3]] [[""A"" 5]] [[""A"" 5]] [[""A"" 5]] [[""A"" 5]] [[""A"" 3]] [[""A"" 5]] [[""A"" 3]] [[""A"" 3]] [[""A"" 5]] [[""A"" 3]] [[""A"" 3]] [[""A"" 3]] [[""A"" 5]] [[""A"" 5]] [[""A"" 5]] [[""A"" 3]] [[""A"" 3]] [[""A"" 5]] [[""A"" 5]] [[""A"" 5]] [[""A"" 5]] [[""A"" 5]] [[""A"" 5]] [[""A"" 5]] [[""A"" 5]] [[""A"" 5]] [[""A"" 5]] [[""A"" 5]] [[""A"" 5]] [[""A"" 5]] [[""A"" 5]] [[""A"" 3]] [[""A"" 3]] [[""A"" 5]] [[""A"" 5]]]] [54 [[[""A"" 5]] [[""A"" 5]] [[""A"" 5]] [[""A"" 5]] [[""A"" 5]] [[""A"" 5]] [[""A"" 5]] [[""A"" 5]] [[""A"" 3]] [[""A"" 3]] [[""A"" 3]] [[""A"" 5]] [[""A"" 5]] [[""A"" 5]] [[""A"" 5]] [[""A"" 5]] [[""A"" 5]] [[""A"" 5]] [[""A"" 5]] [[""A"" 5]] [[""A"" 5]] [[""A"" 3]] [[""A"" 5]] [[""A"" 5]] [[""A"" 5]] [[""A"" 5]] [[""A"" 5]] [[""A"" 5]] [[""A"" 5]] [[""A"" 3]] [[""A"" 5]] [[""A"" 3]] [[""A"" 5]] [[""A"" 3]] [[""A"" 3]] [[""A"" 5]] [[""A"" 5]] [[""A"" 5]] [[""A"" 5]] [[""A"" 3]] [[""A"" 3]] [[""A"" 3]] [[""A"" 5]] [[""A"" 3]] [[""A"" 3]] [[""A"" 5]] [[""A"" 5]] [[""A"" 5]] [[""A"" 5]] [[""A"" 5]]]] [55 [[[""A"" 4]] [[""A"" 2]] [[""A"" 4]] [[""A"" 4]] [[""A"" 4]] [[""A"" 2]] [[""A"" 2]] [[""A"" 2]] [[""A"" 2]] [[""A"" 4]] [[""A"" 4]] [[""A"" 4]] [[""A"" 2]] [[""A"" 2]] [[""A"" 2]] [[""A"" 2]] [[""A"" 4]] [[""A"" 2]] [[""A"" 2]] [[""A"" 2]] [[""A"" 2]] [[""A"" 2]] [[""A"" 2]] [[""A"" 2]] [[""A"" 2]] [[""A"" 2]] [[""A"" 2]] [[""A"" 2]] [[""A"" 2]] [[""A"" 4]] [[""A"" 2]] [[""A"" 4]] [[""A"" 4]] [[""A"" 4]] [[""A"" 2]] [[""A"" 2]] [[""A"" 2]] [[""A"" 2]] [[""A"" 2]] [[""A"" 4]] [[""A"" 2]] [[""A"" 2]] [[""A"" 4]] [[""A"" 4]] [[""A"" 5]] [[""A"" 4]] [[""A"" 4]] [[""A"" 2]] [[""A"" 2]] [[""A"" 2]]]] [56 [[[""A"" 2]] [[""A"" 4]] [[""A"" 4]] [[""A"" 4]] [[""A"" 4]] [[""A"" 2]] [[""A"" 4]] [[""A"" 4]] [[""A"" 4]] [[""A"" 6]] [[""A"" 4]] [[""A"" 4]] [[""A"" 6]] [[""A"" 6]] [[""A"" 2]] [[""A"" 4]] [[""A"" 4]] [[""A"" 2]] [[""A"" 4]] [[""A"" 4]] [[""A"" 4]] [[""A"" 2]] [[""A"" 4]] [[""A"" 6]] [[""A"" 6]] [[""A"" 6]] [[""A"" 4]] [[""A"" 4]] [[""A"" 4]] [[""A"" 4]] [[""A"" 4]] [[""A"" 4]] [[""A"" 4]] [[""A"" 6]] [[""A"" 4]] [[""A"" 4]] [[""A"" 6]] [[""A"" 2]] [[""A"" 6]] [[""A"" 6]] [[""A"" 4]] [[""A"" 2]] [[""A"" 6]] [[""A"" 4]] [[""A"" 4]] [[""A"" 2]] [[""A"" 6]] [[""A"" 4]] [[""A"" 6]] [[""A"" 6]]]] [57 [[[""A"" 3]] [[""A"" 6]] [[""A"" 6]] [[""A"" 6]] [[""A"" 6]] [[""A"" 6]] [[""A"" 6]] [[""A"" 6]] [[""A"" 6]] [[""A"" 6]] [[""A"" 3]] [[""A"" 3]] [[""A"" 6]] [[""A"" 6]] [[""A"" 6]] [[""A"" 6]] [[""A"" 6]] [[""A"" 6]] [[""A"" 6]] [[""A"" 6]] [[""A"" 6]] [[""A"" 3]] [[""A"" 6]] [[""A"" 6]] [[""A"" 6]] [[""A"" 6]] [[""A"" 6]] [[""A"" 6]] [[""A"" 6]] [[""A"" 6]] [[""A"" 6]] [[""A"" 3]] [[""A"" 6]] [[""A"" 6]] [[""A"" 6]] [[""A"" 6]] [[""A"" 6]] [[""A"" 6]] [[""A"" 6]] [[""A"" 6]] [[""A"" 6]] [[""A"" 6]] [[""A"" 6]] [[""A"" 6]] [[""A"" 6]] [[""A"" 3]] [[""A"" 6]] [[""A"" 3]] [[""A"" 6]] [[""A"" 6]]]] [58 [[[""A"" 4]] [[""A"" 3]] [[""A"" 3]] [[""A"" 3]] [[""A"" 3]] [[""A"" 3]] [[""A"" 3]] [[""A"" 3]] [[""A"" 3]] [[""A"" 3]] [[""A"" 3]] [[""A"" 5]] [[""A"" 3]] [[""A"" 3]] [[""A"" 3]] [[""A"" 3]] [[""A"" 3]] [[""A"" 3]] [[""A"" 3]] [[""A"" 3]] [[""A"" 3]] [[""A"" 3]] [[""A"" 3]] [[""A"" 3]] [[""A"" 3]] [[""A"" 3]] [[""A"" 3]] [[""A"" 3]] [[""A"" 3]] [[""A"" 3]] [[""A"" 3]] [[""A"" 3]] [[""A"" 3]] [[""A"" 3]] [[""A"" 3]] [[""A"" 3]] [[""A"" 3]] [[""A"" 3]] [[""A"" 3]] [[""A"" 3]] [[""A"" 3]] [[""A"" 3]] [[""A"" 3]] [[""A"" 3]] [[""A"" 3]] [[""A"" 3]] [[""A"" 3]] [[""A"" 3]] [[""A"" 3]] [[""A"" 3]]]] [59 [[[""A"" 3]] [[""A"" 3]] [[""A"" 3]] [[""A"" 3]] [[""A"" 3]] [[""A"" 3]] [[""A"" 3]] [[""A"" 3]] [[""A"" 3]] [[""A"" 3]] [[""A"" 3]] [[""A"" 3]] [[""A"" 3]] [[""A"" 3]] [[""A"" 3]] [[""A"" 3]] [[""A"" 3]] [[""A"" 3]] [[""A"" 3]] [[""A"" 3]] [[""A"" 3]] [[""A"" 3]] [[""A"" 3]] [[""A"" 3]] [[""A"" 3]] [[""A"" 3]] [[""A"" 3]] [[""A"" 3]] [[""A"" 3]] [[""A"" 3]] [[""A"" 3]] [[""A"" 3]] [[""A"" 3]] [[""A"" 3]] [[""A"" 3]] [[""A"" 3]] [[""A"" 3]] [[""A"" 3]] [[""A"" 3]] [[""A"" 3]] [[""A"" 3]] [[""A"" 3]] [[""A"" 3]] [[""A"" 3]] [[""A"" 3]] [[""A"" 3]] [[""A"" 3]] [[""A"" 3]] [[""A"" 3]] [[""A"" 3]]]] [60 [[[""A"" 3]] [[""A"" 3]] [[""A"" 3]] [[""A"" 3]] [[""A"" 3]] [[""A"" 3]] [[""A"" 3]] [[""A"" 3]] [[""A"" 3]] [[""A"" 3]] [[""A"" 3]] [[""A"" 3]] [[""A"" 3]] [[""A"" 3]] [[""A"" 3]] [[""A"" 3]] [[""A"" 3]] [[""A"" 3]] [[""A"" 3]] [[""A"" 3]] [[""A"" 3]] [[""A"" 3]] [[""A"" 3]] [[""A"" 3]] [[""A"" 3]] [[""A"" 3]] [[""A"" 3]] [[""A"" 3]] [[""A"" 3]] [[""A"" 3]] [[""A"" 3]] [[""A"" 3]] [[""A"" 3]] [[""A"" 3]] [[""A"" 3]] [[""A"" 3]] [[""A"" 3]] [[""A"" 3]] [[""A"" 3]] [[""A"" 3]] [[""A"" 3]] [[""A"" 3]] [[""A"" 3]] [[""A"" 3]] [[""A"" 3]] [[""A"" 3]] [[""A"" 3]] [[""A"" 3]] [[""A"" 3]] [[""A"" 3]]]] [61 [[[""A"" 3]] [[""A"" 3]] [[""A"" 3]] [[""A"" 3]] [[""A"" 3]] [[""A"" 3]] [[""A"" 3]] [[""A"" 3]] [[""A"" 3]] [[""A"" 3]] [[""A"" 3]] [[""A"" 3]] [[""A"" 3]] [[""A"" 3]] [[""A"" 3]] [[""A"" 3]] [[""A"" 3]] [[""A"" 3]] [[""A"" 3]] [[""A"" 3]] [[""A"" 3]] [[""A"" 3]] [[""A"" 3]] [[""A"" 3]] [[""A"" 3]] [[""A"" 3]] [[""A"" 3]] [[""A"" 3]] [[""A"" 3]] [[""A"" 3]] [[""A"" 3]] [[""A"" 3]] [[""A"" 3]] [[""A"" 3]] [[""A"" 3]] [[""A"" 3]] [[""A"" 3]] [[""A"" 3]] [[""A"" 3]] [[""A"" 3]] [[""A"" 3]] [[""A"" 3]] [[""A"" 3]] [[""A"" 3]] [[""A"" 3]] [[""A"" 3]] [[""A"" 3]] [[""A"" 3]] [[""A"" 3]] [[""A"" 3]]]] [62 [[[""A"" 2]] [[""A"" 2]] [[""A"" 2]] [[""A"" 2]] [[""A"" 2]] [[""A"" 2]] [[""A"" 2]] [[""A"" 2]] [[""A"" 2]] [[""A"" 2]] [[""A"" 2]] [[""A"" 2]] [[""A"" 2]] [[""A"" 2]] [[""A"" 2]] [[""A"" 2]] [[""A"" 2]] [[""A"" 2]] [[""A"" 2]] [[""A"" 2]] [[""A"" 2]] [[""A"" 2]] [[""A"" 2]] [[""A"" 2]] [[""A"" 2]] [[""A"" 2]] [[""A"" 2]] [[""A"" 2]] [[""A"" 2]] [[""A"" 2]] [[""A"" 2]] [[""A"" 2]] [[""A"" 2]] [[""A"" 2]] [[""A"" 2]] [[""A"" 2]] [[""A"" 2]] [[""A"" 2]] [[""A"" 2]] [[""A"" 2]] [[""A"" 2]] [[""A"" 2]] [[""A"" 2]] [[""A"" 2]] [[""A"" 2]] [[""A"" 2]] [[""A"" 2]] [[""A"" 2]] [[""A"" 2]] [[""A"" 2]]]] [63 [[[""A"" 3]] [[""A"" 3]] [[""A"" 3]] [[""A"" 3]] [[""A"" 3]] [[""A"" 3]] [[""A"" 3]] [[""A"" 3]] [[""A"" 3]] [[""A"" 3]] [[""A"" 3]] [[""A"" 3]] [[""A"" 3]] [[""A"" 3]] [[""A"" 3]] [[""A"" 3]] [[""A"" 3]] [[""A"" 3]] [[""A"" 3]] [[""A"" 3]] [[""A"" 3]] [[""A"" 3]] [[""A"" 3]] [[""A"" 3]] [[""A"" 3]] [[""A"" 3]] [[""A"" 3]] [[""A"" 3]] [[""A"" 3]] [[""A"" 3]] [[""A"" 3]] [[""A"" 3]] [[""A"" 3]] [[""A"" 3]] [[""A"" 3]] [[""A"" 3]] [[""A"" 3]] [[""A"" 3]] [[""A"" 3]] [[""A"" 3]] [[""A"" 3]] [[""A"" 3]] [[""A"" 3]] [[""A"" 3]] [[""A"" 3]] [[""A"" 3]] [[""A"" 3]] [[""A"" 3]] [[""A"" 3]] [[""A"" 3]]]] [64 [[[""A"" 4]] [[""A"" 4]] [[""A"" 4]] [[""A"" 4]] [[""A"" 4]] [[""A"" 4]] [[""A"" 4]] [[""A"" 4]] [[""A"" 4]] [[""A"" 4]] [[""A"" 4]] [[""A"" 4]] [[""A"" 4]] [[""A"" 4]] [[""A"" 4]] [[""A"" 4]] [[""A"" 4]] [[""A"" 4]] [[""A"" 4]] [[""A"" 4]] [[""A"" 4]] [[""A"" 4]] [[""A"" 4]] [[""A"" 4]] [[""A"" 4]] [[""A"" 4]] [[""A"" 4]] [[""A"" 4]] [[""A"" 4]] [[""A"" 4]] [[""A"" 4]] [[""A"" 4]] [[""A"" 4]] [[""A"" 4]] [[""A"" 4]] [[""A"" 4]] [[""A"" 4]] [[""A"" 4]] [[""A"" 4]] [[""A"" 4]] [[""A"" 4]] [[""A"" 4]] [[""A"" 4]] [[""A"" 4]] [[""A"" 4]] [[""A"" 4]] [[""A"" 3]] [[""A"" 4]] [[""A"" 4]] [[""A"" 4]]]] [65 [[[""A"" 3]] [[""A"" 3]] [[""A"" 3]] [[""A"" 3]] [[""A"" 3]] [[""A"" 3]] [[""A"" 3]] [[""A"" 3]] [[""A"" 3]] [[""A"" 3]] [[""A"" 3]] [[""A"" 3]] [[""A"" 3]] [[""A"" 3]] [[""A"" 3]] [[""A"" 3]] [[""A"" 3]] [[""A"" 3]] [[""A"" 3]] [[""A"" 3]] [[""A"" 3]] [[""A"" 3]] [[""A"" 3]] [[""A"" 3]] [[""A"" 3]] [[""A"" 3]] [[""A"" 3]] [[""A"" 3]] [[""A"" 3]] [[""A"" 3]] [[""A"" 3]] [[""A"" 3]] [[""A"" 3]] [[""A"" 3]] [[""A"" 3]] [[""A"" 3]] [[""A"" 3]] [[""A"" 3]] [[""A"" 3]] [[""A"" 3]] [[""A"" 3]] [[""A"" 3]] [[""A"" 3]] [[""A"" 3]] [[""A"" 3]] [[""A"" 3]] [[""A"" 3]] [[""A"" 3]] [[""A"" 3]] [[""A"" 3]]]] [66 [[[""A"" 4]] [[""A"" 4]] [[""A"" 4]] [[""A"" 4]] [[""A"" 2]] [[""A"" 4]] [[""A"" 2]] [[""A"" 4]] [[""A"" 2]] [[""A"" 4]] [[""A"" 4]] [[""A"" 2]] [[""A"" 2]] [[""A"" 2]] [[""A"" 4]] [[""A"" 2]] [[""A"" 4]] [[""A"" 4]] [[""A"" 4]] [[""A"" 2]] [[""A"" 4]] [[""A"" 4]] [[""A"" 4]] [[""A"" 4]] [[""A"" 2]] [[""A"" 2]] [[""A"" 4]] [[""A"" 2]] [[""A"" 2]] [[""A"" 4]] [[""A"" 2]] [[""A"" 2]] [[""A"" 2]] [[""A"" 4]] [[""A"" 2]] [[""A"" 2]] [[""A"" 4]] [[""A"" 2]] [[""A"" 2]] [[""A"" 2]] [[""A"" 2]] [[""A"" 2]] [[""A"" 2]] [[""A"" 2]] [[""A"" 4]] [[""A"" 4]] [[""A"" 2]] [[""A"" 2]] [[""A"" 4]] [[""A"" 4]]]] [67 [[[""A"" 4]] [[""A"" 4]] [[""A"" 4]] [[""A"" 4]] [[""A"" 4]] [[""A"" 4]] [[""A"" 4]] [[""A"" 4]] [[""A"" 4]] [[""A"" 4]] [[""A"" 4]] [[""A"" 4]] [[""A"" 4]] [[""A"" 4]] [[""A"" 1]] [[""A"" 4]] [[""A"" 4]] [[""A"" 4]] [[""A"" 1]] [[""A"" 4]] [[""A"" 4]] [[""A"" 4]] [[""A"" 4]] [[""A"" 4]] [[""A"" 4]] [[""A"" 1]] [[""A"" 4]] [[""A"" 4]] [[""A"" 4]] [[""A"" 4]] [[""A"" 4]] [[""A"" 4]] [[""A"" 4]] [[""A"" 4]] [[""A"" 1]] [[""A"" 1]] [[""A"" 4]] [[""A"" 4]] [[""A"" 4]] [[""A"" 4]] [[""A"" 4]] [[""A"" 1]] [[""A"" 4]] [[""A"" 4]] [[""A"" 4]] [[""A"" 4]] [[""A"" 4]] [[""A"" 4]] [[""A"" 1]] [[""A"" 4]]]] [68 [[[""A"" 1]] [[""A"" 3]] [[""A"" 5]] [[""A"" 5]] [[""A"" 5]] [[""A"" 5]] [[""A"" 5]] [[""A"" 5]] [[""A"" 3]] [[""A"" 3]] [[""A"" 3]] [[""A"" 3]] [[""A"" 3]] [[""A"" 3]] [[""A"" 3]] [[""A"" 5]] [[""A"" 5]] [[""A"" 3]] [[""A"" 3]] [[""A"" 5]] [[""A"" 1]] [[""A"" 3]] [[""A"" 3]] [[""A"" 3]] [[""A"" 3]] [[""A"" 3]] [[""A"" 3]] [[""A"" 3]] [[""A"" 5]] [[""A"" 3]] [[""A"" 3]] [[""A"" 3]] [[""A"" 1]] [[""A"" 3]] [[""A"" 3]] [[""A"" 1]] [[""A"" 3]] [[""A"" 3]] [[""A"" 5]] [[""A"" 3]] [[""A"" 3]] [[""A"" 3]] [[""A"" 5]] [[""A"" 5]] [[""A"" 1]] [[""A"" 3]] [[""A"" 3]] [[""A"" 1]] [[""A"" 3]] [[""A"" 5]]]] [69 [[[""A"" 4]] [[""A"" 4]] [[""A"" 4]] [[""A"" 4]] [[""A"" 4]] [[""A"" 4]] [[""A"" 4]] [[""A"" 4]] [[""A"" 4]] [[""A"" 1]] [[""A"" 4]] [[""A"" 4]] [[""A"" 4]] [[""A"" 4]] [[""A"" 4]] [[""A"" 4]] [[""A"" 4]] [[""A"" 4]] [[""A"" 4]] [[""A"" 4]] [[""A"" 4]] [[""A"" 4]] [[""A"" 4]] [[""A"" 4]] [[""A"" 4]] [[""A"" 4]] [[""A"" 4]] [[""A"" 4]] [[""A"" 4]] [[""A"" 4]] [[""A"" 4]] [[""A"" 4]] [[""A"" 4]] [[""A"" 4]] [[""A"" 4]] [[""A"" 4]] [[""A"" 4]] [[""A"" 4]] [[""A"" 4]] [[""A"" 4]] [[""A"" 4]] [[""A"" 4]] [[""A"" 4]] [[""A"" 4]] [[""A"" 4]] [[""A"" 4]] [[""A"" 4]] [[""A"" 1]] [[""A"" 4]] [[""A"" 4]]]] [70 [[[""A"" 5]] [[""A"" 3]] [[""A"" 3]] [[""A"" 3]] [[""A"" 5]] [[""A"" 5]] [[""A"" 3]] [[""A"" 5]] [[""A"" 3]] [[""A"" 5]] [[""A"" 5]] [[""A"" 3]] [[""A"" 3]] [[""A"" 3]] [[""A"" 5]] [[""A"" 5]] [[""A"" 3]] [[""A"" 5]] [[""A"" 3]] [[""A"" 3]] [[""A"" 3]] [[""A"" 3]] [[""A"" 5]] [[""A"" 5]] [[""A"" 5]] [[""A"" 3]] [[""A"" 3]] [[""A"" 5]] [[""A"" 3]] [[""A"" 5]] [[""A"" 5]] [[""A"" 3]] [[""A"" 3]] [[""A"" 3]] [[""A"" 3]] [[""A"" 3]] [[""A"" 5]] [[""A"" 3]] [[""A"" 3]] [[""A"" 3]] [[""A"" 5]] [[""A"" 3]] [[""A"" 3]] [[""A"" 5]] [[""A"" 3]] [[""A"" 3]] [[""A"" 3]] [[""A"" 3]] [[""A"" 5]] [[""A"" 5]]]] [71 [[[""A"" 3]] [[""A"" 5]] [[""A"" 5]] [[""A"" 5]] [[""A"" 5]] [[""A"" 5]] [[""A"" 3]] [[""A"" 5]] [[""A"" 5]] [[""A"" 5]] [[""A"" 5]] [[""A"" 5]] [[""A"" 5]] [[""A"" 3]] [[""A"" 5]] [[""A"" 3]] [[""A"" 5]] [[""A"" 3]] [[""A"" 5]] [[""A"" 5]] [[""A"" 5]] [[""A"" 3]] [[""A"" 5]] [[""A"" 5]] [[""A"" 5]] [[""A"" 5]] [[""A"" 5]] [[""A"" 5]] [[""A"" 5]] [[""A"" 5]] [[""A"" 5]] [[""A"" 5]] [[""A"" 5]] [[""A"" 5]] [[""A"" 5]] [[""A"" 3]] [[""A"" 5]] [[""A"" 5]] [[""A"" 5]] [[""A"" 5]] [[""A"" 5]] [[""A"" 3]] [[""A"" 5]] [[""A"" 5]] [[""A"" 5]] [[""A"" 5]] [[""A"" 5]] [[""A"" 3]] [[""A"" 5]] [[""A"" 5]]]] [72 [[[""A"" 5]] [[""A"" 5]] [[""A"" 5]] [[""A"" 5]] [[""A"" 5]] [[""A"" 5]] [[""A"" 5]] [[""A"" 5]] [[""A"" 5]] [[""A"" 5]] [[""A"" 5]] [[""A"" 3]] [[""A"" 3]] [[""A"" 5]] [[""A"" 5]] [[""A"" 5]] [[""A"" 5]] [[""A"" 5]] [[""A"" 3]] [[""A"" 3]] [[""A"" 5]] [[""A"" 5]] [[""A"" 5]] [[""A"" 3]] [[""A"" 5]] [[""A"" 5]] [[""A"" 5]] [[""A"" 5]] [[""A"" 5]] [[""A"" 3]] [[""A"" 3]] [[""A"" 5]] [[""A"" 5]] [[""A"" 3]] [[""A"" 5]] [[""A"" 3]] [[""A"" 3]] [[""A"" 5]] [[""A"" 3]] [[""A"" 5]] [[""A"" 5]] [[""A"" 5]] [[""A"" 5]] [[""A"" 3]] [[""A"" 5]] [[""A"" 5]] [[""A"" 5]] [[""A"" 5]] [[""A"" 5]] [[""A"" 5]]]] [73 [[[""A"" 6]] [[""A"" 6]] [[""A"" 6]] [[""A"" 6]] [[""A"" 6]] [[""A"" 6]] [[""A"" 6]] [[""A"" 6]] [[""A"" 3]] [[""A"" 6]] [[""A"" 6]] [[""A"" 6]] [[""A"" 6]] [[""A"" 6]] [[""A"" 6]] [[""A"" 6]] [[""A"" 6]] [[""A"" 6]] [[""A"" 6]] [[""A"" 6]] [[""A"" 6]] [[""A"" 6]] [[""A"" 6]] [[""A"" 6]] [[""A"" 6]] [[""A"" 6]] [[""A"" 3]] [[""A"" 6]] [[""A"" 6]] [[""A"" 6]] [[""A"" 6]] [[""A"" 6]] [[""A"" 3]] [[""A"" 3]] [[""A"" 6]] [[""A"" 6]] [[""A"" 6]] [[""A"" 6]] [[""A"" 6]] [[""A"" 6]] [[""A"" 6]] [[""A"" 6]] [[""A"" 6]] [[""A"" 6]] [[""A"" 6]] [[""A"" 6]] [[""A"" 6]] [[""A"" 3]] [[""A"" 6]] [[""A"" 6]]]] [74 [[[""A"" 3]] [[""A"" 6]] [[""A"" 3]] [[""A"" 3]] [[""A"" 6]] [[""A"" 3]] [[""A"" 3]] [[""A"" 3]] [[""A"" 3]] [[""A"" 6]] [[""A"" 3]] [[""A"" 3]] [[""A"" 6]] [[""A"" 6]] [[""A"" 3]] [[""A"" 3]] [[""A"" 3]] [[""A"" 3]] [[""A"" 3]] [[""A"" 6]] [[""A"" 6]] [[""A"" 3]] [[""A"" 3]] [[""A"" 3]] [[""A"" 3]] [[""A"" 3]] [[""A"" 3]] [[""A"" 3]] [[""A"" 3]] [[""A"" 6]] [[""A"" 3]] [[""A"" 3]] [[""A"" 3]] [[""A"" 3]] [[""A"" 3]] [[""A"" 3]] [[""A"" 3]] [[""A"" 3]] [[""A"" 6]] [[""A"" 3]] [[""A"" 3]] [[""A"" 3]] [[""A"" 3]] [[""A"" 6]] [[""A"" 3]] [[""A"" 6]] [[""A"" 3]] [[""A"" 3]] [[""A"" 6]] [[""A"" 3]]]] [75 [[[""A"" 3]] [[""A"" 5]] [[""A"" 5]] [[""A"" 5]] [[""A"" 5]] [[""A"" 5]] [[""A"" 5]] [[""A"" 5]] [[""A"" 5]] [[""A"" 5]] [[""A"" 5]] [[""A"" 5]] [[""A"" 5]] [[""A"" 5]] [[""A"" 5]] [[""A"" 5]] [[""A"" 5]] [[""A"" 5]] [[""A"" 5]] [[""A"" 5]] [[""A"" 5]] [[""A"" 5]] [[""A"" 5]] [[""A"" 5]] [[""A"" 5]] [[""A"" 5]] [[""A"" 5]] [[""A"" 5]] [[""A"" 5]] [[""A"" 5]] [[""A"" 5]] [[""A"" 5]] [[""A"" 5]] [[""A"" 5]] [[""A"" 5]] [[""A"" 5]] [[""A"" 6]] [[""A"" 5]] [[""A"" 5]] [[""A"" 5]] [[""A"" 3]] [[""A"" 5]] [[""A"" 5]] [[""A"" 5]] [[""A"" 5]] [[""A"" 3]] [[""A"" 5]] [[""A"" 5]] [[""A"" 5]] [[""A"" 5]]]] [76 [[[""A"" 6]] [[""A"" 6]] [[""A"" 6]] [[""A"" 6]] [[""A"" 6]] [[""A"" 6]] [[""A"" 6]] [[""A"" 6]] [[""A"" 6]] [[""A"" 5]] [[""A"" 6]] [[""A"" 6]] [[""A"" 6]] [[""A"" 6]] [[""A"" 6]] [[""A"" 6]] [[""A"" 6]] [[""A"" 6]] [[""A"" 6]] [[""A"" 6]] [[""A"" 6]] [[""A"" 6]] [[""A"" 6]] [[""A"" 6]] [[""A"" 6]] [[""A"" 6]] [[""A"" 6]] [[""A"" 6]] [[""A"" 6]] [[""A"" 6]] [[""A"" 6]] [[""A"" 6]] [[""A"" 6]] [[""A"" 6]] [[""A"" 6]] [[""A"" 6]] [[""A"" 6]] [[""A"" 6]] [[""A"" 4]] [[""A"" 6]] [[""A"" 6]] [[""A"" 6]] [[""A"" 6]] [[""A"" 6]] [[""A"" 6]] [[""A"" 6]] [[""A"" 6]] [[""A"" 6]] [[""A"" 3]] [[""A"" 6]]]] [77 [[[""A"" 3]] [[""A"" 3]] [[""A"" 3]] [[""A"" 3]] [[""A"" 3]] [[""A"" 3]] [[""A"" 3]] [[""A"" 3]] [[""A"" 3]] [[""A"" 3]] [[""A"" 3]] [[""A"" 3]] [[""A"" 3]] [[""A"" 6]] [[""A"" 3]] [[""A"" 3]] [[""A"" 6]] [[""A"" 3]] [[""A"" 3]] [[""A"" 3]] [[""A"" 3]] [[""A"" 6]] [[""A"" 6]] [[""A"" 3]] [[""A"" 3]] [[""A"" 3]] [[""A"" 6]] [[""A"" 3]] [[""A"" 3]] [[""A"" 3]] [[""A"" 3]] [[""A"" 3]] [[""A"" 6]] [[""A"" 6]] [[""A"" 3]] [[""A"" 3]] [[""A"" 3]] [[""A"" 6]] [[""A"" 3]] [[""A"" 3]] [[""A"" 3]] [[""A"" 3]] [[""A"" 3]] [[""A"" 3]] [[""A"" 3]] [[""A"" 6]] [[""A"" 3]] [[""A"" 3]] [[""A"" 3]] [[""A"" 3]]]] [78 [[[""A"" 2]] [[""A"" 5]] [[""A"" 5]] [[""A"" 2]] [[""A"" 5]] [[""A"" 5]] [[""A"" 5]] [[""A"" 2]] [[""A"" 5]] [[""A"" 2]] [[""A"" 2]] [[""A"" 5]] [[""A"" 2]] [[""A"" 2]] [[""A"" 5]] [[""A"" 5]] [[""A"" 5]] [[""A"" 5]] [[""A"" 5]] [[""A"" 2]] [[""A"" 2]] [[""A"" 2]] [[""A"" 5]] [[""A"" 2]] [[""A"" 5]] [[""A"" 2]] [[""A"" 2]] [[""A"" 5]] [[""A"" 2]] [[""A"" 2]] [[""A"" 5]] [[""A"" 5]] [[""A"" 5]] [[""A"" 2]] [[""A"" 5]] [[""A"" 5]] [[""A"" 5]] [[""A"" 5]] [[""A"" 5]] [[""A"" 5]] [[""A"" 2]] [[""A"" 2]] [[""A"" 5]] [[""A"" 5]] [[""A"" 5]] [[""A"" 5]] [[""A"" 2]] [[""A"" 2]] [[""A"" 5]] [[""A"" 5]]]] [79 [[[""A"" 6]] [[""A"" 6]] [[""A"" 3]] [[""A"" 6]] [[""A"" 6]] [[""A"" 3]] [[""A"" 6]] [[""A"" 6]] [[""A"" 6]] [[""A"" 6]] [[""A"" 3]] [[""A"" 6]] [[""A"" 6]] [[""A"" 3]] [[""A"" 6]] [[""A"" 6]] [[""A"" 3]] [[""A"" 6]] [[""A"" 6]] [[""A"" 3]] [[""A"" 3]] [[""A"" 6]] [[""A"" 3]] [[""A"" 3]] [[""A"" 6]] [[""A"" 3]] [[""A"" 3]] [[""A"" 6]] [[""A"" 3]] [[""A"" 6]] [[""A"" 6]] [[""A"" 3]] [[""A"" 6]] [[""A"" 3]] [[""A"" 3]] [[""A"" 3]] [[""A"" 6]] [[""A"" 3]] [[""A"" 3]] [[""A"" 6]] [[""A"" 3]] [[""A"" 6]] [[""A"" 6]] [[""A"" 3]] [[""A"" 3]] [[""A"" 3]] [[""A"" 6]] [[""A"" 3]] [[""A"" 6]] [[""A"" 6]]]] [80 [[[""A"" 5]] [[""A"" 2]] [[""A"" 5]] [[""A"" 5]] [[""A"" 5]] [[""A"" 5]] [[""A"" 2]] [[""A"" 5]] [[""A"" 5]] [[""A"" 2]] [[""A"" 2]] [[""A"" 5]] [[""A"" 2]] [[""A"" 5]] [[""A"" 5]] [[""A"" 5]] [[""A"" 2]] [[""A"" 2]] [[""A"" 2]] [[""A"" 2]] [[""A"" 2]] [[""A"" 5]] [[""A"" 5]] [[""A"" 5]] [[""A"" 5]] [[""A"" 5]] [[""A"" 5]] [[""A"" 2]] [[""A"" 5]] [[""A"" 2]] [[""A"" 5]] [[""A"" 5]] [[""A"" 2]] [[""A"" 5]] [[""A"" 5]] [[""A"" 5]] [[""A"" 5]] [[""A"" 2]] [[""A"" 5]] [[""A"" 5]] [[""A"" 3]] [[""A"" 2]] [[""A"" 2]] [[""A"" 2]] [[""A"" 5]] [[""A"" 5]] [[""A"" 5]] [[""A"" 5]] [[""A"" 5]] [[""A"" 5]]]] [81 [[[""A"" 3]] [[""A"" 3]] [[""A"" 3]] [[""A"" 6]] [[""A"" 3]] [[""A"" 6]] [[""A"" 3]] [[""A"" 3]] [[""A"" 6]] [[""A"" 3]] [[""A"" 3]] [[""A"" 3]] [[""A"" 6]] [[""A"" 3]] [[""A"" 6]] [[""A"" 3]] [[""A"" 6]] [[""A"" 3]] [[""A"" 3]] [[""A"" 3]] [[""A"" 6]] [[""A"" 3]] [[""A"" 6]] [[""A"" 3]] [[""A"" 6]] [[""A"" 3]] [[""A"" 3]] [[""A"" 6]] [[""A"" 6]] [[""A"" 3]] [[""A"" 3]] [[""A"" 3]] [[""A"" 3]] [[""A"" 3]] [[""A"" 3]] [[""A"" 6]] [[""A"" 6]] [[""A"" 6]] [[""A"" 3]] [[""A"" 6]] [[""A"" 3]] [[""A"" 6]] [[""A"" 6]] [[""A"" 6]] [[""A"" 6]] [[""A"" 3]] [[""A"" 3]] [[""A"" 3]] [[""A"" 6]] [[""A"" 6]]]] [82 [[[""A"" 3]] [[""A"" 3]] [[""A"" 3]] [[""A"" 3]] [[""A"" 3]] [[""A"" 3]] [[""A"" 6]] [[""A"" 3]] [[""A"" 6]] [[""A"" 6]] [[""A"" 6]] [[""A"" 6]] [[""A"" 3]] [[""A"" 6]] [[""A"" 6]] [[""A"" 3]] [[""A"" 3]] [[""A"" 6]] [[""A"" 3]] [[""A"" 6]] [[""A"" 3]] [[""A"" 3]] [[""A"" 3]] [[""A"" 6]] [[""A"" 3]] [[""A"" 3]] [[""A"" 6]] [[""A"" 6]] [[""A"" 3]] [[""A"" 3]] [[""A"" 3]] [[""A"" 3]] [[""A"" 6]] [[""A"" 3]] [[""A"" 3]] [[""A"" 3]] [[""A"" 3]] [[""A"" 3]] [[""A"" 3]] [[""A"" 3]] [[""A"" 3]] [[""A"" 3]] [[""A"" 6]] [[""A"" 6]] [[""A"" 3]] [[""A"" 3]] [[""A"" 3]] [[""A"" 6]] [[""A"" 3]] [[""A"" 3]]]] [83 [[[""A"" 6]] [[""A"" 4]] [[""A"" 4]] [[""A"" 4]] [[""A"" 4]] [[""A"" 6]] [[""A"" 3]] [[""A"" 4]] [[""A"" 4]] [[""A"" 4]] [[""A"" 4]] [[""A"" 6]] [[""A"" 4]] [[""A"" 4]] [[""A"" 6]] [[""A"" 6]] [[""A"" 6]] [[""A"" 4]] [[""A"" 6]] [[""A"" 6]] [[""A"" 6]] [[""A"" 6]] [[""A"" 4]] [[""A"" 4]] [[""A"" 6]] [[""A"" 6]] [[""A"" 6]] [[""A"" 6]] [[""A"" 4]] [[""A"" 4]] [[""A"" 6]] [[""A"" 6]] [[""A"" 6]] [[""A"" 6]] [[""A"" 6]] [[""A"" 4]] [[""A"" 6]] [[""A"" 4]] [[""A"" 6]] [[""A"" 6]] [[""A"" 4]] [[""A"" 4]] [[""A"" 6]] [[""A"" 4]] [[""A"" 6]] [[""A"" 6]] [[""A"" 6]] [[""A"" 4]] [[""A"" 4]] [[""A"" 4]]]] [84 [[[""A"" 3]] [[""A"" 5]] [[""A"" 3]] [[""A"" 3]] [[""A"" 5]] [[""A"" 5]] [[""A"" 3]] [[""A"" 5]] [[""A"" 5]] [[""A"" 3]] [[""A"" 5]] [[""A"" 5]] [[""A"" 5]] [[""A"" 3]] [[""A"" 5]] [[""A"" 5]] [[""A"" 3]] [[""A"" 5]] [[""A"" 5]] [[""A"" 5]] [[""A"" 3]] [[""A"" 5]] [[""A"" 5]] [[""A"" 5]] [[""A"" 5]] [[""A"" 5]] [[""A"" 5]] [[""A"" 3]] [[""A"" 5]] [[""A"" 5]] [[""A"" 3]] [[""A"" 3]] [[""A"" 3]] [[""A"" 5]] [[""A"" 3]] [[""A"" 3]] [[""A"" 5]] [[""A"" 5]] [[""A"" 3]] [[""A"" 5]] [[""A"" 3]] [[""A"" 3]] [[""A"" 5]] [[""A"" 3]] [[""A"" 5]] [[""A"" 5]] [[""A"" 3]] [[""A"" 5]] [[""A"" 3]] [[""A"" 5]]]] [85 [[[""A"" 3]] [[""A"" 5]] [[""A"" 3]] [[""A"" 3]] [[""A"" 3]] [[""A"" 3]] [[""A"" 6]] [[""A"" 3]] [[""A"" 5]] [[""A"" 6]] [[""A"" 5]] [[""A"" 5]] [[""A"" 5]] [[""A"" 3]] [[""A"" 3]] [[""A"" 3]] [[""A"" 3]] [[""A"" 3]] [[""A"" 3]] [[""A"" 3]] [[""A"" 3]] [[""A"" 3]] [[""A"" 3]] [[""A"" 3]] [[""A"" 3]] [[""A"" 5]] [[""A"" 5]] [[""A"" 5]] [[""A"" 2]] [[""A"" 3]] [[""A"" 3]] [[""A"" 3]] [[""A"" 3]] [[""A"" 5]] [[""A"" 3]] [[""A"" 3]] [[""A"" 3]] [[""A"" 5]] [[""A"" 3]] [[""A"" 3]] [[""A"" 3]] [[""A"" 3]] [[""A"" 3]] [[""A"" 6]] [[""A"" 5]] [[""A"" 5]] [[""A"" 3]] [[""A"" 3]] [[""A"" 5]] [[""A"" 5]]]] [86 [[[""A"" 3]] [[""A"" 3]] [[""A"" 3]] [[""A"" 3]] [[""A"" 3]] [[""A"" 3]] [[""A"" 3]] [[""A"" 3]] [[""A"" 3]] [[""A"" 3]] [[""A"" 3]] [[""A"" 3]] [[""A"" 3]] [[""A"" 3]] [[""A"" 3]] [[""A"" 3]] [[""A"" 3]] [[""A"" 3]] [[""A"" 3]] [[""A"" 3]] [[""A"" 3]] [[""A"" 3]] [[""A"" 3]] [[""A"" 3]] [[""A"" 5]] [[""A"" 3]] [[""A"" 3]] [[""A"" 3]] [[""A"" 3]] [[""A"" 3]] [[""A"" 3]] [[""A"" 3]] [[""A"" 3]] [[""A"" 3]] [[""A"" 3]] [[""A"" 3]] [[""A"" 3]] [[""A"" 3]] [[""A"" 3]] [[""A"" 3]] [[""A"" 3]] [[""A"" 3]] [[""A"" 3]] [[""A"" 3]] [[""A"" 3]] [[""A"" 3]] [[""A"" 4]] [[""A"" 3]] [[""A"" 3]] [[""A"" 3]]]] [87 [[[""A"" 5]] [[""A"" 5]] [[""A"" 5]] [[""A"" 5]] [[""A"" 5]] [[""A"" 5]] [[""A"" 5]] [[""A"" 5]] [[""A"" 5]] [[""A"" 5]] [[""A"" 3]] [[""A"" 5]] [[""A"" 3]] [[""A"" 5]] [[""A"" 5]] [[""A"" 3]] [[""A"" 3]] [[""A"" 5]] [[""A"" 5]] [[""A"" 5]] [[""A"" 3]] [[""A"" 5]] [[""A"" 3]] [[""A"" 5]] [[""A"" 5]] [[""A"" 5]] [[""A"" 5]] [[""A"" 5]] [[""A"" 5]] [[""A"" 5]] [[""A"" 5]] [[""A"" 3]] [[""A"" 5]] [[""A"" 5]] [[""A"" 5]] [[""A"" 3]] [[""A"" 3]] [[""A"" 3]] [[""A"" 5]] [[""A"" 5]] [[""A"" 5]] [[""A"" 5]] [[""A"" 5]] [[""A"" 3]] [[""A"" 5]] [[""A"" 5]] [[""A"" 5]] [[""A"" 5]] [[""A"" 5]] [[""A"" 5]]]] [88 [[[""A"" 5]] [[""A"" 3]] [[""A"" 5]] [[""A"" 5]] [[""A"" 5]] [[""A"" 5]] [[""A"" 5]] [[""A"" 5]] [[""A"" 5]] [[""A"" 3]] [[""A"" 5]] [[""A"" 5]] [[""A"" 5]] [[""A"" 3]] [[""A"" 5]] [[""A"" 5]] [[""A"" 5]] [[""A"" 5]] [[""A"" 3]] [[""A"" 3]] [[""A"" 5]] [[""A"" 5]] [[""A"" 5]] [[""A"" 5]] [[""A"" 3]] [[""A"" 5]] [[""A"" 3]] [[""A"" 5]] [[""A"" 3]] [[""A"" 5]] [[""A"" 5]] [[""A"" 5]] [[""A"" 3]] [[""A"" 5]] [[""A"" 3]] [[""A"" 5]] [[""A"" 5]] [[""A"" 5]] [[""A"" 5]] [[""A"" 5]] [[""A"" 3]] [[""A"" 5]] [[""A"" 3]] [[""A"" 5]] [[""A"" 5]] [[""A"" 5]] [[""A"" 5]] [[""A"" 5]] [[""A"" 5]] [[""A"" 3]]]] [89 [[[""A"" 6]] [[""A"" 6]] [[""A"" 3]] [[""A"" 6]] [[""A"" 6]] [[""A"" 6]] [[""A"" 3]] [[""A"" 3]] [[""A"" 6]] [[""A"" 6]] [[""A"" 6]] [[""A"" 6]] [[""A"" 6]] [[""A"" 6]] [[""A"" 6]] [[""A"" 6]] [[""A"" 6]] [[""A"" 6]] [[""A"" 3]] [[""A"" 3]] [[""A"" 6]] [[""A"" 6]] [[""A"" 6]] [[""A"" 6]] [[""A"" 3]] [[""A"" 6]] [[""A"" 6]] [[""A"" 3]] [[""A"" 6]] [[""A"" 3]] [[""A"" 6]] [[""A"" 3]] [[""A"" 6]] [[""A"" 6]] [[""A"" 6]] [[""A"" 6]] [[""A"" 6]] [[""A"" 6]] [[""A"" 6]] [[""A"" 3]] [[""A"" 6]] [[""A"" 6]] [[""A"" 3]] [[""A"" 6]] [[""A"" 3]] [[""A"" 3]] [[""A"" 6]] [[""A"" 6]] [[""A"" 6]] [[""A"" 6]]]] [90 [[[""A"" 5]] [[""A"" 5]] [[""A"" 5]] [[""A"" 5]] [[""A"" 3]] [[""A"" 5]] [[""A"" 3]] [[""A"" 3]] [[""A"" 5]] [[""A"" 5]] [[""A"" 5]] [[""A"" 5]] [[""A"" 3]] [[""A"" 5]] [[""A"" 5]] [[""A"" 5]] [[""A"" 5]] [[""A"" 5]] [[""A"" 5]] [[""A"" 5]] [[""A"" 3]] [[""A"" 5]] [[""A"" 5]] [[""A"" 5]] [[""A"" 3]] [[""A"" 5]] [[""A"" 5]] [[""A"" 5]] [[""A"" 5]] [[""A"" 5]] [[""A"" 5]] [[""A"" 5]] [[""A"" 3]] [[""A"" 5]] [[""A"" 5]] [[""A"" 5]] [[""A"" 5]] [[""A"" 5]] [[""A"" 5]] [[""A"" 3]] [[""A"" 5]] [[""A"" 5]] [[""A"" 3]] [[""A"" 5]] [[""A"" 5]] [[""A"" 5]] [[""A"" 5]] [[""A"" 3]] [[""A"" 5]] [[""A"" 5]]]] [91 [[[""A"" 3]] [[""A"" 5]] [[""A"" 3]] [[""A"" 3]] [[""A"" 2]] [[""A"" 5]] [[""A"" 3]] [[""A"" 5]] [[""A"" 3]] [[""A"" 5]] [[""A"" 5]] [[""A"" 5]] [[""A"" 5]] [[""A"" 3]] [[""A"" 5]] [[""A"" 5]] [[""A"" 5]] [[""A"" 3]] [[""A"" 3]] [[""A"" 3]] [[""A"" 5]] [[""A"" 5]] [[""A"" 5]] [[""A"" 5]] [[""A"" 5]] [[""A"" 5]] [[""A"" 5]] [[""A"" 5]] [[""A"" 3]] [[""A"" 5]] [[""A"" 5]] [[""A"" 3]] [[""A"" 3]] [[""A"" 3]] [[""A"" 3]] [[""A"" 5]] [[""A"" 5]] [[""A"" 5]] [[""A"" 5]] [[""A"" 5]] [[""A"" 3]] [[""A"" 5]] [[""A"" 3]] [[""A"" 3]] [[""A"" 5]] [[""A"" 5]] [[""A"" 3]] [[""A"" 5]] [[""A"" 3]] [[""A"" 5]]]] [92 [[[""A"" 3]] [[""A"" 5]] [[""A"" 3]] [[""A"" 3]] [[""A"" 3]] [[""A"" 3]] [[""A"" 5]] [[""A"" 3]] [[""A"" 5]] [[""A"" 5]] [[""A"" 3]] [[""A"" 5]] [[""A"" 3]] [[""A"" 5]] [[""A"" 5]] [[""A"" 5]] [[""A"" 5]] [[""A"" 5]] [[""A"" 3]] [[""A"" 5]] [[""A"" 3]] [[""A"" 5]] [[""A"" 3]] [[""A"" 3]] [[""A"" 3]] [[""A"" 3]] [[""A"" 1]] [[""A"" 3]] [[""A"" 5]] [[""A"" 1]] [[""A"" 5]] [[""A"" 3]] [[""A"" 1]] [[""A"" 3]] [[""A"" 3]] [[""A"" 5]] [[""A"" 3]] [[""A"" 5]] [[""A"" 5]] [[""A"" 5]] [[""A"" 3]] [[""A"" 3]] [[""A"" 1]] [[""A"" 5]] [[""A"" 5]] [[""A"" 3]] [[""A"" 5]] [[""A"" 5]] [[""A"" 3]] [[""A"" 3]]]] [93 [[[""A"" 5]] [[""A"" 5]] [[""A"" 5]] [[""A"" 5]] [[""A"" 5]] [[""A"" 5]] [[""A"" 5]] [[""A"" 5]] [[""A"" 5]] [[""A"" 5]] [[""A"" 5]] [[""A"" 5]] [[""A"" 5]] [[""A"" 5]] [[""A"" 3]] [[""A"" 5]] [[""A"" 5]] [[""A"" 5]] [[""A"" 5]] [[""A"" 5]] [[""A"" 5]] [[""A"" 5]] [[""A"" 5]] [[""A"" 5]] [[""A"" 3]] [[""A"" 3]] [[""A"" 5]] [[""A"" 5]] [[""A"" 5]] [[""A"" 5]] [[""A"" 5]] [[""A"" 5]] [[""A"" 5]] [[""A"" 5]] [[""A"" 5]] [[""A"" 5]] [[""A"" 5]] [[""A"" 5]] [[""A"" 5]] [[""A"" 5]] [[""A"" 5]] [[""A"" 5]] [[""A"" 5]] [[""A"" 5]] [[""A"" 5]] [[""A"" 5]] [[""A"" 5]] [[""A"" 5]] [[""A"" 5]] [[""A"" 3]]]] [94 [[[""A"" 4]] [[""A"" 4]] [[""A"" 2]] [[""A"" 4]] [[""A"" 2]] [[""A"" 2]] [[""A"" 6]] [[""A"" 2]] [[""A"" 4]] [[""A"" 6]] [[""A"" 2]] [[""A"" 2]] [[""A"" 2]] [[""A"" 2]] [[""A"" 2]] [[""A"" 6]] [[""A"" 2]] [[""A"" 4]] [[""A"" 6]] [[""A"" 2]] [[""A"" 6]] [[""A"" 4]] [[""A"" 6]] [[""A"" 2]] [[""A"" 4]] [[""A"" 6]] [[""A"" 6]] [[""A"" 4]] [[""A"" 2]] [[""A"" 4]] [[""A"" 6]] [[""A"" 2]] [[""A"" 2]] [[""A"" 6]] [[""A"" 6]] [[""A"" 2]] [[""A"" 2]] [[""A"" 2]] [[""A"" 4]] [[""A"" 2]] [[""A"" 2]] [[""A"" 6]] [[""A"" 2]] [[""A"" 6]] [[""A"" 6]] [[""A"" 2]] [[""A"" 6]] [[""A"" 6]] [[""A"" 2]] [[""A"" 2]]]] [95 [[[""A"" 3]] [[""A"" 6]] [[""A"" 3]] [[""A"" 6]] [[""A"" 3]] [[""A"" 6]] [[""A"" 3]] [[""A"" 3]] [[""A"" 3]] [[""A"" 6]] [[""A"" 3]] [[""A"" 6]] [[""A"" 3]] [[""A"" 6]] [[""A"" 6]] [[""A"" 3]] [[""A"" 6]] [[""A"" 3]] [[""A"" 3]] [[""A"" 3]] [[""A"" 3]] [[""A"" 3]] [[""A"" 6]] [[""A"" 3]] [[""A"" 6]] [[""A"" 3]] [[""A"" 3]] [[""A"" 3]] [[""A"" 1]] [[""A"" 6]] [[""A"" 3]] [[""A"" 3]] [[""A"" 1]] [[""A"" 6]] [[""A"" 3]] [[""A"" 3]] [[""A"" 3]] [[""A"" 6]] [[""A"" 3]] [[""A"" 3]] [[""A"" 6]] [[""A"" 3]] [[""A"" 6]] [[""A"" 6]] [[""A"" 3]] [[""A"" 3]] [[""A"" 6]] [[""A"" 3]] [[""A"" 3]] [[""A"" 6]]]] [96 [[[""A"" 6]] [[""A"" 6]] [[""A"" 6]] [[""A"" 6]] [[""A"" 6]] [[""A"" 6]] [[""A"" 6]] [[""A"" 6]] [[""A"" 6]] [[""A"" 6]] [[""A"" 6]] [[""A"" 6]] [[""A"" 6]] [[""A"" 3]] [[""A"" 6]] [[""A"" 6]] [[""A"" 6]] [[""A"" 6]] [[""A"" 6]] [[""A"" 3]] [[""A"" 6]] [[""A"" 6]] [[""A"" 6]] [[""A"" 6]] [[""A"" 6]] [[""A"" 6]] [[""A"" 6]] [[""A"" 6]] [[""A"" 6]] [[""A"" 6]] [[""A"" 6]] [[""A"" 6]] [[""A"" 6]] [[""A"" 6]] [[""A"" 6]] [[""A"" 6]] [[""A"" 6]] [[""A"" 6]] [[""A"" 6]] [[""A"" 6]] [[""A"" 6]] [[""A"" 6]] [[""A"" 6]] [[""A"" 6]] [[""A"" 6]] [[""A"" 6]] [[""A"" 6]] [[""A"" 6]] [[""A"" 6]] [[""A"" 3]]]] [97 [[[""A"" 4]] [[""A"" 4]] [[""A"" 4]] [[""A"" 4]] [[""A"" 4]] [[""A"" 4]] [[""A"" 4]] [[""A"" 4]] [[""A"" 4]] [[""A"" 4]] [[""A"" 4]] [[""A"" 4]] [[""A"" 4]] [[""A"" 4]] [[""A"" 4]] [[""A"" 4]] [[""A"" 5]] [[""A"" 4]] [[""A"" 4]] [[""A"" 4]] [[""A"" 4]] [[""A"" 4]] [[""A"" 4]] [[""A"" 4]] [[""A"" 4]] [[""A"" 4]] [[""A"" 4]] [[""A"" 4]] [[""A"" 4]] [[""A"" 4]] [[""A"" 4]] [[""A"" 4]] [[""A"" 4]] [[""A"" 4]] [[""A"" 4]] [[""A"" 4]] [[""A"" 4]] [[""A"" 4]] [[""A"" 4]] [[""A"" 4]] [[""A"" 4]] [[""A"" 4]] [[""A"" 4]] [[""A"" 4]] [[""A"" 4]] [[""A"" 4]] [[""A"" 4]] [[""A"" 4]] [[""A"" 4]] [[""A"" 4]]]] [98 [[[""A"" 6]] [[""A"" 6]] [[""A"" 3]] [[""A"" 6]] [[""A"" 6]] [[""A"" 6]] [[""A"" 6]] [[""A"" 6]] [[""A"" 6]] [[""A"" 6]] [[""A"" 6]] [[""A"" 6]] [[""A"" 6]] [[""A"" 6]] [[""A"" 6]] [[""A"" 6]] [[""A"" 6]] [[""A"" 6]] [[""A"" 6]] [[""A"" 6]] [[""A"" 6]] [[""A"" 6]] [[""A"" 6]] [[""A"" 6]] [[""A"" 6]] [[""A"" 6]] [[""A"" 6]] [[""A"" 6]] [[""A"" 6]] [[""A"" 6]] [[""A"" 6]] [[""A"" 6]] [[""A"" 6]] [[""A"" 6]] [[""A"" 6]] [[""A"" 6]] [[""A"" 6]] [[""A"" 6]] [[""A"" 6]] [[""A"" 6]] [[""A"" 6]] [[""A"" 6]] [[""A"" 6]] [[""A"" 6]] [[""A"" 6]] [[""A"" 6]] [[""A"" 6]] [[""A"" 6]] [[""A"" 6]] [[""A"" 6]]]] [99 [[[""A"" 5]] [[""A"" 5]] [[""A"" 5]] [[""A"" 5]] [[""A"" 6]] [[""A"" 5]] [[""A"" 5]] [[""A"" 5]] [[""A"" 5]] [[""A"" 5]] [[""A"" 5]] [[""A"" 5]] [[""A"" 5]] [[""A"" 5]] [[""A"" 5]] [[""A"" 5]] [[""A"" 5]] [[""A"" 5]] [[""A"" 5]] [[""A"" 5]] [[""A"" 5]] [[""A"" 5]] [[""A"" 5]] [[""A"" 5]] [[""A"" 5]] [[""A"" 5]] [[""A"" 5]] [[""A"" 5]] [[""A"" 5]] [[""A"" 5]] [[""A"" 5]] [[""A"" 5]] [[""A"" 5]] [[""A"" 5]] [[""A"" 5]] [[""A"" 5]] [[""A"" 5]] [[""A"" 5]] [[""A"" 5]] [[""A"" 5]] [[""A"" 5]] [[""A"" 5]] [[""A"" 5]] [[""A"" 5]] [[""A"" 5]] [[""A"" 5]] [[""A"" 5]] [[""A"" 5]] [[""A"" 5]] [[""A"" 5]]]]]","""discrete""","3","1","2","1","true","""polarized""","[""A""]","0.1","true","[]","""average-bel""","true","4","true","""sigmoid-stubborn""","20","false","2","true","0.35","""C:/Users/cknox02/Documents/nicks outputs25-Feb-2023-parameter-sweep-low-res/2/broadcast-brain/uniform/15/polarized/0.5/0.75/2/3""","false","1500","0","0.05","false","""barabasi-albert""","""broadcast-brain""","5","""[[0.6,0.16,0.24],\n  [0.40,0.2,0.4],\n  [0.21,0.14,0.65]]""","""C:/Users/cknox02/Documents/nicks outputs25-Feb-2023-parameter-sweep-low-res/graphs/2-broadcast-brain-uniform-15-polarized-0.5-0.75-2-3.csv""","true","0","""default""","false","true","true","1","3","1","""distribution""","""uniform""","""three-polarized""","15","""D:/school/grad-school/Tufts/research/cog-contagion-media-ecosystem/ecosystems/""","""gradual""","1","""D:/school/grad-school/Tufts/research/cog-contagion-media-ecosystem/messaging-data/""","0","50","3","""C:/Users/cknox02/Documents/nicks outputs25-Feb-2023-parameter-sweep-low-res/graphs/2-broadcast-brain-uniform-15-polarized-0.25-0.75-10-1.csv""","0","true","true","true","""C:/Users/cknox02/Documents/nicks outputs""","0.15","""cognitive""","20","100","[[""Q1"" [""A""]]]","5","0.5","0.5","0.75"

"TURTLES"
"who","color","heading","xcor","ycor","shape","label","label-color","breed","hidden?","size","pen-size","pen-mode","idee","brain","messages-heard","messages-believed","messages-sent","agent-messages-memory"
"0","[85 0 170]","30","2.175423596948227","4.030316031395068","""circle""","""""","9.9","{breed citizens}","false","0.5","1","""up""",,"[[""ID"" 0] [""alpha"" 1] [""beta"" 1] [""malleable"" [""A""]] [""prior"" []] [""cont_tokens"" []] [""A"" 4]]","[[0 [0 5 6 10 12]] [1 [16 17 18 19 21 22 23 24 25 26 27 29]] [2 [30 31 32 33 35 36 37 39 40 41 42 43 44]] [3 [45 46 47 48 49 50 51 52 54 56 57 58 59]] [4 [61 62 63 65 66 67 68 69 70 71 72 74]] [5 [75 76 77 78 79 80 81 82 83 84 85 86 88]] [6 [90 91 93 94 95 96 97 98 99 100 103 104]] [7 [105 106 107 111 112 114 116 117 118]] [8 [121 122 123 126 129 130 131 132 134]] [9 [137 140 141 142 143 144 145 146 147]] [10 [151 152 154 155 156 158 159 161 164]] [11 [165 167 170 173 174 176 177 178 179]] [12 [180 181 182 183 185 187 188 189 190 191 192 193 194]] [13 [195 196 197 199 201 202 203 204 206 207 208 209]] [14 [210 211 212 213 215 216 218 220 221 222 223 224]] [15 [225 227 229 231 232 236 237 238 239]] [16 [241 243 244 245 246 247 248 249 250 251 252 254]] [17 [255 256 257 259 260 261 263 265 266 267 268 269]] [18 [270 272 273 274 275 277 278 279 280]] [19 [285 286 289 292 294 295 296 298 299]] [20 [300 301 303 305 310 312 313 314]] [21 [315 317 319 320 321 322 323 324 325]] [22 [331 332 334 336 338 340 341 343 344]] [23 [346 347 349 350 351 353 355 356 359]] [24 [360 361 362 364 366 371 372 374]] [25 [375 376 377 379 381 383 386 387 388]] [26 [392 393 394 397 398 399 400 401]] [27 [405 407 408 412 413 415 416 417 419]] [28 [421 423 425 427 428 429 430 433 434]] [29 [436 438 439 443 444 445 446 447 449]] [30 [451 452 454 456 457 458 459 460 462 463 464]] [31 [467 468 469 470 471 472 473 474 475 478 479]] [32 [480 482 486 487 489 490 491 492 493]] [33 [495 496 497 498 501 503 506 507 509]] [34 [510 511 513 515 516 517 518 519 520 522 523 524]] [35 [526 527 528 529 530 531 533 534 535 536 537 538 539]] [36 [540 542 543 545 546 547 548 549 551 552 553 554]] [37 [555 556 557 558 559 564 565 566 567 568 569]] [38 [570 571 572 573 575 576 577 578 579 580 581 582 583 584]] [39 [585 586 587 589 590 591 592 593 594 595 596 597 598 599]] [40 [600 601 602 603 604 605 606 607 608 609 610 611 612 613 614]] [41 [615 616 617 618 619 620 621 622 623 624 625 627 628 629]] [42 [630 631 632 633 634 635 637 639 640 642 643 644]] [43 [645 646 647 648 651 653 655 656 659]] [44 [661 662 663 664 665 666 667 668 669 671 672 673 674]] [45 [675 676 677 678 679 680 682 683 684 686 687 688 689]] [46 [691 692 693 694 696 697 698 699 700 701 702 703 704]] [47 [705 706 707 708 709 710 711 712 713 714 715 716 717 719]] [48 [720 721 722 723 724 725 726 727 728 729 730 731 732 733 734]] [49 [735 736 738 739 740 741 742 744 746 747 748 749]] [50 [750 751 752 753 755 756 757 758 760 761 763 764]] [51 [765 766 767 768 769 770 771 772 773 774 777 778 779]] [52 [780 781 782 783 784 785 786 787 788 789 790 791 792 794]] [53 [795 796 797 798 799 800 803 804 805 807 808]] [54 [810 811 813 815 816 817 818 819 820 821 822 823 824]] [55 [826 827 828 829 830 831 832 833 834 835 836 837 838 839]] [56 [840 841 842 843 844 845 846 847 848 849 850 851 852 853]] [57 [855 856 857 858 859 860 861 862 863 864 865 866 869]] [58 [870 871 872 874 875 876 879 880 882 883]] [59 [885 889 893 894 896]] [60 [901 907 908 910 914]] [61 [916 920 922 925 929]] [62 [931 932 937 939 944]] [63 [948 951 953 957 958]] [64 [960 964 965 968 969 970 972 973 974]] [65 [975 976 977 978 985]] [66 [990 991 992 993 994 997 998 999 1000 1002 1003]] [67 [1005 1006 1007 1010 1011 1012 1013 1014 1015 1016 1017 1018]] [68 [1020 1021 1022 1023 1024 1025 1026 1027 1028 1029 1030 1031 1032 1033 1034]] [69 [1035 1036 1038 1040 1042 1043 1047 1048 1049]] [70 [1050 1051 1052 1054 1055 1056 1057 1058 1060 1061 1062 1063 1064]] [71 [1065 1066 1067 1069 1070 1071 1073 1074 1075 1076 1077 1078 1079]] [72 [1080 1081 1082 1083 1084 1085 1086 1088 1089 1090 1091 1093 1094]] [73 [1095 1096 1097 1098 1099 1100 1101 1103 1104 1105 1107 1108 1109]] [74 [1110 1111 1112 1113 1114 1115 1116 1117 1118 1120 1121 1123 1124]] [75 [1125 1127 1128 1129 1130 1131 1132 1133 1135 1136 1137 1138 1139]] [76 [1140 1141 1142 1144 1145 1146 1147 1149 1150 1151 1152 1153 1154]] [77 [1155 1156 1157 1158 1159 1160 1161 1162 1163 1164 1166 1167 1168]] [78 [1170 1171 1172 1173 1174 1175 1176 1177 1178 1179 1180 1181 1182 1184]] [79 [1186 1187 1189 1190 1191 1192 1193 1194 1195 1196 1197 1198 1199]] [80 [1200 1201 1202 1203 1204 1205 1206 1207 1208 1212 1213 1214]] [81 [1215 1217 1218 1219 1220 1221 1222 1223 1224 1225 1226 1227 1228]] [82 [1230 1231 1232 1233 1234 1235 1236 1237 1238 1239 1241 1243 1244]] [83 [1245 1247 1248 1249 1250 1251 1252 1253 1254 1255 1256 1257 1258]] [84 [1260 1261 1262 1263 1265 1266 1267 1268 1269 1270 1272 1273 1274]] [85 [1275 1276 1277 1278 1279 1280 1281 1282 1284 1285 1286 1287 1288 1289]] [86 [1290 1291 1292 1293 1295 1296 1297 1298 1299 1300 1301 1302 1304]] [87 [1305 1306 1308 1309 1310 1311 1312 1314 1315 1316 1317 1318 1319]] [88 [1320 1321 1322 1324 1325 1326 1327 1328 1329 1331 1332 1333 1334]] [89 [1335 1336 1337 1338 1339 1341 1342 1343 1344 1345 1347 1348 1349]] [90 [1350 1351 1352 1353 1354 1355 1357 1358 1359 1360 1361 1363 1364]] [91 [1365 1366 1367 1368 1369 1370 1371 1372 1373 1374 1376 1377 1378 1379]] [92 [1380 1381 1382 1383 1384 1385 1386 1387 1388 1389 1390 1391 1392 1393]] [93 [1395 1397 1398 1399 1400 1401 1403 1404 1405 1406 1407 1408 1409]] [94 [1410 1411 1412 1413 1414 1415 1416 1417 1418 1419 1420 1421 1422 1424]] [95 [1425 1426 1427 1428 1429 1430 1431 1432 1433 1435 1436 1437 1439]] [96 [1440 1441 1443 1444 1445 1448 1450 1451 1452 1453 1454]] [97 [1457 1458 1460 1462 1463 1464 1465 1466 1467 1468 1469]] [98 [1470 1471 1473 1474 1475 1476 1477 1478 1479 1480 1481 1483 1484]] [99 [1485 1487 1489 1490 1492 1493 1495 1497 1498]]]","[[0 [5 6 10 12]] [1 [16 17 18 19 22 23 24 25 26 29]] [2 [30 31 32 33 36 37 40 41 42 44]] [3 [45 48 50 51 52 54 58 59]] [4 [62 63 65 66 70 72 74]] [5 [75 78 79 80 81 84 88]] [6 [90 93 94 95 96 97 99 100 104]] [7 [105 106 107 111 112 114 116 117 118]] [8 [121 122 123 126 129 130 132 134]] [9 [137 140 141 142 143 145 146 147]] [10 [151 152 154 155 156 158 159 161 164]] [11 [165 170 173 174 178]] [12 [180 181 182 183 187 188 190 191 192 193 194]] [13 [196 197 201 202 203 204 206 207 208]] [14 [210 211 212 216 218 220 221 222 224]] [15 [225 229 231 232 236 237 238]] [16 [243 244 245 246 247 248 251 252 254]] [17 [257 259 260 261 263 265 266 267 268 269]] [18 [270 272 273 274 275 277 278 279 280]] [19 [285 286 289 292 294 295 296 298 299]] [20 [300 301 303 305 310 312 313 314]] [21 [315 317 319 320 321 322 323 324 325]] [22 [331 332 334 336 338 340 341 343 344]] [23 [346 347 349 350 351 353 355 356 359]] [24 [360 361 362 364 366 371 372 374]] [25 [375 376 377 379 381 383 386 387 388]] [26 [392 393 394 397 398 399 400 401]] [27 [405 413 415 416 417 419]] [28 [421 423 425 427 428 429 430 433 434]] [29 [436 438 439 443 444 445 446 447 449]] [30 [452 454 456 460 462 464]] [31 [467 468 469 471 473 474 475 478 479]] [32 [480 482 486 487 489 490 491 492 493]] [33 [495 496 497 498 501 503 506 509]] [34 [513 516 517 518 519 520 523 524]] [35 [528 529 531 533 534 535 537 538 539]] [36 [540 542 543 545 546 548 549 553]] [37 [556 557 558 559 564 565 567 568]] [38 [571 576 577 579 580 581 582]] [39 [585 586 587 589 591 592 593 594 595 596 597]] [40 [600 602 603 605 606 608 609 610 612]] [41 [615 616 617 618 621 623 624 628]] [42 [630 631 632 633 639 640 642 643 644]] [43 [645 646 651 653 655 659]] [44 [662 664 665 666 668 669 671 672 673]] [45 [676 677 678 679 680 682 683 686 688 689]] [46 [691 692 694 698 699 701 702 703]] [47 [710 713 719]] [48 [720 721 722 725 729 730 731 732 733 734]] [49 [735 736 739 740 741 744 746 747 748 749]] [50 [750 752 753 755 756 760 761 763 764]] [51 [765 766 779]] [52 [782 784 785 786 788 790 791 794]] [53 [795 796 798 799 800 804 805 807 808]] [54 [810 811 813 815 816 817 821 822 823]] [55 [826 828 829 831 833 834 835 837]] [56 [844 848 853]] [57 [860 861 862 864 865 866]] [58 [870 872 874 875 876 880]] [59 [885 889 893 894 896]] [60 [901 907 908 910 914]] [61 [916 920 922 925 929]] [62 [931 937 944]] [63 [948 951 953 957 958]] [64 [960 968 969 970 972 973 974]] [65 [975 976 977 978 985]] [66 [990 991 992 993 997 1003]] [67 [1005 1011 1012 1013 1014 1015 1016]] [68 [1022 1024 1026 1028 1029 1031 1032 1033]] [69 [1035 1036 1038 1042 1043 1047 1048]] [70 [1050 1052 1054 1055 1056 1061]] [71 [1065 1070 1073 1075 1076 1077 1079]] [72 [1080 1082 1083 1084 1086 1088 1089 1090 1091 1094]] [73 [1095 1096 1098 1099 1100 1101 1104 1105 1107 1108 1109]] [74 [1110 1112 1113 1114 1118]] [75 [1125 1127 1128 1129 1133 1136 1137 1138 1139]] [76 [1140 1141 1142 1144 1145 1146 1147 1149 1150 1151 1152 1153]] [77 [1157 1158 1159 1160 1161 1162 1164 1167]] [78 [1170 1174 1178 1179 1182 1184]] [79 [1186 1189 1190 1192 1194 1195 1196 1199]] [80 [1200 1201 1202 1204 1205 1207 1208 1212 1213]] [81 [1217 1221 1222 1223 1225 1227]] [82 [1232 1233 1234 1236 1241 1243 1244]] [83 [1245 1248 1249 1250 1251 1252 1254 1257]] [84 [1261 1265 1267 1274]] [85 [1277 1279 1281 1282 1284 1285 1286 1288 1289]] [86 [1290 1293 1295 1296 1297 1298 1299 1301 1304]] [87 [1305 1308 1309 1310 1312 1316 1317 1319]] [88 [1320 1321 1324 1325 1326 1327 1329 1332 1333]] [89 [1336 1339 1341 1342 1343 1344 1345 1347 1349]] [90 [1350 1351 1352 1353 1354 1355 1359 1360 1361]] [91 [1365 1366 1367 1368 1369 1370 1373 1374 1376 1377 1378 1379]] [92 [1381 1382 1383 1384 1385 1386 1388 1389 1391 1392 1393]] [93 [1395 1397 1398 1399 1403 1404 1405 1406 1407 1408]] [94 [1410 1412 1413 1414 1416 1417 1418 1420 1421 1424]] [95 [1425 1427 1428 1429 1432 1433 1435 1436 1437]] [96 [1440 1441 1444 1445 1448 1450 1451 1452 1453 1454]] [97 [1457 1460 1462 1463 1464 1465 1466 1467 1468]] [98 [1473 1474 1475 1476 1477 1479 1483 1484]] [99 [1485 1487 1489 1490 1492 1493 1495 1497]]]",,"[[{citizen 1} [[""A"" [5 4]]]] [{citizen 2} [[""A"" [6 5]]]] [{citizen 3} [[""A"" [5 6]]]] [{citizen 4} [[""A"" [5 4]]]] [{citizen 5} [[""A"" [5 5]]]] [{citizen 7} [[""A"" [5 5]]]] [{citizen 8} [[""A"" [5 5]]]] [{citizen 11} [[""A"" [5 4]]]] [{citizen 12} [[""A"" [5 4]]]] [{citizen 27} [[""A"" [5 6]]]] [{citizen 36} [[""A"" [5 5]]]] [{citizen 39} [[""A"" [5 6]]]] [{citizen 42} [[""A"" [5 6]]]] [{citizen 43} [[""A"" [5 6]]]] [{citizen 46} [[""A"" [5 5]]]] [{media 50} [[""A"" [3 3]]]] [{media 59} [[""A"" [5 5]]]] [{media 61} [[""A"" [5 5]]]] [{media 63} [[""A"" [5 5]]]] [{media 64} [[""A"" [6 6]]]] [{citizen 41} [[""A"" [5 4]]]] [{citizen 48} [[""A"" [5 6]]]] [{citizen 15} [[""A"" [6 5]]]] [{citizen 40} [[""A"" [5 5]]]] [{citizen 26} [[""A"" [5 5]]]] [{citizen 19} [[""A"" [6 5]]]] [{citizen 17} [[""A"" [5 6]]]] [{citizen 30} [[""A"" [5 4]]]] [{citizen 29} [[""A"" [6 5]]]] [{citizen 20} [[""A"" [5 6]]]] [{citizen 14} [[""A"" [5 6]]]] [{media 55} [[""A"" [5 5]]]] [{citizen 32} [[""A"" [5 5]]]] [{citizen 31} [[""A"" [5 5]]]] [{media 53} [[""A"" [3 3]]]] [{citizen 28} [[""A"" [5 5]]]] [{citizen 25} [[""A"" [5 6]]]] [{media 56} [[""A"" [4 4]]]] [{citizen 33} [[""A"" [5 5]]]] [{citizen 34} [[""A"" [4 6]]]] [{citizen 9} [[""A"" [5 4]]]] [{citizen 44} [[""A"" [5 6]]]] [{citizen 16} [[""A"" [5 4]]]] [{media 58} [[""A"" [5 5]]]] [{citizen 37} [[""A"" [5 5]]]] [{media 51} [[""A"" [6 6]]]] [{media 52} [[""A"" [3 3]]]] [{media 57} [[""A"" [6 6]]]] [{citizen 45} [[""A"" [6 5]]]] [{citizen 23} [[""A"" [5 4]]]] [{citizen 47} [[""A"" [5 4]]]] [{citizen 35} [[""A"" [5 4]]]] [{citizen 18} [[""A"" [5 4]]]] [{citizen 13} [[""A"" [5 6]]]] [{citizen 49} [[""A"" [5 6]]]] [{citizen 38} [[""A"" [5 5]]]] [{media 60} [[""A"" [2 2]]]] [{media 54} [[""A"" [1 1]]]] [{citizen 6} [[""A"" [5 6]]]] [{citizen 10} [[""A"" [5 6]]]] [{citizen 21} [[""A"" [5 5]]]] [{citizen 22} [[""A"" [5 5]]]] [{citizen 24} [[""A"" [5 6]]]] [{media 62} [[""A"" [0 0]]]]]"
"1","[85 0 170]","67.5","4.663359972242905","1.7377765789631336","""circle""","""""","9.9","{breed citizens}","false","0.5","1","""up""",,"[[""ID"" 47] [""alpha"" 1] [""beta"" 1] [""malleable"" [""A""]] [""prior"" []] [""cont_tokens"" []] [""A"" 4]]","[[0 [5 6 9 10 12]] [1 [15 16 17 18 19 20 21 22 23 24 25 26 27 29]] [2 [30 31 32 33 35 36 37 39 40 41 42 43 44]] [3 [45 46 47 48 49 50 51 52 54 56 57 58 59]] [4 [61 62 63 65 66 67 68 69 70 71 72 74]] [5 [75 76 77 78 79 80 81 82 83 84 85 86 88]] [6 [90 91 93 94 95 96 97 98 99 100 101 102 103 104]] [7 [105 106 107 111 112 114 116 117 118]] [8 [121 122 123 126 129 130 131 132 134]] [9 [137 140 141 142 143 144 145 146 147]] [10 [151 152 154 155 156 158 159 161 164]] [11 [165 167 170 173 174 176 177 178 179]] [12 [180 181 182 183 185 187 188 189 190 191 192 193 194]] [13 [195 196 197 199 201 202 203 204 206 207 208 209]] [14 [210 211 212 213 215 216 218 220 221 222 223 224]] [15 [225 227 229 231 232 236 237 238 239]] [16 [241 243 244 245 246 247 248 249 250 251 252 254]] [17 [255 256 257 259 260 261 263 265 266 267 268 269]] [18 [270 272 273 274 275 277 278 279 280]] [19 [285 286 289 292 294 295 296 298 299]] [20 [300 301 303 305 310 312 313 314]] [21 [315 317 319 320 321 322 323 324 325]] [22 [331 332 334 336 338 340 341 343 344]] [23 [346 347 349 350 351 353 355 356 359]] [24 [360 361 362 364 366 371 372 374]] [25 [375 376 377 379 381 383 386 387 388]] [26 [392 393 394 397 398 399 400 401]] [27 [405 407 408 412 413 415 416 417 419]] [28 [421 423 425 427 428 429 430 433 434]] [29 [436 438 439 443 444 445 446 447 449]] [30 [451 452 454 456 457 458 459 460 462 463 464]] [31 [467 468 469 470 471 472 473 474 475 476 477 478 479]] [32 [480 482 486 487 489 490 491 492 493]] [33 [495 496 497 498 501 503 506 507 509]] [34 [510 511 513 515 516 517 518 519 520 522 523 524]] [35 [526 527 528 529 530 531 533 534 535 536 537 538 539]] [36 [540 542 543 545 546 547 548 549 551 552 553 554]] [37 [555 556 557 558 559 564 565 566 567 568 569]] [38 [570 571 572 573 575 576 577 578 579 580 581 582 583 584]] [39 [585 586 587 589 590 591 592 593 594 595 596 597 598 599]] [40 [600 601 602 603 604 605 606 607 608 609 610 611 612 613 614]] [41 [615 616 617 618 619 620 621 622 623 624 625 627 628 629]] [42 [630 631 632 633 637 639 640 642 643 644]] [43 [645 646 647 648 651 653 655 656 659]] [44 [661 662 663 664 665 666 667 668 669 671 672 673 674]] [45 [675 676 677 678 679 680 682 683 684 686 687 688 689]] [46 [691 692 693 694 696 697 698 699 700 701 702 703 704]] [47 [705 706 707 708 709 710 711 712 713 714 715 716 717 719]] [48 [720 721 722 723 724 725 726 727 728 729 730 731 732 733 734]] [49 [735 736 738 739 740 741 742 744 746 747 748 749]] [50 [750 751 752 753 754 755 756 757 758 760 761 763 764]] [51 [765 766 767 768 769 770 771 772 773 774 777 778 779]] [52 [780 781 782 783 784 785 786 787 788 789 790 791 792 794]] [53 [795 796 797 798 799 800 803 804 805 807 808]] [54 [810 811 813 815 816 817 818 819 820 821 822 823 824]] [55 [826 827 828 829 830 831 832 833 834 835 836 837 838 839]] [56 [840 841 842 843 844 845 846 847 848 849 850 851 852 853]] [57 [855 856 857 858 859 860 861 862 863 864 865 866 869]] [58 [870 871 872 874 875 876 880]] [59 [885 889 893 894 896]] [60 [901 907 908 910 914]] [61 [916 920 922 925 929]] [62 [931 932 937 939 944]] [63 [948 951 953 957 958]] [64 [960 964 965 968 969 970 972 973 974]] [65 [975 976 977 978 985]] [66 [990 991 992 993 994 997 998 999 1000 1002 1003]] [67 [1005 1006 1007 1010 1011 1012 1013 1014 1015 1016 1017 1018]] [68 [1020 1021 1022 1023 1024 1025 1026 1028 1029 1030 1031 1032 1033 1034]] [69 [1035 1036 1038 1040 1042 1043 1047 1048 1049]] [70 [1050 1051 1052 1054 1055 1056 1057 1058 1060 1061 1062 1063 1064]] [71 [1065 1066 1067 1069 1070 1071 1073 1074 1075 1076 1077 1078 1079]] [72 [1080 1081 1082 1083 1084 1085 1086 1088 1089 1090 1091 1093 1094]] [73 [1095 1096 1097 1098 1099 1100 1101 1103 1104 1105 1107 1108 1109]] [74 [1110 1111 1112 1113 1114 1115 1116 1117 1118 1120 1121 1123 1124]] [75 [1125 1127 1128 1129 1130 1131 1132 1133 1135 1136 1137 1138 1139]] [76 [1140 1141 1142 1144 1145 1146 1147 1149 1150 1151 1152 1153 1154]] [77 [1155 1156 1157 1158 1159 1160 1161 1162 1163 1164 1166 1167 1168]] [78 [1170 1171 1172 1173 1174 1175 1176 1177 1178 1179 1180 1181 1182 1184]] [79 [1186 1187 1189 1190 1191 1192 1193 1194 1195 1196 1197 1198 1199]] [80 [1200 1201 1202 1203 1204 1205 1206 1207 1208 1210 1211 1212 1213 1214]] [81 [1215 1217 1218 1219 1220 1221 1222 1223 1224 1225 1226 1227 1228]] [82 [1230 1231 1232 1233 1234 1235 1236 1237 1238 1239 1241 1243 1244]] [83 [1245 1247 1248 1249 1250 1251 1252 1253 1254 1255 1256 1257 1258]] [84 [1260 1261 1262 1263 1265 1266 1267 1268 1269 1270 1272 1273 1274]] [85 [1275 1276 1277 1278 1279 1280 1281 1282 1284 1285 1286 1287 1288 1289]] [86 [1290 1291 1292 1293 1295 1296 1297 1298 1299 1300 1301 1302 1304]] [87 [1305 1306 1308 1309 1310 1311 1312 1314 1315 1316 1317 1318 1319]] [88 [1320 1321 1322 1324 1325 1326 1327 1328 1329 1331 1332 1333 1334]] [89 [1335 1336 1337 1338 1339 1341 1342 1343 1344 1345 1347 1348 1349]] [90 [1350 1351 1352 1353 1354 1355 1357 1358 1359 1360 1361 1363 1364]] [91 [1365 1366 1367 1368 1369 1370 1371 1372 1373 1374 1376 1377 1378 1379]] [92 [1380 1381 1382 1383 1384 1385 1386 1388 1389 1390 1391 1392 1393]] [93 [1395 1397 1398 1399 1400 1401 1403 1404 1405 1406 1407 1408 1409]] [94 [1410 1411 1412 1413 1414 1415 1416 1417 1418 1419 1420 1421 1422 1424]] [95 [1425 1426 1427 1428 1429 1430 1431 1432 1433 1435 1436 1437 1439]] [96 [1440 1441 1443 1444 1445 1448 1450 1451 1452 1453 1454]] [97 [1457 1458 1460 1462 1463 1464 1465 1466 1467 1468 1469]] [98 [1470 1471 1473 1474 1475 1476 1477 1478 1479 1480 1481 1483 1484]] [99 [1485 1487 1489 1490 1492 1493 1495 1497 1498]]]","[[0 [6 9 10 12]] [1 [17 18 19 22 25 26 29]] [2 [30 31 32 33 37 39 40 41 42 44]] [3 [45 56 57 59]] [4 [62 65 66 67 68 69 70 72 74]] [5 [75 78 79 80 81 84]] [6 [91 93 94 95 97 98 99 100 103 104]] [7 [105 106 107 111 112 114 116 117 118]] [8 [121 122 123 126 129 130 131 132 134]] [9 [137 140 141 142 143 144 145 146 147]] [10 [151 152 154 155 156 158 159 161 164]] [11 [165 167 170 173 174 177 179]] [12 [180 182 183 187 188 190 191 192 193 194]] [13 [196 197 199 203 206 207 208]] [14 [210 211 212 213 215 216 218 220 221 222 224]] [15 [225 227 229 231 232 236 237 238 239]] [16 [241 243 244 245 246 247 248 251 252 254]] [17 [256 257 259 260 261 263 266 268 269]] [18 [270 272 273 274 275 277 278 279 280]] [19 [285 286 292 294 295 296 298 299]] [20 [300 301 303 305 310 312 313 314]] [21 [315 317 319 320 321 322 323 324 325]] [22 [331 332 334 338 340 341 343 344]] [23 [347 349 350 351 353 355 356 359]] [24 [360 361 362 364 366 371 372 374]] [25 [375 376 377 379 381 383 386 387 388]] [26 [392 393 394 397 398 399 400 401]] [27 [405 412 413 415 416 417 419]] [28 [421 423 425 427 428 430 433 434]] [29 [436 438 439 443 444 445 446 447 449]] [30 [451 452 454 456 457 458 459 460 463]] [31 [469 470 471 472 473 474 475 478 479]] [32 [480 482 486 487 489 490 491 492 493]] [33 [495 496 497 498 501 503 506 507 509]] [34 [510 515 516 517 518 519 520 523 524]] [35 [528 529 531 533 534 536 537 538 539]] [36 [540 542 543 545 546 548 549 551 553 554]] [37 [556 557 558 559 566 567 568]] [38 [571 577 579 580 581 582 584]] [39 [585 586 587 590 591 592 593 594 595 596 597 598]] [40 [600 601 602 603 605 606 608 609 610 612]] [41 [615 616 617 618 621 625 627 628 629]] [42 [630 631 632 633 639 640 642 643 644]] [43 [645 646 648 651 653 655 656]] [44 [661 662 664 665 666 674]] [45 [675 680 682 683 684 686 687]] [46 [691 692 694 696 697 698 699 700 702 703]] [47 [710 711 712 713 719]] [48 [720 721 722 726 727 728 729 730 731 732 733 734]] [49 [735 739 741 746 747 748 749]] [50 [750 752 753 755 756 760 761 763 764]] [51 [765 766 767 769 770 771 772 773 774 777 778 779]] [52 [780 782 785 786 788 789 790 791 794]] [53 [795 796 798 799 800 804 805 808]] [54 [810 811 813 815 816 817 822 823 824]] [55 [826 828 829 830 833 834 836 838 839]] [56 [840 841 842 843 847 850 851 852]] [57 [855 856 857 858 859 860 861 862 865 866 869]] [58 [871 874 875 876 880]] [59 [885 889 893 894 896]] [60 [901 907 908 910 914]] [61 [916 920 922 925 929]] [62 [931 937 939 944]] [63 [948 951 953 957 958]] [64 [960 964 965 968 969 970 972 973 974]] [65 [975 976 977 978 985]] [66 [990 991 992 993 997 999 1002 1003]] [67 [1005 1010 1011 1012 1013 1014 1017 1018]] [68 [1022 1024 1026 1028 1029 1031 1032 1033]] [69 [1035 1036 1038 1042 1043 1047 1048 1049]] [70 [1050 1052 1054 1057 1058 1060 1062 1063 1064]] [71 [1066 1067 1069 1070 1073 1075 1076 1077 1078 1079]] [72 [1080 1082 1083 1085 1088 1089 1090 1091 1094]] [73 [1095 1096 1098 1099 1100 1101 1103 1104 1105]] [74 [1110 1112 1113 1114 1118 1121 1123 1124]] [75 [1125 1127 1128 1129 1135 1136 1137 1138 1139]] [76 [1140 1141 1142 1144 1145 1146 1147 1149 1151 1152 1153]] [77 [1157 1161 1162 1163 1166 1168]] [78 [1171 1172 1173 1175 1176 1177 1179 1180 1181 1182 1184]] [79 [1186 1189 1191 1192 1194 1195 1196 1197 1198]] [80 [1203 1204 1205 1207 1208 1211 1213]] [81 [1215 1217 1221 1222 1223 1225 1227]] [82 [1232 1234 1236 1241 1243]] [83 [1245 1248 1249 1250 1251 1252 1253 1255 1256 1257 1258]] [84 [1260 1262 1263 1265 1267 1268 1269 1270 1272 1273]] [85 [1275 1278 1279 1281 1282 1284 1285 1287 1288 1289]] [86 [1290 1293 1295 1296 1297 1298 1299 1302 1304]] [87 [1305 1308 1309 1310 1311 1312 1316 1317 1318]] [88 [1322 1324 1325 1326 1327 1329 1332 1333]] [89 [1336 1339 1341 1342 1343 1344 1345 1347 1348 1349]] [90 [1350 1351 1352 1353 1354 1355 1359 1360 1361 1364]] [91 [1365 1366 1367 1368 1369 1370 1373 1374 1376 1377 1378]] [92 [1380 1382 1383 1384 1385 1386 1388 1389 1392 1393]] [93 [1395 1397 1398 1399 1400 1403 1404 1405 1406 1407 1408]] [94 [1410 1412 1413 1414 1416 1417 1418 1420 1421]] [95 [1425 1427 1428 1429 1430 1431 1432 1433 1435 1436 1437]] [96 [1440 1441 1444 1445 1448 1450 1451 1453 1454]] [97 [1457 1458 1460 1462 1463 1464 1465 1466 1468]] [98 [1473 1474 1475 1476 1477 1479 1483 1484]] [99 [1485 1487 1489 1490 1492 1493 1495 1497]]]",,"[[{citizen 4} [[""A"" [5 5]]]] [{citizen 13} [[""A"" [5 6]]]] [{citizen 19} [[""A"" [6 5]]]] [{citizen 21} [[""A"" [6 5]]]] [{citizen 22} [[""A"" [5 5]]]] [{media 50} [[""A"" [3 3]]]] [{media 52} [[""A"" [3 3]]]] [{media 61} [[""A"" [5 5]]]] [{media 63} [[""A"" [5 5]]]] [{citizen 0} [[""A"" [5 5]]]] [{media 64} [[""A"" [6 6]]]] [{media 62} [[""A"" [0 0]]]] [{citizen 46} [[""A"" [5 5]]]] [{citizen 6} [[""A"" [5 6]]]] [{citizen 41} [[""A"" [5 4]]]] [{citizen 12} [[""A"" [6 5]]]] [{media 55} [[""A"" [5 5]]]] [{citizen 32} [[""A"" [6 6]]]] [{citizen 8} [[""A"" [5 5]]]] [{citizen 31} [[""A"" [5 5]]]] [{citizen 15} [[""A"" [6 5]]]] [{media 54} [[""A"" [1 1]]]] [{media 53} [[""A"" [3 3]]]] [{citizen 28} [[""A"" [5 5]]]] [{media 56} [[""A"" [4 4]]]] [{citizen 33} [[""A"" [5 5]]]] [{citizen 36} [[""A"" [4 5]]]] [{citizen 39} [[""A"" [5 6]]]] [{citizen 25} [[""A"" [6 5]]]] [{citizen 3} [[""A"" [6 5]]]] [{citizen 40} [[""A"" [5 6]]]] [{citizen 16} [[""A"" [5 5]]]] [{citizen 2} [[""A"" [5 5]]]] [{citizen 30} [[""A"" [6 5]]]] [{citizen 5} [[""A"" [5 5]]]] [{citizen 37} [[""A"" [6 5]]]] [{citizen 14} [[""A"" [5 6]]]] [{citizen 20} [[""A"" [5 6]]]] [{citizen 34} [[""A"" [5 6]]]] [{media 59} [[""A"" [5 5]]]] [{citizen 9} [[""A"" [5 5]]]] [{media 58} [[""A"" [5 5]]]] [{citizen 26} [[""A"" [5 5]]]] [{citizen 44} [[""A"" [6 5]]]] [{media 51} [[""A"" [6 6]]]] [{citizen 18} [[""A"" [5 5]]]] [{media 57} [[""A"" [6 6]]]] [{citizen 45} [[""A"" [6 5]]]] [{citizen 23} [[""A"" [5 5]]]] [{citizen 47} [[""A"" [5 5]]]] [{citizen 35} [[""A"" [6 5]]]] [{citizen 29} [[""A"" [6 5]]]] [{citizen 42} [[""A"" [5 6]]]] [{citizen 27} [[""A"" [5 6]]]] [{citizen 17} [[""A"" [6 5]]]] [{citizen 11} [[""A"" [6 5]]]] [{citizen 43} [[""A"" [5 6]]]] [{citizen 49} [[""A"" [5 6]]]] [{citizen 48} [[""A"" [6 6]]]] [{citizen 38} [[""A"" [5 5]]]] [{media 60} [[""A"" [2 2]]]] [{citizen 10} [[""A"" [5 6]]]] [{citizen 7} [[""A"" [5 5]]]] [{citizen 24} [[""A"" [6 5]]]]]"
"2","[85 0 170]","3.75","0.5459632330599855","9.164483423264974","""circle""","""""","9.9","{breed citizens}","false","0.5","1","""up""",,"[[""ID"" 42] [""alpha"" 1] [""beta"" 1] [""malleable"" [""A""]] [""prior"" []] [""cont_tokens"" []] [""A"" 4]]","[[0 [5 6 9 10 12]] [1 [15 16 17 18 19 20 21 22 23 24 25 26 29]] [2 [30 31 32 33 35 36 37 39 40 41 42 43 44]] [3 [45 46 47 48 49 50 51 52 54 56 57 58 59]] [4 [61 62 63 65 66 67 68 69 70 71 72 74]] [5 [75 76 77 78 79 80 81 82 83 84 85 86 88]] [6 [90 91 93 94 95 96 97 98 99 100 101 102 103 104]] [7 [105 106 107 111 112 114 116 117 118]] [8 [121 122 123 126 129 130 131 132 134]] [9 [137 140 141 142 143 144 145 146 147]] [10 [151 152 154 155 156 158 159 161 164]] [11 [165 167 170 173 174 176 177 178 179]] [12 [180 181 182 183 185 187 188 189 190 191 192 193 194]] [13 [195 196 197 199 201 202 203 204 206 207 208 209]] [14 [210 211 212 213 215 216 218 220 221 222 223 224]] [15 [225 227 229 231 232 236 237 238 239]] [16 [241 243 244 245 246 247 248 249 250 251 252 254]] [17 [255 256 257 259 260 261 263 265 266 267 268 269]] [18 [270 272 273 274 275 277 278 279 280]] [19 [285 286 289 292 294 295 296 298 299]] [20 [300 301 303 305 310 312 313 314]] [21 [315 317 319 320 321 322 323 324 325]] [22 [331 332 334 336 338 340 341 343 344]] [23 [346 347 349 350 351 353 355 356 359]] [24 [360 361 362 364 366 371 372 374]] [25 [375 376 377 379 381 383 386 387 388]] [26 [392 393 394 397 398 399 400 401]] [27 [405 407 408 412 413 415 416 417 419]] [28 [421 423 425 427 428 429 430 433 434]] [29 [436 438 439 443 444 445 446 447 449]] [30 [451 452 454 456 457 458 459 460 462 463 464]] [31 [467 468 469 470 471 472 473 474 475 478 479]] [32 [480 482 486 487 489 490 491 492 493]] [33 [495 496 497 498 501 503 506 507 509]] [34 [510 511 513 515 516 517 518 519 520 522 523 524]] [35 [526 527 528 529 530 531 533 534 535 536 537 538 539]] [36 [540 542 543 545 546 547 548 549 551 552 553 554]] [37 [555 556 557 558 559 564 565 566 567 568 569]] [38 [570 571 572 573 575 576 577 578 579 580 581 582 583 584]] [39 [585 586 587 589 590 591 592 593 594 595 596 597 598 599]] [40 [600 601 602 603 604 605 606 607 608 609 610 611 612 613 614]] [41 [615 616 617 618 619 620 621 622 623 624 625 627 628 629]] [42 [630 631 632 633 634 635 637 639 640 642 643 644]] [43 [645 646 647 648 651 653 655 656 659]] [44 [661 662 663 664 665 666 667 668 669 671 672 673 674]] [45 [675 676 677 678 679 680 682 683 684 686 687 688 689]] [46 [691 692 693 694 696 697 698 699 700 701 702 703 704]] [47 [705 706 707 708 709 710 711 712 713 714 715 716 717 719]] [48 [720 721 722 723 724 725 726 727 728 729 730 731 732 733 734]] [49 [735 736 738 739 740 741 742 744 746 747 748 749]] [50 [750 751 752 753 754 755 756 757 758 760 761 763 764]] [51 [765 766 767 768 769 770 771 772 773 774 777 778 779]] [52 [780 781 782 783 784 785 786 787 788 789 790 791 792 794]] [53 [795 796 797 798 799 800 803 804 805 807 808]] [54 [810 811 813 815 816 817 818 819 820 821 822 823 824]] [55 [826 827 828 829 830 831 832 833 834 835 836 837 838 839]] [56 [840 841 842 843 844 845 846 847 848 849 850 851 852 853]] [57 [855 856 857 858 859 860 861 862 863 864 865 866 869]] [58 [870 871 872 874 875 876 880]] [59 [885 889 893 894 896]] [60 [901 907 908 910 914]] [61 [916 920 922 925 929]] [62 [931 932 937 939 944]] [63 [948 951 953 957 958]] [64 [960 964 965 968 969 970 972 973 974]] [65 [975 976 977 978 985]] [66 [990 991 992 993 994 997 998 999 1000 1002 1003]] [67 [1005 1006 1007 1010 1011 1012 1013 1014 1015 1016 1017 1018]] [68 [1020 1021 1022 1023 1024 1025 1026 1028 1029 1030 1031 1032 1033 1034]] [69 [1035 1036 1038 1040 1042 1043 1047 1048 1049]] [70 [1050 1051 1052 1054 1055 1056 1057 1058 1060 1061 1062 1063 1064]] [71 [1065 1066 1067 1069 1070 1071 1073 1074 1075 1076 1077 1078 1079]] [72 [1080 1081 1082 1083 1084 1085 1086 1088 1089 1090 1091 1093 1094]] [73 [1095 1096 1097 1098 1099 1100 1101 1103 1104 1105 1107 1108 1109]] [74 [1110 1111 1112 1113 1114 1115 1116 1117 1118 1120 1121 1123 1124]] [75 [1125 1127 1128 1129 1130 1131 1132 1133 1135 1136 1137 1138 1139]] [76 [1140 1141 1142 1144 1145 1146 1147 1149 1150 1151 1152 1153 1154]] [77 [1155 1156 1157 1158 1159 1160 1161 1162 1163 1164 1166 1167 1168]] [78 [1170 1171 1172 1173 1174 1175 1176 1177 1178 1179 1180 1181 1182 1184]] [79 [1186 1187 1189 1190 1191 1192 1193 1194 1195 1196 1197 1198 1199]] [80 [1200 1201 1202 1203 1204 1205 1206 1207 1208 1212 1213 1214]] [81 [1215 1217 1218 1219 1220 1221 1222 1223 1224 1225 1226 1227 1228]] [82 [1230 1231 1232 1233 1234 1235 1236 1237 1238 1239 1241 1243 1244]] [83 [1245 1247 1248 1249 1250 1251 1252 1253 1254 1255 1256 1257 1258]] [84 [1260 1261 1262 1263 1265 1266 1267 1268 1269 1270 1272 1273 1274]] [85 [1275 1276 1277 1278 1279 1280 1281 1282 1284 1285 1286 1287 1288 1289]] [86 [1290 1291 1292 1293 1295 1296 1297 1298 1299 1300 1301 1302 1304]] [87 [1305 1306 1308 1309 1310 1311 1312 1314 1315 1316 1317 1318 1319]] [88 [1320 1321 1322 1324 1325 1326 1327 1328 1329 1331 1332 1333 1334]] [89 [1335 1336 1337 1338 1339 1341 1342 1343 1344 1345 1347 1348 1349]] [90 [1350 1351 1352 1353 1354 1355 1357 1358 1359 1360 1361 1363 1364]] [91 [1365 1366 1367 1368 1369 1370 1371 1372 1373 1374 1376 1377 1378 1379]] [92 [1380 1381 1382 1383 1384 1385 1386 1387 1388 1389 1390 1391 1392 1393]] [93 [1395 1397 1398 1399 1400 1401 1403 1404 1405 1406 1407 1408 1409]] [94 [1410 1411 1412 1413 1414 1415 1416 1417 1418 1419 1420 1421 1422 1424]] [95 [1425 1426 1427 1428 1429 1430 1431 1432 1433 1435 1436 1437 1439]] [96 [1440 1441 1443 1444 1445 1448 1450 1451 1452 1453 1454]] [97 [1457 1458 1460 1462 1463 1464 1465 1466 1467 1468 1469]] [98 [1470 1471 1473 1474 1475 1476 1477 1478 1479 1480 1481 1483 1484]] [99 [1485 1487 1489 1490 1492 1493 1495 1497 1498]]]","[[0 [6 10 12]] [1 [17 18 19 22 23 24 25 26 29]] [2 [30 31 32 33 37 39 40 41 42 44]] [3 [45 48 49 50 52 54 58 59]] [4 [61 62 63 65 66 70 72 74]] [5 [75 78 79 80 81 84]] [6 [91 93 94 95 96 97 98 99 100 104]] [7 [105 106 107 111 112 114 116 117 118]] [8 [121 122 123 126 129 130 132 134]] [9 [137 140 141 142 143 144 145 146 147]] [10 [151 152 154 155 156 158 159 161 164]] [11 [165 170 173 174 178 179]] [12 [180 181 183 187 188 190 191 192 193 194]] [13 [196 197 201 202 204 206 207 208 209]] [14 [213 215 216 218 220 221 222 224]] [15 [225 227 229 231 232 236 237 238]] [16 [243 244 245 246 247 248 251 252 254]] [17 [255 256 257 259 260 261 263 265 266 267 268 269]] [18 [270 272 273 274 275 277 278 279 280]] [19 [285 286 289 292 294 295 296 298 299]] [20 [300 301 305 310 312 313 314]] [21 [315 317 319 320 321 322 323 324 325]] [22 [331 332 334 336 340 341 343 344]] [23 [346 347 349 350 351 353 355 356 359]] [24 [360 361 362 364 366 371 372 374]] [25 [375 376 377 379 381 383 386 387 388]] [26 [392 393 394 397 398 399 400 401]] [27 [405 407 408 412 413 415 416 417 419]] [28 [421 423 425 427 428 430 433 434]] [29 [436 438 439 443 444 445 446 447 449]] [30 [451 452 454 456 460 462 464]] [31 [467 468 469 471 472 473 474 475 478 479]] [32 [480 482 486 487 489 490 491 492 493]] [33 [495 496 497 498 501 503 506 507 509]] [34 [510 515 516 517 518 519 520 523 524]] [35 [529 531 533 534 536 537 538]] [36 [540 542 543 545 546 548 549 551 553 554]] [37 [556 558 559 565 566 569]] [38 [571 576 578 580 581 582]] [39 [585 586 587 590 591 592 594 599]] [40 [601 602 604 611 614]] [41 [619 620 622 623 624 627 628]] [42 [630 631 632 633 639 640 642 643 644]] [43 [645 646 647 648 651 653 655 656]] [44 [661 662 664 667 668 669 671 672 673 674]] [45 [675 680 682 683 684 686 688 689]] [46 [691 692 693 696 697 698 699 700 702 703]] [47 [710 711 712 713 716 717]] [48 [721 725 728 729 731 732 733 734]] [49 [735 739 740 741 746 748 749]] [50 [750 752 753 755 756 757 758 760 761 763 764]] [51 [765 767 768 769 770 771 772 773 774 777 778 779]] [52 [782 787 789 790 791 794]] [53 [795 796 797 799 800 804 805 807 808]] [54 [810 811 813 815 816 817 818 819 820 821 822 823]] [55 [826 830 832 835 837 839]] [56 [840 841 842 843 845 847 848 850 851 852]] [57 [855 856 857 858 859 860 861 862 865 866 869]] [58 [870 872 874 875 876 880]] [59 [885 889 893 894 896]] [60 [901 907 910 914]] [61 [916 920 922 925 929]] [62 [931 932 937 939 944]] [63 [948 951 953 957 958]] [64 [960 964 965 968 969 970 972 973 974]] [65 [975 976 977 978 985]] [66 [990 991 992 993 994 997 999 1002 1003]] [67 [1005 1010 1011 1013 1014 1017]] [68 [1020 1021 1023 1025 1028 1029 1031 1032 1033]] [69 [1035 1036 1038 1040 1043 1047 1048 1049]] [70 [1050 1051 1052 1054 1057 1058 1060 1062 1063 1064]] [71 [1066 1067 1069 1070 1073 1075 1076 1077 1078 1079]] [72 [1080 1082 1083 1085 1086 1088 1089 1090 1091 1094]] [73 [1095 1096 1098 1099 1100 1101 1103 1107 1108 1109]] [74 [1111 1113 1114 1115 1116 1117 1120 1121 1123 1124]] [75 [1125 1127 1128 1129 1135 1136 1137 1138 1139]] [76 [1140 1141 1142 1144 1145 1146 1147 1149 1151 1152 1153]] [77 [1157 1161 1162 1163 1166 1168]] [78 [1171 1172 1173 1175 1176 1177 1178 1180 1181]] [79 [1187 1190 1192 1194 1195 1196 1199]] [80 [1200 1201 1202 1204 1205 1207 1208 1212 1213]] [81 [1215 1218 1219 1220 1221 1222 1223 1224 1225 1227]] [82 [1230 1231 1232 1234 1236 1241 1243]] [83 [1245 1248 1249 1250 1251 1252 1253 1255 1256 1257]] [84 [1260 1261 1265 1267 1274]] [85 [1276 1277 1279 1281 1282 1284 1285 1286 1287 1288 1289]] [86 [1290 1293 1295 1296 1297 1298 1299 1301 1302 1304]] [87 [1305 1308 1309 1310 1311 1312 1316 1317 1319]] [88 [1320 1321 1324 1325 1326 1327 1328 1331 1334]] [89 [1335 1337 1338 1344 1347 1348 1349]] [90 [1350 1351 1352 1353 1354 1355 1359 1360 1361]] [91 [1365 1366 1369 1370 1373 1374 1376 1377 1378 1379]] [92 [1381 1382 1383 1384 1385 1386 1388 1389 1391 1392 1393]] [93 [1395 1398 1399 1401]] [94 [1411 1415 1419 1422 1424]] [95 [1425 1427 1428 1429 1430 1431 1432 1433 1435 1436 1437]] [96 [1440 1441 1444 1445 1448 1450 1451 1452 1454]] [97 [1457 1460 1462 1463 1464 1465 1466 1467 1469]] [98 [1470 1471 1478 1480 1481 1484]] [99 [1485 1487 1489 1490 1492 1493 1495 1497]]]",,"[[{citizen 5} [[""A"" [5 4]]]] [{citizen 6} [[""A"" [5 6]]]] [{citizen 9} [[""A"" [6 4]]]] [{citizen 16} [[""A"" [5 4]]]] [{citizen 37} [[""A"" [6 5]]]] [{citizen 38} [[""A"" [5 4]]]] [{media 50} [[""A"" [3 3]]]] [{media 52} [[""A"" [3 3]]]] [{media 61} [[""A"" [5 5]]]] [{citizen 0} [[""A"" [5 4]]]] [{media 63} [[""A"" [5 5]]]] [{media 64} [[""A"" [6 6]]]] [{media 62} [[""A"" [0 0]]]] [{citizen 46} [[""A"" [4 6]]]] [{citizen 41} [[""A"" [5 4]]]] [{citizen 4} [[""A"" [5 4]]]] [{citizen 48} [[""A"" [4 6]]]] [{citizen 15} [[""A"" [6 5]]]] [{citizen 40} [[""A"" [4 6]]]] [{citizen 8} [[""A"" [5 4]]]] [{citizen 45} [[""A"" [5 6]]]] [{citizen 12} [[""A"" [5 4]]]] [{citizen 1} [[""A"" [5 4]]]] [{citizen 26} [[""A"" [5 5]]]] [{citizen 34} [[""A"" [4 6]]]] [{citizen 44} [[""A"" [5 6]]]] [{citizen 19} [[""A"" [6 5]]]] [{citizen 17} [[""A"" [6 4]]]] [{citizen 30} [[""A"" [5 4]]]] [{citizen 29} [[""A"" [5 4]]]] [{citizen 3} [[""A"" [5 6]]]] [{citizen 20} [[""A"" [6 6]]]] [{citizen 14} [[""A"" [4 6]]]] [{citizen 42} [[""A"" [5 6]]]] [{media 55} [[""A"" [5 5]]]] [{citizen 32} [[""A"" [5 5]]]] [{citizen 31} [[""A"" [5 5]]]] [{citizen 13} [[""A"" [4 6]]]] [{citizen 35} [[""A"" [5 4]]]] [{citizen 36} [[""A"" [5 6]]]] [{citizen 25} [[""A"" [5 6]]]] [{media 54} [[""A"" [1 1]]]] [{media 53} [[""A"" [3 3]]]] [{citizen 28} [[""A"" [5 4]]]] [{media 56} [[""A"" [4 4]]]] [{citizen 33} [[""A"" [5 4]]]] [{citizen 39} [[""A"" [4 6]]]] [{media 59} [[""A"" [5 5]]]] [{media 58} [[""A"" [5 5]]]] [{media 51} [[""A"" [6 6]]]] [{citizen 18} [[""A"" [5 4]]]] [{media 57} [[""A"" [6 6]]]] [{citizen 23} [[""A"" [6 4]]]] [{citizen 47} [[""A"" [5 4]]]] [{citizen 27} [[""A"" [4 6]]]] [{citizen 11} [[""A"" [4 6]]]] [{citizen 49} [[""A"" [4 6]]]] [{citizen 43} [[""A"" [5 6]]]] [{media 60} [[""A"" [2 2]]]] [{citizen 7} [[""A"" [5 4]]]] [{citizen 10} [[""A"" [4 6]]]] [{citizen 21} [[""A"" [6 5]]]] [{citizen 22} [[""A"" [5 5]]]] [{citizen 24} [[""A"" [4 6]]]]]"
"3","[85 0 170]","93.75","4.463863803150983","-0.43261164878478137","""circle""","""""","9.9","{breed citizens}","false","0.5","1","""up""",,"[[""ID"" 31] [""alpha"" 1] [""beta"" 1] [""malleable"" [""A""]] [""prior"" []] [""cont_tokens"" []] [""A"" 4]]","[[0 [5 6 9 10 12]] [1 [16 17 18 19 21 22 23 24 25 26 29]] [2 [30 31 32 33 35 36 37 39 40 41 42 43 44]] [3 [45 46 47 48 49 50 51 52 54 56 57 58 59]] [4 [61 62 63 65 66 67 68 69 70 71 72 74]] [5 [75 76 77 78 79 80 81 82 83 84 85 86 88]] [6 [90 91 93 94 95 96 97 98 99 100 103 104]] [7 [105 106 107 111 112 114 116 117 118]] [8 [121 122 123 126 129 130 131 132 134]] [9 [137 140 141 142 143 144 145 146 147]] [10 [151 152 154 155 156 158 159 161 164]] [11 [165 167 170 173 174 176 177 178 179]] [12 [180 181 182 183 185 187 188 189 190 191 192 193 194]] [13 [195 196 197 199 201 202 203 204 206 207 208 209]] [14 [210 211 212 213 215 216 218 220 221 222 223 224]] [15 [225 227 229 231 232 236 237 238 239]] [16 [241 243 244 245 246 247 248 249 250 251 252 254]] [17 [255 256 257 259 260 261 263 265 266 267 268 269]] [18 [270 272 273 274 275 277 278 279 280]] [19 [285 286 289 292 294 295 296 298 299]] [20 [300 301 303 305 310 312 313 314]] [21 [315 317 319 320 321 322 323 324 325]] [22 [331 332 334 336 338 340 341 343 344]] [23 [346 347 349 350 351 353 355 356 359]] [24 [360 361 362 364 366 371 372 374]] [25 [375 376 377 379 381 383 386 387 388]] [26 [392 393 394 397 398 399 400 401]] [27 [405 407 408 412 413 415 416 417 419]] [28 [421 423 425 427 428 429 430 433 434]] [29 [436 438 439 443 444 445 446 447 449]] [30 [451 452 454 456 457 458 459 460 462 463 464]] [31 [467 468 469 470 471 472 473 474 475 478 479]] [32 [480 482 486 487 489 490 491 492 493]] [33 [495 496 497 498 501 503 506 507 509]] [34 [510 511 513 515 516 517 518 519 520 522 523 524]] [35 [526 527 528 529 530 531 533 534 535 536 537 538 539]] [36 [540 542 543 545 546 547 548 549 551 552 553 554]] [37 [555 556 557 558 559 564 565 566 567 568 569]] [38 [570 571 572 573 575 576 577 578 579 580 581 582 583 584]] [39 [585 586 587 589 590 591 592 593 594 595 596 597 598 599]] [40 [600 601 602 603 604 605 606 607 608 609 610 611 612 613 614]] [41 [615 616 617 618 619 620 621 622 623 624 625 627 628 629]] [42 [630 631 632 633 637 639 640 642 643 644]] [43 [645 646 647 648 651 653 655 656 659]] [44 [661 662 663 664 665 666 667 668 669 671 672 673 674]] [45 [675 676 677 678 679 680 682 683 684 686 687 688 689]] [46 [691 692 693 694 696 697 698 699 700 701 702 703 704]] [47 [705 706 707 708 709 710 711 712 713 714 715 716 717 719]] [48 [720 721 722 723 724 725 726 727 728 729 730 731 732 733 734]] [49 [735 736 738 739 740 741 742 744 746 747 748 749]] [50 [750 751 752 753 754 755 756 757 758 760 761 763 764]] [51 [765 766 767 768 769 770 771 772 773 774 777 778 779]] [52 [780 781 782 783 784 785 786 787 788 789 790 791 792 794]] [53 [795 796 797 798 799 800 803 804 805 807 808]] [54 [810 811 813 815 816 817 818 819 820 821 822 823 824]] [55 [826 827 828 829 830 831 832 833 834 835 836 837 838 839]] [56 [840 841 842 843 844 845 846 847 848 849 850 851 852 853]] [57 [855 856 857 858 859 860 861 862 863 864 865 866 869]] [58 [870 871 872 874 875 876 880]] [59 [885 889 893 894 896]] [60 [901 907 908 910 914]] [61 [916 920 922 925 929]] [62 [931 932 937 939 944]] [63 [948 951 953 957 958]] [64 [960 964 965 968 969 970 972 973 974]] [65 [975 976 977 978 985]] [66 [990 991 992 993 994 997 998 999 1000 1002 1003]] [67 [1005 1006 1007 1010 1011 1012 1013 1014 1015 1016 1017 1018]] [68 [1020 1021 1022 1023 1024 1025 1026 1028 1029 1030 1031 1032 1033 1034]] [69 [1035 1036 1038 1040 1042 1043 1047 1048 1049]] [70 [1050 1051 1052 1054 1055 1056 1057 1058 1060 1061 1062 1063 1064]] [71 [1065 1066 1067 1069 1070 1071 1073 1074 1075 1076 1077 1078 1079]] [72 [1080 1081 1082 1083 1084 1085 1086 1088 1089 1090 1091 1093 1094]] [73 [1095 1096 1097 1098 1099 1100 1101 1103 1104 1105 1107 1108 1109]] [74 [1110 1111 1112 1113 1114 1115 1116 1117 1118 1120 1121 1123 1124]] [75 [1125 1127 1128 1129 1130 1131 1132 1133 1135 1136 1137 1138 1139]] [76 [1140 1141 1142 1144 1145 1146 1147 1149 1150 1151 1152 1153 1154]] [77 [1155 1156 1157 1158 1159 1160 1161 1162 1163 1164 1166 1167 1168]] [78 [1170 1171 1172 1173 1174 1175 1176 1177 1178 1179 1180 1181 1182 1184]] [79 [1186 1187 1189 1190 1191 1192 1193 1194 1195 1196 1197 1198 1199]] [80 [1200 1201 1202 1203 1204 1205 1206 1207 1208 1212 1213 1214]] [81 [1215 1217 1218 1219 1220 1221 1222 1223 1224 1225 1226 1227 1228]] [82 [1230 1231 1232 1233 1234 1235 1236 1237 1238 1239 1241 1243 1244]] [83 [1245 1247 1248 1249 1250 1251 1252 1253 1254 1255 1256 1257 1258]] [84 [1260 1261 1262 1263 1265 1266 1267 1268 1269 1270 1272 1273 1274]] [85 [1275 1276 1277 1278 1279 1280 1281 1282 1284 1285 1286 1287 1288 1289]] [86 [1290 1291 1292 1293 1295 1296 1297 1298 1299 1300 1301 1302 1304]] [87 [1305 1306 1308 1309 1310 1311 1312 1314 1315 1316 1317 1318 1319]] [88 [1320 1321 1322 1324 1325 1326 1327 1328 1329 1331 1332 1333 1334]] [89 [1335 1336 1337 1338 1339 1341 1342 1343 1344 1345 1347 1348 1349]] [90 [1350 1351 1352 1353 1354 1355 1357 1358 1359 1360 1361 1363 1364]] [91 [1365 1366 1367 1368 1369 1370 1371 1372 1373 1374 1376 1377 1378 1379]] [92 [1380 1381 1382 1383 1384 1385 1386 1387 1388 1389 1390 1391 1392 1393]] [93 [1395 1397 1398 1399 1400 1401 1403 1404 1405 1406 1407 1408 1409]] [94 [1410 1411 1412 1413 1414 1415 1416 1417 1418 1419 1420 1421 1422 1424]] [95 [1425 1426 1427 1428 1429 1430 1431 1432 1433 1435 1436 1437 1439]] [96 [1440 1441 1443 1444 1445 1448 1450 1451 1452 1453 1454]] [97 [1457 1458 1460 1462 1463 1464 1465 1466 1467 1468 1469]] [98 [1470 1471 1473 1474 1475 1476 1477 1478 1479 1480 1481 1483 1484]] [99 [1485 1487 1489 1490 1492 1493 1495 1497 1498]]]","[[0 [6 10 12]] [1 [17 18 19 22 23 24 25 26 29]] [2 [30 31 32 33 37 39 40 41 42 44]] [3 [45 48 49 51 52 54 57 59]] [4 [61 62 63 65 66 67 68 69 70 71 74]] [5 [75 78 79 80 81 83 85 86 88]] [6 [90 91 96 97 99 100 104]] [7 [105 106 107 111 112 114 116 117 118]] [8 [121 122 123 126 130 131 132 134]] [9 [137 140 141 142 143 144 145 146 147]] [10 [151 152 154 155 156 158 159 161 164]] [11 [165 170 173 176 177 179]] [12 [180 181 183 187 188 190 191 192 193 194]] [13 [196 197 201 202 204 206 207 208 209]] [14 [213 215 216 218 220 221 222 224]] [15 [225 227 229 231 232 236 237 238]] [16 [244 245 246 247 248 251 252 254]] [17 [255 256 257 265 266 267 268 269]] [18 [272 273 274 275 278 279 280]] [19 [285 286 292 294 295 296 298 299]] [20 [300 301 303 305 310 312 313 314]] [21 [315 317 319 320 321 322 323 324 325]] [22 [331 332 334 338 340 341 343 344]] [23 [347 349 350 351 353 355 356 359]] [24 [360 361 362 364 366 371 372 374]] [25 [375 376 377 379 381 383 386 387 388]] [26 [392 393 394 397 398 399 400 401]] [27 [405 407 408 412 415 416 417 419]] [28 [421 423 425 427 428 430 433 434]] [29 [436 438 439 443 444 445 446 447 449]] [30 [451 452 454 456 460 462 464]] [31 [467 468 469 471 473 475 478 479]] [32 [480 482 486 487 489 490 491 492 493]] [33 [495 496 497 498 501 503 506 509]] [34 [510 515 516 517 518 519 520 523 524]] [35 [528 529 531 533 534 535 536 537 538]] [36 [540 542 543 545 546 548 549 551 553 554]] [37 [556 557 558 559 564 565 566 567 568]] [38 [571 572 573 575 576 577 579 581 582 583]] [39 [589 591 592 594 598 599]] [40 [601 602 603 605 606 608 609 610 612 613]] [41 [615 616 617 618 621 625 627 628 629]] [42 [630 631 632 633 639 640 642 643 644]] [43 [645 646 647 648 651 653 655 656 659]] [44 [661 662 664 667 668 669 671 672 673]] [45 [676 677 678 679 682 683 684 686 687]] [46 [692 694 700 701 704]] [47 [705 706 707 708 709 714 715 716 717 719]] [48 [720 721 725 728 729 730 733 734]] [49 [735 738 740 741 746 748 749]] [50 [750 752 753 755 756 757 758 760 761 763 764]] [51 [765 766 779]] [52 [782 784 785 786 788 790 791 794]] [53 [795 796 797 799 800 804 805 808]] [54 [810 811 815 816 817 818 819 820 821 822 823]] [55 [826 829 830 832 837 839]] [56 [840 841 842 843 845 849 851 852]] [57 [855 856 857 858 859 861 862 865 866 869]] [58 [871 872 874 875 876 880]] [59 [885 889 893 894 896]] [60 [901 907 908 910 914]] [61 [916 920 922 925 929]] [62 [931 932 937 939 944]] [63 [948 951 953 957 958]] [64 [960 970 972 973 974]] [65 [975 976 977 978 985]] [66 [990 991 992 993 997 999 1002 1003]] [67 [1005 1010 1011 1012 1015 1017]] [68 [1020 1021 1023 1025 1026 1030 1033]] [69 [1035 1036 1038 1040 1042 1043 1047 1048 1049]] [70 [1050 1051 1052 1054 1057 1058 1060 1062 1063 1064]] [71 [1066 1067 1069 1070 1073 1075 1076 1077 1079]] [72 [1080 1084 1086 1088 1089 1090 1091 1094]] [73 [1095 1096 1098 1099 1100 1101 1103 1107 1109]] [74 [1111 1113 1114 1116 1117 1120 1123 1124]] [75 [1125 1128 1129 1135 1136 1137 1138 1139]] [76 [1140 1141 1142 1144 1145 1146 1147 1149 1150 1151 1152 1153]] [77 [1157 1158 1159 1160 1161 1162 1164 1167]] [78 [1170 1174 1178 1179 1182 1184]] [79 [1186 1189 1190 1192 1193 1194 1195 1196 1199]] [80 [1200 1201 1202 1204 1205 1207 1208 1212 1214]] [81 [1215 1218 1219 1220 1222 1223 1226 1227]] [82 [1233 1234 1236 1238 1239 1243]] [83 [1247 1250 1251 1252 1254 1257]] [84 [1260 1262 1263 1266 1269 1270 1272 1273 1274]] [85 [1276 1277 1279 1286 1287 1288 1289]] [86 [1290 1293 1295 1296 1297 1298 1299 1300 1301 1302 1304]] [87 [1305 1308 1309 1310 1311 1312 1316 1317 1319]] [88 [1320 1321 1324 1325 1326 1327 1329 1332 1333]] [89 [1336 1339 1341 1342 1343 1344 1345 1347 1349]] [90 [1350 1351 1352 1353 1354 1355 1359 1360 1361]] [91 [1365 1366 1371 1372 1379]] [92 [1381 1382 1383 1384 1385 1386 1388 1390 1391 1392 1393]] [93 [1395 1397 1398 1399 1401 1408]] [94 [1410 1412 1413 1414 1416 1417 1418 1420 1421]] [95 [1425 1427 1428 1429 1430 1431 1432 1433 1435 1436 1437]] [96 [1440 1441 1444 1445 1448 1450 1451 1453 1454]] [97 [1457 1458 1460 1462 1463 1464 1465 1466 1467 1468]] [98 [1473 1474 1475 1476 1477 1479 1483 1484]] [99 [1485 1487 1489 1490 1492 1493 1495 1497]]]",,"[[{citizen 4} [[""A"" [5 4]]]] [{citizen 11} [[""A"" [5 4]]]] [{citizen 14} [[""A"" [4 6]]]] [{citizen 18} [[""A"" [5 4]]]] [{citizen 29} [[""A"" [5 4]]]] [{citizen 31} [[""A"" [5 5]]]] [{citizen 33} [[""A"" [5 4]]]] [{citizen 40} [[""A"" [5 4]]]] [{citizen 41} [[""A"" [5 4]]]] [{media 50} [[""A"" [3 3]]]] [{media 52} [[""A"" [3 3]]]] [{media 61} [[""A"" [5 5]]]] [{media 63} [[""A"" [5 5]]]] [{citizen 0} [[""A"" [5 4]]]] [{media 64} [[""A"" [6 6]]]] [{citizen 12} [[""A"" [5 4]]]] [{citizen 1} [[""A"" [5 4]]]] [{citizen 26} [[""A"" [5 5]]]] [{citizen 34} [[""A"" [4 6]]]] [{citizen 9} [[""A"" [5 4]]]] [{citizen 44} [[""A"" [5 4]]]] [{citizen 2} [[""A"" [5 4]]]] [{citizen 17} [[""A"" [5 4]]]] [{citizen 30} [[""A"" [5 4]]]] [{citizen 8} [[""A"" [5 4]]]] [{citizen 36} [[""A"" [5 5]]]] [{citizen 19} [[""A"" [5 5]]]] [{citizen 48} [[""A"" [4 6]]]] [{citizen 5} [[""A"" [5 4]]]] [{media 55} [[""A"" [5 5]]]] [{citizen 32} [[""A"" [5 5]]]] [{citizen 15} [[""A"" [5 4]]]] [{citizen 13} [[""A"" [4 6]]]] [{citizen 35} [[""A"" [5 4]]]] [{media 53} [[""A"" [3 3]]]] [{citizen 28} [[""A"" [5 4]]]] [{citizen 25} [[""A"" [5 5]]]] [{media 56} [[""A"" [4 4]]]] [{citizen 39} [[""A"" [4 6]]]] [{media 59} [[""A"" [5 5]]]] [{media 58} [[""A"" [5 5]]]] [{citizen 37} [[""A"" [5 5]]]] [{citizen 16} [[""A"" [5 4]]]] [{media 51} [[""A"" [6 6]]]] [{media 57} [[""A"" [6 6]]]] [{citizen 45} [[""A"" [5 5]]]] [{citizen 23} [[""A"" [5 4]]]] [{citizen 47} [[""A"" [5 4]]]] [{citizen 20} [[""A"" [5 6]]]] [{citizen 42} [[""A"" [5 6]]]] [{citizen 27} [[""A"" [4 6]]]] [{citizen 43} [[""A"" [5 6]]]] [{citizen 49} [[""A"" [4 6]]]] [{citizen 38} [[""A"" [5 4]]]] [{media 60} [[""A"" [2 2]]]] [{media 54} [[""A"" [1 1]]]] [{citizen 46} [[""A"" [5 4]]]] [{citizen 6} [[""A"" [5 6]]]] [{citizen 10} [[""A"" [4 6]]]] [{citizen 21} [[""A"" [5 5]]]] [{citizen 7} [[""A"" [5 4]]]] [{citizen 22} [[""A"" [5 5]]]] [{citizen 24} [[""A"" [5 4]]]] [{media 62} [[""A"" [0 0]]]]]"
"4","[85 0 170]","180","0.999576020533908","-0.18851914391840183","""circle""","""""","9.9","{breed citizens}","false","0.5","1","""up""",,"[[""ID"" 37] [""alpha"" 1] [""beta"" 1] [""malleable"" [""A""]] [""prior"" []] [""cont_tokens"" []] [""A"" 4]]","[[0 [5 6 9 10 12]] [1 [15 16 17 18 19 20 21 22 23 24 25 26 27 29]] [2 [30 31 32 33 34 35 36 37 38 39 40 41 42 43 44]] [3 [45 46 47 48 49 50 51 52 54 56 57 58 59]] [4 [61 62 63 65 66 67 68 69 70 71 72 74]] [5 [75 76 77 78 79 80 81 82 83 84 85 86 88]] [6 [90 91 93 94 95 96 97 98 99 100 101 102 103 104]] [7 [105 106 107 111 112 114 116 117 118]] [8 [121 122 123 126 129 130 131 132 134]] [9 [137 140 141 142 143 144 145 146 147]] [10 [151 152 154 155 156 158 159 161 164]] [11 [165 167 170 173 174 176 177 178 179]] [12 [180 181 182 183 185 187 188 189 190 191 192 193 194]] [13 [195 196 197 199 201 202 203 204 206 207 208 209]] [14 [210 211 212 213 215 216 218 220 221 222 223 224]] [15 [225 227 229 231 232 236 237 238 239]] [16 [241 243 244 245 246 247 248 249 250 251 252 254]] [17 [255 256 257 259 260 261 262 263 265 266 267 268 269]] [18 [270 272 273 274 275 277 278 279 280]] [19 [285 286 289 292 294 295 296 298 299]] [20 [300 301 303 305 310 312 313 314]] [21 [315 317 319 320 321 322 323 324 325]] [22 [331 332 334 336 338 340 341 343 344]] [23 [346 347 349 350 351 353 355 356 359]] [24 [360 361 362 364 366 371 372 374]] [25 [375 376 377 379 381 383 386 387 388]] [26 [392 393 394 397 398 399 400 401]] [27 [405 407 408 412 413 415 416 417 419]] [28 [421 423 425 427 428 429 430 433 434]] [29 [436 438 439 443 444 445 446 447 449]] [30 [451 452 454 456 457 458 459 460 462 463 464]] [31 [467 468 469 470 471 472 473 474 475 478 479]] [32 [480 482 486 487 489 490 491 492 493]] [33 [495 496 497 498 501 503 506 507 509]] [34 [510 511 513 515 516 517 518 519 520 522 523 524]] [35 [526 527 528 529 530 531 533 534 535 536 537 538 539]] [36 [540 542 543 545 546 547 548 549 551 552 553 554]] [37 [555 556 557 558 559 564 565 566 567 568 569]] [38 [570 571 572 573 575 576 577 578 579 580 581 582 583 584]] [39 [585 586 587 589 590 591 592 593 594 595 596 597 598 599]] [40 [600 601 602 603 604 605 606 607 608 609 610 611 612 613 614]] [41 [615 616 617 618 619 620 621 622 623 624 625 626 627 628 629]] [42 [630 631 632 633 637 639 640 642 643 644]] [43 [645 646 647 648 651 653 655 656 659]] [44 [661 662 663 664 665 666 667 668 669 671 672 673 674]] [45 [675 676 677 678 679 680 682 683 684 686 687 688 689]] [46 [691 692 693 694 696 697 698 699 700 701 702 703 704]] [47 [705 706 707 708 709 710 711 712 713 714 715 716 717 719]] [48 [720 721 722 723 724 725 726 727 728 729 730 731 732 733 734]] [49 [735 736 738 739 740 741 742 744 746 747 748 749]] [50 [750 751 752 753 755 756 757 758 760 761 763 764]] [51 [765 766 767 768 769 770 771 772 773 774 777 778 779]] [52 [780 781 782 783 784 785 786 787 788 789 790 791 792 794]] [53 [795 796 797 798 799 800 803 804 805 807 808]] [54 [810 811 813 815 816 817 818 819 820 821 822 823 824]] [55 [826 827 828 829 830 831 832 833 834 835 836 837 838 839]] [56 [840 841 842 843 844 845 846 847 848 849 850 851 852 853]] [57 [855 856 857 858 859 860 861 862 863 864 865 866 869]] [58 [870 871 872 874 875 876 880]] [59 [885 889 893 894 896]] [60 [901 907 908 910 914]] [61 [916 920 922 925 929]] [62 [931 932 937 939 944]] [63 [948 951 953 957 958]] [64 [960 964 965 968 969 970 972 973 974]] [65 [975 976 977 978 985]] [66 [990 991 992 993 994 997 998 999 1000 1002 1003]] [67 [1005 1006 1007 1010 1011 1012 1013 1014 1015 1016 1017 1018]] [68 [1020 1021 1022 1023 1024 1025 1026 1028 1029 1030 1031 1032 1033 1034]] [69 [1035 1036 1038 1040 1042 1043 1047 1048 1049]] [70 [1050 1051 1052 1054 1055 1056 1057 1058 1060 1061 1062 1063 1064]] [71 [1065 1066 1067 1069 1070 1071 1073 1074 1075 1076 1077 1078 1079]] [72 [1080 1081 1082 1083 1084 1085 1086 1088 1089 1090 1091 1093 1094]] [73 [1095 1096 1097 1098 1099 1100 1101 1103 1104 1105 1107 1108 1109]] [74 [1110 1111 1112 1113 1114 1115 1116 1117 1118 1120 1121 1123 1124]] [75 [1125 1127 1128 1129 1130 1131 1132 1133 1135 1136 1137 1138 1139]] [76 [1140 1141 1142 1144 1145 1146 1147 1149 1150 1151 1152 1153 1154]] [77 [1155 1156 1157 1158 1159 1160 1161 1162 1163 1164 1166 1167 1168]] [78 [1170 1171 1172 1173 1174 1175 1176 1177 1178 1179 1180 1181 1182 1184]] [79 [1186 1187 1189 1190 1191 1192 1193 1194 1195 1196 1197 1198 1199]] [80 [1200 1201 1202 1203 1204 1205 1206 1207 1208 1212 1213 1214]] [81 [1215 1217 1218 1219 1220 1221 1222 1223 1224 1225 1226 1227 1228]] [82 [1230 1231 1232 1233 1234 1235 1236 1237 1238 1239 1241 1243 1244]] [83 [1245 1247 1248 1249 1250 1251 1252 1253 1254 1255 1256 1257 1258]] [84 [1260 1261 1262 1263 1265 1266 1267 1268 1269 1270 1272 1273 1274]] [85 [1275 1276 1277 1278 1279 1280 1281 1282 1284 1285 1286 1287 1288 1289]] [86 [1290 1291 1292 1293 1295 1296 1297 1298 1299 1300 1301 1302 1304]] [87 [1305 1306 1308 1309 1310 1311 1312 1314 1315 1316 1317 1318 1319]] [88 [1320 1321 1322 1324 1325 1326 1327 1328 1329 1331 1332 1333 1334]] [89 [1335 1336 1337 1338 1339 1341 1342 1343 1344 1345 1347 1348 1349]] [90 [1350 1351 1352 1353 1354 1355 1357 1358 1359 1360 1361 1363 1364]] [91 [1365 1366 1367 1368 1369 1370 1371 1372 1373 1374 1376 1377 1378 1379]] [92 [1380 1381 1382 1383 1384 1385 1386 1387 1388 1389 1390 1391 1392 1393]] [93 [1395 1397 1398 1399 1400 1401 1403 1404 1405 1406 1407 1408 1409]] [94 [1410 1411 1412 1413 1414 1415 1416 1417 1418 1419 1420 1421 1422 1424]] [95 [1425 1426 1427 1428 1429 1430 1431 1432 1433 1435 1436 1437 1439]] [96 [1440 1441 1443 1444 1445 1448 1450 1451 1452 1453 1454]] [97 [1457 1458 1460 1462 1463 1464 1465 1466 1467 1468 1469]] [98 [1470 1471 1473 1474 1475 1476 1477 1478 1479 1480 1481 1483 1484]] [99 [1485 1487 1489 1490 1492 1493 1495 1497 1498]]]","[[0 [6 9]] [1 [16 17 18 19 22 23 24 25 26 29]] [2 [30 31 32 33 37 40 41 42 44]] [3 [45 48 50 51 52 54 58]] [4 [62 65 67 68 69 70 71 74]] [5 [75 78 79 80 81 84]] [6 [91 93 94 95 96 97 99 100 104]] [7 [105 106 107 111 112 114 116 117 118]] [8 [121 122 123 126 129 130 131 132 134]] [9 [137 140 141 142 143 144 145 146 147]] [10 [152 154 155 156 158 159 161 164]] [11 [165 167 170 173 176 177 178]] [12 [180 181 182 183 187 188 190 191 192 193 194]] [13 [195 199 203 206 207 208]] [14 [210 211 212 213 215 216 218 220 221 222 223 224]] [15 [225 227 229 231 232 236 237 238]] [16 [243 244 245 246 247 248 249 250]] [17 [255 256 257 261 263 265 266 267 268 269]] [18 [270 272 273 274 275 278 279 280]] [19 [285 286 289 292 294 295 296 298 299]] [20 [300 301 303 305 310 312 313 314]] [21 [315 317 319 320 321 322 323 324 325]] [22 [331 332 334 340 341 343 344]] [23 [346 347 349 350 351 353 355 356 359]] [24 [360 361 362 364 366 371 372 374]] [25 [375 376 377 379 381 383 386 387 388]] [26 [392 393 394 397 398 399 400 401]] [27 [405 407 408 412 413 415 416 417 419]] [28 [421 423 425 427 429 430 433 434]] [29 [436 438 439 443 444 445 446 447 449]] [30 [451 452 456 457 458 459 460 462 464]] [31 [467 468 469 470 471 472 473 474 475 478 479]] [32 [480 482 486 487 489 490 491 492 493]] [33 [495 496 497 498 501 503 506 509]] [34 [510 515 516 517 518 519 520 523 524]] [35 [528 529 531 533 534 535 537 538]] [36 [540 542 543 545 546 548 549 551 552 553 554]] [37 [556 558 559 566 567 568]] [38 [571 572 573 575 576 578 580 581 582 583]] [39 [589 591 592 594 598 599]] [40 [600 602 604 611]] [41 [619 620 623 624 625 627 628 629]] [42 [630 631 632 633 639 640 642 643 644]] [43 [645 646 647 648 653 655 659]] [44 [662 664 667 668 669 671 672 673]] [45 [676 678 679 680 682 683 684 686 688 689]] [46 [691 692 694 699 701 704]] [47 [705 706 707 708 709 714 715 716 717]] [48 [721 725 729 730 734]] [49 [735 736 739 740 741 746 748 749]] [50 [750 752 753 755 756 757 758 760 761 763 764]] [51 [765 767 768 769 770 771 772 773 774 777]] [52 [781 783 784 785 786 788 790 792 794]] [53 [795 796 797 799 800 804 805 808]] [54 [810 811 813 816 817 818 819 820 821 822 823]] [55 [826 828 829 831 833 834 836 838 839]] [56 [840 841 842 843 845 847 848 850 851 852]] [57 [855 856 857 858 859 860 863 864 865 866 869]] [58 [870 872 874 876 880]] [59 [885 889 893 894 896]] [60 [901 907 908 910 914]] [61 [916 920 922 925 929]] [62 [931 937 939 944]] [63 [948 951 953 957 958]] [64 [960 964 965 968 969 970 972 973 974]] [65 [975 976 977 978]] [66 [994 997 999 1002 1003]] [67 [1005 1010 1011 1012 1014 1017]] [68 [1020 1021 1023 1025 1026 1030 1032 1033]] [69 [1035 1036 1038 1040 1042 1043 1047 1048]] [70 [1051 1052 1054 1055 1057 1058 1060 1062 1063 1064]] [71 [1065 1067 1069 1070 1073 1075 1076 1077 1078 1079]] [72 [1080 1082 1083 1085 1086 1088 1089 1090 1091 1094]] [73 [1095 1096 1098 1099 1100 1101 1103 1104 1105]] [74 [1110 1112 1113 1114 1116 1117 1120 1121 1123 1124]] [75 [1125 1128 1129 1135 1136 1137 1138 1139]] [76 [1140 1141 1142 1144 1145 1146 1147 1149 1151 1152 1153]] [77 [1155 1156 1158 1159 1160 1162 1163 1166 1168]] [78 [1171 1173 1175 1176 1177 1178 1179 1182 1184]] [79 [1186 1189 1191 1192 1193 1194 1195 1196 1199]] [80 [1200 1201 1202 1204 1205 1207 1208 1212 1213]] [81 [1215 1218 1219 1220 1221 1222 1223 1226 1227]] [82 [1233 1234 1236 1241 1243]] [83 [1245 1248 1249 1250 1251 1252 1253 1255 1256 1257 1258]] [84 [1260 1261 1265 1267 1274]] [85 [1276 1277 1279 1286 1287 1288 1289]] [86 [1290 1293 1295 1299 1300 1301 1304]] [87 [1305 1308 1309 1310 1311 1312 1316 1317 1318 1319]] [88 [1320 1321 1324 1325 1326 1327 1329 1332 1333]] [89 [1336 1339 1341 1342 1343 1344 1345 1347 1348]] [90 [1352 1353 1354 1355 1358 1359 1360]] [91 [1365 1366 1371 1372 1379]] [92 [1381 1382 1383 1384 1385 1386 1388 1390 1391 1392 1393]] [93 [1395 1397 1398 1399 1401]] [94 [1411 1414 1416 1417 1418 1420 1422 1424]] [95 [1426 1428 1429 1430 1431 1432 1433 1435 1436 1437]] [96 [1440 1441 1444 1445 1448 1450 1451 1452 1453 1454]] [97 [1457 1458 1460 1462 1463 1464 1465 1466 1467 1468]] [98 [1473 1474 1475 1476 1477 1479 1481 1483]] [99 [1485 1487 1489 1490 1492 1493 1495 1497]]]",,"[[{citizen 5} [[""A"" [5 5]]]] [{citizen 6} [[""A"" [5 6]]]] [{citizen 7} [[""A"" [6 5]]]] [{citizen 8} [[""A"" [6 5]]]] [{citizen 10} [[""A"" [6 6]]]] [{citizen 13} [[""A"" [6 5]]]] [{citizen 15} [[""A"" [5 5]]]] [{citizen 17} [[""A"" [6 5]]]] [{citizen 18} [[""A"" [5 5]]]] [{citizen 19} [[""A"" [5 5]]]] [{citizen 20} [[""A"" [5 6]]]] [{citizen 21} [[""A"" [6 5]]]] [{citizen 23} [[""A"" [6 5]]]] [{citizen 27} [[""A"" [5 5]]]] [{citizen 28} [[""A"" [5 5]]]] [{citizen 29} [[""A"" [5 5]]]] [{citizen 34} [[""A"" [6 4]]]] [{citizen 35} [[""A"" [6 5]]]] [{citizen 37} [[""A"" [5 5]]]] [{citizen 41} [[""A"" [6 4]]]] [{citizen 43} [[""A"" [5 6]]]] [{citizen 45} [[""A"" [6 5]]]] [{media 50} [[""A"" [3 3]]]] [{media 52} [[""A"" [3 3]]]] [{media 63} [[""A"" [5 5]]]] [{citizen 0} [[""A"" [6 5]]]] [{citizen 1} [[""A"" [5 4]]]] [{media 61} [[""A"" [5 5]]]] [{citizen 3} [[""A"" [6 6]]]] [{media 64} [[""A"" [6 6]]]] [{media 62} [[""A"" [0 0]]]] [{citizen 46} [[""A"" [5 5]]]] [{citizen 12} [[""A"" [5 5]]]] [{citizen 48} [[""A"" [5 6]]]] [{media 55} [[""A"" [5 5]]]] [{citizen 32} [[""A"" [6 5]]]] [{media 54} [[""A"" [1 1]]]] [{media 53} [[""A"" [3 3]]]] [{media 56} [[""A"" [4 4]]]] [{citizen 33} [[""A"" [6 5]]]] [{citizen 36} [[""A"" [5 5]]]] [{citizen 39} [[""A"" [6 6]]]] [{citizen 25} [[""A"" [6 5]]]] [{citizen 14} [[""A"" [5 5]]]] [{media 59} [[""A"" [5 5]]]] [{citizen 9} [[""A"" [6 5]]]] [{citizen 30} [[""A"" [5 6]]]] [{citizen 2} [[""A"" [6 5]]]] [{citizen 44} [[""A"" [5 6]]]] [{media 58} [[""A"" [5 5]]]] [{citizen 26} [[""A"" [6 5]]]] [{media 51} [[""A"" [6 6]]]] [{citizen 31} [[""A"" [5 5]]]] [{media 57} [[""A"" [6 6]]]] [{citizen 47} [[""A"" [5 5]]]] [{citizen 42} [[""A"" [5 6]]]] [{citizen 11} [[""A"" [6 5]]]] [{citizen 49} [[""A"" [5 5]]]] [{citizen 40} [[""A"" [5 5]]]] [{citizen 16} [[""A"" [5 4]]]] [{citizen 38} [[""A"" [5 5]]]] [{media 60} [[""A"" [2 2]]]] [{citizen 22} [[""A"" [5 5]]]] [{citizen 24} [[""A"" [5 6]]]]]"
"5","[85 0 170]","123.75","4.145690835492933","-2.4945759481112475","""circle""","""""","9.9","{breed citizens}","false","0.5","1","""up""",,"[[""ID"" 3] [""alpha"" 1] [""beta"" 1] [""malleable"" [""A""]] [""prior"" []] [""cont_tokens"" []] [""A"" 4]]","[[0 [5 6 9 10 12]] [1 [15 16 17 18 19 20 21 22 23 24 25 26 27 29]] [2 [30 31 32 33 35 36 37 39 40 41 42 43 44]] [3 [45 46 47 48 49 50 51 52 54 56 57 58 59]] [4 [61 62 63 65 66 67 68 69 70 71 72 74]] [5 [75 76 77 78 79 80 81 82 83 84 85 86 88]] [6 [90 91 93 94 95 96 97 98 99 100 101 102 103 104]] [7 [105 106 107 111 112 114 116 117 118]] [8 [121 122 123 126 129 130 131 132 134]] [9 [137 140 141 142 143 144 145 146 147]] [10 [151 152 154 155 156 158 159 161 164]] [11 [165 167 170 173 174 176 177 178 179]] [12 [180 181 182 183 185 187 188 189 190 191 192 193 194]] [13 [195 196 197 199 201 202 203 204 206 207 208 209]] [14 [210 211 212 213 215 216 218 220 221 222 223 224]] [15 [225 227 229 231 232 236 237 238 239]] [16 [241 243 244 245 246 247 248 249 250 251 252 254]] [17 [255 256 257 259 260 261 263 265 266 267 268 269]] [18 [270 272 273 274 275 277 278 279 280]] [19 [285 286 289 292 294 295 296 298 299]] [20 [300 301 303 305 310 312 313 314]] [21 [315 317 319 320 321 322 323 324 325]] [22 [331 332 334 336 338 340 341 343 344]] [23 [346 347 349 350 351 353 355 356 359]] [24 [360 361 362 364 366 371 372 374]] [25 [375 376 377 379 381 383 386 387 388]] [26 [392 393 394 397 398 399 400 401]] [27 [405 407 408 412 413 415 416 417 419]] [28 [421 423 425 427 428 429 430 433 434]] [29 [436 438 439 443 444 445 446 447 449]] [30 [451 452 454 456 457 458 459 460 462 463 464]] [31 [467 468 469 470 471 472 473 474 475 478 479]] [32 [480 482 486 487 489 490 491 492 493]] [33 [495 496 497 498 501 503 506 507 509]] [34 [510 511 513 515 516 517 518 519 520 522 523 524]] [35 [526 527 528 529 530 531 533 534 535 536 537 538 539]] [36 [540 542 543 545 546 547 548 549 551 552 553 554]] [37 [555 556 557 558 559 564 565 566 567 568 569]] [38 [570 571 572 573 575 576 577 578 579 580 581 582 583 584]] [39 [585 586 587 589 590 591 592 593 594 595 596 597 598 599]] [40 [600 601 602 603 604 605 606 607 608 609 610 611 612 613 614]] [41 [615 616 617 618 619 620 621 622 623 624 625 626 627 628 629]] [42 [630 631 632 633 634 635 637 639 640 642 643 644]] [43 [645 646 647 648 651 653 655 656 659]] [44 [661 662 663 664 665 666 667 668 669 671 672 673 674]] [45 [675 676 677 678 679 680 682 683 684 686 687 688 689]] [46 [691 692 693 694 696 697 698 699 700 701 702 703 704]] [47 [705 706 707 708 709 710 711 712 713 714 715 716 717 719]] [48 [720 721 722 723 724 725 726 727 728 729 730 731 732 733 734]] [49 [735 736 738 739 740 741 742 744 746 747 748 749]] [50 [750 751 752 753 754 755 756 757 758 760 761 763 764]] [51 [765 766 767 768 769 770 771 772 773 774 777 778 779]] [52 [780 781 782 783 784 785 786 787 788 789 790 791 792 794]] [53 [795 796 797 798 799 800 803 804 805 807 808]] [54 [810 811 813 815 816 817 818 819 820 821 822 823 824]] [55 [826 827 828 829 830 831 832 833 834 835 836 837 838 839]] [56 [840 841 842 843 844 845 846 847 848 849 850 851 852 853]] [57 [855 856 857 858 859 860 861 862 863 864 865 866 869]] [58 [870 871 872 874 875 876 880]] [59 [885 889 893 894 896]] [60 [901 907 908 910 914]] [61 [916 920 922 925 929]] [62 [931 932 937 939 944]] [63 [948 951 953 957 958]] [64 [960 964 965 968 969 970 972 973 974]] [65 [975 976 977 978 985]] [66 [990 991 992 993 994 997 998 999 1000 1002 1003]] [67 [1005 1006 1007 1010 1011 1012 1013 1014 1015 1016 1017 1018]] [68 [1020 1021 1022 1023 1024 1025 1026 1028 1029 1030 1031 1032 1033 1034]] [69 [1035 1036 1038 1040 1042 1043 1047 1048 1049]] [70 [1050 1051 1052 1054 1055 1056 1057 1058 1060 1061 1062 1063 1064]] [71 [1065 1066 1067 1069 1070 1071 1073 1074 1075 1076 1077 1078 1079]] [72 [1080 1081 1082 1083 1084 1085 1086 1088 1089 1090 1091 1093 1094]] [73 [1095 1096 1097 1098 1099 1100 1101 1103 1104 1105 1107 1108 1109]] [74 [1110 1111 1112 1113 1114 1115 1116 1117 1118 1120 1121 1123 1124]] [75 [1125 1127 1128 1129 1130 1131 1132 1133 1135 1136 1137 1138 1139]] [76 [1140 1141 1142 1144 1145 1146 1147 1149 1150 1151 1152 1153 1154]] [77 [1155 1156 1157 1158 1159 1160 1161 1162 1163 1164 1166 1167 1168]] [78 [1170 1171 1172 1173 1174 1175 1176 1177 1178 1179 1180 1181 1182 1184]] [79 [1186 1187 1189 1190 1191 1192 1193 1194 1195 1196 1197 1198 1199]] [80 [1200 1201 1202 1203 1204 1205 1206 1207 1208 1212 1213 1214]] [81 [1215 1217 1218 1219 1220 1221 1222 1223 1224 1225 1226 1227 1228]] [82 [1230 1231 1232 1233 1234 1235 1236 1237 1238 1239 1241 1243 1244]] [83 [1245 1247 1248 1249 1250 1251 1252 1253 1254 1255 1256 1257 1258]] [84 [1260 1261 1262 1263 1265 1266 1267 1268 1269 1270 1272 1273 1274]] [85 [1275 1276 1277 1278 1279 1280 1281 1282 1284 1285 1286 1287 1288 1289]] [86 [1290 1291 1292 1293 1295 1296 1297 1298 1299 1300 1301 1302 1304]] [87 [1305 1306 1308 1309 1310 1311 1312 1314 1315 1316 1317 1318 1319]] [88 [1320 1321 1322 1324 1325 1326 1327 1328 1329 1331 1332 1333 1334]] [89 [1335 1336 1337 1338 1339 1341 1342 1343 1344 1345 1347 1348 1349]] [90 [1350 1351 1352 1353 1354 1355 1357 1358 1359 1360 1361 1363 1364]] [91 [1365 1366 1367 1368 1369 1370 1371 1372 1373 1374 1376 1377 1378 1379]] [92 [1380 1381 1382 1383 1384 1385 1386 1387 1388 1389 1390 1391 1392 1393]] [93 [1395 1397 1398 1399 1400 1401 1403 1404 1405 1406 1407 1408 1409]] [94 [1410 1411 1412 1413 1414 1415 1416 1417 1418 1419 1420 1421 1422 1424]] [95 [1425 1426 1427 1428 1429 1430 1431 1432 1433 1435 1436 1437 1439]] [96 [1440 1441 1443 1444 1445 1448 1450 1451 1452 1453 1454]] [97 [1457 1458 1460 1462 1463 1464 1465 1466 1467 1468 1469]] [98 [1470 1471 1473 1474 1475 1476 1477 1478 1479 1480 1481 1483 1484]] [99 [1485 1487 1489 1490 1492 1493 1495 1497 1498]]]","[[0 [9 12]] [1 [17 18 19 22 23 24 25 26 29]] [2 [30 31 32 33 36 37 39 42 44]] [3 [45 50 51 52 54 58 59]] [4 [61 62 63 65 67 68 69 70 71 74]] [5 [75 78 79 80 81 84]] [6 [91 93 94 95 97 98 99 100 104]] [7 [105 106 107 111 112 114 116 117 118]] [8 [121 122 123 126 129 130 132 134]] [9 [137 140 141 142 143 144 145 146 147]] [10 [151 152 154 155 156 158 159 161 164]] [11 [165 167 170 173 174 176 177 179]] [12 [180 182 185 189 191 192 193 194]] [13 [196 197 201 202 204 206 207 208]] [14 [210 211 212 213 215 216 218 220 221 222 224]] [15 [225 227 229 231 232 236 237 238]] [16 [244 245 246 247 248 251 252 254]] [17 [259 260 261 263 265 266 267 268 269]] [18 [270 272 273 274 275 277 279 280]] [19 [285 286 292 294 295 296 298 299]] [20 [300 301 303 305 310 312 313 314]] [21 [315 317 319 320 321 322 323 324 325]] [22 [331 332 334 336 338 340 341 343 344]] [23 [346 347 349 350 351 353 355 356 359]] [24 [360 361 362 364 366 371 372 374]] [25 [375 376 377 381 383 386 387 388]] [26 [392 393 394 397 398 399 400 401]] [27 [405 407 408 412 413 415 416 417 419]] [28 [421 423 425 427 429 430 433 434]] [29 [436 438 439 443 444 445 446 447 449]] [30 [451 452 457 458 462]] [31 [467 468 469 470 471 472 473 474 475 478 479]] [32 [480 482 486 487 489 490 491 492 493]] [33 [495 496 497 498 501 503 506 509]] [34 [510 511 513 517 518 519 520 522]] [35 [526 527 530 535 537 538]] [36 [540 542 543 545 546 548 549 551 552 553 554]] [37 [556 558 559 566 567 568]] [38 [571 572 573 575 576 578 580 581 582 584]] [39 [585 586 587 589 591 592 593 594 595 596 597 598 599]] [40 [601 602 604 611]] [41 [620 622 623 624 625 627 628]] [42 [630 631 632 633 639 640 642 643 644]] [43 [645 646 651 653 655 656]] [44 [661 662 664 667 668 669 671 672 673 674]] [45 [675 680 682 683 686 688 689]] [46 [691 692 693 696 697 698 699 700 701 704]] [47 [705 706 707 708 709 714 715 717 719]] [48 [720 721 725 730 733 734]] [49 [735 736 739 740 741 744 746 748 749]] [50 [750 752 753 755 756 757 758 760 761 763 764]] [51 [765 767 768 769 770 772 773 774 777]] [52 [781 783 784 785 786 788 789 790 791 794]] [53 [795 796 797 798 799 800 804 805 808]] [54 [810 811 813 815 817 822 823 824]] [55 [826 828 829 831 833 834 835 837]] [56 [844 846 847 849 852]] [57 [855 856 857 858 859 860 863 864 866 869]] [58 [870 872 874 875 876 880]] [59 [885 889 893 894 896]] [60 [901 907 910 914]] [61 [916 920 922 925 929]] [62 [931 932 937 939 944]] [63 [948 951 953 957 958]] [64 [960 965 968 969 970 972 973 974]] [65 [975 976 977 978 985]] [66 [990 991 992 993 994 997 1002 1003]] [67 [1005 1010 1011 1013 1014 1017]] [68 [1020 1021 1023 1025 1028 1029 1031 1032 1033]] [69 [1035 1036 1038 1040 1042 1043 1047 1048]] [70 [1050 1051 1052 1054 1057 1058 1060 1062 1063 1064]] [71 [1065 1067 1069 1070 1073 1075 1076 1077 1079]] [72 [1080 1082 1083 1085 1086 1088 1089 1090 1091 1094]] [73 [1095 1096 1098 1099 1100 1101 1103 1107 1108 1109]] [74 [1111 1112 1113 1114 1118 1121 1123 1124]] [75 [1125 1128 1129 1135 1136 1137 1138 1139]] [76 [1140 1141 1142 1144 1146 1147 1149 1151 1152 1153]] [77 [1157 1158 1159 1160 1162 1163 1166 1168]] [78 [1171 1172 1173 1175 1176 1177 1178 1179 1180 1181]] [79 [1187 1189 1191 1192 1194 1195 1196 1199]] [80 [1200 1201 1202 1204 1205 1207 1208 1212 1214]] [81 [1215 1218 1219 1220 1221 1222 1223 1224 1225 1226 1227]] [82 [1230 1231 1232 1233 1236 1241 1243 1244]] [83 [1245 1248 1249 1250 1251 1252 1254 1257 1258]] [84 [1260 1262 1263 1266 1269 1270 1272 1273 1274]] [85 [1276 1277 1279 1281 1282 1284 1285 1287 1288 1289]] [86 [1290 1293 1295 1299 1302 1304]] [87 [1305 1308 1309 1310 1311 1312 1316 1317 1319]] [88 [1320 1321 1324 1325 1326 1327 1328 1329 1332 1333]] [89 [1336 1339 1341 1342 1343 1344 1345 1347 1348 1349]] [90 [1350 1351 1352 1353 1354 1355 1358 1363 1364]] [91 [1366 1371 1372 1379]] [92 [1381 1386 1388 1389 1392 1393]] [93 [1395 1397 1398 1399 1401]] [94 [1411 1413 1414 1416 1417 1418 1420 1421]] [95 [1425 1427 1428 1429 1436 1437]] [96 [1440 1441 1444 1445 1448 1450 1451 1453 1454]] [97 [1457 1460 1462 1463 1464 1465 1466 1467 1468]] [98 [1473 1474 1475 1476 1477 1479 1483 1484]] [99 [1485 1487 1489 1490 1492 1493 1495 1497]]]",,"[[{citizen 6} [[""A"" [6 5]]]] [{citizen 8} [[""A"" [5 4]]]] [{citizen 9} [[""A"" [6 4]]]] [{citizen 10} [[""A"" [5 5]]]] [{citizen 11} [[""A"" [5 4]]]] [{citizen 15} [[""A"" [6 5]]]] [{citizen 28} [[""A"" [5 4]]]] [{citizen 29} [[""A"" [6 4]]]] [{citizen 30} [[""A"" [6 4]]]] [{citizen 31} [[""A"" [5 5]]]] [{citizen 33} [[""A"" [5 5]]]] [{citizen 42} [[""A"" [6 5]]]] [{media 50} [[""A"" [3 3]]]] [{media 52} [[""A"" [3 3]]]] [{media 61} [[""A"" [5 5]]]] [{media 63} [[""A"" [5 5]]]] [{citizen 0} [[""A"" [5 4]]]] [{citizen 1} [[""A"" [5 4]]]] [{citizen 4} [[""A"" [5 4]]]] [{citizen 2} [[""A"" [5 5]]]] [{media 64} [[""A"" [6 6]]]] [{media 62} [[""A"" [0 0]]]] [{citizen 46} [[""A"" [5 5]]]] [{citizen 41} [[""A"" [5 4]]]] [{citizen 12} [[""A"" [6 4]]]] [{citizen 26} [[""A"" [5 5]]]] [{citizen 34} [[""A"" [6 4]]]] [{citizen 44} [[""A"" [5 6]]]] [{citizen 17} [[""A"" [6 6]]]] [{citizen 36} [[""A"" [5 5]]]] [{citizen 3} [[""A"" [5 6]]]] [{citizen 19} [[""A"" [5 6]]]] [{citizen 48} [[""A"" [6 5]]]] [{media 55} [[""A"" [5 5]]]] [{citizen 32} [[""A"" [5 5]]]] [{citizen 13} [[""A"" [6 4]]]] [{media 54} [[""A"" [1 1]]]] [{media 53} [[""A"" [3 3]]]] [{media 56} [[""A"" [4 4]]]] [{citizen 39} [[""A"" [5 5]]]] [{citizen 25} [[""A"" [5 6]]]] [{citizen 40} [[""A"" [5 4]]]] [{citizen 16} [[""A"" [5 4]]]] [{citizen 14} [[""A"" [5 4]]]] [{citizen 20} [[""A"" [5 6]]]] [{media 59} [[""A"" [5 5]]]] [{media 58} [[""A"" [5 5]]]] [{citizen 37} [[""A"" [6 5]]]] [{citizen 35} [[""A"" [5 4]]]] [{media 51} [[""A"" [6 6]]]] [{citizen 18} [[""A"" [5 4]]]] [{media 57} [[""A"" [6 6]]]] [{citizen 45} [[""A"" [5 6]]]] [{citizen 47} [[""A"" [5 4]]]] [{citizen 27} [[""A"" [6 5]]]] [{citizen 23} [[""A"" [6 4]]]] [{citizen 43} [[""A"" [5 6]]]] [{citizen 49} [[""A"" [5 4]]]] [{citizen 38} [[""A"" [5 4]]]] [{media 60} [[""A"" [2 2]]]] [{citizen 21} [[""A"" [6 5]]]] [{citizen 22} [[""A"" [5 5]]]] [{citizen 7} [[""A"" [5 5]]]] [{citizen 24} [[""A"" [5 6]]]]]"
"6","[0 0 255]","153.75","2.1478789962180915","-3.9034609234523763","""circle""","""""","9.9","{breed citizens}","false","0.5","1","""up""",,"[[""ID"" 29] [""alpha"" 1] [""beta"" 1] [""malleable"" [""A""]] [""prior"" []] [""cont_tokens"" []] [""A"" 6]]","[[0 [5 6 9 10 12]] [1 [15 16 17 18 19 20 21 22 23 24 25 26 27 29]] [2 [30 31 32 33 34 37 38 40 41 42 44]] [3 [45 48 49 50 51 52 54 56 57 58 59]] [4 [61 62 63 65 66 67 68 69 70 71 72 74]] [5 [75 76 77 78 79 80 81 82 83 84 85 86 88]] [6 [90 91 93 94 95 96 97 98 99 100 103 104]] [7 [105 106 107 111 112 114 116 117 118]] [8 [121 122 123 126 129 130 131 132 134]] [9 [137 140 141 142 143 144 145 146 147]] [10 [151 152 154 155 156 158 159 161 164]] [11 [165 167 170 173 174 176 177 178 179]] [12 [180 181 182 183 185 187 188 189 190 191 192 193 194]] [13 [195 196 197 199 201 202 203 204 206 207 208 209]] [14 [210 211 212 213 215 216 218 220 221 222 223 224]] [15 [225 227 229 231 232 236 237 238 239]] [16 [241 243 244 245 246 247 248 249 250 251 252 254]] [17 [255 256 257 259 260 261 263 265 266 267 268 269]] [18 [270 272 273 274 275 277 278 279 280]] [19 [285 286 289 292 294 295 296 298 299]] [20 [300 301 303 305 310 312 313 314]] [21 [315 317 319 320 321 322 323 324 325]] [22 [331 332 334 336 338 340 341 343 344]] [23 [346 347 349 350 351 353 355 356 359]] [24 [360 361 362 364 366 371 372 374]] [25 [375 376 377 379 381 383 386 387 388]] [26 [392 393 394 397 398 399 400 401]] [27 [405 407 408 412 413 415 416 417 419]] [28 [421 423 425 427 428 429 430 433 434]] [29 [436 438 439 443 444 445 446 447 449]] [30 [451 452 454 456 457 458 459 460 462 463 464]] [31 [467 468 469 470 471 472 473 474 475 478 479]] [32 [480 482 486 487 489 490 491 492 493]] [33 [495 496 497 498 501 503 506 507 509]] [34 [510 511 513 515 516 517 518 519 520 522 523 524]] [35 [526 527 528 529 530 531 533 534 535 536 537 538 539]] [36 [540 542 543 545 546 547 548 549 551 552 553 554]] [37 [555 556 557 558 559 564 565 566 567 568 569]] [38 [570 571 572 573 575 576 577 578 579 580 581 582 583 584]] [39 [585 586 587 589 590 591 592 593 594 595 596 597 598 599]] [40 [600 601 602 603 604 605 606 607 608 609 610 611 612 613 614]] [41 [615 616 617 618 619 620 621 622 623 624 625 627 628 629]] [42 [630 631 632 633 637 639 640 642 643 644]] [43 [645 646 647 648 651 653 655 656 659]] [44 [661 662 663 664 665 666 667 668 669 671 672 673 674]] [45 [675 676 677 678 679 680 682 683 684 686 687 688 689]] [46 [691 692 693 694 696 697 698 699 700 701 702 703 704]] [47 [705 706 707 708 709 710 711 712 713 714 715 716 717 719]] [48 [720 721 722 723 724 725 726 727 728 729 730 731 732 733 734]] [49 [735 736 738 739 740 741 742 744 746 747 748 749]] [50 [750 751 752 753 754 755 756 757 758 760 761 762 763 764]] [51 [765 766 767 768 769 770 771 772 773 774 776 777 778 779]] [52 [780 781 782 783 784 785 786 787 788 789 790 791 792 794]] [53 [795 796 797 798 799 800 803 804 805 807 808]] [54 [810 811 813 815 816 817 818 819 820 821 822 823 824]] [55 [826 827 828 829 830 831 832 833 834 835 836 837 838 839]] [56 [840 841 842 843 844 845 846 847 848 849 850 851 852 853]] [57 [855 856 857 858 859 860 861 862 863 864 865 866 869]] [58 [870 871 872 874 875 876 880]] [59 [885 889 893 894 896]] [60 [901 907 908 910 914]] [61 [916 920 922 925 929]] [62 [931 932 937 939 944]] [63 [948 951 953 957 958]] [64 [960 964 965 968 969 970 972 973 974]] [65 [975 976 977 978 985]] [66 [990 991 992 993 994 997 998 999 1000 1002 1003]] [67 [1005 1006 1007 1010 1011 1012 1013 1014 1015 1016 1017 1018]] [68 [1020 1021 1022 1023 1024 1025 1026 1028 1029 1030 1031 1032 1033 1034]] [69 [1035 1036 1038 1040 1042 1043 1047 1048 1049]] [70 [1050 1051 1052 1054 1055 1056 1057 1058 1060 1061 1062 1063 1064]] [71 [1065 1066 1067 1069 1070 1071 1073 1074 1075 1076 1077 1078 1079]] [72 [1080 1081 1082 1083 1084 1085 1086 1088 1089 1090 1091 1093 1094]] [73 [1095 1096 1097 1098 1099 1100 1101 1103 1104 1105 1107 1108 1109]] [74 [1110 1111 1112 1113 1114 1115 1116 1117 1118 1120 1121 1123 1124]] [75 [1125 1127 1128 1129 1130 1131 1132 1133 1135 1136 1137 1138 1139]] [76 [1140 1141 1142 1144 1145 1146 1147 1149 1150 1151 1152 1153 1154]] [77 [1155 1156 1157 1158 1159 1160 1161 1162 1163 1164 1166 1167 1168]] [78 [1170 1171 1172 1173 1174 1175 1176 1177 1178 1179 1180 1181 1182 1184]] [79 [1186 1187 1189 1190 1191 1192 1193 1194 1195 1196 1197 1198 1199]] [80 [1200 1201 1202 1203 1204 1205 1206 1207 1208 1210 1211 1212 1213 1214]] [81 [1215 1217 1218 1219 1220 1221 1222 1223 1224 1225 1226 1227 1228]] [82 [1230 1231 1232 1233 1234 1235 1236 1237 1238 1239 1241 1243 1244]] [83 [1245 1247 1248 1249 1250 1251 1252 1253 1254 1255 1256 1257 1258]] [84 [1260 1261 1262 1263 1265 1266 1267 1268 1269 1270 1272 1273 1274]] [85 [1275 1276 1277 1278 1279 1280 1281 1282 1284 1285 1286 1287 1288 1289]] [86 [1290 1291 1292 1293 1295 1296 1297 1298 1299 1300 1301 1302 1304]] [87 [1305 1306 1308 1309 1310 1311 1312 1314 1315 1316 1317 1318 1319]] [88 [1320 1321 1322 1324 1325 1326 1327 1328 1329 1331 1332 1333 1334]] [89 [1335 1336 1337 1338 1339 1341 1342 1343 1344 1345 1347 1348 1349]] [90 [1350 1351 1352 1353 1354 1355 1357 1358 1359 1360 1361 1363 1364]] [91 [1365 1366 1367 1368 1369 1370 1371 1372 1373 1374 1376 1377 1378 1379]] [92 [1380 1381 1382 1383 1384 1385 1386 1388 1389 1390 1391 1392 1393]] [93 [1395 1397 1398 1399 1400 1401 1403 1404 1405 1406 1407 1408 1409]] [94 [1410 1411 1412 1413 1414 1415 1416 1417 1418 1419 1420 1421 1422 1424]] [95 [1425 1426 1427 1428 1429 1430 1431 1432 1433 1435 1436 1437 1439]] [96 [1440 1441 1443 1444 1445 1448 1450 1451 1452 1453 1454]] [97 [1457 1458 1460 1462 1463 1464 1465 1466 1467 1468 1469]] [98 [1470 1471 1473 1474 1475 1476 1477 1478 1479 1480 1481 1483 1484]] [99 [1485 1487 1489 1490 1492 1493 1495 1497 1498]]]","[[0 [5 9]] [1 [15 20]] [2 [34 38 44]] [3 [45 50 51 52 54 58 59]] [4 [61 62 63 65 67 68 69 70 71 74]] [5 [75 78 79 80 81 83 85 86 88]] [6 [90 91 93 94 95 96 97 98 99 100 104]] [7 [105 106 107 111 112 114 116 117 118]] [8 [121 122 123 126 129 130 132 134]] [9 [137 140 141 142 143 144 146 147]] [10 [151 152 154 155 156 158 159 161 164]] [11 [165 170 173 174 178 179]] [12 [180 181 182 185 189 191 192 193 194]] [13 [195 199 203 204 206 207 208]] [14 [210 211 212 218 220 223 224]] [15 [225 227 229 231 232 236 237 239]] [16 [241 243 244 245 246 247 248 251 252 254]] [17 [257 259 260 261 263 265 266 267 268 269]] [18 [270 272 273 274 275 278 279 280]] [19 [285 286 289 292 294 295 296 298 299]] [20 [300 301 303 305 310 312 313 314]] [21 [315 317 319 320 321 322 323 324 325]] [22 [331 332 334 336 338 340 341 343 344]] [23 [346 347 349 350 351 353 355 356 359]] [24 [360 361 362 364 371 372 374]] [25 [375 376 377 379 381 383 387 388]] [26 [392 393 394 397 398 399 400 401]] [27 [405 407 408 412 413 415 416 417 419]] [28 [421 423 425 427 428 430 433 434]] [29 [436 438 439 443 444 445 446 449]] [30 [451 452 457 458 459 460 462 464]] [31 [467 468 469 471 472 473 474 475 478 479]] [32 [480 482 486 487 489 490 491 492 493]] [33 [495 496 497 498 501 503 506 507 509]] [34 [510 515 516 517 518 519 520 522 523 524]] [35 [528 529 531 533 534 536 537 538]] [36 [540 542 543 545 546 547 551 553 554]] [37 [556 558 559 565 567 568]] [38 [572 573 575 576 578 580 581 582 583]] [39 [589 591 592 594 598 599]] [40 [600 602 603 605 606 608 609 610 612]] [41 [615 616 617 618 621 625 627 628 629]] [42 [630 631 632 633 639 640 642 643 644]] [43 [645 646 651 653 655 659]] [44 [661 663 665 666 668 669 671 672 673]] [45 [676 677 678 679 680 682 683 684 686 688 689]] [46 [691 692 693 696 697 698 699 700 701 704]] [47 [705 706 707 708 709 714 715 716 717 719]] [48 [720 721 723 724]] [49 [736 742]] [50 [751 754 762]] [51 [766 768 769 770 771 772 773 774 777]] [52 [781 783 784 785 786 788 790 791 794]] [53 [795 796 798 799 800 804 805 808]] [54 [810 811 813 815 816 817 818 819 820 821 822 823 824]] [55 [826 829 831 833 834 835 837 839]] [56 [840 841 842 843 845 849 851 852]] [57 [855 856 857 858 859 861 862 865 866 869]] [58 [871 874 875 876 880]] [59 [885 889 893 894 896]] [60 [901 907 908 910 914]] [61 [916 920 925 929]] [62 [932 937 939 944]] [63 [951 953 957 958]] [64 [960 964 965 968 969 970 972 973 974]] [65 [975 976 977 978]] [66 [991 992 993 997 1002 1003]] [67 [1005 1010 1011 1013 1014 1017]] [68 [1020 1021 1023 1025 1026 1028 1029 1031 1032 1033]] [69 [1035 1036 1038 1040 1042 1043 1047 1048 1049]] [70 [1050 1052 1055 1056 1061]] [71 [1065 1067 1069 1070 1073 1075 1076 1077 1079]] [72 [1080 1082 1083 1084 1086 1088 1089 1090 1091 1094]] [73 [1095 1096 1098 1099 1100 1101 1103 1107 1108 1109]] [74 [1111 1112 1113 1114 1115 1116 1117 1120 1121 1123 1124]] [75 [1125 1130 1131 1132 1133 1136 1137 1138 1139]] [76 [1140 1141 1142 1144 1146 1147 1149 1151 1152 1153]] [77 [1157 1158 1159 1160 1163 1166 1168]] [78 [1171 1172 1173 1175 1176 1177 1179 1182 1184]] [79 [1186 1189 1190 1191 1192 1194 1195 1196 1197 1198]] [80 [1203 1204 1205 1207 1208 1212 1213]] [81 [1217 1221 1223 1226 1228]] [82 [1230 1231 1232 1233 1234 1237 1238 1239 1241]] [83 [1247 1250 1251 1252 1254 1257]] [84 [1260 1261 1263 1266 1269 1270 1272]] [85 [1275 1278 1280 1281 1282 1284 1285 1286 1287 1288 1289]] [86 [1290 1293 1295 1299 1302 1304]] [87 [1305 1309 1310 1314 1315 1317 1319]] [88 [1320 1321 1324 1325 1326 1327 1328 1331 1334]] [89 [1335 1337 1338 1342 1343 1344 1345 1347 1348]] [90 [1351 1352 1353 1354 1355 1358 1361]] [91 [1365 1366 1369 1370 1373 1374 1376 1377 1378]] [92 [1380 1382 1383 1384 1385 1386 1388 1390 1391 1392 1393]] [93 [1395 1400 1403 1404 1405 1406 1407 1409]] [94 [1410 1412 1413 1414 1416 1417 1418 1420 1422 1424]] [95 [1426 1428 1429 1430 1431 1432 1433 1435 1436 1437]] [96 [1440 1441 1444 1445 1448 1450 1451 1453 1454]] [97 [1457 1460 1462 1463 1464 1465 1466 1467 1468]] [98 [1473 1474 1475 1476 1477 1479 1483 1484]] [99 [1485 1487 1489 1490 1492 1493 1495 1497 1498]]]",,"[[{citizen 7} [[""A"" [5 4]]]] [{citizen 9} [[""A"" [6 4]]]] [{citizen 19} [[""A"" [5 4]]]] [{citizen 23} [[""A"" [5 4]]]] [{citizen 25} [[""A"" [6 4]]]] [{citizen 26} [[""A"" [5 4]]]] [{citizen 41} [[""A"" [5 4]]]] [{citizen 46} [[""A"" [5 4]]]] [{citizen 48} [[""A"" [4 6]]]] [{citizen 49} [[""A"" [5 4]]]] [{media 50} [[""A"" [3 3]]]] [{media 52} [[""A"" [3 3]]]] [{media 61} [[""A"" [5 5]]]] [{media 63} [[""A"" [5 5]]]] [{citizen 0} [[""A"" [5 4]]]] [{citizen 1} [[""A"" [5 4]]]] [{citizen 4} [[""A"" [5 4]]]] [{citizen 5} [[""A"" [5 4]]]] [{citizen 2} [[""A"" [5 4]]]] [{media 64} [[""A"" [6 6]]]] [{media 62} [[""A"" [0 0]]]] [{citizen 12} [[""A"" [6 4]]]] [{citizen 34} [[""A"" [6 4]]]] [{citizen 44} [[""A"" [6 4]]]] [{citizen 17} [[""A"" [6 4]]]] [{citizen 30} [[""A"" [6 4]]]] [{citizen 8} [[""A"" [5 4]]]] [{citizen 36} [[""A"" [5 5]]]] [{citizen 3} [[""A"" [6 4]]]] [{citizen 29} [[""A"" [5 4]]]] [{citizen 40} [[""A"" [5 4]]]] [{citizen 15} [[""A"" [5 4]]]] [{citizen 31} [[""A"" [5 4]]]] [{media 55} [[""A"" [5 5]]]] [{citizen 32} [[""A"" [5 4]]]] [{media 54} [[""A"" [1 1]]]] [{media 53} [[""A"" [3 3]]]] [{citizen 28} [[""A"" [5 4]]]] [{media 56} [[""A"" [4 4]]]] [{citizen 33} [[""A"" [5 4]]]] [{citizen 39} [[""A"" [4 6]]]] [{citizen 16} [[""A"" [5 4]]]] [{citizen 37} [[""A"" [5 4]]]] [{citizen 14} [[""A"" [5 4]]]] [{citizen 20} [[""A"" [6 4]]]] [{media 59} [[""A"" [5 5]]]] [{media 58} [[""A"" [5 5]]]] [{citizen 35} [[""A"" [5 4]]]] [{citizen 42} [[""A"" [4 6]]]] [{media 51} [[""A"" [6 6]]]] [{citizen 18} [[""A"" [5 4]]]] [{media 57} [[""A"" [6 6]]]] [{citizen 45} [[""A"" [6 4]]]] [{citizen 47} [[""A"" [5 4]]]] [{citizen 43} [[""A"" [4 6]]]] [{citizen 27} [[""A"" [5 4]]]] [{citizen 11} [[""A"" [5 4]]]] [{citizen 13} [[""A"" [5 4]]]] [{citizen 38} [[""A"" [5 4]]]] [{media 60} [[""A"" [2 2]]]] [{citizen 10} [[""A"" [5 4]]]] [{citizen 21} [[""A"" [5 4]]]] [{citizen 22} [[""A"" [5 4]]]] [{citizen 24} [[""A"" [6 4]]]]]"
"7","[85 0 170]","183.75","-0.38269611262685066","-4.537881012413254","""circle""","""""","9.9","{breed citizens}","false","0.5","1","""up""",,"[[""ID"" 22] [""alpha"" 1] [""beta"" 1] [""malleable"" [""A""]] [""prior"" []] [""cont_tokens"" []] [""A"" 4]]","[[0 [0 5 6 9 10 12]] [1 [17 18 19 22 23 24 25 26 29]] [2 [34 38 44]] [3 [45 48 50 51 52 54 55 56 57 58 59]] [4 [61 62 63 65 66 67 68 69 70 71 72 74]] [5 [75 76 77 78 79 80 81 82 83 84 85 86 88]] [6 [90 91 93 94 95 96 97 98 99 100 101 102 103 104]] [7 [105 106 107 111 112 114 116 117 118]] [8 [121 122 123 126 129 130 131 132 134]] [9 [137 140 141 142 143 144 145 146 147]] [10 [151 152 154 155 156 158 159 161 164]] [11 [165 167 170 173 174 176 177 178 179]] [12 [180 181 182 183 185 187 188 189 190 191 192 193 194]] [13 [195 196 197 199 201 202 203 204 206 207 208 209]] [14 [210 211 212 213 215 216 218 220 221 222 223 224]] [15 [225 227 229 231 232 236 237 238 239]] [16 [241 243 244 245 246 247 248 249 250 251 252 254]] [17 [255 256 257 259 260 261 263 265 266 267 268 269]] [18 [270 272 273 274 275 277 278 279 280]] [19 [285 286 289 292 294 295 296 298 299]] [20 [300 301 303 305 310 312 313 314]] [21 [315 317 319 320 321 322 323 324 325]] [22 [331 332 334 336 338 340 341 343 344]] [23 [346 347 349 350 351 353 355 356 359]] [24 [360 361 362 364 366 371 372 374]] [25 [375 376 377 379 381 383 386 387 388]] [26 [392 393 394 397 398 399 400 401]] [27 [405 407 408 412 413 415 416 417 419]] [28 [421 423 425 427 428 429 430 433 434]] [29 [436 438 439 443 444 445 446 447 449]] [30 [451 452 454 456 457 458 459 460 462 463 464]] [31 [467 468 469 470 471 472 473 474 475 478 479]] [32 [480 482 486 487 489 490 491 492 493]] [33 [495 496 497 498 501 503 506 507 509]] [34 [510 511 513 515 516 517 518 519 520 522 523 524]] [35 [526 527 528 529 530 531 533 534 535 536 537 538 539]] [36 [540 542 543 545 546 547 548 549 551 552 553 554]] [37 [555 556 557 558 559 564 565 566 567 568 569]] [38 [570 571 572 573 575 576 577 578 579 580 581 582 583 584]] [39 [585 586 587 589 590 591 592 593 594 595 596 597 598 599]] [40 [600 601 602 603 604 605 606 607 608 609 610 611 612 613 614]] [41 [615 616 617 618 619 620 621 622 623 624 625 627 628 629]] [42 [630 631 632 633 637 639 640 642 643 644]] [43 [645 646 647 648 651 653 655 656 659]] [44 [661 662 663 664 665 666 667 668 669 671 672 673 674]] [45 [675 676 677 678 679 680 682 683 684 686 687 688 689]] [46 [691 692 693 694 696 697 698 699 700 701 702 703 704]] [47 [705 706 707 708 709 710 711 712 713 714 715 716 717 719]] [48 [720 721 722 723 724 725 726 727 728 729 730 731 732 733 734]] [49 [735 736 738 739 740 741 742 744 746 747 748 749]] [50 [750 751 752 753 755 756 757 758 760 761 763 764]] [51 [765 766 767 768 769 770 771 772 773 774 777 778 779]] [52 [780 781 782 783 784 785 786 787 788 789 790 791 792 794]] [53 [795 796 797 798 799 800 803 804 805 807 808]] [54 [810 811 813 815 816 817 818 819 820 821 822 823 824]] [55 [826 827 828 829 830 831 832 833 834 835 836 837 838 839]] [56 [840 841 842 843 844 845 846 847 848 849 850 851 852 853]] [57 [855 856 857 858 859 860 861 862 863 864 865 866 869]] [58 [870 871 872 874 875 876 880]] [59 [885 889 893 894 896]] [60 [901 907 908 910 914]] [61 [916 920 922 925 929]] [62 [931 932 937 939 944]] [63 [948 951 953 957 958]] [64 [960 964 965 968 969 970 972 973 974]] [65 [975 976 977 978 985]] [66 [990 991 992 993 994 997 998 999 1000 1002 1003]] [67 [1005 1006 1007 1010 1011 1012 1013 1014 1015 1016 1017 1018]] [68 [1020 1021 1022 1023 1024 1025 1026 1028 1029 1030 1031 1032 1033 1034]] [69 [1035 1036 1038 1040 1042 1043 1047 1048 1049]] [70 [1050 1051 1052 1054 1055 1056 1057 1058 1060 1061 1062 1063 1064]] [71 [1065 1066 1067 1069 1070 1071 1073 1074 1075 1076 1077 1078 1079]] [72 [1080 1081 1082 1083 1084 1085 1086 1088 1089 1090 1091 1093 1094]] [73 [1095 1096 1097 1098 1099 1100 1101 1103 1104 1105 1107 1108 1109]] [74 [1110 1111 1112 1113 1114 1115 1116 1117 1118 1120 1121 1123 1124]] [75 [1125 1127 1128 1129 1130 1131 1132 1133 1135 1136 1137 1138 1139]] [76 [1140 1141 1142 1144 1145 1146 1147 1149 1150 1151 1152 1153 1154]] [77 [1155 1156 1157 1158 1159 1160 1161 1162 1163 1164 1166 1167 1168]] [78 [1170 1171 1172 1173 1174 1175 1176 1177 1178 1179 1180 1181 1182 1184]] [79 [1186 1187 1189 1190 1191 1192 1193 1194 1195 1196 1197 1198 1199]] [80 [1200 1201 1202 1203 1204 1205 1206 1207 1208 1212 1213 1214]] [81 [1215 1217 1218 1219 1220 1221 1222 1223 1224 1225 1226 1227 1228]] [82 [1230 1231 1232 1233 1234 1235 1236 1237 1238 1239 1241 1243 1244]] [83 [1245 1247 1248 1249 1250 1251 1252 1253 1254 1255 1256 1257 1258]] [84 [1260 1261 1262 1263 1265 1266 1267 1268 1269 1270 1272 1273 1274]] [85 [1275 1276 1277 1278 1279 1280 1281 1282 1284 1285 1286 1287 1288 1289]] [86 [1290 1291 1292 1293 1295 1296 1297 1298 1299 1300 1301 1302 1304]] [87 [1305 1306 1308 1309 1310 1311 1312 1314 1315 1316 1317 1318 1319]] [88 [1320 1321 1322 1324 1325 1326 1327 1328 1329 1331 1332 1333 1334]] [89 [1335 1336 1337 1338 1339 1341 1342 1343 1344 1345 1347 1348 1349]] [90 [1350 1351 1352 1353 1354 1355 1357 1358 1359 1360 1361 1363 1364]] [91 [1365 1366 1367 1368 1369 1370 1371 1372 1373 1374 1376 1377 1378 1379]] [92 [1380 1381 1382 1383 1384 1385 1386 1387 1388 1389 1390 1391 1392 1393]] [93 [1395 1397 1398 1399 1400 1401 1403 1404 1405 1406 1407 1408 1409]] [94 [1410 1411 1412 1413 1414 1415 1416 1417 1418 1419 1420 1421 1422 1424]] [95 [1425 1426 1427 1428 1429 1430 1431 1432 1433 1435 1436 1437 1439]] [96 [1440 1441 1443 1444 1445 1448 1450 1451 1452 1453 1454]] [97 [1457 1458 1460 1462 1463 1464 1465 1466 1467 1468 1469]] [98 [1470 1471 1473 1474 1475 1476 1477 1478 1479 1480 1481 1483 1484]] [99 [1485 1487 1489 1490 1492 1493 1495 1497 1498]]]","[[2 [34 38]] [3 [45 50 52 54 58 59]] [4 [61 62 65 67 68 69 70 72 74]] [5 [75 78 79 80 81 84]] [6 [91 93 94 95 97 98 99 100 104]] [7 [105 106 107 111 112 114 116 117 118]] [8 [121 122 123 126 129 130 131 132 134]] [9 [137 140 141 142 143 144 146 147]] [10 [151 152 154 155 156 158 159 161 164]] [11 [165 170 173 176 177 178]] [12 [180 182 189 191 192 193 194]] [13 [195 197 199 202 203 204 206 207 208]] [14 [210 211 212 216 218 220 221 222 223 224]] [15 [225 227 229 231 232 236 237 238 239]] [16 [241 243 244 245 246 247 248 251 252 254]] [17 [259 260 261 263 265 266 267 268 269]] [18 [270 272 273 274 275 277 278 279 280]] [19 [285 286 292 294 295 296 298 299]] [20 [300 301 303 305 310 312 313 314]] [21 [315 317 319 320 321 322 323 324 325]] [22 [331 332 334 336 338 340 341 343 344]] [23 [346 347 349 350 351 353 355 356 359]] [24 [360 361 362 364 366 371 372 374]] [25 [375 376 377 379 381 383 386 387 388]] [26 [392 393 394 397 398 399 400 401]] [27 [405 413 415 416 417 419]] [28 [421 423 425 427 428 429 430 433 434]] [29 [436 438 439 443 444 445 446 447 449]] [30 [451 452 457 458 459 460 463 464]] [31 [467 468 469 471 472 473 474 475 478 479]] [32 [480 482 486 487 489 490 491 492 493]] [33 [495 496 497 498 501 503 506 507 509]] [34 [510 515 516 517 518 519 520 522 523 524]] [35 [528 529 533 534 536 537 538 539]] [36 [540 542 543 545 546 548 549 551 552 553 554]] [37 [556 558 559 565 567 568]] [38 [571 576 577 579 582 584]] [39 [585 586 587 589 593 594 599]] [40 [601 602 603 605 606 608 609 610 612 613]] [41 [615 616 617 618 621 625 627 629]] [42 [630 631 632 633 639 640 642 643 644]] [43 [645 646 648 651 653 655 656 659]] [44 [661 663 665 666 672 673]] [45 [676 677 678 679 682 683 684 686 687]] [46 [691 692 693 696 697 699 700 701 702 703]] [47 [710 712 713 716 719]] [48 [720 721 722 726 727 728 729 731 732 733 734]] [49 [735 739 740 741 746 747 748 749]] [50 [750 752 753 756 760 761 763 764]] [51 [765 766 767 768 769 770 771 772 773 774 777 778 779]] [52 [780 787 789 790 791 794]] [53 [795 796 797 798 799 800 804 805 808]] [54 [810 811 813 815 817 818 819 820 821 822 823 824]] [55 [826 829 831 833 834 835 837 839]] [56 [841 842 843 845 849 851 852]] [57 [855 856 857 858 859 861 862 865 866 869]] [58 [870 871 874 875 876 880]] [59 [885 889 893 894 896]] [60 [901 907 914]] [61 [916 920 922 925 929]] [62 [931 932 937 939 944]] [63 [948 951 953 957 958]] [64 [960 964 965 968 969 970 972 973 974]] [65 [975 976 977 978 985]] [66 [990 991 992 993 994 997 1003]] [67 [1005 1010 1011 1012 1013 1014 1017]] [68 [1020 1021 1023 1024 1025 1026 1030 1033]] [69 [1035 1036 1038 1042 1043 1047 1048]] [70 [1050 1052 1054 1057 1058 1060 1062 1063 1064]] [71 [1066 1067 1069 1070 1073 1075 1076 1077 1079]] [72 [1080 1084 1085 1086 1088 1089 1090 1091 1094]] [73 [1095 1096 1098 1099 1100 1101 1104 1105 1107 1108 1109]] [74 [1110 1112 1113 1114 1115 1116 1117 1120 1121 1123 1124]] [75 [1125 1130 1131 1132 1133 1135 1136 1137 1138 1139]] [76 [1140 1141 1142 1144 1145 1146 1147 1149 1150 1151 1152 1153]] [77 [1155 1156 1158 1159 1160 1161 1162 1164 1167]] [78 [1170 1174 1178 1179 1180 1181 1182 1184]] [79 [1186 1189 1191 1192 1194 1195 1196 1199]] [80 [1200 1201 1202 1204 1205 1207 1208 1212 1213]] [81 [1217 1221 1223 1224 1225 1227]] [82 [1233 1234 1237 1238 1239 1241 1243]] [83 [1245 1248 1249 1250 1251 1252 1253 1255 1256 1257 1258]] [84 [1260 1261 1263 1265 1267 1268 1269 1270 1272 1273 1274]] [85 [1276 1277 1279 1286 1288 1289]] [86 [1290 1293 1295 1296 1297 1298 1299 1300 1301 1302 1304]] [87 [1305 1308 1309 1310 1311 1312 1316 1317 1319]] [88 [1320 1321 1324 1325 1326 1327 1328 1331 1334]] [89 [1335 1337 1338 1342 1343 1344 1345 1347 1348]] [90 [1351 1352 1353 1354 1355 1358 1359 1360 1361 1364]] [91 [1365 1366 1367 1368 1369 1370 1373 1374 1376 1377 1378 1379]] [92 [1381 1385 1386 1388 1390 1391 1392 1393]] [93 [1395 1399 1401]] [94 [1411 1413 1414 1416 1417 1418 1420 1422 1424]] [95 [1425 1427 1428 1429 1430 1431 1432 1433 1435 1436 1437]] [96 [1440 1441 1444 1445 1448 1450 1451 1452 1453 1454]] [97 [1457 1460 1462 1463 1464 1465 1466 1467 1468]] [98 [1473 1474 1475 1476 1477 1479 1483 1484]] [99 [1485 1487 1489 1490 1492 1493 1495 1497]]]",,"[[{citizen 14} [[""A"" [5 4]]]] [{citizen 16} [[""A"" [5 4]]]] [{citizen 25} [[""A"" [5 6]]]] [{citizen 47} [[""A"" [5 4]]]] [{media 50} [[""A"" [3 3]]]] [{media 59} [[""A"" [5 5]]]] [{media 61} [[""A"" [5 5]]]] [{media 63} [[""A"" [5 5]]]] [{media 64} [[""A"" [6 6]]]] [{citizen 0} [[""A"" [5 4]]]] [{media 52} [[""A"" [3 3]]]] [{citizen 4} [[""A"" [5 4]]]] [{citizen 5} [[""A"" [5 4]]]] [{citizen 6} [[""A"" [5 6]]]] [{citizen 12} [[""A"" [5 4]]]] [{citizen 1} [[""A"" [5 4]]]] [{citizen 26} [[""A"" [5 5]]]] [{citizen 34} [[""A"" [4 6]]]] [{citizen 9} [[""A"" [6 4]]]] [{citizen 44} [[""A"" [5 6]]]] [{citizen 2} [[""A"" [6 5]]]] [{citizen 17} [[""A"" [6 4]]]] [{citizen 30} [[""A"" [6 4]]]] [{citizen 8} [[""A"" [5 4]]]] [{citizen 19} [[""A"" [6 5]]]] [{citizen 48} [[""A"" [6 6]]]] [{citizen 29} [[""A"" [5 4]]]] [{citizen 3} [[""A"" [5 6]]]] [{citizen 20} [[""A"" [5 6]]]] [{citizen 40} [[""A"" [5 4]]]] [{citizen 42} [[""A"" [5 6]]]] [{citizen 15} [[""A"" [6 5]]]] [{media 55} [[""A"" [5 5]]]] [{citizen 32} [[""A"" [6 5]]]] [{citizen 31} [[""A"" [5 5]]]] [{citizen 13} [[""A"" [4 6]]]] [{citizen 35} [[""A"" [5 4]]]] [{citizen 36} [[""A"" [5 5]]]] [{media 56} [[""A"" [4 4]]]] [{citizen 33} [[""A"" [5 5]]]] [{citizen 39} [[""A"" [4 6]]]] [{citizen 28} [[""A"" [5 4]]]] [{media 58} [[""A"" [5 5]]]] [{citizen 37} [[""A"" [6 5]]]] [{media 51} [[""A"" [6 6]]]] [{citizen 18} [[""A"" [5 4]]]] [{media 57} [[""A"" [6 6]]]] [{citizen 45} [[""A"" [5 6]]]] [{citizen 23} [[""A"" [5 4]]]] [{media 54} [[""A"" [1 1]]]] [{citizen 46} [[""A"" [5 4]]]] [{media 62} [[""A"" [0 0]]]] [{media 60} [[""A"" [2 2]]]] [{citizen 27} [[""A"" [5 5]]]] [{citizen 38} [[""A"" [5 4]]]] [{citizen 41} [[""A"" [5 4]]]] [{citizen 49} [[""A"" [4 6]]]] [{citizen 11} [[""A"" [5 4]]]] [{citizen 43} [[""A"" [5 6]]]] [{media 53} [[""A"" [3 3]]]] [{citizen 10} [[""A"" [6 5]]]] [{citizen 21} [[""A"" [6 5]]]] [{citizen 22} [[""A"" [5 5]]]] [{citizen 24} [[""A"" [6 4]]]]]"
"8","[85 0 170]","198.75","-1.3541780015387237","-5.0089963180892","""circle""","""""","9.9","{breed citizens}","false","0.5","1","""up""",,"[[""ID"" 40] [""alpha"" 1] [""beta"" 1] [""malleable"" [""A""]] [""prior"" []] [""cont_tokens"" []] [""A"" 4]]","[[0 [5 6 9 10 12]] [1 [16 17 18 19 21 22 23 24 25 26 27 29]] [2 [30 31 32 33 34 35 36 37 38 39 40 41 42 43 44]] [3 [45 46 47 48 49 50 51 52 54 56 57 58 59]] [4 [61 62 63 65 66 67 68 69 70 71 72 74]] [5 [75 76 77 78 79 80 81 82 83 84 85 86 88]] [6 [90 91 93 94 95 96 97 98 99 100 103 104]] [7 [105 106 107 111 112 114 116 117 118]] [8 [121 122 123 126 129 130 131 132 134]] [9 [137 140 141 142 143 144 145 146 147]] [10 [151 152 154 155 156 158 159 161 164]] [11 [165 167 170 173 174 176 177 178 179]] [12 [180 181 182 183 185 187 188 189 190 191 192 193 194]] [13 [195 196 197 199 201 202 203 204 206 207 208 209]] [14 [210 211 212 213 215 216 218 220 221 222 223 224]] [15 [225 227 229 231 232 236 237 238 239]] [16 [241 243 244 245 246 247 248 249 250 251 252 254]] [17 [255 256 257 259 260 261 263 265 266 267 268 269]] [18 [270 272 273 274 275 277 278 279 280]] [19 [285 286 289 292 294 295 296 298 299]] [20 [300 301 303 305 310 312 313 314]] [21 [315 317 319 320 321 322 323 324 325]] [22 [331 332 334 336 338 340 341 343 344]] [23 [346 347 349 350 351 353 355 356 359]] [24 [360 361 362 364 366 371 372 374]] [25 [375 376 377 379 381 383 386 387 388]] [26 [392 393 394 397 398 399 400 401]] [27 [405 407 408 412 413 415 416 417 419]] [28 [421 423 425 427 428 429 430 433 434]] [29 [436 438 439 443 444 445 446 447 449]] [30 [451 452 454 456 457 458 459 460 462 463 464]] [31 [467 468 469 470 471 472 473 474 475 478 479]] [32 [480 482 486 487 489 490 491 492 493]] [33 [495 496 497 498 501 503 506 507 509]] [34 [510 511 513 515 516 517 518 519 520 522 523 524]] [35 [526 527 528 529 530 531 533 534 535 536 537 538 539]] [36 [540 542 543 545 546 547 548 549 551 552 553 554]] [37 [555 556 557 558 559 564 565 566 567 568 569]] [38 [570 571 572 573 575 576 577 578 579 580 581 582 583 584]] [39 [585 586 587 589 590 591 592 593 594 595 596 597 598 599]] [40 [600 601 602 603 604 605 606 607 608 609 610 611 612 613 614]] [41 [615 616 617 618 619 620 621 622 623 624 625 626 627 628 629]] [42 [630 631 632 633 637 639 640 642 643 644]] [43 [645 646 647 648 651 653 655 656 659]] [44 [661 662 663 664 665 666 667 668 669 671 672 673 674]] [45 [675 676 677 678 679 680 682 683 684 686 687 688 689]] [46 [691 692 693 694 696 697 698 699 700 701 702 703 704]] [47 [705 706 707 708 709 710 711 712 713 714 715 716 717 719]] [48 [720 721 722 723 724 725 726 727 728 729 730 731 732 733 734]] [49 [735 736 738 739 740 741 742 744 746 747 748 749]] [50 [750 751 752 753 754 755 756 757 758 760 761 763 764]] [51 [765 766 767 768 769 770 771 772 773 774 777 778 779]] [52 [780 781 782 783 784 785 786 787 788 789 790 791 792 794]] [53 [795 796 797 798 799 800 803 804 805 807 808]] [54 [810 811 813 815 816 817 818 819 820 821 822 823 824]] [55 [826 827 828 829 830 831 832 833 834 835 836 837 838 839]] [56 [840 841 842 843 844 845 846 847 848 849 850 851 852 853]] [57 [855 856 857 858 859 860 861 862 863 864 865 866 869]] [58 [870 871 872 874 875 876 880]] [59 [885 889 893 894 896]] [60 [901 907 908 910 914]] [61 [916 920 922 925 929]] [62 [931 932 937 939 944]] [63 [948 951 953 957 958]] [64 [960 964 965 968 969 970 972 973 974]] [65 [975 976 977 978 985]] [66 [990 991 992 993 994 997 998 999 1000 1002 1003]] [67 [1005 1006 1007 1010 1011 1012 1013 1014 1015 1016 1017 1018]] [68 [1020 1021 1022 1023 1024 1025 1026 1028 1029 1030 1031 1032 1033 1034]] [69 [1035 1036 1038 1040 1042 1043 1047 1048 1049]] [70 [1050 1051 1052 1054 1055 1056 1057 1058 1060 1061 1062 1063 1064]] [71 [1065 1066 1067 1069 1070 1071 1073 1074 1075 1076 1077 1078 1079]] [72 [1080 1081 1082 1083 1084 1085 1086 1088 1089 1090 1091 1093 1094]] [73 [1095 1096 1097 1098 1099 1100 1101 1103 1104 1105 1107 1108 1109]] [74 [1110 1111 1112 1113 1114 1115 1116 1117 1118 1120 1121 1123 1124]] [75 [1125 1127 1128 1129 1130 1131 1132 1133 1135 1136 1137 1138 1139]] [76 [1140 1141 1142 1144 1145 1146 1147 1149 1150 1151 1152 1153 1154]] [77 [1155 1156 1157 1158 1159 1160 1161 1162 1163 1164 1166 1167 1168]] [78 [1170 1171 1172 1173 1174 1175 1176 1177 1178 1179 1180 1181 1182 1184]] [79 [1186 1187 1189 1190 1191 1192 1193 1194 1195 1196 1197 1198 1199]] [80 [1200 1201 1202 1203 1204 1205 1206 1207 1208 1212 1213 1214]] [81 [1215 1217 1218 1219 1220 1221 1222 1223 1224 1225 1226 1227 1228]] [82 [1230 1231 1232 1233 1234 1235 1236 1237 1238 1239 1241 1243 1244]] [83 [1245 1247 1248 1249 1250 1251 1252 1253 1254 1255 1256 1257 1258]] [84 [1260 1261 1262 1263 1265 1266 1267 1268 1269 1270 1272 1273 1274]] [85 [1275 1276 1277 1278 1279 1280 1281 1282 1284 1285 1286 1287 1288 1289]] [86 [1290 1291 1292 1293 1295 1296 1297 1298 1299 1300 1301 1302 1304]] [87 [1305 1306 1308 1309 1310 1311 1312 1314 1315 1316 1317 1318 1319]] [88 [1320 1321 1322 1324 1325 1326 1327 1328 1329 1331 1332 1333 1334]] [89 [1335 1336 1337 1338 1339 1341 1342 1343 1344 1345 1347 1348 1349]] [90 [1350 1351 1352 1353 1354 1355 1357 1358 1359 1360 1361 1363 1364]] [91 [1365 1366 1367 1368 1369 1370 1371 1372 1373 1374 1376 1377 1378 1379]] [92 [1380 1381 1382 1383 1384 1385 1386 1388 1389 1390 1391 1392 1393]] [93 [1395 1397 1398 1399 1400 1401 1403 1404 1405 1406 1407 1408 1409]] [94 [1410 1411 1412 1413 1414 1415 1416 1417 1418 1419 1420 1421 1422 1424]] [95 [1425 1426 1427 1428 1429 1430 1431 1432 1433 1435 1436 1437 1439]] [96 [1440 1441 1443 1444 1445 1448 1450 1451 1452 1453 1454]] [97 [1457 1458 1460 1462 1463 1464 1465 1466 1467 1468 1469]] [98 [1470 1471 1473 1474 1475 1476 1477 1478 1479 1480 1481 1483 1484]] [99 [1485 1487 1489 1490 1492 1493 1495 1497 1498]]]","[[0 [5 6 9]] [1 [16 17 18 19 22 23 24 25 26 27]] [2 [30 31 32 33 40 41 43]] [3 [46 47 49 50 51 52 54 58 59]] [4 [61 62 65 67 68 69 70 71]] [5 [76 77 79 80 81 83 85 86 88]] [6 [90 93 94 95 96 97 98 99 100 104]] [7 [105 106 107 111 112 114 116 117 118]] [8 [121 122 123 126 129 130 131 132 134]] [9 [137 140 141 142 143 144 145 147]] [10 [151 152 154 155 156 158 159 161 164]] [11 [165 170 173 176 177 178 179]] [12 [180 182 185 189 191 192 193 194]] [13 [195 197 201 202 204 206 207 208]] [14 [210 211 212 213 215 216 218 220 221 222 223 224]] [15 [225 227 229 231 232 236 237 238]] [16 [244 245 246 247 248 251 252 254]] [17 [257 261 263 265 266 268 269]] [18 [270 272 273 274 275 277 278 279 280]] [19 [285 286 289 292 294 295 296 298 299]] [20 [300 301 303 305 310 312 313 314]] [21 [315 317 319 320 321 322 323 324 325]] [22 [331 332 334 338 340 341 343 344]] [23 [346 347 349 350 351 353 355 356 359]] [24 [360 361 362 364 366 371 372 374]] [25 [375 376 377 379 381 383 386 388]] [26 [392 393 394 397 398 399 400 401]] [27 [405 407 408 412 413 415 416 417 419]] [28 [421 423 425 427 429 430 433 434]] [29 [436 438 439 443 444 445 446 447 449]] [30 [451 452 454 456 459 460 462 464]] [31 [467 468 469 470 471 472 473 474 475 478 479]] [32 [480 482 487 489 490 491 492 493]] [33 [495 496 497 498 501 503 506 507 509]] [34 [510 515 516 517 518 519 520 523 524]] [35 [528 529 531 533 534 535 536 537 538 539]] [36 [540 542 543 545 546 548 549 551 552 553 554]] [37 [556 557 558 559 566 567 568]] [38 [571 572 573 575 576 577 579 582 583]] [39 [585 586 587 590 591 592 593 594 595 596 597]] [40 [600 602 604 611]] [41 [620 622 623 624 625 627 628 629]] [42 [630 631 632 633 639 640 642 643 644]] [43 [645 646 648 651 653 655 656 659]] [44 [662 664 665 666 668 669 671 672 673 674]] [45 [675 680 682 683 684 686 688 689]] [46 [691 692 693 696 697 698 699 700 701 702 703]] [47 [710 711 712 713 719]] [48 [720 721 722 725 728 729 730 733 734]] [49 [735 736 739 746 748 749]] [50 [750 752 753 755 756 758 760 761 763 764]] [51 [768 769 770 771 772 773 774 777 778 779]] [52 [782 784 785 786 788 790 791 794]] [53 [795 796 797 799 800 804 805 807]] [54 [813 815 817 821 822 823 824]] [55 [826 828 829 831 833 834 836 838 839]] [56 [840 841 842 843 845 849 851 852]] [57 [855 856 857 858 859 861 862 865 866 869]] [58 [870 872 874 875 876 880]] [59 [885 889 893 894 896]] [60 [901 907 910 914]] [61 [916 920 922 925 929]] [62 [931 932 937 939 944]] [63 [948 951 953 957 958]] [64 [960 964 965 968 969 970 972 973 974]] [65 [975 976 977 978]] [66 [994 998 999 1002 1003]] [67 [1005 1010 1011 1012 1013 1014 1015 1018]] [68 [1022 1024 1026 1030 1033]] [69 [1035 1040 1043 1047 1048 1049]] [70 [1050 1051 1052 1054 1055 1056 1061 1064]] [71 [1066 1067 1069 1070 1073 1075 1076 1077 1079]] [72 [1080 1084 1085 1093]] [73 [1097 1103 1107 1108 1109]] [74 [1111 1112 1113 1114 1118 1121 1123 1124]] [75 [1125 1129 1135 1136 1137 1138 1139]] [76 [1140 1141 1142 1144 1145 1146 1147 1149 1151 1152 1153]] [77 [1155 1156 1159 1160 1162 1163 1166 1168]] [78 [1171 1172 1173 1175 1176 1177 1178 1180 1181 1182 1184]] [79 [1186 1189 1191 1192 1193 1194 1195 1196 1199]] [80 [1200 1201 1202 1203 1206 1207 1208 1212 1214]] [81 [1215 1218 1219 1220 1221 1222 1223 1225 1227 1228]] [82 [1230 1231 1232 1233 1234 1237 1238 1239 1241 1243]] [83 [1247 1248 1249 1250 1251 1252 1253 1255 1256 1258]] [84 [1260 1262 1263 1266 1269 1270 1272 1273]] [85 [1275 1278 1280 1281 1282 1284 1285 1286 1287 1288 1289]] [86 [1290 1293 1295 1296 1297 1298 1299 1301 1302 1304]] [87 [1305 1308 1309 1310 1312 1316 1317 1319]] [88 [1320 1321 1324 1325 1326 1327 1328 1329 1332 1333]] [89 [1336 1339 1341 1342 1343 1344 1345 1347 1349]] [90 [1350 1351 1352 1353 1354 1355 1358 1361]] [91 [1365 1366 1367 1368 1369 1370 1373 1374 1376 1377 1378]] [92 [1380 1382 1383 1384 1385 1386 1388 1389 1392 1393]] [93 [1395 1400 1403 1404 1405 1406 1407 1408]] [94 [1410 1412 1413 1414 1416 1417 1418 1420 1422 1424]] [95 [1426 1428 1429 1431 1433 1435 1436 1437]] [96 [1440 1441 1444 1445 1448 1450 1451 1453 1454]] [97 [1457 1460 1462 1463 1464 1465 1466 1467 1468]] [98 [1470 1471 1478 1480 1481 1483 1484]] [99 [1485 1487 1489 1490 1492 1493 1495 1497]]]",,"[[{citizen 16} [[""A"" [5 4]]]] [{citizen 18} [[""A"" [5 4]]]] [{citizen 25} [[""A"" [5 6]]]] [{citizen 26} [[""A"" [5 5]]]] [{citizen 30} [[""A"" [6 4]]]] [{citizen 37} [[""A"" [6 5]]]] [{citizen 40} [[""A"" [4 6]]]] [{media 50} [[""A"" [3 3]]]] [{media 52} [[""A"" [3 3]]]] [{media 61} [[""A"" [5 5]]]] [{citizen 0} [[""A"" [6 4]]]] [{media 63} [[""A"" [5 5]]]] [{citizen 1} [[""A"" [5 4]]]] [{citizen 4} [[""A"" [5 4]]]] [{citizen 5} [[""A"" [6 5]]]] [{media 64} [[""A"" [6 6]]]] [{citizen 41} [[""A"" [6 4]]]] [{citizen 48} [[""A"" [6 6]]]] [{citizen 15} [[""A"" [6 5]]]] [{citizen 12} [[""A"" [5 4]]]] [{citizen 34} [[""A"" [4 6]]]] [{citizen 9} [[""A"" [6 4]]]] [{citizen 44} [[""A"" [5 6]]]] [{citizen 2} [[""A"" [5 6]]]] [{citizen 17} [[""A"" [6 6]]]] [{citizen 19} [[""A"" [6 5]]]] [{citizen 29} [[""A"" [6 5]]]] [{citizen 3} [[""A"" [6 6]]]] [{citizen 20} [[""A"" [6 6]]]] [{citizen 14} [[""A"" [4 6]]]] [{media 55} [[""A"" [5 5]]]] [{citizen 32} [[""A"" [6 5]]]] [{media 53} [[""A"" [3 3]]]] [{citizen 28} [[""A"" [5 4]]]] [{media 56} [[""A"" [4 4]]]] [{citizen 33} [[""A"" [5 5]]]] [{citizen 36} [[""A"" [5 5]]]] [{citizen 39} [[""A"" [5 6]]]] [{media 59} [[""A"" [5 5]]]] [{media 58} [[""A"" [5 5]]]] [{media 51} [[""A"" [6 6]]]] [{citizen 31} [[""A"" [5 5]]]] [{media 57} [[""A"" [6 6]]]] [{citizen 45} [[""A"" [6 6]]]] [{citizen 23} [[""A"" [6 4]]]] [{citizen 47} [[""A"" [5 4]]]] [{citizen 35} [[""A"" [5 4]]]] [{citizen 42} [[""A"" [5 6]]]] [{citizen 27} [[""A"" [5 6]]]] [{citizen 11} [[""A"" [5 4]]]] [{citizen 43} [[""A"" [5 6]]]] [{citizen 49} [[""A"" [5 6]]]] [{citizen 13} [[""A"" [4 6]]]] [{citizen 38} [[""A"" [5 5]]]] [{media 54} [[""A"" [1 1]]]] [{citizen 46} [[""A"" [5 6]]]] [{media 62} [[""A"" [0 0]]]] [{citizen 6} [[""A"" [5 6]]]] [{media 60} [[""A"" [2 2]]]] [{citizen 10} [[""A"" [5 6]]]] [{citizen 21} [[""A"" [6 5]]]] [{citizen 22} [[""A"" [5 5]]]] [{citizen 7} [[""A"" [6 5]]]] [{citizen 24} [[""A"" [5 6]]]]]"
"9","[85 0 170]","118.125","7.829003452053434","-3.7640516154071935","""circle""","""""","9.9","{breed citizens}","false","0.5","1","""up""",,"[[""ID"" 41] [""alpha"" 1] [""beta"" 1] [""malleable"" [""A""]] [""prior"" []] [""cont_tokens"" []] [""A"" 4]]","[[0 [5 6 9 10 12]] [1 [16 17 18 19 21 22 23 24 25 26 29]] [2 [30 31 32 33 35 36 37 39 40 41 42 43 44]] [3 [45 46 47 48 49 50 51 52 54 56 57 58 59]] [4 [61 62 63 65 66 67 68 69 70 71 72 74]] [5 [75 76 77 78 79 80 81 82 83 84 85 86 88]] [6 [90 91 93 94 95 96 97 98 99 100 101 102 103 104]] [7 [105 106 107 111 112 114 116 117 118]] [8 [121 122 123 126 129 130 131 132 134]] [9 [137 140 141 142 143 144 145 146 147]] [10 [151 152 154 155 156 158 159 161 164]] [11 [165 167 170 173 174 176 177 178 179]] [12 [180 181 182 183 185 187 188 189 190 191 192 193 194]] [13 [195 196 197 199 201 202 203 204 206 207 208 209]] [14 [210 211 212 213 215 216 218 220 221 222 223 224]] [15 [225 227 229 231 232 236 237 238 239]] [16 [241 243 244 245 246 247 248 249 250 251 252 254]] [17 [255 256 257 259 260 261 263 265 266 267 268 269]] [18 [270 272 273 274 275 277 278 279 280]] [19 [285 286 289 292 294 295 296 298 299]] [20 [300 301 303 305 310 312 313 314]] [21 [315 317 319 320 321 322 323 324 325]] [22 [331 332 334 336 338 340 341 343 344]] [23 [346 347 349 350 351 353 355 356 359]] [24 [360 361 362 364 366 371 372 374]] [25 [375 376 377 379 381 383 386 387 388]] [26 [392 393 394 397 398 399 400 401]] [27 [405 407 408 412 413 415 416 417 419]] [28 [421 423 425 427 428 429 430 433 434]] [29 [436 438 439 443 444 445 446 447 449]] [30 [451 452 454 456 457 458 459 460 462 463 464]] [31 [467 468 469 470 471 472 473 474 475 478 479]] [32 [480 482 486 487 489 490 491 492 493]] [33 [495 496 497 498 501 503 506 507 509]] [34 [510 511 513 515 516 517 518 519 520 522 523 524]] [35 [526 527 528 529 530 531 533 534 535 536 537 538 539]] [36 [540 542 543 545 546 547 548 549 551 552 553 554]] [37 [555 556 557 558 559 564 565 566 567 568 569]] [38 [570 571 572 573 575 576 577 578 579 580 581 582 583 584]] [39 [585 586 587 589 590 591 592 593 594 595 596 597 598 599]] [40 [600 601 602 603 604 605 606 607 608 609 610 611 612 613 614]] [41 [615 616 617 618 619 620 621 622 623 624 625 627 628 629]] [42 [630 631 632 633 634 635 637 639 640 642 643 644]] [43 [645 646 647 648 651 653 655 656 659]] [44 [661 662 663 664 665 666 667 668 669 671 672 673 674]] [45 [675 676 677 678 679 680 682 683 684 686 687 688 689]] [46 [691 692 693 694 696 697 698 699 700 701 702 703 704]] [47 [705 706 707 708 709 710 711 712 713 714 715 716 717 719]] [48 [720 721 722 723 724 725 726 727 728 729 730 731 732 733 734]] [49 [735 736 738 739 740 741 742 744 746 747 748 749]] [50 [750 751 752 753 754 755 756 757 758 760 761 763 764]] [51 [765 766 767 768 769 770 771 772 773 774 777 778 779]] [52 [780 781 782 783 784 785 786 787 788 789 790 791 792 794]] [53 [795 796 797 798 799 800 803 804 805 807 808]] [54 [810 811 813 815 816 817 818 819 820 821 822 823 824]] [55 [826 827 828 829 830 831 832 833 834 835 836 837 838 839]] [56 [840 841 842 843 844 845 846 847 848 849 850 851 852 853]] [57 [855 856 857 858 859 860 861 862 863 864 865 866 869]] [58 [870 871 872 874 875 876 880]] [59 [885 889 893 894 896]] [60 [901 907 908 910 914]] [61 [916 920 922 925 929]] [62 [931 932 937 939 944]] [63 [948 951 953 957 958]] [64 [960 964 965 968 969 970 972 973 974]] [65 [975 976 977 978 985]] [66 [990 991 992 993 994 997 998 999 1000 1002 1003]] [67 [1005 1006 1007 1010 1011 1012 1013 1014 1015 1016 1017 1018]] [68 [1020 1021 1022 1023 1024 1025 1026 1028 1029 1030 1031 1032 1033 1034]] [69 [1035 1036 1038 1040 1041 1042 1043 1044 1046 1047 1048 1049]] [70 [1050 1051 1052 1054 1055 1056 1057 1058 1060 1061 1062 1063 1064]] [71 [1065 1066 1067 1069 1070 1071 1073 1074 1075 1076 1077 1078 1079]] [72 [1080 1081 1082 1083 1084 1085 1086 1088 1089 1090 1091 1093 1094]] [73 [1095 1096 1097 1098 1099 1100 1101 1103 1104 1105 1107 1108 1109]] [74 [1110 1111 1112 1113 1114 1115 1116 1117 1118 1120 1121 1123 1124]] [75 [1125 1127 1128 1129 1130 1131 1132 1133 1135 1136 1137 1138 1139]] [76 [1140 1141 1142 1144 1145 1146 1147 1149 1150 1151 1152 1153 1154]] [77 [1155 1156 1157 1158 1159 1160 1161 1162 1163 1164 1166 1167 1168]] [78 [1170 1171 1172 1173 1174 1175 1176 1177 1178 1179 1180 1181 1182 1184]] [79 [1186 1187 1189 1190 1191 1192 1193 1194 1195 1196 1197 1198 1199]] [80 [1200 1201 1202 1203 1204 1205 1206 1207 1208 1210 1211 1212 1213 1214]] [81 [1215 1217 1218 1219 1220 1221 1222 1223 1224 1225 1226 1227 1228]] [82 [1230 1231 1232 1233 1234 1235 1236 1237 1238 1239 1241 1243 1244]] [83 [1245 1247 1248 1249 1250 1251 1252 1253 1254 1255 1256 1257 1258]] [84 [1260 1261 1262 1263 1265 1266 1267 1268 1269 1270 1272 1273 1274]] [85 [1275 1276 1277 1278 1279 1280 1281 1282 1284 1285 1286 1287 1288 1289]] [86 [1290 1291 1292 1293 1295 1296 1297 1298 1299 1300 1301 1302 1304]] [87 [1305 1306 1308 1309 1310 1311 1312 1314 1315 1316 1317 1318 1319]] [88 [1320 1321 1322 1324 1325 1326 1327 1328 1329 1331 1332 1333 1334]] [89 [1335 1336 1337 1338 1339 1341 1342 1343 1344 1345 1347 1348 1349]] [90 [1350 1351 1352 1353 1354 1355 1357 1358 1359 1360 1361 1363 1364]] [91 [1365 1366 1367 1368 1369 1370 1371 1372 1373 1374 1376 1377 1378 1379]] [92 [1380 1381 1382 1383 1384 1385 1386 1388 1389 1390 1391 1392 1393]] [93 [1395 1397 1398 1399 1400 1401 1403 1404 1405 1406 1407 1408 1409]] [94 [1410 1411 1412 1413 1414 1415 1416 1417 1418 1419 1420 1421 1422 1424]] [95 [1425 1426 1427 1428 1429 1430 1431 1432 1433 1435 1436 1437 1439]] [96 [1440 1441 1443 1444 1445 1448 1450 1451 1452 1453 1454]] [97 [1457 1458 1460 1462 1463 1464 1465 1466 1467 1468 1469]] [98 [1470 1471 1473 1474 1475 1476 1477 1478 1479 1480 1481 1483 1484]] [99 [1485 1487 1489 1490 1492 1493 1495 1497 1498]]]","[[0 [5 6 9 10 12]] [1 [17 18 19 21 22 23 24 25 29]] [2 [30 31 32 33 36 37 40 41 42 44]] [3 [45 50 51 52 54 58 59]] [4 [61 62 63 65 66 69 70 71 74]] [5 [75 78 79 80 81 84]] [6 [91 96 97 98 99 100 104]] [7 [105 106 107 111 112 114 116 117 118]] [8 [121 122 123 126 129 130 131 132 134]] [9 [137 140 141 142 143 144 145 147]] [10 [151 152 154 155 158 159 161 164]] [11 [165 167 173 174 177 178 179]] [12 [180 182 185 189 191 192 194]] [13 [196 197 201 202 203 204 206 207 208]] [14 [210 211 212 213 215 216 218 220 221 223 224]] [15 [225 227 229 231 232 236 237 238]] [16 [244 245 246 247 248 251 252 254]] [17 [259 260 261 263 265 266 268 269]] [18 [270 272 273 274 275 277 279 280]] [19 [285 286 292 294 295 296 298 299]] [20 [300 301 303 305 310 312 313 314]] [21 [315 317 319 320 321 322 323 324 325]] [22 [331 332 334 336 338 340 341 343 344]] [23 [346 347 349 350 351 353 355 356 359]] [24 [360 361 362 364 366 371 372 374]] [25 [375 376 377 379 381 383 386 387 388]] [26 [392 393 394 397 398 399 400 401]] [27 [405 407 408 412 413 415 416 417 419]] [28 [421 423 425 427 429 430 433 434]] [29 [436 438 439 443 444 445 446 447 449]] [30 [451 452 456 457 458 459 460 463 464]] [31 [467 468 469 471 473 474 475 478]] [32 [480 482 486 487 489 490 491 492 493]] [33 [495 496 497 498 501 503 506 507 509]] [34 [510 515 516 517 518 519 520 523 524]] [35 [528 529 531 533 534 535 536 537 538 539]] [36 [540 542 543 545 546 548 549 551 552 553 554]] [37 [556 557 558 559 565 567 568]] [38 [572 573 575 576 577 579 580 581 582 584]] [39 [585 586 587 589 591 592 594 598 599]] [40 [600 602 607 608 609 610 612 613 614]] [41 [619 620 622 623 624 628]] [42 [630 631 633 639 640 642 643 644]] [43 [645 646 647 648 651 655 659]] [44 [661 662 664 665 666 667 668 669 671 672 673]] [45 [676 677 678 679 680 682 683 687]] [46 [692 694 699 700 701 704]] [47 [705 706 707 708 709 714 715 716 717 719]] [48 [720 721 722 725 728 729 730 731 732 733 734]] [49 [735 739 741 744 746 748 749]] [50 [750 752 753 755 756 757 758 760 761 763 764]] [51 [768 769 770 771 772 773 774 777 778 779]] [52 [782 784 785 786 788 789 790 791 794]] [53 [795 796 797 799 800 804 805 807]] [54 [811 815 816 817 822 823]] [55 [826 829 831 833 834 836 838]] [56 [840 841 842 843 845 849 851 852]] [57 [855 856 857 858 859 860 861 862 865 866 869]] [58 [871 872 874 875 876 880]] [59 [885 889 893 894 896]] [60 [901 907 910 914]] [61 [916 920 922 925 929]] [62 [931 937 939 944]] [63 [948 951 953 957 958]] [64 [964 965 968 969 970 972 973 974]] [65 [975 976 977 978 985]] [66 [990 991 992 993 997 999 1002 1003]] [67 [1005 1010 1011 1013 1014 1015 1016 1018]] [68 [1022 1024 1025 1026 1030 1034]] [69 [1040 1043 1047 1048]] [70 [1051 1052 1054 1057 1058 1062 1063 1064]] [71 [1065 1067 1069 1070 1073 1075 1076 1077 1079]] [72 [1080 1084 1085 1086 1088 1089 1090 1091 1094]] [73 [1095 1096 1098 1099 1100 1101 1104 1105]] [74 [1110 1112 1113 1114 1118 1124]] [75 [1125 1127 1128 1129 1135 1136 1137]] [76 [1140 1141 1142 1144 1145 1146 1147 1149 1150 1151 1153]] [77 [1157 1159 1160 1162 1164 1167]] [78 [1170 1174 1177 1178 1180 1181 1182 1184]] [79 [1186 1189 1190 1192 1194 1195 1196 1197 1198]] [80 [1203 1206 1208 1212 1213]] [81 [1215 1218 1219 1220 1221 1223 1226 1228]] [82 [1230 1231 1232 1234 1236 1238 1239 1243]] [83 [1245 1248 1249 1250 1251 1253 1255 1256 1257]] [84 [1261 1263 1266 1269 1270 1272]] [85 [1275 1278 1279 1281 1282 1284 1285 1286 1288 1289]] [86 [1290 1293 1295 1296 1297 1298 1299 1300 1301 1302 1304]] [87 [1305 1309 1310 1314 1315 1317 1318]] [88 [1322 1326 1327 1328 1329 1332 1333]] [89 [1336 1339 1341 1342 1343 1344 1345 1347 1349]] [90 [1350 1351 1352 1353 1354 1355 1359 1360 1361 1364]] [91 [1366 1369 1370 1373 1374 1376 1377 1378]] [92 [1380 1382 1383 1384 1385 1386 1388 1389 1392 1393]] [93 [1395 1400 1403 1404 1405 1406 1407 1409]] [94 [1410 1412 1413 1414 1416 1417 1418 1420 1421]] [95 [1425 1427 1428 1429 1430 1431 1432 1433 1435 1436 1437]] [96 [1440 1441 1444 1445 1448 1450 1451 1452 1454]] [97 [1457 1458 1462 1463 1464 1465 1466 1467 1468]] [98 [1473 1474 1475 1476 1477 1479 1481 1483 1484]] [99 [1485 1487 1489 1490 1492 1493 1495 1497]]]",,"[[{citizen 10} [[""A"" [5 6]]]] [{citizen 12} [[""A"" [5 4]]]] [{citizen 13} [[""A"" [5 6]]]] [{citizen 17} [[""A"" [6 5]]]] [{citizen 24} [[""A"" [6 5]]]] [{citizen 32} [[""A"" [6 6]]]] [{citizen 34} [[""A"" [4 6]]]] [{citizen 44} [[""A"" [6 5]]]] [{media 50} [[""A"" [3 3]]]] [{media 52} [[""A"" [3 3]]]] [{media 61} [[""A"" [5 5]]]] [{media 63} [[""A"" [5 5]]]] [{citizen 0} [[""A"" [5 5]]]] [{citizen 2} [[""A"" [5 5]]]] [{citizen 4} [[""A"" [5 4]]]] [{citizen 5} [[""A"" [5 5]]]] [{media 64} [[""A"" [6 6]]]] [{citizen 41} [[""A"" [5 4]]]] [{citizen 48} [[""A"" [5 6]]]] [{citizen 15} [[""A"" [6 5]]]] [{citizen 40} [[""A"" [5 6]]]] [{citizen 8} [[""A"" [5 5]]]] [{citizen 1} [[""A"" [5 4]]]] [{citizen 26} [[""A"" [5 5]]]] [{citizen 19} [[""A"" [5 5]]]] [{citizen 30} [[""A"" [6 5]]]] [{citizen 29} [[""A"" [6 5]]]] [{citizen 3} [[""A"" [6 5]]]] [{citizen 20} [[""A"" [6 6]]]] [{citizen 14} [[""A"" [5 6]]]] [{media 55} [[""A"" [5 5]]]] [{citizen 31} [[""A"" [5 5]]]] [{citizen 35} [[""A"" [5 4]]]] [{citizen 36} [[""A"" [5 5]]]] [{citizen 25} [[""A"" [6 5]]]] [{media 53} [[""A"" [3 3]]]] [{citizen 28} [[""A"" [5 5]]]] [{media 56} [[""A"" [4 4]]]] [{citizen 33} [[""A"" [5 5]]]] [{citizen 39} [[""A"" [5 6]]]] [{citizen 16} [[""A"" [5 4]]]] [{citizen 37} [[""A"" [6 5]]]] [{media 59} [[""A"" [5 5]]]] [{media 58} [[""A"" [5 5]]]] [{citizen 42} [[""A"" [5 6]]]] [{media 51} [[""A"" [6 6]]]] [{citizen 18} [[""A"" [5 5]]]] [{media 57} [[""A"" [6 6]]]] [{citizen 47} [[""A"" [5 5]]]] [{citizen 27} [[""A"" [5 6]]]] [{citizen 11} [[""A"" [6 5]]]] [{citizen 23} [[""A"" [5 4]]]] [{citizen 45} [[""A"" [6 5]]]] [{citizen 43} [[""A"" [5 6]]]] [{citizen 49} [[""A"" [5 6]]]] [{citizen 38} [[""A"" [6 5]]]] [{media 60} [[""A"" [2 2]]]] [{media 54} [[""A"" [1 1]]]] [{citizen 6} [[""A"" [5 6]]]] [{citizen 46} [[""A"" [5 6]]]] [{citizen 21} [[""A"" [5 5]]]] [{citizen 22} [[""A"" [5 5]]]] [{citizen 7} [[""A"" [5 5]]]] [{media 62} [[""A"" [0 0]]]]]"
"10","[0 0 255]","206.25","-1.8701986756524192","-4.877561393723514","""circle""","""""","9.9","{breed citizens}","false","0.5","1","""up""",,"[[""ID"" 9] [""alpha"" 1] [""beta"" 1] [""malleable"" [""A""]] [""prior"" []] [""cont_tokens"" []] [""A"" 6]]","[[0 [5 6 9 10 12]] [1 [16 17 18 19 22 23 24 25 26 29]] [2 [30 31 32 33 36 37 40 41 43]] [3 [45 48 50 51 52 54 56 57 58 59]] [4 [61 62 63 65 66 67 68 69 70 71 72 74]] [5 [75 76 77 78 79 80 81 82 83 84 85 86 88]] [6 [90 91 93 94 95 96 97 98 99 100 103 104]] [7 [105 106 107 111 112 114 116 117 118]] [8 [121 122 123 126 129 130 131 132 134]] [9 [137 140 141 142 143 144 145 146 147]] [10 [151 152 154 155 156 158 159 161 164]] [11 [165 167 170 173 174 176 177 178 179]] [12 [180 181 182 183 185 187 188 189 190 191 192 193 194]] [13 [195 196 197 199 201 202 203 204 206 207 208 209]] [14 [210 211 212 213 215 216 218 220 221 222 223 224]] [15 [225 227 229 231 232 236 237 238 239]] [16 [241 243 244 245 246 247 248 249 250 251 252 254]] [17 [255 256 257 259 260 261 263 265 266 267 268 269]] [18 [270 272 273 274 275 277 278 279 280]] [19 [285 286 289 292 294 295 296 298 299]] [20 [300 301 303 305 310 312 313 314]] [21 [315 317 319 320 321 322 323 324 325]] [22 [331 332 334 336 338 340 341 343 344]] [23 [346 347 349 350 351 353 355 356 359]] [24 [360 361 362 364 366 371 372 374]] [25 [375 376 377 379 381 383 386 387 388]] [26 [392 393 394 397 398 399 400 401]] [27 [405 407 408 412 413 415 416 417 419]] [28 [421 423 425 427 428 429 430 433 434]] [29 [436 438 439 443 444 445 446 447 449]] [30 [451 452 454 455 456 457 458 459 460 462 463 464]] [31 [467 468 469 470 471 472 473 474 475 478 479]] [32 [480 482 486 487 489 490 491 492 493]] [33 [495 496 497 498 501 503 506 507 509]] [34 [510 511 513 515 516 517 518 519 520 522 523 524]] [35 [526 527 528 529 530 531 533 534 535 536 537 538 539]] [36 [540 542 543 545 546 547 548 549 551 552 553 554]] [37 [555 556 557 558 559 564 565 566 567 568 569]] [38 [570 571 572 573 575 576 577 578 579 580 581 582 583 584]] [39 [585 586 587 589 590 591 592 593 594 595 596 597 598 599]] [40 [600 601 602 603 604 605 606 607 608 609 610 611 612 613 614]] [41 [615 616 617 618 619 620 621 622 623 624 625 627 628 629]] [42 [630 631 632 633 637 639 640 642 643 644]] [43 [645 646 647 648 651 653 655 656 659]] [44 [661 662 663 664 665 666 667 668 669 671 672 673 674]] [45 [675 676 677 678 679 680 682 683 684 686 687 688 689]] [46 [691 692 693 694 696 697 698 699 700 701 702 703 704]] [47 [705 706 707 708 709 710 711 712 713 714 715 716 717 719]] [48 [720 721 722 723 724 725 726 727 728 729 730 731 732 733 734]] [49 [735 736 738 739 740 741 742 744 746 747 748 749]] [50 [751 753 754 755 756 757 758 760 761 762 763 764]] [51 [765 766 767 768 769 770 771 772 773 774 777 778 779]] [52 [780 781 782 783 784 785 786 787 788 789 790 791 792 794]] [53 [795 796 797 798 799 800 801 802 803 804 805 807 808]] [54 [810 811 813 815 816 817 818 819 820 821 822 823 824]] [55 [826 827 828 829 830 831 832 833 834 835 836 837 838 839]] [56 [840 841 842 843 844 845 846 847 848 849 850 851 852 853]] [57 [855 856 857 858 859 860 861 862 863 864 865 866 869]] [58 [870 871 872 874 875 876 880]] [59 [885 889 893 894 896]] [60 [901 907 908 910 914]] [61 [916 920 922 925 929]] [62 [931 932 937 939 944]] [63 [948 951 953 957 958]] [64 [960 964 965 968 969 970 972 973 974]] [65 [975 976 977 978 985]] [66 [990 991 992 993 994 997 998 999 1000 1002 1003]] [67 [1005 1006 1007 1010 1011 1012 1013 1014 1015 1016 1017 1018]] [68 [1020 1021 1022 1023 1024 1025 1026 1028 1029 1030 1031 1032 1033 1034]] [69 [1035 1036 1038 1040 1042 1043 1047 1048 1049]] [70 [1050 1051 1052 1054 1055 1056 1057 1058 1060 1061 1062 1063 1064]] [71 [1065 1066 1067 1069 1070 1071 1073 1074 1075 1076 1077 1078 1079]] [72 [1080 1081 1082 1083 1084 1085 1086 1088 1089 1090 1091 1093 1094]] [73 [1095 1096 1097 1098 1099 1100 1101 1103 1104 1105 1107 1108 1109]] [74 [1110 1111 1112 1113 1114 1115 1116 1117 1118 1120 1121 1123 1124]] [75 [1125 1127 1128 1129 1130 1131 1132 1133 1135 1136 1137 1138 1139]] [76 [1140 1141 1142 1144 1145 1146 1147 1149 1150 1151 1152 1153 1154]] [77 [1155 1156 1157 1158 1159 1160 1161 1162 1163 1164 1166 1167 1168]] [78 [1170 1171 1172 1173 1174 1175 1176 1177 1178 1179 1180 1181 1182 1184]] [79 [1186 1187 1189 1190 1191 1192 1193 1194 1195 1196 1197 1198 1199]] [80 [1200 1201 1202 1203 1204 1205 1206 1207 1208 1210 1211 1212 1213 1214]] [81 [1215 1217 1218 1219 1220 1221 1222 1223 1224 1225 1226 1227 1228]] [82 [1230 1231 1232 1233 1234 1235 1236 1237 1238 1239 1241 1243 1244]] [83 [1245 1247 1248 1249 1250 1251 1252 1253 1254 1255 1256 1257 1258]] [84 [1260 1261 1262 1263 1265 1266 1267 1268 1269 1270 1272 1273 1274]] [85 [1275 1276 1277 1278 1279 1280 1281 1282 1284 1285 1286 1287 1288 1289]] [86 [1290 1291 1292 1293 1295 1296 1297 1298 1299 1300 1301 1302 1304]] [87 [1305 1306 1308 1309 1310 1311 1312 1314 1315 1316 1317 1318 1319]] [88 [1320 1321 1322 1324 1325 1326 1327 1328 1329 1331 1332 1333 1334]] [89 [1335 1336 1337 1338 1339 1341 1342 1343 1344 1345 1347 1348 1349]] [90 [1350 1351 1352 1353 1354 1355 1357 1358 1359 1360 1361 1363 1364]] [91 [1365 1366 1367 1368 1369 1370 1371 1372 1373 1374 1376 1377 1378 1379]] [92 [1380 1381 1382 1383 1384 1385 1386 1387 1388 1389 1390 1391 1392 1393]] [93 [1395 1397 1398 1399 1400 1401 1403 1404 1405 1406 1407 1408 1409]] [94 [1410 1411 1412 1413 1414 1415 1416 1417 1418 1419 1420 1421 1422 1424]] [95 [1425 1426 1427 1428 1429 1430 1431 1432 1433 1435 1436 1437 1439]] [96 [1440 1441 1443 1444 1445 1447 1448 1449 1450 1451 1452 1453 1454]] [97 [1457 1458 1460 1462 1463 1464 1465 1466 1467 1468 1469]] [98 [1470 1471 1473 1474 1475 1476 1477 1478 1479 1480 1481 1483 1484]] [99 [1485 1487 1489 1490 1492 1493 1495 1497 1498]]]","[[3 [45 48 50 56 57 59]] [4 [61 62 63 65 67 68 69 70 72 74]] [5 [75 78 79 80 81 84 86 88]] [6 [90 91 93 94 95 96 97 99 104]] [7 [105 106 107 111 112 114 116 117 118]] [8 [121 122 123 126 129 130 132 134]] [9 [137 140 141 142 143 144 145 146 147]] [10 [151 152 154 155 156 158 159 161 164]] [11 [165 170 173 176 177 179]] [12 [180 182 183 187 188 190 191 192 193 194]] [13 [195 199 202 203 206 207 208]] [14 [210 211 212 216 218 220 221 223 224]] [15 [225 227 229 231 232 236 237 238 239]] [16 [241 243 244 245 246 247 248 251 252 254]] [17 [255 256 257 265 266 268 269]] [18 [270 272 273 274 275 277 278 279 280]] [19 [285 292 294 295 296 298 299]] [20 [300 301 303 305 310 312 314]] [21 [315 317 319 320 321 322 323 324 325]] [22 [331 332 334 338 340 341 343 344]] [23 [346 347 349 350 351 353 355 356 359]] [24 [360 361 362 364 366 371 372 374]] [25 [375 376 377 379 381 383 386 387 388]] [26 [392 393 394 397 398 399 400 401]] [27 [405 408 412 413 415 416 417 419]] [28 [421 423 425 427 428 430 433 434]] [29 [436 438 439 443 444 445 446 447]] [30 [451 452 454 456 457 458 459 462 464]] [31 [467 468 469 470 471 473 474 475 478 479]] [32 [480 482 486 487 489 490 491 492 493]] [33 [495 496 497 498 501 503 506 507 509]] [34 [510 515 516 517 518 519 520 522 523 524]] [35 [528 529 531 533 534 536 537 538]] [36 [540 542 543 545 546 548 549 551 552 553 554]] [37 [556 558 559 566 567 568]] [38 [572 573 575 576 577 579 580 581 582 583]] [39 [589 593 594 598 599]] [40 [601 602 607 608 609 610 612 613 614]] [41 [619 620 622 623 624 628 629]] [42 [630 631 632 633 639 640 642 643 644]] [43 [645 646 647 648 651 653 655 659]] [44 [662 664 667 668 669 671 672 673]] [45 [676 677 678 679 682 683 687]] [46 [692 694 698 699 700 702 703 704]] [47 [705 707 708 709 714 715 717 719]] [48 [720 721 723 724]] [49 [736 742]] [50 [751 753 755 756 760 761 763 764]] [51 [767 772 773 774 777 778 779]] [52 [782 784 785 786 788 790 792]] [53 [797 799 800 804 805 807]] [54 [811 815 817 818 819 820 821 822 823]] [55 [826 830 835 837 839]] [56 [840 841 842 843 845 847 850 853]] [57 [859 860 863 864 865 866 869]] [58 [870 871 872 874 875 876 880]] [59 [889 893 894 896]] [60 [901 907 910 914]] [61 [916 920 922 925 929]] [62 [931 937 939 944]] [63 [948 951 953 957 958]] [64 [960 965 968 969 970 972 973 974]] [65 [975 976 977 978 985]] [66 [990 991 992 993 997 1002 1003]] [67 [1005 1010 1011 1013 1014 1017 1018]] [68 [1022 1024 1025 1026 1030 1033]] [69 [1035 1036 1038 1042 1043 1047 1048]] [70 [1050 1051 1052 1054 1057 1058 1060 1062 1063 1064]] [71 [1065 1069 1070 1073 1075 1076 1077 1078 1079]] [72 [1080 1084 1085 1088 1089 1090 1091 1094]] [73 [1095 1096 1098 1099 1100 1101 1103 1107 1108 1109]] [74 [1110 1112 1113 1114 1116 1117 1120 1121 1123 1124]] [75 [1125 1128 1129 1135 1136 1137 1138 1139]] [76 [1140 1141 1142 1144 1145 1146 1147 1149 1151 1152 1153]] [77 [1155 1156 1159 1160 1162 1164 1167]] [78 [1170 1174 1178 1180 1181]] [79 [1187 1190 1192 1194 1195 1196 1197 1198]] [80 [1201 1202 1204 1205 1207 1208 1212 1213]] [81 [1217 1224 1225 1226 1228]] [82 [1230 1231 1234 1237 1238 1239 1243]] [83 [1247 1250 1251 1252 1253 1255 1256 1258]] [84 [1260 1261 1263 1266 1268 1269 1270 1272 1273]] [85 [1278 1279 1281 1282 1284 1285 1286 1288 1289]] [86 [1290 1293 1295 1297 1298 1299 1300 1301]] [87 [1305 1308 1309 1310 1311 1312 1316 1317 1319]] [88 [1320 1321 1325 1326 1327 1329 1332 1333]] [89 [1336 1339 1341 1342 1343 1344 1345 1347 1348 1349]] [90 [1350 1351 1352 1353 1354 1355 1359 1360 1361 1364]] [91 [1367 1368 1369 1370 1373 1374 1376 1377 1378 1379]] [92 [1381 1382 1383 1384 1385 1386 1388 1389 1391 1392 1393]] [93 [1395 1397 1398 1399 1401]] [94 [1411 1415 1419 1424]] [95 [1425 1427 1428 1429 1430 1431 1432 1433 1435 1436 1437]] [96 [1440 1441 1444 1445 1448 1450 1451 1453 1454]] [97 [1458 1460 1462 1463 1464 1465 1466 1467 1468]] [98 [1473 1474 1475 1476 1477 1479 1481 1483 1484]] [99 [1485 1487 1489 1490 1492 1493 1495 1497 1498]]]",,"[[{citizen 12} [[""A"" [5 4]]]] [{citizen 21} [[""A"" [6 5]]]] [{media 50} [[""A"" [3 3]]]] [{media 52} [[""A"" [3 3]]]] [{media 61} [[""A"" [5 5]]]] [{citizen 9} [[""A"" [5 4]]]] [{media 63} [[""A"" [5 5]]]] [{citizen 0} [[""A"" [5 4]]]] [{citizen 1} [[""A"" [5 4]]]] [{citizen 4} [[""A"" [5 4]]]] [{citizen 5} [[""A"" [5 4]]]] [{citizen 2} [[""A"" [5 5]]]] [{media 64} [[""A"" [6 6]]]] [{citizen 41} [[""A"" [6 4]]]] [{citizen 19} [[""A"" [5 5]]]] [{citizen 48} [[""A"" [4 6]]]] [{media 55} [[""A"" [5 5]]]] [{citizen 32} [[""A"" [5 5]]]] [{citizen 8} [[""A"" [5 4]]]] [{media 56} [[""A"" [4 4]]]] [{citizen 33} [[""A"" [5 4]]]] [{citizen 36} [[""A"" [5 5]]]] [{citizen 39} [[""A"" [4 6]]]] [{citizen 25} [[""A"" [6 5]]]] [{citizen 14} [[""A"" [4 6]]]] [{citizen 3} [[""A"" [6 6]]]] [{citizen 20} [[""A"" [5 6]]]] [{media 59} [[""A"" [5 5]]]] [{citizen 34} [[""A"" [4 6]]]] [{citizen 17} [[""A"" [5 4]]]] [{citizen 30} [[""A"" [5 4]]]] [{citizen 44} [[""A"" [6 5]]]] [{citizen 28} [[""A"" [5 4]]]] [{media 58} [[""A"" [5 5]]]] [{citizen 26} [[""A"" [5 5]]]] [{media 51} [[""A"" [6 6]]]] [{citizen 31} [[""A"" [5 5]]]] [{citizen 18} [[""A"" [5 4]]]] [{media 57} [[""A"" [6 6]]]] [{citizen 15} [[""A"" [5 5]]]] [{citizen 47} [[""A"" [5 4]]]] [{citizen 35} [[""A"" [5 4]]]] [{citizen 29} [[""A"" [5 4]]]] [{citizen 45} [[""A"" [6 5]]]] [{citizen 43} [[""A"" [5 6]]]] [{citizen 37} [[""A"" [5 5]]]] [{citizen 49} [[""A"" [4 6]]]] [{citizen 40} [[""A"" [5 4]]]] [{citizen 16} [[""A"" [5 4]]]] [{citizen 42} [[""A"" [5 6]]]] [{citizen 27} [[""A"" [5 4]]]] [{citizen 23} [[""A"" [5 4]]]] [{citizen 13} [[""A"" [4 6]]]] [{citizen 11} [[""A"" [5 4]]]] [{citizen 38} [[""A"" [5 4]]]] [{media 54} [[""A"" [1 1]]]] [{citizen 46} [[""A"" [5 4]]]] [{citizen 6} [[""A"" [5 6]]]] [{media 60} [[""A"" [2 2]]]] [{media 53} [[""A"" [3 3]]]] [{citizen 7} [[""A"" [5 4]]]] [{citizen 22} [[""A"" [5 5]]]] [{citizen 24} [[""A"" [5 4]]]] [{media 62} [[""A"" [0 0]]]]]"
"11","[0 0 255]","11.25","1.8019438693132828","9.107392009536655","""circle""","""""","9.9","{breed citizens}","false","0.5","1","""up""",,"[[""ID"" 11] [""alpha"" 1] [""beta"" 1] [""malleable"" [""A""]] [""prior"" []] [""cont_tokens"" []] [""A"" 6]]","[[0 [5 6 9 10 12]] [1 [16 17 18 19 21 22 23 24 25 26 29]] [2 [30 31 32 33 35 36 37 39 40 41 42 43 44]] [3 [45 46 47 48 49 50 51 52 54 56 57 58 59]] [4 [61 62 63 65 66 67 68 69 70 71 72 74]] [5 [75 76 77 78 79 80 81 82 83 84 85 86 88]] [6 [90 91 93 94 95 96 97 98 99 100 103 104]] [7 [105 106 107 111 112 114 116 117 118]] [8 [121 122 123 126 129 130 131 132 134]] [9 [137 140 141 142 143 144 145 146 147]] [10 [151 152 154 155 156 158 159 161 164]] [11 [165 167 170 173 174 176 177 178 179]] [12 [180 181 182 183 185 187 188 189 190 191 192 193 194]] [13 [195 196 197 199 201 202 203 204 206 207 208 209]] [14 [210 211 212 213 215 216 218 220 221 222 223 224]] [15 [225 227 229 231 232 236 237 238 239]] [16 [241 243 244 245 246 247 248 249 250 251 252 254]] [17 [255 256 257 259 260 261 263 265 266 267 268 269]] [18 [270 272 273 274 275 277 278 279 280]] [19 [285 286 289 292 294 295 296 298 299]] [20 [300 301 303 305 310 312 313 314]] [21 [315 317 319 320 321 322 323 324 325]] [22 [331 332 334 336 338 340 341 343 344]] [23 [346 347 349 350 351 353 355 356 359]] [24 [360 361 362 364 366 371 372 374]] [25 [375 376 377 379 381 383 386 387 388]] [26 [392 393 394 397 398 399 400 401]] [27 [405 407 408 412 413 415 416 417 419]] [28 [421 423 425 427 428 429 430 433 434]] [29 [436 438 439 443 444 445 446 447 449]] [30 [451 452 454 456 457 458 459 460 462 463 464]] [31 [467 468 469 470 471 472 473 474 475 476 477 478 479]] [32 [480 482 486 487 489 490 491 492 493]] [33 [495 496 497 498 501 503 506 507 509]] [34 [510 511 513 515 516 517 518 519 520 522 523 524]] [35 [526 527 528 529 530 531 533 534 535 536 537 538 539]] [36 [540 542 543 545 546 547 548 549 551 552 553 554]] [37 [555 556 557 558 559 564 565 566 567 568 569]] [38 [570 571 572 573 575 576 577 578 579 580 581 582 583 584]] [39 [585 586 587 589 590 591 592 593 594 595 596 597 598 599]] [40 [600 601 602 603 604 605 606 607 608 609 610 611 612 613 614]] [41 [615 616 617 618 619 620 621 622 623 624 625 627 628 629]] [42 [630 631 632 633 634 635 637 639 640 642 643 644]] [43 [645 646 647 648 651 653 655 656 659]] [44 [661 662 663 664 665 666 667 668 669 671 672 673 674]] [45 [675 676 677 678 679 680 682 683 684 686 687 688 689]] [46 [691 692 693 694 696 697 698 699 700 701 702 703 704]] [47 [705 706 707 708 709 710 711 712 713 714 715 716 717 719]] [48 [720 721 722 723 724 725 726 727 728 729 730 731 732 733 734]] [49 [735 736 738 739 740 741 742 744 746 747 748 749]] [50 [750 751 752 753 754 755 756 757 758 760 761 762 763 764]] [51 [765 766 767 768 769 770 771 772 773 774 775 777 778 779]] [52 [780 781 782 783 784 785 786 787 788 789 790 791 792 794]] [53 [795 796 797 798 799 800 803 804 805 807 808]] [54 [810 811 813 815 816 817 818 819 820 821 822 823 824]] [55 [826 827 828 829 830 831 832 833 834 835 836 837 838 839]] [56 [840 841 842 843 844 845 846 847 848 849 850 851 852 853]] [57 [855 856 857 858 859 860 861 862 863 864 865 866 869]] [58 [870 871 872 874 875 876 877 879 880 881 882 883 884]] [59 [885 889 893 894 896]] [60 [901 907 908 910 914]] [61 [916 920 922 925 929]] [62 [931 932 937 939 944]] [63 [948 951 953 957 958]] [64 [960 964 965 968 969 970 972 973 974]] [65 [975 976 977 978 985]] [66 [990 991 992 993 994 997 998 999 1000 1002 1003]] [67 [1005 1006 1007 1010 1011 1012 1013 1014 1015 1016 1017 1018]] [68 [1020 1021 1022 1023 1024 1025 1026 1028 1029 1030 1031 1032 1033 1034]] [69 [1035 1036 1038 1040 1042 1043 1047 1048 1049]] [70 [1050 1051 1052 1054 1055 1056 1057 1058 1060 1061 1062 1063 1064]] [71 [1065 1066 1067 1069 1070 1071 1073 1074 1075 1076 1077 1078 1079]] [72 [1080 1081 1082 1083 1084 1085 1086 1088 1089 1090 1091 1093 1094]] [73 [1095 1096 1097 1098 1099 1100 1101 1103 1104 1105 1107 1108 1109]] [74 [1110 1111 1112 1113 1114 1115 1116 1117 1118 1120 1121 1123 1124]] [75 [1125 1127 1128 1129 1130 1131 1132 1133 1135 1136 1137 1138 1139]] [76 [1140 1141 1142 1144 1145 1146 1147 1149 1150 1151 1152 1153 1154]] [77 [1155 1156 1157 1158 1159 1160 1161 1162 1163 1164 1166 1167 1168]] [78 [1170 1171 1172 1173 1174 1175 1176 1177 1178 1179 1180 1181 1182 1184]] [79 [1186 1187 1189 1190 1191 1192 1193 1194 1195 1196 1197 1198 1199]] [80 [1200 1201 1202 1203 1204 1205 1206 1207 1208 1212 1213 1214]] [81 [1215 1217 1218 1219 1220 1221 1222 1223 1224 1225 1226 1227 1228]] [82 [1230 1231 1232 1233 1234 1235 1236 1237 1238 1239 1241 1243 1244]] [83 [1245 1247 1248 1249 1250 1251 1252 1253 1254 1255 1256 1257 1258]] [84 [1260 1261 1262 1263 1265 1266 1267 1268 1269 1270 1272 1273 1274]] [85 [1275 1276 1277 1278 1279 1280 1281 1282 1284 1285 1286 1287 1288 1289]] [86 [1290 1291 1292 1293 1295 1296 1297 1298 1299 1300 1301 1302 1304]] [87 [1305 1306 1308 1309 1310 1311 1312 1314 1315 1316 1317 1318 1319]] [88 [1320 1321 1322 1324 1325 1326 1327 1328 1329 1331 1332 1333 1334]] [89 [1335 1336 1337 1338 1339 1341 1342 1343 1344 1345 1347 1348 1349]] [90 [1350 1351 1352 1353 1354 1355 1357 1358 1359 1360 1361 1363 1364]] [91 [1365 1366 1367 1368 1369 1370 1371 1372 1373 1374 1376 1377 1378 1379]] [92 [1380 1381 1382 1383 1384 1385 1386 1388 1389 1390 1391 1392 1393]] [93 [1395 1397 1398 1399 1400 1401 1403 1404 1405 1406 1407 1408 1409]] [94 [1410 1411 1412 1413 1414 1415 1416 1417 1418 1419 1420 1421 1422 1424]] [95 [1425 1426 1427 1428 1429 1430 1431 1432 1433 1435 1436 1437 1439]] [96 [1440 1441 1443 1444 1445 1448 1450 1451 1452 1453 1454]] [97 [1457 1458 1460 1462 1463 1464 1465 1466 1467 1468 1469]] [98 [1470 1471 1473 1474 1475 1476 1477 1478 1479 1480 1481 1483 1484]] [99 [1485 1487 1489 1490 1492 1493 1495 1497 1498]]]","[[1 [16 17 18 19 21 22 23 24 25 26 29]] [2 [30 31 32 33 37 40 41 43]] [3 [46 47 49 51 52 54 58 59]] [4 [62 66 67 68 69 70 71]] [5 [76 77 80 81 83 85 86 88]] [6 [90 91 96 97 98 99 100 104]] [7 [105 106 107 111 112 114 116 117 118]] [8 [121 122 123 126 129 130 132 134]] [9 [137 140 141 142 143 144 145 147]] [10 [151 152 154 155 156 158 159 161 164]] [11 [165 167 170 174 178 179]] [12 [180 182 183 187 188 190 191 192 193 194]] [13 [196 197 199 203 207 208 209]] [14 [213 215 216 218 220 221 222 223 224]] [15 [225 227 229 231 232 236 237 238]] [16 [244 245 246 247 248 251 252 254]] [17 [255 256 257 261 263 265 266 268 269]] [18 [270 272 273 274 275 278 279 280]] [19 [285 286 289 292 294 295 296 298 299]] [20 [300 301 303 305 310 312 313 314]] [21 [315 317 319 320 321 322 323 324 325]] [22 [331 332 334 336 338 340 341 343 344]] [23 [346 347 349 350 351 353 355 356 359]] [24 [360 361 362 364 366 371 372 374]] [25 [375 376 377 379 381 383 386 387 388]] [26 [392 393 394 397 398 399 400 401]] [27 [405 408 412 413 415 416 417 419]] [28 [421 423 425 427 428 429 430 433 434]] [29 [436 438 439 443 444 445 446 447 449]] [30 [451 452 457 458 460 463]] [31 [469 470 471 473 474 475 478 479]] [32 [480 482 486 487 489 490 491 492 493]] [33 [495 496 498 501 503 506 507 509]] [34 [510 515 516 517 518 519 520 523 524]] [35 [528 529 531 533 534 535 537 538 539]] [36 [540 542 543 545 546 548 549 551 552 553 554]] [37 [556 558 559 564 565 567 568]] [38 [571 572 573 575 578 580 581 582 583]] [39 [589 593 594 595 596 597]] [40 [600 601 602 603 605 606 608 609 610 612 613 614]] [41 [619 620 623 624 628]] [42 [630 631 632 633 639 640 642 643 644]] [43 [645 646 647 648 651 653 655 656 659]] [44 [661 662 664 665 666 667 668 669 671 672 673 674]] [45 [675 680 682 683 686 687]] [46 [692 694 698 699 700 702 703]] [47 [710 712 713 719]] [48 [720 721 725 730 731 732 733 734]] [49 [735 736 742]] [50 [751 754 755 756]] [51 [765 767 768 769 770 771 772 773 774 777]] [52 [781 783 784 785 786 788 789 790 792 794]] [53 [795 796 797 798 799 800 804 805 807 808]] [54 [810 811 815 818 819 820 821 822 823]] [55 [826 828 829 830 832 837 839]] [56 [840 841 842 843 845 847 848 850 853]] [57 [857 858 859 861 862 865]] [58 [870 872 874 875 876 880]] [59 [885 889 893 894 896]] [60 [901 907 910 914]] [61 [916 920 922 925 929]] [62 [931 937 939 944]] [63 [948 951 953 957 958]] [64 [960 964 965 968 969 970 972 973 974]] [65 [975 976 977 978]] [66 [994 997 999 1000 1002 1003]] [67 [1005 1010 1011 1012 1015 1017 1018]] [68 [1022 1024 1026 1028 1029 1031 1032 1033]] [69 [1035 1036 1038 1040 1042 1043 1047 1048 1049]] [70 [1050 1052 1054 1057 1058 1060 1062 1063 1064]] [71 [1065 1071 1074 1075 1076 1077 1078]] [72 [1081 1083 1085 1088 1089 1090 1091 1094]] [73 [1095 1096 1098 1099 1100 1101 1103 1107 1108 1109]] [74 [1111 1112 1113 1114 1116 1117 1120 1121 1123 1124]] [75 [1125 1130 1131 1132 1133 1136 1137 1138 1139]] [76 [1140 1141 1142 1144 1145 1146 1147 1149 1151 1152 1153]] [77 [1155 1156 1158 1159 1160 1162 1163 1166 1168]] [78 [1171 1172 1173 1175 1176 1177 1179 1182 1184]] [79 [1186 1189 1190 1191 1192 1194 1195 1196 1199]] [80 [1200 1201 1202 1204 1205 1207 1208 1212 1213]] [81 [1217 1221 1223 1226 1228]] [82 [1230 1231 1232 1233 1234 1237 1238 1239 1243 1244]] [83 [1245 1248 1249 1250 1251 1252 1253 1255 1256 1258]] [84 [1260 1261 1265 1267 1268 1269 1270 1272 1273]] [85 [1275 1278 1280 1281 1282 1284 1285 1287 1288 1289]] [86 [1290 1293 1295 1297 1298 1299 1301 1304]] [87 [1305 1308 1309 1310 1311 1312 1316 1317 1319]] [88 [1320 1321 1324 1325 1326 1327 1329 1332 1333]] [89 [1336 1339 1341 1342 1343 1344 1345 1347 1349]] [90 [1350 1351 1352 1353 1354 1355 1358 1363 1364]] [91 [1367 1368 1369 1370 1373 1374 1376 1377 1378]] [92 [1380 1382 1383 1384 1385 1386 1388 1389 1392 1393]] [93 [1395 1399 1401]] [94 [1411 1414 1416 1417 1418 1420 1421]] [95 [1425 1427 1428 1429 1430 1431 1432 1433 1435 1436 1437]] [96 [1440 1441 1444 1445 1448 1450 1451 1453 1454]] [97 [1457 1460 1462 1463 1464 1465 1466 1467 1468]] [98 [1473 1474 1475 1476 1477 1479 1481 1483 1484]] [99 [1485 1487 1489 1490 1492 1495 1497 1498]]]",,"[[{citizen 20} [[""A"" [5 6]]]] [{citizen 22} [[""A"" [5 5]]]] [{citizen 24} [[""A"" [5 6]]]] [{citizen 45} [[""A"" [5 6]]]] [{citizen 49} [[""A"" [5 6]]]] [{media 50} [[""A"" [3 3]]]] [{media 52} [[""A"" [3 3]]]] [{media 61} [[""A"" [5 5]]]] [{media 63} [[""A"" [5 5]]]] [{citizen 0} [[""A"" [6 5]]]] [{citizen 4} [[""A"" [5 4]]]] [{citizen 5} [[""A"" [6 5]]]] [{citizen 3} [[""A"" [5 6]]]] [{media 64} [[""A"" [6 6]]]] [{citizen 41} [[""A"" [5 4]]]] [{citizen 48} [[""A"" [6 6]]]] [{citizen 15} [[""A"" [5 6]]]] [{citizen 40} [[""A"" [5 6]]]] [{citizen 8} [[""A"" [5 5]]]] [{citizen 12} [[""A"" [6 4]]]] [{citizen 19} [[""A"" [5 6]]]] [{citizen 1} [[""A"" [5 4]]]] [{media 55} [[""A"" [5 5]]]] [{citizen 32} [[""A"" [6 6]]]] [{citizen 31} [[""A"" [6 5]]]] [{citizen 34} [[""A"" [4 6]]]] [{citizen 13} [[""A"" [5 6]]]] [{citizen 29} [[""A"" [5 6]]]] [{citizen 35} [[""A"" [6 4]]]] [{citizen 36} [[""A"" [6 6]]]] [{citizen 25} [[""A"" [5 6]]]] [{citizen 44} [[""A"" [5 6]]]] [{citizen 9} [[""A"" [5 4]]]] [{citizen 30} [[""A"" [5 6]]]] [{citizen 2} [[""A"" [6 5]]]] [{media 53} [[""A"" [3 3]]]] [{citizen 28} [[""A"" [5 5]]]] [{media 56} [[""A"" [4 4]]]] [{citizen 33} [[""A"" [5 5]]]] [{citizen 39} [[""A"" [5 6]]]] [{citizen 16} [[""A"" [5 4]]]] [{citizen 37} [[""A"" [5 6]]]] [{citizen 14} [[""A"" [5 6]]]] [{media 59} [[""A"" [5 5]]]] [{citizen 17} [[""A"" [5 6]]]] [{media 58} [[""A"" [5 5]]]] [{citizen 26} [[""A"" [5 5]]]] [{citizen 42} [[""A"" [5 6]]]] [{media 51} [[""A"" [6 6]]]] [{citizen 18} [[""A"" [6 5]]]] [{media 57} [[""A"" [6 6]]]] [{citizen 47} [[""A"" [5 4]]]] [{citizen 27} [[""A"" [5 6]]]] [{citizen 43} [[""A"" [5 6]]]] [{citizen 23} [[""A"" [5 4]]]] [{citizen 38} [[""A"" [6 5]]]] [{media 60} [[""A"" [2 2]]]] [{media 54} [[""A"" [1 1]]]] [{citizen 46} [[""A"" [5 6]]]] [{citizen 6} [[""A"" [6 6]]]] [{citizen 10} [[""A"" [5 6]]]] [{citizen 21} [[""A"" [6 5]]]] [{citizen 7} [[""A"" [6 5]]]] [{media 62} [[""A"" [0 0]]]]]"
"12","[85 0 170]","22.5","3.485244496874902","8.487984952897813","""circle""","""""","9.9","{breed citizens}","false","0.5","1","""up""",,"[[""ID"" 32] [""alpha"" 1] [""beta"" 1] [""malleable"" [""A""]] [""prior"" []] [""cont_tokens"" []] [""A"" 4]]","[[0 [5 6 9 10 12]] [1 [16 17 18 19 21 22 23 24 25 26 29]] [2 [30 31 32 33 35 36 37 39 40 41 42 43 44]] [3 [45 46 47 48 49 50 51 52 54 56 57 58 59]] [4 [61 62 63 65 66 67 68 69 70 71 72 74]] [5 [75 76 77 78 79 80 81 82 83 84 85 86 88]] [6 [90 91 93 94 95 96 97 98 99 100 103 104]] [7 [105 106 107 111 112 114 116 117 118]] [8 [121 122 123 126 129 130 131 132 134]] [9 [137 140 141 142 143 144 145 146 147]] [10 [151 152 154 155 156 158 159 161 164]] [11 [165 167 170 173 174 176 177 178 179]] [12 [180 181 182 183 185 187 188 189 190 191 192 193 194]] [13 [195 196 197 199 201 202 203 204 206 207 208 209]] [14 [210 211 212 213 215 216 218 220 221 222 223 224]] [15 [225 227 229 231 232 236 237 238 239]] [16 [241 243 244 245 246 247 248 249 250 251 252 254]] [17 [255 256 257 259 260 261 263 265 266 267 268 269]] [18 [270 272 273 274 275 277 278 279 280]] [19 [285 286 289 292 294 295 296 298 299]] [20 [300 301 303 305 310 312 313 314]] [21 [315 317 319 320 321 322 323 324 325]] [22 [331 332 334 336 338 340 341 343 344]] [23 [346 347 349 350 351 353 355 356 359]] [24 [360 361 362 364 366 371 372 374]] [25 [375 376 377 379 381 383 386 387 388]] [26 [392 393 394 397 398 399 400 401]] [27 [405 407 408 412 413 415 416 417 419]] [28 [421 423 425 427 428 429 430 433 434]] [29 [436 438 439 443 444 445 446 447 449]] [30 [451 452 454 456 457 458 459 460 462 463 464]] [31 [467 468 469 470 471 472 473 474 475 478 479]] [32 [480 482 486 487 489 490 491 492 493]] [33 [495 496 497 498 501 503 506 507 509]] [34 [510 511 513 515 516 517 518 519 520 522 523 524]] [35 [526 527 528 529 530 531 533 534 535 536 537 538 539]] [36 [540 542 543 544 545 546 547 548 549 551 552 553 554]] [37 [555 556 557 558 559 564 565 566 567 568 569]] [38 [570 571 572 573 575 576 577 578 579 580 581 582 583 584]] [39 [585 586 587 589 590 591 592 593 594 595 596 597 598 599]] [40 [600 601 602 603 604 605 606 607 608 609 610 611 612 613 614]] [41 [615 616 617 618 619 620 621 622 623 624 625 626 627 628 629]] [42 [630 631 632 633 637 639 640 642 643 644]] [43 [645 646 647 648 651 653 655 656 659]] [44 [661 662 663 664 665 666 667 668 669 671 672 673 674]] [45 [675 676 677 678 679 680 682 683 684 686 687 688 689]] [46 [691 692 693 694 696 697 698 699 700 701 702 703 704]] [47 [705 706 707 708 709 710 711 712 713 714 715 716 717 719]] [48 [720 721 722 723 724 725 726 727 728 729 730 731 732 733 734]] [49 [735 736 738 739 740 741 742 744 746 747 748 749]] [50 [750 751 752 753 754 755 756 757 758 760 761 762 763 764]] [51 [765 766 767 768 769 770 771 772 773 774 777 778 779]] [52 [780 781 782 783 784 785 786 787 788 789 790 791 792 794]] [53 [795 796 797 798 799 800 803 804 805 807 808]] [54 [810 811 813 815 816 817 818 819 820 821 822 823 824]] [55 [826 827 828 829 830 831 832 833 834 835 836 837 838 839]] [56 [840 841 842 843 844 845 846 847 848 849 850 851 852 853]] [57 [855 856 857 858 859 860 861 862 863 864 865 866 869]] [58 [870 871 872 874 875 876 880]] [59 [885 889 893 894 896]] [60 [901 907 908 910 914]] [61 [916 920 922 925 929]] [62 [931 932 937 939 944]] [63 [948 951 953 957 958]] [64 [960 964 965 968 969 970 972 973 974]] [65 [975 976 977 978 985]] [66 [990 991 992 993 994 997 998 999 1000 1002 1003]] [67 [1005 1006 1007 1010 1011 1012 1013 1014 1015 1016 1017 1018]] [68 [1020 1021 1022 1023 1024 1025 1026 1028 1029 1030 1031 1032 1033 1034]] [69 [1035 1036 1038 1040 1042 1043 1047 1048 1049]] [70 [1050 1051 1052 1054 1055 1056 1057 1058 1060 1061 1062 1063 1064]] [71 [1065 1066 1067 1069 1070 1071 1073 1074 1075 1076 1077 1078 1079]] [72 [1080 1081 1082 1083 1084 1085 1086 1088 1089 1090 1091 1093 1094]] [73 [1095 1096 1097 1098 1099 1100 1101 1103 1104 1105 1107 1108 1109]] [74 [1110 1111 1112 1113 1114 1115 1116 1117 1118 1120 1121 1123 1124]] [75 [1125 1127 1128 1129 1130 1131 1132 1133 1135 1136 1137 1138 1139]] [76 [1140 1141 1142 1144 1145 1146 1147 1149 1150 1151 1152 1153 1154]] [77 [1155 1156 1157 1158 1159 1160 1161 1162 1163 1164 1166 1167 1168]] [78 [1170 1171 1172 1173 1174 1175 1176 1177 1178 1179 1180 1181 1182 1184]] [79 [1186 1187 1189 1190 1191 1192 1193 1194 1195 1196 1197 1198 1199]] [80 [1200 1201 1202 1203 1204 1205 1206 1207 1208 1210 1211 1212 1213 1214]] [81 [1215 1217 1218 1219 1220 1221 1222 1223 1224 1225 1226 1227 1228]] [82 [1230 1231 1232 1233 1234 1235 1236 1237 1238 1239 1241 1243 1244]] [83 [1245 1247 1248 1249 1250 1251 1252 1253 1254 1255 1256 1257 1258]] [84 [1260 1261 1262 1263 1265 1266 1267 1268 1269 1270 1272 1273 1274]] [85 [1275 1276 1277 1278 1279 1280 1281 1282 1284 1285 1286 1287 1288 1289]] [86 [1290 1291 1292 1293 1295 1296 1297 1298 1299 1300 1301 1302 1304]] [87 [1305 1306 1308 1309 1310 1311 1312 1314 1315 1316 1317 1318 1319]] [88 [1320 1321 1322 1324 1325 1326 1327 1328 1329 1331 1332 1333 1334]] [89 [1335 1336 1337 1338 1339 1341 1342 1343 1344 1345 1347 1348 1349]] [90 [1350 1351 1352 1353 1354 1355 1357 1358 1359 1360 1361 1363 1364]] [91 [1365 1366 1367 1368 1369 1370 1371 1372 1373 1374 1376 1377 1378 1379]] [92 [1380 1381 1382 1383 1384 1385 1386 1387 1388 1389 1390 1391 1392 1393]] [93 [1395 1397 1398 1399 1400 1401 1403 1404 1405 1406 1407 1408 1409]] [94 [1410 1411 1412 1413 1414 1415 1416 1417 1418 1419 1420 1421 1422 1424]] [95 [1425 1426 1427 1428 1429 1430 1431 1432 1433 1435 1436 1437 1439]] [96 [1440 1441 1443 1444 1445 1448 1450 1451 1452 1453 1454]] [97 [1457 1458 1460 1462 1463 1464 1465 1466 1467 1468 1469]] [98 [1470 1471 1473 1474 1475 1476 1477 1478 1479 1480 1481 1483 1484]] [99 [1485 1487 1489 1490 1492 1493 1495 1497 1498]]]","[[0 [6 10]] [1 [17 18 19 21 22 23 24 25 26 29]] [2 [30 31 32 33 37 39 41 43]] [3 [46 47 49 51 52 54 58 59]] [4 [61 62 65 66 67 68 69 70 71 74]] [5 [75 78 79 80 81 83 85 86 88]] [6 [90 91 95 97 98 99 100 104]] [7 [105 106 107 111 112 114 116 117 118]] [8 [121 122 123 126 129 130 131 132 134]] [9 [137 140 141 142 143 144 145 147]] [10 [151 152 154 155 156 158 159 161 164]] [11 [165 170 173 174 176 177 179]] [12 [180 182 185 189 191 192 193 194]] [13 [196 197 201 202 204 206 207 208]] [14 [211 212 218 221 222 223 224]] [15 [225 227 229 231 232 236 237 238]] [16 [244 245 246 247 248 251 252 254]] [17 [256 257 267 268 269]] [18 [270 272 273 274 275 277 278 279 280]] [19 [285 286 289 292 294 295 296 298 299]] [20 [300 301 303 305 310 312 313 314]] [21 [315 317 319 320 321 322 323 324 325]] [22 [331 332 334 338 340 341 343 344]] [23 [346 347 349 350 351 353 355 356 359]] [24 [360 361 362 364 366 371 372 374]] [25 [375 376 377 379 381 383 386 387 388]] [26 [392 393 394 397 398 399 400 401]] [27 [405 407 408 412 413 415 416 417 419]] [28 [421 423 425 427 428 429 430 433 434]] [29 [436 438 439 443 444 445 446 447 449]] [30 [451 452 456 460 462 464]] [31 [467 468 469 470 471 472 473 474 475 478 479]] [32 [480 482 486 487 489 490 491 492 493]] [33 [495 496 497 498 501 503 506 509]] [34 [510 515 516 517 518 519 520 522]] [35 [526 527 530 535]] [36 [540 542 543 545 546 547 552 553 554]] [37 [556 557 558 559 564 565 567 568]] [38 [572 575 578 580 581 582 584]] [39 [585 586 587 590 591 592 594 595 596 597]] [40 [604 611]] [41 [620 623 624 627 628 629]] [42 [630 631 632 633 639 640 642 643 644]] [43 [645 646 647 648 651 653 655 659]] [44 [661 663 665 666 667 668 669 671 672 673 674]] [45 [677 678 679 682 683 684 686 688 689]] [46 [692 694 699 701 702 703]] [47 [708 709 714 715 716 717 719]] [48 [720 721 723 724]] [49 [736 742]] [50 [754 755 756 757 758 760 761 763 764]] [51 [767 769 770 771 772 773 774 777 778 779]] [52 [782 787 789 790 792 794]] [53 [795 796 798 800 804 805 808]] [54 [810 811 813 816 817 818 819 820 821 822 823 824]] [55 [826 830 832 835 836 838]] [56 [840 841 842 843 845 849 851 852]] [57 [855 856 857 858 859 860 861 865 866 869]] [58 [870 872 874 875 876 880]] [59 [885 889 893 894 896]] [60 [901 907 910 914]] [61 [916 920 922 925 929]] [62 [931 932 937 939 944]] [63 [948 951 953 957 958]] [64 [960 965 968 969 970 972 973 974]] [65 [975 976 977 978]] [66 [994 997 1002 1003]] [67 [1005 1010 1011 1013 1014 1017 1018]] [68 [1020 1021 1023 1024 1026 1028 1029 1031 1032 1033]] [69 [1035 1036 1038 1040 1043 1047 1048 1049]] [70 [1050 1051 1052 1054 1055 1056 1061 1064]] [71 [1066 1067 1069 1070 1073 1075 1076 1077 1078]] [72 [1081 1083 1085 1086 1088 1089 1090 1091 1094]] [73 [1095 1096 1098 1099 1100 1101 1104 1105]] [74 [1110 1112 1113 1114 1115 1116 1117 1120 1121 1123 1124]] [75 [1125 1130 1131 1132 1133 1136 1137 1138 1139]] [76 [1140 1141 1142 1144 1145 1146 1147 1149 1151 1152 1153]] [77 [1157 1160 1161 1162 1164 1167]] [78 [1170 1174 1178 1179 1182 1184]] [79 [1186 1189 1190 1194 1195 1196 1197 1198]] [80 [1203 1204 1205 1207 1208 1212 1214]] [81 [1215 1218 1219 1220 1221 1222 1223 1225 1226 1227]] [82 [1232 1234 1237 1238 1239 1243]] [83 [1245 1248 1249 1250 1251 1252 1253 1255 1256 1258]] [84 [1260 1262 1263 1266 1268 1269 1270 1272 1273]] [85 [1275 1278 1279 1281 1282 1284 1285 1286 1288 1289]] [86 [1290 1293 1295 1296 1297 1298 1299 1300 1301]] [87 [1306 1311 1312 1317 1319]] [88 [1320 1321 1324 1325 1326 1327 1329 1332 1333]] [89 [1336 1339 1341 1342 1343 1344 1345 1347 1348]] [90 [1351 1352 1353 1354 1355 1358 1363 1364]] [91 [1367 1368 1369 1373 1374 1376 1377 1378 1379]] [92 [1381 1382 1383 1384 1385 1386 1388 1389 1391 1392 1393]] [93 [1395 1397 1398 1399 1401]] [94 [1411 1415 1419 1424]] [95 [1425 1427 1428 1429 1433 1435 1436 1437]] [96 [1440 1441 1444 1445 1448 1450 1451 1453 1454]] [97 [1457 1460 1462 1463 1464 1465 1466 1467 1468]] [98 [1473 1474 1475 1476 1477 1479 1481 1484]] [99 [1485 1487 1489 1490 1492 1493 1495 1497]]]",,"[[{citizen 14} [[""A"" [5 5]]]] [{citizen 15} [[""A"" [5 5]]]] [{citizen 17} [[""A"" [6 5]]]] [{citizen 44} [[""A"" [5 6]]]] [{media 50} [[""A"" [3 3]]]] [{media 52} [[""A"" [3 3]]]] [{media 61} [[""A"" [5 5]]]] [{citizen 9} [[""A"" [5 5]]]] [{media 63} [[""A"" [5 5]]]] [{citizen 0} [[""A"" [6 5]]]] [{citizen 4} [[""A"" [5 4]]]] [{citizen 5} [[""A"" [5 5]]]] [{citizen 2} [[""A"" [5 5]]]] [{media 64} [[""A"" [6 6]]]] [{citizen 41} [[""A"" [5 4]]]] [{citizen 19} [[""A"" [5 5]]]] [{citizen 1} [[""A"" [5 4]]]] [{citizen 48} [[""A"" [5 6]]]] [{media 55} [[""A"" [5 5]]]] [{citizen 32} [[""A"" [5 5]]]] [{citizen 8} [[""A"" [5 5]]]] [{citizen 31} [[""A"" [5 5]]]] [{citizen 34} [[""A"" [4 6]]]] [{citizen 13} [[""A"" [5 6]]]] [{citizen 29} [[""A"" [5 5]]]] [{citizen 35} [[""A"" [5 4]]]] [{citizen 3} [[""A"" [5 6]]]] [{citizen 36} [[""A"" [5 5]]]] [{citizen 25} [[""A"" [6 5]]]] [{citizen 30} [[""A"" [5 6]]]] [{media 53} [[""A"" [3 3]]]] [{citizen 28} [[""A"" [5 5]]]] [{media 56} [[""A"" [4 4]]]] [{citizen 33} [[""A"" [5 5]]]] [{citizen 39} [[""A"" [5 6]]]] [{citizen 40} [[""A"" [5 5]]]] [{citizen 16} [[""A"" [5 4]]]] [{media 59} [[""A"" [5 5]]]] [{citizen 20} [[""A"" [5 6]]]] [{media 58} [[""A"" [5 5]]]] [{citizen 26} [[""A"" [5 5]]]] [{citizen 37} [[""A"" [5 5]]]] [{citizen 42} [[""A"" [5 6]]]] [{media 51} [[""A"" [6 6]]]] [{citizen 18} [[""A"" [5 5]]]] [{media 57} [[""A"" [6 6]]]] [{citizen 47} [[""A"" [5 5]]]] [{citizen 27} [[""A"" [5 5]]]] [{citizen 11} [[""A"" [6 5]]]] [{citizen 45} [[""A"" [6 5]]]] [{citizen 49} [[""A"" [5 6]]]] [{citizen 38} [[""A"" [5 5]]]] [{citizen 23} [[""A"" [5 4]]]] [{citizen 43} [[""A"" [5 6]]]] [{media 60} [[""A"" [2 2]]]] [{media 54} [[""A"" [1 1]]]] [{citizen 46} [[""A"" [5 5]]]] [{citizen 6} [[""A"" [5 6]]]] [{citizen 21} [[""A"" [6 5]]]] [{citizen 22} [[""A"" [5 5]]]] [{citizen 10} [[""A"" [5 5]]]] [{citizen 7} [[""A"" [5 5]]]] [{citizen 24} [[""A"" [5 6]]]] [{media 62} [[""A"" [0 0]]]]]"
"13","[0 0 255]","213.75","-3.1381096470709178","-4.38188931156625","""circle""","""""","9.9","{breed citizens}","false","0.5","1","""up""",,"[[""ID"" 28] [""alpha"" 1] [""beta"" 1] [""malleable"" [""A""]] [""prior"" []] [""cont_tokens"" []] [""A"" 6]]","[[0 [5 6 9 10 12]] [1 [16 17 18 19 21 22 23 24 25 26 29]] [2 [30 31 32 33 35 36 37 39 40 41 42 43 44]] [3 [45 46 47 48 49 50 51 52 54 56 57 58 59]] [4 [61 62 63 65 66 67 68 69 70 71 72 74]] [5 [75 76 77 78 79 80 81 82 83 84 85 86 88]] [6 [90 91 93 94 95 96 97 98 99 100 103 104]] [7 [105 106 107 111 112 114 116 117 118]] [8 [121 122 123 126 129 130 131 132 134]] [9 [137 140 141 142 143 144 145 146 147]] [10 [151 152 154 155 156 158 159 161 164]] [11 [165 167 170 173 174 176 177 178 179]] [12 [180 181 182 183 185 187 188 189 190 191 192 193 194]] [13 [195 196 197 199 201 202 203 204 206 207 208 209]] [14 [210 211 212 213 215 216 218 220 221 222 223 224]] [15 [225 227 229 231 232 236 237 238 239]] [16 [241 243 244 245 246 247 248 249 250 251 252 254]] [17 [255 256 257 259 260 261 263 265 266 267 268 269]] [18 [270 272 273 274 275 277 278 279 280]] [19 [285 286 289 292 294 295 296 298 299]] [20 [300 301 303 305 310 312 313 314]] [21 [315 317 319 320 321 322 323 324 325]] [22 [331 332 334 336 338 340 341 343 344]] [23 [346 347 349 350 351 353 355 356 359]] [24 [360 361 362 364 366 371 372 374]] [25 [375 376 377 379 381 383 386 387 388]] [26 [392 393 394 397 398 399 400 401]] [27 [405 407 408 412 413 415 416 417 419]] [28 [421 423 425 427 428 429 430 433 434]] [29 [436 438 439 443 444 445 446 447 449]] [30 [451 452 454 456 457 458 459 460 462 463 464]] [31 [467 468 469 470 471 472 473 474 475 478 479]] [32 [480 482 486 487 489 490 491 492 493]] [33 [495 496 497 498 501 503 506 507 509]] [34 [510 511 513 515 516 517 518 519 520 522 523 524]] [35 [526 527 528 529 530 531 533 534 535 536 537 538 539]] [36 [540 542 543 545 546 547 548 549 551 552 553 554]] [37 [555 556 557 558 559 564 565 566 567 568 569]] [38 [570 571 572 573 575 576 577 578 579 580 581 582 583 584]] [39 [585 586 587 589 590 591 592 593 594 595 596 597 598 599]] [40 [600 601 602 603 604 605 606 607 608 609 610 611 612 613 614]] [41 [615 616 617 618 619 620 621 622 623 624 625 627 628 629]] [42 [630 631 632 633 637 639 640 642 643 644]] [43 [645 646 647 648 651 653 655 656 659]] [44 [661 662 663 664 665 666 667 668 669 671 672 673 674]] [45 [675 676 677 678 679 680 682 683 684 686 687 688 689]] [46 [691 692 693 694 696 697 698 699 700 701 702 703 704]] [47 [705 706 707 708 709 710 711 712 713 714 715 716 717 719]] [48 [720 721 722 723 724 725 726 727 728 729 730 731 732 733 734]] [49 [735 736 738 739 740 741 742 744 746 747 748 749]] [50 [750 751 752 753 754 755 756 757 758 760 761 762 763 764]] [51 [765 766 767 768 769 770 771 772 773 774 777 778 779]] [52 [780 781 782 783 784 785 786 787 788 789 790 791 792 794]] [53 [795 796 797 798 799 800 801 802 803 804 805 807 808]] [54 [810 811 813 815 816 817 818 819 820 821 822 823 824]] [55 [826 827 828 829 830 831 832 833 834 835 836 837 838 839]] [56 [840 841 842 843 844 845 846 847 848 849 850 851 852 853]] [57 [855 856 857 858 859 860 861 862 863 864 865 866 869]] [58 [870 871 872 874 875 876 880]] [59 [885 889 893 894 896]] [60 [901 907 908 910 914]] [61 [916 920 922 925 929]] [62 [931 932 937 939 944]] [63 [948 951 953 957 958]] [64 [960 964 965 968 969 970 972 973 974]] [65 [975 976 977 978 985]] [66 [990 991 992 993 994 997 998 999 1000 1002 1003]] [67 [1005 1006 1007 1010 1011 1012 1013 1014 1015 1016 1017 1018]] [68 [1020 1021 1022 1023 1024 1025 1026 1028 1029 1030 1031 1032 1033 1034]] [69 [1035 1036 1038 1040 1042 1043 1047 1048 1049]] [70 [1050 1051 1052 1054 1055 1056 1057 1058 1060 1061 1062 1063 1064]] [71 [1065 1066 1067 1069 1070 1071 1073 1074 1075 1076 1077 1078 1079]] [72 [1080 1081 1082 1083 1084 1085 1086 1088 1089 1090 1091 1093 1094]] [73 [1095 1096 1097 1098 1099 1100 1101 1103 1104 1105 1107 1108 1109]] [74 [1110 1111 1112 1113 1114 1115 1116 1117 1118 1120 1121 1123 1124]] [75 [1125 1127 1128 1129 1130 1131 1132 1133 1135 1136 1137 1138 1139]] [76 [1140 1141 1142 1144 1145 1146 1147 1149 1150 1151 1152 1153 1154]] [77 [1155 1156 1157 1158 1159 1160 1161 1162 1163 1164 1166 1167 1168]] [78 [1170 1171 1172 1173 1174 1175 1176 1177 1178 1179 1180 1181 1182 1184]] [79 [1186 1187 1189 1190 1191 1192 1193 1194 1195 1196 1197 1198 1199]] [80 [1200 1201 1202 1203 1204 1205 1206 1207 1208 1211 1212 1213 1214]] [81 [1215 1217 1218 1219 1220 1221 1222 1223 1224 1225 1226 1227 1228]] [82 [1230 1231 1232 1233 1234 1235 1236 1237 1238 1239 1241 1243 1244]] [83 [1245 1247 1248 1249 1250 1251 1252 1253 1254 1255 1256 1257 1258]] [84 [1260 1261 1262 1263 1265 1266 1267 1268 1269 1270 1272 1273 1274]] [85 [1275 1276 1277 1278 1279 1280 1281 1282 1284 1285 1286 1287 1288 1289]] [86 [1290 1291 1292 1293 1295 1296 1297 1298 1299 1300 1301 1302 1304]] [87 [1305 1306 1308 1309 1310 1311 1312 1314 1315 1316 1317 1318 1319]] [88 [1320 1321 1322 1324 1325 1326 1327 1328 1329 1331 1332 1333 1334]] [89 [1335 1336 1337 1338 1339 1341 1342 1343 1344 1345 1347 1348 1349]] [90 [1350 1351 1352 1353 1354 1355 1357 1358 1359 1360 1361 1363 1364]] [91 [1365 1366 1367 1368 1369 1370 1371 1372 1373 1374 1376 1377 1378 1379]] [92 [1380 1381 1382 1383 1384 1385 1386 1388 1389 1390 1391 1392 1393]] [93 [1395 1397 1398 1399 1400 1401 1403 1404 1405 1406 1407 1408 1409]] [94 [1410 1411 1412 1413 1414 1415 1416 1417 1418 1419 1420 1421 1422 1424]] [95 [1425 1426 1427 1428 1429 1430 1431 1432 1433 1435 1436 1437 1439]] [96 [1440 1441 1443 1444 1445 1447 1448 1449 1450 1451 1452 1453 1454]] [97 [1457 1458 1460 1462 1463 1464 1465 1466 1467 1468 1469]] [98 [1470 1471 1473 1474 1475 1476 1477 1478 1479 1480 1481 1483 1484]] [99 [1485 1487 1489 1490 1492 1493 1495 1497 1498]]]","[[0 [6 10 12]] [1 [17 18 19 22 24 25 26 29]] [2 [30 31 32 33 36 37 40 41 43]] [3 [46 47 49 50 51 52 54 58 59]] [4 [61 62 63 65 66 71 74]] [5 [75 77 79 80 81 83 85 86 88]] [6 [90 93 94 95 97 99 100 104]] [7 [105 106 107 111 112 114 116 117 118]] [8 [121 122 123 126 129 130 131 132]] [9 [137 140 141 142 143 144 145 146 147]] [10 [151 152 154 155 156 158 159 161 164]] [11 [165 167 170 173 176 177 179]] [12 [181 183 187 188 190 191 192 193 194]] [13 [196 197 201 202 204 206 207 208 209]] [14 [213 215 216 218 220 221 222 223]] [15 [225 227 229 231 232 236 237 238]] [16 [244 245 246 247 248 251 252 254]] [17 [257 259 260 261 263 265 266 268 269]] [18 [270 273 274 275 277 279 280]] [19 [285 286 292 294 295 296 298 299]] [20 [300 301 303 305 310 312 313 314]] [21 [315 317 319 320 321 322 323 324 325]] [22 [331 332 334 336 338 340 341 343 344]] [23 [346 347 349 350 351 353 355 356 359]] [24 [360 361 362 364 366 371 372 374]] [25 [375 376 377 379 381 383 386 387 388]] [26 [392 393 394 397 398 399 400 401]] [27 [405 407 408 412 415 416 417 419]] [28 [421 423 425 427 429 430 433 434]] [29 [436 438 439 443 444 445 446 447 449]] [30 [451 452 457 458 459 460 462 464]] [31 [467 468 469 470 471 472 473 474 475 478 479]] [32 [480 482 486 487 489 490 491 492 493]] [33 [495 496 497 498 501 503 506 507]] [34 [511 513 516 517 518 519 520 523 524]] [35 [527 528 529 531 533 534 535 536 537 538 539]] [36 [540 542 543 545 546 547 552 553 554]] [37 [556 558 559 565 567 568]] [38 [571 572 573 575 576 578 580 581 582 584]] [39 [585 586 587 589 590 591 592 593 594 598 599]] [40 [600 601 603 605 606 608 609 610 612 613]] [41 [615 616 617 618 621 625 627 628 629]] [42 [630 631 632 633 639 640 642 643 644]] [43 [645 646 647 648 651 653 655 659]] [44 [661 663 665 666 668 669 671 672 673 674]] [45 [677 678 679 682 683 686 688 689]] [46 [691 692 693 696 697 698 699 701 704]] [47 [705 706 707 708 709 714 715 716 717 719]] [48 [720 721 723 724]] [49 [736 742]] [50 [751 753 755 756 757 758 760 761 763 764]] [51 [768 769 770 771 772 773 774 777]] [52 [781 783 784 785 786 788 789 790 792]] [53 [795 796 798 799 800 804 805 808]] [54 [810 811 813 815 816 817 821 822 823 824]] [55 [826 830 833 834 835 836 838]] [56 [840 841 842 843 845 847 849 851 852]] [57 [855 856 857 858 859 861 862 864 866 869]] [58 [871 872 874 875 876 880]] [59 [885 889 893 894 896]] [60 [901 907 908 910 914]] [61 [916 920 922 925 929]] [62 [931 937 939 944]] [63 [948 951 953 957 958]] [64 [960 965 968 969 970 972 973 974]] [65 [975 976 977 978]] [66 [994 997 999 1000 1002 1003]] [67 [1005 1010 1011 1012 1013 1014 1015 1018]] [68 [1020 1021 1023 1025 1026 1030 1033]] [69 [1035 1036 1038 1040 1043 1047 1048 1049]] [70 [1050 1051 1052 1054 1055 1056 1061]] [71 [1065 1071 1074 1076 1077 1079]] [72 [1080 1084 1085 1090 1091 1094]] [73 [1095 1096 1098 1099 1100 1101 1104 1105]] [74 [1110 1112 1113 1114 1116 1117 1120 1121 1123 1124]] [75 [1125 1127 1128 1129 1135 1136 1137 1138 1139]] [76 [1140 1141 1142 1144 1145 1146 1147 1149 1150 1154]] [77 [1155 1156 1157 1158 1159 1160 1161 1162 1164 1167]] [78 [1170 1174 1178 1180 1181]] [79 [1187 1189 1191 1192 1194 1195 1196 1199]] [80 [1200 1201 1203 1204 1205 1207 1208 1212 1213]] [81 [1217 1224 1225 1226 1228]] [82 [1230 1231 1232 1234 1237 1238 1239 1243]] [83 [1245 1248 1249 1250 1251 1252 1254 1257]] [84 [1260 1262 1263 1265 1267 1274]] [85 [1277 1279 1281 1282 1284 1285 1286 1287 1288 1289]] [86 [1290 1293 1295 1296 1297 1298 1299 1301 1302 1304]] [87 [1305 1308 1309 1310 1311 1312 1316 1317 1318]] [88 [1321 1324 1325 1326 1327 1329 1332 1333]] [89 [1336 1339 1341 1342 1343 1344 1345 1347 1349]] [90 [1350 1351 1352 1353 1354 1355 1358 1359 1360 1361]] [91 [1365 1366 1369 1370 1373 1374 1376 1377 1378]] [92 [1380 1382 1383 1384 1385 1386 1388 1390 1391 1392 1393]] [93 [1395 1398 1399 1401]] [94 [1411 1413 1414 1416 1417 1418 1420 1421]] [95 [1425 1427 1428 1429 1439]] [96 [1440 1441 1444 1445 1448 1450 1451 1452 1454]] [97 [1457 1460 1462 1463 1464 1465 1466 1467 1468]] [98 [1473 1474 1475 1476 1477 1479 1483 1484]] [99 [1485 1487 1489 1490 1492 1493 1495 1497 1498]]]",,"[[{citizen 34} [[""A"" [6 4]]]] [{media 50} [[""A"" [3 3]]]] [{media 52} [[""A"" [3 3]]]] [{media 61} [[""A"" [5 5]]]] [{citizen 9} [[""A"" [5 4]]]] [{media 63} [[""A"" [5 5]]]] [{citizen 0} [[""A"" [5 4]]]] [{citizen 1} [[""A"" [5 4]]]] [{citizen 4} [[""A"" [5 4]]]] [{citizen 2} [[""A"" [5 5]]]] [{media 64} [[""A"" [6 6]]]] [{citizen 5} [[""A"" [5 5]]]] [{citizen 41} [[""A"" [5 4]]]] [{citizen 48} [[""A"" [5 6]]]] [{citizen 15} [[""A"" [6 5]]]] [{citizen 40} [[""A"" [5 5]]]] [{citizen 8} [[""A"" [5 5]]]] [{citizen 12} [[""A"" [5 4]]]] [{citizen 26} [[""A"" [5 5]]]] [{citizen 44} [[""A"" [5 6]]]] [{citizen 17} [[""A"" [6 5]]]] [{citizen 30} [[""A"" [5 4]]]] [{citizen 36} [[""A"" [5 5]]]] [{citizen 3} [[""A"" [6 6]]]] [{citizen 29} [[""A"" [6 5]]]] [{citizen 19} [[""A"" [5 5]]]] [{citizen 20} [[""A"" [4 6]]]] [{citizen 14} [[""A"" [5 4]]]] [{citizen 42} [[""A"" [5 6]]]] [{media 55} [[""A"" [5 5]]]] [{citizen 32} [[""A"" [6 6]]]] [{citizen 31} [[""A"" [5 5]]]] [{media 53} [[""A"" [3 3]]]] [{citizen 28} [[""A"" [5 5]]]] [{citizen 25} [[""A"" [6 5]]]] [{media 56} [[""A"" [4 4]]]] [{citizen 33} [[""A"" [5 5]]]] [{citizen 39} [[""A"" [5 6]]]] [{citizen 16} [[""A"" [5 4]]]] [{citizen 37} [[""A"" [6 5]]]] [{media 59} [[""A"" [5 5]]]] [{media 58} [[""A"" [5 5]]]] [{citizen 35} [[""A"" [6 4]]]] [{media 51} [[""A"" [6 6]]]] [{citizen 18} [[""A"" [5 4]]]] [{media 57} [[""A"" [6 6]]]] [{citizen 45} [[""A"" [4 6]]]] [{citizen 23} [[""A"" [5 4]]]] [{citizen 47} [[""A"" [5 4]]]] [{citizen 27} [[""A"" [5 5]]]] [{citizen 11} [[""A"" [5 4]]]] [{citizen 43} [[""A"" [5 6]]]] [{citizen 49} [[""A"" [5 5]]]] [{citizen 38} [[""A"" [6 5]]]] [{media 60} [[""A"" [2 2]]]] [{media 54} [[""A"" [1 1]]]] [{citizen 46} [[""A"" [5 5]]]] [{citizen 6} [[""A"" [5 6]]]] [{citizen 10} [[""A"" [5 5]]]] [{citizen 21} [[""A"" [5 5]]]] [{citizen 22} [[""A"" [5 5]]]] [{citizen 7} [[""A"" [5 5]]]] [{citizen 24} [[""A"" [6 5]]]] [{media 62} [[""A"" [0 0]]]]]"
"14","[0 0 255]","79.6875","9.643321057601101","1.7878255198813797","""circle""","""""","9.9","{breed citizens}","false","0.5","1","""up""",,"[[""ID"" 38] [""alpha"" 1] [""beta"" 1] [""malleable"" [""A""]] [""prior"" []] [""cont_tokens"" []] [""A"" 6]]","[[0 [5 6 9 10 12]] [1 [16 17 18 19 21 22 23 24 25 26 29]] [2 [30 31 32 33 35 36 37 39 40 41 42 43 44]] [3 [45 46 47 48 49 50 51 52 54 56 57 58 59]] [4 [61 62 63 65 66 67 68 69 70 71 72 74]] [5 [75 76 77 78 79 80 81 82 83 84 85 86 88]] [6 [90 91 93 94 95 96 97 98 99 100 103 104]] [7 [105 106 107 111 112 114 116 117 118]] [8 [121 122 123 126 129 130 131 132 134]] [9 [137 140 141 142 143 144 145 146 147]] [10 [151 152 154 155 156 158 159 161 164]] [11 [165 167 170 173 174 176 177 178 179]] [12 [180 181 182 183 185 187 188 189 190 191 192 193 194]] [13 [195 196 197 199 201 202 203 204 206 207 208 209]] [14 [210 211 212 213 215 216 218 220 221 222 223 224]] [15 [225 227 229 231 232 236 237 238 239]] [16 [241 243 244 245 246 247 248 249 250 251 252 254]] [17 [255 256 257 259 260 261 263 265 266 267 268 269]] [18 [270 272 273 274 275 277 278 279 280]] [19 [285 286 289 292 294 295 296 298 299]] [20 [300 301 303 305 310 312 313 314]] [21 [315 317 319 320 321 322 323 324 325]] [22 [331 332 334 336 338 340 341 343 344]] [23 [346 347 349 350 351 353 355 356 359]] [24 [360 361 362 364 366 371 372 374]] [25 [375 376 377 379 381 383 386 387 388]] [26 [392 393 394 397 398 399 400 401]] [27 [405 407 408 412 413 415 416 417 419]] [28 [421 423 425 427 428 429 430 433 434]] [29 [436 438 439 443 444 445 446 447 449]] [30 [451 452 454 456 457 458 459 460 462 463 464]] [31 [467 468 469 470 471 472 473 474 475 478 479]] [32 [480 482 486 487 489 490 491 492 493]] [33 [495 496 497 498 501 503 506 507 509]] [34 [510 511 513 515 516 517 518 519 520 522 523 524]] [35 [526 527 528 529 530 531 533 534 535 536 537 538 539]] [36 [540 542 543 545 546 547 548 549 551 552 553 554]] [37 [555 556 557 558 559 564 565 566 567 568 569]] [38 [570 571 572 573 575 576 577 578 579 580 581 582 583 584]] [39 [585 586 587 589 590 591 592 593 594 595 596 597 598 599]] [40 [600 601 602 603 604 605 606 607 608 609 610 611 612 613 614]] [41 [615 616 617 618 619 620 621 622 623 624 625 627 628 629]] [42 [630 631 632 633 637 639 640 642 643 644]] [43 [645 646 647 648 651 653 655 656 659]] [44 [661 662 663 664 665 666 667 668 669 671 672 673 674]] [45 [675 676 677 678 679 680 682 683 684 686 687 688 689]] [46 [691 692 693 694 696 697 698 699 700 701 702 703 704]] [47 [705 706 707 708 709 710 711 712 713 714 715 716 717 719]] [48 [720 721 722 723 724 725 726 727 728 729 730 731 732 733 734]] [49 [735 736 738 739 740 741 742 744 746 747 748 749]] [50 [750 751 752 753 754 755 756 757 758 760 761 762 763 764]] [51 [765 766 767 768 769 770 771 772 773 774 777 778 779]] [52 [780 781 782 783 784 785 786 787 788 789 790 791 792 794]] [53 [795 796 797 798 799 800 801 802 803 804 805 807 808]] [54 [810 811 813 815 816 817 818 819 820 821 822 823 824]] [55 [826 827 828 829 830 831 832 833 834 835 836 837 838 839]] [56 [840 841 842 843 844 845 846 847 848 849 850 851 852 853]] [57 [855 856 857 858 859 860 861 862 863 864 865 866 869]] [58 [870 871 872 874 875 876 880]] [59 [885 889 893 894 896]] [60 [901 907 908 910 914]] [61 [916 920 922 925 929]] [62 [931 932 937 939 944]] [63 [948 951 953 957 958]] [64 [960 964 965 968 969 970 972 973 974]] [65 [975 976 977 978 985]] [66 [990 991 992 993 994 997 998 999 1000 1002 1003]] [67 [1005 1006 1007 1010 1011 1012 1013 1014 1015 1016 1017 1018]] [68 [1020 1021 1022 1023 1024 1025 1026 1028 1029 1030 1031 1032 1033 1034]] [69 [1035 1036 1038 1040 1042 1043 1047 1048 1049]] [70 [1050 1051 1052 1054 1055 1056 1057 1058 1060 1061 1062 1063 1064]] [71 [1065 1066 1067 1069 1070 1071 1073 1074 1075 1076 1077 1078 1079]] [72 [1080 1081 1082 1083 1084 1085 1086 1088 1089 1090 1091 1093 1094]] [73 [1095 1096 1097 1098 1099 1100 1101 1103 1104 1105 1107 1108 1109]] [74 [1110 1111 1112 1113 1114 1115 1116 1117 1118 1120 1121 1123 1124]] [75 [1125 1127 1128 1129 1130 1131 1132 1133 1135 1136 1137 1138 1139]] [76 [1140 1141 1142 1144 1145 1146 1147 1149 1150 1151 1152 1153 1154]] [77 [1155 1156 1157 1158 1159 1160 1161 1162 1163 1164 1166 1167 1168]] [78 [1170 1171 1172 1173 1174 1175 1176 1177 1178 1179 1180 1181 1182 1184]] [79 [1186 1187 1189 1190 1191 1192 1193 1194 1195 1196 1197 1198 1199]] [80 [1200 1201 1202 1203 1204 1205 1206 1207 1208 1212 1213 1214]] [81 [1215 1217 1218 1219 1220 1221 1222 1223 1224 1225 1226 1227 1228]] [82 [1230 1231 1232 1233 1234 1235 1236 1237 1238 1239 1241 1243 1244]] [83 [1245 1247 1248 1249 1250 1251 1252 1253 1254 1255 1256 1257 1258]] [84 [1260 1261 1262 1263 1265 1266 1267 1268 1269 1270 1272 1273 1274]] [85 [1275 1276 1277 1278 1279 1280 1281 1282 1284 1285 1286 1287 1288 1289]] [86 [1290 1291 1292 1293 1295 1296 1297 1298 1299 1300 1301 1302 1304]] [87 [1305 1306 1308 1309 1310 1311 1312 1314 1315 1316 1317 1318 1319]] [88 [1320 1321 1322 1324 1325 1326 1327 1328 1329 1331 1332 1333 1334]] [89 [1335 1336 1337 1338 1339 1341 1342 1343 1344 1345 1347 1348 1349]] [90 [1350 1351 1352 1353 1354 1355 1357 1358 1359 1360 1361 1363 1364]] [91 [1365 1366 1367 1368 1369 1370 1371 1372 1373 1374 1376 1377 1378 1379]] [92 [1380 1381 1382 1383 1384 1385 1386 1388 1389 1390 1391 1392 1393]] [93 [1395 1397 1398 1399 1400 1401 1403 1404 1405 1406 1407 1408 1409]] [94 [1410 1411 1412 1413 1414 1415 1416 1417 1418 1419 1420 1421 1422 1424]] [95 [1425 1426 1427 1428 1429 1430 1431 1432 1433 1435 1436 1437 1439]] [96 [1440 1441 1443 1444 1445 1447 1448 1449 1450 1451 1452 1453 1454]] [97 [1457 1458 1460 1462 1463 1464 1465 1466 1467 1468 1469]] [98 [1470 1471 1473 1474 1475 1476 1477 1478 1479 1480 1481 1483 1484]] [99 [1485 1487 1489 1490 1492 1493 1495 1497 1498]]]","[[0 [6 10 12]] [1 [17 18 19 22 23 24 25 26 29]] [2 [30 31 32 33 37 40 41 42 44]] [3 [45 50 51 52 54 58 59]] [4 [62 65 67 69 70 71 74]] [5 [75 78 79 80 83 85 86 88]] [6 [90 93 94 95 96 97 99 100 104]] [7 [105 106 107 111 112 114 116 117 118]] [8 [121 122 123 126 129 130 132 134]] [9 [137 140 141 142 143 145 146 147]] [10 [151 152 154 155 156 158 159 161 164]] [11 [165 167 170 173 174 178 179]] [12 [181 183 187 188 190 191 192 193 194]] [13 [195 199 202 203 208 209]] [14 [213 215 216 218 220 221 222 224]] [15 [225 229 231 232 236 237 238]] [16 [244 245 246 247 248 251 252 254]] [17 [257 261 263 265 266 267 268 269]] [18 [270 273 274 275 277 279 280]] [19 [285 286 292 294 295 296 298 299]] [20 [300 301 303 305 310 312 313 314]] [21 [315 317 319 320 321 322 323 324 325]] [22 [331 332 334 338 340 341 343 344]] [23 [347 349 351 353 355 356 359]] [24 [360 361 362 364 366 371 372 374]] [25 [375 376 377 379 381 383 386 387 388]] [26 [392 393 394 397 398 399 400 401]] [27 [405 412 413 415 416 417 419]] [28 [421 423 425 427 429 430 433 434]] [29 [436 438 439 443 444 445 446 447 449]] [30 [451 452 454 456 459 460 462 464]] [31 [467 468 469 470 471 472 473 474 475 478 479]] [32 [480 482 486 487 489 490 491 492 493]] [33 [495 496 497 498 501 503 506 507 509]] [34 [510 515 516 517 518 519 520 522]] [35 [526 527 528 529 531 533 534 536 537 538 539]] [36 [540 542 543 545 546 548 549 551 552 553 554]] [37 [556 558 559 565 567 568]] [38 [572 573 575 576 578 580 581 582 583]] [39 [589 593 594 599]] [40 [601 603 605 606 608 609 610 612]] [41 [615 616 617 618 621 625 627 628 629]] [42 [630 631 632 633 639 640 642 643 644]] [43 [645 646 651 653 655 656]] [44 [661 663 665 666 667 668 669 671 672 673]] [45 [676 677 678 679 682 683 684 686 687]] [46 [692 694 698 699 700 702 703]] [47 [710 713 719]] [48 [720 721 722 726 727 728 729 730 731 732 733 734]] [49 [735 739 741 746 748 749]] [50 [750 752 753 755 756 757 758 760 761 763 764]] [51 [765 767 768 769 770 771 772 773 774 777]] [52 [781 783 784 785 786 788 789 790 792]] [53 [797 799 800 804 805 807 808]] [54 [810 811 813 816 817 818 819 820 821 822 823 824]] [55 [826 830 832 837]] [56 [844 848 850 851 852]] [57 [855 856 857 858 859 861 862 865 866 869]] [58 [870 872 874 875 876 880]] [59 [885 889 893 894 896]] [60 [901 907 910 914]] [61 [916 920 922 925 929]] [62 [931 937 939 944]] [63 [948 951 953 957 958]] [64 [960 964 965 968 969 970 972 973 974]] [65 [975 976 977 978 985]] [66 [990 991 992 993 994 998 999 1000]] [67 [1006 1007 1012 1013 1014 1017 1018]] [68 [1022 1024 1026 1030 1033]] [69 [1035 1036 1038 1040 1048]] [70 [1050 1051 1052 1054 1057 1058 1060 1062 1063 1064]] [71 [1065 1067 1069 1070 1071 1074 1076 1077 1079]] [72 [1080 1082 1083 1085 1086 1088 1089 1090 1091 1094]] [73 [1095 1096 1098 1099 1100 1101 1103 1107 1108 1109]] [74 [1111 1112 1113 1114 1118 1121 1123 1124]] [75 [1125 1128 1129 1135 1136 1137 1138 1139]] [76 [1140 1141 1142 1144 1145 1146 1147 1149 1150 1151 1152 1153]] [77 [1157 1158 1159 1160 1162 1163 1166 1168]] [78 [1171 1173 1175 1176 1177 1179 1182 1184]] [79 [1186 1189 1190 1191 1192 1194 1195 1196 1199]] [80 [1200 1201 1203 1204 1205 1207 1208 1212 1214]] [81 [1215 1218 1219 1220 1221 1222 1223 1226 1228]] [82 [1230 1231 1232 1233 1235 1236 1239 1241 1243 1244]] [83 [1245 1248 1249 1250 1251 1252 1253 1255 1256 1258]] [84 [1260 1261 1265 1267 1268 1269 1270 1272 1273 1274]] [85 [1276 1277 1279 1281 1282 1284 1285 1286 1288 1289]] [86 [1290 1293 1295 1296 1297 1298 1299 1300 1301 1302 1304]] [87 [1305 1308 1309 1310 1311 1312 1316 1317 1319]] [88 [1320 1321 1324 1325 1326 1327 1328 1329 1332 1333]] [89 [1336 1339 1341 1342 1343 1344 1345 1347 1349]] [90 [1350 1351 1352 1353 1354 1355 1359 1360 1361 1364]] [91 [1367 1368 1369 1370 1373 1374 1376 1377 1378]] [92 [1380 1382 1383 1384 1385 1386 1388 1390 1391]] [93 [1397 1398 1399 1401]] [94 [1411 1413 1414 1416 1417 1418 1420 1421]] [95 [1425 1427 1428 1429 1430 1431 1432 1433 1435 1436 1437]] [96 [1440 1441 1444 1445 1448 1450 1451 1452 1454]] [97 [1457 1458 1460 1462 1463 1464 1465 1467 1468]] [98 [1473 1474 1475 1476 1477 1479 1483 1484]] [99 [1485 1487 1489 1490 1492 1493 1495 1497 1498]]]",,"[[{citizen 20} [[""A"" [6 6]]]] [{media 50} [[""A"" [3 3]]]] [{media 52} [[""A"" [3 3]]]] [{media 61} [[""A"" [5 5]]]] [{media 63} [[""A"" [5 5]]]] [{citizen 0} [[""A"" [5 4]]]] [{citizen 12} [[""A"" [6 4]]]] [{citizen 3} [[""A"" [6 6]]]] [{media 64} [[""A"" [6 6]]]] [{citizen 41} [[""A"" [5 4]]]] [{citizen 4} [[""A"" [5 4]]]] [{citizen 48} [[""A"" [5 6]]]] [{citizen 15} [[""A"" [5 6]]]] [{citizen 40} [[""A"" [6 5]]]] [{citizen 8} [[""A"" [5 5]]]] [{citizen 1} [[""A"" [5 4]]]] [{citizen 26} [[""A"" [5 5]]]] [{citizen 34} [[""A"" [4 6]]]] [{citizen 9} [[""A"" [6 4]]]] [{citizen 44} [[""A"" [5 6]]]] [{citizen 2} [[""A"" [5 5]]]] [{citizen 17} [[""A"" [5 6]]]] [{citizen 30} [[""A"" [6 4]]]] [{citizen 36} [[""A"" [5 5]]]] [{citizen 19} [[""A"" [6 5]]]] [{citizen 5} [[""A"" [6 5]]]] [{citizen 29} [[""A"" [5 6]]]] [{media 55} [[""A"" [5 5]]]] [{citizen 32} [[""A"" [6 5]]]] [{citizen 31} [[""A"" [5 5]]]] [{citizen 13} [[""A"" [5 6]]]] [{citizen 35} [[""A"" [5 4]]]] [{citizen 25} [[""A"" [5 6]]]] [{media 53} [[""A"" [3 3]]]] [{citizen 28} [[""A"" [5 5]]]] [{media 56} [[""A"" [4 4]]]] [{citizen 33} [[""A"" [5 5]]]] [{citizen 39} [[""A"" [5 6]]]] [{citizen 16} [[""A"" [5 4]]]] [{citizen 37} [[""A"" [5 6]]]] [{media 59} [[""A"" [5 5]]]] [{media 58} [[""A"" [5 5]]]] [{citizen 42} [[""A"" [5 6]]]] [{citizen 38} [[""A"" [5 5]]]] [{media 51} [[""A"" [6 6]]]] [{citizen 18} [[""A"" [5 4]]]] [{media 57} [[""A"" [6 6]]]] [{citizen 45} [[""A"" [5 6]]]] [{citizen 23} [[""A"" [6 4]]]] [{citizen 47} [[""A"" [5 4]]]] [{citizen 43} [[""A"" [6 6]]]] [{citizen 49} [[""A"" [5 6]]]] [{citizen 27} [[""A"" [6 5]]]] [{citizen 11} [[""A"" [5 4]]]] [{media 60} [[""A"" [2 2]]]] [{media 54} [[""A"" [1 1]]]] [{citizen 46} [[""A"" [5 5]]]] [{citizen 6} [[""A"" [6 6]]]] [{citizen 10} [[""A"" [5 6]]]] [{citizen 21} [[""A"" [6 5]]]] [{citizen 22} [[""A"" [5 5]]]] [{citizen 7} [[""A"" [6 5]]]] [{citizen 24} [[""A"" [5 6]]]] [{media 62} [[""A"" [0 0]]]]]"
"15","[85 0 170]","225","-3.1210177321628088","-3.387625999233525","""circle""","""""","9.9","{breed citizens}","false","0.5","1","""up""",,"[[""ID"" 26] [""alpha"" 1] [""beta"" 1] [""malleable"" [""A""]] [""prior"" []] [""cont_tokens"" []] [""A"" 4]]","[[0 [5 6 9 10 12]] [1 [15 16 17 18 19 20 21 22 23 24 25 26 27 29]] [2 [30 31 32 33 35 36 37 39 40 41 42 43 44]] [3 [45 46 47 48 49 50 51 52 54 56 57 58 59]] [4 [61 62 63 65 66 67 68 69 70 71 72 74]] [5 [75 76 77 78 79 80 81 82 83 84 85 86 88]] [6 [90 91 93 94 95 96 97 98 99 100 101 102 103 104]] [7 [105 106 107 111 112 114 116 117 118]] [8 [121 122 123 126 129 130 131 132 134]] [9 [137 140 141 142 143 144 145 146 147]] [10 [151 152 154 155 156 158 159 161 164]] [11 [165 167 170 173 174 176 177 178 179]] [12 [180 181 182 183 185 187 188 189 190 191 192 193 194]] [13 [195 196 197 199 201 202 203 204 206 207 208 209]] [14 [210 211 212 213 215 216 218 220 221 222 223 224]] [15 [225 227 229 231 232 236 237 238 239]] [16 [241 243 244 245 246 247 248 249 250 251 252 254]] [17 [255 256 257 259 260 261 263 265 266 267 268 269]] [18 [270 272 273 274 275 277 278 279 280]] [19 [285 286 289 292 294 295 296 298 299]] [20 [300 301 303 305 310 312 313 314]] [21 [315 317 319 320 321 322 323 324 325]] [22 [331 332 334 336 338 340 341 343 344]] [23 [346 347 349 350 351 353 355 356 359]] [24 [360 361 362 364 366 371 372 374]] [25 [375 376 377 379 381 383 386 387 388]] [26 [392 393 394 397 398 399 400 401]] [27 [405 407 408 412 413 415 416 417 419]] [28 [421 423 425 427 428 429 430 433 434]] [29 [436 438 439 443 444 445 446 447 449]] [30 [451 452 454 456 457 458 459 460 462 463 464]] [31 [467 468 469 470 471 472 473 474 475 478 479]] [32 [480 482 486 487 489 490 491 492 493]] [33 [495 496 497 498 501 503 506 507 509]] [34 [510 511 513 515 516 517 518 519 520 522 523 524]] [35 [526 527 528 529 530 531 533 534 535 536 537 538 539]] [36 [540 542 543 545 546 547 548 549 551 552 553 554]] [37 [555 556 557 558 559 564 565 566 567 568 569]] [38 [570 571 572 573 575 576 577 578 579 580 581 582 583 584]] [39 [585 586 587 589 590 591 592 593 594 595 596 597 598 599]] [40 [600 601 602 603 604 605 606 607 608 609 610 611 612 613 614]] [41 [615 616 617 618 619 620 621 622 623 624 625 627 628 629]] [42 [630 631 632 633 634 635 637 639 640 642 643 644]] [43 [645 646 647 648 651 653 655 656 659]] [44 [661 662 663 664 665 666 667 668 669 671 672 673 674]] [45 [675 676 677 678 679 680 682 683 684 686 687 688 689]] [46 [691 692 693 694 696 697 698 699 700 701 702 703 704]] [47 [705 706 707 708 709 710 711 712 713 714 715 716 717 719]] [48 [720 721 722 723 724 725 726 727 728 729 730 731 732 733 734]] [49 [735 736 738 739 740 741 742 744 746 747 748 749]] [50 [750 751 752 753 754 755 756 757 758 760 761 762 763 764]] [51 [765 766 767 768 769 770 771 772 773 774 777 778 779]] [52 [780 781 782 783 784 785 786 787 788 789 790 791 792 794]] [53 [795 796 797 798 799 800 803 804 805 807 808]] [54 [810 811 813 815 816 817 818 819 820 821 822 823 824]] [55 [826 827 828 829 830 831 832 833 834 835 836 837 838 839]] [56 [840 841 842 843 844 845 846 847 848 849 850 851 852 853]] [57 [855 856 857 858 859 860 861 862 863 864 865 866 869]] [58 [870 871 872 874 875 876 880]] [59 [885 889 893 894 896]] [60 [901 907 908 910 914]] [61 [916 920 922 925 929]] [62 [931 932 937 939 944]] [63 [948 951 953 957 958]] [64 [960 964 965 968 969 970 972 973 974]] [65 [975 976 977 978 985]] [66 [990 991 992 993 994 997 998 999 1000 1002 1003]] [67 [1005 1006 1007 1010 1011 1012 1013 1014 1015 1016 1017 1018]] [68 [1020 1021 1022 1023 1024 1025 1026 1028 1029 1030 1031 1032 1033 1034]] [69 [1035 1036 1038 1040 1042 1043 1047 1048 1049]] [70 [1050 1051 1052 1054 1055 1056 1057 1058 1060 1061 1062 1063 1064]] [71 [1065 1066 1067 1069 1070 1071 1073 1074 1075 1076 1077 1078 1079]] [72 [1080 1081 1082 1083 1084 1085 1086 1088 1089 1090 1091 1093 1094]] [73 [1095 1096 1097 1098 1099 1100 1101 1103 1104 1105 1107 1108 1109]] [74 [1110 1111 1112 1113 1114 1115 1116 1117 1118 1120 1121 1123 1124]] [75 [1125 1127 1128 1129 1130 1131 1132 1133 1135 1136 1137 1138 1139]] [76 [1140 1141 1142 1144 1145 1146 1147 1149 1150 1151 1152 1153 1154]] [77 [1155 1156 1157 1158 1159 1160 1161 1162 1163 1164 1166 1167 1168]] [78 [1170 1171 1172 1173 1174 1175 1176 1177 1178 1179 1180 1181 1182 1184]] [79 [1186 1187 1189 1190 1191 1192 1193 1194 1195 1196 1197 1198 1199]] [80 [1200 1201 1202 1203 1204 1205 1206 1207 1208 1212 1213 1214]] [81 [1215 1217 1218 1219 1220 1221 1222 1223 1224 1225 1226 1227 1228]] [82 [1230 1231 1232 1233 1234 1235 1236 1237 1238 1239 1241 1243 1244]] [83 [1245 1247 1248 1249 1250 1251 1252 1253 1254 1255 1256 1257 1258]] [84 [1260 1261 1262 1263 1265 1266 1267 1268 1269 1270 1272 1273 1274]] [85 [1275 1276 1277 1278 1279 1280 1281 1282 1284 1285 1286 1287 1288 1289]] [86 [1290 1291 1292 1293 1295 1296 1297 1298 1299 1300 1301 1302 1304]] [87 [1305 1306 1308 1309 1310 1311 1312 1314 1315 1316 1317 1318 1319]] [88 [1320 1321 1322 1324 1325 1326 1327 1328 1329 1331 1332 1333 1334]] [89 [1335 1336 1337 1338 1339 1341 1342 1343 1344 1345 1347 1348 1349]] [90 [1350 1351 1352 1353 1354 1355 1357 1358 1359 1360 1361 1363 1364]] [91 [1365 1366 1367 1368 1369 1370 1371 1372 1373 1374 1376 1377 1378 1379]] [92 [1380 1381 1382 1383 1384 1385 1386 1387 1388 1389 1390 1391 1392 1393]] [93 [1395 1397 1398 1399 1400 1401 1403 1404 1405 1406 1407 1408 1409]] [94 [1410 1411 1412 1413 1414 1415 1416 1417 1418 1419 1420 1421 1422 1424]] [95 [1425 1426 1427 1428 1429 1430 1431 1432 1433 1435 1436 1437 1439]] [96 [1440 1441 1443 1444 1445 1448 1450 1451 1452 1453 1454]] [97 [1457 1458 1460 1462 1463 1464 1465 1466 1467 1468 1469]] [98 [1470 1471 1473 1474 1475 1476 1477 1478 1479 1480 1481 1483 1484]] [99 [1485 1487 1489 1490 1492 1493 1495 1497 1498]]]","[[0 [5 6 9]] [1 [16 17 18 19 21 24 25 26 29]] [2 [30 31 32 33 37 40 41 43]] [3 [46 47 49 50 52 54 58 59]] [4 [61 62 65 67 68 69 70 71]] [5 [76 77 80 81 84]] [6 [91 96 97 99 100 104]] [7 [105 106 107 111 112 114 116 117 118]] [8 [121 122 123 126 129 130 132 134]] [9 [137 140 141 142 143 144 145 147]] [10 [151 152 154 155 156 158 159 161 164]] [11 [165 170 173 174 176 177 178 179]] [12 [181 183 187 188 190 191 192 193 194]] [13 [195 199 203 204 206 207 208 209]] [14 [213 215 216 218 220 221 222 223 224]] [15 [225 227 229 231 232 236 237 238 239]] [16 [241 243 244 245 246 247 248 251 252 254]] [17 [255 256 257 267 268 269]] [18 [270 272 273 274 275 277 278 279 280]] [19 [285 286 292 294 295 296 298 299]] [20 [300 301 303 305 310 312 313 314]] [21 [315 317 319 320 321 322 323 324 325]] [22 [331 332 334 336 338 340 341 343 344]] [23 [346 347 349 350 351 353 355 356 359]] [24 [360 361 362 364 366 372 374]] [25 [375 376 377 379 381 383 386 387 388]] [26 [392 393 394 397 398 399 400 401]] [27 [405 407 408 412 413 415 416 417 419]] [28 [421 423 425 427 428 429 430 433 434]] [29 [436 438 439 443 444 445 446 447 449]] [30 [451 452 456 457 458 459 460 462 464]] [31 [467 468 469 471 473 474 475 478 479]] [32 [480 482 486 487 489 490 491 492 493]] [33 [495 496 497 498 501 503 506 507 509]] [34 [510 515 516 517 518 519 520 523 524]] [35 [528 529 531 533 534 535 536 537 538 539]] [36 [540 542 543 545 546 547 552 553 554]] [37 [556 557 558 559 564 565 566 567 568]] [38 [572 573 575 576 577 578 580 581 582 583 584]] [39 [585 586 587 590 591 592 594 595 596 597 598 599]] [40 [601 602 607 608 609 610 612 613 614]] [41 [619 620 622 623 624 628]] [42 [630 631 632 633 639 640 642 643 644]] [43 [645 646 647 648 651 653 655 656]] [44 [661 662 664 665 666 667 668 669 671 672 673]] [45 [676 677 678 679 682 683 684 686 687]] [46 [692 694 699 700 702 703]] [47 [710 711 712 713 719]] [48 [720 721 722 725 728 729 730 731 732 733 734]] [49 [735 736 742]] [50 [751 753 755 756 763 764]] [51 [765 766 779]] [52 [780 787 789 790 791 794]] [53 [795 796 797 799 800 804 805 808]] [54 [810 811 815 816 817 818 819 820 821 822 823 824]] [55 [826 830 832 835 836 838 839]] [56 [840 841 842 843 845 847 848 850 851 852]] [57 [855 856 857 858 859 861 862 865 866 869]] [58 [871 872 874 875 876 880]] [59 [885 889 893 894 896]] [60 [901 907 908 910 914]] [61 [916 920 922 925 929]] [62 [931 932 937 939 944]] [63 [948 951 953 957 958]] [64 [960 964 965 968 969 970 972 974]] [65 [975 976 977 978]] [66 [998 999 1002 1003]] [67 [1005 1010 1011 1012 1013 1014 1017]] [68 [1020 1021 1023 1024 1025 1028 1029 1031 1032 1033]] [69 [1035 1036 1038 1040 1042 1043 1047 1048]] [70 [1050 1052 1054 1057 1058 1060 1061]] [71 [1065 1067 1069 1070 1073 1075 1076 1077 1079]] [72 [1080 1082 1083 1085 1086 1088 1089 1090 1091 1094]] [73 [1095 1096 1098 1099 1100 1101 1103 1104 1105 1107 1108 1109]] [74 [1110 1112 1113 1114 1116 1117 1120 1121 1123 1124]] [75 [1125 1127 1128 1129 1135 1136 1137 1138 1139]] [76 [1140 1141 1142 1144 1145 1146 1147 1149 1151 1152 1153]] [77 [1157 1159 1160 1162 1163 1166 1168]] [78 [1171 1173 1175 1176 1177 1179 1181 1182 1184]] [79 [1186 1189 1191 1192 1193 1194 1195 1196 1199]] [80 [1200 1201 1202 1204 1205 1207 1208 1212 1213]] [81 [1215 1218 1219 1220 1221 1223 1224 1225 1227]] [82 [1232 1233 1234 1236 1239 1243 1244]] [83 [1245 1248 1249 1250 1251 1252 1253 1255 1256 1257 1258]] [84 [1260 1261 1263 1265 1266 1268 1269 1270 1272 1273 1274]] [85 [1277 1279 1281 1282 1284 1285 1287 1288 1289]] [86 [1290 1293 1295 1297 1298 1299 1301]] [87 [1306 1311 1312 1316 1317 1318 1319]] [88 [1320 1321 1324 1325 1326 1327 1329 1332 1333]] [89 [1336 1337 1338 1342 1343 1344 1345 1347 1349]] [90 [1350 1351 1352 1353 1354 1355 1358 1361 1364]] [91 [1365 1366 1367 1368 1369 1370 1373 1374 1376 1377 1378]] [92 [1380 1382 1383 1384 1385 1386 1388 1390 1391 1393]] [93 [1395 1400 1403 1404 1405 1406 1407 1408 1409]] [94 [1410 1412 1413 1414 1416 1417 1418 1420 1422 1424]] [95 [1426 1428 1429 1433 1435 1436 1437]] [96 [1440 1441 1443 1452 1454]] [97 [1457 1460 1462 1463 1464 1465 1466 1467 1468]] [98 [1473 1474 1475 1476 1477 1479 1483 1484]] [99 [1485 1487 1489 1490 1492 1493 1495 1497]]]",,"[[{citizen 23} [[""A"" [5 4]]]] [{citizen 24} [[""A"" [5 4]]]] [{citizen 26} [[""A"" [5 5]]]] [{citizen 31} [[""A"" [5 5]]]] [{citizen 40} [[""A"" [4 6]]]] [{citizen 47} [[""A"" [5 4]]]] [{media 50} [[""A"" [3 3]]]] [{media 52} [[""A"" [3 3]]]] [{media 61} [[""A"" [5 5]]]] [{media 63} [[""A"" [5 5]]]] [{citizen 0} [[""A"" [5 4]]]] [{citizen 1} [[""A"" [5 4]]]] [{citizen 4} [[""A"" [5 4]]]] [{citizen 5} [[""A"" [5 4]]]] [{citizen 2} [[""A"" [5 4]]]] [{citizen 9} [[""A"" [5 4]]]] [{citizen 12} [[""A"" [6 4]]]] [{media 64} [[""A"" [6 6]]]] [{media 62} [[""A"" [0 0]]]] [{citizen 46} [[""A"" [4 6]]]] [{citizen 6} [[""A"" [5 6]]]] [{citizen 41} [[""A"" [5 4]]]] [{citizen 48} [[""A"" [4 6]]]] [{citizen 34} [[""A"" [4 6]]]] [{citizen 44} [[""A"" [5 6]]]] [{citizen 17} [[""A"" [5 4]]]] [{citizen 30} [[""A"" [5 4]]]] [{citizen 8} [[""A"" [5 4]]]] [{citizen 36} [[""A"" [5 5]]]] [{citizen 3} [[""A"" [6 5]]]] [{citizen 29} [[""A"" [5 4]]]] [{citizen 19} [[""A"" [5 5]]]] [{citizen 20} [[""A"" [5 6]]]] [{citizen 14} [[""A"" [4 6]]]] [{citizen 42} [[""A"" [5 6]]]] [{media 55} [[""A"" [5 5]]]] [{citizen 32} [[""A"" [6 5]]]] [{media 54} [[""A"" [1 1]]]] [{media 53} [[""A"" [3 3]]]] [{citizen 28} [[""A"" [5 4]]]] [{citizen 25} [[""A"" [6 5]]]] [{media 56} [[""A"" [4 4]]]] [{citizen 33} [[""A"" [5 4]]]] [{citizen 39} [[""A"" [4 6]]]] [{citizen 16} [[""A"" [5 4]]]] [{citizen 37} [[""A"" [5 5]]]] [{media 59} [[""A"" [5 5]]]] [{citizen 13} [[""A"" [4 6]]]] [{citizen 35} [[""A"" [5 4]]]] [{media 58} [[""A"" [5 5]]]] [{media 51} [[""A"" [6 6]]]] [{citizen 18} [[""A"" [5 4]]]] [{media 57} [[""A"" [6 6]]]] [{citizen 45} [[""A"" [6 5]]]] [{citizen 43} [[""A"" [5 6]]]] [{citizen 49} [[""A"" [4 6]]]] [{citizen 27} [[""A"" [4 6]]]] [{citizen 11} [[""A"" [4 6]]]] [{media 60} [[""A"" [2 2]]]] [{citizen 38} [[""A"" [5 4]]]] [{citizen 21} [[""A"" [6 5]]]] [{citizen 22} [[""A"" [6 5]]]] [{citizen 7} [[""A"" [5 4]]]] [{citizen 10} [[""A"" [4 6]]]]]"
"16","[85 0 170]","178.125","0.6051988212349908","-9.66738890606754","""circle""","""""","9.9","{breed citizens}","false","0.5","1","""up""",,"[[""ID"" 6] [""alpha"" 1] [""beta"" 1] [""malleable"" [""A""]] [""prior"" []] [""cont_tokens"" []] [""A"" 4]]","[[0 [5 6 9 10 12]] [1 [16 17 18 19 22 23 24 25 26 27 29]] [2 [30 31 32 33 35 36 37 39 40 41 42 43 44]] [3 [45 46 47 48 49 50 51 52 54 56 57 58 59]] [4 [61 62 63 65 66 67 68 69 70 71 72 74]] [5 [75 76 77 78 79 80 81 82 83 84 85 86 88]] [6 [90 91 93 94 95 96 97 98 99 100 101 102 103 104]] [7 [105 106 107 111 112 114 116 117 118]] [8 [121 122 123 126 129 130 131 132 134]] [9 [137 140 141 142 143 144 145 146 147]] [10 [151 152 154 155 156 158 159 161 164]] [11 [165 167 170 173 174 176 177 178 179]] [12 [180 181 182 183 185 187 188 189 190 191 192 193 194]] [13 [195 196 197 199 201 202 203 204 206 207 208 209]] [14 [210 211 212 213 215 216 218 220 221 222 223 224]] [15 [225 227 229 231 232 236 237 238 239]] [16 [241 243 244 245 246 247 248 249 250 251 252 254]] [17 [255 256 257 259 260 261 263 265 266 267 268 269]] [18 [270 272 273 274 275 277 278 279 280]] [19 [285 286 289 292 294 295 296 298 299]] [20 [300 301 303 305 310 312 313 314]] [21 [315 317 319 320 321 322 323 324 325]] [22 [331 332 334 336 338 340 341 343 344]] [23 [346 347 349 350 351 353 355 356 359]] [24 [360 361 362 364 366 371 372 374]] [25 [375 376 377 379 381 383 386 387 388]] [26 [392 393 394 397 398 399 400 401]] [27 [405 407 408 412 413 415 416 417 419]] [28 [421 423 425 427 428 429 430 433 434]] [29 [436 438 439 443 444 445 446 447 449]] [30 [451 452 454 456 457 458 459 460 462 463 464]] [31 [467 468 469 470 471 472 473 474 475 476 477 478 479]] [32 [480 482 486 487 489 490 491 492 493]] [33 [495 496 497 498 501 503 506 507 509]] [34 [510 511 513 515 516 517 518 519 520 522 523 524]] [35 [526 527 528 529 530 531 533 534 535 536 537 538 539]] [36 [540 542 543 545 546 547 548 549 551 552 553 554]] [37 [555 556 557 558 559 564 565 566 567 568 569]] [38 [570 571 572 573 575 576 577 578 579 580 581 582 583 584]] [39 [585 586 587 589 590 591 592 593 594 595 596 597 598 599]] [40 [600 601 602 603 604 605 606 607 608 609 610 611 612 613 614]] [41 [615 616 617 618 619 620 621 622 623 624 625 627 628 629]] [42 [630 631 632 633 637 639 640 642 643 644]] [43 [645 646 647 648 651 653 655 656 659]] [44 [661 662 663 664 665 666 667 668 669 671 672 673 674]] [45 [675 676 677 678 679 680 682 683 684 686 687 688 689]] [46 [691 692 693 694 696 697 698 699 700 701 702 703 704]] [47 [705 706 707 708 709 710 711 712 713 714 715 716 717 719]] [48 [720 721 722 723 724 725 726 727 728 729 730 731 732 733 734]] [49 [735 736 738 739 740 741 742 744 746 747 748 749]] [50 [750 751 752 753 755 756 757 758 760 761 763 764]] [51 [765 766 767 768 769 770 771 772 773 774 775 777 778 779]] [52 [780 781 782 783 784 785 786 787 788 789 790 791 792 794]] [53 [795 796 797 798 799 800 803 804 805 807 808]] [54 [810 811 813 815 816 817 818 819 820 821 822 823 824]] [55 [826 827 828 829 830 831 832 833 834 835 836 837 838 839]] [56 [840 841 842 843 844 845 846 847 848 849 850 851 852 853]] [57 [855 856 857 858 859 860 861 862 863 864 865 866 869]] [58 [870 871 872 874 875 876 880]] [59 [885 889 893 894 896]] [60 [901 907 908 910 914]] [61 [916 920 922 925 929]] [62 [931 932 937 939 944]] [63 [948 951 953 957 958]] [64 [960 964 965 968 969 970 972 973 974]] [65 [975 976 977 978 985]] [66 [990 991 992 993 994 997 998 999 1000 1002 1003]] [67 [1005 1006 1007 1010 1011 1012 1013 1014 1015 1016 1017 1018]] [68 [1020 1021 1022 1023 1024 1025 1026 1028 1029 1030 1031 1032 1033 1034]] [69 [1035 1036 1038 1040 1042 1043 1047 1048 1049]] [70 [1050 1051 1052 1054 1055 1056 1057 1058 1060 1061 1062 1063 1064]] [71 [1065 1066 1067 1069 1070 1071 1073 1074 1075 1076 1077 1078 1079]] [72 [1080 1081 1082 1083 1084 1085 1086 1088 1089 1090 1091 1093 1094]] [73 [1095 1096 1097 1098 1099 1100 1101 1103 1104 1105 1107 1108 1109]] [74 [1110 1111 1112 1113 1114 1115 1116 1117 1118 1120 1121 1123 1124]] [75 [1125 1127 1128 1129 1130 1131 1132 1133 1135 1136 1137 1138 1139]] [76 [1140 1141 1142 1144 1145 1146 1147 1149 1150 1151 1152 1153 1154]] [77 [1155 1156 1157 1158 1159 1160 1161 1162 1163 1164 1166 1167 1168]] [78 [1170 1171 1172 1173 1174 1175 1176 1177 1178 1179 1180 1181 1182 1184]] [79 [1186 1187 1189 1190 1191 1192 1193 1194 1195 1196 1197 1198 1199]] [80 [1200 1201 1202 1203 1204 1205 1206 1207 1208 1210 1211 1212 1213 1214]] [81 [1215 1217 1218 1219 1220 1221 1222 1223 1224 1225 1226 1227 1228]] [82 [1230 1231 1232 1233 1234 1235 1236 1237 1238 1239 1241 1243 1244]] [83 [1245 1247 1248 1249 1250 1251 1252 1253 1254 1255 1256 1257 1258]] [84 [1260 1261 1262 1263 1265 1266 1267 1268 1269 1270 1272 1273 1274]] [85 [1275 1276 1277 1278 1279 1280 1281 1282 1284 1285 1286 1287 1288 1289]] [86 [1290 1291 1292 1293 1295 1296 1297 1298 1299 1300 1301 1302 1304]] [87 [1305 1306 1308 1309 1310 1311 1312 1314 1315 1316 1317 1318 1319]] [88 [1320 1321 1322 1324 1325 1326 1327 1328 1329 1331 1332 1333 1334]] [89 [1335 1336 1337 1338 1339 1341 1342 1343 1344 1345 1347 1348 1349]] [90 [1350 1351 1352 1353 1354 1355 1357 1358 1359 1360 1361 1363 1364]] [91 [1365 1366 1367 1368 1369 1370 1371 1372 1373 1374 1376 1377 1378 1379]] [92 [1380 1381 1382 1383 1384 1385 1386 1387 1388 1389 1390 1391 1392 1393]] [93 [1395 1397 1398 1399 1400 1401 1403 1404 1405 1406 1407 1408 1409]] [94 [1410 1411 1412 1413 1414 1415 1416 1417 1418 1419 1420 1421 1422 1424]] [95 [1425 1426 1427 1428 1429 1430 1431 1432 1433 1435 1436 1437 1439]] [96 [1440 1441 1443 1444 1445 1447 1448 1449 1450 1451 1452 1453 1454]] [97 [1457 1458 1460 1461 1462 1463 1464 1465 1466 1467 1468 1469]] [98 [1470 1471 1473 1474 1475 1476 1477 1478 1479 1480 1481 1483 1484]] [99 [1485 1487 1489 1490 1492 1493 1495 1497 1498]]]","[[0 [9 10 12]] [1 [17 18 19 22 23 24 25 26 29]] [2 [30 31 32 33 37 39 40 41 43]] [3 [46 47 49 51 52 54 58 59]] [4 [62 63 65 67 68 69 70 71]] [5 [76 77 79 80 81 84]] [6 [91 93 94 95 97 99 100 104]] [7 [105 106 107 111 112 114 117 118]] [8 [121 122 123 129 130 132 134]] [9 [137 140 141 142 143 144 146 147]] [10 [151 152 154 155 156 158 159 161 164]] [11 [165 167 170 173 176 177 178]] [12 [180 181 182 183 187 188 190 191 192 193 194]] [13 [196 197 201 202 203 204 206 207 208 209]] [14 [213 215 216 218 220 221 222 223 224]] [15 [225 227 229 231 232 236 237 238 239]] [16 [241 243 244 245 246 247 248 251 252 254]] [17 [257 259 260 261 263 265 266 268 269]] [18 [270 272 273 274 275 277 278 279 280]] [19 [285 286 289 292 294 295 296 298 299]] [20 [300 301 303 305 310 312 313 314]] [21 [315 317 319 320 321 322 323 324 325]] [22 [331 332 334 338 340 341 343 344]] [23 [346 347 349 350 351 353 355 356 359]] [24 [360 361 362 364 366 371 372 374]] [25 [375 376 377 379 381 383 386 387 388]] [26 [392 393 394 397 398 399 400 401]] [27 [405 407 408 412 413 415 416 417 419]] [28 [421 423 425 427 428 430 433 434]] [29 [436 438 439 443 444 445 446 447 449]] [30 [451 452 454 456 457 458 459 460 463]] [31 [470 471 473 474 475 478 479]] [32 [480 482 486 487 489 490 491 492 493]] [33 [495 496 497 498 501 503 506 507 509]] [34 [510 515 516 517 518 519 520 523 524]] [35 [528 529 531 533 534 535 536 537 538 539]] [36 [540 542 543 545 546 548 549 551 552 553 554]] [37 [556 557 559 565 567 568]] [38 [572 573 575 576 577 579 582 584]] [39 [585 586 587 590 591 592 593 594 598 599]] [40 [601 603 605 606 608 609 610 612 613 614]] [41 [619 622 623 624 625 627 628 629]] [42 [630 631 632 633 639 640 642 643 644]] [43 [645 646 648 651 653 655 659]] [44 [661 662 664 667 668 669 671 672 673]] [45 [676 677 678 679 682 683 687]] [46 [692 694 698 699 700 702 703]] [47 [710 712 713 716 717 719]] [48 [720 721 722 727 728 729 731 732 733 734]] [49 [735 736 739 740 741 744 746 747 748 749]] [50 [750 752 753 755 756]] [51 [765 767 768 769 770 771 772 773 774 777 778 779]] [52 [780 787 789 790 792 794]] [53 [795 796 797 798 799 800 804 805 808]] [54 [810 811 815 816 817 820 821 822 823]] [55 [826 830 833 834 835 836 838 839]] [56 [841 842 843 845 849 851 852]] [57 [855 856 857 858 859 861 862 865 866 869]] [58 [870 872 874 875 876 880]] [59 [885 889 893 894 896]] [60 [901 908 910 914]] [61 [916 920 922 925 929]] [62 [931 937 939 944]] [63 [948 951 953 957 958]] [64 [960 969 970 972 973 974]] [65 [975 976 977 978 985]] [66 [990 991 992 993 994 997 999 1000 1002 1003]] [67 [1005 1010 1011 1013 1014 1017]] [68 [1020 1021 1023 1024 1025 1026 1030 1033]] [69 [1035 1036 1038 1042 1043 1047 1048 1049]] [70 [1050 1051 1052 1054 1057 1058 1060 1062 1063 1064]] [71 [1065 1070 1073 1075 1076 1077 1078 1079]] [72 [1080 1084 1085 1086 1088 1089 1090 1091 1094]] [73 [1095 1096 1098 1099 1100 1101 1104 1105 1107 1108 1109]] [74 [1111 1113 1114 1115 1116 1117 1120 1121 1123 1124]] [75 [1125 1128 1129 1135 1136 1137 1138 1139]] [76 [1140 1141 1142 1144 1145 1146 1147 1149 1150 1154]] [77 [1155 1156 1158 1159 1160 1162 1163 1166 1168]] [78 [1171 1173 1175 1176 1177 1179 1181]] [79 [1187 1190 1192 1193 1194 1195 1196 1197 1198]] [80 [1201 1202 1204 1205 1207 1208 1212 1214]] [81 [1215 1218 1219 1220 1221 1222 1223 1226 1227]] [82 [1230 1231 1232 1233 1234 1236 1238 1239 1243 1244]] [83 [1245 1248 1249 1250 1251 1252 1254 1257]] [84 [1261 1265 1267 1268 1269 1270 1272 1273 1274]] [85 [1276 1277 1279 1281 1282 1284 1285 1286 1287 1288 1289]] [86 [1290 1293 1295 1296 1297 1298 1299 1300 1301]] [87 [1306 1311 1312 1316 1317 1319]] [88 [1320 1321 1324 1325 1326 1327 1329 1332 1333]] [89 [1336 1339 1341 1342 1343 1344 1345 1347 1349]] [90 [1350 1351 1352 1353 1354 1355 1359 1360 1361 1364]] [91 [1365 1366 1369 1370 1373 1374 1378]] [92 [1380 1382 1383 1384 1385 1386 1388 1389 1392 1393]] [93 [1395 1398 1399 1401]] [94 [1411 1413 1414 1416 1417 1418 1420 1421]] [95 [1425 1427 1428 1429 1432 1433 1435 1436 1437]] [96 [1440 1441 1444 1445 1448 1450 1451 1452 1453]] [97 [1457 1458 1460 1462 1463 1464 1465 1466 1467 1468]] [98 [1473 1474 1475 1476 1477 1479 1481 1484]] [99 [1485 1487 1489 1490 1492 1493 1495 1497]]]",,"[[{citizen 22} [[""A"" [5 6]]]] [{media 50} [[""A"" [3 3]]]] [{media 52} [[""A"" [3 3]]]] [{media 61} [[""A"" [5 5]]]] [{media 63} [[""A"" [5 5]]]] [{citizen 0} [[""A"" [6 5]]]] [{citizen 1} [[""A"" [5 4]]]] [{citizen 4} [[""A"" [5 5]]]] [{citizen 8} [[""A"" [6 5]]]] [{media 64} [[""A"" [6 6]]]] [{citizen 2} [[""A"" [6 5]]]] [{citizen 41} [[""A"" [6 4]]]] [{citizen 12} [[""A"" [5 6]]]] [{citizen 26} [[""A"" [5 5]]]] [{citizen 34} [[""A"" [6 4]]]] [{citizen 9} [[""A"" [5 6]]]] [{citizen 44} [[""A"" [5 6]]]] [{citizen 17} [[""A"" [5 6]]]] [{citizen 30} [[""A"" [5 6]]]] [{citizen 19} [[""A"" [5 6]]]] [{citizen 48} [[""A"" [5 6]]]] [{citizen 5} [[""A"" [5 6]]]] [{citizen 29} [[""A"" [5 6]]]] [{citizen 3} [[""A"" [5 6]]]] [{citizen 20} [[""A"" [5 6]]]] [{citizen 14} [[""A"" [6 5]]]] [{citizen 40} [[""A"" [6 5]]]] [{citizen 42} [[""A"" [6 5]]]] [{citizen 15} [[""A"" [5 6]]]] [{media 55} [[""A"" [5 5]]]] [{citizen 32} [[""A"" [5 5]]]] [{citizen 31} [[""A"" [5 6]]]] [{citizen 13} [[""A"" [5 6]]]] [{citizen 35} [[""A"" [5 6]]]] [{citizen 36} [[""A"" [6 5]]]] [{citizen 25} [[""A"" [5 6]]]] [{media 56} [[""A"" [4 4]]]] [{citizen 33} [[""A"" [6 5]]]] [{citizen 39} [[""A"" [5 6]]]] [{media 59} [[""A"" [5 5]]]] [{citizen 28} [[""A"" [5 5]]]] [{media 58} [[""A"" [5 5]]]] [{citizen 37} [[""A"" [5 6]]]] [{media 51} [[""A"" [6 6]]]] [{citizen 18} [[""A"" [6 5]]]] [{media 57} [[""A"" [6 6]]]] [{citizen 45} [[""A"" [5 6]]]] [{citizen 23} [[""A"" [5 6]]]] [{citizen 47} [[""A"" [5 5]]]] [{citizen 27} [[""A"" [6 5]]]] [{citizen 11} [[""A"" [6 5]]]] [{citizen 43} [[""A"" [6 6]]]] [{citizen 49} [[""A"" [5 5]]]] [{citizen 38} [[""A"" [5 5]]]] [{media 53} [[""A"" [3 3]]]] [{media 60} [[""A"" [2 2]]]] [{media 54} [[""A"" [1 1]]]] [{citizen 46} [[""A"" [5 5]]]] [{citizen 6} [[""A"" [5 6]]]] [{citizen 7} [[""A"" [6 5]]]] [{citizen 10} [[""A"" [5 6]]]] [{citizen 21} [[""A"" [6 5]]]] [{citizen 24} [[""A"" [5 6]]]] [{media 62} [[""A"" [0 0]]]]]"
"17","[0 0 255]","236.25","-3.772571847203239","-3.6003319923849846","""circle""","""""","9.9","{breed citizens}","false","0.5","1","""up""",,"[[""ID"" 44] [""alpha"" 1] [""beta"" 1] [""malleable"" [""A""]] [""prior"" []] [""cont_tokens"" []] [""A"" 6]]","[[0 [5 6 9 10 12]] [1 [16 17 18 19 21 22 23 24 25 26 29]] [2 [30 31 32 33 35 36 37 39 40 41 42 43 44]] [3 [45 46 47 48 49 50 51 52 54 56 57 58 59]] [4 [61 62 63 64 65 66 67 68 69 70 71 72 74]] [5 [75 76 77 78 79 80 81 82 83 84 85 86 88]] [6 [90 91 93 94 95 96 97 98 99 100 101 102 103 104]] [7 [105 106 107 111 112 114 116 117 118]] [8 [121 122 123 126 129 130 131 132 134]] [9 [137 140 141 142 143 144 145 146 147]] [10 [151 152 154 155 156 158 159 161 164]] [11 [165 167 170 173 174 176 177 178 179]] [12 [180 181 182 183 185 187 188 189 190 191 192 193 194]] [13 [195 196 197 199 201 202 203 204 206 207 208 209]] [14 [210 211 212 213 215 216 218 220 221 222 223 224]] [15 [225 227 229 231 232 236 237 238 239]] [16 [241 243 244 245 246 247 248 249 250 251 252 254]] [17 [255 256 257 259 260 261 263 265 266 267 268 269]] [18 [270 272 273 274 275 277 278 279 280]] [19 [285 286 289 292 294 295 296 298 299]] [20 [300 301 303 305 310 312 313 314]] [21 [315 317 319 320 321 322 323 324 325]] [22 [331 332 334 336 338 340 341 343 344]] [23 [346 347 349 350 351 353 355 356 359]] [24 [360 361 362 364 366 371 372 374]] [25 [375 376 377 379 381 383 386 387 388]] [26 [392 393 394 397 398 399 400 401]] [27 [405 407 408 412 413 415 416 417 419]] [28 [421 423 425 427 428 429 430 433 434]] [29 [436 438 439 443 444 445 446 447 449]] [30 [451 452 454 456 457 458 459 460 462 463 464]] [31 [467 468 469 470 471 472 473 474 475 476 477 478 479]] [32 [480 482 486 487 489 490 491 492 493]] [33 [495 496 497 498 501 503 506 507 509]] [34 [510 511 513 515 516 517 518 519 520 522 523 524]] [35 [526 527 528 529 530 531 533 534 535 536 537 538 539]] [36 [540 542 543 545 546 547 548 549 551 552 553 554]] [37 [555 556 557 558 559 564 565 566 567 568 569]] [38 [570 571 572 573 575 576 577 578 579 580 581 582 583 584]] [39 [585 586 587 589 590 591 592 593 594 595 596 597 598 599]] [40 [600 601 602 603 604 605 606 607 608 609 610 611 612 613 614]] [41 [615 616 617 618 619 620 621 622 623 624 625 627 628 629]] [42 [630 631 632 633 637 639 640 642 643 644]] [43 [645 646 647 648 651 653 655 656 659]] [44 [661 662 663 664 665 666 667 668 669 671 672 673 674]] [45 [675 676 677 678 679 680 682 683 684 686 687 688 689]] [46 [691 692 693 694 696 697 698 699 700 701 702 703 704]] [47 [705 706 707 708 709 710 711 712 713 714 715 716 717 719]] [48 [720 721 722 723 724 725 726 727 728 729 730 731 732 733 734]] [49 [735 736 738 739 740 741 742 744 746 747 748 749]] [50 [750 751 752 753 754 755 756 757 758 760 761 762 763 764]] [51 [765 766 767 768 769 770 771 772 773 774 777 778 779]] [52 [780 781 782 783 784 785 786 787 788 789 790 791 792 793 794]] [53 [795 796 797 798 799 800 803 804 805 807 808]] [54 [810 811 813 815 816 817 818 819 820 821 822 823 824]] [55 [826 827 828 829 830 831 832 833 834 835 836 837 838 839]] [56 [840 841 842 843 844 845 846 847 848 849 850 851 852 853]] [57 [855 856 857 858 859 860 861 862 863 864 865 866 869]] [58 [870 871 872 874 875 876 880]] [59 [885 889 893 894 896]] [60 [901 907 908 910 914]] [61 [916 920 922 925 929]] [62 [931 932 937 939 944]] [63 [948 951 953 957 958]] [64 [960 964 965 968 969 970 972 973 974]] [65 [975 976 977 978 985]] [66 [990 991 992 993 994 997 998 999 1000 1002 1003]] [67 [1005 1006 1007 1010 1011 1012 1013 1014 1015 1016 1017 1018]] [68 [1020 1021 1022 1023 1024 1025 1026 1028 1029 1030 1031 1032 1033 1034]] [69 [1035 1036 1038 1040 1042 1043 1047 1048 1049]] [70 [1050 1051 1052 1054 1055 1056 1057 1058 1060 1061 1062 1063 1064]] [71 [1065 1066 1067 1069 1070 1071 1073 1074 1075 1076 1077 1078 1079]] [72 [1080 1081 1082 1083 1084 1085 1086 1088 1089 1090 1091 1093 1094]] [73 [1095 1096 1097 1098 1099 1100 1101 1103 1104 1105 1107 1108 1109]] [74 [1110 1111 1112 1113 1114 1115 1116 1117 1118 1120 1121 1123 1124]] [75 [1125 1127 1128 1129 1130 1131 1132 1133 1135 1136 1137 1138 1139]] [76 [1140 1141 1142 1144 1145 1146 1147 1149 1150 1151 1152 1153 1154]] [77 [1155 1156 1157 1158 1159 1160 1161 1162 1163 1164 1166 1167 1168]] [78 [1170 1171 1172 1173 1174 1175 1176 1177 1178 1179 1180 1181 1182 1184]] [79 [1186 1187 1189 1190 1191 1192 1193 1194 1195 1196 1197 1198 1199]] [80 [1200 1201 1202 1203 1204 1205 1206 1207 1208 1210 1211 1212 1213 1214]] [81 [1215 1217 1218 1219 1220 1221 1222 1223 1224 1225 1226 1227 1228]] [82 [1230 1231 1232 1233 1234 1235 1236 1237 1238 1239 1241 1243 1244]] [83 [1245 1247 1248 1249 1250 1251 1252 1253 1254 1255 1256 1257 1258]] [84 [1260 1261 1262 1263 1265 1266 1267 1268 1269 1270 1272 1273 1274]] [85 [1275 1276 1277 1278 1279 1280 1281 1282 1284 1285 1286 1287 1288 1289]] [86 [1290 1291 1292 1293 1295 1296 1297 1298 1299 1300 1301 1302 1304]] [87 [1305 1306 1308 1309 1310 1311 1312 1314 1315 1316 1317 1318 1319]] [88 [1320 1321 1322 1324 1325 1326 1327 1328 1329 1331 1332 1333 1334]] [89 [1335 1336 1337 1338 1339 1341 1342 1343 1344 1345 1347 1348 1349]] [90 [1350 1351 1352 1353 1354 1355 1357 1358 1359 1360 1361 1363 1364]] [91 [1365 1366 1367 1368 1369 1370 1371 1372 1373 1374 1376 1377 1378 1379]] [92 [1380 1381 1382 1383 1384 1385 1386 1388 1389 1390 1391 1392 1393]] [93 [1395 1397 1398 1399 1400 1401 1403 1404 1405 1406 1407 1408 1409]] [94 [1410 1411 1412 1413 1414 1415 1416 1417 1418 1419 1420 1421 1422 1424]] [95 [1425 1426 1427 1428 1429 1430 1431 1432 1433 1435 1436 1437 1439]] [96 [1440 1441 1443 1444 1445 1448 1450 1451 1452 1453 1454]] [97 [1457 1458 1460 1462 1463 1464 1465 1466 1467 1468 1469]] [98 [1470 1471 1473 1474 1475 1476 1477 1478 1479 1480 1481 1483 1484]] [99 [1485 1487 1489 1490 1492 1493 1495 1497 1498]]]","[[0 [6 10 12]] [1 [17 18 19 21 22 24 25 26 29]] [2 [30 31 32 33 36 37 40 41 43]] [3 [46 47 49 50 57]] [4 [61 62 65 67 68 70 71 74]] [5 [75 78 79 80 81 84]] [6 [91 96 97 98 99 100 104]] [7 [105 106 107 111 112 114 116 117 118]] [8 [121 122 123 126 129 130 131 132 134]] [9 [137 140 141 142 143 144 146 147]] [10 [151 152 154 155 156 158 159 161 164]] [11 [165 167 170 173 176 177 178 179]] [12 [181 182 185 189 191 192 193 194]] [13 [195 197 201 202 204 206 207 208]] [14 [210 211 212 213 215 216 218 220 221 222 223 224]] [15 [225 227 229 231 232 236 237 238]] [16 [243 244 245 246 247 248 251 252 254]] [17 [257 267 268 269]] [18 [270 272 273 274 275 277 279 280]] [19 [285 286 289 292 294 295 296 298 299]] [20 [300 301 303 305 310 312 313 314]] [21 [315 317 319 320 321 322 323 324 325]] [22 [331 332 334 336 338 340 341 343 344]] [23 [346 347 349 350 351 353 355 356 359]] [24 [360 361 362 364 366 371 372 374]] [25 [375 376 377 379 383 386 387 388]] [26 [392 393 394 397 398 399 400 401]] [27 [405 413 415 416 417 419]] [28 [421 423 425 427 429 430 433 434]] [29 [436 438 439 443 444 445 446 447 449]] [30 [451 452 456 457 458 459 460 463]] [31 [467 468 469 472 473 474 475 478 479]] [32 [480 482 486 487 489 490 491 492 493]] [33 [495 496 497 498 501 503 506 507 509]] [34 [510 515 516 517 518 519 520 523 524]] [35 [528 529 531 533 534 535 539]] [36 [540 542 543 545 546 548 549 551 553 554]] [37 [556 558 559 565 567 568]] [38 [571 572 573 575 576 577 579 580 581 582 583]] [39 [589 593 594 595 596 597 598 599]] [40 [600 601 603 605 606 608 609 610 612]] [41 [615 616 617 618 621 625 627 628 629]] [42 [630 631 632 633 639 640 642 643 644]] [43 [645 646 651 653 655 659]] [44 [662 664 667 668 669 671 672 673]] [45 [676 677 678 679 680 682 683 687]] [46 [692 694 699 700 701 702 703]] [47 [710 713 719]] [48 [720 721 722 726 727 728 729 731 732 733 734]] [49 [735 736 742]] [50 [754 755 756 760 761 764]] [51 [765 766]] [52 [780 787 789 790 791 794]] [53 [795 796 797 799 800 804 805 808]] [54 [810 811 813 815 816 817 823 824]] [55 [826 828 829 830 835 837]] [56 [844 846 847 848 850 851 852]] [57 [855 856 857 858 859 861 862 865 866 869]] [58 [870 871 872 874 875 876 880]] [59 [885 889 893 894 896]] [60 [901 907 910 914]] [61 [916 920 922 925 929]] [62 [931 937 939 944]] [63 [948 951 953 957 958]] [64 [960 964 965 968 969 970 972 973 974]] [65 [975 976 977 978 985]] [66 [990 991 992 993 994 997 1002 1003]] [67 [1005 1010 1011 1012 1013 1014 1015 1017 1018]] [68 [1022 1024 1025 1026 1030 1033]] [69 [1035 1036 1038 1040 1043 1047 1048]] [70 [1051 1052 1054 1055 1056 1061]] [71 [1065 1067 1069 1070 1073 1075 1076 1077 1079]] [72 [1080 1082 1083 1085 1088 1089 1090 1091 1094]] [73 [1095 1096 1098 1099 1100 1101 1103 1107 1108 1109]] [74 [1111 1112 1113 1114 1115 1116 1117 1120 1121 1123 1124]] [75 [1125 1128 1129 1135 1136 1137 1138 1139]] [76 [1140 1141 1142 1144 1145 1146 1147 1149 1151 1152 1153]] [77 [1157 1158 1159 1160 1162 1163 1166 1168]] [78 [1171 1172 1173 1175 1176 1177 1179 1181 1182 1184]] [79 [1186 1189 1190 1192 1193 1194 1195 1196 1197 1198]] [80 [1203 1204 1205 1207 1208 1212 1213]] [81 [1215 1218 1219 1220 1221 1223 1225 1226 1228]] [82 [1230 1231 1232 1233 1234 1236 1239 1243]] [83 [1245 1248 1249 1250 1251 1252 1254 1257 1258]] [84 [1260 1262 1263 1265 1267 1274]] [85 [1276 1277 1279 1286 1287 1288 1289]] [86 [1290 1293 1295 1296 1297 1298 1299 1300 1301 1302 1304]] [87 [1305 1308 1309 1310 1314 1315 1316 1317 1319]] [88 [1320 1321 1324 1325 1326 1327 1329 1332 1333]] [89 [1336 1339 1341 1342 1343 1344 1345 1347 1348 1349]] [90 [1350 1351 1352 1353 1354 1355 1358 1359 1360 1361]] [91 [1365 1366 1369 1370 1373 1374 1376 1377 1378]] [92 [1380 1382 1383 1384 1385 1386 1388 1389 1391 1393]] [93 [1395 1397 1398 1399 1401 1408]] [94 [1411 1413 1414 1416 1417 1418 1420 1422 1424]] [95 [1425 1427 1428 1429 1436 1437]] [96 [1440 1441 1444 1445 1448 1450 1451 1452 1454]] [97 [1457 1460 1462 1463 1464 1465 1466 1467 1468]] [98 [1473 1474 1475 1476 1477 1479 1483 1484]] [99 [1485 1487 1489 1490 1492 1493 1495 1497 1498]]]",,"[[{citizen 27} [[""A"" [5 6]]]] [{citizen 30} [[""A"" [5 4]]]] [{citizen 43} [[""A"" [5 6]]]] [{citizen 48} [[""A"" [5 6]]]] [{media 50} [[""A"" [3 3]]]] [{media 52} [[""A"" [3 3]]]] [{media 61} [[""A"" [5 5]]]] [{citizen 9} [[""A"" [5 4]]]] [{media 63} [[""A"" [5 5]]]] [{citizen 0} [[""A"" [5 4]]]] [{citizen 1} [[""A"" [5 4]]]] [{citizen 4} [[""A"" [5 4]]]] [{citizen 2} [[""A"" [5 5]]]] [{citizen 12} [[""A"" [5 4]]]] [{media 64} [[""A"" [6 6]]]] [{citizen 5} [[""A"" [5 4]]]] [{citizen 41} [[""A"" [5 4]]]] [{citizen 15} [[""A"" [6 5]]]] [{citizen 40} [[""A"" [4 6]]]] [{citizen 8} [[""A"" [5 4]]]] [{citizen 26} [[""A"" [5 5]]]] [{citizen 34} [[""A"" [4 6]]]] [{citizen 44} [[""A"" [5 6]]]] [{citizen 19} [[""A"" [5 5]]]] [{media 55} [[""A"" [5 5]]]] [{citizen 32} [[""A"" [5 5]]]] [{citizen 31} [[""A"" [5 5]]]] [{citizen 13} [[""A"" [4 6]]]] [{citizen 29} [[""A"" [5 4]]]] [{citizen 35} [[""A"" [5 4]]]] [{citizen 3} [[""A"" [5 6]]]] [{citizen 36} [[""A"" [5 6]]]] [{citizen 25} [[""A"" [6 5]]]] [{media 53} [[""A"" [3 3]]]] [{citizen 28} [[""A"" [5 4]]]] [{media 56} [[""A"" [4 4]]]] [{citizen 33} [[""A"" [5 5]]]] [{citizen 39} [[""A"" [4 6]]]] [{citizen 16} [[""A"" [5 4]]]] [{citizen 37} [[""A"" [5 5]]]] [{citizen 14} [[""A"" [4 6]]]] [{citizen 20} [[""A"" [5 6]]]] [{media 59} [[""A"" [5 5]]]] [{media 58} [[""A"" [5 5]]]] [{citizen 42} [[""A"" [5 6]]]] [{media 51} [[""A"" [6 6]]]] [{citizen 18} [[""A"" [5 4]]]] [{media 57} [[""A"" [6 6]]]] [{citizen 45} [[""A"" [5 5]]]] [{citizen 23} [[""A"" [5 4]]]] [{citizen 47} [[""A"" [5 4]]]] [{citizen 11} [[""A"" [4 6]]]] [{citizen 49} [[""A"" [4 6]]]] [{citizen 38} [[""A"" [5 4]]]] [{media 60} [[""A"" [2 2]]]] [{media 54} [[""A"" [1 1]]]] [{citizen 46} [[""A"" [4 6]]]] [{citizen 6} [[""A"" [5 6]]]] [{citizen 21} [[""A"" [5 5]]]] [{citizen 7} [[""A"" [5 5]]]] [{citizen 10} [[""A"" [5 6]]]] [{citizen 22} [[""A"" [5 5]]]] [{citizen 24} [[""A"" [4 6]]]] [{media 62} [[""A"" [0 0]]]]]"
"18","[85 0 170]","243.75","-4.831309753103567","-2.5252446945004143","""circle""","""""","9.9","{breed citizens}","false","0.5","1","""up""",,"[[""ID"" 30] [""alpha"" 1] [""beta"" 1] [""malleable"" [""A""]] [""prior"" []] [""cont_tokens"" []] [""A"" 4]]","[[0 [0 5 6 9 10 12]] [1 [16 17 18 19 22 23 24 25 26 27 29]] [2 [30 31 32 33 35 36 37 39 40 41 42 43 44]] [3 [45 46 47 48 49 50 51 52 54 56 57 58 59]] [4 [61 62 63 65 66 67 68 69 70 71 72 74]] [5 [75 76 77 78 79 80 81 82 83 84 85 86 88]] [6 [90 91 93 94 95 96 97 98 99 100 101 102 103 104]] [7 [105 106 107 111 112 114 116 117 118]] [8 [121 122 123 126 129 130 131 132 134]] [9 [137 140 141 142 143 144 145 146 147]] [10 [151 152 154 155 156 158 159 161 164]] [11 [165 167 170 173 174 176 177 178 179]] [12 [180 181 182 183 185 187 188 189 190 191 192 193 194]] [13 [195 196 197 199 201 202 203 204 206 207 208 209]] [14 [210 211 212 213 215 216 218 220 221 222 223 224]] [15 [225 227 229 231 232 236 237 238 239]] [16 [241 243 244 245 246 247 248 249 250 251 252 254]] [17 [255 256 257 259 260 261 263 265 266 267 268 269]] [18 [270 272 273 274 275 277 278 279 280]] [19 [285 286 289 292 294 295 296 298 299]] [20 [300 301 303 305 310 312 313 314]] [21 [315 317 319 320 321 322 323 324 325]] [22 [331 332 334 336 338 340 341 343 344]] [23 [346 347 349 350 351 353 355 356 359]] [24 [360 361 362 364 366 371 372 374]] [25 [375 376 377 379 381 383 386 387 388]] [26 [392 393 394 397 398 399 400 401]] [27 [405 407 408 412 413 415 416 417 419]] [28 [421 423 425 427 428 429 430 433 434]] [29 [436 438 439 443 444 445 446 447 449]] [30 [451 452 454 456 457 458 459 460 462 463 464]] [31 [467 468 469 470 471 472 473 474 475 478 479]] [32 [480 482 486 487 489 490 491 492 493]] [33 [495 496 497 498 501 503 506 507 509]] [34 [510 511 513 515 516 517 518 519 520 522 523 524]] [35 [526 527 528 529 530 531 533 534 535 536 537 538 539]] [36 [540 542 543 545 546 547 548 549 551 552 553 554]] [37 [555 556 557 558 559 564 565 566 567 568 569]] [38 [570 571 572 573 575 576 577 578 579 580 581 582 583 584]] [39 [585 586 587 589 590 591 592 593 594 595 596 597 598 599]] [40 [600 601 602 603 604 605 606 607 608 609 610 611 612 613 614]] [41 [615 616 617 618 619 620 621 622 623 624 625 627 628 629]] [42 [630 631 632 633 634 635 637 639 640 642 643 644]] [43 [645 646 647 648 651 653 655 656 659]] [44 [661 662 663 664 665 666 667 668 669 671 672 673 674]] [45 [675 676 677 678 679 680 682 683 684 686 687 688 689]] [46 [691 692 693 694 696 697 698 699 700 701 702 703 704]] [47 [705 706 707 708 709 710 711 712 713 714 715 716 717 719]] [48 [720 721 722 723 724 725 726 727 728 729 730 731 732 733 734]] [49 [735 736 737 738 739 740 741 742 743 744 746 747 748 749]] [50 [750 751 752 753 755 756 757 758 760 761 763 764]] [51 [765 766 767 768 769 770 771 772 773 774 777 778 779]] [52 [780 781 782 783 784 785 786 787 788 789 790 791 792 793 794]] [53 [795 796 797 798 799 800 803 804 805 807 808]] [54 [810 811 813 815 816 817 818 819 820 821 822 823 824]] [55 [826 827 828 829 830 831 832 833 834 835 836 837 838 839]] [56 [840 841 842 843 844 845 846 847 848 849 850 851 852 853]] [57 [855 856 857 858 859 860 861 862 863 864 865 866 869]] [58 [870 871 872 874 875 876 880]] [59 [885 889 893 894 896]] [60 [901 907 908 910 914]] [61 [916 920 922 925 929]] [62 [931 932 937 939 944]] [63 [948 951 953 957 958]] [64 [960 964 965 968 969 970 972 973 974]] [65 [975 976 977 978 985]] [66 [990 991 992 993 994 997 998 999 1000 1002 1003]] [67 [1005 1006 1007 1010 1011 1012 1013 1014 1015 1016 1017 1018]] [68 [1020 1021 1022 1023 1024 1025 1026 1028 1029 1030 1031 1032 1033 1034]] [69 [1035 1036 1038 1040 1042 1043 1047 1048 1049]] [70 [1050 1051 1052 1054 1055 1056 1057 1058 1060 1061 1062 1063 1064]] [71 [1065 1066 1067 1069 1070 1071 1073 1074 1075 1076 1077 1078 1079]] [72 [1080 1081 1082 1083 1084 1085 1086 1088 1089 1090 1091 1093 1094]] [73 [1095 1096 1097 1098 1099 1100 1101 1103 1104 1105 1107 1108 1109]] [74 [1110 1111 1112 1113 1114 1115 1116 1117 1118 1120 1121 1123 1124]] [75 [1125 1127 1128 1129 1130 1131 1132 1133 1135 1136 1137 1138 1139]] [76 [1140 1141 1142 1144 1145 1146 1147 1149 1150 1151 1152 1153 1154]] [77 [1155 1156 1157 1158 1159 1160 1161 1162 1163 1164 1166 1167 1168]] [78 [1170 1171 1172 1173 1174 1175 1176 1177 1178 1179 1180 1181 1182 1184]] [79 [1186 1187 1189 1190 1191 1192 1193 1194 1195 1196 1197 1198 1199]] [80 [1200 1201 1202 1203 1204 1205 1206 1207 1208 1210 1211 1212 1213 1214]] [81 [1215 1217 1218 1219 1220 1221 1222 1223 1224 1225 1226 1227 1228]] [82 [1230 1231 1232 1233 1234 1235 1236 1237 1238 1239 1241 1243 1244]] [83 [1245 1247 1248 1249 1250 1251 1252 1253 1254 1255 1256 1257 1258]] [84 [1260 1261 1262 1263 1265 1266 1267 1268 1269 1270 1272 1273 1274]] [85 [1275 1276 1277 1278 1279 1280 1281 1282 1284 1285 1286 1287 1288 1289]] [86 [1290 1291 1292 1293 1295 1296 1297 1298 1299 1300 1301 1302 1304]] [87 [1305 1306 1308 1309 1310 1311 1312 1314 1315 1316 1317 1318 1319]] [88 [1320 1321 1322 1324 1325 1326 1327 1328 1329 1331 1332 1333 1334]] [89 [1335 1336 1337 1338 1339 1341 1342 1343 1344 1345 1347 1348 1349]] [90 [1350 1351 1352 1353 1354 1355 1357 1358 1359 1360 1361 1363 1364]] [91 [1365 1366 1367 1368 1369 1370 1371 1372 1373 1374 1376 1377 1378 1379]] [92 [1380 1381 1382 1383 1384 1385 1386 1387 1388 1389 1390 1391 1392 1393]] [93 [1395 1397 1398 1399 1400 1401 1403 1404 1405 1406 1407 1408 1409]] [94 [1410 1411 1412 1413 1414 1415 1416 1417 1418 1419 1420 1421 1422 1424]] [95 [1425 1426 1427 1428 1429 1430 1431 1432 1433 1435 1436 1437 1439]] [96 [1440 1441 1443 1444 1445 1447 1448 1449 1450 1451 1452 1453 1454]] [97 [1457 1458 1460 1462 1463 1464 1465 1466 1467 1468 1469]] [98 [1470 1471 1473 1474 1475 1476 1477 1478 1479 1480 1481 1483 1484]] [99 [1485 1487 1489 1490 1492 1493 1495 1497 1498]]]","[[0 [0 5 9]] [1 [16 17 18 19 22 24 25 26 29]] [2 [30 31 32 33 37 40 41 43]] [3 [46 47 49 51 52 54 58 59]] [4 [61 62 63 65 67 68 69 70 72 74]] [5 [75 78 79 80 81 84]] [6 [91 96 97 99 100 104]] [7 [105 106 107 111 112 114 116 117 118]] [8 [121 122 123 126 129 130 131 132 134]] [9 [137 140 141 142 143 144 145 146 147]] [10 [151 152 154 155 158 159 161 164]] [11 [165 167 170 173 176 177 178]] [12 [180 181 183 187 188 190 191 192 193 194]] [13 [195 197 201 202 203 208]] [14 [210 211 212 218 221 222 224]] [15 [225 227 229 231 232 236 237 238]] [16 [244 245 246 247 248 251 252 254]] [17 [256 257 265 266 268 269]] [18 [270 272 273 274 275 277 278 279 280]] [19 [285 286 292 294 295 296 298 299]] [20 [300 301 303 305 310 312 313 314]] [21 [315 317 319 320 321 322 323 324 325]] [22 [331 332 334 336 338 340 341 343 344]] [23 [346 347 349 350 351 353 355 356 359]] [24 [360 361 362 364 366 371 372 374]] [25 [375 376 377 379 381 383 386 387 388]] [26 [392 393 394 397 398 399 400 401]] [27 [405 407 408 412 413 415 416 417 419]] [28 [421 423 425 427 429 430 433 434]] [29 [436 438 439 443 444 446 447 449]] [30 [451 452 456 459 460 463 464]] [31 [467 468 469 470 471 473 474 475 478 479]] [32 [480 482 486 487 489 490 491 492 493]] [33 [495 496 497 498 501 503 506 509]] [34 [510 515 516 517 518 519 520 523 524]] [35 [528 529 533 534 535 537 539]] [36 [540 542 543 545 546 547 551 553 554]] [37 [556 558 559 566 569]] [38 [570 577 579 580 581 582 584]] [39 [585 586 587 590 591 592 593 594 598]] [40 [600 602 607 609 610 612 613]] [41 [615 616 617 618 621 625 627 628]] [42 [630 631 632 633 637 640 642 643 644]] [43 [645 646 647 648 651 653 655 659]] [44 [662 664 667 668 669 671 672 673 674]] [45 [675 680 682 683 686 688 689]] [46 [691 692 693 696 697 698 699 700 701 702 703]] [47 [710 711 712 713 719]] [48 [720 721 722 726 727 728 729 730 731 732 733]] [49 [735 736 739 741 744 746 748 749]] [50 [750 752 753 755 756 760 761 763 764]] [51 [765 766]] [52 [780 787 789 790 791 794]] [53 [795 796 798 799 800 804 805 808]] [54 [810 811 815 818 819 820 821 822 823 824]] [55 [826 829 830 832 837 839]] [56 [840 841 842 843 846 847 849 851 852]] [57 [855 856 857 858 859 861 862 865 866 869]] [58 [871 874 875 880]] [59 [885 889 893 894 896]] [60 [901 907 908 910 914]] [61 [916 920 922 925 929]] [62 [931 932 937 939 944]] [63 [948 951 953 957 958]] [64 [960 968 969 970 972 973 974]] [65 [975 976 977 978 985]] [66 [990 991 992 993 994 998 999 1000]] [67 [1006 1007 1010 1011 1012 1013 1014 1017 1018]] [68 [1024 1026 1028 1029 1031 1032 1033]] [69 [1035 1036 1038 1042 1043 1047 1048 1049]] [70 [1050 1051 1052 1054 1055 1056 1061 1064]] [71 [1065 1071 1074 1075 1076 1077 1078]] [72 [1081 1085 1086 1088 1089 1090 1091 1094]] [73 [1095 1096 1098 1099 1100 1101 1103 1107 1108 1109]] [74 [1111 1113 1114 1118 1121 1123 1124]] [75 [1125 1127 1128 1129 1132 1133 1135 1136 1137 1138 1139]] [76 [1140 1141 1142 1144 1145 1146 1147 1149 1150 1151 1152 1153]] [77 [1155 1156 1158 1159 1160 1162 1163 1166 1168]] [78 [1171 1172 1173 1175 1176 1177 1178 1180 1181 1182 1184]] [79 [1186 1189 1190 1192 1193 1194 1195 1196 1197 1198]] [80 [1203 1204 1205 1207 1208 1212 1213]] [81 [1215 1218 1219 1220 1221 1222 1223 1224 1225 1226 1227]] [82 [1230 1231 1232 1233 1234 1236 1238 1239 1241 1243 1244]] [83 [1245 1248 1249 1250 1251 1252 1257 1258]] [84 [1260 1262 1263 1265 1267 1274]] [85 [1277 1279 1286 1287 1288 1289]] [86 [1290 1293 1295 1297 1298 1299 1300 1301 1304]] [87 [1305 1308 1309 1310 1312 1316 1318]] [88 [1322 1324 1325 1326 1327 1329 1332 1333 1334]] [89 [1335 1337 1338 1343 1344 1345 1347 1348 1349]] [90 [1350 1351 1352 1353 1354 1355 1358 1359 1360 1361]] [91 [1365 1366 1367 1368 1369 1370 1373 1374 1376 1377 1378 1379]] [92 [1381 1382 1383 1384 1385 1386 1388 1390 1391 1392 1393]] [93 [1395 1397 1398 1399 1401 1408 1409]] [94 [1410 1412 1413 1414 1416 1417 1418 1420 1422 1424]] [95 [1425 1427 1428 1429 1432 1433 1435 1437]] [96 [1440 1441 1444 1445 1448 1450 1451 1452 1454]] [97 [1457 1460 1462 1463 1464 1465 1466 1467 1468]] [98 [1473 1474 1475 1476 1477 1479 1481 1483 1484]] [99 [1485 1487 1489 1490 1492 1493 1495 1497]]]",,"[[{media 50} [[""A"" [3 3]]]] [{media 59} [[""A"" [5 5]]]] [{media 61} [[""A"" [5 5]]]] [{media 63} [[""A"" [5 5]]]] [{media 64} [[""A"" [6 6]]]] [{citizen 0} [[""A"" [5 5]]]] [{citizen 8} [[""A"" [4 5]]]] [{media 52} [[""A"" [3 3]]]] [{citizen 4} [[""A"" [5 4]]]] [{citizen 5} [[""A"" [5 5]]]] [{citizen 3} [[""A"" [5 6]]]] [{citizen 41} [[""A"" [5 4]]]] [{citizen 48} [[""A"" [6 6]]]] [{citizen 15} [[""A"" [6 5]]]] [{citizen 40} [[""A"" [4 6]]]] [{citizen 12} [[""A"" [6 4]]]] [{citizen 1} [[""A"" [5 4]]]] [{citizen 26} [[""A"" [5 5]]]] [{citizen 34} [[""A"" [5 4]]]] [{citizen 9} [[""A"" [5 4]]]] [{citizen 44} [[""A"" [5 6]]]] [{citizen 2} [[""A"" [6 5]]]] [{citizen 17} [[""A"" [6 5]]]] [{citizen 30} [[""A"" [6 5]]]] [{citizen 36} [[""A"" [6 4]]]] [{citizen 29} [[""A"" [5 5]]]] [{citizen 19} [[""A"" [6 5]]]] [{citizen 20} [[""A"" [4 5]]]] [{citizen 14} [[""A"" [5 5]]]] [{media 55} [[""A"" [5 5]]]] [{citizen 32} [[""A"" [6 6]]]] [{citizen 31} [[""A"" [5 5]]]] [{citizen 13} [[""A"" [5 5]]]] [{citizen 35} [[""A"" [6 4]]]] [{media 56} [[""A"" [4 4]]]] [{citizen 33} [[""A"" [6 5]]]] [{citizen 39} [[""A"" [6 5]]]] [{citizen 25} [[""A"" [6 5]]]] [{citizen 16} [[""A"" [5 4]]]] [{citizen 28} [[""A"" [5 5]]]] [{media 58} [[""A"" [5 5]]]] [{citizen 37} [[""A"" [6 5]]]] [{citizen 42} [[""A"" [5 5]]]] [{media 51} [[""A"" [6 6]]]] [{media 57} [[""A"" [6 6]]]] [{citizen 45} [[""A"" [6 6]]]] [{citizen 23} [[""A"" [5 4]]]] [{citizen 47} [[""A"" [5 4]]]] [{citizen 43} [[""A"" [5 5]]]] [{citizen 49} [[""A"" [6 5]]]] [{citizen 11} [[""A"" [5 4]]]] [{citizen 38} [[""A"" [5 5]]]] [{citizen 27} [[""A"" [5 5]]]] [{media 53} [[""A"" [3 3]]]] [{media 60} [[""A"" [2 2]]]] [{media 54} [[""A"" [1 1]]]] [{citizen 46} [[""A"" [6 5]]]] [{citizen 6} [[""A"" [6 6]]]] [{citizen 21} [[""A"" [6 6]]]] [{citizen 22} [[""A"" [5 5]]]] [{citizen 10} [[""A"" [5 5]]]] [{citizen 24} [[""A"" [5 6]]]] [{citizen 7} [[""A"" [6 5]]]] [{media 62} [[""A"" [0 0]]]]]"
"19","[85 0 170]","251.25","-5.287022475727837","-1.2122603590642613","""circle""","""""","9.9","{breed citizens}","false","0.5","1","""up""",,"[[""ID"" 15] [""alpha"" 1] [""beta"" 1] [""malleable"" [""A""]] [""prior"" []] [""cont_tokens"" []] [""A"" 4]]","[[0 [5 6 9 10 12]] [1 [15 16 17 18 19 20 22 23 24 25 26 29]] [2 [30 31 32 33 35 36 37 39 40 41 42 43 44]] [3 [45 46 47 48 49 50 51 52 54 56 57 58 59]] [4 [61 62 63 64 65 66 67 68 69 70 71 72 74]] [5 [75 76 77 78 79 80 81 82 83 84 85 86 88]] [6 [90 91 93 94 95 96 97 98 99 100 103 104]] [7 [105 106 107 111 112 114 116 117 118]] [8 [121 122 123 126 129 130 131 132 134]] [9 [137 140 141 142 143 144 145 146 147]] [10 [151 152 154 155 156 158 159 161 164]] [11 [165 167 170 173 174 176 177 178 179]] [12 [180 181 182 183 185 187 188 189 190 191 192 193 194]] [13 [195 196 197 199 201 202 203 204 206 207 208 209]] [14 [210 211 212 213 215 216 218 220 221 222 223 224]] [15 [225 227 229 231 232 236 237 238 239]] [16 [241 243 244 245 246 247 248 249 250 251 252 254]] [17 [255 256 257 259 260 261 263 265 266 267 268 269]] [18 [270 272 273 274 275 277 278 279 280]] [19 [285 286 289 292 294 295 296 298 299]] [20 [300 301 303 305 310 312 313 314]] [21 [315 317 319 320 321 322 323 324 325]] [22 [331 332 334 336 338 340 341 343 344]] [23 [346 347 349 350 351 353 355 356 359]] [24 [360 361 362 364 366 371 372 374]] [25 [375 376 377 379 381 383 386 387 388]] [26 [392 393 394 397 398 399 400 401]] [27 [405 407 408 412 413 415 416 417 419]] [28 [421 423 425 427 428 429 430 433 434]] [29 [436 438 439 443 444 445 446 447 449]] [30 [451 452 454 456 457 458 459 460 462 463 464]] [31 [467 468 469 470 471 472 473 474 475 478 479]] [32 [480 482 486 487 489 490 491 492 493]] [33 [495 496 497 498 501 503 506 507 509]] [34 [510 511 513 515 516 517 518 519 520 522 523 524]] [35 [526 527 528 529 530 531 533 534 535 536 537 538 539]] [36 [540 542 543 545 546 547 548 549 551 552 553 554]] [37 [556 557 558 559 564 565 566 567 568 569]] [38 [570 571 572 573 575 576 577 578 579 580 581 582 583 584]] [39 [585 586 587 589 590 591 592 593 594 595 596 597 598 599]] [40 [600 601 602 603 604 605 606 607 608 609 610 611 612 613 614]] [41 [615 616 617 618 619 620 621 622 623 624 625 627 628 629]] [42 [630 631 632 633 634 635 637 639 640 642 643 644]] [43 [645 646 647 648 651 653 655 656 659]] [44 [661 662 663 664 665 666 667 668 669 671 672 673 674]] [45 [675 676 677 678 679 680 682 683 684 686 687 688 689]] [46 [691 692 693 694 696 697 698 699 700 701 702 703 704]] [47 [705 706 707 708 709 710 711 712 713 714 715 716 717 719]] [48 [720 721 722 723 724 725 726 727 728 729 730 731 732 733 734]] [49 [735 736 738 739 740 741 742 744 746 747 748 749]] [50 [750 751 752 753 754 755 756 757 758 760 761 762 763 764]] [51 [765 766 767 768 769 770 771 772 773 774 777 778 779]] [52 [780 781 782 783 784 785 786 787 788 789 790 791 792 794]] [53 [795 796 797 798 799 800 801 802 803 804 805 807 808]] [54 [810 811 813 815 816 817 818 819 820 821 822 823 824]] [55 [826 827 828 829 830 831 832 833 834 835 836 837 838 839]] [56 [840 841 842 843 844 845 846 847 848 849 850 851 852 853]] [57 [855 856 857 858 859 860 861 862 863 864 865 866 869]] [58 [870 871 872 874 875 876 880]] [59 [885 889 893 894 896]] [60 [901 907 908 910 914]] [61 [916 920 922 925 929]] [62 [931 932 937 939 944]] [63 [948 951 953 957 958]] [64 [960 964 965 968 969 970 972 973 974]] [65 [975 976 977 978 985]] [66 [990 991 992 993 994 997 998 999 1000 1002 1003]] [67 [1005 1006 1007 1010 1011 1012 1013 1014 1015 1016 1017 1018]] [68 [1020 1021 1022 1023 1024 1025 1026 1028 1029 1030 1031 1032 1033 1034]] [69 [1035 1036 1038 1040 1042 1043 1047 1048 1049]] [70 [1050 1051 1052 1054 1055 1056 1057 1058 1060 1061 1062 1063 1064]] [71 [1065 1066 1067 1069 1070 1071 1073 1074 1075 1076 1077 1078 1079]] [72 [1080 1081 1082 1083 1084 1085 1086 1088 1089 1090 1091 1093 1094]] [73 [1095 1096 1097 1098 1099 1100 1101 1103 1104 1105 1107 1108 1109]] [74 [1110 1111 1112 1113 1114 1115 1116 1117 1118 1120 1121 1123 1124]] [75 [1125 1127 1128 1129 1130 1131 1132 1133 1135 1136 1137 1138 1139]] [76 [1140 1141 1142 1144 1145 1146 1147 1149 1150 1151 1152 1153 1154]] [77 [1155 1156 1157 1158 1159 1160 1161 1162 1163 1164 1166 1167 1168]] [78 [1170 1171 1172 1173 1174 1175 1176 1177 1178 1179 1180 1181 1182 1184]] [79 [1186 1187 1189 1190 1191 1192 1193 1194 1195 1196 1197 1198 1199]] [80 [1200 1201 1202 1203 1204 1205 1206 1207 1208 1210 1211 1212 1213 1214]] [81 [1215 1217 1218 1219 1220 1221 1222 1223 1224 1225 1226 1227 1228]] [82 [1230 1231 1232 1233 1234 1235 1236 1237 1238 1239 1241 1243 1244]] [83 [1245 1247 1248 1249 1250 1251 1252 1253 1254 1255 1256 1257 1258]] [84 [1260 1261 1262 1263 1265 1266 1267 1268 1269 1270 1272 1273 1274]] [85 [1275 1276 1277 1278 1279 1280 1281 1282 1284 1285 1286 1287 1288 1289]] [86 [1290 1291 1292 1293 1295 1296 1297 1298 1299 1300 1301 1302 1304]] [87 [1305 1306 1308 1309 1310 1311 1312 1314 1315 1316 1317 1318 1319]] [88 [1320 1321 1322 1324 1325 1326 1327 1328 1329 1331 1332 1333 1334]] [89 [1335 1336 1337 1338 1339 1341 1342 1343 1344 1345 1347 1348 1349]] [90 [1350 1351 1352 1353 1354 1355 1357 1358 1359 1360 1361 1363 1364]] [91 [1365 1366 1367 1368 1369 1370 1371 1372 1373 1374 1376 1377 1378 1379]] [92 [1380 1381 1382 1383 1384 1385 1386 1388 1389 1390 1391 1392 1393]] [93 [1395 1397 1398 1399 1400 1401 1403 1404 1405 1406 1407 1408 1409]] [94 [1410 1411 1412 1413 1414 1415 1416 1417 1418 1419 1420 1421 1422 1424]] [95 [1425 1426 1427 1428 1429 1430 1431 1432 1433 1435 1436 1437 1439]] [96 [1440 1441 1443 1444 1445 1447 1448 1449 1450 1451 1452 1453 1454]] [97 [1457 1458 1460 1462 1463 1464 1465 1466 1467 1468 1469]] [98 [1470 1471 1473 1474 1475 1476 1477 1478 1479 1480 1481 1483 1484]] [99 [1485 1487 1489 1490 1492 1493 1495 1497 1498]]]","[[0 [5 6 10 12]] [1 [17 18 19 22 24 25 26 29]] [2 [30 31 32 33 37 40 41 42 44]] [3 [45 56 57]] [4 [61 62 65 66 67 68 69 70 71]] [5 [76 77 79 80 81 83 85 86 88]] [6 [90 93 94 95 97 98 99 100 104]] [7 [105 106 107 111 112 114 116 117 118]] [8 [121 122 123 126 129 130 132 134]] [9 [137 140 141 142 143 144 146 147]] [10 [151 152 154 155 156 158 159 161 164]] [11 [165 167 170 174 176 177 178]] [12 [180 182 183 187 188 190 191 192 193 194]] [13 [196 197 199 201 202 203 204 206 207 208]] [14 [210 211 212 213 215 216 218 220 221 222 224]] [15 [225 227 229 231 232 236 237 238 239]] [16 [241 243 244 245 246 247 248 251 252 254]] [17 [256 257 261 263 265 266 267 268 269]] [18 [270 272 273 274 275 277 279 280]] [19 [285 286 289 292 294 295 296 298 299]] [20 [300 301 303 305 310 312 313 314]] [21 [315 317 319 320 321 322 323 324 325]] [22 [331 332 334 336 338 340 341 343 344]] [23 [346 347 349 350 351 353 355 356 359]] [24 [360 361 362 364 366 371 372 374]] [25 [375 376 377 379 381 383 386 387 388]] [26 [392 394 397 398 399 400 401]] [27 [407 408 412 415 416 417 419]] [28 [421 425 427 428 430 433 434]] [29 [436 438 439 443 444 445 446 447 449]] [30 [451 452 454 456 460 462 464]] [31 [467 468 469 471 473 474 475 478 479]] [32 [480 482 486 487 489 490 491 492 493]] [33 [495 496 497 498 501 503 506 509]] [34 [510 515 516 517 518 519 520 522 523 524]] [35 [528 529 531 533 534 535 536 537 538 539]] [36 [540 542 543 545 546 547 552 553 554]] [37 [556 557 558 559 564 565 567 568]] [38 [571 577 579 580 581 582 583]] [39 [589 591 592 594 599]] [40 [600 601 603 605 606 608 609 610 612]] [41 [615 616 617 618 621 625 627 628]] [42 [630 631 632 633 639 640 642 643 644]] [43 [646 651 653 655 656 659]] [44 [662 664 667 668 669 671 673]] [45 [676 677 678 679 680 682 683 687]] [46 [691 692 694 699 700 701 702 703]] [47 [710 711 712 713 716 717]] [48 [722 726 727 728 729 730 733 734]] [49 [735 736 742]] [50 [754 755 756 763 764]] [51 [767 768 769 770 771 772 773 774 777 778 779]] [52 [782 784 785 786 788 790 792]] [53 [795 796 797 799 800 804 805 808]] [54 [810 811 813 815 816 817 822 823 824]] [55 [826 829 831 833 834 835 836 838 839]] [56 [840 841 842 843 845 849 851 852]] [57 [855 856 857 858 859 860 861 862 865 866 869]] [58 [870 871 872 874 875 876 880]] [59 [885 889 893 894 896]] [60 [901 907 908 910 914]] [61 [916 920 922 925 929]] [62 [931 932 937 939 944]] [63 [948 951 953 957 958]] [64 [960 964 965 968 969 970 972 973 974]] [65 [975 976 977 978]] [66 [990 991 992 993 997 999 1002 1003]] [67 [1005 1010 1011 1012 1013 1014 1015 1017]] [68 [1020 1021 1023 1025 1028 1029 1031 1032 1033]] [69 [1035 1036 1038 1042 1043 1047 1048 1049]] [70 [1050 1051 1052 1054 1057 1058 1060 1062 1063 1064]] [71 [1065 1067 1069 1070 1073 1075 1076 1077 1078]] [72 [1081 1082 1083 1084 1085 1088 1089 1090 1091 1094]] [73 [1095 1096 1098 1099 1100 1101 1104 1105]] [74 [1110 1112 1113 1114 1116 1117 1120 1121 1123 1124]] [75 [1125 1130 1131 1132 1133 1136 1137 1138 1139]] [76 [1140 1141 1142 1144 1145 1146 1147 1149 1151 1152 1153]] [77 [1157 1161 1162 1164 1167]] [78 [1170 1174 1178 1179 1180 1181]] [79 [1187 1189 1190 1192 1194 1195 1196 1197 1198]] [80 [1203 1204 1205 1207 1208 1212 1213]] [81 [1215 1218 1219 1220 1221 1222 1223 1224 1225 1226 1228]] [82 [1230 1231 1232 1234 1237 1238 1239 1243 1244]] [83 [1245 1248 1249 1250 1251 1252 1253 1255 1258]] [84 [1260 1262 1263 1266 1269 1270 1272 1273 1274]] [85 [1276 1277 1279 1286 1288 1289]] [86 [1290 1293 1295 1299 1301 1304]] [87 [1305 1308 1309 1310 1312 1316 1317 1318]] [88 [1322 1326 1327 1328 1331 1334]] [89 [1335 1337 1338 1342 1343 1344 1345 1347 1349]] [90 [1350 1351 1352 1353 1354 1355 1359 1360 1361]] [91 [1365 1366 1369 1370 1373 1374 1376 1377 1378]] [92 [1380 1382 1383 1384 1385 1386 1388 1389 1391 1392 1393]] [93 [1395 1399 1401]] [94 [1411 1413 1414 1416 1417 1418 1420 1422 1424]] [95 [1426 1427 1428 1429 1439]] [96 [1443 1447 1449 1450 1451 1452 1454]] [97 [1457 1460 1462 1463 1464 1465 1466 1467 1468]] [98 [1473 1474 1475 1476 1477 1479 1483 1484]] [99 [1485 1487 1489 1490 1492 1493 1495 1497]]]",,"[[{media 50} [[""A"" [3 3]]]] [{media 52} [[""A"" [3 3]]]] [{media 61} [[""A"" [5 5]]]] [{citizen 6} [[""A"" [6 6]]]] [{media 63} [[""A"" [5 5]]]] [{citizen 0} [[""A"" [5 4]]]] [{citizen 1} [[""A"" [5 4]]]] [{citizen 4} [[""A"" [5 4]]]] [{citizen 5} [[""A"" [5 4]]]] [{media 64} [[""A"" [6 6]]]] [{media 62} [[""A"" [0 0]]]] [{citizen 46} [[""A"" [5 4]]]] [{citizen 41} [[""A"" [5 4]]]] [{citizen 48} [[""A"" [4 6]]]] [{citizen 15} [[""A"" [5 4]]]] [{citizen 40} [[""A"" [5 4]]]] [{citizen 8} [[""A"" [5 4]]]] [{citizen 12} [[""A"" [6 4]]]] [{citizen 26} [[""A"" [5 5]]]] [{media 55} [[""A"" [5 5]]]] [{citizen 32} [[""A"" [5 4]]]] [{citizen 31} [[""A"" [5 5]]]] [{media 54} [[""A"" [1 1]]]] [{media 56} [[""A"" [4 4]]]] [{citizen 33} [[""A"" [5 4]]]] [{citizen 36} [[""A"" [5 5]]]] [{citizen 39} [[""A"" [4 6]]]] [{citizen 25} [[""A"" [6 4]]]] [{citizen 3} [[""A"" [6 4]]]] [{citizen 16} [[""A"" [5 4]]]] [{citizen 2} [[""A"" [5 4]]]] [{citizen 30} [[""A"" [5 4]]]] [{citizen 37} [[""A"" [5 4]]]] [{citizen 14} [[""A"" [5 4]]]] [{citizen 20} [[""A"" [5 4]]]] [{citizen 34} [[""A"" [4 6]]]] [{citizen 9} [[""A"" [5 4]]]] [{citizen 44} [[""A"" [6 4]]]] [{media 59} [[""A"" [5 5]]]] [{citizen 17} [[""A"" [6 4]]]] [{citizen 28} [[""A"" [5 4]]]] [{media 58} [[""A"" [5 5]]]] [{media 51} [[""A"" [6 6]]]] [{citizen 18} [[""A"" [5 4]]]] [{media 57} [[""A"" [6 6]]]] [{citizen 45} [[""A"" [6 4]]]] [{citizen 23} [[""A"" [5 4]]]] [{citizen 47} [[""A"" [5 4]]]] [{citizen 35} [[""A"" [5 4]]]] [{citizen 29} [[""A"" [6 4]]]] [{citizen 42} [[""A"" [4 6]]]] [{citizen 27} [[""A"" [5 4]]]] [{citizen 11} [[""A"" [5 4]]]] [{citizen 43} [[""A"" [4 6]]]] [{citizen 49} [[""A"" [5 4]]]] [{media 53} [[""A"" [3 3]]]] [{citizen 13} [[""A"" [4 6]]]] [{citizen 38} [[""A"" [5 4]]]] [{media 60} [[""A"" [2 2]]]] [{citizen 10} [[""A"" [5 4]]]] [{citizen 21} [[""A"" [6 5]]]] [{citizen 22} [[""A"" [5 5]]]] [{citizen 7} [[""A"" [5 4]]]] [{citizen 24} [[""A"" [6 4]]]]]"
"20","[0 0 255]","262.5","-4.380119534379149","-0.46374146402971933","""circle""","""""","9.9","{breed citizens}","false","0.5","1","""up""",,"[[""ID"" 46] [""alpha"" 1] [""beta"" 1] [""malleable"" [""A""]] [""prior"" []] [""cont_tokens"" []] [""A"" 6]]","[[0 [5 6 9 10 12]] [1 [16 17 18 19 21 22 23 24 25 26 29]] [2 [30 31 32 33 35 36 37 39 40 41 42 43 44]] [3 [45 46 47 48 49 50 51 52 54 56 57 58 59]] [4 [61 62 63 65 66 67 68 69 70 71 72 74]] [5 [75 76 77 78 79 80 81 82 83 84 85 86 88]] [6 [90 91 93 94 95 96 97 98 99 100 103 104]] [7 [105 106 107 111 112 114 116 117 118]] [8 [121 122 123 126 129 130 131 132 134]] [9 [137 140 141 142 143 144 145 146 147]] [10 [151 152 154 155 156 158 159 161 164]] [11 [165 167 170 173 174 176 177 178 179]] [12 [180 181 182 183 185 187 188 189 190 191 192 193 194]] [13 [195 196 197 199 201 202 203 204 206 207 208 209]] [14 [210 211 212 213 215 216 218 220 221 222 223 224]] [15 [225 227 229 231 232 236 237 238 239]] [16 [241 243 244 245 246 247 248 249 250 251 252 254]] [17 [255 256 257 259 260 261 263 265 266 267 268 269]] [18 [270 272 273 274 275 277 278 279 280]] [19 [285 286 289 292 294 295 296 298 299]] [20 [300 301 303 305 310 312 313 314]] [21 [315 317 319 320 321 322 323 324 325]] [22 [331 332 334 336 338 340 341 343 344]] [23 [346 347 349 350 351 353 355 356 359]] [24 [360 361 362 364 366 368 371 372 374]] [25 [375 376 377 379 381 383 386 387 388]] [26 [392 393 394 397 398 399 400 401]] [27 [405 407 408 412 413 415 416 417 419]] [28 [421 423 425 427 428 429 430 433 434]] [29 [436 438 439 443 444 445 446 447 449]] [30 [451 452 454 456 457 458 459 460 462 463 464]] [31 [467 468 469 470 471 472 473 474 475 478 479]] [32 [480 482 486 487 489 490 491 492 493]] [33 [495 496 497 498 501 503 506 507 509]] [34 [510 511 513 515 516 517 518 519 520 522 523 524]] [35 [526 527 528 529 530 531 533 534 535 536 537 538 539]] [36 [540 542 543 545 546 547 548 549 551 552 553 554]] [37 [555 556 557 558 559 564 565 566 567 568 569]] [38 [570 571 572 573 575 576 577 578 579 580 581 582 583 584]] [39 [585 586 587 589 590 591 592 593 594 595 596 597 598 599]] [40 [600 601 602 603 604 605 606 607 608 609 610 611 612 613 614]] [41 [615 616 617 618 619 620 621 622 623 624 625 627 628 629]] [42 [630 631 632 633 634 635 637 639 640 642 643 644]] [43 [645 646 647 648 651 653 655 656 659]] [44 [661 662 663 664 665 666 667 668 669 671 672 673 674]] [45 [675 676 677 678 679 680 682 683 684 686 687 688 689]] [46 [691 692 693 694 696 697 698 699 700 701 702 703 704]] [47 [705 706 707 708 709 710 711 712 713 714 715 716 717 719]] [48 [720 721 722 723 724 725 726 727 728 729 730 731 732 733 734]] [49 [735 736 738 739 740 741 742 744 746 747 748 749]] [50 [750 751 752 753 754 755 756 757 758 760 761 762 763 764]] [51 [765 766 767 768 769 770 771 772 773 774 777 778 779]] [52 [780 781 782 783 784 785 786 787 788 789 790 791 792 794]] [53 [795 796 797 798 799 800 803 804 805 807 808]] [54 [810 811 813 815 816 817 818 819 820 821 822 823 824]] [55 [826 827 828 829 830 831 832 833 834 835 836 837 838 839]] [56 [840 841 842 843 844 845 846 847 848 849 850 851 852 853]] [57 [855 856 857 858 859 860 861 862 863 864 865 866 869]] [58 [870 871 872 874 875 876 880]] [59 [885 889 893 894 896]] [60 [901 907 908 910 914]] [61 [916 920 922 925 929]] [62 [931 932 937 939 944]] [63 [948 951 953 957 958]] [64 [960 964 965 968 969 970 972 973 974]] [65 [975 976 977 978 985]] [66 [990 991 992 993 994 997 998 999 1000 1002 1003]] [67 [1005 1006 1007 1010 1011 1012 1013 1014 1015 1016 1017 1018]] [68 [1020 1021 1022 1023 1024 1025 1026 1027 1028 1029 1030 1031 1032 1033 1034]] [69 [1035 1036 1038 1040 1042 1043 1047 1048 1049]] [70 [1050 1051 1052 1054 1055 1056 1057 1058 1060 1061 1062 1063 1064]] [71 [1065 1066 1067 1069 1070 1071 1073 1074 1075 1076 1077 1078 1079]] [72 [1080 1081 1082 1083 1084 1085 1086 1088 1089 1090 1091 1093 1094]] [73 [1095 1096 1097 1098 1099 1100 1101 1103 1104 1105 1107 1108 1109]] [74 [1110 1111 1112 1113 1114 1115 1116 1117 1118 1120 1121 1123 1124]] [75 [1125 1127 1128 1129 1130 1131 1132 1133 1135 1136 1137 1138 1139]] [76 [1140 1141 1142 1144 1145 1146 1147 1149 1150 1151 1152 1153 1154]] [77 [1155 1156 1157 1158 1159 1160 1161 1162 1163 1164 1166 1167 1168]] [78 [1170 1171 1172 1173 1174 1175 1176 1177 1178 1179 1180 1181 1182 1184]] [79 [1186 1187 1189 1190 1191 1192 1193 1194 1195 1196 1197 1198 1199]] [80 [1200 1201 1202 1203 1204 1205 1206 1207 1208 1210 1211 1212 1213 1214]] [81 [1215 1217 1218 1219 1220 1221 1222 1223 1224 1225 1226 1227 1228]] [82 [1230 1231 1232 1233 1234 1235 1236 1237 1238 1239 1241 1243 1244]] [83 [1245 1247 1248 1249 1250 1251 1252 1253 1254 1255 1256 1257 1258]] [84 [1260 1261 1262 1263 1265 1266 1267 1268 1269 1270 1272 1273 1274]] [85 [1275 1276 1277 1278 1279 1280 1281 1282 1284 1285 1286 1287 1288 1289]] [86 [1290 1291 1292 1293 1295 1296 1297 1298 1299 1300 1301 1302 1304]] [87 [1305 1306 1308 1309 1310 1311 1312 1314 1315 1316 1317 1318 1319]] [88 [1320 1321 1322 1324 1325 1326 1327 1328 1329 1331 1332 1333 1334]] [89 [1335 1336 1337 1338 1339 1341 1342 1343 1344 1345 1347 1348 1349]] [90 [1350 1351 1352 1353 1354 1355 1357 1358 1359 1360 1361 1363 1364]] [91 [1365 1366 1367 1368 1369 1370 1371 1372 1373 1374 1376 1377 1378 1379]] [92 [1380 1381 1382 1383 1384 1385 1386 1387 1388 1389 1390 1391 1392 1393]] [93 [1395 1397 1398 1399 1400 1401 1403 1404 1405 1406 1407 1408 1409]] [94 [1410 1411 1412 1413 1414 1415 1416 1417 1418 1419 1420 1421 1422 1424]] [95 [1425 1426 1427 1428 1429 1430 1431 1432 1433 1435 1436 1437 1439]] [96 [1440 1441 1443 1444 1445 1448 1450 1451 1452 1453 1454]] [97 [1457 1458 1460 1462 1463 1464 1465 1466 1467 1468 1469]] [98 [1470 1471 1473 1474 1475 1476 1477 1478 1479 1480 1481 1483 1484]] [99 [1485 1487 1489 1490 1492 1493 1495 1497 1498]]]","[[0 [5 9 10 12]] [1 [17 18 19 21 22 23 24 25 26 29]] [2 [30 31 32 33 37 40 41 43]] [3 [46 47 49 51 52 54 58 59]] [4 [61 62 65 67 68 69 70 72 74]] [5 [75 78 82 83 85 86 88]] [6 [90 93 94 95 96 97 98 99 100 104]] [7 [105 106 107 111 112 114 116 117 118]] [8 [121 122 123 126 129 130 131 132 134]] [9 [137 140 141 142 143 144 146 147]] [10 [151 152 154 155 156 158 159 161 164]] [11 [165 167 170 173 174 178 179]] [12 [181 182 183 187 188 190 191 192 194]] [13 [196 197 199 203 204 206 207 209]] [14 [213 215 216 218 220 221 222 223 224]] [15 [225 227 229 231 232 236 237 238 239]] [16 [241 243 244 245 246 247 248 251 252 254]] [17 [257 267 268 269]] [18 [270 272 273 274 275 277 278 279 280]] [19 [285 286 289 292 294 295 296 298 299]] [20 [300 301 303 305 310 312 313 314]] [21 [315 317 319 320 321 322 323 324 325]] [22 [331 332 334 338 340 341 343 344]] [23 [346 347 349 350 351 353 355 356]] [24 [360 361 362 364 366 371 372 374]] [25 [375 376 377 379 381 383 386 387 388]] [26 [392 393 394 397 398 399 400 401]] [27 [405 407 408 412 413 415 416 417 419]] [28 [421 423 425 427 429 430 433 434]] [29 [436 438 439 443 444 445 446 447 449]] [30 [451 452 454 456 457 458 459 460 462 464]] [31 [467 468 469 470 471 472 473 474 475 478]] [32 [480 482 486 487 489 490 491 492 493]] [33 [495 496 498 501 503 506 509]] [34 [510 515 516 517 518 519 520 522]] [35 [526 527 528 529 531 533 534 535 536 537 538 539]] [36 [540 542 543 545 546 547 551 554]] [37 [556 557 558 559 566 567 568]] [38 [571 577 579 581 584]] [39 [585 586 587 590 591 592 593 594 595 596 597]] [40 [602 607 609 610 612 613]] [41 [615 616 617 618 621 625 627 628]] [42 [630 631 632 633 639 640 642 643 644]] [43 [645 646 648 651 653 655 656]] [44 [661 663 665 666 667 668 669 671 672 673 674]] [45 [677 678 679 680 682 683 686 688 689]] [46 [691 692 693 696 697 698 699 700 702 703]] [47 [710 711 712 713 716 717]] [48 [721 722 725 730 731 732 733 734]] [49 [735 736 739 740 741 742]] [50 [751 753 755 756 757 758 760 761 763 764]] [51 [768 769 770 771 772 773 774 777 778 779]] [52 [780 787 789 790 792 794]] [53 [795 796 797 798 799 800 804 805 807 808]] [54 [810 811 815 818 819 820 821 822 823 824]] [55 [826 830 835 836 838 839]] [56 [840 841 842 843 845 849 852]] [57 [856 857 858 859 860 861 862 865 866 869]] [58 [871 874 875 876 880]] [59 [885 889 893 894 896]] [60 [901 907 908 910 914]] [61 [916 920 922 925 929]] [62 [931 937 939 944]] [63 [948 951 953 957 958]] [64 [960 965 968 969 970 972 973 974]] [65 [975 976 977 978 985]] [66 [990 991 992 993 994 997 999 1002 1003]] [67 [1005 1010 1011 1012 1013 1014 1015 1016]] [68 [1022 1024 1026 1028 1029 1031 1032 1033]] [69 [1035 1036 1038 1040 1043 1047 1048 1049]] [70 [1050 1052 1054 1057 1058 1060 1062 1063 1064]] [71 [1065 1067 1069 1070 1073 1075 1076 1077 1079]] [72 [1080 1084 1086 1088 1089 1090 1091 1094]] [73 [1095 1096 1098 1099 1100 1101 1104 1105]] [74 [1110 1112 1113 1114 1118 1124]] [75 [1125 1128 1129 1135 1136 1137 1138 1139]] [76 [1140 1142 1144 1145 1146 1147 1149 1151 1152 1153]] [77 [1157 1158 1159 1160 1161 1162 1164 1167]] [78 [1170 1174 1178 1180 1181]] [79 [1187 1189 1190 1192 1194 1195 1196 1197 1198]] [80 [1203 1204 1205 1207 1208 1212 1214]] [81 [1215 1218 1219 1220 1221 1223 1224 1225 1226 1227]] [82 [1230 1231 1232 1233 1235 1236 1238 1239 1243 1244]] [83 [1245 1248 1249 1250 1251 1252 1254 1257]] [84 [1261 1265 1267 1268 1269 1270 1272 1273 1274]] [85 [1276 1277 1279 1282 1284 1285 1287 1288 1289]] [86 [1290 1293 1295 1296 1297 1298 1299 1300 1301]] [87 [1305 1308 1309 1310 1312 1316 1317 1318 1319]] [88 [1320 1321 1324 1325 1326 1327 1329 1332 1333]] [89 [1336 1337 1338 1343 1345 1347 1348]] [90 [1352 1353 1354 1355 1358 1363 1364]] [91 [1367 1368 1369 1370 1373 1374 1376 1377 1378 1379]] [92 [1381 1385 1386 1388 1389 1392 1393]] [93 [1395 1400 1403 1404 1405 1406 1407 1408 1409]] [94 [1410 1412 1413 1414 1416 1417 1418 1420 1422 1424]] [95 [1425 1427 1428 1429 1430 1431 1432 1433 1435 1436 1437]] [96 [1440 1441 1444 1445 1448 1450 1451 1452 1453 1454]] [97 [1457 1460 1462 1463 1464 1465 1466 1467 1468]] [98 [1473 1474 1475 1476 1477 1479 1481 1484]] [99 [1485 1487 1489 1490 1492 1493 1495 1497 1498]]]",,"[[{citizen 38} [[""A"" [5 4]]]] [{media 50} [[""A"" [3 3]]]] [{media 52} [[""A"" [3 3]]]] [{media 61} [[""A"" [5 5]]]] [{media 63} [[""A"" [5 5]]]] [{citizen 0} [[""A"" [5 4]]]] [{citizen 1} [[""A"" [5 4]]]] [{citizen 4} [[""A"" [5 4]]]] [{citizen 3} [[""A"" [5 4]]]] [{citizen 14} [[""A"" [5 4]]]] [{media 64} [[""A"" [6 6]]]] [{citizen 41} [[""A"" [5 4]]]] [{citizen 12} [[""A"" [5 4]]]] [{citizen 26} [[""A"" [5 5]]]] [{citizen 34} [[""A"" [4 6]]]] [{citizen 9} [[""A"" [5 4]]]] [{citizen 44} [[""A"" [5 4]]]] [{citizen 2} [[""A"" [5 4]]]] [{citizen 17} [[""A"" [5 4]]]] [{citizen 30} [[""A"" [5 4]]]] [{citizen 8} [[""A"" [5 4]]]] [{citizen 36} [[""A"" [5 5]]]] [{citizen 19} [[""A"" [5 5]]]] [{citizen 48} [[""A"" [4 6]]]] [{citizen 5} [[""A"" [5 4]]]] [{citizen 29} [[""A"" [5 4]]]] [{media 55} [[""A"" [5 5]]]] [{citizen 32} [[""A"" [5 5]]]] [{citizen 31} [[""A"" [5 5]]]] [{citizen 15} [[""A"" [5 4]]]] [{citizen 13} [[""A"" [4 6]]]] [{citizen 35} [[""A"" [5 4]]]] [{citizen 25} [[""A"" [5 5]]]] [{media 53} [[""A"" [3 3]]]] [{media 56} [[""A"" [4 4]]]] [{citizen 33} [[""A"" [5 4]]]] [{citizen 39} [[""A"" [4 6]]]] [{citizen 40} [[""A"" [5 4]]]] [{citizen 16} [[""A"" [5 4]]]] [{citizen 37} [[""A"" [5 5]]]] [{media 59} [[""A"" [5 5]]]] [{citizen 28} [[""A"" [5 4]]]] [{media 58} [[""A"" [5 5]]]] [{citizen 42} [[""A"" [5 6]]]] [{media 51} [[""A"" [6 6]]]] [{citizen 18} [[""A"" [5 4]]]] [{media 57} [[""A"" [6 6]]]] [{citizen 45} [[""A"" [5 5]]]] [{citizen 23} [[""A"" [5 4]]]] [{citizen 47} [[""A"" [5 4]]]] [{citizen 43} [[""A"" [5 6]]]] [{citizen 49} [[""A"" [4 6]]]] [{citizen 27} [[""A"" [5 4]]]] [{citizen 11} [[""A"" [5 4]]]] [{media 60} [[""A"" [2 2]]]] [{media 54} [[""A"" [1 1]]]] [{citizen 46} [[""A"" [5 4]]]] [{citizen 6} [[""A"" [5 6]]]] [{citizen 10} [[""A"" [5 4]]]] [{citizen 21} [[""A"" [5 5]]]] [{citizen 22} [[""A"" [5 5]]]] [{citizen 24} [[""A"" [5 4]]]] [{citizen 7} [[""A"" [5 4]]]] [{media 62} [[""A"" [0 0]]]]]"
"21","[85 0 170]","273.75","-5.11590835160543","0.09971476434011878","""circle""","""""","9.9","{breed citizens}","false","0.5","1","""up""",,"[[""ID"" 17] [""alpha"" 1] [""beta"" 1] [""malleable"" [""A""]] [""prior"" []] [""cont_tokens"" []] [""A"" 4]]","[[0 [5 6 9 10 12]] [1 [16 17 18 19 22 23 24 25 26 29]] [2 [30 31 32 33 36 37 40 41 43]] [3 [45 48 50 51 52 54 56 57 58 59]] [4 [61 62 63 64 65 66 67 68 69 70 71 72 74]] [5 [75 76 77 78 79 80 81 82 83 84 85 86 88]] [6 [90 91 93 94 95 96 97 98 99 100 103 104]] [7 [105 106 107 111 112 114 116 117 118]] [8 [121 122 123 126 129 130 131 132 134]] [9 [137 140 141 142 143 144 145 146 147]] [10 [151 152 154 155 156 158 159 161 164]] [11 [165 167 170 173 174 176 177 178 179]] [12 [180 181 182 183 185 187 188 189 190 191 192 193 194]] [13 [195 196 197 199 201 202 203 204 206 207 208 209]] [14 [210 211 212 213 215 216 218 220 221 222 223 224]] [15 [225 227 229 231 232 236 237 238 239]] [16 [241 243 244 245 246 247 248 249 250 251 252 254]] [17 [255 256 257 259 260 261 263 265 266 267 268 269]] [18 [270 272 273 274 275 277 278 279 280]] [19 [285 286 289 292 294 295 296 298 299]] [20 [300 301 303 305 310 312 313 314]] [21 [315 317 319 320 321 322 323 324 325]] [22 [331 332 334 336 338 340 341 343 344]] [23 [346 347 349 350 351 353 355 356 359]] [24 [360 361 362 364 366 371 372 374]] [25 [375 376 377 379 381 383 386 387 388]] [26 [392 393 394 397 398 399 400 401]] [27 [405 407 408 412 413 415 416 417 419]] [28 [421 423 425 427 428 429 430 433 434]] [29 [436 438 439 443 444 445 446 447 449]] [30 [451 452 454 456 457 458 459 460 462 463 464]] [31 [467 468 469 470 471 472 473 474 475 478 479]] [32 [480 482 486 487 489 490 491 492 493]] [33 [495 496 497 498 501 503 506 507 509]] [34 [510 511 513 515 516 517 518 519 520 522 523 524]] [35 [526 527 528 529 530 531 533 534 535 536 537 538 539]] [36 [540 542 543 545 546 547 548 549 551 552 553 554]] [37 [555 556 557 558 559 564 565 566 567 568 569]] [38 [570 571 572 573 575 576 577 578 579 580 581 582 583 584]] [39 [585 586 587 589 590 591 592 593 594 595 596 597 598 599]] [40 [600 601 602 603 604 605 606 607 608 609 610 611 612 613 614]] [41 [615 616 617 618 619 620 621 622 623 624 625 627 628 629]] [42 [630 631 632 633 634 635 637 639 640 642 643 644]] [43 [645 646 647 648 651 653 655 656 659]] [44 [661 662 663 664 665 666 667 668 669 671 672 673 674]] [45 [675 676 677 678 679 680 682 683 684 686 687 688 689]] [46 [691 692 693 694 696 697 698 699 700 701 702 703 704]] [47 [705 706 707 708 709 710 711 712 713 714 715 716 717 719]] [48 [720 721 722 723 724 725 726 727 728 729 730 731 732 733 734]] [49 [735 736 738 739 740 741 742 744 746 747 748 749]] [50 [750 751 752 753 754 755 756 757 758 760 761 763 764]] [51 [765 766 767 768 769 770 771 772 773 774 777 778 779]] [52 [780 781 782 783 784 785 786 787 788 789 790 791 792 794]] [53 [795 796 797 798 799 800 801 802 803 804 805 807 808]] [54 [810 811 813 815 816 817 818 819 820 821 822 823 824]] [55 [826 827 828 829 830 831 832 833 834 835 836 837 838 839]] [56 [840 841 842 843 844 845 846 847 848 849 850 851 852 853]] [57 [855 856 857 858 859 860 861 862 863 864 865 866 869]] [58 [870 871 872 874 875 876 880]] [59 [885 889 893 894 896]] [60 [901 907 908 910 914]] [61 [916 920 922 925 929]] [62 [931 932 937 939 944]] [63 [948 951 953 957 958]] [64 [960 964 965 968 969 970 972 973 974]] [65 [975 976 977 978 985]] [66 [990 991 992 993 994 997 998 999 1000 1002 1003]] [67 [1005 1006 1007 1010 1011 1012 1013 1014 1015 1016 1017 1018]] [68 [1020 1021 1022 1023 1024 1025 1026 1028 1029 1030 1031 1032 1033 1034]] [69 [1035 1036 1038 1040 1042 1043 1047 1048 1049]] [70 [1050 1051 1052 1054 1055 1056 1057 1058 1060 1061 1062 1063 1064]] [71 [1065 1066 1067 1069 1070 1071 1073 1074 1075 1076 1077 1078 1079]] [72 [1080 1081 1082 1083 1084 1085 1086 1088 1089 1090 1091 1093 1094]] [73 [1095 1096 1097 1098 1099 1100 1101 1103 1104 1105 1107 1108 1109]] [74 [1110 1111 1112 1113 1114 1115 1116 1117 1118 1120 1121 1123 1124]] [75 [1125 1127 1128 1129 1130 1131 1132 1133 1135 1136 1137 1138 1139]] [76 [1140 1141 1142 1144 1145 1146 1147 1149 1150 1151 1152 1153 1154]] [77 [1155 1156 1157 1158 1159 1160 1161 1162 1163 1164 1166 1167 1168]] [78 [1170 1171 1172 1173 1174 1175 1176 1177 1178 1179 1180 1181 1182 1184]] [79 [1186 1187 1189 1190 1191 1192 1193 1194 1195 1196 1197 1198 1199]] [80 [1200 1201 1202 1203 1204 1205 1206 1207 1208 1212 1213 1214]] [81 [1215 1217 1218 1219 1220 1221 1222 1223 1224 1225 1226 1227 1228]] [82 [1230 1231 1232 1233 1234 1235 1236 1237 1238 1239 1241 1243 1244]] [83 [1245 1247 1248 1249 1250 1251 1252 1253 1254 1255 1256 1257 1258]] [84 [1260 1261 1262 1263 1265 1266 1267 1268 1269 1270 1272 1273 1274]] [85 [1275 1276 1277 1278 1279 1280 1281 1282 1284 1285 1286 1287 1288 1289]] [86 [1290 1291 1292 1293 1295 1296 1297 1298 1299 1300 1301 1302 1304]] [87 [1305 1306 1308 1309 1310 1311 1312 1314 1315 1316 1317 1318 1319]] [88 [1320 1321 1322 1324 1325 1326 1327 1328 1329 1331 1332 1333 1334]] [89 [1335 1336 1337 1338 1339 1341 1342 1343 1344 1345 1347 1348 1349]] [90 [1350 1351 1352 1353 1354 1355 1357 1358 1359 1360 1361 1363 1364]] [91 [1365 1366 1367 1368 1369 1370 1371 1372 1373 1374 1376 1377 1378 1379]] [92 [1380 1381 1382 1383 1384 1385 1386 1388 1389 1390 1391 1392 1393]] [93 [1395 1397 1398 1399 1400 1401 1403 1404 1405 1406 1407 1408 1409]] [94 [1410 1411 1412 1413 1414 1415 1416 1417 1418 1419 1420 1421 1422 1424]] [95 [1425 1426 1427 1428 1429 1430 1431 1432 1433 1435 1436 1437 1439]] [96 [1440 1441 1443 1444 1445 1448 1450 1451 1452 1453 1454]] [97 [1457 1458 1460 1462 1463 1464 1465 1466 1467 1468 1469]] [98 [1470 1471 1473 1474 1475 1476 1477 1478 1479 1480 1481 1483 1484]] [99 [1485 1487 1489 1490 1492 1493 1495 1497 1498]]]","[[3 [45 48 50 56 57]] [4 [61 62 63 65 67 68 69 70 71 74]] [5 [75 78 79 80 81 83 85 86 88]] [6 [90 91 93 94 95 97 99 100 104]] [7 [105 106 107 111 112 114 116 117 118]] [8 [121 122 123 126 129 130 132 134]] [9 [137 140 141 142 143 144 146 147]] [10 [151 152 154 155 156 158 159 161 164]] [11 [165 170 173 174 176 177 178]] [12 [180 182 183 187 188 190 191 192 193 194]] [13 [196 197 199 202 204 206 207 208]] [14 [211 212 218 220 221 222 223 224]] [15 [225 227 229 231 232 236 237 238 239]] [16 [241 243 244 245 246 247 248 251 252 254]] [17 [255 256 257 267 268 269]] [18 [270 272 273 274 275 278 279 280]] [19 [285 286 292 294 295 296 298 299]] [20 [300 301 303 305 310 312 313 314]] [21 [315 317 319 320 321 322 323 324 325]] [22 [331 332 334 338 340 341 343 344]] [23 [346 347 349 350 351 353 355 356 359]] [24 [360 361 362 364 366 371 372 374]] [25 [375 376 377 379 381 383 386 387 388]] [26 [392 393 394 397 398 399 400 401]] [27 [405 407 408 412 413 415 416 417 419]] [28 [421 423 425 427 429 433 434]] [29 [436 439 443 444 445 446 447 449]] [30 [451 452 454 456 458 459 460 462 464]] [31 [467 468 469 472 473 474 475 478 479]] [32 [480 482 486 487 490 491 492 493]] [33 [495 496 497 498 501 503 506 509]] [34 [510 515 516 517 518 519 520 523 524]] [35 [528 529 531 533 534 535 536 537 538 539]] [36 [540 542 543 545 546 547 552 553 554]] [37 [556 558 559 564 565 567 568]] [38 [571 572 573 575 576 577 579 580 581 582 584]] [39 [585 586 587 589 593 594 599]] [40 [600 601 603 605 606 608 609 610 612]] [41 [615 616 617 618 621 625 627 628]] [42 [630 631 632 633 639 640 642 643 644]] [43 [645 646 647 648 651 653 655 659]] [44 [661 663 665 666 674]] [45 [676 677 678 679 680 682 683 684 686 687]] [46 [694 699 701 704]] [47 [705 706 707 708 709 714 715 716 717 719]] [48 [720 721 722 725 729 731 732 733 734]] [49 [735 739 741 746 747 748 749]] [50 [750 752 753 755 756 757 758 760 761 763 764]] [51 [767 769 770 771 772 773 777 778 779]] [52 [780 782 784 785 786 788 789 790 792]] [53 [797 799 800 804 805 807]] [54 [813 816 817 818 819 820 821 822 823 824]] [55 [826 829 831 833 834 835 837]] [56 [844 848 850 853]] [57 [859 861 862 865 866 869]] [58 [870 871 872 874 875 876 880]] [59 [885 889 893 894 896]] [60 [901 907 908 910 914]] [61 [916 920 922 925 929]] [62 [931 937 939 944]] [63 [948 951 953 957 958]] [64 [960 964 965 968 969 970 972 974]] [65 [975 976 977 978 985]] [66 [990 991 992 993 994 998 999 1002 1003]] [67 [1005 1010 1011 1013 1014 1015 1017 1018]] [68 [1020 1021 1023 1024 1026 1030 1033]] [69 [1035 1036 1038 1040 1048 1049]] [70 [1050 1051 1052 1054 1055 1056 1061]] [71 [1065 1067 1069 1070 1073 1075 1076 1077 1078 1079]] [72 [1080 1082 1083 1084 1085 1088 1089 1090 1091 1094]] [73 [1095 1096 1098 1099 1100 1101 1104 1105 1107 1108 1109]] [74 [1110 1112 1113 1114 1115 1116 1117 1120 1121 1123 1124]] [75 [1125 1127 1128 1129 1135 1136 1137 1138 1139]] [76 [1140 1141 1142 1144 1145 1146 1147 1149 1150 1154]] [77 [1155 1156 1157 1158 1159 1160 1162 1164 1167]] [78 [1170 1174 1178 1179 1181 1182 1184]] [79 [1186 1189 1191 1192 1194 1195 1196 1197 1198 1199]] [80 [1200 1201 1202 1204 1205 1207 1208 1212 1213]] [81 [1215 1217 1221 1222 1223 1225 1227]] [82 [1230 1231 1232 1234 1236 1238 1239 1243 1244]] [83 [1245 1248 1249 1250 1251 1252 1254 1257 1258]] [84 [1260 1262 1263 1265 1267 1274]] [85 [1277 1279 1281 1282 1285 1287 1288 1289]] [86 [1290 1293 1295 1298 1299 1300 1301 1302 1304]] [87 [1305 1308 1309 1310 1314 1315 1317 1319]] [88 [1320 1321 1324 1325 1326 1327 1329 1332 1333]] [89 [1336 1339 1341 1342 1343 1344 1345 1347 1349]] [90 [1350 1351 1352 1353 1354 1355 1358 1360 1361 1364]] [91 [1367 1368 1369 1370 1373 1374 1376 1377 1378]] [92 [1380 1382 1383 1384 1385 1386 1388 1389 1391 1392 1393]] [93 [1395 1397 1398 1399 1401 1408]] [94 [1411 1413 1414 1416 1417 1418 1420 1422 1424]] [95 [1426 1427 1428 1429 1432 1433 1435 1436 1437]] [96 [1440 1441 1444 1445 1448 1451 1453 1454]] [97 [1457 1458 1462 1463 1464 1465 1466 1467 1468]] [98 [1473 1474 1475 1476 1477 1479 1483 1484]] [99 [1485 1487 1489 1490 1492 1493 1495 1497]]]",,"[[{citizen 33} [[""A"" [5 4]]]] [{media 50} [[""A"" [3 3]]]] [{media 52} [[""A"" [3 3]]]] [{media 61} [[""A"" [5 5]]]] [{media 63} [[""A"" [5 5]]]] [{citizen 0} [[""A"" [5 4]]]] [{citizen 1} [[""A"" [5 4]]]] [{citizen 4} [[""A"" [5 4]]]] [{media 64} [[""A"" [6 6]]]] [{citizen 41} [[""A"" [5 4]]]] [{citizen 12} [[""A"" [5 4]]]] [{citizen 19} [[""A"" [5 4]]]] [{citizen 48} [[""A"" [5 4]]]] [{media 55} [[""A"" [5 5]]]] [{citizen 32} [[""A"" [5 4]]]] [{citizen 8} [[""A"" [5 4]]]] [{media 56} [[""A"" [4 4]]]] [{citizen 36} [[""A"" [5 5]]]] [{citizen 39} [[""A"" [5 4]]]] [{citizen 25} [[""A"" [6 4]]]] [{citizen 14} [[""A"" [5 4]]]] [{citizen 3} [[""A"" [6 4]]]] [{citizen 20} [[""A"" [5 4]]]] [{media 59} [[""A"" [5 5]]]] [{citizen 34} [[""A"" [6 4]]]] [{citizen 9} [[""A"" [5 4]]]] [{citizen 17} [[""A"" [6 4]]]] [{citizen 30} [[""A"" [5 4]]]] [{citizen 2} [[""A"" [5 4]]]] [{citizen 44} [[""A"" [6 4]]]] [{citizen 28} [[""A"" [5 4]]]] [{media 58} [[""A"" [5 5]]]] [{citizen 26} [[""A"" [5 5]]]] [{media 51} [[""A"" [6 6]]]] [{citizen 31} [[""A"" [5 5]]]] [{citizen 18} [[""A"" [5 4]]]] [{citizen 5} [[""A"" [5 4]]]] [{media 57} [[""A"" [6 6]]]] [{citizen 15} [[""A"" [5 4]]]] [{citizen 47} [[""A"" [5 4]]]] [{citizen 35} [[""A"" [5 4]]]] [{citizen 29} [[""A"" [5 4]]]] [{citizen 45} [[""A"" [5 4]]]] [{citizen 43} [[""A"" [5 4]]]] [{citizen 37} [[""A"" [5 4]]]] [{citizen 49} [[""A"" [5 4]]]] [{citizen 40} [[""A"" [5 4]]]] [{citizen 16} [[""A"" [5 4]]]] [{citizen 42} [[""A"" [5 4]]]] [{citizen 27} [[""A"" [5 4]]]] [{citizen 23} [[""A"" [5 4]]]] [{citizen 13} [[""A"" [6 4]]]] [{citizen 11} [[""A"" [5 4]]]] [{citizen 38} [[""A"" [5 4]]]] [{media 54} [[""A"" [1 1]]]] [{citizen 46} [[""A"" [5 4]]]] [{citizen 6} [[""A"" [5 5]]]] [{citizen 10} [[""A"" [5 4]]]] [{media 60} [[""A"" [2 2]]]] [{media 53} [[""A"" [3 3]]]] [{citizen 22} [[""A"" [5 5]]]] [{citizen 7} [[""A"" [5 4]]]] [{citizen 24} [[""A"" [6 4]]]] [{media 62} [[""A"" [0 0]]]]]"
"22","[85 0 170]","67.5","8.874395376627223","3.003502648259207","""circle""","""""","9.9","{breed citizens}","false","0.5","1","""up""",,"[[""ID"" 4] [""alpha"" 1] [""beta"" 1] [""malleable"" [""A""]] [""prior"" []] [""cont_tokens"" []] [""A"" 4]]","[[0 [5 6 9 10 12]] [1 [16 17 18 19 21 22 23 24 25 26 29]] [3 [45 56 57 59]] [4 [61 62 63 64 65 66 67 68 69 70 71 72 74]] [5 [75 76 77 78 79 80 81 82 83 84 85 86 88]] [6 [90 91 93 94 95 96 97 98 99 100 103 104]] [7 [105 106 107 111 112 114 116 117 118]] [8 [121 122 123 126 129 130 131 132 134]] [9 [137 140 141 142 143 144 145 146 147]] [10 [151 152 154 155 156 158 159 161 164]] [11 [165 167 170 173 174 176 177 178 179]] [12 [180 181 182 183 185 187 188 189 190 191 192 193 194]] [13 [195 196 197 199 201 202 203 204 206 207 208 209]] [14 [210 211 212 213 215 216 218 220 221 222 223 224]] [15 [225 227 229 231 232 236 237 238 239]] [16 [241 243 244 245 246 247 248 249 250 251 252 254]] [17 [255 256 257 259 260 261 263 265 266 267 268 269]] [18 [270 272 273 274 275 277 278 279 280]] [19 [285 286 289 292 294 295 296 298 299]] [20 [300 301 303 305 310 312 313 314]] [21 [315 317 319 320 321 322 323 324 325]] [22 [331 332 334 336 338 340 341 343 344]] [23 [346 347 349 350 351 353 355 356 359]] [24 [360 361 362 364 366 371 372 374]] [25 [375 376 377 379 381 383 386 387 388]] [26 [392 393 394 397 398 399 400 401]] [27 [405 407 408 412 413 415 416 417 419]] [28 [421 423 425 427 428 429 430 433 434]] [29 [436 438 439 443 444 445 446 447 449]] [30 [451 452 454 456 457 458 459 460 462 463 464]] [31 [467 468 469 470 471 472 473 474 475 478 479]] [32 [480 482 486 487 489 490 491 492 493]] [33 [495 496 497 498 501 503 506 507 509]] [34 [510 511 513 515 516 517 518 519 520 522 523 524]] [35 [526 527 528 529 530 531 533 534 535 536 537 538 539]] [36 [540 542 543 545 546 547 548 549 551 552 553 554]] [37 [556 557 558 559 564 565 566 567 568 569]] [38 [570 571 572 573 575 576 577 578 579 580 581 582 583 584]] [39 [585 586 587 589 590 591 592 593 594 595 596 597 598 599]] [40 [600 601 602 603 604 605 606 607 608 609 610 611 612 613 614]] [41 [615 616 617 618 619 620 621 622 623 624 625 627 628 629]] [42 [630 631 632 633 634 635 637 639 640 642 643 644]] [43 [645 646 647 648 651 653 655 656 659]] [44 [661 662 663 664 665 666 667 668 669 671 672 673 674]] [45 [675 676 677 678 679 680 682 683 684 686 687 688 689]] [46 [691 692 693 694 696 697 698 699 700 701 702 703 704]] [47 [705 706 707 708 709 710 711 712 713 714 715 716 717 719]] [48 [720 721 722 723 724 725 726 727 728 729 730 731 732 733 734]] [49 [735 736 738 739 740 741 742 744 746 747 748 749]] [50 [750 751 752 753 754 755 756 757 758 760 761 762 763 764]] [51 [765 766 767 768 769 770 771 772 773 774 777 778 779]] [52 [780 781 782 783 784 785 786 787 788 789 790 791 792 794]] [53 [795 796 797 798 799 800 801 802 803 804 805 807 808]] [54 [810 811 813 815 816 817 818 819 820 821 822 823 824]] [55 [826 827 828 829 830 831 832 833 834 835 836 837 838 839]] [56 [840 841 842 843 844 845 846 847 848 849 850 851 852 853]] [57 [855 856 857 858 859 860 861 862 863 864 865 866 869]] [58 [870 871 872 874 875 876 880]] [59 [885 889 893 894 896]] [60 [901 907 908 910 914]] [61 [916 920 922 925 929]] [62 [931 932 937 939 944]] [63 [948 951 953 957 958]] [64 [960 964 965 968 969 970 972 973 974]] [65 [975 976 977 978 985]] [66 [990 991 992 993 994 997 998 999 1000 1002 1003]] [67 [1005 1006 1007 1010 1011 1012 1013 1014 1015 1016 1017 1018]] [68 [1020 1021 1022 1023 1024 1025 1026 1028 1029 1030 1031 1032 1033 1034]] [69 [1035 1036 1038 1040 1042 1043 1047 1048 1049]] [70 [1050 1051 1052 1054 1055 1056 1057 1058 1060 1061 1062 1063 1064]] [71 [1065 1066 1067 1069 1070 1071 1073 1074 1075 1076 1077 1078 1079]] [72 [1080 1081 1082 1083 1084 1085 1086 1088 1089 1090 1091 1093 1094]] [73 [1095 1096 1097 1098 1099 1100 1101 1103 1104 1105 1107 1108 1109]] [74 [1110 1111 1112 1113 1114 1115 1116 1117 1118 1120 1121 1123 1124]] [75 [1125 1127 1128 1129 1130 1131 1132 1133 1135 1136 1137 1138 1139]] [76 [1140 1141 1142 1144 1145 1146 1147 1149 1150 1151 1152 1153 1154]] [77 [1155 1156 1157 1158 1159 1160 1161 1162 1163 1164 1166 1167 1168]] [78 [1170 1171 1172 1173 1174 1175 1176 1177 1178 1179 1180 1181 1182 1184]] [79 [1186 1187 1189 1190 1191 1192 1193 1194 1195 1196 1197 1198 1199]] [80 [1200 1201 1202 1203 1204 1205 1206 1207 1208 1212 1213 1214]] [81 [1215 1217 1218 1219 1220 1221 1222 1223 1224 1225 1226 1227 1228]] [82 [1230 1231 1232 1233 1234 1235 1236 1237 1238 1239 1241 1243 1244]] [83 [1245 1247 1248 1249 1250 1251 1252 1253 1254 1255 1256 1257 1258]] [84 [1260 1261 1262 1263 1265 1266 1267 1268 1269 1270 1272 1273 1274]] [85 [1275 1276 1277 1278 1279 1280 1281 1282 1284 1285 1286 1287 1288 1289]] [86 [1290 1291 1292 1293 1295 1296 1297 1298 1299 1300 1301 1302 1304]] [87 [1305 1306 1308 1309 1310 1311 1312 1314 1315 1316 1317 1318 1319]] [88 [1320 1321 1322 1324 1325 1326 1327 1328 1329 1331 1332 1333 1334]] [89 [1335 1336 1337 1338 1339 1341 1342 1343 1344 1345 1347 1348 1349]] [90 [1350 1351 1352 1353 1354 1355 1357 1358 1359 1360 1361 1363 1364]] [91 [1365 1366 1367 1368 1369 1370 1371 1372 1373 1374 1376 1377 1378 1379]] [92 [1380 1381 1382 1383 1384 1385 1386 1387 1388 1389 1390 1391 1392 1393]] [93 [1395 1397 1398 1399 1400 1401 1403 1404 1405 1406 1407 1408 1409]] [94 [1410 1411 1412 1413 1414 1415 1416 1417 1418 1419 1420 1421 1422 1424]] [95 [1425 1426 1427 1428 1429 1430 1431 1432 1433 1435 1436 1437 1439]] [96 [1440 1441 1443 1444 1445 1447 1448 1449 1450 1451 1452 1453 1454]] [97 [1457 1458 1460 1462 1463 1464 1465 1466 1467 1468 1469]] [98 [1470 1471 1473 1474 1475 1476 1477 1478 1479 1480 1481 1483 1484]] [99 [1485 1487 1489 1490 1492 1493 1495 1497 1498]]]","[[3 [45 56 57]] [4 [61 62 65 66 67 68 69 70 71]] [5 [76 77 79 80 81 83 85 86 88]] [6 [90 93 94 95 96 97 99 100 104]] [7 [105 106 107 111 112 114 116 117 118]] [8 [121 122 123 129 130 131 132 134]] [9 [137 140 141 142 143 144 146 147]] [10 [151 152 154 155 156 158 159 161 164]] [11 [165 170 173 174 178 179]] [12 [180 182 185 189 191 192 193 194]] [13 [196 197 201 202 204 206 207 208]] [14 [210 211 212 218 220 221 222 223 224]] [15 [225 227 229 231 232 236 237 238]] [16 [243 244 245 246 247 248 251 252 254]] [17 [255 256 257 259 260 261 263 265 266 267 268 269]] [18 [270 272 273 274 275 278 279 280]] [19 [285 286 289 292 294 295 296 298 299]] [20 [300 301 303 305 310 312 313 314]] [21 [315 317 319 320 321 322 323 324 325]] [22 [331 332 334 338 340 341 343 344]] [23 [346 347 349 350 351 353 355 356 359]] [24 [360 361 362 364 366 371 372 374]] [25 [375 376 377 379 381 383 386 387 388]] [26 [392 393 394 397 398 399 400 401]] [27 [405 407 408 412 413 415 416 417 419]] [28 [421 423 425 427 429 430 433 434]] [29 [436 438 439 443 444 445 446 447 449]] [30 [451 452 454 456 460 462 464]] [31 [467 468 469 470 471 472 473 474 475 478 479]] [32 [480 482 486 487 489 490 491 492 493]] [33 [495 496 497 498 501 503 506 509]] [34 [510 515 516 517 518 519 520 522]] [35 [526 527 528 529 531 533 534 535 539]] [36 [540 542 543 545 546 547 552 553 554]] [37 [556 558 559 564 565 567 568]] [38 [572 573 575 576 577 579 580 581 582 584]] [39 [585 586 587 590 591 592 594 595 596 597 598]] [40 [600 602 603 605 606 608 609 610 612]] [41 [615 616 617 618 621 625 627 628]] [42 [630 631 632 633 639 640 642 643 644]] [43 [645 646 648 651 653 655 659]] [44 [661 663 665 666 668 669 671 672 673]] [45 [676 677 678 679 680 682 683 687]] [46 [691 692 693 696 697 698 699 700 702 703]] [47 [710 713 716 717]] [48 [722 726 727 728 729 731 732 733 734]] [49 [735 736 742]] [50 [751 753 755 756 763 764]] [51 [765 766 779]] [52 [780 787 789 790 792]] [53 [796 798 799 800 804 805 808]] [54 [810 811 815 817 822 823 824]] [55 [826 828 829 830 832 835 836 838 839]] [56 [840 841 842 843 845 847 849 851 852]] [57 [855 856 857 858 859 860 863 864 866 869]] [58 [871 872 874 875 876 880]] [59 [885 889 893 894 896]] [60 [901 907 910 914]] [61 [916 920 922 925 929]] [62 [931 937 939 944]] [63 [948 951 953 957 958]] [64 [960 964 965 968 969 970 972 973 974]] [65 [975 976 977 978 985]] [66 [990 991 992 993 994 998 999 1002 1003]] [67 [1005 1010 1011 1013 1014 1017 1018]] [68 [1020 1021 1023 1024 1026 1030 1032 1033]] [69 [1035 1036 1038 1042 1043 1047 1048]] [70 [1051 1052 1054 1057 1058 1060 1062 1063 1064]] [71 [1065 1070 1073 1075 1076 1077 1079]] [72 [1080 1082 1083 1084 1086 1088 1089 1090 1091 1094]] [73 [1095 1096 1098 1099 1100 1101 1103 1107 1108 1109]] [74 [1110 1112 1113 1114 1115 1116 1117 1120 1121 1123 1124]] [75 [1125 1130 1131 1132 1133 1136 1137 1138 1139]] [76 [1140 1141 1142 1144 1145 1146 1147 1149 1150 1154]] [77 [1155 1156 1158 1159 1160 1162 1163 1166 1168]] [78 [1172 1173 1175 1176 1177 1179 1180 1181]] [79 [1187 1189 1190 1191 1193 1194 1195 1196 1199]] [80 [1200 1201 1202 1204 1206 1207 1208 1212 1214]] [81 [1215 1219 1220 1221 1223 1224 1225 1227]] [82 [1230 1231 1232 1234 1237 1238 1239 1243]] [83 [1247 1251 1252 1253 1255 1256 1258]] [84 [1260 1262 1263 1265 1267 1274]] [85 [1277 1279 1281 1282 1284 1285 1286 1288 1289]] [86 [1290 1293 1295 1297 1298 1299 1300 1301]] [87 [1306 1311 1312 1316 1317 1319]] [88 [1320 1321 1325 1326 1327 1329 1332 1333]] [89 [1336 1339 1341 1342 1343 1344 1345 1347 1349]] [90 [1350 1351 1352 1353 1354 1355 1358 1361 1364]] [91 [1365 1366 1367 1368 1369 1370 1373 1374 1376 1377 1378 1379]] [92 [1381 1386 1388 1390 1391 1392 1393]] [93 [1395 1397 1398 1399 1400 1403 1404 1405 1406 1407 1409]] [94 [1410 1412 1413 1414 1416 1417 1418 1420 1421]] [95 [1425 1427 1428 1429 1432 1433 1435 1436 1437]] [96 [1440 1441 1444 1445 1448 1450 1451 1453 1454]] [97 [1457 1458 1460 1462 1463 1464 1465 1466 1467 1468]] [98 [1473 1474 1475 1476 1477 1479 1483 1484]] [99 [1485 1487 1489 1490 1492 1493 1495 1497]]]",,"[[{citizen 32} [[""A"" [5 4]]]] [{citizen 39} [[""A"" [4 6]]]] [{citizen 49} [[""A"" [4 6]]]] [{media 50} [[""A"" [3 3]]]] [{media 52} [[""A"" [3 3]]]] [{media 63} [[""A"" [5 5]]]] [{citizen 0} [[""A"" [5 4]]]] [{citizen 1} [[""A"" [5 4]]]] [{citizen 16} [[""A"" [5 4]]]] [{media 61} [[""A"" [5 5]]]] [{media 64} [[""A"" [6 6]]]] [{citizen 2} [[""A"" [5 4]]]] [{citizen 41} [[""A"" [6 4]]]] [{citizen 4} [[""A"" [5 4]]]] [{citizen 48} [[""A"" [4 6]]]] [{citizen 15} [[""A"" [5 4]]]] [{citizen 40} [[""A"" [4 6]]]] [{citizen 8} [[""A"" [5 4]]]] [{citizen 45} [[""A"" [5 4]]]] [{citizen 11} [[""A"" [5 4]]]] [{citizen 12} [[""A"" [6 4]]]] [{citizen 19} [[""A"" [5 4]]]] [{media 55} [[""A"" [5 5]]]] [{citizen 31} [[""A"" [5 4]]]] [{citizen 34} [[""A"" [4 6]]]] [{citizen 13} [[""A"" [4 6]]]] [{citizen 5} [[""A"" [5 4]]]] [{citizen 29} [[""A"" [5 4]]]] [{citizen 35} [[""A"" [5 4]]]] [{citizen 3} [[""A"" [6 4]]]] [{citizen 36} [[""A"" [5 5]]]] [{citizen 25} [[""A"" [5 4]]]] [{citizen 44} [[""A"" [6 4]]]] [{citizen 9} [[""A"" [5 4]]]] [{citizen 30} [[""A"" [6 4]]]] [{media 53} [[""A"" [3 3]]]] [{citizen 28} [[""A"" [5 4]]]] [{media 56} [[""A"" [4 4]]]] [{citizen 33} [[""A"" [5 4]]]] [{citizen 37} [[""A"" [5 4]]]] [{citizen 14} [[""A"" [4 6]]]] [{citizen 20} [[""A"" [4 6]]]] [{media 59} [[""A"" [5 5]]]] [{citizen 17} [[""A"" [5 4]]]] [{media 58} [[""A"" [5 5]]]] [{citizen 26} [[""A"" [5 4]]]] [{citizen 42} [[""A"" [4 6]]]] [{media 51} [[""A"" [6 6]]]] [{citizen 18} [[""A"" [5 4]]]] [{media 57} [[""A"" [6 6]]]] [{media 54} [[""A"" [1 1]]]] [{citizen 46} [[""A"" [4 6]]]] [{citizen 47} [[""A"" [5 4]]]] [{citizen 6} [[""A"" [5 6]]]] [{citizen 27} [[""A"" [4 6]]]] [{media 60} [[""A"" [2 2]]]] [{citizen 21} [[""A"" [5 4]]]] [{citizen 23} [[""A"" [5 4]]]] [{citizen 38} [[""A"" [5 4]]]] [{citizen 7} [[""A"" [5 4]]]] [{citizen 10} [[""A"" [4 6]]]] [{citizen 43} [[""A"" [4 6]]]] [{citizen 24} [[""A"" [6 4]]]] [{media 62} [[""A"" [0 0]]]]]"
"23","[85 0 170]","281.25","-5.303766752653917","1.0878515218469123","""circle""","""""","9.9","{breed citizens}","false","0.5","1","""up""",,"[[""ID"" 7] [""alpha"" 1] [""beta"" 1] [""malleable"" [""A""]] [""prior"" []] [""cont_tokens"" []] [""A"" 4]]","[[0 [0 5 6 9 10 12]] [1 [15 16 17 18 19 20 21 22 23 24 25 26 27 29]] [2 [30 31 32 33 35 36 37 39 40 41 42 43 44]] [3 [45 46 47 48 49 50 51 52 54 56 57 58 59]] [4 [61 62 63 65 66 67 68 69 70 71 72 74]] [5 [75 76 77 78 79 80 81 82 83 84 85 86 88]] [6 [90 91 93 94 95 96 97 98 99 100 103 104]] [7 [105 106 107 111 112 114 116 117 118]] [8 [121 122 123 126 129 130 131 132 134]] [9 [137 140 141 142 143 144 145 146 147]] [10 [151 152 154 155 156 158 159 161 164]] [11 [165 167 170 173 174 176 177 178 179]] [12 [180 181 182 183 185 187 188 189 190 191 192 193 194]] [13 [195 196 197 199 201 202 203 204 206 207 208 209]] [14 [210 211 212 213 215 216 218 220 221 222 223 224]] [15 [225 227 229 231 232 236 237 238 239]] [16 [241 243 244 245 246 247 248 249 250 251 252 254]] [17 [255 256 257 259 260 261 263 265 266 267 268 269]] [18 [270 272 273 274 275 277 278 279 280]] [19 [285 286 289 292 294 295 296 298 299]] [20 [300 301 303 305 310 312 313 314]] [21 [315 317 319 320 321 322 323 324 325]] [22 [331 332 334 336 338 340 341 343 344]] [23 [346 347 349 350 351 353 355 356 359]] [24 [360 361 362 364 366 371 372 374]] [25 [375 376 377 379 381 383 386 387 388]] [26 [392 393 394 397 398 399 400 401]] [27 [405 407 408 412 413 415 416 417 419]] [28 [421 423 425 427 428 429 430 433 434]] [29 [436 438 439 443 444 445 446 447 449]] [30 [451 452 454 456 457 458 459 460 462 463 464]] [31 [467 468 469 470 471 472 473 474 475 478 479]] [32 [480 482 486 487 489 490 491 492 493]] [33 [495 496 497 498 501 503 506 507 509]] [34 [510 511 513 515 516 517 518 519 520 522 523 524]] [35 [526 527 528 529 530 531 533 534 535 536 537 538 539]] [36 [540 542 543 545 546 547 548 549 551 552 553 554]] [37 [555 556 557 558 559 564 565 566 567 568 569]] [38 [570 571 572 573 575 576 577 578 579 580 581 582 583 584]] [39 [585 586 587 589 590 591 592 593 594 595 596 597 598 599]] [40 [600 601 602 603 604 605 606 607 608 609 610 611 612 613 614]] [41 [615 616 617 618 619 620 621 622 623 624 625 627 628 629]] [42 [630 631 632 633 637 639 640 642 643 644]] [43 [645 646 647 648 651 653 655 656 659]] [44 [661 662 663 664 665 666 667 668 669 671 672 673 674]] [45 [675 676 677 678 679 680 682 683 684 686 687 688 689]] [46 [691 692 693 694 696 697 698 699 700 701 702 703 704]] [47 [705 706 707 708 709 710 711 712 713 714 715 716 717 719]] [48 [720 721 722 723 724 725 726 727 728 729 730 731 732 733 734]] [49 [735 736 738 739 740 741 742 744 746 747 748 749]] [50 [750 751 752 753 755 756 757 758 760 761 763 764]] [51 [765 766 767 768 769 770 771 772 773 774 777 778 779]] [52 [780 781 782 783 784 785 786 787 788 789 790 791 792 794]] [53 [795 796 797 798 799 800 803 804 805 807 808]] [54 [810 811 813 815 816 817 818 819 820 821 822 823 824]] [55 [826 827 828 829 830 831 832 833 834 835 836 837 838 839]] [56 [840 841 842 843 844 845 846 847 848 849 850 851 852 853]] [57 [855 856 857 858 859 860 861 862 863 864 865 866 869]] [58 [870 871 872 874 875 876 880]] [59 [885 889 893 894 896]] [60 [901 907 908 910 914]] [61 [916 920 922 925 929]] [62 [931 932 937 939 944]] [63 [948 951 953 957 958]] [64 [960 964 965 968 969 970 972 973 974]] [65 [975 976 977 978 985]] [66 [990 991 992 993 994 997 998 999 1000 1002 1003]] [67 [1005 1006 1007 1010 1011 1012 1013 1014 1015 1016 1017 1018]] [68 [1020 1021 1022 1023 1024 1025 1026 1028 1029 1030 1031 1032 1033 1034]] [69 [1035 1036 1038 1040 1042 1043 1047 1048 1049]] [70 [1050 1051 1052 1054 1055 1056 1057 1058 1060 1061 1062 1063 1064]] [71 [1065 1066 1067 1069 1070 1071 1073 1074 1075 1076 1077 1078 1079]] [72 [1080 1081 1082 1083 1084 1085 1086 1088 1089 1090 1091 1093 1094]] [73 [1095 1096 1097 1098 1099 1100 1101 1103 1104 1105 1107 1108 1109]] [74 [1110 1111 1112 1113 1114 1115 1116 1117 1118 1120 1121 1123 1124]] [75 [1125 1127 1128 1129 1130 1131 1132 1133 1135 1136 1137 1138 1139]] [76 [1140 1141 1142 1144 1145 1146 1147 1149 1150 1151 1152 1153 1154]] [77 [1155 1156 1157 1158 1159 1160 1161 1162 1163 1164 1166 1167 1168]] [78 [1170 1171 1172 1173 1174 1175 1176 1177 1178 1179 1180 1181 1182 1184]] [79 [1186 1187 1189 1190 1191 1192 1193 1194 1195 1196 1197 1198 1199]] [80 [1200 1201 1202 1203 1204 1205 1206 1207 1208 1211 1212 1213 1214]] [81 [1215 1217 1218 1219 1220 1221 1222 1223 1224 1225 1226 1227 1228]] [82 [1230 1231 1232 1233 1234 1235 1236 1237 1238 1239 1241 1243 1244]] [83 [1245 1247 1248 1249 1250 1251 1252 1253 1254 1255 1256 1257 1258]] [84 [1260 1261 1262 1263 1265 1266 1267 1268 1269 1270 1272 1273 1274]] [85 [1275 1276 1277 1278 1279 1280 1281 1282 1284 1285 1286 1287 1288 1289]] [86 [1290 1291 1292 1293 1295 1296 1297 1298 1299 1300 1301 1302 1304]] [87 [1305 1306 1308 1309 1310 1311 1312 1314 1315 1316 1317 1318 1319]] [88 [1320 1321 1322 1324 1325 1326 1327 1328 1329 1331 1332 1333 1334]] [89 [1335 1336 1337 1338 1339 1341 1342 1343 1344 1345 1347 1348 1349]] [90 [1350 1351 1352 1353 1354 1355 1357 1358 1359 1360 1361 1363 1364]] [91 [1365 1366 1367 1368 1369 1370 1371 1372 1373 1374 1376 1377 1378 1379]] [92 [1380 1381 1382 1383 1384 1385 1386 1387 1388 1389 1390 1391 1392 1393]] [93 [1395 1397 1398 1399 1400 1401 1403 1404 1405 1406 1407 1408 1409]] [94 [1410 1411 1412 1413 1414 1415 1416 1417 1418 1419 1420 1421 1422 1424]] [95 [1425 1426 1427 1428 1429 1430 1431 1432 1433 1435 1436 1437 1439]] [96 [1440 1441 1443 1444 1445 1448 1450 1451 1452 1453 1454]] [97 [1457 1458 1460 1462 1463 1464 1465 1466 1467 1468 1469]] [98 [1470 1471 1473 1474 1475 1476 1477 1478 1479 1480 1481 1483 1484]] [99 [1485 1487 1489 1490 1492 1493 1495 1497 1498]]]","[[0 [5 9]] [1 [15 20 21 22 23 24 25 26 29]] [2 [30 31 32 33 37 40 41 43]] [3 [46 47 49 50 51 52 54 58 59]] [4 [61 62 65 66 67 68 69 70 72 74]] [5 [75 78 79 80 81 83 85 86 88]] [6 [90 93 94 95 96 97 99 100 104]] [7 [105 106 107 111 112 114 116 117 118]] [8 [121 122 123 126 129 130 131 132]] [9 [137 140 141 142 143 144 146 147]] [10 [151 152 154 155 158 159 161 164]] [11 [165 170 173 174 178]] [12 [180 182 185 189 193 194]] [13 [196 197 199 203 204 206 207 208 209]] [14 [213 215 216 218 220 221 222 224]] [15 [225 227 229 231 232 236 237 238 239]] [16 [241 243 244 245 246 247 248 251 252 254]] [17 [256 257 267 268 269]] [18 [270 272 273 274 275 278 279 280]] [19 [285 286 292 294 295 296 298 299]] [20 [300 301 303 305 310 312 313 314]] [21 [315 317 319 320 321 322 323 324 325]] [22 [331 332 334 336 338 340 341 343 344]] [23 [346 347 349 350 351 353 355 356 359]] [24 [360 361 362 364 366 371 372 374]] [25 [375 376 377 379 381 383 386 387 388]] [26 [392 393 394 397 398 399 400 401]] [27 [405 407 408 412 413 415 416 417 419]] [28 [421 423 425 427 429 430 433 434]] [29 [436 438 439 443 444 445 446 447 449]] [30 [451 452 456 457 458 459 460 462 464]] [31 [467 468 469 471 473 474 475 478 479]] [32 [480 482 486 487 489 490 491 492 493]] [33 [495 496 497 498 501 503 506 507 509]] [34 [510 515 516 517 518 519 520 523 524]] [35 [528 529 531 533 534 535 536 537 538]] [36 [540 542 543 545 546 548 549 551 552 553 554]] [37 [556 557 558 559 564 565 566 567 568]] [38 [571 572 573 575 576 578 580 581 582 583]] [39 [589 593 594 595 596 597 598]] [40 [600 601 603 605 606 608 609 610 612 613]] [41 [615 616 617 618 621 625 627 628 629]] [42 [630 631 632 633 639 640 642 643 644]] [43 [645 646 648 651 653 655 659]] [44 [662 664 667 668 669 671 672 673]] [45 [676 677 678 679 682 683 684 686 688 689]] [46 [691 692 694 698 699 700 702 703]] [47 [711 712 713 716 717]] [48 [722 725 730 731 732 733 734]] [49 [735 738 739 741 744 746 748 749]] [50 [750 752 753 755 756 763 764]] [51 [765 767 768 769 770 771 772 773 774 777]] [52 [781 783 784 785 786 788 789 790 791 794]] [53 [795 796 798 799 800 804 805 807 808]] [54 [810 811 815 816 817 823 824]] [55 [826 828 829 830 833 834 836 838]] [56 [840 841 842 843 845 847 849 851 852]] [57 [855 856 857 858 859 861 862 865 866 869]] [58 [871 872 874 875 876 880]] [59 [885 889 893 894 896]] [60 [901 907 910 914]] [61 [916 920 922 925 929]] [62 [931 932 937 939 944]] [63 [948 951 953 957 958]] [64 [960 964 965 968 969 970 972 974]] [65 [975 976 977 978 985]] [66 [990 991 992 993 997 999 1002 1003]] [67 [1005 1010 1011 1013 1014 1017 1018]] [68 [1022 1024 1026 1028 1029 1031 1032 1033]] [69 [1035 1036 1038 1040 1043 1047 1048]] [70 [1050 1051 1052 1054 1057 1058 1060 1062 1063 1064]] [71 [1065 1071 1074 1075 1076 1077 1078]] [72 [1080 1084 1086 1088 1089 1090 1091 1094]] [73 [1095 1096 1098 1099 1100 1101 1104 1105 1107 1108 1109]] [74 [1110 1112 1113 1114 1115 1116 1117 1120 1121 1123 1124]] [75 [1125 1131 1132 1133 1135 1136 1137 1138 1139]] [76 [1140 1141 1142 1144 1145 1146 1147 1149 1151 1152 1153]] [77 [1157 1159 1160 1162 1164 1167]] [78 [1170 1174 1178 1179 1180 1181]] [79 [1187 1189 1190 1192 1194 1195 1199]] [80 [1200 1201 1203 1204 1205 1207 1208 1212 1213]] [81 [1215 1218 1219 1220 1221 1223 1226 1228]] [82 [1230 1231 1232 1233 1234 1237 1238 1239 1241 1243]] [83 [1245 1248 1249 1250 1251 1252 1254 1257 1258]] [84 [1260 1261 1265 1267 1268 1269 1270 1272 1273 1274]] [85 [1276 1277 1278 1279 1282 1284 1285 1287 1288 1289]] [86 [1290 1293 1295 1298 1299 1302 1304]] [87 [1305 1308 1309 1310 1312 1316 1317 1319]] [88 [1320 1321 1324 1325 1326 1327 1329 1332 1333]] [89 [1336 1339 1341 1342 1343 1344 1345 1347 1349]] [90 [1350 1351 1352 1353 1354 1355 1359 1360 1361 1364]] [91 [1366 1369 1370 1373 1374 1376 1377 1378 1379]] [92 [1381 1385 1386 1388 1390 1391 1393]] [93 [1395 1397 1398 1399 1401]] [94 [1411 1415 1419 1420 1422 1424]] [95 [1426 1427 1428 1429 1430 1431 1432 1433 1435 1436 1437]] [96 [1440 1441 1444 1445 1448 1450 1451 1452 1453 1454]] [97 [1458 1460 1462 1463 1464 1465 1466 1467 1468]] [98 [1473 1474 1475 1476 1477 1479 1481 1484]] [99 [1485 1487 1489 1490 1492 1493 1495 1497]]]",,"[[{citizen 47} [[""A"" [5 5]]]] [{media 50} [[""A"" [3 3]]]] [{media 59} [[""A"" [5 5]]]] [{media 61} [[""A"" [5 5]]]] [{media 63} [[""A"" [5 5]]]] [{media 64} [[""A"" [6 6]]]] [{media 52} [[""A"" [3 3]]]] [{citizen 4} [[""A"" [5 4]]]] [{citizen 5} [[""A"" [5 5]]]] [{citizen 15} [[""A"" [5 5]]]] [{media 62} [[""A"" [0 0]]]] [{citizen 46} [[""A"" [5 5]]]] [{citizen 6} [[""A"" [5 6]]]] [{citizen 41} [[""A"" [5 4]]]] [{citizen 48} [[""A"" [5 6]]]] [{citizen 12} [[""A"" [6 5]]]] [{citizen 1} [[""A"" [5 4]]]] [{citizen 26} [[""A"" [5 5]]]] [{citizen 0} [[""A"" [5 5]]]] [{citizen 34} [[""A"" [6 4]]]] [{citizen 9} [[""A"" [6 5]]]] [{citizen 44} [[""A"" [5 6]]]] [{citizen 2} [[""A"" [5 5]]]] [{citizen 17} [[""A"" [6 5]]]] [{citizen 30} [[""A"" [6 5]]]] [{citizen 8} [[""A"" [5 5]]]] [{citizen 36} [[""A"" [5 5]]]] [{citizen 3} [[""A"" [5 6]]]] [{citizen 29} [[""A"" [5 5]]]] [{citizen 40} [[""A"" [5 5]]]] [{citizen 19} [[""A"" [5 5]]]] [{citizen 20} [[""A"" [5 6]]]] [{citizen 14} [[""A"" [5 5]]]] [{citizen 42} [[""A"" [5 6]]]] [{media 55} [[""A"" [5 5]]]] [{citizen 32} [[""A"" [5 5]]]] [{citizen 31} [[""A"" [5 5]]]] [{citizen 13} [[""A"" [5 6]]]] [{media 54} [[""A"" [1 1]]]] [{media 53} [[""A"" [3 3]]]] [{citizen 28} [[""A"" [5 5]]]] [{citizen 25} [[""A"" [6 5]]]] [{media 56} [[""A"" [4 4]]]] [{citizen 33} [[""A"" [5 5]]]] [{citizen 39} [[""A"" [5 6]]]] [{citizen 16} [[""A"" [5 4]]]] [{citizen 37} [[""A"" [6 5]]]] [{citizen 35} [[""A"" [5 4]]]] [{media 58} [[""A"" [5 5]]]] [{media 51} [[""A"" [6 6]]]] [{citizen 18} [[""A"" [5 5]]]] [{media 57} [[""A"" [6 6]]]] [{citizen 45} [[""A"" [6 5]]]] [{citizen 27} [[""A"" [5 5]]]] [{citizen 11} [[""A"" [6 5]]]] [{citizen 43} [[""A"" [5 6]]]] [{citizen 49} [[""A"" [5 5]]]] [{citizen 38} [[""A"" [5 5]]]] [{media 60} [[""A"" [2 2]]]] [{citizen 10} [[""A"" [6 5]]]] [{citizen 21} [[""A"" [5 5]]]] [{citizen 22} [[""A"" [5 5]]]] [{citizen 7} [[""A"" [5 5]]]] [{citizen 24} [[""A"" [6 5]]]]]"
"24","[0 0 255]","225","-6.791565912198519","-6.710372167922281","""circle""","""""","9.9","{breed citizens}","false","0.5","1","""up""",,"[[""ID"" 21] [""alpha"" 1] [""beta"" 1] [""malleable"" [""A""]] [""prior"" []] [""cont_tokens"" []] [""A"" 6]]","[[0 [5 6 9 10 12]] [1 [16 17 18 19 21 22 23 24 25 26 29]] [2 [30 31 32 33 36 37 40 41 43]] [3 [45 50 51 52 54 58 59]] [4 [61 62 63 65 66 67 68 69 70 71 72 74]] [5 [75 76 77 78 79 80 81 82 83 84 85 86 88]] [6 [90 91 93 94 95 96 97 98 99 100 101 102 103 104]] [7 [105 106 107 111 112 114 116 117 118]] [8 [121 122 123 126 129 130 131 132 134]] [9 [137 140 141 142 143 144 145 146 147]] [10 [151 152 154 155 156 158 159 161 164]] [11 [165 167 170 173 174 176 177 178 179]] [12 [180 181 182 183 185 187 188 189 190 191 192 193 194]] [13 [195 196 197 199 201 202 203 204 206 207 208 209]] [14 [210 211 212 213 215 216 218 220 221 222 223 224]] [15 [225 227 229 231 232 236 237 238 239]] [16 [241 243 244 245 246 247 248 249 250 251 252 254]] [17 [255 256 257 259 260 261 263 265 266 267 268 269]] [18 [270 272 273 274 275 277 278 279 280]] [19 [285 286 289 292 294 295 296 298 299]] [20 [300 301 303 305 310 312 313 314]] [21 [315 317 319 320 321 322 323 324 325]] [22 [331 332 334 336 338 340 341 343 344]] [23 [346 347 349 350 351 353 355 356 359]] [24 [360 361 362 364 366 371 372 374]] [25 [375 376 377 379 381 383 386 387 388]] [26 [392 393 394 397 398 399 400 401]] [27 [405 407 408 412 413 415 416 417 419]] [28 [421 423 425 427 428 429 430 433 434]] [29 [436 438 439 443 444 445 446 447 449]] [30 [451 452 454 456 457 458 459 460 462 463 464]] [31 [467 468 469 470 471 472 473 474 475 478 479]] [32 [480 482 486 487 489 490 491 492 493]] [33 [495 496 497 498 501 503 506 507 509]] [34 [510 511 513 515 516 517 518 519 520 522 523 524]] [35 [526 527 528 529 530 531 533 534 535 536 537 538 539]] [36 [540 542 543 545 546 547 548 549 551 552 553 554]] [37 [555 556 557 558 559 564 565 566 567 568 569]] [38 [570 571 572 573 575 576 577 578 579 580 581 582 583 584]] [39 [585 586 587 589 590 591 592 593 594 595 596 597 598 599]] [40 [600 601 602 603 604 605 606 607 608 609 610 611 612 613 614]] [41 [615 616 617 618 619 620 621 622 623 624 625 627 628 629]] [42 [630 631 632 633 637 639 640 642 643 644]] [43 [645 646 647 648 651 653 655 656 659]] [44 [661 662 663 664 665 666 667 668 669 671 672 673 674]] [45 [675 676 677 678 679 680 682 683 684 686 687 688 689]] [46 [691 692 693 694 696 697 698 699 700 701 702 703 704]] [47 [705 706 707 708 709 710 711 712 713 714 715 716 717 719]] [48 [720 721 722 723 724 725 726 727 728 729 730 731 732 733 734]] [49 [735 736 738 739 740 741 742 744 746 747 748 749]] [50 [750 751 752 753 754 755 756 757 758 760 761 763 764]] [51 [765 766 767 768 769 770 771 772 773 774 777 778 779]] [52 [780 781 782 783 784 785 786 787 788 789 790 791 792 794]] [53 [795 796 797 798 799 800 801 802 803 804 805 807 808]] [54 [810 811 813 815 816 817 818 819 820 821 822 823 824]] [55 [826 827 828 829 830 831 832 833 834 835 836 837 838 839]] [56 [840 841 842 843 844 845 846 847 848 849 850 851 852 853]] [57 [855 856 857 858 859 860 861 862 863 864 865 866 869]] [58 [870 871 872 874 875 876 880]] [59 [885 889 893 894 896]] [60 [901 907 908 910 914]] [61 [916 920 922 925 929]] [62 [931 932 937 939 944]] [63 [948 951 953 957 958]] [64 [960 964 965 968 969 970 972 973 974]] [65 [975 976 977 978 985]] [66 [990 991 992 993 994 997 998 999 1000 1002 1003]] [67 [1005 1006 1007 1010 1011 1012 1013 1014 1015 1016 1017 1018]] [68 [1020 1021 1022 1023 1024 1025 1026 1028 1029 1030 1031 1032 1033 1034]] [69 [1035 1036 1038 1040 1042 1043 1047 1048 1049]] [70 [1050 1051 1052 1054 1055 1056 1057 1058 1060 1061 1062 1063 1064]] [71 [1065 1066 1067 1069 1070 1071 1073 1074 1075 1076 1077 1078 1079]] [72 [1080 1081 1082 1083 1084 1085 1086 1088 1089 1090 1091 1093 1094]] [73 [1095 1096 1097 1098 1099 1100 1101 1103 1104 1105 1107 1108 1109]] [74 [1110 1111 1112 1113 1114 1115 1116 1117 1118 1120 1121 1123 1124]] [75 [1125 1127 1128 1129 1130 1131 1132 1133 1135 1136 1137 1138 1139]] [76 [1140 1141 1142 1144 1145 1146 1147 1149 1150 1151 1152 1153 1154]] [77 [1155 1156 1157 1158 1159 1160 1161 1162 1163 1164 1166 1167 1168]] [78 [1170 1171 1172 1173 1174 1175 1176 1177 1178 1179 1180 1181 1182 1184]] [79 [1186 1187 1189 1190 1191 1192 1193 1194 1195 1196 1197 1198 1199]] [80 [1200 1201 1202 1203 1204 1205 1206 1207 1208 1212 1213 1214]] [81 [1215 1217 1218 1219 1220 1221 1222 1223 1224 1225 1226 1227 1228]] [82 [1230 1231 1232 1233 1234 1235 1236 1237 1238 1239 1241 1243 1244]] [83 [1245 1247 1248 1249 1250 1251 1252 1253 1254 1255 1256 1257 1258]] [84 [1260 1261 1262 1263 1265 1266 1267 1268 1269 1270 1272 1273 1274]] [85 [1275 1276 1277 1278 1279 1280 1281 1282 1284 1285 1286 1287 1288 1289]] [86 [1290 1291 1292 1293 1295 1296 1297 1298 1299 1300 1301 1302 1304]] [87 [1305 1306 1308 1309 1310 1311 1312 1314 1315 1316 1317 1318 1319]] [88 [1320 1321 1322 1324 1325 1326 1327 1328 1329 1331 1332 1333 1334]] [89 [1335 1336 1337 1338 1339 1341 1342 1343 1344 1345 1347 1348 1349]] [90 [1350 1351 1352 1353 1354 1355 1357 1358 1359 1360 1361 1363 1364]] [91 [1365 1366 1367 1368 1369 1370 1371 1372 1373 1374 1376 1377 1378 1379]] [92 [1380 1381 1382 1383 1384 1385 1386 1387 1388 1389 1390 1391 1392 1393]] [93 [1395 1397 1398 1399 1400 1401 1403 1404 1405 1406 1407 1408 1409]] [94 [1410 1411 1412 1413 1414 1415 1416 1417 1418 1419 1420 1421 1422 1424]] [95 [1425 1426 1427 1428 1429 1430 1431 1432 1433 1435 1436 1437 1439]] [96 [1440 1441 1443 1444 1445 1447 1448 1449 1450 1451 1452 1453 1454]] [97 [1457 1458 1460 1462 1463 1464 1465 1466 1467 1468 1469]] [98 [1470 1471 1473 1474 1475 1476 1477 1478 1479 1480 1481 1483 1484]] [99 [1485 1487 1489 1490 1492 1493 1495 1497 1498]]]","[[3 [45 50]] [4 [61 62 65 67 68 69 70 72 74]] [5 [75 78 79 81 84]] [6 [91 96 97 99 100 104]] [7 [105 106 107 111 112 114 116 117 118]] [8 [121 122 123 126 129 130 131 132 134]] [9 [137 140 141 142 143 144 145 146 147]] [10 [151 152 154 155 156 158 159 161 164]] [11 [165 170 173 176 177 179]] [12 [181 182 183 187 188 190 191 192 193 194]] [13 [196 197 199 203 204 206 207 208]] [14 [210 211 212 213 215 216 218 220 221 222 224]] [15 [225 227 229 231 232 236 237 238]] [16 [243 244 245 246 247 248 251 252 254]] [17 [259 260 261 263 265 266 268 269]] [18 [270 272 273 274 275 278 279 280]] [19 [285 286 292 294 295 296 298 299]] [20 [300 301 303 305 310 312 313 314]] [21 [315 317 319 320 321 322 323 324 325]] [22 [331 332 334 336 338 340 341 343 344]] [23 [346 347 349 350 351 353 355 356 359]] [24 [360 361 362 364 366 371 372 374]] [25 [375 376 377 379 381 383 387 388]] [26 [392 393 394 397 398 399 400 401]] [27 [405 407 408 412 413 415 416 417 419]] [28 [421 423 425 427 429 430 433 434]] [29 [436 438 439 443 444 445 446 447 449]] [30 [451 452 454 456 457 458 459 460 462 464]] [31 [467 468 469 470 471 472 474 475 478 479]] [32 [480 482 486 487 489 490 491 492 493]] [33 [495 496 497 501 503 506 507 509]] [34 [510 515 516 517 518 519 520 523 524]] [35 [528 529 531 533 534 536 537 538 539]] [36 [540 542 543 545 546 548 549 551 552 553 554]] [37 [556 558 559 566 567 568]] [38 [572 573 575 576 577 579 581 582 584]] [39 [585 586 587 590 591 592 593 594 596 597 598 599]] [40 [600 601 603 605 606 608 609 610 612 613 614]] [41 [619 620 623 624 625 627 628 629]] [42 [630 631 632 633 639 640 642 643 644]] [43 [645 646 651 653 655 656]] [44 [661 662 664 666 672 674]] [45 [677 678 679 682 683 687]] [46 [691 692 694 698 699 700 701 702 703]] [47 [710 713 716 717]] [48 [721 722 726 727 728 729 730 733 734]] [49 [735 736 739 740 741 746 747 748 749]] [50 [750 752 753 755 756 757 758 760 761 763 764]] [51 [765 766 767 768 769 770 771 772 773 774 777 778 779]] [52 [780 782 784 785 786 788 789 790 792]] [53 [797 798 799 800 804 805 807 808]] [54 [810 811 813 816 817 822 823 824]] [55 [826 828 829 830 833 834 836 838]] [56 [840 841 842 843 845 849 851 852]] [57 [855 856 857 858 859 860 863 864 866 869]] [58 [871 872 874 875 876 880]] [59 [885 889 893 894 896]] [60 [901 907 908 910 914]] [61 [916 920 922 925 929]] [62 [931 937 939 944]] [63 [948 951 953 957 958]] [64 [960 964 965 968 969 970 972 973 974]] [65 [975 976 977 978]] [66 [994 998 999 1002 1003]] [67 [1005 1010 1011 1012 1014 1015 1016 1018]] [68 [1020 1021 1023 1024 1025 1028 1029 1031 1032 1033]] [69 [1035 1036 1038 1040 1042 1043 1047 1048]] [70 [1050 1052 1054 1055 1056 1061 1064]] [71 [1066 1067 1069 1070 1073 1075 1076 1077 1078 1079]] [72 [1080 1084 1086 1088 1089 1090 1091 1094]] [73 [1095 1096 1098 1099 1100 1101 1103 1107 1108 1109]] [74 [1110 1114 1115 1116 1117 1120 1121 1123 1124]] [75 [1125 1128 1129 1135 1136 1137 1138 1139]] [76 [1140 1141 1142 1144 1145 1146 1147 1150 1151 1152 1153]] [77 [1157 1158 1159 1160 1161 1162 1163 1166 1168]] [78 [1171 1172 1173 1175 1176 1177 1178 1179 1181 1182 1184]] [79 [1186 1191 1192 1194 1196 1199]] [80 [1200 1201 1203 1206 1207 1208 1212 1214]] [81 [1215 1218 1219 1220 1221 1222 1223 1224 1225 1226 1227]] [82 [1233 1234 1235 1236 1238 1239 1241 1243 1244]] [83 [1245 1248 1249 1250 1251 1252 1254 1257 1258]] [84 [1260 1261 1263 1266 1269 1270 1272 1273 1274]] [85 [1277 1279 1282 1284 1287]] [86 [1291 1292 1295 1296 1297 1298 1299 1300 1301 1302 1304]] [87 [1305 1308 1309 1310 1311 1312 1318]] [88 [1322 1324 1325 1326 1327 1329 1332 1334]] [89 [1335 1337 1338 1342 1343 1344 1345 1347 1348]] [90 [1351 1352 1353 1354 1355 1359 1360 1361 1364]] [91 [1365 1366 1367 1368 1369 1370 1374 1376 1377 1378 1379]] [92 [1381 1382 1383 1384 1385 1386 1388 1390 1391]] [93 [1395 1397 1398 1399 1401 1405 1406 1408]] [94 [1410 1412 1413 1414 1416 1417 1418 1420 1421]] [95 [1425 1427 1428 1429 1433 1435 1436 1437]] [96 [1440 1441 1444 1445 1448 1450 1451 1453 1454]] [97 [1457 1458 1460 1462 1463 1464 1465 1466 1467 1468]] [98 [1473 1474 1475 1476 1477 1479 1481 1484]] [99 [1485 1487 1489 1490 1492 1493 1495 1497 1498]]]",,"[[{citizen 35} [[""A"" [5 4]]]] [{media 50} [[""A"" [3 3]]]] [{media 52} [[""A"" [3 3]]]] [{media 61} [[""A"" [5 5]]]] [{citizen 9} [[""A"" [5 4]]]] [{media 63} [[""A"" [5 5]]]] [{citizen 0} [[""A"" [5 4]]]] [{citizen 1} [[""A"" [5 4]]]] [{citizen 4} [[""A"" [5 4]]]] [{citizen 15} [[""A"" [5 5]]]] [{citizen 2} [[""A"" [5 5]]]] [{media 64} [[""A"" [6 6]]]] [{citizen 5} [[""A"" [5 4]]]] [{citizen 41} [[""A"" [5 4]]]] [{citizen 48} [[""A"" [5 6]]]] [{citizen 12} [[""A"" [5 4]]]] [{citizen 26} [[""A"" [5 5]]]] [{citizen 34} [[""A"" [4 6]]]] [{citizen 44} [[""A"" [5 6]]]] [{citizen 17} [[""A"" [5 5]]]] [{citizen 30} [[""A"" [5 4]]]] [{citizen 8} [[""A"" [5 4]]]] [{citizen 36} [[""A"" [5 6]]]] [{citizen 3} [[""A"" [6 5]]]] [{citizen 29} [[""A"" [5 4]]]] [{citizen 40} [[""A"" [4 6]]]] [{citizen 19} [[""A"" [5 5]]]] [{citizen 20} [[""A"" [5 6]]]] [{citizen 14} [[""A"" [4 6]]]] [{citizen 42} [[""A"" [5 6]]]] [{media 55} [[""A"" [5 5]]]] [{citizen 32} [[""A"" [5 5]]]] [{citizen 31} [[""A"" [5 5]]]] [{citizen 13} [[""A"" [4 6]]]] [{citizen 25} [[""A"" [5 5]]]] [{citizen 45} [[""A"" [5 5]]]] [{citizen 11} [[""A"" [4 6]]]] [{media 53} [[""A"" [3 3]]]] [{citizen 28} [[""A"" [5 4]]]] [{media 56} [[""A"" [4 4]]]] [{citizen 33} [[""A"" [5 5]]]] [{citizen 39} [[""A"" [4 6]]]] [{citizen 16} [[""A"" [5 4]]]] [{citizen 37} [[""A"" [5 5]]]] [{media 59} [[""A"" [5 5]]]] [{media 58} [[""A"" [5 5]]]] [{media 51} [[""A"" [6 6]]]] [{citizen 18} [[""A"" [5 4]]]] [{media 57} [[""A"" [6 6]]]] [{citizen 47} [[""A"" [5 4]]]] [{citizen 43} [[""A"" [5 6]]]] [{citizen 49} [[""A"" [4 6]]]] [{citizen 27} [[""A"" [5 6]]]] [{citizen 23} [[""A"" [5 4]]]] [{citizen 38} [[""A"" [5 4]]]] [{media 54} [[""A"" [1 1]]]] [{citizen 6} [[""A"" [5 6]]]] [{citizen 10} [[""A"" [5 6]]]] [{citizen 21} [[""A"" [5 5]]]] [{citizen 46} [[""A"" [4 6]]]] [{citizen 7} [[""A"" [5 5]]]] [{citizen 22} [[""A"" [5 5]]]] [{media 60} [[""A"" [2 2]]]] [{media 62} [[""A"" [0 0]]]]]"
"25","[85 0 170]","139.6875","6.578940500503038","-6.305272039063881","""circle""","""""","9.9","{breed citizens}","false","0.5","1","""up""",,"[[""ID"" 45] [""alpha"" 1] [""beta"" 1] [""malleable"" [""A""]] [""prior"" []] [""cont_tokens"" []] [""A"" 4]]","[[0 [1 2 3 4 5 6 7 8 9 11 13 14]] [1 [15 16 17 18 19 20 21 22 23 24 25 26 27 29]] [2 [30 31 32 33 35 36 37 39 40 41 42 43 44]] [3 [45 48 49 50 51 52 54 56 57 58 59]] [4 [61 62 63 65 66 67 68 69 70 71 72 74]] [5 [75 76 77 78 79 80 81 82 83 84 85 86 88]] [6 [90 91 93 94 95 96 97 98 99 100 101 102 103 104]] [7 [105 106 107 111 112 114 116 117 118]] [8 [121 122 123 126 129 130 131 132 134]] [9 [137 140 141 142 143 144 145 146 147]] [10 [151 152 154 155 156 158 159 161 164]] [11 [165 167 170 173 174 176 177 178 179]] [12 [180 181 182 183 185 187 188 189 190 191 192 193 194]] [13 [195 196 197 199 201 202 203 204 206 207 208 209]] [14 [210 211 212 213 215 216 218 220 221 222 223 224]] [15 [225 227 229 231 232 236 237 238 239]] [16 [241 243 244 245 246 247 248 249 250 251 252 254]] [17 [255 256 257 259 260 261 263 265 266 267 268 269]] [18 [270 272 273 274 275 277 278 279 280]] [19 [285 286 289 292 294 295 296 298 299]] [20 [300 301 303 305 310 312 313 314]] [21 [315 317 319 320 321 322 323 324 325]] [22 [331 332 334 336 338 340 341 343 344]] [23 [346 347 349 350 351 353 355 356 359]] [24 [360 361 362 364 366 371 372 374]] [25 [375 376 377 379 381 383 386 387 388]] [26 [392 393 394 397 398 399 400 401]] [27 [405 407 408 412 413 415 416 417 419]] [28 [421 423 425 427 428 429 430 433 434]] [29 [436 438 439 443 444 445 446 447 449]] [30 [451 452 454 456 457 458 459 460 462 463 464]] [31 [467 468 469 470 471 472 473 474 475 478 479]] [32 [480 482 486 487 489 490 491 492 493]] [33 [495 496 497 498 501 503 506 507 509]] [34 [510 511 513 515 516 517 518 519 520 522 523 524]] [35 [526 527 528 529 530 531 533 534 535 536 537 538 539]] [36 [540 542 543 545 546 547 548 549 551 552 553 554]] [37 [555 556 557 558 559 564 565 566 567 568 569]] [38 [570 571 572 573 575 576 577 578 579 580 581 582 583 584]] [39 [585 586 587 589 590 591 592 593 594 595 596 597 598 599]] [40 [600 601 602 603 604 605 606 607 608 609 610 611 612 613 614]] [41 [615 616 617 618 619 620 621 622 623 624 625 627 628 629]] [42 [630 631 632 633 637 639 640 642 643 644]] [43 [645 646 647 648 651 653 655 656 659]] [44 [661 662 663 664 665 666 667 668 669 671 672 673 674]] [45 [675 676 677 678 679 680 682 683 684 686 687 688 689]] [46 [691 692 693 694 696 697 698 699 700 701 702 703 704]] [47 [705 706 707 708 709 710 711 712 713 714 715 716 717 719]] [48 [720 721 722 723 724 725 726 727 728 729 730 731 732 733 734]] [49 [735 736 738 739 740 741 742 744 746 747 748 749]] [50 [750 751 752 753 755 756 757 758 760 761 763 764]] [51 [765 766 767 768 769 770 771 772 773 774 777 778 779]] [52 [780 781 782 783 784 785 786 787 788 789 790 791 792 794]] [53 [795 796 797 798 799 800 801 802 803 804 805 807 808]] [54 [810 811 813 815 816 817 818 819 820 821 822 823 824]] [55 [826 827 828 829 830 831 832 833 834 835 836 837 838 839]] [56 [840 841 842 843 844 845 846 847 848 849 850 851 852 853]] [57 [855 856 857 858 859 860 861 862 863 864 865 866 869]] [58 [870 871 872 874 875 876 880]] [59 [885 889 893 894 896]] [60 [901 907 908 910 914]] [61 [916 920 922 925 929]] [62 [931 932 937 939 944]] [63 [948 951 953 957 958]] [64 [960 964 965 968 969 970 972 973 974]] [65 [975 976 977 978 985]] [66 [990 991 992 993 994 997 998 999 1000 1002 1003]] [67 [1005 1006 1007 1010 1011 1012 1013 1014 1015 1016 1017 1018]] [68 [1020 1021 1022 1023 1024 1025 1026 1028 1029 1030 1031 1032 1033 1034]] [69 [1035 1036 1038 1040 1042 1043 1047 1048 1049]] [70 [1050 1051 1052 1054 1055 1056 1057 1058 1060 1061 1062 1063 1064]] [71 [1065 1066 1067 1069 1070 1071 1073 1074 1075 1076 1077 1078 1079]] [72 [1080 1081 1082 1083 1084 1085 1086 1088 1089 1090 1091 1093 1094]] [73 [1095 1096 1097 1098 1099 1100 1101 1103 1104 1105 1107 1108 1109]] [74 [1110 1111 1112 1113 1114 1115 1116 1117 1118 1120 1121 1123 1124]] [75 [1125 1127 1128 1129 1130 1131 1132 1133 1135 1136 1137 1138 1139]] [76 [1140 1141 1142 1144 1145 1146 1147 1149 1150 1151 1152 1153 1154]] [77 [1155 1156 1157 1158 1159 1160 1161 1162 1163 1164 1166 1167 1168]] [78 [1170 1171 1172 1173 1174 1175 1176 1177 1178 1179 1180 1181 1182 1184]] [79 [1186 1187 1189 1190 1191 1192 1193 1194 1195 1196 1197 1198 1199]] [80 [1200 1201 1202 1203 1204 1205 1206 1207 1208 1212 1213 1214]] [81 [1215 1217 1218 1219 1220 1221 1222 1223 1224 1225 1226 1227 1228]] [82 [1230 1231 1232 1233 1234 1235 1236 1237 1238 1239 1241 1243 1244]] [83 [1245 1247 1248 1249 1250 1251 1252 1253 1254 1255 1256 1257 1258]] [84 [1260 1261 1262 1263 1265 1266 1267 1268 1269 1270 1272 1273 1274]] [85 [1275 1276 1277 1278 1279 1280 1281 1282 1284 1285 1286 1287 1288 1289]] [86 [1290 1291 1292 1293 1295 1296 1297 1298 1299 1300 1301 1302 1304]] [87 [1305 1306 1308 1309 1310 1311 1312 1314 1315 1316 1317 1318 1319]] [88 [1320 1321 1322 1324 1325 1326 1327 1328 1329 1331 1332 1333 1334]] [89 [1335 1336 1337 1338 1339 1341 1342 1343 1344 1345 1347 1348 1349]] [90 [1350 1351 1352 1353 1354 1355 1357 1358 1359 1360 1361 1363 1364]] [91 [1365 1366 1367 1368 1369 1370 1371 1372 1373 1374 1376 1377 1378 1379]] [92 [1380 1381 1382 1383 1384 1385 1386 1387 1388 1389 1390 1391 1392 1393]] [93 [1395 1397 1398 1399 1400 1401 1403 1404 1405 1406 1407 1408 1409]] [94 [1410 1411 1412 1413 1414 1415 1416 1417 1418 1419 1420 1421 1422 1424]] [95 [1425 1426 1427 1428 1429 1430 1431 1432 1433 1435 1436 1437 1439]] [96 [1440 1441 1443 1444 1445 1448 1450 1451 1452 1453 1454]] [97 [1457 1458 1460 1462 1463 1464 1465 1466 1467 1468 1469]] [98 [1470 1471 1473 1474 1475 1476 1477 1478 1479 1480 1481 1483 1484]] [99 [1485 1487 1489 1490 1492 1493 1495 1497 1498]]]","[[0 [1 4 6 8 14]] [1 [17 18 19 21 22 24 25 26 27]] [2 [35 36 37 39 41 42 44]] [3 [45 50 56 57 59]] [4 [62 63 65 67 68 69 70 72 74]] [5 [75 78 79 80 81 84]] [6 [91 93 94 95 96 97 99 100 104]] [7 [105 106 107 111 112 114 116 117 118]] [8 [121 122 123 126 129 130 132 134]] [9 [137 140 141 142 143 144 146 147]] [10 [151 152 154 155 156 158 159 161 164]] [11 [165 167 170 173 174 178]] [12 [180 182 183 187 188 190 191 192 193 194]] [13 [196 197 199 202 204 206 207 209]] [14 [213 215 216 218 220 221 222 223 224]] [15 [225 227 229 231 232 236 237 238]] [16 [244 245 246 247 248 251 252 254]] [17 [259 260 261 263 265 266 267 268 269]] [18 [270 272 273 274 275 278 279 280]] [19 [285 286 289 292 294 295 296 298 299]] [20 [300 301 303 305 310 312 313 314]] [21 [315 317 319 320 321 322 323 324 325]] [22 [331 332 334 336 338 340 341 343 344]] [23 [346 347 349 350 351 353 355 356 359]] [24 [360 361 362 364 366 372 374]] [25 [375 376 377 379 381 383 386 387 388]] [26 [392 393 394 397 398 399 400 401]] [27 [405 407 408 412 415 416 417 419]] [28 [421 423 425 427 428 429 430 433 434]] [29 [436 438 439 443 444 445 446 447 449]] [30 [451 452 457 458 459 460 463 464]] [31 [467 468 469 472 473 474 475 478 479]] [32 [480 482 486 487 489 490 491 492 493]] [33 [495 496 497 498 501 503 506 509]] [34 [511 513 516 517 518 519 520 523 524]] [35 [528 529 531 533 534 536 537 538 539]] [36 [540 542 543 545 546 547 551 552 553 554]] [37 [556 557 558 559 564 565 567 568]] [38 [571 572 573 575 576 577 579 580 581 582 583]] [39 [589 593 594 595 596 597]] [40 [602 604 607 610 612 613]] [41 [615 616 617 618 621 625 627 628 629]] [42 [630 631 632 633 639 640 642 643 644]] [43 [645 646 647 648 651 653 655 659]] [44 [661 662 664 667 668 669 671 672 673 674]] [45 [675 680 682 683 686 688 689]] [46 [691 692 693 696 697 698 699 701 704]] [47 [705 706 707 708 709 714 715 716 717 719]] [48 [720 721 722 725 729 730 733 734]] [49 [735 739 741 746 747 748 749]] [50 [750 752 753 755 756 757 758 760 761 763 764]] [51 [765 767 768 769 770 772 773 774 777 778 779]] [52 [780 787 789 790 792]] [53 [797 799 800 804 805 808]] [54 [810 811 815 816 817 822 823 824]] [55 [826 827 828 829 830 832 835 836 838]] [56 [840 841 842 843 845 849 850 851 852]] [57 [855 856 857 858 859 860 861 862 865 866 869]] [58 [870 872 874 875 876 880]] [59 [885 889 893 894 896]] [60 [901 907 910 914]] [61 [916 920 922 925 929]] [62 [931 937 939 944]] [63 [948 951 953 957 958]] [64 [960 965 968 969 970 972 973 974]] [65 [975 976 977 978]] [66 [994 998 999 1000]] [67 [1006 1007 1010 1011 1013 1014 1017 1018]] [68 [1020 1021 1023 1025 1028 1029 1031 1032 1033]] [69 [1035 1036 1038 1040 1047 1048 1049]] [70 [1050 1052 1055 1056 1061 1064]] [71 [1066 1067 1069 1070 1073 1075 1076 1077 1078 1079]] [72 [1080 1082 1084 1086 1088 1089 1090 1091 1094]] [73 [1095 1096 1098 1099 1100 1101 1104 1105 1107 1108 1109]] [74 [1111 1112 1113 1114 1115 1116 1117 1120 1121 1123 1124]] [75 [1125 1130 1131 1132 1133 1135 1136 1137 1138 1139]] [76 [1140 1141 1142 1144 1145 1146 1147 1149 1151 1152 1153]] [77 [1157 1159 1160 1161 1164 1167]] [78 [1170 1174 1178 1179 1180 1181]] [79 [1187 1190 1191 1192 1194 1195 1196 1199]] [80 [1200 1201 1203 1206 1212 1213]] [81 [1217 1221 1222 1223 1224 1225 1227]] [82 [1232 1233 1234 1237 1238 1239 1243 1244]] [83 [1245 1248 1249 1250 1251 1252 1253 1255 1256 1258]] [84 [1260 1261 1265 1267 1268 1269 1270 1272 1273]] [85 [1275 1278 1280 1281 1282 1284 1285 1286 1288 1289]] [86 [1290 1293 1295 1296 1297 1298 1299 1300 1301 1304]] [87 [1305 1308 1309 1310 1314 1315 1316 1317 1319]] [88 [1320 1321 1324 1325 1326 1327 1329 1332 1333]] [89 [1336 1339 1341 1342 1343 1344 1345 1347 1348 1349]] [90 [1350 1351 1352 1353 1354 1355 1358 1361 1364]] [91 [1365 1366 1367 1368 1369 1370 1374 1376 1377 1378 1379]] [92 [1381 1382 1383 1384 1385 1386 1388 1389 1391]] [93 [1395 1400 1403 1404 1405 1406 1407 1409]] [94 [1410 1412 1413 1414 1416 1417 1418 1420 1422 1424]] [95 [1426 1427 1428 1429 1430 1431 1432 1433 1435 1436 1437]] [96 [1440 1441 1444 1445 1448 1450 1451 1452 1454]] [97 [1457 1460 1462 1464 1465 1466 1467 1468]] [98 [1473 1474 1475 1476 1477 1479 1481 1484]] [99 [1485 1487 1489 1490 1492 1493 1495 1497]]]",,"[[{citizen 28} [[""A"" [5 4]]]] [{citizen 36} [[""A"" [5 5]]]] [{citizen 39} [[""A"" [4 6]]]] [{citizen 44} [[""A"" [6 4]]]] [{media 51} [[""A"" [6 6]]]] [{media 53} [[""A"" [3 3]]]] [{media 54} [[""A"" [1 1]]]] [{media 55} [[""A"" [5 5]]]] [{media 56} [[""A"" [4 4]]]] [{media 57} [[""A"" [6 6]]]] [{media 58} [[""A"" [5 5]]]] [{media 60} [[""A"" [2 2]]]] [{media 62} [[""A"" [0 0]]]] [{media 50} [[""A"" [3 3]]]] [{citizen 0} [[""A"" [5 4]]]] [{citizen 8} [[""A"" [5 4]]]] [{media 63} [[""A"" [5 5]]]] [{citizen 1} [[""A"" [5 4]]]] [{citizen 4} [[""A"" [5 4]]]] [{media 52} [[""A"" [3 3]]]] [{citizen 5} [[""A"" [5 4]]]] [{citizen 46} [[""A"" [5 4]]]] [{citizen 6} [[""A"" [5 6]]]] [{citizen 41} [[""A"" [5 4]]]] [{citizen 48} [[""A"" [4 6]]]] [{citizen 15} [[""A"" [5 4]]]] [{citizen 40} [[""A"" [5 4]]]] [{media 61} [[""A"" [5 5]]]] [{citizen 12} [[""A"" [5 4]]]] [{citizen 26} [[""A"" [5 5]]]] [{citizen 34} [[""A"" [4 6]]]] [{citizen 9} [[""A"" [5 4]]]] [{citizen 2} [[""A"" [5 4]]]] [{citizen 17} [[""A"" [5 4]]]] [{citizen 30} [[""A"" [5 4]]]] [{citizen 3} [[""A"" [6 4]]]] [{citizen 29} [[""A"" [5 4]]]] [{citizen 32} [[""A"" [6 6]]]] [{citizen 19} [[""A"" [5 5]]]] [{citizen 20} [[""A"" [4 4]]]] [{citizen 14} [[""A"" [5 4]]]] [{citizen 42} [[""A"" [5 6]]]] [{citizen 31} [[""A"" [5 5]]]] [{citizen 13} [[""A"" [4 6]]]] [{citizen 35} [[""A"" [5 4]]]] [{citizen 33} [[""A"" [5 4]]]] [{media 64} [[""A"" [6 6]]]] [{citizen 16} [[""A"" [5 4]]]] [{media 59} [[""A"" [5 5]]]] [{citizen 47} [[""A"" [5 4]]]] [{citizen 45} [[""A"" [6 5]]]] [{citizen 43} [[""A"" [4 6]]]] [{citizen 37} [[""A"" [5 5]]]] [{citizen 11} [[""A"" [5 4]]]] [{citizen 49} [[""A"" [5 4]]]] [{citizen 23} [[""A"" [5 4]]]] [{citizen 38} [[""A"" [5 4]]]] [{citizen 27} [[""A"" [5 4]]]] [{citizen 18} [[""A"" [5 4]]]] [{citizen 10} [[""A"" [5 4]]]] [{citizen 21} [[""A"" [5 5]]]] [{citizen 7} [[""A"" [5 4]]]] [{citizen 22} [[""A"" [5 5]]]] [{citizen 24} [[""A"" [5 4]]]]]"
"26","[85 0 170]","149.0625","5.44613429484677","-8.82855846759258","""circle""","""""","9.9","{breed citizens}","false","0.5","1","""up""",,"[[""ID"" 1] [""alpha"" 1] [""beta"" 1] [""malleable"" [""A""]] [""prior"" []] [""cont_tokens"" []] [""A"" 4]]","[[0 [1 2 3 4 5 6 7 8 9 11 13 14]] [1 [15 16 17 18 19 20 21 22 23 24 25 26 27 29]] [2 [30 31 32 33 35 36 37 39 40 41 42 43 44]] [3 [45 46 47 48 49 50 51 52 54 56 57 58 59]] [4 [61 62 63 65 66 67 68 69 70 71 72 74]] [5 [75 76 77 78 79 80 81 82 83 84 85 86 88]] [6 [90 91 93 94 95 96 97 98 99 100 103 104]] [7 [105 106 107 111 112 114 116 117 118]] [8 [121 122 123 126 129 130 131 132 134]] [9 [137 140 141 142 143 144 145 146 147]] [10 [151 152 154 155 156 158 159 161 164]] [11 [165 167 170 173 174 176 177 178 179]] [12 [180 181 182 183 185 187 188 189 190 191 192 193 194]] [13 [195 196 197 199 201 202 203 204 206 207 208 209]] [14 [210 211 212 213 215 216 218 220 221 222 223 224]] [15 [225 227 229 231 232 236 237 238 239]] [16 [241 243 244 245 246 247 248 249 250 251 252 254]] [17 [255 256 257 259 260 261 263 265 266 267 268 269]] [18 [270 272 273 274 275 277 278 279 280]] [19 [285 286 289 292 294 295 296 298 299]] [20 [300 301 303 305 310 312 313 314]] [21 [315 317 319 320 321 322 323 324 325]] [22 [331 332 334 336 338 340 341 343 344]] [23 [346 347 349 350 351 353 355 356 359]] [24 [360 361 362 364 366 371 372 374]] [25 [375 376 377 379 381 383 386 387 388]] [26 [392 393 394 397 398 399 400 401]] [27 [405 407 408 412 413 415 416 417 419]] [28 [421 423 425 427 428 429 430 433 434]] [29 [436 438 439 443 444 445 446 447 449]] [30 [451 452 454 456 457 458 459 460 462 463 464]] [31 [467 468 469 470 471 472 473 474 475 476 477 478 479]] [32 [480 482 486 487 489 490 491 492 493]] [33 [495 496 497 498 501 503 506 507 509]] [34 [510 511 513 515 516 517 518 519 520 522 523 524]] [35 [526 527 528 529 530 531 533 534 535 536 537 538 539]] [36 [540 542 543 545 546 547 548 549 551 552 553 554]] [37 [555 556 557 558 559 564 565 566 567 568 569]] [38 [570 571 572 573 575 576 577 578 579 580 581 582 583 584]] [39 [585 586 587 589 590 591 592 593 594 595 596 597 598 599]] [40 [600 601 602 603 604 605 606 607 608 609 610 611 612 613 614]] [41 [615 616 617 618 619 620 621 622 623 624 625 627 628 629]] [42 [630 631 632 633 637 639 640 642 643 644]] [43 [645 646 647 648 651 653 655 656 659]] [44 [661 662 663 664 665 666 667 668 669 671 672 673 674]] [45 [675 676 677 678 679 680 682 683 684 686 687 688 689]] [46 [691 692 693 694 696 697 698 699 700 701 702 703 704]] [47 [705 706 707 708 709 710 711 712 713 714 715 716 717 719]] [48 [720 721 722 723 724 725 726 727 728 729 730 731 732 733 734]] [49 [735 736 738 739 740 741 742 744 746 747 748 749]] [50 [750 751 752 753 755 756 757 758 760 761 763 764]] [51 [765 766 767 768 769 770 771 772 773 774 777 778 779]] [52 [780 781 782 783 784 785 786 787 788 789 790 791 792 794]] [53 [795 796 797 798 799 800 801 802 803 804 805 807 808]] [54 [810 811 813 815 816 817 818 819 820 821 822 823 824]] [55 [826 827 828 829 830 831 832 833 834 835 836 837 838 839]] [56 [840 841 842 843 844 845 846 847 848 849 850 851 852 853]] [57 [855 856 857 858 859 860 861 862 863 864 865 866 869]] [58 [870 871 872 874 875 876 880]] [59 [885 889 893 894 896]] [60 [901 907 908 910 914]] [61 [916 920 922 925 929]] [62 [931 932 937 939 944]] [63 [948 951 953 957 958]] [64 [960 964 965 968 969 970 972 973 974]] [65 [975 976 977 978 985]] [66 [990 991 992 993 994 997 998 999 1000 1002 1003]] [67 [1005 1006 1007 1010 1011 1012 1013 1014 1015 1016 1017 1018]] [68 [1020 1021 1022 1023 1024 1025 1026 1028 1029 1030 1031 1032 1033 1034]] [69 [1035 1036 1038 1040 1042 1043 1047 1048 1049]] [70 [1050 1051 1052 1054 1055 1056 1057 1058 1060 1061 1062 1063 1064]] [71 [1065 1066 1067 1069 1070 1071 1073 1074 1075 1076 1077 1078 1079]] [72 [1080 1081 1082 1083 1084 1085 1086 1088 1089 1090 1091 1093 1094]] [73 [1095 1096 1097 1098 1099 1100 1101 1103 1104 1105 1107 1108 1109]] [74 [1110 1111 1112 1113 1114 1115 1116 1117 1118 1120 1121 1123 1124]] [75 [1125 1127 1128 1129 1130 1131 1132 1133 1135 1136 1137 1138 1139]] [76 [1140 1141 1142 1144 1145 1146 1147 1149 1150 1151 1152 1153 1154]] [77 [1155 1156 1157 1158 1159 1160 1161 1162 1163 1164 1166 1167 1168]] [78 [1170 1171 1172 1173 1174 1175 1176 1177 1178 1179 1180 1181 1182 1184]] [79 [1186 1187 1189 1190 1191 1192 1193 1194 1195 1196 1197 1198 1199]] [80 [1200 1201 1202 1203 1204 1205 1206 1207 1208 1212 1213 1214]] [81 [1215 1217 1218 1219 1220 1221 1222 1223 1224 1225 1226 1227 1228]] [82 [1230 1231 1232 1233 1234 1235 1236 1237 1238 1239 1241 1243 1244]] [83 [1245 1247 1248 1249 1250 1251 1252 1253 1254 1255 1256 1257 1258]] [84 [1260 1261 1262 1263 1265 1266 1267 1268 1269 1270 1272 1273 1274]] [85 [1275 1276 1277 1278 1279 1280 1281 1282 1284 1285 1286 1287 1288 1289]] [86 [1290 1291 1292 1293 1295 1296 1297 1298 1299 1300 1301 1302 1304]] [87 [1305 1306 1308 1309 1310 1311 1312 1314 1315 1316 1317 1318 1319]] [88 [1320 1321 1322 1324 1325 1326 1327 1328 1329 1331 1332 1333 1334]] [89 [1335 1336 1337 1338 1339 1341 1342 1343 1344 1345 1347 1348 1349]] [90 [1350 1351 1352 1353 1354 1355 1357 1358 1359 1360 1361 1363 1364]] [91 [1365 1366 1367 1368 1369 1370 1371 1372 1373 1374 1376 1377 1378 1379]] [92 [1380 1381 1382 1383 1384 1385 1386 1387 1388 1389 1390 1391 1392 1393 1394]] [93 [1395 1397 1398 1399 1400 1401 1403 1404 1405 1406 1407 1408 1409]] [94 [1410 1411 1412 1413 1414 1415 1416 1417 1418 1419 1420 1421 1422 1424]] [95 [1425 1426 1427 1428 1429 1430 1431 1432 1433 1435 1436 1437 1439]] [96 [1440 1441 1443 1444 1445 1447 1448 1449 1450 1451 1452 1453 1454]] [97 [1457 1458 1460 1462 1463 1464 1465 1466 1467 1468 1469]] [98 [1470 1471 1473 1474 1475 1476 1477 1478 1479 1480 1481 1483 1484]] [99 [1485 1487 1489 1490 1492 1493 1495 1497 1498]]]","[[0 [2 5 6 8 14]] [1 [17 18 19 22 24 25 26 29]] [2 [31 32 33 37 39 40 41 42 44]] [3 [48 49 51 52 54 58 59]] [4 [61 62 65 66 67 68 69 70 71 74]] [5 [75 78 79 80 81 83 85 86 88]] [6 [90 93 94 95 96 97 98 99 100 104]] [7 [105 106 107 111 112 114 116 117 118]] [8 [121 122 123 126 129 130 132 134]] [9 [137 140 141 142 143 144 146 147]] [10 [151 152 154 155 156 158 159 161 164]] [11 [165 167 170 173 176 177 179]] [12 [181 183 187 188 190 191 192 193 194]] [13 [195 199 202 203 206 207 208]] [14 [210 211 212 218 220 221 222 223 224]] [15 [225 227 229 231 232 236 237 238 239]] [16 [241 243 244 245 246 247 248 251 252 254]] [17 [256 257 259 260 261 263 265 266 268 269]] [18 [270 272 273 274 275 278 279 280]] [19 [285 286 289 292 294 295 296 298 299]] [20 [300 301 303 305 312 313 314]] [21 [315 317 319 320 321 322 323 324 325]] [22 [331 332 334 336 338 340 341 343 344]] [23 [346 347 349 350 351 353 355 356 359]] [24 [360 361 362 364 366 372 374]] [25 [375 376 377 379 381 383 386 387 388]] [26 [392 393 394 397 398 399 400 401]] [27 [405 407 408 412 413 415 416 417 419]] [28 [421 423 425 427 428 429 430 433 434]] [29 [436 438 439 443 444 445 446 447 449]] [30 [451 452 456 460 463]] [31 [470 471 472 473 474 475 478 479]] [32 [480 482 486 487 489 490 491 492 493]] [33 [495 496 497 498 501 503 506 507 509]] [34 [510 511 513 517 518 519 520 522]] [35 [526 527 530 535 537 538 539]] [36 [540 542 543 545 546 548 549 551 552 553 554]] [37 [556 558 559 564 565 566 567 568]] [38 [572 573 575 576 577 579 582 583]] [39 [589 593 595 596 597 598 599]] [40 [600 602 603 605 606 608 609 610 612 613]] [41 [615 616 617 618 621 625 627 628 629]] [42 [630 631 632 633 639 640 642 643 644]] [43 [645 646 651 653 655 656 659]] [44 [661 662 664 665 666 667 668 669 671 672 673]] [45 [676 677 678 679 682 683 684 686 688 689]] [46 [691 692 694 698 699 701 704]] [47 [705 706 707 708 709 714 715 716 717]] [48 [722 726 727 728 730 731 732 733 734]] [49 [735 736 739 741 746 748 749]] [50 [750 752 753 755 756 757 758 760 761 763 764]] [51 [765 767 769 770 771 772 773 774 777]] [52 [781 782 784 785 786 788 789 790 792]] [53 [797 799 800 804 805 807 808]] [54 [810 811 813 816 817 824]] [55 [826 828 829 831 833 834 835 837 839]] [56 [840 841 842 843 845 847 849 851 852]] [57 [855 856 857 858 859 861 862 865 866 869]] [58 [871 874 875 876 880]] [59 [885 889 893 894 896]] [60 [901 907 910 914]] [61 [916 922 925 929]] [62 [931 937 939 944]] [63 [948 951 953 957 958]] [64 [960 964 965 968 969 970 972 973 974]] [65 [975 976 977 978 985]] [66 [990 991 992 993 994 997 1002 1003]] [67 [1005 1010 1011 1012 1015 1017 1018]] [68 [1022 1024 1026 1030 1032 1033]] [69 [1035 1036 1038 1042 1043 1047 1048 1049]] [70 [1050 1051 1052 1054 1057 1058 1060 1062 1063 1064]] [71 [1065 1070 1073 1075 1076 1077 1079]] [72 [1080 1082 1083 1085 1093]] [73 [1097 1103 1108 1109]] [74 [1110 1112 1113 1114 1116 1120 1121 1123 1124]] [75 [1125 1127 1128 1131 1132 1133 1136 1137 1138 1139]] [76 [1140 1141 1142 1144 1145 1146 1147 1149 1150 1154]] [77 [1155 1156 1158 1159 1160 1162 1164 1167]] [78 [1170 1174 1178 1180 1181]] [79 [1187 1190 1191 1192 1193 1194 1195 1196 1199]] [80 [1200 1201 1202 1204 1205 1207 1208 1212 1213]] [81 [1215 1218 1219 1220 1221 1222 1223 1224 1225 1226 1228]] [82 [1230 1231 1232 1233 1234 1236 1241 1243 1244]] [83 [1245 1248 1249 1250 1251 1252 1254 1257 1258]] [84 [1260 1262 1263 1265 1267 1268 1269 1270 1272 1273]] [85 [1275 1278 1280 1281 1282 1284 1285 1287 1288 1289]] [86 [1290 1293 1295 1296 1297 1298 1299 1302 1304]] [87 [1305 1308 1309 1310 1311 1312 1318]] [88 [1322 1325 1326 1327 1329 1332 1333]] [89 [1336 1339 1341 1342 1343 1344 1345 1347 1348 1349]] [90 [1350 1351 1352 1353 1354 1355 1358 1363 1364]] [91 [1365 1366 1371 1372]] [92 [1381 1385 1386 1388 1389 1392 1393]] [93 [1395 1397 1398 1399 1404 1405 1406 1407 1409]] [94 [1410 1412 1413 1414 1416 1417 1418 1420 1422 1424]] [95 [1425 1427 1428 1429 1430 1431 1432 1433 1435 1436 1437]] [96 [1440 1441 1444 1445 1448 1450 1451 1453 1454]] [97 [1457 1460 1462 1463 1464 1465 1466 1467 1468]] [98 [1473 1474 1475 1476 1477 1479 1483 1484]] [99 [1485 1487 1489 1490 1492 1493 1495 1497]]]",,"[[{media 51} [[""A"" [6 6]]]] [{media 53} [[""A"" [3 3]]]] [{media 54} [[""A"" [1 1]]]] [{media 55} [[""A"" [5 5]]]] [{media 56} [[""A"" [4 4]]]] [{media 57} [[""A"" [6 6]]]] [{media 58} [[""A"" [5 5]]]] [{media 60} [[""A"" [2 2]]]] [{media 62} [[""A"" [0 0]]]] [{media 50} [[""A"" [3 3]]]] [{citizen 15} [[""A"" [5 4]]]] [{media 63} [[""A"" [5 5]]]] [{citizen 0} [[""A"" [6 4]]]] [{citizen 1} [[""A"" [6 4]]]] [{citizen 4} [[""A"" [5 4]]]] [{citizen 8} [[""A"" [6 4]]]] [{media 52} [[""A"" [3 3]]]] [{citizen 5} [[""A"" [5 4]]]] [{citizen 46} [[""A"" [5 4]]]] [{citizen 6} [[""A"" [5 6]]]] [{citizen 41} [[""A"" [6 4]]]] [{media 61} [[""A"" [5 5]]]] [{citizen 12} [[""A"" [5 4]]]] [{citizen 19} [[""A"" [5 4]]]] [{citizen 48} [[""A"" [4 6]]]] [{citizen 17} [[""A"" [6 4]]]] [{citizen 30} [[""A"" [6 4]]]] [{citizen 29} [[""A"" [5 4]]]] [{citizen 3} [[""A"" [6 4]]]] [{citizen 20} [[""A"" [6 4]]]] [{citizen 14} [[""A"" [5 4]]]] [{citizen 34} [[""A"" [6 4]]]] [{citizen 9} [[""A"" [6 4]]]] [{citizen 44} [[""A"" [6 4]]]] [{citizen 40} [[""A"" [5 4]]]] [{citizen 42} [[""A"" [4 6]]]] [{citizen 32} [[""A"" [5 4]]]] [{citizen 31} [[""A"" [5 4]]]] [{citizen 28} [[""A"" [5 4]]]] [{citizen 25} [[""A"" [6 4]]]] [{citizen 33} [[""A"" [5 4]]]] [{citizen 36} [[""A"" [6 5]]]] [{citizen 39} [[""A"" [4 6]]]] [{citizen 16} [[""A"" [5 4]]]] [{citizen 2} [[""A"" [6 4]]]] [{citizen 37} [[""A"" [5 4]]]] [{media 64} [[""A"" [6 6]]]] [{media 59} [[""A"" [5 5]]]] [{citizen 13} [[""A"" [4 6]]]] [{citizen 35} [[""A"" [6 4]]]] [{citizen 18} [[""A"" [5 4]]]] [{citizen 47} [[""A"" [5 4]]]] [{citizen 27} [[""A"" [5 4]]]] [{citizen 11} [[""A"" [5 4]]]] [{citizen 45} [[""A"" [6 4]]]] [{citizen 43} [[""A"" [4 6]]]] [{citizen 49} [[""A"" [5 4]]]] [{citizen 38} [[""A"" [5 4]]]] [{citizen 23} [[""A"" [6 4]]]] [{citizen 10} [[""A"" [5 4]]]] [{citizen 21} [[""A"" [6 4]]]] [{citizen 22} [[""A"" [6 5]]]] [{citizen 24} [[""A"" [6 4]]]] [{citizen 7} [[""A"" [5 4]]]]]"
"27","[0 0 255]","288.75","-5.021004894690138","2.456795474854331","""circle""","""""","9.9","{breed citizens}","false","0.5","1","""up""",,"[[""ID"" 16] [""alpha"" 1] [""beta"" 1] [""malleable"" [""A""]] [""prior"" []] [""cont_tokens"" []] [""A"" 6]]","[[0 [1 2 4 5 6 7 8 9 10 11 12 13 14]] [1 [16 17 18 19 21 22 23 24 25 26 27 28 29]] [2 [30 31 32 33 35 36 37 39 40 41 42 43 44]] [3 [45 46 47 48 49 50 51 52 54 56 57 58 59]] [4 [61 62 63 64 65 66 67 68 69 70 71 72 74]] [5 [75 76 77 78 79 80 81 82 83 84 85 86 88]] [6 [90 91 93 94 95 96 97 98 99 100 101 102 103 104]] [7 [105 106 107 111 112 114 116 117 118]] [8 [121 122 123 126 129 130 131 132 134]] [9 [137 140 141 142 143 144 145 146 147]] [10 [151 152 154 155 156 158 159 161 164]] [11 [165 167 170 173 174 176 177 178 179]] [12 [180 181 182 183 185 187 188 189 190 191 192 193 194]] [13 [195 196 197 199 201 202 203 204 206 207 208 209]] [14 [210 211 212 213 215 216 218 220 221 222 223 224]] [15 [225 227 229 231 232 236 237 238 239]] [16 [241 243 244 245 246 247 248 249 250 251 252 254]] [17 [255 256 257 259 260 261 263 265 266 267 268 269]] [18 [270 272 273 274 275 277 278 279 280]] [19 [285 286 289 292 294 295 296 298 299]] [20 [300 301 303 305 310 312 313 314]] [21 [315 317 319 320 321 322 323 324 325]] [22 [331 332 334 336 338 340 341 343 344]] [23 [346 347 349 350 351 353 355 356 359]] [24 [360 361 362 364 366 371 372 374]] [25 [375 376 377 379 381 383 386 387 388]] [26 [392 393 394 397 398 399 400 401]] [27 [405 407 408 412 413 415 416 417 419]] [28 [421 423 425 427 428 429 430 433 434]] [29 [436 438 439 443 444 445 446 447 449]] [30 [451 452 454 456 457 458 459 460 462 463 464]] [31 [467 468 469 470 471 472 473 474 475 478 479]] [32 [480 482 486 487 489 490 491 492 493]] [33 [495 496 497 498 501 503 506 507 509]] [34 [510 511 513 515 516 517 518 519 520 522 523 524]] [35 [526 527 528 529 530 531 533 534 535 536 537 538 539]] [36 [540 542 543 545 546 547 548 549 551 552 553 554]] [37 [556 557 558 559 564 565 566 567 568 569]] [38 [570 571 572 573 575 576 577 578 579 580 581 582 583 584]] [39 [585 586 587 589 590 591 592 593 594 595 596 597 598 599]] [40 [600 601 602 603 604 605 606 607 608 609 610 611 612 613 614]] [41 [615 616 617 618 619 620 621 622 623 624 625 627 628 629]] [42 [630 631 632 633 637 639 640 642 643 644]] [43 [645 646 647 648 651 653 655 656 659]] [44 [661 662 663 664 665 666 667 668 669 671 672 673 674]] [45 [675 676 677 678 679 680 682 683 684 686 687 688 689]] [46 [691 692 693 694 696 697 698 699 700 701 702 703 704]] [47 [705 706 707 708 709 710 711 712 713 714 715 716 717 719]] [48 [720 721 722 723 724 725 726 727 728 729 730 731 732 733 734]] [49 [735 736 738 739 740 741 742 744 746 747 748 749]] [50 [750 751 752 753 754 755 756 757 758 760 761 762 763 764]] [51 [765 766 767 768 769 770 771 772 773 774 777 778 779]] [52 [780 781 782 783 784 785 786 787 788 789 790 791 792 794]] [53 [795 796 797 798 799 800 803 804 805 807 808]] [54 [810 811 813 815 816 817 818 819 820 821 822 823 824]] [55 [826 827 828 829 830 831 832 833 834 835 836 837 838 839]] [56 [840 841 842 843 844 845 846 847 848 849 850 851 852 853]] [57 [855 856 857 858 859 860 861 862 863 864 865 866 869]] [58 [870 871 872 874 875 876 880]] [59 [885 889 893 894 896]] [60 [901 907 908 910 914]] [61 [916 920 922 925 929]] [62 [931 932 937 939 944]] [63 [948 951 953 957 958]] [64 [960 964 965 968 969 970 972 973 974]] [65 [975 976 977 978 985]] [66 [990 991 992 993 994 997 998 999 1000 1002 1003]] [67 [1005 1006 1007 1010 1011 1012 1013 1014 1015 1016 1017 1018]] [68 [1020 1021 1022 1023 1024 1025 1026 1028 1029 1030 1031 1032 1033 1034]] [69 [1035 1036 1038 1040 1042 1043 1047 1048 1049]] [70 [1050 1051 1052 1054 1055 1056 1057 1058 1060 1061 1062 1063 1064]] [71 [1065 1066 1067 1069 1070 1071 1073 1074 1075 1076 1077 1078 1079]] [72 [1080 1081 1082 1083 1084 1085 1086 1088 1089 1090 1091 1093 1094]] [73 [1095 1096 1097 1098 1099 1100 1101 1103 1104 1105 1107 1108 1109]] [74 [1110 1111 1112 1113 1114 1115 1116 1117 1118 1120 1121 1123 1124]] [75 [1125 1127 1128 1129 1130 1131 1132 1133 1135 1136 1137 1138 1139]] [76 [1140 1141 1142 1144 1145 1146 1147 1149 1150 1151 1152 1153 1154]] [77 [1155 1156 1157 1158 1159 1160 1161 1162 1163 1164 1166 1167 1168]] [78 [1170 1171 1172 1173 1174 1175 1176 1177 1178 1179 1180 1181 1182 1184]] [79 [1186 1187 1189 1190 1191 1192 1193 1194 1195 1196 1197 1198 1199]] [80 [1200 1201 1202 1203 1204 1205 1206 1207 1208 1210 1211 1212 1213 1214]] [81 [1215 1217 1218 1219 1220 1221 1222 1223 1224 1225 1226 1227 1228]] [82 [1230 1231 1232 1233 1234 1235 1236 1237 1238 1239 1241 1243 1244]] [83 [1245 1247 1248 1249 1250 1251 1252 1253 1254 1255 1256 1257 1258]] [84 [1260 1261 1262 1263 1265 1266 1267 1268 1269 1270 1272 1273 1274]] [85 [1275 1276 1277 1278 1279 1280 1281 1282 1284 1285 1286 1287 1288 1289]] [86 [1290 1291 1292 1293 1295 1296 1297 1298 1299 1300 1301 1302 1304]] [87 [1305 1306 1308 1309 1310 1311 1312 1314 1315 1316 1317 1318 1319]] [88 [1320 1321 1322 1324 1325 1326 1327 1328 1329 1331 1332 1333 1334]] [89 [1335 1336 1337 1338 1339 1341 1342 1343 1344 1345 1347 1348 1349]] [90 [1350 1351 1352 1353 1354 1355 1357 1358 1359 1360 1361 1363 1364]] [91 [1365 1366 1367 1368 1369 1370 1371 1372 1373 1374 1376 1377 1378 1379]] [92 [1380 1381 1382 1383 1384 1385 1386 1387 1388 1389 1390 1391 1392 1393]] [93 [1395 1397 1398 1399 1400 1401 1403 1404 1405 1406 1407 1408 1409]] [94 [1410 1411 1412 1413 1414 1415 1416 1417 1418 1419 1420 1421 1422 1424]] [95 [1425 1426 1427 1428 1429 1430 1431 1432 1433 1435 1436 1437 1439]] [96 [1440 1441 1443 1444 1445 1448 1450 1451 1452 1453 1454]] [97 [1457 1458 1460 1462 1463 1464 1465 1466 1467 1468 1469]] [98 [1470 1471 1473 1474 1475 1476 1477 1478 1479 1480 1481 1483 1484]] [99 [1485 1487 1489 1490 1492 1493 1495 1497 1498]]]","[[0 [2 5 6 8 9 11]] [1 [16 21 22 23 24 25 26 29]] [2 [30 31 32 33 36 37 39 42 44]] [3 [45 48 50 56 57]] [4 [61 62 63 65 66 69 70 71]] [5 [76 77 80 81 84]] [6 [91 93 94 95 97 99 100 104]] [7 [105 106 107 111 112 114 116 117 118]] [8 [121 122 123 126 129 130 132 134]] [9 [137 140 141 142 143 144 146 147]] [10 [151 152 154 155 156 158 159 161 164]] [11 [165 167 170 173 174 178 179]] [12 [181 182 185 189 191 192 193 194]] [13 [196 197 201 202 203 207 208]] [14 [210 211 212 216 218 220 221 222 224]] [15 [225 227 229 231 232 236 237 238 239]] [16 [241 243 244 245 246 247 248 251 254]] [17 [255 256 257 259 260 261 263 265 266 268 269]] [18 [270 272 273 274 275 278 279 280]] [19 [285 286 289 292 294 295 296 298 299]] [20 [300 301 303 305 310 312 313 314]] [21 [315 317 319 320 321 322 323 324 325]] [22 [331 332 334 338 340 341 343 344]] [23 [346 347 349 350 351 353 355 356 359]] [24 [360 361 362 364 366 371 372 374]] [25 [375 376 377 379 381 383 386 387 388]] [26 [392 393 394 397 398 399 400 401]] [27 [405 407 408 412 413 415 416 417 419]] [28 [421 425 427 428 429 430 433 434]] [29 [436 438 439 443 444 445 446 447 449]] [30 [451 452 457 458 459 460 463 464]] [31 [467 468 469 470 471 472 473 474 475 478 479]] [32 [480 482 486 487 489 490 491 492 493]] [33 [495 496 497 498 501 503 506 507 509]] [34 [510 515 516 517 518 519 520 523 524]] [35 [528 529 531 533 534 536 537 538 539]] [36 [540 542 543 545 546 547 552 553 554]] [37 [556 558 564 565 566 567 568 569]] [38 [570 571 572 573 575 576 577 579 580 581 582 583]] [39 [589 591 592 594 595 596 597 598]] [40 [600 602 603 605 606 608 609 610 612]] [41 [615 616 617 618 621 625 627 628 629]] [42 [630 631 632 633 639 640 642 643 644]] [43 [645 646 648 651 653 655 659]] [44 [661 662 664 667 668 669 671 672 673 674]] [45 [677 678 679 680 683 684 686 687]] [46 [691 692 693 696 697 698 699 701 704]] [47 [705 706 707 708 709 714 715 716 717]] [48 [721 723 724]] [49 [736 742]] [50 [751 753 755 756 757 758 760 761 763 764]] [51 [768 769 770 771 772 773 774 777]] [52 [781 783 784 785 786 788 790 792 794]] [53 [795 796 797 799 800 804 805 807 808]] [54 [810 811 815 818 819 820 821 822 823 824]] [55 [826 828 829 830 832 835 837 839]] [56 [841 842 843 845 849 851 852]] [57 [855 856 857 858 859 861 862 865 866 869]] [58 [870 871 872 874 875 876 880]] [59 [885 889 893 894 896]] [60 [901 907 908 910 914]] [61 [916 920 922 925 929]] [62 [931 932 937 939 944]] [63 [948 951 953 957 958]] [64 [960 964 965 968 969 970 972 974]] [65 [975 976 977 978]] [66 [994 998 999 1000 1002 1003]] [67 [1005 1010 1011 1012 1014 1015 1016 1018]] [68 [1022 1024 1025 1026 1030 1032 1033]] [69 [1035 1036 1038 1042 1043 1047 1048]] [70 [1051 1052 1054 1055 1056 1061 1064]] [71 [1065 1070 1073 1075 1076 1077 1079]] [72 [1080 1084 1085 1090 1091 1094]] [73 [1095 1096 1098 1099 1100 1101 1103 1104 1105 1107 1108 1109]] [74 [1110 1112 1113 1114 1115 1116 1117 1120 1121 1123 1124]] [75 [1125 1130 1131 1132 1133 1136 1137 1138 1139]] [76 [1140 1141 1142 1144 1145 1146 1147 1149 1151 1152 1153]] [77 [1155 1156 1158 1159 1160 1161 1162 1163 1166 1168]] [78 [1171 1173 1175 1176 1177 1178 1179 1182 1184]] [79 [1186 1189 1191 1192 1194 1195 1196 1197 1198]] [80 [1201 1202 1204 1205 1207 1208 1212 1214]] [81 [1215 1218 1219 1220 1221 1222 1223 1224 1225 1226 1228]] [82 [1230 1231 1232 1233 1234 1237 1238 1239 1241 1243 1244]] [83 [1245 1248 1249 1250 1251 1252 1253 1255 1256 1257]] [84 [1261 1263 1265 1267 1268 1269 1270 1272 1273]] [85 [1275 1278 1280 1281 1282 1284 1285 1286 1287 1288 1289]] [86 [1290 1293 1295 1297 1298 1299 1300 1301 1304]] [87 [1305 1308 1309 1310 1311 1312 1316 1317 1319]] [88 [1320 1321 1324 1325 1326 1327 1328 1331 1334]] [89 [1335 1337 1338 1342 1343 1344 1345 1347 1349]] [90 [1350 1351 1352 1353 1354 1355 1358 1363 1364]] [91 [1365 1366 1369 1370 1373 1374 1376 1377 1378 1379]] [92 [1381 1382 1383 1384 1385 1386 1388 1389 1392 1393]] [93 [1395 1398 1399 1401 1408]] [94 [1411 1415 1419 1422 1424]] [95 [1426 1428 1429 1432 1433 1435 1436 1437]] [96 [1440 1441 1444 1445 1448 1450 1451 1452 1454]] [97 [1457 1460 1462 1463 1464 1465 1466 1467 1468]] [98 [1473 1474 1475 1476 1477 1479 1483 1484]] [99 [1485 1487 1489 1490 1492 1493 1495 1497 1498]]]",,"[[{media 51} [[""A"" [6 6]]]] [{media 53} [[""A"" [3 3]]]] [{media 54} [[""A"" [1 1]]]] [{media 55} [[""A"" [5 5]]]] [{media 57} [[""A"" [6 6]]]] [{media 58} [[""A"" [5 5]]]] [{media 60} [[""A"" [2 2]]]] [{media 62} [[""A"" [0 0]]]] [{media 50} [[""A"" [3 3]]]] [{citizen 0} [[""A"" [5 4]]]] [{media 63} [[""A"" [5 5]]]] [{media 52} [[""A"" [3 3]]]] [{citizen 4} [[""A"" [5 4]]]] [{media 61} [[""A"" [5 5]]]] [{citizen 2} [[""A"" [6 5]]]] [{citizen 9} [[""A"" [5 4]]]] [{citizen 12} [[""A"" [6 4]]]] [{citizen 17} [[""A"" [6 4]]]] [{media 64} [[""A"" [6 6]]]] [{citizen 5} [[""A"" [5 4]]]] [{citizen 41} [[""A"" [5 4]]]] [{citizen 19} [[""A"" [6 6]]]] [{citizen 1} [[""A"" [5 4]]]] [{citizen 48} [[""A"" [6 6]]]] [{citizen 30} [[""A"" [6 4]]]] [{citizen 29} [[""A"" [6 4]]]] [{citizen 3} [[""A"" [6 6]]]] [{citizen 20} [[""A"" [5 6]]]] [{citizen 14} [[""A"" [4 6]]]] [{citizen 34} [[""A"" [4 6]]]] [{citizen 44} [[""A"" [5 6]]]] [{citizen 8} [[""A"" [5 4]]]] [{citizen 40} [[""A"" [5 4]]]] [{citizen 42} [[""A"" [5 6]]]] [{citizen 15} [[""A"" [6 5]]]] [{citizen 32} [[""A"" [6 6]]]] [{citizen 31} [[""A"" [5 5]]]] [{citizen 13} [[""A"" [4 6]]]] [{citizen 35} [[""A"" [5 4]]]] [{citizen 36} [[""A"" [6 5]]]] [{citizen 25} [[""A"" [5 6]]]] [{citizen 28} [[""A"" [5 4]]]] [{media 56} [[""A"" [4 4]]]] [{citizen 33} [[""A"" [5 5]]]] [{citizen 39} [[""A"" [4 6]]]] [{citizen 16} [[""A"" [5 4]]]] [{media 59} [[""A"" [5 5]]]] [{citizen 26} [[""A"" [5 5]]]] [{citizen 37} [[""A"" [6 5]]]] [{citizen 18} [[""A"" [5 4]]]] [{citizen 45} [[""A"" [5 6]]]] [{citizen 23} [[""A"" [6 4]]]] [{citizen 47} [[""A"" [5 4]]]] [{citizen 43} [[""A"" [5 6]]]] [{citizen 49} [[""A"" [4 6]]]] [{citizen 11} [[""A"" [5 4]]]] [{citizen 38} [[""A"" [5 4]]]] [{citizen 46} [[""A"" [5 4]]]] [{citizen 6} [[""A"" [6 6]]]] [{citizen 10} [[""A"" [5 6]]]] [{citizen 21} [[""A"" [6 5]]]] [{citizen 7} [[""A"" [5 4]]]] [{citizen 22} [[""A"" [6 5]]]] [{citizen 24} [[""A"" [6 4]]]]]"
"28","[85 0 170]","300","-4.0274148750555225","2.2556638233929203","""circle""","""""","9.9","{breed citizens}","false","0.5","1","""up""",,"[[""ID"" 25] [""alpha"" 1] [""beta"" 1] [""malleable"" [""A""]] [""prior"" []] [""cont_tokens"" []] [""A"" 4]]","[[0 [1 2 3 4 6 7 8 9 11 12 13 14]] [1 [16 17 18 19 21 22 23 24 25 26 27 28 29]] [2 [30 31 32 33 34 35 36 37 38 39 40 41 42 43 44]] [3 [45 46 47 48 49 50 51 52 54 56 57 58 59]] [4 [61 62 63 65 66 67 68 69 70 71 72 74]] [5 [75 76 77 78 79 80 81 82 83 84 85 86 88]] [6 [90 91 93 94 95 96 97 98 99 100 103 104]] [7 [105 106 107 111 112 114 116 117 118]] [8 [121 122 123 126 129 130 131 132 134]] [9 [137 140 141 142 143 144 145 146 147]] [10 [151 152 154 155 156 158 159 161 164]] [11 [165 167 170 173 174 176 177 178 179]] [12 [180 181 182 183 185 187 188 189 190 191 192 193 194]] [13 [195 196 197 199 201 202 203 204 206 207 208 209]] [14 [210 211 212 213 215 216 218 220 221 222 223 224]] [15 [225 227 229 231 232 236 237 238 239]] [16 [241 243 244 245 246 247 248 249 250 251 252 254]] [17 [255 256 257 259 260 261 263 265 266 267 268 269]] [18 [270 272 273 274 275 277 278 279 280]] [19 [285 286 289 292 294 295 296 298 299]] [20 [300 301 303 305 310 312 313 314]] [21 [315 317 319 320 321 322 323 324 325]] [22 [331 332 334 336 338 340 341 343 344]] [23 [346 347 349 350 351 353 355 356 359]] [24 [360 361 362 364 366 371 372 374]] [25 [375 376 377 379 381 383 386 387 388]] [26 [392 393 394 397 398 399 400 401]] [27 [405 407 408 412 413 415 416 417 419]] [28 [421 423 425 427 428 429 430 433 434]] [29 [436 438 439 443 444 445 446 447 449]] [30 [451 452 454 456 457 458 459 460 462 463 464]] [31 [467 468 469 470 471 472 473 474 475 476 477 478 479]] [32 [480 482 486 487 489 490 491 492 493]] [33 [495 496 497 498 501 503 506 507 509]] [34 [510 511 513 515 516 517 518 519 520 522 523 524]] [35 [526 527 528 529 530 531 533 534 535 536 537 538 539]] [36 [540 542 543 545 546 547 548 549 551 552 553 554]] [37 [555 556 557 558 559 564 565 566 567 568 569]] [38 [570 571 572 573 575 576 577 578 579 580 581 582 583 584]] [39 [585 586 587 589 590 591 592 593 594 595 596 597 598 599]] [40 [600 601 602 603 604 605 606 607 608 609 610 611 612 613 614]] [41 [615 616 617 618 619 620 621 622 623 624 625 627 628 629]] [42 [630 631 632 633 634 635 637 639 640 642 643 644]] [43 [645 646 647 648 651 653 655 656 659]] [44 [661 662 663 664 665 666 667 668 669 671 672 673 674]] [45 [675 676 677 678 679 680 682 683 684 686 687 688 689]] [46 [691 692 693 694 696 697 698 699 700 701 702 703 704]] [47 [705 706 707 708 709 710 711 712 713 714 715 716 717 719]] [48 [720 721 722 723 724 725 726 727 728 729 730 731 732 733 734]] [49 [735 736 738 739 740 741 742 744 746 747 748 749]] [50 [750 751 752 753 755 756 757 758 760 761 763 764]] [51 [765 766 767 768 769 770 771 772 773 774 777 778 779]] [52 [780 781 782 783 784 785 786 787 788 789 790 791 792 794]] [53 [795 796 797 798 799 800 803 804 805 807 808]] [54 [810 811 813 815 816 817 818 819 820 821 822 823 824]] [55 [826 827 828 829 830 831 832 833 834 835 836 837 838 839]] [56 [840 841 842 843 844 845 846 847 848 849 850 851 852 853]] [57 [855 856 857 858 859 860 861 862 863 864 865 866 869]] [58 [870 871 872 874 875 876 880]] [59 [885 889 893 894 896]] [60 [901 907 908 910 914]] [61 [916 920 922 925 929]] [62 [931 932 937 939 944]] [63 [948 951 953 957 958]] [64 [960 964 965 968 969 970 972 973 974]] [65 [975 976 977 978 985]] [66 [990 991 992 993 994 997 998 999 1000 1002 1003]] [67 [1005 1006 1007 1010 1011 1012 1013 1014 1015 1016 1017 1018]] [68 [1020 1021 1022 1023 1024 1025 1026 1028 1029 1030 1031 1032 1033 1034]] [69 [1035 1036 1038 1040 1042 1043 1047 1048 1049]] [70 [1050 1051 1052 1054 1055 1056 1057 1058 1060 1061 1062 1063 1064]] [71 [1065 1066 1067 1069 1070 1071 1073 1074 1075 1076 1077 1078 1079]] [72 [1080 1081 1082 1083 1084 1085 1086 1088 1089 1090 1091 1093 1094]] [73 [1095 1096 1097 1098 1099 1100 1101 1103 1104 1105 1107 1108 1109]] [74 [1110 1111 1112 1113 1114 1115 1116 1117 1118 1120 1121 1123 1124]] [75 [1125 1127 1128 1129 1130 1131 1132 1133 1135 1136 1137 1138 1139]] [76 [1140 1141 1142 1144 1145 1146 1147 1149 1150 1151 1152 1153 1154]] [77 [1155 1156 1157 1158 1159 1160 1161 1162 1163 1164 1166 1167 1168]] [78 [1170 1171 1172 1173 1174 1175 1176 1177 1178 1179 1180 1181 1182 1184]] [79 [1186 1187 1189 1190 1191 1192 1193 1194 1195 1196 1197 1198 1199]] [80 [1200 1201 1202 1203 1204 1205 1206 1207 1208 1212 1213 1214]] [81 [1215 1217 1218 1219 1220 1221 1222 1223 1224 1225 1226 1227 1228]] [82 [1230 1231 1232 1233 1234 1235 1236 1237 1238 1239 1241 1243 1244]] [83 [1245 1247 1248 1249 1250 1251 1252 1253 1254 1255 1256 1257 1258]] [84 [1260 1261 1262 1263 1265 1266 1267 1268 1269 1270 1272 1273 1274]] [85 [1275 1276 1277 1278 1279 1280 1281 1282 1284 1285 1286 1287 1288 1289]] [86 [1290 1291 1292 1293 1295 1296 1297 1298 1299 1300 1301 1302 1304]] [87 [1305 1306 1308 1309 1310 1311 1312 1314 1315 1316 1317 1318 1319]] [88 [1320 1321 1322 1324 1325 1326 1327 1328 1329 1331 1332 1333 1334]] [89 [1335 1336 1337 1338 1339 1341 1342 1343 1344 1345 1347 1348 1349]] [90 [1350 1351 1352 1353 1354 1355 1357 1358 1359 1360 1361 1363 1364]] [91 [1365 1366 1367 1368 1369 1370 1371 1372 1373 1374 1376 1377 1378 1379]] [92 [1380 1381 1382 1383 1384 1385 1386 1388 1389 1390 1391 1392 1393]] [93 [1395 1397 1398 1399 1400 1401 1403 1404 1405 1406 1407 1408 1409]] [94 [1410 1411 1412 1413 1414 1415 1416 1417 1418 1419 1420 1421 1422 1424]] [95 [1425 1426 1427 1428 1429 1430 1431 1432 1433 1434 1435 1436 1437 1438 1439]] [96 [1440 1441 1443 1444 1445 1448 1450 1451 1452 1453 1454]] [97 [1457 1458 1460 1462 1463 1464 1465 1466 1467 1468 1469]] [98 [1470 1471 1473 1474 1475 1476 1477 1478 1479 1480 1481 1483 1484]] [99 [1485 1487 1489 1490 1492 1493 1495 1497 1498]]]","[[0 [1 3 4 6 8 11]] [1 [16 21 22 23 24 25 26 29]] [2 [30 31 32 33 37 40 41 42 44]] [3 [45 48 50 51 52 54 58 59]] [4 [61 62 65 66 67 68 69 70 72 74]] [5 [75 78 79 80 81 83 85 86 88]] [6 [90 91 94 95 96 97 99 100 104]] [7 [105 106 107 111 112 114 116 117 118]] [8 [121 122 123 126 129 130 131 132 134]] [9 [137 140 141 142 143 145 146 147]] [10 [151 152 154 155 156 158 159 161 164]] [11 [165 170 173 174 176 177 179]] [12 [181 182 185 189 191 192 193 194]] [13 [195 197 201 202 203 204 206 207 208 209]] [14 [213 215 216 218 220 221 222 224]] [15 [225 227 229 231 232 236 237 238]] [16 [245 246 247 248 251 252 254]] [17 [255 256 257 265 266 267 268 269]] [18 [270 272 273 274 275 277 279 280]] [19 [285 286 289 292 294 295 296 298 299]] [20 [300 301 303 305 310 312 313 314]] [21 [315 317 319 320 321 322 323 324 325]] [22 [331 332 334 338 340 341 343 344]] [23 [346 347 349 350 351 353 355 356 359]] [24 [360 361 362 364 366 371 372 374]] [25 [375 376 377 379 381 383 386 387 388]] [26 [392 393 394 397 398 399 401]] [27 [405 407 408 412 413 415 416 417 419]] [28 [421 423 425 427 429 430 433 434]] [29 [436 438 439 443 444 445 446 447 449]] [30 [451 452 456 457 458 459 460 463]] [31 [468 469 472 473 474 475 478 479]] [32 [480 486 487 489 490 491 492 493]] [33 [495 496 497 498 501 503 506 509]] [34 [510 515 516 517 518 519 520 523 524]] [35 [528 529 531 533 534 535 537 538 539]] [36 [540 542 543 545 546 548 549 551 552 553 554]] [37 [556 558 559 564 565 567 568]] [38 [571 576 578 580 581 582 583]] [39 [589 591 592 593 594 599]] [40 [600 601 602 607 613]] [41 [615 616 617 618 621 625 627 628]] [42 [630 631 632 633 637 639 640 642 643 644]] [43 [645 646 647 648 651 653 655 656]] [44 [661 663 665 666 667 668 669 671 672 673 674]] [45 [675 680 682 683 686 687]] [46 [691 692 693 696 697 698 699 701 704]] [47 [705 707 708 709 714 715 716 717]] [48 [721 722 726 727 728 729 731 732 733 734]] [49 [735 739 740 741 746 747 748 749]] [50 [750 752 753 755 756 757 758 760 761 763 764]] [51 [767 769 770 771 772 773 774 777 778 779]] [52 [780 782 784 785 786 788 790 791 794]] [53 [795 796 797 799 800 804 805 808]] [54 [810 811 815 816 817 818 819 820 821 822 823 824]] [55 [826 828 829 831 833 834 836 838 839]] [56 [840 841 842 843 845 847 848 850 851 852]] [57 [855 856 857 858 859 861 862 865 866 869]] [58 [870 871 872 874 875 876 880]] [59 [885 889 893 894 896]] [60 [901 907 908 910 914]] [61 [916 920 922 925 929]] [62 [931 937 939 944]] [63 [948 951 953 957 958]] [64 [960 964 965 968 969 970 972 973 974]] [65 [975 976 977 978]] [66 [994 998 999 1000 1002 1003]] [67 [1005 1010 1011 1013 1014 1017]] [68 [1020 1021 1023 1024 1025 1026 1030 1032 1033]] [69 [1035 1036 1038 1042 1043 1047 1048 1049]] [70 [1050 1051 1052 1054 1055 1056 1061 1064]] [71 [1066 1067 1069 1070 1073 1075 1076 1077 1078 1079]] [72 [1080 1082 1083 1084 1085 1089 1090 1091 1094]] [73 [1095 1096 1098 1099 1100 1101 1103 1104 1105 1107 1108 1109]] [74 [1111 1112 1113 1114 1115 1116 1117 1120 1121 1123 1124]] [75 [1125 1130 1131 1132 1133 1135 1136 1137 1138 1139]] [76 [1140 1141 1142 1144 1145 1146 1147 1149 1151 1152 1153]] [77 [1155 1156 1158 1159 1160 1161 1162 1164 1167]] [78 [1170 1174 1178 1180 1181]] [79 [1187 1189 1191 1192 1194 1195 1196 1199]] [80 [1200 1201 1203 1204 1205 1207 1208 1212 1214]] [81 [1215 1218 1219 1220 1221 1223 1225 1227]] [82 [1230 1231 1232 1234 1236 1238 1239 1243]] [83 [1247 1251 1252 1253 1255 1258]] [84 [1260 1261 1265 1267]] [85 [1276 1277 1279 1281 1282 1284 1285 1286 1287 1288 1289]] [86 [1290 1293 1295 1296 1297 1298 1299 1300 1301 1302 1304]] [87 [1305 1308 1309 1310 1311 1312 1316 1317 1318]] [88 [1322 1325 1326 1327 1329 1332 1333]] [89 [1336 1339 1341 1342 1343 1344 1345 1347 1348 1349]] [90 [1350 1351 1352 1353 1354 1355 1359 1360 1361]] [91 [1365 1366 1370 1374 1376 1377 1378]] [92 [1380 1382 1383 1384 1385 1386 1388 1389 1391 1392 1393]] [93 [1395 1398 1399 1401]] [94 [1411 1415 1419]] [95 [1426 1427 1428 1429 1430 1431 1432 1433 1435 1436 1437]] [96 [1440 1441 1444 1445 1448 1450 1451 1452 1453 1454]] [97 [1458 1462 1463 1464 1465 1466 1467 1468]] [98 [1473 1474 1475 1476 1477 1479 1481 1484]] [99 [1485 1487 1489 1490 1492 1493 1495 1497]]]",,"[[{citizen 32} [[""A"" [6 5]]]] [{media 51} [[""A"" [6 6]]]] [{media 53} [[""A"" [3 3]]]] [{media 54} [[""A"" [1 1]]]] [{media 55} [[""A"" [5 5]]]] [{media 56} [[""A"" [4 4]]]] [{media 57} [[""A"" [6 6]]]] [{media 58} [[""A"" [5 5]]]] [{media 60} [[""A"" [2 2]]]] [{media 62} [[""A"" [0 0]]]] [{citizen 25} [[""A"" [6 6]]]] [{media 63} [[""A"" [5 5]]]] [{citizen 0} [[""A"" [5 4]]]] [{citizen 1} [[""A"" [5 4]]]] [{citizen 4} [[""A"" [5 4]]]] [{citizen 8} [[""A"" [6 5]]]] [{media 52} [[""A"" [3 3]]]] [{citizen 5} [[""A"" [6 5]]]] [{media 64} [[""A"" [6 6]]]] [{media 50} [[""A"" [3 3]]]] [{citizen 41} [[""A"" [6 4]]]] [{citizen 48} [[""A"" [5 6]]]] [{citizen 15} [[""A"" [5 6]]]] [{citizen 40} [[""A"" [6 5]]]] [{media 61} [[""A"" [5 5]]]] [{citizen 12} [[""A"" [6 4]]]] [{citizen 26} [[""A"" [6 5]]]] [{citizen 34} [[""A"" [4 6]]]] [{citizen 9} [[""A"" [6 4]]]] [{citizen 44} [[""A"" [5 6]]]] [{citizen 2} [[""A"" [6 5]]]] [{citizen 17} [[""A"" [6 6]]]] [{citizen 30} [[""A"" [6 4]]]] [{citizen 36} [[""A"" [6 5]]]] [{citizen 3} [[""A"" [6 6]]]] [{citizen 29} [[""A"" [5 6]]]] [{citizen 19} [[""A"" [6 5]]]] [{citizen 20} [[""A"" [5 6]]]] [{citizen 14} [[""A"" [6 4]]]] [{citizen 42} [[""A"" [5 6]]]] [{citizen 33} [[""A"" [6 5]]]] [{citizen 39} [[""A"" [6 6]]]] [{citizen 16} [[""A"" [5 4]]]] [{citizen 37} [[""A"" [6 6]]]] [{media 59} [[""A"" [5 5]]]] [{citizen 35} [[""A"" [6 4]]]] [{citizen 31} [[""A"" [5 6]]]] [{citizen 18} [[""A"" [5 4]]]] [{citizen 45} [[""A"" [6 6]]]] [{citizen 23} [[""A"" [6 4]]]] [{citizen 47} [[""A"" [5 4]]]] [{citizen 43} [[""A"" [6 6]]]] [{citizen 49} [[""A"" [6 5]]]] [{citizen 27} [[""A"" [6 5]]]] [{citizen 11} [[""A"" [6 4]]]] [{citizen 13} [[""A"" [4 6]]]] [{citizen 38} [[""A"" [6 6]]]] [{citizen 46} [[""A"" [5 5]]]] [{citizen 6} [[""A"" [6 6]]]] [{citizen 7} [[""A"" [6 5]]]] [{citizen 10} [[""A"" [5 6]]]] [{citizen 21} [[""A"" [6 5]]]] [{citizen 22} [[""A"" [5 6]]]] [{citizen 24} [[""A"" [5 6]]]]]"
"29","[85 0 170]","311.25","-4.953519289023435","2.600072493867661","""circle""","""""","9.9","{breed citizens}","false","0.5","1","""up""",,"[[""ID"" 27] [""alpha"" 1] [""beta"" 1] [""malleable"" [""A""]] [""prior"" []] [""cont_tokens"" []] [""A"" 4]]","[[0 [1 2 3 4 6 7 8 9 10 11 12 13 14]] [1 [16 17 18 19 22 23 24 25 26 29]] [2 [30 31 32 33 35 36 37 39 40 41 42 43 44]] [3 [45 46 47 48 49 50 51 52 54 56 57 58 59]] [4 [61 62 63 64 65 66 67 68 69 70 71 72 74]] [5 [75 76 77 78 79 80 81 82 83 84 85 86 88]] [6 [90 91 93 94 95 96 97 98 99 100 101 102 103 104]] [7 [105 106 107 111 112 114 116 117 118]] [8 [121 122 123 126 129 130 131 132 134]] [9 [137 140 141 142 143 144 145 146 147]] [10 [151 152 154 155 156 158 159 161 164]] [11 [165 167 170 173 174 176 177 178 179]] [12 [180 181 182 183 185 187 188 189 190 191 192 193 194]] [13 [195 196 197 199 201 202 203 204 206 207 208 209]] [14 [210 211 212 213 215 216 218 220 221 222 223 224]] [15 [225 227 229 231 232 236 237 238 239]] [16 [241 243 244 245 246 247 248 249 250 251 252 254]] [17 [255 256 257 259 260 261 263 265 266 267 268 269]] [18 [270 272 273 274 275 277 278 279 280]] [19 [285 286 289 292 294 295 296 298 299]] [20 [300 301 303 305 310 312 313 314]] [21 [315 317 319 320 321 322 323 324 325]] [22 [331 332 334 336 338 340 341 343 344]] [23 [346 347 349 350 351 353 355 356 359]] [24 [360 361 362 364 366 371 372 374]] [25 [375 376 377 379 381 383 386 387 388]] [26 [392 393 394 397 398 399 400 401]] [27 [405 407 408 412 413 415 416 417 419]] [28 [421 423 425 427 428 429 430 433 434]] [29 [436 438 439 443 444 445 446 447 449]] [30 [451 452 454 456 457 458 459 460 462 463 464]] [31 [467 468 469 470 471 472 473 474 475 476 477 478 479]] [32 [480 482 486 487 489 490 491 492 493]] [33 [495 496 497 498 501 503 506 507 509]] [34 [510 511 513 515 516 517 518 519 520 522 523 524]] [35 [526 527 528 529 530 531 533 534 535 536 537 538 539]] [36 [540 542 543 545 546 547 548 549 551 552 553 554]] [37 [555 556 557 558 559 564 565 566 567 568 569]] [38 [570 571 572 573 575 576 577 578 579 580 581 582 583 584]] [39 [585 586 587 589 590 591 592 593 594 595 596 597 598 599]] [40 [600 601 602 603 604 605 606 607 608 609 610 611 612 613 614]] [41 [615 616 617 618 619 620 621 622 623 624 625 627 628 629]] [42 [630 631 632 633 634 635 637 639 640 642 643 644]] [43 [645 646 647 648 651 653 655 656 659]] [44 [661 662 663 664 665 666 667 668 669 671 672 673 674]] [45 [675 676 677 678 679 680 682 683 684 686 687 688 689]] [46 [691 692 693 694 696 697 698 699 700 701 702 703 704]] [47 [705 706 707 708 709 710 711 712 713 714 715 716 717 719]] [48 [720 721 722 723 724 725 726 727 728 729 730 731 732 733 734]] [49 [735 736 738 739 740 741 742 744 746 747 748 749]] [50 [750 751 752 753 754 755 756 757 758 760 761 763 764]] [51 [765 766 767 768 769 770 771 772 773 774 777 778 779]] [52 [780 781 782 783 784 785 786 787 788 789 790 791 792 794]] [53 [795 796 797 798 799 800 803 804 805 807 808]] [54 [810 811 813 815 816 817 818 819 820 821 822 823 824]] [55 [826 827 828 829 830 831 832 833 834 835 836 837 838 839]] [56 [840 841 842 843 844 845 846 847 848 849 850 851 852 853]] [57 [855 856 857 858 859 860 861 862 863 864 865 866 869]] [58 [870 871 872 874 875 876 880]] [59 [885 889 893 894 896]] [60 [901 907 908 910 914]] [61 [916 920 922 925 929]] [62 [931 932 937 939 944]] [63 [948 951 953 957 958]] [64 [960 964 965 968 969 970 972 973 974]] [65 [975 976 977 978 985]] [66 [990 991 992 993 994 997 998 999 1000 1002 1003]] [67 [1005 1006 1007 1010 1011 1012 1013 1014 1015 1016 1017 1018]] [68 [1020 1021 1022 1023 1024 1025 1026 1028 1029 1030 1031 1032 1033 1034]] [69 [1035 1036 1038 1040 1042 1043 1047 1048 1049]] [70 [1050 1051 1052 1054 1055 1056 1057 1058 1060 1061 1062 1063 1064]] [71 [1065 1066 1067 1069 1070 1071 1073 1074 1075 1076 1077 1078 1079]] [72 [1080 1081 1082 1083 1084 1085 1086 1088 1089 1090 1091 1093 1094]] [73 [1095 1096 1097 1098 1099 1100 1101 1103 1104 1105 1107 1108 1109]] [74 [1110 1111 1112 1113 1114 1115 1116 1117 1118 1120 1121 1123 1124]] [75 [1125 1127 1128 1129 1130 1131 1132 1133 1135 1136 1137 1138 1139]] [76 [1140 1141 1142 1144 1145 1146 1147 1149 1150 1151 1152 1153 1154]] [77 [1155 1156 1157 1158 1159 1160 1161 1162 1163 1164 1166 1167 1168]] [78 [1170 1171 1172 1173 1174 1175 1176 1177 1178 1179 1180 1181 1182 1184]] [79 [1186 1187 1189 1190 1191 1192 1193 1194 1195 1196 1197 1198 1199]] [80 [1200 1201 1202 1203 1204 1205 1206 1207 1208 1210 1211 1212 1213 1214]] [81 [1215 1217 1218 1219 1220 1221 1222 1223 1224 1225 1226 1227 1228]] [82 [1230 1231 1232 1233 1234 1235 1236 1237 1238 1239 1241 1243 1244]] [83 [1245 1247 1248 1249 1250 1251 1252 1253 1254 1255 1256 1257 1258]] [84 [1260 1261 1262 1263 1265 1266 1267 1268 1269 1270 1272 1273 1274]] [85 [1275 1276 1277 1278 1279 1280 1281 1282 1284 1285 1286 1287 1288 1289]] [86 [1290 1291 1292 1293 1295 1296 1297 1298 1299 1300 1301 1302 1304]] [87 [1305 1306 1308 1309 1310 1311 1312 1314 1315 1316 1317 1318 1319]] [88 [1320 1321 1322 1324 1325 1326 1327 1328 1329 1331 1332 1333 1334]] [89 [1335 1336 1337 1338 1339 1341 1342 1343 1344 1345 1347 1348 1349]] [90 [1350 1351 1352 1353 1354 1355 1357 1358 1359 1360 1361 1363 1364]] [91 [1365 1366 1367 1368 1369 1370 1371 1372 1373 1374 1376 1377 1378 1379]] [92 [1380 1381 1382 1383 1384 1385 1386 1387 1388 1389 1390 1391 1392 1393 1394]] [93 [1395 1397 1398 1399 1400 1401 1403 1404 1405 1406 1407 1408 1409]] [94 [1410 1411 1412 1413 1414 1415 1416 1417 1418 1419 1420 1421 1422 1424]] [95 [1425 1426 1427 1428 1429 1430 1431 1432 1433 1435 1436 1437 1439]] [96 [1440 1441 1443 1444 1445 1448 1450 1451 1452 1453 1454]] [97 [1457 1458 1460 1462 1463 1464 1465 1466 1467 1468 1469]] [98 [1470 1471 1473 1474 1475 1476 1477 1478 1479 1480 1481 1483 1484]] [99 [1485 1487 1489 1490 1492 1493 1495 1497 1498]]]","[[0 [1 3 4 6 8 9 10 12 14]] [1 [17 18 19 22 23 24 25 26 29]] [2 [30 31 32 33 37 39 42 44]] [3 [45 56 57]] [4 [61 62 65 66 69 70 71 74]] [5 [75 78 79 80 81 84]] [6 [91 95 97 98 99 100 104]] [7 [105 106 107 111 112 114 116 117 118]] [8 [121 122 123 126 129 130 132 134]] [9 [137 140 141 142 143 144 146 147]] [10 [151 152 154 155 156 158 159 161 164]] [11 [165 167 170 173 174 176 177 179]] [12 [181 182 185 189 192 193 194]] [13 [195 197 201 202 203 206 207 208]] [14 [210 211 212 216 218 220 221 222 223 224]] [15 [225 227 229 231 232 236 237 238 239]] [16 [241 243 244 245 246 247 248 251 252 254]] [17 [255 256 257 267 268 269]] [18 [270 272 273 274 275 278 279 280]] [19 [285 286 292 294 295 296 298 299]] [20 [300 301 303 305 310 312 313 314]] [21 [315 317 319 320 321 322 323 324 325]] [22 [331 332 334 336 338 340 341 343 344]] [23 [346 347 349 350 351 353 355 356 359]] [24 [360 361 362 364 366 371 372 374]] [25 [375 376 377 379 381 383 386 387 388]] [26 [392 393 394 397 398 399 400 401]] [27 [405 408 412 413 415 416 417 419]] [28 [421 423 425 427 429 430 433 434]] [29 [436 438 439 443 444 445 446 447 449]] [30 [451 452 454 456 457 458 459 460 463]] [31 [470 471 472 473 474 475 478 479]] [32 [480 482 486 487 489 490 491 492 493]] [33 [495 496 497 498 501 503 506 509]] [34 [510 515 516 517 518 519 520 522 523 524]] [35 [528 529 531 533 534 535 536 537 538 539]] [36 [540 542 543 545 546 547 551 553 554]] [37 [556 557 558 559 564 565 566 567 568]] [38 [571 572 573 575 576 578 580 581 582 584]] [39 [585 586 587 590 591 592 593 594 598 599]] [40 [600 601 603 605 606 608 609 610 612 613]] [41 [615 616 617 618 621 625 627 628]] [42 [630 631 632 633 639 640 642 643 644]] [43 [645 646 647 648 651 653 655 659]] [44 [661 663 665 666 667 668 669 671 672 673]] [45 [676 677 678 679 680 682 683 684 686 687]] [46 [692 693 696 697 698 699 700 702 703]] [47 [710 711 712 713 716 717 719]] [48 [720 721 722 725 730 734]] [49 [735 739 740 741 744 746 747 748 749]] [50 [750 752 753 755 756 757 758 760 761 763 764]] [51 [765 767 768 769 770 771 772 773 774 777]] [52 [781 783 784 785 786 788 790 791 794]] [53 [795 796 798 799 800 804 805 807]] [54 [813 815 817 823]] [55 [826 828 829 831 833 834 836 838 839]] [56 [840 841 842 843 845 849 851 852]] [57 [855 856 857 858 859 860 863 864 866 869]] [58 [870 872 874 875 876 880]] [59 [885 889 893 894 896]] [60 [901 907 910 914]] [61 [916 920 922 925 929]] [62 [931 937 939 944]] [63 [948 951 953 957 958]] [64 [960 965 968 969 970 972 973 974]] [65 [975 976 977 978 985]] [66 [990 991 992 993 997 999 1002 1003]] [67 [1005 1010 1011 1013 1014 1015 1018]] [68 [1020 1021 1023 1024 1025 1026 1028 1029 1031 1032 1033]] [69 [1035 1036 1038 1042 1043 1047 1048]] [70 [1050 1051 1052 1054 1055 1056 1061 1064]] [71 [1065 1071 1074 1076 1077 1078]] [72 [1081 1082 1083 1085 1090 1091 1094]] [73 [1095 1096 1098 1099 1100 1101 1103 1104 1105]] [74 [1110 1112 1113 1114 1115 1116 1117 1120 1121 1123 1124]] [75 [1125 1127 1128 1129 1135 1136 1137 1138 1139]] [76 [1140 1141 1142 1144 1145 1146 1147 1149 1151 1152 1153]] [77 [1155 1156 1158 1159 1160 1161 1162 1164 1167]] [78 [1170 1174 1178 1180 1181 1182 1184]] [79 [1186 1189 1191 1192 1193 1194 1195 1196 1197 1198]] [80 [1201 1202 1204 1205 1207 1208 1212 1213]] [81 [1217 1221 1222 1223 1226 1227]] [82 [1230 1231 1232 1234 1236 1241 1243]] [83 [1245 1248 1249 1250 1251 1252 1253 1255 1256 1257 1258]] [84 [1260 1261 1265 1267 1274]] [85 [1276 1277 1279 1281 1282 1284 1285 1287 1288 1289]] [86 [1290 1293 1295 1296 1297 1298 1299 1301 1304]] [87 [1305 1308 1309 1310 1314 1315 1316 1317 1318 1319]] [88 [1320 1321 1324 1325 1326 1327 1329 1332 1333 1334]] [89 [1335 1337 1338 1342 1343 1344 1345 1347 1348 1349]] [90 [1350 1351 1352 1353 1354 1355 1358 1363 1364]] [91 [1365 1366 1371 1372]] [92 [1381 1386 1388 1389 1391 1393]] [93 [1395 1398 1399 1401 1408]] [94 [1411 1414 1416 1417 1418 1420 1421]] [95 [1425 1427 1428 1429 1430 1431 1432 1433 1435 1436 1437]] [96 [1440 1441 1444 1445 1448 1450 1451 1452 1453 1454]] [97 [1457 1458 1460 1462 1463 1464 1465 1466 1467 1468]] [98 [1473 1474 1475 1476 1477 1479 1483 1484]] [99 [1485 1487 1489 1490 1492 1493 1495 1497]]]",,"[[{citizen 35} [[""A"" [5 4]]]] [{media 51} [[""A"" [6 6]]]] [{media 53} [[""A"" [3 3]]]] [{media 54} [[""A"" [1 1]]]] [{media 55} [[""A"" [5 5]]]] [{media 56} [[""A"" [4 4]]]] [{media 57} [[""A"" [6 6]]]] [{media 58} [[""A"" [5 5]]]] [{media 60} [[""A"" [2 2]]]] [{media 62} [[""A"" [0 0]]]] [{media 63} [[""A"" [5 5]]]] [{citizen 0} [[""A"" [5 4]]]] [{citizen 1} [[""A"" [5 4]]]] [{citizen 4} [[""A"" [5 4]]]] [{media 52} [[""A"" [3 3]]]] [{citizen 5} [[""A"" [5 5]]]] [{media 61} [[""A"" [5 5]]]] [{citizen 3} [[""A"" [6 6]]]] [{media 64} [[""A"" [6 6]]]] [{media 50} [[""A"" [3 3]]]] [{citizen 41} [[""A"" [5 4]]]] [{citizen 48} [[""A"" [5 6]]]] [{citizen 15} [[""A"" [6 5]]]] [{citizen 40} [[""A"" [5 4]]]] [{citizen 8} [[""A"" [5 4]]]] [{citizen 12} [[""A"" [4 4]]]] [{citizen 26} [[""A"" [6 5]]]] [{citizen 34} [[""A"" [4 6]]]] [{citizen 9} [[""A"" [5 4]]]] [{citizen 44} [[""A"" [5 6]]]] [{citizen 2} [[""A"" [5 5]]]] [{citizen 17} [[""A"" [5 6]]]] [{citizen 30} [[""A"" [5 4]]]] [{citizen 36} [[""A"" [4 5]]]] [{citizen 19} [[""A"" [5 5]]]] [{citizen 32} [[""A"" [6 6]]]] [{citizen 31} [[""A"" [6 5]]]] [{citizen 13} [[""A"" [4 6]]]] [{citizen 33} [[""A"" [5 5]]]] [{citizen 39} [[""A"" [5 6]]]] [{citizen 25} [[""A"" [6 6]]]] [{citizen 16} [[""A"" [5 4]]]] [{citizen 37} [[""A"" [6 5]]]] [{citizen 14} [[""A"" [4 6]]]] [{citizen 20} [[""A"" [4 6]]]] [{media 59} [[""A"" [5 5]]]] [{citizen 28} [[""A"" [5 4]]]] [{citizen 18} [[""A"" [5 4]]]] [{citizen 45} [[""A"" [6 5]]]] [{citizen 23} [[""A"" [6 4]]]] [{citizen 47} [[""A"" [5 4]]]] [{citizen 43} [[""A"" [5 6]]]] [{citizen 49} [[""A"" [5 6]]]] [{citizen 42} [[""A"" [5 6]]]] [{citizen 27} [[""A"" [5 6]]]] [{citizen 11} [[""A"" [5 4]]]] [{citizen 38} [[""A"" [6 5]]]] [{citizen 46} [[""A"" [5 5]]]] [{citizen 6} [[""A"" [5 6]]]] [{citizen 10} [[""A"" [5 6]]]] [{citizen 21} [[""A"" [6 5]]]] [{citizen 7} [[""A"" [5 5]]]] [{citizen 22} [[""A"" [5 5]]]] [{citizen 24} [[""A"" [5 6]]]]]"
"30","[85 0 170]","129.375","7.129740287344004","-5.946359437622427","""circle""","""""","9.9","{breed citizens}","false","0.5","1","""up""",,"[[""ID"" 48] [""alpha"" 1] [""beta"" 1] [""malleable"" [""A""]] [""prior"" []] [""cont_tokens"" []] [""A"" 4]]","[[0 [1 2 3 4 5 6 7 8 9 10 11 12 13 14]] [1 [16 17 18 19 21 22 23 24 25 26 27 29]] [2 [30 31 32 33 35 36 37 39 40 41 42 43 44]] [3 [45 46 47 48 49 50 51 52 54 56 57 58 59]] [4 [61 62 63 65 66 67 68 69 70 71 72 74]] [5 [75 76 77 78 79 80 81 82 83 84 85 86 88]] [6 [90 91 93 94 95 96 97 98 99 100 101 102 103 104]] [7 [105 106 107 109 110 111 112 113 114 115 116 117 118]] [8 [121 122 123 126 129 130 131 132 134]] [9 [137 140 141 142 143 144 145 146 147]] [10 [151 152 154 155 156 158 159 161 164]] [11 [165 167 170 173 174 176 177 178 179]] [12 [180 181 182 183 185 187 188 189 190 191 192 193 194]] [13 [195 196 197 199 201 202 203 204 206 207 208 209]] [14 [210 211 212 213 215 216 218 220 221 222 223 224]] [15 [225 227 229 231 232 236 237 238 239]] [16 [241 243 244 245 246 247 248 249 250 251 252 254]] [17 [255 256 257 259 260 261 263 265 266 267 268 269]] [18 [270 272 273 274 275 277 278 279 280]] [19 [285 286 289 292 294 295 296 298 299]] [20 [300 301 303 305 310 312 313 314]] [21 [315 317 319 320 321 322 323 324 325]] [22 [331 332 334 336 338 340 341 343 344]] [23 [346 347 349 350 351 353 355 356 359]] [24 [360 361 362 364 366 371 372 374]] [25 [375 376 377 379 381 383 386 387 388]] [26 [392 393 394 397 398 399 400 401]] [27 [405 407 408 412 413 415 416 417 419]] [28 [421 423 425 427 428 429 430 433 434]] [29 [436 438 439 443 444 445 446 447 449]] [30 [451 452 454 456 457 458 459 460 462 463 464]] [31 [467 468 469 470 471 472 473 474 475 478 479]] [32 [480 482 486 487 489 490 491 492 493]] [33 [495 496 497 498 501 503 506 507 509]] [34 [510 511 513 515 516 517 518 519 520 522 523 524]] [35 [526 527 528 529 530 531 533 534 535 536 537 538 539]] [36 [540 542 543 545 546 547 548 549 551 552 553 554]] [37 [555 556 557 558 559 564 565 566 567 568 569]] [38 [570 571 572 573 575 576 577 578 579 580 581 582 583 584]] [39 [585 586 587 589 590 591 592 593 594 595 596 597 598 599]] [40 [600 601 602 603 604 605 606 607 608 609 610 611 612 613 614]] [41 [615 616 617 618 619 620 621 622 623 624 625 627 628 629]] [42 [630 631 632 633 634 635 637 639 640 642 643 644]] [43 [645 646 647 648 651 653 655 656 659]] [44 [661 662 663 664 665 666 667 668 669 671 672 673 674]] [45 [675 676 677 678 679 680 682 683 684 686 687 688 689]] [46 [691 692 693 694 696 697 698 699 700 701 702 703 704]] [47 [705 706 707 708 709 710 711 712 713 714 715 716 717 719]] [48 [720 721 722 723 724 725 726 727 728 729 730 731 732 733 734]] [49 [735 736 738 739 740 741 742 744 746 747 748 749]] [50 [750 751 752 753 754 755 756 757 758 760 761 763 764]] [51 [765 766 767 768 769 770 771 772 773 774 777 778 779]] [52 [780 781 782 783 784 785 786 787 788 789 790 791 792 794]] [53 [795 796 797 798 799 800 801 802 803 804 805 807 808]] [54 [810 811 813 815 816 817 818 819 820 821 822 823 824]] [55 [826 827 828 829 830 831 832 833 834 835 836 837 838 839]] [56 [840 841 842 843 844 845 846 847 848 849 850 851 852 853]] [57 [855 856 857 858 859 860 861 862 863 864 865 866 869]] [58 [870 871 872 874 875 876 880]] [59 [885 889 893 894 896]] [60 [901 907 908 910 914]] [61 [916 920 922 925 929]] [62 [931 932 937 939 944]] [63 [948 951 953 957 958]] [64 [960 964 965 968 969 970 972 973 974]] [65 [975 976 977 978 985]] [66 [990 991 992 993 994 997 998 999 1000 1002 1003]] [67 [1005 1006 1007 1010 1011 1012 1013 1014 1015 1016 1017 1018]] [68 [1020 1021 1022 1023 1024 1025 1026 1028 1029 1030 1031 1032 1033 1034]] [69 [1035 1036 1038 1040 1042 1043 1047 1048 1049]] [70 [1050 1051 1052 1054 1055 1056 1057 1058 1060 1061 1062 1063 1064]] [71 [1065 1066 1067 1069 1070 1071 1073 1074 1075 1076 1077 1078 1079]] [72 [1080 1081 1082 1083 1084 1085 1086 1088 1089 1090 1091 1093 1094]] [73 [1095 1096 1097 1098 1099 1100 1101 1103 1104 1105 1107 1108 1109]] [74 [1110 1111 1112 1113 1114 1115 1116 1117 1118 1120 1121 1123 1124]] [75 [1125 1127 1128 1129 1130 1131 1132 1133 1135 1136 1137 1138 1139]] [76 [1140 1141 1142 1144 1145 1146 1147 1149 1150 1151 1152 1153 1154]] [77 [1155 1156 1157 1158 1159 1160 1161 1162 1163 1164 1166 1167 1168]] [78 [1170 1171 1172 1173 1174 1175 1176 1177 1178 1179 1180 1181 1182 1184]] [79 [1186 1187 1189 1190 1191 1192 1193 1194 1195 1196 1197 1198 1199]] [80 [1200 1201 1202 1203 1204 1205 1206 1207 1208 1211 1212 1213 1214]] [81 [1215 1217 1218 1219 1220 1221 1222 1223 1224 1225 1226 1227 1228]] [82 [1230 1231 1232 1233 1234 1235 1236 1237 1238 1239 1241 1243 1244]] [83 [1245 1247 1248 1249 1250 1251 1252 1253 1254 1255 1256 1257 1258]] [84 [1260 1261 1262 1263 1265 1266 1267 1268 1269 1270 1272 1273 1274]] [85 [1275 1276 1277 1278 1279 1280 1281 1282 1284 1285 1286 1287 1288 1289]] [86 [1290 1291 1292 1293 1295 1296 1297 1298 1299 1300 1301 1302 1304]] [87 [1305 1306 1308 1309 1310 1311 1312 1314 1315 1316 1317 1318 1319]] [88 [1320 1321 1322 1324 1325 1326 1327 1328 1329 1331 1332 1333 1334]] [89 [1335 1336 1337 1338 1339 1341 1342 1343 1344 1345 1347 1348 1349]] [90 [1350 1351 1352 1353 1354 1355 1357 1358 1359 1360 1361 1363 1364]] [91 [1365 1366 1367 1368 1369 1370 1371 1372 1373 1374 1376 1377 1378 1379]] [92 [1380 1381 1382 1383 1384 1385 1386 1388 1389 1390 1391 1392 1393]] [93 [1395 1397 1398 1399 1400 1401 1403 1404 1405 1406 1407 1408 1409]] [94 [1410 1411 1412 1413 1414 1415 1416 1417 1418 1419 1420 1421 1422 1424]] [95 [1425 1426 1427 1428 1429 1430 1431 1432 1433 1435 1436 1437 1439]] [96 [1440 1441 1443 1444 1445 1448 1450 1451 1452 1453 1454]] [97 [1457 1458 1460 1462 1463 1464 1465 1466 1467 1468 1469]] [98 [1470 1471 1473 1474 1475 1476 1477 1478 1479 1480 1481 1483 1484]] [99 [1485 1487 1489 1490 1492 1493 1495 1497 1498]]]","[[0 [1 4 5 8 9 10 12 14]] [1 [17 18 19 21 22 23 24 25 26 29]] [2 [30 31 32 33 36 37 39 41 42 44]] [3 [45 48 50 51 52 54 58 59]] [4 [62 65 66 67 68 69 70 72 74]] [5 [75 78 79 80 81 84]] [6 [91 93 94 95 96 97 98 99 100 103]] [7 [105 106 107 111 112 114 116 117 118]] [8 [121 122 123 126 129 130 132 134]] [9 [137 140 141 142 143 144 146 147]] [10 [151 152 154 155 156 158 159 161 164]] [11 [165 170 173 174 176 177 178]] [12 [180 181 182 185 189 192 193 194]] [13 [196 197 201 202 203 204 206 207 208 209]] [14 [213 215 216 218 220 221 222 223 224]] [15 [225 227 229 231 232 236 237 238]] [16 [244 245 246 247 248 251 252 254]] [17 [256 257 261 263 265 266 267 268 269]] [18 [270 272 273 274 275 278 279 280]] [19 [285 286 292 294 295 296 298 299]] [20 [300 301 303 305 310 312 313 314]] [21 [315 317 319 320 321 323 324 325]] [22 [331 332 334 336 338 340 341 343 344]] [23 [346 347 349 350 351 353 355 356 359]] [24 [360 361 362 364 366 371 372 374]] [25 [375 376 377 379 381 383 386 387 388]] [26 [392 393 394 397 398 399 400 401]] [27 [405 408 412 413 415 416 417 419]] [28 [421 423 425 427 429 430 433 434]] [29 [436 438 439 443 444 445 446 447 449]] [30 [451 452 454 456 459 460 462 464]] [31 [467 468 469 472 473 474 478 479]] [32 [480 482 486 487 489 490 491 492 493]] [33 [495 496 497 498 501 503 506 509]] [34 [510 515 516 517 518 519 520 522 523 524]] [35 [528 529 531 533 534 536 537 538 539]] [36 [540 542 543 545 546 548 549 551 553 554]] [37 [556 558 559 564 565 566 567 568]] [38 [572 573 575 576 577 579 580 581 582 584]] [39 [585 586 587 589 593 594 599]] [40 [600 601 602 603 605 606 608 609 610 612 613]] [41 [615 616 617 618 621 625 627 628]] [42 [630 631 632 633 639 640 642 643 644]] [43 [646 651 653 655 656 659]] [44 [662 664 665 666 667 668 669 671 672 673]] [45 [676 677 678 679 682 683 684 686 688 689]] [46 [691 692 693 696 697 698 699 700 702 703]] [47 [710 711 712 713 719]] [48 [720 721 723 724]] [49 [736 739 741 746 748 749]] [50 [750 752 753 755 756 760 761 763 764]] [51 [768 769 770 771 772 773 774 777]] [52 [781 783 784 785 786 788 790 792]] [53 [795 796 798 799 800 803 805 807 808]] [54 [810 811 813 816 817 821 822 823 824]] [55 [826 828 829 831 833 834 836 838 839]] [56 [840 841 842 843 845 847 848 850 852]] [57 [855 856 857 858 859 861 862 865 866 869]] [58 [871 872 874 875 880]] [59 [885 889 893 894 896]] [60 [901 907 910 914]] [61 [916 920 922 925 929]] [62 [931 937 939 944]] [63 [948 951 953 957 958]] [64 [960 964 965 968 969 970 972 973 974]] [65 [975 976 977 978]] [66 [994 998 999 1002 1003]] [67 [1005 1010 1011 1012 1013 1014 1017 1018]] [68 [1022 1024 1026 1030 1033]] [69 [1035 1036 1038 1042 1043 1047 1048]] [70 [1051 1052 1054 1055 1058 1060 1062 1063 1064]] [71 [1065 1071 1074 1075 1076 1077 1078]] [72 [1081 1083 1085 1086 1088 1089 1090 1091 1094]] [73 [1095 1096 1098 1099 1100 1101 1103 1107 1108 1109]] [74 [1111 1112 1113 1114 1118 1121 1123 1124]] [75 [1125 1128 1129 1135 1136 1137 1138 1139]] [76 [1140 1141 1142 1144 1145 1146 1147 1149 1150 1153]] [77 [1155 1156 1158 1159 1160 1161 1162 1163 1166 1168]] [78 [1171 1172 1173 1175 1176 1177 1179 1180 1181 1182 1184]] [79 [1186 1189 1191 1192 1193 1194 1195 1196 1199]] [80 [1200 1201 1203 1204 1205 1207 1208 1212 1213]] [81 [1215 1218 1219 1220 1221 1222 1223 1225 1226 1227]] [82 [1230 1231 1232 1234 1237 1238 1239 1243 1244]] [83 [1245 1248 1249 1250 1251 1252 1253 1255 1256 1257]] [84 [1261 1265 1267 1274]] [85 [1276 1277 1278 1280 1282 1284 1285 1286 1288 1289]] [86 [1290 1293 1295 1298 1299 1300 1301 1304]] [87 [1305 1308 1309 1310 1311 1312 1316 1317 1319]] [88 [1320 1321 1324 1325 1326 1327 1329 1332 1333]] [89 [1336 1339 1341 1342 1343 1344 1345 1347 1349]] [90 [1350 1351 1352 1353 1354 1355 1358 1361 1364]] [91 [1367 1368 1369 1370 1373 1374 1376 1377 1378]] [92 [1380 1382 1383 1384 1385 1386 1388 1389 1392 1393]] [93 [1395 1397 1398 1399 1401 1408 1409]] [94 [1410 1412 1413 1414 1416 1417 1418 1420 1422 1424]] [95 [1425 1427 1428 1429 1432 1433 1435 1436 1437]] [96 [1440 1441 1444 1448 1450 1451 1452 1454]] [97 [1457 1458 1462 1463 1464 1465 1466 1467 1468]] [98 [1473 1474 1475 1476 1477 1479 1483 1484]] [99 [1485 1487 1489 1490 1492 1493 1495 1497]]]",,"[[{citizen 38} [[""A"" [5 5]]]] [{citizen 45} [[""A"" [5 5]]]] [{citizen 46} [[""A"" [5 5]]]] [{media 51} [[""A"" [6 6]]]] [{media 53} [[""A"" [3 3]]]] [{media 54} [[""A"" [1 1]]]] [{media 55} [[""A"" [5 5]]]] [{media 56} [[""A"" [4 4]]]] [{media 57} [[""A"" [6 6]]]] [{media 58} [[""A"" [5 5]]]] [{media 60} [[""A"" [2 2]]]] [{media 62} [[""A"" [0 0]]]] [{media 50} [[""A"" [3 3]]]] [{citizen 0} [[""A"" [5 5]]]] [{citizen 8} [[""A"" [5 5]]]] [{media 63} [[""A"" [5 5]]]] [{citizen 1} [[""A"" [5 4]]]] [{citizen 4} [[""A"" [5 4]]]] [{media 52} [[""A"" [3 3]]]] [{citizen 5} [[""A"" [5 5]]]] [{media 61} [[""A"" [5 5]]]] [{citizen 2} [[""A"" [5 5]]]] [{citizen 9} [[""A"" [5 4]]]] [{citizen 12} [[""A"" [5 4]]]] [{citizen 17} [[""A"" [6 5]]]] [{media 64} [[""A"" [6 6]]]] [{citizen 41} [[""A"" [5 4]]]] [{citizen 48} [[""A"" [5 6]]]] [{citizen 15} [[""A"" [5 5]]]] [{citizen 40} [[""A"" [5 5]]]] [{citizen 26} [[""A"" [5 5]]]] [{citizen 34} [[""A"" [4 6]]]] [{citizen 44} [[""A"" [6 5]]]] [{citizen 19} [[""A"" [5 5]]]] [{citizen 32} [[""A"" [5 5]]]] [{citizen 31} [[""A"" [5 5]]]] [{citizen 13} [[""A"" [5 6]]]] [{citizen 29} [[""A"" [5 5]]]] [{citizen 35} [[""A"" [5 4]]]] [{citizen 3} [[""A"" [6 6]]]] [{citizen 36} [[""A"" [5 5]]]] [{citizen 25} [[""A"" [6 5]]]] [{citizen 28} [[""A"" [5 5]]]] [{citizen 33} [[""A"" [5 5]]]] [{citizen 39} [[""A"" [5 6]]]] [{citizen 16} [[""A"" [5 4]]]] [{citizen 14} [[""A"" [5 6]]]] [{citizen 20} [[""A"" [5 6]]]] [{media 59} [[""A"" [5 5]]]] [{citizen 37} [[""A"" [5 5]]]] [{citizen 42} [[""A"" [5 6]]]] [{citizen 18} [[""A"" [5 4]]]] [{citizen 23} [[""A"" [5 4]]]] [{citizen 47} [[""A"" [5 4]]]] [{citizen 43} [[""A"" [5 6]]]] [{citizen 49} [[""A"" [5 6]]]] [{citizen 27} [[""A"" [5 5]]]] [{citizen 11} [[""A"" [5 4]]]] [{citizen 6} [[""A"" [5 6]]]] [{citizen 21} [[""A"" [5 5]]]] [{citizen 22} [[""A"" [5 5]]]] [{citizen 7} [[""A"" [5 5]]]] [{citizen 24} [[""A"" [6 5]]]] [{citizen 10} [[""A"" [5 6]]]]]"
"31","[85 0 170]","89.0625","10.149499775464987","0.08731360092326787","""circle""","""""","9.9","{breed citizens}","false","0.5","1","""up""",,"[[""ID"" 39] [""alpha"" 1] [""beta"" 1] [""malleable"" [""A""]] [""prior"" []] [""cont_tokens"" []] [""A"" 4]]","[[0 [1 2 3 4 5 6 7 8 9 10 11 12 13 14]] [1 [16 17 18 19 21 22 23 24 25 26 29]] [2 [30 31 32 33 35 36 37 39 40 41 42 43 44]] [3 [45 46 47 48 49 50 51 52 54 56 57 58 59]] [4 [61 62 63 65 66 67 68 69 70 71 72 74]] [5 [75 76 77 78 79 80 81 82 83 84 85 86 88]] [6 [90 91 93 94 95 96 97 98 99 100 101 102 103 104]] [7 [105 106 107 111 112 114 116 117 118]] [8 [121 122 123 126 129 130 131 132 134]] [9 [137 140 141 142 143 144 145 146 147]] [10 [151 152 154 155 156 158 159 161 164]] [11 [165 167 170 173 174 176 177 178 179]] [12 [180 181 182 183 185 187 188 189 190 191 192 193 194]] [13 [195 196 197 199 201 202 203 204 206 207 208 209]] [14 [210 211 212 213 215 216 218 220 221 222 223 224]] [15 [225 227 229 231 232 236 237 238 239]] [16 [241 243 244 245 246 247 248 249 250 251 252 254]] [17 [255 256 257 259 260 261 263 265 266 267 268 269]] [18 [270 272 273 274 275 277 278 279 280]] [19 [285 286 289 292 294 295 296 298 299]] [20 [300 301 303 305 310 312 313 314]] [21 [315 317 319 320 321 322 323 324 325]] [22 [331 332 334 336 338 340 341 343 344]] [23 [346 347 349 350 351 353 355 356 359]] [24 [360 361 362 364 366 371 372 374]] [25 [375 376 377 379 381 383 386 387 388]] [26 [392 393 394 397 398 399 400 401]] [27 [405 407 408 412 413 415 416 417 419]] [28 [421 423 425 427 428 429 430 433 434]] [29 [436 438 439 443 444 445 446 447 449]] [30 [451 452 454 456 457 458 459 460 462 463 464]] [31 [467 468 469 470 471 472 473 474 475 478 479]] [32 [480 482 486 487 489 490 491 492 493]] [33 [495 496 497 498 501 503 506 507 509]] [34 [510 511 513 515 516 517 518 519 520 522 523 524]] [35 [526 527 528 529 530 531 533 534 535 536 537 538 539]] [36 [540 542 543 545 546 547 548 549 551 552 553 554]] [37 [555 556 557 558 559 564 565 566 567 568 569]] [38 [570 571 572 573 575 576 577 578 579 580 581 582 583 584]] [39 [585 586 587 589 590 591 592 593 594 595 596 597 598 599]] [40 [600 601 602 603 604 605 606 607 608 609 610 611 612 613 614]] [41 [615 616 617 618 619 620 621 622 623 624 625 627 628 629]] [42 [630 631 632 633 637 639 640 642 643 644]] [43 [645 646 647 648 651 653 655 656 659]] [44 [661 662 663 664 665 666 667 668 669 671 672 673 674]] [45 [675 676 677 678 679 680 682 683 684 686 687 688 689]] [46 [691 692 693 694 696 697 698 699 700 701 702 703 704]] [47 [705 706 707 708 709 710 711 712 713 714 715 716 717 719]] [48 [720 721 722 723 724 725 726 727 728 729 730 731 732 733 734]] [49 [735 736 738 739 740 741 742 744 746 747 748 749]] [50 [750 751 752 753 754 755 756 757 758 760 761 762 763 764]] [51 [765 766 767 768 769 770 771 772 773 774 777 778 779]] [52 [780 781 782 783 784 785 786 787 788 789 790 791 792 794]] [53 [795 796 797 798 799 800 801 802 803 804 805 807 808]] [54 [810 811 813 815 816 817 818 819 820 821 822 823 824]] [55 [826 827 828 829 830 831 832 833 834 835 836 837 838 839]] [56 [840 841 842 843 844 845 846 847 848 849 850 851 852 853]] [57 [855 856 857 858 859 860 861 862 863 864 865 866 869]] [58 [870 871 872 874 875 876 880]] [59 [885 889 893 894 896]] [60 [901 907 908 910 914]] [61 [916 920 922 925 929]] [62 [931 932 937 939 944]] [63 [948 951 953 957 958]] [64 [960 964 965 968 969 970 972 973 974]] [65 [975 976 977 978 985]] [66 [990 991 992 993 994 997 998 999 1000 1002 1003]] [67 [1005 1006 1007 1010 1011 1012 1013 1014 1015 1016 1017 1018]] [68 [1020 1021 1022 1023 1024 1025 1026 1028 1029 1030 1031 1032 1033 1034]] [69 [1035 1036 1038 1040 1042 1043 1047 1048 1049]] [70 [1050 1051 1052 1054 1055 1056 1057 1058 1060 1061 1062 1063 1064]] [71 [1065 1066 1067 1069 1070 1071 1073 1074 1075 1076 1077 1078 1079]] [72 [1080 1081 1082 1083 1084 1085 1086 1088 1089 1090 1091 1093 1094]] [73 [1095 1096 1097 1098 1099 1100 1101 1103 1104 1105 1107 1108 1109]] [74 [1110 1111 1112 1113 1114 1115 1116 1117 1118 1120 1121 1123 1124]] [75 [1125 1127 1128 1129 1130 1131 1132 1133 1135 1136 1137 1138 1139]] [76 [1140 1141 1142 1144 1145 1146 1147 1149 1150 1151 1152 1153 1154]] [77 [1155 1156 1157 1158 1159 1160 1161 1162 1163 1164 1166 1167 1168]] [78 [1170 1171 1172 1173 1174 1175 1176 1177 1178 1179 1180 1181 1182 1184]] [79 [1186 1187 1189 1190 1191 1192 1193 1194 1195 1196 1197 1198 1199]] [80 [1200 1201 1202 1203 1204 1205 1206 1207 1208 1212 1213 1214]] [81 [1215 1217 1218 1219 1220 1221 1222 1223 1224 1225 1226 1227 1228]] [82 [1230 1231 1232 1233 1234 1235 1236 1237 1238 1239 1241 1243 1244]] [83 [1245 1247 1248 1249 1250 1251 1252 1253 1254 1255 1256 1257 1258]] [84 [1260 1261 1262 1263 1265 1266 1267 1268 1269 1270 1272 1273 1274]] [85 [1275 1276 1277 1278 1279 1280 1281 1282 1284 1285 1286 1287 1288 1289]] [86 [1290 1291 1292 1293 1295 1296 1297 1298 1299 1300 1301 1302 1304]] [87 [1305 1306 1308 1309 1310 1311 1312 1314 1315 1316 1317 1318 1319]] [88 [1320 1321 1322 1324 1325 1326 1327 1328 1329 1331 1332 1333 1334]] [89 [1335 1336 1337 1338 1339 1341 1342 1343 1344 1345 1347 1348 1349]] [90 [1350 1351 1352 1353 1354 1355 1357 1358 1359 1360 1361 1363 1364]] [91 [1365 1366 1367 1368 1369 1370 1371 1372 1373 1374 1376 1377 1378 1379]] [92 [1380 1381 1382 1383 1384 1385 1386 1387 1388 1389 1390 1391 1392 1393]] [93 [1395 1397 1398 1399 1400 1401 1403 1404 1405 1406 1407 1408 1409]] [94 [1410 1411 1412 1413 1414 1415 1416 1417 1418 1419 1420 1421 1422 1424]] [95 [1425 1426 1427 1428 1429 1430 1431 1432 1433 1435 1436 1437 1439]] [96 [1440 1441 1443 1444 1445 1447 1448 1449 1450 1451 1452 1453 1454]] [97 [1457 1458 1460 1462 1463 1464 1465 1466 1467 1468 1469]] [98 [1470 1471 1473 1474 1475 1476 1477 1478 1479 1480 1481 1483 1484]] [99 [1485 1487 1489 1490 1492 1493 1495 1497 1498]]]","[[0 [2 5 8 10 12 14]] [1 [17 18 19 21 22 24 25 26 29]] [2 [30 31 32 33 37 40 41 42 44]] [3 [45 48 49 51 52 54 58 59]] [4 [61 62 65 67 68 69 70 72 74]] [5 [75 78 79 80 81 84]] [6 [91 96 97 99 100 104]] [7 [105 106 107 111 112 114 116 117 118]] [8 [121 122 123 126 129 130 132 134]] [9 [137 140 141 142 143 144 146 147]] [10 [151 152 154 155 156 158 159 161 164]] [11 [165 170 173 174 177 178]] [12 [180 181 182 185 189 191 192 193 194]] [13 [196 197 199 203 208]] [14 [210 211 212 213 215 216 218 220 221 222 223 224]] [15 [225 227 229 231 232 236 237 238]] [16 [241 243 244 245 246 247 248 251 252 254]] [17 [259 260 261 263 265 266 267 268 269]] [18 [270 272 273 274 275 277 278 279 280]] [19 [285 286 289 292 294 295 296 298 299]] [20 [300 301 303 305 310 312 313 314]] [21 [315 317 319 320 321 322 323 324 325]] [22 [331 332 334 336 338 340 341 343 344]] [23 [346 347 349 350 351 353 355 356 359]] [24 [360 361 362 364 366 371 372 374]] [25 [375 376 377 379 381 383 386 387 388]] [26 [392 393 394 397 398 399 400 401]] [27 [405 408 412 413 415 416 417 419]] [28 [421 423 425 427 428 429 430 433 434]] [29 [436 438 439 443 444 445 446 447 449]] [30 [451 452 454 456 460 463 464]] [31 [467 468 469 472 473 474 475 478 479]] [32 [480 482 486 487 489 490 491 492 493]] [33 [495 496 497 498 501 503 506 507 509]] [34 [510 515 516 517 518 519 520 523 524]] [35 [528 529 531 533 536 537 538 539]] [36 [540 542 543 545 546 547 552 553 554]] [37 [556 558 559 564 565 566 567 568]] [38 [572 573 575 576 577 579 580 581 582 583]] [39 [589 591 592 593 594 595 596 597]] [40 [600 602 607 608 609 610 612 613]] [41 [615 616 618 621 625 627 628 629]] [42 [630 631 632 633 639 640 642 643 644]] [43 [645 646 647 648 651 653 655 656 659]] [44 [662 664 665 666 668 669 671 672 673 674]] [45 [676 677 678 679 682 683 686 688 689]] [46 [691 692 693 696 697 698 699 700 702 703]] [47 [710 712 713 715 716 717 719]] [48 [720 721 725 730 731 732 733 734]] [49 [735 736 742]] [50 [754 756 757 758 760 761 763 764]] [51 [765 767 768 769 770 771 772 773 774 777 778 779]] [52 [780 782 784 785 786 788 789 790 792]] [53 [795 796 797 799 800 804 805 807]] [54 [811 815 816 817 821 822 823]] [55 [826 829 830 834 836 838 839]] [56 [840 841 842 843 845 847 848 850 853]] [57 [855 856 857 858 859 860 863 864 866 869]] [58 [870 871 872 874 875 876 880]] [59 [885 889 893 894 896]] [60 [901 907 910 914]] [61 [916 920 922 925 929]] [62 [931 937 939 944]] [63 [948 951 953 957 958]] [64 [960 965 968 969 970 972 973 974]] [65 [975 976 977 978]] [66 [994 998 999 1000 1002 1003]] [67 [1005 1007 1012 1015 1017 1018]] [68 [1020 1021 1023 1025 1026 1028 1029 1031 1032 1033]] [69 [1035 1036 1038 1040 1049]] [70 [1050 1051 1052 1054 1057 1058 1060 1062 1063 1064]] [71 [1066 1067 1069 1070 1073 1075 1076 1077 1079]] [72 [1080 1084 1085 1086 1088 1089 1090 1091 1094]] [73 [1095 1096 1098 1099 1100 1101 1104 1105 1107 1108 1109]] [74 [1111 1113 1114 1118 1121 1123 1124]] [75 [1125 1127 1128 1129 1135 1136 1137 1138 1139]] [76 [1140 1141 1142 1144 1145 1146 1147 1149 1151 1152 1153]] [77 [1157 1158 1159 1160 1161 1162 1163 1166 1168]] [78 [1171 1173 1175 1176 1177 1178 1179 1180 1181]] [79 [1187 1189 1191 1192 1194 1195 1196 1199]] [80 [1200 1201 1203 1204 1205 1207 1208 1212 1213]] [81 [1215 1218 1219 1220 1221 1224 1225 1227]] [82 [1233 1234 1236 1238 1239 1241 1243 1244]] [83 [1245 1248 1249 1250 1251 1252 1254 1257]] [84 [1260 1261 1265 1267 1274]] [85 [1277 1279 1286 1287 1288 1289]] [86 [1290 1293 1295 1297 1298 1299 1300 1301]] [87 [1306 1311 1312 1316 1317 1318 1319]] [88 [1321 1324 1325 1326 1327 1328 1331 1334]] [89 [1335 1337 1338 1342 1343 1344 1345 1347 1348 1349]] [90 [1350 1351 1352 1353 1354 1355 1359 1360 1361]] [91 [1365 1366 1367 1368 1369 1370 1373 1374 1376 1377 1378 1379]] [92 [1381 1385 1386 1388 1389 1392 1393]] [93 [1395 1397 1398 1399 1401]] [94 [1415 1419 1424]] [95 [1427 1428 1429 1430 1431 1432 1433 1435 1436 1437]] [96 [1440 1441 1444 1445 1448 1450 1451 1452 1453 1454]] [97 [1457 1460 1462 1463 1464 1465 1466 1467 1468]] [98 [1473 1474 1475 1476 1477 1479 1483 1484]] [99 [1485 1487 1489 1490 1492 1493 1495 1497]]]",,"[[{citizen 48} [[""A"" [4 6]]]] [{media 51} [[""A"" [6 6]]]] [{media 53} [[""A"" [3 3]]]] [{media 54} [[""A"" [1 1]]]] [{media 55} [[""A"" [5 5]]]] [{media 56} [[""A"" [4 4]]]] [{media 57} [[""A"" [6 6]]]] [{media 58} [[""A"" [5 5]]]] [{media 60} [[""A"" [2 2]]]] [{media 62} [[""A"" [0 0]]]] [{media 50} [[""A"" [3 3]]]] [{citizen 15} [[""A"" [5 4]]]] [{media 63} [[""A"" [5 5]]]] [{citizen 0} [[""A"" [5 4]]]] [{citizen 1} [[""A"" [5 4]]]] [{citizen 4} [[""A"" [5 4]]]] [{media 52} [[""A"" [3 3]]]] [{citizen 5} [[""A"" [5 4]]]] [{media 61} [[""A"" [5 5]]]] [{citizen 3} [[""A"" [6 4]]]] [{media 64} [[""A"" [6 6]]]] [{citizen 41} [[""A"" [6 4]]]] [{citizen 12} [[""A"" [6 4]]]] [{citizen 26} [[""A"" [5 5]]]] [{citizen 34} [[""A"" [4 6]]]] [{citizen 9} [[""A"" [5 4]]]] [{citizen 44} [[""A"" [6 4]]]] [{citizen 2} [[""A"" [5 4]]]] [{citizen 17} [[""A"" [4 6]]]] [{citizen 30} [[""A"" [6 4]]]] [{citizen 8} [[""A"" [5 4]]]] [{citizen 36} [[""A"" [5 6]]]] [{citizen 29} [[""A"" [5 4]]]] [{citizen 40} [[""A"" [4 6]]]] [{citizen 19} [[""A"" [5 4]]]] [{citizen 20} [[""A"" [4 6]]]] [{citizen 14} [[""A"" [4 6]]]] [{citizen 42} [[""A"" [4 6]]]] [{citizen 32} [[""A"" [6 4]]]] [{citizen 28} [[""A"" [5 4]]]] [{citizen 25} [[""A"" [6 4]]]] [{citizen 33} [[""A"" [5 4]]]] [{citizen 39} [[""A"" [4 6]]]] [{citizen 16} [[""A"" [5 4]]]] [{citizen 37} [[""A"" [5 4]]]] [{media 59} [[""A"" [5 5]]]] [{citizen 13} [[""A"" [4 6]]]] [{citizen 35} [[""A"" [5 4]]]] [{citizen 45} [[""A"" [5 4]]]] [{citizen 23} [[""A"" [6 4]]]] [{citizen 47} [[""A"" [5 4]]]] [{citizen 18} [[""A"" [5 4]]]] [{citizen 27} [[""A"" [4 6]]]] [{citizen 11} [[""A"" [4 6]]]] [{citizen 43} [[""A"" [4 6]]]] [{citizen 49} [[""A"" [4 6]]]] [{citizen 38} [[""A"" [5 4]]]] [{citizen 46} [[""A"" [4 6]]]] [{citizen 6} [[""A"" [5 6]]]] [{citizen 10} [[""A"" [4 6]]]] [{citizen 21} [[""A"" [5 4]]]] [{citizen 22} [[""A"" [5 5]]]] [{citizen 7} [[""A"" [5 4]]]] [{citizen 24} [[""A"" [4 6]]]]]"
"32","[85 0 170]","300","-8.249976284097478","5.044151578007254","""circle""","""""","9.9","{breed citizens}","false","0.5","1","""up""",,"[[""ID"" 36] [""alpha"" 1] [""beta"" 1] [""malleable"" [""A""]] [""prior"" []] [""cont_tokens"" []] [""A"" 4]]","[[0 [1 2 3 4 5 6 7 8 9 10 11 12 13 14]] [1 [16 17 18 19 21 22 23 24 25 26 27 29]] [2 [30 31 32 33 35 36 37 39 40 41 42 43 44]] [3 [45 46 47 48 49 50 51 52 54 56 57 58 59]] [4 [61 62 63 65 66 67 68 69 70 71 72 74]] [5 [75 76 77 78 79 80 81 82 83 84 85 86 88]] [6 [90 91 93 94 95 96 97 98 99 100 101 102 103 104]] [7 [105 106 107 111 112 114 116 117 118]] [8 [121 122 123 126 129 130 131 132 134]] [9 [137 140 141 142 143 144 145 146 147]] [10 [151 152 154 155 156 158 159 161 164]] [11 [165 167 170 173 174 176 177 178 179]] [12 [180 181 182 183 185 187 188 189 190 191 192 193 194]] [13 [195 196 197 199 201 202 203 204 206 207 208 209]] [14 [210 211 212 213 215 216 218 220 221 222 223 224]] [15 [225 227 229 231 232 236 237 238 239]] [16 [241 243 244 245 246 247 248 249 250 251 252 254]] [17 [255 256 257 259 260 261 263 265 266 267 268 269]] [18 [270 272 273 274 275 277 278 279 280]] [19 [285 286 289 292 294 295 296 298 299]] [20 [300 301 303 305 310 312 313 314]] [21 [315 317 319 320 321 322 323 324 325]] [22 [331 332 334 336 338 340 341 343 344]] [23 [346 347 349 350 351 353 355 356 359]] [24 [360 361 362 364 366 371 372 374]] [25 [375 376 377 379 381 383 386 387 388]] [26 [392 393 394 397 398 399 400 401]] [27 [405 407 408 412 413 415 416 417 419]] [28 [421 423 425 427 428 429 430 433 434]] [29 [436 438 439 443 444 445 446 447 449]] [30 [451 452 454 456 457 458 459 460 462 463 464]] [31 [467 468 469 470 471 472 473 474 475 478 479]] [32 [480 482 486 487 489 490 491 492 493]] [33 [495 496 497 498 501 503 506 507 509]] [34 [510 511 513 515 516 517 518 519 520 522 523 524]] [35 [526 527 528 529 530 531 533 534 535 536 537 538 539]] [36 [540 542 543 545 546 547 548 549 551 552 553 554]] [37 [555 556 557 558 559 564 565 566 567 568 569]] [38 [570 571 572 573 575 576 577 578 579 580 581 582 583 584]] [39 [585 586 587 589 590 591 592 593 594 595 596 597 598 599]] [40 [600 601 602 603 604 605 606 607 608 609 610 611 612 613 614]] [41 [615 616 617 618 619 620 621 622 623 624 625 627 628 629]] [42 [630 631 632 633 637 639 640 642 643 644]] [43 [645 646 647 648 651 653 655 656 659]] [44 [661 662 663 664 665 666 667 668 669 671 672 673 674]] [45 [675 676 677 678 679 680 682 683 684 686 687 688 689]] [46 [691 692 693 694 696 697 698 699 700 701 702 703 704]] [47 [705 706 707 708 709 710 711 712 713 714 715 716 717 719]] [48 [720 721 722 723 724 725 726 727 728 729 730 731 732 733 734]] [49 [735 736 738 739 740 741 742 744 746 747 748 749]] [50 [750 751 752 753 754 755 756 757 758 760 761 763 764]] [51 [765 766 767 768 769 770 771 772 773 774 777 778 779]] [52 [780 781 782 783 784 785 786 787 788 789 790 791 792 794]] [53 [795 796 797 798 799 800 803 804 805 807 808]] [54 [810 811 813 815 816 817 818 819 820 821 822 823 824]] [55 [826 827 828 829 830 831 832 833 834 835 836 837 838 839]] [56 [840 841 842 843 844 845 846 847 848 849 850 851 852 853]] [57 [855 856 857 858 859 860 861 862 863 864 865 866 869]] [58 [870 871 872 874 875 876 880]] [59 [885 889 893 894 896]] [60 [901 907 908 910 914]] [61 [916 920 922 925 929]] [62 [931 932 937 939 944]] [63 [948 951 953 957 958]] [64 [960 964 965 968 969 970 972 973 974]] [65 [975 976 977 978 985]] [66 [990 991 992 993 994 997 998 999 1000 1002 1003]] [67 [1005 1006 1007 1010 1011 1012 1013 1014 1015 1016 1017 1018]] [68 [1020 1021 1022 1023 1024 1025 1026 1027 1028 1029 1030 1031 1032 1033 1034]] [69 [1035 1036 1038 1040 1042 1043 1047 1048 1049]] [70 [1050 1051 1052 1054 1055 1056 1057 1058 1060 1061 1062 1063 1064]] [71 [1065 1066 1067 1069 1070 1071 1073 1074 1075 1076 1077 1078 1079]] [72 [1080 1081 1082 1083 1084 1085 1086 1088 1089 1090 1091 1093 1094]] [73 [1095 1096 1097 1098 1099 1100 1101 1103 1104 1105 1107 1108 1109]] [74 [1110 1111 1112 1113 1114 1115 1116 1117 1118 1120 1121 1123 1124]] [75 [1125 1127 1128 1129 1130 1131 1132 1133 1135 1136 1137 1138 1139]] [76 [1140 1141 1142 1144 1145 1146 1147 1149 1150 1151 1152 1153 1154]] [77 [1155 1156 1157 1158 1159 1160 1161 1162 1163 1164 1166 1167 1168]] [78 [1170 1171 1172 1173 1174 1175 1176 1177 1178 1179 1180 1181 1182 1184]] [79 [1186 1187 1189 1190 1191 1192 1193 1194 1195 1196 1197 1198 1199]] [80 [1200 1201 1202 1203 1204 1205 1206 1207 1208 1210 1211 1212 1213 1214]] [81 [1215 1217 1218 1219 1220 1221 1222 1223 1224 1225 1226 1227 1228]] [82 [1230 1231 1232 1233 1234 1235 1236 1237 1238 1239 1241 1243 1244]] [83 [1245 1247 1248 1249 1250 1251 1252 1253 1254 1255 1256 1257 1258]] [84 [1260 1261 1262 1263 1265 1266 1267 1268 1269 1270 1272 1273 1274]] [85 [1275 1276 1277 1278 1279 1280 1281 1282 1284 1285 1286 1287 1288 1289]] [86 [1290 1291 1292 1293 1295 1296 1297 1298 1299 1300 1301 1302 1304]] [87 [1305 1306 1308 1309 1310 1311 1312 1314 1315 1316 1317 1318 1319]] [88 [1320 1321 1322 1324 1325 1326 1327 1328 1329 1331 1332 1333 1334]] [89 [1335 1336 1337 1338 1339 1341 1342 1343 1344 1345 1347 1348 1349]] [90 [1350 1351 1352 1353 1354 1355 1357 1358 1359 1360 1361 1363 1364]] [91 [1365 1366 1367 1368 1369 1370 1371 1372 1373 1374 1376 1377 1378 1379]] [92 [1380 1381 1382 1383 1384 1385 1386 1387 1388 1389 1390 1391 1392 1393 1394]] [93 [1395 1397 1398 1399 1400 1401 1403 1404 1405 1406 1407 1408 1409]] [94 [1410 1411 1412 1413 1414 1415 1416 1417 1418 1419 1420 1421 1422 1424]] [95 [1425 1426 1427 1428 1429 1430 1431 1432 1433 1434 1435 1436 1437 1438 1439]] [96 [1440 1441 1443 1444 1445 1448 1450 1451 1452 1453 1454]] [97 [1457 1458 1460 1462 1463 1464 1465 1466 1467 1468 1469]] [98 [1470 1471 1473 1474 1475 1476 1477 1478 1479 1480 1481 1483 1484]] [99 [1485 1487 1489 1490 1492 1493 1495 1497 1498]]]","[[0 [1 4 5 6 8 9 10 12 14]] [1 [17 18 19 22 23 24 25 26 29]] [2 [30 31 32 33 37 39 40 41 42 44]] [3 [45 50 56 57 59]] [4 [62 65 66 69 70 72 74]] [5 [75 78 79 80 81 83 84]] [6 [91 93 94 95 96 97 99 100 104]] [7 [105 106 107 111 112 114 116 117 118]] [8 [121 122 123 126 129 130 132 134]] [9 [137 140 141 142 143 144 146 147]] [10 [151 152 154 155 156 158 159 161 164]] [11 [165 170 173 176 177 178 179]] [12 [181 182 183 187 188 190 191 192 193 194]] [13 [195 197 199 202 204 206 207 208 209]] [14 [213 215 216 218 220 221 222 223]] [15 [225 227 229 231 232 236 237 238]] [16 [244 245 246 247 248 251 252 254]] [17 [256 257 267 268 269]] [18 [270 272 273 274 275 277 278 279 280]] [19 [285 286 292 294 295 296 298 299]] [20 [300 301 303 305 310 312 313 314]] [21 [315 317 319 320 321 322 323 324 325]] [22 [331 332 334 336 338 340 341 343 344]] [23 [346 347 349 350 351 353 355 356 359]] [24 [360 361 362 364 366 371 372 374]] [25 [375 377 379 381 383 386 387 388]] [26 [392 393 394 397 398 399 400 401]] [27 [405 413 415 416 417 419]] [28 [421 423 425 427 429 430 433 434]] [29 [436 438 439 443 444 445 446 447 449]] [30 [451 452 457 458 459 460 463 464]] [31 [467 468 469 471 473 474 475 478 479]] [32 [480 482 486 487 489 490 491 492 493]] [33 [495 496 497 498 501 503 506 507 509]] [34 [515 516 517 518 519 520 523 524]] [35 [528 529 531 534 535 536 537 538 539]] [36 [540 542 543 545 546 548 549 551 552 553 554]] [37 [556 558 559 564 565 566 567 568]] [38 [571 572 573 575 576 577 579 580 581 582 583]] [39 [589 591 592 593 594 598]] [40 [600 602 607 610 612 613 614]] [41 [619 620 622 623 624 625 627 628 629]] [42 [630 631 632 633 639 640 642 643 644]] [43 [645 646 647 648 651 653 655 656]] [44 [661 663 665 666 668 669 671 672 673 674]] [45 [676 677 678 679 680 682 683 687]] [46 [692 694 700 701 702 703]] [47 [710 711 712 715 716 717]] [48 [721 722 725 728 729 730 732 733 734]] [49 [735 736 739 740 741 746 747 748 749]] [50 [750 752 753 755 756 760 761 763 764]] [51 [767 768 769 770 771 772 773 774 777 778 779]] [52 [782 784 785 786 788 790 791 794]] [53 [795 796 797 799 800 804 805 808]] [54 [810 811 815 816 817 823]] [55 [826 828 829 831 833 834 835 836 838 839]] [56 [840 841 842 843 845 849 851 852]] [57 [855 856 857 858 859 860 862 865 866 869]] [58 [871 874 875 876 880]] [59 [885 889 893 894 896]] [60 [901 907 908 910 914]] [61 [916 920 922 925 929]] [62 [931 937 939 944]] [63 [948 951 953 957 958]] [64 [960 964 965 968 969 970 972 974]] [65 [975 976 977 978]] [66 [990 991 992 993 997 1002 1003]] [67 [1005 1010 1011 1012 1013 1014 1015 1016]] [68 [1022 1024 1025 1028 1029 1031 1032 1033]] [69 [1035 1036 1038 1042 1043 1047 1048 1049]] [70 [1050 1052 1054 1057 1058 1060 1062 1063 1064]] [71 [1065 1067 1069 1070 1073 1075 1076 1077 1079]] [72 [1080 1084 1085 1088 1089 1090 1091 1093]] [73 [1097 1103 1107 1108 1109]] [74 [1110 1112 1113 1114 1115 1116 1117 1120 1121 1123 1124]] [75 [1125 1128 1129 1135 1136 1137 1138 1139]] [76 [1140 1141 1142 1144 1145 1146 1147 1150 1154]] [77 [1155 1156 1158 1159 1160 1162 1163 1166 1168]] [78 [1171 1173 1175 1176 1177 1179 1182 1184]] [79 [1186 1189 1191 1192 1193 1194 1195 1196 1197 1198]] [80 [1203 1206 1208 1212 1213]] [81 [1215 1218 1219 1220 1221 1223 1224 1225 1226 1228]] [82 [1230 1231 1232 1233 1234 1235 1236 1238 1239 1241 1243 1244]] [83 [1245 1248 1249 1250 1251 1252 1253 1255 1256 1257]] [84 [1260 1262 1263 1265 1267 1268 1269 1270 1272 1273 1274]] [85 [1276 1279 1285 1287 1288 1289]] [86 [1290 1293 1295 1298 1299 1301 1302 1304]] [87 [1305 1308 1309 1310 1314 1315 1317 1318]] [88 [1322 1326 1327 1329 1332 1333]] [89 [1336 1339 1341 1342 1343 1344 1345 1347 1348]] [90 [1351 1352 1353 1354 1355 1359 1360 1361]] [91 [1365 1366 1371 1372]] [92 [1381 1382 1383 1384 1385 1386 1388 1389 1391 1392 1393]] [93 [1395 1399 1401]] [94 [1411 1415 1419]] [95 [1426 1428 1429 1433 1435 1436 1437]] [96 [1440 1441 1444 1445 1448 1450 1451 1453 1454]] [97 [1457 1460 1462 1463 1464 1465 1466 1467 1468]] [98 [1473 1474 1475 1476 1477 1479 1483 1484]] [99 [1485 1487 1489 1490 1493 1495 1497]]]",,"[[{media 51} [[""A"" [6 6]]]] [{media 53} [[""A"" [3 3]]]] [{media 54} [[""A"" [1 1]]]] [{media 55} [[""A"" [5 5]]]] [{media 56} [[""A"" [4 4]]]] [{media 57} [[""A"" [6 6]]]] [{media 58} [[""A"" [5 5]]]] [{media 60} [[""A"" [2 2]]]] [{media 62} [[""A"" [0 0]]]] [{citizen 28} [[""A"" [5 4]]]] [{citizen 25} [[""A"" [5 4]]]] [{media 50} [[""A"" [3 3]]]] [{citizen 9} [[""A"" [5 4]]]] [{media 63} [[""A"" [5 5]]]] [{citizen 0} [[""A"" [5 4]]]] [{citizen 1} [[""A"" [5 4]]]] [{citizen 4} [[""A"" [5 4]]]] [{citizen 8} [[""A"" [5 4]]]] [{media 52} [[""A"" [3 3]]]] [{citizen 5} [[""A"" [5 4]]]] [{media 61} [[""A"" [5 5]]]] [{citizen 2} [[""A"" [5 4]]]] [{media 64} [[""A"" [6 6]]]] [{citizen 41} [[""A"" [5 4]]]] [{citizen 48} [[""A"" [5 4]]]] [{citizen 15} [[""A"" [5 4]]]] [{citizen 40} [[""A"" [5 4]]]] [{citizen 12} [[""A"" [5 4]]]] [{citizen 26} [[""A"" [5 5]]]] [{citizen 34} [[""A"" [5 4]]]] [{citizen 44} [[""A"" [5 4]]]] [{citizen 17} [[""A"" [5 4]]]] [{citizen 30} [[""A"" [5 4]]]] [{citizen 36} [[""A"" [5 5]]]] [{citizen 3} [[""A"" [5 4]]]] [{citizen 29} [[""A"" [5 4]]]] [{citizen 19} [[""A"" [5 5]]]] [{citizen 20} [[""A"" [5 4]]]] [{citizen 14} [[""A"" [5 4]]]] [{citizen 42} [[""A"" [6 5]]]] [{citizen 33} [[""A"" [5 4]]]] [{citizen 39} [[""A"" [5 4]]]] [{media 59} [[""A"" [5 5]]]] [{citizen 37} [[""A"" [5 5]]]] [{citizen 16} [[""A"" [5 4]]]] [{citizen 35} [[""A"" [5 4]]]] [{citizen 31} [[""A"" [5 5]]]] [{citizen 18} [[""A"" [5 4]]]] [{citizen 45} [[""A"" [5 5]]]] [{citizen 23} [[""A"" [5 4]]]] [{citizen 47} [[""A"" [5 4]]]] [{citizen 43} [[""A"" [4 6]]]] [{citizen 49} [[""A"" [5 4]]]] [{citizen 27} [[""A"" [5 4]]]] [{citizen 13} [[""A"" [5 4]]]] [{citizen 11} [[""A"" [5 4]]]] [{citizen 38} [[""A"" [5 4]]]] [{citizen 46} [[""A"" [5 4]]]] [{citizen 6} [[""A"" [5 5]]]] [{citizen 10} [[""A"" [5 4]]]] [{citizen 21} [[""A"" [5 5]]]] [{citizen 7} [[""A"" [5 4]]]] [{citizen 22} [[""A"" [6 5]]]] [{citizen 24} [[""A"" [5 4]]]]]"
"33","[85 0 170]","98.4375","9.91218888866511","-1.416013500949797","""circle""","""""","9.9","{breed citizens}","false","0.5","1","""up""",,"[[""ID"" 35] [""alpha"" 1] [""beta"" 1] [""malleable"" [""A""]] [""prior"" []] [""cont_tokens"" []] [""A"" 4]]","[[0 [1 2 3 4 6 7 8 9 10 11 12 13 14]] [1 [16 17 18 19 21 22 23 24 25 26 27 28 29]] [2 [30 31 32 33 35 36 37 39 40 41 42 43 44]] [3 [45 46 47 48 49 50 51 52 54 56 57 58 59]] [4 [61 62 63 65 66 67 68 69 70 71 72 74]] [5 [75 76 77 78 79 80 81 82 83 84 85 86 88]] [6 [90 91 93 94 95 96 97 98 99 100 103 104]] [7 [105 106 107 111 112 114 116 117 118]] [8 [121 122 123 126 129 130 131 132 134]] [9 [137 140 141 142 143 144 145 146 147]] [10 [151 152 154 155 156 158 159 161 164]] [11 [165 167 170 173 174 176 177 178 179]] [12 [180 181 182 183 185 187 188 189 190 191 192 193 194]] [13 [195 196 197 199 201 202 203 204 206 207 208 209]] [14 [210 211 212 213 215 216 218 220 221 222 223 224]] [15 [225 227 229 231 232 236 237 238 239]] [16 [241 243 244 245 246 247 248 249 250 251 252 254]] [17 [255 256 257 259 260 261 263 265 266 267 268 269]] [18 [270 272 273 274 275 277 278 279 280]] [19 [285 286 289 292 294 295 296 298 299]] [20 [300 301 303 305 310 312 313 314]] [21 [315 317 319 320 321 322 323 324 325]] [22 [331 332 334 336 338 340 341 343 344]] [23 [346 347 349 350 351 353 355 356 359]] [24 [360 361 362 364 366 371 372 374]] [25 [375 376 377 379 381 383 386 387 388]] [26 [392 393 394 397 398 399 400 401]] [27 [405 407 408 412 413 415 416 417 419]] [28 [421 423 425 427 428 429 430 433 434]] [29 [436 438 439 443 444 445 446 447 449]] [30 [451 452 454 456 457 458 459 460 462 463 464]] [31 [467 468 469 470 471 472 473 474 475 476 477 478 479]] [32 [480 482 486 487 489 490 491 492 493]] [33 [495 496 497 498 501 503 506 507 509]] [34 [510 511 513 515 516 517 518 519 520 522 523 524]] [35 [526 527 528 529 530 531 533 534 535 536 537 538 539]] [36 [540 542 543 545 546 547 548 549 551 552 553 554]] [37 [555 556 557 558 559 564 565 566 567 568 569]] [38 [570 571 572 573 575 576 577 578 579 580 581 582 583 584]] [39 [585 586 587 589 590 591 592 593 594 595 596 597 598 599]] [40 [600 601 602 603 604 605 606 607 608 609 610 611 612 613 614]] [41 [615 616 617 618 619 620 621 622 623 624 625 627 628 629]] [42 [630 631 632 633 634 635 637 639 640 642 643 644]] [43 [645 646 647 648 651 653 655 656 659]] [44 [661 662 663 664 665 666 667 668 669 671 672 673 674]] [45 [675 676 677 678 679 680 682 683 684 686 687 688 689]] [46 [691 692 693 694 696 697 698 699 700 701 702 703 704]] [47 [705 706 707 708 709 714 715 716 717 719]] [48 [720 721 722 723 724 725 726 727 728 729 730 731 732 733 734]] [49 [735 736 738 739 740 741 742 744 746 747 748 749]] [50 [750 751 752 753 755 756 757 758 760 761 763 764]] [51 [765 766 767 768 769 770 771 772 773 774 777 778 779]] [52 [780 781 782 783 784 785 786 787 788 789 790 791 792 794]] [53 [795 796 797 798 799 800 803 804 805 807 808]] [54 [810 811 813 815 816 817 818 819 820 821 822 823 824]] [55 [826 827 828 829 830 831 832 833 834 835 836 837 838 839]] [56 [840 841 842 843 844 845 846 847 848 849 850 851 852 853]] [57 [855 856 857 858 859 860 861 862 863 864 865 866 869]] [58 [870 871 872 874 875 876 880]] [59 [885 889 893 894 896]] [60 [901 907 908 910 914]] [61 [916 920 922 925 929]] [62 [931 932 937 939 944]] [63 [948 951 953 957 958]] [64 [960 964 965 968 969 970 972 973 974]] [65 [975 976 977 978 985]] [66 [990 991 992 993 994 997 998 999 1000 1002 1003]] [67 [1005 1006 1007 1010 1011 1012 1013 1014 1015 1016 1017 1018]] [68 [1020 1021 1022 1023 1024 1025 1026 1028 1029 1030 1031 1032 1033 1034]] [69 [1035 1036 1038 1040 1042 1043 1047 1048 1049]] [70 [1050 1051 1052 1054 1055 1056 1057 1058 1060 1061 1062 1063 1064]] [71 [1065 1066 1067 1069 1070 1071 1073 1074 1075 1076 1077 1078 1079]] [72 [1080 1081 1082 1083 1084 1085 1086 1088 1089 1090 1091 1093 1094]] [73 [1095 1096 1097 1098 1099 1100 1101 1103 1104 1105 1107 1108 1109]] [74 [1110 1111 1112 1113 1114 1115 1116 1117 1118 1120 1121 1123 1124]] [75 [1125 1127 1128 1129 1130 1131 1132 1133 1135 1136 1137 1138 1139]] [76 [1140 1141 1142 1144 1145 1146 1147 1149 1150 1151 1152 1153 1154]] [77 [1155 1156 1157 1158 1159 1160 1161 1162 1163 1164 1166 1167 1168]] [78 [1170 1171 1172 1173 1174 1175 1176 1177 1178 1179 1180 1181 1182 1184]] [79 [1186 1187 1189 1190 1191 1192 1193 1194 1195 1196 1197 1198 1199]] [80 [1200 1201 1202 1203 1204 1205 1206 1207 1208 1212 1213 1214]] [81 [1215 1217 1218 1219 1220 1221 1222 1223 1224 1225 1226 1227 1228]] [82 [1230 1231 1232 1233 1234 1235 1236 1237 1238 1239 1241 1243 1244]] [83 [1245 1247 1248 1249 1250 1251 1252 1253 1254 1255 1256 1257 1258]] [84 [1260 1261 1262 1263 1265 1266 1267 1268 1269 1270 1272 1273 1274]] [85 [1275 1276 1277 1278 1279 1280 1281 1282 1284 1285 1286 1287 1288 1289]] [86 [1290 1291 1292 1293 1295 1296 1297 1298 1299 1300 1301 1302 1304]] [87 [1305 1306 1308 1309 1310 1311 1312 1314 1315 1316 1317 1318 1319]] [88 [1320 1321 1322 1324 1325 1326 1327 1328 1329 1331 1332 1333 1334]] [89 [1335 1336 1337 1338 1339 1341 1342 1343 1344 1345 1347 1348 1349]] [90 [1350 1351 1352 1353 1354 1355 1357 1358 1359 1360 1361 1363 1364]] [91 [1365 1366 1367 1368 1369 1370 1371 1372 1373 1374 1376 1377 1378 1379]] [92 [1380 1381 1382 1383 1384 1385 1386 1387 1388 1389 1390 1391 1392 1393]] [93 [1395 1397 1398 1399 1400 1401 1403 1404 1405 1406 1407 1408 1409]] [94 [1410 1411 1412 1413 1414 1415 1416 1417 1418 1419 1420 1421 1422 1424]] [95 [1425 1426 1427 1428 1429 1430 1431 1432 1433 1435 1436 1437 1439]] [96 [1440 1441 1443 1444 1445 1447 1448 1449 1450 1451 1452 1453 1454]] [97 [1457 1458 1460 1462 1463 1464 1465 1466 1467 1468 1469]] [98 [1470 1471 1473 1474 1475 1476 1477 1478 1479 1480 1481 1483 1484]] [99 [1485 1487 1489 1490 1492 1493 1495 1497 1498]]]","[[0 [1 4 6 8 9 10 11]] [1 [16 17 18 19 21 22 24 25 26 29]] [2 [30 31 32 33 36 37 39 40 41 43]] [3 [46 47 49 50 52 54 58 59]] [4 [61 62 65 66 71 74]] [5 [75 78 79 80 81 83 85 86 88]] [6 [90 91 93 94 95 97 98 99 100 104]] [7 [105 106 107 111 112 114 116 117 118]] [8 [121 122 123 126 129 130 131 132 134]] [9 [137 140 141 142 143 144 146 147]] [10 [151 152 154 155 156 158 159 161 164]] [11 [165 167 170 173 176 177 179]] [12 [180 181 182 185 189 191 192 193 194]] [13 [195 199 203 206 207 208]] [14 [210 211 212 218 220 221 222 224]] [15 [225 227 229 231 232 236 237 238]] [16 [243 244 245 246 247 248 251 252 254]] [17 [256 257 267 268 269]] [18 [270 272 273 274 275 277 278 279 280]] [19 [285 286 292 294 295 296 298 299]] [20 [300 301 303 305 310 312 313 314]] [21 [315 317 319 320 321 322 323 324 325]] [22 [331 332 334 336 338 340 341 343 344]] [23 [346 349 350 351 353 355 356 359]] [24 [360 361 362 364 366 371 372 374]] [25 [375 376 377 379 381 383 386 387 388]] [26 [392 393 394 397 398 399 400 401]] [27 [405 413 415 416 417 419]] [28 [421 423 425 427 428 430 433 434]] [29 [436 438 439 443 444 445 446 447 449]] [30 [451 452 457 458 459 460 463]] [31 [470 471 472 473 474 475 478 479]] [32 [480 482 486 487 489 490 491 492 493]] [33 [495 496 497 498 501 503 506 507 509]] [34 [510 515 516 517 518 519 520 522]] [35 [526 527 528 529 531 533 534 536 537 538 539]] [36 [540 542 543 545 546 548 549 551 553 554]] [37 [556 558 559 564 565 567 568 569]] [38 [570 571 572 573 575 576 578 580 581 582 584]] [39 [585 586 587 590 591 592 593 594 595 596 597 598 599]] [40 [601 602 607 608 609 610 612 613]] [41 [615 616 617 618 621 625 627 628]] [42 [631 632 633 639 640 642 643 644]] [43 [645 646 648 653 655 656 659]] [44 [661 662 664 665 666 672 673 674]] [45 [675 680 682 683 684 686 688 689]] [46 [691 692 693 696 697 698 699 701 704]] [47 [705 706 707 708 709 714 715 716 717 719]] [48 [720 721 722 725 728 729 730 731 732 733 734]] [49 [735 738 739 741 744 746 747 748 749]] [50 [750 752 753 755 756 760 761 763 764]] [51 [767 768 769 770 771 772 773 774 777 778 779]] [52 [780 782 786 787 789 790 791 794]] [53 [795 796 797 798 799 803 804 805 807]] [54 [813 815 817 821 822 823]] [55 [826 830 832 835 836 838]] [56 [841 842 843 845 849 851 852]] [57 [855 856 857 858 859 861 862 865 866 869]] [58 [871 874 875 876 880]] [59 [885 889 893 894 896]] [60 [901 907 908 910 914]] [61 [916 920 922 925 929]] [62 [931 937 939 944]] [63 [948 951 953 957 958]] [64 [960 964 965 968 969 970 972 973 974]] [65 [975 976 977 978 985]] [66 [990 991 992 993 997 999 1000 1002 1003]] [67 [1005 1010 1011 1013 1014 1015 1016 1018]] [68 [1020 1021 1023 1025 1028 1029 1031 1032 1033]] [69 [1035 1036 1038 1042 1043 1047 1048 1049]] [70 [1050 1052 1054 1057 1058 1060 1062 1063 1064]] [71 [1065 1071 1074 1076 1077 1078]] [72 [1081 1083 1085 1090 1091 1093]] [73 [1097 1103 1107 1108 1109]] [74 [1110 1112 1113 1114 1115 1116 1117 1120 1121 1123 1124]] [75 [1125 1127 1128 1129 1135 1136 1137 1138 1139]] [76 [1140 1141 1142 1144 1145 1146 1147 1149 1150 1154]] [77 [1155 1156 1158 1159 1160 1161 1162 1164 1167]] [78 [1170 1174 1178 1180 1181]] [79 [1187 1190 1192 1194 1195 1196 1199]] [80 [1200 1201 1202 1204 1205 1207 1208 1212 1213]] [81 [1217 1221 1222 1223 1224 1225 1227]] [82 [1230 1231 1232 1233 1235 1236 1238 1239 1241 1243 1244]] [83 [1245 1248 1249 1250 1251 1252 1253 1255 1256 1258]] [84 [1260 1262 1263 1265 1267 1268 1269 1270 1272 1273]] [85 [1275 1278 1279 1282 1284 1285 1287 1288 1289]] [86 [1290 1293 1295 1297 1298 1299 1300 1301 1302 1304]] [87 [1305 1308 1310 1312 1316 1317 1319]] [88 [1320 1321 1324 1325 1326 1327 1329 1332 1333]] [89 [1336 1339 1341 1342 1343 1344 1345 1347 1349]] [90 [1350 1351 1352 1353 1354 1355 1358 1359 1360 1361]] [91 [1365 1366 1371 1372 1379]] [92 [1381 1382 1383 1384 1385 1386 1388 1390 1391 1392 1393]] [93 [1395 1397 1398 1399 1401 1408 1409]] [94 [1410 1412 1413 1414 1416 1417 1418 1420 1421]] [95 [1425 1427 1428 1429 1430 1432 1433 1435 1436 1437]] [96 [1440 1441 1444 1445 1448 1450 1451 1452 1453 1454]] [97 [1457 1460 1462 1463 1464 1465 1466 1467 1468]] [98 [1473 1474 1475 1476 1477 1479 1481 1483 1484]] [99 [1485 1487 1489 1490 1492 1493 1495 1497]]]",,"[[{citizen 36} [[""A"" [5 5]]]] [{media 51} [[""A"" [6 6]]]] [{media 53} [[""A"" [3 3]]]] [{media 54} [[""A"" [1 1]]]] [{media 55} [[""A"" [5 5]]]] [{media 56} [[""A"" [4 4]]]] [{media 57} [[""A"" [6 6]]]] [{media 58} [[""A"" [5 5]]]] [{media 60} [[""A"" [2 2]]]] [{media 62} [[""A"" [0 0]]]] [{media 63} [[""A"" [5 5]]]] [{citizen 0} [[""A"" [6 4]]]] [{citizen 3} [[""A"" [6 6]]]] [{media 52} [[""A"" [3 3]]]] [{citizen 4} [[""A"" [5 4]]]] [{citizen 5} [[""A"" [5 4]]]] [{media 61} [[""A"" [5 5]]]] [{media 64} [[""A"" [6 6]]]] [{media 50} [[""A"" [3 3]]]] [{citizen 41} [[""A"" [6 4]]]] [{citizen 12} [[""A"" [5 4]]]] [{citizen 1} [[""A"" [6 4]]]] [{citizen 26} [[""A"" [5 5]]]] [{citizen 34} [[""A"" [6 4]]]] [{citizen 9} [[""A"" [6 4]]]] [{citizen 44} [[""A"" [5 6]]]] [{citizen 2} [[""A"" [5 6]]]] [{citizen 17} [[""A"" [6 4]]]] [{citizen 30} [[""A"" [6 4]]]] [{citizen 8} [[""A"" [6 4]]]] [{citizen 29} [[""A"" [5 4]]]] [{citizen 19} [[""A"" [6 5]]]] [{citizen 48} [[""A"" [6 6]]]] [{citizen 20} [[""A"" [6 6]]]] [{citizen 14} [[""A"" [5 4]]]] [{citizen 40} [[""A"" [5 4]]]] [{citizen 42} [[""A"" [6 6]]]] [{citizen 15} [[""A"" [6 5]]]] [{citizen 32} [[""A"" [5 5]]]] [{citizen 25} [[""A"" [5 6]]]] [{citizen 31} [[""A"" [5 5]]]] [{citizen 13} [[""A"" [4 6]]]] [{citizen 35} [[""A"" [5 4]]]] [{citizen 28} [[""A"" [5 4]]]] [{media 59} [[""A"" [5 5]]]] [{citizen 37} [[""A"" [6 5]]]] [{citizen 16} [[""A"" [5 4]]]] [{citizen 18} [[""A"" [5 4]]]] [{citizen 45} [[""A"" [6 6]]]] [{citizen 23} [[""A"" [6 4]]]] [{citizen 47} [[""A"" [5 4]]]] [{citizen 27} [[""A"" [5 4]]]] [{citizen 11} [[""A"" [5 4]]]] [{citizen 43} [[""A"" [5 6]]]] [{citizen 39} [[""A"" [4 6]]]] [{citizen 49} [[""A"" [5 4]]]] [{citizen 38} [[""A"" [5 4]]]] [{citizen 46} [[""A"" [5 4]]]] [{citizen 6} [[""A"" [5 6]]]] [{citizen 21} [[""A"" [6 6]]]] [{citizen 22} [[""A"" [6 5]]]] [{citizen 7} [[""A"" [6 4]]]] [{citizen 24} [[""A"" [6 4]]]] [{citizen 10} [[""A"" [5 6]]]]]"
"34","[0 0 255]","318.75","-3.569171909556741","3.9340114434905207","""circle""","""""","9.9","{breed citizens}","false","0.5","1","""up""",,"[[""ID"" 10] [""alpha"" 1] [""beta"" 1] [""malleable"" [""A""]] [""prior"" []] [""cont_tokens"" []] [""A"" 6]]","[[0 [0 2 3 5 6 7 9 10 11 12 13 14]] [1 [16 17 18 19 21 22 23 24 25 26 29]] [2 [30 31 32 33 35 36 37 39 40 41 42 43 44]] [3 [45 46 47 48 49 50 51 52 54 56 57 58 59]] [4 [61 62 63 64 65 66 67 68 69 70 71 72 74]] [5 [75 76 77 78 79 80 81 82 83 84 85 86 88]] [6 [90 91 93 94 95 96 97 98 99 100 101 102 103 104]] [7 [105 106 107 111 112 114 116 117 118]] [8 [121 122 123 126 129 130 131 132 134]] [9 [137 140 141 142 143 144 145 146 147]] [10 [151 152 154 155 156 158 159 161 164]] [11 [165 167 170 173 174 176 177 178 179]] [12 [180 181 182 183 185 187 188 189 190 191 192 193 194]] [13 [195 196 197 199 201 202 203 204 206 207 208 209]] [14 [210 211 212 213 215 216 218 220 221 222 223 224]] [15 [225 227 229 231 232 236 237 238 239]] [16 [241 243 244 245 246 247 248 249 250 251 252 254]] [17 [255 256 257 259 260 261 263 265 266 267 268 269]] [18 [270 272 273 274 275 277 278 279 280]] [19 [285 286 289 292 294 295 296 298 299]] [20 [300 301 303 305 310 312 313 314]] [21 [315 317 319 320 321 322 323 324 325]] [22 [331 332 334 336 338 340 341 343 344]] [23 [346 347 349 350 351 353 355 356 359]] [24 [360 361 362 364 366 371 372 374]] [25 [375 376 377 379 381 383 386 387 388]] [26 [392 393 394 397 398 399 400 401]] [27 [405 407 408 412 413 415 416 417 419]] [28 [421 423 425 427 428 429 430 433 434]] [29 [436 438 439 443 444 445 446 447 449]] [30 [451 452 454 456 457 458 459 460 462 463 464]] [31 [467 468 469 470 471 472 473 474 475 478 479]] [32 [480 482 486 487 489 490 491 492 493]] [33 [495 496 497 498 501 503 506 507 509]] [34 [510 511 513 515 516 517 518 519 520 522 523 524]] [35 [526 527 528 529 530 531 533 534 535 536 537 538 539]] [36 [540 542 543 545 546 547 548 549 551 552 553 554]] [37 [556 557 558 559 564 565 566 567 568 569]] [38 [570 571 572 573 575 576 577 578 579 580 581 582 583 584]] [39 [585 586 587 589 590 591 592 593 594 595 596 597 598 599]] [40 [600 601 602 603 604 605 606 607 608 609 610 611 612 613 614]] [41 [615 616 617 618 619 620 621 622 623 624 625 627 628 629]] [42 [630 631 632 633 634 635 637 639 640 642 643 644]] [43 [645 646 647 648 651 653 655 656 659]] [44 [661 662 663 664 665 666 667 668 669 671 672 673 674]] [45 [675 676 677 678 679 680 682 683 684 686 687 688 689]] [46 [691 692 693 694 696 697 698 699 700 701 702 703 704]] [47 [705 706 707 708 709 710 711 712 713 714 715 716 717 719]] [48 [720 721 722 723 724 725 726 727 728 729 730 731 732 733 734]] [49 [735 736 738 739 740 741 742 744 746 747 748 749]] [50 [750 751 752 753 754 755 756 757 758 760 761 763 764]] [51 [765 766 767 768 769 770 771 772 773 774 777 778 779]] [52 [780 781 782 783 784 785 786 787 788 789 790 791 792 794]] [53 [795 796 797 798 799 800 803 804 805 807 808]] [54 [810 811 813 815 816 817 818 819 820 821 822 823 824]] [55 [826 827 828 829 830 831 832 833 834 835 836 837 838 839]] [56 [840 841 842 843 844 845 846 847 848 849 850 851 852 853]] [57 [855 856 857 858 859 860 861 862 863 864 865 866 869]] [58 [870 871 872 874 875 876 880]] [59 [885 889 893 894 896]] [60 [901 907 908 910 914]] [61 [916 920 922 925 929]] [62 [931 932 937 939 944]] [63 [948 951 953 957 958]] [64 [960 964 965 968 969 970 972 973 974]] [65 [975 976 977 978 985]] [66 [990 991 992 993 994 997 998 999 1000 1002 1003]] [67 [1005 1006 1007 1010 1011 1012 1013 1014 1015 1016 1017 1018]] [68 [1020 1021 1022 1023 1024 1025 1026 1028 1029 1030 1031 1032 1033 1034]] [69 [1035 1036 1038 1040 1042 1043 1047 1048 1049]] [70 [1050 1051 1052 1054 1055 1056 1057 1058 1060 1061 1062 1063 1064]] [71 [1065 1066 1067 1069 1070 1071 1073 1074 1075 1076 1077 1078 1079]] [72 [1080 1081 1082 1083 1084 1085 1086 1088 1089 1090 1091 1093 1094]] [73 [1095 1096 1097 1098 1099 1100 1101 1103 1104 1105 1107 1108 1109]] [74 [1110 1111 1112 1113 1114 1115 1116 1117 1118 1120 1121 1123 1124]] [75 [1125 1127 1128 1129 1130 1131 1132 1133 1135 1136 1137 1138 1139]] [76 [1140 1141 1142 1144 1145 1146 1147 1149 1150 1151 1152 1153 1154]] [77 [1155 1156 1157 1158 1159 1160 1161 1162 1163 1164 1166 1167 1168]] [78 [1170 1171 1172 1173 1174 1175 1176 1177 1178 1179 1180 1181 1182 1184]] [79 [1186 1187 1189 1190 1191 1192 1193 1194 1195 1196 1197 1198 1199]] [80 [1200 1201 1202 1203 1204 1205 1206 1207 1208 1212 1213 1214]] [81 [1215 1217 1218 1219 1220 1221 1222 1223 1224 1225 1226 1227 1228]] [82 [1230 1231 1232 1233 1234 1235 1236 1237 1238 1239 1241 1243 1244]] [83 [1245 1247 1248 1249 1250 1251 1252 1253 1254 1255 1256 1257 1258]] [84 [1260 1261 1262 1263 1265 1266 1267 1268 1269 1270 1272 1273 1274]] [85 [1275 1276 1277 1278 1279 1280 1281 1282 1284 1285 1286 1287 1288 1289]] [86 [1290 1291 1292 1293 1295 1296 1297 1298 1299 1300 1301 1302 1304]] [87 [1305 1306 1308 1309 1310 1311 1312 1314 1315 1316 1317 1318 1319]] [88 [1320 1321 1322 1324 1325 1326 1327 1328 1329 1331 1332 1333 1334]] [89 [1335 1336 1337 1338 1339 1341 1342 1343 1344 1345 1347 1348 1349]] [90 [1350 1351 1352 1353 1354 1355 1357 1358 1359 1360 1361 1363 1364]] [91 [1365 1366 1367 1368 1369 1370 1371 1372 1373 1374 1376 1377 1378 1379]] [92 [1380 1381 1382 1383 1384 1385 1386 1387 1388 1389 1390 1391 1392 1393]] [93 [1395 1397 1398 1399 1400 1401 1403 1404 1405 1406 1407 1408 1409]] [94 [1410 1411 1412 1413 1414 1415 1416 1417 1418 1419 1420 1421 1422 1424]] [95 [1425 1426 1427 1428 1429 1430 1431 1432 1433 1435 1436 1437 1439]] [96 [1440 1441 1443 1444 1445 1448 1450 1451 1452 1453 1454]] [97 [1457 1458 1460 1462 1463 1464 1465 1466 1467 1468 1469]] [98 [1470 1471 1473 1474 1475 1476 1477 1478 1479 1480 1481 1483 1484]] [99 [1485 1487 1489 1490 1492 1493 1495 1497 1498]]]","[[0 [2 5 6 10 12 14]] [1 [17 18 19 21 22 23 24 25 26 29]] [2 [30 31 32 33 36 37 39 42 44]] [3 [45 56 57]] [4 [61 62 63 65 67 68 69 70 72 74]] [5 [75 78 79 80 81 84]] [6 [91 96 97 99 100 104]] [7 [105 106 107 111 114 116 117 118]] [8 [121 122 123 126 129 130 131 132 134]] [9 [137 140 141 142 143 144 146 147]] [10 [151 152 154 155 156 158 159 161 164]] [11 [165 167 170 173 176 177 178]] [12 [180 182 185 189 192 193 194]] [13 [196 197 201 202 204 206 207 208]] [14 [210 211 212 218 220 221 222 224]] [15 [225 227 229 231 232 236 237 238]] [16 [244 245 246 247 248 251 252 254]] [17 [255 256 257 259 260 261 263 265 266 268 269]] [18 [270 272 273 274 275 278 279 280]] [19 [285 286 289 292 294 295 296 299]] [20 [300 301 303 305 310 312 313 314]] [21 [315 317 319 320 321 322 323 324 325]] [22 [331 332 334 336 338 340 341 343 344]] [23 [346 347 349 350 351 353 355 356 359]] [24 [360 361 362 364 366 371 372 374]] [25 [375 376 377 379 381 383 386 387 388]] [26 [392 393 394 397 398 399 400 401]] [27 [405 408 412 413 415 416 417 419]] [28 [421 423 425 427 429 430 433 434]] [29 [436 438 439 443 444 445 446 447 449]] [30 [451 452 456 457 458 460 462 464]] [31 [467 468 469 470 471 472 473 474 475 478 479]] [32 [480 482 486 487 489 490 491 492 493]] [33 [495 496 497 498 501 503 506 507 509]] [34 [510 515 516 517 518 519 520 523 524]] [35 [528 529 531 533 534 536 537 538 539]] [36 [540 542 543 545 546 547 551 553 554]] [37 [556 557 558 559 564 565 567 568]] [38 [571 573 575 576 578 580 581 582 584]] [39 [585 586 587 590 591 592 593 594 599]] [40 [600 602 607 609 610 612 613]] [41 [615 616 617 618 621 625 627 628]] [42 [630 631 632 633 639 640 642 643 644]] [43 [645 646 651 653 655 659]] [44 [661 663 665 666 674]] [45 [677 678 679 680 682 683 684 686 687]] [46 [692 693 696 697 698 699 700 702 703]] [47 [710 711 712 713 719]] [48 [720 721 725 728 729 730 734]] [49 [735 739 741 746 747 748 749]] [50 [750 752 753 755 760 761 763 764]] [51 [765 767 769 770 771 772 773 774 777 778 779]] [52 [780 782 784 785 786 788 789 790 791 794]] [53 [795 796 797 799 800 804 805 807]] [54 [813 815 816 817 818 819 820 821 822 823 824]] [55 [826 830 833 834 835 836 838 839]] [56 [840 841 842 843 845 847 849 851 852]] [57 [855 856 857 858 859 860 863 864 866 869]] [58 [871 872 874 875 876 880]] [59 [885 889 893 894 896]] [60 [901 907 910 914]] [61 [916 920 922 925 929]] [62 [931 932 937 939 944]] [63 [948 951 953 957 958]] [64 [960 965 968 969 970 972 973 974]] [65 [975 976 977 978]] [66 [994 998 999 1000]] [67 [1006 1007 1012 1014 1015 1016 1018]] [68 [1020 1021 1023 1024 1026 1028 1029 1031 1032 1033]] [69 [1035 1036 1038 1042 1043 1047 1048 1049]] [70 [1050 1051 1052 1054 1057 1058 1060 1062 1063 1064]] [71 [1066 1067 1069 1070 1073 1075 1076 1077 1079]] [72 [1080 1082 1083 1085 1086 1088 1089 1090 1091 1094]] [73 [1095 1096 1098 1099 1100 1101 1103 1104 1105 1107 1108 1109]] [74 [1110 1112 1113 1114 1115 1116 1117 1120 1121 1123 1124]] [75 [1127 1128 1129 1135 1136 1137 1138 1139]] [76 [1140 1141 1142 1144 1145 1146 1147 1149 1151 1152 1153]] [77 [1155 1156 1158 1159 1160 1162 1163 1166 1168]] [78 [1171 1172 1173 1175 1176 1177 1179 1180 1181]] [79 [1187 1189 1190 1191 1192 1194 1195 1199]] [80 [1200 1201 1202 1204 1205 1207 1208 1212 1213]] [81 [1217 1224 1225 1227]] [82 [1230 1231 1232 1234 1237 1238 1239 1243 1244]] [83 [1245 1248 1249 1250 1251 1252 1253 1255 1256 1257]] [84 [1260 1261 1265 1267 1274]] [85 [1276 1277 1279 1285 1286 1288 1289]] [86 [1290 1293 1295 1299 1301 1302 1304]] [87 [1305 1308 1309 1310 1314 1315 1317 1318]] [88 [1322 1326 1327 1328 1329 1332 1333]] [89 [1336 1338 1344 1345 1347 1349]] [90 [1350 1351 1352 1353 1354 1355 1359 1360 1361]] [91 [1365 1366 1371 1372 1379]] [92 [1381 1385 1386 1388 1390 1391 1392 1393]] [93 [1395 1398 1399 1401 1408 1409]] [94 [1410 1412 1413 1414 1416 1417 1418 1420 1422 1424]] [95 [1425 1427 1428 1429 1433 1435 1436 1437]] [96 [1440 1441 1444 1445 1448 1450 1451 1453 1454]] [97 [1457 1458 1460 1462 1463 1464 1465 1466 1467 1468]] [98 [1473 1474 1475 1476 1477 1479 1481 1483 1484]] [99 [1485 1487 1489 1490 1492 1493 1495 1497 1498]]]",,"[[{media 51} [[""A"" [6 6]]]] [{media 53} [[""A"" [3 3]]]] [{media 54} [[""A"" [1 1]]]] [{media 56} [[""A"" [4 4]]]] [{media 59} [[""A"" [5 5]]]] [{media 60} [[""A"" [2 2]]]] [{media 62} [[""A"" [0 0]]]] [{media 63} [[""A"" [5 5]]]] [{media 64} [[""A"" [6 6]]]] [{media 50} [[""A"" [3 3]]]] [{citizen 9} [[""A"" [5 5]]]] [{media 52} [[""A"" [3 3]]]] [{citizen 4} [[""A"" [5 5]]]] [{media 61} [[""A"" [5 5]]]] [{citizen 2} [[""A"" [5 5]]]] [{citizen 0} [[""A"" [5 5]]]] [{citizen 5} [[""A"" [5 5]]]] [{citizen 13} [[""A"" [5 6]]]] [{citizen 41} [[""A"" [5 4]]]] [{citizen 48} [[""A"" [5 6]]]] [{citizen 15} [[""A"" [5 5]]]] [{citizen 40} [[""A"" [5 5]]]] [{citizen 8} [[""A"" [5 5]]]] [{citizen 12} [[""A"" [5 5]]]] [{citizen 1} [[""A"" [5 4]]]] [{citizen 26} [[""A"" [5 5]]]] [{citizen 19} [[""A"" [5 5]]]] [{citizen 17} [[""A"" [5 5]]]] [{citizen 30} [[""A"" [6 5]]]] [{citizen 29} [[""A"" [5 5]]]] [{citizen 3} [[""A"" [6 5]]]] [{citizen 20} [[""A"" [5 5]]]] [{citizen 14} [[""A"" [5 5]]]] [{media 55} [[""A"" [5 5]]]] [{citizen 32} [[""A"" [5 5]]]] [{citizen 31} [[""A"" [5 5]]]] [{citizen 28} [[""A"" [5 5]]]] [{citizen 25} [[""A"" [5 5]]]] [{citizen 44} [[""A"" [6 5]]]] [{citizen 33} [[""A"" [5 5]]]] [{citizen 36} [[""A"" [5 5]]]] [{citizen 39} [[""A"" [5 6]]]] [{citizen 16} [[""A"" [5 5]]]] [{citizen 37} [[""A"" [5 5]]]] [{media 58} [[""A"" [5 5]]]] [{citizen 35} [[""A"" [5 5]]]] [{citizen 42} [[""A"" [5 6]]]] [{citizen 18} [[""A"" [5 5]]]] [{media 57} [[""A"" [6 6]]]] [{citizen 47} [[""A"" [5 5]]]] [{citizen 27} [[""A"" [5 5]]]] [{citizen 11} [[""A"" [5 5]]]] [{citizen 45} [[""A"" [5 5]]]] [{citizen 43} [[""A"" [5 6]]]] [{citizen 49} [[""A"" [5 5]]]] [{citizen 23} [[""A"" [5 5]]]] [{citizen 38} [[""A"" [5 5]]]] [{citizen 46} [[""A"" [5 5]]]] [{citizen 6} [[""A"" [5 6]]]] [{citizen 10} [[""A"" [5 5]]]] [{citizen 21} [[""A"" [5 5]]]] [{citizen 7} [[""A"" [5 5]]]] [{citizen 22} [[""A"" [5 5]]]] [{citizen 24} [[""A"" [5 5]]]]]"
"35","[85 0 170]","326.25","-2.518732324049613","4.780415583533874","""circle""","""""","9.9","{breed citizens}","false","0.5","1","""up""",,"[[""ID"" 34] [""alpha"" 1] [""beta"" 1] [""malleable"" [""A""]] [""prior"" []] [""cont_tokens"" []] [""A"" 4]]","[[0 [1 2 3 4 6 7 8 9 10 11 12 13 14]] [1 [16 17 18 19 22 23 24 25 26 29]] [2 [30 31 32 33 35 36 37 39 40 41 42 43 44]] [3 [45 46 47 48 49 50 51 52 54 56 57 58 59]] [4 [61 62 63 65 66 67 68 69 70 71 72 74]] [5 [75 76 77 78 79 80 81 82 83 84 85 86 88]] [6 [90 91 93 94 95 96 97 98 99 100 101 102 103 104]] [7 [105 106 107 111 112 114 116 117 118]] [8 [121 122 123 126 129 130 131 132 134]] [9 [137 140 141 142 143 144 145 146 147]] [10 [151 152 154 155 156 158 159 161 164]] [11 [165 167 170 173 174 176 177 178 179]] [12 [180 181 182 183 185 187 188 189 190 191 192 193 194]] [13 [195 196 197 199 201 202 203 204 206 207 208 209]] [14 [210 211 212 213 215 216 218 220 221 222 223 224]] [15 [225 227 229 231 232 236 237 238 239]] [16 [241 243 244 245 246 247 248 249 250 251 252 254]] [17 [255 256 257 259 260 261 263 265 266 267 268 269]] [18 [270 272 273 274 275 277 278 279 280]] [19 [285 286 289 292 294 295 296 298 299]] [20 [300 301 303 305 310 312 313 314]] [21 [315 317 319 320 321 322 323 324 325]] [22 [331 332 334 336 338 340 341 343 344]] [23 [346 347 349 350 351 353 355 356 359]] [24 [360 361 362 364 366 371 372 374]] [25 [375 376 377 379 381 383 386 387 388]] [26 [392 393 394 397 398 399 400 401]] [27 [405 407 408 412 413 415 416 417 419]] [28 [421 423 425 427 428 429 430 433 434]] [29 [436 438 439 443 444 445 446 447 449]] [30 [451 452 454 456 457 458 459 460 462 463 464]] [31 [467 468 469 470 471 472 473 474 475 478 479]] [32 [480 482 486 487 489 490 491 492 493]] [33 [495 496 497 498 501 503 506 507 509]] [34 [510 511 513 515 516 517 518 519 520 522 523 524]] [35 [526 527 528 529 530 531 533 534 535 536 537 538 539]] [36 [540 542 543 545 546 547 548 549 551 552 553 554]] [37 [555 556 557 558 559 564 565 566 567 568 569]] [38 [570 571 572 573 575 576 577 578 579 580 581 582 583 584]] [39 [585 586 587 589 590 591 592 593 594 595 596 597 598 599]] [40 [600 601 602 603 604 605 606 607 608 609 610 611 612 613 614]] [41 [615 616 617 618 619 620 621 622 623 624 625 627 628 629]] [42 [630 631 632 633 637 639 640 642 643 644]] [43 [645 646 647 648 651 653 655 656 659]] [44 [661 662 663 664 665 666 667 668 669 671 672 673 674]] [45 [675 676 677 678 679 680 682 683 684 686 687 688 689]] [46 [691 692 693 694 696 697 698 699 700 701 702 703 704]] [47 [705 706 707 708 709 710 711 712 713 714 715 716 717 719]] [48 [720 721 722 723 724 725 726 727 728 729 730 731 732 733 734]] [49 [735 736 738 739 740 741 742 744 746 747 748 749]] [50 [750 751 752 753 754 755 756 757 758 759 760 761 763 764]] [51 [765 766 767 768 769 770 771 772 773 774 777 778 779]] [52 [780 781 782 783 784 785 786 787 788 789 790 791 792 794]] [53 [795 796 797 798 799 800 803 804 805 807 808]] [54 [810 811 813 815 816 817 818 819 820 821 822 823 824]] [55 [826 827 828 829 830 831 832 833 834 835 836 837 838 839]] [56 [840 841 842 843 844 845 846 847 848 849 850 851 852 853]] [57 [855 856 857 858 859 860 861 862 863 864 865 866 869]] [58 [870 871 872 874 875 876 880]] [59 [885 889 893 894 896]] [60 [901 907 908 910 914]] [61 [916 920 922 925 929]] [62 [931 932 937 939 944]] [63 [948 951 953 957 958]] [64 [960 964 965 968 969 970 972 973 974]] [65 [975 976 977 978 985]] [66 [990 991 992 993 994 997 998 999 1000 1002 1003]] [67 [1005 1006 1007 1010 1011 1012 1013 1014 1015 1016 1017 1018]] [68 [1020 1021 1022 1023 1024 1025 1026 1027 1028 1029 1030 1031 1032 1033 1034]] [69 [1035 1036 1038 1040 1042 1043 1047 1048 1049]] [70 [1050 1051 1052 1054 1055 1056 1057 1058 1060 1061 1062 1063 1064]] [71 [1065 1066 1067 1069 1070 1071 1073 1074 1075 1076 1077 1078 1079]] [72 [1080 1081 1082 1083 1084 1085 1086 1088 1089 1090 1091 1093 1094]] [73 [1095 1096 1097 1098 1099 1100 1101 1103 1104 1105 1107 1108 1109]] [74 [1110 1111 1112 1113 1114 1115 1116 1117 1118 1120 1121 1123 1124]] [75 [1125 1127 1128 1129 1130 1131 1132 1133 1135 1136 1137 1138 1139]] [76 [1140 1141 1142 1144 1145 1146 1147 1149 1150 1151 1152 1153 1154]] [77 [1155 1156 1157 1158 1159 1160 1161 1162 1163 1164 1166 1167 1168]] [78 [1170 1171 1172 1173 1174 1175 1176 1177 1178 1179 1180 1181 1182 1184]] [79 [1186 1187 1189 1190 1191 1192 1193 1194 1195 1196 1197 1198 1199]] [80 [1200 1201 1202 1203 1204 1205 1206 1207 1208 1212 1213 1214]] [81 [1215 1217 1218 1219 1220 1221 1222 1223 1224 1225 1226 1227 1228]] [82 [1230 1231 1232 1233 1234 1235 1236 1237 1238 1239 1241 1243 1244]] [83 [1245 1247 1248 1249 1250 1251 1252 1253 1254 1255 1256 1257 1258]] [84 [1260 1261 1262 1263 1265 1266 1267 1268 1269 1270 1272 1273 1274]] [85 [1275 1276 1277 1278 1279 1280 1281 1282 1284 1285 1286 1287 1288 1289]] [86 [1290 1291 1292 1293 1295 1296 1297 1298 1299 1300 1301 1302 1304]] [87 [1305 1306 1308 1309 1310 1311 1312 1314 1315 1316 1317 1318 1319]] [88 [1320 1321 1322 1324 1325 1326 1327 1328 1329 1331 1332 1333 1334]] [89 [1335 1336 1337 1338 1339 1341 1342 1343 1344 1345 1347 1348 1349]] [90 [1350 1351 1352 1353 1354 1355 1357 1358 1359 1360 1361 1363 1364]] [91 [1365 1366 1367 1368 1369 1370 1371 1372 1373 1374 1376 1377 1378 1379]] [92 [1380 1381 1382 1383 1384 1385 1386 1388 1389 1390 1391 1392 1393]] [93 [1395 1397 1398 1399 1400 1401 1403 1404 1405 1406 1407 1408 1409]] [94 [1410 1411 1412 1413 1414 1415 1416 1417 1418 1419 1420 1421 1422 1424]] [95 [1425 1426 1427 1428 1429 1430 1431 1432 1433 1435 1436 1437 1439]] [96 [1440 1441 1443 1444 1445 1448 1450 1451 1452 1453 1454]] [97 [1457 1458 1460 1462 1463 1464 1465 1466 1467 1468 1469]] [98 [1470 1471 1473 1474 1475 1476 1477 1478 1479 1480 1481 1483 1484]] [99 [1485 1487 1489 1490 1492 1493 1495 1497 1498]]]","[[0 [1 4 6 8 9 10 12 14]] [1 [17 18 19 22 24 25 26 29]] [2 [30 31 32 33 36 37 40 41 43]] [3 [46 47 49 51 52 54 58 59]] [4 [62 63 65 66 70 72 74]] [5 [75 78 79 80 81 83 84]] [6 [91 93 94 95 97 98 99 100 104]] [7 [105 106 107 111 112 114 116 117 118]] [8 [121 122 123 126 129 130 131 132 134]] [9 [137 140 141 142 143 144 146 147]] [10 [151 152 154 155 156 158 159 161 164]] [11 [165 170 173 174 178 179]] [12 [180 182 185 189 191 192 193 194]] [13 [195 197 201 202 204 206 207 208 209]] [14 [213 215 216 218 220 221 222 223 224]] [15 [225 227 229 231 232 236 237 238 239]] [16 [241 244 245 246 247 248 251 252 254]] [17 [255 256 257 267 268 269]] [18 [270 272 273 274 275 278 279 280]] [19 [285 286 292 294 295 296 298 299]] [20 [300 301 303 305 310 312 313 314]] [21 [315 317 319 320 321 322 323 324 325]] [22 [331 332 334 336 338 340 341 343 344]] [23 [346 347 349 350 351 353 355 356 359]] [24 [360 361 362 366 371 372 374]] [25 [375 376 377 379 381 383 386 387 388]] [26 [392 393 394 397 398 399 400 401]] [27 [405 407 408 412 413 415 416 417 419]] [28 [421 423 425 427 428 430 433 434]] [29 [436 438 439 443 444 445 446 447 449]] [30 [451 452 454 456 457 458 459 460 463 464]] [31 [467 468 469 470 471 473 474 475 478 479]] [32 [480 482 486 487 489 490 491 492 493]] [33 [495 496 497 498 501 503 506 507 509]] [34 [510 515 516 517 518 519 520 523 524]] [35 [528 529 531 533 534 536 537 538 539]] [36 [540 542 543 545 546 548 549 551 553 554]] [37 [556 558 559 564 565 567 568]] [38 [572 573 575 576 578 580 581 582 583]] [39 [589 591 592 593 594 598 599]] [40 [601 603 605 606 608 609 610 612 613 614]] [41 [619 620 624 625 627 628 629]] [42 [630 631 632 633 639 640 642 643 644]] [43 [645 646 648 651 653 655 659]] [44 [662 664 665 666 667 668 669 671 672 673]] [45 [676 677 678 679 680 682 683 684 686 688 689]] [46 [691 692 693 696 697 698 699 700 702 703]] [47 [710 712 713 719]] [48 [720 721 723 724]] [49 [736 739 740 741 744 746 747]] [50 [751 753 755 756 757 758 760 761 763 764]] [51 [765 767 778 779]] [52 [782 786 788 789 790 791 794]] [53 [795 796 798 799 800 804 805 808]] [54 [810 811 815 818 819 820 822 823 824]] [55 [826 828 829 830 833 834 835 837 839]] [56 [840 841 842 843 845 849 851 852]] [57 [855 856 857 858 859 860 861 862 865 866 869]] [58 [870 872 874 875 876 880]] [59 [885 889 893 894 896]] [60 [901 907 910 914]] [61 [916 920 922 925 929]] [62 [931 937 939 944]] [63 [948 951 953 957 958]] [64 [960 965 968 969 970 972 973 974]] [65 [975 976 977 978]] [66 [994 997 999 1000]] [67 [1006 1016]] [68 [1022 1024 1025 1028 1029 1031 1032 1033]] [69 [1035 1036 1038 1042 1043 1047 1048 1049]] [70 [1050 1051 1052 1054 1055 1056 1061]] [71 [1065 1067 1069 1070 1073 1075 1076 1077 1078]] [72 [1081 1082 1083 1084 1086 1088 1089 1090 1091 1094]] [73 [1095 1096 1098 1099 1100 1101 1103 1107 1108 1109]] [74 [1110 1112 1113 1114 1115 1116 1117 1120 1121 1123 1124]] [75 [1125 1130 1131 1132 1133 1136 1137 1138 1139]] [76 [1140 1141 1142 1144 1145 1146 1147 1149 1151 1152 1153]] [77 [1155 1156 1158 1159 1160 1162 1163 1166 1168]] [78 [1171 1173 1175 1176 1177 1178 1179 1181]] [79 [1187 1190 1192 1194 1195 1196 1199]] [80 [1200 1201 1202 1204 1205 1207 1208 1212 1214]] [81 [1215 1218 1219 1220 1221 1222 1223 1224 1225 1227]] [82 [1230 1231 1232 1233 1235 1236 1239 1243]] [83 [1247 1251 1252 1254 1257]] [84 [1260 1262 1263 1265 1267 1274]] [85 [1275 1278 1279 1282 1284 1285 1287 1288 1289]] [86 [1290 1293 1295 1297 1298 1299 1300 1301]] [87 [1305 1308 1309 1310 1311 1312 1316 1317 1318 1319]] [88 [1320 1321 1324 1325 1326 1327 1328 1329 1332 1333]] [89 [1336 1339 1341 1342 1343 1344 1345 1347 1348 1349]] [90 [1350 1351 1352 1353 1354 1355 1358 1361 1363 1364]] [91 [1365 1366 1367 1368 1369 1370 1373 1374 1376 1377 1378]] [92 [1380 1382 1383 1384 1385 1386 1388 1390 1391 1392 1393]] [93 [1395 1397 1398 1399 1401]] [94 [1411 1415 1419 1424]] [95 [1425 1427 1429 1430 1431 1432 1433 1435 1436 1437]] [96 [1440 1441 1444 1448 1450 1451 1453 1454]] [97 [1457 1458 1460 1462 1463 1464 1465 1467 1468]] [98 [1473 1474 1475 1476 1477 1479 1481 1484]] [99 [1485 1487 1489 1490 1492 1493 1495 1497]]]",,"[[{media 51} [[""A"" [6 6]]]] [{media 53} [[""A"" [3 3]]]] [{media 54} [[""A"" [1 1]]]] [{media 55} [[""A"" [5 5]]]] [{media 56} [[""A"" [4 4]]]] [{media 57} [[""A"" [6 6]]]] [{media 58} [[""A"" [5 5]]]] [{media 60} [[""A"" [2 2]]]] [{media 62} [[""A"" [0 0]]]] [{citizen 29} [[""A"" [6 5]]]] [{media 63} [[""A"" [5 5]]]] [{citizen 0} [[""A"" [5 5]]]] [{citizen 1} [[""A"" [5 4]]]] [{citizen 4} [[""A"" [5 4]]]] [{media 52} [[""A"" [3 3]]]] [{media 61} [[""A"" [5 5]]]] [{citizen 3} [[""A"" [6 5]]]] [{media 64} [[""A"" [6 6]]]] [{citizen 5} [[""A"" [5 5]]]] [{media 50} [[""A"" [3 3]]]] [{citizen 41} [[""A"" [5 4]]]] [{citizen 12} [[""A"" [6 5]]]] [{citizen 26} [[""A"" [5 5]]]] [{citizen 34} [[""A"" [4 6]]]] [{citizen 9} [[""A"" [5 6]]]] [{citizen 44} [[""A"" [6 5]]]] [{citizen 2} [[""A"" [5 5]]]] [{citizen 17} [[""A"" [5 6]]]] [{citizen 30} [[""A"" [6 5]]]] [{citizen 8} [[""A"" [5 5]]]] [{citizen 36} [[""A"" [5 6]]]] [{citizen 19} [[""A"" [5 5]]]] [{citizen 48} [[""A"" [5 6]]]] [{citizen 20} [[""A"" [6 6]]]] [{citizen 14} [[""A"" [5 6]]]] [{citizen 32} [[""A"" [5 5]]]] [{citizen 31} [[""A"" [6 5]]]] [{citizen 15} [[""A"" [6 5]]]] [{citizen 13} [[""A"" [5 6]]]] [{citizen 33} [[""A"" [5 5]]]] [{citizen 39} [[""A"" [5 6]]]] [{citizen 25} [[""A"" [6 5]]]] [{citizen 40} [[""A"" [5 6]]]] [{citizen 16} [[""A"" [5 4]]]] [{citizen 37} [[""A"" [6 5]]]] [{media 59} [[""A"" [5 5]]]] [{citizen 28} [[""A"" [5 5]]]] [{citizen 18} [[""A"" [5 5]]]] [{citizen 45} [[""A"" [6 5]]]] [{citizen 23} [[""A"" [6 5]]]] [{citizen 47} [[""A"" [5 5]]]] [{citizen 43} [[""A"" [5 6]]]] [{citizen 49} [[""A"" [5 6]]]] [{citizen 42} [[""A"" [5 6]]]] [{citizen 27} [[""A"" [5 6]]]] [{citizen 11} [[""A"" [5 6]]]] [{citizen 38} [[""A"" [5 5]]]] [{citizen 46} [[""A"" [5 6]]]] [{citizen 6} [[""A"" [5 6]]]] [{citizen 10} [[""A"" [5 6]]]] [{citizen 21} [[""A"" [5 5]]]] [{citizen 22} [[""A"" [6 5]]]] [{citizen 7} [[""A"" [5 5]]]] [{citizen 24} [[""A"" [5 6]]]]]"
"36","[0 0 255]","33.75","5.597927999071085","8.223436599816537","""circle""","""""","9.9","{breed citizens}","false","0.5","1","""up""",,"[[""ID"" 14] [""alpha"" 1] [""beta"" 1] [""malleable"" [""A""]] [""prior"" []] [""cont_tokens"" []] [""A"" 6]]","[[0 [1 2 3 4 5 6 7 8 9 10 11 12 13 14]] [1 [16 17 18 19 21 22 23 24 25 26 27 29]] [2 [30 31 32 33 35 36 37 39 40 41 42 43 44]] [3 [45 46 47 48 49 50 51 52 54 56 57 58 59]] [4 [61 62 63 65 66 67 68 69 70 71 72 74]] [5 [75 76 77 78 79 80 81 82 83 84 85 86 88]] [6 [90 91 93 94 95 96 97 98 99 100 103 104]] [7 [105 106 107 111 112 114 116 117 118]] [8 [121 122 123 126 129 130 131 132 134]] [9 [137 140 141 142 143 144 145 146 147]] [10 [151 152 154 155 156 158 159 161 164]] [11 [165 167 170 173 174 176 177 178 179]] [12 [180 181 182 183 185 187 188 189 190 191 192 193 194]] [13 [195 196 197 199 201 202 203 204 206 207 208 209]] [14 [210 211 212 213 215 216 218 220 221 222 223 224]] [15 [225 227 229 231 232 236 237 238 239]] [16 [241 243 244 245 246 247 248 249 250 251 252 254]] [17 [255 256 257 259 260 261 263 265 266 267 268 269]] [18 [270 272 273 274 275 277 278 279 280]] [19 [285 286 289 292 294 295 296 298 299]] [20 [300 301 303 305 310 312 313 314]] [21 [315 317 319 320 321 322 323 324 325]] [22 [331 332 334 336 338 340 341 343 344]] [23 [346 347 349 350 351 353 355 356 359]] [24 [360 361 362 364 366 371 372 374]] [25 [375 376 377 379 381 383 386 387 388]] [26 [392 393 394 397 398 399 400 401]] [27 [405 407 408 412 413 415 416 417 419]] [28 [421 423 425 427 428 429 430 433 434]] [29 [436 438 439 443 444 445 446 447 449]] [30 [451 452 454 456 457 458 459 460 462 463 464]] [31 [467 468 469 470 471 472 473 474 475 478 479]] [32 [480 482 486 487 489 490 491 492 493]] [33 [495 496 497 498 501 503 506 507 509]] [34 [510 511 513 515 516 517 518 519 520 522 523 524]] [35 [526 527 528 529 530 531 533 534 535 536 537 538 539]] [36 [540 542 543 545 546 547 548 549 551 552 553 554]] [37 [555 556 557 558 559 564 565 566 567 568 569]] [38 [570 571 572 573 575 576 577 578 579 580 581 582 583 584]] [39 [585 586 587 589 590 591 592 593 594 595 596 597 598 599]] [40 [600 601 602 603 604 605 606 607 608 609 610 611 612 613 614]] [41 [615 616 617 618 619 620 621 622 623 624 625 627 628 629]] [42 [630 631 632 633 634 635 637 639 640 642 643 644]] [43 [645 646 647 648 651 653 655 656 659]] [44 [661 662 663 664 665 666 667 668 669 671 672 673 674]] [45 [675 676 677 678 679 680 682 683 684 686 687 688 689]] [46 [691 692 693 694 696 697 698 699 700 701 702 703 704]] [47 [705 706 707 708 709 710 711 712 713 714 715 716 717 719]] [48 [720 721 722 723 724 725 726 727 728 729 730 731 732 733 734]] [49 [735 736 738 739 740 741 742 744 746 747 748 749]] [50 [750 751 752 753 755 756 757 758 760 761 763 764]] [51 [765 766 767 768 769 770 771 772 773 774 777 778 779]] [52 [780 781 782 783 784 785 786 787 788 789 790 791 792 794]] [53 [795 796 797 798 799 800 803 804 805 807 808]] [54 [810 811 813 815 816 817 818 819 820 821 822 823 824]] [55 [826 827 828 829 830 831 832 833 834 835 836 837 838 839]] [56 [840 841 842 843 844 845 846 847 848 849 850 851 852 853]] [57 [855 856 857 858 859 860 861 862 863 864 865 866 869]] [58 [870 871 872 874 875 876 880]] [59 [885 889 893 894 896]] [60 [901 907 908 910 914]] [61 [916 920 922 925 929]] [62 [931 932 937 939 944]] [63 [948 951 953 957 958]] [64 [960 964 965 968 969 970 972 973 974]] [65 [975 976 977 978 985]] [66 [990 991 992 993 994 997 998 999 1000 1002 1003]] [67 [1005 1006 1007 1010 1011 1012 1013 1014 1015 1016 1017 1018]] [68 [1020 1021 1022 1023 1024 1025 1026 1028 1029 1030 1031 1032 1033 1034]] [69 [1035 1036 1038 1040 1042 1043 1047 1048 1049]] [70 [1050 1051 1052 1054 1055 1056 1057 1058 1060 1061 1062 1063 1064]] [71 [1065 1066 1067 1069 1070 1071 1073 1074 1075 1076 1077 1078 1079]] [72 [1080 1081 1082 1083 1084 1085 1086 1088 1089 1090 1091 1093 1094]] [73 [1095 1096 1097 1098 1099 1100 1101 1103 1104 1105 1107 1108 1109]] [74 [1110 1111 1112 1113 1114 1115 1116 1117 1118 1120 1121 1123 1124]] [75 [1125 1127 1128 1129 1130 1131 1132 1133 1135 1136 1137 1138 1139]] [76 [1140 1141 1142 1144 1145 1146 1147 1149 1150 1151 1152 1153 1154]] [77 [1155 1156 1157 1158 1159 1160 1161 1162 1163 1164 1166 1167 1168]] [78 [1170 1171 1172 1173 1174 1175 1176 1177 1178 1179 1180 1181 1182 1184]] [79 [1186 1187 1189 1190 1191 1192 1193 1194 1195 1196 1197 1198 1199]] [80 [1200 1201 1202 1203 1204 1205 1206 1207 1208 1212 1213 1214]] [81 [1215 1217 1218 1219 1220 1221 1222 1223 1224 1225 1226 1227 1228]] [82 [1230 1231 1232 1233 1234 1235 1236 1237 1238 1239 1241 1243 1244]] [83 [1245 1247 1248 1249 1250 1251 1252 1253 1254 1255 1256 1257 1258]] [84 [1260 1261 1262 1263 1265 1266 1267 1268 1269 1270 1272 1273 1274]] [85 [1275 1276 1277 1278 1279 1280 1281 1282 1284 1285 1286 1287 1288 1289]] [86 [1290 1291 1292 1293 1295 1296 1297 1298 1299 1300 1301 1302 1304]] [87 [1305 1306 1308 1309 1310 1311 1312 1314 1315 1316 1317 1318 1319]] [88 [1320 1321 1322 1324 1325 1326 1327 1328 1329 1331 1332 1333 1334]] [89 [1335 1336 1337 1338 1339 1341 1342 1343 1344 1345 1347 1348 1349]] [90 [1350 1351 1352 1353 1354 1355 1357 1358 1359 1360 1361 1363 1364]] [91 [1365 1366 1367 1368 1369 1370 1371 1372 1373 1374 1376 1377 1378 1379]] [92 [1380 1381 1382 1383 1384 1385 1386 1387 1388 1389 1390 1391 1392 1393]] [93 [1395 1397 1398 1399 1400 1401 1403 1404 1405 1406 1407 1408 1409]] [94 [1410 1411 1412 1413 1414 1415 1416 1417 1418 1419 1420 1421 1422 1424]] [95 [1425 1426 1427 1428 1429 1430 1431 1432 1433 1435 1436 1437 1439]] [96 [1440 1441 1443 1444 1445 1448 1450 1451 1452 1453 1454]] [97 [1457 1458 1460 1462 1463 1464 1465 1466 1467 1468 1469]] [98 [1470 1471 1473 1474 1475 1476 1477 1478 1479 1480 1481 1483 1484]] [99 [1485 1487 1489 1490 1492 1493 1495 1497 1498]]]","[[0 [2 5 9 10 12 14]] [1 [17 18 19 21 22 24 25 26 29]] [2 [30 31 32 35 36 37 40 41 43]] [3 [47 48 50 52 54 58 59]] [4 [61 62 65 66 67 68 69 70 72 74]] [5 [75 78 80 81 84 85 86 88]] [6 [90 93 94 95 96 97 98 99 100 104]] [7 [105 106 107 111 112 114 116 117 118]] [8 [121 122 123 126 129 130 132 134]] [9 [137 140 141 142 143 144 146 147]] [10 [151 152 154 155 156 158 159 161 164]] [11 [165 170 173 176 177 179]] [12 [180 181 183 187 188 190 191 192 193 194]] [13 [195 197 199 203 204 206 207 208 209]] [14 [213 215 216 218 220 221 222 223 224]] [15 [225 227 229 231 232 236 237 238 239]] [16 [241 243 244 245 246 247 248 251 252 254]] [17 [257 265 266 268 269]] [18 [270 272 273 274 275 278 279 280]] [19 [285 286 289 292 294 295 296 298 299]] [20 [300 301 303 305 310 312 313 314]] [21 [315 317 319 320 321 322 323 324 325]] [22 [331 332 334 338 340 341 343 344]] [23 [346 347 349 350 351 353 355 356 359]] [24 [360 361 362 364 366 371 372 374]] [25 [375 376 377 379 381 383 386 387 388]] [26 [392 393 394 397 398 399 400 401]] [27 [405 408 412 413 415 416 417 419]] [28 [421 423 425 427 428 430 433 434]] [29 [436 438 439 443 444 445 446 447 449]] [30 [451 452 454 456 459 460 463 464]] [31 [467 468 469 471 472 473 474 475 478 479]] [32 [480 482 486 487 489 490 491 492 493]] [33 [495 496 497 498 501 503 506 509]] [34 [510 515 516 517 518 519 520 523 524]] [35 [528 529 531 533 534 535 537 538]] [36 [540 542 543 545 546 548 549 551 553 554]] [37 [556 557 558 559 564 565 566 567 568]] [38 [572 573 575 576 577 579 581 582 583]] [39 [589 593 594 595 596 597]] [40 [602 604 607 610 612 613 614]] [41 [619 620 622 623 624 627 628]] [42 [630 631 632 633 639 640 642 643 644]] [43 [645 646 648 651 653 655 656 659]] [44 [661 663 665 666 667 668 669 671 672 673]] [45 [676 677 678 679 680 682 683 687]] [46 [691 692 694 698 699 700 702 703]] [47 [708 709 714 715 716 717 719]] [48 [720 721 722 725 730 732 733 734]] [49 [735 738 740 741 744 746 748 749]] [50 [750 752 753 755 756 757 758 760 763 764]] [51 [767 769 770 771 772 773 774 777]] [52 [781 783 784 785 786 788 789 790 792 794]] [53 [795 796 798 799 800 804 805 808]] [54 [810 811 813 816 817 822 823 824]] [55 [826 828 829 830 833 834 836 838]] [56 [841 842 843 845 849 851 852]] [57 [855 856 857 858 859 860 861 862 865 866 869]] [58 [871 872 874 875 876 880]] [59 [885 889 893 894 896]] [60 [901 907 910 914]] [61 [916 920 922 925 929]] [62 [931 932 937 939 944]] [63 [948 951 953 957 958]] [64 [960 964 965 968 969 970 972 973 974]] [65 [975 976 977 978 985]] [66 [990 991 992 993 997 1003]] [67 [1005 1010 1011 1013 1014 1017 1018]] [68 [1020 1021 1023 1024 1025 1026 1028 1029 1031 1032 1033]] [69 [1035 1036 1038 1040 1043 1047 1048]] [70 [1051 1052 1054 1055 1056 1058 1060 1062 1063 1064]] [71 [1066 1067 1069 1070 1073 1075 1076 1077 1078]] [72 [1081 1082 1083 1085 1088 1089 1090 1091 1094]] [73 [1095 1096 1098 1099 1100 1101 1104 1105 1107 1108 1109]] [74 [1110 1112 1114 1115 1116 1117 1120 1121 1123]] [75 [1125 1130 1131 1132 1133 1136 1137 1138 1139]] [76 [1140 1141 1142 1144 1145 1146 1147 1149 1150 1151 1152 1153]] [77 [1155 1156 1158 1159 1160 1161 1162 1163 1166 1168]] [78 [1171 1172 1173 1175 1176 1177 1179 1182 1184]] [79 [1186 1189 1191 1192 1193 1194 1195 1199]] [80 [1200 1201 1202 1204 1205 1207 1208 1212 1214]] [81 [1215 1219 1220 1221 1223 1225 1227]] [82 [1231 1232 1233 1235 1236 1239 1241 1243 1244]] [83 [1245 1248 1249 1250 1251 1252 1253 1255 1256 1257 1258]] [84 [1260 1262 1263 1266 1268 1269 1270 1272 1273 1274]] [85 [1276 1277 1279 1282 1284 1285 1286 1287 1288 1289]] [86 [1290 1293 1295 1296 1297 1298 1299 1300 1301]] [87 [1306 1311 1312 1316 1317 1319]] [88 [1320 1321 1324 1325 1326 1327 1329 1332 1333]] [89 [1336 1339 1341 1342 1343 1344 1345 1347 1349]] [90 [1350 1351 1352 1353 1354 1355 1358 1359 1360 1361 1364]] [91 [1365 1366 1367 1368 1369 1370 1373 1374 1376 1377 1378 1379]] [92 [1381 1385 1386 1388 1389 1392 1393]] [93 [1395 1397 1398 1399 1401]] [94 [1411 1413 1414 1416 1417 1418 1420 1422 1424]] [95 [1425 1427 1428 1429 1430 1431 1432 1433 1435 1436 1437]] [96 [1440 1441 1444 1445 1448 1450 1451 1453 1454]] [97 [1457 1460 1462 1463 1464 1465 1466 1467 1468]] [98 [1473 1474 1475 1476 1477 1479 1481 1484]] [99 [1485 1487 1489 1490 1492 1493 1495 1498]]]",,"[[{media 51} [[""A"" [6 6]]]] [{media 53} [[""A"" [3 3]]]] [{media 54} [[""A"" [1 1]]]] [{media 55} [[""A"" [5 5]]]] [{media 56} [[""A"" [4 4]]]] [{media 57} [[""A"" [6 6]]]] [{media 58} [[""A"" [5 5]]]] [{media 60} [[""A"" [2 2]]]] [{media 62} [[""A"" [0 0]]]] [{citizen 33} [[""A"" [5 4]]]] [{media 50} [[""A"" [3 3]]]] [{citizen 0} [[""A"" [5 4]]]] [{media 63} [[""A"" [5 5]]]] [{citizen 1} [[""A"" [5 4]]]] [{citizen 4} [[""A"" [5 4]]]] [{citizen 8} [[""A"" [5 4]]]] [{citizen 25} [[""A"" [6 4]]]] [{media 52} [[""A"" [3 3]]]] [{citizen 5} [[""A"" [5 4]]]] [{media 61} [[""A"" [5 5]]]] [{citizen 3} [[""A"" [6 4]]]] [{media 64} [[""A"" [6 6]]]] [{citizen 41} [[""A"" [6 4]]]] [{citizen 48} [[""A"" [4 6]]]] [{citizen 15} [[""A"" [5 4]]]] [{citizen 40} [[""A"" [4 6]]]] [{citizen 12} [[""A"" [6 4]]]] [{citizen 26} [[""A"" [5 5]]]] [{citizen 34} [[""A"" [4 6]]]] [{citizen 9} [[""A"" [6 4]]]] [{citizen 44} [[""A"" [6 4]]]] [{citizen 2} [[""A"" [5 4]]]] [{citizen 17} [[""A"" [6 4]]]] [{citizen 30} [[""A"" [6 4]]]] [{citizen 19} [[""A"" [6 5]]]] [{citizen 29} [[""A"" [5 4]]]] [{citizen 20} [[""A"" [4 6]]]] [{citizen 14} [[""A"" [4 6]]]] [{citizen 42} [[""A"" [4 6]]]] [{citizen 32} [[""A"" [5 4]]]] [{citizen 31} [[""A"" [6 5]]]] [{citizen 13} [[""A"" [4 6]]]] [{citizen 35} [[""A"" [5 4]]]] [{citizen 28} [[""A"" [5 4]]]] [{media 59} [[""A"" [5 5]]]] [{citizen 37} [[""A"" [5 4]]]] [{citizen 16} [[""A"" [5 4]]]] [{citizen 45} [[""A"" [6 4]]]] [{citizen 23} [[""A"" [6 4]]]] [{citizen 47} [[""A"" [5 4]]]] [{citizen 18} [[""A"" [5 4]]]] [{citizen 27} [[""A"" [4 6]]]] [{citizen 11} [[""A"" [4 6]]]] [{citizen 39} [[""A"" [4 6]]]] [{citizen 43} [[""A"" [4 6]]]] [{citizen 49} [[""A"" [4 6]]]] [{citizen 38} [[""A"" [5 4]]]] [{citizen 46} [[""A"" [4 6]]]] [{citizen 6} [[""A"" [6 6]]]] [{citizen 7} [[""A"" [5 4]]]] [{citizen 10} [[""A"" [4 6]]]] [{citizen 21} [[""A"" [6 5]]]] [{citizen 22} [[""A"" [6 5]]]] [{citizen 24} [[""A"" [6 4]]]]]"
"37","[85 0 170]","333.75","-2.430360491671678","4.678647047717675","""circle""","""""","9.9","{breed citizens}","false","0.5","1","""up""",,"[[""ID"" 12] [""alpha"" 1] [""beta"" 1] [""malleable"" [""A""]] [""prior"" []] [""cont_tokens"" []] [""A"" 4]]","[[0 [1 2 4 5 6 7 8 9 10 11 12 13 14]] [1 [16 17 18 19 21 22 23 24 25 26 27 28 29]] [2 [30 31 32 33 35 36 37 39 40 41 42 43 44]] [3 [45 46 47 48 49 50 51 52 54 56 57 58 59]] [4 [61 62 63 65 66 67 68 69 70 71 72 74]] [5 [75 76 77 78 79 80 81 82 83 84 85 86 88]] [6 [90 91 93 94 95 96 97 98 99 100 103 104]] [7 [105 106 107 111 112 114 116 117 118]] [8 [121 122 123 126 129 130 131 132 134]] [9 [137 140 141 142 143 144 145 146 147]] [10 [151 152 154 155 156 158 159 161 164]] [11 [165 167 170 173 174 176 177 178 179]] [12 [180 181 182 183 185 187 188 189 190 191 192 193 194]] [13 [195 196 197 199 201 202 203 204 206 207 208 209]] [14 [210 211 212 213 215 216 218 220 221 222 223 224]] [15 [225 227 229 231 232 236 237 238 239]] [16 [241 243 244 245 246 247 248 249 250 251 252 254]] [17 [255 256 257 259 260 261 263 265 266 267 268 269]] [18 [270 272 273 274 275 277 278 279 280]] [19 [285 286 289 292 294 295 296 298 299]] [20 [300 301 303 305 310 312 313 314]] [21 [315 317 319 320 321 322 323 324 325]] [22 [331 332 334 336 338 340 341 343 344]] [23 [346 347 349 350 351 353 355 356 359]] [24 [360 361 362 364 366 371 372 374]] [25 [375 376 377 379 381 383 386 387 388]] [26 [392 393 394 397 398 399 400 401]] [27 [405 407 408 412 413 415 416 417 419]] [28 [421 423 425 427 428 429 430 433 434]] [29 [436 438 439 443 444 445 446 447 449]] [30 [451 452 454 456 457 458 459 460 462 463 464]] [31 [467 468 469 470 471 472 473 474 475 478 479]] [32 [480 482 486 487 489 490 491 492 493]] [33 [495 496 497 498 501 503 506 507 509]] [34 [510 511 513 515 516 517 518 519 520 522 523 524]] [35 [526 527 528 529 530 531 533 534 535 536 537 538 539]] [36 [540 542 543 545 546 547 548 549 551 552 553 554]] [37 [555 556 557 558 559 564 565 566 567 568 569]] [38 [570 571 572 573 575 576 577 578 579 580 581 582 583 584]] [39 [585 586 587 589 590 591 592 593 594 595 596 597 598 599]] [40 [600 601 602 603 604 605 606 607 608 609 610 611 612 613 614]] [41 [615 616 617 618 619 620 621 622 623 624 625 627 628 629]] [42 [630 631 632 633 634 635 637 639 640 642 643 644]] [43 [645 646 647 648 651 653 655 656 659]] [44 [661 662 663 664 665 666 667 668 669 671 672 673 674]] [45 [675 676 677 678 679 680 682 683 684 686 687 688 689]] [46 [691 692 693 694 696 697 698 699 700 701 702 703 704]] [47 [705 706 707 708 709 710 711 712 713 714 715 716 717 719]] [48 [720 721 722 723 724 725 726 727 728 729 730 731 732 733 734]] [49 [735 736 738 739 740 741 742 744 746 747 748 749]] [50 [750 751 752 753 754 755 756 757 758 760 761 762 763 764]] [51 [765 766 767 768 769 770 771 772 773 774 777 778 779]] [52 [780 781 782 783 784 785 786 787 788 789 790 791 792 794]] [53 [795 796 797 798 799 800 803 804 805 807 808]] [54 [810 811 813 815 816 817 818 819 820 821 822 823 824]] [55 [826 827 828 829 830 831 832 833 834 835 836 837 838 839]] [56 [840 841 842 843 844 845 846 847 848 849 850 851 852 853]] [57 [855 856 857 858 859 860 861 862 863 864 865 866 869]] [58 [870 871 872 874 875 876 880]] [59 [885 889 893 894 896]] [60 [901 907 908 910 914]] [61 [916 920 922 925 929]] [62 [931 932 937 939 944]] [63 [948 951 953 957 958]] [64 [960 964 965 968 969 970 972 973 974]] [65 [975 976 977 978 985]] [66 [990 991 992 993 994 997 998 999 1000 1002 1003]] [67 [1005 1006 1007 1010 1011 1012 1013 1014 1015 1016 1017 1018]] [68 [1020 1021 1022 1023 1024 1025 1026 1028 1029 1030 1031 1032 1033 1034]] [69 [1035 1036 1038 1040 1042 1043 1047 1048 1049]] [70 [1050 1051 1052 1054 1055 1056 1057 1058 1060 1061 1062 1063 1064]] [71 [1065 1066 1067 1069 1070 1071 1073 1074 1075 1076 1077 1078 1079]] [72 [1080 1081 1082 1083 1084 1085 1086 1088 1089 1090 1091 1093 1094]] [73 [1095 1096 1097 1098 1099 1100 1101 1103 1104 1105 1107 1108 1109]] [74 [1110 1111 1112 1113 1114 1115 1116 1117 1118 1120 1121 1123 1124]] [75 [1125 1127 1128 1129 1130 1131 1132 1133 1135 1136 1137 1138 1139]] [76 [1140 1141 1142 1144 1145 1146 1147 1149 1150 1151 1152 1153 1154]] [77 [1155 1156 1157 1158 1159 1160 1161 1162 1163 1164 1166 1167 1168]] [78 [1170 1171 1172 1173 1174 1175 1176 1177 1178 1179 1180 1181 1182 1184]] [79 [1186 1187 1189 1190 1191 1192 1193 1194 1195 1196 1197 1198 1199]] [80 [1200 1201 1202 1203 1204 1205 1206 1207 1208 1210 1211 1212 1213 1214]] [81 [1215 1217 1218 1219 1220 1221 1222 1223 1224 1225 1226 1227 1228]] [82 [1230 1231 1232 1233 1234 1235 1236 1237 1238 1239 1241 1243 1244]] [83 [1245 1247 1248 1249 1250 1251 1252 1253 1254 1255 1256 1257 1258]] [84 [1260 1261 1262 1263 1265 1266 1267 1268 1269 1270 1272 1273 1274]] [85 [1275 1276 1277 1278 1279 1280 1281 1282 1284 1285 1286 1287 1288 1289]] [86 [1290 1291 1292 1293 1295 1296 1297 1298 1299 1300 1301 1302 1304]] [87 [1305 1306 1308 1309 1310 1311 1312 1314 1315 1316 1317 1318 1319]] [88 [1320 1321 1322 1324 1325 1326 1327 1328 1329 1331 1332 1333 1334]] [89 [1335 1336 1337 1338 1339 1341 1342 1343 1344 1345 1347 1348 1349]] [90 [1350 1351 1352 1353 1354 1355 1357 1358 1359 1360 1361 1363 1364]] [91 [1365 1366 1367 1368 1369 1370 1371 1372 1373 1374 1376 1377 1378 1379]] [92 [1380 1381 1382 1383 1384 1385 1386 1388 1389 1390 1391 1392 1393]] [93 [1395 1397 1398 1399 1400 1401 1403 1404 1405 1406 1407 1408 1409]] [94 [1410 1411 1412 1413 1414 1415 1416 1417 1418 1419 1420 1421 1422 1424]] [95 [1425 1426 1427 1428 1429 1430 1431 1432 1433 1435 1436 1437 1439]] [96 [1440 1441 1443 1444 1445 1447 1448 1449 1450 1451 1452 1453 1454]] [97 [1457 1458 1460 1462 1463 1464 1465 1466 1467 1468 1469]] [98 [1470 1471 1473 1474 1475 1476 1477 1478 1479 1480 1481 1483 1484]] [99 [1485 1487 1489 1490 1492 1493 1495 1497 1498]]]","[[0 [2 5 7 9 11]] [1 [16 21 22 24 25 26 29]] [2 [30 31 32 33 36 37 40 41 43]] [3 [46 47 49 51 52 54 58 59]] [4 [62 63 65 67 68 69 70 71 74]] [5 [75 78 79 80 81 83 85 86 88]] [6 [90 91 96 97 99 100 104]] [7 [105 106 107 111 112 114 116 117 118]] [8 [121 122 123 126 129 130 131 132 134]] [9 [137 140 141 142 143 144 146 147]] [10 [151 152 154 155 156 158 159 161 164]] [11 [165 170 173 174 177 179]] [12 [181 182 183 187 188 190 191 192 193 194]] [13 [195 197 201 202 204 206 207 208 209]] [14 [213 215 216 218 220 221 222 224]] [15 [225 227 229 231 232 236 237 238 239]] [16 [241 243 244 245 246 247 248 251 252 254]] [17 [256 257 259 260 261 263 265 266 267 268 269]] [18 [270 272 273 274 275 277 279 280]] [19 [285 286 289 292 294 295 296 298 299]] [20 [300 301 303 305 310 312 313 314]] [21 [315 317 319 320 321 322 323 324 325]] [22 [331 332 334 338 340 341 343 344]] [23 [346 347 349 350 351 353 355 356 359]] [24 [360 361 362 364 366 371 372 374]] [25 [375 376 377 379 381 383 386 387 388]] [26 [392 393 394 397 398 399 400 401]] [27 [405 408 412 413 415 416 417 419]] [28 [421 423 425 427 429 430 433 434]] [29 [436 438 439 443 444 445 446 447 449]] [30 [451 452 457 458 459 460 462 464]] [31 [467 468 469 470 471 473 474 475 478 479]] [32 [480 482 486 487 489 490 491 492 493]] [33 [495 496 497 498 501 503 506 509]] [34 [510 511 513 519 520 522 523 524]] [35 [528 529 531 533 534 535 537 538 539]] [36 [540 542 543 545 546 547 552 553 554]] [37 [556 557 558 559 564 565 567 568]] [38 [572 573 575 576 577 579 580 581 582 583]] [39 [589 593 594 598 599]] [40 [601 602 604 607 610 612 613 614]] [41 [619 620 622 623 624 627 628]] [42 [630 631 633 639 640 642 643 644]] [43 [645 646 647 648 651 653 655 656 659]] [44 [662 664 665 666 667 668 669 671 672 673 674]] [45 [675 680 682 683 684 686 687]] [46 [692 694 700 702 703]] [47 [710 711 712 713 719]] [48 [720 721 725 729 731 732 733 734]] [49 [735 736 742]] [50 [754 755 756 760 761 763 764]] [51 [765 767 769 770 771 772 773 774 777]] [52 [781 783 784 785 786 788 789 790 791 794]] [53 [795 796 797 799 800 804 805 808]] [54 [810 811 813 816 817 821 822 823 824]] [55 [826 828 829 831 833 834 835 837]] [56 [843 845 847 849 851 852]] [57 [855 856 857 858 859 860 861 862 865 866 869]] [58 [871 874 875 876 880]] [59 [885 889 893 894 896]] [60 [901 907 910 914]] [61 [916 920 922 925 929]] [62 [931 937 939 944]] [63 [948 951 953 957 958]] [64 [960 968 969 970 972 973 974]] [65 [975 976 977 978]] [66 [994 997 999 1000 1002 1003]] [67 [1005 1010 1011 1013 1014 1017 1018]] [68 [1020 1021 1023 1025 1026 1028 1029 1031 1032 1033]] [69 [1035 1036 1038 1040 1042 1043 1047 1048 1049]] [70 [1050 1051 1052 1054 1055 1056 1061 1064]] [71 [1065 1071 1074 1076 1077 1079]] [72 [1080 1084 1086 1088 1089 1090 1091 1094]] [73 [1095 1096 1098 1099 1100 1101 1103 1107 1108 1109]] [74 [1110 1112 1113 1114 1116 1117 1120 1121 1123 1124]] [75 [1125 1128 1129 1135 1136 1137 1138 1139]] [76 [1140 1141 1142 1144 1145 1146 1147 1149 1150 1154]] [77 [1155 1156 1158 1159 1160 1161 1162 1163 1166 1168]] [78 [1171 1172 1173 1175 1176 1177 1179 1180 1181]] [79 [1187 1190 1192 1193 1194 1195 1196 1197 1198]] [80 [1203 1204 1205 1207 1208 1212 1214]] [81 [1215 1218 1219 1220 1221 1222 1223 1224 1225 1227]] [82 [1230 1231 1232 1234 1236 1239 1243]] [83 [1247 1248 1249 1250 1251 1252 1254 1257 1258]] [84 [1260 1262 1263 1266 1268 1269 1270 1272 1273]] [85 [1275 1278 1280 1281 1282 1284 1285 1287 1288 1289]] [86 [1290 1293 1295 1296 1297 1298 1299 1300 1301]] [87 [1305 1308 1309 1310 1314 1315 1316 1317 1319]] [88 [1321 1324 1325 1326 1327 1329 1332 1333]] [89 [1336 1339 1341 1342 1343 1344 1345 1347 1348 1349]] [90 [1350 1351 1352 1353 1354 1355 1358 1359 1360 1361 1364]] [91 [1366 1367 1368 1369 1370 1373 1374 1376 1377 1378]] [92 [1380 1382 1383 1384 1385 1386 1388 1389 1391 1392 1393]] [93 [1395 1397 1398 1399 1401]] [94 [1411 1414 1416 1417 1418 1420 1421]] [95 [1425 1427 1428 1429 1430 1431 1432 1433 1435 1436 1437]] [96 [1441 1444 1445 1448 1450 1451 1453 1454]] [97 [1457 1458 1462 1463 1464 1465 1466 1467 1468]] [98 [1473 1474 1475 1476 1477 1479 1483 1484]] [99 [1485 1487 1489 1490 1492 1493 1495 1497]]]",,"[[{media 51} [[""A"" [6 6]]]] [{media 53} [[""A"" [3 3]]]] [{media 54} [[""A"" [1 1]]]] [{media 55} [[""A"" [5 5]]]] [{media 57} [[""A"" [6 6]]]] [{media 58} [[""A"" [5 5]]]] [{media 60} [[""A"" [2 2]]]] [{media 62} [[""A"" [0 0]]]] [{media 50} [[""A"" [3 3]]]] [{citizen 0} [[""A"" [5 4]]]] [{citizen 8} [[""A"" [5 4]]]] [{media 63} [[""A"" [5 5]]]] [{citizen 1} [[""A"" [5 4]]]] [{citizen 4} [[""A"" [5 4]]]] [{media 52} [[""A"" [3 3]]]] [{citizen 5} [[""A"" [5 4]]]] [{media 61} [[""A"" [5 5]]]] [{citizen 2} [[""A"" [5 4]]]] [{media 64} [[""A"" [6 6]]]] [{citizen 41} [[""A"" [5 4]]]] [{citizen 48} [[""A"" [4 6]]]] [{citizen 15} [[""A"" [5 4]]]] [{citizen 40} [[""A"" [5 4]]]] [{citizen 12} [[""A"" [5 4]]]] [{citizen 26} [[""A"" [5 5]]]] [{citizen 34} [[""A"" [4 6]]]] [{citizen 9} [[""A"" [5 4]]]] [{citizen 44} [[""A"" [6 4]]]] [{citizen 17} [[""A"" [5 4]]]] [{citizen 30} [[""A"" [6 4]]]] [{citizen 36} [[""A"" [5 5]]]] [{citizen 3} [[""A"" [6 4]]]] [{citizen 29} [[""A"" [5 4]]]] [{citizen 19} [[""A"" [6 5]]]] [{citizen 20} [[""A"" [4 6]]]] [{citizen 14} [[""A"" [4 6]]]] [{citizen 32} [[""A"" [5 4]]]] [{citizen 31} [[""A"" [5 5]]]] [{citizen 13} [[""A"" [4 6]]]] [{media 56} [[""A"" [4 4]]]] [{citizen 33} [[""A"" [5 4]]]] [{citizen 39} [[""A"" [4 6]]]] [{citizen 25} [[""A"" [5 4]]]] [{citizen 16} [[""A"" [5 4]]]] [{media 59} [[""A"" [5 5]]]] [{citizen 28} [[""A"" [5 4]]]] [{citizen 18} [[""A"" [5 4]]]] [{citizen 45} [[""A"" [5 4]]]] [{citizen 23} [[""A"" [5 4]]]] [{citizen 47} [[""A"" [5 4]]]] [{citizen 35} [[""A"" [5 4]]]] [{citizen 42} [[""A"" [4 6]]]] [{citizen 27} [[""A"" [5 4]]]] [{citizen 11} [[""A"" [5 4]]]] [{citizen 43} [[""A"" [4 6]]]] [{citizen 49} [[""A"" [4 6]]]] [{citizen 38} [[""A"" [5 4]]]] [{citizen 46} [[""A"" [5 4]]]] [{citizen 6} [[""A"" [5 6]]]] [{citizen 7} [[""A"" [5 4]]]] [{citizen 10} [[""A"" [5 4]]]] [{citizen 21} [[""A"" [6 5]]]] [{citizen 22} [[""A"" [6 5]]]] [{citizen 24} [[""A"" [6 4]]]]]"
"38","[85 0 170]","262.5","-9.713552937518612","-1.2980911481361497","""circle""","""""","9.9","{breed citizens}","false","0.5","1","""up""",,"[[""ID"" 18] [""alpha"" 1] [""beta"" 1] [""malleable"" [""A""]] [""prior"" []] [""cont_tokens"" []] [""A"" 4]]","[[0 [1 2 3 4 5 6 7 8 9 10 11 12 13 14]] [1 [16 17 18 19 21 22 23 24 25 26 27 28 29]] [2 [30 31 32 33 35 36 37 39 40 41 42 43 44]] [3 [45 46 47 48 49 50 51 52 54 56 57 58 59]] [4 [61 62 63 65 66 67 68 69 70 71 72 74]] [5 [75 76 77 78 79 80 81 82 83 84 85 86 88]] [6 [90 91 93 94 95 96 97 98 99 100 103 104]] [7 [105 106 107 111 112 114 116 117 118]] [8 [121 122 123 126 129 130 131 132 134]] [9 [137 140 141 142 143 144 145 146 147]] [10 [151 152 154 155 156 158 159 161 164]] [11 [165 167 170 173 174 176 177 178 179]] [12 [180 181 182 183 185 187 188 189 190 191 192 193 194]] [13 [195 196 197 199 201 202 203 204 206 207 208 209]] [14 [210 211 212 213 215 216 218 220 221 222 223 224]] [15 [225 227 229 231 232 236 237 238 239]] [16 [241 243 244 245 246 247 248 249 250 251 252 254]] [17 [255 256 257 259 260 261 263 265 266 267 268 269]] [18 [270 272 273 274 275 277 278 279 280]] [19 [285 286 289 292 294 295 296 298 299]] [20 [300 301 303 305 310 312 313 314]] [21 [315 317 319 320 321 322 323 324 325]] [22 [331 332 334 336 338 340 341 343 344]] [23 [346 347 349 350 351 353 355 356 359]] [24 [360 361 362 364 366 371 372 374]] [25 [375 376 377 379 381 383 386 387 388]] [26 [392 393 394 397 398 399 400 401]] [27 [405 407 408 412 413 415 416 417 419]] [28 [421 423 425 427 428 429 430 433 434]] [29 [436 438 439 443 444 445 446 447 449]] [30 [451 452 454 456 457 458 459 460 462 463 464]] [31 [467 468 469 470 471 472 473 474 475 478 479]] [32 [480 482 486 487 489 490 491 492 493]] [33 [495 496 497 498 501 503 506 507 509]] [34 [510 511 513 515 516 517 518 519 520 522 523 524]] [35 [526 527 528 529 530 531 533 534 535 536 537 538 539]] [36 [540 542 543 545 546 547 548 549 551 552 553 554]] [37 [556 557 558 559 564 565 566 567 568 569]] [38 [570 571 572 573 575 576 577 578 579 580 581 582 583 584]] [39 [585 586 587 589 590 591 592 593 594 595 596 597 598 599]] [40 [600 601 602 603 604 605 606 607 608 609 610 611 612 613 614]] [41 [615 616 617 618 619 620 621 622 623 624 625 627 628 629]] [42 [630 631 632 633 634 635 637 639 640 642 643 644]] [43 [645 646 647 648 651 653 655 656 659]] [44 [661 662 663 664 665 666 667 668 669 671 672 673 674]] [45 [675 676 677 678 679 680 682 683 684 686 687 688 689]] [46 [691 692 693 694 696 697 698 699 700 701 702 703 704]] [47 [705 706 707 708 709 710 711 712 713 714 715 716 717 719]] [48 [720 721 722 723 724 725 726 727 728 729 730 731 732 733 734]] [49 [735 736 738 739 740 741 742 744 746 747 748 749]] [50 [750 751 752 753 754 755 756 757 758 760 761 763 764]] [51 [765 766 767 768 769 770 771 772 773 774 777 778 779]] [52 [780 781 782 783 784 785 786 787 788 789 790 791 792 794]] [53 [795 796 797 798 799 800 803 804 805 807 808]] [54 [810 811 813 815 816 817 818 819 820 821 822 823 824]] [55 [826 827 828 829 830 831 832 833 834 835 836 837 838 839]] [56 [840 841 842 843 844 845 846 847 848 849 850 851 852 853]] [57 [855 856 857 858 859 860 861 862 863 864 865 866 869]] [58 [870 871 872 874 875 876 880]] [59 [885 889 893 894 896]] [60 [901 907 908 910 914]] [61 [916 920 922 925 929]] [62 [931 932 937 939 944]] [63 [948 951 953 957 958]] [64 [960 964 965 968 969 970 972 973 974]] [65 [975 976 977 978 985]] [66 [990 991 992 993 994 997 998 999 1000 1002 1003]] [67 [1005 1006 1007 1010 1011 1012 1013 1014 1015 1016 1017 1018]] [68 [1020 1021 1022 1023 1024 1025 1026 1028 1029 1030 1031 1032 1033 1034]] [69 [1035 1036 1038 1040 1042 1043 1047 1048 1049]] [70 [1050 1051 1052 1054 1055 1056 1057 1058 1060 1061 1062 1063 1064]] [71 [1065 1066 1067 1069 1070 1071 1073 1074 1075 1076 1077 1078 1079]] [72 [1080 1081 1082 1083 1084 1085 1086 1088 1089 1090 1091 1093 1094]] [73 [1095 1096 1097 1098 1099 1100 1101 1103 1104 1105 1107 1108 1109]] [74 [1110 1111 1112 1113 1114 1115 1116 1117 1118 1120 1121 1123 1124]] [75 [1125 1127 1128 1129 1130 1131 1132 1133 1135 1136 1137 1138 1139]] [76 [1140 1141 1142 1144 1145 1146 1147 1149 1150 1151 1152 1153 1154]] [77 [1155 1156 1157 1158 1159 1160 1161 1162 1163 1164 1166 1167 1168]] [78 [1170 1171 1172 1173 1174 1175 1176 1177 1178 1179 1180 1181 1182 1184]] [79 [1186 1187 1189 1190 1191 1192 1193 1194 1195 1196 1197 1198 1199]] [80 [1200 1201 1202 1203 1204 1205 1206 1207 1208 1212 1213 1214]] [81 [1215 1217 1218 1219 1220 1221 1222 1223 1224 1225 1226 1227 1228]] [82 [1230 1231 1232 1233 1234 1235 1236 1237 1238 1239 1241 1243 1244]] [83 [1245 1247 1248 1249 1250 1251 1252 1253 1254 1255 1256 1257 1258]] [84 [1260 1261 1262 1263 1265 1266 1267 1268 1269 1270 1272 1273 1274]] [85 [1275 1276 1277 1278 1279 1280 1281 1282 1284 1285 1286 1287 1288 1289]] [86 [1290 1291 1292 1293 1295 1296 1297 1298 1299 1300 1301 1302 1304]] [87 [1305 1306 1308 1309 1310 1311 1312 1314 1315 1316 1317 1318 1319]] [88 [1320 1321 1322 1324 1325 1326 1327 1328 1329 1331 1332 1333 1334]] [89 [1335 1336 1337 1338 1339 1341 1342 1343 1344 1345 1347 1348 1349]] [90 [1350 1351 1352 1353 1354 1355 1357 1358 1359 1360 1361 1363 1364]] [91 [1365 1366 1367 1368 1369 1370 1371 1372 1373 1374 1376 1377 1378 1379]] [92 [1380 1381 1382 1383 1384 1385 1386 1387 1388 1389 1390 1391 1392 1393]] [93 [1395 1397 1398 1399 1400 1401 1403 1404 1405 1406 1407 1408 1409]] [94 [1410 1411 1412 1413 1414 1415 1416 1417 1418 1419 1420 1421 1422 1424]] [95 [1425 1426 1427 1428 1429 1430 1431 1432 1433 1435 1436 1437 1439]] [96 [1440 1441 1443 1444 1445 1448 1450 1451 1452 1453 1454]] [97 [1457 1458 1460 1462 1463 1464 1465 1466 1467 1468 1469]] [98 [1470 1471 1473 1474 1475 1476 1477 1478 1479 1480 1481 1483 1484]] [99 [1485 1487 1489 1490 1492 1493 1495 1497 1498]]]","[[0 [2 5 8 9 11]] [1 [16 21 22 24 25 26 29]] [2 [30 31 32 33 36 37 39 41 43]] [3 [46 47 49 50 52 54 58 59]] [4 [61 62 65 67 68 69 70 72 74]] [5 [75 78 79 80 81 83 85 86 88]] [6 [90 91 93 94 95 97 99 100 104]] [7 [105 106 107 111 112 114 116 117 118]] [8 [121 122 123 126 129 130 134]] [9 [137 140 141 142 143 144 145 147]] [10 [151 152 154 155 156 158 159 161 164]] [11 [165 167 170 173 174 177 179]] [12 [180 182 183 187 188 190 191 192 193 194]] [13 [195 197 199 202 204 206 207 208]] [14 [210 211 212 222 224]] [15 [225 227 229 231 232 236 237 238 239]] [16 [243 244 245 246 247 248 251 252 254]] [17 [259 260 261 263 265 266 267 268 269]] [18 [270 272 273 274 275 278 279 280]] [19 [285 286 289 292 294 295 296 298 299]] [20 [300 301 303 305 312 313 314]] [21 [315 317 319 320 321 322 323 324 325]] [22 [331 332 334 338 340 343 344]] [23 [346 347 349 350 351 353 355 356 359]] [24 [360 361 362 364 366 371 372 374]] [25 [375 376 377 379 381 383 386 387 388]] [26 [392 393 394 397 398 399 400 401]] [27 [405 407 408 412 413 415 416 417 419]] [28 [421 423 425 427 428 430 433 434]] [29 [436 439 443 444 445 446 447 449]] [30 [451 452 454 456 459 460 462 464]] [31 [467 468 469 471 472 473 474 475 478 479]] [32 [480 482 486 487 489 490 491 492 493]] [33 [495 496 497 498 501 503 506 507 509]] [34 [510 515 516 517 518 520 524]] [35 [528 529 531 533 534 536 537 538 539]] [36 [540 542 543 545 546 548 549 551 552 553 554]] [37 [556 557 558 559 565 567 568]] [38 [572 573 575 576 577 579 580 581 582]] [39 [585 586 587 590 591 592 593 594 595 596 597 598]] [40 [600 602 603 605 606 608 609 610 612]] [41 [615 616 617 618 621 625 627 628]] [42 [630 631 632 633 640 642 643 644]] [43 [645 646 647 648 651 653 655 659]] [44 [662 664 667 668 669 671 672 673 674]] [45 [675 680 682 683 687]] [46 [694 698 699 700 701 704]] [47 [705 706 707 708 709 714 715 716 717]] [48 [721 722 725 728 729 730 733 734]] [49 [735 738 739 740 741 746 748 749]] [50 [750 752 753 755 756 757 758 760 761 763 764]] [51 [765 767 769 770 771 772 773 774 777 778 779]] [52 [782 785 786 788 790 791 794]] [53 [795 796 797 798 799 800 804 805 808]] [54 [810 811 813 815 817 823 824]] [55 [826 829 831 833 834 836 838]] [56 [840 841 842 843 845 849 851 852]] [57 [855 856 857 858 859 860 863 869]] [58 [870 871 872 874 875 876 880]] [59 [885 889 893 894 896]] [60 [901 907 910 914]] [61 [916 920 922 925 929]] [62 [931 937 939 944]] [63 [948 951 953 957 958]] [64 [960 964 965 968 969 970 972 973 974]] [65 [975 976 977 978]] [66 [994 997 1002 1003]] [67 [1005 1010 1011 1013 1014 1017]] [68 [1020 1021 1023 1025 1026 1028 1029 1031 1032 1033]] [69 [1035 1036 1038 1042 1043 1047 1048 1049]] [70 [1050 1052 1054 1057 1058 1060 1062 1063 1064]] [71 [1065 1070 1073 1075 1076 1077 1078]] [72 [1081 1082 1083 1084 1085 1088 1089 1090 1091 1094]] [73 [1095 1096 1098 1099 1100 1101 1104 1105]] [74 [1110 1112 1113 1114 1116 1117 1120 1121 1123 1124]] [75 [1125 1128 1129 1135 1136]] [76 [1140 1142 1144 1145 1146 1147 1149 1151 1152 1153]] [77 [1155 1156 1158 1159 1160 1161 1162 1163 1166 1168]] [78 [1171 1173 1175 1176 1177 1179 1180 1181]] [79 [1187 1189 1190 1191 1192 1194 1195 1196 1199]] [80 [1200 1201 1202 1204 1205 1207 1208 1212 1213]] [81 [1217 1224 1225 1227]] [82 [1230 1231 1232 1233 1235 1236 1239 1243 1244]] [83 [1245 1248 1249 1250 1251 1252 1253 1255 1256 1257]] [84 [1260 1261 1263 1265 1267 1274]] [85 [1277 1279 1282 1284 1285 1286 1287 1288 1289]] [86 [1290 1293 1295 1299 1301 1302 1304]] [87 [1305 1308 1309 1310 1314 1315 1316 1317 1319]] [88 [1320 1321 1324 1325 1326 1327 1328 1329 1332 1333]] [89 [1336 1339 1341 1342 1343 1344 1345 1347 1348 1349]] [90 [1350 1351 1352 1353 1354 1355 1358 1359 1360 1361 1364]] [91 [1367 1368 1369 1370 1373 1374 1376 1377 1378]] [92 [1380 1382 1383 1384 1385 1386 1388 1390 1391 1393]] [93 [1395 1397 1398 1399 1401 1408]] [94 [1411 1413 1414 1416 1417 1418 1420 1422 1424]] [95 [1426 1428 1429 1430 1431 1432 1433 1435 1436 1437]] [96 [1440 1441 1444 1445 1448 1450 1451 1453 1454]] [97 [1457 1458 1462 1463 1464 1465 1466 1467 1468]] [98 [1473 1474 1475 1476 1477 1479 1483 1484]] [99 [1485 1487 1489 1490 1492 1493 1495 1497]]]",,"[[{media 51} [[""A"" [6 6]]]] [{media 53} [[""A"" [3 3]]]] [{media 54} [[""A"" [1 1]]]] [{media 55} [[""A"" [5 5]]]] [{media 56} [[""A"" [4 4]]]] [{media 57} [[""A"" [6 6]]]] [{media 58} [[""A"" [5 5]]]] [{media 60} [[""A"" [2 2]]]] [{media 62} [[""A"" [0 0]]]] [{media 50} [[""A"" [3 3]]]] [{citizen 20} [[""A"" [5 6]]]] [{media 63} [[""A"" [5 5]]]] [{citizen 0} [[""A"" [5 4]]]] [{citizen 2} [[""A"" [6 5]]]] [{citizen 30} [[""A"" [6 4]]]] [{media 52} [[""A"" [3 3]]]] [{media 61} [[""A"" [5 5]]]] [{citizen 3} [[""A"" [5 6]]]] [{citizen 14} [[""A"" [5 4]]]] [{media 64} [[""A"" [6 6]]]] [{citizen 5} [[""A"" [6 5]]]] [{citizen 9} [[""A"" [5 4]]]] [{citizen 17} [[""A"" [6 6]]]] [{citizen 12} [[""A"" [6 4]]]] [{citizen 4} [[""A"" [5 4]]]] [{citizen 1} [[""A"" [5 4]]]] [{citizen 26} [[""A"" [5 5]]]] [{citizen 34} [[""A"" [6 4]]]] [{citizen 44} [[""A"" [5 6]]]] [{citizen 8} [[""A"" [5 4]]]] [{citizen 36} [[""A"" [6 5]]]] [{citizen 19} [[""A"" [6 5]]]] [{citizen 48} [[""A"" [5 6]]]] [{citizen 29} [[""A"" [5 4]]]] [{citizen 32} [[""A"" [6 5]]]] [{citizen 31} [[""A"" [5 6]]]] [{citizen 15} [[""A"" [6 5]]]] [{citizen 13} [[""A"" [5 4]]]] [{citizen 35} [[""A"" [5 4]]]] [{citizen 25} [[""A"" [5 6]]]] [{citizen 33} [[""A"" [6 5]]]] [{citizen 39} [[""A"" [6 6]]]] [{citizen 40} [[""A"" [5 4]]]] [{citizen 16} [[""A"" [5 4]]]] [{citizen 37} [[""A"" [6 5]]]] [{media 59} [[""A"" [5 5]]]] [{citizen 28} [[""A"" [5 4]]]] [{citizen 42} [[""A"" [6 5]]]] [{citizen 18} [[""A"" [5 4]]]] [{citizen 45} [[""A"" [6 5]]]] [{citizen 23} [[""A"" [6 4]]]] [{citizen 47} [[""A"" [5 4]]]] [{citizen 41} [[""A"" [6 4]]]] [{citizen 27} [[""A"" [6 5]]]] [{citizen 11} [[""A"" [5 4]]]] [{citizen 43} [[""A"" [6 6]]]] [{citizen 49} [[""A"" [5 5]]]] [{citizen 46} [[""A"" [5 5]]]] [{citizen 6} [[""A"" [6 5]]]] [{citizen 7} [[""A"" [6 5]]]] [{citizen 10} [[""A"" [5 6]]]] [{citizen 21} [[""A"" [6 5]]]] [{citizen 22} [[""A"" [5 6]]]] [{citizen 24} [[""A"" [5 6]]]]]"
"39","[0 0 255]","41.25","6.555062262370576","7.703255781769262","""circle""","""""","9.9","{breed citizens}","false","0.5","1","""up""",,"[[""ID"" 33] [""alpha"" 1] [""beta"" 1] [""malleable"" [""A""]] [""prior"" []] [""cont_tokens"" []] [""A"" 6]]","[[0 [0 1 2 3 4 5 6 7 8 10 11 12 13 14]] [1 [16 17 18 19 21 22 23 24 25 26 27 29]] [2 [30 31 32 33 35 36 37 39 40 41 42 43 44]] [3 [45 46 47 48 49 50 51 52 54 56 57 58 59]] [4 [61 62 63 64 65 66 67 68 69 70 71 72 74]] [5 [75 76 77 78 79 80 81 82 83 84 85 86 88]] [6 [90 91 93 94 95 96 97 98 99 100 101 102 103 104]] [7 [105 106 107 111 112 114 116 117 118]] [8 [121 122 123 126 129 130 131 132 134]] [9 [137 140 141 142 143 144 145 146 147]] [10 [151 152 154 155 156 158 159 161 164]] [11 [165 167 170 173 174 176 177 178 179]] [12 [180 181 182 183 185 187 188 189 190 191 192 193 194]] [13 [195 196 197 199 201 202 203 204 206 207 208 209]] [14 [210 211 212 213 215 216 218 220 221 222 223 224]] [15 [225 227 229 231 232 236 237 238 239]] [16 [241 243 244 245 246 247 248 249 250 251 252 254]] [17 [255 256 257 259 260 261 262 263 265 266 267 268 269]] [18 [270 272 273 274 275 277 278 279 280]] [19 [285 286 289 292 294 295 296 298 299]] [20 [300 301 303 305 310 312 313 314]] [21 [315 317 319 320 321 322 323 324 325]] [22 [331 332 334 336 338 340 341 343 344]] [23 [346 347 349 350 351 353 355 356 359]] [24 [360 361 362 364 366 371 372 374]] [25 [375 376 377 379 381 383 386 387 388]] [26 [392 393 394 397 398 399 400 401]] [27 [405 407 408 412 413 415 416 417 419]] [28 [421 423 425 427 428 429 430 433 434]] [29 [436 438 439 443 444 445 446 447 449]] [30 [451 452 454 455 456 457 458 459 460 462 463 464]] [31 [467 468 469 470 471 472 473 474 475 478 479]] [32 [480 482 486 487 489 490 491 492 493]] [33 [495 496 497 498 501 503 506 507 509]] [34 [510 511 513 515 516 517 518 519 520 522 523 524]] [35 [526 527 528 529 530 531 533 534 535 536 537 538 539]] [36 [540 542 543 545 546 547 548 549 551 552 553 554]] [37 [555 556 557 558 559 564 565 566 567 568 569]] [38 [570 571 572 573 575 576 577 578 579 580 581 582 583 584]] [39 [585 586 587 589 590 591 592 593 594 595 596 597 598 599]] [40 [600 601 602 603 604 605 606 607 608 609 610 611 612 613 614]] [41 [615 616 617 618 619 620 621 622 623 624 625 627 628 629]] [42 [630 631 632 633 634 635 637 639 640 642 643 644]] [43 [645 646 647 648 651 653 655 656 659]] [44 [661 662 663 664 665 666 667 668 669 671 672 673 674]] [45 [675 676 677 678 679 680 682 683 684 686 687 688 689]] [46 [691 692 693 694 696 697 698 699 700 701 702 703 704]] [47 [705 706 707 708 709 710 711 712 713 714 715 716 717 719]] [48 [720 721 722 723 724 725 726 727 728 729 730 731 732 733 734]] [49 [735 736 738 739 740 741 742 744 746 747 748 749]] [50 [750 751 752 753 755 756 757 758 760 761 763 764]] [51 [765 766 767 768 769 770 771 772 773 774 777 778 779]] [52 [780 781 782 783 784 785 786 787 788 789 790 791 792 794]] [53 [795 796 797 798 799 800 803 804 805 807 808]] [54 [810 811 813 815 816 817 818 819 820 821 822 823 824]] [55 [826 827 828 829 830 831 832 833 834 835 836 837 838 839]] [56 [840 841 842 843 844 845 846 847 848 849 850 851 852 853]] [57 [855 856 857 858 859 860 861 862 863 864 865 866 869]] [58 [870 871 872 874 875 876 880]] [59 [885 889 893 894 896]] [60 [901 907 908 910 914]] [61 [916 920 922 925 929]] [62 [931 932 937 939 944]] [63 [948 951 953 957 958]] [64 [960 964 965 968 969 970 972 973 974]] [65 [975 976 977 978 985]] [66 [990 991 992 993 994 997 998 999 1000 1002 1003]] [67 [1005 1006 1007 1010 1011 1012 1013 1014 1015 1016 1017 1018]] [68 [1020 1021 1022 1023 1024 1025 1026 1028 1029 1030 1031 1032 1033 1034]] [69 [1035 1036 1038 1040 1042 1043 1047 1048 1049]] [70 [1050 1051 1052 1054 1055 1056 1057 1058 1060 1061 1062 1063 1064]] [71 [1065 1066 1067 1069 1070 1071 1073 1074 1075 1076 1077 1078 1079]] [72 [1080 1081 1082 1083 1084 1085 1086 1088 1089 1090 1091 1093 1094]] [73 [1095 1096 1097 1098 1099 1100 1101 1103 1104 1105 1107 1108 1109]] [74 [1110 1111 1112 1113 1114 1115 1116 1117 1118 1120 1121 1123 1124]] [75 [1125 1127 1128 1129 1130 1131 1132 1133 1135 1136 1137 1138 1139]] [76 [1140 1141 1142 1144 1145 1146 1147 1149 1150 1151 1152 1153 1154]] [77 [1155 1156 1157 1158 1159 1160 1161 1162 1163 1164 1166 1167 1168]] [78 [1170 1171 1172 1173 1174 1175 1176 1177 1178 1179 1180 1181 1182 1184]] [79 [1186 1187 1189 1190 1191 1192 1193 1194 1195 1196 1197 1198 1199]] [80 [1200 1201 1202 1203 1204 1205 1206 1207 1208 1212 1213 1214]] [81 [1215 1217 1218 1219 1220 1221 1222 1223 1224 1225 1226 1227 1228]] [82 [1230 1231 1232 1233 1234 1235 1236 1237 1238 1239 1241 1243 1244]] [83 [1245 1247 1248 1249 1250 1251 1252 1253 1254 1255 1256 1257 1258]] [84 [1260 1261 1262 1263 1265 1266 1267 1268 1269 1270 1272 1273 1274]] [85 [1275 1276 1277 1278 1279 1280 1281 1282 1284 1285 1286 1287 1288 1289]] [86 [1290 1291 1292 1293 1295 1296 1297 1298 1299 1300 1301 1302 1304]] [87 [1305 1306 1308 1309 1310 1311 1312 1314 1315 1316 1317 1318 1319]] [88 [1320 1321 1322 1324 1325 1326 1327 1328 1329 1331 1332 1333 1334]] [89 [1335 1336 1337 1338 1339 1341 1342 1343 1344 1345 1347 1348 1349]] [90 [1350 1351 1352 1353 1354 1355 1357 1358 1359 1360 1361 1363 1364]] [91 [1365 1366 1367 1368 1369 1370 1371 1372 1373 1374 1376 1377 1378 1379]] [92 [1380 1381 1382 1383 1384 1385 1386 1388 1389 1390 1391 1392 1393]] [93 [1395 1397 1398 1399 1400 1401 1403 1404 1405 1406 1407 1408 1409]] [94 [1410 1411 1412 1413 1414 1415 1416 1417 1418 1419 1420 1421 1422 1424]] [95 [1425 1426 1427 1428 1429 1430 1431 1432 1433 1435 1436 1437 1439]] [96 [1440 1441 1443 1444 1445 1448 1450 1451 1452 1453 1454]] [97 [1457 1458 1460 1462 1463 1464 1465 1466 1467 1468 1469]] [98 [1470 1471 1473 1474 1475 1476 1477 1478 1479 1480 1481 1483 1484]] [99 [1485 1487 1489 1490 1492 1493 1495 1497 1498]]]","[[0 [0 1 4 6 8 10 12 14]] [1 [17 18 19 21 22 24 25 26 29]] [2 [30 31 32 33 37 40 41 42 44]] [3 [45 50 56 57]] [4 [61 62 63 65 67 68 69 70 71]] [5 [76 77 80 81 84]] [6 [91 93 94 95 97 99 100 104]] [7 [105 106 107 111 112 114 116 117 118]] [8 [121 122 123 126 129 130 132 134]] [9 [137 140 141 142 143 144 145 147]] [10 [151 152 154 155 156 158 159 161 164]] [11 [165 167 170 173 176 177 178]] [12 [180 182 185 189 191 192 193]] [13 [195 197 199 203 207 208 209]] [14 [213 215 218 220 221 222 224]] [15 [225 227 229 231 232 236 237 238 239]] [16 [241 243 244 245 246 247 248 249 250]] [17 [255 256 257 261 263 265 266 267 268 269]] [18 [270 272 273 274 275 278 279 280]] [19 [285 286 292 294 295 296 298 299]] [20 [300 301 303 305 310 312 313 314]] [21 [315 317 319 320 321 322 323 324 325]] [22 [331 332 334 336 338 340 341 343 344]] [23 [346 347 349 350 351 353 355 356 359]] [24 [360 361 362 364 366 371 372 374]] [25 [375 376 377 379 381 383 387 388]] [26 [392 393 394 397 398 399 400 401]] [27 [405 412 413 415 416 417 419]] [28 [421 423 427 428 429 430 433 434]] [29 [436 438 439 443 444 445 446 447]] [30 [451 452 454 456 457 458 459 460 464]] [31 [467 468 469 470 471 472 473 474 475 478 479]] [32 [480 482 486 487 490 491 492 493]] [33 [495 496 497 498 501 503 506 507 509]] [34 [510 515 516 517 518 519 520 522 523 524]] [35 [528 529 531 533 534 535 537 538]] [36 [540 542 543 545 546 548 549 551 552 553 554]] [37 [556 557 558 559 565 566 569]] [38 [570 577 579 580 581 582 584]] [39 [585 586 587 590 591 592 593 594 595 596 597]] [40 [600 602 604 607 609 610 612]] [41 [615 616 617 618 621 625 627 628]] [42 [630 631 632 633 639 640 642 643 644]] [43 [645 646 647 648 651 653 655 656]] [44 [661 663 665 666 667 668 669 671 672 673]] [45 [676 677 678 679 682 683 684 686 688 689]] [46 [691 692 694 699 701 704]] [47 [705 706 707 708 709 714 715 716 717 719]] [48 [720 721 722 725 728 729 731 732 733 734]] [49 [735 736 739 740 741 744 746 747 749]] [50 [750 752 753 755 756 763 764]] [51 [765 766 779]] [52 [782 784 785 786 788 789 790 792 794]] [53 [795 796 797 799 800 804 805 807]] [54 [813 816 817 821 822 823]] [55 [826 828 829 830 835 836 838]] [56 [840 841 842 843 845 849 851 852]] [57 [855 857 858 859 861 862 865 869]] [58 [870 872 874 875 876 880]] [59 [885 889 893 894 896]] [60 [901 907 908 914]] [61 [916 920 922 925 929]] [62 [931 932 937 939 944]] [63 [948 951 953 957 958]] [64 [960 965 968 969 970 973 974]] [65 [975 976 977 978]] [66 [994 997 1002 1003]] [67 [1005 1010 1011 1013 1014 1017 1018]] [68 [1022 1024 1025 1026 1030 1032 1033]] [69 [1035 1036 1038 1042 1043 1047 1048 1049]] [70 [1050 1051 1054 1056 1061 1064]] [71 [1065 1067 1069 1070 1073 1075 1076 1077 1079]] [72 [1080 1082 1083 1085 1088 1089 1090 1091 1094]] [73 [1095 1096 1098 1099 1100 1101 1103 1107 1108 1109]] [74 [1110 1112 1113 1114 1116 1117 1120 1121 1123 1124]] [75 [1125 1128 1129 1135 1136 1137 1138 1139]] [76 [1140 1141 1142 1144 1145 1146 1147 1149 1151 1153]] [77 [1155 1156 1158 1159 1160 1162 1163 1166 1168]] [78 [1171 1173 1175 1176 1177 1179 1180 1181 1182 1184]] [79 [1186 1189 1191 1192 1194 1195 1199]] [80 [1200 1201 1202 1204 1205 1207 1208 1212 1214]] [81 [1215 1218 1219 1220 1221 1223 1224 1225 1227]] [82 [1232 1234 1237 1238 1239 1241 1243 1244]] [83 [1245 1248 1249 1250 1251 1252 1253 1255 1256 1258]] [84 [1260 1261 1265 1267 1274]] [85 [1277 1279 1286 1288 1289]] [86 [1290 1293 1295 1296 1297 1298 1299 1301 1302 1304]] [87 [1305 1308 1309 1310 1312 1316 1317 1318 1319]] [88 [1320 1321 1324 1325 1326 1327 1328 1331 1334]] [89 [1335 1337 1338 1342 1343 1344 1345 1347 1348]] [90 [1354 1355 1358 1361 1364]] [91 [1367 1368 1369 1370 1373 1374 1376 1377 1378]] [92 [1380 1382 1383 1384 1385 1386 1388 1389 1391 1392 1393]] [93 [1395 1397 1398 1399 1401]] [94 [1411 1413 1414 1416 1417 1418 1420 1422 1424]] [95 [1426 1427 1428 1429 1432 1433 1435 1436 1437]] [96 [1440 1441 1444 1445 1448 1450 1451 1453 1454]] [97 [1457 1460 1462 1463 1464 1465 1466 1468]] [98 [1473 1474 1475 1476 1477 1479 1481 1484]] [99 [1485 1487 1489 1490 1492 1493 1495 1497 1498]]]",,"[[{media 51} [[""A"" [6 6]]]] [{media 53} [[""A"" [3 3]]]] [{media 54} [[""A"" [1 1]]]] [{media 56} [[""A"" [4 4]]]] [{media 59} [[""A"" [5 5]]]] [{media 60} [[""A"" [2 2]]]] [{media 62} [[""A"" [0 0]]]] [{media 63} [[""A"" [5 5]]]] [{media 64} [[""A"" [6 6]]]] [{media 57} [[""A"" [6 6]]]] [{citizen 25} [[""A"" [6 5]]]] [{media 58} [[""A"" [5 5]]]] [{media 50} [[""A"" [3 3]]]] [{citizen 0} [[""A"" [5 4]]]] [{media 55} [[""A"" [5 5]]]] [{media 61} [[""A"" [5 5]]]] [{citizen 41} [[""A"" [6 4]]]] [{citizen 4} [[""A"" [5 4]]]] [{citizen 48} [[""A"" [5 6]]]] [{citizen 15} [[""A"" [5 5]]]] [{citizen 40} [[""A"" [5 4]]]] [{citizen 8} [[""A"" [5 4]]]] [{citizen 12} [[""A"" [5 4]]]] [{citizen 1} [[""A"" [5 4]]]] [{citizen 26} [[""A"" [5 5]]]] [{citizen 34} [[""A"" [5 4]]]] [{citizen 9} [[""A"" [5 4]]]] [{citizen 44} [[""A"" [6 5]]]] [{citizen 2} [[""A"" [5 5]]]] [{citizen 17} [[""A"" [6 5]]]] [{citizen 30} [[""A"" [5 4]]]] [{citizen 36} [[""A"" [5 5]]]] [{citizen 3} [[""A"" [6 6]]]] [{citizen 29} [[""A"" [5 4]]]] [{citizen 5} [[""A"" [5 4]]]] [{citizen 32} [[""A"" [5 5]]]] [{citizen 19} [[""A"" [5 5]]]] [{citizen 20} [[""A"" [6 5]]]] [{citizen 14} [[""A"" [5 4]]]] [{citizen 42} [[""A"" [6 5]]]] [{citizen 31} [[""A"" [5 5]]]] [{citizen 13} [[""A"" [5 4]]]] [{citizen 35} [[""A"" [5 4]]]] [{citizen 28} [[""A"" [5 4]]]] [{citizen 33} [[""A"" [5 5]]]] [{citizen 16} [[""A"" [5 4]]]] [{citizen 37} [[""A"" [5 5]]]] [{media 52} [[""A"" [3 3]]]] [{citizen 45} [[""A"" [6 5]]]] [{citizen 23} [[""A"" [5 4]]]] [{citizen 47} [[""A"" [5 4]]]] [{citizen 18} [[""A"" [5 4]]]] [{citizen 27} [[""A"" [5 5]]]] [{citizen 11} [[""A"" [5 4]]]] [{citizen 43} [[""A"" [5 6]]]] [{citizen 49} [[""A"" [5 4]]]] [{citizen 38} [[""A"" [5 4]]]] [{citizen 46} [[""A"" [5 5]]]] [{citizen 6} [[""A"" [5 5]]]] [{citizen 10} [[""A"" [6 5]]]] [{citizen 21} [[""A"" [6 5]]]] [{citizen 7} [[""A"" [5 5]]]] [{citizen 22} [[""A"" [5 5]]]] [{citizen 24} [[""A"" [6 5]]]]]"
"40","[0 0 255]","107.8125","9.55920337418484","-3.277521834541544","""circle""","""""","9.9","{breed citizens}","false","0.5","1","""up""",,"[[""ID"" 2] [""alpha"" 1] [""beta"" 1] [""malleable"" [""A""]] [""prior"" []] [""cont_tokens"" []] [""A"" 6]]","[[0 [0 2 3 5 6 7 9 10 11 12 13 14]] [1 [16 17 18 19 21 22 23 24 25 26 27 28 29]] [2 [30 31 32 33 35 36 37 39 40 41 42 43 44]] [3 [45 46 47 48 49 50 51 52 54 56 57 58 59]] [4 [61 62 63 65 66 67 68 69 70 71 72 74]] [5 [75 76 77 78 79 80 81 82 83 84 85 86 88]] [6 [90 91 93 94 95 96 97 98 99 100 101 102 103 104]] [7 [105 106 107 111 112 114 116 117 118]] [8 [121 122 123 126 129 130 131 132 134]] [9 [137 140 141 142 143 144 145 146 147]] [10 [151 152 154 155 156 158 159 161 164]] [11 [165 167 170 173 174 176 177 178 179]] [12 [180 181 182 183 185 187 188 189 190 191 192 193 194]] [13 [195 196 197 199 201 202 203 204 206 207 208 209]] [14 [210 211 212 213 215 216 218 220 221 222 223 224]] [15 [225 227 229 231 232 236 237 238 239]] [16 [241 243 244 245 246 247 248 249 250 251 252 254]] [17 [255 256 257 259 260 261 263 265 266 267 268 269]] [18 [270 272 273 274 275 277 278 279 280]] [19 [285 286 289 292 294 295 296 298 299]] [20 [300 301 303 305 310 312 313 314]] [21 [315 317 319 320 321 322 323 324 325]] [22 [331 332 334 336 338 340 341 343 344]] [23 [346 347 349 350 351 353 355 356 359]] [24 [360 361 362 364 366 371 372 374]] [25 [375 376 377 379 381 383 386 387 388]] [26 [392 393 394 397 398 399 400 401]] [27 [405 407 408 412 413 415 416 417 419]] [28 [421 423 425 427 428 429 430 433 434]] [29 [436 438 439 443 444 445 446 447 449]] [30 [451 452 454 456 457 458 459 460 462 463 464]] [31 [467 468 469 470 471 472 473 474 475 476 477 478 479]] [32 [480 482 486 487 489 490 491 492 493]] [33 [495 496 497 498 501 503 506 507 509]] [34 [510 511 513 515 516 517 518 519 520 522 523 524]] [35 [526 527 528 529 530 531 533 534 535 536 537 538 539]] [36 [540 542 543 545 546 547 548 549 551 552 553 554]] [37 [555 556 557 558 559 564 565 566 567 568 569]] [38 [570 571 572 573 575 576 577 578 579 580 581 582 583 584]] [39 [585 586 587 589 590 591 592 593 594 595 596 597 598 599]] [40 [600 601 602 603 604 605 606 607 608 609 610 611 612 613 614]] [41 [615 616 617 618 619 620 621 622 623 624 625 627 628 629]] [42 [630 631 632 633 637 639 640 642 643 644]] [43 [645 646 647 648 651 653 655 656 659]] [44 [661 662 663 664 665 666 667 668 669 671 672 673 674]] [45 [675 676 677 678 679 680 682 683 684 686 687 688 689]] [46 [691 692 693 694 696 697 698 699 700 701 702 703 704]] [47 [705 706 707 708 709 710 711 712 713 714 715 716 717 719]] [48 [720 721 722 723 724 725 726 727 728 729 730 731 732 733 734]] [49 [735 736 738 739 740 741 742 744 746 747 748 749]] [50 [750 751 752 753 754 755 756 757 758 760 761 762 763 764]] [51 [765 766 767 768 769 770 771 772 773 774 777 778 779]] [52 [780 781 782 783 784 785 786 787 788 789 790 791 792 793 794]] [53 [795 796 797 798 799 800 803 804 805 807 808]] [54 [810 811 813 815 816 817 818 819 820 821 822 823 824]] [55 [826 827 828 829 830 831 832 833 834 835 836 837 838 839]] [56 [840 841 842 843 844 845 846 847 848 849 850 851 852 853]] [57 [855 856 857 858 859 860 861 862 863 864 865 866 869]] [58 [870 871 872 874 875 876 880]] [59 [885 889 893 894 896]] [60 [901 907 908 910 914]] [61 [916 920 922 925 929]] [62 [931 932 937 939 944]] [63 [948 951 953 957 958]] [64 [960 964 965 968 969 970 972 973 974]] [65 [975 976 977 978 985]] [66 [990 991 992 993 994 997 998 999 1000 1002 1003]] [67 [1005 1006 1007 1010 1011 1012 1013 1014 1015 1016 1017 1018]] [68 [1020 1021 1022 1023 1024 1025 1026 1028 1029 1030 1031 1032 1033 1034]] [69 [1035 1036 1038 1040 1042 1043 1047 1048 1049]] [70 [1050 1051 1052 1054 1055 1056 1057 1058 1060 1061 1062 1063 1064]] [71 [1065 1066 1067 1069 1070 1071 1073 1074 1075 1076 1077 1078 1079]] [72 [1080 1081 1082 1083 1084 1085 1086 1088 1089 1090 1091 1093 1094]] [73 [1095 1096 1097 1098 1099 1100 1101 1103 1104 1105 1107 1108 1109]] [74 [1110 1111 1112 1113 1114 1115 1116 1117 1118 1120 1121 1123 1124]] [75 [1125 1127 1128 1129 1130 1131 1132 1133 1135 1136 1137 1138 1139]] [76 [1140 1141 1142 1144 1145 1146 1147 1149 1150 1151 1152 1153 1154]] [77 [1155 1156 1157 1158 1159 1160 1161 1162 1163 1164 1166 1167 1168]] [78 [1170 1171 1172 1173 1174 1175 1176 1177 1178 1179 1180 1181 1182 1184]] [79 [1186 1187 1189 1190 1191 1192 1193 1194 1195 1196 1197 1198 1199]] [80 [1200 1201 1202 1203 1204 1205 1206 1207 1208 1211 1212 1213 1214]] [81 [1215 1217 1218 1219 1220 1221 1222 1223 1224 1225 1226 1227 1228]] [82 [1230 1231 1232 1233 1234 1235 1236 1237 1238 1239 1241 1243 1244]] [83 [1245 1247 1248 1249 1250 1251 1252 1253 1254 1255 1256 1257 1258]] [84 [1260 1261 1262 1263 1265 1266 1267 1268 1269 1270 1272 1273 1274]] [85 [1275 1276 1277 1278 1279 1280 1281 1282 1284 1285 1286 1287 1288 1289]] [86 [1290 1291 1292 1293 1295 1296 1297 1298 1299 1300 1301 1302 1304]] [87 [1305 1306 1308 1309 1310 1311 1312 1314 1315 1316 1317 1318 1319]] [88 [1320 1321 1322 1324 1325 1326 1327 1328 1329 1331 1332 1333 1334]] [89 [1335 1336 1337 1338 1339 1341 1342 1343 1344 1345 1347 1348 1349]] [90 [1350 1351 1352 1353 1354 1355 1357 1358 1359 1360 1361 1363 1364]] [91 [1365 1366 1367 1368 1369 1370 1371 1372 1373 1374 1376 1377 1378 1379]] [92 [1380 1381 1382 1383 1384 1385 1386 1387 1388 1389 1390 1391 1392 1393]] [93 [1395 1397 1398 1399 1400 1401 1403 1404 1405 1406 1407 1408 1409]] [94 [1410 1411 1412 1413 1414 1415 1416 1417 1418 1419 1420 1421 1422 1424]] [95 [1425 1426 1427 1428 1429 1430 1431 1432 1433 1435 1436 1437 1439]] [96 [1440 1441 1443 1444 1445 1447 1448 1449 1450 1451 1452 1453 1454]] [97 [1457 1458 1460 1462 1463 1464 1465 1466 1467 1468 1469]] [98 [1470 1471 1473 1474 1475 1476 1477 1478 1479 1480 1481 1483 1484]] [99 [1485 1487 1489 1490 1492 1493 1495 1497 1498]]]","[[0 [2 3 5 7 11]] [1 [16 17 18 19 22 24 25 26 29]] [2 [30 31 32 33 36 37 39 40 41 42 44]] [3 [45 48 49 50 51 52 54 58 59]] [4 [62 65 67 68 69 70 71]] [5 [76 77 79 80 81 84]] [6 [91 95 96 97 99 100 104]] [7 [105 106 107 111 112 114 116 117 118]] [8 [121 122 123 126 129 130 132 134]] [9 [137 140 141 142 143 144 146 147]] [10 [151 152 154 155 156 158 159 161 164]] [11 [165 170 173 176 177 178 179]] [12 [181 182 183 187 188 190 191 192 193 194]] [13 [195 197 199 202 203 207 208 209]] [14 [213 215 216 218 220 221 222 223 224]] [15 [225 227 229 231 232 236 237 238 239]] [16 [241 243 244 245 246 247 248 251 252 254]] [17 [255 256 257 259 260 261 263 265 266 267 268 269]] [18 [270 272 273 274 275 277 279 280]] [19 [285 286 289 292 294 295 296 298 299]] [20 [300 301 303 305 310 312 313 314]] [21 [315 317 319 320 321 322 323 324 325]] [22 [331 332 334 340 341 343 344]] [23 [346 349 350 351 353 355 356 359]] [24 [360 361 362 364 366 371 372 374]] [25 [375 376 377 379 381 383 386 387 388]] [26 [392 393 394 397 398 399 400 401]] [27 [405 407 408 412 413 415 416 417 419]] [28 [421 423 425 427 428 430 433 434]] [29 [436 438 439 443 444 445 446 447 449]] [30 [451 452 454 456 457 458 459 460 463]] [31 [469 470 471 473 474 475 478 479]] [32 [480 482 486 487 489 490 491 492 493]] [33 [495 496 497 498 501 503 506 509]] [34 [510 515 516 517 518 519 520 523 524]] [35 [528 531 533 534 536 537 539]] [36 [540 543 545 546 548 549 551 552 553 554]] [37 [556 557 558 559 566 567 568]] [38 [572 573 575 576 578 580 581 582 583]] [39 [587 589 593 594 598 599]] [40 [600 601 603 605 606 608 609 610 612 613]] [41 [615 616 617 618 621 625 627 628 629]] [42 [630 631 632 633 639 640 642 643 644]] [43 [645 646 647 648 651 653 655 659]] [44 [662 664 665 666 668 669 671 672 673 674]] [45 [676 677 678 679 682 683 686 688 689]] [46 [691 692 694 700 702 703]] [47 [710 713 719]] [48 [720 721 722 726 727 728 729 731 732 733 734]] [49 [735 736 742]] [50 [751 753 755 756 764]] [51 [765 766]] [52 [780 782 785 786 788 790 792 794]] [53 [795 796 798 799 800 804 805 807]] [54 [813 816 817 822 823 824]] [55 [826 830 834 836 839]] [56 [840 841 842 843 845 847 849 851 852]] [57 [855 856 857 858 859 860 861 862 865 866 869]] [58 [870 871 872 874 875 876 880]] [59 [885 889 893 894 896]] [60 [901 907 910 914]] [61 [916 920 922 925 929]] [62 [931 932 937 939 944]] [63 [948 951 953 957 958]] [64 [960 964 965 968 969 970 972 973 974]] [65 [975 976 977 978]] [66 [994 998 999 1002 1003]] [67 [1005 1010 1011 1013 1014 1017 1018]] [68 [1020 1021 1023 1024 1026 1028 1029 1031 1032 1033]] [69 [1035 1036 1038 1042 1043 1047 1048]] [70 [1051 1052 1054 1055 1056 1061 1064]] [71 [1066 1067 1069 1070 1073 1075 1076 1077 1079]] [72 [1080 1084 1085 1086 1088 1089 1090 1091 1094]] [73 [1095 1096 1098 1099 1100 1101 1103 1104 1105 1107 1108 1109]] [74 [1110 1112 1113 1114 1115 1116 1117 1118]] [75 [1125 1130 1131 1132 1133 1135 1136 1137 1138 1139]] [76 [1140 1141 1142 1144 1145 1146 1147 1149 1150 1153]] [77 [1157 1158 1159 1160 1162 1164 1167]] [78 [1170 1174 1178 1179 1181]] [79 [1187 1190 1192 1194 1195 1196 1197]] [80 [1201 1202 1204 1205 1207 1208 1212 1213]] [81 [1215 1218 1219 1220 1221 1222 1223 1224 1225 1227]] [82 [1230 1231 1232 1233 1234 1237 1238 1239 1241 1243]] [83 [1247 1251 1252 1253 1255 1256 1257]] [84 [1260 1262 1263 1265 1267 1274]] [85 [1277 1279 1282 1284 1285 1287 1288 1289]] [86 [1290 1293 1295 1298 1299 1300 1301 1302 1304]] [87 [1305 1306 1311 1312 1316 1317 1318]] [88 [1322 1324 1325 1326 1327 1329 1332 1333]] [89 [1336 1339 1341 1342 1343 1344 1345 1347 1349]] [90 [1350 1351 1352 1353 1354 1357 1358 1361]] [91 [1365 1366 1371 1372 1379]] [92 [1381 1385 1386 1388 1389 1392 1393]] [93 [1395 1397 1398 1399 1401]] [94 [1411 1413 1414 1416 1417 1418 1420 1421]] [95 [1425 1427 1429 1432 1433 1435 1436 1437]] [96 [1440 1441 1444 1445 1448 1450 1451 1452 1453 1454]] [97 [1457 1458 1462 1463 1464 1465 1466 1467 1468]] [98 [1473 1474 1475 1476 1477 1479 1481 1483 1484]] [99 [1485 1487 1489 1490 1492 1493 1495 1497 1498]]]",,"[[{citizen 42} [[""A"" [5 6]]]] [{media 51} [[""A"" [6 6]]]] [{media 53} [[""A"" [3 3]]]] [{media 54} [[""A"" [1 1]]]] [{media 56} [[""A"" [4 4]]]] [{media 59} [[""A"" [5 5]]]] [{media 60} [[""A"" [2 2]]]] [{media 62} [[""A"" [0 0]]]] [{media 63} [[""A"" [5 5]]]] [{media 64} [[""A"" [6 6]]]] [{media 50} [[""A"" [3 3]]]] [{citizen 15} [[""A"" [5 5]]]] [{media 52} [[""A"" [3 3]]]] [{citizen 4} [[""A"" [5 4]]]] [{citizen 5} [[""A"" [5 5]]]] [{citizen 8} [[""A"" [5 5]]]] [{media 61} [[""A"" [5 5]]]] [{citizen 3} [[""A"" [6 5]]]] [{citizen 41} [[""A"" [5 4]]]] [{citizen 48} [[""A"" [5 6]]]] [{citizen 12} [[""A"" [5 4]]]] [{citizen 1} [[""A"" [5 4]]]] [{citizen 26} [[""A"" [5 5]]]] [{citizen 0} [[""A"" [5 4]]]] [{citizen 34} [[""A"" [4 6]]]] [{citizen 9} [[""A"" [5 4]]]] [{citizen 44} [[""A"" [5 6]]]] [{citizen 2} [[""A"" [6 5]]]] [{citizen 17} [[""A"" [6 5]]]] [{citizen 30} [[""A"" [5 4]]]] [{citizen 36} [[""A"" [5 5]]]] [{citizen 29} [[""A"" [5 5]]]] [{citizen 19} [[""A"" [5 5]]]] [{citizen 20} [[""A"" [5 6]]]] [{citizen 14} [[""A"" [4 6]]]] [{media 55} [[""A"" [5 5]]]] [{citizen 32} [[""A"" [6 5]]]] [{citizen 31} [[""A"" [5 5]]]] [{citizen 13} [[""A"" [4 6]]]] [{citizen 35} [[""A"" [5 4]]]] [{citizen 28} [[""A"" [5 4]]]] [{citizen 25} [[""A"" [5 5]]]] [{citizen 33} [[""A"" [5 5]]]] [{citizen 39} [[""A"" [5 6]]]] [{media 58} [[""A"" [5 5]]]] [{citizen 37} [[""A"" [5 5]]]] [{citizen 16} [[""A"" [5 4]]]] [{citizen 18} [[""A"" [5 4]]]] [{media 57} [[""A"" [6 6]]]] [{citizen 45} [[""A"" [6 5]]]] [{citizen 23} [[""A"" [5 4]]]] [{citizen 47} [[""A"" [5 4]]]] [{citizen 27} [[""A"" [5 6]]]] [{citizen 11} [[""A"" [5 4]]]] [{citizen 43} [[""A"" [5 6]]]] [{citizen 49} [[""A"" [5 6]]]] [{citizen 38} [[""A"" [5 5]]]] [{citizen 46} [[""A"" [5 5]]]] [{citizen 6} [[""A"" [6 6]]]] [{citizen 10} [[""A"" [5 6]]]] [{citizen 21} [[""A"" [6 5]]]] [{citizen 7} [[""A"" [6 5]]]] [{citizen 22} [[""A"" [5 5]]]] [{citizen 24} [[""A"" [6 5]]]]]"
"41","[85 0 170]","341.25","-1.6299038776367065","5.177381319122124","""circle""","""""","9.9","{breed citizens}","false","0.5","1","""up""",,"[[""ID"" 23] [""alpha"" 1] [""beta"" 1] [""malleable"" [""A""]] [""prior"" []] [""cont_tokens"" []] [""A"" 4]]","[[0 [1 2 4 5 6 7 8 9 10 11 12 13 14]] [1 [15 16 17 18 19 20 21 22 23 24 25 26 27 28 29]] [2 [30 31 32 33 35 36 37 39 40 41 42 43 44]] [3 [45 46 47 48 49 50 51 52 54 56 57 58 59]] [4 [61 62 63 65 66 67 68 69 70 71 72 74]] [5 [75 76 77 78 79 80 81 82 83 84 85 86 88]] [6 [90 91 93 94 95 96 97 98 99 100 101 102 103 104]] [7 [105 106 107 111 112 114 116 117 118]] [8 [121 122 123 126 129 130 131 132 134]] [9 [137 140 141 142 143 144 145 146 147]] [10 [151 152 154 155 156 158 159 161 164]] [11 [165 167 170 173 174 176 177 178 179]] [12 [180 181 182 183 185 187 188 189 190 191 192 193 194]] [13 [195 196 197 199 201 202 203 204 206 207 208 209]] [14 [210 211 212 213 215 216 218 220 221 222 223 224]] [15 [225 227 229 231 232 236 237 238 239]] [16 [241 243 244 245 246 247 248 249 250 251 252 254]] [17 [255 256 257 259 260 261 263 265 266 267 268 269]] [18 [270 272 273 274 275 277 278 279 280]] [19 [285 286 289 292 294 295 296 298 299]] [20 [300 301 303 305 310 312 313 314]] [21 [315 317 319 320 321 322 323 324 325]] [22 [331 332 334 336 338 340 341 343 344]] [23 [346 347 349 350 351 353 355 356 359]] [24 [360 361 362 364 366 371 372 374]] [25 [375 376 377 379 381 383 386 387 388]] [26 [392 393 394 397 398 399 400 401]] [27 [405 407 408 412 413 415 416 417 419]] [28 [421 423 425 427 428 429 430 433 434]] [29 [436 438 439 443 444 445 446 447 449]] [30 [451 452 454 456 457 458 459 460 462 463 464]] [31 [467 468 469 470 471 472 473 474 475 478 479]] [32 [480 482 486 487 489 490 491 492 493]] [33 [495 496 497 498 501 503 506 507 509]] [34 [510 511 513 515 516 517 518 519 520 522 523 524]] [35 [526 527 528 529 530 531 533 534 535 536 537 538 539]] [36 [540 542 543 545 546 547 548 549 551 552 553 554]] [37 [555 556 557 558 559 564 565 566 567 568 569]] [38 [570 571 572 573 575 576 577 578 579 580 581 582 583 584]] [39 [585 586 587 589 590 591 592 593 594 595 596 597 598 599]] [40 [600 601 602 603 604 605 606 607 608 609 610 611 612 613 614]] [41 [619 620 622 623 624 625 626 627 628 629]] [42 [630 631 632 633 637 639 640 642 643 644]] [43 [645 646 647 648 651 653 655 656 659]] [44 [661 662 663 664 665 666 667 668 669 671 672 673 674]] [45 [675 676 677 678 679 680 682 683 684 686 687 688 689]] [46 [691 692 693 694 696 697 698 699 700 701 702 703 704]] [47 [705 706 707 708 709 710 711 712 713 714 715 716 717 719]] [48 [720 721 722 723 724 725 726 727 728 729 730 731 732 733 734]] [49 [735 736 738 739 740 741 742 744 746 747 748 749]] [50 [750 751 752 753 754 755 756 757 758 760 761 762 763 764]] [51 [765 766 767 768 769 770 771 772 773 774 777 778 779]] [52 [780 781 782 783 784 785 786 787 788 789 790 791 792 794]] [53 [795 796 797 798 799 800 803 804 805 807 808]] [54 [810 811 813 815 816 817 818 819 820 821 822 823 824]] [55 [826 827 828 829 830 831 832 833 834 835 836 837 838 839]] [56 [840 841 842 843 844 845 846 847 848 849 850 851 852 853]] [57 [855 856 857 858 859 860 861 862 863 864 865 866 869]] [58 [870 871 872 874 875 876 880]] [59 [885 889 893 894 896]] [60 [901 907 908 910 914]] [61 [916 920 922 925 929]] [62 [931 932 937 939 944]] [63 [948 951 953 957 958]] [64 [960 964 965 968 969 970 972 973 974]] [65 [975 976 977 978 985]] [66 [990 991 992 993 994 997 998 999 1000 1002 1003]] [67 [1005 1006 1007 1010 1011 1012 1013 1014 1015 1016 1017 1018]] [68 [1020 1021 1022 1023 1024 1025 1026 1028 1029 1030 1031 1032 1033 1034]] [69 [1035 1036 1038 1040 1042 1043 1047 1048 1049]] [70 [1050 1051 1052 1054 1055 1056 1057 1058 1060 1061 1062 1063 1064]] [71 [1065 1066 1067 1069 1070 1071 1073 1074 1075 1076 1077 1078 1079]] [72 [1080 1081 1082 1083 1084 1085 1086 1088 1089 1090 1091 1093 1094]] [73 [1095 1096 1097 1098 1099 1100 1101 1103 1104 1105 1107 1108 1109]] [74 [1110 1111 1112 1113 1114 1115 1116 1117 1118 1120 1121 1123 1124]] [75 [1125 1127 1128 1129 1130 1131 1132 1133 1135 1136 1137 1138 1139]] [76 [1140 1141 1142 1144 1145 1146 1147 1149 1150 1151 1152 1153 1154]] [77 [1155 1156 1157 1158 1159 1160 1161 1162 1163 1164 1166 1167 1168]] [78 [1170 1171 1172 1173 1174 1175 1176 1177 1178 1179 1180 1181 1182 1184]] [79 [1186 1187 1189 1190 1191 1192 1193 1194 1195 1196 1197 1198 1199]] [80 [1200 1201 1202 1203 1204 1205 1206 1207 1208 1210 1211 1212 1213 1214]] [81 [1215 1217 1218 1219 1220 1221 1222 1223 1224 1225 1226 1227 1228]] [82 [1230 1231 1232 1233 1234 1235 1236 1237 1238 1239 1241 1243 1244]] [83 [1245 1247 1248 1249 1250 1251 1252 1253 1254 1255 1256 1257 1258]] [84 [1260 1261 1262 1263 1265 1266 1267 1268 1269 1270 1272 1273 1274]] [85 [1275 1276 1277 1278 1279 1280 1281 1282 1284 1285 1286 1287 1288 1289]] [86 [1290 1291 1292 1293 1295 1296 1297 1298 1299 1300 1301 1302 1304]] [87 [1305 1306 1308 1309 1310 1311 1312 1314 1315 1316 1317 1318 1319]] [88 [1320 1321 1322 1324 1325 1326 1327 1328 1329 1331 1332 1333 1334]] [89 [1335 1336 1337 1338 1339 1341 1342 1343 1344 1345 1347 1348 1349]] [90 [1350 1351 1352 1353 1354 1355 1357 1358 1359 1360 1361 1363 1364]] [91 [1365 1366 1367 1368 1369 1370 1371 1372 1373 1374 1376 1377 1378 1379]] [92 [1380 1381 1382 1383 1384 1385 1386 1387 1388 1389 1390 1391 1392 1393]] [93 [1395 1397 1398 1399 1400 1401 1403 1404 1405 1406 1407 1408 1409]] [94 [1410 1411 1412 1413 1414 1415 1416 1417 1418 1419 1420 1421 1422 1424]] [95 [1425 1426 1427 1428 1429 1430 1431 1432 1433 1435 1436 1437 1439]] [96 [1440 1441 1443 1444 1445 1448 1450 1451 1452 1453 1454]] [97 [1457 1458 1460 1462 1463 1464 1465 1466 1467 1468 1469]] [98 [1470 1471 1473 1474 1475 1476 1477 1478 1479 1480 1481 1483 1484]] [99 [1485 1487 1489 1490 1492 1493 1495 1497 1498]]]","[[0 [2 5 6 8 9 10 11]] [1 [16 17 18 19 21 22 24 25 26 29]] [2 [30 31 32 33 36 37 40 41 43]] [3 [46 47 49 51 52 58 59]] [4 [62 63 65 67 68 69 70 71]] [5 [76 77 80 81 84]] [6 [91 95 96 97 99 100 104]] [7 [105 106 111 112 114 116 117 118]] [8 [121 122 123 126 129 130 131 132 134]] [9 [137 140 141 142 143 144 146 147]] [10 [151 152 154 155 156 159 161 164]] [11 [165 167 170 173 174 177 178 179]] [12 [181 183 187 188 190 191 192 193 194]] [13 [196 197 199 202 203 207 208]] [14 [210 211 212 213 215 216 218 220 221 222 223 224]] [15 [225 227 229 231 232 236 237 238]] [16 [244 245 246 247 248 251 252 254]] [17 [255 256 257 259 260 261 263 265 266 268 269]] [18 [270 272 273 274 275 277 279 280]] [19 [285 286 289 292 294 295 296 298 299]] [20 [300 301 303 305 310 312 313 314]] [21 [315 317 319 320 321 322 323 324 325]] [22 [331 332 334 336 338 340 341 343 344]] [23 [346 347 349 350 351 353 355 356 359]] [24 [360 361 362 364 366 371 372 374]] [25 [375 376 377 379 381 383 386 387 388]] [26 [392 393 394 397 398 399 400 401]] [27 [407 408 412 413 415 416 417 419]] [28 [421 423 425 427 429 430 433 434]] [29 [436 438 439 443 444 445 446 447 449]] [30 [451 452 457 458 459 460 463 464]] [31 [467 468 469 471 472 473 474 475 478 479]] [32 [480 482 486 487 489 490 491 492 493]] [33 [495 496 497 498 501 503 506 507]] [34 [510 515 516 517 518 519 520 522 523 524]] [35 [528 529 531 533 534 535 536 537 538]] [36 [540 542 543 545 546 547 551 553 554]] [37 [556 558 559 566 567 568]] [38 [572 573 575 576 577 579 582 583]] [39 [589 593 594 595 596 597]] [40 [600 602 604 611]] [41 [620 622 623 624 625 627 628 629]] [42 [630 631 632 633 639 640 642 643 644]] [43 [645 646 651 653 655 656 659]] [44 [661 662 664 665 666 667 668 669 671 672 673 674]] [45 [676 677 678 679 680 683 684 686 688 689]] [46 [691 692 694 700 701 702 703]] [47 [710 713 719]] [48 [720 721 723 724]] [49 [736 742]] [50 [751 754 755 756 764]] [51 [765 766 779]] [52 [782 785 786 788 790 792 794]] [53 [795 796 798 799 800 804 805 807]] [54 [810 811 815 818 819 820 821 822 823 824]] [55 [826 830 832 837]] [56 [844 846 847 849 851 852]] [57 [855 856 857 858 859 861 862 865 866 869]] [58 [871 874 875 876 880]] [59 [885 889 893 894 896]] [60 [901 907 908 910 914]] [61 [916 920 922 925 929]] [62 [931 932 937 939 944]] [63 [948 951 953 957 958]] [64 [960 964 965 968 969 970 972 973 974]] [65 [975 976 977 978]] [66 [994 997 999 1000]] [67 [1006 1016 1018]] [68 [1022 1024 1026 1030 1032 1033]] [69 [1035 1036 1038 1040 1042 1043 1047 1048 1049]] [70 [1050 1052 1054 1055 1056 1061]] [71 [1065 1067 1069 1070 1073 1075 1076 1077 1079]] [72 [1080 1084 1085 1089 1090 1091 1094]] [73 [1095 1096 1098 1099 1100 1101 1103 1104 1105 1107 1108 1109]] [74 [1111 1112 1113 1114 1118 1121 1123 1124]] [75 [1125 1127 1128 1129 1135 1136 1137 1138 1139]] [76 [1140 1141 1142 1145 1146 1147 1149 1151 1152 1153]] [77 [1157 1158 1159 1160 1161 1162 1164 1167]] [78 [1170 1174 1178 1179 1181 1182 1184]] [79 [1186 1189 1191 1192 1193 1194 1195 1196 1197 1198]] [80 [1203 1204 1205 1207 1208 1212 1214]] [81 [1215 1218 1219 1220 1221 1222 1223 1224 1225 1227]] [82 [1232 1234 1236 1238 1239 1243]] [83 [1247 1248 1249 1250 1251 1252 1253 1255 1256 1257]] [84 [1260 1262 1263 1266 1269 1270 1273 1274]] [85 [1277 1279 1285 1286 1288 1289]] [86 [1290 1293 1295 1296 1297 1298 1299 1300 1301 1302 1304]] [87 [1305 1308 1309 1310 1314 1315 1316 1317 1319]] [88 [1320 1321 1324 1325 1326 1327 1329 1332 1333]] [89 [1336 1339 1341 1342 1343 1344 1345 1347 1349]] [90 [1350 1351 1352 1353 1354 1355 1358 1363 1364]] [91 [1367 1368 1369 1370 1373 1374 1376 1377 1378 1379]] [92 [1381 1382 1383 1384 1385 1386 1388 1389 1392 1393]] [93 [1395 1400 1403 1404 1405 1406 1407 1409]] [94 [1410 1411 1415 1419 1422 1424]] [95 [1426 1428 1429 1432 1433 1435 1436 1437]] [96 [1440 1441 1444 1445 1448 1450 1451 1453 1454]] [97 [1457 1458 1462 1463 1464 1465 1466 1467 1468]] [98 [1473 1474 1475 1476 1477 1479 1481 1484]] [99 [1485 1487 1489 1490 1492 1493 1495 1497]]]",,"[[{media 51} [[""A"" [6 6]]]] [{media 53} [[""A"" [3 3]]]] [{media 54} [[""A"" [1 1]]]] [{media 55} [[""A"" [5 5]]]] [{media 57} [[""A"" [6 6]]]] [{media 58} [[""A"" [5 5]]]] [{media 60} [[""A"" [2 2]]]] [{media 62} [[""A"" [0 0]]]] [{media 50} [[""A"" [3 3]]]] [{citizen 6} [[""A"" [5 6]]]] [{media 63} [[""A"" [5 5]]]] [{citizen 0} [[""A"" [5 5]]]] [{citizen 1} [[""A"" [6 5]]]] [{citizen 4} [[""A"" [5 5]]]] [{media 52} [[""A"" [3 3]]]] [{citizen 5} [[""A"" [5 5]]]] [{media 61} [[""A"" [5 5]]]] [{citizen 3} [[""A"" [6 5]]]] [{media 64} [[""A"" [6 6]]]] [{citizen 46} [[""A"" [5 5]]]] [{citizen 12} [[""A"" [5 5]]]] [{citizen 26} [[""A"" [5 5]]]] [{citizen 34} [[""A"" [5 6]]]] [{citizen 9} [[""A"" [6 5]]]] [{citizen 44} [[""A"" [6 5]]]] [{citizen 2} [[""A"" [5 5]]]] [{citizen 17} [[""A"" [6 5]]]] [{citizen 30} [[""A"" [5 5]]]] [{citizen 8} [[""A"" [5 5]]]] [{citizen 36} [[""A"" [5 5]]]] [{citizen 29} [[""A"" [5 5]]]] [{citizen 19} [[""A"" [5 5]]]] [{citizen 48} [[""A"" [5 6]]]] [{citizen 32} [[""A"" [6 5]]]] [{citizen 31} [[""A"" [5 5]]]] [{citizen 15} [[""A"" [5 5]]]] [{citizen 13} [[""A"" [5 6]]]] [{media 56} [[""A"" [4 4]]]] [{citizen 33} [[""A"" [5 5]]]] [{citizen 39} [[""A"" [5 6]]]] [{citizen 25} [[""A"" [6 5]]]] [{citizen 40} [[""A"" [5 5]]]] [{citizen 16} [[""A"" [5 5]]]] [{citizen 37} [[""A"" [5 5]]]] [{citizen 14} [[""A"" [5 6]]]] [{citizen 20} [[""A"" [5 6]]]] [{media 59} [[""A"" [5 5]]]] [{citizen 28} [[""A"" [5 5]]]] [{citizen 35} [[""A"" [5 5]]]] [{citizen 42} [[""A"" [5 6]]]] [{citizen 18} [[""A"" [5 5]]]] [{citizen 45} [[""A"" [6 5]]]] [{citizen 23} [[""A"" [6 5]]]] [{citizen 47} [[""A"" [5 5]]]] [{citizen 43} [[""A"" [5 6]]]] [{citizen 49} [[""A"" [5 6]]]] [{citizen 27} [[""A"" [5 6]]]] [{citizen 11} [[""A"" [6 5]]]] [{citizen 38} [[""A"" [5 5]]]] [{citizen 7} [[""A"" [5 5]]]] [{citizen 10} [[""A"" [5 6]]]] [{citizen 21} [[""A"" [6 5]]]] [{citizen 22} [[""A"" [5 5]]]] [{citizen 24} [[""A"" [6 5]]]]]"
"42","[0 0 255]","48.75","7.757179337341181","6.7139564345318785","""circle""","""""","9.9","{breed citizens}","false","0.5","1","""up""",,"[[""ID"" 8] [""alpha"" 1] [""beta"" 1] [""malleable"" [""A""]] [""prior"" []] [""cont_tokens"" []] [""A"" 6]]","[[0 [1 2 3 4 5 6 7 8 9 10 11 12 13 14]] [1 [16 17 18 19 21 22 23 24 25 26 27 28 29]] [2 [30 31 32 33 35 36 37 39 40 41 42 43 44]] [3 [45 46 47 48 49 50 51 52 54 56 57 58 59]] [4 [61 62 63 65 66 67 68 69 70 71 72 74]] [5 [75 76 77 78 79 80 81 82 83 84 85 86 88]] [6 [90 91 93 94 95 96 97 98 99 100 104]] [7 [105 106 107 111 112 114 116 117 118]] [8 [121 122 123 126 129 130 131 132 134]] [9 [137 140 141 142 143 144 145 146 147]] [10 [151 152 154 155 156 158 159 161 164]] [11 [165 167 170 173 174 176 177 178 179]] [12 [180 181 182 183 185 187 188 189 190 191 192 193 194]] [13 [195 196 197 199 201 202 203 204 206 207 208 209]] [14 [210 211 212 213 215 216 218 220 221 222 223 224]] [15 [225 227 229 231 232 236 237 238 239]] [16 [241 243 244 245 246 247 248 249 250 251 252 254]] [17 [255 256 257 259 260 261 263 265 266 267 268 269]] [18 [270 272 273 274 275 277 278 279 280]] [19 [285 286 289 292 294 295 296 298 299]] [20 [300 301 303 305 310 312 313 314]] [21 [315 317 319 320 321 322 323 324 325]] [22 [331 332 334 336 338 340 341 343 344]] [23 [346 347 349 350 351 353 355 356 359]] [24 [360 361 362 364 366 371 372 374]] [25 [375 376 377 379 381 383 386 387 388]] [26 [392 393 394 397 398 399 400 401]] [27 [405 407 408 412 413 415 416 417 419]] [28 [421 423 425 427 428 429 430 433 434]] [29 [436 438 439 443 444 445 446 447 449]] [30 [451 452 454 456 457 458 459 460 462 463 464]] [31 [467 468 469 470 471 472 473 474 475 476 477 478 479]] [32 [480 482 486 487 489 490 491 492 493]] [33 [495 496 497 498 501 503 506 507 509]] [34 [510 511 513 515 516 517 518 519 520 522 523 524]] [35 [526 527 528 529 530 531 533 534 535 536 537 538 539]] [36 [540 542 543 545 546 547 548 549 551 552 553 554]] [37 [555 556 557 558 559 564 565 566 567 568 569]] [38 [570 571 572 573 575 576 577 578 579 580 581 582 583 584]] [39 [585 586 587 589 590 591 592 593 594 595 596 597 598 599]] [40 [600 601 602 603 604 605 606 607 608 609 610 611 612 613 614]] [41 [615 616 617 618 619 620 621 622 623 624 625 627 628 629]] [42 [630 631 632 633 637 639 640 642 643 644]] [43 [645 646 647 648 651 653 655 656 659]] [44 [661 662 663 664 665 666 667 668 669 671 672 673 674]] [45 [675 676 677 678 679 680 682 683 684 686 687 688 689]] [46 [691 692 693 694 696 697 698 699 700 701 702 703 704]] [47 [705 706 707 708 709 710 711 712 713 714 715 716 717 719]] [48 [720 721 722 723 724 725 726 727 728 729 730 731 732 733 734]] [49 [735 736 738 739 740 741 742 744 746 747 748 749]] [50 [750 751 752 753 755 756 757 758 760 761 763 764]] [51 [765 766 767 768 769 770 771 772 773 774 777 778 779]] [52 [780 781 782 783 784 785 786 787 788 789 790 791 792 794]] [53 [795 796 797 798 799 800 803 804 805 807 808]] [54 [810 811 813 815 816 817 818 819 820 821 822 823 824]] [55 [826 827 828 829 830 831 832 833 834 835 836 837 838 839]] [56 [840 841 842 843 844 845 846 847 848 849 850 851 852 853]] [57 [855 856 857 858 859 860 861 862 863 864 865 866 869]] [58 [870 871 872 874 875 876 880]] [59 [885 889 893 894 896]] [60 [901 907 908 910 914]] [61 [916 920 922 925 929]] [62 [931 932 937 939 944]] [63 [948 951 953 957 958]] [64 [960 964 965 968 969 970 972 973 974]] [65 [975 976 977 978 985]] [66 [990 991 992 993 994 997 998 999 1000 1002 1003]] [67 [1005 1006 1007 1010 1011 1012 1013 1014 1015 1016 1017 1018]] [68 [1020 1021 1022 1023 1024 1025 1026 1028 1029 1030 1031 1032 1033 1034]] [69 [1035 1036 1038 1040 1042 1043 1047 1048 1049]] [70 [1050 1051 1052 1054 1055 1056 1057 1058 1060 1061 1062 1063 1064]] [71 [1065 1066 1067 1069 1070 1071 1073 1074 1075 1076 1077 1078 1079]] [72 [1080 1081 1082 1083 1084 1085 1086 1088 1089 1090 1091 1093 1094]] [73 [1095 1096 1097 1098 1099 1100 1101 1103 1104 1105 1107 1108 1109]] [74 [1110 1111 1112 1113 1114 1115 1116 1117 1118 1120 1121 1123 1124]] [75 [1125 1127 1128 1129 1130 1131 1132 1133 1135 1136 1137 1138 1139]] [76 [1140 1141 1142 1144 1145 1146 1147 1149 1150 1151 1152 1153 1154]] [77 [1155 1156 1157 1158 1159 1160 1161 1162 1163 1164 1166 1167 1168]] [78 [1170 1171 1172 1173 1174 1175 1176 1177 1178 1179 1180 1181 1182 1184]] [79 [1186 1187 1189 1190 1191 1192 1193 1194 1195 1196 1197 1198 1199]] [80 [1200 1201 1202 1203 1204 1205 1206 1207 1208 1210 1211 1212 1213 1214]] [81 [1215 1217 1218 1219 1220 1221 1222 1223 1224 1225 1226 1227 1228]] [82 [1230 1231 1232 1233 1234 1235 1236 1237 1238 1239 1241 1243 1244]] [83 [1245 1247 1248 1249 1250 1251 1252 1253 1254 1255 1256 1257 1258]] [84 [1260 1261 1262 1263 1265 1266 1267 1268 1269 1270 1272 1273 1274]] [85 [1275 1276 1277 1278 1279 1280 1281 1282 1284 1285 1286 1287 1288 1289]] [86 [1290 1291 1292 1293 1295 1296 1297 1298 1299 1300 1301 1302 1304]] [87 [1305 1306 1308 1309 1310 1311 1312 1314 1315 1316 1317 1318 1319]] [88 [1320 1321 1322 1324 1325 1326 1327 1328 1329 1331 1332 1333 1334]] [89 [1335 1336 1337 1338 1339 1341 1342 1343 1344 1345 1347 1348 1349]] [90 [1350 1351 1352 1353 1354 1355 1357 1358 1359 1360 1361 1363 1364]] [91 [1365 1366 1367 1368 1369 1370 1371 1372 1373 1374 1376 1377 1378 1379]] [92 [1380 1381 1382 1383 1384 1385 1386 1387 1388 1389 1390 1391 1392 1393 1394]] [93 [1395 1397 1398 1399 1400 1401 1403 1404 1405 1406 1407 1408 1409]] [94 [1410 1411 1412 1413 1414 1415 1416 1417 1418 1419 1420 1421 1422 1424]] [95 [1425 1426 1427 1428 1429 1430 1431 1432 1433 1435 1436 1437 1439]] [96 [1440 1441 1443 1444 1445 1448 1450 1451 1452 1453 1454]] [97 [1457 1458 1460 1462 1463 1464 1465 1466 1467 1468 1469]] [98 [1470 1471 1473 1474 1475 1476 1477 1478 1479 1480 1481 1483 1484]] [99 [1485 1487 1489 1490 1492 1493 1495 1497 1498]]]","[[0 [2 5 8 10 11]] [1 [16 17 18 19 22 23 24 25 26 29]] [2 [30 31 32 33 37 40 41 43]] [3 [46 47 49 51 52 54 58 59]] [4 [61 62 63 65 67 68 69 70 71 74]] [5 [75 78 79 80 81 84 88]] [6 [90 93 94 95 96 97 98 99 100 104]] [7 [105 106 107 111 112 114 116 117 118]] [8 [121 122 123 126 129 130 132 134]] [9 [137 140 141 142 143 144 146 147]] [10 [151 152 154 155 156 158 159 161 164]] [11 [165 170 173 174 178]] [12 [180 181 182 183 187 188 190 191 192 193 194]] [13 [195 199 203 207 208 209]] [14 [213 215 216 218 220 221 222 224]] [15 [225 227 229 231 232 236 237 238]] [16 [243 244 245 246 247 248 251 252 254]] [17 [255 256 257 261 263 265 266 267 268 269]] [18 [270 272 273 274 275 277 278 279 280]] [19 [285 286 292 294 295 296 298 299]] [20 [300 301 303 305 310 312 313 314]] [21 [315 317 319 320 321 322 323 324 325]] [22 [331 332 334 336 338 340 341 343 344]] [23 [346 347 349 350 351 353 355 356 359]] [24 [360 361 362 364 366 371 372 374]] [25 [375 376 377 379 381 383 386 387 388]] [26 [392 393 394 397 398 399 400 401]] [27 [405 407 408 412 413 415 416 417 419]] [28 [421 423 425 427 428 430 433 434]] [29 [436 438 439 443 444 445 446 447 449]] [30 [451 452 457 458 459 460 463]] [31 [468 469 470 471 472 473 474 475 478 479]] [32 [480 482 486 487 489 490 491 492 493]] [33 [495 496 497 498 501 503 506 509]] [34 [510 515 516 517 518 519 520 522]] [35 [526 527 528 529 531 533 534 535 536 537 538 539]] [36 [540 542 543 545 546 547 552 553 554]] [37 [556 558 559 564 565 566 569]] [38 [570 571 572 573 575 576 577 579 580 581 582 583]] [39 [589 593 594 598]] [40 [600 601 602 603 605 606 608 609 610 612 613 614]] [41 [619 620 623 624 628 629]] [42 [630 631 632 633 639 640 642 643 644]] [43 [645 646 647 648 651 653 655 656 659]] [44 [662 663 665 666 667 668 669 671 672 673 674]] [45 [675 680 682 683 687]] [46 [691 692 693 696 697 698 699 701 704]] [47 [705 706 707 708 709 714 715 716 717 719]] [48 [720 721 722 725 730 731 732 733 734]] [49 [735 738 739 741 746 747 749]] [50 [750 752 753 755 756 757 758 760 761 763 764]] [51 [765 766 779]] [52 [782 783 784 785 786 788 790 792 794]] [53 [795 796 798 799 800 804 805 808]] [54 [810 811 815 816 817 823]] [55 [826 828 829 831 833 834 836 838]] [56 [840 841 842 843 845 847 849 851 852]] [57 [855 856 857 858 859 861 862 865 866 869]] [58 [871 872 874 875 876 880]] [59 [885 889 893 894 896]] [60 [901 907 908 910 914]] [61 [916 920 922 925 929]] [62 [931 937 939 944]] [63 [948 951 953 957 958]] [64 [960 972 973 974]] [65 [975 976 977 978]] [66 [994 998 999 1002 1003]] [67 [1005 1007 1010 1011 1013 1014 1015 1017]] [68 [1020 1021 1023 1025 1026 1030 1033]] [69 [1035 1036 1038 1042 1043 1047 1048 1049]] [70 [1050 1051 1052 1054 1057 1058 1060 1062 1063 1064]] [71 [1066 1067 1069 1070 1073 1075 1076 1077 1079]] [72 [1080 1082 1083 1084 1086 1088 1089 1090 1091 1094]] [73 [1095 1096 1098 1099 1100 1101 1104 1105 1107 1108 1109]] [74 [1110 1112 1113 1114 1115 1116 1117 1120 1121 1123 1124]] [75 [1125 1130 1131 1132 1133 1135 1136 1137 1138 1139]] [76 [1140 1141 1142 1144 1145 1146 1147 1149 1151 1152 1153]] [77 [1155 1156 1158 1159 1160 1162 1163 1166 1168]] [78 [1171 1173 1175 1176 1177 1179 1180 1181 1182 1184]] [79 [1186 1189 1191 1192 1193 1194 1195 1196 1197 1198]] [80 [1203 1206 1208 1212 1214]] [81 [1215 1218 1219 1220 1221 1222 1223 1225 1226 1228]] [82 [1230 1231 1232 1233 1235 1236 1241 1243 1244]] [83 [1245 1248 1249 1250 1251 1252 1253 1255 1256 1258]] [84 [1260 1262 1263 1266 1268 1269 1270 1272 1273 1274]] [85 [1276 1277 1279 1281 1282 1284 1285 1287 1288 1289]] [86 [1290 1291 1292 1295 1297 1298 1299 1302 1304]] [87 [1305 1308 1309 1310 1311 1312 1316 1318]] [88 [1321 1324 1325 1326 1327 1329 1332 1333 1334]] [89 [1335 1337 1338 1343 1344 1345 1347 1348]] [90 [1352 1353 1354 1355 1359 1360 1361]] [91 [1365 1366 1371 1372]] [92 [1387 1390 1391 1392 1393]] [93 [1395 1399 1401]] [94 [1411 1414 1416 1417 1418 1420 1421]] [95 [1425 1427 1428 1429 1432 1433 1435 1436 1437]] [96 [1440 1441 1444 1445 1448 1450 1451 1452 1454]] [97 [1457 1458 1460 1462 1463 1464 1465 1466 1467 1468]] [98 [1473 1474 1475 1476 1477 1479 1481 1484]] [99 [1485 1487 1489 1490 1492 1493 1495 1497 1498]]]",,"[[{media 51} [[""A"" [6 6]]]] [{media 53} [[""A"" [3 3]]]] [{media 54} [[""A"" [1 1]]]] [{media 55} [[""A"" [5 5]]]] [{media 56} [[""A"" [4 4]]]] [{media 57} [[""A"" [6 6]]]] [{media 58} [[""A"" [5 5]]]] [{media 60} [[""A"" [2 2]]]] [{media 62} [[""A"" [0 0]]]] [{media 50} [[""A"" [3 3]]]] [{citizen 15} [[""A"" [5 4]]]] [{citizen 40} [[""A"" [5 4]]]] [{media 63} [[""A"" [5 5]]]] [{citizen 0} [[""A"" [5 4]]]] [{media 52} [[""A"" [3 3]]]] [{citizen 4} [[""A"" [5 4]]]] [{citizen 5} [[""A"" [5 4]]]] [{media 61} [[""A"" [5 5]]]] [{media 64} [[""A"" [6 6]]]] [{citizen 41} [[""A"" [5 4]]]] [{citizen 48} [[""A"" [4 6]]]] [{citizen 12} [[""A"" [5 4]]]] [{citizen 1} [[""A"" [5 4]]]] [{citizen 26} [[""A"" [5 5]]]] [{citizen 34} [[""A"" [5 4]]]] [{citizen 9} [[""A"" [5 4]]]] [{citizen 44} [[""A"" [5 4]]]] [{citizen 2} [[""A"" [5 4]]]] [{citizen 17} [[""A"" [5 4]]]] [{citizen 30} [[""A"" [5 4]]]] [{citizen 8} [[""A"" [5 4]]]] [{citizen 36} [[""A"" [5 5]]]] [{citizen 3} [[""A"" [5 4]]]] [{citizen 29} [[""A"" [5 4]]]] [{citizen 19} [[""A"" [6 5]]]] [{citizen 20} [[""A"" [5 4]]]] [{citizen 14} [[""A"" [5 4]]]] [{citizen 32} [[""A"" [5 4]]]] [{citizen 31} [[""A"" [5 5]]]] [{citizen 13} [[""A"" [5 4]]]] [{citizen 35} [[""A"" [5 4]]]] [{citizen 28} [[""A"" [5 4]]]] [{citizen 25} [[""A"" [5 4]]]] [{citizen 33} [[""A"" [5 4]]]] [{citizen 39} [[""A"" [4 6]]]] [{citizen 16} [[""A"" [5 4]]]] [{media 59} [[""A"" [5 5]]]] [{citizen 37} [[""A"" [6 5]]]] [{citizen 18} [[""A"" [5 4]]]] [{citizen 45} [[""A"" [5 4]]]] [{citizen 23} [[""A"" [5 4]]]] [{citizen 47} [[""A"" [5 4]]]] [{citizen 43} [[""A"" [4 6]]]] [{citizen 49} [[""A"" [5 4]]]] [{citizen 11} [[""A"" [5 4]]]] [{citizen 38} [[""A"" [5 4]]]] [{citizen 46} [[""A"" [5 4]]]] [{citizen 6} [[""A"" [6 5]]]] [{citizen 27} [[""A"" [5 4]]]] [{citizen 10} [[""A"" [5 4]]]] [{citizen 21} [[""A"" [5 5]]]] [{citizen 7} [[""A"" [5 4]]]] [{citizen 22} [[""A"" [5 5]]]] [{citizen 24} [[""A"" [5 4]]]]]"
"43","[0 0 255]","348.75","-0.8583167992713089","5.4340061065391545","""circle""","""""","9.9","{breed citizens}","false","0.5","1","""up""",,"[[""ID"" 13] [""alpha"" 1] [""beta"" 1] [""malleable"" [""A""]] [""prior"" []] [""cont_tokens"" []] [""A"" 6]]","[[0 [1 2 3 4 5 6 7 8 9 10 11 12 13 14]] [1 [16 17 18 19 21 22 23 24 25 26 27 28 29]] [2 [30 31 32 33 35 36 37 39 40 41 42 43 44]] [3 [45 46 47 48 49 50 51 52 54 56 57 58 59]] [4 [61 62 63 65 66 67 68 69 70 71 72 74]] [5 [75 76 77 78 79 80 81 82 83 84 85 86 88]] [6 [90 91 93 94 95 96 97 98 99 100 103 104]] [7 [105 106 107 111 112 114 116 117 118]] [8 [121 122 123 126 129 130 131 132 134]] [9 [137 140 141 142 143 144 145 146 147]] [10 [151 152 154 155 156 158 159 161 164]] [11 [165 167 170 173 174 176 177 178 179]] [12 [180 181 182 183 185 187 188 189 190 191 192 193 194]] [13 [195 196 197 199 201 202 203 204 206 207 208 209]] [14 [210 211 212 213 215 216 218 220 221 222 223 224]] [15 [225 227 229 231 232 236 237 238 239]] [16 [241 243 244 245 246 247 248 249 250 251 252 254]] [17 [255 256 257 259 260 261 263 265 266 267 268 269]] [18 [270 272 273 274 275 277 278 279 280]] [19 [285 286 289 292 294 295 296 298 299]] [20 [300 301 303 305 310 312 313 314]] [21 [315 317 319 320 321 322 323 324 325]] [22 [331 332 334 336 338 340 341 343 344]] [23 [346 347 349 350 351 353 355 356 359]] [24 [360 361 362 364 366 371 372 374]] [25 [375 376 377 379 381 383 386 387 388]] [26 [392 393 394 397 398 399 400 401]] [27 [405 407 408 412 413 415 416 417 419]] [28 [421 423 425 427 428 429 430 433 434]] [29 [436 438 439 443 444 445 446 447 449]] [30 [451 452 454 456 457 458 459 460 462 463 464]] [31 [467 468 469 470 471 472 473 474 475 478 479]] [32 [480 482 486 487 489 490 491 492 493]] [33 [495 496 497 498 501 503 506 507 509]] [34 [510 511 513 515 516 517 518 519 520 522 523 524]] [35 [526 527 528 529 530 531 533 534 535 536 537 538 539]] [36 [540 542 543 545 546 547 548 549 551 552 553 554]] [37 [555 556 557 558 559 564 565 566 567 568 569]] [38 [570 571 572 573 575 576 577 578 579 580 581 582 583 584]] [39 [585 586 587 589 590 591 592 593 594 595 596 597 598 599]] [40 [600 601 602 603 604 605 606 607 608 609 610 611 612 613 614]] [41 [615 616 617 618 619 620 621 622 623 624 625 627 628 629]] [42 [630 631 632 633 634 635 637 639 640 642 643 644]] [43 [645 646 647 648 651 653 655 656 659]] [44 [661 662 663 664 665 666 667 668 669 671 672 673 674]] [45 [675 676 677 678 679 680 682 683 684 686 687 688 689]] [46 [691 692 693 694 696 697 698 699 700 701 702 703 704]] [47 [705 706 707 708 709 710 711 712 713 714 715 716 717 719]] [48 [720 721 722 723 724 725 726 727 728 729 730 731 732 733 734]] [49 [735 736 738 739 740 741 742 744 746 747 748 749]] [50 [750 751 752 753 754 755 756 757 758 760 761 762 763 764]] [51 [765 766 767 768 769 770 771 772 773 774 777 778 779]] [52 [780 781 782 783 784 785 786 787 788 789 790 791 792 794]] [53 [795 796 797 798 799 800 803 804 805 807 808]] [54 [810 811 813 815 816 817 818 819 820 821 822 823 824]] [55 [826 827 828 829 830 831 832 833 834 835 836 837 838 839]] [56 [840 841 842 843 844 845 846 847 848 849 850 851 852 853]] [57 [855 856 857 858 859 860 861 862 863 864 865 866 869]] [58 [870 871 872 874 875 876 880]] [59 [885 889 893 894 896]] [60 [901 907 908 910 914]] [61 [916 920 922 925 929]] [62 [931 932 937 939 944]] [63 [948 951 953 957 958]] [64 [960 964 965 968 969 970 972 973 974]] [65 [975 976 977 978 985]] [66 [990 991 992 993 994 997 998 999 1000 1002 1003]] [67 [1005 1006 1007 1010 1011 1012 1013 1014 1015 1016 1017 1018]] [68 [1020 1021 1022 1023 1024 1025 1026 1028 1029 1030 1031 1032 1033 1034]] [69 [1035 1036 1038 1040 1042 1043 1047 1048 1049]] [70 [1050 1051 1052 1054 1055 1056 1057 1058 1060 1061 1062 1063 1064]] [71 [1065 1066 1067 1069 1070 1071 1073 1074 1075 1076 1077 1078 1079]] [72 [1080 1081 1082 1083 1084 1085 1086 1088 1089 1090 1091 1093 1094]] [73 [1095 1096 1097 1098 1099 1100 1101 1103 1104 1105 1107 1108 1109]] [74 [1110 1111 1112 1113 1114 1115 1116 1117 1118 1120 1121 1123 1124]] [75 [1125 1127 1128 1129 1130 1131 1132 1133 1135 1136 1137 1138 1139]] [76 [1140 1141 1142 1144 1145 1146 1147 1149 1150 1151 1152 1153 1154]] [77 [1155 1156 1157 1158 1159 1160 1161 1162 1163 1164 1166 1167 1168]] [78 [1170 1171 1172 1173 1174 1175 1176 1177 1178 1179 1180 1181 1182 1184]] [79 [1186 1187 1189 1190 1191 1192 1193 1194 1195 1196 1197 1198 1199]] [80 [1200 1201 1202 1203 1204 1205 1206 1207 1208 1210 1211 1212 1213 1214]] [81 [1215 1217 1218 1219 1220 1221 1222 1223 1224 1225 1226 1227 1228]] [82 [1230 1231 1232 1233 1234 1235 1236 1237 1238 1239 1241 1243 1244]] [83 [1245 1247 1248 1249 1250 1251 1252 1253 1254 1255 1256 1257 1258]] [84 [1260 1261 1262 1263 1265 1266 1267 1268 1269 1270 1272 1273 1274]] [85 [1275 1276 1277 1278 1279 1280 1281 1282 1284 1285 1286 1287 1288 1289]] [86 [1290 1291 1292 1293 1295 1296 1297 1298 1299 1300 1301 1302 1304]] [87 [1305 1306 1308 1309 1310 1311 1312 1314 1315 1316 1317 1318 1319]] [88 [1320 1321 1322 1324 1325 1326 1327 1328 1329 1331 1332 1333 1334]] [89 [1335 1336 1337 1338 1339 1341 1342 1343 1344 1345 1347 1348 1349]] [90 [1350 1351 1352 1353 1354 1355 1357 1358 1359 1360 1361 1363 1364]] [91 [1365 1366 1367 1368 1369 1370 1371 1372 1373 1374 1376 1377 1378 1379]] [92 [1380 1381 1382 1383 1384 1385 1386 1388 1389 1390 1391 1392 1393]] [93 [1395 1397 1398 1399 1400 1401 1403 1404 1405 1406 1407 1408 1409]] [94 [1410 1411 1412 1413 1414 1415 1416 1417 1418 1419 1420 1421 1422 1424]] [95 [1425 1426 1427 1428 1429 1430 1431 1432 1433 1435 1436 1437 1439]] [96 [1440 1441 1443 1444 1445 1448 1450 1451 1452 1453 1454]] [97 [1457 1458 1460 1462 1463 1464 1465 1466 1467 1468 1469]] [98 [1470 1471 1473 1474 1475 1476 1477 1478 1479 1480 1481 1483 1484]] [99 [1485 1487 1489 1490 1492 1493 1495 1497 1498]]]","[[0 [2 3 4 6 8 9 11]] [1 [16 19 22 24 25 26 29]] [2 [30 31 32 33 37 39 40 41 43]] [3 [46 47 49 51 52 54 58 59]] [4 [61 62 63 65 66 67 68 69 70 71 74]] [5 [75 78 79 80 81 83 85 86 88]] [6 [90 91 95 97 98 99 100 104]] [7 [105 106 107 111 112 114 116 117 118]] [8 [121 122 123 126 129 130 132 134]] [9 [137 140 141 142 143 144 145 147]] [10 [151 152 154 155 156 158 159 161 164]] [11 [165 170 173 176 177 179]] [12 [180 181 182 183 187 188 190 191 192 193 194]] [13 [196 197 201 202 203 204 206 207 208]] [14 [210 211 212 218 220 221 222 224]] [15 [225 227 229 231 232 236 237 238 239]] [16 [241 243 244 245 246 247 248 251 252 254]] [17 [259 260 261 263 265 266 267 268 269]] [18 [270 272 273 274 275 277 279 280]] [19 [285 286 292 294 295 296 298 299]] [20 [300 301 303 305 310 312 313 314]] [21 [315 317 319 320 321 322 323 324 325]] [22 [331 332 334 336 338 340 341 343 344]] [23 [346 347 349 350 351 353 355 359]] [24 [360 361 362 364 366 371 372 374]] [25 [375 376 377 379 381 383 386 387 388]] [26 [392 393 394 397 398 399 400 401]] [27 [405 408 412 413 415 416 417 419]] [28 [421 423 425 427 429 430 433 434]] [29 [436 438 439 443 444 445 446 447 449]] [30 [451 452 454 456 459 460 463 464]] [31 [467 468 469 470 471 473 474 475 478 479]] [32 [480 482 486 487 489 490 491 492 493]] [33 [495 496 497 498 501 503 506 507 509]] [34 [511 513 516 517 518 519 520 522]] [35 [526 527 530 535 539]] [36 [540 542 543 545 546 547 551 553 554]] [37 [556 557 558 559 566 569]] [38 [570 579 582 584]] [39 [585 586 587 591 592 594 595 596 597 598 599]] [40 [600 601 602 603 605 606 608 609 610 612 613 614]] [41 [619 620 622 623 624 625 627 628]] [42 [630 631 632 633 639 640 642 643 644]] [43 [645 646 648 651 653 655 659]] [44 [662 664 665 666 667 668 669 671 672 673]] [45 [676 677 678 679 682 683 687]] [46 [691 692 694 699 701 704]] [47 [705 706 707 708 709 714 715 716 717]] [48 [721 723 724]] [49 [736 742]] [50 [754 756 757 758 760 761 763 764]] [51 [767 769 770 771 772 773 774 777 778 779]] [52 [780 787 789 790 792 794]] [53 [795 796 797 800 804 805 807]] [54 [811 815 818 819 820 821 822 823]] [55 [826 830 834 835 837 839]] [56 [840 841 842 843 845 849 851 852]] [57 [855 856 857 858 859 861 862 865 866 869]] [58 [871 872 874 875 876 880]] [59 [885 889 893 894 896]] [60 [901 907 910 914]] [61 [916 920 922 925 929]] [62 [931 937 939 944]] [63 [948 951 953 957 958]] [64 [960 964 965 968 969 970 972 973 974]] [65 [975 976 977 978]] [66 [994 997 999 1002 1003]] [67 [1005 1010 1011 1012 1014 1017]] [68 [1020 1021 1023 1025 1028 1029 1031 1032 1033]] [69 [1035 1036 1038 1042 1043 1047 1048]] [70 [1050 1052 1054 1055 1056 1061 1064]] [71 [1065 1071 1074 1075 1076 1077 1078]] [72 [1081 1083 1084 1085 1089 1090 1091 1094]] [73 [1095 1096 1098 1099 1100 1101 1103 1104 1105]] [74 [1110 1112 1113 1114 1116 1117 1120 1121 1123 1124]] [75 [1125 1128 1129 1135 1136 1137 1138 1139]] [76 [1140 1141 1142 1144 1145 1146 1147 1149 1150 1151 1152 1153]] [77 [1156 1158 1159 1160 1161 1162 1163 1166 1168]] [78 [1171 1173 1175 1177 1179 1180 1181]] [79 [1187 1190 1191 1192 1193 1194 1195 1196 1197 1198]] [80 [1203 1206 1208 1212 1214]] [81 [1215 1218 1219 1220 1221 1222 1223 1224 1225 1226 1228]] [82 [1230 1231 1232 1233 1234 1236 1239 1243]] [83 [1245 1248 1249 1250 1251 1252 1254 1257]] [84 [1261 1265 1267 1268 1269 1270 1272]] [85 [1275 1278 1280 1281 1282 1284 1285 1286 1288 1289]] [86 [1290 1293 1295 1299 1301]] [87 [1305 1308 1309 1310 1312 1316 1317 1318 1319]] [88 [1320 1321 1324 1325 1326 1327 1329 1332 1333]] [89 [1336 1339 1341 1342 1343 1344 1345 1347 1348 1349]] [90 [1350 1351 1352 1353 1354 1355 1359 1360 1361]] [91 [1365 1366 1367 1368 1369 1370 1373 1374 1376 1377 1378]] [92 [1380 1382 1383 1384 1385 1386 1388 1390 1391 1392 1393]] [93 [1395 1400 1403 1404 1405 1406 1407 1409]] [94 [1410 1412 1413 1414 1416 1417 1418 1420 1421]] [95 [1425 1427 1428 1429 1433 1435 1436 1437]] [96 [1440 1441 1444 1445 1448 1450 1451 1452 1454]] [97 [1457 1458 1463 1464 1465 1466 1467 1468]] [98 [1473 1474 1475 1476 1477 1479 1483 1484]] [99 [1485 1487 1489 1490 1492 1493 1495 1497 1498]]]",,"[[{media 51} [[""A"" [6 6]]]] [{media 53} [[""A"" [3 3]]]] [{media 54} [[""A"" [1 1]]]] [{media 55} [[""A"" [5 5]]]] [{media 56} [[""A"" [4 4]]]] [{media 57} [[""A"" [6 6]]]] [{media 58} [[""A"" [5 5]]]] [{media 60} [[""A"" [2 2]]]] [{media 62} [[""A"" [0 0]]]] [{media 50} [[""A"" [3 3]]]] [{citizen 0} [[""A"" [5 4]]]] [{media 63} [[""A"" [5 5]]]] [{media 52} [[""A"" [3 3]]]] [{citizen 4} [[""A"" [5 4]]]] [{media 61} [[""A"" [5 5]]]] [{citizen 2} [[""A"" [5 4]]]] [{citizen 9} [[""A"" [5 4]]]] [{citizen 12} [[""A"" [5 4]]]] [{citizen 17} [[""A"" [5 4]]]] [{media 64} [[""A"" [6 6]]]] [{citizen 5} [[""A"" [5 4]]]] [{citizen 41} [[""A"" [5 4]]]] [{citizen 1} [[""A"" [5 4]]]] [{citizen 26} [[""A"" [5 5]]]] [{citizen 34} [[""A"" [5 4]]]] [{citizen 44} [[""A"" [5 4]]]] [{citizen 19} [[""A"" [6 5]]]] [{citizen 48} [[""A"" [5 4]]]] [{citizen 32} [[""A"" [5 5]]]] [{citizen 8} [[""A"" [5 4]]]] [{citizen 31} [[""A"" [5 5]]]] [{citizen 15} [[""A"" [5 4]]]] [{citizen 13} [[""A"" [5 4]]]] [{citizen 29} [[""A"" [5 4]]]] [{citizen 35} [[""A"" [5 4]]]] [{citizen 3} [[""A"" [6 4]]]] [{citizen 36} [[""A"" [5 5]]]] [{citizen 25} [[""A"" [6 5]]]] [{citizen 30} [[""A"" [6 4]]]] [{citizen 28} [[""A"" [5 4]]]] [{citizen 33} [[""A"" [5 4]]]] [{citizen 39} [[""A"" [5 4]]]] [{citizen 40} [[""A"" [5 4]]]] [{citizen 16} [[""A"" [5 4]]]] [{citizen 14} [[""A"" [5 4]]]] [{citizen 20} [[""A"" [5 4]]]] [{media 59} [[""A"" [5 5]]]] [{citizen 37} [[""A"" [5 5]]]] [{citizen 42} [[""A"" [6 5]]]] [{citizen 18} [[""A"" [5 4]]]] [{citizen 45} [[""A"" [6 5]]]] [{citizen 23} [[""A"" [5 4]]]] [{citizen 47} [[""A"" [5 4]]]] [{citizen 27} [[""A"" [5 4]]]] [{citizen 11} [[""A"" [5 4]]]] [{citizen 49} [[""A"" [5 4]]]] [{citizen 38} [[""A"" [5 4]]]] [{citizen 46} [[""A"" [5 4]]]] [{citizen 6} [[""A"" [6 5]]]] [{citizen 10} [[""A"" [6 4]]]] [{citizen 21} [[""A"" [6 5]]]] [{citizen 7} [[""A"" [5 4]]]] [{citizen 22} [[""A"" [5 5]]]] [{citizen 24} [[""A"" [5 4]]]]]"
"44","[85 0 170]","22.5","5.9639658955419455","13.153999615709738","""circle""","""""","9.9","{breed citizens}","false","0.5","1","""up""",,"[[""ID"" 19] [""alpha"" 1] [""beta"" 1] [""malleable"" [""A""]] [""prior"" []] [""cont_tokens"" []] [""A"" 4]]","[[0 [1 2 3 4 5 6 7 8 9 10 11 12 13 14]] [1 [16 17 18 19 21 22 23 24 25 26 27 29]] [2 [30 31 32 33 35 36 37 39 40 41 42 43 44]] [3 [45 46 47 48 49 50 51 52 54 56 57 58 59]] [4 [61 62 63 65 66 67 68 69 70 71 72 74]] [5 [75 76 77 78 79 80 81 82 83 84 85 86 88]] [6 [90 91 93 94 95 96 97 98 99 100 103 104]] [7 [105 106 107 111 112 114 116 117 118]] [8 [121 122 123 126 129 130 131 132 134]] [9 [137 140 141 142 143 144 145 146 147]] [10 [151 152 154 155 156 158 159 161 164]] [11 [165 167 170 173 174 176 177 178 179]] [12 [180 181 182 183 185 187 188 189 190 191 192 193 194]] [13 [195 196 197 199 201 202 203 204 206 207 208 209]] [14 [210 211 212 213 215 216 218 220 221 222 223 224]] [15 [225 227 229 231 232 236 237 238 239]] [16 [241 243 244 245 246 247 248 249 250 251 252 254]] [17 [255 256 257 259 260 261 263 265 266 267 268 269]] [18 [270 272 273 274 275 277 278 279 280]] [19 [285 286 289 292 294 295 296 298 299]] [20 [300 301 303 305 310 312 313 314]] [21 [315 317 319 320 321 322 323 324 325]] [22 [331 332 334 336 338 340 341 343 344]] [23 [346 347 349 350 351 353 355 356 359]] [24 [360 361 362 364 366 371 372 374]] [25 [375 376 377 379 381 383 386 387 388]] [26 [392 393 394 397 398 399 400 401]] [27 [405 407 408 412 413 415 416 417 419]] [28 [421 423 425 427 428 429 430 433 434]] [29 [436 438 439 443 444 445 446 447 449]] [30 [451 452 454 456 457 458 459 460 462 463 464]] [31 [467 468 469 470 471 472 473 474 475 478 479]] [32 [480 482 486 487 489 490 491 492 493]] [33 [495 496 497 498 501 503 506 507 509]] [34 [510 511 513 515 516 517 518 519 520 522 523 524]] [35 [526 527 528 529 530 531 533 534 535 536 537 538 539]] [36 [540 542 543 545 546 547 548 549 551 552 553 554]] [37 [555 556 557 558 559 564 565 566 567 568 569]] [38 [570 571 572 573 575 576 577 578 579 580 581 582 583 584]] [39 [585 586 587 589 590 591 592 593 594 595 596 597 598 599]] [40 [600 601 602 603 604 605 606 607 608 609 610 611 612 613 614]] [41 [615 616 617 618 619 620 621 622 623 624 625 627 628 629]] [42 [630 631 632 633 637 639 640 642 643 644]] [43 [645 646 647 648 651 653 655 656 659]] [44 [661 662 663 664 665 666 667 668 669 671 672 673 674]] [45 [675 676 677 678 679 680 682 683 684 686 687 688 689]] [46 [691 692 693 694 696 697 698 699 700 701 702 703 704]] [47 [705 706 707 708 709 710 711 712 713 714 715 716 717 719]] [48 [720 721 722 723 724 725 726 727 728 729 730 731 732 733 734]] [49 [735 736 738 739 740 741 742 744 746 747 748 749]] [50 [751 753 754 755 756 757 758 760 761 762 763 764]] [51 [765 766 767 768 769 770 771 772 773 774 777 778 779]] [52 [780 781 782 783 784 785 786 787 788 789 790 791 792 794]] [53 [795 796 797 798 799 800 803 804 805 807 808]] [54 [810 811 813 815 816 817 818 819 820 821 822 823 824]] [55 [826 827 828 829 830 831 832 833 834 835 836 837 838 839]] [56 [840 841 842 843 844 845 846 847 848 849 850 851 852 853]] [57 [855 856 857 858 859 860 861 862 863 864 865 866 869]] [58 [870 871 872 874 875 876 880]] [59 [885 889 893 894 896]] [60 [901 907 908 910 914]] [61 [916 920 922 925 929]] [62 [931 932 937 939 944]] [63 [948 951 953 957 958]] [64 [960 964 965 968 969 970 972 973 974]] [65 [975 976 977 978 985]] [66 [990 991 992 993 994 997 998 999 1000 1002 1003]] [67 [1005 1006 1007 1010 1011 1012 1013 1014 1015 1016 1017 1018]] [68 [1020 1021 1022 1023 1024 1025 1026 1027 1028 1029 1030 1031 1032 1033 1034]] [69 [1035 1036 1038 1040 1042 1043 1047 1048 1049]] [70 [1050 1051 1052 1054 1055 1056 1057 1058 1060 1061 1062 1063 1064]] [71 [1065 1066 1067 1069 1070 1071 1073 1074 1075 1076 1077 1078 1079]] [72 [1080 1081 1082 1083 1084 1085 1086 1088 1089 1090 1091 1093 1094]] [73 [1095 1096 1097 1098 1099 1100 1101 1103 1104 1105 1107 1108 1109]] [74 [1110 1111 1112 1113 1114 1115 1116 1117 1118 1120 1121 1123 1124]] [75 [1125 1127 1128 1129 1130 1131 1132 1133 1135 1136 1137 1138 1139]] [76 [1140 1141 1142 1144 1145 1146 1147 1149 1150 1151 1152 1153 1154]] [77 [1155 1156 1157 1158 1159 1160 1161 1162 1163 1164 1166 1167 1168]] [78 [1170 1171 1172 1173 1174 1175 1176 1177 1178 1179 1180 1181 1182 1184]] [79 [1186 1187 1189 1190 1191 1192 1193 1194 1195 1196 1197 1198 1199]] [80 [1200 1201 1202 1203 1204 1205 1206 1207 1208 1212 1213 1214]] [81 [1215 1217 1218 1219 1220 1221 1222 1223 1224 1225 1226 1227 1228]] [82 [1230 1231 1232 1233 1234 1235 1236 1237 1238 1239 1241 1243 1244]] [83 [1245 1247 1248 1249 1250 1251 1252 1253 1254 1255 1256 1257 1258]] [84 [1260 1261 1262 1263 1265 1266 1267 1268 1269 1270 1272 1273 1274]] [85 [1275 1276 1277 1278 1279 1280 1281 1282 1284 1285 1286 1287 1288 1289]] [86 [1290 1291 1292 1293 1295 1296 1297 1298 1299 1300 1301 1302 1304]] [87 [1305 1306 1308 1309 1310 1311 1312 1314 1315 1316 1317 1318 1319]] [88 [1320 1321 1322 1324 1325 1326 1327 1328 1329 1331 1332 1333 1334]] [89 [1335 1336 1337 1338 1339 1341 1342 1343 1344 1345 1347 1348 1349]] [90 [1350 1351 1352 1353 1354 1355 1357 1358 1359 1360 1361 1363 1364]] [91 [1365 1366 1367 1368 1369 1370 1371 1372 1373 1374 1376 1377 1378 1379]] [92 [1380 1381 1382 1383 1384 1385 1386 1388 1389 1390 1391 1392 1393]] [93 [1395 1397 1398 1399 1400 1401 1403 1404 1405 1406 1407 1408 1409]] [94 [1410 1411 1412 1413 1414 1415 1416 1417 1418 1419 1420 1421 1422 1424]] [95 [1425 1426 1427 1428 1429 1430 1431 1432 1433 1435 1436 1437 1439]] [96 [1440 1441 1443 1444 1445 1448 1450 1451 1452 1453 1454]] [97 [1457 1458 1460 1462 1463 1464 1465 1466 1467 1468 1469]] [98 [1470 1471 1473 1474 1475 1476 1477 1478 1479 1480 1481 1483 1484]] [99 [1485 1487 1489 1490 1492 1493 1495 1497 1498]]]","[[0 [2 5 6 8 9 10 12 14]] [1 [17 18 19 21 22 23 24 25 26 29]] [2 [30 31 32 33 36 37 40 41 43]] [3 [46 47 49 50 56 57 59]] [4 [61 62 63 65 67 68 69 70 71 74]] [5 [75 78 79 80 81 83 85 86 88]] [6 [90 93 94 95 96 97 99 100 104]] [7 [105 106 107 111 112 114 116 117 118]] [8 [121 122 123 126 129 130 132 134]] [9 [137 140 141 142 143 144 146 147]] [10 [151 152 154 155 156 158 159 161 164]] [11 [165 167 170 173 174 176 177 178 179]] [12 [181 183 187 188 190 191 192 193 194]] [13 [196 197 201 202 204 206 207 208 209]] [14 [213 216 218 220 221 222 224]] [15 [225 227 229 231 232 236 237 238 239]] [16 [241 243 244 245 246 247 248 251 254]] [17 [255 256 257 259 260 261 263 265 266 267 268 269]] [18 [270 272 274 275 278 279 280]] [19 [285 286 289 292 294 295 296 298 299]] [20 [300 301 303 305 310 312 313 314]] [21 [315 317 319 320 321 322 323 324 325]] [22 [331 332 334 338 340 341 343 344]] [23 [346 347 349 350 351 353 355 356 359]] [24 [360 361 362 364 366 371 372 374]] [25 [375 376 377 379 381 383 386 387 388]] [26 [392 393 394 397 398 399 400 401]] [27 [405 408 412 413 415 416 417 419]] [28 [421 423 425 427 429 430 433 434]] [29 [436 438 439 443 444 445 446 447 449]] [30 [451 452 456 457 458 459 460 462 464]] [31 [467 468 469 470 471 472 473 474 475 478 479]] [32 [480 482 486 487 489 490 491 492 493]] [33 [495 496 497 498 501 503 506 507 509]] [34 [510 515 516 517 518 519 520 522]] [35 [526 527 528 529 531 533 534 535 536 537 538]] [36 [540 543 545 546 547 552 553 554]] [37 [556 558 559 564 565 566 569]] [38 [570 571 577 579 581 582 584]] [39 [585 587 590 591 592 594 599]] [40 [601 603 605 606 608 609 610 612 613 614]] [41 [619 620 622 623 624 628 629]] [42 [630 631 632 633 639 640 642 643 644]] [43 [645 646 647 648 651 653 655 656 659]] [44 [661 662 664 665 666 668 669 671 672 673 674]] [45 [675 680 682 683 684 686 687]] [46 [692 694 699 700 701 702 703]] [47 [710 711 712 713 719]] [48 [720 721 723 724]] [49 [736 742]] [50 [754 755 756 757 758 760 761 763 764]] [51 [765 767 768 769 770 771 772 773 774 777]] [52 [781 783 784 785 786 788 790 791 794]] [53 [795 796 798 799 800 804 805 807]] [54 [813 815 816 817 821 822]] [55 [827 828 829 831 833 834 836 838 839]] [56 [840 841 842 843 845 849 851 852]] [57 [855 856 857 858 859 861 862 864 865 866 869]] [58 [870 871 874 875 876 880]] [59 [885 889 893 894 896]] [60 [901 907 908 910 914]] [61 [916 920 922 925 929]] [62 [931 932 937 939 944]] [63 [948 953 957 958]] [64 [960 964 965 968 969 970 972 973 974]] [65 [975 976 977 978 985]] [66 [990 991 992 993 997 1003]] [67 [1005 1010 1011 1012 1015 1016]] [68 [1022 1024 1026 1028 1029 1031 1032 1033]] [69 [1035 1036 1038 1040 1042 1043 1047 1048 1049]] [70 [1050 1051 1052 1054 1057 1058 1060 1062 1063 1064]] [71 [1065 1070 1073 1075 1076 1077 1079]] [72 [1080 1082 1083 1084 1086 1088 1089 1090 1091 1094]] [73 [1095 1096 1098 1099 1100 1101 1103 1104 1105 1107 1108 1109]] [74 [1111 1113 1114 1116 1117 1120 1121 1123 1124]] [75 [1125 1127 1128 1129 1135 1136 1137 1138 1139]] [76 [1140 1141 1142 1144 1145 1146 1147 1149 1151 1152 1153]] [77 [1157 1159 1160 1162 1166 1168]] [78 [1171 1172 1173 1175 1176 1177 1178 1179 1181]] [79 [1187 1189 1191 1192 1194 1195 1196 1199]] [80 [1200 1201 1202 1204 1205 1207 1208 1212 1214]] [81 [1215 1218 1219 1220 1221 1222 1223 1224 1225 1226 1227]] [82 [1233 1235 1236 1241 1243 1244]] [83 [1245 1248 1249 1250 1251 1252 1254 1257 1258]] [84 [1260 1261 1263 1266 1269 1270 1272 1273]] [85 [1275 1278 1279 1281 1282 1284 1285 1287 1288 1289]] [86 [1290 1293 1295 1296 1297 1298 1299 1301 1304]] [87 [1305 1308 1309 1310 1311 1312 1316 1317 1318 1319]] [88 [1320 1321 1324 1325 1326 1327 1328 1331 1334]] [89 [1335 1337 1338 1342 1343 1344 1345 1347 1348 1349]] [90 [1350 1351 1352 1353 1354 1355 1357 1358 1363 1364]] [91 [1367 1368 1369 1370 1373 1374 1376 1377 1378]] [92 [1380 1382 1383 1384 1385 1386 1388 1389 1391 1392 1393]] [93 [1395 1397 1398 1399 1401 1403 1404 1405 1406 1407 1409]] [94 [1410 1412 1413 1414 1416 1417 1418 1420 1422 1424]] [95 [1426 1427 1428 1429 1430 1431 1432 1433 1435 1436 1437]] [96 [1440 1441 1444 1445 1448 1450 1451 1452 1454]] [97 [1457 1458 1460 1462 1463 1464 1465 1466 1467 1468]] [98 [1473 1474 1475 1476 1477 1479 1480 1481 1483 1484]] [99 [1485 1487 1489 1490 1492 1493 1495 1497]]]",,"[[{media 51} [[""A"" [6 6]]]] [{media 53} [[""A"" [3 3]]]] [{media 54} [[""A"" [1 1]]]] [{media 55} [[""A"" [5 5]]]] [{media 56} [[""A"" [4 4]]]] [{media 57} [[""A"" [6 6]]]] [{media 58} [[""A"" [5 5]]]] [{media 60} [[""A"" [2 2]]]] [{media 62} [[""A"" [0 0]]]] [{media 50} [[""A"" [3 3]]]] [{citizen 9} [[""A"" [5 4]]]] [{media 63} [[""A"" [5 5]]]] [{citizen 0} [[""A"" [5 4]]]] [{citizen 1} [[""A"" [5 4]]]] [{citizen 4} [[""A"" [5 4]]]] [{citizen 8} [[""A"" [5 4]]]] [{citizen 25} [[""A"" [5 5]]]] [{media 52} [[""A"" [3 3]]]] [{citizen 5} [[""A"" [5 4]]]] [{media 61} [[""A"" [5 5]]]] [{citizen 2} [[""A"" [5 4]]]] [{media 64} [[""A"" [6 6]]]] [{citizen 41} [[""A"" [5 4]]]] [{citizen 48} [[""A"" [4 6]]]] [{citizen 15} [[""A"" [5 4]]]] [{citizen 40} [[""A"" [5 4]]]] [{citizen 12} [[""A"" [5 4]]]] [{citizen 26} [[""A"" [5 5]]]] [{citizen 34} [[""A"" [5 4]]]] [{citizen 19} [[""A"" [5 5]]]] [{citizen 17} [[""A"" [5 4]]]] [{citizen 30} [[""A"" [5 4]]]] [{citizen 29} [[""A"" [5 4]]]] [{citizen 3} [[""A"" [6 6]]]] [{citizen 20} [[""A"" [5 5]]]] [{citizen 14} [[""A"" [5 4]]]] [{citizen 32} [[""A"" [5 5]]]] [{citizen 31} [[""A"" [5 5]]]] [{citizen 13} [[""A"" [5 4]]]] [{citizen 35} [[""A"" [5 4]]]] [{citizen 36} [[""A"" [5 5]]]] [{citizen 28} [[""A"" [5 4]]]] [{citizen 33} [[""A"" [5 4]]]] [{citizen 39} [[""A"" [4 6]]]] [{citizen 16} [[""A"" [5 4]]]] [{citizen 37} [[""A"" [5 5]]]] [{media 59} [[""A"" [5 5]]]] [{citizen 18} [[""A"" [5 4]]]] [{citizen 45} [[""A"" [5 5]]]] [{citizen 23} [[""A"" [5 4]]]] [{citizen 47} [[""A"" [5 4]]]] [{citizen 42} [[""A"" [5 5]]]] [{citizen 27} [[""A"" [5 4]]]] [{citizen 11} [[""A"" [5 4]]]] [{citizen 43} [[""A"" [5 6]]]] [{citizen 49} [[""A"" [5 4]]]] [{citizen 38} [[""A"" [5 4]]]] [{citizen 46} [[""A"" [5 4]]]] [{citizen 6} [[""A"" [5 5]]]] [{citizen 7} [[""A"" [5 4]]]] [{citizen 10} [[""A"" [5 4]]]] [{citizen 21} [[""A"" [5 5]]]] [{citizen 22} [[""A"" [5 5]]]] [{citizen 24} [[""A"" [5 4]]]]]"
"45","[85 0 170]","356.25","0.8356119212255794","4.905803820543692","""circle""","""""","9.9","{breed citizens}","false","0.5","1","""up""",,"[[""ID"" 5] [""alpha"" 1] [""beta"" 1] [""malleable"" [""A""]] [""prior"" []] [""cont_tokens"" []] [""A"" 4]]","[[0 [1 2 3 4 5 6 7 8 9 10 11 12 13 14]] [1 [16 17 18 19 21 22 23 24 25 26 27 28 29]] [2 [30 31 32 33 35 36 37 39 40 41 42 43 44]] [3 [45 46 47 48 49 50 51 52 54 56 57 58 59]] [4 [61 62 63 64 65 66 67 68 69 70 71 72 74]] [5 [75 76 77 78 79 80 81 82 83 84 85 86 88]] [6 [90 91 93 94 95 96 97 98 99 100 101 102 103 104]] [7 [105 106 107 111 112 114 116 117 118]] [8 [121 122 123 126 129 130 131 132 134]] [9 [137 140 141 142 143 144 145 146 147]] [10 [151 152 154 155 156 158 159 161 164]] [11 [165 167 170 173 174 176 177 178 179]] [12 [180 181 182 183 185 187 188 189 190 191 192 193 194]] [13 [195 196 197 199 201 202 203 204 206 207 208 209]] [14 [210 211 212 213 215 216 218 220 221 222 223 224]] [15 [225 227 229 231 232 236 237 238 239]] [16 [241 243 244 245 246 247 248 249 250 251 252 254]] [17 [255 256 257 259 260 261 263 265 266 267 268 269]] [18 [270 272 273 274 275 277 278 279 280]] [19 [285 286 289 292 294 295 296 298 299]] [20 [300 301 303 305 310 312 313 314]] [21 [315 317 319 320 321 322 323 324 325]] [22 [331 332 334 336 338 340 341 343 344]] [23 [346 347 349 350 351 353 355 356 359]] [24 [360 361 362 364 366 371 372 374]] [25 [375 376 377 379 381 383 386 387 388]] [26 [392 393 394 397 398 399 400 401]] [27 [405 407 408 412 413 415 416 417 419]] [28 [421 423 425 427 428 429 430 433 434]] [29 [436 438 439 443 444 445 446 447 449]] [30 [451 452 454 456 457 458 459 460 462 463 464]] [31 [467 468 469 470 471 472 473 474 475 476 477 478 479]] [32 [480 482 486 487 489 490 491 492 493]] [33 [495 496 497 498 501 503 506 507 509]] [34 [510 511 513 515 516 517 518 519 520 522 523 524]] [35 [526 527 528 529 530 531 533 534 535 536 537 538 539]] [36 [540 542 543 545 546 547 548 549 551 552 553 554]] [37 [555 556 557 558 559 564 565 566 567 568 569]] [38 [570 571 572 573 575 576 577 578 579 580 581 582 583 584]] [39 [585 586 587 589 590 591 592 593 594 595 596 597 598 599]] [40 [600 601 602 603 604 605 606 607 608 609 610 611 612 613 614]] [41 [615 616 617 618 619 620 621 622 623 624 625 627 628 629]] [42 [630 631 632 633 634 635 637 639 640 642 643 644]] [43 [645 646 647 648 651 653 655 656 659]] [44 [661 662 663 664 665 666 667 668 669 671 672 673 674]] [45 [675 676 677 678 679 680 682 683 684 686 687 688 689]] [46 [691 692 693 694 696 697 698 699 700 701 702 703 704]] [47 [705 706 707 708 709 710 711 712 713 714 715 716 717 719]] [48 [720 721 722 723 724 725 726 727 728 729 730 731 732 733 734]] [49 [736 739 740 741 742 744 746 747 748 749]] [50 [750 751 752 753 754 755 756 757 758 760 761 762 763 764]] [51 [765 766 767 768 769 770 771 772 773 774 777 778 779]] [52 [780 781 782 783 784 785 786 787 788 789 790 791 792 794]] [53 [795 796 797 798 799 800 803 804 805 807 808]] [54 [810 811 813 815 816 817 818 819 820 821 822 823 824]] [55 [826 827 828 829 830 831 832 833 834 835 836 837 838 839]] [56 [840 841 842 843 844 845 846 847 848 849 850 851 852 853]] [57 [855 856 857 858 859 860 861 862 863 864 865 866 869]] [58 [870 871 872 874 875 876 880]] [59 [885 889 893 894 896]] [60 [901 907 908 910 914]] [61 [916 920 922 925 929]] [62 [931 932 937 939 944]] [63 [948 951 953 957 958]] [64 [960 964 965 968 969 970 972 973 974]] [65 [975 976 977 978 985]] [66 [990 991 992 993 994 997 998 999 1000 1002 1003]] [67 [1005 1006 1007 1010 1011 1012 1013 1014 1015 1016 1017 1018]] [68 [1020 1021 1022 1023 1024 1025 1026 1028 1029 1030 1031 1032 1033 1034]] [69 [1035 1036 1038 1040 1042 1043 1047 1048 1049]] [70 [1050 1051 1052 1054 1055 1056 1057 1058 1060 1061 1062 1063 1064]] [71 [1065 1066 1067 1069 1070 1071 1073 1074 1075 1076 1077 1078 1079]] [72 [1080 1081 1082 1083 1084 1085 1086 1088 1089 1090 1091 1093 1094]] [73 [1095 1096 1097 1098 1099 1100 1101 1103 1104 1105 1107 1108 1109]] [74 [1110 1111 1112 1113 1114 1115 1116 1117 1118 1120 1121 1123 1124]] [75 [1125 1127 1128 1129 1130 1131 1132 1133 1135 1136 1137 1138 1139]] [76 [1140 1141 1142 1144 1145 1146 1147 1149 1150 1151 1152 1153 1154]] [77 [1155 1156 1157 1158 1159 1160 1161 1162 1163 1164 1166 1167 1168]] [78 [1170 1171 1172 1173 1174 1175 1176 1177 1178 1179 1180 1181 1182 1184]] [79 [1186 1187 1189 1190 1191 1192 1193 1194 1195 1196 1197 1198 1199]] [80 [1200 1201 1202 1203 1204 1205 1206 1207 1208 1212 1213 1214]] [81 [1215 1217 1218 1219 1220 1221 1222 1223 1224 1225 1226 1227 1228]] [82 [1230 1231 1232 1233 1234 1235 1236 1237 1238 1239 1241 1243 1244]] [83 [1245 1247 1248 1249 1250 1251 1252 1253 1254 1255 1256 1257 1258]] [84 [1260 1261 1262 1263 1265 1266 1267 1268 1269 1270 1272 1273 1274]] [85 [1275 1276 1277 1278 1279 1280 1281 1282 1284 1285 1286 1287 1288 1289]] [86 [1290 1291 1292 1293 1295 1296 1297 1298 1299 1300 1301 1302 1304]] [87 [1305 1306 1308 1309 1310 1311 1312 1314 1315 1316 1317 1318 1319]] [88 [1320 1321 1322 1324 1325 1326 1327 1328 1329 1331 1332 1333 1334]] [89 [1335 1336 1337 1338 1339 1341 1342 1343 1344 1345 1347 1348 1349]] [90 [1350 1351 1352 1353 1354 1355 1357 1358 1359 1360 1361 1363 1364]] [91 [1365 1366 1367 1368 1369 1370 1371 1372 1373 1374 1376 1377 1378 1379]] [92 [1380 1381 1382 1383 1384 1385 1386 1387 1388 1389 1390 1391 1392 1393]] [93 [1395 1397 1398 1399 1400 1401 1403 1404 1405 1406 1407 1408 1409]] [94 [1410 1411 1412 1413 1414 1415 1416 1417 1418 1419 1420 1421 1422 1424]] [95 [1425 1426 1427 1428 1429 1430 1431 1432 1433 1435 1436 1437 1439]] [96 [1440 1441 1443 1444 1445 1448 1450 1451 1452 1453 1454]] [97 [1457 1458 1460 1462 1463 1464 1465 1466 1467 1468 1469]] [98 [1470 1471 1473 1474 1475 1476 1477 1478 1479 1480 1481 1483 1484]] [99 [1485 1487 1489 1490 1492 1493 1495 1497 1498]]]","[[0 [2 5 9 11]] [1 [16 19 21 22 24 25 26 29]] [2 [31 32 33 37 40 41 42 44]] [3 [45 48 49 50 56 57]] [4 [61 62 65 66 69 70 72 74]] [5 [75 78 79 80 81 84]] [6 [91 93 94 95 96 97 99 100 104]] [7 [105 106 107 111 112 114 116 117 118]] [8 [121 122 123 126 129 130 131 132 134]] [9 [137 140 141 142 143 144 145 147]] [10 [151 152 154 155 156 158 159 161 164]] [11 [165 167 170 173 174 176 177 179]] [12 [181 182 185 189 191 192 193 194]] [13 [196 197 199 203 204 206 207 208 209]] [14 [213 215 216 218 220 221 222 223 224]] [15 [225 227 229 231 232 236 237 238]] [16 [243 244 245 246 247 248 251 252 254]] [17 [255 256 257 259 260 261 263 265 266 268 269]] [18 [270 272 273 274 275 278 279 280]] [19 [285 286 292 294 295 296 298 299]] [20 [300 301 303 305 310 312 313 314]] [21 [315 317 319 320 321 322 323 324 325]] [22 [331 332 334 338 340 341 343 344]] [23 [346 347 349 350 351 353 355 356 359]] [24 [360 361 362 364 366 371 372 374]] [25 [375 376 377 379 381 383 386 387 388]] [26 [392 393 394 397 398 399 400 401]] [27 [405 412 413 415 416 417 419]] [28 [421 423 425 427 428 433 434]] [29 [436 439 443 444 445 446 447 449]] [30 [451 452 454 456 457 458 459 460 463]] [31 [469 471 473 474 475 478 479]] [32 [480 482 486 487 489 490 491 492 493]] [33 [495 496 497 498 501 503 506 507 509]] [34 [510 515 516 517 518 519 520 522]] [35 [526 527 528 529 531 533 534 536 537 538]] [36 [540 542 543 545 546 548 549 551 552 553 554]] [37 [556 557 558 559 565 566 569]] [38 [570 571 576 578 580 581 582 583]] [39 [589 593 594 595 596 597]] [40 [600 601 602 604 611 614]] [41 [619 620 622 623 624 627 628]] [42 [630 631 632 633 639 640 642 643 644]] [43 [645 646 648 651 653 655 659]] [44 [662 664 666 672 673 674]] [45 [676 677 678 679 682 683 684 686 688 689]] [46 [691 692 693 696 697 698 699 700 702 703]] [47 [710]] [48 [720 721 723 724]] [49 [736 739 741 744 746 748 749]] [50 [750 752 753 755 756 757 758 760 761 763 764]] [51 [765 766 767 769 770 771 772 773 774 777]] [52 [781 783 784 785 786 788 790 792 794]] [53 [795 796 798 799 800 804 805 808]] [54 [810 811 813 816 817 818 819 820 821 822 823]] [55 [826 828 829 830 832 837]] [56 [844 848 850 853]] [57 [859 860 863 864 866 869]] [58 [871 874 875 876 880]] [59 [885 889 893 894 896]] [60 [901 907 908 910 914]] [61 [916 920 922 925 929]] [62 [931 937 939 944]] [63 [948 951 953 957 958]] [64 [960 968 969 970 972 973 974]] [65 [975 976 977 978 985]] [66 [990 991 992 993 997 999 1002 1003]] [67 [1005 1010 1011 1012 1015 1017 1018]] [68 [1020 1021 1023 1024 1026 1028 1029 1031 1032 1033]] [69 [1035 1036 1038 1040 1048 1049]] [70 [1050 1055 1056 1061 1062 1063 1064]] [71 [1066 1067 1069 1070 1073 1077 1078 1079]] [72 [1080 1082 1083 1084 1086 1088 1089 1090 1091 1094]] [73 [1095 1096 1098 1099 1100 1101 1104 1105]] [74 [1110 1112 1113 1114 1115 1116 1118]] [75 [1125 1128 1129 1135 1136 1137 1138 1139]] [76 [1140 1141 1142 1144 1145 1146 1147 1149 1150 1151 1152 1153 1154]] [77 [1155 1156 1158 1159 1160 1161 1162 1163 1166 1168]] [78 [1171 1172 1173 1175 1176 1177 1179 1180 1181]] [79 [1187 1190 1191 1192 1193 1194 1195 1196 1199]] [80 [1200 1201 1203 1204 1205 1207 1208 1212 1213]] [81 [1215 1218 1219 1220 1221 1224 1225 1227]] [82 [1230 1231 1232 1234 1237 1238 1239 1241 1243 1244]] [83 [1245 1248 1249 1250 1251 1252 1254 1257 1258]] [84 [1260 1261 1265 1267 1268 1269 1270 1272 1273]] [85 [1275 1278 1280 1281 1282 1284 1285 1286 1287 1288 1289]] [86 [1290 1293 1295 1296 1297 1298 1299 1300 1301 1302 1304]] [87 [1305 1308 1309 1310 1314 1315 1316 1317 1319]] [88 [1320 1321 1324 1325 1326 1327 1329 1332 1333 1334]] [89 [1335 1337 1338 1343 1344 1345 1347 1349]] [90 [1350 1351 1352 1353 1354 1355 1358 1363 1364]] [91 [1366 1371 1372 1379]] [92 [1381 1383 1384 1385 1386 1388 1389 1392 1393]] [93 [1395 1398 1399 1401]] [94 [1411 1414 1416 1417 1418 1420 1422 1424]] [95 [1425 1427 1428 1429 1433 1435 1436 1437]] [96 [1440 1441 1444 1445 1448 1450 1451 1452 1454]] [97 [1457 1460 1462 1463 1464 1465 1466 1467 1468]] [98 [1473 1474 1475 1476 1477 1479 1481 1483 1484]] [99 [1485 1487 1489 1490 1492 1493 1495 1497]]]",,"[[{media 51} [[""A"" [6 6]]]] [{media 53} [[""A"" [3 3]]]] [{media 54} [[""A"" [1 1]]]] [{media 55} [[""A"" [5 5]]]] [{media 56} [[""A"" [4 4]]]] [{media 57} [[""A"" [6 6]]]] [{media 58} [[""A"" [5 5]]]] [{media 60} [[""A"" [2 2]]]] [{media 62} [[""A"" [0 0]]]] [{citizen 30} [[""A"" [5 4]]]] [{media 50} [[""A"" [3 3]]]] [{citizen 0} [[""A"" [5 4]]]] [{citizen 8} [[""A"" [5 4]]]] [{media 63} [[""A"" [5 5]]]] [{citizen 1} [[""A"" [5 4]]]] [{citizen 4} [[""A"" [5 4]]]] [{media 52} [[""A"" [3 3]]]] [{citizen 5} [[""A"" [5 4]]]] [{media 61} [[""A"" [5 5]]]] [{citizen 2} [[""A"" [5 4]]]] [{citizen 9} [[""A"" [5 4]]]] [{citizen 12} [[""A"" [5 4]]]] [{citizen 17} [[""A"" [5 4]]]] [{media 64} [[""A"" [6 6]]]] [{citizen 41} [[""A"" [5 4]]]] [{citizen 48} [[""A"" [5 4]]]] [{citizen 15} [[""A"" [5 4]]]] [{citizen 40} [[""A"" [5 4]]]] [{citizen 19} [[""A"" [5 5]]]] [{citizen 29} [[""A"" [5 4]]]] [{citizen 3} [[""A"" [6 4]]]] [{citizen 20} [[""A"" [5 4]]]] [{citizen 14} [[""A"" [5 4]]]] [{citizen 34} [[""A"" [6 4]]]] [{citizen 44} [[""A"" [6 4]]]] [{citizen 42} [[""A"" [5 5]]]] [{citizen 32} [[""A"" [5 4]]]] [{citizen 31} [[""A"" [5 5]]]] [{citizen 13} [[""A"" [5 4]]]] [{citizen 35} [[""A"" [5 4]]]] [{citizen 36} [[""A"" [5 5]]]] [{citizen 25} [[""A"" [5 4]]]] [{citizen 28} [[""A"" [5 4]]]] [{citizen 33} [[""A"" [5 4]]]] [{citizen 39} [[""A"" [5 4]]]] [{citizen 16} [[""A"" [5 4]]]] [{citizen 37} [[""A"" [6 5]]]] [{media 59} [[""A"" [5 5]]]] [{citizen 26} [[""A"" [5 5]]]] [{citizen 18} [[""A"" [5 4]]]] [{citizen 11} [[""A"" [5 4]]]] [{citizen 49} [[""A"" [5 4]]]] [{citizen 23} [[""A"" [5 4]]]] [{citizen 27} [[""A"" [5 4]]]] [{citizen 38} [[""A"" [5 4]]]] [{citizen 43} [[""A"" [4 6]]]] [{citizen 47} [[""A"" [5 4]]]] [{citizen 46} [[""A"" [5 4]]]] [{citizen 6} [[""A"" [5 5]]]] [{citizen 10} [[""A"" [5 4]]]] [{citizen 21} [[""A"" [5 5]]]] [{citizen 22} [[""A"" [5 5]]]] [{citizen 7} [[""A"" [5 4]]]] [{citizen 24} [[""A"" [5 4]]]]]"
"46","[0 0 255]","56.25","8.59838219825907","5.299353896981303","""circle""","""""","9.9","{breed citizens}","false","0.5","1","""up""",,"[[""ID"" 24] [""alpha"" 1] [""beta"" 1] [""malleable"" [""A""]] [""prior"" []] [""cont_tokens"" []] [""A"" 6]]","[[0 [0 1 2 3 4 5 6 7 8 9 10 11 12 13 14]] [1 [15 20]] [2 [30 31 32 33 34 37 38 40 41 42 43 44]] [3 [45 48 49 50 51 52 54 55 56 57 58 59]] [4 [61 62 63 65 66 67 68 69 70 71 72 74]] [5 [75 76 77 78 79 80 81 82 83 84 85 86 88]] [6 [90 91 93 94 95 96 97 98 99 100 103 104]] [7 [105 106 107 111 112 114 116 117 118]] [8 [121 122 123 126 129 130 131 132 134]] [9 [137 140 141 142 143 144 145 146 147]] [10 [151 152 154 155 156 158 159 161 164]] [11 [165 167 170 173 174 176 177 178 179]] [12 [180 181 182 183 185 187 188 189 190 191 192 193 194]] [13 [195 196 197 199 201 202 203 204 206 207 208 209]] [14 [210 211 212 213 215 216 218 220 221 222 223 224]] [15 [225 227 229 231 232 236 237 238 239]] [16 [241 243 244 245 246 247 248 249 250 251 252 254]] [17 [255 256 257 259 260 261 263 265 266 267 268 269]] [18 [270 272 273 274 275 277 278 279 280]] [19 [285 286 289 292 294 295 296 298 299]] [20 [300 301 303 305 310 312 313 314]] [21 [315 317 319 320 321 322 323 324 325]] [22 [331 332 334 336 338 340 341 343 344]] [23 [346 347 349 350 351 353 355 356 359]] [24 [360 361 362 364 366 371 372 374]] [25 [375 376 377 379 381 383 386 387 388]] [26 [392 393 394 397 398 399 400 401]] [27 [405 407 408 412 413 415 416 417 419]] [28 [421 423 425 427 428 429 430 433 434]] [29 [436 438 439 443 444 445 446 447 449]] [30 [451 452 454 456 457 458 459 460 462 463 464]] [31 [467 468 469 470 471 472 473 474 475 478 479]] [32 [480 482 486 487 489 490 491 492 493]] [33 [495 496 497 498 501 503 506 507 509]] [34 [510 511 513 515 516 517 518 519 520 522 523 524]] [35 [526 527 528 529 530 531 533 534 535 536 537 538 539]] [36 [540 542 543 545 546 547 548 549 551 552 553 554]] [37 [555 556 557 558 559 564 565 566 567 568 569]] [38 [570 571 572 573 575 576 577 578 579 580 581 582 583 584]] [39 [585 586 587 589 590 591 592 593 594 595 596 597 598 599]] [40 [600 601 602 603 604 605 606 607 608 609 610 611 612 613 614]] [41 [615 616 617 618 619 620 621 622 623 624 625 627 628 629]] [42 [630 631 632 633 634 635 637 639 640 642 643 644]] [43 [645 646 647 648 651 653 655 656 659]] [44 [661 662 663 664 665 666 667 668 669 671 672 673 674]] [45 [675 676 677 678 679 680 682 683 684 686 687 688 689]] [46 [691 692 693 694 696 697 698 699 700 701 702 703 704]] [47 [705 706 707 708 709 710 711 712 713 714 715 716 717 719]] [48 [720 721 722 723 724 725 726 727 728 729 730 731 732 733 734]] [49 [735 736 739 740 741 742 744 746 747 748 749]] [50 [750 751 752 753 754 755 756 757 758 760 761 762 763 764]] [51 [765 766 767 768 769 770 771 772 773 774 777 778 779]] [52 [780 781 782 783 784 785 786 787 788 789 790 791 792 794]] [53 [795 796 797 798 799 800 801 802 803 804 805 807 808]] [54 [810 811 813 815 816 817 818 819 820 821 822 823 824]] [55 [826 827 828 829 830 831 832 833 834 835 836 837 838 839]] [56 [840 841 842 843 844 845 846 847 848 849 850 851 852 853]] [57 [855 856 857 858 859 860 861 862 863 864 865 866 869]] [58 [870 871 872 874 875 876 880]] [59 [885 889 893 894 896]] [60 [901 907 908 910 914]] [61 [916 920 922 925 929]] [62 [931 932 937 939 944]] [63 [948 951 953 957 958]] [64 [960 964 965 966 968 969 970 972 973 974]] [65 [975 976 977 978 985]] [66 [990 991 992 993 994 997 998 999 1000 1002 1003]] [67 [1005 1006 1007 1010 1011 1012 1013 1014 1015 1016 1017 1018]] [68 [1020 1021 1022 1023 1024 1025 1026 1028 1029 1030 1031 1032 1033 1034]] [69 [1035 1036 1038 1040 1042 1043 1047 1048 1049]] [70 [1050 1051 1052 1054 1055 1056 1057 1058 1060 1061 1062 1063 1064]] [71 [1065 1066 1067 1069 1070 1071 1073 1074 1075 1076 1077 1078 1079]] [72 [1080 1081 1082 1083 1084 1085 1086 1088 1089 1090 1091 1093 1094]] [73 [1095 1096 1097 1098 1099 1100 1101 1103 1104 1105 1107 1108 1109]] [74 [1110 1111 1112 1113 1114 1115 1116 1117 1118 1120 1121 1123 1124]] [75 [1125 1127 1128 1129 1130 1131 1132 1133 1135 1136 1137 1138 1139]] [76 [1140 1141 1142 1144 1145 1146 1147 1149 1150 1151 1152 1153 1154]] [77 [1155 1156 1157 1158 1159 1160 1161 1162 1163 1164 1166 1167 1168]] [78 [1170 1171 1172 1173 1174 1175 1176 1177 1178 1179 1180 1181 1182 1184]] [79 [1186 1187 1189 1190 1191 1192 1193 1194 1195 1196 1197 1198 1199]] [80 [1200 1201 1202 1203 1204 1205 1206 1207 1208 1212 1213 1214]] [81 [1215 1217 1218 1219 1220 1221 1222 1223 1224 1225 1226 1227 1228]] [82 [1230 1231 1232 1233 1234 1235 1236 1237 1238 1239 1241 1243 1244]] [83 [1245 1247 1248 1249 1250 1251 1252 1253 1254 1255 1256 1257 1258]] [84 [1260 1261 1262 1263 1265 1266 1267 1268 1269 1270 1272 1273 1274]] [85 [1275 1276 1277 1278 1279 1280 1281 1282 1284 1285 1286 1287 1288 1289]] [86 [1290 1291 1292 1293 1295 1296 1297 1298 1299 1300 1301 1302 1304]] [87 [1305 1306 1308 1309 1310 1311 1312 1314 1315 1316 1317 1318 1319]] [88 [1320 1321 1322 1324 1325 1326 1327 1328 1329 1331 1332 1333 1334]] [89 [1335 1336 1337 1338 1339 1341 1342 1343 1344 1345 1347 1348 1349]] [90 [1350 1351 1352 1353 1354 1355 1357 1358 1359 1360 1361 1363 1364]] [91 [1365 1366 1367 1368 1369 1370 1371 1372 1373 1374 1376 1377 1378 1379]] [92 [1380 1381 1382 1383 1384 1385 1386 1388 1389 1390 1391 1392 1393]] [93 [1395 1397 1398 1399 1400 1401 1403 1404 1405 1406 1407 1408 1409]] [94 [1410 1411 1412 1413 1414 1415 1416 1417 1418 1419 1420 1421 1422 1424]] [95 [1425 1426 1427 1428 1429 1430 1431 1432 1433 1435 1436 1437 1439]] [96 [1440 1441 1443 1444 1445 1447 1448 1449 1450 1451 1452 1453 1454]] [97 [1457 1458 1460 1462 1463 1464 1465 1466 1467 1468 1469]] [98 [1470 1471 1473 1474 1475 1476 1477 1478 1479 1480 1481 1483 1484]] [99 [1485 1487 1489 1490 1492 1493 1495 1497 1498]]]","[[0 [2 7 13]] [1 [15 20]] [2 [34 38]] [3 [45 48 50 56 57 59]] [4 [61 62 63 65 67 68 69 70 71 74]] [5 [75 78 79 80 81 83 85 86 88]] [6 [90 93 94 95 96 97 99 100 104]] [7 [105 106 107 112 114 116 117 118]] [8 [121 122 123 126 129 130 132 134]] [9 [137 140 141 142 143 144 145 147]] [10 [151 152 154 155 156 158 159 161 164]] [11 [165 167 170 173 176 177 179]] [12 [181 182 183 187 188 190 191 192 193 194]] [13 [196 197 201 202 204 206 207 208]] [14 [210 211 212 213 215 216 218 220 221 222 224]] [15 [225 227 229 231 232 236 237 238 239]] [16 [241 243 244 245 246 247 248 251 252 254]] [17 [256 257 265 266 267 268 269]] [18 [270 272 273 274 275 278 279 280]] [19 [285 286 289 292 294 295 296 298 299]] [20 [300 301 303 305 310 312 313 314]] [21 [315 317 319 320 321 322 323 324 325]] [22 [331 332 334 336 338 340 341 343 344]] [23 [346 347 349 350 351 353 355 356 359]] [24 [360 361 362 364 366 371 372 374]] [25 [375 376 377 379 381 383 386 387 388]] [26 [392 393 394 397 398 399 400 401]] [27 [405 407 408 412 413 415 416 417 419]] [28 [421 423 425 427 429 430 433 434]] [29 [436 438 439 443 444 445 446 447 449]] [30 [451 452 456 457 458 459 460 463 464]] [31 [467 468 469 472 473 474 475 478 479]] [32 [480 482 486 487 489 490 491 492 493]] [33 [495 496 497 498 501 503 506 509]] [34 [510 515 516 517 518 519 520 522]] [35 [526 527 530 535 539]] [36 [540 542 543 545 546 548 549 551 553]] [37 [556 557 558 559 566 568]] [38 [572 575 576 578 580 581 582 583]] [39 [589 591 592 594 598]] [40 [600 602 604 607 608 609 610 612 613 614]] [41 [619 620 622 623 624 625 627 628]] [42 [630 631 632 633 639 640 642 643 644]] [43 [645 646 648 651 653 655 659]] [44 [661 662 664 665 666 667 668 669 671 672 673 674]] [45 [677 678 679 682 683 687]] [46 [691 692 694 698 699 700 702 703]] [47 [710 712 713 719]] [48 [720 721 723 724]] [49 [736 742]] [50 [754 755 756 760 761 763 764]] [51 [765 766 767 769 770 771 772 773 774 777]] [52 [781 783 784 785 786 788 789 790 792]] [53 [797 798 799 800 804 805 808]] [54 [810 811 815 816 817 822 823]] [55 [826 828 829 831 833 834 836 838]] [56 [840 841 842 843 845 847 850 851 852]] [57 [855 856 857 858 859 861 862 865 866 869]] [58 [871 872 874 875 876 880]] [59 [885 889 893 894 896]] [60 [901 907 908 910 914]] [61 [916 920 922 925 929]] [62 [932 937 939 944]] [63 [948 951 953 957]] [64 [960 964 965 968 969 970 972 973 974]] [65 [975 976 977 978]] [66 [994 997 1002 1003]] [67 [1005 1010 1011 1013 1014 1015 1018]] [68 [1023 1025 1026 1030 1032 1033]] [69 [1035 1036 1038 1040 1043 1047 1048 1049]] [70 [1050 1051 1052 1054 1055 1056 1061 1064]] [71 [1065 1071 1074 1076 1077 1079]] [72 [1080 1084 1085 1086 1088 1089 1090 1091 1094]] [73 [1095 1096 1098 1099 1100 1101 1103 1107 1108 1109]] [74 [1111 1113 1114 1117 1120 1121 1123 1124]] [75 [1125 1127 1128 1129 1135 1136 1137 1138 1139]] [76 [1140 1141 1142 1144 1145 1146 1147 1149 1151 1152 1153]] [77 [1157 1159 1160 1162 1164 1167]] [78 [1170 1174 1178 1179 1181 1182 1184]] [79 [1186 1189 1191 1192 1193 1194 1195 1196 1199]] [80 [1200 1201 1203 1206 1207 1208 1212 1213]] [81 [1215 1218 1219 1220 1221 1223 1224 1225 1226 1227]] [82 [1232 1233 1235 1236 1238 1239 1243 1244]] [83 [1245 1248 1249 1250 1251 1252 1254 1257]] [84 [1261 1263 1265 1267 1274]] [85 [1276 1277 1279 1282 1284 1285 1287 1288]] [86 [1291 1292 1293 1295 1299 1300 1301 1302 1304]] [87 [1305 1308 1309 1310 1312 1316 1317 1318 1319]] [88 [1320 1321 1324 1325 1326 1327 1329 1332 1333]] [89 [1336 1339 1341 1342 1343 1344 1345 1347 1349]] [90 [1350 1351 1352 1353 1354 1355 1358 1359 1360 1361]] [91 [1365 1366 1367 1368 1369 1370 1373 1374 1376 1377 1378]] [92 [1380 1382 1383 1384 1385 1386 1388 1390 1391 1393]] [93 [1395 1400 1403 1404 1405 1406 1407 1409]] [94 [1410 1412 1413 1414 1416 1417 1418 1420 1421]] [95 [1425 1427 1428 1429 1433 1435 1437]] [96 [1441 1444 1445 1448 1450 1451 1452 1453 1454]] [97 [1457 1458 1462 1463 1464 1465 1466 1467 1468]] [98 [1473 1474 1475 1476 1479 1481 1483 1484]] [99 [1485 1487 1489 1490 1492 1493 1495 1497 1498]]]",,"[[{media 51} [[""A"" [6 6]]]] [{media 53} [[""A"" [3 3]]]] [{media 54} [[""A"" [1 1]]]] [{media 56} [[""A"" [4 4]]]] [{media 59} [[""A"" [5 5]]]] [{media 60} [[""A"" [2 2]]]] [{media 62} [[""A"" [0 0]]]] [{media 63} [[""A"" [5 5]]]] [{media 64} [[""A"" [6 6]]]] [{media 57} [[""A"" [6 6]]]] [{citizen 30} [[""A"" [6 4]]]] [{media 58} [[""A"" [5 5]]]] [{media 50} [[""A"" [3 3]]]] [{citizen 0} [[""A"" [5 4]]]] [{media 55} [[""A"" [5 5]]]] [{media 52} [[""A"" [3 3]]]] [{citizen 4} [[""A"" [5 4]]]] [{citizen 5} [[""A"" [6 4]]]] [{citizen 8} [[""A"" [5 4]]]] [{media 61} [[""A"" [5 5]]]] [{citizen 2} [[""A"" [5 6]]]] [{citizen 9} [[""A"" [6 4]]]] [{citizen 12} [[""A"" [6 4]]]] [{citizen 17} [[""A"" [5 6]]]] [{citizen 20} [[""A"" [6 6]]]] [{citizen 15} [[""A"" [6 5]]]] [{citizen 32} [[""A"" [6 5]]]] [{citizen 47} [[""A"" [5 4]]]] [{citizen 35} [[""A"" [6 4]]]] [{citizen 29} [[""A"" [6 4]]]] [{citizen 18} [[""A"" [5 4]]]] [{citizen 28} [[""A"" [5 4]]]] [{citizen 41} [[""A"" [6 4]]]] [{citizen 42} [[""A"" [5 6]]]] [{citizen 14} [[""A"" [4 6]]]] [{citizen 27} [[""A"" [5 6]]]] [{citizen 11} [[""A"" [5 4]]]] [{citizen 19} [[""A"" [5 6]]]] [{citizen 34} [[""A"" [4 6]]]] [{citizen 45} [[""A"" [5 6]]]] [{citizen 43} [[""A"" [6 6]]]] [{citizen 37} [[""A"" [6 5]]]] [{citizen 1} [[""A"" [5 4]]]] [{citizen 39} [[""A"" [4 6]]]] [{citizen 49} [[""A"" [4 6]]]] [{citizen 44} [[""A"" [5 6]]]] [{citizen 40} [[""A"" [4 6]]]] [{citizen 26} [[""A"" [6 5]]]] [{citizen 33} [[""A"" [6 5]]]] [{citizen 16} [[""A"" [5 4]]]] [{citizen 31} [[""A"" [5 6]]]] [{citizen 13} [[""A"" [4 6]]]] [{citizen 36} [[""A"" [5 6]]]] [{citizen 48} [[""A"" [6 6]]]] [{citizen 38} [[""A"" [6 4]]]] [{citizen 23} [[""A"" [6 4]]]] [{citizen 3} [[""A"" [5 6]]]] [{citizen 25} [[""A"" [5 6]]]] [{citizen 6} [[""A"" [6 6]]]] [{citizen 10} [[""A"" [6 6]]]] [{citizen 21} [[""A"" [6 5]]]] [{citizen 22} [[""A"" [5 6]]]] [{citizen 7} [[""A"" [6 5]]]] [{citizen 24} [[""A"" [5 6]]]]]"
"47","[85 0 170]","189.375","-1.8037814300950894","-10.297504728440884","""circle""","""""","9.9","{breed citizens}","false","0.5","1","""up""",,"[[""ID"" 49] [""alpha"" 1] [""beta"" 1] [""malleable"" [""A""]] [""prior"" []] [""cont_tokens"" []] [""A"" 4]]","[[0 [1 2 3 4 5 6 7 8 9 11 13 14]] [1 [15 16 17 18 19 20 21 22 23 24 25 26 27 28 29]] [2 [30 31 32 33 35 36 37 39 40 41 42 43 44]] [3 [45 46 47 48 49 50 51 52 54 56 57 58 59]] [4 [61 62 63 65 66 67 68 69 70 71 72 74]] [5 [75 76 77 78 79 80 81 82 83 84 85 86 88]] [6 [90 91 93 94 95 96 97 98 99 100 103 104]] [7 [105 106 107 111 112 114 116 117 118]] [8 [121 122 123 126 129 130 131 132 134]] [9 [137 140 141 142 143 144 145 146 147]] [10 [151 152 154 155 156 158 159 161 164]] [11 [165 167 170 173 174 176 177 178 179]] [12 [180 181 182 183 185 187 188 189 190 191 192 193 194]] [13 [195 196 197 199 201 202 203 204 206 207 208 209]] [14 [210 211 212 213 215 216 218 220 221 222 223 224]] [15 [225 227 229 231 232 236 237 238 239]] [16 [241 243 244 245 246 247 248 249 250 251 252 254]] [17 [255 256 257 259 260 261 263 265 266 267 268 269]] [18 [270 272 273 274 275 277 278 279 280]] [19 [285 286 289 292 294 295 296 298 299]] [20 [300 301 303 305 310 312 313 314]] [21 [315 317 319 320 321 322 323 324 325]] [22 [331 332 334 336 338 340 341 343 344]] [23 [346 347 349 350 351 353 355 356 359]] [24 [360 361 362 364 366 371 372 374]] [25 [375 376 377 379 381 383 386 387 388]] [26 [392 393 394 397 398 399 400 401]] [27 [405 407 408 412 413 415 416 417 419]] [28 [421 423 425 427 428 429 430 433 434]] [29 [436 438 439 443 444 445 446 447 449]] [30 [451 452 454 456 457 458 459 460 462 463 464]] [31 [467 468 469 470 471 472 473 474 475 478 479]] [32 [480 482 486 487 489 490 491 492 493]] [33 [495 496 497 498 501 503 506 507 509]] [34 [510 511 513 515 516 517 518 519 520 522 523 524]] [35 [526 527 528 529 530 531 533 534 535 536 537 538 539]] [36 [540 542 543 545 546 547 548 549 551 552 553 554]] [37 [555 556 557 558 559 560 563 564 565 566 567 568 569]] [38 [570 571 572 573 575 576 577 578 579 580 581 582 583 584]] [39 [585 586 587 589 590 591 592 593 594 595 596 597 598 599]] [40 [600 601 602 603 604 605 606 607 608 609 610 611 612 613 614]] [41 [615 616 617 618 619 620 621 622 623 624 625 627 628 629]] [42 [630 631 632 633 634 635 637 639 640 642 643 644]] [43 [645 646 647 648 651 653 655 656 659]] [44 [661 662 663 664 665 666 667 668 669 671 672 673 674]] [45 [675 676 677 678 679 680 682 683 684 686 687 688 689]] [46 [691 692 693 694 696 697 698 699 700 701 702 703 704]] [47 [705 706 707 708 709 710 711 712 713 714 715 716 717 719]] [48 [720 721 722 723 724 725 726 727 728 729 730 731 732 733 734]] [49 [735 736 738 739 740 741 742 744 746 747 748 749]] [50 [750 751 752 753 754 755 756 757 758 760 761 763 764]] [51 [765 766 767 768 769 770 771 772 773 774 777 778 779]] [52 [780 781 782 783 784 785 786 787 788 789 790 791 792 794]] [53 [795 796 797 798 799 800 801 802 803 804 805 807 808]] [54 [810 811 813 815 816 817 818 819 820 821 822 823 824]] [55 [826 827 828 829 830 831 832 833 834 835 836 837 838 839]] [56 [840 841 842 843 844 845 846 847 848 849 850 851 852 853]] [57 [855 856 857 858 859 860 861 862 863 864 865 866 869]] [58 [870 871 872 874 875 876 880]] [59 [885 889 893 894 896]] [60 [901 907 908 910 914]] [61 [916 920 922 925 929]] [62 [931 932 937 939 944]] [63 [948 951 953 957 958]] [64 [960 964 965 968 969 970 972 973 974]] [65 [975 976 977 978 985]] [66 [990 991 992 993 994 997 998 999 1000 1002 1003]] [67 [1005 1006 1007 1010 1011 1012 1013 1014 1015 1016 1017 1018]] [68 [1020 1021 1022 1023 1024 1025 1026 1027 1028 1029 1030 1031 1032 1033 1034]] [69 [1035 1036 1038 1040 1041 1042 1043 1044 1046 1047 1048 1049]] [70 [1050 1051 1052 1054 1055 1056 1057 1058 1060 1061 1062 1063 1064]] [71 [1065 1066 1067 1069 1070 1071 1073 1074 1075 1076 1077 1078 1079]] [72 [1080 1081 1082 1083 1084 1085 1086 1088 1089 1090 1091 1093 1094]] [73 [1095 1096 1097 1098 1099 1100 1101 1103 1104 1105 1107 1108 1109]] [74 [1110 1111 1112 1113 1114 1115 1116 1117 1118 1120 1121 1123 1124]] [75 [1125 1127 1128 1129 1130 1131 1132 1133 1135 1136 1137 1138 1139]] [76 [1140 1141 1142 1144 1145 1146 1147 1149 1150 1151 1152 1153 1154]] [77 [1155 1156 1157 1158 1159 1160 1161 1162 1163 1164 1166 1167 1168]] [78 [1170 1171 1172 1173 1174 1175 1176 1177 1178 1179 1180 1181 1182 1184]] [79 [1186 1187 1189 1190 1191 1192 1193 1194 1195 1196 1197 1198 1199]] [80 [1200 1201 1202 1203 1204 1205 1206 1207 1208 1211 1212 1213 1214]] [81 [1215 1217 1218 1219 1220 1221 1222 1223 1224 1225 1226 1227 1228]] [82 [1230 1231 1232 1233 1234 1235 1236 1237 1238 1239 1241 1243 1244]] [83 [1245 1247 1248 1249 1250 1251 1252 1253 1254 1255 1256 1257 1258]] [84 [1260 1261 1262 1263 1265 1266 1267 1268 1269 1270 1272 1273 1274]] [85 [1275 1276 1277 1278 1279 1280 1281 1282 1284 1285 1286 1287 1288 1289]] [86 [1290 1291 1292 1293 1295 1296 1297 1298 1299 1300 1301 1302 1304]] [87 [1305 1306 1308 1309 1310 1311 1312 1314 1315 1316 1317 1318 1319]] [88 [1320 1321 1322 1324 1325 1326 1327 1328 1329 1331 1332 1333 1334]] [89 [1335 1336 1337 1338 1339 1341 1342 1343 1344 1345 1347 1348 1349]] [90 [1350 1351 1352 1353 1354 1355 1357 1358 1359 1360 1361 1363 1364]] [91 [1365 1366 1367 1368 1369 1370 1371 1372 1373 1374 1376 1377 1378 1379]] [92 [1380 1381 1382 1383 1384 1385 1386 1388 1389 1390 1391 1392 1393]] [93 [1395 1397 1398 1399 1400 1401 1403 1404 1405 1406 1407 1408 1409]] [94 [1410 1411 1412 1413 1414 1415 1416 1417 1418 1419 1420 1421 1422 1424]] [95 [1425 1426 1427 1428 1429 1430 1431 1432 1433 1435 1436 1437 1439]] [96 [1440 1441 1443 1444 1445 1448 1450 1451 1452 1453 1454]] [97 [1457 1458 1460 1462 1463 1464 1465 1466 1467 1468 1469]] [98 [1470 1471 1473 1474 1475 1476 1477 1478 1479 1480 1481 1483 1484]] [99 [1485 1487 1489 1490 1492 1493 1495 1497 1498]]]","[[0 [1 4 5 6 8 9 11]] [1 [16 21 22 24 25 26 29]] [2 [30 31 32 33 37 39 40 41 42 44]] [3 [45 50 51 52 54 58 59]] [4 [61 62 63 65 67 68 69 70 72 74]] [5 [75 78 79 80 81 83 85 86 88]] [6 [90 93 94 95 96 97 99 100 104]] [7 [105 106 107 111 112 114 116 117 118]] [8 [121 122 123 126 129 130 132 134]] [9 [137 140 141 142 143 144 146 147]] [10 [151 152 154 155 156 158 159 161 164]] [11 [165 170 173 174 177 179]] [12 [180 182 185 189 193 194]] [13 [195 199 202 204 206 207 208]] [14 [210 211 212 218 220 223 224]] [15 [225 227 229 231 232 236 237 238 239]] [16 [243 244 245 246 247 248 251 252 254]] [17 [256 257 267 268 269]] [18 [270 272 273 274 275 278 279 280]] [19 [285 286 292 294 295 296 299]] [20 [300 301 303 305 310 312 313 314]] [21 [315 317 319 320 321 322 323 324 325]] [22 [331 332 334 338 340 341 343 344]] [23 [346 347 349 350 351 353 355 356 359]] [24 [360 361 362 364 366 371 372 374]] [25 [375 376 377 379 381 383 386 387 388]] [26 [392 393 394 397 398 399 400 401]] [27 [405 408 412 413 415 416 417 419]] [28 [421 423 425 427 428 429 430 433 434]] [29 [436 438 439 443 444 445 446 447 449]] [30 [451 452 454 456 459 460 463 464]] [31 [467 468 469 471 473 474 475 478 479]] [32 [480 482 486 487 489 490 491 492 493]] [33 [495 496 497 498 501 503 506 507 509]] [34 [510 511 513 516 517 518 519 520 522]] [35 [526 527 530 535 536 537 538 539]] [36 [540 542 543 545 546 548 549]] [37 [555 557 558 559 564 565 567 568]] [38 [571 572 573 575 576 578 580 581 582 583]] [39 [589 593 594 595 596 597]] [40 [600 601 602 607 608 609 610 612 613 614]] [41 [619 620 623 624 627 628]] [42 [630 631 632 633 639 640 642 643 644]] [43 [645 646 648 651 653 655 659]] [44 [661 662 664 666 668 669 671 672 673 674]] [45 [676 677 678 679 680 682 683 687]] [46 [691 692 693 696 697 698 699 700 702 703]] [47 [710 712 713 719]] [48 [720 721 723 724]] [49 [736 739 740 741 744 746 748 749]] [50 [750 752 753 755 756 757 758 760 761 763 764]] [51 [767 778 779]] [52 [782 784 785 786 788 789 790 792]] [53 [795 796 798 799 800 804 805 808]] [54 [810 811 815 817 818 819 820 821 822 823 824]] [55 [826 829 830 832 837 839]] [56 [840 841 842 843 845 847 850 853]] [57 [857 858 859 860 861 862 865 866 869]] [58 [870 872 874 875 876 880]] [59 [885 889 893 894 896]] [60 [901 907 908 910 914]] [61 [916 920 922 925 929]] [62 [931 937 939 944]] [63 [948 951 953 957 958]] [64 [960 964 965 968 969 970 972 973 974]] [65 [975 976 977 978]] [66 [994 997 999 1002 1003]] [67 [1005 1010 1011 1012 1015 1016]] [68 [1022 1024 1026 1030 1033 1034]] [69 [1035 1036 1038 1040 1042 1043 1047 1048 1049]] [70 [1050 1051 1052 1054 1055 1056 1061]] [71 [1065 1071 1074 1075 1076 1077 1079]] [72 [1080 1082 1083 1084 1085 1093]] [73 [1097 1103 1107 1108 1109]] [74 [1110 1112 1113 1114 1115 1116 1117 1120 1121 1123 1124]] [75 [1125 1130 1131 1132 1133 1135 1136 1137 1138 1139]] [76 [1140 1141 1142 1144 1145 1146 1147 1149 1150 1153]] [77 [1157 1158 1159 1160 1161 1162 1164 1167]] [78 [1170 1174 1178 1180 1181]] [79 [1187 1190 1191 1192 1193 1194 1195 1196 1199]] [80 [1200 1201 1203 1204 1205 1207 1208 1212 1213]] [81 [1215 1218 1219 1220 1221 1222 1223 1226 1228]] [82 [1231 1232 1234 1236 1238 1239 1243]] [83 [1248 1249 1250 1251 1252 1253 1255 1256 1258]] [84 [1260 1262 1263 1265 1267 1268 1269 1270 1272 1273 1274]] [85 [1277 1279 1281 1282 1284 1285 1286 1287 1288 1289]] [86 [1290 1293 1295 1299 1301 1302 1304]] [87 [1305 1308 1309 1310 1314 1315 1317 1318 1319]] [88 [1320 1321 1324 1325 1326 1327 1329 1332 1333]] [89 [1336 1339 1341 1342 1343 1344 1345 1347 1348]] [90 [1351 1352 1353 1354 1355 1359 1360 1361 1364]] [91 [1367 1368 1369 1370 1373 1374 1376 1377 1378]] [92 [1380 1382 1383 1384 1385 1386 1388 1389 1392 1393]] [93 [1395 1397 1398 1399 1400 1403 1404 1405 1406 1407 1409]] [94 [1410 1412 1413 1414 1416 1417 1418 1420 1422 1424]] [95 [1426 1428 1429 1432 1433 1435 1436 1437]] [96 [1440 1441 1444 1445 1448 1450 1451 1453 1454]] [97 [1457 1458 1460 1462 1463 1464 1465 1466 1467 1468]] [98 [1473 1474 1475 1476 1477 1479 1483 1484]] [99 [1485 1487 1489 1490 1492 1493 1495 1497]]]",,"[[{media 51} [[""A"" [6 6]]]] [{media 53} [[""A"" [3 3]]]] [{media 54} [[""A"" [1 1]]]] [{media 55} [[""A"" [5 5]]]] [{media 56} [[""A"" [4 4]]]] [{media 57} [[""A"" [6 6]]]] [{media 58} [[""A"" [5 5]]]] [{media 60} [[""A"" [2 2]]]] [{media 62} [[""A"" [0 0]]]] [{media 50} [[""A"" [3 3]]]] [{citizen 23} [[""A"" [6 4]]]] [{media 63} [[""A"" [5 5]]]] [{citizen 0} [[""A"" [5 6]]]] [{citizen 1} [[""A"" [5 4]]]] [{citizen 4} [[""A"" [5 4]]]] [{citizen 15} [[""A"" [5 6]]]] [{media 52} [[""A"" [3 3]]]] [{citizen 5} [[""A"" [5 6]]]] [{citizen 46} [[""A"" [6 5]]]] [{citizen 6} [[""A"" [6 6]]]] [{citizen 41} [[""A"" [6 4]]]] [{citizen 48} [[""A"" [6 6]]]] [{citizen 40} [[""A"" [5 6]]]] [{citizen 8} [[""A"" [5 6]]]] [{media 61} [[""A"" [5 5]]]] [{citizen 12} [[""A"" [6 4]]]] [{citizen 26} [[""A"" [6 5]]]] [{citizen 34} [[""A"" [4 6]]]] [{citizen 9} [[""A"" [6 4]]]] [{citizen 44} [[""A"" [5 6]]]] [{citizen 2} [[""A"" [5 6]]]] [{citizen 17} [[""A"" [6 6]]]] [{citizen 30} [[""A"" [5 6]]]] [{citizen 36} [[""A"" [5 6]]]] [{citizen 3} [[""A"" [6 6]]]] [{citizen 29} [[""A"" [5 6]]]] [{citizen 19} [[""A"" [5 6]]]] [{citizen 20} [[""A"" [6 6]]]] [{citizen 14} [[""A"" [6 6]]]] [{citizen 32} [[""A"" [5 5]]]] [{citizen 31} [[""A"" [5 6]]]] [{citizen 28} [[""A"" [5 5]]]] [{citizen 25} [[""A"" [5 6]]]] [{citizen 33} [[""A"" [6 5]]]] [{citizen 39} [[""A"" [6 6]]]] [{citizen 16} [[""A"" [6 4]]]] [{citizen 37} [[""A"" [6 6]]]] [{media 64} [[""A"" [6 6]]]] [{media 59} [[""A"" [5 5]]]] [{citizen 13} [[""A"" [6 6]]]] [{citizen 35} [[""A"" [6 4]]]] [{citizen 42} [[""A"" [6 6]]]] [{citizen 18} [[""A"" [6 5]]]] [{citizen 45} [[""A"" [6 6]]]] [{citizen 43} [[""A"" [6 6]]]] [{citizen 49} [[""A"" [5 6]]]] [{citizen 27} [[""A"" [5 6]]]] [{citizen 11} [[""A"" [5 6]]]] [{citizen 38} [[""A"" [5 6]]]] [{citizen 10} [[""A"" [5 6]]]] [{citizen 21} [[""A"" [6 6]]]] [{citizen 7} [[""A"" [5 6]]]] [{citizen 22} [[""A"" [5 6]]]] [{citizen 24} [[""A"" [5 6]]]]]"
"48","[0 0 255]","158.4375","3.830504348932747","-9.466140851823184","""circle""","""""","9.9","{breed citizens}","false","0.5","1","""up""",,"[[""ID"" 20] [""alpha"" 1] [""beta"" 1] [""malleable"" [""A""]] [""prior"" []] [""cont_tokens"" []] [""A"" 6]]","[[0 [1 2 3 4 5 6 7 8 9 10 11 12 13 14]] [1 [15 16 17 18 19 20 21 22 23 24 25 26 27 28 29]] [2 [30 31 32 33 35 36 37 39 40 41 42 43 44]] [3 [45 46 47 48 49 50 51 52 54 56 57 58 59]] [4 [61 62 63 65 66 67 68 69 70 71 72 74]] [5 [75 76 77 78 79 80 81 82 83 84 85 86 88]] [6 [90 91 93 94 95 96 97 98 99 100 101 102 103 104]] [7 [105 106 107 111 112 114 116 117 118]] [8 [121 122 123 126 129 130 131 132 134]] [9 [137 140 141 142 143 144 145 146 147]] [10 [151 152 154 155 156 158 159 161 164]] [11 [165 167 170 173 174 176 177 178 179]] [12 [180 181 182 183 185 187 188 189 190 191 192 193 194]] [13 [195 196 197 199 201 202 203 204 206 207 208 209]] [14 [210 211 212 213 215 216 218 220 221 222 223 224]] [15 [225 227 229 231 232 236 237 238 239]] [16 [241 243 244 245 246 247 248 249 250 251 252 254]] [17 [255 256 257 259 260 261 263 265 266 267 268 269]] [18 [270 272 273 274 275 277 278 279 280]] [19 [285 286 289 292 294 295 296 298 299]] [20 [300 301 303 305 310 312 313 314]] [21 [315 317 319 320 321 322 323 324 325]] [22 [331 332 334 336 338 340 341 343 344]] [23 [346 347 349 350 351 353 355 356 359]] [24 [360 361 362 364 366 371 372 374]] [25 [375 376 377 379 381 383 386 387 388]] [26 [392 393 394 397 398 399 400 401]] [27 [405 407 408 412 413 415 416 417 419]] [28 [421 423 425 427 428 429 430 433 434]] [29 [436 438 439 443 444 445 446 447 449]] [30 [451 452 454 456 457 458 459 460 462 463 464]] [31 [467 468 469 470 471 472 473 474 475 478 479]] [32 [480 482 486 487 489 490 491 492 493]] [33 [495 496 497 498 501 503 506 507 509]] [34 [510 511 513 515 516 517 518 519 520 522 523 524]] [35 [526 527 528 529 530 531 533 534 535 536 537 538 539]] [36 [540 542 543 545 546 547 548 549 551 552 553 554]] [37 [555 556 557 558 559 564 565 566 567 568 569]] [38 [570 571 572 573 575 576 577 578 579 580 581 582 583 584]] [39 [585 586 587 589 590 591 592 593 594 595 596 597 598 599]] [40 [600 601 602 603 604 605 606 607 608 609 610 611 612 613 614]] [41 [615 616 617 618 619 620 621 622 623 624 625 627 628 629]] [42 [630 631 632 633 637 639 640 642 643 644]] [43 [645 646 647 648 651 653 655 656 659]] [44 [661 662 663 664 665 666 667 668 669 671 672 673 674]] [45 [675 676 677 678 679 680 682 683 684 686 687 688 689]] [46 [691 692 693 694 696 697 698 699 700 701 702 703 704]] [47 [705 706 707 708 709 710 711 712 713 714 715 716 717 719]] [48 [720 721 722 723 724 725 726 727 728 729 730 731 732 733 734]] [49 [735 736 738 739 740 741 742 744 746 747 748 749]] [50 [750 751 752 753 754 755 756 757 758 760 761 763 764]] [51 [765 766 767 768 769 770 771 772 773 774 777 778 779]] [52 [780 781 782 783 784 785 786 787 788 789 790 791 792 794]] [53 [795 796 797 798 799 800 803 804 805 807 808]] [54 [810 811 813 815 816 817 818 819 820 821 822 823 824]] [55 [826 827 828 829 830 831 832 833 834 835 836 837 838 839]] [56 [840 841 842 843 844 845 846 847 848 849 850 851 852 853]] [57 [855 856 857 858 859 860 861 862 863 864 865 866 869]] [58 [870 871 872 874 875 876 880]] [59 [885 889 893 894 896]] [60 [901 907 908 910 914]] [61 [916 920 922 925 929]] [62 [931 932 937 939 944]] [63 [948 951 953 957 958]] [64 [960 964 965 968 969 970 972 973 974]] [65 [975 976 977 978 985]] [66 [990 991 992 993 994 997 998 999 1000 1002 1003]] [67 [1005 1006 1007 1010 1011 1012 1013 1014 1015 1016 1017 1018]] [68 [1020 1021 1022 1023 1024 1025 1026 1028 1029 1030 1031 1032 1033 1034]] [69 [1035 1036 1038 1040 1042 1043 1047 1048 1049]] [70 [1050 1051 1052 1054 1055 1056 1057 1058 1060 1061 1062 1063 1064]] [71 [1065 1066 1067 1069 1070 1071 1073 1074 1075 1076 1077 1078 1079]] [72 [1080 1081 1082 1083 1084 1085 1086 1088 1089 1090 1091 1093 1094]] [73 [1095 1096 1097 1098 1099 1100 1101 1103 1104 1105 1107 1108 1109]] [74 [1110 1111 1112 1113 1114 1115 1116 1117 1118 1120 1121 1123 1124]] [75 [1125 1127 1128 1129 1130 1131 1132 1133 1135 1136 1137 1138 1139]] [76 [1140 1141 1142 1144 1145 1146 1147 1149 1150 1151 1152 1153 1154]] [77 [1155 1156 1157 1158 1159 1160 1161 1162 1163 1164 1166 1167 1168]] [78 [1170 1171 1172 1173 1174 1175 1176 1177 1178 1179 1180 1181 1182 1184]] [79 [1186 1187 1189 1190 1191 1192 1193 1194 1195 1196 1197 1198 1199]] [80 [1200 1201 1202 1203 1204 1205 1206 1207 1208 1211 1212 1213 1214]] [81 [1215 1217 1218 1219 1220 1221 1222 1223 1224 1225 1226 1227 1228]] [82 [1230 1231 1232 1233 1234 1235 1236 1237 1238 1239 1241 1243 1244]] [83 [1245 1247 1248 1249 1250 1251 1252 1253 1254 1255 1256 1257 1258]] [84 [1260 1261 1262 1263 1265 1266 1267 1268 1269 1270 1272 1273 1274]] [85 [1275 1276 1277 1278 1279 1280 1281 1282 1284 1285 1286 1287 1288 1289]] [86 [1290 1291 1292 1293 1295 1296 1297 1298 1299 1300 1301 1302 1304]] [87 [1305 1306 1308 1309 1310 1311 1312 1314 1315 1316 1317 1318 1319]] [88 [1320 1321 1322 1324 1325 1326 1327 1328 1329 1331 1332 1333 1334]] [89 [1335 1336 1337 1338 1339 1341 1342 1343 1344 1345 1347 1348 1349]] [90 [1350 1351 1352 1353 1354 1355 1357 1358 1359 1360 1361 1363 1364]] [91 [1365 1366 1367 1368 1369 1370 1371 1372 1373 1374 1376 1377 1378 1379]] [92 [1380 1381 1382 1383 1384 1385 1386 1387 1388 1389 1390 1391 1392 1393]] [93 [1395 1397 1398 1399 1400 1401 1403 1404 1405 1406 1407 1408 1409]] [94 [1410 1411 1412 1413 1414 1415 1416 1417 1418 1419 1420 1421 1422 1424]] [95 [1425 1426 1427 1428 1429 1430 1431 1432 1433 1435 1436 1437 1439]] [96 [1440 1441 1443 1444 1445 1448 1450 1451 1452 1453 1454]] [97 [1457 1458 1460 1462 1463 1464 1465 1466 1467 1468 1469]] [98 [1470 1471 1473 1474 1475 1476 1477 1478 1479 1480 1481 1483 1484]] [99 [1485 1487 1489 1490 1492 1493 1495 1497 1498]]]","[[0 [2 5 9 10 11]] [1 [16 17 18 19 21 22 24 25 26 29]] [2 [30 31 32 33 36 37 40 41 43]] [3 [46 47 49 50 52 54 58 59]] [4 [61 62 63 67 68 69 70 71 74]] [5 [75 78 79 80 81 84]] [6 [91 93 94 95 97 98 99 100 104]] [7 [105 106 107 111 112 114 116 117 118]] [8 [121 122 123 126 129 130 132 134]] [9 [137 140 141 142 143 144 145 147]] [10 [151 152 154 155 156 158 159 161 164]] [11 [165 170 174 176 177 178]] [12 [180 182 183 187 188 190 191 192 193 194]] [13 [195 197 201 202 204 206 207 208]] [14 [210 211 212 213 215 216 218 220 221 222 223 224]] [15 [225 227 229 231 232 236 237 238]] [16 [243 244 245 246 247 248 251 252 254]] [17 [255 256 257 259 260 263 265 266 267 269]] [18 [270 272 273 274 275 278 279 280]] [19 [285 286 292 294 295 296 298 299]] [20 [300 301 303 305 310 312 313 314]] [21 [315 317 319 320 321 322 323 324 325]] [22 [331 332 334 338 340 341 343 344]] [23 [347 349 350 351 353 355 356 359]] [24 [360 361 362 364 366 371 372 374]] [25 [375 376 377 379 381 383 386 387 388]] [26 [392 393 394 397 398 399 400 401]] [27 [405 407 408 412 413 415 416 417 419]] [28 [421 423 425 427 429 430 433 434]] [29 [436 438 439 443 444 445 446 447 449]] [30 [451 452 456 457 458 459 460 462 464]] [31 [468 469 472 473 474 475 478 479]] [32 [480 482 486 487 489 490 491 492 493]] [33 [495 496 497 498 501 503 506 507 509]] [34 [510 515 516 517 518 519 520 523 524]] [35 [528 529 531 533 534 535 537 538]] [36 [540 542 543 545 546 548 549 551 552 553 554]] [37 [556 558 559 564 565 566 568]] [38 [571 577 579 581 582 584]] [39 [585 586 587 589 595 596 597 598]] [40 [600 601 602 603 605 606 608 609 610 612 613]] [41 [615 616 617 618 621 625 627 628 629]] [42 [630 631 632 633 639 640 642 643 644]] [43 [645 646 647 648 651 653 655 659]] [44 [662 663 665 666]] [45 [675 680 682 683 687]] [46 [691 692 694 698 699 701 702 703]] [47 [710 711 712 713 719]] [48 [720 721 722 726 727 728 729 731 732 733 734]] [49 [735 738 739 740 741 744 746 748 749]] [50 [750 752 753 755 756 757 758 760 761 763 764]] [51 [765 766 779]] [52 [782 786 788 790 791 794]] [53 [795 796 798 799 800 804 805 808]] [54 [810 811 813 815 818 819 820 821 822 823 824]] [55 [826 830 831 833 834 835 836 838]] [56 [840 841 842 843 845 849 851 852]] [57 [855 856 857 858 859 861 862 865 866 869]] [58 [871 874 875 876 880]] [59 [885 889 893 894 896]] [60 [901 907 908 910 914]] [61 [916 920 922 925 929]] [62 [931 937 939 944]] [63 [948 951 953 957 958]] [64 [960 965 968 969 970 972 973 974]] [65 [975 976 977 978 985]] [66 [990 991 992 993 994 998 999 1000]] [67 [1006 1007 1010 1011 1012 1013 1014 1015 1018]] [68 [1022 1024 1026 1030 1033]] [69 [1035 1036 1038 1040 1048]] [70 [1050 1051 1052 1054 1057 1058 1060 1062 1063 1064]] [71 [1066 1067 1069 1070 1073 1075 1076 1077 1079]] [72 [1080 1082 1083 1084 1085 1090 1091 1094]] [73 [1095 1096 1098 1099 1100 1101 1103 1104 1105]] [74 [1110 1112 1113 1114 1116 1117 1120 1121 1123 1124]] [75 [1125 1130 1131 1132 1133 1135]] [76 [1142 1144 1145 1146 1147 1149 1151 1152 1153]] [77 [1155 1156 1158 1159 1160 1161 1162 1163 1166 1168]] [78 [1171 1173 1175 1176 1177 1179 1182 1184]] [79 [1186 1189 1190 1191 1192 1193 1194 1195 1196 1199]] [80 [1200 1201 1203 1206 1207 1208 1212 1214]] [81 [1215 1218 1219 1220 1221 1222 1223 1224 1225 1226 1227]] [82 [1232 1234 1236 1238 1239 1243]] [83 [1247 1252 1254 1257]] [84 [1260 1262 1263 1265 1267 1268 1269 1270 1272 1273]] [85 [1275 1278 1279 1285 1287 1288 1289]] [86 [1290 1293 1295 1298 1299 1302 1304]] [87 [1305 1308 1309 1310 1311 1312 1315 1316 1317 1319]] [88 [1320 1321 1324 1325 1326 1327 1328 1329 1332 1333]] [89 [1336 1339 1341 1342 1343 1344 1345 1347 1349]] [90 [1350 1351 1352 1353 1354 1355 1359 1360 1361]] [91 [1365 1366 1371 1372 1379]] [92 [1381 1382 1383 1384 1385 1386 1388 1390 1391 1392 1393]] [93 [1395 1397 1398 1399 1401]] [94 [1411 1414 1416 1417 1418 1420 1422 1424]] [95 [1425 1427 1428 1429 1430 1431 1432 1433 1435 1436 1437]] [96 [1440 1441 1444 1445 1448 1450 1451 1452 1453 1454]] [97 [1457 1458 1462 1463 1464 1465 1466 1467 1468]] [98 [1473 1474 1475 1476 1477 1478 1480 1481 1483 1484]] [99 [1485 1487 1489 1490 1492 1493 1495 1497 1498]]]",,"[[{media 51} [[""A"" [6 6]]]] [{media 53} [[""A"" [3 3]]]] [{media 54} [[""A"" [1 1]]]] [{media 55} [[""A"" [5 5]]]] [{media 56} [[""A"" [4 4]]]] [{media 57} [[""A"" [6 6]]]] [{media 58} [[""A"" [5 5]]]] [{media 60} [[""A"" [2 2]]]] [{media 62} [[""A"" [0 0]]]] [{media 50} [[""A"" [3 3]]]] [{citizen 15} [[""A"" [6 5]]]] [{citizen 31} [[""A"" [5 5]]]] [{media 63} [[""A"" [5 5]]]] [{citizen 0} [[""A"" [5 4]]]] [{citizen 1} [[""A"" [5 4]]]] [{citizen 4} [[""A"" [5 4]]]] [{citizen 17} [[""A"" [5 4]]]] [{media 52} [[""A"" [3 3]]]] [{citizen 5} [[""A"" [5 4]]]] [{citizen 6} [[""A"" [5 5]]]] [{media 61} [[""A"" [5 5]]]] [{citizen 3} [[""A"" [6 5]]]] [{media 64} [[""A"" [6 6]]]] [{citizen 9} [[""A"" [5 4]]]] [{citizen 46} [[""A"" [5 4]]]] [{citizen 41} [[""A"" [5 4]]]] [{citizen 12} [[""A"" [5 4]]]] [{citizen 26} [[""A"" [5 5]]]] [{citizen 34} [[""A"" [5 4]]]] [{citizen 44} [[""A"" [6 5]]]] [{citizen 2} [[""A"" [5 5]]]] [{citizen 30} [[""A"" [5 4]]]] [{citizen 8} [[""A"" [5 4]]]] [{citizen 36} [[""A"" [5 5]]]] [{citizen 29} [[""A"" [5 4]]]] [{citizen 40} [[""A"" [5 4]]]] [{citizen 19} [[""A"" [6 5]]]] [{citizen 32} [[""A"" [5 5]]]] [{citizen 13} [[""A"" [5 4]]]] [{citizen 35} [[""A"" [5 4]]]] [{citizen 28} [[""A"" [5 4]]]] [{citizen 25} [[""A"" [6 5]]]] [{citizen 33} [[""A"" [5 4]]]] [{citizen 39} [[""A"" [5 4]]]] [{citizen 16} [[""A"" [5 4]]]] [{citizen 37} [[""A"" [6 5]]]] [{citizen 14} [[""A"" [5 4]]]] [{media 59} [[""A"" [5 5]]]] [{citizen 20} [[""A"" [5 5]]]] [{citizen 42} [[""A"" [5 5]]]] [{citizen 18} [[""A"" [5 4]]]] [{citizen 45} [[""A"" [6 5]]]] [{citizen 23} [[""A"" [5 4]]]] [{citizen 47} [[""A"" [5 4]]]] [{citizen 27} [[""A"" [5 4]]]] [{citizen 11} [[""A"" [5 4]]]] [{citizen 43} [[""A"" [5 6]]]] [{citizen 49} [[""A"" [5 4]]]] [{citizen 38} [[""A"" [5 4]]]] [{citizen 10} [[""A"" [5 5]]]] [{citizen 21} [[""A"" [5 5]]]] [{citizen 22} [[""A"" [5 5]]]] [{citizen 7} [[""A"" [5 4]]]] [{citizen 24} [[""A"" [5 4]]]]]"
"49","[0 0 255]","167.8125","2.2421951758841194","-9.225909757964423","""circle""","""""","9.9","{breed citizens}","false","0.5","1","""up""",,"[[""ID"" 43] [""alpha"" 1] [""beta"" 1] [""malleable"" [""A""]] [""prior"" []] [""cont_tokens"" []] [""A"" 6]]","[[0 [1 2 4 5 7 8 9 11 13 14]] [1 [15 16 17 18 19 20 21 22 23 24 25 26 27 28 29]] [2 [30 31 32 33 35 36 37 39 40 41 42 43 44]] [3 [45 46 47 48 49 50 51 52 54 56 57 58 59]] [4 [61 62 63 65 66 67 68 69 70 71 72 74]] [5 [75 76 77 78 79 80 81 82 83 84 85 86 88]] [6 [90 91 93 94 95 96 97 98 99 100 101 102 103 104]] [7 [105 106 107 111 112 114 116 117 118]] [8 [121 122 123 126 129 130 131 132 134]] [9 [137 140 141 142 143 144 145 146 147]] [10 [151 152 154 155 156 158 159 161 164]] [11 [165 167 170 173 174 176 177 178 179]] [12 [180 181 182 183 185 187 188 189 190 191 192 193 194]] [13 [195 196 197 199 201 202 203 204 206 207 208 209]] [14 [210 211 212 213 215 216 218 220 221 222 223 224]] [15 [225 227 229 231 232 236 237 238 239]] [16 [241 243 244 245 246 247 248 249 250 251 252 254]] [17 [255 256 257 259 260 261 263 265 266 267 268 269]] [18 [270 272 273 274 275 277 278 279 280]] [19 [285 286 289 292 294 295 296 298 299]] [20 [300 301 303 305 310 312 313 314]] [21 [315 317 319 320 321 322 323 324 325]] [22 [331 332 334 336 338 340 341 343 344]] [23 [346 347 349 350 351 353 355 356 359]] [24 [360 361 362 364 366 371 372 374]] [25 [375 376 377 379 381 383 386 387 388]] [26 [392 393 394 397 398 399 400 401]] [27 [405 407 408 412 413 415 416 417 419]] [28 [421 423 425 427 428 429 430 433 434]] [29 [436 438 439 443 444 445 446 447 449]] [30 [451 452 454 456 457 458 459 460 462 463 464]] [31 [467 468 469 470 471 472 473 474 475 476 477 478 479]] [32 [480 482 486 487 489 490 491 492 493]] [33 [495 496 497 498 501 503 506 507 509]] [34 [510 511 513 515 516 517 518 519 520 522 523 524]] [35 [526 527 528 529 530 531 533 534 535 536 537 538 539]] [36 [540 542 543 545 546 547 548 549 551 552 553 554]] [37 [555 556 557 558 559 564 565 566 567 568 569]] [38 [570 571 572 573 575 576 577 578 579 580 581 582 583 584]] [39 [585 586 587 589 590 591 592 593 594 595 596 597 598 599]] [40 [600 601 602 603 604 605 606 607 608 609 610 611 612 613 614]] [41 [615 616 617 618 619 620 621 622 623 624 625 627 628 629]] [42 [630 631 632 633 637 639 640 642 643 644]] [43 [645 646 647 648 651 653 655 656 659]] [44 [661 662 663 664 665 666 667 668 669 671 672 673 674]] [45 [675 676 677 678 679 680 682 683 684 686 687 688 689]] [46 [691 692 693 694 696 697 698 699 700 701 702 703 704]] [47 [705 706 707 708 709 710 711 712 713 714 715 716 717 719]] [48 [720 721 722 723 724 725 726 727 728 729 730 731 732 733 734]] [49 [735 736 738 739 740 741 742 744 746 747 748 749]] [50 [750 751 752 753 754 755 756 757 758 760 761 762 763 764]] [51 [765 766 767 768 769 770 771 772 773 774 777 778 779]] [52 [780 781 782 783 784 785 786 787 788 789 790 791 792 794]] [53 [795 796 797 798 799 800 803 804 805 807 808]] [54 [810 811 813 815 816 817 818 819 820 821 822 823 824]] [55 [826 827 828 829 830 831 832 833 834 835 836 837 838 839]] [56 [840 841 842 843 844 845 846 847 848 849 850 851 852 853]] [57 [855 856 857 858 859 860 861 862 863 864 865 866 869]] [58 [870 871 872 874 875 876 880]] [59 [885 889 893 894 896]] [60 [901 907 908 910 914]] [61 [916 920 922 925 929]] [62 [931 932 937 939 944]] [63 [948 951 953 957 958]] [64 [960 964 965 968 969 970 972 973 974]] [65 [975 976 977 978 985]] [66 [990 991 992 993 994 997 998 999 1000 1002 1003]] [67 [1005 1006 1007 1010 1011 1012 1013 1014 1015 1016 1017 1018]] [68 [1020 1021 1022 1023 1024 1025 1026 1028 1029 1030 1031 1032 1033 1034]] [69 [1035 1036 1038 1040 1042 1043 1047 1048 1049]] [70 [1050 1051 1052 1054 1055 1056 1057 1058 1060 1061 1062 1063 1064]] [71 [1065 1066 1067 1069 1070 1071 1073 1074 1075 1076 1077 1078 1079]] [72 [1080 1081 1082 1083 1084 1085 1086 1088 1089 1090 1091 1093 1094]] [73 [1095 1096 1097 1098 1099 1100 1101 1103 1104 1105 1107 1108 1109]] [74 [1110 1111 1112 1113 1114 1115 1116 1117 1118 1120 1121 1123 1124]] [75 [1125 1127 1128 1129 1130 1131 1132 1133 1135 1136 1137 1138 1139]] [76 [1140 1141 1142 1144 1145 1146 1147 1149 1150 1151 1152 1153 1154]] [77 [1155 1156 1157 1158 1159 1160 1161 1162 1163 1164 1166 1167 1168]] [78 [1170 1171 1172 1173 1174 1175 1176 1177 1178 1179 1180 1181 1182 1184]] [79 [1186 1187 1189 1190 1191 1192 1193 1194 1195 1196 1197 1198 1199]] [80 [1200 1201 1202 1203 1204 1205 1206 1207 1208 1212 1213 1214]] [81 [1215 1217 1218 1219 1220 1221 1222 1223 1224 1225 1226 1227 1228]] [82 [1230 1231 1232 1233 1234 1235 1236 1237 1238 1239 1241 1243 1244]] [83 [1245 1247 1248 1249 1250 1251 1252 1253 1254 1255 1256 1257 1258]] [84 [1260 1261 1262 1263 1265 1266 1267 1268 1269 1270 1272 1273 1274]] [85 [1275 1276 1277 1278 1279 1280 1281 1282 1284 1285 1286 1287 1288 1289]] [86 [1290 1291 1292 1293 1295 1296 1297 1298 1299 1300 1301 1302 1304]] [87 [1305 1306 1308 1309 1310 1311 1312 1314 1315 1316 1317 1318 1319]] [88 [1320 1321 1322 1324 1325 1326 1327 1328 1329 1331 1332 1333 1334]] [89 [1335 1336 1337 1338 1339 1341 1342 1343 1344 1345 1347 1348 1349]] [90 [1350 1351 1352 1353 1354 1355 1357 1358 1359 1360 1361 1363 1364]] [91 [1365 1366 1367 1368 1369 1370 1371 1372 1373 1374 1376 1377 1378 1379]] [92 [1380 1381 1382 1383 1384 1385 1386 1387 1388 1389 1390 1391 1392 1393]] [93 [1395 1397 1398 1399 1400 1401 1403 1404 1405 1406 1407 1408 1409]] [94 [1410 1411 1412 1413 1414 1415 1416 1417 1418 1419 1420 1421 1422 1424]] [95 [1425 1426 1427 1428 1429 1430 1431 1432 1433 1435 1436 1437 1439]] [96 [1440 1441 1443 1444 1445 1447 1448 1449 1450 1451 1452 1453 1454]] [97 [1457 1458 1460 1462 1463 1464 1465 1466 1467 1468 1469]] [98 [1470 1471 1473 1474 1475 1476 1477 1478 1479 1480 1481 1483 1484]] [99 [1485 1487 1489 1490 1492 1493 1495 1497 1498]]]","[[0 [1 4 5 9 11]] [1 [16 17 18 19 22 23 24 25 26 29]] [2 [30 31 32 33 37 39 40 41 43]] [3 [46 47 49 51 52 54 58 59]] [4 [62 65 66 70 72 74]] [5 [75 78 79 80 81 84]] [6 [91 93 94 95 96 97 99 100 104]] [7 [105 106 107 111 112 114 116 117 118]] [8 [121 122 123 126 129 130 132 134]] [9 [137 140 141 142 143 144 145 146 147]] [10 [151 152 154 155 156 158 159 161 164]] [11 [165 170 173 174 178]] [12 [180 181 182 185 189 191 192 193 194]] [13 [196 197 201 204 206 207 208 209]] [14 [213 215 216 218 220 221 222 223 224]] [15 [225 227 229 231 232 236 237 238 239]] [16 [241 243 244 245 246 247 248 251 252 254]] [17 [257 265 266 267 268 269]] [18 [270 272 273 274 275 277 278 279 280]] [19 [285 286 292 294 295 296 298 299]] [20 [300 301 303 305 310 312 313 314]] [21 [315 317 319 320 321 322 323 324 325]] [22 [331 334 338 340 341 343 344]] [23 [346 347 349 350 351 353 355 356 359]] [24 [360 361 362 364 366 371 372 374]] [25 [375 376 377 379 381 383 386 387 388]] [26 [392 393 394 397 398 399 400 401]] [27 [405 407 408 412 413 415 416 417 419]] [28 [421 423 425 427 429 430 433 434]] [29 [436 438 439 443 444 445 446 447 449]] [30 [451 452 456 457 458 459 460 463]] [31 [468 469 470 471 472 473 474 475 478 479]] [32 [480 482 486 487 489 490 491 492 493]] [33 [495 496 497 498 501 503 506 507 509]] [34 [510 515 516 517 518 519 520 522]] [35 [526 527 530 535 536 537 538]] [36 [540 542 543 545 546 549 551 553 554]] [37 [556 557 558 559 566 568]] [38 [572 573 575 576 578 580 581 582 584]] [39 [585 586 587 589 591 592 594 599]] [40 [600 602 603 605 606 608 609 610 612]] [41 [615 616 617 618 621 623 624 627 628 629]] [42 [630 631 632 633 639 640 642 643 644]] [43 [645 646 647 648 651 653 655 659]] [44 [661 663 665 666 668 669 671 672 673]] [45 [676 677 678 679 680 682 683 684 686 687]] [46 [692 694 699 701 704]] [47 [705 706 707 708 709 714 715 716 717 719]] [48 [720 721 722 726 727 728 729 730 734]] [49 [735 736 742]] [50 [751 753 755 756 757 758 760 761 763 764]] [51 [767 772 773 774 777 778 779]] [52 [782 784 785 786 788 789 790 791 794]] [53 [795 796 798 799 800 804 805 808]] [54 [810 811 813 816 817 821 822 823 824]] [55 [826 830 834 835 836 838]] [56 [840 841 842 843 845 849 851 852]] [57 [855 856 857 858 859 861 862 865 866 869]] [58 [871 874 875 876 880]] [59 [885 889 893 894 896]] [60 [901 907 908 910 914]] [61 [916 920 922 925 929]] [62 [931 932 937 939 944]] [63 [948 951 953 957 958]] [64 [960 969 970 972 973 974]] [65 [975 976 977 978 985]] [66 [990 991 992 993 994 998 999 1000 1002 1003]] [67 [1005 1010 1011 1013 1014 1017]] [68 [1020 1021 1023 1024 1026 1028 1029 1031 1032 1033]] [69 [1035 1036 1038 1040 1047 1048]] [70 [1051 1052 1054 1057 1058 1060 1062 1063 1064]] [71 [1065 1070 1073 1075 1076 1077 1079]] [72 [1080 1084 1085 1086 1088 1089 1090 1091 1094]] [73 [1095 1096 1098 1099 1100 1101 1103 1107 1108 1109]] [74 [1110 1112 1113 1114 1116 1117 1120 1121 1123 1124]] [75 [1125 1127 1128 1129 1135 1136 1137 1138 1139]] [76 [1140 1141 1142 1144 1145 1146 1149 1150 1151 1152 1153]] [77 [1157 1158 1159 1160 1162 1163 1166 1168]] [78 [1171 1172 1173 1175 1176 1177 1178 1180 1181 1182 1184]] [79 [1186 1191 1192 1194 1195 1196 1199]] [80 [1200 1201 1202 1204 1205 1207 1208 1212 1214]] [81 [1215 1218 1219 1220 1221 1223 1224 1225 1227]] [82 [1233 1234 1236 1238 1239 1241 1243]] [83 [1247 1251 1252 1253 1255 1256 1258]] [84 [1260 1261 1265 1267 1268 1269 1270 1272 1273]] [85 [1275 1278 1280 1281 1282 1284 1285 1287 1288 1289]] [86 [1290 1293 1295 1296 1297 1298 1299 1300 1301 1302 1304]] [87 [1305 1308 1309 1310 1314 1315 1316 1317 1318]] [88 [1322 1326 1327 1329 1332 1333]] [89 [1336 1339 1341 1342 1343 1344 1345 1347 1349]] [90 [1351 1352 1353 1354 1355 1359 1360 1361 1364]] [91 [1365 1366 1368 1369 1370 1373 1374 1376 1377 1378 1379]] [92 [1381 1382 1383 1384 1385 1388 1390 1391]] [93 [1395 1397 1398 1399 1401]] [94 [1411 1413 1414 1416 1417 1418 1420 1421]] [95 [1425 1427 1428 1429 1430 1431 1432 1433 1435 1436 1437 1439]] [96 [1443 1444 1445 1448 1450 1451 1452 1454]] [97 [1457 1460 1462 1463 1464 1465 1466 1467 1468]] [98 [1473 1474 1475 1476 1477 1479 1481 1483 1484]] [99 [1485 1487 1489 1490 1492 1493 1495 1497 1498]]]",,"[[{media 51} [[""A"" [6 6]]]] [{media 53} [[""A"" [3 3]]]] [{media 54} [[""A"" [1 1]]]] [{media 55} [[""A"" [5 5]]]] [{media 57} [[""A"" [6 6]]]] [{media 58} [[""A"" [5 5]]]] [{media 60} [[""A"" [2 2]]]] [{media 62} [[""A"" [0 0]]]] [{media 50} [[""A"" [3 3]]]] [{citizen 6} [[""A"" [6 6]]]] [{media 52} [[""A"" [3 3]]]] [{citizen 4} [[""A"" [5 4]]]] [{citizen 5} [[""A"" [6 5]]]] [{citizen 46} [[""A"" [6 5]]]] [{citizen 41} [[""A"" [6 4]]]] [{media 61} [[""A"" [5 5]]]] [{citizen 12} [[""A"" [6 4]]]] [{citizen 1} [[""A"" [5 4]]]] [{citizen 26} [[""A"" [6 5]]]] [{citizen 0} [[""A"" [6 4]]]] [{citizen 34} [[""A"" [4 6]]]] [{citizen 9} [[""A"" [6 4]]]] [{citizen 44} [[""A"" [5 6]]]] [{citizen 2} [[""A"" [5 6]]]] [{citizen 17} [[""A"" [5 6]]]] [{citizen 30} [[""A"" [6 4]]]] [{citizen 8} [[""A"" [6 4]]]] [{citizen 36} [[""A"" [5 6]]]] [{citizen 3} [[""A"" [5 6]]]] [{citizen 29} [[""A"" [5 4]]]] [{media 63} [[""A"" [5 5]]]] [{citizen 19} [[""A"" [6 5]]]] [{citizen 48} [[""A"" [6 6]]]] [{citizen 32} [[""A"" [6 6]]]] [{citizen 31} [[""A"" [6 5]]]] [{citizen 15} [[""A"" [6 5]]]] [{citizen 13} [[""A"" [4 6]]]] [{media 56} [[""A"" [4 4]]]] [{citizen 33} [[""A"" [6 5]]]] [{citizen 39} [[""A"" [6 6]]]] [{citizen 25} [[""A"" [5 6]]]] [{citizen 40} [[""A"" [6 4]]]] [{citizen 16} [[""A"" [5 4]]]] [{media 64} [[""A"" [6 6]]]] [{citizen 14} [[""A"" [5 4]]]] [{citizen 20} [[""A"" [5 6]]]] [{media 59} [[""A"" [5 5]]]] [{citizen 28} [[""A"" [5 4]]]] [{citizen 37} [[""A"" [6 5]]]] [{citizen 35} [[""A"" [6 4]]]] [{citizen 42} [[""A"" [6 6]]]] [{citizen 18} [[""A"" [5 4]]]] [{citizen 45} [[""A"" [6 6]]]] [{citizen 47} [[""A"" [5 4]]]] [{citizen 27} [[""A"" [6 5]]]] [{citizen 11} [[""A"" [5 4]]]] [{citizen 23} [[""A"" [6 4]]]] [{citizen 43} [[""A"" [5 6]]]] [{citizen 38} [[""A"" [5 4]]]] [{citizen 10} [[""A"" [5 6]]]] [{citizen 21} [[""A"" [6 6]]]] [{citizen 7} [[""A"" [5 6]]]] [{citizen 22} [[""A"" [6 5]]]] [{citizen 24} [[""A"" [5 6]]]]]"
"50","[128 0 127]","268","-11.461685994181655","5.101552062387437","""box""","""""","9.9","{breed medias}","false","1","1","""up""","0","[[""ID"" 59] [""alpha"" 1] [""beta"" 1] [""malleable"" [""A""]] [""prior"" []] [""cont_tokens"" []] [""A"" 3]]","[]","[]","[[5 [[""A"" 3]]] [16 [[""A"" 3]]] [42 [[""A"" 3]]] [48 [[""A"" 3]]] [66 [[""A"" 3]]] [81 [[""A"" 3]]] [103 [[""A"" 3]]] [113 [[""A"" 3]]] [120 [[""A"" 3]]] [149 [[""A"" 3]]] [157 [[""A"" 3]]] [178 [[""A"" 3]]] [180 [[""A"" 3]]] [203 [[""A"" 3]]] [211 [[""A"" 3]]] [235 [[""A"" 3]]] [241 [[""A"" 3]]] [257 [[""A"" 3]]] [276 [[""A"" 3]]] [287 [[""A"" 3]]] [307 [[""A"" 3]]] [327 [[""A"" 3]]] [333 [[""A"" 3]]] [345 [[""A"" 3]]] [363 [[""A"" 3]]] [384 [[""A"" 3]]] [391 [[""A"" 3]]] [411 [[""A"" 3]]] [431 [[""A"" 3]]] [442 [[""A"" 3]]] [463 [[""A"" 3]]] [471 [[""A"" 3]]] [494 [[""A"" 3]]] [508 [[""A"" 3]]] [522 [[""A"" 3]]] [527 [[""A"" 3]]] [554 [[""A"" 3]]] [559 [[""A"" 3]]] [579 [[""A"" 3]]] [598 [[""A"" 3]]] [607 [[""A"" 3]]] [622 [[""A"" 3]]] [635 [[""A"" 3]]] [646 [[""A"" 3]]] [661 [[""A"" 3]]] [687 [[""A"" 3]]] [694 [[""A"" 3]]] [712 [[""A"" 3]]] [721 [[""A"" 3]]] [747 [[""A"" 3]]] [755 [[""A"" 3]]] [767 [[""A"" 3]]] [782 [[""A"" 3]]] [801 [[""A"" 3]]] [817 [[""A"" 3]]] [835 [[""A"" 3]]] [853 [[""A"" 3]]] [869 [[""A"" 3]]] [871 [[""A"" 3]]] [893 [[""A"" 3]]] [910 [[""A"" 3]]] [925 [[""A"" 3]]] [944 [[""A"" 3]]] [953 [[""A"" 3]]] [973 [[""A"" 3]]] [977 [[""A"" 3]]] [994 [[""A"" 3]]] [1012 [[""A"" 3]]] [1026 [[""A"" 3]]] [1040 [[""A"" 3]]] [1055 [[""A"" 3]]] [1065 [[""A"" 3]]] [1093 [[""A"" 3]]] [1108 [[""A"" 3]]] [1118 [[""A"" 3]]] [1127 [[""A"" 3]]] [1153 [[""A"" 3]]] [1164 [[""A"" 3]]] [1178 [[""A"" 3]]] [1187 [[""A"" 3]]] [1203 [[""A"" 3]]] [1227 [[""A"" 3]]] [1236 [[""A"" 3]]] [1257 [[""A"" 3]]] [1265 [[""A"" 3]]] [1279 [[""A"" 3]]] [1301 [[""A"" 3]]] [1318 [[""A"" 3]]] [1334 [[""A"" 3]]] [1338 [[""A"" 3]]] [1361 [[""A"" 3]]] [1365 [[""A"" 3]]] [1388 [[""A"" 3]]] [1398 [[""A"" 3]]] [1411 [[""A"" 3]]] [1429 [[""A"" 3]]] [1449 [[""A"" 3]]] [1469 [[""A"" 3]]] [1478 [[""A"" 3]]] [1491 [[""A"" 3]]]]",
"51","[0 0 255]","204","-10.452191730143813","-11.528970135901327","""box""","""""","9.9","{breed medias}","false","1","1","""up""","0","[[""ID"" 55] [""alpha"" 1] [""beta"" 1] [""malleable"" [""A""]] [""prior"" []] [""cont_tokens"" []] [""A"" 6]]","[]","[]","[[14 [[""A"" 6]]] [26 [[""A"" 6]]] [43 [[""A"" 6]]] [58 [[""A"" 6]]] [63 [[""A"" 6]]] [78 [[""A"" 6]]] [98 [[""A"" 6]]] [114 [[""A"" 6]]] [130 [[""A"" 6]]] [144 [[""A"" 6]]] [151 [[""A"" 6]]] [166 [[""A"" 6]]] [188 [[""A"" 6]]] [201 [[""A"" 6]]] [215 [[""A"" 6]]] [238 [[""A"" 6]]] [251 [[""A"" 6]]] [266 [[""A"" 6]]] [278 [[""A"" 6]]] [298 [[""A"" 6]]] [312 [[""A"" 6]]] [320 [[""A"" 6]]] [332 [[""A"" 6]]] [346 [[""A"" 6]]] [362 [[""A"" 6]]] [379 [[""A"" 6]]] [400 [[""A"" 6]]] [412 [[""A"" 6]]] [429 [[""A"" 6]]] [446 [[""A"" 6]]] [458 [[""A"" 6]]] [467 [[""A"" 6]]] [480 [[""A"" 6]]] [506 [[""A"" 6]]] [510 [[""A"" 6]]] [533 [[""A"" 6]]] [548 [[""A"" 6]]] [560 [[""A"" 6]]] [578 [[""A"" 6]]] [592 [[""A"" 6]]] [605 [[""A"" 6]]] [621 [[""A"" 6]]] [642 [[""A"" 6]]] [658 [[""A"" 6]]] [673 [[""A"" 6]]] [689 [[""A"" 6]]] [696 [[""A"" 6]]] [709 [[""A"" 6]]] [727 [[""A"" 6]]] [744 [[""A"" 6]]] [761 [[""A"" 6]]] [773 [[""A"" 6]]] [783 [[""A"" 6]]] [798 [[""A"" 6]]] [820 [[""A"" 6]]] [831 [[""A"" 6]]] [852 [[""A"" 6]]] [862 [[""A"" 6]]] [877 [[""A"" 6]]] [890 [[""A"" 6]]] [900 [[""A"" 6]]] [927 [[""A"" 6]]] [933 [[""A"" 6]]] [945 [[""A"" 6]]] [962 [[""A"" 6]]] [983 [[""A"" 6]]] [1004 [[""A"" 6]]] [1019 [[""A"" 6]]] [1029 [[""A"" 6]]] [1037 [[""A"" 6]]] [1063 [[""A"" 6]]] [1073 [[""A"" 6]]] [1080 [[""A"" 6]]] [1096 [[""A"" 6]]] [1117 [[""A"" 6]]] [1139 [[""A"" 6]]] [1144 [[""A"" 6]]] [1163 [[""A"" 6]]] [1175 [[""A"" 6]]] [1186 [[""A"" 6]]] [1202 [[""A"" 6]]] [1222 [[""A"" 6]]] [1231 [[""A"" 6]]] [1255 [[""A"" 6]]] [1262 [[""A"" 6]]] [1280 [[""A"" 6]]] [1298 [[""A"" 6]]] [1314 [[""A"" 6]]] [1321 [[""A"" 6]]] [1336 [[""A"" 6]]] [1357 [[""A"" 6]]] [1368 [[""A"" 6]]] [1384 [[""A"" 6]]] [1400 [[""A"" 6]]] [1410 [[""A"" 6]]] [1435 [[""A"" 6]]] [1445 [[""A"" 6]]] [1461 [[""A"" 6]]] [1477 [[""A"" 6]]] [1492 [[""A"" 6]]]]",
"52","[128 0 127]","148","13.606063998166128","-8.447498116392788","""box""","""""","9.9","{breed medias}","false","1","1","""up""","0","[[""ID"" 64] [""alpha"" 1] [""beta"" 1] [""malleable"" [""A""]] [""prior"" []] [""cont_tokens"" []] [""A"" 3]]","[]","[]","[[9 [[""A"" 3]]] [27 [[""A"" 3]]] [39 [[""A"" 3]]] [50 [[""A"" 3]]] [61 [[""A"" 3]]] [76 [[""A"" 3]]] [91 [[""A"" 3]]] [110 [[""A"" 3]]] [125 [[""A"" 3]]] [148 [[""A"" 3]]] [160 [[""A"" 3]]] [165 [[""A"" 3]]] [182 [[""A"" 3]]] [195 [[""A"" 3]]] [212 [[""A"" 3]]] [230 [[""A"" 3]]] [250 [[""A"" 3]]] [255 [[""A"" 3]]] [282 [[""A"" 3]]] [291 [[""A"" 3]]] [308 [[""A"" 3]]] [326 [[""A"" 3]]] [342 [[""A"" 3]]] [352 [[""A"" 3]]] [370 [[""A"" 3]]] [382 [[""A"" 3]]] [403 [[""A"" 3]]] [418 [[""A"" 3]]] [432 [[""A"" 3]]] [441 [[""A"" 3]]] [454 [[""A"" 3]]] [476 [[""A"" 3]]] [481 [[""A"" 3]]] [500 [[""A"" 3]]] [511 [[""A"" 3]]] [526 [[""A"" 3]]] [552 [[""A"" 3]]] [566 [[""A"" 3]]] [577 [[""A"" 3]]] [595 [[""A"" 3]]] [602 [[""A"" 3]]] [623 [[""A"" 3]]] [634 [[""A"" 3]]] [656 [[""A"" 3]]] [665 [[""A"" 3]]] [683 [[""A"" 3]]] [700 [[""A"" 3]]] [711 [[""A"" 3]]] [725 [[""A"" 3]]] [739 [[""A"" 3]]] [759 [[""A"" 3]]] [765 [[""A"" 3]]] [789 [[""A"" 3]]] [807 [[""A"" 3]]] [816 [[""A"" 3]]] [830 [[""A"" 3]]] [850 [[""A"" 3]]] [864 [[""A"" 3]]] [880 [[""A"" 3]]] [896 [[""A"" 3]]] [914 [[""A"" 3]]] [916 [[""A"" 3]]] [932 [[""A"" 3]]] [951 [[""A"" 3]]] [974 [[""A"" 3]]] [975 [[""A"" 3]]] [999 [[""A"" 3]]] [1018 [[""A"" 3]]] [1030 [[""A"" 3]]] [1035 [[""A"" 3]]] [1061 [[""A"" 3]]] [1074 [[""A"" 3]]] [1085 [[""A"" 3]]] [1103 [[""A"" 3]]] [1114 [[""A"" 3]]] [1135 [[""A"" 3]]] [1151 [[""A"" 3]]] [1157 [[""A"" 3]]] [1181 [[""A"" 3]]] [1197 [[""A"" 3]]] [1213 [[""A"" 3]]] [1224 [[""A"" 3]]] [1241 [[""A"" 3]]] [1247 [[""A"" 3]]] [1261 [[""A"" 3]]] [1289 [[""A"" 3]]] [1293 [[""A"" 3]]] [1311 [[""A"" 3]]] [1328 [[""A"" 3]]] [1348 [[""A"" 3]]] [1355 [[""A"" 3]]] [1366 [[""A"" 3]]] [1381 [[""A"" 3]]] [1399 [[""A"" 3]]] [1422 [[""A"" 3]]] [1428 [[""A"" 3]]] [1443 [[""A"" 3]]] [1460 [[""A"" 3]]] [1480 [[""A"" 3]]] [1499 [[""A"" 3]]]]",
"53","[128 0 127]","93","-13.573258796679736","11.397395574449789","""box""","""""","9.9","{breed medias}","false","1","1","""up""","0","[[""ID"" 63] [""alpha"" 1] [""beta"" 1] [""malleable"" [""A""]] [""prior"" []] [""cont_tokens"" []] [""A"" 3]]","[]","[]","[[11 [[""A"" 3]]] [21 [[""A"" 3]]] [35 [[""A"" 3]]] [57 [[""A"" 3]]] [71 [[""A"" 3]]] [77 [[""A"" 3]]] [96 [[""A"" 3]]] [109 [[""A"" 3]]] [128 [[""A"" 3]]] [138 [[""A"" 3]]] [153 [[""A"" 3]]] [174 [[""A"" 3]]] [189 [[""A"" 3]]] [199 [[""A"" 3]]] [210 [[""A"" 3]]] [233 [[""A"" 3]]] [249 [[""A"" 3]]] [256 [[""A"" 3]]] [281 [[""A"" 3]]] [290 [[""A"" 3]]] [309 [[""A"" 3]]] [318 [[""A"" 3]]] [339 [[""A"" 3]]] [348 [[""A"" 3]]] [373 [[""A"" 3]]] [378 [[""A"" 3]]] [402 [[""A"" 3]]] [409 [[""A"" 3]]] [426 [[""A"" 3]]] [448 [[""A"" 3]]] [456 [[""A"" 3]]] [470 [[""A"" 3]]] [484 [[""A"" 3]]] [505 [[""A"" 3]]] [513 [[""A"" 3]]] [535 [[""A"" 3]]] [547 [[""A"" 3]]] [556 [[""A"" 3]]] [571 [[""A"" 3]]] [589 [[""A"" 3]]] [600 [[""A"" 3]]] [624 [[""A"" 3]]] [637 [[""A"" 3]]] [645 [[""A"" 3]]] [666 [[""A"" 3]]] [680 [[""A"" 3]]] [702 [[""A"" 3]]] [719 [[""A"" 3]]] [730 [[""A"" 3]]] [735 [[""A"" 3]]] [756 [[""A"" 3]]] [779 [[""A"" 3]]] [792 [[""A"" 3]]] [803 [[""A"" 3]]] [813 [[""A"" 3]]] [826 [[""A"" 3]]] [846 [[""A"" 3]]] [860 [[""A"" 3]]] [875 [[""A"" 3]]] [889 [[""A"" 3]]] [901 [[""A"" 3]]] [922 [[""A"" 3]]] [939 [[""A"" 3]]] [957 [[""A"" 3]]] [960 [[""A"" 3]]] [976 [[""A"" 3]]] [1002 [[""A"" 3]]] [1015 [[""A"" 3]]] [1024 [[""A"" 3]]] [1049 [[""A"" 3]]] [1050 [[""A"" 3]]] [1078 [[""A"" 3]]] [1083 [[""A"" 3]]] [1109 [[""A"" 3]]] [1113 [[""A"" 3]]] [1128 [[""A"" 3]]] [1149 [[""A"" 3]]] [1161 [[""A"" 3]]] [1180 [[""A"" 3]]] [1190 [[""A"" 3]]] [1206 [[""A"" 3]]] [1225 [[""A"" 3]]] [1233 [[""A"" 3]]] [1252 [[""A"" 3]]] [1274 [[""A"" 3]]] [1286 [[""A"" 3]]] [1300 [[""A"" 3]]] [1312 [[""A"" 3]]] [1322 [[""A"" 3]]] [1337 [[""A"" 3]]] [1359 [[""A"" 3]]] [1379 [[""A"" 3]]] [1391 [[""A"" 3]]] [1397 [[""A"" 3]]] [1424 [[""A"" 3]]] [1439 [[""A"" 3]]] [1452 [[""A"" 3]]] [1457 [[""A"" 3]]] [1470 [[""A"" 3]]] [1494 [[""A"" 3]]]]",
"54","[213 0 42]","62","15.21570599009295","5.861566737886783","""box""","""""","9.9","{breed medias}","false","1","1","""up""","0","[[""ID"" 50] [""alpha"" 1] [""beta"" 1] [""malleable"" [""A""]] [""prior"" []] [""cont_tokens"" []] [""A"" 1]]","[]","[]","[[7 [[""A"" 1]]] [20 [[""A"" 1]]] [34 [[""A"" 1]]] [45 [[""A"" 1]]] [60 [[""A"" 1]]] [89 [[""A"" 1]]] [101 [[""A"" 1]]] [119 [[""A"" 1]]] [133 [[""A"" 1]]] [135 [[""A"" 1]]] [162 [[""A"" 1]]] [175 [[""A"" 1]]] [186 [[""A"" 1]]] [200 [[""A"" 1]]] [219 [[""A"" 1]]] [228 [[""A"" 1]]] [240 [[""A"" 1]]] [258 [[""A"" 1]]] [284 [[""A"" 1]]] [297 [[""A"" 1]]] [304 [[""A"" 1]]] [328 [[""A"" 1]]] [337 [[""A"" 1]]] [357 [[""A"" 1]]] [367 [[""A"" 1]]] [380 [[""A"" 1]]] [395 [[""A"" 1]]] [414 [[""A"" 1]]] [422 [[""A"" 1]]] [437 [[""A"" 1]]] [461 [[""A"" 1]]] [465 [[""A"" 1]]] [488 [[""A"" 1]]] [502 [[""A"" 1]]] [512 [[""A"" 1]]] [532 [[""A"" 1]]] [550 [[""A"" 1]]] [561 [[""A"" 1]]] [570 [[""A"" 1]]] [597 [[""A"" 1]]] [604 [[""A"" 1]]] [620 [[""A"" 1]]] [638 [[""A"" 1]]] [654 [[""A"" 1]]] [670 [[""A"" 1]]] [681 [[""A"" 1]]] [690 [[""A"" 1]]] [710 [[""A"" 1]]] [723 [[""A"" 1]]] [736 [[""A"" 1]]] [754 [[""A"" 1]]] [766 [[""A"" 1]]] [780 [[""A"" 1]]] [809 [[""A"" 1]]] [812 [[""A"" 1]]] [832 [[""A"" 1]]] [844 [[""A"" 1]]] [868 [[""A"" 1]]] [873 [[""A"" 1]]] [898 [[""A"" 1]]] [902 [[""A"" 1]]] [917 [[""A"" 1]]] [931 [[""A"" 1]]] [947 [[""A"" 1]]] [961 [[""A"" 1]]] [987 [[""A"" 1]]] [1000 [[""A"" 1]]] [1016 [[""A"" 1]]] [1034 [[""A"" 1]]] [1044 [[""A"" 1]]] [1059 [[""A"" 1]]] [1068 [[""A"" 1]]] [1087 [[""A"" 1]]] [1102 [[""A"" 1]]] [1122 [[""A"" 1]]] [1126 [[""A"" 1]]] [1148 [[""A"" 1]]] [1169 [[""A"" 1]]] [1170 [[""A"" 1]]] [1185 [[""A"" 1]]] [1210 [[""A"" 1]]] [1216 [[""A"" 1]]] [1242 [[""A"" 1]]] [1259 [[""A"" 1]]] [1271 [[""A"" 1]]] [1276 [[""A"" 1]]] [1294 [[""A"" 1]]] [1307 [[""A"" 1]]] [1330 [[""A"" 1]]] [1346 [[""A"" 1]]] [1362 [[""A"" 1]]] [1372 [[""A"" 1]]] [1394 [[""A"" 1]]] [1402 [[""A"" 1]]] [1419 [[""A"" 1]]] [1434 [[""A"" 1]]] [1442 [[""A"" 1]]] [1459 [[""A"" 1]]] [1482 [[""A"" 1]]] [1496 [[""A"" 1]]]]",
"55","[43 0 212]","149","-6.417387742557247","5.245800609416445","""box""","""""","9.9","{breed medias}","false","1","1","""up""","0","[[""ID"" 53] [""alpha"" 1] [""beta"" 1] [""malleable"" [""A""]] [""prior"" []] [""cont_tokens"" []] [""A"" 5]]","[]","[]","[[8 [[""A"" 5]]] [19 [[""A"" 5]]] [30 [[""A"" 5]]] [59 [[""A"" 5]]] [67 [[""A"" 5]]] [88 [[""A"" 5]]] [99 [[""A"" 5]]] [117 [[""A"" 5]]] [122 [[""A"" 5]]] [141 [[""A"" 5]]] [152 [[""A"" 5]]] [177 [[""A"" 5]]] [194 [[""A"" 5]]] [197 [[""A"" 5]]] [221 [[""A"" 5]]] [227 [[""A"" 5]]] [246 [[""A"" 5]]] [261 [[""A"" 5]]] [272 [[""A"" 5]]] [294 [[""A"" 5]]] [301 [[""A"" 5]]] [325 [[""A"" 5]]] [344 [[""A"" 5]]] [347 [[""A"" 5]]] [364 [[""A"" 5]]] [383 [[""A"" 5]]] [397 [[""A"" 5]]] [416 [[""A"" 5]]] [433 [[""A"" 5]]] [443 [[""A"" 5]]] [459 [[""A"" 5]]] [478 [[""A"" 5]]] [489 [[""A"" 5]]] [495 [[""A"" 5]]] [518 [[""A"" 5]]] [531 [[""A"" 5]]] [543 [[""A"" 5]]] [557 [[""A"" 5]]] [572 [[""A"" 5]]] [585 [[""A"" 5]]] [601 [[""A"" 5]]] [615 [[""A"" 5]]] [631 [[""A"" 5]]] [659 [[""A"" 5]]] [664 [[""A"" 5]]] [679 [[""A"" 5]]] [701 [[""A"" 5]]] [706 [[""A"" 5]]] [731 [[""A"" 5]]] [748 [[""A"" 5]]] [757 [[""A"" 5]]] [774 [[""A"" 5]]] [785 [[""A"" 5]]] [808 [[""A"" 5]]] [811 [[""A"" 5]]] [828 [[""A"" 5]]] [841 [[""A"" 5]]] [857 [[""A"" 5]]] [882 [[""A"" 5]]] [899 [[""A"" 5]]] [912 [[""A"" 5]]] [926 [[""A"" 5]]] [935 [[""A"" 5]]] [952 [[""A"" 5]]] [964 [[""A"" 5]]] [981 [[""A"" 5]]] [993 [[""A"" 5]]] [1013 [[""A"" 5]]] [1023 [[""A"" 5]]] [1043 [[""A"" 5]]] [1054 [[""A"" 5]]] [1077 [[""A"" 5]]] [1086 [[""A"" 5]]] [1099 [[""A"" 5]]] [1110 [[""A"" 5]]] [1133 [[""A"" 5]]] [1150 [[""A"" 5]]] [1159 [[""A"" 5]]] [1173 [[""A"" 5]]] [1189 [[""A"" 5]]] [1204 [[""A"" 5]]] [1220 [[""A"" 5]]] [1232 [[""A"" 5]]] [1250 [[""A"" 5]]] [1270 [[""A"" 5]]] [1281 [[""A"" 5]]] [1304 [[""A"" 5]]] [1317 [[""A"" 5]]] [1325 [[""A"" 5]]] [1349 [[""A"" 5]]] [1352 [[""A"" 5]]] [1373 [[""A"" 5]]] [1385 [[""A"" 5]]] [1406 [[""A"" 5]]] [1414 [[""A"" 5]]] [1433 [[""A"" 5]]] [1450 [[""A"" 5]]] [1458 [[""A"" 5]]] [1476 [[""A"" 5]]] [1485 [[""A"" 5]]]]",
"56","[85 0 170]","93","5.3290662604446375","-6.561942482336175","""box""","""""","9.9","{breed medias}","false","1","1","""up""","0","[[""ID"" 56] [""alpha"" 1] [""beta"" 1] [""malleable"" [""A""]] [""prior"" []] [""cont_tokens"" []] [""A"" 4]]","[]","[]","[[3 [[""A"" 4]]] [22 [[""A"" 4]]] [36 [[""A"" 4]]] [53 [[""A"" 4]]] [62 [[""A"" 4]]] [80 [[""A"" 4]]] [97 [[""A"" 4]]] [105 [[""A"" 4]]] [131 [[""A"" 4]]] [145 [[""A"" 4]]] [164 [[""A"" 4]]] [170 [[""A"" 4]]] [193 [[""A"" 4]]] [208 [[""A"" 4]]] [222 [[""A"" 4]]] [239 [[""A"" 4]]] [243 [[""A"" 4]]] [267 [[""A"" 4]]] [277 [[""A"" 4]]] [289 [[""A"" 4]]] [302 [[""A"" 4]]] [324 [[""A"" 4]]] [336 [[""A"" 4]]] [350 [[""A"" 4]]] [368 [[""A"" 4]]] [376 [[""A"" 4]]] [390 [[""A"" 4]]] [405 [[""A"" 4]]] [428 [[""A"" 4]]] [449 [[""A"" 4]]] [460 [[""A"" 4]]] [473 [[""A"" 4]]] [491 [[""A"" 4]]] [507 [[""A"" 4]]] [519 [[""A"" 4]]] [539 [[""A"" 4]]] [553 [[""A"" 4]]] [558 [[""A"" 4]]] [582 [[""A"" 4]]] [593 [[""A"" 4]]] [613 [[""A"" 4]]] [628 [[""A"" 4]]] [644 [[""A"" 4]]] [651 [[""A"" 4]]] [674 [[""A"" 4]]] [682 [[""A"" 4]]] [692 [[""A"" 4]]] [716 [[""A"" 4]]] [734 [[""A"" 4]]] [741 [[""A"" 4]]] [753 [[""A"" 4]]] [778 [[""A"" 4]]] [790 [[""A"" 4]]] [797 [[""A"" 4]]] [823 [[""A"" 4]]] [839 [[""A"" 4]]] [847 [[""A"" 4]]] [866 [[""A"" 4]]] [874 [[""A"" 4]]] [885 [[""A"" 4]]] [907 [[""A"" 4]]] [920 [[""A"" 4]]] [943 [[""A"" 4]]] [958 [[""A"" 4]]] [972 [[""A"" 4]]] [985 [[""A"" 4]]] [1003 [[""A"" 4]]] [1010 [[""A"" 4]]] [1033 [[""A"" 4]]] [1036 [[""A"" 4]]] [1052 [[""A"" 4]]] [1076 [[""A"" 4]]] [1082 [[""A"" 4]]] [1107 [[""A"" 4]]] [1112 [[""A"" 4]]] [1136 [[""A"" 4]]] [1147 [[""A"" 4]]] [1162 [[""A"" 4]]] [1171 [[""A"" 4]]] [1192 [[""A"" 4]]] [1201 [[""A"" 4]]] [1221 [[""A"" 4]]] [1243 [[""A"" 4]]] [1251 [[""A"" 4]]] [1268 [[""A"" 4]]] [1288 [[""A"" 4]]] [1295 [[""A"" 4]]] [1316 [[""A"" 4]]] [1326 [[""A"" 4]]] [1344 [[""A"" 4]]] [1354 [[""A"" 4]]] [1377 [[""A"" 4]]] [1386 [[""A"" 4]]] [1408 [[""A"" 4]]] [1420 [[""A"" 4]]] [1427 [[""A"" 4]]] [1454 [[""A"" 4]]] [1462 [[""A"" 4]]] [1481 [[""A"" 4]]] [1497 [[""A"" 4]]]]",
"57","[0 0 255]","124","8.294755203210006","6.250874488121077","""box""","""""","9.9","{breed medias}","false","1","1","""up""","0","[[""ID"" 57] [""alpha"" 1] [""beta"" 1] [""malleable"" [""A""]] [""prior"" []] [""cont_tokens"" []] [""A"" 6]]","[]","[]","[[1 [[""A"" 6]]] [29 [[""A"" 6]]] [31 [[""A"" 6]]] [54 [[""A"" 6]]] [72 [[""A"" 6]]] [75 [[""A"" 6]]] [94 [[""A"" 6]]] [112 [[""A"" 6]]] [134 [[""A"" 6]]] [137 [[""A"" 6]]] [154 [[""A"" 6]]] [172 [[""A"" 6]]] [187 [[""A"" 6]]] [196 [[""A"" 6]]] [220 [[""A"" 6]]] [225 [[""A"" 6]]] [247 [[""A"" 6]]] [260 [[""A"" 6]]] [270 [[""A"" 6]]] [286 [[""A"" 6]]] [303 [[""A"" 6]]] [319 [[""A"" 6]]] [341 [[""A"" 6]]] [355 [[""A"" 6]]] [361 [[""A"" 6]]] [388 [[""A"" 6]]] [392 [[""A"" 6]]] [407 [[""A"" 6]]] [423 [[""A"" 6]]] [445 [[""A"" 6]]] [455 [[""A"" 6]]] [479 [[""A"" 6]]] [487 [[""A"" 6]]] [503 [[""A"" 6]]] [524 [[""A"" 6]]] [529 [[""A"" 6]]] [549 [[""A"" 6]]] [555 [[""A"" 6]]] [573 [[""A"" 6]]] [590 [[""A"" 6]]] [612 [[""A"" 6]]] [616 [[""A"" 6]]] [633 [[""A"" 6]]] [649 [[""A"" 6]]] [671 [[""A"" 6]]] [676 [[""A"" 6]]] [697 [[""A"" 6]]] [705 [[""A"" 6]]] [726 [[""A"" 6]]] [737 [[""A"" 6]]] [750 [[""A"" 6]]] [777 [[""A"" 6]]] [781 [[""A"" 6]]] [800 [[""A"" 6]]] [819 [[""A"" 6]]] [838 [[""A"" 6]]] [845 [[""A"" 6]]] [858 [[""A"" 6]]] [884 [[""A"" 6]]] [888 [[""A"" 6]]] [909 [[""A"" 6]]] [921 [[""A"" 6]]] [941 [[""A"" 6]]] [956 [[""A"" 6]]] [971 [[""A"" 6]]] [988 [[""A"" 6]]] [995 [[""A"" 6]]] [1008 [[""A"" 6]]] [1021 [[""A"" 6]]] [1039 [[""A"" 6]]] [1062 [[""A"" 6]]] [1069 [[""A"" 6]]] [1094 [[""A"" 6]]] [1105 [[""A"" 6]]] [1123 [[""A"" 6]]] [1138 [[""A"" 6]]] [1154 [[""A"" 6]]] [1166 [[""A"" 6]]] [1172 [[""A"" 6]]] [1195 [[""A"" 6]]] [1205 [[""A"" 6]]] [1218 [[""A"" 6]]] [1244 [[""A"" 6]]] [1249 [[""A"" 6]]] [1266 [[""A"" 6]]] [1275 [[""A"" 6]]] [1297 [[""A"" 6]]] [1315 [[""A"" 6]]] [1333 [[""A"" 6]]] [1341 [[""A"" 6]]] [1363 [[""A"" 6]]] [1374 [[""A"" 6]]] [1383 [[""A"" 6]]] [1409 [[""A"" 6]]] [1421 [[""A"" 6]]] [1437 [[""A"" 6]]] [1448 [[""A"" 6]]] [1466 [[""A"" 6]]] [1479 [[""A"" 6]]] [1487 [[""A"" 6]]]]",
"58","[43 0 212]","259","-11.207160986762753","8.987344453738977","""box""","""""","9.9","{breed medias}","false","1","1","""up""","0","[[""ID"" 51] [""alpha"" 1] [""beta"" 1] [""malleable"" [""A""]] [""prior"" []] [""cont_tokens"" []] [""A"" 5]]","[]","[]","[[4 [[""A"" 5]]] [25 [[""A"" 5]]] [41 [[""A"" 5]]] [51 [[""A"" 5]]] [69 [[""A"" 5]]] [86 [[""A"" 5]]] [104 [[""A"" 5]]] [111 [[""A"" 5]]] [129 [[""A"" 5]]] [142 [[""A"" 5]]] [158 [[""A"" 5]]] [176 [[""A"" 5]]] [192 [[""A"" 5]]] [207 [[""A"" 5]]] [216 [[""A"" 5]]] [232 [[""A"" 5]]] [254 [[""A"" 5]]] [268 [[""A"" 5]]] [273 [[""A"" 5]]] [296 [[""A"" 5]]] [314 [[""A"" 5]]] [315 [[""A"" 5]]] [340 [[""A"" 5]]] [353 [[""A"" 5]]] [360 [[""A"" 5]]] [381 [[""A"" 5]]] [394 [[""A"" 5]]] [415 [[""A"" 5]]] [430 [[""A"" 5]]] [447 [[""A"" 5]]] [464 [[""A"" 5]]] [468 [[""A"" 5]]] [482 [[""A"" 5]]] [509 [[""A"" 5]]] [520 [[""A"" 5]]] [528 [[""A"" 5]]] [546 [[""A"" 5]]] [565 [[""A"" 5]]] [576 [[""A"" 5]]] [591 [[""A"" 5]]] [610 [[""A"" 5]]] [625 [[""A"" 5]]] [640 [[""A"" 5]]] [655 [[""A"" 5]]] [668 [[""A"" 5]]] [678 [[""A"" 5]]] [691 [[""A"" 5]]] [708 [[""A"" 5]]] [733 [[""A"" 5]]] [740 [[""A"" 5]]] [752 [[""A"" 5]]] [770 [[""A"" 5]]] [784 [[""A"" 5]]] [795 [[""A"" 5]]] [818 [[""A"" 5]]] [833 [[""A"" 5]]] [843 [[""A"" 5]]] [855 [[""A"" 5]]] [872 [[""A"" 5]]] [892 [[""A"" 5]]] [906 [[""A"" 5]]] [923 [[""A"" 5]]] [930 [[""A"" 5]]] [950 [[""A"" 5]]] [969 [[""A"" 5]]] [989 [[""A"" 5]]] [997 [[""A"" 5]]] [1014 [[""A"" 5]]] [1025 [[""A"" 5]]] [1038 [[""A"" 5]]] [1051 [[""A"" 5]]] [1079 [[""A"" 5]]] [1089 [[""A"" 5]]] [1101 [[""A"" 5]]] [1115 [[""A"" 5]]] [1132 [[""A"" 5]]] [1145 [[""A"" 5]]] [1160 [[""A"" 5]]] [1177 [[""A"" 5]]] [1196 [[""A"" 5]]] [1200 [[""A"" 5]]] [1215 [[""A"" 5]]] [1234 [[""A"" 5]]] [1256 [[""A"" 5]]] [1269 [[""A"" 5]]] [1285 [[""A"" 5]]] [1299 [[""A"" 5]]] [1310 [[""A"" 5]]] [1324 [[""A"" 5]]] [1347 [[""A"" 5]]] [1351 [[""A"" 5]]] [1376 [[""A"" 5]]] [1382 [[""A"" 5]]] [1404 [[""A"" 5]]] [1417 [[""A"" 5]]] [1430 [[""A"" 5]]] [1451 [[""A"" 5]]] [1464 [[""A"" 5]]] [1474 [[""A"" 5]]] [1489 [[""A"" 5]]]]",
"59","[43 0 212]","352","2.383575269204279","-6.772208085693816","""box""","""""","9.9","{breed medias}","false","1","1","""up""","0","[[""ID"" 54] [""alpha"" 1] [""beta"" 1] [""malleable"" [""A""]] [""prior"" []] [""cont_tokens"" []] [""A"" 5]]","[]","[]","[[0 [[""A"" 5]]] [24 [[""A"" 5]]] [37 [[""A"" 5]]] [49 [[""A"" 5]]] [74 [[""A"" 5]]] [83 [[""A"" 5]]] [93 [[""A"" 5]]] [116 [[""A"" 5]]] [132 [[""A"" 5]]] [140 [[""A"" 5]]] [159 [[""A"" 5]]] [167 [[""A"" 5]]] [191 [[""A"" 5]]] [204 [[""A"" 5]]] [218 [[""A"" 5]]] [237 [[""A"" 5]]] [252 [[""A"" 5]]] [269 [[""A"" 5]]] [279 [[""A"" 5]]] [285 [[""A"" 5]]] [310 [[""A"" 5]]] [323 [[""A"" 5]]] [338 [[""A"" 5]]] [356 [[""A"" 5]]] [371 [[""A"" 5]]] [387 [[""A"" 5]]] [393 [[""A"" 5]]] [417 [[""A"" 5]]] [434 [[""A"" 5]]] [444 [[""A"" 5]]] [451 [[""A"" 5]]] [469 [[""A"" 5]]] [490 [[""A"" 5]]] [496 [[""A"" 5]]] [523 [[""A"" 5]]] [537 [[""A"" 5]]] [551 [[""A"" 5]]] [568 [[""A"" 5]]] [580 [[""A"" 5]]] [587 [[""A"" 5]]] [609 [[""A"" 5]]] [627 [[""A"" 5]]] [643 [[""A"" 5]]] [648 [[""A"" 5]]] [672 [[""A"" 5]]] [677 [[""A"" 5]]] [698 [[""A"" 5]]] [715 [[""A"" 5]]] [728 [[""A"" 5]]] [738 [[""A"" 5]]] [760 [[""A"" 5]]] [769 [[""A"" 5]]] [788 [[""A"" 5]]] [804 [[""A"" 5]]] [822 [[""A"" 5]]] [829 [[""A"" 5]]] [840 [[""A"" 5]]] [859 [[""A"" 5]]] [883 [[""A"" 5]]] [886 [[""A"" 5]]] [911 [[""A"" 5]]] [928 [[""A"" 5]]] [938 [[""A"" 5]]] [955 [[""A"" 5]]] [968 [[""A"" 5]]] [984 [[""A"" 5]]] [991 [[""A"" 5]]] [1011 [[""A"" 5]]] [1032 [[""A"" 5]]] [1048 [[""A"" 5]]] [1057 [[""A"" 5]]] [1075 [[""A"" 5]]] [1090 [[""A"" 5]]] [1104 [[""A"" 5]]] [1121 [[""A"" 5]]] [1125 [[""A"" 5]]] [1146 [[""A"" 5]]] [1158 [[""A"" 5]]] [1179 [[""A"" 5]]] [1194 [[""A"" 5]]] [1207 [[""A"" 5]]] [1219 [[""A"" 5]]] [1230 [[""A"" 5]]] [1258 [[""A"" 5]]] [1273 [[""A"" 5]]] [1282 [[""A"" 5]]] [1292 [[""A"" 5]]] [1309 [[""A"" 5]]] [1329 [[""A"" 5]]] [1345 [[""A"" 5]]] [1364 [[""A"" 5]]] [1367 [[""A"" 5]]] [1389 [[""A"" 5]]] [1405 [[""A"" 5]]] [1418 [[""A"" 5]]] [1432 [[""A"" 5]]] [1440 [[""A"" 5]]] [1465 [[""A"" 5]]] [1475 [[""A"" 5]]] [1493 [[""A"" 5]]]]",
"60","[170 0 85]","6","12.69126197191796","-9.180019581497604","""box""","""""","9.9","{breed medias}","false","1","1","""up""","0","[[""ID"" 61] [""alpha"" 1] [""beta"" 1] [""malleable"" [""A""]] [""prior"" []] [""cont_tokens"" []] [""A"" 2]]","[]","[]","[[2 [[""A"" 2]]] [28 [[""A"" 2]]] [44 [[""A"" 2]]] [56 [[""A"" 2]]] [64 [[""A"" 2]]] [84 [[""A"" 2]]] [102 [[""A"" 2]]] [115 [[""A"" 2]]] [127 [[""A"" 2]]] [139 [[""A"" 2]]] [150 [[""A"" 2]]] [169 [[""A"" 2]]] [185 [[""A"" 2]]] [205 [[""A"" 2]]] [217 [[""A"" 2]]] [226 [[""A"" 2]]] [242 [[""A"" 2]]] [262 [[""A"" 2]]] [283 [[""A"" 2]]] [288 [[""A"" 2]]] [306 [[""A"" 2]]] [316 [[""A"" 2]]] [335 [[""A"" 2]]] [358 [[""A"" 2]]] [365 [[""A"" 2]]] [389 [[""A"" 2]]] [404 [[""A"" 2]]] [410 [[""A"" 2]]] [420 [[""A"" 2]]] [435 [[""A"" 2]]] [453 [[""A"" 2]]] [477 [[""A"" 2]]] [483 [[""A"" 2]]] [504 [[""A"" 2]]] [514 [[""A"" 2]]] [530 [[""A"" 2]]] [544 [[""A"" 2]]] [569 [[""A"" 2]]] [583 [[""A"" 2]]] [596 [[""A"" 2]]] [614 [[""A"" 2]]] [619 [[""A"" 2]]] [641 [[""A"" 2]]] [657 [[""A"" 2]]] [663 [[""A"" 2]]] [675 [[""A"" 2]]] [703 [[""A"" 2]]] [713 [[""A"" 2]]] [720 [[""A"" 2]]] [745 [[""A"" 2]]] [751 [[""A"" 2]]] [775 [[""A"" 2]]] [787 [[""A"" 2]]] [802 [[""A"" 2]]] [824 [[""A"" 2]]] [837 [[""A"" 2]]] [848 [[""A"" 2]]] [863 [[""A"" 2]]] [876 [[""A"" 2]]] [894 [[""A"" 2]]] [908 [[""A"" 2]]] [929 [[""A"" 2]]] [937 [[""A"" 2]]] [948 [[""A"" 2]]] [966 [[""A"" 2]]] [978 [[""A"" 2]]] [998 [[""A"" 2]]] [1007 [[""A"" 2]]] [1022 [[""A"" 2]]] [1046 [[""A"" 2]]] [1056 [[""A"" 2]]] [1071 [[""A"" 2]]] [1081 [[""A"" 2]]] [1097 [[""A"" 2]]] [1111 [[""A"" 2]]] [1129 [[""A"" 2]]] [1152 [[""A"" 2]]] [1167 [[""A"" 2]]] [1174 [[""A"" 2]]] [1198 [[""A"" 2]]] [1211 [[""A"" 2]]] [1217 [[""A"" 2]]] [1235 [[""A"" 2]]] [1254 [[""A"" 2]]] [1267 [[""A"" 2]]] [1277 [[""A"" 2]]] [1290 [[""A"" 2]]] [1306 [[""A"" 2]]] [1331 [[""A"" 2]]] [1335 [[""A"" 2]]] [1360 [[""A"" 2]]] [1371 [[""A"" 2]]] [1390 [[""A"" 2]]] [1401 [[""A"" 2]]] [1415 [[""A"" 2]]] [1426 [[""A"" 2]]] [1447 [[""A"" 2]]] [1455 [[""A"" 2]]] [1471 [[""A"" 2]]] [1486 [[""A"" 2]]]]",
"61","[43 0 212]","37","-11.089685984672522","-10.995186070298043","""box""","""""","9.9","{breed medias}","false","1","1","""up""","0","[[""ID"" 60] [""alpha"" 1] [""beta"" 1] [""malleable"" [""A""]] [""prior"" []] [""cont_tokens"" []] [""A"" 5]]","[]","[]","[[10 [[""A"" 5]]] [17 [[""A"" 5]]] [40 [[""A"" 5]]] [52 [[""A"" 5]]] [65 [[""A"" 5]]] [85 [[""A"" 5]]] [95 [[""A"" 5]]] [106 [[""A"" 5]]] [121 [[""A"" 5]]] [143 [[""A"" 5]]] [155 [[""A"" 5]]] [179 [[""A"" 5]]] [183 [[""A"" 5]]] [206 [[""A"" 5]]] [224 [[""A"" 5]]] [236 [[""A"" 5]]] [245 [[""A"" 5]]] [259 [[""A"" 5]]] [274 [[""A"" 5]]] [295 [[""A"" 5]]] [313 [[""A"" 5]]] [317 [[""A"" 5]]] [331 [[""A"" 5]]] [351 [[""A"" 5]]] [374 [[""A"" 5]]] [377 [[""A"" 5]]] [399 [[""A"" 5]]] [413 [[""A"" 5]]] [421 [[""A"" 5]]] [439 [[""A"" 5]]] [452 [[""A"" 5]]] [474 [[""A"" 5]]] [492 [[""A"" 5]]] [498 [[""A"" 5]]] [517 [[""A"" 5]]] [534 [[""A"" 5]]] [540 [[""A"" 5]]] [564 [[""A"" 5]]] [584 [[""A"" 5]]] [594 [[""A"" 5]]] [608 [[""A"" 5]]] [617 [[""A"" 5]]] [630 [[""A"" 5]]] [653 [[""A"" 5]]] [667 [[""A"" 5]]] [684 [[""A"" 5]]] [704 [[""A"" 5]]] [707 [[""A"" 5]]] [722 [[""A"" 5]]] [746 [[""A"" 5]]] [763 [[""A"" 5]]] [768 [[""A"" 5]]] [794 [[""A"" 5]]] [805 [[""A"" 5]]] [821 [[""A"" 5]]] [836 [[""A"" 5]]] [851 [[""A"" 5]]] [865 [[""A"" 5]]] [870 [[""A"" 5]]] [887 [[""A"" 5]]] [903 [[""A"" 5]]] [924 [[""A"" 5]]] [934 [[""A"" 5]]] [946 [[""A"" 5]]] [970 [[""A"" 5]]] [986 [[""A"" 5]]] [992 [[""A"" 5]]] [1017 [[""A"" 5]]] [1028 [[""A"" 5]]] [1047 [[""A"" 5]]] [1064 [[""A"" 5]]] [1070 [[""A"" 5]]] [1084 [[""A"" 5]]] [1098 [[""A"" 5]]] [1124 [[""A"" 5]]] [1131 [[""A"" 5]]] [1141 [[""A"" 5]]] [1155 [[""A"" 5]]] [1182 [[""A"" 5]]] [1199 [[""A"" 5]]] [1208 [[""A"" 5]]] [1223 [[""A"" 5]]] [1238 [[""A"" 5]]] [1253 [[""A"" 5]]] [1260 [[""A"" 5]]] [1287 [[""A"" 5]]] [1291 [[""A"" 5]]] [1305 [[""A"" 5]]] [1332 [[""A"" 5]]] [1343 [[""A"" 5]]] [1353 [[""A"" 5]]] [1369 [[""A"" 5]]] [1392 [[""A"" 5]]] [1395 [[""A"" 5]]] [1413 [[""A"" 5]]] [1425 [[""A"" 5]]] [1444 [[""A"" 5]]] [1467 [[""A"" 5]]] [1484 [[""A"" 5]]] [1490 [[""A"" 5]]]]",
"62","[255 0 0]","26","9.460206630645228","-11.675690902834322","""box""","""""","9.9","{breed medias}","false","1","1","""up""","0","[[""ID"" 52] [""alpha"" 1] [""beta"" 1] [""malleable"" [""A""]] [""prior"" []] [""cont_tokens"" []] [""A"" 0]]","[]","[]","[[13 [[""A"" 0]]] [15 [[""A"" 0]]] [38 [[""A"" 0]]] [55 [[""A"" 0]]] [73 [[""A"" 0]]] [87 [[""A"" 0]]] [92 [[""A"" 0]]] [108 [[""A"" 0]]] [124 [[""A"" 0]]] [136 [[""A"" 0]]] [163 [[""A"" 0]]] [168 [[""A"" 0]]] [184 [[""A"" 0]]] [198 [[""A"" 0]]] [214 [[""A"" 0]]] [234 [[""A"" 0]]] [253 [[""A"" 0]]] [264 [[""A"" 0]]] [271 [[""A"" 0]]] [293 [[""A"" 0]]] [311 [[""A"" 0]]] [329 [[""A"" 0]]] [330 [[""A"" 0]]] [354 [[""A"" 0]]] [369 [[""A"" 0]]] [385 [[""A"" 0]]] [396 [[""A"" 0]]] [406 [[""A"" 0]]] [424 [[""A"" 0]]] [440 [[""A"" 0]]] [450 [[""A"" 0]]] [466 [[""A"" 0]]] [485 [[""A"" 0]]] [499 [[""A"" 0]]] [521 [[""A"" 0]]] [525 [[""A"" 0]]] [541 [[""A"" 0]]] [562 [[""A"" 0]]] [574 [[""A"" 0]]] [588 [[""A"" 0]]] [611 [[""A"" 0]]] [626 [[""A"" 0]]] [636 [[""A"" 0]]] [652 [[""A"" 0]]] [660 [[""A"" 0]]] [685 [[""A"" 0]]] [695 [[""A"" 0]]] [718 [[""A"" 0]]] [724 [[""A"" 0]]] [742 [[""A"" 0]]] [762 [[""A"" 0]]] [776 [[""A"" 0]]] [793 [[""A"" 0]]] [806 [[""A"" 0]]] [814 [[""A"" 0]]] [825 [[""A"" 0]]] [854 [[""A"" 0]]] [867 [[""A"" 0]]] [878 [[""A"" 0]]] [897 [[""A"" 0]]] [904 [[""A"" 0]]] [919 [[""A"" 0]]] [942 [[""A"" 0]]] [959 [[""A"" 0]]] [967 [[""A"" 0]]] [982 [[""A"" 0]]] [996 [[""A"" 0]]] [1006 [[""A"" 0]]] [1027 [[""A"" 0]]] [1041 [[""A"" 0]]] [1053 [[""A"" 0]]] [1072 [[""A"" 0]]] [1092 [[""A"" 0]]] [1106 [[""A"" 0]]] [1119 [[""A"" 0]]] [1134 [[""A"" 0]]] [1143 [[""A"" 0]]] [1165 [[""A"" 0]]] [1183 [[""A"" 0]]] [1188 [[""A"" 0]]] [1209 [[""A"" 0]]] [1229 [[""A"" 0]]] [1240 [[""A"" 0]]] [1246 [[""A"" 0]]] [1264 [[""A"" 0]]] [1283 [[""A"" 0]]] [1303 [[""A"" 0]]] [1313 [[""A"" 0]]] [1323 [[""A"" 0]]] [1340 [[""A"" 0]]] [1356 [[""A"" 0]]] [1375 [[""A"" 0]]] [1387 [[""A"" 0]]] [1396 [[""A"" 0]]] [1423 [[""A"" 0]]] [1438 [[""A"" 0]]] [1446 [[""A"" 0]]] [1456 [[""A"" 0]]] [1472 [[""A"" 0]]] [1488 [[""A"" 0]]]]",
"63","[43 0 212]","66","-9.78375450878679","-10.100351657022049","""box""","""""","9.9","{breed medias}","false","1","1","""up""","0","[[""ID"" 62] [""alpha"" 1] [""beta"" 1] [""malleable"" [""A""]] [""prior"" []] [""cont_tokens"" []] [""A"" 5]]","[]","[]","[[6 [[""A"" 5]]] [18 [[""A"" 5]]] [32 [[""A"" 5]]] [46 [[""A"" 5]]] [70 [[""A"" 5]]] [79 [[""A"" 5]]] [90 [[""A"" 5]]] [118 [[""A"" 5]]] [123 [[""A"" 5]]] [147 [[""A"" 5]]] [161 [[""A"" 5]]] [173 [[""A"" 5]]] [181 [[""A"" 5]]] [202 [[""A"" 5]]] [213 [[""A"" 5]]] [229 [[""A"" 5]]] [244 [[""A"" 5]]] [265 [[""A"" 5]]] [280 [[""A"" 5]]] [292 [[""A"" 5]]] [300 [[""A"" 5]]] [322 [[""A"" 5]]] [343 [[""A"" 5]]] [349 [[""A"" 5]]] [372 [[""A"" 5]]] [375 [[""A"" 5]]] [401 [[""A"" 5]]] [419 [[""A"" 5]]] [425 [[""A"" 5]]] [438 [[""A"" 5]]] [457 [[""A"" 5]]] [472 [[""A"" 5]]] [493 [[""A"" 5]]] [501 [[""A"" 5]]] [516 [[""A"" 5]]] [536 [[""A"" 5]]] [545 [[""A"" 5]]] [567 [[""A"" 5]]] [581 [[""A"" 5]]] [599 [[""A"" 5]]] [603 [[""A"" 5]]] [618 [[""A"" 5]]] [639 [[""A"" 5]]] [647 [[""A"" 5]]] [662 [[""A"" 5]]] [686 [[""A"" 5]]] [699 [[""A"" 5]]] [717 [[""A"" 5]]] [729 [[""A"" 5]]] [749 [[""A"" 5]]] [764 [[""A"" 5]]] [772 [[""A"" 5]]] [786 [[""A"" 5]]] [799 [[""A"" 5]]] [815 [[""A"" 5]]] [834 [[""A"" 5]]] [842 [[""A"" 5]]] [861 [[""A"" 5]]] [879 [[""A"" 5]]] [891 [[""A"" 5]]] [913 [[""A"" 5]]] [918 [[""A"" 5]]] [940 [[""A"" 5]]] [954 [[""A"" 5]]] [965 [[""A"" 5]]] [979 [[""A"" 5]]] [990 [[""A"" 5]]] [1005 [[""A"" 5]]] [1020 [[""A"" 5]]] [1042 [[""A"" 5]]] [1058 [[""A"" 5]]] [1067 [[""A"" 5]]] [1088 [[""A"" 5]]] [1100 [[""A"" 5]]] [1116 [[""A"" 5]]] [1137 [[""A"" 5]]] [1142 [[""A"" 5]]] [1168 [[""A"" 5]]] [1176 [[""A"" 5]]] [1191 [[""A"" 5]]] [1212 [[""A"" 5]]] [1226 [[""A"" 5]]] [1239 [[""A"" 5]]] [1248 [[""A"" 5]]] [1263 [[""A"" 5]]] [1278 [[""A"" 5]]] [1302 [[""A"" 5]]] [1319 [[""A"" 5]]] [1327 [[""A"" 5]]] [1342 [[""A"" 5]]] [1358 [[""A"" 5]]] [1378 [[""A"" 5]]] [1393 [[""A"" 5]]] [1403 [[""A"" 5]]] [1416 [[""A"" 5]]] [1436 [[""A"" 5]]] [1453 [[""A"" 5]]] [1463 [[""A"" 5]]] [1473 [[""A"" 5]]] [1495 [[""A"" 5]]]]",
"64","[0 0 255]","209","10.156542376075304","-3.3521562811374306","""box""","""""","9.9","{breed medias}","false","1","1","""up""","0","[[""ID"" 58] [""alpha"" 1] [""beta"" 1] [""malleable"" [""A""]] [""prior"" []] [""cont_tokens"" []] [""A"" 6]]","[]","[]","[[12 [[""A"" 6]]] [23 [[""A"" 6]]] [33 [[""A"" 6]]] [47 [[""A"" 6]]] [68 [[""A"" 6]]] [82 [[""A"" 6]]] [100 [[""A"" 6]]] [107 [[""A"" 6]]] [126 [[""A"" 6]]] [146 [[""A"" 6]]] [156 [[""A"" 6]]] [171 [[""A"" 6]]] [190 [[""A"" 6]]] [209 [[""A"" 6]]] [223 [[""A"" 6]]] [231 [[""A"" 6]]] [248 [[""A"" 6]]] [263 [[""A"" 6]]] [275 [[""A"" 6]]] [299 [[""A"" 6]]] [305 [[""A"" 6]]] [321 [[""A"" 6]]] [334 [[""A"" 6]]] [359 [[""A"" 6]]] [366 [[""A"" 6]]] [386 [[""A"" 6]]] [398 [[""A"" 6]]] [408 [[""A"" 6]]] [427 [[""A"" 6]]] [436 [[""A"" 6]]] [462 [[""A"" 6]]] [475 [[""A"" 6]]] [486 [[""A"" 6]]] [497 [[""A"" 6]]] [515 [[""A"" 6]]] [538 [[""A"" 6]]] [542 [[""A"" 6]]] [563 [[""A"" 6]]] [575 [[""A"" 6]]] [586 [[""A"" 6]]] [606 [[""A"" 6]]] [629 [[""A"" 6]]] [632 [[""A"" 6]]] [650 [[""A"" 6]]] [669 [[""A"" 6]]] [688 [[""A"" 6]]] [693 [[""A"" 6]]] [714 [[""A"" 6]]] [732 [[""A"" 6]]] [743 [[""A"" 6]]] [758 [[""A"" 6]]] [771 [[""A"" 6]]] [791 [[""A"" 6]]] [796 [[""A"" 6]]] [810 [[""A"" 6]]] [827 [[""A"" 6]]] [849 [[""A"" 6]]] [856 [[""A"" 6]]] [881 [[""A"" 6]]] [895 [[""A"" 6]]] [905 [[""A"" 6]]] [915 [[""A"" 6]]] [936 [[""A"" 6]]] [949 [[""A"" 6]]] [963 [[""A"" 6]]] [980 [[""A"" 6]]] [1001 [[""A"" 6]]] [1009 [[""A"" 6]]] [1031 [[""A"" 6]]] [1045 [[""A"" 6]]] [1060 [[""A"" 6]]] [1066 [[""A"" 6]]] [1091 [[""A"" 6]]] [1095 [[""A"" 6]]] [1120 [[""A"" 6]]] [1130 [[""A"" 6]]] [1140 [[""A"" 6]]] [1156 [[""A"" 6]]] [1184 [[""A"" 6]]] [1193 [[""A"" 6]]] [1214 [[""A"" 6]]] [1228 [[""A"" 6]]] [1237 [[""A"" 6]]] [1245 [[""A"" 6]]] [1272 [[""A"" 6]]] [1284 [[""A"" 6]]] [1296 [[""A"" 6]]] [1308 [[""A"" 6]]] [1320 [[""A"" 6]]] [1339 [[""A"" 6]]] [1350 [[""A"" 6]]] [1370 [[""A"" 6]]] [1380 [[""A"" 6]]] [1407 [[""A"" 6]]] [1412 [[""A"" 6]]] [1431 [[""A"" 6]]] [1441 [[""A"" 6]]] [1468 [[""A"" 6]]] [1483 [[""A"" 6]]] [1498 [[""A"" 6]]]]",

"PATCHES"
"pxcor","pycor","pcolor","plabel","plabel-color"
"-16","16","9.9","""""","9.9"
"-15","16","9.9","""""","9.9"
"-14","16","9.9","""""","9.9"
"-13","16","9.9","""""","9.9"
"-12","16","9.9","""""","9.9"
"-11","16","9.9","""""","9.9"
"-10","16","9.9","""""","9.9"
"-9","16","9.9","""""","9.9"
"-8","16","9.9","""""","9.9"
"-7","16","9.9","""""","9.9"
"-6","16","9.9","""""","9.9"
"-5","16","9.9","""""","9.9"
"-4","16","9.9","""""","9.9"
"-3","16","9.9","""""","9.9"
"-2","16","9.9","""""","9.9"
"-1","16","9.9","""""","9.9"
"0","16","9.9","""""","9.9"
"1","16","9.9","""""","9.9"
"2","16","9.9","""""","9.9"
"3","16","9.9","""""","9.9"
"4","16","9.9","""""","9.9"
"5","16","9.9","""""","9.9"
"6","16","9.9","""""","9.9"
"7","16","9.9","""""","9.9"
"8","16","9.9","""""","9.9"
"9","16","9.9","""""","9.9"
"10","16","9.9","""""","9.9"
"11","16","9.9","""""","9.9"
"12","16","9.9","""""","9.9"
"13","16","9.9","""""","9.9"
"14","16","9.9","""""","9.9"
"15","16","9.9","""""","9.9"
"16","16","9.9","""""","9.9"
"-16","15","9.9","""""","9.9"
"-15","15","9.9","""""","9.9"
"-14","15","9.9","""""","9.9"
"-13","15","9.9","""""","9.9"
"-12","15","9.9","""""","9.9"
"-11","15","9.9","""""","9.9"
"-10","15","9.9","""""","9.9"
"-9","15","9.9","""""","9.9"
"-8","15","9.9","""""","9.9"
"-7","15","9.9","""""","9.9"
"-6","15","9.9","""""","9.9"
"-5","15","9.9","""""","9.9"
"-4","15","9.9","""""","9.9"
"-3","15","9.9","""""","9.9"
"-2","15","9.9","""""","9.9"
"-1","15","9.9","""""","9.9"
"0","15","9.9","""""","9.9"
"1","15","9.9","""""","9.9"
"2","15","9.9","""""","9.9"
"3","15","9.9","""""","9.9"
"4","15","9.9","""""","9.9"
"5","15","9.9","""""","9.9"
"6","15","9.9","""""","9.9"
"7","15","9.9","""""","9.9"
"8","15","9.9","""""","9.9"
"9","15","9.9","""""","9.9"
"10","15","9.9","""""","9.9"
"11","15","9.9","""""","9.9"
"12","15","9.9","""""","9.9"
"13","15","9.9","""""","9.9"
"14","15","9.9","""""","9.9"
"15","15","9.9","""""","9.9"
"16","15","9.9","""""","9.9"
"-16","14","9.9","""""","9.9"
"-15","14","9.9","""""","9.9"
"-14","14","9.9","""""","9.9"
"-13","14","9.9","""""","9.9"
"-12","14","9.9","""""","9.9"
"-11","14","9.9","""""","9.9"
"-10","14","9.9","""""","9.9"
"-9","14","9.9","""""","9.9"
"-8","14","9.9","""""","9.9"
"-7","14","9.9","""""","9.9"
"-6","14","9.9","""""","9.9"
"-5","14","9.9","""""","9.9"
"-4","14","9.9","""""","9.9"
"-3","14","9.9","""""","9.9"
"-2","14","9.9","""""","9.9"
"-1","14","9.9","""""","9.9"
"0","14","9.9","""""","9.9"
"1","14","9.9","""""","9.9"
"2","14","9.9","""""","9.9"
"3","14","9.9","""""","9.9"
"4","14","9.9","""""","9.9"
"5","14","9.9","""""","9.9"
"6","14","9.9","""""","9.9"
"7","14","9.9","""""","9.9"
"8","14","9.9","""""","9.9"
"9","14","9.9","""""","9.9"
"10","14","9.9","""""","9.9"
"11","14","9.9","""""","9.9"
"12","14","9.9","""""","9.9"
"13","14","9.9","""""","9.9"
"14","14","9.9","""""","9.9"
"15","14","9.9","""""","9.9"
"16","14","9.9","""""","9.9"
"-16","13","9.9","""""","9.9"
"-15","13","9.9","""""","9.9"
"-14","13","9.9","""""","9.9"
"-13","13","9.9","""""","9.9"
"-12","13","9.9","""""","9.9"
"-11","13","9.9","""""","9.9"
"-10","13","9.9","""""","9.9"
"-9","13","9.9","""""","9.9"
"-8","13","9.9","""""","9.9"
"-7","13","9.9","""""","9.9"
"-6","13","9.9","""""","9.9"
"-5","13","9.9","""""","9.9"
"-4","13","9.9","""""","9.9"
"-3","13","9.9","""""","9.9"
"-2","13","9.9","""""","9.9"
"-1","13","9.9","""""","9.9"
"0","13","9.9","""""","9.9"
"1","13","9.9","""""","9.9"
"2","13","9.9","""""","9.9"
"3","13","9.9","""""","9.9"
"4","13","9.9","""""","9.9"
"5","13","9.9","""""","9.9"
"6","13","9.9","""""","9.9"
"7","13","9.9","""""","9.9"
"8","13","9.9","""""","9.9"
"9","13","9.9","""""","9.9"
"10","13","9.9","""""","9.9"
"11","13","9.9","""""","9.9"
"12","13","9.9","""""","9.9"
"13","13","9.9","""""","9.9"
"14","13","9.9","""""","9.9"
"15","13","9.9","""""","9.9"
"16","13","9.9","""""","9.9"
"-16","12","9.9","""""","9.9"
"-15","12","9.9","""""","9.9"
"-14","12","9.9","""""","9.9"
"-13","12","9.9","""""","9.9"
"-12","12","9.9","""""","9.9"
"-11","12","9.9","""""","9.9"
"-10","12","9.9","""""","9.9"
"-9","12","9.9","""""","9.9"
"-8","12","9.9","""""","9.9"
"-7","12","9.9","""""","9.9"
"-6","12","9.9","""""","9.9"
"-5","12","9.9","""""","9.9"
"-4","12","9.9","""""","9.9"
"-3","12","9.9","""""","9.9"
"-2","12","9.9","""""","9.9"
"-1","12","9.9","""""","9.9"
"0","12","9.9","""""","9.9"
"1","12","9.9","""""","9.9"
"2","12","9.9","""""","9.9"
"3","12","9.9","""""","9.9"
"4","12","9.9","""""","9.9"
"5","12","9.9","""""","9.9"
"6","12","9.9","""""","9.9"
"7","12","9.9","""""","9.9"
"8","12","9.9","""""","9.9"
"9","12","9.9","""""","9.9"
"10","12","9.9","""""","9.9"
"11","12","9.9","""""","9.9"
"12","12","9.9","""""","9.9"
"13","12","9.9","""""","9.9"
"14","12","9.9","""""","9.9"
"15","12","9.9","""""","9.9"
"16","12","9.9","""""","9.9"
"-16","11","9.9","""""","9.9"
"-15","11","9.9","""""","9.9"
"-14","11","9.9","""""","9.9"
"-13","11","9.9","""""","9.9"
"-12","11","9.9","""""","9.9"
"-11","11","9.9","""""","9.9"
"-10","11","9.9","""""","9.9"
"-9","11","9.9","""""","9.9"
"-8","11","9.9","""""","9.9"
"-7","11","9.9","""""","9.9"
"-6","11","9.9","""""","9.9"
"-5","11","9.9","""""","9.9"
"-4","11","9.9","""""","9.9"
"-3","11","9.9","""""","9.9"
"-2","11","9.9","""""","9.9"
"-1","11","9.9","""""","9.9"
"0","11","9.9","""""","9.9"
"1","11","9.9","""""","9.9"
"2","11","9.9","""""","9.9"
"3","11","9.9","""""","9.9"
"4","11","9.9","""""","9.9"
"5","11","9.9","""""","9.9"
"6","11","9.9","""""","9.9"
"7","11","9.9","""""","9.9"
"8","11","9.9","""""","9.9"
"9","11","9.9","""""","9.9"
"10","11","9.9","""""","9.9"
"11","11","9.9","""""","9.9"
"12","11","9.9","""""","9.9"
"13","11","9.9","""""","9.9"
"14","11","9.9","""""","9.9"
"15","11","9.9","""""","9.9"
"16","11","9.9","""""","9.9"
"-16","10","9.9","""""","9.9"
"-15","10","9.9","""""","9.9"
"-14","10","9.9","""""","9.9"
"-13","10","9.9","""""","9.9"
"-12","10","9.9","""""","9.9"
"-11","10","9.9","""""","9.9"
"-10","10","9.9","""""","9.9"
"-9","10","9.9","""""","9.9"
"-8","10","9.9","""""","9.9"
"-7","10","9.9","""""","9.9"
"-6","10","9.9","""""","9.9"
"-5","10","9.9","""""","9.9"
"-4","10","9.9","""""","9.9"
"-3","10","9.9","""""","9.9"
"-2","10","9.9","""""","9.9"
"-1","10","9.9","""""","9.9"
"0","10","9.9","""""","9.9"
"1","10","9.9","""""","9.9"
"2","10","9.9","""""","9.9"
"3","10","9.9","""""","9.9"
"4","10","9.9","""""","9.9"
"5","10","9.9","""""","9.9"
"6","10","9.9","""""","9.9"
"7","10","9.9","""""","9.9"
"8","10","9.9","""""","9.9"
"9","10","9.9","""""","9.9"
"10","10","9.9","""""","9.9"
"11","10","9.9","""""","9.9"
"12","10","9.9","""""","9.9"
"13","10","9.9","""""","9.9"
"14","10","9.9","""""","9.9"
"15","10","9.9","""""","9.9"
"16","10","9.9","""""","9.9"
"-16","9","9.9","""""","9.9"
"-15","9","9.9","""""","9.9"
"-14","9","9.9","""""","9.9"
"-13","9","9.9","""""","9.9"
"-12","9","9.9","""""","9.9"
"-11","9","9.9","""""","9.9"
"-10","9","9.9","""""","9.9"
"-9","9","9.9","""""","9.9"
"-8","9","9.9","""""","9.9"
"-7","9","9.9","""""","9.9"
"-6","9","9.9","""""","9.9"
"-5","9","9.9","""""","9.9"
"-4","9","9.9","""""","9.9"
"-3","9","9.9","""""","9.9"
"-2","9","9.9","""""","9.9"
"-1","9","9.9","""""","9.9"
"0","9","9.9","""""","9.9"
"1","9","9.9","""""","9.9"
"2","9","9.9","""""","9.9"
"3","9","9.9","""""","9.9"
"4","9","9.9","""""","9.9"
"5","9","9.9","""""","9.9"
"6","9","9.9","""""","9.9"
"7","9","9.9","""""","9.9"
"8","9","9.9","""""","9.9"
"9","9","9.9","""""","9.9"
"10","9","9.9","""""","9.9"
"11","9","9.9","""""","9.9"
"12","9","9.9","""""","9.9"
"13","9","9.9","""""","9.9"
"14","9","9.9","""""","9.9"
"15","9","9.9","""""","9.9"
"16","9","9.9","""""","9.9"
"-16","8","9.9","""""","9.9"
"-15","8","9.9","""""","9.9"
"-14","8","9.9","""""","9.9"
"-13","8","9.9","""""","9.9"
"-12","8","9.9","""""","9.9"
"-11","8","9.9","""""","9.9"
"-10","8","9.9","""""","9.9"
"-9","8","9.9","""""","9.9"
"-8","8","9.9","""""","9.9"
"-7","8","9.9","""""","9.9"
"-6","8","9.9","""""","9.9"
"-5","8","9.9","""""","9.9"
"-4","8","9.9","""""","9.9"
"-3","8","9.9","""""","9.9"
"-2","8","9.9","""""","9.9"
"-1","8","9.9","""""","9.9"
"0","8","9.9","""""","9.9"
"1","8","9.9","""""","9.9"
"2","8","9.9","""""","9.9"
"3","8","9.9","""""","9.9"
"4","8","9.9","""""","9.9"
"5","8","9.9","""""","9.9"
"6","8","9.9","""""","9.9"
"7","8","9.9","""""","9.9"
"8","8","9.9","""""","9.9"
"9","8","9.9","""""","9.9"
"10","8","9.9","""""","9.9"
"11","8","9.9","""""","9.9"
"12","8","9.9","""""","9.9"
"13","8","9.9","""""","9.9"
"14","8","9.9","""""","9.9"
"15","8","9.9","""""","9.9"
"16","8","9.9","""""","9.9"
"-16","7","9.9","""""","9.9"
"-15","7","9.9","""""","9.9"
"-14","7","9.9","""""","9.9"
"-13","7","9.9","""""","9.9"
"-12","7","9.9","""""","9.9"
"-11","7","9.9","""""","9.9"
"-10","7","9.9","""""","9.9"
"-9","7","9.9","""""","9.9"
"-8","7","9.9","""""","9.9"
"-7","7","9.9","""""","9.9"
"-6","7","9.9","""""","9.9"
"-5","7","9.9","""""","9.9"
"-4","7","9.9","""""","9.9"
"-3","7","9.9","""""","9.9"
"-2","7","9.9","""""","9.9"
"-1","7","9.9","""""","9.9"
"0","7","9.9","""""","9.9"
"1","7","9.9","""""","9.9"
"2","7","9.9","""""","9.9"
"3","7","9.9","""""","9.9"
"4","7","9.9","""""","9.9"
"5","7","9.9","""""","9.9"
"6","7","9.9","""""","9.9"
"7","7","9.9","""""","9.9"
"8","7","9.9","""""","9.9"
"9","7","9.9","""""","9.9"
"10","7","9.9","""""","9.9"
"11","7","9.9","""""","9.9"
"12","7","9.9","""""","9.9"
"13","7","9.9","""""","9.9"
"14","7","9.9","""""","9.9"
"15","7","9.9","""""","9.9"
"16","7","9.9","""""","9.9"
"-16","6","9.9","""""","9.9"
"-15","6","9.9","""""","9.9"
"-14","6","9.9","""""","9.9"
"-13","6","9.9","""""","9.9"
"-12","6","9.9","""""","9.9"
"-11","6","9.9","""""","9.9"
"-10","6","9.9","""""","9.9"
"-9","6","9.9","""""","9.9"
"-8","6","9.9","""""","9.9"
"-7","6","9.9","""""","9.9"
"-6","6","9.9","""""","9.9"
"-5","6","9.9","""""","9.9"
"-4","6","9.9","""""","9.9"
"-3","6","9.9","""""","9.9"
"-2","6","9.9","""""","9.9"
"-1","6","9.9","""""","9.9"
"0","6","9.9","""""","9.9"
"1","6","9.9","""""","9.9"
"2","6","9.9","""""","9.9"
"3","6","9.9","""""","9.9"
"4","6","9.9","""""","9.9"
"5","6","9.9","""""","9.9"
"6","6","9.9","""""","9.9"
"7","6","9.9","""""","9.9"
"8","6","9.9","""""","9.9"
"9","6","9.9","""""","9.9"
"10","6","9.9","""""","9.9"
"11","6","9.9","""""","9.9"
"12","6","9.9","""""","9.9"
"13","6","9.9","""""","9.9"
"14","6","9.9","""""","9.9"
"15","6","9.9","""""","9.9"
"16","6","9.9","""""","9.9"
"-16","5","9.9","""""","9.9"
"-15","5","9.9","""""","9.9"
"-14","5","9.9","""""","9.9"
"-13","5","9.9","""""","9.9"
"-12","5","9.9","""""","9.9"
"-11","5","9.9","""""","9.9"
"-10","5","9.9","""""","9.9"
"-9","5","9.9","""""","9.9"
"-8","5","9.9","""""","9.9"
"-7","5","9.9","""""","9.9"
"-6","5","9.9","""""","9.9"
"-5","5","9.9","""""","9.9"
"-4","5","9.9","""""","9.9"
"-3","5","9.9","""""","9.9"
"-2","5","9.9","""""","9.9"
"-1","5","9.9","""""","9.9"
"0","5","9.9","""""","9.9"
"1","5","9.9","""""","9.9"
"2","5","9.9","""""","9.9"
"3","5","9.9","""""","9.9"
"4","5","9.9","""""","9.9"
"5","5","9.9","""""","9.9"
"6","5","9.9","""""","9.9"
"7","5","9.9","""""","9.9"
"8","5","9.9","""""","9.9"
"9","5","9.9","""""","9.9"
"10","5","9.9","""""","9.9"
"11","5","9.9","""""","9.9"
"12","5","9.9","""""","9.9"
"13","5","9.9","""""","9.9"
"14","5","9.9","""""","9.9"
"15","5","9.9","""""","9.9"
"16","5","9.9","""""","9.9"
"-16","4","9.9","""""","9.9"
"-15","4","9.9","""""","9.9"
"-14","4","9.9","""""","9.9"
"-13","4","9.9","""""","9.9"
"-12","4","9.9","""""","9.9"
"-11","4","9.9","""""","9.9"
"-10","4","9.9","""""","9.9"
"-9","4","9.9","""""","9.9"
"-8","4","9.9","""""","9.9"
"-7","4","9.9","""""","9.9"
"-6","4","9.9","""""","9.9"
"-5","4","9.9","""""","9.9"
"-4","4","9.9","""""","9.9"
"-3","4","9.9","""""","9.9"
"-2","4","9.9","""""","9.9"
"-1","4","9.9","""""","9.9"
"0","4","9.9","""""","9.9"
"1","4","9.9","""""","9.9"
"2","4","9.9","""""","9.9"
"3","4","9.9","""""","9.9"
"4","4","9.9","""""","9.9"
"5","4","9.9","""""","9.9"
"6","4","9.9","""""","9.9"
"7","4","9.9","""""","9.9"
"8","4","9.9","""""","9.9"
"9","4","9.9","""""","9.9"
"10","4","9.9","""""","9.9"
"11","4","9.9","""""","9.9"
"12","4","9.9","""""","9.9"
"13","4","9.9","""""","9.9"
"14","4","9.9","""""","9.9"
"15","4","9.9","""""","9.9"
"16","4","9.9","""""","9.9"
"-16","3","9.9","""""","9.9"
"-15","3","9.9","""""","9.9"
"-14","3","9.9","""""","9.9"
"-13","3","9.9","""""","9.9"
"-12","3","9.9","""""","9.9"
"-11","3","9.9","""""","9.9"
"-10","3","9.9","""""","9.9"
"-9","3","9.9","""""","9.9"
"-8","3","9.9","""""","9.9"
"-7","3","9.9","""""","9.9"
"-6","3","9.9","""""","9.9"
"-5","3","9.9","""""","9.9"
"-4","3","9.9","""""","9.9"
"-3","3","9.9","""""","9.9"
"-2","3","9.9","""""","9.9"
"-1","3","9.9","""""","9.9"
"0","3","9.9","""""","9.9"
"1","3","9.9","""""","9.9"
"2","3","9.9","""""","9.9"
"3","3","9.9","""""","9.9"
"4","3","9.9","""""","9.9"
"5","3","9.9","""""","9.9"
"6","3","9.9","""""","9.9"
"7","3","9.9","""""","9.9"
"8","3","9.9","""""","9.9"
"9","3","9.9","""""","9.9"
"10","3","9.9","""""","9.9"
"11","3","9.9","""""","9.9"
"12","3","9.9","""""","9.9"
"13","3","9.9","""""","9.9"
"14","3","9.9","""""","9.9"
"15","3","9.9","""""","9.9"
"16","3","9.9","""""","9.9"
"-16","2","9.9","""""","9.9"
"-15","2","9.9","""""","9.9"
"-14","2","9.9","""""","9.9"
"-13","2","9.9","""""","9.9"
"-12","2","9.9","""""","9.9"
"-11","2","9.9","""""","9.9"
"-10","2","9.9","""""","9.9"
"-9","2","9.9","""""","9.9"
"-8","2","9.9","""""","9.9"
"-7","2","9.9","""""","9.9"
"-6","2","9.9","""""","9.9"
"-5","2","9.9","""""","9.9"
"-4","2","9.9","""""","9.9"
"-3","2","9.9","""""","9.9"
"-2","2","9.9","""""","9.9"
"-1","2","9.9","""""","9.9"
"0","2","9.9","""""","9.9"
"1","2","9.9","""""","9.9"
"2","2","9.9","""""","9.9"
"3","2","9.9","""""","9.9"
"4","2","9.9","""""","9.9"
"5","2","9.9","""""","9.9"
"6","2","9.9","""""","9.9"
"7","2","9.9","""""","9.9"
"8","2","9.9","""""","9.9"
"9","2","9.9","""""","9.9"
"10","2","9.9","""""","9.9"
"11","2","9.9","""""","9.9"
"12","2","9.9","""""","9.9"
"13","2","9.9","""""","9.9"
"14","2","9.9","""""","9.9"
"15","2","9.9","""""","9.9"
"16","2","9.9","""""","9.9"
"-16","1","9.9","""""","9.9"
"-15","1","9.9","""""","9.9"
"-14","1","9.9","""""","9.9"
"-13","1","9.9","""""","9.9"
"-12","1","9.9","""""","9.9"
"-11","1","9.9","""""","9.9"
"-10","1","9.9","""""","9.9"
"-9","1","9.9","""""","9.9"
"-8","1","9.9","""""","9.9"
"-7","1","9.9","""""","9.9"
"-6","1","9.9","""""","9.9"
"-5","1","9.9","""""","9.9"
"-4","1","9.9","""""","9.9"
"-3","1","9.9","""""","9.9"
"-2","1","9.9","""""","9.9"
"-1","1","9.9","""""","9.9"
"0","1","9.9","""""","9.9"
"1","1","9.9","""""","9.9"
"2","1","9.9","""""","9.9"
"3","1","9.9","""""","9.9"
"4","1","9.9","""""","9.9"
"5","1","9.9","""""","9.9"
"6","1","9.9","""""","9.9"
"7","1","9.9","""""","9.9"
"8","1","9.9","""""","9.9"
"9","1","9.9","""""","9.9"
"10","1","9.9","""""","9.9"
"11","1","9.9","""""","9.9"
"12","1","9.9","""""","9.9"
"13","1","9.9","""""","9.9"
"14","1","9.9","""""","9.9"
"15","1","9.9","""""","9.9"
"16","1","9.9","""""","9.9"
"-16","0","9.9","""""","9.9"
"-15","0","9.9","""""","9.9"
"-14","0","9.9","""""","9.9"
"-13","0","9.9","""""","9.9"
"-12","0","9.9","""""","9.9"
"-11","0","9.9","""""","9.9"
"-10","0","9.9","""""","9.9"
"-9","0","9.9","""""","9.9"
"-8","0","9.9","""""","9.9"
"-7","0","9.9","""""","9.9"
"-6","0","9.9","""""","9.9"
"-5","0","9.9","""""","9.9"
"-4","0","9.9","""""","9.9"
"-3","0","9.9","""""","9.9"
"-2","0","9.9","""""","9.9"
"-1","0","9.9","""""","9.9"
"0","0","9.9","""""","9.9"
"1","0","9.9","""""","9.9"
"2","0","9.9","""""","9.9"
"3","0","9.9","""""","9.9"
"4","0","9.9","""""","9.9"
"5","0","9.9","""""","9.9"
"6","0","9.9","""""","9.9"
"7","0","9.9","""""","9.9"
"8","0","9.9","""""","9.9"
"9","0","9.9","""""","9.9"
"10","0","9.9","""""","9.9"
"11","0","9.9","""""","9.9"
"12","0","9.9","""""","9.9"
"13","0","9.9","""""","9.9"
"14","0","9.9","""""","9.9"
"15","0","9.9","""""","9.9"
"16","0","9.9","""""","9.9"
"-16","-1","9.9","""""","9.9"
"-15","-1","9.9","""""","9.9"
"-14","-1","9.9","""""","9.9"
"-13","-1","9.9","""""","9.9"
"-12","-1","9.9","""""","9.9"
"-11","-1","9.9","""""","9.9"
"-10","-1","9.9","""""","9.9"
"-9","-1","9.9","""""","9.9"
"-8","-1","9.9","""""","9.9"
"-7","-1","9.9","""""","9.9"
"-6","-1","9.9","""""","9.9"
"-5","-1","9.9","""""","9.9"
"-4","-1","9.9","""""","9.9"
"-3","-1","9.9","""""","9.9"
"-2","-1","9.9","""""","9.9"
"-1","-1","9.9","""""","9.9"
"0","-1","9.9","""""","9.9"
"1","-1","9.9","""""","9.9"
"2","-1","9.9","""""","9.9"
"3","-1","9.9","""""","9.9"
"4","-1","9.9","""""","9.9"
"5","-1","9.9","""""","9.9"
"6","-1","9.9","""""","9.9"
"7","-1","9.9","""""","9.9"
"8","-1","9.9","""""","9.9"
"9","-1","9.9","""""","9.9"
"10","-1","9.9","""""","9.9"
"11","-1","9.9","""""","9.9"
"12","-1","9.9","""""","9.9"
"13","-1","9.9","""""","9.9"
"14","-1","9.9","""""","9.9"
"15","-1","9.9","""""","9.9"
"16","-1","9.9","""""","9.9"
"-16","-2","9.9","""""","9.9"
"-15","-2","9.9","""""","9.9"
"-14","-2","9.9","""""","9.9"
"-13","-2","9.9","""""","9.9"
"-12","-2","9.9","""""","9.9"
"-11","-2","9.9","""""","9.9"
"-10","-2","9.9","""""","9.9"
"-9","-2","9.9","""""","9.9"
"-8","-2","9.9","""""","9.9"
"-7","-2","9.9","""""","9.9"
"-6","-2","9.9","""""","9.9"
"-5","-2","9.9","""""","9.9"
"-4","-2","9.9","""""","9.9"
"-3","-2","9.9","""""","9.9"
"-2","-2","9.9","""""","9.9"
"-1","-2","9.9","""""","9.9"
"0","-2","9.9","""""","9.9"
"1","-2","9.9","""""","9.9"
"2","-2","9.9","""""","9.9"
"3","-2","9.9","""""","9.9"
"4","-2","9.9","""""","9.9"
"5","-2","9.9","""""","9.9"
"6","-2","9.9","""""","9.9"
"7","-2","9.9","""""","9.9"
"8","-2","9.9","""""","9.9"
"9","-2","9.9","""""","9.9"
"10","-2","9.9","""""","9.9"
"11","-2","9.9","""""","9.9"
"12","-2","9.9","""""","9.9"
"13","-2","9.9","""""","9.9"
"14","-2","9.9","""""","9.9"
"15","-2","9.9","""""","9.9"
"16","-2","9.9","""""","9.9"
"-16","-3","9.9","""""","9.9"
"-15","-3","9.9","""""","9.9"
"-14","-3","9.9","""""","9.9"
"-13","-3","9.9","""""","9.9"
"-12","-3","9.9","""""","9.9"
"-11","-3","9.9","""""","9.9"
"-10","-3","9.9","""""","9.9"
"-9","-3","9.9","""""","9.9"
"-8","-3","9.9","""""","9.9"
"-7","-3","9.9","""""","9.9"
"-6","-3","9.9","""""","9.9"
"-5","-3","9.9","""""","9.9"
"-4","-3","9.9","""""","9.9"
"-3","-3","9.9","""""","9.9"
"-2","-3","9.9","""""","9.9"
"-1","-3","9.9","""""","9.9"
"0","-3","9.9","""""","9.9"
"1","-3","9.9","""""","9.9"
"2","-3","9.9","""""","9.9"
"3","-3","9.9","""""","9.9"
"4","-3","9.9","""""","9.9"
"5","-3","9.9","""""","9.9"
"6","-3","9.9","""""","9.9"
"7","-3","9.9","""""","9.9"
"8","-3","9.9","""""","9.9"
"9","-3","9.9","""""","9.9"
"10","-3","9.9","""""","9.9"
"11","-3","9.9","""""","9.9"
"12","-3","9.9","""""","9.9"
"13","-3","9.9","""""","9.9"
"14","-3","9.9","""""","9.9"
"15","-3","9.9","""""","9.9"
"16","-3","9.9","""""","9.9"
"-16","-4","9.9","""""","9.9"
"-15","-4","9.9","""""","9.9"
"-14","-4","9.9","""""","9.9"
"-13","-4","9.9","""""","9.9"
"-12","-4","9.9","""""","9.9"
"-11","-4","9.9","""""","9.9"
"-10","-4","9.9","""""","9.9"
"-9","-4","9.9","""""","9.9"
"-8","-4","9.9","""""","9.9"
"-7","-4","9.9","""""","9.9"
"-6","-4","9.9","""""","9.9"
"-5","-4","9.9","""""","9.9"
"-4","-4","9.9","""""","9.9"
"-3","-4","9.9","""""","9.9"
"-2","-4","9.9","""""","9.9"
"-1","-4","9.9","""""","9.9"
"0","-4","9.9","""""","9.9"
"1","-4","9.9","""""","9.9"
"2","-4","9.9","""""","9.9"
"3","-4","9.9","""""","9.9"
"4","-4","9.9","""""","9.9"
"5","-4","9.9","""""","9.9"
"6","-4","9.9","""""","9.9"
"7","-4","9.9","""""","9.9"
"8","-4","9.9","""""","9.9"
"9","-4","9.9","""""","9.9"
"10","-4","9.9","""""","9.9"
"11","-4","9.9","""""","9.9"
"12","-4","9.9","""""","9.9"
"13","-4","9.9","""""","9.9"
"14","-4","9.9","""""","9.9"
"15","-4","9.9","""""","9.9"
"16","-4","9.9","""""","9.9"
"-16","-5","9.9","""""","9.9"
"-15","-5","9.9","""""","9.9"
"-14","-5","9.9","""""","9.9"
"-13","-5","9.9","""""","9.9"
"-12","-5","9.9","""""","9.9"
"-11","-5","9.9","""""","9.9"
"-10","-5","9.9","""""","9.9"
"-9","-5","9.9","""""","9.9"
"-8","-5","9.9","""""","9.9"
"-7","-5","9.9","""""","9.9"
"-6","-5","9.9","""""","9.9"
"-5","-5","9.9","""""","9.9"
"-4","-5","9.9","""""","9.9"
"-3","-5","9.9","""""","9.9"
"-2","-5","9.9","""""","9.9"
"-1","-5","9.9","""""","9.9"
"0","-5","9.9","""""","9.9"
"1","-5","9.9","""""","9.9"
"2","-5","9.9","""""","9.9"
"3","-5","9.9","""""","9.9"
"4","-5","9.9","""""","9.9"
"5","-5","9.9","""""","9.9"
"6","-5","9.9","""""","9.9"
"7","-5","9.9","""""","9.9"
"8","-5","9.9","""""","9.9"
"9","-5","9.9","""""","9.9"
"10","-5","9.9","""""","9.9"
"11","-5","9.9","""""","9.9"
"12","-5","9.9","""""","9.9"
"13","-5","9.9","""""","9.9"
"14","-5","9.9","""""","9.9"
"15","-5","9.9","""""","9.9"
"16","-5","9.9","""""","9.9"
"-16","-6","9.9","""""","9.9"
"-15","-6","9.9","""""","9.9"
"-14","-6","9.9","""""","9.9"
"-13","-6","9.9","""""","9.9"
"-12","-6","9.9","""""","9.9"
"-11","-6","9.9","""""","9.9"
"-10","-6","9.9","""""","9.9"
"-9","-6","9.9","""""","9.9"
"-8","-6","9.9","""""","9.9"
"-7","-6","9.9","""""","9.9"
"-6","-6","9.9","""""","9.9"
"-5","-6","9.9","""""","9.9"
"-4","-6","9.9","""""","9.9"
"-3","-6","9.9","""""","9.9"
"-2","-6","9.9","""""","9.9"
"-1","-6","9.9","""""","9.9"
"0","-6","9.9","""""","9.9"
"1","-6","9.9","""""","9.9"
"2","-6","9.9","""""","9.9"
"3","-6","9.9","""""","9.9"
"4","-6","9.9","""""","9.9"
"5","-6","9.9","""""","9.9"
"6","-6","9.9","""""","9.9"
"7","-6","9.9","""""","9.9"
"8","-6","9.9","""""","9.9"
"9","-6","9.9","""""","9.9"
"10","-6","9.9","""""","9.9"
"11","-6","9.9","""""","9.9"
"12","-6","9.9","""""","9.9"
"13","-6","9.9","""""","9.9"
"14","-6","9.9","""""","9.9"
"15","-6","9.9","""""","9.9"
"16","-6","9.9","""""","9.9"
"-16","-7","9.9","""""","9.9"
"-15","-7","9.9","""""","9.9"
"-14","-7","9.9","""""","9.9"
"-13","-7","9.9","""""","9.9"
"-12","-7","9.9","""""","9.9"
"-11","-7","9.9","""""","9.9"
"-10","-7","9.9","""""","9.9"
"-9","-7","9.9","""""","9.9"
"-8","-7","9.9","""""","9.9"
"-7","-7","9.9","""""","9.9"
"-6","-7","9.9","""""","9.9"
"-5","-7","9.9","""""","9.9"
"-4","-7","9.9","""""","9.9"
"-3","-7","9.9","""""","9.9"
"-2","-7","9.9","""""","9.9"
"-1","-7","9.9","""""","9.9"
"0","-7","9.9","""""","9.9"
"1","-7","9.9","""""","9.9"
"2","-7","9.9","""""","9.9"
"3","-7","9.9","""""","9.9"
"4","-7","9.9","""""","9.9"
"5","-7","9.9","""""","9.9"
"6","-7","9.9","""""","9.9"
"7","-7","9.9","""""","9.9"
"8","-7","9.9","""""","9.9"
"9","-7","9.9","""""","9.9"
"10","-7","9.9","""""","9.9"
"11","-7","9.9","""""","9.9"
"12","-7","9.9","""""","9.9"
"13","-7","9.9","""""","9.9"
"14","-7","9.9","""""","9.9"
"15","-7","9.9","""""","9.9"
"16","-7","9.9","""""","9.9"
"-16","-8","9.9","""""","9.9"
"-15","-8","9.9","""""","9.9"
"-14","-8","9.9","""""","9.9"
"-13","-8","9.9","""""","9.9"
"-12","-8","9.9","""""","9.9"
"-11","-8","9.9","""""","9.9"
"-10","-8","9.9","""""","9.9"
"-9","-8","9.9","""""","9.9"
"-8","-8","9.9","""""","9.9"
"-7","-8","9.9","""""","9.9"
"-6","-8","9.9","""""","9.9"
"-5","-8","9.9","""""","9.9"
"-4","-8","9.9","""""","9.9"
"-3","-8","9.9","""""","9.9"
"-2","-8","9.9","""""","9.9"
"-1","-8","9.9","""""","9.9"
"0","-8","9.9","""""","9.9"
"1","-8","9.9","""""","9.9"
"2","-8","9.9","""""","9.9"
"3","-8","9.9","""""","9.9"
"4","-8","9.9","""""","9.9"
"5","-8","9.9","""""","9.9"
"6","-8","9.9","""""","9.9"
"7","-8","9.9","""""","9.9"
"8","-8","9.9","""""","9.9"
"9","-8","9.9","""""","9.9"
"10","-8","9.9","""""","9.9"
"11","-8","9.9","""""","9.9"
"12","-8","9.9","""""","9.9"
"13","-8","9.9","""""","9.9"
"14","-8","9.9","""""","9.9"
"15","-8","9.9","""""","9.9"
"16","-8","9.9","""""","9.9"
"-16","-9","9.9","""""","9.9"
"-15","-9","9.9","""""","9.9"
"-14","-9","9.9","""""","9.9"
"-13","-9","9.9","""""","9.9"
"-12","-9","9.9","""""","9.9"
"-11","-9","9.9","""""","9.9"
"-10","-9","9.9","""""","9.9"
"-9","-9","9.9","""""","9.9"
"-8","-9","9.9","""""","9.9"
"-7","-9","9.9","""""","9.9"
"-6","-9","9.9","""""","9.9"
"-5","-9","9.9","""""","9.9"
"-4","-9","9.9","""""","9.9"
"-3","-9","9.9","""""","9.9"
"-2","-9","9.9","""""","9.9"
"-1","-9","9.9","""""","9.9"
"0","-9","9.9","""""","9.9"
"1","-9","9.9","""""","9.9"
"2","-9","9.9","""""","9.9"
"3","-9","9.9","""""","9.9"
"4","-9","9.9","""""","9.9"
"5","-9","9.9","""""","9.9"
"6","-9","9.9","""""","9.9"
"7","-9","9.9","""""","9.9"
"8","-9","9.9","""""","9.9"
"9","-9","9.9","""""","9.9"
"10","-9","9.9","""""","9.9"
"11","-9","9.9","""""","9.9"
"12","-9","9.9","""""","9.9"
"13","-9","9.9","""""","9.9"
"14","-9","9.9","""""","9.9"
"15","-9","9.9","""""","9.9"
"16","-9","9.9","""""","9.9"
"-16","-10","9.9","""""","9.9"
"-15","-10","9.9","""""","9.9"
"-14","-10","9.9","""""","9.9"
"-13","-10","9.9","""""","9.9"
"-12","-10","9.9","""""","9.9"
"-11","-10","9.9","""""","9.9"
"-10","-10","9.9","""""","9.9"
"-9","-10","9.9","""""","9.9"
"-8","-10","9.9","""""","9.9"
"-7","-10","9.9","""""","9.9"
"-6","-10","9.9","""""","9.9"
"-5","-10","9.9","""""","9.9"
"-4","-10","9.9","""""","9.9"
"-3","-10","9.9","""""","9.9"
"-2","-10","9.9","""""","9.9"
"-1","-10","9.9","""""","9.9"
"0","-10","9.9","""""","9.9"
"1","-10","9.9","""""","9.9"
"2","-10","9.9","""""","9.9"
"3","-10","9.9","""""","9.9"
"4","-10","9.9","""""","9.9"
"5","-10","9.9","""""","9.9"
"6","-10","9.9","""""","9.9"
"7","-10","9.9","""""","9.9"
"8","-10","9.9","""""","9.9"
"9","-10","9.9","""""","9.9"
"10","-10","9.9","""""","9.9"
"11","-10","9.9","""""","9.9"
"12","-10","9.9","""""","9.9"
"13","-10","9.9","""""","9.9"
"14","-10","9.9","""""","9.9"
"15","-10","9.9","""""","9.9"
"16","-10","9.9","""""","9.9"
"-16","-11","9.9","""""","9.9"
"-15","-11","9.9","""""","9.9"
"-14","-11","9.9","""""","9.9"
"-13","-11","9.9","""""","9.9"
"-12","-11","9.9","""""","9.9"
"-11","-11","9.9","""""","9.9"
"-10","-11","9.9","""""","9.9"
"-9","-11","9.9","""""","9.9"
"-8","-11","9.9","""""","9.9"
"-7","-11","9.9","""""","9.9"
"-6","-11","9.9","""""","9.9"
"-5","-11","9.9","""""","9.9"
"-4","-11","9.9","""""","9.9"
"-3","-11","9.9","""""","9.9"
"-2","-11","9.9","""""","9.9"
"-1","-11","9.9","""""","9.9"
"0","-11","9.9","""""","9.9"
"1","-11","9.9","""""","9.9"
"2","-11","9.9","""""","9.9"
"3","-11","9.9","""""","9.9"
"4","-11","9.9","""""","9.9"
"5","-11","9.9","""""","9.9"
"6","-11","9.9","""""","9.9"
"7","-11","9.9","""""","9.9"
"8","-11","9.9","""""","9.9"
"9","-11","9.9","""""","9.9"
"10","-11","9.9","""""","9.9"
"11","-11","9.9","""""","9.9"
"12","-11","9.9","""""","9.9"
"13","-11","9.9","""""","9.9"
"14","-11","9.9","""""","9.9"
"15","-11","9.9","""""","9.9"
"16","-11","9.9","""""","9.9"
"-16","-12","9.9","""""","9.9"
"-15","-12","9.9","""""","9.9"
"-14","-12","9.9","""""","9.9"
"-13","-12","9.9","""""","9.9"
"-12","-12","9.9","""""","9.9"
"-11","-12","9.9","""""","9.9"
"-10","-12","9.9","""""","9.9"
"-9","-12","9.9","""""","9.9"
"-8","-12","9.9","""""","9.9"
"-7","-12","9.9","""""","9.9"
"-6","-12","9.9","""""","9.9"
"-5","-12","9.9","""""","9.9"
"-4","-12","9.9","""""","9.9"
"-3","-12","9.9","""""","9.9"
"-2","-12","9.9","""""","9.9"
"-1","-12","9.9","""""","9.9"
"0","-12","9.9","""""","9.9"
"1","-12","9.9","""""","9.9"
"2","-12","9.9","""""","9.9"
"3","-12","9.9","""""","9.9"
"4","-12","9.9","""""","9.9"
"5","-12","9.9","""""","9.9"
"6","-12","9.9","""""","9.9"
"7","-12","9.9","""""","9.9"
"8","-12","9.9","""""","9.9"
"9","-12","9.9","""""","9.9"
"10","-12","9.9","""""","9.9"
"11","-12","9.9","""""","9.9"
"12","-12","9.9","""""","9.9"
"13","-12","9.9","""""","9.9"
"14","-12","9.9","""""","9.9"
"15","-12","9.9","""""","9.9"
"16","-12","9.9","""""","9.9"
"-16","-13","9.9","""""","9.9"
"-15","-13","9.9","""""","9.9"
"-14","-13","9.9","""""","9.9"
"-13","-13","9.9","""""","9.9"
"-12","-13","9.9","""""","9.9"
"-11","-13","9.9","""""","9.9"
"-10","-13","9.9","""""","9.9"
"-9","-13","9.9","""""","9.9"
"-8","-13","9.9","""""","9.9"
"-7","-13","9.9","""""","9.9"
"-6","-13","9.9","""""","9.9"
"-5","-13","9.9","""""","9.9"
"-4","-13","9.9","""""","9.9"
"-3","-13","9.9","""""","9.9"
"-2","-13","9.9","""""","9.9"
"-1","-13","9.9","""""","9.9"
"0","-13","9.9","""""","9.9"
"1","-13","9.9","""""","9.9"
"2","-13","9.9","""""","9.9"
"3","-13","9.9","""""","9.9"
"4","-13","9.9","""""","9.9"
"5","-13","9.9","""""","9.9"
"6","-13","9.9","""""","9.9"
"7","-13","9.9","""""","9.9"
"8","-13","9.9","""""","9.9"
"9","-13","9.9","""""","9.9"
"10","-13","9.9","""""","9.9"
"11","-13","9.9","""""","9.9"
"12","-13","9.9","""""","9.9"
"13","-13","9.9","""""","9.9"
"14","-13","9.9","""""","9.9"
"15","-13","9.9","""""","9.9"
"16","-13","9.9","""""","9.9"
"-16","-14","9.9","""""","9.9"
"-15","-14","9.9","""""","9.9"
"-14","-14","9.9","""""","9.9"
"-13","-14","9.9","""""","9.9"
"-12","-14","9.9","""""","9.9"
"-11","-14","9.9","""""","9.9"
"-10","-14","9.9","""""","9.9"
"-9","-14","9.9","""""","9.9"
"-8","-14","9.9","""""","9.9"
"-7","-14","9.9","""""","9.9"
"-6","-14","9.9","""""","9.9"
"-5","-14","9.9","""""","9.9"
"-4","-14","9.9","""""","9.9"
"-3","-14","9.9","""""","9.9"
"-2","-14","9.9","""""","9.9"
"-1","-14","9.9","""""","9.9"
"0","-14","9.9","""""","9.9"
"1","-14","9.9","""""","9.9"
"2","-14","9.9","""""","9.9"
"3","-14","9.9","""""","9.9"
"4","-14","9.9","""""","9.9"
"5","-14","9.9","""""","9.9"
"6","-14","9.9","""""","9.9"
"7","-14","9.9","""""","9.9"
"8","-14","9.9","""""","9.9"
"9","-14","9.9","""""","9.9"
"10","-14","9.9","""""","9.9"
"11","-14","9.9","""""","9.9"
"12","-14","9.9","""""","9.9"
"13","-14","9.9","""""","9.9"
"14","-14","9.9","""""","9.9"
"15","-14","9.9","""""","9.9"
"16","-14","9.9","""""","9.9"
"-16","-15","9.9","""""","9.9"
"-15","-15","9.9","""""","9.9"
"-14","-15","9.9","""""","9.9"
"-13","-15","9.9","""""","9.9"
"-12","-15","9.9","""""","9.9"
"-11","-15","9.9","""""","9.9"
"-10","-15","9.9","""""","9.9"
"-9","-15","9.9","""""","9.9"
"-8","-15","9.9","""""","9.9"
"-7","-15","9.9","""""","9.9"
"-6","-15","9.9","""""","9.9"
"-5","-15","9.9","""""","9.9"
"-4","-15","9.9","""""","9.9"
"-3","-15","9.9","""""","9.9"
"-2","-15","9.9","""""","9.9"
"-1","-15","9.9","""""","9.9"
"0","-15","9.9","""""","9.9"
"1","-15","9.9","""""","9.9"
"2","-15","9.9","""""","9.9"
"3","-15","9.9","""""","9.9"
"4","-15","9.9","""""","9.9"
"5","-15","9.9","""""","9.9"
"6","-15","9.9","""""","9.9"
"7","-15","9.9","""""","9.9"
"8","-15","9.9","""""","9.9"
"9","-15","9.9","""""","9.9"
"10","-15","9.9","""""","9.9"
"11","-15","9.9","""""","9.9"
"12","-15","9.9","""""","9.9"
"13","-15","9.9","""""","9.9"
"14","-15","9.9","""""","9.9"
"15","-15","9.9","""""","9.9"
"16","-15","9.9","""""","9.9"
"-16","-16","9.9","""""","9.9"
"-15","-16","9.9","""""","9.9"
"-14","-16","9.9","""""","9.9"
"-13","-16","9.9","""""","9.9"
"-12","-16","9.9","""""","9.9"
"-11","-16","9.9","""""","9.9"
"-10","-16","9.9","""""","9.9"
"-9","-16","9.9","""""","9.9"
"-8","-16","9.9","""""","9.9"
"-7","-16","9.9","""""","9.9"
"-6","-16","9.9","""""","9.9"
"-5","-16","9.9","""""","9.9"
"-4","-16","9.9","""""","9.9"
"-3","-16","9.9","""""","9.9"
"-2","-16","9.9","""""","9.9"
"-1","-16","9.9","""""","9.9"
"0","-16","9.9","""""","9.9"
"1","-16","9.9","""""","9.9"
"2","-16","9.9","""""","9.9"
"3","-16","9.9","""""","9.9"
"4","-16","9.9","""""","9.9"
"5","-16","9.9","""""","9.9"
"6","-16","9.9","""""","9.9"
"7","-16","9.9","""""","9.9"
"8","-16","9.9","""""","9.9"
"9","-16","9.9","""""","9.9"
"10","-16","9.9","""""","9.9"
"11","-16","9.9","""""","9.9"
"12","-16","9.9","""""","9.9"
"13","-16","9.9","""""","9.9"
"14","-16","9.9","""""","9.9"
"15","-16","9.9","""""","9.9"
"16","-16","9.9","""""","9.9"

"LINKS"
"end1","end2","color","label","label-color","hidden?","breed","thickness","shape","tie-mode","weight"
"{citizen 0}","{citizen 1}","[85 0 170 100]","""""","9.9","false","{breed social-friends}","0","""default""","""none""","0"
"{citizen 0}","{citizen 2}","[85 0 170 100]","""""","9.9","false","{breed social-friends}","0","""default""","""none""","0"
"{citizen 0}","{citizen 3}","[85 0 170 100]","""""","9.9","false","{breed social-friends}","0","""default""","""none""","0"
"{citizen 0}","{citizen 4}","[85 0 170 100]","""""","9.9","false","{breed social-friends}","0","""default""","""none""","0"
"{citizen 0}","{citizen 5}","[85 0 170 100]","""""","9.9","false","{breed social-friends}","0","""default""","""none""","0"
"{citizen 0}","{citizen 6}","[141 141 141 100]","""""","9.9","false","{breed social-friends}","0","""default""","""none""","0"
"{citizen 0}","{citizen 7}","[85 0 170 100]","""""","9.9","false","{breed social-friends}","0","""default""","""none""","0"
"{citizen 0}","{citizen 8}","[85 0 170 100]","""""","9.9","false","{breed social-friends}","0","""default""","""none""","0"
"{citizen 0}","{citizen 9}","[85 0 170 100]","""""","9.9","false","{breed social-friends}","0","""default""","""none""","0"
"{citizen 0}","{citizen 10}","[141 141 141 100]","""""","9.9","false","{breed social-friends}","0","""default""","""none""","0"
"{citizen 0}","{citizen 11}","[141 141 141 100]","""""","9.9","false","{breed social-friends}","0","""default""","""none""","0"
"{citizen 0}","{citizen 12}","[85 0 170 100]","""""","9.9","false","{breed social-friends}","0","""default""","""none""","0"
"{citizen 0}","{citizen 13}","[141 141 141 100]","""""","9.9","false","{breed social-friends}","0","""default""","""none""","0"
"{citizen 0}","{citizen 14}","[141 141 141 100]","""""","9.9","false","{breed social-friends}","0","""default""","""none""","0"
"{citizen 0}","{citizen 15}","[85 0 170 100]","""""","9.9","false","{breed social-friends}","0","""default""","""none""","0"
"{citizen 0}","{citizen 16}","[85 0 170 100]","""""","9.9","false","{breed social-friends}","0","""default""","""none""","0"
"{citizen 0}","{citizen 17}","[141 141 141 100]","""""","9.9","false","{breed social-friends}","0","""default""","""none""","0"
"{citizen 0}","{citizen 18}","[85 0 170 100]","""""","9.9","false","{breed social-friends}","0","""default""","""none""","0"
"{citizen 0}","{citizen 19}","[85 0 170 100]","""""","9.9","false","{breed social-friends}","0","""default""","""none""","0"
"{citizen 0}","{citizen 20}","[141 141 141 100]","""""","9.9","false","{breed social-friends}","0","""default""","""none""","0"
"{citizen 0}","{citizen 21}","[85 0 170 100]","""""","9.9","false","{breed social-friends}","0","""default""","""none""","0"
"{citizen 0}","{citizen 22}","[85 0 170 100]","""""","9.9","false","{breed social-friends}","0","""default""","""none""","0"
"{citizen 0}","{citizen 23}","[85 0 170 100]","""""","9.9","false","{breed social-friends}","0","""default""","""none""","0"
"{citizen 0}","{citizen 24}","[141 141 141 100]","""""","9.9","false","{breed social-friends}","0","""default""","""none""","0"
"{citizen 0}","{citizen 25}","[85 0 170 100]","""""","9.9","false","{breed social-friends}","0","""default""","""none""","0"
"{citizen 0}","{citizen 26}","[85 0 170 100]","""""","9.9","false","{breed social-friends}","0","""default""","""none""","0"
"{citizen 0}","{citizen 27}","[141 141 141 100]","""""","9.9","false","{breed social-friends}","0","""default""","""none""","0"
"{citizen 0}","{citizen 28}","[85 0 170 100]","""""","9.9","false","{breed social-friends}","0","""default""","""none""","0"
"{citizen 0}","{citizen 29}","[85 0 170 100]","""""","9.9","false","{breed social-friends}","0","""default""","""none""","0"
"{citizen 0}","{citizen 30}","[85 0 170 100]","""""","9.9","false","{breed social-friends}","0","""default""","""none""","0"
"{citizen 0}","{citizen 31}","[85 0 170 100]","""""","9.9","false","{breed social-friends}","0","""default""","""none""","0"
"{citizen 0}","{citizen 32}","[85 0 170 100]","""""","9.9","false","{breed social-friends}","0","""default""","""none""","0"
"{citizen 0}","{citizen 33}","[85 0 170 100]","""""","9.9","false","{breed social-friends}","0","""default""","""none""","0"
"{citizen 0}","{citizen 34}","[141 141 141 100]","""""","9.9","false","{breed social-friends}","0","""default""","""none""","0"
"{citizen 0}","{citizen 35}","[85 0 170 100]","""""","9.9","false","{breed social-friends}","0","""default""","""none""","0"
"{citizen 0}","{citizen 36}","[141 141 141 100]","""""","9.9","false","{breed social-friends}","0","""default""","""none""","0"
"{citizen 0}","{citizen 37}","[85 0 170 100]","""""","9.9","false","{breed social-friends}","0","""default""","""none""","0"
"{citizen 0}","{citizen 38}","[85 0 170 100]","""""","9.9","false","{breed social-friends}","0","""default""","""none""","0"
"{citizen 0}","{citizen 39}","[141 141 141 100]","""""","9.9","false","{breed social-friends}","0","""default""","""none""","0"
"{citizen 0}","{citizen 40}","[141 141 141 100]","""""","9.9","false","{breed social-friends}","0","""default""","""none""","0"
"{citizen 0}","{citizen 41}","[85 0 170 100]","""""","9.9","false","{breed social-friends}","0","""default""","""none""","0"
"{citizen 0}","{citizen 42}","[141 141 141 100]","""""","9.9","false","{breed social-friends}","0","""default""","""none""","0"
"{citizen 0}","{citizen 43}","[141 141 141 100]","""""","9.9","false","{breed social-friends}","0","""default""","""none""","0"
"{citizen 0}","{citizen 44}","[85 0 170 100]","""""","9.9","false","{breed social-friends}","0","""default""","""none""","0"
"{citizen 0}","{citizen 45}","[85 0 170 100]","""""","9.9","false","{breed social-friends}","0","""default""","""none""","0"
"{citizen 0}","{citizen 46}","[141 141 141 100]","""""","9.9","false","{breed social-friends}","0","""default""","""none""","0"
"{citizen 0}","{citizen 47}","[85 0 170 100]","""""","9.9","false","{breed social-friends}","0","""default""","""none""","0"
"{citizen 0}","{citizen 48}","[141 141 141 100]","""""","9.9","false","{breed social-friends}","0","""default""","""none""","0"
"{citizen 0}","{citizen 49}","[141 141 141 100]","""""","9.9","false","{breed social-friends}","0","""default""","""none""","0"
"{citizen 1}","{citizen 0}","[85 0 170 100]","""""","9.9","false","{breed social-friends}","0","""default""","""none""","0"
"{citizen 1}","{citizen 2}","[85 0 170 100]","""""","9.9","false","{breed social-friends}","0","""default""","""none""","0"
"{citizen 1}","{citizen 3}","[85 0 170 100]","""""","9.9","false","{breed social-friends}","0","""default""","""none""","0"
"{citizen 1}","{citizen 4}","[85 0 170 100]","""""","9.9","false","{breed social-friends}","0","""default""","""none""","0"
"{citizen 1}","{citizen 5}","[85 0 170 100]","""""","9.9","false","{breed social-friends}","0","""default""","""none""","0"
"{citizen 1}","{citizen 6}","[141 141 141 100]","""""","9.9","false","{breed social-friends}","0","""default""","""none""","0"
"{citizen 1}","{citizen 7}","[85 0 170 100]","""""","9.9","false","{breed social-friends}","0","""default""","""none""","0"
"{citizen 1}","{citizen 8}","[85 0 170 100]","""""","9.9","false","{breed social-friends}","0","""default""","""none""","0"
"{citizen 1}","{citizen 9}","[85 0 170 100]","""""","9.9","false","{breed social-friends}","0","""default""","""none""","0"
"{citizen 1}","{citizen 10}","[141 141 141 100]","""""","9.9","false","{breed social-friends}","0","""default""","""none""","0"
"{citizen 1}","{citizen 11}","[141 141 141 100]","""""","9.9","false","{breed social-friends}","0","""default""","""none""","0"
"{citizen 1}","{citizen 12}","[85 0 170 100]","""""","9.9","false","{breed social-friends}","0","""default""","""none""","0"
"{citizen 1}","{citizen 13}","[141 141 141 100]","""""","9.9","false","{breed social-friends}","0","""default""","""none""","0"
"{citizen 1}","{citizen 14}","[141 141 141 100]","""""","9.9","false","{breed social-friends}","0","""default""","""none""","0"
"{citizen 1}","{citizen 15}","[85 0 170 100]","""""","9.9","false","{breed social-friends}","0","""default""","""none""","0"
"{citizen 1}","{citizen 16}","[85 0 170 100]","""""","9.9","false","{breed social-friends}","0","""default""","""none""","0"
"{citizen 1}","{citizen 17}","[141 141 141 100]","""""","9.9","false","{breed social-friends}","0","""default""","""none""","0"
"{citizen 1}","{citizen 18}","[85 0 170 100]","""""","9.9","false","{breed social-friends}","0","""default""","""none""","0"
"{citizen 1}","{citizen 19}","[85 0 170 100]","""""","9.9","false","{breed social-friends}","0","""default""","""none""","0"
"{citizen 1}","{citizen 20}","[141 141 141 100]","""""","9.9","false","{breed social-friends}","0","""default""","""none""","0"
"{citizen 1}","{citizen 21}","[85 0 170 100]","""""","9.9","false","{breed social-friends}","0","""default""","""none""","0"
"{citizen 1}","{citizen 22}","[85 0 170 100]","""""","9.9","false","{breed social-friends}","0","""default""","""none""","0"
"{citizen 1}","{citizen 23}","[85 0 170 100]","""""","9.9","false","{breed social-friends}","0","""default""","""none""","0"
"{citizen 1}","{citizen 24}","[141 141 141 100]","""""","9.9","false","{breed social-friends}","0","""default""","""none""","0"
"{citizen 1}","{citizen 25}","[85 0 170 100]","""""","9.9","false","{breed social-friends}","0","""default""","""none""","0"
"{citizen 1}","{citizen 26}","[85 0 170 100]","""""","9.9","false","{breed social-friends}","0","""default""","""none""","0"
"{citizen 1}","{citizen 27}","[141 141 141 100]","""""","9.9","false","{breed social-friends}","0","""default""","""none""","0"
"{citizen 1}","{citizen 28}","[85 0 170 100]","""""","9.9","false","{breed social-friends}","0","""default""","""none""","0"
"{citizen 1}","{citizen 29}","[85 0 170 100]","""""","9.9","false","{breed social-friends}","0","""default""","""none""","0"
"{citizen 1}","{citizen 30}","[85 0 170 100]","""""","9.9","false","{breed social-friends}","0","""default""","""none""","0"
"{citizen 1}","{citizen 31}","[85 0 170 100]","""""","9.9","false","{breed social-friends}","0","""default""","""none""","0"
"{citizen 1}","{citizen 32}","[85 0 170 100]","""""","9.9","false","{breed social-friends}","0","""default""","""none""","0"
"{citizen 1}","{citizen 33}","[85 0 170 100]","""""","9.9","false","{breed social-friends}","0","""default""","""none""","0"
"{citizen 1}","{citizen 34}","[141 141 141 100]","""""","9.9","false","{breed social-friends}","0","""default""","""none""","0"
"{citizen 1}","{citizen 35}","[85 0 170 100]","""""","9.9","false","{breed social-friends}","0","""default""","""none""","0"
"{citizen 1}","{citizen 36}","[141 141 141 100]","""""","9.9","false","{breed social-friends}","0","""default""","""none""","0"
"{citizen 1}","{citizen 37}","[85 0 170 100]","""""","9.9","false","{breed social-friends}","0","""default""","""none""","0"
"{citizen 1}","{citizen 38}","[85 0 170 100]","""""","9.9","false","{breed social-friends}","0","""default""","""none""","0"
"{citizen 1}","{citizen 39}","[141 141 141 100]","""""","9.9","false","{breed social-friends}","0","""default""","""none""","0"
"{citizen 1}","{citizen 40}","[141 141 141 100]","""""","9.9","false","{breed social-friends}","0","""default""","""none""","0"
"{citizen 1}","{citizen 41}","[85 0 170 100]","""""","9.9","false","{breed social-friends}","0","""default""","""none""","0"
"{citizen 1}","{citizen 42}","[141 141 141 100]","""""","9.9","false","{breed social-friends}","0","""default""","""none""","0"
"{citizen 1}","{citizen 43}","[141 141 141 100]","""""","9.9","false","{breed social-friends}","0","""default""","""none""","0"
"{citizen 1}","{citizen 44}","[85 0 170 100]","""""","9.9","false","{breed social-friends}","0","""default""","""none""","0"
"{citizen 1}","{citizen 45}","[85 0 170 100]","""""","9.9","false","{breed social-friends}","0","""default""","""none""","0"
"{citizen 1}","{citizen 46}","[141 141 141 100]","""""","9.9","false","{breed social-friends}","0","""default""","""none""","0"
"{citizen 1}","{citizen 47}","[85 0 170 100]","""""","9.9","false","{breed social-friends}","0","""default""","""none""","0"
"{citizen 1}","{citizen 48}","[141 141 141 100]","""""","9.9","false","{breed social-friends}","0","""default""","""none""","0"
"{citizen 1}","{citizen 49}","[141 141 141 100]","""""","9.9","false","{breed social-friends}","0","""default""","""none""","0"
"{citizen 2}","{citizen 0}","[85 0 170 100]","""""","9.9","false","{breed social-friends}","0","""default""","""none""","0"
"{citizen 2}","{citizen 1}","[85 0 170 100]","""""","9.9","false","{breed social-friends}","0","""default""","""none""","0"
"{citizen 2}","{citizen 3}","[85 0 170 100]","""""","9.9","false","{breed social-friends}","0","""default""","""none""","0"
"{citizen 2}","{citizen 4}","[85 0 170 100]","""""","9.9","false","{breed social-friends}","0","""default""","""none""","0"
"{citizen 2}","{citizen 5}","[85 0 170 100]","""""","9.9","false","{breed social-friends}","0","""default""","""none""","0"
"{citizen 2}","{citizen 6}","[141 141 141 100]","""""","9.9","false","{breed social-friends}","0","""default""","""none""","0"
"{citizen 2}","{citizen 7}","[85 0 170 100]","""""","9.9","false","{breed social-friends}","0","""default""","""none""","0"
"{citizen 2}","{citizen 8}","[85 0 170 100]","""""","9.9","false","{breed social-friends}","0","""default""","""none""","0"
"{citizen 2}","{citizen 9}","[85 0 170 100]","""""","9.9","false","{breed social-friends}","0","""default""","""none""","0"
"{citizen 2}","{citizen 10}","[141 141 141 100]","""""","9.9","false","{breed social-friends}","0","""default""","""none""","0"
"{citizen 2}","{citizen 11}","[141 141 141 100]","""""","9.9","false","{breed social-friends}","0","""default""","""none""","0"
"{citizen 2}","{citizen 12}","[85 0 170 100]","""""","9.9","false","{breed social-friends}","0","""default""","""none""","0"
"{citizen 2}","{citizen 13}","[141 141 141 100]","""""","9.9","false","{breed social-friends}","0","""default""","""none""","0"
"{citizen 2}","{citizen 14}","[141 141 141 100]","""""","9.9","false","{breed social-friends}","0","""default""","""none""","0"
"{citizen 2}","{citizen 15}","[85 0 170 100]","""""","9.9","false","{breed social-friends}","0","""default""","""none""","0"
"{citizen 2}","{citizen 16}","[85 0 170 100]","""""","9.9","false","{breed social-friends}","0","""default""","""none""","0"
"{citizen 2}","{citizen 17}","[141 141 141 100]","""""","9.9","false","{breed social-friends}","0","""default""","""none""","0"
"{citizen 2}","{citizen 18}","[85 0 170 100]","""""","9.9","false","{breed social-friends}","0","""default""","""none""","0"
"{citizen 2}","{citizen 19}","[85 0 170 100]","""""","9.9","false","{breed social-friends}","0","""default""","""none""","0"
"{citizen 2}","{citizen 20}","[141 141 141 100]","""""","9.9","false","{breed social-friends}","0","""default""","""none""","0"
"{citizen 2}","{citizen 21}","[85 0 170 100]","""""","9.9","false","{breed social-friends}","0","""default""","""none""","0"
"{citizen 2}","{citizen 22}","[85 0 170 100]","""""","9.9","false","{breed social-friends}","0","""default""","""none""","0"
"{citizen 2}","{citizen 23}","[85 0 170 100]","""""","9.9","false","{breed social-friends}","0","""default""","""none""","0"
"{citizen 2}","{citizen 24}","[141 141 141 100]","""""","9.9","false","{breed social-friends}","0","""default""","""none""","0"
"{citizen 2}","{citizen 25}","[85 0 170 100]","""""","9.9","false","{breed social-friends}","0","""default""","""none""","0"
"{citizen 2}","{citizen 26}","[85 0 170 100]","""""","9.9","false","{breed social-friends}","0","""default""","""none""","0"
"{citizen 2}","{citizen 27}","[141 141 141 100]","""""","9.9","false","{breed social-friends}","0","""default""","""none""","0"
"{citizen 2}","{citizen 28}","[85 0 170 100]","""""","9.9","false","{breed social-friends}","0","""default""","""none""","0"
"{citizen 2}","{citizen 29}","[85 0 170 100]","""""","9.9","false","{breed social-friends}","0","""default""","""none""","0"
"{citizen 2}","{citizen 30}","[85 0 170 100]","""""","9.9","false","{breed social-friends}","0","""default""","""none""","0"
"{citizen 2}","{citizen 31}","[85 0 170 100]","""""","9.9","false","{breed social-friends}","0","""default""","""none""","0"
"{citizen 2}","{citizen 32}","[85 0 170 100]","""""","9.9","false","{breed social-friends}","0","""default""","""none""","0"
"{citizen 2}","{citizen 33}","[85 0 170 100]","""""","9.9","false","{breed social-friends}","0","""default""","""none""","0"
"{citizen 2}","{citizen 34}","[141 141 141 100]","""""","9.9","false","{breed social-friends}","0","""default""","""none""","0"
"{citizen 2}","{citizen 35}","[85 0 170 100]","""""","9.9","false","{breed social-friends}","0","""default""","""none""","0"
"{citizen 2}","{citizen 36}","[141 141 141 100]","""""","9.9","false","{breed social-friends}","0","""default""","""none""","0"
"{citizen 2}","{citizen 37}","[85 0 170 100]","""""","9.9","false","{breed social-friends}","0","""default""","""none""","0"
"{citizen 2}","{citizen 38}","[85 0 170 100]","""""","9.9","false","{breed social-friends}","0","""default""","""none""","0"
"{citizen 2}","{citizen 39}","[141 141 141 100]","""""","9.9","false","{breed social-friends}","0","""default""","""none""","0"
"{citizen 2}","{citizen 40}","[141 141 141 100]","""""","9.9","false","{breed social-friends}","0","""default""","""none""","0"
"{citizen 2}","{citizen 41}","[85 0 170 100]","""""","9.9","false","{breed social-friends}","0","""default""","""none""","0"
"{citizen 2}","{citizen 42}","[141 141 141 100]","""""","9.9","false","{breed social-friends}","0","""default""","""none""","0"
"{citizen 2}","{citizen 43}","[141 141 141 100]","""""","9.9","false","{breed social-friends}","0","""default""","""none""","0"
"{citizen 2}","{citizen 44}","[85 0 170 100]","""""","9.9","false","{breed social-friends}","0","""default""","""none""","0"
"{citizen 2}","{citizen 45}","[85 0 170 100]","""""","9.9","false","{breed social-friends}","0","""default""","""none""","0"
"{citizen 2}","{citizen 46}","[141 141 141 100]","""""","9.9","false","{breed social-friends}","0","""default""","""none""","0"
"{citizen 2}","{citizen 47}","[85 0 170 100]","""""","9.9","false","{breed social-friends}","0","""default""","""none""","0"
"{citizen 2}","{citizen 48}","[141 141 141 100]","""""","9.9","false","{breed social-friends}","0","""default""","""none""","0"
"{citizen 2}","{citizen 49}","[141 141 141 100]","""""","9.9","false","{breed social-friends}","0","""default""","""none""","0"
"{citizen 3}","{citizen 0}","[85 0 170 100]","""""","9.9","false","{breed social-friends}","0","""default""","""none""","0"
"{citizen 3}","{citizen 1}","[85 0 170 100]","""""","9.9","false","{breed social-friends}","0","""default""","""none""","0"
"{citizen 3}","{citizen 2}","[85 0 170 100]","""""","9.9","false","{breed social-friends}","0","""default""","""none""","0"
"{citizen 3}","{citizen 4}","[85 0 170 100]","""""","9.9","false","{breed social-friends}","0","""default""","""none""","0"
"{citizen 3}","{citizen 5}","[85 0 170 100]","""""","9.9","false","{breed social-friends}","0","""default""","""none""","0"
"{citizen 3}","{citizen 6}","[141 141 141 100]","""""","9.9","false","{breed social-friends}","0","""default""","""none""","0"
"{citizen 3}","{citizen 7}","[85 0 170 100]","""""","9.9","false","{breed social-friends}","0","""default""","""none""","0"
"{citizen 3}","{citizen 8}","[85 0 170 100]","""""","9.9","false","{breed social-friends}","0","""default""","""none""","0"
"{citizen 3}","{citizen 9}","[85 0 170 100]","""""","9.9","false","{breed social-friends}","0","""default""","""none""","0"
"{citizen 3}","{citizen 10}","[141 141 141 100]","""""","9.9","false","{breed social-friends}","0","""default""","""none""","0"
"{citizen 3}","{citizen 11}","[141 141 141 100]","""""","9.9","false","{breed social-friends}","0","""default""","""none""","0"
"{citizen 3}","{citizen 12}","[85 0 170 100]","""""","9.9","false","{breed social-friends}","0","""default""","""none""","0"
"{citizen 3}","{citizen 13}","[141 141 141 100]","""""","9.9","false","{breed social-friends}","0","""default""","""none""","0"
"{citizen 3}","{citizen 14}","[141 141 141 100]","""""","9.9","false","{breed social-friends}","0","""default""","""none""","0"
"{citizen 3}","{citizen 15}","[85 0 170 100]","""""","9.9","false","{breed social-friends}","0","""default""","""none""","0"
"{citizen 3}","{citizen 16}","[85 0 170 100]","""""","9.9","false","{breed social-friends}","0","""default""","""none""","0"
"{citizen 3}","{citizen 17}","[141 141 141 100]","""""","9.9","false","{breed social-friends}","0","""default""","""none""","0"
"{citizen 3}","{citizen 18}","[85 0 170 100]","""""","9.9","false","{breed social-friends}","0","""default""","""none""","0"
"{citizen 3}","{citizen 19}","[85 0 170 100]","""""","9.9","false","{breed social-friends}","0","""default""","""none""","0"
"{citizen 3}","{citizen 20}","[141 141 141 100]","""""","9.9","false","{breed social-friends}","0","""default""","""none""","0"
"{citizen 3}","{citizen 21}","[85 0 170 100]","""""","9.9","false","{breed social-friends}","0","""default""","""none""","0"
"{citizen 3}","{citizen 22}","[85 0 170 100]","""""","9.9","false","{breed social-friends}","0","""default""","""none""","0"
"{citizen 3}","{citizen 23}","[85 0 170 100]","""""","9.9","false","{breed social-friends}","0","""default""","""none""","0"
"{citizen 3}","{citizen 24}","[141 141 141 100]","""""","9.9","false","{breed social-friends}","0","""default""","""none""","0"
"{citizen 3}","{citizen 25}","[85 0 170 100]","""""","9.9","false","{breed social-friends}","0","""default""","""none""","0"
"{citizen 3}","{citizen 26}","[85 0 170 100]","""""","9.9","false","{breed social-friends}","0","""default""","""none""","0"
"{citizen 3}","{citizen 27}","[141 141 141 100]","""""","9.9","false","{breed social-friends}","0","""default""","""none""","0"
"{citizen 3}","{citizen 28}","[85 0 170 100]","""""","9.9","false","{breed social-friends}","0","""default""","""none""","0"
"{citizen 3}","{citizen 29}","[85 0 170 100]","""""","9.9","false","{breed social-friends}","0","""default""","""none""","0"
"{citizen 3}","{citizen 30}","[85 0 170 100]","""""","9.9","false","{breed social-friends}","0","""default""","""none""","0"
"{citizen 3}","{citizen 31}","[85 0 170 100]","""""","9.9","false","{breed social-friends}","0","""default""","""none""","0"
"{citizen 3}","{citizen 32}","[85 0 170 100]","""""","9.9","false","{breed social-friends}","0","""default""","""none""","0"
"{citizen 3}","{citizen 33}","[85 0 170 100]","""""","9.9","false","{breed social-friends}","0","""default""","""none""","0"
"{citizen 3}","{citizen 34}","[141 141 141 100]","""""","9.9","false","{breed social-friends}","0","""default""","""none""","0"
"{citizen 3}","{citizen 35}","[85 0 170 100]","""""","9.9","false","{breed social-friends}","0","""default""","""none""","0"
"{citizen 3}","{citizen 36}","[141 141 141 100]","""""","9.9","false","{breed social-friends}","0","""default""","""none""","0"
"{citizen 3}","{citizen 37}","[85 0 170 100]","""""","9.9","false","{breed social-friends}","0","""default""","""none""","0"
"{citizen 3}","{citizen 38}","[85 0 170 100]","""""","9.9","false","{breed social-friends}","0","""default""","""none""","0"
"{citizen 3}","{citizen 39}","[141 141 141 100]","""""","9.9","false","{breed social-friends}","0","""default""","""none""","0"
"{citizen 3}","{citizen 40}","[141 141 141 100]","""""","9.9","false","{breed social-friends}","0","""default""","""none""","0"
"{citizen 3}","{citizen 41}","[85 0 170 100]","""""","9.9","false","{breed social-friends}","0","""default""","""none""","0"
"{citizen 3}","{citizen 42}","[141 141 141 100]","""""","9.9","false","{breed social-friends}","0","""default""","""none""","0"
"{citizen 3}","{citizen 43}","[141 141 141 100]","""""","9.9","false","{breed social-friends}","0","""default""","""none""","0"
"{citizen 3}","{citizen 44}","[85 0 170 100]","""""","9.9","false","{breed social-friends}","0","""default""","""none""","0"
"{citizen 3}","{citizen 45}","[85 0 170 100]","""""","9.9","false","{breed social-friends}","0","""default""","""none""","0"
"{citizen 3}","{citizen 46}","[141 141 141 100]","""""","9.9","false","{breed social-friends}","0","""default""","""none""","0"
"{citizen 3}","{citizen 47}","[85 0 170 100]","""""","9.9","false","{breed social-friends}","0","""default""","""none""","0"
"{citizen 3}","{citizen 48}","[141 141 141 100]","""""","9.9","false","{breed social-friends}","0","""default""","""none""","0"
"{citizen 3}","{citizen 49}","[141 141 141 100]","""""","9.9","false","{breed social-friends}","0","""default""","""none""","0"
"{citizen 4}","{citizen 0}","[85 0 170 100]","""""","9.9","false","{breed social-friends}","0","""default""","""none""","0"
"{citizen 4}","{citizen 1}","[85 0 170 100]","""""","9.9","false","{breed social-friends}","0","""default""","""none""","0"
"{citizen 4}","{citizen 2}","[85 0 170 100]","""""","9.9","false","{breed social-friends}","0","""default""","""none""","0"
"{citizen 4}","{citizen 3}","[85 0 170 100]","""""","9.9","false","{breed social-friends}","0","""default""","""none""","0"
"{citizen 4}","{citizen 5}","[85 0 170 100]","""""","9.9","false","{breed social-friends}","0","""default""","""none""","0"
"{citizen 4}","{citizen 6}","[141 141 141 100]","""""","9.9","false","{breed social-friends}","0","""default""","""none""","0"
"{citizen 4}","{citizen 7}","[85 0 170 100]","""""","9.9","false","{breed social-friends}","0","""default""","""none""","0"
"{citizen 4}","{citizen 8}","[85 0 170 100]","""""","9.9","false","{breed social-friends}","0","""default""","""none""","0"
"{citizen 4}","{citizen 9}","[85 0 170 100]","""""","9.9","false","{breed social-friends}","0","""default""","""none""","0"
"{citizen 4}","{citizen 10}","[141 141 141 100]","""""","9.9","false","{breed social-friends}","0","""default""","""none""","0"
"{citizen 4}","{citizen 11}","[141 141 141 100]","""""","9.9","false","{breed social-friends}","0","""default""","""none""","0"
"{citizen 4}","{citizen 12}","[85 0 170 100]","""""","9.9","false","{breed social-friends}","0","""default""","""none""","0"
"{citizen 4}","{citizen 13}","[141 141 141 100]","""""","9.9","false","{breed social-friends}","0","""default""","""none""","0"
"{citizen 4}","{citizen 14}","[141 141 141 100]","""""","9.9","false","{breed social-friends}","0","""default""","""none""","0"
"{citizen 4}","{citizen 15}","[85 0 170 100]","""""","9.9","false","{breed social-friends}","0","""default""","""none""","0"
"{citizen 4}","{citizen 16}","[85 0 170 100]","""""","9.9","false","{breed social-friends}","0","""default""","""none""","0"
"{citizen 4}","{citizen 17}","[141 141 141 100]","""""","9.9","false","{breed social-friends}","0","""default""","""none""","0"
"{citizen 4}","{citizen 18}","[85 0 170 100]","""""","9.9","false","{breed social-friends}","0","""default""","""none""","0"
"{citizen 4}","{citizen 19}","[85 0 170 100]","""""","9.9","false","{breed social-friends}","0","""default""","""none""","0"
"{citizen 4}","{citizen 20}","[141 141 141 100]","""""","9.9","false","{breed social-friends}","0","""default""","""none""","0"
"{citizen 4}","{citizen 21}","[85 0 170 100]","""""","9.9","false","{breed social-friends}","0","""default""","""none""","0"
"{citizen 4}","{citizen 22}","[85 0 170 100]","""""","9.9","false","{breed social-friends}","0","""default""","""none""","0"
"{citizen 4}","{citizen 23}","[85 0 170 100]","""""","9.9","false","{breed social-friends}","0","""default""","""none""","0"
"{citizen 4}","{citizen 24}","[141 141 141 100]","""""","9.9","false","{breed social-friends}","0","""default""","""none""","0"
"{citizen 4}","{citizen 25}","[85 0 170 100]","""""","9.9","false","{breed social-friends}","0","""default""","""none""","0"
"{citizen 4}","{citizen 26}","[85 0 170 100]","""""","9.9","false","{breed social-friends}","0","""default""","""none""","0"
"{citizen 4}","{citizen 27}","[141 141 141 100]","""""","9.9","false","{breed social-friends}","0","""default""","""none""","0"
"{citizen 4}","{citizen 28}","[85 0 170 100]","""""","9.9","false","{breed social-friends}","0","""default""","""none""","0"
"{citizen 4}","{citizen 29}","[85 0 170 100]","""""","9.9","false","{breed social-friends}","0","""default""","""none""","0"
"{citizen 4}","{citizen 30}","[85 0 170 100]","""""","9.9","false","{breed social-friends}","0","""default""","""none""","0"
"{citizen 4}","{citizen 31}","[85 0 170 100]","""""","9.9","false","{breed social-friends}","0","""default""","""none""","0"
"{citizen 4}","{citizen 32}","[85 0 170 100]","""""","9.9","false","{breed social-friends}","0","""default""","""none""","0"
"{citizen 4}","{citizen 33}","[85 0 170 100]","""""","9.9","false","{breed social-friends}","0","""default""","""none""","0"
"{citizen 4}","{citizen 34}","[141 141 141 100]","""""","9.9","false","{breed social-friends}","0","""default""","""none""","0"
"{citizen 4}","{citizen 35}","[85 0 170 100]","""""","9.9","false","{breed social-friends}","0","""default""","""none""","0"
"{citizen 4}","{citizen 36}","[141 141 141 100]","""""","9.9","false","{breed social-friends}","0","""default""","""none""","0"
"{citizen 4}","{citizen 37}","[85 0 170 100]","""""","9.9","false","{breed social-friends}","0","""default""","""none""","0"
"{citizen 4}","{citizen 38}","[85 0 170 100]","""""","9.9","false","{breed social-friends}","0","""default""","""none""","0"
"{citizen 4}","{citizen 39}","[141 141 141 100]","""""","9.9","false","{breed social-friends}","0","""default""","""none""","0"
"{citizen 4}","{citizen 40}","[141 141 141 100]","""""","9.9","false","{breed social-friends}","0","""default""","""none""","0"
"{citizen 4}","{citizen 41}","[85 0 170 100]","""""","9.9","false","{breed social-friends}","0","""default""","""none""","0"
"{citizen 4}","{citizen 42}","[141 141 141 100]","""""","9.9","false","{breed social-friends}","0","""default""","""none""","0"
"{citizen 4}","{citizen 43}","[141 141 141 100]","""""","9.9","false","{breed social-friends}","0","""default""","""none""","0"
"{citizen 4}","{citizen 44}","[85 0 170 100]","""""","9.9","false","{breed social-friends}","0","""default""","""none""","0"
"{citizen 4}","{citizen 45}","[85 0 170 100]","""""","9.9","false","{breed social-friends}","0","""default""","""none""","0"
"{citizen 4}","{citizen 46}","[141 141 141 100]","""""","9.9","false","{breed social-friends}","0","""default""","""none""","0"
"{citizen 4}","{citizen 47}","[85 0 170 100]","""""","9.9","false","{breed social-friends}","0","""default""","""none""","0"
"{citizen 4}","{citizen 48}","[141 141 141 100]","""""","9.9","false","{breed social-friends}","0","""default""","""none""","0"
"{citizen 4}","{citizen 49}","[141 141 141 100]","""""","9.9","false","{breed social-friends}","0","""default""","""none""","0"
"{citizen 5}","{citizen 0}","[85 0 170 100]","""""","9.9","false","{breed social-friends}","0","""default""","""none""","0"
"{citizen 5}","{citizen 1}","[85 0 170 100]","""""","9.9","false","{breed social-friends}","0","""default""","""none""","0"
"{citizen 5}","{citizen 2}","[85 0 170 100]","""""","9.9","false","{breed social-friends}","0","""default""","""none""","0"
"{citizen 5}","{citizen 3}","[85 0 170 100]","""""","9.9","false","{breed social-friends}","0","""default""","""none""","0"
"{citizen 5}","{citizen 4}","[85 0 170 100]","""""","9.9","false","{breed social-friends}","0","""default""","""none""","0"
"{citizen 5}","{citizen 6}","[141 141 141 100]","""""","9.9","false","{breed social-friends}","0","""default""","""none""","0"
"{citizen 5}","{citizen 7}","[85 0 170 100]","""""","9.9","false","{breed social-friends}","0","""default""","""none""","0"
"{citizen 5}","{citizen 8}","[85 0 170 100]","""""","9.9","false","{breed social-friends}","0","""default""","""none""","0"
"{citizen 5}","{citizen 9}","[85 0 170 100]","""""","9.9","false","{breed social-friends}","0","""default""","""none""","0"
"{citizen 5}","{citizen 10}","[141 141 141 100]","""""","9.9","false","{breed social-friends}","0","""default""","""none""","0"
"{citizen 5}","{citizen 11}","[141 141 141 100]","""""","9.9","false","{breed social-friends}","0","""default""","""none""","0"
"{citizen 5}","{citizen 12}","[85 0 170 100]","""""","9.9","false","{breed social-friends}","0","""default""","""none""","0"
"{citizen 5}","{citizen 13}","[141 141 141 100]","""""","9.9","false","{breed social-friends}","0","""default""","""none""","0"
"{citizen 5}","{citizen 14}","[141 141 141 100]","""""","9.9","false","{breed social-friends}","0","""default""","""none""","0"
"{citizen 5}","{citizen 15}","[85 0 170 100]","""""","9.9","false","{breed social-friends}","0","""default""","""none""","0"
"{citizen 5}","{citizen 16}","[85 0 170 100]","""""","9.9","false","{breed social-friends}","0","""default""","""none""","0"
"{citizen 5}","{citizen 17}","[141 141 141 100]","""""","9.9","false","{breed social-friends}","0","""default""","""none""","0"
"{citizen 5}","{citizen 18}","[85 0 170 100]","""""","9.9","false","{breed social-friends}","0","""default""","""none""","0"
"{citizen 5}","{citizen 19}","[85 0 170 100]","""""","9.9","false","{breed social-friends}","0","""default""","""none""","0"
"{citizen 5}","{citizen 20}","[141 141 141 100]","""""","9.9","false","{breed social-friends}","0","""default""","""none""","0"
"{citizen 5}","{citizen 21}","[85 0 170 100]","""""","9.9","false","{breed social-friends}","0","""default""","""none""","0"
"{citizen 5}","{citizen 22}","[85 0 170 100]","""""","9.9","false","{breed social-friends}","0","""default""","""none""","0"
"{citizen 5}","{citizen 23}","[85 0 170 100]","""""","9.9","false","{breed social-friends}","0","""default""","""none""","0"
"{citizen 5}","{citizen 24}","[141 141 141 100]","""""","9.9","false","{breed social-friends}","0","""default""","""none""","0"
"{citizen 5}","{citizen 25}","[85 0 170 100]","""""","9.9","false","{breed social-friends}","0","""default""","""none""","0"
"{citizen 5}","{citizen 26}","[85 0 170 100]","""""","9.9","false","{breed social-friends}","0","""default""","""none""","0"
"{citizen 5}","{citizen 27}","[141 141 141 100]","""""","9.9","false","{breed social-friends}","0","""default""","""none""","0"
"{citizen 5}","{citizen 28}","[85 0 170 100]","""""","9.9","false","{breed social-friends}","0","""default""","""none""","0"
"{citizen 5}","{citizen 29}","[85 0 170 100]","""""","9.9","false","{breed social-friends}","0","""default""","""none""","0"
"{citizen 5}","{citizen 30}","[85 0 170 100]","""""","9.9","false","{breed social-friends}","0","""default""","""none""","0"
"{citizen 5}","{citizen 31}","[85 0 170 100]","""""","9.9","false","{breed social-friends}","0","""default""","""none""","0"
"{citizen 5}","{citizen 32}","[85 0 170 100]","""""","9.9","false","{breed social-friends}","0","""default""","""none""","0"
"{citizen 5}","{citizen 33}","[85 0 170 100]","""""","9.9","false","{breed social-friends}","0","""default""","""none""","0"
"{citizen 5}","{citizen 34}","[141 141 141 100]","""""","9.9","false","{breed social-friends}","0","""default""","""none""","0"
"{citizen 5}","{citizen 35}","[85 0 170 100]","""""","9.9","false","{breed social-friends}","0","""default""","""none""","0"
"{citizen 5}","{citizen 36}","[141 141 141 100]","""""","9.9","false","{breed social-friends}","0","""default""","""none""","0"
"{citizen 5}","{citizen 37}","[85 0 170 100]","""""","9.9","false","{breed social-friends}","0","""default""","""none""","0"
"{citizen 5}","{citizen 38}","[85 0 170 100]","""""","9.9","false","{breed social-friends}","0","""default""","""none""","0"
"{citizen 5}","{citizen 39}","[141 141 141 100]","""""","9.9","false","{breed social-friends}","0","""default""","""none""","0"
"{citizen 5}","{citizen 40}","[141 141 141 100]","""""","9.9","false","{breed social-friends}","0","""default""","""none""","0"
"{citizen 5}","{citizen 41}","[85 0 170 100]","""""","9.9","false","{breed social-friends}","0","""default""","""none""","0"
"{citizen 5}","{citizen 42}","[141 141 141 100]","""""","9.9","false","{breed social-friends}","0","""default""","""none""","0"
"{citizen 5}","{citizen 43}","[141 141 141 100]","""""","9.9","false","{breed social-friends}","0","""default""","""none""","0"
"{citizen 5}","{citizen 44}","[85 0 170 100]","""""","9.9","false","{breed social-friends}","0","""default""","""none""","0"
"{citizen 5}","{citizen 45}","[85 0 170 100]","""""","9.9","false","{breed social-friends}","0","""default""","""none""","0"
"{citizen 5}","{citizen 46}","[141 141 141 100]","""""","9.9","false","{breed social-friends}","0","""default""","""none""","0"
"{citizen 5}","{citizen 47}","[85 0 170 100]","""""","9.9","false","{breed social-friends}","0","""default""","""none""","0"
"{citizen 5}","{citizen 48}","[141 141 141 100]","""""","9.9","false","{breed social-friends}","0","""default""","""none""","0"
"{citizen 5}","{citizen 49}","[141 141 141 100]","""""","9.9","false","{breed social-friends}","0","""default""","""none""","0"
"{citizen 6}","{citizen 0}","[141 141 141 100]","""""","9.9","false","{breed social-friends}","0","""default""","""none""","0"
"{citizen 6}","{citizen 1}","[141 141 141 100]","""""","9.9","false","{breed social-friends}","0","""default""","""none""","0"
"{citizen 6}","{citizen 2}","[141 141 141 100]","""""","9.9","false","{breed social-friends}","0","""default""","""none""","0"
"{citizen 6}","{citizen 3}","[141 141 141 100]","""""","9.9","false","{breed social-friends}","0","""default""","""none""","0"
"{citizen 6}","{citizen 4}","[141 141 141 100]","""""","9.9","false","{breed social-friends}","0","""default""","""none""","0"
"{citizen 6}","{citizen 5}","[141 141 141 100]","""""","9.9","false","{breed social-friends}","0","""default""","""none""","0"
"{citizen 6}","{citizen 7}","[141 141 141 100]","""""","9.9","false","{breed social-friends}","0","""default""","""none""","0"
"{citizen 6}","{citizen 8}","[141 141 141 100]","""""","9.9","false","{breed social-friends}","0","""default""","""none""","0"
"{citizen 6}","{citizen 9}","[141 141 141 100]","""""","9.9","false","{breed social-friends}","0","""default""","""none""","0"
"{citizen 6}","{citizen 10}","[0 0 255 100]","""""","9.9","false","{breed social-friends}","0","""default""","""none""","0"
"{citizen 6}","{citizen 11}","[0 0 255 100]","""""","9.9","false","{breed social-friends}","0","""default""","""none""","0"
"{citizen 6}","{citizen 12}","[141 141 141 100]","""""","9.9","false","{breed social-friends}","0","""default""","""none""","0"
"{citizen 6}","{citizen 13}","[0 0 255 100]","""""","9.9","false","{breed social-friends}","0","""default""","""none""","0"
"{citizen 6}","{citizen 14}","[0 0 255 100]","""""","9.9","false","{breed social-friends}","0","""default""","""none""","0"
"{citizen 6}","{citizen 15}","[141 141 141 100]","""""","9.9","false","{breed social-friends}","0","""default""","""none""","0"
"{citizen 6}","{citizen 16}","[141 141 141 100]","""""","9.9","false","{breed social-friends}","0","""default""","""none""","0"
"{citizen 6}","{citizen 17}","[0 0 255 100]","""""","9.9","false","{breed social-friends}","0","""default""","""none""","0"
"{citizen 6}","{citizen 18}","[141 141 141 100]","""""","9.9","false","{breed social-friends}","0","""default""","""none""","0"
"{citizen 6}","{citizen 19}","[141 141 141 100]","""""","9.9","false","{breed social-friends}","0","""default""","""none""","0"
"{citizen 6}","{citizen 20}","[0 0 255 100]","""""","9.9","false","{breed social-friends}","0","""default""","""none""","0"
"{citizen 6}","{citizen 21}","[141 141 141 100]","""""","9.9","false","{breed social-friends}","0","""default""","""none""","0"
"{citizen 6}","{citizen 22}","[141 141 141 100]","""""","9.9","false","{breed social-friends}","0","""default""","""none""","0"
"{citizen 6}","{citizen 23}","[141 141 141 100]","""""","9.9","false","{breed social-friends}","0","""default""","""none""","0"
"{citizen 6}","{citizen 24}","[0 0 255 100]","""""","9.9","false","{breed social-friends}","0","""default""","""none""","0"
"{citizen 6}","{citizen 25}","[141 141 141 100]","""""","9.9","false","{breed social-friends}","0","""default""","""none""","0"
"{citizen 6}","{citizen 26}","[141 141 141 100]","""""","9.9","false","{breed social-friends}","0","""default""","""none""","0"
"{citizen 6}","{citizen 27}","[0 0 255 100]","""""","9.9","false","{breed social-friends}","0","""default""","""none""","0"
"{citizen 6}","{citizen 28}","[141 141 141 100]","""""","9.9","false","{breed social-friends}","0","""default""","""none""","0"
"{citizen 6}","{citizen 29}","[141 141 141 100]","""""","9.9","false","{breed social-friends}","0","""default""","""none""","0"
"{citizen 6}","{citizen 30}","[141 141 141 100]","""""","9.9","false","{breed social-friends}","0","""default""","""none""","0"
"{citizen 6}","{citizen 31}","[141 141 141 100]","""""","9.9","false","{breed social-friends}","0","""default""","""none""","0"
"{citizen 6}","{citizen 32}","[141 141 141 100]","""""","9.9","false","{breed social-friends}","0","""default""","""none""","0"
"{citizen 6}","{citizen 33}","[141 141 141 100]","""""","9.9","false","{breed social-friends}","0","""default""","""none""","0"
"{citizen 6}","{citizen 34}","[0 0 255 100]","""""","9.9","false","{breed social-friends}","0","""default""","""none""","0"
"{citizen 6}","{citizen 35}","[141 141 141 100]","""""","9.9","false","{breed social-friends}","0","""default""","""none""","0"
"{citizen 6}","{citizen 36}","[0 0 255 100]","""""","9.9","false","{breed social-friends}","0","""default""","""none""","0"
"{citizen 6}","{citizen 37}","[141 141 141 100]","""""","9.9","false","{breed social-friends}","0","""default""","""none""","0"
"{citizen 6}","{citizen 38}","[141 141 141 100]","""""","9.9","false","{breed social-friends}","0","""default""","""none""","0"
"{citizen 6}","{citizen 39}","[0 0 255 100]","""""","9.9","false","{breed social-friends}","0","""default""","""none""","0"
"{citizen 6}","{citizen 40}","[0 0 255 100]","""""","9.9","false","{breed social-friends}","0","""default""","""none""","0"
"{citizen 6}","{citizen 41}","[141 141 141 100]","""""","9.9","false","{breed social-friends}","0","""default""","""none""","0"
"{citizen 6}","{citizen 42}","[0 0 255 100]","""""","9.9","false","{breed social-friends}","0","""default""","""none""","0"
"{citizen 6}","{citizen 43}","[0 0 255 100]","""""","9.9","false","{breed social-friends}","0","""default""","""none""","0"
"{citizen 6}","{citizen 44}","[141 141 141 100]","""""","9.9","false","{breed social-friends}","0","""default""","""none""","0"
"{citizen 6}","{citizen 45}","[141 141 141 100]","""""","9.9","false","{breed social-friends}","0","""default""","""none""","0"
"{citizen 6}","{citizen 46}","[0 0 255 100]","""""","9.9","false","{breed social-friends}","0","""default""","""none""","0"
"{citizen 6}","{citizen 47}","[141 141 141 100]","""""","9.9","false","{breed social-friends}","0","""default""","""none""","0"
"{citizen 6}","{citizen 48}","[0 0 255 100]","""""","9.9","false","{breed social-friends}","0","""default""","""none""","0"
"{citizen 6}","{citizen 49}","[0 0 255 100]","""""","9.9","false","{breed social-friends}","0","""default""","""none""","0"
"{citizen 7}","{citizen 0}","[85 0 170 100]","""""","9.9","false","{breed social-friends}","0","""default""","""none""","0"
"{citizen 7}","{citizen 1}","[85 0 170 100]","""""","9.9","false","{breed social-friends}","0","""default""","""none""","0"
"{citizen 7}","{citizen 2}","[85 0 170 100]","""""","9.9","false","{breed social-friends}","0","""default""","""none""","0"
"{citizen 7}","{citizen 3}","[85 0 170 100]","""""","9.9","false","{breed social-friends}","0","""default""","""none""","0"
"{citizen 7}","{citizen 4}","[85 0 170 100]","""""","9.9","false","{breed social-friends}","0","""default""","""none""","0"
"{citizen 7}","{citizen 5}","[85 0 170 100]","""""","9.9","false","{breed social-friends}","0","""default""","""none""","0"
"{citizen 7}","{citizen 6}","[141 141 141 100]","""""","9.9","false","{breed social-friends}","0","""default""","""none""","0"
"{citizen 7}","{citizen 8}","[85 0 170 100]","""""","9.9","false","{breed social-friends}","0","""default""","""none""","0"
"{citizen 7}","{citizen 9}","[85 0 170 100]","""""","9.9","false","{breed social-friends}","0","""default""","""none""","0"
"{citizen 7}","{citizen 10}","[141 141 141 100]","""""","9.9","false","{breed social-friends}","0","""default""","""none""","0"
"{citizen 7}","{citizen 11}","[141 141 141 100]","""""","9.9","false","{breed social-friends}","0","""default""","""none""","0"
"{citizen 7}","{citizen 12}","[85 0 170 100]","""""","9.9","false","{breed social-friends}","0","""default""","""none""","0"
"{citizen 7}","{citizen 13}","[141 141 141 100]","""""","9.9","false","{breed social-friends}","0","""default""","""none""","0"
"{citizen 7}","{citizen 14}","[141 141 141 100]","""""","9.9","false","{breed social-friends}","0","""default""","""none""","0"
"{citizen 7}","{citizen 15}","[85 0 170 100]","""""","9.9","false","{breed social-friends}","0","""default""","""none""","0"
"{citizen 7}","{citizen 16}","[85 0 170 100]","""""","9.9","false","{breed social-friends}","0","""default""","""none""","0"
"{citizen 7}","{citizen 17}","[141 141 141 100]","""""","9.9","false","{breed social-friends}","0","""default""","""none""","0"
"{citizen 7}","{citizen 18}","[85 0 170 100]","""""","9.9","false","{breed social-friends}","0","""default""","""none""","0"
"{citizen 7}","{citizen 19}","[85 0 170 100]","""""","9.9","false","{breed social-friends}","0","""default""","""none""","0"
"{citizen 7}","{citizen 20}","[141 141 141 100]","""""","9.9","false","{breed social-friends}","0","""default""","""none""","0"
"{citizen 7}","{citizen 21}","[85 0 170 100]","""""","9.9","false","{breed social-friends}","0","""default""","""none""","0"
"{citizen 7}","{citizen 22}","[85 0 170 100]","""""","9.9","false","{breed social-friends}","0","""default""","""none""","0"
"{citizen 7}","{citizen 23}","[85 0 170 100]","""""","9.9","false","{breed social-friends}","0","""default""","""none""","0"
"{citizen 7}","{citizen 24}","[141 141 141 100]","""""","9.9","false","{breed social-friends}","0","""default""","""none""","0"
"{citizen 7}","{citizen 25}","[85 0 170 100]","""""","9.9","false","{breed social-friends}","0","""default""","""none""","0"
"{citizen 7}","{citizen 26}","[85 0 170 100]","""""","9.9","false","{breed social-friends}","0","""default""","""none""","0"
"{citizen 7}","{citizen 27}","[141 141 141 100]","""""","9.9","false","{breed social-friends}","0","""default""","""none""","0"
"{citizen 7}","{citizen 28}","[85 0 170 100]","""""","9.9","false","{breed social-friends}","0","""default""","""none""","0"
"{citizen 7}","{citizen 29}","[85 0 170 100]","""""","9.9","false","{breed social-friends}","0","""default""","""none""","0"
"{citizen 7}","{citizen 30}","[85 0 170 100]","""""","9.9","false","{breed social-friends}","0","""default""","""none""","0"
"{citizen 7}","{citizen 31}","[85 0 170 100]","""""","9.9","false","{breed social-friends}","0","""default""","""none""","0"
"{citizen 7}","{citizen 32}","[85 0 170 100]","""""","9.9","false","{breed social-friends}","0","""default""","""none""","0"
"{citizen 7}","{citizen 33}","[85 0 170 100]","""""","9.9","false","{breed social-friends}","0","""default""","""none""","0"
"{citizen 7}","{citizen 34}","[141 141 141 100]","""""","9.9","false","{breed social-friends}","0","""default""","""none""","0"
"{citizen 7}","{citizen 35}","[85 0 170 100]","""""","9.9","false","{breed social-friends}","0","""default""","""none""","0"
"{citizen 7}","{citizen 36}","[141 141 141 100]","""""","9.9","false","{breed social-friends}","0","""default""","""none""","0"
"{citizen 7}","{citizen 37}","[85 0 170 100]","""""","9.9","false","{breed social-friends}","0","""default""","""none""","0"
"{citizen 7}","{citizen 38}","[85 0 170 100]","""""","9.9","false","{breed social-friends}","0","""default""","""none""","0"
"{citizen 7}","{citizen 39}","[141 141 141 100]","""""","9.9","false","{breed social-friends}","0","""default""","""none""","0"
"{citizen 7}","{citizen 40}","[141 141 141 100]","""""","9.9","false","{breed social-friends}","0","""default""","""none""","0"
"{citizen 7}","{citizen 41}","[85 0 170 100]","""""","9.9","false","{breed social-friends}","0","""default""","""none""","0"
"{citizen 7}","{citizen 42}","[141 141 141 100]","""""","9.9","false","{breed social-friends}","0","""default""","""none""","0"
"{citizen 7}","{citizen 43}","[141 141 141 100]","""""","9.9","false","{breed social-friends}","0","""default""","""none""","0"
"{citizen 7}","{citizen 44}","[85 0 170 100]","""""","9.9","false","{breed social-friends}","0","""default""","""none""","0"
"{citizen 7}","{citizen 45}","[85 0 170 100]","""""","9.9","false","{breed social-friends}","0","""default""","""none""","0"
"{citizen 7}","{citizen 46}","[141 141 141 100]","""""","9.9","false","{breed social-friends}","0","""default""","""none""","0"
"{citizen 7}","{citizen 47}","[85 0 170 100]","""""","9.9","false","{breed social-friends}","0","""default""","""none""","0"
"{citizen 7}","{citizen 48}","[141 141 141 100]","""""","9.9","false","{breed social-friends}","0","""default""","""none""","0"
"{citizen 7}","{citizen 49}","[141 141 141 100]","""""","9.9","false","{breed social-friends}","0","""default""","""none""","0"
"{citizen 8}","{citizen 0}","[85 0 170 100]","""""","9.9","false","{breed social-friends}","0","""default""","""none""","0"
"{citizen 8}","{citizen 1}","[85 0 170 100]","""""","9.9","false","{breed social-friends}","0","""default""","""none""","0"
"{citizen 8}","{citizen 2}","[85 0 170 100]","""""","9.9","false","{breed social-friends}","0","""default""","""none""","0"
"{citizen 8}","{citizen 3}","[85 0 170 100]","""""","9.9","false","{breed social-friends}","0","""default""","""none""","0"
"{citizen 8}","{citizen 4}","[85 0 170 100]","""""","9.9","false","{breed social-friends}","0","""default""","""none""","0"
"{citizen 8}","{citizen 5}","[85 0 170 100]","""""","9.9","false","{breed social-friends}","0","""default""","""none""","0"
"{citizen 8}","{citizen 6}","[141 141 141 100]","""""","9.9","false","{breed social-friends}","0","""default""","""none""","0"
"{citizen 8}","{citizen 7}","[85 0 170 100]","""""","9.9","false","{breed social-friends}","0","""default""","""none""","0"
"{citizen 8}","{citizen 9}","[85 0 170 100]","""""","9.9","false","{breed social-friends}","0","""default""","""none""","0"
"{citizen 8}","{citizen 10}","[141 141 141 100]","""""","9.9","false","{breed social-friends}","0","""default""","""none""","0"
"{citizen 8}","{citizen 11}","[141 141 141 100]","""""","9.9","false","{breed social-friends}","0","""default""","""none""","0"
"{citizen 8}","{citizen 12}","[85 0 170 100]","""""","9.9","false","{breed social-friends}","0","""default""","""none""","0"
"{citizen 8}","{citizen 13}","[141 141 141 100]","""""","9.9","false","{breed social-friends}","0","""default""","""none""","0"
"{citizen 8}","{citizen 14}","[141 141 141 100]","""""","9.9","false","{breed social-friends}","0","""default""","""none""","0"
"{citizen 8}","{citizen 15}","[85 0 170 100]","""""","9.9","false","{breed social-friends}","0","""default""","""none""","0"
"{citizen 8}","{citizen 16}","[85 0 170 100]","""""","9.9","false","{breed social-friends}","0","""default""","""none""","0"
"{citizen 8}","{citizen 17}","[141 141 141 100]","""""","9.9","false","{breed social-friends}","0","""default""","""none""","0"
"{citizen 8}","{citizen 18}","[85 0 170 100]","""""","9.9","false","{breed social-friends}","0","""default""","""none""","0"
"{citizen 8}","{citizen 19}","[85 0 170 100]","""""","9.9","false","{breed social-friends}","0","""default""","""none""","0"
"{citizen 8}","{citizen 20}","[141 141 141 100]","""""","9.9","false","{breed social-friends}","0","""default""","""none""","0"
"{citizen 8}","{citizen 21}","[85 0 170 100]","""""","9.9","false","{breed social-friends}","0","""default""","""none""","0"
"{citizen 8}","{citizen 22}","[85 0 170 100]","""""","9.9","false","{breed social-friends}","0","""default""","""none""","0"
"{citizen 8}","{citizen 23}","[85 0 170 100]","""""","9.9","false","{breed social-friends}","0","""default""","""none""","0"
"{citizen 8}","{citizen 24}","[141 141 141 100]","""""","9.9","false","{breed social-friends}","0","""default""","""none""","0"
"{citizen 8}","{citizen 25}","[85 0 170 100]","""""","9.9","false","{breed social-friends}","0","""default""","""none""","0"
"{citizen 8}","{citizen 26}","[85 0 170 100]","""""","9.9","false","{breed social-friends}","0","""default""","""none""","0"
"{citizen 8}","{citizen 27}","[141 141 141 100]","""""","9.9","false","{breed social-friends}","0","""default""","""none""","0"
"{citizen 8}","{citizen 28}","[85 0 170 100]","""""","9.9","false","{breed social-friends}","0","""default""","""none""","0"
"{citizen 8}","{citizen 29}","[85 0 170 100]","""""","9.9","false","{breed social-friends}","0","""default""","""none""","0"
"{citizen 8}","{citizen 30}","[85 0 170 100]","""""","9.9","false","{breed social-friends}","0","""default""","""none""","0"
"{citizen 8}","{citizen 31}","[85 0 170 100]","""""","9.9","false","{breed social-friends}","0","""default""","""none""","0"
"{citizen 8}","{citizen 32}","[85 0 170 100]","""""","9.9","false","{breed social-friends}","0","""default""","""none""","0"
"{citizen 8}","{citizen 33}","[85 0 170 100]","""""","9.9","false","{breed social-friends}","0","""default""","""none""","0"
"{citizen 8}","{citizen 34}","[141 141 141 100]","""""","9.9","false","{breed social-friends}","0","""default""","""none""","0"
"{citizen 8}","{citizen 35}","[85 0 170 100]","""""","9.9","false","{breed social-friends}","0","""default""","""none""","0"
"{citizen 8}","{citizen 36}","[141 141 141 100]","""""","9.9","false","{breed social-friends}","0","""default""","""none""","0"
"{citizen 8}","{citizen 37}","[85 0 170 100]","""""","9.9","false","{breed social-friends}","0","""default""","""none""","0"
"{citizen 8}","{citizen 38}","[85 0 170 100]","""""","9.9","false","{breed social-friends}","0","""default""","""none""","0"
"{citizen 8}","{citizen 39}","[141 141 141 100]","""""","9.9","false","{breed social-friends}","0","""default""","""none""","0"
"{citizen 8}","{citizen 40}","[141 141 141 100]","""""","9.9","false","{breed social-friends}","0","""default""","""none""","0"
"{citizen 8}","{citizen 41}","[85 0 170 100]","""""","9.9","false","{breed social-friends}","0","""default""","""none""","0"
"{citizen 8}","{citizen 42}","[141 141 141 100]","""""","9.9","false","{breed social-friends}","0","""default""","""none""","0"
"{citizen 8}","{citizen 43}","[141 141 141 100]","""""","9.9","false","{breed social-friends}","0","""default""","""none""","0"
"{citizen 8}","{citizen 44}","[85 0 170 100]","""""","9.9","false","{breed social-friends}","0","""default""","""none""","0"
"{citizen 8}","{citizen 45}","[85 0 170 100]","""""","9.9","false","{breed social-friends}","0","""default""","""none""","0"
"{citizen 8}","{citizen 46}","[141 141 141 100]","""""","9.9","false","{breed social-friends}","0","""default""","""none""","0"
"{citizen 8}","{citizen 47}","[85 0 170 100]","""""","9.9","false","{breed social-friends}","0","""default""","""none""","0"
"{citizen 8}","{citizen 48}","[141 141 141 100]","""""","9.9","false","{breed social-friends}","0","""default""","""none""","0"
"{citizen 8}","{citizen 49}","[141 141 141 100]","""""","9.9","false","{breed social-friends}","0","""default""","""none""","0"
"{citizen 9}","{citizen 0}","[85 0 170 100]","""""","9.9","false","{breed social-friends}","0","""default""","""none""","0"
"{citizen 9}","{citizen 1}","[85 0 170 100]","""""","9.9","false","{breed social-friends}","0","""default""","""none""","0"
"{citizen 9}","{citizen 2}","[85 0 170 100]","""""","9.9","false","{breed social-friends}","0","""default""","""none""","0"
"{citizen 9}","{citizen 3}","[85 0 170 100]","""""","9.9","false","{breed social-friends}","0","""default""","""none""","0"
"{citizen 9}","{citizen 4}","[85 0 170 100]","""""","9.9","false","{breed social-friends}","0","""default""","""none""","0"
"{citizen 9}","{citizen 5}","[85 0 170 100]","""""","9.9","false","{breed social-friends}","0","""default""","""none""","0"
"{citizen 9}","{citizen 6}","[141 141 141 100]","""""","9.9","false","{breed social-friends}","0","""default""","""none""","0"
"{citizen 9}","{citizen 7}","[85 0 170 100]","""""","9.9","false","{breed social-friends}","0","""default""","""none""","0"
"{citizen 9}","{citizen 8}","[85 0 170 100]","""""","9.9","false","{breed social-friends}","0","""default""","""none""","0"
"{citizen 9}","{citizen 10}","[141 141 141 100]","""""","9.9","false","{breed social-friends}","0","""default""","""none""","0"
"{citizen 9}","{citizen 11}","[141 141 141 100]","""""","9.9","false","{breed social-friends}","0","""default""","""none""","0"
"{citizen 9}","{citizen 12}","[85 0 170 100]","""""","9.9","false","{breed social-friends}","0","""default""","""none""","0"
"{citizen 9}","{citizen 13}","[141 141 141 100]","""""","9.9","false","{breed social-friends}","0","""default""","""none""","0"
"{citizen 9}","{citizen 14}","[141 141 141 100]","""""","9.9","false","{breed social-friends}","0","""default""","""none""","0"
"{citizen 9}","{citizen 15}","[85 0 170 100]","""""","9.9","false","{breed social-friends}","0","""default""","""none""","0"
"{citizen 9}","{citizen 16}","[85 0 170 100]","""""","9.9","false","{breed social-friends}","0","""default""","""none""","0"
"{citizen 9}","{citizen 17}","[141 141 141 100]","""""","9.9","false","{breed social-friends}","0","""default""","""none""","0"
"{citizen 9}","{citizen 18}","[85 0 170 100]","""""","9.9","false","{breed social-friends}","0","""default""","""none""","0"
"{citizen 9}","{citizen 19}","[85 0 170 100]","""""","9.9","false","{breed social-friends}","0","""default""","""none""","0"
"{citizen 9}","{citizen 20}","[141 141 141 100]","""""","9.9","false","{breed social-friends}","0","""default""","""none""","0"
"{citizen 9}","{citizen 21}","[85 0 170 100]","""""","9.9","false","{breed social-friends}","0","""default""","""none""","0"
"{citizen 9}","{citizen 22}","[85 0 170 100]","""""","9.9","false","{breed social-friends}","0","""default""","""none""","0"
"{citizen 9}","{citizen 23}","[85 0 170 100]","""""","9.9","false","{breed social-friends}","0","""default""","""none""","0"
"{citizen 9}","{citizen 24}","[141 141 141 100]","""""","9.9","false","{breed social-friends}","0","""default""","""none""","0"
"{citizen 9}","{citizen 25}","[85 0 170 100]","""""","9.9","false","{breed social-friends}","0","""default""","""none""","0"
"{citizen 9}","{citizen 26}","[85 0 170 100]","""""","9.9","false","{breed social-friends}","0","""default""","""none""","0"
"{citizen 9}","{citizen 27}","[141 141 141 100]","""""","9.9","false","{breed social-friends}","0","""default""","""none""","0"
"{citizen 9}","{citizen 28}","[85 0 170 100]","""""","9.9","false","{breed social-friends}","0","""default""","""none""","0"
"{citizen 9}","{citizen 29}","[85 0 170 100]","""""","9.9","false","{breed social-friends}","0","""default""","""none""","0"
"{citizen 9}","{citizen 30}","[85 0 170 100]","""""","9.9","false","{breed social-friends}","0","""default""","""none""","0"
"{citizen 9}","{citizen 31}","[85 0 170 100]","""""","9.9","false","{breed social-friends}","0","""default""","""none""","0"
"{citizen 9}","{citizen 32}","[85 0 170 100]","""""","9.9","false","{breed social-friends}","0","""default""","""none""","0"
"{citizen 9}","{citizen 33}","[85 0 170 100]","""""","9.9","false","{breed social-friends}","0","""default""","""none""","0"
"{citizen 9}","{citizen 34}","[141 141 141 100]","""""","9.9","false","{breed social-friends}","0","""default""","""none""","0"
"{citizen 9}","{citizen 35}","[85 0 170 100]","""""","9.9","false","{breed social-friends}","0","""default""","""none""","0"
"{citizen 9}","{citizen 36}","[141 141 141 100]","""""","9.9","false","{breed social-friends}","0","""default""","""none""","0"
"{citizen 9}","{citizen 37}","[85 0 170 100]","""""","9.9","false","{breed social-friends}","0","""default""","""none""","0"
"{citizen 9}","{citizen 38}","[85 0 170 100]","""""","9.9","false","{breed social-friends}","0","""default""","""none""","0"
"{citizen 9}","{citizen 39}","[141 141 141 100]","""""","9.9","false","{breed social-friends}","0","""default""","""none""","0"
"{citizen 9}","{citizen 40}","[141 141 141 100]","""""","9.9","false","{breed social-friends}","0","""default""","""none""","0"
"{citizen 9}","{citizen 41}","[85 0 170 100]","""""","9.9","false","{breed social-friends}","0","""default""","""none""","0"
"{citizen 9}","{citizen 42}","[141 141 141 100]","""""","9.9","false","{breed social-friends}","0","""default""","""none""","0"
"{citizen 9}","{citizen 43}","[141 141 141 100]","""""","9.9","false","{breed social-friends}","0","""default""","""none""","0"
"{citizen 9}","{citizen 44}","[85 0 170 100]","""""","9.9","false","{breed social-friends}","0","""default""","""none""","0"
"{citizen 9}","{citizen 45}","[85 0 170 100]","""""","9.9","false","{breed social-friends}","0","""default""","""none""","0"
"{citizen 9}","{citizen 46}","[141 141 141 100]","""""","9.9","false","{breed social-friends}","0","""default""","""none""","0"
"{citizen 9}","{citizen 47}","[85 0 170 100]","""""","9.9","false","{breed social-friends}","0","""default""","""none""","0"
"{citizen 9}","{citizen 48}","[141 141 141 100]","""""","9.9","false","{breed social-friends}","0","""default""","""none""","0"
"{citizen 9}","{citizen 49}","[141 141 141 100]","""""","9.9","false","{breed social-friends}","0","""default""","""none""","0"
"{citizen 10}","{citizen 0}","[141 141 141 100]","""""","9.9","false","{breed social-friends}","0","""default""","""none""","0"
"{citizen 10}","{citizen 1}","[141 141 141 100]","""""","9.9","false","{breed social-friends}","0","""default""","""none""","0"
"{citizen 10}","{citizen 2}","[141 141 141 100]","""""","9.9","false","{breed social-friends}","0","""default""","""none""","0"
"{citizen 10}","{citizen 3}","[141 141 141 100]","""""","9.9","false","{breed social-friends}","0","""default""","""none""","0"
"{citizen 10}","{citizen 4}","[141 141 141 100]","""""","9.9","false","{breed social-friends}","0","""default""","""none""","0"
"{citizen 10}","{citizen 5}","[141 141 141 100]","""""","9.9","false","{breed social-friends}","0","""default""","""none""","0"
"{citizen 10}","{citizen 6}","[0 0 255 100]","""""","9.9","false","{breed social-friends}","0","""default""","""none""","0"
"{citizen 10}","{citizen 7}","[141 141 141 100]","""""","9.9","false","{breed social-friends}","0","""default""","""none""","0"
"{citizen 10}","{citizen 8}","[141 141 141 100]","""""","9.9","false","{breed social-friends}","0","""default""","""none""","0"
"{citizen 10}","{citizen 9}","[141 141 141 100]","""""","9.9","false","{breed social-friends}","0","""default""","""none""","0"
"{citizen 10}","{citizen 11}","[0 0 255 100]","""""","9.9","false","{breed social-friends}","0","""default""","""none""","0"
"{citizen 10}","{citizen 12}","[141 141 141 100]","""""","9.9","false","{breed social-friends}","0","""default""","""none""","0"
"{citizen 10}","{citizen 13}","[0 0 255 100]","""""","9.9","false","{breed social-friends}","0","""default""","""none""","0"
"{citizen 10}","{citizen 14}","[0 0 255 100]","""""","9.9","false","{breed social-friends}","0","""default""","""none""","0"
"{citizen 10}","{citizen 15}","[141 141 141 100]","""""","9.9","false","{breed social-friends}","0","""default""","""none""","0"
"{citizen 10}","{citizen 16}","[141 141 141 100]","""""","9.9","false","{breed social-friends}","0","""default""","""none""","0"
"{citizen 10}","{citizen 17}","[0 0 255 100]","""""","9.9","false","{breed social-friends}","0","""default""","""none""","0"
"{citizen 10}","{citizen 18}","[141 141 141 100]","""""","9.9","false","{breed social-friends}","0","""default""","""none""","0"
"{citizen 10}","{citizen 19}","[141 141 141 100]","""""","9.9","false","{breed social-friends}","0","""default""","""none""","0"
"{citizen 10}","{citizen 20}","[0 0 255 100]","""""","9.9","false","{breed social-friends}","0","""default""","""none""","0"
"{citizen 10}","{citizen 21}","[141 141 141 100]","""""","9.9","false","{breed social-friends}","0","""default""","""none""","0"
"{citizen 10}","{citizen 22}","[141 141 141 100]","""""","9.9","false","{breed social-friends}","0","""default""","""none""","0"
"{citizen 10}","{citizen 23}","[141 141 141 100]","""""","9.9","false","{breed social-friends}","0","""default""","""none""","0"
"{citizen 10}","{citizen 24}","[0 0 255 100]","""""","9.9","false","{breed social-friends}","0","""default""","""none""","0"
"{citizen 10}","{citizen 25}","[141 141 141 100]","""""","9.9","false","{breed social-friends}","0","""default""","""none""","0"
"{citizen 10}","{citizen 26}","[141 141 141 100]","""""","9.9","false","{breed social-friends}","0","""default""","""none""","0"
"{citizen 10}","{citizen 27}","[0 0 255 100]","""""","9.9","false","{breed social-friends}","0","""default""","""none""","0"
"{citizen 10}","{citizen 28}","[141 141 141 100]","""""","9.9","false","{breed social-friends}","0","""default""","""none""","0"
"{citizen 10}","{citizen 29}","[141 141 141 100]","""""","9.9","false","{breed social-friends}","0","""default""","""none""","0"
"{citizen 10}","{citizen 30}","[141 141 141 100]","""""","9.9","false","{breed social-friends}","0","""default""","""none""","0"
"{citizen 10}","{citizen 31}","[141 141 141 100]","""""","9.9","false","{breed social-friends}","0","""default""","""none""","0"
"{citizen 10}","{citizen 32}","[141 141 141 100]","""""","9.9","false","{breed social-friends}","0","""default""","""none""","0"
"{citizen 10}","{citizen 33}","[141 141 141 100]","""""","9.9","false","{breed social-friends}","0","""default""","""none""","0"
"{citizen 10}","{citizen 34}","[0 0 255 100]","""""","9.9","false","{breed social-friends}","0","""default""","""none""","0"
"{citizen 10}","{citizen 35}","[141 141 141 100]","""""","9.9","false","{breed social-friends}","0","""default""","""none""","0"
"{citizen 10}","{citizen 36}","[0 0 255 100]","""""","9.9","false","{breed social-friends}","0","""default""","""none""","0"
"{citizen 10}","{citizen 37}","[141 141 141 100]","""""","9.9","false","{breed social-friends}","0","""default""","""none""","0"
"{citizen 10}","{citizen 38}","[141 141 141 100]","""""","9.9","false","{breed social-friends}","0","""default""","""none""","0"
"{citizen 10}","{citizen 39}","[0 0 255 100]","""""","9.9","false","{breed social-friends}","0","""default""","""none""","0"
"{citizen 10}","{citizen 40}","[0 0 255 100]","""""","9.9","false","{breed social-friends}","0","""default""","""none""","0"
"{citizen 10}","{citizen 41}","[141 141 141 100]","""""","9.9","false","{breed social-friends}","0","""default""","""none""","0"
"{citizen 10}","{citizen 42}","[0 0 255 100]","""""","9.9","false","{breed social-friends}","0","""default""","""none""","0"
"{citizen 10}","{citizen 43}","[0 0 255 100]","""""","9.9","false","{breed social-friends}","0","""default""","""none""","0"
"{citizen 10}","{citizen 44}","[141 141 141 100]","""""","9.9","false","{breed social-friends}","0","""default""","""none""","0"
"{citizen 10}","{citizen 45}","[141 141 141 100]","""""","9.9","false","{breed social-friends}","0","""default""","""none""","0"
"{citizen 10}","{citizen 46}","[0 0 255 100]","""""","9.9","false","{breed social-friends}","0","""default""","""none""","0"
"{citizen 10}","{citizen 47}","[141 141 141 100]","""""","9.9","false","{breed social-friends}","0","""default""","""none""","0"
"{citizen 10}","{citizen 48}","[0 0 255 100]","""""","9.9","false","{breed social-friends}","0","""default""","""none""","0"
"{citizen 10}","{citizen 49}","[0 0 255 100]","""""","9.9","false","{breed social-friends}","0","""default""","""none""","0"
"{citizen 11}","{citizen 0}","[141 141 141 100]","""""","9.9","false","{breed social-friends}","0","""default""","""none""","0"
"{citizen 11}","{citizen 1}","[141 141 141 100]","""""","9.9","false","{breed social-friends}","0","""default""","""none""","0"
"{citizen 11}","{citizen 2}","[141 141 141 100]","""""","9.9","false","{breed social-friends}","0","""default""","""none""","0"
"{citizen 11}","{citizen 3}","[141 141 141 100]","""""","9.9","false","{breed social-friends}","0","""default""","""none""","0"
"{citizen 11}","{citizen 4}","[141 141 141 100]","""""","9.9","false","{breed social-friends}","0","""default""","""none""","0"
"{citizen 11}","{citizen 5}","[141 141 141 100]","""""","9.9","false","{breed social-friends}","0","""default""","""none""","0"
"{citizen 11}","{citizen 6}","[0 0 255 100]","""""","9.9","false","{breed social-friends}","0","""default""","""none""","0"
"{citizen 11}","{citizen 7}","[141 141 141 100]","""""","9.9","false","{breed social-friends}","0","""default""","""none""","0"
"{citizen 11}","{citizen 8}","[141 141 141 100]","""""","9.9","false","{breed social-friends}","0","""default""","""none""","0"
"{citizen 11}","{citizen 9}","[141 141 141 100]","""""","9.9","false","{breed social-friends}","0","""default""","""none""","0"
"{citizen 11}","{citizen 10}","[0 0 255 100]","""""","9.9","false","{breed social-friends}","0","""default""","""none""","0"
"{citizen 11}","{citizen 12}","[141 141 141 100]","""""","9.9","false","{breed social-friends}","0","""default""","""none""","0"
"{citizen 11}","{citizen 13}","[0 0 255 100]","""""","9.9","false","{breed social-friends}","0","""default""","""none""","0"
"{citizen 11}","{citizen 14}","[0 0 255 100]","""""","9.9","false","{breed social-friends}","0","""default""","""none""","0"
"{citizen 11}","{citizen 15}","[141 141 141 100]","""""","9.9","false","{breed social-friends}","0","""default""","""none""","0"
"{citizen 11}","{citizen 16}","[141 141 141 100]","""""","9.9","false","{breed social-friends}","0","""default""","""none""","0"
"{citizen 11}","{citizen 17}","[0 0 255 100]","""""","9.9","false","{breed social-friends}","0","""default""","""none""","0"
"{citizen 11}","{citizen 18}","[141 141 141 100]","""""","9.9","false","{breed social-friends}","0","""default""","""none""","0"
"{citizen 11}","{citizen 19}","[141 141 141 100]","""""","9.9","false","{breed social-friends}","0","""default""","""none""","0"
"{citizen 11}","{citizen 20}","[0 0 255 100]","""""","9.9","false","{breed social-friends}","0","""default""","""none""","0"
"{citizen 11}","{citizen 21}","[141 141 141 100]","""""","9.9","false","{breed social-friends}","0","""default""","""none""","0"
"{citizen 11}","{citizen 22}","[141 141 141 100]","""""","9.9","false","{breed social-friends}","0","""default""","""none""","0"
"{citizen 11}","{citizen 23}","[141 141 141 100]","""""","9.9","false","{breed social-friends}","0","""default""","""none""","0"
"{citizen 11}","{citizen 24}","[0 0 255 100]","""""","9.9","false","{breed social-friends}","0","""default""","""none""","0"
"{citizen 11}","{citizen 25}","[141 141 141 100]","""""","9.9","false","{breed social-friends}","0","""default""","""none""","0"
"{citizen 11}","{citizen 26}","[141 141 141 100]","""""","9.9","false","{breed social-friends}","0","""default""","""none""","0"
"{citizen 11}","{citizen 27}","[0 0 255 100]","""""","9.9","false","{breed social-friends}","0","""default""","""none""","0"
"{citizen 11}","{citizen 28}","[141 141 141 100]","""""","9.9","false","{breed social-friends}","0","""default""","""none""","0"
"{citizen 11}","{citizen 29}","[141 141 141 100]","""""","9.9","false","{breed social-friends}","0","""default""","""none""","0"
"{citizen 11}","{citizen 30}","[141 141 141 100]","""""","9.9","false","{breed social-friends}","0","""default""","""none""","0"
"{citizen 11}","{citizen 31}","[141 141 141 100]","""""","9.9","false","{breed social-friends}","0","""default""","""none""","0"
"{citizen 11}","{citizen 32}","[141 141 141 100]","""""","9.9","false","{breed social-friends}","0","""default""","""none""","0"
"{citizen 11}","{citizen 33}","[141 141 141 100]","""""","9.9","false","{breed social-friends}","0","""default""","""none""","0"
"{citizen 11}","{citizen 34}","[0 0 255 100]","""""","9.9","false","{breed social-friends}","0","""default""","""none""","0"
"{citizen 11}","{citizen 35}","[141 141 141 100]","""""","9.9","false","{breed social-friends}","0","""default""","""none""","0"
"{citizen 11}","{citizen 36}","[0 0 255 100]","""""","9.9","false","{breed social-friends}","0","""default""","""none""","0"
"{citizen 11}","{citizen 37}","[141 141 141 100]","""""","9.9","false","{breed social-friends}","0","""default""","""none""","0"
"{citizen 11}","{citizen 38}","[141 141 141 100]","""""","9.9","false","{breed social-friends}","0","""default""","""none""","0"
"{citizen 11}","{citizen 39}","[0 0 255 100]","""""","9.9","false","{breed social-friends}","0","""default""","""none""","0"
"{citizen 11}","{citizen 40}","[0 0 255 100]","""""","9.9","false","{breed social-friends}","0","""default""","""none""","0"
"{citizen 11}","{citizen 41}","[141 141 141 100]","""""","9.9","false","{breed social-friends}","0","""default""","""none""","0"
"{citizen 11}","{citizen 42}","[0 0 255 100]","""""","9.9","false","{breed social-friends}","0","""default""","""none""","0"
"{citizen 11}","{citizen 43}","[0 0 255 100]","""""","9.9","false","{breed social-friends}","0","""default""","""none""","0"
"{citizen 11}","{citizen 44}","[141 141 141 100]","""""","9.9","false","{breed social-friends}","0","""default""","""none""","0"
"{citizen 11}","{citizen 45}","[141 141 141 100]","""""","9.9","false","{breed social-friends}","0","""default""","""none""","0"
"{citizen 11}","{citizen 46}","[0 0 255 100]","""""","9.9","false","{breed social-friends}","0","""default""","""none""","0"
"{citizen 11}","{citizen 47}","[141 141 141 100]","""""","9.9","false","{breed social-friends}","0","""default""","""none""","0"
"{citizen 11}","{citizen 48}","[0 0 255 100]","""""","9.9","false","{breed social-friends}","0","""default""","""none""","0"
"{citizen 11}","{citizen 49}","[0 0 255 100]","""""","9.9","false","{breed social-friends}","0","""default""","""none""","0"
"{citizen 12}","{citizen 0}","[85 0 170 100]","""""","9.9","false","{breed social-friends}","0","""default""","""none""","0"
"{citizen 12}","{citizen 1}","[85 0 170 100]","""""","9.9","false","{breed social-friends}","0","""default""","""none""","0"
"{citizen 12}","{citizen 2}","[85 0 170 100]","""""","9.9","false","{breed social-friends}","0","""default""","""none""","0"
"{citizen 12}","{citizen 3}","[85 0 170 100]","""""","9.9","false","{breed social-friends}","0","""default""","""none""","0"
"{citizen 12}","{citizen 4}","[85 0 170 100]","""""","9.9","false","{breed social-friends}","0","""default""","""none""","0"
"{citizen 12}","{citizen 5}","[85 0 170 100]","""""","9.9","false","{breed social-friends}","0","""default""","""none""","0"
"{citizen 12}","{citizen 6}","[141 141 141 100]","""""","9.9","false","{breed social-friends}","0","""default""","""none""","0"
"{citizen 12}","{citizen 7}","[85 0 170 100]","""""","9.9","false","{breed social-friends}","0","""default""","""none""","0"
"{citizen 12}","{citizen 8}","[85 0 170 100]","""""","9.9","false","{breed social-friends}","0","""default""","""none""","0"
"{citizen 12}","{citizen 9}","[85 0 170 100]","""""","9.9","false","{breed social-friends}","0","""default""","""none""","0"
"{citizen 12}","{citizen 10}","[141 141 141 100]","""""","9.9","false","{breed social-friends}","0","""default""","""none""","0"
"{citizen 12}","{citizen 11}","[141 141 141 100]","""""","9.9","false","{breed social-friends}","0","""default""","""none""","0"
"{citizen 12}","{citizen 13}","[141 141 141 100]","""""","9.9","false","{breed social-friends}","0","""default""","""none""","0"
"{citizen 12}","{citizen 14}","[141 141 141 100]","""""","9.9","false","{breed social-friends}","0","""default""","""none""","0"
"{citizen 12}","{citizen 15}","[85 0 170 100]","""""","9.9","false","{breed social-friends}","0","""default""","""none""","0"
"{citizen 12}","{citizen 16}","[85 0 170 100]","""""","9.9","false","{breed social-friends}","0","""default""","""none""","0"
"{citizen 12}","{citizen 17}","[141 141 141 100]","""""","9.9","false","{breed social-friends}","0","""default""","""none""","0"
"{citizen 12}","{citizen 18}","[85 0 170 100]","""""","9.9","false","{breed social-friends}","0","""default""","""none""","0"
"{citizen 12}","{citizen 19}","[85 0 170 100]","""""","9.9","false","{breed social-friends}","0","""default""","""none""","0"
"{citizen 12}","{citizen 20}","[141 141 141 100]","""""","9.9","false","{breed social-friends}","0","""default""","""none""","0"
"{citizen 12}","{citizen 21}","[85 0 170 100]","""""","9.9","false","{breed social-friends}","0","""default""","""none""","0"
"{citizen 12}","{citizen 22}","[85 0 170 100]","""""","9.9","false","{breed social-friends}","0","""default""","""none""","0"
"{citizen 12}","{citizen 23}","[85 0 170 100]","""""","9.9","false","{breed social-friends}","0","""default""","""none""","0"
"{citizen 12}","{citizen 24}","[141 141 141 100]","""""","9.9","false","{breed social-friends}","0","""default""","""none""","0"
"{citizen 12}","{citizen 25}","[85 0 170 100]","""""","9.9","false","{breed social-friends}","0","""default""","""none""","0"
"{citizen 12}","{citizen 26}","[85 0 170 100]","""""","9.9","false","{breed social-friends}","0","""default""","""none""","0"
"{citizen 12}","{citizen 27}","[141 141 141 100]","""""","9.9","false","{breed social-friends}","0","""default""","""none""","0"
"{citizen 12}","{citizen 28}","[85 0 170 100]","""""","9.9","false","{breed social-friends}","0","""default""","""none""","0"
"{citizen 12}","{citizen 29}","[85 0 170 100]","""""","9.9","false","{breed social-friends}","0","""default""","""none""","0"
"{citizen 12}","{citizen 30}","[85 0 170 100]","""""","9.9","false","{breed social-friends}","0","""default""","""none""","0"
"{citizen 12}","{citizen 31}","[85 0 170 100]","""""","9.9","false","{breed social-friends}","0","""default""","""none""","0"
"{citizen 12}","{citizen 32}","[85 0 170 100]","""""","9.9","false","{breed social-friends}","0","""default""","""none""","0"
"{citizen 12}","{citizen 33}","[85 0 170 100]","""""","9.9","false","{breed social-friends}","0","""default""","""none""","0"
"{citizen 12}","{citizen 34}","[141 141 141 100]","""""","9.9","false","{breed social-friends}","0","""default""","""none""","0"
"{citizen 12}","{citizen 35}","[85 0 170 100]","""""","9.9","false","{breed social-friends}","0","""default""","""none""","0"
"{citizen 12}","{citizen 36}","[141 141 141 100]","""""","9.9","false","{breed social-friends}","0","""default""","""none""","0"
"{citizen 12}","{citizen 37}","[85 0 170 100]","""""","9.9","false","{breed social-friends}","0","""default""","""none""","0"
"{citizen 12}","{citizen 38}","[85 0 170 100]","""""","9.9","false","{breed social-friends}","0","""default""","""none""","0"
"{citizen 12}","{citizen 39}","[141 141 141 100]","""""","9.9","false","{breed social-friends}","0","""default""","""none""","0"
"{citizen 12}","{citizen 40}","[141 141 141 100]","""""","9.9","false","{breed social-friends}","0","""default""","""none""","0"
"{citizen 12}","{citizen 41}","[85 0 170 100]","""""","9.9","false","{breed social-friends}","0","""default""","""none""","0"
"{citizen 12}","{citizen 42}","[141 141 141 100]","""""","9.9","false","{breed social-friends}","0","""default""","""none""","0"
"{citizen 12}","{citizen 43}","[141 141 141 100]","""""","9.9","false","{breed social-friends}","0","""default""","""none""","0"
"{citizen 12}","{citizen 44}","[85 0 170 100]","""""","9.9","false","{breed social-friends}","0","""default""","""none""","0"
"{citizen 12}","{citizen 45}","[85 0 170 100]","""""","9.9","false","{breed social-friends}","0","""default""","""none""","0"
"{citizen 12}","{citizen 46}","[141 141 141 100]","""""","9.9","false","{breed social-friends}","0","""default""","""none""","0"
"{citizen 12}","{citizen 47}","[85 0 170 100]","""""","9.9","false","{breed social-friends}","0","""default""","""none""","0"
"{citizen 12}","{citizen 48}","[141 141 141 100]","""""","9.9","false","{breed social-friends}","0","""default""","""none""","0"
"{citizen 12}","{citizen 49}","[141 141 141 100]","""""","9.9","false","{breed social-friends}","0","""default""","""none""","0"
"{citizen 13}","{citizen 0}","[141 141 141 100]","""""","9.9","false","{breed social-friends}","0","""default""","""none""","0"
"{citizen 13}","{citizen 1}","[141 141 141 100]","""""","9.9","false","{breed social-friends}","0","""default""","""none""","0"
"{citizen 13}","{citizen 2}","[141 141 141 100]","""""","9.9","false","{breed social-friends}","0","""default""","""none""","0"
"{citizen 13}","{citizen 3}","[141 141 141 100]","""""","9.9","false","{breed social-friends}","0","""default""","""none""","0"
"{citizen 13}","{citizen 4}","[141 141 141 100]","""""","9.9","false","{breed social-friends}","0","""default""","""none""","0"
"{citizen 13}","{citizen 5}","[141 141 141 100]","""""","9.9","false","{breed social-friends}","0","""default""","""none""","0"
"{citizen 13}","{citizen 6}","[0 0 255 100]","""""","9.9","false","{breed social-friends}","0","""default""","""none""","0"
"{citizen 13}","{citizen 7}","[141 141 141 100]","""""","9.9","false","{breed social-friends}","0","""default""","""none""","0"
"{citizen 13}","{citizen 8}","[141 141 141 100]","""""","9.9","false","{breed social-friends}","0","""default""","""none""","0"
"{citizen 13}","{citizen 9}","[141 141 141 100]","""""","9.9","false","{breed social-friends}","0","""default""","""none""","0"
"{citizen 13}","{citizen 10}","[0 0 255 100]","""""","9.9","false","{breed social-friends}","0","""default""","""none""","0"
"{citizen 13}","{citizen 11}","[0 0 255 100]","""""","9.9","false","{breed social-friends}","0","""default""","""none""","0"
"{citizen 13}","{citizen 12}","[141 141 141 100]","""""","9.9","false","{breed social-friends}","0","""default""","""none""","0"
"{citizen 13}","{citizen 14}","[0 0 255 100]","""""","9.9","false","{breed social-friends}","0","""default""","""none""","0"
"{citizen 13}","{citizen 15}","[141 141 141 100]","""""","9.9","false","{breed social-friends}","0","""default""","""none""","0"
"{citizen 13}","{citizen 16}","[141 141 141 100]","""""","9.9","false","{breed social-friends}","0","""default""","""none""","0"
"{citizen 13}","{citizen 17}","[0 0 255 100]","""""","9.9","false","{breed social-friends}","0","""default""","""none""","0"
"{citizen 13}","{citizen 18}","[141 141 141 100]","""""","9.9","false","{breed social-friends}","0","""default""","""none""","0"
"{citizen 13}","{citizen 19}","[141 141 141 100]","""""","9.9","false","{breed social-friends}","0","""default""","""none""","0"
"{citizen 13}","{citizen 20}","[0 0 255 100]","""""","9.9","false","{breed social-friends}","0","""default""","""none""","0"
"{citizen 13}","{citizen 21}","[141 141 141 100]","""""","9.9","false","{breed social-friends}","0","""default""","""none""","0"
"{citizen 13}","{citizen 22}","[141 141 141 100]","""""","9.9","false","{breed social-friends}","0","""default""","""none""","0"
"{citizen 13}","{citizen 23}","[141 141 141 100]","""""","9.9","false","{breed social-friends}","0","""default""","""none""","0"
"{citizen 13}","{citizen 24}","[0 0 255 100]","""""","9.9","false","{breed social-friends}","0","""default""","""none""","0"
"{citizen 13}","{citizen 25}","[141 141 141 100]","""""","9.9","false","{breed social-friends}","0","""default""","""none""","0"
"{citizen 13}","{citizen 26}","[141 141 141 100]","""""","9.9","false","{breed social-friends}","0","""default""","""none""","0"
"{citizen 13}","{citizen 27}","[0 0 255 100]","""""","9.9","false","{breed social-friends}","0","""default""","""none""","0"
"{citizen 13}","{citizen 28}","[141 141 141 100]","""""","9.9","false","{breed social-friends}","0","""default""","""none""","0"
"{citizen 13}","{citizen 29}","[141 141 141 100]","""""","9.9","false","{breed social-friends}","0","""default""","""none""","0"
"{citizen 13}","{citizen 30}","[141 141 141 100]","""""","9.9","false","{breed social-friends}","0","""default""","""none""","0"
"{citizen 13}","{citizen 31}","[141 141 141 100]","""""","9.9","false","{breed social-friends}","0","""default""","""none""","0"
"{citizen 13}","{citizen 32}","[141 141 141 100]","""""","9.9","false","{breed social-friends}","0","""default""","""none""","0"
"{citizen 13}","{citizen 33}","[141 141 141 100]","""""","9.9","false","{breed social-friends}","0","""default""","""none""","0"
"{citizen 13}","{citizen 34}","[0 0 255 100]","""""","9.9","false","{breed social-friends}","0","""default""","""none""","0"
"{citizen 13}","{citizen 35}","[141 141 141 100]","""""","9.9","false","{breed social-friends}","0","""default""","""none""","0"
"{citizen 13}","{citizen 36}","[0 0 255 100]","""""","9.9","false","{breed social-friends}","0","""default""","""none""","0"
"{citizen 13}","{citizen 37}","[141 141 141 100]","""""","9.9","false","{breed social-friends}","0","""default""","""none""","0"
"{citizen 13}","{citizen 38}","[141 141 141 100]","""""","9.9","false","{breed social-friends}","0","""default""","""none""","0"
"{citizen 13}","{citizen 39}","[0 0 255 100]","""""","9.9","false","{breed social-friends}","0","""default""","""none""","0"
"{citizen 13}","{citizen 40}","[0 0 255 100]","""""","9.9","false","{breed social-friends}","0","""default""","""none""","0"
"{citizen 13}","{citizen 41}","[141 141 141 100]","""""","9.9","false","{breed social-friends}","0","""default""","""none""","0"
"{citizen 13}","{citizen 42}","[0 0 255 100]","""""","9.9","false","{breed social-friends}","0","""default""","""none""","0"
"{citizen 13}","{citizen 43}","[0 0 255 100]","""""","9.9","false","{breed social-friends}","0","""default""","""none""","0"
"{citizen 13}","{citizen 44}","[141 141 141 100]","""""","9.9","false","{breed social-friends}","0","""default""","""none""","0"
"{citizen 13}","{citizen 45}","[141 141 141 100]","""""","9.9","false","{breed social-friends}","0","""default""","""none""","0"
"{citizen 13}","{citizen 46}","[0 0 255 100]","""""","9.9","false","{breed social-friends}","0","""default""","""none""","0"
"{citizen 13}","{citizen 47}","[141 141 141 100]","""""","9.9","false","{breed social-friends}","0","""default""","""none""","0"
"{citizen 13}","{citizen 48}","[0 0 255 100]","""""","9.9","false","{breed social-friends}","0","""default""","""none""","0"
"{citizen 13}","{citizen 49}","[0 0 255 100]","""""","9.9","false","{breed social-friends}","0","""default""","""none""","0"
"{citizen 14}","{citizen 0}","[141 141 141 100]","""""","9.9","false","{breed social-friends}","0","""default""","""none""","0"
"{citizen 14}","{citizen 1}","[141 141 141 100]","""""","9.9","false","{breed social-friends}","0","""default""","""none""","0"
"{citizen 14}","{citizen 2}","[141 141 141 100]","""""","9.9","false","{breed social-friends}","0","""default""","""none""","0"
"{citizen 14}","{citizen 3}","[141 141 141 100]","""""","9.9","false","{breed social-friends}","0","""default""","""none""","0"
"{citizen 14}","{citizen 4}","[141 141 141 100]","""""","9.9","false","{breed social-friends}","0","""default""","""none""","0"
"{citizen 14}","{citizen 5}","[141 141 141 100]","""""","9.9","false","{breed social-friends}","0","""default""","""none""","0"
"{citizen 14}","{citizen 6}","[0 0 255 100]","""""","9.9","false","{breed social-friends}","0","""default""","""none""","0"
"{citizen 14}","{citizen 7}","[141 141 141 100]","""""","9.9","false","{breed social-friends}","0","""default""","""none""","0"
"{citizen 14}","{citizen 8}","[141 141 141 100]","""""","9.9","false","{breed social-friends}","0","""default""","""none""","0"
"{citizen 14}","{citizen 9}","[141 141 141 100]","""""","9.9","false","{breed social-friends}","0","""default""","""none""","0"
"{citizen 14}","{citizen 10}","[0 0 255 100]","""""","9.9","false","{breed social-friends}","0","""default""","""none""","0"
"{citizen 14}","{citizen 11}","[0 0 255 100]","""""","9.9","false","{breed social-friends}","0","""default""","""none""","0"
"{citizen 14}","{citizen 12}","[141 141 141 100]","""""","9.9","false","{breed social-friends}","0","""default""","""none""","0"
"{citizen 14}","{citizen 13}","[0 0 255 100]","""""","9.9","false","{breed social-friends}","0","""default""","""none""","0"
"{citizen 14}","{citizen 15}","[141 141 141 100]","""""","9.9","false","{breed social-friends}","0","""default""","""none""","0"
"{citizen 14}","{citizen 16}","[141 141 141 100]","""""","9.9","false","{breed social-friends}","0","""default""","""none""","0"
"{citizen 14}","{citizen 17}","[0 0 255 100]","""""","9.9","false","{breed social-friends}","0","""default""","""none""","0"
"{citizen 14}","{citizen 18}","[141 141 141 100]","""""","9.9","false","{breed social-friends}","0","""default""","""none""","0"
"{citizen 14}","{citizen 19}","[141 141 141 100]","""""","9.9","false","{breed social-friends}","0","""default""","""none""","0"
"{citizen 14}","{citizen 20}","[0 0 255 100]","""""","9.9","false","{breed social-friends}","0","""default""","""none""","0"
"{citizen 14}","{citizen 21}","[141 141 141 100]","""""","9.9","false","{breed social-friends}","0","""default""","""none""","0"
"{citizen 14}","{citizen 22}","[141 141 141 100]","""""","9.9","false","{breed social-friends}","0","""default""","""none""","0"
"{citizen 14}","{citizen 23}","[141 141 141 100]","""""","9.9","false","{breed social-friends}","0","""default""","""none""","0"
"{citizen 14}","{citizen 24}","[0 0 255 100]","""""","9.9","false","{breed social-friends}","0","""default""","""none""","0"
"{citizen 14}","{citizen 25}","[141 141 141 100]","""""","9.9","false","{breed social-friends}","0","""default""","""none""","0"
"{citizen 14}","{citizen 26}","[141 141 141 100]","""""","9.9","false","{breed social-friends}","0","""default""","""none""","0"
"{citizen 14}","{citizen 27}","[0 0 255 100]","""""","9.9","false","{breed social-friends}","0","""default""","""none""","0"
"{citizen 14}","{citizen 28}","[141 141 141 100]","""""","9.9","false","{breed social-friends}","0","""default""","""none""","0"
"{citizen 14}","{citizen 29}","[141 141 141 100]","""""","9.9","false","{breed social-friends}","0","""default""","""none""","0"
"{citizen 14}","{citizen 30}","[141 141 141 100]","""""","9.9","false","{breed social-friends}","0","""default""","""none""","0"
"{citizen 14}","{citizen 31}","[141 141 141 100]","""""","9.9","false","{breed social-friends}","0","""default""","""none""","0"
"{citizen 14}","{citizen 32}","[141 141 141 100]","""""","9.9","false","{breed social-friends}","0","""default""","""none""","0"
"{citizen 14}","{citizen 33}","[141 141 141 100]","""""","9.9","false","{breed social-friends}","0","""default""","""none""","0"
"{citizen 14}","{citizen 34}","[0 0 255 100]","""""","9.9","false","{breed social-friends}","0","""default""","""none""","0"
"{citizen 14}","{citizen 35}","[141 141 141 100]","""""","9.9","false","{breed social-friends}","0","""default""","""none""","0"
"{citizen 14}","{citizen 36}","[0 0 255 100]","""""","9.9","false","{breed social-friends}","0","""default""","""none""","0"
"{citizen 14}","{citizen 37}","[141 141 141 100]","""""","9.9","false","{breed social-friends}","0","""default""","""none""","0"
"{citizen 14}","{citizen 38}","[141 141 141 100]","""""","9.9","false","{breed social-friends}","0","""default""","""none""","0"
"{citizen 14}","{citizen 39}","[0 0 255 100]","""""","9.9","false","{breed social-friends}","0","""default""","""none""","0"
"{citizen 14}","{citizen 40}","[0 0 255 100]","""""","9.9","false","{breed social-friends}","0","""default""","""none""","0"
"{citizen 14}","{citizen 41}","[141 141 141 100]","""""","9.9","false","{breed social-friends}","0","""default""","""none""","0"
"{citizen 14}","{citizen 42}","[0 0 255 100]","""""","9.9","false","{breed social-friends}","0","""default""","""none""","0"
"{citizen 14}","{citizen 43}","[0 0 255 100]","""""","9.9","false","{breed social-friends}","0","""default""","""none""","0"
"{citizen 14}","{citizen 44}","[141 141 141 100]","""""","9.9","false","{breed social-friends}","0","""default""","""none""","0"
"{citizen 14}","{citizen 45}","[141 141 141 100]","""""","9.9","false","{breed social-friends}","0","""default""","""none""","0"
"{citizen 14}","{citizen 46}","[0 0 255 100]","""""","9.9","false","{breed social-friends}","0","""default""","""none""","0"
"{citizen 14}","{citizen 47}","[141 141 141 100]","""""","9.9","false","{breed social-friends}","0","""default""","""none""","0"
"{citizen 14}","{citizen 48}","[0 0 255 100]","""""","9.9","false","{breed social-friends}","0","""default""","""none""","0"
"{citizen 14}","{citizen 49}","[0 0 255 100]","""""","9.9","false","{breed social-friends}","0","""default""","""none""","0"
"{citizen 15}","{citizen 0}","[85 0 170 100]","""""","9.9","false","{breed social-friends}","0","""default""","""none""","0"
"{citizen 15}","{citizen 1}","[85 0 170 100]","""""","9.9","false","{breed social-friends}","0","""default""","""none""","0"
"{citizen 15}","{citizen 2}","[85 0 170 100]","""""","9.9","false","{breed social-friends}","0","""default""","""none""","0"
"{citizen 15}","{citizen 3}","[85 0 170 100]","""""","9.9","false","{breed social-friends}","0","""default""","""none""","0"
"{citizen 15}","{citizen 4}","[85 0 170 100]","""""","9.9","false","{breed social-friends}","0","""default""","""none""","0"
"{citizen 15}","{citizen 5}","[85 0 170 100]","""""","9.9","false","{breed social-friends}","0","""default""","""none""","0"
"{citizen 15}","{citizen 6}","[141 141 141 100]","""""","9.9","false","{breed social-friends}","0","""default""","""none""","0"
"{citizen 15}","{citizen 7}","[85 0 170 100]","""""","9.9","false","{breed social-friends}","0","""default""","""none""","0"
"{citizen 15}","{citizen 8}","[85 0 170 100]","""""","9.9","false","{breed social-friends}","0","""default""","""none""","0"
"{citizen 15}","{citizen 9}","[85 0 170 100]","""""","9.9","false","{breed social-friends}","0","""default""","""none""","0"
"{citizen 15}","{citizen 10}","[141 141 141 100]","""""","9.9","false","{breed social-friends}","0","""default""","""none""","0"
"{citizen 15}","{citizen 11}","[141 141 141 100]","""""","9.9","false","{breed social-friends}","0","""default""","""none""","0"
"{citizen 15}","{citizen 12}","[85 0 170 100]","""""","9.9","false","{breed social-friends}","0","""default""","""none""","0"
"{citizen 15}","{citizen 13}","[141 141 141 100]","""""","9.9","false","{breed social-friends}","0","""default""","""none""","0"
"{citizen 15}","{citizen 14}","[141 141 141 100]","""""","9.9","false","{breed social-friends}","0","""default""","""none""","0"
"{citizen 15}","{citizen 16}","[85 0 170 100]","""""","9.9","false","{breed social-friends}","0","""default""","""none""","0"
"{citizen 15}","{citizen 17}","[141 141 141 100]","""""","9.9","false","{breed social-friends}","0","""default""","""none""","0"
"{citizen 15}","{citizen 18}","[85 0 170 100]","""""","9.9","false","{breed social-friends}","0","""default""","""none""","0"
"{citizen 15}","{citizen 19}","[85 0 170 100]","""""","9.9","false","{breed social-friends}","0","""default""","""none""","0"
"{citizen 15}","{citizen 20}","[141 141 141 100]","""""","9.9","false","{breed social-friends}","0","""default""","""none""","0"
"{citizen 15}","{citizen 21}","[85 0 170 100]","""""","9.9","false","{breed social-friends}","0","""default""","""none""","0"
"{citizen 15}","{citizen 22}","[85 0 170 100]","""""","9.9","false","{breed social-friends}","0","""default""","""none""","0"
"{citizen 15}","{citizen 23}","[85 0 170 100]","""""","9.9","false","{breed social-friends}","0","""default""","""none""","0"
"{citizen 15}","{citizen 24}","[141 141 141 100]","""""","9.9","false","{breed social-friends}","0","""default""","""none""","0"
"{citizen 15}","{citizen 25}","[85 0 170 100]","""""","9.9","false","{breed social-friends}","0","""default""","""none""","0"
"{citizen 15}","{citizen 26}","[85 0 170 100]","""""","9.9","false","{breed social-friends}","0","""default""","""none""","0"
"{citizen 15}","{citizen 27}","[141 141 141 100]","""""","9.9","false","{breed social-friends}","0","""default""","""none""","0"
"{citizen 15}","{citizen 28}","[85 0 170 100]","""""","9.9","false","{breed social-friends}","0","""default""","""none""","0"
"{citizen 15}","{citizen 29}","[85 0 170 100]","""""","9.9","false","{breed social-friends}","0","""default""","""none""","0"
"{citizen 15}","{citizen 30}","[85 0 170 100]","""""","9.9","false","{breed social-friends}","0","""default""","""none""","0"
"{citizen 15}","{citizen 31}","[85 0 170 100]","""""","9.9","false","{breed social-friends}","0","""default""","""none""","0"
"{citizen 15}","{citizen 32}","[85 0 170 100]","""""","9.9","false","{breed social-friends}","0","""default""","""none""","0"
"{citizen 15}","{citizen 33}","[85 0 170 100]","""""","9.9","false","{breed social-friends}","0","""default""","""none""","0"
"{citizen 15}","{citizen 34}","[141 141 141 100]","""""","9.9","false","{breed social-friends}","0","""default""","""none""","0"
"{citizen 15}","{citizen 35}","[85 0 170 100]","""""","9.9","false","{breed social-friends}","0","""default""","""none""","0"
"{citizen 15}","{citizen 36}","[141 141 141 100]","""""","9.9","false","{breed social-friends}","0","""default""","""none""","0"
"{citizen 15}","{citizen 37}","[85 0 170 100]","""""","9.9","false","{breed social-friends}","0","""default""","""none""","0"
"{citizen 15}","{citizen 38}","[85 0 170 100]","""""","9.9","false","{breed social-friends}","0","""default""","""none""","0"
"{citizen 15}","{citizen 39}","[141 141 141 100]","""""","9.9","false","{breed social-friends}","0","""default""","""none""","0"
"{citizen 15}","{citizen 40}","[141 141 141 100]","""""","9.9","false","{breed social-friends}","0","""default""","""none""","0"
"{citizen 15}","{citizen 41}","[85 0 170 100]","""""","9.9","false","{breed social-friends}","0","""default""","""none""","0"
"{citizen 15}","{citizen 42}","[141 141 141 100]","""""","9.9","false","{breed social-friends}","0","""default""","""none""","0"
"{citizen 15}","{citizen 43}","[141 141 141 100]","""""","9.9","false","{breed social-friends}","0","""default""","""none""","0"
"{citizen 15}","{citizen 44}","[85 0 170 100]","""""","9.9","false","{breed social-friends}","0","""default""","""none""","0"
"{citizen 15}","{citizen 45}","[85 0 170 100]","""""","9.9","false","{breed social-friends}","0","""default""","""none""","0"
"{citizen 15}","{citizen 46}","[141 141 141 100]","""""","9.9","false","{breed social-friends}","0","""default""","""none""","0"
"{citizen 15}","{citizen 47}","[85 0 170 100]","""""","9.9","false","{breed social-friends}","0","""default""","""none""","0"
"{citizen 15}","{citizen 48}","[141 141 141 100]","""""","9.9","false","{breed social-friends}","0","""default""","""none""","0"
"{citizen 15}","{citizen 49}","[141 141 141 100]","""""","9.9","false","{breed social-friends}","0","""default""","""none""","0"
"{citizen 16}","{citizen 0}","[85 0 170 100]","""""","9.9","false","{breed social-friends}","0","""default""","""none""","0"
"{citizen 16}","{citizen 1}","[85 0 170 100]","""""","9.9","false","{breed social-friends}","0","""default""","""none""","0"
"{citizen 16}","{citizen 2}","[85 0 170 100]","""""","9.9","false","{breed social-friends}","0","""default""","""none""","0"
"{citizen 16}","{citizen 3}","[85 0 170 100]","""""","9.9","false","{breed social-friends}","0","""default""","""none""","0"
"{citizen 16}","{citizen 4}","[85 0 170 100]","""""","9.9","false","{breed social-friends}","0","""default""","""none""","0"
"{citizen 16}","{citizen 5}","[85 0 170 100]","""""","9.9","false","{breed social-friends}","0","""default""","""none""","0"
"{citizen 16}","{citizen 6}","[141 141 141 100]","""""","9.9","false","{breed social-friends}","0","""default""","""none""","0"
"{citizen 16}","{citizen 7}","[85 0 170 100]","""""","9.9","false","{breed social-friends}","0","""default""","""none""","0"
"{citizen 16}","{citizen 8}","[85 0 170 100]","""""","9.9","false","{breed social-friends}","0","""default""","""none""","0"
"{citizen 16}","{citizen 9}","[85 0 170 100]","""""","9.9","false","{breed social-friends}","0","""default""","""none""","0"
"{citizen 16}","{citizen 10}","[141 141 141 100]","""""","9.9","false","{breed social-friends}","0","""default""","""none""","0"
"{citizen 16}","{citizen 11}","[141 141 141 100]","""""","9.9","false","{breed social-friends}","0","""default""","""none""","0"
"{citizen 16}","{citizen 12}","[85 0 170 100]","""""","9.9","false","{breed social-friends}","0","""default""","""none""","0"
"{citizen 16}","{citizen 13}","[141 141 141 100]","""""","9.9","false","{breed social-friends}","0","""default""","""none""","0"
"{citizen 16}","{citizen 14}","[141 141 141 100]","""""","9.9","false","{breed social-friends}","0","""default""","""none""","0"
"{citizen 16}","{citizen 15}","[85 0 170 100]","""""","9.9","false","{breed social-friends}","0","""default""","""none""","0"
"{citizen 16}","{citizen 17}","[141 141 141 100]","""""","9.9","false","{breed social-friends}","0","""default""","""none""","0"
"{citizen 16}","{citizen 18}","[85 0 170 100]","""""","9.9","false","{breed social-friends}","0","""default""","""none""","0"
"{citizen 16}","{citizen 19}","[85 0 170 100]","""""","9.9","false","{breed social-friends}","0","""default""","""none""","0"
"{citizen 16}","{citizen 20}","[141 141 141 100]","""""","9.9","false","{breed social-friends}","0","""default""","""none""","0"
"{citizen 16}","{citizen 21}","[85 0 170 100]","""""","9.9","false","{breed social-friends}","0","""default""","""none""","0"
"{citizen 16}","{citizen 22}","[85 0 170 100]","""""","9.9","false","{breed social-friends}","0","""default""","""none""","0"
"{citizen 16}","{citizen 23}","[85 0 170 100]","""""","9.9","false","{breed social-friends}","0","""default""","""none""","0"
"{citizen 16}","{citizen 24}","[141 141 141 100]","""""","9.9","false","{breed social-friends}","0","""default""","""none""","0"
"{citizen 16}","{citizen 25}","[85 0 170 100]","""""","9.9","false","{breed social-friends}","0","""default""","""none""","0"
"{citizen 16}","{citizen 26}","[85 0 170 100]","""""","9.9","false","{breed social-friends}","0","""default""","""none""","0"
"{citizen 16}","{citizen 27}","[141 141 141 100]","""""","9.9","false","{breed social-friends}","0","""default""","""none""","0"
"{citizen 16}","{citizen 28}","[85 0 170 100]","""""","9.9","false","{breed social-friends}","0","""default""","""none""","0"
"{citizen 16}","{citizen 29}","[85 0 170 100]","""""","9.9","false","{breed social-friends}","0","""default""","""none""","0"
"{citizen 16}","{citizen 30}","[85 0 170 100]","""""","9.9","false","{breed social-friends}","0","""default""","""none""","0"
"{citizen 16}","{citizen 31}","[85 0 170 100]","""""","9.9","false","{breed social-friends}","0","""default""","""none""","0"
"{citizen 16}","{citizen 32}","[85 0 170 100]","""""","9.9","false","{breed social-friends}","0","""default""","""none""","0"
"{citizen 16}","{citizen 33}","[85 0 170 100]","""""","9.9","false","{breed social-friends}","0","""default""","""none""","0"
"{citizen 16}","{citizen 34}","[141 141 141 100]","""""","9.9","false","{breed social-friends}","0","""default""","""none""","0"
"{citizen 16}","{citizen 35}","[85 0 170 100]","""""","9.9","false","{breed social-friends}","0","""default""","""none""","0"
"{citizen 16}","{citizen 36}","[141 141 141 100]","""""","9.9","false","{breed social-friends}","0","""default""","""none""","0"
"{citizen 16}","{citizen 37}","[85 0 170 100]","""""","9.9","false","{breed social-friends}","0","""default""","""none""","0"
"{citizen 16}","{citizen 38}","[85 0 170 100]","""""","9.9","false","{breed social-friends}","0","""default""","""none""","0"
"{citizen 16}","{citizen 39}","[141 141 141 100]","""""","9.9","false","{breed social-friends}","0","""default""","""none""","0"
"{citizen 16}","{citizen 40}","[141 141 141 100]","""""","9.9","false","{breed social-friends}","0","""default""","""none""","0"
"{citizen 16}","{citizen 41}","[85 0 170 100]","""""","9.9","false","{breed social-friends}","0","""default""","""none""","0"
"{citizen 16}","{citizen 42}","[141 141 141 100]","""""","9.9","false","{breed social-friends}","0","""default""","""none""","0"
"{citizen 16}","{citizen 43}","[141 141 141 100]","""""","9.9","false","{breed social-friends}","0","""default""","""none""","0"
"{citizen 16}","{citizen 44}","[85 0 170 100]","""""","9.9","false","{breed social-friends}","0","""default""","""none""","0"
"{citizen 16}","{citizen 45}","[85 0 170 100]","""""","9.9","false","{breed social-friends}","0","""default""","""none""","0"
"{citizen 16}","{citizen 46}","[141 141 141 100]","""""","9.9","false","{breed social-friends}","0","""default""","""none""","0"
"{citizen 16}","{citizen 47}","[85 0 170 100]","""""","9.9","false","{breed social-friends}","0","""default""","""none""","0"
"{citizen 16}","{citizen 48}","[141 141 141 100]","""""","9.9","false","{breed social-friends}","0","""default""","""none""","0"
"{citizen 16}","{citizen 49}","[141 141 141 100]","""""","9.9","false","{breed social-friends}","0","""default""","""none""","0"
"{citizen 17}","{citizen 0}","[141 141 141 100]","""""","9.9","false","{breed social-friends}","0","""default""","""none""","0"
"{citizen 17}","{citizen 1}","[141 141 141 100]","""""","9.9","false","{breed social-friends}","0","""default""","""none""","0"
"{citizen 17}","{citizen 2}","[141 141 141 100]","""""","9.9","false","{breed social-friends}","0","""default""","""none""","0"
"{citizen 17}","{citizen 3}","[141 141 141 100]","""""","9.9","false","{breed social-friends}","0","""default""","""none""","0"
"{citizen 17}","{citizen 4}","[141 141 141 100]","""""","9.9","false","{breed social-friends}","0","""default""","""none""","0"
"{citizen 17}","{citizen 5}","[141 141 141 100]","""""","9.9","false","{breed social-friends}","0","""default""","""none""","0"
"{citizen 17}","{citizen 6}","[0 0 255 100]","""""","9.9","false","{breed social-friends}","0","""default""","""none""","0"
"{citizen 17}","{citizen 7}","[141 141 141 100]","""""","9.9","false","{breed social-friends}","0","""default""","""none""","0"
"{citizen 17}","{citizen 8}","[141 141 141 100]","""""","9.9","false","{breed social-friends}","0","""default""","""none""","0"
"{citizen 17}","{citizen 9}","[141 141 141 100]","""""","9.9","false","{breed social-friends}","0","""default""","""none""","0"
"{citizen 17}","{citizen 10}","[0 0 255 100]","""""","9.9","false","{breed social-friends}","0","""default""","""none""","0"
"{citizen 17}","{citizen 11}","[0 0 255 100]","""""","9.9","false","{breed social-friends}","0","""default""","""none""","0"
"{citizen 17}","{citizen 12}","[141 141 141 100]","""""","9.9","false","{breed social-friends}","0","""default""","""none""","0"
"{citizen 17}","{citizen 13}","[0 0 255 100]","""""","9.9","false","{breed social-friends}","0","""default""","""none""","0"
"{citizen 17}","{citizen 14}","[0 0 255 100]","""""","9.9","false","{breed social-friends}","0","""default""","""none""","0"
"{citizen 17}","{citizen 15}","[141 141 141 100]","""""","9.9","false","{breed social-friends}","0","""default""","""none""","0"
"{citizen 17}","{citizen 16}","[141 141 141 100]","""""","9.9","false","{breed social-friends}","0","""default""","""none""","0"
"{citizen 17}","{citizen 18}","[141 141 141 100]","""""","9.9","false","{breed social-friends}","0","""default""","""none""","0"
"{citizen 17}","{citizen 19}","[141 141 141 100]","""""","9.9","false","{breed social-friends}","0","""default""","""none""","0"
"{citizen 17}","{citizen 20}","[0 0 255 100]","""""","9.9","false","{breed social-friends}","0","""default""","""none""","0"
"{citizen 17}","{citizen 21}","[141 141 141 100]","""""","9.9","false","{breed social-friends}","0","""default""","""none""","0"
"{citizen 17}","{citizen 22}","[141 141 141 100]","""""","9.9","false","{breed social-friends}","0","""default""","""none""","0"
"{citizen 17}","{citizen 23}","[141 141 141 100]","""""","9.9","false","{breed social-friends}","0","""default""","""none""","0"
"{citizen 17}","{citizen 24}","[0 0 255 100]","""""","9.9","false","{breed social-friends}","0","""default""","""none""","0"
"{citizen 17}","{citizen 25}","[141 141 141 100]","""""","9.9","false","{breed social-friends}","0","""default""","""none""","0"
"{citizen 17}","{citizen 26}","[141 141 141 100]","""""","9.9","false","{breed social-friends}","0","""default""","""none""","0"
"{citizen 17}","{citizen 27}","[0 0 255 100]","""""","9.9","false","{breed social-friends}","0","""default""","""none""","0"
"{citizen 17}","{citizen 28}","[141 141 141 100]","""""","9.9","false","{breed social-friends}","0","""default""","""none""","0"
"{citizen 17}","{citizen 29}","[141 141 141 100]","""""","9.9","false","{breed social-friends}","0","""default""","""none""","0"
"{citizen 17}","{citizen 30}","[141 141 141 100]","""""","9.9","false","{breed social-friends}","0","""default""","""none""","0"
"{citizen 17}","{citizen 31}","[141 141 141 100]","""""","9.9","false","{breed social-friends}","0","""default""","""none""","0"
"{citizen 17}","{citizen 32}","[141 141 141 100]","""""","9.9","false","{breed social-friends}","0","""default""","""none""","0"
"{citizen 17}","{citizen 33}","[141 141 141 100]","""""","9.9","false","{breed social-friends}","0","""default""","""none""","0"
"{citizen 17}","{citizen 34}","[0 0 255 100]","""""","9.9","false","{breed social-friends}","0","""default""","""none""","0"
"{citizen 17}","{citizen 35}","[141 141 141 100]","""""","9.9","false","{breed social-friends}","0","""default""","""none""","0"
"{citizen 17}","{citizen 36}","[0 0 255 100]","""""","9.9","false","{breed social-friends}","0","""default""","""none""","0"
"{citizen 17}","{citizen 37}","[141 141 141 100]","""""","9.9","false","{breed social-friends}","0","""default""","""none""","0"
"{citizen 17}","{citizen 38}","[141 141 141 100]","""""","9.9","false","{breed social-friends}","0","""default""","""none""","0"
"{citizen 17}","{citizen 39}","[0 0 255 100]","""""","9.9","false","{breed social-friends}","0","""default""","""none""","0"
"{citizen 17}","{citizen 40}","[0 0 255 100]","""""","9.9","false","{breed social-friends}","0","""default""","""none""","0"
"{citizen 17}","{citizen 41}","[141 141 141 100]","""""","9.9","false","{breed social-friends}","0","""default""","""none""","0"
"{citizen 17}","{citizen 42}","[0 0 255 100]","""""","9.9","false","{breed social-friends}","0","""default""","""none""","0"
"{citizen 17}","{citizen 43}","[0 0 255 100]","""""","9.9","false","{breed social-friends}","0","""default""","""none""","0"
"{citizen 17}","{citizen 44}","[141 141 141 100]","""""","9.9","false","{breed social-friends}","0","""default""","""none""","0"
"{citizen 17}","{citizen 45}","[141 141 141 100]","""""","9.9","false","{breed social-friends}","0","""default""","""none""","0"
"{citizen 17}","{citizen 46}","[0 0 255 100]","""""","9.9","false","{breed social-friends}","0","""default""","""none""","0"
"{citizen 17}","{citizen 47}","[141 141 141 100]","""""","9.9","false","{breed social-friends}","0","""default""","""none""","0"
"{citizen 17}","{citizen 48}","[0 0 255 100]","""""","9.9","false","{breed social-friends}","0","""default""","""none""","0"
"{citizen 17}","{citizen 49}","[0 0 255 100]","""""","9.9","false","{breed social-friends}","0","""default""","""none""","0"
"{citizen 18}","{citizen 0}","[85 0 170 100]","""""","9.9","false","{breed social-friends}","0","""default""","""none""","0"
"{citizen 18}","{citizen 1}","[85 0 170 100]","""""","9.9","false","{breed social-friends}","0","""default""","""none""","0"
"{citizen 18}","{citizen 2}","[85 0 170 100]","""""","9.9","false","{breed social-friends}","0","""default""","""none""","0"
"{citizen 18}","{citizen 3}","[85 0 170 100]","""""","9.9","false","{breed social-friends}","0","""default""","""none""","0"
"{citizen 18}","{citizen 4}","[85 0 170 100]","""""","9.9","false","{breed social-friends}","0","""default""","""none""","0"
"{citizen 18}","{citizen 5}","[85 0 170 100]","""""","9.9","false","{breed social-friends}","0","""default""","""none""","0"
"{citizen 18}","{citizen 6}","[141 141 141 100]","""""","9.9","false","{breed social-friends}","0","""default""","""none""","0"
"{citizen 18}","{citizen 7}","[85 0 170 100]","""""","9.9","false","{breed social-friends}","0","""default""","""none""","0"
"{citizen 18}","{citizen 8}","[85 0 170 100]","""""","9.9","false","{breed social-friends}","0","""default""","""none""","0"
"{citizen 18}","{citizen 9}","[85 0 170 100]","""""","9.9","false","{breed social-friends}","0","""default""","""none""","0"
"{citizen 18}","{citizen 10}","[141 141 141 100]","""""","9.9","false","{breed social-friends}","0","""default""","""none""","0"
"{citizen 18}","{citizen 11}","[141 141 141 100]","""""","9.9","false","{breed social-friends}","0","""default""","""none""","0"
"{citizen 18}","{citizen 12}","[85 0 170 100]","""""","9.9","false","{breed social-friends}","0","""default""","""none""","0"
"{citizen 18}","{citizen 13}","[141 141 141 100]","""""","9.9","false","{breed social-friends}","0","""default""","""none""","0"
"{citizen 18}","{citizen 14}","[141 141 141 100]","""""","9.9","false","{breed social-friends}","0","""default""","""none""","0"
"{citizen 18}","{citizen 15}","[85 0 170 100]","""""","9.9","false","{breed social-friends}","0","""default""","""none""","0"
"{citizen 18}","{citizen 16}","[85 0 170 100]","""""","9.9","false","{breed social-friends}","0","""default""","""none""","0"
"{citizen 18}","{citizen 17}","[141 141 141 100]","""""","9.9","false","{breed social-friends}","0","""default""","""none""","0"
"{citizen 18}","{citizen 19}","[85 0 170 100]","""""","9.9","false","{breed social-friends}","0","""default""","""none""","0"
"{citizen 18}","{citizen 20}","[141 141 141 100]","""""","9.9","false","{breed social-friends}","0","""default""","""none""","0"
"{citizen 18}","{citizen 21}","[85 0 170 100]","""""","9.9","false","{breed social-friends}","0","""default""","""none""","0"
"{citizen 18}","{citizen 22}","[85 0 170 100]","""""","9.9","false","{breed social-friends}","0","""default""","""none""","0"
"{citizen 18}","{citizen 23}","[85 0 170 100]","""""","9.9","false","{breed social-friends}","0","""default""","""none""","0"
"{citizen 18}","{citizen 24}","[141 141 141 100]","""""","9.9","false","{breed social-friends}","0","""default""","""none""","0"
"{citizen 18}","{citizen 25}","[85 0 170 100]","""""","9.9","false","{breed social-friends}","0","""default""","""none""","0"
"{citizen 18}","{citizen 26}","[85 0 170 100]","""""","9.9","false","{breed social-friends}","0","""default""","""none""","0"
"{citizen 18}","{citizen 27}","[141 141 141 100]","""""","9.9","false","{breed social-friends}","0","""default""","""none""","0"
"{citizen 18}","{citizen 28}","[85 0 170 100]","""""","9.9","false","{breed social-friends}","0","""default""","""none""","0"
"{citizen 18}","{citizen 29}","[85 0 170 100]","""""","9.9","false","{breed social-friends}","0","""default""","""none""","0"
"{citizen 18}","{citizen 30}","[85 0 170 100]","""""","9.9","false","{breed social-friends}","0","""default""","""none""","0"
"{citizen 18}","{citizen 31}","[85 0 170 100]","""""","9.9","false","{breed social-friends}","0","""default""","""none""","0"
"{citizen 18}","{citizen 32}","[85 0 170 100]","""""","9.9","false","{breed social-friends}","0","""default""","""none""","0"
"{citizen 18}","{citizen 33}","[85 0 170 100]","""""","9.9","false","{breed social-friends}","0","""default""","""none""","0"
"{citizen 18}","{citizen 34}","[141 141 141 100]","""""","9.9","false","{breed social-friends}","0","""default""","""none""","0"
"{citizen 18}","{citizen 35}","[85 0 170 100]","""""","9.9","false","{breed social-friends}","0","""default""","""none""","0"
"{citizen 18}","{citizen 36}","[141 141 141 100]","""""","9.9","false","{breed social-friends}","0","""default""","""none""","0"
"{citizen 18}","{citizen 37}","[85 0 170 100]","""""","9.9","false","{breed social-friends}","0","""default""","""none""","0"
"{citizen 18}","{citizen 38}","[85 0 170 100]","""""","9.9","false","{breed social-friends}","0","""default""","""none""","0"
"{citizen 18}","{citizen 39}","[141 141 141 100]","""""","9.9","false","{breed social-friends}","0","""default""","""none""","0"
"{citizen 18}","{citizen 40}","[141 141 141 100]","""""","9.9","false","{breed social-friends}","0","""default""","""none""","0"
"{citizen 18}","{citizen 41}","[85 0 170 100]","""""","9.9","false","{breed social-friends}","0","""default""","""none""","0"
"{citizen 18}","{citizen 42}","[141 141 141 100]","""""","9.9","false","{breed social-friends}","0","""default""","""none""","0"
"{citizen 18}","{citizen 43}","[141 141 141 100]","""""","9.9","false","{breed social-friends}","0","""default""","""none""","0"
"{citizen 18}","{citizen 44}","[85 0 170 100]","""""","9.9","false","{breed social-friends}","0","""default""","""none""","0"
"{citizen 18}","{citizen 45}","[85 0 170 100]","""""","9.9","false","{breed social-friends}","0","""default""","""none""","0"
"{citizen 18}","{citizen 46}","[141 141 141 100]","""""","9.9","false","{breed social-friends}","0","""default""","""none""","0"
"{citizen 18}","{citizen 47}","[85 0 170 100]","""""","9.9","false","{breed social-friends}","0","""default""","""none""","0"
"{citizen 18}","{citizen 48}","[141 141 141 100]","""""","9.9","false","{breed social-friends}","0","""default""","""none""","0"
"{citizen 18}","{citizen 49}","[141 141 141 100]","""""","9.9","false","{breed social-friends}","0","""default""","""none""","0"
"{citizen 19}","{citizen 0}","[85 0 170 100]","""""","9.9","false","{breed social-friends}","0","""default""","""none""","0"
"{citizen 19}","{citizen 1}","[85 0 170 100]","""""","9.9","false","{breed social-friends}","0","""default""","""none""","0"
"{citizen 19}","{citizen 2}","[85 0 170 100]","""""","9.9","false","{breed social-friends}","0","""default""","""none""","0"
"{citizen 19}","{citizen 3}","[85 0 170 100]","""""","9.9","false","{breed social-friends}","0","""default""","""none""","0"
"{citizen 19}","{citizen 4}","[85 0 170 100]","""""","9.9","false","{breed social-friends}","0","""default""","""none""","0"
"{citizen 19}","{citizen 5}","[85 0 170 100]","""""","9.9","false","{breed social-friends}","0","""default""","""none""","0"
"{citizen 19}","{citizen 6}","[141 141 141 100]","""""","9.9","false","{breed social-friends}","0","""default""","""none""","0"
"{citizen 19}","{citizen 7}","[85 0 170 100]","""""","9.9","false","{breed social-friends}","0","""default""","""none""","0"
"{citizen 19}","{citizen 8}","[85 0 170 100]","""""","9.9","false","{breed social-friends}","0","""default""","""none""","0"
"{citizen 19}","{citizen 9}","[85 0 170 100]","""""","9.9","false","{breed social-friends}","0","""default""","""none""","0"
"{citizen 19}","{citizen 10}","[141 141 141 100]","""""","9.9","false","{breed social-friends}","0","""default""","""none""","0"
"{citizen 19}","{citizen 11}","[141 141 141 100]","""""","9.9","false","{breed social-friends}","0","""default""","""none""","0"
"{citizen 19}","{citizen 12}","[85 0 170 100]","""""","9.9","false","{breed social-friends}","0","""default""","""none""","0"
"{citizen 19}","{citizen 13}","[141 141 141 100]","""""","9.9","false","{breed social-friends}","0","""default""","""none""","0"
"{citizen 19}","{citizen 14}","[141 141 141 100]","""""","9.9","false","{breed social-friends}","0","""default""","""none""","0"
"{citizen 19}","{citizen 15}","[85 0 170 100]","""""","9.9","false","{breed social-friends}","0","""default""","""none""","0"
"{citizen 19}","{citizen 16}","[85 0 170 100]","""""","9.9","false","{breed social-friends}","0","""default""","""none""","0"
"{citizen 19}","{citizen 17}","[141 141 141 100]","""""","9.9","false","{breed social-friends}","0","""default""","""none""","0"
"{citizen 19}","{citizen 18}","[85 0 170 100]","""""","9.9","false","{breed social-friends}","0","""default""","""none""","0"
"{citizen 19}","{citizen 20}","[141 141 141 100]","""""","9.9","false","{breed social-friends}","0","""default""","""none""","0"
"{citizen 19}","{citizen 21}","[85 0 170 100]","""""","9.9","false","{breed social-friends}","0","""default""","""none""","0"
"{citizen 19}","{citizen 22}","[85 0 170 100]","""""","9.9","false","{breed social-friends}","0","""default""","""none""","0"
"{citizen 19}","{citizen 23}","[85 0 170 100]","""""","9.9","false","{breed social-friends}","0","""default""","""none""","0"
"{citizen 19}","{citizen 24}","[141 141 141 100]","""""","9.9","false","{breed social-friends}","0","""default""","""none""","0"
"{citizen 19}","{citizen 25}","[85 0 170 100]","""""","9.9","false","{breed social-friends}","0","""default""","""none""","0"
"{citizen 19}","{citizen 26}","[85 0 170 100]","""""","9.9","false","{breed social-friends}","0","""default""","""none""","0"
"{citizen 19}","{citizen 27}","[141 141 141 100]","""""","9.9","false","{breed social-friends}","0","""default""","""none""","0"
"{citizen 19}","{citizen 28}","[85 0 170 100]","""""","9.9","false","{breed social-friends}","0","""default""","""none""","0"
"{citizen 19}","{citizen 29}","[85 0 170 100]","""""","9.9","false","{breed social-friends}","0","""default""","""none""","0"
"{citizen 19}","{citizen 30}","[85 0 170 100]","""""","9.9","false","{breed social-friends}","0","""default""","""none""","0"
"{citizen 19}","{citizen 31}","[85 0 170 100]","""""","9.9","false","{breed social-friends}","0","""default""","""none""","0"
"{citizen 19}","{citizen 32}","[85 0 170 100]","""""","9.9","false","{breed social-friends}","0","""default""","""none""","0"
"{citizen 19}","{citizen 33}","[85 0 170 100]","""""","9.9","false","{breed social-friends}","0","""default""","""none""","0"
"{citizen 19}","{citizen 34}","[141 141 141 100]","""""","9.9","false","{breed social-friends}","0","""default""","""none""","0"
"{citizen 19}","{citizen 35}","[85 0 170 100]","""""","9.9","false","{breed social-friends}","0","""default""","""none""","0"
"{citizen 19}","{citizen 36}","[141 141 141 100]","""""","9.9","false","{breed social-friends}","0","""default""","""none""","0"
"{citizen 19}","{citizen 37}","[85 0 170 100]","""""","9.9","false","{breed social-friends}","0","""default""","""none""","0"
"{citizen 19}","{citizen 38}","[85 0 170 100]","""""","9.9","false","{breed social-friends}","0","""default""","""none""","0"
"{citizen 19}","{citizen 39}","[141 141 141 100]","""""","9.9","false","{breed social-friends}","0","""default""","""none""","0"
"{citizen 19}","{citizen 40}","[141 141 141 100]","""""","9.9","false","{breed social-friends}","0","""default""","""none""","0"
"{citizen 19}","{citizen 41}","[85 0 170 100]","""""","9.9","false","{breed social-friends}","0","""default""","""none""","0"
"{citizen 19}","{citizen 42}","[141 141 141 100]","""""","9.9","false","{breed social-friends}","0","""default""","""none""","0"
"{citizen 19}","{citizen 43}","[141 141 141 100]","""""","9.9","false","{breed social-friends}","0","""default""","""none""","0"
"{citizen 19}","{citizen 44}","[85 0 170 100]","""""","9.9","false","{breed social-friends}","0","""default""","""none""","0"
"{citizen 19}","{citizen 45}","[85 0 170 100]","""""","9.9","false","{breed social-friends}","0","""default""","""none""","0"
"{citizen 19}","{citizen 46}","[141 141 141 100]","""""","9.9","false","{breed social-friends}","0","""default""","""none""","0"
"{citizen 19}","{citizen 47}","[85 0 170 100]","""""","9.9","false","{breed social-friends}","0","""default""","""none""","0"
"{citizen 19}","{citizen 48}","[141 141 141 100]","""""","9.9","false","{breed social-friends}","0","""default""","""none""","0"
"{citizen 19}","{citizen 49}","[141 141 141 100]","""""","9.9","false","{breed social-friends}","0","""default""","""none""","0"
"{citizen 20}","{citizen 0}","[141 141 141 100]","""""","9.9","false","{breed social-friends}","0","""default""","""none""","0"
"{citizen 20}","{citizen 1}","[141 141 141 100]","""""","9.9","false","{breed social-friends}","0","""default""","""none""","0"
"{citizen 20}","{citizen 2}","[141 141 141 100]","""""","9.9","false","{breed social-friends}","0","""default""","""none""","0"
"{citizen 20}","{citizen 3}","[141 141 141 100]","""""","9.9","false","{breed social-friends}","0","""default""","""none""","0"
"{citizen 20}","{citizen 4}","[141 141 141 100]","""""","9.9","false","{breed social-friends}","0","""default""","""none""","0"
"{citizen 20}","{citizen 5}","[141 141 141 100]","""""","9.9","false","{breed social-friends}","0","""default""","""none""","0"
"{citizen 20}","{citizen 6}","[0 0 255 100]","""""","9.9","false","{breed social-friends}","0","""default""","""none""","0"
"{citizen 20}","{citizen 7}","[141 141 141 100]","""""","9.9","false","{breed social-friends}","0","""default""","""none""","0"
"{citizen 20}","{citizen 8}","[141 141 141 100]","""""","9.9","false","{breed social-friends}","0","""default""","""none""","0"
"{citizen 20}","{citizen 9}","[141 141 141 100]","""""","9.9","false","{breed social-friends}","0","""default""","""none""","0"
"{citizen 20}","{citizen 10}","[0 0 255 100]","""""","9.9","false","{breed social-friends}","0","""default""","""none""","0"
"{citizen 20}","{citizen 11}","[0 0 255 100]","""""","9.9","false","{breed social-friends}","0","""default""","""none""","0"
"{citizen 20}","{citizen 12}","[141 141 141 100]","""""","9.9","false","{breed social-friends}","0","""default""","""none""","0"
"{citizen 20}","{citizen 13}","[0 0 255 100]","""""","9.9","false","{breed social-friends}","0","""default""","""none""","0"
"{citizen 20}","{citizen 14}","[0 0 255 100]","""""","9.9","false","{breed social-friends}","0","""default""","""none""","0"
"{citizen 20}","{citizen 15}","[141 141 141 100]","""""","9.9","false","{breed social-friends}","0","""default""","""none""","0"
"{citizen 20}","{citizen 16}","[141 141 141 100]","""""","9.9","false","{breed social-friends}","0","""default""","""none""","0"
"{citizen 20}","{citizen 17}","[0 0 255 100]","""""","9.9","false","{breed social-friends}","0","""default""","""none""","0"
"{citizen 20}","{citizen 18}","[141 141 141 100]","""""","9.9","false","{breed social-friends}","0","""default""","""none""","0"
"{citizen 20}","{citizen 19}","[141 141 141 100]","""""","9.9","false","{breed social-friends}","0","""default""","""none""","0"
"{citizen 20}","{citizen 21}","[141 141 141 100]","""""","9.9","false","{breed social-friends}","0","""default""","""none""","0"
"{citizen 20}","{citizen 22}","[141 141 141 100]","""""","9.9","false","{breed social-friends}","0","""default""","""none""","0"
"{citizen 20}","{citizen 23}","[141 141 141 100]","""""","9.9","false","{breed social-friends}","0","""default""","""none""","0"
"{citizen 20}","{citizen 24}","[0 0 255 100]","""""","9.9","false","{breed social-friends}","0","""default""","""none""","0"
"{citizen 20}","{citizen 25}","[141 141 141 100]","""""","9.9","false","{breed social-friends}","0","""default""","""none""","0"
"{citizen 20}","{citizen 26}","[141 141 141 100]","""""","9.9","false","{breed social-friends}","0","""default""","""none""","0"
"{citizen 20}","{citizen 27}","[0 0 255 100]","""""","9.9","false","{breed social-friends}","0","""default""","""none""","0"
"{citizen 20}","{citizen 28}","[141 141 141 100]","""""","9.9","false","{breed social-friends}","0","""default""","""none""","0"
"{citizen 20}","{citizen 29}","[141 141 141 100]","""""","9.9","false","{breed social-friends}","0","""default""","""none""","0"
"{citizen 20}","{citizen 30}","[141 141 141 100]","""""","9.9","false","{breed social-friends}","0","""default""","""none""","0"
"{citizen 20}","{citizen 31}","[141 141 141 100]","""""","9.9","false","{breed social-friends}","0","""default""","""none""","0"
"{citizen 20}","{citizen 32}","[141 141 141 100]","""""","9.9","false","{breed social-friends}","0","""default""","""none""","0"
"{citizen 20}","{citizen 33}","[141 141 141 100]","""""","9.9","false","{breed social-friends}","0","""default""","""none""","0"
"{citizen 20}","{citizen 34}","[0 0 255 100]","""""","9.9","false","{breed social-friends}","0","""default""","""none""","0"
"{citizen 20}","{citizen 35}","[141 141 141 100]","""""","9.9","false","{breed social-friends}","0","""default""","""none""","0"
"{citizen 20}","{citizen 36}","[0 0 255 100]","""""","9.9","false","{breed social-friends}","0","""default""","""none""","0"
"{citizen 20}","{citizen 37}","[141 141 141 100]","""""","9.9","false","{breed social-friends}","0","""default""","""none""","0"
"{citizen 20}","{citizen 38}","[141 141 141 100]","""""","9.9","false","{breed social-friends}","0","""default""","""none""","0"
"{citizen 20}","{citizen 39}","[0 0 255 100]","""""","9.9","false","{breed social-friends}","0","""default""","""none""","0"
"{citizen 20}","{citizen 40}","[0 0 255 100]","""""","9.9","false","{breed social-friends}","0","""default""","""none""","0"
"{citizen 20}","{citizen 41}","[141 141 141 100]","""""","9.9","false","{breed social-friends}","0","""default""","""none""","0"
"{citizen 20}","{citizen 42}","[0 0 255 100]","""""","9.9","false","{breed social-friends}","0","""default""","""none""","0"
"{citizen 20}","{citizen 43}","[0 0 255 100]","""""","9.9","false","{breed social-friends}","0","""default""","""none""","0"
"{citizen 20}","{citizen 44}","[141 141 141 100]","""""","9.9","false","{breed social-friends}","0","""default""","""none""","0"
"{citizen 20}","{citizen 45}","[141 141 141 100]","""""","9.9","false","{breed social-friends}","0","""default""","""none""","0"
"{citizen 20}","{citizen 46}","[0 0 255 100]","""""","9.9","false","{breed social-friends}","0","""default""","""none""","0"
"{citizen 20}","{citizen 47}","[141 141 141 100]","""""","9.9","false","{breed social-friends}","0","""default""","""none""","0"
"{citizen 20}","{citizen 48}","[0 0 255 100]","""""","9.9","false","{breed social-friends}","0","""default""","""none""","0"
"{citizen 20}","{citizen 49}","[0 0 255 100]","""""","9.9","false","{breed social-friends}","0","""default""","""none""","0"
"{citizen 21}","{citizen 0}","[85 0 170 100]","""""","9.9","false","{breed social-friends}","0","""default""","""none""","0"
"{citizen 21}","{citizen 1}","[85 0 170 100]","""""","9.9","false","{breed social-friends}","0","""default""","""none""","0"
"{citizen 21}","{citizen 2}","[85 0 170 100]","""""","9.9","false","{breed social-friends}","0","""default""","""none""","0"
"{citizen 21}","{citizen 3}","[85 0 170 100]","""""","9.9","false","{breed social-friends}","0","""default""","""none""","0"
"{citizen 21}","{citizen 4}","[85 0 170 100]","""""","9.9","false","{breed social-friends}","0","""default""","""none""","0"
"{citizen 21}","{citizen 5}","[85 0 170 100]","""""","9.9","false","{breed social-friends}","0","""default""","""none""","0"
"{citizen 21}","{citizen 6}","[141 141 141 100]","""""","9.9","false","{breed social-friends}","0","""default""","""none""","0"
"{citizen 21}","{citizen 7}","[85 0 170 100]","""""","9.9","false","{breed social-friends}","0","""default""","""none""","0"
"{citizen 21}","{citizen 8}","[85 0 170 100]","""""","9.9","false","{breed social-friends}","0","""default""","""none""","0"
"{citizen 21}","{citizen 9}","[85 0 170 100]","""""","9.9","false","{breed social-friends}","0","""default""","""none""","0"
"{citizen 21}","{citizen 10}","[141 141 141 100]","""""","9.9","false","{breed social-friends}","0","""default""","""none""","0"
"{citizen 21}","{citizen 11}","[141 141 141 100]","""""","9.9","false","{breed social-friends}","0","""default""","""none""","0"
"{citizen 21}","{citizen 12}","[85 0 170 100]","""""","9.9","false","{breed social-friends}","0","""default""","""none""","0"
"{citizen 21}","{citizen 13}","[141 141 141 100]","""""","9.9","false","{breed social-friends}","0","""default""","""none""","0"
"{citizen 21}","{citizen 14}","[141 141 141 100]","""""","9.9","false","{breed social-friends}","0","""default""","""none""","0"
"{citizen 21}","{citizen 15}","[85 0 170 100]","""""","9.9","false","{breed social-friends}","0","""default""","""none""","0"
"{citizen 21}","{citizen 16}","[85 0 170 100]","""""","9.9","false","{breed social-friends}","0","""default""","""none""","0"
"{citizen 21}","{citizen 17}","[141 141 141 100]","""""","9.9","false","{breed social-friends}","0","""default""","""none""","0"
"{citizen 21}","{citizen 18}","[85 0 170 100]","""""","9.9","false","{breed social-friends}","0","""default""","""none""","0"
"{citizen 21}","{citizen 19}","[85 0 170 100]","""""","9.9","false","{breed social-friends}","0","""default""","""none""","0"
"{citizen 21}","{citizen 20}","[141 141 141 100]","""""","9.9","false","{breed social-friends}","0","""default""","""none""","0"
"{citizen 21}","{citizen 22}","[85 0 170 100]","""""","9.9","false","{breed social-friends}","0","""default""","""none""","0"
"{citizen 21}","{citizen 23}","[85 0 170 100]","""""","9.9","false","{breed social-friends}","0","""default""","""none""","0"
"{citizen 21}","{citizen 24}","[141 141 141 100]","""""","9.9","false","{breed social-friends}","0","""default""","""none""","0"
"{citizen 21}","{citizen 25}","[85 0 170 100]","""""","9.9","false","{breed social-friends}","0","""default""","""none""","0"
"{citizen 21}","{citizen 26}","[85 0 170 100]","""""","9.9","false","{breed social-friends}","0","""default""","""none""","0"
"{citizen 21}","{citizen 27}","[141 141 141 100]","""""","9.9","false","{breed social-friends}","0","""default""","""none""","0"
"{citizen 21}","{citizen 28}","[85 0 170 100]","""""","9.9","false","{breed social-friends}","0","""default""","""none""","0"
"{citizen 21}","{citizen 29}","[85 0 170 100]","""""","9.9","false","{breed social-friends}","0","""default""","""none""","0"
"{citizen 21}","{citizen 30}","[85 0 170 100]","""""","9.9","false","{breed social-friends}","0","""default""","""none""","0"
"{citizen 21}","{citizen 31}","[85 0 170 100]","""""","9.9","false","{breed social-friends}","0","""default""","""none""","0"
"{citizen 21}","{citizen 32}","[85 0 170 100]","""""","9.9","false","{breed social-friends}","0","""default""","""none""","0"
"{citizen 21}","{citizen 33}","[85 0 170 100]","""""","9.9","false","{breed social-friends}","0","""default""","""none""","0"
"{citizen 21}","{citizen 34}","[141 141 141 100]","""""","9.9","false","{breed social-friends}","0","""default""","""none""","0"
"{citizen 21}","{citizen 35}","[85 0 170 100]","""""","9.9","false","{breed social-friends}","0","""default""","""none""","0"
"{citizen 21}","{citizen 36}","[141 141 141 100]","""""","9.9","false","{breed social-friends}","0","""default""","""none""","0"
"{citizen 21}","{citizen 37}","[85 0 170 100]","""""","9.9","false","{breed social-friends}","0","""default""","""none""","0"
"{citizen 21}","{citizen 38}","[85 0 170 100]","""""","9.9","false","{breed social-friends}","0","""default""","""none""","0"
"{citizen 21}","{citizen 39}","[141 141 141 100]","""""","9.9","false","{breed social-friends}","0","""default""","""none""","0"
"{citizen 21}","{citizen 40}","[141 141 141 100]","""""","9.9","false","{breed social-friends}","0","""default""","""none""","0"
"{citizen 21}","{citizen 41}","[85 0 170 100]","""""","9.9","false","{breed social-friends}","0","""default""","""none""","0"
"{citizen 21}","{citizen 42}","[141 141 141 100]","""""","9.9","false","{breed social-friends}","0","""default""","""none""","0"
"{citizen 21}","{citizen 43}","[141 141 141 100]","""""","9.9","false","{breed social-friends}","0","""default""","""none""","0"
"{citizen 21}","{citizen 44}","[85 0 170 100]","""""","9.9","false","{breed social-friends}","0","""default""","""none""","0"
"{citizen 21}","{citizen 45}","[85 0 170 100]","""""","9.9","false","{breed social-friends}","0","""default""","""none""","0"
"{citizen 21}","{citizen 46}","[141 141 141 100]","""""","9.9","false","{breed social-friends}","0","""default""","""none""","0"
"{citizen 21}","{citizen 47}","[85 0 170 100]","""""","9.9","false","{breed social-friends}","0","""default""","""none""","0"
"{citizen 21}","{citizen 48}","[141 141 141 100]","""""","9.9","false","{breed social-friends}","0","""default""","""none""","0"
"{citizen 21}","{citizen 49}","[141 141 141 100]","""""","9.9","false","{breed social-friends}","0","""default""","""none""","0"
"{citizen 22}","{citizen 0}","[85 0 170 100]","""""","9.9","false","{breed social-friends}","0","""default""","""none""","0"
"{citizen 22}","{citizen 1}","[85 0 170 100]","""""","9.9","false","{breed social-friends}","0","""default""","""none""","0"
"{citizen 22}","{citizen 2}","[85 0 170 100]","""""","9.9","false","{breed social-friends}","0","""default""","""none""","0"
"{citizen 22}","{citizen 3}","[85 0 170 100]","""""","9.9","false","{breed social-friends}","0","""default""","""none""","0"
"{citizen 22}","{citizen 4}","[85 0 170 100]","""""","9.9","false","{breed social-friends}","0","""default""","""none""","0"
"{citizen 22}","{citizen 5}","[85 0 170 100]","""""","9.9","false","{breed social-friends}","0","""default""","""none""","0"
"{citizen 22}","{citizen 6}","[141 141 141 100]","""""","9.9","false","{breed social-friends}","0","""default""","""none""","0"
"{citizen 22}","{citizen 7}","[85 0 170 100]","""""","9.9","false","{breed social-friends}","0","""default""","""none""","0"
"{citizen 22}","{citizen 8}","[85 0 170 100]","""""","9.9","false","{breed social-friends}","0","""default""","""none""","0"
"{citizen 22}","{citizen 9}","[85 0 170 100]","""""","9.9","false","{breed social-friends}","0","""default""","""none""","0"
"{citizen 22}","{citizen 10}","[141 141 141 100]","""""","9.9","false","{breed social-friends}","0","""default""","""none""","0"
"{citizen 22}","{citizen 11}","[141 141 141 100]","""""","9.9","false","{breed social-friends}","0","""default""","""none""","0"
"{citizen 22}","{citizen 12}","[85 0 170 100]","""""","9.9","false","{breed social-friends}","0","""default""","""none""","0"
"{citizen 22}","{citizen 13}","[141 141 141 100]","""""","9.9","false","{breed social-friends}","0","""default""","""none""","0"
"{citizen 22}","{citizen 14}","[141 141 141 100]","""""","9.9","false","{breed social-friends}","0","""default""","""none""","0"
"{citizen 22}","{citizen 15}","[85 0 170 100]","""""","9.9","false","{breed social-friends}","0","""default""","""none""","0"
"{citizen 22}","{citizen 16}","[85 0 170 100]","""""","9.9","false","{breed social-friends}","0","""default""","""none""","0"
"{citizen 22}","{citizen 17}","[141 141 141 100]","""""","9.9","false","{breed social-friends}","0","""default""","""none""","0"
"{citizen 22}","{citizen 18}","[85 0 170 100]","""""","9.9","false","{breed social-friends}","0","""default""","""none""","0"
"{citizen 22}","{citizen 19}","[85 0 170 100]","""""","9.9","false","{breed social-friends}","0","""default""","""none""","0"
"{citizen 22}","{citizen 20}","[141 141 141 100]","""""","9.9","false","{breed social-friends}","0","""default""","""none""","0"
"{citizen 22}","{citizen 21}","[85 0 170 100]","""""","9.9","false","{breed social-friends}","0","""default""","""none""","0"
"{citizen 22}","{citizen 23}","[85 0 170 100]","""""","9.9","false","{breed social-friends}","0","""default""","""none""","0"
"{citizen 22}","{citizen 24}","[141 141 141 100]","""""","9.9","false","{breed social-friends}","0","""default""","""none""","0"
"{citizen 22}","{citizen 25}","[85 0 170 100]","""""","9.9","false","{breed social-friends}","0","""default""","""none""","0"
"{citizen 22}","{citizen 26}","[85 0 170 100]","""""","9.9","false","{breed social-friends}","0","""default""","""none""","0"
"{citizen 22}","{citizen 27}","[141 141 141 100]","""""","9.9","false","{breed social-friends}","0","""default""","""none""","0"
"{citizen 22}","{citizen 28}","[85 0 170 100]","""""","9.9","false","{breed social-friends}","0","""default""","""none""","0"
"{citizen 22}","{citizen 29}","[85 0 170 100]","""""","9.9","false","{breed social-friends}","0","""default""","""none""","0"
"{citizen 22}","{citizen 30}","[85 0 170 100]","""""","9.9","false","{breed social-friends}","0","""default""","""none""","0"
"{citizen 22}","{citizen 31}","[85 0 170 100]","""""","9.9","false","{breed social-friends}","0","""default""","""none""","0"
"{citizen 22}","{citizen 32}","[85 0 170 100]","""""","9.9","false","{breed social-friends}","0","""default""","""none""","0"
"{citizen 22}","{citizen 33}","[85 0 170 100]","""""","9.9","false","{breed social-friends}","0","""default""","""none""","0"
"{citizen 22}","{citizen 34}","[141 141 141 100]","""""","9.9","false","{breed social-friends}","0","""default""","""none""","0"
"{citizen 22}","{citizen 35}","[85 0 170 100]","""""","9.9","false","{breed social-friends}","0","""default""","""none""","0"
"{citizen 22}","{citizen 36}","[141 141 141 100]","""""","9.9","false","{breed social-friends}","0","""default""","""none""","0"
"{citizen 22}","{citizen 37}","[85 0 170 100]","""""","9.9","false","{breed social-friends}","0","""default""","""none""","0"
"{citizen 22}","{citizen 38}","[85 0 170 100]","""""","9.9","false","{breed social-friends}","0","""default""","""none""","0"
"{citizen 22}","{citizen 39}","[141 141 141 100]","""""","9.9","false","{breed social-friends}","0","""default""","""none""","0"
"{citizen 22}","{citizen 40}","[141 141 141 100]","""""","9.9","false","{breed social-friends}","0","""default""","""none""","0"
"{citizen 22}","{citizen 41}","[85 0 170 100]","""""","9.9","false","{breed social-friends}","0","""default""","""none""","0"
"{citizen 22}","{citizen 42}","[141 141 141 100]","""""","9.9","false","{breed social-friends}","0","""default""","""none""","0"
"{citizen 22}","{citizen 43}","[141 141 141 100]","""""","9.9","false","{breed social-friends}","0","""default""","""none""","0"
"{citizen 22}","{citizen 44}","[85 0 170 100]","""""","9.9","false","{breed social-friends}","0","""default""","""none""","0"
"{citizen 22}","{citizen 45}","[85 0 170 100]","""""","9.9","false","{breed social-friends}","0","""default""","""none""","0"
"{citizen 22}","{citizen 46}","[141 141 141 100]","""""","9.9","false","{breed social-friends}","0","""default""","""none""","0"
"{citizen 22}","{citizen 47}","[85 0 170 100]","""""","9.9","false","{breed social-friends}","0","""default""","""none""","0"
"{citizen 22}","{citizen 48}","[141 141 141 100]","""""","9.9","false","{breed social-friends}","0","""default""","""none""","0"
"{citizen 22}","{citizen 49}","[141 141 141 100]","""""","9.9","false","{breed social-friends}","0","""default""","""none""","0"
"{citizen 23}","{citizen 0}","[85 0 170 100]","""""","9.9","false","{breed social-friends}","0","""default""","""none""","0"
"{citizen 23}","{citizen 1}","[85 0 170 100]","""""","9.9","false","{breed social-friends}","0","""default""","""none""","0"
"{citizen 23}","{citizen 2}","[85 0 170 100]","""""","9.9","false","{breed social-friends}","0","""default""","""none""","0"
"{citizen 23}","{citizen 3}","[85 0 170 100]","""""","9.9","false","{breed social-friends}","0","""default""","""none""","0"
"{citizen 23}","{citizen 4}","[85 0 170 100]","""""","9.9","false","{breed social-friends}","0","""default""","""none""","0"
"{citizen 23}","{citizen 5}","[85 0 170 100]","""""","9.9","false","{breed social-friends}","0","""default""","""none""","0"
"{citizen 23}","{citizen 6}","[141 141 141 100]","""""","9.9","false","{breed social-friends}","0","""default""","""none""","0"
"{citizen 23}","{citizen 7}","[85 0 170 100]","""""","9.9","false","{breed social-friends}","0","""default""","""none""","0"
"{citizen 23}","{citizen 8}","[85 0 170 100]","""""","9.9","false","{breed social-friends}","0","""default""","""none""","0"
"{citizen 23}","{citizen 9}","[85 0 170 100]","""""","9.9","false","{breed social-friends}","0","""default""","""none""","0"
"{citizen 23}","{citizen 10}","[141 141 141 100]","""""","9.9","false","{breed social-friends}","0","""default""","""none""","0"
"{citizen 23}","{citizen 11}","[141 141 141 100]","""""","9.9","false","{breed social-friends}","0","""default""","""none""","0"
"{citizen 23}","{citizen 12}","[85 0 170 100]","""""","9.9","false","{breed social-friends}","0","""default""","""none""","0"
"{citizen 23}","{citizen 13}","[141 141 141 100]","""""","9.9","false","{breed social-friends}","0","""default""","""none""","0"
"{citizen 23}","{citizen 14}","[141 141 141 100]","""""","9.9","false","{breed social-friends}","0","""default""","""none""","0"
"{citizen 23}","{citizen 15}","[85 0 170 100]","""""","9.9","false","{breed social-friends}","0","""default""","""none""","0"
"{citizen 23}","{citizen 16}","[85 0 170 100]","""""","9.9","false","{breed social-friends}","0","""default""","""none""","0"
"{citizen 23}","{citizen 17}","[141 141 141 100]","""""","9.9","false","{breed social-friends}","0","""default""","""none""","0"
"{citizen 23}","{citizen 18}","[85 0 170 100]","""""","9.9","false","{breed social-friends}","0","""default""","""none""","0"
"{citizen 23}","{citizen 19}","[85 0 170 100]","""""","9.9","false","{breed social-friends}","0","""default""","""none""","0"
"{citizen 23}","{citizen 20}","[141 141 141 100]","""""","9.9","false","{breed social-friends}","0","""default""","""none""","0"
"{citizen 23}","{citizen 21}","[85 0 170 100]","""""","9.9","false","{breed social-friends}","0","""default""","""none""","0"
"{citizen 23}","{citizen 22}","[85 0 170 100]","""""","9.9","false","{breed social-friends}","0","""default""","""none""","0"
"{citizen 23}","{citizen 24}","[141 141 141 100]","""""","9.9","false","{breed social-friends}","0","""default""","""none""","0"
"{citizen 23}","{citizen 25}","[85 0 170 100]","""""","9.9","false","{breed social-friends}","0","""default""","""none""","0"
"{citizen 23}","{citizen 26}","[85 0 170 100]","""""","9.9","false","{breed social-friends}","0","""default""","""none""","0"
"{citizen 23}","{citizen 27}","[141 141 141 100]","""""","9.9","false","{breed social-friends}","0","""default""","""none""","0"
"{citizen 23}","{citizen 28}","[85 0 170 100]","""""","9.9","false","{breed social-friends}","0","""default""","""none""","0"
"{citizen 23}","{citizen 29}","[85 0 170 100]","""""","9.9","false","{breed social-friends}","0","""default""","""none""","0"
"{citizen 23}","{citizen 30}","[85 0 170 100]","""""","9.9","false","{breed social-friends}","0","""default""","""none""","0"
"{citizen 23}","{citizen 31}","[85 0 170 100]","""""","9.9","false","{breed social-friends}","0","""default""","""none""","0"
"{citizen 23}","{citizen 32}","[85 0 170 100]","""""","9.9","false","{breed social-friends}","0","""default""","""none""","0"
"{citizen 23}","{citizen 33}","[85 0 170 100]","""""","9.9","false","{breed social-friends}","0","""default""","""none""","0"
"{citizen 23}","{citizen 34}","[141 141 141 100]","""""","9.9","false","{breed social-friends}","0","""default""","""none""","0"
"{citizen 23}","{citizen 35}","[85 0 170 100]","""""","9.9","false","{breed social-friends}","0","""default""","""none""","0"
"{citizen 23}","{citizen 36}","[141 141 141 100]","""""","9.9","false","{breed social-friends}","0","""default""","""none""","0"
"{citizen 23}","{citizen 37}","[85 0 170 100]","""""","9.9","false","{breed social-friends}","0","""default""","""none""","0"
"{citizen 23}","{citizen 38}","[85 0 170 100]","""""","9.9","false","{breed social-friends}","0","""default""","""none""","0"
"{citizen 23}","{citizen 39}","[141 141 141 100]","""""","9.9","false","{breed social-friends}","0","""default""","""none""","0"
"{citizen 23}","{citizen 40}","[141 141 141 100]","""""","9.9","false","{breed social-friends}","0","""default""","""none""","0"
"{citizen 23}","{citizen 41}","[85 0 170 100]","""""","9.9","false","{breed social-friends}","0","""default""","""none""","0"
"{citizen 23}","{citizen 42}","[141 141 141 100]","""""","9.9","false","{breed social-friends}","0","""default""","""none""","0"
"{citizen 23}","{citizen 43}","[141 141 141 100]","""""","9.9","false","{breed social-friends}","0","""default""","""none""","0"
"{citizen 23}","{citizen 44}","[85 0 170 100]","""""","9.9","false","{breed social-friends}","0","""default""","""none""","0"
"{citizen 23}","{citizen 45}","[85 0 170 100]","""""","9.9","false","{breed social-friends}","0","""default""","""none""","0"
"{citizen 23}","{citizen 46}","[141 141 141 100]","""""","9.9","false","{breed social-friends}","0","""default""","""none""","0"
"{citizen 23}","{citizen 47}","[85 0 170 100]","""""","9.9","false","{breed social-friends}","0","""default""","""none""","0"
"{citizen 23}","{citizen 48}","[141 141 141 100]","""""","9.9","false","{breed social-friends}","0","""default""","""none""","0"
"{citizen 23}","{citizen 49}","[141 141 141 100]","""""","9.9","false","{breed social-friends}","0","""default""","""none""","0"
"{citizen 24}","{citizen 0}","[141 141 141 100]","""""","9.9","false","{breed social-friends}","0","""default""","""none""","0"
"{citizen 24}","{citizen 1}","[141 141 141 100]","""""","9.9","false","{breed social-friends}","0","""default""","""none""","0"
"{citizen 24}","{citizen 2}","[141 141 141 100]","""""","9.9","false","{breed social-friends}","0","""default""","""none""","0"
"{citizen 24}","{citizen 3}","[141 141 141 100]","""""","9.9","false","{breed social-friends}","0","""default""","""none""","0"
"{citizen 24}","{citizen 4}","[141 141 141 100]","""""","9.9","false","{breed social-friends}","0","""default""","""none""","0"
"{citizen 24}","{citizen 5}","[141 141 141 100]","""""","9.9","false","{breed social-friends}","0","""default""","""none""","0"
"{citizen 24}","{citizen 6}","[0 0 255 100]","""""","9.9","false","{breed social-friends}","0","""default""","""none""","0"
"{citizen 24}","{citizen 7}","[141 141 141 100]","""""","9.9","false","{breed social-friends}","0","""default""","""none""","0"
"{citizen 24}","{citizen 8}","[141 141 141 100]","""""","9.9","false","{breed social-friends}","0","""default""","""none""","0"
"{citizen 24}","{citizen 9}","[141 141 141 100]","""""","9.9","false","{breed social-friends}","0","""default""","""none""","0"
"{citizen 24}","{citizen 10}","[0 0 255 100]","""""","9.9","false","{breed social-friends}","0","""default""","""none""","0"
"{citizen 24}","{citizen 11}","[0 0 255 100]","""""","9.9","false","{breed social-friends}","0","""default""","""none""","0"
"{citizen 24}","{citizen 12}","[141 141 141 100]","""""","9.9","false","{breed social-friends}","0","""default""","""none""","0"
"{citizen 24}","{citizen 13}","[0 0 255 100]","""""","9.9","false","{breed social-friends}","0","""default""","""none""","0"
"{citizen 24}","{citizen 14}","[0 0 255 100]","""""","9.9","false","{breed social-friends}","0","""default""","""none""","0"
"{citizen 24}","{citizen 15}","[141 141 141 100]","""""","9.9","false","{breed social-friends}","0","""default""","""none""","0"
"{citizen 24}","{citizen 16}","[141 141 141 100]","""""","9.9","false","{breed social-friends}","0","""default""","""none""","0"
"{citizen 24}","{citizen 17}","[0 0 255 100]","""""","9.9","false","{breed social-friends}","0","""default""","""none""","0"
"{citizen 24}","{citizen 18}","[141 141 141 100]","""""","9.9","false","{breed social-friends}","0","""default""","""none""","0"
"{citizen 24}","{citizen 19}","[141 141 141 100]","""""","9.9","false","{breed social-friends}","0","""default""","""none""","0"
"{citizen 24}","{citizen 20}","[0 0 255 100]","""""","9.9","false","{breed social-friends}","0","""default""","""none""","0"
"{citizen 24}","{citizen 21}","[141 141 141 100]","""""","9.9","false","{breed social-friends}","0","""default""","""none""","0"
"{citizen 24}","{citizen 22}","[141 141 141 100]","""""","9.9","false","{breed social-friends}","0","""default""","""none""","0"
"{citizen 24}","{citizen 23}","[141 141 141 100]","""""","9.9","false","{breed social-friends}","0","""default""","""none""","0"
"{citizen 24}","{citizen 25}","[141 141 141 100]","""""","9.9","false","{breed social-friends}","0","""default""","""none""","0"
"{citizen 24}","{citizen 26}","[141 141 141 100]","""""","9.9","false","{breed social-friends}","0","""default""","""none""","0"
"{citizen 24}","{citizen 27}","[0 0 255 100]","""""","9.9","false","{breed social-friends}","0","""default""","""none""","0"
"{citizen 24}","{citizen 28}","[141 141 141 100]","""""","9.9","false","{breed social-friends}","0","""default""","""none""","0"
"{citizen 24}","{citizen 29}","[141 141 141 100]","""""","9.9","false","{breed social-friends}","0","""default""","""none""","0"
"{citizen 24}","{citizen 30}","[141 141 141 100]","""""","9.9","false","{breed social-friends}","0","""default""","""none""","0"
"{citizen 24}","{citizen 31}","[141 141 141 100]","""""","9.9","false","{breed social-friends}","0","""default""","""none""","0"
"{citizen 24}","{citizen 32}","[141 141 141 100]","""""","9.9","false","{breed social-friends}","0","""default""","""none""","0"
"{citizen 24}","{citizen 33}","[141 141 141 100]","""""","9.9","false","{breed social-friends}","0","""default""","""none""","0"
"{citizen 24}","{citizen 34}","[0 0 255 100]","""""","9.9","false","{breed social-friends}","0","""default""","""none""","0"
"{citizen 24}","{citizen 35}","[141 141 141 100]","""""","9.9","false","{breed social-friends}","0","""default""","""none""","0"
"{citizen 24}","{citizen 36}","[0 0 255 100]","""""","9.9","false","{breed social-friends}","0","""default""","""none""","0"
"{citizen 24}","{citizen 37}","[141 141 141 100]","""""","9.9","false","{breed social-friends}","0","""default""","""none""","0"
"{citizen 24}","{citizen 38}","[141 141 141 100]","""""","9.9","false","{breed social-friends}","0","""default""","""none""","0"
"{citizen 24}","{citizen 39}","[0 0 255 100]","""""","9.9","false","{breed social-friends}","0","""default""","""none""","0"
"{citizen 24}","{citizen 40}","[0 0 255 100]","""""","9.9","false","{breed social-friends}","0","""default""","""none""","0"
"{citizen 24}","{citizen 41}","[141 141 141 100]","""""","9.9","false","{breed social-friends}","0","""default""","""none""","0"
"{citizen 24}","{citizen 42}","[0 0 255 100]","""""","9.9","false","{breed social-friends}","0","""default""","""none""","0"
"{citizen 24}","{citizen 43}","[0 0 255 100]","""""","9.9","false","{breed social-friends}","0","""default""","""none""","0"
"{citizen 24}","{citizen 44}","[141 141 141 100]","""""","9.9","false","{breed social-friends}","0","""default""","""none""","0"
"{citizen 24}","{citizen 45}","[141 141 141 100]","""""","9.9","false","{breed social-friends}","0","""default""","""none""","0"
"{citizen 24}","{citizen 46}","[0 0 255 100]","""""","9.9","false","{breed social-friends}","0","""default""","""none""","0"
"{citizen 24}","{citizen 47}","[141 141 141 100]","""""","9.9","false","{breed social-friends}","0","""default""","""none""","0"
"{citizen 24}","{citizen 48}","[0 0 255 100]","""""","9.9","false","{breed social-friends}","0","""default""","""none""","0"
"{citizen 24}","{citizen 49}","[0 0 255 100]","""""","9.9","false","{breed social-friends}","0","""default""","""none""","0"
"{citizen 25}","{citizen 0}","[85 0 170 100]","""""","9.9","false","{breed social-friends}","0","""default""","""none""","0"
"{citizen 25}","{citizen 1}","[85 0 170 100]","""""","9.9","false","{breed social-friends}","0","""default""","""none""","0"
"{citizen 25}","{citizen 2}","[85 0 170 100]","""""","9.9","false","{breed social-friends}","0","""default""","""none""","0"
"{citizen 25}","{citizen 3}","[85 0 170 100]","""""","9.9","false","{breed social-friends}","0","""default""","""none""","0"
"{citizen 25}","{citizen 4}","[85 0 170 100]","""""","9.9","false","{breed social-friends}","0","""default""","""none""","0"
"{citizen 25}","{citizen 5}","[85 0 170 100]","""""","9.9","false","{breed social-friends}","0","""default""","""none""","0"
"{citizen 25}","{citizen 6}","[141 141 141 100]","""""","9.9","false","{breed social-friends}","0","""default""","""none""","0"
"{citizen 25}","{citizen 7}","[85 0 170 100]","""""","9.9","false","{breed social-friends}","0","""default""","""none""","0"
"{citizen 25}","{citizen 8}","[85 0 170 100]","""""","9.9","false","{breed social-friends}","0","""default""","""none""","0"
"{citizen 25}","{citizen 9}","[85 0 170 100]","""""","9.9","false","{breed social-friends}","0","""default""","""none""","0"
"{citizen 25}","{citizen 10}","[141 141 141 100]","""""","9.9","false","{breed social-friends}","0","""default""","""none""","0"
"{citizen 25}","{citizen 11}","[141 141 141 100]","""""","9.9","false","{breed social-friends}","0","""default""","""none""","0"
"{citizen 25}","{citizen 12}","[85 0 170 100]","""""","9.9","false","{breed social-friends}","0","""default""","""none""","0"
"{citizen 25}","{citizen 13}","[141 141 141 100]","""""","9.9","false","{breed social-friends}","0","""default""","""none""","0"
"{citizen 25}","{citizen 14}","[141 141 141 100]","""""","9.9","false","{breed social-friends}","0","""default""","""none""","0"
"{citizen 25}","{citizen 15}","[85 0 170 100]","""""","9.9","false","{breed social-friends}","0","""default""","""none""","0"
"{citizen 25}","{citizen 16}","[85 0 170 100]","""""","9.9","false","{breed social-friends}","0","""default""","""none""","0"
"{citizen 25}","{citizen 17}","[141 141 141 100]","""""","9.9","false","{breed social-friends}","0","""default""","""none""","0"
"{citizen 25}","{citizen 18}","[85 0 170 100]","""""","9.9","false","{breed social-friends}","0","""default""","""none""","0"
"{citizen 25}","{citizen 19}","[85 0 170 100]","""""","9.9","false","{breed social-friends}","0","""default""","""none""","0"
"{citizen 25}","{citizen 20}","[141 141 141 100]","""""","9.9","false","{breed social-friends}","0","""default""","""none""","0"
"{citizen 25}","{citizen 21}","[85 0 170 100]","""""","9.9","false","{breed social-friends}","0","""default""","""none""","0"
"{citizen 25}","{citizen 22}","[85 0 170 100]","""""","9.9","false","{breed social-friends}","0","""default""","""none""","0"
"{citizen 25}","{citizen 23}","[85 0 170 100]","""""","9.9","false","{breed social-friends}","0","""default""","""none""","0"
"{citizen 25}","{citizen 24}","[141 141 141 100]","""""","9.9","false","{breed social-friends}","0","""default""","""none""","0"
"{citizen 25}","{citizen 26}","[85 0 170 100]","""""","9.9","false","{breed social-friends}","0","""default""","""none""","0"
"{citizen 25}","{citizen 27}","[141 141 141 100]","""""","9.9","false","{breed social-friends}","0","""default""","""none""","0"
"{citizen 25}","{citizen 28}","[85 0 170 100]","""""","9.9","false","{breed social-friends}","0","""default""","""none""","0"
"{citizen 25}","{citizen 29}","[85 0 170 100]","""""","9.9","false","{breed social-friends}","0","""default""","""none""","0"
"{citizen 25}","{citizen 30}","[85 0 170 100]","""""","9.9","false","{breed social-friends}","0","""default""","""none""","0"
"{citizen 25}","{citizen 31}","[85 0 170 100]","""""","9.9","false","{breed social-friends}","0","""default""","""none""","0"
"{citizen 25}","{citizen 32}","[85 0 170 100]","""""","9.9","false","{breed social-friends}","0","""default""","""none""","0"
"{citizen 25}","{citizen 33}","[85 0 170 100]","""""","9.9","false","{breed social-friends}","0","""default""","""none""","0"
"{citizen 25}","{citizen 34}","[141 141 141 100]","""""","9.9","false","{breed social-friends}","0","""default""","""none""","0"
"{citizen 25}","{citizen 35}","[85 0 170 100]","""""","9.9","false","{breed social-friends}","0","""default""","""none""","0"
"{citizen 25}","{citizen 36}","[141 141 141 100]","""""","9.9","false","{breed social-friends}","0","""default""","""none""","0"
"{citizen 25}","{citizen 37}","[85 0 170 100]","""""","9.9","false","{breed social-friends}","0","""default""","""none""","0"
"{citizen 25}","{citizen 38}","[85 0 170 100]","""""","9.9","false","{breed social-friends}","0","""default""","""none""","0"
"{citizen 25}","{citizen 39}","[141 141 141 100]","""""","9.9","false","{breed social-friends}","0","""default""","""none""","0"
"{citizen 25}","{citizen 40}","[141 141 141 100]","""""","9.9","false","{breed social-friends}","0","""default""","""none""","0"
"{citizen 25}","{citizen 41}","[85 0 170 100]","""""","9.9","false","{breed social-friends}","0","""default""","""none""","0"
"{citizen 25}","{citizen 42}","[141 141 141 100]","""""","9.9","false","{breed social-friends}","0","""default""","""none""","0"
"{citizen 25}","{citizen 43}","[141 141 141 100]","""""","9.9","false","{breed social-friends}","0","""default""","""none""","0"
"{citizen 25}","{citizen 44}","[85 0 170 100]","""""","9.9","false","{breed social-friends}","0","""default""","""none""","0"
"{citizen 25}","{citizen 45}","[85 0 170 100]","""""","9.9","false","{breed social-friends}","0","""default""","""none""","0"
"{citizen 25}","{citizen 46}","[141 141 141 100]","""""","9.9","false","{breed social-friends}","0","""default""","""none""","0"
"{citizen 25}","{citizen 47}","[85 0 170 100]","""""","9.9","false","{breed social-friends}","0","""default""","""none""","0"
"{citizen 25}","{citizen 48}","[141 141 141 100]","""""","9.9","false","{breed social-friends}","0","""default""","""none""","0"
"{citizen 25}","{citizen 49}","[141 141 141 100]","""""","9.9","false","{breed social-friends}","0","""default""","""none""","0"
"{citizen 26}","{citizen 0}","[85 0 170 100]","""""","9.9","false","{breed social-friends}","0","""default""","""none""","0"
"{citizen 26}","{citizen 1}","[85 0 170 100]","""""","9.9","false","{breed social-friends}","0","""default""","""none""","0"
"{citizen 26}","{citizen 2}","[85 0 170 100]","""""","9.9","false","{breed social-friends}","0","""default""","""none""","0"
"{citizen 26}","{citizen 3}","[85 0 170 100]","""""","9.9","false","{breed social-friends}","0","""default""","""none""","0"
"{citizen 26}","{citizen 4}","[85 0 170 100]","""""","9.9","false","{breed social-friends}","0","""default""","""none""","0"
"{citizen 26}","{citizen 5}","[85 0 170 100]","""""","9.9","false","{breed social-friends}","0","""default""","""none""","0"
"{citizen 26}","{citizen 6}","[141 141 141 100]","""""","9.9","false","{breed social-friends}","0","""default""","""none""","0"
"{citizen 26}","{citizen 7}","[85 0 170 100]","""""","9.9","false","{breed social-friends}","0","""default""","""none""","0"
"{citizen 26}","{citizen 8}","[85 0 170 100]","""""","9.9","false","{breed social-friends}","0","""default""","""none""","0"
"{citizen 26}","{citizen 9}","[85 0 170 100]","""""","9.9","false","{breed social-friends}","0","""default""","""none""","0"
"{citizen 26}","{citizen 10}","[141 141 141 100]","""""","9.9","false","{breed social-friends}","0","""default""","""none""","0"
"{citizen 26}","{citizen 11}","[141 141 141 100]","""""","9.9","false","{breed social-friends}","0","""default""","""none""","0"
"{citizen 26}","{citizen 12}","[85 0 170 100]","""""","9.9","false","{breed social-friends}","0","""default""","""none""","0"
"{citizen 26}","{citizen 13}","[141 141 141 100]","""""","9.9","false","{breed social-friends}","0","""default""","""none""","0"
"{citizen 26}","{citizen 14}","[141 141 141 100]","""""","9.9","false","{breed social-friends}","0","""default""","""none""","0"
"{citizen 26}","{citizen 15}","[85 0 170 100]","""""","9.9","false","{breed social-friends}","0","""default""","""none""","0"
"{citizen 26}","{citizen 16}","[85 0 170 100]","""""","9.9","false","{breed social-friends}","0","""default""","""none""","0"
"{citizen 26}","{citizen 17}","[141 141 141 100]","""""","9.9","false","{breed social-friends}","0","""default""","""none""","0"
"{citizen 26}","{citizen 18}","[85 0 170 100]","""""","9.9","false","{breed social-friends}","0","""default""","""none""","0"
"{citizen 26}","{citizen 19}","[85 0 170 100]","""""","9.9","false","{breed social-friends}","0","""default""","""none""","0"
"{citizen 26}","{citizen 20}","[141 141 141 100]","""""","9.9","false","{breed social-friends}","0","""default""","""none""","0"
"{citizen 26}","{citizen 21}","[85 0 170 100]","""""","9.9","false","{breed social-friends}","0","""default""","""none""","0"
"{citizen 26}","{citizen 22}","[85 0 170 100]","""""","9.9","false","{breed social-friends}","0","""default""","""none""","0"
"{citizen 26}","{citizen 23}","[85 0 170 100]","""""","9.9","false","{breed social-friends}","0","""default""","""none""","0"
"{citizen 26}","{citizen 24}","[141 141 141 100]","""""","9.9","false","{breed social-friends}","0","""default""","""none""","0"
"{citizen 26}","{citizen 25}","[85 0 170 100]","""""","9.9","false","{breed social-friends}","0","""default""","""none""","0"
"{citizen 26}","{citizen 27}","[141 141 141 100]","""""","9.9","false","{breed social-friends}","0","""default""","""none""","0"
"{citizen 26}","{citizen 28}","[85 0 170 100]","""""","9.9","false","{breed social-friends}","0","""default""","""none""","0"
"{citizen 26}","{citizen 29}","[85 0 170 100]","""""","9.9","false","{breed social-friends}","0","""default""","""none""","0"
"{citizen 26}","{citizen 30}","[85 0 170 100]","""""","9.9","false","{breed social-friends}","0","""default""","""none""","0"
"{citizen 26}","{citizen 31}","[85 0 170 100]","""""","9.9","false","{breed social-friends}","0","""default""","""none""","0"
"{citizen 26}","{citizen 32}","[85 0 170 100]","""""","9.9","false","{breed social-friends}","0","""default""","""none""","0"
"{citizen 26}","{citizen 33}","[85 0 170 100]","""""","9.9","false","{breed social-friends}","0","""default""","""none""","0"
"{citizen 26}","{citizen 34}","[141 141 141 100]","""""","9.9","false","{breed social-friends}","0","""default""","""none""","0"
"{citizen 26}","{citizen 35}","[85 0 170 100]","""""","9.9","false","{breed social-friends}","0","""default""","""none""","0"
"{citizen 26}","{citizen 36}","[141 141 141 100]","""""","9.9","false","{breed social-friends}","0","""default""","""none""","0"
"{citizen 26}","{citizen 37}","[85 0 170 100]","""""","9.9","false","{breed social-friends}","0","""default""","""none""","0"
"{citizen 26}","{citizen 38}","[85 0 170 100]","""""","9.9","false","{breed social-friends}","0","""default""","""none""","0"
"{citizen 26}","{citizen 39}","[141 141 141 100]","""""","9.9","false","{breed social-friends}","0","""default""","""none""","0"
"{citizen 26}","{citizen 40}","[141 141 141 100]","""""","9.9","false","{breed social-friends}","0","""default""","""none""","0"
"{citizen 26}","{citizen 41}","[85 0 170 100]","""""","9.9","false","{breed social-friends}","0","""default""","""none""","0"
"{citizen 26}","{citizen 42}","[141 141 141 100]","""""","9.9","false","{breed social-friends}","0","""default""","""none""","0"
"{citizen 26}","{citizen 43}","[141 141 141 100]","""""","9.9","false","{breed social-friends}","0","""default""","""none""","0"
"{citizen 26}","{citizen 44}","[85 0 170 100]","""""","9.9","false","{breed social-friends}","0","""default""","""none""","0"
"{citizen 26}","{citizen 45}","[85 0 170 100]","""""","9.9","false","{breed social-friends}","0","""default""","""none""","0"
"{citizen 26}","{citizen 46}","[141 141 141 100]","""""","9.9","false","{breed social-friends}","0","""default""","""none""","0"
"{citizen 26}","{citizen 47}","[85 0 170 100]","""""","9.9","false","{breed social-friends}","0","""default""","""none""","0"
"{citizen 26}","{citizen 48}","[141 141 141 100]","""""","9.9","false","{breed social-friends}","0","""default""","""none""","0"
"{citizen 26}","{citizen 49}","[141 141 141 100]","""""","9.9","false","{breed social-friends}","0","""default""","""none""","0"
"{citizen 27}","{citizen 0}","[141 141 141 100]","""""","9.9","false","{breed social-friends}","0","""default""","""none""","0"
"{citizen 27}","{citizen 1}","[141 141 141 100]","""""","9.9","false","{breed social-friends}","0","""default""","""none""","0"
"{citizen 27}","{citizen 2}","[141 141 141 100]","""""","9.9","false","{breed social-friends}","0","""default""","""none""","0"
"{citizen 27}","{citizen 3}","[141 141 141 100]","""""","9.9","false","{breed social-friends}","0","""default""","""none""","0"
"{citizen 27}","{citizen 4}","[141 141 141 100]","""""","9.9","false","{breed social-friends}","0","""default""","""none""","0"
"{citizen 27}","{citizen 5}","[141 141 141 100]","""""","9.9","false","{breed social-friends}","0","""default""","""none""","0"
"{citizen 27}","{citizen 6}","[0 0 255 100]","""""","9.9","false","{breed social-friends}","0","""default""","""none""","0"
"{citizen 27}","{citizen 7}","[141 141 141 100]","""""","9.9","false","{breed social-friends}","0","""default""","""none""","0"
"{citizen 27}","{citizen 8}","[141 141 141 100]","""""","9.9","false","{breed social-friends}","0","""default""","""none""","0"
"{citizen 27}","{citizen 9}","[141 141 141 100]","""""","9.9","false","{breed social-friends}","0","""default""","""none""","0"
"{citizen 27}","{citizen 10}","[0 0 255 100]","""""","9.9","false","{breed social-friends}","0","""default""","""none""","0"
"{citizen 27}","{citizen 11}","[0 0 255 100]","""""","9.9","false","{breed social-friends}","0","""default""","""none""","0"
"{citizen 27}","{citizen 12}","[141 141 141 100]","""""","9.9","false","{breed social-friends}","0","""default""","""none""","0"
"{citizen 27}","{citizen 13}","[0 0 255 100]","""""","9.9","false","{breed social-friends}","0","""default""","""none""","0"
"{citizen 27}","{citizen 14}","[0 0 255 100]","""""","9.9","false","{breed social-friends}","0","""default""","""none""","0"
"{citizen 27}","{citizen 15}","[141 141 141 100]","""""","9.9","false","{breed social-friends}","0","""default""","""none""","0"
"{citizen 27}","{citizen 16}","[141 141 141 100]","""""","9.9","false","{breed social-friends}","0","""default""","""none""","0"
"{citizen 27}","{citizen 17}","[0 0 255 100]","""""","9.9","false","{breed social-friends}","0","""default""","""none""","0"
"{citizen 27}","{citizen 18}","[141 141 141 100]","""""","9.9","false","{breed social-friends}","0","""default""","""none""","0"
"{citizen 27}","{citizen 19}","[141 141 141 100]","""""","9.9","false","{breed social-friends}","0","""default""","""none""","0"
"{citizen 27}","{citizen 20}","[0 0 255 100]","""""","9.9","false","{breed social-friends}","0","""default""","""none""","0"
"{citizen 27}","{citizen 21}","[141 141 141 100]","""""","9.9","false","{breed social-friends}","0","""default""","""none""","0"
"{citizen 27}","{citizen 22}","[141 141 141 100]","""""","9.9","false","{breed social-friends}","0","""default""","""none""","0"
"{citizen 27}","{citizen 23}","[141 141 141 100]","""""","9.9","false","{breed social-friends}","0","""default""","""none""","0"
"{citizen 27}","{citizen 24}","[0 0 255 100]","""""","9.9","false","{breed social-friends}","0","""default""","""none""","0"
"{citizen 27}","{citizen 25}","[141 141 141 100]","""""","9.9","false","{breed social-friends}","0","""default""","""none""","0"
"{citizen 27}","{citizen 26}","[141 141 141 100]","""""","9.9","false","{breed social-friends}","0","""default""","""none""","0"
"{citizen 27}","{citizen 28}","[141 141 141 100]","""""","9.9","false","{breed social-friends}","0","""default""","""none""","0"
"{citizen 27}","{citizen 29}","[141 141 141 100]","""""","9.9","false","{breed social-friends}","0","""default""","""none""","0"
"{citizen 27}","{citizen 30}","[141 141 141 100]","""""","9.9","false","{breed social-friends}","0","""default""","""none""","0"
"{citizen 27}","{citizen 31}","[141 141 141 100]","""""","9.9","false","{breed social-friends}","0","""default""","""none""","0"
"{citizen 27}","{citizen 32}","[141 141 141 100]","""""","9.9","false","{breed social-friends}","0","""default""","""none""","0"
"{citizen 27}","{citizen 33}","[141 141 141 100]","""""","9.9","false","{breed social-friends}","0","""default""","""none""","0"
"{citizen 27}","{citizen 34}","[0 0 255 100]","""""","9.9","false","{breed social-friends}","0","""default""","""none""","0"
"{citizen 27}","{citizen 35}","[141 141 141 100]","""""","9.9","false","{breed social-friends}","0","""default""","""none""","0"
"{citizen 27}","{citizen 36}","[0 0 255 100]","""""","9.9","false","{breed social-friends}","0","""default""","""none""","0"
"{citizen 27}","{citizen 37}","[141 141 141 100]","""""","9.9","false","{breed social-friends}","0","""default""","""none""","0"
"{citizen 27}","{citizen 38}","[141 141 141 100]","""""","9.9","false","{breed social-friends}","0","""default""","""none""","0"
"{citizen 27}","{citizen 39}","[0 0 255 100]","""""","9.9","false","{breed social-friends}","0","""default""","""none""","0"
"{citizen 27}","{citizen 40}","[0 0 255 100]","""""","9.9","false","{breed social-friends}","0","""default""","""none""","0"
"{citizen 27}","{citizen 41}","[141 141 141 100]","""""","9.9","false","{breed social-friends}","0","""default""","""none""","0"
"{citizen 27}","{citizen 42}","[0 0 255 100]","""""","9.9","false","{breed social-friends}","0","""default""","""none""","0"
"{citizen 27}","{citizen 43}","[0 0 255 100]","""""","9.9","false","{breed social-friends}","0","""default""","""none""","0"
"{citizen 27}","{citizen 44}","[141 141 141 100]","""""","9.9","false","{breed social-friends}","0","""default""","""none""","0"
"{citizen 27}","{citizen 45}","[141 141 141 100]","""""","9.9","false","{breed social-friends}","0","""default""","""none""","0"
"{citizen 27}","{citizen 46}","[0 0 255 100]","""""","9.9","false","{breed social-friends}","0","""default""","""none""","0"
"{citizen 27}","{citizen 47}","[141 141 141 100]","""""","9.9","false","{breed social-friends}","0","""default""","""none""","0"
"{citizen 27}","{citizen 48}","[0 0 255 100]","""""","9.9","false","{breed social-friends}","0","""default""","""none""","0"
"{citizen 27}","{citizen 49}","[0 0 255 100]","""""","9.9","false","{breed social-friends}","0","""default""","""none""","0"
"{citizen 28}","{citizen 0}","[85 0 170 100]","""""","9.9","false","{breed social-friends}","0","""default""","""none""","0"
"{citizen 28}","{citizen 1}","[85 0 170 100]","""""","9.9","false","{breed social-friends}","0","""default""","""none""","0"
"{citizen 28}","{citizen 2}","[85 0 170 100]","""""","9.9","false","{breed social-friends}","0","""default""","""none""","0"
"{citizen 28}","{citizen 3}","[85 0 170 100]","""""","9.9","false","{breed social-friends}","0","""default""","""none""","0"
"{citizen 28}","{citizen 4}","[85 0 170 100]","""""","9.9","false","{breed social-friends}","0","""default""","""none""","0"
"{citizen 28}","{citizen 5}","[85 0 170 100]","""""","9.9","false","{breed social-friends}","0","""default""","""none""","0"
"{citizen 28}","{citizen 6}","[141 141 141 100]","""""","9.9","false","{breed social-friends}","0","""default""","""none""","0"
"{citizen 28}","{citizen 7}","[85 0 170 100]","""""","9.9","false","{breed social-friends}","0","""default""","""none""","0"
"{citizen 28}","{citizen 8}","[85 0 170 100]","""""","9.9","false","{breed social-friends}","0","""default""","""none""","0"
"{citizen 28}","{citizen 9}","[85 0 170 100]","""""","9.9","false","{breed social-friends}","0","""default""","""none""","0"
"{citizen 28}","{citizen 10}","[141 141 141 100]","""""","9.9","false","{breed social-friends}","0","""default""","""none""","0"
"{citizen 28}","{citizen 11}","[141 141 141 100]","""""","9.9","false","{breed social-friends}","0","""default""","""none""","0"
"{citizen 28}","{citizen 12}","[85 0 170 100]","""""","9.9","false","{breed social-friends}","0","""default""","""none""","0"
"{citizen 28}","{citizen 13}","[141 141 141 100]","""""","9.9","false","{breed social-friends}","0","""default""","""none""","0"
"{citizen 28}","{citizen 14}","[141 141 141 100]","""""","9.9","false","{breed social-friends}","0","""default""","""none""","0"
"{citizen 28}","{citizen 15}","[85 0 170 100]","""""","9.9","false","{breed social-friends}","0","""default""","""none""","0"
"{citizen 28}","{citizen 16}","[85 0 170 100]","""""","9.9","false","{breed social-friends}","0","""default""","""none""","0"
"{citizen 28}","{citizen 17}","[141 141 141 100]","""""","9.9","false","{breed social-friends}","0","""default""","""none""","0"
"{citizen 28}","{citizen 18}","[85 0 170 100]","""""","9.9","false","{breed social-friends}","0","""default""","""none""","0"
"{citizen 28}","{citizen 19}","[85 0 170 100]","""""","9.9","false","{breed social-friends}","0","""default""","""none""","0"
"{citizen 28}","{citizen 20}","[141 141 141 100]","""""","9.9","false","{breed social-friends}","0","""default""","""none""","0"
"{citizen 28}","{citizen 21}","[85 0 170 100]","""""","9.9","false","{breed social-friends}","0","""default""","""none""","0"
"{citizen 28}","{citizen 22}","[85 0 170 100]","""""","9.9","false","{breed social-friends}","0","""default""","""none""","0"
"{citizen 28}","{citizen 23}","[85 0 170 100]","""""","9.9","false","{breed social-friends}","0","""default""","""none""","0"
"{citizen 28}","{citizen 24}","[141 141 141 100]","""""","9.9","false","{breed social-friends}","0","""default""","""none""","0"
"{citizen 28}","{citizen 25}","[85 0 170 100]","""""","9.9","false","{breed social-friends}","0","""default""","""none""","0"
"{citizen 28}","{citizen 26}","[85 0 170 100]","""""","9.9","false","{breed social-friends}","0","""default""","""none""","0"
"{citizen 28}","{citizen 27}","[141 141 141 100]","""""","9.9","false","{breed social-friends}","0","""default""","""none""","0"
"{citizen 28}","{citizen 29}","[85 0 170 100]","""""","9.9","false","{breed social-friends}","0","""default""","""none""","0"
"{citizen 28}","{citizen 30}","[85 0 170 100]","""""","9.9","false","{breed social-friends}","0","""default""","""none""","0"
"{citizen 28}","{citizen 31}","[85 0 170 100]","""""","9.9","false","{breed social-friends}","0","""default""","""none""","0"
"{citizen 28}","{citizen 32}","[85 0 170 100]","""""","9.9","false","{breed social-friends}","0","""default""","""none""","0"
"{citizen 28}","{citizen 33}","[85 0 170 100]","""""","9.9","false","{breed social-friends}","0","""default""","""none""","0"
"{citizen 28}","{citizen 34}","[141 141 141 100]","""""","9.9","false","{breed social-friends}","0","""default""","""none""","0"
"{citizen 28}","{citizen 35}","[85 0 170 100]","""""","9.9","false","{breed social-friends}","0","""default""","""none""","0"
"{citizen 28}","{citizen 36}","[141 141 141 100]","""""","9.9","false","{breed social-friends}","0","""default""","""none""","0"
"{citizen 28}","{citizen 37}","[85 0 170 100]","""""","9.9","false","{breed social-friends}","0","""default""","""none""","0"
"{citizen 28}","{citizen 38}","[85 0 170 100]","""""","9.9","false","{breed social-friends}","0","""default""","""none""","0"
"{citizen 28}","{citizen 39}","[141 141 141 100]","""""","9.9","false","{breed social-friends}","0","""default""","""none""","0"
"{citizen 28}","{citizen 40}","[141 141 141 100]","""""","9.9","false","{breed social-friends}","0","""default""","""none""","0"
"{citizen 28}","{citizen 41}","[85 0 170 100]","""""","9.9","false","{breed social-friends}","0","""default""","""none""","0"
"{citizen 28}","{citizen 42}","[141 141 141 100]","""""","9.9","false","{breed social-friends}","0","""default""","""none""","0"
"{citizen 28}","{citizen 43}","[141 141 141 100]","""""","9.9","false","{breed social-friends}","0","""default""","""none""","0"
"{citizen 28}","{citizen 44}","[85 0 170 100]","""""","9.9","false","{breed social-friends}","0","""default""","""none""","0"
"{citizen 28}","{citizen 45}","[85 0 170 100]","""""","9.9","false","{breed social-friends}","0","""default""","""none""","0"
"{citizen 28}","{citizen 46}","[141 141 141 100]","""""","9.9","false","{breed social-friends}","0","""default""","""none""","0"
"{citizen 28}","{citizen 47}","[85 0 170 100]","""""","9.9","false","{breed social-friends}","0","""default""","""none""","0"
"{citizen 28}","{citizen 48}","[141 141 141 100]","""""","9.9","false","{breed social-friends}","0","""default""","""none""","0"
"{citizen 28}","{citizen 49}","[141 141 141 100]","""""","9.9","false","{breed social-friends}","0","""default""","""none""","0"
"{citizen 29}","{citizen 0}","[85 0 170 100]","""""","9.9","false","{breed social-friends}","0","""default""","""none""","0"
"{citizen 29}","{citizen 1}","[85 0 170 100]","""""","9.9","false","{breed social-friends}","0","""default""","""none""","0"
"{citizen 29}","{citizen 2}","[85 0 170 100]","""""","9.9","false","{breed social-friends}","0","""default""","""none""","0"
"{citizen 29}","{citizen 3}","[85 0 170 100]","""""","9.9","false","{breed social-friends}","0","""default""","""none""","0"
"{citizen 29}","{citizen 4}","[85 0 170 100]","""""","9.9","false","{breed social-friends}","0","""default""","""none""","0"
"{citizen 29}","{citizen 5}","[85 0 170 100]","""""","9.9","false","{breed social-friends}","0","""default""","""none""","0"
"{citizen 29}","{citizen 6}","[141 141 141 100]","""""","9.9","false","{breed social-friends}","0","""default""","""none""","0"
"{citizen 29}","{citizen 7}","[85 0 170 100]","""""","9.9","false","{breed social-friends}","0","""default""","""none""","0"
"{citizen 29}","{citizen 8}","[85 0 170 100]","""""","9.9","false","{breed social-friends}","0","""default""","""none""","0"
"{citizen 29}","{citizen 9}","[85 0 170 100]","""""","9.9","false","{breed social-friends}","0","""default""","""none""","0"
"{citizen 29}","{citizen 10}","[141 141 141 100]","""""","9.9","false","{breed social-friends}","0","""default""","""none""","0"
"{citizen 29}","{citizen 11}","[141 141 141 100]","""""","9.9","false","{breed social-friends}","0","""default""","""none""","0"
"{citizen 29}","{citizen 12}","[85 0 170 100]","""""","9.9","false","{breed social-friends}","0","""default""","""none""","0"
"{citizen 29}","{citizen 13}","[141 141 141 100]","""""","9.9","false","{breed social-friends}","0","""default""","""none""","0"
"{citizen 29}","{citizen 14}","[141 141 141 100]","""""","9.9","false","{breed social-friends}","0","""default""","""none""","0"
"{citizen 29}","{citizen 15}","[85 0 170 100]","""""","9.9","false","{breed social-friends}","0","""default""","""none""","0"
"{citizen 29}","{citizen 16}","[85 0 170 100]","""""","9.9","false","{breed social-friends}","0","""default""","""none""","0"
"{citizen 29}","{citizen 17}","[141 141 141 100]","""""","9.9","false","{breed social-friends}","0","""default""","""none""","0"
"{citizen 29}","{citizen 18}","[85 0 170 100]","""""","9.9","false","{breed social-friends}","0","""default""","""none""","0"
"{citizen 29}","{citizen 19}","[85 0 170 100]","""""","9.9","false","{breed social-friends}","0","""default""","""none""","0"
"{citizen 29}","{citizen 20}","[141 141 141 100]","""""","9.9","false","{breed social-friends}","0","""default""","""none""","0"
"{citizen 29}","{citizen 21}","[85 0 170 100]","""""","9.9","false","{breed social-friends}","0","""default""","""none""","0"
"{citizen 29}","{citizen 22}","[85 0 170 100]","""""","9.9","false","{breed social-friends}","0","""default""","""none""","0"
"{citizen 29}","{citizen 23}","[85 0 170 100]","""""","9.9","false","{breed social-friends}","0","""default""","""none""","0"
"{citizen 29}","{citizen 24}","[141 141 141 100]","""""","9.9","false","{breed social-friends}","0","""default""","""none""","0"
"{citizen 29}","{citizen 25}","[85 0 170 100]","""""","9.9","false","{breed social-friends}","0","""default""","""none""","0"
"{citizen 29}","{citizen 26}","[85 0 170 100]","""""","9.9","false","{breed social-friends}","0","""default""","""none""","0"
"{citizen 29}","{citizen 27}","[141 141 141 100]","""""","9.9","false","{breed social-friends}","0","""default""","""none""","0"
"{citizen 29}","{citizen 28}","[85 0 170 100]","""""","9.9","false","{breed social-friends}","0","""default""","""none""","0"
"{citizen 29}","{citizen 30}","[85 0 170 100]","""""","9.9","false","{breed social-friends}","0","""default""","""none""","0"
"{citizen 29}","{citizen 31}","[85 0 170 100]","""""","9.9","false","{breed social-friends}","0","""default""","""none""","0"
"{citizen 29}","{citizen 32}","[85 0 170 100]","""""","9.9","false","{breed social-friends}","0","""default""","""none""","0"
"{citizen 29}","{citizen 33}","[85 0 170 100]","""""","9.9","false","{breed social-friends}","0","""default""","""none""","0"
"{citizen 29}","{citizen 34}","[141 141 141 100]","""""","9.9","false","{breed social-friends}","0","""default""","""none""","0"
"{citizen 29}","{citizen 35}","[85 0 170 100]","""""","9.9","false","{breed social-friends}","0","""default""","""none""","0"
"{citizen 29}","{citizen 36}","[141 141 141 100]","""""","9.9","false","{breed social-friends}","0","""default""","""none""","0"
"{citizen 29}","{citizen 37}","[85 0 170 100]","""""","9.9","false","{breed social-friends}","0","""default""","""none""","0"
"{citizen 29}","{citizen 38}","[85 0 170 100]","""""","9.9","false","{breed social-friends}","0","""default""","""none""","0"
"{citizen 29}","{citizen 39}","[141 141 141 100]","""""","9.9","false","{breed social-friends}","0","""default""","""none""","0"
"{citizen 29}","{citizen 40}","[141 141 141 100]","""""","9.9","false","{breed social-friends}","0","""default""","""none""","0"
"{citizen 29}","{citizen 41}","[85 0 170 100]","""""","9.9","false","{breed social-friends}","0","""default""","""none""","0"
"{citizen 29}","{citizen 42}","[141 141 141 100]","""""","9.9","false","{breed social-friends}","0","""default""","""none""","0"
"{citizen 29}","{citizen 43}","[141 141 141 100]","""""","9.9","false","{breed social-friends}","0","""default""","""none""","0"
"{citizen 29}","{citizen 44}","[85 0 170 100]","""""","9.9","false","{breed social-friends}","0","""default""","""none""","0"
"{citizen 29}","{citizen 45}","[85 0 170 100]","""""","9.9","false","{breed social-friends}","0","""default""","""none""","0"
"{citizen 29}","{citizen 46}","[141 141 141 100]","""""","9.9","false","{breed social-friends}","0","""default""","""none""","0"
"{citizen 29}","{citizen 47}","[85 0 170 100]","""""","9.9","false","{breed social-friends}","0","""default""","""none""","0"
"{citizen 29}","{citizen 48}","[141 141 141 100]","""""","9.9","false","{breed social-friends}","0","""default""","""none""","0"
"{citizen 29}","{citizen 49}","[141 141 141 100]","""""","9.9","false","{breed social-friends}","0","""default""","""none""","0"
"{citizen 30}","{citizen 0}","[85 0 170 100]","""""","9.9","false","{breed social-friends}","0","""default""","""none""","0"
"{citizen 30}","{citizen 1}","[85 0 170 100]","""""","9.9","false","{breed social-friends}","0","""default""","""none""","0"
"{citizen 30}","{citizen 2}","[85 0 170 100]","""""","9.9","false","{breed social-friends}","0","""default""","""none""","0"
"{citizen 30}","{citizen 3}","[85 0 170 100]","""""","9.9","false","{breed social-friends}","0","""default""","""none""","0"
"{citizen 30}","{citizen 4}","[85 0 170 100]","""""","9.9","false","{breed social-friends}","0","""default""","""none""","0"
"{citizen 30}","{citizen 5}","[85 0 170 100]","""""","9.9","false","{breed social-friends}","0","""default""","""none""","0"
"{citizen 30}","{citizen 6}","[141 141 141 100]","""""","9.9","false","{breed social-friends}","0","""default""","""none""","0"
"{citizen 30}","{citizen 7}","[85 0 170 100]","""""","9.9","false","{breed social-friends}","0","""default""","""none""","0"
"{citizen 30}","{citizen 8}","[85 0 170 100]","""""","9.9","false","{breed social-friends}","0","""default""","""none""","0"
"{citizen 30}","{citizen 9}","[85 0 170 100]","""""","9.9","false","{breed social-friends}","0","""default""","""none""","0"
"{citizen 30}","{citizen 10}","[141 141 141 100]","""""","9.9","false","{breed social-friends}","0","""default""","""none""","0"
"{citizen 30}","{citizen 11}","[141 141 141 100]","""""","9.9","false","{breed social-friends}","0","""default""","""none""","0"
"{citizen 30}","{citizen 12}","[85 0 170 100]","""""","9.9","false","{breed social-friends}","0","""default""","""none""","0"
"{citizen 30}","{citizen 13}","[141 141 141 100]","""""","9.9","false","{breed social-friends}","0","""default""","""none""","0"
"{citizen 30}","{citizen 14}","[141 141 141 100]","""""","9.9","false","{breed social-friends}","0","""default""","""none""","0"
"{citizen 30}","{citizen 15}","[85 0 170 100]","""""","9.9","false","{breed social-friends}","0","""default""","""none""","0"
"{citizen 30}","{citizen 16}","[85 0 170 100]","""""","9.9","false","{breed social-friends}","0","""default""","""none""","0"
"{citizen 30}","{citizen 17}","[141 141 141 100]","""""","9.9","false","{breed social-friends}","0","""default""","""none""","0"
"{citizen 30}","{citizen 18}","[85 0 170 100]","""""","9.9","false","{breed social-friends}","0","""default""","""none""","0"
"{citizen 30}","{citizen 19}","[85 0 170 100]","""""","9.9","false","{breed social-friends}","0","""default""","""none""","0"
"{citizen 30}","{citizen 20}","[141 141 141 100]","""""","9.9","false","{breed social-friends}","0","""default""","""none""","0"
"{citizen 30}","{citizen 21}","[85 0 170 100]","""""","9.9","false","{breed social-friends}","0","""default""","""none""","0"
"{citizen 30}","{citizen 22}","[85 0 170 100]","""""","9.9","false","{breed social-friends}","0","""default""","""none""","0"
"{citizen 30}","{citizen 23}","[85 0 170 100]","""""","9.9","false","{breed social-friends}","0","""default""","""none""","0"
"{citizen 30}","{citizen 24}","[141 141 141 100]","""""","9.9","false","{breed social-friends}","0","""default""","""none""","0"
"{citizen 30}","{citizen 25}","[85 0 170 100]","""""","9.9","false","{breed social-friends}","0","""default""","""none""","0"
"{citizen 30}","{citizen 26}","[85 0 170 100]","""""","9.9","false","{breed social-friends}","0","""default""","""none""","0"
"{citizen 30}","{citizen 27}","[141 141 141 100]","""""","9.9","false","{breed social-friends}","0","""default""","""none""","0"
"{citizen 30}","{citizen 28}","[85 0 170 100]","""""","9.9","false","{breed social-friends}","0","""default""","""none""","0"
"{citizen 30}","{citizen 29}","[85 0 170 100]","""""","9.9","false","{breed social-friends}","0","""default""","""none""","0"
"{citizen 30}","{citizen 31}","[85 0 170 100]","""""","9.9","false","{breed social-friends}","0","""default""","""none""","0"
"{citizen 30}","{citizen 32}","[85 0 170 100]","""""","9.9","false","{breed social-friends}","0","""default""","""none""","0"
"{citizen 30}","{citizen 33}","[85 0 170 100]","""""","9.9","false","{breed social-friends}","0","""default""","""none""","0"
"{citizen 30}","{citizen 34}","[141 141 141 100]","""""","9.9","false","{breed social-friends}","0","""default""","""none""","0"
"{citizen 30}","{citizen 35}","[85 0 170 100]","""""","9.9","false","{breed social-friends}","0","""default""","""none""","0"
"{citizen 30}","{citizen 36}","[141 141 141 100]","""""","9.9","false","{breed social-friends}","0","""default""","""none""","0"
"{citizen 30}","{citizen 37}","[85 0 170 100]","""""","9.9","false","{breed social-friends}","0","""default""","""none""","0"
"{citizen 30}","{citizen 38}","[85 0 170 100]","""""","9.9","false","{breed social-friends}","0","""default""","""none""","0"
"{citizen 30}","{citizen 39}","[141 141 141 100]","""""","9.9","false","{breed social-friends}","0","""default""","""none""","0"
"{citizen 30}","{citizen 40}","[141 141 141 100]","""""","9.9","false","{breed social-friends}","0","""default""","""none""","0"
"{citizen 30}","{citizen 41}","[85 0 170 100]","""""","9.9","false","{breed social-friends}","0","""default""","""none""","0"
"{citizen 30}","{citizen 42}","[141 141 141 100]","""""","9.9","false","{breed social-friends}","0","""default""","""none""","0"
"{citizen 30}","{citizen 43}","[141 141 141 100]","""""","9.9","false","{breed social-friends}","0","""default""","""none""","0"
"{citizen 30}","{citizen 44}","[85 0 170 100]","""""","9.9","false","{breed social-friends}","0","""default""","""none""","0"
"{citizen 30}","{citizen 45}","[85 0 170 100]","""""","9.9","false","{breed social-friends}","0","""default""","""none""","0"
"{citizen 30}","{citizen 46}","[141 141 141 100]","""""","9.9","false","{breed social-friends}","0","""default""","""none""","0"
"{citizen 30}","{citizen 47}","[85 0 170 100]","""""","9.9","false","{breed social-friends}","0","""default""","""none""","0"
"{citizen 30}","{citizen 48}","[141 141 141 100]","""""","9.9","false","{breed social-friends}","0","""default""","""none""","0"
"{citizen 30}","{citizen 49}","[141 141 141 100]","""""","9.9","false","{breed social-friends}","0","""default""","""none""","0"
"{citizen 31}","{citizen 0}","[85 0 170 100]","""""","9.9","false","{breed social-friends}","0","""default""","""none""","0"
"{citizen 31}","{citizen 1}","[85 0 170 100]","""""","9.9","false","{breed social-friends}","0","""default""","""none""","0"
"{citizen 31}","{citizen 2}","[85 0 170 100]","""""","9.9","false","{breed social-friends}","0","""default""","""none""","0"
"{citizen 31}","{citizen 3}","[85 0 170 100]","""""","9.9","false","{breed social-friends}","0","""default""","""none""","0"
"{citizen 31}","{citizen 4}","[85 0 170 100]","""""","9.9","false","{breed social-friends}","0","""default""","""none""","0"
"{citizen 31}","{citizen 5}","[85 0 170 100]","""""","9.9","false","{breed social-friends}","0","""default""","""none""","0"
"{citizen 31}","{citizen 6}","[141 141 141 100]","""""","9.9","false","{breed social-friends}","0","""default""","""none""","0"
"{citizen 31}","{citizen 7}","[85 0 170 100]","""""","9.9","false","{breed social-friends}","0","""default""","""none""","0"
"{citizen 31}","{citizen 8}","[85 0 170 100]","""""","9.9","false","{breed social-friends}","0","""default""","""none""","0"
"{citizen 31}","{citizen 9}","[85 0 170 100]","""""","9.9","false","{breed social-friends}","0","""default""","""none""","0"
"{citizen 31}","{citizen 10}","[141 141 141 100]","""""","9.9","false","{breed social-friends}","0","""default""","""none""","0"
"{citizen 31}","{citizen 11}","[141 141 141 100]","""""","9.9","false","{breed social-friends}","0","""default""","""none""","0"
"{citizen 31}","{citizen 12}","[85 0 170 100]","""""","9.9","false","{breed social-friends}","0","""default""","""none""","0"
"{citizen 31}","{citizen 13}","[141 141 141 100]","""""","9.9","false","{breed social-friends}","0","""default""","""none""","0"
"{citizen 31}","{citizen 14}","[141 141 141 100]","""""","9.9","false","{breed social-friends}","0","""default""","""none""","0"
"{citizen 31}","{citizen 15}","[85 0 170 100]","""""","9.9","false","{breed social-friends}","0","""default""","""none""","0"
"{citizen 31}","{citizen 16}","[85 0 170 100]","""""","9.9","false","{breed social-friends}","0","""default""","""none""","0"
"{citizen 31}","{citizen 17}","[141 141 141 100]","""""","9.9","false","{breed social-friends}","0","""default""","""none""","0"
"{citizen 31}","{citizen 18}","[85 0 170 100]","""""","9.9","false","{breed social-friends}","0","""default""","""none""","0"
"{citizen 31}","{citizen 19}","[85 0 170 100]","""""","9.9","false","{breed social-friends}","0","""default""","""none""","0"
"{citizen 31}","{citizen 20}","[141 141 141 100]","""""","9.9","false","{breed social-friends}","0","""default""","""none""","0"
"{citizen 31}","{citizen 21}","[85 0 170 100]","""""","9.9","false","{breed social-friends}","0","""default""","""none""","0"
"{citizen 31}","{citizen 22}","[85 0 170 100]","""""","9.9","false","{breed social-friends}","0","""default""","""none""","0"
"{citizen 31}","{citizen 23}","[85 0 170 100]","""""","9.9","false","{breed social-friends}","0","""default""","""none""","0"
"{citizen 31}","{citizen 24}","[141 141 141 100]","""""","9.9","false","{breed social-friends}","0","""default""","""none""","0"
"{citizen 31}","{citizen 25}","[85 0 170 100]","""""","9.9","false","{breed social-friends}","0","""default""","""none""","0"
"{citizen 31}","{citizen 26}","[85 0 170 100]","""""","9.9","false","{breed social-friends}","0","""default""","""none""","0"
"{citizen 31}","{citizen 27}","[141 141 141 100]","""""","9.9","false","{breed social-friends}","0","""default""","""none""","0"
"{citizen 31}","{citizen 28}","[85 0 170 100]","""""","9.9","false","{breed social-friends}","0","""default""","""none""","0"
"{citizen 31}","{citizen 29}","[85 0 170 100]","""""","9.9","false","{breed social-friends}","0","""default""","""none""","0"
"{citizen 31}","{citizen 30}","[85 0 170 100]","""""","9.9","false","{breed social-friends}","0","""default""","""none""","0"
"{citizen 31}","{citizen 32}","[85 0 170 100]","""""","9.9","false","{breed social-friends}","0","""default""","""none""","0"
"{citizen 31}","{citizen 33}","[85 0 170 100]","""""","9.9","false","{breed social-friends}","0","""default""","""none""","0"
"{citizen 31}","{citizen 34}","[141 141 141 100]","""""","9.9","false","{breed social-friends}","0","""default""","""none""","0"
"{citizen 31}","{citizen 35}","[85 0 170 100]","""""","9.9","false","{breed social-friends}","0","""default""","""none""","0"
"{citizen 31}","{citizen 36}","[141 141 141 100]","""""","9.9","false","{breed social-friends}","0","""default""","""none""","0"
"{citizen 31}","{citizen 37}","[85 0 170 100]","""""","9.9","false","{breed social-friends}","0","""default""","""none""","0"
"{citizen 31}","{citizen 38}","[85 0 170 100]","""""","9.9","false","{breed social-friends}","0","""default""","""none""","0"
"{citizen 31}","{citizen 39}","[141 141 141 100]","""""","9.9","false","{breed social-friends}","0","""default""","""none""","0"
"{citizen 31}","{citizen 40}","[141 141 141 100]","""""","9.9","false","{breed social-friends}","0","""default""","""none""","0"
"{citizen 31}","{citizen 41}","[85 0 170 100]","""""","9.9","false","{breed social-friends}","0","""default""","""none""","0"
"{citizen 31}","{citizen 42}","[141 141 141 100]","""""","9.9","false","{breed social-friends}","0","""default""","""none""","0"
"{citizen 31}","{citizen 43}","[141 141 141 100]","""""","9.9","false","{breed social-friends}","0","""default""","""none""","0"
"{citizen 31}","{citizen 44}","[85 0 170 100]","""""","9.9","false","{breed social-friends}","0","""default""","""none""","0"
"{citizen 31}","{citizen 45}","[85 0 170 100]","""""","9.9","false","{breed social-friends}","0","""default""","""none""","0"
"{citizen 31}","{citizen 46}","[141 141 141 100]","""""","9.9","false","{breed social-friends}","0","""default""","""none""","0"
"{citizen 31}","{citizen 47}","[85 0 170 100]","""""","9.9","false","{breed social-friends}","0","""default""","""none""","0"
"{citizen 31}","{citizen 48}","[141 141 141 100]","""""","9.9","false","{breed social-friends}","0","""default""","""none""","0"
"{citizen 31}","{citizen 49}","[141 141 141 100]","""""","9.9","false","{breed social-friends}","0","""default""","""none""","0"
"{citizen 32}","{citizen 0}","[85 0 170 100]","""""","9.9","false","{breed social-friends}","0","""default""","""none""","0"
"{citizen 32}","{citizen 1}","[85 0 170 100]","""""","9.9","false","{breed social-friends}","0","""default""","""none""","0"
"{citizen 32}","{citizen 2}","[85 0 170 100]","""""","9.9","false","{breed social-friends}","0","""default""","""none""","0"
"{citizen 32}","{citizen 3}","[85 0 170 100]","""""","9.9","false","{breed social-friends}","0","""default""","""none""","0"
"{citizen 32}","{citizen 4}","[85 0 170 100]","""""","9.9","false","{breed social-friends}","0","""default""","""none""","0"
"{citizen 32}","{citizen 5}","[85 0 170 100]","""""","9.9","false","{breed social-friends}","0","""default""","""none""","0"
"{citizen 32}","{citizen 6}","[141 141 141 100]","""""","9.9","false","{breed social-friends}","0","""default""","""none""","0"
"{citizen 32}","{citizen 7}","[85 0 170 100]","""""","9.9","false","{breed social-friends}","0","""default""","""none""","0"
"{citizen 32}","{citizen 8}","[85 0 170 100]","""""","9.9","false","{breed social-friends}","0","""default""","""none""","0"
"{citizen 32}","{citizen 9}","[85 0 170 100]","""""","9.9","false","{breed social-friends}","0","""default""","""none""","0"
"{citizen 32}","{citizen 10}","[141 141 141 100]","""""","9.9","false","{breed social-friends}","0","""default""","""none""","0"
"{citizen 32}","{citizen 11}","[141 141 141 100]","""""","9.9","false","{breed social-friends}","0","""default""","""none""","0"
"{citizen 32}","{citizen 12}","[85 0 170 100]","""""","9.9","false","{breed social-friends}","0","""default""","""none""","0"
"{citizen 32}","{citizen 13}","[141 141 141 100]","""""","9.9","false","{breed social-friends}","0","""default""","""none""","0"
"{citizen 32}","{citizen 14}","[141 141 141 100]","""""","9.9","false","{breed social-friends}","0","""default""","""none""","0"
"{citizen 32}","{citizen 15}","[85 0 170 100]","""""","9.9","false","{breed social-friends}","0","""default""","""none""","0"
"{citizen 32}","{citizen 16}","[85 0 170 100]","""""","9.9","false","{breed social-friends}","0","""default""","""none""","0"
"{citizen 32}","{citizen 17}","[141 141 141 100]","""""","9.9","false","{breed social-friends}","0","""default""","""none""","0"
"{citizen 32}","{citizen 18}","[85 0 170 100]","""""","9.9","false","{breed social-friends}","0","""default""","""none""","0"
"{citizen 32}","{citizen 19}","[85 0 170 100]","""""","9.9","false","{breed social-friends}","0","""default""","""none""","0"
"{citizen 32}","{citizen 20}","[141 141 141 100]","""""","9.9","false","{breed social-friends}","0","""default""","""none""","0"
"{citizen 32}","{citizen 21}","[85 0 170 100]","""""","9.9","false","{breed social-friends}","0","""default""","""none""","0"
"{citizen 32}","{citizen 22}","[85 0 170 100]","""""","9.9","false","{breed social-friends}","0","""default""","""none""","0"
"{citizen 32}","{citizen 23}","[85 0 170 100]","""""","9.9","false","{breed social-friends}","0","""default""","""none""","0"
"{citizen 32}","{citizen 24}","[141 141 141 100]","""""","9.9","false","{breed social-friends}","0","""default""","""none""","0"
"{citizen 32}","{citizen 25}","[85 0 170 100]","""""","9.9","false","{breed social-friends}","0","""default""","""none""","0"
"{citizen 32}","{citizen 26}","[85 0 170 100]","""""","9.9","false","{breed social-friends}","0","""default""","""none""","0"
"{citizen 32}","{citizen 27}","[141 141 141 100]","""""","9.9","false","{breed social-friends}","0","""default""","""none""","0"
"{citizen 32}","{citizen 28}","[85 0 170 100]","""""","9.9","false","{breed social-friends}","0","""default""","""none""","0"
"{citizen 32}","{citizen 29}","[85 0 170 100]","""""","9.9","false","{breed social-friends}","0","""default""","""none""","0"
"{citizen 32}","{citizen 30}","[85 0 170 100]","""""","9.9","false","{breed social-friends}","0","""default""","""none""","0"
"{citizen 32}","{citizen 31}","[85 0 170 100]","""""","9.9","false","{breed social-friends}","0","""default""","""none""","0"
"{citizen 32}","{citizen 33}","[85 0 170 100]","""""","9.9","false","{breed social-friends}","0","""default""","""none""","0"
"{citizen 32}","{citizen 34}","[141 141 141 100]","""""","9.9","false","{breed social-friends}","0","""default""","""none""","0"
"{citizen 32}","{citizen 35}","[85 0 170 100]","""""","9.9","false","{breed social-friends}","0","""default""","""none""","0"
"{citizen 32}","{citizen 36}","[141 141 141 100]","""""","9.9","false","{breed social-friends}","0","""default""","""none""","0"
"{citizen 32}","{citizen 37}","[85 0 170 100]","""""","9.9","false","{breed social-friends}","0","""default""","""none""","0"
"{citizen 32}","{citizen 38}","[85 0 170 100]","""""","9.9","false","{breed social-friends}","0","""default""","""none""","0"
"{citizen 32}","{citizen 39}","[141 141 141 100]","""""","9.9","false","{breed social-friends}","0","""default""","""none""","0"
"{citizen 32}","{citizen 40}","[141 141 141 100]","""""","9.9","false","{breed social-friends}","0","""default""","""none""","0"
"{citizen 32}","{citizen 41}","[85 0 170 100]","""""","9.9","false","{breed social-friends}","0","""default""","""none""","0"
"{citizen 32}","{citizen 42}","[141 141 141 100]","""""","9.9","false","{breed social-friends}","0","""default""","""none""","0"
"{citizen 32}","{citizen 43}","[141 141 141 100]","""""","9.9","false","{breed social-friends}","0","""default""","""none""","0"
"{citizen 32}","{citizen 44}","[85 0 170 100]","""""","9.9","false","{breed social-friends}","0","""default""","""none""","0"
"{citizen 32}","{citizen 45}","[85 0 170 100]","""""","9.9","false","{breed social-friends}","0","""default""","""none""","0"
"{citizen 32}","{citizen 46}","[141 141 141 100]","""""","9.9","false","{breed social-friends}","0","""default""","""none""","0"
"{citizen 32}","{citizen 47}","[85 0 170 100]","""""","9.9","false","{breed social-friends}","0","""default""","""none""","0"
"{citizen 32}","{citizen 48}","[141 141 141 100]","""""","9.9","false","{breed social-friends}","0","""default""","""none""","0"
"{citizen 32}","{citizen 49}","[141 141 141 100]","""""","9.9","false","{breed social-friends}","0","""default""","""none""","0"
"{citizen 33}","{citizen 0}","[85 0 170 100]","""""","9.9","false","{breed social-friends}","0","""default""","""none""","0"
"{citizen 33}","{citizen 1}","[85 0 170 100]","""""","9.9","false","{breed social-friends}","0","""default""","""none""","0"
"{citizen 33}","{citizen 2}","[85 0 170 100]","""""","9.9","false","{breed social-friends}","0","""default""","""none""","0"
"{citizen 33}","{citizen 3}","[85 0 170 100]","""""","9.9","false","{breed social-friends}","0","""default""","""none""","0"
"{citizen 33}","{citizen 4}","[85 0 170 100]","""""","9.9","false","{breed social-friends}","0","""default""","""none""","0"
"{citizen 33}","{citizen 5}","[85 0 170 100]","""""","9.9","false","{breed social-friends}","0","""default""","""none""","0"
"{citizen 33}","{citizen 6}","[141 141 141 100]","""""","9.9","false","{breed social-friends}","0","""default""","""none""","0"
"{citizen 33}","{citizen 7}","[85 0 170 100]","""""","9.9","false","{breed social-friends}","0","""default""","""none""","0"
"{citizen 33}","{citizen 8}","[85 0 170 100]","""""","9.9","false","{breed social-friends}","0","""default""","""none""","0"
"{citizen 33}","{citizen 9}","[85 0 170 100]","""""","9.9","false","{breed social-friends}","0","""default""","""none""","0"
"{citizen 33}","{citizen 10}","[141 141 141 100]","""""","9.9","false","{breed social-friends}","0","""default""","""none""","0"
"{citizen 33}","{citizen 11}","[141 141 141 100]","""""","9.9","false","{breed social-friends}","0","""default""","""none""","0"
"{citizen 33}","{citizen 12}","[85 0 170 100]","""""","9.9","false","{breed social-friends}","0","""default""","""none""","0"
"{citizen 33}","{citizen 13}","[141 141 141 100]","""""","9.9","false","{breed social-friends}","0","""default""","""none""","0"
"{citizen 33}","{citizen 14}","[141 141 141 100]","""""","9.9","false","{breed social-friends}","0","""default""","""none""","0"
"{citizen 33}","{citizen 15}","[85 0 170 100]","""""","9.9","false","{breed social-friends}","0","""default""","""none""","0"
"{citizen 33}","{citizen 16}","[85 0 170 100]","""""","9.9","false","{breed social-friends}","0","""default""","""none""","0"
"{citizen 33}","{citizen 17}","[141 141 141 100]","""""","9.9","false","{breed social-friends}","0","""default""","""none""","0"
"{citizen 33}","{citizen 18}","[85 0 170 100]","""""","9.9","false","{breed social-friends}","0","""default""","""none""","0"
"{citizen 33}","{citizen 19}","[85 0 170 100]","""""","9.9","false","{breed social-friends}","0","""default""","""none""","0"
"{citizen 33}","{citizen 20}","[141 141 141 100]","""""","9.9","false","{breed social-friends}","0","""default""","""none""","0"
"{citizen 33}","{citizen 21}","[85 0 170 100]","""""","9.9","false","{breed social-friends}","0","""default""","""none""","0"
"{citizen 33}","{citizen 22}","[85 0 170 100]","""""","9.9","false","{breed social-friends}","0","""default""","""none""","0"
"{citizen 33}","{citizen 23}","[85 0 170 100]","""""","9.9","false","{breed social-friends}","0","""default""","""none""","0"
"{citizen 33}","{citizen 24}","[141 141 141 100]","""""","9.9","false","{breed social-friends}","0","""default""","""none""","0"
"{citizen 33}","{citizen 25}","[85 0 170 100]","""""","9.9","false","{breed social-friends}","0","""default""","""none""","0"
"{citizen 33}","{citizen 26}","[85 0 170 100]","""""","9.9","false","{breed social-friends}","0","""default""","""none""","0"
"{citizen 33}","{citizen 27}","[141 141 141 100]","""""","9.9","false","{breed social-friends}","0","""default""","""none""","0"
"{citizen 33}","{citizen 28}","[85 0 170 100]","""""","9.9","false","{breed social-friends}","0","""default""","""none""","0"
"{citizen 33}","{citizen 29}","[85 0 170 100]","""""","9.9","false","{breed social-friends}","0","""default""","""none""","0"
"{citizen 33}","{citizen 30}","[85 0 170 100]","""""","9.9","false","{breed social-friends}","0","""default""","""none""","0"
"{citizen 33}","{citizen 31}","[85 0 170 100]","""""","9.9","false","{breed social-friends}","0","""default""","""none""","0"
"{citizen 33}","{citizen 32}","[85 0 170 100]","""""","9.9","false","{breed social-friends}","0","""default""","""none""","0"
"{citizen 33}","{citizen 34}","[141 141 141 100]","""""","9.9","false","{breed social-friends}","0","""default""","""none""","0"
"{citizen 33}","{citizen 35}","[85 0 170 100]","""""","9.9","false","{breed social-friends}","0","""default""","""none""","0"
"{citizen 33}","{citizen 36}","[141 141 141 100]","""""","9.9","false","{breed social-friends}","0","""default""","""none""","0"
"{citizen 33}","{citizen 37}","[85 0 170 100]","""""","9.9","false","{breed social-friends}","0","""default""","""none""","0"
"{citizen 33}","{citizen 38}","[85 0 170 100]","""""","9.9","false","{breed social-friends}","0","""default""","""none""","0"
"{citizen 33}","{citizen 39}","[141 141 141 100]","""""","9.9","false","{breed social-friends}","0","""default""","""none""","0"
"{citizen 33}","{citizen 40}","[141 141 141 100]","""""","9.9","false","{breed social-friends}","0","""default""","""none""","0"
"{citizen 33}","{citizen 41}","[85 0 170 100]","""""","9.9","false","{breed social-friends}","0","""default""","""none""","0"
"{citizen 33}","{citizen 42}","[141 141 141 100]","""""","9.9","false","{breed social-friends}","0","""default""","""none""","0"
"{citizen 33}","{citizen 43}","[141 141 141 100]","""""","9.9","false","{breed social-friends}","0","""default""","""none""","0"
"{citizen 33}","{citizen 44}","[85 0 170 100]","""""","9.9","false","{breed social-friends}","0","""default""","""none""","0"
"{citizen 33}","{citizen 45}","[85 0 170 100]","""""","9.9","false","{breed social-friends}","0","""default""","""none""","0"
"{citizen 33}","{citizen 46}","[141 141 141 100]","""""","9.9","false","{breed social-friends}","0","""default""","""none""","0"
"{citizen 33}","{citizen 47}","[85 0 170 100]","""""","9.9","false","{breed social-friends}","0","""default""","""none""","0"
"{citizen 33}","{citizen 48}","[141 141 141 100]","""""","9.9","false","{breed social-friends}","0","""default""","""none""","0"
"{citizen 33}","{citizen 49}","[141 141 141 100]","""""","9.9","false","{breed social-friends}","0","""default""","""none""","0"
"{citizen 34}","{citizen 0}","[141 141 141 100]","""""","9.9","false","{breed social-friends}","0","""default""","""none""","0"
"{citizen 34}","{citizen 1}","[141 141 141 100]","""""","9.9","false","{breed social-friends}","0","""default""","""none""","0"
"{citizen 34}","{citizen 2}","[141 141 141 100]","""""","9.9","false","{breed social-friends}","0","""default""","""none""","0"
"{citizen 34}","{citizen 3}","[141 141 141 100]","""""","9.9","false","{breed social-friends}","0","""default""","""none""","0"
"{citizen 34}","{citizen 4}","[141 141 141 100]","""""","9.9","false","{breed social-friends}","0","""default""","""none""","0"
"{citizen 34}","{citizen 5}","[141 141 141 100]","""""","9.9","false","{breed social-friends}","0","""default""","""none""","0"
"{citizen 34}","{citizen 6}","[0 0 255 100]","""""","9.9","false","{breed social-friends}","0","""default""","""none""","0"
"{citizen 34}","{citizen 7}","[141 141 141 100]","""""","9.9","false","{breed social-friends}","0","""default""","""none""","0"
"{citizen 34}","{citizen 8}","[141 141 141 100]","""""","9.9","false","{breed social-friends}","0","""default""","""none""","0"
"{citizen 34}","{citizen 9}","[141 141 141 100]","""""","9.9","false","{breed social-friends}","0","""default""","""none""","0"
"{citizen 34}","{citizen 10}","[0 0 255 100]","""""","9.9","false","{breed social-friends}","0","""default""","""none""","0"
"{citizen 34}","{citizen 11}","[0 0 255 100]","""""","9.9","false","{breed social-friends}","0","""default""","""none""","0"
"{citizen 34}","{citizen 12}","[141 141 141 100]","""""","9.9","false","{breed social-friends}","0","""default""","""none""","0"
"{citizen 34}","{citizen 13}","[0 0 255 100]","""""","9.9","false","{breed social-friends}","0","""default""","""none""","0"
"{citizen 34}","{citizen 14}","[0 0 255 100]","""""","9.9","false","{breed social-friends}","0","""default""","""none""","0"
"{citizen 34}","{citizen 15}","[141 141 141 100]","""""","9.9","false","{breed social-friends}","0","""default""","""none""","0"
"{citizen 34}","{citizen 16}","[141 141 141 100]","""""","9.9","false","{breed social-friends}","0","""default""","""none""","0"
"{citizen 34}","{citizen 17}","[0 0 255 100]","""""","9.9","false","{breed social-friends}","0","""default""","""none""","0"
"{citizen 34}","{citizen 18}","[141 141 141 100]","""""","9.9","false","{breed social-friends}","0","""default""","""none""","0"
"{citizen 34}","{citizen 19}","[141 141 141 100]","""""","9.9","false","{breed social-friends}","0","""default""","""none""","0"
"{citizen 34}","{citizen 20}","[0 0 255 100]","""""","9.9","false","{breed social-friends}","0","""default""","""none""","0"
"{citizen 34}","{citizen 21}","[141 141 141 100]","""""","9.9","false","{breed social-friends}","0","""default""","""none""","0"
"{citizen 34}","{citizen 22}","[141 141 141 100]","""""","9.9","false","{breed social-friends}","0","""default""","""none""","0"
"{citizen 34}","{citizen 23}","[141 141 141 100]","""""","9.9","false","{breed social-friends}","0","""default""","""none""","0"
"{citizen 34}","{citizen 24}","[0 0 255 100]","""""","9.9","false","{breed social-friends}","0","""default""","""none""","0"
"{citizen 34}","{citizen 25}","[141 141 141 100]","""""","9.9","false","{breed social-friends}","0","""default""","""none""","0"
"{citizen 34}","{citizen 26}","[141 141 141 100]","""""","9.9","false","{breed social-friends}","0","""default""","""none""","0"
"{citizen 34}","{citizen 27}","[0 0 255 100]","""""","9.9","false","{breed social-friends}","0","""default""","""none""","0"
"{citizen 34}","{citizen 28}","[141 141 141 100]","""""","9.9","false","{breed social-friends}","0","""default""","""none""","0"
"{citizen 34}","{citizen 29}","[141 141 141 100]","""""","9.9","false","{breed social-friends}","0","""default""","""none""","0"
"{citizen 34}","{citizen 30}","[141 141 141 100]","""""","9.9","false","{breed social-friends}","0","""default""","""none""","0"
"{citizen 34}","{citizen 31}","[141 141 141 100]","""""","9.9","false","{breed social-friends}","0","""default""","""none""","0"
"{citizen 34}","{citizen 32}","[141 141 141 100]","""""","9.9","false","{breed social-friends}","0","""default""","""none""","0"
"{citizen 34}","{citizen 33}","[141 141 141 100]","""""","9.9","false","{breed social-friends}","0","""default""","""none""","0"
"{citizen 34}","{citizen 35}","[141 141 141 100]","""""","9.9","false","{breed social-friends}","0","""default""","""none""","0"
"{citizen 34}","{citizen 36}","[0 0 255 100]","""""","9.9","false","{breed social-friends}","0","""default""","""none""","0"
"{citizen 34}","{citizen 37}","[141 141 141 100]","""""","9.9","false","{breed social-friends}","0","""default""","""none""","0"
"{citizen 34}","{citizen 38}","[141 141 141 100]","""""","9.9","false","{breed social-friends}","0","""default""","""none""","0"
"{citizen 34}","{citizen 39}","[0 0 255 100]","""""","9.9","false","{breed social-friends}","0","""default""","""none""","0"
"{citizen 34}","{citizen 40}","[0 0 255 100]","""""","9.9","false","{breed social-friends}","0","""default""","""none""","0"
"{citizen 34}","{citizen 41}","[141 141 141 100]","""""","9.9","false","{breed social-friends}","0","""default""","""none""","0"
"{citizen 34}","{citizen 42}","[0 0 255 100]","""""","9.9","false","{breed social-friends}","0","""default""","""none""","0"
"{citizen 34}","{citizen 43}","[0 0 255 100]","""""","9.9","false","{breed social-friends}","0","""default""","""none""","0"
"{citizen 34}","{citizen 44}","[141 141 141 100]","""""","9.9","false","{breed social-friends}","0","""default""","""none""","0"
"{citizen 34}","{citizen 45}","[141 141 141 100]","""""","9.9","false","{breed social-friends}","0","""default""","""none""","0"
"{citizen 34}","{citizen 46}","[0 0 255 100]","""""","9.9","false","{breed social-friends}","0","""default""","""none""","0"
"{citizen 34}","{citizen 47}","[141 141 141 100]","""""","9.9","false","{breed social-friends}","0","""default""","""none""","0"
"{citizen 34}","{citizen 48}","[0 0 255 100]","""""","9.9","false","{breed social-friends}","0","""default""","""none""","0"
"{citizen 34}","{citizen 49}","[0 0 255 100]","""""","9.9","false","{breed social-friends}","0","""default""","""none""","0"
"{citizen 35}","{citizen 0}","[85 0 170 100]","""""","9.9","false","{breed social-friends}","0","""default""","""none""","0"
"{citizen 35}","{citizen 1}","[85 0 170 100]","""""","9.9","false","{breed social-friends}","0","""default""","""none""","0"
"{citizen 35}","{citizen 2}","[85 0 170 100]","""""","9.9","false","{breed social-friends}","0","""default""","""none""","0"
"{citizen 35}","{citizen 3}","[85 0 170 100]","""""","9.9","false","{breed social-friends}","0","""default""","""none""","0"
"{citizen 35}","{citizen 4}","[85 0 170 100]","""""","9.9","false","{breed social-friends}","0","""default""","""none""","0"
"{citizen 35}","{citizen 5}","[85 0 170 100]","""""","9.9","false","{breed social-friends}","0","""default""","""none""","0"
"{citizen 35}","{citizen 6}","[141 141 141 100]","""""","9.9","false","{breed social-friends}","0","""default""","""none""","0"
"{citizen 35}","{citizen 7}","[85 0 170 100]","""""","9.9","false","{breed social-friends}","0","""default""","""none""","0"
"{citizen 35}","{citizen 8}","[85 0 170 100]","""""","9.9","false","{breed social-friends}","0","""default""","""none""","0"
"{citizen 35}","{citizen 9}","[85 0 170 100]","""""","9.9","false","{breed social-friends}","0","""default""","""none""","0"
"{citizen 35}","{citizen 10}","[141 141 141 100]","""""","9.9","false","{breed social-friends}","0","""default""","""none""","0"
"{citizen 35}","{citizen 11}","[141 141 141 100]","""""","9.9","false","{breed social-friends}","0","""default""","""none""","0"
"{citizen 35}","{citizen 12}","[85 0 170 100]","""""","9.9","false","{breed social-friends}","0","""default""","""none""","0"
"{citizen 35}","{citizen 13}","[141 141 141 100]","""""","9.9","false","{breed social-friends}","0","""default""","""none""","0"
"{citizen 35}","{citizen 14}","[141 141 141 100]","""""","9.9","false","{breed social-friends}","0","""default""","""none""","0"
"{citizen 35}","{citizen 15}","[85 0 170 100]","""""","9.9","false","{breed social-friends}","0","""default""","""none""","0"
"{citizen 35}","{citizen 16}","[85 0 170 100]","""""","9.9","false","{breed social-friends}","0","""default""","""none""","0"
"{citizen 35}","{citizen 17}","[141 141 141 100]","""""","9.9","false","{breed social-friends}","0","""default""","""none""","0"
"{citizen 35}","{citizen 18}","[85 0 170 100]","""""","9.9","false","{breed social-friends}","0","""default""","""none""","0"
"{citizen 35}","{citizen 19}","[85 0 170 100]","""""","9.9","false","{breed social-friends}","0","""default""","""none""","0"
"{citizen 35}","{citizen 20}","[141 141 141 100]","""""","9.9","false","{breed social-friends}","0","""default""","""none""","0"
"{citizen 35}","{citizen 21}","[85 0 170 100]","""""","9.9","false","{breed social-friends}","0","""default""","""none""","0"
"{citizen 35}","{citizen 22}","[85 0 170 100]","""""","9.9","false","{breed social-friends}","0","""default""","""none""","0"
"{citizen 35}","{citizen 23}","[85 0 170 100]","""""","9.9","false","{breed social-friends}","0","""default""","""none""","0"
"{citizen 35}","{citizen 24}","[141 141 141 100]","""""","9.9","false","{breed social-friends}","0","""default""","""none""","0"
"{citizen 35}","{citizen 25}","[85 0 170 100]","""""","9.9","false","{breed social-friends}","0","""default""","""none""","0"
"{citizen 35}","{citizen 26}","[85 0 170 100]","""""","9.9","false","{breed social-friends}","0","""default""","""none""","0"
"{citizen 35}","{citizen 27}","[141 141 141 100]","""""","9.9","false","{breed social-friends}","0","""default""","""none""","0"
"{citizen 35}","{citizen 28}","[85 0 170 100]","""""","9.9","false","{breed social-friends}","0","""default""","""none""","0"
"{citizen 35}","{citizen 29}","[85 0 170 100]","""""","9.9","false","{breed social-friends}","0","""default""","""none""","0"
"{citizen 35}","{citizen 30}","[85 0 170 100]","""""","9.9","false","{breed social-friends}","0","""default""","""none""","0"
"{citizen 35}","{citizen 31}","[85 0 170 100]","""""","9.9","false","{breed social-friends}","0","""default""","""none""","0"
"{citizen 35}","{citizen 32}","[85 0 170 100]","""""","9.9","false","{breed social-friends}","0","""default""","""none""","0"
"{citizen 35}","{citizen 33}","[85 0 170 100]","""""","9.9","false","{breed social-friends}","0","""default""","""none""","0"
"{citizen 35}","{citizen 34}","[141 141 141 100]","""""","9.9","false","{breed social-friends}","0","""default""","""none""","0"
"{citizen 35}","{citizen 36}","[141 141 141 100]","""""","9.9","false","{breed social-friends}","0","""default""","""none""","0"
"{citizen 35}","{citizen 37}","[85 0 170 100]","""""","9.9","false","{breed social-friends}","0","""default""","""none""","0"
"{citizen 35}","{citizen 38}","[85 0 170 100]","""""","9.9","false","{breed social-friends}","0","""default""","""none""","0"
"{citizen 35}","{citizen 39}","[141 141 141 100]","""""","9.9","false","{breed social-friends}","0","""default""","""none""","0"
"{citizen 35}","{citizen 40}","[141 141 141 100]","""""","9.9","false","{breed social-friends}","0","""default""","""none""","0"
"{citizen 35}","{citizen 41}","[85 0 170 100]","""""","9.9","false","{breed social-friends}","0","""default""","""none""","0"
"{citizen 35}","{citizen 42}","[141 141 141 100]","""""","9.9","false","{breed social-friends}","0","""default""","""none""","0"
"{citizen 35}","{citizen 43}","[141 141 141 100]","""""","9.9","false","{breed social-friends}","0","""default""","""none""","0"
"{citizen 35}","{citizen 44}","[85 0 170 100]","""""","9.9","false","{breed social-friends}","0","""default""","""none""","0"
"{citizen 35}","{citizen 45}","[85 0 170 100]","""""","9.9","false","{breed social-friends}","0","""default""","""none""","0"
"{citizen 35}","{citizen 46}","[141 141 141 100]","""""","9.9","false","{breed social-friends}","0","""default""","""none""","0"
"{citizen 35}","{citizen 47}","[85 0 170 100]","""""","9.9","false","{breed social-friends}","0","""default""","""none""","0"
"{citizen 35}","{citizen 48}","[141 141 141 100]","""""","9.9","false","{breed social-friends}","0","""default""","""none""","0"
"{citizen 35}","{citizen 49}","[141 141 141 100]","""""","9.9","false","{breed social-friends}","0","""default""","""none""","0"
"{citizen 36}","{citizen 0}","[141 141 141 100]","""""","9.9","false","{breed social-friends}","0","""default""","""none""","0"
"{citizen 36}","{citizen 1}","[141 141 141 100]","""""","9.9","false","{breed social-friends}","0","""default""","""none""","0"
"{citizen 36}","{citizen 2}","[141 141 141 100]","""""","9.9","false","{breed social-friends}","0","""default""","""none""","0"
"{citizen 36}","{citizen 3}","[141 141 141 100]","""""","9.9","false","{breed social-friends}","0","""default""","""none""","0"
"{citizen 36}","{citizen 4}","[141 141 141 100]","""""","9.9","false","{breed social-friends}","0","""default""","""none""","0"
"{citizen 36}","{citizen 5}","[141 141 141 100]","""""","9.9","false","{breed social-friends}","0","""default""","""none""","0"
"{citizen 36}","{citizen 6}","[0 0 255 100]","""""","9.9","false","{breed social-friends}","0","""default""","""none""","0"
"{citizen 36}","{citizen 7}","[141 141 141 100]","""""","9.9","false","{breed social-friends}","0","""default""","""none""","0"
"{citizen 36}","{citizen 8}","[141 141 141 100]","""""","9.9","false","{breed social-friends}","0","""default""","""none""","0"
"{citizen 36}","{citizen 9}","[141 141 141 100]","""""","9.9","false","{breed social-friends}","0","""default""","""none""","0"
"{citizen 36}","{citizen 10}","[0 0 255 100]","""""","9.9","false","{breed social-friends}","0","""default""","""none""","0"
"{citizen 36}","{citizen 11}","[0 0 255 100]","""""","9.9","false","{breed social-friends}","0","""default""","""none""","0"
"{citizen 36}","{citizen 12}","[141 141 141 100]","""""","9.9","false","{breed social-friends}","0","""default""","""none""","0"
"{citizen 36}","{citizen 13}","[0 0 255 100]","""""","9.9","false","{breed social-friends}","0","""default""","""none""","0"
"{citizen 36}","{citizen 14}","[0 0 255 100]","""""","9.9","false","{breed social-friends}","0","""default""","""none""","0"
"{citizen 36}","{citizen 15}","[141 141 141 100]","""""","9.9","false","{breed social-friends}","0","""default""","""none""","0"
"{citizen 36}","{citizen 16}","[141 141 141 100]","""""","9.9","false","{breed social-friends}","0","""default""","""none""","0"
"{citizen 36}","{citizen 17}","[0 0 255 100]","""""","9.9","false","{breed social-friends}","0","""default""","""none""","0"
"{citizen 36}","{citizen 18}","[141 141 141 100]","""""","9.9","false","{breed social-friends}","0","""default""","""none""","0"
"{citizen 36}","{citizen 19}","[141 141 141 100]","""""","9.9","false","{breed social-friends}","0","""default""","""none""","0"
"{citizen 36}","{citizen 20}","[0 0 255 100]","""""","9.9","false","{breed social-friends}","0","""default""","""none""","0"
"{citizen 36}","{citizen 21}","[141 141 141 100]","""""","9.9","false","{breed social-friends}","0","""default""","""none""","0"
"{citizen 36}","{citizen 22}","[141 141 141 100]","""""","9.9","false","{breed social-friends}","0","""default""","""none""","0"
"{citizen 36}","{citizen 23}","[141 141 141 100]","""""","9.9","false","{breed social-friends}","0","""default""","""none""","0"
"{citizen 36}","{citizen 24}","[0 0 255 100]","""""","9.9","false","{breed social-friends}","0","""default""","""none""","0"
"{citizen 36}","{citizen 25}","[141 141 141 100]","""""","9.9","false","{breed social-friends}","0","""default""","""none""","0"
"{citizen 36}","{citizen 26}","[141 141 141 100]","""""","9.9","false","{breed social-friends}","0","""default""","""none""","0"
"{citizen 36}","{citizen 27}","[0 0 255 100]","""""","9.9","false","{breed social-friends}","0","""default""","""none""","0"
"{citizen 36}","{citizen 28}","[141 141 141 100]","""""","9.9","false","{breed social-friends}","0","""default""","""none""","0"
"{citizen 36}","{citizen 29}","[141 141 141 100]","""""","9.9","false","{breed social-friends}","0","""default""","""none""","0"
"{citizen 36}","{citizen 30}","[141 141 141 100]","""""","9.9","false","{breed social-friends}","0","""default""","""none""","0"
"{citizen 36}","{citizen 31}","[141 141 141 100]","""""","9.9","false","{breed social-friends}","0","""default""","""none""","0"
"{citizen 36}","{citizen 32}","[141 141 141 100]","""""","9.9","false","{breed social-friends}","0","""default""","""none""","0"
"{citizen 36}","{citizen 33}","[141 141 141 100]","""""","9.9","false","{breed social-friends}","0","""default""","""none""","0"
"{citizen 36}","{citizen 34}","[0 0 255 100]","""""","9.9","false","{breed social-friends}","0","""default""","""none""","0"
"{citizen 36}","{citizen 35}","[141 141 141 100]","""""","9.9","false","{breed social-friends}","0","""default""","""none""","0"
"{citizen 36}","{citizen 37}","[141 141 141 100]","""""","9.9","false","{breed social-friends}","0","""default""","""none""","0"
"{citizen 36}","{citizen 38}","[141 141 141 100]","""""","9.9","false","{breed social-friends}","0","""default""","""none""","0"
"{citizen 36}","{citizen 39}","[0 0 255 100]","""""","9.9","false","{breed social-friends}","0","""default""","""none""","0"
"{citizen 36}","{citizen 40}","[0 0 255 100]","""""","9.9","false","{breed social-friends}","0","""default""","""none""","0"
"{citizen 36}","{citizen 41}","[141 141 141 100]","""""","9.9","false","{breed social-friends}","0","""default""","""none""","0"
"{citizen 36}","{citizen 42}","[0 0 255 100]","""""","9.9","false","{breed social-friends}","0","""default""","""none""","0"
"{citizen 36}","{citizen 43}","[0 0 255 100]","""""","9.9","false","{breed social-friends}","0","""default""","""none""","0"
"{citizen 36}","{citizen 44}","[141 141 141 100]","""""","9.9","false","{breed social-friends}","0","""default""","""none""","0"
"{citizen 36}","{citizen 45}","[141 141 141 100]","""""","9.9","false","{breed social-friends}","0","""default""","""none""","0"
"{citizen 36}","{citizen 46}","[0 0 255 100]","""""","9.9","false","{breed social-friends}","0","""default""","""none""","0"
"{citizen 36}","{citizen 47}","[141 141 141 100]","""""","9.9","false","{breed social-friends}","0","""default""","""none""","0"
"{citizen 36}","{citizen 48}","[0 0 255 100]","""""","9.9","false","{breed social-friends}","0","""default""","""none""","0"
"{citizen 36}","{citizen 49}","[0 0 255 100]","""""","9.9","false","{breed social-friends}","0","""default""","""none""","0"
"{citizen 37}","{citizen 0}","[85 0 170 100]","""""","9.9","false","{breed social-friends}","0","""default""","""none""","0"
"{citizen 37}","{citizen 1}","[85 0 170 100]","""""","9.9","false","{breed social-friends}","0","""default""","""none""","0"
"{citizen 37}","{citizen 2}","[85 0 170 100]","""""","9.9","false","{breed social-friends}","0","""default""","""none""","0"
"{citizen 37}","{citizen 3}","[85 0 170 100]","""""","9.9","false","{breed social-friends}","0","""default""","""none""","0"
"{citizen 37}","{citizen 4}","[85 0 170 100]","""""","9.9","false","{breed social-friends}","0","""default""","""none""","0"
"{citizen 37}","{citizen 5}","[85 0 170 100]","""""","9.9","false","{breed social-friends}","0","""default""","""none""","0"
"{citizen 37}","{citizen 6}","[141 141 141 100]","""""","9.9","false","{breed social-friends}","0","""default""","""none""","0"
"{citizen 37}","{citizen 7}","[85 0 170 100]","""""","9.9","false","{breed social-friends}","0","""default""","""none""","0"
"{citizen 37}","{citizen 8}","[85 0 170 100]","""""","9.9","false","{breed social-friends}","0","""default""","""none""","0"
"{citizen 37}","{citizen 9}","[85 0 170 100]","""""","9.9","false","{breed social-friends}","0","""default""","""none""","0"
"{citizen 37}","{citizen 10}","[141 141 141 100]","""""","9.9","false","{breed social-friends}","0","""default""","""none""","0"
"{citizen 37}","{citizen 11}","[141 141 141 100]","""""","9.9","false","{breed social-friends}","0","""default""","""none""","0"
"{citizen 37}","{citizen 12}","[85 0 170 100]","""""","9.9","false","{breed social-friends}","0","""default""","""none""","0"
"{citizen 37}","{citizen 13}","[141 141 141 100]","""""","9.9","false","{breed social-friends}","0","""default""","""none""","0"
"{citizen 37}","{citizen 14}","[141 141 141 100]","""""","9.9","false","{breed social-friends}","0","""default""","""none""","0"
"{citizen 37}","{citizen 15}","[85 0 170 100]","""""","9.9","false","{breed social-friends}","0","""default""","""none""","0"
"{citizen 37}","{citizen 16}","[85 0 170 100]","""""","9.9","false","{breed social-friends}","0","""default""","""none""","0"
"{citizen 37}","{citizen 17}","[141 141 141 100]","""""","9.9","false","{breed social-friends}","0","""default""","""none""","0"
"{citizen 37}","{citizen 18}","[85 0 170 100]","""""","9.9","false","{breed social-friends}","0","""default""","""none""","0"
"{citizen 37}","{citizen 19}","[85 0 170 100]","""""","9.9","false","{breed social-friends}","0","""default""","""none""","0"
"{citizen 37}","{citizen 20}","[141 141 141 100]","""""","9.9","false","{breed social-friends}","0","""default""","""none""","0"
"{citizen 37}","{citizen 21}","[85 0 170 100]","""""","9.9","false","{breed social-friends}","0","""default""","""none""","0"
"{citizen 37}","{citizen 22}","[85 0 170 100]","""""","9.9","false","{breed social-friends}","0","""default""","""none""","0"
"{citizen 37}","{citizen 23}","[85 0 170 100]","""""","9.9","false","{breed social-friends}","0","""default""","""none""","0"
"{citizen 37}","{citizen 24}","[141 141 141 100]","""""","9.9","false","{breed social-friends}","0","""default""","""none""","0"
"{citizen 37}","{citizen 25}","[85 0 170 100]","""""","9.9","false","{breed social-friends}","0","""default""","""none""","0"
"{citizen 37}","{citizen 26}","[85 0 170 100]","""""","9.9","false","{breed social-friends}","0","""default""","""none""","0"
"{citizen 37}","{citizen 27}","[141 141 141 100]","""""","9.9","false","{breed social-friends}","0","""default""","""none""","0"
"{citizen 37}","{citizen 28}","[85 0 170 100]","""""","9.9","false","{breed social-friends}","0","""default""","""none""","0"
"{citizen 37}","{citizen 29}","[85 0 170 100]","""""","9.9","false","{breed social-friends}","0","""default""","""none""","0"
"{citizen 37}","{citizen 30}","[85 0 170 100]","""""","9.9","false","{breed social-friends}","0","""default""","""none""","0"
"{citizen 37}","{citizen 31}","[85 0 170 100]","""""","9.9","false","{breed social-friends}","0","""default""","""none""","0"
"{citizen 37}","{citizen 32}","[85 0 170 100]","""""","9.9","false","{breed social-friends}","0","""default""","""none""","0"
"{citizen 37}","{citizen 33}","[85 0 170 100]","""""","9.9","false","{breed social-friends}","0","""default""","""none""","0"
"{citizen 37}","{citizen 34}","[141 141 141 100]","""""","9.9","false","{breed social-friends}","0","""default""","""none""","0"
"{citizen 37}","{citizen 35}","[85 0 170 100]","""""","9.9","false","{breed social-friends}","0","""default""","""none""","0"
"{citizen 37}","{citizen 36}","[141 141 141 100]","""""","9.9","false","{breed social-friends}","0","""default""","""none""","0"
"{citizen 37}","{citizen 38}","[85 0 170 100]","""""","9.9","false","{breed social-friends}","0","""default""","""none""","0"
"{citizen 37}","{citizen 39}","[141 141 141 100]","""""","9.9","false","{breed social-friends}","0","""default""","""none""","0"
"{citizen 37}","{citizen 40}","[141 141 141 100]","""""","9.9","false","{breed social-friends}","0","""default""","""none""","0"
"{citizen 37}","{citizen 41}","[85 0 170 100]","""""","9.9","false","{breed social-friends}","0","""default""","""none""","0"
"{citizen 37}","{citizen 42}","[141 141 141 100]","""""","9.9","false","{breed social-friends}","0","""default""","""none""","0"
"{citizen 37}","{citizen 43}","[141 141 141 100]","""""","9.9","false","{breed social-friends}","0","""default""","""none""","0"
"{citizen 37}","{citizen 44}","[85 0 170 100]","""""","9.9","false","{breed social-friends}","0","""default""","""none""","0"
"{citizen 37}","{citizen 45}","[85 0 170 100]","""""","9.9","false","{breed social-friends}","0","""default""","""none""","0"
"{citizen 37}","{citizen 46}","[141 141 141 100]","""""","9.9","false","{breed social-friends}","0","""default""","""none""","0"
"{citizen 37}","{citizen 47}","[85 0 170 100]","""""","9.9","false","{breed social-friends}","0","""default""","""none""","0"
"{citizen 37}","{citizen 48}","[141 141 141 100]","""""","9.9","false","{breed social-friends}","0","""default""","""none""","0"
"{citizen 37}","{citizen 49}","[141 141 141 100]","""""","9.9","false","{breed social-friends}","0","""default""","""none""","0"
"{citizen 38}","{citizen 0}","[85 0 170 100]","""""","9.9","false","{breed social-friends}","0","""default""","""none""","0"
"{citizen 38}","{citizen 1}","[85 0 170 100]","""""","9.9","false","{breed social-friends}","0","""default""","""none""","0"
"{citizen 38}","{citizen 2}","[85 0 170 100]","""""","9.9","false","{breed social-friends}","0","""default""","""none""","0"
"{citizen 38}","{citizen 3}","[85 0 170 100]","""""","9.9","false","{breed social-friends}","0","""default""","""none""","0"
"{citizen 38}","{citizen 4}","[85 0 170 100]","""""","9.9","false","{breed social-friends}","0","""default""","""none""","0"
"{citizen 38}","{citizen 5}","[85 0 170 100]","""""","9.9","false","{breed social-friends}","0","""default""","""none""","0"
"{citizen 38}","{citizen 6}","[141 141 141 100]","""""","9.9","false","{breed social-friends}","0","""default""","""none""","0"
"{citizen 38}","{citizen 7}","[85 0 170 100]","""""","9.9","false","{breed social-friends}","0","""default""","""none""","0"
"{citizen 38}","{citizen 8}","[85 0 170 100]","""""","9.9","false","{breed social-friends}","0","""default""","""none""","0"
"{citizen 38}","{citizen 9}","[85 0 170 100]","""""","9.9","false","{breed social-friends}","0","""default""","""none""","0"
"{citizen 38}","{citizen 10}","[141 141 141 100]","""""","9.9","false","{breed social-friends}","0","""default""","""none""","0"
"{citizen 38}","{citizen 11}","[141 141 141 100]","""""","9.9","false","{breed social-friends}","0","""default""","""none""","0"
"{citizen 38}","{citizen 12}","[85 0 170 100]","""""","9.9","false","{breed social-friends}","0","""default""","""none""","0"
"{citizen 38}","{citizen 13}","[141 141 141 100]","""""","9.9","false","{breed social-friends}","0","""default""","""none""","0"
"{citizen 38}","{citizen 14}","[141 141 141 100]","""""","9.9","false","{breed social-friends}","0","""default""","""none""","0"
"{citizen 38}","{citizen 15}","[85 0 170 100]","""""","9.9","false","{breed social-friends}","0","""default""","""none""","0"
"{citizen 38}","{citizen 16}","[85 0 170 100]","""""","9.9","false","{breed social-friends}","0","""default""","""none""","0"
"{citizen 38}","{citizen 17}","[141 141 141 100]","""""","9.9","false","{breed social-friends}","0","""default""","""none""","0"
"{citizen 38}","{citizen 18}","[85 0 170 100]","""""","9.9","false","{breed social-friends}","0","""default""","""none""","0"
"{citizen 38}","{citizen 19}","[85 0 170 100]","""""","9.9","false","{breed social-friends}","0","""default""","""none""","0"
"{citizen 38}","{citizen 20}","[141 141 141 100]","""""","9.9","false","{breed social-friends}","0","""default""","""none""","0"
"{citizen 38}","{citizen 21}","[85 0 170 100]","""""","9.9","false","{breed social-friends}","0","""default""","""none""","0"
"{citizen 38}","{citizen 22}","[85 0 170 100]","""""","9.9","false","{breed social-friends}","0","""default""","""none""","0"
"{citizen 38}","{citizen 23}","[85 0 170 100]","""""","9.9","false","{breed social-friends}","0","""default""","""none""","0"
"{citizen 38}","{citizen 24}","[141 141 141 100]","""""","9.9","false","{breed social-friends}","0","""default""","""none""","0"
"{citizen 38}","{citizen 25}","[85 0 170 100]","""""","9.9","false","{breed social-friends}","0","""default""","""none""","0"
"{citizen 38}","{citizen 26}","[85 0 170 100]","""""","9.9","false","{breed social-friends}","0","""default""","""none""","0"
"{citizen 38}","{citizen 27}","[141 141 141 100]","""""","9.9","false","{breed social-friends}","0","""default""","""none""","0"
"{citizen 38}","{citizen 28}","[85 0 170 100]","""""","9.9","false","{breed social-friends}","0","""default""","""none""","0"
"{citizen 38}","{citizen 29}","[85 0 170 100]","""""","9.9","false","{breed social-friends}","0","""default""","""none""","0"
"{citizen 38}","{citizen 30}","[85 0 170 100]","""""","9.9","false","{breed social-friends}","0","""default""","""none""","0"
"{citizen 38}","{citizen 31}","[85 0 170 100]","""""","9.9","false","{breed social-friends}","0","""default""","""none""","0"
"{citizen 38}","{citizen 32}","[85 0 170 100]","""""","9.9","false","{breed social-friends}","0","""default""","""none""","0"
"{citizen 38}","{citizen 33}","[85 0 170 100]","""""","9.9","false","{breed social-friends}","0","""default""","""none""","0"
"{citizen 38}","{citizen 34}","[141 141 141 100]","""""","9.9","false","{breed social-friends}","0","""default""","""none""","0"
"{citizen 38}","{citizen 35}","[85 0 170 100]","""""","9.9","false","{breed social-friends}","0","""default""","""none""","0"
"{citizen 38}","{citizen 36}","[141 141 141 100]","""""","9.9","false","{breed social-friends}","0","""default""","""none""","0"
"{citizen 38}","{citizen 37}","[85 0 170 100]","""""","9.9","false","{breed social-friends}","0","""default""","""none""","0"
"{citizen 38}","{citizen 39}","[141 141 141 100]","""""","9.9","false","{breed social-friends}","0","""default""","""none""","0"
"{citizen 38}","{citizen 40}","[141 141 141 100]","""""","9.9","false","{breed social-friends}","0","""default""","""none""","0"
"{citizen 38}","{citizen 41}","[85 0 170 100]","""""","9.9","false","{breed social-friends}","0","""default""","""none""","0"
"{citizen 38}","{citizen 42}","[141 141 141 100]","""""","9.9","false","{breed social-friends}","0","""default""","""none""","0"
"{citizen 38}","{citizen 43}","[141 141 141 100]","""""","9.9","false","{breed social-friends}","0","""default""","""none""","0"
"{citizen 38}","{citizen 44}","[85 0 170 100]","""""","9.9","false","{breed social-friends}","0","""default""","""none""","0"
"{citizen 38}","{citizen 45}","[85 0 170 100]","""""","9.9","false","{breed social-friends}","0","""default""","""none""","0"
"{citizen 38}","{citizen 46}","[141 141 141 100]","""""","9.9","false","{breed social-friends}","0","""default""","""none""","0"
"{citizen 38}","{citizen 47}","[85 0 170 100]","""""","9.9","false","{breed social-friends}","0","""default""","""none""","0"
"{citizen 38}","{citizen 48}","[141 141 141 100]","""""","9.9","false","{breed social-friends}","0","""default""","""none""","0"
"{citizen 38}","{citizen 49}","[141 141 141 100]","""""","9.9","false","{breed social-friends}","0","""default""","""none""","0"
"{citizen 39}","{citizen 0}","[141 141 141 100]","""""","9.9","false","{breed social-friends}","0","""default""","""none""","0"
"{citizen 39}","{citizen 1}","[141 141 141 100]","""""","9.9","false","{breed social-friends}","0","""default""","""none""","0"
"{citizen 39}","{citizen 2}","[141 141 141 100]","""""","9.9","false","{breed social-friends}","0","""default""","""none""","0"
"{citizen 39}","{citizen 3}","[141 141 141 100]","""""","9.9","false","{breed social-friends}","0","""default""","""none""","0"
"{citizen 39}","{citizen 4}","[141 141 141 100]","""""","9.9","false","{breed social-friends}","0","""default""","""none""","0"
"{citizen 39}","{citizen 5}","[141 141 141 100]","""""","9.9","false","{breed social-friends}","0","""default""","""none""","0"
"{citizen 39}","{citizen 6}","[0 0 255 100]","""""","9.9","false","{breed social-friends}","0","""default""","""none""","0"
"{citizen 39}","{citizen 7}","[141 141 141 100]","""""","9.9","false","{breed social-friends}","0","""default""","""none""","0"
"{citizen 39}","{citizen 8}","[141 141 141 100]","""""","9.9","false","{breed social-friends}","0","""default""","""none""","0"
"{citizen 39}","{citizen 9}","[141 141 141 100]","""""","9.9","false","{breed social-friends}","0","""default""","""none""","0"
"{citizen 39}","{citizen 10}","[0 0 255 100]","""""","9.9","false","{breed social-friends}","0","""default""","""none""","0"
"{citizen 39}","{citizen 11}","[0 0 255 100]","""""","9.9","false","{breed social-friends}","0","""default""","""none""","0"
"{citizen 39}","{citizen 12}","[141 141 141 100]","""""","9.9","false","{breed social-friends}","0","""default""","""none""","0"
"{citizen 39}","{citizen 13}","[0 0 255 100]","""""","9.9","false","{breed social-friends}","0","""default""","""none""","0"
"{citizen 39}","{citizen 14}","[0 0 255 100]","""""","9.9","false","{breed social-friends}","0","""default""","""none""","0"
"{citizen 39}","{citizen 15}","[141 141 141 100]","""""","9.9","false","{breed social-friends}","0","""default""","""none""","0"
"{citizen 39}","{citizen 16}","[141 141 141 100]","""""","9.9","false","{breed social-friends}","0","""default""","""none""","0"
"{citizen 39}","{citizen 17}","[0 0 255 100]","""""","9.9","false","{breed social-friends}","0","""default""","""none""","0"
"{citizen 39}","{citizen 18}","[141 141 141 100]","""""","9.9","false","{breed social-friends}","0","""default""","""none""","0"
"{citizen 39}","{citizen 19}","[141 141 141 100]","""""","9.9","false","{breed social-friends}","0","""default""","""none""","0"
"{citizen 39}","{citizen 20}","[0 0 255 100]","""""","9.9","false","{breed social-friends}","0","""default""","""none""","0"
"{citizen 39}","{citizen 21}","[141 141 141 100]","""""","9.9","false","{breed social-friends}","0","""default""","""none""","0"
"{citizen 39}","{citizen 22}","[141 141 141 100]","""""","9.9","false","{breed social-friends}","0","""default""","""none""","0"
"{citizen 39}","{citizen 23}","[141 141 141 100]","""""","9.9","false","{breed social-friends}","0","""default""","""none""","0"
"{citizen 39}","{citizen 24}","[0 0 255 100]","""""","9.9","false","{breed social-friends}","0","""default""","""none""","0"
"{citizen 39}","{citizen 25}","[141 141 141 100]","""""","9.9","false","{breed social-friends}","0","""default""","""none""","0"
"{citizen 39}","{citizen 26}","[141 141 141 100]","""""","9.9","false","{breed social-friends}","0","""default""","""none""","0"
"{citizen 39}","{citizen 27}","[0 0 255 100]","""""","9.9","false","{breed social-friends}","0","""default""","""none""","0"
"{citizen 39}","{citizen 28}","[141 141 141 100]","""""","9.9","false","{breed social-friends}","0","""default""","""none""","0"
"{citizen 39}","{citizen 29}","[141 141 141 100]","""""","9.9","false","{breed social-friends}","0","""default""","""none""","0"
"{citizen 39}","{citizen 30}","[141 141 141 100]","""""","9.9","false","{breed social-friends}","0","""default""","""none""","0"
"{citizen 39}","{citizen 31}","[141 141 141 100]","""""","9.9","false","{breed social-friends}","0","""default""","""none""","0"
"{citizen 39}","{citizen 32}","[141 141 141 100]","""""","9.9","false","{breed social-friends}","0","""default""","""none""","0"
"{citizen 39}","{citizen 33}","[141 141 141 100]","""""","9.9","false","{breed social-friends}","0","""default""","""none""","0"
"{citizen 39}","{citizen 34}","[0 0 255 100]","""""","9.9","false","{breed social-friends}","0","""default""","""none""","0"
"{citizen 39}","{citizen 35}","[141 141 141 100]","""""","9.9","false","{breed social-friends}","0","""default""","""none""","0"
"{citizen 39}","{citizen 36}","[0 0 255 100]","""""","9.9","false","{breed social-friends}","0","""default""","""none""","0"
"{citizen 39}","{citizen 37}","[141 141 141 100]","""""","9.9","false","{breed social-friends}","0","""default""","""none""","0"
"{citizen 39}","{citizen 38}","[141 141 141 100]","""""","9.9","false","{breed social-friends}","0","""default""","""none""","0"
"{citizen 39}","{citizen 40}","[0 0 255 100]","""""","9.9","false","{breed social-friends}","0","""default""","""none""","0"
"{citizen 39}","{citizen 41}","[141 141 141 100]","""""","9.9","false","{breed social-friends}","0","""default""","""none""","0"
"{citizen 39}","{citizen 42}","[0 0 255 100]","""""","9.9","false","{breed social-friends}","0","""default""","""none""","0"
"{citizen 39}","{citizen 43}","[0 0 255 100]","""""","9.9","false","{breed social-friends}","0","""default""","""none""","0"
"{citizen 39}","{citizen 44}","[141 141 141 100]","""""","9.9","false","{breed social-friends}","0","""default""","""none""","0"
"{citizen 39}","{citizen 45}","[141 141 141 100]","""""","9.9","false","{breed social-friends}","0","""default""","""none""","0"
"{citizen 39}","{citizen 46}","[0 0 255 100]","""""","9.9","false","{breed social-friends}","0","""default""","""none""","0"
"{citizen 39}","{citizen 47}","[141 141 141 100]","""""","9.9","false","{breed social-friends}","0","""default""","""none""","0"
"{citizen 39}","{citizen 48}","[0 0 255 100]","""""","9.9","false","{breed social-friends}","0","""default""","""none""","0"
"{citizen 39}","{citizen 49}","[0 0 255 100]","""""","9.9","false","{breed social-friends}","0","""default""","""none""","0"
"{citizen 40}","{citizen 0}","[141 141 141 100]","""""","9.9","false","{breed social-friends}","0","""default""","""none""","0"
"{citizen 40}","{citizen 1}","[141 141 141 100]","""""","9.9","false","{breed social-friends}","0","""default""","""none""","0"
"{citizen 40}","{citizen 2}","[141 141 141 100]","""""","9.9","false","{breed social-friends}","0","""default""","""none""","0"
"{citizen 40}","{citizen 3}","[141 141 141 100]","""""","9.9","false","{breed social-friends}","0","""default""","""none""","0"
"{citizen 40}","{citizen 4}","[141 141 141 100]","""""","9.9","false","{breed social-friends}","0","""default""","""none""","0"
"{citizen 40}","{citizen 5}","[141 141 141 100]","""""","9.9","false","{breed social-friends}","0","""default""","""none""","0"
"{citizen 40}","{citizen 6}","[0 0 255 100]","""""","9.9","false","{breed social-friends}","0","""default""","""none""","0"
"{citizen 40}","{citizen 7}","[141 141 141 100]","""""","9.9","false","{breed social-friends}","0","""default""","""none""","0"
"{citizen 40}","{citizen 8}","[141 141 141 100]","""""","9.9","false","{breed social-friends}","0","""default""","""none""","0"
"{citizen 40}","{citizen 9}","[141 141 141 100]","""""","9.9","false","{breed social-friends}","0","""default""","""none""","0"
"{citizen 40}","{citizen 10}","[0 0 255 100]","""""","9.9","false","{breed social-friends}","0","""default""","""none""","0"
"{citizen 40}","{citizen 11}","[0 0 255 100]","""""","9.9","false","{breed social-friends}","0","""default""","""none""","0"
"{citizen 40}","{citizen 12}","[141 141 141 100]","""""","9.9","false","{breed social-friends}","0","""default""","""none""","0"
"{citizen 40}","{citizen 13}","[0 0 255 100]","""""","9.9","false","{breed social-friends}","0","""default""","""none""","0"
"{citizen 40}","{citizen 14}","[0 0 255 100]","""""","9.9","false","{breed social-friends}","0","""default""","""none""","0"
"{citizen 40}","{citizen 15}","[141 141 141 100]","""""","9.9","false","{breed social-friends}","0","""default""","""none""","0"
"{citizen 40}","{citizen 16}","[141 141 141 100]","""""","9.9","false","{breed social-friends}","0","""default""","""none""","0"
"{citizen 40}","{citizen 17}","[0 0 255 100]","""""","9.9","false","{breed social-friends}","0","""default""","""none""","0"
"{citizen 40}","{citizen 18}","[141 141 141 100]","""""","9.9","false","{breed social-friends}","0","""default""","""none""","0"
"{citizen 40}","{citizen 19}","[141 141 141 100]","""""","9.9","false","{breed social-friends}","0","""default""","""none""","0"
"{citizen 40}","{citizen 20}","[0 0 255 100]","""""","9.9","false","{breed social-friends}","0","""default""","""none""","0"
"{citizen 40}","{citizen 21}","[141 141 141 100]","""""","9.9","false","{breed social-friends}","0","""default""","""none""","0"
"{citizen 40}","{citizen 22}","[141 141 141 100]","""""","9.9","false","{breed social-friends}","0","""default""","""none""","0"
"{citizen 40}","{citizen 23}","[141 141 141 100]","""""","9.9","false","{breed social-friends}","0","""default""","""none""","0"
"{citizen 40}","{citizen 24}","[0 0 255 100]","""""","9.9","false","{breed social-friends}","0","""default""","""none""","0"
"{citizen 40}","{citizen 25}","[141 141 141 100]","""""","9.9","false","{breed social-friends}","0","""default""","""none""","0"
"{citizen 40}","{citizen 26}","[141 141 141 100]","""""","9.9","false","{breed social-friends}","0","""default""","""none""","0"
"{citizen 40}","{citizen 27}","[0 0 255 100]","""""","9.9","false","{breed social-friends}","0","""default""","""none""","0"
"{citizen 40}","{citizen 28}","[141 141 141 100]","""""","9.9","false","{breed social-friends}","0","""default""","""none""","0"
"{citizen 40}","{citizen 29}","[141 141 141 100]","""""","9.9","false","{breed social-friends}","0","""default""","""none""","0"
"{citizen 40}","{citizen 30}","[141 141 141 100]","""""","9.9","false","{breed social-friends}","0","""default""","""none""","0"
"{citizen 40}","{citizen 31}","[141 141 141 100]","""""","9.9","false","{breed social-friends}","0","""default""","""none""","0"
"{citizen 40}","{citizen 32}","[141 141 141 100]","""""","9.9","false","{breed social-friends}","0","""default""","""none""","0"
"{citizen 40}","{citizen 33}","[141 141 141 100]","""""","9.9","false","{breed social-friends}","0","""default""","""none""","0"
"{citizen 40}","{citizen 34}","[0 0 255 100]","""""","9.9","false","{breed social-friends}","0","""default""","""none""","0"
"{citizen 40}","{citizen 35}","[141 141 141 100]","""""","9.9","false","{breed social-friends}","0","""default""","""none""","0"
"{citizen 40}","{citizen 36}","[0 0 255 100]","""""","9.9","false","{breed social-friends}","0","""default""","""none""","0"
"{citizen 40}","{citizen 37}","[141 141 141 100]","""""","9.9","false","{breed social-friends}","0","""default""","""none""","0"
"{citizen 40}","{citizen 38}","[141 141 141 100]","""""","9.9","false","{breed social-friends}","0","""default""","""none""","0"
"{citizen 40}","{citizen 39}","[0 0 255 100]","""""","9.9","false","{breed social-friends}","0","""default""","""none""","0"
"{citizen 40}","{citizen 41}","[141 141 141 100]","""""","9.9","false","{breed social-friends}","0","""default""","""none""","0"
"{citizen 40}","{citizen 42}","[0 0 255 100]","""""","9.9","false","{breed social-friends}","0","""default""","""none""","0"
"{citizen 40}","{citizen 43}","[0 0 255 100]","""""","9.9","false","{breed social-friends}","0","""default""","""none""","0"
"{citizen 40}","{citizen 44}","[141 141 141 100]","""""","9.9","false","{breed social-friends}","0","""default""","""none""","0"
"{citizen 40}","{citizen 45}","[141 141 141 100]","""""","9.9","false","{breed social-friends}","0","""default""","""none""","0"
"{citizen 40}","{citizen 46}","[0 0 255 100]","""""","9.9","false","{breed social-friends}","0","""default""","""none""","0"
"{citizen 40}","{citizen 47}","[141 141 141 100]","""""","9.9","false","{breed social-friends}","0","""default""","""none""","0"
"{citizen 40}","{citizen 48}","[0 0 255 100]","""""","9.9","false","{breed social-friends}","0","""default""","""none""","0"
"{citizen 40}","{citizen 49}","[0 0 255 100]","""""","9.9","false","{breed social-friends}","0","""default""","""none""","0"
"{citizen 41}","{citizen 0}","[85 0 170 100]","""""","9.9","false","{breed social-friends}","0","""default""","""none""","0"
"{citizen 41}","{citizen 1}","[85 0 170 100]","""""","9.9","false","{breed social-friends}","0","""default""","""none""","0"
"{citizen 41}","{citizen 2}","[85 0 170 100]","""""","9.9","false","{breed social-friends}","0","""default""","""none""","0"
"{citizen 41}","{citizen 3}","[85 0 170 100]","""""","9.9","false","{breed social-friends}","0","""default""","""none""","0"
"{citizen 41}","{citizen 4}","[85 0 170 100]","""""","9.9","false","{breed social-friends}","0","""default""","""none""","0"
"{citizen 41}","{citizen 5}","[85 0 170 100]","""""","9.9","false","{breed social-friends}","0","""default""","""none""","0"
"{citizen 41}","{citizen 6}","[141 141 141 100]","""""","9.9","false","{breed social-friends}","0","""default""","""none""","0"
"{citizen 41}","{citizen 7}","[85 0 170 100]","""""","9.9","false","{breed social-friends}","0","""default""","""none""","0"
"{citizen 41}","{citizen 8}","[85 0 170 100]","""""","9.9","false","{breed social-friends}","0","""default""","""none""","0"
"{citizen 41}","{citizen 9}","[85 0 170 100]","""""","9.9","false","{breed social-friends}","0","""default""","""none""","0"
"{citizen 41}","{citizen 10}","[141 141 141 100]","""""","9.9","false","{breed social-friends}","0","""default""","""none""","0"
"{citizen 41}","{citizen 11}","[141 141 141 100]","""""","9.9","false","{breed social-friends}","0","""default""","""none""","0"
"{citizen 41}","{citizen 12}","[85 0 170 100]","""""","9.9","false","{breed social-friends}","0","""default""","""none""","0"
"{citizen 41}","{citizen 13}","[141 141 141 100]","""""","9.9","false","{breed social-friends}","0","""default""","""none""","0"
"{citizen 41}","{citizen 14}","[141 141 141 100]","""""","9.9","false","{breed social-friends}","0","""default""","""none""","0"
"{citizen 41}","{citizen 15}","[85 0 170 100]","""""","9.9","false","{breed social-friends}","0","""default""","""none""","0"
"{citizen 41}","{citizen 16}","[85 0 170 100]","""""","9.9","false","{breed social-friends}","0","""default""","""none""","0"
"{citizen 41}","{citizen 17}","[141 141 141 100]","""""","9.9","false","{breed social-friends}","0","""default""","""none""","0"
"{citizen 41}","{citizen 18}","[85 0 170 100]","""""","9.9","false","{breed social-friends}","0","""default""","""none""","0"
"{citizen 41}","{citizen 19}","[85 0 170 100]","""""","9.9","false","{breed social-friends}","0","""default""","""none""","0"
"{citizen 41}","{citizen 20}","[141 141 141 100]","""""","9.9","false","{breed social-friends}","0","""default""","""none""","0"
"{citizen 41}","{citizen 21}","[85 0 170 100]","""""","9.9","false","{breed social-friends}","0","""default""","""none""","0"
"{citizen 41}","{citizen 22}","[85 0 170 100]","""""","9.9","false","{breed social-friends}","0","""default""","""none""","0"
"{citizen 41}","{citizen 23}","[85 0 170 100]","""""","9.9","false","{breed social-friends}","0","""default""","""none""","0"
"{citizen 41}","{citizen 24}","[141 141 141 100]","""""","9.9","false","{breed social-friends}","0","""default""","""none""","0"
"{citizen 41}","{citizen 25}","[85 0 170 100]","""""","9.9","false","{breed social-friends}","0","""default""","""none""","0"
"{citizen 41}","{citizen 26}","[85 0 170 100]","""""","9.9","false","{breed social-friends}","0","""default""","""none""","0"
"{citizen 41}","{citizen 27}","[141 141 141 100]","""""","9.9","false","{breed social-friends}","0","""default""","""none""","0"
"{citizen 41}","{citizen 28}","[85 0 170 100]","""""","9.9","false","{breed social-friends}","0","""default""","""none""","0"
"{citizen 41}","{citizen 29}","[85 0 170 100]","""""","9.9","false","{breed social-friends}","0","""default""","""none""","0"
"{citizen 41}","{citizen 30}","[85 0 170 100]","""""","9.9","false","{breed social-friends}","0","""default""","""none""","0"
"{citizen 41}","{citizen 31}","[85 0 170 100]","""""","9.9","false","{breed social-friends}","0","""default""","""none""","0"
"{citizen 41}","{citizen 32}","[85 0 170 100]","""""","9.9","false","{breed social-friends}","0","""default""","""none""","0"
"{citizen 41}","{citizen 33}","[85 0 170 100]","""""","9.9","false","{breed social-friends}","0","""default""","""none""","0"
"{citizen 41}","{citizen 34}","[141 141 141 100]","""""","9.9","false","{breed social-friends}","0","""default""","""none""","0"
"{citizen 41}","{citizen 35}","[85 0 170 100]","""""","9.9","false","{breed social-friends}","0","""default""","""none""","0"
"{citizen 41}","{citizen 36}","[141 141 141 100]","""""","9.9","false","{breed social-friends}","0","""default""","""none""","0"
"{citizen 41}","{citizen 37}","[85 0 170 100]","""""","9.9","false","{breed social-friends}","0","""default""","""none""","0"
"{citizen 41}","{citizen 38}","[85 0 170 100]","""""","9.9","false","{breed social-friends}","0","""default""","""none""","0"
"{citizen 41}","{citizen 39}","[141 141 141 100]","""""","9.9","false","{breed social-friends}","0","""default""","""none""","0"
"{citizen 41}","{citizen 40}","[141 141 141 100]","""""","9.9","false","{breed social-friends}","0","""default""","""none""","0"
"{citizen 41}","{citizen 42}","[141 141 141 100]","""""","9.9","false","{breed social-friends}","0","""default""","""none""","0"
"{citizen 41}","{citizen 43}","[141 141 141 100]","""""","9.9","false","{breed social-friends}","0","""default""","""none""","0"
"{citizen 41}","{citizen 44}","[85 0 170 100]","""""","9.9","false","{breed social-friends}","0","""default""","""none""","0"
"{citizen 41}","{citizen 45}","[85 0 170 100]","""""","9.9","false","{breed social-friends}","0","""default""","""none""","0"
"{citizen 41}","{citizen 46}","[141 141 141 100]","""""","9.9","false","{breed social-friends}","0","""default""","""none""","0"
"{citizen 41}","{citizen 47}","[85 0 170 100]","""""","9.9","false","{breed social-friends}","0","""default""","""none""","0"
"{citizen 41}","{citizen 48}","[141 141 141 100]","""""","9.9","false","{breed social-friends}","0","""default""","""none""","0"
"{citizen 41}","{citizen 49}","[141 141 141 100]","""""","9.9","false","{breed social-friends}","0","""default""","""none""","0"
"{citizen 42}","{citizen 0}","[141 141 141 100]","""""","9.9","false","{breed social-friends}","0","""default""","""none""","0"
"{citizen 42}","{citizen 1}","[141 141 141 100]","""""","9.9","false","{breed social-friends}","0","""default""","""none""","0"
"{citizen 42}","{citizen 2}","[141 141 141 100]","""""","9.9","false","{breed social-friends}","0","""default""","""none""","0"
"{citizen 42}","{citizen 3}","[141 141 141 100]","""""","9.9","false","{breed social-friends}","0","""default""","""none""","0"
"{citizen 42}","{citizen 4}","[141 141 141 100]","""""","9.9","false","{breed social-friends}","0","""default""","""none""","0"
"{citizen 42}","{citizen 5}","[141 141 141 100]","""""","9.9","false","{breed social-friends}","0","""default""","""none""","0"
"{citizen 42}","{citizen 6}","[0 0 255 100]","""""","9.9","false","{breed social-friends}","0","""default""","""none""","0"
"{citizen 42}","{citizen 7}","[141 141 141 100]","""""","9.9","false","{breed social-friends}","0","""default""","""none""","0"
"{citizen 42}","{citizen 8}","[141 141 141 100]","""""","9.9","false","{breed social-friends}","0","""default""","""none""","0"
"{citizen 42}","{citizen 9}","[141 141 141 100]","""""","9.9","false","{breed social-friends}","0","""default""","""none""","0"
"{citizen 42}","{citizen 10}","[0 0 255 100]","""""","9.9","false","{breed social-friends}","0","""default""","""none""","0"
"{citizen 42}","{citizen 11}","[0 0 255 100]","""""","9.9","false","{breed social-friends}","0","""default""","""none""","0"
"{citizen 42}","{citizen 12}","[141 141 141 100]","""""","9.9","false","{breed social-friends}","0","""default""","""none""","0"
"{citizen 42}","{citizen 13}","[0 0 255 100]","""""","9.9","false","{breed social-friends}","0","""default""","""none""","0"
"{citizen 42}","{citizen 14}","[0 0 255 100]","""""","9.9","false","{breed social-friends}","0","""default""","""none""","0"
"{citizen 42}","{citizen 15}","[141 141 141 100]","""""","9.9","false","{breed social-friends}","0","""default""","""none""","0"
"{citizen 42}","{citizen 16}","[141 141 141 100]","""""","9.9","false","{breed social-friends}","0","""default""","""none""","0"
"{citizen 42}","{citizen 17}","[0 0 255 100]","""""","9.9","false","{breed social-friends}","0","""default""","""none""","0"
"{citizen 42}","{citizen 18}","[141 141 141 100]","""""","9.9","false","{breed social-friends}","0","""default""","""none""","0"
"{citizen 42}","{citizen 19}","[141 141 141 100]","""""","9.9","false","{breed social-friends}","0","""default""","""none""","0"
"{citizen 42}","{citizen 20}","[0 0 255 100]","""""","9.9","false","{breed social-friends}","0","""default""","""none""","0"
"{citizen 42}","{citizen 21}","[141 141 141 100]","""""","9.9","false","{breed social-friends}","0","""default""","""none""","0"
"{citizen 42}","{citizen 22}","[141 141 141 100]","""""","9.9","false","{breed social-friends}","0","""default""","""none""","0"
"{citizen 42}","{citizen 23}","[141 141 141 100]","""""","9.9","false","{breed social-friends}","0","""default""","""none""","0"
"{citizen 42}","{citizen 24}","[0 0 255 100]","""""","9.9","false","{breed social-friends}","0","""default""","""none""","0"
"{citizen 42}","{citizen 25}","[141 141 141 100]","""""","9.9","false","{breed social-friends}","0","""default""","""none""","0"
"{citizen 42}","{citizen 26}","[141 141 141 100]","""""","9.9","false","{breed social-friends}","0","""default""","""none""","0"
"{citizen 42}","{citizen 27}","[0 0 255 100]","""""","9.9","false","{breed social-friends}","0","""default""","""none""","0"
"{citizen 42}","{citizen 28}","[141 141 141 100]","""""","9.9","false","{breed social-friends}","0","""default""","""none""","0"
"{citizen 42}","{citizen 29}","[141 141 141 100]","""""","9.9","false","{breed social-friends}","0","""default""","""none""","0"
"{citizen 42}","{citizen 30}","[141 141 141 100]","""""","9.9","false","{breed social-friends}","0","""default""","""none""","0"
"{citizen 42}","{citizen 31}","[141 141 141 100]","""""","9.9","false","{breed social-friends}","0","""default""","""none""","0"
"{citizen 42}","{citizen 32}","[141 141 141 100]","""""","9.9","false","{breed social-friends}","0","""default""","""none""","0"
"{citizen 42}","{citizen 33}","[141 141 141 100]","""""","9.9","false","{breed social-friends}","0","""default""","""none""","0"
"{citizen 42}","{citizen 34}","[0 0 255 100]","""""","9.9","false","{breed social-friends}","0","""default""","""none""","0"
"{citizen 42}","{citizen 35}","[141 141 141 100]","""""","9.9","false","{breed social-friends}","0","""default""","""none""","0"
"{citizen 42}","{citizen 36}","[0 0 255 100]","""""","9.9","false","{breed social-friends}","0","""default""","""none""","0"
"{citizen 42}","{citizen 37}","[141 141 141 100]","""""","9.9","false","{breed social-friends}","0","""default""","""none""","0"
"{citizen 42}","{citizen 38}","[141 141 141 100]","""""","9.9","false","{breed social-friends}","0","""default""","""none""","0"
"{citizen 42}","{citizen 39}","[0 0 255 100]","""""","9.9","false","{breed social-friends}","0","""default""","""none""","0"
"{citizen 42}","{citizen 40}","[0 0 255 100]","""""","9.9","false","{breed social-friends}","0","""default""","""none""","0"
"{citizen 42}","{citizen 41}","[141 141 141 100]","""""","9.9","false","{breed social-friends}","0","""default""","""none""","0"
"{citizen 42}","{citizen 43}","[0 0 255 100]","""""","9.9","false","{breed social-friends}","0","""default""","""none""","0"
"{citizen 42}","{citizen 44}","[141 141 141 100]","""""","9.9","false","{breed social-friends}","0","""default""","""none""","0"
"{citizen 42}","{citizen 45}","[141 141 141 100]","""""","9.9","false","{breed social-friends}","0","""default""","""none""","0"
"{citizen 42}","{citizen 46}","[0 0 255 100]","""""","9.9","false","{breed social-friends}","0","""default""","""none""","0"
"{citizen 42}","{citizen 47}","[141 141 141 100]","""""","9.9","false","{breed social-friends}","0","""default""","""none""","0"
"{citizen 42}","{citizen 48}","[0 0 255 100]","""""","9.9","false","{breed social-friends}","0","""default""","""none""","0"
"{citizen 42}","{citizen 49}","[0 0 255 100]","""""","9.9","false","{breed social-friends}","0","""default""","""none""","0"
"{citizen 43}","{citizen 0}","[141 141 141 100]","""""","9.9","false","{breed social-friends}","0","""default""","""none""","0"
"{citizen 43}","{citizen 1}","[141 141 141 100]","""""","9.9","false","{breed social-friends}","0","""default""","""none""","0"
"{citizen 43}","{citizen 2}","[141 141 141 100]","""""","9.9","false","{breed social-friends}","0","""default""","""none""","0"
"{citizen 43}","{citizen 3}","[141 141 141 100]","""""","9.9","false","{breed social-friends}","0","""default""","""none""","0"
"{citizen 43}","{citizen 4}","[141 141 141 100]","""""","9.9","false","{breed social-friends}","0","""default""","""none""","0"
"{citizen 43}","{citizen 5}","[141 141 141 100]","""""","9.9","false","{breed social-friends}","0","""default""","""none""","0"
"{citizen 43}","{citizen 6}","[0 0 255 100]","""""","9.9","false","{breed social-friends}","0","""default""","""none""","0"
"{citizen 43}","{citizen 7}","[141 141 141 100]","""""","9.9","false","{breed social-friends}","0","""default""","""none""","0"
"{citizen 43}","{citizen 8}","[141 141 141 100]","""""","9.9","false","{breed social-friends}","0","""default""","""none""","0"
"{citizen 43}","{citizen 9}","[141 141 141 100]","""""","9.9","false","{breed social-friends}","0","""default""","""none""","0"
"{citizen 43}","{citizen 10}","[0 0 255 100]","""""","9.9","false","{breed social-friends}","0","""default""","""none""","0"
"{citizen 43}","{citizen 11}","[0 0 255 100]","""""","9.9","false","{breed social-friends}","0","""default""","""none""","0"
"{citizen 43}","{citizen 12}","[141 141 141 100]","""""","9.9","false","{breed social-friends}","0","""default""","""none""","0"
"{citizen 43}","{citizen 13}","[0 0 255 100]","""""","9.9","false","{breed social-friends}","0","""default""","""none""","0"
"{citizen 43}","{citizen 14}","[0 0 255 100]","""""","9.9","false","{breed social-friends}","0","""default""","""none""","0"
"{citizen 43}","{citizen 15}","[141 141 141 100]","""""","9.9","false","{breed social-friends}","0","""default""","""none""","0"
"{citizen 43}","{citizen 16}","[141 141 141 100]","""""","9.9","false","{breed social-friends}","0","""default""","""none""","0"
"{citizen 43}","{citizen 17}","[0 0 255 100]","""""","9.9","false","{breed social-friends}","0","""default""","""none""","0"
"{citizen 43}","{citizen 18}","[141 141 141 100]","""""","9.9","false","{breed social-friends}","0","""default""","""none""","0"
"{citizen 43}","{citizen 19}","[141 141 141 100]","""""","9.9","false","{breed social-friends}","0","""default""","""none""","0"
"{citizen 43}","{citizen 20}","[0 0 255 100]","""""","9.9","false","{breed social-friends}","0","""default""","""none""","0"
"{citizen 43}","{citizen 21}","[141 141 141 100]","""""","9.9","false","{breed social-friends}","0","""default""","""none""","0"
"{citizen 43}","{citizen 22}","[141 141 141 100]","""""","9.9","false","{breed social-friends}","0","""default""","""none""","0"
"{citizen 43}","{citizen 23}","[141 141 141 100]","""""","9.9","false","{breed social-friends}","0","""default""","""none""","0"
"{citizen 43}","{citizen 24}","[0 0 255 100]","""""","9.9","false","{breed social-friends}","0","""default""","""none""","0"
"{citizen 43}","{citizen 25}","[141 141 141 100]","""""","9.9","false","{breed social-friends}","0","""default""","""none""","0"
"{citizen 43}","{citizen 26}","[141 141 141 100]","""""","9.9","false","{breed social-friends}","0","""default""","""none""","0"
"{citizen 43}","{citizen 27}","[0 0 255 100]","""""","9.9","false","{breed social-friends}","0","""default""","""none""","0"
"{citizen 43}","{citizen 28}","[141 141 141 100]","""""","9.9","false","{breed social-friends}","0","""default""","""none""","0"
"{citizen 43}","{citizen 29}","[141 141 141 100]","""""","9.9","false","{breed social-friends}","0","""default""","""none""","0"
"{citizen 43}","{citizen 30}","[141 141 141 100]","""""","9.9","false","{breed social-friends}","0","""default""","""none""","0"
"{citizen 43}","{citizen 31}","[141 141 141 100]","""""","9.9","false","{breed social-friends}","0","""default""","""none""","0"
"{citizen 43}","{citizen 32}","[141 141 141 100]","""""","9.9","false","{breed social-friends}","0","""default""","""none""","0"
"{citizen 43}","{citizen 33}","[141 141 141 100]","""""","9.9","false","{breed social-friends}","0","""default""","""none""","0"
"{citizen 43}","{citizen 34}","[0 0 255 100]","""""","9.9","false","{breed social-friends}","0","""default""","""none""","0"
"{citizen 43}","{citizen 35}","[141 141 141 100]","""""","9.9","false","{breed social-friends}","0","""default""","""none""","0"
"{citizen 43}","{citizen 36}","[0 0 255 100]","""""","9.9","false","{breed social-friends}","0","""default""","""none""","0"
"{citizen 43}","{citizen 37}","[141 141 141 100]","""""","9.9","false","{breed social-friends}","0","""default""","""none""","0"
"{citizen 43}","{citizen 38}","[141 141 141 100]","""""","9.9","false","{breed social-friends}","0","""default""","""none""","0"
"{citizen 43}","{citizen 39}","[0 0 255 100]","""""","9.9","false","{breed social-friends}","0","""default""","""none""","0"
"{citizen 43}","{citizen 40}","[0 0 255 100]","""""","9.9","false","{breed social-friends}","0","""default""","""none""","0"
"{citizen 43}","{citizen 41}","[141 141 141 100]","""""","9.9","false","{breed social-friends}","0","""default""","""none""","0"
"{citizen 43}","{citizen 42}","[0 0 255 100]","""""","9.9","false","{breed social-friends}","0","""default""","""none""","0"
"{citizen 43}","{citizen 44}","[141 141 141 100]","""""","9.9","false","{breed social-friends}","0","""default""","""none""","0"
"{citizen 43}","{citizen 45}","[141 141 141 100]","""""","9.9","false","{breed social-friends}","0","""default""","""none""","0"
"{citizen 43}","{citizen 46}","[0 0 255 100]","""""","9.9","false","{breed social-friends}","0","""default""","""none""","0"
"{citizen 43}","{citizen 47}","[141 141 141 100]","""""","9.9","false","{breed social-friends}","0","""default""","""none""","0"
"{citizen 43}","{citizen 48}","[0 0 255 100]","""""","9.9","false","{breed social-friends}","0","""default""","""none""","0"
"{citizen 43}","{citizen 49}","[0 0 255 100]","""""","9.9","false","{breed social-friends}","0","""default""","""none""","0"
"{citizen 44}","{citizen 0}","[85 0 170 100]","""""","9.9","false","{breed social-friends}","0","""default""","""none""","0"
"{citizen 44}","{citizen 1}","[85 0 170 100]","""""","9.9","false","{breed social-friends}","0","""default""","""none""","0"
"{citizen 44}","{citizen 2}","[85 0 170 100]","""""","9.9","false","{breed social-friends}","0","""default""","""none""","0"
"{citizen 44}","{citizen 3}","[85 0 170 100]","""""","9.9","false","{breed social-friends}","0","""default""","""none""","0"
"{citizen 44}","{citizen 4}","[85 0 170 100]","""""","9.9","false","{breed social-friends}","0","""default""","""none""","0"
"{citizen 44}","{citizen 5}","[85 0 170 100]","""""","9.9","false","{breed social-friends}","0","""default""","""none""","0"
"{citizen 44}","{citizen 6}","[141 141 141 100]","""""","9.9","false","{breed social-friends}","0","""default""","""none""","0"
"{citizen 44}","{citizen 7}","[85 0 170 100]","""""","9.9","false","{breed social-friends}","0","""default""","""none""","0"
"{citizen 44}","{citizen 8}","[85 0 170 100]","""""","9.9","false","{breed social-friends}","0","""default""","""none""","0"
"{citizen 44}","{citizen 9}","[85 0 170 100]","""""","9.9","false","{breed social-friends}","0","""default""","""none""","0"
"{citizen 44}","{citizen 10}","[141 141 141 100]","""""","9.9","false","{breed social-friends}","0","""default""","""none""","0"
"{citizen 44}","{citizen 11}","[141 141 141 100]","""""","9.9","false","{breed social-friends}","0","""default""","""none""","0"
"{citizen 44}","{citizen 12}","[85 0 170 100]","""""","9.9","false","{breed social-friends}","0","""default""","""none""","0"
"{citizen 44}","{citizen 13}","[141 141 141 100]","""""","9.9","false","{breed social-friends}","0","""default""","""none""","0"
"{citizen 44}","{citizen 14}","[141 141 141 100]","""""","9.9","false","{breed social-friends}","0","""default""","""none""","0"
"{citizen 44}","{citizen 15}","[85 0 170 100]","""""","9.9","false","{breed social-friends}","0","""default""","""none""","0"
"{citizen 44}","{citizen 16}","[85 0 170 100]","""""","9.9","false","{breed social-friends}","0","""default""","""none""","0"
"{citizen 44}","{citizen 17}","[141 141 141 100]","""""","9.9","false","{breed social-friends}","0","""default""","""none""","0"
"{citizen 44}","{citizen 18}","[85 0 170 100]","""""","9.9","false","{breed social-friends}","0","""default""","""none""","0"
"{citizen 44}","{citizen 19}","[85 0 170 100]","""""","9.9","false","{breed social-friends}","0","""default""","""none""","0"
"{citizen 44}","{citizen 20}","[141 141 141 100]","""""","9.9","false","{breed social-friends}","0","""default""","""none""","0"
"{citizen 44}","{citizen 21}","[85 0 170 100]","""""","9.9","false","{breed social-friends}","0","""default""","""none""","0"
"{citizen 44}","{citizen 22}","[85 0 170 100]","""""","9.9","false","{breed social-friends}","0","""default""","""none""","0"
"{citizen 44}","{citizen 23}","[85 0 170 100]","""""","9.9","false","{breed social-friends}","0","""default""","""none""","0"
"{citizen 44}","{citizen 24}","[141 141 141 100]","""""","9.9","false","{breed social-friends}","0","""default""","""none""","0"
"{citizen 44}","{citizen 25}","[85 0 170 100]","""""","9.9","false","{breed social-friends}","0","""default""","""none""","0"
"{citizen 44}","{citizen 26}","[85 0 170 100]","""""","9.9","false","{breed social-friends}","0","""default""","""none""","0"
"{citizen 44}","{citizen 27}","[141 141 141 100]","""""","9.9","false","{breed social-friends}","0","""default""","""none""","0"
"{citizen 44}","{citizen 28}","[85 0 170 100]","""""","9.9","false","{breed social-friends}","0","""default""","""none""","0"
"{citizen 44}","{citizen 29}","[85 0 170 100]","""""","9.9","false","{breed social-friends}","0","""default""","""none""","0"
"{citizen 44}","{citizen 30}","[85 0 170 100]","""""","9.9","false","{breed social-friends}","0","""default""","""none""","0"
"{citizen 44}","{citizen 31}","[85 0 170 100]","""""","9.9","false","{breed social-friends}","0","""default""","""none""","0"
"{citizen 44}","{citizen 32}","[85 0 170 100]","""""","9.9","false","{breed social-friends}","0","""default""","""none""","0"
"{citizen 44}","{citizen 33}","[85 0 170 100]","""""","9.9","false","{breed social-friends}","0","""default""","""none""","0"
"{citizen 44}","{citizen 34}","[141 141 141 100]","""""","9.9","false","{breed social-friends}","0","""default""","""none""","0"
"{citizen 44}","{citizen 35}","[85 0 170 100]","""""","9.9","false","{breed social-friends}","0","""default""","""none""","0"
"{citizen 44}","{citizen 36}","[141 141 141 100]","""""","9.9","false","{breed social-friends}","0","""default""","""none""","0"
"{citizen 44}","{citizen 37}","[85 0 170 100]","""""","9.9","false","{breed social-friends}","0","""default""","""none""","0"
"{citizen 44}","{citizen 38}","[85 0 170 100]","""""","9.9","false","{breed social-friends}","0","""default""","""none""","0"
"{citizen 44}","{citizen 39}","[141 141 141 100]","""""","9.9","false","{breed social-friends}","0","""default""","""none""","0"
"{citizen 44}","{citizen 40}","[141 141 141 100]","""""","9.9","false","{breed social-friends}","0","""default""","""none""","0"
"{citizen 44}","{citizen 41}","[85 0 170 100]","""""","9.9","false","{breed social-friends}","0","""default""","""none""","0"
"{citizen 44}","{citizen 42}","[141 141 141 100]","""""","9.9","false","{breed social-friends}","0","""default""","""none""","0"
"{citizen 44}","{citizen 43}","[141 141 141 100]","""""","9.9","false","{breed social-friends}","0","""default""","""none""","0"
"{citizen 44}","{citizen 45}","[85 0 170 100]","""""","9.9","false","{breed social-friends}","0","""default""","""none""","0"
"{citizen 44}","{citizen 46}","[141 141 141 100]","""""","9.9","false","{breed social-friends}","0","""default""","""none""","0"
"{citizen 44}","{citizen 47}","[85 0 170 100]","""""","9.9","false","{breed social-friends}","0","""default""","""none""","0"
"{citizen 44}","{citizen 48}","[141 141 141 100]","""""","9.9","false","{breed social-friends}","0","""default""","""none""","0"
"{citizen 44}","{citizen 49}","[141 141 141 100]","""""","9.9","false","{breed social-friends}","0","""default""","""none""","0"
"{citizen 45}","{citizen 0}","[85 0 170 100]","""""","9.9","false","{breed social-friends}","0","""default""","""none""","0"
"{citizen 45}","{citizen 1}","[85 0 170 100]","""""","9.9","false","{breed social-friends}","0","""default""","""none""","0"
"{citizen 45}","{citizen 2}","[85 0 170 100]","""""","9.9","false","{breed social-friends}","0","""default""","""none""","0"
"{citizen 45}","{citizen 3}","[85 0 170 100]","""""","9.9","false","{breed social-friends}","0","""default""","""none""","0"
"{citizen 45}","{citizen 4}","[85 0 170 100]","""""","9.9","false","{breed social-friends}","0","""default""","""none""","0"
"{citizen 45}","{citizen 5}","[85 0 170 100]","""""","9.9","false","{breed social-friends}","0","""default""","""none""","0"
"{citizen 45}","{citizen 6}","[141 141 141 100]","""""","9.9","false","{breed social-friends}","0","""default""","""none""","0"
"{citizen 45}","{citizen 7}","[85 0 170 100]","""""","9.9","false","{breed social-friends}","0","""default""","""none""","0"
"{citizen 45}","{citizen 8}","[85 0 170 100]","""""","9.9","false","{breed social-friends}","0","""default""","""none""","0"
"{citizen 45}","{citizen 9}","[85 0 170 100]","""""","9.9","false","{breed social-friends}","0","""default""","""none""","0"
"{citizen 45}","{citizen 10}","[141 141 141 100]","""""","9.9","false","{breed social-friends}","0","""default""","""none""","0"
"{citizen 45}","{citizen 11}","[141 141 141 100]","""""","9.9","false","{breed social-friends}","0","""default""","""none""","0"
"{citizen 45}","{citizen 12}","[85 0 170 100]","""""","9.9","false","{breed social-friends}","0","""default""","""none""","0"
"{citizen 45}","{citizen 13}","[141 141 141 100]","""""","9.9","false","{breed social-friends}","0","""default""","""none""","0"
"{citizen 45}","{citizen 14}","[141 141 141 100]","""""","9.9","false","{breed social-friends}","0","""default""","""none""","0"
"{citizen 45}","{citizen 15}","[85 0 170 100]","""""","9.9","false","{breed social-friends}","0","""default""","""none""","0"
"{citizen 45}","{citizen 16}","[85 0 170 100]","""""","9.9","false","{breed social-friends}","0","""default""","""none""","0"
"{citizen 45}","{citizen 17}","[141 141 141 100]","""""","9.9","false","{breed social-friends}","0","""default""","""none""","0"
"{citizen 45}","{citizen 18}","[85 0 170 100]","""""","9.9","false","{breed social-friends}","0","""default""","""none""","0"
"{citizen 45}","{citizen 19}","[85 0 170 100]","""""","9.9","false","{breed social-friends}","0","""default""","""none""","0"
"{citizen 45}","{citizen 20}","[141 141 141 100]","""""","9.9","false","{breed social-friends}","0","""default""","""none""","0"
"{citizen 45}","{citizen 21}","[85 0 170 100]","""""","9.9","false","{breed social-friends}","0","""default""","""none""","0"
"{citizen 45}","{citizen 22}","[85 0 170 100]","""""","9.9","false","{breed social-friends}","0","""default""","""none""","0"
"{citizen 45}","{citizen 23}","[85 0 170 100]","""""","9.9","false","{breed social-friends}","0","""default""","""none""","0"
"{citizen 45}","{citizen 24}","[141 141 141 100]","""""","9.9","false","{breed social-friends}","0","""default""","""none""","0"
"{citizen 45}","{citizen 25}","[85 0 170 100]","""""","9.9","false","{breed social-friends}","0","""default""","""none""","0"
"{citizen 45}","{citizen 26}","[85 0 170 100]","""""","9.9","false","{breed social-friends}","0","""default""","""none""","0"
"{citizen 45}","{citizen 27}","[141 141 141 100]","""""","9.9","false","{breed social-friends}","0","""default""","""none""","0"
"{citizen 45}","{citizen 28}","[85 0 170 100]","""""","9.9","false","{breed social-friends}","0","""default""","""none""","0"
"{citizen 45}","{citizen 29}","[85 0 170 100]","""""","9.9","false","{breed social-friends}","0","""default""","""none""","0"
"{citizen 45}","{citizen 30}","[85 0 170 100]","""""","9.9","false","{breed social-friends}","0","""default""","""none""","0"
"{citizen 45}","{citizen 31}","[85 0 170 100]","""""","9.9","false","{breed social-friends}","0","""default""","""none""","0"
"{citizen 45}","{citizen 32}","[85 0 170 100]","""""","9.9","false","{breed social-friends}","0","""default""","""none""","0"
"{citizen 45}","{citizen 33}","[85 0 170 100]","""""","9.9","false","{breed social-friends}","0","""default""","""none""","0"
"{citizen 45}","{citizen 34}","[141 141 141 100]","""""","9.9","false","{breed social-friends}","0","""default""","""none""","0"
"{citizen 45}","{citizen 35}","[85 0 170 100]","""""","9.9","false","{breed social-friends}","0","""default""","""none""","0"
"{citizen 45}","{citizen 36}","[141 141 141 100]","""""","9.9","false","{breed social-friends}","0","""default""","""none""","0"
"{citizen 45}","{citizen 37}","[85 0 170 100]","""""","9.9","false","{breed social-friends}","0","""default""","""none""","0"
"{citizen 45}","{citizen 38}","[85 0 170 100]","""""","9.9","false","{breed social-friends}","0","""default""","""none""","0"
"{citizen 45}","{citizen 39}","[141 141 141 100]","""""","9.9","false","{breed social-friends}","0","""default""","""none""","0"
"{citizen 45}","{citizen 40}","[141 141 141 100]","""""","9.9","false","{breed social-friends}","0","""default""","""none""","0"
"{citizen 45}","{citizen 41}","[85 0 170 100]","""""","9.9","false","{breed social-friends}","0","""default""","""none""","0"
"{citizen 45}","{citizen 42}","[141 141 141 100]","""""","9.9","false","{breed social-friends}","0","""default""","""none""","0"
"{citizen 45}","{citizen 43}","[141 141 141 100]","""""","9.9","false","{breed social-friends}","0","""default""","""none""","0"
"{citizen 45}","{citizen 44}","[85 0 170 100]","""""","9.9","false","{breed social-friends}","0","""default""","""none""","0"
"{citizen 45}","{citizen 46}","[141 141 141 100]","""""","9.9","false","{breed social-friends}","0","""default""","""none""","0"
"{citizen 45}","{citizen 47}","[85 0 170 100]","""""","9.9","false","{breed social-friends}","0","""default""","""none""","0"
"{citizen 45}","{citizen 48}","[141 141 141 100]","""""","9.9","false","{breed social-friends}","0","""default""","""none""","0"
"{citizen 45}","{citizen 49}","[141 141 141 100]","""""","9.9","false","{breed social-friends}","0","""default""","""none""","0"
"{citizen 46}","{citizen 0}","[141 141 141 100]","""""","9.9","false","{breed social-friends}","0","""default""","""none""","0"
"{citizen 46}","{citizen 1}","[141 141 141 100]","""""","9.9","false","{breed social-friends}","0","""default""","""none""","0"
"{citizen 46}","{citizen 2}","[141 141 141 100]","""""","9.9","false","{breed social-friends}","0","""default""","""none""","0"
"{citizen 46}","{citizen 3}","[141 141 141 100]","""""","9.9","false","{breed social-friends}","0","""default""","""none""","0"
"{citizen 46}","{citizen 4}","[141 141 141 100]","""""","9.9","false","{breed social-friends}","0","""default""","""none""","0"
"{citizen 46}","{citizen 5}","[141 141 141 100]","""""","9.9","false","{breed social-friends}","0","""default""","""none""","0"
"{citizen 46}","{citizen 6}","[0 0 255 100]","""""","9.9","false","{breed social-friends}","0","""default""","""none""","0"
"{citizen 46}","{citizen 7}","[141 141 141 100]","""""","9.9","false","{breed social-friends}","0","""default""","""none""","0"
"{citizen 46}","{citizen 8}","[141 141 141 100]","""""","9.9","false","{breed social-friends}","0","""default""","""none""","0"
"{citizen 46}","{citizen 9}","[141 141 141 100]","""""","9.9","false","{breed social-friends}","0","""default""","""none""","0"
"{citizen 46}","{citizen 10}","[0 0 255 100]","""""","9.9","false","{breed social-friends}","0","""default""","""none""","0"
"{citizen 46}","{citizen 11}","[0 0 255 100]","""""","9.9","false","{breed social-friends}","0","""default""","""none""","0"
"{citizen 46}","{citizen 12}","[141 141 141 100]","""""","9.9","false","{breed social-friends}","0","""default""","""none""","0"
"{citizen 46}","{citizen 13}","[0 0 255 100]","""""","9.9","false","{breed social-friends}","0","""default""","""none""","0"
"{citizen 46}","{citizen 14}","[0 0 255 100]","""""","9.9","false","{breed social-friends}","0","""default""","""none""","0"
"{citizen 46}","{citizen 15}","[141 141 141 100]","""""","9.9","false","{breed social-friends}","0","""default""","""none""","0"
"{citizen 46}","{citizen 16}","[141 141 141 100]","""""","9.9","false","{breed social-friends}","0","""default""","""none""","0"
"{citizen 46}","{citizen 17}","[0 0 255 100]","""""","9.9","false","{breed social-friends}","0","""default""","""none""","0"
"{citizen 46}","{citizen 18}","[141 141 141 100]","""""","9.9","false","{breed social-friends}","0","""default""","""none""","0"
"{citizen 46}","{citizen 19}","[141 141 141 100]","""""","9.9","false","{breed social-friends}","0","""default""","""none""","0"
"{citizen 46}","{citizen 20}","[0 0 255 100]","""""","9.9","false","{breed social-friends}","0","""default""","""none""","0"
"{citizen 46}","{citizen 21}","[141 141 141 100]","""""","9.9","false","{breed social-friends}","0","""default""","""none""","0"
"{citizen 46}","{citizen 22}","[141 141 141 100]","""""","9.9","false","{breed social-friends}","0","""default""","""none""","0"
"{citizen 46}","{citizen 23}","[141 141 141 100]","""""","9.9","false","{breed social-friends}","0","""default""","""none""","0"
"{citizen 46}","{citizen 24}","[0 0 255 100]","""""","9.9","false","{breed social-friends}","0","""default""","""none""","0"
"{citizen 46}","{citizen 25}","[141 141 141 100]","""""","9.9","false","{breed social-friends}","0","""default""","""none""","0"
"{citizen 46}","{citizen 26}","[141 141 141 100]","""""","9.9","false","{breed social-friends}","0","""default""","""none""","0"
"{citizen 46}","{citizen 27}","[0 0 255 100]","""""","9.9","false","{breed social-friends}","0","""default""","""none""","0"
"{citizen 46}","{citizen 28}","[141 141 141 100]","""""","9.9","false","{breed social-friends}","0","""default""","""none""","0"
"{citizen 46}","{citizen 29}","[141 141 141 100]","""""","9.9","false","{breed social-friends}","0","""default""","""none""","0"
"{citizen 46}","{citizen 30}","[141 141 141 100]","""""","9.9","false","{breed social-friends}","0","""default""","""none""","0"
"{citizen 46}","{citizen 31}","[141 141 141 100]","""""","9.9","false","{breed social-friends}","0","""default""","""none""","0"
"{citizen 46}","{citizen 32}","[141 141 141 100]","""""","9.9","false","{breed social-friends}","0","""default""","""none""","0"
"{citizen 46}","{citizen 33}","[141 141 141 100]","""""","9.9","false","{breed social-friends}","0","""default""","""none""","0"
"{citizen 46}","{citizen 34}","[0 0 255 100]","""""","9.9","false","{breed social-friends}","0","""default""","""none""","0"
"{citizen 46}","{citizen 35}","[141 141 141 100]","""""","9.9","false","{breed social-friends}","0","""default""","""none""","0"
"{citizen 46}","{citizen 36}","[0 0 255 100]","""""","9.9","false","{breed social-friends}","0","""default""","""none""","0"
"{citizen 46}","{citizen 37}","[141 141 141 100]","""""","9.9","false","{breed social-friends}","0","""default""","""none""","0"
"{citizen 46}","{citizen 38}","[141 141 141 100]","""""","9.9","false","{breed social-friends}","0","""default""","""none""","0"
"{citizen 46}","{citizen 39}","[0 0 255 100]","""""","9.9","false","{breed social-friends}","0","""default""","""none""","0"
"{citizen 46}","{citizen 40}","[0 0 255 100]","""""","9.9","false","{breed social-friends}","0","""default""","""none""","0"
"{citizen 46}","{citizen 41}","[141 141 141 100]","""""","9.9","false","{breed social-friends}","0","""default""","""none""","0"
"{citizen 46}","{citizen 42}","[0 0 255 100]","""""","9.9","false","{breed social-friends}","0","""default""","""none""","0"
"{citizen 46}","{citizen 43}","[0 0 255 100]","""""","9.9","false","{breed social-friends}","0","""default""","""none""","0"
"{citizen 46}","{citizen 44}","[141 141 141 100]","""""","9.9","false","{breed social-friends}","0","""default""","""none""","0"
"{citizen 46}","{citizen 45}","[141 141 141 100]","""""","9.9","false","{breed social-friends}","0","""default""","""none""","0"
"{citizen 46}","{citizen 47}","[141 141 141 100]","""""","9.9","false","{breed social-friends}","0","""default""","""none""","0"
"{citizen 46}","{citizen 48}","[0 0 255 100]","""""","9.9","false","{breed social-friends}","0","""default""","""none""","0"
"{citizen 46}","{citizen 49}","[0 0 255 100]","""""","9.9","false","{breed social-friends}","0","""default""","""none""","0"
"{citizen 47}","{citizen 0}","[85 0 170 100]","""""","9.9","false","{breed social-friends}","0","""default""","""none""","0"
"{citizen 47}","{citizen 1}","[85 0 170 100]","""""","9.9","false","{breed social-friends}","0","""default""","""none""","0"
"{citizen 47}","{citizen 2}","[85 0 170 100]","""""","9.9","false","{breed social-friends}","0","""default""","""none""","0"
"{citizen 47}","{citizen 3}","[85 0 170 100]","""""","9.9","false","{breed social-friends}","0","""default""","""none""","0"
"{citizen 47}","{citizen 4}","[85 0 170 100]","""""","9.9","false","{breed social-friends}","0","""default""","""none""","0"
"{citizen 47}","{citizen 5}","[85 0 170 100]","""""","9.9","false","{breed social-friends}","0","""default""","""none""","0"
"{citizen 47}","{citizen 6}","[141 141 141 100]","""""","9.9","false","{breed social-friends}","0","""default""","""none""","0"
"{citizen 47}","{citizen 7}","[85 0 170 100]","""""","9.9","false","{breed social-friends}","0","""default""","""none""","0"
"{citizen 47}","{citizen 8}","[85 0 170 100]","""""","9.9","false","{breed social-friends}","0","""default""","""none""","0"
"{citizen 47}","{citizen 9}","[85 0 170 100]","""""","9.9","false","{breed social-friends}","0","""default""","""none""","0"
"{citizen 47}","{citizen 10}","[141 141 141 100]","""""","9.9","false","{breed social-friends}","0","""default""","""none""","0"
"{citizen 47}","{citizen 11}","[141 141 141 100]","""""","9.9","false","{breed social-friends}","0","""default""","""none""","0"
"{citizen 47}","{citizen 12}","[85 0 170 100]","""""","9.9","false","{breed social-friends}","0","""default""","""none""","0"
"{citizen 47}","{citizen 13}","[141 141 141 100]","""""","9.9","false","{breed social-friends}","0","""default""","""none""","0"
"{citizen 47}","{citizen 14}","[141 141 141 100]","""""","9.9","false","{breed social-friends}","0","""default""","""none""","0"
"{citizen 47}","{citizen 15}","[85 0 170 100]","""""","9.9","false","{breed social-friends}","0","""default""","""none""","0"
"{citizen 47}","{citizen 16}","[85 0 170 100]","""""","9.9","false","{breed social-friends}","0","""default""","""none""","0"
"{citizen 47}","{citizen 17}","[141 141 141 100]","""""","9.9","false","{breed social-friends}","0","""default""","""none""","0"
"{citizen 47}","{citizen 18}","[85 0 170 100]","""""","9.9","false","{breed social-friends}","0","""default""","""none""","0"
"{citizen 47}","{citizen 19}","[85 0 170 100]","""""","9.9","false","{breed social-friends}","0","""default""","""none""","0"
"{citizen 47}","{citizen 20}","[141 141 141 100]","""""","9.9","false","{breed social-friends}","0","""default""","""none""","0"
"{citizen 47}","{citizen 21}","[85 0 170 100]","""""","9.9","false","{breed social-friends}","0","""default""","""none""","0"
"{citizen 47}","{citizen 22}","[85 0 170 100]","""""","9.9","false","{breed social-friends}","0","""default""","""none""","0"
"{citizen 47}","{citizen 23}","[85 0 170 100]","""""","9.9","false","{breed social-friends}","0","""default""","""none""","0"
"{citizen 47}","{citizen 24}","[141 141 141 100]","""""","9.9","false","{breed social-friends}","0","""default""","""none""","0"
"{citizen 47}","{citizen 25}","[85 0 170 100]","""""","9.9","false","{breed social-friends}","0","""default""","""none""","0"
"{citizen 47}","{citizen 26}","[85 0 170 100]","""""","9.9","false","{breed social-friends}","0","""default""","""none""","0"
"{citizen 47}","{citizen 27}","[141 141 141 100]","""""","9.9","false","{breed social-friends}","0","""default""","""none""","0"
"{citizen 47}","{citizen 28}","[85 0 170 100]","""""","9.9","false","{breed social-friends}","0","""default""","""none""","0"
"{citizen 47}","{citizen 29}","[85 0 170 100]","""""","9.9","false","{breed social-friends}","0","""default""","""none""","0"
"{citizen 47}","{citizen 30}","[85 0 170 100]","""""","9.9","false","{breed social-friends}","0","""default""","""none""","0"
"{citizen 47}","{citizen 31}","[85 0 170 100]","""""","9.9","false","{breed social-friends}","0","""default""","""none""","0"
"{citizen 47}","{citizen 32}","[85 0 170 100]","""""","9.9","false","{breed social-friends}","0","""default""","""none""","0"
"{citizen 47}","{citizen 33}","[85 0 170 100]","""""","9.9","false","{breed social-friends}","0","""default""","""none""","0"
"{citizen 47}","{citizen 34}","[141 141 141 100]","""""","9.9","false","{breed social-friends}","0","""default""","""none""","0"
"{citizen 47}","{citizen 35}","[85 0 170 100]","""""","9.9","false","{breed social-friends}","0","""default""","""none""","0"
"{citizen 47}","{citizen 36}","[141 141 141 100]","""""","9.9","false","{breed social-friends}","0","""default""","""none""","0"
"{citizen 47}","{citizen 37}","[85 0 170 100]","""""","9.9","false","{breed social-friends}","0","""default""","""none""","0"
"{citizen 47}","{citizen 38}","[85 0 170 100]","""""","9.9","false","{breed social-friends}","0","""default""","""none""","0"
"{citizen 47}","{citizen 39}","[141 141 141 100]","""""","9.9","false","{breed social-friends}","0","""default""","""none""","0"
"{citizen 47}","{citizen 40}","[141 141 141 100]","""""","9.9","false","{breed social-friends}","0","""default""","""none""","0"
"{citizen 47}","{citizen 41}","[85 0 170 100]","""""","9.9","false","{breed social-friends}","0","""default""","""none""","0"
"{citizen 47}","{citizen 42}","[141 141 141 100]","""""","9.9","false","{breed social-friends}","0","""default""","""none""","0"
"{citizen 47}","{citizen 43}","[141 141 141 100]","""""","9.9","false","{breed social-friends}","0","""default""","""none""","0"
"{citizen 47}","{citizen 44}","[85 0 170 100]","""""","9.9","false","{breed social-friends}","0","""default""","""none""","0"
"{citizen 47}","{citizen 45}","[85 0 170 100]","""""","9.9","false","{breed social-friends}","0","""default""","""none""","0"
"{citizen 47}","{citizen 46}","[141 141 141 100]","""""","9.9","false","{breed social-friends}","0","""default""","""none""","0"
"{citizen 47}","{citizen 48}","[141 141 141 100]","""""","9.9","false","{breed social-friends}","0","""default""","""none""","0"
"{citizen 47}","{citizen 49}","[141 141 141 100]","""""","9.9","false","{breed social-friends}","0","""default""","""none""","0"
"{citizen 48}","{citizen 0}","[141 141 141 100]","""""","9.9","false","{breed social-friends}","0","""default""","""none""","0"
"{citizen 48}","{citizen 1}","[141 141 141 100]","""""","9.9","false","{breed social-friends}","0","""default""","""none""","0"
"{citizen 48}","{citizen 2}","[141 141 141 100]","""""","9.9","false","{breed social-friends}","0","""default""","""none""","0"
"{citizen 48}","{citizen 3}","[141 141 141 100]","""""","9.9","false","{breed social-friends}","0","""default""","""none""","0"
"{citizen 48}","{citizen 4}","[141 141 141 100]","""""","9.9","false","{breed social-friends}","0","""default""","""none""","0"
"{citizen 48}","{citizen 5}","[141 141 141 100]","""""","9.9","false","{breed social-friends}","0","""default""","""none""","0"
"{citizen 48}","{citizen 6}","[0 0 255 100]","""""","9.9","false","{breed social-friends}","0","""default""","""none""","0"
"{citizen 48}","{citizen 7}","[141 141 141 100]","""""","9.9","false","{breed social-friends}","0","""default""","""none""","0"
"{citizen 48}","{citizen 8}","[141 141 141 100]","""""","9.9","false","{breed social-friends}","0","""default""","""none""","0"
"{citizen 48}","{citizen 9}","[141 141 141 100]","""""","9.9","false","{breed social-friends}","0","""default""","""none""","0"
"{citizen 48}","{citizen 10}","[0 0 255 100]","""""","9.9","false","{breed social-friends}","0","""default""","""none""","0"
"{citizen 48}","{citizen 11}","[0 0 255 100]","""""","9.9","false","{breed social-friends}","0","""default""","""none""","0"
"{citizen 48}","{citizen 12}","[141 141 141 100]","""""","9.9","false","{breed social-friends}","0","""default""","""none""","0"
"{citizen 48}","{citizen 13}","[0 0 255 100]","""""","9.9","false","{breed social-friends}","0","""default""","""none""","0"
"{citizen 48}","{citizen 14}","[0 0 255 100]","""""","9.9","false","{breed social-friends}","0","""default""","""none""","0"
"{citizen 48}","{citizen 15}","[141 141 141 100]","""""","9.9","false","{breed social-friends}","0","""default""","""none""","0"
"{citizen 48}","{citizen 16}","[141 141 141 100]","""""","9.9","false","{breed social-friends}","0","""default""","""none""","0"
"{citizen 48}","{citizen 17}","[0 0 255 100]","""""","9.9","false","{breed social-friends}","0","""default""","""none""","0"
"{citizen 48}","{citizen 18}","[141 141 141 100]","""""","9.9","false","{breed social-friends}","0","""default""","""none""","0"
"{citizen 48}","{citizen 19}","[141 141 141 100]","""""","9.9","false","{breed social-friends}","0","""default""","""none""","0"
"{citizen 48}","{citizen 20}","[0 0 255 100]","""""","9.9","false","{breed social-friends}","0","""default""","""none""","0"
"{citizen 48}","{citizen 21}","[141 141 141 100]","""""","9.9","false","{breed social-friends}","0","""default""","""none""","0"
"{citizen 48}","{citizen 22}","[141 141 141 100]","""""","9.9","false","{breed social-friends}","0","""default""","""none""","0"
"{citizen 48}","{citizen 23}","[141 141 141 100]","""""","9.9","false","{breed social-friends}","0","""default""","""none""","0"
"{citizen 48}","{citizen 24}","[0 0 255 100]","""""","9.9","false","{breed social-friends}","0","""default""","""none""","0"
"{citizen 48}","{citizen 25}","[141 141 141 100]","""""","9.9","false","{breed social-friends}","0","""default""","""none""","0"
"{citizen 48}","{citizen 26}","[141 141 141 100]","""""","9.9","false","{breed social-friends}","0","""default""","""none""","0"
"{citizen 48}","{citizen 27}","[0 0 255 100]","""""","9.9","false","{breed social-friends}","0","""default""","""none""","0"
"{citizen 48}","{citizen 28}","[141 141 141 100]","""""","9.9","false","{breed social-friends}","0","""default""","""none""","0"
"{citizen 48}","{citizen 29}","[141 141 141 100]","""""","9.9","false","{breed social-friends}","0","""default""","""none""","0"
"{citizen 48}","{citizen 30}","[141 141 141 100]","""""","9.9","false","{breed social-friends}","0","""default""","""none""","0"
"{citizen 48}","{citizen 31}","[141 141 141 100]","""""","9.9","false","{breed social-friends}","0","""default""","""none""","0"
"{citizen 48}","{citizen 32}","[141 141 141 100]","""""","9.9","false","{breed social-friends}","0","""default""","""none""","0"
"{citizen 48}","{citizen 33}","[141 141 141 100]","""""","9.9","false","{breed social-friends}","0","""default""","""none""","0"
"{citizen 48}","{citizen 34}","[0 0 255 100]","""""","9.9","false","{breed social-friends}","0","""default""","""none""","0"
"{citizen 48}","{citizen 35}","[141 141 141 100]","""""","9.9","false","{breed social-friends}","0","""default""","""none""","0"
"{citizen 48}","{citizen 36}","[0 0 255 100]","""""","9.9","false","{breed social-friends}","0","""default""","""none""","0"
"{citizen 48}","{citizen 37}","[141 141 141 100]","""""","9.9","false","{breed social-friends}","0","""default""","""none""","0"
"{citizen 48}","{citizen 38}","[141 141 141 100]","""""","9.9","false","{breed social-friends}","0","""default""","""none""","0"
"{citizen 48}","{citizen 39}","[0 0 255 100]","""""","9.9","false","{breed social-friends}","0","""default""","""none""","0"
"{citizen 48}","{citizen 40}","[0 0 255 100]","""""","9.9","false","{breed social-friends}","0","""default""","""none""","0"
"{citizen 48}","{citizen 41}","[141 141 141 100]","""""","9.9","false","{breed social-friends}","0","""default""","""none""","0"
"{citizen 48}","{citizen 42}","[0 0 255 100]","""""","9.9","false","{breed social-friends}","0","""default""","""none""","0"
"{citizen 48}","{citizen 43}","[0 0 255 100]","""""","9.9","false","{breed social-friends}","0","""default""","""none""","0"
"{citizen 48}","{citizen 44}","[141 141 141 100]","""""","9.9","false","{breed social-friends}","0","""default""","""none""","0"
"{citizen 48}","{citizen 45}","[141 141 141 100]","""""","9.9","false","{breed social-friends}","0","""default""","""none""","0"
"{citizen 48}","{citizen 46}","[0 0 255 100]","""""","9.9","false","{breed social-friends}","0","""default""","""none""","0"
"{citizen 48}","{citizen 47}","[141 141 141 100]","""""","9.9","false","{breed social-friends}","0","""default""","""none""","0"
"{citizen 48}","{citizen 49}","[0 0 255 100]","""""","9.9","false","{breed social-friends}","0","""default""","""none""","0"
"{citizen 49}","{citizen 0}","[141 141 141 100]","""""","9.9","false","{breed social-friends}","0","""default""","""none""","0"
"{citizen 49}","{citizen 1}","[141 141 141 100]","""""","9.9","false","{breed social-friends}","0","""default""","""none""","0"
"{citizen 49}","{citizen 2}","[141 141 141 100]","""""","9.9","false","{breed social-friends}","0","""default""","""none""","0"
"{citizen 49}","{citizen 3}","[141 141 141 100]","""""","9.9","false","{breed social-friends}","0","""default""","""none""","0"
"{citizen 49}","{citizen 4}","[141 141 141 100]","""""","9.9","false","{breed social-friends}","0","""default""","""none""","0"
"{citizen 49}","{citizen 5}","[141 141 141 100]","""""","9.9","false","{breed social-friends}","0","""default""","""none""","0"
"{citizen 49}","{citizen 6}","[0 0 255 100]","""""","9.9","false","{breed social-friends}","0","""default""","""none""","0"
"{citizen 49}","{citizen 7}","[141 141 141 100]","""""","9.9","false","{breed social-friends}","0","""default""","""none""","0"
"{citizen 49}","{citizen 8}","[141 141 141 100]","""""","9.9","false","{breed social-friends}","0","""default""","""none""","0"
"{citizen 49}","{citizen 9}","[141 141 141 100]","""""","9.9","false","{breed social-friends}","0","""default""","""none""","0"
"{citizen 49}","{citizen 10}","[0 0 255 100]","""""","9.9","false","{breed social-friends}","0","""default""","""none""","0"
"{citizen 49}","{citizen 11}","[0 0 255 100]","""""","9.9","false","{breed social-friends}","0","""default""","""none""","0"
"{citizen 49}","{citizen 12}","[141 141 141 100]","""""","9.9","false","{breed social-friends}","0","""default""","""none""","0"
"{citizen 49}","{citizen 13}","[0 0 255 100]","""""","9.9","false","{breed social-friends}","0","""default""","""none""","0"
"{citizen 49}","{citizen 14}","[0 0 255 100]","""""","9.9","false","{breed social-friends}","0","""default""","""none""","0"
"{citizen 49}","{citizen 15}","[141 141 141 100]","""""","9.9","false","{breed social-friends}","0","""default""","""none""","0"
"{citizen 49}","{citizen 16}","[141 141 141 100]","""""","9.9","false","{breed social-friends}","0","""default""","""none""","0"
"{citizen 49}","{citizen 17}","[0 0 255 100]","""""","9.9","false","{breed social-friends}","0","""default""","""none""","0"
"{citizen 49}","{citizen 18}","[141 141 141 100]","""""","9.9","false","{breed social-friends}","0","""default""","""none""","0"
"{citizen 49}","{citizen 19}","[141 141 141 100]","""""","9.9","false","{breed social-friends}","0","""default""","""none""","0"
"{citizen 49}","{citizen 20}","[0 0 255 100]","""""","9.9","false","{breed social-friends}","0","""default""","""none""","0"
"{citizen 49}","{citizen 21}","[141 141 141 100]","""""","9.9","false","{breed social-friends}","0","""default""","""none""","0"
"{citizen 49}","{citizen 22}","[141 141 141 100]","""""","9.9","false","{breed social-friends}","0","""default""","""none""","0"
"{citizen 49}","{citizen 23}","[141 141 141 100]","""""","9.9","false","{breed social-friends}","0","""default""","""none""","0"
"{citizen 49}","{citizen 24}","[0 0 255 100]","""""","9.9","false","{breed social-friends}","0","""default""","""none""","0"
"{citizen 49}","{citizen 25}","[141 141 141 100]","""""","9.9","false","{breed social-friends}","0","""default""","""none""","0"
"{citizen 49}","{citizen 26}","[141 141 141 100]","""""","9.9","false","{breed social-friends}","0","""default""","""none""","0"
"{citizen 49}","{citizen 27}","[0 0 255 100]","""""","9.9","false","{breed social-friends}","0","""default""","""none""","0"
"{citizen 49}","{citizen 28}","[141 141 141 100]","""""","9.9","false","{breed social-friends}","0","""default""","""none""","0"
"{citizen 49}","{citizen 29}","[141 141 141 100]","""""","9.9","false","{breed social-friends}","0","""default""","""none""","0"
"{citizen 49}","{citizen 30}","[141 141 141 100]","""""","9.9","false","{breed social-friends}","0","""default""","""none""","0"
"{citizen 49}","{citizen 31}","[141 141 141 100]","""""","9.9","false","{breed social-friends}","0","""default""","""none""","0"
"{citizen 49}","{citizen 32}","[141 141 141 100]","""""","9.9","false","{breed social-friends}","0","""default""","""none""","0"
"{citizen 49}","{citizen 33}","[141 141 141 100]","""""","9.9","false","{breed social-friends}","0","""default""","""none""","0"
"{citizen 49}","{citizen 34}","[0 0 255 100]","""""","9.9","false","{breed social-friends}","0","""default""","""none""","0"
"{citizen 49}","{citizen 35}","[141 141 141 100]","""""","9.9","false","{breed social-friends}","0","""default""","""none""","0"
"{citizen 49}","{citizen 36}","[0 0 255 100]","""""","9.9","false","{breed social-friends}","0","""default""","""none""","0"
"{citizen 49}","{citizen 37}","[141 141 141 100]","""""","9.9","false","{breed social-friends}","0","""default""","""none""","0"
"{citizen 49}","{citizen 38}","[141 141 141 100]","""""","9.9","false","{breed social-friends}","0","""default""","""none""","0"
"{citizen 49}","{citizen 39}","[0 0 255 100]","""""","9.9","false","{breed social-friends}","0","""default""","""none""","0"
"{citizen 49}","{citizen 40}","[0 0 255 100]","""""","9.9","false","{breed social-friends}","0","""default""","""none""","0"
"{citizen 49}","{citizen 41}","[141 141 141 100]","""""","9.9","false","{breed social-friends}","0","""default""","""none""","0"
"{citizen 49}","{citizen 42}","[0 0 255 100]","""""","9.9","false","{breed social-friends}","0","""default""","""none""","0"
"{citizen 49}","{citizen 43}","[0 0 255 100]","""""","9.9","false","{breed social-friends}","0","""default""","""none""","0"
"{citizen 49}","{citizen 44}","[141 141 141 100]","""""","9.9","false","{breed social-friends}","0","""default""","""none""","0"
"{citizen 49}","{citizen 45}","[141 141 141 100]","""""","9.9","false","{breed social-friends}","0","""default""","""none""","0"
"{citizen 49}","{citizen 46}","[0 0 255 100]","""""","9.9","false","{breed social-friends}","0","""default""","""none""","0"
"{citizen 49}","{citizen 47}","[141 141 141 100]","""""","9.9","false","{breed social-friends}","0","""default""","""none""","0"
"{citizen 49}","{citizen 48}","[0 0 255 100]","""""","9.9","false","{breed social-friends}","0","""default""","""none""","0"
"{media 50}","{citizen 0}","[141 141 141 255]","""""","9.9","false","{breed subscribers}","0","""default""","""none""","0"
"{media 50}","{citizen 1}","[141 141 141 255]","""""","9.9","false","{breed subscribers}","0","""default""","""none""","0"
"{media 50}","{citizen 2}","[141 141 141 255]","""""","9.9","false","{breed subscribers}","0","""default""","""none""","0"
"{media 50}","{citizen 3}","[141 141 141 255]","""""","9.9","false","{breed subscribers}","0","""default""","""none""","0"
"{media 50}","{citizen 4}","[141 141 141 255]","""""","9.9","false","{breed subscribers}","0","""default""","""none""","0"
"{media 50}","{citizen 5}","[141 141 141 255]","""""","9.9","false","{breed subscribers}","0","""default""","""none""","0"
"{media 50}","{citizen 7}","[141 141 141 255]","""""","9.9","false","{breed subscribers}","0","""default""","""none""","0"
"{media 50}","{citizen 8}","[141 141 141 255]","""""","9.9","false","{breed subscribers}","0","""default""","""none""","0"
"{media 50}","{citizen 9}","[141 141 141 255]","""""","9.9","false","{breed subscribers}","0","""default""","""none""","0"
"{media 50}","{citizen 12}","[141 141 141 255]","""""","9.9","false","{breed subscribers}","0","""default""","""none""","0"
"{media 50}","{citizen 15}","[141 141 141 255]","""""","9.9","false","{breed subscribers}","0","""default""","""none""","0"
"{media 50}","{citizen 16}","[141 141 141 255]","""""","9.9","false","{breed subscribers}","0","""default""","""none""","0"
"{media 50}","{citizen 18}","[141 141 141 255]","""""","9.9","false","{breed subscribers}","0","""default""","""none""","0"
"{media 50}","{citizen 19}","[141 141 141 255]","""""","9.9","false","{breed subscribers}","0","""default""","""none""","0"
"{media 50}","{citizen 21}","[141 141 141 255]","""""","9.9","false","{breed subscribers}","0","""default""","""none""","0"
"{media 50}","{citizen 22}","[141 141 141 255]","""""","9.9","false","{breed subscribers}","0","""default""","""none""","0"
"{media 50}","{citizen 23}","[141 141 141 255]","""""","9.9","false","{breed subscribers}","0","""default""","""none""","0"
"{media 50}","{citizen 25}","[141 141 141 255]","""""","9.9","false","{breed subscribers}","0","""default""","""none""","0"
"{media 50}","{citizen 26}","[141 141 141 255]","""""","9.9","false","{breed subscribers}","0","""default""","""none""","0"
"{media 50}","{citizen 28}","[141 141 141 255]","""""","9.9","false","{breed subscribers}","0","""default""","""none""","0"
"{media 50}","{citizen 29}","[141 141 141 255]","""""","9.9","false","{breed subscribers}","0","""default""","""none""","0"
"{media 50}","{citizen 30}","[141 141 141 255]","""""","9.9","false","{breed subscribers}","0","""default""","""none""","0"
"{media 50}","{citizen 31}","[141 141 141 255]","""""","9.9","false","{breed subscribers}","0","""default""","""none""","0"
"{media 50}","{citizen 32}","[141 141 141 255]","""""","9.9","false","{breed subscribers}","0","""default""","""none""","0"
"{media 50}","{citizen 33}","[141 141 141 255]","""""","9.9","false","{breed subscribers}","0","""default""","""none""","0"
"{media 50}","{citizen 35}","[141 141 141 255]","""""","9.9","false","{breed subscribers}","0","""default""","""none""","0"
"{media 50}","{citizen 37}","[141 141 141 255]","""""","9.9","false","{breed subscribers}","0","""default""","""none""","0"
"{media 50}","{citizen 38}","[141 141 141 255]","""""","9.9","false","{breed subscribers}","0","""default""","""none""","0"
"{media 50}","{citizen 41}","[141 141 141 255]","""""","9.9","false","{breed subscribers}","0","""default""","""none""","0"
"{media 50}","{citizen 44}","[141 141 141 255]","""""","9.9","false","{breed subscribers}","0","""default""","""none""","0"
"{media 50}","{citizen 45}","[141 141 141 255]","""""","9.9","false","{breed subscribers}","0","""default""","""none""","0"
"{media 50}","{citizen 47}","[141 141 141 255]","""""","9.9","false","{breed subscribers}","0","""default""","""none""","0"
"{media 51}","{citizen 6}","[141 141 141 255]","""""","9.9","false","{breed subscribers}","0","""default""","""none""","0"
"{media 51}","{citizen 10}","[141 141 141 255]","""""","9.9","false","{breed subscribers}","0","""default""","""none""","0"
"{media 51}","{citizen 11}","[141 141 141 255]","""""","9.9","false","{breed subscribers}","0","""default""","""none""","0"
"{media 51}","{citizen 13}","[141 141 141 255]","""""","9.9","false","{breed subscribers}","0","""default""","""none""","0"
"{media 51}","{citizen 14}","[141 141 141 255]","""""","9.9","false","{breed subscribers}","0","""default""","""none""","0"
"{media 51}","{citizen 17}","[141 141 141 255]","""""","9.9","false","{breed subscribers}","0","""default""","""none""","0"
"{media 51}","{citizen 20}","[141 141 141 255]","""""","9.9","false","{breed subscribers}","0","""default""","""none""","0"
"{media 51}","{citizen 24}","[141 141 141 255]","""""","9.9","false","{breed subscribers}","0","""default""","""none""","0"
"{media 51}","{citizen 27}","[141 141 141 255]","""""","9.9","false","{breed subscribers}","0","""default""","""none""","0"
"{media 51}","{citizen 34}","[141 141 141 255]","""""","9.9","false","{breed subscribers}","0","""default""","""none""","0"
"{media 51}","{citizen 36}","[141 141 141 255]","""""","9.9","false","{breed subscribers}","0","""default""","""none""","0"
"{media 51}","{citizen 39}","[141 141 141 255]","""""","9.9","false","{breed subscribers}","0","""default""","""none""","0"
"{media 51}","{citizen 40}","[141 141 141 255]","""""","9.9","false","{breed subscribers}","0","""default""","""none""","0"
"{media 51}","{citizen 42}","[141 141 141 255]","""""","9.9","false","{breed subscribers}","0","""default""","""none""","0"
"{media 51}","{citizen 43}","[141 141 141 255]","""""","9.9","false","{breed subscribers}","0","""default""","""none""","0"
"{media 51}","{citizen 46}","[141 141 141 255]","""""","9.9","false","{breed subscribers}","0","""default""","""none""","0"
"{media 51}","{citizen 48}","[141 141 141 255]","""""","9.9","false","{breed subscribers}","0","""default""","""none""","0"
"{media 51}","{citizen 49}","[141 141 141 255]","""""","9.9","false","{breed subscribers}","0","""default""","""none""","0"
"{media 52}","{citizen 0}","[141 141 141 255]","""""","9.9","false","{breed subscribers}","0","""default""","""none""","0"
"{media 52}","{citizen 1}","[141 141 141 255]","""""","9.9","false","{breed subscribers}","0","""default""","""none""","0"
"{media 52}","{citizen 2}","[141 141 141 255]","""""","9.9","false","{breed subscribers}","0","""default""","""none""","0"
"{media 52}","{citizen 3}","[141 141 141 255]","""""","9.9","false","{breed subscribers}","0","""default""","""none""","0"
"{media 52}","{citizen 4}","[141 141 141 255]","""""","9.9","false","{breed subscribers}","0","""default""","""none""","0"
"{media 52}","{citizen 5}","[141 141 141 255]","""""","9.9","false","{breed subscribers}","0","""default""","""none""","0"
"{media 52}","{citizen 7}","[141 141 141 255]","""""","9.9","false","{breed subscribers}","0","""default""","""none""","0"
"{media 52}","{citizen 8}","[141 141 141 255]","""""","9.9","false","{breed subscribers}","0","""default""","""none""","0"
"{media 52}","{citizen 9}","[141 141 141 255]","""""","9.9","false","{breed subscribers}","0","""default""","""none""","0"
"{media 52}","{citizen 12}","[141 141 141 255]","""""","9.9","false","{breed subscribers}","0","""default""","""none""","0"
"{media 52}","{citizen 15}","[141 141 141 255]","""""","9.9","false","{breed subscribers}","0","""default""","""none""","0"
"{media 52}","{citizen 16}","[141 141 141 255]","""""","9.9","false","{breed subscribers}","0","""default""","""none""","0"
"{media 52}","{citizen 18}","[141 141 141 255]","""""","9.9","false","{breed subscribers}","0","""default""","""none""","0"
"{media 52}","{citizen 19}","[141 141 141 255]","""""","9.9","false","{breed subscribers}","0","""default""","""none""","0"
"{media 52}","{citizen 21}","[141 141 141 255]","""""","9.9","false","{breed subscribers}","0","""default""","""none""","0"
"{media 52}","{citizen 22}","[141 141 141 255]","""""","9.9","false","{breed subscribers}","0","""default""","""none""","0"
"{media 52}","{citizen 23}","[141 141 141 255]","""""","9.9","false","{breed subscribers}","0","""default""","""none""","0"
"{media 52}","{citizen 25}","[141 141 141 255]","""""","9.9","false","{breed subscribers}","0","""default""","""none""","0"
"{media 52}","{citizen 26}","[141 141 141 255]","""""","9.9","false","{breed subscribers}","0","""default""","""none""","0"
"{media 52}","{citizen 28}","[141 141 141 255]","""""","9.9","false","{breed subscribers}","0","""default""","""none""","0"
"{media 52}","{citizen 29}","[141 141 141 255]","""""","9.9","false","{breed subscribers}","0","""default""","""none""","0"
"{media 52}","{citizen 30}","[141 141 141 255]","""""","9.9","false","{breed subscribers}","0","""default""","""none""","0"
"{media 52}","{citizen 31}","[141 141 141 255]","""""","9.9","false","{breed subscribers}","0","""default""","""none""","0"
"{media 52}","{citizen 32}","[141 141 141 255]","""""","9.9","false","{breed subscribers}","0","""default""","""none""","0"
"{media 52}","{citizen 33}","[141 141 141 255]","""""","9.9","false","{breed subscribers}","0","""default""","""none""","0"
"{media 52}","{citizen 35}","[141 141 141 255]","""""","9.9","false","{breed subscribers}","0","""default""","""none""","0"
"{media 52}","{citizen 37}","[141 141 141 255]","""""","9.9","false","{breed subscribers}","0","""default""","""none""","0"
"{media 52}","{citizen 38}","[141 141 141 255]","""""","9.9","false","{breed subscribers}","0","""default""","""none""","0"
"{media 52}","{citizen 41}","[141 141 141 255]","""""","9.9","false","{breed subscribers}","0","""default""","""none""","0"
"{media 52}","{citizen 44}","[141 141 141 255]","""""","9.9","false","{breed subscribers}","0","""default""","""none""","0"
"{media 52}","{citizen 45}","[141 141 141 255]","""""","9.9","false","{breed subscribers}","0","""default""","""none""","0"
"{media 52}","{citizen 47}","[141 141 141 255]","""""","9.9","false","{breed subscribers}","0","""default""","""none""","0"
"{media 53}","{citizen 0}","[141 141 141 255]","""""","9.9","false","{breed subscribers}","0","""default""","""none""","0"
"{media 53}","{citizen 1}","[141 141 141 255]","""""","9.9","false","{breed subscribers}","0","""default""","""none""","0"
"{media 53}","{citizen 2}","[141 141 141 255]","""""","9.9","false","{breed subscribers}","0","""default""","""none""","0"
"{media 53}","{citizen 3}","[141 141 141 255]","""""","9.9","false","{breed subscribers}","0","""default""","""none""","0"
"{media 53}","{citizen 4}","[141 141 141 255]","""""","9.9","false","{breed subscribers}","0","""default""","""none""","0"
"{media 53}","{citizen 5}","[141 141 141 255]","""""","9.9","false","{breed subscribers}","0","""default""","""none""","0"
"{media 53}","{citizen 7}","[141 141 141 255]","""""","9.9","false","{breed subscribers}","0","""default""","""none""","0"
"{media 53}","{citizen 8}","[141 141 141 255]","""""","9.9","false","{breed subscribers}","0","""default""","""none""","0"
"{media 53}","{citizen 9}","[141 141 141 255]","""""","9.9","false","{breed subscribers}","0","""default""","""none""","0"
"{media 53}","{citizen 12}","[141 141 141 255]","""""","9.9","false","{breed subscribers}","0","""default""","""none""","0"
"{media 53}","{citizen 15}","[141 141 141 255]","""""","9.9","false","{breed subscribers}","0","""default""","""none""","0"
"{media 53}","{citizen 16}","[141 141 141 255]","""""","9.9","false","{breed subscribers}","0","""default""","""none""","0"
"{media 53}","{citizen 18}","[141 141 141 255]","""""","9.9","false","{breed subscribers}","0","""default""","""none""","0"
"{media 53}","{citizen 19}","[141 141 141 255]","""""","9.9","false","{breed subscribers}","0","""default""","""none""","0"
"{media 53}","{citizen 21}","[141 141 141 255]","""""","9.9","false","{breed subscribers}","0","""default""","""none""","0"
"{media 53}","{citizen 22}","[141 141 141 255]","""""","9.9","false","{breed subscribers}","0","""default""","""none""","0"
"{media 53}","{citizen 23}","[141 141 141 255]","""""","9.9","false","{breed subscribers}","0","""default""","""none""","0"
"{media 53}","{citizen 25}","[141 141 141 255]","""""","9.9","false","{breed subscribers}","0","""default""","""none""","0"
"{media 53}","{citizen 26}","[141 141 141 255]","""""","9.9","false","{breed subscribers}","0","""default""","""none""","0"
"{media 53}","{citizen 28}","[141 141 141 255]","""""","9.9","false","{breed subscribers}","0","""default""","""none""","0"
"{media 53}","{citizen 29}","[141 141 141 255]","""""","9.9","false","{breed subscribers}","0","""default""","""none""","0"
"{media 53}","{citizen 30}","[141 141 141 255]","""""","9.9","false","{breed subscribers}","0","""default""","""none""","0"
"{media 53}","{citizen 31}","[141 141 141 255]","""""","9.9","false","{breed subscribers}","0","""default""","""none""","0"
"{media 53}","{citizen 32}","[141 141 141 255]","""""","9.9","false","{breed subscribers}","0","""default""","""none""","0"
"{media 53}","{citizen 33}","[141 141 141 255]","""""","9.9","false","{breed subscribers}","0","""default""","""none""","0"
"{media 53}","{citizen 35}","[141 141 141 255]","""""","9.9","false","{breed subscribers}","0","""default""","""none""","0"
"{media 53}","{citizen 37}","[141 141 141 255]","""""","9.9","false","{breed subscribers}","0","""default""","""none""","0"
"{media 53}","{citizen 38}","[141 141 141 255]","""""","9.9","false","{breed subscribers}","0","""default""","""none""","0"
"{media 53}","{citizen 41}","[141 141 141 255]","""""","9.9","false","{breed subscribers}","0","""default""","""none""","0"
"{media 53}","{citizen 44}","[141 141 141 255]","""""","9.9","false","{breed subscribers}","0","""default""","""none""","0"
"{media 53}","{citizen 45}","[141 141 141 255]","""""","9.9","false","{breed subscribers}","0","""default""","""none""","0"
"{media 53}","{citizen 47}","[141 141 141 255]","""""","9.9","false","{breed subscribers}","0","""default""","""none""","0"
"{media 55}","{citizen 0}","[141 141 141 255]","""""","9.9","false","{breed subscribers}","0","""default""","""none""","0"
"{media 55}","{citizen 1}","[141 141 141 255]","""""","9.9","false","{breed subscribers}","0","""default""","""none""","0"
"{media 55}","{citizen 2}","[141 141 141 255]","""""","9.9","false","{breed subscribers}","0","""default""","""none""","0"
"{media 55}","{citizen 3}","[141 141 141 255]","""""","9.9","false","{breed subscribers}","0","""default""","""none""","0"
"{media 55}","{citizen 4}","[141 141 141 255]","""""","9.9","false","{breed subscribers}","0","""default""","""none""","0"
"{media 55}","{citizen 5}","[141 141 141 255]","""""","9.9","false","{breed subscribers}","0","""default""","""none""","0"
"{media 55}","{citizen 6}","[141 141 141 255]","""""","9.9","false","{breed subscribers}","0","""default""","""none""","0"
"{media 55}","{citizen 7}","[141 141 141 255]","""""","9.9","false","{breed subscribers}","0","""default""","""none""","0"
"{media 55}","{citizen 8}","[141 141 141 255]","""""","9.9","false","{breed subscribers}","0","""default""","""none""","0"
"{media 55}","{citizen 9}","[141 141 141 255]","""""","9.9","false","{breed subscribers}","0","""default""","""none""","0"
"{media 55}","{citizen 10}","[141 141 141 255]","""""","9.9","false","{breed subscribers}","0","""default""","""none""","0"
"{media 55}","{citizen 11}","[141 141 141 255]","""""","9.9","false","{breed subscribers}","0","""default""","""none""","0"
"{media 55}","{citizen 12}","[141 141 141 255]","""""","9.9","false","{breed subscribers}","0","""default""","""none""","0"
"{media 55}","{citizen 13}","[141 141 141 255]","""""","9.9","false","{breed subscribers}","0","""default""","""none""","0"
"{media 55}","{citizen 14}","[141 141 141 255]","""""","9.9","false","{breed subscribers}","0","""default""","""none""","0"
"{media 55}","{citizen 15}","[141 141 141 255]","""""","9.9","false","{breed subscribers}","0","""default""","""none""","0"
"{media 55}","{citizen 16}","[141 141 141 255]","""""","9.9","false","{breed subscribers}","0","""default""","""none""","0"
"{media 55}","{citizen 17}","[141 141 141 255]","""""","9.9","false","{breed subscribers}","0","""default""","""none""","0"
"{media 55}","{citizen 18}","[141 141 141 255]","""""","9.9","false","{breed subscribers}","0","""default""","""none""","0"
"{media 55}","{citizen 19}","[141 141 141 255]","""""","9.9","false","{breed subscribers}","0","""default""","""none""","0"
"{media 55}","{citizen 20}","[141 141 141 255]","""""","9.9","false","{breed subscribers}","0","""default""","""none""","0"
"{media 55}","{citizen 21}","[141 141 141 255]","""""","9.9","false","{breed subscribers}","0","""default""","""none""","0"
"{media 55}","{citizen 22}","[141 141 141 255]","""""","9.9","false","{breed subscribers}","0","""default""","""none""","0"
"{media 55}","{citizen 23}","[141 141 141 255]","""""","9.9","false","{breed subscribers}","0","""default""","""none""","0"
"{media 55}","{citizen 24}","[141 141 141 255]","""""","9.9","false","{breed subscribers}","0","""default""","""none""","0"
"{media 55}","{citizen 25}","[141 141 141 255]","""""","9.9","false","{breed subscribers}","0","""default""","""none""","0"
"{media 55}","{citizen 26}","[141 141 141 255]","""""","9.9","false","{breed subscribers}","0","""default""","""none""","0"
"{media 55}","{citizen 27}","[141 141 141 255]","""""","9.9","false","{breed subscribers}","0","""default""","""none""","0"
"{media 55}","{citizen 28}","[141 141 141 255]","""""","9.9","false","{breed subscribers}","0","""default""","""none""","0"
"{media 55}","{citizen 29}","[141 141 141 255]","""""","9.9","false","{breed subscribers}","0","""default""","""none""","0"
"{media 55}","{citizen 30}","[141 141 141 255]","""""","9.9","false","{breed subscribers}","0","""default""","""none""","0"
"{media 55}","{citizen 31}","[141 141 141 255]","""""","9.9","false","{breed subscribers}","0","""default""","""none""","0"
"{media 55}","{citizen 32}","[141 141 141 255]","""""","9.9","false","{breed subscribers}","0","""default""","""none""","0"
"{media 55}","{citizen 33}","[141 141 141 255]","""""","9.9","false","{breed subscribers}","0","""default""","""none""","0"
"{media 55}","{citizen 34}","[141 141 141 255]","""""","9.9","false","{breed subscribers}","0","""default""","""none""","0"
"{media 55}","{citizen 35}","[141 141 141 255]","""""","9.9","false","{breed subscribers}","0","""default""","""none""","0"
"{media 55}","{citizen 36}","[141 141 141 255]","""""","9.9","false","{breed subscribers}","0","""default""","""none""","0"
"{media 55}","{citizen 37}","[141 141 141 255]","""""","9.9","false","{breed subscribers}","0","""default""","""none""","0"
"{media 55}","{citizen 38}","[141 141 141 255]","""""","9.9","false","{breed subscribers}","0","""default""","""none""","0"
"{media 55}","{citizen 39}","[141 141 141 255]","""""","9.9","false","{breed subscribers}","0","""default""","""none""","0"
"{media 55}","{citizen 40}","[141 141 141 255]","""""","9.9","false","{breed subscribers}","0","""default""","""none""","0"
"{media 55}","{citizen 41}","[141 141 141 255]","""""","9.9","false","{breed subscribers}","0","""default""","""none""","0"
"{media 55}","{citizen 42}","[141 141 141 255]","""""","9.9","false","{breed subscribers}","0","""default""","""none""","0"
"{media 55}","{citizen 43}","[141 141 141 255]","""""","9.9","false","{breed subscribers}","0","""default""","""none""","0"
"{media 55}","{citizen 44}","[141 141 141 255]","""""","9.9","false","{breed subscribers}","0","""default""","""none""","0"
"{media 55}","{citizen 45}","[141 141 141 255]","""""","9.9","false","{breed subscribers}","0","""default""","""none""","0"
"{media 55}","{citizen 46}","[141 141 141 255]","""""","9.9","false","{breed subscribers}","0","""default""","""none""","0"
"{media 55}","{citizen 47}","[141 141 141 255]","""""","9.9","false","{breed subscribers}","0","""default""","""none""","0"
"{media 55}","{citizen 48}","[141 141 141 255]","""""","9.9","false","{breed subscribers}","0","""default""","""none""","0"
"{media 55}","{citizen 49}","[141 141 141 255]","""""","9.9","false","{breed subscribers}","0","""default""","""none""","0"
"{media 56}","{citizen 0}","[141 141 141 255]","""""","9.9","false","{breed subscribers}","0","""default""","""none""","0"
"{media 56}","{citizen 1}","[141 141 141 255]","""""","9.9","false","{breed subscribers}","0","""default""","""none""","0"
"{media 56}","{citizen 2}","[141 141 141 255]","""""","9.9","false","{breed subscribers}","0","""default""","""none""","0"
"{media 56}","{citizen 3}","[141 141 141 255]","""""","9.9","false","{breed subscribers}","0","""default""","""none""","0"
"{media 56}","{citizen 4}","[141 141 141 255]","""""","9.9","false","{breed subscribers}","0","""default""","""none""","0"
"{media 56}","{citizen 5}","[141 141 141 255]","""""","9.9","false","{breed subscribers}","0","""default""","""none""","0"
"{media 56}","{citizen 7}","[141 141 141 255]","""""","9.9","false","{breed subscribers}","0","""default""","""none""","0"
"{media 56}","{citizen 8}","[141 141 141 255]","""""","9.9","false","{breed subscribers}","0","""default""","""none""","0"
"{media 56}","{citizen 9}","[141 141 141 255]","""""","9.9","false","{breed subscribers}","0","""default""","""none""","0"
"{media 56}","{citizen 12}","[141 141 141 255]","""""","9.9","false","{breed subscribers}","0","""default""","""none""","0"
"{media 56}","{citizen 15}","[141 141 141 255]","""""","9.9","false","{breed subscribers}","0","""default""","""none""","0"
"{media 56}","{citizen 16}","[141 141 141 255]","""""","9.9","false","{breed subscribers}","0","""default""","""none""","0"
"{media 56}","{citizen 18}","[141 141 141 255]","""""","9.9","false","{breed subscribers}","0","""default""","""none""","0"
"{media 56}","{citizen 19}","[141 141 141 255]","""""","9.9","false","{breed subscribers}","0","""default""","""none""","0"
"{media 56}","{citizen 21}","[141 141 141 255]","""""","9.9","false","{breed subscribers}","0","""default""","""none""","0"
"{media 56}","{citizen 22}","[141 141 141 255]","""""","9.9","false","{breed subscribers}","0","""default""","""none""","0"
"{media 56}","{citizen 23}","[141 141 141 255]","""""","9.9","false","{breed subscribers}","0","""default""","""none""","0"
"{media 56}","{citizen 25}","[141 141 141 255]","""""","9.9","false","{breed subscribers}","0","""default""","""none""","0"
"{media 56}","{citizen 26}","[141 141 141 255]","""""","9.9","false","{breed subscribers}","0","""default""","""none""","0"
"{media 56}","{citizen 28}","[141 141 141 255]","""""","9.9","false","{breed subscribers}","0","""default""","""none""","0"
"{media 56}","{citizen 29}","[141 141 141 255]","""""","9.9","false","{breed subscribers}","0","""default""","""none""","0"
"{media 56}","{citizen 30}","[141 141 141 255]","""""","9.9","false","{breed subscribers}","0","""default""","""none""","0"
"{media 56}","{citizen 31}","[141 141 141 255]","""""","9.9","false","{breed subscribers}","0","""default""","""none""","0"
"{media 56}","{citizen 32}","[141 141 141 255]","""""","9.9","false","{breed subscribers}","0","""default""","""none""","0"
"{media 56}","{citizen 33}","[141 141 141 255]","""""","9.9","false","{breed subscribers}","0","""default""","""none""","0"
"{media 56}","{citizen 35}","[141 141 141 255]","""""","9.9","false","{breed subscribers}","0","""default""","""none""","0"
"{media 56}","{citizen 37}","[141 141 141 255]","""""","9.9","false","{breed subscribers}","0","""default""","""none""","0"
"{media 56}","{citizen 38}","[141 141 141 255]","""""","9.9","false","{breed subscribers}","0","""default""","""none""","0"
"{media 56}","{citizen 41}","[141 141 141 255]","""""","9.9","false","{breed subscribers}","0","""default""","""none""","0"
"{media 56}","{citizen 44}","[141 141 141 255]","""""","9.9","false","{breed subscribers}","0","""default""","""none""","0"
"{media 56}","{citizen 45}","[141 141 141 255]","""""","9.9","false","{breed subscribers}","0","""default""","""none""","0"
"{media 56}","{citizen 47}","[141 141 141 255]","""""","9.9","false","{breed subscribers}","0","""default""","""none""","0"
"{media 57}","{citizen 6}","[141 141 141 255]","""""","9.9","false","{breed subscribers}","0","""default""","""none""","0"
"{media 57}","{citizen 10}","[141 141 141 255]","""""","9.9","false","{breed subscribers}","0","""default""","""none""","0"
"{media 57}","{citizen 11}","[141 141 141 255]","""""","9.9","false","{breed subscribers}","0","""default""","""none""","0"
"{media 57}","{citizen 13}","[141 141 141 255]","""""","9.9","false","{breed subscribers}","0","""default""","""none""","0"
"{media 57}","{citizen 14}","[141 141 141 255]","""""","9.9","false","{breed subscribers}","0","""default""","""none""","0"
"{media 57}","{citizen 17}","[141 141 141 255]","""""","9.9","false","{breed subscribers}","0","""default""","""none""","0"
"{media 57}","{citizen 20}","[141 141 141 255]","""""","9.9","false","{breed subscribers}","0","""default""","""none""","0"
"{media 57}","{citizen 24}","[141 141 141 255]","""""","9.9","false","{breed subscribers}","0","""default""","""none""","0"
"{media 57}","{citizen 27}","[141 141 141 255]","""""","9.9","false","{breed subscribers}","0","""default""","""none""","0"
"{media 57}","{citizen 34}","[141 141 141 255]","""""","9.9","false","{breed subscribers}","0","""default""","""none""","0"
"{media 57}","{citizen 36}","[141 141 141 255]","""""","9.9","false","{breed subscribers}","0","""default""","""none""","0"
"{media 57}","{citizen 39}","[141 141 141 255]","""""","9.9","false","{breed subscribers}","0","""default""","""none""","0"
"{media 57}","{citizen 40}","[141 141 141 255]","""""","9.9","false","{breed subscribers}","0","""default""","""none""","0"
"{media 57}","{citizen 42}","[141 141 141 255]","""""","9.9","false","{breed subscribers}","0","""default""","""none""","0"
"{media 57}","{citizen 43}","[141 141 141 255]","""""","9.9","false","{breed subscribers}","0","""default""","""none""","0"
"{media 57}","{citizen 46}","[141 141 141 255]","""""","9.9","false","{breed subscribers}","0","""default""","""none""","0"
"{media 57}","{citizen 48}","[141 141 141 255]","""""","9.9","false","{breed subscribers}","0","""default""","""none""","0"
"{media 57}","{citizen 49}","[141 141 141 255]","""""","9.9","false","{breed subscribers}","0","""default""","""none""","0"
"{media 58}","{citizen 0}","[141 141 141 255]","""""","9.9","false","{breed subscribers}","0","""default""","""none""","0"
"{media 58}","{citizen 1}","[141 141 141 255]","""""","9.9","false","{breed subscribers}","0","""default""","""none""","0"
"{media 58}","{citizen 2}","[141 141 141 255]","""""","9.9","false","{breed subscribers}","0","""default""","""none""","0"
"{media 58}","{citizen 3}","[141 141 141 255]","""""","9.9","false","{breed subscribers}","0","""default""","""none""","0"
"{media 58}","{citizen 4}","[141 141 141 255]","""""","9.9","false","{breed subscribers}","0","""default""","""none""","0"
"{media 58}","{citizen 5}","[141 141 141 255]","""""","9.9","false","{breed subscribers}","0","""default""","""none""","0"
"{media 58}","{citizen 6}","[141 141 141 255]","""""","9.9","false","{breed subscribers}","0","""default""","""none""","0"
"{media 58}","{citizen 7}","[141 141 141 255]","""""","9.9","false","{breed subscribers}","0","""default""","""none""","0"
"{media 58}","{citizen 8}","[141 141 141 255]","""""","9.9","false","{breed subscribers}","0","""default""","""none""","0"
"{media 58}","{citizen 9}","[141 141 141 255]","""""","9.9","false","{breed subscribers}","0","""default""","""none""","0"
"{media 58}","{citizen 10}","[141 141 141 255]","""""","9.9","false","{breed subscribers}","0","""default""","""none""","0"
"{media 58}","{citizen 11}","[141 141 141 255]","""""","9.9","false","{breed subscribers}","0","""default""","""none""","0"
"{media 58}","{citizen 12}","[141 141 141 255]","""""","9.9","false","{breed subscribers}","0","""default""","""none""","0"
"{media 58}","{citizen 13}","[141 141 141 255]","""""","9.9","false","{breed subscribers}","0","""default""","""none""","0"
"{media 58}","{citizen 14}","[141 141 141 255]","""""","9.9","false","{breed subscribers}","0","""default""","""none""","0"
"{media 58}","{citizen 15}","[141 141 141 255]","""""","9.9","false","{breed subscribers}","0","""default""","""none""","0"
"{media 58}","{citizen 16}","[141 141 141 255]","""""","9.9","false","{breed subscribers}","0","""default""","""none""","0"
"{media 58}","{citizen 17}","[141 141 141 255]","""""","9.9","false","{breed subscribers}","0","""default""","""none""","0"
"{media 58}","{citizen 18}","[141 141 141 255]","""""","9.9","false","{breed subscribers}","0","""default""","""none""","0"
"{media 58}","{citizen 19}","[141 141 141 255]","""""","9.9","false","{breed subscribers}","0","""default""","""none""","0"
"{media 58}","{citizen 20}","[141 141 141 255]","""""","9.9","false","{breed subscribers}","0","""default""","""none""","0"
"{media 58}","{citizen 21}","[141 141 141 255]","""""","9.9","false","{breed subscribers}","0","""default""","""none""","0"
"{media 58}","{citizen 22}","[141 141 141 255]","""""","9.9","false","{breed subscribers}","0","""default""","""none""","0"
"{media 58}","{citizen 23}","[141 141 141 255]","""""","9.9","false","{breed subscribers}","0","""default""","""none""","0"
"{media 58}","{citizen 24}","[141 141 141 255]","""""","9.9","false","{breed subscribers}","0","""default""","""none""","0"
"{media 58}","{citizen 25}","[141 141 141 255]","""""","9.9","false","{breed subscribers}","0","""default""","""none""","0"
"{media 58}","{citizen 26}","[141 141 141 255]","""""","9.9","false","{breed subscribers}","0","""default""","""none""","0"
"{media 58}","{citizen 27}","[141 141 141 255]","""""","9.9","false","{breed subscribers}","0","""default""","""none""","0"
"{media 58}","{citizen 28}","[141 141 141 255]","""""","9.9","false","{breed subscribers}","0","""default""","""none""","0"
"{media 58}","{citizen 29}","[141 141 141 255]","""""","9.9","false","{breed subscribers}","0","""default""","""none""","0"
"{media 58}","{citizen 30}","[141 141 141 255]","""""","9.9","false","{breed subscribers}","0","""default""","""none""","0"
"{media 58}","{citizen 31}","[141 141 141 255]","""""","9.9","false","{breed subscribers}","0","""default""","""none""","0"
"{media 58}","{citizen 32}","[141 141 141 255]","""""","9.9","false","{breed subscribers}","0","""default""","""none""","0"
"{media 58}","{citizen 33}","[141 141 141 255]","""""","9.9","false","{breed subscribers}","0","""default""","""none""","0"
"{media 58}","{citizen 34}","[141 141 141 255]","""""","9.9","false","{breed subscribers}","0","""default""","""none""","0"
"{media 58}","{citizen 35}","[141 141 141 255]","""""","9.9","false","{breed subscribers}","0","""default""","""none""","0"
"{media 58}","{citizen 36}","[141 141 141 255]","""""","9.9","false","{breed subscribers}","0","""default""","""none""","0"
"{media 58}","{citizen 37}","[141 141 141 255]","""""","9.9","false","{breed subscribers}","0","""default""","""none""","0"
"{media 58}","{citizen 38}","[141 141 141 255]","""""","9.9","false","{breed subscribers}","0","""default""","""none""","0"
"{media 58}","{citizen 39}","[141 141 141 255]","""""","9.9","false","{breed subscribers}","0","""default""","""none""","0"
"{media 58}","{citizen 40}","[141 141 141 255]","""""","9.9","false","{breed subscribers}","0","""default""","""none""","0"
"{media 58}","{citizen 41}","[141 141 141 255]","""""","9.9","false","{breed subscribers}","0","""default""","""none""","0"
"{media 58}","{citizen 42}","[141 141 141 255]","""""","9.9","false","{breed subscribers}","0","""default""","""none""","0"
"{media 58}","{citizen 43}","[141 141 141 255]","""""","9.9","false","{breed subscribers}","0","""default""","""none""","0"
"{media 58}","{citizen 44}","[141 141 141 255]","""""","9.9","false","{breed subscribers}","0","""default""","""none""","0"
"{media 58}","{citizen 45}","[141 141 141 255]","""""","9.9","false","{breed subscribers}","0","""default""","""none""","0"
"{media 58}","{citizen 46}","[141 141 141 255]","""""","9.9","false","{breed subscribers}","0","""default""","""none""","0"
"{media 58}","{citizen 47}","[141 141 141 255]","""""","9.9","false","{breed subscribers}","0","""default""","""none""","0"
"{media 58}","{citizen 48}","[141 141 141 255]","""""","9.9","false","{breed subscribers}","0","""default""","""none""","0"
"{media 58}","{citizen 49}","[141 141 141 255]","""""","9.9","false","{breed subscribers}","0","""default""","""none""","0"
"{media 59}","{citizen 0}","[141 141 141 255]","""""","9.9","false","{breed subscribers}","0","""default""","""none""","0"
"{media 59}","{citizen 1}","[141 141 141 255]","""""","9.9","false","{breed subscribers}","0","""default""","""none""","0"
"{media 59}","{citizen 2}","[141 141 141 255]","""""","9.9","false","{breed subscribers}","0","""default""","""none""","0"
"{media 59}","{citizen 3}","[141 141 141 255]","""""","9.9","false","{breed subscribers}","0","""default""","""none""","0"
"{media 59}","{citizen 4}","[141 141 141 255]","""""","9.9","false","{breed subscribers}","0","""default""","""none""","0"
"{media 59}","{citizen 5}","[141 141 141 255]","""""","9.9","false","{breed subscribers}","0","""default""","""none""","0"
"{media 59}","{citizen 6}","[141 141 141 255]","""""","9.9","false","{breed subscribers}","0","""default""","""none""","0"
"{media 59}","{citizen 7}","[141 141 141 255]","""""","9.9","false","{breed subscribers}","0","""default""","""none""","0"
"{media 59}","{citizen 8}","[141 141 141 255]","""""","9.9","false","{breed subscribers}","0","""default""","""none""","0"
"{media 59}","{citizen 9}","[141 141 141 255]","""""","9.9","false","{breed subscribers}","0","""default""","""none""","0"
"{media 59}","{citizen 10}","[141 141 141 255]","""""","9.9","false","{breed subscribers}","0","""default""","""none""","0"
"{media 59}","{citizen 11}","[141 141 141 255]","""""","9.9","false","{breed subscribers}","0","""default""","""none""","0"
"{media 59}","{citizen 12}","[141 141 141 255]","""""","9.9","false","{breed subscribers}","0","""default""","""none""","0"
"{media 59}","{citizen 13}","[141 141 141 255]","""""","9.9","false","{breed subscribers}","0","""default""","""none""","0"
"{media 59}","{citizen 14}","[141 141 141 255]","""""","9.9","false","{breed subscribers}","0","""default""","""none""","0"
"{media 59}","{citizen 15}","[141 141 141 255]","""""","9.9","false","{breed subscribers}","0","""default""","""none""","0"
"{media 59}","{citizen 16}","[141 141 141 255]","""""","9.9","false","{breed subscribers}","0","""default""","""none""","0"
"{media 59}","{citizen 17}","[141 141 141 255]","""""","9.9","false","{breed subscribers}","0","""default""","""none""","0"
"{media 59}","{citizen 18}","[141 141 141 255]","""""","9.9","false","{breed subscribers}","0","""default""","""none""","0"
"{media 59}","{citizen 19}","[141 141 141 255]","""""","9.9","false","{breed subscribers}","0","""default""","""none""","0"
"{media 59}","{citizen 20}","[141 141 141 255]","""""","9.9","false","{breed subscribers}","0","""default""","""none""","0"
"{media 59}","{citizen 21}","[141 141 141 255]","""""","9.9","false","{breed subscribers}","0","""default""","""none""","0"
"{media 59}","{citizen 22}","[141 141 141 255]","""""","9.9","false","{breed subscribers}","0","""default""","""none""","0"
"{media 59}","{citizen 23}","[141 141 141 255]","""""","9.9","false","{breed subscribers}","0","""default""","""none""","0"
"{media 59}","{citizen 24}","[141 141 141 255]","""""","9.9","false","{breed subscribers}","0","""default""","""none""","0"
"{media 59}","{citizen 25}","[141 141 141 255]","""""","9.9","false","{breed subscribers}","0","""default""","""none""","0"
"{media 59}","{citizen 26}","[141 141 141 255]","""""","9.9","false","{breed subscribers}","0","""default""","""none""","0"
"{media 59}","{citizen 27}","[141 141 141 255]","""""","9.9","false","{breed subscribers}","0","""default""","""none""","0"
"{media 59}","{citizen 28}","[141 141 141 255]","""""","9.9","false","{breed subscribers}","0","""default""","""none""","0"
"{media 59}","{citizen 29}","[141 141 141 255]","""""","9.9","false","{breed subscribers}","0","""default""","""none""","0"
"{media 59}","{citizen 30}","[141 141 141 255]","""""","9.9","false","{breed subscribers}","0","""default""","""none""","0"
"{media 59}","{citizen 31}","[141 141 141 255]","""""","9.9","false","{breed subscribers}","0","""default""","""none""","0"
"{media 59}","{citizen 32}","[141 141 141 255]","""""","9.9","false","{breed subscribers}","0","""default""","""none""","0"
"{media 59}","{citizen 33}","[141 141 141 255]","""""","9.9","false","{breed subscribers}","0","""default""","""none""","0"
"{media 59}","{citizen 34}","[141 141 141 255]","""""","9.9","false","{breed subscribers}","0","""default""","""none""","0"
"{media 59}","{citizen 35}","[141 141 141 255]","""""","9.9","false","{breed subscribers}","0","""default""","""none""","0"
"{media 59}","{citizen 36}","[141 141 141 255]","""""","9.9","false","{breed subscribers}","0","""default""","""none""","0"
"{media 59}","{citizen 37}","[141 141 141 255]","""""","9.9","false","{breed subscribers}","0","""default""","""none""","0"
"{media 59}","{citizen 38}","[141 141 141 255]","""""","9.9","false","{breed subscribers}","0","""default""","""none""","0"
"{media 59}","{citizen 39}","[141 141 141 255]","""""","9.9","false","{breed subscribers}","0","""default""","""none""","0"
"{media 59}","{citizen 40}","[141 141 141 255]","""""","9.9","false","{breed subscribers}","0","""default""","""none""","0"
"{media 59}","{citizen 41}","[141 141 141 255]","""""","9.9","false","{breed subscribers}","0","""default""","""none""","0"
"{media 59}","{citizen 42}","[141 141 141 255]","""""","9.9","false","{breed subscribers}","0","""default""","""none""","0"
"{media 59}","{citizen 43}","[141 141 141 255]","""""","9.9","false","{breed subscribers}","0","""default""","""none""","0"
"{media 59}","{citizen 44}","[141 141 141 255]","""""","9.9","false","{breed subscribers}","0","""default""","""none""","0"
"{media 59}","{citizen 45}","[141 141 141 255]","""""","9.9","false","{breed subscribers}","0","""default""","""none""","0"
"{media 59}","{citizen 46}","[141 141 141 255]","""""","9.9","false","{breed subscribers}","0","""default""","""none""","0"
"{media 59}","{citizen 47}","[141 141 141 255]","""""","9.9","false","{breed subscribers}","0","""default""","""none""","0"
"{media 59}","{citizen 48}","[141 141 141 255]","""""","9.9","false","{breed subscribers}","0","""default""","""none""","0"
"{media 59}","{citizen 49}","[141 141 141 255]","""""","9.9","false","{breed subscribers}","0","""default""","""none""","0"
"{media 61}","{citizen 0}","[141 141 141 255]","""""","9.9","false","{breed subscribers}","0","""default""","""none""","0"
"{media 61}","{citizen 1}","[141 141 141 255]","""""","9.9","false","{breed subscribers}","0","""default""","""none""","0"
"{media 61}","{citizen 2}","[141 141 141 255]","""""","9.9","false","{breed subscribers}","0","""default""","""none""","0"
"{media 61}","{citizen 3}","[141 141 141 255]","""""","9.9","false","{breed subscribers}","0","""default""","""none""","0"
"{media 61}","{citizen 4}","[141 141 141 255]","""""","9.9","false","{breed subscribers}","0","""default""","""none""","0"
"{media 61}","{citizen 5}","[141 141 141 255]","""""","9.9","false","{breed subscribers}","0","""default""","""none""","0"
"{media 61}","{citizen 6}","[141 141 141 255]","""""","9.9","false","{breed subscribers}","0","""default""","""none""","0"
"{media 61}","{citizen 7}","[141 141 141 255]","""""","9.9","false","{breed subscribers}","0","""default""","""none""","0"
"{media 61}","{citizen 8}","[141 141 141 255]","""""","9.9","false","{breed subscribers}","0","""default""","""none""","0"
"{media 61}","{citizen 9}","[141 141 141 255]","""""","9.9","false","{breed subscribers}","0","""default""","""none""","0"
"{media 61}","{citizen 10}","[141 141 141 255]","""""","9.9","false","{breed subscribers}","0","""default""","""none""","0"
"{media 61}","{citizen 11}","[141 141 141 255]","""""","9.9","false","{breed subscribers}","0","""default""","""none""","0"
"{media 61}","{citizen 12}","[141 141 141 255]","""""","9.9","false","{breed subscribers}","0","""default""","""none""","0"
"{media 61}","{citizen 13}","[141 141 141 255]","""""","9.9","false","{breed subscribers}","0","""default""","""none""","0"
"{media 61}","{citizen 14}","[141 141 141 255]","""""","9.9","false","{breed subscribers}","0","""default""","""none""","0"
"{media 61}","{citizen 15}","[141 141 141 255]","""""","9.9","false","{breed subscribers}","0","""default""","""none""","0"
"{media 61}","{citizen 16}","[141 141 141 255]","""""","9.9","false","{breed subscribers}","0","""default""","""none""","0"
"{media 61}","{citizen 17}","[141 141 141 255]","""""","9.9","false","{breed subscribers}","0","""default""","""none""","0"
"{media 61}","{citizen 18}","[141 141 141 255]","""""","9.9","false","{breed subscribers}","0","""default""","""none""","0"
"{media 61}","{citizen 19}","[141 141 141 255]","""""","9.9","false","{breed subscribers}","0","""default""","""none""","0"
"{media 61}","{citizen 20}","[141 141 141 255]","""""","9.9","false","{breed subscribers}","0","""default""","""none""","0"
"{media 61}","{citizen 21}","[141 141 141 255]","""""","9.9","false","{breed subscribers}","0","""default""","""none""","0"
"{media 61}","{citizen 22}","[141 141 141 255]","""""","9.9","false","{breed subscribers}","0","""default""","""none""","0"
"{media 61}","{citizen 23}","[141 141 141 255]","""""","9.9","false","{breed subscribers}","0","""default""","""none""","0"
"{media 61}","{citizen 24}","[141 141 141 255]","""""","9.9","false","{breed subscribers}","0","""default""","""none""","0"
"{media 61}","{citizen 25}","[141 141 141 255]","""""","9.9","false","{breed subscribers}","0","""default""","""none""","0"
"{media 61}","{citizen 26}","[141 141 141 255]","""""","9.9","false","{breed subscribers}","0","""default""","""none""","0"
"{media 61}","{citizen 27}","[141 141 141 255]","""""","9.9","false","{breed subscribers}","0","""default""","""none""","0"
"{media 61}","{citizen 28}","[141 141 141 255]","""""","9.9","false","{breed subscribers}","0","""default""","""none""","0"
"{media 61}","{citizen 29}","[141 141 141 255]","""""","9.9","false","{breed subscribers}","0","""default""","""none""","0"
"{media 61}","{citizen 30}","[141 141 141 255]","""""","9.9","false","{breed subscribers}","0","""default""","""none""","0"
"{media 61}","{citizen 31}","[141 141 141 255]","""""","9.9","false","{breed subscribers}","0","""default""","""none""","0"
"{media 61}","{citizen 32}","[141 141 141 255]","""""","9.9","false","{breed subscribers}","0","""default""","""none""","0"
"{media 61}","{citizen 33}","[141 141 141 255]","""""","9.9","false","{breed subscribers}","0","""default""","""none""","0"
"{media 61}","{citizen 34}","[141 141 141 255]","""""","9.9","false","{breed subscribers}","0","""default""","""none""","0"
"{media 61}","{citizen 35}","[141 141 141 255]","""""","9.9","false","{breed subscribers}","0","""default""","""none""","0"
"{media 61}","{citizen 36}","[141 141 141 255]","""""","9.9","false","{breed subscribers}","0","""default""","""none""","0"
"{media 61}","{citizen 37}","[141 141 141 255]","""""","9.9","false","{breed subscribers}","0","""default""","""none""","0"
"{media 61}","{citizen 38}","[141 141 141 255]","""""","9.9","false","{breed subscribers}","0","""default""","""none""","0"
"{media 61}","{citizen 39}","[141 141 141 255]","""""","9.9","false","{breed subscribers}","0","""default""","""none""","0"
"{media 61}","{citizen 40}","[141 141 141 255]","""""","9.9","false","{breed subscribers}","0","""default""","""none""","0"
"{media 61}","{citizen 41}","[141 141 141 255]","""""","9.9","false","{breed subscribers}","0","""default""","""none""","0"
"{media 61}","{citizen 42}","[141 141 141 255]","""""","9.9","false","{breed subscribers}","0","""default""","""none""","0"
"{media 61}","{citizen 43}","[141 141 141 255]","""""","9.9","false","{breed subscribers}","0","""default""","""none""","0"
"{media 61}","{citizen 44}","[141 141 141 255]","""""","9.9","false","{breed subscribers}","0","""default""","""none""","0"
"{media 61}","{citizen 45}","[141 141 141 255]","""""","9.9","false","{breed subscribers}","0","""default""","""none""","0"
"{media 61}","{citizen 46}","[141 141 141 255]","""""","9.9","false","{breed subscribers}","0","""default""","""none""","0"
"{media 61}","{citizen 47}","[141 141 141 255]","""""","9.9","false","{breed subscribers}","0","""default""","""none""","0"
"{media 61}","{citizen 48}","[141 141 141 255]","""""","9.9","false","{breed subscribers}","0","""default""","""none""","0"
"{media 61}","{citizen 49}","[141 141 141 255]","""""","9.9","false","{breed subscribers}","0","""default""","""none""","0"
"{media 63}","{citizen 0}","[141 141 141 255]","""""","9.9","false","{breed subscribers}","0","""default""","""none""","0"
"{media 63}","{citizen 1}","[141 141 141 255]","""""","9.9","false","{breed subscribers}","0","""default""","""none""","0"
"{media 63}","{citizen 2}","[141 141 141 255]","""""","9.9","false","{breed subscribers}","0","""default""","""none""","0"
"{media 63}","{citizen 3}","[141 141 141 255]","""""","9.9","false","{breed subscribers}","0","""default""","""none""","0"
"{media 63}","{citizen 4}","[141 141 141 255]","""""","9.9","false","{breed subscribers}","0","""default""","""none""","0"
"{media 63}","{citizen 5}","[141 141 141 255]","""""","9.9","false","{breed subscribers}","0","""default""","""none""","0"
"{media 63}","{citizen 6}","[141 141 141 255]","""""","9.9","false","{breed subscribers}","0","""default""","""none""","0"
"{media 63}","{citizen 7}","[141 141 141 255]","""""","9.9","false","{breed subscribers}","0","""default""","""none""","0"
"{media 63}","{citizen 8}","[141 141 141 255]","""""","9.9","false","{breed subscribers}","0","""default""","""none""","0"
"{media 63}","{citizen 9}","[141 141 141 255]","""""","9.9","false","{breed subscribers}","0","""default""","""none""","0"
"{media 63}","{citizen 10}","[141 141 141 255]","""""","9.9","false","{breed subscribers}","0","""default""","""none""","0"
"{media 63}","{citizen 11}","[141 141 141 255]","""""","9.9","false","{breed subscribers}","0","""default""","""none""","0"
"{media 63}","{citizen 12}","[141 141 141 255]","""""","9.9","false","{breed subscribers}","0","""default""","""none""","0"
"{media 63}","{citizen 13}","[141 141 141 255]","""""","9.9","false","{breed subscribers}","0","""default""","""none""","0"
"{media 63}","{citizen 14}","[141 141 141 255]","""""","9.9","false","{breed subscribers}","0","""default""","""none""","0"
"{media 63}","{citizen 15}","[141 141 141 255]","""""","9.9","false","{breed subscribers}","0","""default""","""none""","0"
"{media 63}","{citizen 16}","[141 141 141 255]","""""","9.9","false","{breed subscribers}","0","""default""","""none""","0"
"{media 63}","{citizen 17}","[141 141 141 255]","""""","9.9","false","{breed subscribers}","0","""default""","""none""","0"
"{media 63}","{citizen 18}","[141 141 141 255]","""""","9.9","false","{breed subscribers}","0","""default""","""none""","0"
"{media 63}","{citizen 19}","[141 141 141 255]","""""","9.9","false","{breed subscribers}","0","""default""","""none""","0"
"{media 63}","{citizen 20}","[141 141 141 255]","""""","9.9","false","{breed subscribers}","0","""default""","""none""","0"
"{media 63}","{citizen 21}","[141 141 141 255]","""""","9.9","false","{breed subscribers}","0","""default""","""none""","0"
"{media 63}","{citizen 22}","[141 141 141 255]","""""","9.9","false","{breed subscribers}","0","""default""","""none""","0"
"{media 63}","{citizen 23}","[141 141 141 255]","""""","9.9","false","{breed subscribers}","0","""default""","""none""","0"
"{media 63}","{citizen 24}","[141 141 141 255]","""""","9.9","false","{breed subscribers}","0","""default""","""none""","0"
"{media 63}","{citizen 25}","[141 141 141 255]","""""","9.9","false","{breed subscribers}","0","""default""","""none""","0"
"{media 63}","{citizen 26}","[141 141 141 255]","""""","9.9","false","{breed subscribers}","0","""default""","""none""","0"
"{media 63}","{citizen 27}","[141 141 141 255]","""""","9.9","false","{breed subscribers}","0","""default""","""none""","0"
"{media 63}","{citizen 28}","[141 141 141 255]","""""","9.9","false","{breed subscribers}","0","""default""","""none""","0"
"{media 63}","{citizen 29}","[141 141 141 255]","""""","9.9","false","{breed subscribers}","0","""default""","""none""","0"
"{media 63}","{citizen 30}","[141 141 141 255]","""""","9.9","false","{breed subscribers}","0","""default""","""none""","0"
"{media 63}","{citizen 31}","[141 141 141 255]","""""","9.9","false","{breed subscribers}","0","""default""","""none""","0"
"{media 63}","{citizen 32}","[141 141 141 255]","""""","9.9","false","{breed subscribers}","0","""default""","""none""","0"
"{media 63}","{citizen 33}","[141 141 141 255]","""""","9.9","false","{breed subscribers}","0","""default""","""none""","0"
"{media 63}","{citizen 34}","[141 141 141 255]","""""","9.9","false","{breed subscribers}","0","""default""","""none""","0"
"{media 63}","{citizen 35}","[141 141 141 255]","""""","9.9","false","{breed subscribers}","0","""default""","""none""","0"
"{media 63}","{citizen 36}","[141 141 141 255]","""""","9.9","false","{breed subscribers}","0","""default""","""none""","0"
"{media 63}","{citizen 37}","[141 141 141 255]","""""","9.9","false","{breed subscribers}","0","""default""","""none""","0"
"{media 63}","{citizen 38}","[141 141 141 255]","""""","9.9","false","{breed subscribers}","0","""default""","""none""","0"
"{media 63}","{citizen 39}","[141 141 141 255]","""""","9.9","false","{breed subscribers}","0","""default""","""none""","0"
"{media 63}","{citizen 40}","[141 141 141 255]","""""","9.9","false","{breed subscribers}","0","""default""","""none""","0"
"{media 63}","{citizen 41}","[141 141 141 255]","""""","9.9","false","{breed subscribers}","0","""default""","""none""","0"
"{media 63}","{citizen 42}","[141 141 141 255]","""""","9.9","false","{breed subscribers}","0","""default""","""none""","0"
"{media 63}","{citizen 43}","[141 141 141 255]","""""","9.9","false","{breed subscribers}","0","""default""","""none""","0"
"{media 63}","{citizen 44}","[141 141 141 255]","""""","9.9","false","{breed subscribers}","0","""default""","""none""","0"
"{media 63}","{citizen 45}","[141 141 141 255]","""""","9.9","false","{breed subscribers}","0","""default""","""none""","0"
"{media 63}","{citizen 46}","[141 141 141 255]","""""","9.9","false","{breed subscribers}","0","""default""","""none""","0"
"{media 63}","{citizen 47}","[141 141 141 255]","""""","9.9","false","{breed subscribers}","0","""default""","""none""","0"
"{media 63}","{citizen 48}","[141 141 141 255]","""""","9.9","false","{breed subscribers}","0","""default""","""none""","0"
"{media 63}","{citizen 49}","[141 141 141 255]","""""","9.9","false","{breed subscribers}","0","""default""","""none""","0"
"{media 64}","{citizen 6}","[141 141 141 255]","""""","9.9","false","{breed subscribers}","0","""default""","""none""","0"
"{media 64}","{citizen 10}","[141 141 141 255]","""""","9.9","false","{breed subscribers}","0","""default""","""none""","0"
"{media 64}","{citizen 11}","[141 141 141 255]","""""","9.9","false","{breed subscribers}","0","""default""","""none""","0"
"{media 64}","{citizen 13}","[141 141 141 255]","""""","9.9","false","{breed subscribers}","0","""default""","""none""","0"
"{media 64}","{citizen 14}","[141 141 141 255]","""""","9.9","false","{breed subscribers}","0","""default""","""none""","0"
"{media 64}","{citizen 17}","[141 141 141 255]","""""","9.9","false","{breed subscribers}","0","""default""","""none""","0"
"{media 64}","{citizen 20}","[141 141 141 255]","""""","9.9","false","{breed subscribers}","0","""default""","""none""","0"
"{media 64}","{citizen 24}","[141 141 141 255]","""""","9.9","false","{breed subscribers}","0","""default""","""none""","0"
"{media 64}","{citizen 27}","[141 141 141 255]","""""","9.9","false","{breed subscribers}","0","""default""","""none""","0"
"{media 64}","{citizen 34}","[141 141 141 255]","""""","9.9","false","{breed subscribers}","0","""default""","""none""","0"
"{media 64}","{citizen 36}","[141 141 141 255]","""""","9.9","false","{breed subscribers}","0","""default""","""none""","0"
"{media 64}","{citizen 39}","[141 141 141 255]","""""","9.9","false","{breed subscribers}","0","""default""","""none""","0"
"{media 64}","{citizen 40}","[141 141 141 255]","""""","9.9","false","{breed subscribers}","0","""default""","""none""","0"
"{media 64}","{citizen 42}","[141 141 141 255]","""""","9.9","false","{breed subscribers}","0","""default""","""none""","0"
"{media 64}","{citizen 43}","[141 141 141 255]","""""","9.9","false","{breed subscribers}","0","""default""","""none""","0"
"{media 64}","{citizen 46}","[141 141 141 255]","""""","9.9","false","{breed subscribers}","0","""default""","""none""","0"
"{media 64}","{citizen 48}","[141 141 141 255]","""""","9.9","false","{breed subscribers}","0","""default""","""none""","0"
"{media 64}","{citizen 49}","[141 141 141 255]","""""","9.9","false","{breed subscribers}","0","""default""","""none""","0"


"PLOTS"
"fragmentation"
"""cit-a-histogram"""
"x min","x max","y min","y max","autoplot?","current pen","legend open?","number of pens"
"-1","8","0","50","true","""default""","false","1"

"pen name","pen down?","mode","interval","color","x"
"""default""","true","1","1","0","6"

"""default"""
"x","y","color","pen down?"
"4","32","0","true"
"6","18","0","true"

"""Social Friend Degree of Nodes"""
"x min","x max","y min","y max","autoplot?","current pen","legend open?","number of pens"
"0","99","0","50","true","""default""","false","1"

"pen name","pen down?","mode","interval","color","x"
"""default""","true","1","1","0","98"

"""default"""
"x","y","color","pen down?"
"98","50","0","true"

"""percent-agent-beliefs"""
"x min","x max","y min","y max","autoplot?","current pen","legend open?","number of pens"
"0","116","0","1","true","""6""","false","7"

"pen name","pen down?","mode","interval","color","x"
"""0""","true","0","1","14.9","100"
"""1""","true","0","1","14.6","100"
"""2""","true","0","1","124.7","100"
"""3""","true","0","1","124.3","100"
"""4""","true","0","1","113.5","100"
"""5""","true","0","1","104.5","100"
"""6""","true","0","1","104.7","100"

"""0""",,,,"""1""",,,,"""2""",,,,"""3""",,,,"""4""",,,,"""5""",,,,"""6"""
"x","y","color","pen down?","x","y","color","pen down?","x","y","color","pen down?","x","y","color","pen down?","x","y","color","pen down?","x","y","color","pen down?","x","y","color","pen down?"
"0","0.04","14.9","true","0","0.38","14.6","true","0","0.08","124.7","true","0","0","124.3","true","0","0.08","113.5","true","0","0.34","104.5","true","0","0.08","104.7","true"
"1","0.06","14.9","true","1","0.08","14.6","true","1","0","124.7","true","1","0.38","124.3","true","1","0","113.5","true","1","0.02","104.5","true","1","0.46","104.7","true"
"2","0.04","14.9","true","2","0.1","14.6","true","2","0","124.7","true","2","0.04","124.3","true","2","0","113.5","true","2","0","104.5","true","2","0.82","104.7","true"
"3","0.06","14.9","true","3","0.06","14.6","true","3","0.46","124.7","true","3","0","124.3","true","3","0","113.5","true","3","0","104.5","true","3","0.42","104.7","true"
"4","0","14.9","true","4","0","14.6","true","4","0","124.7","true","4","0.2","124.3","true","4","0","113.5","true","4","0.78","104.5","true","4","0.02","104.7","true"
"5","0","14.9","true","5","0","14.6","true","5","0","124.7","true","5","0.2","124.3","true","5","0","113.5","true","5","0.8","104.5","true","5","0","104.7","true"
"6","0","14.9","true","6","0","14.6","true","6","0.5","124.7","true","6","0","124.3","true","6","0","113.5","true","6","0.5","104.5","true","6","0","104.7","true"
"7","0","14.9","true","7","0","14.6","true","7","0","124.7","true","7","0.02","124.3","true","7","0","113.5","true","7","0.98","104.5","true","7","0","104.7","true"
"8","0","14.9","true","8","0","14.6","true","8","0","124.7","true","8","0","124.3","true","8","0","113.5","true","8","1","104.5","true","8","0","104.7","true"
"9","0","14.9","true","9","0","14.6","true","9","0","124.7","true","9","0","124.3","true","9","0","113.5","true","9","0.04","104.5","true","9","0.96","104.7","true"
"10","0","14.9","true","10","0","14.6","true","10","0","124.7","true","10","0","124.3","true","10","0","113.5","true","10","1","104.5","true","10","0","104.7","true"
"11","0","14.9","true","11","0","14.6","true","11","0","124.7","true","11","0","124.3","true","11","1","113.5","true","11","0","104.5","true","11","0","104.7","true"
"12","0","14.9","true","12","0","14.6","true","12","0","124.7","true","12","0.32","124.3","true","12","0","113.5","true","12","0.68","104.5","true","12","0","104.7","true"
"13","0","14.9","true","13","0","14.6","true","13","0","124.7","true","13","0","124.3","true","13","0.02","113.5","true","13","0.98","104.5","true","13","0","104.7","true"
"14","0","14.9","true","14","0","14.6","true","14","0","124.7","true","14","0","124.3","true","14","0.56","113.5","true","14","0","104.5","true","14","0.44","104.7","true"
"15","0","14.9","true","15","0","14.6","true","15","0","124.7","true","15","0","124.3","true","15","0","113.5","true","15","0.96","104.5","true","15","0.04","104.7","true"
"16","0","14.9","true","16","0","14.6","true","16","0","124.7","true","16","0","124.3","true","16","0.48","113.5","true","16","0","104.5","true","16","0.52","104.7","true"
"17","0","14.9","true","17","0","14.6","true","17","0","124.7","true","17","0.04","124.3","true","17","0","113.5","true","17","0.96","104.5","true","17","0","104.7","true"
"18","0","14.9","true","18","0","14.6","true","18","0","124.7","true","18","0","124.3","true","18","0","113.5","true","18","1","104.5","true","18","0","104.7","true"
"19","0","14.9","true","19","0","14.6","true","19","0","124.7","true","19","0","124.3","true","19","0","113.5","true","19","1","104.5","true","19","0","104.7","true"
"20","0","14.9","true","20","0","14.6","true","20","0","124.7","true","20","0","124.3","true","20","0","113.5","true","20","0","104.5","true","20","1","104.7","true"
"21","0","14.9","true","21","0","14.6","true","21","0","124.7","true","21","0","124.3","true","21","0","113.5","true","21","1","104.5","true","21","0","104.7","true"
"22","0","14.9","true","22","0","14.6","true","22","0","124.7","true","22","0","124.3","true","22","0","113.5","true","22","1","104.5","true","22","0","104.7","true"
"23","0","14.9","true","23","0","14.6","true","23","0","124.7","true","23","0","124.3","true","23","0","113.5","true","23","1","104.5","true","23","0","104.7","true"
"24","0","14.9","true","24","0","14.6","true","24","0","124.7","true","24","0","124.3","true","24","0","113.5","true","24","0.02","104.5","true","24","0.98","104.7","true"
"25","0","14.9","true","25","0","14.6","true","25","0","124.7","true","25","0","124.3","true","25","0","113.5","true","25","1","104.5","true","25","0","104.7","true"
"26","0","14.9","true","26","0","14.6","true","26","0","124.7","true","26","0","124.3","true","26","0","113.5","true","26","0","104.5","true","26","1","104.7","true"
"27","0","14.9","true","27","0","14.6","true","27","0","124.7","true","27","0","124.3","true","27","0","113.5","true","27","1","104.5","true","27","0","104.7","true"
"28","0","14.9","true","28","0","14.6","true","28","0","124.7","true","28","0","124.3","true","28","0","113.5","true","28","1","104.5","true","28","0","104.7","true"
"29","0","14.9","true","29","0","14.6","true","29","0","124.7","true","29","0","124.3","true","29","0","113.5","true","29","1","104.5","true","29","0","104.7","true"
"30","0","14.9","true","30","0","14.6","true","30","0","124.7","true","30","0","124.3","true","30","0.96","113.5","true","30","0.04","104.5","true","30","0","104.7","true"
"31","0","14.9","true","31","0","14.6","true","31","0","124.7","true","31","0.24","124.3","true","31","0","113.5","true","31","0.74","104.5","true","31","0.02","104.7","true"
"32","0","14.9","true","32","0","14.6","true","32","0","124.7","true","32","0","124.3","true","32","0","113.5","true","32","0.04","104.5","true","32","0.96","104.7","true"
"33","0","14.9","true","33","0","14.6","true","33","0","124.7","true","33","0","124.3","true","33","0","113.5","true","33","1","104.5","true","33","0","104.7","true"
"34","0","14.9","true","34","0","14.6","true","34","0","124.7","true","34","0","124.3","true","34","0.04","113.5","true","34","0.96","104.5","true","34","0","104.7","true"
"35","0","14.9","true","35","0","14.6","true","35","0","124.7","true","35","0.28","124.3","true","35","0","113.5","true","35","0","104.5","true","35","0.72","104.7","true"
"36","0","14.9","true","36","0","14.6","true","36","0","124.7","true","36","0.02","124.3","true","36","0.7","113.5","true","36","0","104.5","true","36","0.28","104.7","true"
"37","0","14.9","true","37","0","14.6","true","37","0","124.7","true","37","0.94","124.3","true","37","0.04","113.5","true","37","0","104.5","true","37","0.02","104.7","true"
"38","0","14.9","true","38","0","14.6","true","38","0.18","124.7","true","38","0","124.3","true","38","0","113.5","true","38","0.82","104.5","true","38","0","104.7","true"
"39","0","14.9","true","39","0","14.6","true","39","0.5","124.7","true","39","0","124.3","true","39","0.06","113.5","true","39","0.44","104.5","true","39","0","104.7","true"
"40","0","14.9","true","40","0.24","14.6","true","40","0","124.7","true","40","0.2","124.3","true","40","0","113.5","true","40","0.56","104.5","true","40","0","104.7","true"
"41","0.1","14.9","true","41","0","14.6","true","41","0.34","124.7","true","41","0","124.3","true","41","0.32","113.5","true","41","0","104.5","true","41","0.24","104.7","true"
"42","0","14.9","true","42","0","14.6","true","42","0","124.7","true","42","0","124.3","true","42","0.48","113.5","true","42","0","104.5","true","42","0.52","104.7","true"
"43","0","14.9","true","43","0","14.6","true","43","0","124.7","true","43","0","124.3","true","43","1","113.5","true","43","0","104.5","true","43","0","104.7","true"
"44","0","14.9","true","44","0","14.6","true","44","0","124.7","true","44","0.2","124.3","true","44","0","113.5","true","44","0.8","104.5","true","44","0","104.7","true"
"45","0","14.9","true","45","0","14.6","true","45","0","124.7","true","45","0.02","124.3","true","45","0.54","113.5","true","45","0","104.5","true","45","0.44","104.7","true"
"46","0","14.9","true","46","0","14.6","true","46","0","124.7","true","46","0.58","124.3","true","46","0","113.5","true","46","0","104.5","true","46","0.42","104.7","true"
"47","0","14.9","true","47","0","14.6","true","47","0.64","124.7","true","47","0","124.3","true","47","0","113.5","true","47","0.36","104.5","true","47","0","104.7","true"
"48","0","14.9","true","48","0.02","14.6","true","48","0","124.7","true","48","0.72","124.3","true","48","0","113.5","true","48","0.26","104.5","true","48","0","104.7","true"
"49","0.26","14.9","true","49","0","14.6","true","49","0","124.7","true","49","0","124.3","true","49","0.72","113.5","true","49","0.02","104.5","true","49","0","104.7","true"
"50","0.38","14.9","true","50","0","14.6","true","50","0","124.7","true","50","0.02","124.3","true","50","0","113.5","true","50","0.6","104.5","true","50","0","104.7","true"
"51","0.02","14.9","true","51","0","14.6","true","51","0","124.7","true","51","0.04","124.3","true","51","0","113.5","true","51","0.94","104.5","true","51","0","104.7","true"
"52","0","14.9","true","52","0.06","14.6","true","52","0","124.7","true","52","0.62","124.3","true","52","0","113.5","true","52","0","104.5","true","52","0.32","104.7","true"
"53","0","14.9","true","53","0","14.6","true","53","0","124.7","true","53","0.26","124.3","true","53","0","113.5","true","53","0.74","104.5","true","53","0","104.7","true"
"54","0","14.9","true","54","0","14.6","true","54","0","124.7","true","54","0.26","124.3","true","54","0","113.5","true","54","0.74","104.5","true","54","0","104.7","true"
"55","0","14.9","true","55","0","14.6","true","55","0.64","124.7","true","55","0","124.3","true","55","0.34","113.5","true","55","0.02","104.5","true","55","0","104.7","true"
"56","0","14.9","true","56","0","14.6","true","56","0.16","124.7","true","56","0","124.3","true","56","0.56","113.5","true","56","0","104.5","true","56","0.28","104.7","true"
"57","0","14.9","true","57","0","14.6","true","57","0","124.7","true","57","0.14","124.3","true","57","0","113.5","true","57","0","104.5","true","57","0.86","104.7","true"
"58","0","14.9","true","58","0","14.6","true","58","0","124.7","true","58","0.96","124.3","true","58","0.02","113.5","true","58","0.02","104.5","true","58","0","104.7","true"
"59","0","14.9","true","59","0","14.6","true","59","0","124.7","true","59","1","124.3","true","59","0","113.5","true","59","0","104.5","true","59","0","104.7","true"
"60","0","14.9","true","60","0","14.6","true","60","0","124.7","true","60","1","124.3","true","60","0","113.5","true","60","0","104.5","true","60","0","104.7","true"
"61","0","14.9","true","61","0","14.6","true","61","0","124.7","true","61","1","124.3","true","61","0","113.5","true","61","0","104.5","true","61","0","104.7","true"
"62","0","14.9","true","62","0","14.6","true","62","1","124.7","true","62","0","124.3","true","62","0","113.5","true","62","0","104.5","true","62","0","104.7","true"
"63","0","14.9","true","63","0","14.6","true","63","0","124.7","true","63","1","124.3","true","63","0","113.5","true","63","0","104.5","true","63","0","104.7","true"
"64","0","14.9","true","64","0","14.6","true","64","0","124.7","true","64","0.02","124.3","true","64","0.98","113.5","true","64","0","104.5","true","64","0","104.7","true"
"65","0","14.9","true","65","0","14.6","true","65","0","124.7","true","65","1","124.3","true","65","0","113.5","true","65","0","104.5","true","65","0","104.7","true"
"66","0","14.9","true","66","0","14.6","true","66","0.52","124.7","true","66","0","124.3","true","66","0.48","113.5","true","66","0","104.5","true","66","0","104.7","true"
"67","0","14.9","true","67","0.14","14.6","true","67","0","124.7","true","67","0","124.3","true","67","0.86","113.5","true","67","0","104.5","true","67","0","104.7","true"
"68","0","14.9","true","68","0.12","14.6","true","68","0","124.7","true","68","0.6","124.3","true","68","0","113.5","true","68","0.28","104.5","true","68","0","104.7","true"
"69","0","14.9","true","69","0.04","14.6","true","69","0","124.7","true","69","0","124.3","true","69","0.96","113.5","true","69","0","104.5","true","69","0","104.7","true"
"70","0","14.9","true","70","0","14.6","true","70","0","124.7","true","70","0.6","124.3","true","70","0","113.5","true","70","0.4","104.5","true","70","0","104.7","true"
"71","0","14.9","true","71","0","14.6","true","71","0","124.7","true","71","0.18","124.3","true","71","0","113.5","true","71","0.82","104.5","true","71","0","104.7","true"
"72","0","14.9","true","72","0","14.6","true","72","0","124.7","true","72","0.24","124.3","true","72","0","113.5","true","72","0.76","104.5","true","72","0","104.7","true"
"73","0","14.9","true","73","0","14.6","true","73","0","124.7","true","73","0.1","124.3","true","73","0","113.5","true","73","0","104.5","true","73","0.9","104.7","true"
"74","0","14.9","true","74","0","14.6","true","74","0","124.7","true","74","0.76","124.3","true","74","0","113.5","true","74","0","104.5","true","74","0.24","104.7","true"
"75","0","14.9","true","75","0","14.6","true","75","0","124.7","true","75","0.06","124.3","true","75","0","113.5","true","75","0.92","104.5","true","75","0.02","104.7","true"
"76","0","14.9","true","76","0","14.6","true","76","0","124.7","true","76","0.02","124.3","true","76","0.02","113.5","true","76","0.02","104.5","true","76","0.94","104.7","true"
"77","0","14.9","true","77","0","14.6","true","77","0","124.7","true","77","0.82","124.3","true","77","0","113.5","true","77","0","104.5","true","77","0.18","104.7","true"
"78","0","14.9","true","78","0","14.6","true","78","0.4","124.7","true","78","0","124.3","true","78","0","113.5","true","78","0.6","104.5","true","78","0","104.7","true"
"79","0","14.9","true","79","0","14.6","true","79","0","124.7","true","79","0.46","124.3","true","79","0","113.5","true","79","0","104.5","true","79","0.54","104.7","true"
"80","0","14.9","true","80","0","14.6","true","80","0.34","124.7","true","80","0.02","124.3","true","80","0","113.5","true","80","0.64","104.5","true","80","0","104.7","true"
"81","0","14.9","true","81","0","14.6","true","81","0","124.7","true","81","0.58","124.3","true","81","0","113.5","true","81","0","104.5","true","81","0.42","104.7","true"
"82","0","14.9","true","82","0","14.6","true","82","0","124.7","true","82","0.68","124.3","true","82","0","113.5","true","82","0","104.5","true","82","0.32","104.7","true"
"83","0","14.9","true","83","0","14.6","true","83","0","124.7","true","83","0.02","124.3","true","83","0.46","113.5","true","83","0","104.5","true","83","0.52","104.7","true"
"84","0","14.9","true","84","0","14.6","true","84","0","124.7","true","84","0.4","124.3","true","84","0","113.5","true","84","0.6","104.5","true","84","0","104.7","true"
"85","0","14.9","true","85","0","14.6","true","85","0.02","124.7","true","85","0.64","124.3","true","85","0","113.5","true","85","0.28","104.5","true","85","0.06","104.7","true"
"86","0","14.9","true","86","0","14.6","true","86","0","124.7","true","86","0.96","124.3","true","86","0.02","113.5","true","86","0.02","104.5","true","86","0","104.7","true"
"87","0","14.9","true","87","0","14.6","true","87","0","124.7","true","87","0.22","124.3","true","87","0","113.5","true","87","0.78","104.5","true","87","0","104.7","true"
"88","0","14.9","true","88","0","14.6","true","88","0","124.7","true","88","0.26","124.3","true","88","0","113.5","true","88","0.74","104.5","true","88","0","104.7","true"
"89","0","14.9","true","89","0","14.6","true","89","0","124.7","true","89","0.26","124.3","true","89","0","113.5","true","89","0","104.5","true","89","0.74","104.7","true"
"90","0","14.9","true","90","0","14.6","true","90","0","124.7","true","90","0.2","124.3","true","90","0","113.5","true","90","0.8","104.5","true","90","0","104.7","true"
"91","0","14.9","true","91","0","14.6","true","91","0.02","124.7","true","91","0.38","124.3","true","91","0","113.5","true","91","0.6","104.5","true","91","0","104.7","true"
"92","0","14.9","true","92","0.08","14.6","true","92","0","124.7","true","92","0.48","124.3","true","92","0","113.5","true","92","0.44","104.5","true","92","0","104.7","true"
"93","0","14.9","true","93","0","14.6","true","93","0","124.7","true","93","0.08","124.3","true","93","0","113.5","true","93","0.92","104.5","true","93","0","104.7","true"
"94","0","14.9","true","94","0","14.6","true","94","0.48","124.7","true","94","0","124.3","true","94","0.2","113.5","true","94","0","104.5","true","94","0.32","104.7","true"
"95","0","14.9","true","95","0.04","14.6","true","95","0","124.7","true","95","0.6","124.3","true","95","0","113.5","true","95","0","104.5","true","95","0.36","104.7","true"
"96","0","14.9","true","96","0","14.6","true","96","0","124.7","true","96","0.06","124.3","true","96","0","113.5","true","96","0","104.5","true","96","0.94","104.7","true"
"97","0","14.9","true","97","0","14.6","true","97","0","124.7","true","97","0","124.3","true","97","0.98","113.5","true","97","0.02","104.5","true","97","0","104.7","true"
"98","0","14.9","true","98","0","14.6","true","98","0","124.7","true","98","0.02","124.3","true","98","0","113.5","true","98","0","104.5","true","98","0.98","104.7","true"
"99","0","14.9","true","99","0","14.6","true","99","0","124.7","true","99","0","124.3","true","99","0","113.5","true","99","0.98","104.5","true","99","0.02","104.7","true"
"100","0","14.9","true","100","0","14.6","true","100","0","124.7","true","100","0","124.3","true","100","0.64","113.5","true","100","0","104.5","true","100","0.36","104.7","true"

"""polarization"""
"x min","x max","y min","y max","autoplot?","current pen","legend open?","number of pens"
"0","116","0","10","true","""0""","false","1"

"pen name","pen down?","mode","interval","color","x"
"""0""","true","0","1","0","100"

"""0"""
"x","y","color","pen down?"
"0","5.720000000000001","0","true"
"1","5.435555555555556","0","true"
"2","4.944999999999999","0","true"
"3","6.625","0","true"
"4","0.9383333333333335","0","true"
"5","0.8888888888888891","0","true"
"6","3.125000000000001","0","true"
"7","0.10888888888888892","0","true"
"8","6.162975822039155E-31","0","true"
"9","0.053333333333333316","0","true"
"10","6.162975822039155E-31","0","true"
"11","6.162975822039155E-31","0","true"
"12","1.2088888888888891","0","true"
"13","0.02722222222222225","0","true"
"14","1.3688888888888893","0","true"
"15","0.0533333333333333","0","true"
"16","1.3866666666666667","0","true"
"17","0.21333333333333337","0","true"
"18","6.162975822039155E-31","0","true"
"19","6.162975822039155E-31","0","true"
"20","0","0","true"
"21","6.162975822039155E-31","0","true"
"22","6.162975822039155E-31","0","true"
"23","6.162975822039155E-31","0","true"
"24","0.02722222222222221","0","true"
"25","6.162975822039155E-31","0","true"
"26","0","0","true"
"27","6.162975822039155E-31","0","true"
"28","6.162975822039155E-31","0","true"
"29","6.162975822039155E-31","0","true"
"30","0.053333333333333385","0","true"
"31","1.0672222222222225","0","true"
"32","0.053333333333333316","0","true"
"33","6.162975822039155E-31","0","true"
"34","0.05333333333333338","0","true"
"35","2.52","0","true"
"36","1.1783333333333335","0","true"
"37","0.29166666666666663","0","true"
"38","1.8450000000000004","0","true"
"39","2.953333333333334","0","true"
"40","3.8755555555555565","0","true"
"41","4.944444444444445","0","true"
"42","1.3866666666666672","0","true"
"43","6.162975822039155E-31","0","true"
"44","0.8888888888888893","0","true"
"45","1.4450000000000003","0","true"
"46","3.0449999999999995","0","true"
"47","2.880000000000001","0","true"
"48","1.2355555555555557","0","true"
"49","4.360555555555555","0","true"
"50","8.078333333333333","0","true"
"51","0.8716666666666669","0","true"
"52","3.3533333333333335","0","true"
"53","1.068888888888889","0","true"
"54","1.068888888888889","0","true"
"55","1.3783333333333334","0","true"
"56","2.3644444444444446","0","true"
"57","1.505","0","true"
"58","0.1338888888888889","0","true"
"59","0","0","true"
"60","0","0","true"
"61","0","0","true"
"62","1.5407439555097887E-31","0","true"
"63","0","0","true"
"64","0.027222222222222207","0","true"
"65","0","0","true"
"66","1.3866666666666667","0","true"
"67","1.505","0","true"
"68","2.08","0","true"
"69","0.48000000000000004","0","true"
"70","1.3333333333333337","0","true"
"71","0.8200000000000002","0","true"
"72","1.0133333333333336","0","true"
"73","1.1249999999999998","0","true"
"74","2.2800000000000002","0","true"
"75","0.34722222222222227","0","true"
"76","0.36888888888888893","0","true"
"77","1.8450000000000002","0","true"
"78","3.000000000000001","0","true"
"79","3.1050000000000004","0","true"
"80","2.8005555555555564","0","true"
"81","3.045","0","true"
"82","2.7199999999999998","0","true"
"83","1.471666666666667","0","true"
"84","1.3333333333333337","0","true"
"85","1.6133333333333333","0","true"
"86","0.1338888888888889","0","true"
"87","0.9533333333333337","0","true"
"88","1.0688888888888892","0","true"
"89","2.4050000000000002","0","true"
"90","0.8888888888888893","0","true"
"91","1.4272222222222226","0","true"
"92","2.1688888888888895","0","true"
"93","0.40888888888888897","0","true"
"94","4.302222222222223","0","true"
"95","3.3333333333333335","0","true"
"96","0.7050000000000001","0","true"
"97","0.02722222222222225","0","true"
"98","0.24499999999999994","0","true"
"99","0.027222222222222203","0","true"
"100","1.2800000000000002","0","true"

"""media-a-histogram"""
"x min","x max","y min","y max","autoplot?","current pen","legend open?","number of pens"
"-1","8","0","10","true","""default""","false","1"

"pen name","pen down?","mode","interval","color","x"
"""default""","true","1","1","0","6"

"""default"""
"x","y","color","pen down?"
"0","1","0","true"
"1","1","0","true"
"2","1","0","true"
"3","3","0","true"
"4","1","0","true"
"5","5","0","true"
"6","3","0","true"

"""homophily"""
"x min","x max","y min","y max","autoplot?","current pen","legend open?","number of pens"
"0","116","0","1","true","""default""","false","1"

"pen name","pen down?","mode","interval","color","x"
"""default""","true","0","1","0","100"

"""default"""
"x","y","color","pen down?"
"0","0.30420212333082086","0","true"
"1","0.31835013850868993","0","true"
"2","0.4389618391624419","0","true"
"3","0.324037823525481","0","true"
"4","0.5857387186891853","0","true"
"5","0.6049382716049383","0","true"
"6","0.3946850294467678","0","true"
"7","0.9259259259259258","0","true"
"8","1","0","true"
"9","0.9273277819833459","0","true"
"10","1","0","true"
"11","1","0","true"
"12","0.5296152183311716","0","true"
"13","0.9615384615384615","0","true"
"14","0.49857549857549854","0","true"
"15","0.9273277819833459","0","true"
"16","0.495349777598059","0","true"
"17","0.864502470007057","0","true"
"18","1","0","true"
"19","1","0","true"
"20","1","0","true"
"21","1","0","true"
"22","1","0","true"
"23","1","0","true"
"24","0.9615384615384615","0","true"
"25","1","0","true"
"26","1","0","true"
"27","1","0","true"
"28","1","0","true"
"29","1","0","true"
"30","0.9273277819833459","0","true"
"31","0.5597979859442028","0","true"
"32","0.9273277819833459","0","true"
"33","1","0","true"
"34","0.9273277819833459","0","true"
"35","0.45147823783132324","0","true"
"36","0.5362443742219668","0","true"
"37","0.8364375364923032","0","true"
"38","0.5229613519128662","0","true"
"39","0.3974727730768129","0","true"
"40","0.3664391160537927","0","true"
"41","0.3185202677301009","0","true"
"42","0.4957547990592929","0","true"
"43","1","0","true"
"44","0.6049382716049383","0","true"
"45","0.4888938776019256","0","true"
"46","0.4019408266013743","0","true"
"47","0.41207412755680617","0","true"
"48","0.5339086661555784","0","true"
"49","0.3919919548613878","0","true"
"50","0.29320036097041924","0","true"
"51","0.7730178570145882","0","true"
"52","0.3903452603098271","0","true"
"53","0.560384263494968","0","true"
"54","0.5601280292638317","0","true"
"55","0.5049464138499589","0","true"
"56","0.4239859781263934","0","true"
"57","0.5851914420757836","0","true"
"58","0.8941605839416058","0","true"
"59","1","0","true"
"60","1","0","true"
"61","1","0","true"
"62","1","0","true"
"63","1","0","true"
"64","0.9615384615384615","0","true"
"65","1","0","true"
"66","0.4953497775980591","0","true"
"67","0.577366855737111","0","true"
"68","0.44418807626402024","0","true"
"69","0.8101232727326905","0","true"
"70","0.5051546391752577","0","true"
"71","0.6284669451805798","0","true"
"72","0.5732335049134301","0","true"
"73","0.6437715220345117","0","true"
"74","0.47191094203939205","0","true"
"75","0.7872750642673523","0","true"
"76","0.8107213765718068","0","true"
"77","0.5187262578604164","0","true"
"78","0.4023451345976114","0","true"
"79","0.39742011938407923","0","true"
"80","0.41227490028271985","0","true"
"81","0.40108707068585236","0","true"
"82","0.4320545939135098","0","true"
"83","0.485725614591594","0","true"
"84","0.5063769007408505","0","true"
"85","0.48278695777719177","0","true"
"86","0.8941605839416058","0","true"
"87","0.5880940950552088","0","true"
"88","0.5601280292638317","0","true"
"89","0.46050612489105053","0","true"
"90","0.6049382716049383","0","true"
"91","0.4957539385195827","0","true"
"92","0.4331663858903376","0","true"
"93","0.7679891772094469","0","true"
"94","0.3438169057505667","0","true"
"95","0.3911172861209212","0","true"
"96","0.7446326067763879","0","true"
"97","0.9615384615384615","0","true"
"98","0.8928164715528629","0","true"
"99","0.9615384615384615","0","true"
"100","0.5153554901135885","0","true"

"""fragmentation"""
"x min","x max","y min","y max","autoplot?","current pen","legend open?","number of pens"
"0","116","0","1","true","""default""","false","1"

"pen name","pen down?","mode","interval","color","x"
"""default""","true","0","1","0","100"

"""default"""
"x","y","color","pen down?"
"0","0.3065917220235054","0","true"
"1","0.38381050726955374","0","true"
"2","0.467107824056053","0","true"
"3","0.3458412588621823","0","true"
"4","0.5197355123725926","0","true"
"5","0.5432158377595365","0","true"
"6","0.33382789317507416","0","true"
"7","0.6617647058823529","0","true"
"8","0.6923076923076923","0","true"
"9","0.616860863605209","0","true"
"10","0.6923076923076923","0","true"
"11","0.5294117647058824","0","true"
"12","0.4601226993865031","0","true"
"13","0.6818181818181819","0","true"
"14","0.44809559372666175","0","true"
"15","0.6872852233676977","0","true"
"16","0.4734350341925303","0","true"
"17","0.6338028169014085","0","true"
"18","0.6923076923076923","0","true"
"19","0.6923076923076923","0","true"
"20","0.6153846153846154","0","true"
"21","0.6923076923076923","0","true"
"22","0.6923076923076923","0","true"
"23","0.6923076923076923","0","true"
"24","0.616121855211364","0","true"
"25","0.6923076923076923","0","true"
"26","0.6153846153846154","0","true"
"27","0.6923076923076923","0","true"
"28","0.6923076923076923","0","true"
"29","0.6923076923076923","0","true"
"30","0.5269320843091335","0","true"
"31","0.46993708064642464","0","true"
"32","0.616860863605209","0","true"
"33","0.6923076923076923","0","true"
"34","0.6716417910447761","0","true"
"35","0.4111842105263158","0","true"
"36","0.4577822990844353","0","true"
"37","0.6537134556019611","0","true"
"38","0.4652605459057072","0","true"
"39","0.3388554216867469","0","true"
"40","0.3732581287325813","0","true"
"41","0.3276659263843886","0","true"
"42","0.43934586282645843","0","true"
"43","0.5294117647058824","0","true"
"44","0.47368421052631576","0","true"
"45","0.4639175257731958","0","true"
"46","0.40791352233326533","0","true"
"47","0.3732581287325813","0","true"
"48","0.437402799377916","0","true"
"49","0.30070163715335785","0","true"
"50","0.28873917228103946","0","true"
"51","0.6206040546131568","0","true"
"52","0.3921568627450981","0","true"
"53","0.45955882352941174","0","true"
"54","0.5247201492537313","0","true"
"55","0.42710706150341693","0","true"
"56","0.39565657009715577","0","true"
"57","0.49297510475720974","0","true"
"58","0.7088846880907372","0","true"
"59","0.7142857142857143","0","true"
"60","0.7142857142857143","0","true"
"61","0.7142857142857143","0","true"
"62","0.5555555555555556","0","true"
"63","0.7142857142857143","0","true"
"64","0.5269320843091335","0","true"
"65","0.7142857142857143","0","true"
"66","0.4171301446051168","0","true"
"67","0.4136029411764705","0","true"
"68","0.42340986074520137","0","true"
"69","0.48387096774193555","0","true"
"70","0.462772521596051","0","true"
"71","0.5237430167597765","0","true"
"72","0.5065285907248986","0","true"
"73","0.49079754601226994","0","true"
"74","0.4302925989672977","0","true"
"75","0.6320446644896239","0","true"
"76","0.5735223833041262","0","true"
"77","0.4497413986957499","0","true"
"78","0.3723932472691162","0","true"
"79","0.37700282752120645","0","true"
"80","0.40716612377850164","0","true"
"81","0.3686635944700461","0","true"
"82","0.397456279809221","0","true"
"83","0.4911323328785811","0","true"
"84","0.4914809960681521","0","true"
"85","0.44949431889124736","0","true"
"86","0.6868131868131868","0","true"
"87","0.4738837405223252","0","true"
"88","0.45955882352941174","0","true"
"89","0.4419889502762431","0","true"
"90","0.48934319269247495","0","true"
"91","0.4406580493537015","0","true"
"92","0.39710554182845037","0","true"
"93","0.5844155844155844","0","true"
"94","0.33477161136735606","0","true"
"95","0.363901018922853","0","true"
"96","0.5340453938584779","0","true"
"97","0.5281690140845071","0","true"
"98","0.5856515373352855","0","true"
"99","0.6897873155776969","0","true"
"100","0.4713275726630007","0","true"

"EXTENSIONS"

